<?xml version="1.0" encoding="ISO-8859-1" ?>
<Animl Version="1">
    <ModellingPackage>
        <![CDATA[Maya.2010]]>
</ModellingPackage>
    <SrcFile>
        <![CDATA[anims\turrets\antiair\blue\~src\aa_bofors\aa_bofors_aim_crewman_a.mb]]>
</SrcFile>
    <FramesPerSecond>30</FramesPerSecond>
    <TotalFrames>97</TotalFrames>
    <Skeleton>
        <RefFrame>
            <Name>
                <![CDATA[soldier_ref_frame]]>
</Name>
            <Exclude>0</Exclude>
            <Additive>0</Additive>
            <IKPriority>0</IKPriority>
            <IKRotLimits>-1e+010 -1e+010 -1e+010 1e+010 1e+010 1e+010</IKRotLimits>
            <IKRotLimitOrder>0</IKRotLimitOrder>
            <KeyFrames count="97">
                <i>1 0 0 0 1 0 0 0 1 0.17 3 -2.34</i>
                <i>1 0 0 0 1 0 0 0 1 0.17 3 -2.34</i>
                <i>1 0 0 0 1 0 0 0 1 0.17 3 -2.34</i>
                <i>1 0 0 0 1 0 0 0 1 0.17 3 -2.34</i>
                <i>1 0 0 0 1 0 0 0 1 0.17 3 -2.34</i>
                <i>1 0 0 0 1 0 0 0 1 0.17 3 -2.34</i>
                <i>1 0 0 0 1 0 0 0 1 0.17 3 -2.34</i>
                <i>1 0 0 0 1 0 0 0 1 0.17 3 -2.34</i>
                <i>1 0 0 0 1 0 0 0 1 0.17 3 -2.34</i>
                <i>1 0 0 0 1 0 0 0 1 0.17 3 -2.34</i>
                <i>1 0 0 0 1 0 0 0 1 0.17 3 -2.34</i>
                <i>1 0 0 0 1 0 0 0 1 0.17 3 -2.34</i>
                <i>1 0 0 0 1 0 0 0 1 0.17 3 -2.34</i>
                <i>1 0 0 0 1 0 0 0 1 0.17 3 -2.34</i>
                <i>1 0 0 0 1 0 0 0 1 0.17 3 -2.34</i>
                <i>1 0 0 0 1 0 0 0 1 0.17 3 -2.34</i>
                <i>1 0 0 0 1 0 0 0 1 0.17 3 -2.34</i>
                <i>1 0 0 0 1 0 0 0 1 0.17 3 -2.34</i>
                <i>1 0 0 0 1 0 0 0 1 0.17 3 -2.34</i>
                <i>1 0 0 0 1 0 0 0 1 0.17 3 -2.34</i>
                <i>1 0 0 0 1 0 0 0 1 0.17 3 -2.34</i>
                <i>1 0 0 0 1 0 0 0 1 0.17 3 -2.34</i>
                <i>1 0 0 0 1 0 0 0 1 0.17 3 -2.34</i>
                <i>1 0 0 0 1 0 0 0 1 0.17 3 -2.34</i>
                <i>1 0 0 0 1 0 0 0 1 0.17 3 -2.34</i>
                <i>1 0 0 0 1 0 0 0 1 0.17 3 -2.34</i>
                <i>1 0 0 0 1 0 0 0 1 0.17 3 -2.34</i>
                <i>1 0 0 0 1 0 0 0 1 0.17 3 -2.34</i>
                <i>1 0 0 0 1 0 0 0 1 0.17 3 -2.34</i>
                <i>1 0 0 0 1 0 0 0 1 0.17 3 -2.34</i>
                <i>1 0 0 0 1 0 0 0 1 0.17 3 -2.34</i>
                <i>1 0 0 0 1 0 0 0 1 0.17 3 -2.34</i>
                <i>1 0 0 0 1 0 0 0 1 0.17 3 -2.34</i>
                <i>1 0 0 0 1 0 0 0 1 0.17 3 -2.34</i>
                <i>1 0 0 0 1 0 0 0 1 0.17 3 -2.34</i>
                <i>1 0 0 0 1 0 0 0 1 0.17 3 -2.34</i>
                <i>1 0 0 0 1 0 0 0 1 0.17 3 -2.34</i>
                <i>1 0 0 0 1 0 0 0 1 0.17 3 -2.34</i>
                <i>1 0 0 0 1 0 0 0 1 0.17 3 -2.34</i>
                <i>1 0 0 0 1 0 0 0 1 0.17 3 -2.34</i>
                <i>1 0 0 0 1 0 0 0 1 0.17 3 -2.34</i>
                <i>1 0 0 0 1 0 0 0 1 0.17 3 -2.34</i>
                <i>1 0 0 0 1 0 0 0 1 0.17 3 -2.34</i>
                <i>1 0 0 0 1 0 0 0 1 0.17 3 -2.34</i>
                <i>1 0 0 0 1 0 0 0 1 0.17 3 -2.34</i>
                <i>1 0 0 0 1 0 0 0 1 0.17 3 -2.34</i>
                <i>1 0 0 0 1 0 0 0 1 0.17 3 -2.34</i>
                <i>1 0 0 0 1 0 0 0 1 0.17 3 -2.34</i>
                <i>1 0 0 0 1 0 0 0 1 0.17 3 -2.34</i>
                <i>1 0 0 0 1 0 0 0 1 0.17 3 -2.34</i>
                <i>1 0 0 0 1 0 0 0 1 0.17 3 -2.34</i>
                <i>1 0 0 0 1 0 0 0 1 0.17 3 -2.34</i>
                <i>1 0 0 0 1 0 0 0 1 0.17 3 -2.34</i>
                <i>1 0 0 0 1 0 0 0 1 0.17 3 -2.34</i>
                <i>1 0 0 0 1 0 0 0 1 0.17 3 -2.34</i>
                <i>1 0 0 0 1 0 0 0 1 0.17 3 -2.34</i>
                <i>1 0 0 0 1 0 0 0 1 0.17 3 -2.34</i>
                <i>1 0 0 0 1 0 0 0 1 0.17 3 -2.34</i>
                <i>1 0 0 0 1 0 0 0 1 0.17 3 -2.34</i>
                <i>1 0 0 0 1 0 0 0 1 0.17 3 -2.34</i>
                <i>1 0 0 0 1 0 0 0 1 0.17 3 -2.34</i>
                <i>1 0 0 0 1 0 0 0 1 0.17 3 -2.34</i>
                <i>1 0 0 0 1 0 0 0 1 0.17 3 -2.34</i>
                <i>1 0 0 0 1 0 0 0 1 0.17 3 -2.34</i>
                <i>1 0 0 0 1 0 0 0 1 0.17 3 -2.34</i>
                <i>1 0 0 0 1 0 0 0 1 0.17 3 -2.34</i>
                <i>1 0 0 0 1 0 0 0 1 0.17 3 -2.34</i>
                <i>1 0 0 0 1 0 0 0 1 0.17 3 -2.34</i>
                <i>1 0 0 0 1 0 0 0 1 0.17 3 -2.34</i>
                <i>1 0 0 0 1 0 0 0 1 0.17 3 -2.34</i>
                <i>1 0 0 0 1 0 0 0 1 0.17 3 -2.34</i>
                <i>1 0 0 0 1 0 0 0 1 0.17 3 -2.34</i>
                <i>1 0 0 0 1 0 0 0 1 0.17 3 -2.34</i>
                <i>1 0 0 0 1 0 0 0 1 0.17 3 -2.34</i>
                <i>1 0 0 0 1 0 0 0 1 0.17 3 -2.34</i>
                <i>1 0 0 0 1 0 0 0 1 0.17 3 -2.34</i>
                <i>1 0 0 0 1 0 0 0 1 0.17 3 -2.34</i>
                <i>1 0 0 0 1 0 0 0 1 0.17 3 -2.34</i>
                <i>1 0 0 0 1 0 0 0 1 0.17 3 -2.34</i>
                <i>1 0 0 0 1 0 0 0 1 0.17 3 -2.34</i>
                <i>1 0 0 0 1 0 0 0 1 0.17 3 -2.34</i>
                <i>1 0 0 0 1 0 0 0 1 0.17 3 -2.34</i>
                <i>1 0 0 0 1 0 0 0 1 0.17 3 -2.34</i>
                <i>1 0 0 0 1 0 0 0 1 0.17 3 -2.34</i>
                <i>1 0 0 0 1 0 0 0 1 0.17 3 -2.34</i>
                <i>1 0 0 0 1 0 0 0 1 0.17 3 -2.34</i>
                <i>1 0 0 0 1 0 0 0 1 0.17 3 -2.34</i>
                <i>1 0 0 0 1 0 0 0 1 0.17 3 -2.34</i>
                <i>1 0 0 0 1 0 0 0 1 0.17 3 -2.34</i>
                <i>1 0 0 0 1 0 0 0 1 0.17 3 -2.34</i>
                <i>1 0 0 0 1 0 0 0 1 0.17 3 -2.34</i>
                <i>1 0 0 0 1 0 0 0 1 0.17 3 -2.34</i>
                <i>1 0 0 0 1 0 0 0 1 0.17 3 -2.34</i>
                <i>1 0 0 0 1 0 0 0 1 0.17 3 -2.34</i>
                <i>1 0 0 0 1 0 0 0 1 0.17 3 -2.34</i>
                <i>1 0 0 0 1 0 0 0 1 0.17 3 -2.34</i>
                <i>1 0 0 0 1 0 0 0 1 0.17 3 -2.34</i>
            </KeyFrames>
        </RefFrame>
        <Bones count="23">
            <i>
                <p>
                    <Name>
                        <![CDATA[pelvis]]>
</Name>
                    <Exclude>0</Exclude>
                    <Additive>0</Additive>
                    <IKPriority>0</IKPriority>
                    <IKRotLimits>-1e+010 -1e+010 -1e+010 1e+010 1e+010 1e+010</IKRotLimits>
                    <IKRotLimitOrder>2</IKRotLimitOrder>
                    <KeyFrames count="97">
                        <i>1 0 0 0 1 0 0 0 1 0.0158091 4.12224 -2.22264</i>
                        <i>1 0 0 0 1 0 0 0 1 0.0158091 4.12211 -2.22264</i>
                        <i>1 0 0 0 1 0 0 0 1 0.0158091 4.12173 -2.22264</i>
                        <i>1 0 0 0 1 0 0 0 1 0.0158091 4.12112 -2.22264</i>
                        <i>1 0 0 0 1 0 0 0 1 0.0158091 4.12031 -2.22264</i>
                        <i>1 0 0 0 1 0 0 0 1 0.0158091 4.11932 -2.22264</i>
                        <i>1 0 0 0 1 0 0 0 1 0.0158091 4.11817 -2.22264</i>
                        <i>1 0 0 0 1 0 0 0 1 0.0158091 4.11688 -2.22264</i>
                        <i>1 0 0 0 1 0 0 0 1 0.0158091 4.11548 -2.22264</i>
                        <i>1 0 0 0 1 0 0 0 1 0.0158091 4.11399 -2.22264</i>
                        <i>1 0 0 0 1 0 0 0 1 0.0158091 4.11243 -2.22264</i>
                        <i>1 0 0 0 1 0 0 0 1 0.0158091 4.11083 -2.22264</i>
                        <i>1 0 0 0 1 0 0 0 1 0.0158091 4.10921 -2.22264</i>
                        <i>1 0 0 0 1 0 0 0 1 0.0158091 4.10758 -2.22264</i>
                        <i>1 0 0 0 1 0 0 0 1 0.0158091 4.10598 -2.22264</i>
                        <i>1 0 0 0 1 0 0 0 1 0.0158091 4.10442 -2.22264</i>
                        <i>1 0 0 0 1 0 0 0 1 0.0158091 4.10293 -2.22264</i>
                        <i>1 0 0 0 1 0 0 0 1 0.0158091 4.10153 -2.22264</i>
                        <i>1 0 0 0 1 0 0 0 1 0.0158091 4.10024 -2.22264</i>
                        <i>1 0 0 0 1 0 0 0 1 0.0158091 4.09909 -2.22264</i>
                        <i>1 0 0 0 1 0 0 0 1 0.0158091 4.0981 -2.22264</i>
                        <i>1 0 0 0 1 0 0 0 1 0.0158091 4.09729 -2.22264</i>
                        <i>1 0 0 0 1 0 0 0 1 0.0158091 4.09668 -2.22264</i>
                        <i>1 0 0 0 1 0 0 0 1 0.0158091 4.0963 -2.22264</i>
                        <i>1 0 0 0 1 0 0 0 1 0.0158091 4.09617 -2.22264</i>
                        <i>1 0 0 0 1 0 0 0 1 0.0158091 4.0963 -2.22264</i>
                        <i>1 0 0 0 1 0 0 0 1 0.0158091 4.09668 -2.22264</i>
                        <i>1 0 0 0 1 0 0 0 1 0.0158091 4.09729 -2.22264</i>
                        <i>1 0 0 0 1 0 0 0 1 0.0158091 4.0981 -2.22264</i>
                        <i>1 0 0 0 1 0 0 0 1 0.0158091 4.09909 -2.22264</i>
                        <i>1 0 0 0 1 0 0 0 1 0.0158091 4.10024 -2.22264</i>
                        <i>1 0 0 0 1 0 0 0 1 0.0158091 4.10153 -2.22264</i>
                        <i>1 0 0 0 1 0 0 0 1 0.0158091 4.10293 -2.22264</i>
                        <i>1 0 0 0 1 0 0 0 1 0.0158091 4.10442 -2.22264</i>
                        <i>1 0 0 0 1 0 0 0 1 0.0158091 4.10598 -2.22264</i>
                        <i>1 0 0 0 1 0 0 0 1 0.0158091 4.10758 -2.22264</i>
                        <i>1 0 0 0 1 0 0 0 1 0.0158091 4.10921 -2.22264</i>
                        <i>1 0 0 0 1 0 0 0 1 0.0158091 4.11083 -2.22264</i>
                        <i>1 0 0 0 1 0 0 0 1 0.0158091 4.11243 -2.22264</i>
                        <i>1 0 0 0 1 0 0 0 1 0.0158091 4.11399 -2.22264</i>
                        <i>1 0 0 0 1 0 0 0 1 0.0158091 4.11548 -2.22264</i>
                        <i>1 0 0 0 1 0 0 0 1 0.0158091 4.11688 -2.22264</i>
                        <i>1 0 0 0 1 0 0 0 1 0.0158091 4.11817 -2.22264</i>
                        <i>1 0 0 0 1 0 0 0 1 0.0158091 4.11932 -2.22264</i>
                        <i>1 0 0 0 1 0 0 0 1 0.0158091 4.12031 -2.22264</i>
                        <i>1 0 0 0 1 0 0 0 1 0.0158091 4.12112 -2.22264</i>
                        <i>1 0 0 0 1 0 0 0 1 0.0158091 4.12173 -2.22264</i>
                        <i>1 0 0 0 1 0 0 0 1 0.0158091 4.12211 -2.22264</i>
                        <i>1 0 0 0 1 0 0 0 1 0.0158091 4.12224 -2.22264</i>
                        <i>1 0 0 0 1 0 0 0 1 0.0158091 4.12211 -2.22264</i>
                        <i>1 0 0 0 1 0 0 0 1 0.0158091 4.12173 -2.22264</i>
                        <i>1 0 0 0 1 0 0 0 1 0.0158091 4.12112 -2.22264</i>
                        <i>1 0 0 0 1 0 0 0 1 0.0158091 4.12031 -2.22264</i>
                        <i>1 0 0 0 1 0 0 0 1 0.0158091 4.11932 -2.22264</i>
                        <i>1 0 0 0 1 0 0 0 1 0.0158091 4.11817 -2.22264</i>
                        <i>1 0 0 0 1 0 0 0 1 0.0158091 4.11688 -2.22264</i>
                        <i>1 0 0 0 1 0 0 0 1 0.0158091 4.11548 -2.22264</i>
                        <i>1 0 0 0 1 0 0 0 1 0.0158091 4.11399 -2.22264</i>
                        <i>1 0 0 0 1 0 0 0 1 0.0158091 4.11243 -2.22264</i>
                        <i>1 0 0 0 1 0 0 0 1 0.0158091 4.11083 -2.22264</i>
                        <i>1 0 0 0 1 0 0 0 1 0.0158091 4.10921 -2.22264</i>
                        <i>1 0 0 0 1 0 0 0 1 0.0158091 4.10758 -2.22264</i>
                        <i>1 0 0 0 1 0 0 0 1 0.0158091 4.10598 -2.22264</i>
                        <i>1 0 0 0 1 0 0 0 1 0.0158091 4.10442 -2.22264</i>
                        <i>1 0 0 0 1 0 0 0 1 0.0158091 4.10293 -2.22264</i>
                        <i>1 0 0 0 1 0 0 0 1 0.0158091 4.10153 -2.22264</i>
                        <i>1 0 0 0 1 0 0 0 1 0.0158091 4.10024 -2.22264</i>
                        <i>1 0 0 0 1 0 0 0 1 0.0158091 4.09909 -2.22264</i>
                        <i>1 0 0 0 1 0 0 0 1 0.0158091 4.0981 -2.22264</i>
                        <i>1 0 0 0 1 0 0 0 1 0.0158091 4.09729 -2.22264</i>
                        <i>1 0 0 0 1 0 0 0 1 0.0158091 4.09668 -2.22264</i>
                        <i>1 0 0 0 1 0 0 0 1 0.0158091 4.0963 -2.22264</i>
                        <i>1 0 0 0 1 0 0 0 1 0.0158091 4.09617 -2.22264</i>
                        <i>1 0 0 0 1 0 0 0 1 0.0158091 4.0963 -2.22264</i>
                        <i>1 0 0 0 1 0 0 0 1 0.0158091 4.09668 -2.22264</i>
                        <i>1 0 0 0 1 0 0 0 1 0.0158091 4.09729 -2.22264</i>
                        <i>1 0 0 0 1 0 0 0 1 0.0158091 4.0981 -2.22264</i>
                        <i>1 0 0 0 1 0 0 0 1 0.0158091 4.09909 -2.22264</i>
                        <i>1 0 0 0 1 0 0 0 1 0.0158091 4.10024 -2.22264</i>
                        <i>1 0 0 0 1 0 0 0 1 0.0158091 4.10153 -2.22264</i>
                        <i>1 0 0 0 1 0 0 0 1 0.0158091 4.10293 -2.22264</i>
                        <i>1 0 0 0 1 0 0 0 1 0.0158091 4.10442 -2.22264</i>
                        <i>1 0 0 0 1 0 0 0 1 0.0158091 4.10598 -2.22264</i>
                        <i>1 0 0 0 1 0 0 0 1 0.0158091 4.10758 -2.22264</i>
                        <i>1 0 0 0 1 0 0 0 1 0.0158091 4.10921 -2.22264</i>
                        <i>1 0 0 0 1 0 0 0 1 0.0158091 4.11083 -2.22264</i>
                        <i>1 0 0 0 1 0 0 0 1 0.0158091 4.11243 -2.22264</i>
                        <i>1 0 0 0 1 0 0 0 1 0.0158091 4.11399 -2.22264</i>
                        <i>1 0 0 0 1 0 0 0 1 0.0158091 4.11548 -2.22264</i>
                        <i>1 0 0 0 1 0 0 0 1 0.0158091 4.11688 -2.22264</i>
                        <i>1 0 0 0 1 0 0 0 1 0.0158091 4.11817 -2.22264</i>
                        <i>1 0 0 0 1 0 0 0 1 0.0158091 4.11932 -2.22264</i>
                        <i>1 0 0 0 1 0 0 0 1 0.0158091 4.12031 -2.22264</i>
                        <i>1 0 0 0 1 0 0 0 1 0.0158091 4.12112 -2.22264</i>
                        <i>1 0 0 0 1 0 0 0 1 0.0158091 4.12173 -2.22264</i>
                        <i>1 0 0 0 1 0 0 0 1 0.0158091 4.12211 -2.22264</i>
                        <i>1 0 0 0 1 0 0 0 1 0.0158091 4.12224 -2.22264</i>
                    </KeyFrames>
                </p>
            </i>
            <i>
                <p>
                    <Name>
                        <![CDATA[spine0]]>
</Name>
                    <Exclude>0</Exclude>
                    <Additive>0</Additive>
                    <IKPriority>0</IKPriority>
                    <IKRotLimits>-1e+010 -1e+010 -1e+010 1e+010 1e+010 1e+010</IKRotLimits>
                    <IKRotLimitOrder>0</IKRotLimitOrder>
                    <KeyFrames count="97">
                        <i>0.12044 0.987808 0.0986433 -0.952907 0.087179 0.290462 0.278321 -0.128981 0.951788 0.0139794 4.26245 -2.2548</i>
                        <i>0.118757 0.98796 0.0991547 -0.953099 0.0854257 0.290354 0.278388 -0.128986 0.951768 0.0137541 4.26233 -2.25473</i>
                        <i>0.116797 0.988134 0.0997458 -0.953319 0.0833856 0.290225 0.278464 -0.128987 0.951746 0.0135025 4.26196 -2.25466</i>
                        <i>0.114632 0.988322 0.100395 -0.953557 0.0811326 0.290081 0.278548 -0.128985 0.951722 0.0132334 4.26137 -2.25458</i>
                        <i>0.112332 0.988516 0.101082 -0.953805 0.0787408 0.289925 0.278637 -0.12898 0.951696 0.0129555 4.26057 -2.25449</i>
                        <i>0.109969 0.98871 0.101784 -0.954053 0.0762842 0.289764 0.278728 -0.128972 0.951671 0.0126775 4.25959 -2.25441</i>
                        <i>0.107614 0.988897 0.10248 -0.954295 0.0738371 0.2896 0.278818 -0.128961 0.951646 0.0124081 4.25845 -2.25433</i>
                        <i>0.105339 0.989072 0.103149 -0.954524 0.0714737 0.28944 0.278905 -0.128948 0.951622 0.0121561 4.25718 -2.25425</i>
                        <i>0.103214 0.989231 0.10377 -0.954733 0.0692684 0.289287 0.278984 -0.128931 0.951601 0.0119303 4.25579 -2.25418</i>
                        <i>0.101312 0.98937 0.104321 -0.954916 0.0672956 0.289148 0.279054 -0.128912 0.951583 0.0117394 4.25431 -2.25413</i>
                        <i>0.0997039 0.989485 0.104782 -0.955069 0.0656296 0.289025 0.279109 -0.128891 0.95157 0.0115922 4.25275 -2.25408</i>
                        <i>0.0984611 0.989572 0.10513 -0.955187 0.0643449 0.288926 0.279149 -0.128867 0.951562 0.0114975 4.25115 -2.25405</i>
                        <i>0.0976551 0.989629 0.105345 -0.955264 0.0635159 0.288854 0.279168 -0.12884 0.95156 0.0114639 4.24953 -2.25404</i>
                        <i>0.097238 0.98966 0.105441 -0.955305 0.063092 0.288809 0.279171 -0.128812 0.951563 0.0114839 4.2479 -2.25405</i>
                        <i>0.0971027 0.989672 0.105452 -0.955321 0.0629615 0.288786 0.279164 -0.128782 0.951568 0.0115413 4.2463 -2.25407</i>
                        <i>0.0972322 0.989667 0.105384 -0.955313 0.0631063 0.288783 0.279148 -0.128753 0.951577 0.011633 4.24474 -2.25409</i>
                        <i>0.0976094 0.989645 0.105241 -0.955281 0.0635085 0.288799 0.279125 -0.128724 0.951588 0.0117553 4.24324 -2.25413</i>
                        <i>0.0982171 0.989607 0.10503 -0.955228 0.0641501 0.288834 0.279095 -0.128696 0.9516 0.011905 4.24184 -2.25418</i>
                        <i>0.0990383 0.989554 0.104757 -0.955153 0.065013 0.288886 0.279058 -0.12867 0.951615 0.0120785 4.24054 -2.25423</i>
                        <i>0.100056 0.989487 0.104426 -0.955059 0.0660793 0.288955 0.279017 -0.128645 0.95163 0.0122725 4.23938 -2.25429</i>
                        <i>0.101252 0.989405 0.104044 -0.954947 0.067331 0.289039 0.278971 -0.128622 0.951647 0.0124834 4.23838 -2.25435</i>
                        <i>0.102611 0.98931 0.103616 -0.954816 0.0687499 0.289137 0.278922 -0.128603 0.951664 0.012708 4.23756 -2.25442</i>
                        <i>0.104114 0.989202 0.103148 -0.954668 0.0703181 0.289248 0.278871 -0.128587 0.951681 0.0129427 4.23694 -2.25449</i>
                        <i>0.105745 0.989081 0.102645 -0.954504 0.0720176 0.28937 0.278818 -0.128574 0.951698 0.0131842 4.23655 -2.25456</i>
                        <i>0.107486 0.988949 0.102113 -0.954326 0.0738303 0.289503 0.278764 -0.128566 0.951715 0.013429 4.23641 -2.25464</i>
                        <i>0.109318 0.988805 0.101558 -0.954133 0.0757357 0.289644 0.27871 -0.128563 0.951731 0.0136737 4.23652 -2.25471</i>
                        <i>0.11121 0.988652 0.100989 -0.95393 0.0777025 0.289792 0.278656 -0.128564 0.951747 0.0139149 4.23689 -2.25478</i>
                        <i>0.11313 0.988493 0.100415 -0.95372 0.0796969 0.289943 0.278604 -0.128569 0.951761 0.0141493 4.23749 -2.25485</i>
                        <i>0.115046 0.988329 0.0998467 -0.953506 0.0816851 0.290094 0.278553 -0.128579 0.951775 0.0143733 4.23828 -2.25492</i>
                        <i>0.116924 0.988165 0.0992925 -0.953291 0.0836333 0.290244 0.278505 -0.128591 0.951787 0.0145837 4.23926 -2.25498</i>
                        <i>0.118732 0.988002 0.0987623 -0.953081 0.0855077 0.290389 0.27846 -0.128607 0.951798 0.014777 4.2404 -2.25504</i>
                        <i>0.120438 0.987845 0.0982655 -0.952879 0.0872746 0.290526 0.278419 -0.128625 0.951808 0.0149499 4.24168 -2.25509</i>
                        <i>0.122008 0.987698 0.0978118 -0.952689 0.0889004 0.290654 0.278383 -0.128646 0.951816 0.0150989 4.24307 -2.25514</i>
                        <i>0.123411 0.987563 0.0974107 -0.952518 0.0903514 0.290769 0.278351 -0.12867 0.951822 0.0152207 4.24455 -2.25518</i>
                        <i>0.124614 0.987445 0.0970717 -0.952369 0.0915938 0.290868 0.278325 -0.128694 0.951826 0.0153119 4.2461 -2.2552</i>
                        <i>0.125585 0.987349 0.0968044 -0.952247 0.092594 0.29095 0.278306 -0.128721 0.951828 0.0153691 4.2477 -2.25522</i>
                        <i>0.12629 0.987277 0.0966184 -0.952157 0.0933183 0.291012 0.278293 -0.128748 0.951828 0.015389 4.24933 -2.25523</i>
                        <i>0.126761 0.987226 0.0965186 -0.952099 0.0937957 0.29105 0.278279 -0.128789 0.951827 0.0153771 4.25095 -2.25522</i>
                        <i>0.127052 0.987191 0.0964976 -0.952067 0.0940805 0.291064 0.278257 -0.128852 0.951825 0.0153422 4.25256 -2.2552</i>
                        <i>0.127165 0.987172 0.0965464 -0.95206 0.0941765 0.291056 0.27823 -0.12893 0.951822 0.0152854 4.25412 -2.25518</i>
                        <i>0.127101 0.987169 0.0966559 -0.952076 0.0940876 0.291029 0.278201 -0.129014 0.951819 0.0152079 4.25562 -2.25515</i>
                        <i>0.126863 0.987184 0.0968174 -0.952116 0.0938176 0.290987 0.278175 -0.129097 0.951816 0.0151108 4.25703 -2.25511</i>
                        <i>0.126451 0.987217 0.0970217 -0.952177 0.0933704 0.290931 0.278153 -0.12917 0.951812 0.0149953 4.25832 -2.25507</i>
                        <i>0.125868 0.987268 0.0972599 -0.952258 0.0927498 0.290865 0.278141 -0.129227 0.951808 0.0148625 4.25948 -2.25502</i>
                        <i>0.125115 0.987338 0.097523 -0.952357 0.0919595 0.29079 0.27814 -0.129259 0.951804 0.0147136 4.26049 -2.25498</i>
                        <i>0.124194 0.987426 0.0978019 -0.952474 0.0910035 0.29071 0.278155 -0.129258 0.9518 0.0145496 4.26131 -2.25493</i>
                        <i>0.123107 0.987534 0.0980876 -0.952605 0.0898856 0.290627 0.278188 -0.129217 0.951795 0.0143718 4.26192 -2.25488</i>
                        <i>0.121855 0.987661 0.0983711 -0.95275 0.0886094 0.290544 0.278242 -0.129127 0.951792 0.0141814 4.26231 -2.25484</i>
                        <i>0.12044 0.987808 0.0986433 -0.952907 0.087179 0.290462 0.278321 -0.128981 0.951788 0.0139794 4.26245 -2.2548</i>
                        <i>0.118757 0.98796 0.0991547 -0.953099 0.0854257 0.290354 0.278388 -0.128986 0.951768 0.0137541 4.26233 -2.25473</i>
                        <i>0.116797 0.988134 0.0997458 -0.953319 0.0833856 0.290225 0.278464 -0.128987 0.951746 0.0135025 4.26196 -2.25466</i>
                        <i>0.114632 0.988322 0.100395 -0.953557 0.0811326 0.290081 0.278548 -0.128985 0.951722 0.0132334 4.26137 -2.25458</i>
                        <i>0.112332 0.988516 0.101082 -0.953805 0.0787408 0.289925 0.278637 -0.12898 0.951696 0.0129555 4.26057 -2.25449</i>
                        <i>0.109969 0.98871 0.101784 -0.954053 0.0762842 0.289764 0.278728 -0.128972 0.951671 0.0126775 4.25959 -2.25441</i>
                        <i>0.107614 0.988897 0.10248 -0.954295 0.0738371 0.2896 0.278818 -0.128961 0.951646 0.0124081 4.25845 -2.25433</i>
                        <i>0.105339 0.989072 0.103149 -0.954524 0.0714737 0.28944 0.278905 -0.128948 0.951622 0.0121561 4.25718 -2.25425</i>
                        <i>0.103214 0.989231 0.10377 -0.954733 0.0692684 0.289287 0.278984 -0.128931 0.951601 0.0119303 4.25579 -2.25418</i>
                        <i>0.101312 0.98937 0.104321 -0.954916 0.0672956 0.289148 0.279054 -0.128912 0.951583 0.0117394 4.25431 -2.25413</i>
                        <i>0.0997039 0.989485 0.104782 -0.955069 0.0656296 0.289025 0.279109 -0.128891 0.95157 0.0115922 4.25275 -2.25408</i>
                        <i>0.0984611 0.989572 0.10513 -0.955187 0.0643449 0.288926 0.279149 -0.128867 0.951562 0.0114975 4.25115 -2.25405</i>
                        <i>0.0976551 0.989629 0.105345 -0.955264 0.0635159 0.288854 0.279168 -0.12884 0.95156 0.0114639 4.24953 -2.25404</i>
                        <i>0.097238 0.98966 0.105441 -0.955305 0.063092 0.288809 0.279171 -0.128812 0.951563 0.0114839 4.2479 -2.25405</i>
                        <i>0.0971027 0.989672 0.105452 -0.955321 0.0629615 0.288786 0.279164 -0.128782 0.951568 0.0115413 4.2463 -2.25407</i>
                        <i>0.0972322 0.989667 0.105384 -0.955313 0.0631063 0.288783 0.279148 -0.128753 0.951577 0.011633 4.24474 -2.25409</i>
                        <i>0.0976094 0.989645 0.105241 -0.955281 0.0635085 0.288799 0.279125 -0.128724 0.951588 0.0117553 4.24324 -2.25413</i>
                        <i>0.0982171 0.989607 0.10503 -0.955228 0.0641501 0.288834 0.279095 -0.128696 0.9516 0.011905 4.24184 -2.25418</i>
                        <i>0.0990383 0.989554 0.104757 -0.955153 0.065013 0.288886 0.279058 -0.12867 0.951615 0.0120785 4.24054 -2.25423</i>
                        <i>0.100056 0.989487 0.104426 -0.955059 0.0660793 0.288955 0.279017 -0.128645 0.95163 0.0122725 4.23938 -2.25429</i>
                        <i>0.101252 0.989405 0.104044 -0.954947 0.067331 0.289039 0.278971 -0.128622 0.951647 0.0124834 4.23838 -2.25435</i>
                        <i>0.102611 0.98931 0.103616 -0.954816 0.0687499 0.289137 0.278922 -0.128603 0.951664 0.012708 4.23756 -2.25442</i>
                        <i>0.104114 0.989202 0.103148 -0.954668 0.0703181 0.289248 0.278871 -0.128587 0.951681 0.0129427 4.23694 -2.25449</i>
                        <i>0.105745 0.989081 0.102645 -0.954504 0.0720176 0.28937 0.278818 -0.128574 0.951698 0.0131842 4.23655 -2.25456</i>
                        <i>0.107486 0.988949 0.102113 -0.954326 0.0738303 0.289503 0.278764 -0.128566 0.951715 0.013429 4.23641 -2.25464</i>
                        <i>0.109318 0.988805 0.101558 -0.954133 0.0757357 0.289644 0.27871 -0.128563 0.951731 0.0136737 4.23652 -2.25471</i>
                        <i>0.11121 0.988652 0.100989 -0.95393 0.0777025 0.289792 0.278656 -0.128564 0.951747 0.0139149 4.23689 -2.25478</i>
                        <i>0.11313 0.988493 0.100415 -0.95372 0.0796969 0.289943 0.278604 -0.128569 0.951761 0.0141493 4.23749 -2.25485</i>
                        <i>0.115046 0.988329 0.0998467 -0.953506 0.0816851 0.290094 0.278553 -0.128579 0.951775 0.0143733 4.23828 -2.25492</i>
                        <i>0.116924 0.988165 0.0992925 -0.953291 0.0836333 0.290244 0.278505 -0.128591 0.951787 0.0145837 4.23926 -2.25498</i>
                        <i>0.118732 0.988002 0.0987623 -0.953081 0.0855077 0.290389 0.27846 -0.128607 0.951798 0.014777 4.2404 -2.25504</i>
                        <i>0.120438 0.987845 0.0982655 -0.952879 0.0872746 0.290526 0.278419 -0.128625 0.951808 0.0149499 4.24168 -2.25509</i>
                        <i>0.122008 0.987698 0.0978118 -0.952689 0.0889004 0.290654 0.278383 -0.128646 0.951816 0.0150989 4.24307 -2.25514</i>
                        <i>0.123411 0.987563 0.0974107 -0.952518 0.0903514 0.290769 0.278351 -0.12867 0.951822 0.0152207 4.24455 -2.25518</i>
                        <i>0.124614 0.987445 0.0970717 -0.952369 0.0915938 0.290868 0.278325 -0.128694 0.951826 0.0153119 4.2461 -2.2552</i>
                        <i>0.125585 0.987349 0.0968044 -0.952247 0.092594 0.29095 0.278306 -0.128721 0.951828 0.0153691 4.2477 -2.25522</i>
                        <i>0.12629 0.987277 0.0966184 -0.952157 0.0933183 0.291012 0.278293 -0.128748 0.951828 0.015389 4.24933 -2.25523</i>
                        <i>0.126761 0.987226 0.0965186 -0.952099 0.0937957 0.29105 0.278279 -0.128789 0.951827 0.0153771 4.25095 -2.25522</i>
                        <i>0.127052 0.987191 0.0964976 -0.952067 0.0940805 0.291064 0.278257 -0.128852 0.951825 0.0153422 4.25256 -2.2552</i>
                        <i>0.127165 0.987172 0.0965464 -0.95206 0.0941765 0.291056 0.27823 -0.12893 0.951822 0.0152854 4.25412 -2.25518</i>
                        <i>0.127101 0.987169 0.0966559 -0.952076 0.0940876 0.291029 0.278201 -0.129014 0.951819 0.0152079 4.25562 -2.25515</i>
                        <i>0.126863 0.987184 0.0968174 -0.952116 0.0938176 0.290987 0.278175 -0.129097 0.951816 0.0151108 4.25703 -2.25511</i>
                        <i>0.126451 0.987217 0.0970217 -0.952177 0.0933704 0.290931 0.278153 -0.12917 0.951812 0.0149953 4.25832 -2.25507</i>
                        <i>0.125868 0.987268 0.0972599 -0.952258 0.0927498 0.290865 0.278141 -0.129227 0.951808 0.0148625 4.25948 -2.25502</i>
                        <i>0.125115 0.987338 0.097523 -0.952357 0.0919595 0.29079 0.27814 -0.129259 0.951804 0.0147136 4.26049 -2.25498</i>
                        <i>0.124194 0.987426 0.0978019 -0.952474 0.0910035 0.29071 0.278155 -0.129258 0.9518 0.0145496 4.26131 -2.25493</i>
                        <i>0.123107 0.987534 0.0980876 -0.952605 0.0898856 0.290627 0.278188 -0.129217 0.951795 0.0143718 4.26192 -2.25488</i>
                        <i>0.121855 0.987661 0.0983711 -0.95275 0.0886094 0.290544 0.278242 -0.129127 0.951792 0.0141814 4.26231 -2.25484</i>
                        <i>0.12044 0.987808 0.0986433 -0.952907 0.087179 0.290462 0.278321 -0.128981 0.951788 0.0139794 4.26245 -2.2548</i>
                    </KeyFrames>
                </p>
            </i>
            <i>
                <p>
                    <Name>
                        <![CDATA[spine1]]>
</Name>
                    <Exclude>0</Exclude>
                    <Additive>0</Additive>
                    <IKPriority>0</IKPriority>
                    <IKRotLimits>-1e+010 -1e+010 -1e+010 1e+010 1e+010 1e+010</IKRotLimits>
                    <IKRotLimitOrder>0</IKRotLimitOrder>
                    <KeyFrames count="97">
                        <i>0.232346 0.936554 0.262452 -0.968918 0.199312 0.146534 0.0849273 -0.288341 0.953754 0.0347636 4.43293 -2.23778</i>
                        <i>0.230606 0.936837 0.262977 -0.969303 0.197485 0.146461 0.0852766 -0.288679 0.953621 0.0342476 4.43284 -2.23763</i>
                        <i>0.228375 0.937203 0.263621 -0.969793 0.195153 0.146343 0.085707 -0.289079 0.953461 0.0336574 4.43249 -2.23745</i>
                        <i>0.225743 0.937632 0.264359 -0.970365 0.192408 0.146185 0.0862027 -0.289525 0.953281 0.0330139 4.43193 -2.23726</i>
                        <i>0.222798 0.938109 0.265166 -0.970997 0.189344 0.145991 0.0867475 -0.290002 0.953086 0.0323382 4.43116 -2.23706</i>
                        <i>0.219629 0.938615 0.266018 -0.971667 0.186051 0.145766 0.0873248 -0.290496 0.952883 0.0316514 4.4302 -2.23685</i>
                        <i>0.216324 0.939135 0.26689 -0.972355 0.182623 0.145515 0.0879181 -0.29099 0.952678 0.0309745 4.42908 -2.23665</i>
                        <i>0.212972 0.939654 0.267757 -0.973041 0.179151 0.145244 0.0885102 -0.291472 0.952476 0.0303286 4.42783 -2.23646</i>
                        <i>0.209662 0.940159 0.268594 -0.973707 0.175731 0.144958 0.0890838 -0.291925 0.952284 0.0297349 4.42645 -2.23629</i>
                        <i>0.206484 0.940638 0.269377 -0.974337 0.172453 0.144664 0.0896213 -0.292335 0.952107 0.0292144 4.42498 -2.23614</i>
                        <i>0.203527 0.941081 0.270081 -0.974914 0.169412 0.144366 0.0901051 -0.292689 0.951953 0.0287883 4.42343 -2.23601</i>
                        <i>0.200881 0.941477 0.270682 -0.975425 0.166702 0.144072 0.0905173 -0.292971 0.951827 0.0284777 4.42183 -2.23593</i>
                        <i>0.198635 0.941817 0.271155 -0.975855 0.164416 0.143789 0.0908403 -0.293169 0.951735 0.0283036 4.4202 -2.23588</i>
                        <i>0.196764 0.942107 0.271511 -0.976211 0.162525 0.143519 0.0910832 -0.293291 0.951674 0.0282502 4.41856 -2.23587</i>
                        <i>0.195186 0.942358 0.271779 -0.976511 0.160941 0.143266 0.0912675 -0.293358 0.951636 0.0282829 4.41694 -2.23589</i>
                        <i>0.193904 0.94257 0.27196 -0.976754 0.159667 0.143032 0.0913945 -0.293373 0.951619 0.0283954 4.41537 -2.23593</i>
                        <i>0.192924 0.942743 0.272058 -0.976941 0.158707 0.14282 0.0914655 -0.293338 0.951623 0.0285815 4.41385 -2.23599</i>
                        <i>0.192248 0.942877 0.272074 -0.977073 0.158063 0.142634 0.091482 -0.293257 0.951647 0.0288347 4.41243 -2.23608</i>
                        <i>0.191882 0.94297 0.27201 -0.977148 0.157738 0.142477 0.0914454 -0.293133 0.951688 0.0291486 4.41112 -2.23618</i>
                        <i>0.191829 0.943022 0.271867 -0.977167 0.157736 0.142351 0.0913572 -0.292967 0.951748 0.0295169 4.40993 -2.23629</i>
                        <i>0.192093 0.943031 0.271649 -0.977128 0.158059 0.14226 0.0912188 -0.292763 0.951824 0.0299331 4.40891 -2.23642</i>
                        <i>0.192678 0.942996 0.271356 -0.97703 0.158712 0.142206 0.0910318 -0.292523 0.951916 0.0303911 4.40807 -2.23656</i>
                        <i>0.193589 0.942914 0.270992 -0.976872 0.159695 0.142191 0.0907977 -0.292251 0.952022 0.0308843 4.40742 -2.23672</i>
                        <i>0.194827 0.942784 0.270557 -0.976652 0.161013 0.142218 0.0905177 -0.291948 0.952141 0.0314064 4.40701 -2.23688</i>
                        <i>0.196399 0.942602 0.270054 -0.976367 0.162668 0.14229 0.0901932 -0.291617 0.952273 0.0319512 4.40684 -2.23704</i>
                        <i>0.198297 0.942367 0.269486 -0.976017 0.164654 0.142406 0.0898268 -0.291262 0.952417 0.0325117 4.40693 -2.23721</i>
                        <i>0.200478 0.942083 0.268865 -0.975608 0.166926 0.142563 0.0894258 -0.290888 0.952569 0.0330795 4.40728 -2.23738</i>
                        <i>0.202891 0.941755 0.268203 -0.975148 0.16943 0.142755 0.0889987 -0.290501 0.952727 0.0336454 4.40785 -2.23755</i>
                        <i>0.205482 0.941389 0.267513 -0.974646 0.172112 0.142976 0.0885539 -0.29011 0.952887 0.0342004 4.40863 -2.23772</i>
                        <i>0.208199 0.940992 0.266808 -0.974111 0.174918 0.14322 0.0880997 -0.289719 0.953048 0.0347356 4.40959 -2.23787</i>
                        <i>0.21099 0.940571 0.266101 -0.973551 0.177795 0.143483 0.0876443 -0.289337 0.953207 0.0352418 4.41071 -2.23802</i>
                        <i>0.213803 0.940132 0.265405 -0.972978 0.180689 0.143758 0.0871958 -0.288969 0.953359 0.0357101 4.41197 -2.23816</i>
                        <i>0.216585 0.939685 0.264733 -0.972401 0.183545 0.14404 0.0867622 -0.288623 0.953504 0.0361314 4.41335 -2.23828</i>
                        <i>0.219284 0.939237 0.264097 -0.971832 0.186312 0.144326 0.0863515 -0.288307 0.953637 0.0364968 4.41482 -2.23839</i>
                        <i>0.221849 0.938799 0.263512 -0.971284 0.188935 0.144609 0.0859717 -0.288026 0.953756 0.0367972 4.41636 -2.23847</i>
                        <i>0.224228 0.938381 0.26299 -0.970767 0.191362 0.144885 0.0856308 -0.287789 0.953858 0.0370236 4.41796 -2.23853</i>
                        <i>0.226369 0.937991 0.262543 -0.970296 0.193538 0.145149 0.0853368 -0.287602 0.953941 0.037167 4.41959 -2.23857</i>
                        <i>0.228281 0.937629 0.262182 -0.969871 0.195474 0.145397 0.0850783 -0.287474 0.954002 0.0372383 4.42122 -2.23858</i>
                        <i>0.229995 0.937288 0.261903 -0.969487 0.197205 0.145623 0.0848424 -0.287404 0.954045 0.0372555 4.42284 -2.23857</i>
                        <i>0.231493 0.936976 0.2617 -0.969148 0.198711 0.145827 0.0846342 -0.287384 0.954069 0.0372201 4.42441 -2.23853</i>
                        <i>0.232757 0.9367 0.261568 -0.96886 0.199977 0.146009 0.0844594 -0.287408 0.954077 0.0371334 4.42593 -2.23848</i>
                        <i>0.233771 0.936466 0.261502 -0.968628 0.200984 0.146168 0.0843236 -0.287468 0.954071 0.0369968 4.42735 -2.23841</i>
                        <i>0.234516 0.936281 0.261497 -0.968456 0.201714 0.146302 0.0842322 -0.287559 0.954052 0.0368118 4.42866 -2.23833</i>
                        <i>0.234975 0.936151 0.261548 -0.968348 0.202151 0.146411 0.0841909 -0.287673 0.954021 0.0365798 4.42984 -2.23825</i>
                        <i>0.235129 0.936084 0.261649 -0.96831 0.202277 0.146494 0.0842051 -0.287802 0.953981 0.0363021 4.43087 -2.23815</i>
                        <i>0.234962 0.936086 0.261795 -0.968344 0.202073 0.146549 0.0842803 -0.287941 0.953932 0.0359803 4.43171 -2.23806</i>
                        <i>0.234454 0.936161 0.261981 -0.968455 0.201523 0.146575 0.0844222 -0.288082 0.953877 0.0356156 4.43235 -2.23796</i>
                        <i>0.233588 0.936315 0.262202 -0.968645 0.200609 0.14657 0.0846361 -0.288218 0.953817 0.0352096 4.43276 -2.23787</i>
                        <i>0.232346 0.936554 0.262452 -0.968918 0.199312 0.146534 0.0849273 -0.288341 0.953754 0.0347636 4.43293 -2.23778</i>
                        <i>0.230606 0.936837 0.262977 -0.969303 0.197485 0.146461 0.0852766 -0.288679 0.953621 0.0342476 4.43284 -2.23763</i>
                        <i>0.228375 0.937203 0.263621 -0.969793 0.195153 0.146343 0.085707 -0.289079 0.953461 0.0336574 4.43249 -2.23745</i>
                        <i>0.225743 0.937632 0.264359 -0.970365 0.192408 0.146185 0.0862027 -0.289525 0.953281 0.0330139 4.43193 -2.23726</i>
                        <i>0.222798 0.938109 0.265166 -0.970997 0.189344 0.145991 0.0867475 -0.290002 0.953086 0.0323382 4.43116 -2.23706</i>
                        <i>0.219629 0.938615 0.266018 -0.971667 0.186051 0.145766 0.0873248 -0.290496 0.952883 0.0316514 4.4302 -2.23685</i>
                        <i>0.216324 0.939135 0.26689 -0.972355 0.182623 0.145515 0.0879181 -0.29099 0.952678 0.0309745 4.42908 -2.23665</i>
                        <i>0.212972 0.939654 0.267757 -0.973041 0.179151 0.145244 0.0885102 -0.291472 0.952476 0.0303286 4.42783 -2.23646</i>
                        <i>0.209662 0.940159 0.268594 -0.973707 0.175731 0.144958 0.0890838 -0.291925 0.952284 0.0297349 4.42645 -2.23629</i>
                        <i>0.206484 0.940638 0.269377 -0.974337 0.172453 0.144664 0.0896213 -0.292335 0.952107 0.0292144 4.42498 -2.23614</i>
                        <i>0.203527 0.941081 0.270081 -0.974914 0.169412 0.144366 0.0901051 -0.292689 0.951953 0.0287883 4.42343 -2.23601</i>
                        <i>0.200881 0.941477 0.270682 -0.975425 0.166702 0.144072 0.0905173 -0.292971 0.951827 0.0284777 4.42183 -2.23593</i>
                        <i>0.198635 0.941817 0.271155 -0.975855 0.164416 0.143789 0.0908403 -0.293169 0.951735 0.0283036 4.4202 -2.23588</i>
                        <i>0.196764 0.942107 0.271511 -0.976211 0.162525 0.143519 0.0910832 -0.293291 0.951674 0.0282502 4.41856 -2.23587</i>
                        <i>0.195186 0.942358 0.271779 -0.976511 0.160941 0.143266 0.0912675 -0.293358 0.951636 0.0282829 4.41694 -2.23589</i>
                        <i>0.193904 0.94257 0.27196 -0.976754 0.159667 0.143032 0.0913945 -0.293373 0.951619 0.0283954 4.41537 -2.23593</i>
                        <i>0.192924 0.942743 0.272058 -0.976941 0.158707 0.14282 0.0914655 -0.293338 0.951623 0.0285815 4.41385 -2.23599</i>
                        <i>0.192248 0.942877 0.272074 -0.977073 0.158063 0.142634 0.091482 -0.293257 0.951647 0.0288347 4.41243 -2.23608</i>
                        <i>0.191882 0.94297 0.27201 -0.977148 0.157738 0.142477 0.0914454 -0.293133 0.951688 0.0291486 4.41112 -2.23618</i>
                        <i>0.191829 0.943022 0.271867 -0.977167 0.157736 0.142351 0.0913572 -0.292967 0.951748 0.0295169 4.40993 -2.23629</i>
                        <i>0.192093 0.943031 0.271649 -0.977128 0.158059 0.14226 0.0912188 -0.292763 0.951824 0.0299331 4.40891 -2.23642</i>
                        <i>0.192678 0.942996 0.271356 -0.97703 0.158712 0.142206 0.0910318 -0.292523 0.951916 0.0303911 4.40807 -2.23656</i>
                        <i>0.193589 0.942914 0.270992 -0.976872 0.159695 0.142191 0.0907977 -0.292251 0.952022 0.0308843 4.40742 -2.23672</i>
                        <i>0.194827 0.942784 0.270557 -0.976652 0.161013 0.142218 0.0905177 -0.291948 0.952141 0.0314064 4.40701 -2.23688</i>
                        <i>0.196399 0.942602 0.270054 -0.976367 0.162668 0.14229 0.0901932 -0.291617 0.952273 0.0319512 4.40684 -2.23704</i>
                        <i>0.198297 0.942367 0.269486 -0.976017 0.164654 0.142406 0.0898268 -0.291262 0.952417 0.0325117 4.40693 -2.23721</i>
                        <i>0.200478 0.942083 0.268865 -0.975608 0.166926 0.142563 0.0894258 -0.290888 0.952569 0.0330795 4.40728 -2.23738</i>
                        <i>0.202891 0.941755 0.268203 -0.975148 0.16943 0.142755 0.0889987 -0.290501 0.952727 0.0336454 4.40785 -2.23755</i>
                        <i>0.205482 0.941389 0.267513 -0.974646 0.172112 0.142976 0.0885539 -0.29011 0.952887 0.0342004 4.40863 -2.23772</i>
                        <i>0.208199 0.940992 0.266808 -0.974111 0.174918 0.14322 0.0880997 -0.289719 0.953048 0.0347356 4.40959 -2.23787</i>
                        <i>0.21099 0.940571 0.266101 -0.973551 0.177795 0.143483 0.0876443 -0.289337 0.953207 0.0352418 4.41071 -2.23802</i>
                        <i>0.213803 0.940132 0.265405 -0.972978 0.180689 0.143758 0.0871958 -0.288969 0.953359 0.0357101 4.41197 -2.23816</i>
