<?xml version="1.0" encoding="ISO-8859-1" ?>
<Animl Version="1">
    <ModellingPackage>
        <![CDATA[Maya.2010]]>
</ModellingPackage>
    <SrcFile>
        <![CDATA[anims\turrets\antiair\blue\~src\aa_bofors\aa_bofors_reload_crewman_c.mb]]>
</SrcFile>
    <FramesPerSecond>30</FramesPerSecond>
    <TotalFrames>107</TotalFrames>
    <Skeleton>
        <RefFrame>
            <Name>
                <![CDATA[soldier_ref_frame]]>
</Name>
            <Exclude>0</Exclude>
            <Additive>0</Additive>
            <IKPriority>0</IKPriority>
            <IKRotLimits>-1e+010 -1e+010 -1e+010 1e+010 1e+010 1e+010</IKRotLimits>
            <IKRotLimitOrder>0</IKRotLimitOrder>
            <KeyFrames count="107">
                <i>1 0 0 0 1 0 0 0 1 2.4 2.83 0.47</i>
                <i>1 0 0 0 1 0 0 0 1 2.4 2.83 0.47</i>
                <i>1 0 0 0 1 0 0 0 1 2.4 2.83 0.47</i>
                <i>1 0 0 0 1 0 0 0 1 2.4 2.83 0.47</i>
                <i>1 0 0 0 1 0 0 0 1 2.4 2.83 0.47</i>
                <i>1 0 0 0 1 0 0 0 1 2.4 2.83 0.47</i>
                <i>1 0 0 0 1 0 0 0 1 2.4 2.83 0.47</i>
                <i>1 0 0 0 1 0 0 0 1 2.4 2.83 0.47</i>
                <i>1 0 0 0 1 0 0 0 1 2.4 2.83 0.47</i>
                <i>1 0 0 0 1 0 0 0 1 2.4 2.83 0.47</i>
                <i>1 0 0 0 1 0 0 0 1 2.4 2.83 0.47</i>
                <i>1 0 0 0 1 0 0 0 1 2.4 2.83 0.47</i>
                <i>1 0 0 0 1 0 0 0 1 2.4 2.83 0.47</i>
                <i>1 0 0 0 1 0 0 0 1 2.4 2.83 0.47</i>
                <i>1 0 0 0 1 0 0 0 1 2.4 2.83 0.47</i>
                <i>1 0 0 0 1 0 0 0 1 2.4 2.83 0.47</i>
                <i>1 0 0 0 1 0 0 0 1 2.4 2.83 0.47</i>
                <i>1 0 0 0 1 0 0 0 1 2.4 2.83 0.47</i>
                <i>1 0 0 0 1 0 0 0 1 2.4 2.83 0.47</i>
                <i>1 0 0 0 1 0 0 0 1 2.4 2.83 0.47</i>
                <i>1 0 0 0 1 0 0 0 1 2.4 2.83 0.47</i>
                <i>1 0 0 0 1 0 0 0 1 2.4 2.83 0.47</i>
                <i>1 0 0 0 1 0 0 0 1 2.4 2.83 0.47</i>
                <i>1 0 0 0 1 0 0 0 1 2.4 2.83 0.47</i>
                <i>1 0 0 0 1 0 0 0 1 2.4 2.83 0.47</i>
                <i>1 0 0 0 1 0 0 0 1 2.4 2.83 0.47</i>
                <i>1 0 0 0 1 0 0 0 1 2.4 2.83 0.47</i>
                <i>1 0 0 0 1 0 0 0 1 2.4 2.83 0.47</i>
                <i>1 0 0 0 1 0 0 0 1 2.4 2.83 0.47</i>
                <i>1 0 0 0 1 0 0 0 1 2.4 2.83 0.47</i>
                <i>1 0 0 0 1 0 0 0 1 2.4 2.83 0.47</i>
                <i>1 0 0 0 1 0 0 0 1 2.4 2.83 0.47</i>
                <i>1 0 0 0 1 0 0 0 1 2.4 2.83 0.47</i>
                <i>1 0 0 0 1 0 0 0 1 2.4 2.83 0.47</i>
                <i>1 0 0 0 1 0 0 0 1 2.4 2.83 0.47</i>
                <i>1 0 0 0 1 0 0 0 1 2.4 2.83 0.47</i>
                <i>1 0 0 0 1 0 0 0 1 2.4 2.83 0.47</i>
                <i>1 0 0 0 1 0 0 0 1 2.4 2.83 0.47</i>
                <i>1 0 0 0 1 0 0 0 1 2.4 2.83 0.47</i>
                <i>1 0 0 0 1 0 0 0 1 2.4 2.83 0.47</i>
                <i>1 0 0 0 1 0 0 0 1 2.4 2.83 0.47</i>
                <i>1 0 0 0 1 0 0 0 1 2.4 2.83 0.47</i>
                <i>1 0 0 0 1 0 0 0 1 2.4 2.83 0.47</i>
                <i>1 0 0 0 1 0 0 0 1 2.4 2.83 0.47</i>
                <i>1 0 0 0 1 0 0 0 1 2.4 2.83 0.47</i>
                <i>1 0 0 0 1 0 0 0 1 2.4 2.83 0.47</i>
                <i>1 0 0 0 1 0 0 0 1 2.4 2.83 0.47</i>
                <i>1 0 0 0 1 0 0 0 1 2.4 2.83 0.47</i>
                <i>1 0 0 0 1 0 0 0 1 2.4 2.83 0.47</i>
                <i>1 0 0 0 1 0 0 0 1 2.4 2.83 0.47</i>
                <i>1 0 0 0 1 0 0 0 1 2.4 2.83 0.47</i>
                <i>1 0 0 0 1 0 0 0 1 2.4 2.83 0.47</i>
                <i>1 0 0 0 1 0 0 0 1 2.4 2.83 0.47</i>
                <i>1 0 0 0 1 0 0 0 1 2.4 2.83 0.47</i>
                <i>1 0 0 0 1 0 0 0 1 2.4 2.83 0.47</i>
                <i>1 0 0 0 1 0 0 0 1 2.4 2.83 0.47</i>
                <i>1 0 0 0 1 0 0 0 1 2.4 2.83 0.47</i>
                <i>1 0 0 0 1 0 0 0 1 2.4 2.83 0.47</i>
                <i>1 0 0 0 1 0 0 0 1 2.4 2.83 0.47</i>
                <i>1 0 0 0 1 0 0 0 1 2.4 2.83 0.47</i>
                <i>1 0 0 0 1 0 0 0 1 2.4 2.83 0.47</i>
                <i>1 0 0 0 1 0 0 0 1 2.4 2.83 0.47</i>
                <i>1 0 0 0 1 0 0 0 1 2.4 2.83 0.47</i>
                <i>1 0 0 0 1 0 0 0 1 2.4 2.83 0.47</i>
                <i>1 0 0 0 1 0 0 0 1 2.4 2.83 0.47</i>
                <i>1 0 0 0 1 0 0 0 1 2.4 2.83 0.47</i>
                <i>1 0 0 0 1 0 0 0 1 2.4 2.83 0.47</i>
                <i>1 0 0 0 1 0 0 0 1 2.4 2.83 0.47</i>
                <i>1 0 0 0 1 0 0 0 1 2.4 2.83 0.47</i>
                <i>1 0 0 0 1 0 0 0 1 2.4 2.83 0.47</i>
                <i>1 0 0 0 1 0 0 0 1 2.4 2.83 0.47</i>
                <i>1 0 0 0 1 0 0 0 1 2.4 2.83 0.47</i>
                <i>1 0 0 0 1 0 0 0 1 2.4 2.83 0.47</i>
                <i>1 0 0 0 1 0 0 0 1 2.4 2.83 0.47</i>
                <i>1 0 0 0 1 0 0 0 1 2.4 2.83 0.47</i>
                <i>1 0 0 0 1 0 0 0 1 2.4 2.83 0.47</i>
                <i>1 0 0 0 1 0 0 0 1 2.4 2.83 0.47</i>
                <i>1 0 0 0 1 0 0 0 1 2.4 2.83 0.47</i>
                <i>1 0 0 0 1 0 0 0 1 2.4 2.83 0.47</i>
                <i>1 0 0 0 1 0 0 0 1 2.4 2.83 0.47</i>
                <i>1 0 0 0 1 0 0 0 1 2.4 2.83 0.47</i>
                <i>1 0 0 0 1 0 0 0 1 2.4 2.83 0.47</i>
                <i>1 0 0 0 1 0 0 0 1 2.4 2.83 0.47</i>
                <i>1 0 0 0 1 0 0 0 1 2.4 2.83 0.47</i>
                <i>1 0 0 0 1 0 0 0 1 2.4 2.83 0.47</i>
                <i>1 0 0 0 1 0 0 0 1 2.4 2.83 0.47</i>
                <i>1 0 0 0 1 0 0 0 1 2.4 2.83 0.47</i>
                <i>1 0 0 0 1 0 0 0 1 2.4 2.83 0.47</i>
                <i>1 0 0 0 1 0 0 0 1 2.4 2.83 0.47</i>
                <i>1 0 0 0 1 0 0 0 1 2.4 2.83 0.47</i>
                <i>1 0 0 0 1 0 0 0 1 2.4 2.83 0.47</i>
                <i>1 0 0 0 1 0 0 0 1 2.4 2.83 0.47</i>
                <i>1 0 0 0 1 0 0 0 1 2.4 2.83 0.47</i>
                <i>1 0 0 0 1 0 0 0 1 2.4 2.83 0.47</i>
                <i>1 0 0 0 1 0 0 0 1 2.4 2.83 0.47</i>
                <i>1 0 0 0 1 0 0 0 1 2.4 2.83 0.47</i>
                <i>1 0 0 0 1 0 0 0 1 2.4 2.83 0.47</i>
                <i>1 0 0 0 1 0 0 0 1 2.4 2.83 0.47</i>
                <i>1 0 0 0 1 0 0 0 1 2.4 2.83 0.47</i>
                <i>1 0 0 0 1 0 0 0 1 2.4 2.83 0.47</i>
                <i>1 0 0 0 1 0 0 0 1 2.4 2.83 0.47</i>
                <i>1 0 0 0 1 0 0 0 1 2.4 2.83 0.47</i>
                <i>1 0 0 0 1 0 0 0 1 2.4 2.83 0.47</i>
                <i>1 0 0 0 1 0 0 0 1 2.4 2.83 0.47</i>
                <i>1 0 0 0 1 0 0 0 1 2.4 2.83 0.47</i>
                <i>1 0 0 0 1 0 0 0 1 2.4 2.83 0.47</i>
                <i>1 0 0 0 1 0 0 0 1 2.4 2.83 0.47</i>
            </KeyFrames>
        </RefFrame>
        <Bones count="23">
            <i>
                <p>
                    <Name>
                        <![CDATA[pelvis]]>
</Name>
                    <Exclude>0</Exclude>
                    <Additive>0</Additive>
                    <IKPriority>0</IKPriority>
                    <IKRotLimits>-1e+010 -1e+010 -1e+010 1e+010 1e+010 1e+010</IKRotLimits>
                    <IKRotLimitOrder>2</IKRotLimitOrder>
                    <KeyFrames count="107">
                        <i>1 0 0 0 1 0 0 0 1 2.21751 3.67258 0.150306</i>
                        <i>1 0 0 0 1 0 0 0 1 2.21329 3.52956 0.17851</i>
                        <i>1 0 0 0 1 0 0 0 1 2.21037 3.43657 0.206088</i>
                        <i>1 0 0 0 1 0 0 0 1 2.20851 3.54401 0.218339</i>
                        <i>1 0 0 0 1 0 0 0 1 2.20671 3.70372 0.216852</i>
                        <i>1 0 0 0 1 0 0 0 1 2.20018 3.78743 0.21341</i>
                        <i>1 0 0 0 1 0 0 0 1 2.18529 3.85274 0.20806</i>
                        <i>1 0 0 0 1 0 0 0 1 2.15821 3.87956 0.200545</i>
                        <i>1 0 0 0 1 0 0 0 1 2.10938 3.86429 0.183061</i>
                        <i>1 0 0 0 1 0 0 0 1 2.04249 3.82483 0.15256</i>
                        <i>1 0 0 0 1 0 0 0 1 1.97405 3.75223 0.116343</i>
                        <i>1 0 0 0 1 0 0 0 1 1.91916 3.66875 0.0813079</i>
                        <i>1 0 0 0 1 0 0 0 1 1.88333 3.63247 0.0490982</i>
                        <i>1 0 0 0 1 0 0 0 1 1.85659 3.6402 0.0109945</i>
                        <i>1 0 0 0 1 0 0 0 1 1.8333 3.64721 -0.0391091</i>
                        <i>1 0 0 0 1 0 0 0 1 1.81937 3.64586 -0.0968079</i>
                        <i>1 0 0 0 1 0 0 0 1 1.81748 3.64568 -0.155624</i>
                        <i>1 0 0 0 1 0 0 0 1 1.82618 3.64654 -0.208655</i>
                        <i>1 0 0 0 1 0 0 0 1 1.84054 3.64796 -0.250294</i>
                        <i>1 0 0 0 1 0 0 0 1 1.85377 3.64926 -0.276977</i>
                        <i>1 0 0 0 1 0 0 0 1 1.85931 3.64981 -0.286414</i>
                        <i>1 0 0 0 1 0 0 0 1 1.85931 3.64882 -0.286414</i>
                        <i>1 0 0 0 1 0 0 0 1 1.85931 3.6462 -0.286414</i>
                        <i>1 0 0 0 1 0 0 0 1 1.85931 3.64251 -0.286414</i>
                        <i>1 0 0 0 1 0 0 0 1 1.85931 3.63827 -0.286414</i>
                        <i>1 0 0 0 1 0 0 0 1 1.85931 3.63404 -0.286414</i>
                        <i>1 0 0 0 1 0 0 0 1 1.85931 3.63034 -0.286414</i>
                        <i>1 0 0 0 1 0 0 0 1 1.85931 3.62773 -0.286414</i>
                        <i>1 0 0 0 1 0 0 0 1 1.85931 3.62674 -0.286414</i>
                        <i>1 0 0 0 1 0 0 0 1 1.85931 3.62773 -0.286414</i>
                        <i>1 0 0 0 1 0 0 0 1 1.85931 3.63034 -0.286414</i>
                        <i>1 0 0 0 1 0 0 0 1 1.85931 3.63404 -0.286414</i>
                        <i>1 0 0 0 1 0 0 0 1 1.85931 3.63827 -0.286414</i>
                        <i>1 0 0 0 1 0 0 0 1 1.85931 3.64251 -0.286414</i>
                        <i>1 0 0 0 1 0 0 0 1 1.85931 3.6462 -0.286414</i>
                        <i>1 0 0 0 1 0 0 0 1 1.85931 3.64882 -0.286414</i>
                        <i>1 0 0 0 1 0 0 0 1 1.85931 3.64981 -0.286414</i>
                        <i>1 0 0 0 1 0 0 0 1 1.85931 3.64621 -0.286414</i>
                        <i>1 0 0 0 1 0 0 0 1 1.85931 3.63828 -0.286414</i>
                        <i>1 0 0 0 1 0 0 0 1 1.85931 3.63035 -0.286414</i>
                        <i>1 0 0 0 1 0 0 0 1 1.85931 3.62675 -0.286414</i>
                        <i>1 0 0 0 1 0 0 0 1 1.85931 3.62803 -0.286414</i>
                        <i>1 0 0 0 1 0 0 0 1 1.85931 3.63132 -0.286414</i>
                        <i>1 0 0 0 1 0 0 0 1 1.85931 3.63583 -0.286414</i>
                        <i>1 0 0 0 1 0 0 0 1 1.85931 3.64073 -0.286414</i>
                        <i>1 0 0 0 1 0 0 0 1 1.85931 3.64524 -0.286414</i>
                        <i>1 0 0 0 1 0 0 0 1 1.85931 3.64853 -0.286414</i>
                        <i>1 0 0 0 1 0 0 0 1 1.85931 3.64981 -0.286414</i>
                        <i>1 0 0 0 1 0 0 0 1 1.85931 3.64981 -0.286414</i>
                        <i>1 0 0 0 1 0 0 0 1 1.85931 3.64981 -0.286414</i>
                        <i>1 0 0 0 1 0 0 0 1 1.85931 3.64981 -0.286414</i>
                        <i>1 0 0 0 1 0 0 0 1 1.85931 3.64981 -0.286414</i>
                        <i>1 0 0 0 1 0 0 0 1 1.85931 3.64981 -0.286414</i>
                        <i>1 0 0 0 1 0 0 0 1 1.85931 3.64981 -0.286414</i>
                        <i>1 0 0 0 1 0 0 0 1 1.85931 3.64981 -0.286414</i>
                        <i>1 0 0 0 1 0 0 0 1 1.85931 3.64981 -0.286414</i>
                        <i>1 0 0 0 1 0 0 0 1 1.85931 3.64981 -0.286414</i>
                        <i>1 0 0 0 1 0 0 0 1 1.85931 3.64981 -0.286414</i>
                        <i>1 0 0 0 1 0 0 0 1 1.85931 3.64981 -0.286414</i>
                        <i>1 0 0 0 1 0 0 0 1 1.85931 3.64981 -0.286414</i>
                        <i>1 0 0 0 1 0 0 0 1 1.85931 3.64981 -0.286414</i>
                        <i>1 0 0 0 1 0 0 0 1 1.85931 3.64981 -0.286414</i>
                        <i>1 0 0 0 1 0 0 0 1 1.85931 3.65289 -0.286414</i>
                        <i>1 0 0 0 1 0 0 0 1 1.85931 3.66067 -0.286414</i>
                        <i>1 0 0 0 1 0 0 0 1 1.85931 3.67099 -0.286414</i>
                        <i>1 0 0 0 1 0 0 0 1 1.85931 3.68166 -0.286414</i>
                        <i>1 0 0 0 1 0 0 0 1 1.85931 3.69051 -0.286414</i>
                        <i>1 0 0 0 1 0 0 0 1 1.85931 3.69537 -0.286414</i>
                        <i>1 0 0 0 1 0 0 0 1 1.85931 3.69686 -0.286414</i>
                        <i>1 0 0 0 1 0 0 0 1 1.85931 3.69718 -0.286414</i>
                        <i>1 0 0 0 1 0 0 0 1 1.85931 3.6965 -0.286414</i>
                        <i>1 0 0 0 1 0 0 0 1 1.85931 3.69502 -0.286414</i>
                        <i>1 0 0 0 1 0 0 0 1 1.85931 3.69291 -0.286414</i>
                        <i>1 0 0 0 1 0 0 0 1 1.85931 3.69035 -0.286414</i>
                        <i>1 0 0 0 1 0 0 0 1 1.85931 3.68753 -0.286414</i>
                        <i>1 0 0 0 1 0 0 0 1 1.85931 3.68464 -0.286414</i>
                        <i>1 0 0 0 1 0 0 0 1 1.85931 3.68185 -0.286414</i>
                        <i>1 0 0 0 1 0 0 0 1 1.85931 3.67842 -0.286414</i>
                        <i>1 0 0 0 1 0 0 0 1 1.85931 3.67383 -0.286414</i>
                        <i>1 0 0 0 1 0 0 0 1 1.85931 3.66857 -0.286414</i>
                        <i>1 0 0 0 1 0 0 0 1 1.85931 3.66315 -0.286414</i>
                        <i>1 0 0 0 1 0 0 0 1 1.85931 3.65806 -0.286414</i>
                        <i>1 0 0 0 1 0 0 0 1 1.85931 3.65381 -0.286414</i>
                        <i>1 0 0 0 1 0 0 0 1 1.8607 3.65333 -0.27783</i>
                        <i>1 0 0 0 1 0 0 0 1 1.86523 3.6587 -0.254577</i>
                        <i>1 0 0 0 1 0 0 0 1 1.87455 3.66787 -0.220968</i>
                        <i>1 0 0 0 1 0 0 0 1 1.89032 3.67851 -0.181834</i>
                        <i>1 0 0 0 1 0 0 0 1 1.91288 3.68944 -0.141934</i>
                        <i>1 0 0 0 1 0 0 0 1 1.9407 3.69963 -0.104974</i>
                        <i>1 0 0 0 1 0 0 0 1 1.97062 3.70823 -0.0724747</i>
                        <i>1 0 0 0 1 0 0 0 1 1.99915 3.71461 -0.0430057</i>
                        <i>1 0 0 0 1 0 0 0 1 2.02415 3.71817 -0.012269</i>
                        <i>1 0 0 0 1 0 0 0 1 2.04926 3.71908 0.0227374</i>
                        <i>1 0 0 0 1 0 0 0 1 2.07986 3.71764 0.0609617</i>
                        <i>1 0 0 0 1 0 0 0 1 2.11897 3.71409 0.0983703</i>
                        <i>1 0 0 0 1 0 0 0 1 2.16615 3.70897 0.129675</i>
                        <i>1 0 0 0 1 0 0 0 1 2.21751 3.70327 0.150306</i>
                        <i>1 0 0 0 1 0 0 0 1 2.21751 3.70327 0.150306</i>
                        <i>1 0 0 0 1 0 0 0 1 2.21751 3.70327 0.150306</i>
                        <i>1 0 0 0 1 0 0 0 1 2.21751 3.70327 0.150306</i>
                        <i>1 0 0 0 1 0 0 0 1 2.21751 3.70327 0.150306</i>
                        <i>1 0 0 0 1 0 0 0 1 2.21751 3.70327 0.150306</i>
                        <i>1 0 0 0 1 0 0 0 1 2.21751 3.70327 0.150306</i>
                        <i>1 0 0 0 1 0 0 0 1 2.21751 3.70327 0.150306</i>
                        <i>1 0 0 0 1 0 0 0 1 2.21751 3.70327 0.150306</i>
                        <i>1 0 0 0 1 0 0 0 1 2.21751 3.70327 0.150306</i>
                        <i>1 0 0 0 1 0 0 0 1 2.21751 3.70327 0.150306</i>
                    </KeyFrames>
                </p>
            </i>
            <i>
                <p>
                    <Name>
                        <![CDATA[spine0]]>
</Name>
                    <Exclude>0</Exclude>
                    <Additive>0</Additive>
                    <IKPriority>0</IKPriority>
                    <IKRotLimits>-1e+010 -1e+010 -1e+010 1e+010 1e+010 1e+010</IKRotLimits>
                    <IKRotLimitOrder>0</IKRotLimitOrder>
                    <KeyFrames count="107">
                        <i>-0.00179709 0.983714 0.179734 -0.999998 -0.00165585 -0.000935881 -0.000623026 -0.179736 0.983715 2.21754 3.81142 0.112618</i>
                        <i>-0.000973114 0.962626 0.270833 -0.998305 0.0148265 -0.0562849 -0.0581968 -0.270428 0.96098 2.21718 3.67068 0.150846</i>
                        <i>-0.00617542 0.93335 0.358914 -0.993608 0.0347309 -0.107413 -0.112719 -0.357283 0.927169 2.21749 3.57919 0.188601</i>
                        <i>-0.0108858 0.920135 0.391449 -0.986025 0.0552041 -0.157183 -0.166239 -0.38769 0.906676 2.2188 3.68693 0.205544</i>
                        <i>-0.00962484 0.928232 0.371877 -0.975267 0.0734123 -0.208484 -0.220822 -0.364685 0.904567 2.22045 3.84633 0.203896</i>
                        <i>-0.00889772 0.940208 0.340485 -0.960595 0.0865605 -0.264129 -0.277809 -0.329418 0.902389 2.21693 3.92968 0.199956</i>
                        <i>-0.0122774 0.95273 0.30357 -0.940672 0.0919501 -0.326622 -0.339096 -0.289569 0.895077 2.20425 3.99466 0.19407</i>
                        <i>-0.0243711 0.963424 0.266873 -0.913223 0.0871549 -0.39803 -0.406731 -0.253415 0.877696 2.17819 4.02131 0.186283</i>
                        <i>-0.0571443 0.972097 0.227514 -0.874727 0.0610967 -0.48075 -0.481236 -0.226485 0.846828 2.12782 4.00616 0.167973</i>
                        <i>-0.110284 0.976138 0.187062 -0.819747 0.01709 -0.57247 -0.562007 -0.216478 0.798302 2.05725 3.96698 0.136028</i>
                        <i>-0.169779 0.973772 0.151471 -0.744364 -0.0259878 -0.667268 -0.64583 -0.226038 0.729253 1.98684 3.89419 0.0968668</i>
                        <i>-0.220057 0.967941 0.121101 -0.648993 -0.0525887 -0.758975 -0.728274 -0.245611 0.639759 1.93382 3.81015 0.0592619</i>
                        <i>-0.247216 0.964207 0.0958562 -0.537297 -0.0540864 -0.841657 -0.806347 -0.259574 0.531437 1.90137 3.77374 0.0287663</i>
                        <i>-0.25449 0.964729 0.0673315 -0.39532 -0.0402369 -0.917662 -0.882585 -0.260154 0.391617 1.87845 3.78156 -0.0043762</i>
                        <i>-0.252724 0.966975 0.0330078 -0.213751 -0.0225275 -0.976628 -0.943632 -0.253873 0.212385 1.86025 3.78824 -0.0480326</i>
                        <i>-0.239994 0.970774 -0.000133367 -0.0101456 -0.00264556 -0.999945 -0.970721 -0.239979 0.010484 1.85164 3.78606 -0.0972827</i>
                        <i>-0.218034 0.975604 -0.0256589 0.192215 0.0171511 -0.981203 -0.956825 -0.218867 -0.191265 1.85419 3.78443 -0.14578</i>
                        <i>-0.191297 0.980727 -0.0397422 0.370287 0.0346103 -0.928272 -0.909006 -0.192292 -0.369772 1.86584 3.7832 -0.187498</i>
                        <i>-0.164788 0.985432 -0.0420576 0.506945 0.0480417 -0.860639 -0.84608 -0.163143 -0.507476 1.88185 3.78198 -0.218221</i>
                        <i>-0.141949 0.989249 -0.0351678 0.59281 0.0565041 -0.803357 -0.792734 -0.134884 -0.594458 1.89654 3.78034 -0.235922</i>
                        <i>-0.123677 0.992054 -0.0231018 0.622786 0.0594747 -0.780129 -0.772555 -0.110872 -0.625192 1.90504 3.77802 -0.239852</i>
                        <i>-0.108286 0.994063 -0.0106341 0.622737 0.0594903 -0.780166 -0.774902 -0.091103 -0.625482 1.90898 3.77443 -0.236907</i>
                        <i>-0.0952392 0.995454 -8.77859e-005 0.622699 0.0595074 -0.780195 -0.776643 -0.0743598 -0.625536 1.91207 3.76961 -0.234611</i>
                        <i>-0.0853954 0.996316 0.00785827 0.622675 0.059524 -0.780213 -0.777807 -0.0617335 -0.625464 1.91409 3.76439 -0.233118</i>
                        <i>-0.0796372 0.996745 0.0125054 0.622668 0.0595382 -0.780218 -0.778423 -0.0543477 -0.625383 1.91481 3.75959 -0.232583</i>
                        <i>-0.0880044 0.996104 0.00574162 0.622663 0.0595087 -0.780224 -0.777525 -0.065088 -0.625474 1.91481 3.75535 -0.232583</i>
                        <i>-0.111061 0.993729 -0.0129449 0.622652 0.0594246 -0.78024 -0.774578 -0.094714 -0.625347 1.91481 3.75166 -0.232583</i>
                        <i>-0.134822 0.990344 -0.0322767 0.622639 0.059334 -0.780257 -0.770808 -0.125292 -0.624626 1.91481 3.74904 -0.232583</i>
                        <i>-0.143425 0.988881 -0.0392981 0.622634 0.0592979 -0.780264 -0.769257 -0.136378 -0.624215 1.91481 3.74805 -0.232583</i>
                        <i>-0.135176 0.990286 -0.0325752 0.622637 0.0593246 -0.780259 -0.770747 -0.125755 -0.624608 1.91481 3.74904 -0.232583</i>
                        <i>-0.120956 0.992436 -0.0210051 0.622644 0.0593725 -0.780249 -0.7731 -0.107455 -0.625116 1.91481 3.75166 -0.232583</i>
                        <i>-0.103057 0.994654 -0.00647727 0.622653 0.0594328 -0.780238 -0.775682 -0.0844423 -0.625449 1.91481 3.75535 -0.232583</i>
                        <i>-0.0836856 0.99645 0.00920029 0.622662 0.0594974 -0.780226 -0.778003 -0.059565 -0.62543 1.91481 3.75959 -0.232583</i>
                        <i>-0.0648814 0.997595 0.0243729 0.622671 0.0595591 -0.780214 -0.77979 -0.0354451 -0.625038 1.91481 3.76382 -0.232583</i>
                        <i>-0.0484953 0.998117 0.0375578 0.622678 0.0596119 -0.780204 -0.780974 -0.0144498 -0.624397 1.91481 3.76752 -0.232583</i>
                        <i>-0.0362214 0.998219 0.0474111 0.622684 0.0596507 -0.780197 -0.781635 0.00126231 -0.623735 1.91481 3.77013 -0.232583</i>
                        <i>-0.0296823 0.998172 0.0526522 0.622687 0.0596707 -0.780193 -0.781908 0.00962787 -0.623319 1.91481 3.77113 -0.232583</i>
                        <i>-0.0382169 0.998219 0.0458074 0.622682 0.059642 -0.780198 -0.781541 -0.00129328 -0.623853 1.91481 3.76752 -0.232583</i>
                        <i>-0.0619029 0.997723 0.0267653 0.622671 0.0595634 -0.780213 -0.780031 -0.0316315 -0.624941 1.91481 3.7596 -0.232583</i>
                        <i>-0.0879979 0.996104 0.00570464 0.622659 0.0594753 -0.78023 -0.77753 -0.0651065 -0.625467 1.91481 3.75167 -0.232583</i>
                        <i>-0.102192 0.994748 -0.00578717 0.622652 0.0594265 -0.780239 -0.775797 -0.0833372 -0.625454 1.91481 3.74807 -0.232583</i>
                        <i>-0.102697 0.994693 -0.00619663 0.622652 0.0594249 -0.78024 -0.775731 -0.0839866 -0.62545 1.91481 3.74934 -0.232583</i>
                        <i>-0.0987754 0.995105 -0.00301812 0.622654 0.059439 -0.780237 -0.776238 -0.0789475 -0.625477 1.91481 3.75264 -0.232583</i>
                        <i>-0.0918621 0.995768 0.00258021 0.622657 0.0594634 -0.780232 -0.777084 -0.0700672 -0.625485 1.91481 3.75714 -0.232583</i>
                        <i>-0.0833889 0.996472 0.00943303 0.622661 0.0594928 -0.780227 -0.778036 -0.0591887 -0.625426 1.91481 3.76205 -0.232583</i>
                        <i>-0.0747415 0.997068 0.0164169 0.622665 0.0595223 -0.780221 -0.77891 -0.0480926 -0.625288 1.91481 3.76655 -0.232583</i>
                        <i>-0.067242 0.997484 0.0224654 0.622669 0.0595473 -0.780216 -0.779591 -0.0384748 -0.625106 1.91481 3.76985 -0.232583</i>
                        <i>-0.062161 0.997713 0.0265584 0.622671 0.0595633 -0.780213 -0.780011 -0.0319617 -0.62495 1.91481 3.77113 -0.232583</i>
                        <i>-0.0641595 0.997565 0.0273415 0.622935 0.0614393 -0.779857 -0.779638 -0.0330032 -0.62536 1.91428 3.77154 -0.232978</i>
                        <i>-0.0760391 0.996802 0.0245543 0.623579 0.0667553 -0.778905 -0.778053 -0.0439156 -0.626661 1.91277 3.7727 -0.234095</i>
                        <i>-0.0962487 0.995179 0.0188384 0.624293 0.0750977 -0.777572 -0.775238 -0.0630796 -0.628511 1.91042 3.77441 -0.235836</i>
                        <i>-0.12322 0.99232 0.0108513 0.6247 0.086058 -0.776108 -0.771082 -0.0888529 -0.630506 1.90737 3.77651 -0.238108</i>
                        <i>-0.155365 0.987856 0.00127559 0.624429 0.0992074 -0.774756 -0.765474 -0.119574 -0.632259 1.90376 3.77881 -0.240812</i>
                        <i>-0.19109 0.98153 -0.0091805 0.623168 0.114085 -0.773723 -0.758384 -0.153571 -0.633458 1.89974 3.78115 -0.243842</i>
                        <i>-0.228804 0.973271 -0.0197913 0.62071 0.130199 -0.773154 -0.749912 -0.189186 -0.633909 1.89546 3.78338 -0.247079</i>
                        <i>-0.26695 0.963249 -0.0298306 0.616985 0.147046 -0.773115 -0.740315 -0.224788 -0.633564 1.89111 3.78541 -0.250395</i>
                        <i>-0.30402 0.951883 -0.0385926 0.612077 0.164127 -0.773578 -0.730022 -0.258805 -0.632524 1.88687 3.78715 -0.253648</i>
                        <i>-0.338584 0.93984 -0.0454134 0.606229 0.180978 -0.774425 -0.719616 -0.289739 -0.631034 1.88292 3.78857 -0.256691</i>
                        <i>-0.369294 0.927984 -0.0496852 0.599833 0.197187 -0.775447 -0.709804 -0.31617 -0.629455 1.87946 3.78966 -0.25937</i>
                        <i>-0.394881 0.917323 -0.0508617 0.593416 0.212402 -0.776365 -0.701374 -0.336754 -0.628228 1.87668 3.79043 -0.261531</i>
                        <i>-0.414136 0.908925 -0.0484492 0.587608 0.226324 -0.776849 -0.695132 -0.35019 -0.62782 1.87477 3.79091 -0.263019</i>
                        <i>-0.425862 0.903814 -0.0419833 0.583104 0.238678 -0.776545 -0.691832 -0.355182 -0.628661 1.87391 3.79111 -0.263683</i>
                        <i>-0.418693 0.90796 -0.0174825 0.577215 0.251214 -0.77699 -0.701084 -0.335412 -0.62927 1.87653 3.79364 -0.262142</i>
                        <i>-0.386926 0.921627 0.0298729 0.569355 0.264264 -0.77846 -0.725344 -0.284198 -0.626983 1.88361 3.79962 -0.258128</i>
                        <i>-0.338136 0.937115 0.0864818 0.562807 0.275011 -0.779498 -0.754263 -0.214904 -0.620406 1.89318 3.8068 -0.253192</i>
                        <i>-0.282299 0.949141 0.139424 0.559316 0.280919 -0.779904 -0.779405 -0.142184 -0.610173 1.90311 3.81338 -0.248606</i>
                        <i>-0.232235 0.956312 0.177578 0.558949 0.280627 -0.780272 -0.796017 -0.081949 -0.599701 1.91124 3.81818 -0.245161</i>
                        <i>-0.202305 0.960386 0.191654 0.561023 0.274059 -0.781118 -0.802699 -0.050502 -0.594242 1.91551 3.82057 -0.243249</i>
                        <i>-0.188069 0.964848 0.183572 0.563953 0.25911 -0.784104 -0.804106 -0.0439392 -0.592859 1.91667 3.82124 -0.242427</i>
                        <i>-0.175869 0.970773 0.163309 0.566133 0.235456 -0.789971 -0.805334 -0.0464767 -0.590996 1.91688 3.82132 -0.242024</i>
                        <i>-0.166189 0.976933 0.1341 0.567543 0.205971 -0.797164 -0.806397 -0.0563726 -0.588682 1.91628 3.82091 -0.242005</i>
                        <i>-0.159513 0.982214 0.0990496 0.568395 0.173413 -0.804273 -0.807145 -0.0719925 -0.585947 1.91501 3.82012 -0.242343</i>
                        <i>-0.156329 0.985811 0.0611417 0.568986 0.140483 -0.810259 -0.807351 -0.0918782 -0.582874 1.91321 3.81903 -0.243016</i>
                        <i>-0.157174 0.987296 0.0232901 0.569572 0.109889 -0.814562 -0.806774 -0.114762 -0.579608 1.911 3.81773 -0.243997</i>
                        <i>-0.162677 0.986611 -0.0116082 0.570266 0.0844141 -0.817111 -0.805191 -0.139545 -0.576363 1.90851 3.8163 -0.245254</i>
                        <i>-0.173596 0.983979 -0.0406198 0.570943 0.066949 -0.818255 -0.802426 -0.165238 -0.573418 1.90588 3.81485 -0.246744</i>
                        <i>-0.190795 0.979749 -0.0607326 0.571152 0.0604812 -0.818613 -0.798362 -0.190875 -0.571125 1.90323 3.81346 -0.248413</i>
                        <i>-0.218573 0.97243 -0.0812711 0.573067 0.0605048 -0.817272 -0.789822 -0.225208 -0.570493 1.89957 3.8118 -0.250576</i>
                        <i>-0.256835 0.960018 -0.11136 0.578651 0.0604623 -0.813331 -0.774079 -0.27333 -0.571045 1.89424 3.80944 -0.253466</i>
                        <i>-0.299886 0.942501 -0.147516 0.586805 0.0603271 -0.807478 -0.752149 -0.328714 -0.571156 1.88795 3.80642 -0.256882</i>
                        <i>-0.342424 0.920959 -0.18596 0.596374 0.0601119 -0.800453 -0.726005 -0.384996 -0.56982 1.8814 3.80293 -0.260554</i>
                        <i>-0.379928 0.897837 -0.222585 0.606125 0.0598641 -0.793114 -0.698762 -0.436241 -0.566945 1.87532 3.79928 -0.264119</i>
                        <i>-0.408836 0.876814 -0.253081 0.614752 0.0596409 -0.786462 -0.674487 -0.477116 -0.563407 1.87039 3.79594 -0.267128</i>
                        <i>-0.4272 0.865364 -0.262003 0.603613 0.0572159 -0.795222 -0.673165 -0.497867 -0.546788 1.86989 3.79584 -0.26043</i>
                        <i>-0.432801 0.869956 -0.236346 0.555166 0.0506499 -0.830196 -0.710263 -0.490521 -0.504891 1.87714 3.80107 -0.237648</i>
                        <i>-0.291764 0.955066 -0.0521705 0.469008 0.0953149 -0.878036 -0.83361 -0.280648 -0.475743 1.91456 3.80322 -0.19311</i>
                        <i>-0.0993551 0.990182 0.0983229 0.370107 0.128496 -0.92006 -0.923661 -0.0550226 -0.37924 1.95979 3.80084 -0.151742</i>
                        <i>-0.0506159 0.993172 0.105105 0.22615 0.113904 -0.96741 -0.972777 -0.025197 -0.230371 1.99014 3.80946 -0.123953</i>
                        <i>-0.00116686 0.995041 0.0994602 0.0551401 0.099373 -0.993521 -0.998478 0.00432495 -0.0549826 2.02351 3.81724 -0.10245</i>
                        <i>0.0415967 0.995787 0.0817179 -0.13476 0.086633 -0.987084 -0.990005 0.0300471 0.137796 2.05513 3.82364 -0.0878105</i>
                        <i>0.0708938 0.995864 0.0568288 -0.331811 0.077272 -0.940176 -0.940678 0.0477963 0.335916 2.08033 3.82843 -0.0769219</i>
                        <i>0.0829789 0.995975 0.0338866 -0.522033 0.0724076 -0.849847 -0.84888 0.0528294 0.52594 2.09658 3.83153 -0.0632739</i>
                        <i>0.0826741 0.996362 0.020674 -0.690999 0.0722601 -0.719235 -0.718113 0.0451764 0.694459 2.10857 3.83311 -0.0418923</i>
                        <i>0.0785508 0.996715 0.019714 -0.826761 0.076181 -0.557372 -0.557043 0.0274832 0.830029 2.12355 3.83322 -0.0127152</i>
                        <i>0.0589321 0.997243 0.0451033 -0.926191 0.0714775 -0.370217 -0.37242 -0.0199566 0.92785 2.14422 3.83608 0.0264176</i>
                        <i>0.0236989 0.994095 0.105891 -0.983777 0.0420306 -0.174405 -0.177826 -0.10004 0.978964 2.17503 3.84083 0.0728533</i>
                        <i>-0.00179709 0.983714 0.179734 -0.999998 -0.00165585 -0.000935881 -0.000623026 -0.179736 0.983715 2.21754 3.84211 0.112618</i>
                        <i>-0.00179709 0.983714 0.179734 -0.999998 -0.00165585 -0.000935881 -0.000623026 -0.179736 0.983715 2.21754 3.84211 0.112618</i>
                        <i>-0.00179709 0.983714 0.179734 -0.999998 -0.00165585 -0.000935881 -0.000623026 -0.179736 0.983715 2.21754 3.84211 0.112618</i>
                        <i>-0.00179709 0.983714 0.179734 -0.999998 -0.00165585 -0.000935881 -0.000623026 -0.179736 0.983715 2.21754 3.84211 0.112618</i>
                        <i>-0.00179709 0.983714 0.179734 -0.999998 -0.00165585 -0.000935881 -0.000623026 -0.179736 0.983715 2.21754 3.84211 0.112618</i>
                        <i>-0.00179709 0.983714 0.179734 -0.999998 -0.00165585 -0.000935881 -0.000623026 -0.179736 0.983715 2.21754 3.84211 0.112618</i>
                        <i>-0.00179709 0.983714 0.179734 -0.999998 -0.00165585 -0.000935881 -0.000623026 -0.179736 0.983715 2.21754 3.84211 0.112618</i>
                        <i>-0.00179709 0.983714 0.179734 -0.999998 -0.00165585 -0.000935881 -0.000623026 -0.179736 0.983715 2.21754 3.84211 0.112618</i>
                        <i>-0.00179709 0.983714 0.179734 -0.999998 -0.00165585 -0.000935881 -0.000623026 -0.179736 0.983715 2.21754 3.84211 0.112618</i>
                        <i>-0.00179709 0.983714 0.179734 -0.999998 -0.00165585 -0.000935881 -0.000623026 -0.179736 0.983715 2.21754 3.84211 0.112618</i>
                        <i>-0.00179709 0.983714 0.179734 -0.999998 -0.00165585 -0.000935881 -0.000623026 -0.179736 0.983715 2.21754 3.84211 0.112618</i>
                    </KeyFrames>
                </p>
            </i>
            <i>
                <p>
                    <Name>
                        <![CDATA[spine1]]>
</Name>
                    <Exclude>0</Exclude>
                    <Additive>0</Additive>
                    <IKPriority>0</IKPriority>
                    <IKRotLimits>-1e+010 -1e+010 -1e+010 1e+010 1e+010 1e+010</IKRotLimits>
                    <IKRotLimitOrder>0</IKRotLimitOrder>
                    <KeyFrames count="107">
                        <i>-0.00647999 0.833339 0.552725 -0.999979 -0.00564132 -0.00321809 0.000436335 -0.552734 0.833358 2.21723 3.9826 0.143878</i>
                        <i>-0.0312674 0.743221 0.668315 -0.998203 0.0109792 -0.058911 -0.0511215 -0.668956 0.741542 2.21701 3.83881 0.19813</i>
                        <i>-0.0652858 0.638238 0.767065 -0.993405 0.0310384 -0.110375 -0.0942543 -0.769213 0.632003 2.2164 3.74286 0.251512</i>
                        <i>-0.0974481 0.601422 0.792966 -0.985725 0.0515876 -0.160263 -0.137293 -0.797264 0.58781 2.21689 3.84844 0.274228</i>
                        <i>-0.117176 0.646751 0.753647 -0.974889 0.069796 -0.211471 -0.18937 -0.759501 0.622332 2.21877 4.00884 0.268979</i>
                        <i>-0.129544 0.714265 0.687782 -0.960127 0.0829417 -0.266976 -0.247737 -0.694943 0.675041 2.21539 4.09362 0.259308</i>
                        <i>-0.137712 0.78521 0.603722 -0.940082 0.0883219 -0.329311 -0.3119 -0.612898 0.725999 2.20212 4.16005 0.246755</i>
                        <i>-0.148263 0.844939 0.513902 -0.912458 0.0835126 -0.400557 -0.381363 -0.528302 0.75859 2.17398 4.18791 0.232423</i>
                        <i>-0.177447 0.886969 0.426379 -0.873689 0.0574352 -0.483083 -0.452969 -0.458244 0.764743 2.11797 4.1738 0.207204</i>
                        <i>-0.233101 0.906054 0.353171 -0.818346 0.013425 -0.574568 -0.525332 -0.422949 0.738337 2.03826 4.1351 0.168242</i>
                        <i>-0.336183 0.880558 0.334064 -0.742595 -0.0296754 -0.669083 -0.579253 -0.473009 0.663874 1.95754 4.06224 0.123002</i>
                        <i>-0.466338 0.818283 0.336068 -0.646909 -0.0563425 -0.760483 -0.603355 -0.572048 0.55563 1.89566 3.97807 0.0802624</i>
                        <i>-0.547342 0.783718 0.293604 -0.534988 -0.0578648 -0.842876 -0.643587 -0.618416 0.450952 1.85837 3.94152 0.0454377</i>
                        <i>-0.571729 0.794025 0.206521 -0.392864 -0.0439691 -0.918545 -0.720267 -0.606293 0.337082 1.83412 3.94968 0.00735013</i>
                        <i>-0.581068 0.807188 0.103959 -0.211214 -0.026205 -0.977089 -0.78597 -0.589713 0.185716 1.81603 3.95754 -0.0422586</i>
                        <i>-0.56754 0.823345 -0.000827137 -0.00762809 -0.00626267 -0.999951 -0.823311 -0.567506 0.00983487 1.80936 3.95718 -0.0973066</i>
                        <i>-0.531403 0.841913 -0.0937707 0.194615 0.0136003 -0.980785 -0.824461 -0.539442 -0.171076 1.81548 3.9578 -0.150333</i>
                        <i>-0.480329 0.861622 -0.163988 0.372506 0.0311336 -0.927507 -0.794055 -0.506595 -0.335913 1.83161 3.95895 -0.194603</i>
                        <i>-0.425984 0.880857 -0.206465 0.508968 0.044649 -0.859627 -0.74799 -0.471271 -0.467348 1.85213 3.95999 -0.22579</i>
                        <i>-0.379686 0.89811 -0.221896 0.594676 0.0532053 -0.802203 -0.70866 -0.436541 -0.554286 1.87076 3.96032 -0.242282</i>
                        <i>-0.349095 0.912324 -0.214002 0.624577 0.0562778 -0.778933 -0.698596 -0.405582 -0.589463 1.88246 3.95954 -0.244035</i>
                        <i>-0.328413 0.923888 -0.196407 0.624511 0.0563932 -0.778977 -0.708612 -0.378484 -0.595499 1.88914 3.95707 -0.238814</i>
                        <i>-0.309754 0.933506 -0.180605 0.624467 0.0564953 -0.779006 -0.717003 -0.354082 -0.600443 1.89459 3.95293 -0.234579</i>
                        <i>-0.293819 0.941129 -0.167171 0.624442 0.056574 -0.779019 -0.7237 -0.333279 -0.604304 1.89842 3.94795 -0.231621</i>
                        <i>-0.281233 0.946773 -0.156616 0.624437 0.0566194 -0.77902 -0.728688 -0.316883 -0.607124 1.90022 3.94295 -0.230235</i>
                        <i>-0.307003 0.934875 -0.178204 0.624428 0.056558 -0.779032 -0.718219 -0.350441 -0.601126 1.89859 3.93969 -0.231469</i>
                        <i>-0.375113 0.896492 -0.23578 0.624408 0.0563714 -0.779062 -0.685131 -0.43946 -0.580922 1.89401 3.93848 -0.234954</i>
                        <i>-0.441068 0.848526 -0.292339 0.624397 0.0561492 -0.779086 -0.644661 -0.526166 -0.554583 1.88917 3.93807 -0.23867</i>
                        <i>-0.467586 0.825786 -0.315343 0.624387 0.0560313 -0.779103 -0.625703 -0.561194 -0.54181 1.88737 3.93795 -0.240051</i>
                        <i>-0.455262 0.836614 -0.304653 0.624367 0.0560472 -0.779118 -0.634746 -0.544918 -0.547871 1.88902 3.93869 -0.238745</i>
                        <i>-0.429076 0.858106 -0.282041 0.624343 0.0561037 -0.779133 -0.652755 -0.510398 -0.559825 1.89187 3.94063 -0.23651</i>
                        <i>-0.392543 0.884898 -0.25073 0.624318 0.056183 -0.779147 -0.675379 -0.462384 -0.574512 1.89543 3.94328 -0.23374</i>
                        <i>-0.349623 0.91206 -0.214266 0.624296 0.0562688 -0.779158 -0.698583 -0.406177 -0.589069 1.89922 3.94619 -0.2308</i>
                        <i>-0.305003 0.935816 -0.176696 0.624279 0.0563481 -0.779166 -0.7192 -0.347956 -0.601397 1.90284 3.94898 -0.228006</i>
                        <i>-0.264063 0.95392 -0.142502 0.624267 0.0564119 -0.779172 -0.735229 -0.29471 -0.610397 1.90595 3.9513 -0.22562</i>
                        <i>-0.232623 0.965575 -0.116413 0.624257 0.0564539 -0.779176 -0.745781 -0.253926 -0.6159 1.90824 3.95284 -0.223861</i>
                        <i>-0.216622 0.970786 -0.103193 0.62425 0.0564698 -0.779181 -0.750591 -0.233206 -0.618246 1.90945 3.95329 -0.222932</i>
                        <i>-0.242456 0.962131 -0.124572 0.624248 0.0564249 -0.779186 -0.742651 -0.266682 -0.614289 1.90786 3.9506 -0.224136</i>
                        <i>-0.306718 0.934977 -0.178161 0.624256 0.0563114 -0.779188 -0.718491 -0.350209 -0.600937 1.90339 3.94488 -0.227559</i>
                        <i>-0.371618 0.898686 -0.232945 0.624273 0.0561755 -0.779184 -0.687156 -0.43498 -0.581901 1.89834 3.93907 -0.231446</i>
                        <i>-0.404561 0.876464 -0.261039 0.624286 0.0560959 -0.779179 -0.668279 -0.478189 -0.569858 1.89554 3.93648 -0.233611</i>
                        <i>-0.405421 0.875848 -0.261773 0.624287 0.0560949 -0.779179 -0.667757 -0.479317 -0.569522 1.89545 3.93778 -0.233688</i>
                        <i>-0.395668 0.882734 -0.253432 0.624285 0.0561226 -0.779178 -0.673584 -0.46651 -0.573283 1.89622 3.94077 -0.233087</i>
                        <i>-0.378579 0.894217 -0.238859 0.624281 0.0561676 -0.779178 -0.683338 -0.444096 -0.579507 1.89759 3.94474 -0.232032</i>
                        <i>-0.35746 0.907422 -0.220925 0.624277 0.0562189 -0.779178 -0.694623 -0.416443 -0.586578 1.89925 3.94898 -0.230752</i>
                        <i>-0.335818 0.919874 -0.202629 0.624271 0.0562663 -0.779179 -0.705345 -0.388158 -0.593146 1.90093 3.95278 -0.229459</i>
                        <i>-0.317403 0.929645 -0.187124 0.624266 0.0563015 -0.779181 -0.713826 -0.364129 -0.598216 1.90237 3.95547 -0.228347</i>
                        <i>-0.306132 0.935264 -0.177666 0.624259 0.0563169 -0.779185 -0.718738 -0.349443 -0.601087 1.90334 3.95638 -0.227598</i>
                        <i>-0.307134 0.935891 -0.172558 0.624088 0.0611864 -0.778955 -0.718458 -0.346935 -0.602871 1.90245 3.95657 -0.227854</i>
                        <i>-0.321548 0.931917 -0.167743 0.623346 0.0749791 -0.778343 -0.712774 -0.354836 -0.605016 1.89874 3.95743 -0.229492</i>
                        <i>-0.347245 0.923516 -0.162909 0.621362 0.0964713 -0.777562 -0.702374 -0.37123 -0.607337 1.89266 3.95873 -0.232295</i>
                        <i>-0.381975 0.910619 -0.157693 0.617257 0.124388 -0.776866 -0.687814 -0.394081 -0.609599 1.88462 3.96022 -0.236046</i>
                        <i>-0.423402 0.893152 -0.151691 0.610157 0.157369 -0.776494 -0.669656 -0.421324 -0.611593 1.87507 3.96164 -0.240523</i>
                        <i>-0.46915 0.871219 -0.144486 0.599374 0.193966 -0.776613 -0.648575 -0.450949 -0.613185 1.86444 3.96278 -0.245488</i>
                        <i>-0.516879 0.845237 -0.135684 0.584545 0.232686 -0.777281 -0.625415 -0.481073 -0.614349 1.85319 3.96349 -0.250689</i>
                        <i>-0.564362 0.816015 -0.12496 0.565726 0.272057 -0.778421 -0.601207 -0.510004 -0.615179 1.84177 3.96368 -0.255863</i>
                        <i>-0.609573 0.784763 -0.112103 0.543441 0.310726 -0.779821 -0.577142 -0.536279 -0.615883 1.83066 3.96336 -0.260738</i>
