<?xml version="1.0" encoding="ISO-8859-1" ?>
<Animl Version="1">
    <ModellingPackage>
        <![CDATA[Maya.2010]]>
</ModellingPackage>
    <SrcFile>
        <![CDATA[anims\turrets\antiair\blue\~src\aa_bofors\aa_bofors_idle_crewman_a.mb]]>
</SrcFile>
    <FramesPerSecond>30</FramesPerSecond>
    <TotalFrames>97</TotalFrames>
    <Skeleton>
        <RefFrame>
            <Name>
                <![CDATA[soldier_ref_frame]]>
</Name>
            <Exclude>0</Exclude>
            <Additive>0</Additive>
            <IKPriority>0</IKPriority>
            <IKRotLimits>-1e+010 -1e+010 -1e+010 1e+010 1e+010 1e+010</IKRotLimits>
            <IKRotLimitOrder>0</IKRotLimitOrder>
            <KeyFrames count="97">
                <i>1 0 0 0 1 0 0 0 1 0.17 3 -2.34</i>
                <i>1 0 0 0 1 0 0 0 1 0.17 3 -2.34</i>
                <i>1 0 0 0 1 0 0 0 1 0.17 3 -2.34</i>
                <i>1 0 0 0 1 0 0 0 1 0.17 3 -2.34</i>
                <i>1 0 0 0 1 0 0 0 1 0.17 3 -2.34</i>
                <i>1 0 0 0 1 0 0 0 1 0.17 3 -2.34</i>
                <i>1 0 0 0 1 0 0 0 1 0.17 3 -2.34</i>
                <i>1 0 0 0 1 0 0 0 1 0.17 3 -2.34</i>
                <i>1 0 0 0 1 0 0 0 1 0.17 3 -2.34</i>
                <i>1 0 0 0 1 0 0 0 1 0.17 3 -2.34</i>
                <i>1 0 0 0 1 0 0 0 1 0.17 3 -2.34</i>
                <i>1 0 0 0 1 0 0 0 1 0.17 3 -2.34</i>
                <i>1 0 0 0 1 0 0 0 1 0.17 3 -2.34</i>
                <i>1 0 0 0 1 0 0 0 1 0.17 3 -2.34</i>
                <i>1 0 0 0 1 0 0 0 1 0.17 3 -2.34</i>
                <i>1 0 0 0 1 0 0 0 1 0.17 3 -2.34</i>
                <i>1 0 0 0 1 0 0 0 1 0.17 3 -2.34</i>
                <i>1 0 0 0 1 0 0 0 1 0.17 3 -2.34</i>
                <i>1 0 0 0 1 0 0 0 1 0.17 3 -2.34</i>
                <i>1 0 0 0 1 0 0 0 1 0.17 3 -2.34</i>
                <i>1 0 0 0 1 0 0 0 1 0.17 3 -2.34</i>
                <i>1 0 0 0 1 0 0 0 1 0.17 3 -2.34</i>
                <i>1 0 0 0 1 0 0 0 1 0.17 3 -2.34</i>
                <i>1 0 0 0 1 0 0 0 1 0.17 3 -2.34</i>
                <i>1 0 0 0 1 0 0 0 1 0.17 3 -2.34</i>
                <i>1 0 0 0 1 0 0 0 1 0.17 3 -2.34</i>
                <i>1 0 0 0 1 0 0 0 1 0.17 3 -2.34</i>
                <i>1 0 0 0 1 0 0 0 1 0.17 3 -2.34</i>
                <i>1 0 0 0 1 0 0 0 1 0.17 3 -2.34</i>
                <i>1 0 0 0 1 0 0 0 1 0.17 3 -2.34</i>
                <i>1 0 0 0 1 0 0 0 1 0.17 3 -2.34</i>
                <i>1 0 0 0 1 0 0 0 1 0.17 3 -2.34</i>
                <i>1 0 0 0 1 0 0 0 1 0.17 3 -2.34</i>
                <i>1 0 0 0 1 0 0 0 1 0.17 3 -2.34</i>
                <i>1 0 0 0 1 0 0 0 1 0.17 3 -2.34</i>
                <i>1 0 0 0 1 0 0 0 1 0.17 3 -2.34</i>
                <i>1 0 0 0 1 0 0 0 1 0.17 3 -2.34</i>
                <i>1 0 0 0 1 0 0 0 1 0.17 3 -2.34</i>
                <i>1 0 0 0 1 0 0 0 1 0.17 3 -2.34</i>
                <i>1 0 0 0 1 0 0 0 1 0.17 3 -2.34</i>
                <i>1 0 0 0 1 0 0 0 1 0.17 3 -2.34</i>
                <i>1 0 0 0 1 0 0 0 1 0.17 3 -2.34</i>
                <i>1 0 0 0 1 0 0 0 1 0.17 3 -2.34</i>
                <i>1 0 0 0 1 0 0 0 1 0.17 3 -2.34</i>
                <i>1 0 0 0 1 0 0 0 1 0.17 3 -2.34</i>
                <i>1 0 0 0 1 0 0 0 1 0.17 3 -2.34</i>
                <i>1 0 0 0 1 0 0 0 1 0.17 3 -2.34</i>
                <i>1 0 0 0 1 0 0 0 1 0.17 3 -2.34</i>
                <i>1 0 0 0 1 0 0 0 1 0.17 3 -2.34</i>
                <i>1 0 0 0 1 0 0 0 1 0.17 3 -2.34</i>
                <i>1 0 0 0 1 0 0 0 1 0.17 3 -2.34</i>
                <i>1 0 0 0 1 0 0 0 1 0.17 3 -2.34</i>
                <i>1 0 0 0 1 0 0 0 1 0.17 3 -2.34</i>
                <i>1 0 0 0 1 0 0 0 1 0.17 3 -2.34</i>
                <i>1 0 0 0 1 0 0 0 1 0.17 3 -2.34</i>
                <i>1 0 0 0 1 0 0 0 1 0.17 3 -2.34</i>
                <i>1 0 0 0 1 0 0 0 1 0.17 3 -2.34</i>
                <i>1 0 0 0 1 0 0 0 1 0.17 3 -2.34</i>
                <i>1 0 0 0 1 0 0 0 1 0.17 3 -2.34</i>
                <i>1 0 0 0 1 0 0 0 1 0.17 3 -2.34</i>
                <i>1 0 0 0 1 0 0 0 1 0.17 3 -2.34</i>
                <i>1 0 0 0 1 0 0 0 1 0.17 3 -2.34</i>
                <i>1 0 0 0 1 0 0 0 1 0.17 3 -2.34</i>
                <i>1 0 0 0 1 0 0 0 1 0.17 3 -2.34</i>
                <i>1 0 0 0 1 0 0 0 1 0.17 3 -2.34</i>
                <i>1 0 0 0 1 0 0 0 1 0.17 3 -2.34</i>
                <i>1 0 0 0 1 0 0 0 1 0.17 3 -2.34</i>
                <i>1 0 0 0 1 0 0 0 1 0.17 3 -2.34</i>
                <i>1 0 0 0 1 0 0 0 1 0.17 3 -2.34</i>
                <i>1 0 0 0 1 0 0 0 1 0.17 3 -2.34</i>
                <i>1 0 0 0 1 0 0 0 1 0.17 3 -2.34</i>
                <i>1 0 0 0 1 0 0 0 1 0.17 3 -2.34</i>
                <i>1 0 0 0 1 0 0 0 1 0.17 3 -2.34</i>
                <i>1 0 0 0 1 0 0 0 1 0.17 3 -2.34</i>
                <i>1 0 0 0 1 0 0 0 1 0.17 3 -2.34</i>
                <i>1 0 0 0 1 0 0 0 1 0.17 3 -2.34</i>
                <i>1 0 0 0 1 0 0 0 1 0.17 3 -2.34</i>
                <i>1 0 0 0 1 0 0 0 1 0.17 3 -2.34</i>
                <i>1 0 0 0 1 0 0 0 1 0.17 3 -2.34</i>
                <i>1 0 0 0 1 0 0 0 1 0.17 3 -2.34</i>
                <i>1 0 0 0 1 0 0 0 1 0.17 3 -2.34</i>
                <i>1 0 0 0 1 0 0 0 1 0.17 3 -2.34</i>
                <i>1 0 0 0 1 0 0 0 1 0.17 3 -2.34</i>
                <i>1 0 0 0 1 0 0 0 1 0.17 3 -2.34</i>
                <i>1 0 0 0 1 0 0 0 1 0.17 3 -2.34</i>
                <i>1 0 0 0 1 0 0 0 1 0.17 3 -2.34</i>
                <i>1 0 0 0 1 0 0 0 1 0.17 3 -2.34</i>
                <i>1 0 0 0 1 0 0 0 1 0.17 3 -2.34</i>
                <i>1 0 0 0 1 0 0 0 1 0.17 3 -2.34</i>
                <i>1 0 0 0 1 0 0 0 1 0.17 3 -2.34</i>
                <i>1 0 0 0 1 0 0 0 1 0.17 3 -2.34</i>
                <i>1 0 0 0 1 0 0 0 1 0.17 3 -2.34</i>
                <i>1 0 0 0 1 0 0 0 1 0.17 3 -2.34</i>
                <i>1 0 0 0 1 0 0 0 1 0.17 3 -2.34</i>
                <i>1 0 0 0 1 0 0 0 1 0.17 3 -2.34</i>
                <i>1 0 0 0 1 0 0 0 1 0.17 3 -2.34</i>
                <i>1 0 0 0 1 0 0 0 1 0.17 3 -2.34</i>
            </KeyFrames>
        </RefFrame>
        <Bones count="23">
            <i>
                <p>
                    <Name>
                        <![CDATA[pelvis]]>
</Name>
                    <Exclude>0</Exclude>
                    <Additive>0</Additive>
                    <IKPriority>0</IKPriority>
                    <IKRotLimits>-1e+010 -1e+010 -1e+010 1e+010 1e+010 1e+010</IKRotLimits>
                    <IKRotLimitOrder>2</IKRotLimitOrder>
                    <KeyFrames count="97">
                        <i>1 0 0 0 1 0 0 0 1 0.123391 4.12224 -2.21927</i>
                        <i>1 0 0 0 1 0 0 0 1 0.123008 4.12211 -2.21929</i>
                        <i>1 0 0 0 1 0 0 0 1 0.121878 4.12173 -2.21936</i>
                        <i>1 0 0 0 1 0 0 0 1 0.120036 4.12112 -2.21946</i>
                        <i>1 0 0 0 1 0 0 0 1 0.117513 4.12031 -2.21959</i>
                        <i>1 0 0 0 1 0 0 0 1 0.114341 4.11932 -2.21976</i>
                        <i>1 0 0 0 1 0 0 0 1 0.110553 4.11817 -2.21995</i>
                        <i>1 0 0 0 1 0 0 0 1 0.10618 4.11688 -2.22016</i>
                        <i>1 0 0 0 1 0 0 0 1 0.101256 4.11548 -2.22039</i>
                        <i>1 0 0 0 1 0 0 0 1 0.095813 4.11399 -2.22063</i>
                        <i>1 0 0 0 1 0 0 0 1 0.0898824 4.11243 -2.22088</i>
                        <i>1 0 0 0 1 0 0 0 1 0.0834969 4.11083 -2.22113</i>
                        <i>1 0 0 0 1 0 0 0 1 0.076689 4.10921 -2.22137</i>
                        <i>1 0 0 0 1 0 0 0 1 0.0694909 4.10758 -2.22161</i>
                        <i>1 0 0 0 1 0 0 0 1 0.0619352 4.10598 -2.22183</i>
                        <i>1 0 0 0 1 0 0 0 1 0.0540541 4.10442 -2.22204</i>
                        <i>1 0 0 0 1 0 0 0 1 0.0458803 4.10293 -2.22222</i>
                        <i>1 0 0 0 1 0 0 0 1 0.0374462 4.10153 -2.22238</i>
                        <i>1 0 0 0 1 0 0 0 1 0.0287843 4.10024 -2.22251</i>
                        <i>1 0 0 0 1 0 0 0 1 0.0199271 4.09909 -2.2226</i>
                        <i>1 0 0 0 1 0 0 0 1 0.0109074 4.0981 -2.22267</i>
                        <i>1 0 0 0 1 0 0 0 1 0.00175756 4.09729 -2.22269</i>
                        <i>1 0 0 0 1 0 0 0 1 -0.00748969 4.09668 -2.22268</i>
                        <i>1 0 0 0 1 0 0 0 1 -0.0168017 4.0963 -2.22263</i>
                        <i>1 0 0 0 1 0 0 0 1 -0.0261459 4.09617 -2.22254</i>
                        <i>1 0 0 0 1 0 0 0 1 -0.0354897 4.0963 -2.22241</i>
                        <i>1 0 0 0 1 0 0 0 1 -0.0448003 4.09668 -2.22224</i>
                        <i>1 0 0 0 1 0 0 0 1 -0.0540453 4.09729 -2.22204</i>
                        <i>1 0 0 0 1 0 0 0 1 -0.063192 4.0981 -2.2218</i>
                        <i>1 0 0 0 1 0 0 0 1 -0.0722078 4.09909 -2.22152</i>
                        <i>1 0 0 0 1 0 0 0 1 -0.0810602 4.10024 -2.22122</i>
                        <i>1 0 0 0 1 0 0 0 1 -0.0897167 4.10153 -2.22089</i>
                        <i>1 0 0 0 1 0 0 0 1 -0.0981449 4.10293 -2.22053</i>
                        <i>1 0 0 0 1 0 0 0 1 -0.106312 4.10442 -2.22015</i>
                        <i>1 0 0 0 1 0 0 0 1 -0.114186 4.10598 -2.21976</i>
                        <i>1 0 0 0 1 0 0 0 1 -0.121735 4.10758 -2.21936</i>
                        <i>1 0 0 0 1 0 0 0 1 -0.128925 4.10921 -2.21896</i>
                        <i>1 0 0 0 1 0 0 0 1 -0.135725 4.11083 -2.21855</i>
                        <i>1 0 0 0 1 0 0 0 1 -0.142103 4.11243 -2.21816</i>
                        <i>1 0 0 0 1 0 0 0 1 -0.148026 4.11399 -2.21777</i>
                        <i>1 0 0 0 1 0 0 0 1 -0.153463 4.11548 -2.2174</i>
                        <i>1 0 0 0 1 0 0 0 1 -0.15838 4.11688 -2.21706</i>
                        <i>1 0 0 0 1 0 0 0 1 -0.162746 4.11817 -2.21674</i>
                        <i>1 0 0 0 1 0 0 0 1 -0.166529 4.11932 -2.21646</i>
                        <i>1 0 0 0 1 0 0 0 1 -0.169696 4.12031 -2.21622</i>
                        <i>1 0 0 0 1 0 0 0 1 -0.172215 4.12112 -2.21603</i>
                        <i>1 0 0 0 1 0 0 0 1 -0.174055 4.12173 -2.21588</i>
                        <i>1 0 0 0 1 0 0 0 1 -0.175182 4.12211 -2.21579</i>
                        <i>1 0 0 0 1 0 0 0 1 -0.175565 4.12224 -2.21576</i>
                        <i>1 0 0 0 1 0 0 0 1 -0.175182 4.12211 -2.21579</i>
                        <i>1 0 0 0 1 0 0 0 1 -0.174055 4.12173 -2.21588</i>
                        <i>1 0 0 0 1 0 0 0 1 -0.172215 4.12112 -2.21603</i>
                        <i>1 0 0 0 1 0 0 0 1 -0.169696 4.12031 -2.21622</i>
                        <i>1 0 0 0 1 0 0 0 1 -0.166529 4.11932 -2.21646</i>
                        <i>1 0 0 0 1 0 0 0 1 -0.162746 4.11817 -2.21674</i>
                        <i>1 0 0 0 1 0 0 0 1 -0.15838 4.11688 -2.21706</i>
                        <i>1 0 0 0 1 0 0 0 1 -0.153463 4.11548 -2.2174</i>
                        <i>1 0 0 0 1 0 0 0 1 -0.148026 4.11399 -2.21777</i>
                        <i>1 0 0 0 1 0 0 0 1 -0.142103 4.11243 -2.21816</i>
                        <i>1 0 0 0 1 0 0 0 1 -0.135725 4.11083 -2.21855</i>
                        <i>1 0 0 0 1 0 0 0 1 -0.128925 4.10921 -2.21896</i>
                        <i>1 0 0 0 1 0 0 0 1 -0.121735 4.10758 -2.21936</i>
                        <i>1 0 0 0 1 0 0 0 1 -0.114186 4.10598 -2.21976</i>
                        <i>1 0 0 0 1 0 0 0 1 -0.106312 4.10442 -2.22015</i>
                        <i>1 0 0 0 1 0 0 0 1 -0.0981448 4.10293 -2.22053</i>
                        <i>1 0 0 0 1 0 0 0 1 -0.0897167 4.10153 -2.22089</i>
                        <i>1 0 0 0 1 0 0 0 1 -0.0810602 4.10024 -2.22122</i>
                        <i>1 0 0 0 1 0 0 0 1 -0.0722078 4.09909 -2.22152</i>
                        <i>1 0 0 0 1 0 0 0 1 -0.063192 4.0981 -2.2218</i>
                        <i>1 0 0 0 1 0 0 0 1 -0.0540453 4.09729 -2.22204</i>
                        <i>1 0 0 0 1 0 0 0 1 -0.0448004 4.09668 -2.22224</i>
                        <i>1 0 0 0 1 0 0 0 1 -0.0354897 4.0963 -2.22241</i>
                        <i>1 0 0 0 1 0 0 0 1 -0.0261459 4.09617 -2.22254</i>
                        <i>1 0 0 0 1 0 0 0 1 -0.0168017 4.0963 -2.22263</i>
                        <i>1 0 0 0 1 0 0 0 1 -0.00748969 4.09668 -2.22268</i>
                        <i>1 0 0 0 1 0 0 0 1 0.00175754 4.09729 -2.22269</i>
                        <i>1 0 0 0 1 0 0 0 1 0.0109073 4.0981 -2.22267</i>
                        <i>1 0 0 0 1 0 0 0 1 0.0199271 4.09909 -2.2226</i>
                        <i>1 0 0 0 1 0 0 0 1 0.0287842 4.10024 -2.22251</i>
                        <i>1 0 0 0 1 0 0 0 1 0.0374462 4.10153 -2.22238</i>
                        <i>1 0 0 0 1 0 0 0 1 0.0458803 4.10293 -2.22222</i>
                        <i>1 0 0 0 1 0 0 0 1 0.0540541 4.10442 -2.22204</i>
                        <i>1 0 0 0 1 0 0 0 1 0.0619352 4.10598 -2.22183</i>
                        <i>1 0 0 0 1 0 0 0 1 0.0694909 4.10758 -2.22161</i>
                        <i>1 0 0 0 1 0 0 0 1 0.076689 4.10921 -2.22137</i>
                        <i>1 0 0 0 1 0 0 0 1 0.0834969 4.11083 -2.22113</i>
                        <i>1 0 0 0 1 0 0 0 1 0.0898823 4.11243 -2.22088</i>
                        <i>1 0 0 0 1 0 0 0 1 0.095813 4.11399 -2.22063</i>
                        <i>1 0 0 0 1 0 0 0 1 0.101256 4.11548 -2.22039</i>
                        <i>1 0 0 0 1 0 0 0 1 0.10618 4.11688 -2.22016</i>
                        <i>1 0 0 0 1 0 0 0 1 0.110553 4.11817 -2.21995</i>
                        <i>1 0 0 0 1 0 0 0 1 0.114341 4.11932 -2.21976</i>
                        <i>1 0 0 0 1 0 0 0 1 0.117513 4.12031 -2.21959</i>
                        <i>1 0 0 0 1 0 0 0 1 0.120036 4.12112 -2.21946</i>
                        <i>1 0 0 0 1 0 0 0 1 0.121878 4.12173 -2.21936</i>
                        <i>1 0 0 0 1 0 0 0 1 0.123008 4.12211 -2.21929</i>
                        <i>1 0 0 0 1 0 0 0 1 0.123391 4.12224 -2.21927</i>
                    </KeyFrames>
                </p>
            </i>
            <i>
                <p>
                    <Name>
                        <![CDATA[spine0]]>
</Name>
                    <Exclude>0</Exclude>
                    <Additive>0</Additive>
                    <IKPriority>0</IKPriority>
                    <IKRotLimits>-1e+010 -1e+010 -1e+010 1e+010 1e+010 1e+010</IKRotLimits>
                    <IKRotLimitOrder>0</IKRotLimitOrder>
                    <KeyFrames count="97">
                        <i>0.115535 0.987808 0.104346 -0.965824 0.087179 0.244097 0.232024 -0.128981 0.964121 0.123117 4.26245 -2.25149</i>
                        <i>0.113847 0.98796 0.104755 -0.965969 0.0854257 0.244145 0.232257 -0.128986 0.964064 0.1225 4.26233 -2.25145</i>
                        <i>0.111915 0.988134 0.105195 -0.966058 0.0833856 0.244497 0.232824 -0.128987 0.963927 0.121099 4.26196 -2.25145</i>
                        <i>0.109808 0.988322 0.105649 -0.966087 0.0811326 0.245142 0.233707 -0.128985 0.963714 0.118958 4.26137 -2.25148</i>
                        <i>0.107599 0.988516 0.106105 -0.966048 0.0787408 0.246071 0.23489 -0.12898 0.963427 0.116117 4.26057 -2.25154</i>
                        <i>0.105359 0.98871 0.106549 -0.965938 0.0762842 0.247275 0.236355 -0.128972 0.963069 0.112618 4.25959 -2.25164</i>
                        <i>0.103157 0.988897 0.106965 -0.96575 0.0738371 0.248746 0.238086 -0.128961 0.962644 0.108503 4.25845 -2.25175</i>
                        <i>0.101067 0.989072 0.107338 -0.965481 0.0714737 0.250474 0.240065 -0.128948 0.962155 0.103813 4.25718 -2.2519</i>
                        <i>0.0991573 0.989231 0.107653 -0.965128 0.0692684 0.252449 0.242273 -0.128931 0.961603 0.0985907 4.25579 -2.25206</i>
                        <i>0.0974997 0.98937 0.107893 -0.964686 0.0672956 0.254662 0.244695 -0.128912 0.960992 0.092877 4.25431 -2.25225</i>
                        <i>0.0961642 0.989485 0.108039 -0.964152 0.0656296 0.257105 0.247311 -0.128891 0.960325 0.0867135 4.25275 -2.25245</i>
                        <i>0.0952209 0.989572 0.108073 -0.963525 0.0643449 0.259766 0.250104 -0.128867 0.959605 0.080142 4.25115 -2.25266</i>
                        <i>0.0947394 0.989629 0.107974 -0.962802 0.0635159 0.262638 0.253056 -0.12884 0.958834 0.0732038 4.24953 -2.25289</i>
                        <i>0.0946687 0.98966 0.107754 -0.961988 0.063092 0.265703 0.256157 -0.128812 0.958014 0.065924 4.2479 -2.25312</i>
                        <i>0.0948983 0.989672 0.10744 -0.961096 0.0629615 0.268942 0.2594 -0.128782 0.957145 0.0583192 4.2463 -2.25334</i>
                        <i>0.0954085 0.989667 0.107037 -0.96013 0.0631063 0.272338 0.262769 -0.128753 0.95623 0.0504187 4.24474 -2.25356</i>
                        <i>0.0961798 0.989645 0.106549 -0.959093 0.0635085 0.275877 0.266254 -0.128724 0.955269 0.0422521 4.24324 -2.25377</i>
                        <i>0.0971923 0.989607 0.105979 -0.957988 0.0641501 0.279542 0.269838 -0.128696 0.954266 0.0338486 4.24184 -2.25395</i>
                        <i>0.0984264 0.989554 0.105332 -0.95682 0.065013 0.283318 0.273511 -0.12867 0.953224 0.0252378 4.24054 -2.25412</i>
                        <i>0.0998624 0.989487 0.104611 -0.955592 0.0660793 0.287189 0.277257 -0.128645 0.952144 0.016449 4.23938 -2.25426</i>
                        <i>0.101481 0.989405 0.103821 -0.954308 0.067331 0.29114 0.281065 -0.128622 0.95103 0.00751193 4.23838 -2.25437</i>
                        <i>0.103262 0.98931 0.102967 -0.952973 0.0687499 0.295154 0.28492 -0.128603 0.949885 -0.00154395 4.23756 -2.25445</i>
                        <i>0.105187 0.989202 0.102053 -0.951591 0.0703181 0.299216 0.288809 -0.128587 0.948712 -0.010689 4.23694 -2.2545</i>
                        <i>0.107236 0.989081 0.101086 -0.950166 0.0720176 0.303311 0.292719 -0.128574 0.947515 -0.0198937 4.23655 -2.25451</i>
                        <i>0.10939 0.988949 0.100071 -0.948704 0.0738303 0.307423 0.296638 -0.128566 0.946296 -0.0291282 4.23641 -2.25449</i>
                        <i>0.111627 0.988805 0.0990139 -0.947211 0.0757357 0.311537 0.300551 -0.128563 0.945061 -0.038363 4.23652 -2.25442</i>
                        <i>0.113916 0.988652 0.0979262 -0.945694 0.0777025 0.315636 0.304445 -0.128564 0.943814 -0.0475683 4.23689 -2.25432</i>
                        <i>0.116223 0.988493 0.096819 -0.94416 0.0796969 0.319703 0.308308 -0.128569 0.942558 -0.0567144 4.23749 -2.25419</i>
                        <i>0.118514 0.988329 0.0957046 -0.94262 0.0816851 0.323722 0.312127 -0.128579 0.941299 -0.0657716 4.23828 -2.25401</i>
                        <i>0.120755 0.988165 0.094596 -0.941081 0.0836333 0.327677 0.315888 -0.128591 0.940042 -0.0747101 4.23926 -2.2538</i>
                        <i>0.122914 0.988002 0.0935067 -0.939554 0.0855077 0.331552 0.319579 -0.128607 0.938792 -0.0835002 4.2404 -2.25355</i>
                        <i>0.124957 0.987845 0.0924511 -0.938049 0.0872746 0.335331 0.323186 -0.128625 0.937553 -0.0921122 4.24168 -2.25327</i>
                        <i>0.126851 0.987698 0.0914438 -0.936577 0.0889004 0.338998 0.326698 -0.128646 0.936332 -0.100516 4.24307 -2.25295</i>
                        <i>0.128565 0.987563 0.0905002 -0.935149 0.0903514 0.342538 0.330101 -0.12867 0.935135 -0.108683 4.24455 -2.25261</i>
                        <i>0.130066 0.987445 0.0896361 -0.933777 0.0915938 0.345936 0.333383 -0.128694 0.933967 -0.116582 4.2461 -2.25225</i>
                        <i>0.131321 0.987349 0.0888675 -0.932471 0.092594 0.349177 0.336531 -0.128721 0.932833 -0.124185 4.2477 -2.25186</i>
                        <i>0.132299 0.987277 0.0882111 -0.931244 0.0933183 0.352245 0.339532 -0.128748 0.931741 -0.131461 4.24933 -2.25145</i>
                        <i>0.133032 0.987226 0.0876746 -0.930101 0.0937957 0.355125 0.342365 -0.128789 0.930698 -0.138372 4.25095 -2.25103</i>
                        <i>0.133572 0.987191 0.087251 -0.929046 0.0940805 0.357803 0.345011 -0.128852 0.929712 -0.144877 4.25256 -2.25061</i>
                        <i>0.13392 0.987172 0.0869351 -0.928082 0.0941765 0.360269 0.34746 -0.12893 0.928789 -0.150941 4.25412 -2.25019</i>
                        <i>0.134076 0.987169 0.0867214 -0.927217 0.0940876 0.362513 0.349702 -0.129014 0.927935 -0.156532 4.25562 -2.24977</i>
                        <i>0.134043 0.987184 0.0866042 -0.926456 0.0938176 0.364525 0.351728 -0.129097 0.927158 -0.161615 4.25703 -2.24938</i>
                        <i>0.133818 0.987217 0.0865773 -0.925803 0.0933704 0.366294 0.353527 -0.12917 0.926463 -0.166156 4.25832 -2.249</i>
                        <i>0.133404 0.987268 0.0866344 -0.925264 0.0927498 0.36781 0.355091 -0.129227 0.925857 -0.170122 4.25948 -2.24866</i>
                        <i>0.132799 0.987338 0.0867689 -0.924844 0.0919595 0.369063 0.35641 -0.129259 0.925345 -0.17348 4.26049 -2.24836</i>
                        <i>0.132003 0.987426 0.0869739 -0.924547 0.0910035 0.370041 0.357474 -0.129258 0.924935 -0.176195 4.26131 -2.2481</i>
                        <i>0.131016 0.987534 0.0872418 -0.924379 0.0898856 0.370735 0.358272 -0.129217 0.924632 -0.178234 4.26192 -2.24789</i>
                        <i>0.129838 0.987661 0.087565 -0.924342 0.0886094 0.371134 0.358795 -0.129127 0.924441 -0.179564 4.26231 -2.24774</i>
                        <i>0.128467 0.987808 0.0879353 -0.924441 0.087179 0.371226 0.359033 -0.128981 0.924369 -0.180151 4.26245 -2.24765</i>
                        <i>0.126818 0.98796 0.0886113 -0.924706 0.0854257 0.370975 0.358938 -0.128986 0.924406 -0.179981 4.26233 -2.2476</i>
                        <i>0.124871 0.988134 0.0894316 -0.925124 0.0833856 0.370396 0.358543 -0.128987 0.924559 -0.179081 4.26196 -2.24759</i>
                        <i>0.122694 0.988322 0.0903648 -0.92568 0.0811326 0.369506 0.357859 -0.128985 0.924824 -0.177477 4.26137 -2.24764</i>
                        <i>0.120357 0.988516 0.0913793 -0.926358 0.0787408 0.368321 0.356896 -0.12898 0.925197 -0.175192 4.26057 -2.24773</i>
                        <i>0.117929 0.98871 0.0924439 -0.927143 0.0762842 0.366859 0.355665 -0.128972 0.925672 -0.17225 4.25959 -2.24787</i>
                        <i>0.11548 0.988897 0.0935273 -0.928021 0.0738371 0.365137 0.354177 -0.128961 0.926244 -0.168675 4.25845 -2.24806</i>
                        <i>0.113079 0.989072 0.0945991 -0.928977 0.0714737 0.36317 0.35244 -0.128948 0.926908 -0.164493 4.25718 -2.24829</i>
                        <i>0.110799 0.989231 0.0956296 -0.929998 0.0692684 0.360978 0.350466 -0.128931 0.927658 -0.159727 4.25579 -2.24856</i>
                        <i>0.108708 0.98937 0.0965899 -0.931072 0.0672956 0.358576 0.348264 -0.128912 0.92849 -0.1544 4.25431 -2.24887</i>
                        <i>0.106879 0.989485 0.0974524 -0.932185 0.0656296 0.355983 0.345844 -0.128891 0.929397 -0.148538 4.25275 -2.24922</i>
                        <i>0.105383 0.989572 0.0981905 -0.933326 0.0643449 0.353216 0.343215 -0.128867 0.930375 -0.142164 4.25115 -2.2496</i>
                        <i>0.104292 0.989629 0.0987789 -0.934484 0.0635159 0.350294 0.340387 -0.12884 0.931417 -0.135301 4.24953 -2.25002</i>
                        <i>0.103561 0.98966 0.0992374 -0.935656 0.063092 0.347229 0.337377 -0.128812 0.932515 -0.127991 4.2479 -2.25045</i>
                        <i>0.10309 0.989672 0.0996073 -0.936846 0.0629615 0.344029 0.334205 -0.128782 0.933661 -0.12028 4.2463 -2.25089</i>
                        <i>0.102862 0.989667 0.099896 -0.938049 0.0631063 0.340708 0.330884 -0.128753 0.934847 -0.112206 4.24474 -2.25134</i>
                        <i>0.102864 0.989645 0.100111 -0.93926 0.0635085 0.337278 0.327428 -0.128724 0.936067 -0.103804 4.24324 -2.25178</i>
                        <i>0.103081 0.989607 0.100261 -0.940476 0.0641501 0.333752 0.323851 -0.128696 0.937314 -0.0951102 4.24184 -2.2522</i>
                        <i>0.103499 0.989554 0.100352 -0.94169 0.065013 0.330141 0.320168 -0.12867 0.938582 -0.0861608 4.24054 -2.25262</i>
                        <i>0.104103 0.989487 0.100392 -0.942899 0.0660793 0.326459 0.316393 -0.128645 0.939865 -0.076992 4.23938 -2.25301</i>
                        <i>0.104878 0.989405 0.100388 -0.944097 0.067331 0.322718 0.31254 -0.128622 0.941156 -0.0676401 4.23838 -2.25337</i>
                        <i>0.105809 0.98931 0.100348 -0.945281 0.0687499 0.318932 0.308624 -0.128603 0.94245 -0.0581414 4.23756 -2.25371</i>
                        <i>0.106881 0.989202 0.100277 -0.946446 0.0703181 0.315112 0.304658 -0.128587 0.943742 -0.0485322 4.23694 -2.254</i>
                        <i>0.10808 0.989081 0.100183 -0.947588 0.0720176 0.311272 0.300658 -0.128574 0.945026 -0.038849 4.23655 -2.25427</i>
                        <i>0.10939 0.988949 0.100071 -0.948704 0.0738303 0.307423 0.296638 -0.128566 0.946296 -0.0291282 4.23641 -2.25449</i>
                        <i>0.110792 0.988805 0.0999469 -0.949791 0.0757357 0.30358 0.292612 -0.128563 0.947549 -0.0194064 4.23652 -2.25467</i>
                        <i>0.11226 0.988652 0.0998204 -0.950847 0.0777025 0.299752 0.288595 -0.128564 0.94878 -0.00971995 4.23689 -2.2548</i>
                        <i>0.113761 0.988493 0.0996998 -0.951872 0.0796969 0.295953 0.284601 -0.128569 0.949985 -0.000105456 4.23749 -2.2549</i>
                        <i>0.115265 0.988329 0.0995934 -0.952865 0.0816851 0.292192 0.280646 -0.128579 0.95116 0.00940055 4.23828 -2.25495</i>
                        <i>0.11674 0.988165 0.0995085 -0.953826 0.0836333 0.288481 0.276745 -0.128591 0.952301 0.0187615 4.23926 -2.25495</i>
                        <i>0.118155 0.988002 0.0994522 -0.954756 0.0855077 0.284833 0.272911 -0.128607 0.953404 0.0279409 4.2404 -2.25492</i>
                        <i>0.119478 0.987845 0.0994307 -0.955656 0.0872746 0.281257 0.269161 -0.128625 0.954467 0.0369023 4.24168 -2.25484</i>
                        <i>0.120677 0.987698 0.0994499 -0.956526 0.0889004 0.277766 0.265508 -0.128646 0.955487 0.045609 4.24307 -2.25473</i>
                        <i>0.121721 0.987563 0.0995152 -0.95737 0.0903514 0.274372 0.261968 -0.12867 0.956461 0.0540246 4.24455 -2.25458</i>
                        <i>0.122578 0.987445 0.0996313 -0.958188 0.0915938 0.271085 0.258556 -0.128694 0.957385 0.0621125 4.2461 -2.2544</i>
                        <i>0.123215 0.987349 0.0998028 -0.958982 0.092594 0.267917 0.255286 -0.128721 0.958259 0.0698364 4.2477 -2.25419</i>
                        <i>0.123602 0.987277 0.100034 -0.959755 0.0933183 0.264879 0.252174 -0.128748 0.959079 0.0771597 4.24933 -2.25396</i>
                        <i>0.12377 0.987226 0.100326 -0.960504 0.0937957 0.261983 0.249226 -0.128789 0.959844 0.0840552 4.25095 -2.25371</i>
                        <i>0.123773 0.987191 0.100669 -0.961219 0.0940805 0.259242 0.24645 -0.128852 0.960552 0.0904987 4.25256 -2.25344</i>
                        <i>0.123615 0.987172 0.101052 -0.961899 0.0941765 0.256672 0.243863 -0.12893 0.961201 0.0964585 4.25412 -2.25317</i>
                        <i>0.1233 0.987169 0.101461 -0.96254 0.0940876 0.254292 0.241483 -0.129014 0.961791 0.101903 4.25562 -2.2529</i>
                        <i>0.12283 0.987184 0.101885 -0.963138 0.0938176 0.252117 0.239327 -0.129097 0.962318 0.1068 4.25703 -2.25264</i>
                        <i>0.122209 0.987217 0.102313 -0.96369 0.0933704 0.250166 0.237415 -0.12917 0.962782 0.111119 4.25832 -2.25238</i>
                        <i>0.121442 0.987268 0.102733 -0.964193 0.0927498 0.248455 0.235763 -0.129227 0.96318 0.114828 4.25948 -2.25215</i>
                        <i>0.120531 0.987338 0.103134 -0.964642 0.0919595 0.247001 0.234389 -0.129259 0.963511 0.117895 4.26049 -2.25195</i>
                        <i>0.119481 0.987426 0.103506 -0.965034 0.0910035 0.245821 0.233311 -0.129258 0.963773 0.120289 4.26131 -2.25177</i>
                        <i>0.118296 0.987534 0.103839 -0.965365 0.0898856 0.244932 0.232546 -0.129217 0.963964 0.121979 4.26192 -2.25163</i>
                        <i>0.116979 0.987661 0.104122 -0.96563 0.0886094 0.244352 0.232111 -0.129127 0.96408 0.122932 4.26231 -2.25154</i>
                        <i>0.115535 0.987808 0.104346 -0.965824 0.087179 0.244097 0.232024 -0.128981 0.964121 0.123117 4.26245 -2.25149</i>
                    </KeyFrames>
                </p>
            </i>
            <i>
                <p>
                    <Name>
                        <![CDATA[spine1]]>
</Name>
                    <Exclude>0</Exclude>
                    <Additive>0</Additive>
                    <IKPriority>0</IKPriority>
                    <IKRotLimits>-1e+010 -1e+010 -1e+010 1e+010 1e+010 1e+010</IKRotLimits>
                    <IKRotLimitOrder>0</IKRotLimitOrder>
                    <KeyFrames count="97">
                        <i>0.219399 0.936554 0.273368 -0.974865 0.199312 0.0995629 0.0387605 -0.288341 0.956743 0.143055 4.43293 -2.23349</i>
                        <i>0.217682 0.936837 0.273771 -0.975229 0.197485 0.0996398 0.0392808 -0.288679 0.95662 0.142146 4.43284 -2.23338</i>
                        <i>0.215562 0.937203 0.274197 -0.975662 0.195153 0.0999936 0.040204 -0.289079 0.956461 0.140412 4.43249 -2.2333</i>
                        <i>0.213125 0.937632 0.274633 -0.976143 0.192408 0.100617 0.0414997 -0.289525 0.95627 0.137906 4.43193 -2.23326</i>
                        <i>0.210458 0.938109 0.275063 -0.976651 0.189344 0.101501 0.0431374 -0.290002 0.956053 0.134683 4.43116 -2.23324</i>
                        <i>0.207646 0.938615 0.275474 -0.977164 0.186051 0.102639 0.0450862 -0.290496 0.955814 0.130797 4.4302 -2.23326</i>
                        <i>0.204776 0.939135 0.27585 -0.977665 0.182623 0.104023 0.047315 -0.29099 0.955555 0.1263 4.42908 -2.2333</i>
                        <i>0.201933 0.939654 0.276178 -0.978133 0.179151 0.105645 0.0497923 -0.291472 0.955283 0.121249 4.42783 -2.23338</i>
                        <i>0.199204 0.940159 0.27644 -0.978551 0.175731 0.107498 0.0524865 -0.291925 0.955 0.115696 4.42645 -2.2335</i>
                        <i>0.196675 0.940638 0.27662 -0.978904 0.172453 0.109574 0.0553657 -0.292335 0.954712 0.109694 4.42498 -2.23364</i>
                        <i>0.194433 0.941081 0.2767 -0.979176 0.169412 0.111865 0.058398 -0.292689 0.954423 0.103299 4.42343 -2.23382</i>
                        <i>0.192562 0.941477 0.276661 -0.979352 0.166702 0.114364 0.0615514 -0.292971 0.954138 0.0965635 4.42183 -2.23403</i>
                        <i>0.191149 0.941817 0.276483 -0.97942 0.164416 0.117063 0.0647942 -0.293169 0.953862 0.0895408 4.4202 -2.23427</i>
                        <i>0.190163 0.942107 0.276174 -0.979386 0.162525 0.119951 0.0681217 -0.293291 0.953593 0.0822473 4.41856 -2.23454</i>
                        <i>0.189516 0.942358 0.275762 -0.979268 0.160941 0.123014 0.0715421 -0.293358 0.953322 0.0746807 4.41694 -2.23482</i>
                        <i>0.189206 0.94257 0.27525 -0.979066 0.159667 0.126241 0.0750426 -0.293373 0.953048 0.0668669 4.41537 -2.23511</i>
                        <i>0.189233 0.942743 0.274638 -0.97878 0.158707 0.129619 0.0786108 -0.293338 0.952771 0.0588318 4.41385 -2.2354</i>
                        <i>0.189597 0.942877 0.273928 -0.978412 0.158063 0.133137 0.0822342 -0.293257 0.95249 0.0506017 4.41243 -2.23569</i>
                        <i>0.190294 0.94297 0.273123 -0.977962 0.157738 0.136783 0.0859006 -0.293133 0.952205 0.0422024 4.41112 -2.23597</i>
                        <i>0.191326 0.943022 0.272221 -0.977428 0.157736 0.140545 0.0895976 -0.292967 0.951915 0.0336601 4.40993 -2.23623</i>
                        <i>0.19269 0.943031 0.271226 -0.976813 0.158059 0.14441 0.093313 -0.292763 0.951621 0.025001 4.40891 -2.23648</i>
                        <i>0.194386 0.942996 0.270136 -0.976114 0.158712 0.148365 0.0970343 -0.292523 0.951322 0.0162514 4.40807 -2.23671</i>
                        <i>0.196412 0.942914 0.268952 -0.975332 0.159695 0.1524 0.100749 -0.292251 0.95102 0.00743742 4.40742 -2.23692</i>
                        <i>0.198767 0.942784 0.267676 -0.974465 0.161013 0.156499 0.104446 -0.291948 0.950714 -0.0014145 4.40701 -2.2371</i>
                        <i>0.20145 0.942602 0.266308 -0.973514 0.162668 0.160652 0.108111 -0.291617 0.950406 -0.010278 4.40684 -2.23725</i>
                        <i>0.204449 0.942367 0.264849 -0.972479 0.164654 0.164842 0.111733 -0.291262 0.950096 -0.0191271 4.40693 -2.23737</i>
                        <i>0.207718 0.942083 0.263312 -0.971369 0.166926 0.169052 0.115307 -0.290888 0.949783 -0.0279375 4.40728 -2.23745</i>
                        <i>0.2112 0.941755 0.26171 -0.970193 0.16943 0.173259 0.118827 -0.290501 0.949468 -0.0366854 4.40785 -2.2375</i>
                        <i>0.214838 0.941389 0.260059 -0.968964 0.172112 0.177446 0.122286 -0.29011 0.949148 -0.045347 4.40863 -2.23752</i>
                        <i>0.218577 0.940992 0.258375 -0.967692 0.174918 0.181591 0.125681 -0.289719 0.948824 -0.0538981 4.40959 -2.2375</i>
                        <i>0.22236 0.940571 0.256676 -0.966392 0.177795 0.185675 0.129004 -0.289337 0.948495 -0.0623149 4.41071 -2.23743</i>
                        <i>0.226133 0.940132 0.254981 -0.965077 0.180689 0.189679 0.132251 -0.288969 0.94816 -0.0705733 4.41197 -2.23733</i>
                        <i>0.229841 0.939685 0.253309 -0.963761 0.183545 0.193585 0.135415 -0.288623 0.947818 -0.0786493 4.41335 -2.23719</i>
                        <i>0.233429 0.939237 0.251682 -0.962461 0.186312 0.197374 0.13849 -0.288307 0.94747 -0.0865187 4.41482 -2.23701</i>
                        <i>0.236845 0.938799 0.25012 -0.961192 0.188935 0.201029 0.141469 -0.288026 0.947115 -0.0941576 4.41636 -2.2368</i>
                        <i>0.240035 0.938381 0.248647 -0.959972 0.191362 0.204533 0.144348 -0.287789 0.946753 -0.101542 4.41796 -2.23654</i>
                        <i>0.242945 0.937991 0.247285 -0.958819 0.193538 0.207869 0.14712 -0.287602 0.946383 -0.108647 4.41959 -2.23625</i>
                        <i>0.245582 0.937629 0.246051 -0.957738 0.195474 0.211018 0.14976 -0.287474 0.946008 -0.11543 4.42122 -2.23592</i>
                        <i>0.247977 0.937288 0.244945 -0.956729 0.197205 0.213963 0.152241 -0.287404 0.945633 -0.12184 4.42284 -2.23556</i>
                        <i>0.250108 0.936976 0.243971 -0.955803 0.198711 0.21669 0.154554 -0.287384 0.945264 -0.127842 4.42441 -2.2352</i>
                        <i>0.251955 0.9367 0.243131 -0.954969 0.199977 0.219187 0.156692 -0.287408 0.944905 -0.133404 4.42593 -2.23482</i>
                        <i>0.253498 0.936466 0.242428 -0.954238 0.200984 0.221439 0.158646 -0.287468 0.94456 -0.13849 4.42735 -2.23444</i>
                        <i>0.254716 0.936281 0.241865 -0.953619 0.201714 0.223434 0.160409 -0.287559 0.944234 -0.143069 4.42866 -2.23407</i>
                        <i>0.255589 0.936151 0.241444 -0.953121 0.202151 0.225157 0.161973 -0.287673 0.943933 -0.147105 4.42984 -2.23372</i>
                        <i>0.256095 0.936084 0.241167 -0.952753 0.202277 0.226595 0.16333 -0.287802 0.943659 -0.150566 4.43087 -2.23339</i>
                        <i>0.256214 0.936086 0.241036 -0.952525 0.202073 0.227733 0.164471 -0.287941 0.943419 -0.153417 4.43171 -2.23309</i>
                        <i>0.255923 0.936161 0.241052 -0.952444 0.201523 0.228557 0.165389 -0.288082 0.943215 -0.155626 4.43235 -2.23284</i>
                        <i>0.255202 0.936315 0.241216 -0.952518 0.200609 0.229053 0.166075 -0.288218 0.943053 -0.157159 4.43276 -2.23263</i>
                        <i>0.254028 0.936554 0.241528 -0.952754 0.199312 0.229204 0.166523 -0.288341 0.942937 -0.157982 4.43293 -2.23248</i>
                        <i>0.252297 0.936837 0.242244 -0.953183 0.197485 0.229 0.166697 -0.288679 0.942803 -0.158097 4.43284 -2.23231</i>
                        <i>0.250006 0.937203 0.243204 -0.953798 0.195153 0.228441 0.166633 -0.289079 0.942691 -0.157534 4.43249 -2.23216</i>
                        <i>0.247244 0.937632 0.244368 -0.95457 0.192408 0.227541 0.166331 -0.289525 0.942608 -0.156306 4.43193 -2.23205</i>
                        <i>0.2441 0.938109 0.245698 -0.955474 0.189344 0.226317 0.165789 -0.290002 0.942557 -0.154425 4.43116 -2.23197</i>
                        <i>0.24066 0.938615 0.247155 -0.956481 0.186051 0.224785 0.165003 -0.290496 0.942542 -0.151903 4.4302 -2.23192</i>
                        <i>0.237014 0.939135 0.248698 -0.957568 0.182623 0.222962 0.163973 -0.29099 0.94257 -0.148752 4.42908 -2.23193</i>
                        <i>0.233251 0.939654 0.250289 -0.95871 0.179151 0.220863 0.162695 -0.291472 0.942642 -0.144986 4.42783 -2.23197</i>
                        <i>0.22946 0.940159 0.251891 -0.959882 0.175731 0.218507 0.161166 -0.291925 0.942765 -0.140614 4.42645 -2.23207</i>
                        <i>0.225731 0.940638 0.253466 -0.961063 0.172453 0.215911 0.159383 -0.292335 0.942941 -0.13565 4.42498 -2.23222</i>
                        <i>0.222156 0.941081 0.254979 -0.962232 0.169412 0.213094 0.157342 -0.292689 0.943174 -0.130105 4.42343 -2.23242</i>
                        <i>0.218824 0.941477 0.256394 -0.963369 0.166702 0.210074 0.155038 -0.292971 0.943467 -0.12399 4.42183 -2.23268</i>
                        <i>0.215828 0.941817 0.25768 -0.964454 0.164416 0.206872 0.152469 -0.293169 0.943825 -0.117317 4.4202 -2.23299</i>
                        <i>0.213149 0.942107 0.258847 -0.96549 0.162525 0.203506 0.149656 -0.293291 0.944237 -0.110134 4.41856 -2.23334</i>
                        <i>0.210709 0.942358 0.259928 -0.966489 0.160941 0.199994 0.146633 -0.293358 0.94469 -0.102507 4.41694 -2.23372</i>
                        <i>0.208519 0.94257 0.260924 -0.967446 0.159667 0.196352 0.143414 -0.293373 0.94518 -0.0944733 4.41537 -2.23412</i>
                        <i>0.206585 0.942743 0.261835 -0.968358 0.158707 0.192598 0.140016 -0.293338 0.9457 -0.0860722 4.41385 -2.23452</i>
                        <i>0.204919 0.942877 0.262663 -0.969221 0.158063 0.188751 0.136451 -0.293257 0.946246 -0.0773423 4.41243 -2.23493</i>
                        <i>0.203527 0.94297 0.26341 -0.97003 0.157738 0.184826 0.132736 -0.293133 0.946813 -0.068322 4.41112 -2.23532</i>
                        <i>0.202419 0.943022 0.264077 -0.970781 0.157736 0.180843 0.128885 -0.292967 0.947396 -0.0590502 4.40993 -2.23571</i>
                        <i>0.201605 0.943031 0.264667 -0.971469 0.158059 0.176818 0.124912 -0.292763 0.947991 -0.0495657 4.40891 -2.23607</i>
                        <i>0.201092 0.942996 0.265182 -0.972091 0.158712 0.172769 0.120833 -0.292523 0.948593 -0.0399072 4.40807 -2.23642</i>
                        <i>0.200889 0.942914 0.265625 -0.972642 0.159695 0.168714 0.116664 -0.292251 0.949199 -0.0301138 4.40742 -2.23673</i>
                        <i>0.201006 0.942784 0.265999 -0.973118 0.161013 0.164669 0.112418 -0.291948 0.949804 -0.0202244 4.40701 -2.23701</i>
                        <i>0.20145 0.942602 0.266308 -0.973514 0.162668 0.160652 0.108111 -0.291617 0.950406 -0.010278 4.40684 -2.23725</i>
                        <i>0.20222 0.942367 0.266555 -0.973828 0.164654 0.156678 0.103759 -0.291262 0.951 -0.000314247 4.40693 -2.23745</i>
                        <i>0.203279 0.942083 0.266754 -0.974064 0.166926 0.152759 0.0993832 -0.290888 0.951581 0.00962551 4.40728 -2.23761</i>
                        <i>0.204578 0.941755 0.266918 -0.974229 0.16943 0.148903 0.0950063 -0.290501 0.952146 0.0194994 4.40785 -2.23772</i>
                        <i>0.20607 0.941389 0.26706 -0.974329 0.172112 0.14512 0.0906503 -0.29011 0.95269 0.0292654 4.40863 -2.23779</i>
                        <i>0.207705 0.940992 0.267193 -0.974374 0.174918 0.141419 0.0863377 -0.289719 0.95321 0.0388817 4.40959 -2.23781</i>
                        <i>0.209437 0.940571 0.267326 -0.97437 0.177795 0.13781 0.0820908 -0.289337 0.953701 0.0483062 4.41071 -2.23778</i>
                        <i>0.211215 0.940132 0.267469 -0.974328 0.180689 0.1343 0.0779316 -0.288969 0.954161 0.057497 4.41197 -2.23771</i>
                        <i>0.212991 0.939685 0.267632 -0.974257 0.183545 0.1309 0.0738825 -0.288623 0.954588 0.066412 4.41335 -2.23759</i>
