<?xml version="1.0" encoding="ISO-8859-1" ?>
<Animl Version="1">
    <ModellingPackage><![CDATA[Maya.2010]]></ModellingPackage>
    <SrcFile><![CDATA[anims\turrets\antiair\blue\~src\aa_bofors\aa_bofors_idle_alt_crewman_b.mb]]></SrcFile>
    <FramesPerSecond>30</FramesPerSecond>
    <TotalFrames>75</TotalFrames>
    <Skeleton>
        <RefFrame>
            <Name><![CDATA[soldier_ref_frame]]></Name>
            <Exclude>0</Exclude>
            <Additive>0</Additive>
            <IKPriority>0</IKPriority>
            <IKRotLimits>-1e+010 -1e+010 -1e+010 1e+010 1e+010 1e+010</IKRotLimits>
            <IKRotLimitOrder>0</IKRotLimitOrder>
            <KeyFrames count="75">
                <i>1 0 0 0 1 0 0 0 1 -2.24 2.8 0.45</i>
                <i>1 0 0 0 1 0 0 0 1 -2.24 2.8 0.45</i>
                <i>1 0 0 0 1 0 0 0 1 -2.24 2.8 0.45</i>
                <i>1 0 0 0 1 0 0 0 1 -2.24 2.8 0.45</i>
                <i>1 0 0 0 1 0 0 0 1 -2.24 2.8 0.45</i>
                <i>1 0 0 0 1 0 0 0 1 -2.24 2.8 0.45</i>
                <i>1 0 0 0 1 0 0 0 1 -2.24 2.8 0.45</i>
                <i>1 0 0 0 1 0 0 0 1 -2.24 2.8 0.45</i>
                <i>1 0 0 0 1 0 0 0 1 -2.24 2.8 0.45</i>
                <i>1 0 0 0 1 0 0 0 1 -2.24 2.8 0.45</i>
                <i>1 0 0 0 1 0 0 0 1 -2.24 2.8 0.45</i>
                <i>1 0 0 0 1 0 0 0 1 -2.24 2.8 0.45</i>
                <i>1 0 0 0 1 0 0 0 1 -2.24 2.8 0.45</i>
                <i>1 0 0 0 1 0 0 0 1 -2.24 2.8 0.45</i>
                <i>1 0 0 0 1 0 0 0 1 -2.24 2.8 0.45</i>
                <i>1 0 0 0 1 0 0 0 1 -2.24 2.8 0.45</i>
                <i>1 0 0 0 1 0 0 0 1 -2.24 2.8 0.45</i>
                <i>1 0 0 0 1 0 0 0 1 -2.24 2.8 0.45</i>
                <i>1 0 0 0 1 0 0 0 1 -2.24 2.8 0.45</i>
                <i>1 0 0 0 1 0 0 0 1 -2.24 2.8 0.45</i>
                <i>1 0 0 0 1 0 0 0 1 -2.24 2.8 0.45</i>
                <i>1 0 0 0 1 0 0 0 1 -2.24 2.8 0.45</i>
                <i>1 0 0 0 1 0 0 0 1 -2.24 2.8 0.45</i>
                <i>1 0 0 0 1 0 0 0 1 -2.24 2.8 0.45</i>
                <i>1 0 0 0 1 0 0 0 1 -2.24 2.8 0.45</i>
                <i>1 0 0 0 1 0 0 0 1 -2.24 2.8 0.45</i>
                <i>1 0 0 0 1 0 0 0 1 -2.24 2.8 0.45</i>
                <i>1 0 0 0 1 0 0 0 1 -2.24 2.8 0.45</i>
                <i>1 0 0 0 1 0 0 0 1 -2.24 2.8 0.45</i>
                <i>1 0 0 0 1 0 0 0 1 -2.24 2.8 0.45</i>
                <i>1 0 0 0 1 0 0 0 1 -2.24 2.8 0.45</i>
                <i>1 0 0 0 1 0 0 0 1 -2.24 2.8 0.45</i>
                <i>1 0 0 0 1 0 0 0 1 -2.24 2.8 0.45</i>
                <i>1 0 0 0 1 0 0 0 1 -2.24 2.8 0.45</i>
                <i>1 0 0 0 1 0 0 0 1 -2.24 2.8 0.45</i>
                <i>1 0 0 0 1 0 0 0 1 -2.24 2.8 0.45</i>
                <i>1 0 0 0 1 0 0 0 1 -2.24 2.8 0.45</i>
                <i>1 0 0 0 1 0 0 0 1 -2.24 2.8 0.45</i>
                <i>1 0 0 0 1 0 0 0 1 -2.24 2.8 0.45</i>
                <i>1 0 0 0 1 0 0 0 1 -2.24 2.8 0.45</i>
                <i>1 0 0 0 1 0 0 0 1 -2.24 2.8 0.45</i>
                <i>1 0 0 0 1 0 0 0 1 -2.24 2.8 0.45</i>
                <i>1 0 0 0 1 0 0 0 1 -2.24 2.8 0.45</i>
                <i>1 0 0 0 1 0 0 0 1 -2.24 2.8 0.45</i>
                <i>1 0 0 0 1 0 0 0 1 -2.24 2.8 0.45</i>
                <i>1 0 0 0 1 0 0 0 1 -2.24 2.8 0.45</i>
                <i>1 0 0 0 1 0 0 0 1 -2.24 2.8 0.45</i>
                <i>1 0 0 0 1 0 0 0 1 -2.24 2.8 0.45</i>
                <i>1 0 0 0 1 0 0 0 1 -2.24 2.8 0.45</i>
                <i>1 0 0 0 1 0 0 0 1 -2.24 2.8 0.45</i>
                <i>1 0 0 0 1 0 0 0 1 -2.24 2.8 0.45</i>
                <i>1 0 0 0 1 0 0 0 1 -2.24 2.8 0.45</i>
                <i>1 0 0 0 1 0 0 0 1 -2.24 2.8 0.45</i>
                <i>1 0 0 0 1 0 0 0 1 -2.24 2.8 0.45</i>
                <i>1 0 0 0 1 0 0 0 1 -2.24 2.8 0.45</i>
                <i>1 0 0 0 1 0 0 0 1 -2.24 2.8 0.45</i>
                <i>1 0 0 0 1 0 0 0 1 -2.24 2.8 0.45</i>
                <i>1 0 0 0 1 0 0 0 1 -2.24 2.8 0.45</i>
                <i>1 0 0 0 1 0 0 0 1 -2.24 2.8 0.45</i>
                <i>1 0 0 0 1 0 0 0 1 -2.24 2.8 0.45</i>
                <i>1 0 0 0 1 0 0 0 1 -2.24 2.8 0.45</i>
                <i>1 0 0 0 1 0 0 0 1 -2.24 2.8 0.45</i>
                <i>1 0 0 0 1 0 0 0 1 -2.24 2.8 0.45</i>
                <i>1 0 0 0 1 0 0 0 1 -2.24 2.8 0.45</i>
                <i>1 0 0 0 1 0 0 0 1 -2.24 2.8 0.45</i>
                <i>1 0 0 0 1 0 0 0 1 -2.24 2.8 0.45</i>
                <i>1 0 0 0 1 0 0 0 1 -2.24 2.8 0.45</i>
                <i>1 0 0 0 1 0 0 0 1 -2.24 2.8 0.45</i>
                <i>1 0 0 0 1 0 0 0 1 -2.24 2.8 0.45</i>
                <i>1 0 0 0 1 0 0 0 1 -2.24 2.8 0.45</i>
                <i>1 0 0 0 1 0 0 0 1 -2.24 2.8 0.45</i>
                <i>1 0 0 0 1 0 0 0 1 -2.24 2.8 0.45</i>
                <i>1 0 0 0 1 0 0 0 1 -2.24 2.8 0.45</i>
                <i>1 0 0 0 1 0 0 0 1 -2.24 2.8 0.45</i>
                <i>1 0 0 0 1 0 0 0 1 -2.24 2.8 0.45</i>
            </KeyFrames>
        </RefFrame>
        <Bones count="23">
            <i>
                <p>
                    <Name><![CDATA[pelvis]]></Name>
                    <Exclude>0</Exclude>
                    <Additive>0</Additive>
                    <IKPriority>0</IKPriority>
                    <IKRotLimits>-1e+010 -1e+010 -1e+010 1e+010 1e+010 1e+010</IKRotLimits>
                    <IKRotLimitOrder>2</IKRotLimitOrder>
                    <KeyFrames count="75">
                        <i>1 0 0 0 1 0 0 0 1 -2.12744 3.68114 0.3414</i>
                        <i>1 0 0 0 1 0 0 0 1 -2.12744 3.68114 0.3414</i>
                        <i>1 0 0 0 1 0 0 0 1 -2.12744 3.68114 0.3414</i>
                        <i>1 0 0 0 1 0 0 0 1 -2.12744 3.68114 0.3414</i>
                        <i>1 0 0 0 1 0 0 0 1 -2.12744 3.68114 0.3414</i>
                        <i>1 0 0 0 1 0 0 0 1 -2.12744 3.68114 0.3414</i>
                        <i>1 0 0 0 1 0 0 0 1 -2.12744 3.68114 0.3414</i>
                        <i>1 0 0 0 1 0 0 0 1 -2.12744 3.68114 0.3414</i>
                        <i>1 0 0 0 1 0 0 0 1 -2.12744 3.68114 0.3414</i>
                        <i>1 0 0 0 1 0 0 0 1 -2.12744 3.68114 0.3414</i>
                        <i>1 0 0 0 1 0 0 0 1 -2.12744 3.68114 0.3414</i>
                        <i>1 0 0 0 1 0 0 0 1 -2.12744 3.68114 0.3414</i>
                        <i>1 0 0 0 1 0 0 0 1 -2.12744 3.68114 0.3414</i>
                        <i>1 0 0 0 1 0 0 0 1 -2.12744 3.68114 0.3414</i>
                        <i>1 0 0 0 1 0 0 0 1 -2.12744 3.68114 0.3414</i>
                        <i>1 0 0 0 1 0 0 0 1 -2.12744 3.68114 0.3414</i>
                        <i>1 0 0 0 1 0 0 0 1 -2.12744 3.68114 0.3414</i>
                        <i>1 0 0 0 1 0 0 0 1 -2.12744 3.68114 0.3414</i>
                        <i>1 0 0 0 1 0 0 0 1 -2.12744 3.68114 0.3414</i>
                        <i>1 0 0 0 1 0 0 0 1 -2.12744 3.68114 0.3414</i>
                        <i>1 0 0 0 1 0 0 0 1 -2.12744 3.68114 0.3414</i>
                        <i>1 0 0 0 1 0 0 0 1 -2.12744 3.68114 0.3414</i>
                        <i>1 0 0 0 1 0 0 0 1 -2.12744 3.68114 0.3414</i>
                        <i>1 0 0 0 1 0 0 0 1 -2.12744 3.68114 0.3414</i>
                        <i>1 0 0 0 1 0 0 0 1 -2.12744 3.68114 0.3414</i>
                        <i>1 0 0 0 1 0 0 0 1 -2.12744 3.68114 0.3414</i>
                        <i>1 0 0 0 1 0 0 0 1 -2.12744 3.68114 0.3414</i>
                        <i>1 0 0 0 1 0 0 0 1 -2.12744 3.68114 0.3414</i>
                        <i>1 0 0 0 1 0 0 0 1 -2.12744 3.68114 0.3414</i>
                        <i>1 0 0 0 1 0 0 0 1 -2.12744 3.68114 0.3414</i>
                        <i>1 0 0 0 1 0 0 0 1 -2.12744 3.68114 0.3414</i>
                        <i>1 0 0 0 1 0 0 0 1 -2.12744 3.68114 0.3414</i>
                        <i>1 0 0 0 1 0 0 0 1 -2.12744 3.68114 0.3414</i>
                        <i>1 0 0 0 1 0 0 0 1 -2.12744 3.68114 0.3414</i>
                        <i>1 0 0 0 1 0 0 0 1 -2.12744 3.68114 0.3414</i>
                        <i>1 0 0 0 1 0 0 0 1 -2.12744 3.68114 0.3414</i>
                        <i>1 0 0 0 1 0 0 0 1 -2.12744 3.68114 0.3414</i>
                        <i>1 0 0 0 1 0 0 0 1 -2.12744 3.68114 0.3414</i>
                        <i>1 0 0 0 1 0 0 0 1 -2.12744 3.68114 0.3414</i>
                        <i>1 0 0 0 1 0 0 0 1 -2.12744 3.68114 0.3414</i>
                        <i>1 0 0 0 1 0 0 0 1 -2.12744 3.68114 0.3414</i>
                        <i>1 0 0 0 1 0 0 0 1 -2.12744 3.68114 0.3414</i>
                        <i>1 0 0 0 1 0 0 0 1 -2.12744 3.68114 0.3414</i>
                        <i>1 0 0 0 1 0 0 0 1 -2.12744 3.68114 0.3414</i>
                        <i>1 0 0 0 1 0 0 0 1 -2.12744 3.68114 0.3414</i>
                        <i>1 0 0 0 1 0 0 0 1 -2.12744 3.68114 0.3414</i>
                        <i>1 0 0 0 1 0 0 0 1 -2.12744 3.68114 0.3414</i>
                        <i>1 0 0 0 1 0 0 0 1 -2.12744 3.68114 0.3414</i>
                        <i>1 0 0 0 1 0 0 0 1 -2.12744 3.68114 0.3414</i>
                        <i>1 0 0 0 1 0 0 0 1 -2.12744 3.68114 0.3414</i>
                        <i>1 0 0 0 1 0 0 0 1 -2.12744 3.68114 0.3414</i>
                        <i>1 0 0 0 1 0 0 0 1 -2.12744 3.68114 0.3414</i>
                        <i>1 0 0 0 1 0 0 0 1 -2.12744 3.68114 0.3414</i>
                        <i>1 0 0 0 1 0 0 0 1 -2.12744 3.68114 0.3414</i>
                        <i>1 0 0 0 1 0 0 0 1 -2.12744 3.68114 0.3414</i>
                        <i>1 0 0 0 1 0 0 0 1 -2.12744 3.68114 0.3414</i>
                        <i>1 0 0 0 1 0 0 0 1 -2.12744 3.68114 0.3414</i>
                        <i>1 0 0 0 1 0 0 0 1 -2.12744 3.68114 0.3414</i>
                        <i>1 0 0 0 1 0 0 0 1 -2.12744 3.68114 0.3414</i>
                        <i>1 0 0 0 1 0 0 0 1 -2.12744 3.68114 0.3414</i>
                        <i>1 0 0 0 1 0 0 0 1 -2.12744 3.68114 0.3414</i>
                        <i>1 0 0 0 1 0 0 0 1 -2.12744 3.68114 0.3414</i>
                        <i>1 0 0 0 1 0 0 0 1 -2.12744 3.68114 0.3414</i>
                        <i>1 0 0 0 1 0 0 0 1 -2.12744 3.68114 0.3414</i>
                        <i>1 0 0 0 1 0 0 0 1 -2.12744 3.68114 0.3414</i>
                        <i>1 0 0 0 1 0 0 0 1 -2.12744 3.68114 0.3414</i>
                        <i>1 0 0 0 1 0 0 0 1 -2.12744 3.68114 0.3414</i>
                        <i>1 0 0 0 1 0 0 0 1 -2.12744 3.68114 0.3414</i>
                        <i>1 0 0 0 1 0 0 0 1 -2.12744 3.68114 0.3414</i>
                        <i>1 0 0 0 1 0 0 0 1 -2.12744 3.68114 0.3414</i>
                        <i>1 0 0 0 1 0 0 0 1 -2.12744 3.68114 0.3414</i>
                        <i>1 0 0 0 1 0 0 0 1 -2.12744 3.68114 0.3414</i>
                        <i>1 0 0 0 1 0 0 0 1 -2.12744 3.68114 0.3414</i>
                        <i>1 0 0 0 1 0 0 0 1 -2.12744 3.68114 0.3414</i>
                        <i>1 0 0 0 1 0 0 0 1 -2.12744 3.68114 0.3414</i>
                    </KeyFrames>
                </p>
            </i>
            <i>
                <p>
                    <Name><![CDATA[spine0]]></Name>
                    <Exclude>0</Exclude>
                    <Additive>0</Additive>
                    <IKPriority>0</IKPriority>
                    <IKRotLimits>-1e+010 -1e+010 -1e+010 1e+010 1e+010 1e+010</IKRotLimits>
                    <IKRotLimitOrder>0</IKRotLimitOrder>
                    <KeyFrames count="75">
                        <i>1.11022e-016 0.951803 0.306709 -1 1.11022e-016 0 -2.77556e-017 -0.306709 0.951803 -2.12744 3.82439 0.328147</i>
                        <i>-0.00016244 0.953567 0.301181 -1 -0.000158025 -3.90217e-005 1.03843e-005 -0.301181 0.953567 -2.12744 3.82432 0.327419</i>
                        <i>-0.00032701 0.955281 0.2957 -1 -0.000318491 -7.69742e-005 2.06457e-005 -0.2957 0.955281 -2.12744 3.82425 0.32671</i>
                        <i>-0.000485448 0.956922 0.290344 -1 -0.000473317 -0.000112005 3.02447e-005 -0.290344 0.956922 -2.12744 3.82417 0.326027</i>
                        <i>-0.000631257 0.958471 0.28519 -1 -0.000616107 -0.000142842 3.87974e-005 -0.28519 0.958471 -2.12744 3.8241 0.325378</i>
                        <i>-0.000759794 0.959907 0.280317 -1 -0.000742247 -0.000168759 4.60717e-005 -0.280317 0.959907 -2.12744 3.82403 0.324769</i>
                        <i>-0.000868202 0.961214 0.275804 -1 -0.000848862 -0.000189497 5.1972e-005 -0.275804 0.961214 -2.12744 3.82397 0.324208</i>
                        <i>-0.000955181 0.962373 0.271729 -1 -0.000934597 -0.000205165 5.65118e-005 -0.271729 0.962374 -2.12744 3.82391 0.323702</i>
                        <i>-0.00102062 0.963371 0.268171 -0.999999 -0.000999271 -0.000216112 5.97795e-005 -0.268171 0.963371 -2.12744 3.82385 0.323259</i>
                        <i>-0.0010651 0.96419 0.26521 -0.999999 -0.00104338 -0.000222794 6.18982e-005 -0.26521 0.964191 -2.12744 3.8238 0.322886</i>
                        <i>-0.00108921 0.964816 0.262924 -0.999999 -0.00106744 -0.000225614 6.29807e-005 -0.262924 0.964817 -2.12744 3.82376 0.322589</i>
                        <i>-0.00110079 0.965259 0.261293 -0.999999 -0.00107912 -0.000226386 6.34465e-005 -0.261294 0.965259 -2.12744 3.82373 0.322375</i>
                        <i>-0.001108 0.96555 0.260214 -0.999999 -0.00108641 -0.000226822 6.36901e-005 -0.260214 0.965551 -2.12744 3.82372 0.322237</i>
                        <i>-0.00111147 0.965705 0.259639 -0.999999 -0.00108991 -0.000227021 6.37472e-005 -0.259639 0.965706 -2.12744 3.82371 0.322171</i>
                        <i>-0.00111176 0.965737 0.259521 -0.999999 -0.00109019 -0.000227056 6.365e-005 -0.259522 0.965737 -2.12744 3.82371 0.322168</i>
                        <i>-0.0011094 0.965658 0.259813 -0.999999 -0.00108778 -0.000226987 6.34283e-005 -0.259813 0.965659 -2.12744 3.82371 0.322222</i>
                        <i>-0.00110491 0.965482 0.260466 -0.999999 -0.00108321 -0.00022686 6.31093e-005 -0.260466 0.965483 -2.12744 3.82373 0.322326</i>
                        <i>-0.00109875 0.965221 0.261433 -0.999999 -0.00107694 -0.000226714 6.27186e-005 -0.261433 0.965222 -2.12744 3.82375 0.322474</i>
                        <i>-0.0010914 0.964886 0.262666 -0.999999 -0.00106943 -0.00022658 6.22798e-005 -0.262666 0.964887 -2.12744 3.82377 0.322659</i>
                        <i>-0.00108327 0.96449 0.264117 -0.999999 -0.00106113 -0.00022649 6.18151e-005 -0.264117 0.964491 -2.12744 3.8238 0.322874</i>
                        <i>-0.00107478 0.964044 0.265739 -0.999999 -0.00105244 -0.00022647 6.13459e-005 -0.265739 0.964045 -2.12744 3.82383 0.323112</i>
                        <i>-0.00106632 0.963562 0.267483 -0.999999 -0.00104376 -0.00022655 6.08924e-005 -0.267483 0.963562 -2.12744 3.82386 0.323366</i>
                        <i>-0.00105829 0.963055 0.269302 -0.999999 -0.00103548 -0.00022676 6.04742e-005 -0.269302 0.963056 -2.12744 3.8239 0.32363</i>
                        <i>-0.00105105 0.962537 0.271149 -0.999999 -0.00102797 -0.000227132 6.01108e-005 -0.271149 0.962537 -2.12744 3.82393 0.323897</i>
                        <i>-0.00104497 0.96202 0.272976 -0.999999 -0.00102161 -0.000227703 5.98212e-005 -0.272976 0.962021 -2.12744 3.82396 0.32416</i>
                        <i>-0.00104042 0.961519 0.274735 -0.999999 -0.00101676 -0.00022851 5.96241e-005 -0.274735 0.96152 -2.12744 3.82399 0.324413</i>
                        <i>-0.00103775 0.961048 0.276379 -0.999999 -0.00101379 -0.000229593 5.95389e-005 -0.276379 0.961049 -2.12744 3.82402 0.324648</i>
                        <i>-0.00103734 0.960621 0.277862 -0.999999 -0.00101305 -0.000230998 5.95848e-005 -0.277862 0.960621 -2.12744 3.82404 0.324859</i>
                        <i>-0.00103954 0.960251 0.279135 -0.999999 -0.00101491 -0.000232767 5.97817e-005 -0.279135 0.960252 -2.12744 3.82406 0.325039</i>
                        <i>-0.00104474 0.959955 0.280152 -0.999999 -0.00101976 -0.000234946 6.01497e-005 -0.280152 0.959956 -2.12744 3.82408 0.325181</i>
                        <i>-0.00105332 0.959746 0.280866 -0.999999 -0.00102797 -0.000237577 6.07098e-005 -0.280866 0.959747 -2.12744 3.82409 0.325278</i>
                        <i>-0.00106568 0.95964 0.28123 -0.999999 -0.00103996 -0.0002407 6.14835e-005 -0.28123 0.95964 -2.12744 3.8241 0.325324</i>
                        <i>-0.00108223 0.95965 0.281196 -0.999999 -0.00105614 -0.000244349 6.24932e-005 -0.281196 0.95965 -2.12744 3.8241 0.325312</i>
                        <i>-0.00110341 0.95979 0.280717 -0.999999 -0.00107694 -0.000248548 6.37621e-005 -0.280717 0.95979 -2.12744 3.82409 0.325235</i>
                        <i>-0.00112966 0.960073 0.279746 -0.999999 -0.00110283 -0.000253312 6.53143e-005 -0.279746 0.960074 -2.12744 3.82407 0.325086</i>
                        <i>-0.00120698 0.960402 0.278615 -0.999999 -0.00117865 -0.000269194 6.9854e-005 -0.278615 0.960403 -2.12744 3.82405 0.324909</i>
                        <i>-0.00136084 0.960685 0.277637 -0.999999 -0.00132925 -0.000302015 7.89079e-005 -0.277637 0.960686 -2.12744 3.82403 0.324748</i>
                        <i>-0.00156055 0.960945 0.276735 -0.999999 -0.00152471 -0.000344693 9.07093e-005 -0.276735 0.960946 -2.12744 3.82401 0.324594</i>
                        <i>-0.00177493 0.961204 0.275831 -0.999998 -0.00173461 -0.000390151 0.000103445 -0.275831 0.961206 -2.12744 3.82399 0.324437</i>
                        <i>-0.00197324 0.961486 0.274847 -0.999998 -0.00192893 -0.000431489 0.00011529 -0.274847 0.961488 -2.12744 3.82397 0.32427</i>
                        <i>-0.00212621 0.961812 0.273702 -0.999998 -0.00207909 -0.000462229 0.000124474 -0.273703 0.961814 -2.12744 3.82395 0.324084</i>
                        <i>-0.00220631 0.962205 0.272316 -0.999998 -0.00215814 -0.000476401 0.000129299 -0.272316 0.962208 -2.12744 3.82393 0.323869</i>
                        <i>-0.00224066 0.96266 0.270705 -0.999997 -0.00219255 -0.000480112 0.000131351 -0.270706 0.962662 -2.12744 3.8239 0.323628</i>
                        <i>-0.0022742 0.963146 0.268969 -0.999997 -0.00222625 -0.000483288 0.000133314 -0.26897 0.963149 -2.12744 3.82386 0.323371</i>
                        <i>-0.00230666 0.963653 0.267148 -0.999997 -0.00225894 -0.000485957 0.000135178 -0.267149 0.963655 -2.12744 3.82383 0.323103</i>
                        <i>-0.00233776 0.964168 0.265283 -0.999997 -0.00229032 -0.000488146 0.000136929 -0.265284 0.96417 -2.12744 3.82379 0.322832</i>
                        <i>-0.00236714 0.96468 0.263415 -0.999997 -0.00232004 -0.000489883 0.000138551 -0.263415 0.964683 -2.12744 3.82376 0.322561</i>
                        <i>-0.00239447 0.965178 0.261583 -0.999997 -0.00234772 -0.0004912 0.000140029 -0.261583 0.965181 -2.12744 3.82372 0.322298</i>
                        <i>-0.00241937 0.965652 0.259829 -0.999997 -0.002373 -0.000492133 0.000141347 -0.25983 0.965654 -2.12744 3.82369 0.322047</i>
                        <i>-0.00244148 0.96609 0.258194 -0.999997 -0.00239548 -0.00049272 0.000142489 -0.258195 0.966093 -2.12744 3.82366 0.321814</i>
                        <i>-0.00246042 0.966483 0.25672 -0.999997 -0.00241479 -0.000493006 0.00014344 -0.25672 0.966486 -2.12744 3.82363 0.321606</i>
                        <i>-0.00247583 0.96682 0.255446 -0.999997 -0.00243052 -0.00049304 0.000144186 -0.255446 0.966823 -2.12744 3.8236 0.321427</i>
                        <i>-0.00248736 0.967092 0.254413 -0.999997 -0.00244233 -0.00049287 0.000144711 -0.254414 0.967095 -2.12744 3.82358 0.321283</i>
                        <i>-0.00249466 0.967289 0.253664 -0.999997 -0.00244985 -0.000492547 0.000145004 -0.253665 0.967292 -2.12744 3.82357 0.32118</i>
                        <i>-0.0024974 0.9674 0.253239 -0.999997 -0.00245273 -0.000492119 0.000145051 -0.25324 0.967404 -2.12744 3.82356 0.321124</i>
                        <i>-0.00249526 0.967416 0.253179 -0.999997 -0.00245063 -0.000491629 0.00014484 -0.25318 0.967419 -2.12744 3.82356 0.32112</i>
                        <i>-0.00248794 0.967326 0.253525 -0.999997 -0.00244325 -0.000491111 0.000144362 -0.253525 0.967329 -2.12744 3.82357 0.321174</i>
                        <i>-0.00247513 0.967118 0.254317 -0.999997 -0.00243027 -0.00049059 0.000143603 -0.254318 0.967121 -2.12744 3.82359 0.321292</i>
                        <i>-0.00245655 0.96678 0.255597 -0.999997 -0.00241139 -0.000490071 0.000142553 -0.255597 0.966783 -2.12744 3.82361 0.321478</i>
                        <i>-0.0024319 0.966305 0.257388 -0.999997 -0.0023863 -0.000489501 0.000141199 -0.257389 0.966308 -2.12744 3.82365 0.321738</i>
                        <i>-0.00240087 0.965699 0.259651 -0.999997 -0.00235475 -0.000488649 0.000139527 -0.259652 0.965702 -2.12744 3.82369 0.322064</i>
                        <i>-0.00236315 0.964975 0.262331 -0.999997 -0.00231647 -0.000487225 0.000137522 -0.262332 0.964978 -2.12744 3.82374 0.322449</i>
                        <i>-0.00231841 0.964143 0.265372 -0.999997 -0.00227116 -0.000484925 0.000135164 -0.265372 0.964146 -2.12744 3.8238 0.322883</i>
                        <i>-0.00226627 0.963216 0.268719 -0.999997 -0.0022185 -0.000481429 0.000132433 -0.268719 0.963219 -2.12744 3.82386 0.32336</i>
                        <i>-0.00220631 0.962205 0.272316 -0.999998 -0.00215814 -0.000476401 0.000129299 -0.272316 0.962208 -2.12744 3.82393 0.323869</i>
                        <i>-0.00211413 0.961159 0.275986 -0.999998 -0.00206637 -0.000463847 0.000124459 -0.275986 0.961162 -2.12744 3.82399 0.324376</i>
                        <i>-0.00197111 0.960117 0.279592 -0.999998 -0.00192517 -0.000438922 0.000116846 -0.279592 0.960119 -2.12744 3.82404 0.324854</i>
                        <i>-0.00178535 0.959077 0.283138 -0.999998 -0.00174252 -0.000403094 0.000106776 -0.283139 0.959079 -2.12744 3.8241 0.325308</i>
                        <i>-0.00156496 0.95804 0.28663 -0.999999 -0.0015264 -0.000357967 9.4565e-005 -0.28663 0.958041 -2.12744 3.82414 0.32574</i>
                        <i>-0.00131822 0.957004 0.290072 -0.999999 -0.00128491 -0.000305282 8.05601e-005 -0.290072 0.957005 -2.12744 3.82419 0.326156</i>
                        <i>-0.00105365 0.955968 0.293469 -0.999999 -0.00102638 -0.000246925 6.5158e-005 -0.293469 0.955969 -2.12744 3.82423 0.326561</i>
                        <i>-0.000780123 0.954931 0.296826 -1 -0.000759456 -0.000184939 4.88223e-005 -0.296826 0.954932 -2.12744 3.82427 0.326958</i>
                        <i>-0.000506862 0.953893 0.300148 -1 -0.000493124 -0.000121521 3.20923e-005 -0.300148 0.953893 -2.12744 3.82431 0.327352</i>
                        <i>-0.000243494 0.95285 0.30344 -1 -0.000236743 -5.90338e-005 1.55869e-005 -0.30344 0.95285 -2.12744 3.82435 0.327747</i>
                        <i>1.11022e-016 0.951803 0.306709 -1 1.11022e-016 0 -2.77556e-017 -0.306709 0.951803 -2.12744 3.82439 0.328147</i>
                    </KeyFrames>
                </p>
            </i>
            <i>
                <p>
                    <Name><![CDATA[spine1]]></Name>
                    <Exclude>0</Exclude>
                    <Additive>0</Additive>
                    <IKPriority>0</IKPriority>
                    <IKRotLimits>-1e+010 -1e+010 -1e+010 1e+010 1e+010 1e+010</IKRotLimits>
                    <IKRotLimitOrder>0</IKRotLimitOrder>
                    <KeyFrames count="75">
                        <i>9.77729e-017 0.817797 0.575506 -1 1.11022e-016 0 -5.94709e-017 -0.575506 0.817797 -2.12744 3.98897 0.381174</i>
                        <i>-0.00274726 0.822143 0.569274 -0.999958 0.00270442 -0.00873143 -0.00871804 -0.569274 0.822102 -2.12747 3.98919 0.379483</i>
                        <i>-0.00569871 0.826522 0.562876 -0.999816 0.00559583 -0.0183393 -0.0183076 -0.562877 0.826338 -2.1275 3.98939 0.377819</i>
                        <i>-0.00873308 0.830849 0.556429 -0.999558 0.0085614 -0.0284717 -0.0284195 -0.556431 0.830407 -2.12752 3.98957 0.376202</i>
                        <i>-0.0117378 0.835042 0.550061 -0.999182 0.0114965 -0.0387743 -0.038702 -0.550066 0.834224 -2.12755 3.98974 0.374654</i>
                        <i>-0.0146098 0.839018 0.543908 -0.998702 0.0143043 -0.0488913 -0.0488009 -0.543916 0.837719 -2.12757 3.98989 0.373196</i>
                        <i>-0.0172562 0.842694 0.538117 -0.998146 0.0168949 -0.0584658 -0.0583602 -0.538128 0.84084 -2.12759 3.99003 0.371848</i>
                        <i>-0.0195929 0.84599 0.532839 -0.997559 0.0191846 -0.0671405 -0.0670224 -0.532854 0.843549 -2.1276 3.99014 0.370632</i>
                        <i>-0.0215437 0.848825 0.528235 -0.996994 0.0210943 -0.0745583 -0.0744297 -0.528253 0.845819 -2.12762 3.99024 0.369568</i>
                        <i>-0.0230366 0.85112 0.524465 -0.996511 0.0225482 -0.0803627 -0.0802241 -0.524486 0.847631 -2.12762 3.99032 0.368679</i>
                        <i>-0.0240009 0.852797 0.521691 -0.996173 0.023471 -0.0841975 -0.084048 -0.521715 0.84897 -2.12763 3.99037 0.367985</i>
                        <i>-0.0246472 0.853957 0.519759 -0.995932 0.0241039 -0.0868299 -0.0866772 -0.519784 0.849889 -2.12763 3.99042 0.367488</i>
                        <i>-0.0252354 0.854778 0.51838 -0.995701 0.0247363 -0.0892606 -0.0891208 -0.518404 0.850479 -2.12763 3.99044 0.367162</i>
                        <i>-0.0257663 0.855288 0.517512 -0.995483 0.0253647 -0.091484 -0.0913716 -0.517531 0.850772 -2.12763 3.99046 0.366995</i>
                        <i>-0.0262406 0.855518 0.517108 -0.995281 0.0259844 -0.0934947 -0.0934231 -0.517121 0.850798 -2.12763 3.99046 0.366971</i>
                        <i>-0.0266587 0.855494 0.517126 -0.995095 0.02659 -0.0952874 -0.0952682 -0.517129 0.850589 -2.12763 3.99045 0.367075</i>
                        <i>-0.0270211 0.855246 0.517518 -0.994927 0.0271751 -0.0968573 -0.0969004 -0.51751 0.850173 -2.12763 3.99043 0.367291</i>
                        <i>-0.0273278 0.854799 0.51824 -0.99478 0.0277324 -0.0981993 -0.0983127 -0.518218 0.849579 -2.12763 3.9904 0.367606</i>
                        <i>-0.0275788 0.85418 0.519245 -0.994655 0.0282543 -0.0993089 -0.0994986 -0.519208 0.848836 -2.12763 3.99037 0.368003</i>
                        <i>-0.0277741 0.853417 0.520488 -0.994554 0.0287321 -0.100182 -0.100451 -0.520436 0.847972 -2.12763 3.99033 0.368468</i>
                        <i>-0.0279134 0.852536 0.521922 -0.994478 0.0291569 -0.100813 -0.101164 -0.521854 0.847015 -2.12762 3.99028 0.368986</i>
                        <i>-0.0279964 0.851564 0.523502 -0.994428 0.0295193 -0.101199 -0.101631 -0.523419 0.845993 -2.12762 3.99023 0.369542</i>
                        <i>-0.0280226 0.850528 0.525182 -0.994406 0.0298096 -0.101336 -0.101844 -0.525084 0.844935 -2.12762 3.99018 0.37012</i>
                        <i>-0.0279914 0.849456 0.526916 -0.994411 0.0300179 -0.101219 -0.101798 -0.526805 0.843869 -2.12762 3.99012 0.370707</i>
                        <i>-0.0279024 0.848376 0.528659 -0.994446 0.0301343 -0.100845 -0.101485 -0.528536 0.842823 -2.12762 3.99007 0.371286</i>
                        <i>-0.0277547 0.847316 0.530364 -0.994509 0.0301487 -0.10021 -0.100899 -0.530233 0.841827 -2.12762 3.99001 0.371843</i>
                        <i>-0.0275478 0.846305 0.531987 -0.994603 0.0300514 -0.0993104 -0.100034 -0.531851 0.840909 -2.12762 3.98996 0.372362</i>
                        <i>-0.0272809 0.845371 0.533482 -0.994725 0.029833 -0.0981418 -0.0988816 -0.533345 0.840098 -2.12762 3.98991 0.37283</i>
                        <i>-0.0269532 0.844546 0.534805 -0.994877 0.0294842 -0.0967005 -0.0974363 -0.534671 0.839424 -2.12762 3.98987 0.37323</i>
                        <i>-0.0265641 0.843858 0.535909 -0.995057 0.0289966 -0.094982 -0.0956908 -0.535783 0.838916 -2.12762 3.98984 0.373549</i>
                        <i>-0.0261127 0.843337 0.536751 -0.995264 0.0283624 -0.0929819 -0.0936386 -0.536637 0.838602 -2.12762 3.98982 0.37377</i>
                        <i>-0.0255986 0.843013 0.537284 -0.995497 0.0275746 -0.0906952 -0.0912726 -0.537186 0.838511 -2.12762 3.98981 0.37388</i>
                        <i>-0.025021 0.842916 0.537463 -0.995754 0.0266274 -0.0881165 -0.088586 -0.537386 0.838671 -2.12763 3.98981 0.373862</i>
                        <i>-0.0243795 0.843076 0.537242 -0.996034 0.0255158 -0.08524 -0.0855719 -0.537189 0.83911 -2.12763 3.98983 0.373703</i>
                        <i>-0.0236736 0.843521 0.536574 -0.996333 0.0242365 -0.0820592 -0.0822233 -0.536549 0.839854 -2.12763 3.98986 0.373387</i>
                        <i>-0.0218724 0.84394 0.535991 -0.997049 0.0210485 -0.0738286 -0.0735888 -0.536024 0.840989 -2.12765 3.9899 0.373016</i>
                        <i>-0.0183718 0.84412 0.535839 -0.998213 0.0149886 -0.0578366 -0.0568525 -0.535945 0.842337 -2.12767 3.98994 0.372688</i>
                        <i>-0.013818 0.844235 0.535796 -0.999284 0.00721364 -0.0371374 -0.0352177 -0.535925 0.843531 -2.12771 3.98998 0.372381</i>
                        <i>-0.00887789 0.844425 0.5356 -0.99989 -0.00112075 -0.0148068 -0.011903 -0.535672 0.844342 -2.12775 3.99001 0.37207</i>
                        <i>-0.00424097 0.844779 0.535098 -0.999942 -0.00886008 0.00606259 0.00986256 -0.535042 0.844768 -2.12778 3.99004 0.371734</i>
                        <i>-0.000608085 0.845331 0.534243 -0.999639 -0.0148597 0.0223746 0.0268526 -0.534037 0.845035 -2.12781 3.99008 0.371351</i>
                        <i>0.00132026 0.846078 0.533058 -0.999356 -0.0179949 0.031037 0.0358521 -0.532756 0.845509 -2.12782 3.99012 0.370897</i>
                        <i>0.0020939 0.846975 0.531629 -0.999218 -0.0192256 0.0345652 0.0394967 -0.531285 0.846272 -2.12783 3.99017 0.370377</i>
                        <i>0.00273245 0.847959 0.530054 -0.999089 -0.0202567 0.0375562 0.0425833 -0.529674 0.847132 -2.12783 3.99022 0.36982</i>
                        <i>0.00324481 0.849005 0.528375 -0.998975 -0.0211013 0.0400409 0.0451444 -0.527963 0.848067 -2.12784 3.99027 0.369238</i>
                        <i>0.00364009 0.850085 0.526633 -0.998878 -0.021773 0.0420499 0.0472124 -0.526195 0.849052 -2.12784 3.99033 0.368644</i>
                        <i>0.00392756 0.851174 0.52487 -0.9988 -0.0222854 0.0436138 0.0488199 -0.524411 0.850065 -2.12785 3.99038 0.36805</i>
                        <i>0.00411663 0.852245 0.523126 -0.998741 -0.0226523 0.0447631 0.0499992 -0.522652 0.851079 -2.12785 3.99043 0.36747</i>
                        <i>0.00421674 0.853275 0.521444 -0.998701 -0.0228873 0.0455283 0.0507826 -0.520958 0.85207 -2.12786 3.99047 0.366916</i>
                        <i>0.00423738 0.854239 0.519864 -0.998679 -0.0230038 0.04594 0.0512025 -0.519372 0.853013 -2.12786 3.99051 0.3664</i>
                        <i>0.00418804 0.855112 0.518427 -0.998675 -0.0230147 0.0460289 0.0512913 -0.517932 0.853882 -2.12786 3.99055 0.365936</i>
                        <i>0.00407813 0.855871 0.517174 -0.998686 -0.0229324 0.0458259 0.051081 -0.516681 0.854653 -2.12787 3.99058 0.365537</i>
                        <i>0.00391706 0.856492 0.516146 -0.998711 -0.0227689 0.0453619 0.0506042 -0.515658 0.855299 -2.12787 3.99061 0.365214</i>
                        <i>0.00371415 0.856951 0.515384 -0.998748 -0.0225355 0.0446683 0.049893 -0.514905 0.855794 -2.12787 3.99063 0.364982</i>
                        <i>0.00347863 0.857225 0.51493 -0.998794 -0.022243 0.0437763 0.0489797 -0.514461 0.856114 -2.12787 3.99064 0.364852</i>
                        <i>0.00321967 0.85729 0.514823 -0.998847 -0.0219016 0.0427175 0.0478967 -0.514367 0.856232 -2.12787 3.99064 0.364837</i>
                        <i>0.00294635 0.857122 0.515105 -0.998906 -0.0215208 0.0415237 0.0466764 -0.514664 0.856121 -2.12787 3.99063 0.364951</i>
                        <i>0.0026677 0.856696 0.515815 -0.998968 -0.0211098 0.0402269 0.045351 -0.51539 0.855755 -2.12787 3.99061 0.365206</i>
                        <i>0.00239267 0.855985 0.516995 -0.999031 -0.0206775 0.0388591 0.043953 -0.516587 0.855106 -2.12786 3.99058 0.365614</i>
                        <i>0.00213021 0.854973 0.518668 -0.999094 -0.0202315 0.037453 0.0425147 -0.518278 0.854155 -2.12786 3.99053 0.366183</i>
                        <i>0.00188923 0.853674 0.520804 -0.999155 -0.0197773 0.0360424 0.0410686 -0.520432 0.852915 -2.12785 3.99048 0.3669</i>
                        <i>0.00167869 0.852112 0.523357 -0.999212 -0.0193202 0.0346616 0.0396469 -0.523003 0.851409 -2.12785 3.99041 0.367748</i>
                        <i>0.00150758 0.85031 0.52628 -0.999266 -0.0188662 0.0333445 0.0382821 -0.525944 0.849657 -2.12784 3.99032 0.368709</i>
                        <i>0.00138502 0.848291 0.529529 -0.999314 -0.0184219 0.0321251 0.0370064 -0.52921 0.847683 -2.12783 3.99023 0.369765</i>
                        <i>0.00132026 0.846078 0.533058 -0.999356 -0.0179949 0.031037 0.0358521 -0.532756 0.845509 -2.12782 3.99012 0.370897</i>
                        <i>0.00127278 0.843676 0.536851 -0.999411 -0.0173385 0.0296175 0.0342958 -0.536572 0.843157 -2.1278 3.99001 0.37204</i>
                        <i>0.0011976 0.841095 0.540885 -0.999491 -0.0162429 0.0274713 0.0318916 -0.540643 0.840648 -2.12778 3.9899 0.373145</i>
                        <i>0.0010973 0.838366 0.545107 -0.999585 -0.014773 0.0247328 0.028788 -0.544908 0.838001 -2.12775 3.98979 0.374215</i>
                        <i>0.00097458 0.835519 0.549461 -0.999684 -0.0129959 0.0215349 0.0251336 -0.549308 0.835242 -2.12771 3.98968 0.375257</i>
                        <i>0.000832565 0.832587 0.553894 -0.999777 -0.0109815 0.0180096 0.0210771 -0.553786 0.832392 -2.12767 3.98956 0.376274</i>
                        <i>0.000675117 0.829602 0.558355 -0.999859 -0.00880233 0.0142874 0.0167677 -0.558286 0.829479 -2.12762 3.98945 0.377272</i>
                        <i>0.000506983 0.826598 0.562792 -0.999924 -0.00653428 0.0104979 0.012355 -0.562755 0.826532 -2.12757 3.98933 0.378256</i>
                        <i>0.00033386 0.823607 0.56716 -0.999968 -0.00425614 0.00676922 0.00798909 -0.567144 0.82358 -2.12753 3.98922 0.379231</i>
                        <i>0.000162378 0.820663 0.571413 -0.999993 -0.00204981 0.00322811 0.00382047 -0.571409 0.820657 -2.12748 3.9891 0.380202</i>
                        <i>9.77729e-017 0.817797 0.575506 -1 1.11022e-016 0 -5.94709e-017 -0.575506 0.817797 -2.12744 3.98897 0.381174</i>
                    </KeyFrames>
                </p>
            </i>
            <i>
                <p>
                    <Name><![CDATA[spine2]]></Name>
                    <Exclude>0</Exclude>
                    <Additive>0</Additive>
                    <IKPriority>0</IKPriority>
                    <IKRotLimits>-1e+010 -1e+010 -1e+010 1e+010 1e+010 1e+010</IKRotLimits>
                    <IKRotLimitOrder>0</IKRotLimitOrder>
                    <KeyFrames count="75">
                        <i>7.91808e-017 0.642201 0.766536 -1 1.11022e-016 0 -8.2624e-017 -0.766536 0.642201 -2.12744 4.11899 0.472751</i>
                        <i>-0.00641022 0.64856 0.761137 -0.999839 0.00857724 -0.0157292 -0.0167298 -0.761115 0.6484 -2.12791 4.11988 0.470057</i>
                        <i>-0.0133585 0.655058 0.755461 -0.999293 0.0178019 -0.033106 -0.035135 -0.755369 0.654357 -2.12842 4.12076 0.467362</i>
                        <i>-0.02057 0.661565 0.749606 -0.9983 0.0273102 -0.0514971 -0.0545406 -0.749391 0.659878 -2.12894 4.12161 0.464707</i>
                        <i>-0.0277822 0.667945 0.743692 -0.996852 0.0367598 -0.0702553 -0.0742646 -0.743303 0.66482 -2.12946 4.12243 0.462132</i>
                        <i>-0.0347464 0.674057 0.737861 -0.995001 0.0458308 -0.0887231 -0.0936213 -0.737256 0.669096 -2.12995 4.12319 0.459681</i>
                        <i>-0.0412286 0.67976 0.732275 -0.992861 0.0542257 -0.106237 -0.111924 -0.731427 0.672672 -2.1304 4.12389 0.4574</i>
                        <i>-0.0470091 0.684906 0.727113 -0.990596 0.0616673 -0.122131 -0.128488 -0.726017 0.675567 -2.13079 4.12452 0.455333</i>
                        <i>-0.0518799 0.689349 0.722569 -0.988415 0.0678955 -0.135741 -0.142632 -0.721241 0.67784 -2.13112 4.12505 0.453528</i>
                        <i>-0.0556409 0.69294 0.718845 -0.986552 0.0726616 -0.146405 -0.153683 -0.717324 0.679579 -2.13137 4.12548 0.452032</i>
                        <i>-0.0580941 0.695533 0.716142 -0.985249 0.0757203 -0.153466 -0.160967 -0.714493 0.680874 -2.13154 4.1258 0.450892</i>
                        <i>-0.0597598 0.697319 0.714266 -0.984318 0.0778066 -0.158315 -0.16597 -0.712526 0.681734 -2.13164 4.12602 0.450084</i>
                        <i>-0.0612914 0.698614 0.712869 -0.983429 0.0798174 -0.162775 -0.170616 -0.711033 0.682146 -2.13174 4.12617 0.449537</i>
                        <i>-0.0626882 0.699461 0.711916 -0.98259 0.0817457 -0.166838 -0.174893 -0.70998 0.682158 -2.13183 4.12626 0.44923</i>
                        <i>-0.0639489 0.699899 0.711373 -0.981807 0.0835825 -0.170494 -0.178787 -0.709335 0.681821 -2.13191 4.1263 0.449139</i>
                        <i>-0.0650722 0.699968 0.711204 -0.98109 0.0853169 -0.173735 -0.182287 -0.70906 0.68118 -2.13197 4.12628 0.449244</i>
                        <i>-0.0660565 0.699707 0.71137 -0.980444 0.0869365 -0.176554 -0.18538 -0.709121 0.680281 -2.13203 4.12622 0.449522</i>
                        <i>-0.0668999 0.699154 0.711834 -0.979878 0.088427 -0.178943 -0.188054 -0.709481 0.67917 -2.13208 4.12613 0.44995</i>
                        <i>-0.0676004 0.698348 0.712559 -0.979396 0.0897728 -0.180898 -0.190298 -0.710106 0.677891 -2.13212 4.12599 0.450506</i>
                        <i>-0.0681556 0.697327 0.713505 -0.979006 0.0909573 -0.182412 -0.192099 -0.710958 0.676488 -2.13215 4.12583 0.451168</i>
                        <i>-0.0685631 0.696129 0.714636 -0.978712 0.0919626 -0.18348 -0.193445 -0.712003 0.675004 -2.13217 4.12564 0.451914</i>
                        <i>-0.0688203 0.694791 0.715912 -0.97852 0.0927701 -0.184098 -0.194325 -0.713204 0.673482 -2.13219 4.12544 0.452721</i>
                        <i>-0.0689244 0.693353 0.717294 -0.978433 0.0933605 -0.184261 -0.194725 -0.714525 0.671965 -2.13219 4.12522 0.453567</i>
                        <i>-0.0688723 0.691853 0.718746 -0.978455 0.0937139 -0.183966 -0.194634 -0.715931 0.670493 -2.13218 4.125 0.454429</i>
                        <i>-0.0686609 0.690332 0.720228 -0.978588 0.0938105 -0.183208 -0.194039 -0.717385 0.669109 -2.13217 4.12477 0.455285</i>
                        <i>-0.0682872 0.688827 0.721702 -0.978834 0.0936302 -0.181982 -0.192927 -0.718853 0.667854 -2.13214 4.12455 0.456114</i>
                        <i>-0.0677477 0.687381 0.723131 -0.979193 0.0931533 -0.180285 -0.191287 -0.720299 0.666768 -2.13211 4.12434 0.456893</i>
                        <i>-0.0670391 0.686032 0.724476 -0.979666 0.0923605 -0.178112 -0.189104 -0.721685 0.665891 -2.13206 4.12415 0.457599</i>
                        <i>-0.066158 0.684823 0.7257 -0.98025 0.0912331 -0.175458 -0.186366 -0.722976 0.665262 -2.13201 4.12398 0.458211</i>
                        <i>-0.065101 0.683794 0.726765 -0.980944 0.0897536 -0.172316 -0.183059 -0.724134 0.664921 -2.13195 4.12384 0.458706</i>
                        <i>-0.0638647 0.682988 0.727632 -0.981743 0.0879054 -0.16868 -0.179169 -0.72512 0.664905 -2.13188 4.12373 0.459063</i>
                        <i>-0.0624457 0.682447 0.728263 -0.982642 0.0856738 -0.164542 -0.174684 -0.725897 0.665251 -2.13179 4.12367 0.459259</i>
                        <i>-0.0608407 0.682212 0.728619 -0.983635 0.0830456 -0.159891 -0.169588 -0.726423 0.665995 -2.1317 4.12366 0.459271</i>
                        <i>-0.0590465 0.682325 0.72866 -0.984714 0.0800098 -0.154718 -0.163868 -0.726657 0.667171 -2.1316 4.12371 0.459078</i>
                        <i>-0.0570602 0.682829 0.728346 -0.985868 0.076558 -0.149009 -0.157508 -0.726556 0.668811 -2.13149 4.12381 0.458657</i>
                        <i>-0.0519508 0.683171 0.728408 -0.988633 0.0678643 -0.13416 -0.141087 -0.727098 0.67188 -2.13121 4.12392 0.458197</i>
                        <i>-0.0420146 0.683038 0.729173 -0.993135 0.051193 -0.105178 -0.109169 -0.728586 0.676198 -2.13066 4.124 0.45785</i>
                        <i>-0.0291047 0.682825 0.730002 -0.997276 0.0296788 -0.0675215 -0.067771 -0.729979 0.680101 -2.12995 4.12405 0.457541</i>
