<?xml version="1.0" encoding="ISO-8859-1" ?>
<Animl Version="1">
    <ModellingPackage>
        <![CDATA[Maya.2010]]>
</ModellingPackage>
    <SrcFile>
        <![CDATA[anims\turrets\antiair\blue\~src\aa_bofors\aa_bofors_reload_crewman_a.mb]]>
</SrcFile>
    <FramesPerSecond>30</FramesPerSecond>
    <TotalFrames>107</TotalFrames>
    <Skeleton>
        <RefFrame>
            <Name>
                <![CDATA[soldier_ref_frame]]>
</Name>
            <Exclude>0</Exclude>
            <Additive>0</Additive>
            <IKPriority>0</IKPriority>
            <IKRotLimits>-1e+010 -1e+010 -1e+010 1e+010 1e+010 1e+010</IKRotLimits>
            <IKRotLimitOrder>0</IKRotLimitOrder>
            <KeyFrames count="107">
                <i>1 0 0 0 1 0 0 0 1 0.17 3 -2.34</i>
                <i>1 0 0 0 1 0 0 0 1 0.17 3 -2.34</i>
                <i>1 0 0 0 1 0 0 0 1 0.17 3 -2.34</i>
                <i>1 0 0 0 1 0 0 0 1 0.17 3 -2.34</i>
                <i>1 0 0 0 1 0 0 0 1 0.17 3 -2.34</i>
                <i>1 0 0 0 1 0 0 0 1 0.17 3 -2.34</i>
                <i>1 0 0 0 1 0 0 0 1 0.17 3 -2.34</i>
                <i>1 0 0 0 1 0 0 0 1 0.17 3 -2.34</i>
                <i>1 0 0 0 1 0 0 0 1 0.17 3 -2.34</i>
                <i>1 0 0 0 1 0 0 0 1 0.17 3 -2.34</i>
                <i>1 0 0 0 1 0 0 0 1 0.17 3 -2.34</i>
                <i>1 0 0 0 1 0 0 0 1 0.17 3 -2.34</i>
                <i>1 0 0 0 1 0 0 0 1 0.17 3 -2.34</i>
                <i>1 0 0 0 1 0 0 0 1 0.17 3 -2.34</i>
                <i>1 0 0 0 1 0 0 0 1 0.17 3 -2.34</i>
                <i>1 0 0 0 1 0 0 0 1 0.17 3 -2.34</i>
                <i>1 0 0 0 1 0 0 0 1 0.17 3 -2.34</i>
                <i>1 0 0 0 1 0 0 0 1 0.17 3 -2.34</i>
                <i>1 0 0 0 1 0 0 0 1 0.17 3 -2.34</i>
                <i>1 0 0 0 1 0 0 0 1 0.17 3 -2.34</i>
                <i>1 0 0 0 1 0 0 0 1 0.17 3 -2.34</i>
                <i>1 0 0 0 1 0 0 0 1 0.17 3 -2.34</i>
                <i>1 0 0 0 1 0 0 0 1 0.17 3 -2.34</i>
                <i>1 0 0 0 1 0 0 0 1 0.17 3 -2.34</i>
                <i>1 0 0 0 1 0 0 0 1 0.17 3 -2.34</i>
                <i>1 0 0 0 1 0 0 0 1 0.17 3 -2.34</i>
                <i>1 0 0 0 1 0 0 0 1 0.17 3 -2.34</i>
                <i>1 0 0 0 1 0 0 0 1 0.17 3 -2.34</i>
                <i>1 0 0 0 1 0 0 0 1 0.17 3 -2.34</i>
                <i>1 0 0 0 1 0 0 0 1 0.17 3 -2.34</i>
                <i>1 0 0 0 1 0 0 0 1 0.17 3 -2.34</i>
                <i>1 0 0 0 1 0 0 0 1 0.17 3 -2.34</i>
                <i>1 0 0 0 1 0 0 0 1 0.17 3 -2.34</i>
                <i>1 0 0 0 1 0 0 0 1 0.17 3 -2.34</i>
                <i>1 0 0 0 1 0 0 0 1 0.17 3 -2.34</i>
                <i>1 0 0 0 1 0 0 0 1 0.17 3 -2.34</i>
                <i>1 0 0 0 1 0 0 0 1 0.17 3 -2.34</i>
                <i>1 0 0 0 1 0 0 0 1 0.17 3 -2.34</i>
                <i>1 0 0 0 1 0 0 0 1 0.17 3 -2.34</i>
                <i>1 0 0 0 1 0 0 0 1 0.17 3 -2.34</i>
                <i>1 0 0 0 1 0 0 0 1 0.17 3 -2.34</i>
                <i>1 0 0 0 1 0 0 0 1 0.17 3 -2.34</i>
                <i>1 0 0 0 1 0 0 0 1 0.17 3 -2.34</i>
                <i>1 0 0 0 1 0 0 0 1 0.17 3 -2.34</i>
                <i>1 0 0 0 1 0 0 0 1 0.17 3 -2.34</i>
                <i>1 0 0 0 1 0 0 0 1 0.17 3 -2.34</i>
                <i>1 0 0 0 1 0 0 0 1 0.17 3 -2.34</i>
                <i>1 0 0 0 1 0 0 0 1 0.17 3 -2.34</i>
                <i>1 0 0 0 1 0 0 0 1 0.17 3 -2.34</i>
                <i>1 0 0 0 1 0 0 0 1 0.17 3 -2.34</i>
                <i>1 0 0 0 1 0 0 0 1 0.17 3 -2.34</i>
                <i>1 0 0 0 1 0 0 0 1 0.17 3 -2.34</i>
                <i>1 0 0 0 1 0 0 0 1 0.17 3 -2.34</i>
                <i>1 0 0 0 1 0 0 0 1 0.17 3 -2.34</i>
                <i>1 0 0 0 1 0 0 0 1 0.17 3 -2.34</i>
                <i>1 0 0 0 1 0 0 0 1 0.17 3 -2.34</i>
                <i>1 0 0 0 1 0 0 0 1 0.17 3 -2.34</i>
                <i>1 0 0 0 1 0 0 0 1 0.17 3 -2.34</i>
                <i>1 0 0 0 1 0 0 0 1 0.17 3 -2.34</i>
                <i>1 0 0 0 1 0 0 0 1 0.17 3 -2.34</i>
                <i>1 0 0 0 1 0 0 0 1 0.17 3 -2.34</i>
                <i>1 0 0 0 1 0 0 0 1 0.17 3 -2.34</i>
                <i>1 0 0 0 1 0 0 0 1 0.17 3 -2.34</i>
                <i>1 0 0 0 1 0 0 0 1 0.17 3 -2.34</i>
                <i>1 0 0 0 1 0 0 0 1 0.17 3 -2.34</i>
                <i>1 0 0 0 1 0 0 0 1 0.17 3 -2.34</i>
                <i>1 0 0 0 1 0 0 0 1 0.17 3 -2.34</i>
                <i>1 0 0 0 1 0 0 0 1 0.17 3 -2.34</i>
                <i>1 0 0 0 1 0 0 0 1 0.17 3 -2.34</i>
                <i>1 0 0 0 1 0 0 0 1 0.17 3 -2.34</i>
                <i>1 0 0 0 1 0 0 0 1 0.17 3 -2.34</i>
                <i>1 0 0 0 1 0 0 0 1 0.17 3 -2.34</i>
                <i>1 0 0 0 1 0 0 0 1 0.17 3 -2.34</i>
                <i>1 0 0 0 1 0 0 0 1 0.17 3 -2.34</i>
                <i>1 0 0 0 1 0 0 0 1 0.17 3 -2.34</i>
                <i>1 0 0 0 1 0 0 0 1 0.17 3 -2.34</i>
                <i>1 0 0 0 1 0 0 0 1 0.17 3 -2.34</i>
                <i>1 0 0 0 1 0 0 0 1 0.17 3 -2.34</i>
                <i>1 0 0 0 1 0 0 0 1 0.17 3 -2.34</i>
                <i>1 0 0 0 1 0 0 0 1 0.17 3 -2.34</i>
                <i>1 0 0 0 1 0 0 0 1 0.17 3 -2.34</i>
                <i>1 0 0 0 1 0 0 0 1 0.17 3 -2.34</i>
                <i>1 0 0 0 1 0 0 0 1 0.17 3 -2.34</i>
                <i>1 0 0 0 1 0 0 0 1 0.17 3 -2.34</i>
                <i>1 0 0 0 1 0 0 0 1 0.17 3 -2.34</i>
                <i>1 0 0 0 1 0 0 0 1 0.17 3 -2.34</i>
                <i>1 0 0 0 1 0 0 0 1 0.17 3 -2.34</i>
                <i>1 0 0 0 1 0 0 0 1 0.17 3 -2.34</i>
                <i>1 0 0 0 1 0 0 0 1 0.17 3 -2.34</i>
                <i>1 0 0 0 1 0 0 0 1 0.17 3 -2.34</i>
                <i>1 0 0 0 1 0 0 0 1 0.17 3 -2.34</i>
                <i>1 0 0 0 1 0 0 0 1 0.17 3 -2.34</i>
                <i>1 0 0 0 1 0 0 0 1 0.17 3 -2.34</i>
                <i>1 0 0 0 1 0 0 0 1 0.17 3 -2.34</i>
                <i>1 0 0 0 1 0 0 0 1 0.17 3 -2.34</i>
                <i>1 0 0 0 1 0 0 0 1 0.17 3 -2.34</i>
                <i>1 0 0 0 1 0 0 0 1 0.17 3 -2.34</i>
                <i>1 0 0 0 1 0 0 0 1 0.17 3 -2.34</i>
                <i>1 0 0 0 1 0 0 0 1 0.17 3 -2.34</i>
                <i>1 0 0 0 1 0 0 0 1 0.17 3 -2.34</i>
                <i>1 0 0 0 1 0 0 0 1 0.17 3 -2.34</i>
                <i>1 0 0 0 1 0 0 0 1 0.17 3 -2.34</i>
                <i>1 0 0 0 1 0 0 0 1 0.17 3 -2.34</i>
                <i>1 0 0 0 1 0 0 0 1 0.17 3 -2.34</i>
                <i>1 0 0 0 1 0 0 0 1 0.17 3 -2.34</i>
                <i>1 0 0 0 1 0 0 0 1 0.17 3 -2.34</i>
                <i>1 0 0 0 1 0 0 0 1 0.17 3 -2.34</i>
            </KeyFrames>
        </RefFrame>
        <Bones count="23">
            <i>
                <p>
                    <Name>
                        <![CDATA[pelvis]]>
</Name>
                    <Exclude>0</Exclude>
                    <Additive>0</Additive>
                    <IKPriority>0</IKPriority>
                    <IKRotLimits>-1e+010 -1e+010 -1e+010 1e+010 1e+010 1e+010</IKRotLimits>
                    <IKRotLimitOrder>2</IKRotLimitOrder>
                    <KeyFrames count="107">
                        <i>1 0 0 0 1 0 0 0 1 0.0158091 4.12224 -2.22264</i>
                        <i>1 0 0 0 1 0 0 0 1 -0.0217569 4.08563 -2.22264</i>
                        <i>1 0 0 0 1 0 0 0 1 -0.0442965 4.08959 -2.22264</i>
                        <i>1 0 0 0 1 0 0 0 1 -0.0442965 4.1484 -2.22264</i>
                        <i>1 0 0 0 1 0 0 0 1 -0.0442965 4.17911 -2.22264</i>
                        <i>1 0 0 0 1 0 0 0 1 -0.0442965 4.11339 -2.22264</i>
                        <i>1 0 0 0 1 0 0 0 1 -0.0442965 4.0705 -2.22264</i>
                        <i>1 0 0 0 1 0 0 0 1 -0.0442965 4.05353 -2.22264</i>
                        <i>1 0 0 0 1 0 0 0 1 -0.0442965 4.04049 -2.22264</i>
                        <i>1 0 0 0 1 0 0 0 1 -0.0442965 4.03555 -2.22264</i>
                        <i>1 0 0 0 1 0 0 0 1 -0.0442965 4.04291 -2.22264</i>
                        <i>1 0 0 0 1 0 0 0 1 -0.0442965 4.06286 -2.22264</i>
                        <i>1 0 0 0 1 0 0 0 1 -0.0442965 4.08976 -2.22264</i>
                        <i>1 0 0 0 1 0 0 0 1 -0.0442965 4.11886 -2.22264</i>
                        <i>1 0 0 0 1 0 0 0 1 -0.0442965 4.14544 -2.22264</i>
                        <i>1 0 0 0 1 0 0 0 1 -0.0442965 4.15975 -2.22264</i>
                        <i>1 0 0 0 1 0 0 0 1 -0.0442965 4.16954 -2.22264</i>
                        <i>1 0 0 0 1 0 0 0 1 -0.0522619 4.17617 -2.21816</i>
                        <i>1 0 0 0 1 0 0 0 1 -0.0738588 4.18184 -2.20671</i>
                        <i>1 0 0 0 1 0 0 0 1 -0.105638 4.18623 -2.19127</i>
                        <i>1 0 0 0 1 0 0 0 1 -0.144152 4.18904 -2.17479</i>
                        <i>1 0 0 0 1 0 0 0 1 -0.185951 4.18995 -2.16025</i>
                        <i>1 0 0 0 1 0 0 0 1 -0.227587 4.18865 -2.15062</i>
                        <i>1 0 0 0 1 0 0 0 1 -0.26561 4.18484 -2.14886</i>
                        <i>1 0 0 0 1 0 0 0 1 -0.296572 4.1782 -2.15796</i>
                        <i>1 0 0 0 1 0 0 0 1 -0.321699 4.16772 -2.18241</i>
                        <i>1 0 0 0 1 0 0 0 1 -0.344716 4.15313 -2.22135</i>
                        <i>1 0 0 0 1 0 0 0 1 -0.365919 4.13525 -2.26968</i>
                        <i>1 0 0 0 1 0 0 0 1 -0.385605 4.1149 -2.32233</i>
                        <i>1 0 0 0 1 0 0 0 1 -0.40407 4.0929 -2.37421</i>
                        <i>1 0 0 0 1 0 0 0 1 -0.421612 4.07006 -2.42023</i>
                        <i>1 0 0 0 1 0 0 0 1 -0.438526 4.04719 -2.4553</i>
                        <i>1 0 0 0 1 0 0 0 1 -0.453125 4.0205 -2.47951</i>
                        <i>1 0 0 0 1 0 0 0 1 -0.464647 3.98831 -2.49705</i>
                        <i>1 0 0 0 1 0 0 0 1 -0.474777 3.95461 -2.50891</i>
                        <i>1 0 0 0 1 0 0 0 1 -0.4852 3.92339 -2.51612</i>
                        <i>1 0 0 0 1 0 0 0 1 -0.497601 3.89865 -2.5197</i>
                        <i>1 0 0 0 1 0 0 0 1 -0.513666 3.88438 -2.52067</i>
                        <i>1 0 0 0 1 0 0 0 1 -0.538867 3.88749 -2.52067</i>
                        <i>1 0 0 0 1 0 0 0 1 -0.571529 3.90752 -2.52067</i>
                        <i>1 0 0 0 1 0 0 0 1 -0.602622 3.93744 -2.52067</i>
                        <i>1 0 0 0 1 0 0 0 1 -0.623115 3.9702 -2.52067</i>
                        <i>1 0 0 0 1 0 0 0 1 -0.62943 4.00951 -2.52369</i>
                        <i>1 0 0 0 1 0 0 0 1 -0.626772 4.05728 -2.5309</i>
                        <i>1 0 0 0 1 0 0 0 1 -0.619288 4.10371 -2.53953</i>
                        <i>1 0 0 0 1 0 0 0 1 -0.611125 4.13899 -2.54679</i>
                        <i>1 0 0 0 1 0 0 0 1 -0.602766 4.1599 -2.5513</i>
                        <i>1 0 0 0 1 0 0 0 1 -0.592209 4.17188 -2.55477</i>
                        <i>1 0 0 0 1 0 0 0 1 -0.579864 4.17809 -2.55901</i>
                        <i>1 0 0 0 1 0 0 0 1 -0.566143 4.18173 -2.56586</i>
                        <i>1 0 0 0 1 0 0 0 1 -0.554897 4.18597 -2.57702</i>
                        <i>1 0 0 0 1 0 0 0 1 -0.547015 4.19057 -2.59141</i>
                        <i>1 0 0 0 1 0 0 0 1 -0.53846 4.19354 -2.60669</i>
                        <i>1 0 0 0 1 0 0 0 1 -0.525196 4.19293 -2.62051</i>
                        <i>1 0 0 0 1 0 0 0 1 -0.503189 4.18678 -2.63052</i>
                        <i>1 0 0 0 1 0 0 0 1 -0.468401 4.17311 -2.63438</i>
                        <i>1 0 0 0 1 0 0 0 1 -0.418708 4.14891 -2.63438</i>
                        <i>1 0 0 0 1 0 0 0 1 -0.357366 4.11508 -2.63438</i>
                        <i>1 0 0 0 1 0 0 0 1 -0.288414 4.07553 -2.63438</i>
                        <i>1 0 0 0 1 0 0 0 1 -0.215888 4.03415 -2.63438</i>
                        <i>1 0 0 0 1 0 0 0 1 -0.143829 3.99486 -2.63438</i>
                        <i>1 0 0 0 1 0 0 0 1 -0.0762728 3.96157 -2.63438</i>
                        <i>1 0 0 0 1 0 0 0 1 -0.0172587 3.93817 -2.63438</i>
                        <i>1 0 0 0 1 0 0 0 1 0.0291756 3.92858 -2.63438</i>
                        <i>1 0 0 0 1 0 0 0 1 0.0645123 3.93403 -2.627</i>
                        <i>1 0 0 0 1 0 0 0 1 0.0932321 3.95134 -2.60702</i>
                        <i>1 0 0 0 1 0 0 0 1 0.115795 3.97778 -2.57768</i>
                        <i>1 0 0 0 1 0 0 0 1 0.132662 4.0106 -2.54223</i>
                        <i>1 0 0 0 1 0 0 0 1 0.144293 4.04705 -2.50393</i>
                        <i>1 0 0 0 1 0 0 0 1 0.151149 4.08441 -2.46601</i>
                        <i>1 0 0 0 1 0 0 0 1 0.153688 4.11992 -2.43172</i>
                        <i>1 0 0 0 1 0 0 0 1 0.152373 4.15085 -2.40431</i>
                        <i>1 0 0 0 1 0 0 0 1 0.140236 4.18296 -2.38192</i>
                        <i>1 0 0 0 1 0 0 0 1 0.112987 4.22102 -2.36061</i>
                        <i>1 0 0 0 1 0 0 0 1 0.0751711 4.26088 -2.34059</i>
                        <i>1 0 0 0 1 0 0 0 1 0.0314443 4.29877 -2.32206</i>
                        <i>1 0 0 0 1 0 0 0 1 -0.0134524 4.3314 -2.30527</i>
                        <i>1 0 0 0 1 0 0 0 1 -0.054763 4.35604 -2.29049</i>
                        <i>1 0 0 0 1 0 0 0 1 -0.0877728 4.37035 -2.27803</i>
                        <i>1 0 0 0 1 0 0 0 1 -0.107818 4.37212 -2.2682</i>
                        <i>1 0 0 0 1 0 0 0 1 -0.112738 4.35563 -2.26278</i>
                        <i>1 0 0 0 1 0 0 0 1 -0.105931 4.32045 -2.26238</i>
                        <i>1 0 0 0 1 0 0 0 1 -0.0911133 4.27206 -2.26562</i>
                        <i>1 0 0 0 1 0 0 0 1 -0.0720933 4.21633 -2.27105</i>
                        <i>1 0 0 0 1 0 0 0 1 -0.0527232 4.15993 -2.27707</i>
                        <i>1 0 0 0 1 0 0 0 1 -0.0367656 4.11043 -2.28188</i>
                        <i>1 0 0 0 1 0 0 0 1 -0.0278245 4.07593 -2.28348</i>
                        <i>1 0 0 0 1 0 0 0 1 -0.0285756 4.06154 -2.28071</i>
                        <i>1 0 0 0 1 0 0 0 1 -0.0363157 4.06228 -2.27443</i>
                        <i>1 0 0 0 1 0 0 0 1 -0.0464499 4.07132 -2.26577</i>
                        <i>1 0 0 0 1 0 0 0 1 -0.0541695 4.08305 -2.25608</i>
                        <i>1 0 0 0 1 0 0 0 1 -0.0546167 4.09316 -2.24713</i>
                        <i>1 0 0 0 1 0 0 0 1 -0.0462353 4.10308 -2.23966</i>
                        <i>1 0 0 0 1 0 0 0 1 -0.0323727 4.11566 -2.2333</i>
                        <i>1 0 0 0 1 0 0 0 1 -0.0157099 4.12899 -2.22851</i>
                        <i>1 0 0 0 1 0 0 0 1 0.00112706 4.14166 -2.2252</i>
                        <i>1 0 0 0 1 0 0 0 1 0.0158091 4.15293 -2.22264</i>
                        <i>1 0 0 0 1 0 0 0 1 0.0158091 4.15293 -2.22264</i>
                        <i>1 0 0 0 1 0 0 0 1 0.0158091 4.15293 -2.22264</i>
                        <i>1 0 0 0 1 0 0 0 1 0.0158091 4.15293 -2.22264</i>
                        <i>1 0 0 0 1 0 0 0 1 0.0158091 4.15293 -2.22264</i>
                        <i>1 0 0 0 1 0 0 0 1 0.0158091 4.15293 -2.22264</i>
                        <i>1 0 0 0 1 0 0 0 1 0.0158091 4.15293 -2.22264</i>
                        <i>1 0 0 0 1 0 0 0 1 0.0158091 4.15293 -2.22264</i>
                        <i>1 0 0 0 1 0 0 0 1 0.0158091 4.15293 -2.22264</i>
                        <i>1 0 0 0 1 0 0 0 1 0.0158091 4.15293 -2.22264</i>
                        <i>1 0 0 0 1 0 0 0 1 0.0158091 4.15293 -2.22264</i>
                    </KeyFrames>
                </p>
            </i>
            <i>
                <p>
                    <Name>
                        <![CDATA[spine0]]>
</Name>
                    <Exclude>0</Exclude>
                    <Additive>0</Additive>
                    <IKPriority>0</IKPriority>
                    <IKRotLimits>-1e+010 -1e+010 -1e+010 1e+010 1e+010 1e+010</IKRotLimits>
                    <IKRotLimitOrder>0</IKRotLimitOrder>
                    <KeyFrames count="107">
                        <i>0.12044 0.987808 0.0986433 -0.952907 0.087179 0.290462 0.278321 -0.128981 0.951788 0.0139794 4.26245 -2.2548</i>
                        <i>0.0220902 0.995775 0.0891291 -0.960035 -0.00375182 0.279856 0.279008 -0.0917491 0.955896 -0.0354315 4.22596 -2.25122</i>
                        <i>-0.0483158 0.996695 0.0653065 -0.959723 -0.0644413 0.273458 0.276762 -0.0494638 0.959665 -0.0659697 4.22934 -2.24904</i>
                        <i>-0.0595846 0.995553 0.0729655 -0.957966 -0.0775776 0.276193 0.280625 -0.0534417 0.958328 -0.0687377 4.28711 -2.25196</i>
                        <i>-0.0616309 0.993012 0.100638 -0.9544 -0.0881405 0.285221 0.292098 -0.0784704 0.953164 -0.0723005 4.31568 -2.25813</i>
                        <i>-0.0581979 0.989441 0.132741 -0.94856 -0.0962567 0.301609 0.311202 -0.10836 0.944146 -0.0758695 4.2476 -2.26371</i>
                        <i>-0.0563354 0.987034 0.150299 -0.93962 -0.103309 0.326253 0.33755 -0.122845 0.933257 -0.0786484 4.2036 -2.26506</i>
                        <i>-0.0585544 0.986751 0.151307 -0.927792 -0.109735 0.356595 0.368474 -0.119501 0.921925 -0.0807369 4.18659 -2.26341</i>
                        <i>-0.0608995 0.987052 0.14839 -0.914421 -0.114772 0.388151 0.400156 -0.112053 0.909571 -0.0828819 4.17329 -2.26228</i>
                        <i>-0.0638332 0.987745 0.142424 -0.900252 -0.118582 0.418908 0.430664 -0.101477 0.896789 -0.0850233 4.16791 -2.26162</i>
                        <i>-0.0676658 0.98863 0.134283 -0.886279 -0.121371 0.446965 0.458182 -0.0887683 0.884415 -0.0870933 4.17469 -2.26136</i>
                        <i>-0.0725185 0.989528 0.1248 -0.873711 -0.123376 0.47054 0.48101 -0.0749163 0.873509 -0.0890096 4.19397 -2.26146</i>
                        <i>-0.0783209 0.990304 0.11473 -0.863898 -0.124854 0.487946 0.49754 -0.0608984 0.865301 -0.0906713 4.22015 -2.26192</i>
                        <i>-0.0848348 0.990876 0.104728 -0.858231 -0.126065 0.497542 0.506205 -0.0476718 0.861095 -0.0919577 4.24854 -2.26273</i>
                        <i>-0.0917025 0.991211 0.0953511 -0.857997 -0.12725 0.497644 0.505403 -0.0361758 0.862125 -0.0927281 4.27447 -2.26389</i>
                        <i>-0.0985124 0.991318 0.0870817 -0.864212 -0.12861 0.486413 0.49339 -0.0273393 0.869379 -0.0928218 4.28825 -2.26541</i>
                        <i>-0.104885 0.991231 0.0803767 -0.877397 -0.130281 0.461738 0.468161 -0.0220931 0.883367 -0.0920605 4.29769 -2.26727</i>
                        <i>-0.111816 0.991124 0.0719058 -0.904244 -0.131489 0.406269 0.412117 -0.019593 0.91092 -0.0974182 4.30414 -2.26592</i>
                        <i>-0.118507 0.991242 0.0582708 -0.942032 -0.130787 0.308983 0.313898 -0.0182764 0.949281 -0.113702 4.30974 -2.25915</i>
                        <i>-0.122023 0.991703 0.0404355 -0.975727 -0.127322 0.178173 0.181843 -0.0177128 0.983168 -0.137554 4.31417 -2.24879</i>
                        <i>-0.120436 0.992506 0.0206527 -0.992337 -0.120942 0.0252886 0.0275969 -0.0174488 0.999467 -0.165973 4.31709 -2.2366</i>
                        <i>-0.113821 0.993499 0.0022414 -0.984432 -0.112477 -0.135068 -0.133938 -0.0175801 0.990834 -0.196448 4.31818 -2.22461</i>
                        <i>-0.104659 0.994443 -0.0113641 -0.952268 -0.103502 -0.287182 -0.286762 -0.0192344 0.957809 -0.226883 4.31715 -2.21529</i>
                        <i>-0.0973595 0.995094 -0.0176025 -0.903815 -0.0958064 -0.41706 -0.4167 -0.0246953 0.908708 -0.255348 4.31381 -2.21176</i>
                        <i>-0.0970636 0.995164 -0.0150741 -0.852687 -0.0909595 -0.514443 -0.513326 -0.0370801 0.857392 -0.279793 4.30801 -2.21767</i>
                        <i>-0.105024 0.99447 -0.000576925 -0.804978 -0.0853529 -0.587134 -0.583936 -0.0611988 0.80949 -0.301161 4.29902 -2.2375</i>
                        <i>-0.120003 0.99249 0.0237268 -0.758066 -0.0761743 -0.647714 -0.641042 -0.0957143 0.761514 -0.322196 4.28645 -2.27049</i>
                        <i>-0.141209 0.988624 0.0517916 -0.714666 -0.0655963 -0.696384 -0.685064 -0.135349 0.715798 -0.343078 4.27068 -2.31249</i>
                        <i>-0.166029 0.982938 0.0791684 -0.677323 -0.0553214 -0.733602 -0.716706 -0.175422 0.674952 -0.363735 4.25224 -2.35916</i>
                        <i>-0.190799 0.976224 0.102869 -0.648346 -0.0466417 -0.759915 -0.73705 -0.211686 0.641831 -0.383934 4.23176 -2.40597</i>
                        <i>-0.211452 0.969881 0.120906 -0.629727 -0.0405861 -0.775756 -0.747484 -0.240173 0.619342 -0.403368 4.20997 -2.44829</i>
                        <i>-0.224052 0.965658 0.131551 -0.623063 -0.0381351 -0.781241 -0.749395 -0.257003 0.61021 -0.421747 4.18766 -2.48143</i>
                        <i>-0.226983 0.964591 0.134325 -0.622153 -0.0375046 -0.781997 -0.749269 -0.261071 0.608636 -0.434328 4.16044 -2.50711</i>
                        <i>-0.221305 0.966458 0.130316 -0.62033 -0.0364012 -0.783496 -0.752473 -0.25423 0.607579 -0.438855 4.12597 -2.52992</i>
                        <i>-0.207514 0.970872 0.119777 -0.618098 -0.0352276 -0.785311 -0.758217 -0.236997 0.607404 -0.438923 4.08792 -2.54939</i>
                        <i>-0.184895 0.977469 0.101824 -0.61599 -0.0345363 -0.786996 -0.765748 -0.208234 0.608497 -0.438186 4.05024 -2.56505</i>
                        <i>-0.150677 0.985825 0.073789 -0.614746 -0.0349822 -0.787949 -0.774198 -0.164087 0.611304 -0.440183 4.01764 -2.57662</i>
                        <i>-0.100672 0.99441 0.0318531 -0.615436 -0.037086 -0.787314 -0.781731 -0.0988638 0.615729 -0.448137 3.99564 -2.5841</i>
                        <i>-0.0468563 0.998809 -0.0136194 -0.619969 -0.0397693 -0.783618 -0.783226 -0.0282738 0.621094 -0.46605 3.98988 -2.59074</i>
                        <i>-0.00499853 0.998785 -0.0490336 -0.628094 -0.0412908 -0.777041 -0.778121 0.0269136 0.627537 -0.491781 3.99919 -2.5977</i>
                        <i>0.0247521 0.996923 -0.0743812 -0.637562 -0.0415667 -0.769277 -0.770002 0.0664638 0.634571 -0.518333 4.02022 -2.60276</i>
                        <i>0.0484484 0.994307 -0.0949017 -0.64514 -0.0413842 -0.762943 -0.762527 0.0981882 0.639462 -0.537958 4.05036 -2.60444</i>
                        <i>0.0769354 0.990149 -0.116984 -0.650357 -0.0390962 -0.758622 -0.755722 0.134446 0.640943 -0.548637 4.09859 -2.60265</i>
                        <i>0.0976194 0.986969 -0.127919 -0.651939 -0.033699 -0.757523 -0.751962 0.157344 0.640153 -0.554865 4.16193 -2.59854</i>
                        <i>0.101641 0.987247 -0.122523 -0.650097 -0.0273105 -0.75936 -0.753022 0.156834 0.639031 -0.557239 4.22128 -2.59451</i>
                        <i>0.105932 0.987119 -0.119892 -0.648494 -0.0228208 -0.760878 -0.753813 0.15835 0.637723 -0.553821 4.26155 -2.59568</i>
                        <i>0.131904 0.981742 -0.137057 -0.655544 -0.0173194 -0.754958 -0.743547 0.189429 0.641291 -0.543954 4.28102 -2.60198</i>
                        <i>0.174867 0.969814 -0.169948 -0.673104 -0.00822087 -0.739502 -0.718576 0.243707 0.651348 -0.530256 4.28952 -2.6097</i>
                        <i>0.216856 0.953633 -0.208704 -0.694966 0.000671495 -0.719042 -0.685562 0.300971 0.662888 -0.514872 4.29143 -2.61923</i>
                        <i>0.242666 0.939481 -0.241842 -0.71565 0.00505777 -0.698441 -0.654949 0.342562 0.673567 -0.499533 4.29141 -2.6309</i>
                        <i>0.257302 0.92773 -0.270393 -0.734985 0.00622085 -0.678055 -0.62737 0.3732 0.683468 -0.487655 4.29254 -2.64644</i>
                        <i>0.272252 0.913576 -0.302091 -0.755216 0.00833216 -0.655423 -0.596261 0.406584 0.692216 -0.479272 4.29355 -2.66558</i>
                        <i>0.285011 0.898388 -0.334168 -0.775176 0.0109709 -0.631651 -0.563801 0.439066 0.699535 -0.47058 4.29285 -2.68559</i>
                        <i>0.293731 0.884006 -0.363669 -0.79384 0.0136593 -0.607973 -0.532484 0.467276 0.705772 -0.45767 4.2889 -2.70374</i>
                        <i>0.297209 0.872629 -0.387539 -0.810345 0.0158666 -0.585738 -0.504982 0.488127 0.711846 -0.436536 4.28016 -2.71732</i>
                        <i>0.294704 0.8666 -0.402684 -0.823968 0.0170253 -0.56638 -0.483969 0.498713 0.719068 -0.403111 4.26515 -2.72362</i>
                        <i>0.295041 0.863322 -0.40942 -0.834118 0.0237193 -0.551076 -0.466045 0.504095 0.727111 -0.354249 4.24023 -2.72495</i>
                        <i>0.305102 0.859149 -0.410823 -0.841212 0.0409222 -0.539155 -0.446402 0.510086 0.735212 -0.292517 4.20551 -2.72556</i>
                        <i>0.321331 0.854605 -0.407917 -0.845929 0.0654416 -0.529266 -0.425619 0.515138 0.743964 -0.222403 4.16505 -2.72563</i>
                        <i>0.340147 0.850255 -0.401705 -0.848984 0.0939641 -0.519997 -0.404384 0.517916 0.753814 -0.148392 4.1229 -2.72529</i>
                        <i>0.357992 0.84692 -0.393153 -0.851374 0.123175 -0.509893 -0.383412 0.517257 0.765141 -0.0749667 4.08314 -2.72472</i>
                        <i>0.371357 0.845738 -0.383172 -0.854457 0.149808 -0.497454 -0.363313 0.512138 0.778279 -0.00660434 4.0499 -2.72405</i>
                        <i>0.376754 0.848066 -0.372613 -0.859889 0.170615 -0.481125 -0.344452 0.501672 0.793523 0.0522068 4.0273 -2.72341</i>
                        <i>0.370618 0.85523 -0.362249 -0.869403 0.182225 -0.459275 -0.326775 0.485156 0.811075 0.0969477 4.01948 -2.72293</i>
                        <i>0.353028 0.865102 -0.356328 -0.885035 0.185252 -0.427077 -0.303454 0.466133 0.831045 0.128777 4.02719 -2.71581</i>
                        <i>0.327618 0.874921 -0.356623 -0.905291 0.182669 -0.38351 -0.270397 0.448492 0.851904 0.152455 4.0467 -2.697</i>
                        <i>0.295969 0.884655 -0.360261 -0.926704 0.174501 -0.33282 -0.231565 0.43236 0.87146 0.168846 4.07525 -2.66923</i>
                        <i>0.259946 0.894161 -0.364561 -0.946476 0.161126 -0.279681 -0.19134 0.41775 0.888186 0.178872 4.11013 -2.63527</i>
                        <i>0.221909 0.903332 -0.367081 -0.962771 0.143391 -0.229155 -0.154367 0.404266 0.901521 0.183544 4.1486 -2.59797</i>
                        <i>0.184674 0.912243 -0.365661 -0.974772 0.122558 -0.186545 -0.12536 0.390886 0.911862 0.183935 4.18801 -2.56028</i>
                        <i>0.151247 0.921245 -0.358375 -0.982473 0.100138 -0.157221 -0.108952 0.375873 0.920244 0.18114 4.22578 -2.52518</i>
                        <i>0.124352 0.930938 -0.343353 -0.986156 0.0777001 -0.146488 -0.109692 0.356816 0.927712 0.176196 4.25938 -2.49568</i>
                        <i>0.102881 0.941905 -0.319735 -0.98719 0.0572772 -0.148914 -0.121949 0.33096 0.935732 0.161294 4.29442 -2.4704</i>
                        <i>0.0840785 0.953664 -0.288889 -0.987201 0.0402923 -0.154305 -0.135516 0.298165 0.944846 0.131032 4.33531 -2.4461</i>
                        <i>0.0681758 0.965283 -0.252151 -0.986562 0.0276132 -0.161035 -0.148482 0.259741 0.954195 0.0900613 4.37788 -2.42297</i>
                        <i>0.0557138 0.975893 -0.21102 -0.985629 0.0199996 -0.167736 -0.159472 0.217333 0.962982 0.0431802 4.41831 -2.40123</i>
                        <i>0.0471171 0.984792 -0.167228 -0.984724 0.0176993 -0.17322 -0.167626 0.172835 0.970582 -0.00469776 4.45332 -2.38114</i>
                        <i>0.0423573 0.99155 -0.122619 -0.984091 0.0202107 -0.17651 -0.17254 0.128145 0.976631 -0.0486154 4.48016 -2.36297</i>
                        <i>0.0407201 0.99605 -0.078906 -0.983871 0.0262046 -0.176949 -0.174182 0.0848387 0.981052 -0.0836322 4.49652 -2.34702</i>
                        <i>0.0407031 0.998468 -0.0374749 -0.984115 0.0335751 -0.174326 -0.172801 0.0439753 0.983975 -0.104837 4.50022 -2.33361</i>
                        <i>0.0366098 0.999295 0.00826347 -0.985398 0.0374741 -0.166092 -0.166284 -0.00206223 0.986076 -0.10972 4.48609 -2.32334</i>
                        <i>0.0255423 0.997667 0.0633044 -0.987584 0.0350016 -0.153146 -0.155004 -0.0586067 0.986174 -0.101611 4.45384 -2.31608</i>
                        <i>0.00951657 0.992259 0.123823 -0.989698 0.0270367 -0.140595 -0.142855 -0.121209 0.982294 -0.0844382 4.40835 -2.31118</i>
                        <i>-0.00904795 0.982666 0.185162 -0.991148 0.0157148 -0.131832 -0.132456 -0.184716 0.973825 -0.0623743 4.35502 -2.30801</i>
                        <i>-0.0268321 0.969896 0.242035 -0.991861 0.00431669 -0.127256 -0.12447 -0.243479 0.961886 -0.0397927 4.30028 -2.30588</i>
                        <i>-0.0393743 0.956455 0.289212 -0.992285 -0.00337446 -0.123933 -0.11756 -0.291861 0.949209 -0.0210857 4.25171 -2.30401</i>
                        <i>-0.0413605 0.945871 0.321897 -0.993179 -0.00376928 -0.116538 -0.109017 -0.324521 0.939575 -0.0105385 4.21762 -2.30143</i>
                        <i>-0.0276216 0.94414 0.328385 -0.995154 0.00503953 -0.098195 -0.0943648 -0.329506 0.939426 -0.0126326 4.20336 -2.29881</i>
                        <i>-0.00256272 0.951797 0.306717 -0.997342 0.0199 -0.0700864 -0.0728118 -0.306082 0.949217 -0.0248701 4.20393 -2.29678</i>
                        <i>0.0250174 0.963314 0.267209 -0.998558 0.0367798 -0.039105 -0.0474983 -0.265845 0.962845 -0.0408854 4.21221 -2.29433</i>
                        <i>0.0477834 0.973772 0.22245 -0.998673 0.0508558 -0.00810041 -0.0192008 -0.221768 0.97491 -0.0540209 4.2227 -2.29066</i>
                        <i>0.0601586 0.980344 0.187899 -0.998077 0.0562568 0.0260344 0.0149522 -0.189103 0.981843 -0.0575099 4.2318 -2.28543</i>
                        <i>0.0688395 0.983876 0.165073 -0.995908 0.058062 0.0692538 0.0585527 -0.169165 0.983847 -0.049926 4.24142 -2.27897</i>
                        <i>0.0815987 0.986167 0.144278 -0.990536 0.0642125 0.121309 0.110366 -0.152811 0.982073 -0.0361841 4.25414 -2.27207</i>
                        <i>0.0962443 0.987307 0.126342 -0.981272 0.0728362 0.178327 0.166862 -0.141138 0.975826 -0.0190852 4.26796 -2.26554</i>
                        <i>0.110285 0.98764 0.111374 -0.9683 0.0814989 0.23612 0.224125 -0.133884 0.96532 -0.00146131 4.28128 -2.25978</i>
                        <i>0.12044 0.987808 0.0986433 -0.952907 0.087179 0.290462 0.278321 -0.128981 0.951788 0.0139794 4.29314 -2.2548</i>
                        <i>0.12044 0.987808 0.0986433 -0.952907 0.087179 0.290462 0.278321 -0.128981 0.951788 0.0139794 4.29314 -2.2548</i>
                        <i>0.12044 0.987808 0.0986433 -0.952907 0.087179 0.290462 0.278321 -0.128981 0.951788 0.0139794 4.29314 -2.2548</i>
                        <i>0.12044 0.987808 0.0986433 -0.952907 0.087179 0.290462 0.278321 -0.128981 0.951788 0.0139794 4.29314 -2.2548</i>
                        <i>0.12044 0.987808 0.0986433 -0.952907 0.087179 0.290462 0.278321 -0.128981 0.951788 0.0139794 4.29314 -2.2548</i>
                        <i>0.12044 0.987808 0.0986433 -0.952907 0.087179 0.290462 0.278321 -0.128981 0.951788 0.0139794 4.29314 -2.2548</i>
                        <i>0.12044 0.987808 0.0986433 -0.952907 0.087179 0.290462 0.278321 -0.128981 0.951788 0.0139794 4.29314 -2.2548</i>
                        <i>0.12044 0.987808 0.0986433 -0.952907 0.087179 0.290462 0.278321 -0.128981 0.951788 0.0139794 4.29314 -2.2548</i>
                        <i>0.12044 0.987808 0.0986433 -0.952907 0.087179 0.290462 0.278321 -0.128981 0.951788 0.0139794 4.29314 -2.2548</i>
                        <i>0.12044 0.987808 0.0986433 -0.952907 0.087179 0.290462 0.278321 -0.128981 0.951788 0.0139794 4.29314 -2.2548</i>
                        <i>0.12044 0.987808 0.0986433 -0.952907 0.087179 0.290462 0.278321 -0.128981 0.951788 0.0139794 4.29314 -2.2548</i>
                    </KeyFrames>
                </p>
            </i>
            <i>
                <p>
                    <Name>
                        <![CDATA[spine1]]>
</Name>
                    <Exclude>0</Exclude>
                    <Additive>0</Additive>
                    <IKPriority>0</IKPriority>
                    <IKRotLimits>-1e+010 -1e+010 -1e+010 1e+010 1e+010 1e+010</IKRotLimits>
                    <IKRotLimitOrder>0</IKRotLimitOrder>
                    <KeyFrames count="107">
                        <i>0.232346 0.936554 0.262452 -0.968918 0.199312 0.146534 0.0849273 -0.288341 0.953754 0.0347636 4.43293 -2.23778</i>
                        <i>0.121677 0.971941 0.20131 -0.986214 0.0954689 0.135161 0.11215 -0.21498 0.970158 -0.0316347 4.39715 -2.2359</i>
                        <i>0.0343468 0.992341 0.118662 -0.991734 0.0191551 0.126869 0.123625 -0.122038 0.984796 -0.0742483 4.40012 -2.23785</i>
                        <i>0.0327297 0.986744 0.158949 -0.991271 0.0117263 0.13132 0.127715 -0.161859 0.978514 -0.0790194 4.45887 -2.23938</i>
                        <i>0.0565612 0.962152 0.266578 -0.989324 0.018093 0.144607 0.134311 -0.271911 0.952903 -0.0831497 4.49036 -2.24045</i>
                        <i>0.0875549 0.925859 0.367587 -0.985842 0.027562 0.165395 0.143001 -0.376864 0.915164 -0.0863717 4.42588 -2.23985</i>
                        <i>0.105782 0.907641 0.406199 -0.980811 0.0279614 0.192944 0.163766 -0.418814 0.893183 -0.0889365 4.38348 -2.23773</i>
                        <i>0.110243 0.911151 0.397051 -0.974208 0.0199245 0.224771 0.196889 -0.41159 0.889847 -0.0914167 4.36618 -2.23593</i>
                        <i>0.114666 0.915955 0.384548 -0.966196 0.0128537 0.257488 0.230905 -0.401074 0.886466 -0.0939773 4.35272 -2.23536</i>
                        <i>0.118143 0.921583 0.369767 -0.957264 0.00670735 0.289136 0.263983 -0.388124 0.882991 -0.0966423 4.3473 -2.23581</i>
                        <i>0.119983 0.927578 0.35384 -0.94815 0.00140579 0.317821 0.294307 -0.373626 0.879652 -0.0993998 4.35409 -2.23704</i>
                        <i>0.119728 0.933531 0.337912 -0.939796 -0.00316134 0.341721 0.320075 -0.358482 0.876951 -0.102189 4.37342 -2.23888</i>
                        <i>0.117141 0.939089 0.323094 -0.933283 -0.00712199 0.359072 0.339502 -0.3436 0.875601 -0.104897 4.39965 -2.24118</i>
                        <i>0.112146 0.943963 0.310414 -0.929713 -0.0106039 0.368133 0.350795 -0.329881 0.876425 -0.107358 4.42808 -2.2438</i>
                        <i>0.104752 0.947918 0.300797 -0.930074 -0.0137143 0.367116 0.352121 -0.31822 0.880197 -0.109369 4.45402 -2.24667</i>
                        <i>0.0949415 0.950755 0.295044 -0.935056 -0.0165175 0.354116 0.341551 -0.309502 0.887441 -0.110692 4.46779 -2.24969</i>
                        <i>0.0825389 0.952289 0.293825 -0.944824 -0.0190111 0.327027 0.31701 -0.304605 0.898176 -0.111083 4.47721 -2.25277</i>
                        <i>0.061992 0.952953 0.296712 -0.963362 -0.0205923 0.267412 0.260941 -0.302419 0.916762 -0.117693 4.48364 -2.25295</i>
                        <i>0.0306523 0.953388 0.300186 -0.986171 -0.0200915 0.164509 0.162873 -0.301077 0.939588 -0.135182 4.48926 -2.24865</i>
                        <i>-0.00727038 0.953776 0.300431 -0.999442 -0.0167242 0.0289078 0.032596 -0.300053 0.953366 -0.159664 4.49377 -2.24152</i>
                        <i>-0.0474892 0.954231 0.295276 -0.991989 -0.0104108 -0.125897 -0.117061 -0.298889 0.947081 -0.187786 4.49684 -2.23292</i>
                        <i>-0.0863973 0.954632 0.284981 -0.958798 -0.00196895 -0.284082 -0.270633 -0.297783 0.915469 -0.217053 4.49811 -2.22426</i>
                        <i>-0.121924 0.954533 0.272032 -0.902836 0.00720302 -0.429924 -0.412336 -0.298018 0.860909 -0.24582 4.49725 -2.21741</i>
                        <i>-0.153885 0.953175 0.26034 -0.834572 0.0156684 -0.550676 -0.52897 -0.302013 0.793082 -0.272956 4.49403 -2.21501</i>
                        <i>-0.183491 0.949515 0.254464 -0.769523 0.022333 -0.638229 -0.611691 -0.312925 0.726576 -0.297342 4.48824 -2.22045</i>
                        <i>-0.213596 0.941824 0.259509 -0.712693 0.031458 -0.70077 -0.668166 -0.334632 0.664512 -0.320147 4.47912 -2.23765</i>
                        <i>-0.24664 0.929801 0.273201 -0.659461 0.0455465 -0.750358 -0.710127 -0.365234 0.601934 -0.343891 4.4662 -2.26624</i>
                        <i>-0.281814 0.914466 0.290402 -0.612345 0.0615922 -0.788188 -0.738657 -0.399948 0.542611 -0.368611 4.44974 -2.30315</i>
                        <i>-0.316655 0.897282 0.307596 -0.57346 0.0772133 -0.815587 -0.755561 -0.434654 0.490105 -0.393762 4.43026 -2.34486</i>
                        <i>-0.347808 0.880265 0.322742 -0.544517 0.0905747 -0.833845 -0.763237 -0.465756 0.447817 -0.418446 4.40857 -2.38738</i>
                        <i>-0.371636 0.86592 0.334769 -0.526828 0.100207 -0.844045 -0.764421 -0.490042 0.41895 -0.441619 4.38563 -2.42643</i>
                        <i>-0.384652 0.857056 0.342779 -0.521331 0.104741 -0.846902 -0.761746 -0.504464 0.406521 -0.46228 4.36256 -2.45764</i>
                        <i>-0.400986 0.844164 0.355805 -0.520765 0.109485 -0.84665 -0.753667 -0.524786 0.395709 -0.475675 4.33637 -2.48265</i>
                        <i>-0.427722 0.821838 0.376345 -0.517318 0.11886 -0.847499 -0.741239 -0.557184 0.374313 -0.479902 4.30553 -2.50576</i>
                        <i>-0.451638 0.800625 0.393728 -0.51063 0.129924 -0.849928 -0.731628 -0.584909 0.350145 -0.478385 4.27299 -2.52663</i>
                        <i>-0.462547 0.791238 0.39999 -0.500828 0.139091 -0.854298 -0.731588 -0.595479 0.331938 -0.47427 4.24164 -2.54521</i>
                        <i>-0.453631 0.801274 0.390101 -0.48932 0.141904 -0.860482 -0.744839 -0.581225 0.327708 -0.470176 4.21478 -2.56197</i>
                        <i>-0.41904 0.833618 0.359844 -0.479199 0.13358 -0.867482 -0.771216 -0.535946 0.343494 -0.46829 4.19614 -2.57779</i>
                        <i>-0.385285 0.860449 0.333441 -0.471291 0.127181 -0.87276 -0.793373 -0.493409 0.356521 -0.475398 4.19233 -2.59362</i>
                        <i>-0.376641 0.865194 0.331031 -0.463292 0.133517 -0.87609 -0.802186 -0.483335 0.35055 -0.492647 4.20274 -2.60782</i>
                        <i>-0.379718 0.860769 0.338956 -0.457084 0.143983 -0.877692 -0.804294 -0.488207 0.33877 -0.513173 4.22217 -2.61795</i>
                        <i>-0.372853 0.864546 0.336958 -0.458137 0.144269 -0.877096 -0.806902 -0.4814 0.342289 -0.528192 4.24817 -2.62343</i>
                        <i>-0.307308 0.907705 0.285715 -0.47343 0.114617 -0.873343 -0.825485 -0.403652 0.394512 -0.533827 4.288 -2.62511</i>
                        <i>-0.167697 0.970585 0.172748 -0.493671 0.0689992 -0.866907 -0.853327 -0.230658 0.467579 -0.53715 4.34058 -2.62173</i>
                        <i>-0.00478949 0.999169 0.0404777 -0.508768 0.0324128 -0.860293 -0.86089 -0.0247141 0.50819 -0.539574 4.39276 -2.6158</i>
                        <i>0.0947878 0.994903 -0.0343935 -0.514616 0.019396 -0.857202 -0.852166 0.0989517 0.513831 -0.535675 4.43066 -2.61622</i>
                        <i>0.152079 0.986023 -0.0680466 -0.522074 0.0216813 -0.852624 -0.839232 0.165191 0.518074 -0.521435 4.44865 -2.62538</i>
                        <i>0.226079 0.966905 -0.118249 -0.540752 0.0236043 -0.840851 -0.810231 0.254042 0.528193 -0.500512 4.45452 -2.6386</i>
                        <i>0.290964 0.941229 -0.171547 -0.564613 0.0241766 -0.825002 -0.772368 0.336903 0.538465 -0.4781 4.45318 -2.65462</i>
                        <i>0.325668 0.921444 -0.211851 -0.587849 0.0218403 -0.808676 -0.740523 0.387896 0.548782 -0.458436 4.45055 -2.67185</i>
                        <i>0.340687 0.908411 -0.242325 -0.610028 0.0174605 -0.792188 -0.715401 0.417713 0.560104 -0.444078 4.44969 -2.69223</i>
                        <i>0.355949 0.892797 -0.276068 -0.633606 0.0134206 -0.77354 -0.686909 0.450259 0.570458 -0.433163 4.44831 -2.71674</i>
                        <i>0.368952 0.876149 -0.310222 -0.657281 0.00996216 -0.753579 -0.657157 0.481938 0.579552 -0.422309 4.44504 -2.74219</i>
                        <i>0.377875 0.860471 -0.34176 -0.679804 0.00726192 -0.733358 -0.628552 0.509448 0.587695 -0.407921 4.43864 -2.76534</i>
                        <i>0.381557 0.848121 -0.367567 -0.700002 0.00542838 -0.71412 -0.603665 0.529775 0.595758 -0.386198 4.42798 -2.78296</i>
                        <i>0.37931 0.841596 -0.384499 -0.716811 0.00451625 -0.697253 -0.585069 0.540088 0.604979 -0.353197 4.41195 -2.79182</i>
                        <i>0.37974 0.837577 -0.392763 -0.729518 0.0100542 -0.683887 -0.568859 0.546227 0.614846 -0.304278 4.38647 -2.79429</i>
                        <i>0.389538 0.831795 -0.395446 -0.738761 0.0257913 -0.673474 -0.549993 0.554483 0.624545 -0.240842 4.35104 -2.79514</i>
