<?xml version="1.0" encoding="ISO-8859-1" ?>
<Animl Version="1">
    <ModellingPackage>
        <![CDATA[Maya.2010]]>
</ModellingPackage>
    <SrcFile>
        <![CDATA[anims\turrets\antiair\blue\~src\aa_bofors\aa_bofors_idle_crewman_b.mb]]>
</SrcFile>
    <FramesPerSecond>30</FramesPerSecond>
    <TotalFrames>97</TotalFrames>
    <Skeleton>
        <RefFrame>
            <Name>
                <![CDATA[soldier_ref_frame]]>
</Name>
            <Exclude>0</Exclude>
            <Additive>0</Additive>
            <IKPriority>0</IKPriority>
            <IKRotLimits>-1e+010 -1e+010 -1e+010 1e+010 1e+010 1e+010</IKRotLimits>
            <IKRotLimitOrder>0</IKRotLimitOrder>
            <KeyFrames count="97">
                <i>1 0 0 0 1 0 0 0 1 -2.24 2.8 0.45</i>
                <i>1 0 0 0 1 0 0 0 1 -2.24 2.8 0.45</i>
                <i>1 0 0 0 1 0 0 0 1 -2.24 2.8 0.45</i>
                <i>1 0 0 0 1 0 0 0 1 -2.24 2.8 0.45</i>
                <i>1 0 0 0 1 0 0 0 1 -2.24 2.8 0.45</i>
                <i>1 0 0 0 1 0 0 0 1 -2.24 2.8 0.45</i>
                <i>1 0 0 0 1 0 0 0 1 -2.24 2.8 0.45</i>
                <i>1 0 0 0 1 0 0 0 1 -2.24 2.8 0.45</i>
                <i>1 0 0 0 1 0 0 0 1 -2.24 2.8 0.45</i>
                <i>1 0 0 0 1 0 0 0 1 -2.24 2.8 0.45</i>
                <i>1 0 0 0 1 0 0 0 1 -2.24 2.8 0.45</i>
                <i>1 0 0 0 1 0 0 0 1 -2.24 2.8 0.45</i>
                <i>1 0 0 0 1 0 0 0 1 -2.24 2.8 0.45</i>
                <i>1 0 0 0 1 0 0 0 1 -2.24 2.8 0.45</i>
                <i>1 0 0 0 1 0 0 0 1 -2.24 2.8 0.45</i>
                <i>1 0 0 0 1 0 0 0 1 -2.24 2.8 0.45</i>
                <i>1 0 0 0 1 0 0 0 1 -2.24 2.8 0.45</i>
                <i>1 0 0 0 1 0 0 0 1 -2.24 2.8 0.45</i>
                <i>1 0 0 0 1 0 0 0 1 -2.24 2.8 0.45</i>
                <i>1 0 0 0 1 0 0 0 1 -2.24 2.8 0.45</i>
                <i>1 0 0 0 1 0 0 0 1 -2.24 2.8 0.45</i>
                <i>1 0 0 0 1 0 0 0 1 -2.24 2.8 0.45</i>
                <i>1 0 0 0 1 0 0 0 1 -2.24 2.8 0.45</i>
                <i>1 0 0 0 1 0 0 0 1 -2.24 2.8 0.45</i>
                <i>1 0 0 0 1 0 0 0 1 -2.24 2.8 0.45</i>
                <i>1 0 0 0 1 0 0 0 1 -2.24 2.8 0.45</i>
                <i>1 0 0 0 1 0 0 0 1 -2.24 2.8 0.45</i>
                <i>1 0 0 0 1 0 0 0 1 -2.24 2.8 0.45</i>
                <i>1 0 0 0 1 0 0 0 1 -2.24 2.8 0.45</i>
                <i>1 0 0 0 1 0 0 0 1 -2.24 2.8 0.45</i>
                <i>1 0 0 0 1 0 0 0 1 -2.24 2.8 0.45</i>
                <i>1 0 0 0 1 0 0 0 1 -2.24 2.8 0.45</i>
                <i>1 0 0 0 1 0 0 0 1 -2.24 2.8 0.45</i>
                <i>1 0 0 0 1 0 0 0 1 -2.24 2.8 0.45</i>
                <i>1 0 0 0 1 0 0 0 1 -2.24 2.8 0.45</i>
                <i>1 0 0 0 1 0 0 0 1 -2.24 2.8 0.45</i>
                <i>1 0 0 0 1 0 0 0 1 -2.24 2.8 0.45</i>
                <i>1 0 0 0 1 0 0 0 1 -2.24 2.8 0.45</i>
                <i>1 0 0 0 1 0 0 0 1 -2.24 2.8 0.45</i>
                <i>1 0 0 0 1 0 0 0 1 -2.24 2.8 0.45</i>
                <i>1 0 0 0 1 0 0 0 1 -2.24 2.8 0.45</i>
                <i>1 0 0 0 1 0 0 0 1 -2.24 2.8 0.45</i>
                <i>1 0 0 0 1 0 0 0 1 -2.24 2.8 0.45</i>
                <i>1 0 0 0 1 0 0 0 1 -2.24 2.8 0.45</i>
                <i>1 0 0 0 1 0 0 0 1 -2.24 2.8 0.45</i>
                <i>1 0 0 0 1 0 0 0 1 -2.24 2.8 0.45</i>
                <i>1 0 0 0 1 0 0 0 1 -2.24 2.8 0.45</i>
                <i>1 0 0 0 1 0 0 0 1 -2.24 2.8 0.45</i>
                <i>1 0 0 0 1 0 0 0 1 -2.24 2.8 0.45</i>
                <i>1 0 0 0 1 0 0 0 1 -2.24 2.8 0.45</i>
                <i>1 0 0 0 1 0 0 0 1 -2.24 2.8 0.45</i>
                <i>1 0 0 0 1 0 0 0 1 -2.24 2.8 0.45</i>
                <i>1 0 0 0 1 0 0 0 1 -2.24 2.8 0.45</i>
                <i>1 0 0 0 1 0 0 0 1 -2.24 2.8 0.45</i>
                <i>1 0 0 0 1 0 0 0 1 -2.24 2.8 0.45</i>
                <i>1 0 0 0 1 0 0 0 1 -2.24 2.8 0.45</i>
                <i>1 0 0 0 1 0 0 0 1 -2.24 2.8 0.45</i>
                <i>1 0 0 0 1 0 0 0 1 -2.24 2.8 0.45</i>
                <i>1 0 0 0 1 0 0 0 1 -2.24 2.8 0.45</i>
                <i>1 0 0 0 1 0 0 0 1 -2.24 2.8 0.45</i>
                <i>1 0 0 0 1 0 0 0 1 -2.24 2.8 0.45</i>
                <i>1 0 0 0 1 0 0 0 1 -2.24 2.8 0.45</i>
                <i>1 0 0 0 1 0 0 0 1 -2.24 2.8 0.45</i>
                <i>1 0 0 0 1 0 0 0 1 -2.24 2.8 0.45</i>
                <i>1 0 0 0 1 0 0 0 1 -2.24 2.8 0.45</i>
                <i>1 0 0 0 1 0 0 0 1 -2.24 2.8 0.45</i>
                <i>1 0 0 0 1 0 0 0 1 -2.24 2.8 0.45</i>
                <i>1 0 0 0 1 0 0 0 1 -2.24 2.8 0.45</i>
                <i>1 0 0 0 1 0 0 0 1 -2.24 2.8 0.45</i>
                <i>1 0 0 0 1 0 0 0 1 -2.24 2.8 0.45</i>
                <i>1 0 0 0 1 0 0 0 1 -2.24 2.8 0.45</i>
                <i>1 0 0 0 1 0 0 0 1 -2.24 2.8 0.45</i>
                <i>1 0 0 0 1 0 0 0 1 -2.24 2.8 0.45</i>
                <i>1 0 0 0 1 0 0 0 1 -2.24 2.8 0.45</i>
                <i>1 0 0 0 1 0 0 0 1 -2.24 2.8 0.45</i>
                <i>1 0 0 0 1 0 0 0 1 -2.24 2.8 0.45</i>
                <i>1 0 0 0 1 0 0 0 1 -2.24 2.8 0.45</i>
                <i>1 0 0 0 1 0 0 0 1 -2.24 2.8 0.45</i>
                <i>1 0 0 0 1 0 0 0 1 -2.24 2.8 0.45</i>
                <i>1 0 0 0 1 0 0 0 1 -2.24 2.8 0.45</i>
                <i>1 0 0 0 1 0 0 0 1 -2.24 2.8 0.45</i>
                <i>1 0 0 0 1 0 0 0 1 -2.24 2.8 0.45</i>
                <i>1 0 0 0 1 0 0 0 1 -2.24 2.8 0.45</i>
                <i>1 0 0 0 1 0 0 0 1 -2.24 2.8 0.45</i>
                <i>1 0 0 0 1 0 0 0 1 -2.24 2.8 0.45</i>
                <i>1 0 0 0 1 0 0 0 1 -2.24 2.8 0.45</i>
                <i>1 0 0 0 1 0 0 0 1 -2.24 2.8 0.45</i>
                <i>1 0 0 0 1 0 0 0 1 -2.24 2.8 0.45</i>
                <i>1 0 0 0 1 0 0 0 1 -2.24 2.8 0.45</i>
                <i>1 0 0 0 1 0 0 0 1 -2.24 2.8 0.45</i>
                <i>1 0 0 0 1 0 0 0 1 -2.24 2.8 0.45</i>
                <i>1 0 0 0 1 0 0 0 1 -2.24 2.8 0.45</i>
                <i>1 0 0 0 1 0 0 0 1 -2.24 2.8 0.45</i>
                <i>1 0 0 0 1 0 0 0 1 -2.24 2.8 0.45</i>
                <i>1 0 0 0 1 0 0 0 1 -2.24 2.8 0.45</i>
                <i>1 0 0 0 1 0 0 0 1 -2.24 2.8 0.45</i>
                <i>1 0 0 0 1 0 0 0 1 -2.24 2.8 0.45</i>
            </KeyFrames>
        </RefFrame>
        <Bones count="23">
            <i>
                <p>
                    <Name>
                        <![CDATA[pelvis]]>
</Name>
                    <Exclude>0</Exclude>
                    <Additive>0</Additive>
                    <IKPriority>0</IKPriority>
                    <IKRotLimits>-1e+010 -1e+010 -1e+010 1e+010 1e+010 1e+010</IKRotLimits>
                    <IKRotLimitOrder>2</IKRotLimitOrder>
                    <KeyFrames count="97">
                        <i>1 0 0 0 1 0 0 0 1 -2.12701 3.71763 -0.0551668</i>
                        <i>1 0 0 0 1 0 0 0 1 -2.12702 3.71763 -0.0548</i>
                        <i>1 0 0 0 1 0 0 0 1 -2.12705 3.71763 -0.0537203</i>
                        <i>1 0 0 0 1 0 0 0 1 -2.1271 3.71763 -0.0519585</i>
                        <i>1 0 0 0 1 0 0 0 1 -2.12717 3.71763 -0.0495457</i>
                        <i>1 0 0 0 1 0 0 0 1 -2.12724 3.71763 -0.0465129</i>
                        <i>1 0 0 0 1 0 0 0 1 -2.12733 3.71763 -0.0428909</i>
                        <i>1 0 0 0 1 0 0 0 1 -2.12742 3.71763 -0.0387107</i>
                        <i>1 0 0 0 1 0 0 0 1 -2.12751 3.71763 -0.0340032</i>
                        <i>1 0 0 0 1 0 0 0 1 -2.1276 3.71763 -0.0287995</i>
                        <i>1 0 0 0 1 0 0 0 1 -2.12768 3.71763 -0.0231305</i>
                        <i>1 0 0 0 1 0 0 0 1 -2.12775 3.71763 -0.0170271</i>
                        <i>1 0 0 0 1 0 0 0 1 -2.12781 3.71763 -0.0105204</i>
                        <i>1 0 0 0 1 0 0 0 1 -2.12785 3.71763 -0.00364153</i>
                        <i>1 0 0 0 1 0 0 0 1 -2.12787 3.71763 0.00357859</i>
                        <i>1 0 0 0 1 0 0 0 1 -2.12786 3.71763 0.0111088</i>
                        <i>1 0 0 0 1 0 0 0 1 -2.12782 3.71763 0.0189181</i>
                        <i>1 0 0 0 1 0 0 0 1 -2.12775 3.71763 0.0269752</i>
                        <i>1 0 0 0 1 0 0 0 1 -2.12765 3.71763 0.035249</i>
                        <i>1 0 0 0 1 0 0 0 1 -2.12751 3.71763 0.0437085</i>
                        <i>1 0 0 0 1 0 0 0 1 -2.12734 3.71763 0.0523223</i>
                        <i>1 0 0 0 1 0 0 0 1 -2.12713 3.71763 0.0610593</i>
                        <i>1 0 0 0 1 0 0 0 1 -2.12688 3.71763 0.0698884</i>
                        <i>1 0 0 0 1 0 0 0 1 -2.12659 3.71763 0.0787784</i>
                        <i>1 0 0 0 1 0 0 0 1 -2.12626 3.71763 0.087698</i>
                        <i>1 0 0 0 1 0 0 0 1 -2.12589 3.71763 0.0966162</i>
                        <i>1 0 0 0 1 0 0 0 1 -2.12549 3.71763 0.105502</i>
                        <i>1 0 0 0 1 0 0 0 1 -2.12506 3.71763 0.114324</i>
                        <i>1 0 0 0 1 0 0 0 1 -2.12459 3.71763 0.123051</i>
                        <i>1 0 0 0 1 0 0 0 1 -2.1241 3.71763 0.131652</i>
                        <i>1 0 0 0 1 0 0 0 1 -2.12358 3.71763 0.140097</i>
                        <i>1 0 0 0 1 0 0 0 1 -2.12304 3.71763 0.148354</i>
                        <i>1 0 0 0 1 0 0 0 1 -2.12248 3.71763 0.156392</i>
                        <i>1 0 0 0 1 0 0 0 1 -2.12191 3.71763 0.16418</i>
                        <i>1 0 0 0 1 0 0 0 1 -2.12133 3.71763 0.171688</i>
                        <i>1 0 0 0 1 0 0 0 1 -2.12075 3.71763 0.178885</i>
                        <i>1 0 0 0 1 0 0 0 1 -2.12018 3.71763 0.18574</i>
                        <i>1 0 0 0 1 0 0 0 1 -2.11962 3.71763 0.192223</i>
                        <i>1 0 0 0 1 0 0 0 1 -2.11907 3.71763 0.198302</i>
                        <i>1 0 0 0 1 0 0 0 1 -2.11855 3.71763 0.203948</i>
                        <i>1 0 0 0 1 0 0 0 1 -2.11806 3.71763 0.209129</i>
                        <i>1 0 0 0 1 0 0 0 1 -2.1176 3.71763 0.213815</i>
                        <i>1 0 0 0 1 0 0 0 1 -2.11719 3.71763 0.217976</i>
                        <i>1 0 0 0 1 0 0 0 1 -2.11682 3.71763 0.22158</i>
                        <i>1 0 0 0 1 0 0 0 1 -2.11651 3.71763 0.224598</i>
                        <i>1 0 0 0 1 0 0 0 1 -2.11626 3.71763 0.226999</i>
                        <i>1 0 0 0 1 0 0 0 1 -2.11607 3.71763 0.228751</i>
                        <i>1 0 0 0 1 0 0 0 1 -2.11596 3.71763 0.229825</i>
                        <i>1 0 0 0 1 0 0 0 1 -2.11592 3.71763 0.23019</i>
                        <i>1 0 0 0 1 0 0 0 1 -2.11596 3.71763 0.229825</i>
                        <i>1 0 0 0 1 0 0 0 1 -2.11607 3.71763 0.228751</i>
                        <i>1 0 0 0 1 0 0 0 1 -2.11626 3.71763 0.226999</i>
                        <i>1 0 0 0 1 0 0 0 1 -2.11651 3.71763 0.224598</i>
                        <i>1 0 0 0 1 0 0 0 1 -2.11682 3.71763 0.22158</i>
                        <i>1 0 0 0 1 0 0 0 1 -2.11719 3.71763 0.217976</i>
                        <i>1 0 0 0 1 0 0 0 1 -2.1176 3.71763 0.213815</i>
                        <i>1 0 0 0 1 0 0 0 1 -2.11806 3.71763 0.209129</i>
                        <i>1 0 0 0 1 0 0 0 1 -2.11855 3.71763 0.203948</i>
                        <i>1 0 0 0 1 0 0 0 1 -2.11907 3.71763 0.198302</i>
                        <i>1 0 0 0 1 0 0 0 1 -2.11962 3.71763 0.192223</i>
                        <i>1 0 0 0 1 0 0 0 1 -2.12018 3.71763 0.18574</i>
                        <i>1 0 0 0 1 0 0 0 1 -2.12075 3.71763 0.178885</i>
                        <i>1 0 0 0 1 0 0 0 1 -2.12133 3.71763 0.171688</i>
                        <i>1 0 0 0 1 0 0 0 1 -2.12191 3.71763 0.16418</i>
                        <i>1 0 0 0 1 0 0 0 1 -2.12248 3.71763 0.156392</i>
                        <i>1 0 0 0 1 0 0 0 1 -2.12304 3.71763 0.148354</i>
                        <i>1 0 0 0 1 0 0 0 1 -2.12358 3.71763 0.140097</i>
                        <i>1 0 0 0 1 0 0 0 1 -2.1241 3.71763 0.131652</i>
                        <i>1 0 0 0 1 0 0 0 1 -2.12459 3.71763 0.123051</i>
                        <i>1 0 0 0 1 0 0 0 1 -2.12506 3.71763 0.114324</i>
                        <i>1 0 0 0 1 0 0 0 1 -2.12549 3.71763 0.105502</i>
                        <i>1 0 0 0 1 0 0 0 1 -2.12589 3.71763 0.0966163</i>
                        <i>1 0 0 0 1 0 0 0 1 -2.12626 3.71763 0.087698</i>
                        <i>1 0 0 0 1 0 0 0 1 -2.12659 3.71763 0.0787784</i>
                        <i>1 0 0 0 1 0 0 0 1 -2.12688 3.71763 0.0698884</i>
                        <i>1 0 0 0 1 0 0 0 1 -2.12713 3.71763 0.0610593</i>
                        <i>1 0 0 0 1 0 0 0 1 -2.12734 3.71763 0.0523223</i>
                        <i>1 0 0 0 1 0 0 0 1 -2.12751 3.71763 0.0437085</i>
                        <i>1 0 0 0 1 0 0 0 1 -2.12765 3.71763 0.0352491</i>
                        <i>1 0 0 0 1 0 0 0 1 -2.12775 3.71763 0.0269752</i>
                        <i>1 0 0 0 1 0 0 0 1 -2.12782 3.71763 0.0189181</i>
                        <i>1 0 0 0 1 0 0 0 1 -2.12786 3.71763 0.0111088</i>
                        <i>1 0 0 0 1 0 0 0 1 -2.12787 3.71763 0.0035786</i>
                        <i>1 0 0 0 1 0 0 0 1 -2.12785 3.71763 -0.00364152</i>
                        <i>1 0 0 0 1 0 0 0 1 -2.12781 3.71763 -0.0105204</i>
                        <i>1 0 0 0 1 0 0 0 1 -2.12775 3.71763 -0.0170271</i>
                        <i>1 0 0 0 1 0 0 0 1 -2.12768 3.71763 -0.0231304</i>
                        <i>1 0 0 0 1 0 0 0 1 -2.1276 3.71763 -0.0287995</i>
                        <i>1 0 0 0 1 0 0 0 1 -2.12751 3.71763 -0.0340032</i>
                        <i>1 0 0 0 1 0 0 0 1 -2.12742 3.71763 -0.0387107</i>
                        <i>1 0 0 0 1 0 0 0 1 -2.12733 3.71763 -0.0428909</i>
                        <i>1 0 0 0 1 0 0 0 1 -2.12724 3.71763 -0.0465129</i>
                        <i>1 0 0 0 1 0 0 0 1 -2.12717 3.71763 -0.0495457</i>
                        <i>1 0 0 0 1 0 0 0 1 -2.1271 3.71763 -0.0519585</i>
                        <i>1 0 0 0 1 0 0 0 1 -2.12705 3.71763 -0.0537203</i>
                        <i>1 0 0 0 1 0 0 0 1 -2.12702 3.71763 -0.0548</i>
                        <i>1 0 0 0 1 0 0 0 1 -2.12701 3.71763 -0.0551668</i>
                    </KeyFrames>
                </p>
            </i>
            <i>
                <p>
                    <Name>
                        <![CDATA[spine0]]>
</Name>
                    <Exclude>0</Exclude>
                    <Additive>0</Additive>
                    <IKPriority>0</IKPriority>
                    <IKRotLimits>-1e+010 -1e+010 -1e+010 1e+010 1e+010 1e+010</IKRotLimits>
                    <IKRotLimitOrder>0</IKRotLimitOrder>
                    <KeyFrames count="97">
                        <i>-0.0148145 0.951803 0.306351 -0.998833 0 -0.0483014 -0.0459735 -0.306709 0.950692 -2.12637 3.86088 -0.0684042</i>
                        <i>-0.0146059 0.95284 0.303121 -0.998841 -2.22045e-016 -0.0481292 -0.0458594 -0.303473 0.951736 -2.12636 3.86083 -0.0685237</i>
                        <i>-0.0143045 0.953821 0.300033 -0.998865 0 -0.0476221 -0.045423 -0.300374 0.952739 -2.12638 3.86079 -0.0679092</i>
                        <i>-0.0139196 0.954734 0.297135 -0.998905 1.11022e-016 -0.0467948 -0.0446766 -0.297461 0.953688 -2.12642 3.86074 -0.0665845</i>
                        <i>-0.0134602 0.955565 0.294473 -0.998957 -2.22045e-016 -0.0456617 -0.0436328 -0.29478 0.954568 -2.12648 3.8607 -0.0645736</i>
                        <i>-0.0129342 0.956302 0.292095 -0.999021 -2.22045e-016 -0.0442374 -0.0423043 -0.292381 0.955366 -2.12656 3.86066 -0.0619004</i>
                        <i>-0.0123488 0.956932 0.290048 -0.999095 -4.44089e-016 -0.0425364 -0.0407045 -0.290311 0.956066 -2.12666 3.86063 -0.0585888</i>
                        <i>-0.0117101 0.957445 0.28838 -0.999177 -2.22045e-016 -0.0405731 -0.0388465 -0.288617 0.956656 -2.12677 3.8606 -0.0546626</i>
                        <i>-0.0110233 0.957826 0.287137 -0.999264 -2.22045e-016 -0.0383622 -0.0367443 -0.287349 0.957121 -2.12689 3.86058 -0.0501458</i>
                        <i>-0.0102924 0.958065 0.286368 -0.999355 1.11022e-016 -0.035918 -0.0344117 -0.286552 0.957446 -2.12701 3.86057 -0.0450623</i>
                        <i>-0.00952015 0.958147 0.286118 -0.999447 -2.22045e-016 -0.0332551 -0.0318633 -0.286276 0.957617 -2.12714 3.86056 -0.0394359</i>
                        <i>-0.00870777 0.958065 0.28642 -0.999538 0 -0.030388 -0.0291137 -0.286552 0.957622 -2.12726 3.86057 -0.0332929</i>
                        <i>-0.00785363 0.957826 0.287241 -0.999626 0 -0.0273314 -0.0261787 -0.287349 0.957468 -2.12737 3.86058 -0.0266689</i>
                        <i>-0.00695556 0.957445 0.288534 -0.99971 2.22045e-016 -0.0240996 -0.023074 -0.288617 0.957166 -2.12746 3.8606 -0.019602</i>
                        <i>-0.00601156 0.956932 0.290249 -0.999786 -2.22045e-016 -0.0207073 -0.0198155 -0.290311 0.956727 -2.12754 3.86063 -0.0121302</i>
                        <i>-0.00501992 0.956302 0.292338 -0.999853 -2.22045e-016 -0.0171691 -0.0164188 -0.292381 0.956161 -2.12759 3.86066 -0.00429151</i>
                        <i>-0.00397938 0.955565 0.294754 -0.999909 -2.22045e-016 -0.0134995 -0.0128996 -0.29478 0.955478 -2.12762 3.8607 0.00387589</i>
                        <i>-0.00288927 0.954734 0.297447 -0.999953 -4.44089e-016 -0.00971313 -0.00927346 -0.297461 0.954689 -2.12761 3.86074 0.0123338</i>
                        <i>-0.00174956 0.953821 0.300369 -0.999983 0 -0.00582462 -0.00555565 -0.300374 0.953805 -2.12757 3.86079 0.0210442</i>
                        <i>-0.000560996 0.95284 0.303472 -0.999998 -2.22045e-016 -0.00184859 -0.00176141 -0.303473 0.952838 -2.12749 3.86083 0.0299689</i>
                        <i>0.000674867 0.951803 0.306709 -0.999998 -2.22045e-016 0.00220035 0.0020943 -0.306709 0.951801 -2.12737 3.86088 0.0390695</i>
                        <i>0.00195556 0.950725 0.31003 -0.99998 -2.22045e-016 0.00630753 0.00599673 -0.310036 0.950706 -2.12721 3.86092 0.0483078</i>
                        <i>0.00327771 0.949619 0.313389 -0.999945 2.22045e-016 0.0104583 0.00993143 -0.313406 0.949567 -2.12701 3.86097 0.0576456</i>
                        <i>0.00463694 0.948502 0.316738 -0.999893 0 0.0146381 0.0138843 -0.316772 0.9484 -2.12676 3.86101 0.0670446</i>
                        <i>0.00602794 0.947388 0.320031 -0.999823 0 0.0188322 0.0178414 -0.320088 0.94722 -2.12647 3.86105 0.0764665</i>
                        <i>0.0074444 0.946295 0.32322 -0.999735 -2.22045e-016 0.0230259 0.0217893 -0.323305 0.946044 -2.12614 3.86109 0.0858731</i>
                        <i>0.00887905 0.945239 0.326259 -0.99963 -2.22045e-016 0.0272047 0.0257149 -0.32638 0.944889 -2.12577 3.86112 0.095226</i>
                        <i>0.0103237 0.944238 0.329102 -0.999508 0 0.0313538 0.0296055 -0.329264 0.943774 -2.12537 3.86115 0.104487</i>
                        <i>0.0117692 0.94331 0.331703 -0.999371 0 0.0354588 0.0334486 -0.331912 0.942717 -2.12493 3.86118 0.113618</i>
                        <i>0.0132056 0.942474 0.334018 -0.999219 -2.22045e-016 0.0395049 0.0372323 -0.334279 0.941739 -2.12445 3.8612 0.122581</i>
                        <i>0.0146223 0.941749 0.336 -0.999054 -4.44089e-016 0.0434775 0.0409449 -0.336318 0.940858 -2.12396 3.86122 0.131337</i>
                        <i>0.0160076 0.941152 0.337604 -0.998878 0 0.0473621 0.044575 -0.337983 0.940096 -2.12344 3.86124 0.139849</i>
                        <i>0.0173496 0.940704 0.338786 -0.998691 -2.22045e-016 0.0511441 0.0481115 -0.33923 0.939472 -2.1229 3.86125 0.148079</i>
                        <i>0.0186357 0.940421 0.339501 -0.998497 0 0.054809 0.0515436 -0.340012 0.939008 -2.12236 3.86125 0.155989</i>
                        <i>0.0198528 0.940323 0.339703 -0.998297 -2.22045e-016 0.0583422 0.0548605 -0.340282 0.938722 -2.12181 3.86126 0.16354</i>
                        <i>0.0209887 0.940421 0.339363 -0.998093 -4.44089e-016 0.0617292 0.0580515 -0.340012 0.938628 -2.12126 3.86125 0.170697</i>
                        <i>0.0220349 0.940704 0.338513 -0.997888 -4.44089e-016 0.0649556 0.0611039 -0.33923 0.938717 -2.12072 3.86125 0.177435</i>
                        <i>0.0229851 0.941152 0.337201 -0.997685 -2.22045e-016 0.0680067 0.0640047 -0.337983 0.938973 -2.1202 3.86124 0.183729</i>
                        <i>0.0238343 0.941749 0.335472 -0.997486 -4.44089e-016 0.0708683 0.0667401 -0.336318 0.939381 -2.11969 3.86122 0.189557</i>
                        <i>0.0245781 0.942474 0.333374 -0.997293 -2.22045e-016 0.0735258 0.0692962 -0.334279 0.939923 -2.11922 3.8612 0.194894</i>
                        <i>0.0252137 0.94331 0.330953 -0.99711 -4.44089e-016 0.0759649 0.0716585 -0.331912 0.940585 -2.11877 3.86118 0.199717</i>
                        <i>0.0257389 0.944238 0.328256 -0.99694 -2.22045e-016 0.078171 0.073812 -0.329264 0.941349 -2.11837 3.86115 0.204004</i>
                        <i>0.0261527 0.945239 0.32533 -0.996784 -2.22045e-016 0.0801298 0.0757418 -0.32638 0.942199 -2.11801 3.86112 0.207729</i>
                        <i>0.0264551 0.946295 0.322221 -0.996647 1.11022e-016 0.0818268 0.0774323 -0.323305 0.943121 -2.1177 3.86109 0.21087</i>
                        <i>0.0266466 0.947388 0.318976 -0.996529 -2.22045e-016 0.0832477 0.0788679 -0.320088 0.944099 -2.11744 3.86105 0.213403</i>
                        <i>0.0267286 0.948502 0.315643 -0.996434 0 0.084378 0.0800327 -0.316772 0.945119 -2.11725 3.86101 0.215305</i>
                        <i>0.0267032 0.949619 0.312267 -0.996364 -2.22045e-016 0.0852033 0.0809107 -0.313406 0.946166 -2.11712 3.86097 0.216552</i>
                        <i>0.0265729 0.950725 0.308895 -0.99632 0 0.0857091 0.0814857 -0.310036 0.947226 -2.11705 3.86092 0.217121</i>
                        <i>0.0263405 0.951803 0.305576 -0.996305 -2.22045e-016 0.0858809 0.0817417 -0.306709 0.948287 -2.11706 3.86088 0.216986</i>
                        <i>0.0260104 0.95284 0.302356 -0.99632 -2.22045e-016 0.0857091 0.081667 -0.303473 0.949334 -2.11714 3.86083 0.216136</i>
                        <i>0.0255929 0.953821 0.299282 -0.996364 -4.44089e-016 0.0852033 0.0812687 -0.300374 0.950353 -2.11728 3.86079 0.214598</i>
                        <i>0.0250991 0.954734 0.2964 -0.996434 -2.22045e-016 0.084378 0.0805586 -0.297461 0.951329 -2.11749 3.86074 0.212409</i>
                        <i>0.0245398 0.955565 0.293757 -0.996529 -4.44089e-016 0.0832477 0.0795486 -0.29478 0.952248 -2.11776 3.8607 0.209607</i>
                        <i>0.0239246 0.956302 0.291401 -0.996647 0 0.0818269 0.0782512 -0.292381 0.953095 -2.11808 3.86066 0.206229</i>
                        <i>0.0232625 0.956932 0.289377 -0.996784 -2.22045e-016 0.0801298 0.0766788 -0.290311 0.953855 -2.11845 3.86063 0.202314</i>
                        <i>0.0225615 0.957445 0.287734 -0.99694 -2.22045e-016 0.078171 0.0748444 -0.288617 0.954515 -2.11885 3.8606 0.197899</i>
                        <i>0.0218284 0.957826 0.286518 -0.99711 -2.22045e-016 0.0759649 0.0727611 -0.287349 0.955058 -2.11928 3.86058 0.193021</i>
                        <i>0.021069 0.958065 0.285777 -0.997293 -4.44089e-016 0.0735259 0.0704425 -0.286552 0.955471 -2.11975 3.86057 0.187719</i>
                        <i>0.0202879 0.958147 0.285557 -0.997486 0 0.0708683 0.0679023 -0.286276 0.955738 -2.12023 3.86056 0.182029</i>
                        <i>0.0194875 0.958065 0.285889 -0.997685 -2.22045e-016 0.0680067 0.0651549 -0.286552 0.955846 -2.12072 3.86057 0.175987</i>
                        <i>0.0186649 0.957826 0.286742 -0.997888 -2.22045e-016 0.0649556 0.0622161 -0.287349 0.955803 -2.12123 3.86058 0.16962</i>
                        <i>0.0178161 0.957445 0.288067 -0.998093 -4.44089e-016 0.0617292 0.0591023 -0.288617 0.955619 -2.12174 3.8606 0.162951</i>
                        <i>0.0169374 0.956932 0.289816 -0.998297 -2.22045e-016 0.0583422 0.0558296 -0.290311 0.955302 -2.12225 3.86063 0.156003</i>
                        <i>0.0160251 0.956302 0.291942 -0.998497 -6.66134e-016 0.054809 0.052414 -0.292381 0.954864 -2.12275 3.86066 0.148801</i>
                        <i>0.0150763 0.955565 0.294395 -0.998691 0 0.0511441 0.0488715 -0.29478 0.954314 -2.12325 3.8607 0.141368</i>
                        <i>0.0140884 0.954734 0.297127 -0.998878 0 0.0473621 0.0452182 -0.297461 0.953663 -2.12373 3.86074 0.133728</i>
                        <i>0.0130595 0.953821 0.30009 -0.999054 0 0.0434775 0.0414698 -0.300374 0.95292 -2.12419 3.86079 0.125905</i>
                        <i>0.0119887 0.95284 0.303236 -0.999219 -6.66134e-016 0.0395049 0.0376418 -0.303473 0.952096 -2.12464 3.86083 0.117923</i>
                        <i>0.0108755 0.951803 0.306516 -0.999371 -2.22045e-016 0.0354588 0.0337498 -0.306709 0.951205 -2.12506 3.86088 0.109806</i>
                        <i>0.00972083 0.950725 0.309884 -0.999508 -2.22045e-016 0.0313539 0.0298089 -0.310036 0.950257 -2.12546 3.86092 0.101578</i>
                        <i>0.00852612 0.949619 0.31329 -0.99963 0 0.0272047 0.0258341 -0.313406 0.949268 -2.12583 3.86097 0.0932629</i>
                        <i>0.00729398 0.948502 0.316688 -0.999735 -2.22045e-016 0.0230259 0.0218401 -0.316772 0.94825 -2.12616 3.86101 0.0848844</i>
                        <i>0.00602794 0.947388 0.320031 -0.999823 0 0.0188322 0.0178414 -0.320088 0.94722 -2.12647 3.86105 0.0764665</i>
                        <i>0.00473257 0.946295 0.323271 -0.999893 -2.22045e-016 0.0146381 0.0138519 -0.323305 0.946193 -2.12675 3.86109 0.0680335</i>
                        <i>0.00341339 0.945239 0.326362 -0.999945 -2.22045e-016 0.0104583 0.00988562 -0.32638 0.945187 -2.12699 3.86112 0.0596093</i>
                        <i>0.00207684 0.944238 0.329257 -0.99998 0 0.00630754 0.00595582 -0.329264 0.944219 -2.12719 3.86115 0.051218</i>
                        <i>0.000730325 0.94331 0.331911 -0.999998 -2.22045e-016 0.00220036 0.00207562 -0.331912 0.943308 -2.12736 3.86118 0.0428836</i>
                        <i>-0.000617938 0.942474 0.334278 -0.999998 0 -0.00184857 -0.00174223 -0.334279 0.942473 -2.1275 3.8612 0.0346301</i>
                        <i>-0.00195892 0.941749 0.336312 -0.999983 -2.22045e-016 -0.0058246 -0.00548531 -0.336318 0.941733 -2.1276 3.86122 0.0264816</i>
                        <i>-0.00328288 0.941152 0.337967 -0.999953 -2.22045e-016 -0.00971314 -0.00914154 -0.337983 0.941108 -2.12767 3.86124 0.018462</i>
                        <i>-0.00457943 0.940704 0.339199 -0.999909 -2.22045e-016 -0.0134995 -0.012699 -0.33923 0.940618 -2.12771 3.86125 0.0105955</i>
                        <i>-0.00583769 0.940421 0.339961 -0.999853 -2.22045e-016 -0.0171691 -0.0161462 -0.340012 0.940283 -2.12772 3.86125 0.00290608</i>
                        <i>-0.00704634 0.940323 0.34021 -0.999786 -2.22045e-016 -0.0207073 -0.0194716 -0.340282 0.940122 -2.1277 3.86126 -0.00458224</i>
                        <i>-0.00819414 0.940421 0.339913 -0.99971 0 -0.0240996 -0.0226638 -0.340012 0.940148 -2.12765 3.86125 -0.0118431</i>
                        <i>-0.00927161 0.940704 0.339103 -0.999626 -2.22045e-016 -0.0273314 -0.0257107 -0.33923 0.940352 -2.12758 3.86125 -0.0188406</i>
                        <i>-0.0102706 0.941152 0.337827 -0.999538 -2.22045e-016 -0.030388 -0.0285998 -0.337983 0.940717 -2.12749 3.86124 -0.0255367</i>
                        <i>-0.0111843 0.941749 0.336132 -0.999447 -2.22045e-016 -0.0332551 -0.0313179 -0.336318 0.941228 -2.12739 3.86122 -0.0318932</i>
                        <i>-0.0120066 0.942474 0.334063 -0.999355 0 -0.035918 -0.0338518 -0.334279 0.941866 -2.12727 3.8612 -0.0378721</i>
                        <i>-0.0127329 0.94331 0.331668 -0.999264 0 -0.0383622 -0.0361874 -0.331912 0.942616 -2.12715 3.86118 -0.043435</i>
                        <i>-0.0133593 0.944238 0.328993 -0.999177 0 -0.0405731 -0.0383107 -0.329264 0.94346 -2.12702 3.86115 -0.0485441</i>
                        <i>-0.013883 0.945239 0.326084 -0.999095 -2.22045e-016 -0.0425364 -0.0402071 -0.32638 0.944383 -2.12689 3.86112 -0.0531612</i>
                        <i>-0.0143022 0.946295 0.322989 -0.999021 -4.44089e-016 -0.0442374 -0.0418616 -0.323305 0.945368 -2.12677 3.86109 -0.0572483</i>
                        <i>-0.0146158 0.947388 0.319754 -0.998957 0 -0.0456617 -0.0432594 -0.320088 0.9464 -2.12665 3.86105 -0.0607675</i>
                        <i>-0.0148233 0.948502 0.316425 -0.998905 0 -0.0467948 -0.044385 -0.316772 0.947463 -2.12655 3.86101 -0.0636807</i>
                        <i>-0.0149251 0.949619 0.313051 -0.998865 0 -0.0476221 -0.0452229 -0.313406 0.948542 -2.12647 3.86097 -0.0659498</i>
                        <i>-0.0149218 0.950725 0.309677 -0.998841 -4.44089e-016 -0.0481292 -0.0457576 -0.310036 0.949623 -2.12641 3.86092 -0.067537</i>
                        <i>-0.0148145 0.951803 0.306351 -0.998833 0 -0.0483014 -0.0459735 -0.306709 0.950692 -2.12637 3.86088 -0.0684042</i>
                    </KeyFrames>
                </p>
            </i>
            <i>
                <p>
                    <Name>
                        <![CDATA[spine1]]>
</Name>
                    <Exclude>0</Exclude>
                    <Additive>0</Additive>
                    <IKPriority>0</IKPriority>
                    <IKRotLimits>-1e+010 -1e+010 -1e+010 1e+010 1e+010 1e+010</IKRotLimits>
                    <IKRotLimitOrder>0</IKRotLimitOrder>
                    <KeyFrames count="97">
                        <i>-0.0277978 0.817797 0.574834 -0.998833 0 -0.0483014 -0.0395008 -0.575506 0.816843 -2.12893 4.02546 -0.0154389</i>
                        <i>-0.0275647 0.819749 0.57206 -0.998841 -2.22045e-016 -0.0481292 -0.0394538 -0.572724 0.818799 -2.12889 4.0256 -0.016117</i>
                        <i>-0.0271473 0.821606 0.569409 -0.998865 0 -0.0476221 -0.0391266 -0.570056 0.820674 -2.12885 4.02572 -0.0160364</i>
                        <i>-0.0265582 0.823342 0.566923 -0.998905 1.11022e-016 -0.0467948 -0.0385282 -0.567545 0.822441 -2.12882 4.02583 -0.0152129</i>
                        <i>-0.0258095 0.824932 0.564643 -0.998957 -2.22045e-016 -0.0456617 -0.0376678 -0.565232 0.824071 -2.12881 4.02594 -0.0136623</i>
                        <i>-0.0249128 0.826348 0.562609 -0.999021 -2.22045e-016 -0.0442374 -0.0365555 -0.56316 0.825539 -2.1288 4.02603 -0.0114003</i>
                        <i>-0.0238787 0.827565 0.560862 -0.999095 -4.44089e-016 -0.0425364 -0.0352016 -0.56137 0.826816 -2.12879 4.0261 -0.00844266</i>
                        <i>-0.0227171 0.828557 0.559444 -0.999177 -2.22045e-016 -0.0405731 -0.0336171 -0.559905 0.827874 -2.12879 4.02616 -0.00480502</i>
                        <i>-0.021437 0.829298 0.558396 -0.999264 -2.22045e-016 -0.0383622 -0.0318136 -0.558807 0.828687 -2.12879 4.02621 -0.000503103</i>
                        <i>-0.0200465 0.829762 0.557757 -0.999355 1.11022e-016 -0.035918 -0.0298034 -0.558118 0.829226 -2.12879 4.02623 0.00444736</i>
                        <i>-0.0185523 0.829923 0.55757 -0.999447 -2.22045e-016 -0.0332551 -0.0275991 -0.557879 0.829464 -2.12878 4.02624 0.0100306</i>
                        <i>-0.0169601 0.829762 0.55786 -0.999538 0 -0.030388 -0.0252148 -0.558118 0.829379 -2.12876 4.02623 0.0162259</i>
                        <i>-0.015273 0.829298 0.558598 -0.999626 0 -0.0273314 -0.0226658 -0.558807 0.828988 -2.12873 4.02621 0.0229918</i>
                        <i>-0.0134935 0.828557 0.559743 -0.99971 2.22045e-016 -0.0240996 -0.0199679 -0.559905 0.828316 -2.12867 4.02616 0.0302822</i>
                        <i>-0.0116245 0.827565 0.56125 -0.999786 -2.22045e-016 -0.0207073 -0.0171366 -0.56137 0.827387 -2.12858 4.0261 0.0380506</i>
                        <i>-0.00966894 0.826348 0.563077 -0.999853 -2.22045e-016 -0.0171691 -0.0141876 -0.56316 0.826226 -2.12846 4.02603 0.0462506</i>
                        <i>-0.00763034 0.824932 0.565181 -0.999909 -2.22045e-016 -0.0134995 -0.0111362 -0.565232 0.824857 -2.12831 4.02594 0.0548357</i>
                        <i>-0.00551264 0.823342 0.567518 -0.999953 -4.44089e-016 -0.00971313 -0.00799723 -0.567545 0.823304 -2.12811 4.02583 0.0637593</i>
                        <i>-0.00332036 0.821606 0.570046 -0.999983 0 -0.00582462 -0.00478554 -0.570056 0.821592 -2.12787 4.02572 0.072975</i>
                        <i>-0.00105873 0.819749 0.572722 -0.999998 -2.22045e-016 -0.00184859 -0.00151538 -0.572724 0.819747 -2.12759 4.0256 0.0824363</i>
                        <i>0.00126631 0.817797 0.575505 -0.999998 -2.22045e-016 0.00220035 0.00179944 -0.575506 0.817796 -2.12725 4.02546 0.0920965</i>
                        <i>0.00364804 0.81578 0.578351 -0.99998 -2.22045e-016 0.00630753 0.00514556 -0.578363 0.815763 -2.12687 4.02532 0.101909</i>
                        <i>0.00607893 0.813723 0.581221 -0.999945 2.22045e-016 0.0104583 0.00851019 -0.581252 0.813679 -2.12644 4.02518 0.111828</i>
                        <i>0.00855062 0.811657 0.584072 -0.999893 0 0.0146381 0.0118811 -0.584135 0.81157 -2.12596 4.02502 0.121806</i>
                        <i>0.0110539 0.809609 0.586866 -0.999823 0 0.0188322 0.0152467 -0.58697 0.809465 -2.12543 4.02487 0.131797</i>
                        <i>0.0135788 0.807609 0.589562 -0.999735 -2.22045e-016 0.0230259 0.0185959 -0.589718 0.807395 -2.12486 4.02472 0.141755</i>
                        <i>0.0161144 0.805688 0.592121 -0.99963 -2.22045e-016 0.0272047 0.0219185 -0.59234 0.80539 -2.12424 4.02457 0.151634</i>
                        <i>0.0186492 0.803876 0.594504 -0.999508 0 0.0313538 0.0252046 -0.594797 0.803481 -2.12358 4.02443 0.161386</i>
                        <i>0.0211707 0.802204 0.596675 -0.999371 0 0.0354588 0.0284452 -0.59705 0.801699 -2.12289 4.0243 0.170967</i>
                        <i>0.0236659 0.800703 0.598594 -0.999219 -2.22045e-016 0.0395049 0.0316316 -0.599062 0.800078 -2.12217 4.02417 0.18033</i>
                        <i>0.026121 0.799404 0.600225 -0.999054 -4.44089e-016 0.0434775 0.0347561 -0.600793 0.798649 -2.12143 4.02407 0.189429</i>
                        <i>0.0285218 0.79834 0.601531 -0.998878 0 0.0473621 0.0378111 -0.602207 0.797444 -2.12067 4.02398 0.198219</i>
                        <i>0.0308534 0.797542 0.602474 -0.998691 -2.22045e-016 0.0511441 0.0407896 -0.603264 0.796498 -2.1199 4.02391 0.206653</i>
                        <i>0.0331006 0.79704 0.603019 -0.998497 0 0.054809 0.043685 -0.603927 0.795842 -2.11914 4.02387 0.214686</i>
                        <i>0.0352478 0.796866 0.603127 -0.998297 -2.22045e-016 0.0583422 0.0464909 -0.604156 0.795509 -2.11837 4.02386 0.222272</i>
                        <i>0.0372799 0.79704 0.602775 -0.998093 -4.44089e-016 0.0617292 0.0492007 -0.603927 0.79552 -2.11763 4.02387 0.229371</i>
                        <i>0.0391853 0.797542 0.60199 -0.997888 -4.44089e-016 0.0649556 0.0518048 -0.603264 0.795857 -2.11691 4.02391 0.235961</i>
                        <i>0.0409541 0.79834 0.600813 -0.997685 -2.22045e-016 0.0680067 0.0542925 -0.602207 0.796492 -2.11622 4.02398 0.242029</i>
                        <i>0.0425772 0.799404 0.599283 -0.997486 -4.44089e-016 0.0708683 0.0566525 -0.600793 0.797394 -2.11557 4.02407 0.247558</i>
                        <i>0.0440465 0.800703 0.59744 -0.997293 -2.22045e-016 0.0735258 0.0588723 -0.599062 0.798536 -2.11497 4.02417 0.252532</i>
                        <i>0.0453549 0.802204 0.595325 -0.99711 -4.44089e-016 0.0759649 0.0609393 -0.59705 0.799886 -2.11441 4.0243 0.256937</i>
                        <i>0.0464959 0.803876 0.592977 -0.99694 -2.22045e-016 0.078171 0.0628398 -0.594797 0.801416 -2.11392 4.02443 0.260757</i>
                        <i>0.0474641 0.805688 0.590435 -0.996784 -2.22045e-016 0.0801298 0.0645596 -0.59234 0.803097 -2.11349 4.02457 0.263976</i>
                        <i>0.0482548 0.807609 0.58774 -0.996647 1.11022e-016 0.0818268 0.0660841 -0.589718 0.804901 -2.11313 4.02472 0.26658</i>
                        <i>0.0488639 0.809609 0.584932 -0.996529 -2.22045e-016 0.0832477 0.0673981 -0.58697 0.806799 -2.11284 4.02487 0.268552</i>
                        <i>0.0492881 0.811657 0.582052 -0.996434 0 0.084378 0.068486 -0.584135 0.808762 -2.11263 4.02502 0.269877</i>
                        <i>0.0495246 0.813723 0.579139 -0.996364 -2.22045e-016 0.0852033 0.0693319 -0.581252 0.810764 -2.1125 4.02518 0.27054</i>
                        <i>0.0495709 0.81578 0.576234 -0.99632 0 0.0857091 0.0699197 -0.578363 0.812778 -2.11246 4.02532 0.270526</i>
                        <i>0.049425 0.817797 0.57338 -0.996305 -2.22045e-016 0.0858809 0.0702332 -0.575506 0.814776 -2.11251 4.02546 0.269818</i>
                        <i>0.0490876 0.819749 0.570616 -0.99632 -2.22045e-016 0.0857091 0.0702599 -0.572724 0.816732 -2.11264 4.0256 0.268411</i>
                        <i>0.0485706 0.821606 0.567983 -0.996364 -4.44089e-016 0.0852033 0.0700035 -0.570056 0.818618 -2.11286 4.02572 0.266341</i>
                        <i>0.0478883 0.823342 0.565521 -0.996434 -2.22045e-016 0.084378 0.069472 -0.567545 0.820406 -2.11316 4.02583 0.263653</i>
                        <i>0.0470543 0.824932 0.56327 -0.996529 -4.44089e-016 0.0832477 0.0686737 -0.565232 0.822068 -2.11352 4.02594 0.260394</i>
                        <i>0.0460816 0.826348 0.561272 -0.996647 0 0.0818269 0.0676174 -0.56316 0.823577 -2.11394 4.02603 0.256609</i>
                        <i>0.0449825 0.827565 0.559565 -0.996784 -2.22045e-016 0.0801298 0.0663126 -0.56137 0.824904 -2.11442 4.0261 0.252344</i>
                        <i>0.0437684 0.828557 0.558192 -0.99694 -2.22045e-016 0.078171 0.0647691 -0.559905 0.826021 -2.11495 4.02616 0.247645</i>
                        <i>0.0424497 0.829298 0.557192 -0.99711 -2.22045e-016 0.0759649 0.0629975 -0.558807 0.826901 -2.11551 4.02621 0.242557</i>
                        <i>0.0410361 0.829762 0.556607 -0.997293 -4.44089e-016 0.0735259 0.0610089 -0.558118 0.827516 -2.1161 4.02623 0.237126</i>
                        <i>0.0395359 0.829923 0.556476 -0.997486 0 0.0708683 0.0588152 -0.557879 0.827836 -2.11672 4.02624 0.231398</i>
                        <i>0.0379558 0.829762 0.556826 -0.997685 -2.22045e-016 0.0680067 0.0564294 -0.558118 0.827841 -2.11736 4.02623 0.225414</i>
                        <i>0.0362976 0.829298 0.557627 -0.997888 -2.22045e-016 0.0649556 0.0538675 -0.558807 0.827546 -2.118 4.02621 0.219194</i>
                        <i>0.0345625 0.828557 0.558838 -0.998093 -4.44089e-016 0.0617292 0.0511462 -0.559905 0.826976 -2.11866 4.02616 0.212754</i>
                        <i>0.0327516 0.827565 0.560414 -0.998297 -2.22045e-016 0.0583422 0.048282 -0.56137 0.826155 -2.11932 4.0261 0.206109</i>
                        <i>0.0308663 0.826348 0.562314 -0.998497 -6.66134e-016 0.054809 0.0452913 -0.56316 0.825106 -2.11998 4.02603 0.199274</i>
                        <i>0.0289083 0.824932 0.564493 -0.998691 0 0.0511441 0.0421904 -0.565232 0.823852 -2.12064 4.02594 0.192265</i>
                        <i>0.0268801 0.823342 0.566908 -0.998878 0 0.0473621 0.0389952 -0.567545 0.822418 -2.12129 4.02583 0.185098</i>
                        <i>0.0247846 0.821606 0.569517 -0.999054 0 0.0434775 0.0357214 -0.570056 0.820829 -2.12194 4.02572 0.177788</i>
                        <i>0.0226254 0.819749 0.572276 -0.999219 -6.66134e-016 0.0395049 0.0323841 -0.572724 0.819109 -2.12257 4.0256 0.17035</i>
                        <i>0.0204067 0.817797 0.575144 -0.999371 -2.22045e-016 0.0354588 0.0289981 -0.575506 0.817283 -2.12318 4.02546 0.1628</i>
                        <i>0.0181339 0.81578 0.578078 -0.999508 -2.22045e-016 0.0313539 0.0255778 -0.578363 0.815379 -2.12378 4.02532 0.155154</i>
                        <i>0.0158128 0.813723 0.581037 -0.99963 0 0.0272047 0.0221371 -0.581252 0.813422 -2.12435 4.02518 0.147428</i>
                        <i>0.0134502 0.811657 0.58398 -0.999735 -2.22045e-016 0.0230259 0.0186891 -0.584135 0.811441 -2.1249 4.02502 0.139637</i>
                        <i>0.0110539 0.809609 0.586866 -0.999823 0 0.0188322 0.0152467 -0.58697 0.809465 -2.12543 4.02487 0.131797</i>
                        <i>0.00863234 0.807609 0.589655 -0.999893 -2.22045e-016 0.0146381 0.0118219 -0.589718 0.807523 -2.12593 4.02472 0.123924</i>
