<?xml version="1.0" encoding="ISO-8859-1" ?>
<Animl Version="1">
    <ModellingPackage>
        <![CDATA[Maya.2010]]>
</ModellingPackage>
    <SrcFile>
        <![CDATA[anims\turrets\antiair\blue\~src\aa_bofors\aa_bofors_idle_crewman_c.mb]]>
</SrcFile>
    <FramesPerSecond>30</FramesPerSecond>
    <TotalFrames>97</TotalFrames>
    <Skeleton>
        <RefFrame>
            <Name>
                <![CDATA[soldier_ref_frame]]>
</Name>
            <Exclude>0</Exclude>
            <Additive>0</Additive>
            <IKPriority>0</IKPriority>
            <IKRotLimits>-1e+010 -1e+010 -1e+010 1e+010 1e+010 1e+010</IKRotLimits>
            <IKRotLimitOrder>0</IKRotLimitOrder>
            <KeyFrames count="97">
                <i>1 0 0 0 1 0 0 0 1 2.4 2.83 0.47</i>
                <i>1 0 0 0 1 0 0 0 1 2.4 2.83 0.47</i>
                <i>1 0 0 0 1 0 0 0 1 2.4 2.83 0.47</i>
                <i>1 0 0 0 1 0 0 0 1 2.4 2.83 0.47</i>
                <i>1 0 0 0 1 0 0 0 1 2.4 2.83 0.47</i>
                <i>1 0 0 0 1 0 0 0 1 2.4 2.83 0.47</i>
                <i>1 0 0 0 1 0 0 0 1 2.4 2.83 0.47</i>
                <i>1 0 0 0 1 0 0 0 1 2.4 2.83 0.47</i>
                <i>1 0 0 0 1 0 0 0 1 2.4 2.83 0.47</i>
                <i>1 0 0 0 1 0 0 0 1 2.4 2.83 0.47</i>
                <i>1 0 0 0 1 0 0 0 1 2.4 2.83 0.47</i>
                <i>1 0 0 0 1 0 0 0 1 2.4 2.83 0.47</i>
                <i>1 0 0 0 1 0 0 0 1 2.4 2.83 0.47</i>
                <i>1 0 0 0 1 0 0 0 1 2.4 2.83 0.47</i>
                <i>1 0 0 0 1 0 0 0 1 2.4 2.83 0.47</i>
                <i>1 0 0 0 1 0 0 0 1 2.4 2.83 0.47</i>
                <i>1 0 0 0 1 0 0 0 1 2.4 2.83 0.47</i>
                <i>1 0 0 0 1 0 0 0 1 2.4 2.83 0.47</i>
                <i>1 0 0 0 1 0 0 0 1 2.4 2.83 0.47</i>
                <i>1 0 0 0 1 0 0 0 1 2.4 2.83 0.47</i>
                <i>1 0 0 0 1 0 0 0 1 2.4 2.83 0.47</i>
                <i>1 0 0 0 1 0 0 0 1 2.4 2.83 0.47</i>
                <i>1 0 0 0 1 0 0 0 1 2.4 2.83 0.47</i>
                <i>1 0 0 0 1 0 0 0 1 2.4 2.83 0.47</i>
                <i>1 0 0 0 1 0 0 0 1 2.4 2.83 0.47</i>
                <i>1 0 0 0 1 0 0 0 1 2.4 2.83 0.47</i>
                <i>1 0 0 0 1 0 0 0 1 2.4 2.83 0.47</i>
                <i>1 0 0 0 1 0 0 0 1 2.4 2.83 0.47</i>
                <i>1 0 0 0 1 0 0 0 1 2.4 2.83 0.47</i>
                <i>1 0 0 0 1 0 0 0 1 2.4 2.83 0.47</i>
                <i>1 0 0 0 1 0 0 0 1 2.4 2.83 0.47</i>
                <i>1 0 0 0 1 0 0 0 1 2.4 2.83 0.47</i>
                <i>1 0 0 0 1 0 0 0 1 2.4 2.83 0.47</i>
                <i>1 0 0 0 1 0 0 0 1 2.4 2.83 0.47</i>
                <i>1 0 0 0 1 0 0 0 1 2.4 2.83 0.47</i>
                <i>1 0 0 0 1 0 0 0 1 2.4 2.83 0.47</i>
                <i>1 0 0 0 1 0 0 0 1 2.4 2.83 0.47</i>
                <i>1 0 0 0 1 0 0 0 1 2.4 2.83 0.47</i>
                <i>1 0 0 0 1 0 0 0 1 2.4 2.83 0.47</i>
                <i>1 0 0 0 1 0 0 0 1 2.4 2.83 0.47</i>
                <i>1 0 0 0 1 0 0 0 1 2.4 2.83 0.47</i>
                <i>1 0 0 0 1 0 0 0 1 2.4 2.83 0.47</i>
                <i>1 0 0 0 1 0 0 0 1 2.4 2.83 0.47</i>
                <i>1 0 0 0 1 0 0 0 1 2.4 2.83 0.47</i>
                <i>1 0 0 0 1 0 0 0 1 2.4 2.83 0.47</i>
                <i>1 0 0 0 1 0 0 0 1 2.4 2.83 0.47</i>
                <i>1 0 0 0 1 0 0 0 1 2.4 2.83 0.47</i>
                <i>1 0 0 0 1 0 0 0 1 2.4 2.83 0.47</i>
                <i>1 0 0 0 1 0 0 0 1 2.4 2.83 0.47</i>
                <i>1 0 0 0 1 0 0 0 1 2.4 2.83 0.47</i>
                <i>1 0 0 0 1 0 0 0 1 2.4 2.83 0.47</i>
                <i>1 0 0 0 1 0 0 0 1 2.4 2.83 0.47</i>
                <i>1 0 0 0 1 0 0 0 1 2.4 2.83 0.47</i>
                <i>1 0 0 0 1 0 0 0 1 2.4 2.83 0.47</i>
                <i>1 0 0 0 1 0 0 0 1 2.4 2.83 0.47</i>
                <i>1 0 0 0 1 0 0 0 1 2.4 2.83 0.47</i>
                <i>1 0 0 0 1 0 0 0 1 2.4 2.83 0.47</i>
                <i>1 0 0 0 1 0 0 0 1 2.4 2.83 0.47</i>
                <i>1 0 0 0 1 0 0 0 1 2.4 2.83 0.47</i>
                <i>1 0 0 0 1 0 0 0 1 2.4 2.83 0.47</i>
                <i>1 0 0 0 1 0 0 0 1 2.4 2.83 0.47</i>
                <i>1 0 0 0 1 0 0 0 1 2.4 2.83 0.47</i>
                <i>1 0 0 0 1 0 0 0 1 2.4 2.83 0.47</i>
                <i>1 0 0 0 1 0 0 0 1 2.4 2.83 0.47</i>
                <i>1 0 0 0 1 0 0 0 1 2.4 2.83 0.47</i>
                <i>1 0 0 0 1 0 0 0 1 2.4 2.83 0.47</i>
                <i>1 0 0 0 1 0 0 0 1 2.4 2.83 0.47</i>
                <i>1 0 0 0 1 0 0 0 1 2.4 2.83 0.47</i>
                <i>1 0 0 0 1 0 0 0 1 2.4 2.83 0.47</i>
                <i>1 0 0 0 1 0 0 0 1 2.4 2.83 0.47</i>
                <i>1 0 0 0 1 0 0 0 1 2.4 2.83 0.47</i>
                <i>1 0 0 0 1 0 0 0 1 2.4 2.83 0.47</i>
                <i>1 0 0 0 1 0 0 0 1 2.4 2.83 0.47</i>
                <i>1 0 0 0 1 0 0 0 1 2.4 2.83 0.47</i>
                <i>1 0 0 0 1 0 0 0 1 2.4 2.83 0.47</i>
                <i>1 0 0 0 1 0 0 0 1 2.4 2.83 0.47</i>
                <i>1 0 0 0 1 0 0 0 1 2.4 2.83 0.47</i>
                <i>1 0 0 0 1 0 0 0 1 2.4 2.83 0.47</i>
                <i>1 0 0 0 1 0 0 0 1 2.4 2.83 0.47</i>
                <i>1 0 0 0 1 0 0 0 1 2.4 2.83 0.47</i>
                <i>1 0 0 0 1 0 0 0 1 2.4 2.83 0.47</i>
                <i>1 0 0 0 1 0 0 0 1 2.4 2.83 0.47</i>
                <i>1 0 0 0 1 0 0 0 1 2.4 2.83 0.47</i>
                <i>1 0 0 0 1 0 0 0 1 2.4 2.83 0.47</i>
                <i>1 0 0 0 1 0 0 0 1 2.4 2.83 0.47</i>
                <i>1 0 0 0 1 0 0 0 1 2.4 2.83 0.47</i>
                <i>1 0 0 0 1 0 0 0 1 2.4 2.83 0.47</i>
                <i>1 0 0 0 1 0 0 0 1 2.4 2.83 0.47</i>
                <i>1 0 0 0 1 0 0 0 1 2.4 2.83 0.47</i>
                <i>1 0 0 0 1 0 0 0 1 2.4 2.83 0.47</i>
                <i>1 0 0 0 1 0 0 0 1 2.4 2.83 0.47</i>
                <i>1 0 0 0 1 0 0 0 1 2.4 2.83 0.47</i>
                <i>1 0 0 0 1 0 0 0 1 2.4 2.83 0.47</i>
                <i>1 0 0 0 1 0 0 0 1 2.4 2.83 0.47</i>
                <i>1 0 0 0 1 0 0 0 1 2.4 2.83 0.47</i>
                <i>1 0 0 0 1 0 0 0 1 2.4 2.83 0.47</i>
                <i>1 0 0 0 1 0 0 0 1 2.4 2.83 0.47</i>
            </KeyFrames>
        </RefFrame>
        <Bones count="23">
            <i>
                <p>
                    <Name>
                        <![CDATA[pelvis]]>
</Name>
                    <Exclude>0</Exclude>
                    <Additive>0</Additive>
                    <IKPriority>0</IKPriority>
                    <IKRotLimits>-1e+010 -1e+010 -1e+010 1e+010 1e+010 1e+010</IKRotLimits>
                    <IKRotLimitOrder>2</IKRotLimitOrder>
                    <KeyFrames count="97">
                        <i>1 0 0 0 1 0 0 0 1 2.21229 3.6759 0.168152</i>
                        <i>1 0 0 0 1 0 0 0 1 2.21232 3.6759 0.16777</i>
                        <i>1 0 0 0 1 0 0 0 1 2.2124 3.6759 0.166647</i>
                        <i>1 0 0 0 1 0 0 0 1 2.21253 3.6759 0.164814</i>
                        <i>1 0 0 0 1 0 0 0 1 2.21271 3.6759 0.162305</i>
                        <i>1 0 0 0 1 0 0 0 1 2.21294 3.6759 0.15915</i>
                        <i>1 0 0 0 1 0 0 0 1 2.2132 3.6759 0.155382</i>
                        <i>1 0 0 0 1 0 0 0 1 2.21349 3.6759 0.151033</i>
                        <i>1 0 0 0 1 0 0 0 1 2.2138 3.6759 0.146134</i>
                        <i>1 0 0 0 1 0 0 0 1 2.21414 3.6759 0.140719</i>
                        <i>1 0 0 0 1 0 0 0 1 2.2145 3.6759 0.134819</i>
                        <i>1 0 0 0 1 0 0 0 1 2.21486 3.6759 0.128467</i>
                        <i>1 0 0 0 1 0 0 0 1 2.21523 3.6759 0.121693</i>
                        <i>1 0 0 0 1 0 0 0 1 2.21559 3.6759 0.114531</i>
                        <i>1 0 0 0 1 0 0 0 1 2.21595 3.6759 0.107013</i>
                        <i>1 0 0 0 1 0 0 0 1 2.2163 3.6759 0.09917</i>
                        <i>1 0 0 0 1 0 0 0 1 2.21663 3.6759 0.0910355</i>
                        <i>1 0 0 0 1 0 0 0 1 2.21694 3.6759 0.0826414</i>
                        <i>1 0 0 0 1 0 0 0 1 2.21722 3.6759 0.07402</i>
                        <i>1 0 0 0 1 0 0 0 1 2.21748 3.6759 0.0652037</i>
                        <i>1 0 0 0 1 0 0 0 1 2.2177 3.6759 0.0562247</i>
                        <i>1 0 0 0 1 0 0 0 1 2.2179 3.6759 0.0471157</i>
                        <i>1 0 0 0 1 0 0 0 1 2.21805 3.6759 0.037909</i>
                        <i>1 0 0 0 1 0 0 0 1 2.21817 3.6759 0.0286371</i>
                        <i>1 0 0 0 1 0 0 0 1 2.21825 3.6759 0.0193325</i>
                        <i>1 0 0 0 1 0 0 0 1 2.21829 3.6759 0.0100276</i>
                        <i>1 0 0 0 1 0 0 0 1 2.21829 3.6759 0.000754873</i>
                        <i>1 0 0 0 1 0 0 0 1 2.21825 3.6759 -0.00845306</i>
                        <i>1 0 0 0 1 0 0 0 1 2.21818 3.6759 -0.0175638</i>
                        <i>1 0 0 0 1 0 0 0 1 2.21807 3.6759 -0.0265448</i>
                        <i>1 0 0 0 1 0 0 0 1 2.21793 3.6759 -0.0353638</i>
                        <i>1 0 0 0 1 0 0 0 1 2.21775 3.6759 -0.0439881</i>
                        <i>1 0 0 0 1 0 0 0 1 2.21755 3.6759 -0.0523855</i>
                        <i>1 0 0 0 1 0 0 0 1 2.21732 3.6759 -0.0605236</i>
                        <i>1 0 0 0 1 0 0 0 1 2.21708 3.6759 -0.06837</i>
                        <i>1 0 0 0 1 0 0 0 1 2.21682 3.6759 -0.0758924</i>
                        <i>1 0 0 0 1 0 0 0 1 2.21654 3.6759 -0.0830586</i>
                        <i>1 0 0 0 1 0 0 0 1 2.21626 3.6759 -0.0898363</i>
                        <i>1 0 0 0 1 0 0 0 1 2.21598 3.6759 -0.0961932</i>
                        <i>1 0 0 0 1 0 0 0 1 2.21571 3.6759 -0.102097</i>
                        <i>1 0 0 0 1 0 0 0 1 2.21544 3.6759 -0.107516</i>
                        <i>1 0 0 0 1 0 0 0 1 2.21518 3.6759 -0.112418</i>
                        <i>1 0 0 0 1 0 0 0 1 2.21495 3.6759 -0.116771</i>
                        <i>1 0 0 0 1 0 0 0 1 2.21474 3.6759 -0.120542</i>
                        <i>1 0 0 0 1 0 0 0 1 2.21455 3.6759 -0.123699</i>
                        <i>1 0 0 0 1 0 0 0 1 2.21441 3.6759 -0.126211</i>
                        <i>1 0 0 0 1 0 0 0 1 2.2143 3.6759 -0.128045</i>
                        <i>1 0 0 0 1 0 0 0 1 2.21423 3.6759 -0.129169</i>
                        <i>1 0 0 0 1 0 0 0 1 2.21421 3.6759 -0.129551</i>
                        <i>1 0 0 0 1 0 0 0 1 2.21423 3.6759 -0.129169</i>
                        <i>1 0 0 0 1 0 0 0 1 2.2143 3.6759 -0.128045</i>
                        <i>1 0 0 0 1 0 0 0 1 2.21441 3.6759 -0.126211</i>
                        <i>1 0 0 0 1 0 0 0 1 2.21455 3.6759 -0.123699</i>
                        <i>1 0 0 0 1 0 0 0 1 2.21474 3.6759 -0.120542</i>
                        <i>1 0 0 0 1 0 0 0 1 2.21495 3.6759 -0.116771</i>
                        <i>1 0 0 0 1 0 0 0 1 2.21518 3.6759 -0.112418</i>
                        <i>1 0 0 0 1 0 0 0 1 2.21544 3.6759 -0.107516</i>
                        <i>1 0 0 0 1 0 0 0 1 2.21571 3.6759 -0.102097</i>
                        <i>1 0 0 0 1 0 0 0 1 2.21598 3.6759 -0.0961932</i>
                        <i>1 0 0 0 1 0 0 0 1 2.21626 3.6759 -0.0898363</i>
                        <i>1 0 0 0 1 0 0 0 1 2.21654 3.6759 -0.0830586</i>
                        <i>1 0 0 0 1 0 0 0 1 2.21682 3.6759 -0.0758924</i>
                        <i>1 0 0 0 1 0 0 0 1 2.21708 3.6759 -0.06837</i>
                        <i>1 0 0 0 1 0 0 0 1 2.21732 3.6759 -0.0605236</i>
                        <i>1 0 0 0 1 0 0 0 1 2.21755 3.6759 -0.0523855</i>
                        <i>1 0 0 0 1 0 0 0 1 2.21775 3.6759 -0.0439881</i>
                        <i>1 0 0 0 1 0 0 0 1 2.21793 3.6759 -0.0353638</i>
                        <i>1 0 0 0 1 0 0 0 1 2.21807 3.6759 -0.0265449</i>
                        <i>1 0 0 0 1 0 0 0 1 2.21818 3.6759 -0.0175638</i>
                        <i>1 0 0 0 1 0 0 0 1 2.21825 3.6759 -0.00845309</i>
                        <i>1 0 0 0 1 0 0 0 1 2.21829 3.6759 0.00075484</i>
                        <i>1 0 0 0 1 0 0 0 1 2.21829 3.6759 0.0100275</i>
                        <i>1 0 0 0 1 0 0 0 1 2.21825 3.6759 0.0193325</i>
                        <i>1 0 0 0 1 0 0 0 1 2.21817 3.6759 0.0286371</i>
                        <i>1 0 0 0 1 0 0 0 1 2.21805 3.6759 0.037909</i>
                        <i>1 0 0 0 1 0 0 0 1 2.2179 3.6759 0.0471157</i>
                        <i>1 0 0 0 1 0 0 0 1 2.2177 3.6759 0.0562247</i>
                        <i>1 0 0 0 1 0 0 0 1 2.21748 3.6759 0.0652036</i>
                        <i>1 0 0 0 1 0 0 0 1 2.21722 3.6759 0.07402</i>
                        <i>1 0 0 0 1 0 0 0 1 2.21694 3.6759 0.0826414</i>
                        <i>1 0 0 0 1 0 0 0 1 2.21663 3.6759 0.0910355</i>
                        <i>1 0 0 0 1 0 0 0 1 2.2163 3.6759 0.09917</i>
                        <i>1 0 0 0 1 0 0 0 1 2.21595 3.6759 0.107013</i>
                        <i>1 0 0 0 1 0 0 0 1 2.21559 3.6759 0.114531</i>
                        <i>1 0 0 0 1 0 0 0 1 2.21523 3.6759 0.121693</i>
                        <i>1 0 0 0 1 0 0 0 1 2.21486 3.6759 0.128467</i>
                        <i>1 0 0 0 1 0 0 0 1 2.2145 3.6759 0.134819</i>
                        <i>1 0 0 0 1 0 0 0 1 2.21414 3.6759 0.140719</i>
                        <i>1 0 0 0 1 0 0 0 1 2.2138 3.6759 0.146134</i>
                        <i>1 0 0 0 1 0 0 0 1 2.21349 3.6759 0.151033</i>
                        <i>1 0 0 0 1 0 0 0 1 2.2132 3.6759 0.155382</i>
                        <i>1 0 0 0 1 0 0 0 1 2.21294 3.6759 0.15915</i>
                        <i>1 0 0 0 1 0 0 0 1 2.21271 3.6759 0.162305</i>
                        <i>1 0 0 0 1 0 0 0 1 2.21253 3.6759 0.164814</i>
                        <i>1 0 0 0 1 0 0 0 1 2.2124 3.6759 0.166647</i>
                        <i>1 0 0 0 1 0 0 0 1 2.21232 3.6759 0.16777</i>
                        <i>1 0 0 0 1 0 0 0 1 2.21229 3.6759 0.168152</i>
                    </KeyFrames>
                </p>
            </i>
            <i>
                <p>
                    <Name>
                        <![CDATA[spine0]]>
</Name>
                    <Exclude>0</Exclude>
                    <Additive>0</Additive>
                    <IKPriority>0</IKPriority>
                    <IKRotLimits>-1e+010 -1e+010 -1e+010 1e+010 1e+010 1e+010</IKRotLimits>
                    <IKRotLimitOrder>0</IKRotLimitOrder>
                    <KeyFrames count="97">
                        <i>-0.0104764 0.983714 0.179438 -0.998786 -0.00165585 -0.0492361 -0.0481371 -0.179736 0.982536 2.21414 3.81474 0.13051</i>
                        <i>-0.0105874 0.984045 0.177603 -0.9988 -0.00191301 -0.0489415 -0.0478209 -0.177908 0.982884 2.21417 3.81469 0.129947</i>
                        <i>-0.0106067 0.984364 0.175828 -0.99883 -0.00213439 -0.0483045 -0.0471739 -0.176135 0.983235 2.21423 3.81464 0.128652</i>
                        <i>-0.0105387 0.984654 0.174201 -0.998876 -0.00231499 -0.0473441 -0.0462143 -0.174504 0.983571 2.21434 3.8146 0.126668</i>
                        <i>-0.010387 0.9849 0.172813 -0.998935 -0.00244983 -0.0460794 -0.0449602 -0.173108 0.983876 2.21447 3.81457 0.124037</i>
                        <i>-0.0101543 0.985088 0.171752 -0.999005 -0.00253392 -0.0445295 -0.0434303 -0.172034 0.984133 2.21464 3.81455 0.1208</i>
                        <i>-0.00984207 0.985203 0.171109 -0.999084 -0.00256232 -0.0427135 -0.041643 -0.171372 0.984326 2.21483 3.81454 0.117</i>
                        <i>-0.00944531 0.985237 0.170935 -0.999171 -0.00253171 -0.0406188 -0.0395864 -0.171177 0.984445 2.21504 3.81455 0.112676</i>
                        <i>-0.00896083 0.985217 0.171077 -0.999265 -0.00244529 -0.0382583 -0.0372744 -0.171294 0.984515 2.21526 3.81457 0.107854</i>
                        <i>-0.0083928 0.985152 0.171478 -0.999362 -0.00230825 -0.0356515 -0.0347264 -0.171668 0.984543 2.2155 3.8146 0.102555</i>
                        <i>-0.00774558 0.985052 0.172081 -0.999459 -0.0021258 -0.032818 -0.0319616 -0.172242 0.984536 2.21574 3.81464 0.096801</i>
                        <i>-0.0070239 0.984927 0.172829 -0.999555 -0.0019031 -0.0297772 -0.0289995 -0.172961 0.984502 2.21598 3.81469 0.0906149</i>
                        <i>-0.00623302 0.984785 0.173663 -0.999646 -0.00164532 -0.0265488 -0.0258591 -0.173767 0.984447 2.21622 3.81474 0.0840186</i>
                        <i>-0.00537885 0.984638 0.174526 -0.999731 -0.00135758 -0.0231523 -0.0225597 -0.174604 0.98438 2.21646 3.81479 0.077034</i>
                        <i>-0.00446806 0.984494 0.175361 -0.999807 -0.00104498 -0.0196076 -0.0191204 -0.175415 0.984309 2.21668 3.81483 0.0696834</i>
                        <i>-0.00350815 0.984364 0.176111 -0.999873 -0.000712568 -0.0159347 -0.0155601 -0.176144 0.984241 2.21689 3.81487 0.0619888</i>
                        <i>-0.00250753 0.984258 0.176718 -0.999926 -0.000365348 -0.0121536 -0.0118977 -0.176735 0.984187 2.21708 3.81491 0.0539723</i>
                        <i>-0.00147559 0.984187 0.177125 -0.999966 -8.28708e-006 -0.00828445 -0.00815199 -0.177131 0.984154 2.21724 3.81493 0.0456562</i>
                        <i>-0.000422664 0.984161 0.177276 -0.99999 0.000353691 -0.00434774 -0.00434158 -0.177276 0.984152 2.21738 3.81494 0.0370626</i>
                        <i>0.000640991 0.984116 0.177528 -1 0.000715663 -0.000356584 -0.00047797 -0.177528 0.984116 2.21749 3.81494 0.0282747</i>
                        <i>0.0017116 0.983988 0.178225 -0.999993 0.00107265 0.00368135 0.00343123 -0.17823 0.983983 2.21757 3.81496 0.0193757</i>
                        <i>0.0027869 0.983793 0.179287 -0.999969 0.00141968 0.00775367 0.00737347 -0.179303 0.983766 2.21762 3.815 0.0103879</i>
                        <i>0.00386332 0.983543 0.180634 -0.999928 0.00175175 0.0118479 0.0113365 -0.180666 0.983479 2.21762 3.81504 0.00133362</i>
                        <i>0.004936 0.983252 0.182184 -0.999871 0.00206386 0.0159513 0.0153081 -0.182239 0.983135 2.21759 3.81508 -0.00776492</i>
                        <i>0.00599865 0.982935 0.183858 -0.999796 0.002351 0.0200511 0.0192767 -0.183941 0.982748 2.21753 3.81513 -0.0168854</i>
                        <i>0.00704361 0.982605 0.185576 -0.999705 0.00260813 0.0241344 0.0232306 -0.185692 0.982333 2.21743 3.81518 -0.0260055</i>
                        <i>0.00806181 0.982277 0.187259 -0.999599 0.00283021 0.0281883 0.0271587 -0.187412 0.981906 2.21729 3.81522 -0.0351029</i>
                        <i>0.00904277 0.981969 0.188828 -0.999477 0.00301218 0.0321995 0.0310501 -0.189021 0.981482 2.21711 3.81526 -0.0441555</i>
                        <i>0.0099747 0.981694 0.190203 -0.999341 0.00314896 0.036155 0.0348942 -0.190439 0.981079 2.2169 3.81529 -0.0531409</i>
                        <i>0.0108445 0.98147 0.191306 -0.999193 0.00323546 0.0400417 0.0386808 -0.191586 0.980713 2.21666 3.81531 -0.0620369</i>
                        <i>0.0116379 0.981314 0.192059 -0.999033 0.00326655 0.0438465 0.0423998 -0.192383 0.980403 2.21638 3.81532 -0.0708213</i>
                        <i>0.0123422 0.981238 0.192405 -0.998863 0.00323876 0.0475566 0.0460412 -0.192774 0.980163 2.21607 3.81531 -0.0794686</i>
                        <i>0.0129558 0.981233 0.192388 -0.998685 0.00315534 0.0511605 0.0495934 -0.192797 0.979985 2.21574 3.81529 -0.0879394</i>
                        <i>0.0134808 0.981289 0.192069 -0.998501 0.00302119 0.0546468 0.053044 -0.192518 0.979859 2.21538 3.81526 -0.0961913</i>
                        <i>0.0139205 0.981391 0.191514 -0.998312 0.00284125 0.0580041 0.0563806 -0.191999 0.979774 2.21501 3.81522 -0.104182</i>
                        <i>0.0142792 0.981528 0.190787 -0.998121 0.00262048 0.0612214 0.0595906 -0.191303 0.97972 2.21462 3.81518 -0.111869</i>
                        <i>0.0145622 0.981686 0.189951 -0.997929 0.00236385 0.0642874 0.062661 -0.190494 0.979686 2.21422 3.81513 -0.119209</i>
                        <i>0.0147759 0.981852 0.18907 -0.997738 0.00207639 0.0671906 0.0655786 -0.189636 0.979662 2.21382 3.81508 -0.126161</i>
                        <i>0.0149274 0.982016 0.188208 -0.997551 0.00176315 0.0699197 0.0683304 -0.188791 0.979637 2.21343 3.81504 -0.132682</i>
                        <i>0.0150248 0.982164 0.187427 -0.99737 0.00142921 0.0724631 0.0709027 -0.188023 0.979602 2.21305 3.815 -0.13873</i>
                        <i>0.0150766 0.982284 0.186792 -0.997197 0.0010797 0.0748092 0.0732822 -0.187396 0.979547 2.21268 3.81496 -0.144262</i>
                        <i>0.0150919 0.982365 0.186365 -0.997035 0.000719774 0.0769461 0.075455 -0.186973 0.979463 2.21234 3.81494 -0.149237</i>
                        <i>0.0150802 0.982394 0.186209 -0.996885 0.000354619 0.0788621 0.0774076 -0.186818 0.97934 2.21203 3.81494 -0.153613</i>
                        <i>0.0150156 0.982446 0.185942 -0.996751 -1.05518e-005 0.0805475 0.0791355 -0.186547 0.979254 2.21176 3.81493 -0.157408</i>
                        <i>0.0148701 0.982589 0.185197 -0.996633 -0.000370545 0.0819889 0.08063 -0.185793 0.979275 2.21151 3.81491 -0.16064</i>
                        <i>0.0146513 0.982805 0.184064 -0.996535 -0.000720198 0.0831682 0.0818706 -0.184645 0.979389 2.21131 3.81487 -0.163268</i>
                        <i>0.0143677 0.983076 0.182632 -0.99646 -0.00105437 0.0840668 0.0828367 -0.183194 0.979581 2.21116 3.81483 -0.165249</i>
                        <i>0.0140289 0.983385 0.18099 -0.996408 -0.00136795 0.0846664 0.0835073 -0.181527 0.979834 2.21105 3.81479 -0.166541</i>
                        <i>0.0136453 0.983714 0.179224 -0.996384 -0.00165585 0.0849483 0.0838616 -0.179736 0.980134 2.211 3.81474 -0.167102</i>
                        <i>0.0132285 0.984045 0.177426 -0.996388 -0.00191301 0.0848985 0.0838834 -0.177908 0.980465 2.21101 3.81469 -0.1669</i>
                        <i>0.0127939 0.984364 0.175682 -0.996419 -0.00213439 0.0845223 0.0835757 -0.176135 0.980812 2.21108 3.81464 -0.165947</i>
                        <i>0.0123573 0.984654 0.174082 -0.996477 -0.00231499 0.0838297 0.0829463 -0.174504 0.981157 2.2112 3.8146 -0.164265</i>
                        <i>0.0119342 0.9849 0.172713 -0.996561 -0.00244983 0.0828307 0.082003 -0.173108 0.981483 2.21137 3.81457 -0.161876</i>
                        <i>0.011539 0.985088 0.171665 -0.996667 -0.00253392 0.081535 0.0807542 -0.172034 0.981776 2.2116 3.81455 -0.158801</i>
                        <i>0.0111855 0.985203 0.171026 -0.996795 -0.00256232 0.0799528 0.0792079 -0.171372 0.982017 2.21187 3.81454 -0.155064</i>
                        <i>0.0108865 0.985237 0.170849 -0.99694 -0.00253171 0.0781251 0.0774043 -0.171177 0.982195 2.21218 3.81455 -0.150688</i>
                        <i>0.0106279 0.985217 0.170981 -0.9971 -0.00244529 0.0760682 0.0753617 -0.171294 0.982333 2.21252 3.81457 -0.145713</i>
                        <i>0.0103999 0.985152 0.171368 -0.997271 -0.00230825 0.0737914 0.0730913 -0.171668 0.98244 2.21288 3.8146 -0.140182</i>
                        <i>0.010193 0.985052 0.171954 -0.997452 -0.0021258 0.0713043 0.070604 -0.172242 0.982521 2.21326 3.81464 -0.134135</i>
                        <i>0.00999797 0.984927 0.172682 -0.997641 -0.0019031 0.0686162 0.0679106 -0.172961 0.982585 2.21366 3.81469 -0.127615</i>
                        <i>0.0098061 0.984785 0.173498 -0.997836 -0.00164532 0.0657367 0.065022 -0.173767 0.982638 2.21406 3.81474 -0.120664</i>
                        <i>0.00960919 0.984638 0.174344 -0.998033 -0.00135758 0.0626749 0.0619487 -0.174604 0.982688 2.21446 3.81479 -0.113325</i>
                        <i>0.00939975 0.984494 0.175166 -0.998231 -0.00104498 0.0594402 0.0587015 -0.175415 0.982743 2.21486 3.81483 -0.10564</i>
                        <i>0.0091711 0.984364 0.175907 -0.998428 -0.000712568 0.0560417 0.0552907 -0.176144 0.98281 2.21524 3.81487 -0.097651</i>
                        <i>0.00891744 0.984258 0.17651 -0.998621 -0.000365348 0.0524884 0.0517266 -0.176735 0.982898 2.2156 3.81491 -0.0894003</i>
                        <i>0.00863394 0.984187 0.176921 -0.998809 -8.28708e-006 0.0487892 0.0480192 -0.177131 0.983015 2.21595 3.81493 -0.0809306</i>
                        <i>0.0083168 0.984161 0.177081 -0.998989 0.000353691 0.044953 0.0441783 -0.177276 0.983169 2.21627 3.81494 -0.0722842</i>
                        <i>0.00798157 0.984116 0.17735 -0.999159 0.000715663 0.0409956 0.0402175 -0.177528 0.983294 2.21656 3.81494 -0.0634428</i>
                        <i>0.00763839 0.983988 0.17807 -0.999317 0.00107265 0.0369388 0.0361563 -0.17823 0.983324 2.21682 3.81496 -0.054388</i>
                        <i>0.00727696 0.983793 0.179161 -0.999461 0.00141968 0.0327993 0.0320133 -0.179303 0.983273 2.21705 3.815 -0.0451623</i>
                        <i>0.00688817 0.983543 0.180543 -0.99959 0.00175175 0.0285938 0.0278069 -0.180666 0.983151 2.21725 3.81504 -0.0358083</i>
                        <i>0.00646421 0.983252 0.182136 -0.999702 0.00206386 0.0243389 0.0235554 -0.182239 0.982972 2.21741 3.81508 -0.0263684</i>
                        <i>0.00599865 0.982935 0.183858 -0.999796 0.002351 0.0200511 0.0192767 -0.183941 0.982748 2.21753 3.81513 -0.0168854</i>
                        <i>0.00548652 0.982605 0.185629 -0.999873 0.00260813 0.0157468 0.0149888 -0.185692 0.982494 2.21761 3.81518 -0.00740188</i>
                        <i>0.00492432 0.982277 0.187368 -0.999931 0.00283021 0.0114423 0.0107092 -0.187412 0.982223 2.21765 3.81522 0.00203945</i>
                        <i>0.00431002 0.981969 0.188995 -0.99997 0.00301218 0.00715373 0.00645545 -0.189021 0.981952 2.21765 3.81526 0.0113959</i>
                        <i>0.00364307 0.981694 0.19043 -0.999991 0.00314896 0.00289723 0.00224454 -0.190439 0.981696 2.21761 3.81529 0.0206248</i>
                        <i>0.00292434 0.98147 0.191591 -0.999994 0.00323546 -0.00131106 -0.00190666 -0.191586 0.981474 2.21754 3.81531 0.0296835</i>
                        <i>0.00215602 0.981314 0.192399 -0.99998 0.00326655 -0.00545499 -0.00598154 -0.192383 0.981302 2.21743 3.81532 0.0385293</i>
                        <i>0.00134301 0.981238 0.192796 -0.999949 0.00323876 -0.00951809 -0.00996393 -0.192774 0.981193 2.21729 3.81531 0.047123</i>
                        <i>0.000496388 0.981233 0.192823 -0.999904 0.00315534 -0.0134828 -0.0138382 -0.192797 0.981141 2.21712 3.81529 0.0554389</i>
                        <i>-0.000372373 0.981289 0.192541 -0.999845 0.00302119 -0.0173312 -0.0175886 -0.192518 0.981136 2.21693 3.81526 0.0634549</i>
                        <i>-0.00125298 0.981391 0.192016 -0.999774 0.00284125 -0.0210456 -0.0211995 -0.191999 0.981166 2.21671 3.81522 0.071149</i>
                        <i>-0.00213629 0.981528 0.191309 -0.999694 0.00262048 -0.0246079 -0.0246546 -0.191303 0.981221 2.21649 3.81518 0.0784989</i>
                        <i>-0.00301429 0.981686 0.190485 -0.999605 0.00236385 -0.0280004 -0.0279379 -0.190494 0.981291 2.21625 3.81513 0.0854826</i>
                        <i>-0.00387997 0.981852 0.189607 -0.999511 0.00207639 -0.0312055 -0.0310329 -0.189636 0.981364 2.216 3.81508 0.0920781</i>
                        <i>-0.00472725 0.982016 0.18874 -0.999413 0.00176315 -0.0342054 -0.033923 -0.188791 0.981431 2.21575 3.81504 0.0982633</i>
                        <i>-0.00555087 0.982164 0.187947 -0.999315 0.00142921 -0.0369828 -0.0365917 -0.188023 0.981483 2.2155 3.815 0.104016</i>
                        <i>-0.0063462 0.982284 0.187292 -0.999218 0.0010797 -0.0395202 -0.0390223 -0.187396 0.981509 2.21526 3.81496 0.109314</i>
                        <i>-0.00710914 0.982365 0.186839 -0.999126 0.000719774 -0.0418006 -0.0411979 -0.186973 0.981501 2.21503 3.81494 0.114136</i>
                        <i>-0.00783589 0.982394 0.186654 -0.99904 0.000354619 -0.043807 -0.0431019 -0.186818 0.981449 2.21482 3.81494 0.11846</i>
                        <i>-0.00850192 0.982446 0.186353 -0.998963 -1.05517e-005 -0.0455197 -0.0447187 -0.186547 0.981428 2.21462 3.81493 0.122202</i>
                        <i>-0.00908174 0.982589 0.185571 -0.998898 -0.000370545 -0.0469235 -0.0460377 -0.185793 0.98151 2.21445 3.81491 0.12528</i>
                        <i>-0.00957137 0.982805 0.184398 -0.998847 -0.000720198 -0.0480075 -0.0470493 -0.184645 0.981678 2.21432 3.81487 0.127672</i>
                        <i>-0.00996806 0.983076 0.182925 -0.99881 -0.00105437 -0.0487613 -0.0477432 -0.183194 0.981917 2.21422 3.81483 0.129355</i>
                        <i>-0.0102701 0.983385 0.181242 -0.998789 -0.00136795 -0.0491743 -0.0481093 -0.181527 0.982208 2.21416 3.81479 0.130308</i>
                        <i>-0.0104764 0.983714 0.179438 -0.998786 -0.00165585 -0.0492361 -0.0481371 -0.179736 0.982536 2.21414 3.81474 0.13051</i>
                    </KeyFrames>
                </p>
            </i>
            <i>
                <p>
                    <Name>
                        <![CDATA[spine1]]>
</Name>
                    <Exclude>0</Exclude>
                    <Additive>0</Additive>
                    <IKPriority>0</IKPriority>
                    <IKRotLimits>-1e+010 -1e+010 -1e+010 1e+010 1e+010 1e+010</IKRotLimits>
                    <IKRotLimitOrder>0</IKRotLimitOrder>
                    <KeyFrames count="97">
                        <i>-0.0331698 0.833339 0.551767 -0.998656 -0.00564132 -0.0515148 -0.0398165 -0.552734 0.832406 2.21232 3.98591 0.161718</i>
                        <i>-0.0337912 0.835096 0.549066 -0.998651 -0.00653658 -0.0515183 -0.0394337 -0.550066 0.83419 2.21233 3.98591 0.160833</i>
                        <i>-0.0341017 0.836838 0.546387 -0.998665 -0.00730872 -0.0511358 -0.038799 -0.547402 0.83597 2.21239 3.9859 0.159227</i>
                        <i>-0.0341016 0.838493 0.543845 -0.998699 -0.00793986 -0.0503814 -0.0379264 -0.544855 0.837672 2.2125 3.98589 0.156957</i>
                        <i>-0.0337902 0.839989 0.541551 -0.99875 -0.00841213 -0.0492694 -0.0368301 -0.542539 0.839223 2.21267 3.98589 0.154082</i>
                        <i>-0.033166 0.841255 0.53962 -0.998818 -0.00870767 -0.0478141 -0.035525 -0.540568 0.84055 2.21287 3.98589 0.150658</i>
                        <i>-0.0322259 0.842223 0.538166 -0.998901 -0.00880872 -0.0460296 -0.0340266 -0.539058 0.841581 2.21312 3.98588 0.146744</i>
                        <i>-0.0309519 0.84286 0.537243 -0.998998 -0.00870348 -0.0439003 -0.0323259 -0.538063 0.842284 2.2134 3.98589 0.142388</i>
                        <i>-0.0293475 0.843387 0.536504 -0.999106 -0.00840355 -0.0414419 -0.030443 -0.53724 0.84288 2.21371 3.98589 0.137588</i>
                        <i>-0.0274399 0.843817 0.53593 -0.99922 -0.00792719 -0.0386794 -0.0283899 -0.536573 0.843376 2.21404 3.9859 0.132357</i>
                        <i>-0.0252566 0.844158 0.5355 -0.999338 -0.0072927 -0.0356372 -0.0261782 -0.536045 0.843783 2.21439 3.98591 0.126706</i>
                        <i>-0.0228248 0.844421 0.535194 -0.999456 -0.00651833 -0.03234 -0.02382 -0.53564 0.84411 2.21476 3.98592 0.120647</i>
                        <i>-0.0201718 0.844616 0.534992 -0.999569 -0.00562226 -0.0288126 -0.0213277 -0.535343 0.844366 2.21514 3.98594 0.114194</i>
                        <i>-0.0173251 0.844754 0.534875 -0.999675 -0.00462249 -0.0250799 -0.0187139 -0.535136 0.844559 2.21552 3.98595 0.107357</i>
                        <i>-0.0143122 0.844843 0.534823 -0.99977 -0.00353685 -0.0211675 -0.0159916 -0.535003 0.844699 2.2159 3.98596 0.10015</i>
                        <i>-0.0111608 0.844895 0.534816 -0.999851 -0.00238294 -0.0171009 -0.013174 -0.534928 0.844795 2.21628 3.98596 0.0925839</i>
                        <i>-0.00789895 0.844918 0.534837 -0.999916 -0.00117815 -0.0129065 -0.0102748 -0.534894 0.844857 2.21664 3.98597 0.0846717</i>
                        <i>-0.00455474 0.844924 0.534866 -0.999963 6.04007e-005 -0.00861075 -0.00730774 -0.534886 0.844893 2.21699 3.98598 0.0764256</i>
                        <i>-0.00115663 0.844923 0.534887 -0.99999 0.0013158 -0.00424084 -0.00428698 -0.534886 0.844913 2.21731 3.98598 0.0678579</i>
                        <i>0.00227028 0.84472 0.535204 -0.999997 0.00257105 0.000183957 -0.00122065 -0.535203 0.844723 2.21761 3.98598 0.0591142</i>
                        <i>0.00570838 0.844149 0.536077 -0.999982 0.0038085 0.00465106 0.00188454 -0.536094 0.844156 2.21787 3.98598 0.050337</i>
                        <i>0.00913915 0.843265 0.53742 -0.999946 0.00501044 0.00914281 0.0050171 -0.537475 0.843265 2.2181 3.98598 0.0415349</i>
                        <i>0.0125428 0.842119 0.539146 -0.999888 0.0061593 0.0136411 0.00816664 -0.539256 0.842102 2.21829 3.98599 0.032716</i>
                        <i>0.015898 0.840765 0.541167 -0.99981 0.00723765 0.0181271 0.0113239 -0.541352 0.84072 2.21845 3.98599 0.0238887</i>
                        <i>0.0191821 0.839256 0.543399 -0.999711 0.00822819 0.0225819 0.0144808 -0.543675 0.839171 2.21857 3.986 0.0150613</i>
                        <i>0.0223708 0.837646 0.545756 -0.999594 0.00911373 0.0269858 0.0176306 -0.546138 0.83751 2.21865 3.986 0.0062423</i>
                        <i>0.0254384 0.83599 0.548155 -0.999461 0.00987717 0.0313187 0.0207679 -0.548656 0.83579 2.21869 3.986 -0.00255991</i>
                        <i>0.0283578 0.834345 0.550513 -0.999312 0.0105015 0.0355603 0.0238884 -0.551143 0.834069 2.21868 3.986 -0.0113369</i>
                        <i>0.0311003 0.832767 0.552749 -0.999152 0.0109696 0.0396903 0.0269893 -0.553515 0.832402 2.21864 3.986 -0.0200802</i>
                        <i>0.033636 0.831315 0.554783 -0.998982 0.0112645 0.043688 0.0300691 -0.555687 0.830847 2.21854 3.986 -0.0287814</i>
                        <i>0.0359336 0.830047 0.556534 -0.998805 0.0113691 0.0475331 0.0331274 -0.557577 0.829464 2.2184 3.986 -0.0374319</i>
                        <i>0.0379678 0.829009 0.557944 -0.998624 0.0112718 0.051208 0.0361629 -0.559121 0.828297 2.21822 3.98599 -0.0460156</i>
                        <i>0.0397407 0.828192 0.559034 -0.998442 0.0109836 0.0547056 0.0391665 -0.560337 0.827338 2.21799 3.98599 -0.0544866</i>
                        <i>0.0412619 0.827571 0.559843 -0.99826 0.0105213 0.0580216 0.0421267 -0.561263 0.826565 2.21773 3.98598 -0.0627909</i>
                        <i>0.0425417 0.827122 0.56041 -0.998079 0.00990167 0.0611519 0.0450311 -0.561935 0.825955 2.21743 3.98598 -0.070875</i>
                        <i>0.0435911 0.826821 0.560774 -0.997902 0.00914137 0.0640925 0.0478667 -0.562391 0.825485 2.2171 3.98597 -0.0786856</i>
                        <i>0.0444216 0.826642 0.560973 -0.99773 0.0082573 0.0668391 0.0506198 -0.562668 0.825132 2.21676 3.98596 -0.086169</i>
                        <i>0.0450453 0.82656 0.561044 -0.997563 0.00726649 0.0693873 0.0532759 -0.562802 0.824873 2.21639 3.98596 -0.0932719</i>
                        <i>0.0454749 0.826549 0.561024 -0.997405 0.00618617 0.0717325 0.0558199 -0.56283 0.824686 2.21603 3.98595 -0.0999411</i>
                        <i>0.0457235 0.826586 0.560951 -0.997255 0.00503377 0.0738695 0.0582358 -0.562788 0.824547 2.21566 3.98594 -0.106123</i>
                        <i>0.0458048 0.826643 0.560859 -0.997116 0.00382696 0.0757929 0.0605073 -0.562714 0.824435 2.21531 3.98594 -0.111765</i>
                        <i>0.0457326 0.826697 0.560786 -0.996989 0.00258363 0.0774967 0.0626174 -0.562642 0.824326 2.21497 3.98593 -0.116814</i>
                        <i>0.0455214 0.826721 0.560767 -0.996876 0.00132189 0.0789745 0.0645486 -0.56261 0.824198 2.21466 3.98593 -0.121217</i>
                        <i>0.0451538 0.826971 0.560429 -0.996777 5.98904e-005 0.0802221 0.0663078 -0.562245 0.824308 2.21437 3.98593 -0.125058</i>
                        <i>0.0446121 0.827665 0.559446 -0.996695 -0.00118484 0.0812326 0.0678963 -0.561221 0.824877 2.2141 3.98593 -0.128421</i>
                        <i>0.0439105 0.828727 0.557928 -0.99663 -0.00239487 0.0819949 0.0692876 -0.559648 0.825829 2.21386 3.98593 -0.131248</i>
                        <i>0.043065 0.830078 0.555982 -0.996585 -0.00355272 0.0824973 0.0704544 -0.557636 0.82709 2.21366 3.98592 -0.13348</i>
                        <i>0.0420928 0.831641 0.553716 -0.996561 -0.00464077 0.0827275 0.0713693 -0.555294 0.828586 2.21349 3.98592 -0.13506</i>
                        <i>0.0410125 0.833339 0.551239 -0.996561 -0.00564132 0.0826729 0.0720042 -0.552734 0.830241 2.21337 3.98591 -0.135931</i>
                        <i>0.0398458 0.835096 0.54866 -0.996584 -0.00653658 0.0823249 0.0723355 -0.550066 0.831983 2.21331 3.98591 -0.136045</i>
                        <i>0.0386259 0.836838 0.546086 -0.996631 -0.00730872 0.0816941 0.0723559 -0.547402 0.833736 2.2133 3.9859 -0.135398</i>
                        <i>0.0373885 0.838493 0.543629 -0.996699 -0.00793986 0.0807953 0.0720626 -0.544855 0.835428 2.21335 3.98589 -0.133997</i>
                        <i>0.0361689 0.839989 0.541397 -0.996788 -0.00841213 0.0796435 0.0714539 -0.542539 0.836986 2.21345 3.98589 -0.131848</i>
                        <i>0.0350012 0.841255 0.539504 -0.996895 -0.00870767 0.0782531 0.0705287 -0.540568 0.838339 2.21361 3.98589 -0.128958</i>
                        <i>0.0339188 0.842223 0.538062 -0.99702 -0.00880872 0.0766392 0.0692869 -0.539058 0.839414 2.21381 3.98588 -0.125334</i>
                        <i>0.0329595 0.84286 0.537123 -0.997157 -0.00870348 0.0748462 0.0677597 -0.538063 0.840176 2.21407 3.98589 -0.120991</i>
                        <i>0.0320919 0.843387 0.536347 -0.997305 -0.00840355 0.0728872 0.0659793 -0.53724 0.840844 2.21436 3.98589 -0.115995</i>
                        <i>0.0313012 0.843817 0.535718 -0.997461 -0.00792719 0.0707663 0.0639605 -0.536573 0.841426 2.21469 3.9859 -0.110398</i>
                        <i>0.0305726 0.844158 0.535222 -0.997625 -0.0072927 0.0684879 0.0617178 -0.536045 0.84193 2.21504 3.98591 -0.104252</i>
                        <i>0.0298915 0.844421 0.534846 -0.997795 -0.00651833 0.0660561 0.0592655 -0.53564 0.842364 2.2154 3.98592 -0.0976079</i>
                        <i>0.029243 0.844616 0.534573 -0.997968 -0.00562226 0.0634754 0.0566178 -0.535343 0.842735 2.21577 3.98594 -0.0905179</i>
                        <i>0.0286122 0.844754 0.53439 -0.998142 -0.00462249 0.0607495 0.0537886 -0.535136 0.843052 2.21613 3.98595 -0.0830338</i>
                        <i>0.0279845 0.844843 0.534282 -0.998317 -0.00353685 0.0578822 0.0507911 -0.535003 0.843322 2.21649 3.98596 -0.0752076</i>
                        <i>0.027345 0.844895 0.534234 -0.99849 -0.00238294 0.0548769 0.0476382 -0.534928 0.843554 2.21683 3.98596 -0.0670913</i>
                        <i>0.0266794 0.844918 0.53423 -0.99866 -0.00117815 0.0517364 0.0443424 -0.534894 0.843755 2.21715 3.98597 -0.0587369</i>
                        <i>0.0259733 0.844924 0.534255 -0.998825 6.04007e-005 0.0484633 0.0409155 -0.534886 0.843933 2.21745 3.98598 -0.0501967</i>
                        <i>0.0252125 0.844923 0.534294 -0.998983 0.0013158 0.0450597 0.037369 -0.534886 0.844097 2.21771 3.98598 -0.0415227</i>
                        <i>0.0244001 0.84472 0.534652 -0.999134 0.00257105 0.0415356 0.0337113 -0.535203 0.844051 2.21794 3.98598 -0.0326344</i>
                        <i>0.023535 0.844149 0.535591 -0.999274 0.0038085 0.0379076 0.0299599 -0.536094 0.843626 2.21815 3.98598 -0.0234537</i>
                        <i>0.022598 0.843265 0.537023 -0.999403 0.00501044 0.0341874 0.0261383 -0.537475 0.842875 2.21832 3.98598 -0.0140373</i>
                        <i>0.021571 0.842119 0.53886 -0.999519 0.0061593 0.030386 0.0222696 -0.539256 0.841847 2.21845 3.98599 -0.00444156</i>
                        <i>0.0204374 0.840765 0.541015 -0.999622 0.00723765 0.0265142 0.0183765 -0.541352 0.840595 2.21853 3.98599 0.00527684</i>
                        <i>0.0191821 0.839256 0.543399 -0.999711 0.00822819 0.0225819 0.0144808 -0.543675 0.839171 2.21857 3.986 0.0150613</i>
                        <i>0.0177915 0.837646 0.545924 -0.999786 0.00911373 0.018599 0.0106039 -0.546138 0.837628 2.21856 3.986 0.024855</i>
                        <i>0.0162539 0.83599 0.548504 -0.999845 0.00987717 0.0145746 0.00676652 -0.548656 0.836021 2.21851 3.986 0.0346014</i>
                        <i>0.0145592 0.834345 0.551051 -0.99989 0.0105015 0.0105176 0.00298846 -0.551143 0.834405 2.2184 3.986 0.0442436</i>
