<?xml version="1.0" encoding="ISO-8859-1" ?>
<Animl Version="1">
    <ModellingPackage><![CDATA[Maya.2010]]></ModellingPackage>
    <SrcFile><![CDATA[anims\turrets\antiair\blue\~src\aa_bofors\aa_bofors_idle_alt_crewman_a.mb]]></SrcFile>
    <FramesPerSecond>30</FramesPerSecond>
    <TotalFrames>75</TotalFrames>
    <Skeleton>
        <RefFrame>
            <Name><![CDATA[soldier_ref_frame]]></Name>
            <Exclude>0</Exclude>
            <Additive>0</Additive>
            <IKPriority>0</IKPriority>
            <IKRotLimits>-1e+010 -1e+010 -1e+010 1e+010 1e+010 1e+010</IKRotLimits>
            <IKRotLimitOrder>0</IKRotLimitOrder>
            <KeyFrames count="75">
                <i>1 0 0 0 1 0 0 0 1 0.17 3 -2.34</i>
                <i>1 0 0 0 1 0 0 0 1 0.17 3 -2.34</i>
                <i>1 0 0 0 1 0 0 0 1 0.17 3 -2.34</i>
                <i>1 0 0 0 1 0 0 0 1 0.17 3 -2.34</i>
                <i>1 0 0 0 1 0 0 0 1 0.17 3 -2.34</i>
                <i>1 0 0 0 1 0 0 0 1 0.17 3 -2.34</i>
                <i>1 0 0 0 1 0 0 0 1 0.17 3 -2.34</i>
                <i>1 0 0 0 1 0 0 0 1 0.17 3 -2.34</i>
                <i>1 0 0 0 1 0 0 0 1 0.17 3 -2.34</i>
                <i>1 0 0 0 1 0 0 0 1 0.17 3 -2.34</i>
                <i>1 0 0 0 1 0 0 0 1 0.17 3 -2.34</i>
                <i>1 0 0 0 1 0 0 0 1 0.17 3 -2.34</i>
                <i>1 0 0 0 1 0 0 0 1 0.17 3 -2.34</i>
                <i>1 0 0 0 1 0 0 0 1 0.17 3 -2.34</i>
                <i>1 0 0 0 1 0 0 0 1 0.17 3 -2.34</i>
                <i>1 0 0 0 1 0 0 0 1 0.17 3 -2.34</i>
                <i>1 0 0 0 1 0 0 0 1 0.17 3 -2.34</i>
                <i>1 0 0 0 1 0 0 0 1 0.17 3 -2.34</i>
                <i>1 0 0 0 1 0 0 0 1 0.17 3 -2.34</i>
                <i>1 0 0 0 1 0 0 0 1 0.17 3 -2.34</i>
                <i>1 0 0 0 1 0 0 0 1 0.17 3 -2.34</i>
                <i>1 0 0 0 1 0 0 0 1 0.17 3 -2.34</i>
                <i>1 0 0 0 1 0 0 0 1 0.17 3 -2.34</i>
                <i>1 0 0 0 1 0 0 0 1 0.17 3 -2.34</i>
                <i>1 0 0 0 1 0 0 0 1 0.17 3 -2.34</i>
                <i>1 0 0 0 1 0 0 0 1 0.17 3 -2.34</i>
                <i>1 0 0 0 1 0 0 0 1 0.17 3 -2.34</i>
                <i>1 0 0 0 1 0 0 0 1 0.17 3 -2.34</i>
                <i>1 0 0 0 1 0 0 0 1 0.17 3 -2.34</i>
                <i>1 0 0 0 1 0 0 0 1 0.17 3 -2.34</i>
                <i>1 0 0 0 1 0 0 0 1 0.17 3 -2.34</i>
                <i>1 0 0 0 1 0 0 0 1 0.17 3 -2.34</i>
                <i>1 0 0 0 1 0 0 0 1 0.17 3 -2.34</i>
                <i>1 0 0 0 1 0 0 0 1 0.17 3 -2.34</i>
                <i>1 0 0 0 1 0 0 0 1 0.17 3 -2.34</i>
                <i>1 0 0 0 1 0 0 0 1 0.17 3 -2.34</i>
                <i>1 0 0 0 1 0 0 0 1 0.17 3 -2.34</i>
                <i>1 0 0 0 1 0 0 0 1 0.17 3 -2.34</i>
                <i>1 0 0 0 1 0 0 0 1 0.17 3 -2.34</i>
                <i>1 0 0 0 1 0 0 0 1 0.17 3 -2.34</i>
                <i>1 0 0 0 1 0 0 0 1 0.17 3 -2.34</i>
                <i>1 0 0 0 1 0 0 0 1 0.17 3 -2.34</i>
                <i>1 0 0 0 1 0 0 0 1 0.17 3 -2.34</i>
                <i>1 0 0 0 1 0 0 0 1 0.17 3 -2.34</i>
                <i>1 0 0 0 1 0 0 0 1 0.17 3 -2.34</i>
                <i>1 0 0 0 1 0 0 0 1 0.17 3 -2.34</i>
                <i>1 0 0 0 1 0 0 0 1 0.17 3 -2.34</i>
                <i>1 0 0 0 1 0 0 0 1 0.17 3 -2.34</i>
                <i>1 0 0 0 1 0 0 0 1 0.17 3 -2.34</i>
                <i>1 0 0 0 1 0 0 0 1 0.17 3 -2.34</i>
                <i>1 0 0 0 1 0 0 0 1 0.17 3 -2.34</i>
                <i>1 0 0 0 1 0 0 0 1 0.17 3 -2.34</i>
                <i>1 0 0 0 1 0 0 0 1 0.17 3 -2.34</i>
                <i>1 0 0 0 1 0 0 0 1 0.17 3 -2.34</i>
                <i>1 0 0 0 1 0 0 0 1 0.17 3 -2.34</i>
                <i>1 0 0 0 1 0 0 0 1 0.17 3 -2.34</i>
                <i>1 0 0 0 1 0 0 0 1 0.17 3 -2.34</i>
                <i>1 0 0 0 1 0 0 0 1 0.17 3 -2.34</i>
                <i>1 0 0 0 1 0 0 0 1 0.17 3 -2.34</i>
                <i>1 0 0 0 1 0 0 0 1 0.17 3 -2.34</i>
                <i>1 0 0 0 1 0 0 0 1 0.17 3 -2.34</i>
                <i>1 0 0 0 1 0 0 0 1 0.17 3 -2.34</i>
                <i>1 0 0 0 1 0 0 0 1 0.17 3 -2.34</i>
                <i>1 0 0 0 1 0 0 0 1 0.17 3 -2.34</i>
                <i>1 0 0 0 1 0 0 0 1 0.17 3 -2.34</i>
                <i>1 0 0 0 1 0 0 0 1 0.17 3 -2.34</i>
                <i>1 0 0 0 1 0 0 0 1 0.17 3 -2.34</i>
                <i>1 0 0 0 1 0 0 0 1 0.17 3 -2.34</i>
                <i>1 0 0 0 1 0 0 0 1 0.17 3 -2.34</i>
                <i>1 0 0 0 1 0 0 0 1 0.17 3 -2.34</i>
                <i>1 0 0 0 1 0 0 0 1 0.17 3 -2.34</i>
                <i>1 0 0 0 1 0 0 0 1 0.17 3 -2.34</i>
                <i>1 0 0 0 1 0 0 0 1 0.17 3 -2.34</i>
                <i>1 0 0 0 1 0 0 0 1 0.17 3 -2.34</i>
                <i>1 0 0 0 1 0 0 0 1 0.17 3 -2.34</i>
            </KeyFrames>
        </RefFrame>
        <Bones count="23">
            <i>
                <p>
                    <Name><![CDATA[pelvis]]></Name>
                    <Exclude>0</Exclude>
                    <Additive>0</Additive>
                    <IKPriority>0</IKPriority>
                    <IKRotLimits>-1e+010 -1e+010 -1e+010 1e+010 1e+010 1e+010</IKRotLimits>
                    <IKRotLimitOrder>2</IKRotLimitOrder>
                    <KeyFrames count="75">
                        <i>1 0 0 0 1 0 0 0 1 0.0158091 4.12224 -2.22264</i>
                        <i>1 0 0 0 1 0 0 0 1 0.0158091 4.12219 -2.22264</i>
                        <i>1 0 0 0 1 0 0 0 1 0.0158091 4.12202 -2.22264</i>
                        <i>1 0 0 0 1 0 0 0 1 0.0158091 4.12176 -2.22264</i>
                        <i>1 0 0 0 1 0 0 0 1 0.0158091 4.12139 -2.22264</i>
                        <i>1 0 0 0 1 0 0 0 1 0.0158091 4.12094 -2.22264</i>
                        <i>1 0 0 0 1 0 0 0 1 0.0158091 4.12041 -2.22264</i>
                        <i>1 0 0 0 1 0 0 0 1 0.0158091 4.1198 -2.22264</i>
                        <i>1 0 0 0 1 0 0 0 1 0.0158091 4.11911 -2.22264</i>
                        <i>1 0 0 0 1 0 0 0 1 0.0158091 4.11836 -2.22264</i>
                        <i>1 0 0 0 1 0 0 0 1 0.0158091 4.11756 -2.22264</i>
                        <i>1 0 0 0 1 0 0 0 1 0.0158091 4.1167 -2.22264</i>
                        <i>1 0 0 0 1 0 0 0 1 0.0158091 4.11579 -2.22264</i>
                        <i>1 0 0 0 1 0 0 0 1 0.0158091 4.11485 -2.22264</i>
                        <i>1 0 0 0 1 0 0 0 1 0.0158091 4.11387 -2.22264</i>
                        <i>1 0 0 0 1 0 0 0 1 0.0158091 4.11286 -2.22264</i>
                        <i>1 0 0 0 1 0 0 0 1 0.0158091 4.11183 -2.22264</i>
                        <i>1 0 0 0 1 0 0 0 1 0.0158091 4.11079 -2.22264</i>
                        <i>1 0 0 0 1 0 0 0 1 0.0158091 4.10973 -2.22264</i>
                        <i>1 0 0 0 1 0 0 0 1 0.0158091 4.10868 -2.22264</i>
                        <i>1 0 0 0 1 0 0 0 1 0.0158091 4.10762 -2.22264</i>
                        <i>1 0 0 0 1 0 0 0 1 0.0158091 4.10658 -2.22264</i>
                        <i>1 0 0 0 1 0 0 0 1 0.0158091 4.10555 -2.22264</i>
                        <i>1 0 0 0 1 0 0 0 1 0.0158091 4.10454 -2.22264</i>
                        <i>1 0 0 0 1 0 0 0 1 0.0158091 4.10356 -2.22264</i>
                        <i>1 0 0 0 1 0 0 0 1 0.0158091 4.10262 -2.22264</i>
                        <i>1 0 0 0 1 0 0 0 1 0.0158091 4.10171 -2.22264</i>
                        <i>1 0 0 0 1 0 0 0 1 0.0158091 4.10085 -2.22264</i>
                        <i>1 0 0 0 1 0 0 0 1 0.0158091 4.10005 -2.22264</i>
                        <i>1 0 0 0 1 0 0 0 1 0.0158091 4.0993 -2.22264</i>
                        <i>1 0 0 0 1 0 0 0 1 0.0158091 4.09862 -2.22264</i>
                        <i>1 0 0 0 1 0 0 0 1 0.0158091 4.098 -2.22264</i>
                        <i>1 0 0 0 1 0 0 0 1 0.0158091 4.09747 -2.22264</i>
                        <i>1 0 0 0 1 0 0 0 1 0.0158091 4.09702 -2.22264</i>
                        <i>1 0 0 0 1 0 0 0 1 0.0158091 4.09665 -2.22264</i>
                        <i>1 0 0 0 1 0 0 0 1 0.0158091 4.09639 -2.22264</i>
                        <i>1 0 0 0 1 0 0 0 1 0.0158091 4.09622 -2.22264</i>
                        <i>1 0 0 0 1 0 0 0 1 0.0158091 4.09617 -2.22264</i>
                        <i>1 0 0 0 1 0 0 0 1 0.0158091 4.09622 -2.22264</i>
                        <i>1 0 0 0 1 0 0 0 1 0.0158091 4.09639 -2.22264</i>
                        <i>1 0 0 0 1 0 0 0 1 0.0158091 4.09665 -2.22264</i>
                        <i>1 0 0 0 1 0 0 0 1 0.0158091 4.09702 -2.22264</i>
                        <i>1 0 0 0 1 0 0 0 1 0.0158091 4.09747 -2.22264</i>
                        <i>1 0 0 0 1 0 0 0 1 0.0158091 4.098 -2.22264</i>
                        <i>1 0 0 0 1 0 0 0 1 0.0158091 4.09862 -2.22264</i>
                        <i>1 0 0 0 1 0 0 0 1 0.0158091 4.0993 -2.22264</i>
                        <i>1 0 0 0 1 0 0 0 1 0.0158091 4.10005 -2.22264</i>
                        <i>1 0 0 0 1 0 0 0 1 0.0158091 4.10085 -2.22264</i>
                        <i>1 0 0 0 1 0 0 0 1 0.0158091 4.10171 -2.22264</i>
                        <i>1 0 0 0 1 0 0 0 1 0.0158091 4.10262 -2.22264</i>
                        <i>1 0 0 0 1 0 0 0 1 0.0158091 4.10356 -2.22264</i>
                        <i>1 0 0 0 1 0 0 0 1 0.0158091 4.10454 -2.22264</i>
                        <i>1 0 0 0 1 0 0 0 1 0.0158091 4.10555 -2.22264</i>
                        <i>1 0 0 0 1 0 0 0 1 0.0158091 4.10658 -2.22264</i>
                        <i>1 0 0 0 1 0 0 0 1 0.0158091 4.10762 -2.22264</i>
                        <i>1 0 0 0 1 0 0 0 1 0.0158091 4.10868 -2.22264</i>
                        <i>1 0 0 0 1 0 0 0 1 0.0158091 4.10973 -2.22264</i>
                        <i>1 0 0 0 1 0 0 0 1 0.0158091 4.11079 -2.22264</i>
                        <i>1 0 0 0 1 0 0 0 1 0.0158091 4.11183 -2.22264</i>
                        <i>1 0 0 0 1 0 0 0 1 0.0158091 4.11286 -2.22264</i>
                        <i>1 0 0 0 1 0 0 0 1 0.0158091 4.11387 -2.22264</i>
                        <i>1 0 0 0 1 0 0 0 1 0.0158091 4.11485 -2.22264</i>
                        <i>1 0 0 0 1 0 0 0 1 0.0158091 4.11579 -2.22264</i>
                        <i>1 0 0 0 1 0 0 0 1 0.0158091 4.1167 -2.22264</i>
                        <i>1 0 0 0 1 0 0 0 1 0.0158091 4.11756 -2.22264</i>
                        <i>1 0 0 0 1 0 0 0 1 0.0158091 4.11836 -2.22264</i>
                        <i>1 0 0 0 1 0 0 0 1 0.0158091 4.11911 -2.22264</i>
                        <i>1 0 0 0 1 0 0 0 1 0.0158091 4.1198 -2.22264</i>
                        <i>1 0 0 0 1 0 0 0 1 0.0158091 4.12041 -2.22264</i>
                        <i>1 0 0 0 1 0 0 0 1 0.0158091 4.12094 -2.22264</i>
                        <i>1 0 0 0 1 0 0 0 1 0.0158091 4.12139 -2.22264</i>
                        <i>1 0 0 0 1 0 0 0 1 0.0158091 4.12176 -2.22264</i>
                        <i>1 0 0 0 1 0 0 0 1 0.0158091 4.12202 -2.22264</i>
                        <i>1 0 0 0 1 0 0 0 1 0.0158091 4.12219 -2.22264</i>
                        <i>1 0 0 0 1 0 0 0 1 0.0158091 4.12224 -2.22264</i>
                    </KeyFrames>
                </p>
            </i>
            <i>
                <p>
                    <Name><![CDATA[spine0]]></Name>
                    <Exclude>0</Exclude>
                    <Additive>0</Additive>
                    <IKPriority>0</IKPriority>
                    <IKRotLimits>-1e+010 -1e+010 -1e+010 1e+010 1e+010 1e+010</IKRotLimits>
                    <IKRotLimitOrder>0</IKRotLimitOrder>
                    <KeyFrames count="75">
                        <i>0.12044 0.987808 0.0986433 -0.952907 0.087179 0.290462 0.278321 -0.128981 0.951788 0.0139794 4.26245 -2.2548</i>
                        <i>0.118493 0.987993 0.0991454 -0.953624 0.0854066 0.288631 0.276698 -0.128748 0.952293 0.0138312 4.2624 -2.25478</i>
                        <i>0.115845 0.988239 0.0998212 -0.954471 0.0829431 0.286542 0.274892 -0.128471 0.952853 0.0136657 4.26224 -2.25475</i>
                        <i>0.112647 0.988526 0.100629 -0.955406 0.0799346 0.28427 0.272965 -0.128164 0.953449 0.0134884 4.26198 -2.25472</i>
                        <i>0.10905 0.988838 0.101528 -0.956388 0.0765277 0.281895 0.270978 -0.127841 0.954058 0.013305 4.26162 -2.25469</i>
                        <i>0.105205 0.989156 0.102478 -0.957379 0.0728695 0.279492 0.268993 -0.127515 0.954664 0.0131214 4.26117 -2.25465</i>
                        <i>0.101266 0.989467 0.103441 -0.958341 0.0691073 0.277139 0.267072 -0.127197 0.955245 0.0129433 4.26064 -2.25462</i>
                        <i>0.097384 0.989758 0.10438 -0.959242 0.0653888 0.274917 0.265276 -0.126898 0.955785 0.0127765 4.26003 -2.25459</i>
                        <i>0.0937129 0.99002 0.105258 -0.960051 0.0618613 0.272903 0.263668 -0.126627 0.956266 0.0126268 4.25935 -2.25457</i>
                        <i>0.0904057 0.990243 0.106041 -0.960739 0.0586727 0.271178 0.262311 -0.126394 0.95667 0.0125002 4.2586 -2.25454</i>
                        <i>0.0876155 0.990424 0.106696 -0.961282 0.0559702 0.269822 0.261266 -0.126206 0.956981 0.0124024 4.2578 -2.25453</i>
                        <i>0.0854955 0.990556 0.10719 -0.961654 0.0539012 0.268915 0.260598 -0.126071 0.957181 0.0123395 4.25694 -2.25451</i>
                        <i>0.0841985 0.990635 0.107489 -0.961831 0.0526124 0.268539 0.260368 -0.125997 0.957253 0.0123172 4.25604 -2.25451</i>
                        <i>0.0833908 0.990683 0.107673 -0.961893 0.0517876 0.268478 0.260401 -0.125959 0.957249 0.0123209 4.25509 -2.25451</i>
                        <i>0.0826384 0.990727 0.107842 -0.961938 0.0510141 0.268466 0.260475 -0.125923 0.957234 0.0123317 4.25411 -2.25451</i>
                        <i>0.0819436 0.990768 0.107997 -0.961966 0.0502942 0.268499 0.260589 -0.125891 0.957207 0.0123493 4.2531 -2.25452</i>
                        <i>0.0813085 0.990806 0.108136 -0.961979 0.0496305 0.268577 0.260741 -0.125862 0.957169 0.0123735 4.25207 -2.25452</i>
                        <i>0.0807353 0.990839 0.10826 -0.961976 0.0490253 0.268699 0.26093 -0.125837 0.957121 0.0124039 4.25103 -2.25453</i>
                        <i>0.0802262 0.990868 0.108367 -0.961958 0.048481 0.268862 0.261153 -0.125815 0.957063 0.0124403 4.24997 -2.25454</i>
                        <i>0.0797833 0.990894 0.108459 -0.961925 0.048 0.269066 0.261409 -0.125797 0.956995 0.0124823 4.24891 -2.25455</i>
                        <i>0.0794087 0.990916 0.108535 -0.961878 0.0475845 0.269308 0.261697 -0.125782 0.956919 0.0125296 4.24786 -2.25456</i>
                        <i>0.0791046 0.990934 0.108593 -0.961817 0.047237 0.269587 0.262013 -0.125772 0.956833 0.0125819 4.24681 -2.25457</i>
                        <i>0.078873 0.990948 0.108635 -0.961742 0.0469598 0.269902 0.262358 -0.125766 0.95674 0.012639 4.24578 -2.25459</i>
                        <i>0.0787161 0.990958 0.108659 -0.961654 0.0467552 0.270251 0.262727 -0.125765 0.956639 0.0127005 4.24477 -2.2546</i>
                        <i>0.0786359 0.990963 0.108665 -0.961553 0.0466256 0.270633 0.263121 -0.125768 0.95653 0.0127662 4.24379 -2.25462</i>
                        <i>0.0786345 0.990965 0.108652 -0.961439 0.0465733 0.271046 0.263537 -0.125776 0.956414 0.0128357 4.24284 -2.25463</i>
                        <i>0.078714 0.990962 0.108621 -0.961313 0.0466005 0.271489 0.263973 -0.125789 0.956292 0.0129087 4.24194 -2.25465</i>
                        <i>0.0788764 0.990955 0.108571 -0.961174 0.0467097 0.271959 0.264428 -0.125807 0.956164 0.0129849 4.24107 -2.25467</i>
                        <i>0.0791238 0.990943 0.1085 -0.961024 0.0469031 0.272456 0.264899 -0.125829 0.956031 0.0130641 4.24027 -2.25469</i>
                        <i>0.0794583 0.990926 0.10841 -0.960862 0.0471831 0.272978 0.265386 -0.125857 0.955892 0.0131459 4.23951 -2.25471</i>
                        <i>0.0798819 0.990904 0.108299 -0.960689 0.047552 0.273523 0.265886 -0.125891 0.955749 0.0132301 4.23883 -2.25472</i>
                        <i>0.0803967 0.990877 0.108166 -0.960505 0.0480122 0.27409 0.266397 -0.12593 0.955602 0.0133163 4.23821 -2.25475</i>
                        <i>0.0810046 0.990844 0.108011 -0.960309 0.0485659 0.274678 0.266917 -0.125974 0.955451 0.0134042 4.23768 -2.25477</i>
                        <i>0.0817078 0.990806 0.107834 -0.960102 0.0492155 0.275283 0.267445 -0.126024 0.955296 0.0134935 4.23722 -2.25479</i>
                        <i>0.0825083 0.990761 0.107633 -0.959885 0.0499634 0.275906 0.26798 -0.12608 0.955139 0.013584 4.23686 -2.25481</i>
                        <i>0.0834082 0.99071 0.107409 -0.959657 0.0508119 0.276545 0.268518 -0.126142 0.95498 0.0136753 4.23659 -2.25483</i>
                        <i>0.0844095 0.990652 0.10716 -0.959418 0.0517635 0.277197 0.269059 -0.126209 0.954819 0.0137672 4.23642 -2.25485</i>
                        <i>0.0855143 0.990587 0.106886 -0.959168 0.0528204 0.277861 0.2696 -0.126282 0.954656 0.0138593 4.23636 -2.25487</i>
                        <i>0.0867218 0.990514 0.106586 -0.958908 0.0539822 0.278536 0.27014 -0.126361 0.954493 0.0139514 4.23641 -2.25489</i>
                        <i>0.088024 0.990434 0.106263 -0.958638 0.0552409 0.279218 0.270677 -0.126446 0.95433 0.0140432 4.23657 -2.25492</i>
                        <i>0.089412 0.990347 0.105919 -0.958359 0.0565878 0.279905 0.271209 -0.126535 0.954167 0.0141343 4.23683 -2.25494</i>
                        <i>0.0908769 0.990252 0.105555 -0.958072 0.0580141 0.280594 0.271735 -0.126629 0.954005 0.0142244 4.23719 -2.25496</i>
                        <i>0.0924099 0.990151 0.105173 -0.957778 0.059511 0.281282 0.272253 -0.126726 0.953844 0.0143134 4.23764 -2.25498</i>
                        <i>0.0940023 0.990043 0.104776 -0.957479 0.0610698 0.281967 0.272761 -0.126827 0.953686 0.0144009 4.23817 -2.255</i>
                        <i>0.0956453 0.989929 0.104366 -0.957174 0.0626818 0.282646 0.273257 -0.12693 0.95353 0.0144865 4.23878 -2.25502</i>
                        <i>0.09733 0.989809 0.103944 -0.956866 0.0643383 0.283316 0.273741 -0.127036 0.953377 0.01457 4.23946 -2.25504</i>
                        <i>0.0990478 0.989684 0.103514 -0.956556 0.0660307 0.283974 0.274209 -0.127144 0.953228 0.0146512 4.2402 -2.25506</i>
                        <i>0.10079 0.989554 0.103076 -0.956244 0.0677501 0.284618 0.274662 -0.127252 0.953083 0.0147297 4.241 -2.25507</i>
                        <i>0.102547 0.989419 0.102634 -0.955932 0.0694879 0.285245 0.275095 -0.127362 0.952944 0.0148052 4.24186 -2.25509</i>
                        <i>0.104312 0.989281 0.102188 -0.955622 0.0712354 0.285853 0.27551 -0.127471 0.952809 0.0148775 4.24276 -2.25511</i>
                        <i>0.106074 0.989139 0.101743 -0.955315 0.0729839 0.286439 0.275902 -0.12758 0.952681 0.0149462 4.24371 -2.25512</i>
                        <i>0.107826 0.988995 0.101299 -0.955012 0.0747247 0.286999 0.276271 -0.127688 0.95256 0.0150111 4.24468 -2.25514</i>
                        <i>0.109559 0.98885 0.10086 -0.954715 0.0764491 0.287533 0.276616 -0.127794 0.952445 0.0150718 4.24569 -2.25515</i>
                        <i>0.111263 0.988704 0.100427 -0.954426 0.0781484 0.288036 0.276934 -0.127898 0.952339 0.0151282 4.24671 -2.25517</i>
                        <i>0.112931 0.988558 0.100003 -0.954146 0.0798138 0.288507 0.277224 -0.127999 0.952241 0.0151798 4.24775 -2.25518</i>
                        <i>0.114552 0.988413 0.0995904 -0.953877 0.0814367 0.288942 0.277484 -0.128096 0.952152 0.0152265 4.24881 -2.25519</i>
                        <i>0.11612 0.98827 0.0991911 -0.95362 0.0830083 0.28934 0.277712 -0.128189 0.952073 0.0152678 4.24986 -2.2552</i>
                        <i>0.117625 0.98813 0.0988078 -0.953379 0.0845199 0.289698 0.277908 -0.128277 0.952004 0.0153036 4.25091 -2.25521</i>
                        <i>0.119058 0.987995 0.0984429 -0.953154 0.0859627 0.290012 0.278068 -0.128359 0.951946 0.0153336 4.25196 -2.25521</i>
                        <i>0.12041 0.987865 0.0980988 -0.952948 0.0873278 0.290282 0.278193 -0.128436 0.9519 0.0153574 4.25298 -2.25522</i>
                        <i>0.121673 0.987742 0.0977779 -0.952763 0.0886066 0.290504 0.278279 -0.128506 0.951865 0.0153747 4.25399 -2.25522</i>
                        <i>0.122838 0.987628 0.0974826 -0.952599 0.0897902 0.290675 0.278326 -0.128568 0.951843 0.0153854 4.25497 -2.25523</i>
                        <i>0.123896 0.987522 0.0972155 -0.952461 0.0908698 0.290794 0.278331 -0.128622 0.951834 0.015389 4.25591 -2.25523</i>
                        <i>0.124783 0.98743 0.0970114 -0.952351 0.0917732 0.29087 0.278311 -0.128685 0.951832 0.0153771 4.25682 -2.25522</i>
                        <i>0.125446 0.987357 0.0968974 -0.952272 0.0924378 0.290918 0.278283 -0.128767 0.951829 0.0153422 4.25768 -2.2552</i>
                        <i>0.125886 0.987304 0.0968642 -0.952223 0.0928693 0.29094 0.278251 -0.128862 0.951825 0.0152854 4.2585 -2.25518</i>
                        <i>0.126109 0.987272 0.0969023 -0.952204 0.0930732 0.290939 0.278217 -0.128961 0.951822 0.0152079 4.25925 -2.25515</i>
                        <i>0.126116 0.987261 0.0970023 -0.952211 0.0930551 0.290919 0.278187 -0.129056 0.951817 0.0151108 4.25994 -2.25511</i>
                        <i>0.125913 0.987272 0.0971549 -0.952246 0.0928206 0.290882 0.278162 -0.129141 0.951813 0.0149953 4.26056 -2.25507</i>
                        <i>0.125501 0.987306 0.0973505 -0.952304 0.0923752 0.290832 0.278147 -0.129207 0.951809 0.0148625 4.26111 -2.25502</i>
                        <i>0.124885 0.987361 0.0975797 -0.952386 0.0917245 0.290769 0.278144 -0.129246 0.951804 0.0147136 4.26157 -2.25498</i>
                        <i>0.124067 0.987439 0.0978331 -0.952489 0.090874 0.290699 0.278157 -0.129251 0.9518 0.0145496 4.26194 -2.25493</i>
                        <i>0.123051 0.98754 0.0981012 -0.952612 0.0898291 0.290622 0.278189 -0.129214 0.951796 0.0143718 4.26222 -2.25488</i>
                        <i>0.121841 0.987662 0.0983744 -0.952752 0.0885956 0.290543 0.278242 -0.129126 0.951792 0.0141814 4.26239 -2.25484</i>
                        <i>0.12044 0.987808 0.0986433 -0.952907 0.087179 0.290462 0.278321 -0.128981 0.951788 0.0139794 4.26245 -2.2548</i>
                    </KeyFrames>
                </p>
            </i>
            <i>
                <p>
                    <Name><![CDATA[spine1]]></Name>
                    <Exclude>0</Exclude>
                    <Additive>0</Additive>
                    <IKPriority>0</IKPriority>
                    <IKRotLimits>-1e+010 -1e+010 -1e+010 1e+010 1e+010 1e+010</IKRotLimits>
                    <IKRotLimitOrder>0</IKRotLimitOrder>
                    <KeyFrames count="75">
                        <i>0.232346 0.936554 0.262452 -0.968918 0.199312 0.146534 0.0849273 -0.288341 0.953754 0.0347636 4.43293 -2.23778</i>
                        <i>0.229446 0.937035 0.263287 -0.969719 0.196821 0.144595 0.08367 -0.288491 0.95382 0.0342784 4.4329 -2.23767</i>
                        <i>0.224527 0.937872 0.264545 -0.97097 0.192337 0.142212 0.082495 -0.288796 0.95383 0.0336533 4.43276 -2.23753</i>
                        <i>0.217965 0.938972 0.266127 -0.972555 0.186227 0.139488 0.0814154 -0.289227 0.953792 0.0329204 4.43252 -2.23736</i>
                        <i>0.210136 0.940241 0.267937 -0.974357 0.178856 0.136524 0.0804438 -0.289755 0.953714 0.0321119 4.43217 -2.23718</i>
                        <i>0.201417 0.941592 0.26988 -0.976266 0.170592 0.133425 0.0795922 -0.290349 0.953605 0.0312602 4.43173 -2.23699</i>
                        <i>0.19219 0.942947 0.27187 -0.978183 0.161805 0.130296 0.0788724 -0.29098 0.953472 0.0303976 4.4312 -2.2368</i>
                        <i>0.182841 0.94424 0.273824 -0.98002 0.152867 0.12725 0.0782956 -0.291619 0.953325 0.0295566 4.43059 -2.23661</i>
                        <i>0.173757 0.945419 0.275665 -0.981705 0.144153 0.124401 0.0778731 -0.292237 0.95317 0.0287696 4.4299 -2.23644</i>
                        <i>0.165331 0.946445 0.277324 -0.983179 0.136039 0.121869 0.0776156 -0.292807 0.953016 0.0280689 4.42915 -2.23628</i>
                        <i>0.157958 0.947289 0.278733 -0.984397 0.128902 0.119777 0.077534 -0.293303 0.95287 0.027487 4.42833 -2.23616</i>
                        <i>0.152033 0.947935 0.27983 -0.985321 0.123122 0.118249 0.0776393 -0.2937 0.952739 0.0270561 4.42746 -2.23607</i>
                        <i>0.147952 0.948367 0.280552 -0.985918 0.119077 0.117412 0.0779425 -0.293973 0.952631 0.0268084 4.42654 -2.23601</i>
                        <i>0.144933 0.948683 0.281059 -0.986333 0.116028 0.116982 0.0783683 -0.294173 0.952534 0.0266714 4.42559 -2.23598</i>
                        <i>0.141941 0.948989 0.281553 -0.986731 0.112995 0.116593 0.0788314 -0.294367 0.952436 0.026551 4.42459 -2.23596</i>
                        <i>0.138991 0.949284 0.282031 -0.987111 0.109993 0.116245 0.0793278 -0.294553 0.952337 0.0264474 4.42357 -2.23594</i>
                        <i>0.136097 0.949566 0.282493 -0.987472 0.107039 0.115939 0.0798538 -0.294733 0.952237 0.0263607 4.42253 -2.23592</i>
                        <i>0.133276 0.949834 0.282935 -0.987812 0.104148 0.115676 0.0804056 -0.294903 0.952138 0.0262909 4.42147 -2.23591</i>
                        <i>0.130542 0.950088 0.283357 -0.98813 0.101335 0.115456 0.0809794 -0.295065 0.952039 0.0262381 4.4204 -2.2359</i>
                        <i>0.12791 0.950327 0.283756 -0.988425 0.0986165 0.115281 0.0815715 -0.295217 0.951942 0.0262024 4.41932 -2.2359</i>
                        <i>0.125396 0.95055 0.28413 -0.988697 0.0960081 0.115151 0.0821781 -0.295358 0.951846 0.0261838 4.41826 -2.2359</i>
                        <i>0.123014 0.950757 0.284479 -0.988945 0.0935255 0.115068 0.0827956 -0.295489 0.951752 0.0261824 4.41719 -2.2359</i>
                        <i>0.120781 0.950948 0.284799 -0.989168 0.0911842 0.115032 0.0834202 -0.295608 0.95166 0.0261983 4.41615 -2.23591</i>
                        <i>0.11871 0.951122 0.285089 -0.989365 0.0890001 0.115044 0.0840483 -0.295714 0.951572 0.0262316 4.41512 -2.23592</i>
                        <i>0.116818 0.951278 0.285347 -0.989537 0.0869889 0.115106 0.0846762 -0.295808 0.951487 0.0262822 4.41413 -2.23594</i>
                        <i>0.11512 0.951418 0.285571 -0.989682 0.0851662 0.115219 0.0853002 -0.295888 0.951406 0.0263504 4.41317 -2.23596</i>
                        <i>0.11363 0.951541 0.285758 -0.989801 0.0835479 0.115383 0.0859168 -0.295954 0.95133 0.026436 4.41224 -2.23598</i>
                        <i>0.112364 0.951647 0.285906 -0.989893 0.0821497 0.115599 0.0865222 -0.296006 0.951259 0.0265392 4.41137 -2.23601</i>
                        <i>0.111337 0.951735 0.286014 -0.989957 0.0809872 0.115869 0.087113 -0.296042 0.951194 0.0266601 4.41055 -2.23604</i>
                        <i>0.110564 0.951806 0.286079 -0.989993 0.0800763 0.116193 0.0876853 -0.296063 0.951135 0.0267986 4.40978 -2.23608</i>
                        <i>0.11006 0.951859 0.286097 -0.990001 0.0794325 0.116573 0.0882358 -0.296067 0.951083 0.0269549 4.40909 -2.23612</i>
                        <i>0.109841 0.951893 0.286068 -0.989978 0.0790717 0.11701 0.0887607 -0.296053 0.951038 0.027129 4.40846 -2.23616</i>
                        <i>0.109922 0.951908 0.285987 -0.989924 0.0790094 0.117503 0.0892566 -0.296022 0.951002 0.027321 4.40791 -2.23621</i>
                        <i>0.110316 0.951903 0.285853 -0.989839 0.0792613 0.118055 0.0897197 -0.295972 0.950974 0.0275309 4.40745 -2.23626</i>
                        <i>0.111041 0.951876 0.285662 -0.989719 0.0798432 0.118665 0.0901464 -0.295902 0.950955 0.0277588 4.40707 -2.23632</i>
                        <i>0.112109 0.951825 0.285412 -0.989563 0.0807706 0.119335 0.0905332 -0.295812 0.950946 0.0280048 4.40679 -2.23638</i>
                        <i>0.113537 0.95175 0.285099 -0.989369 0.082059 0.120065 0.0908765 -0.2957 0.950948 0.0282689 4.40662 -2.23644</i>
                        <i>0.115339 0.951647 0.284721 -0.989133 0.0837241 0.120854 0.0911725 -0.295566 0.950962 0.0285512 4.40655 -2.23651</i>
                        <i>0.117519 0.951513 0.284275 -0.988854 0.0857707 0.121703 0.0914192 -0.295409 0.950987 0.0288514 4.4066 -2.23658</i>
                        <i>0.120054 0.951349 0.283765 -0.988531 0.0881766 0.122604 0.0916181 -0.29523 0.951023 0.0291677 4.40676 -2.23666</i>
                        <i>0.12292 0.951153 0.283195 -0.988164 0.0909165 0.123553 0.0917706 -0.29503 0.951071 0.0294982 4.40701 -2.23674</i>
                        <i>0.126089 0.950924 0.282568 -0.987755 0.0939652 0.124542 0.0918784 -0.294811 0.951128 0.0298413 4.40737 -2.23682</i>
                        <i>0.129537 0.950662 0.281888 -0.987303 0.0972977 0.125565 0.091943 -0.294574 0.951195 0.0301951 4.40781 -2.2369</i>
                        <i>0.133238 0.950367 0.28116 -0.986808 0.100889 0.126616 0.091966 -0.294321 0.951272 0.0305578 4.40834 -2.23699</i>
                        <i>0.137166 0.950036 0.280387 -0.986271 0.104713 0.127689 0.0919489 -0.294052 0.951356 0.0309276 4.40895 -2.23708</i>
                        <i>0.141296 0.949671 0.279573 -0.985693 0.108745 0.128777 0.0918933 -0.293769 0.951449 0.0313027 4.40963 -2.23717</i>
                        <i>0.145602 0.94927 0.278723 -0.985075 0.11296 0.129874 0.0918006 -0.293473 0.951549 0.0316813 4.41037 -2.23726</i>
                        <i>0.150058 0.948834 0.277841 -0.984418 0.117333 0.130974 0.0916725 -0.293166 0.951656 0.0320616 4.41118 -2.23735</i>
                        <i>0.154639 0.948364 0.276933 -0.983724 0.121839 0.132071 0.0915103 -0.292849 0.95177 0.0324418 4.41203 -2.23744</i>
                        <i>0.15932 0.947861 0.276001 -0.982995 0.126451 0.133159 0.0913157 -0.292523 0.951889 0.0328201 4.41294 -2.23753</i>
                        <i>0.164075 0.947326 0.275052 -0.982233 0.131147 0.134233 0.0910901 -0.29219 0.952012 0.0331947 4.41388 -2.23762</i>
                        <i>0.168879 0.94676 0.274091 -0.981442 0.135899 0.135286 0.090835 -0.291851 0.952141 0.0335639 4.41486 -2.23771</i>
                        <i>0.173706 0.946166 0.273122 -0.980626 0.140684 0.136314 0.0905521 -0.291509 0.952273 0.0339258 4.41587 -2.2378</i>
                        <i>0.178533 0.945548 0.27215 -0.979787 0.145476 0.137311 0.0902427 -0.291164 0.952407 0.0342786 4.4169 -2.23788</i>
                        <i>0.183333 0.944907 0.271182 -0.978931 0.150251 0.138272 0.0899084 -0.290818 0.952545 0.0346206 4.41794 -2.23797</i>
                        <i>0.188082 0.944249 0.270222 -0.978062 0.154984 0.139191 0.0895508 -0.290473 0.952684 0.0349498 4.419 -2.23804</i>
                        <i>0.192755 0.943576 0.269276 -0.977187 0.159649 0.140064 0.0891714 -0.290131 0.952823 0.0352645 4.42006 -2.23812</i>
                        <i>0.197327 0.942895 0.26835 -0.97631 0.164223 0.140886 0.0887717 -0.289794 0.952963 0.0355629 4.42112 -2.23819</i>
                        <i>0.201774 0.942209 0.26745 -0.975439 0.168681 0.141653 0.0883532 -0.289463 0.953103 0.0358432 4.42216 -2.23826</i>
                        <i>0.206072 0.941525 0.266581 -0.974579 0.172999 0.14236 0.0879175 -0.289141 0.953241 0.0361034 4.4232 -2.23832</i>
                        <i>0.210195 0.940848 0.26575 -0.973739 0.177151 0.143003 0.0874663 -0.28883 0.953377 0.0363419 4.42421 -2.23838</i>
                        <i>0.21412 0.940185 0.264962 -0.972925 0.181114 0.143577 0.0870009 -0.288531 0.95351 0.0365567 4.4252 -2.23843</i>
                        <i>0.217823 0.939542 0.264224 -0.972146 0.184863 0.144079 0.0865231 -0.288248 0.953639 0.036746 4.42616 -2.23847</i>
                        <i>0.221229 0.938929 0.26357 -0.971417 0.188315 0.14452 0.0860601 -0.288009 0.953753 0.0368904 4.42707 -2.2385</i>
                        <i>0.224273 0.938359 0.26303 -0.970756 0.191395 0.144917 0.0856413 -0.287839 0.953842 0.0369729 4.42795 -2.2385</i>
                        <i>0.226944 0.937838 0.262597 -0.970168 0.194091 0.145269 0.0852713 -0.287731 0.953908 0.0369951 4.42877 -2.23848</i>
                        <i>0.229231 0.937375 0.262264 -0.969658 0.196395 0.145579 0.084955 -0.287677 0.953952 0.0369587 4.42955 -2.23844</i>
                        <i>0.231122 0.936977 0.262025 -0.969231 0.198293 0.145846 0.0846969 -0.287671 0.953977 0.0368655 4.43026 -2.23838</i>
                        <i>0.232608 0.936651 0.261874 -0.968893 0.199775 0.146071 0.084502 -0.287705 0.953984 0.0367171 4.4309 -2.23831</i>
                        <i>0.233676 0.936405 0.261804 -0.968647 0.200831 0.146255 0.0843752 -0.287772 0.953975 0.0365153 4.43146 -2.23823</i>
                        <i>0.234314 0.936244 0.26181 -0.968497 0.201449 0.146396 0.084321 -0.287865 0.953952 0.0362616 4.43195 -2.23814</i>
                        <i>0.234513 0.936173 0.261884 -0.968447 0.201617 0.146495 0.0843445 -0.287976 0.953916 0.0359579 4.43234 -2.23805</i>
                        <i>0.234259 0.936199 0.26202 -0.968499 0.201325 0.146551 0.0844502 -0.288097 0.95387 0.0356059 4.43264 -2.23796</i>
                        <i>0.233541 0.936325 0.262211 -0.968656 0.20056 0.146565 0.0846429 -0.288221 0.953816 0.0352072 4.43284 -2.23787</i>
                        <i>0.232346 0.936554 0.262452 -0.968918 0.199312 0.146534 0.0849273 -0.288341 0.953754 0.0347636 4.43293 -2.23778</i>
                    </KeyFrames>
                </p>
            </i>
            <i>
                <p>
                    <Name><![CDATA[spine2]]></Name>
                    <Exclude>0</Exclude>
                    <Additive>0</Additive>
                    <IKPriority>0</IKPriority>
                    <IKRotLimits>-1e+010 -1e+010 -1e+010 1e+010 1e+010 1e+010</IKRotLimits>
                    <IKRotLimitOrder>0</IKRotLimitOrder>
                    <KeyFrames count="75">
                        <i>0.274361 0.837603 0.472385 -0.952906 0.302814 0.0165161 -0.129211 -0.45467 0.881237 0.0715135 4.5817 -2.19603</i>
                        <i>0.270917 0.838209 0.473296 -0.953798 0.3001 0.0144791 -0.1299 -0.455351 0.880784 0.0705656 4.58174 -2.19579</i>
                        <i>0.264904 0.839358 0.474661 -0.955454 0.294908 0.0117347 -0.130132 -0.456625 0.88009 0.0691544 4.58172 -2.19545</i>
                        <i>0.25679 0.840911 0.476369 -0.95769 0.287679 0.00842467 -0.129957 -0.458377 0.879205 0.0673721 4.58162 -2.19504</i>
                        <i>0.247046 0.842727 0.478308 -0.960321 0.278856 0.00469114 -0.129426 -0.460488 0.87818 0.0653117 4.58143 -2.19459</i>
                        <i>0.236144 0.844675 0.480375 -0.963172 0.268885 0.000679386 -0.128592 -0.462844 0.877063 0.0630663 4.58117 -2.1941</i>
                        <i>0.224562 0.846636 0.482472 -0.966081 0.258216 -0.00346019 -0.127512 -0.46533 0.875904 0.0607296 4.5808 -2.1936</i>
                        <i>0.212788 0.84851 0.484511 -0.968908 0.247305 -0.00757134 -0.126246 -0.467836 0.874752 0.0583957 4.58035 -2.19312</i>
                        <i>0.201313 0.850221 0.486413 -0.971536 0.236612 -0.0114914 -0.124861 -0.470254 0.873654 0.0561591 4.57981 -2.19267</i>
                        <i>0.190635 0.85171 0.488107 -0.973871 0.226603 -0.015052 -0.123427 -0.472484 0.872654 0.0541147 4.57917 -2.19227</i>
                        <i>0.181255 0.85294 0.489531 -0.975837 0.217749 -0.0180799 -0.122016 -0.474425 0.871798 0.0523573 4.57845 -2.19193</i>
                        <i>0.17368 0.853885 0.490627 -0.977377 0.210519 -0.0203984 -0.120704 -0.475985 0.871131 0.0509822 4.57765 -2.19167</i>
                        <i>0.168414 0.85453 0.491341 -0.978438 0.205386 -0.0218297 -0.119569 -0.47707 0.870694 0.0500842 4.57678 -2.19151</i>
                        <i>0.164472 0.855012 0.491836 -0.979235 0.201451 -0.0227437 -0.118527 -0.477882 0.870391 0.049466 4.57586 -2.19141</i>
                        <i>0.160547 0.855482 0.492315 -0.980015 0.197514 -0.0236266 -0.117452 -0.478683 0.870096 0.0488688 4.57489 -2.19131</i>
                        <i>0.156658 0.855937 0.492777 -0.980776 0.193597 -0.0244746 -0.116349 -0.47947 0.869811 0.0482951 4.5739 -2.19122</i>
                        <i>0.152826 0.856375 0.49322 -0.981513 0.18972 -0.0252841 -0.115226 -0.480238 0.869537 0.0477474 4.57288 -2.19114</i>
                        <i>0.149071 0.856793 0.493643 -0.982223 0.185904 -0.0260511 -0.11409 -0.480984 0.869274 0.0472281 4.57185 -2.19106</i>
                        <i>0.145415 0.857191 0.494043 -0.982902 0.182171 -0.0267719 -0.112949 -0.481703 0.869025 0.0467399 4.5708 -2.19099</i>
                        <i>0.141877 0.857567 0.494419 -0.983549 0.178542 -0.0274425 -0.111808 -0.482393 0.86879 0.046285 4.56975 -2.19093</i>
                        <i>0.138479 0.857919 0.494771 -0.984162 0.175038 -0.0280591 -0.110676 -0.483049 0.868571 0.0458661 4.5687 -2.19088</i>
                        <i>0.13524 0.858249 0.495095 -0.984737 0.17168 -0.0286174 -0.109559 -0.483668 0.868367 0.0454856 4.56765 -2.19083</i>
                        <i>0.132182 0.858554 0.495392 -0.985273 0.168491 -0.0291136 -0.108465 -0.484248 0.868182 0.0451459 4.56662 -2.19079</i>
                        <i>0.129326 0.858835 0.495658 -0.985769 0.16549 -0.0295436 -0.1074 -0.484784 0.868015 0.0448496 4.56561 -2.19077</i>
                        <i>0.126692 0.859092 0.495893 -0.986222 0.162701 -0.0299033 -0.106372 -0.485272 0.867868 0.0445991 4.56463 -2.19074</i>
                        <i>0.1243 0.859325 0.496095 -0.986632 0.160143 -0.0301886 -0.105388 -0.485711 0.867743 0.0443968 4.56367 -2.19073</i>
                        <i>0.122172 0.859533 0.496263 -0.986997 0.157839 -0.0303953 -0.104455 -0.486096 0.86764 0.0442452 4.56276 -2.19073</i>
                        <i>0.120328 0.859718 0.496394 -0.987316 0.155809 -0.0305196 -0.103581 -0.486425 0.867561 0.0441468 4.56189 -2.19074</i>
                        <i>0.118789 0.859878 0.496486 -0.987586 0.154075 -0.0305573 -0.102772 -0.486693 0.867507 0.044104 4.56107 -2.19076</i>
                        <i>0.117576 0.860015 0.496538 -0.987808 0.152659 -0.0305044 -0.102035 -0.486898 0.867479 0.0441192 4.56031 -2.19078</i>
                        <i>0.116708 0.860127 0.496548 -0.987979 0.151581 -0.0303569 -0.101378 -0.487036 0.867478 0.044195 4.55962 -2.19082</i>
                        <i>0.116208 0.860215 0.496513 -0.988096 0.150863 -0.0301111 -0.100808 -0.487104 0.867507 0.0443338 4.55899 -2.19087</i>
                        <i>0.116094 0.860278 0.496432 -0.988158 0.150527 -0.029763 -0.100331 -0.487097 0.867565 0.0445379 4.55844 -2.19094</i>
                        <i>0.116389 0.860314 0.4963 -0.988161 0.150593 -0.029309 -0.0999541 -0.487013 0.867656 0.04481 4.55797 -2.19101</i>
                        <i>0.117111 0.860322 0.496117 -0.988103 0.151082 -0.0287455 -0.0996847 -0.486848 0.86778 0.0451523 4.55759 -2.1911</i>
                        <i>0.118282 0.860299 0.495878 -0.987979 0.152016 -0.0280691 -0.0995291 -0.486597 0.867938 0.0455673 4.55731 -2.19119</i>
                        <i>0.119921 0.860243 0.495582 -0.987785 0.153415 -0.0272765 -0.0994941 -0.486257 0.868133 0.0460576 4.55712 -2.19131</i>
                        <i>0.12205 0.86015 0.495223 -0.987515 0.155301 -0.0263646 -0.0995862 -0.485823 0.868366 0.0466255 4.55704 -2.19143</i>
                        <i>0.124673 0.860016 0.494802 -0.987165 0.15768 -0.0253335 -0.0998077 -0.485293 0.868637 0.0472713 4.55708 -2.19157</i>
                        <i>0.127762 0.859841 0.494319 -0.986735 0.160525 -0.0241921 -0.100152 -0.484671 0.868944 0.0479897 4.55721 -2.19173</i>
                        <i>0.131284 0.859621 0.493778 -0.986226 0.163802 -0.0229505 -0.100611 -0.483963 0.869285 0.0487749 4.55745 -2.19189</i>
                        <i>0.135206 0.859355 0.493181 -0.985638 0.167481 -0.0216189 -0.101177 -0.483175 0.869658 0.0496209 4.55778 -2.19207</i>
                        <i>0.139495 0.859042 0.492532 -0.984972 0.17153 -0.0202072 -0.101843 -0.482311 0.87006 0.0505221 4.5582 -2.19226</i>
                        <i>0.144118 0.858679 0.491833 -0.984227 0.175916 -0.0187258 -0.102601 -0.481377 0.870488 0.0514725 4.5587 -2.19246</i>
                        <i>0.149043 0.858265 0.491088 -0.983405 0.180607 -0.0171845 -0.103443 -0.480378 0.87094 0.0524663 4.55927 -2.19266</i>
