<?xml version="1.0" encoding="ISO-8859-1" ?>
<Animl Version="1">
    <ModellingPackage><![CDATA[Maya.2010]]></ModellingPackage>
    <SrcFile><![CDATA[anims\turrets\antiair\blue\~src\aa_chaparral\aa_chaparral_idle_crewman_a.mb]]></SrcFile>
    <FramesPerSecond>30</FramesPerSecond>
    <TotalFrames>65</TotalFrames>
    <Skeleton>
        <RefFrame>
            <Name><![CDATA[soldier_ref_frame]]></Name>
            <Exclude>0</Exclude>
            <Additive>0</Additive>
            <IKPriority>0</IKPriority>
            <IKRotLimits>-1e+010 -1e+010 -1e+010 1e+010 1e+010 1e+010</IKRotLimits>
            <IKRotLimitOrder>0</IKRotLimitOrder>
            <KeyFrames count="65">
                <i>1 0 0 0 1 0 0 0 1 -1.4 2.19 -3.1</i>
                <i>1 0 0 0 1 0 0 0 1 -1.4 2.19 -3.1</i>
                <i>1 0 0 0 1 0 0 0 1 -1.4 2.19 -3.1</i>
                <i>1 0 0 0 1 0 0 0 1 -1.4 2.19 -3.1</i>
                <i>1 0 0 0 1 0 0 0 1 -1.4 2.19 -3.1</i>
                <i>1 0 0 0 1 0 0 0 1 -1.4 2.19 -3.1</i>
                <i>1 0 0 0 1 0 0 0 1 -1.4 2.19 -3.1</i>
                <i>1 0 0 0 1 0 0 0 1 -1.4 2.19 -3.1</i>
                <i>1 0 0 0 1 0 0 0 1 -1.4 2.19 -3.1</i>
                <i>1 0 0 0 1 0 0 0 1 -1.4 2.19 -3.1</i>
                <i>1 0 0 0 1 0 0 0 1 -1.4 2.19 -3.1</i>
                <i>1 0 0 0 1 0 0 0 1 -1.4 2.19 -3.1</i>
                <i>1 0 0 0 1 0 0 0 1 -1.4 2.19 -3.1</i>
                <i>1 0 0 0 1 0 0 0 1 -1.4 2.19 -3.1</i>
                <i>1 0 0 0 1 0 0 0 1 -1.4 2.19 -3.1</i>
                <i>1 0 0 0 1 0 0 0 1 -1.4 2.19 -3.1</i>
                <i>1 0 0 0 1 0 0 0 1 -1.4 2.19 -3.1</i>
                <i>1 0 0 0 1 0 0 0 1 -1.4 2.19 -3.1</i>
                <i>1 0 0 0 1 0 0 0 1 -1.4 2.19 -3.1</i>
                <i>1 0 0 0 1 0 0 0 1 -1.4 2.19 -3.1</i>
                <i>1 0 0 0 1 0 0 0 1 -1.4 2.19 -3.1</i>
                <i>1 0 0 0 1 0 0 0 1 -1.4 2.19 -3.1</i>
                <i>1 0 0 0 1 0 0 0 1 -1.4 2.19 -3.1</i>
                <i>1 0 0 0 1 0 0 0 1 -1.4 2.19 -3.1</i>
                <i>1 0 0 0 1 0 0 0 1 -1.4 2.19 -3.1</i>
                <i>1 0 0 0 1 0 0 0 1 -1.4 2.19 -3.1</i>
                <i>1 0 0 0 1 0 0 0 1 -1.4 2.19 -3.1</i>
                <i>1 0 0 0 1 0 0 0 1 -1.4 2.19 -3.1</i>
                <i>1 0 0 0 1 0 0 0 1 -1.4 2.19 -3.1</i>
                <i>1 0 0 0 1 0 0 0 1 -1.4 2.19 -3.1</i>
                <i>1 0 0 0 1 0 0 0 1 -1.4 2.19 -3.1</i>
                <i>1 0 0 0 1 0 0 0 1 -1.4 2.19 -3.1</i>
                <i>1 0 0 0 1 0 0 0 1 -1.4 2.19 -3.1</i>
                <i>1 0 0 0 1 0 0 0 1 -1.4 2.19 -3.1</i>
                <i>1 0 0 0 1 0 0 0 1 -1.4 2.19 -3.1</i>
                <i>1 0 0 0 1 0 0 0 1 -1.4 2.19 -3.1</i>
                <i>1 0 0 0 1 0 0 0 1 -1.4 2.19 -3.1</i>
                <i>1 0 0 0 1 0 0 0 1 -1.4 2.19 -3.1</i>
                <i>1 0 0 0 1 0 0 0 1 -1.4 2.19 -3.1</i>
                <i>1 0 0 0 1 0 0 0 1 -1.4 2.19 -3.1</i>
                <i>1 0 0 0 1 0 0 0 1 -1.4 2.19 -3.1</i>
                <i>1 0 0 0 1 0 0 0 1 -1.4 2.19 -3.1</i>
                <i>1 0 0 0 1 0 0 0 1 -1.4 2.19 -3.1</i>
                <i>1 0 0 0 1 0 0 0 1 -1.4 2.19 -3.1</i>
                <i>1 0 0 0 1 0 0 0 1 -1.4 2.19 -3.1</i>
                <i>1 0 0 0 1 0 0 0 1 -1.4 2.19 -3.1</i>
                <i>1 0 0 0 1 0 0 0 1 -1.4 2.19 -3.1</i>
                <i>1 0 0 0 1 0 0 0 1 -1.4 2.19 -3.1</i>
                <i>1 0 0 0 1 0 0 0 1 -1.4 2.19 -3.1</i>
                <i>1 0 0 0 1 0 0 0 1 -1.4 2.19 -3.1</i>
                <i>1 0 0 0 1 0 0 0 1 -1.4 2.19 -3.1</i>
                <i>1 0 0 0 1 0 0 0 1 -1.4 2.19 -3.1</i>
                <i>1 0 0 0 1 0 0 0 1 -1.4 2.19 -3.1</i>
                <i>1 0 0 0 1 0 0 0 1 -1.4 2.19 -3.1</i>
                <i>1 0 0 0 1 0 0 0 1 -1.4 2.19 -3.1</i>
                <i>1 0 0 0 1 0 0 0 1 -1.4 2.19 -3.1</i>
                <i>1 0 0 0 1 0 0 0 1 -1.4 2.19 -3.1</i>
                <i>1 0 0 0 1 0 0 0 1 -1.4 2.19 -3.1</i>
                <i>1 0 0 0 1 0 0 0 1 -1.4 2.19 -3.1</i>
                <i>1 0 0 0 1 0 0 0 1 -1.4 2.19 -3.1</i>
                <i>1 0 0 0 1 0 0 0 1 -1.4 2.19 -3.1</i>
                <i>1 0 0 0 1 0 0 0 1 -1.4 2.19 -3.1</i>
                <i>1 0 0 0 1 0 0 0 1 -1.4 2.19 -3.1</i>
                <i>1 0 0 0 1 0 0 0 1 -1.4 2.19 -3.1</i>
                <i>1 0 0 0 1 0 0 0 1 -1.4 2.19 -3.1</i>
            </KeyFrames>
        </RefFrame>
        <Bones count="23">
            <i>
                <p>
                    <Name><![CDATA[pelvis]]></Name>
                    <Exclude>0</Exclude>
                    <Additive>0</Additive>
                    <IKPriority>0</IKPriority>
                    <IKRotLimits>-1e+010 -1e+010 -1e+010 1e+010 1e+010 1e+010</IKRotLimits>
                    <IKRotLimitOrder>2</IKRotLimitOrder>
                    <KeyFrames count="65">
                        <i>1 0 0 0 1 0 0 0 1 -1.31313 3.31598 -3.10188</i>
                        <i>1 0 0 0 1 0 0 0 1 -1.31313 3.31583 -3.10188</i>
                        <i>1 0 0 0 1 0 0 0 1 -1.31313 3.31541 -3.10188</i>
                        <i>1 0 0 0 1 0 0 0 1 -1.31313 3.31476 -3.10188</i>
                        <i>1 0 0 0 1 0 0 0 1 -1.31313 3.31392 -3.10188</i>
                        <i>1 0 0 0 1 0 0 0 1 -1.31313 3.31293 -3.10188</i>
                        <i>1 0 0 0 1 0 0 0 1 -1.31313 3.31183 -3.10188</i>
                        <i>1 0 0 0 1 0 0 0 1 -1.31313 3.31066 -3.10188</i>
                        <i>1 0 0 0 1 0 0 0 1 -1.31313 3.30945 -3.10188</i>
                        <i>1 0 0 0 1 0 0 0 1 -1.31313 3.30826 -3.10188</i>
                        <i>1 0 0 0 1 0 0 0 1 -1.31313 3.30712 -3.10188</i>
                        <i>1 0 0 0 1 0 0 0 1 -1.31313 3.306 -3.10188</i>
                        <i>1 0 0 0 1 0 0 0 1 -1.31313 3.30489 -3.10188</i>
                        <i>1 0 0 0 1 0 0 0 1 -1.31313 3.3038 -3.10188</i>
                        <i>1 0 0 0 1 0 0 0 1 -1.31313 3.30275 -3.10188</i>
                        <i>1 0 0 0 1 0 0 0 1 -1.31313 3.30176 -3.10188</i>
                        <i>1 0 0 0 1 0 0 0 1 -1.31313 3.30085 -3.10188</i>
                        <i>1 0 0 0 1 0 0 0 1 -1.31313 3.30003 -3.10188</i>
                        <i>1 0 0 0 1 0 0 0 1 -1.31313 3.29933 -3.10188</i>
                        <i>1 0 0 0 1 0 0 0 1 -1.31313 3.29876 -3.10188</i>
                        <i>1 0 0 0 1 0 0 0 1 -1.31313 3.29834 -3.10188</i>
                        <i>1 0 0 0 1 0 0 0 1 -1.31313 3.29809 -3.10188</i>
                        <i>1 0 0 0 1 0 0 0 1 -1.31313 3.29803 -3.10188</i>
                        <i>1 0 0 0 1 0 0 0 1 -1.31313 3.29818 -3.10188</i>
                        <i>1 0 0 0 1 0 0 0 1 -1.31313 3.29856 -3.10188</i>
                        <i>1 0 0 0 1 0 0 0 1 -1.31313 3.29918 -3.10188</i>
                        <i>1 0 0 0 1 0 0 0 1 -1.31313 3.30002 -3.10188</i>
                        <i>1 0 0 0 1 0 0 0 1 -1.31313 3.30106 -3.10188</i>
                        <i>1 0 0 0 1 0 0 0 1 -1.31313 3.30228 -3.10188</i>
                        <i>1 0 0 0 1 0 0 0 1 -1.31313 3.30365 -3.10188</i>
                        <i>1 0 0 0 1 0 0 0 1 -1.31313 3.30517 -3.10188</i>
                        <i>1 0 0 0 1 0 0 0 1 -1.31313 3.30679 -3.10188</i>
                        <i>1 0 0 0 1 0 0 0 1 -1.31313 3.30851 -3.10188</i>
                        <i>1 0 0 0 1 0 0 0 1 -1.31313 3.31029 -3.10188</i>
                        <i>1 0 0 0 1 0 0 0 1 -1.31313 3.31212 -3.10188</i>
                        <i>1 0 0 0 1 0 0 0 1 -1.31313 3.31397 -3.10188</i>
                        <i>1 0 0 0 1 0 0 0 1 -1.31313 3.31583 -3.10188</i>
                        <i>1 0 0 0 1 0 0 0 1 -1.31313 3.31766 -3.10188</i>
                        <i>1 0 0 0 1 0 0 0 1 -1.31313 3.31945 -3.10188</i>
                        <i>1 0 0 0 1 0 0 0 1 -1.31313 3.32118 -3.10188</i>
                        <i>1 0 0 0 1 0 0 0 1 -1.31313 3.32282 -3.10188</i>
                        <i>1 0 0 0 1 0 0 0 1 -1.31313 3.32434 -3.10188</i>
                        <i>1 0 0 0 1 0 0 0 1 -1.31313 3.3257 -3.10188</i>
                        <i>1 0 0 0 1 0 0 0 1 -1.31313 3.32688 -3.10188</i>
                        <i>1 0 0 0 1 0 0 0 1 -1.31313 3.32785 -3.10188</i>
                        <i>1 0 0 0 1 0 0 0 1 -1.31313 3.3286 -3.10188</i>
                        <i>1 0 0 0 1 0 0 0 1 -1.31313 3.32911 -3.10188</i>
                        <i>1 0 0 0 1 0 0 0 1 -1.31313 3.32933 -3.10188</i>
                        <i>1 0 0 0 1 0 0 0 1 -1.31313 3.32927 -3.10188</i>
                        <i>1 0 0 0 1 0 0 0 1 -1.31313 3.329 -3.10188</i>
                        <i>1 0 0 0 1 0 0 0 1 -1.31313 3.32867 -3.10188</i>
                        <i>1 0 0 0 1 0 0 0 1 -1.31313 3.32825 -3.10188</i>
                        <i>1 0 0 0 1 0 0 0 1 -1.31313 3.32775 -3.10188</i>
                        <i>1 0 0 0 1 0 0 0 1 -1.31313 3.32714 -3.10188</i>
                        <i>1 0 0 0 1 0 0 0 1 -1.31313 3.3264 -3.10188</i>
                        <i>1 0 0 0 1 0 0 0 1 -1.31313 3.32555 -3.10188</i>
                        <i>1 0 0 0 1 0 0 0 1 -1.31313 3.32461 -3.10188</i>
                        <i>1 0 0 0 1 0 0 0 1 -1.31313 3.3236 -3.10188</i>
                        <i>1 0 0 0 1 0 0 0 1 -1.31313 3.32253 -3.10188</i>
                        <i>1 0 0 0 1 0 0 0 1 -1.31313 3.32142 -3.10188</i>
                        <i>1 0 0 0 1 0 0 0 1 -1.31313 3.32029 -3.10188</i>
                        <i>1 0 0 0 1 0 0 0 1 -1.31313 3.31917 -3.10188</i>
                        <i>1 0 0 0 1 0 0 0 1 -1.31313 3.31806 -3.10188</i>
                        <i>1 0 0 0 1 0 0 0 1 -1.31313 3.31699 -3.10188</i>
                        <i>1 0 0 0 1 0 0 0 1 -1.31313 3.31598 -3.10188</i>
                    </KeyFrames>
                </p>
            </i>
            <i>
                <p>
                    <Name><![CDATA[spine0]]></Name>
                    <Exclude>0</Exclude>
                    <Additive>0</Additive>
                    <IKPriority>0</IKPriority>
                    <IKRotLimits>-1e+010 -1e+010 -1e+010 1e+010 1e+010 1e+010</IKRotLimits>
                    <IKRotLimitOrder>0</IKRotLimitOrder>
                    <KeyFrames count="65">
                        <i>0.143645 0.951123 0.27337 -0.916221 0.0234094 0.39999 0.37404 -0.307923 0.874801 -1.31772 3.45937 -3.11258</i>
                        <i>0.143983 0.950909 0.273937 -0.915466 0.0228824 0.401744 0.375753 -0.308624 0.87382 -1.31781 3.45922 -3.11254</i>
                        <i>0.144698 0.950504 0.274962 -0.913389 0.0214489 0.406522 0.380503 -0.309971 0.871284 -1.31805 3.4588 -3.11243</i>
                        <i>0.145327 0.950272 0.275433 -0.910257 0.0193292 0.413591 0.3877 -0.31082 0.867801 -1.3184 3.45815 -3.11226</i>
                        <i>0.145351 0.95058 0.274356 -0.906342 0.0167272 0.422214 0.396759 -0.310029 0.863981 -1.31883 3.45731 -3.11206</i>
                        <i>0.144532 0.951527 0.271491 -0.901931 0.0138375 0.431659 0.406978 -0.307255 0.860211 -1.3193 3.45631 -3.11184</i>
                        <i>0.143143 0.952825 0.267648 -0.897338 0.0108721 0.44121 0.417486 -0.303327 0.856562 -1.31978 3.45521 -3.11161</i>
                        <i>0.141412 0.954257 0.263433 -0.892907 0.00804668 0.450169 0.427457 -0.298881 0.8532 -1.32022 3.45403 -3.1114</i>
                        <i>0.139616 0.955616 0.259433 -0.889009 0.00558515 0.457856 0.436086 -0.294562 0.850331 -1.3206 3.45282 -3.11121</i>
                        <i>0.138073 0.956709 0.25621 -0.886035 0.0037188 0.463604 0.442581 -0.291022 0.848191 -1.32089 3.45162 -3.11108</i>
                        <i>0.137124 0.957352 0.254313 -0.884384 0.00268377 0.466753 0.446164 -0.288913 0.847034 -1.32104 3.45047 -3.111</i>
                        <i>0.136637 0.957675 0.253357 -0.883554 0.00216485 0.468324 0.447954 -0.287845 0.846453 -1.32112 3.44935 -3.11096</i>
                        <i>0.136268 0.957922 0.252619 -0.88278 0.00168985 0.469783 0.449588 -0.287023 0.845865 -1.32119 3.44824 -3.11093</i>
                        <i>0.136013 0.958098 0.252089 -0.882064 0.00125858 0.471129 0.45107 -0.286438 0.845274 -1.32126 3.44715 -3.1109</i>
                        <i>0.135846 0.958219 0.251718 -0.881404 0.000868931 0.472363 0.452408 -0.286034 0.844696 -1.32132 3.4461 -3.11087</i>
                        <i>0.135756 0.958292 0.251489 -0.880801 0.000520027 0.473486 0.453607 -0.28579 0.844136 -1.32138 3.44511 -3.11084</i>
                        <i>0.135735 0.958324 0.25138 -0.880257 0.000210927 0.474497 0.454669 -0.285685 0.8436 -1.32143 3.44419 -3.11082</i>
                        <i>0.13577 0.95832 0.251374 -0.87977 -5.94078e-005 0.475399 0.4556 -0.285696 0.843094 -1.32147 3.44337 -3.1108</i>
                        <i>0.135851 0.958288 0.251452 -0.879342 -0.000292058 0.476191 0.456402 -0.285803 0.842623 -1.32151 3.44267 -3.11078</i>
                        <i>0.135967 0.958234 0.251595 -0.878972 -0.000488159 0.476874 0.45708 -0.285984 0.842194 -1.32154 3.4421 -3.11076</i>
                        <i>0.136108 0.958164 0.251785 -0.87866 -0.000648886 0.477448 0.457637 -0.286218 0.841812 -1.32157 3.44168 -3.11075</i>
                        <i>0.136262 0.958085 0.252004 -0.878407 -0.00077545 0.477913 0.458077 -0.286483 0.841483 -1.32159 3.44143 -3.11074</i>
                        <i>0.136417 0.958003 0.252232 -0.878212 -0.000869074 0.478271 0.458404 -0.286758 0.841211 -1.32161 3.44137 -3.11073</i>
                        <i>0.136562 0.957924 0.252453 -0.878076 -0.00093098 0.478521 0.458621 -0.28702 0.841003 -1.32162 3.44152 -3.11072</i>
                        <i>0.136687 0.957855 0.252646 -0.877998 -0.000962395 0.478663 0.458733 -0.28725 0.840864 -1.32163 3.4419 -3.11072</i>
                        <i>0.136824 0.957777 0.25287 -0.877978 -0.000960489 0.4787 0.45873 -0.287512 0.840776 -1.32163 3.44252 -3.11072</i>
                        <i>0.13701 0.957668 0.253181 -0.878016 -0.000922433 0.478631 0.458603 -0.287874 0.840721 -1.32163 3.44336 -3.11072</i>
                        <i>0.137232 0.957536 0.253561 -0.87811 -0.000849449 0.478458 0.458356 -0.288314 0.840705 -1.32162 3.4444 -3.11072</i>
                        <i>0.137478 0.957386 0.25399 -0.878261 -0.000742757 0.478181 0.457992 -0.288809 0.840733 -1.3216 3.44562 -3.11073</i>
                        <i>0.137737 0.957227 0.25445 -0.878469 -0.000603575 0.477799 0.457516 -0.289337 0.840811 -1.32159 3.44699 -3.11074</i>
                        <i>0.137997 0.957064 0.254921 -0.878733 -0.000433101 0.477313 0.45693 -0.289876 0.840944 -1.32156 3.44851 -3.11075</i>
                        <i>0.138246 0.956905 0.255385 -0.879053 -0.000232511 0.476724 0.456239 -0.290403 0.841138 -1.32153 3.45013 -3.11077</i>
                        <i>0.138473 0.956755 0.255823 -0.879429 -2.9378e-006 0.476031 0.455445 -0.290895 0.841397 -1.3215 3.45185 -3.11078</i>
                        <i>0.138665 0.956622 0.256215 -0.879859 0.000254532 0.475234 0.454554 -0.291332 0.841728 -1.32146 3.45363 -3.1108</i>
                        <i>0.138812 0.956513 0.256542 -0.880345 0.000538884 0.474334 0.453568 -0.291689 0.842136 -1.32142 3.45546 -3.11082</i>
                        <i>0.138902 0.956435 0.256785 -0.880884 0.000849166 0.473331 0.452492 -0.291944 0.842627 -1.32137 3.45732 -3.11085</i>
                        <i>0.138924 0.956394 0.256924 -0.881478 0.00118452 0.472224 0.451328 -0.292076 0.843205 -1.32131 3.45917 -3.11087</i>
                        <i>0.13886 0.956403 0.256925 -0.882124 0.00154352 0.471015 0.450084 -0.292045 0.843881 -1.32125 3.46101 -3.1109</i>
                        <i>0.138711 0.956462 0.256789 -0.882823 0.00192649 0.469703 0.448758 -0.291852 0.844653 -1.32119 3.4628 -3.11093</i>
                        <i>0.138495 0.956558 0.256545 -0.883573 0.00233521 0.468288 0.447346 -0.291532 0.845512 -1.32112 3.46453 -3.11097</i>
                        <i>0.138233 0.956683 0.256223 -0.884373 0.00277142 0.466773 0.445843 -0.29112 0.846447 -1.32104 3.46617 -3.111</i>
                        <i>0.138018 0.95676 0.25605 -0.885632 0.00348038 0.464374 0.443404 -0.290857 0.847818 -1.32093 3.46769 -3.11106</i>
                        <i>0.137927 0.956731 0.256205 -0.887652 0.00465272 0.46049 0.439374 -0.290935 0.849887 -1.32074 3.46906 -3.11115</i>
                        <i>0.137952 0.956608 0.256651 -0.890271 0.00620794 0.455388 0.434035 -0.291311 0.852497 -1.32048 3.47024 -3.11127</i>
                        <i>0.13808 0.956402 0.257352 -0.893326 0.00806441 0.449337 0.427671 -0.291943 0.855492 -1.32019 3.47123 -3.11142</i>
                        <i>0.138298 0.956122 0.258271 -0.896659 0.0101388 0.442605 0.420566 -0.292793 0.858718 -1.31985 3.47198 -3.11158</i>
                        <i>0.138593 0.95578 0.259378 -0.90012 0.0123457 0.435468 0.413009 -0.293824 0.862027 -1.3195 3.47249 -3.11174</i>
                        <i>0.138953 0.955384 0.26064 -0.903565 0.0145978 0.428202 0.405293 -0.295006 0.86528 -1.31913 3.47272 -3.11192</i>
                        <i>0.139367 0.954943 0.26203 -0.906863 0.0168055 0.421091 0.397715 -0.296312 0.868345 -1.31878 3.47265 -3.11208</i>
                        <i>0.139796 0.954489 0.263454 -0.909889 0.018877 0.414421 0.390587 -0.297649 0.871118 -1.31845 3.47239 -3.11224</i>
                        <i>0.140194 0.95406 0.264793 -0.912531 0.0207202 0.408483 0.384231 -0.298898 0.873514 -1.31815 3.47206 -3.11238</i>
                        <i>0.140547 0.953677 0.265981 -0.914678 0.0222439 0.40357 0.378959 -0.300008 0.875434 -1.3179 3.47164 -3.11249</i>
                        <i>0.140843 0.953362 0.266955 -0.916227 0.0233575 0.399978 0.375088 -0.300925 0.876786 -1.31772 3.47114 -3.11258</i>
                        <i>0.1411 0.9531 0.267753 -0.917245 0.0240962 0.397595 0.372496 -0.301695 0.877626 -1.3176 3.47053 -3.11263</i>
                        <i>0.141348 0.952862 0.268466 -0.917905 0.0245795 0.396038 0.370771 -0.302405 0.878112 -1.31752 3.46979 -3.11267</i>
                        <i>0.141588 0.952646 0.269106 -0.918263 0.0248438 0.39519 0.369791 -0.303064 0.878298 -1.31748 3.46894 -3.11269</i>
                        <i>0.141824 0.952448 0.269683 -0.918371 0.0249258 0.394934 0.369432 -0.30368 0.878236 -1.31746 3.468 -3.1127</i>
                        <i>0.142058 0.952264 0.270209 -0.918279 0.0248621 0.395152 0.369571 -0.304261 0.877976 -1.31748 3.46699 -3.11269</i>
                        <i>0.142289 0.952092 0.270693 -0.918037 0.0246896 0.395725 0.370083 -0.304814 0.877569 -1.3175 3.46592 -3.11268</i>
                        <i>0.142519 0.951928 0.271148 -0.917694 0.0244449 0.396535 0.370845 -0.305344 0.877063 -1.31755 3.46481 -3.11266</i>
                        <i>0.142749 0.95177 0.271583 -0.9173 0.0241645 0.397463 0.37173 -0.30586 0.876508 -1.31759 3.46368 -3.11264</i>
                        <i>0.142976 0.951613 0.272011 -0.916905 0.0238848 0.398391 0.372617 -0.306369 0.875954 -1.31764 3.46256 -3.11262</i>
                        <i>0.143202 0.951456 0.272443 -0.916559 0.0236419 0.3992 0.37338 -0.306877 0.875451 -1.31768 3.46145 -3.1126</i>
                        <i>0.143426 0.951293 0.272892 -0.916314 0.0234715 0.399772 0.373895 -0.307392 0.87505 -1.31771 3.46038 -3.11258</i>
                        <i>0.143645 0.951123 0.27337 -0.916221 0.0234094 0.39999 0.37404 -0.307923 0.874801 -1.31772 3.45937 -3.11258</i>
                    </KeyFrames>
                </p>
            </i>
            <i>
                <p>
                    <Name><![CDATA[spine1]]></Name>
                    <Exclude>0</Exclude>
                    <Additive>0</Additive>
                    <IKPriority>0</IKPriority>
                    <IKRotLimits>-1e+010 -1e+010 -1e+010 1e+010 1e+010 1e+010</IKRotLimits>
                    <IKRotLimitOrder>0</IKRotLimitOrder>
                    <KeyFrames count="65">
                        <i>0.273037 0.829774 0.486751 -0.909096 0.0570682 0.41266 0.314636 -0.555175 0.769925 -1.29291 3.62364 -3.06537</i>
                        <i>0.274625 0.828359 0.488265 -0.907882 0.056105 0.415455 0.316752 -0.557381 0.76746 -1.29294 3.62347 -3.06523</i>
                        <i>0.278336 0.825648 0.490749 -0.904531 0.0534807 0.423042 0.323038 -0.561645 0.76171 -1.29305 3.62302 -3.06493</i>
                        <i>0.282535 0.823982 0.491148 -0.899447 0.0495957 0.434206 0.333419 -0.564441 0.755141 -1.29329 3.62235 -3.06467</i>
                        <i>0.28539 0.825741 0.486523 -0.893042 0.0448489 0.447732 0.347891 -0.562264 0.750221 -1.29372 3.62155 -3.06466</i>
                        <i>0.285846 0.831564 0.476229 -0.885761 0.0396366 0.462447 0.365678 -0.554014 0.747896 -1.29434 3.62066 -3.06495</i>
                        <i>0.284401 0.839581 0.462839 -0.878097 0.0343537 0.477248 0.384788 -0.542148 0.747003 -1.29507 3.61969 -3.06541</i>
                        <i>0.281501 0.848397 0.448307 -0.870626 0.0293881 0.491067 0.403445 -0.528544 0.74691 -1.29583 3.61867 -3.06595</i>
                        <i>0.277838 0.856717 0.43456 -0.863994 0.0251204 0.502874 0.419905 -0.515175 0.747178 -1.29653 3.61761 -3.06648</i>
                        <i>0.274328 0.863363 0.423496 -0.8589 0.0219245 0.511674 0.432475 -0.504107 0.747557 -1.29709 3.61653 -3.06692</i>
                        <i>0.272016 0.867252 0.416991 -0.85606 0.0201712 0.516482 0.439509 -0.497461 0.747907 -1.29742 3.61546 -3.06718</i>
                        <i>0.270804 0.869201 0.413709 -0.854629 0.0192957 0.51888 0.443028 -0.494082 0.74807 -1.29758 3.61438 -3.06731</i>
                        <i>0.26995 0.870681 0.411146 -0.853291 0.0184855 0.521107 0.446118 -0.4915 0.747935 -1.29772 3.61329 -3.06741</i>
                        <i>0.269446 0.87172 0.409271 -0.852047 0.0177401 0.523165 0.448793 -0.489683 0.747527 -1.29783 3.61222 -3.06747</i>
                        <i>0.269205 0.872424 0.407928 -0.850899 0.0170587 0.525052 0.45111 -0.488452 0.746937 -1.29792 3.61119 -3.0675</i>
                        <i>0.269195 0.872835 0.407055 -0.849848 0.0164405 0.526771 0.453092 -0.487739 0.746202 -1.29799 3.6102 -3.06752</i>
                        <i>0.269383 0.872993 0.40659 -0.848895 0.0158851 0.528322 0.454763 -0.487473 0.745359 -1.29804 3.60929 -3.06751</i>
                        <i>0.269734 0.87294 0.406471 -0.848042 0.0153918 0.529705 0.456145 -0.487585 0.744442 -1.29808 3.60847 -3.06749</i>
                        <i>0.270213 0.872714 0.406638 -0.847289 0.01496 0.530922 0.457259 -0.488002 0.743484 -1.29811 3.60777 -3.06746</i>
                        <i>0.270783 0.872355 0.407029 -0.846637 0.0145892 0.531971 0.45813 -0.488654 0.742519 -1.29812 3.60719 -3.06742</i>
                        <i>0.271406 0.871903 0.407584 -0.846086 0.0142787 0.532855 0.458778 -0.489471 0.74158 -1.29812 3.60676 -3.06737</i>
                        <i>0.272044 0.871396 0.408242 -0.845638 0.014028 0.533573 0.459226 -0.49038 0.740701 -1.29812 3.60651 -3.06732</i>
                        <i>0.27266 0.870874 0.408944 -0.845292 0.0138366 0.534125 0.459497 -0.491312 0.739915 -1.29811 3.60644 -3.06727</i>
                        <i>0.273215 0.870377 0.40963 -0.845049 0.0137038 0.534513 0.459614 -0.492195 0.739256 -1.29809 3.60658 -3.06723</i>
                        <i>0.273671 0.869946 0.410241 -0.84491 0.0136293 0.534735 0.4596 -0.492958 0.738756 -1.29808 3.60695 -3.06719</i>
                        <i>0.274144 0.869457 0.410961 -0.844872 0.0136131 0.534796 0.459388 -0.493821 0.738312 -1.29806 3.60756 -3.06715</i>
                        <i>0.274751 0.868785 0.411975 -0.844933 0.0136558 0.534698 0.458912 -0.495001 0.737817 -1.29802 3.60839 -3.06709</i>
                        <i>0.275453 0.867971 0.413222 -0.845093 0.0137567 0.534441 0.458195 -0.496424 0.737306 -1.29797 3.60941 -3.06703</i>
                        <i>0.276208 0.867055 0.414638 -0.845353 0.0139154 0.534026 0.45726 -0.498018 0.736811 -1.29791 3.61062 -3.06696</i>
                        <i>0.276977 0.866078 0.416164 -0.845712 0.0141314 0.533452 0.45613 -0.499709 0.736367 -1.29785 3.61198 -3.06689</i>
                        <i>0.27772 0.865082 0.417738 -0.84617 0.0144044 0.532719 0.454828 -0.501424 0.736006 -1.29778 3.61347 -3.06682</i>
                        <i>0.278398 0.864108 0.419299 -0.846725 0.0147339 0.531826 0.453378 -0.503091 0.735764 -1.2977 3.61508 -3.06675</i>
                        <i>0.278971 0.8632 0.420787 -0.847378 0.0151196 0.530774 0.451802 -0.504636 0.735675 -1.29763 3.61678 -3.06669</i>
                        <i>0.279401 0.8624 0.422138 -0.848128 0.015561 0.529562 0.450125 -0.505988 0.735774 -1.29756 3.61855 -3.06664</i>
                        <i>0.279651 0.861753 0.423294 -0.848975 0.0160578 0.528189 0.448371 -0.507074 0.736097 -1.29749 3.62037 -3.0666</i>
                        <i>0.279684 0.861301 0.42419 -0.849916 0.0166098 0.526655 0.446563 -0.507823 0.736679 -1.29742 3.62221 -3.06658</i>
                        <i>0.279463 0.861089 0.424766 -0.850953 0.0172165 0.52496 0.444725 -0.508163 0.737557 -1.29736 3.62406 -3.06658</i>
                        <i>0.278928 0.86119 0.424914 -0.852082 0.0178777 0.523102 0.442894 -0.507969 0.738791 -1.29731 3.6259 -3.06661</i>
                        <i>0.278082 0.861602 0.424632 -0.853304 0.0185933 0.521082 0.44107 -0.507244 0.740379 -1.29728 3.6277 -3.06667</i>
                        <i>0.276988 0.862257 0.424016 -0.854615 0.0193634 0.518901 0.439216 -0.5061 0.742262 -1.29725 3.62943 -3.06674</i>
                        <i>0.27571 0.863087 0.42316 -0.856013 0.0201883 0.516559 0.437293 -0.504651 0.74438 -1.29722 3.63109 -3.06684</i>
                        <i>0.274351 0.863654 0.422886 -0.858204 0.0214998 0.512859 0.433841 -0.503626 0.74709 -1.29714 3.63262 -3.06693</i>
                        <i>0.273001 0.863608 0.423853 -0.861701 0.0236319 0.506866 0.427717 -0.503609 0.750623 -1.29696 3.63397 -3.06699</i>
                        <i>0.27169 0.863008 0.425913 -0.866208 0.0264387 0.498983 0.419365 -0.504498 0.754728 -1.29671 3.63514 -3.06704</i>
                        <i>0.270438 0.861909 0.428924 -0.871432 0.0297739 0.489612 0.40923 -0.506187 0.759148 -1.29638 3.6361 -3.06706</i>
                        <i>0.269262 0.860367 0.432744 -0.877088 0.0334886 0.479161 0.397762 -0.508574 0.763635 -1.29601 3.63682 -3.06705</i>
                        <i>0.268183 0.85843 0.437236 -0.882908 0.0374314 0.468051 0.385422 -0.511563 0.767954 -1.2956 3.63728 -3.06703</i>
                        <i>0.267231 0.856147 0.442267 -0.888649 0.0414478 0.456712 0.372681 -0.515068 0.77189 -1.29518 3.63746 -3.06698</i>
                        <i>0.266446 0.853562 0.447704 -0.894087 0.0453803 0.445588 0.36002 -0.519011 0.77525 -1.29475 3.63735 -3.0669</i>
                        <i>0.265789 0.850863 0.453198 -0.899029 0.0490689 0.435132 0.348 -0.523092 0.777992 -1.29433 3.63703 -3.0668</i>
                        <i>0.265213 0.848293 0.458324 -0.903299 0.0523518 0.425806 0.337214 -0.526932 0.780147 -1.29396 3.63665 -3.0667</i>
                        <i>0.264776 0.845982 0.462826 -0.90674 0.0550668 0.418078 0.3282 -0.53036 0.781667 -1.29365 3.63619 -3.06661</i>
                        <i>0.264551 0.844058 0.466453 -0.909204 0.0570513 0.412424 0.321498 -0.533208 0.782514 -1.29342 3.63566 -3.06652</i>
                        <i>0.264579 0.842445 0.469344 -0.910811 0.0583674 0.408676 0.316893 -0.535611 0.782751 -1.29325 3.63502 -3.06643</i>
                        <i>0.264832 0.840969 0.471843 -0.911849 0.0592277 0.406232 0.313682 -0.537832 0.782521 -1.29313 3.63425 -3.06634</i>
                        <i>0.265287 0.83961 0.474002 -0.912406 0.0596967 0.404909 0.311669 -0.539899 0.781902 -1.29304 3.63338 -3.06625</i>
                        <i>0.265918 0.838351 0.475873 -0.912568 0.0598394 0.404523 0.310657 -0.541836 0.780965 -1.29299 3.63242 -3.06615</i>
                        <i>0.266692 0.837175 0.477507 -0.912414 0.0597209 0.404887 0.310444 -0.543664 0.779778 -1.29295 3.63138 -3.06605</i>
                        <i>0.267575 0.836065 0.478956 -0.912024 0.0594068 0.405812 0.310832 -0.545405 0.778407 -1.29294 3.63029 -3.06595</i>
                        <i>0.268531 0.835002 0.480273 -0.911473 0.0589623 0.407112 0.311621 -0.547078 0.776915 -1.29294 3.62917 -3.06585</i>
                        <i>0.269522 0.83397 0.481511 -0.910841 0.0584528 0.408597 0.312612 -0.548706 0.775368 -1.29295 3.62803 -3.06575</i>
                        <i>0.270509 0.832949 0.482722 -0.910206 0.0579436 0.410081 0.313606 -0.550308 0.77383 -1.29295 3.62689 -3.06565</i>
                        <i>0.271452 0.831922 0.483962 -0.909649 0.0574997 0.411378 0.314406 -0.551905 0.772366 -1.29295 3.62576 -3.06555</i>
                        <i>0.272309 0.83087 0.485286 -0.909252 0.0571862 0.412299 0.314815 -0.55352 0.771042 -1.29294 3.62468 -3.06546</i>
                        <i>0.273037 0.829774 0.486751 -0.909096 0.0570682 0.41266 0.314636 -0.555175 0.769925 -1.29291 3.62364 -3.06537</i>
                    </KeyFrames>
                </p>
            </i>
            <i>
                <p>
                    <Name><![CDATA[spine2]]></Name>
                    <Exclude>0</Exclude>
                    <Additive>0</Additive>
                    <IKPriority>0</IKPriority>
                    <IKRotLimits>-1e+010 -1e+010 -1e+010 1e+010 1e+010 1e+010</IKRotLimits>
                    <IKRotLimitOrder>0</IKRotLimitOrder>
                    <KeyFrames count="65">
                        <i>0.343113 0.666959 0.661392 -0.907507 0.0537547 0.416584 0.242291 -0.743153 0.623714 -1.24951 3.75544 -2.988</i>
                        <i>0.345517 0.664463 0.662651 -0.905928 0.0519973 0.420227 0.244769 -0.74551 0.619922 -1.24928 3.75506 -2.98761</i>
                        <i>0.351462 0.659666 0.664316 -0.901551 0.0472129 0.43009 0.252352 -0.750075 0.611316 -1.24879 3.75419 -2.9869</i>
                        <i>0.358984 0.656654 0.663277 -0.894847 0.0401557 0.444562 0.265289 -0.753122 0.60202 -1.24836 3.75327 -2.98658</i>
                        <i>0.365883 0.659559 0.65659 -0.886273 0.0316509 0.46208 0.283987 -0.750986 0.59613 -1.24833 3.75274 -2.98731</i>
                        <i>0.370652 0.669538 0.64369 -0.876335 0.0225346 0.481175 0.307659 -0.742436 0.595092 -1.24889 3.75274 -2.98926</i>
                        <i>0.373339 0.683423 0.627337 -0.865668 0.0135279 0.500436 0.333523 -0.729898 0.596668 -1.24986 3.75299 -2.99189</i>
                        <i>0.374021 0.698838 0.609699 -0.855076 0.00529817 0.518475 0.3591 -0.71526 0.599542 -1.25109 3.75331 -2.99478</i>
                        <i>0.373148 0.713516 0.593006 -0.845524 -0.00157063 0.533935 0.381902 -0.700637 0.602709 -1.25239 3.75351 -2.99753</i>
                        <i>0.371517 0.725332 0.579542 -0.838093 -0.00657238 0.545487 0.399468 -0.688368 0.605454 -1.25352 3.75345 -2.99975</i>
                        <i>0.370136 0.732285 0.571628 -0.833914 -0.00924883 0.551818 0.409375 -0.680935 0.607239 -1.25422 3.75296 -3.00105</i>
                        <i>0.369367 0.73578 0.567623 -0.831799 -0.0105719 0.554976 0.414341 -0.677138 0.608116 -1.25458 3.75218 -3.00172</i>
                        <i>0.36895 0.738435 0.564437 -0.829828 -0.0118243 0.557894 0.418643 -0.674221 0.608411 -1.25486 3.75132 -3.00222</i>
                        <i>0.368881 0.740298 0.562038 -0.828002 -0.0130078 0.560574 0.422303 -0.672153 0.60817 -1.25505 3.7504 -3.00259</i>
                        <i>0.369066 0.741557 0.560254 -0.826323 -0.0141148 0.56302 0.425419 -0.670742 0.607556 -1.25518 3.74947 -3.00284</i>
                        <i>0.36947 0.742287 0.559019 -0.824791 -0.0151437 0.565234 0.428032 -0.669911 0.606637 -1.25525 3.74855 -3.00299</i>
                        <i>0.370057 0.742563 0.558264 -0.823409 -0.0160923 0.56722 0.43018 -0.669583 0.605478 -1.25527 3.74767 -3.00306</i>
                        <i>0.37079 0.742456 0.55792 -0.822177 -0.0169576 0.568979 0.431903 -0.669681 0.604142 -1.25526 3.74684 -3.00306</i>
                        <i>0.371626 0.742038 0.55792 -0.821095 -0.0177368 0.570516 0.43324 -0.670124 0.602692 -1.2552 3.7461 -3.003</i>
                        <i>0.372526 0.74138 0.558194 -0.820164 -0.0184264 0.571832 0.43423 -0.670833 0.601189 -1.25512 3.74547 -3.0029</i>
                        <i>0.373446 0.740554 0.558675 -0.819383 -0.0190226 0.572931 0.434914 -0.671727 0.599693 -1.25503 3.74498 -3.00276</i>
                        <i>0.374343 0.739631 0.559297 -0.818752 -0.0195217 0.573815 0.43533 -0.672729 0.598267 -1.25492 3.74464 -3.0026</i>
                        <i>0.375174 0.738684 0.559991 -0.81827 -0.0199195 0.574488 0.43552 -0.673757 0.59697 -1.25481 3.7445 -3.00244</i>
                        <i>0.375897 0.737784 0.560693 -0.817937 -0.0202118 0.574953 0.435524 -0.674734 0.595863 -1.25471 3.74456 -3.00228</i>
                        <i>0.376466 0.737004 0.561336 -0.817751 -0.0203945 0.575211 0.435381 -0.67558 0.595008 -1.25462 3.74487 -3.00215</i>
                        <i>0.377017 0.736121 0.562125 -0.817713 -0.020482 0.575261 0.434975 -0.67654 0.594214 -1.25452 3.7454 -3.00199</i>
                        <i>0.377679 0.734909 0.563265 -0.817827 -0.0204884 0.575099 0.434186 -0.677856 0.593291 -1.25438 3.74613 -3.00177</i>
                        <i>0.378408 0.733443 0.564685 -0.818089 -0.0204093 0.574729 0.433055 -0.679445 0.592299 -1.25422 3.74703 -3.00151</i>
                        <i>0.379157 0.731796 0.566317 -0.818499 -0.02024 0.574151 0.431624 -0.681223 0.5913 -1.25404 3.7481 -3.00121</i>
                        <i>0.379882 0.730042 0.568093 -0.819054 -0.0199761 0.573369 0.429932 -0.683111 0.590355 -1.25385 3.74931 -3.00089</i>
                        <i>0.380536 0.728255 0.569945 -0.819751 -0.0196127 0.572385 0.42802 -0.685025 0.589525 -1.25366 3.75065 -3.00057</i>
                        <i>0.381075 0.726513 0.571805 -0.820588 -0.0191455 0.571199 0.425931 -0.686886 0.588872 -1.25348 3.75211 -3.00025</i>
                        <i>0.381455 0.724891 0.573608 -0.821563 -0.01857 0.569816 0.423706 -0.688614 0.588459 -1.25331 3.75367 -2.99995</i>
                        <i>0.381635 0.723465 0.575285 -0.822672 -0.0178819 0.568235 0.421386 -0.690129 0.588351 -1.25317 3.75532 -2.99968</i>
                        <i>0.381571 0.722315 0.576771 -0.823913 -0.0170772 0.566458 0.419011 -0.691353 0.588609 -1.25306 3.75704 -2.99946</i>
                        <i>0.381224 0.721518 0.577997 -0.825284 -0.0161522 0.564487 0.416624 -0.692207 0.589299 -1.25299 3.75882 -2.99929</i>
                        <i>0.380554 0.721151 0.578896 -0.82678 -0.0151034 0.562322 0.414263 -0.692613 0.590486 -1.25297 3.76063 -2.9992</i>
                        <i>0.379492 0.721345 0.57935 -0.828399 -0.0139246 0.559965 0.411996 -0.692435 0.592278 -1.253 3.76248 -2.99921</i>
                        <i>0.378046 0.7221 0.579356 -0.830139 -0.0126176 0.557414 0.409819 -0.691674 0.594673 -1.2531 3.76434 -2.99931</i>
                        <i>0.376284 0.723291 0.579017 -0.831997 -0.0111908 0.554667 0.407665 -0.690453 0.597565 -1.25325 3.76618 -2.99949</i>
                        <i>0.374276 0.724798 0.578433 -0.833974 -0.00965223 0.551719 0.405468 -0.688894 0.60085 -1.25343 3.76796 -2.99972</i>
                        <i>0.371839 0.725846 0.578691 -0.83709 -0.00728918 0.547016 0.401268 -0.687819 0.604888 -1.25357 3.76957 -2.99985</i>
                        <i>0.368837 0.725813 0.580651 -0.842081 -0.00355124 0.53934 0.393522 -0.687883 0.609883 -1.25361 3.77092 -2.99976</i>
                        <i>0.365398 0.724803 0.584076 -0.848501 0.00131477 0.529192 0.382792 -0.688955 0.615477 -1.25356 3.772 -2.99948</i>
                        <i>0.361638 0.722918 0.588733 -0.855908 0.00706406 0.51708 0.369648 -0.690897 0.621307 -1.25344 3.77278 -2.99901</i>
                        <i>0.357668 0.720254 0.594397 -0.863876 0.0134498 0.503525 0.354671 -0.69358 0.627021 -1.25326 3.77327 -2.9984</i>
                        <i>0.353608 0.716901 0.600844 -0.872011 0.0202206 0.489069 0.338464 -0.696882 0.632296 -1.25302 3.77343 -2.99765</i>
                        <i>0.349594 0.712943 0.607862 -0.879959 0.0271183 0.474276 0.321648 -0.700697 0.636841 -1.25274 3.77327 -2.99679</i>
                        <i>0.345779 0.708459 0.615242 -0.887411 0.0338777 0.459733 0.304859 -0.704938 0.640409 -1.25244 3.77276 -2.99584</i>
                        <i>0.342238 0.70378 0.622548 -0.894107 0.0402319 0.446043 0.28887 -0.709278 0.643024 -1.25213 3.77203 -2.99486</i>
                        <i>0.339055 0.699333 0.629265 -0.899829 0.045905 0.433821 0.274499 -0.71332 0.644845 -1.25185 3.77126 -2.99393</i>
                        <i>0.336432 0.695336 0.635076 -0.904392 0.0506094 0.42369 0.262466 -0.7169 0.645883 -1.2516 3.77045 -2.99311</i>
                        <i>0.334591 0.692007 0.639668 -0.90763 0.054054 0.416276 0.25349 -0.719864 0.646172 -1.2514 3.76962 -2.99244</i>
                        <i>0.333537 0.68921 0.643229 -0.909729 0.0563376 0.411363 0.247277 -0.722369 0.645785 -1.25123 3.76873 -2.99188</i>
                        <i>0.33308 0.68664 0.646207 -0.911077 0.0578259 0.408161 0.242892 -0.724695 0.644842 -1.25106 3.76775 -2.99139</i>
                        <i>0.333147 0.684266 0.648685 -0.911799 0.058629 0.406431 0.240075 -0.726872 0.643445 -1.2509 3.76667 -2.99094</i>
                        <i>0.33366 0.68206 0.650742 -0.912007 0.0588588 0.405929 0.238566 -0.728924 0.641682 -1.25074 3.76551 -2.99054</i>
                        <i>0.334534 0.679992 0.652456 -0.911808 0.058628 0.40641 0.238103 -0.730872 0.639635 -1.25059 3.7643 -2.99018</i>
                        <i>0.335682 0.678033 0.653902 -0.911302 0.0580508 0.407626 0.238424 -0.732735 0.63738 -1.25043 3.76304 -2.98984</i>
                        <i>0.337013 0.676156 0.65516 -0.910589 0.0572414 0.40933 0.239269 -0.734531 0.634992 -1.25027 3.76176 -2.98953</i>
                        <i>0.338435 0.674331 0.656307 -0.90977 0.0563152 0.411275 0.240376 -0.736278 0.632545 -1.25012 3.76046 -2.98923</i>
                        <i>0.339852 0.672529 0.657423 -0.908947 0.0553874 0.413217 0.241487 -0.737995 0.630117 -1.24996 3.75917 -2.98893</i>
                        <i>0.34117 0.670721 0.658587 -0.908224 0.0545739 0.41491 0.242347 -0.7397 0.627783 -1.24981 3.75789 -2.98863</i>
                        <i>0.34229 0.668874 0.659883 -0.907708 0.0539908 0.416113 0.2427 -0.741413 0.625623 -1.24966 3.75664 -2.98833</i>
                        <i>0.343113 0.666959 0.661392 -0.907507 0.0537547 0.416584 0.242291 -0.743153 0.623714 -1.24951 3.75544 -2.988</i>
                    </KeyFrames>
                </p>
            </i>
            <i>
                <p>
                    <Name><![CDATA[head]]></Name>
                    <Exclude>0</Exclude>
                    <Additive>0</Additive>
                    <IKPriority>0</IKPriority>
                    <IKRotLimits>-1e+010 -1e+010 -1e+010 1e+010 1e+010 1e+010</IKRotLimits>
                    <IKRotLimitOrder>0</IKRotLimitOrder>
                    <KeyFrames count="65">
                        <i>0.171271 0.944163 0.281465 -0.3748 0.326646 -0.867656 -0.911148 0.0431111 0.409817 -1.16494 3.93469 -2.82291</i>
                        <i>0.181558 0.93571 0.302461 -0.390547 0.350887 -0.851089 -0.902502 0.0363968 0.429145 -1.16411 3.93369 -2.82216</i>
                        <i>0.207375 0.915491 0.344778 -0.433973 0.401954 -0.806288 -0.876734 0.0175795 0.480654 -1.16213 3.93164 -2.82096</i>
                        <i>0.23991 0.893976 0.378485 -0.499062 0.447982 -0.741788 -0.832694 -0.010925 0.553625 -1.15983 3.92998 -2.82082</i>
                        <i>0.262548 0.887032 0.379793 -0.58213 0.459512 -0.6708 -0.76954 -0.0449716 0.637013 -1.15815 3.93017 -2.82322</i>
                        <i>0.262122 0.899514 0.349524 -0.675774 0.429653 -0.598939 -0.688928 -0.0792041 0.72049 -1.15764 3.93264 -2.82848</i>
                        <i>0.242783 0.919549 0.309008 -0.765157 0.377329 -0.521687 -0.596315 -0.109783 0.795208 -1.15811 3.93632 -2.83532</i>
