<?xml version="1.0" encoding="ISO-8859-1" ?>
<Animl Version="1">
    <ModellingPackage><![CDATA[Maya.2010]]></ModellingPackage>
    <SrcFile><![CDATA[anims\turrets\antiair\blue\~src\aa_chaparral\aa_chaparral_reload_crewman_a.mb]]></SrcFile>
    <FramesPerSecond>30</FramesPerSecond>
    <TotalFrames>97</TotalFrames>
    <Skeleton>
        <RefFrame>
            <Name><![CDATA[soldier_ref_frame]]></Name>
            <Exclude>0</Exclude>
            <Additive>0</Additive>
            <IKPriority>0</IKPriority>
            <IKRotLimits>-1e+010 -1e+010 -1e+010 1e+010 1e+010 1e+010</IKRotLimits>
            <IKRotLimitOrder>0</IKRotLimitOrder>
            <KeyFrames count="97">
                <i>1 0 0 0 1 0 0 0 1 -1.4 2.19 -3.1</i>
                <i>1 0 0 0 1 0 0 0 1 -1.4 2.19 -3.1</i>
                <i>1 0 0 0 1 0 0 0 1 -1.4 2.19 -3.1</i>
                <i>1 0 0 0 1 0 0 0 1 -1.4 2.19 -3.1</i>
                <i>1 0 0 0 1 0 0 0 1 -1.4 2.19 -3.1</i>
                <i>1 0 0 0 1 0 0 0 1 -1.4 2.19 -3.1</i>
                <i>1 0 0 0 1 0 0 0 1 -1.4 2.19 -3.1</i>
                <i>1 0 0 0 1 0 0 0 1 -1.4 2.19 -3.1</i>
                <i>1 0 0 0 1 0 0 0 1 -1.4 2.19 -3.1</i>
                <i>1 0 0 0 1 0 0 0 1 -1.4 2.19 -3.1</i>
                <i>1 0 0 0 1 0 0 0 1 -1.4 2.19 -3.1</i>
                <i>1 0 0 0 1 0 0 0 1 -1.4 2.19 -3.1</i>
                <i>1 0 0 0 1 0 0 0 1 -1.4 2.19 -3.1</i>
                <i>1 0 0 0 1 0 0 0 1 -1.4 2.19 -3.1</i>
                <i>1 0 0 0 1 0 0 0 1 -1.4 2.19 -3.1</i>
                <i>1 0 0 0 1 0 0 0 1 -1.4 2.19 -3.1</i>
                <i>1 0 0 0 1 0 0 0 1 -1.4 2.19 -3.1</i>
                <i>1 0 0 0 1 0 0 0 1 -1.4 2.19 -3.1</i>
                <i>1 0 0 0 1 0 0 0 1 -1.4 2.19 -3.1</i>
                <i>1 0 0 0 1 0 0 0 1 -1.4 2.19 -3.1</i>
                <i>1 0 0 0 1 0 0 0 1 -1.4 2.19 -3.1</i>
                <i>1 0 0 0 1 0 0 0 1 -1.4 2.19 -3.1</i>
                <i>1 0 0 0 1 0 0 0 1 -1.4 2.19 -3.1</i>
                <i>1 0 0 0 1 0 0 0 1 -1.4 2.19 -3.1</i>
                <i>1 0 0 0 1 0 0 0 1 -1.4 2.19 -3.1</i>
                <i>1 0 0 0 1 0 0 0 1 -1.4 2.19 -3.1</i>
                <i>1 0 0 0 1 0 0 0 1 -1.4 2.19 -3.1</i>
                <i>1 0 0 0 1 0 0 0 1 -1.4 2.19 -3.1</i>
                <i>1 0 0 0 1 0 0 0 1 -1.4 2.19 -3.1</i>
                <i>1 0 0 0 1 0 0 0 1 -1.4 2.19 -3.1</i>
                <i>1 0 0 0 1 0 0 0 1 -1.4 2.19 -3.1</i>
                <i>1 0 0 0 1 0 0 0 1 -1.4 2.19 -3.1</i>
                <i>1 0 0 0 1 0 0 0 1 -1.4 2.19 -3.1</i>
                <i>1 0 0 0 1 0 0 0 1 -1.4 2.19 -3.1</i>
                <i>1 0 0 0 1 0 0 0 1 -1.4 2.19 -3.1</i>
                <i>1 0 0 0 1 0 0 0 1 -1.4 2.19 -3.1</i>
                <i>1 0 0 0 1 0 0 0 1 -1.4 2.19 -3.1</i>
                <i>1 0 0 0 1 0 0 0 1 -1.4 2.19 -3.1</i>
                <i>1 0 0 0 1 0 0 0 1 -1.4 2.19 -3.1</i>
                <i>1 0 0 0 1 0 0 0 1 -1.4 2.19 -3.1</i>
                <i>1 0 0 0 1 0 0 0 1 -1.4 2.19 -3.1</i>
                <i>1 0 0 0 1 0 0 0 1 -1.4 2.19 -3.1</i>
                <i>1 0 0 0 1 0 0 0 1 -1.4 2.19 -3.1</i>
                <i>1 0 0 0 1 0 0 0 1 -1.4 2.19 -3.1</i>
                <i>1 0 0 0 1 0 0 0 1 -1.4 2.19 -3.1</i>
                <i>1 0 0 0 1 0 0 0 1 -1.4 2.19 -3.1</i>
                <i>1 0 0 0 1 0 0 0 1 -1.4 2.19 -3.1</i>
                <i>1 0 0 0 1 0 0 0 1 -1.4 2.19 -3.1</i>
                <i>1 0 0 0 1 0 0 0 1 -1.4 2.19 -3.1</i>
                <i>1 0 0 0 1 0 0 0 1 -1.4 2.19 -3.1</i>
                <i>1 0 0 0 1 0 0 0 1 -1.4 2.19 -3.1</i>
                <i>1 0 0 0 1 0 0 0 1 -1.4 2.19 -3.1</i>
                <i>1 0 0 0 1 0 0 0 1 -1.4 2.19 -3.1</i>
                <i>1 0 0 0 1 0 0 0 1 -1.4 2.19 -3.1</i>
                <i>1 0 0 0 1 0 0 0 1 -1.4 2.19 -3.1</i>
                <i>1 0 0 0 1 0 0 0 1 -1.4 2.19 -3.1</i>
                <i>1 0 0 0 1 0 0 0 1 -1.4 2.19 -3.1</i>
                <i>1 0 0 0 1 0 0 0 1 -1.4 2.19 -3.1</i>
                <i>1 0 0 0 1 0 0 0 1 -1.4 2.19 -3.1</i>
                <i>1 0 0 0 1 0 0 0 1 -1.4 2.19 -3.1</i>
                <i>1 0 0 0 1 0 0 0 1 -1.4 2.19 -3.1</i>
                <i>1 0 0 0 1 0 0 0 1 -1.4 2.19 -3.1</i>
                <i>1 0 0 0 1 0 0 0 1 -1.4 2.19 -3.1</i>
                <i>1 0 0 0 1 0 0 0 1 -1.4 2.19 -3.1</i>
                <i>1 0 0 0 1 0 0 0 1 -1.4 2.19 -3.1</i>
                <i>1 0 0 0 1 0 0 0 1 -1.4 2.19 -3.1</i>
                <i>1 0 0 0 1 0 0 0 1 -1.4 2.19 -3.1</i>
                <i>1 0 0 0 1 0 0 0 1 -1.4 2.19 -3.1</i>
                <i>1 0 0 0 1 0 0 0 1 -1.4 2.19 -3.1</i>
                <i>1 0 0 0 1 0 0 0 1 -1.4 2.19 -3.1</i>
                <i>1 0 0 0 1 0 0 0 1 -1.4 2.19 -3.1</i>
                <i>1 0 0 0 1 0 0 0 1 -1.4 2.19 -3.1</i>
                <i>1 0 0 0 1 0 0 0 1 -1.4 2.19 -3.1</i>
                <i>1 0 0 0 1 0 0 0 1 -1.4 2.19 -3.1</i>
                <i>1 0 0 0 1 0 0 0 1 -1.4 2.19 -3.1</i>
                <i>1 0 0 0 1 0 0 0 1 -1.4 2.19 -3.1</i>
                <i>1 0 0 0 1 0 0 0 1 -1.4 2.19 -3.1</i>
                <i>1 0 0 0 1 0 0 0 1 -1.4 2.19 -3.1</i>
                <i>1 0 0 0 1 0 0 0 1 -1.4 2.19 -3.1</i>
                <i>1 0 0 0 1 0 0 0 1 -1.4 2.19 -3.1</i>
                <i>1 0 0 0 1 0 0 0 1 -1.4 2.19 -3.1</i>
                <i>1 0 0 0 1 0 0 0 1 -1.4 2.19 -3.1</i>
                <i>1 0 0 0 1 0 0 0 1 -1.4 2.19 -3.1</i>
                <i>1 0 0 0 1 0 0 0 1 -1.4 2.19 -3.1</i>
                <i>1 0 0 0 1 0 0 0 1 -1.4 2.19 -3.1</i>
                <i>1 0 0 0 1 0 0 0 1 -1.4 2.19 -3.1</i>
                <i>1 0 0 0 1 0 0 0 1 -1.4 2.19 -3.1</i>
                <i>1 0 0 0 1 0 0 0 1 -1.4 2.19 -3.1</i>
                <i>1 0 0 0 1 0 0 0 1 -1.4 2.19 -3.1</i>
                <i>1 0 0 0 1 0 0 0 1 -1.4 2.19 -3.1</i>
                <i>1 0 0 0 1 0 0 0 1 -1.4 2.19 -3.1</i>
                <i>1 0 0 0 1 0 0 0 1 -1.4 2.19 -3.1</i>
                <i>1 0 0 0 1 0 0 0 1 -1.4 2.19 -3.1</i>
                <i>1 0 0 0 1 0 0 0 1 -1.4 2.19 -3.1</i>
                <i>1 0 0 0 1 0 0 0 1 -1.4 2.19 -3.1</i>
                <i>1 0 0 0 1 0 0 0 1 -1.4 2.19 -3.1</i>
                <i>1 0 0 0 1 0 0 0 1 -1.4 2.19 -3.1</i>
            </KeyFrames>
        </RefFrame>
        <Bones count="23">
            <i>
                <p>
                    <Name><![CDATA[pelvis]]></Name>
                    <Exclude>0</Exclude>
                    <Additive>0</Additive>
                    <IKPriority>0</IKPriority>
                    <IKRotLimits>-1e+010 -1e+010 -1e+010 1e+010 1e+010 1e+010</IKRotLimits>
                    <IKRotLimitOrder>2</IKRotLimitOrder>
                    <KeyFrames count="97">
                        <i>1 0 0 0 1 0 0 0 1 -1.31313 3.31598 -3.10188</i>
                        <i>1 0 0 0 1 0 0 0 1 -1.32039 3.30403 -3.12184</i>
                        <i>1 0 0 0 1 0 0 0 1 -1.32591 3.27388 -3.14137</i>
                        <i>1 0 0 0 1 0 0 0 1 -1.33142 3.23404 -3.1609</i>
                        <i>1 0 0 0 1 0 0 0 1 -1.33869 3.19305 -3.18086</i>
                        <i>1 0 0 0 1 0 0 0 1 -1.34945 3.15943 -3.20168</i>
                        <i>1 0 0 0 1 0 0 0 1 -1.36546 3.14171 -3.22381</i>
                        <i>1 0 0 0 1 0 0 0 1 -1.38669 3.1516 -3.24555</i>
                        <i>1 0 0 0 1 0 0 0 1 -1.41172 3.18461 -3.26624</i>
                        <i>1 0 0 0 1 0 0 0 1 -1.44025 3.22499 -3.2878</i>
                        <i>1 0 0 0 1 0 0 0 1 -1.47198 3.25699 -3.31214</i>
                        <i>1 0 0 0 1 0 0 0 1 -1.50658 3.26485 -3.34121</i>
                        <i>1 0 0 0 1 0 0 0 1 -1.54377 3.23282 -3.37692</i>
                        <i>1 0 0 0 1 0 0 0 1 -1.58729 3.14822 -3.4222</i>
                        <i>1 0 0 0 1 0 0 0 1 -1.63815 3.02114 -3.4761</i>
                        <i>1 0 0 0 1 0 0 0 1 -1.6919 2.86992 -3.53471</i>
                        <i>1 0 0 0 1 0 0 0 1 -1.74407 2.71291 -3.59415</i>
                        <i>1 0 0 0 1 0 0 0 1 -1.79021 2.56845 -3.65051</i>
                        <i>1 0 0 0 1 0 0 0 1 -1.82587 2.4549 -3.69989</i>
                        <i>1 0 0 0 1 0 0 0 1 -1.85506 2.36875 -3.74487</i>
                        <i>1 0 0 0 1 0 0 0 1 -1.88217 2.29462 -3.78908</i>
                        <i>1 0 0 0 1 0 0 0 1 -1.90324 2.23305 -3.83021</i>
                        <i>1 0 0 0 1 0 0 0 1 -1.91435 2.18457 -3.86596</i>
                        <i>1 0 0 0 1 0 0 0 1 -1.91155 2.14972 -3.89399</i>
                        <i>1 0 0 0 1 0 0 0 1 -1.89092 2.12904 -3.91201</i>
                        <i>1 0 0 0 1 0 0 0 1 -1.84101 2.13002 -3.91718</i>
                        <i>1 0 0 0 1 0 0 0 1 -1.76267 2.15374 -3.91079</i>
                        <i>1 0 0 0 1 0 0 0 1 -1.67044 2.19109 -3.89669</i>
                        <i>1 0 0 0 1 0 0 0 1 -1.57882 2.23297 -3.87874</i>
                        <i>1 0 0 0 1 0 0 0 1 -1.50235 2.27027 -3.8608</i>
                        <i>1 0 0 0 1 0 0 0 1 -1.45555 2.29388 -3.84671</i>
                        <i>1 0 0 0 1 0 0 0 1 -1.44619 2.30218 -3.83821</i>
                        <i>1 0 0 0 1 0 0 0 1 -1.46422 2.30212 -3.83256</i>
                        <i>1 0 0 0 1 0 0 0 1 -1.49739 2.29748 -3.82691</i>
                        <i>1 0 0 0 1 0 0 0 1 -1.53347 2.29204 -3.81843</i>
                        <i>1 0 0 0 1 0 0 0 1 -1.56022 2.28958 -3.80426</i>
                        <i>1 0 0 0 1 0 0 0 1 -1.56541 2.29388 -3.78158</i>
                        <i>1 0 0 0 1 0 0 0 1 -1.54747 2.3061 -3.74625</i>
                        <i>1 0 0 0 1 0 0 0 1 -1.51622 2.32348 -3.69937</i>
                        <i>1 0 0 0 1 0 0 0 1 -1.47649 2.34393 -3.64596</i>
                        <i>1 0 0 0 1 0 0 0 1 -1.43313 2.36536 -3.59103</i>
                        <i>1 0 0 0 1 0 0 0 1 -1.39097 2.38567 -3.53958</i>
                        <i>1 0 0 0 1 0 0 0 1 -1.35487 2.40277 -3.49663</i>
                        <i>1 0 0 0 1 0 0 0 1 -1.32966 2.41457 -3.46718</i>
                        <i>1 0 0 0 1 0 0 0 1 -1.32018 2.41897 -3.45625</i>
                        <i>1 0 0 0 1 0 0 0 1 -1.32018 2.41897 -3.45625</i>
                        <i>1 0 0 0 1 0 0 0 1 -1.32018 2.41897 -3.45625</i>
                        <i>1 0 0 0 1 0 0 0 1 -1.32018 2.41897 -3.45625</i>
                        <i>1 0 0 0 1 0 0 0 1 -1.32018 2.41897 -3.45625</i>
                        <i>1 0 0 0 1 0 0 0 1 -1.32018 2.41897 -3.45625</i>
                        <i>1 0 0 0 1 0 0 0 1 -1.32018 2.41897 -3.45625</i>
                        <i>1 0 0 0 1 0 0 0 1 -1.32018 2.41897 -3.45625</i>
                        <i>1 0 0 0 1 0 0 0 1 -1.32018 2.41897 -3.45625</i>
                        <i>1 0 0 0 1 0 0 0 1 -1.32018 2.41897 -3.45625</i>
                        <i>1 0 0 0 1 0 0 0 1 -1.32018 2.41897 -3.45625</i>
                        <i>1 0 0 0 1 0 0 0 1 -1.31734 2.42042 -3.45249</i>
                        <i>1 0 0 0 1 0 0 0 1 -1.3111 2.4236 -3.4442</i>
                        <i>1 0 0 0 1 0 0 0 1 -1.30485 2.42679 -3.43592</i>
                        <i>1 0 0 0 1 0 0 0 1 -1.30202 2.42824 -3.43215</i>
                        <i>1 0 0 0 1 0 0 0 1 -1.30599 2.42621 -3.43742</i>
                        <i>1 0 0 0 1 0 0 0 1 -1.32018 2.41897 -3.45625</i>
                        <i>1 0 0 0 1 0 0 0 1 -1.35097 2.40391 -3.49466</i>
                        <i>1 0 0 0 1 0 0 0 1 -1.39691 2.38191 -3.55023</i>
                        <i>1 0 0 0 1 0 0 0 1 -1.44966 2.35643 -3.61484</i>
                        <i>1 0 0 0 1 0 0 0 1 -1.50089 2.33094 -3.68036</i>
                        <i>1 0 0 0 1 0 0 0 1 -1.54225 2.30894 -3.73865</i>
                        <i>1 0 0 0 1 0 0 0 1 -1.56541 2.29388 -3.78158</i>
                        <i>1 0 0 0 1 0 0 0 1 -1.56314 2.28975 -3.8074</i>
                        <i>1 0 0 0 1 0 0 0 1 -1.54067 2.29456 -3.82228</i>
                        <i>1 0 0 0 1 0 0 0 1 -1.50834 2.30285 -3.82992</i>
                        <i>1 0 0 0 1 0 0 0 1 -1.47648 2.30914 -3.83407</i>
                        <i>1 0 0 0 1 0 0 0 1 -1.45544 2.30797 -3.83842</i>
                        <i>1 0 0 0 1 0 0 0 1 -1.45555 2.29388 -3.84671</i>
                        <i>1 0 0 0 1 0 0 0 1 -1.47767 2.25937 -3.86148</i>
                        <i>1 0 0 0 1 0 0 0 1 -1.51292 2.20634 -3.88096</i>
                        <i>1 0 0 0 1 0 0 0 1 -1.55707 2.14337 -3.90239</i>
                        <i>1 0 0 0 1 0 0 0 1 -1.6059 2.07908 -3.92303</i>
                        <i>1 0 0 0 1 0 0 0 1 -1.65517 2.02205 -3.94012</i>
                        <i>1 0 0 0 1 0 0 0 1 -1.70066 1.9809 -3.9509</i>
                        <i>1 0 0 0 1 0 0 0 1 -1.73814 1.96421 -3.95264</i>
                        <i>1 0 0 0 1 0 0 0 1 -1.76336 1.9806 -3.94257</i>
                        <i>1 0 0 0 1 0 0 0 1 -1.70873 2.28432 -3.82349</i>
                        <i>1 0 0 0 1 0 0 0 1 -1.6325 2.65175 -3.67782</i>
                        <i>1 0 0 0 1 0 0 0 1 -1.62032 2.78423 -3.62477</i>
                        <i>1 0 0 0 1 0 0 0 1 -1.62369 2.86753 -3.59347</i>
                        <i>1 0 0 0 1 0 0 0 1 -1.6259 2.91992 -3.5654</i>
                        <i>1 0 0 0 1 0 0 0 1 -1.61025 2.95967 -3.52203</i>
                        <i>1 0 0 0 1 0 0 0 1 -1.56466 2.97654 -3.4506</i>
                        <i>1 0 0 0 1 0 0 0 1 -1.50057 2.9658 -3.36359</i>
                        <i>1 0 0 0 1 0 0 0 1 -1.4366 2.95409 -3.28037</i>
                        <i>1 0 0 0 1 0 0 0 1 -1.39133 2.96803 -3.22031</i>
                        <i>1 0 0 0 1 0 0 0 1 -1.36672 3.01049 -3.18511</i>
                        <i>1 0 0 0 1 0 0 0 1 -1.35044 3.06413 -3.16104</i>
                        <i>1 0 0 0 1 0 0 0 1 -1.33972 3.12523 -3.14439</i>
                        <i>1 0 0 0 1 0 0 0 1 -1.33178 3.19005 -3.13146</i>
                        <i>1 0 0 0 1 0 0 0 1 -1.32385 3.25488 -3.11853</i>
                        <i>1 0 0 0 1 0 0 0 1 -1.31313 3.31598 -3.10188</i>
                    </KeyFrames>
                </p>
            </i>
            <i>
                <p>
                    <Name><![CDATA[spine0]]></Name>
                    <Exclude>0</Exclude>
                    <Additive>0</Additive>
                    <IKPriority>0</IKPriority>
                    <IKRotLimits>-1e+010 -1e+010 -1e+010 1e+010 1e+010 1e+010</IKRotLimits>
                    <IKRotLimitOrder>0</IKRotLimitOrder>
                    <KeyFrames count="97">
                        <i>0.143645 0.951123 0.27337 -0.916221 0.0234094 0.39999 0.37404 -0.307923 0.874801 -1.31772 3.45937 -3.11258</i>
                        <i>0.133991 0.930498 0.34091 -0.937041 0.00701452 0.349149 0.322491 -0.366229 0.872855 -1.32347 3.44785 -3.12352</i>
                        <i>0.113723 0.903667 0.412859 -0.955918 -0.013708 0.293313 0.270717 -0.428016 0.862273 -1.3289 3.41746 -3.13298</i>
                        <i>0.0861543 0.871169 0.483366 -0.971007 -0.0351656 0.236449 0.222985 -0.489723 0.842881 -1.33551 3.37662 -3.14214</i>
                        <i>0.0564035 0.835269 0.546941 -0.981705 -0.0533864 0.182769 0.18186 -0.547244 0.816977 -1.34451 3.33393 -3.15231</i>
                        <i>0.0307729 0.800068 0.599119 -0.98854 -0.064264 0.136594 0.147786 -0.596457 0.788923 -1.35679 3.29827 -3.16473</i>
                        <i>0.0160623 0.770958 0.636684 -0.992713 -0.0637602 0.102251 0.119426 -0.633687 0.764316 -1.37311 3.27871 -3.18056</i>
                        <i>0.0182133 0.748132 0.6633 -0.995757 -0.04628 0.079541 0.0902047 -0.661935 0.744114 -1.39222 3.28715 -3.19769</i>
                        <i>0.0346601 0.729222 0.683399 -0.997779 -0.0136762 0.0651978 0.05689 -0.684141 0.727128 -1.41289 3.31894 -3.21478</i>
                        <i>0.0602186 0.715777 0.695727 -0.997905 0.0266496 0.058956 0.0236585 -0.69782 0.715882 -1.43581 3.35837 -3.23406</i>
                        <i>0.09035 0.709462 0.698928 -0.995902 0.0671448 0.0605829 -0.00394818 -0.701538 0.712621 -1.46164 3.38978 -3.25777</i>
                        <i>0.120598 0.712419 0.691315 -0.992509 0.100243 0.0698373 -0.0195462 -0.694558 0.719171 -1.49109 3.39768 -3.28817</i>
                        <i>0.145726 0.727336 0.670631 -0.989185 0.118511 0.0864146 -0.016625 -0.675971 0.736741 -1.52497 3.36663 -3.32756</i>
                        <i>0.167706 0.760364 0.627472 -0.985699 0.118674 0.119642 0.0165066 -0.638563 0.769393 -1.5676 3.2846 -3.38084</i>
                        <i>0.185018 0.80801 0.559365 -0.97957 0.105989 0.170904 0.0788059 -0.579557 0.811112 -1.6202 3.16095 -3.44731</i>
                        <i>0.188202 0.858866 0.476371 -0.969826 0.0859825 0.228133 0.154976 -0.504932 0.849132 -1.67865 3.01248 -3.52067</i>
                        <i>0.175515 0.902945 0.392281 -0.957728 0.0643528 0.280384 0.227927 -0.42491 0.876071 -1.73756 2.85662 -3.59435</i>
                        <i>0.154748 0.933763 0.322708 -0.946906 0.0470062 0.318057 0.281821 -0.354792 0.891459 -1.79027 2.71186 -3.66197</i>
                        <i>0.139932 0.948931 0.282751 -0.942337 0.0399528 0.332273 0.304008 -0.312943 0.899803 -1.82946 2.59763 -3.71758</i>
                        <i>0.138372 0.950047 0.279757 -0.943349 0.0404201 0.32933 0.301571 -0.309479 0.901819 -1.85877 2.51146 -3.7627</i>
                        <i>0.145155 0.941721 0.303467 -0.945337 0.0414837 0.323445 0.292005 -0.333828 0.896265 -1.88449 2.43784 -3.80247</i>
                        <i>0.156317 0.926823 0.341416 -0.947287 0.042805 0.317514 0.279665 -0.373052 0.884658 -1.90332 2.37677 -3.83654</i>
                        <i>0.168703 0.908993 0.381144 -0.948197 0.0440609 0.314613 0.269187 -0.414475 0.869338 -1.91184 2.3284 -3.86456</i>
                        <i>0.180467 0.893776 0.410605 -0.946992 0.045086 0.318078 0.265778 -0.446242 0.854535 -1.90651 2.29329 -3.8863</i>
                        <i>0.190403 0.888172 0.418207 -0.942379 0.0459943 0.33137 0.275079 -0.457203 0.845752 -1.88372 2.27234 -3.90152</i>
                        <i>0.200032 0.894874 0.398982 -0.931908 0.0480249 0.359502 0.302548 -0.443727 0.843547 -1.83163 2.27329 -3.90813</i>
                        <i>0.2084 0.909044 0.360844 -0.915183 0.0511135 0.399785 0.344978 -0.413554 0.842593 -1.75095 2.29705 -3.90613</i>
                        <i>0.211081 0.926314 0.312069 -0.894202 0.0540523 0.444388 0.394775 -0.372854 0.839722 -1.65696 2.33431 -3.89827</i>
                        <i>0.206516 0.942801 0.261681 -0.871826 0.0559059 0.486615 0.444152 -0.328634 0.833504 -1.56466 2.37589 -3.88709</i>
                        <i>0.196624 0.955747 0.218831 -0.851663 0.0558983 0.5211 0.485807 -0.288831 0.824966 -1.48865 2.41278 -3.87492</i>
                        <i>0.185944 0.963589 0.192148 -0.837772 0.0533039 0.543413 0.513384 -0.26202 0.817179 -1.44319 2.43616 -3.86407</i>
                        <i>0.17467 0.968041 0.179966 -0.831983 0.0473554 0.552776 0.526587 -0.246282 0.813665 -1.43648 2.44458 -3.85622</i>
                        <i>0.161509 0.971233 0.174988 -0.831944 0.038619 0.553513 0.530833 -0.234978 0.814249 -1.45854 2.44484 -3.84974</i>
                        <i>0.14908 0.972845 0.17705 -0.835503 0.0281627 0.548764 0.528876 -0.229736 0.817014 -1.49625 2.44053 -3.84213</i>
                        <i>0.139792 0.972555 0.185995 -0.840542 0.0172639 0.541472 0.5234 -0.23203 0.819887 -1.53654 2.43534 -3.83083</i>
                        <i>0.136289 0.96994 0.201599 -0.845072 0.00762939 0.534598 0.51699 -0.243226 0.820709 -1.56624 2.43304 -3.81319</i>
                        <i>0.141691 0.96434 0.223546 -0.847184 0.00131547 0.531298 0.512058 -0.264665 0.81716 -1.57217 2.4375 -3.78649</i>
                        <i>0.159506 0.952795 0.258341 -0.847284 -0.00216889 0.531135 0.506623 -0.303607 0.806942 -1.55242 2.44987 -3.74585</i>
                        <i>0.187855 0.932582 0.308224 -0.847207 -0.00492025 0.53124 0.496941 -0.360925 0.789166 -1.51758 2.46715 -3.69204</i>
                        <i>0.222259 0.903602 0.366202 -0.84704 -0.00704679 0.531482 0.482829 -0.428314 0.763822 -1.4731 2.48695 -3.63082</i>
                        <i>0.258451 0.867272 0.425491 -0.846807 -0.00856852 0.531831 0.464888 -0.497761 0.732197 -1.42447 2.50709 -3.56795</i>
                        <i>0.292508 0.827056 0.480019 -0.846515 -0.00954213 0.53228 0.444805 -0.562039 0.697324 -1.37718 2.52561 -3.50918</i>
                        <i>0.320979 0.788388 0.524802 -0.84621 -0.010115 0.532754 0.425325 -0.615095 0.663895 -1.33669 2.54076 -3.46023</i>
                        <i>0.340887 0.758079 0.555979 -0.84601 -0.0105233 0.533063 0.409954 -0.652078 0.637755 -1.30843 2.55099 -3.42674</i>
                        <i>0.349483 0.743362 0.570328 -0.846103 -0.0110733 0.532904 0.402456 -0.668798 0.625091 -1.29781 2.55475 -3.41432</i>
                        <i>0.349794 0.738973 0.575815 -0.847693 -0.0119972 0.530351 0.398823 -0.673628 0.622226 -1.29775 2.55468 -3.4141</i>
                        <i>0.348097 0.735287 0.581534 -0.850568 -0.0131025 0.525702 0.394161 -0.67763 0.62085 -1.29762 2.5545 -3.4136</i>
                        <i>0.346497 0.732591 0.585876 -0.852826 -0.0140987 0.522005 0.390676 -0.680523 0.619887 -1.29748 2.55431 -3.41308</i>
                        <i>0.347148 0.73117 0.587264 -0.85261 -0.0147285 0.52234 0.390569 -0.682037 0.61829 -1.29738 2.55421 -3.41282</i>
                        <i>0.350888 0.731038 0.585201 -0.849223 -0.0149127 0.527824 0.394587 -0.682173 0.615582 -1.29731 2.5542 -3.41284</i>
                        <i>0.356362 0.731806 0.580919 -0.843874 -0.0148171 0.536337 0.401102 -0.681352 0.612272 -1.29724 2.55424 -3.413</i>
                        <i>0.362441 0.73314 0.575449 -0.837589 -0.0145675 0.546107 0.408756 -0.679922 0.60879 -1.29718 2.55431 -3.41323</i>
                        <i>0.368043 0.734692 0.569887 -0.831454 -0.0143048 0.555409 0.416207 -0.67825 0.605598 -1.29714 2.55438 -3.41348</i>
                        <i>0.372154 0.736095 0.56539 -0.826624 -0.014187 0.562576 0.42213 -0.676729 0.603194 -1.29714 2.55445 -3.41369</i>
                        <i>0.373809 0.736971 0.563152 -0.824296 -0.0143843 0.565976 0.425209 -0.675771 0.602106 -1.29717 2.55449 -3.4138</i>
                        <i>0.374578 0.733556 0.567086 -0.825123 -0.0152509 0.564747 0.422922 -0.679458 0.599562 -1.29408 2.55572 -3.4095</i>
                        <i>0.375469 0.725308 0.577019 -0.828317 -0.0167237 0.560011 0.41583 -0.688221 0.594506 -1.28724 2.55841 -3.39999</i>
                        <i>0.374737 0.716773 0.588055 -0.832895 -0.0183495 0.553127 0.407257 -0.697065 0.59012 -1.28045 2.56106 -3.39042</i>
                        <i>0.370909 0.712705 0.59538 -0.837854 -0.0196926 0.545538 0.400533 -0.701187 0.589839 -1.27748 2.56226 -3.38598</i>
                        <i>0.362769 0.717904 0.594149 -0.842193 -0.0203396 0.538793 0.398886 -0.695845 0.597235 -1.28208 2.56055 -3.39184</i>
                        <i>0.349017 0.736727 0.579155 -0.844948 -0.0198779 0.534479 0.405277 -0.675898 0.615559 -1.29802 2.55444 -3.41321</i>
                        <i>0.324713 0.774227 0.543263 -0.84637 -0.0185181 0.532274 0.422161 -0.632637 0.649269 -1.33244 2.54152 -3.45702</i>
                        <i>0.288977 0.824385 0.486705 -0.847235 -0.0164857 0.530962 0.445741 -0.56579 0.693684 -1.38382 2.52208 -3.52062</i>
                        <i>0.246651 0.87518 0.416201 -0.847563 -0.0134292 0.530525 0.469894 -0.483611 0.738458 -1.44286 2.49871 -3.59475</i>
                        <i>0.203517 0.917756 0.341036 -0.847531 -0.00924972 0.530665 0.490176 -0.397038 0.775944 -1.50019 2.47443 -3.67006</i>
                        <i>0.166179 0.947647 0.272671 -0.847365 -0.00419201 0.530994 0.504338 -0.319292 0.802306 -1.54642 2.45273 -3.73711</i>
                        <i>0.141691 0.96434 0.223546 -0.847184 0.00131547 0.531298 0.512058 -0.264665 0.81716 -1.57217 2.4375 -3.78649</i>
                        <i>0.133593 0.971415 0.196227 -0.846482 0.0088772 0.532344 0.515385 -0.23722 0.823471 -1.5692 2.43323 -3.81601</i>
                        <i>0.13738 0.973479 0.182936 -0.845153 0.0188853 0.53419 0.516568 -0.227995 0.825334 -1.54335 2.43802 -3.83272</i>
                        <i>0.148442 0.972377 0.180131 -0.843584 0.0294526 0.536188 0.516072 -0.231548 0.824654 -1.5064 2.44625 -3.84117</i>
                        <i>0.162261 0.969451 0.183948 -0.841956 0.038811 0.538148 0.514569 -0.242197 0.822532 -1.47013 2.45238 -3.84584</i>
                        <i>0.174215 0.966103 0.190508 -0.840397 0.0450437 0.540096 0.513208 -0.254195 0.819758 -1.44632 2.45098 -3.85119</i>
                        <i>0.179457 0.963989 0.196267 -0.839259 0.0459289 0.541789 0.513264 -0.261947 0.817278 -1.44675 2.43669 -3.86166</i>
                        <i>0.178434 0.96287 0.202589 -0.838464 0.0410457 0.543408 0.514916 -0.266826 0.814656 -1.47252 2.40193 -3.88011</i>
                        <i>0.175519 0.961117 0.213183 -0.837945 0.032184 0.544804 0.51676 -0.274259 0.811013 -1.51357 2.34829 -3.90429</i>
                        <i>0.171657 0.958268 0.228595 -0.838351 0.0202243 0.544755 0.517398 -0.285154 0.806837 -1.56481 2.28415 -3.931</i>
                        <i>0.16773 0.953914 0.248825 -0.84005 0.00620742 0.542473 0.515928 -0.300014 0.802377 -1.62116 2.21802 -3.95704</i>
                        <i>0.164239 0.947996 0.272634 -0.843061 -0.0085924 0.537749 0.512127 -0.318166 0.797807 -1.67759 2.15867 -3.9792</i>
                        <i>0.16124 0.941045 0.297383 -0.847107 -0.0226397 0.53094 0.506371 -0.337524 0.793515 -1.72913 2.11507 -3.9943</i>
                        <i>0.158649 0.934217 0.319483 -0.851734 -0.0341654 0.522859 0.499379 -0.355066 0.790284 -1.77099 2.09633 -3.99912</i>
                        <i>0.156591 0.929048 0.335185 -0.856414 -0.0413224 0.514633 0.491969 -0.367644 0.78918 -1.79844 2.11166 -3.99042</i>
                        <i>0.154203 0.927535 0.340441 -0.861189 -0.0427273 0.506486 0.48433 -0.371286 0.792194 -1.74327 2.41601 -3.86999</i>
                        <i>0.151326 0.929413 0.336589 -0.866211 -0.0393621 0.498126 0.476214 -0.366937 0.799111 -1.66403 2.78557 -3.72016</i>
                        <i>0.14933 0.932511 0.328821 -0.871207 -0.033197 0.489793 0.467653 -0.359612 0.807453 -1.64723 2.92084 -3.66099</i>
                        <i>0.14918 0.934952 0.321884 -0.876058 -0.0259885 0.481505 0.458549 -0.35382 0.815196 -1.64523 3.00677 -3.62252</i>
                        <i>0.151144 0.935608 0.31905 -0.880729 -0.0190982 0.473235 0.448856 -0.352523 0.821131 -1.64221 3.06117 -3.58728</i>
                        <i>0.154803 0.934018 0.321942 -0.885176 -0.0135901 0.465057 0.438747 -0.356967 0.824667 -1.62239 3.10214 -3.53787</i>
                        <i>0.16265 0.928131 0.334841 -0.8896 -0.00884939 0.456654 0.426798 -0.372149 0.824226 -1.57332 3.11976 -3.46102</i>
                        <i>0.173824 0.918635 0.354815 -0.893991 -0.00390117 0.448067 0.412995 -0.395087 0.820574 -1.50589 3.10948 -3.36863</i>
                        <i>0.183117 0.90996 0.372078 -0.898027 0.000826193 0.43994 0.40002 -0.414696 0.817319 -1.43928 3.09793 -3.28114</i>
                        <i>0.186024 0.907306 0.377082 -0.901449 0.00492579 0.432856 0.390876 -0.420442 0.818807 -1.39259 3.11188 -3.21904</i>
                        <i>0.182604 0.911321 0.368984 -0.904314 0.00839975 0.426785 0.385839 -0.411611 0.825654 -1.36771 3.15434 -3.18403</i>
                        <i>0.176398 0.918243 0.354562 -0.906898 0.0115832 0.421191 0.382649 -0.395849 0.834796 -1.35179 3.20799 -3.16144</i>
                        <i>0.168412 0.926779 0.335734 -0.909299 0.0145771 0.415887 0.380542 -0.375323 0.845175 -1.34183 3.26905 -3.14714</i>
                        <i>0.159633 0.935737 0.314506 -0.911605 0.017479 0.410696 0.378806 -0.352265 0.855813 -1.33482 3.33378 -3.13699</i>
                        <i>0.151045 0.944111 0.292983 -0.91389 0.0203886 0.40545 0.376816 -0.328995 0.865893 -1.32777 3.39845 -3.12685</i>
                        <i>0.143645 0.951123 0.27337 -0.916221 0.0234094 0.39999 0.37404 -0.307923 0.874801 -1.31772 3.45937 -3.11258</i>
                    </KeyFrames>
                </p>
            </i>
            <i>
                <p>
                    <Name><![CDATA[spine1]]></Name>
                    <Exclude>0</Exclude>
                    <Additive>0</Additive>
                    <IKPriority>0</IKPriority>
                    <IKRotLimits>-1e+010 -1e+010 -1e+010 1e+010 1e+010 1e+010</IKRotLimits>
                    <IKRotLimitOrder>0</IKRotLimitOrder>
                    <KeyFrames count="97">
                        <i>0.273037 0.829774 0.486751 -0.909096 0.0570682 0.41266 0.314636 -0.555175 0.769925 -1.29291 3.62364 -3.06537</i>
                        <i>0.250609 0.795753 0.551337 -0.929994 0.0397006 0.365426 0.2689 -0.604318 0.749995 -1.30033 3.60855 -3.06465</i>
                        <i>0.218809 0.755241 0.617847 -0.949022 0.0174809 0.314725 0.226893 -0.655215 0.720565 -1.30926 3.57352 -3.06169</i>
                        <i>0.181132 0.709592 0.680933 -0.964793 -0.00604473 0.262939 0.190696 -0.704587 0.683515 -1.32064 3.52705 -3.05868</i>
                        <i>0.142312 0.661821 0.73603 -0.97677 -0.0264612 0.212652 0.160214 -0.749194 0.642681 -1.33477 3.47815 -3.05788</i>
                        <i>0.107675 0.616602 0.779877 -0.985249 -0.038762 0.166676 0.133003 -0.78632 0.603333 -1.35148 3.4364 -3.0613</i>
                        <i>0.0826009 0.579744 0.810601 -0.991056 -0.0377595 0.127995 0.104812 -0.813923 0.57144 -1.37034 3.4118 -3.07066</i>
                        <i>0.0692107 0.550557 0.831923 -0.995479 -0.0162624 0.0935798 0.0650501 -0.834639 0.546943 -1.38908 3.41628 -3.0832</i>
                        <i>0.0644999 0.526748 0.847571 -0.997849 0.0240991 0.0609589 0.0116843 -0.84968 0.527169 -1.40691 3.44479 -3.09685</i>
                        <i>0.0670982 0.511274 0.856795 -0.996673 0.0741718 0.0337921 -0.046273 -0.856211 0.514549 -1.42542 3.48186 -3.11403</i>
                        <i>0.0765865 0.506209 0.859003 -0.992174 0.123904 0.0154435 -0.098616 -0.853464 0.511737 -1.44605 3.51215 -3.13722</i>
                        <i>0.0926888 0.513059 0.853334 -0.986568 0.1631 0.00909801 -0.134511 -0.842715 0.521285 -1.47029 3.52054 -3.16896</i>
                        <i>0.114227 0.53337 0.838134 -0.983101 0.182173 0.0180532 -0.143056 -0.826032 0.545166 -1.49985 3.49205 -3.21193</i>
                        <i>0.147223 0.569727 0.80854 -0.982226 0.18044 0.0517035 -0.116436 -0.801781 0.586165 -1.53866 3.41579 -3.27258</i>
                        <i>0.188555 0.618658 0.762699 -0.980166 0.166791 0.107026 -0.0609985 -0.767752 0.637837 -1.58823 3.30057 -3.35066</i>
                        <i>0.223531 0.672951 0.705104 -0.974639 0.146423 0.169233 0.0106418 -0.72505 0.688614 -1.64606 3.1612 -3.4382</i>
                        <i>0.24371 0.72469 0.644539 -0.966272 0.124417 0.225474 0.0832073 -0.67775 0.730569 -1.70711 3.0133 -3.5263</i>
                        <i>0.249027 0.765991 0.592658 -0.958289 0.106273 0.265307 0.140239 -0.634006 0.760506 -1.76338 2.87415 -3.6059</i>
                        <i>0.24549 0.790126 0.561636 -0.955121 0.098074 0.279507 0.165764 -0.605047 0.778743 -1.80512 2.76267 -3.66841</i>
                        <i>0.244683 0.794331 0.556029 -0.95512 0.0987119 0.279287 0.16696 -0.599411 0.782835 -1.83472 2.67664 -3.71407</i>
                        <i>0.251332 0.784234 0.567283 -0.953841 0.101145 0.282767 0.164378 -0.612166 0.773455 -1.85928 2.60144 -3.74977</i>
                        <i>0.261673 0.766209 0.586899 -0.951326 0.102182 0.290753 0.162807 -0.634415 0.755653 -1.8762 2.53758 -3.77731</i>
                        <i>0.272598 0.746964 0.606412 -0.947546 0.0991098 0.303866 0.166875 -0.657436 0.734799 -1.88262 2.48588 -3.79854</i>
                        <i>0.28228 0.733972 0.61774 -0.942095 0.0905715 0.322883 0.181037 -0.673113 0.717039 -1.8753 2.44787 -3.81529</i>
                        <i>0.289704 0.73507 0.61298 -0.93387 0.076795 0.349271 0.209665 -0.673628 0.708707 -1.85086 2.42566 -3.82934</i>
                        <i>0.295368 0.753926 0.586817 -0.918555 0.0552042 0.39142 0.262707 -0.654636 0.708827 -1.79719 2.4274 -3.83943</i>
                        <i>0.29673 0.784967 0.543854 -0.893021 0.0263236 0.449244 0.338326 -0.618978 0.708803 -1.71517 2.45311 -3.84418</i>
                        <i>0.289695 0.821261 0.491536 -0.858752 -0.00374526 0.512378 0.422637 -0.570541 0.704174 -1.62085 2.49278 -3.84489</i>
                        <i>0.274204 0.855934 0.438395 -0.820417 -0.0296296 0.570997 0.501725 -0.516236 0.694098 -1.52945 2.53663 -3.84247</i>
                        <i>0.254991 0.883394 0.393186 -0.786023 -0.0474541 0.616373 0.563159 -0.466223 0.682267 -1.45522 2.57528 -3.8377</i>
                        <i>0.240273 0.899919 0.363888 -0.765617 -0.0547613 0.640961 0.59674 -0.432605 0.675836 -1.41163 2.59969 -3.83145</i>
                        <i>0.233898 0.907643 0.348533 -0.765615 -0.0490095 0.641429 0.59927 -0.416871 0.683442 -1.40686 2.60874 -3.82569</i>
                        <i>0.23313 0.911129 0.339844 -0.78114 -0.0326907 0.6235 0.579198 -0.410822 0.704098 -1.43114 2.60954 -3.82006</i>
                        <i>0.236354 0.911163 0.337519 -0.804824 -0.0110453 0.593411 0.544422 -0.411898 0.730715 -1.47095 2.6056 -3.81208</i>
                        <i>0.242171 0.908157 0.341475 -0.82956 0.0112849 0.558304 0.503174 -0.418479 0.756103 -1.51279 2.6005 -3.79923</i>
                        <i>0.250386 0.901971 0.351789 -0.849471 0.0303626 0.526762 0.464442 -0.430728 0.7738 -1.54307 2.59789 -3.77892</i>
                        <i>0.262121 0.891795 0.368775 -0.860101 0.0425959 0.508342 0.437628 -0.450431 0.778199 -1.54808 2.60147 -3.74848</i>
                        <i>0.28215 0.87172 0.400619 -0.863136 0.048368 0.50265 0.418793 -0.487611 0.76606 -1.52529 2.61194 -3.7019</i>
                        <i>0.310912 0.837225 0.449876 -0.863407 0.0509261 0.501931 0.397318 -0.544483 0.738699 -1.48559 2.62592 -3.63956</i>
                        <i>0.343894 0.78962 0.50817 -0.861863 0.0506096 0.504609 0.372731 -0.611505 0.697949 -1.43521 2.64097 -3.56839</i>
                        <i>0.377027 0.731963 0.567523 -0.859368 0.0479189 0.509107 0.345452 -0.679658 0.647092 -1.38035 2.65514 -3.49531</i>
                        <i>0.406886 0.669689 0.621258 -0.85666 0.0436266 0.514033 0.317139 -0.74136 0.591447 -1.32717 2.667 -3.42712</i>
                        <i>0.430884 0.610427 0.664619 -0.854333 0.038762 0.518278 0.290609 -0.791123 0.53821 -1.28174 2.67574 -3.37038</i>
                        <i>0.447236 0.56323 0.694803 -0.852859 0.0345095 0.521 0.269466 -0.825579 0.49579 -1.24999 2.68095 -3.33143</i>
                        <i>0.454582 0.537543 0.710213 -0.852654 0.0320546 0.521491 0.257558 -0.842627 0.47291 -1.23783 2.68232 -3.31645</i>
                        <i>0.452837 0.526465 0.719564 -0.856117 0.0313578 0.51583 0.249002 -0.849618 0.464916 -1.23769 2.68155 -3.31524</i>
                        <i>0.446405 0.51737 0.730104 -0.86243 0.0311845 0.505215 0.238615 -0.855194 0.460116 -1.23785 2.68076 -3.31374</i>
                        <i>0.440791 0.510764 0.738121 -0.867373 0.0307368 0.496709 0.231014 -0.859171 0.456572 -1.23798 2.6801 -3.31249</i>
                        <i>0.441776 0.507138 0.74003 -0.866944 0.029168 0.497551 0.230742 -0.861371 0.452546 -1.23777 2.67975 -3.31198</i>
                        <i>0.451518 0.506454 0.734599 -0.859581 0.0261165 0.510332 0.239275 -0.861871 0.44713 -1.23706 2.67973 -3.31236</i>
                        <i>0.466168 0.507891 0.724385 -0.847714 0.0221712 0.52999 0.253117 -0.861136 0.440882 -1.23605 2.67991 -3.31325</i>
                        <i>0.48255 0.510728 0.711549 -0.833424 0.0179121 0.552344 0.269353 -0.859555 0.434297 -1.23494 2.68021 -3.31441</i>
                        <i>0.497696 0.514178 0.698512 -0.819141 0.0138841 0.573425 0.285144 -0.857571 0.428094 -1.23394 2.68055 -3.31562</i>
                        <i>0.508927 0.517389 0.68797 -0.807679 0.0105773 0.589527 0.297738 -0.855685 0.423267 -1.23322 2.68086 -3.31659</i>
                        <i>0.513774 0.519473 0.682777 -0.802094 0.00843633 0.597139 0.304437 -0.854446 0.421 -1.23297 2.68105 -3.31708</i>
                        <i>0.512462 0.514921 0.687197 -0.804123 0.00698614 0.594422 0.30128 -0.857209 0.41764 -1.22975 2.68171 -3.3121</i>
                        <i>0.506989 0.503222 0.699807 -0.811809 0.00589252 0.583893 0.289705 -0.864137 0.411508 -1.22274 2.683 -3.30087</i>
                        <i>0.49763 0.491075 0.714989 -0.822606 0.00574937 0.568583 0.275106 -0.871099 0.406822 -1.21607 2.68421 -3.28939</i>
                        <i>0.485047 0.485387 0.727412 -0.834063 0.00679664 0.551628 0.262809 -0.874273 0.40814 -1.21375 2.6847 -3.28369</i>
                        <i>0.470265 0.493112 0.731909 -0.843975 0.00884605 0.536309 0.257986 -0.869921 0.420335 -1.21977 2.68386 -3.28978</i>
                        <i>0.454169 0.520775 0.722858 -0.850412 0.0115494 0.52599 0.265574 -0.853616 0.448119 -1.23811 2.68091 -3.31379</i>
                        <i>0.432448 0.576678 0.693131 -0.854499 0.0167603 0.519182 0.287784 -0.8168 0.500019 -1.27677 2.67427 -3.36387</i>
                        <i>0.401724 0.653621 0.641403 -0.858377 0.0247257 0.512422 0.319071 -0.756418 0.570986 -1.33435 2.66318 -3.43731</i>
                        <i>0.36446 0.734754 0.572106 -0.861683 0.0331483 0.506363 0.353088 -0.677523 0.645207 -1.40072 2.64823 -3.52365</i>
                        <i>0.324792 0.806351 0.494275 -0.863784 0.0400467 0.502268 0.38521 -0.59008 0.70952 -1.46548 2.63092 -3.6119</i>
                        <i>0.288439 0.859842 0.421278 -0.863697 0.0437238 0.502112 0.413317 -0.508685 0.755254 -1.51813 2.61405 -3.69069</i>
                        <i>0.262121 0.891795 0.368775 -0.860101 0.0425959 0.508342 0.437628 -0.450431 0.778199 -1.54808 2.60147 -3.74848</i>
                        <i>0.246941 0.908361 0.337491 -0.84942 0.0352895 0.526537 0.466375 -0.416695 0.780294 -1.54652 2.59808 -3.7827</i>
                        <i>0.238087 0.91784 0.317624 -0.831059 0.0232738 0.555698 0.502649 -0.396268 0.76832 -1.5201 2.60273 -3.80176</i>
                        <i>0.234695 0.921649 0.309001 -0.808419 0.00853993 0.588546 0.539794 -0.387931 0.747083 -1.48135 2.61032 -3.81076</i>
                        <i>0.236861 0.920226 0.311579 -0.78569 -0.00721173 0.618579 0.571479 -0.391322 0.721304 -1.44278 2.61572 -3.81483</i>
                        <i>0.245164 0.913154 0.325644 -0.767796 -0.0222055 0.640309 0.591932 -0.407009 0.695672 -1.41692 2.61395 -3.81904</i>
                        <i>0.259811 0.899321 0.351739 -0.760042 -0.034249 0.648971 0.59568 -0.435946 0.674624 -1.41631 2.60017 -3.82836</i>
                        <i>0.283159 0.874522 0.39374 -0.76248 -0.0437588 0.64553 0.58176 -0.483007 0.654415 -1.44192 2.56709 -3.84536</i>
                        <i>0.313525 0.836599 0.449227 -0.770615 -0.0522612 0.635154 0.554846 -0.545318 0.62831 -1.48293 2.51614 -3.86708</i>
                        <i>0.343958 0.788731 0.509506 -0.782953 -0.0586265 0.619312 0.518341 -0.611937 0.597374 -1.53414 2.45551 -3.89016</i>
                        <i>0.368953 0.736312 0.567202 -0.798072 -0.0618221 0.599383 0.476398 -0.673812 0.56482 -1.59038 2.39334 -3.91137</i>
                        <i>0.385708 0.685694 0.617295 -0.814538 -0.0611508 0.576879 0.43331 -0.725317 0.534937 -1.64661 2.33783 -3.92777</i>
                        <i>0.39416 0.642442 0.657196 -0.83083 -0.0566122 0.55364 0.392886 -0.764241 0.511445 -1.69797 2.29742 -3.9368</i>
                        <i>0.396054 0.610492 0.685887 -0.845329 -0.0492637 0.53197 0.358553 -0.790489 0.496555 -1.73974 2.28086 -3.93616</i>
                        <i>0.393712 0.592547 0.702765 -0.856414 -0.0413224 0.514633 0.333984 -0.804475 0.491196 -1.76727 2.29714 -3.92365</i>
                        <i>0.386789 0.594419 0.705025 -0.863918 -0.0338437 0.502495 0.322553 -0.803443 0.500439 -1.71262 2.60091 -3.80228</i>
