<?xml version="1.0" encoding="ISO-8859-1" ?>
<Animl Version="1">
    <ModellingPackage><![CDATA[Maya.2010]]></ModellingPackage>
    <SrcFile><![CDATA[anims\turrets\antiair\blue\~src\aa_chaparral\aa_chaparral_reload_crewman_c.mb]]></SrcFile>
    <FramesPerSecond>30</FramesPerSecond>
    <TotalFrames>97</TotalFrames>
    <Skeleton>
        <RefFrame>
            <Name><![CDATA[soldier_ref_frame]]></Name>
            <Exclude>0</Exclude>
            <Additive>0</Additive>
            <IKPriority>0</IKPriority>
            <IKRotLimits>-1e+010 -1e+010 -1e+010 1e+010 1e+010 1e+010</IKRotLimits>
            <IKRotLimitOrder>0</IKRotLimitOrder>
            <KeyFrames count="97">
                <i>1 0 0 0 1 0 0 0 1 3.27 4.06 -0.52</i>
                <i>1 0 0 0 1 0 0 0 1 3.27 4.06 -0.52</i>
                <i>1 0 0 0 1 0 0 0 1 3.27 4.06 -0.52</i>
                <i>1 0 0 0 1 0 0 0 1 3.27 4.06 -0.52</i>
                <i>1 0 0 0 1 0 0 0 1 3.27 4.06 -0.52</i>
                <i>1 0 0 0 1 0 0 0 1 3.27 4.06 -0.52</i>
                <i>1 0 0 0 1 0 0 0 1 3.27 4.06 -0.52</i>
                <i>1 0 0 0 1 0 0 0 1 3.27 4.06 -0.52</i>
                <i>1 0 0 0 1 0 0 0 1 3.27 4.06 -0.52</i>
                <i>1 0 0 0 1 0 0 0 1 3.27 4.06 -0.52</i>
                <i>1 0 0 0 1 0 0 0 1 3.27 4.06 -0.52</i>
                <i>1 0 0 0 1 0 0 0 1 3.27 4.06 -0.52</i>
                <i>1 0 0 0 1 0 0 0 1 3.27 4.06 -0.52</i>
                <i>1 0 0 0 1 0 0 0 1 3.27 4.06 -0.52</i>
                <i>1 0 0 0 1 0 0 0 1 3.27 4.06 -0.52</i>
                <i>1 0 0 0 1 0 0 0 1 3.27 4.06 -0.52</i>
                <i>1 0 0 0 1 0 0 0 1 3.27 4.06 -0.52</i>
                <i>1 0 0 0 1 0 0 0 1 3.27 4.06 -0.52</i>
                <i>1 0 0 0 1 0 0 0 1 3.27 4.06 -0.52</i>
                <i>1 0 0 0 1 0 0 0 1 3.27 4.06 -0.52</i>
                <i>1 0 0 0 1 0 0 0 1 3.27 4.06 -0.52</i>
                <i>1 0 0 0 1 0 0 0 1 3.27 4.06 -0.52</i>
                <i>1 0 0 0 1 0 0 0 1 3.27 4.06 -0.52</i>
                <i>1 0 0 0 1 0 0 0 1 3.27 4.06 -0.52</i>
                <i>1 0 0 0 1 0 0 0 1 3.27 4.06 -0.52</i>
                <i>1 0 0 0 1 0 0 0 1 3.27 4.06 -0.52</i>
                <i>1 0 0 0 1 0 0 0 1 3.27 4.06 -0.52</i>
                <i>1 0 0 0 1 0 0 0 1 3.27 4.06 -0.52</i>
                <i>1 0 0 0 1 0 0 0 1 3.27 4.06 -0.52</i>
                <i>1 0 0 0 1 0 0 0 1 3.27 4.06 -0.52</i>
                <i>1 0 0 0 1 0 0 0 1 3.27 4.06 -0.52</i>
                <i>1 0 0 0 1 0 0 0 1 3.27 4.06 -0.52</i>
                <i>1 0 0 0 1 0 0 0 1 3.27 4.06 -0.52</i>
                <i>1 0 0 0 1 0 0 0 1 3.27 4.06 -0.52</i>
                <i>1 0 0 0 1 0 0 0 1 3.27 4.06 -0.52</i>
                <i>1 0 0 0 1 0 0 0 1 3.27 4.06 -0.52</i>
                <i>1 0 0 0 1 0 0 0 1 3.27 4.06 -0.52</i>
                <i>1 0 0 0 1 0 0 0 1 3.27 4.06 -0.52</i>
                <i>1 0 0 0 1 0 0 0 1 3.27 4.06 -0.52</i>
                <i>1 0 0 0 1 0 0 0 1 3.27 4.06 -0.52</i>
                <i>1 0 0 0 1 0 0 0 1 3.27 4.06 -0.52</i>
                <i>1 0 0 0 1 0 0 0 1 3.27 4.06 -0.52</i>
                <i>1 0 0 0 1 0 0 0 1 3.27 4.06 -0.52</i>
                <i>1 0 0 0 1 0 0 0 1 3.27 4.06 -0.52</i>
                <i>1 0 0 0 1 0 0 0 1 3.27 4.06 -0.52</i>
                <i>1 0 0 0 1 0 0 0 1 3.27 4.06 -0.52</i>
                <i>1 0 0 0 1 0 0 0 1 3.27 4.06 -0.52</i>
                <i>1 0 0 0 1 0 0 0 1 3.27 4.06 -0.52</i>
                <i>1 0 0 0 1 0 0 0 1 3.27 4.06 -0.52</i>
                <i>1 0 0 0 1 0 0 0 1 3.27 4.06 -0.52</i>
                <i>1 0 0 0 1 0 0 0 1 3.27 4.06 -0.52</i>
                <i>1 0 0 0 1 0 0 0 1 3.27 4.06 -0.52</i>
                <i>1 0 0 0 1 0 0 0 1 3.27 4.06 -0.52</i>
                <i>1 0 0 0 1 0 0 0 1 3.27 4.06 -0.52</i>
                <i>1 0 0 0 1 0 0 0 1 3.27 4.06 -0.52</i>
                <i>1 0 0 0 1 0 0 0 1 3.27 4.06 -0.52</i>
                <i>1 0 0 0 1 0 0 0 1 3.27 4.06 -0.52</i>
                <i>1 0 0 0 1 0 0 0 1 3.27 4.06 -0.52</i>
                <i>1 0 0 0 1 0 0 0 1 3.27 4.06 -0.52</i>
                <i>1 0 0 0 1 0 0 0 1 3.27 4.06 -0.52</i>
                <i>1 0 0 0 1 0 0 0 1 3.27 4.06 -0.52</i>
                <i>1 0 0 0 1 0 0 0 1 3.27 4.06 -0.52</i>
                <i>1 0 0 0 1 0 0 0 1 3.27 4.06 -0.52</i>
                <i>1 0 0 0 1 0 0 0 1 3.27 4.06 -0.52</i>
                <i>1 0 0 0 1 0 0 0 1 3.27 4.06 -0.52</i>
                <i>1 0 0 0 1 0 0 0 1 3.27 4.06 -0.52</i>
                <i>1 0 0 0 1 0 0 0 1 3.27 4.06 -0.52</i>
                <i>1 0 0 0 1 0 0 0 1 3.27 4.06 -0.52</i>
                <i>1 0 0 0 1 0 0 0 1 3.27 4.06 -0.52</i>
                <i>1 0 0 0 1 0 0 0 1 3.27 4.06 -0.52</i>
                <i>1 0 0 0 1 0 0 0 1 3.27 4.06 -0.52</i>
                <i>1 0 0 0 1 0 0 0 1 3.27 4.06 -0.52</i>
                <i>1 0 0 0 1 0 0 0 1 3.27 4.06 -0.52</i>
                <i>1 0 0 0 1 0 0 0 1 3.27 4.06 -0.52</i>
                <i>1 0 0 0 1 0 0 0 1 3.27 4.06 -0.52</i>
                <i>1 0 0 0 1 0 0 0 1 3.27 4.06 -0.52</i>
                <i>1 0 0 0 1 0 0 0 1 3.27 4.06 -0.52</i>
                <i>1 0 0 0 1 0 0 0 1 3.27 4.06 -0.52</i>
                <i>1 0 0 0 1 0 0 0 1 3.27 4.06 -0.52</i>
                <i>1 0 0 0 1 0 0 0 1 3.27 4.06 -0.52</i>
                <i>1 0 0 0 1 0 0 0 1 3.27 4.06 -0.52</i>
                <i>1 0 0 0 1 0 0 0 1 3.27 4.06 -0.52</i>
                <i>1 0 0 0 1 0 0 0 1 3.27 4.06 -0.52</i>
                <i>1 0 0 0 1 0 0 0 1 3.27 4.06 -0.52</i>
                <i>1 0 0 0 1 0 0 0 1 3.27 4.06 -0.52</i>
                <i>1 0 0 0 1 0 0 0 1 3.27 4.06 -0.52</i>
                <i>1 0 0 0 1 0 0 0 1 3.27 4.06 -0.52</i>
                <i>1 0 0 0 1 0 0 0 1 3.27 4.06 -0.52</i>
                <i>1 0 0 0 1 0 0 0 1 3.27 4.06 -0.52</i>
                <i>1 0 0 0 1 0 0 0 1 3.27 4.06 -0.52</i>
                <i>1 0 0 0 1 0 0 0 1 3.27 4.06 -0.52</i>
                <i>1 0 0 0 1 0 0 0 1 3.27 4.06 -0.52</i>
                <i>1 0 0 0 1 0 0 0 1 3.27 4.06 -0.52</i>
                <i>1 0 0 0 1 0 0 0 1 3.27 4.06 -0.52</i>
                <i>1 0 0 0 1 0 0 0 1 3.27 4.06 -0.52</i>
                <i>1 0 0 0 1 0 0 0 1 3.27 4.06 -0.52</i>
                <i>1 0 0 0 1 0 0 0 1 3.27 4.06 -0.52</i>
            </KeyFrames>
        </RefFrame>
        <Bones count="23">
            <i>
                <p>
                    <Name><![CDATA[pelvis]]></Name>
                    <Exclude>0</Exclude>
                    <Additive>0</Additive>
                    <IKPriority>0</IKPriority>
                    <IKRotLimits>-1e+010 -1e+010 -1e+010 1e+010 1e+010 1e+010</IKRotLimits>
                    <IKRotLimitOrder>2</IKRotLimitOrder>
                    <KeyFrames count="97">
                        <i>1 0 0 0 1 0 0 0 1 3.334 4.58939 -0.419643</i>
                        <i>1 0 0 0 1 0 0 0 1 3.334 4.58936 -0.419643</i>
                        <i>1 0 0 0 1 0 0 0 1 3.334 4.58934 -0.419643</i>
                        <i>1 0 0 0 1 0 0 0 1 3.334 4.58931 -0.419643</i>
                        <i>1 0 0 0 1 0 0 0 1 3.334 4.58928 -0.419643</i>
                        <i>1 0 0 0 1 0 0 0 1 3.334 4.58927 -0.419643</i>
                        <i>1 0 0 0 1 0 0 0 1 3.334 4.58926 -0.419643</i>
                        <i>1 0 0 0 1 0 0 0 1 3.334 4.58925 -0.419643</i>
                        <i>1 0 0 0 1 0 0 0 1 3.334 4.58922 -0.419643</i>
                        <i>1 0 0 0 1 0 0 0 1 3.334 4.58918 -0.419643</i>
                        <i>1 0 0 0 1 0 0 0 1 3.334 4.58914 -0.419643</i>
                        <i>1 0 0 0 1 0 0 0 1 3.334 4.5891 -0.419643</i>
                        <i>1 0 0 0 1 0 0 0 1 3.334 4.58908 -0.419643</i>
                        <i>1 0 0 0 1 0 0 0 1 3.334 4.58907 -0.419643</i>
                        <i>1 0 0 0 1 0 0 0 1 3.334 4.58906 -0.419643</i>
                        <i>1 0 0 0 1 0 0 0 1 3.334 4.58906 -0.419643</i>
                        <i>1 0 0 0 1 0 0 0 1 3.334 4.58906 -0.419643</i>
                        <i>1 0 0 0 1 0 0 0 1 3.334 4.58907 -0.419643</i>
                        <i>1 0 0 0 1 0 0 0 1 3.334 4.58907 -0.419643</i>
                        <i>1 0 0 0 1 0 0 0 1 3.334 4.58908 -0.419643</i>
                        <i>1 0 0 0 1 0 0 0 1 3.334 4.58908 -0.419643</i>
                        <i>1 0 0 0 1 0 0 0 1 3.33339 4.58649 -0.420325</i>
                        <i>1 0 0 0 1 0 0 0 1 3.33182 4.57976 -0.422067</i>
                        <i>1 0 0 0 1 0 0 0 1 3.3297 4.57045 -0.424414</i>
                        <i>1 0 0 0 1 0 0 0 1 3.32745 4.56011 -0.426914</i>
                        <i>1 0 0 0 1 0 0 0 1 3.32547 4.55029 -0.42911</i>
                        <i>1 0 0 0 1 0 0 0 1 3.32417 4.54257 -0.430549</i>
                        <i>1 0 0 0 1 0 0 0 1 3.32397 4.53848 -0.430777</i>
                        <i>1 0 0 0 1 0 0 0 1 3.32526 4.53959 -0.429338</i>
                        <i>1 0 0 0 1 0 0 0 1 3.32847 4.54746 -0.425778</i>
                        <i>1 0 0 0 1 0 0 0 1 3.334 4.56364 -0.419643</i>
                        <i>1 0 0 0 1 0 0 0 1 3.34684 4.59898 -0.409281</i>
                        <i>1 0 0 0 1 0 0 0 1 3.36839 4.65693 -0.39389</i>
                        <i>1 0 0 0 1 0 0 0 1 3.39375 4.72787 -0.374292</i>
                        <i>1 0 0 0 1 0 0 0 1 3.41796 4.80221 -0.351307</i>
                        <i>1 0 0 0 1 0 0 0 1 3.4361 4.87035 -0.325756</i>
                        <i>1 0 0 0 1 0 0 0 1 3.44325 4.92269 -0.298459</i>
                        <i>1 0 0 0 1 0 0 0 1 3.43922 4.96232 -0.267164</i>
                        <i>1 0 0 0 1 0 0 0 1 3.42845 4.99864 -0.230602</i>
                        <i>1 0 0 0 1 0 0 0 1 3.41295 5.03156 -0.191065</i>
                        <i>1 0 0 0 1 0 0 0 1 3.39469 5.06095 -0.150851</i>
                        <i>1 0 0 0 1 0 0 0 1 3.37568 5.08671 -0.112252</i>
                        <i>1 0 0 0 1 0 0 0 1 3.3579 5.10871 -0.0775655</i>
                        <i>1 0 0 0 1 0 0 0 1 3.34334 5.12684 -0.0490847</i>
                        <i>1 0 0 0 1 0 0 0 1 3.334 5.141 -0.0291051</i>
                        <i>1 0 0 0 1 0 0 0 1 3.32909 5.15082 -0.0169841</i>
                        <i>1 0 0 0 1 0 0 0 1 3.32623 5.15652 -0.00995099</i>
                        <i>1 0 0 0 1 0 0 0 1 3.32508 5.15882 -0.0071078</i>
                        <i>1 0 0 0 1 0 0 0 1 3.32526 5.15846 -0.00755673</i>
                        <i>1 0 0 0 1 0 0 0 1 3.32642 5.15616 -0.0103999</i>
                        <i>1 0 0 0 1 0 0 0 1 3.32818 5.15264 -0.0147395</i>
                        <i>1 0 0 0 1 0 0 0 1 3.33018 5.14864 -0.0196777</i>
                        <i>1 0 0 0 1 0 0 0 1 3.33206 5.14488 -0.0243165</i>
                        <i>1 0 0 0 1 0 0 0 1 3.33346 5.14209 -0.0277583</i>
                        <i>1 0 0 0 1 0 0 0 1 3.334 5.141 -0.0291051</i>
                        <i>1 0 0 0 1 0 0 0 1 3.334 5.14097 -0.0291224</i>
                        <i>1 0 0 0 1 0 0 0 1 3.334 5.14091 -0.0291668</i>
                        <i>1 0 0 0 1 0 0 0 1 3.334 5.14082 -0.0292266</i>
                        <i>1 0 0 0 1 0 0 0 1 3.334 5.14073 -0.0292902</i>
                        <i>1 0 0 0 1 0 0 0 1 3.334 5.14066 -0.0293461</i>
                        <i>1 0 0 0 1 0 0 0 1 3.334 5.1406 -0.0293828</i>
                        <i>1 0 0 0 1 0 0 0 1 3.334 5.1406 -0.0293886</i>
                        <i>1 0 0 0 1 0 0 0 1 3.334 5.14065 -0.0293519</i>
                        <i>1 0 0 0 1 0 0 0 1 3.334 5.14078 -0.0292613</i>
                        <i>1 0 0 0 1 0 0 0 1 3.334 5.141 -0.0291051</i>
                        <i>1 0 0 0 1 0 0 0 1 3.334 5.14141 -0.0279424</i>
                        <i>1 0 0 0 1 0 0 0 1 3.334 5.14207 -0.0253772</i>
                        <i>1 0 0 0 1 0 0 0 1 3.334 5.14286 -0.0222147</i>
                        <i>1 0 0 0 1 0 0 0 1 3.334 5.14372 -0.0192605</i>
                        <i>1 0 0 0 1 0 0 0 1 3.334 5.14453 -0.0173198</i>
                        <i>1 0 0 0 1 0 0 0 1 3.334 5.14523 -0.0171982</i>
                        <i>1 0 0 0 1 0 0 0 1 3.334 5.14571 -0.019701</i>
                        <i>1 0 0 0 1 0 0 0 1 3.334 5.14589 -0.0256336</i>
                        <i>1 0 0 0 1 0 0 0 1 3.334 5.14897 -0.0342976</i>
                        <i>1 0 0 0 1 0 0 0 1 3.334 5.15639 -0.0446267</i>
                        <i>1 0 0 0 1 0 0 0 1 3.334 5.16547 -0.0568742</i>
                        <i>1 0 0 0 1 0 0 0 1 3.334 5.17349 -0.0712937</i>
                        <i>1 0 0 0 1 0 0 0 1 3.334 5.17775 -0.0881387</i>
                        <i>1 0 0 0 1 0 0 0 1 3.334 5.17556 -0.107663</i>
                        <i>1 0 0 0 1 0 0 0 1 3.334 5.16421 -0.130119</i>
                        <i>1 0 0 0 1 0 0 0 1 3.334 5.141 -0.155761</i>
                        <i>1 0 0 0 1 0 0 0 1 3.334 5.10131 -0.188065</i>
                        <i>1 0 0 0 1 0 0 0 1 3.334 5.04576 -0.228278</i>
                        <i>1 0 0 0 1 0 0 0 1 3.334 4.97944 -0.273313</i>
                        <i>1 0 0 0 1 0 0 0 1 3.334 4.90746 -0.320082</i>
                        <i>1 0 0 0 1 0 0 0 1 3.334 4.83494 -0.365498</i>
                        <i>1 0 0 0 1 0 0 0 1 3.334 4.76698 -0.406472</i>
                        <i>1 0 0 0 1 0 0 0 1 3.334 4.70869 -0.439919</i>
                        <i>1 0 0 0 1 0 0 0 1 3.334 4.66517 -0.462749</i>
                        <i>1 0 0 0 1 0 0 0 1 3.334 4.63661 -0.474113</i>
                        <i>1 0 0 0 1 0 0 0 1 3.334 4.61823 -0.476588</i>
                        <i>1 0 0 0 1 0 0 0 1 3.334 4.60768 -0.472225</i>
                        <i>1 0 0 0 1 0 0 0 1 3.334 4.60261 -0.463077</i>
                        <i>1 0 0 0 1 0 0 0 1 3.334 4.60068 -0.451192</i>
                        <i>1 0 0 0 1 0 0 0 1 3.334 4.59952 -0.438625</i>
                        <i>1 0 0 0 1 0 0 0 1 3.334 4.5968 -0.427424</i>
                        <i>1 0 0 0 1 0 0 0 1 3.334 4.59016 -0.419643</i>
                    </KeyFrames>
                </p>
            </i>
            <i>
                <p>
                    <Name><![CDATA[spine0]]></Name>
                    <Exclude>0</Exclude>
                    <Additive>0</Additive>
                    <IKPriority>0</IKPriority>
                    <IKRotLimits>-1e+010 -1e+010 -1e+010 1e+010 1e+010 1e+010</IKRotLimits>
                    <IKRotLimitOrder>0</IKRotLimitOrder>
                    <KeyFrames count="97">
                        <i>-0.0808589 0.788882 0.609201 -0.995389 -0.0955572 -0.0083759 0.051606 -0.607069 0.792971 3.31416 4.72229 -0.471009</i>
                        <i>-0.0813452 0.788908 0.609103 -0.995506 -0.0940376 -0.0111519 0.0484807 -0.607273 0.793013 3.31451 4.7223 -0.471059</i>
                        <i>-0.0818736 0.788955 0.608972 -0.995632 -0.0922566 -0.0143351 0.0448719 -0.607486 0.793062 3.31492 4.72231 -0.471116</i>
                        <i>-0.0824022 0.789006 0.608834 -0.995745 -0.0904757 -0.0175181 0.0412629 -0.607687 0.793104 3.31533 4.72232 -0.471172</i>
                        <i>-0.0828895 0.789044 0.608719 -0.995829 -0.0889566 -0.0202936 0.038137 -0.607862 0.793126 3.31569 4.72233 -0.47122</i>
                        <i>-0.0832944 0.789047 0.60866 -0.995875 -0.087961 -0.0222546 0.0359783 -0.608003 0.793119 3.31594 4.72233 -0.471255</i>
                        <i>-0.0835757 0.788996 0.608688 -0.995877 -0.0877507 -0.022994 0.0352706 -0.6081 0.793077 3.31604 4.72233 -0.471267</i>
                        <i>-0.0843056 0.792633 0.603842 -0.996024 -0.0845331 -0.0280979 0.0287734 -0.60381 0.796608 3.31683 4.72209 -0.472115</i>
                        <i>-0.0854817 0.801993 0.591185 -0.996268 -0.0759053 -0.041082 0.0119266 -0.592491 0.805489 3.31887 4.72145 -0.474258</i>
                        <i>-0.0861584 0.814466 0.573779 -0.996224 -0.0642202 -0.0584334 -0.0107437 -0.576647 0.816923 3.32167 4.72049 -0.477096</i>
                        <i>-0.0858149 0.827459 0.55493 -0.995708 -0.0518499 -0.0766634 -0.0346628 -0.559127 0.828357 3.3247 4.71937 -0.480042</i>
                        <i>-0.0846585 0.838496 0.538291 -0.994877 -0.0411749 -0.0923288 -0.0552532 -0.54335 0.837686 3.32737 4.71831 -0.482541</i>
                        <i>-0.0835519 0.845257 0.527787 -0.994181 -0.0345637 -0.102031 -0.068 -0.533241 0.843226 3.32906 4.71761 -0.484073</i>
                        <i>-0.0829832 0.84818 0.523167 -0.993829 -0.0316589 -0.106311 -0.0736084 -0.528761 0.845573 3.32981 4.71729 -0.484745</i>
                        <i>-0.0827062 0.84947 0.521114 -0.993654 -0.030295 -0.108319 -0.0762268 -0.526766 0.846586 3.33017 4.71713 -0.485059</i>
                        <i>-0.0826834 0.849534 0.521014 -0.993631 -0.0301159 -0.108581 -0.0765525 -0.526674 0.846613 3.33022 4.71711 -0.4851</i>
                        <i>-0.082838 0.848765 0.522241 -0.993716 -0.030766 -0.107621 -0.075278 -0.527875 0.84598 3.33005 4.71719 -0.48495</i>
                        <i>-0.0830806 0.847557 0.524161 -0.993859 -0.0318901 -0.105963 -0.073094 -0.529746 0.845001 3.32975 4.71731 -0.48469</i>
                        <i>-0.083327 0.846304 0.526143 -0.994012 -0.0331339 -0.104129 -0.0706915 -0.531669 0.843997 3.32943 4.71745 -0.484402</i>
                        <i>-0.0835051 0.845404 0.527559 -0.994132 -0.034143 -0.102643 -0.0687625 -0.533035 0.843294 3.32917 4.71756 -0.484169</i>
                        <i>-0.0835519 0.845257 0.527787 -0.994181 -0.0345637 -0.102031 -0.068 -0.533241 0.843226 3.32906 4.71761 -0.484073</i>
                        <i>-0.0847494 0.841344 0.533815 -0.994122 -0.0351731 -0.102392 -0.0673712 -0.539355 0.839379 3.32826 4.71538 -0.484013</i>
                        <i>-0.0879139 0.829923 0.550907 -0.993976 -0.0367504 -0.103255 -0.065448 -0.556666 0.828154 3.32617 4.70963 -0.483701</i>
                        <i>-0.0922227 0.81241 0.575748 -0.993786 -0.0389085 -0.104282 -0.062318 -0.581787 0.81095 3.32329 4.70171 -0.482933</i>
                        <i>-0.0968392 0.790297 0.605023 -0.993604 -0.041289 -0.105102 -0.0580811 -0.611331 0.789241 3.32011 4.693 -0.481503</i>
                        <i>-0.100985 0.765394 0.63559 -0.993482 -0.0436309 -0.105307 -0.0528698 -0.642082 0.764811 3.31712 4.68489 -0.479219</i>
                        <i>-0.103993 0.739932 0.664595 -0.993474 -0.0458045 -0.104458 -0.0468504 -0.67112 0.739866 3.31481 4.67877 -0.475899</i>
                        <i>-0.105339 0.716557 0.689528 -0.993623 -0.0478029 -0.102119 -0.0402129 -0.695888 0.717023 3.31367 4.67611 -0.471382</i>
                        <i>-0.104648 0.698216 0.708197 -0.993956 -0.0496868 -0.0978877 -0.0331587 -0.714161 0.699196 3.31416 4.67839 -0.465515</i>
                        <i>-0.101675 0.687968 0.718584 -0.99448 -0.0514849 -0.091421 -0.0258985 -0.723913 0.689405 3.31676 4.68714 -0.458161</i>
                        <i>-0.0962635 0.688731 0.718598 -0.995181 -0.0530597 -0.0824602 -0.0186643 -0.723073 0.69052 3.32196 4.70392 -0.449182</i>
                        <i>-0.0854444 0.708412 0.700608 -0.996292 -0.0536092 -0.0672988 -0.0101163 -0.70376 0.710366 3.33491 4.73961 -0.437167</i>
                        <i>-0.068666 0.74673 0.661574 -0.99764 -0.0513954 -0.045536 -1.20495e-006 -0.663139 0.748496 3.35721 4.79773 -0.421203</i>
                        <i>-0.0492549 0.793653 0.606373 -0.998736 -0.0452272 -0.0219303 0.0100195 -0.606687 0.794878 3.38392 4.86871 -0.401902</i>
                        <i>-0.0301362 0.840193 0.541449 -0.999369 -0.0355107 -0.000519635 0.0187907 -0.541123 0.840733 3.40992 4.94298 -0.379839</i>
                        <i>-0.0137522 0.879901 0.474959 -0.999574 -0.0243181 0.0161091 0.0257245 -0.474535 0.879861 3.42996 5.01096 -0.35553</i>
                        <i>-0.00214024 0.909407 0.415901 -0.999525 -0.0147315 0.0270681 0.0307428 -0.415646 0.909007 3.43867 5.0631 -0.329436</i>
                        <i>0.00582093 0.931677 0.363241 -0.999389 -0.00709439 0.0342116 0.0344512 -0.363218 0.931067 3.43587 5.10257 -0.299011</i>
                        <i>0.0126789 0.950473 0.310547 -0.999216 0.000397725 0.0395782 0.0374945 -0.310806 0.949734 3.42631 5.13877 -0.263086</i>
                        <i>0.0186141 0.965839 0.258474 -0.999023 0.00760182 0.0435393 0.0400871 -0.259032 0.965036 3.41194 5.17156 -0.224167</i>
                        <i>0.0236971 0.977986 0.207321 -0.99882 0.014367 0.0463937 0.0423938 -0.208176 0.977172 3.39471 5.20076 -0.184756</i>
                        <i>0.0279177 0.987186 0.157114 -0.998618 0.0205417 0.0483771 0.0445298 -0.158248 0.986395 3.37659 5.22621 -0.147362</i>
                        <i>0.0312153 0.993689 0.10774 -0.998428 0.0259781 0.0496751 0.0465628 -0.109121 0.992937 3.35954 5.24774 -0.114486</i>
                        <i>0.0335043 0.99769 0.059086 -0.99826 0.0305363 0.050439 0.0485182 -0.0606731 0.996978 3.34552 5.26514 -0.0886313</i>
                        <i>0.0346945 0.999336 0.0111327 -0.998127 0.0340866 0.0508037 0.0503905 -0.0128745 0.998647 3.33649 5.2782 -0.0722884</i>
                        <i>0.0344658 0.998593 -0.0403105 -0.99804 0.0364988 0.050834 0.0522338 0.0384794 0.997893 3.33162 5.2863 -0.0653151</i>
                        <i>0.0327608 0.994687 -0.0975928 -0.998002 0.0378343 0.0505976 0.0540211 0.0957403 0.993939 3.32854 5.28944 -0.0649243</i>
                        <i>0.0299179 0.987016 -0.157811 -0.998002 0.0382863 0.0502564 0.0556459 0.155992 0.98619 3.32697 5.28837 -0.0696313</i>
                        <i>0.0263005 0.975584 -0.218048 -0.998025 0.0380724 0.0499626 0.0570443 0.216304 0.974658 3.32659 5.28391 -0.0779672</i>
                        <i>0.0222804 0.96105 -0.275476 -0.998057 0.0374194 0.0498224 0.0581899 0.27383 0.960016 3.3271 5.27697 -0.0885039</i>
                        <i>0.0182257 0.944694 -0.327446 -0.998087 0.0365439 0.049877 0.0590847 0.32591 0.943553 3.32821 5.2686 -0.0998763</i>
                        <i>0.0144931 0.928303 -0.371543 -0.998108 0.0356351 0.0501004 0.0597483 0.370114 0.927063 3.32961 5.25996 -0.110795</i>
                        <i>0.0114248 0.913988 -0.40558 -0.998121 0.0348456 0.0504096 0.0602064 0.404241 0.912669 3.33099 5.25226 -0.120044</i>
                        <i>0.00934935 0.903959 -0.427516 -0.998126 0.0342947 0.0506862 0.0604799 0.426241 0.902586 3.33204 5.24674 -0.126454</i>
                        <i>0.0085868 0.90024 -0.43531 -0.998127 0.0340866 0.0508037 0.0605738 0.434059 0.898846 3.33246 5.24464 -0.128858</i>
                        <i>0.00883389 0.902059 -0.431522 -0.998127 0.0340802 0.0508086 0.0605388 0.430265 0.90067 3.3325 5.24504 -0.128442</i>
                        <i>0.00950534 0.906919 -0.421197 -0.998127 0.0340638 0.0508209 0.0604381 0.419925 0.905544 3.3326 5.24609 -0.1273</i>
                        <i>0.0104958 0.91387 -0.405871 -0.998127 0.0340412 0.0508368 0.0602746 0.404577 0.912516 3.33274 5.24764 -0.125586</i>
                        <i>0.0116995 0.921968 -0.387089 -0.998127 0.0340165 0.0508527 0.060052 0.385769 0.920639 3.33291 5.24949 -0.123456</i>
                        <i>0.0130114 0.93035 -0.366441 -0.998127 0.0339939 0.0508655 0.0597795 0.365093 0.92905 3.3331 5.25148 -0.121075</i>
                        <i>0.0143278 0.938282 -0.345574 -0.998127 0.0339782 0.0508724 0.0594747 0.344198 0.937012 3.33329 5.25344 -0.118622</i>
                        <i>0.0155471 0.945175 -0.326193 -0.998127 0.0339746 0.0508716 0.0591648 0.324791 0.943933 3.33347 5.25524 -0.11629</i>
                        <i>0.0165698 0.950576 -0.310049 -0.998127 0.0339881 0.0508612 0.0588854 0.308625 0.949359 3.33363 5.25676 -0.114283</i>
                        <i>0.0172986 0.954123 -0.298916 -0.998127 0.0340238 0.0508393 0.0586772 0.297477 0.952924 3.33374 5.25789 -0.112815</i>
                        <i>0.0176365 0.955468 -0.294568 -0.998127 0.0340866 0.0508037 0.0585821 0.29312 0.954279 3.33379 5.2585 -0.112097</i>
                        <i>0.0172471 0.952811 -0.303075 -0.998126 0.0342056 0.0507356 0.0587082 0.301632 0.951615 3.33374 5.25822 -0.111927</i>
                        <i>0.0160682 0.945439 -0.325403 -0.998126 0.0343869 0.0506222 0.0590498 0.32398 0.944219 3.33357 5.25692 -0.112006</i>
                        <i>0.0144137 0.934524 -0.355609 -0.998126 0.0346 0.0504704 0.0594699 0.354216 0.933271 3.33333 5.25495 -0.112392</i>
                        <i>0.0126059 0.921634 -0.387855 -0.998127 0.034817 0.0502927 0.0598554 0.386495 0.920347 3.33308 5.25269 -0.113176</i>
                        <i>0.0109779 0.909044 -0.416555 -0.99813 0.0350155 0.0501094 0.0601376 0.415226 0.907728 3.33286 5.25059 -0.114512</i>
                        <i>0.00987041 0.899688 -0.436421 -0.998132 0.0351796 0.0499488 0.0602915 0.435113 0.898355 3.33271 5.2492 -0.116619</i>
                        <i>0.00962566 0.896798 -0.442336 -0.998133 0.035298 0.0498433 0.060313 0.44103 0.895463 3.33268 5.24908 -0.119751</i>
                        <i>0.0105812 0.903233 -0.42902 -0.998132 0.0353591 0.0498252 0.0601735 0.427691 0.90192 3.33282 5.25074 -0.124125</i>
                        <i>0.0137555 0.918695 -0.394728 -0.998128 0.0361449 0.0493411 0.0595968 0.393311 0.917472 3.33331 5.25773 -0.128458</i>
                        <i>0.0192487 0.939049 -0.343244 -0.998107 0.0381041 0.0482729 0.0584096 0.341665 0.938005 3.3342 5.27082 -0.131815</i>
                        <i>0.0259988 0.960423 -0.277329 -0.998054 0.0406676 0.0472722 0.0566796 0.27556 0.959611 3.33531 5.28634 -0.134883</i>
                        <i>0.0329236 0.979206 -0.200179 -0.997971 0.0431306 0.0468429 0.0545027 0.19823 0.978639 3.33644 5.30067 -0.138493</i>
                        <i>0.0389314 0.99254 -0.115533 -0.997886 0.0446383 0.047226 0.0520309 0.11345 0.99218 3.33742 5.31042 -0.143665</i>
                        <i>0.0429439 0.998696 -0.0276007 -0.997851 0.0442433 0.048331 0.0494891 0.0254659 0.99845 3.33805 5.3125 -0.151583</i>
                        <i>0.0439268 0.997282 0.0591592 -0.99792 0.0410042 0.049741 0.04718 -0.0612211 0.997009 3.33815 5.30407 -0.163536</i>
                        <i>0.0409266 0.989258 0.140335 -0.998127 0.0340866 0.0508037 0.0454744 -0.142152 0.9888 3.33756 5.28261 -0.180839</i>
                        <i>0.033195 0.973971 0.224227 -0.998466 0.0223672 0.0506589 0.044325 -0.225564 0.973219 3.33613 5.24398 -0.206431</i>
                        <i>0.0214045 0.947957 0.317677 -0.998834 0.00652462 0.04783 0.0432681 -0.31833 0.946992 3.334 5.1891 -0.240464</i>
                        <i>0.00691182 0.909988 0.414578 -0.999088 -0.0111889 0.0412162 0.0421449 -0.414484 0.90908 3.33143 5.12312 -0.280073</i>
                        <i>-0.00884594 0.860671 0.509084 -0.999124 -0.0284302 0.0307038 0.0408993 -0.508367 0.860169 3.32868 5.05121 -0.322384</i>
                        <i>-0.0244483 0.80297 0.595518 -0.998918 -0.0431976 0.0172363 0.0395652 -0.594453 0.803157 3.32602 4.97858 -0.364505</i>
                        <i>-0.0386201 0.742618 0.668601 -0.998523 -0.0542709 0.00260165 0.0382176 -0.667513 0.743617 3.32365 4.91044 -0.403515</i>
                        <i>-0.050345 0.687963 0.723997 -0.998047 -0.0614962 -0.0109663 0.0369787 -0.723136 0.689715 3.32172 4.85198 -0.436457</i>
                        <i>-0.0589123 0.64893 0.758564 -0.997609 -0.0657772 -0.0212067 0.0361346 -0.758 0.651253 3.3203 4.80835 -0.460357</i>
                        <i>-0.0646952 0.632141 0.772148 -0.997249 -0.0690081 -0.0270601 0.0361787 -0.771775 0.634866 3.31925 4.77971 -0.474815</i>
                        <i>-0.0687758 0.635203 0.769277 -0.996937 -0.0725343 -0.0292367 0.0372277 -0.768932 0.638246 3.31837 4.76112 -0.482454</i>
                        <i>-0.0716922 0.653587 0.753448 -0.996658 -0.0765919 -0.0283937 0.0391502 -0.752966 0.656894 3.31761 4.75005 -0.484827</i>
                        <i>-0.073926 0.681999 0.727607 -0.99639 -0.0810425 -0.0252722 0.0417315 -0.726849 0.685529 3.3169 4.74399 -0.483479</i>
                        <i>-0.0758786 0.715077 0.694915 -0.996115 -0.0855942 -0.0206894 0.0446862 -0.693785 0.718794 3.31621 4.74051 -0.479948</i>
                        <i>-0.0778575 0.747909 0.65922 -0.995824 -0.0899656 -0.015543 0.0476824 -0.657677 0.75179 3.31553 4.73727 -0.475777</i>
                        <i>-0.0800707 0.776344 0.625203 -0.995516 -0.0939712 -0.0108088 0.0503597 -0.623265 0.780387 3.31483 4.73205 -0.472529</i>
                        <i>-0.0826292 0.797037 0.598251 -0.995206 -0.0975114 -0.00754342 0.0523239 -0.596006 0.801273 3.3141 4.72275 -0.471805</i>
                    </KeyFrames>
                </p>
            </i>
            <i>
                <p>
                    <Name><![CDATA[spine1]]></Name>
                    <Exclude>0</Exclude>
                    <Additive>0</Additive>
                    <IKPriority>0</IKPriority>
                    <IKRotLimits>-1e+010 -1e+010 -1e+010 1e+010 1e+010 1e+010</IKRotLimits>
                    <IKRotLimitOrder>0</IKRotLimitOrder>
                    <KeyFrames count="97">
                        <i>0.0630208 0.297751 0.952561 -0.973693 -0.191075 0.124145 0.218975 -0.935326 0.277876 3.29711 4.88861 -0.342873</i>
                        <i>0.0608474 0.297242 0.952861 -0.974309 -0.1897 0.121393 0.216841 -0.935768 0.278063 3.29737 4.88863 -0.342939</i>
                        <i>0.0584367 0.29678 0.953156 -0.974921 -0.188419 0.118438 0.214743 -0.936173 0.278326 3.29766 4.88866 -0.343019</i>
                        <i>0.0560237 0.296328 0.953442 -0.975522 -0.187137 0.115483 0.212645 -0.936573 0.27859 3.29796 4.88868 -0.3431</i>
                        <i>0.0538427 0.295845 0.953717 -0.976108 -0.185757 0.112729 0.21051 -0.937001 0.278775 3.29822 4.8887 -0.343168</i>
                        <i>0.0521277 0.295285 0.953986 -0.976674 -0.184187 0.110378 0.208305 -0.937487 0.278796 3.29839 4.88872 -0.343208</i>
                        <i>0.0511118 0.294602 0.954252 -0.977218 -0.182331 0.108632 0.205993 -0.938064 0.278571 3.29842 4.88872 -0.343206</i>
                        <i>0.0460161 0.298851 0.95319 -0.979224 -0.175152 0.102188 0.197492 -0.938089 0.284582 3.29906 4.88927 -0.345061</i>
                        <i>0.0341988 0.311025 0.949786 -0.983195 -0.160053 0.0878138 0.179328 -0.936828 0.300324 3.30085 4.89061 -0.349857</i>
                        <i>0.0191552 0.327981 0.94449 -0.987669 -0.1406 0.0688553 0.155379 -0.934163 0.321243 3.30351 4.89231 -0.356349</i>
                        <i>0.00411851 0.346368 0.93809 -0.991525 -0.120397 0.0488071 0.129849 -0.930341 0.342937 3.30662 4.89394 -0.363255</i>
                        <i>-0.00819457 0.362556 0.931926 -0.99418 -0.103069 0.0313561 0.107421 -0.926245 0.361291 3.30954 4.89523 -0.369252</i>
                        <i>-0.0155757 0.372712 0.927816 -0.995531 -0.0922225 0.0203341 0.0931443 -0.923353 0.372482 3.31146 4.89596 -0.372993</i>
                        <i>-0.0188154 0.377042 0.926005 -0.99607 -0.087237 0.0152813 0.0865436 -0.922079 0.377202 3.31234 4.89626 -0.374634</i>
                        <i>-0.0203387 0.378783 0.925262 -0.99632 -0.0847455 0.0127924 0.0832573 -0.921597 0.379113 3.31275 4.89639 -0.375374</i>
                        <i>-0.0205618 0.378602 0.925331 -0.996372 -0.0842107 0.0123147 0.0825851 -0.921721 0.37896 3.3128 4.89639 -0.375429</i>
                        <i>-0.0198689 0.377178 0.925928 -0.996284 -0.0850978 0.013286 0.0838056 -0.922223 0.377467 3.31259 4.89631 -0.375015</i>
                        <i>-0.0186364 0.375194 0.926759 -0.996104 -0.086874 0.0151397 0.0861916 -0.922866 0.375352 3.31225 4.89619 -0.374348</i>
                        <i>-0.0172465 0.373335 0.927536 -0.995881 -0.0890077 0.0173085 0.0890198 -0.923417 0.373332 3.31187 4.89606 -0.373644</i>
                        <i>-0.0160927 0.372281 0.92798 -0.995668 -0.0909678 0.0192273 0.0915743 -0.923651 0.372133 3.31158 4.89597 -0.373121</i>
                        <i>-0.0155757 0.372712 0.927816 -0.995531 -0.0922225 0.0203341 0.0931443 -0.923353 0.372482 3.31146 4.89596 -0.372993</i>
                        <i>-0.0157096 0.366707 0.930204 -0.995248 -0.0951471 0.020701 0.0960974 -0.925458 0.366459 3.3104 4.89298 -0.371614</i>
                        <i>-0.0160545 0.348088 0.937324 -0.994593 -0.101757 0.0207534 0.102603 -0.931923 0.34784 3.30761 4.88506 -0.367535</i>
                        <i>-0.0162692 0.320087 0.947249 -0.993617 -0.110942 0.020423 0.111627 -0.94087 0.319848 3.30378 4.87378 -0.361287</i>
                        <i>-0.0160092 0.285975 0.958103 -0.992389 -0.121554 0.0196995 0.122095 -0.950496 0.285744 3.29959 4.86074 -0.353403</i>
                        <i>-0.0149987 0.24915 0.968349 -0.991014 -0.13244 0.0187262 0.132914 -0.959366 0.248898 3.29568 4.84762 -0.344406</i>
                        <i>-0.0130729 0.213155 0.976931 -0.989637 -0.142478 0.017844 0.142994 -0.966574 0.212809 3.29271 4.83626 -0.334786</i>
                        <i>-0.0101911 0.181654 0.98331 -0.988435 -0.150621 0.0175811 0.151301 -0.971759 0.181088 3.29128 4.8286 -0.32499</i>
                        <i>-0.00642785 0.158399 0.987354 -0.987595 -0.155921 0.0185846 0.156893 -0.974986 0.157436 3.29196 4.82672 -0.315413</i>
                        <i>-0.00194862 0.147219 0.989102 -0.987283 -0.157514 0.0214996 0.158963 -0.976481 0.145654 3.29527 4.83275 -0.306419</i>
                        <i>0.00302297 0.152032 0.988371 -0.987616 -0.154585 0.026799 0.156862 -0.976212 0.149682 3.30174 4.84879 -0.29837</i>
                        <i>0.00990019 0.185428 0.982608 -0.989076 -0.142716 0.0368973 0.147076 -0.972239 0.181989 3.31717 4.88686 -0.291856</i>
                        <i>0.0188367 0.251501 0.967674 -0.991364 -0.120934 0.0507288 0.129783 -0.960272 0.247051 3.34322 4.95002 -0.286541</i>
                        <i>0.027886 0.340688 0.939763 -0.993576 -0.0937041 0.0634529 0.109677 -0.935495 0.335886 3.37411 5.02681 -0.281326</i>
                        <i>0.0355967 0.441652 0.89648 -0.995254 -0.0656246 0.0718489 0.0905634 -0.894783 0.43722 3.40407 5.10616 -0.274849</i>
                        <i>0.0411309 0.541491 0.8397 -0.996324 -0.0409831 0.0752312 0.0751505 -0.839707 0.537815 3.42735 5.17778 -0.265607</i>
                        <i>0.044145 0.627378 0.777463 -0.996891 -0.0231724 0.0753035 0.0652594 -0.77837 0.624405 3.43827 5.23216 -0.252214</i>
                        <i>0.045217 0.702224 0.710519 -0.997215 -0.0105033 0.0738429 0.059317 -0.711878 0.699793 3.43694 5.27297 -0.232648</i>
                        <i>0.0453554 0.773933 0.631641 -0.997469 0.00042094 0.0711081 0.0547671 -0.633267 0.771993 3.42859 5.30996 -0.207211</i>
                        <i>0.0449074 0.838742 0.542674 -0.997663 0.0096548 0.0676365 0.0514901 -0.544444 0.837216 3.41525 5.34312 -0.178292</i>
                        <i>0.0440733 0.893558 0.446779 -0.99781 0.0172924 0.0638458 0.0493241 -0.448615 0.892363 3.39887 5.37247 -0.148382</i>
                        <i>0.0429488 0.936463 0.348128 -0.99792 0.0234424 0.0600541 0.0480775 -0.349983 0.935522 3.38145 5.39794 -0.120046</i>
                        <i>0.0415729 0.966989 0.251406 -0.998004 0.0282168 0.0565006 0.0475416 -0.253253 0.966231 3.36493 5.41943 -0.0958784</i>
                        <i>0.039972 0.986095 0.161306 -0.998071 0.0317274 0.0533681 0.0475081 -0.163129 0.98546 3.35128 5.43674 -0.0784716</i>
                        <i>0.0381915 0.995888 0.0821493 -0.998127 0.0340866 0.0508037 0.0477946 -0.0839357 0.995324 3.34244 5.4496 -0.070379</i>
                        <i>0.0359687 0.999298 0.0104548 -0.998175 0.0354166 0.0489079 0.0485033 -0.0121948 0.998749 3.33752 5.45729 -0.0722162</i>
                        <i>0.0331084 0.997722 -0.0587723 -0.998217 0.0359324 0.0476611 0.0496644 0.0570896 0.997133 3.33415 5.45963 -0.0816198</i>
                        <i>0.0298197 0.991834 -0.124002 -0.998249 0.0358918 0.0470255 0.0510921 0.122382 0.991167 3.33208 5.4572 -0.0966213</i>
                        <i>0.0263338 0.982601 -0.183854 -0.998265 0.0355379 0.0469473 0.0526643 0.182298 0.981832 3.33109 5.45078 -0.115262</i>
                        <i>0.022881 0.971214 -0.237107 -0.998263 0.0350749 0.0473375 0.0542913 0.235612 0.97033 3.33091 5.44141 -0.135637</i>
                        <i>0.0196763 0.959009 -0.282692 -0.998243 0.03465 0.0480661 0.0558911 0.281249 0.958006 3.33133 5.43033 -0.155931</i>
                        <i>0.0169131 0.94738 -0.319663 -0.99821 0.0343435 0.0489688 0.0573704 0.318262 0.946265 3.33209 5.41898 -0.174438</i>
                        <i>0.0147608 0.937691 -0.347156 -0.998172 0.0341714 0.0498579 0.0586141 0.345785 0.936481 3.33295 5.40892 -0.18956</i>
                        <i>0.0133687 0.931177 -0.364322 -0.99814 0.034102 0.0505354 0.0594815 0.362969 0.929901 3.33365 5.40176 -0.199764</i>
                        <i>0.0128743 0.928838 -0.370262 -0.998127 0.0340866 0.0508037 0.0598094 0.368915 0.927537 3.33394 5.39905 -0.203519</i>
                        <i>0.0131234 0.930397 -0.366319 -0.998126 0.0340849 0.0508126 0.0597618 0.364966 0.929101 3.33402 5.39975 -0.202453</i>
                        <i>0.0137991 0.934543 -0.355582 -0.998125 0.0340801 0.0508353 0.059626 0.354214 0.933262 3.33423 5.40164 -0.199541</i>
                        <i>0.0147929 0.940427 -0.339675 -0.998124 0.0340727 0.0508656 0.059409 0.338285 0.939166 3.33454 5.40438 -0.1952</i>
                        <i>0.0159963 0.947205 -0.320229 -0.998123 0.0340635 0.0508975 0.0591185 0.318814 0.945972 3.33492 5.40763 -0.189849</i>
                        <i>0.0173017 0.954123 -0.298915 -0.998122 0.0340538 0.0509252 0.0587681 0.297472 0.95292 3.33533 5.41105 -0.183928</i>
                        <i>0.0186036 0.960559 -0.277454 -0.998121 0.0340457 0.0509427 0.0583796 0.275985 0.959387 3.33575 5.41438 -0.177896</i>
                        <i>0.0197992 0.966045 -0.257614 -0.998121 0.034042 0.0509447 0.0579846 0.256121 0.964904 3.33614 5.41736 -0.172239</i>
                        <i>0.0207886 0.970253 -0.2412 -0.998122 0.0340456 0.0509258 0.0576228 0.239688 0.969138 3.33647 5.41981 -0.167463</i>
                        <i>0.0214743 0.972946 -0.230034 -0.998124 0.0340598 0.0508807 0.057339 0.228509 0.971852 3.33671 5.42154 -0.164084</i>
                        <i>0.0217594 0.9739 -0.225933 -0.998127 0.0340866 0.0508037 0.057179 0.224404 0.972817 3.33682 5.42238 -0.162619</i>
                        <i>0.021294 0.971704 -0.235241 -0.998133 0.0341369 0.0506573 0.0572543 0.233723 0.970616 3.3367 5.42162 -0.163905</i>
                        <i>0.0200079 0.965666 -0.259014 -0.998142 0.0342062 0.0504262 0.0575548 0.257524 0.964556 3.33632 5.41905 -0.167806</i>
                        <i>0.0182221 0.956521 -0.291093 -0.998154 0.0342738 0.050139 0.0579359 0.289642 0.95538 3.33581 5.41519 -0.173365</i>
                        <i>0.0162684 0.945437 -0.325398 -0.998168 0.0343251 0.0498271 0.0582777 0.323991 0.944263 3.33524 5.41069 -0.179669</i>
                        <i>0.0144931 0.934348 -0.356067 -0.998182 0.0343564 0.0495246 0.0585064 0.354702 0.933147 3.33474 5.40642 -0.185916</i>
                        <i>0.0132538 0.925912 -0.377507 -0.998194 0.0343753 0.0492669 0.0585937 0.376173 0.924695 3.3344 5.4034 -0.19142</i>
                        <i>0.0129108 0.923122 -0.384289 -0.998202 0.0343966 0.0490898 0.0585342 0.382965 0.921907 3.33433 5.40277 -0.195561</i>
                        <i>0.0138181 0.92859 -0.37085 -0.998204 0.0344348 0.0490292 0.0582981 0.369507 0.927398 3.33463 5.40554 -0.19765</i>
                        <i>0.016373 0.940374 -0.339749 -0.998241 0.0347361 0.0480376 0.0569748 0.338365 0.939289 3.33567 5.41511 -0.196077</i>
                        <i>0.0204183 0.954585 -0.297237 -0.998322 0.0355803 0.0456891 0.0541899 0.295805 0.95371 3.3375 5.43153 -0.190556</i>
                        <i>0.0254455 0.969714 -0.242912 -0.998393 0.0369595 0.0429604 0.0506372 0.241429 0.969097 3.33975 5.45052 -0.18229</i>
                        <i>0.0308893 0.983834 -0.176398 -0.99842 0.0386605 0.0407884 0.0469487 0.17486 0.983473 3.34206 5.46792 -0.17268</i>
