<?xml version="1.0" encoding="ISO-8859-1" ?>
<Animl Version="1">
    <ModellingPackage><![CDATA[Maya.2010]]></ModellingPackage>
    <SrcFile><![CDATA[anims\turrets\antiair\blue\~src\aa_chaparral\aa_chaparral_reload_high_crewman_d.mb]]></SrcFile>
    <FramesPerSecond>30</FramesPerSecond>
    <TotalFrames>97</TotalFrames>
    <Skeleton>
        <RefFrame>
            <Name><![CDATA[soldier_ref_frame]]></Name>
            <Exclude>0</Exclude>
            <Additive>0</Additive>
            <IKPriority>0</IKPriority>
            <IKRotLimits>-1e+010 -1e+010 -1e+010 1e+010 1e+010 1e+010</IKRotLimits>
            <IKRotLimitOrder>0</IKRotLimitOrder>
            <KeyFrames count="97">
                <i>1 0 0 0 1 0 0 0 1 -0.62 3.84 -0.11</i>
                <i>1 0 0 0 1 0 0 0 1 -0.62 3.84 -0.11</i>
                <i>1 0 0 0 1 0 0 0 1 -0.62 3.84 -0.11</i>
                <i>1 0 0 0 1 0 0 0 1 -0.62 3.84 -0.11</i>
                <i>1 0 0 0 1 0 0 0 1 -0.62 3.84 -0.11</i>
                <i>1 0 0 0 1 0 0 0 1 -0.62 3.84 -0.11</i>
                <i>1 0 0 0 1 0 0 0 1 -0.62 3.84 -0.11</i>
                <i>1 0 0 0 1 0 0 0 1 -0.62 3.84 -0.11</i>
                <i>1 0 0 0 1 0 0 0 1 -0.62 3.84 -0.11</i>
                <i>1 0 0 0 1 0 0 0 1 -0.62 3.84 -0.11</i>
                <i>1 0 0 0 1 0 0 0 1 -0.62 3.84 -0.11</i>
                <i>1 0 0 0 1 0 0 0 1 -0.62 3.84 -0.11</i>
                <i>1 0 0 0 1 0 0 0 1 -0.62 3.84 -0.11</i>
                <i>1 0 0 0 1 0 0 0 1 -0.62 3.84 -0.11</i>
                <i>1 0 0 0 1 0 0 0 1 -0.62 3.84 -0.11</i>
                <i>1 0 0 0 1 0 0 0 1 -0.62 3.84 -0.11</i>
                <i>1 0 0 0 1 0 0 0 1 -0.62 3.84 -0.11</i>
                <i>1 0 0 0 1 0 0 0 1 -0.62 3.84 -0.11</i>
                <i>1 0 0 0 1 0 0 0 1 -0.62 3.84 -0.11</i>
                <i>1 0 0 0 1 0 0 0 1 -0.62 3.84 -0.11</i>
                <i>1 0 0 0 1 0 0 0 1 -0.62 3.84 -0.11</i>
                <i>1 0 0 0 1 0 0 0 1 -0.62 3.84 -0.11</i>
                <i>1 0 0 0 1 0 0 0 1 -0.62 3.84 -0.11</i>
                <i>1 0 0 0 1 0 0 0 1 -0.62 3.84 -0.11</i>
                <i>1 0 0 0 1 0 0 0 1 -0.62 3.84 -0.11</i>
                <i>1 0 0 0 1 0 0 0 1 -0.62 3.84 -0.11</i>
                <i>1 0 0 0 1 0 0 0 1 -0.62 3.84 -0.11</i>
                <i>1 0 0 0 1 0 0 0 1 -0.62 3.84 -0.11</i>
                <i>1 0 0 0 1 0 0 0 1 -0.62 3.84 -0.11</i>
                <i>1 0 0 0 1 0 0 0 1 -0.62 3.84 -0.11</i>
                <i>1 0 0 0 1 0 0 0 1 -0.62 3.84 -0.11</i>
                <i>1 0 0 0 1 0 0 0 1 -0.62 3.84 -0.11</i>
                <i>1 0 0 0 1 0 0 0 1 -0.62 3.84 -0.11</i>
                <i>1 0 0 0 1 0 0 0 1 -0.62 3.84 -0.11</i>
                <i>1 0 0 0 1 0 0 0 1 -0.62 3.84 -0.11</i>
                <i>1 0 0 0 1 0 0 0 1 -0.62 3.84 -0.11</i>
                <i>1 0 0 0 1 0 0 0 1 -0.62 3.84 -0.11</i>
                <i>1 0 0 0 1 0 0 0 1 -0.62 3.84 -0.11</i>
                <i>1 0 0 0 1 0 0 0 1 -0.62 3.84 -0.11</i>
                <i>1 0 0 0 1 0 0 0 1 -0.62 3.84 -0.11</i>
                <i>1 0 0 0 1 0 0 0 1 -0.62 3.84 -0.11</i>
                <i>1 0 0 0 1 0 0 0 1 -0.62 3.84 -0.11</i>
                <i>1 0 0 0 1 0 0 0 1 -0.62 3.84 -0.11</i>
                <i>1 0 0 0 1 0 0 0 1 -0.62 3.84 -0.11</i>
                <i>1 0 0 0 1 0 0 0 1 -0.62 3.84 -0.11</i>
                <i>1 0 0 0 1 0 0 0 1 -0.62 3.84 -0.11</i>
                <i>1 0 0 0 1 0 0 0 1 -0.62 3.84 -0.11</i>
                <i>1 0 0 0 1 0 0 0 1 -0.62 3.84 -0.11</i>
                <i>1 0 0 0 1 0 0 0 1 -0.62 3.84 -0.11</i>
                <i>1 0 0 0 1 0 0 0 1 -0.62 3.84 -0.11</i>
                <i>1 0 0 0 1 0 0 0 1 -0.62 3.84 -0.11</i>
                <i>1 0 0 0 1 0 0 0 1 -0.62 3.84 -0.11</i>
                <i>1 0 0 0 1 0 0 0 1 -0.62 3.84 -0.11</i>
                <i>1 0 0 0 1 0 0 0 1 -0.62 3.84 -0.11</i>
                <i>1 0 0 0 1 0 0 0 1 -0.62 3.84 -0.11</i>
                <i>1 0 0 0 1 0 0 0 1 -0.62 3.84 -0.11</i>
                <i>1 0 0 0 1 0 0 0 1 -0.62 3.84 -0.11</i>
                <i>1 0 0 0 1 0 0 0 1 -0.62 3.84 -0.11</i>
                <i>1 0 0 0 1 0 0 0 1 -0.62 3.84 -0.11</i>
                <i>1 0 0 0 1 0 0 0 1 -0.62 3.84 -0.11</i>
                <i>1 0 0 0 1 0 0 0 1 -0.62 3.84 -0.11</i>
                <i>1 0 0 0 1 0 0 0 1 -0.62 3.84 -0.11</i>
                <i>1 0 0 0 1 0 0 0 1 -0.62 3.84 -0.11</i>
                <i>1 0 0 0 1 0 0 0 1 -0.62 3.84 -0.11</i>
                <i>1 0 0 0 1 0 0 0 1 -0.62 3.84 -0.11</i>
                <i>1 0 0 0 1 0 0 0 1 -0.62 3.84 -0.11</i>
                <i>1 0 0 0 1 0 0 0 1 -0.62 3.84 -0.11</i>
                <i>1 0 0 0 1 0 0 0 1 -0.62 3.84 -0.11</i>
                <i>1 0 0 0 1 0 0 0 1 -0.62 3.84 -0.11</i>
                <i>1 0 0 0 1 0 0 0 1 -0.62 3.84 -0.11</i>
                <i>1 0 0 0 1 0 0 0 1 -0.62 3.84 -0.11</i>
                <i>1 0 0 0 1 0 0 0 1 -0.62 3.84 -0.11</i>
                <i>1 0 0 0 1 0 0 0 1 -0.62 3.84 -0.11</i>
                <i>1 0 0 0 1 0 0 0 1 -0.62 3.84 -0.11</i>
                <i>1 0 0 0 1 0 0 0 1 -0.62 3.84 -0.11</i>
                <i>1 0 0 0 1 0 0 0 1 -0.62 3.84 -0.11</i>
                <i>1 0 0 0 1 0 0 0 1 -0.62 3.84 -0.11</i>
                <i>1 0 0 0 1 0 0 0 1 -0.62 3.84 -0.11</i>
                <i>1 0 0 0 1 0 0 0 1 -0.62 3.84 -0.11</i>
                <i>1 0 0 0 1 0 0 0 1 -0.62 3.84 -0.11</i>
                <i>1 0 0 0 1 0 0 0 1 -0.62 3.84 -0.11</i>
                <i>1 0 0 0 1 0 0 0 1 -0.62 3.84 -0.11</i>
                <i>1 0 0 0 1 0 0 0 1 -0.62 3.84 -0.11</i>
                <i>1 0 0 0 1 0 0 0 1 -0.62 3.84 -0.11</i>
                <i>1 0 0 0 1 0 0 0 1 -0.62 3.84 -0.11</i>
                <i>1 0 0 0 1 0 0 0 1 -0.62 3.84 -0.11</i>
                <i>1 0 0 0 1 0 0 0 1 -0.62 3.84 -0.11</i>
                <i>1 0 0 0 1 0 0 0 1 -0.62 3.84 -0.11</i>
                <i>1 0 0 0 1 0 0 0 1 -0.62 3.84 -0.11</i>
                <i>1 0 0 0 1 0 0 0 1 -0.62 3.84 -0.11</i>
                <i>1 0 0 0 1 0 0 0 1 -0.62 3.84 -0.11</i>
                <i>1 0 0 0 1 0 0 0 1 -0.62 3.84 -0.11</i>
                <i>1 0 0 0 1 0 0 0 1 -0.62 3.84 -0.11</i>
                <i>1 0 0 0 1 0 0 0 1 -0.62 3.84 -0.11</i>
                <i>1 0 0 0 1 0 0 0 1 -0.62 3.84 -0.11</i>
                <i>1 0 0 0 1 0 0 0 1 -0.62 3.84 -0.11</i>
                <i>1 0 0 0 1 0 0 0 1 -0.62 3.84 -0.11</i>
            </KeyFrames>
        </RefFrame>
        <Bones count="23">
            <i>
                <p>
                    <Name><![CDATA[pelvis]]></Name>
                    <Exclude>0</Exclude>
                    <Additive>0</Additive>
                    <IKPriority>0</IKPriority>
                    <IKRotLimits>-1e+010 -1e+010 -1e+010 1e+010 1e+010 1e+010</IKRotLimits>
                    <IKRotLimitOrder>2</IKRotLimitOrder>
                    <KeyFrames count="97">
                        <i>1 0 0 0 1 0 0 0 1 -0.609098 5.04972 0.102303</i>
                        <i>1 0 0 0 1 0 0 0 1 -0.606304 5.05003 0.0968115</i>
                        <i>1 0 0 0 1 0 0 0 1 -0.603807 5.05027 0.0910248</i>
                        <i>1 0 0 0 1 0 0 0 1 -0.601691 5.05039 0.0847493</i>
                        <i>1 0 0 0 1 0 0 0 1 -0.599998 5.05031 0.0778205</i>
                        <i>1 0 0 0 1 0 0 0 1 -0.598721 5.04997 0.0700983</i>
                        <i>1 0 0 0 1 0 0 0 1 -0.597803 5.04928 0.0614581</i>
                        <i>1 0 0 0 1 0 0 0 1 -0.596638 5.04805 0.0511916</i>
                        <i>1 0 0 0 1 0 0 0 1 -0.595188 5.0463 0.0395229</i>
                        <i>1 0 0 0 1 0 0 0 1 -0.594171 5.04429 0.0277159</i>
                        <i>1 0 0 0 1 0 0 0 1 -0.594267 5.04233 0.0170063</i>
                        <i>1 0 0 0 1 0 0 0 1 -0.596123 5.04071 0.0085964</i>
                        <i>1 0 0 0 1 0 0 0 1 -0.600362 5.03975 0.00365488</i>
                        <i>1 0 0 0 1 0 0 0 1 -0.60991 5.04052 0.00643053</i>
                        <i>1 0 0 0 1 0 0 0 1 -0.623669 5.04269 0.0169327</i>
                        <i>1 0 0 0 1 0 0 0 1 -0.636929 5.04455 0.0265109</i>
                        <i>1 0 0 0 1 0 0 0 1 -0.645889 5.04456 0.0258348</i>
                        <i>1 0 0 0 1 0 0 0 1 -0.64979 5.04234 0.0165688</i>
                        <i>1 0 0 0 1 0 0 0 1 -0.650989 5.02819 0.00431578</i>
                        <i>1 0 0 0 1 0 0 0 1 -0.650308 4.99401 -0.0103466</i>
                        <i>1 0 0 0 1 0 0 0 1 -0.648185 4.94347 -0.0254344</i>
                        <i>1 0 0 0 1 0 0 0 1 -0.645179 4.88028 -0.0390397</i>
                        <i>1 0 0 0 1 0 0 0 1 -0.641954 4.80818 -0.0494048</i>
                        <i>1 0 0 0 1 0 0 0 1 -0.6377 4.73072 -0.0561535</i>
                        <i>1 0 0 0 1 0 0 0 1 -0.632154 4.65057 -0.0606767</i>
                        <i>1 0 0 0 1 0 0 0 1 -0.62668 4.57004 -0.0639633</i>
                        <i>1 0 0 0 1 0 0 0 1 -0.622399 4.49148 -0.0669249</i>
                        <i>1 0 0 0 1 0 0 0 1 -0.620196 4.41719 -0.0703917</i>
                        <i>1 0 0 0 1 0 0 0 1 -0.620745 4.3495 -0.0751267</i>
                        <i>1 0 0 0 1 0 0 0 1 -0.626163 4.27432 -0.0828821</i>
                        <i>1 0 0 0 1 0 0 0 1 -0.635217 4.25415 -0.093097</i>
                        <i>1 0 0 0 1 0 0 0 1 -0.645013 4.26367 -0.102593</i>
                        <i>1 0 0 0 1 0 0 0 1 -0.652396 4.24386 -0.107377</i>
                        <i>1 0 0 0 1 0 0 0 1 -0.656953 4.23956 -0.106866</i>
                        <i>1 0 0 0 1 0 0 0 1 -0.660839 4.25909 -0.103405</i>
                        <i>1 0 0 0 1 0 0 0 1 -0.664044 4.28308 -0.0984096</i>
                        <i>1 0 0 0 1 0 0 0 1 -0.666532 4.30691 -0.0934899</i>
                        <i>1 0 0 0 1 0 0 0 1 -0.668256 4.32597 -0.0902751</i>
                        <i>1 0 0 0 1 0 0 0 1 -0.669168 4.33564 -0.0904098</i>
                        <i>1 0 0 0 1 0 0 0 1 -0.668941 4.33585 -0.0940671</i>
                        <i>1 0 0 0 1 0 0 0 1 -0.66755 4.33065 -0.0998276</i>
                        <i>1 0 0 0 1 0 0 0 1 -0.665396 4.32161 -0.106946</i>
                        <i>1 0 0 0 1 0 0 0 1 -0.662881 4.31033 -0.114678</i>
                        <i>1 0 0 0 1 0 0 0 1 -0.660403 4.29838 -0.122279</i>
                        <i>1 0 0 0 1 0 0 0 1 -0.658358 4.28738 -0.12901</i>
                        <i>1 0 0 0 1 0 0 0 1 -0.657136 4.27895 -0.134131</i>
                        <i>1 0 0 0 1 0 0 0 1 -0.657128 4.27469 -0.13691</i>
                        <i>1 0 0 0 1 0 0 0 1 -0.658355 4.27413 -0.137444</i>
                        <i>1 0 0 0 1 0 0 0 1 -0.660418 4.27542 -0.136504</i>
                        <i>1 0 0 0 1 0 0 0 1 -0.663023 4.27819 -0.134259</i>
                        <i>1 0 0 0 1 0 0 0 1 -0.665885 4.28209 -0.130897</i>
                        <i>1 0 0 0 1 0 0 0 1 -0.668783 4.28671 -0.126714</i>
                        <i>1 0 0 0 1 0 0 0 1 -0.671494 4.29161 -0.122009</i>
                        <i>1 0 0 0 1 0 0 0 1 -0.673795 4.2964 -0.117081</i>
                        <i>1 0 0 0 1 0 0 0 1 -0.675461 4.30066 -0.112228</i>
                        <i>1 0 0 0 1 0 0 0 1 -0.676267 4.30399 -0.107751</i>
                        <i>1 0 0 0 1 0 0 0 1 -0.675989 4.30598 -0.10395</i>
                        <i>1 0 0 0 1 0 0 0 1 -0.674651 4.30705 -0.100805</i>
                        <i>1 0 0 0 1 0 0 0 1 -0.672519 4.30785 -0.0980239</i>
                        <i>1 0 0 0 1 0 0 0 1 -0.669724 4.30834 -0.095498</i>
                        <i>1 0 0 0 1 0 0 0 1 -0.666399 4.30849 -0.0931189</i>
                        <i>1 0 0 0 1 0 0 0 1 -0.662676 4.30824 -0.0907781</i>
                        <i>1 0 0 0 1 0 0 0 1 -0.658689 4.30757 -0.0883673</i>
                        <i>1 0 0 0 1 0 0 0 1 -0.654569 4.30642 -0.0857784</i>
                        <i>1 0 0 0 1 0 0 0 1 -0.650448 4.30476 -0.0829037</i>
                        <i>1 0 0 0 1 0 0 0 1 -0.646457 4.30255 -0.0796357</i>
                        <i>1 0 0 0 1 0 0 0 1 -0.642728 4.29975 -0.075867</i>
                        <i>1 0 0 0 1 0 0 0 1 -0.639336 4.30083 -0.0715523</i>
                        <i>1 0 0 0 1 0 0 0 1 -0.636234 4.31327 -0.0667712</i>
                        <i>1 0 0 0 1 0 0 0 1 -0.633383 4.34154 -0.0615907</i>
                        <i>1 0 0 0 1 0 0 0 1 -0.630753 4.39008 -0.0560677</i>
                        <i>1 0 0 0 1 0 0 0 1 -0.628307 4.45756 -0.0502646</i>
                        <i>1 0 0 0 1 0 0 0 1 -0.626023 4.53683 -0.0442344</i>
                        <i>1 0 0 0 1 0 0 0 1 -0.623897 4.62365 -0.0380215</i>
                        <i>1 0 0 0 1 0 0 0 1 -0.621916 4.71378 -0.0316782</i>
                        <i>1 0 0 0 1 0 0 0 1 -0.620059 4.80298 -0.0252675</i>
                        <i>1 0 0 0 1 0 0 0 1 -0.618294 4.88702 -0.0188628</i>
                        <i>1 0 0 0 1 0 0 0 1 -0.616583 4.96442 -0.0125489</i>
                        <i>1 0 0 0 1 0 0 0 1 -0.614876 5.03408 -0.00641988</i>
                        <i>1 0 0 0 1 0 0 0 1 -0.613117 5.09243 -0.000577396</i>
                        <i>1 0 0 0 1 0 0 0 1 -0.611205 5.09278 0.00479521</i>
                        <i>1 0 0 0 1 0 0 0 1 -0.609095 5.06474 0.00963739</i>
                        <i>1 0 0 0 1 0 0 0 1 -0.606251 5.06774 0.0132518</i>
                        <i>1 0 0 0 1 0 0 0 1 -0.602466 5.06377 0.0153176</i>
                        <i>1 0 0 0 1 0 0 0 1 -0.598395 5.04427 0.0170258</i>
                        <i>1 0 0 0 1 0 0 0 1 -0.594741 5.02757 0.0197111</i>
                        <i>1 0 0 0 1 0 0 0 1 -0.592215 5.01858 0.0242676</i>
                        <i>1 0 0 0 1 0 0 0 1 -0.591237 5.01971 0.0309816</i>
                        <i>1 0 0 0 1 0 0 0 1 -0.591506 5.0277 0.0392163</i>
                        <i>1 0 0 0 1 0 0 0 1 -0.592702 5.03887 0.0483291</i>
                        <i>1 0 0 0 1 0 0 0 1 -0.594473 5.04954 0.0576564</i>
                        <i>1 0 0 0 1 0 0 0 1 -0.596421 5.05605 0.0665194</i>
                        <i>1 0 0 0 1 0 0 0 1 -0.598415 5.05768 0.0746386</i>
                        <i>1 0 0 0 1 0 0 0 1 -0.600662 5.05682 0.082215</i>
                        <i>1 0 0 0 1 0 0 0 1 -0.603202 5.05451 0.0892982</i>
                        <i>1 0 0 0 1 0 0 0 1 -0.606029 5.0518 0.0959607</i>
                        <i>1 0 0 0 1 0 0 0 1 -0.609098 5.04972 0.102303</i>
                    </KeyFrames>
                </p>
            </i>
            <i>
                <p>
                    <Name><![CDATA[spine0]]></Name>
                    <Exclude>0</Exclude>
                    <Additive>0</Additive>
                    <IKPriority>0</IKPriority>
                    <IKRotLimits>-1e+010 -1e+010 -1e+010 1e+010 1e+010 1e+010</IKRotLimits>
                    <IKRotLimitOrder>0</IKRotLimitOrder>
                    <KeyFrames count="97">
                        <i>0 0.965815 -0.259231 -1 0 0 2.77556e-017 0.259231 0.965815 -0.609098 5.18537 0.054405</i>
                        <i>-0.0104883 0.971705 -0.235965 -0.999077 -0.000350937 0.0429624 0.041664 0.236198 0.970811 -0.608406 5.18571 0.0490327</i>
                        <i>-0.019888 0.977536 -0.20983 -0.99589 -0.000820445 0.0905699 0.0883631 0.210769 0.973534 -0.608242 5.18598 0.0434881</i>
                        <i>-0.0273041 0.982935 -0.181916 -0.989969 -0.00135313 0.141275 0.138618 0.183949 0.973113 -0.608607 5.18613 0.0375855</i>
                        <i>-0.0321292 0.987648 -0.153356 -0.981097 -0.00186968 0.193506 0.190829 0.156675 0.969039 -0.60946 5.18606 0.0311567</i>
                        <i>-0.0340771 0.991535 -0.125291 -0.969343 -0.00226752 0.245701 0.243337 0.129823 0.961214 -0.610712 5.18573 0.0240439</i>
                        <i>-0.033189 0.994551 -0.0988239 -0.955076 -0.00242471 0.29635 0.294496 0.10422 0.949953 -0.612225 5.18504 0.0160904</i>
                        <i>-0.0296855 0.996729 -0.0751656 -0.938999 -0.00203086 0.343913 0.342636 0.0807897 0.935988 -0.613294 5.18378 0.0065158</i>
                        <i>-0.0242627 0.998185 -0.0551101 -0.922066 -0.0010444 0.387031 0.386271 0.0602055 0.920418 -0.613819 5.18199 -0.0044977</i>
                        <i>-0.0180527 0.999076 -0.0389958 -0.905372 0.000214183 0.42462 0.424236 0.0429712 0.904532 -0.614496 5.17993 -0.0156896</i>
                        <i>-0.0123096 0.999558 -0.0270545 -0.890129 0.00137241 0.455706 0.455542 0.0296916 0.889719 -0.61599 5.17793 -0.0258333</i>
                        <i>-0.00831411 0.999776 -0.0194457 -0.877595 0.00202625 0.479398 0.47933 0.0210512 0.877382 -0.618936 5.1763 -0.0337376</i>
                        <i>-0.00726241 0.999841 -0.016313 -0.868988 0.00176151 0.494831 0.49478 0.0177695 0.868836 -0.623945 5.17534 -0.038243</i>
                        <i>-0.00889493 0.999863 -0.0139911 -0.864962 -0.000672604 0.501837 0.501758 0.0165656 0.864849 -0.63403 5.17617 -0.0349614</i>
                        <i>-0.011266 0.999885 -0.0101916 -0.87508 -0.004927 0.483954 0.483848 0.0143707 0.875034 -0.647284 5.17845 -0.0243849</i>
                        <i>-0.0137336 0.999883 -0.0066743 -0.885022 -0.009049 0.465461 0.465346 0.0122994 0.885043 -0.660019 5.18042 -0.0147497</i>
                        <i>-0.0159838 0.99986 -0.00504856 -0.873272 -0.0115007 0.487098 0.486971 0.0121944 0.873333 -0.670247 5.18045 -0.0146255</i>
                        <i>-0.0174311 0.99983 -0.00597911 -0.862276 -0.0120052 0.506296 0.506138 0.0139809 0.862339 -0.675187 5.17817 -0.023464</i>
                        <i>-0.018406 0.999796 -0.00833942 -0.863843 -0.0117024 0.503625 0.503425 0.0164737 0.863882 -0.67636 5.16392 -0.0360469</i>
                        <i>-0.0191151 0.999752 -0.0114425 -0.865748 -0.0108262 0.500362 0.500114 0.0194708 0.86574 -0.675585 5.12963 -0.0511473</i>
                        <i>-0.0194162 0.999702 -0.014801 -0.86764 -0.00949151 0.497102 0.496813 0.0224938 0.867566 -0.67331 5.07898 -0.0667003</i>
                        <i>-0.0191808 0.999655 -0.0179204 -0.869175 -0.00781354 0.494443 0.494132 0.0250598 0.869025 -0.670105 5.0157 -0.0807165</i>
                        <i>-0.0182907 0.999627 -0.0203007 -0.870016 -0.00590738 0.492989 0.492685 0.026679 0.869799 -0.666645 4.94355 -0.0913569</i>
                        <i>-0.0162292 0.999631 -0.0218005 -0.870045 -0.00337463 0.492961 0.492706 0.0269678 0.869778 -0.662061 4.86612 -0.0982223</i>
                        <i>-0.0129864 0.999656 -0.0227734 -0.869506 -4.35007e-005 0.493922 0.493751 0.0262159 0.869208 -0.656068 4.78604 -0.102765</i>
                        <i>-0.00920419 0.999682 -0.0234612 -0.86861 0.00363094 0.495483 0.495411 0.0249392 0.868301 -0.650101 4.70561 -0.106016</i>
                        <i>-0.00552678 0.999694 -0.0241045 -0.867571 0.00719357 0.497262 0.497283 0.0236606 0.867266 -0.645352 4.62714 -0.108933</i>
                        <i>-0.00260381 0.999686 -0.0249408 -0.866611 0.0101892 0.49888 0.498977 0.0229129 0.866312 -0.642776 4.55292 -0.112387</i>
                        <i>-0.00108921 0.999656 -0.0262054 -0.865961 0.0121627 0.499963 0.50011 0.0232374 0.86565 -0.643121 4.48525 -0.117185</i>
                        <i>-0.00224208 0.999586 -0.0286902 -0.865732 0.0124194 0.500354 0.500503 0.0259598 0.865345 -0.64867 4.40997 -0.125191</i>
                        <i>-0.00569444 0.999469 -0.0320738 -0.86577 0.0111229 0.500318 0.50041 0.0306176 0.865247 -0.658152 4.3896 -0.135795</i>
                        <i>-0.00965996 0.999343 -0.0349217 -0.865914 0.009106 0.50011 0.5001 0.0350702 0.865257 -0.668441 4.39893 -0.14562</i>
                        <i>-0.0123581 0.999283 -0.0357973 -0.866003 0.00720118 0.499987 0.499886 0.0371795 0.865293 -0.676153 4.37904 -0.150472</i>
                        <i>-0.01368 0.999321 -0.0342166 -0.866013 0.00526454 0.499993 0.499834 0.036472 0.865353 -0.680863 4.37479 -0.149703</i>
                        <i>-0.0146874 0.999407 -0.0311558 -0.866022 0.00285993 0.499998 0.49979 0.0343253 0.865466 -0.684866 4.39445 -0.145795</i>
                        <i>-0.0153598 0.999507 -0.0273671 -0.866025 0.000381799 0.5 0.499764 0.0313805 0.865593 -0.68815 4.41859 -0.140266</i>
                        <i>-0.0156764 0.999599 -0.023603 -0.866024 -0.00177541 0.499999 0.499757 0.028279 0.865704 -0.690677 4.44258 -0.134828</i>
                        <i>-0.0156044 0.999666 -0.0205953 -0.866021 -0.00321722 0.499997 0.499764 0.0256381 0.865782 -0.692398 4.46175 -0.131216</i>
                        <i>-0.0151233 0.999703 -0.019098 -0.86602 -0.0035492 0.499997 0.499781 0.0241009 0.865817 -0.693261 4.47148 -0.131176</i>
                        <i>-0.0140998 0.999716 -0.0192127 -0.866022 -0.00260518 0.499998 0.499806 0.0236885 0.865813 -0.692921 4.47169 -0.134893</i>
                        <i>-0.0125357 0.999715 -0.0203052 -0.866025 -0.00070387 0.5 0.499843 0.0238527 0.865787 -0.69135 4.46646 -0.140859</i>
                        <i>-0.0106321 0.9997 -0.0220579 -0.866024 0.00182179 0.499999 0.499889 0.0244187 0.865745 -0.688975 4.45738 -0.148281</i>
                        <i>-0.00859004 0.999671 -0.0241532 -0.866016 0.00463886 0.499995 0.499942 0.025212 0.865692 -0.686224 4.44602 -0.156369</i>
                        <i>-0.00661046 0.999633 -0.0262734 -0.866002 0.0074144 0.499986 0.499998 0.026058 0.865635 -0.68352 4.43401 -0.164331</i>
                        <i>-0.00489432 0.999593 -0.0281011 -0.865984 0.00981548 0.499976 0.500048 0.0267822 0.865583 -0.681285 4.42294 -0.171382</i>
                        <i>-0.00364251 0.999563 -0.0293189 -0.865968 0.0115092 0.499967 0.500086 0.0272103 0.865548 -0.679934 4.41445 -0.176737</i>
                        <i>-0.00305583 0.999557 -0.0296092 -0.865961 0.0121627 0.499963 0.500102 0.0271683 0.86554 -0.679882 4.41017 -0.179616</i>
                        <i>-0.00316063 0.999573 -0.0290463 -0.865965 0.0117902 0.499965 0.500094 0.0267333 0.865558 -0.681153 4.40961 -0.180125</i>
                        <i>-0.00378562 0.9996 -0.028018 -0.865975 0.0107342 0.499971 0.500072 0.0261556 0.865589 -0.683322 4.41091 -0.179083</i>
                        <i>-0.00479617 0.999634 -0.0266105 -0.865989 0.00915463 0.499979 0.50004 0.0254424 0.865629 -0.686081 4.41371 -0.176677</i>
                        <i>-0.00604863 0.999672 -0.0248944 -0.866003 0.00721111 0.499987 0.500002 0.0245829 0.865675 -0.68913 4.41764 -0.173112</i>
                        <i>-0.00743385 0.999708 -0.0229998 -0.866014 0.00506341 0.499994 0.499964 0.023635 0.865724 -0.692232 4.42229 -0.168703</i>
                        <i>-0.00884263 0.999739 -0.0210571 -0.866022 0.00287132 0.499998 0.499928 0.0226572 0.865771 -0.695152 4.42723 -0.163764</i>
                        <i>-0.0101658 0.999764 -0.0191965 -0.866025 0.000794598 0.5 0.499897 0.0217075 0.865813 -0.697649 4.43206 -0.158614</i>
                        <i>-0.011294 0.999782 -0.0175483 -0.866025 -0.00100698 0.5 0.499873 0.0208443 0.865848 -0.699486 4.43635 -0.153567</i>
                        <i>-0.0121182 0.999795 -0.016243 -0.866023 -0.00237364 0.499999 0.499857 0.0201259 0.865874 -0.700422 4.4397 -0.148943</i>
                        <i>-0.012529 0.999803 -0.0154108 -0.866021 -0.00314561 0.499998 0.49985 0.0196105 0.86589 -0.700216 4.4417 -0.145059</i>
                        <i>-0.0125337 0.999808 -0.0150333 -0.866021 -0.00333849 0.499997 0.499851 0.019286 0.865897 -0.698897 4.44277 -0.141893</i>
                        <i>-0.0122502 0.999813 -0.0149659 -0.866021 -0.00312663 0.499998 0.499857 0.0190859 0.865897 -0.696742 4.44357 -0.139132</i>
                        <i>-0.0117348 0.999816 -0.0151494 -0.866023 -0.00258838 0.499998 0.499867 0.0189871 0.865894 -0.693894 4.44406 -0.13666</i>
                        <i>-0.0110437 0.999819 -0.0155247 -0.866024 -0.00180212 0.499999 0.49988 0.0189666 0.865887 -0.690492 4.44419 -0.134361</i>
                        <i>-0.0102334 0.999819 -0.0160327 -0.866025 -0.000846201 0.5 0.499896 0.0190015 0.865877 -0.686676 4.44393 -0.132117</i>
                        <i>-0.0093603 0.999818 -0.0166145 -0.866025 0.000201004 0.5 0.499912 0.0190687 0.865866 -0.682587 4.44324 -0.129813</i>
                        <i>-0.00848065 0.999816 -0.0172107 -0.866025 0.00126113 0.5 0.499929 0.0191452 0.865855 -0.678363 4.44208 -0.127332</i>
                        <i>-0.00765084 0.999813 -0.0177625 -0.866023 0.00225582 0.499999 0.499945 0.0192081 0.865844 -0.674144 4.44041 -0.124559</i>
                        <i>-0.00692724 0.99981 -0.0182106 -0.866021 0.0031067 0.499998 0.499959 0.0192343 0.865835 -0.67007 4.43818 -0.121378</i>
                        <i>-0.00636618 0.999809 -0.018496 -0.866019 0.00373541 0.499997 0.49997 0.0192009 0.86583 -0.66628 4.43537 -0.117673</i>
                        <i>-0.00601158 0.999809 -0.0185772 -0.866018 0.00408314 0.499996 0.499976 0.0190939 0.865829 -0.662853 4.43645 -0.113394</i>
                        <i>-0.00584902 0.999812 -0.0184717 -0.866018 0.0041712 0.499996 0.499979 0.0189213 0.865831 -0.659743 4.44889 -0.108622</i>
                        <i>-0.00584742 0.999817 -0.0182093 -0.866018 0.00404136 0.499996 0.499978 0.0186933 0.865836 -0.656905 4.47715 -0.103428</i>
                        <i>-0.00597565 0.999823 -0.0178197 -0.866019 0.00373541 0.499997 0.499975 0.01842 0.865844 -0.654305 4.5257 -0.0978737</i>
                        <i>-0.00619835 0.99983 -0.0173361 -0.866021 0.00330068 0.499997 0.49997 0.0181126 0.865853 -0.6519 4.59319 -0.0920254</i>
                        <i>-0.00648959 0.999838 -0.0167864 -0.866022 0.0027735 0.499998 0.499964 0.0177822 0.865864 -0.649667 4.67247 -0.08594</i>
                        <i>-0.00683249 0.999846 -0.0161918 -0.866023 0.00217912 0.499999 0.499957 0.0174387 0.865875 -0.647598 4.75929 -0.0796645</i>
                        <i>-0.00721014 0.999853 -0.0155734 -0.866024 0.00154278 0.499999 0.49995 0.017092 0.865886 -0.645678 4.84943 -0.0732542</i>
                        <i>-0.00760566 0.999859 -0.0149526 -0.866025 0.000889725 0.5 0.499943 0.0167521 0.865896 -0.643883 4.93865 -0.0667748</i>
                        <i>-0.00800213 0.999865 -0.0143504 -0.866025 0.000245197 0.5 0.499936 0.0164289 0.865907 -0.642181 5.0227 -0.0603026</i>
                        <i>-0.00838267 0.99987 -0.0137882 -0.866025 -0.000365559 0.5 0.49993 0.0161323 0.865916 -0.640529 5.1001 -0.0539252</i>
                        <i>-0.00873037 0.999874 -0.0132871 -0.866025 -0.000917301 0.5 0.499924 0.0158721 0.865924 -0.638875 5.16978 -0.0477394</i>
                        <i>-0.00902833 0.999876 -0.0128683 -0.866025 -0.00138479 0.5 0.49992 0.0156584 0.86593 -0.637163 5.22813 -0.0418497</i>
                        <i>-0.00925966 0.999878 -0.0125531 -0.866024 -0.00174277 0.499999 0.499917 0.0155011 0.865935 -0.635287 5.22848 -0.0364424</i>
                        <i>-0.00940745 0.999879 -0.0123626 -0.866024 -0.00196601 0.499999 0.499914 0.01541 0.865938 -0.633201 5.20045 -0.0315808</i>
                        <i>-0.00925614 0.999878 -0.0125755 -0.866024 -0.00172851 0.499999 0.499917 0.0155188 0.865935 -0.630338 5.20344 -0.0279999</i>
                        <i>-0.00874834 0.999874 -0.013267 -0.866025 -0.000942897 0.5 0.499924 0.0158637 0.865924 -0.626486 5.19945 -0.0260308</i>
                        <i>-0.00801938 0.999867 -0.0142022 -0.868989 5.8963e-005 0.494831 0.494766 0.0163098 0.868873 -0.622081 5.17993 -0.0245858</i>
                        <i>-0.00875635 0.999801 -0.0179496 -0.877237 0.000935607 0.480057 0.479978 0.0199496 0.877054 -0.617643 5.16321 -0.0224028</i>
                        <i>-0.0121737 0.99957 -0.0266702 -0.889628 0.00135041 0.456685 0.456525 0.0292861 0.889229 -0.613961 5.15421 -0.0184945</i>
                        <i>-0.0173969 0.999059 -0.0397342 -0.904875 0.00117293 0.425675 0.425321 0.0433599 0.904003 -0.611514 5.15534 -0.0124966</i>
                        <i>-0.0232203 0.998115 -0.0568079 -0.921652 0.000642584 0.388016 0.387321 0.061367 0.9199 -0.610029 5.16334 -0.00500795</i>
                        <i>-0.0284693 0.996588 -0.0774775 -0.938683 -1.08953e-005 0.344781 0.343603 0.0825425 0.93548 -0.609219 5.17452 0.00336532</i>
                        <i>-0.0320989 0.994346 -0.101221 -0.954827 -0.000573162 0.297162 0.295424 0.106187 0.949447 -0.608767 5.18521 0.0119892</i>
                        <i>-0.0332762 0.991293 -0.127398 -0.969147 -0.00085555 0.246482 0.244227 0.13167 0.960737 -0.608319 5.19173 0.0202052</i>
                        <i>-0.0315495 0.987391 -0.155124 -0.980965 -0.000836837 0.194184 0.191606 0.158297 0.968622 -0.60781 5.19336 0.0277603</i>
                        <i>-0.0269135 0.982694 -0.183271 -0.989895 -0.000665127 0.1418 0.139224 0.185236 0.972782 -0.607532 5.1925 0.0348907</i>
                        <i>-0.0196537 0.977346 -0.210734 -0.995859 -0.000423284 0.0909141 0.0887653 0.211648 0.973307 -0.607609 5.19019 0.0416584</i>
                        <i>-0.0103814 0.971599 -0.236407 -0.99907 -0.000182298 0.0431233 0.0418554 0.236635 0.970697 -0.608118 5.18746 0.0481343</i>
                        <i>0 0.965815 -0.259231 -1 0 0 2.77556e-017 0.259231 0.965815 -0.609098 5.18537 0.054405</i>
                    </KeyFrames>
                </p>
            </i>
            <i>
                <p>
                    <Name><![CDATA[spine1]]></Name>
                    <Exclude>0</Exclude>
                    <Additive>0</Additive>
                    <IKPriority>0</IKPriority>
                    <IKRotLimits>-1e+010 -1e+010 -1e+010 1e+010 1e+010 1e+010</IKRotLimits>
                    <IKRotLimitOrder>0</IKRotLimitOrder>
                    <KeyFrames count="97">
                        <i>-7.49992e-018 0.85984 -0.510564 -1 0 0 2.67231e-017 0.510564 0.85984 -0.609098 5.352 0.00967441</i>
                        <i>-0.0201943 0.886457 -0.46237 -0.999077 -0.000350937 0.0429624 0.0379221 0.462811 0.885646 -0.610212 5.353 0.00840467</i>
                        <i>-0.0376782 0.913082 -0.406031 -0.99589 -0.000820445 0.0905699 0.0823646 0.407775 0.90936 -0.611659 5.35394 0.00743466</i>
                        <i>-0.0503087 0.937786 -0.343551 -0.989969 -0.00135313 0.141275 0.132021 0.347213 0.928447 -0.61329 5.35471 0.00638433</i>
                        <i>-0.0565557 0.959066 -0.277478 -0.981097 -0.00186968 0.193506 0.185066 0.283177 0.941043 -0.614963 5.35524 0.00489004</i>
                        <i>-0.0556992 0.975954 -0.210739 -0.969343 -0.00226752 0.245701 0.239315 0.217963 0.946161 -0.616544 5.35543 0.00260292</i>
                        <i>-0.0479335 0.988064 -0.146396 -0.955076 -0.00242471 0.29635 0.292458 0.154024 0.943793 -0.617903 5.3552 -0.000815277</i>
                        <i>-0.0342239 0.995571 -0.0875639 -0.938999 -0.00203086 0.343913 0.342212 0.0939925 0.93491 -0.618373 5.35434 -0.00634423</i>
                        <i>-0.0165317 0.99919 -0.036689 -0.922066 -0.0010444 0.387031 0.386679 0.040228 0.921336 -0.617972 5.35288 -0.013931</i>
                        <i>0.00239539 0.999987 0.00460303 -0.905372 0.000214183 0.42462 0.424613 -0.00518459 0.90536 -0.617589 5.3511 -0.0223693</i>
                        <i>0.019538 0.999191 0.0351544 -0.890129 0.00137241 0.455706 0.455289 -0.0401956 0.889436 -0.6181 5.3493 -0.0304711</i>
                        <i>0.0318792 0.998024 0.0541404 -0.877595 0.00202625 0.479398 0.478341 -0.0627962 0.875926 -0.620362 5.34778 -0.0370731</i>
                        <i>0.0366645 0.997474 0.0608369 -0.868988 0.00176151 0.494831 0.493473 -0.0710092 0.866857 -0.625191 5.34687 -0.0410419</i>
                        <i>0.0355754 0.997401 0.0626543 -0.864962 -0.000672604 0.501837 0.500575 -0.0720467 0.86269 -0.635556 5.34771 -0.0373619</i>
                        <i>0.0313989 0.997264 0.066928 -0.87508 -0.004927 0.483954 0.482959 -0.073763 0.87253 -0.649217 5.34999 -0.0261336</i>
                        <i>0.0269606 0.997137 0.0706478 -0.885022 -0.009049 0.465461 0.464767 -0.0750739 0.882244 -0.662375 5.35196 -0.015895</i>
                        <i>0.0261175 0.997179 0.0703676 -0.873272 -0.0115007 0.487098 0.486533 -0.0741719 0.870508 -0.672989 5.35198 -0.0154918</i>
                        <i>0.0257071 0.997393 0.0674321 -0.862276 -0.0120052 0.506296 0.505786 -0.0711605 0.859719 -0.678178 5.34969 -0.0244899</i>
                        <i>0.0237857 0.997668 0.0639805 -0.863843 -0.0117024 0.503625 0.503199 -0.0672482 0.86155 -0.679517 5.33543 -0.0374776</i>
                        <i>0.0220033 0.997976 0.0596639 -0.865748 -0.0108262 0.500362 0.499996 -0.0626635 0.863758 -0.678864 5.30113 -0.0531103</i>
                        <i>0.0205687 0.998277 0.0549614 -0.86764 -0.00949151 0.497102 0.496767 -0.0579115 0.86595 -0.676641 5.25046 -0.0692393</i>
                        <i>0.0196736 0.998537 0.0503636 -0.869175 -0.00781354 0.494443 0.494113 -0.0535023 0.86775 -0.673395 5.18717 -0.0837905</i>
                        <i>0.0194942 0.998734 0.0463705 -0.870016 -0.00590738 0.492989 0.492638 -0.0499535 0.868799 -0.669782 5.11501 -0.094839</i>
                        <i>0.0205705 0.998857 0.0431435 -0.870045 -0.00337463 0.492961 0.492543 -0.0476772 0.868981 -0.664845 5.03758 -0.101962</i>
                        <i>0.0228862 0.998922 0.0403771 -0.869506 -4.35007e-005 0.493922 0.493391 -0.0464121 0.868568 -0.658296 4.9575 -0.106671</i>
                        <i>0.0257799 0.99895 0.0378732 -0.86861 0.00363094 0.495483 0.494825 -0.0456706 0.867792 -0.65168 4.87707 -0.11004</i>
                        <i>0.0285919 0.998963 0.0354328 -0.867571 0.00719357 0.497262 0.496491 -0.0449581 0.866877 -0.6463 4.79859 -0.113067</i>
                        <i>0.0306608 0.99899 0.0328577 -0.866611 0.0101892 0.49888 0.498041 -0.0437709 0.866048 -0.643222 4.72437 -0.116664</i>
                        <i>0.031324 0.99906 0.0299505 -0.865961 0.0121627 0.499963 0.499129 -0.0415969 0.865529 -0.643307 4.65668 -0.121679</i>
                        <i>0.0293309 0.999233 0.0259473 -0.865732 0.0124194 0.500354 0.499648 -0.0371393 0.865432 -0.649055 4.58139 -0.130111</i>
                        <i>0.0250813 0.999461 0.0211819 -0.86577 0.0111229 0.500318 0.499813 -0.0308873 0.865582 -0.659129 4.561 -0.141296</i>
                        <i>0.0203903 0.999646 0.0171032 -0.865914 0.009106 0.50011 0.499777 -0.0250073 0.865793 -0.670097 4.5703 -0.151608</i>
                        <i>0.0170686 0.999739 0.0151647 -0.866003 0.00720118 0.499987 0.499747 -0.0216668 0.8659 -0.678272 4.5504 -0.15661</i>
                        <i>0.0152427 0.999758 0.0158744 -0.866013 0.00526454 0.499993 0.499788 -0.0213687 0.865884 -0.683209 4.54616 -0.15557</i>
                        <i>0.0138576 0.999737 0.0182837 -0.866022 0.00285993 0.499998 0.499814 -0.0227629 0.865834 -0.687384 4.56583 -0.151137</i>
                        <i>0.0129484 0.999681 0.021664 -0.866025 0.000381799 0.5 0.499832 -0.0252358 0.865754 -0.690784 4.58999 -0.144959</i>
                        <i>0.0125499 0.999601 0.0252865 -0.866024 -0.00177541 0.499999 0.499845 -0.0281737 0.865657 -0.693365 4.61399 -0.138876</i>
                        <i>0.0127415 0.999513 0.0285002 -0.866021 -0.00321722 0.499997 0.499845 -0.0310525 0.865558 -0.695073 4.63317 -0.134747</i>
                        <i>0.0135556 0.999441 0.0305735 -0.86602 -0.0035492 0.499997 0.499826 -0.033255 0.865487 -0.695854 4.64291 -0.134451</i>
                        <i>0.0150883 0.999395 0.0313409 -0.866022 -0.00260518 0.499998 0.499777 -0.034686 0.865459 -0.695339 4.64313 -0.138188</i>
                        <i>0.0173006 0.999358 0.0313723 -0.866025 -0.00070387 0.5 0.499701 -0.0358195 0.865457 -0.6935 4.6379 -0.144341</i>
                        <i>0.0199544 0.999323 0.030921 -0.866024 0.00182179 0.499999 0.499604 -0.0367555 0.865474 -0.690798 4.62881 -0.152064</i>
                        <i>0.0228119 0.999282 0.0302402 -0.866016 0.00463886 0.499995 0.499495 -0.0375943 0.8655 -0.687697 4.61746 -0.160511</i>
                        <i>0.0256349 0.999234 0.0295831 -0.866002 0.0074144 0.499986 0.499384 -0.0384361 0.865528 -0.684654 4.60544 -0.168837</i>
                        <i>0.0281854 0.999176 0.0292028 -0.865984 0.00981548 0.499976 0.499277 -0.0393812 0.865547 -0.682124 4.59437 -0.176201</i>
                        <i>0.0302255 0.999112 0.0293525 -0.865968 0.0115092 0.499967 0.499185 -0.0405301 0.865547 -0.680559 4.58588 -0.181766</i>
                        <i>0.0315171 0.999044 0.0302852 -0.865961 0.0121627 0.499963 0.499117 -0.0419832 0.865517 -0.680406 4.5816 -0.184695</i>
                        <i>0.0319969 0.99898 0.0318624 -0.865965 0.0117902 0.499965 0.49908 -0.0435891 0.865459 -0.681695 4.58104 -0.185107</i>
                        <i>0.0317996 0.998928 0.0336319 -0.865975 0.0107342 0.499971 0.499074 -0.0450233 0.865389 -0.683972 4.58235 -0.183889</i>
                        <i>0.0311276 0.99888 0.035625 -0.865989 0.00915463 0.499979 0.499093 -0.046414 0.865304 -0.686904 4.58516 -0.181241</i>
                        <i>0.0302165 0.998823 0.037931 -0.866003 0.00721111 0.499987 0.499125 -0.0479562 0.865202 -0.690167 4.5891 -0.177382</i>
                        <i>0.029175 0.998757 0.0404183 -0.866014 0.00506341 0.499994 0.499167 -0.0495901 0.865085 -0.693507 4.59376 -0.172648</i>
                        <i>0.0281115 0.998681 0.0429555 -0.866022 0.00287132 0.499998 0.499215 -0.0512561 0.864961 -0.696668 4.59871 -0.167376</i>
                        <i>0.0271344 0.9986 0.0454112 -0.866025 0.000794598 0.5 0.499264 -0.0528944 0.864834 -0.699393 4.60354 -0.161906</i>
                        <i>0.026352 0.998516 0.047654 -0.866025 -0.00100698 0.5 0.499306 -0.0544455 0.864713 -0.701423 4.60783 -0.156577</i>
                        <i>0.0258727 0.998436 0.0495526 -0.866023 -0.00237364 0.499999 0.499334 -0.05585 0.864607 -0.7025 4.61119 -0.151729</i>
                        <i>0.0258046 0.998366 0.0509759 -0.866021 -0.00314561 0.499998 0.499341 -0.0570484 0.864525 -0.702365 4.61319 -0.147703</i>
                        <i>0.0261397 0.998308 0.051941 -0.866021 -0.00333849 0.499997 0.499325 -0.0580517 0.864468 -0.701047 4.61427 -0.144472</i>
                        <i>0.0267596 0.998258 0.0525913 -0.866021 -0.00312663 0.499998 0.499291 -0.0589249 0.864428 -0.698844 4.61507 -0.141699</i>
                        <i>0.0276072 0.998214 0.0529847 -0.866023 -0.00258838 0.499998 0.499242 -0.0596895 0.864404 -0.695907 4.61556 -0.139259</i>
                        <i>0.0286257 0.998175 0.0531789 -0.866024 -0.00180212 0.499999 0.499182 -0.060367 0.864392 -0.692387 4.61569 -0.137024</i>
                        <i>0.0297581 0.998139 0.0532317 -0.866025 -0.000846201 0.5 0.499114 -0.060979 0.864388 -0.688432 4.61544 -0.134868</i>
                        <i>0.0309472 0.998104 0.0532009 -0.866025 0.000201004 0.5 0.499041 -0.061547 0.86439 -0.684192 4.61475 -0.132663</i>
                        <i>0.0321363 0.99807 0.0531443 -0.866025 0.00126113 0.5 0.498967 -0.0620925 0.864393 -0.679818 4.61359 -0.130285</i>
                        <i>0.0332684 0.998034 0.0531197 -0.866023 0.00225582 0.499999 0.498896 -0.062637 0.864395 -0.675457 4.61192 -0.127606</i>
                        <i>0.0342864 0.997996 0.0531848 -0.866021 0.0031067 0.499998 0.49883 -0.0632022 0.864392 -0.671259 4.60969 -0.124502</i>
                        <i>0.0351334 0.997955 0.0533973 -0.866019 0.00373541 0.499997 0.498775 -0.0638097 0.86438 -0.667372 4.60688 -0.120846</i>
                        <i>0.035765 0.997911 0.0537974 -0.866018 0.00408314 0.499996 0.498732 -0.0644719 0.864355 -0.663885 4.60796 -0.116581</i>
                        <i>0.0361947 0.997865 0.0543665 -0.866018 0.0041712 0.499996 0.498701 -0.0651796 0.86432 -0.660746 4.6204 -0.111791</i>
                        <i>0.0364531 0.997817 0.0550735 -0.866018 0.00404136 0.499996 0.498682 -0.065921 0.864275 -0.657908 4.64867 -0.106552</i>
                        <i>0.0365704 0.997767 0.0558876 -0.866019 0.00373541 0.499997 0.498671 -0.0666848 0.864222 -0.65533 4.69722 -0.100931</i>
                        <i>0.0365813 0.997717 0.0567743 -0.866021 0.00330068 0.499997 0.498668 -0.0674582 0.864164 -0.652964 4.76471 -0.0949996</i>
