<?xml version="1.0" encoding="ISO-8859-1" ?>
<Animl Version="1">
    <ModellingPackage><![CDATA[Maya.2010]]></ModellingPackage>
    <SrcFile><![CDATA[anims\turrets\antiair\blue\~src\aa_chaparral\aa_chaparral_fire_crewman_d.mb]]></SrcFile>
    <FramesPerSecond>30</FramesPerSecond>
    <TotalFrames>49</TotalFrames>
    <Skeleton>
        <RefFrame>
            <Name><![CDATA[soldier_ref_frame]]></Name>
            <Exclude>0</Exclude>
            <Additive>0</Additive>
            <IKPriority>0</IKPriority>
            <IKRotLimits>-1e+010 -1e+010 -1e+010 1e+010 1e+010 1e+010</IKRotLimits>
            <IKRotLimitOrder>0</IKRotLimitOrder>
            <KeyFrames count="49">
                <i>1 0 0 0 1 0 0 0 1 -0.62 3.84 -0.11</i>
                <i>1 0 0 0 1 0 0 0 1 -0.62 3.84 -0.11</i>
                <i>1 0 0 0 1 0 0 0 1 -0.62 3.84 -0.11</i>
                <i>1 0 0 0 1 0 0 0 1 -0.62 3.84 -0.11</i>
                <i>1 0 0 0 1 0 0 0 1 -0.62 3.84 -0.11</i>
                <i>1 0 0 0 1 0 0 0 1 -0.62 3.84 -0.11</i>
                <i>1 0 0 0 1 0 0 0 1 -0.62 3.84 -0.11</i>
                <i>1 0 0 0 1 0 0 0 1 -0.62 3.84 -0.11</i>
                <i>1 0 0 0 1 0 0 0 1 -0.62 3.84 -0.11</i>
                <i>1 0 0 0 1 0 0 0 1 -0.62 3.84 -0.11</i>
                <i>1 0 0 0 1 0 0 0 1 -0.62 3.84 -0.11</i>
                <i>1 0 0 0 1 0 0 0 1 -0.62 3.84 -0.11</i>
                <i>1 0 0 0 1 0 0 0 1 -0.62 3.84 -0.11</i>
                <i>1 0 0 0 1 0 0 0 1 -0.62 3.84 -0.11</i>
                <i>1 0 0 0 1 0 0 0 1 -0.62 3.84 -0.11</i>
                <i>1 0 0 0 1 0 0 0 1 -0.62 3.84 -0.11</i>
                <i>1 0 0 0 1 0 0 0 1 -0.62 3.84 -0.11</i>
                <i>1 0 0 0 1 0 0 0 1 -0.62 3.84 -0.11</i>
                <i>1 0 0 0 1 0 0 0 1 -0.62 3.84 -0.11</i>
                <i>1 0 0 0 1 0 0 0 1 -0.62 3.84 -0.11</i>
                <i>1 0 0 0 1 0 0 0 1 -0.62 3.84 -0.11</i>
                <i>1 0 0 0 1 0 0 0 1 -0.62 3.84 -0.11</i>
                <i>1 0 0 0 1 0 0 0 1 -0.62 3.84 -0.11</i>
                <i>1 0 0 0 1 0 0 0 1 -0.62 3.84 -0.11</i>
                <i>1 0 0 0 1 0 0 0 1 -0.62 3.84 -0.11</i>
                <i>1 0 0 0 1 0 0 0 1 -0.62 3.84 -0.11</i>
                <i>1 0 0 0 1 0 0 0 1 -0.62 3.84 -0.11</i>
                <i>1 0 0 0 1 0 0 0 1 -0.62 3.84 -0.11</i>
                <i>1 0 0 0 1 0 0 0 1 -0.62 3.84 -0.11</i>
                <i>1 0 0 0 1 0 0 0 1 -0.62 3.84 -0.11</i>
                <i>1 0 0 0 1 0 0 0 1 -0.62 3.84 -0.11</i>
                <i>1 0 0 0 1 0 0 0 1 -0.62 3.84 -0.11</i>
                <i>1 0 0 0 1 0 0 0 1 -0.62 3.84 -0.11</i>
                <i>1 0 0 0 1 0 0 0 1 -0.62 3.84 -0.11</i>
                <i>1 0 0 0 1 0 0 0 1 -0.62 3.84 -0.11</i>
                <i>1 0 0 0 1 0 0 0 1 -0.62 3.84 -0.11</i>
                <i>1 0 0 0 1 0 0 0 1 -0.62 3.84 -0.11</i>
                <i>1 0 0 0 1 0 0 0 1 -0.62 3.84 -0.11</i>
                <i>1 0 0 0 1 0 0 0 1 -0.62 3.84 -0.11</i>
                <i>1 0 0 0 1 0 0 0 1 -0.62 3.84 -0.11</i>
                <i>1 0 0 0 1 0 0 0 1 -0.62 3.84 -0.11</i>
                <i>1 0 0 0 1 0 0 0 1 -0.62 3.84 -0.11</i>
                <i>1 0 0 0 1 0 0 0 1 -0.62 3.84 -0.11</i>
                <i>1 0 0 0 1 0 0 0 1 -0.62 3.84 -0.11</i>
                <i>1 0 0 0 1 0 0 0 1 -0.62 3.84 -0.11</i>
                <i>1 0 0 0 1 0 0 0 1 -0.62 3.84 -0.11</i>
                <i>1 0 0 0 1 0 0 0 1 -0.62 3.84 -0.11</i>
                <i>1 0 0 0 1 0 0 0 1 -0.62 3.84 -0.11</i>
                <i>1 0 0 0 1 0 0 0 1 -0.62 3.84 -0.11</i>
            </KeyFrames>
        </RefFrame>
        <Bones count="23">
            <i>
                <p>
                    <Name><![CDATA[pelvis]]></Name>
                    <Exclude>0</Exclude>
                    <Additive>1</Additive>
                    <IKPriority>0</IKPriority>
                    <IKRotLimits>-1e+010 -1e+010 -1e+010 1e+010 1e+010 1e+010</IKRotLimits>
                    <IKRotLimitOrder>2</IKRotLimitOrder>
                    <KeyFrames count="49">
                        <i>1 0 0 0 1 0 0 0 1 -0.609098 5.04972 -0.106322</i>
                        <i>1 0 0 0 1 0 0 0 1 -0.618676 5.02535 -0.211656</i>
                        <i>1 0 0 0 1 0 0 0 1 -0.615804 4.99529 -0.337602</i>
                        <i>1 0 0 0 1 0 0 0 1 -0.608017 4.9687 -0.443756</i>
                        <i>1 0 0 0 1 0 0 0 1 -0.602288 4.95701 -0.490665</i>
                        <i>1 0 0 0 1 0 0 0 1 -0.601403 4.98149 -0.473553</i>
                        <i>1 0 0 0 1 0 0 0 1 -0.603101 5.04311 -0.420007</i>
                        <i>1 0 0 0 1 0 0 0 1 -0.606529 5.12298 -0.340603</i>
                        <i>1 0 0 0 1 0 0 0 1 -0.610641 5.20183 -0.250171</i>
                        <i>1 0 0 0 1 0 0 0 1 -0.614153 5.26159 -0.164849</i>
                        <i>1 0 0 0 1 0 0 0 1 -0.615652 5.28559 -0.10115</i>
                        <i>1 0 0 0 1 0 0 0 1 -0.615008 5.28017 -0.0507559</i>
                        <i>1 0 0 0 1 0 0 0 1 -0.613263 5.26401 0.00188545</i>
                        <i>1 0 0 0 1 0 0 0 1 -0.610783 5.23984 0.0511029</i>
                        <i>1 0 0 0 1 0 0 0 1 -0.607934 5.21061 0.0912299</i>
                        <i>1 0 0 0 1 0 0 0 1 -0.605076 5.17929 0.122144</i>
                        <i>1 0 0 0 1 0 0 0 1 -0.602569 5.14873 0.145857</i>
                        <i>1 0 0 0 1 0 0 0 1 -0.60077 5.12172 0.159896</i>
                        <i>1 0 0 0 1 0 0 0 1 -0.600036 5.10105 0.16178</i>
                        <i>1 0 0 0 1 0 0 0 1 -0.600083 5.08351 0.149463</i>
                        <i>1 0 0 0 1 0 0 0 1 -0.600363 5.06432 0.12422</i>
                        <i>1 0 0 0 1 0 0 0 1 -0.600839 5.04393 0.0885667</i>
                        <i>1 0 0 0 1 0 0 0 1 -0.601474 5.02277 0.0450218</i>
                        <i>1 0 0 0 1 0 0 0 1 -0.602232 5.00133 -0.00390241</i>
                        <i>1 0 0 0 1 0 0 0 1 -0.603073 4.98018 -0.0557091</i>
                        <i>1 0 0 0 1 0 0 0 1 -0.60395 4.95994 -0.107924</i>
                        <i>1 0 0 0 1 0 0 0 1 -0.604812 4.94134 -0.158099</i>
                        <i>1 0 0 0 1 0 0 0 1 -0.6056 4.92516 -0.203814</i>
                        <i>1 0 0 0 1 0 0 0 1 -0.606247 4.91222 -0.24267</i>
                        <i>1 0 0 0 1 0 0 0 1 -0.606684 4.90341 -0.272281</i>
                        <i>1 0 0 0 1 0 0 0 1 -0.606843 4.89964 -0.290267</i>
                        <i>1 0 0 0 1 0 0 0 1 -0.60689 4.89995 -0.299105</i>
                        <i>1 0 0 0 1 0 0 0 1 -0.607024 4.90268 -0.302975</i>
                        <i>1 0 0 0 1 0 0 0 1 -0.607228 4.90743 -0.302357</i>
                        <i>1 0 0 0 1 0 0 0 1 -0.607481 4.91384 -0.298025</i>
                        <i>1 0 0 0 1 0 0 0 1 -0.607766 4.9218 -0.290571</i>
                        <i>1 0 0 0 1 0 0 0 1 -0.608065 4.93115 -0.280585</i>
                        <i>1 0 0 0 1 0 0 0 1 -0.608358 4.94175 -0.268656</i>
                        <i>1 0 0 0 1 0 0 0 1 -0.608626 4.95346 -0.255366</i>
                        <i>1 0 0 0 1 0 0 0 1 -0.608852 4.96603 -0.24129</i>
                        <i>1 0 0 0 1 0 0 0 1 -0.609016 4.97903 -0.226989</i>
                        <i>1 0 0 0 1 0 0 0 1 -0.609116 4.99204 -0.211471</i>
                        <i>1 0 0 0 1 0 0 0 1 -0.609171 5.00464 -0.194036</i>
                        <i>1 0 0 0 1 0 0 0 1 -0.60919 5.01645 -0.1757</i>
                        <i>1 0 0 0 1 0 0 0 1 -0.609184 5.02706 -0.157481</i>
                        <i>1 0 0 0 1 0 0 0 1 -0.609161 5.03607 -0.140404</i>
                        <i>1 0 0 0 1 0 0 0 1 -0.609133 5.04311 -0.125498</i>
                        <i>1 0 0 0 1 0 0 0 1 -0.609109 5.04778 -0.113793</i>
                        <i>1 0 0 0 1 0 0 0 1 -0.609098 5.04972 -0.106322</i>
                    </KeyFrames>
                </p>
            </i>
            <i>
                <p>
                    <Name><![CDATA[spine0]]></Name>
                    <Exclude>0</Exclude>
                    <Additive>1</Additive>
                    <IKPriority>0</IKPriority>
                    <IKRotLimits>-1e+010 -1e+010 -1e+010 1e+010 1e+010 1e+010</IKRotLimits>
                    <IKRotLimitOrder>0</IKRotLimitOrder>
                    <KeyFrames count="49">
                        <i>0 0.999736 -0.0229946 -1 0 1.73472e-018 5.20417e-018 0.0229946 0.999736 -0.609098 5.18537 -0.15422</i>
                        <i>-0.00386469 0.999853 0.0167274 -0.999993 -0.00386462 -3.66024e-005 2.80481e-005 -0.0167275 0.99986 -0.619125 5.15968 -0.263143</i>
                        <i>-0.00344051 0.998653 0.0517668 -0.999994 -0.00344513 5.2595e-008 0.000178396 -0.0517665 0.998659 -0.616118 5.12783 -0.393531</i>
                        <i>-0.00124016 0.999312 0.0370658 -0.999999 -0.00124629 0.000142389 0.000188486 -0.0370656 0.999313 -0.607967 5.0995 -0.503657</i>
                        <i>0.000208899 0.998726 -0.0504593 -1 0.000221601 0.000246132 0.000257 0.0504592 0.998726 -0.601973 5.08675 -0.552808</i>
                        <i>-0.000168 0.986753 -0.162233 -1 -0.000139167 0.000189093 0.000164011 0.162233 0.986753 -0.601048 5.11127 -0.535623</i>
                        <i>-0.00143208 0.967222 -0.253929 -0.999999 -0.001468 4.79994e-005 -0.000326343 0.253929 0.967223 -0.602825 5.17382 -0.4801</i>
                        <i>-0.00315743 0.958785 -0.284116 -0.999995 -0.0033105 -5.85812e-005 -0.000996733 0.284115 0.95879 -0.606411 5.25525 -0.397178</i>
                        <i>-0.00502316 0.971147 -0.238427 -0.999987 -0.00519158 -7.83939e-005 -0.00131395 0.238424 0.97116 -0.610712 5.33587 -0.302424</i>
                        <i>-0.00662356 0.98816 -0.153283 -0.999977 -0.00671094 -5.26683e-005 -0.00108072 0.15328 0.988182 -0.614385 5.39722 -0.212821</i>
                        <i>-0.00746868 0.99815 -0.0603442 -0.999972 -0.00748785 -9.16061e-005 -0.000543285 0.0603418 0.998178 -0.615953 5.42236 -0.145767</i>
                        <i>-0.00749947 0.999807 0.0181312 -0.999972 -0.00749694 -0.000207092 -7.1124e-005 -0.0181322 0.999836 -0.615279 5.41779 -0.0926855</i>
                        <i>-0.00704631 0.998034 0.0622742 -0.999975 -0.00703997 -0.000321198 0.000117841 -0.0622749 0.998059 -0.613452 5.4024 -0.0374229</i>
                        <i>-0.00612972 0.996899 0.0784564 -0.999981 -0.00611761 -0.000394689 8.65004e-005 -0.0784573 0.996917 -0.610854 5.37882 0.0139549</i>
                        <i>-0.00479412 0.995982 0.0894236 -0.999988 -0.00477832 -0.000390731 3.81333e-005 -0.0894245 0.995994 -0.607868 5.34993 0.055381</i>
                        <i>-0.00321221 0.995379 0.095967 -0.999995 -0.00319642 -0.000318275 -1.00529e-005 -0.0959675 0.995384 -0.604875 5.31877 0.0868913</i>
                        <i>-0.00155705 0.994944 0.100424 -0.999999 -0.00154417 -0.000206015 -4.99022e-005 -0.100424 0.994945 -0.60225 5.28827 0.110879</i>
                        <i>-2.24489e-006 0.994793 0.101913 -1 5.43852e-006 -7.51137e-005 -7.52768e-005 -0.101913 0.994793 -0.600368 5.26124 0.124801</i>
                        <i>0.00127822 0.995031 0.0995533 -0.999999 0.00127994 4.65849e-005 -8.10688e-005 -0.0995533 0.995032 -0.599603 5.24042 0.126111</i>
                        <i>0.00239376 0.995636 0.0932864 -0.999997 0.0023918 0.000132785 -9.09168e-005 -0.0932864 0.995639 -0.599659 5.2226 0.112719</i>
                        <i>0.00355715 0.996461 0.0839846 -0.999994 0.00355522 0.000172533 -0.000126662 -0.0839847 0.996467 -0.599962 5.203 0.0859615</i>
                        <i>0.00474829 0.997382 0.0721556 -0.999989 0.00474879 0.000164642 -0.000178441 -0.0721556 0.997393 -0.600472 5.18208 0.0484505</i>
                        <i>0.00594555 0.998281 0.0583085 -0.999982 0.00594909 0.000112785 -0.000234292 -0.0583081 0.998299 -0.60115 5.16029 0.00279916</i>
                        <i>0.00712546 0.999052 0.0429553 -0.999975 0.00713103 2.3751e-005 -0.000282586 -0.0429543 0.999077 -0.601957 5.13814 -0.0483857</i>
                        <i>0.00826245 0.999612 0.0266112 -0.999966 0.00826788 -9.38785e-005 -0.00031386 -0.0266095 0.999646 -0.602851 5.11621 -0.102515</i>
                        <i>0.00932799 0.999909 0.00979506 -0.999956 0.0093307 -0.000230651 -0.000322025 -0.00979248 0.999952 -0.603781 5.09516 -0.157022</i>
                        <i>0.0102891 0.999923 -0.00697135 -0.999947 0.0102868 -0.000376703 -0.000304961 0.00697485 0.999976 -0.604695 5.07576 -0.209371</i>
                        <i>0.0112589 0.999652 -0.0238632 -0.999937 0.0112495 -0.000527779 -0.000259146 0.0238677 0.999715 -0.605528 5.05881 -0.257055</i>
                        <i>0.012256 0.99911 -0.0403623 -0.999925 0.0122384 -0.000682007 -0.000187429 0.0403676 0.999185 -0.606213 5.04518 -0.297589</i>
                        <i>0.0131259 0.998405 -0.0549061 -0.999914 0.0131003 -0.000826212 -0.000105608 0.0549122 0.998491 -0.606675 5.03583 -0.328506</i>
                        <i>0.0137833 0.997727 -0.0659568 -0.999905 0.013751 -0.000943821 -3.47046e-005 0.0659635 0.997822 -0.606843 5.0317 -0.347341</i>
                        <i>0.0141591 0.997207 -0.0733387 -0.9999 0.0141221 -0.00102194 1.66191e-005 0.0733458 0.997307 -0.60689 5.0318 -0.356664</i>
                        <i>0.0142329 0.99691 -0.0772534 -0.999899 0.0141938 -0.00105588 4.39058e-005 0.0772606 0.997011 -0.607024 5.03442 -0.360786</i>
                        <i>0.014006 0.996887 -0.077587 -0.999902 0.013967 -0.00104458 4.23373e-005 0.077594 0.996985 -0.607227 5.03915 -0.360199</i>
                        <i>0.0134932 0.997073 -0.0752587 -0.999909 0.0134565 -0.000993754 2.18764e-005 0.0752652 0.997164 -0.607481 5.04563 -0.355717</i>
                        <i>0.0127484 0.997404 -0.0708777 -0.999919 0.0127158 -0.000911964 -8.33283e-006 0.0708835 0.997485 -0.607766 5.05372 -0.347952</i>
                        <i>0.0118306 0.997812 -0.0650519 -0.99993 0.0118029 -0.000809045 -3.94722e-005 0.0650569 0.997882 -0.608064 5.06326 -0.337515</i>
                        <i>0.0108293 0.998235 -0.0583972 -0.999941 0.010807 -0.000696745 -6.44153e-005 0.0584013 0.998293 -0.608357 5.07411 -0.325013</i>
                        <i>0.00987234 0.998622 -0.0515402 -0.999951 0.00985515 -0.000587582 -7.88364e-005 0.0515434 0.998671 -0.608625 5.08611 -0.311051</i>
                        <i>0.0089694 0.998931 -0.0453466 -0.99996 0.00895663 -0.000484802 -7.81311e-005 0.0453492 0.998971 -0.608851 5.099 -0.29622</i>
                        <i>0.00803323 0.99916 -0.0401869 -0.999968 0.00802418 -0.00038629 -6.34989e-005 0.0401887 0.999192 -0.609015 5.11233 -0.281104</i>
                        <i>0.00706996 0.999329 -0.0359495 -0.999975 0.00706392 -0.000295287 -4.11448e-005 0.0359506 0.999354 -0.609116 5.12568 -0.264731</i>
                        <i>0.00608564 0.999452 -0.0325226 -0.999981 0.00608189 -0.000214415 -1.64988e-005 0.0325233 0.999471 -0.609171 5.13863 -0.246421</i>
                        <i>0.0050859 0.999543 -0.0297963 -0.999987 0.00508382 -0.000145618 5.92703e-006 0.0297966 0.999556 -0.60919 5.15077 -0.227211</i>
                        <i>0.00407577 0.999609 -0.0276626 -0.999992 0.00407483 -9.01223e-005 2.26336e-005 0.0276628 0.999617 -0.609183 5.1617 -0.208141</i>
                        <i>0.00305947 0.999657 -0.0260169 -0.999995 0.00305924 -4.84196e-005 3.11892e-005 0.026017 0.999662 -0.609161 5.17102 -0.190255</i>
                        <i>0.00204018 0.999691 -0.0247569 -0.999998 0.0020403 -2.02671e-005 3.02507e-005 0.0247569 0.999694 -0.609133 5.17833 -0.174604</i>
                        <i>0.00102004 0.999717 -0.0237825 -0.999999 0.00102021 -4.69288e-006 1.95716e-005 0.0237825 0.999717 -0.609109 5.18324 -0.162241</i>
                        <i>0 0.999736 -0.0229946 -1 0 1.73472e-018 5.20417e-018 0.0229946 0.999736 -0.609098 5.18537 -0.15422</i>
                    </KeyFrames>
                </p>
            </i>
            <i>
                <p>
                    <Name><![CDATA[spine1]]></Name>
                    <Exclude>0</Exclude>
                    <Additive>1</Additive>
                    <IKPriority>0</IKPriority>
                    <IKRotLimits>-1e+010 -1e+010 -1e+010 1e+010 1e+010 1e+010</IKRotLimits>
                    <IKRotLimitOrder>0</IKRotLimitOrder>
                    <KeyFrames count="49">
                        <i>3.7023e-019 0.998838 0.0481858 -1 0 1.73472e-018 5.19098e-018 -0.0481858 0.998838 -0.609098 5.35684 -0.158163</i>
                        <i>-0.00181649 0.982443 0.186552 -0.999998 -0.00185504 3.20527e-005 0.00037755 -0.186551 0.982445 -0.619791 5.33203 -0.260265</i>
                        <i>0.000893615 0.94896 0.315396 -1 0.000870703 0.000213549 -7.19663e-005 -0.315396 0.94896 -0.616715 5.3013 -0.384552</i>
                        <i>0.00532291 0.946669 0.322163 -0.999985 0.00550557 0.000344147 -0.0014479 -0.32216 0.946684 -0.608183 5.27343 -0.497221</i>
                        <i>0.00905474 0.989817 0.142056 -0.999958 0.00916051 -9.05609e-005 -0.00139094 -0.142049 0.989859 -0.601937 5.25914 -0.561524</i>
                        <i>0.0109285 0.990416 -0.137687 -0.99994 0.0108764 -0.00113102 0.000377351 0.137691 0.990475 -0.601076 5.28024 -0.563402</i>
                        <i>0.0119138 0.923581 -0.383219 -0.999926 0.0118896 -0.00243168 0.00231047 0.383219 0.923654 -0.60307 5.3395 -0.523595</i>
                        <i>0.0125086 0.874978 -0.484 -0.999917 0.0124988 -0.00324681 0.00320852 0.484001 0.875062 -0.606953 5.42 -0.446001</i>
                        <i>0.0126757 0.905985 -0.42312 -0.999916 0.012636 -0.00289903 0.00272005 0.423121 0.906069 -0.611574 5.50256 -0.343349</i>
                        <i>0.0126699 0.963359 -0.267918 -0.999918 0.012667 -0.00173959 0.00171785 0.267918 0.96344 -0.615519 5.56637 -0.239058</i>
                        <i>0.0131591 0.997109 -0.0748356 -0.999913 0.0131682 -0.000372025 0.000614501 0.074834 0.997196 -0.617231 5.59313 -0.156088</i>
                        <i>0.0142671 0.995566 0.0929767 -0.999898 0.0142517 0.000829683 -0.000499076 -0.0929791 0.995668 -0.616565 5.5892 -0.0895766</i>
                        <i>0.0154338 0.98454 0.174478 -0.99988 0.0153975 0.00156182 -0.00114884 -0.174481 0.98466 -0.614662 5.57379 -0.02673</i>
                        <i>0.0161113 0.981402 0.191287 -0.999869 0.0160687 0.00177414 -0.00133259 -0.191291 0.981533 -0.611907 5.55002 0.0274273</i>
                        <i>0.0160456 0.978777 0.204299 -0.99987 0.0160214 0.00177243 -0.00153835 -0.204301 0.978907 -0.608692 5.521 0.0707389</i>
                        <i>0.0152539 0.976765 0.213772 -0.999882 0.0152669 0.00159051 -0.00171007 -0.213771 0.976882 -0.605427 5.48977 0.103376</i>
                        <i>0.0137529 0.975069 0.221477 -0.999904 0.0138095 0.00129297 -0.00179776 -0.221474 0.975165 -0.602518 5.45923 0.128132</i>
                        <i>0.0115599 0.974052 0.226028 -0.999932 0.0116572 0.000903994 -0.00175432 -0.226023 0.97412 -0.600369 5.4322 0.142314</i>
                        <i>0.00869347 0.97408 0.226038 -0.999961 0.00881623 0.000466388 -0.00153851 -0.226034 0.974118 -0.599383 5.41146 0.143221</i>
                        <i>0.00515669 0.975275 0.220934 -0.999986 0.00531144 -0.000106374 -0.00127722 -0.22093 0.975289 -0.599247 5.39375 0.128753</i>
                        <i>0.00103898 0.977319 0.211768 -0.999999 0.00125188 -0.00087126 -0.00111661 -0.211766 0.97732 -0.59935 5.37431 0.100398</i>
                        <i>-0.00350698 0.979874 0.199588 -0.999993 -0.00323194 -0.00170384 -0.00102449 -0.199593 0.979878 -0.599656 5.35356 0.0608534</i>
                        <i>-0.00832627 0.982618 0.185454 -0.999965 -0.00801053 -0.00245181 -0.000923609 -0.185468 0.98265 -0.600128 5.33193 0.0128216</i>
                        <i>-0.0132629 0.98528 0.170435 -0.999912 -0.0129519 -0.00293632 -0.000685631 -0.170459 0.985364 -0.600732 5.30991 -0.0410029</i>
                        <i>-0.0181595 0.98765 0.155618 -0.999835 -0.0179177 -0.00295652 -0.000131697 -0.155646 0.987813 -0.60143 5.28807 -0.0979418</i>
                        <i>-0.022854 0.989589 0.142097 -0.999738 -0.0227585 -0.00229733 0.000960504 -0.142112 0.98985 -0.602178 5.26708 -0.15534</i>
                        <i>-0.0271733 0.991014 0.13097 -0.999627 -0.0273116 -0.000740578 0.00284307 -0.130941 0.991386 -0.602926 5.24768 -0.210573</i>
                        <i>-0.0313939 0.991718 0.124542 -0.999485 -0.0319848 0.00274735 0.00670806 -0.124392 0.992211 -0.603592 5.23069 -0.261161</i>
                        <i>-0.0354956 0.991701 0.123572 -0.999284 -0.0368373 0.00858989 0.0130707 -0.123179 0.992298 -0.604105 5.21697 -0.304532</i>
                        <i>-0.0389115 0.991163 0.126817 -0.999023 -0.0412469 0.0158401 0.020931 -0.126077 0.9918 -0.604419 5.20747 -0.337948</i>
                        <i>-0.0412702 0.990246 0.13308 -0.998729 -0.0447402 0.0231891 0.0289169 -0.131953 0.990834 -0.604474 5.20316 -0.358678</i>
                        <i>-0.0425194 0.989241 0.139977 -0.99847 -0.0470325 0.0290919 0.0353625 -0.138526 0.989727 -0.604457 5.2031 -0.369264</i>
                        <i>-0.0428088 0.988514 0.144939 -0.998344 -0.0479061 0.0318611 0.0384386 -0.143335 0.988927 -0.60458 5.20563 -0.374055</i>
                        <i>-0.0421217 0.988103 0.147913 -0.998428 -0.0471074 0.0303659 0.0369724 -0.146401 0.988534 -0.604822 5.21036 -0.373525</i>
                        <i>-0.040522 0.987862 0.149958 -0.998667 -0.0448443 0.025553 0.0319676 -0.148723 0.988362 -0.605163 5.21691 -0.368646</i>
                        <i>-0.0381957 0.987742 0.15135 -0.998959 -0.0415219 0.018877 0.02493 -0.150472 0.9883 -0.605575 5.22511 -0.360133</i>
                        <i>-0.0353436 0.987693 0.152358 -0.999224 -0.0375762 0.0117987 0.0173785 -0.151822 0.988255 -0.60603 5.23479 -0.3487</i>
                        <i>-0.0322575 0.987657 0.153271 -0.999422 -0.0335234 0.00568137 0.0107494 -0.153 0.988168 -0.606495 5.24576 -0.335058</i>
                        <i>-0.0293403 0.987571 0.154413 -0.999549 -0.0299683 0.0017399 0.00634575 -0.154292 0.988005 -0.606928 5.25787 -0.319918</i>
                        <i>-0.0266082 0.987758 0.153706 -0.999639 -0.0268684 -0.000384185 0.00375035 -0.15366 0.988117 -0.607309 5.27081 -0.304022</i>
                        <i>-0.0237796 0.988515 0.149242 -0.999716 -0.0237713 -0.00184 0.0017288 -0.149243 0.988799 -0.607634 5.28416 -0.288019</i>
                        <i>-0.0208789 0.989703 0.141604 -0.999782 -0.0207033 -0.00271342 0.000246191 -0.14163 0.98992 -0.6079 5.29749 -0.270914</i>
                        <i>-0.0179283 0.991171 0.131374 -0.999839 -0.0176753 -0.00309194 -0.000742575 -0.131408 0.991328 -0.608125 5.3104 -0.252013</i>
                        <i>-0.0149474 0.992766 0.119132 -0.999887 -0.014687 -0.00306426 -0.00129241 -0.119164 0.992874 -0.608316 5.32249 -0.232332</i>
                        <i>-0.0119522 0.994352 0.10546 -0.999928 -0.0117307 -0.00272004 -0.00146755 -0.105485 0.99442 -0.608483 5.33336 -0.212892</i>
                        <i>-0.00895442 0.995816 0.090943 -0.999959 -0.00879534 -0.00214983 -0.00134096 -0.0909585 0.995854 -0.608636 5.34262 -0.194722</i>
                        <i>-0.00596166 0.997077 0.0761667 -0.999982 -0.00586865 -0.00144495 -0.000993727 -0.0761739 0.997094 -0.608783 5.34988 -0.178853</i>
                        <i>-0.00297713 0.998089 0.0617183 -0.999995 -0.00293969 -0.000697449 -0.000514683 -0.0617201 0.998093 -0.608934 5.35474 -0.166321</i>
                        <i>3.7023e-019 0.998838 0.0481858 -1 0 1.73472e-018 5.19098e-018 -0.0481858 0.998838 -0.609098 5.35684 -0.158163</i>
                    </KeyFrames>
                </p>
            </i>
            <i>
                <p>
                    <Name><![CDATA[spine2]]></Name>
                    <Exclude>0</Exclude>
                    <Additive>1</Additive>
                    <IKPriority>0</IKPriority>
                    <IKRotLimits>-1e+010 -1e+010 -1e+010 1e+010 1e+010 1e+010</IKRotLimits>
                    <IKRotLimitOrder>0</IKRotLimitOrder>
                    <KeyFrames count="49">
                        <i>1.17443e-018 0.979135 0.203211 -1 0 1.73472e-018 5.06992e-018 -0.203211 0.979135 -0.609098 5.51463 -0.150551</i>
                        <i>0.00120095 0.941829 0.336091 -0.999999 0.0011107 0.000460778 6.06792e-005 -0.336091 0.94183 -0.620079 5.4879 -0.230642</i>
                        <i>0.00689241 0.891023 0.453905 -0.999975 0.00677442 0.00188602 -0.00139445 -0.453907 0.891048 -0.616572 5.4529 -0.334094</i>
                        <i>0.0143342 0.888117 0.459394 -0.999889 0.014586 0.00300072 -0.00403575 -0.459386 0.888228 -0.607331 5.42496 -0.445573</i>
                        <i>0.021686 0.955248 0.295009 -0.99975 0.0223139 0.00123811 -0.00540009 -0.294962 0.955494 -0.600498 5.41638 -0.538925</i>
                        <i>0.0275839 0.999356 0.0229449 -0.999609 0.0276831 -0.00401566 -0.00464826 -0.0228252 0.999729 -0.599352 5.4365 -0.585131</i>
                        <i>0.0321457 0.972672 -0.229945 -0.999478 0.0305075 -0.0106768 -0.00336995 0.230169 0.973145 -0.601187 5.48541 -0.584135</i>
                        <i>0.035768 0.941303 -0.335662 -0.999355 0.0326235 -0.0150041 -0.00317292 0.335982 0.941863 -0.604968 5.55876 -0.522727</i>
                        <i>0.0388872 0.962039 -0.270128 -0.999235 0.036291 -0.0146009 -0.00424342 0.270489 0.962714 -0.609565 5.64605 -0.410343</i>
                        <i>0.0416496 0.993345 -0.107378 -0.999115 0.0407833 -0.0102528 -0.00580531 0.10771 0.994165 -0.613518 5.71845 -0.281352</i>
                        <i>0.0442902 0.994986 0.0896752 -0.99899 0.0447948 -0.00362153 -0.00762035 -0.0894242 0.995965 -0.615155 5.75033 -0.167896</i>
                        <i>0.0467016 0.965764 0.255186 -0.998865 0.0475564 0.00282286 -0.0094095 -0.255028 0.966888 -0.614311 5.74641 -0.0748953</i>
                        <i>0.04859 0.941551 0.333349 -0.998764 0.0493085 0.00631013 -0.0104956 -0.333243 0.942783 -0.612221 5.72947 0.000866991</i>
                        <i>0.0488782 0.93574 0.349288 -0.998747 0.0495601 0.00699006 -0.0107699 -0.349192 0.936989 -0.609359 5.70521 0.0576838</i>
                        <i>0.0466886 0.93124 0.361403 -0.998853 0.0473721 0.00697371 -0.0106262 -0.361314 0.932384 -0.606154 5.67579 0.103057</i>
                        <i>0.0423363 0.928053 0.370034 -0.999053 0.0430497 0.00633419 -0.0100514 -0.369952 0.928996 -0.603014 5.64427 0.137199</i>
                        <i>0.0361338 0.92553 0.376946 -0.999306 0.0368748 0.00525289 -0.00903811 -0.376875 0.92622 -0.600342 5.6135 0.163182</i>
                        <i>0.0283928 0.924182 0.380897 -0.999568 0.0291397 0.00380722 -0.00758066 -0.38084 0.92461 -0.59854 5.58633 0.178091</i>
                        <i>0.0194237 0.924518 0.380644 -0.999795 0.0201222 0.00214459 -0.00567668 -0.380607 0.924719 -0.598008 5.56561 0.179005</i>
                        <i>0.0090535 0.927116 0.374666 -0.999953 0.00971214 0.000130245 -0.00351806 -0.37465 0.92716 -0.598432 5.54811 0.163733</i>
                        <i>-0.00283164 0.931605 0.36346 -0.999995 -0.00215444 -0.00226859 -0.00133038 -0.363465 0.931607 -0.599187 5.52901 0.133929</i>
                        <i>-0.0158234 0.937063 0.348802 -0.999874 -0.0151374 -0.00469234 0.000882933 -0.348833 0.937185 -0.600212 5.50867 0.092459</i>
                        <i>-0.0294994 0.942641 0.332503 -0.99956 -0.0288858 -0.00678953 0.00320453 -0.332557 0.943078 -0.601448 5.48747 0.0421903</i>
                        <i>-0.0434236 0.947624 0.316422 -0.99904 -0.0430314 -0.00823042 0.00581674 -0.316475 0.948583 -0.602834 5.46588 -0.0140115</i>
                        <i>-0.0571428 0.951447 0.302462 -0.998325 -0.0571866 -0.00871895 0.00900116 -0.302454 0.953121 -0.604307 5.44441 -0.0732959</i>
                        <i>-0.0701791 0.953668 0.292561 -0.997448 -0.0709457 -0.00800276 0.013124 -0.292376 0.956213 -0.605797 5.42372 -0.132834</i>
                        <i>-0.0820142 0.953913 0.288659 -0.996457 -0.0838925 -0.00588085 0.0186065 -0.288118 0.957414 -0.607228 5.40455 -0.189827</i>
                        <i>-0.0933218 0.950307 0.296999 -0.995244 -0.0974065 -0.00105023 0.0279316 -0.295685 0.954877 -0.60856 5.38767 -0.241432</i>
                        <i>-0.104029 0.94207 0.318877 -0.993683 -0.11202 0.00677093 0.0420993 -0.316158 0.947772 -0.609716 5.37393 -0.284956</i>
                        <i>-0.112686 0.930421 0.348737 -0.991886 -0.126124 0.0159915 0.0588629 -0.344105 0.937084 -0.610561 5.36429 -0.317862</i>
                        <i>-0.118456 0.916924 0.381076 -0.990096 -0.138193 0.0247444 0.0753508 -0.374371 0.924212 -0.610979 5.35976 -0.337608</i>
                        <i>-0.121315 0.904259 0.409388 -0.988681 -0.146757 0.0311812 0.0882766 -0.400971 0.911827 -0.611151 5.35948 -0.347112</i>
                        <i>-0.121795 0.895929 0.427174 -0.988075 -0.150288 0.0334857 0.0941998 -0.418002 0.903549 -0.611314 5.36184 -0.351124</i>
                        <i>-0.119982 0.893038 0.43369 -0.988606 -0.14747 0.0301638 0.0908938 -0.425129 0.900557 -0.611449 5.3665 -0.350124</i>
                        <i>-0.115933 0.893842 0.433136 -0.990004 -0.139254 0.0223876 0.0803269 -0.42621 0.901051 -0.611544 5.37304 -0.344916</i>
                        <i>-0.110004 0.89726 0.427578 -0.991771 -0.127437 0.0122676 0.0654964 -0.42271 0.903895 -0.611597 5.38128 -0.336175</i>
                        <i>-0.102591 0.902135 0.419079 -0.993495 -0.113864 0.00190174 0.0494336 -0.416158 0.907948 -0.611611 5.39102 -0.324572</i>
                        <i>-0.0943631 0.907314 0.409727 -0.99492 -0.100447 -0.00670372 0.0350734 -0.408278 0.912184 -0.611595 5.40204 -0.310778</i>
                        <i>-0.0863216 0.911721 0.401638 -0.995949 -0.0891541 -0.0116729 0.0251652 -0.401019 0.915724 -0.611571 5.41417 -0.295452</i>
                        <i>-0.0785918 0.916289 0.39273 -0.996727 -0.079709 -0.0134903 0.0189431 -0.392505 0.919555 -0.611522 5.42716 -0.279667</i>
                        <i>-0.0705271 0.922349 0.379866 -0.997414 -0.0704972 -0.0140094 0.0138579 -0.379871 0.924936 -0.6114 5.44062 -0.264374</i>
                        <i>-0.0621812 0.929484 0.363583 -0.998017 -0.0614882 -0.0134925 0.00981506 -0.363701 0.931464 -0.611208 5.45411 -0.248486</i>
                        <i>-0.0536082 0.937279 0.344432 -0.99854 -0.0526339 -0.012186 0.00670717 -0.344583 0.938732 -0.610965 5.46721 -0.231213</i>
                        <i>-0.0448607 0.945341 0.322982 -0.998983 -0.0438794 -0.0103229 0.00441362 -0.323117 0.946349 -0.610684 5.4795 -0.213477</i>
                        <i>-0.0359877 0.953314 0.299829 -0.999348 -0.0351704 -0.00812401 0.00280039 -0.299926 0.953958 -0.610376 5.49057 -0.196209</i>
                        <i>-0.0270329 0.960891 0.275604 -0.999633 -0.0264595 -0.00579923 0.0017199 -0.275659 0.961254 -0.610054 5.50002 -0.180341</i>
                        <i>-0.0180328 0.967828 0.250965 -0.999837 -0.0177094 -0.00354737 0.00101119 -0.250988 0.96799 -0.609726 5.50743 -0.166813</i>
                        <i>-0.00901559 0.973947 0.226599 -0.999959 -0.0088944 -0.00155586 0.000500133 -0.226603 0.973987 -0.609405 5.51243 -0.156569</i>
                        <i>1.17443e-018 0.979135 0.203211 -1 0 1.73472e-018 5.06992e-018 -0.203211 0.979135 -0.609098 5.51463 -0.150551</i>
                    </KeyFrames>
                </p>
            </i>
            <i>
                <p>
                    <Name><![CDATA[head]]></Name>
                    <Exclude>0</Exclude>
                    <Additive>1</Additive>
                    <IKPriority>0</IKPriority>
                    <IKRotLimits>-1e+010 -1e+010 -1e+010 1e+010 1e+010 1e+010</IKRotLimits>
                    <IKRotLimitOrder>0</IKRotLimitOrder>
                    <KeyFrames count="49">
                        <i>4.14731e-019 0.998388 0.0567494 -3.38255e-016 0.0567494 -0.998388 -1 -4.05063e-017 3.33492e-016 -0.609098 5.76869 -0.106322</i>
                        <i>0.00233876 0.9819 0.189383 -0.000140004 0.189384 -0.981903 -0.999997 0.00226992 0.000580393 -0.619623 5.73505 -0.156094</i>
                        <i>0.00948338 0.947955 0.318262 0.000676756 0.31827 -0.948 -0.999955 0.00920563 0.00237674 -0.614459 5.69033 -0.232148</i>
                        <i>0.0185047 0.933348 0.358496 0.0030733 0.358502 -0.933524 -0.999824 0.0183764 0.00376554 -0.603076 5.66208 -0.342864</i>
                        <i>0.0266498 0.952697 0.302751 0.00687622 0.302677 -0.953068 -0.999621 0.0274809 0.00151533 -0.594177 5.66668 -0.475868</i>
                        <i>0.0321809 0.975689 0.216784 0.0123277 0.216493 -0.976206 -0.999406 0.0340877 -0.00506104 -0.591393 5.69409 -0.584971</i>
                        <i>0.0359419 0.991115 0.128062 0.018192 0.127475 -0.991675 -0.999188 0.0379724 -0.0134487 -0.59192 5.73598 -0.641244</i>
                        <i>0.0398212 0.99701 0.0662235 0.0216504 0.0653995 -0.997624 -0.998972 0.0411604 -0.0189813 -0.594616 5.80236 -0.603431</i>
                        <i>0.0457139 0.998716 0.0218193 0.0194439 0.0209485 -0.999591 -0.998765 0.0461195 -0.0184614 -0.598266 5.89443 -0.474961</i>
                        <i>0.0522309 0.998225 -0.0286071 0.0114246 -0.0292416 -0.999507 -0.99857 0.0518784 -0.0129316 -0.601368 5.974 -0.307623</i>
                        <i>0.0570464 0.995275 -0.0785703 7.44383e-005 -0.0787027 -0.996898 -0.998371 0.0568636 -0.00456379 -0.602185 6.0068 -0.148354</i>
                        <i>0.059447 0.991802 -0.113111 -0.0103327 -0.112694 -0.993576 -0.998178 0.0602338 0.00354866 -0.600589 5.9972 -0.0167246</i>
                        <i>0.0609729 0.991481 -0.115099 -0.0150485 -0.114387 -0.993322 -0.998026 0.0622978 0.00794585 -0.597933 5.97527 0.0777048</i>
                        <i>0.0611729 0.99295 -0.101525 -0.0150937 -0.100783 -0.994794 -0.998013 0.0623868 0.00882212 -0.59501 5.94969 0.13864</i>
                        <i>0.0582482 0.993619 -0.0965864 -0.0145137 -0.0958976 -0.995285 -0.998197 0.0593754 0.00883524 -0.592472 5.91929 0.187067</i>
                        <i>0.052644 0.993873 -0.0971861 -0.0132365 -0.096618 -0.995234 -0.998526 0.0536795 0.00806901 -0.590632 5.88712 0.223313</i>
                        <i>0.0447995 0.994112 -0.0986675 -0.0112129 -0.0982601 -0.995098 -0.998933 0.0456862 0.0067449 -0.5898 5.85586 0.250939</i>
                        <i>0.0351267 0.994409 -0.0995845 -0.00849145 -0.0993455 -0.995017 -0.999347 0.0357973 0.0049543 -0.590283 5.82849 0.26673</i>
                        <i>0.0239969 0.994848 -0.098493 -0.0052639 -0.0983942 -0.995134 -0.999698 0.0243986 0.00287563 -0.59239 5.80792 0.267466</i>
                        <i>0.0118166 0.995151 -0.0976496 -0.0013229 -0.0976408 -0.995221 -0.999929 0.0118893 0.000162702 -0.595854 5.79109 0.250498</i>
                        <i>-0.00130155 0.995052 -0.0993465 0.00344193 -0.0993415 -0.995048 -0.999993 -0.00163704 -0.0032956 -0.600087 5.7731 0.217566</i>
                        <i>-0.0154643 0.994645 -0.102187 0.00852839 -0.102065 -0.994741 -0.999844 -0.0162545 -0.00690436 -0.604911 5.75407 0.172038</i>
                        <i>-0.0307748 0.99402 -0.104775 0.0133628 -0.104406 -0.994445 -0.999437 -0.0320039 -0.0100698 -0.610144 5.73416 0.117301</i>
                        <i>-0.0473192 0.99327 -0.105711 0.0172922 -0.104999 -0.994322 -0.99873 -0.0488785 -0.0122074 -0.615601 5.71366 0.0567476</i>
                        <i>-0.0651508 0.992484 -0.103594 0.0195924 -0.102522 -0.994538 -0.997683 -0.0668245 -0.0127658 -0.62109 5.69296 -0.00622886</i>
                        <i>-0.0842706 0.991709 -0.0970119 0.019492 -0.0956989 -0.995219 -0.996252 -0.0857587 -0.0112658 -0.626408 5.67262 -0.0682517</i>
                        <i>-0.104609 0.990914 -0.0845362 0.0162122 -0.0832921 -0.996393 -0.994381 -0.105602 -0.00735179 -0.631332 5.65331 -0.125973</i>
                        <i>-0.130659 0.989489 -0.0619627 0.00597601 -0.0617113 -0.998076 -0.991409 -0.130778 0.00214996 -0.636046 5.6353 -0.174722</i>
                        <i>-0.163105 0.986229 -0.0273636 -0.0123427 -0.0297725 -0.99948 -0.986531 -0.162683 0.0170288 -0.640457 5.61917 -0.211457</i>
                        <i>-0.19618 0.980418 0.0171422 -0.0351604 0.0104373 -0.999327 -0.979937 -0.196651 0.0324243 -0.643976 5.60617 -0.235331</i>
                        <i>-0.224368 0.972048 0.0691472 -0.0585657 0.0573779 -0.996633 -0.972743 -0.227663 0.0440549 -0.646213 5.59771 -0.245466</i>
                        <i>-0.242766 0.962031 0.124745 -0.0783681 0.108723 -0.990978 -0.966914 -0.250352 0.0489984 -0.647314 5.59371 -0.246664</i>
                        <i>-0.247357 0.952107 0.179742 -0.0898342 0.162172 -0.982665 -0.964751 -0.259216 0.0454174 -0.647651 5.59364 -0.245515</i>
                        <i>-0.236386 0.942667 0.235587 -0.0870551 0.220936 -0.971395 -0.967752 -0.250133 0.0298378 -0.647215 5.59753 -0.242689</i>
                        <i>-0.215308 0.931078 0.29451 -0.0702151 0.286042 -0.955641 -0.974019 -0.226437 0.00378851 -0.646025 5.60445 -0.237752</i>
                        <i>-0.191069 0.91529 0.354594 -0.0438582 0.352928 -0.934622 -0.980596 -0.194129 -0.0272908 -0.64421 5.61387 -0.230763</i>
                        <i>-0.168943 0.894565 0.413777 -0.0141816 0.417561 -0.908538 -0.985524 -0.159359 -0.0578578 -0.641913 5.62521 -0.22179</i>
                        <i>-0.15177 0.869446 0.470138 0.0111056 0.477118 -0.878769 -0.988353 -0.128149 -0.0820678 -0.639366 5.6379 -0.210879</i>
                        <i>-0.139722 0.841278 0.522235 0.02346 0.530073 -0.847627 -0.989913 -0.106181 -0.0937993 -0.63691 5.65144 -0.198056</i>
                        <i>-0.111623 0.966398 0.231549 0.0702856 0.240099 -0.968201 -0.991262 -0.0917984 -0.0947243 -0.634555 5.66579 -0.184899</i>
                        <i>-0.0973893 0.972138 0.213221 0.0717655 0.220541 -0.972734 -0.992656 -0.0794319 -0.0912443 -0.632038 5.68091 -0.173204</i>
                        <i>-0.083694 0.977903 0.191574 0.0691685 0.197486 -0.977862 -0.994088 -0.0685903 -0.0841685 -0.629377 5.69626 -0.161755</i>
                        <i>-0.0705341 0.983394 0.167218 0.0632196 0.171705 -0.983118 -0.995504 -0.0587718 -0.0742809 -0.626608 5.71134 -0.149624</i>
                        <i>-0.0578902 0.988346 0.140786 0.0546633 0.143949 -0.988074 -0.996825 -0.049504 -0.0623595 -0.623759 5.72562 -0.137595</i>
                        <i>-0.0457204 0.99255 0.112936 0.0442622 0.114956 -0.992384 -0.997973 -0.0403734 -0.0491882 -0.620856 5.73863 -0.12645</i>
                        <i>-0.0339563 0.995858 0.0843454 0.0327959 0.0854589 -0.995802 -0.998885 -0.0310476 -0.0355619 -0.61792 5.74988 -0.116971</i>
                        <i>-0.0225018 0.998194 0.0557059 0.0210583 0.0561808 -0.998199 -0.999525 -0.0212882 -0.0222844 -0.614972 5.75892 -0.109938</i>
                        <i>-0.0112326 0.999553 0.0277139 0.00985476 0.027825 -0.999564 -0.999888 -0.0109546 -0.0101629 -0.612027 5.76533 -0.106129</i>
                        <i>1.25217e-019 0.999999 0.00106646 -5.20266e-018 0.00106646 -0.999999 -1 2.71765e-017 7.37495e-018 -0.609098 5.76869 -0.106322</i>
                    </KeyFrames>
                </p>
            </i>
            <i>
                <p>
                    <Name><![CDATA[head_prop]]></Name>
                    <Exclude>0</Exclude>
                    <Additive>1</Additive>
                    <IKPriority>0</IKPriority>
                    <IKRotLimits>-1e+010 -1e+010 -1e+010 1e+010 1e+010 1e+010</IKRotLimits>
                    <IKRotLimitOrder>0</IKRotLimitOrder>
                    <KeyFrames count="49">
                        <i>1 2.62193e-016 -3.20891e-016 -2.2163e-016 0.998388 0.0567494 3.38255e-016 -0.0567494 0.998388 -0.609098 6.09408 -0.0878264</i>
                        <i>0.999997 -0.00226992 -0.000580393 0.00234294 0.968307 0.249752 -4.91856e-006 -0.249753 0.96831 -0.618855 6.05429 -0.083707</i>
