<?xml version="1.0" encoding="ISO-8859-1" ?>
<Animl Version="1">
    <ModellingPackage>
        <![CDATA[Maya.2010]]>
</ModellingPackage>
    <SrcFile>
        <![CDATA[anims\turrets\antiair\blue\~src\aa_chaparral\aa_chaparral_idle_crewman_a.mb]]>
</SrcFile>
    <FramesPerSecond>30</FramesPerSecond>
    <TotalFrames>97</TotalFrames>
    <Skeleton>
        <RefFrame>
            <Name>
                <![CDATA[soldier_ref_frame]]>
</Name>
            <Exclude>0</Exclude>
            <Additive>0</Additive>
            <IKPriority>0</IKPriority>
            <IKRotLimits>-1e+010 -1e+010 -1e+010 1e+010 1e+010 1e+010</IKRotLimits>
            <IKRotLimitOrder>0</IKRotLimitOrder>
            <KeyFrames count="97">
                <i>1 0 0 0 1 0 0 0 1 -1.4 2.19 -3.1</i>
                <i>1 0 0 0 1 0 0 0 1 -1.4 2.19 -3.1</i>
                <i>1 0 0 0 1 0 0 0 1 -1.4 2.19 -3.1</i>
                <i>1 0 0 0 1 0 0 0 1 -1.4 2.19 -3.1</i>
                <i>1 0 0 0 1 0 0 0 1 -1.4 2.19 -3.1</i>
                <i>1 0 0 0 1 0 0 0 1 -1.4 2.19 -3.1</i>
                <i>1 0 0 0 1 0 0 0 1 -1.4 2.19 -3.1</i>
                <i>1 0 0 0 1 0 0 0 1 -1.4 2.19 -3.1</i>
                <i>1 0 0 0 1 0 0 0 1 -1.4 2.19 -3.1</i>
                <i>1 0 0 0 1 0 0 0 1 -1.4 2.19 -3.1</i>
                <i>1 0 0 0 1 0 0 0 1 -1.4 2.19 -3.1</i>
                <i>1 0 0 0 1 0 0 0 1 -1.4 2.19 -3.1</i>
                <i>1 0 0 0 1 0 0 0 1 -1.4 2.19 -3.1</i>
                <i>1 0 0 0 1 0 0 0 1 -1.4 2.19 -3.1</i>
                <i>1 0 0 0 1 0 0 0 1 -1.4 2.19 -3.1</i>
                <i>1 0 0 0 1 0 0 0 1 -1.4 2.19 -3.1</i>
                <i>1 0 0 0 1 0 0 0 1 -1.4 2.19 -3.1</i>
                <i>1 0 0 0 1 0 0 0 1 -1.4 2.19 -3.1</i>
                <i>1 0 0 0 1 0 0 0 1 -1.4 2.19 -3.1</i>
                <i>1 0 0 0 1 0 0 0 1 -1.4 2.19 -3.1</i>
                <i>1 0 0 0 1 0 0 0 1 -1.4 2.19 -3.1</i>
                <i>1 0 0 0 1 0 0 0 1 -1.4 2.19 -3.1</i>
                <i>1 0 0 0 1 0 0 0 1 -1.4 2.19 -3.1</i>
                <i>1 0 0 0 1 0 0 0 1 -1.4 2.19 -3.1</i>
                <i>1 0 0 0 1 0 0 0 1 -1.4 2.19 -3.1</i>
                <i>1 0 0 0 1 0 0 0 1 -1.4 2.19 -3.1</i>
                <i>1 0 0 0 1 0 0 0 1 -1.4 2.19 -3.1</i>
                <i>1 0 0 0 1 0 0 0 1 -1.4 2.19 -3.1</i>
                <i>1 0 0 0 1 0 0 0 1 -1.4 2.19 -3.1</i>
                <i>1 0 0 0 1 0 0 0 1 -1.4 2.19 -3.1</i>
                <i>1 0 0 0 1 0 0 0 1 -1.4 2.19 -3.1</i>
                <i>1 0 0 0 1 0 0 0 1 -1.4 2.19 -3.1</i>
                <i>1 0 0 0 1 0 0 0 1 -1.4 2.19 -3.1</i>
                <i>1 0 0 0 1 0 0 0 1 -1.4 2.19 -3.1</i>
                <i>1 0 0 0 1 0 0 0 1 -1.4 2.19 -3.1</i>
                <i>1 0 0 0 1 0 0 0 1 -1.4 2.19 -3.1</i>
                <i>1 0 0 0 1 0 0 0 1 -1.4 2.19 -3.1</i>
                <i>1 0 0 0 1 0 0 0 1 -1.4 2.19 -3.1</i>
                <i>1 0 0 0 1 0 0 0 1 -1.4 2.19 -3.1</i>
                <i>1 0 0 0 1 0 0 0 1 -1.4 2.19 -3.1</i>
                <i>1 0 0 0 1 0 0 0 1 -1.4 2.19 -3.1</i>
                <i>1 0 0 0 1 0 0 0 1 -1.4 2.19 -3.1</i>
                <i>1 0 0 0 1 0 0 0 1 -1.4 2.19 -3.1</i>
                <i>1 0 0 0 1 0 0 0 1 -1.4 2.19 -3.1</i>
                <i>1 0 0 0 1 0 0 0 1 -1.4 2.19 -3.1</i>
                <i>1 0 0 0 1 0 0 0 1 -1.4 2.19 -3.1</i>
                <i>1 0 0 0 1 0 0 0 1 -1.4 2.19 -3.1</i>
                <i>1 0 0 0 1 0 0 0 1 -1.4 2.19 -3.1</i>
                <i>1 0 0 0 1 0 0 0 1 -1.4 2.19 -3.1</i>
                <i>1 0 0 0 1 0 0 0 1 -1.4 2.19 -3.1</i>
                <i>1 0 0 0 1 0 0 0 1 -1.4 2.19 -3.1</i>
                <i>1 0 0 0 1 0 0 0 1 -1.4 2.19 -3.1</i>
                <i>1 0 0 0 1 0 0 0 1 -1.4 2.19 -3.1</i>
                <i>1 0 0 0 1 0 0 0 1 -1.4 2.19 -3.1</i>
                <i>1 0 0 0 1 0 0 0 1 -1.4 2.19 -3.1</i>
                <i>1 0 0 0 1 0 0 0 1 -1.4 2.19 -3.1</i>
                <i>1 0 0 0 1 0 0 0 1 -1.4 2.19 -3.1</i>
                <i>1 0 0 0 1 0 0 0 1 -1.4 2.19 -3.1</i>
                <i>1 0 0 0 1 0 0 0 1 -1.4 2.19 -3.1</i>
                <i>1 0 0 0 1 0 0 0 1 -1.4 2.19 -3.1</i>
                <i>1 0 0 0 1 0 0 0 1 -1.4 2.19 -3.1</i>
                <i>1 0 0 0 1 0 0 0 1 -1.4 2.19 -3.1</i>
                <i>1 0 0 0 1 0 0 0 1 -1.4 2.19 -3.1</i>
                <i>1 0 0 0 1 0 0 0 1 -1.4 2.19 -3.1</i>
                <i>1 0 0 0 1 0 0 0 1 -1.4 2.19 -3.1</i>
                <i>1 0 0 0 1 0 0 0 1 -1.4 2.19 -3.1</i>
                <i>1 0 0 0 1 0 0 0 1 -1.4 2.19 -3.1</i>
                <i>1 0 0 0 1 0 0 0 1 -1.4 2.19 -3.1</i>
                <i>1 0 0 0 1 0 0 0 1 -1.4 2.19 -3.1</i>
                <i>1 0 0 0 1 0 0 0 1 -1.4 2.19 -3.1</i>
                <i>1 0 0 0 1 0 0 0 1 -1.4 2.19 -3.1</i>
                <i>1 0 0 0 1 0 0 0 1 -1.4 2.19 -3.1</i>
                <i>1 0 0 0 1 0 0 0 1 -1.4 2.19 -3.1</i>
                <i>1 0 0 0 1 0 0 0 1 -1.4 2.19 -3.1</i>
                <i>1 0 0 0 1 0 0 0 1 -1.4 2.19 -3.1</i>
                <i>1 0 0 0 1 0 0 0 1 -1.4 2.19 -3.1</i>
                <i>1 0 0 0 1 0 0 0 1 -1.4 2.19 -3.1</i>
                <i>1 0 0 0 1 0 0 0 1 -1.4 2.19 -3.1</i>
                <i>1 0 0 0 1 0 0 0 1 -1.4 2.19 -3.1</i>
                <i>1 0 0 0 1 0 0 0 1 -1.4 2.19 -3.1</i>
                <i>1 0 0 0 1 0 0 0 1 -1.4 2.19 -3.1</i>
                <i>1 0 0 0 1 0 0 0 1 -1.4 2.19 -3.1</i>
                <i>1 0 0 0 1 0 0 0 1 -1.4 2.19 -3.1</i>
                <i>1 0 0 0 1 0 0 0 1 -1.4 2.19 -3.1</i>
                <i>1 0 0 0 1 0 0 0 1 -1.4 2.19 -3.1</i>
                <i>1 0 0 0 1 0 0 0 1 -1.4 2.19 -3.1</i>
                <i>1 0 0 0 1 0 0 0 1 -1.4 2.19 -3.1</i>
                <i>1 0 0 0 1 0 0 0 1 -1.4 2.19 -3.1</i>
                <i>1 0 0 0 1 0 0 0 1 -1.4 2.19 -3.1</i>
                <i>1 0 0 0 1 0 0 0 1 -1.4 2.19 -3.1</i>
                <i>1 0 0 0 1 0 0 0 1 -1.4 2.19 -3.1</i>
                <i>1 0 0 0 1 0 0 0 1 -1.4 2.19 -3.1</i>
                <i>1 0 0 0 1 0 0 0 1 -1.4 2.19 -3.1</i>
                <i>1 0 0 0 1 0 0 0 1 -1.4 2.19 -3.1</i>
                <i>1 0 0 0 1 0 0 0 1 -1.4 2.19 -3.1</i>
                <i>1 0 0 0 1 0 0 0 1 -1.4 2.19 -3.1</i>
                <i>1 0 0 0 1 0 0 0 1 -1.4 2.19 -3.1</i>
            </KeyFrames>
        </RefFrame>
        <Bones count="23">
            <i>
                <p>
                    <Name>
                        <![CDATA[pelvis]]>
</Name>
                    <Exclude>0</Exclude>
                    <Additive>0</Additive>
                    <IKPriority>0</IKPriority>
                    <IKRotLimits>-1e+010 -1e+010 -1e+010 1e+010 1e+010 1e+010</IKRotLimits>
                    <IKRotLimitOrder>2</IKRotLimitOrder>
                    <KeyFrames count="97">
                        <i>1 0 0 0 1 0 0 0 1 -1.31313 3.31598 -3.10188</i>
                        <i>1 0 0 0 1 0 0 0 1 -1.31313 3.31586 -3.10188</i>
                        <i>1 0 0 0 1 0 0 0 1 -1.31313 3.31551 -3.10188</i>
                        <i>1 0 0 0 1 0 0 0 1 -1.31313 3.31496 -3.10188</i>
                        <i>1 0 0 0 1 0 0 0 1 -1.31313 3.31423 -3.10188</i>
                        <i>1 0 0 0 1 0 0 0 1 -1.31313 3.31333 -3.10188</i>
                        <i>1 0 0 0 1 0 0 0 1 -1.31313 3.3123 -3.10188</i>
                        <i>1 0 0 0 1 0 0 0 1 -1.31313 3.31113 -3.10188</i>
                        <i>1 0 0 0 1 0 0 0 1 -1.31313 3.30987 -3.10188</i>
                        <i>1 0 0 0 1 0 0 0 1 -1.31313 3.30852 -3.10188</i>
                        <i>1 0 0 0 1 0 0 0 1 -1.31313 3.30712 -3.10188</i>
                        <i>1 0 0 0 1 0 0 0 1 -1.31313 3.30567 -3.10188</i>
                        <i>1 0 0 0 1 0 0 0 1 -1.31313 3.3042 -3.10188</i>
                        <i>1 0 0 0 1 0 0 0 1 -1.31313 3.30273 -3.10188</i>
                        <i>1 0 0 0 1 0 0 0 1 -1.31313 3.30128 -3.10188</i>
                        <i>1 0 0 0 1 0 0 0 1 -1.31313 3.29987 -3.10188</i>
                        <i>1 0 0 0 1 0 0 0 1 -1.31313 3.29853 -3.10188</i>
                        <i>1 0 0 0 1 0 0 0 1 -1.31313 3.29726 -3.10188</i>
                        <i>1 0 0 0 1 0 0 0 1 -1.31313 3.2961 -3.10188</i>
                        <i>1 0 0 0 1 0 0 0 1 -1.31313 3.29506 -3.10188</i>
                        <i>1 0 0 0 1 0 0 0 1 -1.31313 3.29417 -3.10188</i>
                        <i>1 0 0 0 1 0 0 0 1 -1.31313 3.29343 -3.10188</i>
                        <i>1 0 0 0 1 0 0 0 1 -1.31313 3.29288 -3.10188</i>
                        <i>1 0 0 0 1 0 0 0 1 -1.31313 3.29254 -3.10188</i>
                        <i>1 0 0 0 1 0 0 0 1 -1.31313 3.29242 -3.10188</i>
                        <i>1 0 0 0 1 0 0 0 1 -1.31313 3.29254 -3.10188</i>
                        <i>1 0 0 0 1 0 0 0 1 -1.31313 3.29288 -3.10188</i>
                        <i>1 0 0 0 1 0 0 0 1 -1.31313 3.29343 -3.10188</i>
                        <i>1 0 0 0 1 0 0 0 1 -1.31313 3.29417 -3.10188</i>
                        <i>1 0 0 0 1 0 0 0 1 -1.31313 3.29506 -3.10188</i>
                        <i>1 0 0 0 1 0 0 0 1 -1.31313 3.2961 -3.10188</i>
                        <i>1 0 0 0 1 0 0 0 1 -1.31313 3.29726 -3.10188</i>
                        <i>1 0 0 0 1 0 0 0 1 -1.31313 3.29853 -3.10188</i>
                        <i>1 0 0 0 1 0 0 0 1 -1.31313 3.29987 -3.10188</i>
                        <i>1 0 0 0 1 0 0 0 1 -1.31313 3.30128 -3.10188</i>
                        <i>1 0 0 0 1 0 0 0 1 -1.31313 3.30273 -3.10188</i>
                        <i>1 0 0 0 1 0 0 0 1 -1.31313 3.3042 -3.10188</i>
                        <i>1 0 0 0 1 0 0 0 1 -1.31313 3.30567 -3.10188</i>
                        <i>1 0 0 0 1 0 0 0 1 -1.31313 3.30712 -3.10188</i>
                        <i>1 0 0 0 1 0 0 0 1 -1.31313 3.30852 -3.10188</i>
                        <i>1 0 0 0 1 0 0 0 1 -1.31313 3.30987 -3.10188</i>
                        <i>1 0 0 0 1 0 0 0 1 -1.31313 3.31113 -3.10188</i>
                        <i>1 0 0 0 1 0 0 0 1 -1.31313 3.3123 -3.10188</i>
                        <i>1 0 0 0 1 0 0 0 1 -1.31313 3.31333 -3.10188</i>
                        <i>1 0 0 0 1 0 0 0 1 -1.31313 3.31423 -3.10188</i>
                        <i>1 0 0 0 1 0 0 0 1 -1.31313 3.31496 -3.10188</i>
                        <i>1 0 0 0 1 0 0 0 1 -1.31313 3.31551 -3.10188</i>
                        <i>1 0 0 0 1 0 0 0 1 -1.31313 3.31586 -3.10188</i>
                        <i>1 0 0 0 1 0 0 0 1 -1.31313 3.31598 -3.10188</i>
                        <i>1 0 0 0 1 0 0 0 1 -1.31313 3.31586 -3.10188</i>
                        <i>1 0 0 0 1 0 0 0 1 -1.31313 3.31551 -3.10188</i>
                        <i>1 0 0 0 1 0 0 0 1 -1.31313 3.31496 -3.10188</i>
                        <i>1 0 0 0 1 0 0 0 1 -1.31313 3.31423 -3.10188</i>
                        <i>1 0 0 0 1 0 0 0 1 -1.31313 3.31333 -3.10188</i>
                        <i>1 0 0 0 1 0 0 0 1 -1.31313 3.3123 -3.10188</i>
                        <i>1 0 0 0 1 0 0 0 1 -1.31313 3.31113 -3.10188</i>
                        <i>1 0 0 0 1 0 0 0 1 -1.31313 3.30987 -3.10188</i>
                        <i>1 0 0 0 1 0 0 0 1 -1.31313 3.30852 -3.10188</i>
                        <i>1 0 0 0 1 0 0 0 1 -1.31313 3.30712 -3.10188</i>
                        <i>1 0 0 0 1 0 0 0 1 -1.31313 3.30567 -3.10188</i>
                        <i>1 0 0 0 1 0 0 0 1 -1.31313 3.3042 -3.10188</i>
                        <i>1 0 0 0 1 0 0 0 1 -1.31313 3.30273 -3.10188</i>
                        <i>1 0 0 0 1 0 0 0 1 -1.31313 3.30128 -3.10188</i>
                        <i>1 0 0 0 1 0 0 0 1 -1.31313 3.29987 -3.10188</i>
                        <i>1 0 0 0 1 0 0 0 1 -1.31313 3.29853 -3.10188</i>
                        <i>1 0 0 0 1 0 0 0 1 -1.31313 3.29726 -3.10188</i>
                        <i>1 0 0 0 1 0 0 0 1 -1.31313 3.2961 -3.10188</i>
                        <i>1 0 0 0 1 0 0 0 1 -1.31313 3.29506 -3.10188</i>
                        <i>1 0 0 0 1 0 0 0 1 -1.31313 3.29417 -3.10188</i>
                        <i>1 0 0 0 1 0 0 0 1 -1.31313 3.29343 -3.10188</i>
                        <i>1 0 0 0 1 0 0 0 1 -1.31313 3.29288 -3.10188</i>
                        <i>1 0 0 0 1 0 0 0 1 -1.31313 3.29254 -3.10188</i>
                        <i>1 0 0 0 1 0 0 0 1 -1.31313 3.29242 -3.10188</i>
                        <i>1 0 0 0 1 0 0 0 1 -1.31313 3.29254 -3.10188</i>
                        <i>1 0 0 0 1 0 0 0 1 -1.31313 3.29288 -3.10188</i>
                        <i>1 0 0 0 1 0 0 0 1 -1.31313 3.29343 -3.10188</i>
                        <i>1 0 0 0 1 0 0 0 1 -1.31313 3.29417 -3.10188</i>
                        <i>1 0 0 0 1 0 0 0 1 -1.31313 3.29506 -3.10188</i>
                        <i>1 0 0 0 1 0 0 0 1 -1.31313 3.2961 -3.10188</i>
                        <i>1 0 0 0 1 0 0 0 1 -1.31313 3.29726 -3.10188</i>
                        <i>1 0 0 0 1 0 0 0 1 -1.31313 3.29853 -3.10188</i>
                        <i>1 0 0 0 1 0 0 0 1 -1.31313 3.29987 -3.10188</i>
                        <i>1 0 0 0 1 0 0 0 1 -1.31313 3.30128 -3.10188</i>
                        <i>1 0 0 0 1 0 0 0 1 -1.31313 3.30273 -3.10188</i>
                        <i>1 0 0 0 1 0 0 0 1 -1.31313 3.3042 -3.10188</i>
                        <i>1 0 0 0 1 0 0 0 1 -1.31313 3.30567 -3.10188</i>
                        <i>1 0 0 0 1 0 0 0 1 -1.31313 3.30712 -3.10188</i>
                        <i>1 0 0 0 1 0 0 0 1 -1.31313 3.30852 -3.10188</i>
                        <i>1 0 0 0 1 0 0 0 1 -1.31313 3.30987 -3.10188</i>
                        <i>1 0 0 0 1 0 0 0 1 -1.31313 3.31113 -3.10188</i>
                        <i>1 0 0 0 1 0 0 0 1 -1.31313 3.3123 -3.10188</i>
                        <i>1 0 0 0 1 0 0 0 1 -1.31313 3.31333 -3.10188</i>
                        <i>1 0 0 0 1 0 0 0 1 -1.31313 3.31423 -3.10188</i>
                        <i>1 0 0 0 1 0 0 0 1 -1.31313 3.31496 -3.10188</i>
                        <i>1 0 0 0 1 0 0 0 1 -1.31313 3.31551 -3.10188</i>
                        <i>1 0 0 0 1 0 0 0 1 -1.31313 3.31586 -3.10188</i>
                        <i>1 0 0 0 1 0 0 0 1 -1.31313 3.31598 -3.10188</i>
                    </KeyFrames>
                </p>
            </i>
            <i>
                <p>
                    <Name>
                        <![CDATA[spine0]]>
</Name>
                    <Exclude>0</Exclude>
                    <Additive>0</Additive>
                    <IKPriority>0</IKPriority>
                    <IKRotLimits>-1e+010 -1e+010 -1e+010 1e+010 1e+010 1e+010</IKRotLimits>
                    <IKRotLimitOrder>0</IKRotLimitOrder>
                    <KeyFrames count="97">
                        <i>0.143645 0.951123 0.27337 -0.916221 0.0234094 0.39999 0.37404 -0.307923 0.874801 -1.31772 3.45937 -3.11258</i>
                        <i>0.143415 0.951309 0.272843 -0.916221 0.0234052 0.399989 0.374127 -0.307349 0.874966 -1.31772 3.45925 -3.11258</i>
                        <i>0.143158 0.951516 0.272256 -0.916222 0.0234004 0.399988 0.374224 -0.306708 0.87515 -1.31772 3.4589 -3.11258</i>
                        <i>0.142884 0.951737 0.271628 -0.916222 0.0233953 0.399986 0.374327 -0.306023 0.875345 -1.31772 3.45835 -3.11258</i>
                        <i>0.142601 0.951964 0.27098 -0.916223 0.0233901 0.399985 0.374433 -0.305316 0.875547 -1.31772 3.45762 -3.11258</i>
                        <i>0.142318 0.95219 0.270332 -0.916224 0.0233848 0.399984 0.374539 -0.304609 0.875747 -1.31772 3.45672 -3.11258</i>
                        <i>0.142044 0.952409 0.269705 -0.916224 0.0233798 0.399983 0.374642 -0.303925 0.875941 -1.31772 3.45569 -3.11258</i>
                        <i>0.141788 0.952613 0.269118 -0.916225 0.023375 0.399982 0.374737 -0.303286 0.876122 -1.31772 3.45452 -3.11258</i>
                        <i>0.141559 0.952795 0.268593 -0.916226 0.0233708 0.399981 0.374822 -0.302713 0.876284 -1.31772 3.45326 -3.11258</i>
                        <i>0.141365 0.952949 0.26815 -0.916226 0.0233672 0.39998 0.374894 -0.302229 0.87642 -1.31772 3.45191 -3.11258</i>
                        <i>0.141216 0.953067 0.267808 -0.916226 0.0233644 0.399979 0.37495 -0.301856 0.876525 -1.31772 3.45051 -3.11258</i>
                        <i>0.141119 0.953143 0.267588 -0.916227 0.0233626 0.399979 0.374985 -0.301616 0.876592 -1.31772 3.44906 -3.11258</i>
                        <i>0.141085 0.95317 0.26751 -0.916227 0.023362 0.399979 0.374998 -0.301531 0.876616 -1.31772 3.44759 -3.11258</i>
                        <i>0.141119 0.953143 0.267588 -0.916227 0.0233626 0.399979 0.374986 -0.301616 0.876592 -1.31772 3.44612 -3.11258</i>
                        <i>0.141215 0.953068 0.267807 -0.916226 0.0233644 0.399979 0.37495 -0.301855 0.876525 -1.31772 3.44467 -3.11258</i>
                        <i>0.141364 0.95295 0.268148 -0.916226 0.0233671 0.39998 0.374895 -0.302227 0.87642 -1.31772 3.44326 -3.11258</i>
                        <i>0.141557 0.952796 0.26859 -0.916226 0.0233707 0.399981 0.374823 -0.30271 0.876285 -1.31772 3.44192 -3.11258</i>
                        <i>0.141786 0.952614 0.269114 -0.916225 0.023375 0.399982 0.374738 -0.303281 0.876123 -1.31772 3.44065 -3.11258</i>
                        <i>0.142042 0.952411 0.2697 -0.916224 0.0233797 0.399983 0.374642 -0.30392 0.875943 -1.31772 3.43949 -3.11258</i>
                        <i>0.142316 0.952192 0.270326 -0.916224 0.0233848 0.399984 0.37454 -0.304603 0.875749 -1.31772 3.43845 -3.11258</i>
                        <i>0.142598 0.951966 0.270974 -0.916223 0.02339 0.399985 0.374434 -0.30531 0.875548 -1.31772 3.43756 -3.11258</i>
                        <i>0.142882 0.951739 0.271622 -0.916222 0.0233953 0.399986 0.374328 -0.306017 0.875347 -1.31772 3.43682 -3.11258</i>
                        <i>0.143156 0.951518 0.272251 -0.916222 0.0234004 0.399988 0.374224 -0.306703 0.875151 -1.31772 3.43627 -3.11258</i>
                        <i>0.143414 0.95131 0.27284 -0.916221 0.0234052 0.399989 0.374127 -0.307346 0.874967 -1.31772 3.43593 -3.11258</i>
                        <i>0.143645 0.951123 0.27337 -0.916221 0.0234094 0.39999 0.37404 -0.307923 0.874801 -1.31772 3.43581 -3.11258</i>
                        <i>0.143877 0.950935 0.273901 -0.91622 0.0234137 0.399991 0.373952 -0.308503 0.874635 -1.31772 3.43593 -3.11258</i>
                        <i>0.144136 0.950725 0.274495 -0.916219 0.0234186 0.399992 0.373854 -0.309151 0.874448 -1.31772 3.43627 -3.11258</i>
                        <i>0.144414 0.950498 0.275132 -0.916219 0.0234237 0.399993 0.373748 -0.309845 0.874247 -1.31772 3.43682 -3.11258</i>
                        <i>0.144702 0.950264 0.27579 -0.916218 0.023429 0.399994 0.373639 -0.310564 0.874039 -1.31772 3.43756 -3.11258</i>
                        <i>0.144989 0.950028 0.276449 -0.916217 0.0234344 0.399995 0.373529 -0.311283 0.87383 -1.31772 3.43845 -3.11258</i>
                        <i>0.145268 0.949799 0.277089 -0.916217 0.0234395 0.399997 0.373422 -0.31198 0.873627 -1.31772 3.43949 -3.11258</i>
                        <i>0.14553 0.949585 0.277687 -0.916216 0.0234444 0.399998 0.373322 -0.312633 0.873437 -1.31772 3.44065 -3.11258</i>
                        <i>0.145764 0.949392 0.278224 -0.916216 0.0234487 0.399999 0.373232 -0.313218 0.873265 -1.31772 3.44192 -3.11258</i>
                        <i>0.145962 0.949228 0.278678 -0.916215 0.0234524 0.4 0.373155 -0.313713 0.87312 -1.31772 3.44326 -3.11258</i>
                        <i>0.146115 0.949102 0.279028 -0.916215 0.0234552 0.4 0.373096 -0.314095 0.873008 -1.31772 3.44467 -3.11258</i>
                        <i>0.146213 0.94902 0.279253 -0.916215 0.0234571 0.400001 0.373058 -0.314341 0.872936 -1.31772 3.44612 -3.11258</i>
                        <i>0.146248 0.948991 0.279333 -0.916214 0.0234577 0.400001 0.373045 -0.314428 0.87291 -1.31772 3.44759 -3.11258</i>
                        <i>0.146213 0.94902 0.279253 -0.916215 0.0234571 0.400001 0.373058 -0.314341 0.872936 -1.31772 3.44906 -3.11258</i>
                        <i>0.146115 0.949101 0.279029 -0.916215 0.0234552 0.4 0.373096 -0.314096 0.873008 -1.31772 3.45051 -3.11258</i>
                        <i>0.145963 0.949227 0.278679 -0.916215 0.0234524 0.4 0.373155 -0.313715 0.87312 -1.31772 3.45191 -3.11258</i>
                        <i>0.145765 0.949391 0.278227 -0.916216 0.0234488 0.399999 0.373231 -0.313221 0.873264 -1.31772 3.45326 -3.11258</i>
                        <i>0.145531 0.949583 0.277691 -0.916216 0.0234444 0.399998 0.373321 -0.312637 0.873435 -1.31772 3.45452 -3.11258</i>
                        <i>0.145271 0.949798 0.277094 -0.916217 0.0234396 0.399997 0.373421 -0.311986 0.873626 -1.31772 3.45569 -3.11258</i>
                        <i>0.144992 0.950026 0.276455 -0.916217 0.0234344 0.399996 0.373528 -0.311289 0.873828 -1.31772 3.45672 -3.11258</i>
                        <i>0.144704 0.950262 0.275796 -0.916218 0.0234291 0.399994 0.373638 -0.31057 0.874037 -1.31772 3.45762 -3.11258</i>
                        <i>0.144417 0.950496 0.275137 -0.916219 0.0234238 0.399993 0.373747 -0.309852 0.874245 -1.31772 3.45835 -3.11258</i>
                        <i>0.144138 0.950723 0.2745 -0.916219 0.0234186 0.399992 0.373853 -0.309156 0.874446 -1.31772 3.4589 -3.11258</i>
                        <i>0.143878 0.950934 0.273903 -0.91622 0.0234138 0.399991 0.373952 -0.308506 0.874634 -1.31772 3.45925 -3.11258</i>
                        <i>0.143645 0.951123 0.27337 -0.916221 0.0234094 0.39999 0.37404 -0.307923 0.874801 -1.31772 3.45937 -3.11258</i>
                        <i>0.143415 0.951309 0.272843 -0.916221 0.0234052 0.399989 0.374127 -0.307349 0.874966 -1.31772 3.45925 -3.11258</i>
                        <i>0.143158 0.951516 0.272256 -0.916222 0.0234004 0.399988 0.374224 -0.306708 0.87515 -1.31772 3.4589 -3.11258</i>
                        <i>0.142884 0.951737 0.271628 -0.916222 0.0233953 0.399986 0.374327 -0.306023 0.875345 -1.31772 3.45835 -3.11258</i>
                        <i>0.142601 0.951964 0.27098 -0.916223 0.0233901 0.399985 0.374433 -0.305316 0.875547 -1.31772 3.45762 -3.11258</i>
                        <i>0.142318 0.95219 0.270332 -0.916224 0.0233848 0.399984 0.374539 -0.304609 0.875747 -1.31772 3.45672 -3.11258</i>
                        <i>0.142044 0.952409 0.269705 -0.916224 0.0233798 0.399983 0.374642 -0.303925 0.875941 -1.31772 3.45569 -3.11258</i>
                        <i>0.141788 0.952613 0.269118 -0.916225 0.023375 0.399982 0.374737 -0.303286 0.876122 -1.31772 3.45452 -3.11258</i>
                        <i>0.141559 0.952795 0.268593 -0.916226 0.0233708 0.399981 0.374822 -0.302713 0.876284 -1.31772 3.45326 -3.11258</i>
                        <i>0.141365 0.952949 0.26815 -0.916226 0.0233672 0.39998 0.374894 -0.302229 0.87642 -1.31772 3.45191 -3.11258</i>
                        <i>0.141216 0.953067 0.267808 -0.916226 0.0233644 0.399979 0.37495 -0.301856 0.876525 -1.31772 3.45051 -3.11258</i>
                        <i>0.141119 0.953143 0.267588 -0.916227 0.0233626 0.399979 0.374985 -0.301616 0.876592 -1.31772 3.44906 -3.11258</i>
                        <i>0.141085 0.95317 0.26751 -0.916227 0.023362 0.399979 0.374998 -0.301531 0.876616 -1.31772 3.44759 -3.11258</i>
                        <i>0.141119 0.953143 0.267588 -0.916227 0.0233626 0.399979 0.374986 -0.301616 0.876592 -1.31772 3.44612 -3.11258</i>
                        <i>0.141215 0.953068 0.267807 -0.916226 0.0233644 0.399979 0.37495 -0.301855 0.876525 -1.31772 3.44467 -3.11258</i>
                        <i>0.141364 0.95295 0.268148 -0.916226 0.0233671 0.39998 0.374895 -0.302227 0.87642 -1.31772 3.44326 -3.11258</i>
                        <i>0.141557 0.952796 0.26859 -0.916226 0.0233707 0.399981 0.374823 -0.30271 0.876285 -1.31772 3.44192 -3.11258</i>
                        <i>0.141786 0.952614 0.269114 -0.916225 0.023375 0.399982 0.374738 -0.303281 0.876123 -1.31772 3.44065 -3.11258</i>
                        <i>0.142042 0.952411 0.2697 -0.916224 0.0233797 0.399983 0.374642 -0.30392 0.875943 -1.31772 3.43949 -3.11258</i>
                        <i>0.142316 0.952192 0.270326 -0.916224 0.0233848 0.399984 0.37454 -0.304603 0.875749 -1.31772 3.43845 -3.11258</i>
                        <i>0.142598 0.951966 0.270974 -0.916223 0.02339 0.399985 0.374434 -0.30531 0.875548 -1.31772 3.43756 -3.11258</i>
                        <i>0.142882 0.951739 0.271622 -0.916222 0.0233953 0.399986 0.374328 -0.306017 0.875347 -1.31772 3.43682 -3.11258</i>
                        <i>0.143156 0.951518 0.272251 -0.916222 0.0234004 0.399988 0.374224 -0.306703 0.875151 -1.31772 3.43627 -3.11258</i>
                        <i>0.143414 0.95131 0.27284 -0.916221 0.0234052 0.399989 0.374127 -0.307346 0.874967 -1.31772 3.43593 -3.11258</i>
                        <i>0.143645 0.951123 0.27337 -0.916221 0.0234094 0.39999 0.37404 -0.307923 0.874801 -1.31772 3.43581 -3.11258</i>
                        <i>0.143877 0.950935 0.273901 -0.91622 0.0234137 0.399991 0.373952 -0.308503 0.874635 -1.31772 3.43593 -3.11258</i>
                        <i>0.144136 0.950725 0.274495 -0.916219 0.0234186 0.399992 0.373854 -0.309151 0.874448 -1.31772 3.43627 -3.11258</i>
                        <i>0.144414 0.950498 0.275132 -0.916219 0.0234237 0.399993 0.373748 -0.309845 0.874247 -1.31772 3.43682 -3.11258</i>
                        <i>0.144702 0.950264 0.27579 -0.916218 0.023429 0.399994 0.373639 -0.310564 0.874039 -1.31772 3.43756 -3.11258</i>
                        <i>0.144989 0.950028 0.276449 -0.916217 0.0234344 0.399995 0.373529 -0.311283 0.87383 -1.31772 3.43845 -3.11258</i>
                        <i>0.145268 0.949799 0.277089 -0.916217 0.0234395 0.399997 0.373422 -0.31198 0.873627 -1.31772 3.43949 -3.11258</i>
                        <i>0.14553 0.949585 0.277687 -0.916216 0.0234444 0.399998 0.373322 -0.312633 0.873437 -1.31772 3.44065 -3.11258</i>
                        <i>0.145764 0.949392 0.278224 -0.916216 0.0234487 0.399999 0.373232 -0.313218 0.873265 -1.31772 3.44192 -3.11258</i>
                        <i>0.145962 0.949228 0.278678 -0.916215 0.0234524 0.4 0.373155 -0.313713 0.87312 -1.31772 3.44326 -3.11258</i>
                        <i>0.146115 0.949102 0.279028 -0.916215 0.0234552 0.4 0.373096 -0.314095 0.873008 -1.31772 3.44467 -3.11258</i>
                        <i>0.146213 0.94902 0.279253 -0.916215 0.0234571 0.400001 0.373058 -0.314341 0.872936 -1.31772 3.44612 -3.11258</i>
                        <i>0.146248 0.948991 0.279333 -0.916214 0.0234577 0.400001 0.373045 -0.314428 0.87291 -1.31772 3.44759 -3.11258</i>
                        <i>0.146213 0.94902 0.279253 -0.916215 0.0234571 0.400001 0.373058 -0.314341 0.872936 -1.31772 3.44906 -3.11258</i>
                        <i>0.146115 0.949101 0.279029 -0.916215 0.0234552 0.4 0.373096 -0.314096 0.873008 -1.31772 3.45051 -3.11258</i>
                        <i>0.145963 0.949227 0.278679 -0.916215 0.0234524 0.4 0.373155 -0.313715 0.87312 -1.31772 3.45191 -3.11258</i>
                        <i>0.145765 0.949391 0.278227 -0.916216 0.0234488 0.399999 0.373231 -0.313221 0.873264 -1.31772 3.45326 -3.11258</i>
                        <i>0.145531 0.949583 0.277691 -0.916216 0.0234444 0.399998 0.373321 -0.312637 0.873435 -1.31772 3.45452 -3.11258</i>
                        <i>0.145271 0.949798 0.277094 -0.916217 0.0234396 0.399997 0.373421 -0.311986 0.873626 -1.31772 3.45569 -3.11258</i>
                        <i>0.144992 0.950026 0.276455 -0.916217 0.0234344 0.399996 0.373528 -0.311289 0.873828 -1.31772 3.45672 -3.11258</i>
                        <i>0.144704 0.950262 0.275796 -0.916218 0.0234291 0.399994 0.373638 -0.31057 0.874037 -1.31772 3.45762 -3.11258</i>
                        <i>0.144417 0.950496 0.275137 -0.916219 0.0234238 0.399993 0.373747 -0.309852 0.874245 -1.31772 3.45835 -3.11258</i>
                        <i>0.144138 0.950723 0.2745 -0.916219 0.0234186 0.399992 0.373853 -0.309156 0.874446 -1.31772 3.4589 -3.11258</i>
                        <i>0.143878 0.950934 0.273903 -0.91622 0.0234138 0.399991 0.373952 -0.308506 0.874634 -1.31772 3.45925 -3.11258</i>
                        <i>0.143645 0.951123 0.27337 -0.916221 0.0234094 0.39999 0.37404 -0.307923 0.874801 -1.31772 3.45937 -3.11258</i>
                    </KeyFrames>
                </p>
            </i>
            <i>
                <p>
                    <Name>
                        <![CDATA[spine1]]>
</Name>
                    <Exclude>0</Exclude>
                    <Additive>0</Additive>
                    <IKPriority>0</IKPriority>
                    <IKRotLimits>-1e+010 -1e+010 -1e+010 1e+010 1e+010 1e+010</IKRotLimits>
                    <IKRotLimitOrder>0</IKRotLimitOrder>
                    <KeyFrames count="97">
                        <i>0.273037 0.829774 0.486751 -0.909096 0.0570682 0.41266 0.314636 -0.555175 0.769925 -1.29291 3.62364 -3.06537</i>
                        <i>0.272348 0.830966 0.4851 -0.909105 0.0570668 0.41264 0.315207 -0.553388 0.770977 -1.29295 3.62354 -3.06546</i>
                        <i>0.271577 0.832293 0.483254 -0.909115 0.0570653 0.412619 0.315842 -0.551392 0.772147 -1.293 3.62322 -3.06557</i>
                        <i>0.270752 0.833705 0.481278 -0.909125 0.0570637 0.412596 0.31652 -0.549253 0.773393 -1.29305 3.6227 -3.06568</i>
                        <i>0.269899 0.835158 0.479234 -0.909136 0.0570621 0.412572 0.317217 -0.547042 0.774673 -1.2931 3.62199 -3.0658</i>
                        <i>0.269043 0.836605 0.477188 -0.909147 0.0570604 0.412548 0.317911 -0.544827 0.775948 -1.29315 3.62111 -3.06591</i>
                        <i>0.268213 0.838 0.475202 -0.909157 0.0570587 0.412525 0.318582 -0.542679 0.777178 -1.2932 3.6201 -3.06603</i>
                        <i>0.267436 0.8393 0.473343 -0.909167 0.0570572 0.412504 0.319207 -0.540667 0.778323 -1.29325 3.61896 -3.06613</i>
                        <i>0.266738 0.84046 0.471676 -0.909176 0.0570558 0.412484 0.319765 -0.538861 0.779345 -1.29329 3.61771 -3.06622</i>
                        <i>0.266147 0.841437 0.470264 -0.909184 0.0570546 0.412468 0.320235 -0.537334 0.780206 -1.29332 3.61638 -3.0663</i>
                        <i>0.265692 0.842189 0.469175 -0.909189 0.0570537 0.412455 0.320597 -0.536155 0.780868 -1.29335 3.61499 -3.06637</i>
                        <i>0.265398 0.842672 0.468474 -0.909193 0.0570531 0.412447 0.32083 -0.535396 0.781293 -1.29337 3.61355 -3.06641</i>
                        <i>0.265294 0.842843 0.468226 -0.909194 0.0570528 0.412445 0.320912 -0.535127 0.781444 -1.29337 3.61208 -3.06642</i>
                        <i>0.265398 0.842672 0.468473 -0.909193 0.0570531 0.412447 0.32083 -0.535395 0.781294 -1.29337 3.61061 -3.06641</i>
                        <i>0.26569 0.842191 0.469173 -0.909189 0.0570537 0.412455 0.320598 -0.536152 0.78087 -1.29335 3.60915 -3.06637</i>
                        <i>0.266145 0.841442 0.470258 -0.909184 0.0570546 0.412468 0.320237 -0.537328 0.78021 -1.29332 3.60773 -3.0663</i>
                        <i>0.266734 0.840466 0.471666 -0.909176 0.0570558 0.412484 0.319768 -0.538851 0.779351 -1.29329 3.60637 -3.06623</i>
                        <i>0.26743 0.839309 0.473331 -0.909167 0.0570572 0.412503 0.319211 -0.540653 0.778331 -1.29325 3.60509 -3.06613</i>
                        <i>0.268207 0.838011 0.475187 -0.909158 0.0570587 0.412525 0.318587 -0.542662 0.777188 -1.2932 3.6039 -3.06603</i>
                        <i>0.269036 0.836617 0.47717 -0.909147 0.0570604 0.412548 0.317917 -0.544808 0.775959 -1.29315 3.60284 -3.06591</i>
                        <i>0.269891 0.835171 0.479216 -0.909136 0.0570621 0.412572 0.317223 -0.547022 0.774685 -1.2931 3.60192 -3.0658</i>
                        <i>0.270745 0.833718 0.48126 -0.909125 0.0570637 0.412596 0.316526 -0.549234 0.773404 -1.29305 3.60117 -3.06568</i>
                        <i>0.271571 0.832303 0.48324 -0.909115 0.0570653 0.412619 0.315847 -0.551376 0.772156 -1.293 3.60059 -3.06557</i>
                        <i>0.272344 0.830972 0.485091 -0.909105 0.0570668 0.41264 0.31521 -0.553379 0.770983 -1.29295 3.60023 -3.06546</i>
                        <i>0.273037 0.829774 0.486751 -0.909096 0.0570682 0.41266 0.314636 -0.555175 0.769925 -1.29291 3.60009 -3.06537</i>
                        <i>0.27373 0.828567 0.488414 -0.909087 0.0570695 0.412679 0.314059 -0.556974 0.768861 -1.29287 3.60019 -3.06527</i>
                        <i>0.274504 0.827213 0.490272 -0.909077 0.0570709 0.412701 0.313412 -0.558983 0.767666 -1.29282 3.60051 -3.06517</i>
                        <i>0.275332 0.825757 0.492258 -0.909066 0.0570725 0.412725 0.312716 -0.561131 0.766381 -1.29277 3.60104 -3.06505</i>
                        <i>0.276186 0.824246 0.494308 -0.909055 0.0570741 0.412749 0.311994 -0.563348 0.765048 -1.29272 3.60175 -3.06493</i>
                        <i>0.277039 0.822727 0.496356 -0.909044 0.0570756 0.412773 0.31127 -0.565563 0.763707 -1.29267 3.60262 -3.06481</i>
                        <i>0.277863 0.82125 0.498338 -0.909033 0.0570771 0.412797 0.310566 -0.567707 0.762403 -1.29262 3.60363 -3.0647</i>
                        <i>0.278634 0.819862 0.50019 -0.909023 0.0570785 0.412819 0.309904 -0.569709 0.761177 -1.29257 3.60477 -3.06459</i>
                        <i>0.279323 0.818614 0.501847 -0.909014 0.0570798 0.412839 0.30931 -0.571501 0.760075 -1.29253 3.60602 -3.0645</i>
                        <i>0.279904 0.817555 0.503246 -0.909006 0.0570808 0.412855 0.308806 -0.573014 0.75914 -1.29249 3.60735 -3.06441</i>
                        <i>0.280352 0.816737 0.504325 -0.909 0.0570816 0.412868 0.308417 -0.57418 0.758417 -1.29246 3.60874 -3.06435</i>
                        <i>0.280641 0.816209 0.505018 -0.908996 0.0570821 0.412877 0.308166 -0.57493 0.757951 -1.29245 3.61018 -3.06431</i>
                        <i>0.280742 0.816022 0.505264 -0.908995 0.0570823 0.41288 0.308077 -0.575195 0.757786 -1.29244 3.61165 -3.0643</i>
                        <i>0.280641 0.816209 0.505019 -0.908996 0.0570821 0.412877 0.308166 -0.574931 0.75795 -1.29245 3.61312 -3.06431</i>
                        <i>0.280354 0.816735 0.504328 -0.909 0.0570816 0.412868 0.308416 -0.574183 0.758415 -1.29246 3.61458 -3.06435</i>
                        <i>0.279907 0.817551 0.503252 -0.909006 0.0570808 0.412856 0.308804 -0.57302 0.759136 -1.29249 3.616 -3.06441</i>
                        <i>0.279326 0.818607 0.501856 -0.909014 0.0570798 0.412839 0.309307 -0.571511 0.760069 -1.29253 3.61736 -3.0645</i>
                        <i>0.278639 0.819853 0.500202 -0.909023 0.0570785 0.412819 0.3099 -0.569723 0.761169 -1.29257 3.61864 -3.06459</i>
                        <i>0.27787 0.821238 0.498353 -0.909033 0.0570772 0.412797 0.31056 -0.567724 0.762393 -1.29262 3.61983 -3.0647</i>
                        <i>0.277046 0.822714 0.496374 -0.909044 0.0570757 0.412773 0.311264 -0.565582 0.763696 -1.29267 3.62089 -3.06481</i>
                        <i>0.276193 0.824232 0.494326 -0.909055 0.0570741 0.412749 0.311988 -0.563368 0.765036 -1.29272 3.62181 -3.06493</i>
                        <i>0.275339 0.825744 0.492275 -0.909066 0.0570725 0.412725 0.31271 -0.56115 0.76637 -1.29277 3.62257 -3.06505</i>
                        <i>0.27451 0.827202 0.490286 -0.909077 0.0570709 0.412701 0.313407 -0.558998 0.767657 -1.29282 3.62314 -3.06517</i>
                        <i>0.273734 0.828561 0.488423 -0.909087 0.0570695 0.412679 0.314056 -0.556983 0.768855 -1.29287 3.62351 -3.06527</i>
                        <i>0.273037 0.829774 0.486751 -0.909096 0.0570682 0.41266 0.314636 -0.555175 0.769925 -1.29291 3.62364 -3.06537</i>
                        <i>0.272348 0.830966 0.4851 -0.909105 0.0570668 0.41264 0.315207 -0.553388 0.770977 -1.29295 3.62354 -3.06546</i>
                        <i>0.271577 0.832293 0.483254 -0.909115 0.0570653 0.412619 0.315842 -0.551392 0.772147 -1.293 3.62322 -3.06557</i>
                        <i>0.270752 0.833705 0.481278 -0.909125 0.0570637 0.412596 0.31652 -0.549253 0.773393 -1.29305 3.6227 -3.06568</i>
                        <i>0.269899 0.835158 0.479234 -0.909136 0.0570621 0.412572 0.317217 -0.547042 0.774673 -1.2931 3.62199 -3.0658</i>
                        <i>0.269043 0.836605 0.477188 -0.909147 0.0570604 0.412548 0.317911 -0.544827 0.775948 -1.29315 3.62111 -3.06591</i>
                        <i>0.268213 0.838 0.475202 -0.909157 0.0570587 0.412525 0.318582 -0.542679 0.777178 -1.2932 3.6201 -3.06603</i>
                        <i>0.267436 0.8393 0.473343 -0.909167 0.0570572 0.412504 0.319207 -0.540667 0.778323 -1.29325 3.61896 -3.06613</i>
                        <i>0.266738 0.84046 0.471676 -0.909176 0.0570558 0.412484 0.319765 -0.538861 0.779345 -1.29329 3.61771 -3.06622</i>
                        <i>0.266147 0.841437 0.470264 -0.909184 0.0570546 0.412468 0.320235 -0.537334 0.780206 -1.29332 3.61638 -3.0663</i>
                        <i>0.265692 0.842189 0.469175 -0.909189 0.0570537 0.412455 0.320597 -0.536155 0.780868 -1.29335 3.61499 -3.06637</i>
                        <i>0.265398 0.842672 0.468474 -0.909193 0.0570531 0.412447 0.32083 -0.535396 0.781293 -1.29337 3.61355 -3.06641</i>
                        <i>0.265294 0.842843 0.468226 -0.909194 0.0570528 0.412445 0.320912 -0.535127 0.781444 -1.29337 3.61208 -3.06642</i>
                        <i>0.265398 0.842672 0.468473 -0.909193 0.0570531 0.412447 0.32083 -0.535395 0.781294 -1.29337 3.61061 -3.06641</i>
                        <i>0.26569 0.842191 0.469173 -0.909189 0.0570537 0.412455 0.320598 -0.536152 0.78087 -1.29335 3.60915 -3.06637</i>
                        <i>0.266145 0.841442 0.470258 -0.909184 0.0570546 0.412468 0.320237 -0.537328 0.78021 -1.29332 3.60773 -3.0663</i>
                        <i>0.266734 0.840466 0.471666 -0.909176 0.0570558 0.412484 0.319768 -0.538851 0.779351 -1.29329 3.60637 -3.06623</i>
                        <i>0.26743 0.839309 0.473331 -0.909167 0.0570572 0.412503 0.319211 -0.540653 0.778331 -1.29325 3.60509 -3.06613</i>
                        <i>0.268207 0.838011 0.475187 -0.909158 0.0570587 0.412525 0.318587 -0.542662 0.777188 -1.2932 3.6039 -3.06603</i>
                        <i>0.269036 0.836617 0.47717 -0.909147 0.0570604 0.412548 0.317917 -0.544808 0.775959 -1.29315 3.60284 -3.06591</i>
                        <i>0.269891 0.835171 0.479216 -0.909136 0.0570621 0.412572 0.317223 -0.547022 0.774685 -1.2931 3.60192 -3.0658</i>
                        <i>0.270745 0.833718 0.48126 -0.909125 0.0570637 0.412596 0.316526 -0.549234 0.773404 -1.29305 3.60117 -3.06568</i>
                        <i>0.271571 0.832303 0.48324 -0.909115 0.0570653 0.412619 0.315847 -0.551376 0.772156 -1.293 3.60059 -3.06557</i>
                        <i>0.272344 0.830972 0.485091 -0.909105 0.0570668 0.41264 0.31521 -0.553379 0.770983 -1.29295 3.60023 -3.06546</i>
                        <i>0.273037 0.829774 0.486751 -0.909096 0.0570682 0.41266 0.314636 -0.555175 0.769925 -1.29291 3.60009 -3.06537</i>
                        <i>0.27373 0.828567 0.488414 -0.909087 0.0570695 0.412679 0.314059 -0.556974 0.768861 -1.29287 3.60019 -3.06527</i>
                        <i>0.274504 0.827213 0.490272 -0.909077 0.0570709 0.412701 0.313412 -0.558983 0.767666 -1.29282 3.60051 -3.06517</i>
                        <i>0.275332 0.825757 0.492258 -0.909066 0.0570725 0.412725 0.312716 -0.561131 0.766381 -1.29277 3.60104 -3.06505</i>
                        <i>0.276186 0.824246 0.494308 -0.909055 0.0570741 0.412749 0.311994 -0.563348 0.765048 -1.29272 3.60175 -3.06493</i>
                        <i>0.277039 0.822727 0.496356 -0.909044 0.0570756 0.412773 0.31127 -0.565563 0.763707 -1.29267 3.60262 -3.06481</i>
                        <i>0.277863 0.82125 0.498338 -0.909033 0.0570771 0.412797 0.310566 -0.567707 0.762403 -1.29262 3.60363 -3.0647</i>
                        <i>0.278634 0.819862 0.50019 -0.909023 0.0570785 0.412819 0.309904 -0.569709 0.761177 -1.29257 3.60477 -3.06459</i>
                        <i>0.279323 0.818614 0.501847 -0.909014 0.0570798 0.412839 0.30931 -0.571501 0.760075 -1.29253 3.60602 -3.0645</i>
                        <i>0.279904 0.817555 0.503246 -0.909006 0.0570808 0.412855 0.308806 -0.573014 0.75914 -1.29249 3.60735 -3.06441</i>
