<?xml version="1.0" encoding="ISO-8859-1" ?>
<Animl Version="1">
    <ModellingPackage>
        <![CDATA[Maya.2010]]>
</ModellingPackage>
    <SrcFile>
        <![CDATA[anims\turrets\antiair\blue\~src\aa_chaparral\aa_chaparral_aim_down_crewman_d.mb]]>
</SrcFile>
    <FramesPerSecond>30</FramesPerSecond>
    <TotalFrames>97</TotalFrames>
    <Skeleton>
        <RefFrame>
            <Name>
                <![CDATA[soldier_ref_frame]]>
</Name>
            <Exclude>0</Exclude>
            <Additive>0</Additive>
            <IKPriority>0</IKPriority>
            <IKRotLimits>-1e+010 -1e+010 -1e+010 1e+010 1e+010 1e+010</IKRotLimits>
            <IKRotLimitOrder>0</IKRotLimitOrder>
            <KeyFrames count="97">
                <i>1 0 0 0 1 0 0 0 1 -0.62 3.84 -0.11</i>
                <i>1 0 0 0 1 0 0 0 1 -0.62 3.84 -0.11</i>
                <i>1 0 0 0 1 0 0 0 1 -0.62 3.84 -0.11</i>
                <i>1 0 0 0 1 0 0 0 1 -0.62 3.84 -0.11</i>
                <i>1 0 0 0 1 0 0 0 1 -0.62 3.84 -0.11</i>
                <i>1 0 0 0 1 0 0 0 1 -0.62 3.84 -0.11</i>
                <i>1 0 0 0 1 0 0 0 1 -0.62 3.84 -0.11</i>
                <i>1 0 0 0 1 0 0 0 1 -0.62 3.84 -0.11</i>
                <i>1 0 0 0 1 0 0 0 1 -0.62 3.84 -0.11</i>
                <i>1 0 0 0 1 0 0 0 1 -0.62 3.84 -0.11</i>
                <i>1 0 0 0 1 0 0 0 1 -0.62 3.84 -0.11</i>
                <i>1 0 0 0 1 0 0 0 1 -0.62 3.84 -0.11</i>
                <i>1 0 0 0 1 0 0 0 1 -0.62 3.84 -0.11</i>
                <i>1 0 0 0 1 0 0 0 1 -0.62 3.84 -0.11</i>
                <i>1 0 0 0 1 0 0 0 1 -0.62 3.84 -0.11</i>
                <i>1 0 0 0 1 0 0 0 1 -0.62 3.84 -0.11</i>
                <i>1 0 0 0 1 0 0 0 1 -0.62 3.84 -0.11</i>
                <i>1 0 0 0 1 0 0 0 1 -0.62 3.84 -0.11</i>
                <i>1 0 0 0 1 0 0 0 1 -0.62 3.84 -0.11</i>
                <i>1 0 0 0 1 0 0 0 1 -0.62 3.84 -0.11</i>
                <i>1 0 0 0 1 0 0 0 1 -0.62 3.84 -0.11</i>
                <i>1 0 0 0 1 0 0 0 1 -0.62 3.84 -0.11</i>
                <i>1 0 0 0 1 0 0 0 1 -0.62 3.84 -0.11</i>
                <i>1 0 0 0 1 0 0 0 1 -0.62 3.84 -0.11</i>
                <i>1 0 0 0 1 0 0 0 1 -0.62 3.84 -0.11</i>
                <i>1 0 0 0 1 0 0 0 1 -0.62 3.84 -0.11</i>
                <i>1 0 0 0 1 0 0 0 1 -0.62 3.84 -0.11</i>
                <i>1 0 0 0 1 0 0 0 1 -0.62 3.84 -0.11</i>
                <i>1 0 0 0 1 0 0 0 1 -0.62 3.84 -0.11</i>
                <i>1 0 0 0 1 0 0 0 1 -0.62 3.84 -0.11</i>
                <i>1 0 0 0 1 0 0 0 1 -0.62 3.84 -0.11</i>
                <i>1 0 0 0 1 0 0 0 1 -0.62 3.84 -0.11</i>
                <i>1 0 0 0 1 0 0 0 1 -0.62 3.84 -0.11</i>
                <i>1 0 0 0 1 0 0 0 1 -0.62 3.84 -0.11</i>
                <i>1 0 0 0 1 0 0 0 1 -0.62 3.84 -0.11</i>
                <i>1 0 0 0 1 0 0 0 1 -0.62 3.84 -0.11</i>
                <i>1 0 0 0 1 0 0 0 1 -0.62 3.84 -0.11</i>
                <i>1 0 0 0 1 0 0 0 1 -0.62 3.84 -0.11</i>
                <i>1 0 0 0 1 0 0 0 1 -0.62 3.84 -0.11</i>
                <i>1 0 0 0 1 0 0 0 1 -0.62 3.84 -0.11</i>
                <i>1 0 0 0 1 0 0 0 1 -0.62 3.84 -0.11</i>
                <i>1 0 0 0 1 0 0 0 1 -0.62 3.84 -0.11</i>
                <i>1 0 0 0 1 0 0 0 1 -0.62 3.84 -0.11</i>
                <i>1 0 0 0 1 0 0 0 1 -0.62 3.84 -0.11</i>
                <i>1 0 0 0 1 0 0 0 1 -0.62 3.84 -0.11</i>
                <i>1 0 0 0 1 0 0 0 1 -0.62 3.84 -0.11</i>
                <i>1 0 0 0 1 0 0 0 1 -0.62 3.84 -0.11</i>
                <i>1 0 0 0 1 0 0 0 1 -0.62 3.84 -0.11</i>
                <i>1 0 0 0 1 0 0 0 1 -0.62 3.84 -0.11</i>
                <i>1 0 0 0 1 0 0 0 1 -0.62 3.84 -0.11</i>
                <i>1 0 0 0 1 0 0 0 1 -0.62 3.84 -0.11</i>
                <i>1 0 0 0 1 0 0 0 1 -0.62 3.84 -0.11</i>
                <i>1 0 0 0 1 0 0 0 1 -0.62 3.84 -0.11</i>
                <i>1 0 0 0 1 0 0 0 1 -0.62 3.84 -0.11</i>
                <i>1 0 0 0 1 0 0 0 1 -0.62 3.84 -0.11</i>
                <i>1 0 0 0 1 0 0 0 1 -0.62 3.84 -0.11</i>
                <i>1 0 0 0 1 0 0 0 1 -0.62 3.84 -0.11</i>
                <i>1 0 0 0 1 0 0 0 1 -0.62 3.84 -0.11</i>
                <i>1 0 0 0 1 0 0 0 1 -0.62 3.84 -0.11</i>
                <i>1 0 0 0 1 0 0 0 1 -0.62 3.84 -0.11</i>
                <i>1 0 0 0 1 0 0 0 1 -0.62 3.84 -0.11</i>
                <i>1 0 0 0 1 0 0 0 1 -0.62 3.84 -0.11</i>
                <i>1 0 0 0 1 0 0 0 1 -0.62 3.84 -0.11</i>
                <i>1 0 0 0 1 0 0 0 1 -0.62 3.84 -0.11</i>
                <i>1 0 0 0 1 0 0 0 1 -0.62 3.84 -0.11</i>
                <i>1 0 0 0 1 0 0 0 1 -0.62 3.84 -0.11</i>
                <i>1 0 0 0 1 0 0 0 1 -0.62 3.84 -0.11</i>
                <i>1 0 0 0 1 0 0 0 1 -0.62 3.84 -0.11</i>
                <i>1 0 0 0 1 0 0 0 1 -0.62 3.84 -0.11</i>
                <i>1 0 0 0 1 0 0 0 1 -0.62 3.84 -0.11</i>
                <i>1 0 0 0 1 0 0 0 1 -0.62 3.84 -0.11</i>
                <i>1 0 0 0 1 0 0 0 1 -0.62 3.84 -0.11</i>
                <i>1 0 0 0 1 0 0 0 1 -0.62 3.84 -0.11</i>
                <i>1 0 0 0 1 0 0 0 1 -0.62 3.84 -0.11</i>
                <i>1 0 0 0 1 0 0 0 1 -0.62 3.84 -0.11</i>
                <i>1 0 0 0 1 0 0 0 1 -0.62 3.84 -0.11</i>
                <i>1 0 0 0 1 0 0 0 1 -0.62 3.84 -0.11</i>
                <i>1 0 0 0 1 0 0 0 1 -0.62 3.84 -0.11</i>
                <i>1 0 0 0 1 0 0 0 1 -0.62 3.84 -0.11</i>
                <i>1 0 0 0 1 0 0 0 1 -0.62 3.84 -0.11</i>
                <i>1 0 0 0 1 0 0 0 1 -0.62 3.84 -0.11</i>
                <i>1 0 0 0 1 0 0 0 1 -0.62 3.84 -0.11</i>
                <i>1 0 0 0 1 0 0 0 1 -0.62 3.84 -0.11</i>
                <i>1 0 0 0 1 0 0 0 1 -0.62 3.84 -0.11</i>
                <i>1 0 0 0 1 0 0 0 1 -0.62 3.84 -0.11</i>
                <i>1 0 0 0 1 0 0 0 1 -0.62 3.84 -0.11</i>
                <i>1 0 0 0 1 0 0 0 1 -0.62 3.84 -0.11</i>
                <i>1 0 0 0 1 0 0 0 1 -0.62 3.84 -0.11</i>
                <i>1 0 0 0 1 0 0 0 1 -0.62 3.84 -0.11</i>
                <i>1 0 0 0 1 0 0 0 1 -0.62 3.84 -0.11</i>
                <i>1 0 0 0 1 0 0 0 1 -0.62 3.84 -0.11</i>
                <i>1 0 0 0 1 0 0 0 1 -0.62 3.84 -0.11</i>
                <i>1 0 0 0 1 0 0 0 1 -0.62 3.84 -0.11</i>
                <i>1 0 0 0 1 0 0 0 1 -0.62 3.84 -0.11</i>
                <i>1 0 0 0 1 0 0 0 1 -0.62 3.84 -0.11</i>
                <i>1 0 0 0 1 0 0 0 1 -0.62 3.84 -0.11</i>
                <i>1 0 0 0 1 0 0 0 1 -0.62 3.84 -0.11</i>
            </KeyFrames>
        </RefFrame>
        <Bones count="23">
            <i>
                <p>
                    <Name>
                        <![CDATA[pelvis]]>
</Name>
                    <Exclude>0</Exclude>
                    <Additive>0</Additive>
                    <IKPriority>0</IKPriority>
                    <IKRotLimits>-1e+010 -1e+010 -1e+010 1e+010 1e+010 1e+010</IKRotLimits>
                    <IKRotLimitOrder>2</IKRotLimitOrder>
                    <KeyFrames count="97">
                        <i>1 0 0 0 1 0 0 0 1 -0.583733 5.04972 -0.0903887</i>
                        <i>1 0 0 0 1 0 0 0 1 -0.583733 5.04963 -0.0903887</i>
                        <i>1 0 0 0 1 0 0 0 1 -0.583733 5.0494 -0.0903887</i>
                        <i>1 0 0 0 1 0 0 0 1 -0.583733 5.04902 -0.0903887</i>
                        <i>1 0 0 0 1 0 0 0 1 -0.583733 5.04851 -0.0903887</i>
                        <i>1 0 0 0 1 0 0 0 1 -0.583733 5.04789 -0.0903887</i>
                        <i>1 0 0 0 1 0 0 0 1 -0.583733 5.04718 -0.0903887</i>
                        <i>1 0 0 0 1 0 0 0 1 -0.583733 5.04637 -0.0903887</i>
                        <i>1 0 0 0 1 0 0 0 1 -0.583733 5.0455 -0.0903887</i>
                        <i>1 0 0 0 1 0 0 0 1 -0.583733 5.04457 -0.0903887</i>
                        <i>1 0 0 0 1 0 0 0 1 -0.583733 5.0436 -0.0903887</i>
                        <i>1 0 0 0 1 0 0 0 1 -0.583733 5.0426 -0.0903887</i>
                        <i>1 0 0 0 1 0 0 0 1 -0.583733 5.04159 -0.0903887</i>
                        <i>1 0 0 0 1 0 0 0 1 -0.583733 5.04057 -0.0903887</i>
                        <i>1 0 0 0 1 0 0 0 1 -0.583733 5.03957 -0.0903887</i>
                        <i>1 0 0 0 1 0 0 0 1 -0.583733 5.0386 -0.0903887</i>
                        <i>1 0 0 0 1 0 0 0 1 -0.583733 5.03767 -0.0903887</i>
                        <i>1 0 0 0 1 0 0 0 1 -0.583733 5.0368 -0.0903887</i>
                        <i>1 0 0 0 1 0 0 0 1 -0.583733 5.03599 -0.0903887</i>
                        <i>1 0 0 0 1 0 0 0 1 -0.583733 5.03528 -0.0903887</i>
                        <i>1 0 0 0 1 0 0 0 1 -0.583733 5.03466 -0.0903887</i>
                        <i>1 0 0 0 1 0 0 0 1 -0.583733 5.03415 -0.0903887</i>
                        <i>1 0 0 0 1 0 0 0 1 -0.583733 5.03377 -0.0903887</i>
                        <i>1 0 0 0 1 0 0 0 1 -0.583733 5.03354 -0.0903887</i>
                        <i>1 0 0 0 1 0 0 0 1 -0.583733 5.03345 -0.0903887</i>
                        <i>1 0 0 0 1 0 0 0 1 -0.583733 5.03354 -0.0903887</i>
                        <i>1 0 0 0 1 0 0 0 1 -0.583733 5.03377 -0.0903887</i>
                        <i>1 0 0 0 1 0 0 0 1 -0.583733 5.03415 -0.0903887</i>
                        <i>1 0 0 0 1 0 0 0 1 -0.583733 5.03466 -0.0903887</i>
                        <i>1 0 0 0 1 0 0 0 1 -0.583733 5.03528 -0.0903887</i>
                        <i>1 0 0 0 1 0 0 0 1 -0.583733 5.03599 -0.0903887</i>
                        <i>1 0 0 0 1 0 0 0 1 -0.583733 5.0368 -0.0903887</i>
                        <i>1 0 0 0 1 0 0 0 1 -0.583733 5.03767 -0.0903887</i>
                        <i>1 0 0 0 1 0 0 0 1 -0.583733 5.0386 -0.0903887</i>
                        <i>1 0 0 0 1 0 0 0 1 -0.583733 5.03957 -0.0903887</i>
                        <i>1 0 0 0 1 0 0 0 1 -0.583733 5.04057 -0.0903887</i>
                        <i>1 0 0 0 1 0 0 0 1 -0.583733 5.04159 -0.0903887</i>
                        <i>1 0 0 0 1 0 0 0 1 -0.583733 5.0426 -0.0903887</i>
                        <i>1 0 0 0 1 0 0 0 1 -0.583733 5.0436 -0.0903887</i>
                        <i>1 0 0 0 1 0 0 0 1 -0.583733 5.04457 -0.0903887</i>
                        <i>1 0 0 0 1 0 0 0 1 -0.583733 5.0455 -0.0903887</i>
                        <i>1 0 0 0 1 0 0 0 1 -0.583733 5.04637 -0.0903887</i>
                        <i>1 0 0 0 1 0 0 0 1 -0.583733 5.04718 -0.0903887</i>
                        <i>1 0 0 0 1 0 0 0 1 -0.583733 5.04789 -0.0903887</i>
                        <i>1 0 0 0 1 0 0 0 1 -0.583733 5.04851 -0.0903887</i>
                        <i>1 0 0 0 1 0 0 0 1 -0.583733 5.04902 -0.0903887</i>
                        <i>1 0 0 0 1 0 0 0 1 -0.583733 5.0494 -0.0903887</i>
                        <i>1 0 0 0 1 0 0 0 1 -0.583733 5.04963 -0.0903887</i>
                        <i>1 0 0 0 1 0 0 0 1 -0.583733 5.04972 -0.0903887</i>
                        <i>1 0 0 0 1 0 0 0 1 -0.583733 5.04963 -0.0903887</i>
                        <i>1 0 0 0 1 0 0 0 1 -0.583733 5.0494 -0.0903887</i>
                        <i>1 0 0 0 1 0 0 0 1 -0.583733 5.04902 -0.0903887</i>
                        <i>1 0 0 0 1 0 0 0 1 -0.583733 5.04851 -0.0903887</i>
                        <i>1 0 0 0 1 0 0 0 1 -0.583733 5.04789 -0.0903887</i>
                        <i>1 0 0 0 1 0 0 0 1 -0.583733 5.04718 -0.0903887</i>
                        <i>1 0 0 0 1 0 0 0 1 -0.583733 5.04637 -0.0903887</i>
                        <i>1 0 0 0 1 0 0 0 1 -0.583733 5.0455 -0.0903887</i>
                        <i>1 0 0 0 1 0 0 0 1 -0.583733 5.04457 -0.0903887</i>
                        <i>1 0 0 0 1 0 0 0 1 -0.583733 5.0436 -0.0903887</i>
                        <i>1 0 0 0 1 0 0 0 1 -0.583733 5.0426 -0.0903887</i>
                        <i>1 0 0 0 1 0 0 0 1 -0.583733 5.04159 -0.0903887</i>
                        <i>1 0 0 0 1 0 0 0 1 -0.583733 5.04057 -0.0903887</i>
                        <i>1 0 0 0 1 0 0 0 1 -0.583733 5.03957 -0.0903887</i>
                        <i>1 0 0 0 1 0 0 0 1 -0.583733 5.0386 -0.0903887</i>
                        <i>1 0 0 0 1 0 0 0 1 -0.583733 5.03767 -0.0903887</i>
                        <i>1 0 0 0 1 0 0 0 1 -0.583733 5.0368 -0.0903887</i>
                        <i>1 0 0 0 1 0 0 0 1 -0.583733 5.03599 -0.0903887</i>
                        <i>1 0 0 0 1 0 0 0 1 -0.583733 5.03528 -0.0903887</i>
                        <i>1 0 0 0 1 0 0 0 1 -0.583733 5.03466 -0.0903887</i>
                        <i>1 0 0 0 1 0 0 0 1 -0.583733 5.03415 -0.0903887</i>
                        <i>1 0 0 0 1 0 0 0 1 -0.583733 5.03377 -0.0903887</i>
                        <i>1 0 0 0 1 0 0 0 1 -0.583733 5.03354 -0.0903887</i>
                        <i>1 0 0 0 1 0 0 0 1 -0.583733 5.03345 -0.0903887</i>
                        <i>1 0 0 0 1 0 0 0 1 -0.583733 5.03354 -0.0903887</i>
                        <i>1 0 0 0 1 0 0 0 1 -0.583733 5.03377 -0.0903887</i>
                        <i>1 0 0 0 1 0 0 0 1 -0.583733 5.03415 -0.0903887</i>
                        <i>1 0 0 0 1 0 0 0 1 -0.583733 5.03466 -0.0903887</i>
                        <i>1 0 0 0 1 0 0 0 1 -0.583733 5.03528 -0.0903887</i>
                        <i>1 0 0 0 1 0 0 0 1 -0.583733 5.03599 -0.0903887</i>
                        <i>1 0 0 0 1 0 0 0 1 -0.583733 5.0368 -0.0903887</i>
                        <i>1 0 0 0 1 0 0 0 1 -0.583733 5.03767 -0.0903887</i>
                        <i>1 0 0 0 1 0 0 0 1 -0.583733 5.0386 -0.0903887</i>
                        <i>1 0 0 0 1 0 0 0 1 -0.583733 5.03957 -0.0903887</i>
                        <i>1 0 0 0 1 0 0 0 1 -0.583733 5.04057 -0.0903887</i>
                        <i>1 0 0 0 1 0 0 0 1 -0.583733 5.04159 -0.0903887</i>
                        <i>1 0 0 0 1 0 0 0 1 -0.583733 5.0426 -0.0903887</i>
                        <i>1 0 0 0 1 0 0 0 1 -0.583733 5.0436 -0.0903887</i>
                        <i>1 0 0 0 1 0 0 0 1 -0.583733 5.04457 -0.0903887</i>
                        <i>1 0 0 0 1 0 0 0 1 -0.583733 5.0455 -0.0903887</i>
                        <i>1 0 0 0 1 0 0 0 1 -0.583733 5.04637 -0.0903887</i>
                        <i>1 0 0 0 1 0 0 0 1 -0.583733 5.04718 -0.0903887</i>
                        <i>1 0 0 0 1 0 0 0 1 -0.583733 5.04789 -0.0903887</i>
                        <i>1 0 0 0 1 0 0 0 1 -0.583733 5.04851 -0.0903887</i>
                        <i>1 0 0 0 1 0 0 0 1 -0.583733 5.04902 -0.0903887</i>
                        <i>1 0 0 0 1 0 0 0 1 -0.583733 5.0494 -0.0903887</i>
                        <i>1 0 0 0 1 0 0 0 1 -0.583733 5.04963 -0.0903887</i>
                        <i>1 0 0 0 1 0 0 0 1 -0.583733 5.04972 -0.0903887</i>
                    </KeyFrames>
                </p>
            </i>
            <i>
                <p>
                    <Name>
                        <![CDATA[spine0]]>
</Name>
                    <Exclude>0</Exclude>
                    <Additive>0</Additive>
                    <IKPriority>0</IKPriority>
                    <IKRotLimits>-1e+010 -1e+010 -1e+010 1e+010 1e+010 1e+010</IKRotLimits>
                    <IKRotLimitOrder>0</IKRotLimitOrder>
                    <KeyFrames count="97">
                        <i>0.00513135 0.999736 -0.0224148 -0.974783 0 -0.223154 -0.223095 0.0229946 0.974525 -0.573044 5.18537 -0.137079</i>
                        <i>0.00500025 0.999749 -0.0218421 -0.974783 -2.22045e-016 -0.223154 -0.223098 0.0224072 0.974538 -0.573044 5.18529 -0.137079</i>
                        <i>0.0048539 0.999763 -0.0212028 -0.974783 -2.22045e-016 -0.223154 -0.223101 0.0217513 0.974553 -0.573044 5.18505 -0.137079</i>
                        <i>0.00469736 0.999778 -0.020519 -0.974783 -2.22045e-016 -0.223154 -0.223105 0.0210498 0.974567 -0.573044 5.18467 -0.137079</i>
                        <i>0.00453571 0.999793 -0.0198129 -0.974783 0 -0.223154 -0.223108 0.0203254 0.974582 -0.573044 5.18417 -0.137079</i>
                        <i>0.00437402 0.999808 -0.0191066 -0.974783 2.22045e-016 -0.223154 -0.223111 0.0196009 0.974596 -0.573044 5.18355 -0.137079</i>
                        <i>0.00421737 0.999821 -0.0184223 -0.974783 0 -0.223154 -0.223114 0.0188989 0.974609 -0.573044 5.18283 -0.137079</i>
                        <i>0.00407084 0.999834 -0.0177823 -0.974783 -2.22045e-016 -0.223154 -0.223117 0.0182423 0.974621 -0.573044 5.18203 -0.137079</i>
                        <i>0.00393954 0.999844 -0.0172087 -0.974783 -2.22045e-016 -0.223154 -0.223119 0.0176539 0.974631 -0.573044 5.18115 -0.137079</i>
                        <i>0.00382854 0.999853 -0.0167238 -0.974783 -2.22045e-016 -0.223154 -0.223121 0.0171565 0.97464 -0.573044 5.18022 -0.137079</i>
                        <i>0.00374295 0.999859 -0.01635 -0.974783 0 -0.223154 -0.223123 0.0167729 0.974646 -0.573044 5.17925 -0.137079</i>
                        <i>0.00368786 0.999863 -0.0161093 -0.974783 0 -0.223154 -0.223124 0.0165261 0.97465 -0.573044 5.17825 -0.137079</i>
                        <i>0.00366837 0.999865 -0.0160242 -0.974783 2.22045e-016 -0.223154 -0.223124 0.0164387 0.974651 -0.573044 5.17724 -0.137079</i>
                        <i>0.00368198 0.999864 -0.0160837 -0.974783 0 -0.223154 -0.223124 0.0164997 0.97465 -0.573044 5.17622 -0.137079</i>
                        <i>0.00372127 0.999861 -0.0162553 -0.974783 0 -0.223154 -0.223123 0.0166758 0.974648 -0.573044 5.17522 -0.137079</i>
                        <i>0.0037839 0.999856 -0.0165288 -0.974783 -6.66134e-016 -0.223154 -0.223122 0.0169564 0.974643 -0.573044 5.17425 -0.137079</i>
                        <i>0.00386752 0.99985 -0.0168941 -0.974783 -4.44089e-016 -0.223154 -0.223121 0.0173312 0.974637 -0.573044 5.17332 -0.137079</i>
                        <i>0.0039698 0.999842 -0.0173409 -0.974783 0 -0.223154 -0.223119 0.0177895 0.974629 -0.573044 5.17245 -0.137079</i>
                        <i>0.00408839 0.999832 -0.0178589 -0.974783 -2.22045e-016 -0.223154 -0.223117 0.0183209 0.97462 -0.573044 5.17165 -0.137079</i>
                        <i>0.00422094 0.999821 -0.0184379 -0.974783 -2.22045e-016 -0.223154 -0.223114 0.0189149 0.974609 -0.573044 5.17093 -0.137079</i>
                        <i>0.00436513 0.999809 -0.0190678 -0.974783 0 -0.223154 -0.223112 0.0195611 0.974597 -0.573044 5.17031 -0.137079</i>
                        <i>0.00451862 0.999795 -0.0197382 -0.974783 -2.22045e-016 -0.223154 -0.223108 0.0202489 0.974583 -0.573044 5.16981 -0.137079</i>
                        <i>0.00467906 0.99978 -0.0204391 -0.974783 -4.44089e-016 -0.223154 -0.223105 0.0209678 0.974569 -0.573044 5.16943 -0.137079</i>
                        <i>0.00484412 0.999764 -0.0211601 -0.974783 -4.44089e-016 -0.223154 -0.223102 0.0217075 0.974553 -0.573044 5.16919 -0.137079</i>
                        <i>0.00501147 0.999748 -0.0218911 -0.974783 -2.22045e-016 -0.223154 -0.223098 0.0224575 0.974537 -0.573044 5.16911 -0.137079</i>
                        <i>0.00517879 0.999731 -0.022622 -0.974783 0 -0.223154 -0.223094 0.0232072 0.974521 -0.573044 5.16919 -0.137079</i>
                        <i>0.00534374 0.999713 -0.0233425 -0.974783 0 -0.223154 -0.22309 0.0239464 0.974504 -0.573044 5.16943 -0.137079</i>
                        <i>0.00550399 0.999696 -0.0240426 -0.974783 0 -0.223154 -0.223086 0.0246645 0.974487 -0.573044 5.16981 -0.137079</i>
                        <i>0.00565723 0.999679 -0.0247119 -0.974783 -2.22045e-016 -0.223154 -0.223082 0.0253512 0.97447 -0.573044 5.17031 -0.137079</i>
                        <i>0.00580113 0.999662 -0.0253405 -0.974783 -4.44089e-016 -0.223154 -0.223079 0.0259961 0.974454 -0.573044 5.17093 -0.137079</i>
                        <i>0.00593338 0.999646 -0.0259182 -0.974783 -6.66134e-016 -0.223154 -0.223075 0.0265887 0.974439 -0.573044 5.17165 -0.137079</i>
                        <i>0.00605164 0.999632 -0.0264348 -0.974783 -2.22045e-016 -0.223154 -0.223072 0.0271186 0.974425 -0.573044 5.17245 -0.137079</i>
                        <i>0.0061536 0.99962 -0.0268802 -0.974783 0 -0.223154 -0.223069 0.0275756 0.974412 -0.573044 5.17332 -0.137079</i>
                        <i>0.00623695 0.999609 -0.0272443 -0.974783 -2.22045e-016 -0.223154 -0.223067 0.0279491 0.974402 -0.573044 5.17425 -0.137079</i>
                        <i>0.00629936 0.999601 -0.0275169 -0.974783 -2.22045e-016 -0.223154 -0.223065 0.0282287 0.974395 -0.573044 5.17522 -0.137079</i>
                        <i>0.0063385 0.999597 -0.0276879 -0.974783 0 -0.223154 -0.223064 0.0284041 0.97439 -0.573044 5.17622 -0.137079</i>
                        <i>0.00635207 0.999595 -0.0277471 -0.974783 -2.22045e-016 -0.223154 -0.223064 0.0284649 0.974388 -0.573044 5.17724 -0.137079</i>
                        <i>0.00633583 0.999597 -0.0276762 -0.974783 -4.44089e-016 -0.223154 -0.223064 0.0283922 0.97439 -0.573044 5.17825 -0.137079</i>
                        <i>0.00628995 0.999603 -0.0274758 -0.974783 -2.22045e-016 -0.223154 -0.223066 0.0281866 0.974396 -0.573044 5.17925 -0.137079</i>
                        <i>0.00621864 0.999612 -0.0271643 -0.974783 -2.22045e-016 -0.223154 -0.223068 0.027867 0.974405 -0.573044 5.18022 -0.137079</i>
                        <i>0.00612615 0.999623 -0.0267603 -0.974783 -2.22045e-016 -0.223154 -0.22307 0.0274525 0.974416 -0.573044 5.18115 -0.137079</i>
                        <i>0.0060167 0.999636 -0.0262822 -0.974783 -2.22045e-016 -0.223154 -0.223073 0.0269621 0.974429 -0.573044 5.18203 -0.137079</i>
                        <i>0.00589452 0.999651 -0.0257485 -0.974783 0 -0.223154 -0.223076 0.0264146 0.974443 -0.573044 5.18283 -0.137079</i>
                        <i>0.00576385 0.999666 -0.0251777 -0.974783 4.44089e-016 -0.223154 -0.22308 0.025829 0.974458 -0.573044 5.18355 -0.137079</i>
                        <i>0.00562891 0.999682 -0.0245882 -0.974783 -2.22045e-016 -0.223154 -0.223083 0.0252243 0.974473 -0.573044 5.18417 -0.137079</i>
                        <i>0.00549395 0.999697 -0.0239987 -0.974783 -2.22045e-016 -0.223154 -0.223087 0.0246195 0.974488 -0.573044 5.18467 -0.137079</i>
                        <i>0.00536321 0.999711 -0.0234276 -0.974783 -4.44089e-016 -0.223154 -0.22309 0.0240336 0.974502 -0.573044 5.18505 -0.137079</i>
                        <i>0.00524093 0.999724 -0.0228934 -0.974783 -2.22045e-016 -0.223154 -0.223093 0.0234857 0.974514 -0.573044 5.18529 -0.137079</i>
                        <i>0.00513135 0.999736 -0.0224148 -0.974783 0 -0.223154 -0.223095 0.0229946 0.974525 -0.573044 5.18537 -0.137079</i>
                        <i>0.00500025 0.999749 -0.0218421 -0.974783 -2.22045e-016 -0.223154 -0.223098 0.0224072 0.974538 -0.573044 5.18529 -0.137079</i>
                        <i>0.0048539 0.999763 -0.0212028 -0.974783 -2.22045e-016 -0.223154 -0.223101 0.0217513 0.974553 -0.573044 5.18505 -0.137079</i>
                        <i>0.00469736 0.999778 -0.020519 -0.974783 -2.22045e-016 -0.223154 -0.223105 0.0210498 0.974567 -0.573044 5.18467 -0.137079</i>
                        <i>0.00453571 0.999793 -0.0198129 -0.974783 0 -0.223154 -0.223108 0.0203254 0.974582 -0.573044 5.18417 -0.137079</i>
                        <i>0.00437402 0.999808 -0.0191066 -0.974783 2.22045e-016 -0.223154 -0.223111 0.0196009 0.974596 -0.573044 5.18355 -0.137079</i>
                        <i>0.00421737 0.999821 -0.0184223 -0.974783 0 -0.223154 -0.223114 0.0188989 0.974609 -0.573044 5.18283 -0.137079</i>
                        <i>0.00407084 0.999834 -0.0177823 -0.974783 -2.22045e-016 -0.223154 -0.223117 0.0182423 0.974621 -0.573044 5.18203 -0.137079</i>
                        <i>0.00393954 0.999844 -0.0172087 -0.974783 -2.22045e-016 -0.223154 -0.223119 0.0176539 0.974631 -0.573044 5.18115 -0.137079</i>
                        <i>0.00382854 0.999853 -0.0167238 -0.974783 -2.22045e-016 -0.223154 -0.223121 0.0171565 0.97464 -0.573044 5.18022 -0.137079</i>
                        <i>0.00374295 0.999859 -0.01635 -0.974783 0 -0.223154 -0.223123 0.0167729 0.974646 -0.573044 5.17925 -0.137079</i>
                        <i>0.00368786 0.999863 -0.0161093 -0.974783 0 -0.223154 -0.223124 0.0165261 0.97465 -0.573044 5.17825 -0.137079</i>
                        <i>0.00366837 0.999865 -0.0160242 -0.974783 2.22045e-016 -0.223154 -0.223124 0.0164387 0.974651 -0.573044 5.17724 -0.137079</i>
                        <i>0.00368198 0.999864 -0.0160837 -0.974783 0 -0.223154 -0.223124 0.0164997 0.97465 -0.573044 5.17622 -0.137079</i>
                        <i>0.00372127 0.999861 -0.0162553 -0.974783 0 -0.223154 -0.223123 0.0166758 0.974648 -0.573044 5.17522 -0.137079</i>
                        <i>0.0037839 0.999856 -0.0165288 -0.974783 -6.66134e-016 -0.223154 -0.223122 0.0169564 0.974643 -0.573044 5.17425 -0.137079</i>
                        <i>0.00386752 0.99985 -0.0168941 -0.974783 -4.44089e-016 -0.223154 -0.223121 0.0173312 0.974637 -0.573044 5.17332 -0.137079</i>
                        <i>0.0039698 0.999842 -0.0173409 -0.974783 0 -0.223154 -0.223119 0.0177895 0.974629 -0.573044 5.17245 -0.137079</i>
                        <i>0.00408839 0.999832 -0.0178589 -0.974783 -2.22045e-016 -0.223154 -0.223117 0.0183209 0.97462 -0.573044 5.17165 -0.137079</i>
                        <i>0.00422094 0.999821 -0.0184379 -0.974783 -2.22045e-016 -0.223154 -0.223114 0.0189149 0.974609 -0.573044 5.17093 -0.137079</i>
                        <i>0.00436513 0.999809 -0.0190678 -0.974783 0 -0.223154 -0.223112 0.0195611 0.974597 -0.573044 5.17031 -0.137079</i>
                        <i>0.00451862 0.999795 -0.0197382 -0.974783 -2.22045e-016 -0.223154 -0.223108 0.0202489 0.974583 -0.573044 5.16981 -0.137079</i>
                        <i>0.00467906 0.99978 -0.0204391 -0.974783 -4.44089e-016 -0.223154 -0.223105 0.0209678 0.974569 -0.573044 5.16943 -0.137079</i>
                        <i>0.00484412 0.999764 -0.0211601 -0.974783 -4.44089e-016 -0.223154 -0.223102 0.0217075 0.974553 -0.573044 5.16919 -0.137079</i>
                        <i>0.00501147 0.999748 -0.0218911 -0.974783 -2.22045e-016 -0.223154 -0.223098 0.0224575 0.974537 -0.573044 5.16911 -0.137079</i>
                        <i>0.00517879 0.999731 -0.022622 -0.974783 0 -0.223154 -0.223094 0.0232072 0.974521 -0.573044 5.16919 -0.137079</i>
                        <i>0.00534374 0.999713 -0.0233425 -0.974783 0 -0.223154 -0.22309 0.0239464 0.974504 -0.573044 5.16943 -0.137079</i>
                        <i>0.00550399 0.999696 -0.0240426 -0.974783 0 -0.223154 -0.223086 0.0246645 0.974487 -0.573044 5.16981 -0.137079</i>
                        <i>0.00565723 0.999679 -0.0247119 -0.974783 -2.22045e-016 -0.223154 -0.223082 0.0253512 0.97447 -0.573044 5.17031 -0.137079</i>
                        <i>0.00580113 0.999662 -0.0253405 -0.974783 -4.44089e-016 -0.223154 -0.223079 0.0259961 0.974454 -0.573044 5.17093 -0.137079</i>
                        <i>0.00593338 0.999646 -0.0259182 -0.974783 -6.66134e-016 -0.223154 -0.223075 0.0265887 0.974439 -0.573044 5.17165 -0.137079</i>
                        <i>0.00605164 0.999632 -0.0264348 -0.974783 -2.22045e-016 -0.223154 -0.223072 0.0271186 0.974425 -0.573044 5.17245 -0.137079</i>
                        <i>0.0061536 0.99962 -0.0268802 -0.974783 0 -0.223154 -0.223069 0.0275756 0.974412 -0.573044 5.17332 -0.137079</i>
                        <i>0.00623695 0.999609 -0.0272443 -0.974783 -2.22045e-016 -0.223154 -0.223067 0.0279491 0.974402 -0.573044 5.17425 -0.137079</i>
                        <i>0.00629936 0.999601 -0.0275169 -0.974783 -2.22045e-016 -0.223154 -0.223065 0.0282287 0.974395 -0.573044 5.17522 -0.137079</i>
                        <i>0.0063385 0.999597 -0.0276879 -0.974783 0 -0.223154 -0.223064 0.0284041 0.97439 -0.573044 5.17622 -0.137079</i>
                        <i>0.00635207 0.999595 -0.0277471 -0.974783 -2.22045e-016 -0.223154 -0.223064 0.0284649 0.974388 -0.573044 5.17724 -0.137079</i>
                        <i>0.00633583 0.999597 -0.0276762 -0.974783 -4.44089e-016 -0.223154 -0.223064 0.0283922 0.97439 -0.573044 5.17825 -0.137079</i>
                        <i>0.00628995 0.999603 -0.0274758 -0.974783 -2.22045e-016 -0.223154 -0.223066 0.0281866 0.974396 -0.573044 5.17925 -0.137079</i>
                        <i>0.00621864 0.999612 -0.0271643 -0.974783 -2.22045e-016 -0.223154 -0.223068 0.027867 0.974405 -0.573044 5.18022 -0.137079</i>
                        <i>0.00612615 0.999623 -0.0267603 -0.974783 -2.22045e-016 -0.223154 -0.22307 0.0274525 0.974416 -0.573044 5.18115 -0.137079</i>
                        <i>0.0060167 0.999636 -0.0262822 -0.974783 -2.22045e-016 -0.223154 -0.223073 0.0269621 0.974429 -0.573044 5.18203 -0.137079</i>
                        <i>0.00589452 0.999651 -0.0257485 -0.974783 0 -0.223154 -0.223076 0.0264146 0.974443 -0.573044 5.18283 -0.137079</i>
                        <i>0.00576385 0.999666 -0.0251777 -0.974783 4.44089e-016 -0.223154 -0.22308 0.025829 0.974458 -0.573044 5.18355 -0.137079</i>
                        <i>0.00562891 0.999682 -0.0245882 -0.974783 -2.22045e-016 -0.223154 -0.223083 0.0252243 0.974473 -0.573044 5.18417 -0.137079</i>
                        <i>0.00549395 0.999697 -0.0239987 -0.974783 -2.22045e-016 -0.223154 -0.223087 0.0246195 0.974488 -0.573044 5.18467 -0.137079</i>
                        <i>0.00536321 0.999711 -0.0234276 -0.974783 -4.44089e-016 -0.223154 -0.22309 0.0240336 0.974502 -0.573044 5.18505 -0.137079</i>
                        <i>0.00524093 0.999724 -0.0228934 -0.974783 -2.22045e-016 -0.223154 -0.223093 0.0234857 0.974514 -0.573044 5.18529 -0.137079</i>
                        <i>0.00513135 0.999736 -0.0224148 -0.974783 0 -0.223154 -0.223095 0.0229946 0.974525 -0.573044 5.18537 -0.137079</i>
                    </KeyFrames>
                </p>
            </i>
            <i>
                <p>
                    <Name>
                        <![CDATA[spine1]]>
</Name>
                    <Exclude>0</Exclude>
                    <Additive>0</Additive>
                    <IKPriority>0</IKPriority>
                    <IKRotLimits>-1e+010 -1e+010 -1e+010 1e+010 1e+010 1e+010</IKRotLimits>
                    <IKRotLimitOrder>0</IKRotLimitOrder>
                    <KeyFrames count="97">
                        <i>-0.0107529 0.998838 0.0469707 -0.974783 0 -0.223154 -0.222895 -0.0481858 0.973651 -0.572164 5.35684 -0.140923</i>
                        <i>-0.0112364 0.998731 0.049083 -0.974783 -2.22045e-016 -0.223154 -0.222871 -0.0503528 0.973547 -0.572186 5.35676 -0.140825</i>
                        <i>-0.0117761 0.998607 0.0514405 -0.974783 -2.22045e-016 -0.223154 -0.222843 -0.0527712 0.973425 -0.572211 5.35653 -0.140716</i>
                        <i>-0.0123532 0.998467 0.0539614 -0.974783 -2.22045e-016 -0.223154 -0.222812 -0.0553573 0.973288 -0.572238 5.35616 -0.140598</i>
                        <i>-0.012949 0.998315 0.0565638 -0.974783 0 -0.223154 -0.222778 -0.0580271 0.973141 -0.572266 5.35566 -0.140477</i>
                        <i>-0.0135447 0.998156 0.0591661 -0.974783 2.22045e-016 -0.223154 -0.222743 -0.0606967 0.972986 -0.572294 5.35505 -0.140356</i>
                        <i>-0.0141217 0.997996 0.0616865 -0.974783 0 -0.223154 -0.222707 -0.0632822 0.972829 -0.57232 5.35434 -0.140239</i>
                        <i>-0.0146612 0.997839 0.0640431 -0.974783 -2.22045e-016 -0.223154 -0.222672 -0.0656999 0.972677 -0.572345 5.35354 -0.14013</i>
                        <i>-0.0151445 0.997694 0.0661544 -0.974783 -2.22045e-016 -0.223154 -0.22264 -0.0678658 0.972536 -0.572368 5.35268 -0.140031</i>
                        <i>-0.015553 0.997568 0.0679387 -0.974783 -2.22045e-016 -0.223154 -0.222612 -0.0696962 0.972413 -0.572387 5.35175 -0.139948</i>
                        <i>-0.0158679 0.997469 0.0693143 -0.974783 0 -0.223154 -0.222589 -0.0711074 0.972316 -0.572402 5.35079 -0.139884</i>
                        <i>-0.0160706 0.997404 0.0701995 -0.974783 0 -0.223154 -0.222575 -0.0720156 0.972252 -0.572411 5.34979 -0.139843</i>
                        <i>-0.0161423 0.99738 0.0705128 -0.974783 2.22045e-016 -0.223154 -0.22257 -0.0723369 0.972229 -0.572414 5.34878 -0.139828</i>
                        <i>-0.0160922 0.997397 0.070294 -0.974783 0 -0.223154 -0.222573 -0.0721124 0.972245 -0.572412 5.34776 -0.139838</i>
                        <i>-0.0159477 0.997443 0.0696627 -0.974783 0 -0.223154 -0.222584 -0.0714648 0.972291 -0.572405 5.34676 -0.139868</i>
                        <i>-0.0157173 0.997517 0.0686562 -0.974783 -6.66134e-016 -0.223154 -0.2226 -0.0704323 0.972362 -0.572395 5.34578 -0.139915</i>
                        <i>-0.0154096 0.997613 0.0673122 -0.974783 -4.44089e-016 -0.223154 -0.222622 -0.0690535 0.972456 -0.57238 5.34485 -0.139977</i>
                        <i>-0.0150332 0.997728 0.0656679 -0.974783 0 -0.223154 -0.222647 -0.0673667 0.972569 -0.572363 5.34397 -0.140054</i>
                        <i>-0.0145966 0.997858 0.063761 -0.974783 -2.22045e-016 -0.223154 -0.222676 -0.0654105 0.972696 -0.572343 5.34316 -0.140143</i>
                        <i>-0.0141085 0.997999 0.0616289 -0.974783 -2.22045e-016 -0.223154 -0.222708 -0.0632232 0.972833 -0.57232 5.34244 -0.140242</i>
                        <i>-0.0135774 0.998147 0.059309 -0.974783 0 -0.223154 -0.222741 -0.0608433 0.972977 -0.572295 5.34182 -0.14035</i>
                        <i>-0.013012 0.998299 0.0568389 -0.974783 -2.22045e-016 -0.223154 -0.222775 -0.0583093 0.973125 -0.572269 5.3413 -0.140465</i>
                        <i>-0.0124207 0.99845 0.0542561 -0.974783 -4.44089e-016 -0.223154 -0.222808 -0.0556596 0.973272 -0.572241 5.34092 -0.140585</i>
                        <i>-0.0118122 0.998598 0.051598 -0.974783 -4.44089e-016 -0.223154 -0.222841 -0.0529328 0.973417 -0.572213 5.34067 -0.140708</i>
                        <i>-0.011195 0.998741 0.0489022 -0.974783 -2.22045e-016 -0.223154 -0.222873 -0.0501673 0.973556 -0.572184 5.34058 -0.140834</i>
                        <i>-0.0105779 0.998876 0.0462063 -0.974783 0 -0.223154 -0.222903 -0.0474016 0.973687 -0.572156 5.34065 -0.140959</i>
                        <i>-0.00996927 0.999002 0.0435478 -0.974783 0 -0.223154 -0.222931 -0.0446743 0.97381 -0.572127 5.34088 -0.141082</i>
                        <i>-0.00937782 0.999117 0.0409642 -0.974783 0 -0.223154 -0.222957 -0.0420239 0.973922 -0.5721 5.34126 -0.141202</i>
                        <i>-0.00881213 0.99922 0.0384932 -0.974783 -2.22045e-016 -0.223154 -0.22298 -0.039489 0.974023 -0.572074 5.34175 -0.141317</i>
                        <i>-0.00828079 0.999311 0.0361722 -0.974783 -4.44089e-016 -0.223154 -0.223001 -0.0371079 0.974112 -0.572049 5.34237 -0.141424</i>
                        <i>-0.00779241 0.99939 0.0340389 -0.974783 -6.66134e-016 -0.223154 -0.223018 -0.0349194 0.974189 -0.572026 5.34308 -0.141523</i>
                        <i>-0.00735558 0.999457 0.0321307 -0.974783 -2.22045e-016 -0.223154 -0.223033 -0.0329619 0.974253 -0.572006 5.34387 -0.141612</i>
                        <i>-0.00697891 0.999511 0.0304853 -0.974783 0 -0.223154 -0.223045 -0.0312739 0.974306 -0.571989 5.34474 -0.141688</i>
                        <i>-0.00667098 0.999553 0.0291402 -0.974783 -2.22045e-016 -0.223154 -0.223054 -0.029894 0.974347 -0.571974 5.34567 -0.141751</i>
                        <i>-0.00644038 0.999583 0.0281329 -0.974783 -2.22045e-016 -0.223154 -0.223061 -0.0288607 0.974377 -0.571964 5.34664 -0.141797</i>
                        <i>-0.00629572 0.999602 0.027501 -0.974783 0 -0.223154 -0.223065 -0.0282124 0.974395 -0.571957 5.34764 -0.141827</i>
                        <i>-0.00624559 0.999608 0.027282 -0.974783 -2.22045e-016 -0.223154 -0.223067 -0.0279878 0.974401 -0.571955 5.34865 -0.141837</i>
                        <i>-0.0063056 0.999601 0.0275441 -0.974783 -4.44089e-016 -0.223154 -0.223065 -0.0282567 0.974394 -0.571957 5.34966 -0.141825</i>
                        <i>-0.00647515 0.999579 0.0282848 -0.974783 -2.22045e-016 -0.223154 -0.22306 -0.0290165 0.974373 -0.571965 5.35067 -0.14179</i>
                        <i>-0.00673861 0.999544 0.0294356 -0.974783 -2.22045e-016 -0.223154 -0.223052 -0.0301971 0.974339 -0.571978 5.35164 -0.141737</i>
                        <i>-0.00708033 0.999497 0.0309283 -0.974783 -2.22045e-016 -0.223154 -0.223042 -0.0317284 0.974292 -0.571993 5.35257 -0.141668</i>
                        <i>-0.00748465 0.999437 0.0326945 -0.974783 -2.22045e-016 -0.223154 -0.223029 -0.0335403 0.974235 -0.572012 5.35345 -0.141586</i>
                        <i>-0.00793592 0.999367 0.0346657 -0.974783 0 -0.223154 -0.223013 -0.0355625 0.974167 -0.572033 5.35426 -0.141494</i>
                        <i>-0.00841849 0.999288 0.0367737 -0.974783 4.44089e-016 -0.223154 -0.222995 -0.037725 0.974089 -0.572055 5.35498 -0.141397</i>
                        <i>-0.00891669 0.999201 0.0389499 -0.974783 -2.22045e-016 -0.223154 -0.222976 -0.0399575 0.974005 -0.572079 5.35561 -0.141296</i>
                        <i>-0.00941488 0.99911 0.0411261 -0.974783 -2.22045e-016 -0.223154 -0.222956 -0.04219 0.973915 -0.572102 5.35612 -0.141195</i>
                        <i>-0.0098974 0.999016 0.0432339 -0.974783 -4.44089e-016 -0.223154 -0.222935 -0.0443523 0.973824 -0.572124 5.35651 -0.141097</i>
                        <i>-0.0103486 0.998924 0.0452049 -0.974783 -2.22045e-016 -0.223154 -0.222914 -0.0463743 0.973734 -0.572145 5.35675 -0.141005</i>
                        <i>-0.0107529 0.998838 0.0469707 -0.974783 0 -0.223154 -0.222895 -0.0481858 0.973651 -0.572164 5.35684 -0.140923</i>
                        <i>-0.0112364 0.998731 0.049083 -0.974783 -2.22045e-016 -0.223154 -0.222871 -0.0503528 0.973547 -0.572186 5.35676 -0.140825</i>
                        <i>-0.0117761 0.998607 0.0514405 -0.974783 -2.22045e-016 -0.223154 -0.222843 -0.0527712 0.973425 -0.572211 5.35653 -0.140716</i>
                        <i>-0.0123532 0.998467 0.0539614 -0.974783 -2.22045e-016 -0.223154 -0.222812 -0.0553573 0.973288 -0.572238 5.35616 -0.140598</i>
                        <i>-0.012949 0.998315 0.0565638 -0.974783 0 -0.223154 -0.222778 -0.0580271 0.973141 -0.572266 5.35566 -0.140477</i>
                        <i>-0.0135447 0.998156 0.0591661 -0.974783 2.22045e-016 -0.223154 -0.222743 -0.0606967 0.972986 -0.572294 5.35505 -0.140356</i>
                        <i>-0.0141217 0.997996 0.0616865 -0.974783 0 -0.223154 -0.222707 -0.0632822 0.972829 -0.57232 5.35434 -0.140239</i>
                        <i>-0.0146612 0.997839 0.0640431 -0.974783 -2.22045e-016 -0.223154 -0.222672 -0.0656999 0.972677 -0.572345 5.35354 -0.14013</i>
                        <i>-0.0151445 0.997694 0.0661544 -0.974783 -2.22045e-016 -0.223154 -0.22264 -0.0678658 0.972536 -0.572368 5.35268 -0.140031</i>
                        <i>-0.015553 0.997568 0.0679387 -0.974783 -2.22045e-016 -0.223154 -0.222612 -0.0696962 0.972413 -0.572387 5.35175 -0.139948</i>
                        <i>-0.0158679 0.997469 0.0693143 -0.974783 0 -0.223154 -0.222589 -0.0711074 0.972316 -0.572402 5.35079 -0.139884</i>
                        <i>-0.0160706 0.997404 0.0701995 -0.974783 0 -0.223154 -0.222575 -0.0720156 0.972252 -0.572411 5.34979 -0.139843</i>
                        <i>-0.0161423 0.99738 0.0705128 -0.974783 2.22045e-016 -0.223154 -0.22257 -0.0723369 0.972229 -0.572414 5.34878 -0.139828</i>
                        <i>-0.0160922 0.997397 0.070294 -0.974783 0 -0.223154 -0.222573 -0.0721124 0.972245 -0.572412 5.34776 -0.139838</i>
                        <i>-0.0159477 0.997443 0.0696627 -0.974783 0 -0.223154 -0.222584 -0.0714648 0.972291 -0.572405 5.34676 -0.139868</i>
                        <i>-0.0157173 0.997517 0.0686562 -0.974783 -6.66134e-016 -0.223154 -0.2226 -0.0704323 0.972362 -0.572395 5.34578 -0.139915</i>
                        <i>-0.0154096 0.997613 0.0673122 -0.974783 -4.44089e-016 -0.223154 -0.222622 -0.0690535 0.972456 -0.57238 5.34485 -0.139977</i>
                        <i>-0.0150332 0.997728 0.0656679 -0.974783 0 -0.223154 -0.222647 -0.0673667 0.972569 -0.572363 5.34397 -0.140054</i>
                        <i>-0.0145966 0.997858 0.063761 -0.974783 -2.22045e-016 -0.223154 -0.222676 -0.0654105 0.972696 -0.572343 5.34316 -0.140143</i>
                        <i>-0.0141085 0.997999 0.0616289 -0.974783 -2.22045e-016 -0.223154 -0.222708 -0.0632232 0.972833 -0.57232 5.34244 -0.140242</i>
