<?xml version="1.0" encoding="ISO-8859-1" ?>
<Animl Version="1">
    <ModellingPackage><![CDATA[Maya.2010]]></ModellingPackage>
    <SrcFile><![CDATA[anims\turrets\antiair\blue\~src\aa_chaparral\aa_chaparral_fire_crewman_c.mb]]></SrcFile>
    <FramesPerSecond>30</FramesPerSecond>
    <TotalFrames>49</TotalFrames>
    <Skeleton>
        <RefFrame>
            <Name><![CDATA[soldier_ref_frame]]></Name>
            <Exclude>0</Exclude>
            <Additive>0</Additive>
            <IKPriority>0</IKPriority>
            <IKRotLimits>-1e+010 -1e+010 -1e+010 1e+010 1e+010 1e+010</IKRotLimits>
            <IKRotLimitOrder>0</IKRotLimitOrder>
            <KeyFrames count="49">
                <i>1 0 0 0 1 0 0 0 1 3.27 4.06 -0.52</i>
                <i>1 0 0 0 1 0 0 0 1 3.27 4.06 -0.52</i>
                <i>1 0 0 0 1 0 0 0 1 3.27 4.06 -0.52</i>
                <i>1 0 0 0 1 0 0 0 1 3.27 4.06 -0.52</i>
                <i>1 0 0 0 1 0 0 0 1 3.27 4.06 -0.52</i>
                <i>1 0 0 0 1 0 0 0 1 3.27 4.06 -0.52</i>
                <i>1 0 0 0 1 0 0 0 1 3.27 4.06 -0.52</i>
                <i>1 0 0 0 1 0 0 0 1 3.27 4.06 -0.52</i>
                <i>1 0 0 0 1 0 0 0 1 3.27 4.06 -0.52</i>
                <i>1 0 0 0 1 0 0 0 1 3.27 4.06 -0.52</i>
                <i>1 0 0 0 1 0 0 0 1 3.27 4.06 -0.52</i>
                <i>1 0 0 0 1 0 0 0 1 3.27 4.06 -0.52</i>
                <i>1 0 0 0 1 0 0 0 1 3.27 4.06 -0.52</i>
                <i>1 0 0 0 1 0 0 0 1 3.27 4.06 -0.52</i>
                <i>1 0 0 0 1 0 0 0 1 3.27 4.06 -0.52</i>
                <i>1 0 0 0 1 0 0 0 1 3.27 4.06 -0.52</i>
                <i>1 0 0 0 1 0 0 0 1 3.27 4.06 -0.52</i>
                <i>1 0 0 0 1 0 0 0 1 3.27 4.06 -0.52</i>
                <i>1 0 0 0 1 0 0 0 1 3.27 4.06 -0.52</i>
                <i>1 0 0 0 1 0 0 0 1 3.27 4.06 -0.52</i>
                <i>1 0 0 0 1 0 0 0 1 3.27 4.06 -0.52</i>
                <i>1 0 0 0 1 0 0 0 1 3.27 4.06 -0.52</i>
                <i>1 0 0 0 1 0 0 0 1 3.27 4.06 -0.52</i>
                <i>1 0 0 0 1 0 0 0 1 3.27 4.06 -0.52</i>
                <i>1 0 0 0 1 0 0 0 1 3.27 4.06 -0.52</i>
                <i>1 0 0 0 1 0 0 0 1 3.27 4.06 -0.52</i>
                <i>1 0 0 0 1 0 0 0 1 3.27 4.06 -0.52</i>
                <i>1 0 0 0 1 0 0 0 1 3.27 4.06 -0.52</i>
                <i>1 0 0 0 1 0 0 0 1 3.27 4.06 -0.52</i>
                <i>1 0 0 0 1 0 0 0 1 3.27 4.06 -0.52</i>
                <i>1 0 0 0 1 0 0 0 1 3.27 4.06 -0.52</i>
                <i>1 0 0 0 1 0 0 0 1 3.27 4.06 -0.52</i>
                <i>1 0 0 0 1 0 0 0 1 3.27 4.06 -0.52</i>
                <i>1 0 0 0 1 0 0 0 1 3.27 4.06 -0.52</i>
                <i>1 0 0 0 1 0 0 0 1 3.27 4.06 -0.52</i>
                <i>1 0 0 0 1 0 0 0 1 3.27 4.06 -0.52</i>
                <i>1 0 0 0 1 0 0 0 1 3.27 4.06 -0.52</i>
                <i>1 0 0 0 1 0 0 0 1 3.27 4.06 -0.52</i>
                <i>1 0 0 0 1 0 0 0 1 3.27 4.06 -0.52</i>
                <i>1 0 0 0 1 0 0 0 1 3.27 4.06 -0.52</i>
                <i>1 0 0 0 1 0 0 0 1 3.27 4.06 -0.52</i>
                <i>1 0 0 0 1 0 0 0 1 3.27 4.06 -0.52</i>
                <i>1 0 0 0 1 0 0 0 1 3.27 4.06 -0.52</i>
                <i>1 0 0 0 1 0 0 0 1 3.27 4.06 -0.52</i>
                <i>1 0 0 0 1 0 0 0 1 3.27 4.06 -0.52</i>
                <i>1 0 0 0 1 0 0 0 1 3.27 4.06 -0.52</i>
                <i>1 0 0 0 1 0 0 0 1 3.27 4.06 -0.52</i>
                <i>1 0 0 0 1 0 0 0 1 3.27 4.06 -0.52</i>
                <i>1 0 0 0 1 0 0 0 1 3.27 4.06 -0.52</i>
            </KeyFrames>
        </RefFrame>
        <Bones count="23">
            <i>
                <p>
                    <Name><![CDATA[pelvis]]></Name>
                    <Exclude>0</Exclude>
                    <Additive>0</Additive>
                    <IKPriority>0</IKPriority>
                    <IKRotLimits>-1e+010 -1e+010 -1e+010 1e+010 1e+010 1e+010</IKRotLimits>
                    <IKRotLimitOrder>2</IKRotLimitOrder>
                    <KeyFrames count="49">
                        <i>1 0 0 0 1 0 0 0 1 3.334 4.58908 -0.419643</i>
                        <i>1 0 0 0 1 0 0 0 1 3.34343 4.57559 -0.419643</i>
                        <i>1 0 0 0 1 0 0 0 1 3.36145 4.55175 -0.419643</i>
                        <i>1 0 0 0 1 0 0 0 1 3.37266 4.5425 -0.419643</i>
                        <i>1 0 0 0 1 0 0 0 1 3.37523 4.55617 -0.419643</i>
                        <i>1 0 0 0 1 0 0 0 1 3.37759 4.57976 -0.419643</i>
                        <i>1 0 0 0 1 0 0 0 1 3.37974 4.60628 -0.419643</i>
                        <i>1 0 0 0 1 0 0 0 1 3.38166 4.62869 -0.419643</i>
                        <i>1 0 0 0 1 0 0 0 1 3.38335 4.64 -0.419643</i>
                        <i>1 0 0 0 1 0 0 0 1 3.38481 4.63907 -0.419643</i>
                        <i>1 0 0 0 1 0 0 0 1 3.38602 4.63114 -0.419643</i>
                        <i>1 0 0 0 1 0 0 0 1 3.38698 4.61874 -0.419643</i>
                        <i>1 0 0 0 1 0 0 0 1 3.38768 4.60441 -0.419643</i>
                        <i>1 0 0 0 1 0 0 0 1 3.38812 4.59068 -0.419643</i>
                        <i>1 0 0 0 1 0 0 0 1 3.38829 4.58008 -0.419643</i>
                        <i>1 0 0 0 1 0 0 0 1 3.38819 4.57227 -0.419643</i>
                        <i>1 0 0 0 1 0 0 0 1 3.3878 4.56525 -0.419643</i>
                        <i>1 0 0 0 1 0 0 0 1 3.38712 4.55914 -0.419643</i>
                        <i>1 0 0 0 1 0 0 0 1 3.38614 4.55402 -0.419643</i>
                        <i>1 0 0 0 1 0 0 0 1 3.38486 4.55 -0.419643</i>
                        <i>1 0 0 0 1 0 0 0 1 3.38274 4.54639 -0.419643</i>
                        <i>1 0 0 0 1 0 0 0 1 3.37941 4.54253 -0.419643</i>
                        <i>1 0 0 0 1 0 0 0 1 3.37509 4.53861 -0.419643</i>
                        <i>1 0 0 0 1 0 0 0 1 3.37003 4.5348 -0.419643</i>
                        <i>1 0 0 0 1 0 0 0 1 3.36447 4.53125 -0.419643</i>
                        <i>1 0 0 0 1 0 0 0 1 3.35865 4.52813 -0.419643</i>
                        <i>1 0 0 0 1 0 0 0 1 3.35281 4.52563 -0.419643</i>
                        <i>1 0 0 0 1 0 0 0 1 3.34718 4.5239 -0.419643</i>
                        <i>1 0 0 0 1 0 0 0 1 3.34202 4.52311 -0.419643</i>
                        <i>1 0 0 0 1 0 0 0 1 3.33754 4.52343 -0.419643</i>
                        <i>1 0 0 0 1 0 0 0 1 3.334 4.52503 -0.419643</i>
                        <i>1 0 0 0 1 0 0 0 1 3.33192 4.53014 -0.419643</i>
                        <i>1 0 0 0 1 0 0 0 1 3.33134 4.53972 -0.419643</i>
                        <i>1 0 0 0 1 0 0 0 1 3.33176 4.5521 -0.419643</i>
                        <i>1 0 0 0 1 0 0 0 1 3.33267 4.56557 -0.419643</i>
                        <i>1 0 0 0 1 0 0 0 1 3.33359 4.57846 -0.419643</i>
                        <i>1 0 0 0 1 0 0 0 1 3.334 4.58908 -0.419643</i>
                        <i>1 0 0 0 1 0 0 0 1 3.334 4.59844 -0.419643</i>
                        <i>1 0 0 0 1 0 0 0 1 3.334 4.60812 -0.419643</i>
                        <i>1 0 0 0 1 0 0 0 1 3.334 4.61721 -0.419643</i>
                        <i>1 0 0 0 1 0 0 0 1 3.334 4.62481 -0.419643</i>
                        <i>1 0 0 0 1 0 0 0 1 3.334 4.63003 -0.419643</i>
                        <i>1 0 0 0 1 0 0 0 1 3.334 4.63197 -0.419643</i>
                        <i>1 0 0 0 1 0 0 0 1 3.334 4.6288 -0.419643</i>
                        <i>1 0 0 0 1 0 0 0 1 3.334 4.62085 -0.419643</i>
                        <i>1 0 0 0 1 0 0 0 1 3.334 4.61053 -0.419643</i>
                        <i>1 0 0 0 1 0 0 0 1 3.334 4.6002 -0.419643</i>
                        <i>1 0 0 0 1 0 0 0 1 3.334 4.59225 -0.419643</i>
                        <i>1 0 0 0 1 0 0 0 1 3.334 4.58908 -0.419643</i>
                    </KeyFrames>
                </p>
            </i>
            <i>
                <p>
                    <Name><![CDATA[spine0]]></Name>
                    <Exclude>0</Exclude>
                    <Additive>0</Additive>
                    <IKPriority>0</IKPriority>
                    <IKRotLimits>-1e+010 -1e+010 -1e+010 1e+010 1e+010 1e+010</IKRotLimits>
                    <IKRotLimitOrder>0</IKRotLimitOrder>
                    <KeyFrames count="49">
                        <i>0.0977168 0.759774 0.642802 -0.994951 0.0597366 0.0806425 0.0228713 -0.647437 0.761776 3.33077 4.72555 -0.465036</i>
                        <i>0.154505 0.817217 0.555234 -0.98752 0.110368 0.112352 0.030536 -0.565663 0.824071 3.34101 4.71115 -0.467739</i>
                        <i>0.240264 0.85603 0.457696 -0.969487 0.187971 0.157361 0.0486721 -0.481538 0.875073 3.36181 4.6863 -0.470544</i>
                        <i>0.278295 0.885373 0.372379 -0.956886 0.221986 0.187327 0.0831911 -0.408457 0.908979 3.37364 4.67606 -0.473097</i>
                        <i>0.266585 0.914277 0.30501 -0.956398 0.211763 0.201146 0.119313 -0.345333 0.930865 3.37441 4.68872 -0.475542</i>
                        <i>0.258252 0.927066 0.271763 -0.955419 0.203418 0.213998 0.143109 -0.314913 0.938269 3.37476 4.71123 -0.477995</i>
                        <i>0.255152 0.927977 0.271579 -0.954199 0.196287 0.225778 0.15621 -0.316748 0.935558 3.37472 4.73657 -0.48042</i>
                        <i>0.251193 0.927977 0.275248 -0.953246 0.187811 0.236747 0.168001 -0.321848 0.931767 3.37434 4.75775 -0.482786</i>
                        <i>0.246709 0.927069 0.282273 -0.952501 0.178308 0.246876 0.178539 -0.329772 0.927024 3.37366 4.76776 -0.485065</i>
                        <i>0.242019 0.925258 0.292103 -0.951912 0.168137 0.256112 0.187856 -0.34004 0.921457 3.37271 4.76549 -0.48723</i>
                        <i>0.237403 0.922573 0.304135 -0.951441 0.157675 0.264383 0.195958 -0.352132 0.915207 3.37155 4.7562 -0.489259</i>
                        <i>0.233079 0.919088 0.317728 -0.95107 0.147295 0.271606 0.20283 -0.365488 0.908449 3.37021 4.74245 -0.491132</i>
                        <i>0.229187 0.914933 0.33222 -0.950801 0.137338 0.277696 0.208447 -0.37952 0.901396 3.36874 4.7268 -0.49283</i>
                        <i>0.225786 0.910299 0.346955 -0.950654 0.128093 0.282575 0.212785 -0.393635 0.894301 3.36716 4.71183 -0.494335</i>
                        <i>0.222846 0.905428 0.361304 -0.950657 0.119775 0.286191 0.21585 -0.407252 0.887443 3.36553 4.7001 -0.49563</i>
                        <i>0.220262 0.900607 0.374689 -0.95084 0.11251 0.288522 0.217688 -0.41982 0.881115 3.36388 4.6913 -0.496698</i>
                        <i>0.217868 0.896149 0.386589 -0.951227 0.106333 0.289588 0.218406 -0.430826 0.875607 3.36222 4.68348 -0.49752</i>
                        <i>0.215461 0.892377 0.396535 -0.95183 0.101198 0.289445 0.218166 -0.439798 0.871195 3.36061 4.67679 -0.498074</i>
                        <i>0.212834 0.889613 0.404092 -0.95265 0.0970158 0.288176 0.217162 -0.446292 0.868138 3.35905 4.67137 -0.498336</i>
                        <i>0.209814 0.888165 0.408829 -0.953678 0.0937045 0.285864 0.215585 -0.449869 0.866684 3.35758 4.66734 -0.498278</i>
                        <i>0.203947 0.887925 0.412305 -0.955769 0.0894221 0.280196 0.211924 -0.451213 0.866888 3.35645 4.66456 -0.497365</i>
                        <i>0.19422 0.887508 0.417862 -0.959545 0.0833636 0.268932 0.203845 -0.453189 0.867794 3.35576 4.66266 -0.495182</i>
                        <i>0.182456 0.885127 0.428089 -0.964631 0.0769 0.252136 0.190252 -0.458952 0.867852 3.3553 4.66146 -0.491843</i>
                        <i>0.170023 0.878977 0.445524 -0.970556 0.0710839 0.230147 0.170625 -0.471536 0.865183 3.35484 4.66075 -0.487471</i>
                        <i>0.157623 0.867547 0.471717 -0.976732 0.0666158 0.203857 0.145432 -0.492874 0.857861 3.35416 4.66036 -0.482252</i>
                        <i>0.145553 0.849752 0.506691 -0.982524 0.0640914 0.174756 0.116025 -0.523272 0.84423 3.35305 4.66018 -0.476463</i>
                        <i>0.134063 0.825338 0.548493 -0.987368 0.0640801 0.14491 0.0844519 -0.560991 0.823503 3.35136 4.6602 -0.470482</i>
                        <i>0.122832 0.796628 0.591858 -0.990956 0.0659926 0.116834 0.0540153 -0.600857 0.79753 3.34904 4.66048 -0.464775</i>
                        <i>0.112405 0.767179 0.631508 -0.99327 0.0688815 0.093117 0.0279382 -0.637724 0.769758 3.34608 4.66117 -0.459867</i>
                        <i>0.103666 0.741857 0.662496 -0.994567 0.0709868 0.0761375 0.00945464 -0.66679 0.745186 3.34258 4.66245 -0.45631</i>
                        <i>0.096968 0.726846 0.67992 -0.995285 0.0693551 0.0678025 0.00212605 -0.683289 0.730145 3.33863 4.6645 -0.454644</i>
                        <i>0.0868456 0.719843 0.688683 -0.996221 0.0635526 0.0591992 -0.00115342 -0.691221 0.722642 3.33524 4.66978 -0.454076</i>
                        <i>0.0696262 0.713617 0.697067 -0.99754 0.0554789 0.0428427 -0.00809926 -0.698335 0.715725 3.33307 4.67954 -0.45348</i>
                        <i>0.0479023 0.707601 0.704987 -0.998723 0.0452856 0.0224074 -0.0160702 -0.705159 0.708867 3.3317 4.69207 -0.452866</i>
                        <i>0.0246885 0.701606 0.712137 -0.999436 0.0335571 0.00158768 -0.0227834 -0.711774 0.702039 3.33072 4.70568 -0.452258</i>
                        <i>0.00335512 0.695911 0.71812 -0.999648 0.0212412 -0.0159138 -0.0263283 -0.717814 0.695737 3.32977 4.71866 -0.451692</i>
                        <i>-0.0125061 0.691197 0.722558 -0.999606 0.00950997 -0.0263984 -0.025118 -0.722604 0.690806 3.32846 4.72932 -0.451214</i>
                        <i>-0.0213358 0.686478 0.726837 -0.99959 -0.000775736 -0.0286097 -0.0190761 -0.72715 0.686214 3.32688 4.73876 -0.450591</i>
                        <i>-0.0251718 0.681191 0.731673 -0.999633 -0.00985098 -0.0252192 -0.0099714 -0.732039 0.68119 3.32536 4.74853 -0.449747</i>
                        <i>-0.0258595 0.676774 0.735737 -0.999665 -0.0181549 -0.018436 0.000880225 -0.735967 0.677017 3.32391 4.75769 -0.448965</i>
                        <i>-0.0253715 0.674594 0.737753 -0.999603 -0.0261378 -0.0104764 0.012216 -0.737726 0.67499 3.32253 4.76528 -0.448528</i>
                        <i>-0.0257858 0.675951 0.736495 -0.999407 -0.0342507 -0.00355572 0.022822 -0.73615 0.676433 3.32121 4.77034 -0.448721</i>
                        <i>-0.0292234 0.682038 0.730733 -0.999078 -0.0429373 0.000120949 0.0314582 -0.730055 0.682664 3.31994 4.77193 -0.449826</i>
                        <i>-0.0367972 0.696169 0.716935 -0.998589 -0.0531121 0.000320514 0.0383011 -0.715911 0.69714 3.3186 4.76799 -0.452546</i>
                        <i>-0.0471273 0.71743 0.695034 -0.997922 -0.0644272 -0.00116159 0.0439457 -0.693645 0.718976 3.31721 4.75882 -0.456774</i>
                        <i>-0.0584124 0.740814 0.669166 -0.997143 -0.0754524 -0.00351095 0.0478892 -0.667459 0.743105 3.31597 4.74695 -0.461587</i>
                        <i>-0.0687481 0.761913 0.644021 -0.996377 -0.0848408 -0.00599005 0.0500753 -0.642099 0.764984 3.315 4.73503 -0.466084</i>
                        <i>-0.0762551 0.777004 0.62486 -0.995788 -0.091344 -0.00793649 0.0509105 -0.622833 0.780697 3.31439 4.72581 -0.469398</i>
                        <i>-0.0791438 0.782779 0.617247 -0.995555 -0.0937762 -0.00872582 0.0510527 -0.615194 0.786721 3.31418 4.72211 -0.47069</i>
                    </KeyFrames>
                </p>
            </i>
            <i>
                <p>
                    <Name><![CDATA[spine1]]></Name>
                    <Exclude>0</Exclude>
                    <Additive>0</Additive>
                    <IKPriority>0</IKPriority>
                    <IKRotLimits>-1e+010 -1e+010 -1e+010 1e+010 1e+010 1e+010</IKRotLimits>
                    <IKRotLimitOrder>0</IKRotLimitOrder>
                    <KeyFrames count="49">
                        <i>0.192958 0.229541 0.95398 -0.977027 -0.0446994 0.208375 0.0904729 -0.972272 0.215643 3.35139 4.88605 -0.329562</i>
                        <i>0.267456 0.35216 0.896912 -0.963563 0.101246 0.247578 -0.00362168 -0.930447 0.366407 3.37327 4.88192 -0.351986</i>
                        <i>0.381106 0.455011 0.804812 -0.92089 0.264007 0.286813 -0.0819732 -0.85045 0.51963 3.41133 4.86286 -0.376384</i>
                        <i>0.445006 0.544605 0.710898 -0.891611 0.343602 0.294902 -0.0836608 -0.765078 0.63848 3.43011 4.85585 -0.397686</i>
                        <i>0.44739 0.631476 0.633309 -0.893342 0.348973 0.283123 -0.0422223 -0.692428 0.720251 3.42761 4.8713 -0.414811</i>
                        <i>0.445361 0.669057 0.594993 -0.895235 0.343436 0.28391 -0.0143902 -0.659101 0.751916 3.42602 4.89537 -0.424185</i>
                        <i>0.443356 0.665298 0.600678 -0.896346 0.329199 0.296972 -0.000167815 -0.670079 0.742289 3.42572 4.9222 -0.426272</i>
                        <i>0.440222 0.657858 0.611087 -0.897753 0.310647 0.312311 0.0156242 -0.686091 0.727348 3.42497 4.94496 -0.427447</i>
                        <i>0.436505 0.64728 0.624894 -0.899096 0.288341 0.329371 0.0330124 -0.705612 0.707829 3.42385 4.95658 -0.427774</i>
                        <i>0.43271 0.634109 0.640834 -0.900039 0.262937 0.347555 0.0518891 -0.727166 0.684498 3.42246 4.95589 -0.427335</i>
                        <i>0.429256 0.618936 0.657767 -0.900309 0.235176 0.366246 0.071992 -0.749407 0.658184 3.42086 4.94809 -0.42623</i>
                        <i>0.426431 0.60241 0.674729 -0.899736 0.205881 0.384822 0.0929065 -0.771178 0.629804 3.41914 4.93567 -0.424579</i>
                        <i>0.424376 0.585221 0.690957 -0.89827 0.175947 0.402683 0.114087 -0.791555 0.600354 3.41735 4.92116 -0.422515</i>
                        <i>0.423079 0.568079 0.705896 -0.895995 0.146316 0.419266 0.134892 -0.809863 0.5709 3.41552 4.9071 -0.420182</i>
                        <i>0.422387 0.551685 0.719189 -0.89313 0.117966 0.434054 0.154621 -0.825668 0.542554 3.41367 4.89605 -0.417725</i>
                        <i>0.422028 0.536708 0.730642 -0.89001 0.0918814 0.446588 0.172555 -0.838751 0.516452 3.41182 4.8877 -0.415284</i>
                        <i>0.421644 0.523778 0.740185 -0.887062 0.0690363 0.45646 0.187984 -0.849053 0.493732 3.40994 4.88015 -0.41299</i>
                        <i>0.420832 0.513488 0.747817 -0.884766 0.0503805 0.463305 0.200226 -0.856616 0.475519 3.40802 4.87355 -0.410959</i>
                        <i>0.419184 0.506416 0.753543 -0.883605 0.0368315 0.466783 0.208632 -0.861502 0.462911 3.40602 4.8681 -0.409297</i>
                        <i>0.416342 0.503149 0.757298 -0.884008 0.0292761 0.466553 0.212575 -0.863704 0.456977 3.40393 4.86395 -0.408101</i>
                        <i>0.410646 0.496045 0.765055 -0.887436 0.0247863 0.460264 0.209349 -0.867943 0.450387 3.40154 4.86126 -0.406353</i>
                        <i>0.400493 0.478491 0.781443 -0.894543 0.0194288 0.44656 0.198492 -0.877878 0.435811 3.39878 4.85966 -0.402763</i>
                        <i>0.385208 0.4526 0.804219 -0.904486 0.0122765 0.426326 0.183082 -0.891629 0.4141 3.39581 4.85843 -0.396918</i>
                        <i>0.364242 0.420097 0.831172 -0.916309 0.00214545 0.400467 0.166452 -0.907477 0.38572 3.39267 4.85678 -0.388458</i>
                        <i>0.33783 0.381935 0.860231 -0.928844 -0.0123619 0.370264 0.152051 -0.924107 0.350582 3.38925 4.85392 -0.377361</i>
                        <i>0.30726 0.338389 0.889429 -0.940752 -0.0328765 0.337498 0.143447 -0.940432 0.308238 3.38536 4.84922 -0.3641</i>
                        <i>0.274699 0.290367 0.91664 -0.950759 -0.0602655 0.304014 0.143517 -0.955016 0.259514 3.38092 4.84251 -0.349682</i>
                        <i>0.24267 0.241944 0.939454 -0.95814 -0.0918758 0.271158 0.151918 -0.965931 0.209521 3.37586 4.83472 -0.335681</i>
                        <i>0.214264 0.198876 0.956315 -0.962549 -0.123502 0.241344 0.166105 -0.972212 0.164966 3.37038 4.8272 -0.32355</i>
                        <i>0.192885 0.167305 0.966853 -0.96414 -0.150744 0.218429 0.182291 -0.974313 0.132229 3.36479 4.82157 -0.314563</i>
                        <i>0.181749 0.153007 0.971368 -0.963544 -0.169525 0.206988 0.196342 -0.973576 0.116618 3.3593 4.81959 -0.30991</i>
                        <i>0.171475 0.149706 0.973748 -0.96497 -0.173692 0.196633 0.198569 -0.973355 0.114678 3.3537 4.823 -0.30783</i>
                        <i>0.153305 0.147091 0.97717 -0.970532 -0.163633 0.176895 0.185917 -0.975494 0.117671 3.34784 4.83111 -0.305764</i>
                        <i>0.130941 0.144483 0.980805 -0.977605 -0.145589 0.151961 0.16475 -0.978738 0.122184 3.34185 4.84209 -0.303742</i>
                        <i>0.108159 0.141545 0.984006 -0.983977 -0.125884 0.126263 0.141742 -0.981895 0.125661 3.33595 4.8542 -0.301847</i>
                        <i>0.0887707 0.13839 0.986391 -0.988324 -0.110883 0.104502 0.123836 -0.984151 0.126931 3.33048 4.86581 -0.300192</i>
                        <i>0.076583 0.135539 0.987808 -0.990049 -0.106971 0.0914344 0.11806 -0.98498 0.125998 3.32583 4.87537 -0.298891</i>
                        <i>0.072893 0.131713 0.988604 -0.989897 -0.11132 0.0878196 0.121618 -0.985018 0.122268 3.32238 4.88374 -0.297432</i>
                        <i>0.0750286 0.126568 0.989116 -0.989073 -0.116789 0.0899696 0.126905 -0.985059 0.116422 3.32005 4.89236 -0.295612</i>
                        <i>0.0807354 0.122132 0.989225 -0.987732 -0.123296 0.0958359 0.133672 -0.984826 0.110679 3.31846 4.90056 -0.293997</i>
                        <i>0.0876843 0.120331 0.988854 -0.986012 -0.130768 0.103345 0.141746 -0.984083 0.107182 3.31718 4.90769 -0.293142</i>
                        <i>0.0934908 0.123016 0.987991 -0.984097 -0.139125 0.110445 0.151041 -0.982604 0.108052 3.31577 4.91304 -0.293594</i>
                        <i>0.095723 0.131964 0.986622 -0.982222 -0.148271 0.115128 0.161481 -0.980103 0.115425 3.31377 4.91593 -0.2959</i>
                        <i>0.0935804 0.152078 0.983928 -0.980372 -0.158176 0.11769 0.173532 -0.975629 0.134291 3.31083 4.91499 -0.301509</i>
                        <i>0.0885186 0.182714 0.979173 -0.978452 -0.168144 0.119829 0.186537 -0.968681 0.163893 3.30726 4.91032 -0.310336</i>
                        <i>0.0816993 0.217323 0.972674 -0.976644 -0.177137 0.12161 0.198725 -0.959892 0.197776 3.30363 4.90341 -0.320587</i>
                        <i>0.0746261 0.249533 0.965487 -0.975143 -0.184299 0.123005 0.208632 -0.950667 0.229577 3.30048 4.89595 -0.330373</i>
                        <i>0.0690511 0.273217 0.959471 -0.97413 -0.188983 0.123921 0.215181 -0.943206 0.2531 3.29829 4.88993 -0.337721</i>
                        <i>0.0668017 0.282433 0.956958 -0.973761 -0.190664 0.124246 0.217548 -0.940148 0.262285 3.29746 4.88746 -0.340615</i>
                    </KeyFrames>
                </p>
            </i>
            <i>
                <p>
                    <Name><![CDATA[spine2]]></Name>
                    <Exclude>0</Exclude>
                    <Additive>0</Additive>
                    <IKPriority>0</IKPriority>
                    <IKRotLimits>-1e+010 -1e+010 -1e+010 1e+010 1e+010 1e+010</IKRotLimits>
                    <IKRotLimitOrder>0</IKRotLimitOrder>
                    <KeyFrames count="49">
                        <i>0.264223 0.122445 0.956657 -0.947448 -0.152536 0.281202 0.180357 -0.980683 0.0757072 3.38903 4.9298 -0.144508</i>
                        <i>0.320548 0.249108 0.91389 -0.943121 -0.00585707 0.332397 0.0881556 -0.968458 0.233062 3.42469 4.9488 -0.179703</i>
                        <i>0.419105 0.362551 0.832411 -0.907937 0.167831 0.384035 -0.00047203 -0.916728 0.399512 3.48353 4.94847 -0.223642</i>
                        <i>0.477996 0.468078 0.743251 -0.878177 0.272019 0.393459 -0.0180088 -0.840778 0.54108 3.51313 4.95699 -0.264723</i>
                        <i>0.48037 0.570568 0.666106 -0.877012 0.304071 0.372009 0.00971317 -0.762885 0.646461 3.50972 4.98682 -0.298246</i>
                        <i>0.478566 0.617017 0.624712 -0.8774 0.308626 0.367315 0.0338374 -0.723906 0.689068 3.50734 5.01718 -0.315224</i>
                        <i>0.477556 0.616325 0.626166 -0.876981 0.291119 0.3823 0.0533322 -0.731705 0.679532 3.50725 5.04416 -0.315489</i>
                        <i>0.476118 0.610749 0.632691 -0.876123 0.267574 0.401014 0.0756268 -0.745245 0.662488 3.50662 5.06653 -0.313791</i>
                        <i>0.474781 0.601042 0.642909 -0.87439 0.239025 0.422267 0.10013 -0.762637 0.63903 3.50561 5.0773 -0.310447</i>
                        <i>0.474016 0.587938 0.655468 -0.871431 0.206581 0.444896 0.126165 -0.782082 0.61027 3.50436 5.07532 -0.305787</i>
                        <i>0.474178 0.572196 0.669139 -0.867037 0.171428 0.467825 0.152978 -0.802 0.577402 3.503 5.06585 -0.300151</i>
                        <i>0.475464 0.554615 0.682888 -0.861172 0.134801 0.490114 0.17977 -0.821116 0.541712 3.50164 5.05146 -0.293881</i>
                        <i>0.477882 0.536032 0.695916 -0.85399 0.0979452 0.510988 0.205744 -0.838496 0.504572 3.50034 5.03476 -0.287304</i>
                        <i>0.481256 0.517296 0.707671 -0.845827 0.0620742 0.529834 0.230153 -0.853553 0.467416 3.4991 5.01839 -0.280724</i>
                        <i>0.485236 0.499241 0.717847 -0.83718 0.0283374 0.546192 0.25234 -0.866 0.431705 3.49789 5.00503 -0.274412</i>
                        <i>0.489328 0.482672 0.726351 -0.828677 -0.00219688 0.559723 0.271759 -0.875798 0.398904 3.49664 4.99449 -0.2686</i>
                        <i>0.492936 0.468351 0.733254 -0.821029 -0.0285419 0.570173 0.28797 -0.883081 0.37046 3.49524 4.98497 -0.263482</i>
                        <i>0.495402 0.457 0.738734 -0.814991 -0.0497732 0.577332 0.30061 -0.888073 0.347793 3.49358 4.97677 -0.25922</i>
                        <i>0.496068 0.44932 0.742986 -0.81131 -0.0649954 0.580992 0.309342 -0.891004 0.332295 3.49151 4.97017 -0.25596</i>
                        <i>0.494324 0.446018 0.746131 -0.81067 -0.0732957 0.580897 0.313779 -0.892018 0.325342 3.48894 4.96546 -0.253851</i>
                        <i>0.493087 0.425932 0.758582 -0.814772 -0.0795786 0.574294 0.304977 -0.901249 0.307799 3.48545 4.96139 -0.250416</i>
                        <i>0.49289 0.373981 0.785619 -0.823959 -0.089482 0.55954 0.279556 -0.923109 0.26404 3.48076 4.95637 -0.243199</i>
                        <i>0.489113 0.300035 0.818992 -0.836821 -0.103369 0.53763 0.245967 -0.948311 0.200516 3.47486 4.95006 -0.232318</i>
                        <i>0.478366 0.214848 0.851473 -0.851926 -0.121694 0.509326 0.213047 -0.969036 0.12482 3.46758 4.94191 -0.218016</i>
                        <i>0.459633 0.130121 0.878525 -0.867745 -0.144821 0.475443 0.189094 -0.980865 0.0463471 3.45876 4.93124 -0.20094</i>
                        <i>0.433921 0.0579822 0.899083 -0.882619 -0.172928 0.437127 0.180822 -0.983226 -0.0238611 3.44842 4.91741 -0.182283</i>
                        <i>0.403261 0.00777205 0.915052 -0.89492 -0.205416 0.396133 0.191045 -0.978644 -0.075881 3.43694 4.90047 -0.163701</i>
                        <i>0.370698 -0.0217421 0.928499 -0.903627 -0.239411 0.355162 0.214571 -0.970675 -0.108396 3.42492 4.8824 -0.147021</i>
                        <i>0.339597 -0.0341153 0.939952 -0.908317 -0.271353 0.318319 0.2442 -0.961875 -0.123138 3.41331 4.86585 -0.133583</i>
                        <i>0.314061 -0.0329015 0.948833 -0.909312 -0.297778 0.290654 0.272979 -0.954068 -0.123438 3.40316 4.85368 -0.124257</i>
                        <i>0.299057 -0.0217708 0.953987 -0.90752 -0.315464 0.277291 0.294912 -0.948688 -0.114099 3.39531 4.84876 -0.119718</i>
                        <i>0.2836 -0.00763013 0.958912 -0.9102 -0.316894 0.266672 0.301839 -0.94843 -0.0968161 3.38762 4.85146 -0.117636</i>
                        <i>0.25721 0.00482781 0.966343 -0.921018 -0.301479 0.246652 0.292523 -0.953461 -0.0730969 3.37812 4.85901 -0.115298</i>
                        <i>0.225604 0.015195 0.974101 -0.935267 -0.276528 0.220923 0.272723 -0.960886 -0.0481743 3.36768 4.86944 -0.112904</i>
                        <i>0.194208 0.0231681 0.980687 -0.948781 -0.249522 0.193784 0.249193 -0.968092 -0.0264778 3.35728 4.88094 -0.110666</i>
                        <i>0.168233 0.0286479 0.985331 -0.9586 -0.228216 0.170304 0.229747 -0.973189 -0.0109316 3.34798 4.8919 -0.108762</i>
                        <i>0.152714 0.0318119 0.987758 -0.962824 -0.22056 0.155963 0.222821 -0.974855 -0.00305341 3.34093 4.90089 -0.107328</i>
                        <i>0.148022 0.031918 0.988469 -0.962902 -0.223374 0.151406 0.225631 -0.97421 -0.00233032 3.33677 4.90852 -0.105803</i>
                        <i>0.14972 0.0295146 0.988288 -0.961657 -0.227952 0.152494 0.229783 -0.973225 -0.00574606 3.33485 4.91613 -0.103945</i>
                        <i>0.155494 0.0268246 0.987472 -0.959407 -0.233993 0.157431 0.235285 -0.971868 -0.0106489 3.33436 4.92348 -0.102344</i>
                        <i>0.162963 0.0259652 0.986291 -0.956447 -0.241221 0.164383 0.242182 -0.970123 -0.0144758 3.33443 4.93025 -0.101574</i>
                        <i>0.169705 0.0289766 0.985069 -0.9531 -0.249352 0.171533 0.250599 -0.967979 -0.0146988 3.33415 4.93613 -0.102186</i>
                        <i>0.173256 0.0378331 0.98415 -0.949749 -0.25808 0.177121 0.26069 -0.965383 -0.00878192 3.33259 4.94075 -0.104731</i>
                        <i>0.172812 0.0576822 0.983264 -0.946378 -0.266924 0.181988 0.272954 -0.96199 0.00846153 3.32925 4.94372 -0.11082</i>
                        <i>0.16968 0.0880761 0.981556 -0.942925 -0.275074 0.187685 0.286531 -0.95738 0.0363746 3.32472 4.945 -0.120513</i>
                        <i>0.164762 0.122566 0.978688 -0.939755 -0.281813 0.1935 0.299523 -0.951609 0.0687498 3.31979 4.94481 -0.131964</i>
                        <i>0.159311 0.154798 0.975017 -0.937198 -0.286702 0.19865 0.31029 -0.945431 0.0994012 3.31528 4.94361 -0.143091</i>
                        <i>0.154857 0.17858 0.971663 -0.935517 -0.289609 0.202323 0.317534 -0.940338 0.122217 3.31201 4.94219 -0.151566</i>
                        <i>0.153025 0.187853 0.970203 -0.934914 -0.290575 0.203721 0.320186 -0.938231 0.131161 3.31075 4.9415 -0.154932</i>
                    </KeyFrames>
                </p>
            </i>
            <i>
                <p>
                    <Name><![CDATA[head]]></Name>
                    <Exclude>0</Exclude>
                    <Additive>0</Additive>
                    <IKPriority>0</IKPriority>
                    <IKRotLimits>-1e+010 -1e+010 -1e+010 1e+010 1e+010 1e+010</IKRotLimits>
                    <IKRotLimitOrder>0</IKRotLimitOrder>
                    <KeyFrames count="49">
                        <i>0.210464 0.861059 0.462907 -0.075136 0.486359 -0.870522 -0.97471 0.148433 0.167058 3.46389 4.98461 0.111786</i>
                        <i>0.346181 0.766214 0.541363 0.0147094 0.572539 -0.819745 -0.938052 0.291744 0.186932 3.51478 5.0392 0.0624023</i>
                        <i>0.470932 0.646673 0.600031 0.14721 0.613032 -0.776222 -0.8698 0.453878 0.1935 3.59995 5.07008 -0.00760798</i>
                        <i>0.510885 0.644603 0.568756 0.200376 0.554097 -0.807976 -0.83597 0.526748 0.153917 3.64384 5.10672 -0.0773078</i>
                        <i>0.497009 0.73161 0.466614 0.171416 0.444359 -0.879296 -0.850646 0.517003 0.0954406 3.63866 5.16274 -0.135825</i>
                        <i>0.48606 0.770341 0.4127 0.148091 0.392805 -0.90762 -0.861287 0.502275 0.0768459 3.63454 5.2048 -0.165894</i>
                        <i>0.482832 0.773507 0.410561 0.128336 0.401268 -0.906926 -0.866258 0.490582 0.0944757 3.63427 5.23232 -0.165723</i>
                        <i>0.479894 0.772827 0.415258 0.106432 0.418543 -0.901939 -0.870846 0.477032 0.118602 3.63348 5.25402 -0.161894</i>
                        <i>0.477701 0.768653 0.425412 0.0827419 0.442718 -0.892835 -0.874617 0.461707 0.147887 3.63244 5.26304 -0.155117</i>
                        <i>0.476652 0.761297 0.439579 0.0576879 0.471872 -0.879778 -0.877197 0.444706 0.181001 3.63141 5.25836 -0.146128</i>
                        <i>0.477035 0.75113 0.456335 0.0317821 0.504138 -0.863038 -0.87831 0.426202 0.216619 3.6306 5.24539 -0.135658</i>
                        <i>0.478974 0.738632 0.474349 0.00562823 0.537771 -0.843072 -0.877811 0.406479 0.253421 3.63013 5.22685 -0.124399</i>
                        <i>0.482406 0.724414 0.492452 -0.0200947 0.571197 -0.820567 -0.875717 0.385951 0.290106 3.63003 5.20557 -0.112972</i>
                        <i>0.487069 0.709212 0.509688 -0.0446643 0.603055 -0.796448 -0.87222 0.365161 0.325406 3.63025 5.18441 -0.101908</i>
                        <i>0.492512 0.693858 0.52535 -0.067352 0.632216 -0.771859 -0.867695 0.344767 0.358107 3.63064 5.16629 -0.0916286</i>
                        <i>0.498123 0.679242 0.538984 -0.0874551 0.657775 -0.74812 -0.862685 0.325519 0.387056 3.63096 5.15128 -0.0824462</i>
                        <i>0.503172 0.666275 0.550359 -0.104316 0.679024 -0.726667 -0.857867 0.308228 0.411169 3.63094 5.13783 -0.0745739</i>
                        <i>0.506864 0.655863 0.559405 -0.11732 0.695388 -0.708993 -0.854005 0.293733 0.429413 3.63024 5.12647 -0.068153</i>
                        <i>0.508396 0.648882 0.566114 -0.125877 0.706351 -0.696579 -0.851873 0.282877 0.440786 3.62854 5.11774 -0.0632953</i>
                        <i>0.507027 0.64618 0.570416 -0.129371 0.711345 -0.690834 -0.852166 0.276477 0.444268 3.62554 5.11212 -0.0601394</i>
                        <i>0.478735 0.676268 0.559888 -0.151217 0.691698 -0.706178 -0.864839 0.253407 0.433403 3.62272 5.10188 -0.0519362</i>
                        <i>0.411367 0.740724 0.531136 -0.186285 0.638749 -0.746523 -0.89223 0.208153 0.400747 3.62043 5.08052 -0.0340757</i>
                        <i>0.330967 0.802426 0.496562 -0.196179 0.573231 -0.795563 -0.923025 0.16589 0.347139 3.61641 5.0504 -0.010152</i>
                        <i>0.272409 0.835951 0.476423 -0.171891 0.529464 -0.830735 -0.946703 0.144407 0.287924 3.60873 5.01436 0.0164266</i>
                        <i>0.257706 0.824232 0.504212 -0.133813 0.547254 -0.8262 -0.956913 0.145446 0.251324 3.59641 4.97602 0.0429697</i>
                        <i>0.274339 0.768038 0.578667 -0.101089 0.621454 -0.776901 -0.956305 0.154637 0.24813 3.57961 4.93954 0.0678515</i>
                        <i>0.292629 0.696439 0.655241 -0.0771435 0.700197 -0.70977 -0.953109 0.157152 0.258624 3.55932 4.90856 0.090353</i>
                        <i>0.306524 0.623906 0.718877 -0.0592343 0.766271 -0.639782 -0.950018 0.153526 0.271837 3.53728 4.88416 0.109775</i>
                        <i>0.31367 0.565123 0.763051 -0.0458941 0.811691 -0.582281 -0.948422 0.147624 0.280539 3.51564 4.86703 0.125182</i>
                        <i>0.311397 0.535096 0.785305 -0.0399311 0.833032 -0.551782 -0.94944 0.140465 0.280771 3.4969 4.85808 0.135729</i>
                        <i>0.296445 0.547179 0.782762 -0.0473922 0.827021 -0.56017 -0.953873 0.128963 0.271098 3.48368 4.85836 0.140749</i>
                        <i>0.265899 0.608232 0.747898 -0.0629331 0.785125 -0.616132 -0.961945 0.116761 0.247042 3.47077 4.86643 0.143633</i>
                        <i>0.225331 0.699027 0.678666 -0.072252 0.706651 -0.703863 -0.971599 0.109567 0.209737 3.45306 4.87874 0.147556</i>
                        <i>0.183823 0.792448 0.58158 -0.0707976 0.600799 -0.796259 -0.980406 0.105196 0.166544 3.4331 4.89319 0.151648</i>
                        <i>0.149113 0.868002 0.473643 -0.0599086 0.486048 -0.871876 -0.987004 0.101633 0.124477 3.41339 4.90787 0.155283</i>
                        <i>0.124326 0.9162 0.380947 -0.0457218 0.388808 -0.920184 -0.991188 0.0969848 0.0902291 3.39644 4.9211 0.158107</i>
                        <i>0.107781 0.936814 0.332812 -0.0360148 0.338221 -0.940377 -0.993522 0.0893689 0.0701931 3.38473 4.93145 0.159961</i>
                        <i>0.0965535 0.940668 0.325302 -0.0340465 0.32976 -0.943451 -0.994745 0.0800181 0.0638659 3.37895 4.9394 0.161565</i>
                        <i>0.0889625 0.938732 0.332969 -0.0370945 0.337185 -0.940707 -0.995344 0.0713364 0.0648186 3.37721 4.94657 0.163353</i>
                        <i>0.0839743 0.932388 0.351569 -0.0434803 0.355908 -0.933509 -0.995519 0.0631044 0.0704277 3.37805 4.9533 0.164757</i>
                        <i>0.0806223 0.92279 0.376774 -0.0513033 0.381345 -0.923008 -0.995424 0.0550853 0.0780871 3.37995 4.95988 0.165227</i>
                        <i>0.0777045 0.9113 0.404345 -0.0586324 0.409046 -0.910628 -0.995251 0.0470522 0.0852164 3.38132 4.96657 0.164252</i>
                        <i>0.0736624 0.899697 0.430254 -0.0636141 0.434787 -0.898284 -0.995252 0.0387995 0.0892609 3.38056 4.97353 0.161321</i>
                        <i>0.0670079 0.89166 0.447719 -0.0662735 0.451714 -0.889698 -0.995549 0.0299449 0.0893618 3.37691 4.98178 0.154633</i>
                        <i>0.05839 0.88867 0.454814 -0.0679034 0.458072 -0.886318 -0.995982 0.0208687 0.0870905 3.37134 4.99116 0.143895</i>
                        <i>0.049263 0.889227 0.454806 -0.0685953 0.457296 -0.886665 -0.996427 0.0124822 0.0835246 3.36488 5.00015 0.130995</i>
                        <i>0.04107 0.89165 0.450859 -0.0685425 0.452691 -0.889029 -0.996803 0.00560938 0.0797079 3.35875 5.00753 0.118241</i>
                        <i>0.0351868 0.894272 0.446138 -0.068121 0.447523 -0.891674 -0.997056 0.000983765 0.0766655 3.35418 5.01242 0.10839</i>
                        <i>0.0329324 0.895496 0.443849 -0.0678561 0.445069 -0.892922 -0.997151 -0.000711876 0.075422 3.3524 5.0142 0.104445</i>
                    </KeyFrames>
                </p>
            </i>
            <i>
                <p>
                    <Name><![CDATA[head_prop]]></Name>
                    <Exclude>0</Exclude>
                    <Additive>0</Additive>
                    <IKPriority>0</IKPriority>
                    <IKRotLimits>-1e+010 -1e+010 -1e+010 1e+010 1e+010 1e+010</IKRotLimits>
                    <IKRotLimitOrder>0</IKRotLimitOrder>
                    <KeyFrames count="49">
                        <i>0.97471 -0.148433 -0.167058 0.210464 0.861059 0.462907 0.075136 -0.486359 0.870522 3.53249 5.26523 0.262651</i>
                        <i>0.945961 -0.27042 -0.178971 0.324071 0.808154 0.491798 0.011644 -0.523221 0.852117 3.61244 5.34516 0.199761</i>
                        <i>0.893186 -0.412929 -0.178069 0.44319 0.741253 0.50411 -0.0761677 -0.529182 0.845083 3.74742 5.40209 0.117632</i>
                        <i>0.868171 -0.47638 -0.139071 0.484801 0.754245 0.442812 -0.106053 -0.451859 0.885763 3.81488 5.46043 0.0132218</i>
                        <i>0.873726 -0.478005 -0.0900758 0.475575 0.800591 0.36453 -0.102134 -0.361338 0.926825 3.79959 5.49703 -0.0678793</i>
                        <i>0.869269 -0.488468 -0.0759573 0.478648 0.793279 0.376304 -0.123557 -0.363467 0.923377 3.79136 5.4875 -0.0628385</i>
                        <i>0.866258 -0.490582 -0.0944757 0.482832 0.773507 0.410561 -0.128336 -0.401268 0.906926 3.79163 5.48441 -0.0319171</i>
                        <i>0.870846 -0.477032 -0.118602 0.479894 0.772827 0.415258 -0.106432 -0.418543 0.901939 3.78988 5.50589 -0.0265573</i>
                        <i>0.874617 -0.461707 -0.147887 0.477701 0.768653 0.425412 -0.0827419 -0.442718 0.892835 3.78813 5.51355 -0.0164711</i>
                        <i>0.877197 -0.444706 -0.181001 0.476652 0.761297 0.439579 -0.0576879 -0.471872 0.879778 3.78676 5.50648 -0.00286539</i>
                        <i>0.87831 -0.426202 -0.216619 0.477035 0.75113 0.456335 -0.0317821 -0.504138 0.863038 3.78607 5.49019 0.0130653</i>
                        <i>0.877811 -0.406479 -0.253421 0.478974 0.738632 0.474349 -0.00562823 -0.537771 0.843072 3.78623 5.46758 0.0301958</i>
                        <i>0.875717 -0.385951 -0.290106 0.482406 0.724414 0.492452 0.0200947 -0.571197 0.820567 3.78725 5.44166 0.0475224</i>
                        <i>0.87222 -0.365161 -0.325406 0.487069 0.709212 0.509688 0.0446643 -0.603055 0.796448 3.78899 5.41555 0.0642039</i>
                        <i>0.867695 -0.344767 -0.358107 0.492512 0.693858 0.52535 0.067352 -0.632216 0.771859 3.79115 5.39243 0.0795878</i>
                        <i>0.862685 -0.325519 -0.387056 0.498123 0.679242 0.538984 0.0874551 -0.657775 0.74812 3.79331 5.37265 0.0932136</i>
