<?xml version="1.0" encoding="ISO-8859-1" ?>
<Animl Version="1">
    <ModellingPackage>
        <![CDATA[Maya.2010]]>
</ModellingPackage>
    <SrcFile>
        <![CDATA[anims\turrets\antiair\blue\~src\aa_chaparral\aa_chaparral_idle_crewman_c.mb]]>
</SrcFile>
    <FramesPerSecond>30</FramesPerSecond>
    <TotalFrames>97</TotalFrames>
    <Skeleton>
        <RefFrame>
            <Name>
                <![CDATA[soldier_ref_frame]]>
</Name>
            <Exclude>0</Exclude>
            <Additive>0</Additive>
            <IKPriority>0</IKPriority>
            <IKRotLimits>-1e+010 -1e+010 -1e+010 1e+010 1e+010 1e+010</IKRotLimits>
            <IKRotLimitOrder>0</IKRotLimitOrder>
            <KeyFrames count="97">
                <i>1 0 0 0 1 0 0 0 1 3.27 4.06 -0.52</i>
                <i>1 0 0 0 1 0 0 0 1 3.27 4.06 -0.52</i>
                <i>1 0 0 0 1 0 0 0 1 3.27 4.06 -0.52</i>
                <i>1 0 0 0 1 0 0 0 1 3.27 4.06 -0.52</i>
                <i>1 0 0 0 1 0 0 0 1 3.27 4.06 -0.52</i>
                <i>1 0 0 0 1 0 0 0 1 3.27 4.06 -0.52</i>
                <i>1 0 0 0 1 0 0 0 1 3.27 4.06 -0.52</i>
                <i>1 0 0 0 1 0 0 0 1 3.27 4.06 -0.52</i>
                <i>1 0 0 0 1 0 0 0 1 3.27 4.06 -0.52</i>
                <i>1 0 0 0 1 0 0 0 1 3.27 4.06 -0.52</i>
                <i>1 0 0 0 1 0 0 0 1 3.27 4.06 -0.52</i>
                <i>1 0 0 0 1 0 0 0 1 3.27 4.06 -0.52</i>
                <i>1 0 0 0 1 0 0 0 1 3.27 4.06 -0.52</i>
                <i>1 0 0 0 1 0 0 0 1 3.27 4.06 -0.52</i>
                <i>1 0 0 0 1 0 0 0 1 3.27 4.06 -0.52</i>
                <i>1 0 0 0 1 0 0 0 1 3.27 4.06 -0.52</i>
                <i>1 0 0 0 1 0 0 0 1 3.27 4.06 -0.52</i>
                <i>1 0 0 0 1 0 0 0 1 3.27 4.06 -0.52</i>
                <i>1 0 0 0 1 0 0 0 1 3.27 4.06 -0.52</i>
                <i>1 0 0 0 1 0 0 0 1 3.27 4.06 -0.52</i>
                <i>1 0 0 0 1 0 0 0 1 3.27 4.06 -0.52</i>
                <i>1 0 0 0 1 0 0 0 1 3.27 4.06 -0.52</i>
                <i>1 0 0 0 1 0 0 0 1 3.27 4.06 -0.52</i>
                <i>1 0 0 0 1 0 0 0 1 3.27 4.06 -0.52</i>
                <i>1 0 0 0 1 0 0 0 1 3.27 4.06 -0.52</i>
                <i>1 0 0 0 1 0 0 0 1 3.27 4.06 -0.52</i>
                <i>1 0 0 0 1 0 0 0 1 3.27 4.06 -0.52</i>
                <i>1 0 0 0 1 0 0 0 1 3.27 4.06 -0.52</i>
                <i>1 0 0 0 1 0 0 0 1 3.27 4.06 -0.52</i>
                <i>1 0 0 0 1 0 0 0 1 3.27 4.06 -0.52</i>
                <i>1 0 0 0 1 0 0 0 1 3.27 4.06 -0.52</i>
                <i>1 0 0 0 1 0 0 0 1 3.27 4.06 -0.52</i>
                <i>1 0 0 0 1 0 0 0 1 3.27 4.06 -0.52</i>
                <i>1 0 0 0 1 0 0 0 1 3.27 4.06 -0.52</i>
                <i>1 0 0 0 1 0 0 0 1 3.27 4.06 -0.52</i>
                <i>1 0 0 0 1 0 0 0 1 3.27 4.06 -0.52</i>
                <i>1 0 0 0 1 0 0 0 1 3.27 4.06 -0.52</i>
                <i>1 0 0 0 1 0 0 0 1 3.27 4.06 -0.52</i>
                <i>1 0 0 0 1 0 0 0 1 3.27 4.06 -0.52</i>
                <i>1 0 0 0 1 0 0 0 1 3.27 4.06 -0.52</i>
                <i>1 0 0 0 1 0 0 0 1 3.27 4.06 -0.52</i>
                <i>1 0 0 0 1 0 0 0 1 3.27 4.06 -0.52</i>
                <i>1 0 0 0 1 0 0 0 1 3.27 4.06 -0.52</i>
                <i>1 0 0 0 1 0 0 0 1 3.27 4.06 -0.52</i>
                <i>1 0 0 0 1 0 0 0 1 3.27 4.06 -0.52</i>
                <i>1 0 0 0 1 0 0 0 1 3.27 4.06 -0.52</i>
                <i>1 0 0 0 1 0 0 0 1 3.27 4.06 -0.52</i>
                <i>1 0 0 0 1 0 0 0 1 3.27 4.06 -0.52</i>
                <i>1 0 0 0 1 0 0 0 1 3.27 4.06 -0.52</i>
                <i>1 0 0 0 1 0 0 0 1 3.27 4.06 -0.52</i>
                <i>1 0 0 0 1 0 0 0 1 3.27 4.06 -0.52</i>
                <i>1 0 0 0 1 0 0 0 1 3.27 4.06 -0.52</i>
                <i>1 0 0 0 1 0 0 0 1 3.27 4.06 -0.52</i>
                <i>1 0 0 0 1 0 0 0 1 3.27 4.06 -0.52</i>
                <i>1 0 0 0 1 0 0 0 1 3.27 4.06 -0.52</i>
                <i>1 0 0 0 1 0 0 0 1 3.27 4.06 -0.52</i>
                <i>1 0 0 0 1 0 0 0 1 3.27 4.06 -0.52</i>
                <i>1 0 0 0 1 0 0 0 1 3.27 4.06 -0.52</i>
                <i>1 0 0 0 1 0 0 0 1 3.27 4.06 -0.52</i>
                <i>1 0 0 0 1 0 0 0 1 3.27 4.06 -0.52</i>
                <i>1 0 0 0 1 0 0 0 1 3.27 4.06 -0.52</i>
                <i>1 0 0 0 1 0 0 0 1 3.27 4.06 -0.52</i>
                <i>1 0 0 0 1 0 0 0 1 3.27 4.06 -0.52</i>
                <i>1 0 0 0 1 0 0 0 1 3.27 4.06 -0.52</i>
                <i>1 0 0 0 1 0 0 0 1 3.27 4.06 -0.52</i>
                <i>1 0 0 0 1 0 0 0 1 3.27 4.06 -0.52</i>
                <i>1 0 0 0 1 0 0 0 1 3.27 4.06 -0.52</i>
                <i>1 0 0 0 1 0 0 0 1 3.27 4.06 -0.52</i>
                <i>1 0 0 0 1 0 0 0 1 3.27 4.06 -0.52</i>
                <i>1 0 0 0 1 0 0 0 1 3.27 4.06 -0.52</i>
                <i>1 0 0 0 1 0 0 0 1 3.27 4.06 -0.52</i>
                <i>1 0 0 0 1 0 0 0 1 3.27 4.06 -0.52</i>
                <i>1 0 0 0 1 0 0 0 1 3.27 4.06 -0.52</i>
                <i>1 0 0 0 1 0 0 0 1 3.27 4.06 -0.52</i>
                <i>1 0 0 0 1 0 0 0 1 3.27 4.06 -0.52</i>
                <i>1 0 0 0 1 0 0 0 1 3.27 4.06 -0.52</i>
                <i>1 0 0 0 1 0 0 0 1 3.27 4.06 -0.52</i>
                <i>1 0 0 0 1 0 0 0 1 3.27 4.06 -0.52</i>
                <i>1 0 0 0 1 0 0 0 1 3.27 4.06 -0.52</i>
                <i>1 0 0 0 1 0 0 0 1 3.27 4.06 -0.52</i>
                <i>1 0 0 0 1 0 0 0 1 3.27 4.06 -0.52</i>
                <i>1 0 0 0 1 0 0 0 1 3.27 4.06 -0.52</i>
                <i>1 0 0 0 1 0 0 0 1 3.27 4.06 -0.52</i>
                <i>1 0 0 0 1 0 0 0 1 3.27 4.06 -0.52</i>
                <i>1 0 0 0 1 0 0 0 1 3.27 4.06 -0.52</i>
                <i>1 0 0 0 1 0 0 0 1 3.27 4.06 -0.52</i>
                <i>1 0 0 0 1 0 0 0 1 3.27 4.06 -0.52</i>
                <i>1 0 0 0 1 0 0 0 1 3.27 4.06 -0.52</i>
                <i>1 0 0 0 1 0 0 0 1 3.27 4.06 -0.52</i>
                <i>1 0 0 0 1 0 0 0 1 3.27 4.06 -0.52</i>
                <i>1 0 0 0 1 0 0 0 1 3.27 4.06 -0.52</i>
                <i>1 0 0 0 1 0 0 0 1 3.27 4.06 -0.52</i>
                <i>1 0 0 0 1 0 0 0 1 3.27 4.06 -0.52</i>
                <i>1 0 0 0 1 0 0 0 1 3.27 4.06 -0.52</i>
                <i>1 0 0 0 1 0 0 0 1 3.27 4.06 -0.52</i>
                <i>1 0 0 0 1 0 0 0 1 3.27 4.06 -0.52</i>
                <i>1 0 0 0 1 0 0 0 1 3.27 4.06 -0.52</i>
            </KeyFrames>
        </RefFrame>
        <Bones count="23">
            <i>
                <p>
                    <Name>
                        <![CDATA[pelvis]]>
</Name>
                    <Exclude>0</Exclude>
                    <Additive>0</Additive>
                    <IKPriority>0</IKPriority>
                    <IKRotLimits>-1e+010 -1e+010 -1e+010 1e+010 1e+010 1e+010</IKRotLimits>
                    <IKRotLimitOrder>2</IKRotLimitOrder>
                    <KeyFrames count="97">
                        <i>1 0 0 0 1 0 0 0 1 3.334 4.58939 -0.419643</i>
                        <i>1 0 0 0 1 0 0 0 1 3.334 4.58926 -0.419643</i>
                        <i>1 0 0 0 1 0 0 0 1 3.334 4.58916 -0.419643</i>
                        <i>1 0 0 0 1 0 0 0 1 3.334 4.5891 -0.419643</i>
                        <i>1 0 0 0 1 0 0 0 1 3.334 4.58908 -0.419643</i>
                        <i>1 0 0 0 1 0 0 0 1 3.334 4.5891 -0.419643</i>
                        <i>1 0 0 0 1 0 0 0 1 3.334 4.58916 -0.419643</i>
                        <i>1 0 0 0 1 0 0 0 1 3.334 4.58926 -0.419643</i>
                        <i>1 0 0 0 1 0 0 0 1 3.334 4.58939 -0.419643</i>
                        <i>1 0 0 0 1 0 0 0 1 3.334 4.58955 -0.419643</i>
                        <i>1 0 0 0 1 0 0 0 1 3.334 4.58973 -0.419643</i>
                        <i>1 0 0 0 1 0 0 0 1 3.334 4.58994 -0.419643</i>
                        <i>1 0 0 0 1 0 0 0 1 3.334 4.59016 -0.419643</i>
                        <i>1 0 0 0 1 0 0 0 1 3.334 4.5904 -0.419643</i>
                        <i>1 0 0 0 1 0 0 0 1 3.334 4.59065 -0.419643</i>
                        <i>1 0 0 0 1 0 0 0 1 3.334 4.59091 -0.419643</i>
                        <i>1 0 0 0 1 0 0 0 1 3.334 4.59117 -0.419643</i>
                        <i>1 0 0 0 1 0 0 0 1 3.334 4.59143 -0.419643</i>
                        <i>1 0 0 0 1 0 0 0 1 3.334 4.59169 -0.419643</i>
                        <i>1 0 0 0 1 0 0 0 1 3.334 4.59194 -0.419643</i>
                        <i>1 0 0 0 1 0 0 0 1 3.334 4.59218 -0.419643</i>
                        <i>1 0 0 0 1 0 0 0 1 3.334 4.5924 -0.419643</i>
                        <i>1 0 0 0 1 0 0 0 1 3.334 4.59261 -0.419643</i>
                        <i>1 0 0 0 1 0 0 0 1 3.334 4.59279 -0.419643</i>
                        <i>1 0 0 0 1 0 0 0 1 3.334 4.59295 -0.419643</i>
                        <i>1 0 0 0 1 0 0 0 1 3.334 4.59308 -0.419643</i>
                        <i>1 0 0 0 1 0 0 0 1 3.334 4.59318 -0.419643</i>
                        <i>1 0 0 0 1 0 0 0 1 3.334 4.59324 -0.419643</i>
                        <i>1 0 0 0 1 0 0 0 1 3.334 4.59326 -0.419643</i>
                        <i>1 0 0 0 1 0 0 0 1 3.334 4.59324 -0.419643</i>
                        <i>1 0 0 0 1 0 0 0 1 3.334 4.59318 -0.419643</i>
                        <i>1 0 0 0 1 0 0 0 1 3.334 4.59308 -0.419643</i>
                        <i>1 0 0 0 1 0 0 0 1 3.334 4.59295 -0.419643</i>
                        <i>1 0 0 0 1 0 0 0 1 3.334 4.59279 -0.419643</i>
                        <i>1 0 0 0 1 0 0 0 1 3.334 4.59261 -0.419643</i>
                        <i>1 0 0 0 1 0 0 0 1 3.334 4.5924 -0.419643</i>
                        <i>1 0 0 0 1 0 0 0 1 3.334 4.59218 -0.419643</i>
                        <i>1 0 0 0 1 0 0 0 1 3.334 4.59194 -0.419643</i>
                        <i>1 0 0 0 1 0 0 0 1 3.334 4.59169 -0.419643</i>
                        <i>1 0 0 0 1 0 0 0 1 3.334 4.59143 -0.419643</i>
                        <i>1 0 0 0 1 0 0 0 1 3.334 4.59117 -0.419643</i>
                        <i>1 0 0 0 1 0 0 0 1 3.334 4.59091 -0.419643</i>
                        <i>1 0 0 0 1 0 0 0 1 3.334 4.59065 -0.419643</i>
                        <i>1 0 0 0 1 0 0 0 1 3.334 4.5904 -0.419643</i>
                        <i>1 0 0 0 1 0 0 0 1 3.334 4.59016 -0.419643</i>
                        <i>1 0 0 0 1 0 0 0 1 3.334 4.58994 -0.419643</i>
                        <i>1 0 0 0 1 0 0 0 1 3.334 4.58973 -0.419643</i>
                        <i>1 0 0 0 1 0 0 0 1 3.334 4.58955 -0.419643</i>
                        <i>1 0 0 0 1 0 0 0 1 3.334 4.58939 -0.419643</i>
                        <i>1 0 0 0 1 0 0 0 1 3.334 4.58926 -0.419643</i>
                        <i>1 0 0 0 1 0 0 0 1 3.334 4.58916 -0.419643</i>
                        <i>1 0 0 0 1 0 0 0 1 3.334 4.5891 -0.419643</i>
                        <i>1 0 0 0 1 0 0 0 1 3.334 4.58908 -0.419643</i>
                        <i>1 0 0 0 1 0 0 0 1 3.334 4.5891 -0.419643</i>
                        <i>1 0 0 0 1 0 0 0 1 3.334 4.58916 -0.419643</i>
                        <i>1 0 0 0 1 0 0 0 1 3.334 4.58926 -0.419643</i>
                        <i>1 0 0 0 1 0 0 0 1 3.334 4.58939 -0.419643</i>
                        <i>1 0 0 0 1 0 0 0 1 3.334 4.58955 -0.419643</i>
                        <i>1 0 0 0 1 0 0 0 1 3.334 4.58973 -0.419643</i>
                        <i>1 0 0 0 1 0 0 0 1 3.334 4.58994 -0.419643</i>
                        <i>1 0 0 0 1 0 0 0 1 3.334 4.59016 -0.419643</i>
                        <i>1 0 0 0 1 0 0 0 1 3.334 4.5904 -0.419643</i>
                        <i>1 0 0 0 1 0 0 0 1 3.334 4.59065 -0.419643</i>
                        <i>1 0 0 0 1 0 0 0 1 3.334 4.59091 -0.419643</i>
                        <i>1 0 0 0 1 0 0 0 1 3.334 4.59117 -0.419643</i>
                        <i>1 0 0 0 1 0 0 0 1 3.334 4.59143 -0.419643</i>
                        <i>1 0 0 0 1 0 0 0 1 3.334 4.59169 -0.419643</i>
                        <i>1 0 0 0 1 0 0 0 1 3.334 4.59194 -0.419643</i>
                        <i>1 0 0 0 1 0 0 0 1 3.334 4.59218 -0.419643</i>
                        <i>1 0 0 0 1 0 0 0 1 3.334 4.5924 -0.419643</i>
                        <i>1 0 0 0 1 0 0 0 1 3.334 4.59261 -0.419643</i>
                        <i>1 0 0 0 1 0 0 0 1 3.334 4.59279 -0.419643</i>
                        <i>1 0 0 0 1 0 0 0 1 3.334 4.59295 -0.419643</i>
                        <i>1 0 0 0 1 0 0 0 1 3.334 4.59308 -0.419643</i>
                        <i>1 0 0 0 1 0 0 0 1 3.334 4.59318 -0.419643</i>
                        <i>1 0 0 0 1 0 0 0 1 3.334 4.59324 -0.419643</i>
                        <i>1 0 0 0 1 0 0 0 1 3.334 4.59326 -0.419643</i>
                        <i>1 0 0 0 1 0 0 0 1 3.334 4.59324 -0.419643</i>
                        <i>1 0 0 0 1 0 0 0 1 3.334 4.59318 -0.419643</i>
                        <i>1 0 0 0 1 0 0 0 1 3.334 4.59308 -0.419643</i>
                        <i>1 0 0 0 1 0 0 0 1 3.334 4.59295 -0.419643</i>
                        <i>1 0 0 0 1 0 0 0 1 3.334 4.59279 -0.419643</i>
                        <i>1 0 0 0 1 0 0 0 1 3.334 4.59261 -0.419643</i>
                        <i>1 0 0 0 1 0 0 0 1 3.334 4.5924 -0.419643</i>
                        <i>1 0 0 0 1 0 0 0 1 3.334 4.59218 -0.419643</i>
                        <i>1 0 0 0 1 0 0 0 1 3.334 4.59194 -0.419643</i>
                        <i>1 0 0 0 1 0 0 0 1 3.334 4.59169 -0.419643</i>
                        <i>1 0 0 0 1 0 0 0 1 3.334 4.59143 -0.419643</i>
                        <i>1 0 0 0 1 0 0 0 1 3.334 4.59117 -0.419643</i>
                        <i>1 0 0 0 1 0 0 0 1 3.334 4.59091 -0.419643</i>
                        <i>1 0 0 0 1 0 0 0 1 3.334 4.59065 -0.419643</i>
                        <i>1 0 0 0 1 0 0 0 1 3.334 4.5904 -0.419643</i>
                        <i>1 0 0 0 1 0 0 0 1 3.334 4.59016 -0.419643</i>
                        <i>1 0 0 0 1 0 0 0 1 3.334 4.58994 -0.419643</i>
                        <i>1 0 0 0 1 0 0 0 1 3.334 4.58973 -0.419643</i>
                        <i>1 0 0 0 1 0 0 0 1 3.334 4.58955 -0.419643</i>
                        <i>1 0 0 0 1 0 0 0 1 3.334 4.58939 -0.419643</i>
                    </KeyFrames>
                </p>
            </i>
            <i>
                <p>
                    <Name>
                        <![CDATA[spine0]]>
</Name>
                    <Exclude>0</Exclude>
                    <Additive>0</Additive>
                    <IKPriority>0</IKPriority>
                    <IKRotLimits>-1e+010 -1e+010 -1e+010 1e+010 1e+010 1e+010</IKRotLimits>
                    <IKRotLimitOrder>0</IKRotLimitOrder>
                    <KeyFrames count="97">
                        <i>-0.0808589 0.788882 0.609201 -0.995389 -0.0955572 -0.0083759 0.051606 -0.607069 0.792971 3.31416 4.72229 -0.471009</i>
                        <i>-0.0803884 0.787019 0.611669 -0.995435 -0.0950566 -0.00851782 0.0514395 -0.609562 0.791068 3.31416 4.72222 -0.470875</i>
                        <i>-0.0799358 0.785341 0.613881 -0.99548 -0.0945822 -0.00862582 0.051288 -0.611796 0.789351 3.31417 4.72216 -0.470775</i>
                        <i>-0.079516 0.783908 0.615765 -0.99552 -0.0941499 -0.00869634 0.0511571 -0.613698 0.787882 3.31417 4.72212 -0.470712</i>
                        <i>-0.0791438 0.782779 0.617247 -0.995555 -0.0937762 -0.00872582 0.0510527 -0.615194 0.786721 3.31418 4.72211 -0.47069</i>
                        <i>-0.0788639 0.782091 0.618153 -0.995581 -0.0935063 -0.00871123 0.0509883 -0.616108 0.786009 3.31417 4.72212 -0.470712</i>
                        <i>-0.0785562 0.781502 0.618938 -0.995608 -0.0932211 -0.00865795 0.0509319 -0.616899 0.785392 3.31417 4.72216 -0.470775</i>
                        <i>-0.078231 0.781023 0.619583 -0.995636 -0.0929293 -0.00856965 0.0508843 -0.617549 0.784885 3.31416 4.72222 -0.470875</i>
                        <i>-0.0778985 0.780669 0.620071 -0.995664 -0.09264 -0.00844993 0.0508467 -0.61804 0.7845 3.31416 4.72229 -0.471009</i>
                        <i>-0.0775693 0.780453 0.620383 -0.995691 -0.0923622 -0.00830232 0.0508204 -0.618354 0.784255 3.31415 4.72239 -0.471173</i>
                        <i>-0.0772538 0.78039 0.620503 -0.995716 -0.0921053 -0.00813027 0.0508068 -0.618473 0.784162 3.31413 4.7225 -0.471363</i>
                        <i>-0.0769628 0.780491 0.620411 -0.995739 -0.0918787 -0.00793713 0.0508078 -0.618378 0.784236 3.31412 4.72262 -0.471575</i>
                        <i>-0.0767071 0.780772 0.62009 -0.995757 -0.0916924 -0.00772609 0.0508252 -0.618052 0.784493 3.3141 4.72275 -0.471805</i>
                        <i>-0.0764977 0.781245 0.61952 -0.995772 -0.091556 -0.00750024 0.0508613 -0.617474 0.784945 3.31409 4.72289 -0.472051</i>
                        <i>-0.0763454 0.781923 0.618682 -0.99578 -0.0914797 -0.00726251 0.0509182 -0.616626 0.785608 3.31407 4.72304 -0.472307</i>
                        <i>-0.0762613 0.782819 0.617558 -0.995783 -0.0914734 -0.0070157 0.0509981 -0.615489 0.786494 3.31405 4.72318 -0.47257</i>
                        <i>-0.0762565 0.783946 0.616128 -0.995778 -0.091547 -0.00676252 0.0511032 -0.614042 0.787617 3.31404 4.72334 -0.472838</i>
                        <i>-0.0763348 0.785296 0.614397 -0.995765 -0.0917035 -0.00650584 0.0512333 -0.612291 0.788971 3.31402 4.72349 -0.473104</i>
                        <i>-0.0764863 0.786824 0.612419 -0.995746 -0.0919314 -0.00624914 0.0513836 -0.610292 0.790508 3.314 4.72364 -0.473367</i>
                        <i>-0.076701 0.788486 0.610251 -0.995721 -0.0922194 -0.00599602 0.0515492 -0.6081 0.792185 3.31399 4.72378 -0.473623</i>
                        <i>-0.0769685 0.790237 0.607949 -0.995691 -0.0925559 -0.00575018 0.0517252 -0.605772 0.793955 3.31397 4.72392 -0.473866</i>
                        <i>-0.0772787 0.792032 0.605568 -0.995657 -0.0929295 -0.0055155 0.0519067 -0.603365 0.795774 3.31396 4.72404 -0.474095</i>
                        <i>-0.0776213 0.79383 0.603166 -0.995621 -0.0933287 -0.00529596 0.0520886 -0.600936 0.797598 3.31394 4.72416 -0.474306</i>
                        <i>-0.077986 0.795587 0.600799 -0.995583 -0.0937422 -0.0050957 0.0522662 -0.598543 0.799384 3.31393 4.72426 -0.474494</i>
                        <i>-0.0783626 0.797262 0.598526 -0.995545 -0.094159 -0.00491895 0.0524349 -0.596245 0.801088 3.31392 4.72435 -0.474656</i>
                        <i>-0.0787409 0.798813 0.596404 -0.995507 -0.094568 -0.00477005 0.0525903 -0.5941 0.802671 3.31391 4.72443 -0.474788</i>
                        <i>-0.0791108 0.800201 0.594491 -0.99547 -0.0949586 -0.00465342 0.0527284 -0.592166 0.804089 3.3139 4.72448 -0.474887</i>
                        <i>-0.0794622 0.801386 0.592846 -0.995436 -0.0953201 -0.00457352 0.052845 -0.590504 0.805303 3.3139 4.72452 -0.474949</i>
                        <i>-0.0797853 0.802328 0.591528 -0.995405 -0.095642 -0.00453484 0.0529365 -0.589172 0.806272 3.3139 4.72453 -0.474971</i>
                        <i>-0.08012 0.803124 0.590401 -0.995375 -0.0959631 -0.00453795 0.0530122 -0.588034 0.807097 3.3139 4.72452 -0.474949</i>
                        <i>-0.0805024 0.80388 0.589318 -0.99534 -0.0963189 -0.00457882 0.0530816 -0.586941 0.807888 3.3139 4.72448 -0.474887</i>
                        <i>-0.0809163 0.804571 0.588317 -0.995303 -0.0966945 -0.00465504 0.0531418 -0.585931 0.808617 3.31391 4.72443 -0.474788</i>
                        <i>-0.0813462 0.805171 0.587436 -0.995266 -0.0970755 -0.00476417 0.0531897 -0.585043 0.809256 3.31392 4.72435 -0.474656</i>
                        <i>-0.0817764 0.805655 0.586713 -0.995229 -0.0974476 -0.00490364 0.0532231 -0.584315 0.80978 3.31393 4.72426 -0.474494</i>
                        <i>-0.0821915 0.805997 0.586185 -0.995193 -0.0977969 -0.00507078 0.05324 -0.583784 0.810161 3.31394 4.72416 -0.474306</i>
                        <i>-0.0825766 0.806173 0.585889 -0.995162 -0.09811 -0.00526273 0.0532389 -0.583489 0.810374 3.31396 4.72404 -0.474095</i>
                        <i>-0.0829167 0.806158 0.585862 -0.995134 -0.0983738 -0.00547648 0.0532185 -0.583465 0.810392 3.31397 4.72392 -0.473866</i>
                        <i>-0.0831971 0.805926 0.586141 -0.995113 -0.0985752 -0.00570882 0.0531781 -0.583751 0.810189 3.31399 4.72378 -0.473623</i>
                        <i>-0.0834033 0.805453 0.586761 -0.995099 -0.0987017 -0.00595637 0.0531168 -0.584383 0.809738 3.314 4.72364 -0.473367</i>
                        <i>-0.0835208 0.804713 0.58776 -0.995094 -0.0987405 -0.0062156 0.0530339 -0.585395 0.809012 3.31402 4.72349 -0.473104</i>
                        <i>-0.083535 0.803679 0.589171 -0.995098 -0.0986788 -0.00648283 0.0529286 -0.586825 0.807982 3.31404 4.72334 -0.472838</i>
                        <i>-0.0834395 0.802345 0.590999 -0.995113 -0.0985114 -0.00675396 0.0528012 -0.588675 0.806644 3.31405 4.72318 -0.47257</i>
                        <i>-0.0832471 0.800759 0.593174 -0.995137 -0.0982514 -0.0070242 0.0526554 -0.590874 0.805044 3.31407 4.72304 -0.472307</i>
                        <i>-0.0829722 0.798972 0.595616 -0.995168 -0.0979132 -0.00728887 0.0524951 -0.593343 0.803236 3.31409 4.72289 -0.472051</i>
                        <i>-0.0826292 0.797037 0.598251 -0.995206 -0.0975114 -0.00754342 0.0523239 -0.596006 0.801273 3.3141 4.72275 -0.471805</i>
                        <i>-0.0822321 0.795006 0.601002 -0.995248 -0.0970602 -0.00778351 0.0521455 -0.598786 0.799209 3.31412 4.72262 -0.471575</i>
                        <i>-0.0817951 0.792933 0.603794 -0.995294 -0.0965742 -0.00800494 0.0519636 -0.601607 0.7971 3.31413 4.7225 -0.471363</i>
                        <i>-0.0813326 0.790873 0.606552 -0.995341 -0.0960682 -0.0082037 0.0517823 -0.604393 0.795002 3.31415 4.72239 -0.471173</i>
                        <i>-0.0808589 0.788882 0.609201 -0.995389 -0.0955572 -0.0083759 0.051606 -0.607069 0.792971 3.31416 4.72229 -0.471009</i>
                        <i>-0.0803884 0.787019 0.611669 -0.995435 -0.0950566 -0.00851782 0.0514395 -0.609562 0.791068 3.31416 4.72222 -0.470875</i>
                        <i>-0.0799358 0.785341 0.613881 -0.99548 -0.0945822 -0.00862582 0.051288 -0.611796 0.789351 3.31417 4.72216 -0.470775</i>
                        <i>-0.079516 0.783908 0.615765 -0.99552 -0.0941499 -0.00869634 0.0511571 -0.613698 0.787882 3.31417 4.72212 -0.470712</i>
                        <i>-0.0791438 0.782779 0.617247 -0.995555 -0.0937762 -0.00872582 0.0510527 -0.615194 0.786721 3.31418 4.72211 -0.47069</i>
                        <i>-0.0788639 0.782091 0.618153 -0.995581 -0.0935063 -0.00871123 0.0509883 -0.616108 0.786009 3.31417 4.72212 -0.470712</i>
                        <i>-0.0785562 0.781502 0.618938 -0.995608 -0.0932211 -0.00865795 0.0509319 -0.616899 0.785392 3.31417 4.72216 -0.470775</i>
                        <i>-0.078231 0.781023 0.619583 -0.995636 -0.0929293 -0.00856965 0.0508843 -0.617549 0.784885 3.31416 4.72222 -0.470875</i>
                        <i>-0.0778985 0.780669 0.620071 -0.995664 -0.09264 -0.00844993 0.0508467 -0.61804 0.7845 3.31416 4.72229 -0.471009</i>
                        <i>-0.0775693 0.780453 0.620383 -0.995691 -0.0923622 -0.00830232 0.0508204 -0.618354 0.784255 3.31415 4.72239 -0.471173</i>
                        <i>-0.0772538 0.78039 0.620503 -0.995716 -0.0921053 -0.00813027 0.0508068 -0.618473 0.784162 3.31413 4.7225 -0.471363</i>
                        <i>-0.0769628 0.780491 0.620411 -0.995739 -0.0918787 -0.00793713 0.0508078 -0.618378 0.784236 3.31412 4.72262 -0.471575</i>
                        <i>-0.0767071 0.780772 0.62009 -0.995757 -0.0916924 -0.00772609 0.0508252 -0.618052 0.784493 3.3141 4.72275 -0.471805</i>
                        <i>-0.0764977 0.781245 0.61952 -0.995772 -0.091556 -0.00750024 0.0508613 -0.617474 0.784945 3.31409 4.72289 -0.472051</i>
                        <i>-0.0763454 0.781923 0.618682 -0.99578 -0.0914797 -0.00726251 0.0509182 -0.616626 0.785608 3.31407 4.72304 -0.472307</i>
                        <i>-0.0762613 0.782819 0.617558 -0.995783 -0.0914734 -0.0070157 0.0509981 -0.615489 0.786494 3.31405 4.72318 -0.47257</i>
                        <i>-0.0762565 0.783946 0.616128 -0.995778 -0.091547 -0.00676252 0.0511032 -0.614042 0.787617 3.31404 4.72334 -0.472838</i>
                        <i>-0.0763348 0.785296 0.614397 -0.995765 -0.0917035 -0.00650584 0.0512333 -0.612291 0.788971 3.31402 4.72349 -0.473104</i>
                        <i>-0.0764863 0.786824 0.612419 -0.995746 -0.0919314 -0.00624914 0.0513836 -0.610292 0.790508 3.314 4.72364 -0.473367</i>
                        <i>-0.076701 0.788486 0.610251 -0.995721 -0.0922194 -0.00599602 0.0515492 -0.6081 0.792185 3.31399 4.72378 -0.473623</i>
                        <i>-0.0769685 0.790237 0.607949 -0.995691 -0.0925559 -0.00575018 0.0517252 -0.605772 0.793955 3.31397 4.72392 -0.473866</i>
                        <i>-0.0772787 0.792032 0.605568 -0.995657 -0.0929295 -0.0055155 0.0519067 -0.603365 0.795774 3.31396 4.72404 -0.474095</i>
                        <i>-0.0776213 0.79383 0.603166 -0.995621 -0.0933287 -0.00529596 0.0520886 -0.600936 0.797598 3.31394 4.72416 -0.474306</i>
                        <i>-0.077986 0.795587 0.600799 -0.995583 -0.0937422 -0.0050957 0.0522662 -0.598543 0.799384 3.31393 4.72426 -0.474494</i>
                        <i>-0.0783626 0.797262 0.598526 -0.995545 -0.094159 -0.00491895 0.0524349 -0.596245 0.801088 3.31392 4.72435 -0.474656</i>
                        <i>-0.0787409 0.798813 0.596404 -0.995507 -0.094568 -0.00477005 0.0525903 -0.5941 0.802671 3.31391 4.72443 -0.474788</i>
                        <i>-0.0791108 0.800201 0.594491 -0.99547 -0.0949586 -0.00465342 0.0527284 -0.592166 0.804089 3.3139 4.72448 -0.474887</i>
                        <i>-0.0794622 0.801386 0.592846 -0.995436 -0.0953201 -0.00457352 0.052845 -0.590504 0.805303 3.3139 4.72452 -0.474949</i>
                        <i>-0.0797853 0.802328 0.591528 -0.995405 -0.095642 -0.00453484 0.0529365 -0.589172 0.806272 3.3139 4.72453 -0.474971</i>
                        <i>-0.08012 0.803124 0.590401 -0.995375 -0.0959631 -0.00453795 0.0530122 -0.588034 0.807097 3.3139 4.72452 -0.474949</i>
                        <i>-0.0805024 0.80388 0.589318 -0.99534 -0.0963189 -0.00457882 0.0530816 -0.586941 0.807888 3.3139 4.72448 -0.474887</i>
                        <i>-0.0809163 0.804571 0.588317 -0.995303 -0.0966945 -0.00465504 0.0531418 -0.585931 0.808617 3.31391 4.72443 -0.474788</i>
                        <i>-0.0813462 0.805171 0.587436 -0.995266 -0.0970755 -0.00476417 0.0531897 -0.585043 0.809256 3.31392 4.72435 -0.474656</i>
                        <i>-0.0817764 0.805655 0.586713 -0.995229 -0.0974476 -0.00490364 0.0532231 -0.584315 0.80978 3.31393 4.72426 -0.474494</i>
                        <i>-0.0821915 0.805997 0.586185 -0.995193 -0.0977969 -0.00507078 0.05324 -0.583784 0.810161 3.31394 4.72416 -0.474306</i>
                        <i>-0.0825766 0.806173 0.585889 -0.995162 -0.09811 -0.00526273 0.0532389 -0.583489 0.810374 3.31396 4.72404 -0.474095</i>
                        <i>-0.0829167 0.806158 0.585862 -0.995134 -0.0983738 -0.00547648 0.0532185 -0.583465 0.810392 3.31397 4.72392 -0.473866</i>
                        <i>-0.0831971 0.805926 0.586141 -0.995113 -0.0985752 -0.00570882 0.0531781 -0.583751 0.810189 3.31399 4.72378 -0.473623</i>
                        <i>-0.0834033 0.805453 0.586761 -0.995099 -0.0987017 -0.00595637 0.0531168 -0.584383 0.809738 3.314 4.72364 -0.473367</i>
                        <i>-0.0835208 0.804713 0.58776 -0.995094 -0.0987405 -0.0062156 0.0530339 -0.585395 0.809012 3.31402 4.72349 -0.473104</i>
                        <i>-0.083535 0.803679 0.589171 -0.995098 -0.0986788 -0.00648283 0.0529286 -0.586825 0.807982 3.31404 4.72334 -0.472838</i>
                        <i>-0.0834395 0.802345 0.590999 -0.995113 -0.0985114 -0.00675396 0.0528012 -0.588675 0.806644 3.31405 4.72318 -0.47257</i>
                        <i>-0.0832471 0.800759 0.593174 -0.995137 -0.0982514 -0.0070242 0.0526554 -0.590874 0.805044 3.31407 4.72304 -0.472307</i>
                        <i>-0.0829722 0.798972 0.595616 -0.995168 -0.0979132 -0.00728887 0.0524951 -0.593343 0.803236 3.31409 4.72289 -0.472051</i>
                        <i>-0.0826292 0.797037 0.598251 -0.995206 -0.0975114 -0.00754342 0.0523239 -0.596006 0.801273 3.3141 4.72275 -0.471805</i>
                        <i>-0.0822321 0.795006 0.601002 -0.995248 -0.0970602 -0.00778351 0.0521455 -0.598786 0.799209 3.31412 4.72262 -0.471575</i>
                        <i>-0.0817951 0.792933 0.603794 -0.995294 -0.0965742 -0.00800494 0.0519636 -0.601607 0.7971 3.31413 4.7225 -0.471363</i>
                        <i>-0.0813326 0.790873 0.606552 -0.995341 -0.0960682 -0.0082037 0.0517823 -0.604393 0.795002 3.31415 4.72239 -0.471173</i>
                        <i>-0.0808589 0.788882 0.609201 -0.995389 -0.0955572 -0.0083759 0.051606 -0.607069 0.792971 3.31416 4.72229 -0.471009</i>
                    </KeyFrames>
                </p>
            </i>
            <i>
                <p>
                    <Name>
                        <![CDATA[spine1]]>
</Name>
                    <Exclude>0</Exclude>
                    <Additive>0</Additive>
                    <IKPriority>0</IKPriority>
                    <IKRotLimits>-1e+010 -1e+010 -1e+010 1e+010 1e+010 1e+010</IKRotLimits>
                    <IKRotLimitOrder>0</IKRotLimitOrder>
                    <KeyFrames count="97">
                        <i>0.0630208 0.297751 0.952561 -0.973693 -0.191075 0.124145 0.218975 -0.935326 0.277876 3.29711 4.88861 -0.342873</i>
                        <i>0.0640413 0.293257 0.953886 -0.973716 -0.190992 0.12409 0.218575 -0.936762 0.273318 3.29721 4.88823 -0.342153</i>
                        <i>0.0650328 0.289113 0.955083 -0.973736 -0.190893 0.124088 0.218195 -0.938069 0.269106 3.2973 4.8879 -0.341523</i>
                        <i>0.0659635 0.285459 0.956118 -0.973751 -0.190783 0.12414 0.217848 -0.93921 0.265381 3.29739 4.88764 -0.341003</i>
                        <i>0.0668017 0.282433 0.956958 -0.973761 -0.190664 0.124246 0.217548 -0.940148 0.262285 3.29746 4.88746 -0.340615</i>
                        <i>0.067448 0.280396 0.957512 -0.973764 -0.19055 0.124393 0.217333 -0.940781 0.260188 3.29751 4.88738 -0.340405</i>
                        <i>0.0681747 0.278403 0.958042 -0.973764 -0.190401 0.124623 0.217107 -0.941403 0.258118 3.29757 4.88734 -0.340257</i>
                        <i>0.0689562 0.276511 0.958534 -0.97376 -0.190221 0.124925 0.216877 -0.941997 0.256139 3.29762 4.88736 -0.340172</i>
                        <i>0.0697674 0.274779 0.958973 -0.973753 -0.190018 0.125289 0.216649 -0.942544 0.25431 3.29768 4.88743 -0.340154</i>
                        <i>0.0705828 0.273264 0.959346 -0.973743 -0.189796 0.125704 0.21643 -0.943029 0.252693 3.29773 4.88754 -0.340202</i>
                        <i>0.071377 0.272026 0.959639 -0.97373 -0.189561 0.126159 0.216229 -0.943434 0.251349 3.29778 4.8877 -0.340319</i>
                        <i>0.0721247 0.271121 0.959839 -0.973714 -0.18932 0.126644 0.216052 -0.943743 0.25034 3.29782 4.8879 -0.340506</i>
                        <i>0.0728006 0.270608 0.959933 -0.973696 -0.189078 0.127146 0.215909 -0.943939 0.249725 3.29786 4.88814 -0.340766</i>
                        <i>0.0733791 0.270544 0.959907 -0.973675 -0.188843 0.127656 0.215809 -0.944004 0.249565 3.29788 4.88842 -0.341098</i>
                        <i>0.0738349 0.270988 0.959747 -0.973651 -0.188621 0.128162 0.215759 -0.943922 0.249921 3.29789 4.88874 -0.341507</i>
                        <i>0.0741425 0.271996 0.959438 -0.973626 -0.188418 0.128654 0.215768 -0.943672 0.250852 3.29789 4.8891 -0.341992</i>
                        <i>0.0742762 0.273625 0.958964 -0.973598 -0.18824 0.129121 0.215847 -0.943236 0.252419 3.29788 4.8895 -0.342557</i>
                        <i>0.0742258 0.275881 0.958322 -0.973569 -0.188093 0.129555 0.215996 -0.942608 0.254628 3.29784 4.88993 -0.343196</i>
                        <i>0.0740116 0.278662 0.957533 -0.973539 -0.187975 0.129954 0.216206 -0.941813 0.257376 3.2978 4.89038 -0.343893</i>
                        <i>0.0736539 0.28187 0.956621 -0.973508 -0.187885 0.130315 0.216467 -0.940877 0.260564 3.29774 4.89084 -0.344631</i>
                        <i>0.0731731 0.285403 0.95561 -0.973477 -0.187821 0.130636 0.216768 -0.939823 0.26409 3.29767 4.89131 -0.345394</i>
                        <i>0.0725897 0.289164 0.954524 -0.973447 -0.187782 0.130916 0.217099 -0.938681 0.267854 3.29759 4.89177 -0.346164</i>
                        <i>0.0719241 0.293051 0.953388 -0.973418 -0.187767 0.131151 0.217449 -0.937478 0.271756 3.29751 4.89221 -0.346924</i>
                        <i>0.0711971 0.296967 0.95223 -0.973391 -0.187775 0.13134 0.217809 -0.936243 0.275696 3.29743 4.89263 -0.347658</i>
                        <i>0.0704292 0.300813 0.951079 -0.973367 -0.187804 0.13148 0.218168 -0.935008 0.279575 3.29734 4.89301 -0.348348</i>
                        <i>0.0696413 0.304492 0.949966 -0.973345 -0.187854 0.131568 0.218516 -0.933807 0.283293 3.29726 4.89334 -0.348977</i>
                        <i>0.0688543 0.307905 0.948922 -0.973327 -0.187923 0.131602 0.218845 -0.932673 0.286753 3.29718 4.89362 -0.349529</i>
                        <i>0.068089 0.310955 0.947982 -0.973314 -0.188009 0.131579 0.219145 -0.931643 0.289856 3.29711 4.89385 -0.349985</i>
                        <i>0.0673665 0.313546 0.94718 -0.973305 -0.188113 0.131496 0.219407 -0.930754 0.292503 3.29705 4.894 -0.350328</i>
                        <i>0.0665947 0.315968 0.94643 -0.9733 -0.18825 0.131333 0.219663 -0.929906 0.294995 3.29698 4.89409 -0.350591</i>
                        <i>0.0656923 0.318513 0.945639 -0.973299 -0.188432 0.131082 0.21994 -0.929001 0.29763 3.29692 4.89414 -0.350811</i>
                        <i>0.0646965 0.321087 0.944837 -0.973301 -0.18865 0.130755 0.220227 -0.92807 0.300309 3.29684 4.89415 -0.350982</i>
                        <i>0.0636445 0.323592 0.944054 -0.973306 -0.188894 0.130364 0.220511 -0.92715 0.302932 3.29677 4.89411 -0.351099</i>
                        <i>0.0625734 0.325934 0.94332 -0.973314 -0.189158 0.12992 0.220782 -0.926276 0.305399 3.2967 4.89404 -0.351153</i>
                        <i>0.0615205 0.328017 0.942666 -0.973325 -0.189432 0.129437 0.221029 -0.925484 0.307613 3.29663 4.89392 -0.351139</i>
                        <i>0.060523 0.329746 0.942128 -0.973339 -0.189708 0.128926 0.221242 -0.924813 0.309473 3.29657 4.89375 -0.351051</i>
                        <i>0.0596181 0.331026 0.941736 -0.973356 -0.18998 0.128399 0.221414 -0.924299 0.31088 3.29652 4.89355 -0.350882</i>
                        <i>0.0588429 0.331762 0.941526 -0.973375 -0.190238 0.127867 0.221535 -0.923983 0.311735 3.29649 4.8933 -0.350625</i>
                        <i>0.0582345 0.331857 0.941531 -0.973398 -0.190476 0.127342 0.221598 -0.923899 0.311936 3.29647 4.893 -0.350275</i>
                        <i>0.0578299 0.331216 0.941781 -0.973422 -0.190687 0.126836 0.221595 -0.924086 0.311385 3.29646 4.89267 -0.349826</i>
                        <i>0.057666 0.329741 0.942309 -0.97345 -0.190863 0.12636 0.221518 -0.924577 0.30998 3.29648 4.89229 -0.349271</i>
                        <i>0.0577602 0.3274 0.943119 -0.973479 -0.191 0.125925 0.221363 -0.92538 0.307685 3.29651 4.89187 -0.348611</i>
                        <i>0.0580838 0.324315 0.944164 -0.973511 -0.1911 0.125531 0.221141 -0.926445 0.304625 3.29657 4.89142 -0.347868</i>
                        <i>0.0586042 0.320621 0.945393 -0.973543 -0.191166 0.125181 0.220863 -0.927717 0.300935 3.29664 4.89094 -0.347063</i>
                        <i>0.0592888 0.316451 0.946754 -0.973575 -0.1912 0.124877 0.220537 -0.92914 0.296753 3.29672 4.89046 -0.346219</i>
                        <i>0.0601051 0.311943 0.948198 -0.973607 -0.191206 0.12462 0.220175 -0.930662 0.292217 3.29681 4.88997 -0.345356</i>
                        <i>0.0610206 0.307232 0.949676 -0.973638 -0.191185 0.124411 0.219787 -0.932232 0.287466 3.29691 4.88949 -0.344496</i>
                        <i>0.0620033 0.302455 0.951145 -0.973667 -0.191141 0.124252 0.219383 -0.933802 0.282639 3.29701 4.88904 -0.343661</i>
                        <i>0.0630208 0.297751 0.952561 -0.973693 -0.191075 0.124145 0.218975 -0.935326 0.277876 3.29711 4.88861 -0.342873</i>
                        <i>0.0640413 0.293257 0.953886 -0.973716 -0.190992 0.12409 0.218575 -0.936762 0.273318 3.29721 4.88823 -0.342153</i>
                        <i>0.0650328 0.289113 0.955083 -0.973736 -0.190893 0.124088 0.218195 -0.938069 0.269106 3.2973 4.8879 -0.341523</i>
                        <i>0.0659635 0.285459 0.956118 -0.973751 -0.190783 0.12414 0.217848 -0.93921 0.265381 3.29739 4.88764 -0.341003</i>
                        <i>0.0668017 0.282433 0.956958 -0.973761 -0.190664 0.124246 0.217548 -0.940148 0.262285 3.29746 4.88746 -0.340615</i>
                        <i>0.067448 0.280396 0.957512 -0.973764 -0.19055 0.124393 0.217333 -0.940781 0.260188 3.29751 4.88738 -0.340405</i>
                        <i>0.0681747 0.278403 0.958042 -0.973764 -0.190401 0.124623 0.217107 -0.941403 0.258118 3.29757 4.88734 -0.340257</i>
                        <i>0.0689562 0.276511 0.958534 -0.97376 -0.190221 0.124925 0.216877 -0.941997 0.256139 3.29762 4.88736 -0.340172</i>
                        <i>0.0697674 0.274779 0.958973 -0.973753 -0.190018 0.125289 0.216649 -0.942544 0.25431 3.29768 4.88743 -0.340154</i>
                        <i>0.0705828 0.273264 0.959346 -0.973743 -0.189796 0.125704 0.21643 -0.943029 0.252693 3.29773 4.88754 -0.340202</i>
                        <i>0.071377 0.272026 0.959639 -0.97373 -0.189561 0.126159 0.216229 -0.943434 0.251349 3.29778 4.8877 -0.340319</i>
                        <i>0.0721247 0.271121 0.959839 -0.973714 -0.18932 0.126644 0.216052 -0.943743 0.25034 3.29782 4.8879 -0.340506</i>
                        <i>0.0728006 0.270608 0.959933 -0.973696 -0.189078 0.127146 0.215909 -0.943939 0.249725 3.29786 4.88814 -0.340766</i>
                        <i>0.0733791 0.270544 0.959907 -0.973675 -0.188843 0.127656 0.215809 -0.944004 0.249565 3.29788 4.88842 -0.341098</i>
                        <i>0.0738349 0.270988 0.959747 -0.973651 -0.188621 0.128162 0.215759 -0.943922 0.249921 3.29789 4.88874 -0.341507</i>
                        <i>0.0741425 0.271996 0.959438 -0.973626 -0.188418 0.128654 0.215768 -0.943672 0.250852 3.29789 4.8891 -0.341992</i>
                        <i>0.0742762 0.273625 0.958964 -0.973598 -0.18824 0.129121 0.215847 -0.943236 0.252419 3.29788 4.8895 -0.342557</i>
                        <i>0.0742258 0.275881 0.958322 -0.973569 -0.188093 0.129555 0.215996 -0.942608 0.254628 3.29784 4.88993 -0.343196</i>
                        <i>0.0740116 0.278662 0.957533 -0.973539 -0.187975 0.129954 0.216206 -0.941813 0.257376 3.2978 4.89038 -0.343893</i>
                        <i>0.0736539 0.28187 0.956621 -0.973508 -0.187885 0.130315 0.216467 -0.940877 0.260564 3.29774 4.89084 -0.344631</i>
                        <i>0.0731731 0.285403 0.95561 -0.973477 -0.187821 0.130636 0.216768 -0.939823 0.26409 3.29767 4.89131 -0.345394</i>
                        <i>0.0725897 0.289164 0.954524 -0.973447 -0.187782 0.130916 0.217099 -0.938681 0.267854 3.29759 4.89177 -0.346164</i>
                        <i>0.0719241 0.293051 0.953388 -0.973418 -0.187767 0.131151 0.217449 -0.937478 0.271756 3.29751 4.89221 -0.346924</i>
                        <i>0.0711971 0.296967 0.95223 -0.973391 -0.187775 0.13134 0.217809 -0.936243 0.275696 3.29743 4.89263 -0.347658</i>
                        <i>0.0704292 0.300813 0.951079 -0.973367 -0.187804 0.13148 0.218168 -0.935008 0.279575 3.29734 4.89301 -0.348348</i>
                        <i>0.0696413 0.304492 0.949966 -0.973345 -0.187854 0.131568 0.218516 -0.933807 0.283293 3.29726 4.89334 -0.348977</i>
                        <i>0.0688543 0.307905 0.948922 -0.973327 -0.187923 0.131602 0.218845 -0.932673 0.286753 3.29718 4.89362 -0.349529</i>
                        <i>0.068089 0.310955 0.947982 -0.973314 -0.188009 0.131579 0.219145 -0.931643 0.289856 3.29711 4.89385 -0.349985</i>
                        <i>0.0673665 0.313546 0.94718 -0.973305 -0.188113 0.131496 0.219407 -0.930754 0.292503 3.29705 4.894 -0.350328</i>
