<?xml version="1.0" encoding="ISO-8859-1" ?>
<Animl Version="1">
    <ModellingPackage><![CDATA[Maya.2010]]></ModellingPackage>
    <SrcFile><![CDATA[anims\turrets\antiair\blue\~src\aa_chaparral\aa_chaparral_idle_alt_crewman_b.mb]]></SrcFile>
    <FramesPerSecond>30</FramesPerSecond>
    <TotalFrames>65</TotalFrames>
    <Skeleton>
        <RefFrame>
            <Name><![CDATA[soldier_ref_frame]]></Name>
            <Exclude>0</Exclude>
            <Additive>0</Additive>
            <IKPriority>0</IKPriority>
            <IKRotLimits>-1e+010 -1e+010 -1e+010 1e+010 1e+010 1e+010</IKRotLimits>
            <IKRotLimitOrder>0</IKRotLimitOrder>
            <KeyFrames count="65">
                <i>1 0 0 0 1 0 0 0 1 -3.39 2.17 -1.86</i>
                <i>1 0 0 0 1 0 0 0 1 -3.39 2.17 -1.86</i>
                <i>1 0 0 0 1 0 0 0 1 -3.39 2.17 -1.86</i>
                <i>1 0 0 0 1 0 0 0 1 -3.39 2.17 -1.86</i>
                <i>1 0 0 0 1 0 0 0 1 -3.39 2.17 -1.86</i>
                <i>1 0 0 0 1 0 0 0 1 -3.39 2.17 -1.86</i>
                <i>1 0 0 0 1 0 0 0 1 -3.39 2.17 -1.86</i>
                <i>1 0 0 0 1 0 0 0 1 -3.39 2.17 -1.86</i>
                <i>1 0 0 0 1 0 0 0 1 -3.39 2.17 -1.86</i>
                <i>1 0 0 0 1 0 0 0 1 -3.39 2.17 -1.86</i>
                <i>1 0 0 0 1 0 0 0 1 -3.39 2.17 -1.86</i>
                <i>1 0 0 0 1 0 0 0 1 -3.39 2.17 -1.86</i>
                <i>1 0 0 0 1 0 0 0 1 -3.39 2.17 -1.86</i>
                <i>1 0 0 0 1 0 0 0 1 -3.39 2.17 -1.86</i>
                <i>1 0 0 0 1 0 0 0 1 -3.39 2.17 -1.86</i>
                <i>1 0 0 0 1 0 0 0 1 -3.39 2.17 -1.86</i>
                <i>1 0 0 0 1 0 0 0 1 -3.39 2.17 -1.86</i>
                <i>1 0 0 0 1 0 0 0 1 -3.39 2.17 -1.86</i>
                <i>1 0 0 0 1 0 0 0 1 -3.39 2.17 -1.86</i>
                <i>1 0 0 0 1 0 0 0 1 -3.39 2.17 -1.86</i>
                <i>1 0 0 0 1 0 0 0 1 -3.39 2.17 -1.86</i>
                <i>1 0 0 0 1 0 0 0 1 -3.39 2.17 -1.86</i>
                <i>1 0 0 0 1 0 0 0 1 -3.39 2.17 -1.86</i>
                <i>1 0 0 0 1 0 0 0 1 -3.39 2.17 -1.86</i>
                <i>1 0 0 0 1 0 0 0 1 -3.39 2.17 -1.86</i>
                <i>1 0 0 0 1 0 0 0 1 -3.39 2.17 -1.86</i>
                <i>1 0 0 0 1 0 0 0 1 -3.39 2.17 -1.86</i>
                <i>1 0 0 0 1 0 0 0 1 -3.39 2.17 -1.86</i>
                <i>1 0 0 0 1 0 0 0 1 -3.39 2.17 -1.86</i>
                <i>1 0 0 0 1 0 0 0 1 -3.39 2.17 -1.86</i>
                <i>1 0 0 0 1 0 0 0 1 -3.39 2.17 -1.86</i>
                <i>1 0 0 0 1 0 0 0 1 -3.39 2.17 -1.86</i>
                <i>1 0 0 0 1 0 0 0 1 -3.39 2.17 -1.86</i>
                <i>1 0 0 0 1 0 0 0 1 -3.39 2.17 -1.86</i>
                <i>1 0 0 0 1 0 0 0 1 -3.39 2.17 -1.86</i>
                <i>1 0 0 0 1 0 0 0 1 -3.39 2.17 -1.86</i>
                <i>1 0 0 0 1 0 0 0 1 -3.39 2.17 -1.86</i>
                <i>1 0 0 0 1 0 0 0 1 -3.39 2.17 -1.86</i>
                <i>1 0 0 0 1 0 0 0 1 -3.39 2.17 -1.86</i>
                <i>1 0 0 0 1 0 0 0 1 -3.39 2.17 -1.86</i>
                <i>1 0 0 0 1 0 0 0 1 -3.39 2.17 -1.86</i>
                <i>1 0 0 0 1 0 0 0 1 -3.39 2.17 -1.86</i>
                <i>1 0 0 0 1 0 0 0 1 -3.39 2.17 -1.86</i>
                <i>1 0 0 0 1 0 0 0 1 -3.39 2.17 -1.86</i>
                <i>1 0 0 0 1 0 0 0 1 -3.39 2.17 -1.86</i>
                <i>1 0 0 0 1 0 0 0 1 -3.39 2.17 -1.86</i>
                <i>1 0 0 0 1 0 0 0 1 -3.39 2.17 -1.86</i>
                <i>1 0 0 0 1 0 0 0 1 -3.39 2.17 -1.86</i>
                <i>1 0 0 0 1 0 0 0 1 -3.39 2.17 -1.86</i>
                <i>1 0 0 0 1 0 0 0 1 -3.39 2.17 -1.86</i>
                <i>1 0 0 0 1 0 0 0 1 -3.39 2.17 -1.86</i>
                <i>1 0 0 0 1 0 0 0 1 -3.39 2.17 -1.86</i>
                <i>1 0 0 0 1 0 0 0 1 -3.39 2.17 -1.86</i>
                <i>1 0 0 0 1 0 0 0 1 -3.39 2.17 -1.86</i>
                <i>1 0 0 0 1 0 0 0 1 -3.39 2.17 -1.86</i>
                <i>1 0 0 0 1 0 0 0 1 -3.39 2.17 -1.86</i>
                <i>1 0 0 0 1 0 0 0 1 -3.39 2.17 -1.86</i>
                <i>1 0 0 0 1 0 0 0 1 -3.39 2.17 -1.86</i>
                <i>1 0 0 0 1 0 0 0 1 -3.39 2.17 -1.86</i>
                <i>1 0 0 0 1 0 0 0 1 -3.39 2.17 -1.86</i>
                <i>1 0 0 0 1 0 0 0 1 -3.39 2.17 -1.86</i>
                <i>1 0 0 0 1 0 0 0 1 -3.39 2.17 -1.86</i>
                <i>1 0 0 0 1 0 0 0 1 -3.39 2.17 -1.86</i>
                <i>1 0 0 0 1 0 0 0 1 -3.39 2.17 -1.86</i>
                <i>1 0 0 0 1 0 0 0 1 -3.39 2.17 -1.86</i>
            </KeyFrames>
        </RefFrame>
        <Bones count="23">
            <i>
                <p>
                    <Name><![CDATA[pelvis]]></Name>
                    <Exclude>0</Exclude>
                    <Additive>0</Additive>
                    <IKPriority>0</IKPriority>
                    <IKRotLimits>-1e+010 -1e+010 -1e+010 1e+010 1e+010 1e+010</IKRotLimits>
                    <IKRotLimitOrder>2</IKRotLimitOrder>
                    <KeyFrames count="65">
                        <i>1 0 0 0 1 0 0 0 1 -3.34236 3.28968 -1.77661</i>
                        <i>1 0 0 0 1 0 0 0 1 -3.34236 3.28975 -1.77698</i>
                        <i>1 0 0 0 1 0 0 0 1 -3.34236 3.29055 -1.77804</i>
                        <i>1 0 0 0 1 0 0 0 1 -3.34236 3.29199 -1.77975</i>
                        <i>1 0 0 0 1 0 0 0 1 -3.34236 3.29396 -1.78203</i>
                        <i>1 0 0 0 1 0 0 0 1 -3.34236 3.29635 -1.78479</i>
                        <i>1 0 0 0 1 0 0 0 1 -3.34236 3.29907 -1.78793</i>
                        <i>1 0 0 0 1 0 0 0 1 -3.34236 3.302 -1.79135</i>
                        <i>1 0 0 0 1 0 0 0 1 -3.34236 3.30505 -1.79493</i>
                        <i>1 0 0 0 1 0 0 0 1 -3.34236 3.30811 -1.79855</i>
                        <i>1 0 0 0 1 0 0 0 1 -3.34236 3.31108 -1.80212</i>
                        <i>1 0 0 0 1 0 0 0 1 -3.34236 3.31385 -1.80556</i>
                        <i>1 0 0 0 1 0 0 0 1 -3.34236 3.31632 -1.80877</i>
                        <i>1 0 0 0 1 0 0 0 1 -3.34236 3.31838 -1.8117</i>
                        <i>1 0 0 0 1 0 0 0 1 -3.34236 3.31994 -1.8143</i>
                        <i>1 0 0 0 1 0 0 0 1 -3.34236 3.32089 -1.81653</i>
                        <i>1 0 0 0 1 0 0 0 1 -3.34236 3.32112 -1.81837</i>
                        <i>1 0 0 0 1 0 0 0 1 -3.34236 3.31917 -1.81994</i>
                        <i>1 0 0 0 1 0 0 0 1 -3.34236 3.31441 -1.82133</i>
                        <i>1 0 0 0 1 0 0 0 1 -3.34236 3.30795 -1.82253</i>
                        <i>1 0 0 0 1 0 0 0 1 -3.34236 3.30092 -1.82352</i>
                        <i>1 0 0 0 1 0 0 0 1 -3.34236 3.29445 -1.82429</i>
                        <i>1 0 0 0 1 0 0 0 1 -3.34236 3.28964 -1.82486</i>
                        <i>1 0 0 0 1 0 0 0 1 -3.34236 3.28764 -1.82527</i>
                        <i>1 0 0 0 1 0 0 0 1 -3.34236 3.28753 -1.8256</i>
                        <i>1 0 0 0 1 0 0 0 1 -3.34236 3.28762 -1.82591</i>
                        <i>1 0 0 0 1 0 0 0 1 -3.34236 3.28791 -1.82619</i>
                        <i>1 0 0 0 1 0 0 0 1 -3.34236 3.28838 -1.82644</i>
                        <i>1 0 0 0 1 0 0 0 1 -3.34236 3.289 -1.82667</i>
                        <i>1 0 0 0 1 0 0 0 1 -3.34236 3.28975 -1.82685</i>
                        <i>1 0 0 0 1 0 0 0 1 -3.34236 3.29062 -1.827</i>
                        <i>1 0 0 0 1 0 0 0 1 -3.34236 3.29158 -1.82712</i>
                        <i>1 0 0 0 1 0 0 0 1 -3.34236 3.29262 -1.82719</i>
                        <i>1 0 0 0 1 0 0 0 1 -3.34236 3.29372 -1.82722</i>
                        <i>1 0 0 0 1 0 0 0 1 -3.34236 3.29485 -1.8272</i>
                        <i>1 0 0 0 1 0 0 0 1 -3.34236 3.29599 -1.82713</i>
                        <i>1 0 0 0 1 0 0 0 1 -3.34236 3.29714 -1.82701</i>
                        <i>1 0 0 0 1 0 0 0 1 -3.34236 3.29826 -1.82683</i>
                        <i>1 0 0 0 1 0 0 0 1 -3.34236 3.29934 -1.8266</i>
                        <i>1 0 0 0 1 0 0 0 1 -3.34236 3.30036 -1.82631</i>
                        <i>1 0 0 0 1 0 0 0 1 -3.34236 3.3013 -1.82596</i>
                        <i>1 0 0 0 1 0 0 0 1 -3.34236 3.30215 -1.82554</i>
                        <i>1 0 0 0 1 0 0 0 1 -3.34236 3.30292 -1.82506</i>
                        <i>1 0 0 0 1 0 0 0 1 -3.34236 3.3036 -1.8245</i>
                        <i>1 0 0 0 1 0 0 0 1 -3.34236 3.30418 -1.82387</i>
                        <i>1 0 0 0 1 0 0 0 1 -3.34236 3.30465 -1.82317</i>
                        <i>1 0 0 0 1 0 0 0 1 -3.34236 3.305 -1.82238</i>
                        <i>1 0 0 0 1 0 0 0 1 -3.34236 3.30522 -1.82151</i>
                        <i>1 0 0 0 1 0 0 0 1 -3.34236 3.30531 -1.82056</i>
                        <i>1 0 0 0 1 0 0 0 1 -3.34236 3.30525 -1.81951</i>
                        <i>1 0 0 0 1 0 0 0 1 -3.34236 3.30503 -1.81837</i>
                        <i>1 0 0 0 1 0 0 0 1 -3.34236 3.30458 -1.81674</i>
                        <i>1 0 0 0 1 0 0 0 1 -3.34236 3.30383 -1.81432</i>
                        <i>1 0 0 0 1 0 0 0 1 -3.34236 3.30284 -1.81125</i>
                        <i>1 0 0 0 1 0 0 0 1 -3.34236 3.30166 -1.80767</i>
                        <i>1 0 0 0 1 0 0 0 1 -3.34236 3.30033 -1.80375</i>
                        <i>1 0 0 0 1 0 0 0 1 -3.34236 3.29891 -1.79961</i>
                        <i>1 0 0 0 1 0 0 0 1 -3.34236 3.29743 -1.79542</i>
                        <i>1 0 0 0 1 0 0 0 1 -3.34236 3.29595 -1.79131</i>
                        <i>1 0 0 0 1 0 0 0 1 -3.34236 3.29451 -1.78743</i>
                        <i>1 0 0 0 1 0 0 0 1 -3.34236 3.29317 -1.78392</i>
                        <i>1 0 0 0 1 0 0 0 1 -3.34236 3.29197 -1.78095</i>
                        <i>1 0 0 0 1 0 0 0 1 -3.34236 3.29096 -1.77864</i>
                        <i>1 0 0 0 1 0 0 0 1 -3.34236 3.29018 -1.77714</i>
                        <i>1 0 0 0 1 0 0 0 1 -3.34236 3.28968 -1.77661</i>
                    </KeyFrames>
                </p>
            </i>
            <i>
                <p>
                    <Name><![CDATA[spine0]]></Name>
                    <Exclude>0</Exclude>
                    <Additive>0</Additive>
                    <IKPriority>0</IKPriority>
                    <IKRotLimits>-1e+010 -1e+010 -1e+010 1e+010 1e+010 1e+010</IKRotLimits>
                    <IKRotLimitOrder>0</IKRotLimitOrder>
                    <KeyFrames count="65">
                        <i>0.152287 0.942156 0.29858 -0.910801 0.251077 -0.327721 -0.383731 -0.22204 0.896353 -3.29671 3.42518 -1.79251</i>
                        <i>0.152455 0.942864 0.296252 -0.909634 0.251069 -0.330955 -0.386425 -0.219025 0.895937 -3.29662 3.42521 -1.79296</i>
                        <i>0.152249 0.944515 0.291054 -0.908247 0.249838 -0.335662 -0.389754 -0.213245 0.89589 -3.29659 3.42596 -1.79437</i>
                        <i>0.151329 0.946746 0.284204 -0.906671 0.247474 -0.34162 -0.39376 -0.205983 0.895837 -3.29661 3.42733 -1.79664</i>
                        <i>0.149306 0.949215 0.276945 -0.90494 0.244051 -0.348602 -0.398487 -0.19857 0.89542 -3.29669 3.42923 -1.79969</i>
                        <i>0.146226 0.951858 0.269416 -0.903092 0.239608 -0.356389 -0.403785 -0.191194 0.894652 -3.29683 3.43155 -1.80338</i>
                        <i>0.142419 0.954745 0.26111 -0.901172 0.234184 -0.364755 -0.409396 -0.183357 0.893742 -3.29704 3.43418 -1.80758</i>
                        <i>0.13788 0.957765 0.25234 -0.899223 0.227851 -0.373473 -0.415195 -0.175415 0.89266 -3.29731 3.43704 -1.81213</i>
                        <i>0.132595 0.960815 0.243421 -0.897294 0.220687 -0.382311 -0.421049 -0.167728 0.891395 -3.29767 3.44002 -1.81687</i>
                        <i>0.126546 0.963805 0.234661 -0.89544 0.212778 -0.391042 -0.426819 -0.16064 0.889955 -3.29811 3.44303 -1.82166</i>
                        <i>0.119719 0.966661 0.226347 -0.893723 0.204217 -0.399442 -0.432349 -0.154471 0.888377 -3.29865 3.44598 -1.82636</i>
                        <i>0.112104 0.969323 0.218736 -0.892216 0.195096 -0.407294 -0.437474 -0.1495 0.886716 -3.29928 3.44876 -1.83085</i>
                        <i>0.1037 0.971742 0.212048 -0.890994 0.185508 -0.414386 -0.442013 -0.145962 0.885053 -3.30004 3.45128 -1.83503</i>
                        <i>0.0944307 0.973854 0.20662 -0.889992 0.175582 -0.420814 -0.44609 -0.144152 0.883303 -3.3009 3.45344 -1.83881</i>
                        <i>0.0842853 0.975618 0.202645 -0.889117 0.165448 -0.426728 -0.449851 -0.144208 0.881384 -3.30185 3.45515 -1.84212</i>
                        <i>0.0733803 0.977027 0.200082 -0.888417 0.155194 -0.432006 -0.453134 -0.146056 0.879396 -3.30291 3.45629 -1.84492</i>
                        <i>0.0618528 0.978074 0.198861 -0.887943 0.144908 -0.43653 -0.455775 -0.149577 0.877437 -3.30407 3.45677 -1.84718</i>
                        <i>0.0463588 0.979018 0.198429 -0.888262 0.131277 -0.440178 -0.456992 -0.155851 0.875711 -3.30581 3.45523 -1.84908</i>
                        <i>0.025487 0.97982 0.198249 -0.889347 0.112788 -0.443104 -0.456522 -0.165019 0.874275 -3.30835 3.45105 -1.8508</i>
                        <i>0.00158048 0.980148 0.198258 -0.890594 0.0915471 -0.44549 -0.454796 -0.175864 0.873059 -3.31136 3.44525 -1.85229</i>
                        <i>-0.023437 0.979842 0.198394 -0.891627 0.069269 -0.447441 -0.452164 -0.18738 0.87203 -3.31458 3.43885 -1.85353</i>
                        <i>-0.0475751 0.978933 0.19856 -0.892246 0.0477144 -0.449022 -0.449037 -0.198527 0.871179 -3.31774 3.43293 -1.85451</i>
                        <i>-0.0681758 0.97771 0.198583 -0.892407 0.0292294 -0.450283 -0.446051 -0.207915 0.870523 -3.32047 3.42855 -1.85524</i>
                        <i>-0.0804682 0.976852 0.198206 -0.892205 0.0180681 -0.451269 -0.444404 -0.213153 0.870098 -3.3221 3.42676 -1.85578</i>
                        <i>-0.0848414 0.976629 0.197477 -0.89186 0.0139374 -0.452096 -0.444283 -0.214478 0.869835 -3.32265 3.4267 -1.85623</i>
                        <i>-0.0876042 0.976555 0.196638 -0.891519 0.0112085 -0.452845 -0.444432 -0.214977 0.869635 -3.32299 3.42682 -1.85665</i>
                        <i>-0.0888849 0.976629 0.195689 -0.891196 0.009762 -0.453513 -0.444825 -0.214708 0.869501 -3.32314 3.42711 -1.85703</i>
                        <i>-0.0888015 0.976848 0.194633 -0.890903 0.00948795 -0.454095 -0.445429 -0.213723 0.869434 -3.32311 3.42755 -1.85738</i>
                        <i>-0.0874632 0.9772 0.193468 -0.890642 0.0102843 -0.454588 -0.446213 -0.21207 0.869436 -3.32293 3.42812 -1.85768</i>
                        <i>-0.0849604 0.977676 0.192176 -0.890416 0.0120568 -0.454988 -0.447148 -0.209773 0.869514 -3.3226 3.42882 -1.85794</i>
                        <i>-0.0813921 0.978256 0.190765 -0.890221 0.0147165 -0.45529 -0.448198 -0.20688 0.869666 -3.32214 3.4296 -1.85816</i>
                        <i>-0.0768701 0.97891 0.189276 -0.890054 0.0181785 -0.455493 -0.449327 -0.203479 0.869886 -3.32157 3.43047 -1.85832</i>
                        <i>-0.0715021 0.979611 0.18775 -0.889908 0.0223629 -0.455591 -0.4505 -0.199656 0.870165 -3.3209 3.4314 -1.85843</i>
                        <i>-0.0653919 0.980328 0.18623 -0.889779 0.0271935 -0.455581 -0.451683 -0.195495 0.870497 -3.32014 3.43237 -1.85848</i>
                        <i>-0.0586402 0.981033 0.184756 -0.88966 0.0325973 -0.455459 -0.452843 -0.191079 0.870874 -3.31931 3.43336 -1.85847</i>
                        <i>-0.0513454 0.981702 0.18337 -0.889545 0.0385046 -0.455222 -0.453953 -0.186489 0.871291 -3.31841 3.43436 -1.85839</i>
                        <i>-0.0436032 0.982311 0.182112 -0.889431 0.0448476 -0.454865 -0.454986 -0.18181 0.871742 -3.31745 3.43534 -1.85825</i>
                        <i>-0.0355082 0.982838 0.181023 -0.889313 0.051561 -0.454384 -0.455919 -0.17712 0.872219 -3.31646 3.43629 -1.85804</i>
                        <i>-0.0271531 0.983265 0.180144 -0.889189 0.0585807 -0.453775 -0.456734 -0.172503 0.872718 -3.31543 3.43718 -1.85775</i>
                        <i>-0.0186294 0.983579 0.179514 -0.889059 0.0658444 -0.453033 -0.457414 -0.168038 0.873233 -3.31438 3.43801 -1.85739</i>
                        <i>-0.0100278 0.983766 0.179175 -0.888924 0.0732906 -0.452154 -0.457946 -0.163807 0.873758 -3.31331 3.43875 -1.85695</i>
                        <i>-0.00139968 0.98383 0.179098 -0.888787 0.0808604 -0.451132 -0.458319 -0.159811 0.874302 -3.31225 3.43939 -1.85642</i>
                        <i>0.00721404 0.98378 0.179237 -0.888652 0.0884958 -0.449962 -0.458525 -0.156033 0.874876 -3.31119 3.43996 -1.8558</i>
                        <i>0.0157398 0.983613 0.179604 -0.888528 0.0961375 -0.448637 -0.458552 -0.152521 0.875481 -3.31015 3.44043 -1.85509</i>
                        <i>0.0241041 0.983332 0.180212 -0.888423 0.103726 -0.447153 -0.458392 -0.149327 0.876115 -3.30914 3.44081 -1.85429</i>
                        <i>0.0322332 0.982941 0.181076 -0.888349 0.111201 -0.445501 -0.458037 -0.146498 0.876778 -3.30816 3.44108 -1.85339</i>
                        <i>0.040053 0.982444 0.182208 -0.888318 0.118501 -0.443676 -0.457479 -0.144088 0.877469 -3.30723 3.44124 -1.85238</i>
                        <i>0.0474889 0.981849 0.183622 -0.888347 0.125566 -0.44167 -0.45671 -0.142145 0.878186 -3.30635 3.44129 -1.85126</i>
                        <i>0.0544653 0.981165 0.185332 -0.888454 0.132331 -0.439474 -0.455722 -0.140723 0.878928 -3.30554 3.44122 -1.85004</i>
                        <i>0.0609057 0.980403 0.187353 -0.888659 0.138731 -0.43708 -0.454506 -0.139872 0.879693 -3.30481 3.44102 -1.84869</i>
                        <i>0.0667323 0.979572 0.1897 -0.888983 0.1447 -0.434478 -0.453052 -0.139646 0.880479 -3.30416 3.4407 -1.84723</i>
                        <i>0.0726602 0.97842 0.19343 -0.889712 0.15123 -0.430747 -0.450704 -0.140799 0.8815 -3.30355 3.44017 -1.84512</i>
                        <i>0.0793475 0.976713 0.199339 -0.891008 0.159159 -0.425174 -0.447 -0.143876 0.882888 -3.3029 3.43938 -1.84198</i>
                        <i>0.0866328 0.974488 0.207046 -0.892714 0.168187 -0.418061 -0.442217 -0.148615 0.88451 -3.30222 3.43838 -1.83799</i>
                        <i>0.0943538 0.971787 0.216167 -0.89468 0.178004 -0.409709 -0.436629 -0.154743 0.886234 -3.30153 3.4372 -1.83333</i>
                        <i>0.102341 0.968662 0.226318 -0.896773 0.188301 -0.400426 -0.430493 -0.161976 0.887941 -3.30082 3.43588 -1.82821</i>
                        <i>0.110412 0.965189 0.237107 -0.89888 0.198762 -0.390522 -0.424056 -0.170012 0.889535 -3.30012 3.43446 -1.82279</i>
                        <i>0.118374 0.961465 0.24814 -0.900916 0.209073 -0.380314 -0.417537 -0.178535 0.890948 -3.29943 3.43298 -1.81729</i>
                        <i>0.126017 0.957616 0.259019 -0.90282 0.218918 -0.370122 -0.411139 -0.187206 0.892143 -3.29877 3.4315 -1.81187</i>
                        <i>0.133121 0.953799 0.269344 -0.904559 0.227986 -0.360272 -0.405034 -0.195677 0.893117 -3.29816 3.43005 -1.80676</i>
                        <i>0.139456 0.950196 0.278711 -0.906119 0.235969 -0.351094 -0.399375 -0.203583 0.893898 -3.29762 3.42868 -1.80213</i>
                        <i>0.144781 0.947011 0.28672 -0.907507 0.242565 -0.342918 -0.394295 -0.210552 0.894539 -3.29719 3.42746 -1.79819</i>
                        <i>0.148856 0.944464 0.292968 -0.90874 0.247475 -0.336077 -0.389914 -0.216204 0.89511 -3.29687 3.42643 -1.79514</i>
                        <i>0.151438 0.942775 0.297055 -0.909835 0.250409 -0.330901 -0.38635 -0.22016 0.895691 -3.29671 3.42566 -1.79318</i>
                        <i>0.152287 0.942156 0.29858 -0.910801 0.251077 -0.327721 -0.383731 -0.22204 0.896353 -3.29671 3.42518 -1.79251</i>
                    </KeyFrames>
                </p>
            </i>
            <i>
                <p>
                    <Name><![CDATA[spine1]]></Name>
                    <Exclude>0</Exclude>
                    <Additive>0</Additive>
                    <IKPriority>0</IKPriority>
                    <IKRotLimits>-1e+010 -1e+010 -1e+010 1e+010 1e+010 1e+010</IKRotLimits>
                    <IKRotLimitOrder>0</IKRotLimitOrder>
                    <KeyFrames count="65">
                        <i>0.0164599 0.811475 0.584155 -0.916949 0.245196 -0.314775 -0.398664 -0.530459 0.748118 -3.27004 3.59016 -1.74025</i>
                        <i>0.0155961 0.815431 0.578644 -0.911606 0.249343 -0.326806 -0.410768 -0.522399 0.747241 -3.26993 3.59027 -1.74112</i>
                        <i>0.0152712 0.822505 0.568553 -0.905715 0.252281 -0.340638 -0.423612 -0.509745 0.748807 -3.26994 3.59124 -1.74345</i>
                        <i>0.0141201 0.830415 0.556967 -0.899297 0.254051 -0.355981 -0.43711 -0.495852 0.750377 -3.27013 3.59294 -1.74695</i>
                        <i>0.0105908 0.837037 0.547043 -0.892374 0.254751 -0.37252 -0.451173 -0.484222 0.749648 -3.27057 3.59524 -1.75128</i>
                        <i>0.00480842 0.842483 0.538702 -0.885045 0.254347 -0.389876 -0.465481 -0.474901 0.746858 -3.27125 3.59802 -1.75628</i>
                        <i>-0.00195093 0.848045 0.529921 -0.877478 0.252706 -0.407642 -0.479613 -0.465789 0.743648 -3.27212 3.60117 -1.76193</i>
                        <i>-0.00967133 0.853498 0.521006 -0.869811 0.24985 -0.425444 -0.49329 -0.457292 0.739966 -3.27319 3.60457 -1.76801</i>
                        <i>-0.0183428 0.858625 0.512276 -0.862204 0.245832 -0.442911 -0.506229 -0.449811 0.735801 -3.27446 3.60811 -1.77431</i>
                        <i>-0.027955 0.863222 0.50405 -0.854838 0.240729 -0.459676 -0.518141 -0.443731 0.731185 -3.27596 3.61167 -1.78062</i>
                        <i>-0.0384909 0.867105 0.496636 -0.847915 0.234636 -0.475381 -0.528734 -0.439402 0.7262 -3.27768 3.61515 -1.78677</i>
                        <i>-0.0499209 0.87011 0.490323 -0.841655 0.227657 -0.489683 -0.537703 -0.437128 0.720968 -3.27965 3.61844 -1.79258</i>
                        <i>-0.062197 0.872091 0.485374 -0.836295 0.219892 -0.502253 -0.54474 -0.437155 0.715649 -3.28187 3.62144 -1.79792</i>
                        <i>-0.0755898 0.872669 0.482426 -0.831833 0.211602 -0.513107 -0.549854 -0.440084 0.70992 -3.28434 3.62404 -1.80264</i>
                        <i>-0.0901874 0.871655 0.481751 -0.828122 0.203077 -0.522468 -0.553245 -0.446069 0.703522 -3.28707 3.62614 -1.80663</i>
                        <i>-0.105621 0.869213 0.483026 -0.82519 0.194438 -0.530334 -0.554892 -0.454602 0.696729 -3.29003 3.62762 -1.80986</i>
                        <i>-0.121487 0.865525 0.485909 -0.823062 0.185782 -0.536706 -0.554805 -0.465136 0.689811 -3.2932 3.62839 -1.81231</i>
                        <i>-0.140528 0.86043 0.489808 -0.822426 0.173995 -0.54161 -0.551241 -0.478942 0.683189 -3.29766 3.62712 -1.81426</i>
                        <i>-0.16382 0.853827 0.494109 -0.823271 0.157622 -0.545326 -0.543497 -0.49612 0.677109 -3.30386 3.6232 -1.81599</i>
                        <i>-0.189081 0.84604 0.498462 -0.824828 0.138602 -0.548131 -0.532829 -0.514787 0.671631 -3.31107 3.61755 -1.81746</i>
                        <i>-0.21445 0.837538 0.502536 -0.826565 0.118502 -0.550224 -0.520385 -0.533374 0.666867 -3.31869 3.6112 -1.81866</i>
                        <i>-0.238087 0.829035 0.50598 -0.828107 0.0989378 -0.55177 -0.507497 -0.550375 0.662974 -3.3261 3.60519 -1.81959</i>
                        <i>-0.257679 0.821672 0.508386 -0.829181 0.0820703 -0.552922 -0.496044 -0.564021 0.660167 -3.33246 3.60066 -1.82031</i>
                        <i>-0.269227 0.817408 0.509274 -0.829522 0.0718407 -0.553833 -0.489295 -0.571562 0.658717 -3.33626 3.59875 -1.82091</i>
                        <i>-0.273501 0.816144 0.509025 -0.829278 0.0680477 -0.554678 -0.487335 -0.573829 0.658198 -3.33758 3.59866 -1.82149</i>
                        <i>-0.276201 0.815651 0.508357 -0.828922 0.0655299 -0.555513 -0.486417 -0.574821 0.658011 -3.3384 3.59877 -1.82205</i>
                        <i>-0.277426 0.815916 0.507263 -0.828487 0.0641696 -0.55632 -0.486462 -0.574598 0.658173 -3.33878 3.59907 -1.8226</i>
                        <i>-0.277261 0.816918 0.505738 -0.827998 0.0638575 -0.557082 -0.487386 -0.573208 0.658702 -3.33873 3.59954 -1.82314</i>
                        <i>-0.275781 0.818629 0.503777 -0.827478 0.0644917 -0.557782 -0.489106 -0.57069 0.659612 -3.33831 3.60016 -1.82365</i>
                        <i>-0.273017 0.821063 0.501315 -0.826943 0.0659712 -0.558403 -0.491556 -0.567012 0.660961 -3.33754 3.6009 -1.82414</i>
                        <i>-0.269035 0.824168 0.498364 -0.826408 0.0682087 -0.558926 -0.494642 -0.562222 0.662749 -3.33645 3.60176 -1.82461</i>
                        <i>-0.263957 0.827818 0.49502 -0.825884 0.0711314 -0.559335 -0.498239 -0.556469 0.664906 -3.33508 3.6027 -1.82504</i>
                        <i>-0.2579 0.831884 0.491382 -0.825383 0.0746711 -0.559614 -0.502226 -0.549903 0.667365 -3.33346 3.6037 -1.82543</i>
                        <i>-0.250982 0.836243 0.48755 -0.824913 0.0787641 -0.559745 -0.506485 -0.542672 0.67006 -3.33163 3.60474 -1.82575</i>
                        <i>-0.243318 0.840776 0.483624 -0.824485 0.08335 -0.559712 -0.510903 -0.534929 0.672926 -3.3296 3.6058 -1.82601</i>
                        <i>-0.235028 0.845367 0.479705 -0.824107 0.0883716 -0.559498 -0.515373 -0.526826 0.675903 -3.32742 3.60685 -1.82619</i>
                        <i>-0.226232 0.849907 0.475897 -0.82379 0.0937745 -0.559086 -0.519798 -0.518522 0.67893 -3.3251 3.60788 -1.82628</i>
                        <i>-0.217054 0.854294 0.472302 -0.823543 0.0995062 -0.558458 -0.524085 -0.510176 0.68195 -3.32268 3.60886 -1.82627</i>
                        <i>-0.20762 0.858434 0.469026 -0.823377 0.105516 -0.557599 -0.528151 -0.501954 0.684907 -3.32018 3.60978 -1.82615</i>
                        <i>-0.198059 0.862237 0.466176 -0.823304 0.111755 -0.55649 -0.531923 -0.494022 0.68775 -3.31763 3.61061 -1.82591</i>
                        <i>-0.188501 0.865622 0.463859 -0.823337 0.118175 -0.555113 -0.535335 -0.486552 0.690423 -3.31506 3.61133 -1.82553</i>
                        <i>-0.178947 0.868644 0.461991 -0.823492 0.124709 -0.553451 -0.538366 -0.479485 0.693005 -3.31248 3.61195 -1.82503</i>
                        <i>-0.16936 0.871389 0.460433 -0.823791 0.131289 -0.551482 -0.541005 -0.472699 0.695607 -3.30991 3.61246 -1.82439</i>
                        <i>-0.159815 0.873832 0.459213 -0.824251 0.137859 -0.549186 -0.543203 -0.466275 0.698225 -3.30738 3.61287 -1.82363</i>
                        <i>-0.150389 0.875952 0.458357 -0.824893 0.144366 -0.546544 -0.544917 -0.46029 0.700856 -3.3049 3.61315 -1.82272</i>
                        <i>-0.14116 0.877728 0.457894 -0.825739 0.150753 -0.543534 -0.546104 -0.454826 0.703494 -3.3025 3.61332 -1.82168</i>
                        <i>-0.132205 0.879144 0.457851 -0.826811 0.156963 -0.540135 -0.546722 -0.449965 0.706134 -3.3002 3.61337 -1.82048</i>
                        <i>-0.123603 0.880183 0.458257 -0.828134 0.162937 -0.536326 -0.546732 -0.44579 0.70877 -3.29802 3.61328 -1.81912</i>
                        <i>-0.115433 0.880833 0.459139 -0.829734 0.168614 -0.532081 -0.546092 -0.442383 0.711393 -3.29599 3.61307 -1.8176</i>
                        <i>-0.107772 0.881079 0.460527 -0.831637 0.173928 -0.527379 -0.544761 -0.439828 0.713994 -3.29414 3.61272 -1.8159</i>
                        <i>-0.100699 0.88091 0.462447 -0.833871 0.178811 -0.522193 -0.542695 -0.438206 0.716559 -3.29247 3.61223 -1.81403</i>
                        <i>-0.0933264 0.879794 0.466103 -0.837082 0.18413 -0.515161 -0.539059 -0.438245 0.719276 -3.29082 3.61148 -1.81127</i>
                        <i>-0.0848666 0.877308 0.472365 -0.841686 0.190597 -0.50521 -0.533256 -0.440458 0.722243 -3.289 3.61039 -1.8071</i>
                        <i>-0.0755421 0.873591 0.480763 -0.847371 0.197898 -0.492747 -0.525601 -0.444608 0.725305 -3.28704 3.60899 -1.80176</i>
                        <i>-0.0655723 0.868786 0.490827 -0.85383 0.205709 -0.478182 -0.516405 -0.450439 0.728307 -3.285 3.60734 -1.79551</i>
                        <i>-0.0551802 0.863053 0.50209 -0.860782 0.213701 -0.461937 -0.505974 -0.457679 0.731109 -3.2829 3.60547 -1.7886</i>
                        <i>-0.0445963 0.856579 0.514085 -0.867977 0.221549 -0.444446 -0.494598 -0.466034 0.733611 -3.28078 3.60345 -1.7813</i>
                        <i>-0.0340609 0.849581 0.526357 -0.875203 0.228936 -0.426155 -0.482555 -0.475185 0.735758 -3.27869 3.60132 -1.77386</i>
                        <i>-0.0238238 0.842314 0.53846 -0.882291 0.235559 -0.407522 -0.470101 -0.484787 0.737555 -3.27669 3.59917 -1.76654</i>
                        <i>-0.0141437 0.835072 0.549959 -0.889113 0.241137 -0.389014 -0.45747 -0.494478 0.739062 -3.27484 3.59706 -1.75962</i>
                        <i>-0.00528613 0.828181 0.560436 -0.895577 0.245411 -0.371101 -0.444876 -0.503875 0.740402 -3.2732 3.59507 -1.75335</i>
                        <i>0.00247844 0.821998 0.569485 -0.901624 0.248149 -0.354255 -0.432514 -0.512583 0.741748 -3.27183 3.59329 -1.74801</i>
                        <i>0.00887593 0.816899 0.576712 -0.907218 0.249144 -0.338944 -0.420568 -0.520195 0.743317 -3.2708 3.59182 -1.74386</i>
                        <i>0.0136295 0.813268 0.58173 -0.912334 0.248214 -0.325632 -0.40922 -0.526294 0.745355 -3.27018 3.59075 -1.74119</i>
                        <i>0.0164599 0.811475 0.584155 -0.916949 0.245196 -0.314775 -0.398664 -0.530459 0.748118 -3.27004 3.59016 -1.74025</i>
                    </KeyFrames>
                </p>
            </i>
            <i>
                <p>
                    <Name><![CDATA[spine2]]></Name>
                    <Exclude>0</Exclude>
                    <Additive>0</Additive>
                    <IKPriority>0</IKPriority>
                    <IKRotLimits>-1e+010 -1e+010 -1e+010 1e+010 1e+010 1e+010</IKRotLimits>
                    <IKRotLimitOrder>0</IKRotLimitOrder>
                    <KeyFrames count="65">
                        <i>-0.0551693 0.651863 0.756327 -0.922213 0.257084 -0.288845 -0.382727 -0.71343 0.586973 -3.26742 3.72074 -1.64611</i>
                        <i>-0.0594816 0.659127 0.749676 -0.912931 0.267841 -0.307925 -0.403755 -0.702718 0.585806 -3.26745 3.72147 -1.64789</i>
                        <i>-0.0629723 0.671285 0.73852 -0.902547 0.277529 -0.329222 -0.425962 -0.68728 0.588389 -3.26753 3.72354 -1.65189</i>
                        <i>-0.067357 0.684505 0.72589 -0.891115 0.285955 -0.35234 -0.44875 -0.670584 0.590712 -3.26792 3.72647 -1.65729</i>
                        <i>-0.0746282 0.695145 0.714985 -0.878722 0.293136 -0.376721 -0.471464 -0.656387 0.588963 -3.26894 3.72981 -1.66323</i>
                        <i>-0.0845875 0.703413 0.70573 -0.865545 0.299013 -0.401774 -0.493636 -0.644826 0.583543 -3.27056 3.73348 -1.66959</i>
                        <i>-0.0955116 0.711631 0.69603 -0.851842 0.303336 -0.427028 -0.515018 -0.633694 0.577225 -3.27253 3.73753 -1.67665</i>
                        <i>-0.107324 0.719471 0.68618 -0.837881 0.306069 -0.45197 -0.535197 -0.623445 0.569983 -3.27485 3.74182 -1.68416</i>
                        <i>-0.119955 0.72661 0.676497 -0.823981 0.307229 -0.476095 -0.553775 -0.614531 0.561859 -3.27753 3.7462 -1.69186</i>
                        <i>-0.133335 0.732745 0.667313 -0.810499 0.30688 -0.498915 -0.570362 -0.607379 0.552971 -3.28059 3.75053 -1.69949</i>
                        <i>-0.147384 0.737596 0.658962 -0.797834 0.305115 -0.519968 -0.584585 -0.602376 0.54351 -3.28402 3.75466 -1.70682</i>
                        <i>-0.162007 0.740911 0.65177 -0.786412 0.302038 -0.538821 -0.596078 -0.599853 0.533729 -3.28784 3.75847 -1.71363</i>
                        <i>-0.177089 0.742467 0.646051 -0.776683 0.297746 -0.555078 -0.604486 -0.600075 0.523934 -3.29204 3.76183 -1.71974</i>
                        <i>-0.192955 0.741629 0.64246 -0.768787 0.292588 -0.568647 -0.609701 -0.603638 0.513698 -3.29668 3.76457 -1.72491</i>
                        <i>-0.209741 0.738131 0.641226 -0.762557 0.286984 -0.579782 -0.611977 -0.610575 0.502675 -3.30177 3.76657 -1.72898</i>
                        <i>-0.226988 0.732341 0.641991 -0.757968 0.281076 -0.588627 -0.611524 -0.620219 0.49129 -3.30723 3.76773 -1.73196</i>
                        <i>-0.24421 0.72466 0.644383 -0.754968 0.27496 -0.595333 -0.608593 -0.631875 0.479947 -3.31298 3.76797 -1.7339</i>
                        <i>-0.263579 0.71469 0.647877 -0.754492 0.265744 -0.600102 -0.601056 -0.646992 0.469183 -3.32053 3.76597 -1.73518</i>
                        <i>-0.285901 0.702348 0.651895 -0.756586 0.252045 -0.603367 -0.58808 -0.665718 0.459327 -3.3305 3.76105 -1.73617</i>
                        <i>-0.309183 0.688487 0.656043 -0.760158 0.235611 -0.605514 -0.57146 -0.68591 0.450512 -3.34181 3.75421 -1.73689</i>
                        <i>-0.331839 0.674047 0.659957 -0.764367 0.217868 -0.606858 -0.552834 -0.705829 0.442922 -3.35355 3.74655 -1.73738</i>
                        <i>-0.352384 0.660219 0.663277 -0.768507 0.200312 -0.607678 -0.534063 -0.723869 0.436796 -3.3648 3.73922 -1.73772</i>
                        <i>-0.369041 0.648679 0.665601 -0.77189 0.184981 -0.60825 -0.517682 -0.73824 0.432443 -3.37434 3.73353 -1.73803</i>
                        <i>-0.378782 0.642136 0.666473 -0.7736 0.175602 -0.608857 -0.508003 -0.746208 0.430241 -3.38001 3.73095 -1.73847</i>
                        <i>-0.382517 0.640152 0.666247 -0.773768 0.172129 -0.609635 -0.50494 -0.748717 0.429487 -3.38203 3.73066 -1.73908</i>
                        <i>-0.384928 0.639374 0.665606 -0.773582 0.169836 -0.610513 -0.50339 -0.749905 0.429233 -3.38329 3.7307 -1.73975</i>
                        <i>-0.386087 0.639775 0.664549 -0.773097 0.168602 -0.611468 -0.503247 -0.749841 0.429513 -3.38386 3.73104 -1.74048</i>
                        <i>-0.386051 0.641327 0.663072 -0.772362 0.168315 -0.612477 -0.504402 -0.748579 0.430358 -3.38379 3.73166 -1.74127</i>
                        <i>-0.384864 0.643997 0.661171 -0.771418 0.168863 -0.613515 -0.506749 -0.746159 0.431801 -3.38312 3.73254 -1.74211</i>
                        <i>-0.382519 0.647824 0.65879 -0.770301 0.170131 -0.614567 -0.510211 -0.74255 0.43394 -3.3819 3.73367 -1.74301</i>
                        <i>-0.379051 0.652741 0.655934 -0.769049 0.172026 -0.615606 -0.514669 -0.737792 0.436783 -3.38016 3.735 -1.74397</i>
                        <i>-0.374554 0.658556 0.652697 -0.767704 0.174477 -0.616594 -0.519942 -0.732026 0.440225 -3.37796 3.7365 -1.74496</i>
                        <i>-0.369119 0.665077 0.649171 -0.766308 0.177421 -0.617491 -0.525855 -0.725393 0.444164 -3.37535 3.73812 -1.74596</i>
                        <i>-0.362841 0.672116 0.645451 -0.764899 0.1808 -0.618257 -0.532237 -0.718033 0.448499 -3.37238 3.73983 -1.74693</i>
                        <i>-0.355814 0.679488 0.641633 -0.763518 0.18456 -0.618852 -0.538922 -0.710095 0.453132 -3.3691 3.74158 -1.74785</i>
                        <i>-0.348141 0.687013 0.637818 -0.762204 0.188652 -0.619238 -0.54575 -0.701729 0.457966 -3.36556 3.74334 -1.74869</i>
                        <i>-0.33993 0.694518 0.634107 -0.760996 0.193032 -0.619374 -0.55257 -0.693097 0.462908 -3.36181 3.74506 -1.74942</i>
                        <i>-0.331294 0.701838 0.630609 -0.759932 0.19766 -0.61922 -0.559238 -0.684364 0.467866 -3.3579 3.74671 -1.75002</i>
                        <i>-0.322354 0.708814 0.627432 -0.759052 0.202496 -0.618737 -0.565622 -0.675705 0.472751 -3.35387 3.74825 -1.75045</i>
                        <i>-0.313238 0.715295 0.624689 -0.758393 0.207506 -0.617885 -0.571596 -0.667304 0.477476 -3.34977 3.74966 -1.75069</i>
                        <i>-0.304078 0.721136 0.622495 -0.757993 0.212658 -0.616623 -0.577047 -0.659348 0.481951 -3.34564 3.7509 -1.7507</i>
                        <i>-0.294855 0.726431 0.620772 -0.757883 0.217872 -0.614935 -0.581957 -0.651789 0.486309 -3.34151 3.75197 -1.75052</i>
                        <i>-0.285497 0.731335 0.619388 -0.758095 0.223062 -0.61281 -0.586331 -0.64451 0.490737 -3.33739 3.7529 -1.75015</i>
                        <i>-0.276072 0.735799 0.618372 -0.758666 0.228178 -0.610214 -0.590094 -0.6376 0.495232 -3.33331 3.75367 -1.7496</i>
                        <i>-0.266648 0.739781 0.617756 -0.759634 0.233169 -0.607114 -0.593173 -0.631155 0.499789 -3.32931 3.75428 -1.74884</i>
                        <i>-0.257296 0.743238 0.617573 -0.76104 0.237982 -0.603475 -0.595497 -0.62527 0.504402 -3.32541 3.75471 -1.74788</i>
                        <i>-0.248085 0.74613 0.617854 -0.762922 0.242565 -0.59926 -0.596996 -0.620042 0.509062 -3.32167 3.75496 -1.7467</i>
                        <i>-0.239087 0.748421 0.61863 -0.765318 0.24686 -0.594431 -0.5976 -0.615569 0.513759 -3.3181 3.75502 -1.74529</i>
                        <i>-0.230372 0.750075 0.619932 -0.768267 0.250804 -0.588951 -0.597239 -0.611951 0.51848 -3.31475 3.75489 -1.74363</i>
                        <i>-0.22201 0.751057 0.621792 -0.771806 0.254332 -0.582779 -0.595842 -0.609285 0.523206 -3.31165 3.75456 -1.74172</i>
                        <i>-0.21407 0.751332 0.624239 -0.775972 0.25737 -0.575872 -0.593332 -0.607668 0.527917 -3.30884 3.75403 -1.73955</i>
                        <i>-0.205472 0.750146 0.62854 -0.781783 0.260537 -0.566512 -0.588725 -0.607784 0.532918 -3.30599 3.75309 -1.7362</i>
                        <i>-0.195291 0.746913 0.635596 -0.789912 0.264327 -0.553326 -0.581292 -0.610125 0.538375 -3.3028 3.75159 -1.73102</i>
                        <i>-0.183809 0.74185 0.644882 -0.799868 0.268446 -0.536794 -0.571337 -0.614488 0.544039 -3.29935 3.74959 -1.72433</i>
                        <i>-0.171305 0.735177 0.655873 -0.811163 0.272585 -0.517409 -0.559168 -0.620654 0.549654 -3.29569 3.74716 -1.71645</i>
                        <i>-0.158061 0.727138 0.668047 -0.823338 0.276428 -0.495683 -0.545097 -0.628377 0.554988 -3.2919 3.74437 -1.70773</i>
                        <i>-0.144364 0.718007 0.6809 -0.835977 0.279669 -0.472153 -0.529435 -0.637379 0.559863 -3.28807 3.74131 -1.69849</i>
                        <i>-0.130509 0.708098 0.693949 -0.848715 0.282016 -0.447381 -0.512495 -0.647351 0.564168 -3.28428 3.73806 -1.68906</i>
                        <i>-0.116798 0.69777 0.706736 -0.861248 0.283211 -0.421952 -0.49458 -0.657958 0.567874 -3.28062 3.73473 -1.67979</i>
                        <i>-0.103542 0.687424 0.718838 -0.873334 0.283032 -0.396459 -0.47599 -0.668836 0.571045 -3.2772 3.73145 -1.67101</i>
                        <i>-0.091053 0.677504 0.729862 -0.884789 0.281305 -0.371506 -0.45701 -0.6796 0.573834 -3.27412 3.72836 -1.66304</i>
                        <i>-0.0796486 0.668486 0.739448 -0.895479 0.277902 -0.347688 -0.437919 -0.689853 0.57648 -3.27149 3.72558 -1.65624</i>
                        <i>-0.0696488 0.660869 0.747262 -0.905316 0.272747 -0.325594 -0.418989 -0.699186 0.579299 -3.26942 3.72329 -1.65093</i>
                        <i>-0.0613783 0.655162 0.752991 -0.914241 0.265807 -0.305795 -0.400496 -0.707184 0.582661 -3.26802 3.72162 -1.64744</i>
                        <i>-0.0551693 0.651863 0.756327 -0.922213 0.257084 -0.288845 -0.382727 -0.71343 0.586973 -3.26742 3.72074 -1.64611</i>
                    </KeyFrames>
                </p>
            </i>
            <i>
                <p>
                    <Name><![CDATA[head]]></Name>
                    <Exclude>0</Exclude>
                    <Additive>0</Additive>
                    <IKPriority>0</IKPriority>
                    <IKRotLimits>-1e+010 -1e+010 -1e+010 1e+010 1e+010 1e+010</IKRotLimits>
                    <IKRotLimitOrder>0</IKRotLimitOrder>
                    <KeyFrames count="65">
                        <i>0.0691722 0.957693 0.279355 0.728481 0.142823 -0.670013 -0.681565 0.249851 -0.687781 -3.27482 3.8975 -1.45667</i>
                        <i>0.0750305 0.958753 0.274158 0.751152 0.126485 -0.647898 -0.655851 0.254547 -0.710679 -3.27586 3.90003 -1.4602</i>
                        <i>0.0812702 0.961089 0.264014 0.774511 0.105825 -0.623646 -0.627318 0.255166 -0.735773 -3.27672 3.90512 -1.46716</i>
                        <i>0.0862208 0.96355 0.253254 0.798364 0.085239 -0.596112 -0.595971 0.253586 -0.761914 -3.27812 3.91133 -1.47591</i>
