<?xml version="1.0" encoding="ISO-8859-1" ?>
<Animl Version="1">
    <ModellingPackage>
        <![CDATA[Maya.2010]]>
</ModellingPackage>
    <SrcFile>
        <![CDATA[anims\turrets\antiair\blue\~src\aa_chaparral\aa_chaparral_aim_up_crewman_d.mb]]>
</SrcFile>
    <FramesPerSecond>30</FramesPerSecond>
    <TotalFrames>97</TotalFrames>
    <Skeleton>
        <RefFrame>
            <Name>
                <![CDATA[soldier_ref_frame]]>
</Name>
            <Exclude>0</Exclude>
            <Additive>0</Additive>
            <IKPriority>0</IKPriority>
            <IKRotLimits>-1e+010 -1e+010 -1e+010 1e+010 1e+010 1e+010</IKRotLimits>
            <IKRotLimitOrder>0</IKRotLimitOrder>
            <KeyFrames count="97">
                <i>1 0 0 0 1 0 0 0 1 -0.62 3.84 -0.11</i>
                <i>1 0 0 0 1 0 0 0 1 -0.62 3.84 -0.11</i>
                <i>1 0 0 0 1 0 0 0 1 -0.62 3.84 -0.11</i>
                <i>1 0 0 0 1 0 0 0 1 -0.62 3.84 -0.11</i>
                <i>1 0 0 0 1 0 0 0 1 -0.62 3.84 -0.11</i>
                <i>1 0 0 0 1 0 0 0 1 -0.62 3.84 -0.11</i>
                <i>1 0 0 0 1 0 0 0 1 -0.62 3.84 -0.11</i>
                <i>1 0 0 0 1 0 0 0 1 -0.62 3.84 -0.11</i>
                <i>1 0 0 0 1 0 0 0 1 -0.62 3.84 -0.11</i>
                <i>1 0 0 0 1 0 0 0 1 -0.62 3.84 -0.11</i>
                <i>1 0 0 0 1 0 0 0 1 -0.62 3.84 -0.11</i>
                <i>1 0 0 0 1 0 0 0 1 -0.62 3.84 -0.11</i>
                <i>1 0 0 0 1 0 0 0 1 -0.62 3.84 -0.11</i>
                <i>1 0 0 0 1 0 0 0 1 -0.62 3.84 -0.11</i>
                <i>1 0 0 0 1 0 0 0 1 -0.62 3.84 -0.11</i>
                <i>1 0 0 0 1 0 0 0 1 -0.62 3.84 -0.11</i>
                <i>1 0 0 0 1 0 0 0 1 -0.62 3.84 -0.11</i>
                <i>1 0 0 0 1 0 0 0 1 -0.62 3.84 -0.11</i>
                <i>1 0 0 0 1 0 0 0 1 -0.62 3.84 -0.11</i>
                <i>1 0 0 0 1 0 0 0 1 -0.62 3.84 -0.11</i>
                <i>1 0 0 0 1 0 0 0 1 -0.62 3.84 -0.11</i>
                <i>1 0 0 0 1 0 0 0 1 -0.62 3.84 -0.11</i>
                <i>1 0 0 0 1 0 0 0 1 -0.62 3.84 -0.11</i>
                <i>1 0 0 0 1 0 0 0 1 -0.62 3.84 -0.11</i>
                <i>1 0 0 0 1 0 0 0 1 -0.62 3.84 -0.11</i>
                <i>1 0 0 0 1 0 0 0 1 -0.62 3.84 -0.11</i>
                <i>1 0 0 0 1 0 0 0 1 -0.62 3.84 -0.11</i>
                <i>1 0 0 0 1 0 0 0 1 -0.62 3.84 -0.11</i>
                <i>1 0 0 0 1 0 0 0 1 -0.62 3.84 -0.11</i>
                <i>1 0 0 0 1 0 0 0 1 -0.62 3.84 -0.11</i>
                <i>1 0 0 0 1 0 0 0 1 -0.62 3.84 -0.11</i>
                <i>1 0 0 0 1 0 0 0 1 -0.62 3.84 -0.11</i>
                <i>1 0 0 0 1 0 0 0 1 -0.62 3.84 -0.11</i>
                <i>1 0 0 0 1 0 0 0 1 -0.62 3.84 -0.11</i>
                <i>1 0 0 0 1 0 0 0 1 -0.62 3.84 -0.11</i>
                <i>1 0 0 0 1 0 0 0 1 -0.62 3.84 -0.11</i>
                <i>1 0 0 0 1 0 0 0 1 -0.62 3.84 -0.11</i>
                <i>1 0 0 0 1 0 0 0 1 -0.62 3.84 -0.11</i>
                <i>1 0 0 0 1 0 0 0 1 -0.62 3.84 -0.11</i>
                <i>1 0 0 0 1 0 0 0 1 -0.62 3.84 -0.11</i>
                <i>1 0 0 0 1 0 0 0 1 -0.62 3.84 -0.11</i>
                <i>1 0 0 0 1 0 0 0 1 -0.62 3.84 -0.11</i>
                <i>1 0 0 0 1 0 0 0 1 -0.62 3.84 -0.11</i>
                <i>1 0 0 0 1 0 0 0 1 -0.62 3.84 -0.11</i>
                <i>1 0 0 0 1 0 0 0 1 -0.62 3.84 -0.11</i>
                <i>1 0 0 0 1 0 0 0 1 -0.62 3.84 -0.11</i>
                <i>1 0 0 0 1 0 0 0 1 -0.62 3.84 -0.11</i>
                <i>1 0 0 0 1 0 0 0 1 -0.62 3.84 -0.11</i>
                <i>1 0 0 0 1 0 0 0 1 -0.62 3.84 -0.11</i>
                <i>1 0 0 0 1 0 0 0 1 -0.62 3.84 -0.11</i>
                <i>1 0 0 0 1 0 0 0 1 -0.62 3.84 -0.11</i>
                <i>1 0 0 0 1 0 0 0 1 -0.62 3.84 -0.11</i>
                <i>1 0 0 0 1 0 0 0 1 -0.62 3.84 -0.11</i>
                <i>1 0 0 0 1 0 0 0 1 -0.62 3.84 -0.11</i>
                <i>1 0 0 0 1 0 0 0 1 -0.62 3.84 -0.11</i>
                <i>1 0 0 0 1 0 0 0 1 -0.62 3.84 -0.11</i>
                <i>1 0 0 0 1 0 0 0 1 -0.62 3.84 -0.11</i>
                <i>1 0 0 0 1 0 0 0 1 -0.62 3.84 -0.11</i>
                <i>1 0 0 0 1 0 0 0 1 -0.62 3.84 -0.11</i>
                <i>1 0 0 0 1 0 0 0 1 -0.62 3.84 -0.11</i>
                <i>1 0 0 0 1 0 0 0 1 -0.62 3.84 -0.11</i>
                <i>1 0 0 0 1 0 0 0 1 -0.62 3.84 -0.11</i>
                <i>1 0 0 0 1 0 0 0 1 -0.62 3.84 -0.11</i>
                <i>1 0 0 0 1 0 0 0 1 -0.62 3.84 -0.11</i>
                <i>1 0 0 0 1 0 0 0 1 -0.62 3.84 -0.11</i>
                <i>1 0 0 0 1 0 0 0 1 -0.62 3.84 -0.11</i>
                <i>1 0 0 0 1 0 0 0 1 -0.62 3.84 -0.11</i>
                <i>1 0 0 0 1 0 0 0 1 -0.62 3.84 -0.11</i>
                <i>1 0 0 0 1 0 0 0 1 -0.62 3.84 -0.11</i>
                <i>1 0 0 0 1 0 0 0 1 -0.62 3.84 -0.11</i>
                <i>1 0 0 0 1 0 0 0 1 -0.62 3.84 -0.11</i>
                <i>1 0 0 0 1 0 0 0 1 -0.62 3.84 -0.11</i>
                <i>1 0 0 0 1 0 0 0 1 -0.62 3.84 -0.11</i>
                <i>1 0 0 0 1 0 0 0 1 -0.62 3.84 -0.11</i>
                <i>1 0 0 0 1 0 0 0 1 -0.62 3.84 -0.11</i>
                <i>1 0 0 0 1 0 0 0 1 -0.62 3.84 -0.11</i>
                <i>1 0 0 0 1 0 0 0 1 -0.62 3.84 -0.11</i>
                <i>1 0 0 0 1 0 0 0 1 -0.62 3.84 -0.11</i>
                <i>1 0 0 0 1 0 0 0 1 -0.62 3.84 -0.11</i>
                <i>1 0 0 0 1 0 0 0 1 -0.62 3.84 -0.11</i>
                <i>1 0 0 0 1 0 0 0 1 -0.62 3.84 -0.11</i>
                <i>1 0 0 0 1 0 0 0 1 -0.62 3.84 -0.11</i>
                <i>1 0 0 0 1 0 0 0 1 -0.62 3.84 -0.11</i>
                <i>1 0 0 0 1 0 0 0 1 -0.62 3.84 -0.11</i>
                <i>1 0 0 0 1 0 0 0 1 -0.62 3.84 -0.11</i>
                <i>1 0 0 0 1 0 0 0 1 -0.62 3.84 -0.11</i>
                <i>1 0 0 0 1 0 0 0 1 -0.62 3.84 -0.11</i>
                <i>1 0 0 0 1 0 0 0 1 -0.62 3.84 -0.11</i>
                <i>1 0 0 0 1 0 0 0 1 -0.62 3.84 -0.11</i>
                <i>1 0 0 0 1 0 0 0 1 -0.62 3.84 -0.11</i>
                <i>1 0 0 0 1 0 0 0 1 -0.62 3.84 -0.11</i>
                <i>1 0 0 0 1 0 0 0 1 -0.62 3.84 -0.11</i>
                <i>1 0 0 0 1 0 0 0 1 -0.62 3.84 -0.11</i>
                <i>1 0 0 0 1 0 0 0 1 -0.62 3.84 -0.11</i>
                <i>1 0 0 0 1 0 0 0 1 -0.62 3.84 -0.11</i>
                <i>1 0 0 0 1 0 0 0 1 -0.62 3.84 -0.11</i>
                <i>1 0 0 0 1 0 0 0 1 -0.62 3.84 -0.11</i>
            </KeyFrames>
        </RefFrame>
        <Bones count="23">
            <i>
                <p>
                    <Name>
                        <![CDATA[pelvis]]>
</Name>
                    <Exclude>0</Exclude>
                    <Additive>0</Additive>
                    <IKPriority>0</IKPriority>
                    <IKRotLimits>-1e+010 -1e+010 -1e+010 1e+010 1e+010 1e+010</IKRotLimits>
                    <IKRotLimitOrder>2</IKRotLimitOrder>
                    <KeyFrames count="97">
                        <i>1 0 0 0 1 0 0 0 1 -0.652874 5.04972 0.211634</i>
                        <i>1 0 0 0 1 0 0 0 1 -0.652876 5.04963 0.211643</i>
                        <i>1 0 0 0 1 0 0 0 1 -0.652882 5.0494 0.21167</i>
                        <i>1 0 0 0 1 0 0 0 1 -0.652892 5.04902 0.211713</i>
                        <i>1 0 0 0 1 0 0 0 1 -0.652905 5.04851 0.21177</i>
                        <i>1 0 0 0 1 0 0 0 1 -0.652921 5.04789 0.211839</i>
                        <i>1 0 0 0 1 0 0 0 1 -0.652939 5.04718 0.21192</i>
                        <i>1 0 0 0 1 0 0 0 1 -0.65296 5.04637 0.212011</i>
                        <i>1 0 0 0 1 0 0 0 1 -0.652982 5.0455 0.212109</i>
                        <i>1 0 0 0 1 0 0 0 1 -0.653006 5.04457 0.212214</i>
                        <i>1 0 0 0 1 0 0 0 1 -0.653032 5.0436 0.212323</i>
                        <i>1 0 0 0 1 0 0 0 1 -0.653057 5.0426 0.212436</i>
                        <i>1 0 0 0 1 0 0 0 1 -0.653084 5.04159 0.212551</i>
                        <i>1 0 0 0 1 0 0 0 1 -0.65311 5.04057 0.212665</i>
                        <i>1 0 0 0 1 0 0 0 1 -0.653136 5.03957 0.212778</i>
                        <i>1 0 0 0 1 0 0 0 1 -0.653161 5.0386 0.212887</i>
                        <i>1 0 0 0 1 0 0 0 1 -0.653185 5.03767 0.212992</i>
                        <i>1 0 0 0 1 0 0 0 1 -0.653207 5.0368 0.21309</i>
                        <i>1 0 0 0 1 0 0 0 1 -0.653228 5.03599 0.213181</i>
                        <i>1 0 0 0 1 0 0 0 1 -0.653246 5.03528 0.213262</i>
                        <i>1 0 0 0 1 0 0 0 1 -0.653262 5.03466 0.213331</i>
                        <i>1 0 0 0 1 0 0 0 1 -0.653275 5.03415 0.213388</i>
                        <i>1 0 0 0 1 0 0 0 1 -0.653285 5.03377 0.213431</i>
                        <i>1 0 0 0 1 0 0 0 1 -0.653291 5.03354 0.213458</i>
                        <i>1 0 0 0 1 0 0 0 1 -0.653293 5.03345 0.213467</i>
                        <i>1 0 0 0 1 0 0 0 1 -0.653291 5.03354 0.213458</i>
                        <i>1 0 0 0 1 0 0 0 1 -0.653285 5.03377 0.213431</i>
                        <i>1 0 0 0 1 0 0 0 1 -0.653275 5.03415 0.213388</i>
                        <i>1 0 0 0 1 0 0 0 1 -0.653262 5.03466 0.213331</i>
                        <i>1 0 0 0 1 0 0 0 1 -0.653246 5.03528 0.213262</i>
                        <i>1 0 0 0 1 0 0 0 1 -0.653228 5.03599 0.213181</i>
                        <i>1 0 0 0 1 0 0 0 1 -0.653207 5.0368 0.21309</i>
                        <i>1 0 0 0 1 0 0 0 1 -0.653185 5.03767 0.212992</i>
                        <i>1 0 0 0 1 0 0 0 1 -0.653161 5.0386 0.212887</i>
                        <i>1 0 0 0 1 0 0 0 1 -0.653136 5.03957 0.212778</i>
                        <i>1 0 0 0 1 0 0 0 1 -0.65311 5.04057 0.212665</i>
                        <i>1 0 0 0 1 0 0 0 1 -0.653084 5.04159 0.212551</i>
                        <i>1 0 0 0 1 0 0 0 1 -0.653057 5.0426 0.212436</i>
                        <i>1 0 0 0 1 0 0 0 1 -0.653032 5.0436 0.212323</i>
                        <i>1 0 0 0 1 0 0 0 1 -0.653006 5.04457 0.212214</i>
                        <i>1 0 0 0 1 0 0 0 1 -0.652982 5.0455 0.212109</i>
                        <i>1 0 0 0 1 0 0 0 1 -0.65296 5.04637 0.212011</i>
                        <i>1 0 0 0 1 0 0 0 1 -0.652939 5.04718 0.21192</i>
                        <i>1 0 0 0 1 0 0 0 1 -0.652921 5.04789 0.211839</i>
                        <i>1 0 0 0 1 0 0 0 1 -0.652905 5.04851 0.21177</i>
                        <i>1 0 0 0 1 0 0 0 1 -0.652892 5.04902 0.211713</i>
                        <i>1 0 0 0 1 0 0 0 1 -0.652882 5.0494 0.21167</i>
                        <i>1 0 0 0 1 0 0 0 1 -0.652876 5.04963 0.211643</i>
                        <i>1 0 0 0 1 0 0 0 1 -0.652874 5.04972 0.211634</i>
                        <i>1 0 0 0 1 0 0 0 1 -0.652876 5.04963 0.211643</i>
                        <i>1 0 0 0 1 0 0 0 1 -0.652882 5.0494 0.21167</i>
                        <i>1 0 0 0 1 0 0 0 1 -0.652892 5.04902 0.211713</i>
                        <i>1 0 0 0 1 0 0 0 1 -0.652905 5.04851 0.21177</i>
                        <i>1 0 0 0 1 0 0 0 1 -0.652921 5.04789 0.211839</i>
                        <i>1 0 0 0 1 0 0 0 1 -0.652939 5.04718 0.21192</i>
                        <i>1 0 0 0 1 0 0 0 1 -0.65296 5.04637 0.212011</i>
                        <i>1 0 0 0 1 0 0 0 1 -0.652982 5.0455 0.212109</i>
                        <i>1 0 0 0 1 0 0 0 1 -0.653006 5.04457 0.212214</i>
                        <i>1 0 0 0 1 0 0 0 1 -0.653032 5.0436 0.212323</i>
                        <i>1 0 0 0 1 0 0 0 1 -0.653057 5.0426 0.212436</i>
                        <i>1 0 0 0 1 0 0 0 1 -0.653084 5.04159 0.212551</i>
                        <i>1 0 0 0 1 0 0 0 1 -0.65311 5.04057 0.212665</i>
                        <i>1 0 0 0 1 0 0 0 1 -0.653136 5.03957 0.212778</i>
                        <i>1 0 0 0 1 0 0 0 1 -0.653161 5.0386 0.212887</i>
                        <i>1 0 0 0 1 0 0 0 1 -0.653185 5.03767 0.212992</i>
                        <i>1 0 0 0 1 0 0 0 1 -0.653207 5.0368 0.21309</i>
                        <i>1 0 0 0 1 0 0 0 1 -0.653228 5.03599 0.213181</i>
                        <i>1 0 0 0 1 0 0 0 1 -0.653246 5.03528 0.213262</i>
                        <i>1 0 0 0 1 0 0 0 1 -0.653262 5.03466 0.213331</i>
                        <i>1 0 0 0 1 0 0 0 1 -0.653275 5.03415 0.213388</i>
                        <i>1 0 0 0 1 0 0 0 1 -0.653285 5.03377 0.213431</i>
                        <i>1 0 0 0 1 0 0 0 1 -0.653291 5.03354 0.213458</i>
                        <i>1 0 0 0 1 0 0 0 1 -0.653293 5.03345 0.213467</i>
                        <i>1 0 0 0 1 0 0 0 1 -0.653291 5.03354 0.213458</i>
                        <i>1 0 0 0 1 0 0 0 1 -0.653285 5.03377 0.213431</i>
                        <i>1 0 0 0 1 0 0 0 1 -0.653275 5.03415 0.213388</i>
                        <i>1 0 0 0 1 0 0 0 1 -0.653262 5.03466 0.213331</i>
                        <i>1 0 0 0 1 0 0 0 1 -0.653246 5.03528 0.213262</i>
                        <i>1 0 0 0 1 0 0 0 1 -0.653228 5.03599 0.213181</i>
                        <i>1 0 0 0 1 0 0 0 1 -0.653207 5.0368 0.21309</i>
                        <i>1 0 0 0 1 0 0 0 1 -0.653185 5.03767 0.212992</i>
                        <i>1 0 0 0 1 0 0 0 1 -0.653161 5.0386 0.212887</i>
                        <i>1 0 0 0 1 0 0 0 1 -0.653136 5.03957 0.212778</i>
                        <i>1 0 0 0 1 0 0 0 1 -0.65311 5.04057 0.212665</i>
                        <i>1 0 0 0 1 0 0 0 1 -0.653084 5.04159 0.212551</i>
                        <i>1 0 0 0 1 0 0 0 1 -0.653057 5.0426 0.212436</i>
                        <i>1 0 0 0 1 0 0 0 1 -0.653032 5.0436 0.212323</i>
                        <i>1 0 0 0 1 0 0 0 1 -0.653006 5.04457 0.212214</i>
                        <i>1 0 0 0 1 0 0 0 1 -0.652982 5.0455 0.212109</i>
                        <i>1 0 0 0 1 0 0 0 1 -0.65296 5.04637 0.212011</i>
                        <i>1 0 0 0 1 0 0 0 1 -0.652939 5.04718 0.21192</i>
                        <i>1 0 0 0 1 0 0 0 1 -0.652921 5.04789 0.211839</i>
                        <i>1 0 0 0 1 0 0 0 1 -0.652905 5.04851 0.21177</i>
                        <i>1 0 0 0 1 0 0 0 1 -0.652892 5.04902 0.211713</i>
                        <i>1 0 0 0 1 0 0 0 1 -0.652882 5.0494 0.21167</i>
                        <i>1 0 0 0 1 0 0 0 1 -0.652876 5.04963 0.211643</i>
                        <i>1 0 0 0 1 0 0 0 1 -0.652874 5.04972 0.211634</i>
                    </KeyFrames>
                </p>
            </i>
            <i>
                <p>
                    <Name>
                        <![CDATA[spine0]]>
</Name>
                    <Exclude>0</Exclude>
                    <Additive>0</Additive>
                    <IKPriority>0</IKPriority>
                    <IKRotLimits>-1e+010 -1e+010 -1e+010 1e+010 1e+010 1e+010</IKRotLimits>
                    <IKRotLimitOrder>0</IKRotLimitOrder>
                    <KeyFrames count="97">
                        <i>0.106566 0.878608 -0.465501 -0.974783 0 -0.223154 -0.196065 0.477544 0.856452 -0.629527 5.14846 0.109651</i>
                        <i>0.106473 0.878833 -0.465097 -0.974783 -2.22045e-016 -0.223154 -0.196115 0.477129 0.856672 -0.629527 5.14837 0.109649</i>
                        <i>0.10641 0.878987 -0.46482 -0.974783 0 -0.223154 -0.19615 0.476845 0.856822 -0.629525 5.14809 0.109644</i>
                        <i>0.106376 0.879069 -0.464674 -0.974783 -2.22045e-016 -0.223154 -0.196168 0.476695 0.856901 -0.629523 5.14766 0.109635</i>
                        <i>0.106373 0.879076 -0.464661 -0.974783 -2.22045e-016 -0.223154 -0.19617 0.476681 0.856909 -0.629521 5.14708 0.109624</i>
                        <i>0.106401 0.879008 -0.464783 -0.974783 0 -0.223154 -0.196154 0.476807 0.856842 -0.629518 5.14637 0.109611</i>
                        <i>0.106461 0.878863 -0.465044 -0.974783 -2.22045e-016 -0.223154 -0.196122 0.477074 0.856701 -0.629514 5.14555 0.109595</i>
                        <i>0.106553 0.87864 -0.465445 -0.974783 2.22045e-016 -0.223154 -0.196072 0.477485 0.856483 -0.62951 5.14463 0.109578</i>
                        <i>0.106677 0.878336 -0.465988 -0.974783 -4.44089e-016 -0.223154 -0.196004 0.478043 0.856187 -0.629506 5.14363 0.109559</i>
                        <i>0.106835 0.877951 -0.466678 -0.974783 2.22045e-016 -0.223154 -0.195918 0.47875 0.855812 -0.629501 5.14256 0.109539</i>
                        <i>0.107027 0.877482 -0.467515 -0.974783 -4.44089e-016 -0.223154 -0.195814 0.479609 0.855355 -0.629497 5.14144 0.109519</i>
                        <i>0.107253 0.876928 -0.468503 -0.974783 0 -0.223154 -0.19569 0.480623 0.854814 -0.629492 5.1403 0.109498</i>
                        <i>0.107514 0.876286 -0.469643 -0.974783 3.33067e-016 -0.223154 -0.195547 0.481792 0.854188 -0.629487 5.13913 0.109477</i>
                        <i>0.107804 0.87557 -0.470909 -0.974783 -2.22045e-016 -0.223154 -0.195387 0.483091 0.853491 -0.629483 5.13797 0.109456</i>
                        <i>0.108112 0.874807 -0.472255 -0.974783 0 -0.223154 -0.195217 0.484472 0.852747 -0.629478 5.13682 0.109436</i>
                        <i>0.108433 0.87401 -0.473655 -0.974783 0 -0.223154 -0.195039 0.485908 0.85197 -0.629473 5.1357 0.109417</i>
                        <i>0.10876 0.873193 -0.475084 -0.974783 -2.22045e-016 -0.223154 -0.194857 0.487374 0.851174 -0.629469 5.13463 0.109398</i>
                        <i>0.109087 0.872372 -0.476515 -0.974783 -2.22045e-016 -0.223154 -0.194674 0.488842 0.850374 -0.629465 5.13363 0.109381</i>
                        <i>0.109409 0.871561 -0.477923 -0.974783 -2.22045e-016 -0.223154 -0.194493 0.490286 0.849583 -0.629462 5.13271 0.109365</i>
                        <i>0.109721 0.870776 -0.479282 -0.974783 -2.22045e-016 -0.223154 -0.194317 0.49168 0.848818 -0.629458 5.13188 0.109351</i>
                        <i>0.110015 0.870031 -0.480566 -0.974783 -2.22045e-016 -0.223154 -0.194151 0.492998 0.848091 -0.629456 5.13117 0.109339</i>
                        <i>0.110286 0.869341 -0.48175 -0.974783 0 -0.223154 -0.193997 0.494213 0.847419 -0.629454 5.13059 0.10933</i>
                        <i>0.110528 0.868722 -0.482809 -0.974783 0 -0.223154 -0.193859 0.495299 0.846816 -0.629452 5.13016 0.109323</i>
                        <i>0.110736 0.86819 -0.483718 -0.974783 -2.22045e-016 -0.223154 -0.19374 0.496231 0.846297 -0.629451 5.12988 0.109318</i>
                        <i>0.110904 0.867761 -0.48445 -0.974783 0 -0.223154 -0.193644 0.496982 0.845878 -0.62945 5.12979 0.109317</i>
                        <i>0.111027 0.867445 -0.484987 -0.974783 -2.22045e-016 -0.223154 -0.193574 0.497533 0.845571 -0.629451 5.12988 0.109318</i>
                        <i>0.111105 0.867243 -0.48533 -0.974783 -2.22045e-016 -0.223154 -0.193529 0.497885 0.845374 -0.629452 5.13016 0.109323</i>
                        <i>0.111141 0.86715 -0.485489 -0.974783 0 -0.223154 -0.193508 0.498048 0.845283 -0.629454 5.13059 0.10933</i>
                        <i>0.111137 0.867161 -0.48547 -0.974783 0 -0.223154 -0.193511 0.498028 0.845294 -0.629456 5.13117 0.109339</i>
                        <i>0.111094 0.867271 -0.485282 -0.974783 -2.22045e-016 -0.223154 -0.193535 0.497836 0.845402 -0.629458 5.13188 0.109351</i>
                        <i>0.111014 0.867477 -0.484932 -0.974783 -2.22045e-016 -0.223154 -0.193581 0.497477 0.845602 -0.629462 5.13271 0.109365</i>
                        <i>0.110899 0.867773 -0.484429 -0.974783 -2.22045e-016 -0.223154 -0.193647 0.496961 0.84589 -0.629465 5.13363 0.109381</i>
                        <i>0.110751 0.868153 -0.483781 -0.974783 0 -0.223154 -0.193732 0.496296 0.846261 -0.629469 5.13463 0.109398</i>
                        <i>0.11057 0.868614 -0.482994 -0.974783 0 -0.223154 -0.193835 0.495489 0.846711 -0.629473 5.1357 0.109417</i>
                        <i>0.110361 0.86915 -0.482077 -0.974783 0 -0.223154 -0.193954 0.494548 0.847233 -0.629478 5.13682 0.109436</i>
                        <i>0.110123 0.869756 -0.481038 -0.974783 -4.44089e-016 -0.223154 -0.19409 0.493482 0.847823 -0.629483 5.13797 0.109456</i>
                        <i>0.109858 0.870427 -0.479884 -0.974783 0 -0.223154 -0.194239 0.492298 0.848477 -0.629487 5.13913 0.109477</i>
                        <i>0.109568 0.871161 -0.478615 -0.974783 0 -0.223154 -0.194403 0.490997 0.849193 -0.629492 5.1403 0.109498</i>
                        <i>0.109255 0.871949 -0.47725 -0.974783 -2.22045e-016 -0.223154 -0.194579 0.489596 0.849962 -0.629497 5.14144 0.109519</i>
                        <i>0.108928 0.872772 -0.47582 -0.974783 0 -0.223154 -0.194763 0.488129 0.850763 -0.629501 5.14256 0.109539</i>
                        <i>0.108593 0.873609 -0.474358 -0.974783 0 -0.223154 -0.194949 0.486629 0.851579 -0.629506 5.14363 0.109559</i>
                        <i>0.108259 0.874442 -0.472897 -0.974783 -2.22045e-016 -0.223154 -0.195135 0.48513 0.852391 -0.62951 5.14463 0.109578</i>
                        <i>0.107932 0.875252 -0.471471 -0.974783 -2.22045e-016 -0.223154 -0.195316 0.483667 0.853181 -0.629514 5.14555 0.109595</i>
                        <i>0.107621 0.876021 -0.470112 -0.974783 -2.22045e-016 -0.223154 -0.195488 0.482274 0.85393 -0.629518 5.14637 0.109611</i>
                        <i>0.107333 0.87673 -0.468854 -0.974783 0 -0.223154 -0.195646 0.480983 0.854621 -0.629521 5.14708 0.109624</i>
                        <i>0.107076 0.877361 -0.467731 -0.974783 -2.22045e-016 -0.223154 -0.195787 0.479831 0.855237 -0.629523 5.14766 0.109635</i>
                        <i>0.106857 0.877897 -0.466775 -0.974783 0 -0.223154 -0.195906 0.47885 0.855759 -0.629525 5.14809 0.109644</i>
                        <i>0.106685 0.878318 -0.466021 -0.974783 -2.22045e-016 -0.223154 -0.196 0.478076 0.85617 -0.629527 5.14837 0.109649</i>
                        <i>0.106566 0.878608 -0.465501 -0.974783 0 -0.223154 -0.196065 0.477544 0.856452 -0.629527 5.14846 0.109651</i>
                        <i>0.106473 0.878833 -0.465097 -0.974783 -2.22045e-016 -0.223154 -0.196115 0.477129 0.856672 -0.629527 5.14837 0.109649</i>
                        <i>0.10641 0.878987 -0.46482 -0.974783 0 -0.223154 -0.19615 0.476845 0.856822 -0.629525 5.14809 0.109644</i>
                        <i>0.106376 0.879069 -0.464674 -0.974783 -2.22045e-016 -0.223154 -0.196168 0.476695 0.856901 -0.629523 5.14766 0.109635</i>
                        <i>0.106373 0.879076 -0.464661 -0.974783 -2.22045e-016 -0.223154 -0.19617 0.476681 0.856909 -0.629521 5.14708 0.109624</i>
                        <i>0.106401 0.879008 -0.464783 -0.974783 0 -0.223154 -0.196154 0.476807 0.856842 -0.629518 5.14637 0.109611</i>
                        <i>0.106461 0.878863 -0.465044 -0.974783 -2.22045e-016 -0.223154 -0.196122 0.477074 0.856701 -0.629514 5.14555 0.109595</i>
                        <i>0.106553 0.87864 -0.465445 -0.974783 2.22045e-016 -0.223154 -0.196072 0.477485 0.856483 -0.62951 5.14463 0.109578</i>
                        <i>0.106677 0.878336 -0.465988 -0.974783 -4.44089e-016 -0.223154 -0.196004 0.478043 0.856187 -0.629506 5.14363 0.109559</i>
                        <i>0.106835 0.877951 -0.466678 -0.974783 2.22045e-016 -0.223154 -0.195918 0.47875 0.855812 -0.629501 5.14256 0.109539</i>
                        <i>0.107027 0.877482 -0.467515 -0.974783 -4.44089e-016 -0.223154 -0.195814 0.479609 0.855355 -0.629497 5.14144 0.109519</i>
                        <i>0.107253 0.876928 -0.468503 -0.974783 0 -0.223154 -0.19569 0.480623 0.854814 -0.629492 5.1403 0.109498</i>
                        <i>0.107514 0.876286 -0.469643 -0.974783 3.33067e-016 -0.223154 -0.195547 0.481792 0.854188 -0.629487 5.13913 0.109477</i>
                        <i>0.107804 0.87557 -0.470909 -0.974783 -2.22045e-016 -0.223154 -0.195387 0.483091 0.853491 -0.629483 5.13797 0.109456</i>
                        <i>0.108112 0.874807 -0.472255 -0.974783 0 -0.223154 -0.195217 0.484472 0.852747 -0.629478 5.13682 0.109436</i>
                        <i>0.108433 0.87401 -0.473655 -0.974783 0 -0.223154 -0.195039 0.485908 0.85197 -0.629473 5.1357 0.109417</i>
                        <i>0.10876 0.873193 -0.475084 -0.974783 -2.22045e-016 -0.223154 -0.194857 0.487374 0.851174 -0.629469 5.13463 0.109398</i>
                        <i>0.109087 0.872372 -0.476515 -0.974783 -2.22045e-016 -0.223154 -0.194674 0.488842 0.850374 -0.629465 5.13363 0.109381</i>
                        <i>0.109409 0.871561 -0.477923 -0.974783 -2.22045e-016 -0.223154 -0.194493 0.490286 0.849583 -0.629462 5.13271 0.109365</i>
                        <i>0.109721 0.870776 -0.479282 -0.974783 -2.22045e-016 -0.223154 -0.194317 0.49168 0.848818 -0.629458 5.13188 0.109351</i>
                        <i>0.110015 0.870031 -0.480566 -0.974783 -2.22045e-016 -0.223154 -0.194151 0.492998 0.848091 -0.629456 5.13117 0.109339</i>
                        <i>0.110286 0.869341 -0.48175 -0.974783 0 -0.223154 -0.193997 0.494213 0.847419 -0.629454 5.13059 0.10933</i>
                        <i>0.110528 0.868722 -0.482809 -0.974783 0 -0.223154 -0.193859 0.495299 0.846816 -0.629452 5.13016 0.109323</i>
                        <i>0.110736 0.86819 -0.483718 -0.974783 -2.22045e-016 -0.223154 -0.19374 0.496231 0.846297 -0.629451 5.12988 0.109318</i>
                        <i>0.110904 0.867761 -0.48445 -0.974783 0 -0.223154 -0.193644 0.496982 0.845878 -0.62945 5.12979 0.109317</i>
                        <i>0.111027 0.867445 -0.484987 -0.974783 -2.22045e-016 -0.223154 -0.193574 0.497533 0.845571 -0.629451 5.12988 0.109318</i>
                        <i>0.111105 0.867243 -0.48533 -0.974783 -2.22045e-016 -0.223154 -0.193529 0.497885 0.845374 -0.629452 5.13016 0.109323</i>
                        <i>0.111141 0.86715 -0.485489 -0.974783 0 -0.223154 -0.193508 0.498048 0.845283 -0.629454 5.13059 0.10933</i>
                        <i>0.111137 0.867161 -0.48547 -0.974783 0 -0.223154 -0.193511 0.498028 0.845294 -0.629456 5.13117 0.109339</i>
                        <i>0.111094 0.867271 -0.485282 -0.974783 -2.22045e-016 -0.223154 -0.193535 0.497836 0.845402 -0.629458 5.13188 0.109351</i>
                        <i>0.111014 0.867477 -0.484932 -0.974783 -2.22045e-016 -0.223154 -0.193581 0.497477 0.845602 -0.629462 5.13271 0.109365</i>
                        <i>0.110899 0.867773 -0.484429 -0.974783 -2.22045e-016 -0.223154 -0.193647 0.496961 0.84589 -0.629465 5.13363 0.109381</i>
                        <i>0.110751 0.868153 -0.483781 -0.974783 0 -0.223154 -0.193732 0.496296 0.846261 -0.629469 5.13463 0.109398</i>
                        <i>0.11057 0.868614 -0.482994 -0.974783 0 -0.223154 -0.193835 0.495489 0.846711 -0.629473 5.1357 0.109417</i>
                        <i>0.110361 0.86915 -0.482077 -0.974783 0 -0.223154 -0.193954 0.494548 0.847233 -0.629478 5.13682 0.109436</i>
                        <i>0.110123 0.869756 -0.481038 -0.974783 -4.44089e-016 -0.223154 -0.19409 0.493482 0.847823 -0.629483 5.13797 0.109456</i>
                        <i>0.109858 0.870427 -0.479884 -0.974783 0 -0.223154 -0.194239 0.492298 0.848477 -0.629487 5.13913 0.109477</i>
                        <i>0.109568 0.871161 -0.478615 -0.974783 0 -0.223154 -0.194403 0.490997 0.849193 -0.629492 5.1403 0.109498</i>
                        <i>0.109255 0.871949 -0.47725 -0.974783 -2.22045e-016 -0.223154 -0.194579 0.489596 0.849962 -0.629497 5.14144 0.109519</i>
                        <i>0.108928 0.872772 -0.47582 -0.974783 0 -0.223154 -0.194763 0.488129 0.850763 -0.629501 5.14256 0.109539</i>
                        <i>0.108593 0.873609 -0.474358 -0.974783 0 -0.223154 -0.194949 0.486629 0.851579 -0.629506 5.14363 0.109559</i>
                        <i>0.108259 0.874442 -0.472897 -0.974783 -2.22045e-016 -0.223154 -0.195135 0.48513 0.852391 -0.62951 5.14463 0.109578</i>
                        <i>0.107932 0.875252 -0.471471 -0.974783 -2.22045e-016 -0.223154 -0.195316 0.483667 0.853181 -0.629514 5.14555 0.109595</i>
                        <i>0.107621 0.876021 -0.470112 -0.974783 -2.22045e-016 -0.223154 -0.195488 0.482274 0.85393 -0.629518 5.14637 0.109611</i>
                        <i>0.107333 0.87673 -0.468854 -0.974783 0 -0.223154 -0.195646 0.480983 0.854621 -0.629521 5.14708 0.109624</i>
                        <i>0.107076 0.877361 -0.467731 -0.974783 -2.22045e-016 -0.223154 -0.195787 0.479831 0.855237 -0.629523 5.14766 0.109635</i>
                        <i>0.106857 0.877897 -0.466775 -0.974783 0 -0.223154 -0.195906 0.47885 0.855759 -0.629525 5.14809 0.109644</i>
                        <i>0.106685 0.878318 -0.466021 -0.974783 -2.22045e-016 -0.223154 -0.196 0.478076 0.85617 -0.629527 5.14837 0.109649</i>
                        <i>0.106566 0.878608 -0.465501 -0.974783 0 -0.223154 -0.196065 0.477544 0.856452 -0.629527 5.14846 0.109651</i>
                    </KeyFrames>
                </p>
            </i>
            <i>
                <p>
                    <Name>
                        <![CDATA[spine1]]>
</Name>
                    <Exclude>0</Exclude>
                    <Additive>0</Additive>
                    <IKPriority>0</IKPriority>
                    <IKRotLimits>-1e+010 -1e+010 -1e+010 1e+010 1e+010 1e+010</IKRotLimits>
                    <IKRotLimitOrder>0</IKRotLimitOrder>
                    <KeyFrames count="97">
                        <i>0.0923476 0.910355 -0.403393 -0.974783 0 -0.223154 -0.20315 0.413828 0.887399 -0.61125 5.29915 0.0298117</i>
                        <i>0.0919301 0.911203 -0.401569 -0.974783 -2.22045e-016 -0.223154 -0.203339 0.411958 0.888225 -0.611265 5.2991 0.0298774</i>
                        <i>0.0915052 0.912061 -0.399713 -0.974783 0 -0.223154 -0.20353 0.410054 0.889062 -0.611274 5.29886 0.0299175</i>
                        <i>0.091086 0.912904 -0.397882 -0.974783 -2.22045e-016 -0.223154 -0.203718 0.408175 0.889883 -0.611277 5.29844 0.0299319</i>
                        <i>0.0906855 0.913704 -0.396133 -0.974783 -2.22045e-016 -0.223154 -0.203897 0.40638 0.890663 -0.611275 5.29787 0.0299206</i>
                        <i>0.0903169 0.914437 -0.394523 -0.974783 0 -0.223154 -0.20406 0.404729 0.891378 -0.611266 5.29715 0.0298835</i>
                        <i>0.0899935 0.915077 -0.39311 -0.974783 -2.22045e-016 -0.223154 -0.204203 0.403279 0.892002 -0.611252 5.29631 0.0298208</i>
                        <i>0.0897284 0.9156 -0.391952 -0.974783 2.22045e-016 -0.223154 -0.20432 0.402091 0.892511 -0.611232 5.29535 0.0297323</i>
                        <i>0.0895348 0.91598 -0.391106 -0.974783 -4.44089e-016 -0.223154 -0.204405 0.401224 0.892882 -0.611205 5.2943 0.0296181</i>
                        <i>0.0894261 0.916193 -0.390631 -0.974783 2.22045e-016 -0.223154 -0.204452 0.400737 0.89309 -0.611173 5.29318 0.0294782</i>
                        <i>0.0894154 0.916214 -0.390585 -0.974783 -4.44089e-016 -0.223154 -0.204457 0.400689 0.89311 -0.611135 5.29198 0.0293126</i>
                        <i>0.0895158 0.916017 -0.391023 -0.974783 0 -0.223154 -0.204413 0.401139 0.892918 -0.611092 5.29074 0.0291214</i>
                        <i>0.0897405 0.915576 -0.392005 -0.974783 3.33067e-016 -0.223154 -0.204315 0.402146 0.892488 -0.611042 5.28947 0.0289045</i>
                        <i>0.0900768 0.914912 -0.393474 -0.974783 -2.22045e-016 -0.223154 -0.204167 0.403653 0.891841 -0.610988 5.28818 0.0286668</i>
                        <i>0.0904954 0.914082 -0.395302 -0.974783 0 -0.223154 -0.203981 0.405529 0.891032 -0.61093 5.2869 0.0284163</i>
                        <i>0.0909842 0.913108 -0.397437 -0.974783 0 -0.223154 -0.203764 0.407719 0.890082 -0.610871 5.28564 0.0281577</i>
                        <i>0.0915309 0.91201 -0.399826 -0.974783 -2.22045e-016 -0.223154 -0.203519 0.410169 0.889012 -0.610811 5.28443 0.0278956</i>
                        <i>0.0921237 0.91081 -0.402415 -0.974783 -2.22045e-016 -0.223154 -0.203251 0.412825 0.887843 -0.610751 5.28329 0.0276346</i>
                        <i>0.0927503 0.909532 -0.405152 -0.974783 -2.22045e-016 -0.223154 -0.202966 0.415633 0.886597 -0.610693 5.28222 0.0273795</i>
                        <i>0.0933989 0.908198 -0.407986 -0.974783 -2.22045e-016 -0.223154 -0.202668 0.41854 0.885297 -0.610637 5.28126 0.0271347</i>
                        <i>0.0940575 0.906833 -0.410862 -0.974783 -2.22045e-016 -0.223154 -0.202364 0.421491 0.883965 -0.610584 5.28042 0.0269049</i>
                        <i>0.0947142 0.905459 -0.413731 -0.974783 0 -0.223154 -0.202057 0.424434 0.882626 -0.610536 5.27971 0.0266945</i>
                        <i>0.0953573 0.904103 -0.41654 -0.974783 0 -0.223154 -0.201754 0.427316 0.881304 -0.610493 5.27916 0.0265082</i>
                        <i>0.095975 0.902789 -0.419238 -0.974783 -2.22045e-016 -0.223154 -0.201461 0.430084 0.880023 -0.610457 5.2788 0.0263504</i>
                        <i>0.0965558 0.901545 -0.421775 -0.974783 0 -0.223154 -0.201183 0.432686 0.878811 -0.610429 5.27862 0.0262257</i>
                        <i>0.0970893 0.900393 -0.424106 -0.974783 -2.22045e-016 -0.223154 -0.200927 0.435077 0.877688 -0.610409 5.27866 0.0261377</i>
                        <i>0.0975706 0.899348 -0.426208 -0.974783 -2.22045e-016 -0.223154 -0.200693 0.437234 0.876669 -0.610397 5.27889 0.0260856</i>
                        <i>0.0979962 0.898418 -0.428068 -0.974783 0 -0.223154 -0.200486 0.439141 0.875763 -0.610393 5.27931 0.0260679</i>
                        <i>0.0983625 0.897614 -0.429668 -0.974783 0 -0.223154 -0.200306 0.440783 0.874979 -0.610396 5.27989 0.0260828</i>
                        <i>0.098666 0.896945 -0.430993 -0.974783 -2.22045e-016 -0.223154 -0.200157 0.442142 0.874327 -0.610407 5.28062 0.0261288</i>
                        <i>0.0989028 0.896421 -0.432028 -0.974783 -2.22045e-016 -0.223154 -0.20004 0.443204 0.873816 -0.610424 5.28147 0.0262043</i>
                        <i>0.0990696 0.896051 -0.432756 -0.974783 -2.22045e-016 -0.223154 -0.199958 0.443951 0.873455 -0.610447 5.28244 0.0263076</i>
                        <i>0.0991626 0.895844 -0.433163 -0.974783 0 -0.223154 -0.199911 0.444368 0.873254 -0.610477 5.28351 0.0264372</i>
                        <i>0.0991782 0.89581 -0.43323 -0.974783 0 -0.223154 -0.199904 0.444438 0.87322 -0.610512 5.28465 0.0265916</i>
                        <i>0.0991125 0.895956 -0.432944 -0.974783 0 -0.223154 -0.199936 0.444143 0.873363 -0.610553 5.28586 0.026769</i>
                        <i>0.0989618 0.89629 -0.432286 -0.974783 -4.44089e-016 -0.223154 -0.200011 0.443468 0.873688 -0.610599 5.28711 0.0269679</i>
                        <i>0.0987224 0.89682 -0.43124 -0.974783 0 -0.223154 -0.200129 0.442395 0.874205 -0.610649 5.28839 0.0271867</i>
                        <i>0.0983839 0.897567 -0.429761 -0.974783 0 -0.223154 -0.200296 0.440879 0.874933 -0.610703 5.28968 0.027425</i>
                        <i>0.0979506 0.898518 -0.427868 -0.974783 -2.22045e-016 -0.223154 -0.200508 0.438937 0.87586 -0.610762 5.29097 0.0276796</i>
                        <i>0.0974404 0.899631 -0.425639 -0.974783 0 -0.223154 -0.200757 0.43665 0.876945 -0.610822 5.29222 0.0279445</i>
                        <i>0.0968708 0.900866 -0.423152 -0.974783 0 -0.223154 -0.201032 0.434098 0.878149 -0.610884 5.29344 0.0282138</i>
                        <i>0.09626 0.90218 -0.420483 -0.974783 -2.22045e-016 -0.223154 -0.201325 0.431361 0.879429 -0.610945 5.29458 0.0284817</i>
                        <i>0.0956257 0.903533 -0.417712 -0.974783 -2.22045e-016 -0.223154 -0.201627 0.428518 0.880749 -0.611005 5.29564 0.0287421</i>
                        <i>0.094986 0.904887 -0.414918 -0.974783 -2.22045e-016 -0.223154 -0.201929 0.425652 0.882069 -0.611061 5.2966 0.0289892</i>
                        <i>0.0943593 0.906203 -0.412181 -0.974783 0 -0.223154 -0.202223 0.422843 0.883351 -0.611113 5.29744 0.0292167</i>
                        <i>0.0937636 0.907443 -0.409579 -0.974783 -2.22045e-016 -0.223154 -0.2025 0.420174 0.884561 -0.61116 5.29813 0.0294188</i>
                        <i>0.0932175 0.908573 -0.407193 -0.974783 0 -0.223154 -0.202752 0.417727 0.885661 -0.611199 5.29866 0.0295893</i>
                        <i>0.0927393 0.909555 -0.405104 -0.974783 -2.22045e-016 -0.223154 -0.202971 0.415584 0.886619 -0.611229 5.29901 0.0297223</i>
                        <i>0.0923476 0.910355 -0.403393 -0.974783 0 -0.223154 -0.20315 0.413828 0.887399 -0.61125 5.29915 0.0298117</i>
                        <i>0.0919301 0.911203 -0.401569 -0.974783 -2.22045e-016 -0.223154 -0.203339 0.411958 0.888225 -0.611265 5.2991 0.0298774</i>
                        <i>0.0915052 0.912061 -0.399713 -0.974783 0 -0.223154 -0.20353 0.410054 0.889062 -0.611274 5.29886 0.0299175</i>
                        <i>0.091086 0.912904 -0.397882 -0.974783 -2.22045e-016 -0.223154 -0.203718 0.408175 0.889883 -0.611277 5.29844 0.0299319</i>
                        <i>0.0906855 0.913704 -0.396133 -0.974783 -2.22045e-016 -0.223154 -0.203897 0.40638 0.890663 -0.611275 5.29787 0.0299206</i>
                        <i>0.0903169 0.914437 -0.394523 -0.974783 0 -0.223154 -0.20406 0.404729 0.891378 -0.611266 5.29715 0.0298835</i>
                        <i>0.0899935 0.915077 -0.39311 -0.974783 -2.22045e-016 -0.223154 -0.204203 0.403279 0.892002 -0.611252 5.29631 0.0298208</i>
                        <i>0.0897284 0.9156 -0.391952 -0.974783 2.22045e-016 -0.223154 -0.20432 0.402091 0.892511 -0.611232 5.29535 0.0297323</i>
                        <i>0.0895348 0.91598 -0.391106 -0.974783 -4.44089e-016 -0.223154 -0.204405 0.401224 0.892882 -0.611205 5.2943 0.0296181</i>
                        <i>0.0894261 0.916193 -0.390631 -0.974783 2.22045e-016 -0.223154 -0.204452 0.400737 0.89309 -0.611173 5.29318 0.0294782</i>
                        <i>0.0894154 0.916214 -0.390585 -0.974783 -4.44089e-016 -0.223154 -0.204457 0.400689 0.89311 -0.611135 5.29198 0.0293126</i>
                        <i>0.0895158 0.916017 -0.391023 -0.974783 0 -0.223154 -0.204413 0.401139 0.892918 -0.611092 5.29074 0.0291214</i>
                        <i>0.0897405 0.915576 -0.392005 -0.974783 3.33067e-016 -0.223154 -0.204315 0.402146 0.892488 -0.611042 5.28947 0.0289045</i>
                        <i>0.0900768 0.914912 -0.393474 -0.974783 -2.22045e-016 -0.223154 -0.204167 0.403653 0.891841 -0.610988 5.28818 0.0286668</i>
                        <i>0.0904954 0.914082 -0.395302 -0.974783 0 -0.223154 -0.203981 0.405529 0.891032 -0.61093 5.2869 0.0284163</i>
                        <i>0.0909842 0.913108 -0.397437 -0.974783 0 -0.223154 -0.203764 0.407719 0.890082 -0.610871 5.28564 0.0281577</i>
                        <i>0.0915309 0.91201 -0.399826 -0.974783 -2.22045e-016 -0.223154 -0.203519 0.410169 0.889012 -0.610811 5.28443 0.0278956</i>
                        <i>0.0921237 0.91081 -0.402415 -0.974783 -2.22045e-016 -0.223154 -0.203251 0.412825 0.887843 -0.610751 5.28329 0.0276346</i>
                        <i>0.0927503 0.909532 -0.405152 -0.974783 -2.22045e-016 -0.223154 -0.202966 0.415633 0.886597 -0.610693 5.28222 0.0273795</i>
                        <i>0.0933989 0.908198 -0.407986 -0.974783 -2.22045e-016 -0.223154 -0.202668 0.41854 0.885297 -0.610637 5.28126 0.0271347</i>
                        <i>0.0940575 0.906833 -0.410862 -0.974783 -2.22045e-016 -0.223154 -0.202364 0.421491 0.883965 -0.610584 5.28042 0.0269049</i>
                        <i>0.0947142 0.905459 -0.413731 -0.974783 0 -0.223154 -0.202057 0.424434 0.882626 -0.610536 5.27971 0.0266945</i>
                        <i>0.0953573 0.904103 -0.41654 -0.974783 0 -0.223154 -0.201754 0.427316 0.881304 -0.610493 5.27916 0.0265082</i>
                        <i>0.095975 0.902789 -0.419238 -0.974783 -2.22045e-016 -0.223154 -0.201461 0.430084 0.880023 -0.610457 5.2788 0.0263504</i>
                        <i>0.0965558 0.901545 -0.421775 -0.974783 0 -0.223154 -0.201183 0.432686 0.878811 -0.610429 5.27862 0.0262257</i>
                        <i>0.0970893 0.900393 -0.424106 -0.974783 -2.22045e-016 -0.223154 -0.200927 0.435077 0.877688 -0.610409 5.27866 0.0261377</i>
                        <i>0.0975706 0.899348 -0.426208 -0.974783 -2.22045e-016 -0.223154 -0.200693 0.437234 0.876669 -0.610397 5.27889 0.0260856</i>
                        <i>0.0979962 0.898418 -0.428068 -0.974783 0 -0.223154 -0.200486 0.439141 0.875763 -0.610393 5.27931 0.0260679</i>
