<?xml version="1.0" encoding="ISO-8859-1" ?>
<Animl Version="1">
    <ModellingPackage><![CDATA[Maya.2010]]></ModellingPackage>
    <SrcFile><![CDATA[anims\turrets\antiair\blue\~src\aa_chaparral\aa_chaparral_reload_crewman_b.mb]]></SrcFile>
    <FramesPerSecond>30</FramesPerSecond>
    <TotalFrames>97</TotalFrames>
    <Skeleton>
        <RefFrame>
            <Name><![CDATA[soldier_ref_frame]]></Name>
            <Exclude>0</Exclude>
            <Additive>0</Additive>
            <IKPriority>0</IKPriority>
            <IKRotLimits>-1e+010 -1e+010 -1e+010 1e+010 1e+010 1e+010</IKRotLimits>
            <IKRotLimitOrder>0</IKRotLimitOrder>
            <KeyFrames count="97">
                <i>1 0 0 0 1 0 0 0 1 -3.39 2.17 -1.86</i>
                <i>1 0 0 0 1 0 0 0 1 -3.39 2.17 -1.86</i>
                <i>1 0 0 0 1 0 0 0 1 -3.39 2.17 -1.86</i>
                <i>1 0 0 0 1 0 0 0 1 -3.39 2.17 -1.86</i>
                <i>1 0 0 0 1 0 0 0 1 -3.39 2.17 -1.86</i>
                <i>1 0 0 0 1 0 0 0 1 -3.39 2.17 -1.86</i>
                <i>1 0 0 0 1 0 0 0 1 -3.39 2.17 -1.86</i>
                <i>1 0 0 0 1 0 0 0 1 -3.39 2.17 -1.86</i>
                <i>1 0 0 0 1 0 0 0 1 -3.39 2.17 -1.86</i>
                <i>1 0 0 0 1 0 0 0 1 -3.39 2.17 -1.86</i>
                <i>1 0 0 0 1 0 0 0 1 -3.39 2.17 -1.86</i>
                <i>1 0 0 0 1 0 0 0 1 -3.39 2.17 -1.86</i>
                <i>1 0 0 0 1 0 0 0 1 -3.39 2.17 -1.86</i>
                <i>1 0 0 0 1 0 0 0 1 -3.39 2.17 -1.86</i>
                <i>1 0 0 0 1 0 0 0 1 -3.39 2.17 -1.86</i>
                <i>1 0 0 0 1 0 0 0 1 -3.39 2.17 -1.86</i>
                <i>1 0 0 0 1 0 0 0 1 -3.39 2.17 -1.86</i>
                <i>1 0 0 0 1 0 0 0 1 -3.39 2.17 -1.86</i>
                <i>1 0 0 0 1 0 0 0 1 -3.39 2.17 -1.86</i>
                <i>1 0 0 0 1 0 0 0 1 -3.39 2.17 -1.86</i>
                <i>1 0 0 0 1 0 0 0 1 -3.39 2.17 -1.86</i>
                <i>1 0 0 0 1 0 0 0 1 -3.39 2.17 -1.86</i>
                <i>1 0 0 0 1 0 0 0 1 -3.39 2.17 -1.86</i>
                <i>1 0 0 0 1 0 0 0 1 -3.39 2.17 -1.86</i>
                <i>1 0 0 0 1 0 0 0 1 -3.39 2.17 -1.86</i>
                <i>1 0 0 0 1 0 0 0 1 -3.39 2.17 -1.86</i>
                <i>1 0 0 0 1 0 0 0 1 -3.39 2.17 -1.86</i>
                <i>1 0 0 0 1 0 0 0 1 -3.39 2.17 -1.86</i>
                <i>1 0 0 0 1 0 0 0 1 -3.39 2.17 -1.86</i>
                <i>1 0 0 0 1 0 0 0 1 -3.39 2.17 -1.86</i>
                <i>1 0 0 0 1 0 0 0 1 -3.39 2.17 -1.86</i>
                <i>1 0 0 0 1 0 0 0 1 -3.39 2.17 -1.86</i>
                <i>1 0 0 0 1 0 0 0 1 -3.39 2.17 -1.86</i>
                <i>1 0 0 0 1 0 0 0 1 -3.39 2.17 -1.86</i>
                <i>1 0 0 0 1 0 0 0 1 -3.39 2.17 -1.86</i>
                <i>1 0 0 0 1 0 0 0 1 -3.39 2.17 -1.86</i>
                <i>1 0 0 0 1 0 0 0 1 -3.39 2.17 -1.86</i>
                <i>1 0 0 0 1 0 0 0 1 -3.39 2.17 -1.86</i>
                <i>1 0 0 0 1 0 0 0 1 -3.39 2.17 -1.86</i>
                <i>1 0 0 0 1 0 0 0 1 -3.39 2.17 -1.86</i>
                <i>1 0 0 0 1 0 0 0 1 -3.39 2.17 -1.86</i>
                <i>1 0 0 0 1 0 0 0 1 -3.39 2.17 -1.86</i>
                <i>1 0 0 0 1 0 0 0 1 -3.39 2.17 -1.86</i>
                <i>1 0 0 0 1 0 0 0 1 -3.39 2.17 -1.86</i>
                <i>1 0 0 0 1 0 0 0 1 -3.39 2.17 -1.86</i>
                <i>1 0 0 0 1 0 0 0 1 -3.39 2.17 -1.86</i>
                <i>1 0 0 0 1 0 0 0 1 -3.39 2.17 -1.86</i>
                <i>1 0 0 0 1 0 0 0 1 -3.39 2.17 -1.86</i>
                <i>1 0 0 0 1 0 0 0 1 -3.39 2.17 -1.86</i>
                <i>1 0 0 0 1 0 0 0 1 -3.39 2.17 -1.86</i>
                <i>1 0 0 0 1 0 0 0 1 -3.39 2.17 -1.86</i>
                <i>1 0 0 0 1 0 0 0 1 -3.39 2.17 -1.86</i>
                <i>1 0 0 0 1 0 0 0 1 -3.39 2.17 -1.86</i>
                <i>1 0 0 0 1 0 0 0 1 -3.39 2.17 -1.86</i>
                <i>1 0 0 0 1 0 0 0 1 -3.39 2.17 -1.86</i>
                <i>1 0 0 0 1 0 0 0 1 -3.39 2.17 -1.86</i>
                <i>1 0 0 0 1 0 0 0 1 -3.39 2.17 -1.86</i>
                <i>1 0 0 0 1 0 0 0 1 -3.39 2.17 -1.86</i>
                <i>1 0 0 0 1 0 0 0 1 -3.39 2.17 -1.86</i>
                <i>1 0 0 0 1 0 0 0 1 -3.39 2.17 -1.86</i>
                <i>1 0 0 0 1 0 0 0 1 -3.39 2.17 -1.86</i>
                <i>1 0 0 0 1 0 0 0 1 -3.39 2.17 -1.86</i>
                <i>1 0 0 0 1 0 0 0 1 -3.39 2.17 -1.86</i>
                <i>1 0 0 0 1 0 0 0 1 -3.39 2.17 -1.86</i>
                <i>1 0 0 0 1 0 0 0 1 -3.39 2.17 -1.86</i>
                <i>1 0 0 0 1 0 0 0 1 -3.39 2.17 -1.86</i>
                <i>1 0 0 0 1 0 0 0 1 -3.39 2.17 -1.86</i>
                <i>1 0 0 0 1 0 0 0 1 -3.39 2.17 -1.86</i>
                <i>1 0 0 0 1 0 0 0 1 -3.39 2.17 -1.86</i>
                <i>1 0 0 0 1 0 0 0 1 -3.39 2.17 -1.86</i>
                <i>1 0 0 0 1 0 0 0 1 -3.39 2.17 -1.86</i>
                <i>1 0 0 0 1 0 0 0 1 -3.39 2.17 -1.86</i>
                <i>1 0 0 0 1 0 0 0 1 -3.39 2.17 -1.86</i>
                <i>1 0 0 0 1 0 0 0 1 -3.39 2.17 -1.86</i>
                <i>1 0 0 0 1 0 0 0 1 -3.39 2.17 -1.86</i>
                <i>1 0 0 0 1 0 0 0 1 -3.39 2.17 -1.86</i>
                <i>1 0 0 0 1 0 0 0 1 -3.39 2.17 -1.86</i>
                <i>1 0 0 0 1 0 0 0 1 -3.39 2.17 -1.86</i>
                <i>1 0 0 0 1 0 0 0 1 -3.39 2.17 -1.86</i>
                <i>1 0 0 0 1 0 0 0 1 -3.39 2.17 -1.86</i>
                <i>1 0 0 0 1 0 0 0 1 -3.39 2.17 -1.86</i>
                <i>1 0 0 0 1 0 0 0 1 -3.39 2.17 -1.86</i>
                <i>1 0 0 0 1 0 0 0 1 -3.39 2.17 -1.86</i>
                <i>1 0 0 0 1 0 0 0 1 -3.39 2.17 -1.86</i>
                <i>1 0 0 0 1 0 0 0 1 -3.39 2.17 -1.86</i>
                <i>1 0 0 0 1 0 0 0 1 -3.39 2.17 -1.86</i>
                <i>1 0 0 0 1 0 0 0 1 -3.39 2.17 -1.86</i>
                <i>1 0 0 0 1 0 0 0 1 -3.39 2.17 -1.86</i>
                <i>1 0 0 0 1 0 0 0 1 -3.39 2.17 -1.86</i>
                <i>1 0 0 0 1 0 0 0 1 -3.39 2.17 -1.86</i>
                <i>1 0 0 0 1 0 0 0 1 -3.39 2.17 -1.86</i>
                <i>1 0 0 0 1 0 0 0 1 -3.39 2.17 -1.86</i>
                <i>1 0 0 0 1 0 0 0 1 -3.39 2.17 -1.86</i>
                <i>1 0 0 0 1 0 0 0 1 -3.39 2.17 -1.86</i>
                <i>1 0 0 0 1 0 0 0 1 -3.39 2.17 -1.86</i>
                <i>1 0 0 0 1 0 0 0 1 -3.39 2.17 -1.86</i>
                <i>1 0 0 0 1 0 0 0 1 -3.39 2.17 -1.86</i>
            </KeyFrames>
        </RefFrame>
        <Bones count="23">
            <i>
                <p>
                    <Name><![CDATA[pelvis]]></Name>
                    <Exclude>0</Exclude>
                    <Additive>0</Additive>
                    <IKPriority>0</IKPriority>
                    <IKRotLimits>-1e+010 -1e+010 -1e+010 1e+010 1e+010 1e+010</IKRotLimits>
                    <IKRotLimitOrder>2</IKRotLimitOrder>
                    <KeyFrames count="97">
                        <i>1 0 0 0 1 0 0 0 1 -3.34236 3.29592 -1.77661</i>
                        <i>1 0 0 0 1 0 0 0 1 -3.34226 3.29561 -1.77652</i>
                        <i>1 0 0 0 1 0 0 0 1 -3.34215 3.29532 -1.77639</i>
                        <i>1 0 0 0 1 0 0 0 1 -3.34205 3.295 -1.77626</i>
                        <i>1 0 0 0 1 0 0 0 1 -3.34195 3.29457 -1.77617</i>
                        <i>1 0 0 0 1 0 0 0 1 -3.34185 3.29399 -1.77616</i>
                        <i>1 0 0 0 1 0 0 0 1 -3.34176 3.2932 -1.77628</i>
                        <i>1 0 0 0 1 0 0 0 1 -3.34118 3.29201 -1.77718</i>
                        <i>1 0 0 0 1 0 0 0 1 -3.33999 3.29053 -1.77898</i>
                        <i>1 0 0 0 1 0 0 0 1 -3.33841 3.28878 -1.78085</i>
                        <i>1 0 0 0 1 0 0 0 1 -3.33684 3.28684 -1.78199</i>
                        <i>1 0 0 0 1 0 0 0 1 -3.33613 3.28517 -1.78162</i>
                        <i>1 0 0 0 1 0 0 0 1 -3.33716 3.28424 -1.77892</i>
                        <i>1 0 0 0 1 0 0 0 1 -3.3438 3.28559 -1.76924</i>
                        <i>1 0 0 0 1 0 0 0 1 -3.35558 3.28885 -1.75351</i>
                        <i>1 0 0 0 1 0 0 0 1 -3.36683 3.29169 -1.73943</i>
                        <i>1 0 0 0 1 0 0 0 1 -3.37188 3.29204 -1.73479</i>
                        <i>1 0 0 0 1 0 0 0 1 -3.3699 3.28887 -1.74141</i>
                        <i>1 0 0 0 1 0 0 0 1 -3.36521 3.2838 -1.75394</i>
                        <i>1 0 0 0 1 0 0 0 1 -3.3657 3.28282 -1.76946</i>
                        <i>1 0 0 0 1 0 0 0 1 -3.37386 3.28819 -1.78521</i>
                        <i>1 0 0 0 1 0 0 0 1 -3.3837 3.29619 -1.79842</i>
                        <i>1 0 0 0 1 0 0 0 1 -3.38926 3.30317 -1.80614</i>
                        <i>1 0 0 0 1 0 0 0 1 -3.39117 3.3122 -1.80728</i>
                        <i>1 0 0 0 1 0 0 0 1 -3.39376 3.3267 -1.80394</i>
                        <i>1 0 0 0 1 0 0 0 1 -3.39661 3.34358 -1.79792</i>
                        <i>1 0 0 0 1 0 0 0 1 -3.39938 3.3597 -1.79099</i>
                        <i>1 0 0 0 1 0 0 0 1 -3.40182 3.37192 -1.78491</i>
                        <i>1 0 0 0 1 0 0 0 1 -3.40372 3.37705 -1.78144</i>
                        <i>1 0 0 0 1 0 0 0 1 -3.40637 3.35292 -1.78215</i>
                        <i>1 0 0 0 1 0 0 0 1 -3.41036 3.31487 -1.78559</i>
                        <i>1 0 0 0 1 0 0 0 1 -3.41448 3.27885 -1.7891</i>
                        <i>1 0 0 0 1 0 0 0 1 -3.41768 3.26082 -1.79006</i>
                        <i>1 0 0 0 1 0 0 0 1 -3.42052 3.26186 -1.78579</i>
                        <i>1 0 0 0 1 0 0 0 1 -3.4236 3.2698 -1.77752</i>
                        <i>1 0 0 0 1 0 0 0 1 -3.42604 3.28079 -1.76856</i>
                        <i>1 0 0 0 1 0 0 0 1 -3.42695 3.29104 -1.76221</i>
                        <i>1 0 0 0 1 0 0 0 1 -3.42543 3.29681 -1.76173</i>
                        <i>1 0 0 0 1 0 0 0 1 -3.42056 3.29437 -1.77034</i>
                        <i>1 0 0 0 1 0 0 0 1 -3.40633 3.28207 -1.80146</i>
                        <i>1 0 0 0 1 0 0 0 1 -3.38375 3.26451 -1.85173</i>
                        <i>1 0 0 0 1 0 0 0 1 -3.36244 3.24739 -1.89913</i>
                        <i>1 0 0 0 1 0 0 0 1 -3.35197 3.23671 -1.92173</i>
                        <i>1 0 0 0 1 0 0 0 1 -3.35331 3.23585 -1.9159</i>
                        <i>1 0 0 0 1 0 0 0 1 -3.36002 3.24284 -1.8962</i>
                        <i>1 0 0 0 1 0 0 0 1 -3.37062 3.25593 -1.86798</i>
                        <i>1 0 0 0 1 0 0 0 1 -3.38369 3.27341 -1.83644</i>
                        <i>1 0 0 0 1 0 0 0 1 -3.3976 3.29138 -1.80711</i>
                        <i>1 0 0 0 1 0 0 0 1 -3.41048 3.30476 -1.78584</i>
                        <i>1 0 0 0 1 0 0 0 1 -3.42327 3.31291 -1.77286</i>
                        <i>1 0 0 0 1 0 0 0 1 -3.43735 3.31865 -1.76394</i>
                        <i>1 0 0 0 1 0 0 0 1 -3.45161 3.32336 -1.75814</i>
                        <i>1 0 0 0 1 0 0 0 1 -3.46497 3.32763 -1.75452</i>
                        <i>1 0 0 0 1 0 0 0 1 -3.47651 3.33131 -1.75193</i>
                        <i>1 0 0 0 1 0 0 0 1 -3.48534 3.33387 -1.74906</i>
                        <i>1 0 0 0 1 0 0 0 1 -3.49083 3.33315 -1.74653</i>
                        <i>1 0 0 0 1 0 0 0 1 -3.4932 3.32808 -1.74609</i>
                        <i>1 0 0 0 1 0 0 0 1 -3.4929 3.321 -1.74779</i>
                        <i>1 0 0 0 1 0 0 0 1 -3.49081 3.31436 -1.75099</i>
                        <i>1 0 0 0 1 0 0 0 1 -3.48809 3.30937 -1.75464</i>
                        <i>1 0 0 0 1 0 0 0 1 -3.48617 3.30656 -1.75745</i>
                        <i>1 0 0 0 1 0 0 0 1 -3.48529 3.3058 -1.75887</i>
                        <i>1 0 0 0 1 0 0 0 1 -3.4847 3.30632 -1.75936</i>
                        <i>1 0 0 0 1 0 0 0 1 -3.48428 3.30741 -1.75928</i>
                        <i>1 0 0 0 1 0 0 0 1 -3.48392 3.30834 -1.759</i>
                        <i>1 0 0 0 1 0 0 0 1 -3.48354 3.30834 -1.75883</i>
                        <i>1 0 0 0 1 0 0 0 1 -3.48315 3.3066 -1.75901</i>
                        <i>1 0 0 0 1 0 0 0 1 -3.48267 3.2978 -1.75972</i>
                        <i>1 0 0 0 1 0 0 0 1 -3.48213 3.28244 -1.76078</i>
                        <i>1 0 0 0 1 0 0 0 1 -3.4817 3.26837 -1.76178</i>
                        <i>1 0 0 0 1 0 0 0 1 -3.48161 3.26338 -1.7622</i>
                        <i>1 0 0 0 1 0 0 0 1 -3.48224 3.26838 -1.76206</i>
                        <i>1 0 0 0 1 0 0 0 1 -3.48355 3.27792 -1.76175</i>
                        <i>1 0 0 0 1 0 0 0 1 -3.48518 3.29019 -1.76131</i>
                        <i>1 0 0 0 1 0 0 0 1 -3.48677 3.30338 -1.76076</i>
                        <i>1 0 0 0 1 0 0 0 1 -3.48794 3.31571 -1.76013</i>
                        <i>1 0 0 0 1 0 0 0 1 -3.48835 3.32535 -1.75945</i>
                        <i>1 0 0 0 1 0 0 0 1 -3.48762 3.33326 -1.75877</i>
                        <i>1 0 0 0 1 0 0 0 1 -3.48537 3.34079 -1.75812</i>
                        <i>1 0 0 0 1 0 0 0 1 -3.48146 3.34683 -1.75753</i>
                        <i>1 0 0 0 1 0 0 0 1 -3.47611 3.35016 -1.75707</i>
                        <i>1 0 0 0 1 0 0 0 1 -3.46957 3.34933 -1.7568</i>
                        <i>1 0 0 0 1 0 0 0 1 -3.46183 3.34099 -1.75711</i>
                        <i>1 0 0 0 1 0 0 0 1 -3.45309 3.32574 -1.75811</i>
                        <i>1 0 0 0 1 0 0 0 1 -3.44388 3.30813 -1.7595</i>
                        <i>1 0 0 0 1 0 0 0 1 -3.43473 3.29272 -1.76095</i>
                        <i>1 0 0 0 1 0 0 0 1 -3.42617 3.28412 -1.76209</i>
                        <i>1 0 0 0 1 0 0 0 1 -3.41782 3.28466 -1.76294</i>
                        <i>1 0 0 0 1 0 0 0 1 -3.40901 3.29124 -1.76385</i>
                        <i>1 0 0 0 1 0 0 0 1 -3.39988 3.30039 -1.76496</i>
                        <i>1 0 0 0 1 0 0 0 1 -3.39052 3.30863 -1.76639</i>
                        <i>1 0 0 0 1 0 0 0 1 -3.38106 3.31252 -1.76822</i>
                        <i>1 0 0 0 1 0 0 0 1 -3.37173 3.31149 -1.77037</i>
                        <i>1 0 0 0 1 0 0 0 1 -3.36288 3.30809 -1.77255</i>
                        <i>1 0 0 0 1 0 0 0 1 -3.35484 3.30353 -1.77449</i>
                        <i>1 0 0 0 1 0 0 0 1 -3.34791 3.29905 -1.77594</i>
                        <i>1 0 0 0 1 0 0 0 1 -3.34236 3.29592 -1.77661</i>
                    </KeyFrames>
                </p>
            </i>
            <i>
                <p>
                    <Name><![CDATA[spine0]]></Name>
                    <Exclude>0</Exclude>
                    <Additive>0</Additive>
                    <IKPriority>0</IKPriority>
                    <IKRotLimits>-1e+010 -1e+010 -1e+010 1e+010 1e+010 1e+010</IKRotLimits>
                    <IKRotLimitOrder>0</IKRotLimitOrder>
                    <KeyFrames count="97">
                        <i>0.154293 0.943479 0.293329 -0.910845 0.250859 -0.327767 -0.382825 -0.216605 0.898069 -3.29671 3.43142 -1.79251</i>
                        <i>0.153682 0.9432 0.294543 -0.910869 0.25077 -0.327769 -0.383014 -0.217917 0.89767 -3.29665 3.43113 -1.79234</i>
                        <i>0.153003 0.942893 0.295877 -0.9109 0.250663 -0.327766 -0.383213 -0.219365 0.897233 -3.2966 3.43087 -1.79211</i>
                        <i>0.15232 0.942582 0.297218 -0.91093 0.250556 -0.327762 -0.383412 -0.22082 0.896791 -3.29654 3.43057 -1.79187</i>
                        <i>0.1517 0.942291 0.298452 -0.910954 0.250468 -0.327763 -0.383601 -0.222154 0.89638 -3.29648 3.43017 -1.7917</i>
                        <i>0.15121 0.942048 0.299467 -0.910964 0.250416 -0.327775 -0.383771 -0.223241 0.896038 -3.29641 3.42961 -1.79164</i>
                        <i>0.150915 0.941879 0.300148 -0.910953 0.25042 -0.327802 -0.383913 -0.22395 0.8958 -3.29633 3.42882 -1.79175</i>
                        <i>0.150958 0.941845 0.300234 -0.910843 0.250549 -0.32801 -0.384158 -0.22395 0.895695 -3.2957 3.42761 -1.79274</i>
                        <i>0.151322 0.941941 0.299746 -0.910623 0.250803 -0.328426 -0.384535 -0.223258 0.895706 -3.29442 3.42608 -1.79468</i>
                        <i>0.152412 0.941727 0.299866 -0.910236 0.251954 -0.328616 -0.385019 -0.222864 0.895596 -3.29263 3.42424 -1.79667</i>
                        <i>0.154367 0.940916 0.301408 -0.909688 0.254395 -0.328253 -0.385536 -0.223516 0.895211 -3.29071 3.42218 -1.79785</i>
                        <i>0.156614 0.939669 0.304128 -0.909169 0.257462 -0.327298 -0.385854 -0.225244 0.894641 -3.28961 3.42038 -1.79739</i>
                        <i>0.158586 0.938149 0.307778 -0.908879 0.260491 -0.325704 -0.385733 -0.228081 0.893974 -3.2903 3.41936 -1.7945</i>
                        <i>0.159558 0.936318 0.312809 -0.909423 0.262686 -0.322406 -0.384045 -0.233033 0.893423 -3.29685 3.42073 -1.78442</i>
                        <i>0.159248 0.934495 0.31837 -0.910811 0.263484 -0.317805 -0.380873 -0.239364 0.893107 -3.30882 3.4241 -1.76818</i>
                        <i>0.15771 0.933411 0.322292 -0.912358 0.262599 -0.314076 -0.377796 -0.244513 0.893019 -3.32043 3.42712 -1.75369</i>
                        <i>0.154958 0.933818 0.322446 -0.913389 0.25979 -0.313416 -0.376442 -0.245953 0.893196 -3.32594 3.42764 -1.74896</i>
                        <i>0.150336 0.936077 0.318055 -0.913887 0.254296 -0.316457 -0.377108 -0.243091 0.893698 -3.32459 3.42464 -1.75588</i>
                        <i>0.143173 0.940034 0.309578 -0.914425 0.245301 -0.321955 -0.378588 -0.23699 0.89471 -3.32088 3.41982 -1.76901</i>
                        <i>0.124962 0.950635 0.284036 -0.916961 0.219986 -0.332848 -0.378902 -0.218857 0.899186 -3.32421 3.41954 -1.78629</i>
                        <i>0.0949312 0.966002 0.240476 -0.920391 0.177213 -0.348534 -0.3793 -0.188245 0.905922 -3.3372 3.42588 -1.805</i>
                        <i>0.0649605 0.978267 0.196913 -0.921944 0.134344 -0.363277 -0.381836 -0.157944 0.910634 -3.35184 3.43463 -1.82114</i>
                        <i>0.0470416 0.984106 0.171236 -0.921956 0.108749 -0.371713 -0.384427 -0.140386 0.912418 -3.36027 3.44196 -1.83054</i>
                        <i>0.042066 0.986163 0.16035 -0.921753 0.100228 -0.3746 -0.385489 -0.132045 0.913215 -3.36305 3.45102 -1.83244</i>
                        <i>0.0419359 0.987817 0.149862 -0.921483 0.0962107 -0.376315 -0.386149 -0.122314 0.914291 -3.36584 3.4654 -1.83002</i>
                        <i>0.0449392 0.989081 0.140354 -0.921241 0.0953713 -0.37712 -0.386388 -0.112352 0.915468 -3.36846 3.48204 -1.82494</i>
                        <i>0.04935 0.989967 0.132397 -0.921079 0.0963705 -0.377263 -0.386237 -0.10333 0.916594 -3.37079 3.49791 -1.81887</i>
                        <i>0.0534383 0.990517 0.126572 -0.921038 0.0978617 -0.376978 -0.38579 -0.0964326 0.917533 -3.37279 3.5099 -1.81345</i>
                        <i>0.0554768 0.990796 0.123472 -0.921167 0.0984968 -0.376497 -0.385194 -0.0928514 0.918153 -3.37449 3.51491 -1.81036</i>
                        <i>0.0531849 0.990964 0.123132 -0.921673 0.0961686 -0.375861 -0.384306 -0.0934975 0.918459 -3.37748 3.49084 -1.81111</i>
                        <i>0.0459774 0.990879 0.12667 -0.922755 0.0906989 -0.374563 -0.382636 -0.0996635 0.918508 -3.38245 3.45309 -1.81409</i>
                        <i>0.0347081 0.990058 0.136309 -0.924447 0.083628 -0.372027 -0.379727 -0.113099 0.918159 -3.3881 3.41763 -1.81632</i>
                        <i>0.0202949 0.987819 0.15428 -0.926793 0.0764702 -0.367705 -0.375024 -0.135523 0.917055 -3.39326 3.40042 -1.81485</i>
                        <i>-0.00314759 0.98129 0.192507 -0.931942 0.0669243 -0.356379 -0.362595 -0.180527 0.914295 -3.39928 3.40278 -1.8055</i>
                        <i>-0.0361811 0.966407 0.254458 -0.940062 0.0534811 -0.336783 -0.339078 -0.251392 0.906548 -3.40691 3.41222 -1.78904</i>
                        <i>-0.0703993 0.941649 0.329152 -0.948506 0.0389694 -0.314352 -0.308836 -0.334333 0.890417 -3.4143 3.42416 -1.76997</i>
                        <i>-0.0997199 0.908809 0.40512 -0.955269 0.0264838 -0.294549 -0.278418 -0.416371 0.865516 -3.41975 3.43442 -1.75294</i>
                        <i>-0.121409 0.873613 0.471233 -0.958975 0.0192906 -0.282834 -0.256178 -0.486239 0.83543 -3.42187 3.43935 -1.74263</i>
                        <i>-0.135482 0.844907 0.517472 -0.958433 0.0206048 -0.284574 -0.251101 -0.534517 0.806995 -3.41955 3.43575 -1.74374</i>
                        <i>-0.143732 0.829037 0.540406 -0.948331 0.0406968 -0.314662 -0.282859 -0.557711 0.780352 -3.40693 3.42242 -1.76989</i>
                        <i>-0.148312 0.826695 0.542752 -0.926474 0.0758136 -0.368644 -0.345904 -0.55752 0.754667 -3.38546 3.40431 -1.81782</i>
                        <i>-0.146254 0.83699 0.527312 -0.899387 0.109478 -0.423224 -0.411963 -0.536155 0.736766 -3.3643 3.38742 -1.86619</i>
                        <i>-0.134683 0.854953 0.500916 -0.879792 0.129399 -0.457408 -0.45588 -0.502307 0.734753 -3.35242 3.37755 -1.8924</i>
                        <i>-0.115324 0.876454 0.46747 -0.871931 0.136126 -0.470326 -0.475854 -0.461842 0.748509 -3.35076 3.37768 -1.89197</i>
                        <i>-0.0907299 0.899822 0.426718 -0.868869 0.137865 -0.475458 -0.486657 -0.4139 0.769319 -3.35341 3.38552 -1.87902</i>
                        <i>-0.0630721 0.922665 0.380409 -0.869203 0.136519 -0.475235 -0.490416 -0.360627 0.793373 -3.3595 3.39904 -1.85842</i>
                        <i>-0.0342033 0.943111 0.330713 -0.871271 0.133971 -0.472163 -0.489608 -0.30429 0.817124 -3.36817 3.41642 -1.83482</i>
                        <i>-0.00507996 0.959947 0.280135 -0.873277 0.132226 -0.46894 -0.487198 -0.247018 0.837628 -3.37818 3.43379 -1.81317</i>
                        <i>0.0244557 0.972493 0.231645 -0.87337 0.133533 -0.468396 -0.486444 -0.190856 0.852611 -3.38789 3.44625 -1.79873</i>
                        <i>0.0613977 0.982489 0.175914 -0.871501 0.138682 -0.470375 -0.486535 -0.124429 0.864755 -3.39769 3.45307 -1.79282</i>
                        <i>0.107164 0.988307 0.108467 -0.868521 0.146155 -0.473614 -0.483929 -0.0434514 0.874028 -3.40864 3.45682 -1.79187</i>
                        <i>0.154181 0.987193 0.0409656 -0.864245 0.154842 -0.478649 -0.478862 0.0383944 0.87705 -3.42002 3.45914 -1.79368</i>
                        <i>0.195081 0.980677 -0.0146763 -0.859051 0.163628 -0.485032 -0.473259 0.107229 0.874373 -3.43118 3.46113 -1.79612</i>
                        <i>0.222731 0.97374 -0.0471377 -0.85388 0.171527 -0.491394 -0.470404 0.149699 0.869661 -3.44157 3.46339 -1.79697</i>
                        <i>0.229917 0.972128 -0.0458829 -0.850028 0.177634 -0.495881 -0.47391 0.153013 0.867177 -3.45071 3.46613 -1.79385</i>
                        <i>0.208062 0.978111 0.00298237 -0.848332 0.181972 -0.497211 -0.48687 0.100921 0.867625 -3.45883 3.46781 -1.78576</i>
                        <i>0.159761 0.982772 0.0929296 -0.848395 0.184823 -0.496051 -0.50468 0.000408726 0.863306 -3.46621 3.46641 -1.77495</i>
                        <i>0.0951372 0.97457 0.202883 -0.849457 0.18574 -0.493887 -0.519011 -0.125354 0.845526 -3.47253 3.46253 -1.76363</i>
                        <i>0.0263752 0.949914 0.311397 -0.850733 0.184907 -0.491999 -0.524936 -0.251939 0.813 -3.47761 3.4576 -1.75354</i>
                        <i>-0.0329104 0.916315 0.399103 -0.851661 0.18327 -0.491005 -0.523059 -0.35606 0.774358 -3.48127 3.45281 -1.74601</i>
                        <i>-0.0693021 0.889968 0.450726 -0.851996 0.182227 -0.490812 -0.518941 -0.418031 0.745621 -3.4834 3.44956 -1.74203</i>
                        <i>-0.0791333 0.881907 0.464734 -0.851915 0.182265 -0.490938 -0.517667 -0.434764 0.736886 -3.48365 3.44861 -1.74158</i>
                        <i>-0.0717824 0.887654 0.454881 -0.851698 0.182799 -0.491116 -0.519093 -0.422675 0.742892 -3.48219 3.44928 -1.74341</i>
                        <i>-0.0540513 0.901061 0.43031 -0.851399 0.183574 -0.491345 -0.521726 -0.392923 0.75724 -3.47972 3.45064 -1.74663</i>
                        <i>-0.0327825 0.915872 0.400129 -0.851075 0.18432 -0.491627 -0.52402 -0.356657 0.773434 -3.47692 3.45177 -1.75032</i>
                        <i>-0.0148632 0.927238 0.374177 -0.850797 0.184864 -0.491904 -0.525284 -0.32566 0.786144 -3.47452 3.45182 -1.75353</i>
                        <i>-0.00715152 0.931785 0.362941 -0.850643 0.185137 -0.492067 -0.525695 -0.312252 0.791293 -3.47325 3.45007 -1.75515</i>
                        <i>-0.0151462 0.926971 0.374826 -0.850691 0.18505 -0.492017 -0.525447 -0.326314 0.785764 -3.47364 3.44128 -1.75435</i>
                        <i>-0.0337034 0.915101 0.401814 -0.850885 0.184626 -0.491841 -0.52427 -0.358474 0.772423 -3.47517 3.42586 -1.75192</i>
                        <i>-0.05364 0.901159 0.430158 -0.851109 0.184035 -0.491676 -0.522242 -0.392485 0.757112 -3.47698 3.41161 -1.74919</i>
                        <i>-0.065743 0.892104 0.447021 -0.851266 0.183586 -0.491571 -0.520599 -0.412851 0.747349 -3.47827 3.40644 -1.74737</i>
                        <i>-0.0704856 0.888807 0.452828 -0.851148 0.183136 -0.491944 -0.520172 -0.420099 0.743598 -3.47951 3.41136 -1.74643</i>
                        <i>-0.0743478 0.886662 0.456402 -0.850719 0.18241 -0.492954 -0.520336 -0.42492 0.740739 -3.48141 3.42085 -1.74559</i>
                        <i>-0.0771473 0.88555 0.458094 -0.850161 0.181594 -0.494217 -0.520841 -0.427581 0.73885 -3.48355 3.43309 -1.74485</i>
                        <i>-0.0786946 0.885331 0.458253 -0.849655 0.180873 -0.49535 -0.521434 -0.428339 0.737992 -3.48548 3.44628 -1.74422</i>
                        <i>-0.0788007 0.885855 0.45722 -0.849389 0.180429 -0.495968 -0.521852 -0.427441 0.738218 -3.48678 3.45862 -1.74369</i>
                        <i>-0.077282 0.886964 0.455326 -0.849549 0.180442 -0.495689 -0.521819 -0.425129 0.739574 -3.487 3.46829 -1.74326</i>
                        <i>-0.0739645 0.888494 0.452889 -0.850318 0.181086 -0.494133 -0.521046 -0.421648 0.742108 -3.48572 3.47624 -1.74295</i>
                        <i>-0.0686866 0.890274 0.450217 -0.85187 0.182536 -0.490916 -0.51923 -0.417245 0.745859 -3.48251 3.4838 -1.74277</i>
                        <i>-0.0609773 0.892546 0.446814 -0.85425 0.184873 -0.485879 -0.516274 -0.411318 0.751185 -3.47711 3.48988 -1.74284</i>
                        <i>-0.0508268 0.895538 0.442072 -0.857274 0.187959 -0.479326 -0.512346 -0.403339 0.758168 -3.46982 3.49322 -1.74328</i>
                        <i>-0.0387751 0.89905 0.436126 -0.860758 0.191631 -0.471565 -0.507536 -0.393684 0.766433 -3.46096 3.49237 -1.74416</i>
                        <i>-0.025177 0.903004 0.428893 -0.864487 0.195785 -0.462958 -0.502024 -0.382428 0.775706 -3.45063 3.48397 -1.74586</i>
                        <i>-0.0105121 0.907235 0.420493 -0.868289 0.200284 -0.453829 -0.495947 -0.36988 0.785637 -3.4391 3.4686 -1.74847</i>
                        <i>0.00451125 0.911442 0.411403 -0.872061 0.204921 -0.444429 -0.489377 -0.356763 0.795758 -3.42703 3.45078 -1.7516</i>
                        <i>0.0192106 0.915378 0.402138 -0.875721 0.209482 -0.435005 -0.482435 -0.343804 0.80564 -3.41508 3.43511 -1.75484</i>
                        <i>0.0329346 0.918842 0.393249 -0.879209 0.213748 -0.425797 -0.475297 -0.331724 0.814894 -3.40389 3.42618 -1.75772</i>
                        <i>0.0452589 0.921631 0.385418 -0.8826 0.217614 -0.416728 -0.467942 -0.321309 0.82328 -3.39301 3.42634 -1.76017</i>
                        <i>0.0564676 0.923847 0.378573 -0.885982 0.22117 -0.407579 -0.46027 -0.312393 0.831001 -3.38164 3.43247 -1.76258</i>
                        <i>0.066999 0.925756 0.372139 -0.889328 0.224499 -0.398366 -0.452334 -0.304263 0.838342 -3.3699 3.44109 -1.76518</i>
                        <i>0.0772964 0.927587 0.365523 -0.892615 0.227705 -0.389087 -0.444144 -0.296196 0.845579 -3.35795 3.44874 -1.76817</i>
                        <i>0.0878116 0.92954 0.358114 -0.895818 0.230917 -0.379721 -0.43566 -0.287461 0.852975 -3.34592 3.45197 -1.77172</i>
                        <i>0.098907 0.931735 0.34941 -0.898937 0.23425 -0.370189 -0.426768 -0.277483 0.860739 -3.33408 3.45023 -1.7758</i>
                        <i>0.110828 0.93422 0.339043 -0.901998 0.237785 -0.360358 -0.417273 -0.265878 0.869018 -3.32287 3.44606 -1.78014</i>
                        <i>0.12386 0.937024 0.326564 -0.90501 0.24164 -0.350095 -0.406958 -0.252181 0.877946 -3.31267 3.4407 -1.78453</i>
                        <i>0.138271 0.940134 0.311496 -0.907968 0.24595 -0.339268 -0.39557 -0.235917 0.887619 -3.30383 3.43539 -1.78874</i>
                        <i>0.154293 0.943479 0.293329 -0.910845 0.250859 -0.327767 -0.382825 -0.216605 0.898069 -3.29671 3.43142 -1.79251</i>
                    </KeyFrames>
                </p>
            </i>
            <i>
                <p>
                    <Name><![CDATA[spine1]]></Name>
                    <Exclude>0</Exclude>
                    <Additive>0</Additive>
                    <IKPriority>0</IKPriority>
                    <IKRotLimits>-1e+010 -1e+010 -1e+010 1e+010 1e+010 1e+010</IKRotLimits>
                    <IKRotLimitOrder>0</IKRotLimitOrder>
                    <KeyFrames count="97">
                        <i>0.0239725 0.821868 0.569173 -0.917226 0.244541 -0.314478 -0.397645 -0.514522 0.759701 -3.26972 3.59645 -1.74122</i>
                        <i>0.022657 0.820255 0.57155 -0.91722 0.244497 -0.314528 -0.397736 -0.517111 0.757894 -3.26976 3.59614 -1.74083</i>
                        <i>0.0212554 0.818539 0.574057 -0.917221 0.244436 -0.314575 -0.397812 -0.519851 0.755976 -3.26982 3.59585 -1.74036</i>
                        <i>0.019844 0.816801 0.576579 -0.917221 0.244375 -0.314622 -0.397885 -0.522606 0.754036 -3.26988 3.59552 -1.73988</i>
                        <i>0.0184989 0.81512 0.578997 -0.917214 0.244335 -0.314673 -0.397966 -0.525243 0.752159 -3.26993 3.59509 -1.73949</i>
                        <i>0.0172959 0.813578 0.581198 -0.917194 0.244334 -0.314732 -0.398065 -0.527628 0.750435 -3.26994 3.59451 -1.73924</i>
                        <i>0.0163108 0.812261 0.583067 -0.917155 0.244392 -0.314801 -0.398198 -0.529628 0.748955 -3.2699 3.59371 -1.73923</i>
                        <i>0.0156446 0.811353 0.584347 -0.91702 0.244582 -0.315046 -0.398534 -0.53093 0.747853 -3.26926 3.59251 -1.74019</i>
                        <i>0.0152798 0.810863 0.585036 -0.916781 0.244903 -0.315493 -0.399099 -0.531529 0.747126 -3.26791 3.59102 -1.74221</i>
                        <i>0.0150079 0.809207 0.587332 -0.916381 0.246132 -0.315697 -0.400025 -0.533482 0.745236 -3.26593 3.58917 -1.74418</i>
                        <i>0.0146324 0.805362 0.592602 -0.915826 0.248662 -0.315325 -0.401308 -0.538107 0.74121 -3.26366 3.58701 -1.74507</i>
                        <i>0.0140785 0.799982 0.599858 -0.9153 0.251818 -0.314348 -0.402528 -0.544625 0.735769 -3.26216 3.58504 -1.74412</i>
                        <i>0.013296 0.793735 0.608118 -0.914995 0.254923 -0.312728 -0.403247 -0.552267 0.729653 -3.2625 3.5838 -1.74057</i>
                        <i>0.0124277 0.786773 0.617117 -0.915498 0.257153 -0.309412 -0.402131 -0.561124 0.723485 -3.26887 3.58488 -1.7296</i>
                        <i>0.0116024 0.780239 0.625374 -0.916818 0.257944 -0.30481 -0.399136 -0.569818 0.71833 -3.28088 3.58797 -1.71237</i>
                        <i>0.0106815 0.776385 0.630169 -0.918296 0.257034 -0.301107 -0.39575 -0.575465 0.715697 -3.29276 3.59082 -1.69719</i>
                        <i>0.00943323 0.777485 0.628831 -0.919279 0.254205 -0.300509 -0.393493 -0.575236 0.717124 -3.29876 3.5914 -1.69244</i>
                        <i>0.00750578 0.78465 0.619894 -0.919752 0.248695 -0.303657 -0.392429 -0.567869 0.72355 -3.29822 3.58878 -1.70013</i>
                        <i>0.00508133 0.797746 0.602973 -0.920264 0.239658 -0.309318 -0.391264 -0.553323 0.735355 -3.29577 3.58459 -1.71477</i>
                        <i>0.00342031 0.836105 0.548559 -0.922613 0.214226 -0.320768 -0.385711 -0.505011 0.772134 -3.30234 3.58587 -1.73661</i>
                        <i>0.00137885 0.893188 0.449681 -0.925688 0.171248 -0.337306 -0.378285 -0.415799 0.82705 -3.32065 3.59422 -1.76311</i>
                        <i>-0.00142458 0.938695 0.344747 -0.92696 0.128095 -0.352615 -0.375158 -0.320069 0.86995 -3.34058 3.60418 -1.78702</i>
                        <i>-0.00315808 0.96009 0.279673 -0.927019 0.102068 -0.360858 -0.375002 -0.260402 0.889699 -3.35214 3.61186 -1.80098</i>
                        <i>-0.00153374 0.967577 0.252573 -0.926757 0.0935063 -0.363839 -0.375659 -0.234632 0.896565 -3.3558 3.62099 -1.80481</i>
                        <i>0.0038055 0.973255 0.229696 -0.92588 0.0902094 -0.36689 -0.377799 -0.211275 0.901461 -3.35862 3.63542 -1.80423</i>
                        <i>0.0112005 0.977383 0.211178 -0.924726 0.0904809 -0.369722 -0.380467 -0.191141 0.904826 -3.36073 3.65212 -1.80081</i>
                        <i>0.018921 0.980199 0.197108 -0.923594 0.092636 -0.372012 -0.382905 -0.175009 0.907059 -3.36231 3.66802 -1.79612</i>
                        <i>0.0252093 0.981931 0.187554 -0.922785 0.0950151 -0.373416 -0.384489 -0.163658 0.908506 -3.36361 3.68003 -1.79172</i>
                        <i>0.0283108 0.982783 0.182579 -0.92262 0.0959801 -0.373577 -0.38467 -0.157875 0.909453 -3.36496 3.68506 -1.78916</i>
                        <i>0.025952 0.983013 0.181694 -0.92357 0.093131 -0.371947 -0.38255 -0.158154 0.910298 -3.36835 3.661 -1.78996</i>
                        <i>0.0175922 0.982489 0.185488 -0.926067 0.0859523 -0.36744 -0.376949 -0.16531 0.911363 -3.37456 3.62325 -1.79234</i>
                        <i>0.00414365 0.980664 0.195654 -0.930305 0.0755402 -0.358923 -0.366763 -0.180531 0.91263 -3.38213 3.58765 -1.79291</i>
                        <i>-0.0134021 0.976766 0.213887 -0.936369 0.062777 -0.345359 -0.350762 -0.204906 0.913772 -3.38977 3.57006 -1.78835</i>
                        <i>-0.0447771 0.965825 0.255299 -0.947679 0.0397881 -0.316737 -0.31607 -0.256124 0.91351 -3.39982 3.57137 -1.77243</i>
                        <i>-0.090761 0.941208 0.325408 -0.96243 0.0010694 -0.271529 -0.255913 -0.337827 0.905749 -3.41314 3.57846 -1.74527</i>
                        <i>-0.137602 0.901437 0.41046 -0.973961 -0.0477563 -0.221628 -0.180181 -0.430269 0.884536 -3.42642 3.5864 -1.71327</i>
                        <i>-0.17529 0.850538 0.495841 -0.979165 -0.0981712 -0.177758 -0.102513 -0.51667 0.850026 -3.43695 3.59123 -1.68304</i>
                        <i>-0.199367 0.79853 0.567982 -0.979146 -0.139229 -0.147946 -0.0390599 -0.585633 0.809635 -3.44283 3.59022 -1.66126</i>
                        <i>-0.209841 0.759324 0.61595 -0.977715 -0.158932 -0.137161 -0.00625607 -0.631006 0.775753 -3.44294 3.58164 -1.6544</i>
                        <i>-0.204181 0.744495 0.635639 -0.978378 -0.133333 -0.15811 -0.03296 -0.654178 0.755622 -3.4317 3.56527 -1.67678</i>
                        <i>-0.184944 0.750982 0.633894 -0.976572 -0.0682306 -0.204089 -0.110016 -0.656788 0.746007 -3.41093 3.5463 -1.7246</i>
                        <i>-0.157685 0.770294 0.617886 -0.967717 0.00404642 -0.252007 -0.19662 -0.637676 0.744788 -3.38936 3.53084 -1.77583</i>
                        <i>-0.130237 0.793885 0.593956 -0.95829 0.0529195 -0.280857 -0.2544 -0.60576 0.75388 -3.37548 3.52389 -1.80665</i>
                        <i>-0.106987 0.818964 0.563784 -0.9542 0.0747634 -0.289678 -0.279386 -0.568954 0.773456 -3.3705 3.52769 -1.81195</i>
                        <i>-0.0838545 0.846101 0.526386 -0.952296 0.0875081 -0.292361 -0.29343 -0.525791 0.7984 -3.36894 3.53958 -1.80596</i>
                        <i>-0.0603459 0.873441 0.483177 -0.952229 0.0947993 -0.290297 -0.299362 -0.477614 0.825995 -3.37031 3.55708 -1.79326</i>
                        <i>-0.0356861 0.899234 0.436011 -0.953166 0.10049 -0.285265 -0.300334 -0.425771 0.853533 -3.37403 3.57801 -1.77816</i>
                        <i>-0.00827075 0.922063 0.386951 -0.953899 0.108824 -0.279705 -0.300015 -0.371425 0.878655 -3.37906 3.59825 -1.76518</i>
                        <i>0.0246003 0.940686 0.338386 -0.952888 0.124429 -0.276628 -0.302325 -0.315639 0.899429 -3.38371 3.61271 -1.75908</i>
                        <i>0.0722632 0.95754 0.279095 -0.949083 0.152044 -0.275906 -0.306626 -0.244947 0.919773 -3.3872 3.62093 -1.76276</i>
                        <i>0.134603 0.969661 0.204059 -0.941902 0.189161 -0.277559 -0.307738 -0.154843 0.938787 -3.39037 3.62534 -1.77337</i>
                        <i>0.200468 0.971408 0.127197 -0.931231 0.229269 -0.283275 -0.304338 -0.0616621 0.950566 -3.39376 3.62728 -1.7867</i>
                        <i>0.258769 0.963851 0.0634738 -0.918731 0.265882 -0.291958 -0.298281 0.0172343 0.954323 -3.39795 3.62824 -1.79862</i>
                        <i>0.29909 0.953839 0.0271453 -0.907737 0.293175 -0.300103 -0.294208 0.0651171 0.953521 -3.40355 3.62961 -1.80501</i>
                        <i>0.311518 0.949732 0.0310716 -0.902437 0.305929 -0.303339 -0.297596 0.0664555 0.952376 -3.41137 3.63247 -1.80169</i>
                        <i>0.285676 0.953949 0.0914928 -0.906046 0.29996 -0.298505 -0.312203 0.00237908 0.950012 -3.42313 3.63563 -1.78525</i>
                        <i>0.225834 0.953431 0.199919 -0.916209 0.277607 -0.288957 -0.331 -0.117911 0.936235 -3.4387 3.6356 -1.75895</i>
                        <i>0.145282 0.932676 0.330165 -0.92815 0.244058 -0.281022 -0.342682 -0.265615 0.90112 -3.45608 3.63098 -1.72857</i>
                        <i>0.0602273 0.888161 0.455569 -0.93798 0.206462 -0.278509 -0.341418 -0.41054 0.845512 -3.47303 3.6225 -1.69949</i>
                        <i>-0.0119117 0.832605 0.553739 -0.943903 0.173401 -0.281031 -0.330007 -0.526024 0.783833 -3.487 3.61253 -1.67646</i>
                        <i>-0.0553156 0.790565 0.609875 -0.946295 0.153356 -0.28462 -0.318539 -0.592865 0.739624 -3.4955 3.60512 -1.66326</i>
                        <i>-0.0669039 0.777744 0.62501 -0.946716 0.148308 -0.28589 -0.315043 -0.610834 0.726381 -3.49749 3.60291 -1.66029</i>
                        <i>-0.0584516 0.786624 0.614659 -0.946259 0.152526 -0.285184 -0.318085 -0.598296 0.735434 -3.49474 3.6045 -1.66389</i>
                        <i>-0.0377719 0.807733 0.588337 -0.945134 0.162306 -0.283511 -0.324492 -0.566766 0.757286 -3.48915 3.60799 -1.6715</i>
                        <i>-0.0127158 0.831431 0.555482 -0.943547 0.173914 -0.281909 -0.330994 -0.527708 0.782283 -3.48263 3.61144 -1.68058</i>
                        <i>0.00855924 0.849916 0.52685 -0.941993 0.183637 -0.280939 -0.335524 -0.493884 0.802186 -3.4771 3.61325 -1.6884</i>
                        <i>0.0177094 0.857374 0.514389 -0.941245 0.187834 -0.280673 -0.337261 -0.479195 0.810325 -3.47449 3.6122 -1.69202</i>
                        <i>0.00801002 0.849399 0.52769 -0.941954 0.183538 -0.281135 -0.335647 -0.494808 0.801565 -3.47627 3.60267 -1.68911</i>
                        <i>-0.0142483 0.830028 0.557539 -0.943495 0.173468 -0.282359 -0.331081 -0.530058 0.780656 -3.48103 3.58542 -1.68188</i>
                        <i>-0.0379248 0.807648 0.588444 -0.94492 0.162592 -0.284059 -0.325096 -0.566805 0.756997 -3.48634 3.56898 -1.67409</i>
                        <i>-0.052152 0.793308 0.606582 -0.945677 0.155949 -0.285262 -0.320896 -0.588508 0.742081 -3.48975 3.56237 -1.66925</i>
                        <i>-0.0571702 0.788429 0.612463 -0.945988 0.15331 -0.285661 -0.31912 -0.595714 0.73708 -3.49182 3.56677 -1.66727</i>
                        <i>-0.0604512 0.785793 0.615528 -0.946272 0.151138 -0.285879 -0.317672 -0.599738 0.734438 -3.49441 3.57592 -1.66579</i>
                        <i>-0.0622029 0.784961 0.616415 -0.946508 0.149537 -0.285938 -0.316627 -0.601228 0.73367 -3.49703 3.58798 -1.66475</i>
                        <i>-0.0626176 0.785456 0.615742 -0.946676 0.148623 -0.28586 -0.316044 -0.600808 0.734266 -3.49923 3.60114 -1.66408</i>
                        <i>-0.0618821 0.78679 0.614111 -0.946753 0.148507 -0.285666 -0.315959 -0.599089 0.735706 -3.50055 3.61355 -1.66374</i>
                        <i>-0.0601874 0.788472 0.612118 -0.946715 0.149286 -0.285383 -0.316398 -0.596678 0.737474 -3.50051 3.6234 -1.66366</i>
                        <i>-0.0577395 0.790019 0.610358 -0.946538 0.151043 -0.285046 -0.317382 -0.594185 0.739062 -3.49865 3.63158 -1.66379</i>
