<?xml version="1.0" encoding="ISO-8859-1" ?>
<Animl Version="1">
    <ModellingPackage><![CDATA[Maya.2010]]></ModellingPackage>
    <SrcFile><![CDATA[anims\turrets\antiair\blue\~src\aa_chaparral\aa_chaparral_fire_crewman_b.mb]]></SrcFile>
    <FramesPerSecond>30</FramesPerSecond>
    <TotalFrames>49</TotalFrames>
    <Skeleton>
        <RefFrame>
            <Name><![CDATA[soldier_ref_frame]]></Name>
            <Exclude>0</Exclude>
            <Additive>0</Additive>
            <IKPriority>0</IKPriority>
            <IKRotLimits>-1e+010 -1e+010 -1e+010 1e+010 1e+010 1e+010</IKRotLimits>
            <IKRotLimitOrder>0</IKRotLimitOrder>
            <KeyFrames count="49">
                <i>1 0 0 0 1 0 0 0 1 -3.39 2.17 -1.86</i>
                <i>1 0 0 0 1 0 0 0 1 -3.39 2.17 -1.86</i>
                <i>1 0 0 0 1 0 0 0 1 -3.39 2.17 -1.86</i>
                <i>1 0 0 0 1 0 0 0 1 -3.39 2.17 -1.86</i>
                <i>1 0 0 0 1 0 0 0 1 -3.39 2.17 -1.86</i>
                <i>1 0 0 0 1 0 0 0 1 -3.39 2.17 -1.86</i>
                <i>1 0 0 0 1 0 0 0 1 -3.39 2.17 -1.86</i>
                <i>1 0 0 0 1 0 0 0 1 -3.39 2.17 -1.86</i>
                <i>1 0 0 0 1 0 0 0 1 -3.39 2.17 -1.86</i>
                <i>1 0 0 0 1 0 0 0 1 -3.39 2.17 -1.86</i>
                <i>1 0 0 0 1 0 0 0 1 -3.39 2.17 -1.86</i>
                <i>1 0 0 0 1 0 0 0 1 -3.39 2.17 -1.86</i>
                <i>1 0 0 0 1 0 0 0 1 -3.39 2.17 -1.86</i>
                <i>1 0 0 0 1 0 0 0 1 -3.39 2.17 -1.86</i>
                <i>1 0 0 0 1 0 0 0 1 -3.39 2.17 -1.86</i>
                <i>1 0 0 0 1 0 0 0 1 -3.39 2.17 -1.86</i>
                <i>1 0 0 0 1 0 0 0 1 -3.39 2.17 -1.86</i>
                <i>1 0 0 0 1 0 0 0 1 -3.39 2.17 -1.86</i>
                <i>1 0 0 0 1 0 0 0 1 -3.39 2.17 -1.86</i>
                <i>1 0 0 0 1 0 0 0 1 -3.39 2.17 -1.86</i>
                <i>1 0 0 0 1 0 0 0 1 -3.39 2.17 -1.86</i>
                <i>1 0 0 0 1 0 0 0 1 -3.39 2.17 -1.86</i>
                <i>1 0 0 0 1 0 0 0 1 -3.39 2.17 -1.86</i>
                <i>1 0 0 0 1 0 0 0 1 -3.39 2.17 -1.86</i>
                <i>1 0 0 0 1 0 0 0 1 -3.39 2.17 -1.86</i>
                <i>1 0 0 0 1 0 0 0 1 -3.39 2.17 -1.86</i>
                <i>1 0 0 0 1 0 0 0 1 -3.39 2.17 -1.86</i>
                <i>1 0 0 0 1 0 0 0 1 -3.39 2.17 -1.86</i>
                <i>1 0 0 0 1 0 0 0 1 -3.39 2.17 -1.86</i>
                <i>1 0 0 0 1 0 0 0 1 -3.39 2.17 -1.86</i>
                <i>1 0 0 0 1 0 0 0 1 -3.39 2.17 -1.86</i>
                <i>1 0 0 0 1 0 0 0 1 -3.39 2.17 -1.86</i>
                <i>1 0 0 0 1 0 0 0 1 -3.39 2.17 -1.86</i>
                <i>1 0 0 0 1 0 0 0 1 -3.39 2.17 -1.86</i>
                <i>1 0 0 0 1 0 0 0 1 -3.39 2.17 -1.86</i>
                <i>1 0 0 0 1 0 0 0 1 -3.39 2.17 -1.86</i>
                <i>1 0 0 0 1 0 0 0 1 -3.39 2.17 -1.86</i>
                <i>1 0 0 0 1 0 0 0 1 -3.39 2.17 -1.86</i>
                <i>1 0 0 0 1 0 0 0 1 -3.39 2.17 -1.86</i>
                <i>1 0 0 0 1 0 0 0 1 -3.39 2.17 -1.86</i>
                <i>1 0 0 0 1 0 0 0 1 -3.39 2.17 -1.86</i>
                <i>1 0 0 0 1 0 0 0 1 -3.39 2.17 -1.86</i>
                <i>1 0 0 0 1 0 0 0 1 -3.39 2.17 -1.86</i>
                <i>1 0 0 0 1 0 0 0 1 -3.39 2.17 -1.86</i>
                <i>1 0 0 0 1 0 0 0 1 -3.39 2.17 -1.86</i>
                <i>1 0 0 0 1 0 0 0 1 -3.39 2.17 -1.86</i>
                <i>1 0 0 0 1 0 0 0 1 -3.39 2.17 -1.86</i>
                <i>1 0 0 0 1 0 0 0 1 -3.39 2.17 -1.86</i>
                <i>1 0 0 0 1 0 0 0 1 -3.39 2.17 -1.86</i>
            </KeyFrames>
        </RefFrame>
        <Bones count="23">
            <i>
                <p>
                    <Name><![CDATA[pelvis]]></Name>
                    <Exclude>0</Exclude>
                    <Additive>0</Additive>
                    <IKPriority>0</IKPriority>
                    <IKRotLimits>-1e+010 -1e+010 -1e+010 1e+010 1e+010 1e+010</IKRotLimits>
                    <IKRotLimitOrder>2</IKRotLimitOrder>
                    <KeyFrames count="49">
                        <i>1 0 0 0 1 0 0 0 1 -3.34236 3.29566 -1.77661</i>
                        <i>1 0 0 0 1 0 0 0 1 -3.32864 3.28869 -1.78934</i>
                        <i>1 0 0 0 1 0 0 0 1 -3.31365 3.25883 -1.81679</i>
                        <i>1 0 0 0 1 0 0 0 1 -3.32593 3.14081 -1.89784</i>
                        <i>1 0 0 0 1 0 0 0 1 -3.34846 3.01524 -1.95985</i>
                        <i>1 0 0 0 1 0 0 0 1 -3.37129 2.94952 -1.99105</i>
                        <i>1 0 0 0 1 0 0 0 1 -3.38343 2.98527 -1.99439</i>
                        <i>1 0 0 0 1 0 0 0 1 -3.38357 3.10634 -1.96838</i>
                        <i>1 0 0 0 1 0 0 0 1 -3.37864 3.257 -1.92723</i>
                        <i>1 0 0 0 1 0 0 0 1 -3.37049 3.39981 -1.87898</i>
                        <i>1 0 0 0 1 0 0 0 1 -3.36049 3.49816 -1.83477</i>
                        <i>1 0 0 0 1 0 0 0 1 -3.35079 3.55198 -1.79678</i>
                        <i>1 0 0 0 1 0 0 0 1 -3.34436 3.57708 -1.76245</i>
                        <i>1 0 0 0 1 0 0 0 1 -3.33992 3.57534 -1.73355</i>
                        <i>1 0 0 0 1 0 0 0 1 -3.33504 3.55976 -1.70832</i>
                        <i>1 0 0 0 1 0 0 0 1 -3.33052 3.53465 -1.68723</i>
                        <i>1 0 0 0 1 0 0 0 1 -3.32714 3.50429 -1.67076</i>
                        <i>1 0 0 0 1 0 0 0 1 -3.32567 3.47295 -1.65935</i>
                        <i>1 0 0 0 1 0 0 0 1 -3.32685 3.44489 -1.65335</i>
                        <i>1 0 0 0 1 0 0 0 1 -3.33112 3.4193 -1.65291</i>
                        <i>1 0 0 0 1 0 0 0 1 -3.33885 3.39556 -1.6561</i>
                        <i>1 0 0 0 1 0 0 0 1 -3.36102 3.38263 -1.65349</i>
                        <i>1 0 0 0 1 0 0 0 1 -3.39811 3.38109 -1.64389</i>
                        <i>1 0 0 0 1 0 0 0 1 -3.43492 3.38307 -1.63671</i>
                        <i>1 0 0 0 1 0 0 0 1 -3.45618 3.38064 -1.64096</i>
                        <i>1 0 0 0 1 0 0 0 1 -3.45714 3.37572 -1.65631</i>
                        <i>1 0 0 0 1 0 0 0 1 -3.44745 3.37445 -1.67507</i>
                        <i>1 0 0 0 1 0 0 0 1 -3.43326 3.37504 -1.69507</i>
                        <i>1 0 0 0 1 0 0 0 1 -3.42043 3.37609 -1.71419</i>
                        <i>1 0 0 0 1 0 0 0 1 -3.41467 3.37659 -1.73026</i>
                        <i>1 0 0 0 1 0 0 0 1 -3.42169 3.37635 -1.74318</i>
                        <i>1 0 0 0 1 0 0 0 1 -3.43784 3.37315 -1.75367</i>
                        <i>1 0 0 0 1 0 0 0 1 -3.45372 3.36383 -1.76177</i>
                        <i>1 0 0 0 1 0 0 0 1 -3.45815 3.34877 -1.76847</i>
                        <i>1 0 0 0 1 0 0 0 1 -3.45008 3.32726 -1.77596</i>
                        <i>1 0 0 0 1 0 0 0 1 -3.43724 3.29995 -1.7845</i>
                        <i>1 0 0 0 1 0 0 0 1 -3.42116 3.26943 -1.79352</i>
                        <i>1 0 0 0 1 0 0 0 1 -3.40337 3.2383 -1.80239</i>
                        <i>1 0 0 0 1 0 0 0 1 -3.38543 3.20913 -1.81047</i>
                        <i>1 0 0 0 1 0 0 0 1 -3.36885 3.18452 -1.81716</i>
                        <i>1 0 0 0 1 0 0 0 1 -3.35514 3.16704 -1.82183</i>
                        <i>1 0 0 0 1 0 0 0 1 -3.34583 3.15927 -1.82236</i>
                        <i>1 0 0 0 1 0 0 0 1 -3.34241 3.16377 -1.81688</i>
                        <i>1 0 0 0 1 0 0 0 1 -3.34244 3.17939 -1.808</i>
                        <i>1 0 0 0 1 0 0 0 1 -3.34243 3.20138 -1.79893</i>
                        <i>1 0 0 0 1 0 0 0 1 -3.34242 3.22687 -1.79044</i>
                        <i>1 0 0 0 1 0 0 0 1 -3.34239 3.25299 -1.78335</i>
                        <i>1 0 0 0 1 0 0 0 1 -3.34237 3.27687 -1.77847</i>
                        <i>1 0 0 0 1 0 0 0 1 -3.34236 3.29566 -1.77661</i>
                    </KeyFrames>
                </p>
            </i>
            <i>
                <p>
                    <Name><![CDATA[spine0]]></Name>
                    <Exclude>0</Exclude>
                    <Additive>0</Additive>
                    <IKPriority>0</IKPriority>
                    <IKRotLimits>-1e+010 -1e+010 -1e+010 1e+010 1e+010 1e+010</IKRotLimits>
                    <IKRotLimitOrder>0</IKRotLimitOrder>
                    <KeyFrames count="49">
                        <i>0.154039 0.943313 0.293994 -0.910839 0.250887 -0.327761 -0.382941 -0.217294 0.897853 -3.29671 3.43116 -1.79251</i>
                        <i>0.180694 0.940652 0.287269 -0.905872 0.272928 -0.323894 -0.383075 -0.201703 0.901426 -3.27957 3.42287 -1.80618</i>
                        <i>0.211075 0.937465 0.27678 -0.898709 0.297482 -0.32222 -0.384407 -0.180732 0.905299 -3.26059 3.39128 -1.83512</i>
                        <i>0.204559 0.944313 0.257737 -0.900179 0.284905 -0.329405 -0.384492 -0.164627 0.908331 -3.27369 3.2732 -1.91885</i>
                        <i>0.186299 0.951318 0.245534 -0.904297 0.263733 -0.335696 -0.384109 -0.159496 0.909407 -3.2986 3.14825 -1.9826</i>
                        <i>0.166092 0.954871 0.246241 -0.908397 0.245319 -0.338574 -0.383702 -0.16745 0.908148 -3.32405 3.08349 -2.01372</i>
                        <i>0.155866 0.953458 0.258114 -0.910273 0.24011 -0.337269 -0.383548 -0.182386 0.905332 -3.3375 3.11998 -2.01539</i>
                        <i>0.157696 0.947445 0.278351 -0.909906 0.248933 -0.331817 -0.383669 -0.200947 0.901342 -3.33737 3.24135 -1.98664</i>
                        <i>0.16478 0.939324 0.300862 -0.908526 0.263293 -0.324435 -0.383965 -0.21988 0.896785 -3.33143 3.39203 -1.94256</i>
                        <i>0.175353 0.931109 0.319823 -0.906364 0.279516 -0.31682 -0.38439 -0.234321 0.892938 -3.32183 3.53458 -1.89187</i>
                        <i>0.187616 0.92528 0.329631 -0.903677 0.294113 -0.311233 -0.384927 -0.239488 0.891334 -3.31019 3.63243 -1.84639</i>
                        <i>0.19951 0.921733 0.332572 -0.901 0.305982 -0.307528 -0.385219 -0.238293 0.891528 -3.299 3.68574 -1.8078</i>
                        <i>0.208722 0.919534 0.333006 -0.899156 0.314357 -0.304463 -0.384647 -0.235877 0.892418 -3.29157 3.7105 -1.77276</i>
                        <i>0.215824 0.918419 0.331552 -0.898018 0.320021 -0.301912 -0.383385 -0.232579 0.893825 -3.28657 3.70861 -1.74292</i>
                        <i>0.222661 0.917416 0.329803 -0.896997 0.325299 -0.299295 -0.381862 -0.229191 0.895351 -3.28126 3.69295 -1.71641</i>
                        <i>0.228978 0.916912 0.326866 -0.896199 0.329651 -0.296913 -0.379994 -0.22495 0.897219 -3.27645 3.66779 -1.69398</i>
                        <i>0.23453 0.917292 0.321824 -0.895733 0.332546 -0.295087 -0.377702 -0.219062 0.89964 -3.27292 3.63742 -1.67636</i>
                        <i>0.239079 0.918919 0.313733 -0.895701 0.333464 -0.294145 -0.374915 -0.210687 0.902801 -3.27146 3.60611 -1.66422</i>
                        <i>0.242394 0.922104 0.30161 -0.896202 0.331883 -0.294408 -0.371574 -0.198941 0.906838 -3.2728 3.57812 -1.65819</i>
                        <i>0.244432 0.926969 0.284572 -0.897249 0.327502 -0.296121 -0.367693 -0.18295 0.911774 -3.27736 3.55261 -1.65866</i>
                        <i>0.245239 0.933276 0.262399 -0.898812 0.320313 -0.299226 -0.36331 -0.162465 0.917393 -3.28549 3.52893 -1.66382</i>
                        <i>0.243581 0.94348 0.224751 -0.90197 0.305546 -0.30511 -0.356537 -0.1284 0.925416 -3.30836 3.5159 -1.66612</i>
                        <i>0.237929 0.956112 0.170997 -0.90658 0.281792 -0.314176 -0.348573 -0.0802714 0.933838 -3.34659 3.51385 -1.66434</i>
                        <i>0.22818 0.966679 0.116041 -0.911313 0.254007 -0.324019 -0.342698 -0.0318153 0.938907 -3.38492 3.51493 -1.66518</i>
                        <i>0.21479 0.973769 0.0750883 -0.91571 0.227524 -0.33122 -0.339617 0.00238379 0.940561 -3.40804 3.51184 -1.67508</i>
                        <i>0.195388 0.979458 0.0498489 -0.919338 0.200621 -0.338479 -0.341527 0.0203066 0.939653 -3.41126 3.50695 -1.6933</i>
                        <i>0.171421 0.984684 0.0318031 -0.921795 0.171699 -0.347583 -0.34772 0.030267 0.93711 -3.40419 3.50612 -1.71366</i>
                        <i>0.148523 0.988683 0.0211256 -0.923662 0.146323 -0.354173 -0.353256 0.03309 0.934941 -3.39279 3.50737 -1.73439</i>
                        <i>0.131021 0.991212 0.0182043 -0.926509 0.12896 -0.353484 -0.352725 0.0294474 0.935263 -3.38276 3.50918 -1.75372</i>
                        <i>0.122518 0.992192 0.0233194 -0.932356 0.123119 -0.339931 -0.340148 0.0199058 0.940161 -3.37963 3.51043 -1.76972</i>
                        <i>0.130803 0.99046 0.0433492 -0.945578 0.137778 -0.294788 -0.297949 -0.00243083 0.954579 -3.38961 3.51114 -1.78191</i>
                        <i>0.157118 0.984741 0.0748331 -0.96003 0.170069 -0.222302 -0.231637 -0.0369144 0.972102 -3.40879 3.50907 -1.79077</i>
                        <i>0.190811 0.976033 0.104642 -0.966571 0.205412 -0.153445 -0.171263 -0.0718648 0.982601 -3.42659 3.50066 -1.79696</i>
                        <i>0.212365 0.968814 0.127673 -0.965992 0.227855 -0.122238 -0.147517 -0.0973717 0.984255 -3.43104 3.48604 -1.8019</i>
                        <i>0.21726 0.964761 0.148439 -0.962981 0.236705 -0.128988 -0.159579 -0.11492 0.980473 -3.42134 3.46461 -1.8077</i>
                        <i>0.217169 0.960992 0.171266 -0.958606 0.243062 -0.148309 -0.184152 -0.131968 0.973998 -3.40614 3.43722 -1.81426</i>
                        <i>0.212407 0.957542 0.194929 -0.952751 0.247261 -0.176429 -0.217137 -0.148244 0.964819 -3.38727 3.4065 -1.82107</i>
                        <i>0.20369 0.954437 0.218086 -0.945377 0.249652 -0.209612 -0.254507 -0.163477 0.953153 -3.36658 3.37507 -1.82757</i>
                        <i>0.192173 0.951698 0.23946 -0.93678 0.250608 -0.244209 -0.292424 -0.177391 0.939692 -3.34585 3.34556 -1.83325</i>
                        <i>0.17944 0.949339 0.257984 -0.927714 0.25055 -0.276716 -0.327335 -0.189682 0.925674 -3.32683 3.32058 -1.83764</i>
                        <i>0.167413 0.94737 0.272879 -0.919362 0.249968 -0.303791 -0.356013 -0.200016 0.912824 -3.31121 3.30277 -1.84036</i>
                        <i>0.158225 0.94579 0.283631 -0.913216 0.249408 -0.32223 -0.375502 -0.208031 0.903173 -3.30063 3.29477 -1.83948</i>
                        <i>0.154036 0.944595 0.289851 -0.910836 0.249445 -0.32887 -0.382951 -0.213349 0.898794 -3.29677 3.29919 -1.83337</i>
                        <i>0.153338 0.943797 0.292804 -0.910822 0.249912 -0.328554 -0.383264 -0.216312 0.897952 -3.29679 3.31484 -1.82433</i>
                        <i>0.153143 0.94336 0.294311 -0.910819 0.250279 -0.328283 -0.383349 -0.21779 0.897558 -3.29679 3.33685 -1.81511</i>
                        <i>0.153284 0.943191 0.294779 -0.910822 0.250554 -0.328063 -0.383284 -0.218205 0.897485 -3.29677 3.36235 -1.80651</i>
                        <i>0.153592 0.943193 0.294613 -0.910829 0.250743 -0.327899 -0.383144 -0.217979 0.8976 -3.29674 3.38848 -1.79933</i>
                        <i>0.1539 0.943267 0.294216 -0.910836 0.250852 -0.327796 -0.383004 -0.217535 0.897767 -3.29672 3.41237 -1.79439</i>
                        <i>0.154039 0.943313 0.293994 -0.910839 0.250887 -0.327761 -0.382941 -0.217294 0.897853 -3.29671 3.43116 -1.79251</i>
                    </KeyFrames>
                </p>
            </i>
            <i>
                <p>
                    <Name><![CDATA[spine1]]></Name>
                    <Exclude>0</Exclude>
                    <Additive>0</Additive>
                    <IKPriority>0</IKPriority>
                    <IKRotLimits>-1e+010 -1e+010 -1e+010 1e+010 1e+010 1e+010</IKRotLimits>
                    <IKRotLimitOrder>0</IKRotLimitOrder>
                    <KeyFrames count="49">
                        <i>0.0230202 0.820567 0.571087 -0.917191 0.244624 -0.314516 -0.397783 -0.516556 0.758247 -3.26976 3.59618 -1.7411</i>
                        <i>0.0492975 0.824542 0.56365 -0.912358 0.266809 -0.310509 -0.406414 -0.498943 0.76543 -3.24796 3.5874 -1.75595</i>
                        <i>0.0784248 0.82923 0.553378 -0.905351 0.291629 -0.308696 -0.417361 -0.476792 0.773615 -3.22367 3.55522 -1.78674</i>
                        <i>0.0719292 0.840558 0.536925 -0.906786 0.279314 -0.315789 -0.415409 -0.464162 0.782297 -3.23791 3.43834 -1.8738</i>
                        <i>0.0541157 0.848107 0.527054 -0.91081 0.258262 -0.322064 -0.409263 -0.462617 0.786441 -3.266 3.31464 -1.93967</i>
                        <i>0.0344815 0.848133 0.52866 -0.914812 0.239775 -0.325004 -0.402406 -0.472418 0.78415 -3.29498 3.25053 -1.97066</i>
                        <i>0.0245484 0.841551 0.53962 -0.91664 0.234365 -0.323798 -0.39896 -0.486688 0.777152 -3.31023 3.28678 -1.97026</i>
                        <i>0.0258027 0.829212 0.558338 -0.916267 0.242954 -0.318478 -0.399736 -0.503369 0.766049 -3.30977 3.40713 -1.93796</i>
                        <i>0.0315172 0.814094 0.579877 -0.914885 0.257119 -0.311246 -0.402481 -0.520711 0.752907 -3.30258 3.55644 -1.88992</i>
                        <i>0.0405661 0.800431 0.598051 -0.912739 0.273209 -0.303751 -0.406525 -0.533543 0.741667 -3.29112 3.6976 -1.8359</i>
                        <i>0.0518054 0.792967 0.607058 -0.910094 0.287752 -0.298208 -0.411151 -0.537031 0.736581 -3.27733 3.79445 -1.78869</i>
                        <i>0.0639885 0.791443 0.607884 -0.907497 0.299552 -0.294478 -0.415156 -0.53281 0.7374 -3.26406 3.84709 -1.74961</i>
                        <i>0.0757309 0.793998 0.603185 -0.905775 0.307719 -0.291342 -0.416936 -0.524287 0.742487 -3.25506 3.87132 -1.71454</i>
                        <i>0.0877082 0.800406 0.593007 -0.904814 0.31302 -0.28867 -0.416676 -0.511242 0.751673 -3.24888 3.86899 -1.68504</i>
                        <i>0.101021 0.808674 0.579518 -0.904022 0.317815 -0.285899 -0.415379 -0.495015 0.763165 -3.24245 3.85283 -1.65895</i>
                        <i>0.114963 0.81864 0.562683 -0.903485 0.32162 -0.283328 -0.412913 -0.475804 0.776604 -3.23663 3.82723 -1.63716</i>
                        <i>0.128803 0.830139 0.542475 -0.903292 0.323958 -0.281273 -0.409235 -0.453785 0.791585 -3.23223 3.79656 -1.62054</i>
                        <i>0.1418 0.843004 0.518881 -0.903525 0.32436 -0.280059 -0.404395 -0.42911 0.807669 -3.23007 3.76518 -1.60992</i>
                        <i>0.153213 0.85706 0.491909 -0.90426 0.322357 -0.28 -0.398547 -0.401914 0.824394 -3.23092 3.73741 -1.6061</i>
                        <i>0.162497 0.872015 0.46172 -0.90549 0.317701 -0.281341 -0.392023 -0.372366 0.841227 -3.23521 3.71246 -1.60959</i>
                        <i>0.169227 0.887227 0.429174 -0.90717 0.310427 -0.284039 -0.385234 -0.341267 0.857398 -3.24325 3.68966 -1.61863</i>
                        <i>0.170032 0.905704 0.388317 -0.9106 0.295036 -0.289415 -0.376692 -0.304392 0.874899 -3.26651 3.678 -1.62751</i>
                        <i>0.163697 0.926662 0.338379 -0.915524 0.270462 -0.297768 -0.367449 -0.261051 0.892655 -3.30583 3.67764 -1.63505</i>
                        <i>0.153536 0.945007 0.28877 -0.920105 0.243286 -0.30695 -0.360324 -0.218571 0.906859 -3.34584 3.68049 -1.6453</i>
                        <i>0.143716 0.957664 0.249448 -0.923403 0.220424 -0.314231 -0.355912 -0.185181 0.915988 -3.37104 3.67954 -1.66216</i>
                        <i>0.132526 0.966573 0.219486 -0.924796 0.200256 -0.323495 -0.356635 -0.160108 0.920422 -3.37709 3.67821 -1.6846</i>
                        <i>0.119236 0.973749 0.193898 -0.924495 0.180103 -0.335964 -0.362066 -0.139199 0.9217 -3.37351 3.68226 -1.70801</i>
                        <i>0.108724 0.978243 0.176693 -0.923775 0.16508 -0.345525 -0.367176 -0.125658 0.921625 -3.36554 3.68861 -1.73059</i>
                        <i>0.104219 0.97972 0.171135 -0.924677 0.158811 -0.346052 -0.366212 -0.12218 0.922475 -3.35824 3.69446 -1.75041</i>
                        <i>0.108471 0.977729 0.179669 -0.929358 0.163894 -0.330806 -0.352885 -0.131094 0.926438 -3.35652 3.69731 -1.76542</i>
                        <i>0.135456 0.967451 0.213751 -0.941317 0.192978 -0.276913 -0.30915 -0.163698 0.936819 -3.36529 3.69509 -1.77395</i>
                        <i>0.189641 0.944883 0.266894 -0.951394 0.244021 -0.187893 -0.242665 -0.218289 0.945232 -3.38046 3.68656 -1.77734</i>
                        <i>0.251028 0.914375 0.317653 -0.949895 0.295834 -0.100905 -0.186238 -0.276407 0.942823 -3.39321 3.67141 -1.77867</i>
                        <i>0.282642 0.890675 0.356107 -0.944366 0.323469 -0.0595002 -0.168185 -0.319478 0.932549 -3.39448 3.65282 -1.77993</i>
                        <i>0.276656 0.878688 0.389062 -0.943146 0.32589 -0.0653606 -0.184223 -0.348859 0.91889 -3.38409 3.63002 -1.78225</i>
                        <i>0.256579 0.868612 0.423887 -0.943048 0.321058 -0.0870709 -0.211723 -0.377406 0.90152 -3.36896 3.60176 -1.78494</i>
                        <i>0.225011 0.859999 0.458008 -0.942779 0.310865 -0.12054 -0.246043 -0.404677 0.880738 -3.35087 3.5706 -1.78766</i>
                        <i>0.185353 0.852398 0.488939 -0.94106 0.29723 -0.161432 -0.282932 -0.430199 0.85725 -3.33158 3.53907 -1.7901</i>
                        <i>0.141749 0.845467 0.514872 -0.9372 0.28207 -0.205164 -0.31869 -0.453456 0.832355 -3.31269 3.50972 -1.79195</i>
                        <i>0.098863 0.839032 0.535025 -0.931418 0.267274 -0.247032 -0.350265 -0.47391 0.807913 -3.29573 3.48508 -1.79295</i>
                        <i>0.0615749 0.833085 0.549708 -0.924878 0.254684 -0.282375 -0.375244 -0.491026 0.786184 -3.28206 3.46766 -1.79288</i>
                        <i>0.0347272 0.827726 0.560056 -0.919445 0.24609 -0.306693 -0.391682 -0.50429 0.769595 -3.27299 3.45995 -1.78996</i>
                        <i>0.0230134 0.823067 0.567478 -0.917187 0.24324 -0.315598 -0.397792 -0.513221 0.760504 -3.26981 3.46444 -1.78269</i>
                        <i>0.0211986 0.819883 0.572139 -0.917141 0.243761 -0.315331 -0.397999 -0.518048 0.757115 -3.26995 3.48001 -1.77311</i>
                        <i>0.0206914 0.818572 0.574032 -0.917129 0.244134 -0.315078 -0.398054 -0.519942 0.755787 -3.26998 3.50196 -1.76362</i>
                        <i>0.0210563 0.818569 0.574022 -0.917139 0.244383 -0.314854 -0.398012 -0.519828 0.755887 -3.26993 3.52742 -1.75494</i>
                        <i>0.0218568 0.819291 0.572961 -0.91716 0.244533 -0.314676 -0.397919 -0.518619 0.756766 -3.26986 3.55352 -1.7478</i>
                        <i>0.0226568 0.820151 0.571698 -0.917181 0.244605 -0.314558 -0.397826 -0.517224 0.757769 -3.26979 3.5774 -1.74293</i>
                        <i>0.0230202 0.820567 0.571087 -0.917191 0.244624 -0.314516 -0.397783 -0.516556 0.758247 -3.26976 3.59618 -1.7411</i>
                    </KeyFrames>
                </p>
            </i>
            <i>
                <p>
                    <Name><![CDATA[spine2]]></Name>
                    <Exclude>0</Exclude>
                    <Additive>0</Additive>
                    <IKPriority>0</IKPriority>
                    <IKRotLimits>-1e+010 -1e+010 -1e+010 1e+010 1e+010 1e+010</IKRotLimits>
                    <IKRotLimitOrder>0</IKRotLimitOrder>
                    <KeyFrames count="49">
                        <i>-0.0466755 0.667478 0.743165 -0.922385 0.256784 -0.288563 -0.383442 -0.698953 0.603686 -3.26608 3.72812 -1.64915</i>
                        <i>-0.022865 0.675703 0.73682 -0.917065 0.279292 -0.284584 -0.398082 -0.682219 0.613277 -3.24006 3.71995 -1.66522</i>
                        <i>0.0029993 0.685348 0.728209 -0.909531 0.304535 -0.282864 -0.415625 -0.661481 0.624259 -3.21108 3.68851 -1.69767</i>
                        <i>-0.00294093 0.699467 0.714659 -0.911089 0.29271 -0.290237 -0.412199 -0.651971 0.636416 -3.22637 3.57346 -1.78737</i>
                        <i>-0.0189634 0.707307 0.706653 -0.91544 0.271899 -0.296717 -0.402008 -0.652525 0.64234 -3.25733 3.45099 -1.85482</i>
                        <i>-0.0365757 0.705074 0.70819 -0.919803 0.253289 -0.29968 -0.390673 -0.662356 0.639265 -3.28946 3.3869 -1.88554</i>
                        <i>-0.0454863 0.695225 0.717351 -0.921814 0.247509 -0.298326 -0.384955 -0.674834 0.62961 -3.30631 3.42209 -1.88336</i>
                        <i>-0.0443885 0.679206 0.732604 -0.921409 0.255547 -0.292748 -0.386051 -0.688023 0.614483 -3.30565 3.54048 -1.84805</i>
                        <i>-0.0393271 0.660437 0.749851 -0.919901 0.269095 -0.285253 -0.390173 -0.701007 0.596954 -3.29754 3.6874 -1.79651</i>
                        <i>-0.0313074 0.644182 0.764231 -0.917569 0.284671 -0.277543 -0.396343 -0.709924 0.582169 -3.28462 3.8264 -1.73953</i>
                        <i>-0.0213492 0.636089 0.771321 -0.914712 0.298976 -0.271876 -0.403543 -0.71134 0.575455 -3.26902 3.92206 -1.69087</i>
                        <i>-0.0104582 0.635354 0.77215 -0.911906 0.310761 -0.268057 -0.410265 -0.706932 0.576133 -3.25379 3.97442 -1.65168</i>
                        <i>0.000327093 0.639222 0.769022 -0.910006 0.319023 -0.264789 -0.414594 -0.699728 0.5818 -3.24291 3.99895 -1.61746</i>
                        <i>0.0116216 0.647533 0.761948 -0.90889 0.32452 -0.261927 -0.416874 -0.689483 0.592308 -3.23482 3.99746 -1.58974</i>
                        <i>0.0243517 0.658203 0.752446 -0.907941 0.329565 -0.258903 -0.418391 -0.676872 0.605635 -3.22628 3.9824 -1.566</i>
                        <i>0.0379384 0.671201 0.740304 -0.907246 0.333685 -0.256044 -0.418886 -0.661924 0.621604 -3.21826 3.95813 -1.5471</i>
                        <i>0.051752 0.686471 0.725313 -0.906895 0.336421 -0.253697 -0.418166 -0.644653 0.639968 -3.21169 3.92901 -1.53391</i>
                        <i>0.0651116 0.703921 0.707288 -0.906974 0.337319 -0.252219 -0.416123 -0.625069 0.660401 -3.20749 3.8994 -1.52724</i>
                        <i>0.0772924 0.723416 0.686072 -0.907561 0.335926 -0.251966 -0.412746 -0.603178 0.682509 -3.20657 3.87362 -1.52787</i>
                        <i>0.0876917 0.744661 0.661658 -0.908653 0.332004 -0.253227 -0.408241 -0.579011 0.705752 -3.20942 3.85083 -1.53628</i>
                        <i>0.0957896 0.766833 0.634659 -0.910203 0.32557 -0.255995 -0.402932 -0.553147 0.72916 -3.21643 3.83027 -1.55058</i>
                        <i>0.0976498 0.794706 0.599088 -0.91384 0.310008 -0.26228 -0.394157 -0.52186 0.756507 -3.23961 3.8212 -1.56608</i>
                        <i>0.0921105 0.827332 0.55411 -0.919232 0.284573 -0.272086 -0.38279 -0.484293 0.786722 -3.28001 3.82373 -1.58168</i>
                        <i>0.0837901 0.856467 0.509356 -0.923941 0.258233 -0.282221 -0.373245 -0.446968 0.812963 -3.32163 3.82944 -1.59977</i>
                        <i>0.0787442 0.876032 0.475782 -0.926477 0.2405 -0.289483 -0.368022 -0.418006 0.830561 -3.34826 3.83132 -1.62259</i>
                        <i>0.0770549 0.887655 0.454017 -0.925705 0.232828 -0.298096 -0.370314 -0.397316 0.839647 -3.35577 3.83375 -1.64922</i>
                        <i>0.0758638 0.895791 0.437952 -0.922623 0.229642 -0.309891 -0.378169 -0.380555 0.843899 -3.3539 3.84258 -1.67597</i>
                        <i>0.0769404 0.899958 0.429133 -0.91952 0.230439 -0.318403 -0.385439 -0.370098 0.84526 -3.34725 3.85367 -1.7006</i>
                        <i>0.0817508 0.899498 0.429208 -0.918888 0.234795 -0.317043 -0.385956 -0.368476 0.845733 -3.34038 3.86301 -1.72074</i>
                        <i>0.0920928 0.893442 0.439637 -0.923071 0.242182 -0.29881 -0.373442 -0.378298 0.847014 -3.33779 3.86682 -1.73403</i>
                        <i>0.121005 0.874564 0.469571 -0.936051 0.257984 -0.239276 -0.330404 -0.410588 0.849853 -3.34218 3.86046 -1.73719</i>
                        <i>0.170636 0.841475 0.512644 -0.949106 0.280146 -0.143928 -0.264727 -0.461994 0.846452 -3.34901 3.84326 -1.73292</i>
                        <i>0.220753 0.804326 0.551659 -0.95295 0.298342 -0.0536529 -0.207738 -0.513859 0.832342 -3.35277 3.81859 -1.72746</i>
                        <i>0.241597 0.776959 0.581348 -0.952172 0.305314 -0.012341 -0.187082 -0.550562 0.813561 -3.34967 3.79387 -1.72349</i>
                        <i>0.228903 0.760366 0.607822 -0.952814 0.302889 -0.0200786 -0.19937 -0.574545 0.793819 -3.34041 3.76861 -1.72085</i>
                        <i>0.202691 0.744967 0.635563 -0.9537 0.29745 -0.0445022 -0.222201 -0.597116 0.770765 -3.3285 3.73856 -1.71814</i>
                        <i>0.165939 0.730684 0.662242 -0.953546 0.290109 -0.0811597 -0.251424 -0.618011 0.744881 -3.31537 3.70615 -1.71543</i>
                        <i>0.122228 0.717494 0.685757 -0.951222 0.281879 -0.125381 -0.28326 -0.636983 0.716949 -3.30226 3.67376 -1.71278</i>
                        <i>0.0757017 0.705432 0.704723 -0.946267 0.273667 -0.172294 -0.314401 -0.653813 0.688244 -3.29019 3.64382 -1.71021</i>
                        <i>0.0308933 0.694592 0.71874 -0.939165 0.266269 -0.216955 -0.342073 -0.668313 0.660563 -3.27998 3.61875 -1.70762</i>
                        <i>-0.00751498 0.685103 0.728407 -0.93136 0.260376 -0.254506 -0.364023 -0.680322 0.636121 -3.27222 3.60095 -1.70482</i>
                        <i>-0.0348827 0.677109 0.735055 -0.924989 0.256602 -0.280269 -0.378389 -0.689695 0.617368 -3.26744 3.59283 -1.69994</i>
                        <i>-0.0466844 0.670735 0.740226 -0.922381 0.255514 -0.289699 -0.38345 -0.696295 0.606745 -3.26613 3.59678 -1.69132</i>
                        <i>-0.0484399 0.666641 0.743803 -0.922352 0.255918 -0.289437 -0.383303 -0.700068 0.602481 -3.26656 3.61188 -1.68096</i>
                        <i>-0.0489296 0.664953 0.74528 -0.922344 0.25624 -0.289176 -0.383259 -0.701554 0.600778 -3.26667 3.63363 -1.67116</i>
                        <i>-0.0485765 0.664939 0.745316 -0.922351 0.256483 -0.288938 -0.383288 -0.701479 0.600848 -3.26657 3.65908 -1.66248</i>
                        <i>-0.047802 0.665853 0.74455 -0.922365 0.256653 -0.288743 -0.383352 -0.700549 0.601891 -3.26637 3.68528 -1.65552</i>
                        <i>-0.0470276 0.666948 0.743619 -0.922378 0.256752 -0.288612 -0.383414 -0.699471 0.603104 -3.26617 3.70928 -1.65088</i>
                        <i>-0.0466755 0.667478 0.743165 -0.922385 0.256784 -0.288563 -0.383442 -0.698953 0.603686 -3.26608 3.72812 -1.64915</i>
                    </KeyFrames>
                </p>
            </i>
            <i>
                <p>
                    <Name><![CDATA[head]]></Name>
                    <Exclude>0</Exclude>
                    <Additive>0</Additive>
                    <IKPriority>0</IKPriority>
                    <IKRotLimits>-1e+010 -1e+010 -1e+010 1e+010 1e+010 1e+010</IKRotLimits>
                    <IKRotLimitOrder>0</IKRotLimitOrder>
                    <KeyFrames count="49">
                        <i>0.0823215 0.963695 0.253998 0.724603 0.117102 -0.679144 -0.684232 0.239956 -0.688657 -3.27126 3.90873 -1.46335</i>
                        <i>0.110664 0.963483 0.243831 0.722548 0.090459 -0.685377 -0.682406 0.252026 -0.686152 -3.2389 3.90242 -1.48119</i>
                        <i>0.14252 0.962506 0.230803 0.720804 0.0588784 -0.690633 -0.678328 0.264793 -0.685387 -3.20304 3.87317 -1.51601</i>
                        <i>0.135552 0.96779 0.21215 0.721594 0.0502934 -0.690488 -0.678917 0.246683 -0.691534 -3.21991 3.76169 -1.60935</i>
                        <i>0.116219 0.972545 0.201619 0.723056 0.0563266 -0.688489 -0.680943 0.225797 -0.696658 -3.25512 3.64131 -1.67892</i>
                        <i>0.094936 0.974293 0.204305 0.724375 0.0731652 -0.685513 -0.682839 0.213073 -0.698807 -3.29195 3.5768 -1.7092</i>
                        <i>0.0841968 0.972454 0.217356 0.724967 0.0898668 -0.682895 -0.683618 0.215074 -0.697431 -3.31116 3.60961 -1.70454</i>
                        <i>0.0819761 0.96676 0.242187 0.725525 0.108717 -0.679554 -0.683296 0.23142 -0.692497 -3.31019 3.72403 -1.66512</i>
                        <i>0.0802782 0.958347 0.274092 0.726615 0.131972 -0.674251 -0.682339 0.253287 -0.685755 -3.30068 3.8663 -1.60898</i>
                        <i>0.0822317 0.949732 0.302072 0.727705 0.149875 -0.669315 -0.680943 0.274858 -0.6788 -3.28558 4.00125 -1.54817</i>
                        <i>0.0909575 0.944566 0.31547 0.728178 0.153011 -0.66809 -0.679326 0.290486 -0.673895 -3.2673 4.09484 -1.49763</i>
                        <i>0.109298 0.943886 0.311662 0.726798 0.138007 -0.672844 -0.678099 0.300055 -0.670931 -3.2492 4.14687 -1.45821</i>
                        <i>0.139684 0.946836 0.289809 0.721454 0.103151 -0.684736 -0.678227 0.304731 -0.66869 -3.23557 4.17209 -1.42477</i>
                        <i>0.183574 0.951151 0.248218 0.710197 0.0462546 -0.702482 -0.679648 0.305241 -0.667014 -3.22471 4.17226 -1.39881</i>
                        <i>0.237625 0.952167 0.192126 0.691949 -0.0271148 -0.721437 -0.681719 0.304372 -0.665294 -3.2131 4.15932 -1.3774</i>
                        <i>0.296815 0.946831 0.124148 0.665912 -0.112042 -0.737569 -0.684443 0.301593 -0.663761 -3.20184 4.13767 -1.36146</i>
                        <i>0.356221 0.933187 0.0476272 0.632484 -0.203289 -0.747421 -0.687801 0.29637 -0.662642 -3.19204 4.1117 -1.35192</i>
                        <i>0.411413 0.910837 -0.0334046 0.593486 -0.295525 -0.748625 -0.691747 0.288169 -0.662151 -3.18475 4.08578 -1.34965</i>
                        <i>0.458829 0.881116 -0.114501 0.552067 -0.38368 -0.740278 -0.696203 0.276449 -0.662479 -3.18104 4.06425 -1.35549</i>
                        <i>0.49616 0.84694 -0.191096 0.512279 -0.463272 -0.723152 -0.700996 0.260904 -0.663727 -3.18154 4.04624 -1.36994</i>
                        <i>0.522165 0.812725 -0.258499 0.478571 -0.53011 -0.699966 -0.705913 0.241788 -0.665752 -3.18674 4.03082 -1.39099</i>
                        <i>0.527641 0.788954 -0.314876 0.462673 -0.577782 -0.672385 -0.712411 0.209093 -0.669889 -3.20965 4.02847 -1.41587</i>
                        <i>0.514341 0.777909 -0.360985 0.466649 -0.607032 -0.643235 -0.719508 0.162389 -0.675232 -3.2516 4.03905 -1.44362</i>
                        <i>0.496144 0.772406 -0.396523 0.478403 -0.624317 -0.617542 -0.724549 0.116692 -0.679273 -3.29537 4.05212 -1.47356</i>
                        <i>0.486219 0.76596 -0.42059 0.484959 -0.636917 -0.599293 -0.726915 0.087418 -0.68114 -3.32315 4.05937 -1.50455</i>
                        <i>0.489797 0.755369 -0.435334 0.48307 -0.650807 -0.585742 -0.72577 0.0765979 -0.68366 -3.33058 4.06596 -1.53501</i>
                        <i>0.499427 0.744428 -0.443171 0.478892 -0.663494 -0.574838 -0.721966 0.0748588 -0.687867 -3.32821 4.07882 -1.56321</i>
                        <i>0.509296 0.737692 -0.443203 0.474045 -0.6703 -0.570946 -0.718261 0.0806818 -0.69108 -3.3205 4.09319 -1.5873</i>
                        <i>0.513811 0.739743 -0.434486 0.470383 -0.666456 -0.578426 -0.717453 0.0928262 -0.690395 -3.31193 4.10428 -1.60526</i>
                        <i>0.507787 0.754631 -0.415553 0.469233 -0.646813 -0.60121 -0.722477 0.110296 -0.682541 -3.30679 4.10731 -1.61512</i>
                        <i>0.484944 0.789934 -0.375277 0.46439 -0.59621 -0.654886 -0.74106 0.143308 -0.655967 -3.30523 4.09494 -1.6125</i>
                        <i>0.454483 0.834835 -0.310639 0.450869 -0.516364 -0.72807 -0.76822 0.190838 -0.61108 -3.30236 4.06715 -1.60107</i>
                        <i>0.428821 0.872023 -0.235983 0.438153 -0.4292 -0.789816 -0.790022 0.235294 -0.566129 -3.29681 4.03153 -1.58944</i>
                        <i>0.40849 0.897061 -0.168575 0.444668 -0.356868 -0.821532 -0.797124 0.260628 -0.544671 -3.29026 3.99945 -1.58005</i>
                        <i>0.386236 0.916005 -0.108427 0.473802 -0.297875 -0.828723 -0.791412 0.26871 -0.549055 -3.28411 3.97008 -1.57149</i>
                        <i>0.358211 0.93253 -0.0455263 0.512371 -0.237112 -0.825381 -0.780487 0.272335 -0.562737 -3.27811 3.93634 -1.56224</i>
                        <i>0.323678 0.946022 0.0165858 0.556036 -0.176004 -0.812309 -0.765543 0.272149 -0.582991 -3.2731 3.90061 -1.55296</i>
                        <i>0.283181 0.956159 0.0746158 0.600483 -0.116102 -0.791164 -0.747816 0.268848 -0.607035 -3.26962 3.86525 -1.5442</i>
                        <i>0.238524 0.962932 0.125966 0.641819 -0.0589634 -0.764586 -0.728817 0.26322 -0.632093 -3.26784 3.83266 -1.53638</i>
                        <i>0.192536 0.966614 0.169076 0.676882 -0.00607592 -0.736066 -0.710465 0.256164 -0.655454 -3.26761 3.80527 -1.52959</i>
                        <i>0.148694 0.967706 0.203556 0.703359 0.0411966 -0.70964 -0.695109 0.248692 -0.674519 -3.26848 3.78547 -1.52364</i>
                        <i>0.110729 0.966861 0.230039 0.719669 0.0816291 -0.689502 -0.685431 0.2419 -0.686781 -3.26991 3.77565 -1.51649</i>
                        <i>0.0823184 0.964801 0.249765 0.724612 0.114119 -0.679643 -0.684223 0.23693 -0.689712 -3.27132 3.7782 -1.50631</i>
                        <i>0.0667382 0.962834 0.261719 0.723655 0.133878 -0.677053 -0.686928 0.23458 -0.687824 -3.27217 3.79237 -1.49502</i>
                        <i>0.0623834 0.96202 0.265755 0.723328 0.139889 -0.676186 -0.687681 0.234411 -0.68713 -3.2724 3.81372 -1.48483</i>
                        <i>0.0654948 0.962173 0.264449 0.723561 0.136705 -0.676588 -0.687146 0.235658 -0.687237 -3.27221 3.83915 -1.47614</i>
                        <i>0.0723449 0.9628 0.260352 0.72403 0.128835 -0.67763 -0.685964 0.237525 -0.687775 -3.27182 3.86554 -1.46937</i>
                        <i>0.0792022 0.963423 0.256014 0.724438 0.120791 -0.678674 -0.684775 0.239219 -0.688373 -3.27143 3.88977 -1.46496</i>
                        <i>0.0823215 0.963695 0.253998 0.724603 0.117102 -0.679144 -0.684232 0.239956 -0.688657 -3.27126 3.90873 -1.46335</i>
                    </KeyFrames>
                </p>
            </i>
            <i>
                <p>
                    <Name><![CDATA[head_prop]]></Name>
                    <Exclude>0</Exclude>
                    <Additive>0</Additive>
                    <IKPriority>0</IKPriority>
                    <IKRotLimits>-1e+010 -1e+010 -1e+010 1e+010 1e+010 1e+010</IKRotLimits>
                    <IKRotLimitOrder>0</IKRotLimitOrder>
                    <KeyFrames count="49">
                        <i>0.684232 -0.239956 0.688657 0.0823215 0.963695 0.253998 -0.724603 -0.117102 0.679144 -3.24443 4.22281 -1.38057</i>
                        <i>0.682406 -0.252026 0.686152 0.110664 0.963483 0.243831 -0.722548 -0.090459 0.685377 -3.20284 4.21643 -1.40172</i>
                        <i>0.678328 -0.264793 0.685387 0.14252 0.962506 0.230803 -0.720804 -0.0588784 0.690633 -3.15659 4.18686 -1.44079</i>
                        <i>0.678917 -0.246683 0.691534 0.135552 0.96779 0.21215 -0.721594 -0.0502934 0.690488 -3.17573 4.0771 -1.54021</i>
                        <i>0.680943 -0.225797 0.696658 0.116219 0.972545 0.201619 -0.723056 -0.0563266 0.688489 -3.21725 3.95827 -1.61321</i>
                        <i>0.682839 -0.213073 0.698807 0.094936 0.974293 0.204305 -0.724375 -0.0731652 0.685513 -3.26101 3.89433 -1.64261</i>
                        <i>0.683618 -0.215074 0.697431 0.0841968 0.972454 0.217356 -0.724967 -0.0898668 0.682895 -3.28372 3.92655 -1.6337</i>
                        <i>0.683296 -0.23142 0.692497 0.0819761 0.96676 0.242187 -0.725525 -0.108717 0.679554 -3.28347 4.03911 -1.58619</i>
                        <i>0.682339 -0.253287 0.685755 0.0802782 0.958347 0.274092 -0.726615 -0.131972 0.674251 -3.27452 4.17864 -1.51965</i>
                        <i>0.680943 -0.274858 0.6788 0.0822317 0.949732 0.302072 -0.727705 -0.149875 0.669315 -3.25878 4.31078 -1.44972</i>
                        <i>0.679326 -0.290486 0.673895 0.0909575 0.944566 0.31547 -0.728178 -0.153011 0.66809 -3.23766 4.40268 -1.39481</i>
                        <i>0.678099 -0.300055 0.670931 0.109298 0.943886 0.311662 -0.726798 -0.138007 0.672844 -3.21358 4.45449 -1.35664</i>
                        <i>0.678227 -0.304731 0.66869 0.139684 0.946836 0.289809 -0.721454 -0.103151 0.684736 -3.19005 4.48068 -1.33031</i>
                        <i>0.679648 -0.305241 0.667014 0.183574 0.951151 0.248218 -0.710197 -0.0462546 0.702482 -3.16488 4.48225 -1.31791</i>
                        <i>0.681719 -0.304372 0.665294 0.237625 0.952167 0.192126 -0.691949 0.0271148 0.721437 -3.13565 4.46964 -1.31478</i>
