<?xml version="1.0" encoding="ISO-8859-1" ?>
<Animl Version="1">
    <ModellingPackage>
        <![CDATA[Maya.2010]]>
</ModellingPackage>
    <SrcFile>
        <![CDATA[anims\turrets\artillery\blue\~src\artillery_m198\artillery_m198_aim_high_crewman_d.mb]]>
</SrcFile>
    <FramesPerSecond>30</FramesPerSecond>
    <TotalFrames>97</TotalFrames>
    <Skeleton>
        <RefFrame>
            <Name>
                <![CDATA[soldier_ref_frame]]>
</Name>
            <Exclude>0</Exclude>
            <Additive>0</Additive>
            <IKPriority>0</IKPriority>
            <IKRotLimits>-1e+010 -1e+010 -1e+010 1e+010 1e+010 1e+010</IKRotLimits>
            <IKRotLimitOrder>0</IKRotLimitOrder>
            <KeyFrames count="97">
                <i>1 0 0 0 1 0 0 0 1 -0.62 3.84 -0.11</i>
                <i>1 0 0 0 1 0 0 0 1 -0.62 3.84 -0.11</i>
                <i>1 0 0 0 1 0 0 0 1 -0.62 3.84 -0.11</i>
                <i>1 0 0 0 1 0 0 0 1 -0.62 3.84 -0.11</i>
                <i>1 0 0 0 1 0 0 0 1 -0.62 3.84 -0.11</i>
                <i>1 0 0 0 1 0 0 0 1 -0.62 3.84 -0.11</i>
                <i>1 0 0 0 1 0 0 0 1 -0.62 3.84 -0.11</i>
                <i>1 0 0 0 1 0 0 0 1 -0.62 3.84 -0.11</i>
                <i>1 0 0 0 1 0 0 0 1 -0.62 3.84 -0.11</i>
                <i>1 0 0 0 1 0 0 0 1 -0.62 3.84 -0.11</i>
                <i>1 0 0 0 1 0 0 0 1 -0.62 3.84 -0.11</i>
                <i>1 0 0 0 1 0 0 0 1 -0.62 3.84 -0.11</i>
                <i>1 0 0 0 1 0 0 0 1 -0.62 3.84 -0.11</i>
                <i>1 0 0 0 1 0 0 0 1 -0.62 3.84 -0.11</i>
                <i>1 0 0 0 1 0 0 0 1 -0.62 3.84 -0.11</i>
                <i>1 0 0 0 1 0 0 0 1 -0.62 3.84 -0.11</i>
                <i>1 0 0 0 1 0 0 0 1 -0.62 3.84 -0.11</i>
                <i>1 0 0 0 1 0 0 0 1 -0.62 3.84 -0.11</i>
                <i>1 0 0 0 1 0 0 0 1 -0.62 3.84 -0.11</i>
                <i>1 0 0 0 1 0 0 0 1 -0.62 3.84 -0.11</i>
                <i>1 0 0 0 1 0 0 0 1 -0.62 3.84 -0.11</i>
                <i>1 0 0 0 1 0 0 0 1 -0.62 3.84 -0.11</i>
                <i>1 0 0 0 1 0 0 0 1 -0.62 3.84 -0.11</i>
                <i>1 0 0 0 1 0 0 0 1 -0.62 3.84 -0.11</i>
                <i>1 0 0 0 1 0 0 0 1 -0.62 3.84 -0.11</i>
                <i>1 0 0 0 1 0 0 0 1 -0.62 3.84 -0.11</i>
                <i>1 0 0 0 1 0 0 0 1 -0.62 3.84 -0.11</i>
                <i>1 0 0 0 1 0 0 0 1 -0.62 3.84 -0.11</i>
                <i>1 0 0 0 1 0 0 0 1 -0.62 3.84 -0.11</i>
                <i>1 0 0 0 1 0 0 0 1 -0.62 3.84 -0.11</i>
                <i>1 0 0 0 1 0 0 0 1 -0.62 3.84 -0.11</i>
                <i>1 0 0 0 1 0 0 0 1 -0.62 3.84 -0.11</i>
                <i>1 0 0 0 1 0 0 0 1 -0.62 3.84 -0.11</i>
                <i>1 0 0 0 1 0 0 0 1 -0.62 3.84 -0.11</i>
                <i>1 0 0 0 1 0 0 0 1 -0.62 3.84 -0.11</i>
                <i>1 0 0 0 1 0 0 0 1 -0.62 3.84 -0.11</i>
                <i>1 0 0 0 1 0 0 0 1 -0.62 3.84 -0.11</i>
                <i>1 0 0 0 1 0 0 0 1 -0.62 3.84 -0.11</i>
                <i>1 0 0 0 1 0 0 0 1 -0.62 3.84 -0.11</i>
                <i>1 0 0 0 1 0 0 0 1 -0.62 3.84 -0.11</i>
                <i>1 0 0 0 1 0 0 0 1 -0.62 3.84 -0.11</i>
                <i>1 0 0 0 1 0 0 0 1 -0.62 3.84 -0.11</i>
                <i>1 0 0 0 1 0 0 0 1 -0.62 3.84 -0.11</i>
                <i>1 0 0 0 1 0 0 0 1 -0.62 3.84 -0.11</i>
                <i>1 0 0 0 1 0 0 0 1 -0.62 3.84 -0.11</i>
                <i>1 0 0 0 1 0 0 0 1 -0.62 3.84 -0.11</i>
                <i>1 0 0 0 1 0 0 0 1 -0.62 3.84 -0.11</i>
                <i>1 0 0 0 1 0 0 0 1 -0.62 3.84 -0.11</i>
                <i>1 0 0 0 1 0 0 0 1 -0.62 3.84 -0.11</i>
                <i>1 0 0 0 1 0 0 0 1 -0.62 3.84 -0.11</i>
                <i>1 0 0 0 1 0 0 0 1 -0.62 3.84 -0.11</i>
                <i>1 0 0 0 1 0 0 0 1 -0.62 3.84 -0.11</i>
                <i>1 0 0 0 1 0 0 0 1 -0.62 3.84 -0.11</i>
                <i>1 0 0 0 1 0 0 0 1 -0.62 3.84 -0.11</i>
                <i>1 0 0 0 1 0 0 0 1 -0.62 3.84 -0.11</i>
                <i>1 0 0 0 1 0 0 0 1 -0.62 3.84 -0.11</i>
                <i>1 0 0 0 1 0 0 0 1 -0.62 3.84 -0.11</i>
                <i>1 0 0 0 1 0 0 0 1 -0.62 3.84 -0.11</i>
                <i>1 0 0 0 1 0 0 0 1 -0.62 3.84 -0.11</i>
                <i>1 0 0 0 1 0 0 0 1 -0.62 3.84 -0.11</i>
                <i>1 0 0 0 1 0 0 0 1 -0.62 3.84 -0.11</i>
                <i>1 0 0 0 1 0 0 0 1 -0.62 3.84 -0.11</i>
                <i>1 0 0 0 1 0 0 0 1 -0.62 3.84 -0.11</i>
                <i>1 0 0 0 1 0 0 0 1 -0.62 3.84 -0.11</i>
                <i>1 0 0 0 1 0 0 0 1 -0.62 3.84 -0.11</i>
                <i>1 0 0 0 1 0 0 0 1 -0.62 3.84 -0.11</i>
                <i>1 0 0 0 1 0 0 0 1 -0.62 3.84 -0.11</i>
                <i>1 0 0 0 1 0 0 0 1 -0.62 3.84 -0.11</i>
                <i>1 0 0 0 1 0 0 0 1 -0.62 3.84 -0.11</i>
                <i>1 0 0 0 1 0 0 0 1 -0.62 3.84 -0.11</i>
                <i>1 0 0 0 1 0 0 0 1 -0.62 3.84 -0.11</i>
                <i>1 0 0 0 1 0 0 0 1 -0.62 3.84 -0.11</i>
                <i>1 0 0 0 1 0 0 0 1 -0.62 3.84 -0.11</i>
                <i>1 0 0 0 1 0 0 0 1 -0.62 3.84 -0.11</i>
                <i>1 0 0 0 1 0 0 0 1 -0.62 3.84 -0.11</i>
                <i>1 0 0 0 1 0 0 0 1 -0.62 3.84 -0.11</i>
                <i>1 0 0 0 1 0 0 0 1 -0.62 3.84 -0.11</i>
                <i>1 0 0 0 1 0 0 0 1 -0.62 3.84 -0.11</i>
                <i>1 0 0 0 1 0 0 0 1 -0.62 3.84 -0.11</i>
                <i>1 0 0 0 1 0 0 0 1 -0.62 3.84 -0.11</i>
                <i>1 0 0 0 1 0 0 0 1 -0.62 3.84 -0.11</i>
                <i>1 0 0 0 1 0 0 0 1 -0.62 3.84 -0.11</i>
                <i>1 0 0 0 1 0 0 0 1 -0.62 3.84 -0.11</i>
                <i>1 0 0 0 1 0 0 0 1 -0.62 3.84 -0.11</i>
                <i>1 0 0 0 1 0 0 0 1 -0.62 3.84 -0.11</i>
                <i>1 0 0 0 1 0 0 0 1 -0.62 3.84 -0.11</i>
                <i>1 0 0 0 1 0 0 0 1 -0.62 3.84 -0.11</i>
                <i>1 0 0 0 1 0 0 0 1 -0.62 3.84 -0.11</i>
                <i>1 0 0 0 1 0 0 0 1 -0.62 3.84 -0.11</i>
                <i>1 0 0 0 1 0 0 0 1 -0.62 3.84 -0.11</i>
                <i>1 0 0 0 1 0 0 0 1 -0.62 3.84 -0.11</i>
                <i>1 0 0 0 1 0 0 0 1 -0.62 3.84 -0.11</i>
                <i>1 0 0 0 1 0 0 0 1 -0.62 3.84 -0.11</i>
                <i>1 0 0 0 1 0 0 0 1 -0.62 3.84 -0.11</i>
                <i>1 0 0 0 1 0 0 0 1 -0.62 3.84 -0.11</i>
                <i>1 0 0 0 1 0 0 0 1 -0.62 3.84 -0.11</i>
                <i>1 0 0 0 1 0 0 0 1 -0.62 3.84 -0.11</i>
            </KeyFrames>
        </RefFrame>
        <Bones count="23">
            <i>
                <p>
                    <Name>
                        <![CDATA[pelvis]]>
</Name>
                    <Exclude>0</Exclude>
                    <Additive>0</Additive>
                    <IKPriority>0</IKPriority>
                    <IKRotLimits>-1e+010 -1e+010 -1e+010 1e+010 1e+010 1e+010</IKRotLimits>
                    <IKRotLimitOrder>2</IKRotLimitOrder>
                    <KeyFrames count="97">
                        <i>1 0 0 0 1 0 0 0 1 -0.583733 5.04972 -0.0903887</i>
                        <i>1 0 0 0 1 0 0 0 1 -0.583795 5.04963 -0.0904386</i>
                        <i>1 0 0 0 1 0 0 0 1 -0.58398 5.0494 -0.0905854</i>
                        <i>1 0 0 0 1 0 0 0 1 -0.584281 5.04902 -0.0908242</i>
                        <i>1 0 0 0 1 0 0 0 1 -0.584696 5.04851 -0.0911497</i>
                        <i>1 0 0 0 1 0 0 0 1 -0.585218 5.04789 -0.0915566</i>
                        <i>1 0 0 0 1 0 0 0 1 -0.585845 5.04718 -0.0920391</i>
                        <i>1 0 0 0 1 0 0 0 1 -0.586571 5.04637 -0.0925914</i>
                        <i>1 0 0 0 1 0 0 0 1 -0.587394 5.0455 -0.0932072</i>
                        <i>1 0 0 0 1 0 0 0 1 -0.588309 5.04457 -0.0938806</i>
                        <i>1 0 0 0 1 0 0 0 1 -0.589312 5.0436 -0.0946053</i>
                        <i>1 0 0 0 1 0 0 0 1 -0.5904 5.0426 -0.095375</i>
                        <i>1 0 0 0 1 0 0 0 1 -0.591567 5.04159 -0.0961835</i>
                        <i>1 0 0 0 1 0 0 0 1 -0.592811 5.04057 -0.0970247</i>
                        <i>1 0 0 0 1 0 0 0 1 -0.594127 5.03957 -0.0978925</i>
                        <i>1 0 0 0 1 0 0 0 1 -0.595509 5.0386 -0.0987809</i>
                        <i>1 0 0 0 1 0 0 0 1 -0.596955 5.03767 -0.0996842</i>
                        <i>1 0 0 0 1 0 0 0 1 -0.598459 5.0368 -0.100597</i>
                        <i>1 0 0 0 1 0 0 0 1 -0.600015 5.03599 -0.101513</i>
                        <i>1 0 0 0 1 0 0 0 1 -0.601619 5.03528 -0.102428</i>
                        <i>1 0 0 0 1 0 0 0 1 -0.603265 5.03466 -0.103337</i>
                        <i>1 0 0 0 1 0 0 0 1 -0.604948 5.03415 -0.104236</i>
                        <i>1 0 0 0 1 0 0 0 1 -0.606662 5.03377 -0.105119</i>
                        <i>1 0 0 0 1 0 0 0 1 -0.6084 5.03354 -0.105983</i>
                        <i>1 0 0 0 1 0 0 0 1 -0.610157 5.03345 -0.106825</i>
                        <i>1 0 0 0 1 0 0 0 1 -0.611926 5.03354 -0.107641</i>
                        <i>1 0 0 0 1 0 0 0 1 -0.613701 5.03377 -0.108429</i>
                        <i>1 0 0 0 1 0 0 0 1 -0.615474 5.03415 -0.109185</i>
                        <i>1 0 0 0 1 0 0 0 1 -0.61724 5.03466 -0.109908</i>
                        <i>1 0 0 0 1 0 0 0 1 -0.61899 5.03528 -0.110596</i>
                        <i>1 0 0 0 1 0 0 0 1 -0.620718 5.03599 -0.111248</i>
                        <i>1 0 0 0 1 0 0 0 1 -0.622416 5.0368 -0.111862</i>
                        <i>1 0 0 0 1 0 0 0 1 -0.624078 5.03767 -0.112438</i>
                        <i>1 0 0 0 1 0 0 0 1 -0.625696 5.0386 -0.112975</i>
                        <i>1 0 0 0 1 0 0 0 1 -0.627262 5.03957 -0.113473</i>
                        <i>1 0 0 0 1 0 0 0 1 -0.62877 5.04057 -0.113933</i>
                        <i>1 0 0 0 1 0 0 0 1 -0.630211 5.04159 -0.114354</i>
                        <i>1 0 0 0 1 0 0 0 1 -0.631579 5.0426 -0.114737</i>
                        <i>1 0 0 0 1 0 0 0 1 -0.632865 5.0436 -0.115084</i>
                        <i>1 0 0 0 1 0 0 0 1 -0.634063 5.04457 -0.115394</i>
                        <i>1 0 0 0 1 0 0 0 1 -0.635165 5.0455 -0.115669</i>
                        <i>1 0 0 0 1 0 0 0 1 -0.636164 5.04637 -0.11591</i>
                        <i>1 0 0 0 1 0 0 0 1 -0.637053 5.04718 -0.116118</i>
                        <i>1 0 0 0 1 0 0 0 1 -0.637824 5.04789 -0.116292</i>
                        <i>1 0 0 0 1 0 0 0 1 -0.638471 5.04851 -0.116435</i>
                        <i>1 0 0 0 1 0 0 0 1 -0.638986 5.04902 -0.116546</i>
                        <i>1 0 0 0 1 0 0 0 1 -0.639362 5.0494 -0.116626</i>
                        <i>1 0 0 0 1 0 0 0 1 -0.639593 5.04963 -0.116675</i>
                        <i>1 0 0 0 1 0 0 0 1 -0.639671 5.04972 -0.116691</i>
                        <i>1 0 0 0 1 0 0 0 1 -0.639593 5.04963 -0.116675</i>
                        <i>1 0 0 0 1 0 0 0 1 -0.639362 5.0494 -0.116626</i>
                        <i>1 0 0 0 1 0 0 0 1 -0.638986 5.04902 -0.116546</i>
                        <i>1 0 0 0 1 0 0 0 1 -0.638471 5.04851 -0.116435</i>
                        <i>1 0 0 0 1 0 0 0 1 -0.637824 5.04789 -0.116292</i>
                        <i>1 0 0 0 1 0 0 0 1 -0.637053 5.04718 -0.116118</i>
                        <i>1 0 0 0 1 0 0 0 1 -0.636164 5.04637 -0.11591</i>
                        <i>1 0 0 0 1 0 0 0 1 -0.635165 5.0455 -0.115669</i>
                        <i>1 0 0 0 1 0 0 0 1 -0.634063 5.04457 -0.115394</i>
                        <i>1 0 0 0 1 0 0 0 1 -0.632865 5.0436 -0.115084</i>
                        <i>1 0 0 0 1 0 0 0 1 -0.631579 5.0426 -0.114737</i>
                        <i>1 0 0 0 1 0 0 0 1 -0.630211 5.04159 -0.114354</i>
                        <i>1 0 0 0 1 0 0 0 1 -0.62877 5.04057 -0.113933</i>
                        <i>1 0 0 0 1 0 0 0 1 -0.627262 5.03957 -0.113473</i>
                        <i>1 0 0 0 1 0 0 0 1 -0.625696 5.0386 -0.112975</i>
                        <i>1 0 0 0 1 0 0 0 1 -0.624078 5.03767 -0.112438</i>
                        <i>1 0 0 0 1 0 0 0 1 -0.622416 5.0368 -0.111862</i>
                        <i>1 0 0 0 1 0 0 0 1 -0.620718 5.03599 -0.111248</i>
                        <i>1 0 0 0 1 0 0 0 1 -0.61899 5.03528 -0.110596</i>
                        <i>1 0 0 0 1 0 0 0 1 -0.61724 5.03466 -0.109908</i>
                        <i>1 0 0 0 1 0 0 0 1 -0.615474 5.03415 -0.109185</i>
                        <i>1 0 0 0 1 0 0 0 1 -0.613701 5.03377 -0.108429</i>
                        <i>1 0 0 0 1 0 0 0 1 -0.611926 5.03354 -0.107641</i>
                        <i>1 0 0 0 1 0 0 0 1 -0.610157 5.03345 -0.106825</i>
                        <i>1 0 0 0 1 0 0 0 1 -0.6084 5.03354 -0.105983</i>
                        <i>1 0 0 0 1 0 0 0 1 -0.606662 5.03377 -0.105119</i>
                        <i>1 0 0 0 1 0 0 0 1 -0.604948 5.03415 -0.104236</i>
                        <i>1 0 0 0 1 0 0 0 1 -0.603265 5.03466 -0.103337</i>
                        <i>1 0 0 0 1 0 0 0 1 -0.601619 5.03528 -0.102428</i>
                        <i>1 0 0 0 1 0 0 0 1 -0.600015 5.03599 -0.101513</i>
                        <i>1 0 0 0 1 0 0 0 1 -0.598459 5.0368 -0.100597</i>
                        <i>1 0 0 0 1 0 0 0 1 -0.596955 5.03767 -0.0996842</i>
                        <i>1 0 0 0 1 0 0 0 1 -0.595509 5.0386 -0.0987809</i>
                        <i>1 0 0 0 1 0 0 0 1 -0.594127 5.03957 -0.0978925</i>
                        <i>1 0 0 0 1 0 0 0 1 -0.592811 5.04057 -0.0970247</i>
                        <i>1 0 0 0 1 0 0 0 1 -0.591567 5.04159 -0.0961835</i>
                        <i>1 0 0 0 1 0 0 0 1 -0.5904 5.0426 -0.095375</i>
                        <i>1 0 0 0 1 0 0 0 1 -0.589312 5.0436 -0.0946053</i>
                        <i>1 0 0 0 1 0 0 0 1 -0.588309 5.04457 -0.0938806</i>
                        <i>1 0 0 0 1 0 0 0 1 -0.587394 5.0455 -0.0932072</i>
                        <i>1 0 0 0 1 0 0 0 1 -0.586571 5.04637 -0.0925914</i>
                        <i>1 0 0 0 1 0 0 0 1 -0.585845 5.04718 -0.0920391</i>
                        <i>1 0 0 0 1 0 0 0 1 -0.585218 5.04789 -0.0915566</i>
                        <i>1 0 0 0 1 0 0 0 1 -0.584696 5.04851 -0.0911497</i>
                        <i>1 0 0 0 1 0 0 0 1 -0.584281 5.04902 -0.0908242</i>
                        <i>1 0 0 0 1 0 0 0 1 -0.58398 5.0494 -0.0905854</i>
                        <i>1 0 0 0 1 0 0 0 1 -0.583795 5.04963 -0.0904386</i>
                        <i>1 0 0 0 1 0 0 0 1 -0.583733 5.04972 -0.0903887</i>
                    </KeyFrames>
                </p>
            </i>
            <i>
                <p>
                    <Name>
                        <![CDATA[spine0]]>
</Name>
                    <Exclude>0</Exclude>
                    <Additive>0</Additive>
                    <IKPriority>0</IKPriority>
                    <IKRotLimits>-1e+010 -1e+010 -1e+010 1e+010 1e+010 1e+010</IKRotLimits>
                    <IKRotLimitOrder>0</IKRotLimitOrder>
                    <KeyFrames count="97">
                        <i>0.00513135 0.999736 -0.0224148 -0.974783 0 -0.223154 -0.223095 0.0229946 0.974525 -0.573044 5.18537 -0.137079</i>
                        <i>0.00498714 0.999749 -0.0218451 -0.974917 -4.44089e-016 -0.222569 -0.222513 0.0224072 0.974672 -0.573135 5.18529 -0.137135</i>
                        <i>0.00480367 0.999763 -0.0212143 -0.975309 -2.22045e-016 -0.220845 -0.220793 0.0217513 0.975078 -0.573402 5.18505 -0.137301</i>
                        <i>0.00458952 0.999778 -0.0205434 -0.975942 -4.44089e-016 -0.218031 -0.217983 0.0210498 0.975726 -0.573838 5.18467 -0.13757</i>
                        <i>0.0043532 0.999793 -0.0198538 -0.976795 -2.22045e-016 -0.214175 -0.214131 0.0203254 0.976594 -0.574437 5.18417 -0.137936</i>
                        <i>0.00410291 0.999808 -0.0191666 -0.977847 -2.22045e-016 -0.209323 -0.209283 0.0196009 0.977659 -0.575192 5.18355 -0.138393</i>
                        <i>0.00384633 0.999821 -0.0185033 -0.97907 -2.22045e-016 -0.203522 -0.203485 0.0188989 0.978896 -0.576096 5.18283 -0.138935</i>
                        <i>0.00359041 0.999834 -0.0178855 -0.98044 -4.44089e-016 -0.196818 -0.196785 0.0182423 0.980277 -0.577144 5.18203 -0.139552</i>
                        <i>0.00334113 0.999844 -0.0173348 -0.981927 0 -0.189258 -0.189228 0.0176539 0.981774 -0.578329 5.18115 -0.14024</i>
                        <i>0.0031034 0.999853 -0.0168735 -0.983504 0 -0.180888 -0.180861 0.0171565 0.983359 -0.579645 5.18022 -0.140988</i>
                        <i>0.00288083 0.999859 -0.0165237 -0.98514 -2.22045e-016 -0.171755 -0.171731 0.0167729 0.985001 -0.581085 5.17925 -0.141791</i>
                        <i>0.00267568 0.999863 -0.016308 -0.986806 0 -0.161906 -0.161884 0.0165261 0.986671 -0.582645 5.17825 -0.142641</i>
                        <i>0.00248865 0.999865 -0.0162492 -0.988474 0 -0.15139 -0.151369 0.0164387 0.988341 -0.584316 5.17724 -0.143529</i>
                        <i>0.00231413 0.999864 -0.0163366 -0.990116 0 -0.140253 -0.140234 0.0164997 0.989981 -0.586093 5.17622 -0.144449</i>
                        <i>0.00214358 0.999861 -0.0165374 -0.991704 -2.22045e-016 -0.128544 -0.128527 0.0166758 0.991566 -0.58797 5.17522 -0.145393</i>
                        <i>0.00197227 0.999856 -0.0168413 -0.993212 -2.22045e-016 -0.116314 -0.116298 0.0169564 0.99307 -0.589938 5.17425 -0.146354</i>
                        <i>0.00179572 0.99985 -0.0172379 -0.994618 -2.22045e-016 -0.103612 -0.103597 0.0173312 0.994468 -0.591992 5.17332 -0.147324</i>
                        <i>0.00160975 0.999842 -0.0177165 -0.995897 0 -0.0904888 -0.0904745 0.0177895 0.99574 -0.594124 5.17245 -0.148298</i>
                        <i>0.00141063 0.999832 -0.0182665 -0.997031 -4.44089e-016 -0.0769956 -0.0769826 0.0183209 0.996864 -0.596327 5.17165 -0.149269</i>
                        <i>0.00119513 0.999821 -0.0188771 -0.998002 -2.22045e-016 -0.0631844 -0.0631731 0.0189149 0.997823 -0.598593 5.17093 -0.150231</i>
                        <i>0.000960597 0.999809 -0.0195375 -0.998793 -2.22045e-016 -0.0491076 -0.0490982 0.0195611 0.998602 -0.600913 5.17031 -0.151178</i>
                        <i>0.000705029 0.999795 -0.0202366 -0.999394 -2.22045e-016 -0.0348182 -0.0348111 0.0202489 0.999189 -0.60328 5.16981 -0.152105</i>
                        <i>0.000427104 0.99978 -0.0209635 -0.999793 -2.22045e-016 -0.0203695 -0.020365 0.0209678 0.999573 -0.605686 5.16943 -0.153007</i>
                        <i>0.000126231 0.999764 -0.0217071 -0.999983 -2.22045e-016 -0.00581507 -0.0058137 0.0217075 0.999747 -0.608122 5.16919 -0.15388</i>
                        <i>-0.000197432 0.999748 -0.0224566 -0.999961 -2.22045e-016 0.00879137 0.00878915 0.0224575 0.999709 -0.610578 5.16911 -0.154721</i>
                        <i>-0.000542954 0.999731 -0.0232009 -0.999726 -4.44089e-016 0.0233959 0.0233896 0.0232072 0.999457 -0.613047 5.16919 -0.155526</i>
                        <i>-0.00090864 0.999713 -0.0239291 -0.99928 0 0.0379448 0.0379339 0.0239464 0.998993 -0.615518 5.16943 -0.156292</i>
                        <i>-0.00129203 0.999696 -0.0246307 -0.998627 -2.22045e-016 0.0523842 0.0523683 0.0246645 0.998323 -0.617984 5.16981 -0.157017</i>
                        <i>-0.00168993 0.999679 -0.0252948 -0.997776 -2.22045e-016 0.0666609 0.0666394 0.0253512 0.997455 -0.620433 5.17031 -0.1577</i>
                        <i>-0.00209844 0.999662 -0.0259112 -0.996737 -2.22045e-016 0.0807215 0.0806942 0.0259961 0.9964 -0.622856 5.17093 -0.158338</i>
                        <i>-0.00251299 0.999646 -0.0264697 -0.995524 -4.44089e-016 0.0945135 0.0944801 0.0265887 0.995172 -0.625245 5.17165 -0.158931</i>
                        <i>-0.0029284 0.999632 -0.0269601 -0.994153 0 0.107985 0.107945 0.0271186 0.993787 -0.627589 5.17245 -0.15948</i>
                        <i>-0.00333895 0.99962 -0.0273727 -0.992642 0 0.121084 0.121038 0.0275756 0.992265 -0.629878 5.17332 -0.159983</i>
                        <i>-0.00373844 0.999609 -0.0276979 -0.991014 -2.22045e-016 0.133759 0.133707 0.0279491 0.990627 -0.632103 5.17425 -0.160442</i>
                        <i>-0.00412029 0.999601 -0.0279264 -0.98929 -4.44089e-016 0.145961 0.145903 0.0282287 0.988896 -0.634254 5.17522 -0.160858</i>
                        <i>-0.00447761 0.999597 -0.028049 -0.987497 -2.22045e-016 0.157639 0.157576 0.0284041 0.987098 -0.63632 5.17622 -0.161232</i>
                        <i>-0.00480333 0.999595 -0.0280567 -0.98566 -2.22045e-016 0.168746 0.168677 0.0284649 0.98526 -0.638294 5.17724 -0.161565</i>
                        <i>-0.00508877 0.999597 -0.0279324 -0.983807 -2.22045e-016 0.179231 0.179159 0.0283922 0.98341 -0.640163 5.17825 -0.16186</i>
                        <i>-0.00532865 0.999603 -0.0276783 -0.981968 -2.22045e-016 0.189049 0.188974 0.0281866 0.981577 -0.64192 5.17925 -0.162118</i>
                        <i>-0.0055219 0.999612 -0.0273145 -0.980171 -4.44089e-016 0.198152 0.198075 0.027867 0.979791 -0.643554 5.18022 -0.162343</i>
                        <i>-0.00566875 0.999623 -0.0268609 -0.978448 0 0.206493 0.206415 0.0274525 0.978079 -0.645056 5.18115 -0.162535</i>
                        <i>-0.00577057 0.999636 -0.0263373 -0.976828 -2.22045e-016 0.214025 0.213948 0.0269621 0.976473 -0.646416 5.18203 -0.162698</i>
                        <i>-0.0058298 0.999651 -0.0257632 -0.975341 -2.22045e-016 0.220704 0.220627 0.0264146 0.975001 -0.647624 5.18283 -0.162834</i>
                        <i>-0.00584982 0.999666 -0.0251578 -0.974015 0 0.226483 0.226407 0.025829 0.97369 -0.648673 5.18355 -0.162946</i>
                        <i>-0.00583478 0.999682 -0.0245402 -0.972879 -4.44089e-016 0.231316 0.231242 0.0252243 0.972569 -0.649551 5.18417 -0.163034</i>
                        <i>-0.00578945 0.999697 -0.0239291 -0.971957 -2.22045e-016 0.235157 0.235085 0.0246195 0.971663 -0.65025 5.18467 -0.163101</i>
                        <i>-0.00571902 0.999711 -0.0233433 -0.971275 -2.22045e-016 0.237959 0.23789 0.0240336 0.970995 -0.65076 5.18505 -0.163149</i>
                        <i>-0.00562894 0.999724 -0.0228011 -0.970853 0 0.239675 0.239609 0.0234857 0.970585 -0.651073 5.18529 -0.163177</i>
                        <i>-0.00552466 0.999736 -0.0223211 -0.970709 -4.44089e-016 0.240258 0.240195 0.0229946 0.970452 -0.651179 5.18537 -0.163186</i>
                        <i>-0.00537045 0.999749 -0.0217541 -0.970853 -2.22045e-016 0.239675 0.239615 0.0224072 0.970609 -0.651073 5.18529 -0.163177</i>
                        <i>-0.00517592 0.999763 -0.0211265 -0.971275 0 0.237959 0.237903 0.0217513 0.971045 -0.65076 5.18505 -0.163149</i>
                        <i>-0.00495001 0.999778 -0.0204595 -0.971957 0 0.235157 0.235105 0.0210498 0.971742 -0.65025 5.18467 -0.163101</i>
                        <i>-0.0047016 0.999793 -0.0197742 -0.972879 0 0.231316 0.231268 0.0203254 0.972678 -0.649551 5.18417 -0.163034</i>
                        <i>-0.00443926 0.999808 -0.0190915 -0.974015 0 0.226483 0.226439 0.0196009 0.973828 -0.648673 5.18355 -0.162946</i>
                        <i>-0.00417106 0.999821 -0.0184329 -0.975341 -4.44089e-016 0.220704 0.220665 0.0188989 0.975167 -0.647624 5.18283 -0.162834</i>
                        <i>-0.00390431 0.999834 -0.0178196 -0.976828 0 0.214025 0.21399 0.0182423 0.976666 -0.646416 5.18203 -0.162698</i>
                        <i>-0.0036454 0.999844 -0.0172734 -0.978448 -2.22045e-016 0.206493 0.20646 0.0176539 0.978296 -0.645056 5.18115 -0.162535</i>
                        <i>-0.00339959 0.999853 -0.0168163 -0.980171 0 0.198152 0.198123 0.0171565 0.980027 -0.643554 5.18022 -0.162343</i>
                        <i>-0.00317091 0.999859 -0.0164705 -0.981968 -2.22045e-016 0.189049 0.189023 0.0167729 0.981829 -0.64192 5.17925 -0.162118</i>
                        <i>-0.00296199 0.999863 -0.0162585 -0.983807 -4.44089e-016 0.179231 0.179207 0.0165261 0.983673 -0.640163 5.17825 -0.16186</i>
                        <i>-0.00277396 0.999865 -0.016203 -0.98566 -2.22045e-016 0.168746 0.168723 0.0164387 0.985526 -0.638294 5.17724 -0.161565</i>
                        <i>-0.002601 0.999864 -0.0162934 -0.987497 -2.22045e-016 0.157639 0.157618 0.0164997 0.987362 -0.63632 5.17622 -0.161232</i>
                        <i>-0.00243401 0.999861 -0.0164972 -0.98929 -2.22045e-016 0.145961 0.14594 0.0166758 0.989153 -0.634254 5.17522 -0.160858</i>
                        <i>-0.00226808 0.999856 -0.0168041 -0.991014 0 0.133759 0.13374 0.0169564 0.990871 -0.632103 5.17425 -0.160442</i>
                        <i>-0.00209852 0.99985 -0.0172036 -0.992642 0 0.121084 0.121065 0.0173312 0.992493 -0.629878 5.17332 -0.159983</i>
                        <i>-0.00192099 0.999842 -0.0176855 -0.994153 -2.22045e-016 0.107985 0.107968 0.0177895 0.993995 -0.627589 5.17245 -0.15948</i>
                        <i>-0.00173157 0.999832 -0.0182389 -0.995524 -4.44089e-016 0.0945135 0.0944977 0.0183209 0.995357 -0.625245 5.17165 -0.158931</i>
                        <i>-0.00152684 0.999821 -0.0188532 -0.996737 0 0.0807215 0.0807071 0.0189149 0.996558 -0.622856 5.17093 -0.158338</i>
                        <i>-0.00130396 0.999809 -0.0195176 -0.997776 -2.22045e-016 0.0666609 0.0666481 0.0195611 0.997585 -0.620433 5.17031 -0.1577</i>
                        <i>-0.00106072 0.999795 -0.0202211 -0.998627 -4.44089e-016 0.0523843 0.0523735 0.0202489 0.998422 -0.617984 5.16981 -0.157017</i>
                        <i>-0.000795621 0.99978 -0.0209527 -0.99928 0 0.0379448 0.0379365 0.0209678 0.99906 -0.615518 5.16943 -0.156292</i>
                        <i>-0.000507869 0.999764 -0.0217016 -0.999726 0 0.023396 0.0233905 0.0217075 0.999491 -0.613047 5.16919 -0.155526</i>
                        <i>-0.000197431 0.999748 -0.0224566 -0.999961 -2.22045e-016 0.00879134 0.00878913 0.0224575 0.999709 -0.610578 5.16911 -0.154721</i>
                        <i>0.000134952 0.999731 -0.0232068 -0.999983 -2.22045e-016 -0.00581507 -0.00581351 0.0232072 0.999714 -0.608122 5.16919 -0.15388</i>
                        <i>0.000487776 0.999713 -0.0239414 -0.999793 0 -0.0203695 -0.0203637 0.0239464 0.999506 -0.605686 5.16943 -0.153007</i>
                        <i>0.000858775 0.999696 -0.0246496 -0.999394 -2.22045e-016 -0.0348182 -0.0348076 0.0246645 0.99909 -0.60328 5.16981 -0.152105</i>
                        <i>0.00124494 0.999679 -0.0253206 -0.998793 0 -0.0491076 -0.0490918 0.0253512 0.998473 -0.600913 5.17031 -0.151178</i>
                        <i>0.00164254 0.999662 -0.0259441 -0.998002 -2.22045e-016 -0.0631843 -0.063163 0.0259961 0.997665 -0.598593 5.17093 -0.150231</i>
                        <i>0.00204721 0.999646 -0.0265098 -0.997031 -2.22045e-016 -0.0769955 -0.0769683 0.0265887 0.996679 -0.596327 5.17165 -0.149269</i>
                        <i>0.00245393 0.999632 -0.0270074 -0.995897 -4.44089e-016 -0.0904888 -0.0904556 0.0271186 0.995531 -0.594124 5.17245 -0.148298</i>
                        <i>0.00285716 0.99962 -0.0274272 -0.994618 0 -0.103612 -0.103573 0.0275756 0.99424 -0.591992 5.17332 -0.147324</i>
                        <i>0.00325087 0.999609 -0.0277594 -0.993212 -2.22045e-016 -0.116314 -0.116269 0.0279491 0.992824 -0.589938 5.17425 -0.146354</i>
                        <i>0.00362864 0.999601 -0.0279945 -0.991704 -4.44089e-016 -0.128544 -0.128493 0.0282287 0.991309 -0.58797 5.17522 -0.145393</i>
                        <i>0.00398376 0.999597 -0.0281234 -0.990116 -6.66134e-016 -0.140253 -0.140196 0.0284041 0.989716 -0.586093 5.17622 -0.144449</i>
                        <i>0.00430929 0.999595 -0.0281369 -0.988474 -2.22045e-016 -0.15139 -0.151328 0.0284649 0.988074 -0.584316 5.17724 -0.143529</i>
                        <i>0.00459687 0.999597 -0.0280176 -0.986806 0 -0.161906 -0.161841 0.0283922 0.986408 -0.582645 5.17825 -0.142641</i>
                        <i>0.00484118 0.999603 -0.0277677 -0.98514 -2.22045e-016 -0.171755 -0.171687 0.0281866 0.984748 -0.581085 5.17925 -0.141791</i>
                        <i>0.00504081 0.999612 -0.0274073 -0.983504 0 -0.180888 -0.180818 0.027867 0.983122 -0.579645 5.18022 -0.140988</i>
                        <i>0.0051956 0.999623 -0.0269564 -0.981927 0 -0.189258 -0.189186 0.0274525 0.981557 -0.578329 5.18115 -0.14024</i>
                        <i>0.00530661 0.999636 -0.0264347 -0.98044 -4.44089e-016 -0.196818 -0.196746 0.0269621 0.980084 -0.577144 5.18203 -0.139552</i>
                        <i>0.00537593 0.999651 -0.0258617 -0.97907 0 -0.203522 -0.203451 0.0264146 0.978729 -0.576096 5.18283 -0.138935</i>
                        <i>0.00540659 0.999666 -0.0252568 -0.977847 -2.22045e-016 -0.209323 -0.209253 0.025829 0.97752 -0.575192 5.18355 -0.138393</i>
                        <i>0.00540241 0.999682 -0.024639 -0.976795 0 -0.214175 -0.214107 0.0252243 0.976485 -0.574437 5.18417 -0.137936</i>
                        <i>0.00536783 0.999697 -0.0240272 -0.975942 -2.22045e-016 -0.218031 -0.217965 0.0246195 0.975646 -0.573838 5.18467 -0.13757</i>
                        <i>0.00530771 0.999711 -0.0234402 -0.975309 0 -0.220845 -0.220781 0.0240336 0.975027 -0.573402 5.18505 -0.137301</i>
                        <i>0.00522718 0.999724 -0.0228966 -0.974917 -2.22045e-016 -0.222569 -0.222507 0.0234857 0.974648 -0.573135 5.18529 -0.137135</i>
                        <i>0.00513135 0.999736 -0.0224148 -0.974783 0 -0.223154 -0.223095 0.0229946 0.974525 -0.573044 5.18537 -0.137079</i>
                    </KeyFrames>
                </p>
            </i>
            <i>
                <p>
                    <Name>
                        <![CDATA[spine1]]>
</Name>
                    <Exclude>0</Exclude>
                    <Additive>0</Additive>
                    <IKPriority>0</IKPriority>
                    <IKRotLimits>-1e+010 -1e+010 -1e+010 1e+010 1e+010 1e+010</IKRotLimits>
                    <IKRotLimitOrder>0</IKRotLimitOrder>
                    <KeyFrames count="97">
                        <i>-0.0107529 0.998838 0.0469707 -0.974783 0 -0.223154 -0.222895 -0.0481858 0.973651 -0.572164 5.35684 -0.140923</i>
                        <i>-0.011207 0.998731 0.0490898 -0.974917 -4.44089e-016 -0.222569 -0.222286 -0.0503528 0.97368 -0.572279 5.35676 -0.140882</i>
                        <i>-0.0116543 0.998607 0.0514683 -0.975309 -2.22045e-016 -0.220845 -0.220537 -0.0527712 0.97395 -0.572578 5.35653 -0.140939</i>
                        <i>-0.0120696 0.998467 0.0540255 -0.975942 -4.44089e-016 -0.218031 -0.217697 -0.0553573 0.974445 -0.573051 5.35616 -0.141094</i>
                        <i>-0.0124279 0.998315 0.0566806 -0.976795 -2.22045e-016 -0.214175 -0.213814 -0.0580271 0.975149 -0.57369 5.35566 -0.141342</i>
                        <i>-0.0127052 0.998156 0.0593521 -0.977847 -2.22045e-016 -0.209323 -0.208937 -0.0606967 0.976044 -0.574488 5.35505 -0.141681</i>
                        <i>-0.0128793 0.997996 0.0619578 -0.97907 -2.22045e-016 -0.203522 -0.203114 -0.0632822 0.977108 -0.575436 5.35434 -0.142109</i>
                        <i>-0.0129309 0.997839 0.0644148 -0.98044 -4.44089e-016 -0.196818 -0.196392 -0.0656999 0.978322 -0.576528 5.35354 -0.142621</i>
                        <i>-0.0128441 0.997694 0.0666393 -0.981927 0 -0.189258 -0.188821 -0.0678658 0.979664 -0.577756 5.35268 -0.143214</i>
                        <i>-0.0126072 0.997568 0.0685465 -0.983504 0 -0.180888 -0.180448 -0.0696962 0.981112 -0.579112 5.35175 -0.143883</i>
                        <i>-0.0122131 0.997469 0.0700507 -0.98514 -2.22045e-016 -0.171755 -0.17132 -0.0711074 0.982646 -0.580591 5.35079 -0.144626</i>
                        <i>-0.0116598 0.997404 0.0710654 -0.986806 0 -0.161906 -0.161486 -0.0720156 0.984244 -0.582186 5.34979 -0.145439</i>
                        <i>-0.010951 0.99738 0.0715031 -0.988474 0 -0.15139 -0.150993 -0.0723369 0.985885 -0.583889 5.34878 -0.146317</i>
                        <i>-0.010114 0.997397 0.0713997 -0.990116 0 -0.140253 -0.139888 -0.0721124 0.987538 -0.585696 5.34776 -0.147252</i>
                        <i>-0.0091864 0.997443 0.0708719 -0.991704 -2.22045e-016 -0.128544 -0.128216 -0.0714648 0.989168 -0.587602 5.34676 -0.148231</i>
                        <i>-0.00819228 0.997517 0.0699542 -0.993212 -2.22045e-016 -0.116314 -0.116025 -0.0704323 0.990746 -0.5896 5.34578 -0.149243</i>
                        <i>-0.00715478 0.997613 0.0686818 -0.994618 -2.22045e-016 -0.103612 -0.103365 -0.0690535 0.992244 -0.591684 5.34485 -0.150282</i>
                        <i>-0.00609593 0.997728 0.0670903 -0.995897 0 -0.0904888 -0.0902833 -0.0673667 0.993635 -0.593848 5.34397 -0.151338</i>
                        <i>-0.00503632 0.997858 0.0652163 -0.997031 -4.44089e-016 -0.0769956 -0.0768307 -0.0654105 0.994896 -0.596085 5.34316 -0.152403</i>
                        <i>-0.00399472 0.997999 0.0630969 -0.998002 -2.22045e-016 -0.0631844 -0.063058 -0.0632232 0.996005 -0.598387 5.34244 -0.153469</i>
                        <i>-0.00298787 0.998147 0.0607699 -0.998793 -2.22045e-016 -0.0491076 -0.0490166 -0.0608433 0.996943 -0.600748 5.34182 -0.154529</i>
                        <i>-0.00203023 0.998299 0.058274 -0.999394 -2.22045e-016 -0.0348182 -0.034759 -0.0583093 0.997693 -0.603159 5.3413 -0.155576</i>
                        <i>-0.00113376 0.99845 0.0556481 -0.999793 -2.22045e-016 -0.0203695 -0.0203379 -0.0556596 0.998243 -0.605613 5.34092 -0.156603</i>
                        <i>-0.000307808 0.998598 0.0529319 -0.999983 -2.22045e-016 -0.00581507 -0.00580692 -0.0529328 0.998581 -0.6081 5.34067 -0.157604</i>
                        <i>0.000441039 0.998741 0.0501654 -0.999961 -2.22045e-016 0.00879137 0.0087803 -0.0501673 0.998702 -0.610612 5.34058 -0.158573</i>
                        <i>0.001109 0.998876 0.0473887 -0.999726 -4.44089e-016 0.0233959 0.0233696 -0.0474016 0.998603 -0.61314 5.34065 -0.159505</i>
                        <i>0.00169516 0.999002 0.0446422 -0.99928 0 0.0379448 0.0379069 -0.0446743 0.998282 -0.615674 5.34088 -0.160396</i>
                        <i>0.00220139 0.999117 0.0419662 -0.998627 -2.22045e-016 0.0523842 0.052338 -0.0420239 0.997745 -0.618205 5.34126 -0.161241</i>
                        <i>0.00263237 0.99922 0.0394011 -0.997776 -2.22045e-016 0.0666609 0.0666089 -0.039489 0.996997 -0.620722 5.34175 -0.162038</i>
                        <i>0.00299541 0.999311 0.0369868 -0.996737 -2.22045e-016 0.0807215 0.0806659 -0.0371079 0.99605 -0.623216 5.34237 -0.162781</i>
                        <i>0.00330036 0.99939 0.0347631 -0.995524 -4.44089e-016 0.0945135 0.0944559 -0.0349194 0.994916 -0.625676 5.34308 -0.163471</i>
                        <i>0.00355938 0.999457 0.0327692 -0.994153 0 0.107985 0.107926 -0.0329619 0.993612 -0.628091 5.34387 -0.164103</i>
                        <i>0.00378676 0.999511 0.0310438 -0.992642 0 0.121084 0.121024 -0.0312739 0.992157 -0.63045 5.34474 -0.164677</i>
                        <i>0.00399859 0.999553 0.0296254 -0.991014 -2.22045e-016 0.133759 0.133699 -0.029894 0.990571 -0.632744 5.34567 -0.165192</i>
                        <i>0.00421253 0.999583 0.0285516 -0.98929 -4.44089e-016 0.145961 0.1459 -0.0288607 0.988878 -0.63496 5.34664 -0.165647</i>
                        <i>0.00444739 0.999602 0.0278597 -0.987497 -2.22045e-016 0.157639 0.157577 -0.0282124 0.987104 -0.637088 5.34764 -0.166041</i>
                        <i>0.00472282 0.999608 0.0275864 -0.98566 -2.22045e-016 0.168746 0.16868 -0.0279878 0.985274 -0.639117 5.34865 -0.166376</i>
                        <i>0.00506449 0.999601 0.0277991 -0.983807 -2.22045e-016 0.179231 0.17916 -0.0282567 0.983414 -0.641036 5.34966 -0.166649</i>
                        <i>0.00548554 0.999579 0.0284932 -0.981968 -2.22045e-016 0.189049 0.18897 -0.0290165 0.981554 -0.642834 5.35067 -0.166864</i>
                        <i>0.00598361 0.999544 0.0295983 -0.980171 -4.44089e-016 0.198152 0.198061 -0.0301971 0.979724 -0.644501 5.35164 -0.167026</i>
                        <i>0.00655169 0.999497 0.0310446 -0.978448 0 0.206493 0.206389 -0.0317284 0.977956 -0.646028 5.35257 -0.167141</i>
                        <i>0.00717847 0.999437 0.0327631 -0.976828 -2.22045e-016 0.214025 0.213905 -0.0335403 0.976278 -0.647405 5.35345 -0.167215</i>
                        <i>0.0078488 0.999367 0.0346856 -0.975341 -2.22045e-016 0.220704 0.220565 -0.0355625 0.974724 -0.648624 5.35426 -0.167252</i>
                        <i>0.00854406 0.999288 0.0367447 -0.974015 0 0.226483 0.226322 -0.037725 0.973322 -0.649676 5.35498 -0.16726</i>
                        <i>0.00924281 0.999201 0.0388738 -0.972879 -4.44089e-016 0.231316 0.231131 -0.0399575 0.972102 -0.650551 5.35561 -0.167243</i>
                        <i>0.00992126 0.99911 0.0410069 -0.971957 -2.22045e-016 0.235157 0.234947 -0.04219 0.971092 -0.651242 5.35612 -0.167205</i>
                        <i>0.010554 0.999016 0.0430783 -0.971275 -2.22045e-016 0.237959 0.237725 -0.0443523 0.970319 -0.651741 5.35651 -0.167152</i>
                        <i>0.0111148 0.998924 0.0450226 -0.970853 0 0.239675 0.239418 -0.0463743 0.969809 -0.652038 5.35675 -0.167087</i>
                        <i>0.0115771 0.998838 0.0467744 -0.970709 -4.44089e-016 0.240258 0.239979 -0.0481858 0.969581 -0.652127 5.35684 -0.167015</i>
                        <i>0.0120683 0.998731 0.0488851 -0.970853 -2.22045e-016 0.239675 0.239371 -0.0503528 0.969622 -0.651994 5.35676 -0.166908</i>
                        <i>0.0125574 0.998607 0.0512554 -0.971275 0 0.237959 0.237627 -0.0527712 0.969922 -0.651648 5.35653 -0.166772</i>
                        <i>0.0130176 0.998467 0.053805 -0.971957 0 0.235157 0.234796 -0.0553573 0.970467 -0.651099 5.35616 -0.166611</i>
                        <i>0.0134226 0.998315 0.0564533 -0.972879 0 0.231316 0.230926 -0.0580271 0.971239 -0.650357 5.35566 -0.166426</i>
                        <i>0.0137468 0.998156 0.0591195 -0.974015 0 0.226483 0.226065 -0.0606967 0.972219 -0.649434 5.35505 -0.166221</i>
                        <i>0.0139667 0.997996 0.0617217 -0.975341 -4.44089e-016 0.220704 0.220262 -0.0632822 0.973386 -0.64834 5.35434 -0.165997</i>
                        <i>0.0140614 0.997839 0.0641775 -0.976828 0 0.214025 0.213563 -0.0656999 0.974718 -0.647086 5.35354 -0.165755</i>
                        <i>0.0140138 0.997694 0.0664032 -0.978448 -2.22045e-016 0.206493 0.206017 -0.0678658 0.976192 -0.645681 5.35268 -0.165499</i>
                        <i>0.0138104 0.997568 0.0683143 -0.980171 0 0.198152 0.19767 -0.0696962 0.977788 -0.644137 5.35175 -0.165228</i>
                        <i>0.0134428 0.997469 0.0698252 -0.981968 -2.22045e-016 0.189049 0.188571 -0.0711074 0.979482 -0.642464 5.35079 -0.164944</i>
                        <i>0.0129075 0.997404 0.0708494 -0.983807 -4.44089e-016 0.179231 0.178766 -0.0720156 0.981252 -0.640672 5.34979 -0.164649</i>
                        <i>0.0122065 0.99738 0.0712995 -0.98566 -2.22045e-016 0.168746 0.168304 -0.0723369 0.983077 -0.63877 5.34878 -0.164345</i>
                        <i>0.0113678 0.997397 0.0712108 -0.987497 -2.22045e-016 0.157639 0.157229 -0.0721124 0.984926 -0.636767 5.34776 -0.164027</i>
                        <i>0.0104311 0.997443 0.0706994 -0.98929 -2.22045e-016 0.145961 0.145588 -0.0714648 0.986761 -0.634671 5.34676 -0.163689</i>
                        <i>0.00942096 0.997517 0.0697994 -0.991014 0 0.133759 0.133427 -0.0704323 0.988553 -0.632492 5.34578 -0.163325</i>
                        <i>0.00836124 0.997613 0.0685454 -0.992642 0 0.121084 0.120794 -0.0690535 0.990273 -0.630238 5.34485 -0.162935</i>
                        <i>0.00727458 0.997728 0.0669728 -0.994153 -2.22045e-016 0.107985 0.107739 -0.0673667 0.991894 -0.627918 5.34397 -0.162514</i>
                        <i>0.00618218 0.997858 0.0651177 -0.995524 -4.44089e-016 0.0945135 0.0943111 -0.0654105 0.993392 -0.625542 5.34316 -0.16206</i>
                        <i>0.00510347 0.997999 0.0630169 -0.996737 0 0.0807215 0.08056 -0.0632232 0.994743 -0.623118 5.34244 -0.161572</i>
                        <i>0.00405587 0.998147 0.060708 -0.997776 -2.22045e-016 0.0666609 0.0665374 -0.0608433 0.995927 -0.620656 5.34182 -0.161048</i>
