<?xml version="1.0" encoding="ISO-8859-1" ?>
<Animl Version="1">
    <ModellingPackage><![CDATA[Maya.2010]]></ModellingPackage>
    <SrcFile><![CDATA[anims\turrets\antiair\blue\~src\aa_chaparral\aa_chaparral_fire_crewman_a.mb]]></SrcFile>
    <FramesPerSecond>30</FramesPerSecond>
    <TotalFrames>49</TotalFrames>
    <Skeleton>
        <RefFrame>
            <Name><![CDATA[soldier_ref_frame]]></Name>
            <Exclude>0</Exclude>
            <Additive>0</Additive>
            <IKPriority>0</IKPriority>
            <IKRotLimits>-1e+010 -1e+010 -1e+010 1e+010 1e+010 1e+010</IKRotLimits>
            <IKRotLimitOrder>0</IKRotLimitOrder>
            <KeyFrames count="49">
                <i>1 0 0 0 1 0 0 0 1 -1.4 2.19 -3.1</i>
                <i>1 0 0 0 1 0 0 0 1 -1.4 2.19 -3.1</i>
                <i>1 0 0 0 1 0 0 0 1 -1.4 2.19 -3.1</i>
                <i>1 0 0 0 1 0 0 0 1 -1.4 2.19 -3.1</i>
                <i>1 0 0 0 1 0 0 0 1 -1.4 2.19 -3.1</i>
                <i>1 0 0 0 1 0 0 0 1 -1.4 2.19 -3.1</i>
                <i>1 0 0 0 1 0 0 0 1 -1.4 2.19 -3.1</i>
                <i>1 0 0 0 1 0 0 0 1 -1.4 2.19 -3.1</i>
                <i>1 0 0 0 1 0 0 0 1 -1.4 2.19 -3.1</i>
                <i>1 0 0 0 1 0 0 0 1 -1.4 2.19 -3.1</i>
                <i>1 0 0 0 1 0 0 0 1 -1.4 2.19 -3.1</i>
                <i>1 0 0 0 1 0 0 0 1 -1.4 2.19 -3.1</i>
                <i>1 0 0 0 1 0 0 0 1 -1.4 2.19 -3.1</i>
                <i>1 0 0 0 1 0 0 0 1 -1.4 2.19 -3.1</i>
                <i>1 0 0 0 1 0 0 0 1 -1.4 2.19 -3.1</i>
                <i>1 0 0 0 1 0 0 0 1 -1.4 2.19 -3.1</i>
                <i>1 0 0 0 1 0 0 0 1 -1.4 2.19 -3.1</i>
                <i>1 0 0 0 1 0 0 0 1 -1.4 2.19 -3.1</i>
                <i>1 0 0 0 1 0 0 0 1 -1.4 2.19 -3.1</i>
                <i>1 0 0 0 1 0 0 0 1 -1.4 2.19 -3.1</i>
                <i>1 0 0 0 1 0 0 0 1 -1.4 2.19 -3.1</i>
                <i>1 0 0 0 1 0 0 0 1 -1.4 2.19 -3.1</i>
                <i>1 0 0 0 1 0 0 0 1 -1.4 2.19 -3.1</i>
                <i>1 0 0 0 1 0 0 0 1 -1.4 2.19 -3.1</i>
                <i>1 0 0 0 1 0 0 0 1 -1.4 2.19 -3.1</i>
                <i>1 0 0 0 1 0 0 0 1 -1.4 2.19 -3.1</i>
                <i>1 0 0 0 1 0 0 0 1 -1.4 2.19 -3.1</i>
                <i>1 0 0 0 1 0 0 0 1 -1.4 2.19 -3.1</i>
                <i>1 0 0 0 1 0 0 0 1 -1.4 2.19 -3.1</i>
                <i>1 0 0 0 1 0 0 0 1 -1.4 2.19 -3.1</i>
                <i>1 0 0 0 1 0 0 0 1 -1.4 2.19 -3.1</i>
                <i>1 0 0 0 1 0 0 0 1 -1.4 2.19 -3.1</i>
                <i>1 0 0 0 1 0 0 0 1 -1.4 2.19 -3.1</i>
                <i>1 0 0 0 1 0 0 0 1 -1.4 2.19 -3.1</i>
                <i>1 0 0 0 1 0 0 0 1 -1.4 2.19 -3.1</i>
                <i>1 0 0 0 1 0 0 0 1 -1.4 2.19 -3.1</i>
                <i>1 0 0 0 1 0 0 0 1 -1.4 2.19 -3.1</i>
                <i>1 0 0 0 1 0 0 0 1 -1.4 2.19 -3.1</i>
                <i>1 0 0 0 1 0 0 0 1 -1.4 2.19 -3.1</i>
                <i>1 0 0 0 1 0 0 0 1 -1.4 2.19 -3.1</i>
                <i>1 0 0 0 1 0 0 0 1 -1.4 2.19 -3.1</i>
                <i>1 0 0 0 1 0 0 0 1 -1.4 2.19 -3.1</i>
                <i>1 0 0 0 1 0 0 0 1 -1.4 2.19 -3.1</i>
                <i>1 0 0 0 1 0 0 0 1 -1.4 2.19 -3.1</i>
                <i>1 0 0 0 1 0 0 0 1 -1.4 2.19 -3.1</i>
                <i>1 0 0 0 1 0 0 0 1 -1.4 2.19 -3.1</i>
                <i>1 0 0 0 1 0 0 0 1 -1.4 2.19 -3.1</i>
                <i>1 0 0 0 1 0 0 0 1 -1.4 2.19 -3.1</i>
                <i>1 0 0 0 1 0 0 0 1 -1.4 2.19 -3.1</i>
            </KeyFrames>
        </RefFrame>
        <Bones count="23">
            <i>
                <p>
                    <Name><![CDATA[pelvis]]></Name>
                    <Exclude>0</Exclude>
                    <Additive>0</Additive>
                    <IKPriority>0</IKPriority>
                    <IKRotLimits>-1e+010 -1e+010 -1e+010 1e+010 1e+010 1e+010</IKRotLimits>
                    <IKRotLimitOrder>2</IKRotLimitOrder>
                    <KeyFrames count="49">
                        <i>1 0 0 0 1 0 0 0 1 -1.31313 3.31598 -3.10188</i>
                        <i>1 0 0 0 1 0 0 0 1 -1.29501 3.23531 -3.02838</i>
                        <i>1 0 0 0 1 0 0 0 1 -1.2807 3.12784 -3.02255</i>
                        <i>1 0 0 0 1 0 0 0 1 -1.2813 3.00764 -3.12094</i>
                        <i>1 0 0 0 1 0 0 0 1 -1.28777 2.9134 -3.22267</i>
                        <i>1 0 0 0 1 0 0 0 1 -1.29809 2.90914 -3.30296</i>
                        <i>1 0 0 0 1 0 0 0 1 -1.30989 3.01936 -3.35053</i>
                        <i>1 0 0 0 1 0 0 0 1 -1.32447 3.24861 -3.35925</i>
                        <i>1 0 0 0 1 0 0 0 1 -1.3428 3.53857 -3.34487</i>
                        <i>1 0 0 0 1 0 0 0 1 -1.36214 3.80047 -3.31542</i>
                        <i>1 0 0 0 1 0 0 0 1 -1.37871 3.94619 -3.28619</i>
                        <i>1 0 0 0 1 0 0 0 1 -1.39144 3.99788 -3.25853</i>
                        <i>1 0 0 0 1 0 0 0 1 -1.40234 4.03665 -3.22375</i>
                        <i>1 0 0 0 1 0 0 0 1 -1.41217 4.06332 -3.18433</i>
                        <i>1 0 0 0 1 0 0 0 1 -1.42168 4.07876 -3.14296</i>
                        <i>1 0 0 0 1 0 0 0 1 -1.43166 4.08388 -3.10247</i>
                        <i>1 0 0 0 1 0 0 0 1 -1.44289 4.07968 -3.06586</i>
                        <i>1 0 0 0 1 0 0 0 1 -1.45615 4.06721 -3.03614</i>
                        <i>1 0 0 0 1 0 0 0 1 -1.47221 4.04758 -3.01631</i>
                        <i>1 0 0 0 1 0 0 0 1 -1.49124 4.01743 -3.00735</i>
                        <i>1 0 0 0 1 0 0 0 1 -1.51253 3.97394 -3.00717</i>
                        <i>1 0 0 0 1 0 0 0 1 -1.53549 3.91905 -3.01408</i>
                        <i>1 0 0 0 1 0 0 0 1 -1.55953 3.85468 -3.02634</i>
                        <i>1 0 0 0 1 0 0 0 1 -1.58408 3.78271 -3.04224</i>
                        <i>1 0 0 0 1 0 0 0 1 -1.60851 3.70504 -3.06013</i>
                        <i>1 0 0 0 1 0 0 0 1 -1.63219 3.62358 -3.07848</i>
                        <i>1 0 0 0 1 0 0 0 1 -1.65449 3.54021 -3.09587</i>
                        <i>1 0 0 0 1 0 0 0 1 -1.67472 3.45683 -3.11105</i>
                        <i>1 0 0 0 1 0 0 0 1 -1.69222 3.37533 -3.12293</i>
                        <i>1 0 0 0 1 0 0 0 1 -1.70413 3.26001 -3.13193</i>
                        <i>1 0 0 0 1 0 0 0 1 -1.70806 3.10713 -3.13821</i>
                        <i>1 0 0 0 1 0 0 0 1 -1.70419 2.96093 -3.14364</i>
                        <i>1 0 0 0 1 0 0 0 1 -1.69268 2.86405 -3.15075</i>
                        <i>1 0 0 0 1 0 0 0 1 -1.6694 2.83406 -3.16209</i>
                        <i>1 0 0 0 1 0 0 0 1 -1.63569 2.84338 -3.17723</i>
                        <i>1 0 0 0 1 0 0 0 1 -1.5998 2.87175 -3.19209</i>
                        <i>1 0 0 0 1 0 0 0 1 -1.56999 2.89889 -3.20263</i>
                        <i>1 0 0 0 1 0 0 0 1 -1.54753 2.91908 -3.21026</i>
                        <i>1 0 0 0 1 0 0 0 1 -1.52751 2.94063 -3.21824</i>
                        <i>1 0 0 0 1 0 0 0 1 -1.50892 2.96432 -3.2254</i>
                        <i>1 0 0 0 1 0 0 0 1 -1.49074 2.9909 -3.23058</i>
                        <i>1 0 0 0 1 0 0 0 1 -1.47197 3.02112 -3.23104</i>
                        <i>1 0 0 0 1 0 0 0 1 -1.45164 3.05572 -3.22434</i>
                        <i>1 0 0 0 1 0 0 0 1 -1.42968 3.10073 -3.20991</i>
                        <i>1 0 0 0 1 0 0 0 1 -1.40691 3.15614 -3.18946</i>
                        <i>1 0 0 0 1 0 0 0 1 -1.3836 3.21366 -3.16568</i>
                        <i>1 0 0 0 1 0 0 0 1 -1.36002 3.26499 -3.14131</i>
                        <i>1 0 0 0 1 0 0 0 1 -1.33644 3.30185 -3.11912</i>
                        <i>1 0 0 0 1 0 0 0 1 -1.31313 3.31598 -3.10188</i>
                    </KeyFrames>
                </p>
            </i>
            <i>
                <p>
                    <Name><![CDATA[spine0]]></Name>
                    <Exclude>0</Exclude>
                    <Additive>0</Additive>
                    <IKPriority>0</IKPriority>
                    <IKRotLimits>-1e+010 -1e+010 -1e+010 1e+010 1e+010 1e+010</IKRotLimits>
                    <IKRotLimitOrder>0</IKRotLimitOrder>
                    <KeyFrames count="49">
                        <i>0.143645 0.951123 0.27337 -0.916221 0.0234094 0.39999 0.37404 -0.307923 0.874801 -1.31772 3.45937 -3.11258</i>
                        <i>0.154771 0.944333 0.290312 -0.915889 0.0269782 0.400523 0.370395 -0.327883 0.86908 -1.29741 3.37898 -3.03536</i>
                        <i>0.166001 0.940409 0.296775 -0.915726 0.0353338 0.400247 0.36591 -0.338206 0.867022 -1.28187 3.27152 -3.02971</i>
                        <i>0.169922 0.941669 0.290492 -0.916051 0.0422655 0.39883 0.363288 -0.333875 0.869799 -1.28478 3.15071 -3.13562</i>
                        <i>0.170529 0.941836 0.289594 -0.916646 0.043809 0.397293 0.361498 -0.333205 0.870801 -1.29511 3.05512 -3.24631</i>
                        <i>0.171791 0.935822 0.307775 -0.91736 0.0380877 0.396233 0.359081 -0.35041 0.865028 -1.30895 3.04955 -3.33232</i>
                        <i>0.178239 0.920356 0.348103 -0.91775 0.0278891 0.396179 0.354918 -0.390086 0.849627 -1.3218 3.15988 -3.37898</i>
                        <i>0.195317 0.889253 0.413618 -0.918049 0.0174112 0.396084 0.345017 -0.457083 0.819779 -1.333 3.39107 -3.37737</i>
                        <i>0.219767 0.84328 0.49049 -0.91842 0.00931111 0.395496 0.328947 -0.537394 0.776532 -1.34496 3.6824 -3.34663</i>
                        <i>0.242273 0.793735 0.557932 -0.918099 0.00163118 0.396348 0.313685 -0.608261 0.729122 -1.35813 3.94354 -3.30088</i>
                        <i>0.253482 0.759849 0.598645 -0.916273 -0.00981583 0.400433 0.310145 -0.650026 0.693741 -1.37183 4.08776 -3.26156</i>
                        <i>0.253535 0.74177 0.620884 -0.913165 -0.0282282 0.406611 0.319138 -0.67006 0.670202 -1.3849 4.13855 -3.22911</i>
                        <i>0.249929 0.724645 0.642204 -0.909332 -0.0521963 0.412785 0.332643 -0.687143 0.645897 -1.3971 4.17641 -3.19009</i>
                        <i>0.244227 0.709048 0.661516 -0.904463 -0.0794559 0.419087 0.349714 -0.700669 0.621902 -1.40888 4.20222 -3.14704</i>
                        <i>0.23782 0.695684 0.677839 -0.898405 -0.107713 0.425754 0.369203 -0.710226 0.59939 -1.42074 4.21688 -3.10271</i>
                        <i>0.231881 0.685403 0.690256 -0.891207 -0.134697 0.433137 0.389849 -0.715597 0.579602 -1.43318 4.22133 -3.06004</i>
                        <i>0.227372 0.679163 0.697882 -0.883118 -0.158196 0.441674 0.410371 -0.716737 0.563812 -1.44673 4.21665 -3.02205</i>
                        <i>0.225083 0.677937 0.699814 -0.874542 -0.176078 0.451854 0.42955 -0.713721 0.553253 -1.46191 4.20396 -2.99184</i>
                        <i>0.225739 0.682581 0.695072 -0.865942 -0.186277 0.464162 0.446304 -0.706671 0.549026 -1.47923 4.18442 -2.97247</i>
                        <i>0.229011 0.693426 0.683165 -0.856782 -0.189529 0.479587 0.462038 -0.695154 0.55071 -1.49905 4.15472 -2.96508</i>
                        <i>0.233526 0.70939 0.665005 -0.846415 -0.188316 0.498115 0.478589 -0.679193 0.556461 -1.52103 4.11198 -2.96754</i>
                        <i>0.238547 0.728987 0.641618 -0.835108 -0.183235 0.518671 0.495671 -0.659547 0.565073 -1.54466 4.058 -2.97794</i>
                        <i>0.24344 0.750758 0.614085 -0.823163 -0.17493 0.540187 0.512972 -0.636995 0.575411 -1.56941 3.99458 -2.99433</i>
                        <i>0.247681 0.773352 0.583593 -0.810946 -0.164105 0.561636 0.530113 -0.612369 0.586502 -1.59472 3.92352 -3.01478</i>
                        <i>0.250873 0.795597 0.551441 -0.798904 -0.151519 0.58206 0.546639 -0.586572 0.597594 -1.62 3.84663 -3.03743</i>
                        <i>0.252751 0.816532 0.519031 -0.787568 -0.137976 0.600583 0.562009 -0.56057 0.6082 -1.64461 3.76577 -3.06052</i>
                        <i>0.253177 0.835419 0.487828 -0.777548 -0.124306 0.616415 0.575605 -0.535372 0.618107 -1.66787 3.68282 -3.08246</i>
                        <i>0.252125 0.851733 0.45933 -0.769518 -0.11134 0.628844 0.58675 -0.51201 0.627352 -1.68907 3.59968 -3.10182</i>
                        <i>0.249652 0.865116 0.435027 -0.764189 -0.0998965 0.63721 0.594718 -0.491524 0.636172 -1.70747 3.51828 -3.11734</i>
                        <i>0.241498 0.87502 0.419547 -0.771364 -0.0892284 0.630108 0.588792 -0.475793 0.65341 -1.71994 3.40298 -3.12954</i>
                        <i>0.229105 0.881902 0.412019 -0.791981 -0.0772086 0.605645 0.565931 -0.465068 0.68076 -1.72367 3.25014 -3.13883</i>
                        <i>0.220386 0.887129 0.405502 -0.813742 -0.0620046 0.577909 0.537823 -0.457337 0.70823 -1.71875 3.10401 -3.14717</i>
                        <i>0.222569 0.891452 0.394685 -0.825868 -0.0427344 0.562242 0.518079 -0.451095 0.72671 -1.7055 3.0072 -3.15702</i>
                        <i>0.241813 0.893952 0.377329 -0.824388 -0.0158248 0.565804 0.511773 -0.447884 0.733136 -1.67939 2.9773 -3.17097</i>
                        <i>0.271957 0.893668 0.356927 -0.814719 0.0164331 0.579623 0.512125 -0.448428 0.732557 -1.64201 2.98666 -3.18855</i>
                        <i>0.30155 0.891259 0.33871 -0.802131 0.0451051 0.595442 0.515415 -0.451245 0.728509 -1.60274 3.01497 -3.20531</i>
                        <i>0.319999 0.888957 0.327653 -0.793528 0.0625404 0.605312 0.517604 -0.453701 0.725425 -1.57082 3.04203 -3.21696</i>
                        <i>0.328849 0.886879 0.324506 -0.78896 0.0691465 0.610541 0.519038 -0.456798 0.722451 -1.54753 3.06218 -3.22498</i>
                        <i>0.335641 0.883957 0.325523 -0.784331 0.070863 0.616282 0.521699 -0.462167 0.717099 -1.52722 3.08374 -3.23293</i>
                        <i>0.339311 0.881322 0.328846 -0.781076 0.069155 0.620595 0.524202 -0.467429 0.711844 -1.50871 3.10746 -3.2398</i>
                        <i>0.338718 0.880104 0.332696 -0.780616 0.0654626 0.621574 0.52527 -0.470246 0.709196 -1.49085 3.13408 -3.24454</i>
                        <i>0.332659 0.881414 0.335331 -0.784339 0.0611682 0.617309 0.523593 -0.468367 0.711676 -1.47247 3.16435 -3.24455</i>
                        <i>0.319998 0.886255 0.334892 -0.793528 0.0576014 0.605802 0.517604 -0.459602 0.721701 -1.45247 3.19898 -3.2375</i>
                        <i>0.299011 0.895121 0.330682 -0.809281 0.0542549 0.584911 0.505625 -0.44251 0.740627 -1.43087 3.24401 -3.22278</i>
                        <i>0.270708 0.906699 0.323442 -0.830125 0.0497379 0.555354 0.487451 -0.418836 0.766138 -1.4086 3.29945 -3.20199</i>
                        <i>0.23824 0.919259 0.313374 -0.853391 0.0441058 0.519403 0.463644 -0.391173 0.794995 -1.38592 3.35699 -3.1778</i>
                        <i>0.204578 0.931417 0.301014 -0.87669 0.0375659 0.479586 0.435387 -0.362009 0.82425 -1.36306 3.40834 -3.15297</i>
                        <i>0.172333 0.94222 0.287269 -0.898095 0.0304967 0.438743 0.404631 -0.333604 0.851458 -1.34026 3.44523 -3.13029</i>
                        <i>0.143645 0.951123 0.27337 -0.916221 0.0234094 0.39999 0.37404 -0.307923 0.874801 -1.31772 3.45937 -3.11258</i>
                    </KeyFrames>
                </p>
            </i>
            <i>
                <p>
                    <Name><![CDATA[spine1]]></Name>
                    <Exclude>0</Exclude>
                    <Additive>0</Additive>
                    <IKPriority>0</IKPriority>
                    <IKRotLimits>-1e+010 -1e+010 -1e+010 1e+010 1e+010 1e+010</IKRotLimits>
                    <IKRotLimitOrder>0</IKRotLimitOrder>
                    <KeyFrames count="49">
                        <i>0.273037 0.829774 0.486751 -0.909096 0.0570682 0.41266 0.314636 -0.555175 0.769925 -1.29291 3.62364 -3.06537</i>
                        <i>0.279795 0.82314 0.494121 -0.908366 0.0603674 0.413795 0.310783 -0.564621 0.764603 -1.27076 3.54163 -2.98536</i>
                        <i>0.292299 0.810792 0.507127 -0.907813 0.0684909 0.413745 0.300728 -0.581314 0.756067 -1.2532 3.43395 -2.97846</i>
                        <i>0.312197 0.781443 0.54026 -0.906115 0.0740535 0.4165 0.285462 -0.619567 0.731196 -1.25494 3.31613 -3.08461</i>
                        <i>0.331801 0.741476 0.583199 -0.903686 0.0724512 0.422022 0.270666 -0.667056 0.694101 -1.26445 3.22459 -3.19425</i>
                        <i>0.344811 0.694666 0.631305 -0.903938 0.0644724 0.422776 0.252986 -0.716438 0.650165 -1.27732 3.22202 -3.27567</i>
                        <i>0.349188 0.645817 0.678961 -0.909508 0.059197 0.411451 0.22553 -0.761194 0.608047 -1.2885 3.33204 -3.31396</i>
                        <i>0.343437 0.593798 0.727637 -0.9237 0.0734933 0.376002 0.169793 -0.801251 0.573731 -1.29651 3.55737 -3.30012</i>
                        <i>0.331853 0.541296 0.772575 -0.938784 0.109183 0.326748 0.0925147 -0.833713 0.544392 -1.30431 3.83851 -3.25592</i>
                        <i>0.32127 0.49712 0.806013 -0.946658 0.146127 0.287203 0.0249941 -0.855289 0.517549 -1.31386 4.08869 -3.19894</i>
                        <i>0.316684 0.466791 0.825723 -0.94853 0.156855 0.275112 -0.00109918 -0.870346 0.492439 -1.32583 4.22578 -3.15289</i>
                        <i>0.316865 0.442108 0.839129 -0.948372 0.134935 0.287023 0.0136671 -0.886754 0.462039 -1.33893 4.27316 -3.11652</i>
                        <i>0.31851 0.413995 0.852736 -0.946869 0.0966165 0.306763 0.0446102 -0.905137 0.422773 -1.35177 4.30795 -3.07359</i>
                        <i>0.322366 0.384936 0.864815 -0.94263 0.0467965 0.330542 0.0867672 -0.921756 0.377938 -1.36453 4.33109 -3.02689</i>
                        <i>0.328799 0.357653 0.874057 -0.934714 -0.00896977 0.355287 0.134909 -0.933811 0.331354 -1.37747 4.34354 -2.97938</i>
                        <i>0.337589 0.334902 0.879701 -0.923196 -0.0645787 0.378866 0.183693 -0.940037 0.287379 -1.39092 4.34638 -2.93419</i>
                        <i>0.347931 0.319229 0.881497 -0.909393 -0.113668 0.400106 0.227923 -0.940836 0.250756 -1.40522 4.34079 -2.89458</i>
                        <i>0.358608 0.312814 0.879516 -0.895731 -0.149941 0.418549 0.262803 -0.937905 0.226427 -1.42076 4.32804 -2.86384</i>
                        <i>0.368293 0.317462 0.873829 -0.885264 -0.167386 0.433924 0.284021 -0.933381 0.219391 -1.43794 4.30942 -2.84528</i>
                        <i>0.378119 0.332046 0.864159 -0.876759 -0.171216 0.44942 0.297186 -0.927594 0.226384 -1.45716 4.2817 -2.84006</i>
                        <i>0.389448 0.353262 0.850609 -0.867096 -0.170819 0.467938 0.310605 -0.919797 0.239786 -1.47831 4.24188 -2.84585</i>
                        <i>0.401486 0.379427 0.833573 -0.856519 -0.166744 0.488437 0.32432 -0.910072 0.258041 -1.50103 4.19149 -2.86053</i>
                        <i>0.413516 0.408874 0.813528 -0.845313 -0.159588 0.50988 0.338306 -0.898529 0.279634 -1.52488 4.13206 -2.88196</i>
                        <i>0.424896 0.440007 0.791111 -0.833821 -0.150004 0.531265 0.35243 -0.885377 0.303151 -1.54942 4.06513 -2.90799</i>
                        <i>0.435061 0.471364 0.767162 -0.822466 -0.138701 0.551645 0.366432 -0.870964 0.327337 -1.57411 3.99231 -2.93653</i>
                        <i>0.443529 0.501644 0.742722 -0.811755 -0.126434 0.570148 0.379916 -0.855785 0.351135 -1.59838 3.91528 -2.96555</i>
                        <i>0.449898 0.529733 0.719009 -0.802273 -0.113982 0.585975 0.392365 -0.84047 0.37371 -1.62157 3.83578 -2.99321</i>
                        <i>0.453843 0.554697 0.697379 -0.794666 -0.102132 0.598393 0.403152 -0.82576 0.394447 -1.64296 3.75563 -3.01778</i>
                        <i>0.455092 0.575753 0.679264 -0.789618 -0.0916551 0.606715 0.411576 -0.81247 0.412913 -1.66181 3.67667 -3.03775</i>
                        <i>0.44501 0.591635 0.672261 -0.796457 -0.0817263 0.599147 0.409418 -0.802053 0.434843 -1.67577 3.56319 -3.05278</i>
                        <i>0.423602 0.602712 0.676239 -0.81602 -0.0702159 0.573743 0.393285 -0.794863 0.462082 -1.68177 3.41161 -3.06346</i>
                        <i>0.403293 0.611118 0.681094 -0.836571 -0.0553879 0.545052 0.370816 -0.789599 0.488906 -1.67845 3.26643 -3.07299</i>
                        <i>0.396652 0.618191 0.678607 -0.847952 -0.0364283 0.52882 0.351632 -0.785183 0.509747 -1.66479 3.17042 -3.08482</i>
                        <i>0.411503 0.622548 0.665657 -0.84647 -0.00969588 0.532348 0.337866 -0.782522 0.522978 -1.63516 3.14097 -3.10195</i>
                        <i>0.439264 0.62295 0.647286 -0.837199 0.02256 0.546432 0.325797 -0.781936 0.531443 -1.59226 3.15028 -3.12326</i>
                        <i>0.467839 0.620373 0.629496 -0.825118 0.0513472 0.562622 0.316712 -0.782625 0.535903 -1.54757 3.17815 -3.14336</i>
                        <i>0.485732 0.617733 0.618442 -0.816837 0.0688916 0.572741 0.311196 -0.783364 0.53805 -1.51228 3.20479 -3.15703</i>
                        <i>0.494449 0.613591 0.615651 -0.812817 0.0754369 0.577614 0.307976 -0.786012 0.536037 -1.48733 3.22468 -3.16558</i>
                        <i>0.501767 0.606231 0.617021 -0.809222 0.0769723 0.58244 0.305599 -0.791555 0.529197 -1.46568 3.24596 -3.17326</i>
                        <i>0.506149 0.599074 0.620422 -0.806961 0.0751034 0.585811 0.304348 -0.797164 0.521442 -1.4464 3.26946 -3.17942</i>
                        <i>0.506038 0.595526 0.623919 -0.806915 0.0713671 0.58634 0.304653 -0.80016 0.516653 -1.42859 3.29598 -3.18341</i>
                        <i>0.499794 0.598962 0.62566 -0.809945 0.0672351 0.582639 0.306912 -0.79795 0.51873 -1.41139 3.32632 -3.18299</i>
                        <i>0.485731 0.612669 0.623459 -0.816837 0.064218 0.573283 0.311196 -0.787726 0.531643 -1.39393 3.36125 -3.17624</i>
                        <i>0.462028 0.638622 0.61538 -0.828415 0.0630383 0.556556 0.316636 -0.766934 0.55817 -1.37653 3.40678 -3.16271</i>
                        <i>0.429752 0.673943 0.600928 -0.843796 0.0628299 0.532974 0.321438 -0.736107 0.595671 -1.35986 3.4628 -3.14376</i>
                        <i>0.391787 0.714467 0.57969 -0.861122 0.0628794 0.504495 0.323995 -0.696838 0.639878 -1.34348 3.52083 -3.12198</i>
                        <i>0.351163 0.75619 0.552142 -0.878689 0.0624706 0.473289 0.323404 -0.651363 0.686394 -1.32702 3.5725 -3.09994</i>
                        <i>0.31078 0.795565 0.520088 -0.895055 0.0608334 0.441788 0.319833 -0.602806 0.73098 -1.31022 3.60951 -3.08021</i>
                        <i>0.273037 0.829774 0.486751 -0.909096 0.0570682 0.41266 0.314636 -0.555175 0.769925 -1.29291 3.62364 -3.06537</i>
                    </KeyFrames>
                </p>
            </i>
            <i>
                <p>
                    <Name><![CDATA[spine2]]></Name>
                    <Exclude>0</Exclude>
                    <Additive>0</Additive>
                    <IKPriority>0</IKPriority>
                    <IKRotLimits>-1e+010 -1e+010 -1e+010 1e+010 1e+010 1e+010</IKRotLimits>
                    <IKRotLimitOrder>0</IKRotLimitOrder>
                    <KeyFrames count="49">
                        <i>0.343113 0.666959 0.661392 -0.907507 0.0537547 0.416584 0.242291 -0.743153 0.623714 -1.24951 3.75544 -2.988</i>
                        <i>0.349439 0.655587 0.669401 -0.90691 0.0571756 0.417428 0.235387 -0.752952 0.614538 -1.22641 3.67201 -2.90705</i>
                        <i>0.358344 0.6421 0.677714 -0.906306 0.0650449 0.417587 0.224051 -0.763856 0.605248 -1.20674 3.56273 -2.89785</i>
                        <i>0.371477 0.619172 0.691831 -0.902632 0.066374 0.425264 0.217392 -0.782445 0.583541 -1.20447 3.44228 -2.99727</i>
                        <i>0.384873 0.589006 0.710595 -0.897113 0.0577729 0.438008 0.216936 -0.806061 0.55064 -1.2095 3.3471 -3.09766</i>
                        <i>0.390816 0.551354 0.73707 -0.896518 0.0465258 0.440557 0.20861 -0.832973 0.512482 -1.21884 3.33946 -3.16859</i>
                        <i>0.384625 0.506639 0.771609 -0.906382 0.0490456 0.419602 0.174743 -0.860762 0.478073 -1.22841 3.44277 -3.19707</i>
                        <i>0.357934 0.451278 0.817454 -0.930148 0.0955276 0.354542 0.0819074 -0.887256 0.453947 -1.23749 3.65914 -3.17489</i>
                        <i>0.31664 0.392285 0.863627 -0.946858 0.185004 0.263122 -0.0565554 -0.901047 0.430018 -1.24795 3.93035 -3.12431</i>
                        <i>0.278386 0.342422 0.897356 -0.942893 0.275352 0.187441 -0.182905 -0.898292 0.399522 -1.26004 4.17204 -3.06329</i>
                        <i>0.260237 0.307292 0.915341 -0.935891 0.313421 0.16086 -0.237456 -0.89852 0.369156 -1.27316 4.30353 -3.01487</i>
                        <i>0.261105 0.276138 0.924971 -0.939759 0.291722 0.17819 -0.22063 -0.915776 0.335673 -1.28628 4.34671 -2.97641</i>
                        <i>0.268888 0.239561 0.932904 -0.946902 0.24302 0.210517 -0.176282 -0.939974 0.292186 -1.2988 4.37682 -2.93118</i>
                        <i>0.283078 0.201635 0.937662 -0.952436 0.174118 0.250096 -0.112835 -0.96386 0.241334 -1.31082 4.39517 -2.88231</i>
                        <i>0.302551 0.166542 0.93847 -0.952322 0.0934349 0.290436 -0.0393162 -0.981598 0.18687 -1.32255 4.40315 -2.83302</i>
                        <i>0.325326 0.138007 0.935477 -0.944959 0.0109671 0.327005 0.0348694 -0.990371 0.133978 -1.33437 4.40228 -2.78662</i>
                        <i>0.348683 0.118875 0.929671 -0.931825 -0.0625118 0.357484 0.100611 -0.990939 0.0889735 -1.34679 4.39415 -2.74646</i>
                        <i>0.369524 0.111008 0.922567 -0.917079 -0.116411 0.381333 0.149728 -0.986978 0.0587864 -1.36044 4.38039 -2.71587</i>
                        <i>0.384784 0.115615 0.915737 -0.906251 -0.140862 0.398582 0.175074 -0.983255 0.0505747 -1.37594 4.36258 -2.69819</i>
                        <i>0.397381 0.130914 0.908268 -0.898559 -0.145349 0.414083 0.186225 -0.980681 0.0598749 -1.3935 4.33731 -2.6946</i>
                        <i>0.411543 0.153268 0.89841 -0.889766 -0.145894 0.432472 0.197357 -0.977356 0.076331 -1.41275 4.30106 -2.70266</i>
                        <i>0.426493 0.180994 0.886197 -0.880093 -0.142988 0.452759 0.208662 -0.973034 0.0983079 -1.43343 4.25508 -2.7202</i>
                        <i>0.441513 0.212413 0.871749 -0.869801 -0.137173 0.473951 0.220254 -0.967504 0.124193 -1.45526 4.20061 -2.745</i>
                        <i>0.455936 0.245899 0.855369 -0.85921 -0.129047 0.495081 0.232122 -0.960667 0.152442 -1.47788 4.13892 -2.7748</i>
                        <i>0.469141 0.279923 0.837586 -0.848714 -0.119259 0.51523 0.244114 -0.952586 0.181625 -1.50086 4.07138 -2.80735</i>
                        <i>0.480556 0.313084 0.819173 -0.83879 -0.108504 0.533533 0.255924 -0.943507 0.21047 -1.5237 3.99945 -2.84048</i>
                        <i>0.489661 0.344136 0.801126 -0.829991 -0.0975045 0.549189 0.267109 -0.933843 0.237886 -1.54581 3.92468 -2.87212</i>
                        <i>0.495988 0.371985 0.784617 -0.822928 -0.0869887 0.561447 0.277103 -0.924154 0.262971 -1.56653 3.84873 -2.90033</i>
                        <i>0.499102 0.39567 0.770936 -0.818247 -0.0776711 0.569595 0.285251 -0.915102 0.28499 -1.58517 3.77332 -2.92334</i>
                        <i>0.488544 0.413691 0.768235 -0.82469 -0.0686343 0.561405 0.284975 -0.907827 0.307636 -1.60083 3.66251 -2.93954</i>
                        <i>0.463599 0.426415 0.776689 -0.842963 -0.0577488 0.534863 0.272927 -0.902682 0.33268 -1.61044 3.5128 -2.94955</i>
                        <i>0.438412 0.436261 0.785794 -0.862012 -0.0433948 0.505028 0.254423 -0.898773 0.357037 -1.61054 3.36904 -2.95825</i>
                        <i>0.427607 0.444784 0.786969 -0.872441 -0.0248413 0.488089 0.236643 -0.895293 0.377425 -1.598 3.27421 -2.9705</i>
                        <i>0.439411 0.450585 0.777104 -0.870879 0.00162516 0.491494 0.220197 -0.892732 0.393119 -1.56587 3.2455 -2.9898</i>
                        <i>0.464484 0.452303 0.761365 -0.861994 0.0338078 0.50579 0.20303 -0.891223 0.405585 -1.51831 3.25488 -3.0142</i>
                        <i>0.491061 0.450717 0.745462 -0.85044 0.0626648 0.522326 0.188707 -0.890465 0.41408 -1.46881 3.28232 -3.03729</i>
                        <i>0.507765 0.44864 0.735457 -0.842497 0.0802963 0.532684 0.179929 -0.890098 0.418749 -1.43052 3.30852 -3.05283</i>
                        <i>0.515312 0.444804 0.732532 -0.838936 0.0872385 0.537192 0.17504 -0.891369 0.418117 -1.40404 3.32778 -3.06177</i>
                        <i>0.521077 0.437664 0.732755 -0.836174 0.0896155 0.541094 0.171151 -0.894661 0.41266 -1.38102 3.34798 -3.06905</i>
                        <i>0.524153 0.430586 0.734751 -0.834702 0.0886117 0.543526 0.168927 -0.898189 0.405857 -1.36086 3.37042 -3.07446</i>
                        <i>0.523628 0.426876 0.737285 -0.834983 0.0853086 0.543622 0.169163 -0.900277 0.401105 -1.34301 3.39642 -3.07779</i>
                        <i>0.518515 0.429804 0.739196 -0.837457 0.080715 0.54051 0.172649 -0.899308 0.401794 -1.32696 3.42724 -3.07718</i>
                        <i>0.507765 0.442627 0.739092 -0.842497 0.0759491 0.533321 0.179929 -0.893484 0.411476 -1.31216 3.46412 -3.07119</i>
                        <i>0.490314 0.467449 0.735584 -0.850497 0.0722588 0.520992 0.190385 -0.881062 0.432994 -1.29928 3.51332 -3.05972</i>
                        <i>0.466769 0.501915 0.728154 -0.860961 0.0696721 0.503877 0.202172 -0.862106 0.46465 -1.28866 3.57425 -3.04412</i>
                        <i>0.438698 0.542543 0.716373 -0.872844 0.0676469 0.483287 0.213744 -0.8373 0.503232 -1.27926 3.63778 -3.02689</i>
                        <i>0.407749 0.585819 0.700398 -0.885159 0.065314 0.460681 0.22413 -0.807806 0.545175 -1.27009 3.69496 -3.01037</i>
                        <i>0.375473 0.628337 0.681331 -0.896992 0.0613173 0.437773 0.233292 -0.775521 0.586636 -1.26036 3.73703 -2.99675</i>
                        <i>0.343113 0.666959 0.661392 -0.907507 0.0537547 0.416584 0.242291 -0.743153 0.623714 -1.24951 3.75544 -2.988</i>
                    </KeyFrames>
                </p>
            </i>
            <i>
                <p>
                    <Name><![CDATA[head]]></Name>
                    <Exclude>0</Exclude>
                    <Additive>0</Additive>
                    <IKPriority>0</IKPriority>
                    <IKRotLimits>-1e+010 -1e+010 -1e+010 1e+010 1e+010 1e+010</IKRotLimits>
                    <IKRotLimitOrder>0</IKRotLimitOrder>
                    <KeyFrames count="49">
                        <i>0.171271 0.944163 0.281465 -0.3748 0.326646 -0.867656 -0.911148 0.0431111 0.409817 -1.16494 3.93469 -2.82291</i>
                        <i>0.183432 0.933714 0.307458 -0.374372 0.355548 -0.856406 -0.908955 0.0419885 0.414775 -1.14013 3.84784 -2.73966</i>
                        <i>0.193447 0.932596 0.304702 -0.36623 0.35676 -0.859417 -0.910194 0.0546609 0.410559 -1.11807 3.7358 -2.72837</i>
                        <i>0.193142 0.948953 0.249369 -0.347809 0.303867 -0.886957 -0.917456 0.0845758 0.388744 -1.1122 3.61287 -2.82455</i>
                        <i>0.191351 0.964656 0.181171 -0.327854 0.236798 -0.91457 -0.925147 0.115607 0.361578 -1.11327 3.51406 -2.92003</i>
                        <i>0.193758 0.972774 0.127153 -0.307998 0.183373 -0.933548 -0.931448 0.141719 0.335142 -1.12036 3.50024 -2.98328</i>
                        <i>0.20543 0.972606 0.108795 -0.289187 0.166528 -0.942677 -0.93497 0.162191 0.315475 -1.131 3.59405 -3.00152</i>
                        <i>0.235957 0.961971 0.13761 -0.263678 0.199675 -0.943718 -0.935306 0.186393 0.300765 -1.14681 3.79644 -2.96619</i>
                        <i>0.281916 0.939135 0.19634 -0.231189 0.265104 -0.936094 -0.931169 0.218508 0.291855 -1.16791 4.05157 -2.9028</i>
                        <i>0.322972 0.909694 0.261046 -0.203852 0.336222 -0.919456 -0.924194 0.243743 0.294033 -1.18982 4.27905 -2.83264</i>
                        <i>0.33703 0.891455 0.302851 -0.198928 0.381835 -0.902568 -0.920238 0.243947 0.306025 -1.20766 4.40059 -2.7792</i>
                        <i>0.322974 0.888705 0.325408 -0.218908 0.404661 -0.887879 -0.920743 0.215528 0.325239 -1.22079 4.43549 -2.7376</i>
                        <i>0.296437 0.888302 0.350779 -0.249985 0.426651 -0.869182 -0.921755 0.169968 0.348537 -1.23163 4.45602 -2.68948</i>
                        <i>0.261836 0.888268 0.377388 -0.288215 0.445154 -0.847803 -0.921072 0.113217 0.372569 -1.24035 4.46445 -2.6384</i>
                        <i>0.223795 0.887262 0.403338 -0.329515 0.458345 -0.825433 -0.917243 0.051822 0.394942 -1.24739 4.46323 -2.58792</i>
                        <i>0.186923 0.885119 0.426174 -0.369866 0.465308 -0.804169 -0.910087 -0.00730921 0.414352 -1.25362 4.45483 -2.5414</i>
                        <i>0.155506 0.882982 0.4429 -0.405455 0.465899 -0.786476 -0.900791 -0.0572746 0.43046 -1.26023 4.4416 -2.50201</i>
                        <i>0.133295 0.882964 0.450119 -0.432755 0.460441 -0.775059 -0.891603 -0.0914796 0.443481 -1.26865 4.42568 -2.4728</i>
                        <i>0.123583 0.887378 0.444171 -0.448517 0.449223 -0.772678 -0.885189 -0.103728 0.45352 -1.28034 4.40901 -2.45677</i>
                        <i>0.121574 0.895978 0.427133 -0.459597 0.432229 -0.775854 -0.879767 -0.101985 0.464337 -1.29475 4.38772 -2.45526</i>
                        <i>0.119984 0.906694 0.404363 -0.474237 0.410175 -0.779009 -0.872183 -0.0982957 0.479202 -1.31043 4.3573 -2.46613</i>
                        <i>0.118338 0.918612 0.377025 -0.491473 0.384108 -0.78161 -0.862815 -0.0928037 0.496928 -1.32733 4.31855 -2.4872</i>
                        <i>0.116282 0.930882 0.346319 -0.51034 0.355133 -0.78322 -0.852075 -0.0856655 0.516362 -1.34537 4.27227 -2.51616</i>
                        <i>0.113587 0.942779 0.313474 -0.529856 0.324384 -0.783599 -0.840446 -0.0770894 0.536383 -1.36435 4.21931 -2.55068</i>
                        <i>0.110144 0.953741 0.279727 -0.549022 0.292988 -0.782773 -0.828519 -0.067358 0.555895 -1.38403 4.16062 -2.58834</i>
                        <i>0.105966 0.963386 0.24629 -0.566819 0.262025 -0.781063 -0.816999 -0.0568355 0.573831 -1.40403 4.0973 -2.62675</i>
                        <i>0.101174 0.971509 0.214324 -0.582224 0.232505 -0.779075 -0.806709 -0.0459621 0.589159 -1.4239 4.03058 -2.66354</i>
                        <i>0.0959868 0.978055 0.184919 -0.594205 0.205346 -0.777659 -0.798566 -0.0352345 0.600876 -1.44311 3.96183 -2.69648</i>
                        <i>0.0906974 0.98309 0.159086 -0.60172 0.181384 -0.777838 -0.793541 -0.0251771 0.607996 -1.46105 3.89253 -2.72343</i>
                        <i>0.0854322 0.986556 0.139312 -0.593048 0.162708 -0.788556 -0.800622 -0.0152508 0.598976 -1.47951 3.78637 -2.74075</i>
                        <i>0.0826176 0.988728 0.124864 -0.566293 0.149675 -0.810499 -0.820053 -0.00374829 0.572276 -1.49553 3.63995 -2.74903</i>
                        <i>0.0850616 0.990112 0.111546 -0.535754 0.13984 -0.832714 -0.840078 0.0110709 0.542352 -1.50201 3.49877 -2.75584</i>
                        <i>0.0943989 0.990863 0.0963259 -0.517228 0.131489 -0.845686 -0.850625 0.0300093 0.524915 -1.49205 3.40618 -2.76817</i>
                        <i>0.114504 0.990385 0.0776269 -0.517752 0.126183 -0.846174 -0.847834 0.0566986 0.527222 -1.45654 3.37904 -2.79032</i>
                        <i>0.142155 0.988163 0.0576776 -0.528603 0.12505 -0.839608 -0.836882 0.0888657 0.540122 -1.40206 3.38894 -2.81903</i>
                        <i>0.168128 0.984921 0.0407928 -0.542197 0.126956 -0.830605 -0.823259 0.117531 0.555365 -1.3453 3.41604 -2.84639</i>
                        <i>0.184226 0.982403 0.0307319 -0.550842 0.129091 -0.824566 -0.814023 0.134978 0.564931 -1.30243 3.44173 -2.86461</i>
                        <i>0.189906 0.981495 0.0245683 -0.555572 0.12806 -0.821547 -0.809491 0.142367 0.569611 -1.27387 3.46011 -2.87426</i>
                        <i>0.190899 0.981435 0.0185058 -0.561081 0.124566 -0.818335 -0.805448 0.145836 0.574444 -1.24927 3.47868 -2.88129</i>
                        <i>0.189024 0.981862 0.0146969 -0.565344 0.121051 -0.815925 -0.802905 0.14592 0.577972 -1.22827 3.49951 -2.88596</i>
                        <i>0.186135 0.982405 0.0153156 -0.56636 0.120019 -0.815373 -0.802864 0.143095 0.578734 -1.21056 3.52463 -2.88849</i>
                        <i>0.184016 0.982664 0.0225825 -0.562167 0.124063 -0.817665 -0.806292 0.137768 0.575251 -1.19592 3.55607 -2.88747</i>
                        <i>0.184226 0.98212 0.0387432 -0.550842 0.135812 -0.823486 -0.814023 0.130366 0.566013 -1.18408 3.59579 -2.8819</i>
                        <i>0.187353 0.980107 0.0654814 -0.530848 0.157113 -0.832776 -0.826498 0.121263 0.549724 -1.17593 3.65048 -2.87209</i>
                        <i>0.191316 0.976283 0.101336 -0.503458 0.186235 -0.84371 -0.842572 0.110397 0.527148 -1.17161 3.71893 -2.85937</i>
                        <i>0.193535 0.970513 0.143697 -0.471165 0.220412 -0.854062 -0.860551 0.097586 0.49993 -1.16964 3.79118 -2.84616</i>
                        <i>0.191852 0.9629 0.189779 -0.436807 0.256939 -0.86208 -0.878858 0.0824947 0.469896 -1.16861 3.85749 -2.83457</i>
                        <i>0.184719 0.953869 0.236672 -0.403563 0.293196 -0.866702 -0.896111 0.0645847 0.439105 -1.16732 3.90839 -2.82637</i>
                        <i>0.171271 0.944163 0.281465 -0.3748 0.326646 -0.867656 -0.911148 0.0431111 0.409817 -1.16494 3.93469 -2.82291</i>
                    </KeyFrames>
                </p>
            </i>
            <i>
                <p>
                    <Name><![CDATA[head_prop]]></Name>
                    <Exclude>0</Exclude>
                    <Additive>0</Additive>
                    <IKPriority>0</IKPriority>
                    <IKRotLimits>-1e+010 -1e+010 -1e+010 1e+010 1e+010 1e+010</IKRotLimits>
                    <IKRotLimitOrder>0</IKRotLimitOrder>
                    <KeyFrames count="49">
                        <i>0.911148 -0.0431111 -0.409817 0.171271 0.944163 0.281465 0.3748 -0.326646 0.867656 -1.10912 4.2424 -2.73118</i>
                        <i>0.908955 -0.0419885 -0.414775 0.183432 0.933714 0.307458 0.374372 -0.355548 0.856406 -1.08035 4.15214 -2.63946</i>
                        <i>0.910194 -0.0546609 -0.410559 0.193447 0.932596 0.304702 0.36623 -0.35676 0.859417 -1.05502 4.03974 -2.62907</i>
                        <i>0.917456 -0.0845758 -0.388744 0.193142 0.948953 0.249369 0.347809 -0.303867 0.886957 -1.04926 3.92214 -2.74328</i>
                        <i>0.925147 -0.115607 -0.361578 0.191351 0.964656 0.181171 0.327854 -0.236798 0.91457 -1.05091 3.82845 -2.86098</i>
                        <i>0.931448 -0.141719 -0.335142 0.193758 0.972774 0.127153 0.307998 -0.183373 0.933548 -1.05722 3.81728 -2.94184</i>
                        <i>0.93497 -0.162191 -0.315475 0.20543 0.972606 0.108795 0.289187 -0.166528 0.942677 -1.06405 3.91103 -2.96606</i>
                        <i>0.935306 -0.186393 -0.300765 0.235957 0.961971 0.13761 0.263678 -0.199675 0.943718 -1.07107 4.10428 -2.91929</i>
                        <i>0.931169 -0.218508 -0.291855 0.281916 0.939135 0.19634 0.231189 -0.265104 0.936094 -1.08002 4.34241 -2.83428</i>
                        <i>0.924194 -0.243743 -0.294033 0.322972 0.909694 0.261046 0.203852 -0.336222 0.919456 -1.08992 4.55833 -2.74366</i>
                        <i>0.920238 -0.243947 -0.306025 0.33703 0.891455 0.302851 0.198928 -0.381835 0.902568 -1.09782 4.69112 -2.6805</i>
                        <i>0.920743 -0.215528 -0.325239 0.322974 0.888705 0.325408 0.218908 -0.404661 0.887879 -1.10381 4.76431 -2.63769</i>
                        <i>0.921755 -0.169968 -0.348537 0.296437 0.888302 0.350779 0.249985 -0.426651 0.869182 -1.11141 4.83799 -2.58689</i>
                        <i>0.921072 -0.113217 -0.372569 0.261836 0.888268 0.377388 0.288215 -0.445154 0.847803 -1.12367 4.90892 -2.53006</i>
                        <i>0.917243 -0.051822 -0.394942 0.223795 0.887262 0.403338 0.329515 -0.458345 0.825433 -1.14213 4.97327 -2.47024</i>
                        <i>0.910087 0.00730921 -0.414352 0.186923 0.885119 0.426174 0.369866 -0.465308 0.804169 -1.16621 5.02704 -2.41195</i>
                        <i>0.900791 0.0572746 -0.43046 0.155506 0.882982 0.4429 0.405455 -0.465899 0.786476 -1.19328 5.06658 -2.36126</i>
