<?xml version="1.0" encoding="ISO-8859-1" ?>
<Animl Version="1">
    <ModellingPackage>
        <![CDATA[Maya.2010]]>
</ModellingPackage>
    <SrcFile>
        <![CDATA[anims\turrets\antiair\blue\~src\aa_chaparral\aa_chaparral_idle_crewman_b.mb]]>
</SrcFile>
    <FramesPerSecond>30</FramesPerSecond>
    <TotalFrames>97</TotalFrames>
    <Skeleton>
        <RefFrame>
            <Name>
                <![CDATA[soldier_ref_frame]]>
</Name>
            <Exclude>0</Exclude>
            <Additive>0</Additive>
            <IKPriority>0</IKPriority>
            <IKRotLimits>-1e+010 -1e+010 -1e+010 1e+010 1e+010 1e+010</IKRotLimits>
            <IKRotLimitOrder>0</IKRotLimitOrder>
            <KeyFrames count="97">
                <i>1 0 0 0 1 0 0 0 1 -3.39 2.17 -1.86</i>
                <i>1 0 0 0 1 0 0 0 1 -3.39 2.17 -1.86</i>
                <i>1 0 0 0 1 0 0 0 1 -3.39 2.17 -1.86</i>
                <i>1 0 0 0 1 0 0 0 1 -3.39 2.17 -1.86</i>
                <i>1 0 0 0 1 0 0 0 1 -3.39 2.17 -1.86</i>
                <i>1 0 0 0 1 0 0 0 1 -3.39 2.17 -1.86</i>
                <i>1 0 0 0 1 0 0 0 1 -3.39 2.17 -1.86</i>
                <i>1 0 0 0 1 0 0 0 1 -3.39 2.17 -1.86</i>
                <i>1 0 0 0 1 0 0 0 1 -3.39 2.17 -1.86</i>
                <i>1 0 0 0 1 0 0 0 1 -3.39 2.17 -1.86</i>
                <i>1 0 0 0 1 0 0 0 1 -3.39 2.17 -1.86</i>
                <i>1 0 0 0 1 0 0 0 1 -3.39 2.17 -1.86</i>
                <i>1 0 0 0 1 0 0 0 1 -3.39 2.17 -1.86</i>
                <i>1 0 0 0 1 0 0 0 1 -3.39 2.17 -1.86</i>
                <i>1 0 0 0 1 0 0 0 1 -3.39 2.17 -1.86</i>
                <i>1 0 0 0 1 0 0 0 1 -3.39 2.17 -1.86</i>
                <i>1 0 0 0 1 0 0 0 1 -3.39 2.17 -1.86</i>
                <i>1 0 0 0 1 0 0 0 1 -3.39 2.17 -1.86</i>
                <i>1 0 0 0 1 0 0 0 1 -3.39 2.17 -1.86</i>
                <i>1 0 0 0 1 0 0 0 1 -3.39 2.17 -1.86</i>
                <i>1 0 0 0 1 0 0 0 1 -3.39 2.17 -1.86</i>
                <i>1 0 0 0 1 0 0 0 1 -3.39 2.17 -1.86</i>
                <i>1 0 0 0 1 0 0 0 1 -3.39 2.17 -1.86</i>
                <i>1 0 0 0 1 0 0 0 1 -3.39 2.17 -1.86</i>
                <i>1 0 0 0 1 0 0 0 1 -3.39 2.17 -1.86</i>
                <i>1 0 0 0 1 0 0 0 1 -3.39 2.17 -1.86</i>
                <i>1 0 0 0 1 0 0 0 1 -3.39 2.17 -1.86</i>
                <i>1 0 0 0 1 0 0 0 1 -3.39 2.17 -1.86</i>
                <i>1 0 0 0 1 0 0 0 1 -3.39 2.17 -1.86</i>
                <i>1 0 0 0 1 0 0 0 1 -3.39 2.17 -1.86</i>
                <i>1 0 0 0 1 0 0 0 1 -3.39 2.17 -1.86</i>
                <i>1 0 0 0 1 0 0 0 1 -3.39 2.17 -1.86</i>
                <i>1 0 0 0 1 0 0 0 1 -3.39 2.17 -1.86</i>
                <i>1 0 0 0 1 0 0 0 1 -3.39 2.17 -1.86</i>
                <i>1 0 0 0 1 0 0 0 1 -3.39 2.17 -1.86</i>
                <i>1 0 0 0 1 0 0 0 1 -3.39 2.17 -1.86</i>
                <i>1 0 0 0 1 0 0 0 1 -3.39 2.17 -1.86</i>
                <i>1 0 0 0 1 0 0 0 1 -3.39 2.17 -1.86</i>
                <i>1 0 0 0 1 0 0 0 1 -3.39 2.17 -1.86</i>
                <i>1 0 0 0 1 0 0 0 1 -3.39 2.17 -1.86</i>
                <i>1 0 0 0 1 0 0 0 1 -3.39 2.17 -1.86</i>
                <i>1 0 0 0 1 0 0 0 1 -3.39 2.17 -1.86</i>
                <i>1 0 0 0 1 0 0 0 1 -3.39 2.17 -1.86</i>
                <i>1 0 0 0 1 0 0 0 1 -3.39 2.17 -1.86</i>
                <i>1 0 0 0 1 0 0 0 1 -3.39 2.17 -1.86</i>
                <i>1 0 0 0 1 0 0 0 1 -3.39 2.17 -1.86</i>
                <i>1 0 0 0 1 0 0 0 1 -3.39 2.17 -1.86</i>
                <i>1 0 0 0 1 0 0 0 1 -3.39 2.17 -1.86</i>
                <i>1 0 0 0 1 0 0 0 1 -3.39 2.17 -1.86</i>
                <i>1 0 0 0 1 0 0 0 1 -3.39 2.17 -1.86</i>
                <i>1 0 0 0 1 0 0 0 1 -3.39 2.17 -1.86</i>
                <i>1 0 0 0 1 0 0 0 1 -3.39 2.17 -1.86</i>
                <i>1 0 0 0 1 0 0 0 1 -3.39 2.17 -1.86</i>
                <i>1 0 0 0 1 0 0 0 1 -3.39 2.17 -1.86</i>
                <i>1 0 0 0 1 0 0 0 1 -3.39 2.17 -1.86</i>
                <i>1 0 0 0 1 0 0 0 1 -3.39 2.17 -1.86</i>
                <i>1 0 0 0 1 0 0 0 1 -3.39 2.17 -1.86</i>
                <i>1 0 0 0 1 0 0 0 1 -3.39 2.17 -1.86</i>
                <i>1 0 0 0 1 0 0 0 1 -3.39 2.17 -1.86</i>
                <i>1 0 0 0 1 0 0 0 1 -3.39 2.17 -1.86</i>
                <i>1 0 0 0 1 0 0 0 1 -3.39 2.17 -1.86</i>
                <i>1 0 0 0 1 0 0 0 1 -3.39 2.17 -1.86</i>
                <i>1 0 0 0 1 0 0 0 1 -3.39 2.17 -1.86</i>
                <i>1 0 0 0 1 0 0 0 1 -3.39 2.17 -1.86</i>
                <i>1 0 0 0 1 0 0 0 1 -3.39 2.17 -1.86</i>
                <i>1 0 0 0 1 0 0 0 1 -3.39 2.17 -1.86</i>
                <i>1 0 0 0 1 0 0 0 1 -3.39 2.17 -1.86</i>
                <i>1 0 0 0 1 0 0 0 1 -3.39 2.17 -1.86</i>
                <i>1 0 0 0 1 0 0 0 1 -3.39 2.17 -1.86</i>
                <i>1 0 0 0 1 0 0 0 1 -3.39 2.17 -1.86</i>
                <i>1 0 0 0 1 0 0 0 1 -3.39 2.17 -1.86</i>
                <i>1 0 0 0 1 0 0 0 1 -3.39 2.17 -1.86</i>
                <i>1 0 0 0 1 0 0 0 1 -3.39 2.17 -1.86</i>
                <i>1 0 0 0 1 0 0 0 1 -3.39 2.17 -1.86</i>
                <i>1 0 0 0 1 0 0 0 1 -3.39 2.17 -1.86</i>
                <i>1 0 0 0 1 0 0 0 1 -3.39 2.17 -1.86</i>
                <i>1 0 0 0 1 0 0 0 1 -3.39 2.17 -1.86</i>
                <i>1 0 0 0 1 0 0 0 1 -3.39 2.17 -1.86</i>
                <i>1 0 0 0 1 0 0 0 1 -3.39 2.17 -1.86</i>
                <i>1 0 0 0 1 0 0 0 1 -3.39 2.17 -1.86</i>
                <i>1 0 0 0 1 0 0 0 1 -3.39 2.17 -1.86</i>
                <i>1 0 0 0 1 0 0 0 1 -3.39 2.17 -1.86</i>
                <i>1 0 0 0 1 0 0 0 1 -3.39 2.17 -1.86</i>
                <i>1 0 0 0 1 0 0 0 1 -3.39 2.17 -1.86</i>
                <i>1 0 0 0 1 0 0 0 1 -3.39 2.17 -1.86</i>
                <i>1 0 0 0 1 0 0 0 1 -3.39 2.17 -1.86</i>
                <i>1 0 0 0 1 0 0 0 1 -3.39 2.17 -1.86</i>
                <i>1 0 0 0 1 0 0 0 1 -3.39 2.17 -1.86</i>
                <i>1 0 0 0 1 0 0 0 1 -3.39 2.17 -1.86</i>
                <i>1 0 0 0 1 0 0 0 1 -3.39 2.17 -1.86</i>
                <i>1 0 0 0 1 0 0 0 1 -3.39 2.17 -1.86</i>
                <i>1 0 0 0 1 0 0 0 1 -3.39 2.17 -1.86</i>
                <i>1 0 0 0 1 0 0 0 1 -3.39 2.17 -1.86</i>
                <i>1 0 0 0 1 0 0 0 1 -3.39 2.17 -1.86</i>
                <i>1 0 0 0 1 0 0 0 1 -3.39 2.17 -1.86</i>
                <i>1 0 0 0 1 0 0 0 1 -3.39 2.17 -1.86</i>
                <i>1 0 0 0 1 0 0 0 1 -3.39 2.17 -1.86</i>
            </KeyFrames>
        </RefFrame>
        <Bones count="23">
            <i>
                <p>
                    <Name>
                        <![CDATA[pelvis]]>
</Name>
                    <Exclude>0</Exclude>
                    <Additive>0</Additive>
                    <IKPriority>0</IKPriority>
                    <IKRotLimits>-1e+010 -1e+010 -1e+010 1e+010 1e+010 1e+010</IKRotLimits>
                    <IKRotLimitOrder>2</IKRotLimitOrder>
                    <KeyFrames count="97">
                        <i>1 0 0 0 1 0 0 0 1 -3.34236 3.29566 -1.77661</i>
                        <i>1 0 0 0 1 0 0 0 1 -3.34236 3.2952 -1.77661</i>
                        <i>1 0 0 0 1 0 0 0 1 -3.34236 3.29472 -1.77661</i>
                        <i>1 0 0 0 1 0 0 0 1 -3.34236 3.29422 -1.77661</i>
                        <i>1 0 0 0 1 0 0 0 1 -3.34236 3.29372 -1.77661</i>
                        <i>1 0 0 0 1 0 0 0 1 -3.34236 3.29321 -1.77661</i>
                        <i>1 0 0 0 1 0 0 0 1 -3.34236 3.29272 -1.77661</i>
                        <i>1 0 0 0 1 0 0 0 1 -3.34236 3.29224 -1.77661</i>
                        <i>1 0 0 0 1 0 0 0 1 -3.34236 3.29177 -1.77661</i>
                        <i>1 0 0 0 1 0 0 0 1 -3.34236 3.29134 -1.77661</i>
                        <i>1 0 0 0 1 0 0 0 1 -3.34236 3.29094 -1.77661</i>
                        <i>1 0 0 0 1 0 0 0 1 -3.34236 3.29059 -1.77661</i>
                        <i>1 0 0 0 1 0 0 0 1 -3.34236 3.29028 -1.77661</i>
                        <i>1 0 0 0 1 0 0 0 1 -3.34236 3.29003 -1.77661</i>
                        <i>1 0 0 0 1 0 0 0 1 -3.34236 3.28984 -1.77661</i>
                        <i>1 0 0 0 1 0 0 0 1 -3.34236 3.28972 -1.77661</i>
                        <i>1 0 0 0 1 0 0 0 1 -3.34236 3.28968 -1.77661</i>
                        <i>1 0 0 0 1 0 0 0 1 -3.34236 3.28972 -1.77661</i>
                        <i>1 0 0 0 1 0 0 0 1 -3.34236 3.28984 -1.77661</i>
                        <i>1 0 0 0 1 0 0 0 1 -3.34236 3.29003 -1.77661</i>
                        <i>1 0 0 0 1 0 0 0 1 -3.34236 3.29028 -1.77661</i>
                        <i>1 0 0 0 1 0 0 0 1 -3.34236 3.29059 -1.77661</i>
                        <i>1 0 0 0 1 0 0 0 1 -3.34236 3.29094 -1.77661</i>
                        <i>1 0 0 0 1 0 0 0 1 -3.34236 3.29134 -1.77661</i>
                        <i>1 0 0 0 1 0 0 0 1 -3.34236 3.29177 -1.77661</i>
                        <i>1 0 0 0 1 0 0 0 1 -3.34236 3.29224 -1.77661</i>
                        <i>1 0 0 0 1 0 0 0 1 -3.34236 3.29272 -1.77661</i>
                        <i>1 0 0 0 1 0 0 0 1 -3.34236 3.29321 -1.77661</i>
                        <i>1 0 0 0 1 0 0 0 1 -3.34236 3.29372 -1.77661</i>
                        <i>1 0 0 0 1 0 0 0 1 -3.34236 3.29422 -1.77661</i>
                        <i>1 0 0 0 1 0 0 0 1 -3.34236 3.29472 -1.77661</i>
                        <i>1 0 0 0 1 0 0 0 1 -3.34236 3.2952 -1.77661</i>
                        <i>1 0 0 0 1 0 0 0 1 -3.34236 3.29566 -1.77661</i>
                        <i>1 0 0 0 1 0 0 0 1 -3.34236 3.29609 -1.77661</i>
                        <i>1 0 0 0 1 0 0 0 1 -3.34236 3.29649 -1.77661</i>
                        <i>1 0 0 0 1 0 0 0 1 -3.34236 3.29685 -1.77661</i>
                        <i>1 0 0 0 1 0 0 0 1 -3.34236 3.29715 -1.77661</i>
                        <i>1 0 0 0 1 0 0 0 1 -3.34236 3.2974 -1.77661</i>
                        <i>1 0 0 0 1 0 0 0 1 -3.34236 3.29759 -1.77661</i>
                        <i>1 0 0 0 1 0 0 0 1 -3.34236 3.29771 -1.77661</i>
                        <i>1 0 0 0 1 0 0 0 1 -3.34236 3.29775 -1.77661</i>
                        <i>1 0 0 0 1 0 0 0 1 -3.34236 3.29771 -1.77661</i>
                        <i>1 0 0 0 1 0 0 0 1 -3.34236 3.29759 -1.77661</i>
                        <i>1 0 0 0 1 0 0 0 1 -3.34236 3.2974 -1.77661</i>
                        <i>1 0 0 0 1 0 0 0 1 -3.34236 3.29715 -1.77661</i>
                        <i>1 0 0 0 1 0 0 0 1 -3.34236 3.29685 -1.77661</i>
                        <i>1 0 0 0 1 0 0 0 1 -3.34236 3.29649 -1.77661</i>
                        <i>1 0 0 0 1 0 0 0 1 -3.34236 3.29609 -1.77661</i>
                        <i>1 0 0 0 1 0 0 0 1 -3.34236 3.29566 -1.77661</i>
                        <i>1 0 0 0 1 0 0 0 1 -3.34236 3.2952 -1.77661</i>
                        <i>1 0 0 0 1 0 0 0 1 -3.34236 3.29472 -1.77661</i>
                        <i>1 0 0 0 1 0 0 0 1 -3.34236 3.29422 -1.77661</i>
                        <i>1 0 0 0 1 0 0 0 1 -3.34236 3.29372 -1.77661</i>
                        <i>1 0 0 0 1 0 0 0 1 -3.34236 3.29321 -1.77661</i>
                        <i>1 0 0 0 1 0 0 0 1 -3.34236 3.29272 -1.77661</i>
                        <i>1 0 0 0 1 0 0 0 1 -3.34236 3.29224 -1.77661</i>
                        <i>1 0 0 0 1 0 0 0 1 -3.34236 3.29177 -1.77661</i>
                        <i>1 0 0 0 1 0 0 0 1 -3.34236 3.29134 -1.77661</i>
                        <i>1 0 0 0 1 0 0 0 1 -3.34236 3.29094 -1.77661</i>
                        <i>1 0 0 0 1 0 0 0 1 -3.34236 3.29059 -1.77661</i>
                        <i>1 0 0 0 1 0 0 0 1 -3.34236 3.29028 -1.77661</i>
                        <i>1 0 0 0 1 0 0 0 1 -3.34236 3.29003 -1.77661</i>
                        <i>1 0 0 0 1 0 0 0 1 -3.34236 3.28984 -1.77661</i>
                        <i>1 0 0 0 1 0 0 0 1 -3.34236 3.28972 -1.77661</i>
                        <i>1 0 0 0 1 0 0 0 1 -3.34236 3.28968 -1.77661</i>
                        <i>1 0 0 0 1 0 0 0 1 -3.34236 3.28972 -1.77661</i>
                        <i>1 0 0 0 1 0 0 0 1 -3.34236 3.28984 -1.77661</i>
                        <i>1 0 0 0 1 0 0 0 1 -3.34236 3.29003 -1.77661</i>
                        <i>1 0 0 0 1 0 0 0 1 -3.34236 3.29028 -1.77661</i>
                        <i>1 0 0 0 1 0 0 0 1 -3.34236 3.29059 -1.77661</i>
                        <i>1 0 0 0 1 0 0 0 1 -3.34236 3.29094 -1.77661</i>
                        <i>1 0 0 0 1 0 0 0 1 -3.34236 3.29134 -1.77661</i>
                        <i>1 0 0 0 1 0 0 0 1 -3.34236 3.29177 -1.77661</i>
                        <i>1 0 0 0 1 0 0 0 1 -3.34236 3.29224 -1.77661</i>
                        <i>1 0 0 0 1 0 0 0 1 -3.34236 3.29272 -1.77661</i>
                        <i>1 0 0 0 1 0 0 0 1 -3.34236 3.29321 -1.77661</i>
                        <i>1 0 0 0 1 0 0 0 1 -3.34236 3.29372 -1.77661</i>
                        <i>1 0 0 0 1 0 0 0 1 -3.34236 3.29422 -1.77661</i>
                        <i>1 0 0 0 1 0 0 0 1 -3.34236 3.29472 -1.77661</i>
                        <i>1 0 0 0 1 0 0 0 1 -3.34236 3.2952 -1.77661</i>
                        <i>1 0 0 0 1 0 0 0 1 -3.34236 3.29566 -1.77661</i>
                        <i>1 0 0 0 1 0 0 0 1 -3.34236 3.29609 -1.77661</i>
                        <i>1 0 0 0 1 0 0 0 1 -3.34236 3.29649 -1.77661</i>
                        <i>1 0 0 0 1 0 0 0 1 -3.34236 3.29685 -1.77661</i>
                        <i>1 0 0 0 1 0 0 0 1 -3.34236 3.29715 -1.77661</i>
                        <i>1 0 0 0 1 0 0 0 1 -3.34236 3.2974 -1.77661</i>
                        <i>1 0 0 0 1 0 0 0 1 -3.34236 3.29759 -1.77661</i>
                        <i>1 0 0 0 1 0 0 0 1 -3.34236 3.29771 -1.77661</i>
                        <i>1 0 0 0 1 0 0 0 1 -3.34236 3.29775 -1.77661</i>
                        <i>1 0 0 0 1 0 0 0 1 -3.34236 3.29771 -1.77661</i>
                        <i>1 0 0 0 1 0 0 0 1 -3.34236 3.29759 -1.77661</i>
                        <i>1 0 0 0 1 0 0 0 1 -3.34236 3.2974 -1.77661</i>
                        <i>1 0 0 0 1 0 0 0 1 -3.34236 3.29715 -1.77661</i>
                        <i>1 0 0 0 1 0 0 0 1 -3.34236 3.29685 -1.77661</i>
                        <i>1 0 0 0 1 0 0 0 1 -3.34236 3.29649 -1.77661</i>
                        <i>1 0 0 0 1 0 0 0 1 -3.34236 3.29609 -1.77661</i>
                        <i>1 0 0 0 1 0 0 0 1 -3.34236 3.29566 -1.77661</i>
                    </KeyFrames>
                </p>
            </i>
            <i>
                <p>
                    <Name>
                        <![CDATA[spine0]]>
</Name>
                    <Exclude>0</Exclude>
                    <Additive>0</Additive>
                    <IKPriority>0</IKPriority>
                    <IKRotLimits>-1e+010 -1e+010 -1e+010 1e+010 1e+010 1e+010</IKRotLimits>
                    <IKRotLimitOrder>0</IKRotLimitOrder>
                    <KeyFrames count="97">
                        <i>0.154293 0.943479 0.293329 -0.910845 0.250859 -0.327767 -0.382825 -0.216605 0.898069 -3.29671 3.43116 -1.79251</i>
                        <i>0.154478 0.9436 0.292841 -0.910849 0.250839 -0.327771 -0.382741 -0.216101 0.898226 -3.29671 3.4307 -1.79251</i>
                        <i>0.154621 0.943693 0.292466 -0.910852 0.250823 -0.327774 -0.382676 -0.215712 0.898347 -3.29671 3.43021 -1.79251</i>
                        <i>0.154713 0.943753 0.292224 -0.910854 0.250813 -0.327777 -0.382634 -0.215462 0.898425 -3.29671 3.42972 -1.79251</i>
                        <i>0.154746 0.943774 0.292138 -0.910855 0.250809 -0.327777 -0.382619 -0.215374 0.898453 -3.29671 3.42922 -1.79251</i>
                        <i>0.154711 0.943751 0.292229 -0.910854 0.250813 -0.327777 -0.382634 -0.215467 0.898423 -3.29671 3.42871 -1.79251</i>
                        <i>0.154614 0.943688 0.292485 -0.910852 0.250824 -0.327774 -0.382679 -0.215732 0.898341 -3.29671 3.42822 -1.79251</i>
                        <i>0.154464 0.94359 0.29288 -0.910849 0.25084 -0.327771 -0.382747 -0.216141 0.898214 -3.29671 3.42773 -1.79251</i>
                        <i>0.15427 0.943464 0.29339 -0.910845 0.250862 -0.327766 -0.382836 -0.216668 0.898049 -3.29671 3.42727 -1.79251</i>
                        <i>0.154041 0.943314 0.293989 -0.910839 0.250887 -0.327761 -0.38294 -0.217288 0.897855 -3.29671 3.42684 -1.79251</i>
                        <i>0.153788 0.943148 0.294653 -0.910834 0.250914 -0.327755 -0.383054 -0.217975 0.897639 -3.29671 3.42644 -1.79251</i>
                        <i>0.15352 0.942972 0.295356 -0.910828 0.250944 -0.327749 -0.383176 -0.218703 0.89741 -3.29671 3.42609 -1.79251</i>
                        <i>0.153246 0.942792 0.296074 -0.910822 0.250973 -0.327743 -0.3833 -0.219445 0.897176 -3.29671 3.42578 -1.79251</i>
                        <i>0.152976 0.942613 0.29678 -0.910816 0.251003 -0.327736 -0.383421 -0.220176 0.896945 -3.29671 3.42553 -1.79251</i>
                        <i>0.15272 0.942444 0.29745 -0.910811 0.251031 -0.327731 -0.383537 -0.22087 0.896725 -3.29671 3.42534 -1.79251</i>
                        <i>0.152487 0.942289 0.298059 -0.910806 0.251056 -0.327725 -0.383641 -0.2215 0.896525 -3.29671 3.42522 -1.79251</i>
                        <i>0.152287 0.942156 0.29858 -0.910801 0.251077 -0.327721 -0.383731 -0.22204 0.896353 -3.29671 3.42518 -1.79251</i>
                        <i>0.152099 0.942031 0.29907 -0.910797 0.251098 -0.327716 -0.383815 -0.222546 0.896191 -3.29671 3.42522 -1.79251</i>
                        <i>0.1519 0.941898 0.29959 -0.910793 0.251119 -0.327712 -0.383904 -0.223085 0.89602 -3.29671 3.42534 -1.79251</i>
                        <i>0.151695 0.941761 0.300126 -0.910789 0.251141 -0.327707 -0.383996 -0.22364 0.895842 -3.29671 3.42553 -1.79251</i>
                        <i>0.151488 0.941622 0.300665 -0.910784 0.251164 -0.327702 -0.384088 -0.224198 0.895663 -3.29671 3.42578 -1.79251</i>
                        <i>0.151285 0.941486 0.301192 -0.91078 0.251185 -0.327698 -0.384178 -0.224744 0.895487 -3.29671 3.42609 -1.79251</i>
                        <i>0.151092 0.941356 0.301695 -0.910776 0.251206 -0.327694 -0.384264 -0.225264 0.89532 -3.29671 3.42644 -1.79251</i>
                        <i>0.150914 0.941236 0.302158 -0.910772 0.251225 -0.327689 -0.384343 -0.225744 0.895165 -3.29671 3.42684 -1.79251</i>
                        <i>0.150756 0.94113 0.302569 -0.910769 0.251242 -0.327686 -0.384413 -0.22617 0.895027 -3.29671 3.42727 -1.79251</i>
                        <i>0.150624 0.94104 0.302912 -0.910766 0.251256 -0.327683 -0.384471 -0.226525 0.894912 -3.29671 3.42773 -1.79251</i>
                        <i>0.150523 0.940972 0.303175 -0.910764 0.251267 -0.327681 -0.384516 -0.226798 0.894824 -3.29671 3.42822 -1.79251</i>
                        <i>0.150458 0.940928 0.303343 -0.910762 0.251274 -0.327679 -0.384545 -0.226971 0.894768 -3.29671 3.42871 -1.79251</i>
                        <i>0.150435 0.940913 0.303402 -0.910762 0.251276 -0.327679 -0.384555 -0.227032 0.894748 -3.29671 3.42922 -1.79251</i>
                        <i>0.15046 0.940929 0.303338 -0.910762 0.251274 -0.327679 -0.384544 -0.226966 0.89477 -3.29671 3.42972 -1.79251</i>
                        <i>0.15053 0.940977 0.303156 -0.910764 0.251266 -0.327681 -0.384513 -0.226778 0.894831 -3.29671 3.43021 -1.79251</i>
                        <i>0.150639 0.94105 0.302874 -0.910766 0.251255 -0.327683 -0.384465 -0.226485 0.894925 -3.29671 3.4307 -1.79251</i>
                        <i>0.15078 0.941145 0.302508 -0.910769 0.25124 -0.327686 -0.384402 -0.226106 0.895048 -3.29671 3.43116 -1.79251</i>
                        <i>0.150946 0.941258 0.302075 -0.910773 0.251222 -0.32769 -0.384329 -0.225658 0.895193 -3.29671 3.43159 -1.79251</i>
                        <i>0.151132 0.941383 0.301592 -0.910777 0.251202 -0.327694 -0.384246 -0.225158 0.895354 -3.29671 3.43199 -1.79251</i>
                        <i>0.15133 0.941516 0.301075 -0.910781 0.251181 -0.327699 -0.384158 -0.224623 0.895526 -3.29671 3.43235 -1.79251</i>
                        <i>0.151535 0.941654 0.300542 -0.910785 0.251159 -0.327704 -0.384067 -0.224071 0.895703 -3.29671 3.43265 -1.79251</i>
                        <i>0.151739 0.941791 0.30001 -0.91079 0.251137 -0.327708 -0.383976 -0.22352 0.89588 -3.29671 3.4329 -1.79251</i>
                        <i>0.151937 0.941923 0.299494 -0.910794 0.251115 -0.327713 -0.383888 -0.222986 0.896051 -3.29671 3.43309 -1.79251</i>
                        <i>0.152122 0.942046 0.299012 -0.910798 0.251095 -0.327717 -0.383805 -0.222487 0.896211 -3.29671 3.43321 -1.79251</i>
                        <i>0.152287 0.942156 0.29858 -0.910801 0.251077 -0.327721 -0.383731 -0.22204 0.896353 -3.29671 3.43325 -1.79251</i>
                        <i>0.152509 0.942304 0.298001 -0.910806 0.251053 -0.327726 -0.383631 -0.22144 0.896544 -3.29671 3.43321 -1.79251</i>
                        <i>0.152756 0.942468 0.297355 -0.910812 0.251027 -0.327731 -0.38352 -0.220771 0.896756 -3.29671 3.43309 -1.79251</i>
                        <i>0.15302 0.942643 0.296664 -0.910817 0.250998 -0.327738 -0.383402 -0.220057 0.896983 -3.29671 3.4329 -1.79251</i>
                        <i>0.153292 0.942822 0.295952 -0.910823 0.250968 -0.327744 -0.383279 -0.219319 0.897216 -3.29671 3.43265 -1.79251</i>
                        <i>0.153564 0.943001 0.29524 -0.910829 0.250939 -0.32775 -0.383156 -0.218582 0.897448 -3.29671 3.43235 -1.79251</i>
                        <i>0.153827 0.943174 0.29455 -0.910835 0.25091 -0.327756 -0.383037 -0.217869 0.897673 -3.29671 3.43199 -1.79251</i>
                        <i>0.154073 0.943335 0.293906 -0.91084 0.250883 -0.327762 -0.382925 -0.217202 0.897882 -3.29671 3.43159 -1.79251</i>
                        <i>0.154293 0.943479 0.293329 -0.910845 0.250859 -0.327767 -0.382825 -0.216605 0.898069 -3.29671 3.43116 -1.79251</i>
                        <i>0.154478 0.9436 0.292841 -0.910849 0.250839 -0.327771 -0.382741 -0.216101 0.898226 -3.29671 3.4307 -1.79251</i>
                        <i>0.154621 0.943693 0.292466 -0.910852 0.250823 -0.327774 -0.382676 -0.215712 0.898347 -3.29671 3.43021 -1.79251</i>
                        <i>0.154713 0.943753 0.292224 -0.910854 0.250813 -0.327777 -0.382634 -0.215462 0.898425 -3.29671 3.42972 -1.79251</i>
                        <i>0.154746 0.943774 0.292138 -0.910855 0.250809 -0.327777 -0.382619 -0.215374 0.898453 -3.29671 3.42922 -1.79251</i>
                        <i>0.154711 0.943751 0.292229 -0.910854 0.250813 -0.327777 -0.382634 -0.215467 0.898423 -3.29671 3.42871 -1.79251</i>
                        <i>0.154614 0.943688 0.292485 -0.910852 0.250824 -0.327774 -0.382679 -0.215732 0.898341 -3.29671 3.42822 -1.79251</i>
                        <i>0.154464 0.94359 0.29288 -0.910849 0.25084 -0.327771 -0.382747 -0.216141 0.898214 -3.29671 3.42773 -1.79251</i>
                        <i>0.15427 0.943464 0.29339 -0.910845 0.250862 -0.327766 -0.382836 -0.216668 0.898049 -3.29671 3.42727 -1.79251</i>
                        <i>0.154041 0.943314 0.293989 -0.910839 0.250887 -0.327761 -0.38294 -0.217288 0.897855 -3.29671 3.42684 -1.79251</i>
                        <i>0.153788 0.943148 0.294653 -0.910834 0.250914 -0.327755 -0.383054 -0.217975 0.897639 -3.29671 3.42644 -1.79251</i>
                        <i>0.15352 0.942972 0.295356 -0.910828 0.250944 -0.327749 -0.383176 -0.218703 0.89741 -3.29671 3.42609 -1.79251</i>
                        <i>0.153246 0.942792 0.296074 -0.910822 0.250973 -0.327743 -0.3833 -0.219445 0.897176 -3.29671 3.42578 -1.79251</i>
                        <i>0.152976 0.942613 0.29678 -0.910816 0.251003 -0.327736 -0.383421 -0.220176 0.896945 -3.29671 3.42553 -1.79251</i>
                        <i>0.15272 0.942444 0.29745 -0.910811 0.251031 -0.327731 -0.383537 -0.22087 0.896725 -3.29671 3.42534 -1.79251</i>
                        <i>0.152487 0.942289 0.298059 -0.910806 0.251056 -0.327725 -0.383641 -0.2215 0.896525 -3.29671 3.42522 -1.79251</i>
                        <i>0.152287 0.942156 0.29858 -0.910801 0.251077 -0.327721 -0.383731 -0.22204 0.896353 -3.29671 3.42518 -1.79251</i>
                        <i>0.152099 0.942031 0.29907 -0.910797 0.251098 -0.327716 -0.383815 -0.222546 0.896191 -3.29671 3.42522 -1.79251</i>
                        <i>0.1519 0.941898 0.29959 -0.910793 0.251119 -0.327712 -0.383904 -0.223085 0.89602 -3.29671 3.42534 -1.79251</i>
                        <i>0.151695 0.941761 0.300126 -0.910789 0.251141 -0.327707 -0.383996 -0.22364 0.895842 -3.29671 3.42553 -1.79251</i>
                        <i>0.151488 0.941622 0.300665 -0.910784 0.251164 -0.327702 -0.384088 -0.224198 0.895663 -3.29671 3.42578 -1.79251</i>
                        <i>0.151285 0.941486 0.301192 -0.91078 0.251185 -0.327698 -0.384178 -0.224744 0.895487 -3.29671 3.42609 -1.79251</i>
                        <i>0.151092 0.941356 0.301695 -0.910776 0.251206 -0.327694 -0.384264 -0.225264 0.89532 -3.29671 3.42644 -1.79251</i>
                        <i>0.150914 0.941236 0.302158 -0.910772 0.251225 -0.327689 -0.384343 -0.225744 0.895165 -3.29671 3.42684 -1.79251</i>
                        <i>0.150756 0.94113 0.302569 -0.910769 0.251242 -0.327686 -0.384413 -0.22617 0.895027 -3.29671 3.42727 -1.79251</i>
                        <i>0.150624 0.94104 0.302912 -0.910766 0.251256 -0.327683 -0.384471 -0.226525 0.894912 -3.29671 3.42773 -1.79251</i>
                        <i>0.150523 0.940972 0.303175 -0.910764 0.251267 -0.327681 -0.384516 -0.226798 0.894824 -3.29671 3.42822 -1.79251</i>
                        <i>0.150458 0.940928 0.303343 -0.910762 0.251274 -0.327679 -0.384545 -0.226971 0.894768 -3.29671 3.42871 -1.79251</i>
                        <i>0.150435 0.940913 0.303402 -0.910762 0.251276 -0.327679 -0.384555 -0.227032 0.894748 -3.29671 3.42922 -1.79251</i>
                        <i>0.15046 0.940929 0.303338 -0.910762 0.251274 -0.327679 -0.384544 -0.226966 0.89477 -3.29671 3.42972 -1.79251</i>
                        <i>0.15053 0.940977 0.303156 -0.910764 0.251266 -0.327681 -0.384513 -0.226778 0.894831 -3.29671 3.43021 -1.79251</i>
                        <i>0.150639 0.94105 0.302874 -0.910766 0.251255 -0.327683 -0.384465 -0.226485 0.894925 -3.29671 3.4307 -1.79251</i>
                        <i>0.15078 0.941145 0.302508 -0.910769 0.25124 -0.327686 -0.384402 -0.226106 0.895048 -3.29671 3.43116 -1.79251</i>
                        <i>0.150946 0.941258 0.302075 -0.910773 0.251222 -0.32769 -0.384329 -0.225658 0.895193 -3.29671 3.43159 -1.79251</i>
                        <i>0.151132 0.941383 0.301592 -0.910777 0.251202 -0.327694 -0.384246 -0.225158 0.895354 -3.29671 3.43199 -1.79251</i>
                        <i>0.15133 0.941516 0.301075 -0.910781 0.251181 -0.327699 -0.384158 -0.224623 0.895526 -3.29671 3.43235 -1.79251</i>
                        <i>0.151535 0.941654 0.300542 -0.910785 0.251159 -0.327704 -0.384067 -0.224071 0.895703 -3.29671 3.43265 -1.79251</i>
                        <i>0.151739 0.941791 0.30001 -0.91079 0.251137 -0.327708 -0.383976 -0.22352 0.89588 -3.29671 3.4329 -1.79251</i>
                        <i>0.151937 0.941923 0.299494 -0.910794 0.251115 -0.327713 -0.383888 -0.222986 0.896051 -3.29671 3.43309 -1.79251</i>
                        <i>0.152122 0.942046 0.299012 -0.910798 0.251095 -0.327717 -0.383805 -0.222487 0.896211 -3.29671 3.43321 -1.79251</i>
                        <i>0.152287 0.942156 0.29858 -0.910801 0.251077 -0.327721 -0.383731 -0.22204 0.896353 -3.29671 3.43325 -1.79251</i>
                        <i>0.152509 0.942304 0.298001 -0.910806 0.251053 -0.327726 -0.383631 -0.22144 0.896544 -3.29671 3.43321 -1.79251</i>
                        <i>0.152756 0.942468 0.297355 -0.910812 0.251027 -0.327731 -0.38352 -0.220771 0.896756 -3.29671 3.43309 -1.79251</i>
                        <i>0.15302 0.942643 0.296664 -0.910817 0.250998 -0.327738 -0.383402 -0.220057 0.896983 -3.29671 3.4329 -1.79251</i>
                        <i>0.153292 0.942822 0.295952 -0.910823 0.250968 -0.327744 -0.383279 -0.219319 0.897216 -3.29671 3.43265 -1.79251</i>
                        <i>0.153564 0.943001 0.29524 -0.910829 0.250939 -0.32775 -0.383156 -0.218582 0.897448 -3.29671 3.43235 -1.79251</i>
                        <i>0.153827 0.943174 0.29455 -0.910835 0.25091 -0.327756 -0.383037 -0.217869 0.897673 -3.29671 3.43199 -1.79251</i>
                        <i>0.154073 0.943335 0.293906 -0.91084 0.250883 -0.327762 -0.382925 -0.217202 0.897882 -3.29671 3.43159 -1.79251</i>
                        <i>0.154293 0.943479 0.293329 -0.910845 0.250859 -0.327767 -0.382825 -0.216605 0.898069 -3.29671 3.43116 -1.79251</i>
                    </KeyFrames>
                </p>
            </i>
            <i>
                <p>
                    <Name>
                        <![CDATA[spine1]]>
</Name>
                    <Exclude>0</Exclude>
                    <Additive>0</Additive>
                    <IKPriority>0</IKPriority>
                    <IKRotLimits>-1e+010 -1e+010 -1e+010 1e+010 1e+010 1e+010</IKRotLimits>
                    <IKRotLimitOrder>0</IKRotLimitOrder>
                    <KeyFrames count="97">
                        <i>0.0239725 0.821868 0.569173 -0.917226 0.244541 -0.314478 -0.397645 -0.514522 0.759701 -3.26972 3.59619 -1.74122</i>
                        <i>0.02467 0.822819 0.567768 -0.917252 0.24448 -0.31445 -0.397543 -0.513029 0.760763 -3.26969 3.59573 -1.74131</i>
                        <i>0.0252076 0.82355 0.566684 -0.917272 0.244434 -0.314428 -0.397464 -0.511877 0.76158 -3.26966 3.59526 -1.74138</i>
                        <i>0.0255536 0.824019 0.565985 -0.917284 0.244404 -0.314414 -0.397412 -0.511135 0.762105 -3.26965 3.59476 -1.74143</i>
                        <i>0.025676 0.824185 0.565738 -0.917289 0.244393 -0.314409 -0.397394 -0.510872 0.762291 -3.26964 3.59426 -1.74144</i>
                        <i>0.0255461 0.824009 0.566 -0.917284 0.244405 -0.314414 -0.397413 -0.511151 0.762094 -3.26965 3.59376 -1.74142</i>
                        <i>0.0251805 0.823513 0.566739 -0.917271 0.244436 -0.314429 -0.397468 -0.511935 0.761539 -3.26966 3.59326 -1.74138</i>
                        <i>0.024615 0.822744 0.567879 -0.91725 0.244485 -0.314452 -0.397551 -0.513147 0.76068 -3.26969 3.59277 -1.7413</i>
                        <i>0.0238855 0.82175 0.569348 -0.917223 0.244548 -0.314481 -0.397658 -0.514708 0.759569 -3.26972 3.5923 -1.74121</i>
                        <i>0.0230279 0.820577 0.571072 -0.917191 0.244623 -0.314516 -0.397781 -0.516539 0.758259 -3.26976 3.59187 -1.7411</i>
                        <i>0.022078 0.819274 0.572977 -0.917156 0.244705 -0.314553 -0.397916 -0.518564 0.756805 -3.2698 3.59146 -1.74098</i>
                        <i>0.0210718 0.817889 0.57499 -0.917119 0.244793 -0.314593 -0.398056 -0.520705 0.75526 -3.26984 3.5911 -1.74085</i>
                        <i>0.0200454 0.816471 0.577039 -0.917081 0.244882 -0.314634 -0.398196 -0.522884 0.753679 -3.26988 3.59078 -1.74071</i>
                        <i>0.0190348 0.815069 0.579051 -0.917044 0.24497 -0.314674 -0.398331 -0.525025 0.752117 -3.26993 3.59052 -1.74058</i>
                        <i>0.0180762 0.813735 0.580955 -0.917009 0.245054 -0.314712 -0.398457 -0.527052 0.750632 -3.26997 3.59033 -1.74046</i>
                        <i>0.0172058 0.81252 0.58268 -0.916977 0.24513 -0.314746 -0.39857 -0.528888 0.749279 -3.27001 3.5902 -1.74034</i>
                        <i>0.0164599 0.811475 0.584155 -0.916949 0.245196 -0.314775 -0.398664 -0.530459 0.748118 -3.27004 3.59016 -1.74025</i>
                        <i>0.0157601 0.810493 0.585536 -0.916924 0.245257 -0.314802 -0.398752 -0.531931 0.747025 -3.27007 3.59019 -1.74016</i>
                        <i>0.015017 0.809447 0.587001 -0.916896 0.245322 -0.314831 -0.398843 -0.533491 0.745863 -3.2701 3.59031 -1.74006</i>
                        <i>0.0142503 0.808365 0.588509 -0.916868 0.245389 -0.31486 -0.398936 -0.535098 0.744661 -3.27013 3.59049 -1.73996</i>
                        <i>0.01348 0.807275 0.590022 -0.91684 0.245457 -0.31489 -0.399028 -0.536711 0.74345 -3.27017 3.59073 -1.73986</i>
                        <i>0.0127258 0.806204 0.5915 -0.916812 0.245523 -0.314919 -0.399116 -0.538287 0.742262 -3.2702 3.59103 -1.73976</i>
                        <i>0.0120076 0.805183 0.592905 -0.916786 0.245586 -0.314947 -0.399199 -0.539785 0.741129 -3.27023 3.59139 -1.73967</i>
                        <i>0.0113452 0.804238 0.594199 -0.916761 0.245645 -0.314972 -0.399274 -0.541165 0.740081 -3.27026 3.59178 -1.73958</i>
                        <i>0.0107587 0.8034 0.595343 -0.91674 0.245696 -0.314994 -0.39934 -0.542386 0.739152 -3.27028 3.59221 -1.73951</i>
                        <i>0.0102678 0.802697 0.596299 -0.916722 0.24574 -0.315013 -0.399394 -0.543406 0.738373 -3.27031 3.59266 -1.73944</i>
                        <i>0.00989246 0.802159 0.597029 -0.916708 0.245773 -0.315027 -0.399435 -0.544185 0.737777 -3.27032 3.59314 -1.73939</i>
                        <i>0.00965271 0.801814 0.597495 -0.916699 0.245794 -0.315036 -0.399461 -0.544682 0.737395 -3.27033 3.59364 -1.73936</i>
                        <i>0.00956839 0.801693 0.597659 -0.916696 0.245801 -0.315039 -0.39947 -0.544857 0.737261 -3.27034 3.59414 -1.73935</i>
                        <i>0.00966024 0.801825 0.597481 -0.9167 0.245793 -0.315036 -0.39946 -0.544667 0.737407 -3.27033 3.59464 -1.73936</i>
                        <i>0.00991983 0.802198 0.596976 -0.916709 0.24577 -0.315026 -0.399432 -0.544128 0.73782 -3.27032 3.59514 -1.7394</i>
                        <i>0.0103231 0.802776 0.596191 -0.916724 0.245735 -0.315011 -0.399388 -0.543291 0.738461 -3.2703 3.59563 -1.73945</i>
                        <i>0.0108461 0.803525 0.595172 -0.916743 0.245689 -0.314991 -0.39933 -0.542204 0.739291 -3.27028 3.59609 -1.73952</i>
                        <i>0.0114647 0.804409 0.593966 -0.916766 0.245634 -0.314967 -0.399261 -0.540916 0.74027 -3.27025 3.59653 -1.7396</i>
                        <i>0.0121551 0.805393 0.592617 -0.916791 0.245573 -0.314941 -0.399182 -0.539478 0.741362 -3.27022 3.59693 -1.73969</i>
                        <i>0.012893 0.806442 0.591173 -0.916818 0.245508 -0.314913 -0.399097 -0.537938 0.742526 -3.27019 3.5973 -1.73978</i>
                        <i>0.0136547 0.807522 0.589679 -0.916846 0.245441 -0.314883 -0.399007 -0.536345 0.743725 -3.27016 3.59761 -1.73988</i>
                        <i>0.0144161 0.808599 0.588183 -0.916874 0.245375 -0.314854 -0.398916 -0.534751 0.744921 -3.27013 3.59787 -1.73998</i>
                        <i>0.0151533 0.809639 0.586733 -0.916901 0.24531 -0.314826 -0.398826 -0.533205 0.746076 -3.27009 3.59806 -1.74008</i>
                        <i>0.0158425 0.810609 0.585374 -0.916927 0.24525 -0.314799 -0.398741 -0.531758 0.747154 -3.27006 3.59818 -1.74017</i>
                        <i>0.0164599 0.811475 0.584155 -0.916949 0.245196 -0.314775 -0.398664 -0.530459 0.748118 -3.27004 3.59823 -1.74025</i>
                        <i>0.0172882 0.812635 0.582516 -0.91698 0.245123 -0.314743 -0.398559 -0.528714 0.749408 -3.27 3.59819 -1.74036</i>
                        <i>0.0182124 0.813925 0.580684 -0.917014 0.245042 -0.314706 -0.39844 -0.526764 0.750843 -3.26996 3.59808 -1.74048</i>
                        <i>0.0192002 0.815299 0.578722 -0.91705 0.244956 -0.314668 -0.39831 -0.524675 0.752373 -3.26992 3.5979 -1.7406</i>
                        <i>0.0202196 0.816712 0.576691 -0.917088 0.244867 -0.314627 -0.398173 -0.522515 0.753947 -3.26988 3.59766 -1.74074</i>
                        <i>0.0212384 0.818119 0.574657 -0.917125 0.244778 -0.314587 -0.398033 -0.520351 0.755516 -3.26983 3.59736 -1.74087</i>
                        <i>0.0222248 0.819476 0.572683 -0.917162 0.244693 -0.314548 -0.397895 -0.518252 0.75703 -3.26979 3.59701 -1.741</i>
                        <i>0.0231468 0.82074 0.570833 -0.917196 0.244613 -0.314511 -0.397764 -0.516286 0.758441 -3.26975 3.59662 -1.74111</i>
                        <i>0.0239725 0.821868 0.569173 -0.917226 0.244541 -0.314478 -0.397645 -0.514522 0.759701 -3.26972 3.59619 -1.74122</i>
                        <i>0.02467 0.822819 0.567768 -0.917252 0.24448 -0.31445 -0.397543 -0.513029 0.760763 -3.26969 3.59573 -1.74131</i>
                        <i>0.0252076 0.82355 0.566684 -0.917272 0.244434 -0.314428 -0.397464 -0.511877 0.76158 -3.26966 3.59526 -1.74138</i>
                        <i>0.0255536 0.824019 0.565985 -0.917284 0.244404 -0.314414 -0.397412 -0.511135 0.762105 -3.26965 3.59476 -1.74143</i>
                        <i>0.025676 0.824185 0.565738 -0.917289 0.244393 -0.314409 -0.397394 -0.510872 0.762291 -3.26964 3.59426 -1.74144</i>
                        <i>0.0255461 0.824009 0.566 -0.917284 0.244405 -0.314414 -0.397413 -0.511151 0.762094 -3.26965 3.59376 -1.74142</i>
                        <i>0.0251805 0.823513 0.566739 -0.917271 0.244436 -0.314429 -0.397468 -0.511935 0.761539 -3.26966 3.59326 -1.74138</i>
                        <i>0.024615 0.822744 0.567879 -0.91725 0.244485 -0.314452 -0.397551 -0.513147 0.76068 -3.26969 3.59277 -1.7413</i>
                        <i>0.0238855 0.82175 0.569348 -0.917223 0.244548 -0.314481 -0.397658 -0.514708 0.759569 -3.26972 3.5923 -1.74121</i>
                        <i>0.0230279 0.820577 0.571072 -0.917191 0.244623 -0.314516 -0.397781 -0.516539 0.758259 -3.26976 3.59187 -1.7411</i>
                        <i>0.022078 0.819274 0.572977 -0.917156 0.244705 -0.314553 -0.397916 -0.518564 0.756805 -3.2698 3.59146 -1.74098</i>
                        <i>0.0210718 0.817889 0.57499 -0.917119 0.244793 -0.314593 -0.398056 -0.520705 0.75526 -3.26984 3.5911 -1.74085</i>
                        <i>0.0200454 0.816471 0.577039 -0.917081 0.244882 -0.314634 -0.398196 -0.522884 0.753679 -3.26988 3.59078 -1.74071</i>
                        <i>0.0190348 0.815069 0.579051 -0.917044 0.24497 -0.314674 -0.398331 -0.525025 0.752117 -3.26993 3.59052 -1.74058</i>
                        <i>0.0180762 0.813735 0.580955 -0.917009 0.245054 -0.314712 -0.398457 -0.527052 0.750632 -3.26997 3.59033 -1.74046</i>
                        <i>0.0172058 0.81252 0.58268 -0.916977 0.24513 -0.314746 -0.39857 -0.528888 0.749279 -3.27001 3.5902 -1.74034</i>
                        <i>0.0164599 0.811475 0.584155 -0.916949 0.245196 -0.314775 -0.398664 -0.530459 0.748118 -3.27004 3.59016 -1.74025</i>
                        <i>0.0157601 0.810493 0.585536 -0.916924 0.245257 -0.314802 -0.398752 -0.531931 0.747025 -3.27007 3.59019 -1.74016</i>
                        <i>0.015017 0.809447 0.587001 -0.916896 0.245322 -0.314831 -0.398843 -0.533491 0.745863 -3.2701 3.59031 -1.74006</i>
                        <i>0.0142503 0.808365 0.588509 -0.916868 0.245389 -0.31486 -0.398936 -0.535098 0.744661 -3.27013 3.59049 -1.73996</i>
                        <i>0.01348 0.807275 0.590022 -0.91684 0.245457 -0.31489 -0.399028 -0.536711 0.74345 -3.27017 3.59073 -1.73986</i>
                        <i>0.0127258 0.806204 0.5915 -0.916812 0.245523 -0.314919 -0.399116 -0.538287 0.742262 -3.2702 3.59103 -1.73976</i>
                        <i>0.0120076 0.805183 0.592905 -0.916786 0.245586 -0.314947 -0.399199 -0.539785 0.741129 -3.27023 3.59139 -1.73967</i>
                        <i>0.0113452 0.804238 0.594199 -0.916761 0.245645 -0.314972 -0.399274 -0.541165 0.740081 -3.27026 3.59178 -1.73958</i>
                        <i>0.0107587 0.8034 0.595343 -0.91674 0.245696 -0.314994 -0.39934 -0.542386 0.739152 -3.27028 3.59221 -1.73951</i>
                        <i>0.0102678 0.802697 0.596299 -0.916722 0.24574 -0.315013 -0.399394 -0.543406 0.738373 -3.27031 3.59266 -1.73944</i>
                        <i>0.00989246 0.802159 0.597029 -0.916708 0.245773 -0.315027 -0.399435 -0.544185 0.737777 -3.27032 3.59314 -1.73939</i>
                        <i>0.00965271 0.801814 0.597495 -0.916699 0.245794 -0.315036 -0.399461 -0.544682 0.737395 -3.27033 3.59364 -1.73936</i>
                        <i>0.00956839 0.801693 0.597659 -0.916696 0.245801 -0.315039 -0.39947 -0.544857 0.737261 -3.27034 3.59414 -1.73935</i>
                        <i>0.00966024 0.801825 0.597481 -0.9167 0.245793 -0.315036 -0.39946 -0.544667 0.737407 -3.27033 3.59464 -1.73936</i>
                        <i>0.00991983 0.802198 0.596976 -0.916709 0.24577 -0.315026 -0.399432 -0.544128 0.73782 -3.27032 3.59514 -1.7394</i>
