<?xml version="1.0" encoding="ISO-8859-1" ?>
<Animl Version="1">
    <ModellingPackage><![CDATA[Maya.2010]]></ModellingPackage>
    <SrcFile><![CDATA[anims\turrets\antiair\blue\~src\aa_chaparral\aa_chaparral_idle_alt_crewman_c.mb]]></SrcFile>
    <FramesPerSecond>30</FramesPerSecond>
    <TotalFrames>65</TotalFrames>
    <Skeleton>
        <RefFrame>
            <Name><![CDATA[soldier_ref_frame]]></Name>
            <Exclude>0</Exclude>
            <Additive>0</Additive>
            <IKPriority>0</IKPriority>
            <IKRotLimits>-1e+010 -1e+010 -1e+010 1e+010 1e+010 1e+010</IKRotLimits>
            <IKRotLimitOrder>0</IKRotLimitOrder>
            <KeyFrames count="65">
                <i>1 0 0 0 1 0 0 0 1 3.27 4.06 -0.52</i>
                <i>1 0 0 0 1 0 0 0 1 3.27 4.06 -0.52</i>
                <i>1 0 0 0 1 0 0 0 1 3.27 4.06 -0.52</i>
                <i>1 0 0 0 1 0 0 0 1 3.27 4.06 -0.52</i>
                <i>1 0 0 0 1 0 0 0 1 3.27 4.06 -0.52</i>
                <i>1 0 0 0 1 0 0 0 1 3.27 4.06 -0.52</i>
                <i>1 0 0 0 1 0 0 0 1 3.27 4.06 -0.52</i>
                <i>1 0 0 0 1 0 0 0 1 3.27 4.06 -0.52</i>
                <i>1 0 0 0 1 0 0 0 1 3.27 4.06 -0.52</i>
                <i>1 0 0 0 1 0 0 0 1 3.27 4.06 -0.52</i>
                <i>1 0 0 0 1 0 0 0 1 3.27 4.06 -0.52</i>
                <i>1 0 0 0 1 0 0 0 1 3.27 4.06 -0.52</i>
                <i>1 0 0 0 1 0 0 0 1 3.27 4.06 -0.52</i>
                <i>1 0 0 0 1 0 0 0 1 3.27 4.06 -0.52</i>
                <i>1 0 0 0 1 0 0 0 1 3.27 4.06 -0.52</i>
                <i>1 0 0 0 1 0 0 0 1 3.27 4.06 -0.52</i>
                <i>1 0 0 0 1 0 0 0 1 3.27 4.06 -0.52</i>
                <i>1 0 0 0 1 0 0 0 1 3.27 4.06 -0.52</i>
                <i>1 0 0 0 1 0 0 0 1 3.27 4.06 -0.52</i>
                <i>1 0 0 0 1 0 0 0 1 3.27 4.06 -0.52</i>
                <i>1 0 0 0 1 0 0 0 1 3.27 4.06 -0.52</i>
                <i>1 0 0 0 1 0 0 0 1 3.27 4.06 -0.52</i>
                <i>1 0 0 0 1 0 0 0 1 3.27 4.06 -0.52</i>
                <i>1 0 0 0 1 0 0 0 1 3.27 4.06 -0.52</i>
                <i>1 0 0 0 1 0 0 0 1 3.27 4.06 -0.52</i>
                <i>1 0 0 0 1 0 0 0 1 3.27 4.06 -0.52</i>
                <i>1 0 0 0 1 0 0 0 1 3.27 4.06 -0.52</i>
                <i>1 0 0 0 1 0 0 0 1 3.27 4.06 -0.52</i>
                <i>1 0 0 0 1 0 0 0 1 3.27 4.06 -0.52</i>
                <i>1 0 0 0 1 0 0 0 1 3.27 4.06 -0.52</i>
                <i>1 0 0 0 1 0 0 0 1 3.27 4.06 -0.52</i>
                <i>1 0 0 0 1 0 0 0 1 3.27 4.06 -0.52</i>
                <i>1 0 0 0 1 0 0 0 1 3.27 4.06 -0.52</i>
                <i>1 0 0 0 1 0 0 0 1 3.27 4.06 -0.52</i>
                <i>1 0 0 0 1 0 0 0 1 3.27 4.06 -0.52</i>
                <i>1 0 0 0 1 0 0 0 1 3.27 4.06 -0.52</i>
                <i>1 0 0 0 1 0 0 0 1 3.27 4.06 -0.52</i>
                <i>1 0 0 0 1 0 0 0 1 3.27 4.06 -0.52</i>
                <i>1 0 0 0 1 0 0 0 1 3.27 4.06 -0.52</i>
                <i>1 0 0 0 1 0 0 0 1 3.27 4.06 -0.52</i>
                <i>1 0 0 0 1 0 0 0 1 3.27 4.06 -0.52</i>
                <i>1 0 0 0 1 0 0 0 1 3.27 4.06 -0.52</i>
                <i>1 0 0 0 1 0 0 0 1 3.27 4.06 -0.52</i>
                <i>1 0 0 0 1 0 0 0 1 3.27 4.06 -0.52</i>
                <i>1 0 0 0 1 0 0 0 1 3.27 4.06 -0.52</i>
                <i>1 0 0 0 1 0 0 0 1 3.27 4.06 -0.52</i>
                <i>1 0 0 0 1 0 0 0 1 3.27 4.06 -0.52</i>
                <i>1 0 0 0 1 0 0 0 1 3.27 4.06 -0.52</i>
                <i>1 0 0 0 1 0 0 0 1 3.27 4.06 -0.52</i>
                <i>1 0 0 0 1 0 0 0 1 3.27 4.06 -0.52</i>
                <i>1 0 0 0 1 0 0 0 1 3.27 4.06 -0.52</i>
                <i>1 0 0 0 1 0 0 0 1 3.27 4.06 -0.52</i>
                <i>1 0 0 0 1 0 0 0 1 3.27 4.06 -0.52</i>
                <i>1 0 0 0 1 0 0 0 1 3.27 4.06 -0.52</i>
                <i>1 0 0 0 1 0 0 0 1 3.27 4.06 -0.52</i>
                <i>1 0 0 0 1 0 0 0 1 3.27 4.06 -0.52</i>
                <i>1 0 0 0 1 0 0 0 1 3.27 4.06 -0.52</i>
                <i>1 0 0 0 1 0 0 0 1 3.27 4.06 -0.52</i>
                <i>1 0 0 0 1 0 0 0 1 3.27 4.06 -0.52</i>
                <i>1 0 0 0 1 0 0 0 1 3.27 4.06 -0.52</i>
                <i>1 0 0 0 1 0 0 0 1 3.27 4.06 -0.52</i>
                <i>1 0 0 0 1 0 0 0 1 3.27 4.06 -0.52</i>
                <i>1 0 0 0 1 0 0 0 1 3.27 4.06 -0.52</i>
                <i>1 0 0 0 1 0 0 0 1 3.27 4.06 -0.52</i>
                <i>1 0 0 0 1 0 0 0 1 3.27 4.06 -0.52</i>
            </KeyFrames>
        </RefFrame>
        <Bones count="23">
            <i>
                <p>
                    <Name><![CDATA[pelvis]]></Name>
                    <Exclude>0</Exclude>
                    <Additive>0</Additive>
                    <IKPriority>0</IKPriority>
                    <IKRotLimits>-1e+010 -1e+010 -1e+010 1e+010 1e+010 1e+010</IKRotLimits>
                    <IKRotLimitOrder>2</IKRotLimitOrder>
                    <KeyFrames count="65">
                        <i>1 0 0 0 1 0 0 0 1 3.334 4.59117 -0.419643</i>
                        <i>1 0 0 0 1 0 0 0 1 3.334 4.59321 -0.419643</i>
                        <i>1 0 0 0 1 0 0 0 1 3.334 4.59537 -0.419643</i>
                        <i>1 0 0 0 1 0 0 0 1 3.334 4.59762 -0.419643</i>
                        <i>1 0 0 0 1 0 0 0 1 3.334 4.59994 -0.419643</i>
                        <i>1 0 0 0 1 0 0 0 1 3.334 4.6023 -0.419643</i>
                        <i>1 0 0 0 1 0 0 0 1 3.334 4.60466 -0.419643</i>
                        <i>1 0 0 0 1 0 0 0 1 3.334 4.60701 -0.419643</i>
                        <i>1 0 0 0 1 0 0 0 1 3.334 4.60931 -0.419643</i>
                        <i>1 0 0 0 1 0 0 0 1 3.334 4.61154 -0.419643</i>
                        <i>1 0 0 0 1 0 0 0 1 3.334 4.61366 -0.419643</i>
                        <i>1 0 0 0 1 0 0 0 1 3.334 4.61565 -0.419643</i>
                        <i>1 0 0 0 1 0 0 0 1 3.334 4.61748 -0.419643</i>
                        <i>1 0 0 0 1 0 0 0 1 3.334 4.61912 -0.419643</i>
                        <i>1 0 0 0 1 0 0 0 1 3.334 4.62054 -0.419643</i>
                        <i>1 0 0 0 1 0 0 0 1 3.334 4.62172 -0.419643</i>
                        <i>1 0 0 0 1 0 0 0 1 3.334 4.62263 -0.419643</i>
                        <i>1 0 0 0 1 0 0 0 1 3.334 4.62335 -0.419643</i>
                        <i>1 0 0 0 1 0 0 0 1 3.334 4.62402 -0.419643</i>
                        <i>1 0 0 0 1 0 0 0 1 3.334 4.62463 -0.419643</i>
                        <i>1 0 0 0 1 0 0 0 1 3.334 4.62517 -0.419643</i>
                        <i>1 0 0 0 1 0 0 0 1 3.334 4.62565 -0.419643</i>
                        <i>1 0 0 0 1 0 0 0 1 3.334 4.62607 -0.419643</i>
                        <i>1 0 0 0 1 0 0 0 1 3.334 4.62643 -0.419643</i>
                        <i>1 0 0 0 1 0 0 0 1 3.334 4.62672 -0.419643</i>
                        <i>1 0 0 0 1 0 0 0 1 3.334 4.62696 -0.419643</i>
                        <i>1 0 0 0 1 0 0 0 1 3.334 4.62713 -0.419643</i>
                        <i>1 0 0 0 1 0 0 0 1 3.334 4.62724 -0.419643</i>
                        <i>1 0 0 0 1 0 0 0 1 3.334 4.62728 -0.419643</i>
                        <i>1 0 0 0 1 0 0 0 1 3.334 4.62725 -0.419643</i>
                        <i>1 0 0 0 1 0 0 0 1 3.334 4.62712 -0.419643</i>
                        <i>1 0 0 0 1 0 0 0 1 3.334 4.6269 -0.419643</i>
                        <i>1 0 0 0 1 0 0 0 1 3.334 4.62659 -0.419643</i>
                        <i>1 0 0 0 1 0 0 0 1 3.334 4.6262 -0.419643</i>
                        <i>1 0 0 0 1 0 0 0 1 3.334 4.62572 -0.419643</i>
                        <i>1 0 0 0 1 0 0 0 1 3.334 4.62517 -0.419643</i>
                        <i>1 0 0 0 1 0 0 0 1 3.334 4.62454 -0.419643</i>
                        <i>1 0 0 0 1 0 0 0 1 3.334 4.62384 -0.419643</i>
                        <i>1 0 0 0 1 0 0 0 1 3.334 4.62307 -0.419643</i>
                        <i>1 0 0 0 1 0 0 0 1 3.334 4.62224 -0.419643</i>
                        <i>1 0 0 0 1 0 0 0 1 3.334 4.62135 -0.419643</i>
                        <i>1 0 0 0 1 0 0 0 1 3.334 4.62041 -0.419643</i>
                        <i>1 0 0 0 1 0 0 0 1 3.334 4.61941 -0.419643</i>
                        <i>1 0 0 0 1 0 0 0 1 3.334 4.6179 -0.419643</i>
                        <i>1 0 0 0 1 0 0 0 1 3.334 4.61558 -0.419643</i>
                        <i>1 0 0 0 1 0 0 0 1 3.334 4.61263 -0.419643</i>
                        <i>1 0 0 0 1 0 0 0 1 3.334 4.60925 -0.419643</i>
                        <i>1 0 0 0 1 0 0 0 1 3.334 4.60564 -0.419643</i>
                        <i>1 0 0 0 1 0 0 0 1 3.334 4.60201 -0.419643</i>
                        <i>1 0 0 0 1 0 0 0 1 3.334 4.59855 -0.419643</i>
                        <i>1 0 0 0 1 0 0 0 1 3.334 4.59545 -0.419643</i>
                        <i>1 0 0 0 1 0 0 0 1 3.334 4.59293 -0.419643</i>
                        <i>1 0 0 0 1 0 0 0 1 3.334 4.59117 -0.419643</i>
                        <i>1 0 0 0 1 0 0 0 1 3.334 4.59007 -0.419643</i>
                        <i>1 0 0 0 1 0 0 0 1 3.334 4.58935 -0.419643</i>
                        <i>1 0 0 0 1 0 0 0 1 3.334 4.58896 -0.419643</i>
                        <i>1 0 0 0 1 0 0 0 1 3.334 4.58885 -0.419643</i>
                        <i>1 0 0 0 1 0 0 0 1 3.334 4.58895 -0.419643</i>
                        <i>1 0 0 0 1 0 0 0 1 3.334 4.58921 -0.419643</i>
                        <i>1 0 0 0 1 0 0 0 1 3.334 4.58958 -0.419643</i>
                        <i>1 0 0 0 1 0 0 0 1 3.334 4.59001 -0.419643</i>
                        <i>1 0 0 0 1 0 0 0 1 3.334 4.59043 -0.419643</i>
                        <i>1 0 0 0 1 0 0 0 1 3.334 4.59081 -0.419643</i>
                        <i>1 0 0 0 1 0 0 0 1 3.334 4.59107 -0.419643</i>
                        <i>1 0 0 0 1 0 0 0 1 3.334 4.59117 -0.419643</i>
                    </KeyFrames>
                </p>
            </i>
            <i>
                <p>
                    <Name><![CDATA[spine0]]></Name>
                    <Exclude>0</Exclude>
                    <Additive>0</Additive>
                    <IKPriority>0</IKPriority>
                    <IKRotLimits>-1e+010 -1e+010 -1e+010 1e+010 1e+010 1e+010</IKRotLimits>
                    <IKRotLimitOrder>0</IKRotLimitOrder>
                    <KeyFrames count="65">
                        <i>-0.0762565 0.783946 0.616128 -0.995778 -0.091547 -0.00676252 0.0511032 -0.614042 0.787617 3.31404 4.72334 -0.472838</i>
                        <i>-0.07765 0.802559 0.591497 -0.99556 -0.0940774 -0.00304736 0.0532008 -0.589108 0.806301 3.31379 4.72375 -0.476615</i>
                        <i>-0.079137 0.82152 0.564662 -0.995326 -0.0965648 0.00099668 0.0553452 -0.561944 0.825322 3.31353 4.72407 -0.480572</i>
                        <i>-0.0806951 0.840411 0.535909 -0.995079 -0.0989378 0.00531863 0.0574914 -0.532842 0.844259 3.31325 4.72427 -0.484643</i>
                        <i>-0.0823017 0.858853 0.505567 -0.994824 -0.101135 0.00985951 0.0595985 -0.502138 0.862731 3.31296 4.72434 -0.488765</i>
                        <i>-0.083934 0.876511 0.474007 -0.994564 -0.103109 0.0145534 0.0616306 -0.470209 0.880401 3.31267 4.72427 -0.492877</i>
                        <i>-0.0855691 0.893103 0.441639 -0.994303 -0.104823 0.0193291 0.0635571 -0.437469 0.896984 3.31238 4.72406 -0.496921</i>
                        <i>-0.0871846 0.908401 0.40891 -0.994046 -0.106258 0.024112 0.0653534 -0.404373 0.912256 3.31208 4.72372 -0.500843</i>
                        <i>-0.0887587 0.922239 0.376294 -0.993797 -0.107407 0.0288259 0.0670011 -0.371401 0.926052 3.3118 4.72327 -0.504596</i>
                        <i>-0.0902701 0.934513 0.344292 -0.99356 -0.108277 0.0333956 0.0684876 -0.33906 0.938268 3.31152 4.72271 -0.508135</i>
                        <i>-0.0916985 0.945177 0.31342 -0.993337 -0.108888 0.0377478 0.069806 -0.307871 0.948864 3.31126 4.72208 -0.511421</i>
                        <i>-0.0930246 0.95424 0.284205 -0.993132 -0.109269 0.0418132 0.0709548 -0.278364 0.957851 3.31102 4.72141 -0.514421</i>
                        <i>-0.0942301 0.961759 0.257177 -0.992948 -0.10946 0.045527 0.0719365 -0.251073 0.965291 3.3108 4.72072 -0.517106</i>
                        <i>-0.0952974 0.967829 0.232862 -0.992786 -0.109503 0.0488289 0.0727572 -0.226529 0.971283 3.3106 4.72005 -0.519449</i>
                        <i>-0.09621 0.97257 0.211782 -0.992649 -0.109446 0.0516634 0.073425 -0.205254 0.975951 3.31043 4.71944 -0.521429</i>
                        <i>-0.0969515 0.97611 0.194448 -0.992538 -0.109336 0.053978 0.0739486 -0.187764 0.979427 3.31029 4.71891 -0.523024</i>
                        <i>-0.0975055 0.978571 0.181361 -0.992455 -0.109216 0.0557225 0.074336 -0.17456 0.981837 3.31018 4.71851 -0.524214</i>
                        <i>-0.0979428 0.980398 0.170961 -0.992389 -0.109099 0.0571038 0.074636 -0.164067 0.983622 3.3101 4.71819 -0.525147</i>
                        <i>-0.0983443 0.981981 0.161377 -0.99233 -0.108972 0.0583619 0.0748958 -0.154399 0.985166 3.31002 4.71789 -0.525993</i>
                        <i>-0.0987087 0.983341 0.152632 -0.992277 -0.108841 0.0594965 0.0751179 -0.14558 0.986491 3.30995 4.71761 -0.526751</i>
                        <i>-0.0990349 0.9845 0.14475 -0.99223 -0.108709 0.0605076 0.0753053 -0.137633 0.987617 3.30989 4.71736 -0.527424</i>
                        <i>-0.0993221 0.985474 0.137752 -0.99219 -0.108581 0.0613951 0.0754606 -0.130578 0.988562 3.30984 4.71713 -0.528013</i>
                        <i>-0.0995697 0.986282 0.131661 -0.992155 -0.10846 0.0621593 0.0755866 -0.124439 0.989344 3.30979 4.71693 -0.528519</i>
                        <i>-0.0997771 0.986936 0.126497 -0.992127 -0.108351 0.0628003 0.075686 -0.119235 0.989977 3.30975 4.71677 -0.528943</i>
                        <i>-0.099944 0.987451 0.12228 -0.992105 -0.108256 0.0633184 0.0757613 -0.114986 0.990474 3.30972 4.71664 -0.529286</i>
                        <i>-0.10007 0.987835 0.11903 -0.992088 -0.108178 0.0637136 0.075815 -0.111713 0.990844 3.3097 4.71655 -0.529548</i>
                        <i>-0.100155 0.988096 0.116768 -0.992077 -0.10812 0.063986 0.0758492 -0.109434 0.991096 3.30968 4.71649 -0.52973</i>
                        <i>-0.100198 0.98824 0.115511 -0.992071 -0.108083 0.0641356 0.0758661 -0.108169 0.991233 3.30967 4.71647 -0.529831</i>
                        <i>-0.100199 0.988267 0.115279 -0.992071 -0.108069 0.064162 0.0758673 -0.107936 0.991259 3.30967 4.71649 -0.529851</i>
                        <i>-0.100159 0.988184 0.116022 -0.992078 -0.108073 0.0640434 0.0758254 -0.108688 0.99118 3.30967 4.71655 -0.52978</i>
                        <i>-0.100076 0.987994 0.1177 -0.992094 -0.108088 0.0637621 0.0757185 -0.110389 0.991 3.30969 4.71664 -0.529609</i>
                        <i>-0.0999517 0.987687 0.120349 -0.992119 -0.108116 0.0633243 0.0755563 -0.113071 0.99071 3.30972 4.71675 -0.529339</i>
                        <i>-0.0997851 0.987252 0.124001 -0.992152 -0.10816 0.0627362 0.0753484 -0.116768 0.990297 3.30975 4.7169 -0.528972</i>
                        <i>-0.099577 0.986673 0.128688 -0.992191 -0.108221 0.062004 0.0751045 -0.121509 0.989745 3.30979 4.71707 -0.52851</i>
                        <i>-0.0993279 0.985931 0.134443 -0.992237 -0.108299 0.0611337 0.0748337 -0.127327 0.989034 3.30984 4.71727 -0.527953</i>
                        <i>-0.0990377 0.985001 0.141296 -0.992288 -0.108396 0.0601306 0.0745446 -0.134251 0.98814 3.3099 4.7175 -0.527301</i>
                        <i>-0.0987062 0.983856 0.149277 -0.992343 -0.108509 0.0589997 0.0742451 -0.14231 0.987034 3.30997 4.71775 -0.526556</i>
                        <i>-0.0983322 0.982464 0.158415 -0.992403 -0.108638 0.0577451 0.0739423 -0.151533 0.985683 3.31005 4.71802 -0.525717</i>
                        <i>-0.0979135 0.980786 0.168738 -0.992467 -0.108778 0.0563703 0.0736421 -0.161947 0.984048 3.31013 4.71832 -0.524786</i>
                        <i>-0.0974467 0.978778 0.180272 -0.992534 -0.108924 0.0548778 0.0733491 -0.173579 0.982085 3.31022 4.71863 -0.52376</i>
                        <i>-0.096927 0.976391 0.193042 -0.992606 -0.109068 0.0532692 0.0730665 -0.186452 0.979743 3.31032 4.71896 -0.522642</i>
                        <i>-0.0963487 0.973575 0.207047 -0.992682 -0.109202 0.0515451 0.0727929 -0.200566 0.976972 3.31043 4.7193 -0.52143</i>
                        <i>-0.0957101 0.970295 0.222186 -0.992764 -0.109308 0.0497042 0.0725146 -0.215822 0.973736 3.31054 4.71965 -0.520125</i>
                        <i>-0.0947343 0.964847 0.245145 -0.992898 -0.109379 0.0468003 0.071969 -0.238971 0.968356 3.31072 4.72023 -0.51805</i>
                        <i>-0.0932086 0.955334 0.280444 -0.993119 -0.109264 0.0421347 0.0708951 -0.274587 0.958945 3.311 4.72111 -0.514664</i>
                        <i>-0.091238 0.941429 0.324635 -0.993416 -0.108724 0.0360981 0.0692795 -0.319204 0.94515 3.31136 4.72212 -0.510173</i>
                        <i>-0.0889412 0.923054 0.374247 -0.993772 -0.107562 0.0291214 0.0671355 -0.369326 0.926872 3.31178 4.72304 -0.504804</i>
                        <i>-0.0864507 0.900633 0.425896 -0.994164 -0.105678 0.0216736 0.0645277 -0.421537 0.904513 3.31223 4.72376 -0.498833</i>
                        <i>-0.0839106 0.875208 0.476414 -0.994568 -0.103106 0.0142401 0.0615842 -0.472632 0.879106 3.31269 4.72416 -0.492585</i>
                        <i>-0.0814715 0.848451 0.522965 -0.994957 -0.100033 0.00729039 0.0584994 -0.519734 0.852323 3.31312 4.72424 -0.486436</i>
                        <i>-0.0792847 0.822573 0.563105 -0.995304 -0.0967864 0.00124571 0.0555256 -0.560362 0.826384 3.31351 4.72404 -0.480802</i>
                        <i>-0.0774986 0.800156 0.594764 -0.995585 -0.093797 -0.00353796 0.0529561 -0.592412 0.803893 3.31382 4.72369 -0.476121</i>
                        <i>-0.0762565 0.783946 0.616128 -0.995778 -0.091547 -0.00676252 0.0511032 -0.614042 0.787617 3.31404 4.72334 -0.472838</i>
                        <i>-0.0754802 0.773593 0.629172 -0.995897 -0.0900743 -0.00872517 0.0499225 -0.627249 0.777217 3.31417 4.72307 -0.470782</i>
                        <i>-0.0749731 0.766722 0.637586 -0.995974 -0.0890831 -0.00998959 0.049139 -0.635768 0.770314 3.31426 4.72287 -0.469433</i>
                        <i>-0.074697 0.762946 0.642132 -0.996016 -0.0885339 -0.010672 0.0487083 -0.640371 0.76652 3.3143 4.72276 -0.468697</i>
                        <i>-0.0746135 0.7618 0.643502 -0.996029 -0.0883665 -0.0108775 0.0485775 -0.641758 0.765367 3.31432 4.72273 -0.468474</i>
                        <i>-0.0746842 0.76277 0.642343 -0.996018 -0.0885082 -0.0107036 0.0486882 -0.640584 0.766343 3.31431 4.72276 -0.468663</i>
                        <i>-0.0748703 0.76532 0.639281 -0.99599 -0.0888796 -0.010244 0.048979 -0.637484 0.768905 3.31427 4.72283 -0.46916</i>
                        <i>-0.0751336 0.768906 0.634932 -0.99595 -0.0893993 -0.00959095 0.049388 -0.633081 0.772508 3.31423 4.72294 -0.469861</i>
                        <i>-0.0754352 0.772987 0.629921 -0.995904 -0.0899874 -0.00883777 0.0498535 -0.628007 0.776609 3.31418 4.72305 -0.470663</i>
                        <i>-0.0757369 0.777038 0.624881 -0.995858 -0.0905673 -0.00807979 0.0503154 -0.622904 0.780679 3.31413 4.72316 -0.471463</i>
                        <i>-0.0759999 0.780546 0.620461 -0.995817 -0.0910663 -0.00741474 0.0507155 -0.618429 0.784202 3.31408 4.72325 -0.47216</i>
                        <i>-0.0761859 0.783013 0.617321 -0.995789 -0.0914154 -0.00694221 0.0509969 -0.615251 0.78668 3.31405 4.72331 -0.472651</i>
                        <i>-0.0762565 0.783946 0.616128 -0.995778 -0.091547 -0.00676252 0.0511032 -0.614042 0.787617 3.31404 4.72334 -0.472838</i>
                    </KeyFrames>
                </p>
            </i>
            <i>
                <p>
                    <Name><![CDATA[spine1]]></Name>
                    <Exclude>0</Exclude>
                    <Additive>0</Additive>
                    <IKPriority>0</IKPriority>
                    <IKRotLimits>-1e+010 -1e+010 -1e+010 1e+010 1e+010 1e+010</IKRotLimits>
                    <IKRotLimitOrder>0</IKRotLimitOrder>
                    <KeyFrames count="65">
                        <i>0.0742762 0.273625 0.958964 -0.973598 -0.18824 0.129121 0.215847 -0.943236 0.252419 3.29788 4.8895 -0.342557</i>
                        <i>0.0706603 0.302884 0.950404 -0.97851 -0.163982 0.125009 0.193713 -0.938814 0.284788 3.29734 4.89382 -0.351578</i>
                        <i>0.0668293 0.33385 0.940254 -0.983152 -0.138655 0.11911 0.170136 -0.932373 0.318959 3.29676 4.8981 -0.361251</i>
                        <i>0.062845 0.366029 0.928479 -0.987372 -0.112752 0.111281 0.14542 -0.923748 0.354321 3.29616 4.90224 -0.371446</i>
                        <i>0.0587689 0.398926 0.915098 -0.991047 -0.0867668 0.101471 0.11988 -0.912869 0.390255 3.29554 4.90614 -0.38203</i>
                        <i>0.0546615 0.432047 0.900193 -0.994086 -0.0611746 0.0897236 0.0938338 -0.899774 0.426148 3.29491 4.90973 -0.392861</i>
                        <i>0.0505815 0.46491 0.883912 -0.996429 -0.0364212 0.0761767 0.0676085 -0.884609 0.461408 3.29427 4.91294 -0.403794</i>
                        <i>0.046585 0.497049 0.866471 -0.998051 -0.0129059 0.0610627 0.0415337 -0.867627 0.495479 3.29365 4.91573 -0.414678</i>
                        <i>0.0427247 0.528024 0.848154 -0.99896 0.0090313 0.0446988 0.0159421 -0.849182 0.52786 3.29304 4.9181 -0.425363</i>
                        <i>0.0390496 0.557426 0.829308 -0.999198 0.0291199 0.0274761 -0.00883345 -0.829716 0.558116 3.29246 4.92003 -0.435698</i>
                        <i>0.0356045 0.584884 0.810335 -0.998839 0.0471644 0.00984458 -0.032461 -0.809745 0.585884 3.2919 4.92154 -0.445535</i>
                        <i>0.0324299 0.610063 0.791689 -0.997981 0.063046 -0.00770209 -0.0546116 -0.78984 0.610876 3.29139 4.92267 -0.454728</i>
                        <i>0.0295624 0.632668 0.773858 -0.996748 0.0767174 -0.0246434 -0.0749595 -0.770613 0.632879 3.29092 4.92347 -0.463138</i>
                        <i>0.0270351 0.652437 0.75736 -0.995282 0.0881937 -0.0404474 -0.0931838 -0.752693 0.651743 3.29051 4.92399 -0.470627</i>
                        <i>0.0248788 0.669135 0.742724 -0.993734 0.0975362 -0.0545855 -0.108968 -0.736713 0.667369 3.29015 4.92429 -0.477064</i>
                        <i>0.0231228 0.682543 0.73048 -0.992261 0.104833 -0.0665445 -0.121998 -0.723288 0.679684 3.28986 4.92445 -0.482322</i>
                        <i>0.0217969 0.692445 0.721141 -0.991015 0.110175 -0.0758372 -0.131965 -0.713009 0.688625 3.28964 4.92452 -0.486274</i>
                        <i>0.0207338 0.70019 0.713655 -0.98993 0.114353 -0.083435 -0.140029 -0.704739 0.695511 3.28947 4.92455 -0.489403</i>
                        <i>0.0197473 0.707272 0.706666 -0.988858 0.118124 -0.0905929 -0.147548 -0.697003 0.701724 3.28931 4.92455 -0.492271</i>
                        <i>0.0188396 0.713687 0.700212 -0.987811 0.121516 -0.0972768 -0.154512 -0.689844 0.707277 3.28917 4.92452 -0.494874</i>
                        <i>0.0180127 0.71943 0.694331 -0.986805 0.124553 -0.103455 -0.160909 -0.683306 0.712181 3.28904 4.92448 -0.49721</i>
                        <i>0.0172679 0.724497 0.689061 -0.985852 0.127257 -0.109096 -0.166728 -0.677428 0.716444 3.28893 4.92443 -0.499275</i>
                        <i>0.0166059 0.728884 0.684436 -0.984964 0.129652 -0.114174 -0.171958 -0.672249 0.720077 3.28884 4.92437 -0.501065</i>
                        <i>0.0160276 0.732582 0.68049 -0.984155 0.131755 -0.118661 -0.176587 -0.667806 0.723085 3.28875 4.92432 -0.502579</i>
                        <i>0.0155331 0.735584 0.677255 -0.983433 0.133584 -0.122533 -0.180604 -0.664132 0.725473 3.28869 4.92428 -0.503811</i>
                        <i>0.0151227 0.737882 0.67476 -0.98281 0.135152 -0.125768 -0.183997 -0.661259 0.727242 3.28864 4.92425 -0.504758</i>
                        <i>0.0147968 0.739465 0.673033 -0.982295 0.136471 -0.128345 -0.186756 -0.659218 0.728392 3.28861 4.92424 -0.505417</i>
                        <i>0.0145554 0.740318 0.672099 -0.981895 0.137547 -0.130244 -0.188867 -0.658035 0.728916 3.28859 4.92424 -0.505783</i>
                        <i>0.0143992 0.740427 0.671983 -0.981616 0.138386 -0.131447 -0.19032 -0.657737 0.728808 3.28859 4.92427 -0.505852</i>
                        <i>0.0143352 0.73992 0.672542 -0.981465 0.138964 -0.131967 -0.191104 -0.658185 0.728198 3.2886 4.92431 -0.505625</i>
                        <i>0.0143696 0.738897 0.673666 -0.981444 0.13926 -0.13181 -0.191209 -0.659271 0.727187 3.28864 4.92434 -0.505102</i>
                        <i>0.0145011 0.737296 0.675414 -0.981557 0.139272 -0.130958 -0.190621 -0.661058 0.725718 3.28869 4.92438 -0.504277</i>
                        <i>0.0147271 0.735057 0.677846 -0.981804 0.138993 -0.129393 -0.189327 -0.663606 0.723728 3.28876 4.92441 -0.503145</i>
                        <i>0.0150449 0.732112 0.681018 -0.982185 0.138413 -0.127099 -0.187313 -0.666973 0.721152 3.28885 4.92445 -0.5017</i>
                        <i>0.0154519 0.728395 0.684983 -0.982699 0.137517 -0.124064 -0.184564 -0.671215 0.717918 3.28896 4.92448 -0.499935</i>
                        <i>0.0159464 0.723833 0.68979 -0.983341 0.136284 -0.120277 -0.181068 -0.676382 0.713949 3.28908 4.9245 -0.497845</i>
                        <i>0.016528 0.718351 0.695484 -0.984107 0.134688 -0.11573 -0.176808 -0.682518 0.70916 3.28921 4.92451 -0.495422</i>
                        <i>0.0171985 0.711868 0.702102 -0.984987 0.1327 -0.110418 -0.171772 -0.689662 0.703463 3.28937 4.92451 -0.492661</i>
                        <i>0.0179629 0.704298 0.709677 -0.985971 0.130283 -0.10434 -0.165945 -0.697847 0.696758 3.28954 4.92448 -0.489555</i>
                        <i>0.0188295 0.695549 0.718232 -0.987048 0.127398 -0.0974975 -0.159315 -0.707094 0.688939 3.28972 4.92442 -0.486098</i>
                        <i>0.0198113 0.685523 0.727782 -0.988202 0.123998 -0.0898978 -0.151871 -0.717414 0.679891 3.28992 4.92431 -0.482281</i>
                        <i>0.0209256 0.674148 0.7383 -0.989415 0.12003 -0.0815571 -0.143599 -0.728778 0.669523 3.29014 4.92416 -0.478106</i>
                        <i>0.0221897 0.661483 0.749632 -0.990667 0.115414 -0.072518 -0.134487 -0.741026 0.657871 3.29038 4.92393 -0.473591</i>
                        <i>0.0244029 0.642272 0.766089 -0.99267 0.106302 -0.057501 -0.118368 -0.75907 0.640158 3.29075 4.9235 -0.466648</i>
                        <i>0.0281932 0.612403 0.790043 -0.995466 0.0890283 -0.0334866 -0.0908435 -0.785517 0.612136 3.29133 4.92256 -0.455777</i>
                        <i>0.0332947 0.573765 0.818343 -0.997955 0.0637843 -0.00411877 -0.0545606 -0.816533 0.574715 3.2921 4.92082 -0.441906</i>
                        <i>0.0393946 0.528496 0.848021 -0.999149 0.0312054 0.0269677 -0.0122105 -0.848362 0.529276 3.29298 4.91806 -0.425996</i>
                        <i>0.0461273 0.479082 0.876557 -0.998375 -0.00728495 0.0565193 0.0334631 -0.87774 0.477968 3.29395 4.91421 -0.409039</i>
                        <i>0.0530813 0.428335 0.902059 -0.995406 -0.0493888 0.0820261 0.0796863 -0.902269 0.423746 3.29493 4.90938 -0.39204</i>
                        <i>0.0598167 0.379294 0.923341 -0.990515 -0.0920723 0.10199 0.123698 -0.920684 0.370189 3.29587 4.9039 -0.375981</i>
                        <i>0.0658847 0.335094 0.939878 -0.984458 -0.131846 0.116017 0.162796 -0.932914 0.321199 3.29671 4.89831 -0.361804</i>
                        <i>0.0708454 0.298858 0.951664 -0.978369 -0.165079 0.124674 0.194359 -0.939911 0.280699 3.2974 4.89326 -0.350386</i>
                        <i>0.0742762 0.273625 0.958964 -0.973598 -0.18824 0.129121 0.215847 -0.943236 0.252419 3.29788 4.8895 -0.342557</i>
                        <i>0.0764033 0.257869 0.963154 -0.970436 -0.202574 0.131217 0.228947 -0.944705 0.234768 3.29817 4.88705 -0.337726</i>
                        <i>0.0777938 0.247575 0.965741 -0.968273 -0.211977 0.13234 0.237479 -0.945395 0.223229 3.29837 4.88542 -0.334587</i>
                        <i>0.0785511 0.24197 0.967099 -0.967062 -0.217108 0.132869 0.242115 -0.945682 0.216946 3.29847 4.88451 -0.332883</i>
                        <i>0.0787802 0.240275 0.967503 -0.966692 -0.218661 0.133018 0.243516 -0.945756 0.215046 3.2985 4.88423 -0.332369</i>
                        <i>0.0785864 0.241709 0.967161 -0.967006 -0.217347 0.132892 0.242331 -0.945694 0.216653 3.29848 4.88447 -0.332804</i>
                        <i>0.0780756 0.245489 0.96625 -0.967825 -0.213885 0.132543 0.239205 -0.945509 0.220891 3.29841 4.88508 -0.333952</i>
                        <i>0.0773537 0.250833 0.964935 -0.968966 -0.208998 0.132005 0.234781 -0.9452 0.226882 3.2983 4.88594 -0.335579</i>
                        <i>0.0765265 0.256957 0.963388 -0.970247 -0.203406 0.131324 0.229704 -0.944775 0.233746 3.29819 4.88691 -0.337447</i>
                        <i>0.0756998 0.263079 0.9618 -0.971501 -0.197826 0.130574 0.224621 -0.944274 0.240607 3.29807 4.88787 -0.339319</i>
                        <i>0.074979 0.268418 0.96038 -0.972573 -0.192969 0.129864 0.220182 -0.943777 0.246588 3.29797 4.8887 -0.340956</i>
                        <i>0.0744694 0.272194 0.959356 -0.973318 -0.18954 0.12933 0.217039 -0.94339 0.250816 3.2979 4.88928 -0.342116</i>
                        <i>0.0742762 0.273625 0.958964 -0.973598 -0.18824 0.129121 0.215847 -0.943236 0.252419 3.29788 4.8895 -0.342557</i>
                    </KeyFrames>
                </p>
            </i>
            <i>
                <p>
                    <Name><![CDATA[spine2]]></Name>
                    <Exclude>0</Exclude>
                    <Additive>0</Additive>
                    <IKPriority>0</IKPriority>
                    <IKRotLimits>-1e+010 -1e+010 -1e+010 1e+010 1e+010 1e+010</IKRotLimits>
                    <IKRotLimitOrder>0</IKRotLimitOrder>
                    <KeyFrames count="65">
                        <i>0.163256 0.170973 0.971656 -0.933974 -0.290533 0.208047 0.317868 -0.941467 0.112253 3.31267 4.942 -0.155859</i>
                        <i>0.153917 0.199072 0.967822 -0.944798 -0.257083 0.203135 0.28925 -0.945663 0.148514 3.31138 4.952 -0.166554</i>
                        <i>0.143997 0.229178 0.962674 -0.95523 -0.221887 0.195707 0.258457 -0.947757 0.186967 3.31001 4.96229 -0.178217</i>
                        <i>0.133644 0.260855 0.956083 -0.964949 -0.185616 0.185527 0.22586 -0.947366 0.226905 3.30859 4.97267 -0.190725</i>
                        <i>0.123008 0.293643 0.947968 -0.973683 -0.148962 0.172487 0.19186 -0.944237 0.267592 3.30712 4.98294 -0.203942</i>
                        <i>0.112239 0.327063 0.938314 -0.981218 -0.112611 0.156623 0.15689 -0.938269 0.30828 3.30564 4.99294 -0.217708</i>
                        <i>0.101484 0.360624 0.927174 -0.987401 -0.0772245 0.138113 0.121407 -0.929509 0.348244 3.30417 5.00251 -0.231848</i>
                        <i>0.0908896 0.393833 0.914678 -0.99215 -0.0434061 0.117277 0.0858902 -0.918157 0.386796 3.30272 5.01151 -0.246169</i>
                        <i>0.0805938 0.4262 0.901032 -0.99545 -0.0116843 0.094566 0.050832 -0.904553 0.423319 3.30131 5.01985 -0.260463</i>
                        <i>0.07073 0.457254 0.886519 -0.997355 0.0175082 0.0705425 0.0167345 -0.889164 0.457283 3.29996 5.02744 -0.274511</i>
                        <i>0.0614236 0.486544 0.871494 -0.997985 0.0438466 0.0458598 -0.0158993 -0.872555 0.488257 3.2987 5.03424 -0.288084</i>
                        <i>0.0527921 0.513652 0.856373 -0.997519 0.0671185 0.0212356 -0.0465708 -0.85537 0.515921 3.29753 5.04021 -0.300946</i>
                        <i>0.0449452 0.538188 0.841625 -0.996186 0.0872187 -0.00257389 -0.0747907 -0.8383 0.540056 3.29647 5.04534 -0.312862</i>
                        <i>0.0379858 0.559799 0.827757 -0.994254 0.104136 -0.0247993 -0.100082 -0.822059 0.560538 3.29553 5.04965 -0.323593</i>
                        <i>0.0320113 0.578156 0.815298 -0.992016 0.117932 -0.0446801 -0.121982 -0.807358 0.577316 3.29473 5.05316 -0.332903</i>
                        <i>0.0271163 0.592954 0.80478 -0.989774 0.128711 -0.0614836 -0.140041 -0.794883 0.590381 3.29407 5.05588 -0.340562</i>
                        <i>0.0233949 0.603893 0.796722 -0.987822 0.136583 -0.0745194 -0.15382 -0.785276 0.599734 3.29358 5.05785 -0.346343</i>
                        <i>0.0203974 0.612461 0.790238 -0.986091 0.142725 -0.0851645 -0.164947 -0.777509 0.606854 3.29319 5.05936 -0.350936</i>
                        <i>0.0176127 0.620337 0.784137 -0.984353 0.14828 -0.0951959 -0.175326 -0.770191 0.613242 3.29283 5.06072 -0.355173</i>
                        <i>0.0150455 0.627506 0.778466 -0.982635 0.153281 -0.104565 -0.184939 -0.763375 0.618915 3.2925 5.06191 -0.359041</i>
                        <i>0.0126995 0.633953 0.773268 -0.980965 0.157758 -0.113225 -0.193769 -0.757111 0.623889 3.2922 5.06297 -0.36253</i>
                        <i>0.0105776 0.639662 0.768583 -0.97937 0.161744 -0.121134 -0.201799 -0.751446 0.628177 3.29193 5.06388 -0.36563</i>
                        <i>0.00868208 0.644619 0.764454 -0.977875 0.165264 -0.128251 -0.20901 -0.746427 0.631792 3.2917 5.06466 -0.368329</i>
                        <i>0.00701502 0.648809 0.760919 -0.976504 0.168343 -0.134538 -0.215385 -0.742097 0.634746 3.2915 5.06531 -0.370618</i>
                        <i>0.00557803 0.652215 0.758014 -0.975279 0.171003 -0.139959 -0.220906 -0.738494 0.637045 3.29133 5.06584 -0.372486</i>
                        <i>0.00437262 0.654818 0.755774 -0.974221 0.173261 -0.144481 -0.225555 -0.735658 0.638695 3.2912 5.06624 -0.373924</i>
                        <i>0.00340036 0.656602 0.75423 -0.973347 0.17513 -0.148073 -0.229314 -0.733624 0.639697 3.2911 5.06653 -0.374923</i>
                        <i>0.00266298 0.657544 0.753412 -0.972673 0.176619 -0.150707 -0.232163 -0.732422 0.640045 3.29103 5.0667 -0.375473</i>
                        <i>0.00216257 0.657622 0.753345 -0.972214 0.17773 -0.152356 -0.234084 -0.732083 0.639734 3.29099 5.06675 -0.375565</i>
                        <i>0.00192261 0.657052 0.753843 -0.971964 0.178472 -0.153078 -0.23512 -0.732414 0.638974 3.29099 5.06668 -0.375232</i>
                        <i>0.00196339 0.656003 0.754756 -0.971921 0.178847 -0.152918 -0.2353 -0.733263 0.637934 3.29104 5.06651 -0.374499</i>
                        <i>0.0022811 0.654381 0.756162 -0.972093 0.178837 -0.151833 -0.234587 -0.734713 0.636527 3.29112 5.06623 -0.373349</i>
                        <i>0.00287065 0.652092 0.758135 -0.972487 0.178421 -0.149782 -0.232939 -0.736846 0.634663 3.29123 5.06582 -0.371761</i>
                        <i>0.00372656 0.649039 0.760746 -0.973109 0.177568 -0.146727 -0.230316 -0.739742 0.632247 3.29139 5.06527 -0.369717</i>
                        <i>0.00484364 0.645123 0.764063 -0.973958 0.176243 -0.142634 -0.226677 -0.743474 0.629177 3.29157 5.06457 -0.3672</i>
                        <i>0.00621815 0.640243 0.768147 -0.975031 0.174402 -0.13747 -0.221981 -0.748113 0.625341 3.2918 5.0637 -0.36419</i>
                        <i>0.00784859 0.634291 0.773055 -0.976321 0.171995 -0.131209 -0.216186 -0.75372 0.620621 3.29206 5.06265 -0.360672</i>
                        <i>0.00973682 0.627156 0.778832 -0.977813 0.16896 -0.123831 -0.209254 -0.760347 0.614887 3.29235 5.06139 -0.35663</i>
                        <i>0.0118892 0.618723 0.785519 -0.979489 0.165232 -0.115322 -0.201145 -0.768037 0.607997 3.29267 5.05991 -0.352048</i>
                        <i>0.0143178 0.608868 0.793143 -0.981324 0.160734 -0.105675 -0.191827 -0.776817 0.599798 3.29304 5.05819 -0.346913</i>
                        <i>0.0170413 0.597461 0.801717 -0.983286 0.15538 -0.0948929 -0.181266 -0.7867 0.590124 3.29344 5.05618 -0.341213</i>
                        <i>0.020087 0.584415 0.811206 -0.985335 0.14908 -0.0830024 -0.169442 -0.797643 0.57884 3.29389 5.05387 -0.33495</i>
                        <i>0.0234891 0.56983 0.821427 -0.98742 0.141735 -0.0700872 -0.156363 -0.809447 0.565991 3.29439 5.05125 -0.328175</i>
                        <i>0.0295528 0.548115 0.83588 -0.990591 0.127854 -0.0488156 -0.133627 -0.826573 0.546737 3.29522 5.04718 -0.317961</i>
                        <i>0.0400193 0.515098 0.856196 -0.994647 0.10223 -0.0150125 -0.0952623 -0.851013 0.516432 3.29659 5.04053 -0.302348</i>
                        <i>0.0540332 0.473178 0.879308 -0.997526 0.0652451 0.0261876 -0.0449791 -0.878548 0.475532 3.29841 5.03138 -0.282881</i>
                        <i>0.0706507 0.425011 0.902427 -0.997411 0.0179648 0.0696262 0.0133799 -0.90501 0.42518 3.30056 5.01992 -0.261106</i>
                        <i>0.0888293 0.373518 0.92336 -0.993154 -0.0373817 0.110665 0.0758523 -0.926869 0.367641 3.30292 5.00653 -0.238515</i>
                        <i>0.107446 0.32178 0.940698 -0.984522 -0.097334 0.145746 0.13846 -0.941798 0.306341 3.30534 4.99189 -0.216489</i>
                        <i>0.125337 0.272867 0.953852 -0.972285 -0.157478 0.172808 0.197365 -0.949075 0.245566 3.30767 4.97691 -0.196247</i>
                        <i>0.141341 0.229688 0.962947 -0.958133 -0.212927 0.191423 0.249005 -0.949687 0.189976 3.30977 4.96274 -0.178829</i>
                        <i>0.154337 0.194908 0.968602 -0.944452 -0.258799 0.202566 0.290155 -0.946062 0.144139 3.31148 4.95066 -0.16511</i>
                        <i>0.163256 0.170973 0.971656 -0.933974 -0.290533 0.208047 0.317868 -0.941467 0.112253 3.31267 4.942 -0.155859</i>
                        <i>0.168742 0.156119 0.973218 -0.927116 -0.310079 0.210491 0.334636 -0.937805 0.0924171 3.3134 4.9365 -0.150213</i>
                        <i>0.172321 0.146472 0.97409 -0.922462 -0.322852 0.211734 0.3455 -0.935047 0.0794801 3.31388 4.93286 -0.146572</i>
                        <i>0.174268 0.141238 0.974517 -0.919869 -0.329805 0.212295 0.351384 -0.933424 0.0724458 3.31414 4.93087 -0.144605</i>
                        <i>0.174856 0.139658 0.974639 -0.919078 -0.331907 0.212448 0.353159 -0.932917 0.0703204 3.31422 4.93026 -0.144013</i>
                        <i>0.174359 0.140994 0.974536 -0.919748 -0.330128 0.212319 0.351657 -0.933347 0.0721188 3.31415 4.93077 -0.144514</i>
                        <i>0.173046 0.144522 0.974253 -0.921502 -0.325439 0.211952 0.347692 -0.934453 0.0768619 3.31398 4.93212 -0.145839</i>
                        <i>0.171189 0.14952 0.973826 -0.92395 -0.318809 0.211371 0.342069 -0.935951 0.0835723 3.31373 4.93402 -0.14772</i>
                        <i>0.16906 0.155263 0.9733 -0.926709 -0.311211 0.210612 0.335602 -0.937572 0.0912702 3.31344 4.93618 -0.149889</i>
                        <i>0.166929 0.161019 0.972732 -0.92942 -0.303615 0.209755 0.32911 -0.93909 0.0989725 3.31316 4.93833 -0.15207</i>
                        <i>0.16507 0.166053 0.972203 -0.931744 -0.296991 0.208927 0.323428 -0.940331 0.105694 3.31291 4.94019 -0.153983</i>
                        <i>0.163755 0.169619 0.97181 -0.933364 -0.292308 0.208296 0.319399 -0.941162 0.110449 3.31273 4.94151 -0.155342</i>
                        <i>0.163256 0.170973 0.971656 -0.933974 -0.290533 0.208047 0.317868 -0.941467 0.112253 3.31267 4.942 -0.155859</i>
                    </KeyFrames>
                </p>
            </i>
            <i>
                <p>
                    <Name><![CDATA[head]]></Name>
                    <Exclude>0</Exclude>
                    <Additive>0</Additive>
                    <IKPriority>0</IKPriority>
                    <IKRotLimits>-1e+010 -1e+010 -1e+010 1e+010 1e+010 1e+010</IKRotLimits>
                    <IKRotLimitOrder>0</IKRotLimitOrder>
                    <KeyFrames count="65">
                        <i>0.0604548 0.897603 0.436639 -0.243336 0.437494 -0.865671 -0.968056 -0.0539159 0.244868 3.35741 5.00922 0.104461</i>
                        <i>0.0583186 0.906032 0.419172 -0.207973 0.421701 -0.882562 -0.976395 -0.0357067 0.213023 3.35355 5.02677 0.0921964</i>
                        <i>0.0557338 0.915124 0.399303 -0.170415 0.402775 -0.899295 -0.983795 -0.017926 0.178399 3.34944 5.04513 0.0785637</i>
                        <i>0.0526271 0.924631 0.377211 -0.13114 0.380862 -0.915285 -0.989966 -0.00129855 0.1413 3.34516 5.06398 0.0636553</i>
