<?xml version="1.0" encoding="ISO-8859-1" ?>
<Animl Version="1">
    <ModellingPackage><![CDATA[Maya.2010]]></ModellingPackage>
    <SrcFile><![CDATA[anims\turrets\antiair\blue\~src\aa_patriot\aa_patriot_idle_alt_crewman_a.mb]]></SrcFile>
    <FramesPerSecond>30</FramesPerSecond>
    <TotalFrames>65</TotalFrames>
    <Skeleton>
        <RefFrame>
            <Name><![CDATA[soldier_ref_frame]]></Name>
            <Exclude>0</Exclude>
            <Additive>0</Additive>
            <IKPriority>0</IKPriority>
            <IKRotLimits>-1e+010 -1e+010 -1e+010 1e+010 1e+010 1e+010</IKRotLimits>
            <IKRotLimitOrder>0</IKRotLimitOrder>
            <KeyFrames count="65">
                <i>1 0 0 0 1 0 0 0 1 3.62 6.17 -0.98</i>
                <i>1 0 0 0 1 0 0 0 1 3.62 6.17 -0.98</i>
                <i>1 0 0 0 1 0 0 0 1 3.62 6.17 -0.98</i>
                <i>1 0 0 0 1 0 0 0 1 3.62 6.17 -0.98</i>
                <i>1 0 0 0 1 0 0 0 1 3.62 6.17 -0.98</i>
                <i>1 0 0 0 1 0 0 0 1 3.62 6.17 -0.98</i>
                <i>1 0 0 0 1 0 0 0 1 3.62 6.17 -0.98</i>
                <i>1 0 0 0 1 0 0 0 1 3.62 6.17 -0.98</i>
                <i>1 0 0 0 1 0 0 0 1 3.62 6.17 -0.98</i>
                <i>1 0 0 0 1 0 0 0 1 3.62 6.17 -0.98</i>
                <i>1 0 0 0 1 0 0 0 1 3.62 6.17 -0.98</i>
                <i>1 0 0 0 1 0 0 0 1 3.62 6.17 -0.98</i>
                <i>1 0 0 0 1 0 0 0 1 3.62 6.17 -0.98</i>
                <i>1 0 0 0 1 0 0 0 1 3.62 6.17 -0.98</i>
                <i>1 0 0 0 1 0 0 0 1 3.62 6.17 -0.98</i>
                <i>1 0 0 0 1 0 0 0 1 3.62 6.17 -0.98</i>
                <i>1 0 0 0 1 0 0 0 1 3.62 6.17 -0.98</i>
                <i>1 0 0 0 1 0 0 0 1 3.62 6.17 -0.98</i>
                <i>1 0 0 0 1 0 0 0 1 3.62 6.17 -0.98</i>
                <i>1 0 0 0 1 0 0 0 1 3.62 6.17 -0.98</i>
                <i>1 0 0 0 1 0 0 0 1 3.62 6.17 -0.98</i>
                <i>1 0 0 0 1 0 0 0 1 3.62 6.17 -0.98</i>
                <i>1 0 0 0 1 0 0 0 1 3.62 6.17 -0.98</i>
                <i>1 0 0 0 1 0 0 0 1 3.62 6.17 -0.98</i>
                <i>1 0 0 0 1 0 0 0 1 3.62 6.17 -0.98</i>
                <i>1 0 0 0 1 0 0 0 1 3.62 6.17 -0.98</i>
                <i>1 0 0 0 1 0 0 0 1 3.62 6.17 -0.98</i>
                <i>1 0 0 0 1 0 0 0 1 3.62 6.17 -0.98</i>
                <i>1 0 0 0 1 0 0 0 1 3.62 6.17 -0.98</i>
                <i>1 0 0 0 1 0 0 0 1 3.62 6.17 -0.98</i>
                <i>1 0 0 0 1 0 0 0 1 3.62 6.17 -0.98</i>
                <i>1 0 0 0 1 0 0 0 1 3.62 6.17 -0.98</i>
                <i>1 0 0 0 1 0 0 0 1 3.62 6.17 -0.98</i>
                <i>1 0 0 0 1 0 0 0 1 3.62 6.17 -0.98</i>
                <i>1 0 0 0 1 0 0 0 1 3.62 6.17 -0.98</i>
                <i>1 0 0 0 1 0 0 0 1 3.62 6.17 -0.98</i>
                <i>1 0 0 0 1 0 0 0 1 3.62 6.17 -0.98</i>
                <i>1 0 0 0 1 0 0 0 1 3.62 6.17 -0.98</i>
                <i>1 0 0 0 1 0 0 0 1 3.62 6.17 -0.98</i>
                <i>1 0 0 0 1 0 0 0 1 3.62 6.17 -0.98</i>
                <i>1 0 0 0 1 0 0 0 1 3.62 6.17 -0.98</i>
                <i>1 0 0 0 1 0 0 0 1 3.62 6.17 -0.98</i>
                <i>1 0 0 0 1 0 0 0 1 3.62 6.17 -0.98</i>
                <i>1 0 0 0 1 0 0 0 1 3.62 6.17 -0.98</i>
                <i>1 0 0 0 1 0 0 0 1 3.62 6.17 -0.98</i>
                <i>1 0 0 0 1 0 0 0 1 3.62 6.17 -0.98</i>
                <i>1 0 0 0 1 0 0 0 1 3.62 6.17 -0.98</i>
                <i>1 0 0 0 1 0 0 0 1 3.62 6.17 -0.98</i>
                <i>1 0 0 0 1 0 0 0 1 3.62 6.17 -0.98</i>
                <i>1 0 0 0 1 0 0 0 1 3.62 6.17 -0.98</i>
                <i>1 0 0 0 1 0 0 0 1 3.62 6.17 -0.98</i>
                <i>1 0 0 0 1 0 0 0 1 3.62 6.17 -0.98</i>
                <i>1 0 0 0 1 0 0 0 1 3.62 6.17 -0.98</i>
                <i>1 0 0 0 1 0 0 0 1 3.62 6.17 -0.98</i>
                <i>1 0 0 0 1 0 0 0 1 3.62 6.17 -0.98</i>
                <i>1 0 0 0 1 0 0 0 1 3.62 6.17 -0.98</i>
                <i>1 0 0 0 1 0 0 0 1 3.62 6.17 -0.98</i>
                <i>1 0 0 0 1 0 0 0 1 3.62 6.17 -0.98</i>
                <i>1 0 0 0 1 0 0 0 1 3.62 6.17 -0.98</i>
                <i>1 0 0 0 1 0 0 0 1 3.62 6.17 -0.98</i>
                <i>1 0 0 0 1 0 0 0 1 3.62 6.17 -0.98</i>
                <i>1 0 0 0 1 0 0 0 1 3.62 6.17 -0.98</i>
                <i>1 0 0 0 1 0 0 0 1 3.62 6.17 -0.98</i>
                <i>1 0 0 0 1 0 0 0 1 3.62 6.17 -0.98</i>
                <i>1 0 0 0 1 0 0 0 1 3.62 6.17 -0.98</i>
            </KeyFrames>
        </RefFrame>
        <Bones count="23">
            <i>
                <p>
                    <Name><![CDATA[pelvis]]></Name>
                    <Exclude>0</Exclude>
                    <Additive>0</Additive>
                    <IKPriority>0</IKPriority>
                    <IKRotLimits>-1e+010 -1e+010 -1e+010 1e+010 1e+010 1e+010</IKRotLimits>
                    <IKRotLimitOrder>2</IKRotLimitOrder>
                    <KeyFrames count="65">
                        <i>1 0 0 0 1 0 0 0 1 3.67346 7.3091 -0.98</i>
                        <i>1 0 0 0 1 0 0 0 1 3.67346 7.30902 -0.98</i>
                        <i>1 0 0 0 1 0 0 0 1 3.67346 7.30881 -0.98</i>
                        <i>1 0 0 0 1 0 0 0 1 3.67346 7.30846 -0.98</i>
                        <i>1 0 0 0 1 0 0 0 1 3.67346 7.30799 -0.98</i>
                        <i>1 0 0 0 1 0 0 0 1 3.67346 7.30741 -0.98</i>
                        <i>1 0 0 0 1 0 0 0 1 3.67346 7.30671 -0.98</i>
                        <i>1 0 0 0 1 0 0 0 1 3.67346 7.30591 -0.98</i>
                        <i>1 0 0 0 1 0 0 0 1 3.67346 7.30502 -0.98</i>
                        <i>1 0 0 0 1 0 0 0 1 3.67346 7.30405 -0.98</i>
                        <i>1 0 0 0 1 0 0 0 1 3.67346 7.303 -0.98</i>
                        <i>1 0 0 0 1 0 0 0 1 3.67346 7.30189 -0.98</i>
                        <i>1 0 0 0 1 0 0 0 1 3.67346 7.30071 -0.98</i>
                        <i>1 0 0 0 1 0 0 0 1 3.67346 7.2995 -0.98</i>
                        <i>1 0 0 0 1 0 0 0 1 3.67346 7.2983 -0.98</i>
                        <i>1 0 0 0 1 0 0 0 1 3.67346 7.29711 -0.98</i>
                        <i>1 0 0 0 1 0 0 0 1 3.67346 7.29595 -0.98</i>
                        <i>1 0 0 0 1 0 0 0 1 3.67346 7.29484 -0.98</i>
                        <i>1 0 0 0 1 0 0 0 1 3.67346 7.2938 -0.98</i>
                        <i>1 0 0 0 1 0 0 0 1 3.67346 7.29283 -0.98</i>
                        <i>1 0 0 0 1 0 0 0 1 3.67346 7.29196 -0.98</i>
                        <i>1 0 0 0 1 0 0 0 1 3.67346 7.29119 -0.98</i>
                        <i>1 0 0 0 1 0 0 0 1 3.67346 7.29055 -0.98</i>
                        <i>1 0 0 0 1 0 0 0 1 3.67346 7.29005 -0.98</i>
                        <i>1 0 0 0 1 0 0 0 1 3.67346 7.28971 -0.98</i>
                        <i>1 0 0 0 1 0 0 0 1 3.67346 7.28953 -0.98</i>
                        <i>1 0 0 0 1 0 0 0 1 3.67346 7.28951 -0.98</i>
                        <i>1 0 0 0 1 0 0 0 1 3.67346 7.28964 -0.98</i>
                        <i>1 0 0 0 1 0 0 0 1 3.67346 7.28989 -0.98</i>
                        <i>1 0 0 0 1 0 0 0 1 3.67346 7.29026 -0.98</i>
                        <i>1 0 0 0 1 0 0 0 1 3.67346 7.29073 -0.98</i>
                        <i>1 0 0 0 1 0 0 0 1 3.67346 7.29129 -0.98</i>
                        <i>1 0 0 0 1 0 0 0 1 3.67346 7.29193 -0.98</i>
                        <i>1 0 0 0 1 0 0 0 1 3.67346 7.29262 -0.98</i>
                        <i>1 0 0 0 1 0 0 0 1 3.67346 7.29337 -0.98</i>
                        <i>1 0 0 0 1 0 0 0 1 3.67346 7.29414 -0.98</i>
                        <i>1 0 0 0 1 0 0 0 1 3.67346 7.29494 -0.98</i>
                        <i>1 0 0 0 1 0 0 0 1 3.67346 7.29574 -0.98</i>
                        <i>1 0 0 0 1 0 0 0 1 3.67346 7.29654 -0.98</i>
                        <i>1 0 0 0 1 0 0 0 1 3.67346 7.29731 -0.98</i>
                        <i>1 0 0 0 1 0 0 0 1 3.67346 7.29805 -0.98</i>
                        <i>1 0 0 0 1 0 0 0 1 3.67346 7.29874 -0.98</i>
                        <i>1 0 0 0 1 0 0 0 1 3.67346 7.29937 -0.98</i>
                        <i>1 0 0 0 1 0 0 0 1 3.67346 7.29992 -0.98</i>
                        <i>1 0 0 0 1 0 0 0 1 3.67346 7.30039 -0.98</i>
                        <i>1 0 0 0 1 0 0 0 1 3.67346 7.30075 -0.98</i>
                        <i>1 0 0 0 1 0 0 0 1 3.67346 7.30099 -0.98</i>
                        <i>1 0 0 0 1 0 0 0 1 3.67346 7.3011 -0.98</i>
                        <i>1 0 0 0 1 0 0 0 1 3.67346 7.30106 -0.98</i>
                        <i>1 0 0 0 1 0 0 0 1 3.67346 7.30096 -0.98</i>
                        <i>1 0 0 0 1 0 0 0 1 3.67346 7.30087 -0.98</i>
                        <i>1 0 0 0 1 0 0 0 1 3.67346 7.3008 -0.98</i>
                        <i>1 0 0 0 1 0 0 0 1 3.67346 7.30075 -0.98</i>
                        <i>1 0 0 0 1 0 0 0 1 3.67346 7.30072 -0.98</i>
                        <i>1 0 0 0 1 0 0 0 1 3.67346 7.30071 -0.98</i>
                        <i>1 0 0 0 1 0 0 0 1 3.67346 7.30087 -0.98</i>
                        <i>1 0 0 0 1 0 0 0 1 3.67346 7.30131 -0.98</i>
                        <i>1 0 0 0 1 0 0 0 1 3.67346 7.30199 -0.98</i>
                        <i>1 0 0 0 1 0 0 0 1 3.67346 7.30286 -0.98</i>
                        <i>1 0 0 0 1 0 0 0 1 3.67346 7.30386 -0.98</i>
                        <i>1 0 0 0 1 0 0 0 1 3.67346 7.30494 -0.98</i>
                        <i>1 0 0 0 1 0 0 0 1 3.67346 7.30605 -0.98</i>
                        <i>1 0 0 0 1 0 0 0 1 3.67346 7.30715 -0.98</i>
                        <i>1 0 0 0 1 0 0 0 1 3.67346 7.30818 -0.98</i>
                        <i>1 0 0 0 1 0 0 0 1 3.67346 7.3091 -0.98</i>
                    </KeyFrames>
                </p>
            </i>
            <i>
                <p>
                    <Name><![CDATA[spine0]]></Name>
                    <Exclude>0</Exclude>
                    <Additive>0</Additive>
                    <IKPriority>0</IKPriority>
                    <IKRotLimits>-1e+010 -1e+010 -1e+010 1e+010 1e+010 1e+010</IKRotLimits>
                    <IKRotLimitOrder>0</IKRotLimitOrder>
                    <KeyFrames count="65">
                        <i>-0.0826132 0.996013 0.0336616 -0.377339 -2.22045e-016 -0.926075 -0.922383 -0.0892079 0.375835 3.69987 7.4501 -0.990762</i>
                        <i>-0.0878118 0.995426 0.037644 -0.368083 0.00269122 -0.929789 -0.925637 -0.0955026 0.366163 3.69949 7.45016 -0.9899</i>
                        <i>-0.0935867 0.994738 0.0416992 -0.357914 0.00546897 -0.933739 -0.929053 -0.10231 0.355518 3.69905 7.45009 -0.988991</i>
                        <i>-0.0997926 0.993961 0.0456481 -0.347106 0.00821932 -0.93779 -0.932501 -0.109429 0.34419 3.69858 7.44989 -0.988067</i>
                        <i>-0.106272 0.993112 0.049343 -0.335943 0.0108457 -0.94182 -0.935868 -0.116665 0.332476 3.69807 7.44955 -0.987159</i>
                        <i>-0.112854 0.992214 0.0526723 -0.324713 0.0132713 -0.945719 -0.939056 -0.123832 0.320687 3.69754 7.4491 -0.986291</i>
                        <i>-0.11936 0.991295 0.0555622 -0.313713 0.0154399 -0.949392 -0.941986 -0.13075 0.309139 3.69701 7.44852 -0.985485</i>
                        <i>-0.1256 0.990386 0.0579759 -0.303246 0.0173157 -0.952755 -0.944599 -0.137247 0.298155 3.69649 7.44784 -0.984759</i>
                        <i>-0.131378 0.98952 0.0599101 -0.293617 0.0188815 -0.955737 -0.946852 -0.143153 0.288059 3.696 7.44705 -0.984125</i>
                        <i>-0.136496 0.988737 0.0613894 -0.285135 0.020135 -0.958276 -0.948718 -0.148305 0.279175 3.69556 7.44616 -0.983594</i>
                        <i>-0.140753 0.988073 0.0624569 -0.278112 0.0210848 -0.960317 -0.95018 -0.152538 0.271827 3.69519 7.44518 -0.983174</i>
                        <i>-0.143952 0.987567 0.0631635 -0.272856 0.0217435 -0.961809 -0.951224 -0.155688 0.266333 3.69492 7.44411 -0.98287</i>
                        <i>-0.145895 0.987257 0.0635536 -0.269675 0.0221206 -0.962697 -0.951835 -0.157591 0.263011 3.69475 7.44296 -0.982691</i>
                        <i>-0.147167 0.987052 0.0637966 -0.26768 0.0223477 -0.963249 -0.952202 -0.158836 0.260925 3.69464 7.44177 -0.98258</i>
                        <i>-0.148474 0.986841 0.0640402 -0.265776 0.022556 -0.963771 -0.952533 -0.160115 0.25893 3.69454 7.44058 -0.982476</i>
                        <i>-0.149801 0.986624 0.0642821 -0.263966 0.0227467 -0.964264 -0.952828 -0.161416 0.257028 3.69444 7.43941 -0.982378</i>
                        <i>-0.151136 0.986405 0.06452 -0.262248 0.0229207 -0.964728 -0.953092 -0.162725 0.255219 3.69435 7.43827 -0.982287</i>
                        <i>-0.152464 0.986186 0.0647517 -0.260625 0.0230791 -0.965164 -0.953326 -0.164028 0.253505 3.69426 7.43717 -0.982201</i>
                        <i>-0.153771 0.985968 0.0649753 -0.259095 0.0232229 -0.965573 -0.953532 -0.165312 0.251888 3.69418 7.43614 -0.982121</i>
                        <i>-0.155046 0.985754 0.0651887 -0.25766 0.0233529 -0.965953 -0.953715 -0.166563 0.250368 3.6941 7.43519 -0.982046</i>
                        <i>-0.156272 0.985547 0.0653899 -0.25632 0.0234703 -0.966307 -0.953876 -0.167768 0.248947 3.69402 7.43433 -0.981978</i>
                        <i>-0.157438 0.985349 0.0655771 -0.255075 0.0235758 -0.966634 -0.954018 -0.168912 0.247626 3.69396 7.43357 -0.981914</i>
                        <i>-0.15853 0.985163 0.0657483 -0.253926 0.0236705 -0.966934 -0.954143 -0.169983 0.246406 3.69389 7.43294 -0.981857</i>
                        <i>-0.159534 0.98499 0.0659016 -0.252874 0.0237552 -0.967208 -0.954256 -0.170967 0.245289 3.69384 7.43245 -0.981804</i>
                        <i>-0.160436 0.984835 0.0660351 -0.251918 0.0238306 -0.967455 -0.954357 -0.17185 0.244275 3.69378 7.43212 -0.981756</i>
                        <i>-0.161284 0.984688 0.0661608 -0.25106 0.0238961 -0.967677 -0.95444 -0.172681 0.243362 3.69374 7.43195 -0.981714</i>
                        <i>-0.162125 0.984541 0.0662898 -0.250298 0.0239507 -0.967872 -0.954498 -0.173508 0.242546 3.69369 7.43193 -0.981677</i>
                        <i>-0.16294 0.984398 0.0664189 -0.249634 0.0239952 -0.968043 -0.954533 -0.174313 0.24183 3.69366 7.43206 -0.981644</i>
                        <i>-0.163713 0.984261 0.0665447 -0.249068 0.0240304 -0.968188 -0.954549 -0.175079 0.241214 3.69363 7.43232 -0.981617</i>
                        <i>-0.164425 0.984134 0.0666641 -0.2486 0.024057 -0.968307 -0.954548 -0.175786 0.2407 3.6936 7.43269 -0.981594</i>
                        <i>-0.165059 0.984021 0.0667737 -0.248231 0.0240757 -0.968402 -0.954535 -0.176419 0.24029 3.69358 7.43317 -0.981576</i>
                        <i>-0.165598 0.983924 0.0668701 -0.247961 0.0240871 -0.968471 -0.954512 -0.176958 0.239985 3.69357 7.43373 -0.981563</i>
                        <i>-0.166025 0.983846 0.0669499 -0.24779 0.0240918 -0.968514 -0.954482 -0.177387 0.239787 3.69356 7.43437 -0.981555</i>
                        <i>-0.166321 0.983792 0.0670095 -0.247719 0.0240905 -0.968532 -0.954449 -0.177687 0.239697 3.69355 7.43507 -0.981552</i>
                        <i>-0.16647 0.983765 0.0670453 -0.247748 0.0240835 -0.968525 -0.954415 -0.177841 0.239717 3.69355 7.43581 -0.981553</i>
                        <i>-0.166454 0.983767 0.0670535 -0.247878 0.0240713 -0.968492 -0.954384 -0.17783 0.239847 3.69356 7.43658 -0.98156</i>
                        <i>-0.166256 0.983802 0.0670301 -0.248109 0.0240544 -0.968433 -0.954359 -0.177638 0.240091 3.69357 7.43738 -0.981571</i>
                        <i>-0.165848 0.983875 0.0669687 -0.248441 0.0240332 -0.968349 -0.954344 -0.177236 0.240449 3.69359 7.43818 -0.981587</i>
                        <i>-0.165233 0.983985 0.0668692 -0.248874 0.0240076 -0.968238 -0.954337 -0.176627 0.240922 3.69362 7.43897 -0.981608</i>
                        <i>-0.164437 0.984127 0.0667369 -0.24941 0.0239766 -0.968101 -0.954335 -0.175836 0.241508 3.69365 7.43974 -0.981634</i>
                        <i>-0.163486 0.984297 0.0665768 -0.250046 0.023939 -0.967938 -0.954332 -0.174892 0.242206 3.69368 7.44048 -0.981665</i>
                        <i>-0.162408 0.984487 0.0663939 -0.250785 0.0238937 -0.967748 -0.954322 -0.173821 0.243014 3.69372 7.44116 -0.981701</i>
                        <i>-0.161229 0.984695 0.0661932 -0.251625 0.0238397 -0.967531 -0.954301 -0.17265 0.243931 3.69377 7.44178 -0.981742</i>
                        <i>-0.159974 0.984914 0.0659796 -0.252568 0.0237756 -0.967287 -0.954263 -0.171405 0.244954 3.69382 7.44233 -0.981789</i>
                        <i>-0.158671 0.985139 0.065758 -0.253612 0.0237004 -0.967016 -0.954204 -0.170114 0.246082 3.69388 7.44278 -0.981841</i>
                        <i>-0.157345 0.985367 0.0655334 -0.254758 0.0236128 -0.966717 -0.954118 -0.168804 0.247314 3.69394 7.44313 -0.981898</i>
                        <i>-0.156024 0.985592 0.065311 -0.256006 0.0235115 -0.966389 -0.954001 -0.1675 0.248649 3.69401 7.44336 -0.981962</i>
                        <i>-0.154733 0.985809 0.0650958 -0.257356 0.0233953 -0.966034 -0.953848 -0.16623 0.250084 3.69408 7.44346 -0.982031</i>
                        <i>-0.153499 0.986016 0.0648934 -0.258808 0.0232628 -0.965649 -0.953654 -0.165021 0.251618 3.69416 7.44341 -0.982106</i>
                        <i>-0.152293 0.986216 0.0646961 -0.260362 0.0231142 -0.965234 -0.953425 -0.163843 0.253253 3.69424 7.44329 -0.982187</i>
                        <i>-0.151067 0.986418 0.0644914 -0.262019 0.0229499 -0.96479 -0.953166 -0.162646 0.254993 3.69433 7.44319 -0.982274</i>
                        <i>-0.149818 0.986622 0.0642771 -0.263778 0.0227691 -0.964315 -0.952877 -0.161427 0.256838 3.69443 7.44311 -0.982368</i>
                        <i>-0.148542 0.98683 0.0640509 -0.265641 0.0225712 -0.963808 -0.95256 -0.160181 0.25879 3.69453 7.44304 -0.982469</i>
                        <i>-0.147235 0.987041 0.0638106 -0.267606 0.0223553 -0.963269 -0.952212 -0.158903 0.260847 3.69463 7.44299 -0.982576</i>
                        <i>-0.145895 0.987257 0.0635536 -0.269675 0.0221206 -0.962697 -0.951835 -0.157591 0.263011 3.69475 7.44296 -0.982691</i>
                        <i>-0.143525 0.987635 0.0630719 -0.273484 0.0216681 -0.961632 -0.951108 -0.155267 0.266993 3.69495 7.44309 -0.982906</i>
                        <i>-0.139359 0.988291 0.0621222 -0.280306 0.0207979 -0.959685 -0.949741 -0.151154 0.274126 3.69531 7.44347 -0.983303</i>
                        <i>-0.133745 0.98916 0.060622 -0.289588 0.0194927 -0.956953 -0.947761 -0.145543 0.283842 3.69579 7.44406 -0.98387</i>
                        <i>-0.127034 0.990173 0.0584851 -0.300774 0.017733 -0.953531 -0.945197 -0.138722 0.295565 3.69636 7.44481 -0.984593</i>
                        <i>-0.119578 0.991264 0.0556545 -0.313308 0.0155162 -0.949525 -0.942093 -0.130979 0.308715 3.69699 7.44568 -0.985456</i>
                        <i>-0.111721 0.992371 0.0521286 -0.326641 0.0128702 -0.945061 -0.938522 -0.122611 0.322711 3.69763 7.44661 -0.986437</i>
                        <i>-0.103796 0.993441 0.0479769 -0.340231 0.00986223 -0.94029 -0.934596 -0.113922 0.336976 3.69826 7.44756 -0.987502</i>
                        <i>-0.0961154 0.994426 0.0433497 -0.35355 0.00660412 -0.935392 -0.930464 -0.105232 0.350945 3.69886 7.44849 -0.988613</i>
                        <i>-0.0889672 0.995291 0.0384771 -0.366085 0.00325158 -0.930576 -0.926319 -0.0968766 0.364072 3.6994 7.44935 -0.989718</i>
                        <i>-0.0826132 0.996013 0.0336616 -0.377339 -2.22045e-016 -0.926075 -0.922383 -0.0892079 0.375835 3.69987 7.4501 -0.990762</i>
                    </KeyFrames>
                </p>
            </i>
            <i>
                <p>
                    <Name><![CDATA[spine1]]></Name>
                    <Exclude>0</Exclude>
                    <Additive>0</Additive>
                    <IKPriority>0</IKPriority>
                    <IKRotLimits>-1e+010 -1e+010 -1e+010 1e+010 1e+010 1e+010</IKRotLimits>
                    <IKRotLimitOrder>0</IKRotLimitOrder>
                    <KeyFrames count="65">
                        <i>-0.161791 0.984621 0.0659233 -0.377339 -2.22045e-016 -0.926075 -0.911833 -0.174706 0.371536 3.68575 7.62033 -0.985008</i>
                        <i>-0.171151 0.982752 0.0700401 -0.365408 0.00270289 -0.930844 -0.914978 -0.184908 0.358643 3.68448 7.62029 -0.983465</i>
                        <i>-0.181475 0.980599 0.0741074 -0.352291 0.00553048 -0.935874 -0.918127 -0.195945 0.344453 3.68306 7.6201 -0.981863</i>
                        <i>-0.192486 0.978201 0.0779164 -0.338341 0.00837482 -0.940986 -0.921127 -0.207489 0.329353 3.68152 7.61977 -0.980264</i>
                        <i>-0.203896 0.97561 0.0813048 -0.323921 0.0111412 -0.946019 -0.923851 -0.219226 0.313749 3.6799 7.6193 -0.978724</i>
                        <i>-0.215403 0.972892 0.0841628 -0.309407 0.0137501 -0.95083 -0.926212 -0.230852 0.298057 3.67824 7.61869 -0.977287</i>
                        <i>-0.226695 0.970123 0.0864358 -0.295182 0.0161384 -0.955305 -0.928158 -0.242077 0.282704 3.6766 7.61797 -0.975987</i>
                        <i>-0.237453 0.967394 0.0881225 -0.28164 0.0182591 -0.959346 -0.929675 -0.252619 0.268121 3.67501 7.61714 -0.974848</i>
                        <i>-0.247356 0.964804 0.0892699 -0.269179 0.0200802 -0.962881 -0.930784 -0.262204 0.254737 3.67354 7.61621 -0.973883</i>
                        <i>-0.256081 0.96246 0.0899642 -0.258199 0.0215822 -0.965851 -0.931534 -0.270565 0.24298 3.67222 7.61519 -0.973098</i>
                        <i>-0.263309 0.960474 0.0903179 -0.249106 0.0227542 -0.968209 -0.931995 -0.277437 0.233268 3.67113 7.6141 -0.972495</i>
                        <i>-0.268724 0.958961 0.0904537 -0.2423 0.0235888 -0.969915 -0.932244 -0.282556 0.226017 3.6703 7.61295 -0.97207</i>
                        <i>-0.272012 0.95803 0.090485 -0.23818 0.0240764 -0.970922 -0.932352 -0.285655 0.221635 3.6698 7.61175 -0.971824</i>
                        <i>-0.274272 0.957381 0.0905297 -0.235596 0.024375 -0.971545 -0.932346 -0.287796 0.21887 3.66947 7.61053 -0.971672</i>
                        <i>-0.276774 0.956651 0.0906357 -0.233131 0.0246541 -0.972133 -0.932226 -0.290191 0.216201 3.66915 7.60931 -0.971526</i>
                        <i>-0.279466 0.955853 0.0907912 -0.230785 0.0249144 -0.972686 -0.932007 -0.292786 0.213634 3.66882 7.6081 -0.971387</i>
                        <i>-0.282299 0.955002 0.0909849 -0.22856 0.0251566 -0.973205 -0.931701 -0.29553 0.211174 3.6685 7.60692 -0.971254</i>
                        <i>-0.285221 0.954112 0.0912064 -0.226456 0.0253814 -0.973691 -0.931325 -0.298372 0.208825 3.66819 7.60579 -0.971129</i>
                        <i>-0.288182 0.953199 0.0914457 -0.224474 0.0255894 -0.974144 -0.930893 -0.301258 0.206594 3.66788 7.60473 -0.97101</i>
                        <i>-0.291131 0.952279 0.0916932 -0.222614 0.0257814 -0.974566 -0.930422 -0.304139 0.204485 3.66758 7.60374 -0.970899</i>
                        <i>-0.294018 0.951368 0.0919399 -0.220877 0.0259579 -0.974956 -0.929928 -0.306962 0.202503 3.6673 7.60285 -0.970796</i>
                        <i>-0.296792 0.950483 0.0921772 -0.219264 0.0261194 -0.975316 -0.929429 -0.309677 0.200655 3.66703 7.60206 -0.9707</i>
                        <i>-0.299403 0.949643 0.0923968 -0.217775 0.0262667 -0.975645 -0.928941 -0.312233 0.198944 3.66678 7.60141 -0.970613</i>
                        <i>-0.3018 0.948865 0.0925904 -0.216411 0.0264002 -0.975945 -0.928484 -0.314578 0.197377 3.66655 7.60089 -0.970534</i>
                        <i>-0.303934 0.948168 0.0927501 -0.215173 0.0265205 -0.976216 -0.928076 -0.316662 0.19596 3.66635 7.60053 -0.970463</i>
                        <i>-0.30598 0.947493 0.0929149 -0.21406 0.0266274 -0.976457 -0.927661 -0.318666 0.194673 3.66615 7.60034 -0.970399</i>
                        <i>-0.308108 0.946783 0.0931209 -0.213073 0.026721 -0.976671 -0.927184 -0.320761 0.193501 3.66597 7.6003 -0.970339</i>
                        <i>-0.310255 0.946058 0.0933563 -0.212212 0.0268016 -0.976856 -0.926665 -0.322886 0.19245 3.66579 7.60041 -0.970285</i>
                        <i>-0.312359 0.945341 0.0936096 -0.211478 0.0268694 -0.977013 -0.926126 -0.324976 0.191526 3.66563 7.60065 -0.970236</i>
                        <i>-0.31436 0.944652 0.0938694 -0.210871 0.0269247 -0.977143 -0.925587 -0.326969 0.190736 3.66548 7.60101 -0.970192</i>
                        <i>-0.316194 0.944014 0.0941245 -0.210392 0.0269678 -0.977245 -0.925071 -0.328802 0.190086 3.66535 7.60146 -0.970155</i>
                        <i>-0.317801 0.94345 0.0943637 -0.210042 0.0269988 -0.97732 -0.9246 -0.330413 0.189584 3.66524 7.60201 -0.970126</i>
                        <i>-0.319119 0.942984 0.0945756 -0.20982 0.027018 -0.977367 -0.924196 -0.33174 0.189235 3.66516 7.60264 -0.970104</i>
                        <i>-0.320086 0.942639 0.0947488 -0.209728 0.0270254 -0.977386 -0.923883 -0.332719 0.189047 3.6651 7.60333 -0.97009</i>
                        <i>-0.320642 0.942437 0.0948716 -0.209766 0.0270211 -0.977378 -0.923681 -0.333289 0.189027 3.66508 7.60407 -0.970085</i>
                        <i>-0.320724 0.942403 0.0949317 -0.209934 0.0270053 -0.977342 -0.923614 -0.333387 0.189181 3.66509 7.60485 -0.97009</i>
                        <i>-0.320272 0.942558 0.0949166 -0.210233 0.0269778 -0.977279 -0.923703 -0.33295 0.189517 3.66514 7.60565 -0.970105</i>
                        <i>-0.319187 0.942938 0.0948056 -0.210664 0.0269388 -0.977187 -0.923981 -0.331878 0.190044 3.66522 7.60646 -0.970132</i>
                        <i>-0.317475 0.943536 0.0945985 -0.211226 0.0268881 -0.977067 -0.924442 -0.330177 0.190763 3.66535 7.60726 -0.97017</i>
                        <i>-0.315231 0.944317 0.0943124 -0.21192 0.0268254 -0.976919 -0.925051 -0.327942 0.191664 3.66552 7.60806 -0.970219</i>
                        <i>-0.312549 0.945243 0.0939646 -0.212746 0.0267501 -0.976741 -0.925771 -0.32527 0.192736 3.66572 7.60881 -0.970278</i>
                        <i>-0.309524 0.946276 0.0935719 -0.213704 0.0266619 -0.976534 -0.926566 -0.322257 0.193971 3.66594 7.60953 -0.970345</i>
                        <i>-0.30625 0.947383 0.0931514 -0.214794 0.0265602 -0.976298 -0.927402 -0.319 0.195358 3.66619 7.61018 -0.970421</i>
                        <i>-0.302824 0.948526 0.0927204 -0.216016 0.0264446 -0.976032 -0.928243 -0.315594 0.196889 3.66646 7.61075 -0.970505</i>
                        <i>-0.299339 0.949672 0.0922968 -0.21737 0.0263143 -0.975735 -0.929057 -0.312138 0.198553 3.66674 7.61124 -0.970595</i>
                        <i>-0.295893 0.95079 0.0918989 -0.218855 0.0261689 -0.975406 -0.929812 -0.308728 0.200342 3.66703 7.61162 -0.970692</i>
                        <i>-0.29258 0.951849 0.0915457 -0.220473 0.0260076 -0.975046 -0.930478 -0.305463 0.202247 3.66733 7.61189 -0.970793</i>
                        <i>-0.289498 0.952818 0.091257 -0.222222 0.0258298 -0.974654 -0.931025 -0.30244 0.20426 3.66762 7.61202 -0.970899</i>
                        <i>-0.286743 0.953671 0.0910538 -0.224103 0.0256348 -0.974228 -0.931427 -0.299758 0.20637 3.66791 7.612 -0.971009</i>
                        <i>-0.284211 0.954442 0.0909138 -0.226117 0.0254223 -0.973768 -0.931716 -0.297313 0.20859 3.6682 7.61192 -0.971124</i>
                        <i>-0.281727 0.955189 0.0907977 -0.228264 0.0251917 -0.973273 -0.931947 -0.294924 0.210938 3.6685 7.61185 -0.971247</i>
                        <i>-0.279279 0.955917 0.0907012 -0.230543 0.0249426 -0.972742 -0.932123 -0.292577 0.213414 3.66881 7.6118 -0.971378</i>
                        <i>-0.276853 0.95663 0.0906199 -0.232956 0.0246742 -0.972174 -0.932247 -0.290259 0.216021 3.66913 7.61176 -0.971517</i>
                        <i>-0.274435 0.957333 0.0905494 -0.235501 0.0243857 -0.971568 -0.932322 -0.287957 0.218761 3.66946 7.61175 -0.971666</i>
                        <i>-0.272012 0.95803 0.090485 -0.23818 0.0240764 -0.970922 -0.932352 -0.285655 0.221635 3.6698 7.61175 -0.971824</i>
                        <i>-0.267909 0.959193 0.0904031 -0.243114 0.0234914 -0.969713 -0.932266 -0.281773 0.226899 3.67041 7.61194 -0.972122</i>
                        <i>-0.260814 0.961169 0.0901694 -0.251947 0.0223956 -0.967482 -0.931933 -0.275051 0.236323 3.67148 7.61243 -0.972682</i>
                        <i>-0.251267 0.963764 0.0895748 -0.263964 0.0208061 -0.964308 -0.931229 -0.265944 0.249171 3.67292 7.61316 -0.973505</i>
                        <i>-0.239817 0.966785 0.0884037 -0.278441 0.0187388 -0.96027 -0.930031 -0.254905 0.264699 3.67464 7.61407 -0.974595</i>
                        <i>-0.227018 0.970043 0.0864815 -0.294658 0.0162234 -0.955465 -0.928245 -0.24239 0.282148 3.67654 7.61512 -0.975942</i>
                        <i>-0.213423 0.973367 0.0837102 -0.311899 0.0133146 -0.950022 -0.925834 -0.228866 0.300751 3.67853 7.61623 -0.977525</i>
                        <i>-0.199583 0.976602 0.0800937 -0.329461 0.010099 -0.944115 -0.922834 -0.214817 0.319737 3.68052 7.61736 -0.979301</i>
                        <i>-0.18603 0.97962 0.0757502 -0.34666 0.00669871 -0.937967 -0.919358 -0.20075 0.338348 3.68243 7.61845 -0.981202</i>
                        <i>-0.173272 0.982318 0.0709138 -0.362832 0.00327007 -0.931849 -0.915604 -0.187193 0.355849 3.6842 7.61945 -0.983141</i>
                        <i>-0.161791 0.984621 0.0659233 -0.377339 -2.22045e-016 -0.926075 -0.911833 -0.174706 0.371536 3.68575 7.62033 -0.985008</i>
                    </KeyFrames>
                </p>
            </i>
            <i>
                <p>
                    <Name><![CDATA[spine2]]></Name>
                    <Exclude>0</Exclude>
                    <Additive>0</Additive>
                    <IKPriority>0</IKPriority>
                    <IKRotLimits>-1e+010 -1e+010 -1e+010 1e+010 1e+010 1e+010</IKRotLimits>
                    <IKRotLimitOrder>0</IKRotLimitOrder>
                    <KeyFrames count="65">
                        <i>-0.357646 0.922417 0.145727 -0.377339 -2.22045e-016 -0.926075 -0.854228 -0.386195 0.348064 3.66029 7.7753 -0.974634</i>
                        <i>-0.369289 0.917585 0.147183 -0.362845 0.00343952 -0.931843 -0.855552 -0.397524 0.331671 3.65755 7.77497 -0.972446</i>
                        <i>-0.382029 0.912181 0.148254 -0.346912 0.00713917 -0.93787 -0.856566 -0.409725 0.31372 3.6545 7.77444 -0.970207</i>
                        <i>-0.395502 0.906331 0.1488 -0.329972 0.0109801 -0.943927 -0.857144 -0.422425 0.294722 3.65122 7.77373 -0.968011</i>
                        <i>-0.409339 0.900177 0.148738 -0.31247 0.0148491 -0.949812 -0.857207 -0.435271 0.2752 3.64781 7.77285 -0.965941</i>
                        <i>-0.423167 0.893875 0.148047 -0.294863 0.01864 -0.955358 -0.85673 -0.447929 0.255683 3.64434 7.77182 -0.964057</i>
                        <i>-0.436615 0.887595 0.146774 -0.277622 0.0222549 -0.960433 -0.855742 -0.460087 0.236699 3.64092 7.77066 -0.962403</i>
                        <i>-0.449315 0.881523 0.145027 -0.261222 0.0256045 -0.964939 -0.85433 -0.471446 0.218769 3.63763 7.7694 -0.961001</i>
                        <i>-0.46091 0.875855 0.142967 -0.246146 0.0286082 -0.96881 -0.852628 -0.481725 0.202402 3.6346 7.76807 -0.959858</i>
                        <i>-0.47105 0.870797 0.1408 -0.232876 0.0311924 -0.972006 -0.850811 -0.490653 0.188095 3.63191 7.76669 -0.958966</i>
                        <i>-0.479397 0.866558 0.138762 -0.221896 0.0332891 -0.974502 -0.849082 -0.497964 0.176327 3.62967 7.76529 -0.958309</i>
                        <i>-0.485619 0.863354 0.137094 -0.213684 0.0348327 -0.976282 -0.847652 -0.503395 0.16757 3.62799 7.7639 -0.957864</i>
                        <i>-0.489385 0.861393 0.136029 -0.208718 0.0357566 -0.977322 -0.846723 -0.506678 0.162289 3.62697 7.76256 -0.957614</i>
                        <i>-0.49199 0.860009 0.135391 -0.205605 0.0363388 -0.97796 -0.845974 -0.508983 0.158944 3.62629 7.76123 -0.957456</i>
                        <i>-0.494903 0.858419 0.134858 -0.202641 0.0369033 -0.978557 -0.844989 -0.511619 0.155688 3.62557 7.7599 -0.957293</i>
                        <i>-0.498061 0.856661 0.134414 -0.199827 0.0374491 -0.979115 -0.843803 -0.514519 0.152532 3.62482 7.75856 -0.95713</i>
                        <i>-0.501399 0.854769 0.134046 -0.197161 0.0379751 -0.979635 -0.842452 -0.517617 0.149487 3.62406 7.75725 -0.956967</i>
                        <i>-0.504853 0.852782 0.133741 -0.194646 0.0384801 -0.980119 -0.840973 -0.520848 0.146563 3.62328 7.75599 -0.956807</i>
                        <i>-0.508359 0.850736 0.133488 -0.19228 0.0389624 -0.980566 -0.839404 -0.524146 0.143772 3.62251 7.75478 -0.956651</i>
                        <i>-0.511853 0.848672 0.133275 -0.190063 0.0394207 -0.98098 -0.837784 -0.527448 0.141124 3.62174 7.75364 -0.956501</i>
                        <i>-0.515273 0.846629 0.133091 -0.187997 0.0398533 -0.981361 -0.836153 -0.530689 0.138628 3.62101 7.75261 -0.95636</i>
                        <i>-0.518556 0.844648 0.132928 -0.18608 0.0402583 -0.98171 -0.83455 -0.533807 0.136295 3.6203 7.75169 -0.956227</i>
                        <i>-0.521641 0.84277 0.132776 -0.184312 0.040634 -0.982027 -0.833018 -0.536738 0.134136 3.61964 7.7509 -0.956105</i>
                        <i>-0.524466 0.841039 0.132626 -0.182694 0.0409784 -0.982316 -0.8316 -0.539421 0.132161 3.61903 7.75026 -0.955996</i>
                        <i>-0.52697 0.839496 0.132471 -0.181224 0.0412895 -0.982575 -0.830338 -0.541794 0.130379 3.61849 7.74979 -0.9559</i>
                        <i>-0.529369 0.838005 0.132352 -0.179907 0.0415742 -0.982805 -0.829097 -0.544077 0.128755 3.61797 7.7495 -0.95581</i>
                        <i>-0.531868 0.836427 0.132312 -0.178743 0.0418391 -0.983006 -0.827748 -0.54648 0.127253 3.61745 7.74935 -0.955718</i>
                        <i>-0.534394 0.834811 0.132336 -0.177734 0.0420819 -0.983178 -0.826337 -0.548926 0.125886 3.61693 7.74935 -0.955626</i>
                        <i>-0.536872 0.833208 0.132413 -0.176877 0.0423 -0.983324 -0.824914 -0.55134 0.124666 3.61644 7.74948 -0.955537</i>
                        <i>-0.539229 0.831666 0.132531 -0.176174 0.042491 -0.983441 -0.823526 -0.553648 0.123606 3.61597 7.74972 -0.955453</i>
                        <i>-0.54139 0.830237 0.132677 -0.175624 0.0426521 -0.983533 -0.822224 -0.555776 0.122718 3.61556 7.75009 -0.955376</i>
                        <i>-0.543284 0.828973 0.13284 -0.175226 0.0427809 -0.983598 -0.821059 -0.55765 0.122015 3.61519 7.75055 -0.955308</i>
                        <i>-0.544838 0.827925 0.133008 -0.174979 0.0428746 -0.983638 -0.820082 -0.559197 0.12151 3.6149 7.7511 -0.955253</i>
                        <i>-0.54598 0.827147 0.13317 -0.174883 0.0429306 -0.983653 -0.819342 -0.560343 0.121215 3.6147 7.75174 -0.955212</i>
                        <i>-0.546637 0.82669 0.133312 -0.174938 0.0429462 -0.983642 -0.818892 -0.561017 0.121144 3.61458 7.75245 -0.955187</i>
                        <i>-0.546738 0.826605 0.133422 -0.175144 0.042919 -0.983607 -0.818781 -0.561143 0.121309 3.61458 7.75322 -0.955183</i>
                        <i>-0.546208 0.826945 0.133486 -0.175498 0.0428462 -0.983547 -0.819059 -0.560648 0.121725 3.6147 7.75404 -0.9552</i>
                        <i>-0.54493 0.827788 0.133483 -0.176002 0.042724 -0.983462 -0.819802 -0.559411 0.122411 3.61496 7.75491 -0.955244</i>
                        <i>-0.542908 0.829128 0.13341 -0.176655 0.0425527 -0.983353 -0.821002 -0.557437 0.123367 3.61536 7.75581 -0.955315</i>
                        <i>-0.540252 0.83088 0.133286 -0.17746 0.0423362 -0.983217 -0.822579 -0.554838 0.124575 3.61588 7.75672 -0.955409</i>
                        <i>-0.537075 0.832963 0.133129 -0.178417 0.0420784 -0.983055 -0.82445 -0.551727 0.126016 3.6165 7.75763 -0.955523</i>
                        <i>-0.533488 0.835292 0.132957 -0.17953 0.0417833 -0.982865 -0.826534 -0.548217 0.127669 3.6172 7.7585 -0.955652</i>
                        <i>-0.529603 0.837787 0.132787 -0.1808 0.0414546 -0.982646 -0.828753 -0.544421 0.129518 3.61797 7.75932 -0.955795</i>
                        <i>-0.525535 0.840369 0.132639 -0.182229 0.0410961 -0.982397 -0.831027 -0.540454 0.131542 3.61878 7.76008 -0.955946</i>
                        <i>-0.521397 0.84296 0.132531 -0.183819 0.0407116 -0.982117 -0.83328 -0.536434 0.133725 3.61961 7.76074 -0.956103</i>
                        <i>-0.517306 0.845483 0.132484 -0.18557 0.0403045 -0.981804 -0.835439 -0.532479 0.136046 3.62044 7.7613 -0.956262</i>
                        <i>-0.513381 0.847867 0.13252 -0.187485 0.0398784 -0.981458 -0.83743 -0.528707 0.138489 3.62126 7.76173 -0.956419</i>
                        <i>-0.509739 0.85004 0.132661 -0.189564 0.0394364 -0.981076 -0.839185 -0.52524 0.141035 3.62204 7.76201 -0.95657</i>
                        <i>-0.5065 0.851931 0.132932 -0.19181 0.0389815 -0.980658 -0.840635 -0.5222 0.143665 3.62276 7.76213 -0.956712</i>
                        <i>-0.50354 0.853625 0.133309 -0.19422 0.0385091 -0.980202 -0.841859 -0.519462 0.1464 3.62345 7.76216 -0.956849</i>
                        <i>-0.500644 0.855258 0.133748 -0.196793 0.0380121 -0.979708 -0.842987 -0.516806 0.149279 3.62415 7.76221 -0.956989</i>
                        <i>-0.497798 0.856841 0.134244 -0.19953 0.0374895 -0.979174 -0.844029 -0.514216 0.152303 3.62484 7.76227 -0.957135</i>
                        <i>-0.494983 0.858384 0.134792 -0.202429 0.0369401 -0.9786 -0.844994 -0.511676 0.155477 3.62554 7.76235 -0.957287</i>
                        <i>-0.492184 0.859898 0.135389 -0.205492 0.0363628 -0.977983 -0.845889 -0.509169 0.158805 3.62625 7.76244 -0.957446</i>
                        <i>-0.489385 0.861393 0.136029 -0.208718 0.0357566 -0.977322 -0.846723 -0.506678 0.162289 3.62697 7.76256 -0.957614</i>
                        <i>-0.484665 0.863864 0.137252 -0.214664 0.034644 -0.976073 -0.84795 -0.502532 0.16865 3.62823 7.76292 -0.957924</i>
                        <i>-0.476495 0.868064 0.139351 -0.225323 0.0326312 -0.973737 -0.849813 -0.49538 0.180047 3.63042 7.76372 -0.958519</i>
                        <i>-0.465438 0.873631 0.141904 -0.23984 0.0298366 -0.970354 -0.851965 -0.485674 0.195644 3.63337 7.76486 -0.959434</i>
                        <i>-0.45207 0.880204 0.144477 -0.257349 0.0263785 -0.965958 -0.854051 -0.473862 0.214595 3.63689 7.76624 -0.960704</i>
                        <i>-0.436984 0.887429 0.14668 -0.276986 0.0223843 -0.960613 -0.855759 -0.460401 0.236024 3.64081 7.7678 -0.962351</i>
                        <i>-0.420791 0.894969 0.148207 -0.297886 0.0179964 -0.954432 -0.856854 -0.445766 0.259026 3.64494 7.76943 -0.964367</i>
                        <i>-0.404124 0.902509 0.148867 -0.319193 0.0133757 -0.947595 -0.857204 -0.430463 0.282669 3.64911 7.77107 -0.966708</i>
                        <i>-0.387621 0.909763 0.148599 -0.340074 0.00870221 -0.940359 -0.856796 -0.415037 0.306013 3.65316 7.77264 -0.969289</i>
                        <i>-0.371919 0.916474 0.147484 -0.359716 0.00417329 -0.933053 -0.855734 -0.400072 0.328118 3.65693 7.77407 -0.971985</i>
                        <i>-0.357646 0.922417 0.145727 -0.377339 -2.22045e-016 -0.926075 -0.854228 -0.386195 0.348064 3.66029 7.7753 -0.974634</i>
                    </KeyFrames>
                </p>
            </i>
            <i>
                <p>
                    <Name><![CDATA[head]]></Name>
                    <Exclude>0</Exclude>
                    <Additive>0</Additive>
                    <IKPriority>0</IKPriority>
                    <IKRotLimits>-1e+010 -1e+010 -1e+010 1e+010 1e+010 1e+010</IKRotLimits>
                    <IKRotLimitOrder>0</IKRotLimitOrder>
                    <KeyFrames count="65">
                        <i>-0.139461 0.98627 0.0884406 0.710292 0.161866 -0.685043 -0.689953 -0.0327184 -0.723114 3.5718 8.01424 -0.938577</i>
                        <i>-0.169424 0.98009 0.103533 0.740246 0.195904 -0.643163 -0.65064 -0.0323271 -0.758698 3.56611 8.01272 -0.935952</i>
                        <i>-0.20372 0.971986 0.117226 0.769241 0.232982 -0.594969 -0.605613 -0.0310314 -0.795154 3.55983 8.01087 -0.933368</i>
                        <i>-0.241449 0.961888 0.128348 0.795446 0.271935 -0.541588 -0.555849 -0.0286723 -0.830789 3.55314 8.00872 -0.930958</i>
