<?xml version="1.0" encoding="ISO-8859-1" ?>
<Animl Version="1">
    <ModellingPackage><![CDATA[Maya.2010]]></ModellingPackage>
    <SrcFile><![CDATA[anims\turrets\antiair\blue\~src\aa_patriot\aa_patriot_reload_crewman_d.mb]]></SrcFile>
    <FramesPerSecond>30</FramesPerSecond>
    <TotalFrames>92</TotalFrames>
    <Skeleton>
        <RefFrame>
            <Name><![CDATA[soldier_ref_frame]]></Name>
            <Exclude>0</Exclude>
            <Additive>0</Additive>
            <IKPriority>0</IKPriority>
            <IKRotLimits>-1e+010 -1e+010 -1e+010 1e+010 1e+010 1e+010</IKRotLimits>
            <IKRotLimitOrder>0</IKRotLimitOrder>
            <KeyFrames count="92">
                <i>1 0 0 0 1 0 0 0 1 0.49 3.72 3.98</i>
                <i>1 0 0 0 1 0 0 0 1 0.49 3.72 3.98</i>
                <i>1 0 0 0 1 0 0 0 1 0.49 3.72 3.98</i>
                <i>1 0 0 0 1 0 0 0 1 0.49 3.72 3.98</i>
                <i>1 0 0 0 1 0 0 0 1 0.49 3.72 3.98</i>
                <i>1 0 0 0 1 0 0 0 1 0.49 3.72 3.98</i>
                <i>1 0 0 0 1 0 0 0 1 0.49 3.72 3.98</i>
                <i>1 0 0 0 1 0 0 0 1 0.49 3.72 3.98</i>
                <i>1 0 0 0 1 0 0 0 1 0.49 3.72 3.98</i>
                <i>1 0 0 0 1 0 0 0 1 0.49 3.72 3.98</i>
                <i>1 0 0 0 1 0 0 0 1 0.49 3.72 3.98</i>
                <i>1 0 0 0 1 0 0 0 1 0.49 3.72 3.98</i>
                <i>1 0 0 0 1 0 0 0 1 0.49 3.72 3.98</i>
                <i>1 0 0 0 1 0 0 0 1 0.49 3.72 3.98</i>
                <i>1 0 0 0 1 0 0 0 1 0.49 3.72 3.98</i>
                <i>1 0 0 0 1 0 0 0 1 0.49 3.72 3.98</i>
                <i>1 0 0 0 1 0 0 0 1 0.49 3.72 3.98</i>
                <i>1 0 0 0 1 0 0 0 1 0.49 3.72 3.98</i>
                <i>1 0 0 0 1 0 0 0 1 0.49 3.72 3.98</i>
                <i>1 0 0 0 1 0 0 0 1 0.49 3.72 3.98</i>
                <i>1 0 0 0 1 0 0 0 1 0.49 3.72 3.98</i>
                <i>1 0 0 0 1 0 0 0 1 0.49 3.72 3.98</i>
                <i>1 0 0 0 1 0 0 0 1 0.49 3.72 3.98</i>
                <i>1 0 0 0 1 0 0 0 1 0.49 3.72 3.98</i>
                <i>1 0 0 0 1 0 0 0 1 0.49 3.72 3.98</i>
                <i>1 0 0 0 1 0 0 0 1 0.49 3.72 3.98</i>
                <i>1 0 0 0 1 0 0 0 1 0.49 3.72 3.98</i>
                <i>1 0 0 0 1 0 0 0 1 0.49 3.72 3.98</i>
                <i>1 0 0 0 1 0 0 0 1 0.49 3.72 3.98</i>
                <i>1 0 0 0 1 0 0 0 1 0.49 3.72 3.98</i>
                <i>1 0 0 0 1 0 0 0 1 0.49 3.72 3.98</i>
                <i>1 0 0 0 1 0 0 0 1 0.49 3.72 3.98</i>
                <i>1 0 0 0 1 0 0 0 1 0.49 3.72 3.98</i>
                <i>1 0 0 0 1 0 0 0 1 0.49 3.72 3.98</i>
                <i>1 0 0 0 1 0 0 0 1 0.49 3.72 3.98</i>
                <i>1 0 0 0 1 0 0 0 1 0.49 3.72 3.98</i>
                <i>1 0 0 0 1 0 0 0 1 0.49 3.72 3.98</i>
                <i>1 0 0 0 1 0 0 0 1 0.49 3.72 3.98</i>
                <i>1 0 0 0 1 0 0 0 1 0.49 3.72 3.98</i>
                <i>1 0 0 0 1 0 0 0 1 0.49 3.72 3.98</i>
                <i>1 0 0 0 1 0 0 0 1 0.49 3.72 3.98</i>
                <i>1 0 0 0 1 0 0 0 1 0.49 3.72 3.98</i>
                <i>1 0 0 0 1 0 0 0 1 0.49 3.72 3.98</i>
                <i>1 0 0 0 1 0 0 0 1 0.49 3.72 3.98</i>
                <i>1 0 0 0 1 0 0 0 1 0.49 3.72 3.98</i>
                <i>1 0 0 0 1 0 0 0 1 0.49 3.72 3.98</i>
                <i>1 0 0 0 1 0 0 0 1 0.49 3.72 3.98</i>
                <i>1 0 0 0 1 0 0 0 1 0.49 3.72 3.98</i>
                <i>1 0 0 0 1 0 0 0 1 0.49 3.72 3.98</i>
                <i>1 0 0 0 1 0 0 0 1 0.49 3.72 3.98</i>
                <i>1 0 0 0 1 0 0 0 1 0.49 3.72 3.98</i>
                <i>1 0 0 0 1 0 0 0 1 0.49 3.72 3.98</i>
                <i>1 0 0 0 1 0 0 0 1 0.49 3.72 3.98</i>
                <i>1 0 0 0 1 0 0 0 1 0.49 3.72 3.98</i>
                <i>1 0 0 0 1 0 0 0 1 0.49 3.72 3.98</i>
                <i>1 0 0 0 1 0 0 0 1 0.49 3.72 3.98</i>
                <i>1 0 0 0 1 0 0 0 1 0.49 3.72 3.98</i>
                <i>1 0 0 0 1 0 0 0 1 0.49 3.72 3.98</i>
                <i>1 0 0 0 1 0 0 0 1 0.49 3.72 3.98</i>
                <i>1 0 0 0 1 0 0 0 1 0.49 3.72 3.98</i>
                <i>1 0 0 0 1 0 0 0 1 0.49 3.72 3.98</i>
                <i>1 0 0 0 1 0 0 0 1 0.49 3.72 3.98</i>
                <i>1 0 0 0 1 0 0 0 1 0.49 3.72 3.98</i>
                <i>1 0 0 0 1 0 0 0 1 0.49 3.72 3.98</i>
                <i>1 0 0 0 1 0 0 0 1 0.49 3.72 3.98</i>
                <i>1 0 0 0 1 0 0 0 1 0.49 3.72 3.98</i>
                <i>1 0 0 0 1 0 0 0 1 0.49 3.72 3.98</i>
                <i>1 0 0 0 1 0 0 0 1 0.49 3.72 3.98</i>
                <i>1 0 0 0 1 0 0 0 1 0.49 3.72 3.98</i>
                <i>1 0 0 0 1 0 0 0 1 0.49 3.72 3.98</i>
                <i>1 0 0 0 1 0 0 0 1 0.49 3.72 3.98</i>
                <i>1 0 0 0 1 0 0 0 1 0.49 3.72 3.98</i>
                <i>1 0 0 0 1 0 0 0 1 0.49 3.72 3.98</i>
                <i>1 0 0 0 1 0 0 0 1 0.49 3.72 3.98</i>
                <i>1 0 0 0 1 0 0 0 1 0.49 3.72 3.98</i>
                <i>1 0 0 0 1 0 0 0 1 0.49 3.72 3.98</i>
                <i>1 0 0 0 1 0 0 0 1 0.49 3.72 3.98</i>
                <i>1 0 0 0 1 0 0 0 1 0.49 3.72 3.98</i>
                <i>1 0 0 0 1 0 0 0 1 0.49 3.72 3.98</i>
                <i>1 0 0 0 1 0 0 0 1 0.49 3.72 3.98</i>
                <i>1 0 0 0 1 0 0 0 1 0.49 3.72 3.98</i>
                <i>1 0 0 0 1 0 0 0 1 0.49 3.72 3.98</i>
                <i>1 0 0 0 1 0 0 0 1 0.49 3.72 3.98</i>
                <i>1 0 0 0 1 0 0 0 1 0.49 3.72 3.98</i>
                <i>1 0 0 0 1 0 0 0 1 0.49 3.72 3.98</i>
                <i>1 0 0 0 1 0 0 0 1 0.49 3.72 3.98</i>
                <i>1 0 0 0 1 0 0 0 1 0.49 3.72 3.98</i>
                <i>1 0 0 0 1 0 0 0 1 0.49 3.72 3.98</i>
                <i>1 0 0 0 1 0 0 0 1 0.49 3.72 3.98</i>
                <i>1 0 0 0 1 0 0 0 1 0.49 3.72 3.98</i>
                <i>1 0 0 0 1 0 0 0 1 0.49 3.72 3.98</i>
                <i>1 0 0 0 1 0 0 0 1 0.49 3.72 3.98</i>
            </KeyFrames>
        </RefFrame>
        <Bones count="23">
            <i>
                <p>
                    <Name><![CDATA[pelvis]]></Name>
                    <Exclude>0</Exclude>
                    <Additive>0</Additive>
                    <IKPriority>0</IKPriority>
                    <IKRotLimits>-1e+010 -1e+010 -1e+010 1e+010 1e+010 1e+010</IKRotLimits>
                    <IKRotLimitOrder>2</IKRotLimitOrder>
                    <KeyFrames count="92">
                        <i>1 0 0 0 1 0 0 0 1 0.497405 4.87727 3.98766</i>
                        <i>1 0 0 0 1 0 0 0 1 0.518795 4.87871 4.00827</i>
                        <i>1 0 0 0 1 0 0 0 1 0.544518 4.88099 4.02827</i>
                        <i>1 0 0 0 1 0 0 0 1 0.56695 4.88325 4.04926</i>
                        <i>1 0 0 0 1 0 0 0 1 0.578225 4.88448 4.07277</i>
                        <i>1 0 0 0 1 0 0 0 1 0.570786 4.88346 4.09906</i>
                        <i>1 0 0 0 1 0 0 0 1 0.543815 4.87927 4.1259</i>
                        <i>1 0 0 0 1 0 0 0 1 0.498761 4.87095 4.15371</i>
                        <i>1 0 0 0 1 0 0 0 1 0.446147 4.86014 4.18239</i>
                        <i>1 0 0 0 1 0 0 0 1 0.396579 4.8494 4.21308</i>
                        <i>1 0 0 0 1 0 0 0 1 0.348284 4.84018 4.25374</i>
                        <i>1 0 0 0 1 0 0 0 1 0.306953 4.83359 4.30475</i>
                        <i>1 0 0 0 1 0 0 0 1 0.276975 4.84111 4.36826</i>
                        <i>1 0 0 0 1 0 0 0 1 0.264898 4.89961 4.44783</i>
                        <i>1 0 0 0 1 0 0 0 1 0.272921 4.99762 4.53486</i>
                        <i>1 0 0 0 1 0 0 0 1 0.298868 5.1185 4.6225</i>
                        <i>1 0 0 0 1 0 0 0 1 0.340631 5.24541 4.70233</i>
                        <i>1 0 0 0 1 0 0 0 1 0.389975 5.3594 4.76721</i>
                        <i>1 0 0 0 1 0 0 0 1 0.435529 5.44107 4.81093</i>
                        <i>1 0 0 0 1 0 0 0 1 0.464833 5.47821 4.8321</i>
                        <i>1 0 0 0 1 0 0 0 1 0.474702 5.49977 4.85022</i>
                        <i>1 0 0 0 1 0 0 0 1 0.46682 5.51156 4.86892</i>
                        <i>1 0 0 0 1 0 0 0 1 0.44775 5.51563 4.88678</i>
                        <i>1 0 0 0 1 0 0 0 1 0.424395 5.51481 4.90108</i>
                        <i>1 0 0 0 1 0 0 0 1 0.403774 5.51209 4.90907</i>
                        <i>1 0 0 0 1 0 0 0 1 0.390193 5.51108 4.90936</i>
                        <i>1 0 0 0 1 0 0 0 1 0.382846 5.51453 4.9028</i>
                        <i>1 0 0 0 1 0 0 0 1 0.377137 5.52095 4.89003</i>
                        <i>1 0 0 0 1 0 0 0 1 0.371812 5.52861 4.87278</i>
                        <i>1 0 0 0 1 0 0 0 1 0.367055 5.53605 4.85282</i>
                        <i>1 0 0 0 1 0 0 0 1 0.363045 5.54186 4.8319</i>
                        <i>1 0 0 0 1 0 0 0 1 0.359957 5.54467 4.81174</i>
                        <i>1 0 0 0 1 0 0 0 1 0.357965 5.54317 4.79405</i>
                        <i>1 0 0 0 1 0 0 0 1 0.357244 5.53608 4.78052</i>
                        <i>1 0 0 0 1 0 0 0 1 0.357975 5.52212 4.77282</i>
                        <i>1 0 0 0 1 0 0 0 1 0.360446 5.48025 4.7732</i>
                        <i>1 0 0 0 1 0 0 0 1 0.367652 5.3961 4.7879</i>
                        <i>1 0 0 0 1 0 0 0 1 0.392649 5.28888 4.83832</i>
                        <i>1 0 0 0 1 0 0 0 1 0.42588 5.20242 4.90432</i>
                        <i>1 0 0 0 1 0 0 0 1 0.453708 5.17673 4.95894</i>
                        <i>1 0 0 0 1 0 0 0 1 0.462855 5.20314 4.97786</i>
                        <i>1 0 0 0 1 0 0 0 1 0.456501 5.26669 4.96741</i>
                        <i>1 0 0 0 1 0 0 0 1 0.442343 5.34874 4.94236</i>
                        <i>1 0 0 0 1 0 0 0 1 0.423409 5.43627 4.90856</i>
                        <i>1 0 0 0 1 0 0 0 1 0.402755 5.51649 4.87194</i>
                        <i>1 0 0 0 1 0 0 0 1 0.383477 5.57698 4.83853</i>
                        <i>1 0 0 0 1 0 0 0 1 0.368675 5.60767 4.81431</i>
                        <i>1 0 0 0 1 0 0 0 1 0.361458 5.61296 4.80487</i>
                        <i>1 0 0 0 1 0 0 0 1 0.361162 5.59819 4.80876</i>
                        <i>1 0 0 0 1 0 0 0 1 0.365123 5.56971 4.82079</i>
                        <i>1 0 0 0 1 0 0 0 1 0.372606 5.53236 4.8394</i>
                        <i>1 0 0 0 1 0 0 0 1 0.382858 5.491 4.86298</i>
                        <i>1 0 0 0 1 0 0 0 1 0.395105 5.45049 4.88991</i>
                        <i>1 0 0 0 1 0 0 0 1 0.408564 5.41576 4.91854</i>
                        <i>1 0 0 0 1 0 0 0 1 0.422439 5.39184 4.94721</i>
                        <i>1 0 0 0 1 0 0 0 1 0.436223 5.37967 4.97492</i>
                        <i>1 0 0 0 1 0 0 0 1 0.449593 5.37633 5.00114</i>
                        <i>1 0 0 0 1 0 0 0 1 0.464928 5.37824 5.03032</i>
                        <i>1 0 0 0 1 0 0 0 1 0.48154 5.38366 5.06113</i>
                        <i>1 0 0 0 1 0 0 0 1 0.498224 5.39137 5.09128</i>
                        <i>1 0 0 0 1 0 0 0 1 0.513776 5.40024 5.11848</i>
                        <i>1 0 0 0 1 0 0 0 1 0.526996 5.40919 5.14045</i>
                        <i>1 0 0 0 1 0 0 0 1 0.536689 5.4172 5.1549</i>
                        <i>1 0 0 0 1 0 0 0 1 0.541659 5.42325 5.15957</i>
                        <i>1 0 0 0 1 0 0 0 1 0.540715 5.42632 5.15218</i>
                        <i>1 0 0 0 1 0 0 0 1 0.533466 5.42621 5.13191</i>
                        <i>1 0 0 0 1 0 0 0 1 0.520261 5.42355 5.09931</i>
                        <i>1 0 0 0 1 0 0 0 1 0.501891 5.41924 5.05578</i>
                        <i>1 0 0 0 1 0 0 0 1 0.479191 5.41336 5.00284</i>
                        <i>1 0 0 0 1 0 0 0 1 0.450831 5.39831 4.93023</i>
                        <i>1 0 0 0 1 0 0 0 1 0.413864 5.35874 4.81696</i>
                        <i>1 0 0 0 1 0 0 0 1 0.371636 5.29992 4.67511</i>
                        <i>1 0 0 0 1 0 0 0 1 0.327661 5.22846 4.51798</i>
                        <i>1 0 0 0 1 0 0 0 1 0.285311 5.15152 4.3586</i>
                        <i>1 0 0 0 1 0 0 0 1 0.24778 5.0769 4.20968</i>
                        <i>1 0 0 0 1 0 0 0 1 0.218073 5.013 4.08357</i>
                        <i>1 0 0 0 1 0 0 0 1 0.197577 4.96597 3.98549</i>
                        <i>1 0 0 0 1 0 0 0 1 0.183552 4.92883 3.89997</i>
                        <i>1 0 0 0 1 0 0 0 1 0.173742 4.89645 3.82282</i>
                        <i>1 0 0 0 1 0 0 0 1 0.172078 4.86453 3.76265</i>
                        <i>1 0 0 0 1 0 0 0 1 0.184357 4.83017 3.73159</i>
                        <i>1 0 0 0 1 0 0 0 1 0.208222 4.80055 3.72646</i>
                        <i>1 0 0 0 1 0 0 0 1 0.238114 4.77968 3.73802</i>
                        <i>1 0 0 0 1 0 0 0 1 0.266341 4.76928 3.75283</i>
                        <i>1 0 0 0 1 0 0 0 1 0.294791 4.76855 3.77351</i>
                        <i>1 0 0 0 1 0 0 0 1 0.323742 4.77559 3.79946</i>
                        <i>1 0 0 0 1 0 0 0 1 0.353027 4.78853 3.82933</i>
                        <i>1 0 0 0 1 0 0 0 1 0.382469 4.80552 3.86173</i>
                        <i>1 0 0 0 1 0 0 0 1 0.411866 4.82471 3.89526</i>
                        <i>1 0 0 0 1 0 0 0 1 0.440993 4.84427 3.92844</i>
                        <i>1 0 0 0 1 0 0 0 1 0.469598 4.86239 3.95976</i>
                        <i>1 0 0 0 1 0 0 0 1 0.497405 4.87727 3.98766</i>
                    </KeyFrames>
                </p>
            </i>
            <i>
                <p>
                    <Name><![CDATA[spine0]]></Name>
                    <Exclude>0</Exclude>
                    <Additive>0</Additive>
                    <IKPriority>0</IKPriority>
                    <IKRotLimits>-1e+010 -1e+010 -1e+010 1e+010 1e+010 1e+010</IKRotLimits>
                    <IKRotLimitOrder>0</IKRotLimitOrder>
                    <KeyFrames count="92">
                        <i>-0.0554401 0.998004 0.0302369 -0.993849 -0.0580665 0.0943042 0.0958718 -0.0248227 0.995084 0.484963 5.01233 3.9397</i>
                        <i>-0.0710511 0.996974 0.0315327 -0.97712 -0.07592 0.198678 0.200471 -0.016695 0.979557 0.504424 5.01354 3.96019</i>
                        <i>-0.0861642 0.995507 0.0392539 -0.946566 -0.0940918 0.308479 0.310786 -0.0105766 0.950421 0.528057 5.01554 3.98008</i>
                        <i>-0.0971716 0.993897 0.0522139 -0.907607 -0.110019 0.405148 0.40842 -0.00802084 0.912759 0.548535 5.01749 4.00091</i>
                        <i>-0.101702 0.992624 0.0659803 -0.872545 -0.120863 0.473347 0.477831 -0.00943041 0.878401 0.558246 5.01836 4.02403</i>
                        <i>-0.100918 0.991987 0.0760033 -0.852922 -0.125592 0.506706 0.512191 -0.0136893 0.858762 0.549778 5.01687 4.0495</i>
                        <i>-0.100732 0.991375 0.083833 -0.84554 -0.12971 0.517916 0.524323 -0.0187137 0.851314 0.521995 5.01209 4.0751</i>
                        <i>-0.104667 0.990416 0.0901152 -0.848391 -0.136202 0.511548 0.518919 -0.0229109 0.854516 0.476048 5.00308 4.10153</i>
                        <i>-0.111086 0.9893 0.0945763 -0.856286 -0.143581 0.496144 0.504414 -0.0258698 0.863074 0.422445 4.99154 4.12883</i>
                        <i>-0.11702 0.988367 0.0971446 -0.863424 -0.149581 0.481794 0.49072 -0.0274975 0.870883 0.371747 4.98009 4.15831</i>
                        <i>-0.12104 0.987693 0.0990545 -0.864256 -0.153944 0.478919 0.488273 -0.0276399 0.872253 0.321826 4.97022 4.19818</i>
                        <i>-0.12252 0.987254 0.101578 -0.855249 -0.156953 0.493877 0.503525 -0.0263647 0.863578 0.278168 4.96307 4.24906</i>
                        <i>-0.119257 0.987989 0.0982622 -0.832567 -0.153432 0.532251 0.540935 -0.0183355 0.840865 0.245194 4.96981 4.31237</i>
                        <i>-0.105939 0.991711 0.0727027 -0.791709 -0.128359 0.597262 0.601643 0.0057139 0.798745 0.229761 5.02653 4.38993</i>
                        <i>-0.0903485 0.994611 0.0508559 -0.729206 -0.100847 0.676822 0.678303 0.0240654 0.734388 0.233428 5.12314 4.47671</i>
                        <i>-0.0759613 0.995761 0.0518569 -0.649933 -0.0888868 0.754776 0.756186 0.0236302 0.65393 0.254604 5.24412 4.5681</i>
                        <i>-0.061375 0.995065 0.0779613 -0.56985 -0.0990607 0.815756 0.819454 0.00564081 0.573118 0.292678 5.3726 4.65522</i>
                        <i>-0.0465136 0.992031 0.117097 -0.506677 -0.124455 0.853106 0.86088 -0.0196491 0.508428 0.340186 5.48868 4.72845</i>
                        <i>-0.0334511 0.987868 0.151647 -0.468093 -0.149547 0.870933 0.883046 -0.0418512 0.467417 0.385374 5.57202 4.77881</i>
                        <i>-0.0246277 0.985048 0.170509 -0.450192 -0.163215 0.877888 0.892592 -0.0551413 0.447481 0.414854 5.61004 4.80349</i>
                        <i>-0.0206719 0.982542 0.184887 -0.440071 -0.174991 0.880747 0.897725 -0.0631567 0.436006 0.424706 5.63211 4.82409</i>
                        <i>-0.0215874 0.980055 0.197552 -0.435385 -0.187093 0.880588 0.899985 -0.0670018 0.43074 0.416493 5.64415 4.84474</i>
                        <i>-0.0258061 0.977771 0.208081 -0.434329 -0.198444 0.878623 0.900385 -0.0677018 0.429795 0.396868 5.64825 4.86403</i>
                        <i>-0.031631 0.975938 0.21574 -0.435503 -0.207738 0.875889 0.899632 -0.06625 0.431595 0.372872 5.64734 4.87925</i>
                        <i>-0.0373236 0.974819 0.219853 -0.437753 -0.213723 0.873324 0.89832 -0.0636457 0.434707 0.351678 5.64446 4.88762</i>
                        <i>-0.0415649 0.974624 0.219957 -0.439999 -0.215506 0.871756 0.897036 -0.0605463 0.437791 0.337696 5.64326 4.88776</i>
                        <i>-0.0439835 0.975404 0.215991 -0.441241 -0.212937 0.871759 0.89631 -0.0569612 0.439754 0.330111 5.64652 4.88058</i>
                        <i>-0.0460849 0.976898 0.20868 -0.442316 -0.207262 0.872582 0.895675 -0.0520894 0.441649 0.324186 5.65267 4.86674</i>
                        <i>-0.0482523 0.978811 0.199001 -0.443564 -0.199509 0.873755 0.894943 -0.0461092 0.443792 0.318644 5.65999 4.8481</i>
                        <i>-0.0503799 0.980904 0.187854 -0.445007 -0.190437 0.875044 0.894109 -0.0395119 0.446104 0.313684 5.66704 4.82656</i>
                        <i>-0.0523552 0.982973 0.176136 -0.446626 -0.180803 0.876262 0.893187 -0.0327902 0.448487 0.309498 5.67243 4.80397</i>
                        <i>-0.0540562 0.984855 0.164739 -0.448357 -0.171353 0.877276 0.892218 -0.0264395 0.450829 0.306275 5.67483 4.7822</i>
                        <i>-0.0553526 0.986434 0.154544 -0.45009 -0.162814 0.878015 0.891266 -0.0209583 0.452996 0.304199 5.67296 4.76307</i>
                        <i>-0.0561068 0.98763 0.146421 -0.451678 -0.155895 0.878455 0.890415 -0.0168478 0.454837 0.303457 5.66558 4.74838</i>
                        <i>-0.056177 0.988382 0.141226 -0.45295 -0.151285 0.878606 0.889764 -0.014611 0.456187 0.304237 5.65146 4.73993</i>
                        <i>-0.0554208 0.988592 0.14005 -0.453733 -0.149882 0.878443 0.889413 -0.014861 0.456863 0.306837 5.60958 4.74012</i>
                        <i>-0.052743 0.987966 0.145398 -0.454092 -0.153404 0.877649 0.889392 -0.0197341 0.456719 0.314389 5.52576 4.75552</i>
                        <i>-0.0433329 0.985379 0.164774 -0.455247 -0.166286 0.874699 0.88931 -0.0371097 0.455797 0.34061 5.41965 4.80853</i>
                        <i>-0.0308318 0.981222 0.190403 -0.456864 -0.183264 0.870454 0.889002 -0.0601504 0.453935 0.375483 5.33457 4.87798</i>
                        <i>-0.020399 0.977047 0.212045 -0.458059 -0.197653 0.866669 0.888688 -0.0794498 0.451577 0.404683 5.30995 4.93558</i>
                        <i>-0.0170481 0.975248 0.220457 -0.457685 -0.203644 0.865479 0.888951 -0.086145 0.449828 0.414237 5.33671 4.9557</i>
                        <i>-0.0195632 0.975746 0.21803 -0.45591 -0.202786 0.866617 0.889811 -0.0824482 0.448819 0.407478 5.40007 4.94498</i>
                        <i>-0.0250229 0.977308 0.210338 -0.453387 -0.198616 0.868903 0.890962 -0.0736224 0.448069 0.392508 5.48165 4.91895</i>
                        <i>-0.0322725 0.979349 0.199582 -0.450416 -0.192511 0.871817 0.892236 -0.0617593 0.447327 0.372519 5.56853 4.88377</i>
                        <i>-0.0401521 0.981353 0.187972 -0.44728 -0.185876 0.874866 0.893492 -0.0489483 0.446403 0.350726 5.64801 4.84568</i>
                        <i>-0.0474933 0.982932 0.177735 -0.444239 -0.180155 0.877608 0.894649 -0.0372763 0.445212 0.330389 5.70781 4.81099</i>
                        <i>-0.0531367 0.983827 0.171061 -0.441523 -0.176796 0.879659 0.895675 -0.0287852 0.443776 0.314758 5.738 4.78596</i>
                        <i>-0.0559316 0.98386 0.169975 -0.439352 -0.177126 0.880679 0.896572 -0.025421 0.442168 0.307093 5.74309 4.77647</i>
                        <i>-0.0561099 0.98316 0.173918 -0.437713 -0.180783 0.880752 0.897362 -0.0267073 0.440486 0.306698 5.72841 4.78096</i>
                        <i>-0.0546705 0.981981 0.180901 -0.436468 -0.186448 0.880189 0.898057 -0.030837 0.438797 0.310781 5.70019 4.794</i>
                        <i>-0.0519237 0.980366 0.190228 -0.435605 -0.193642 0.879063 0.898639 -0.0372199 0.437107 0.318567 5.66323 4.81391</i>
                        <i>-0.0481794 0.978364 0.201203 -0.435105 -0.201878 0.877456 0.89909 -0.0452692 0.435417 0.329263 5.62234 4.83903</i>
                        <i>-0.0437462 0.976043 0.213133 -0.43494 -0.210665 0.87547 0.899396 -0.0544017 0.433736 0.342059 5.58234 4.86762</i>
                        <i>-0.0389302 0.973505 0.225327 -0.435071 -0.219515 0.873227 0.899554 -0.0640383 0.43209 0.356129 5.54813 4.89795</i>
                        <i>-0.0340345 0.970889 0.237101 -0.435444 -0.227942 0.870879 0.899572 -0.0736041 0.430526 0.370639 5.52471 4.92826</i>
                        <i>-0.0293587 0.96836 0.247824 -0.435993 -0.235509 0.868588 0.899471 -0.0825489 0.429113 0.38504 5.51298 4.95748</i>
                        <i>-0.0251523 0.966084 0.257001 -0.436654 -0.241879 0.866503 0.899278 -0.0904261 0.427928 0.398975 5.51002 4.98499</i>
                        <i>-0.0206763 0.963762 0.265961 -0.437611 -0.247906 0.864314 0.898927 -0.0985169 0.426879 0.414923 5.5123 5.01542</i>
                        <i>-0.0160089 0.961454 0.2745 -0.438856 -0.253434 0.862077 0.898415 -0.106665 0.425997 0.432187 5.51809 5.04742</i>
                        <i>-0.0113772 0.959308 0.282132 -0.44034 -0.258126 0.859926 0.897759 -0.11445 0.425358 0.449531 5.52615 5.07862</i>
                        <i>-0.00700691 0.95749 0.28838 -0.442015 -0.261649 0.857999 0.89698 -0.121456 0.425059 0.465719 5.53533 5.10668</i>
                        <i>-0.00312219 0.956177 0.292772 -0.443839 -0.263681 0.856434 0.896101 -0.12727 0.425212 0.479521 5.54453 5.12923</i>
                        <i>5.22521e-005 0.955547 0.294838 -0.445778 -0.2639 0.855359 0.895144 -0.131477 0.425948 0.489708 5.55273 5.14392</i>
                        <i>0.00228971 0.955768 0.294112 -0.447814 -0.261994 0.854881 0.894124 -0.133665 0.427406 0.495058 5.5589 5.14842</i>
                        <i>0.00335942 0.956983 0.290125 -0.449952 -0.257651 0.855078 0.893046 -0.133415 0.429731 0.494347 5.56199 5.14037</i>
                        <i>0.00326953 0.959161 0.282842 -0.452294 -0.25084 0.855868 0.891863 -0.130726 0.433002 0.487193 5.56181 5.11895</i>
                        <i>0.00215942 0.96216 0.272476 -0.455003 -0.241692 0.857063 0.890487 -0.125828 0.437264 0.47397 5.55898 5.08473</i>
                        <i>8.64956e-005 0.965847 0.259113 -0.45825 -0.230267 0.858478 0.888824 -0.118813 0.442579 0.455487 5.55439 5.03914</i>
                        <i>-0.0028253 0.970028 0.242975 -0.462246 -0.216726 0.85986 0.886747 -0.109885 0.449004 0.432608 5.54812 4.98372</i>
                        <i>-0.00641609 0.976194 0.216802 -0.47321 -0.193959 0.859332 0.880926 -0.0970796 0.46319 0.404288 5.53242 4.90686</i>
                        <i>-0.0106233 0.985751 0.167873 -0.506164 -0.150086 0.849277 0.862372 -0.075949 0.500547 0.368369 5.49145 4.78512</i>
                        <i>-0.0150644 0.993972 0.10859 -0.561784 -0.0982544 0.821429 0.827147 -0.0486299 0.559878 0.328656 5.43041 4.63244</i>
                        <i>-0.0189879 0.998323 0.0546858 -0.634761 -0.0542956 0.770799 0.772475 -0.0200766 0.634727 0.288967 5.35634 4.46464</i>
                        <i>-0.0229388 0.99955 0.0193056 -0.7127 -0.0298919 0.700831 0.701093 0.00231719 0.713066 0.252269 5.27733 4.29714</i>
                        <i>-0.0291342 0.999551 0.00704709 -0.780801 -0.0271589 0.624189 0.6241 0.0126828 0.781242 0.2205 5.20192 4.14394</i>
                        <i>-0.0388653 0.999182 0.0112165 -0.828481 -0.0384973 0.558692 0.558667 0.012421 0.829299 0.195176 5.13843 4.01693</i>
                        <i>-0.0509941 0.998531 0.018337 -0.853454 -0.0531061 0.518455 0.518667 0.0107884 0.854908 0.176937 5.09218 3.91961</i>
                        <i>-0.0668992 0.99744 0.0252404 -0.864385 -0.0705733 0.497854 0.498361 0.0114886 0.866894 0.163535 5.05593 3.83561</i>
                        <i>-0.0854838 0.995879 0.0303048 -0.866582 -0.0893258 0.490975 0.491658 0.0157087 0.870647 0.153153 5.02439 3.76033</i>
                        <i>-0.104181 0.993984 0.033808 -0.864078 -0.107293 0.49179 0.492459 0.0220227 0.870057 0.150287 4.99328 3.70227</i>
                        <i>-0.120089 0.99205 0.0376091 -0.86071 -0.122919 0.494034 0.49473 0.0269577 0.868629 0.161326 4.95982 3.67366</i>
                        <i>-0.132491 0.99033 0.0411318 -0.860017 -0.135489 0.491948 0.492764 0.0298045 0.869652 0.184184 4.93111 3.67103</i>
                        <i>-0.14117 0.988963 0.0449758 -0.865218 -0.14533 0.479871 0.481111 0.0288297 0.876185 0.213487 4.91113 3.685</i>
                        <i>-0.146299 0.988005 0.0494293 -0.877926 -0.152702 0.453793 0.455898 0.0229941 0.889735 0.241617 4.90156 3.70197</i>
                        <i>-0.146191 0.987953 0.0507551 -0.894275 -0.153918 0.420215 0.422965 0.0160428 0.906004 0.270484 4.90149 3.72421</i>
                        <i>-0.140904 0.988809 0.0490249 -0.912424 -0.148918 0.381191 0.384225 0.00897961 0.923196 0.300367 4.90905 3.7511</i>
                        <i>-0.131086 0.99034 0.0451923 -0.93101 -0.13864 0.337637 0.340641 0.0021848 0.940191 0.331056 4.92239 3.78141</i>
                        <i>-0.11767 0.992236 0.0402663 -0.948733 -0.124305 0.29061 0.293359 -0.00400572 0.955994 0.362283 4.93969 3.81391</i>
                        <i>-0.101845 0.994174 0.0352812 -0.964485 -0.107368 0.241333 0.243715 -0.00944957 0.969801 0.393714 4.95914 3.84733</i>
                        <i>-0.0850398 0.995887 0.0312753 -0.977469 -0.089471 0.19118 0.193192 -0.0143127 0.981057 0.424955 4.97891 3.88035</i>
                        <i>-0.0689287 0.997192 0.0292693 -0.987266 -0.0724001 0.141648 0.143369 -0.019133 0.989484 0.455544 4.99723 3.91162</i>
                        <i>-0.0554401 0.998004 0.0302369 -0.993849 -0.0580665 0.0943042 0.0958718 -0.0248227 0.995084 0.484963 5.01233 3.9397</i>
                    </KeyFrames>
                </p>
            </i>
            <i>
                <p>
                    <Name><![CDATA[spine1]]></Name>
                    <Exclude>0</Exclude>
                    <Additive>0</Additive>
                    <IKPriority>0</IKPriority>
                    <IKRotLimits>-1e+010 -1e+010 -1e+010 1e+010 1e+010 1e+010</IKRotLimits>
                    <IKRotLimitOrder>0</IKRotLimitOrder>
                    <KeyFrames count="92">
                        <i>-0.0333238 0.968857 0.245369 -0.993849 -0.0580665 0.0943042 0.105615 -0.240717 0.964832 0.475414 5.18421 3.9449</i>
                        <i>-0.086474 0.963368 0.25386 -0.969857 -0.139673 0.199674 0.227817 -0.228941 0.946407 0.492175 5.1854 3.96562</i>
                        <i>-0.137962 0.949698 0.28114 -0.925411 -0.224759 0.30512 0.352961 -0.218075 0.909869 0.513153 5.1877 3.98686</i>
                        <i>-0.173343 0.930843 0.321689 -0.868305 -0.298585 0.396099 0.464757 -0.210663 0.860013 0.531641 5.19023 4.00998</i>
                        <i>-0.184291 0.913797 0.361956 -0.814096 -0.348259 0.464718 0.550712 -0.209024 0.8081 0.540462 5.19184 4.03555</i>
                        <i>-0.174293 0.904002 0.390387 -0.774999 -0.370507 0.511958 0.607452 -0.213319 0.765178 0.53204 5.19111 4.06282</i>
                        <i>-0.159381 0.897258 0.411735 -0.745081 -0.382939 0.546087 0.647651 -0.21974 0.729563 0.5042 5.18706 4.08987</i>
                        <i>-0.146822 0.892343 0.426811 -0.723376 -0.39116 0.568965 0.674663 -0.225209 0.70293 0.457475 5.17865 4.11747</i>
                        <i>-0.13613 0.889457 0.436274 -0.707 -0.395707 0.586146 0.693988 -0.228653 0.682714 0.402661 5.16755 4.14563</i>
                        <i>-0.124286 0.888809 0.441104 -0.691729 -0.396328 0.603685 0.711382 -0.230095 0.664073 0.35085 5.15642 4.1756</i>
                        <i>-0.10902 0.889734 0.443269 -0.671903 -0.39459 0.626774 0.732572 -0.229503 0.640833 0.300171 5.14675 4.21584</i>
                        <i>-0.0900038 0.891209 0.444574 -0.643824 -0.392638 0.656754 0.759862 -0.227117 0.60912 0.25622 5.13974 4.26719</i>
                        <i>-0.0650403 0.895841 0.439589 -0.604604 -0.385835 0.69684 0.793866 -0.220455 0.566724 0.223814 5.14673 4.32993</i>
                        <i>-0.0261963 0.910849 0.411907 -0.551006 -0.35696 0.754302 0.83409 -0.207204 0.511235 0.210759 5.20416 4.40291</i>
                        <i>0.0192047 0.923209 0.383818 -0.479125 -0.328441 0.813981 0.877536 -0.199529 0.436025 0.217216 5.30126 4.48579</i>
                        <i>0.0642344 0.925465 0.373348 -0.39557 -0.319861 0.860937 0.916187 -0.202987 0.34554 0.240971 5.42237 4.57736</i>
                        <i>0.104425 0.91695 0.385095 -0.317831 -0.336138 0.886563 0.942379 -0.214975 0.256334 0.28166 5.55063 4.66914</i>
                        <i>0.136134 0.901461 0.410896 -0.26162 -0.367321 0.892541 0.955522 -0.229004 0.185836 0.33183 5.66608 4.74936</i>
                        <i>0.158042 0.886009 0.435903 -0.229995 -0.396279 0.888856 0.960273 -0.240732 0.141148 0.379355 5.74861 4.8059</i>
                        <i>0.171146 0.876776 0.449413 -0.215152 -0.411875 0.885477 0.961467 -0.248238 0.118149 0.410413 5.78611 4.83395</i>
                        <i>0.177564 0.86984 0.46027 -0.206436 -0.424374 0.881641 0.962214 -0.251564 0.104213 0.420972 5.80773 4.85712</i>
                        <i>0.177761 0.864151 0.470791 -0.202017 -0.436176 0.876892 0.963115 -0.250985 0.0970377 0.412595 5.81931 4.88002</i>
                        <i>0.173809 0.859757 0.480216 -0.200374 -0.446562 0.872028 0.964179 -0.24779 0.0946567 0.392217 5.82301 4.9012</i>
                        <i>0.16774 0.856819 0.48757 -0.200481 -0.454595 0.867842 0.965231 -0.243321 0.0955222 0.36718 5.82177 4.91778</i>
                        <i>0.161548 0.855498 0.49196 -0.201579 -0.459392 0.865058 0.966058 -0.238918 0.0982367 0.344968 5.81868 4.9269</i>
                        <i>0.156821 0.855951 0.492702 -0.202875 -0.460317 0.864263 0.966566 -0.235491 0.101463 0.330228 5.81745 4.92705</i>
                        <i>0.154227 0.858246 0.489518 -0.203429 -0.457248 0.86576 0.966866 -0.233106 0.104072 0.32221 5.82084 4.91916</i>
                        <i>0.152051 0.862158 0.483285 -0.203784 -0.451118 0.868887 0.967136 -0.230601 0.1071 0.31591 5.82727 4.90402</i>
                        <i>0.149801 0.867172 0.474944 -0.204233 -0.442865 0.873018 0.967393 -0.227778 0.110764 0.309981 5.83493 4.88365</i>
                        <i>0.147554 0.872779 0.46528 -0.204851 -0.43326 0.87768 0.967607 -0.224818 0.11486 0.30464 5.84236 4.86011</i>
                        <i>0.145407 0.878498 0.455081 -0.20567 -0.423082 0.882441 0.967759 -0.22191 0.119162 0.300101 5.84812 4.83543</i>
                        <i>0.14348 0.883893 0.445136 -0.206679 -0.41311 0.886918 0.967831 -0.219255 0.123409 0.296573 5.85086 4.81162</i>
                        <i>0.141918 0.888575 0.436227 -0.207818 -0.404121 0.890785 0.967818 -0.217074 0.127309 0.294266 5.84927 4.79067</i>
                        <i>0.140885 0.892188 0.429129 -0.208988 -0.396884 0.89376 0.967717 -0.215601 0.130542 0.29339 5.84211 4.77453</i>
                        <i>0.140557 0.894402 0.424604 -0.210069 -0.392156 0.895592 0.96753 -0.215078 0.132766 0.294156 5.82812 4.76515</i>
                        <i>0.14111 0.894779 0.423625 -0.210934 -0.390906 0.895935 0.967261 -0.215782 0.133579 0.296892 5.78629 4.76514</i>
                        <i>0.143558 0.892092 0.428442 -0.211929 -0.395171 0.893827 0.966684 -0.219115 0.13233 0.304922 5.70235 4.78149</i>
                        <i>0.152113 0.882112 0.445802 -0.215423 -0.410616 0.885995 0.964601 -0.230808 0.127567 0.332825 5.59578 4.83796</i>
                        <i>0.163387 0.868214 0.468518 -0.220215 -0.430822 0.875156 0.96167 -0.246164 0.120803 0.369933 5.50996 4.91199</i>
                        <i>0.172772 0.85589 0.487445 -0.224133 -0.447741 0.865617 0.959122 -0.258807 0.114476 0.400998 5.48459 4.97346</i>
                        <i>0.175957 0.851101 0.494638 -0.22471 -0.454484 0.861945 0.958407 -0.262816 0.111282 0.411151 5.51103 4.99508</i>
                        <i>0.17406 0.852828 0.492328 -0.222397 -0.452998 0.863326 0.959293 -0.259763 0.110818 0.403942 5.57448 4.98393</i>
                        <i>0.169611 0.857694 0.485379 -0.218605 -0.447502 0.867153 0.96096 -0.253185 0.111594 0.387996 5.65634 4.95653</i>
                        <i>0.163591 0.864271 0.475682 -0.213933 -0.439625 0.872332 0.963053 -0.24447 0.112977 0.366711 5.74358 4.91943</i>
                        <i>0.156996 0.871193 0.465161 -0.208968 -0.431034 0.877805 0.965238 -0.235015 0.114381 0.34351 5.82342 4.87926</i>
                        <i>0.150851 0.877208 0.455795 -0.204259 -0.423463 0.882586 0.967224 -0.22624 0.115298 0.321861 5.8835 4.84273</i>
                        <i>0.146196 0.881199 0.449572 -0.200316 -0.418671 0.88577 0.968762 -0.219553 0.11531 0.305221 5.91384 4.81652</i>
                        <i>0.144072 0.882172 0.448348 -0.197628 -0.418298 0.88655 0.969632 -0.216333 0.114077 0.297057 5.91893 4.80683</i>
                        <i>0.144273 0.880456 0.451644 -0.196116 -0.421924 0.885166 0.969909 -0.21628 0.111799 0.296631 5.90413 4.81203</i>
                        <i>0.145895 0.877072 0.457667 -0.195394 -0.427958 0.882425 0.969812 -0.218167 0.108938 0.300971 5.87569 4.82631</i>
                        <i>0.148646 0.872325 0.465782 -0.195373 -0.435825 0.87857 0.969399 -0.221598 0.105645 0.309248 5.83845 4.84789</i>
                        <i>0.152237 0.866526 0.47535 -0.195959 -0.444944 0.873857 0.968723 -0.226182 0.102066 0.320613 5.79719 4.87497</i>
                        <i>0.156382 0.860002 0.485737 -0.197046 -0.454737 0.868555 0.967842 -0.231539 0.098347 0.334201 5.75678 4.90569</i>
                        <i>0.160804 0.853113 0.496328 -0.198517 -0.464639 0.862961 0.966816 -0.237297 0.0946414 0.349132 5.72212 4.9382</i>
                        <i>0.165232 0.846248 0.50652 -0.200239 -0.474098 0.857401 0.965714 -0.243095 0.0911154 0.364517 5.69822 4.97062</i>
                        <i>0.169408 0.83981 0.515771 -0.202065 -0.48262 0.852202 0.964609 -0.248589 0.0879371 0.379754 5.68604 5.00175</i>
                        <i>0.17312 0.834149 0.523665 -0.203864 -0.48983 0.847647 0.963571 -0.253501 0.0852539 0.39444 5.68268 5.0309</i>
                        <i>0.17701 0.828445 0.531363 -0.206003 -0.496744 0.843095 0.962409 -0.258698 0.0827337 0.411188 5.68454 5.06293</i>
                        <i>0.181008 0.82283 0.538689 -0.20845 -0.503195 0.838656 0.961137 -0.264094 0.080437 0.429287 5.68992 5.09645</i>
                        <i>0.184919 0.817632 0.545237 -0.211096 -0.508808 0.834597 0.959814 -0.26943 0.0785108 0.447458 5.6976 5.12903</i>
                        <i>0.188548 0.81319 0.55061 -0.21383 -0.513221 0.831193 0.958502 -0.274456 0.0771174 0.464427 5.70645 5.1582</i>
                        <i>0.191703 0.809854 0.554424 -0.216544 -0.516079 0.828717 0.957266 -0.278925 0.0764352 0.478923 5.71542 5.18153</i>
                        <i>0.19419 0.807973 0.5563 -0.219143 -0.517033 0.827438 0.956173 -0.282589 0.0766587 0.489678 5.72351 5.1966</i>
                        <i>0.195807 0.807885 0.555861 -0.221544 -0.515736 0.827608 0.955289 -0.285199 0.0779977 0.495428 5.72972 5.20096</i>
                        <i>0.196341 0.809905 0.552724 -0.223691 -0.511835 0.82945 0.954679 -0.286494 0.0806747 0.494908 5.73303 5.1922</i>
                        <i>0.19577 0.81401 0.546865 -0.225687 -0.505289 0.832916 0.954327 -0.28648 0.0847912 0.487738 5.73324 5.16948</i>
                        <i>0.194173 0.819973 0.538462 -0.227738 -0.496232 0.837788 0.954166 -0.285304 0.0903836 0.474316 5.73095 5.13341</i>
                        <i>0.191548 0.827628 0.527581 -0.230035 -0.484705 0.843887 0.954145 -0.283007 0.0975392 0.455464 5.72703 5.08544</i>
                        <i>0.18794 0.836702 0.514401 -0.232836 -0.470851 0.850933 0.954184 -0.279695 0.106323 0.432063 5.72151 5.02713</i>
                        <i>0.182405 0.850467 0.493391 -0.240994 -0.44783 0.861028 0.953232 -0.275959 0.123271 0.403102 5.70694 4.9456</i>
                        <i>0.171445 0.873625 0.455396 -0.267745 -0.403526 0.874917 0.948113 -0.271931 0.164726 0.36643 5.66778 4.81513</i>
                        <i>0.152993 0.898594 0.411243 -0.317408 -0.349411 0.881569 0.935866 -0.265406 0.231763 0.325922 5.60834 4.65185</i>
                        <i>0.12652 0.918793 0.373915 -0.388859 -0.300836 0.870797 0.912569 -0.255573 0.319219 0.28553 5.53516 4.4744</i>
                        <i>0.0929442 0.930934 0.353161 -0.472459 -0.270985 0.838659 0.876438 -0.244803 0.414642 0.248125 5.45644 4.30057</i>
                        <i>0.0544194 0.934868 0.3508 -0.55304 -0.264293 0.790124 0.831375 -0.237005 0.502637 0.21525 5.38104 4.14517</i>
                        <i>0.0152219 0.933113 0.35926 -0.617047 -0.273957 0.737699 0.786779 -0.23291 0.571605 0.18819 5.31736 4.0189</i>
                        <i>-0.0208143 0.93008 0.366767 -0.659913 -0.288362 0.693803 0.751054 -0.227593 0.619774 0.167794 5.27075 3.92286</i>
                        <i>-0.059572 0.926064 0.372636 -0.690384 -0.307844 0.654677 0.720986 -0.218261 0.657678 0.151574 5.23395 3.84008</i>
                        <i>-0.100231 0.921624 0.374917 -0.712538 -0.329488 0.619458 0.694438 -0.205054 0.689717 0.137917 5.20166 3.76569</i>
                        <i>-0.139834 0.917095 0.373341 -0.73001 -0.350222 0.586881 0.668978 -0.190477 0.718461 0.131786 5.16962 3.70824</i>
                        <i>-0.174751 0.912733 0.369298 -0.746432 -0.367406 0.554844 0.642107 -0.178696 0.745498 0.140086 5.13515 3.68028</i>
                        <i>-0.202956 0.909723 0.362233 -0.764376 -0.378401 0.522055 0.611995 -0.170928 0.772169 0.160851 5.10542 3.67824</i>
                        <i>-0.22252 0.908756 0.353053 -0.785763 -0.381539 0.486832 0.577115 -0.169086 0.798967 0.188728 5.0845 3.69287</i>
                        <i>-0.231988 0.910327 0.342764 -0.811387 -0.375452 0.447982 0.536501 -0.174188 0.825727 0.216052 5.07415 3.71059</i>
                        <i>-0.230406 0.915804 0.328963 -0.839705 -0.35795 0.40837 0.49174 -0.182141 0.851479 0.245023 5.07351 3.73303</i>
                        <i>-0.218514 0.924399 0.312632 -0.869325 -0.329946 0.367979 0.443312 -0.191371 0.875701 0.2759 5.08071 3.7596</i>
                        <i>-0.197611 0.934718 0.295384 -0.898711 -0.293088 0.326219 0.391496 -0.201001 0.897958 0.308352 5.09389 3.78923</i>
                        <i>-0.16944 0.945298 0.278751 -0.92622 -0.249386 0.282708 0.336759 -0.210283 0.917809 0.341944 5.11118 3.82086</i>
                        <i>-0.136178 0.954813 0.264175 -0.950352 -0.201216 0.237368 0.279799 -0.218735 0.934809 0.376139 5.13068 3.85341</i>
                        <i>-0.100398 0.962245 0.252993 -0.96997 -0.151278 0.190453 0.221535 -0.226275 0.948537 0.410296 5.15057 3.88574</i>
                        <i>-0.0650342 0.966985 0.246394 -0.984469 -0.102523 0.142511 0.163067 -0.233299 0.958635 0.44367 5.169 3.91666</i>
                        <i>-0.0333238 0.968857 0.245369 -0.993849 -0.0580665 0.0943042 0.105615 -0.240717 0.964832 0.475414 5.18421 3.9449</i>
                    </KeyFrames>
                </p>
