<?xml version="1.0" encoding="ISO-8859-1" ?>
<Animl Version="1">
    <ModellingPackage>
        <![CDATA[Maya.2010]]>
</ModellingPackage>
    <SrcFile>
        <![CDATA[anims\turrets\antiair\blue\~src\aa_patriot\aa_patriot_idle_crewman_d.mb]]>
</SrcFile>
    <FramesPerSecond>30</FramesPerSecond>
    <TotalFrames>49</TotalFrames>
    <Skeleton>
        <RefFrame>
            <Name>
                <![CDATA[soldier_ref_frame]]>
</Name>
            <Exclude>0</Exclude>
            <Additive>0</Additive>
            <IKPriority>0</IKPriority>
            <IKRotLimits>-1e+010 -1e+010 -1e+010 1e+010 1e+010 1e+010</IKRotLimits>
            <IKRotLimitOrder>0</IKRotLimitOrder>
            <KeyFrames count="49">
                <i>1 0 0 0 1 0 0 0 1 0.49 3.72 3.98</i>
                <i>1 0 0 0 1 0 0 0 1 0.49 3.72 3.98</i>
                <i>1 0 0 0 1 0 0 0 1 0.49 3.72 3.98</i>
                <i>1 0 0 0 1 0 0 0 1 0.49 3.72 3.98</i>
                <i>1 0 0 0 1 0 0 0 1 0.49 3.72 3.98</i>
                <i>1 0 0 0 1 0 0 0 1 0.49 3.72 3.98</i>
                <i>1 0 0 0 1 0 0 0 1 0.49 3.72 3.98</i>
                <i>1 0 0 0 1 0 0 0 1 0.49 3.72 3.98</i>
                <i>1 0 0 0 1 0 0 0 1 0.49 3.72 3.98</i>
                <i>1 0 0 0 1 0 0 0 1 0.49 3.72 3.98</i>
                <i>1 0 0 0 1 0 0 0 1 0.49 3.72 3.98</i>
                <i>1 0 0 0 1 0 0 0 1 0.49 3.72 3.98</i>
                <i>1 0 0 0 1 0 0 0 1 0.49 3.72 3.98</i>
                <i>1 0 0 0 1 0 0 0 1 0.49 3.72 3.98</i>
                <i>1 0 0 0 1 0 0 0 1 0.49 3.72 3.98</i>
                <i>1 0 0 0 1 0 0 0 1 0.49 3.72 3.98</i>
                <i>1 0 0 0 1 0 0 0 1 0.49 3.72 3.98</i>
                <i>1 0 0 0 1 0 0 0 1 0.49 3.72 3.98</i>
                <i>1 0 0 0 1 0 0 0 1 0.49 3.72 3.98</i>
                <i>1 0 0 0 1 0 0 0 1 0.49 3.72 3.98</i>
                <i>1 0 0 0 1 0 0 0 1 0.49 3.72 3.98</i>
                <i>1 0 0 0 1 0 0 0 1 0.49 3.72 3.98</i>
                <i>1 0 0 0 1 0 0 0 1 0.49 3.72 3.98</i>
                <i>1 0 0 0 1 0 0 0 1 0.49 3.72 3.98</i>
                <i>1 0 0 0 1 0 0 0 1 0.49 3.72 3.98</i>
                <i>1 0 0 0 1 0 0 0 1 0.49 3.72 3.98</i>
                <i>1 0 0 0 1 0 0 0 1 0.49 3.72 3.98</i>
                <i>1 0 0 0 1 0 0 0 1 0.49 3.72 3.98</i>
                <i>1 0 0 0 1 0 0 0 1 0.49 3.72 3.98</i>
                <i>1 0 0 0 1 0 0 0 1 0.49 3.72 3.98</i>
                <i>1 0 0 0 1 0 0 0 1 0.49 3.72 3.98</i>
                <i>1 0 0 0 1 0 0 0 1 0.49 3.72 3.98</i>
                <i>1 0 0 0 1 0 0 0 1 0.49 3.72 3.98</i>
                <i>1 0 0 0 1 0 0 0 1 0.49 3.72 3.98</i>
                <i>1 0 0 0 1 0 0 0 1 0.49 3.72 3.98</i>
                <i>1 0 0 0 1 0 0 0 1 0.49 3.72 3.98</i>
                <i>1 0 0 0 1 0 0 0 1 0.49 3.72 3.98</i>
                <i>1 0 0 0 1 0 0 0 1 0.49 3.72 3.98</i>
                <i>1 0 0 0 1 0 0 0 1 0.49 3.72 3.98</i>
                <i>1 0 0 0 1 0 0 0 1 0.49 3.72 3.98</i>
                <i>1 0 0 0 1 0 0 0 1 0.49 3.72 3.98</i>
                <i>1 0 0 0 1 0 0 0 1 0.49 3.72 3.98</i>
                <i>1 0 0 0 1 0 0 0 1 0.49 3.72 3.98</i>
                <i>1 0 0 0 1 0 0 0 1 0.49 3.72 3.98</i>
                <i>1 0 0 0 1 0 0 0 1 0.49 3.72 3.98</i>
                <i>1 0 0 0 1 0 0 0 1 0.49 3.72 3.98</i>
                <i>1 0 0 0 1 0 0 0 1 0.49 3.72 3.98</i>
                <i>1 0 0 0 1 0 0 0 1 0.49 3.72 3.98</i>
                <i>1 0 0 0 1 0 0 0 1 0.49 3.72 3.98</i>
            </KeyFrames>
        </RefFrame>
        <Bones count="23">
            <i>
                <p>
                    <Name>
                        <![CDATA[pelvis]]>
</Name>
                    <Exclude>0</Exclude>
                    <Additive>0</Additive>
                    <IKPriority>0</IKPriority>
                    <IKRotLimits>-1e+010 -1e+010 -1e+010 1e+010 1e+010 1e+010</IKRotLimits>
                    <IKRotLimitOrder>2</IKRotLimitOrder>
                    <KeyFrames count="49">
                        <i>1 0 0 0 1 0 0 0 1 0.497405 4.87727 3.98766</i>
                        <i>1 0 0 0 1 0 0 0 1 0.497405 4.8784 3.98766</i>
                        <i>1 0 0 0 1 0 0 0 1 0.497405 4.87946 3.98766</i>
                        <i>1 0 0 0 1 0 0 0 1 0.497405 4.88044 3.98766</i>
                        <i>1 0 0 0 1 0 0 0 1 0.497405 4.88132 3.98766</i>
                        <i>1 0 0 0 1 0 0 0 1 0.497405 4.88207 3.98766</i>
                        <i>1 0 0 0 1 0 0 0 1 0.497405 4.88269 3.98766</i>
                        <i>1 0 0 0 1 0 0 0 1 0.497405 4.88315 3.98766</i>
                        <i>1 0 0 0 1 0 0 0 1 0.497405 4.88344 3.98766</i>
                        <i>1 0 0 0 1 0 0 0 1 0.497405 4.88354 3.98766</i>
                        <i>1 0 0 0 1 0 0 0 1 0.497405 4.88344 3.98766</i>
                        <i>1 0 0 0 1 0 0 0 1 0.497405 4.88315 3.98766</i>
                        <i>1 0 0 0 1 0 0 0 1 0.497405 4.88269 3.98766</i>
                        <i>1 0 0 0 1 0 0 0 1 0.497405 4.88207 3.98766</i>
                        <i>1 0 0 0 1 0 0 0 1 0.497405 4.88132 3.98766</i>
                        <i>1 0 0 0 1 0 0 0 1 0.497405 4.88044 3.98766</i>
                        <i>1 0 0 0 1 0 0 0 1 0.497405 4.87946 3.98766</i>
                        <i>1 0 0 0 1 0 0 0 1 0.497405 4.8784 3.98766</i>
                        <i>1 0 0 0 1 0 0 0 1 0.497405 4.87727 3.98766</i>
                        <i>1 0 0 0 1 0 0 0 1 0.497405 4.87608 3.98766</i>
                        <i>1 0 0 0 1 0 0 0 1 0.497405 4.87486 3.98766</i>
                        <i>1 0 0 0 1 0 0 0 1 0.497405 4.87363 3.98766</i>
                        <i>1 0 0 0 1 0 0 0 1 0.497405 4.87239 3.98766</i>
                        <i>1 0 0 0 1 0 0 0 1 0.497405 4.87117 3.98766</i>
                        <i>1 0 0 0 1 0 0 0 1 0.497405 4.86999 3.98766</i>
                        <i>1 0 0 0 1 0 0 0 1 0.497405 4.86885 3.98766</i>
                        <i>1 0 0 0 1 0 0 0 1 0.497405 4.86779 3.98766</i>
                        <i>1 0 0 0 1 0 0 0 1 0.497405 4.86681 3.98766</i>
                        <i>1 0 0 0 1 0 0 0 1 0.497405 4.86594 3.98766</i>
                        <i>1 0 0 0 1 0 0 0 1 0.497405 4.86518 3.98766</i>
                        <i>1 0 0 0 1 0 0 0 1 0.497405 4.86457 3.98766</i>
                        <i>1 0 0 0 1 0 0 0 1 0.497405 4.86411 3.98766</i>
                        <i>1 0 0 0 1 0 0 0 1 0.497405 4.86382 3.98766</i>
                        <i>1 0 0 0 1 0 0 0 1 0.497405 4.86372 3.98766</i>
                        <i>1 0 0 0 1 0 0 0 1 0.497405 4.86382 3.98766</i>
                        <i>1 0 0 0 1 0 0 0 1 0.497405 4.86411 3.98766</i>
                        <i>1 0 0 0 1 0 0 0 1 0.497405 4.86457 3.98766</i>
                        <i>1 0 0 0 1 0 0 0 1 0.497405 4.86518 3.98766</i>
                        <i>1 0 0 0 1 0 0 0 1 0.497405 4.86594 3.98766</i>
                        <i>1 0 0 0 1 0 0 0 1 0.497405 4.86681 3.98766</i>
                        <i>1 0 0 0 1 0 0 0 1 0.497405 4.86779 3.98766</i>
                        <i>1 0 0 0 1 0 0 0 1 0.497405 4.86885 3.98766</i>
                        <i>1 0 0 0 1 0 0 0 1 0.497405 4.86999 3.98766</i>
                        <i>1 0 0 0 1 0 0 0 1 0.497405 4.87117 3.98766</i>
                        <i>1 0 0 0 1 0 0 0 1 0.497405 4.87239 3.98766</i>
                        <i>1 0 0 0 1 0 0 0 1 0.497405 4.87363 3.98766</i>
                        <i>1 0 0 0 1 0 0 0 1 0.497405 4.87486 3.98766</i>
                        <i>1 0 0 0 1 0 0 0 1 0.497405 4.87608 3.98766</i>
                        <i>1 0 0 0 1 0 0 0 1 0.497405 4.87727 3.98766</i>
                    </KeyFrames>
                </p>
            </i>
            <i>
                <p>
                    <Name>
                        <![CDATA[spine0]]>
</Name>
                    <Exclude>0</Exclude>
                    <Additive>0</Additive>
                    <IKPriority>0</IKPriority>
                    <IKRotLimits>-1e+010 -1e+010 -1e+010 1e+010 1e+010 1e+010</IKRotLimits>
                    <IKRotLimitOrder>0</IKRotLimitOrder>
                    <KeyFrames count="49">
                        <i>-0.0554401 0.998004 0.0302369 -0.993849 -0.0580665 0.0943042 0.0958718 -0.0248227 0.995084 0.484963 5.01233 3.9397</i>
                        <i>-0.0554946 0.998018 0.0296717 -0.993849 -0.0580665 0.0943042 0.0958403 -0.0242558 0.995101 0.484963 5.01346 3.9397</i>
                        <i>-0.0555589 0.998034 0.0290033 -0.993849 -0.0580665 0.0943042 0.095803 -0.0235854 0.995121 0.484963 5.01452 3.9397</i>
                        <i>-0.0556307 0.998051 0.0282576 -0.993849 -0.0580665 0.0943042 0.0957613 -0.0228376 0.995142 0.484963 5.0155 3.9397</i>
                        <i>-0.0557074 0.998069 0.0274607 -0.993849 -0.0580665 0.0943042 0.0957167 -0.0220383 0.995165 0.484963 5.01637 3.9397</i>
                        <i>-0.0557864 0.998087 0.0266384 -0.993849 -0.0580665 0.0943042 0.0956706 -0.0212136 0.995187 0.484963 5.01713 3.9397</i>
                        <i>-0.0558654 0.998105 0.0258165 -0.993849 -0.0580665 0.0943042 0.0956246 -0.0203894 0.995209 0.484963 5.01775 3.9397</i>
                        <i>-0.0559419 0.99812 0.025021 -0.993849 -0.0580665 0.0943042 0.0955799 -0.0195915 0.995229 0.484963 5.01821 3.9397</i>
                        <i>-0.0560132 0.998135 0.0242775 -0.993849 -0.0580665 0.0943042 0.095538 -0.0188458 0.995247 0.484963 5.0185 3.9397</i>
                        <i>-0.0560771 0.998147 0.0236116 -0.993849 -0.0580665 0.0943042 0.0955005 -0.018178 0.995263 0.484963 5.0186 3.9397</i>
                        <i>-0.0561441 0.99816 0.0229133 -0.993849 -0.0580665 0.0943042 0.0954612 -0.0174777 0.99528 0.484963 5.0185 3.9397</i>
                        <i>-0.0562188 0.998173 0.0221343 -0.993849 -0.0580665 0.0943042 0.0954172 -0.0166964 0.995297 0.484963 5.01821 3.9397</i>
                        <i>-0.0562986 0.998187 0.0213017 -0.993849 -0.0580665 0.0943042 0.0953701 -0.0158614 0.995315 0.484963 5.01775 3.9397</i>
                        <i>-0.0563809 0.9982 0.0204426 -0.993849 -0.0580665 0.0943042 0.0953215 -0.0149999 0.995333 0.484963 5.01713 3.9397</i>
                        <i>-0.0564631 0.998213 0.019584 -0.993849 -0.0580665 0.0943042 0.0952728 -0.0141388 0.995351 0.484963 5.01637 3.9397</i>
                        <i>-0.0565427 0.998224 0.0187528 -0.993849 -0.0580665 0.0943042 0.0952257 -0.0133053 0.995367 0.484963 5.0155 3.9397</i>
                        <i>-0.056617 0.998234 0.017976 -0.993849 -0.0580665 0.0943042 0.0951815 -0.0125262 0.995381 0.484963 5.01452 3.9397</i>
                        <i>-0.0566835 0.998243 0.0172803 -0.993849 -0.0580665 0.0943042 0.0951419 -0.0118286 0.995393 0.484963 5.01346 3.9397</i>
                        <i>-0.0567396 0.998249 0.0166927 -0.993849 -0.0580665 0.0943042 0.0951084 -0.0112392 0.995403 0.484963 5.01233 3.9397</i>
                        <i>-0.0567829 0.998254 0.0162397 -0.993849 -0.0580665 0.0943042 0.0950826 -0.0107849 0.995411 0.484963 5.01114 3.9397</i>
                        <i>-0.0568108 0.998258 0.0159483 -0.993849 -0.0580665 0.0943042 0.095066 -0.0104927 0.995416 0.484963 5.00992 3.9397</i>
                        <i>-0.0568206 0.998259 0.0158452 -0.993849 -0.0580665 0.0943042 0.0950601 -0.0103893 0.995417 0.484963 5.00869 3.9397</i>
                        <i>-0.0568106 0.998258 0.0159494 -0.993849 -0.0580665 0.0943042 0.095066 -0.0104938 0.995416 0.484963 5.00745 3.9397</i>
                        <i>-0.0567825 0.998254 0.0162439 -0.993849 -0.0580665 0.0943042 0.0950828 -0.0107892 0.995411 0.484963 5.00623 3.9397</i>
                        <i>-0.0567388 0.998249 0.0167012 -0.993849 -0.0580665 0.0943042 0.0951089 -0.0112477 0.995403 0.484963 5.00505 3.9397</i>
                        <i>-0.0566822 0.998242 0.0172938 -0.993849 -0.0580665 0.0943042 0.0951427 -0.0118421 0.995393 0.484963 5.00391 3.9397</i>
                        <i>-0.0566152 0.998234 0.0179945 -0.993849 -0.0580665 0.0943042 0.0951826 -0.0125447 0.995381 0.484963 5.00285 3.9397</i>
                        <i>-0.0565405 0.998224 0.0187756 -0.993849 -0.0580665 0.0943042 0.095227 -0.0133281 0.995366 0.484963 5.00187 3.9397</i>
                        <i>-0.0564607 0.998212 0.0196098 -0.993849 -0.0580665 0.0943042 0.0952743 -0.0141647 0.99535 0.484963 5.001 3.9397</i>
                        <i>-0.0563783 0.9982 0.0204696 -0.993849 -0.0580665 0.0943042 0.095323 -0.015027 0.995333 0.484963 5.00024 3.9397</i>
                        <i>-0.0562962 0.998186 0.0213273 -0.993849 -0.0580665 0.0943042 0.0953716 -0.0158872 0.995315 0.484963 4.99963 3.9397</i>
                        <i>-0.0562168 0.998173 0.0221554 -0.993849 -0.0580665 0.0943042 0.0954184 -0.0167176 0.995297 0.484963 4.99917 3.9397</i>
                        <i>-0.0561429 0.998159 0.0229261 -0.993849 -0.0580665 0.0943042 0.0954619 -0.0174905 0.995279 0.484963 4.99888 3.9397</i>
                        <i>-0.0560771 0.998147 0.0236116 -0.993849 -0.0580665 0.0943042 0.0955005 -0.018178 0.995263 0.484963 4.99878 3.9397</i>
                        <i>-0.056012 0.998135 0.0242903 -0.993849 -0.0580665 0.0943042 0.0955388 -0.0188587 0.995247 0.484963 4.99888 3.9397</i>
                        <i>-0.0559398 0.99812 0.0250422 -0.993849 -0.0580665 0.0943042 0.0955811 -0.0196128 0.995228 0.484963 4.99917 3.9397</i>
                        <i>-0.055863 0.998104 0.0258423 -0.993849 -0.0580665 0.0943042 0.095626 -0.0204152 0.995208 0.484963 4.99963 3.9397</i>
                        <i>-0.0557838 0.998087 0.0266655 -0.993849 -0.0580665 0.0943042 0.0956722 -0.0212408 0.995186 0.484963 5.00024 3.9397</i>
                        <i>-0.0557049 0.998069 0.0274867 -0.993849 -0.0580665 0.0943042 0.0957182 -0.0220644 0.995164 0.484963 5.001 3.9397</i>
                        <i>-0.0556285 0.998051 0.0282806 -0.993849 -0.0580665 0.0943042 0.0957626 -0.0228606 0.995142 0.484963 5.00187 3.9397</i>
                        <i>-0.0555571 0.998034 0.0290219 -0.993849 -0.0580665 0.0943042 0.095804 -0.0236041 0.99512 0.484963 5.00285 3.9397</i>
                        <i>-0.0554933 0.998018 0.0296853 -0.993849 -0.0580665 0.0943042 0.095841 -0.0242695 0.995101 0.484963 5.00391 3.9397</i>
                        <i>-0.0554393 0.998004 0.0302456 -0.993849 -0.0580665 0.0943042 0.0958722 -0.0248314 0.995084 0.484963 5.00505 3.9397</i>
                        <i>-0.0553977 0.997993 0.0306771 -0.993849 -0.0580665 0.0943042 0.0958963 -0.0252642 0.995071 0.484963 5.00623 3.9397</i>
                        <i>-0.055371 0.997986 0.0309547 -0.993849 -0.0580665 0.0943042 0.0959117 -0.0255425 0.995062 0.484963 5.00745 3.9397</i>
                        <i>-0.0553615 0.997983 0.0310528 -0.993849 -0.0580665 0.0943042 0.0959172 -0.025641 0.995059 0.484963 5.00869 3.9397</i>
                        <i>-0.0553711 0.997986 0.0309535 -0.993849 -0.0580665 0.0943042 0.0959117 -0.0255414 0.995062 0.484963 5.00992 3.9397</i>
                        <i>-0.0553981 0.997993 0.0306729 -0.993849 -0.0580665 0.0943042 0.095896 -0.0252599 0.995071 0.484963 5.01114 3.9397</i>
                        <i>-0.0554401 0.998004 0.0302369 -0.993849 -0.0580665 0.0943042 0.0958718 -0.0248227 0.995084 0.484963 5.01233 3.9397</i>
                    </KeyFrames>
                </p>
            </i>
            <i>
                <p>
                    <Name>
                        <![CDATA[spine1]]>
</Name>
                    <Exclude>0</Exclude>
                    <Additive>0</Additive>
                    <IKPriority>0</IKPriority>
                    <IKRotLimits>-1e+010 -1e+010 -1e+010 1e+010 1e+010 1e+010</IKRotLimits>
                    <IKRotLimitOrder>0</IKRotLimitOrder>
                    <KeyFrames count="49">
                        <i>-0.0333238 0.968857 0.245369 -0.993849 -0.0580665 0.0943042 0.105615 -0.240717 0.964832 0.475414 5.18421 3.9449</i>
                        <i>-0.0335406 0.969349 0.243387 -0.993849 -0.0580665 0.0943042 0.105546 -0.238727 0.965334 0.475405 5.18534 3.9448</i>
                        <i>-0.0337969 0.969926 0.241041 -0.993849 -0.0580665 0.0943042 0.105465 -0.236371 0.965922 0.475395 5.18639 3.94469</i>
                        <i>-0.0340828 0.970564 0.238421 -0.993849 -0.0580665 0.0943042 0.105373 -0.23374 0.966572 0.475383 5.18736 3.94456</i>
                        <i>-0.0343881 0.971237 0.235618 -0.993849 -0.0580665 0.0943042 0.105273 -0.230925 0.96726 0.475371 5.18822 3.94442</i>
                        <i>-0.034703 0.971924 0.232722 -0.993849 -0.0580665 0.0943042 0.10517 -0.228018 0.96796 0.475358 5.18896 3.94428</i>
                        <i>-0.0350175 0.972602 0.229825 -0.993849 -0.0580665 0.0943042 0.105066 -0.225109 0.968652 0.475346 5.18957 3.94414</i>
                        <i>-0.0353218 0.97325 0.227017 -0.993849 -0.0580665 0.0943042 0.104964 -0.222289 0.969314 0.475333 5.19002 3.944</i>
                        <i>-0.0356061 0.973849 0.22439 -0.993849 -0.0580665 0.0943042 0.104868 -0.219652 0.969926 0.475322 5.1903 3.94387</i>
                        <i>-0.0358605 0.974379 0.222035 -0.993849 -0.0580665 0.0943042 0.104781 -0.217287 0.970468 0.475311 5.19039 3.94376</i>
                        <i>-0.0361272 0.974929 0.219563 -0.993849 -0.0580665 0.0943042 0.104689 -0.214805 0.97103 0.475301 5.19028 3.94364</i>
                        <i>-0.0364245 0.975536 0.216803 -0.993849 -0.0580665 0.0943042 0.104586 -0.212034 0.97165 0.475288 5.18998 3.9435</i>
                        <i>-0.0367421 0.976175 0.213849 -0.993849 -0.0580665 0.0943042 0.104475 -0.209069 0.972304 0.475276 5.1895 3.94336</i>
                        <i>-0.0370696 0.976826 0.210799 -0.993849 -0.0580665 0.0943042 0.104359 -0.206006 0.97297 0.475262 5.18887 3.94321</i>
                        <i>-0.0373967 0.977468 0.207747 -0.993849 -0.0580665 0.0943042 0.104242 -0.202942 0.973626 0.475249 5.18811 3.94306</i>
                        <i>-0.0377131 0.978079 0.204789 -0.993849 -0.0580665 0.0943042 0.104128 -0.199973 0.974253 0.475236 5.18722 3.94292</i>
                        <i>-0.0380086 0.978643 0.202022 -0.993849 -0.0580665 0.0943042 0.104021 -0.197195 0.97483 0.475224 5.18623 3.94279</i>
                        <i>-0.0382731 0.979142 0.199541 -0.993849 -0.0580665 0.0943042 0.103924 -0.194705 0.975341 0.475213 5.18516 3.94267</i>
                        <i>-0.0384964 0.979558 0.197444 -0.993849 -0.0580665 0.0943042 0.103841 -0.1926 0.975768 0.475204 5.18402 3.94256</i>
                        <i>-0.0386684 0.979876 0.195827 -0.993849 -0.0580665 0.0943042 0.103777 -0.190976 0.976093 0.475197 5.18283 3.94249</i>
                        <i>-0.0387791 0.980079 0.194786 -0.993849 -0.0580665 0.0943042 0.103736 -0.189931 0.976302 0.475192 5.1816 3.94244</i>
                        <i>-0.0388182 0.98015 0.194418 -0.993849 -0.0580665 0.0943042 0.103721 -0.189561 0.976375 0.475191 5.18037 3.94242</i>
                        <i>-0.0387787 0.980078 0.19479 -0.993849 -0.0580665 0.0943042 0.103736 -0.189935 0.976301 0.475193 5.17913 3.94244</i>
                        <i>-0.0386668 0.979873 0.195842 -0.993849 -0.0580665 0.0943042 0.103778 -0.190991 0.97609 0.475197 5.17792 3.94249</i>
                        <i>-0.0384932 0.979552 0.197475 -0.993849 -0.0580665 0.0943042 0.103843 -0.19263 0.975761 0.475204 5.17674 3.94257</i>
                        <i>-0.038268 0.979132 0.19959 -0.993849 -0.0580665 0.0943042 0.103926 -0.194753 0.975331 0.475213 5.17561 3.94267</i>
                        <i>-0.0380016 0.97863 0.202088 -0.993849 -0.0580665 0.0943042 0.104023 -0.197261 0.974817 0.475224 5.17456 3.94279</i>
                        <i>-0.0377044 0.978063 0.20487 -0.993849 -0.0580665 0.0943042 0.104132 -0.200054 0.974236 0.475236 5.17359 3.94292</i>
                        <i>-0.0373869 0.977448 0.207839 -0.993849 -0.0580665 0.0943042 0.104246 -0.203035 0.973607 0.475249 5.17273 3.94307</i>
                        <i>-0.0370593 0.976806 0.210895 -0.993849 -0.0580665 0.0943042 0.104363 -0.206103 0.972949 0.475263 5.17199 3.94321</i>
                        <i>-0.0367324 0.976156 0.213941 -0.993849 -0.0580665 0.0943042 0.104478 -0.209161 0.972284 0.475276 5.17139 3.94336</i>
                        <i>-0.0364165 0.975519 0.216878 -0.993849 -0.0580665 0.0943042 0.104589 -0.212109 0.971633 0.475289 5.17094 3.94351</i>
                        <i>-0.0361223 0.974919 0.219608 -0.993849 -0.0580665 0.0943042 0.104691 -0.214851 0.97102 0.475301 5.17066 3.94364</i>
                        <i>-0.0358605 0.974379 0.222035 -0.993849 -0.0580665 0.0943042 0.104781 -0.217287 0.970468 0.475311 5.17057 3.94376</i>
                        <i>-0.0356012 0.973839 0.224435 -0.993849 -0.0580665 0.0943042 0.104869 -0.219697 0.969915 0.475322 5.17068 3.94387</i>
                        <i>-0.0353137 0.973233 0.227092 -0.993849 -0.0580665 0.0943042 0.104966 -0.222364 0.969297 0.475334 5.17098 3.944</i>
                        <i>-0.0350077 0.972581 0.229915 -0.993849 -0.0580665 0.0943042 0.105069 -0.2252 0.968631 0.475346 5.17145 3.94414</i>
                        <i>-0.0346926 0.971901 0.232818 -0.993849 -0.0580665 0.0943042 0.105173 -0.228114 0.967937 0.475359 5.17208 3.94428</i>
                        <i>-0.0343781 0.971215 0.235709 -0.993849 -0.0580665 0.0943042 0.105277 -0.231017 0.967237 0.475372 5.17284 3.94442</i>
                        <i>-0.034074 0.970544 0.238501 -0.993849 -0.0580665 0.0943042 0.105375 -0.233821 0.966553 0.475384 5.17373 3.94456</i>
                        <i>-0.0337898 0.96991 0.241106 -0.993849 -0.0580665 0.0943042 0.105467 -0.236436 0.965906 0.475395 5.17472 3.94469</i>
                        <i>-0.0335354 0.969337 0.243434 -0.993849 -0.0580665 0.0943042 0.105548 -0.238774 0.965322 0.475406 5.17579 3.9448</i>
                        <i>-0.0333205 0.968849 0.245399 -0.993849 -0.0580665 0.0943042 0.105616 -0.240747 0.964824 0.475414 5.17693 3.9449</i>
                        <i>-0.0331548 0.968471 0.246911 -0.993849 -0.0580665 0.0943042 0.105668 -0.242266 0.964438 0.475421 5.17812 3.94498</i>
                        <i>-0.0330483 0.968226 0.247883 -0.993849 -0.0580665 0.0943042 0.105702 -0.243242 0.964189 0.475425 5.17935 3.94502</i>
                        <i>-0.0330106 0.968139 0.248227 -0.993849 -0.0580665 0.0943042 0.105713 -0.243587 0.964101 0.475427 5.18058 3.94504</i>
                        <i>-0.0330488 0.968227 0.247879 -0.993849 -0.0580665 0.0943042 0.105701 -0.243238 0.96419 0.475425 5.18182 3.94502</i>
                        <i>-0.0331565 0.968475 0.246896 -0.993849 -0.0580665 0.0943042 0.105668 -0.242251 0.964442 0.475421 5.18303 3.94497</i>
                        <i>-0.0333238 0.968857 0.245369 -0.993849 -0.0580665 0.0943042 0.105615 -0.240717 0.964832 0.475414 5.18421 3.9449</i>
                    </KeyFrames>
                </p>
            </i>
            <i>
                <p>
                    <Name>
                        <![CDATA[spine2]]>
</Name>
                    <Exclude>0</Exclude>
                    <Additive>0</Additive>
                    <IKPriority>0</IKPriority>
                    <IKRotLimits>-1e+010 -1e+010 -1e+010 1e+010 1e+010 1e+010</IKRotLimits>
                    <IKRotLimitOrder>0</IKRotLimitOrder>
                    <KeyFrames count="49">
                        <i>-0.00893309 0.890782 0.454343 -0.993849 -0.0580665 0.0943042 0.110387 -0.450705 0.885821 0.470137 5.33775 3.98382</i>
                        <i>-0.0092323 0.892001 0.45194 -0.993849 -0.0580665 0.0943042 0.110362 -0.448289 0.88705 0.470094 5.33894 3.9834</i>
                        <i>-0.00958632 0.893434 0.449091 -0.993849 -0.0580665 0.0943042 0.110332 -0.445425 0.888495 0.470043 5.34008 3.98291</i>
                        <i>-0.00998143 0.895024 0.445906 -0.993849 -0.0580665 0.0943042 0.110297 -0.442222 0.890098 0.469986 5.34114 3.98237</i>
                        <i>-0.0104039 0.896712 0.442493 -0.993849 -0.0580665 0.0943042 0.110258 -0.43879 0.8918 0.469926 5.3421 3.98178</i>
                        <i>-0.0108401 0.898441 0.438961 -0.993849 -0.0580665 0.0943042 0.110216 -0.435238 0.893544 0.469864 5.34294 3.98118</i>
                        <i>-0.0112762 0.900156 0.435421 -0.993849 -0.0580665 0.0943042 0.110172 -0.431679 0.895274 0.469801 5.34364 3.98057</i>
                        <i>-0.0116986 0.901805 0.431985 -0.993849 -0.0580665 0.0943042 0.110128 -0.428224 0.896937 0.469741 5.34418 3.97999</i>
                        <i>-0.0120935 0.903335 0.428765 -0.993849 -0.0580665 0.0943042 0.110085 -0.424987 0.898481 0.469685 5.34455 3.97944</i>
                        <i>-0.0124474 0.904697 0.425874 -0.993849 -0.0580665 0.0943042 0.110046 -0.422081 0.899854 0.469634 5.34471 3.97895</i>
                        <i>-0.0128185 0.906115 0.422836 -0.993849 -0.0580665 0.0943042 0.110003 -0.419026 0.901286 0.469582 5.34468 3.97844</i>
                        <i>-0.0132328 0.907687 0.419438 -0.993849 -0.0580665 0.0943042 0.109954 -0.41561 0.902872 0.469523 5.34447 3.97786</i>
                        <i>-0.0136756 0.909354 0.415798 -0.993849 -0.0580665 0.0943042 0.1099 -0.41195 0.904555 0.46946 5.34408 3.97725</i>
                        <i>-0.0141328 0.911061 0.41203 -0.993849 -0.0580665 0.0943042 0.109842 -0.408163 0.906277 0.469395 5.34355 3.97661</i>
                        <i>-0.0145898 0.912751 0.408255 -0.993849 -0.0580665 0.0943042 0.109782 -0.404368 0.907984 0.46933 5.34287 3.97598</i>
                        <i>-0.0150323 0.914374 0.404591 -0.993849 -0.0580665 0.0943042 0.109723 -0.400684 0.909623 0.469268 5.34207 3.97537</i>
                        <i>-0.0154461 0.915879 0.401157 -0.993849 -0.0580665 0.0943042 0.109665 -0.397233 0.911142 0.469209 5.34116 3.97479</i>
                        <i>-0.0158167 0.917217 0.398075 -0.993849 -0.0580665 0.0943042 0.109612 -0.394135 0.912493 0.469157 5.34016 3.97428</i>
                        <i>-0.0161298 0.918339 0.395466 -0.993849 -0.0580665 0.0943042 0.109567 -0.391512 0.913626 0.469112 5.33908 3.97384</i>
                        <i>-0.0163712 0.919199 0.393452 -0.993849 -0.0580665 0.0943042 0.109531 -0.389488 0.914496 0.469078 5.33793 3.97351</i>
                        <i>-0.0165265 0.919751 0.392155 -0.993849 -0.0580665 0.0943042 0.109507 -0.388184 0.915053 0.469056 5.33674 3.97329</i>
                        <i>-0.0165814 0.919945 0.391695 -0.993849 -0.0580665 0.0943042 0.109499 -0.387722 0.915249 0.469049 5.33551 3.97321</i>
                        <i>-0.0165259 0.919749 0.39216 -0.993849 -0.0580665 0.0943042 0.109508 -0.388189 0.91505 0.469056 5.33426 3.97329</i>
                        <i>-0.0163689 0.919191 0.393471 -0.993849 -0.0580665 0.0943042 0.109531 -0.389507 0.914488 0.469079 5.33302 3.97351</i>
                        <i>-0.0161253 0.918323 0.395504 -0.993849 -0.0580665 0.0943042 0.109567 -0.39155 0.91361 0.469113 5.3318 3.97385</i>
                        <i>-0.0158095 0.917191 0.398135 -0.993849 -0.0580665 0.0943042 0.109613 -0.394195 0.912467 0.469158 5.33061 3.97429</i>
                        <i>-0.0154362 0.915844 0.401239 -0.993849 -0.0580665 0.0943042 0.109666 -0.397315 0.911106 0.46921 5.32949 3.9748</i>
                        <i>-0.0150202 0.91433 0.404691 -0.993849 -0.0580665 0.0943042 0.109724 -0.400785 0.909578 0.469269 5.32844 3.97538</i>
                        <i>-0.014576 0.912701 0.408369 -0.993849 -0.0580665 0.0943042 0.109784 -0.404482 0.907933 0.469332 5.32749 3.976</i>
                        <i>-0.0141184 0.911007 0.412149 -0.993849 -0.0580665 0.0943042 0.109844 -0.408282 0.906223 0.469397 5.32666 3.97663</i>
                        <i>-0.013662 0.909303 0.41591 -0.993849 -0.0580665 0.0943042 0.109902 -0.412063 0.904503 0.469462 5.32596 3.97727</i>
                        <i>-0.0132215 0.907645 0.419531 -0.993849 -0.0580665 0.0943042 0.109955 -0.415703 0.902829 0.469524 5.32542 3.97788</i>
                        <i>-0.0128117 0.90609 0.422892 -0.993849 -0.0580665 0.0943042 0.110004 -0.419082 0.90126 0.469583 5.32506 3.97845</i>
                        <i>-0.0124474 0.904697 0.425874 -0.993849 -0.0580665 0.0943042 0.110046 -0.422081 0.899854 0.469634 5.32489 3.97895</i>
                        <i>-0.0120867 0.903309 0.42882 -0.993849 -0.0580665 0.0943042 0.110086 -0.425042 0.898454 0.469686 5.32492 3.97945</i>
                        <i>-0.0116874 0.901761 0.432076 -0.993849 -0.0580665 0.0943042 0.110129 -0.428316 0.896893 0.469743 5.32514 3.98</i>
                        <i>-0.0112626 0.900103 0.435532 -0.993849 -0.0580665 0.0943042 0.110173 -0.431791 0.89522 0.469803 5.32552 3.98059</i>
                        <i>-0.0108257 0.898384 0.439077 -0.993849 -0.0580665 0.0943042 0.110217 -0.435356 0.893486 0.469866 5.32605 3.9812</i>
                        <i>-0.0103901 0.896657 0.442604 -0.993849 -0.0580665 0.0943042 0.110259 -0.438902 0.891744 0.469928 5.32672 3.9818</i>
                        <i>-0.00996928 0.894975 0.446004 -0.993849 -0.0580665 0.0943042 0.110298 -0.442321 0.890049 0.469988 5.32751 3.98238</i>
                        <i>-0.00957647 0.893395 0.449171 -0.993849 -0.0580665 0.0943042 0.110333 -0.445505 0.888455 0.470044 5.32841 3.98293</i>
                        <i>-0.00922509 0.891971 0.451997 -0.993849 -0.0580665 0.0943042 0.110363 -0.448347 0.88702 0.470095 5.3294 3.98341</i>
                        <i>-0.00892853 0.890764 0.454379 -0.993849 -0.0580665 0.0943042 0.110387 -0.450742 0.885803 0.470137 5.33047 3.98382</i>
                        <i>-0.00870014 0.889829 0.456211 -0.993849 -0.0580665 0.0943042 0.110405 -0.452584 0.884861 0.47017 5.33161 3.98414</i>
                        <i>-0.00855331 0.889227 0.457387 -0.993849 -0.0580665 0.0943042 0.110417 -0.453767 0.884253 0.470191 5.3328 3.98434</i>
                        <i>-0.0085014 0.889013 0.457803 -0.993849 -0.0580665 0.0943042 0.110421 -0.454185 0.884038 0.470199 5.33402 3.98442</i>
                        <i>-0.00855393 0.889229 0.457382 -0.993849 -0.0580665 0.0943042 0.110417 -0.453762 0.884256 0.470191 5.33527 3.98434</i>
                        <i>-0.00870239 0.889838 0.456193 -0.993849 -0.0580665 0.0943042 0.110405 -0.452566 0.88487 0.47017 5.33652 3.98414</i>
                        <i>-0.00893309 0.890782 0.454343 -0.993849 -0.0580665 0.0943042 0.110387 -0.450705 0.885821 0.470137 5.33775 3.98382</i>
                    </KeyFrames>
                </p>
            </i>
            <i>
                <p>
                    <Name>
                        <![CDATA[head]]>
</Name>
                    <Exclude>0</Exclude>
                    <Additive>0</Additive>
                    <IKPriority>0</IKPriority>
                    <IKRotLimits>-1e+010 -1e+010 -1e+010 1e+010 1e+010 1e+010</IKRotLimits>
                    <IKRotLimitOrder>0</IKRotLimitOrder>
                    <KeyFrames count="49">
                        <i>-0.0655103 0.98383 0.166695 -0.0980425 0.1599 -0.982252 -0.993024 -0.0806909 0.0859821 0.466787 5.57163 4.09253</i>
                        <i>-0.0657811 0.984248 0.164099 -0.0979312 0.157293 -0.982684 -0.993017 -0.0807125 0.0860417 0.466668 5.57311 4.09149</i>
                        <i>-0.0661011 0.984734 0.161026 -0.0977986 0.154208 -0.983186 -0.993009 -0.0807378 0.0861123 0.466528 5.57459 4.09026</i>
                        <i>-0.0664578 0.985265 0.157594 -0.0976494 0.150763 -0.983735 -0.992999 -0.0807658 0.0861912 0.466371 5.57602 4.08889</i>
                        <i>-0.0668386 0.98582 0.153922 -0.0974885 0.147076 -0.984309 -0.99299 -0.0807955 0.0862757 0.466203 5.57737 4.08742</i>
                        <i>-0.0672312 0.986378 0.150129 -0.0973208 0.143268 -0.984887 -0.99298 -0.0808257 0.086363 0.46603 5.57862 4.0859</i>
                        <i>-0.0676231 0.986921 0.146333 -0.0971517 0.139458 -0.985451 -0.99297 -0.0808557 0.0864505 0.465858 5.57972 4.08438</i>
                        <i>-0.068002 0.987434 0.142655 -0.0969864 0.135766 -0.985982 -0.99296 -0.0808844 0.0865353 0.46569 5.58065 4.0829</i>
                        <i>-0.0683559 0.9879 0.139213 -0.0968306 0.132311 -0.986467 -0.992951 -0.0809109 0.0866147 0.465534 5.58138 4.08152</i>
                        <i>-0.0686724 0.988308 0.136128 -0.0966899 0.129215 -0.986891 -0.992943 -0.0809344 0.086686 0.465394 5.58186 4.08029</i>
                        <i>-0.0690041 0.988726 0.13289 -0.0965413 0.125964 -0.987326 -0.992934 -0.0809589 0.0867608 0.465247 5.58216 4.07898</i>
                        <i>-0.0693737 0.989179 0.129274 -0.096374 0.122334 -0.987799 -0.992925 -0.0809859 0.0868444 0.465084 5.58231 4.07753</i>
                        <i>-0.0697683 0.989649 0.125405 -0.0961937 0.118451 -0.98829 -0.992914 -0.0810144 0.0869339 0.464909 5.58232 4.07598</i>
                        <i>-0.0701749 0.990119 0.121409 -0.0960059 0.11444 -0.98878 -0.992904 -0.0810435 0.0870265 0.464728 5.58218 4.07437</i>
                        <i>-0.0705808 0.990572 0.11741 -0.0958165 0.110427 -0.989255 -0.992893 -0.0810722 0.0871191 0.464548 5.5819 4.07276</i>
                        <i>-0.0709731 0.990996 0.113536 -0.0956315 0.106539 -0.989699 -0.992883 -0.0810997 0.087209 0.464374 5.58148 4.0712</i>
                        <i>-0.0713394 0.991378 0.109911 -0.095457 0.102901 -0.990101 -0.992874 -0.081125 0.0872931 0.46421 5.58092 4.06974</i>
                        <i>-0.071667 0.991709 0.106663 -0.0952996 0.0996402 -0.990449 -0.992865 -0.0811475 0.0873686 0.464064 5.58023 4.06843</i>
                        <i>-0.0719435 0.991981 0.103916 -0.0951657 0.0968837 -0.990736 -0.992858 -0.0811662 0.0874324 0.463941 5.5794 4.06732</i>
                        <i>-0.0721564 0.992185 0.101798 -0.095062 0.094758 -0.990951 -0.992853 -0.0811806 0.0874817 0.463846 5.57846 4.06647</i>
                        <i>-0.0722933 0.992314 0.100434 -0.094995 0.0933897 -0.991087 -0.992849 -0.0811898 0.0875134 0.463785 5.57739 4.06592</i>
                        <i>-0.0723418 0.992359 0.099952 -0.0949712 0.0929055 -0.991135 -0.992848 -0.081193 0.0875246 0.463763 5.57621 4.06572</i>
                        <i>-0.0722928 0.992313 0.10044 -0.0949952 0.0933951 -0.991087 -0.992849 -0.0811898 0.0875132 0.463785 5.57492 4.06592</i>
                        <i>-0.0721544 0.992183 0.101818 -0.0950629 0.0947777 -0.990949 -0.992853 -0.0811805 0.0874812 0.463847 5.57355 4.06647</i>
                        <i>-0.0719395 0.991977 0.103956 -0.0951677 0.0969237 -0.990731 -0.992858 -0.081166 0.0874315 0.463943 5.57212 4.06734</i>
                        <i>-0.0716607 0.991703 0.106726 -0.0953027 0.0997035 -0.990443 -0.992866 -0.081147 0.0873671 0.464067 5.57067 4.06845</i>
                        <i>-0.0713307 0.991369 0.109998 -0.0954612 0.102987 -0.990091 -0.992874 -0.0811244 0.0872911 0.464214 5.56924 4.06977</i>
                        <i>-0.0709624 0.990984 0.113642 -0.0956366 0.106645 -0.989687 -0.992884 -0.0810989 0.0872065 0.464378 5.56784 4.07124</i>
                        <i>-0.0705685 0.990559 0.117531 -0.0958222 0.110548 -0.989241 -0.992894 -0.0810714 0.0871163 0.464554 5.56651 4.07281</i>
                        <i>-0.0701621 0.990104 0.121535 -0.0960119 0.114566 -0.988765 -0.992904 -0.0810426 0.0870236 0.464734 5.56528 4.07442</i>
                        <i>-0.0697561 0.989635 0.125524 -0.0961993 0.118571 -0.988275 -0.992915 -0.0810135 0.0869312 0.464914 5.56419 4.07603</i>
                        <i>-0.0693637 0.989167 0.129372 -0.0963786 0.122433 -0.987786 -0.992925 -0.0809852 0.0868421 0.465088 5.56326 4.07757</i>
                        <i>-0.068998 0.988718 0.132949 -0.096544 0.126024 -0.987318 -0.992934 -0.0809584 0.0867594 0.46525 5.56253 4.07901</i>
                        <i>-0.0686724 0.988308 0.136128 -0.0966899 0.129215 -0.986891 -0.992943 -0.0809344 0.086686 0.465394 5.56204 4.08029</i>
                        <i>-0.0683498 0.987892 0.139272 -0.0968333 0.132371 -0.986459 -0.992951 -0.0809104 0.0866134 0.465537 5.56175 4.08155</i>
                        <i>-0.0679919 0.98742 0.142753 -0.0969909 0.135864 -0.985968 -0.99296 -0.0808836 0.0865331 0.465695 5.5616 4.08294</i>
                        <i>-0.0676108 0.986905 0.146452 -0.097157 0.139578 -0.985433 -0.99297 -0.0808548 0.0864478 0.465863 5.56159 4.08443</i>
                        <i>-0.0672182 0.98636 0.150254 -0.0973264 0.143394 -0.984868 -0.99298 -0.0808248 0.0863602 0.466036 5.56172 4.08595</i>
                        <i>-0.0668262 0.985802 0.154042 -0.0974938 0.147197 -0.984291 -0.99299 -0.0807945 0.0862729 0.466209 5.56198 4.08747</i>
                        <i>-0.0664468 0.985249 0.1577 -0.097654 0.150869 -0.983719 -0.993 -0.080765 0.0861888 0.466376 5.56238 4.08893</i>
                        <i>-0.0660922 0.984721 0.161111 -0.0978023 0.154294 -0.983172 -0.993009 -0.0807371 0.0861104 0.466532 5.5629 4.09029</i>
                        <i>-0.0657746 0.984238 0.164162 -0.0979339 0.157356 -0.982674 -0.993017 -0.0807119 0.0860403 0.466671 5.56356 4.09151</i>
                        <i>-0.0655062 0.983823 0.166735 -0.0980442 0.159939 -0.982246 -0.993024 -0.0806906 0.0859812 0.466789 5.56435 4.09254</i>
                        <i>-0.0652993 0.983499 0.168715 -0.0981287 0.161928 -0.981911 -0.993029 -0.080674 0.0859357 0.46688 5.56526 4.09333</i>
                        <i>-0.0651662 0.983289 0.169989 -0.0981828 0.163206 -0.981694 -0.993032 -0.0806633 0.0859065 0.466938 5.56631 4.09384</i>
                        <i>-0.0651191 0.983214 0.170439 -0.0982018 0.163658 -0.981617 -0.993034 -0.0806595 0.0858962 0.466959 5.56748 4.09402</i>
                        <i>-0.0651668 0.98329 0.169983 -0.0981825 0.163201 -0.981695 -0.993032 -0.0806633 0.0859066 0.466938 5.56878 4.09384</i>
                        <i>-0.0653014 0.983503 0.168696 -0.0981279 0.161908 -0.981915 -0.993029 -0.0806741 0.0859362 0.466879 5.57018 4.09333</i>
                        <i>-0.0655103 0.98383 0.166695 -0.0980425 0.1599 -0.982252 -0.993024 -0.0806909 0.0859821 0.466787 5.57163 4.09253</i>
                    </KeyFrames>
                </p>
            </i>
            <i>
                <p>
                    <Name>
                        <![CDATA[head_prop]]>
</Name>
                    <Exclude>0</Exclude>
                    <Additive>0</Additive>
                    <IKPriority>0</IKPriority>
                    <IKRotLimits>-1e+010 -1e+010 -1e+010 1e+010 1e+010 1e+010</IKRotLimits>
                    <IKRotLimitOrder>0</IKRotLimitOrder>
                    <KeyFrames count="49">
                        <i>0.993024 0.0806909 -0.0859821 -0.0655103 0.98383 0.166695 0.0980425 -0.1599 0.982252 0.445437 5.89227 4.14685</i>
                        <i>0.993017 0.0807125 -0.0860417 -0.0657811 0.984248 0.164099 0.0979312 -0.157293 0.982684 0.44523 5.89389 4.14497</i>
                        <i>0.993009 0.0807378 -0.0861123 -0.0661011 0.984734 0.161026 0.0977986 -0.154208 0.983186 0.444985 5.89552 4.14274</i>
                        <i>0.992999 0.0807658 -0.0861912 -0.0664578 0.985265 0.157594 0.0976494 -0.150763 0.983735 0.444712 5.89713 4.14025</i>
                        <i>0.99299 0.0807955 -0.0862757 -0.0668386 0.98582 0.153922 0.0974885 -0.147076 0.984309 0.44442 5.89866 4.13758</i>
                        <i>0.99298 0.0808257 -0.086363 -0.0672312 0.986378 0.150129 0.0973208 -0.143268 0.984887 0.444119 5.90009 4.13483</i>
                        <i>0.99297 0.0808557 -0.0864505 -0.0676231 0.986921 0.146333 0.0971517 -0.139458 0.985451 0.443819 5.90137 4.13207</i>
                        <i>0.99296 0.0808844 -0.0865353 -0.068002 0.987434 0.142655 0.0969864 -0.135766 0.985982 0.443528 5.90247 4.1294</i>
                        <i>0.992951 0.0809109 -0.0866147 -0.0683559 0.9879 0.139213 0.0968306 -0.132311 0.986467 0.443256 5.90334 4.12689</i>
                        <i>0.992943 0.0809344 -0.086686 -0.0686724 0.988308 0.136128 0.0966899 -0.129215 0.986891 0.443013 5.90396 4.12465</i>
                        <i>0.992934 0.0809589 -0.0867608 -0.0690041 0.988726 0.13289 0.0965413 -0.125964 0.987326 0.442758 5.90439 4.12229</i>
