<?xml version="1.0" encoding="ISO-8859-1" ?>
<Animl Version="1">
    <ModellingPackage>
        <![CDATA[Maya.2010]]>
</ModellingPackage>
    <SrcFile>
        <![CDATA[anims\turrets\antiair\blue\~src\aa_patriot\aa_patriot_idle_crewman_a.mb]]>
</SrcFile>
    <FramesPerSecond>30</FramesPerSecond>
    <TotalFrames>49</TotalFrames>
    <Skeleton>
        <RefFrame>
            <Name>
                <![CDATA[soldier_ref_frame]]>
</Name>
            <Exclude>0</Exclude>
            <Additive>0</Additive>
            <IKPriority>0</IKPriority>
            <IKRotLimits>-1e+010 -1e+010 -1e+010 1e+010 1e+010 1e+010</IKRotLimits>
            <IKRotLimitOrder>0</IKRotLimitOrder>
            <KeyFrames count="49">
                <i>1 0 0 0 1 0 0 0 1 3.62 6.17 -0.98</i>
                <i>1 0 0 0 1 0 0 0 1 3.62 6.17 -0.98</i>
                <i>1 0 0 0 1 0 0 0 1 3.62 6.17 -0.98</i>
                <i>1 0 0 0 1 0 0 0 1 3.62 6.17 -0.98</i>
                <i>1 0 0 0 1 0 0 0 1 3.62 6.17 -0.98</i>
                <i>1 0 0 0 1 0 0 0 1 3.62 6.17 -0.98</i>
                <i>1 0 0 0 1 0 0 0 1 3.62 6.17 -0.98</i>
                <i>1 0 0 0 1 0 0 0 1 3.62 6.17 -0.98</i>
                <i>1 0 0 0 1 0 0 0 1 3.62 6.17 -0.98</i>
                <i>1 0 0 0 1 0 0 0 1 3.62 6.17 -0.98</i>
                <i>1 0 0 0 1 0 0 0 1 3.62 6.17 -0.98</i>
                <i>1 0 0 0 1 0 0 0 1 3.62 6.17 -0.98</i>
                <i>1 0 0 0 1 0 0 0 1 3.62 6.17 -0.98</i>
                <i>1 0 0 0 1 0 0 0 1 3.62 6.17 -0.98</i>
                <i>1 0 0 0 1 0 0 0 1 3.62 6.17 -0.98</i>
                <i>1 0 0 0 1 0 0 0 1 3.62 6.17 -0.98</i>
                <i>1 0 0 0 1 0 0 0 1 3.62 6.17 -0.98</i>
                <i>1 0 0 0 1 0 0 0 1 3.62 6.17 -0.98</i>
                <i>1 0 0 0 1 0 0 0 1 3.62 6.17 -0.98</i>
                <i>1 0 0 0 1 0 0 0 1 3.62 6.17 -0.98</i>
                <i>1 0 0 0 1 0 0 0 1 3.62 6.17 -0.98</i>
                <i>1 0 0 0 1 0 0 0 1 3.62 6.17 -0.98</i>
                <i>1 0 0 0 1 0 0 0 1 3.62 6.17 -0.98</i>
                <i>1 0 0 0 1 0 0 0 1 3.62 6.17 -0.98</i>
                <i>1 0 0 0 1 0 0 0 1 3.62 6.17 -0.98</i>
                <i>1 0 0 0 1 0 0 0 1 3.62 6.17 -0.98</i>
                <i>1 0 0 0 1 0 0 0 1 3.62 6.17 -0.98</i>
                <i>1 0 0 0 1 0 0 0 1 3.62 6.17 -0.98</i>
                <i>1 0 0 0 1 0 0 0 1 3.62 6.17 -0.98</i>
                <i>1 0 0 0 1 0 0 0 1 3.62 6.17 -0.98</i>
                <i>1 0 0 0 1 0 0 0 1 3.62 6.17 -0.98</i>
                <i>1 0 0 0 1 0 0 0 1 3.62 6.17 -0.98</i>
                <i>1 0 0 0 1 0 0 0 1 3.62 6.17 -0.98</i>
                <i>1 0 0 0 1 0 0 0 1 3.62 6.17 -0.98</i>
                <i>1 0 0 0 1 0 0 0 1 3.62 6.17 -0.98</i>
                <i>1 0 0 0 1 0 0 0 1 3.62 6.17 -0.98</i>
                <i>1 0 0 0 1 0 0 0 1 3.62 6.17 -0.98</i>
                <i>1 0 0 0 1 0 0 0 1 3.62 6.17 -0.98</i>
                <i>1 0 0 0 1 0 0 0 1 3.62 6.17 -0.98</i>
                <i>1 0 0 0 1 0 0 0 1 3.62 6.17 -0.98</i>
                <i>1 0 0 0 1 0 0 0 1 3.62 6.17 -0.98</i>
                <i>1 0 0 0 1 0 0 0 1 3.62 6.17 -0.98</i>
                <i>1 0 0 0 1 0 0 0 1 3.62 6.17 -0.98</i>
                <i>1 0 0 0 1 0 0 0 1 3.62 6.17 -0.98</i>
                <i>1 0 0 0 1 0 0 0 1 3.62 6.17 -0.98</i>
                <i>1 0 0 0 1 0 0 0 1 3.62 6.17 -0.98</i>
                <i>1 0 0 0 1 0 0 0 1 3.62 6.17 -0.98</i>
                <i>1 0 0 0 1 0 0 0 1 3.62 6.17 -0.98</i>
                <i>1 0 0 0 1 0 0 0 1 3.62 6.17 -0.98</i>
            </KeyFrames>
        </RefFrame>
        <Bones count="23">
            <i>
                <p>
                    <Name>
                        <![CDATA[pelvis]]>
</Name>
                    <Exclude>0</Exclude>
                    <Additive>0</Additive>
                    <IKPriority>0</IKPriority>
                    <IKRotLimits>-1e+010 -1e+010 -1e+010 1e+010 1e+010 1e+010</IKRotLimits>
                    <IKRotLimitOrder>2</IKRotLimitOrder>
                    <KeyFrames count="49">
                        <i>1 0 0 0 1 0 0 0 1 3.67346 7.3091 -0.98</i>
                        <i>1 0 0 0 1 0 0 0 1 3.67346 7.30901 -0.98</i>
                        <i>1 0 0 0 1 0 0 0 1 3.67346 7.30877 -0.98</i>
                        <i>1 0 0 0 1 0 0 0 1 3.67346 7.30838 -0.98</i>
                        <i>1 0 0 0 1 0 0 0 1 3.67346 7.30786 -0.98</i>
                        <i>1 0 0 0 1 0 0 0 1 3.67346 7.30722 -0.98</i>
                        <i>1 0 0 0 1 0 0 0 1 3.67346 7.30648 -0.98</i>
                        <i>1 0 0 0 1 0 0 0 1 3.67346 7.30565 -0.98</i>
                        <i>1 0 0 0 1 0 0 0 1 3.67346 7.30475 -0.98</i>
                        <i>1 0 0 0 1 0 0 0 1 3.67346 7.30379 -0.98</i>
                        <i>1 0 0 0 1 0 0 0 1 3.67346 7.30279 -0.98</i>
                        <i>1 0 0 0 1 0 0 0 1 3.67346 7.30176 -0.98</i>
                        <i>1 0 0 0 1 0 0 0 1 3.67346 7.30071 -0.98</i>
                        <i>1 0 0 0 1 0 0 0 1 3.67346 7.29966 -0.98</i>
                        <i>1 0 0 0 1 0 0 0 1 3.67346 7.29863 -0.98</i>
                        <i>1 0 0 0 1 0 0 0 1 3.67346 7.29763 -0.98</i>
                        <i>1 0 0 0 1 0 0 0 1 3.67346 7.29667 -0.98</i>
                        <i>1 0 0 0 1 0 0 0 1 3.67346 7.29577 -0.98</i>
                        <i>1 0 0 0 1 0 0 0 1 3.67346 7.29494 -0.98</i>
                        <i>1 0 0 0 1 0 0 0 1 3.67346 7.2942 -0.98</i>
                        <i>1 0 0 0 1 0 0 0 1 3.67346 7.29357 -0.98</i>
                        <i>1 0 0 0 1 0 0 0 1 3.67346 7.29304 -0.98</i>
                        <i>1 0 0 0 1 0 0 0 1 3.67346 7.29265 -0.98</i>
                        <i>1 0 0 0 1 0 0 0 1 3.67346 7.29241 -0.98</i>
                        <i>1 0 0 0 1 0 0 0 1 3.67346 7.29232 -0.98</i>
                        <i>1 0 0 0 1 0 0 0 1 3.67346 7.29241 -0.98</i>
                        <i>1 0 0 0 1 0 0 0 1 3.67346 7.29265 -0.98</i>
                        <i>1 0 0 0 1 0 0 0 1 3.67346 7.29304 -0.98</i>
                        <i>1 0 0 0 1 0 0 0 1 3.67346 7.29357 -0.98</i>
                        <i>1 0 0 0 1 0 0 0 1 3.67346 7.2942 -0.98</i>
                        <i>1 0 0 0 1 0 0 0 1 3.67346 7.29494 -0.98</i>
                        <i>1 0 0 0 1 0 0 0 1 3.67346 7.29577 -0.98</i>
                        <i>1 0 0 0 1 0 0 0 1 3.67346 7.29667 -0.98</i>
                        <i>1 0 0 0 1 0 0 0 1 3.67346 7.29763 -0.98</i>
                        <i>1 0 0 0 1 0 0 0 1 3.67346 7.29863 -0.98</i>
                        <i>1 0 0 0 1 0 0 0 1 3.67346 7.29966 -0.98</i>
                        <i>1 0 0 0 1 0 0 0 1 3.67346 7.30071 -0.98</i>
                        <i>1 0 0 0 1 0 0 0 1 3.67346 7.30176 -0.98</i>
                        <i>1 0 0 0 1 0 0 0 1 3.67346 7.30279 -0.98</i>
                        <i>1 0 0 0 1 0 0 0 1 3.67346 7.30379 -0.98</i>
                        <i>1 0 0 0 1 0 0 0 1 3.67346 7.30475 -0.98</i>
                        <i>1 0 0 0 1 0 0 0 1 3.67346 7.30565 -0.98</i>
                        <i>1 0 0 0 1 0 0 0 1 3.67346 7.30648 -0.98</i>
                        <i>1 0 0 0 1 0 0 0 1 3.67346 7.30722 -0.98</i>
                        <i>1 0 0 0 1 0 0 0 1 3.67346 7.30786 -0.98</i>
                        <i>1 0 0 0 1 0 0 0 1 3.67346 7.30838 -0.98</i>
                        <i>1 0 0 0 1 0 0 0 1 3.67346 7.30877 -0.98</i>
                        <i>1 0 0 0 1 0 0 0 1 3.67346 7.30901 -0.98</i>
                        <i>1 0 0 0 1 0 0 0 1 3.67346 7.3091 -0.98</i>
                    </KeyFrames>
                </p>
            </i>
            <i>
                <p>
                    <Name>
                        <![CDATA[spine0]]>
</Name>
                    <Exclude>0</Exclude>
                    <Additive>0</Additive>
                    <IKPriority>0</IKPriority>
                    <IKRotLimits>-1e+010 -1e+010 -1e+010 1e+010 1e+010 1e+010</IKRotLimits>
                    <IKRotLimitOrder>0</IKRotLimitOrder>
                    <KeyFrames count="49">
                        <i>-0.0826132 0.996013 0.0336616 -0.377339 -2.22045e-016 -0.926075 -0.922383 -0.0892079 0.375835 3.69987 7.4501 -0.990762</i>
                        <i>-0.0822537 0.996048 0.0335151 -0.377339 2.22045e-016 -0.926075 -0.922415 -0.0888196 0.375848 3.69987 7.45002 -0.990762</i>
                        <i>-0.0818524 0.996086 0.0333516 -0.377339 -2.22045e-016 -0.926075 -0.922451 -0.0883863 0.375862 3.69987 7.44977 -0.990762</i>
                        <i>-0.0814232 0.996127 0.0331768 -0.377339 2.22045e-016 -0.926075 -0.922489 -0.0879229 0.375878 3.69987 7.44938 -0.990762</i>
                        <i>-0.0809802 0.996169 0.0329963 -0.377339 0 -0.926075 -0.922528 -0.0874446 0.375894 3.69987 7.44886 -0.990762</i>
                        <i>-0.0805372 0.996211 0.0328158 -0.377339 -4.44089e-016 -0.926075 -0.922566 -0.0869662 0.37591 3.69987 7.44822 -0.990762</i>
                        <i>-0.0801082 0.996252 0.0326409 -0.377339 -4.44089e-016 -0.926075 -0.922604 -0.0865029 0.375925 3.69987 7.44748 -0.990762</i>
                        <i>-0.079707 0.996289 0.0324775 -0.377339 -2.22045e-016 -0.926075 -0.922639 -0.0860697 0.375939 3.69987 7.44666 -0.990762</i>
                        <i>-0.0793475 0.996323 0.032331 -0.377339 -6.66134e-016 -0.926075 -0.92267 -0.0856815 0.375952 3.69987 7.44576 -0.990762</i>
                        <i>-0.0790437 0.996351 0.0322072 -0.377339 0 -0.926075 -0.922696 -0.0853535 0.375962 3.69987 7.4448 -0.990762</i>
                        <i>-0.0788095 0.996372 0.0321118 -0.377339 -4.44089e-016 -0.926075 -0.922716 -0.0851006 0.37597 3.69987 7.44379 -0.990762</i>
                        <i>-0.0786588 0.996386 0.0320504 -0.377339 0 -0.926075 -0.922728 -0.0849378 0.375976 3.69987 7.44276 -0.990762</i>
                        <i>-0.0786055 0.996391 0.0320286 -0.377339 0 -0.926075 -0.922733 -0.0848802 0.375977 3.69987 7.44172 -0.990762</i>
                        <i>-0.0786571 0.996386 0.0320497 -0.377339 -2.22045e-016 -0.926075 -0.922729 -0.084936 0.375976 3.69987 7.44067 -0.990762</i>
                        <i>-0.0788033 0.996373 0.0321092 -0.377339 -6.66134e-016 -0.926075 -0.922716 -0.0850938 0.375971 3.69987 7.43964 -0.990762</i>
                        <i>-0.0790311 0.996352 0.0322021 -0.377339 2.22045e-016 -0.926075 -0.922697 -0.0853398 0.375963 3.69987 7.43864 -0.990762</i>
                        <i>-0.0793275 0.996324 0.0323229 -0.377339 -2.22045e-016 -0.926075 -0.922671 -0.0856599 0.375952 3.69987 7.43768 -0.990762</i>
                        <i>-0.0796796 0.996292 0.0324663 -0.377339 -2.22045e-016 -0.926075 -0.922641 -0.0860401 0.37594 3.69987 7.43678 -0.990762</i>
                        <i>-0.0800744 0.996255 0.0326272 -0.377339 -2.22045e-016 -0.926075 -0.922607 -0.0864664 0.375926 3.69987 7.43595 -0.990762</i>
                        <i>-0.0804989 0.996215 0.0328002 -0.377339 -4.44089e-016 -0.926075 -0.92257 -0.0869248 0.375911 3.69987 7.43521 -0.990762</i>
                        <i>-0.0809402 0.996173 0.03298 -0.377339 -2.22045e-016 -0.926075 -0.922531 -0.0874013 0.375895 3.69987 7.43457 -0.990762</i>
                        <i>-0.0813852 0.996131 0.0331613 -0.377339 -2.22045e-016 -0.926075 -0.922492 -0.0878819 0.375879 3.69987 7.43405 -0.990762</i>
                        <i>-0.0818211 0.996089 0.0333389 -0.377339 -4.44089e-016 -0.926075 -0.922453 -0.0883525 0.375864 3.69987 7.43366 -0.990762</i>
                        <i>-0.0822347 0.99605 0.0335074 -0.377339 -6.66134e-016 -0.926075 -0.922417 -0.0887992 0.375849 3.69987 7.43341 -0.990762</i>
                        <i>-0.0826132 0.996013 0.0336616 -0.377339 -2.22045e-016 -0.926075 -0.922383 -0.0892079 0.375835 3.69987 7.43333 -0.990762</i>
                        <i>-0.0830024 0.995975 0.0338202 -0.377339 -4.44089e-016 -0.926075 -0.922348 -0.0896281 0.375821 3.69987 7.43341 -0.990762</i>
                        <i>-0.0834455 0.995932 0.0340008 -0.377339 -2.22045e-016 -0.926075 -0.922308 -0.0901066 0.375804 3.69987 7.43366 -0.990762</i>
                        <i>-0.0839258 0.995885 0.0341965 -0.377339 -2.22045e-016 -0.926075 -0.922264 -0.0906253 0.375787 3.69987 7.43405 -0.990762</i>
                        <i>-0.0844267 0.995836 0.0344006 -0.377339 -2.22045e-016 -0.926075 -0.922219 -0.0911662 0.375768 3.69987 7.43457 -0.990762</i>
                        <i>-0.0849314 0.995786 0.0346062 -0.377339 -4.44089e-016 -0.926075 -0.922172 -0.0917111 0.375749 3.69987 7.43521 -0.990762</i>
                        <i>-0.0854231 0.995737 0.0348066 -0.377339 -2.22045e-016 -0.926075 -0.922127 -0.0922421 0.375731 3.69987 7.43595 -0.990762</i>
                        <i>-0.0858852 0.99569 0.0349948 -0.377339 -2.22045e-016 -0.926075 -0.922084 -0.092741 0.375713 3.69987 7.43678 -0.990762</i>
                        <i>-0.0863008 0.995648 0.0351642 -0.377339 0 -0.926075 -0.922045 -0.0931898 0.375697 3.69987 7.43768 -0.990762</i>
                        <i>-0.0866532 0.995613 0.0353078 -0.377339 -4.44089e-016 -0.926075 -0.922012 -0.0935703 0.375684 3.69987 7.43864 -0.990762</i>
                        <i>-0.0869256 0.995585 0.0354188 -0.377339 -4.44089e-016 -0.926075 -0.921986 -0.0938645 0.375673 3.69987 7.43964 -0.990762</i>
                        <i>-0.0871014 0.995567 0.0354904 -0.377339 0 -0.926075 -0.92197 -0.0940543 0.375667 3.69987 7.44067 -0.990762</i>
                        <i>-0.0871637 0.995561 0.0355158 -0.377339 0 -0.926075 -0.921964 -0.0941216 0.375664 3.69987 7.44172 -0.990762</i>
                        <i>-0.0871031 0.995567 0.0354911 -0.377339 -2.22045e-016 -0.926075 -0.92197 -0.0940562 0.375666 3.69987 7.44276 -0.990762</i>
                        <i>-0.0869319 0.995584 0.0354213 -0.377339 -2.22045e-016 -0.926075 -0.921986 -0.0938713 0.375673 3.69987 7.44379 -0.990762</i>
                        <i>-0.0866658 0.995611 0.0353129 -0.377339 -2.22045e-016 -0.926075 -0.922011 -0.093584 0.375683 3.69987 7.4448 -0.990762</i>
                        <i>-0.0863208 0.995646 0.0351723 -0.377339 1.11022e-016 -0.926075 -0.922043 -0.0932114 0.375696 3.69987 7.44576 -0.990762</i>
                        <i>-0.0859125 0.995687 0.035006 -0.377339 -2.22045e-016 -0.926075 -0.922081 -0.0927706 0.375712 3.69987 7.44666 -0.990762</i>
                        <i>-0.0854569 0.995733 0.0348203 -0.377339 -2.22045e-016 -0.926075 -0.922124 -0.0922786 0.375729 3.69987 7.44748 -0.990762</i>
                        <i>-0.0849697 0.995782 0.0346218 -0.377339 0 -0.926075 -0.922169 -0.0917525 0.375748 3.69987 7.44822 -0.990762</i>
                        <i>-0.0844668 0.995832 0.0344169 -0.377339 -2.22045e-016 -0.926075 -0.922215 -0.0912094 0.375766 3.69987 7.44886 -0.990762</i>
                        <i>-0.0839638 0.995881 0.034212 -0.377339 -4.44089e-016 -0.926075 -0.922261 -0.0906663 0.375785 3.69987 7.44938 -0.990762</i>
                        <i>-0.0834768 0.995929 0.0340135 -0.377339 0 -0.926075 -0.922305 -0.0901404 0.375803 3.69987 7.44977 -0.990762</i>
                        <i>-0.0830213 0.995973 0.0338279 -0.377339 0 -0.926075 -0.922346 -0.0896485 0.37582 3.69987 7.45002 -0.990762</i>
                        <i>-0.0826132 0.996013 0.0336616 -0.377339 -2.22045e-016 -0.926075 -0.922383 -0.0892079 0.375835 3.69987 7.4501 -0.990762</i>
                    </KeyFrames>
                </p>
            </i>
            <i>
                <p>
                    <Name>
                        <![CDATA[spine1]]>
</Name>
                    <Exclude>0</Exclude>
                    <Additive>0</Additive>
                    <IKPriority>0</IKPriority>
                    <IKRotLimits>-1e+010 -1e+010 -1e+010 1e+010 1e+010 1e+010</IKRotLimits>
                    <IKRotLimitOrder>0</IKRotLimitOrder>
                    <KeyFrames count="49">
                        <i>-0.161791 0.984621 0.0659233 -0.377339 -2.22045e-016 -0.926075 -0.911833 -0.174706 0.371536 3.68575 7.62033 -0.985008</i>
                        <i>-0.160419 0.984882 0.0653647 -0.377339 2.22045e-016 -0.926075 -0.912075 -0.173225 0.371635 3.68581 7.62025 -0.985033</i>
                        <i>-0.158889 0.985172 0.0647409 -0.377339 -2.22045e-016 -0.926075 -0.912343 -0.171572 0.371744 3.68588 7.62001 -0.985061</i>
                        <i>-0.157251 0.985478 0.0640738 -0.377339 2.22045e-016 -0.926075 -0.912627 -0.169804 0.371859 3.68595 7.61963 -0.985091</i>
                        <i>-0.155561 0.985791 0.0633849 -0.377339 0 -0.926075 -0.912916 -0.167978 0.371978 3.68603 7.61911 -0.985121</i>
                        <i>-0.153869 0.9861 0.0626957 -0.377339 -4.44089e-016 -0.926075 -0.913203 -0.166152 0.372094 3.68611 7.61848 -0.985152</i>
                        <i>-0.152231 0.986397 0.0620281 -0.377339 -4.44089e-016 -0.926075 -0.913477 -0.164383 0.372206 3.68618 7.61775 -0.985182</i>
                        <i>-0.150698 0.986671 0.0614036 -0.377339 -2.22045e-016 -0.926075 -0.913731 -0.162728 0.37231 3.68625 7.61693 -0.98521</i>
                        <i>-0.149325 0.986914 0.060844 -0.377339 -6.66134e-016 -0.926075 -0.913957 -0.161245 0.372402 3.68631 7.61603 -0.985235</i>
                        <i>-0.148164 0.987118 0.0603709 -0.377339 0 -0.926075 -0.914146 -0.159991 0.372479 3.68636 7.61508 -0.985256</i>
                        <i>-0.147269 0.987275 0.0600062 -0.377339 -4.44089e-016 -0.926075 -0.91429 -0.159024 0.372537 3.6864 7.61408 -0.985272</i>
                        <i>-0.146692 0.987375 0.0597714 -0.377339 0 -0.926075 -0.914383 -0.158402 0.372575 3.68643 7.61305 -0.985283</i>
                        <i>-0.146488 0.98741 0.0596883 -0.377339 0 -0.926075 -0.914416 -0.158182 0.372589 3.68643 7.61201 -0.985287</i>
                        <i>-0.146687 0.987376 0.0597692 -0.377339 -2.22045e-016 -0.926075 -0.914384 -0.158397 0.372576 3.68643 7.61096 -0.985283</i>
                        <i>-0.14725 0.987278 0.0599984 -0.377339 -6.66134e-016 -0.926075 -0.914294 -0.159004 0.372539 3.6864 7.60993 -0.985273</i>
                        <i>-0.148125 0.987125 0.0603553 -0.377339 2.22045e-016 -0.926075 -0.914152 -0.15995 0.372481 3.68636 7.60892 -0.985257</i>
                        <i>-0.149264 0.986925 0.0608193 -0.377339 -2.22045e-016 -0.926075 -0.913967 -0.161179 0.372406 3.68631 7.60796 -0.985236</i>
                        <i>-0.150616 0.986686 0.0613699 -0.377339 -2.22045e-016 -0.926075 -0.913745 -0.162639 0.372315 3.68625 7.60705 -0.985212</i>
                        <i>-0.152129 0.986415 0.0619865 -0.377339 -2.22045e-016 -0.926075 -0.913494 -0.164273 0.372213 3.68618 7.60622 -0.985184</i>
                        <i>-0.153754 0.986121 0.0626486 -0.377339 -4.44089e-016 -0.926075 -0.913222 -0.166027 0.372102 3.68611 7.60547 -0.985155</i>
                        <i>-0.15544 0.985813 0.0633356 -0.377339 -2.22045e-016 -0.926075 -0.912937 -0.167848 0.371986 3.68604 7.60482 -0.985124</i>
                        <i>-0.157137 0.985499 0.064027 -0.377339 -2.22045e-016 -0.926075 -0.912646 -0.16968 0.371868 3.68596 7.60429 -0.985093</i>
                        <i>-0.158794 0.985189 0.0647025 -0.377339 -4.44089e-016 -0.926075 -0.912359 -0.17147 0.371751 3.68589 7.60389 -0.985063</i>
                        <i>-0.160362 0.984893 0.0653414 -0.377339 -6.66134e-016 -0.926075 -0.912085 -0.173163 0.371639 3.68582 7.60364 -0.985034</i>
                        <i>-0.161791 0.984621 0.0659233 -0.377339 -2.22045e-016 -0.926075 -0.911833 -0.174706 0.371536 3.68575 7.60355 -0.985008</i>
                        <i>-0.163251 0.98434 0.0665182 -0.377339 -4.44089e-016 -0.926075 -0.911572 -0.176282 0.37143 3.68568 7.60363 -0.984981</i>
                        <i>-0.164906 0.984018 0.0671929 -0.377339 -2.22045e-016 -0.926075 -0.911274 -0.17807 0.371309 3.68561 7.60387 -0.98495</i>
                        <i>-0.166696 0.983666 0.067922 -0.377339 -2.22045e-016 -0.926075 -0.910949 -0.180003 0.371176 3.68553 7.60425 -0.984916</i>
                        <i>-0.168558 0.983296 0.0686807 -0.377339 -2.22045e-016 -0.926075 -0.910606 -0.182013 0.371036 3.68544 7.60476 -0.984881</i>
                        <i>-0.17043 0.98292 0.0694437 -0.377339 -4.44089e-016 -0.926075 -0.910257 -0.184035 0.370894 3.68535 7.6054 -0.984846</i>
                        <i>-0.172252 0.982549 0.0701861 -0.377339 -2.22045e-016 -0.926075 -0.909914 -0.186003 0.370754 3.68527 7.60613 -0.984812</i>
                        <i>-0.173962 0.982198 0.0708827 -0.377339 -2.22045e-016 -0.926075 -0.909589 -0.187849 0.370622 3.68519 7.60695 -0.98478</i>
                        <i>-0.175498 0.981879 0.0715087 -0.377339 0 -0.926075 -0.909294 -0.189508 0.370502 3.68512 7.60784 -0.984751</i>
                        <i>-0.1768 0.981607 0.072039 -0.377339 -4.44089e-016 -0.926075 -0.909042 -0.190913 0.370399 3.68506 7.6088 -0.984726</i>
                        <i>-0.177805 0.981395 0.0724487 -0.377339 -4.44089e-016 -0.926075 -0.908846 -0.191999 0.370319 3.68501 7.60979 -0.984707</i>
                        <i>-0.178454 0.981258 0.0727129 -0.377339 0 -0.926075 -0.908719 -0.192699 0.370267 3.68498 7.61082 -0.984695</i>
                        <i>-0.178683 0.981209 0.0728065 -0.377339 0 -0.926075 -0.908673 -0.192947 0.370249 3.68497 7.61187 -0.984691</i>
                        <i>-0.178459 0.981257 0.072715 -0.377339 -2.22045e-016 -0.926075 -0.908718 -0.192704 0.370267 3.68498 7.61291 -0.984695</i>
                        <i>-0.177824 0.981391 0.0724564 -0.377339 -2.22045e-016 -0.926075 -0.908842 -0.192019 0.370317 3.68501 7.61395 -0.984707</i>
                        <i>-0.176838 0.981599 0.0720546 -0.377339 -2.22045e-016 -0.926075 -0.909034 -0.190954 0.370396 3.68506 7.61495 -0.984725</i>
                        <i>-0.175559 0.981867 0.0715333 -0.377339 1.11022e-016 -0.926075 -0.909282 -0.189573 0.370497 3.68512 7.61592 -0.984749</i>
                        <i>-0.174045 0.982181 0.0709163 -0.377339 -2.22045e-016 -0.926075 -0.909573 -0.187938 0.370615 3.68519 7.61683 -0.984778</i>
                        <i>-0.172354 0.982528 0.0702275 -0.377339 -2.22045e-016 -0.926075 -0.909895 -0.186112 0.370747 3.68526 7.61766 -0.98481</i>
                        <i>-0.170546 0.982896 0.0694908 -0.377339 0 -0.926075 -0.910236 -0.18416 0.370885 3.68535 7.61841 -0.984844</i>
                        <i>-0.168679 0.983272 0.0687299 -0.377339 -2.22045e-016 -0.926075 -0.910584 -0.182143 0.371027 3.68543 7.61905 -0.984879</i>
                        <i>-0.166811 0.983643 0.0679687 -0.377339 -4.44089e-016 -0.926075 -0.910928 -0.180126 0.371167 3.68552 7.61958 -0.984914</i>
                        <i>-0.165001 0.983999 0.0672313 -0.377339 0 -0.926075 -0.911257 -0.178172 0.371302 3.6856 7.61998 -0.984948</i>
                        <i>-0.163308 0.984329 0.0665415 -0.377339 0 -0.926075 -0.911562 -0.176344 0.371426 3.68568 7.62023 -0.984979</i>
                        <i>-0.161791 0.984621 0.0659233 -0.377339 -2.22045e-016 -0.926075 -0.911833 -0.174706 0.371536 3.68575 7.62033 -0.985008</i>
                    </KeyFrames>
                </p>
            </i>
            <i>
                <p>
                    <Name>
                        <![CDATA[spine2]]>
</Name>
                    <Exclude>0</Exclude>
                    <Additive>0</Additive>
                    <IKPriority>0</IKPriority>
                    <IKRotLimits>-1e+010 -1e+010 -1e+010 1e+010 1e+010 1e+010</IKRotLimits>
                    <IKRotLimitOrder>0</IKRotLimitOrder>
                    <KeyFrames count="49">
                        <i>-0.357646 0.922417 0.145727 -0.377339 -2.22045e-016 -0.926075 -0.854228 -0.386195 0.348064 3.66029 7.7753 -0.974634</i>
                        <i>-0.355855 0.923224 0.144997 -0.377339 2.22045e-016 -0.926075 -0.854975 -0.384261 0.348369 3.66057 7.77527 -0.974747</i>
                        <i>-0.353854 0.92412 0.144182 -0.377339 -2.22045e-016 -0.926075 -0.855805 -0.382101 0.348707 3.66088 7.77507 -0.974873</i>
                        <i>-0.351713 0.925073 0.143309 -0.377339 2.22045e-016 -0.926075 -0.856687 -0.379789 0.349066 3.66121 7.77474 -0.975008</i>
                        <i>-0.349499 0.926051 0.142407 -0.377339 0 -0.926075 -0.857593 -0.377398 0.349435 3.66155 7.77428 -0.975147</i>
                        <i>-0.347283 0.927023 0.141504 -0.377339 -4.44089e-016 -0.926075 -0.858492 -0.375006 0.349802 3.66189 7.7737 -0.975287</i>
                        <i>-0.345135 0.927958 0.140629 -0.377339 -4.44089e-016 -0.926075 -0.859358 -0.372686 0.350155 3.66222 7.77301 -0.975421</i>
                        <i>-0.343124 0.928827 0.139809 -0.377339 -2.22045e-016 -0.926075 -0.860163 -0.370514 0.350483 3.66253 7.77224 -0.975548</i>
                        <i>-0.34132 0.929602 0.139075 -0.377339 -6.66134e-016 -0.926075 -0.860881 -0.368566 0.350775 3.66281 7.77138 -0.975661</i>
                        <i>-0.339794 0.930253 0.138453 -0.377339 0 -0.926075 -0.861484 -0.366919 0.351021 3.66305 7.77046 -0.975756</i>
                        <i>-0.338618 0.930753 0.137973 -0.377339 -4.44089e-016 -0.926075 -0.861947 -0.365648 0.35121 3.66323 7.76949 -0.97583</i>
                        <i>-0.33786 0.931074 0.137665 -0.377339 0 -0.926075 -0.862245 -0.36483 0.351331 3.66334 7.76848 -0.975877</i>
                        <i>-0.337591 0.931188 0.137555 -0.377339 0 -0.926075 -0.86235 -0.36454 0.351374 3.66338 7.76744 -0.975894</i>
                        <i>-0.337854 0.931077 0.137662 -0.377339 -2.22045e-016 -0.926075 -0.862247 -0.364823 0.351332 3.66334 7.76639 -0.975878</i>
                        <i>-0.338596 0.930762 0.137965 -0.377339 -6.66134e-016 -0.926075 -0.861956 -0.365625 0.351213 3.66323 7.76534 -0.975832</i>
                        <i>-0.339751 0.930271 0.138435 -0.377339 2.22045e-016 -0.926075 -0.861501 -0.366872 0.351028 3.66305 7.76431 -0.97576</i>
                        <i>-0.341252 0.929631 0.139047 -0.377339 -2.22045e-016 -0.926075 -0.860908 -0.368493 0.350786 3.66282 7.76331 -0.975666</i>
                        <i>-0.343031 0.928867 0.139772 -0.377339 -2.22045e-016 -0.926075 -0.860201 -0.370413 0.350498 3.66255 7.76236 -0.975555</i>
                        <i>-0.34502 0.928007 0.140582 -0.377339 -2.22045e-016 -0.926075 -0.859405 -0.372562 0.350174 3.66225 7.76148 -0.97543</i>
                        <i>-0.347153 0.927079 0.141451 -0.377339 -4.44089e-016 -0.926075 -0.858545 -0.374865 0.349823 3.66192 7.76069 -0.975297</i>
                        <i>-0.349364 0.926111 0.142352 -0.377339 -2.22045e-016 -0.926075 -0.857648 -0.377252 0.349458 3.66158 7.75999 -0.975158</i>
                        <i>-0.351584 0.92513 0.143257 -0.377339 -2.22045e-016 -0.926075 -0.85674 -0.37965 0.349088 3.66123 7.75941 -0.975018</i>
                        <i>-0.353749 0.924168 0.144139 -0.377339 -4.44089e-016 -0.926075 -0.855849 -0.381987 0.348725 3.6609 7.75896 -0.974882</i>
                        <i>-0.355791 0.923253 0.144971 -0.377339 -6.66134e-016 -0.926075 -0.855002 -0.384192 0.34838 3.66058 7.75866 -0.974752</i>
                        <i>-0.357646 0.922417 0.145727 -0.377339 -2.22045e-016 -0.926075 -0.854228 -0.386195 0.348064 3.66029 7.75853 -0.974634</i>
                        <i>-0.359534 0.921561 0.146496 -0.377339 1.00816e-008 -0.926075 -0.853434 -0.388235 0.347741 3.66 7.75856 -0.974514</i>
                        <i>-0.36167 0.920586 0.147366 -0.377339 -2.22045e-016 -0.926075 -0.852532 -0.390541 0.347373 3.65966 7.75875 -0.974377</i>
                        <i>-0.363973 0.919527 0.148305 -0.377339 -2.22045e-016 -0.926075 -0.851551 -0.393027 0.346974 3.6593 7.75907 -0.974228</i>
                        <i>-0.366364 0.918419 0.149279 -0.377339 -2.22045e-016 -0.926075 -0.850525 -0.395609 0.346556 3.65892 7.75953 -0.974074</i>
                        <i>-0.368764 0.917298 0.150257 -0.377339 -4.44089e-016 -0.926075 -0.849487 -0.398201 0.346133 3.65854 7.7601 -0.973919</i>
                        <i>-0.371096 0.916201 0.151207 -0.377339 -2.22045e-016 -0.926075 -0.848471 -0.400719 0.345719 3.65817 7.76077 -0.973768</i>
                        <i>-0.373281 0.915165 0.152097 -0.377339 -2.22045e-016 -0.926075 -0.847512 -0.403079 0.345328 3.65782 7.76154 -0.973626</i>
                        <i>-0.375242 0.91423 0.152896 -0.377339 0 -0.926075 -0.846645 -0.405196 0.344975 3.6575 7.76238 -0.973498</i>
                        <i>-0.376902 0.913433 0.153573 -0.377339 -4.44089e-016 -0.926075 -0.845908 -0.406988 0.344674 3.65724 7.76329 -0.97339</i>
                        <i>-0.378182 0.912816 0.154095 -0.377339 -4.44089e-016 -0.926075 -0.845336 -0.408371 0.344441 3.65703 7.76425 -0.973307</i>
                        <i>-0.379008 0.912417 0.154431 -0.377339 0 -0.926075 -0.844966 -0.409262 0.344291 3.6569 7.76526 -0.973253</i>
                        <i>-0.3793 0.912275 0.15455 -0.377339 0 -0.926075 -0.844835 -0.409578 0.344237 3.65686 7.7663 -0.973234</i>
                        <i>-0.379013 0.912414 0.154433 -0.377339 -2.22045e-016 -0.926075 -0.844964 -0.409269 0.34429 3.6569 7.76735 -0.973253</i>
                        <i>-0.378203 0.912806 0.154103 -0.377339 -2.22045e-016 -0.926075 -0.845327 -0.408394 0.344437 3.65703 7.76841 -0.973305</i>
                        <i>-0.376944 0.913413 0.15359 -0.377339 -2.22045e-016 -0.926075 -0.845889 -0.407034 0.344667 3.65723 7.76945 -0.973387</i>
                        <i>-0.375309 0.914198 0.152924 -0.377339 1.11022e-016 -0.926075 -0.846616 -0.405268 0.344963 3.65749 7.77045 -0.973493</i>
                        <i>-0.373373 0.915122 0.152135 -0.377339 -2.22045e-016 -0.926075 -0.847471 -0.403178 0.345311 3.6578 7.77141 -0.973619</i>
                        <i>-0.371209 0.916147 0.151253 -0.377339 -2.22045e-016 -0.926075 -0.848421 -0.400841 0.345698 3.65814 7.7723 -0.973759</i>
                        <i>-0.368893 0.917238 0.150309 -0.377339 0 -0.926075 -0.849431 -0.39834 0.34611 3.65851 7.77311 -0.973909</i>
                        <i>-0.366498 0.918356 0.149334 -0.377339 -2.22045e-016 -0.926075 -0.850467 -0.395754 0.346532 3.65889 7.77381 -0.974064</i>
                        <i>-0.3641 0.919468 0.148357 -0.377339 -4.44089e-016 -0.926075 -0.851496 -0.393165 0.346951 3.65927 7.7744 -0.974218</i>
                        <i>-0.361775 0.920537 0.147409 -0.377339 0 -0.926075 -0.852487 -0.390654 0.347355 3.65964 7.77486 -0.974368</i>
                        <i>-0.359598 0.921532 0.146522 -0.377339 0 -0.926075 -0.853407 -0.388304 0.34773 3.65998 7.77516 -0.974509</i>
                        <i>-0.357646 0.922417 0.145727 -0.377339 -2.22045e-016 -0.926075 -0.854228 -0.386195 0.348064 3.66029 7.7753 -0.974634</i>
                    </KeyFrames>
                </p>
            </i>
            <i>
                <p>
                    <Name>
                        <![CDATA[head]]>
</Name>
                    <Exclude>0</Exclude>
                    <Additive>0</Additive>
                    <IKPriority>0</IKPriority>
                    <IKRotLimits>-1e+010 -1e+010 -1e+010 1e+010 1e+010 1e+010</IKRotLimits>
                    <IKRotLimitOrder>0</IKRotLimitOrder>
                    <KeyFrames count="49">
                        <i>-0.139461 0.98627 0.0884406 0.710292 0.161866 -0.685043 -0.689953 -0.0327184 -0.723114 3.5718 8.01424 -0.938577</i>
                        <i>-0.137603 0.986599 0.0876835 0.710595 0.160002 -0.685167 -0.690014 -0.0319738 -0.723089 3.57253 8.0144 -0.938875</i>
                        <i>-0.135529 0.986961 0.0868382 0.710929 0.157921 -0.685303 -0.690081 -0.0311425 -0.723062 3.57335 8.01443 -0.939209</i>
                        <i>-0.13331 0.987342 0.085934 0.711282 0.155695 -0.685447 -0.69015 -0.0302534 -0.723034 3.57423 8.01433 -0.939566</i>
                        <i>-0.131018 0.987729 0.0850001 0.71164 0.153395 -0.685593 -0.690219 -0.0293352 -0.723006 3.57513 8.01411 -0.939935</i>
                        <i>-0.128725 0.988111 0.0840658 0.711994 0.151095 -0.685737 -0.690286 -0.0284169 -0.722978 3.57604 8.01377 -0.940304</i>
                        <i>-0.126503 0.988474 0.0831605 0.712331 0.148865 -0.685874 -0.690349 -0.0275272 -0.722953 3.57692 8.01331 -0.940662</i>
                        <i>-0.124424 0.988809 0.0823136 0.712642 0.14678 -0.686001 -0.690406 -0.0266951 -0.72293 3.57774 8.01275 -0.940997</i>
                        <i>-0.122562 0.989104 0.0815547 0.712917 0.144911 -0.686113 -0.690455 -0.0259495 -0.722909 3.57847 8.01209 -0.941297</i>
                        <i>-0.120987 0.989351 0.080913 0.713146 0.143331 -0.686206 -0.690496 -0.0253192 -0.722893 3.5791 8.01133 -0.941551</i>
                        <i>-0.119773 0.989539 0.0804182 0.713321 0.142112 -0.686278 -0.690527 -0.0248333 -0.72288 3.57958 8.01048 -0.941746</i>
                        <i>-0.118991 0.989659 0.0800997 0.713433 0.141328 -0.686323 -0.690546 -0.0245205 -0.722872 3.57989 8.00955 -0.941872</i>
                        <i>-0.118714 0.989702 0.079987 0.713473 0.14105 -0.686339 -0.690553 -0.0244098 -0.72287 3.58 8.00853 -0.941917</i>
                        <i>-0.118985 0.98966 0.0800974 0.713434 0.141322 -0.686324 -0.690547 -0.0245183 -0.722872 3.57989 8.00745 -0.941873</i>
                        <i>-0.119752 0.989542 0.08041 0.713324 0.142092 -0.686279 -0.690527 -0.0248252 -0.72288 3.57959 8.00633 -0.94175</i>
                        <i>-0.120946 0.989357 0.0808964 0.713152 0.14329 -0.686209 -0.690497 -0.0253029 -0.722892 3.57912 8.00517 -0.941558</i>
                        <i>-0.122497 0.989115 0.0815284 0.712926 0.144846 -0.686117 -0.690457 -0.0259237 -0.722909 3.5785 8.00402 -0.941309</i>
                        <i>-0.124336 0.988823 0.0822777 0.712655 0.146691 -0.686006 -0.690408 -0.0266598 -0.722929 3.57778 8.00289 -0.941013</i>
                        <i>-0.126394 0.988492 0.0831162 0.712347 0.148756 -0.685881 -0.690352 -0.0274837 -0.722952 3.57697 8.0018 -0.940682</i>
                        <i>-0.128601 0.988131 0.0840155 0.712013 0.150971 -0.685745 -0.690289 -0.0283675 -0.722977 3.57609 8.00077 -0.940327</i>
                        <i>-0.130889 0.987751 0.0849476 0.711661 0.153266 -0.685601 -0.690223 -0.0292836 -0.723004 3.57519 7.99984 -0.939959</i>
                        <i>-0.133187 0.987363 0.0858842 0.711301 0.155572 -0.685455 -0.690153 -0.0302044 -0.723032 3.57428 7.99902 -0.939589</i>
                        <i>-0.135428 0.986978 0.0867973 0.710945 0.15782 -0.68531 -0.690084 -0.0311022 -0.723061 3.5734 7.99833 -0.939228</i>
                        <i>-0.137542 0.986609 0.0876587 0.710605 0.159941 -0.685171 -0.690016 -0.0319494 -0.723088 3.57256 7.99781 -0.938887</i>
                        <i>-0.139461 0.98627 0.0884406 0.710292 0.161866 -0.685043 -0.689953 -0.0327184 -0.723114 3.5718 7.99747 -0.938577</i>
                        <i>-0.141414 0.98592 0.0892361 0.70997 0.163825 -0.684912 -0.689888 -0.033501 -0.723141 3.57102 7.99729 -0.93826</i>
                        <i>-0.14362 0.98552 0.0901351 0.709601 0.166038 -0.684762 -0.689812 -0.0343856 -0.723172 3.57014 7.99723 -0.937902</i>
                        <i>-0.145999 0.985081 0.0911045 0.709197 0.168425 -0.684597 -0.689728 -0.0353396 -0.723206 3.56919 7.9973 -0.937516</i>
                        <i>-0.14847 0.984618 0.0921114 0.708771 0.170903 -0.684424 -0.689638 -0.0363307 -0.723243 3.56821 7.99748 -0.937114</i>
                        <i>-0.150952 0.984145 0.0931226 0.708337 0.173393 -0.684247 -0.689545 -0.0373263 -0.72328 3.56722 7.99778 -0.93671</i>
                        <i>-0.153364 0.983679 0.0941054 0.707909 0.175812 -0.684072 -0.689452 -0.0382941 -0.723318 3.56626 7.99818 -0.936318</i>
                        <i>-0.155626 0.983235 0.0950269 0.707502 0.17808 -0.683907 -0.689363 -0.0392016 -0.723354 3.56535 7.99869 -0.93595</i>
                        <i>-0.157656 0.982831 0.0958542 0.707132 0.180117 -0.683756 -0.689281 -0.0400166 -0.723388 3.56454 7.99931 -0.93562</i>
                        <i>-0.159375 0.982485 0.0965546 0.706815 0.181841 -0.683627 -0.689211 -0.0407067 -0.723417 3.56386 8.00002 -0.93534</i>
                        <i>-0.160702 0.982215 0.0970955 0.706569 0.183172 -0.683526 -0.689155 -0.0412397 -0.723439 3.56333 8.00084 -0.935124</i>
                        <i>-0.161558 0.982041 0.097444 0.706409 0.18403 -0.683461 -0.689119 -0.0415831 -0.723454 3.56298 8.00174 -0.934985</i>
                        <i>-0.161861 0.981978 0.0975674 0.706352 0.184334 -0.683438 -0.689106 -0.0417048 -0.723459 3.56286 8.00275 -0.934936</i>
                        <i>-0.161563 0.98204 0.0974462 0.706408 0.184036 -0.683461 -0.689119 -0.0415853 -0.723454 3.56298 8.00384 -0.934984</i>
                        <i>-0.160722 0.982211 0.0971036 0.706565 0.183192 -0.683525 -0.689155 -0.0412477 -0.723439 3.56332 8.00499 -0.93512</i>
                        <i>-0.159416 0.982477 0.0965712 0.706808 0.181882 -0.683624 -0.689209 -0.040723 -0.723417 3.56384 8.00618 -0.935333</i>
                        <i>-0.15772 0.982818 0.0958803 0.70712 0.180181 -0.683751 -0.689279 -0.0400424 -0.723389 3.56451 8.00737 -0.935608</i>
                        <i>-0.155713 0.983217 0.0950626 0.707486 0.178168 -0.6839 -0.68936 -0.0392369 -0.723356 3.56531 8.00856 -0.935934</i>
                        <i>-0.153472 0.983657 0.0941495 0.707889 0.175921 -0.684065 -0.689448 -0.0383376 -0.72332 3.56621 8.0097 -0.936298</i>
                        <i>-0.151075 0.984122 0.0931727 0.708315 0.173516 -0.684238 -0.68954 -0.0373756 -0.723282 3.56716 8.01077 -0.936687</i>
                        <i>-0.148599 0.984593 0.0921637 0.708749 0.171032 -0.684415 -0.689633 -0.0363822 -0.723244 3.56815 8.01175 -0.93709</i>
                        <i>-0.146121 0.985058 0.0911542 0.709176 0.168547 -0.684589 -0.689723 -0.0353885 -0.723208 3.56914 8.01262 -0.937493</i>
                        <i>-0.14372 0.985501 0.090176 0.709583 0.166139 -0.684755 -0.689808 -0.0344258 -0.723173 3.5701 8.01333 -0.937884</i>
                        <i>-0.141474 0.98591 0.0892608 0.70996 0.163886 -0.684908 -0.689886 -0.0335254 -0.723141 3.57099 8.01388 -0.938249</i>
                        <i>-0.139461 0.98627 0.0884406 0.710292 0.161866 -0.685043 -0.689953 -0.0327184 -0.723114 3.5718 8.01424 -0.938577</i>
                    </KeyFrames>
                </p>
            </i>
            <i>
                <p>
                    <Name>
                        <![CDATA[head_prop]]>
</Name>
                    <Exclude>0</Exclude>
                    <Additive>0</Additive>
                    <IKPriority>0</IKPriority>
                    <IKRotLimits>-1e+010 -1e+010 -1e+010 1e+010 1e+010 1e+010</IKRotLimits>
                    <IKRotLimitOrder>0</IKRotLimitOrder>
                    <KeyFrames count="49">
                        <i>0.689953 0.0327184 0.723114 -0.139461 0.98627 0.0884406 -0.710292 -0.161866 0.685043 3.52635 8.33567 -0.909753</i>
                        <i>0.690014 0.0319738 0.723089 -0.137603 0.986599 0.0876835 -0.710595 -0.160002 0.685167 3.52769 8.33594 -0.910299</i>
                        <i>0.690081 0.0311425 0.723062 -0.135529 0.986961 0.0868382 -0.710929 -0.157921 0.685303 3.52918 8.33609 -0.910908</i>
                        <i>0.69015 0.0302534 0.723034 -0.13331 0.987342 0.085934 -0.711282 -0.155695 0.685447 3.53078 8.33612 -0.911559</i>
                        <i>0.690219 0.0293352 0.723006 -0.131018 0.987729 0.0850001 -0.71164 -0.153395 0.685593 3.53243 8.33602 -0.912233</i>
                        <i>0.690286 0.0284169 0.722978 -0.128725 0.988111 0.0840658 -0.711994 -0.151095 0.685737 3.53409 8.3358 -0.912906</i>
                        <i>0.690349 0.0275272 0.722953 -0.126503 0.988474 0.0831605 -0.712331 -0.148865 0.685874 3.53569 8.33547 -0.913559</i>
                        <i>0.690406 0.0266951 0.72293 -0.124424 0.988809 0.0823136 -0.712642 -0.14678 0.686001 3.53719 8.33501 -0.91417</i>
                        <i>0.690455 0.0259495 0.722909 -0.122562 0.989104 0.0815547 -0.712917 -0.144911 0.686113 3.53853 8.33445 -0.914717</i>
                        <i>0.690496 0.0253192 0.722893 -0.120987 0.989351 0.080913 -0.713146 -0.143331 0.686206 3.53967 8.33377 -0.91518</i>
