<?xml version="1.0" encoding="ISO-8859-1" ?>
<Animl Version="1">
    <ModellingPackage><![CDATA[Maya.2010]]></ModellingPackage>
    <SrcFile><![CDATA[anims\turrets\antiair\blue\~src\aa_patriot\aa_patriot_fire_crewman_b.mb]]></SrcFile>
    <FramesPerSecond>30</FramesPerSecond>
    <TotalFrames>49</TotalFrames>
    <Skeleton>
        <RefFrame>
            <Name><![CDATA[soldier_ref_frame]]></Name>
            <Exclude>0</Exclude>
            <Additive>0</Additive>
            <IKPriority>0</IKPriority>
            <IKRotLimits>-1e+010 -1e+010 -1e+010 1e+010 1e+010 1e+010</IKRotLimits>
            <IKRotLimitOrder>0</IKRotLimitOrder>
            <KeyFrames count="49">
                <i>1 0 0 0 1 0 0 0 1 1.55 4.31 7.37</i>
                <i>1 0 0 0 1 0 0 0 1 1.55 4.31 7.37</i>
                <i>1 0 0 0 1 0 0 0 1 1.55 4.31 7.37</i>
                <i>1 0 0 0 1 0 0 0 1 1.55 4.31 7.37</i>
                <i>1 0 0 0 1 0 0 0 1 1.55 4.31 7.37</i>
                <i>1 0 0 0 1 0 0 0 1 1.55 4.31 7.37</i>
                <i>1 0 0 0 1 0 0 0 1 1.55 4.31 7.37</i>
                <i>1 0 0 0 1 0 0 0 1 1.55 4.31 7.37</i>
                <i>1 0 0 0 1 0 0 0 1 1.55 4.31 7.37</i>
                <i>1 0 0 0 1 0 0 0 1 1.55 4.31 7.37</i>
                <i>1 0 0 0 1 0 0 0 1 1.55 4.31 7.37</i>
                <i>1 0 0 0 1 0 0 0 1 1.55 4.31 7.37</i>
                <i>1 0 0 0 1 0 0 0 1 1.55 4.31 7.37</i>
                <i>1 0 0 0 1 0 0 0 1 1.55 4.31 7.37</i>
                <i>1 0 0 0 1 0 0 0 1 1.55 4.31 7.37</i>
                <i>1 0 0 0 1 0 0 0 1 1.55 4.31 7.37</i>
                <i>1 0 0 0 1 0 0 0 1 1.55 4.31 7.37</i>
                <i>1 0 0 0 1 0 0 0 1 1.55 4.31 7.37</i>
                <i>1 0 0 0 1 0 0 0 1 1.55 4.31 7.37</i>
                <i>1 0 0 0 1 0 0 0 1 1.55 4.31 7.37</i>
                <i>1 0 0 0 1 0 0 0 1 1.55 4.31 7.37</i>
                <i>1 0 0 0 1 0 0 0 1 1.55 4.31 7.37</i>
                <i>1 0 0 0 1 0 0 0 1 1.55 4.31 7.37</i>
                <i>1 0 0 0 1 0 0 0 1 1.55 4.31 7.37</i>
                <i>1 0 0 0 1 0 0 0 1 1.55 4.31 7.37</i>
                <i>1 0 0 0 1 0 0 0 1 1.55 4.31 7.37</i>
                <i>1 0 0 0 1 0 0 0 1 1.55 4.31 7.37</i>
                <i>1 0 0 0 1 0 0 0 1 1.55 4.31 7.37</i>
                <i>1 0 0 0 1 0 0 0 1 1.55 4.31 7.37</i>
                <i>1 0 0 0 1 0 0 0 1 1.55 4.31 7.37</i>
                <i>1 0 0 0 1 0 0 0 1 1.55 4.31 7.37</i>
                <i>1 0 0 0 1 0 0 0 1 1.55 4.31 7.37</i>
                <i>1 0 0 0 1 0 0 0 1 1.55 4.31 7.37</i>
                <i>1 0 0 0 1 0 0 0 1 1.55 4.31 7.37</i>
                <i>1 0 0 0 1 0 0 0 1 1.55 4.31 7.37</i>
                <i>1 0 0 0 1 0 0 0 1 1.55 4.31 7.37</i>
                <i>1 0 0 0 1 0 0 0 1 1.55 4.31 7.37</i>
                <i>1 0 0 0 1 0 0 0 1 1.55 4.31 7.37</i>
                <i>1 0 0 0 1 0 0 0 1 1.55 4.31 7.37</i>
                <i>1 0 0 0 1 0 0 0 1 1.55 4.31 7.37</i>
                <i>1 0 0 0 1 0 0 0 1 1.55 4.31 7.37</i>
                <i>1 0 0 0 1 0 0 0 1 1.55 4.31 7.37</i>
                <i>1 0 0 0 1 0 0 0 1 1.55 4.31 7.37</i>
                <i>1 0 0 0 1 0 0 0 1 1.55 4.31 7.37</i>
                <i>1 0 0 0 1 0 0 0 1 1.55 4.31 7.37</i>
                <i>1 0 0 0 1 0 0 0 1 1.55 4.31 7.37</i>
                <i>1 0 0 0 1 0 0 0 1 1.55 4.31 7.37</i>
                <i>1 0 0 0 1 0 0 0 1 1.55 4.31 7.37</i>
                <i>1 0 0 0 1 0 0 0 1 1.55 4.31 7.37</i>
            </KeyFrames>
        </RefFrame>
        <Bones count="23">
            <i>
                <p>
                    <Name><![CDATA[pelvis]]></Name>
                    <Exclude>0</Exclude>
                    <Additive>0</Additive>
                    <IKPriority>0</IKPriority>
                    <IKRotLimits>-1e+010 -1e+010 -1e+010 1e+010 1e+010 1e+010</IKRotLimits>
                    <IKRotLimitOrder>2</IKRotLimitOrder>
                    <KeyFrames count="49">
                        <i>1 0 0 0 1 0 0 0 1 1.55256 5.42579 7.37298</i>
                        <i>1 0 0 0 1 0 0 0 1 1.53439 5.44949 7.33867</i>
                        <i>1 0 0 0 1 0 0 0 1 1.49401 5.4765 7.2626</i>
                        <i>1 0 0 0 1 0 0 0 1 1.44239 5.50077 7.16537</i>
                        <i>1 0 0 0 1 0 0 0 1 1.39065 5.51663 7.06792</i>
                        <i>1 0 0 0 1 0 0 0 1 1.35 5.51866 6.99131</i>
                        <i>1 0 0 0 1 0 0 0 1 1.33381 5.49947 6.95403</i>
                        <i>1 0 0 0 1 0 0 0 1 1.34097 5.4647 6.95108</i>
                        <i>1 0 0 0 1 0 0 0 1 1.35852 5.42749 6.96415</i>
                        <i>1 0 0 0 1 0 0 0 1 1.3831 5.40224 6.99309</i>
                        <i>1 0 0 0 1 0 0 0 1 1.4124 5.40418 7.03861</i>
                        <i>1 0 0 0 1 0 0 0 1 1.4442 5.43306 7.09662</i>
                        <i>1 0 0 0 1 0 0 0 1 1.47619 5.4747 7.15911</i>
                        <i>1 0 0 0 1 0 0 0 1 1.50621 5.52365 7.22116</i>
                        <i>1 0 0 0 1 0 0 0 1 1.53207 5.57443 7.27782</i>
                        <i>1 0 0 0 1 0 0 0 1 1.55159 5.62168 7.32421</i>
                        <i>1 0 0 0 1 0 0 0 1 1.5627 5.66006 7.35552</i>
                        <i>1 0 0 0 1 0 0 0 1 1.56726 5.6847 7.37423</i>
                        <i>1 0 0 0 1 0 0 0 1 1.56915 5.7208 7.38595</i>
                        <i>1 0 0 0 1 0 0 0 1 1.56951 5.78012 7.39334</i>
                        <i>1 0 0 0 1 0 0 0 1 1.56925 5.84049 7.39965</i>
                        <i>1 0 0 0 1 0 0 0 1 1.56907 5.87659 7.40583</i>
                        <i>1 0 0 0 1 0 0 0 1 1.56935 5.86312 7.41209</i>
                        <i>1 0 0 0 1 0 0 0 1 1.56998 5.80872 7.41782</i>
                        <i>1 0 0 0 1 0 0 0 1 1.57077 5.74228 7.42268</i>
                        <i>1 0 0 0 1 0 0 0 1 1.57179 5.66896 7.42672</i>
                        <i>1 0 0 0 1 0 0 0 1 1.57316 5.59394 7.43016</i>
                        <i>1 0 0 0 1 0 0 0 1 1.57505 5.52245 7.43336</i>
                        <i>1 0 0 0 1 0 0 0 1 1.5777 5.45973 7.43683</i>
                        <i>1 0 0 0 1 0 0 0 1 1.57972 5.4086 7.43873</i>
                        <i>1 0 0 0 1 0 0 0 1 1.57911 5.37111 7.4363</i>
                        <i>1 0 0 0 1 0 0 0 1 1.577 5.34583 7.43134</i>
                        <i>1 0 0 0 1 0 0 0 1 1.57494 5.32979 7.42626</i>
                        <i>1 0 0 0 1 0 0 0 1 1.57291 5.32475 7.42115</i>
                        <i>1 0 0 0 1 0 0 0 1 1.57088 5.32594 7.41592</i>
                        <i>1 0 0 0 1 0 0 0 1 1.56877 5.3276 7.41049</i>
                        <i>1 0 0 0 1 0 0 0 1 1.56659 5.32993 7.40491</i>
                        <i>1 0 0 0 1 0 0 0 1 1.56432 5.33317 7.39921</i>
                        <i>1 0 0 0 1 0 0 0 1 1.56195 5.33756 7.39344</i>
                        <i>1 0 0 0 1 0 0 0 1 1.55946 5.34333 7.38763</i>
                        <i>1 0 0 0 1 0 0 0 1 1.55685 5.35072 7.38183</i>
                        <i>1 0 0 0 1 0 0 0 1 1.55411 5.35888 7.37609</i>
                        <i>1 0 0 0 1 0 0 0 1 1.55123 5.3666 7.37046</i>
                        <i>1 0 0 0 1 0 0 0 1 1.54977 5.37474 7.36773</i>
                        <i>1 0 0 0 1 0 0 0 1 1.55055 5.38414 7.36918</i>
                        <i>1 0 0 0 1 0 0 0 1 1.55238 5.39435 7.37263</i>
                        <i>1 0 0 0 1 0 0 0 1 1.5541 5.40497 7.37587</i>
                        <i>1 0 0 0 1 0 0 0 1 1.55456 5.41557 7.37672</i>
                        <i>1 0 0 0 1 0 0 0 1 1.55256 5.42579 7.37298</i>
                    </KeyFrames>
                </p>
            </i>
            <i>
                <p>
                    <Name><![CDATA[spine0]]></Name>
                    <Exclude>0</Exclude>
                    <Additive>0</Additive>
                    <IKPriority>0</IKPriority>
                    <IKRotLimits>-1e+010 -1e+010 -1e+010 1e+010 1e+010 1e+010</IKRotLimits>
                    <IKRotLimitOrder>0</IKRotLimitOrder>
                    <KeyFrames count="49">
                        <i>0.000802502 0.999736 -0.0229806 -0.999391 -2.22045e-016 -0.0348995 -0.0348903 0.0229946 0.999127 1.55423 5.56144 7.32511</i>
                        <i>-0.00534762 0.999389 -0.0345473 -0.999371 -0.00655264 -0.0348616 -0.0350666 0.0343392 0.998795 1.53523 5.58459 7.28923</i>
                        <i>-0.0126714 0.998751 -0.0483214 -0.999294 -0.014358 -0.0347174 -0.0353679 0.0478474 0.998228 1.49386 5.61091 7.2113</i>
                        <i>-0.019746 0.997904 -0.0616268 -0.999166 -0.0219001 -0.0344758 -0.0357532 0.0608946 0.997504 1.44129 5.63447 7.11229</i>
                        <i>-0.0251527 0.997102 -0.0717953 -0.999031 -0.0276656 -0.0342232 -0.0361103 0.0708649 0.996832 1.38883 5.64978 7.01348</i>
                        <i>-0.0274775 0.996716 -0.0761676 -0.998964 -0.0301451 -0.0340964 -0.0362805 0.0751518 0.996512 1.34787 5.65156 6.93628</i>
                        <i>-0.023751 0.997142 -0.0717234 -0.999068 -0.0262603 -0.0342476 -0.0360332 0.0708432 0.996836 1.33217 5.63262 6.8996</i>
                        <i>-0.0143504 0.998065 -0.0604935 -0.999266 -0.0164639 -0.0345846 -0.0355137 0.0599528 0.997569 1.3406 5.59847 6.89815</i>
                        <i>-0.00297208 0.998876 -0.0472999 -0.99938 -0.00462646 -0.0349055 -0.0350851 0.0471668 0.998271 1.35968 5.56195 6.913</i>
                        <i>0.00666023 0.999307 -0.0366286 -0.999369 0.00537364 -0.0351124 -0.0348912 0.0368394 0.998712 1.38557 5.53721 6.94338</i>
                        <i>0.0108189 0.999398 -0.0329752 -0.999334 0.00965698 -0.0351929 -0.0348533 0.033334 0.998836 1.41544 5.53932 6.98939</i>
                        <i>0.00970055 0.999316 -0.0356916 -0.999345 0.0084442 -0.0351841 -0.0348587 0.0360096 0.998743 1.44708 5.56807 7.04703</i>
                        <i>0.00642917 0.999155 -0.0405848 -0.99937 0.00500382 -0.0351246 -0.0348918 0.0407851 0.998559 1.47863 5.60948 7.10886</i>
                        <i>0.00167109 0.998901 -0.0468321 -0.999387 3.04055e-005 -0.0350122 -0.0349723 0.0468619 0.998289 1.50801 5.65812 7.17006</i>
                        <i>-0.00390692 0.998554 -0.0536113 -0.999376 -0.0057814 -0.034854 -0.0351135 0.0534417 0.997953 1.53311 5.70856 7.22581</i>
                        <i>-0.00963807 0.998146 -0.0601011 -0.99933 -0.0117371 -0.0346695 -0.0353106 0.0597267 0.99759 1.55186 5.75547 7.27134</i>
                        <i>-0.0148563 0.997743 -0.065482 -0.999258 -0.0171424 -0.0344904 -0.0355351 0.064921 0.997258 1.56226 5.79356 7.30193</i>
                        <i>-0.0187276 0.997465 -0.0686531 -0.999186 -0.0211251 -0.034365 -0.0357282 0.0679537 0.997049 1.5663 5.81803 7.32021</i>
                        <i>-0.0204149 0.99743 -0.0686805 -0.99915 -0.0228145 -0.0343389 -0.0358176 0.0679211 0.997048 1.56796 5.85413 7.33193</i>
                        <i>-0.0202452 0.997615 -0.065996 -0.999154 -0.022552 -0.0343973 -0.0358036 0.0652437 0.997227 1.56834 5.91359 7.33968</i>
                        <i>-0.0191203 0.997913 -0.0616756 -0.999178 -0.0212765 -0.0344951 -0.0357353 0.0609654 0.9975 1.56824 5.97419 7.34657</i>
                        <i>-0.0172323 0.998276 -0.0561162 -0.999217 -0.0191941 -0.0346104 -0.0356278 0.0554758 0.997824 1.56831 6.01059 7.35349</i>
                        <i>-0.0147729 0.998654 -0.0497147 -0.999261 -0.0165105 -0.034723 -0.035497 0.0491649 0.99816 1.56892 5.99745 7.36061</i>
                        <i>-0.0119344 0.999009 -0.042869 -0.999303 -0.0134319 -0.0348171 -0.0353584 0.0424236 0.998474 1.56993 5.9434 7.36726</i>
                        <i>-0.0089088 0.999313 -0.0359776 -0.99934 -0.0101649 -0.0348833 -0.035225 0.035643 0.998744 1.57113 5.87731 7.37305</i>
                        <i>-0.00588869 0.999549 -0.0294396 -0.999366 -0.00691607 -0.0349188 -0.0351066 0.0292153 0.998956 1.57255 5.80431 7.37798</i>
                        <i>-0.00306666 0.999716 -0.0236545 -0.999382 -0.00389207 -0.0349276 -0.0350098 0.0235328 0.99911 1.5743 5.72957 7.3822</i>
                        <i>-0.00063548 0.999819 -0.0190217 -0.999389 -0.00129955 -0.034919 -0.0349374 0.0189879 0.999209 1.57652 5.6583 7.38603</i>
                        <i>0.00121207 0.999872 -0.0159404 -0.99939 0.000655011 -0.0349051 -0.0348902 0.015973 0.999264 1.57943 5.59572 7.38992</i>
                        <i>0.00233156 0.999893 -0.0144187 -0.999389 0.00182719 -0.034895 -0.0348649 0.0144913 0.999287 1.5816 5.54466 7.39203</i>
                        <i>0.00261047 0.999894 -0.0143082 -0.999389 0.00210985 -0.0348927 -0.0348588 0.0143905 0.999289 1.58102 5.50717 7.38961</i>
                        <i>0.0023839 0.999883 -0.0150842 -0.999389 0.0018563 -0.0348953 -0.0348632 0.0151582 0.999277 1.57889 5.48185 7.38454</i>
                        <i>0.00209411 0.999869 -0.0160768 -0.99939 0.00153198 -0.0348981 -0.0348689 0.0161401 0.999262 1.57678 5.46577 7.37933</i>
                        <i>0.00175689 0.99985 -0.0172318 -0.99939 0.00115459 -0.0349007 -0.0348756 0.0172826 0.999242 1.57471 5.46068 7.37406</i>
                        <i>0.00138806 0.999828 -0.018495 -0.99939 0.000741817 -0.0349027 -0.034883 0.0185322 0.99922 1.57263 5.46181 7.36866</i>
                        <i>0.00100343 0.999803 -0.0198124 -0.999391 0.000311348 -0.0349039 -0.0348909 0.0198353 0.999194 1.57047 5.4634 7.36305</i>
                        <i>0.000618794 0.999777 -0.0211297 -0.999391 -0.000119125 -0.0349042 -0.0348989 0.0211384 0.999167 1.56824 5.46567 7.35729</i>
                        <i>0.000249969 0.999749 -0.0223929 -0.999391 -0.000531907 -0.0349035 -0.0349067 0.022388 0.99914 1.56592 5.46886 7.35142</i>
                        <i>-8.7242e-005 0.999723 -0.0235477 -0.99939 -0.000909308 -0.0349022 -0.0349139 0.0235303 0.999113 1.5635 5.47319 7.34549</i>
                        <i>-0.000377032 0.999699 -0.0245402 -0.99939 -0.00123364 -0.0349004 -0.0349202 0.024512 0.999089 1.56097 5.47891 7.33955</i>
                        <i>-0.000603596 0.999679 -0.025316 -0.99939 -0.0014872 -0.0348987 -0.0349252 0.0252795 0.99907 1.55833 5.48626 7.33365</i>
                        <i>-0.000751126 0.999666 -0.0258212 -0.99939 -0.00165231 -0.0348974 -0.0349284 0.0257793 0.999057 1.55557 5.4944 7.32784</i>
                        <i>-0.000803815 0.999662 -0.0260017 -0.999389 -0.00171128 -0.0348969 -0.0349296 0.0259578 0.999053 1.55268 5.50211 7.32218</i>
                        <i>-0.000684833 0.999667 -0.0257779 -0.99939 -0.00158452 -0.0348973 -0.0349265 0.0257383 0.999058 1.55124 5.51027 7.31948</i>
                        <i>-0.000387374 0.999682 -0.0252185 -0.99939 -0.00126762 -0.0348981 -0.0349189 0.0251896 0.999073 1.55206 5.51968 7.32101</i>
                        <i>-6.71553e-007 0.9997 -0.0244912 -0.99939 -0.000855642 -0.0348989 -0.0349093 0.0244762 0.999091 1.55394 5.52993 7.32455</i>
                        <i>0.000386037 0.999718 -0.0237639 -0.999391 -0.000443667 -0.0348993 -0.0349 0.0237629 0.999108 1.55572 5.54059 7.3279</i>
                        <i>0.000683511 0.999731 -0.0232044 -0.999391 -0.000126762 -0.0348995 -0.034893 0.0232141 0.999121 1.55621 5.55121 7.32882</i>
                        <i>0.000802502 0.999736 -0.0229806 -0.999391 -2.22045e-016 -0.0348995 -0.0348903 0.0229946 0.999127 1.55423 5.56144 7.32511</i>
                    </KeyFrames>
                </p>
            </i>
            <i>
                <p>
                    <Name><![CDATA[spine1]]></Name>
                    <Exclude>0</Exclude>
                    <Additive>0</Additive>
                    <IKPriority>0</IKPriority>
                    <IKRotLimits>-1e+010 -1e+010 -1e+010 1e+010 1e+010 1e+010</IKRotLimits>
                    <IKRotLimitOrder>0</IKRotLimitOrder>
                    <KeyFrames count="49">
                        <i>-0.00168166 0.998838 0.0481565 -0.999391 -2.22045e-016 -0.0348995 -0.034859 -0.0481858 0.99823 1.55437 5.73291 7.32117</i>
                        <i>-0.00782875 0.999299 0.0365955 -0.999371 -0.00655264 -0.0348616 -0.0345974 -0.0368454 0.998722 1.53431 5.75599 7.28331</i>
                        <i>-0.0151554 0.999625 0.022816 -0.999294 -0.014358 -0.0347174 -0.0343768 -0.023326 0.999137 1.49169 5.7822 7.20302</i>
                        <i>-0.0222395 0.999708 0.00949279 -0.999166 -0.0219001 -0.0344758 -0.0342578 -0.0102516 0.99936 1.4379 5.80563 7.10172</i>
                        <i>-0.0276579 0.999617 -0.000697695 -0.999031 -0.0276656 -0.0342232 -0.0342294 -0.000249526 0.999414 1.38452 5.8208 7.00116</i>
                        <i>-0.0299889 0.999537 -0.00508176 -0.998964 -0.0301451 -0.0340964 -0.0342338 0.00405399 0.999406 1.34315 5.82251 6.92322</i>
                        <i>-0.0262543 0.999655 -0.000625729 -0.999068 -0.0262603 -0.0342476 -0.0342522 -0.000274001 0.999413 1.3281 5.80365 6.88729</i>
                        <i>-0.0168405 0.999802 0.0106279 -0.999266 -0.0164639 -0.0345846 -0.0344028 -0.0112025 0.999345 1.33814 5.76965 6.88777</i>
                        <i>-0.00546054 0.999701 0.0238379 -0.99938 -0.00462646 -0.0349055 -0.0347848 -0.0240138 0.999106 1.35917 5.73327 6.90488</i>
                        <i>0.00416116 0.999396 0.0345136 -0.999369 0.00537364 -0.0351124 -0.0352766 -0.0343457 0.998787 1.38671 5.70861 6.9371</i>
                        <i>0.00831195 0.999237 0.0381666 -0.999334 0.00965698 -0.0351929 -0.0355346 -0.0378487 0.998652 1.41729 5.71073 6.98374</i>
                        <i>0.00719609 0.999346 0.0354504 -0.999345 0.0084442 -0.0351841 -0.0354605 -0.035174 0.998752 1.44875 5.73947 7.04091</i>
                        <i>0.00393064 0.999525 0.0305565 -0.99937 0.00500382 -0.0351246 -0.0352608 -0.0303992 0.998916 1.47974 5.78085 7.1019</i>
                        <i>-0.000821108 0.999704 0.0243059 -0.999387 3.04055e-005 -0.0350122 -0.0350026 -0.0243197 0.999091 1.50829 5.82944 7.16203</i>
                        <i>-0.00639503 0.999826 0.01752 -0.999376 -0.0057814 -0.034854 -0.0347466 -0.0177319 0.999239 1.53244 5.87983 7.21662</i>
                        <i>-0.0121257 0.999866 0.0110208 -0.99933 -0.0117371 -0.0346695 -0.0345354 -0.0114338 0.999338 1.5502 5.92666 7.26103</i>
                        <i>-0.0173466 0.999834 0.00562989 -0.999258 -0.0171424 -0.0344904 -0.0343881 -0.006224 0.999389 1.55971 5.96469 7.2907</i>
                        <i>-0.0212218 0.999772 0.00245188 -0.999186 -0.0211251 -0.034365 -0.0343053 -0.00317916 0.999406 1.56309 5.98911 7.30844</i>
                        <i>-0.0229112 0.999735 0.00242451 -0.99915 -0.0228145 -0.0343389 -0.0342745 -0.00320919 0.999407 1.56446 6.0252 7.32015</i>
                        <i>-0.022741 0.999728 0.00511499 -0.999154 -0.022552 -0.0343973 -0.0342726 -0.00589289 0.999395 1.56487 6.08469 7.32836</i>
                        <i>-0.0216142 0.999722 0.00944382 -0.999178 -0.0212765 -0.0344951 -0.0342845 -0.0101816 0.99936 1.56496 6.14534 7.33599</i>
                        <i>-0.0197232 0.999693 0.0150123 -0.999217 -0.0191941 -0.0346104 -0.0343116 -0.0156831 0.999288 1.56535 6.18181 7.34387</i>
                        <i>-0.0172608 0.999622 0.0214214 -0.999261 -0.0165105 -0.034723 -0.0343561 -0.0220049 0.999167 1.56639 6.16874 7.35208</i>
                        <i>-0.0144196 0.999496 0.0282721 -0.999303 -0.0134319 -0.0348171 -0.0344198 -0.0287545 0.998994 1.56788 6.11474 7.35991</i>
                        <i>-0.0113922 0.999317 0.0351653 -0.99934 -0.0101649 -0.0348833 -0.034502 -0.0355394 0.998773 1.5696 6.04871 7.36688</i>
                        <i>-0.00837129 0.999095 0.0417018 -0.999366 -0.00691607 -0.0349188 -0.0345988 -0.0419677 0.99852 1.57154 5.97575 7.37293</i>
                        <i>-0.00554952 0.998857 0.0474831 -0.999382 -0.00389207 -0.0349276 -0.0347029 -0.0476476 0.998261 1.57378 5.90103 7.37814</i>
                        <i>-0.00311936 0.998636 0.0521113 -0.999389 -0.00129955 -0.034919 -0.0348037 -0.0521884 0.998031 1.57642 5.82978 7.38277</i>
                        <i>-0.00127313 0.998475 0.0551886 -0.99939 0.000655011 -0.0349051 -0.034888 -0.0551994 0.997866 1.57964 5.76721 7.38718</i>
                        <i>-0.000154677 0.998391 0.0567081 -0.999389 0.00182719 -0.034895 -0.0349425 -0.0566789 0.997781 1.582 5.71615 7.38955</i>
                        <i>0.000123966 0.998384 0.0568185 -0.999389 0.00210985 -0.0348927 -0.0349562 -0.0567795 0.997775 1.58147 5.67867 7.38715</i>
                        <i>-0.00010234 0.998428 0.0560436 -0.999389 0.0018563 -0.0348953 -0.0349445 -0.056013 0.997818 1.5793 5.65334 7.38195</i>
                        <i>-0.000391807 0.998483 0.0550524 -0.99939 0.00153198 -0.0348981 -0.0349295 -0.0550325 0.997873 1.57714 5.63726 7.37657</i>
                        <i>-0.000728644 0.998546 0.053899 -0.99939 0.00115459 -0.0349007 -0.0349122 -0.0538916 0.997936 1.57502 5.63216 7.3711</i>
                        <i>-0.00109707 0.998613 0.0526373 -0.99939 0.000741817 -0.0349027 -0.0348934 -0.0526435 0.998004 1.57287 5.63329 7.36548</i>
                        <i>-0.00148129 0.998681 0.0513215 -0.999391 0.000311348 -0.0349039 -0.0348739 -0.0513419 0.998072 1.57064 5.63488 7.35965</i>
                        <i>-0.00186552 0.998747 0.0500056 -0.999391 -0.000119125 -0.0349042 -0.0348545 -0.0500402 0.998139 1.56835 5.63715 7.35367</i>
                        <i>-0.00223396 0.998809 0.0487437 -0.999391 -0.000531907 -0.0349035 -0.034836 -0.048792 0.998201 1.56596 5.64033 7.34758</i>
                        <i>-0.00257083 0.998864 0.0475899 -0.99939 -0.000909308 -0.0349022 -0.0348192 -0.0476506 0.998257 1.56348 5.64465 7.34145</i>
                        <i>-0.00286034 0.99891 0.0465983 -0.99939 -0.00123364 -0.0349004 -0.0348049 -0.0466697 0.998304 1.56091 5.65037 7.33534</i>
                        <i>-0.00308668 0.998945 0.045823 -0.99939 -0.0014872 -0.0348987 -0.0347937 -0.0459028 0.99834 1.55823 5.65772 7.32931</i>
                        <i>-0.00323407 0.998967 0.0453181 -0.99939 -0.00165231 -0.0348974 -0.0347865 -0.0454033 0.998363 1.55544 5.66585 7.32341</i>
                        <i>-0.00328671 0.998975 0.0451378 -0.999389 -0.00171128 -0.0348969 -0.0347839 -0.045225 0.998371 1.55254 5.67356 7.31773</i>
                        <i>-0.00316781 0.998966 0.0453615 -0.99939 -0.00158452 -0.0348973 -0.0347893 -0.0454443 0.998361 1.55113 5.68172 7.31506</i>
                        <i>-0.00287056 0.998941 0.0459205 -0.99939 -0.00126762 -0.0348981 -0.0348029 -0.0459927 0.998335 1.55199 5.69114 7.31668</i>
                        <i>-0.00248416 0.998908 0.0466472 -0.99939 -0.000855642 -0.0348989 -0.0348208 -0.0467055 0.998302 1.55394 5.70139 7.32035</i>
                        <i>-0.00209776 0.998875 0.0473739 -0.999391 -0.000443667 -0.0348993 -0.034839 -0.0474183 0.998267 1.55579 5.71205 7.32382</i>
                        <i>-0.00180055 0.998849 0.0479329 -0.999391 -0.000126762 -0.0348995 -0.0348532 -0.0479665 0.998241 1.55633 5.72268 7.32485</i>
                        <i>-0.00168166 0.998838 0.0481565 -0.999391 -2.22045e-016 -0.0348995 -0.034859 -0.0481858 0.99823 1.55437 5.73291 7.32117</i>
                    </KeyFrames>
                </p>
            </i>
            <i>
                <p>
                    <Name><![CDATA[spine2]]></Name>
                    <Exclude>0</Exclude>
                    <Additive>0</Additive>
                    <IKPriority>0</IKPriority>
                    <IKRotLimits>-1e+010 -1e+010 -1e+010 1e+010 1e+010 1e+010</IKRotLimits>
                    <IKRotLimitOrder>0</IKRotLimitOrder>
                    <KeyFrames count="49">
                        <i>-0.00709195 0.979135 0.203087 -0.999391 -2.22045e-016 -0.0348995 -0.0341713 -0.203211 0.978539 1.55411 5.8907 7.32877</i>
                        <i>-0.0131232 0.981357 0.191744 -0.999371 -0.00655264 -0.0348616 -0.0329552 -0.192081 0.980826 1.53307 5.91386 7.28909</i>
                        <i>-0.0203261 0.983785 0.178197 -0.999294 -0.014358 -0.0347174 -0.0315959 -0.178777 0.983382 1.48929 5.94012 7.20662</i>
                        <i>-0.0273051 0.985904 0.165071 -0.999166 -0.0219001 -0.0344758 -0.0303748 -0.165875 0.985679 1.43439 5.96355 7.10322</i>
                        <i>-0.0326529 0.987373 0.155014 -0.999031 -0.0276656 -0.0342232 -0.0295025 -0.155981 0.987319 1.38015 5.97871 7.00105</i>
                        <i>-0.0349562 0.987964 0.150682 -0.998964 -0.0301451 -0.0340964 -0.0291437 -0.151718 0.987994 1.33842 5.98041 6.92242</i>
                        <i>-0.03127 0.987406 0.155085 -0.999068 -0.0262603 -0.0342476 -0.0297437 -0.156011 0.987307 1.32395 5.96156 6.8872</i>
                        <i>-0.0219947 0.985848 0.16619 -0.999266 -0.0164639 -0.0345846 -0.0313591 -0.166829 0.985487 1.33548 5.92759 6.88945</i>
                        <i>-0.0108131 0.983753 0.179202 -0.99938 -0.00462646 -0.0349055 -0.0335093 -0.179468 0.983193 1.35831 5.89119 6.90865</i>
                        <i>-0.00138555 0.981842 0.189697 -0.999369 0.00537364 -0.0351124 -0.0354942 -0.189626 0.981215 1.38737 5.86649 6.94255</i>
                        <i>0.00267437 0.981139 0.193285 -0.999334 0.00965698 -0.0351929 -0.0363957 -0.193062 0.980511 1.41861 5.86859 6.98977</i>
                        <i>0.00158369 0.981663 0.190617 -0.999345 0.0084442 -0.0351841 -0.0361486 -0.190437 0.981034 1.44988 5.89734 7.04651</i>
                        <i>-0.00161078 0.982585 0.185809 -0.99937 0.00500382 -0.0351246 -0.0354426 -0.185748 0.981958 1.48036 5.93875 7.10673</i>
                        <i>-0.00626428 0.983709 0.179662 -0.999387 3.04055e-005 -0.0350122 -0.0344472 -0.179771 0.983105 1.50816 5.98737 7.16587</i>
                        <i>-0.0117303 0.984855 0.172982 -0.999376 -0.0057814 -0.034854 -0.033326 -0.173283 0.984308 1.53143 6.03777 7.21939</i>
                        <i>-0.017358 0.985876 0.166577 -0.99933 -0.0117371 -0.0346695 -0.0322246 -0.167067 0.985419 1.54829 6.08461 7.26277</i>
                        <i>-0.0224923 0.986656 0.16126 -0.999258 -0.0171424 -0.0344904 -0.0312657 -0.161916 0.986309 1.55697 6.12263 7.29159</i>
                        <i>-0.0263073 0.987069 0.158124 -0.999186 -0.0211251 -0.034365 -0.0305802 -0.158899 0.986821 1.55973 6.14705 7.30882</i>
                        <i>-0.0279712 0.987027 0.158097 -0.99915 -0.0228145 -0.0343389 -0.0302866 -0.158923 0.986826 1.56084 6.18313 7.32053</i>
                        <i>-0.0278028 0.986603 0.160753 -0.999154 -0.022552 -0.0343973 -0.0303112 -0.161573 0.986395 1.56128 6.24262 7.32917</i>
                        <i>-0.0266916 0.985928 0.165023 -0.999178 -0.0212765 -0.0344951 -0.0304986 -0.165808 0.985686 1.56154 6.30327 7.33748</i>
                        <i>-0.0248279 0.985043 0.170512 -0.999217 -0.0191941 -0.0346104 -0.0308199 -0.171238 0.984748 1.56224 6.33973 7.34624</i>
                        <i>-0.0224025 0.983987 0.176824 -0.999261 -0.0165105 -0.034723 -0.0312475 -0.177471 0.98363 1.56366 6.32665 7.35547</i>
                        <i>-0.0196059 0.982812 0.183564 -0.999303 -0.0134319 -0.0348171 -0.0317531 -0.184119 0.982391 1.56561 6.27264 7.36437</i>
                        <i>-0.0166283 0.981578 0.190339 -0.99934 -0.0101649 -0.0348833 -0.0323059 -0.190793 0.981098 1.5678 6.20657 7.37243</i>
                        <i>-0.0136594 0.980357 0.196756 -0.999366 -0.00691607 -0.0349188 -0.0328721 -0.197108 0.97983 1.57022 6.13357 7.37952</i>
                        <i>-0.0108883 0.979237 0.202427 -0.999382 -0.00389207 -0.0349276 -0.0334146 -0.202682 0.978674 1.5729 6.05882 7.38564</i>
                        <i>-0.00850348 0.978312 0.206962 -0.999389 -0.00129955 -0.034919 -0.0338928 -0.207133 0.977726 1.57592 5.98753 7.391</i>
                        <i>-0.00669293 0.977683 0.209976 -0.99939 0.000655011 -0.0349051 -0.0342636 -0.210082 0.977083 1.57944 5.92494 7.3959</i>
                        <i>-0.00559662 0.97737 0.211464 -0.999389 0.00182719 -0.034895 -0.0344917 -0.21153 0.976763 1.58197 5.87387 7.39851</i>
                        <i>-0.00532352 0.977348 0.211572 -0.999389 0.00210985 -0.0348927 -0.0345487 -0.211629 0.976739 1.58149 5.83639 7.39613</i>
                        <i>-0.00554523 0.977511 0.210814 -0.999389 0.0018563 -0.0348953 -0.0345018 -0.210878 0.976903 1.57928 5.81107 7.39081</i>
                        <i>-0.00582884 0.977718 0.209843 -0.99939 0.00153198 -0.0348981 -0.034442 -0.209918 0.977112 1.57708 5.79499 7.38527</i>
                        <i>-0.00615886 0.977957 0.208714 -0.99939 0.00115459 -0.0349007 -0.0343724 -0.208801 0.977354 1.5749 5.7899 7.37962</i>
                        <i>-0.00651986 0.978218 0.207478 -0.99939 0.000741817 -0.0349027 -0.0342964 -0.207579 0.977617 1.57269 5.79105 7.3738</i>
                        <i>-0.00689635 0.978488 0.206189 -0.999391 0.000311348 -0.0349039 -0.0342173 -0.206304 0.977889 1.57041 5.79264 7.36776</i>
                        <i>-0.00727286 0.978756 0.204899 -0.999391 -0.000119125 -0.0349042 -0.0341383 -0.205028 0.978161 1.56805 5.79492 7.36157</i>
                        <i>-0.00763393 0.979011 0.203662 -0.999391 -0.000531907 -0.0349035 -0.0340626 -0.203805 0.978419 1.56561 5.79811 7.35528</i>
                        <i>-0.00796408 0.979243 0.202531 -0.99939 -0.000909308 -0.0349022 -0.0339936 -0.202686 0.978654 1.56308 5.80245 7.34897</i>
                        <i>-0.00824781 0.979442 0.201559 -0.99939 -0.00123364 -0.0349004 -0.0339343 -0.201724 0.978854 1.56046 5.80817 7.3427</i>
                        <i>-0.00846965 0.979596 0.200799 -0.99939 -0.0014872 -0.0348987 -0.033888 -0.200972 0.979011 1.55774 5.81552 7.33654</i>
                        <i>-0.00861411 0.979696 0.200304 -0.99939 -0.00165231 -0.0348974 -0.0338579 -0.200482 0.979112 1.55493 5.82366 7.33057</i>
                        <i>-0.00866571 0.979732 0.200127 -0.999389 -0.00171128 -0.0348969 -0.0338471 -0.200307 0.979148 1.55202 5.83137 7.32486</i>
                        <i>-0.0085491 0.979688 0.200346 -0.99939 -0.00158452 -0.0348973 -0.033871 -0.200522 0.979103 1.55063 5.83953 7.32223</i>
                        <i>-0.0082576 0.979578 0.200895 -0.99939 -0.00126762 -0.0348981 -0.0339307 -0.20106 0.978991 1.55154 5.84895 7.32394</i>
                        <i>-0.00787871 0.979435 0.201607 -0.99939 -0.000855642 -0.0348989 -0.0340086 -0.201759 0.978845 1.55355 5.85919 7.32772</i>
                        <i>-0.00749987 0.979291 0.20232 -0.999391 -0.000443667 -0.0348993 -0.0340868 -0.202458 0.978697 1.55545 5.86985 7.33131</i>
                        <i>-0.00720849 0.97918 0.202868 -0.999391 -0.000126762 -0.0348995 -0.0341471 -0.202996 0.978584 1.55604 5.88047 7.33242</i>
                        <i>-0.00709195 0.979135 0.203087 -0.999391 -2.22045e-016 -0.0348995 -0.0341713 -0.203211 0.978539 1.55411 5.8907 7.32877</i>
                    </KeyFrames>
                </p>
            </i>
            <i>
                <p>
                    <Name><![CDATA[head]]></Name>
                    <Exclude>0</Exclude>
                    <Additive>0</Additive>
                    <IKPriority>0</IKPriority>
                    <IKRotLimits>-1e+010 -1e+010 -1e+010 1e+010 1e+010 1e+010</IKRotLimits>
                    <IKRotLimitOrder>0</IKRotLimitOrder>
                    <KeyFrames count="49">
                        <i>-4.04523e-010 1 2.11917e-008 0.0348995 2.67026e-008 -0.999391 -0.999391 -2.26402e-016 -0.0348995 1.55256 6.14476 7.37298</i>
                        <i>-0.00615255 0.999914 -0.0115712 0.0349344 -0.0113495 -0.999325 -0.999371 -0.00655264 -0.0348616 1.52996 6.1684 7.33035</i>
                        <i>-0.0134814 0.999588 -0.0253548 0.0350672 -0.0248688 -0.999075 -0.999294 -0.014358 -0.0347174 1.48432 6.19518 7.24437</i>
                        <i>-0.0205629 0.99904 -0.0386732 0.0352897 -0.037932 -0.998657 -0.999166 -0.0219001 -0.0344758 1.4276 6.21905 7.13756</i>
                        <i>-0.0259764 0.998468 -0.0488545 0.0355223 -0.0479181 -0.998219 -0.999031 -0.0276656 -0.0342232 1.37198 6.23451 7.03279</i>
                        <i>-0.0283045 0.998181 -0.053233 0.0356391 -0.0522128 -0.998 -0.998964 -0.0301451 -0.0340964 1.32965 6.23632 6.95303</i>
                        <i>-0.0245733 0.998507 -0.0487825 0.0354775 -0.0478955 -0.998222 -0.999068 -0.0262603 -0.0342476 1.31614 6.21737 6.91895</i>
                        <i>-0.0151633 0.99918 -0.0375387 0.0351743 -0.0369867 -0.998697 -0.999266 -0.0164639 -0.0345846 1.33007 6.18309 6.92409</i>
                        <i>-0.00377807 0.999697 -0.0243325 0.0350075 -0.0241855 -0.999094 -0.99938 -0.00462646 -0.0349055 1.3558 6.14625 6.94666</i>
                        <i>0.00585616 0.99989 -0.0136539 0.0350351 -0.0138509 -0.99929 -0.999369 0.00537364 -0.0351124 1.38731 6.12114 6.98328</i>
                        <i>0.0100146 0.9999 -0.00999856 0.0350928 -0.0103443 -0.999331 -0.999334 0.00965698 -0.0351929 1.4196 6.12308 7.03142</i>
                        <i>0.00889642 0.99988 -0.0127164 0.0350725 -0.0130211 -0.9993 -0.999345 0.0084442 -0.0351841 1.45059 6.15195 7.08748</i>
                        <i>0.00562514 0.999829 -0.0176125 0.0350304 -0.017799 -0.999228 -0.99937 0.00500382 -0.0351246 1.48024 6.19356 7.14645</i>
                        <i>0.000866473 0.999715 -0.0238644 0.0350015 -0.0238801 -0.999102 -0.999387 3.04055e-005 -0.0350122 1.50684 6.24242 7.204</i>
                        <i>-0.00471331 0.999519 -0.0306495 0.0350144 -0.0304661 -0.998922 -0.999376 -0.0057814 -0.034854 1.52868 6.29306 7.25578</i>
                        <i>-0.0104475 0.999255 -0.037146 0.0350796 -0.0367589 -0.998708 -0.99933 -0.0117371 -0.0346695 1.54408 6.34012 7.29751</i>
                        <i>-0.0156695 0.998972 -0.042533 0.035184 -0.041961 -0.9985 -0.999258 -0.0171424 -0.0344904 1.55143 6.3783 7.32494</i>
                        <i>-0.0195442 0.998764 -0.0457082 0.0352881 -0.0449993 -0.998364 -0.999186 -0.0211251 -0.034365 1.55321 6.40279 7.34137</i>
                        <i>-0.0212331 0.998728 -0.0457356 0.0353387 -0.0449676 -0.998363 -0.99915 -0.0228145 -0.0343389 1.55388 6.43886 7.35307</i>
                        <i>-0.0210631 0.998851 -0.0430476 0.0353286 -0.0422867 -0.998481 -0.999154 -0.022552 -0.0343973 1.55437 6.49827 7.36239</i>
                        <i>-0.019937 0.999051 -0.0387221 0.0352862 -0.0380026 -0.998654 -0.999178 -0.0212765 -0.0344951 1.55492 6.55878 7.37181</i>
                        <i>-0.018047 0.999287 -0.0331567 0.0352221 -0.0325061 -0.998851 -0.999217 -0.0191941 -0.0346104 1.55609 6.59505 7.38199</i>
                        <i>-0.0155853 0.999521 -0.0267492 0.035148 -0.0261882 -0.999039 -0.999261 -0.0165105 -0.034723 1.55815 6.58175 7.39286</i>
                        <i>-0.0127443 0.999721 -0.019898 0.0350747 -0.0194405 -0.999196 -0.999303 -0.0134319 -0.0348171 1.56082 6.52749 7.40351</i>
                        <i>-0.00971643 0.999868 -0.0130023 0.0350108 -0.0126547 -0.999307 -0.99934 -0.0101649 -0.0348833 1.56378 6.46116 7.41333</i>
                        <i>-0.0066944 0.999957 -0.00646116 0.034962 -0.00622332 -0.999369 -0.999366 -0.00691607 -0.0349188 1.56698 6.38791 7.42208</i>
                        <i>-0.00387089 0.999992 -0.00067405 0.03493 -0.000538435 -0.99939 -0.999382 -0.00389207 -0.0349276 1.57037 6.31291 7.42968</i>
                        <i>-0.00143869 0.999991 0.00395985 0.0349136 0.00400766 -0.999382 -0.999389 -0.00129955 -0.034919 1.57401 6.24142 7.43621</i>
                        <i>0.000409458 0.999975 0.00704155 0.0349088 0.00702299 -0.999366 -0.99939 0.000655011 -0.0349051 1.578 6.17869 7.44189</i>
                        <i>0.00152923 0.999962 0.00856335 0.0349093 0.00850476 -0.999354 -0.999389 0.00182719 -0.034895 1.58082 6.12755 7.44489</i>
                        <i>0.00180821 0.999961 0.00867393 0.0349096 0.00860554 -0.999353 -0.999389 0.00210985 -0.0348927 1.58041 6.09006 7.44254</i>
                        <i>0.00158161 0.999968 0.00789784 0.0349088 0.00783783 -0.99936 -0.999389 0.0018563 -0.0348953 1.57814 6.06478 7.43702</i>
                        <i>0.00129176 0.999975 0.00690515 0.0349078 0.00685585 -0.999367 -0.99939 0.00153198 -0.0348981 1.57587 6.04875 7.43123</i>
                        <i>0.000954474 0.999983 0.00575001 0.0349067 0.0057132 -0.999374 -0.99939 0.00115459 -0.0349007 1.5736 6.04371 7.42528</i>
                        <i>0.000585572 0.99999 0.00448658 0.0349057 0.0044634 -0.999381 -0.99939 0.000741817 -0.0349027 1.5713 6.04491 7.41914</i>
                        <i>0.000200859 0.999995 0.00316899 0.0349047 0.00316005 -0.999386 -0.999391 0.000311348 -0.0349039 1.56892 6.04657 7.41277</i>
                        <i>-0.000183858 0.999998 0.00185139 0.0349039 0.00185667 -0.999389 -0.999391 -0.000119125 -0.0349042 1.56646 6.0489 7.40624</i>
                        <i>-0.000552765 1 0.000587918 0.0349032 0.000606863 -0.999391 -0.999391 -0.000531907 -0.0349035 1.56392 6.05215 7.39963</i>
                        <i>-0.000890053 0.999999 -0.000567224 0.0349027 -0.000535818 -0.999391 -0.99939 -0.000909308 -0.0349022 1.56131 6.05654 7.39303</i>
                        <i>-0.00117991 0.999998 -0.00155993 0.0349023 -0.0015178 -0.99939 -0.99939 -0.00123364 -0.0349004 1.55861 6.0623 7.38651</i>
                        <i>-0.00140653 0.999996 -0.00233605 0.0349021 -0.00228555 -0.999388 -0.99939 -0.0014872 -0.0348987 1.55584 6.06969 7.38015</i>
                        <i>-0.00155409 0.999995 -0.00284143 0.0349019 -0.00278547 -0.999387 -0.99939 -0.00165231 -0.0348974 1.55299 6.07785 7.37405</i>
                        <i>-0.0016068 0.999994 -0.00302192 0.0349019 -0.002964 -0.999386 -0.999389 -0.00171128 -0.0348969 1.55007 6.08557 7.36829</i>
                        <i>-0.00148778 0.999995 -0.00279808 0.0349015 -0.00274445 -0.999387 -0.99939 -0.00158452 -0.0348973 1.5487 6.09372 7.36572</i>
                        <i>-0.00119022 0.999997 -0.00223846 0.0349008 -0.00219555 -0.999388 -0.99939 -0.00126762 -0.0348981 1.54969 6.10311 7.36757</i>
                        <i>-0.000803399 0.999999 -0.00151096 0.0349001 -0.00148199 -0.99939 -0.99939 -0.000855642 -0.0348989 1.5518 6.11333 7.37154</i>
                        <i>-0.000416579 1 -0.000783437 0.0348997 -0.000768428 -0.99939 -0.999391 -0.000443667 -0.0348993 1.5538 6.12395 7.37531</i>
                        <i>-0.000119022 1 -0.000223828 0.0348995 -0.000219539 -0.999391 -0.999391 -0.000126762 -0.0348995 1.55447 6.13454 7.37656</i>
                        <i>-4.04523e-010 1 2.11917e-008 0.0348995 2.67026e-008 -0.999391 -0.999391 -2.26402e-016 -0.0348995 1.55256 6.14476 7.37298</i>
                    </KeyFrames>
                </p>
            </i>
            <i>
                <p>
                    <Name><![CDATA[head_prop]]></Name>
                    <Exclude>0</Exclude>
                    <Additive>0</Additive>
                    <IKPriority>0</IKPriority>
                    <IKRotLimits>-1e+010 -1e+010 -1e+010 1e+010 1e+010 1e+010</IKRotLimits>
                    <IKRotLimitOrder>0</IKRotLimitOrder>
                    <KeyFrames count="49">
                        <i>0.999391 4.48446e-016 0.0348995 -4.04523e-010 1 2.11917e-008 -0.0348995 -2.67026e-008 0.999391 1.55256 6.47067 7.37298</i>
                        <i>0.999371 0.00655264 0.0348616 -0.00615255 0.999914 -0.0115712 -0.0349344 0.0113495 0.999325 1.52796 6.49376 7.32658</i>
                        <i>0.999294 0.014358 0.0347174 -0.0134814 0.999588 -0.0253548 -0.0350672 0.0248688 0.999075 1.47994 6.51895 7.23615</i>
                        <i>0.999166 0.0219001 0.0344758 -0.0205629 0.99904 -0.0386732 -0.0352897 0.037932 0.998657 1.42097 6.54037 7.12512</i>
                        <i>0.999031 0.0276656 0.0342232 -0.0259764 0.998468 -0.0488545 -0.0355223 0.0479181 0.998219 1.36367 6.55271 7.01722</i>
                        <i>0.998964 0.0301451 0.0340964 -0.0283045 0.998181 -0.053233 -0.0356391 0.0522128 0.998 1.32068 6.55101 6.93624</i>
                        <i>0.999068 0.0262603 0.0342476 -0.0245733 0.998507 -0.0487825 -0.0354775 0.0478955 0.998222 1.30843 6.52837 6.90375</i>
                        <i>0.999266 0.0164639 0.0345846 -0.0151633 0.99918 -0.0375387 -0.0351743 0.0369867 0.998697 1.32534 6.49032 6.91253</i>
