<?xml version="1.0" encoding="ISO-8859-1" ?>
<Animl Version="1">
    <ModellingPackage>
        <![CDATA[Maya.2010]]>
</ModellingPackage>
    <SrcFile>
        <![CDATA[anims\turrets\antiair\blue\~src\aa_patriot\aa_patriot_idle_crewman_c.mb]]>
</SrcFile>
    <FramesPerSecond>30</FramesPerSecond>
    <TotalFrames>49</TotalFrames>
    <Skeleton>
        <RefFrame>
            <Name>
                <![CDATA[soldier_ref_frame]]>
</Name>
            <Exclude>0</Exclude>
            <Additive>0</Additive>
            <IKPriority>0</IKPriority>
            <IKRotLimits>-1e+010 -1e+010 -1e+010 1e+010 1e+010 1e+010</IKRotLimits>
            <IKRotLimitOrder>0</IKRotLimitOrder>
            <KeyFrames count="49">
                <i>1 0 0 0 1 0 0 0 1 2.96 4.27 5.34</i>
                <i>1 0 0 0 1 0 0 0 1 2.96 4.27 5.34</i>
                <i>1 0 0 0 1 0 0 0 1 2.96 4.27 5.34</i>
                <i>1 0 0 0 1 0 0 0 1 2.96 4.27 5.34</i>
                <i>1 0 0 0 1 0 0 0 1 2.96 4.27 5.34</i>
                <i>1 0 0 0 1 0 0 0 1 2.96 4.27 5.34</i>
                <i>1 0 0 0 1 0 0 0 1 2.96 4.27 5.34</i>
                <i>1 0 0 0 1 0 0 0 1 2.96 4.27 5.34</i>
                <i>1 0 0 0 1 0 0 0 1 2.96 4.27 5.34</i>
                <i>1 0 0 0 1 0 0 0 1 2.96 4.27 5.34</i>
                <i>1 0 0 0 1 0 0 0 1 2.96 4.27 5.34</i>
                <i>1 0 0 0 1 0 0 0 1 2.96 4.27 5.34</i>
                <i>1 0 0 0 1 0 0 0 1 2.96 4.27 5.34</i>
                <i>1 0 0 0 1 0 0 0 1 2.96 4.27 5.34</i>
                <i>1 0 0 0 1 0 0 0 1 2.96 4.27 5.34</i>
                <i>1 0 0 0 1 0 0 0 1 2.96 4.27 5.34</i>
                <i>1 0 0 0 1 0 0 0 1 2.96 4.27 5.34</i>
                <i>1 0 0 0 1 0 0 0 1 2.96 4.27 5.34</i>
                <i>1 0 0 0 1 0 0 0 1 2.96 4.27 5.34</i>
                <i>1 0 0 0 1 0 0 0 1 2.96 4.27 5.34</i>
                <i>1 0 0 0 1 0 0 0 1 2.96 4.27 5.34</i>
                <i>1 0 0 0 1 0 0 0 1 2.96 4.27 5.34</i>
                <i>1 0 0 0 1 0 0 0 1 2.96 4.27 5.34</i>
                <i>1 0 0 0 1 0 0 0 1 2.96 4.27 5.34</i>
                <i>1 0 0 0 1 0 0 0 1 2.96 4.27 5.34</i>
                <i>1 0 0 0 1 0 0 0 1 2.96 4.27 5.34</i>
                <i>1 0 0 0 1 0 0 0 1 2.96 4.27 5.34</i>
                <i>1 0 0 0 1 0 0 0 1 2.96 4.27 5.34</i>
                <i>1 0 0 0 1 0 0 0 1 2.96 4.27 5.34</i>
                <i>1 0 0 0 1 0 0 0 1 2.96 4.27 5.34</i>
                <i>1 0 0 0 1 0 0 0 1 2.96 4.27 5.34</i>
                <i>1 0 0 0 1 0 0 0 1 2.96 4.27 5.34</i>
                <i>1 0 0 0 1 0 0 0 1 2.96 4.27 5.34</i>
                <i>1 0 0 0 1 0 0 0 1 2.96 4.27 5.34</i>
                <i>1 0 0 0 1 0 0 0 1 2.96 4.27 5.34</i>
                <i>1 0 0 0 1 0 0 0 1 2.96 4.27 5.34</i>
                <i>1 0 0 0 1 0 0 0 1 2.96 4.27 5.34</i>
                <i>1 0 0 0 1 0 0 0 1 2.96 4.27 5.34</i>
                <i>1 0 0 0 1 0 0 0 1 2.96 4.27 5.34</i>
                <i>1 0 0 0 1 0 0 0 1 2.96 4.27 5.34</i>
                <i>1 0 0 0 1 0 0 0 1 2.96 4.27 5.34</i>
                <i>1 0 0 0 1 0 0 0 1 2.96 4.27 5.34</i>
                <i>1 0 0 0 1 0 0 0 1 2.96 4.27 5.34</i>
                <i>1 0 0 0 1 0 0 0 1 2.96 4.27 5.34</i>
                <i>1 0 0 0 1 0 0 0 1 2.96 4.27 5.34</i>
                <i>1 0 0 0 1 0 0 0 1 2.96 4.27 5.34</i>
                <i>1 0 0 0 1 0 0 0 1 2.96 4.27 5.34</i>
                <i>1 0 0 0 1 0 0 0 1 2.96 4.27 5.34</i>
                <i>1 0 0 0 1 0 0 0 1 2.96 4.27 5.34</i>
            </KeyFrames>
        </RefFrame>
        <Bones count="23">
            <i>
                <p>
                    <Name>
                        <![CDATA[pelvis]]>
</Name>
                    <Exclude>0</Exclude>
                    <Additive>0</Additive>
                    <IKPriority>0</IKPriority>
                    <IKRotLimits>-1e+010 -1e+010 -1e+010 1e+010 1e+010 1e+010</IKRotLimits>
                    <IKRotLimitOrder>2</IKRotLimitOrder>
                    <KeyFrames count="49">
                        <i>1 0 0 0 1 0 0 0 1 2.96155 5.41296 5.34448</i>
                        <i>1 0 0 0 1 0 0 0 1 2.96155 5.41329 5.34448</i>
                        <i>1 0 0 0 1 0 0 0 1 2.96155 5.41366 5.34448</i>
                        <i>1 0 0 0 1 0 0 0 1 2.96155 5.41408 5.34448</i>
                        <i>1 0 0 0 1 0 0 0 1 2.96155 5.41453 5.34448</i>
                        <i>1 0 0 0 1 0 0 0 1 2.96155 5.41501 5.34448</i>
                        <i>1 0 0 0 1 0 0 0 1 2.96155 5.41552 5.34448</i>
                        <i>1 0 0 0 1 0 0 0 1 2.96155 5.41606 5.34448</i>
                        <i>1 0 0 0 1 0 0 0 1 2.96155 5.41661 5.34448</i>
                        <i>1 0 0 0 1 0 0 0 1 2.96155 5.41717 5.34448</i>
                        <i>1 0 0 0 1 0 0 0 1 2.96155 5.41774 5.34448</i>
                        <i>1 0 0 0 1 0 0 0 1 2.96155 5.41832 5.34448</i>
                        <i>1 0 0 0 1 0 0 0 1 2.96155 5.4189 5.34448</i>
                        <i>1 0 0 0 1 0 0 0 1 2.96155 5.41947 5.34448</i>
                        <i>1 0 0 0 1 0 0 0 1 2.96155 5.42004 5.34448</i>
                        <i>1 0 0 0 1 0 0 0 1 2.96155 5.42059 5.34448</i>
                        <i>1 0 0 0 1 0 0 0 1 2.96155 5.42112 5.34448</i>
                        <i>1 0 0 0 1 0 0 0 1 2.96155 5.42163 5.34448</i>
                        <i>1 0 0 0 1 0 0 0 1 2.96155 5.42211 5.34448</i>
                        <i>1 0 0 0 1 0 0 0 1 2.96155 5.42256 5.34448</i>
                        <i>1 0 0 0 1 0 0 0 1 2.96155 5.42211 5.34448</i>
                        <i>1 0 0 0 1 0 0 0 1 2.96155 5.42163 5.34448</i>
                        <i>1 0 0 0 1 0 0 0 1 2.96155 5.42112 5.34448</i>
                        <i>1 0 0 0 1 0 0 0 1 2.96155 5.42059 5.34448</i>
                        <i>1 0 0 0 1 0 0 0 1 2.96155 5.42004 5.34448</i>
                        <i>1 0 0 0 1 0 0 0 1 2.96155 5.41947 5.34448</i>
                        <i>1 0 0 0 1 0 0 0 1 2.96155 5.4189 5.34448</i>
                        <i>1 0 0 0 1 0 0 0 1 2.96155 5.41832 5.34448</i>
                        <i>1 0 0 0 1 0 0 0 1 2.96155 5.41774 5.34448</i>
                        <i>1 0 0 0 1 0 0 0 1 2.96155 5.41717 5.34448</i>
                        <i>1 0 0 0 1 0 0 0 1 2.96155 5.41661 5.34448</i>
                        <i>1 0 0 0 1 0 0 0 1 2.96155 5.41606 5.34448</i>
                        <i>1 0 0 0 1 0 0 0 1 2.96155 5.41552 5.34448</i>
                        <i>1 0 0 0 1 0 0 0 1 2.96155 5.41501 5.34448</i>
                        <i>1 0 0 0 1 0 0 0 1 2.96155 5.41453 5.34448</i>
                        <i>1 0 0 0 1 0 0 0 1 2.96155 5.41408 5.34448</i>
                        <i>1 0 0 0 1 0 0 0 1 2.96155 5.41366 5.34448</i>
                        <i>1 0 0 0 1 0 0 0 1 2.96155 5.41329 5.34448</i>
                        <i>1 0 0 0 1 0 0 0 1 2.96155 5.41296 5.34448</i>
                        <i>1 0 0 0 1 0 0 0 1 2.96155 5.41268 5.34448</i>
                        <i>1 0 0 0 1 0 0 0 1 2.96155 5.41246 5.34448</i>
                        <i>1 0 0 0 1 0 0 0 1 2.96155 5.41229 5.34448</i>
                        <i>1 0 0 0 1 0 0 0 1 2.96155 5.41219 5.34448</i>
                        <i>1 0 0 0 1 0 0 0 1 2.96155 5.41215 5.34448</i>
                        <i>1 0 0 0 1 0 0 0 1 2.96155 5.41219 5.34448</i>
                        <i>1 0 0 0 1 0 0 0 1 2.96155 5.41229 5.34448</i>
                        <i>1 0 0 0 1 0 0 0 1 2.96155 5.41246 5.34448</i>
                        <i>1 0 0 0 1 0 0 0 1 2.96155 5.41268 5.34448</i>
                        <i>1 0 0 0 1 0 0 0 1 2.96155 5.41296 5.34448</i>
                    </KeyFrames>
                </p>
            </i>
            <i>
                <p>
                    <Name>
                        <![CDATA[spine0]]>
</Name>
                    <Exclude>0</Exclude>
                    <Additive>0</Additive>
                    <IKPriority>0</IKPriority>
                    <IKRotLimits>-1e+010 -1e+010 -1e+010 1e+010 1e+010 1e+010</IKRotLimits>
                    <IKRotLimitOrder>0</IKRotLimitOrder>
                    <KeyFrames count="49">
                        <i>-0.00154582 0.999975 0.00692969 -0.911506 0.00144109 -0.411285 -0.411284 -0.00695222 0.911481 2.98125 5.54862 5.30082</i>
                        <i>-0.00193735 0.999969 0.00763266 -0.911506 0.00137333 -0.411285 -0.411283 -0.00775402 0.911475 2.98125 5.54894 5.30082</i>
                        <i>-0.00230559 0.999963 0.00829378 -0.911506 0.00130959 -0.411285 -0.411281 -0.00850808 0.911469 2.98125 5.54932 5.30082</i>
                        <i>-0.0026371 0.999957 0.00888891 -0.911506 0.0012522 -0.411285 -0.411278 -0.00918689 0.911463 2.98125 5.54973 5.30082</i>
                        <i>-0.00291839 0.999952 0.00939388 -0.911506 0.00120349 -0.411285 -0.411276 -0.00976287 0.911458 2.98125 5.55018 5.30082</i>
                        <i>-0.003136 0.999947 0.00978451 -0.911506 0.0011658 -0.411285 -0.411275 -0.0102084 0.911454 2.98125 5.55067 5.30082</i>
                        <i>-0.00327644 0.999944 0.0100366 -0.911506 0.00114148 -0.411285 -0.411274 -0.010496 0.911452 2.98125 5.55118 5.30082</i>
                        <i>-0.00332625 0.999943 0.010126 -0.911506 0.00113285 -0.411285 -0.411273 -0.010598 0.911451 2.98125 5.55171 5.30082</i>
                        <i>-0.00327797 0.999944 0.0100394 -0.911506 0.00114121 -0.411285 -0.411274 -0.0104991 0.911452 2.98125 5.55226 5.30082</i>
                        <i>-0.00314157 0.999947 0.00979451 -0.911506 0.00116484 -0.411285 -0.411275 -0.0102198 0.911454 2.98125 5.55282 5.30082</i>
                        <i>-0.00292966 0.999951 0.00941411 -0.911506 0.00120154 -0.411285 -0.411276 -0.00978594 0.911458 2.98125 5.5534 5.30082</i>
                        <i>-0.0026549 0.999957 0.00892087 -0.911506 0.00124911 -0.411285 -0.411278 -0.00922334 0.911463 2.98125 5.55398 5.30082</i>
                        <i>-0.00232992 0.999963 0.00833745 -0.911506 0.00130538 -0.411285 -0.41128 -0.0085579 0.911469 2.98125 5.55455 5.30082</i>
                        <i>-0.00196737 0.999969 0.00768655 -0.911506 0.00136814 -0.411285 -0.411282 -0.00781548 0.911474 2.98125 5.55513 5.30082</i>
                        <i>-0.00157984 0.999974 0.00699078 -0.911506 0.0014352 -0.411285 -0.411284 -0.0070219 0.91148 2.98125 5.55569 5.30082</i>
                        <i>-0.00117994 0.99998 0.00627276 -0.911506 0.0015044 -0.411285 -0.411286 -0.00620295 0.911485 2.98125 5.55624 5.30082</i>
                        <i>-0.000780239 0.999984 0.00555505 -0.911506 0.00157354 -0.411285 -0.411287 -0.00538436 0.91149 2.98125 5.55677 5.30082</i>
                        <i>-0.000393276 0.999988 0.00486019 -0.911505 0.00164047 -0.411285 -0.411288 -0.00459183 0.911494 2.98125 5.55728 5.30082</i>
                        <i>-3.15761e-005 0.999991 0.00421066 -0.911505 0.00170301 -0.411285 -0.411288 -0.00385102 0.911497 2.98125 5.55777 5.30082</i>
                        <i>0.000292363 0.999993 0.00362891 -0.911505 0.00175902 -0.411285 -0.411288 -0.00318753 0.9115 2.98125 5.55822 5.30082</i>
                        <i>0.000573234 0.999995 0.00312449 -0.911505 0.00180757 -0.411285 -0.411288 -0.00261223 0.911502 2.98125 5.55777 5.30082</i>
                        <i>0.000886617 0.999996 0.00256167 -0.911505 0.00186174 -0.411285 -0.411288 -0.00197032 0.911503 2.98125 5.55728 5.30082</i>
                        <i>0.00122161 0.999997 0.00196001 -0.911505 0.00191963 -0.411285 -0.411287 -0.00128413 0.911505 2.98125 5.55677 5.30082</i>
                        <i>0.00156733 0.999998 0.00133904 -0.911505 0.00197937 -0.411284 -0.411286 -0.000575924 0.911506 2.98125 5.55624 5.30082</i>
                        <i>0.00191293 0.999998 0.00071829 -0.911505 0.00203907 -0.411284 -0.411285 0.000132033 0.911507 2.98125 5.55569 5.30082</i>
                        <i>0.00224754 0.999997 0.000117249 -0.911505 0.00209687 -0.411284 -0.411284 0.000817505 0.911507 2.98125 5.55513 5.30082</i>
                        <i>0.00256033 0.999997 -0.000444626 -0.911505 0.00215089 -0.411284 -0.411282 0.0014583 0.911507 2.98125 5.55455 5.30082</i>
                        <i>0.00284049 0.999996 -0.000947903 -0.911504 0.00219927 -0.411284 -0.41128 0.00203227 0.911507 2.98125 5.55398 5.30082</i>
                        <i>0.00307721 0.999994 -0.00137314 -0.911504 0.00224015 -0.411284 -0.411279 0.00251723 0.911506 2.98125 5.5534 5.30082</i>
                        <i>0.00325967 0.999993 -0.00170094 -0.911504 0.00227165 -0.411284 -0.411278 0.00289106 0.911506 2.98125 5.55282 5.30082</i>
                        <i>0.00337708 0.999992 -0.00191186 -0.911504 0.00229192 -0.411284 -0.411277 0.00313161 0.911505 2.98125 5.55226 5.30082</i>
                        <i>0.00341862 0.999992 -0.00198648 -0.911504 0.00229909 -0.411284 -0.411276 0.00321671 0.911505 2.98125 5.55171 5.30082</i>
                        <i>0.0033786 0.999992 -0.00191458 -0.911504 0.00229218 -0.411284 -0.411277 0.00313471 0.911505 2.98125 5.55118 5.30082</i>
                        <i>0.00326519 0.999993 -0.00171086 -0.911504 0.00227261 -0.411284 -0.411278 0.00290238 0.911506 2.98125 5.55067 5.30082</i>
                        <i>0.00308839 0.999994 -0.00139324 -0.911504 0.00224208 -0.411284 -0.411279 0.00254015 0.911506 2.98125 5.55018 5.30082</i>
                        <i>0.00285818 0.999995 -0.000979677 -0.911504 0.00220233 -0.411284 -0.41128 0.0020685 0.911507 2.98125 5.54973 5.30082</i>
                        <i>0.00258452 0.999997 -0.000488075 -0.911505 0.00215507 -0.411284 -0.411282 0.00150785 0.911507 2.98125 5.54932 5.30082</i>
                        <i>0.0022774 0.999997 6.36005e-005 -0.911505 0.00210203 -0.411284 -0.411283 0.000878689 0.911507 2.98125 5.54894 5.30082</i>
                        <i>0.00194681 0.999998 0.000657429 -0.911505 0.00204492 -0.411284 -0.411285 0.000201445 0.911507 2.98125 5.54862 5.30082</i>
                        <i>0.00160276 0.999998 0.00127542 -0.911505 0.00198549 -0.411284 -0.411286 -0.00050336 0.911506 2.98125 5.54834 5.30082</i>
                        <i>0.00125524 0.999997 0.00189959 -0.911505 0.00192544 -0.411285 -0.411287 -0.00121523 0.911505 2.98125 5.54811 5.30082</i>
                        <i>0.000914309 0.999996 0.00251193 -0.911505 0.00186652 -0.411285 -0.411288 -0.0019136 0.911504 2.98125 5.54794 5.30082</i>
                        <i>0.000589997 0.999995 0.00309439 -0.911505 0.00181047 -0.411285 -0.411288 -0.00257789 0.911502 2.98125 5.54784 5.30082</i>
                        <i>0.000292363 0.999993 0.00362891 -0.911505 0.00175902 -0.411285 -0.411288 -0.00318753 0.9115 2.98125 5.54781 5.30082</i>
                        <i>-1.48035e-005 0.999991 0.00418054 -0.911505 0.00170591 -0.411285 -0.411288 -0.00381667 0.911497 2.98125 5.54784 5.30082</i>
                        <i>-0.000365539 0.999988 0.00481038 -0.911505 0.00164526 -0.411285 -0.411288 -0.00453502 0.911494 2.98125 5.54794 5.30082</i>
                        <i>-0.000746526 0.999985 0.00549451 -0.911506 0.00157937 -0.411285 -0.411287 -0.00531531 0.91149 2.98125 5.54811 5.30082</i>
                        <i>-0.00114441 0.99998 0.00620895 -0.911506 0.00151054 -0.411285 -0.411286 -0.00613017 0.911486 2.98125 5.54834 5.30082</i>
                        <i>-0.00154582 0.999975 0.00692969 -0.911506 0.00144109 -0.411285 -0.411284 -0.00695222 0.911481 2.98125 5.54862 5.30082</i>
                    </KeyFrames>
                </p>
            </i>
            <i>
                <p>
                    <Name>
                        <![CDATA[spine1]]>
</Name>
                    <Exclude>0</Exclude>
                    <Additive>0</Additive>
                    <IKPriority>0</IKPriority>
                    <IKRotLimits>-1e+010 -1e+010 -1e+010 1e+010 1e+010 1e+010</IKRotLimits>
                    <IKRotLimitOrder>0</IKRotLimitOrder>
                    <KeyFrames count="49">
                        <i>-0.0791556 0.987777 0.134279 -0.854721 0.00207146 -0.519084 -0.513018 -0.155859 0.84411 2.98099 5.72041 5.30201</i>
                        <i>-0.0806753 0.987315 0.136751 -0.854716 0.00205799 -0.519091 -0.512788 -0.158761 0.843708 2.98092 5.72075 5.30213</i>
                        <i>-0.0821035 0.986872 0.139074 -0.854712 0.0020453 -0.519098 -0.512568 -0.161488 0.843324 2.98086 5.72114 5.30225</i>
                        <i>-0.0833884 0.986468 0.141164 -0.854708 0.00203386 -0.519105 -0.512367 -0.163942 0.842973 2.9808 5.72156 5.30235</i>
                        <i>-0.0844779 0.98612 0.142936 -0.854705 0.00202413 -0.51911 -0.512194 -0.166022 0.842671 2.98075 5.72202 5.30243</i>
                        <i>-0.0853203 0.985848 0.144307 -0.854703 0.0020166 -0.519114 -0.512058 -0.16763 0.842435 2.98072 5.72251 5.3025</i>
                        <i>-0.0858638 0.985671 0.145191 -0.854701 0.00201173 -0.519117 -0.51197 -0.168668 0.842281 2.98069 5.72302 5.30255</i>
                        <i>-0.0860565 0.985608 0.145504 -0.854701 0.00201001 -0.519118 -0.511939 -0.169036 0.842227 2.98068 5.72355 5.30256</i>
                        <i>-0.0858698 0.985669 0.1452 -0.854701 0.00201168 -0.519117 -0.511969 -0.168679 0.842279 2.98069 5.7241 5.30255</i>
                        <i>-0.0853419 0.985841 0.144342 -0.854703 0.00201641 -0.519114 -0.512055 -0.167671 0.842429 2.98071 5.72466 5.3025</i>
                        <i>-0.0845215 0.986106 0.143007 -0.854705 0.00202374 -0.51911 -0.512187 -0.166105 0.842659 2.98075 5.72523 5.30244</i>
                        <i>-0.0834573 0.986446 0.141277 -0.854708 0.00203324 -0.519105 -0.512356 -0.164073 0.842954 2.9808 5.7258 5.30235</i>
                        <i>-0.0821978 0.986843 0.139228 -0.854712 0.00204446 -0.519099 -0.512554 -0.161669 0.843298 2.98085 5.72637 5.30225</i>
                        <i>-0.0807918 0.987279 0.136941 -0.854716 0.00205696 -0.519092 -0.51277 -0.158984 0.843677 2.98092 5.72693 5.30214</i>
                        <i>-0.0792877 0.987737 0.134494 -0.85472 0.00207029 -0.519085 -0.512998 -0.156112 0.844075 2.98098 5.72749 5.30202</i>
                        <i>-0.0777345 0.988201 0.131967 -0.854725 0.00208403 -0.519077 -0.513228 -0.153146 0.844478 2.98105 5.72803 5.3019</i>
                        <i>-0.0761808 0.988657 0.129439 -0.854729 0.00209774 -0.51907 -0.513453 -0.150179 0.844874 2.98112 5.72855 5.30177</i>
                        <i>-0.0746755 0.989089 0.12699 -0.854734 0.00211099 -0.519063 -0.513667 -0.147304 0.84525 2.98119 5.72905 5.30166</i>
                        <i>-0.0732676 0.989486 0.124699 -0.854738 0.00212336 -0.519056 -0.513863 -0.144615 0.845595 2.98125 5.72953 5.30154</i>
                        <i>-0.0720058 0.989835 0.122645 -0.854741 0.00213442 -0.51905 -0.514036 -0.142205 0.845899 2.9813 5.72997 5.30144</i>
                        <i>-0.0709112 0.990133 0.120864 -0.854744 0.002144 -0.519045 -0.514182 -0.140114 0.846159 2.98135 5.72951 5.30136</i>
                        <i>-0.0696892 0.990461 0.118875 -0.854748 0.00215468 -0.519039 -0.514344 -0.13778 0.846444 2.98141 5.72902 5.30126</i>
                        <i>-0.0683823 0.990805 0.116748 -0.854752 0.00216608 -0.519033 -0.514513 -0.135283 0.846744 2.98146 5.7285 5.30116</i>
                        <i>-0.0670326 0.991153 0.114551 -0.854755 0.00217784 -0.519026 -0.514684 -0.132705 0.847048 2.98152 5.72796 5.30105</i>
                        <i>-0.0656827 0.991495 0.112354 -0.854759 0.00218958 -0.51902 -0.514852 -0.130126 0.847346 2.98158 5.7274 5.30094</i>
                        <i>-0.064375 0.99182 0.110225 -0.854763 0.00220094 -0.519014 -0.515011 -0.127628 0.847629 2.98164 5.72683 5.30084</i>
                        <i>-0.0631519 0.992118 0.108234 -0.854766 0.00221155 -0.519008 -0.515156 -0.125291 0.847889 2.98169 5.72625 5.30075</i>
                        <i>-0.0620559 0.99238 0.106449 -0.85477 0.00222104 -0.519003 -0.515284 -0.123197 0.848118 2.98174 5.72567 5.30066</i>
                        <i>-0.0611295 0.992598 0.104941 -0.854772 0.00222906 -0.518999 -0.515391 -0.121427 0.848309 2.98178 5.72508 5.30059</i>
                        <i>-0.0604151 0.992764 0.103778 -0.854774 0.00223523 -0.518995 -0.515472 -0.120062 0.848454 2.98181 5.7245 5.30053</i>
                        <i>-0.0599553 0.99287 0.103029 -0.854775 0.00223921 -0.518993 -0.515523 -0.119183 0.848546 2.98183 5.72394 5.30049</i>
                        <i>-0.0597927 0.992907 0.102765 -0.854776 0.00224061 -0.518992 -0.515541 -0.118873 0.848579 2.98184 5.72339 5.30048</i>
                        <i>-0.0599494 0.992871 0.10302 -0.854775 0.00223926 -0.518993 -0.515524 -0.119172 0.848548 2.98183 5.72285 5.30049</i>
                        <i>-0.0603935 0.992769 0.103743 -0.854774 0.00223542 -0.518995 -0.515474 -0.120021 0.848458 2.98181 5.72235 5.30053</i>
                        <i>-0.0610857 0.992608 0.10487 -0.854772 0.00222944 -0.518998 -0.515396 -0.121343 0.848318 2.98178 5.72187 5.30058</i>
                        <i>-0.0619867 0.992396 0.106337 -0.85477 0.00222164 -0.519003 -0.515292 -0.123065 0.848132 2.98174 5.72142 5.30065</i>
                        <i>-0.0630573 0.99214 0.10808 -0.854767 0.00221237 -0.519008 -0.515168 -0.12511 0.847909 2.9817 5.72101 5.30074</i>
                        <i>-0.0642583 0.991848 0.110035 -0.854763 0.00220195 -0.519013 -0.515025 -0.127405 0.847654 2.98164 5.72065 5.30083</i>
                        <i>-0.0655504 0.991528 0.112138 -0.85476 0.00219073 -0.519019 -0.514868 -0.129873 0.847375 2.98159 5.72033 5.30093</i>
                        <i>-0.0668943 0.991189 0.114326 -0.854756 0.00217905 -0.519026 -0.514701 -0.132441 0.847078 2.98153 5.72006 5.30104</i>
                        <i>-0.068251 0.990839 0.116534 -0.854752 0.00216723 -0.519032 -0.51453 -0.135032 0.846774 2.98147 5.71984 5.30115</i>
                        <i>-0.0695812 0.990489 0.118699 -0.854748 0.00215562 -0.519038 -0.514358 -0.137573 0.846469 2.98141 5.71968 5.30125</i>
                        <i>-0.0708458 0.990151 0.120758 -0.854745 0.00214457 -0.519044 -0.514191 -0.139989 0.846174 2.98136 5.71959 5.30135</i>
                        <i>-0.0720058 0.989835 0.122645 -0.854741 0.00213442 -0.51905 -0.514036 -0.142205 0.845899 2.9813 5.71956 5.30144</i>
                        <i>-0.0732022 0.989504 0.124592 -0.854738 0.00212393 -0.519056 -0.513872 -0.14449 0.845611 2.98125 5.7196 5.30154</i>
                        <i>-0.0745676 0.98912 0.126814 -0.854734 0.00211194 -0.519062 -0.513682 -0.147098 0.845277 2.98119 5.71971 5.30165</i>
                        <i>-0.0760497 0.988695 0.129226 -0.85473 0.00209889 -0.519069 -0.513472 -0.149928 0.844907 2.98113 5.71989 5.30176</i>
                        <i>-0.0775964 0.988242 0.131742 -0.854725 0.00208525 -0.519077 -0.513248 -0.152882 0.844514 2.98106 5.72012 5.30189</i>
                        <i>-0.0791556 0.987777 0.134279 -0.854721 0.00207146 -0.519084 -0.513018 -0.155859 0.84411 2.98099 5.72041 5.30201</i>
                    </KeyFrames>
                </p>
            </i>
            <i>
                <p>
                    <Name>
                        <![CDATA[spine2]]>
</Name>
                    <Exclude>0</Exclude>
                    <Additive>0</Additive>
                    <IKPriority>0</IKPriority>
                    <IKRotLimits>-1e+010 -1e+010 -1e+010 1e+010 1e+010 1e+010</IKRotLimits>
                    <IKRotLimitOrder>0</IKRotLimitOrder>
                    <KeyFrames count="49">
                        <i>-0.190572 0.939451 0.284807 -0.786419 0.0275469 -0.617079 -0.587561 -0.341575 0.733552 2.96835 5.87664 5.3232</i>
                        <i>-0.192581 0.938098 0.287897 -0.786454 0.0279096 -0.617018 -0.586859 -0.345244 0.732396 2.96804 5.87691 5.32371</i>
                        <i>-0.194467 0.936813 0.290798 -0.786487 0.0282503 -0.616961 -0.586192 -0.348687 0.731297 2.96775 5.87723 5.3242</i>
                        <i>-0.196162 0.935647 0.293404 -0.786517 0.0285566 -0.616908 -0.585587 -0.351781 0.7303 2.96749 5.8776 5.32463</i>
                        <i>-0.197597 0.934649 0.295611 -0.786543 0.0288162 -0.616863 -0.585069 -0.354402 0.729447 2.96727 5.87801 5.325</i>
                        <i>-0.198707 0.933873 0.297317 -0.786563 0.0290169 -0.616828 -0.584666 -0.356426 0.728784 2.9671 5.87846 5.32528</i>
                        <i>-0.199422 0.93337 0.298416 -0.786576 0.0291463 -0.616805 -0.584405 -0.357731 0.728354 2.96699 5.87894 5.32547</i>
                        <i>-0.199675 0.933191 0.298806 -0.786581 0.0291922 -0.616797 -0.584312 -0.358194 0.728201 2.96695 5.87947 5.32553</i>
                        <i>-0.199429 0.933364 0.298428 -0.786576 0.0291477 -0.616805 -0.584402 -0.357745 0.728349 2.96699 5.88003 5.32547</i>
                        <i>-0.198735 0.933853 0.29736 -0.786563 0.029022 -0.616827 -0.584656 -0.356478 0.728767 2.96709 5.88061 5.32529</i>
                        <i>-0.197655 0.934609 0.2957 -0.786544 0.0288266 -0.616862 -0.585048 -0.354506 0.729413 2.96726 5.88122 5.32501</i>
                        <i>-0.196253 0.935584 0.293544 -0.786518 0.0285731 -0.616905 -0.585554 -0.351947 0.730246 2.96748 5.88184 5.32465</i>
                        <i>-0.194591 0.936728 0.290989 -0.786489 0.0282728 -0.616957 -0.586148 -0.348914 0.731225 2.96773 5.88246 5.32423</i>
                        <i>-0.192735 0.937994 0.288134 -0.786456 0.0279374 -0.617014 -0.586805 -0.345525 0.732307 2.96802 5.88309 5.32375</i>
                        <i>-0.190746 0.939334 0.285075 -0.786422 0.0275784 -0.617073 -0.5875 -0.341894 0.733452 2.96832 5.88371 5.32325</i>
                        <i>-0.18869 0.940703 0.281912 -0.786387 0.0272075 -0.617134 -0.58821 -0.338139 0.734623 2.96864 5.88431 5.32272</i>
                        <i>-0.186631 0.942057 0.278744 -0.786353 0.0268362 -0.617194 -0.588912 -0.334378 0.735781 2.96895 5.8849 5.3222</i>
                        <i>-0.184633 0.943354 0.27567 -0.786321 0.0264763 -0.617251 -0.589585 -0.33073 0.73689 2.96926 5.88546 5.32169</i>
                        <i>-0.182762 0.944555 0.27279 -0.786291 0.0261395 -0.617304 -0.590207 -0.327312 0.737917 2.96954 5.88599 5.32121</i>
                        <i>-0.181084 0.94562 0.270207 -0.786264 0.0258374 -0.61735 -0.59076 -0.324246 0.738828 2.9698 5.88648 5.32079</i>
                        <i>-0.179627 0.946536 0.267964 -0.786242 0.0255753 -0.61739 -0.591234 -0.321584 0.739612 2.97002 5.88607 5.32042</i>
                        <i>-0.177998 0.947549 0.265456 -0.786217 0.0252826 -0.617433 -0.59176 -0.318608 0.740479 2.97027 5.88562 5.32001</i>
                        <i>-0.176255 0.948623 0.262772 -0.786191 0.0249693 -0.617479 -0.592316 -0.315423 0.741397 2.97053 5.88516 5.31957</i>
                        <i>-0.174453 0.94972 0.259997 -0.786164 0.0246456 -0.617526 -0.592885 -0.312129 0.742336 2.97081 5.88466 5.31911</i>
                        <i>-0.172648 0.950806 0.257218 -0.786138 0.0243218 -0.617572 -0.593447 -0.308831 0.743265 2.97108 5.88415 5.31866</i>
                        <i>-0.170898 0.951847 0.254522 -0.786113 0.0240079 -0.617616 -0.593987 -0.305633 0.744156 2.97135 5.88363 5.31821</i>
                        <i>-0.16926 0.95281 0.251999 -0.78609 0.0237141 -0.617657 -0.594486 -0.302639 0.744981 2.97159 5.88309 5.3178</i>
                        <i>-0.167791 0.953666 0.249735 -0.78607 0.0234508 -0.617692 -0.594929 -0.299953 0.745713 2.97181 5.88254 5.31743</i>
                        <i>-0.166548 0.954383 0.24782 -0.786053 0.0232282 -0.617722 -0.5953 -0.29768 0.746327 2.972 5.88199 5.31712</i>
                        <i>-0.165589 0.954932 0.246343 -0.78604 0.0230564 -0.617745 -0.595585 -0.295927 0.746797 2.97215 5.88143 5.31688</i>
                        <i>-0.164972 0.955284 0.245391 -0.786032 0.0229459 -0.61776 -0.595767 -0.294798 0.747098 2.97224 5.88088 5.31673</i>
                        <i>-0.164753 0.955408 0.245054 -0.786029 0.0229068 -0.617765 -0.595831 -0.294399 0.747205 2.97227 5.88034 5.31667</i>
                        <i>-0.164964 0.955289 0.245379 -0.786032 0.0229444 -0.61776 -0.595769 -0.294784 0.747102 2.97224 5.8798 5.31672</i>
                        <i>-0.16556 0.954949 0.246298 -0.78604 0.0230512 -0.617746 -0.595593 -0.295874 0.746812 2.97215 5.87928 5.31687</i>
                        <i>-0.166489 0.954417 0.24773 -0.786052 0.0232176 -0.617724 -0.595318 -0.297573 0.746356 2.97201 5.87878 5.31711</i>
                        <i>-0.167698 0.95372 0.249592 -0.786069 0.0234342 -0.617695 -0.594957 -0.299783 0.745759 2.97183 5.8783 5.31741</i>
                        <i>-0.169133 0.952885 0.251804 -0.786088 0.0236914 -0.61766 -0.594524 -0.302407 0.745044 2.97161 5.87786 5.31777</i>
                        <i>-0.170742 0.951939 0.254282 -0.786111 0.0239798 -0.61762 -0.594034 -0.305347 0.744235 2.97137 5.87745 5.31818</i>
                        <i>-0.172471 0.950912 0.256945 -0.786135 0.02429 -0.617577 -0.593502 -0.308508 0.743356 2.97111 5.87708 5.31861</i>
                        <i>-0.174268 0.949832 0.259712 -0.786161 0.0246125 -0.617531 -0.592943 -0.311791 0.742432 2.97084 5.87676 5.31906</i>
                        <i>-0.17608 0.94873 0.262502 -0.786188 0.0249378 -0.617484 -0.592372 -0.315102 0.741489 2.97056 5.8765 5.31952</i>
                        <i>-0.177854 0.947638 0.265235 -0.786215 0.0252567 -0.617437 -0.591806 -0.318345 0.740555 2.97029 5.87629 5.31997</i>
                        <i>-0.17954 0.94659 0.26783 -0.78624 0.0255597 -0.617392 -0.591263 -0.321425 0.739658 2.97003 5.87615 5.3204</i>
                        <i>-0.181084 0.94562 0.270207 -0.786264 0.0258374 -0.61735 -0.59076 -0.324246 0.738828 2.9698 5.87607 5.32079</i>
                        <i>-0.182675 0.94461 0.272657 -0.786289 0.0261238 -0.617306 -0.590236 -0.327154 0.737965 2.96956 5.87607 5.32119</i>
                        <i>-0.18449 0.943447 0.275449 -0.786318 0.0264505 -0.617255 -0.589633 -0.330468 0.73697 2.96928 5.87613 5.32165</i>
                        <i>-0.186457 0.94217 0.278476 -0.78635 0.0268049 -0.617199 -0.588971 -0.334061 0.735878 2.96898 5.87624 5.32215</i>
                        <i>-0.188507 0.940824 0.281631 -0.786384 0.0271745 -0.61714 -0.588273 -0.337805 0.734726 2.96867 5.87641 5.32267</i>
                        <i>-0.190572 0.939451 0.284807 -0.786419 0.0275469 -0.617079 -0.587561 -0.341575 0.733552 2.96835 5.87664 5.3232</i>
                    </KeyFrames>
                </p>
            </i>
            <i>
                <p>
                    <Name>
                        <![CDATA[head]]>
</Name>
                    <Exclude>0</Exclude>
                    <Additive>0</Additive>
                    <IKPriority>0</IKPriority>
                    <IKRotLimits>-1e+010 -1e+010 -1e+010 1e+010 1e+010 1e+010</IKRotLimits>
                    <IKRotLimitOrder>0</IKRotLimitOrder>
                    <KeyFrames count="49">
                        <i>-0.0693502 0.990054 0.122409 0.297447 0.137644 -0.944764 -0.952217 -0.0291095 -0.304034 2.92399 6.12184 5.38968</i>
                        <i>-0.071434 0.989514 0.125539 0.297196 0.141259 -0.944309 -0.952141 -0.0301461 -0.30417 2.92316 6.12181 5.39098</i>
                        <i>-0.073392 0.988993 0.12848 0.296954 0.144655 -0.943871 -0.952067 -0.0311199 -0.304302 2.92238 6.12183 5.39221</i>
                        <i>-0.0751532 0.988513 0.131125 0.296731 0.147709 -0.943468 -0.951999 -0.0319957 -0.304424 2.92168 6.12193 5.39331</i>
                        <i>-0.0766464 0.988098 0.133368 0.296538 0.150299 -0.94312 -0.95194 -0.0327382 -0.304529 2.92108 6.12211 5.39424</i>
                        <i>-0.0778008 0.987773 0.135101 0.296386 0.152301 -0.942847 -0.951894 -0.0333121 -0.304611 2.92062 6.12238 5.39496</i>
                        <i>-0.0785455 0.98756 0.136219 0.296287 0.153592 -0.942668 -0.951864 -0.0336823 -0.304665 2.92033 6.12275 5.39543</i>
                        <i>-0.0788095 0.987484 0.136616 0.296252 0.15405 -0.942605 -0.951853 -0.0338135 -0.304684 2.92022 6.12324 5.39559</i>
                        <i>-0.0785536 0.987558 0.136232 0.296286 0.153606 -0.942666 -0.951863 -0.0336863 -0.304666 2.92033 6.12384 5.39543</i>
                        <i>-0.0778303 0.987764 0.135146 0.296382 0.152352 -0.94284 -0.951893 -0.0333268 -0.304613 2.92061 6.12453 5.39498</i>
                        <i>-0.0767062 0.988082 0.133457 0.29653 0.150403 -0.943106 -0.951938 -0.0327679 -0.304533 2.92106 6.12531 5.39428</i>
                        <i>-0.0752477 0.988487 0.131267 0.296719 0.147873 -0.943446 -0.951995 -0.0320427 -0.30443 2.92164 6.12615 5.39337</i>
                        <i>-0.0735213 0.988958 0.128674 0.296938 0.144879 -0.943842 -0.952062 -0.0311842 -0.304311 2.92233 6.12704 5.39229</i>
                        <i>-0.0715937 0.989472 0.125779 0.297177 0.141536 -0.944274 -0.952135 -0.0302255 -0.304181 2.92309 6.12796 5.39108</i>
                        <i>-0.0695313 0.990008 0.122681 0.297425 0.137959 -0.944725 -0.95221 -0.0291997 -0.304046 2.92391 6.12889 5.38979</i>
                        <i>-0.0674011 0.990546 0.11948 0.297674 0.134263 -0.945179 -0.952285 -0.0281399 -0.30391 2.92476 6.12981 5.38846</i>
                        <i>-0.0652699 0.99107 0.116278 0.297916 0.130566 -0.945621 -0.952358 -0.0270794 -0.303778 2.92561 6.1307 5.38712</i>
                        <i>-0.0632048 0.991563 0.113175 0.298143 0.126983 -0.946037 -0.952426 -0.0260517 -0.303653 2.92643 6.13156 5.38583</i>
                        <i>-0.0612728 0.992011 0.110271 0.298349 0.123631 -0.946416 -0.952488 -0.0250901 -0.303541 2.9272 6.13236 5.38462</i>
                        <i>-0.0595412 0.992402 0.107669 0.298528 0.120627 -0.946747 -0.952542 -0.0242282 -0.303443 2.92789 6.1331 5.38353</i>
                        <i>-0.0580388 0.992734 0.105411 0.29868 0.118019 -0.947028 -0.952587 -0.0234803 -0.30336 2.92849 6.13289 5.38259</i>
                        <i>-0.0563615 0.993095 0.102889 0.298845 0.115109 -0.947334 -0.952636 -0.0226452 -0.303269 2.92916 6.13268 5.38154</i>
                        <i>-0.0545672 0.993471 0.100192 0.299016 0.111995 -0.947653 -0.952686 -0.0217517 -0.303175 2.92988 6.13245 5.38041</i>
                        <i>-0.0527141 0.993848 0.097406 0.299188 0.108779 -0.947974 -0.952737 -0.0208289 -0.303081 2.93062 6.13221 5.37925</i>
                        <i>-0.0508605 0.994214 0.0946189 0.299353 0.105562 -0.948285 -0.952786 -0.0199057 -0.30299 2.93136 6.13194 5.37809</i>
                        <i>-0.0490645 0.994557 0.0919183 0.299508 0.102444 -0.948578 -0.952831 -0.0190112 -0.302905 2.93207 6.13165 5.37696</i>
                        <i>-0.0473846 0.994869 0.089392 0.299649 0.0995285 -0.948844 -0.952872 -0.0181744 -0.302827 2.93274 6.13133 5.3759</i>
                        <i>-0.045879 0.99514 0.0871279 0.29977 0.0969151 -0.949076 -0.952908 -0.0174244 -0.30276 2.93334 6.13098 5.37496</i>
                        <i>-0.0446064 0.995364 0.0852138 0.29987 0.0947059 -0.949267 -0.952937 -0.0167903 -0.302705 2.93385 6.13059 5.37416</i>
                        <i>-0.043625 0.995532 0.0837377 0.299946 0.0930022 -0.949412 -0.952958 -0.0163013 -0.302663 2.93425 6.13016 5.37354</i>
                        <i>-0.0429933 0.995639 0.0827876 0.299993 0.0919056 -0.949504 -0.952972 -0.0159866 -0.302637 2.9345 6.12968 5.37314</i>
                        <i>-0.0427698 0.995677 0.0824514 0.30001 0.0915176 -0.949536 -0.952977 -0.0158752 -0.302627 2.93459 6.12917 5.373</i>
                        <i>-0.0429852 0.995641 0.0827754 0.299994 0.0918915 -0.949505 -0.952972 -0.0159825 -0.302636 2.9345 6.1286 5.37314</i>
                        <i>-0.0435953 0.995538 0.083693 0.299948 0.0929506 -0.949416 -0.952959 -0.0162865 -0.302662 2.93426 6.128 5.37352</i>
                        <i>-0.0445462 0.995374 0.0851233 0.299875 0.0946014 -0.949276 -0.952938 -0.0167603 -0.302702 2.93388 6.12738 5.37412</i>
                        <i>-0.045784 0.995157 0.0869849 0.299778 0.0967501 -0.94909 -0.95291 -0.017377 -0.302756 2.93338 6.12675 5.3749</i>
                        <i>-0.0472546 0.994893 0.0891966 0.299659 0.0993029 -0.948864 -0.952875 -0.0181096 -0.302821 2.9328 6.12612 5.37582</i>
                        <i>-0.0489041 0.994587 0.0916772 0.299522 0.102166 -0.948604 -0.952835 -0.0189313 -0.302897 2.93214 6.1255 5.37686</i>
                        <i>-0.0506786 0.994249 0.0943455 0.299369 0.105246 -0.948315 -0.95279 -0.0198152 -0.302981 2.93143 6.1249 5.37797</i>
                        <i>-0.0525242 0.993886 0.0971204 0.299205 0.108449 -0.948006 -0.952742 -0.0207343 -0.303072 2.93069 6.12433 5.37913</i>
                        <i>-0.054387 0.993508 0.099921 0.299033 0.111682 -0.947685 -0.952692 -0.021662 -0.303166 2.92995 6.12382 5.3803</i>
                        <i>-0.0562132 0.993126 0.102666 0.298859 0.114851 -0.947361 -0.95264 -0.0225713 -0.303261 2.92922 6.12336 5.38145</i>
                        <i>-0.0579491 0.992753 0.105276 0.298689 0.117864 -0.947044 -0.95259 -0.0234356 -0.303355 2.92853 6.12298 5.38254</i>
                        <i>-0.0595412 0.992402 0.107669 0.298528 0.120627 -0.946747 -0.952542 -0.0242282 -0.303443 2.92789 6.12269 5.38353</i>
                        <i>-0.0611832 0.992032 0.110137 0.298359 0.123476 -0.946433 -0.952491 -0.0250455 -0.303536 2.92724 6.12245 5.38456</i>
                        <i>-0.0630567 0.991598 0.112952 0.298159 0.126726 -0.946066 -0.952431 -0.025978 -0.303645 2.92649 6.12225 5.38574</i>
                        <i>-0.0650901 0.991113 0.116008 0.297936 0.130254 -0.945657 -0.952364 -0.0269899 -0.303767 2.92568 6.12207 5.38701</i>
                        <i>-0.0672117 0.990593 0.119196 0.297696 0.133935 -0.945219 -0.952292 -0.0280456 -0.303898 2.92484 6.12193 5.38834</i>
                        <i>-0.0693502 0.990054 0.122409 0.297447 0.137644 -0.944764 -0.952217 -0.0291095 -0.304034 2.92399 6.12184 5.38968</i>
                    </KeyFrames>
                </p>
            </i>
            <i>
                <p>
                    <Name>
                        <![CDATA[head_prop]]>
</Name>
                    <Exclude>0</Exclude>
                    <Additive>0</Additive>
                    <IKPriority>0</IKPriority>
                    <IKRotLimits>-1e+010 -1e+010 -1e+010 1e+010 1e+010 1e+010</IKRotLimits>
                    <IKRotLimitOrder>0</IKRotLimitOrder>
                    <KeyFrames count="49">
                        <i>0.952217 0.0291095 0.304034 -0.0693502 0.990054 0.122409 -0.297447 -0.137644 0.944764 2.90138 6.44451 5.42957</i>
                        <i>0.952141 0.0301461 0.30417 -0.071434 0.989514 0.125539 -0.297196 -0.141259 0.944309 2.89988 6.4443 5.4319</i>
                        <i>0.952067 0.0311199 0.304302 -0.073392 0.988993 0.12848 -0.296954 -0.144655 0.943871 2.89846 6.44415 5.43408</i>
                        <i>0.951999 0.0319957 0.304424 -0.0751532 0.988513 0.131125 -0.296731 -0.147709 0.943468 2.89718 6.4441 5.43604</i>
                        <i>0.95194 0.0327382 0.304529 -0.0766464 0.988098 0.133368 -0.296538 -0.150299 0.94312 2.8961 6.44414 5.4377</i>
                        <i>0.951894 0.0333121 0.304611 -0.0778008 0.987773 0.135101 -0.296386 -0.152301 0.942847 2.89527 6.4443 5.43899</i>
                        <i>0.951864 0.0336823 0.304665 -0.0785455 0.98756 0.136219 -0.296287 -0.153592 0.942668 2.89473 6.44461 5.43982</i>
                        <i>0.951853 0.0338135 0.304684 -0.0788095 0.987484 0.136616 -0.296252 -0.15405 0.942605 2.89454 6.44507 5.44011</i>
                        <i>0.951863 0.0336863 0.304666 -0.0785536 0.987558 0.136232 -0.296286 -0.153606 0.942666 2.89472 6.44569 5.43983</i>
                        <i>0.951893 0.0333268 0.304613 -0.0778303 0.987764 0.135146 -0.296382 -0.152352 0.94284 2.89525 6.44645 5.43902</i>
                        <i>0.951938 0.0327679 0.304533 -0.0767062 0.988082 0.133457 -0.29653 -0.150403 0.943106 2.89606 6.44734 5.43777</i>
                        <i>0.951995 0.0320427 0.30443 -0.0752477 0.988487 0.131267 -0.296719 -0.147873 0.943446 2.89712 6.44831 5.43615</i>
