<?xml version="1.0" encoding="ISO-8859-1" ?>
<Animl Version="1">
    <ModellingPackage><![CDATA[Maya.2010]]></ModellingPackage>
    <SrcFile><![CDATA[anims\turrets\antiair\blue\~src\aa_patriot\aa_patriot_fire_crewman_d.mb]]></SrcFile>
    <FramesPerSecond>30</FramesPerSecond>
    <TotalFrames>49</TotalFrames>
    <Skeleton>
        <RefFrame>
            <Name><![CDATA[soldier_ref_frame]]></Name>
            <Exclude>0</Exclude>
            <Additive>0</Additive>
            <IKPriority>0</IKPriority>
            <IKRotLimits>-1e+010 -1e+010 -1e+010 1e+010 1e+010 1e+010</IKRotLimits>
            <IKRotLimitOrder>0</IKRotLimitOrder>
            <KeyFrames count="49">
                <i>1 0 0 0 1 0 0 0 1 0.49 3.72 3.98</i>
                <i>1 0 0 0 1 0 0 0 1 0.49 3.72 3.98</i>
                <i>1 0 0 0 1 0 0 0 1 0.49 3.72 3.98</i>
                <i>1 0 0 0 1 0 0 0 1 0.49 3.72 3.98</i>
                <i>1 0 0 0 1 0 0 0 1 0.49 3.72 3.98</i>
                <i>1 0 0 0 1 0 0 0 1 0.49 3.72 3.98</i>
                <i>1 0 0 0 1 0 0 0 1 0.49 3.72 3.98</i>
                <i>1 0 0 0 1 0 0 0 1 0.49 3.72 3.98</i>
                <i>1 0 0 0 1 0 0 0 1 0.49 3.72 3.98</i>
                <i>1 0 0 0 1 0 0 0 1 0.49 3.72 3.98</i>
                <i>1 0 0 0 1 0 0 0 1 0.49 3.72 3.98</i>
                <i>1 0 0 0 1 0 0 0 1 0.49 3.72 3.98</i>
                <i>1 0 0 0 1 0 0 0 1 0.49 3.72 3.98</i>
                <i>1 0 0 0 1 0 0 0 1 0.49 3.72 3.98</i>
                <i>1 0 0 0 1 0 0 0 1 0.49 3.72 3.98</i>
                <i>1 0 0 0 1 0 0 0 1 0.49 3.72 3.98</i>
                <i>1 0 0 0 1 0 0 0 1 0.49 3.72 3.98</i>
                <i>1 0 0 0 1 0 0 0 1 0.49 3.72 3.98</i>
                <i>1 0 0 0 1 0 0 0 1 0.49 3.72 3.98</i>
                <i>1 0 0 0 1 0 0 0 1 0.49 3.72 3.98</i>
                <i>1 0 0 0 1 0 0 0 1 0.49 3.72 3.98</i>
                <i>1 0 0 0 1 0 0 0 1 0.49 3.72 3.98</i>
                <i>1 0 0 0 1 0 0 0 1 0.49 3.72 3.98</i>
                <i>1 0 0 0 1 0 0 0 1 0.49 3.72 3.98</i>
                <i>1 0 0 0 1 0 0 0 1 0.49 3.72 3.98</i>
                <i>1 0 0 0 1 0 0 0 1 0.49 3.72 3.98</i>
                <i>1 0 0 0 1 0 0 0 1 0.49 3.72 3.98</i>
                <i>1 0 0 0 1 0 0 0 1 0.49 3.72 3.98</i>
                <i>1 0 0 0 1 0 0 0 1 0.49 3.72 3.98</i>
                <i>1 0 0 0 1 0 0 0 1 0.49 3.72 3.98</i>
                <i>1 0 0 0 1 0 0 0 1 0.49 3.72 3.98</i>
                <i>1 0 0 0 1 0 0 0 1 0.49 3.72 3.98</i>
                <i>1 0 0 0 1 0 0 0 1 0.49 3.72 3.98</i>
                <i>1 0 0 0 1 0 0 0 1 0.49 3.72 3.98</i>
                <i>1 0 0 0 1 0 0 0 1 0.49 3.72 3.98</i>
                <i>1 0 0 0 1 0 0 0 1 0.49 3.72 3.98</i>
                <i>1 0 0 0 1 0 0 0 1 0.49 3.72 3.98</i>
                <i>1 0 0 0 1 0 0 0 1 0.49 3.72 3.98</i>
                <i>1 0 0 0 1 0 0 0 1 0.49 3.72 3.98</i>
                <i>1 0 0 0 1 0 0 0 1 0.49 3.72 3.98</i>
                <i>1 0 0 0 1 0 0 0 1 0.49 3.72 3.98</i>
                <i>1 0 0 0 1 0 0 0 1 0.49 3.72 3.98</i>
                <i>1 0 0 0 1 0 0 0 1 0.49 3.72 3.98</i>
                <i>1 0 0 0 1 0 0 0 1 0.49 3.72 3.98</i>
                <i>1 0 0 0 1 0 0 0 1 0.49 3.72 3.98</i>
                <i>1 0 0 0 1 0 0 0 1 0.49 3.72 3.98</i>
                <i>1 0 0 0 1 0 0 0 1 0.49 3.72 3.98</i>
                <i>1 0 0 0 1 0 0 0 1 0.49 3.72 3.98</i>
                <i>1 0 0 0 1 0 0 0 1 0.49 3.72 3.98</i>
            </KeyFrames>
        </RefFrame>
        <Bones count="23">
            <i>
                <p>
                    <Name><![CDATA[pelvis]]></Name>
                    <Exclude>0</Exclude>
                    <Additive>0</Additive>
                    <IKPriority>0</IKPriority>
                    <IKRotLimits>-1e+010 -1e+010 -1e+010 1e+010 1e+010 1e+010</IKRotLimits>
                    <IKRotLimitOrder>2</IKRotLimitOrder>
                    <KeyFrames count="49">
                        <i>1 0 0 0 1 0 0 0 1 0.497405 4.87727 3.98766</i>
                        <i>1 0 0 0 1 0 0 0 1 0.482004 4.79503 3.90075</i>
                        <i>1 0 0 0 1 0 0 0 1 0.446366 4.69698 3.7696</i>
                        <i>1 0 0 0 1 0 0 0 1 0.400448 4.61917 3.63149</i>
                        <i>1 0 0 0 1 0 0 0 1 0.35296 4.59936 3.52137</i>
                        <i>1 0 0 0 1 0 0 0 1 0.312421 4.65705 3.45881</i>
                        <i>1 0 0 0 1 0 0 0 1 0.290572 4.77432 3.44623</i>
                        <i>1 0 0 0 1 0 0 0 1 0.289902 4.92431 3.47576</i>
                        <i>1 0 0 0 1 0 0 0 1 0.302325 5.07452 3.52663</i>
                        <i>1 0 0 0 1 0 0 0 1 0.325605 5.19577 3.59174</i>
                        <i>1 0 0 0 1 0 0 0 1 0.355414 5.26066 3.66166</i>
                        <i>1 0 0 0 1 0 0 0 1 0.387771 5.27938 3.73309</i>
                        <i>1 0 0 0 1 0 0 0 1 0.420457 5.28144 3.806</i>
                        <i>1 0 0 0 1 0 0 0 1 0.451601 5.26893 3.87569</i>
                        <i>1 0 0 0 1 0 0 0 1 0.47929 5.2439 3.93739</i>
                        <i>1 0 0 0 1 0 0 0 1 0.501431 5.20845 3.98609</i>
                        <i>1 0 0 0 1 0 0 0 1 0.515695 5.16474 4.01648</i>
                        <i>1 0 0 0 1 0 0 0 1 0.523296 5.11649 4.03005</i>
                        <i>1 0 0 0 1 0 0 0 1 0.52747 5.06837 4.03181</i>
                        <i>1 0 0 0 1 0 0 0 1 0.529115 5.01495 4.0156</i>
                        <i>1 0 0 0 1 0 0 0 1 0.529034 4.95247 3.98127</i>
                        <i>1 0 0 0 1 0 0 0 1 0.52758 4.88711 3.93779</i>
                        <i>1 0 0 0 1 0 0 0 1 0.525177 4.82486 3.89428</i>
                        <i>1 0 0 0 1 0 0 0 1 0.522342 4.77149 3.86011</i>
                        <i>1 0 0 0 1 0 0 0 1 0.519689 4.73247 3.84485</i>
                        <i>1 0 0 0 1 0 0 0 1 0.517673 4.70781 3.84747</i>
                        <i>1 0 0 0 1 0 0 0 1 0.516578 4.69345 3.85964</i>
                        <i>1 0 0 0 1 0 0 0 1 0.516784 4.68869 3.88005</i>
                        <i>1 0 0 0 1 0 0 0 1 0.518624 4.69295 3.9073</i>
                        <i>1 0 0 0 1 0 0 0 1 0.520647 4.70477 3.93716</i>
                        <i>1 0 0 0 1 0 0 0 1 0.520738 4.72253 3.96435</i>
                        <i>1 0 0 0 1 0 0 0 1 0.519604 4.74293 3.98799</i>
                        <i>1 0 0 0 1 0 0 0 1 0.518383 4.76167 4.00789</i>
                        <i>1 0 0 0 1 0 0 0 1 0.517008 4.77655 4.02195</i>
                        <i>1 0 0 0 1 0 0 0 1 0.515414 4.78532 4.02813</i>
                        <i>1 0 0 0 1 0 0 0 1 0.513644 4.79053 4.02907</i>
                        <i>1 0 0 0 1 0 0 0 1 0.511768 4.79619 4.02884</i>
                        <i>1 0 0 0 1 0 0 0 1 0.509768 4.80222 4.02752</i>
                        <i>1 0 0 0 1 0 0 0 1 0.507628 4.80858 4.02519</i>
                        <i>1 0 0 0 1 0 0 0 1 0.505332 4.8152 4.02195</i>
                        <i>1 0 0 0 1 0 0 0 1 0.502865 4.82203 4.01788</i>
                        <i>1 0 0 0 1 0 0 0 1 0.500212 4.82902 4.01308</i>
                        <i>1 0 0 0 1 0 0 0 1 0.49736 4.83613 4.00764</i>
                        <i>1 0 0 0 1 0 0 0 1 0.495836 4.84465 4.00437</i>
                        <i>1 0 0 0 1 0 0 0 1 0.496432 4.85524 4.00467</i>
                        <i>1 0 0 0 1 0 0 0 1 0.498035 4.86691 4.0065</i>
                        <i>1 0 0 0 1 0 0 0 1 0.499526 4.87866 4.00784</i>
                        <i>1 0 0 0 1 0 0 0 1 0.499784 4.88946 4.00663</i>
                        <i>1 0 0 0 1 0 0 0 1 0.497687 4.8983 4.00083</i>
                    </KeyFrames>
                </p>
            </i>
            <i>
                <p>
                    <Name><![CDATA[spine0]]></Name>
                    <Exclude>0</Exclude>
                    <Additive>0</Additive>
                    <IKPriority>0</IKPriority>
                    <IKRotLimits>-1e+010 -1e+010 -1e+010 1e+010 1e+010 1e+010</IKRotLimits>
                    <IKRotLimitOrder>0</IKRotLimitOrder>
                    <KeyFrames count="49">
                        <i>-0.0553676 0.997985 0.0309893 -0.993849 -0.0580665 0.0943042 0.0959136 -0.0255773 0.995061 0.484963 5.01233 3.9397</i>
                        <i>-0.0640824 0.997917 -0.00748128 -0.993476 -0.063085 0.0950052 0.0943353 0.0135206 0.995449 0.467958 4.92465 3.83995</i>
                        <i>-0.0739199 0.9961 -0.0481808 -0.992992 -0.0690499 0.0959161 0.0922151 0.0549333 0.994223 0.430685 4.81908 3.69516</i>
                        <i>-0.0827674 0.99327 -0.0810157 -0.992482 -0.0748001 0.0968747 0.0901627 0.0884247 0.991994 0.383493 4.73392 3.54639</i>
                        <i>-0.0888618 0.991106 -0.0990584 -0.992065 -0.0791869 0.0976595 0.0889468 0.10695 0.990278 0.33526 4.71034 3.43155</i>
                        <i>-0.0908244 0.990881 -0.0995282 -0.991878 -0.0810711 0.098011 0.0890483 0.107622 0.990196 0.294542 4.76951 3.37089</i>
                        <i>-0.0860421 0.992807 -0.0832473 -0.992177 -0.077801 0.0976316 0.0904526 0.0909965 0.991735 0.273365 4.89179 3.36497</i>
                        <i>-0.0750683 0.995679 -0.0546583 -0.99288 -0.0695485 0.0967062 0.0924869 0.0615287 0.993811 0.274262 5.04815 3.40425</i>
                        <i>-0.061909 0.997833 -0.0222968 -0.993632 -0.0595105 0.095673 0.0941387 0.0280779 0.995163 0.288687 5.20407 3.46557</i>
                        <i>-0.0508044 0.998701 0.00399952 -0.994184 -0.0509546 0.0948733 0.0949538 0.000843717 0.995481 0.313746 5.32912 3.53909</i>
                        <i>-0.0460829 0.998845 0.0136138 -0.994399 -0.047167 0.0945866 0.0951194 -0.00917873 0.995424 0.344335 5.39535 3.61234</i>
                        <i>-0.0472277 0.998828 0.010602 -0.994342 -0.0480213 0.0947491 0.0951472 -0.00606728 0.995445 0.376563 5.41404 3.68371</i>
                        <i>-0.0504445 0.998707 0.00622537 -0.994172 -0.0508081 0.0950831 0.0952765 -0.00139267 0.99545 0.40886 5.41609 3.7567</i>
                        <i>-0.0551147 0.99848 0.000820926 -0.993908 -0.0549409 0.0955412 0.095441 0.0044498 0.995425 0.439427 5.40355 3.82645</i>
                        <i>-0.0606205 0.998147 -0.00528903 -0.993575 -0.0598338 0.0960686 0.0955741 0.0110788 0.995361 0.466419 5.37843 3.88806</i>
                        <i>-0.0663459 0.997727 -0.0117977 -0.993205 -0.0649029 0.0966009 0.0956156 0.0181266 0.995253 0.487819 5.34276 3.93636</i>
                        <i>-0.0716755 0.997258 -0.0184051 -0.992844 -0.0695669 0.0970641 0.0955176 0.0252305 0.995108 0.501367 5.29866 3.96591</i>
                        <i>-0.0758243 0.99682 -0.0245188 -0.992561 -0.0731057 0.097355 0.095253 0.0317183 0.994948 0.508378 5.2498 3.97806</i>
                        <i>-0.0779994 0.996512 -0.0296761 -0.992434 -0.0747802 0.0973824 0.0948235 0.0370474 0.994805 0.512185 5.2008 3.97773</i>
                        <i>-0.0788187 0.996187 -0.0374121 -0.992446 -0.074873 0.0971837 0.0940119 0.0447894 0.994563 0.513547 5.14549 3.95719</i>
                        <i>-0.0791551 0.995675 -0.0486298 -0.99253 -0.0741744 0.0968581 0.0928321 0.0559334 0.994109 0.513159 5.0797 3.91603</i>
                        <i>-0.0787797 0.995125 -0.0593291 -0.99267 -0.0728352 0.0964461 0.0916547 0.0664922 0.993568 0.511475 5.01009 3.86491</i>
                        <i>-0.0775609 0.994776 -0.0663666 -0.992847 -0.0710067 0.0959869 0.090773 0.0733367 0.993168 0.508983 4.94351 3.81455</i>
                        <i>-0.0755032 0.994825 -0.0679836 -0.993045 -0.0688407 0.095516 0.0903417 0.0747225 0.993104 0.506223 4.88684 3.77566</i>
                        <i>-0.0726995 0.995336 -0.0634184 -0.993248 -0.06649 0.0950645 0.0904044 0.0699014 0.993449 0.503821 4.84687 3.75907</i>
                        <i>-0.0694518 0.996108 -0.0542787 -0.993444 -0.0641081 0.0946575 0.0908094 0.060497 0.994029 0.50219 4.82343 3.76329</i>
                        <i>-0.0661568 0.996872 -0.0432441 -0.993619 -0.0618495 0.0943154 0.0913457 0.0492078 0.994603 0.501538 4.81126 3.77845</i>
                        <i>-0.0630397 0.997526 -0.0311058 -0.993765 -0.0598691 0.0940538 0.0919589 0.036841 0.995081 0.502222 4.80927 3.80294</i>
                        <i>-0.0603262 0.998004 -0.0186495 -0.993873 -0.0583221 0.0938866 0.0926116 0.0241991 0.995408 0.504542 4.81652 3.83499</i>
                        <i>-0.0582041 0.998284 -0.00637154 -0.993937 -0.057352 0.0938067 0.0932804 0.0117928 0.99557 0.507013 4.83128 3.87006</i>
                        <i>-0.0568458 0.998369 0.00522249 -0.993953 -0.057085 0.0938025 0.0939477 0.000141367 0.995577 0.507479 4.85173 3.90249</i>
                        <i>-0.0559953 0.998306 0.0158184 -0.99394 -0.0572375 0.0938458 0.0945922 -0.0104676 0.995461 0.506659 4.87442 3.9311</i>
                        <i>-0.0553062 0.998154 0.0250924 -0.993924 -0.0574324 0.0939016 0.0951694 -0.0197466 0.995265 0.505715 4.895 3.95534</i>
                        <i>-0.054869 0.99798 0.0320126 -0.993904 -0.0576591 0.093967 0.0956231 -0.0266616 0.995061 0.504546 4.91116 3.97273</i>
                        <i>-0.0547773 0.997866 0.0355298 -0.993883 -0.057907 0.0940392 0.095896 -0.0301613 0.994934 0.503052 4.9206 3.98078</i>
                        <i>-0.0549183 0.997815 0.0367326 -0.993861 -0.0581654 0.0941152 0.0960461 -0.0313384 0.994883 0.501309 4.92613 3.98262</i>
                        <i>-0.0551066 0.997778 0.0374429 -0.993838 -0.0584237 0.0941919 0.0961701 -0.0320216 0.99485 0.499447 4.93202 3.9831</i>
                        <i>-0.0553237 0.997755 0.0377435 -0.993817 -0.0586712 0.0942661 0.0962689 -0.032295 0.994831 0.49745 4.93824 3.98231</i>
                        <i>-0.055551 0.997743 0.037719 -0.993797 -0.0588975 0.0943345 0.0963431 -0.0322447 0.994826 0.495305 4.94473 3.98038</i>
                        <i>-0.0557697 0.997741 0.0374558 -0.99378 -0.0590919 0.0943937 0.0963938 -0.0319585 0.99483 0.492999 4.95143 3.9774</i>
                        <i>-0.0559609 0.997746 0.037041 -0.993766 -0.0592438 0.0944403 0.0964219 -0.0315252 0.994841 0.49052 4.95831 3.97348</i>
                        <i>-0.0561056 0.997755 0.0365632 -0.993757 -0.0593427 0.0944708 0.0964285 -0.0310346 0.994856 0.487857 4.96532 3.96874</i>
                        <i>-0.0561845 0.997767 0.0361111 -0.993754 -0.059378 0.0944817 0.0964149 -0.0305772 0.994871 0.485 4.97242 3.96329</i>
                        <i>-0.0561176 0.997782 0.0357997 -0.993761 -0.0592809 0.0944684 0.0963811 -0.030275 0.994884 0.483485 4.98093 3.95997</i>
                        <i>-0.0558945 0.997802 0.0355962 -0.993779 -0.0590381 0.0944353 0.0963293 -0.0300963 0.994894 0.48411 4.9915 3.96018</i>
                        <i>-0.0556007 0.997826 0.0353693 -0.993802 -0.0587223 0.0943925 0.0962643 -0.0299018 0.994907 0.485748 5.00312 3.96187</i>
                        <i>-0.0553219 0.997855 0.0349875 -0.993824 -0.0584066 0.0943499 0.096191 -0.0295518 0.994924 0.487269 5.01481 3.96301</i>
                        <i>-0.0551435 0.997888 0.0343194 -0.993842 -0.0581636 0.0943172 0.0961142 -0.0289071 0.99495 0.487542 5.02552 3.96154</i>
                        <i>-0.0551511 0.997925 0.0332336 -0.993849 -0.0580665 0.0943042 0.0960383 -0.0278282 0.994989 0.485434 5.03425 3.9554</i>
                    </KeyFrames>
                </p>
            </i>
            <i>
                <p>
                    <Name><![CDATA[spine1]]></Name>
                    <Exclude>0</Exclude>
                    <Additive>0</Additive>
                    <IKPriority>0</IKPriority>
                    <IKRotLimits>-1e+010 -1e+010 -1e+010 1e+010 1e+010 1e+010</IKRotLimits>
                    <IKRotLimitOrder>0</IKRotLimitOrder>
                    <KeyFrames count="49">
                        <i>-0.033035 0.968195 0.248005 -0.993849 -0.0580665 0.0943042 0.105706 -0.243364 0.964158 0.475426 5.18422 3.94503</i>
                        <i>-0.0336684 0.958181 0.284175 -0.993476 -0.063085 0.0950052 0.108959 -0.279122 0.954054 0.456661 5.10054 3.8386</i>
                        <i>-0.0351485 0.947391 0.318144 -0.992992 -0.0690499 0.0959161 0.112838 -0.312543 0.943178 0.417272 4.99974 3.68636</i>
                        <i>-0.0377931 0.94013 0.338715 -0.992482 -0.0748001 0.0968747 0.116411 -0.332507 0.935889 0.368095 4.9186 3.53124</i>
                        <i>-0.0414927 0.939426 0.340231 -0.992065 -0.0791869 0.0976595 0.118686 -0.333479 0.935257 0.318555 4.89654 3.41283</i>
                        <i>-0.0451251 0.944717 0.324767 -0.991878 -0.0810711 0.098011 0.118922 -0.317706 0.940702 0.277598 4.95427 3.35224</i>
                        <i>-0.0448912 0.952091 0.302501 -0.992177 -0.077801 0.0976316 0.116489 -0.295751 0.948136 0.2576 5.07361 3.34966</i>
                        <i>-0.0403577 0.960244 0.27623 -0.99288 -0.0695485 0.0967062 0.112073 -0.270361 0.956214 0.26081 5.22651 3.39441</i>
                        <i>-0.0340611 0.968058 0.248403 -0.993632 -0.0595105 0.095673 0.1074 -0.243562 0.963921 0.277819 5.37921 3.46164</i>
                        <i>-0.0284806 0.974017 0.224675 -0.994184 -0.0509546 0.0948733 0.103856 -0.220667 0.969804 0.304954 5.50193 3.53977</i>
                        <i>-0.0261441 0.976861 0.212271 -0.994399 -0.047167 0.0945866 0.10241 -0.208609 0.972623 0.336403 5.56726 3.61468</i>
                        <i>-0.0277593 0.978455 0.204587 -0.994342 -0.0480213 0.0947491 0.102532 -0.200799 0.974252 0.368439 5.58584 3.68553</i>
                        <i>-0.0317768 0.980901 0.191897 -0.994172 -0.0508081 0.0950831 0.103017 -0.187757 0.976798 0.400196 5.58763 3.75776</i>
                        <i>-0.0373915 0.983569 0.176619 -0.993908 -0.0549409 0.0955412 0.103675 -0.171971 0.979631 0.429976 5.57477 3.82659</i>
                        <i>-0.0437858 0.985946 0.161223 -0.993575 -0.0598338 0.0960686 0.104365 -0.15598 0.982231 0.456039 5.54934 3.88715</i>
                        <i>-0.0501254 0.987682 0.148226 -0.993205 -0.0649029 0.0966009 0.105031 -0.142376 0.984224 0.476468 5.51345 3.93435</i>
                        <i>-0.0555633 0.988567 0.140174 -0.992844 -0.0695669 0.0970641 0.105706 -0.133777 0.985358 0.489103 5.4693 3.96276</i>
                        <i>-0.0590808 0.988406 0.139867 -0.992561 -0.0731057 0.097355 0.106451 -0.133075 0.985373 0.495384 5.42063 3.97386</i>
                        <i>-0.0596603 0.986908 0.149844 -0.992434 -0.0747802 0.0973824 0.107313 -0.142901 0.983902 0.49877 5.37218 3.97262</i>
                        <i>-0.0566777 0.982386 0.178061 -0.992446 -0.074873 0.0971837 0.108804 -0.171207 0.979209 0.499873 5.3183 3.95068</i>
                        <i>-0.0509675 0.973442 0.223189 -0.99253 -0.0741744 0.0968581 0.110841 -0.216585 0.969951 0.499211 5.2551 3.90743</i>
                        <i>-0.0439067 0.960815 0.27369 -0.99267 -0.0728352 0.0964461 0.112601 -0.267449 0.95697 0.49731 5.18896 3.8542</i>
                        <i>-0.0367842 0.946744 0.319879 -0.992847 -0.0710067 0.0959869 0.113589 -0.31406 0.942584 0.494741 5.12607 3.80229</i>
                        <i>-0.0306449 0.934419 0.354855 -0.993045 -0.0688407 0.095516 0.11368 -0.34946 0.930029 0.492126 5.07246 3.76289</i>
                        <i>-0.0262975 0.927169 0.37372 -0.993248 -0.06649 0.0950645 0.112989 -0.368697 0.922657 0.490152 5.03387 3.74706</i>
                        <i>-0.0235352 0.924927 0.379415 -0.993444 -0.0641081 0.0946575 0.111875 -0.374699 0.920372 0.48916 5.01018 3.75301</i>
                        <i>-0.0216694 0.925338 0.378523 -0.993619 -0.0618495 0.0943154 0.110685 -0.374064 0.920774 0.489207 4.99695 3.77031</i>
                        <i>-0.0207535 0.928182 0.371547 -0.993765 -0.0598691 0.0940538 0.109543 -0.367278 0.923638 0.490586 4.99328 3.79712</i>
                        <i>-0.0208505 0.933129 0.358936 -0.993873 -0.0583221 0.0938866 0.108542 -0.354779 0.928628 0.493539 4.99846 3.83153</i>
                        <i>-0.021969 0.939566 0.341662 -0.993937 -0.057352 0.0938067 0.107733 -0.33753 0.93513 0.496531 5.01098 3.86886</i>
                        <i>-0.0240659 0.946727 0.321138 -0.993953 -0.057085 0.0938025 0.107137 -0.316939 0.942375 0.497371 5.0292 3.90338</i>
                        <i>-0.0266441 0.953726 0.299494 -0.99394 -0.0572375 0.0938458 0.106645 -0.295179 0.949472 0.496815 5.04988 3.93385</i>
                        <i>-0.0290671 0.959753 0.279339 -0.993924 -0.0574324 0.0939016 0.106165 -0.274912 0.95559 0.496085 5.06878 3.9597</i>
                        <i>-0.031085 0.964316 0.262923 -0.993904 -0.0576591 0.093967 0.105774 -0.258399 0.96023 0.495058 5.08372 3.97826</i>
                        <i>-0.0324453 0.967035 0.252568 -0.993883 -0.057907 0.0940392 0.105565 -0.247972 0.962999 0.493616 5.09248 3.98689</i>
                        <i>-0.0333622 0.968614 0.246319 -0.993861 -0.0581654 0.0941152 0.105489 -0.241667 0.964608 0.491868 5.09766 3.98893</i>
                        <i>-0.0342074 0.969992 0.24072 -0.993838 -0.0584237 0.0941919 0.105429 -0.236015 0.966013 0.489989 5.10327 3.98952</i>
                        <i>-0.0349691 0.971174 0.235791 -0.993817 -0.0586712 0.0942661 0.105383 -0.231037 0.967221 0.487967 5.10926 3.98878</i>
                        <i>-0.0356364 0.97217 0.231549 -0.993797 -0.0588975 0.0943345 0.105347 -0.226751 0.968239 0.485793 5.11558 3.98684</i>
                        <i>-0.0361984 0.972987 0.228006 -0.99378 -0.0590919 0.0943937 0.105317 -0.223171 0.969073 0.483456 5.12216 3.98381</i>
                        <i>-0.0366444 0.973629 0.225174 -0.993766 -0.0592438 0.0944403 0.10529 -0.22031 0.969731 0.480949 5.12896 3.97982</i>
                        <i>-0.0369641 0.974104 0.22306 -0.993757 -0.0593427 0.0944708 0.105261 -0.218176 0.970216 0.478264 5.13593 3.97499</i>
                        <i>-0.037147 0.974414 0.221671 -0.993754 -0.059378 0.0944817 0.105227 -0.216777 0.970533 0.475393 5.14303 3.96947</i>
                        <i>-0.0371234 0.974559 0.221036 -0.993761 -0.0592809 0.0944684 0.105168 -0.21615 0.97068 0.473889 5.15156 3.9661</i>
                        <i>-0.0368922 0.974567 0.221039 -0.993779 -0.0590381 0.0944353 0.105083 -0.21618 0.970682 0.474549 5.16217 3.96627</i>
                        <i>-0.0365455 0.974483 0.221468 -0.993802 -0.0587223 0.0943925 0.104989 -0.216645 0.970589 0.476234 5.17387 3.96793</i>
                        <i>-0.0361761 0.974351 0.222108 -0.993824 -0.0584066 0.0943499 0.104902 -0.217323 0.970446 0.477798 5.18564 3.969</i>
                        <i>-0.0358761 0.974216 0.222746 -0.993842 -0.0581636 0.0943172 0.104841 -0.21799 0.970303 0.478097 5.19646 3.96742</i>
                        <i>-0.035738 0.974124 0.223169 -0.993849 -0.0580665 0.0943042 0.104823 -0.218426 0.970207 0.475981 5.20529 3.9611</i>
                    </KeyFrames>
                </p>
            </i>
            <i>
                <p>
                    <Name><![CDATA[spine2]]></Name>
                    <Exclude>0</Exclude>
                    <Additive>0</Additive>
                    <IKPriority>0</IKPriority>
                    <IKRotLimits>-1e+010 -1e+010 -1e+010 1e+010 1e+010 1e+010</IKRotLimits>
                    <IKRotLimitOrder>0</IKRotLimitOrder>
                    <KeyFrames count="49">
                        <i>-0.00853498 0.889151 0.457534 -0.993849 -0.0580665 0.0943042 0.110418 -0.453915 0.884177 0.470194 5.33767 3.98437</i>
                        <i>-0.00887288 0.8733 0.487101 -0.993476 -0.063085 0.0950052 0.113697 -0.48308 0.868163 0.451215 5.25583 3.88478</i>
                        <i>-0.0100382 0.857917 0.513691 -0.992992 -0.0690499 0.0959161 0.117758 -0.509128 0.852597 0.411435 5.15764 3.73961</i>
                        <i>-0.0123608 0.848724 0.528691 -0.992482 -0.0748001 0.0968747 0.121766 -0.523519 0.843268 0.361671 5.07917 3.58941</i>
                        <i>-0.0157548 0.848914 0.528296 -0.992065 -0.0791869 0.0976595 0.124739 -0.522565 0.843425 0.31143 5.05865 3.4719</i>
                        <i>-0.0192297 0.857274 0.514501 -0.991878 -0.0810711 0.098011 0.125733 -0.508437 0.85187 0.269901 5.11608 3.40819</i>
                        <i>-0.0193081 0.868279 0.4957 -0.992177 -0.077801 0.0976316 0.123337 -0.489937 0.862989 0.250071 5.23383 3.40082</i>
                        <i>-0.0155423 0.880551 0.473697 -0.99288 -0.0695485 0.0967062 0.1181 -0.468821 0.875362 0.254181 5.38464 3.44007</i>
                        <i>-0.0101749 0.893058 0.449826 -0.993632 -0.0595105 0.095673 0.112211 -0.445988 0.887977 0.27233 5.53548 3.50183</i>
                        <i>-0.00539716 0.903447 0.428666 -0.994184 -0.0509546 0.0948733 0.107556 -0.425661 0.898468 0.300424 5.657 3.57559</i>
                        <i>-0.00346972 0.90899 0.416804 -0.994399 -0.047167 0.0945866 0.105638 -0.414141 0.904062 0.332265 5.72198 3.64833</i>
                        <i>-0.00514367 0.912699 0.408599 -0.994342 -0.0480213 0.0947491 0.106099 -0.4058 0.907783 0.364048 5.74072 3.71794</i>
                        <i>-0.00911215 0.918425 0.39549 -0.994172 -0.0508081 0.0950831 0.107421 -0.392319 0.913535 0.395174 5.74269 3.78812</i>
                        <i>-0.0146225 0.924961 0.379782 -0.993908 -0.0549409 0.0955412 0.109237 -0.376071 0.920129 0.424076 5.73 3.85448</i>
                        <i>-0.0208953 0.931213 0.363875 -0.993575 -0.0598338 0.0960686 0.111232 -0.35953 0.92648 0.449139 5.70473 3.91257</i>
                        <i>-0.0271127 0.936253 0.350278 -0.993205 -0.0649029 0.0966009 0.113177 -0.345279 0.931651 0.468575 5.669 3.95769</i>
                        <i>-0.0324224 0.939299 0.341565 -0.992844 -0.0695669 0.0970641 0.114934 -0.335974 0.934833 0.480352 5.625 3.98484</i>
                        <i>-0.035797 0.939542 0.340559 -0.992561 -0.0731057 0.097355 0.116366 -0.33454 0.935169 0.486065 5.57655 3.99593</i>
                        <i>-0.0362168 0.936135 0.349771 -0.992434 -0.0747802 0.0973824 0.117319 -0.343598 0.93176 0.489328 5.5284 3.99636</i>
                        <i>-0.0329402 0.925708 0.376803 -0.992446 -0.074873 0.0971837 0.118176 -0.370755 0.921181 0.490832 5.4751 3.97916</i>
                        <i>-0.0268465 0.907271 0.419689 -0.99253 -0.0741744 0.0968581 0.119007 -0.413953 0.902485 0.490964 5.41283 3.9437</i>
                        <i>-0.0195214 0.884156 0.466783 -0.99267 -0.0728352 0.0964461 0.119272 -0.461479 0.879097 0.490073 5.34772 3.8996</i>
                        <i>-0.0123281 0.860607 0.509121 -0.992847 -0.0710067 0.0959869 0.118758 -0.504296 0.855326 0.488564 5.28573 3.8565</i>
                        <i>-0.00627125 0.841031 0.540951 -0.993045 -0.0688407 0.095516 0.117571 -0.53659 0.835613 0.486906 5.2326 3.82403</i>
                        <i>-0.00208681 0.829563 0.558409 -0.993248 -0.06649 0.0950645 0.115991 -0.554441 0.8241 0.48565 5.19385 3.8119</i>
                        <i>0.000509248 0.825489 0.564418 -0.993444 -0.0641081 0.0946575 0.114323 -0.560766 0.820044 0.485142 5.16943 3.81869</i>
                        <i>0.00225397 0.825174 0.564874 -0.993619 -0.0618495 0.0943154 0.112764 -0.561482 0.81977 0.485531 5.15525 3.8354</i>
                        <i>0.0031118 0.828371 0.560171 -0.993765 -0.0598691 0.0940538 0.111448 -0.556971 0.82302 0.487097 5.15056 3.86037</i>
                        <i>0.00302941 0.834754 0.550615 -0.993873 -0.0583221 0.0938866 0.110485 -0.547526 0.829463 0.490069 5.15476 3.8919</i>
                        <i>0.00199478 0.843631 0.536919 -0.993937 -0.057352 0.0938067 0.109932 -0.533851 0.838402 0.492915 5.16641 3.92558</i>
                        <i>3.85506e-005 0.854066 0.520164 -0.993953 -0.057085 0.0938025 0.109807 -0.517023 0.848899 0.493452 5.18392 3.95601</i>
                        <i>-0.00239387 0.864806 0.5021 -0.99394 -0.0572375 0.0938458 0.109897 -0.498832 0.859703 0.492519 5.20402 3.98236</i>
                        <i>-0.0047137 0.874513 0.484979 -0.993924 -0.0574324 0.0939016 0.109972 -0.481589 0.86947 0.491437 5.22248 4.0045</i>
                        <i>-0.00666569 0.882202 0.470824 -0.993904 -0.0576591 0.093967 0.110045 -0.467327 0.877209 0.490117 5.23712 4.02013</i>
                        <i>-0.00798365 0.886955 0.461787 -0.993883 -0.057907 0.0940392 0.110149 -0.458211 0.881992 0.488477 5.24574 4.02696</i>
                        <i>-0.00887034 0.889807 0.45625 -0.993861 -0.0581654 0.0941152 0.110282 -0.452614 0.88486 0.486594 5.25087 4.02792</i>
                        <i>-0.00969569 0.892369 0.451202 -0.993838 -0.0584237 0.0941919 0.110415 -0.447508 0.887437 0.484589 5.25646 4.02756</i>
                        <i>-0.0104481 0.894637 0.446671 -0.993817 -0.0586712 0.0942661 0.110541 -0.442924 0.889718 0.482453 5.26245 4.026</i>
                        <i>-0.0111166 0.896609 0.442684 -0.993797 -0.0588975 0.0943345 0.110654 -0.438889 0.891702 0.480178 5.26878 4.02334</i>
                        <i>-0.0116903 0.898283 0.439263 -0.99378 -0.0590919 0.0943937 0.110749 -0.435427 0.893386 0.477757 5.27539 4.01973</i>
                        <i>-0.0121588 0.899658 0.436426 -0.993766 -0.0592438 0.0944403 0.11082 -0.432557 0.89477 0.475182 5.28222 4.01527</i>
                        <i>-0.0125119 0.900735 0.43419 -0.993757 -0.0593427 0.0944708 0.110859 -0.430297 0.895854 0.472447 5.28923 4.01011</i>
                        <i>-0.0127397 0.901511 0.432569 -0.993754 -0.059378 0.0944817 0.110861 -0.428663 0.896637 0.469548 5.29637 4.00436</i>
                        <i>-0.0127773 0.901976 0.431598 -0.993761 -0.0592809 0.0944684 0.110794 -0.427698 0.897106 0.468047 5.30494 4.00089</i>
                        <i>-0.012623 0.902179 0.431178 -0.993779 -0.0590381 0.0944353 0.110653 -0.427304 0.897311 0.468742 5.3156 4.00108</i>
                        <i>-0.0123622 0.902211 0.431118 -0.993802 -0.0587223 0.0943925 0.110478 -0.427279 0.897345 0.470479 5.32734 4.00282</i>
                        <i>-0.0120806 0.902162 0.431228 -0.993824 -0.0584066 0.0943499 0.110305 -0.427425 0.897296 0.4721 5.33916 4.00401</i>
                        <i>-0.0118634 0.902124 0.431315 -0.993842 -0.0581636 0.0943172 0.110173 -0.42754 0.897258 0.472442 5.35004 4.00255</i>
                        <i>-0.0117963 0.902185 0.431189 -0.993849 -0.0580665 0.0943042 0.110117 -0.427424 0.89732 0.470345 5.35895 3.99632</i>
                    </KeyFrames>
                </p>
            </i>
            <i>
                <p>
                    <Name><![CDATA[head]]></Name>
                    <Exclude>0</Exclude>
                    <Additive>0</Additive>
                    <IKPriority>0</IKPriority>
                    <IKRotLimits>-1e+010 -1e+010 -1e+010 1e+010 1e+010 1e+010</IKRotLimits>
                    <IKRotLimitOrder>0</IKRotLimitOrder>
                    <KeyFrames count="49">
                        <i>-0.0651496 0.983263 0.170147 -0.0981895 0.163366 -0.981667 -0.993033 -0.0806619 0.0859029 0.466945 5.57116 4.0939</i>
                        <i>-0.0703472 0.988458 0.134168 -0.093557 0.127371 -0.987433 -0.993126 -0.0820155 0.083517 0.447514 5.48892 4.00085</i>
                        <i>-0.0761747 0.992697 0.0935401 -0.0883838 0.0867209 -0.992304 -0.99317 -0.0838559 0.0811324 0.407082 5.39071 3.86233</i>
                        <i>-0.0818003 0.994977 0.0577038 -0.0841129 0.0507992 -0.995161 -0.993093 -0.086258 0.079535 0.356462 5.31285 3.71647</i>
                        <i>-0.0867338 0.995573 0.0362111 -0.082236 0.0290691 -0.996189 -0.992832 -0.0893811 0.0793507 0.305206 5.29348 3.59909</i>
                        <i>-0.0899465 0.995371 0.0338469 -0.0833046 0.0263465 -0.996176 -0.992457 -0.0924221 0.0805492 0.262775 5.35215 3.53135</i>
                        <i>-0.0878497 0.994957 0.0484127 -0.0861512 0.0408297 -0.995445 -0.992401 -0.0916204 0.0821298 0.243093 5.47057 3.51856</i>
                        <i>-0.0802991 0.994041 0.0737198 -0.0896258 0.0664587 -0.993756 -0.992733 -0.0864049 0.0837551 0.248479 5.62166 3.55199</i>
                        <i>-0.0705958 0.992398 0.100807 -0.0926677 0.0940969 -0.991241 -0.993191 -0.0793189 0.0853204 0.268348 5.77277 3.60808</i>
                        <i>-0.062232 0.990684 0.121128 -0.0946144 0.11496 -0.988854 -0.993567 -0.0729988 0.0865788 0.297937 5.89468 3.67718</i>
                        <i>-0.0587981 0.990258 0.126219 -0.0951984 0.1203 -0.988163 -0.99372 -0.0701179 0.0871976 0.33038 5.96016 3.74729</i>
                        <i>-0.0604094 0.991015 0.119335 -0.0953288 0.113279 -0.988979 -0.993611 -0.0711197 0.0876291 0.361738 5.97968 3.81482</i>
                        <i>-0.0643012 0.991852 0.109981 -0.0958905 0.103558 -0.98999 -0.993313 -0.0742037 0.0884502 0.391856 5.98279 3.88172</i>
                        <i>-0.0697348 0.992632 0.0990851 -0.0966399 0.0921375 -0.991046 -0.992873 -0.0786859 0.0895027 0.419356 5.97138 3.94418</i>
                        <i>-0.0759705 0.993257 0.0875769 -0.0973514 0.0800225 -0.992028 -0.992346 -0.0838906 0.0906156 0.44282 5.94735 3.99832</i>
                        <i>-0.0822671 0.993678 0.0763899 -0.0978321 0.0682276 -0.992862 -0.991797 -0.0891532 0.0916008 0.460661 5.91266 4.04003</i>
                        <i>-0.0878809 0.993911 0.0664593 -0.0979298 0.057774 -0.993515 -0.991306 -0.0938193 0.0922563 0.471055 5.8694 4.06491</i>
                        <i>-0.091896 0.994019 0.0590022 -0.0975214 0.0499839 -0.993977 -0.990982 -0.0970965 0.0923448 0.475848 5.82125 4.07553</i>
                        <i>-0.0933831 0.994106 0.0550695 -0.0965192 0.0460117 -0.994267 -0.990941 -0.098163 0.0916536 0.47891 5.77286 4.07791</i>
                        <i>-0.0922717 0.994299 0.0534267 -0.0943533 0.0446833 -0.994536 -0.991253 -0.0968085 0.0896924 0.481062 5.71844 4.06686</i>
                        <i>-0.0892919 0.994607 0.052771 -0.0910777 0.044607 -0.994844 -0.991833 -0.0936378 0.0866034 0.482493 5.65406 4.04163</i>
                        <i>-0.0849314 0.994939 0.0536919 -0.0875232 0.0462288 -0.995089 -0.992535 -0.0892136 0.083154 0.483254 5.58612 4.00946</i>
                        <i>-0.0798217 0.99519 0.0567877 -0.0843954 0.0500178 -0.995176 -0.99323 -0.0842292 0.079997 0.483468 5.52097 3.97781</i>
                        <i>-0.0747393 0.995232 0.0626633 -0.0822382 0.0564735 -0.995011 -0.993806 -0.0795198 0.0776254 0.483348 5.4649 3.95446</i>
                        <i>-0.0705361 0.994913 0.0719236 -0.0814801 0.0661156 -0.99448 -0.994176 -0.0760071 0.076402 0.483212 5.42403 3.94743</i>
                        <i>-0.067325 0.994171 0.0842097 -0.0819076 0.0786091 -0.993535 -0.994363 -0.0737872 0.0761378 0.483437 5.39839 3.95586</i>
                        <i>-0.0647172 0.993073 0.0980659 -0.0829345 0.0925795 -0.992245 -0.994451 -0.0723484 0.0763685 0.484343 5.38344 3.97252</i>
                        <i>-0.0627905 0.991672 0.112448 -0.084445 0.106987 -0.990668 -0.994448 -0.0717002 0.077024 0.486202 5.37847 3.99599</i>
                        <i>-0.0616206 0.990074 0.126317 -0.0863433 0.120796 -0.988915 -0.994358 -0.0718442 0.0780428 0.489232 5.38287 4.02473</i>
                        <i>-0.0612431 0.988393 0.139029 -0.0885345 0.133362 -0.987105 -0.994189 -0.0727622 0.0793394 0.4919 5.39513 4.05466</i>
                        <i>-0.0616782 0.986745 0.1501 -0.0909122 0.144207 -0.985363 -0.993947 -0.0744213 0.0808127 0.492032 5.41355 4.08072</i>
                        <i>-0.0625269 0.985228 0.159422 -0.093285 0.153266 -0.983772 -0.993674 -0.0763839 0.0823238 0.490584 5.43468 4.10255</i>
                        <i>-0.0633105 0.983917 0.167032 -0.09541 0.160634 -0.982392 -0.993423 -0.0781322 0.0837057 0.489018 5.45411 4.12057</i>
                        <i>-0.063992 0.982953 0.172363 -0.0970846 0.165766 -0.981375 -0.993217 -0.0795339 0.0848219 0.487293 5.46955 4.13288</i>
                        <i>-0.0645444 0.982478 0.174848 -0.0980999 0.168118 -0.980874 -0.993081 -0.0804625 0.0855299 0.485373 5.47871 4.13761</i>
                        <i>-0.0650305 0.982348 0.175393 -0.0986665 0.168574 -0.980738 -0.992993 -0.0810833 0.0859624 0.483294 5.48421 4.13728</i>
                        <i>-0.0655222 0.982324 0.175347 -0.0991355 0.168447 -0.980713 -0.992914 -0.0816416 0.0863461 0.481104 5.49015 4.13574</i>
                        <i>-0.066005 0.982388 0.174805 -0.0995095 0.167833 -0.98078 -0.992845 -0.0821311 0.0866792 0.478796 5.49648 4.1331</i>
                        <i>-0.0664639 0.982525 0.17386 -0.0997919 0.166826 -0.980923 -0.992786 -0.0825458 0.0869601 0.476367 5.50312 4.1295</i>
                        <i>-0.0668837 0.982717 0.172607 -0.0999859 0.165522 -0.981125 -0.992738 -0.0828795 0.0871871 0.47381 5.51002 4.12506</i>
                        <i>-0.0672485 0.982949 0.171141 -0.100095 0.164017 -0.981366 -0.992703 -0.0831258 0.0873587 0.471123 5.5171 4.11991</i>
                        <i>-0.0675425 0.983203 0.169555 -0.100124 0.162406 -0.981631 -0.99268 -0.0832784 0.0874733 0.468303 5.52433 4.11419</i>
                        <i>-0.0677493 0.983466 0.167945 -0.100077 0.160784 -0.981903 -0.99267 -0.0833308 0.0875297 0.465346 5.53165 4.10804</i>
                        <i>-0.0677927 0.98372 0.166429 -0.0999498 0.159277 -0.982161 -0.99268 -0.0832179 0.0875248 0.463834 5.54036 4.10431</i>
                        <i>-0.0676647 0.983973 0.164982 -0.0997486 0.15786 -0.98241 -0.992709 -0.0829312 0.0874684 0.464566 5.55111 4.10436</i>
                        <i>-0.0674522 0.984238 0.163479 -0.0994959 0.156399 -0.98267 -0.992749 -0.0825487 0.0873782 0.466364 5.56292 4.10605</i>
                        <i>-0.067242 0.984531 0.161796 -0.0992132 0.154762 -0.982958 -0.992792 -0.0821484 0.087272 0.468049 5.57481 4.10723</i>
                        <i>-0.0671212 0.984863 0.159811 -0.0989215 0.152814 -0.983292 -0.992829 -0.0818084 0.0871671 0.468439 5.58578 4.10573</i>
                        <i>-0.067177 0.985248 0.157397 -0.098641 0.150422 -0.983689 -0.992853 -0.081607 0.087081 0.466348 5.59481 4.09941</i>
                    </KeyFrames>
                </p>
            </i>
            <i>
                <p>
                    <Name><![CDATA[head_prop]]></Name>
                    <Exclude>0</Exclude>
                    <Additive>0</Additive>
                    <IKPriority>0</IKPriority>
                    <IKRotLimits>-1e+010 -1e+010 -1e+010 1e+010 1e+010 1e+010</IKRotLimits>
                    <IKRotLimitOrder>0</IKRotLimitOrder>
                    <KeyFrames count="49">
                        <i>0.993033 0.0806619 -0.0859029 -0.0651496 0.983263 0.170147 0.0981895 -0.163366 0.981667 0.445712 5.89162 4.14936</i>
                        <i>0.993126 0.0820155 -0.083517 -0.0703472 0.988458 0.134168 0.093557 -0.127371 0.987433 0.424592 5.80863 4.0445</i>
                        <i>0.99317 0.0838559 -0.0811324 -0.0761747 0.992697 0.0935401 0.0883838 -0.0867209 0.992304 0.382315 5.70589 3.89288</i>
                        <i>0.993093 0.086258 -0.079535 -0.0818003 0.994977 0.0577038 0.0841129 -0.0507992 0.995161 0.329994 5.62148 3.73597</i>
                        <i>0.992832 0.0893811 -0.0793507 -0.0867338 0.995573 0.0362111 0.082236 -0.0290691 0.996189 0.277316 5.59572 3.61234</i>
                        <i>0.992457 0.0924221 -0.0805492 -0.0899465 0.995371 0.0338469 0.0833046 -0.0263465 0.996176 0.233989 5.65051 3.54414</i>
                        <i>0.992401 0.0916204 -0.0821298 -0.0878497 0.994957 0.0484127 0.0861512 -0.0408297 0.995445 0.214923 5.76982 3.53567</i>
                        <i>0.992733 0.0864049 -0.0837551 -0.0802991 0.994041 0.0737198 0.0896258 -0.0664587 0.993756 0.2225 5.92858 3.5765</i>
                        <i>0.993191 0.0793189 -0.0853204 -0.0705958 0.992398 0.100807 0.0926677 -0.0940969 0.991241 0.24534 6.0962 3.64094</i>
                        <i>0.993567 0.0729988 -0.0865788 -0.062232 0.990684 0.121128 0.0946144 -0.11496 0.988854 0.277897 6.25612 3.7174</i>
                        <i>0.99372 0.0701179 -0.0871976 -0.0587981 0.990258 0.126219 0.0951984 -0.1203 0.988163 0.312188 6.38351 3.79086</i>
                        <i>0.993611 0.0711197 -0.0876291 -0.0604094 0.991015 0.119335 0.0953288 -0.113279 0.988979 0.343436 6.47527 3.8567</i>
