<?xml version="1.0" encoding="ISO-8859-1" ?>
<Animl Version="1">
    <ModellingPackage><![CDATA[Maya.2010]]></ModellingPackage>
    <SrcFile><![CDATA[anims\turrets\antiair\blue\~src\aa_patriot\aa_patriot_reload_crewman_a.mb]]></SrcFile>
    <FramesPerSecond>30</FramesPerSecond>
    <TotalFrames>92</TotalFrames>
    <Skeleton>
        <RefFrame>
            <Name><![CDATA[soldier_ref_frame]]></Name>
            <Exclude>0</Exclude>
            <Additive>0</Additive>
            <IKPriority>0</IKPriority>
            <IKRotLimits>-1e+010 -1e+010 -1e+010 1e+010 1e+010 1e+010</IKRotLimits>
            <IKRotLimitOrder>0</IKRotLimitOrder>
            <KeyFrames count="92">
                <i>1 0 0 0 1 0 0 0 1 3.62 6.17 -0.98</i>
                <i>1 0 0 0 1 0 0 0 1 3.62 6.17 -0.98</i>
                <i>1 0 0 0 1 0 0 0 1 3.62 6.17 -0.98</i>
                <i>1 0 0 0 1 0 0 0 1 3.62 6.17 -0.98</i>
                <i>1 0 0 0 1 0 0 0 1 3.62 6.17 -0.98</i>
                <i>1 0 0 0 1 0 0 0 1 3.62 6.17 -0.98</i>
                <i>1 0 0 0 1 0 0 0 1 3.62 6.17 -0.98</i>
                <i>1 0 0 0 1 0 0 0 1 3.62 6.17 -0.98</i>
                <i>1 0 0 0 1 0 0 0 1 3.62 6.17 -0.98</i>
                <i>1 0 0 0 1 0 0 0 1 3.62 6.17 -0.98</i>
                <i>1 0 0 0 1 0 0 0 1 3.62 6.17 -0.98</i>
                <i>1 0 0 0 1 0 0 0 1 3.62 6.17 -0.98</i>
                <i>1 0 0 0 1 0 0 0 1 3.62 6.17 -0.98</i>
                <i>1 0 0 0 1 0 0 0 1 3.62 6.17 -0.98</i>
                <i>1 0 0 0 1 0 0 0 1 3.62 6.17 -0.98</i>
                <i>1 0 0 0 1 0 0 0 1 3.62 6.17 -0.98</i>
                <i>1 0 0 0 1 0 0 0 1 3.62 6.17 -0.98</i>
                <i>1 0 0 0 1 0 0 0 1 3.62 6.17 -0.98</i>
                <i>1 0 0 0 1 0 0 0 1 3.62 6.17 -0.98</i>
                <i>1 0 0 0 1 0 0 0 1 3.62 6.17 -0.98</i>
                <i>1 0 0 0 1 0 0 0 1 3.62 6.17 -0.98</i>
                <i>1 0 0 0 1 0 0 0 1 3.62 6.17 -0.98</i>
                <i>1 0 0 0 1 0 0 0 1 3.62 6.17 -0.98</i>
                <i>1 0 0 0 1 0 0 0 1 3.62 6.17 -0.98</i>
                <i>1 0 0 0 1 0 0 0 1 3.62 6.17 -0.98</i>
                <i>1 0 0 0 1 0 0 0 1 3.62 6.17 -0.98</i>
                <i>1 0 0 0 1 0 0 0 1 3.62 6.17 -0.98</i>
                <i>1 0 0 0 1 0 0 0 1 3.62 6.17 -0.98</i>
                <i>1 0 0 0 1 0 0 0 1 3.62 6.17 -0.98</i>
                <i>1 0 0 0 1 0 0 0 1 3.62 6.17 -0.98</i>
                <i>1 0 0 0 1 0 0 0 1 3.62 6.17 -0.98</i>
                <i>1 0 0 0 1 0 0 0 1 3.62 6.17 -0.98</i>
                <i>1 0 0 0 1 0 0 0 1 3.62 6.17 -0.98</i>
                <i>1 0 0 0 1 0 0 0 1 3.62 6.17 -0.98</i>
                <i>1 0 0 0 1 0 0 0 1 3.62 6.17 -0.98</i>
                <i>1 0 0 0 1 0 0 0 1 3.62 6.17 -0.98</i>
                <i>1 0 0 0 1 0 0 0 1 3.62 6.17 -0.98</i>
                <i>1 0 0 0 1 0 0 0 1 3.62 6.17 -0.98</i>
                <i>1 0 0 0 1 0 0 0 1 3.62 6.17 -0.98</i>
                <i>1 0 0 0 1 0 0 0 1 3.62 6.17 -0.98</i>
                <i>1 0 0 0 1 0 0 0 1 3.62 6.17 -0.98</i>
                <i>1 0 0 0 1 0 0 0 1 3.62 6.17 -0.98</i>
                <i>1 0 0 0 1 0 0 0 1 3.62 6.17 -0.98</i>
                <i>1 0 0 0 1 0 0 0 1 3.62 6.17 -0.98</i>
                <i>1 0 0 0 1 0 0 0 1 3.62 6.17 -0.98</i>
                <i>1 0 0 0 1 0 0 0 1 3.62 6.17 -0.98</i>
                <i>1 0 0 0 1 0 0 0 1 3.62 6.17 -0.98</i>
                <i>1 0 0 0 1 0 0 0 1 3.62 6.17 -0.98</i>
                <i>1 0 0 0 1 0 0 0 1 3.62 6.17 -0.98</i>
                <i>1 0 0 0 1 0 0 0 1 3.62 6.17 -0.98</i>
                <i>1 0 0 0 1 0 0 0 1 3.62 6.17 -0.98</i>
                <i>1 0 0 0 1 0 0 0 1 3.62 6.17 -0.98</i>
                <i>1 0 0 0 1 0 0 0 1 3.62 6.17 -0.98</i>
                <i>1 0 0 0 1 0 0 0 1 3.62 6.17 -0.98</i>
                <i>1 0 0 0 1 0 0 0 1 3.62 6.17 -0.98</i>
                <i>1 0 0 0 1 0 0 0 1 3.62 6.17 -0.98</i>
                <i>1 0 0 0 1 0 0 0 1 3.62 6.17 -0.98</i>
                <i>1 0 0 0 1 0 0 0 1 3.62 6.17 -0.98</i>
                <i>1 0 0 0 1 0 0 0 1 3.62 6.17 -0.98</i>
                <i>1 0 0 0 1 0 0 0 1 3.62 6.17 -0.98</i>
                <i>1 0 0 0 1 0 0 0 1 3.62 6.17 -0.98</i>
                <i>1 0 0 0 1 0 0 0 1 3.62 6.17 -0.98</i>
                <i>1 0 0 0 1 0 0 0 1 3.62 6.17 -0.98</i>
                <i>1 0 0 0 1 0 0 0 1 3.62 6.17 -0.98</i>
                <i>1 0 0 0 1 0 0 0 1 3.62 6.17 -0.98</i>
                <i>1 0 0 0 1 0 0 0 1 3.62 6.17 -0.98</i>
                <i>1 0 0 0 1 0 0 0 1 3.62 6.17 -0.98</i>
                <i>1 0 0 0 1 0 0 0 1 3.62 6.17 -0.98</i>
                <i>1 0 0 0 1 0 0 0 1 3.62 6.17 -0.98</i>
                <i>1 0 0 0 1 0 0 0 1 3.62 6.17 -0.98</i>
                <i>1 0 0 0 1 0 0 0 1 3.62 6.17 -0.98</i>
                <i>1 0 0 0 1 0 0 0 1 3.62 6.17 -0.98</i>
                <i>1 0 0 0 1 0 0 0 1 3.62 6.17 -0.98</i>
                <i>1 0 0 0 1 0 0 0 1 3.62 6.17 -0.98</i>
                <i>1 0 0 0 1 0 0 0 1 3.62 6.17 -0.98</i>
                <i>1 0 0 0 1 0 0 0 1 3.62 6.17 -0.98</i>
                <i>1 0 0 0 1 0 0 0 1 3.62 6.17 -0.98</i>
                <i>1 0 0 0 1 0 0 0 1 3.62 6.17 -0.98</i>
                <i>1 0 0 0 1 0 0 0 1 3.62 6.17 -0.98</i>
                <i>1 0 0 0 1 0 0 0 1 3.62 6.17 -0.98</i>
                <i>1 0 0 0 1 0 0 0 1 3.62 6.17 -0.98</i>
                <i>1 0 0 0 1 0 0 0 1 3.62 6.17 -0.98</i>
                <i>1 0 0 0 1 0 0 0 1 3.62 6.17 -0.98</i>
                <i>1 0 0 0 1 0 0 0 1 3.62 6.17 -0.98</i>
                <i>1 0 0 0 1 0 0 0 1 3.62 6.17 -0.98</i>
                <i>1 0 0 0 1 0 0 0 1 3.62 6.17 -0.98</i>
                <i>1 0 0 0 1 0 0 0 1 3.62 6.17 -0.98</i>
                <i>1 0 0 0 1 0 0 0 1 3.62 6.17 -0.98</i>
                <i>1 0 0 0 1 0 0 0 1 3.62 6.17 -0.98</i>
                <i>1 0 0 0 1 0 0 0 1 3.62 6.17 -0.98</i>
                <i>1 0 0 0 1 0 0 0 1 3.62 6.17 -0.98</i>
                <i>1 0 0 0 1 0 0 0 1 3.62 6.17 -0.98</i>
            </KeyFrames>
        </RefFrame>
        <Bones count="23">
            <i>
                <p>
                    <Name><![CDATA[pelvis]]></Name>
                    <Exclude>0</Exclude>
                    <Additive>0</Additive>
                    <IKPriority>0</IKPriority>
                    <IKRotLimits>-1e+010 -1e+010 -1e+010 1e+010 1e+010 1e+010</IKRotLimits>
                    <IKRotLimitOrder>2</IKRotLimitOrder>
                    <KeyFrames count="92">
                        <i>1 0 0 0 1 0 0 0 1 3.67346 7.3091 -0.98</i>
                        <i>1 0 0 0 1 0 0 0 1 3.67346 7.30904 -0.98</i>
                        <i>1 0 0 0 1 0 0 0 1 3.67346 7.30888 -0.98</i>
                        <i>1 0 0 0 1 0 0 0 1 3.67346 7.30863 -0.98</i>
                        <i>1 0 0 0 1 0 0 0 1 3.67346 7.30829 -0.98</i>
                        <i>1 0 0 0 1 0 0 0 1 3.67346 7.30787 -0.98</i>
                        <i>1 0 0 0 1 0 0 0 1 3.67346 7.30739 -0.98</i>
                        <i>1 0 0 0 1 0 0 0 1 3.67346 7.30686 -0.98</i>
                        <i>1 0 0 0 1 0 0 0 1 3.67346 7.30628 -0.98</i>
                        <i>1 0 0 0 1 0 0 0 1 3.67346 7.30567 -0.98</i>
                        <i>1 0 0 0 1 0 0 0 1 3.67346 7.30503 -0.98</i>
                        <i>1 0 0 0 1 0 0 0 1 3.67346 7.30438 -0.98</i>
                        <i>1 0 0 0 1 0 0 0 1 3.67346 7.30373 -0.98</i>
                        <i>1 0 0 0 1 0 0 0 1 3.67346 7.30308 -0.98</i>
                        <i>1 0 0 0 1 0 0 0 1 3.67346 7.30245 -0.98</i>
                        <i>1 0 0 0 1 0 0 0 1 3.67346 7.30185 -0.98</i>
                        <i>1 0 0 0 1 0 0 0 1 3.67346 7.30128 -0.98</i>
                        <i>1 0 0 0 1 0 0 0 1 3.67346 7.30076 -0.98</i>
                        <i>1 0 0 0 1 0 0 0 1 3.67346 7.3003 -0.98</i>
                        <i>1 0 0 0 1 0 0 0 1 3.67346 7.2999 -0.98</i>
                        <i>1 0 0 0 1 0 0 0 1 3.67346 7.29958 -0.98</i>
                        <i>1 0 0 0 1 0 0 0 1 3.67346 7.29935 -0.98</i>
                        <i>1 0 0 0 1 0 0 0 1 3.67346 7.29921 -0.98</i>
                        <i>1 0 0 0 1 0 0 0 1 3.67346 7.29918 -0.98</i>
                        <i>1 0 0 0 1 0 0 0 1 3.67346 7.29927 -0.98</i>
                        <i>1 0 0 0 1 0 0 0 1 3.67346 7.29945 -0.98</i>
                        <i>1 0 0 0 1 0 0 0 1 3.67346 7.29973 -0.98</i>
                        <i>1 0 0 0 1 0 0 0 1 3.67346 7.30009 -0.98</i>
                        <i>1 0 0 0 1 0 0 0 1 3.67346 7.30052 -0.98</i>
                        <i>1 0 0 0 1 0 0 0 1 3.67346 7.30102 -0.98</i>
                        <i>1 0 0 0 1 0 0 0 1 3.67346 7.30156 -0.98</i>
                        <i>1 0 0 0 1 0 0 0 1 3.67346 7.30215 -0.98</i>
                        <i>1 0 0 0 1 0 0 0 1 3.67346 7.30277 -0.98</i>
                        <i>1 0 0 0 1 0 0 0 1 3.67346 7.30341 -0.98</i>
                        <i>1 0 0 0 1 0 0 0 1 3.67346 7.30406 -0.98</i>
                        <i>1 0 0 0 1 0 0 0 1 3.67346 7.30471 -0.98</i>
                        <i>1 0 0 0 1 0 0 0 1 3.67346 7.30535 -0.98</i>
                        <i>1 0 0 0 1 0 0 0 1 3.67346 7.30598 -0.98</i>
                        <i>1 0 0 0 1 0 0 0 1 3.67346 7.30658 -0.98</i>
                        <i>1 0 0 0 1 0 0 0 1 3.67346 7.30713 -0.98</i>
                        <i>1 0 0 0 1 0 0 0 1 3.67346 7.30764 -0.98</i>
                        <i>1 0 0 0 1 0 0 0 1 3.67346 7.30809 -0.98</i>
                        <i>1 0 0 0 1 0 0 0 1 3.67346 7.30847 -0.98</i>
                        <i>1 0 0 0 1 0 0 0 1 3.67346 7.30876 -0.98</i>
                        <i>1 0 0 0 1 0 0 0 1 3.67346 7.30897 -0.98</i>
                        <i>1 0 0 0 1 0 0 0 1 3.67346 7.30908 -0.98</i>
                        <i>1 0 0 0 1 0 0 0 1 3.67346 7.30908 -0.98</i>
                        <i>1 0 0 0 1 0 0 0 1 3.67346 7.30897 -0.98</i>
                        <i>1 0 0 0 1 0 0 0 1 3.67346 7.30876 -0.98</i>
                        <i>1 0 0 0 1 0 0 0 1 3.67346 7.30847 -0.98</i>
                        <i>1 0 0 0 1 0 0 0 1 3.67346 7.30809 -0.98</i>
                        <i>1 0 0 0 1 0 0 0 1 3.67346 7.30764 -0.98</i>
                        <i>1 0 0 0 1 0 0 0 1 3.67346 7.30713 -0.98</i>
                        <i>1 0 0 0 1 0 0 0 1 3.67346 7.30658 -0.98</i>
                        <i>1 0 0 0 1 0 0 0 1 3.67346 7.30598 -0.98</i>
                        <i>1 0 0 0 1 0 0 0 1 3.67346 7.30535 -0.98</i>
                        <i>1 0 0 0 1 0 0 0 1 3.67346 7.30471 -0.98</i>
                        <i>1 0 0 0 1 0 0 0 1 3.67346 7.30406 -0.98</i>
                        <i>1 0 0 0 1 0 0 0 1 3.67346 7.30341 -0.98</i>
                        <i>1 0 0 0 1 0 0 0 1 3.67346 7.30277 -0.98</i>
                        <i>1 0 0 0 1 0 0 0 1 3.67346 7.30215 -0.98</i>
                        <i>1 0 0 0 1 0 0 0 1 3.67346 7.30156 -0.98</i>
                        <i>1 0 0 0 1 0 0 0 1 3.67346 7.30102 -0.98</i>
                        <i>1 0 0 0 1 0 0 0 1 3.67346 7.30052 -0.98</i>
                        <i>1 0 0 0 1 0 0 0 1 3.67346 7.30009 -0.98</i>
                        <i>1 0 0 0 1 0 0 0 1 3.67346 7.29973 -0.98</i>
                        <i>1 0 0 0 1 0 0 0 1 3.67346 7.29945 -0.98</i>
                        <i>1 0 0 0 1 0 0 0 1 3.67346 7.29927 -0.98</i>
                        <i>1 0 0 0 1 0 0 0 1 3.67346 7.29918 -0.98</i>
                        <i>1 0 0 0 1 0 0 0 1 3.67346 7.29921 -0.98</i>
                        <i>1 0 0 0 1 0 0 0 1 3.67346 7.29935 -0.98</i>
                        <i>1 0 0 0 1 0 0 0 1 3.67346 7.29958 -0.98</i>
                        <i>1 0 0 0 1 0 0 0 1 3.67346 7.2999 -0.98</i>
                        <i>1 0 0 0 1 0 0 0 1 3.67346 7.3003 -0.98</i>
                        <i>1 0 0 0 1 0 0 0 1 3.67346 7.30076 -0.98</i>
                        <i>1 0 0 0 1 0 0 0 1 3.67346 7.30128 -0.98</i>
                        <i>1 0 0 0 1 0 0 0 1 3.67346 7.30185 -0.98</i>
                        <i>1 0 0 0 1 0 0 0 1 3.67346 7.30245 -0.98</i>
                        <i>1 0 0 0 1 0 0 0 1 3.67346 7.30308 -0.98</i>
                        <i>1 0 0 0 1 0 0 0 1 3.67346 7.30373 -0.98</i>
                        <i>1 0 0 0 1 0 0 0 1 3.67346 7.30438 -0.98</i>
                        <i>1 0 0 0 1 0 0 0 1 3.67346 7.30503 -0.98</i>
                        <i>1 0 0 0 1 0 0 0 1 3.67346 7.30567 -0.98</i>
                        <i>1 0 0 0 1 0 0 0 1 3.67346 7.30628 -0.98</i>
                        <i>1 0 0 0 1 0 0 0 1 3.67346 7.30686 -0.98</i>
                        <i>1 0 0 0 1 0 0 0 1 3.67346 7.30739 -0.98</i>
                        <i>1 0 0 0 1 0 0 0 1 3.67346 7.30787 -0.98</i>
                        <i>1 0 0 0 1 0 0 0 1 3.67346 7.30829 -0.98</i>
                        <i>1 0 0 0 1 0 0 0 1 3.67346 7.30863 -0.98</i>
                        <i>1 0 0 0 1 0 0 0 1 3.67346 7.30888 -0.98</i>
                        <i>1 0 0 0 1 0 0 0 1 3.67346 7.30904 -0.98</i>
                        <i>1 0 0 0 1 0 0 0 1 3.67346 7.3091 -0.98</i>
                    </KeyFrames>
                </p>
            </i>
            <i>
                <p>
                    <Name><![CDATA[spine0]]></Name>
                    <Exclude>0</Exclude>
                    <Additive>0</Additive>
                    <IKPriority>0</IKPriority>
                    <IKRotLimits>-1e+010 -1e+010 -1e+010 1e+010 1e+010 1e+010</IKRotLimits>
                    <IKRotLimitOrder>0</IKRotLimitOrder>
                    <KeyFrames count="92">
                        <i>-0.0826132 0.996013 0.0336616 -0.377339 -2.22045e-016 -0.926075 -0.922383 -0.0892079 0.375835 3.69987 7.4501 -0.990762</i>
                        <i>-0.0822326 0.99605 0.0335065 -0.377339 -2.22045e-016 -0.926075 -0.922417 -0.0887969 0.375849 3.69987 7.45005 -0.990762</i>
                        <i>-0.0818063 0.996091 0.0333329 -0.377339 -2.22045e-016 -0.926075 -0.922455 -0.0883366 0.375864 3.69987 7.44989 -0.990762</i>
                        <i>-0.0813508 0.996134 0.0331473 -0.377339 0 -0.926075 -0.922495 -0.0878447 0.375881 3.69987 7.44963 -0.990762</i>
                        <i>-0.0808824 0.996179 0.0329564 -0.377339 -2.22045e-016 -0.926075 -0.922536 -0.0873389 0.375897 3.69987 7.44929 -0.990762</i>
                        <i>-0.0804174 0.996223 0.0327669 -0.377339 0 -0.926075 -0.922577 -0.0868368 0.375914 3.69987 7.44888 -0.990762</i>
                        <i>-0.0799722 0.996264 0.0325855 -0.377339 2.22045e-016 -0.926075 -0.922616 -0.086356 0.37593 3.69987 7.4484 -0.990762</i>
                        <i>-0.079563 0.996303 0.0324188 -0.377339 -2.22045e-016 -0.926075 -0.922651 -0.0859142 0.375944 3.69987 7.44787 -0.990762</i>
                        <i>-0.0792063 0.996336 0.0322735 -0.377339 -2.22045e-016 -0.926075 -0.922682 -0.085529 0.375957 3.69987 7.44729 -0.990762</i>
                        <i>-0.0789184 0.996362 0.0321561 -0.377339 0 -0.926075 -0.922706 -0.0852181 0.375967 3.69987 7.44668 -0.990762</i>
                        <i>-0.0787155 0.996381 0.0320735 -0.377339 -4.44089e-016 -0.926075 -0.922724 -0.084999 0.375974 3.69987 7.44604 -0.990762</i>
                        <i>-0.078614 0.99639 0.0320321 -0.377339 0 -0.926075 -0.922732 -0.0848895 0.375977 3.69987 7.44539 -0.990762</i>
                        <i>-0.0786282 0.996389 0.0320379 -0.377339 -4.44089e-016 -0.926075 -0.922731 -0.0849048 0.375977 3.69987 7.44474 -0.990762</i>
                        <i>-0.0787526 0.996378 0.0320886 -0.377339 0 -0.926075 -0.92272 -0.0850391 0.375972 3.69987 7.44409 -0.990762</i>
                        <i>-0.0789719 0.996357 0.032178 -0.377339 -4.44089e-016 -0.926075 -0.922702 -0.085276 0.375965 3.69987 7.44346 -0.990762</i>
                        <i>-0.079271 0.99633 0.0322998 -0.377339 2.22045e-016 -0.926075 -0.922676 -0.0855989 0.375954 3.69987 7.44286 -0.990762</i>
                        <i>-0.0796345 0.996296 0.0324479 -0.377339 0 -0.926075 -0.922645 -0.0859914 0.375942 3.69987 7.44229 -0.990762</i>
                        <i>-0.0800473 0.996257 0.0326161 -0.377339 -4.44089e-016 -0.926075 -0.922609 -0.0864372 0.375927 3.69987 7.44177 -0.990762</i>
                        <i>-0.0804942 0.996215 0.0327982 -0.377339 -2.22045e-016 -0.926075 -0.92257 -0.0869197 0.375911 3.69987 7.4413 -0.990762</i>
                        <i>-0.0809598 0.996171 0.0329879 -0.377339 -2.22045e-016 -0.926075 -0.922529 -0.0874225 0.375895 3.69987 7.44091 -0.990762</i>
                        <i>-0.081429 0.996127 0.0331791 -0.377339 -4.44089e-016 -0.926075 -0.922488 -0.0879291 0.375878 3.69987 7.44059 -0.990762</i>
                        <i>-0.0818865 0.996083 0.0333655 -0.377339 -2.22045e-016 -0.926075 -0.922448 -0.0884232 0.375861 3.69987 7.44035 -0.990762</i>
                        <i>-0.0823171 0.996042 0.033541 -0.377339 -4.44089e-016 -0.926075 -0.922409 -0.0888881 0.375846 3.69987 7.44022 -0.990762</i>
                        <i>-0.0827097 0.996004 0.0337009 -0.377339 0 -0.926075 -0.922374 -0.0893121 0.375831 3.69987 7.44019 -0.990762</i>
                        <i>-0.0831385 0.995962 0.0338757 -0.377339 -2.22045e-016 -0.926075 -0.922336 -0.0897751 0.375816 3.69987 7.44027 -0.990762</i>
                        <i>-0.0836215 0.995915 0.0340725 -0.377339 0 -0.926075 -0.922292 -0.0902967 0.375798 3.69987 7.44046 -0.990762</i>
                        <i>-0.084139 0.995864 0.0342833 -0.377339 -4.44089e-016 -0.926075 -0.922245 -0.0908554 0.375779 3.69987 7.44074 -0.990762</i>
                        <i>-0.0846713 0.995811 0.0345002 -0.377339 2.22045e-016 -0.926075 -0.922196 -0.0914303 0.375759 3.69987 7.4411 -0.990762</i>
                        <i>-0.0851989 0.995759 0.0347152 -0.377339 -4.44089e-016 -0.926075 -0.922148 -0.0919999 0.375739 3.69987 7.44153 -0.990762</i>
                        <i>-0.085702 0.995709 0.0349202 -0.377339 -4.44089e-016 -0.926075 -0.922101 -0.0925432 0.37572 3.69987 7.44202 -0.990762</i>
                        <i>-0.086161 0.995662 0.0351072 -0.377339 0 -0.926075 -0.922058 -0.0930388 0.375703 3.69987 7.44257 -0.990762</i>
                        <i>-0.0865562 0.995623 0.0352682 -0.377339 -2.22045e-016 -0.926075 -0.922021 -0.0934656 0.375687 3.69987 7.44315 -0.990762</i>
                        <i>-0.086868 0.995591 0.0353953 -0.377339 -4.44089e-016 -0.926075 -0.921992 -0.0938023 0.375675 3.69987 7.44377 -0.990762</i>
                        <i>-0.0870766 0.99557 0.0354803 -0.377339 -2.22045e-016 -0.926075 -0.921972 -0.0940276 0.375667 3.69987 7.44441 -0.990762</i>
                        <i>-0.0871626 0.995561 0.0355153 -0.377339 -2.22045e-016 -0.926075 -0.921964 -0.0941204 0.375664 3.69987 7.44506 -0.990762</i>
                        <i>-0.0871104 0.995566 0.0354941 -0.377339 -4.44089e-016 -0.926075 -0.921969 -0.0940641 0.375666 3.69987 7.44572 -0.990762</i>
                        <i>-0.0869306 0.995584 0.0354208 -0.377339 -2.22045e-016 -0.926075 -0.921986 -0.0938699 0.375673 3.69987 7.44636 -0.990762</i>
                        <i>-0.0866427 0.995614 0.0353035 -0.377339 0 -0.926075 -0.922013 -0.0935591 0.375684 3.69987 7.44699 -0.990762</i>
                        <i>-0.0862665 0.995652 0.0351502 -0.377339 0 -0.926075 -0.922048 -0.0931528 0.375699 3.69987 7.44758 -0.990762</i>
                        <i>-0.0858216 0.995697 0.0349689 -0.377339 -2.22045e-016 -0.926075 -0.92209 -0.0926724 0.375715 3.69987 7.44814 -0.990762</i>
                        <i>-0.0853277 0.995746 0.0347677 -0.377339 -4.44089e-016 -0.926075 -0.922136 -0.0921391 0.375734 3.69987 7.44865 -0.990762</i>
                        <i>-0.0848044 0.995798 0.0345545 -0.377339 -2.22045e-016 -0.926075 -0.922184 -0.091574 0.375754 3.69987 7.44909 -0.990762</i>
                        <i>-0.0842714 0.995851 0.0343373 -0.377339 0 -0.926075 -0.922233 -0.0909985 0.375774 3.69987 7.44947 -0.990762</i>
                        <i>-0.0837484 0.995902 0.0341242 -0.377339 -2.22045e-016 -0.926075 -0.92228 -0.0904337 0.375793 3.69987 7.44977 -0.990762</i>
                        <i>-0.0832549 0.995951 0.0339231 -0.377339 -4.44089e-016 -0.926075 -0.922325 -0.0899009 0.375811 3.69987 7.44998 -0.990762</i>
                        <i>-0.0828107 0.995994 0.0337421 -0.377339 1.11022e-016 -0.926075 -0.922365 -0.0894212 0.375828 3.69987 7.45009 -0.990762</i>
                        <i>-0.0824188 0.996032 0.0335824 -0.377339 0 -0.926075 -0.9224 -0.0889979 0.375842 3.69987 7.45009 -0.990762</i>
                        <i>-0.0819973 0.996072 0.0334107 -0.377339 -6.66134e-016 -0.926075 -0.922438 -0.0885428 0.375857 3.69987 7.44998 -0.990762</i>
                        <i>-0.081545 0.996116 0.0332264 -0.377339 -4.44089e-016 -0.926075 -0.922478 -0.0880545 0.375874 3.69987 7.44977 -0.990762</i>
                        <i>-0.0810773 0.99616 0.0330358 -0.377339 1.11022e-016 -0.926075 -0.922519 -0.0875494 0.37589 3.69987 7.44947 -0.990762</i>
                        <i>-0.0806094 0.996204 0.0328452 -0.377339 0 -0.926075 -0.92256 -0.0870441 0.375907 3.69987 7.44909 -0.990762</i>
                        <i>-0.0801564 0.996247 0.0326606 -0.377339 -4.44089e-016 -0.926075 -0.9226 -0.086555 0.375923 3.69987 7.44865 -0.990762</i>
                        <i>-0.0797337 0.996287 0.0324884 -0.377339 -2.22045e-016 -0.926075 -0.922636 -0.0860985 0.375938 3.69987 7.44814 -0.990762</i>
                        <i>-0.0793564 0.996322 0.0323346 -0.377339 0 -0.926075 -0.922669 -0.0856911 0.375951 3.69987 7.44758 -0.990762</i>
                        <i>-0.0790398 0.996351 0.0322056 -0.377339 0 -0.926075 -0.922696 -0.0853493 0.375962 3.69987 7.44699 -0.990762</i>
                        <i>-0.0787991 0.996373 0.0321076 -0.377339 -2.22045e-016 -0.926075 -0.922716 -0.0850894 0.375971 3.69987 7.44636 -0.990762</i>
                        <i>-0.0786496 0.996387 0.0320466 -0.377339 -2.22045e-016 -0.926075 -0.922729 -0.0849279 0.375976 3.69987 7.44572 -0.990762</i>
                        <i>-0.0786064 0.996391 0.032029 -0.377339 -2.22045e-016 -0.926075 -0.922733 -0.0848812 0.375977 3.69987 7.44506 -0.990762</i>
                        <i>-0.0786776 0.996385 0.032058 -0.377339 -2.22045e-016 -0.926075 -0.922727 -0.0849581 0.375975 3.69987 7.44441 -0.990762</i>
                        <i>-0.0788514 0.996369 0.0321288 -0.377339 -2.22045e-016 -0.926075 -0.922712 -0.0851458 0.375969 3.69987 7.44377 -0.990762</i>
                        <i>-0.0791125 0.996344 0.0322352 -0.377339 0 -0.926075 -0.92269 -0.0854277 0.37596 3.69987 7.44315 -0.990762</i>
                        <i>-0.0794457 0.996313 0.032371 -0.377339 -2.22045e-016 -0.926075 -0.922661 -0.0857875 0.375948 3.69987 7.44257 -0.990762</i>
                        <i>-0.0798357 0.996277 0.0325299 -0.377339 0 -0.926075 -0.922627 -0.0862087 0.375934 3.69987 7.44202 -0.990762</i>
                        <i>-0.0802674 0.996237 0.0327058 -0.377339 0 -0.926075 -0.92259 -0.0866749 0.375919 3.69987 7.44153 -0.990762</i>
                        <i>-0.0807256 0.996193 0.0328925 -0.377339 -2.22045e-016 -0.926075 -0.92255 -0.0871696 0.375903 3.69987 7.4411 -0.990762</i>
                        <i>-0.0811949 0.996149 0.0330837 -0.377339 0 -0.926075 -0.922509 -0.0876763 0.375886 3.69987 7.44074 -0.990762</i>
                        <i>-0.0816601 0.996105 0.0332733 -0.377339 0 -0.926075 -0.922468 -0.0881787 0.375869 3.69987 7.44046 -0.990762</i>
                        <i>-0.0821061 0.996062 0.033455 -0.377339 0 -0.926075 -0.922428 -0.0886603 0.375853 3.69987 7.44027 -0.990762</i>
                        <i>-0.0825175 0.996022 0.0336227 -0.377339 -2.22045e-016 -0.926075 -0.922391 -0.0891046 0.375838 3.69987 7.44019 -0.990762</i>
                        <i>-0.0829161 0.995984 0.0337851 -0.377339 0 -0.926075 -0.922356 -0.089535 0.375824 3.69987 7.44022 -0.990762</i>
                        <i>-0.0833745 0.995939 0.0339718 -0.377339 -4.44089e-016 -0.926075 -0.922314 -0.0900299 0.375807 3.69987 7.44035 -0.990762</i>
                        <i>-0.0838771 0.99589 0.0341766 -0.377339 -2.22045e-016 -0.926075 -0.922269 -0.0905727 0.375788 3.69987 7.44059 -0.990762</i>
                        <i>-0.0844045 0.995838 0.0343915 -0.377339 -2.22045e-016 -0.926075 -0.922221 -0.0911422 0.375769 3.69987 7.44091 -0.990762</i>
                        <i>-0.0849369 0.995785 0.0346085 -0.377339 -4.44089e-016 -0.926075 -0.922172 -0.0917171 0.375749 3.69987 7.4413 -0.990762</i>
                        <i>-0.0854547 0.995733 0.0348194 -0.377339 -2.22045e-016 -0.926075 -0.922124 -0.0922762 0.375729 3.69987 7.44177 -0.990762</i>
                        <i>-0.0859382 0.995685 0.0350164 -0.377339 -2.22045e-016 -0.926075 -0.922079 -0.0927983 0.375711 3.69987 7.44229 -0.990762</i>
                        <i>-0.0863678 0.995642 0.0351915 -0.377339 -2.22045e-016 -0.926075 -0.922039 -0.0932622 0.375695 3.69987 7.44286 -0.990762</i>
                        <i>-0.0867237 0.995606 0.0353365 -0.377339 -2.22045e-016 -0.926075 -0.922005 -0.0936465 0.375681 3.69987 7.44346 -0.990762</i>
                        <i>-0.0869864 0.995579 0.0354436 -0.377339 -8.88178e-016 -0.926075 -0.921981 -0.0939302 0.375671 3.69987 7.44409 -0.990762</i>
                        <i>-0.0871362 0.995564 0.0355046 -0.377339 2.22045e-016 -0.926075 -0.921967 -0.0940919 0.375665 3.69987 7.44474 -0.990762</i>
                        <i>-0.0871526 0.995562 0.0355112 -0.377339 2.22045e-016 -0.926075 -0.921965 -0.0941096 0.375665 3.69987 7.44539 -0.990762</i>
                        <i>-0.0870218 0.995575 0.035458 -0.377339 0 -0.926075 -0.921977 -0.0939684 0.37567 3.69987 7.44604 -0.990762</i>
                        <i>-0.0867629 0.995602 0.0353525 -0.377339 -4.44089e-016 -0.926075 -0.922002 -0.0936888 0.37568 3.69987 7.44668 -0.990762</i>
                        <i>-0.0863997 0.995638 0.0352045 -0.377339 0 -0.926075 -0.922036 -0.0932967 0.375693 3.69987 7.44729 -0.990762</i>
                        <i>-0.0859563 0.995683 0.0350238 -0.377339 -4.44089e-016 -0.926075 -0.922077 -0.0928178 0.37571 3.69987 7.44787 -0.990762</i>
                        <i>-0.0854565 0.995733 0.0348202 -0.377339 0 -0.926075 -0.922124 -0.0922781 0.375729 3.69987 7.4484 -0.990762</i>
                        <i>-0.0849242 0.995786 0.0346033 -0.377339 0 -0.926075 -0.922173 -0.0917034 0.375749 3.69987 7.44888 -0.990762</i>
                        <i>-0.0843834 0.99584 0.0343829 -0.377339 0 -0.926075 -0.922223 -0.0911194 0.375769 3.69987 7.44929 -0.990762</i>
                        <i>-0.0838581 0.995892 0.0341689 -0.377339 0 -0.926075 -0.922271 -0.0905521 0.375789 3.69987 7.44963 -0.990762</i>
                        <i>-0.083372 0.995939 0.0339708 -0.377339 -2.22045e-016 -0.926075 -0.922315 -0.0900272 0.375807 3.69987 7.44989 -0.990762</i>
                        <i>-0.082949 0.995981 0.0337985 -0.377339 -4.44089e-016 -0.926075 -0.922353 -0.0895705 0.375823 3.69987 7.45005 -0.990762</i>
                        <i>-0.0826132 0.996013 0.0336616 -0.377339 -2.22045e-016 -0.926075 -0.922383 -0.0892079 0.375835 3.69987 7.4501 -0.990762</i>
                    </KeyFrames>
                </p>
            </i>
            <i>
                <p>
                    <Name><![CDATA[spine1]]></Name>
                    <Exclude>0</Exclude>
                    <Additive>0</Additive>
                    <IKPriority>0</IKPriority>
                    <IKRotLimits>-1e+010 -1e+010 -1e+010 1e+010 1e+010 1e+010</IKRotLimits>
                    <IKRotLimitOrder>0</IKRotLimitOrder>
                    <KeyFrames count="92">
                        <i>-0.161791 0.984621 0.0659233 -0.377339 -2.22045e-016 -0.926075 -0.911833 -0.174706 0.371536 3.68575 7.62033 -0.985008</i>
                        <i>-0.160339 0.984898 0.0653319 -0.377339 -2.22045e-016 -0.926075 -0.912089 -0.173138 0.371641 3.68582 7.62028 -0.985034</i>
                        <i>-0.158713 0.985205 0.0646694 -0.377339 -2.22045e-016 -0.926075 -0.912373 -0.171383 0.371756 3.68589 7.62012 -0.985064</i>
                        <i>-0.156975 0.985529 0.0639612 -0.377339 0 -0.926075 -0.912674 -0.169506 0.371879 3.68597 7.61987 -0.985096</i>
                        <i>-0.155187 0.985859 0.0632327 -0.377339 -2.22045e-016 -0.926075 -0.91298 -0.167575 0.372003 3.68605 7.61954 -0.985128</i>
                        <i>-0.153412 0.986183 0.0625093 -0.377339 0 -0.926075 -0.91328 -0.165658 0.372126 3.68613 7.61914 -0.985161</i>
                        <i>-0.151711 0.98649 0.0618164 -0.377339 2.22045e-016 -0.926075 -0.913564 -0.163822 0.372241 3.6862 7.61867 -0.985192</i>
                        <i>-0.150148 0.986769 0.0611795 -0.377339 -2.22045e-016 -0.926075 -0.913822 -0.162134 0.372347 3.68627 7.61814 -0.98522</i>
                        <i>-0.148785 0.987009 0.0606241 -0.377339 -2.22045e-016 -0.926075 -0.914045 -0.160662 0.372437 3.68633 7.61757 -0.985245</i>
                        <i>-0.147685 0.987202 0.0601757 -0.377339 0 -0.926075 -0.914223 -0.159474 0.37251 3.68638 7.61696 -0.985265</i>
                        <i>-0.146909 0.987337 0.0598597 -0.377339 -4.44089e-016 -0.926075 -0.914348 -0.158636 0.372561 3.68642 7.61633 -0.985279</i>
                        <i>-0.146521 0.987404 0.0597016 -0.377339 0 -0.926075 -0.914411 -0.158217 0.372586 3.68643 7.61568 -0.985286</i>
                        <i>-0.146576 0.987395 0.059724 -0.377339 -4.44089e-016 -0.926075 -0.914402 -0.158277 0.372583 3.68643 7.61503 -0.985285</i>
                        <i>-0.147055 0.987312 0.059919 -0.377339 0 -0.926075 -0.914325 -0.158794 0.372552 3.68641 7.61438 -0.985276</i>
                        <i>-0.147898 0.987165 0.0602627 -0.377339 -4.44089e-016 -0.926075 -0.914189 -0.159704 0.372496 3.68637 7.61374 -0.985261</i>
                        <i>-0.149047 0.986963 0.0607309 -0.377339 2.22045e-016 -0.926075 -0.914002 -0.160945 0.37242 3.68632 7.61313 -0.98524</i>
                        <i>-0.150443 0.986717 0.0612994 -0.377339 0 -0.926075 -0.913774 -0.162452 0.372327 3.68626 7.61256 -0.985215</i>
                        <i>-0.152025 0.986434 0.0619442 -0.377339 -4.44089e-016 -0.926075 -0.913512 -0.164161 0.37222 3.68619 7.61203 -0.985186</i>
                        <i>-0.153735 0.986125 0.0626411 -0.377339 -2.22045e-016 -0.926075 -0.913225 -0.166007 0.372103 3.68611 7.61156 -0.985155</i>
                        <i>-0.155514 0.985799 0.063366 -0.377339 -2.22045e-016 -0.926075 -0.912924 -0.167929 0.371981 3.68603 7.61116 -0.985123</i>
                        <i>-0.157303 0.985468 0.0640949 -0.377339 -4.44089e-016 -0.926075 -0.912618 -0.16986 0.371856 3.68595 7.61083 -0.98509</i>
                        <i>-0.159043 0.985143 0.0648036 -0.377339 -2.22045e-016 -0.926075 -0.912316 -0.171738 0.371733 3.68587 7.61059 -0.985058</i>
                        <i>-0.160674 0.984834 0.0654683 -0.377339 -4.44089e-016 -0.926075 -0.91203 -0.1735 0.371616 3.6858 7.61045 -0.985028</i>
                        <i>-0.162153 0.984551 0.0660711 -0.377339 0 -0.926075 -0.911768 -0.175097 0.37151 3.68573 7.61041 -0.985001</i>
                        <i>-0.16376 0.984241 0.0667258 -0.377339 -2.22045e-016 -0.926075 -0.911481 -0.176832 0.371393 3.68566 7.61049 -0.984971</i>
                        <i>-0.165563 0.983889 0.0674603 -0.377339 0 -0.926075 -0.911155 -0.178779 0.37126 3.68558 7.61067 -0.984937</i>
                        <i>-0.167489 0.983509 0.068245 -0.377339 -4.44089e-016 -0.926075 -0.910803 -0.180859 0.371117 3.68549 7.61093 -0.984901</i>
                        <i>-0.169466 0.983114 0.0690506 -0.377339 2.22045e-016 -0.926075 -0.910438 -0.182993 0.370968 3.6854 7.61129 -0.984864</i>
                        <i>-0.171422 0.982719 0.0698476 -0.377339 -4.44089e-016 -0.926075 -0.910071 -0.185106 0.370818 3.68531 7.61171 -0.984828</i>
                        <i>-0.173284 0.982338 0.0706066 -0.377339 -4.44089e-016 -0.926075 -0.909718 -0.187117 0.370675 3.68522 7.61219 -0.984793</i>
                        <i>-0.174982 0.981987 0.0712982 -0.377339 0 -0.926075 -0.909393 -0.18895 0.370542 3.68514 7.61273 -0.984761</i>
                        <i>-0.176442 0.981682 0.0718931 -0.377339 -2.22045e-016 -0.926075 -0.909111 -0.190527 0.370427 3.68508 7.61331 -0.984733</i>
                        <i>-0.177593 0.98144 0.0723621 -0.377339 -4.44089e-016 -0.926075 -0.908887 -0.191769 0.370336 3.68502 7.61393 -0.984711</i>
                        <i>-0.178362 0.981277 0.0726757 -0.377339 -2.22045e-016 -0.926075 -0.908736 -0.1926 0.370274 3.68499 7.61456 -0.984697</i>
                        <i>-0.178679 0.98121 0.0728048 -0.377339 -2.22045e-016 -0.926075 -0.908674 -0.192942 0.370249 3.68497 7.61521 -0.984691</i>
                        <i>-0.178487 0.981251 0.0727264 -0.377339 -4.44089e-016 -0.926075 -0.908712 -0.192735 0.370264 3.68498 7.61587 -0.984694</i>
                        <i>-0.177824 0.981391 0.0724562 -0.377339 -2.22045e-016 -0.926075 -0.908842 -0.192019 0.370317 3.68501 7.61651 -0.984707</i>
                        <i>-0.176761 0.981615 0.0720233 -0.377339 0 -0.926075 -0.909049 -0.190872 0.370402 3.68506 7.61714 -0.984727</i>
                        <i>-0.175372 0.981906 0.0714571 -0.377339 0 -0.926075 -0.909318 -0.189371 0.370512 3.68513 7.61775 -0.984753</i>
                        <i>-0.173727 0.982247 0.0707869 -0.377339 -2.22045e-016 -0.926075 -0.909634 -0.187595 0.37064 3.6852 7.61831 -0.984784</i>
                        <i>-0.171899 0.982621 0.0700421 -0.377339 -4.44089e-016 -0.926075 -0.909981 -0.185621 0.370782 3.68529 7.61882 -0.984819</i>
                        <i>-0.16996 0.983015 0.0692518 -0.377339 -2.22045e-016 -0.926075 -0.910345 -0.183527 0.37093 3.68538 7.61928 -0.984855</i>
                        <i>-0.167981 0.983411 0.0684456 -0.377339 0 -0.926075 -0.910713 -0.18139 0.37108 3.68547 7.61967 -0.984892</i>
                        <i>-0.166035 0.983796 0.0676529 -0.377339 -2.22045e-016 -0.926075 -0.911069 -0.179289 0.371225 3.68556 7.61997 -0.984929</i>
                        <i>-0.164195 0.984156 0.0669031 -0.377339 -4.44089e-016 -0.926075 -0.911403 -0.177302 0.371361 3.68564 7.62019 -0.984963</i>
                        <i>-0.162533 0.984478 0.0662257 -0.377339 1.11022e-016 -0.926075 -0.911701 -0.175507 0.371482 3.68572 7.62031 -0.984994</i>
                        <i>-0.161058 0.984761 0.0656247 -0.377339 0 -0.926075 -0.911962 -0.173914 0.371589 3.68578 7.62031 -0.985021</i>
                        <i>-0.159463 0.985063 0.0649749 -0.377339 -6.66134e-016 -0.926075 -0.912243 -0.172192 0.371703 3.68586 7.62021 -0.985051</i>
                        <i>-0.157745 0.985386 0.0642749 -0.377339 -4.44089e-016 -0.926075 -0.912541 -0.170337 0.371825 3.68593 7.62001 -0.985082</i>
                        <i>-0.155963 0.985717 0.0635488 -0.377339 1.11022e-016 -0.926075 -0.912848 -0.168413 0.37195 3.68601 7.61972 -0.985115</i>
                        <i>-0.154176 0.986044 0.0628207 -0.377339 0 -0.926075 -0.913151 -0.166483 0.372073 3.68609 7.61935 -0.985147</i>
                        <i>-0.152443 0.986358 0.0621145 -0.377339 -4.44089e-016 -0.926075 -0.913442 -0.164612 0.372192 3.68617 7.61891 -0.985179</i>
                        <i>-0.150823 0.986649 0.0614544 -0.377339 -2.22045e-016 -0.926075 -0.913711 -0.162863 0.372301 3.68624 7.61841 -0.985208</i>
                        <i>-0.149375 0.986906 0.0608646 -0.377339 0 -0.926075 -0.913949 -0.161299 0.372398 3.68631 7.61786 -0.985234</i>
                        <i>-0.148159 0.987119 0.060369 -0.377339 0 -0.926075 -0.914147 -0.159986 0.372479 3.68636 7.61727 -0.985256</i>
                        <i>-0.147234 0.987281 0.059992 -0.377339 -2.22045e-016 -0.926075 -0.914296 -0.158987 0.37254 3.6864 7.61665 -0.985273</i>
                        <i>-0.146658 0.987381 0.0597575 -0.377339 -2.22045e-016 -0.926075 -0.914389 -0.158365 0.372577 3.68643 7.61601 -0.985284</i>
                        <i>-0.146492 0.987409 0.0596897 -0.377339 -2.22045e-016 -0.926075 -0.914415 -0.158186 0.372588 3.68643 7.61535 -0.985287</i>
                        <i>-0.146766 0.987362 0.0598014 -0.377339 -2.22045e-016 -0.926075 -0.914371 -0.158482 0.37257 3.68642 7.6147 -0.985282</i>
                        <i>-0.147435 0.987246 0.0600738 -0.377339 -2.22045e-016 -0.926075 -0.914264 -0.159204 0.372527 3.68639 7.61406 -0.98527</i>
                        <i>-0.148438 0.98707 0.0604827 -0.377339 0 -0.926075 -0.914101 -0.160287 0.37246 3.68635 7.61344 -0.985251</i>
                        <i>-0.149718 0.986845 0.0610041 -0.377339 -2.22045e-016 -0.926075 -0.913893 -0.161669 0.372375 3.68629 7.61284 -0.985228</i>
                        <i>-0.151214 0.986579 0.0616138 -0.377339 0 -0.926075 -0.913646 -0.163285 0.372275 3.68622 7.61229 -0.985201</i>
                        <i>-0.152868 0.986282 0.0622876 -0.377339 0 -0.926075 -0.913371 -0.165071 0.372163 3.68615 7.61179 -0.985171</i>
                        <i>-0.15462 0.985963 0.0630016 -0.377339 -2.22045e-016 -0.926075 -0.913076 -0.166963 0.372043 3.68607 7.61135 -0.985139</i>
                        <i>-0.156411 0.985634 0.0637315 -0.377339 0 -0.926075 -0.912771 -0.168897 0.371918 3.68599 7.61098 -0.985106</i>
                        <i>-0.158183 0.985304 0.0644533 -0.377339 0 -0.926075 -0.912466 -0.17081 0.371794 3.68591 7.6107 -0.985074</i>
                        <i>-0.159875 0.984985 0.065143 -0.377339 0 -0.926075 -0.91217 -0.172638 0.371674 3.68584 7.6105 -0.985043</i>
                        <i>-0.16143 0.98469 0.0657765 -0.377339 -2.22045e-016 -0.926075 -0.911897 -0.174317 0.371562 3.68577 7.61041 -0.985014</i>
                        <i>-0.162928 0.984402 0.0663866 -0.377339 0 -0.926075 -0.91163 -0.175933 0.371454 3.6857 7.61044 -0.984987</i>
                        <i>-0.164641 0.98407 0.0670849 -0.377339 -4.44089e-016 -0.926075 -0.911322 -0.177784 0.371328 3.68562 7.61056 -0.984955</i>
                        <i>-0.166515 0.983702 0.0678482 -0.377339 -2.22045e-016 -0.926075 -0.910982 -0.179807 0.371189 3.68553 7.61079 -0.98492</i>
                        <i>-0.168475 0.983313 0.0686471 -0.377339 -2.22045e-016 -0.926075 -0.910621 -0.181924 0.371042 3.68544 7.6111 -0.984883</i>
                        <i>-0.170451 0.982916 0.069452 -0.377339 -4.44089e-016 -0.926075 -0.910254 -0.184057 0.370893 3.68535 7.61149 -0.984846</i>
                        <i>-0.172369 0.982525 0.0702337 -0.377339 -2.22045e-016 -0.926075 -0.909892 -0.186129 0.370745 3.68526 7.61194 -0.98481</i>
                        <i>-0.174158 0.982157 0.0709626 -0.377339 -2.22045e-016 -0.926075 -0.909552 -0.188061 0.370607 3.68518 7.61246 -0.984776</i>
                        <i>-0.175746 0.981828 0.0716096 -0.377339 -2.22045e-016 -0.926075 -0.909246 -0.189775 0.370482 3.68511 7.61302 -0.984746</i>
                        <i>-0.17706 0.981552 0.0721452 -0.377339 -2.22045e-016 -0.926075 -0.908991 -0.191194 0.370378 3.68505 7.61362 -0.984721</i>
                        <i>-0.17803 0.981348 0.0725401 -0.377339 -8.88178e-016 -0.926075 -0.908802 -0.192241 0.370301 3.685 7.61424 -0.984703</i>
                        <i>-0.178582 0.981231 0.0727651 -0.377339 2.22045e-016 -0.926075 -0.908693 -0.192837 0.370257 3.68498 7.61489 -0.984693</i>
                        <i>-0.178642 0.981218 0.0727897 -0.377339 2.22045e-016 -0.926075 -0.908681 -0.192902 0.370252 3.68497 7.61554 -0.984691</i>
                        <i>-0.178158 0.981321 0.0725922 -0.377339 0 -0.926075 -0.908777 -0.192379 0.370291 3.685 7.61619 -0.984701</i>
                        <i>-0.177198 0.981523 0.0722011 -0.377339 -4.44089e-016 -0.926075 -0.908964 -0.191343 0.370367 3.68504 7.61683 -0.984719</i>
                        <i>-0.175851 0.981806 0.0716525 -0.377339 0 -0.926075 -0.909226 -0.189889 0.370474 3.6851 7.61745 -0.984744</i>
                        <i>-0.174207 0.982147 0.0709824 -0.377339 -4.44089e-016 -0.926075 -0.909542 -0.188113 0.370603 3.68518 7.61803 -0.984775</i>
                        <i>-0.172352 0.982529 0.0702268 -0.377339 0 -0.926075 -0.909895 -0.186111 0.370747 3.68526 7.61858 -0.98481</i>
                        <i>-0.170377 0.98293 0.0694219 -0.377339 0 -0.926075 -0.910267 -0.183977 0.370898 3.68536 7.61906 -0.984847</i>
