<?xml version="1.0" encoding="ISO-8859-1" ?>
<Animl Version="1">
    <ModellingPackage><![CDATA[Maya.2010]]></ModellingPackage>
    <SrcFile><![CDATA[anims\turrets\antiair\blue\~src\aa_patriot\aa_patriot_fire_crewman_c.mb]]></SrcFile>
    <FramesPerSecond>30</FramesPerSecond>
    <TotalFrames>49</TotalFrames>
    <Skeleton>
        <RefFrame>
            <Name><![CDATA[soldier_ref_frame]]></Name>
            <Exclude>0</Exclude>
            <Additive>0</Additive>
            <IKPriority>0</IKPriority>
            <IKRotLimits>-1e+010 -1e+010 -1e+010 1e+010 1e+010 1e+010</IKRotLimits>
            <IKRotLimitOrder>0</IKRotLimitOrder>
            <KeyFrames count="49">
                <i>1 0 0 0 1 0 0 0 1 2.96 4.27 5.34</i>
                <i>1 0 0 0 1 0 0 0 1 2.96 4.27 5.34</i>
                <i>1 0 0 0 1 0 0 0 1 2.96 4.27 5.34</i>
                <i>1 0 0 0 1 0 0 0 1 2.96 4.27 5.34</i>
                <i>1 0 0 0 1 0 0 0 1 2.96 4.27 5.34</i>
                <i>1 0 0 0 1 0 0 0 1 2.96 4.27 5.34</i>
                <i>1 0 0 0 1 0 0 0 1 2.96 4.27 5.34</i>
                <i>1 0 0 0 1 0 0 0 1 2.96 4.27 5.34</i>
                <i>1 0 0 0 1 0 0 0 1 2.96 4.27 5.34</i>
                <i>1 0 0 0 1 0 0 0 1 2.96 4.27 5.34</i>
                <i>1 0 0 0 1 0 0 0 1 2.96 4.27 5.34</i>
                <i>1 0 0 0 1 0 0 0 1 2.96 4.27 5.34</i>
                <i>1 0 0 0 1 0 0 0 1 2.96 4.27 5.34</i>
                <i>1 0 0 0 1 0 0 0 1 2.96 4.27 5.34</i>
                <i>1 0 0 0 1 0 0 0 1 2.96 4.27 5.34</i>
                <i>1 0 0 0 1 0 0 0 1 2.96 4.27 5.34</i>
                <i>1 0 0 0 1 0 0 0 1 2.96 4.27 5.34</i>
                <i>1 0 0 0 1 0 0 0 1 2.96 4.27 5.34</i>
                <i>1 0 0 0 1 0 0 0 1 2.96 4.27 5.34</i>
                <i>1 0 0 0 1 0 0 0 1 2.96 4.27 5.34</i>
                <i>1 0 0 0 1 0 0 0 1 2.96 4.27 5.34</i>
                <i>1 0 0 0 1 0 0 0 1 2.96 4.27 5.34</i>
                <i>1 0 0 0 1 0 0 0 1 2.96 4.27 5.34</i>
                <i>1 0 0 0 1 0 0 0 1 2.96 4.27 5.34</i>
                <i>1 0 0 0 1 0 0 0 1 2.96 4.27 5.34</i>
                <i>1 0 0 0 1 0 0 0 1 2.96 4.27 5.34</i>
                <i>1 0 0 0 1 0 0 0 1 2.96 4.27 5.34</i>
                <i>1 0 0 0 1 0 0 0 1 2.96 4.27 5.34</i>
                <i>1 0 0 0 1 0 0 0 1 2.96 4.27 5.34</i>
                <i>1 0 0 0 1 0 0 0 1 2.96 4.27 5.34</i>
                <i>1 0 0 0 1 0 0 0 1 2.96 4.27 5.34</i>
                <i>1 0 0 0 1 0 0 0 1 2.96 4.27 5.34</i>
                <i>1 0 0 0 1 0 0 0 1 2.96 4.27 5.34</i>
                <i>1 0 0 0 1 0 0 0 1 2.96 4.27 5.34</i>
                <i>1 0 0 0 1 0 0 0 1 2.96 4.27 5.34</i>
                <i>1 0 0 0 1 0 0 0 1 2.96 4.27 5.34</i>
                <i>1 0 0 0 1 0 0 0 1 2.96 4.27 5.34</i>
                <i>1 0 0 0 1 0 0 0 1 2.96 4.27 5.34</i>
                <i>1 0 0 0 1 0 0 0 1 2.96 4.27 5.34</i>
                <i>1 0 0 0 1 0 0 0 1 2.96 4.27 5.34</i>
                <i>1 0 0 0 1 0 0 0 1 2.96 4.27 5.34</i>
                <i>1 0 0 0 1 0 0 0 1 2.96 4.27 5.34</i>
                <i>1 0 0 0 1 0 0 0 1 2.96 4.27 5.34</i>
                <i>1 0 0 0 1 0 0 0 1 2.96 4.27 5.34</i>
                <i>1 0 0 0 1 0 0 0 1 2.96 4.27 5.34</i>
                <i>1 0 0 0 1 0 0 0 1 2.96 4.27 5.34</i>
                <i>1 0 0 0 1 0 0 0 1 2.96 4.27 5.34</i>
                <i>1 0 0 0 1 0 0 0 1 2.96 4.27 5.34</i>
                <i>1 0 0 0 1 0 0 0 1 2.96 4.27 5.34</i>
            </KeyFrames>
        </RefFrame>
        <Bones count="23">
            <i>
                <p>
                    <Name><![CDATA[pelvis]]></Name>
                    <Exclude>0</Exclude>
                    <Additive>0</Additive>
                    <IKPriority>0</IKPriority>
                    <IKRotLimits>-1e+010 -1e+010 -1e+010 1e+010 1e+010 1e+010</IKRotLimits>
                    <IKRotLimitOrder>2</IKRotLimitOrder>
                    <KeyFrames count="49">
                        <i>1 0 0 0 1 0 0 0 1 2.96155 5.41215 5.34448</i>
                        <i>1 0 0 0 1 0 0 0 1 2.9559 5.4231 5.3319</i>
                        <i>1 0 0 0 1 0 0 0 1 2.92866 5.43792 5.28234</i>
                        <i>1 0 0 0 1 0 0 0 1 2.89021 5.45281 5.21167</i>
                        <i>1 0 0 0 1 0 0 0 1 2.85104 5.4637 5.13606</i>
                        <i>1 0 0 0 1 0 0 0 1 2.82175 5.46636 5.07185</i>
                        <i>1 0 0 0 1 0 0 0 1 2.81514 5.45296 5.0329</i>
                        <i>1 0 0 0 1 0 0 0 1 2.82937 5.41986 5.00736</i>
                        <i>1 0 0 0 1 0 0 0 1 2.85168 5.37651 4.97913</i>
                        <i>1 0 0 0 1 0 0 0 1 2.87988 5.341 4.95752</i>
                        <i>1 0 0 0 1 0 0 0 1 2.91301 5.33096 4.953</i>
                        <i>1 0 0 0 1 0 0 0 1 2.95031 5.35249 4.9713</i>
                        <i>1 0 0 0 1 0 0 0 1 2.99079 5.40148 5.01383</i>
                        <i>1 0 0 0 1 0 0 0 1 3.03339 5.47687 5.07567</i>
                        <i>1 0 0 0 1 0 0 0 1 3.07497 5.56899 5.14308</i>
                        <i>1 0 0 0 1 0 0 0 1 3.11155 5.66666 5.20747</i>
                        <i>1 0 0 0 1 0 0 0 1 3.13951 5.75853 5.26064</i>
                        <i>1 0 0 0 1 0 0 0 1 3.15943 5.8338 5.30207</i>
                        <i>1 0 0 0 1 0 0 0 1 3.17452 5.88252 5.33523</i>
                        <i>1 0 0 0 1 0 0 0 1 3.18476 5.89936 5.35961</i>
                        <i>1 0 0 0 1 0 0 0 1 3.18897 5.88303 5.37374</i>
                        <i>1 0 0 0 1 0 0 0 1 3.18739 5.83561 5.37774</i>
                        <i>1 0 0 0 1 0 0 0 1 3.1817 5.76604 5.37483</i>
                        <i>1 0 0 0 1 0 0 0 1 3.1727 5.68061 5.36625</i>
                        <i>1 0 0 0 1 0 0 0 1 3.16122 5.58562 5.35341</i>
                        <i>1 0 0 0 1 0 0 0 1 3.14821 5.48733 5.33796</i>
                        <i>1 0 0 0 1 0 0 0 1 3.13468 5.39196 5.32178</i>
                        <i>1 0 0 0 1 0 0 0 1 3.12174 5.30569 5.30696</i>
                        <i>1 0 0 0 1 0 0 0 1 3.11058 5.23462 5.29574</i>
                        <i>1 0 0 0 1 0 0 0 1 3.10073 5.18318 5.28792</i>
                        <i>1 0 0 0 1 0 0 0 1 3.09109 5.15534 5.28222</i>
                        <i>1 0 0 0 1 0 0 0 1 3.08153 5.14428 5.27882</i>
                        <i>1 0 0 0 1 0 0 0 1 3.0718 5.13923 5.27727</i>
                        <i>1 0 0 0 1 0 0 0 1 3.06196 5.13956 5.27731</i>
                        <i>1 0 0 0 1 0 0 0 1 3.05204 5.14469 5.27871</i>
                        <i>1 0 0 0 1 0 0 0 1 3.04212 5.15401 5.28121</i>
                        <i>1 0 0 0 1 0 0 0 1 3.03223 5.16691 5.28456</i>
                        <i>1 0 0 0 1 0 0 0 1 3.02244 5.1828 5.28854</i>
                        <i>1 0 0 0 1 0 0 0 1 3.01281 5.20106 5.29292</i>
                        <i>1 0 0 0 1 0 0 0 1 3.0034 5.22111 5.29746</i>
                        <i>1 0 0 0 1 0 0 0 1 2.99427 5.24234 5.30198</i>
                        <i>1 0 0 0 1 0 0 0 1 2.98549 5.26415 5.30625</i>
                        <i>1 0 0 0 1 0 0 0 1 2.97713 5.28594 5.3101</i>
                        <i>1 0 0 0 1 0 0 0 1 2.97082 5.30826 5.31606</i>
                        <i>1 0 0 0 1 0 0 0 1 2.96745 5.3314 5.32517</i>
                        <i>1 0 0 0 1 0 0 0 1 2.96592 5.35437 5.33501</i>
                        <i>1 0 0 0 1 0 0 0 1 2.96517 5.37615 5.34315</i>
                        <i>1 0 0 0 1 0 0 0 1 2.96408 5.39575 5.34713</i>
                        <i>1 0 0 0 1 0 0 0 1 2.96155 5.41215 5.34448</i>
                    </KeyFrames>
                </p>
            </i>
            <i>
                <p>
                    <Name><![CDATA[spine0]]></Name>
                    <Exclude>0</Exclude>
                    <Additive>0</Additive>
                    <IKPriority>0</IKPriority>
                    <IKRotLimits>-1e+010 -1e+010 -1e+010 1e+010 1e+010 1e+010</IKRotLimits>
                    <IKRotLimitOrder>0</IKRotLimitOrder>
                    <KeyFrames count="49">
                        <i>0.000292363 0.999993 0.00362891 -0.911505 0.00175902 -0.411285 -0.411288 -0.00318753 0.9115 2.98125 5.54781 5.30082</i>
                        <i>-0.0108482 0.999936 0.00307896 -0.911496 -0.00862247 -0.411219 -0.411167 -0.00726743 0.911531 2.97386 5.55912 5.28866</i>
                        <i>-0.0245762 0.999692 0.00339614 -0.911403 -0.0210096 -0.410977 -0.41078 -0.0131955 0.911639 2.94426 5.57459 5.24021</i>
                        <i>-0.0381424 0.999263 0.00434806 -0.911227 -0.0329955 -0.410581 -0.410135 -0.0196226 0.911814 2.90344 5.59008 5.17071</i>
                        <i>-0.0487915 0.998793 0.00566724 -0.911031 -0.0421769 -0.410176 -0.409442 -0.0251761 0.911989 2.8626 5.6013 5.09571</i>
                        <i>-0.0537802 0.998528 0.00707582 -0.910924 -0.0461567 -0.409983 -0.409053 -0.0284945 0.912066 2.83299 5.60381 5.03088</i>
                        <i>-0.0488462 0.998768 0.0087278 -0.911059 -0.0409718 -0.410235 -0.409372 -0.02799 0.911938 2.8283 5.5895 4.98953</i>
                        <i>-0.0322315 0.999473 0.00380902 -0.911304 -0.0278226 -0.410793 -0.410471 -0.0167116 0.911721 2.8474 5.55371 4.9578</i>
                        <i>-0.00910803 0.999916 -0.00923415 -0.911402 -0.0121005 -0.41134 -0.411417 0.00466952 0.911435 2.87658 5.50515 4.91974</i>
                        <i>0.0125745 0.999595 -0.0255321 -0.911316 0.000947996 -0.411706 -0.411515 0.0284448 0.910959 2.91176 5.46217 4.88682</i>
                        <i>0.0254215 0.998817 -0.0414579 -0.911221 0.0060964 -0.411873 -0.411133 0.0482477 0.910298 2.95041 5.44349 4.87155</i>
                        <i>0.0270109 0.99836 -0.0504716 -0.911223 0.00383032 -0.411895 -0.411026 0.0571165 0.909833 2.99107 5.45746 4.88176</i>
                        <i>0.0186442 0.998847 -0.0442476 -0.911264 -0.00123374 -0.411821 -0.4114 0.0479993 0.91019 3.03255 5.50297 4.92081</i>
                        <i>-5.7409e-005 0.999807 -0.0196362 -0.911302 -0.00813731 -0.411659 -0.411739 0.0178709 0.911127 3.07385 5.57987 4.98374</i>
                        <i>-0.0264696 0.999452 0.0198617 -0.911306 -0.0159591 -0.411421 -0.410878 -0.0289902 0.911229 3.11251 5.67669 5.0554</i>
                        <i>-0.0571093 0.995981 0.0689957 -0.911267 -0.0237713 -0.411129 -0.407837 -0.0863528 0.908962 3.14493 5.78081 5.12653</i>
                        <i>-0.088493 0.988512 0.122531 -0.911199 -0.0306479 -0.410826 -0.402351 -0.148005 0.903443 3.16795 5.8795 5.18815</i>
                        <i>-0.117038 0.977505 0.17546 -0.911135 -0.0353923 -0.410584 -0.395138 -0.207922 0.894782 3.18283 5.96087 5.2388</i>
                        <i>-0.13934 0.964896 0.22262 -0.911123 -0.0368689 -0.410482 -0.387865 -0.260031 0.884277 3.19355 6.01429 5.28072</i>
                        <i>-0.153323 0.953992 0.257667 -0.91116 -0.0355612 -0.410516 -0.382465 -0.297717 0.874691 3.20081 6.03412 5.31186</i>
                        <i>-0.157506 0.948784 0.273861 -0.911209 -0.0327393 -0.410642 -0.380644 -0.314223 0.869697 3.20402 6.01894 5.32905</i>
                        <i>-0.151632 0.950899 0.269813 -0.911258 -0.0287394 -0.410833 -0.382906 -0.308165 0.870872 3.20352 5.97107 5.33206</i>
                        <i>-0.138125 0.958204 0.250531 -0.911302 -0.0238925 -0.411045 -0.38788 -0.285085 0.876514 3.20033 5.89982 5.32532</i>
                        <i>-0.118748 0.968358 0.219505 -0.911336 -0.0185355 -0.411246 -0.394165 -0.248877 0.8847 3.19482 5.81154 5.3109</i>
                        <i>-0.0953378 0.97899 0.180246 -0.911358 -0.0130051 -0.41141 -0.400423 -0.203491 0.89345 3.18739 5.71259 5.29104</i>
                        <i>-0.0698611 0.98819 0.136379 -0.911366 -0.00763599 -0.411525 -0.405624 -0.15304 0.901137 3.17852 5.60943 5.26819</i>
                        <i>-0.0444047 0.994801 0.0916504 -0.911364 -0.00276074 -0.411591 -0.409198 -0.101803 0.906749 3.16886 5.50869 5.24495</i>
                        <i>-0.021114 0.998532 0.0498776 -0.911355 0.00129009 -0.411619 -0.411079 -0.0541472 0.90999 3.15919 5.41714 5.22405</i>
                        <i>-0.00212602 0.999887 0.0148774 -0.911343 0.00418684 -0.411626 -0.411642 -0.0144335 0.911232 3.15044 5.34163 5.20824</i>
                        <i>0.0105151 0.999903 -0.00917926 -0.911334 0.00580489 -0.411628 -0.411534 0.0126937 0.911306 3.14196 5.28745 5.19778</i>
                        <i>0.0148259 0.999728 -0.0179789 -0.91133 0.00611227 -0.41163 -0.411409 0.0224875 0.911174 3.13244 5.2594 5.1919</i>
                        <i>0.014327 0.999734 -0.0180616 -0.911331 0.00562338 -0.411635 -0.411424 0.0223576 0.91117 3.12218 5.24984 5.18993</i>
                        <i>0.0138597 0.999732 -0.0185345 -0.911333 0.00500254 -0.41164 -0.411437 0.0225963 0.911158 3.11155 5.24665 5.19023</i>
                        <i>0.0133727 0.999726 -0.0192033 -0.911335 0.00428326 -0.411644 -0.411449 0.0230054 0.911142 3.10061 5.24915 5.19251</i>
                        <i>0.0128158 0.99972 -0.0198751 -0.911338 0.00349906 -0.411643 -0.411459 0.0233885 0.911128 3.08944 5.25666 5.19649</i>
                        <i>0.0121452 0.999719 -0.0203716 -0.911344 0.0026835 -0.411637 -0.411467 0.023565 0.91112 3.0781 5.26849 5.20187</i>
                        <i>0.0113289 0.999725 -0.0205402 -0.911352 0.0018703 -0.411624 -0.411472 0.0233826 0.911122 3.06669 5.28396 5.20836</i>
                        <i>0.0103511 0.999741 -0.0202634 -0.911362 0.00109344 -0.411604 -0.411475 0.0227278 0.911138 3.05529 5.30241 5.21567</i>
                        <i>0.00921566 0.999768 -0.0194661 -0.911375 0.000387208 -0.411577 -0.411474 0.0215339 0.911167 3.04398 5.32317 5.22353</i>
                        <i>0.00794675 0.999804 -0.0181179 -0.91139 -0.000213764 -0.411544 -0.411467 0.0197829 0.91121 3.03287 5.34559 5.23163</i>
                        <i>0.0065885 0.999847 -0.016231 -0.911406 -0.000674458 -0.411507 -0.411455 0.0175042 0.911262 3.02206 5.36902 5.23971</i>
                        <i>0.00520208 0.999891 -0.0138545 -0.911424 -0.000959475 -0.411468 -0.411436 0.0147678 0.911319 3.01164 5.39283 5.24748</i>
                        <i>0.00386116 0.999931 -0.0110644 -0.911441 -0.00103308 -0.411429 -0.411412 0.0116732 0.911375 3.00175 5.41639 5.25468</i>
                        <i>0.00270793 0.999965 -0.0079275 -0.911458 -0.000793169 -0.411392 -0.411384 0.00833961 0.911424 2.99405 5.44025 5.26377</i>
                        <i>0.00181663 0.999987 -0.00466253 -0.911474 -0.000262164 -0.411358 -0.411354 0.00499706 0.911462 2.98948 5.46468 5.27569</i>
                        <i>0.00116301 0.999998 -0.00158224 -0.911487 0.00040925 -0.411328 -0.411327 0.00192058 0.911486 2.98697 5.48866 5.28792</i>
                        <i>0.00071724 0.999999 0.00101306 -0.911497 0.00107044 -0.411305 -0.411306 -0.000628394 0.911497 2.98548 5.51119 5.29789</i>
                        <i>0.000442125 0.999996 0.00283907 -0.911503 0.00157068 -0.41129 -0.411293 -0.00240598 0.9115 2.98393 5.53124 5.30305</i>
                        <i>0.000292363 0.999993 0.00362891 -0.911505 0.00175902 -0.411285 -0.411288 -0.00318753 0.9115 2.98125 5.54781 5.30082</i>
                    </KeyFrames>
                </p>
            </i>
            <i>
                <p>
                    <Name><![CDATA[spine1]]></Name>
                    <Exclude>0</Exclude>
                    <Additive>0</Additive>
                    <IKPriority>0</IKPriority>
                    <IKRotLimits>-1e+010 -1e+010 -1e+010 1e+010 1e+010 1e+010</IKRotLimits>
                    <IKRotLimitOrder>0</IKRotLimitOrder>
                    <KeyFrames count="49">
                        <i>-0.0720058 0.989835 0.122645 -0.854741 0.00213442 -0.51905 -0.514036 -0.142205 0.845899 2.9813 5.71956 5.30144</i>
                        <i>-0.081295 0.989676 0.118035 -0.854721 -0.00830786 -0.51902 -0.512682 -0.143081 0.846573 2.972 5.7307 5.28919</i>
                        <i>-0.0911404 0.989799 0.109509 -0.854586 -0.0212833 -0.518873 -0.511249 -0.140875 0.847808 2.94005 5.74576 5.24079</i>
                        <i>-0.101046 0.989645 0.101942 -0.854349 -0.0338124 -0.518598 -0.509781 -0.139496 0.848919 2.89693 5.76082 5.17146</i>
                        <i>-0.110546 0.988796 0.10031 -0.854137 -0.0429143 -0.518274 -0.508162 -0.142972 0.849312 2.85427 5.77181 5.09668</i>
                        <i>-0.119167 0.986808 0.109589 -0.854138 -0.0456152 -0.518041 -0.506208 -0.155338 0.848306 2.8238 5.7745 5.0321</i>
                        <i>-0.124802 0.98298 0.134813 -0.854505 -0.0374354 -0.518092 -0.504227 -0.179857 0.844634 2.81991 5.76108 4.99103</i>
                        <i>-0.129331 0.975643 0.177186 -0.854894 -0.0191695 -0.518449 -0.502424 -0.218527 0.83655 2.84181 5.72748 4.95845</i>
                        <i>-0.135238 0.964039 0.228779 -0.85449 0.00340407 -0.519457 -0.501556 -0.26574 0.823301 2.87498 5.68263 4.91807</i>
                        <i>-0.142979 0.949948 0.277769 -0.852875 0.0241371 -0.521557 -0.502156 -0.311475 0.806736 2.91408 5.64447 4.8821</i>
                        <i>-0.154015 0.936351 0.315477 -0.850446 0.0369195 -0.524765 -0.503012 -0.349118 0.79063 2.95523 5.63102 4.86368</i>
                        <i>-0.167907 0.924386 0.342516 -0.848075 0.0416827 -0.528234 -0.502569 -0.379174 0.77695 2.99633 5.64968 4.87193</i>
                        <i>-0.183111 0.912447 0.365938 -0.84679 0.0427061 -0.53021 -0.499416 -0.40696 0.764831 3.03625 5.69826 4.91202</i>
                        <i>-0.20206 0.896825 0.393544 -0.84713 0.041603 -0.529755 -0.49147 -0.440425 0.751321 3.0739 5.77638 4.97974</i>
                        <i>-0.224736 0.875386 0.428011 -0.848658 0.0400056 -0.527427 -0.478825 -0.481766 0.733913 3.10737 5.87305 5.05917</i>
                        <i>-0.248498 0.849243 0.46587 -0.851032 0.0382744 -0.523716 -0.462593 -0.526613 0.713222 3.13382 5.97559 5.13989</i>
                        <i>-0.270865 0.820367 0.503618 -0.853817 0.0368656 -0.519267 -0.444555 -0.570648 0.690457 3.15082 6.07145 5.21182</i>
                        <i>-0.289643 0.791354 0.538391 -0.856556 0.0366959 -0.514747 -0.427104 -0.610255 0.667211 3.16034 6.14914 5.27247</i>
                        <i>-0.303147 0.765317 0.567795 -0.858838 0.0387591 -0.510779 -0.412915 -0.642485 0.645534 3.16697 6.19872 5.32316</i>
                        <i>-0.31092 0.74593 0.588997 -0.860355 0.0424494 -0.507925 -0.403879 -0.66467 0.628566 3.17172 6.21543 5.36072</i>
                        <i>-0.312924 0.737013 0.599075 -0.860869 0.0463647 -0.506711 -0.401228 -0.674286 0.619963 3.1742 6.19887 5.38088</i>
                        <i>-0.309102 0.740031 0.597336 -0.860354 0.0500668 -0.507232 -0.405274 -0.670707 0.621213 3.17477 6.15161 5.38318</i>
                        <i>-0.300491 0.752528 0.586008 -0.85909 0.0533539 -0.509036 -0.41433 -0.656395 0.630457 3.17407 6.08235 5.37294</i>
                        <i>-0.287897 0.7719 0.566821 -0.857283 0.0560701 -0.511784 -0.426827 -0.633267 0.645594 3.17214 5.99688 5.3528</i>
                        <i>-0.272175 0.795441 0.541475 -0.855147 0.0580532 -0.515126 -0.441186 -0.603244 0.664418 3.16909 5.901 5.32561</i>
                        <i>-0.25437 0.820543 0.511865 -0.852901 0.0591758 -0.518708 -0.455912 -0.568514 0.684789 3.16506 5.80072 5.29446</i>
                        <i>-0.235779 0.84487 0.480211 -0.850764 0.0593764 -0.522183 -0.46969 -0.531666 0.704785 3.16028 5.70229 5.26266</i>
                        <i>-0.217952 0.866496 0.449089 -0.848942 0.0586744 -0.525218 -0.48145 -0.495723 0.722817 3.15512 5.61231 5.23366</i>
                        <i>-0.202625 0.883962 0.421373 -0.847619 0.0571653 -0.527516 -0.490392 -0.464052 0.73768 3.15009 5.53759 5.21102</i>
                        <i>-0.191579 0.896069 0.400448 -0.846947 0.0552399 -0.528799 -0.495961 -0.440465 0.74834 3.14408 5.48347 5.19585</i>
                        <i>-0.186521 0.901807 0.389812 -0.847047 0.0533946 -0.52883 -0.497716 -0.428827 0.753914 3.13539 5.45486 5.18825</i>
                        <i>-0.184468 0.904729 0.383975 -0.84765 0.0512884 -0.528072 -0.497455 -0.422888 0.757432 3.12503 5.44428 5.18629</i>
                        <i>-0.181372 0.908899 0.375507 -0.848387 0.0484928 -0.527151 -0.497337 -0.414186 0.762303 3.11428 5.43976 5.18652</i>
                        <i>-0.177253 0.914168 0.364525 -0.849208 0.0451352 -0.526126 -0.497421 -0.402815 0.768318 3.10322 5.44069 5.18872</i>
                        <i>-0.17213 0.920363 0.351145 -0.850064 0.0413412 -0.525054 -0.497757 -0.388873 0.775252 3.09192 5.44643 5.19261</i>
                        <i>-0.166033 0.927287 0.335517 -0.850913 0.0372338 -0.523986 -0.498378 -0.372495 0.782858 3.08043 5.45637 5.19795</i>
                        <i>-0.159019 0.934713 0.317843 -0.851717 0.0329318 -0.522966 -0.499291 -0.353873 0.790874 3.06884 5.46988 5.20446</i>
                        <i>-0.151173 0.942393 0.298398 -0.852449 0.0285501 -0.522031 -0.500478 -0.333286 0.799026 3.05722 5.48635 5.21188</i>
                        <i>-0.142622 0.950066 0.277548 -0.853087 0.0241996 -0.521207 -0.501898 -0.311108 0.807038 3.04569 5.50518 5.21992</i>
                        <i>-0.133532 0.957475 0.255754 -0.853619 0.0199876 -0.520514 -0.503491 -0.287822 0.81465 3.03432 5.52576 5.22832</i>
                        <i>-0.124115 0.964385 0.233573 -0.854041 0.0160196 -0.519959 -0.505183 -0.264015 0.821636 3.02325 5.54749 5.23677</i>
                        <i>-0.114618 0.970602 0.211647 -0.854355 0.0124 -0.519543 -0.506894 -0.240371 0.827817 3.01258 5.56975 5.245</i>
                        <i>-0.105322 0.975984 0.190691 -0.854569 0.00923405 -0.519256 -0.508547 -0.217647 0.833073 3.00243 5.59196 5.25272</i>
                        <i>-0.0964709 0.980452 0.171488 -0.854697 0.00669383 -0.519084 -0.510084 -0.196646 0.837343 2.99453 5.61467 5.26237</i>
                        <i>-0.0883875 0.984 0.154701 -0.854759 0.00481761 -0.519003 -0.511444 -0.178106 0.840656 2.9898 5.63814 5.27487</i>
                        <i>-0.0814922 0.986665 0.140897 -0.854775 0.00351297 -0.518988 -0.512562 -0.162728 0.843089 2.98718 5.66138 5.28764</i>
                        <i>-0.0761998 0.9885 0.130618 -0.854765 0.00268998 -0.519008 -0.513391 -0.151196 0.84473 2.98561 5.68338 5.29807</i>
                        <i>-0.072911 0.989552 0.124379 -0.854749 0.00226007 -0.519036 -0.513894 -0.144156 0.845654 2.98401 5.70311 5.30354</i>
                        <i>-0.0720058 0.989835 0.122645 -0.854741 0.00213442 -0.51905 -0.514036 -0.142205 0.845899 2.9813 5.71956 5.30144</i>
                    </KeyFrames>
                </p>
            </i>
            <i>
                <p>
                    <Name><![CDATA[spine2]]></Name>
                    <Exclude>0</Exclude>
                    <Additive>0</Additive>
                    <IKPriority>0</IKPriority>
                    <IKRotLimits>-1e+010 -1e+010 -1e+010 1e+010 1e+010 1e+010</IKRotLimits>
                    <IKRotLimitOrder>0</IKRotLimitOrder>
                    <KeyFrames count="49">
                        <i>-0.181084 0.94562 0.270207 -0.786264 0.0258374 -0.61735 -0.59076 -0.324246 0.738828 2.9698 5.87607 5.32079</i>
                        <i>-0.190658 0.944606 0.267151 -0.786488 0.0158683 -0.617401 -0.58744 -0.327824 0.739896 2.95904 5.88704 5.30778</i>
                        <i>-0.201637 0.943752 0.262058 -0.786652 0.00336234 -0.617388 -0.583542 -0.330637 0.741726 2.92557 5.90179 5.258</i>
                        <i>-0.212764 0.942405 0.258079 -0.786744 -0.0085946 -0.617219 -0.579452 -0.334364 0.74326 2.88092 5.91652 5.18744</i>
                        <i>-0.222813 0.939982 0.258433 -0.786848 -0.0169029 -0.616915 -0.575521 -0.340804 0.74339 2.83678 5.92723 5.11238</i>
                        <i>-0.23056 0.935909 0.266301 -0.787098 -0.0184689 -0.616551 -0.572117 -0.351757 0.740911 2.80493 5.92981 5.04928</i>
                        <i>-0.233266 0.929744 0.284891 -0.787575 -0.00879511 -0.616156 -0.570362 -0.368102 0.734295 2.80005 5.91653 5.0123</i>
                        <i>-0.231598 0.921106 0.312932 -0.788073 0.010953 -0.615485 -0.570354 -0.389159 0.723362 2.82097 5.88358 4.98679</i>
                        <i>-0.228424 0.910763 0.343996 -0.788195 0.0343999 -0.614463 -0.571464 -0.411494 0.710001 2.85272 5.83999 4.95546</i>
                        <i>-0.226006 0.900791 0.370804 -0.787896 0.0548061 -0.613365 -0.572836 -0.430779 0.697343 2.88988 5.8037 4.9288</i>
                        <i>-0.227527 0.892808 0.388748 -0.78768 0.0659782 -0.612541 -0.572531 -0.445579 0.688236 2.92837 5.79252 4.91831</i>
                        <i>-0.233998 0.885688 0.401002 -0.787949 0.0688571 -0.611879 -0.569545 -0.459147 0.681764 2.96629 5.81311 4.93279</i>
                        <i>-0.244795 0.875849 0.41589 -0.788744 0.0695712 -0.610772 -0.563878 -0.477545 0.67379 3.003 5.86203 4.97806</i>
                        <i>-0.261629 0.859148 0.43979 -0.790295 0.0708819 -0.608613 -0.554061 -0.506795 0.660436 3.03705 5.93817 5.05112</i>
                        <i>-0.283147 0.834491 0.472707 -0.792655 0.0738595 -0.60518 -0.539931 -0.546048 0.640551 3.06645 6.03088 5.13672</i>
                        <i>-0.306354 0.803494 0.510436 -0.795705 0.0781712 -0.600618 -0.522494 -0.590159 0.615396 3.08883 6.12798 5.22387</i>
                        <i>-0.328512 0.768654 0.548864 -0.799187 0.0834865 -0.595256 -0.503369 -0.634194 0.586872 3.10217 6.21759 5.30192</i>
                        <i>-0.347273 0.733243 0.584599 -0.80268 0.089911 -0.589593 -0.484877 -0.673996 0.557336 3.10878 6.28895 5.36797</i>
                        <i>-0.360893 0.701252 0.614819 -0.805649 0.0976517 -0.584289 -0.469772 -0.706194 0.529721 3.11345 6.3329 5.42307</i>
                        <i>-0.368853 0.677403 0.636453 -0.807631 0.105362 -0.580199 -0.460086 -0.728028 0.508228 3.11715 6.34548 5.46376</i>
                        <i>-0.371012 0.666649 0.646474 -0.808261 0.110952 -0.578276 -0.457235 -0.737067 0.497662 3.11941 6.32708 5.48544</i>
                        <i>-0.367381 0.670638 0.644419 -0.807435 0.113905 -0.578856 -0.461606 -0.732987 0.49965 3.12058 6.2805 5.48757</i>
                        <i>-0.359081 0.685978 0.632847 -0.805531 0.114664 -0.581354 -0.47136 -0.718531 0.511403 3.12119 6.21385 5.47569</i>
                        <i>-0.346834 0.709499 0.613447 -0.802918 0.113466 -0.58519 -0.484798 -0.695512 0.530316 3.12123 6.1324 5.45268</i>
                        <i>-0.331426 0.737939 0.58788 -0.799967 0.110557 -0.589771 -0.500209 -0.66575 0.553686 3.12066 6.04144 5.42158</i>
                        <i>-0.313869 0.768165 0.55804 -0.797015 0.106252 -0.594539 -0.515997 -0.631374 0.57889 3.11949 5.94644 5.38574</i>
                        <i>-0.295474 0.797369 0.52621 -0.794336 0.100969 -0.599029 -0.530778 -0.594985 0.603546 3.11778 5.85317 5.34878</i>
                        <i>-0.277847 0.823217 0.495091 -0.792123 0.0952288 -0.602886 -0.543453 -0.559683 0.62563 3.11563 5.76773 5.3146</i>
                        <i>-0.262818 0.84389 0.467735 -0.790488 0.0896306 -0.605884 -0.553223 -0.528976 0.643529 3.11325 5.69658 5.28719</i>
                        <i>-0.252279 0.857842 0.44773 -0.789477 0.0850813 -0.607855 -0.559537 -0.506822 0.655782 3.10921 5.64471 5.26828</i>
                        <i>-0.248055 0.863674 0.43879 -0.789119 0.0825894 -0.608663 -0.561926 -0.497239 0.661054 3.10153 5.61671 5.25857</i>
                        <i>-0.247255 0.865525 0.435581 -0.789086 0.0810217 -0.608916 -0.562323 -0.494269 0.662941 3.09172 5.60582 5.25519</i>
                        <i>-0.24584 0.868392 0.430649 -0.789017 0.078791 -0.609298 -0.56304 -0.489579 0.665806 3.08176 5.60096 5.25344</i>
                        <i>-0.243809 0.872196 0.424065 -0.788915 0.0759534 -0.609791 -0.564066 -0.483223 0.66957 3.0717 5.60152 5.25314</i>
                        <i>-0.241161 0.876853 0.415897 -0.788781 0.0725669 -0.610376 -0.56539 -0.475251 0.674145 3.06159 5.60688 5.25409</i>
                        <i>-0.2379 0.882259 0.406231 -0.788619 0.0686961 -0.611033 -0.566995 -0.465726 0.679423 3.05147 5.61644 5.2561</i>
                        <i>-0.234042 0.888288 0.395181 -0.788432 0.0644174 -0.611739 -0.568857 -0.454746 0.685279 3.04139 5.62958 5.25896</i>
                        <i>-0.229621 0.894793 0.38291 -0.788225 0.0598223 -0.612472 -0.570942 -0.442456 0.691561 3.03141 5.6457 5.26249</i>
                        <i>-0.224696 0.901597 0.36964 -0.788002 0.0550201 -0.613209 -0.573205 -0.429063 0.698098 3.02159 5.66417 5.2665</i>
                        <i>-0.219353 0.908509 0.355662 -0.787768 0.0501387 -0.613928 -0.575591 -0.414846 0.704696 3.01199 5.6844 5.27079</i>
                        <i>-0.213711 0.915322 0.341339 -0.787529 0.0453237 -0.614608 -0.578035 -0.400163 0.711157 3.00269 5.70579 5.27518</i>
                        <i>-0.20792 0.921831 0.327105 -0.787292 0.0407367 -0.615233 -0.580466 -0.385446 0.71728 2.99375 5.72773 5.27949</i>
                        <i>-0.202157 0.927834 0.313459 -0.787063 0.0365516 -0.615789 -0.582807 -0.371198 0.722874 2.98526 5.74962 5.28354</i>
                        <i>-0.19657 0.933154 0.300971 -0.786847 0.0330142 -0.616265 -0.585006 -0.357957 0.72776 2.9789 5.77203 5.28989</i>
                        <i>-0.191383 0.937663 0.290104 -0.786652 0.0302276 -0.616656 -0.586985 -0.346229 0.731829 2.97555 5.79524 5.29955</i>
                        <i>-0.186921 0.941257 0.28124 -0.786488 0.0281578 -0.616963 -0.58864 -0.336516 0.735024 2.97409 5.81825 5.31001</i>
                        <i>-0.183511 0.943842 0.274748 -0.786363 0.0267671 -0.617184 -0.589878 -0.329311 0.737291 2.97341 5.84006 5.31873</i>
                        <i>-0.181466 0.945328 0.270969 -0.786286 0.0260111 -0.617315 -0.590613 -0.325081 0.738579 2.97236 5.85967 5.32317</i>
                        <i>-0.181084 0.94562 0.270207 -0.786264 0.0258374 -0.61735 -0.59076 -0.324246 0.738828 2.9698 5.87607 5.32079</i>
                    </KeyFrames>
                </p>
            </i>
            <i>
                <p>
                    <Name><![CDATA[head]]></Name>
                    <Exclude>0</Exclude>
                    <Additive>0</Additive>
                    <IKPriority>0</IKPriority>
                    <IKRotLimits>-1e+010 -1e+010 -1e+010 1e+010 1e+010 1e+010</IKRotLimits>
                    <IKRotLimitOrder>0</IKRotLimitOrder>
                    <KeyFrames count="49">
                        <i>-0.0595412 0.992402 0.107669 0.298528 0.120627 -0.946747 -0.952542 -0.0242282 -0.303443 2.92789 6.12269 5.38353</i>
                        <i>-0.0700981 0.991987 0.105112 0.2699 0.120301 -0.955344 -0.960334 -0.0385982 -0.27617 2.91454 6.13322 5.36997</i>
                        <i>-0.0828079 0.991465 0.100701 0.236756 0.117727 -0.96441 -0.968034 -0.0560192 -0.244484 2.878 6.14734 5.3194</i>
                        <i>-0.095718 0.990747 0.0962248 0.203373 0.114094 -0.972431 -0.974411 -0.0735097 -0.212412 2.83025 6.16131 5.24834</i>
                        <i>-0.10667 0.989887 0.0935194 0.174157 0.111203 -0.978419 -0.978923 -0.0880807 -0.184258 2.78342 6.17126 5.17362</i>
                        <i>-0.113296 0.989062 0.0944471 0.153563 0.111348 -0.981845 -0.981622 -0.0967359 -0.164498 2.74968 6.17314 5.11219</i>
                        <i>-0.111576 0.988587 0.101228 0.146245 0.117089 -0.982294 -0.982936 -0.0947965 -0.157641 2.74453 6.15945 5.07881</i>
                        <i>-0.101071 0.988502 0.112463 0.151524 0.127018 -0.980259 -0.983273 -0.0820351 -0.16262 2.76673 6.12674 5.05821</i>
                        <i>-0.0865073 0.988435 0.124551 0.163253 0.137394 -0.976971 -0.982784 -0.0641818 -0.173251 2.80038 6.08418 5.03205</i>
                        <i>-0.0732324 0.988391 0.13312 0.177538 0.144266 -0.973482 -0.981385 -0.0476566 -0.186042 2.83911 6.04946 5.00988</i>
                        <i>-0.0662735 0.988783 0.133849 0.190282 0.144206 -0.971081 -0.97949 -0.0388879 -0.197704 2.87775 6.04001 5.00247</i>
                        <i>-0.066514 0.9896 0.127544 0.198111 0.13838 -0.970362 -0.97792 -0.0392749 -0.205255 2.9141 6.06168 5.01939</i>
                        <i>-0.0720249 0.990339 0.118498 0.198325 0.130654 -0.971389 -0.977486 -0.0464631 -0.205819 2.9478 6.10989 5.06851</i>
                        <i>-0.0834047 0.990786 0.106712 0.190337 0.120952 -0.974239 -0.978169 -0.0609449 -0.198671 2.97706 6.1828 5.14826</i>
                        <i>-0.100133 0.990668 0.0924731 0.177376 0.109225 -0.978063 -0.979036 -0.0815339 -0.186658 3.00031 6.26992 5.24323</i>
                        <i>-0.121213 0.989623 0.0771582 0.162175 0.0964309 -0.982039 -0.979289 -0.106523 -0.172181 3.01603 6.35951 5.3412</i>
                        <i>-0.144942 0.987477 0.0622999 0.147242 0.0837902 -0.985545 -0.978423 -0.133673 -0.157543 3.02299 6.44031 5.43033</i>
                        <i>-0.168526 0.984435 0.0498718 0.134538 0.0730946 -0.988209 -0.976472 -0.159829 -0.144763 3.02418 6.50248 5.50675</i>
                        <i>-0.188358 0.98121 0.0418049 0.125227 0.066215 -0.989916 -0.974084 -0.181223 -0.135346 3.0249 6.53797 5.57067</i>
                        <i>-0.201499 0.978721 0.0387733 0.119641 0.0638819 -0.99076 -0.972154 -0.194998 -0.129967 3.0263 6.54417 5.6177</i>
                        <i>-0.205517 0.9778 0.0408683 0.117787 0.0661699 -0.990832 -0.971539 -0.198819 -0.128771 3.02794 6.52292 5.64232</i>
                        <i>-0.199852 0.978709 0.0467823 0.118822 0.0716012 -0.990331 -0.972595 -0.19236 -0.130601 3.03017 6.47745 5.64384</i>
                        <i>-0.187199 0.980809 0.054503 0.121749 0.0782218 -0.989474 -0.974748 -0.178593 -0.134055 3.03321 6.41488 5.62858</i>
                        <i>-0.16969 0.983438 0.0636743 0.126771 0.0858572 -0.988209 -0.97731 -0.159617 -0.13924 3.0368 6.33961 5.5999</i>
                        <i>-0.149534 0.985989 0.0739297 0.134054 0.0942968 -0.986477 -0.979627 -0.137602 -0.146277 3.04069 6.25604 5.56135</i>
                        <i>-0.128895 0.988015 0.0849267 0.143513 0.103325 -0.98424 -0.981219 -0.114675 -0.155111 3.04459 6.16877 5.51685</i>
                        <i>-0.109747 0.989277 0.0963686 0.154706 0.112774 -0.981503 -0.981846 -0.0928082 -0.165424 3.04815 6.08284 5.4707</i>
                        <i>-0.0937579 0.989718 0.108017 0.166841 0.122579 -0.978335 -0.981516 -0.073705 -0.176618 3.05103 6.00377 5.42757</i>
                        <i>-0.0822216 0.9894 0.119698 0.178853 0.132804 -0.974872 -0.980434 -0.058747 -0.187877 3.05292 5.93755 5.39233</i>
                        <i>-0.0760268 0.98837 0.131696 0.189534 0.143995 -0.971258 -0.978926 -0.0488809 -0.198277 3.05188 5.88884 5.36772</i>
                        <i>-0.0757794 0.9866 0.144495 0.197642 0.156898 -0.967637 -0.977341 -0.0447687 -0.206883 3.0454 5.86189 5.35551</i>
                        <i>-0.078322 0.984677 0.155809 0.204252 0.168824 -0.964251 -0.97578 -0.0436976 -0.214345 3.03582 5.85093 5.35129</i>
                        <i>-0.0801517 0.983282 0.163499 0.211206 0.177056 -0.961272 -0.97415 -0.0425154 -0.221867 3.02626 5.84606 5.34828</i>
                        <i>-0.0813051 0.982433 0.167971 0.218433 0.181996 -0.958731 -0.972459 -0.0412593 -0.229393 3.01675 5.84665 5.34631</i>
                        <i>-0.0818205 0.982107 0.169624 0.225853 0.184038 -0.956619 -0.970719 -0.0399611 -0.23687 3.00732 5.85209 5.34526</i>
                        <i>-0.0817394 0.982246 0.168851 0.233379 0.183572 -0.954901 -0.968944 -0.0386467 -0.24424 2.99802 5.86176 5.34497</i>
                        <i>-0.0811088 0.982777 0.166045 0.240919 0.180985 -0.953521 -0.96715 -0.0373357 -0.251449 2.98887 5.87504 5.3453</i>
                        <i>-0.0799826 0.983611 0.16159 0.248378 0.176662 -0.952417 -0.965355 -0.0360415 -0.258438 2.97992 5.89131 5.34611</i>
                        <i>-0.0784227 0.984659 0.155872 0.255661 0.170989 -0.951525 -0.963581 -0.0347709 -0.265148 2.9712 5.90995 5.34728</i>
                        <i>-0.0764998 0.985832 0.149275 0.262669 0.164351 -0.950786 -0.961848 -0.033525 -0.271521 2.96274 5.93035 5.3487</i>
                        <i>-0.0742935 0.987049 0.142181 0.26931 0.157136 -0.950148 -0.960184 -0.0322991 -0.277496 2.9546 5.9519 5.35025</i>
                        <i>-0.0718928 0.988238 0.134974 0.275488 0.149734 -0.949572 -0.958613 -0.0310836 -0.283012 2.94683 5.974 5.35184</i>
                        <i>-0.0693949 0.989339 0.128036 0.281114 0.142538 -0.94903 -0.957162 -0.0298652 -0.288008 2.93946 5.99604 5.35338</i>
                        <i>-0.0668445 0.990304 0.121774 0.286109 0.135946 -0.948504 -0.955863 -0.0285617 -0.292422 2.93417 6.01856 5.35752</i>
                        <i>-0.0643616 0.991109 0.116446 0.290389 0.130239 -0.948004 -0.954742 -0.0272004 -0.296189 2.9318 6.04185 5.36534</i>
                        <i>-0.0621666 0.991738 0.112214 0.293859 0.125635 -0.947556 -0.953825 -0.0259313 -0.299241 2.93117 6.06492 5.37435</i>
                        <i>-0.0604827 0.992174 0.109235 0.296431 0.122352 -0.947185 -0.953137 -0.0249077 -0.301511 2.9311 6.08675 5.38206</i>
                        <i>-0.0595338 0.992403 0.107667 0.298017 0.12061 -0.94691 -0.952702 -0.0242865 -0.302933 2.93041 6.10635 5.38596</i>
                        <i>-0.0595412 0.992402 0.107669 0.298528 0.120627 -0.946747 -0.952542 -0.0242282 -0.303443 2.92789 6.12269 5.38353</i>
                    </KeyFrames>
                </p>
            </i>
            <i>
                <p>
                    <Name><![CDATA[head_prop]]></Name>
                    <Exclude>0</Exclude>
                    <Additive>0</Additive>
                    <IKPriority>0</IKPriority>
                    <IKRotLimits>-1e+010 -1e+010 -1e+010 1e+010 1e+010 1e+010</IKRotLimits>
                    <IKRotLimitOrder>0</IKRotLimitOrder>
                    <KeyFrames count="49">
                        <i>0.952542 0.0242282 0.303443 -0.0595412 0.992402 0.107669 -0.298528 -0.120627 0.946747 2.90849 6.44612 5.41862</i>
                        <i>0.960334 0.0385982 0.27617 -0.0700981 0.991987 0.105112 -0.2699 -0.120301 0.955344 2.89169 6.45652 5.40423</i>
                        <i>0.968034 0.0560192 0.244484 -0.0828079 0.991465 0.100701 -0.236756 -0.117727 0.96441 2.85101 6.47047 5.35222</i>
                        <i>0.974411 0.0735097 0.212412 -0.095718 0.990747 0.0962248 -0.203373 -0.114094 0.972431 2.79906 6.48421 5.2797</i>
                        <i>0.978923 0.0880807 0.184258 -0.10667 0.989887 0.0935194 -0.174157 -0.111203 0.978419 2.74865 6.49387 5.2041</i>
                        <i>0.981622 0.0967359 0.164498 -0.113296 0.989062 0.0944471 -0.153563 -0.111348 0.981845 2.71275 6.49549 5.14297</i>
                        <i>0.982936 0.0947965 0.157641 -0.111576 0.988587 0.101228 -0.146245 -0.117089 0.982294 2.70817 6.48164 5.1118</i>
                        <i>0.983273 0.0820351 0.16262 -0.101071 0.988502 0.112463 -0.151524 -0.127018 0.980259 2.7336 6.44681 5.0948</i>
                        <i>0.982784 0.0641818 0.173251 -0.0865073 0.988435 0.124551 -0.163253 -0.137394 0.976971 2.77141 6.39891 5.0723</i>
                        <i>0.981385 0.0476566 0.186042 -0.0732324 0.988391 0.13312 -0.177538 -0.144266 0.973482 2.8135 6.35703 5.05243</i>
                        <i>0.97949 0.0388879 0.197704 -0.0662735 0.988783 0.133849 -0.190282 -0.144206 0.971081 2.85332 6.3401 5.04474</i>
                        <i>0.97792 0.0392749 0.205255 -0.066514 0.9896 0.127544 -0.198111 -0.13838 0.970362 2.88873 6.35533 5.05935</i>
                        <i>0.977486 0.0464631 0.205819 -0.0720249 0.990339 0.118498 -0.198325 -0.130654 0.971389 2.92026 6.39936 5.10556</i>
                        <i>0.978169 0.0609449 0.198671 -0.0834047 0.990786 0.106712 -0.190337 -0.120952 0.974239 2.94613 6.47166 5.18189</i>
                        <i>0.979036 0.0815339 0.186658 -0.100133 0.990668 0.0924731 -0.177376 -0.109225 0.978063 2.96494 6.56308 5.27286</i>
                        <i>0.979289 0.106523 0.172181 -0.121213 0.989623 0.0771582 -0.162175 -0.0964309 0.982039 2.97522 6.6632 5.36637</i>
