<?xml version="1.0" encoding="ISO-8859-1" ?>
<Animl Version="1">
    <ModellingPackage><![CDATA[Maya.2010]]></ModellingPackage>
    <SrcFile><![CDATA[anims\turrets\antiair\blue\~src\aa_patriot\aa_patriot_reload_crewman_c.mb]]></SrcFile>
    <FramesPerSecond>30</FramesPerSecond>
    <TotalFrames>92</TotalFrames>
    <Skeleton>
        <RefFrame>
            <Name><![CDATA[soldier_ref_frame]]></Name>
            <Exclude>0</Exclude>
            <Additive>0</Additive>
            <IKPriority>0</IKPriority>
            <IKRotLimits>-1e+010 -1e+010 -1e+010 1e+010 1e+010 1e+010</IKRotLimits>
            <IKRotLimitOrder>0</IKRotLimitOrder>
            <KeyFrames count="92">
                <i>1 0 0 0 1 0 0 0 1 2.96 4.27 5.34</i>
                <i>1 0 0 0 1 0 0 0 1 2.96 4.27 5.34</i>
                <i>1 0 0 0 1 0 0 0 1 2.96 4.27 5.34</i>
                <i>1 0 0 0 1 0 0 0 1 2.96 4.27 5.34</i>
                <i>1 0 0 0 1 0 0 0 1 2.96 4.27 5.34</i>
                <i>1 0 0 0 1 0 0 0 1 2.96 4.27 5.34</i>
                <i>1 0 0 0 1 0 0 0 1 2.96 4.27 5.34</i>
                <i>1 0 0 0 1 0 0 0 1 2.96 4.27 5.34</i>
                <i>1 0 0 0 1 0 0 0 1 2.96 4.27 5.34</i>
                <i>1 0 0 0 1 0 0 0 1 2.96 4.27 5.34</i>
                <i>1 0 0 0 1 0 0 0 1 2.96 4.27 5.34</i>
                <i>1 0 0 0 1 0 0 0 1 2.96 4.27 5.34</i>
                <i>1 0 0 0 1 0 0 0 1 2.96 4.27 5.34</i>
                <i>1 0 0 0 1 0 0 0 1 2.96 4.27 5.34</i>
                <i>1 0 0 0 1 0 0 0 1 2.96 4.27 5.34</i>
                <i>1 0 0 0 1 0 0 0 1 2.96 4.27 5.34</i>
                <i>1 0 0 0 1 0 0 0 1 2.96 4.27 5.34</i>
                <i>1 0 0 0 1 0 0 0 1 2.96 4.27 5.34</i>
                <i>1 0 0 0 1 0 0 0 1 2.96 4.27 5.34</i>
                <i>1 0 0 0 1 0 0 0 1 2.96 4.27 5.34</i>
                <i>1 0 0 0 1 0 0 0 1 2.96 4.27 5.34</i>
                <i>1 0 0 0 1 0 0 0 1 2.96 4.27 5.34</i>
                <i>1 0 0 0 1 0 0 0 1 2.96 4.27 5.34</i>
                <i>1 0 0 0 1 0 0 0 1 2.96 4.27 5.34</i>
                <i>1 0 0 0 1 0 0 0 1 2.96 4.27 5.34</i>
                <i>1 0 0 0 1 0 0 0 1 2.96 4.27 5.34</i>
                <i>1 0 0 0 1 0 0 0 1 2.96 4.27 5.34</i>
                <i>1 0 0 0 1 0 0 0 1 2.96 4.27 5.34</i>
                <i>1 0 0 0 1 0 0 0 1 2.96 4.27 5.34</i>
                <i>1 0 0 0 1 0 0 0 1 2.96 4.27 5.34</i>
                <i>1 0 0 0 1 0 0 0 1 2.96 4.27 5.34</i>
                <i>1 0 0 0 1 0 0 0 1 2.96 4.27 5.34</i>
                <i>1 0 0 0 1 0 0 0 1 2.96 4.27 5.34</i>
                <i>1 0 0 0 1 0 0 0 1 2.96 4.27 5.34</i>
                <i>1 0 0 0 1 0 0 0 1 2.96 4.27 5.34</i>
                <i>1 0 0 0 1 0 0 0 1 2.96 4.27 5.34</i>
                <i>1 0 0 0 1 0 0 0 1 2.96 4.27 5.34</i>
                <i>1 0 0 0 1 0 0 0 1 2.96 4.27 5.34</i>
                <i>1 0 0 0 1 0 0 0 1 2.96 4.27 5.34</i>
                <i>1 0 0 0 1 0 0 0 1 2.96 4.27 5.34</i>
                <i>1 0 0 0 1 0 0 0 1 2.96 4.27 5.34</i>
                <i>1 0 0 0 1 0 0 0 1 2.96 4.27 5.34</i>
                <i>1 0 0 0 1 0 0 0 1 2.96 4.27 5.34</i>
                <i>1 0 0 0 1 0 0 0 1 2.96 4.27 5.34</i>
                <i>1 0 0 0 1 0 0 0 1 2.96 4.27 5.34</i>
                <i>1 0 0 0 1 0 0 0 1 2.96 4.27 5.34</i>
                <i>1 0 0 0 1 0 0 0 1 2.96 4.27 5.34</i>
                <i>1 0 0 0 1 0 0 0 1 2.96 4.27 5.34</i>
                <i>1 0 0 0 1 0 0 0 1 2.96 4.27 5.34</i>
                <i>1 0 0 0 1 0 0 0 1 2.96 4.27 5.34</i>
                <i>1 0 0 0 1 0 0 0 1 2.96 4.27 5.34</i>
                <i>1 0 0 0 1 0 0 0 1 2.96 4.27 5.34</i>
                <i>1 0 0 0 1 0 0 0 1 2.96 4.27 5.34</i>
                <i>1 0 0 0 1 0 0 0 1 2.96 4.27 5.34</i>
                <i>1 0 0 0 1 0 0 0 1 2.96 4.27 5.34</i>
                <i>1 0 0 0 1 0 0 0 1 2.96 4.27 5.34</i>
                <i>1 0 0 0 1 0 0 0 1 2.96 4.27 5.34</i>
                <i>1 0 0 0 1 0 0 0 1 2.96 4.27 5.34</i>
                <i>1 0 0 0 1 0 0 0 1 2.96 4.27 5.34</i>
                <i>1 0 0 0 1 0 0 0 1 2.96 4.27 5.34</i>
                <i>1 0 0 0 1 0 0 0 1 2.96 4.27 5.34</i>
                <i>1 0 0 0 1 0 0 0 1 2.96 4.27 5.34</i>
                <i>1 0 0 0 1 0 0 0 1 2.96 4.27 5.34</i>
                <i>1 0 0 0 1 0 0 0 1 2.96 4.27 5.34</i>
                <i>1 0 0 0 1 0 0 0 1 2.96 4.27 5.34</i>
                <i>1 0 0 0 1 0 0 0 1 2.96 4.27 5.34</i>
                <i>1 0 0 0 1 0 0 0 1 2.96 4.27 5.34</i>
                <i>1 0 0 0 1 0 0 0 1 2.96 4.27 5.34</i>
                <i>1 0 0 0 1 0 0 0 1 2.96 4.27 5.34</i>
                <i>1 0 0 0 1 0 0 0 1 2.96 4.27 5.34</i>
                <i>1 0 0 0 1 0 0 0 1 2.96 4.27 5.34</i>
                <i>1 0 0 0 1 0 0 0 1 2.96 4.27 5.34</i>
                <i>1 0 0 0 1 0 0 0 1 2.96 4.27 5.34</i>
                <i>1 0 0 0 1 0 0 0 1 2.96 4.27 5.34</i>
                <i>1 0 0 0 1 0 0 0 1 2.96 4.27 5.34</i>
                <i>1 0 0 0 1 0 0 0 1 2.96 4.27 5.34</i>
                <i>1 0 0 0 1 0 0 0 1 2.96 4.27 5.34</i>
                <i>1 0 0 0 1 0 0 0 1 2.96 4.27 5.34</i>
                <i>1 0 0 0 1 0 0 0 1 2.96 4.27 5.34</i>
                <i>1 0 0 0 1 0 0 0 1 2.96 4.27 5.34</i>
                <i>1 0 0 0 1 0 0 0 1 2.96 4.27 5.34</i>
                <i>1 0 0 0 1 0 0 0 1 2.96 4.27 5.34</i>
                <i>1 0 0 0 1 0 0 0 1 2.96 4.27 5.34</i>
                <i>1 0 0 0 1 0 0 0 1 2.96 4.27 5.34</i>
                <i>1 0 0 0 1 0 0 0 1 2.96 4.27 5.34</i>
                <i>1 0 0 0 1 0 0 0 1 2.96 4.27 5.34</i>
                <i>1 0 0 0 1 0 0 0 1 2.96 4.27 5.34</i>
                <i>1 0 0 0 1 0 0 0 1 2.96 4.27 5.34</i>
                <i>1 0 0 0 1 0 0 0 1 2.96 4.27 5.34</i>
                <i>1 0 0 0 1 0 0 0 1 2.96 4.27 5.34</i>
                <i>1 0 0 0 1 0 0 0 1 2.96 4.27 5.34</i>
                <i>1 0 0 0 1 0 0 0 1 2.96 4.27 5.34</i>
            </KeyFrames>
        </RefFrame>
        <Bones count="23">
            <i>
                <p>
                    <Name><![CDATA[pelvis]]></Name>
                    <Exclude>0</Exclude>
                    <Additive>0</Additive>
                    <IKPriority>0</IKPriority>
                    <IKRotLimits>-1e+010 -1e+010 -1e+010 1e+010 1e+010 1e+010</IKRotLimits>
                    <IKRotLimitOrder>2</IKRotLimitOrder>
                    <KeyFrames count="92">
                        <i>1 0 0 0 1 0 0 0 1 2.96155 5.41296 5.34448</i>
                        <i>1 0 0 0 1 0 0 0 1 3.00259 5.37112 5.31881</i>
                        <i>1 0 0 0 1 0 0 0 1 3.04891 5.32811 5.2914</i>
                        <i>1 0 0 0 1 0 0 0 1 3.09024 5.28554 5.26649</i>
                        <i>1 0 0 0 1 0 0 0 1 3.11652 5.24526 5.24815</i>
                        <i>1 0 0 0 1 0 0 0 1 3.11908 5.20907 5.23981</i>
                        <i>1 0 0 0 1 0 0 0 1 3.09721 5.1772 5.24104</i>
                        <i>1 0 0 0 1 0 0 0 1 3.04831 5.14822 5.25748</i>
                        <i>1 0 0 0 1 0 0 0 1 2.98708 5.11886 5.28039</i>
                        <i>1 0 0 0 1 0 0 0 1 2.93019 5.08674 5.29802</i>
                        <i>1 0 0 0 1 0 0 0 1 2.88097 5.05258 5.30594</i>
                        <i>1 0 0 0 1 0 0 0 1 2.84435 5.0182 5.30435</i>
                        <i>1 0 0 0 1 0 0 0 1 2.82256 4.98654 5.29665</i>
                        <i>1 0 0 0 1 0 0 0 1 2.82413 4.95894 5.27924</i>
                        <i>1 0 0 0 1 0 0 0 1 2.84998 4.93696 5.25192</i>
                        <i>1 0 0 0 1 0 0 0 1 2.89616 4.91805 5.21215</i>
                        <i>1 0 0 0 1 0 0 0 1 2.95658 4.90056 5.16224</i>
                        <i>1 0 0 0 1 0 0 0 1 3.02029 4.88537 5.10981</i>
                        <i>1 0 0 0 1 0 0 0 1 3.07655 4.8741 5.06274</i>
                        <i>1 0 0 0 1 0 0 0 1 3.11577 4.86889 5.02858</i>
                        <i>1 0 0 0 1 0 0 0 1 3.13586 4.87053 5.01102</i>
                        <i>1 0 0 0 1 0 0 0 1 3.13854 4.87763 5.01042</i>
                        <i>1 0 0 0 1 0 0 0 1 3.12949 4.88735 5.0211</i>
                        <i>1 0 0 0 1 0 0 0 1 3.11433 4.8973 5.03666</i>
                        <i>1 0 0 0 1 0 0 0 1 3.09914 4.90566 5.05067</i>
                        <i>1 0 0 0 1 0 0 0 1 3.08952 4.91496 5.05836</i>
                        <i>1 0 0 0 1 0 0 0 1 3.08507 4.92759 5.0574</i>
                        <i>1 0 0 0 1 0 0 0 1 3.08181 4.94491 5.05118</i>
                        <i>1 0 0 0 1 0 0 0 1 3.07859 4.96538 5.04192</i>
                        <i>1 0 0 0 1 0 0 0 1 3.07556 4.98666 5.03071</i>
                        <i>1 0 0 0 1 0 0 0 1 3.07286 5.00644 5.01868</i>
                        <i>1 0 0 0 1 0 0 0 1 3.07066 5.02244 5.00696</i>
                        <i>1 0 0 0 1 0 0 0 1 3.0691 5.03238 4.99672</i>
                        <i>1 0 0 0 1 0 0 0 1 3.06835 5.03401 4.98911</i>
                        <i>1 0 0 0 1 0 0 0 1 3.06856 5.02509 4.98532</i>
                        <i>1 0 0 0 1 0 0 0 1 3.07001 4.98352 4.98696</i>
                        <i>1 0 0 0 1 0 0 0 1 3.07513 4.89119 4.99896</i>
                        <i>1 0 0 0 1 0 0 0 1 3.09425 4.75367 5.03905</i>
                        <i>1 0 0 0 1 0 0 0 1 3.11932 4.62694 5.09029</i>
                        <i>1 0 0 0 1 0 0 0 1 3.13959 4.5673 5.13129</i>
                        <i>1 0 0 0 1 0 0 0 1 3.14528 4.58138 5.14404</i>
                        <i>1 0 0 0 1 0 0 0 1 3.13913 4.65031 5.13398</i>
                        <i>1 0 0 0 1 0 0 0 1 3.12698 4.74646 5.11233</i>
                        <i>1 0 0 0 1 0 0 0 1 3.1111 4.85331 5.0834</i>
                        <i>1 0 0 0 1 0 0 0 1 3.09379 4.95456 5.05169</i>
                        <i>1 0 0 0 1 0 0 0 1 3.07752 5.03423 5.02196</i>
                        <i>1 0 0 0 1 0 0 0 1 3.06483 5.07867 4.99913</i>
                        <i>1 0 0 0 1 0 0 0 1 3.05834 5.08879 4.98791</i>
                        <i>1 0 0 0 1 0 0 0 1 3.05742 5.07075 4.98742</i>
                        <i>1 0 0 0 1 0 0 0 1 3.05971 5.03411 4.99363</i>
                        <i>1 0 0 0 1 0 0 0 1 3.06448 4.98477 5.00526</i>
                        <i>1 0 0 0 1 0 0 0 1 3.07096 4.92864 5.021</i>
                        <i>1 0 0 0 1 0 0 0 1 3.07839 4.87162 5.03952</i>
                        <i>1 0 0 0 1 0 0 0 1 3.0859 4.81968 5.05953</i>
                        <i>1 0 0 0 1 0 0 0 1 3.09208 4.77886 5.07986</i>
                        <i>1 0 0 0 1 0 0 0 1 3.09718 4.75104 5.1</i>
                        <i>1 0 0 0 1 0 0 0 1 3.10194 4.73411 5.11978</i>
                        <i>1 0 0 0 1 0 0 0 1 3.10917 4.72228 5.14282</i>
                        <i>1 0 0 0 1 0 0 0 1 3.1191 4.7141 5.16797</i>
                        <i>1 0 0 0 1 0 0 0 1 3.13159 4.709 5.19329</i>
                        <i>1 0 0 0 1 0 0 0 1 3.1454 4.70529 5.21683</i>
                        <i>1 0 0 0 1 0 0 0 1 3.15849 4.70184 5.2367</i>
                        <i>1 0 0 0 1 0 0 0 1 3.16961 4.6991 5.25106</i>
                        <i>1 0 0 0 1 0 0 0 1 3.17751 4.69756 5.25815</i>
                        <i>1 0 0 0 1 0 0 0 1 3.18095 4.6977 5.2562</i>
                        <i>1 0 0 0 1 0 0 0 1 3.17932 4.7002 5.24455</i>
                        <i>1 0 0 0 1 0 0 0 1 3.17259 4.70614 5.22366</i>
                        <i>1 0 0 0 1 0 0 0 1 3.16122 4.71716 5.19492</i>
                        <i>1 0 0 0 1 0 0 0 1 3.14564 4.73388 5.15967</i>
                        <i>1 0 0 0 1 0 0 0 1 3.12621 4.7568 5.1191</i>
                        <i>1 0 0 0 1 0 0 0 1 3.1031 4.78869 5.07443</i>
                        <i>1 0 0 0 1 0 0 0 1 3.0749 4.85348 5.02729</i>
                        <i>1 0 0 0 1 0 0 0 1 3.04242 4.93902 4.97805</i>
                        <i>1 0 0 0 1 0 0 0 1 3.00756 5.0219 4.92756</i>
                        <i>1 0 0 0 1 0 0 0 1 2.97275 5.07883 4.87756</i>
                        <i>1 0 0 0 1 0 0 0 1 2.94008 5.10059 4.82967</i>
                        <i>1 0 0 0 1 0 0 0 1 2.90828 5.10576 4.78377</i>
                        <i>1 0 0 0 1 0 0 0 1 2.8738 5.11765 4.73711</i>
                        <i>1 0 0 0 1 0 0 0 1 2.83479 5.14357 4.6901</i>
                        <i>1 0 0 0 1 0 0 0 1 2.79422 5.17865 4.65418</i>
                        <i>1 0 0 0 1 0 0 0 1 2.76037 5.20165 4.6449</i>
                        <i>1 0 0 0 1 0 0 0 1 2.73978 5.21966 4.66376</i>
                        <i>1 0 0 0 1 0 0 0 1 2.73577 5.23737 4.70595</i>
                        <i>1 0 0 0 1 0 0 0 1 2.74664 5.25742 4.76027</i>
                        <i>1 0 0 0 1 0 0 0 1 2.76499 5.27782 4.82287</i>
                        <i>1 0 0 0 1 0 0 0 1 2.78831 5.29818 4.89173</i>
                        <i>1 0 0 0 1 0 0 0 1 2.81534 5.31844 4.96524</i>
                        <i>1 0 0 0 1 0 0 0 1 2.84482 5.33858 5.04176</i>
                        <i>1 0 0 0 1 0 0 0 1 2.87548 5.35863 5.11965</i>
                        <i>1 0 0 0 1 0 0 0 1 2.90602 5.37868 5.1972</i>
                        <i>1 0 0 0 1 0 0 0 1 2.93515 5.3989 5.27273</i>
                        <i>1 0 0 0 1 0 0 0 1 2.96155 5.41947 5.34448</i>
                    </KeyFrames>
                </p>
            </i>
            <i>
                <p>
                    <Name><![CDATA[spine0]]></Name>
                    <Exclude>0</Exclude>
                    <Additive>0</Additive>
                    <IKPriority>0</IKPriority>
                    <IKRotLimits>-1e+010 -1e+010 -1e+010 1e+010 1e+010 1e+010</IKRotLimits>
                    <IKRotLimitOrder>0</IKRotLimitOrder>
                    <KeyFrames count="92">
                        <i>-0.00154582 0.999975 0.00692969 -0.911506 0.00144109 -0.411285 -0.411284 -0.00695222 0.911481 2.98125 5.54862 5.30082</i>
                        <i>0.00526895 0.999984 0.00222657 -0.914504 0.0057193 -0.404537 -0.404544 9.52838e-005 0.914519 3.02271 5.50657 5.27471</i>
                        <i>0.0140473 0.99989 -0.00475438 -0.919008 0.0110372 -0.394083 -0.393988 0.00990512 0.919062 3.06935 5.46338 5.2469</i>
                        <i>0.0220155 0.999695 -0.0112261 -0.923182 0.0160181 -0.38403 -0.383733 0.0188183 0.923252 3.11093 5.42065 5.22161</i>
                        <i>0.0265322 0.999545 -0.0143521 -0.925388 0.0191285 -0.378537 -0.37809 0.0233247 0.925475 3.13747 5.38023 5.20296</i>
                        <i>0.0250837 0.999621 -0.0113392 -0.924061 0.018857 -0.381779 -0.381421 0.0200545 0.924184 3.14033 5.3439 5.19434</i>
                        <i>0.0158234 0.999875 5.35933e-005 -0.917216 0.0145366 -0.398124 -0.398075 0.00625051 0.917332 3.11902 5.31186 5.19534</i>
                        <i>-0.00411952 0.999759 0.0215831 -0.901902 0.00560778 -0.431904 -0.431921 -0.0212451 0.901661 3.07093 5.28286 5.21212</i>
                        <i>-0.0321752 0.998281 0.0489917 -0.878945 -0.00492465 -0.476898 -0.475837 -0.0584053 0.877592 3.01088 5.25356 5.23584</i>
                        <i>-0.0639647 0.994967 0.0771357 -0.851088 -0.0140267 -0.524835 -0.521111 -0.0992202 0.847702 2.95565 5.22143 5.25436</i>
                        <i>-0.0957768 0.9901 0.102614 -0.82267 -0.0206985 -0.568142 -0.560394 -0.138832 0.816508 2.90846 5.18708 5.26294</i>
                        <i>-0.123952 0.984646 0.122915 -0.796628 -0.0248902 -0.603958 -0.591625 -0.172779 0.787482 2.87421 5.15226 5.26155</i>
                        <i>-0.145651 0.979849 0.136681 -0.775303 -0.0272261 -0.631003 -0.614566 -0.197876 0.763645 2.85501 5.11987 5.25346</i>
                        <i>-0.156113 0.977401 0.142535 -0.762963 -0.0276775 -0.645849 -0.627309 -0.209574 0.750042 2.85925 5.09116 5.23472</i>
                        <i>-0.152287 0.978416 0.139678 -0.762225 -0.0263039 -0.646777 -0.629144 -0.204962 0.749779 2.88768 5.06758 5.20486</i>
                        <i>-0.137511 0.98207 0.128958 -0.766502 -0.0230467 -0.641828 -0.627348 -0.187105 0.755928 2.93687 5.04641 5.16153</i>
                        <i>-0.114479 0.987117 0.111776 -0.773704 -0.0180183 -0.633291 -0.623118 -0.15898 0.765799 3.00061 5.02601 5.10728</i>
                        <i>-0.0870075 0.992124 0.0901049 -0.782156 -0.0120158 -0.622966 -0.616977 -0.124679 0.777042 3.06761 5.00743 5.05017</i>
                        <i>-0.0589206 0.996068 0.066151 -0.790296 -0.00605815 -0.612695 -0.609886 -0.0883792 0.787546 3.12685 4.99256 4.99845</i>
                        <i>-0.0337618 0.998533 0.0423319 -0.796729 -0.00131824 -0.604335 -0.603393 -0.0541305 0.795605 3.16856 4.98387 4.96011</i>
                        <i>-0.0136956 0.999693 0.0206503 -0.80019 0.00142627 -0.599745 -0.59959 -0.0247381 0.799925 3.19069 4.98241 4.93911</i>
                        <i>0.000334116 0.999995 0.00326538 -0.800347 0.00222512 -0.599533 -0.599537 -0.00241312 0.800343 3.19502 4.98706 4.93604</i>
                        <i>0.00862033 0.999925 -0.00868877 -0.79802 0.00164322 -0.602628 -0.602569 0.0121287 0.797975 3.18727 4.99505 4.94521</i>
                        <i>0.0113521 0.999828 -0.014658 -0.793909 9.99543e-005 -0.608036 -0.60793 0.0185396 0.793774 3.17306 5.00404 4.96015</i>
                        <i>0.00945978 0.999838 -0.0152887 -0.788801 -0.00193558 -0.614646 -0.614576 0.0178742 0.788655 3.15852 5.0121 4.97424</i>
                        <i>0.00772396 0.999842 -0.0160395 -0.783965 -0.00390251 -0.620793 -0.620757 0.0173694 0.783811 3.14954 5.02107 4.98199</i>
                        <i>0.00686265 0.99981 -0.0182452 -0.780204 -0.00605921 -0.625496 -0.625488 0.0185275 0.780014 3.14569 5.03323 4.98084</i>
                        <i>0.00567039 0.99975 -0.0216053 -0.776734 -0.00920413 -0.629762 -0.629804 0.0203526 0.776488 3.14296 5.05002 4.9743</i>
                        <i>0.00390546 0.999665 -0.0255926 -0.773258 -0.013209 -0.633953 -0.634079 0.0222656 0.772948 3.1402 5.06993 4.96467</i>
                        <i>0.00171842 0.999555 -0.0297853 -0.769759 -0.0176908 -0.638089 -0.638332 0.024024 0.769386 3.1376 5.09068 4.95308</i>
                        <i>-0.000738987 0.99943 -0.0337609 -0.766219 -0.02226 -0.642194 -0.64258 0.0253937 0.765798 3.1353 5.10997 4.94071</i>
                        <i>-0.00331293 0.999306 -0.0370969 -0.76262 -0.0265207 -0.646303 -0.646838 0.0261497 0.762179 3.13349 5.12553 4.92874</i>
                        <i>-0.00584702 0.999208 -0.0393712 -0.758948 -0.0300707 -0.650457 -0.651125 0.0260775 0.758522 3.13233 5.13513 4.91837</i>
                        <i>-0.00818228 0.99916 -0.0401626 -0.755185 -0.0325011 -0.654705 -0.655461 0.0249732 0.754816 3.132 5.13654 4.91081</i>
                        <i>-0.0101576 0.999186 -0.03905 -0.751313 -0.0333966 -0.6591 -0.659868 0.0226439 0.751041 3.13268 5.12753 4.90727</i>
                        <i>-0.0116113 0.999307 -0.0353685 -0.747311 -0.0321735 -0.663695 -0.664373 0.0187249 0.747166 3.13465 5.08604 4.90946</i>
                        <i>-0.0114043 0.999574 -0.0268467 -0.743182 -0.0264356 -0.668566 -0.668992 0.0123275 0.743168 3.14049 4.99408 4.92254</i>
                        <i>-0.00455808 0.999978 -0.00489144 -0.738992 -0.00666381 -0.673681 -0.673698 0.000544046 0.739006 3.16101 4.85747 4.96512</i>
                        <i>0.00531904 0.999723 0.0229407 -0.734488 0.0194738 -0.678342 -0.678601 -0.0132415 0.734388 3.18781 4.7318 5.0195</i>
                        <i>0.0130205 0.998844 0.0462694 -0.729719 0.0411281 -0.682509 -0.683623 -0.0248771 0.729411 3.20959 4.67295 5.06321</i>
                        <i>0.0134258 0.998363 0.0556059 -0.725145 0.0480111 -0.686921 -0.688466 -0.0310999 0.724602 3.21601 4.68733 5.07721</i>
                        <i>0.00780812 0.998543 0.0533858 -0.720871 0.0426207 -0.691757 -0.693025 -0.033083 0.720154 3.20993 4.75623 5.06717</i>
                        <i>-0.000796093 0.998971 0.0453417 -0.716727 0.0310492 -0.696662 -0.697353 -0.0330522 0.715965 3.19752 4.85218 5.04492</i>
                        <i>-0.0111628 0.999368 0.0337533 -0.712618 0.0157289 -0.701375 -0.701463 -0.0318825 0.711992 3.18116 4.95873 5.01503</i>
                        <i>-0.0220632 0.999538 0.0209071 -0.708489 -0.000877313 -0.705722 -0.705377 -0.030383 0.708181 3.1633 5.05963 4.98222</i>
                        <i>-0.0322644 0.999438 0.00909501 -0.704351 -0.0162802 -0.709665 -0.709118 -0.029303 0.704481 3.14653 5.13896 4.95151</i>
                        <i>-0.0405476 0.999177 0.000558617 -0.700289 -0.0280196 -0.713309 -0.712707 -0.0293142 0.700849 3.13353 5.18317 4.92803</i>
                        <i>-0.045706 0.998951 -0.00262928 -0.69642 -0.0337507 -0.716841 -0.716178 -0.0309328 0.697232 3.12702 5.19324 4.91671</i>
                        <i>-0.0482216 0.998836 -0.000763085 -0.691929 -0.0339557 -0.721167 -0.720353 -0.0342478 0.692761 3.12641 5.17536 4.91674</i>
                        <i>-0.0492318 0.998778 0.0043323 -0.687128 -0.0307214 -0.725886 -0.724866 -0.0387136 0.687801 3.1292 5.139 4.92386</i>
                        <i>-0.0489256 0.998731 0.0119782 -0.683396 -0.0247273 -0.729629 -0.728407 -0.0438833 0.683738 3.13448 5.09003 4.93658</i>
                        <i>-0.0474725 0.998641 0.0215199 -0.682128 -0.0166731 -0.731042 -0.72969 -0.0493837 0.681993 3.14136 5.03431 4.95337</i>
                        <i>-0.0450269 0.998463 0.0323202 -0.684717 -0.00728776 -0.728773 -0.727417 -0.0549445 0.683992 3.14891 4.97772 4.97269</i>
                        <i>-0.041743 0.998169 0.0437757 -0.692798 0.00265318 -0.721126 -0.719922 -0.0604297 0.691419 3.15608 4.92621 4.99302</i>
                        <i>-0.037909 0.99774 0.0554762 -0.708814 0.012284 -0.705288 -0.704376 -0.0660591 0.706747 3.16112 4.88583 5.01289</i>
                        <i>-0.0338651 0.997197 0.0667141 -0.729675 0.0209455 -0.683473 -0.682955 -0.0718255 0.72692 3.1645 4.85848 5.03202</i>
                        <i>-0.0299358 0.996596 0.0768145 -0.751455 0.0282352 -0.65918 -0.659105 -0.0774557 0.748052 3.16726 4.84201 5.05059</i>
                        <i>-0.0258378 0.995939 0.0862381 -0.770859 0.0350759 -0.63604 -0.636482 -0.0829113 0.766822 3.17269 4.83067 5.07272</i>
                        <i>-0.0222665 0.995272 0.0945439 -0.784944 0.0411635 -0.618198 -0.619166 -0.0879768 0.780316 3.18143 4.82295 5.09753</i>
                        <i>-0.0183416 0.994517 0.102951 -0.790339 0.0486466 -0.610735 -0.612395 -0.0925684 0.785114 3.19377 4.81824 5.12332</i>
                        <i>-0.0138446 0.993691 0.111292 -0.790107 0.0573424 -0.610281 -0.612813 -0.0963815 0.784328 3.20807 4.81483 5.14778</i>
                        <i>-0.00982848 0.99288 0.118709 -0.789855 0.0650928 -0.609829 -0.613215 -0.0997568 0.783592 3.22161 4.81164 5.16846</i>
                        <i>-0.00652935 0.992165 0.124762 -0.789616 0.0714373 -0.609429 -0.613567 -0.102493 0.782963 3.23309 4.8091 5.18349</i>
                        <i>-0.00418254 0.991635 0.129008 -0.789424 0.0759167 -0.609135 -0.613833 -0.10439 0.782503 3.24124 4.8077 5.19105</i>
                        <i>-0.00302508 0.991376 0.131012 -0.789314 0.0780724 -0.609005 -0.613982 -0.105252 0.782271 3.2448 4.80791 5.18932</i>
                        <i>-0.00304382 0.991405 0.130791 -0.789295 0.0779252 -0.609049 -0.614007 -0.105086 0.782274 3.24316 4.81039 5.17763</i>
                        <i>-0.00408996 0.991686 0.128619 -0.789356 0.0757618 -0.609243 -0.613922 -0.104018 0.782483 3.2363 4.81626 5.1565</i>
                        <i>-0.0061014 0.992184 0.124635 -0.789487 0.0717165 -0.609562 -0.613736 -0.102117 0.782879 3.2247 4.82714 5.12732</i>
                        <i>-0.00895145 0.992841 0.119106 -0.789671 0.0660547 -0.609964 -0.613465 -0.0995148 0.783427 3.2088 4.84368 5.09145</i>
                        <i>-0.0125126 0.993595 0.112304 -0.789887 0.0590457 -0.610403 -0.613125 -0.0963455 0.784089 3.18896 4.86635 5.05013</i>
                        <i>-0.0166017 0.994386 0.104505 -0.790158 0.0509978 -0.610778 -0.612679 -0.0927154 0.784875 3.16519 4.89825 5.00488</i>
                        <i>-0.0206239 0.995143 0.0962503 -0.791079 0.0426263 -0.610227 -0.611366 -0.0887269 0.786358 3.13374 4.96644 4.96039</i>
                        <i>-0.0253489 0.995717 0.0889059 -0.792976 0.0341262 -0.608297 -0.608725 -0.0859199 0.788715 3.09567 5.05766 4.91654</i>
                        <i>-0.0313831 0.996027 0.0833345 -0.795947 0.0255252 -0.604828 -0.604553 -0.0853112 0.791984 3.05428 5.14625 4.87233</i>
                        <i>-0.0375655 0.996228 0.0782225 -0.799965 0.0169314 -0.599808 -0.59887 -0.0851073 0.796311 3.01374 5.20725 4.82732</i>
                        <i>-0.041021 0.996703 0.0699996 -0.804917 0.00854219 -0.593326 -0.591968 -0.0806827 0.801913 2.97814 5.23034 4.78055</i>
                        <i>-0.0399301 0.997682 0.0551103 -0.810656 -0.000101537 -0.585522 -0.584159 -0.0680555 0.808781 2.94754 5.23326 4.72995</i>
                        <i>-0.0388576 0.998556 0.0371051 -0.816971 -0.0103663 -0.576586 -0.575368 -0.0527185 0.816194 2.91562 5.24106 4.67614</i>
                        <i>-0.0410854 0.998908 0.0222644 -0.823673 -0.0212476 -0.566667 -0.565575 -0.0416203 0.823646 2.87751 5.26398 4.62397</i>
                        <i>-0.0479015 0.9987 0.0174226 -0.830647 -0.0301417 -0.555983 -0.554735 -0.0411044 0.831011 2.8346 5.29968 4.58771</i>
                        <i>-0.0568899 0.99806 0.0252945 -0.837879 -0.0339523 -0.544799 -0.542883 -0.0521873 0.838185 2.7969 5.3254 4.58127</i>
                        <i>-0.0648768 0.9971 0.0397735 -0.845331 -0.0337339 -0.533176 -0.530289 -0.0682126 0.845069 2.77204 5.34674 4.60456</i>
                        <i>-0.0694422 0.996146 0.0535729 -0.852946 -0.0314373 -0.521052 -0.51736 -0.0818777 0.851842 2.76442 5.3672 4.65099</i>
                        <i>-0.0691706 0.995826 0.0595399 -0.860577 -0.0293749 -0.508472 -0.504601 -0.08641 0.859018 2.77306 5.38875 4.7078</i>
                        <i>-0.0650009 0.996091 0.0598135 -0.868089 -0.0268834 -0.495679 -0.492134 -0.0841431 0.866444 2.78984 5.41015 4.77219</i>
                        <i>-0.0580107 0.996743 0.0560211 -0.875398 -0.0238121 -0.482817 -0.47991 -0.0770492 0.873928 2.81196 5.43126 4.84245</i>
                        <i>-0.0490165 0.997585 0.0492142 -0.882431 -0.0201714 -0.470008 -0.467881 -0.0664663 0.881289 2.83809 5.45207 4.91707</i>
                        <i>-0.0388028 0.998427 0.0404676 -0.889127 -0.0160168 -0.45738 -0.456012 -0.0537285 0.88835 2.86687 5.47265 4.99449</i>
                        <i>-0.0281598 0.999127 0.0308659 -0.895428 -0.011488 -0.445058 -0.444315 -0.0401709 0.894969 2.89695 5.49307 5.07317</i>
                        <i>-0.0179037 0.999609 0.0214911 -0.901284 -0.00682957 -0.433176 -0.432859 -0.027125 0.901053 2.92695 5.51348 5.15152</i>
                        <i>-0.00888212 0.999871 0.0134134 -0.906654 -0.00239462 -0.421869 -0.421782 -0.0159084 0.906558 2.95551 5.53409 5.22794</i>
                        <i>-0.00196737 0.999969 0.00768655 -0.911506 0.00136814 -0.411285 -0.411282 -0.00781548 0.911474 2.98125 5.55513 5.30082</i>
                    </KeyFrames>
                </p>
            </i>
            <i>
                <p>
                    <Name><![CDATA[spine1]]></Name>
                    <Exclude>0</Exclude>
                    <Additive>0</Additive>
                    <IKPriority>0</IKPriority>
                    <IKRotLimits>-1e+010 -1e+010 -1e+010 1e+010 1e+010 1e+010</IKRotLimits>
                    <IKRotLimitOrder>0</IKRotLimitOrder>
                    <KeyFrames count="92">
                        <i>-0.0791556 0.987777 0.134279 -0.854721 0.00207146 -0.519084 -0.513018 -0.155859 0.84411 2.98099 5.72041 5.30201</i>
                        <i>-0.0703824 0.989315 0.127677 -0.858511 0.00509935 -0.51277 -0.507942 -0.145702 0.848979 3.02362 5.67829 5.27509</i>
                        <i>-0.0579485 0.99154 0.116148 -0.864261 0.00840798 -0.502973 -0.499694 -0.129529 0.856462 3.07176 5.6349 5.24608</i>
                        <i>-0.04659 0.993346 0.105322 -0.869654 0.0115386 -0.493527 -0.491458 -0.114587 0.86333 3.1147 5.59199 5.21969</i>
                        <i>-0.0407788 0.994043 0.101075 -0.872538 0.0138614 -0.488349 -0.486841 -0.108106 0.866775 3.14202 5.55149 5.2005</i>
                        <i>-0.0448312 0.993002 0.109258 -0.870819 0.0147507 -0.491382 -0.489555 -0.117173 0.864064 3.14463 5.51534 5.1924</i>
                        <i>-0.0626311 0.988935 0.134483 -0.862 0.0143138 -0.506706 -0.503024 -0.14766 0.851565 3.12174 5.48383 5.19535</i>
                        <i>-0.0978149 0.979621 0.175429 -0.842698 0.0122451 -0.538247 -0.529427 -0.200482 0.824327 3.07023 5.45565 5.21584</i>
                        <i>-0.146579 0.963592 0.223619 -0.814624 0.0106564 -0.579891 -0.561161 -0.267165 0.783403 3.00528 5.42725 5.24435</i>
                        <i>-0.202374 0.941081 0.270947 -0.781529 0.0115247 -0.623763 -0.590134 -0.337986 0.733149 2.94444 5.39601 5.26787</i>
                        <i>-0.258475 0.914082 0.312482 -0.748537 0.0149595 -0.662924 -0.610642 -0.405254 0.680357 2.89151 5.36251 5.2811</i>
                        <i>-0.309024 0.886162 0.345284 -0.718731 0.0201608 -0.694996 -0.62284 -0.462936 0.630682 2.85205 5.32856 5.28352</i>
                        <i>-0.349794 0.861242 0.368654 -0.694427 0.0257687 -0.719102 -0.628821 -0.50754 0.589056 2.8287 5.29713 5.27814</i>
                        <i>-0.3748 0.844066 0.383507 -0.680069 0.0308368 -0.732499 -0.630104 -0.535352 0.562465 2.83079 5.26964 5.2607</i>
                        <i>-0.380789 0.837696 0.391491 -0.678394 0.0345999 -0.733883 -0.628317 -0.545039 0.555113 2.8597 5.24765 5.23051</i>
                        <i>-0.375 0.839222 0.393804 -0.681975 0.0379982 -0.730388 -0.627921 -0.54246 0.558079 2.91143 5.2285 5.18537</i>
                        <i>-0.360619 0.846594 0.391449 -0.68863 0.0413999 -0.72393 -0.629081 -0.530627 0.56806 2.97929 5.21038 5.12809</i>
                        <i>-0.341257 0.857303 0.385454 -0.69675 0.0445438 -0.71593 -0.630939 -0.512881 0.582125 3.05131 5.19404 5.06703</i>
                        <i>-0.320636 0.868971 0.376937 -0.704785 0.0469982 -0.707862 -0.632828 -0.492626 0.597369 3.11576 5.18118 5.01089</i>
                        <i>-0.302423 0.879615 0.367176 -0.711258 0.0481927 -0.701277 -0.634549 -0.473239 0.611059 3.1622 5.17413 4.96808</i>
                        <i>-0.289267 0.888146 0.3571 -0.714682 0.0478023 -0.697814 -0.636831 -0.457068 0.620914 3.18814 5.17397 4.94296</i>
                        <i>-0.282315 0.893892 0.348217 -0.714564 0.0462443 -0.69804 -0.640076 -0.44589 0.625688 3.19516 5.17961 4.93656</i>
                        <i>-0.28086 0.896853 0.341719 -0.711711 0.044244 -0.701078 -0.643883 -0.44011 0.625874 3.18902 5.18835 4.94342</i>
                        <i>-0.284227 0.897099 0.338273 -0.706809 0.0423288 -0.706137 -0.647793 -0.439797 0.622047 3.17534 5.19789 4.9572</i>
                        <i>-0.29113 0.895079 0.337753 -0.700705 0.0408664 -0.71228 -0.651349 -0.444032 0.615289 3.16044 5.20631 4.97116</i>
                        <i>-0.297486 0.893285 0.336962 -0.694974 0.0393816 -0.717956 -0.65461 -0.447762 0.609094 3.15113 5.21562 4.97875</i>
                        <i>-0.30236 0.892286 0.335267 -0.690515 0.0374273 -0.722349 -0.65709 -0.449917 0.604821 3.14712 5.22808 4.97717</i>
                        <i>-0.30728 0.891615 0.332568 -0.686434 0.0343679 -0.72638 -0.659081 -0.451487 0.601474 3.14415 5.24514 4.96997</i>
                        <i>-0.312628 0.891008 0.329194 -0.682355 0.030432 -0.730387 -0.660799 -0.452967 0.59847 3.14106 5.26531 4.95955</i>
                        <i>-0.318281 0.890357 0.325517 -0.678209 0.0260575 -0.734407 -0.662367 -0.454516 0.595554 3.13803 5.28629 4.94714</i>
                        <i>-0.324115 0.889565 0.321906 -0.673924 0.0216883 -0.738483 -0.66391 -0.456293 0.59247 3.13526 5.30579 4.93398</i>
                        <i>-0.330003 0.888544 0.318729 -0.66943 0.0177753 -0.742662 -0.665554 -0.458448 0.588952 3.13294 5.32156 4.92135</i>
                        <i>-0.335819 0.887214 0.316349 -0.664656 0.0147764 -0.747004 -0.667427 -0.461122 0.584729 3.13128 5.33135 4.91052</i>
                        <i>-0.341437 0.885504 0.315125 -0.659527 0.0131569 -0.751566 -0.66966 -0.464446 0.579521 3.13049 5.33294 4.9028</i>
                        <i>-0.34673 0.883343 0.315409 -0.653965 0.0133904 -0.756407 -0.67239 -0.468535 0.573032 3.13078 5.32411 4.89947</i>
                        <i>-0.351572 0.880583 0.317759 -0.647885 0.0161446 -0.761567 -0.675753 -0.473617 0.56484 3.13247 5.28281 4.90238</i>
                        <i>-0.354982 0.876884 0.324134 -0.641176 0.0239614 -0.76702 -0.680354 -0.480105 0.553731 3.13835 5.19104 4.91714</i>
                        <i>-0.352618 0.871037 0.341987 -0.633577 0.0467197 -0.772268 -0.688651 -0.48899 0.535395 3.16022 5.05465 4.96404</i>
                        <i>-0.347684 0.863827 0.36458 -0.624927 0.07638 -0.776938 -0.698986 -0.497965 0.513272 3.18897 4.92905 5.02391</i>
                        <i>-0.344678 0.857066 0.382929 -0.615495 0.101665 -0.781557 -0.708776 -0.505076 0.492478 3.21226 4.87013 5.07223</i>
                        <i>-0.347903 0.852999 0.389045 -0.606009 0.11202 -0.787531 -0.715344 -0.509749 0.477953 3.21877 4.88452 5.08808</i>
                        <i>-0.356217 0.851348 0.385117 -0.595877 0.110501 -0.795437 -0.71975 -0.512831 0.467937 3.21158 4.95354 5.0776</i>
                        <i>-0.366994 0.850805 0.376094 -0.584633 0.103517 -0.804666 -0.723546 -0.515185 0.459419 3.19747 5.04963 5.05377</i>
                        <i>-0.379152 0.850748 0.363966 -0.572378 0.0934318 -0.814649 -0.727067 -0.517202 0.451525 3.17906 5.15632 5.02159</i>
                        <i>-0.391613 0.850667 0.35072 -0.559242 0.0826339 -0.824876 -0.730676 -0.51917 0.443368 3.15905 5.25729 4.98625</i>
                        <i>-0.403307 0.850217 0.33834 -0.545409 0.073541 -0.834938 -0.734761 -0.52127 0.434056 3.14026 5.33664 4.95319</i>
                        <i>-0.413179 0.849234 0.328763 -0.53111 0.0685393 -0.844526 -0.739734 -0.523549 0.422717 3.12562 5.38083 4.92803</i>
                        <i>-0.420197 0.847707 0.323771 -0.516589 0.0698711 -0.853378 -0.746036 -0.525843 0.408557 3.11809 5.39087 4.91608</i>
                        <i>-0.42516 0.845651 0.322667 -0.501152 0.0769209 -0.861934 -0.753715 -0.528165 0.391096 3.11699 5.37297 4.91648</i>
                        <i>-0.428874 0.843227 0.324091 -0.485557 0.0873561 -0.869829 -0.761775 -0.530412 0.37197 3.11957 5.3366 4.92461</i>
                        <i>-0.430892 0.840596 0.328223 -0.471778 0.100213 -0.876004 -0.769258 -0.532311 0.353394 3.12492 5.28762 4.93884</i>
                        <i>-0.430768 0.837868 0.335286 -0.461849 0.114512 -0.879535 -0.775329 -0.533727 0.337641 3.13208 5.23188 4.95751</i>
                        <i>-0.428037 0.835102 0.345527 -0.457836 0.129267 -0.879589 -0.779211 -0.534691 0.327009 3.14012 5.17525 4.97897</i>
                        <i>-0.422059 0.832302 0.35936 -0.462156 0.143486 -0.875114 -0.779922 -0.53543 0.324093 3.14794 5.12368 5.00156</i>
                        <i>-0.411749 0.829293 0.377804 -0.478326 0.156205 -0.864178 -0.775672 -0.536538 0.332355 3.15374 5.08321 5.02375</i>
                        <i>-0.398371 0.826058 0.398658 -0.503149 0.166596 -0.84799 -0.766904 -0.538399 0.349264 3.15791 5.05575 5.0451</i>
                        <i>-0.383775 0.822753 0.419278 -0.532181 0.173999 -0.828557 -0.754652 -0.541112 0.371077 3.16145 5.03917 5.06567</i>
                        <i>-0.367312 0.818129 0.442433 -0.606023 0.150331 -0.781112 -0.705562 -0.555037 0.440587 3.16767 5.02781 5.08967</i>
                        <i>-0.348618 0.813026 0.46632 -0.72455 0.0818348 -0.684347 -0.594553 -0.576448 0.560549 3.17712 5.02011 5.11614</i>
                        <i>-0.336879 0.809777 0.480389 -0.7798 0.0459709 -0.624338 -0.527658 -0.584934 0.615978 3.19024 5.01527 5.14358</i>
                        <i>-0.333711 0.807261 0.486792 -0.776897 0.0569597 -0.627045 -0.533917 -0.58744 0.608151 3.20543 5.0117 5.1697</i>
                        <i>-0.331361 0.805013 0.49209 -0.771055 0.069534 -0.63296 -0.543759 -0.589168 0.597669 3.21976 5.00834 5.19185</i>
                        <i>-0.329896 0.803218 0.495994 -0.762881 0.0826401 -0.641236 -0.556041 -0.589925 0.585497 3.23189 5.00566 5.20808</i>
                        <i>-0.329381 0.802051 0.498219 -0.753011 0.0951995 -0.651084 -0.569633 -0.589619 0.572597 3.24051 5.00415 5.21648</i>
                        <i>-0.329891 0.801674 0.498489 -0.742143 0.106112 -0.661788 -0.583434 -0.588268 0.559951 3.2443 5.00429 5.21514</i>
                        <i>-0.331312 0.80207 0.496905 -0.731013 0.114761 -0.672644 -0.596533 -0.5861 0.548302 3.24265 5.00677 5.20341</i>
                        <i>-0.333435 0.803117 0.493785 -0.720397 0.120816 -0.682958 -0.608153 -0.583443 0.538279 3.23559 5.01267 5.18184</i>
                        <i>-0.336133 0.804711 0.489341 -0.711122 0.12381 -0.692081 -0.617511 -0.580613 0.530631 3.22359 5.02364 5.15188</i>
                        <i>-0.339244 0.806695 0.483897 -0.704035 0.123437 -0.699355 -0.623897 -0.577933 0.526067 3.20712 5.04029 5.11491</i>
                        <i>-0.342606 0.808914 0.477785 -0.699981 0.119412 -0.704107 -0.626616 -0.575672 0.525313 3.18658 5.0631 5.07224</i>
                        <i>-0.345377 0.811932 0.470618 -0.699804 0.111311 -0.70561 -0.625292 -0.573042 0.529748 3.162 5.09494 5.02543</i>
                        <i>-0.339179 0.823975 0.453897 -0.703976 0.0977306 -0.703467 -0.623999 -0.558134 0.546911 3.12981 5.16051 4.97904</i>
                        <i>-0.322877 0.84497 0.426352 -0.711014 0.0807681 -0.698523 -0.624667 -0.52868 0.574708 3.09091 5.24716 4.93337</i>
                        <i>-0.299278 0.8704 0.390944 -0.719502 0.063244 -0.691605 -0.626697 -0.488266 0.607327 3.04852 5.33085 4.88771</i>
                        <i>-0.274575 0.89359 0.355112 -0.728841 0.0474845 -0.683034 -0.627215 -0.446365 0.638248 3.00696 5.38808 4.84147</i>
                        <i>-0.258407 0.907359 0.331549 -0.738978 0.0353869 -0.6728 -0.622204 -0.418864 0.661374 2.97079 5.40974 4.79311</i>
                        <i>-0.258526 0.907688 0.330556 -0.749833 0.0271771 -0.661068 -0.609027 -0.418765 0.673589 2.94033 5.4143 4.7399</i>
                        <i>-0.265726 0.902917 0.337833 -0.761442 0.0183531 -0.647973 -0.591266 -0.429424 0.682642 2.90851 5.42503 4.68291</i>
                        <i>-0.268992 0.901534 0.33894 -0.774145 0.00698767 -0.632969 -0.573012 -0.432653 0.696038 2.86991 5.4498 4.62804</i>
                        <i>-0.262926 0.906355 0.330742 -0.790894 -0.00613292 -0.611922 -0.552591 -0.422472 0.718443 2.82577 5.48471 4.59087</i>
                        <i>-0.250898 0.911878 0.324852 -0.813128 -0.016445 -0.581852 -0.525236 -0.410132 0.7456 2.78651 5.50829 4.58585</i>
                        <i>-0.235176 0.917785 0.319941 -0.834536 -0.0219328 -0.550517 -0.498239 -0.396471 0.771083 2.76034 5.52703 4.6117</i>
                        <i>-0.219583 0.923354 0.314961 -0.850049 -0.0226549 -0.526217 -0.478749 -0.38328 0.789871 2.75202 5.54527 4.66053</i>
                        <i>-0.207885 0.928173 0.308671 -0.856907 -0.0206368 -0.515058 -0.471693 -0.371575 0.799648 2.7608 5.5656 4.71834</i>
                        <i>-0.194413 0.934946 0.296783 -0.860509 -0.0173168 -0.509141 -0.47088 -0.354368 0.807896 2.77837 5.58611 4.78273</i>
                        <i>-0.178735 0.943337 0.279588 -0.862258 -0.0133164 -0.506294 -0.473883 -0.33157 0.815779 2.80178 5.60647 4.85228</i>
                        <i>-0.161526 0.952471 0.258278 -0.862544 -0.00909195 -0.505901 -0.479508 -0.304492 0.823017 2.82952 5.62666 4.92566</i>
                        <i>-0.143481 0.961559 0.23413 -0.861735 -0.00505459 -0.507333 -0.486647 -0.274551 0.829335 2.86012 5.64666 5.00153</i>
                        <i>-0.125393 0.969951 0.208498 -0.860192 -0.00158216 -0.509969 -0.494315 -0.243295 0.834542 2.89206 5.66654 5.07852</i>
                        <i>-0.10819 0.977181 0.182792 -0.85827 0.000974244 -0.513197 -0.501664 -0.212408 0.83858 2.92386 5.6864 5.15523</i>
