<?xml version="1.0" encoding="ISO-8859-1" ?>
<Animl Version="1">
    <ModellingPackage><![CDATA[Maya.2010]]></ModellingPackage>
    <SrcFile><![CDATA[anims\turrets\antiair\blue\~src\aa_patriot\aa_patriot_idle_crewman_b.mb]]></SrcFile>
    <FramesPerSecond>30</FramesPerSecond>
    <TotalFrames>65</TotalFrames>
    <Skeleton>
        <RefFrame>
            <Name><![CDATA[soldier_ref_frame]]></Name>
            <Exclude>0</Exclude>
            <Additive>0</Additive>
            <IKPriority>0</IKPriority>
            <IKRotLimits>-1e+010 -1e+010 -1e+010 1e+010 1e+010 1e+010</IKRotLimits>
            <IKRotLimitOrder>0</IKRotLimitOrder>
            <KeyFrames count="65">
                <i>1 0 0 0 1 0 0 0 1 1.55 4.31 7.37</i>
                <i>1 0 0 0 1 0 0 0 1 1.55 4.31 7.37</i>
                <i>1 0 0 0 1 0 0 0 1 1.55 4.31 7.37</i>
                <i>1 0 0 0 1 0 0 0 1 1.55 4.31 7.37</i>
                <i>1 0 0 0 1 0 0 0 1 1.55 4.31 7.37</i>
                <i>1 0 0 0 1 0 0 0 1 1.55 4.31 7.37</i>
                <i>1 0 0 0 1 0 0 0 1 1.55 4.31 7.37</i>
                <i>1 0 0 0 1 0 0 0 1 1.55 4.31 7.37</i>
                <i>1 0 0 0 1 0 0 0 1 1.55 4.31 7.37</i>
                <i>1 0 0 0 1 0 0 0 1 1.55 4.31 7.37</i>
                <i>1 0 0 0 1 0 0 0 1 1.55 4.31 7.37</i>
                <i>1 0 0 0 1 0 0 0 1 1.55 4.31 7.37</i>
                <i>1 0 0 0 1 0 0 0 1 1.55 4.31 7.37</i>
                <i>1 0 0 0 1 0 0 0 1 1.55 4.31 7.37</i>
                <i>1 0 0 0 1 0 0 0 1 1.55 4.31 7.37</i>
                <i>1 0 0 0 1 0 0 0 1 1.55 4.31 7.37</i>
                <i>1 0 0 0 1 0 0 0 1 1.55 4.31 7.37</i>
                <i>1 0 0 0 1 0 0 0 1 1.55 4.31 7.37</i>
                <i>1 0 0 0 1 0 0 0 1 1.55 4.31 7.37</i>
                <i>1 0 0 0 1 0 0 0 1 1.55 4.31 7.37</i>
                <i>1 0 0 0 1 0 0 0 1 1.55 4.31 7.37</i>
                <i>1 0 0 0 1 0 0 0 1 1.55 4.31 7.37</i>
                <i>1 0 0 0 1 0 0 0 1 1.55 4.31 7.37</i>
                <i>1 0 0 0 1 0 0 0 1 1.55 4.31 7.37</i>
                <i>1 0 0 0 1 0 0 0 1 1.55 4.31 7.37</i>
                <i>1 0 0 0 1 0 0 0 1 1.55 4.31 7.37</i>
                <i>1 0 0 0 1 0 0 0 1 1.55 4.31 7.37</i>
                <i>1 0 0 0 1 0 0 0 1 1.55 4.31 7.37</i>
                <i>1 0 0 0 1 0 0 0 1 1.55 4.31 7.37</i>
                <i>1 0 0 0 1 0 0 0 1 1.55 4.31 7.37</i>
                <i>1 0 0 0 1 0 0 0 1 1.55 4.31 7.37</i>
                <i>1 0 0 0 1 0 0 0 1 1.55 4.31 7.37</i>
                <i>1 0 0 0 1 0 0 0 1 1.55 4.31 7.37</i>
                <i>1 0 0 0 1 0 0 0 1 1.55 4.31 7.37</i>
                <i>1 0 0 0 1 0 0 0 1 1.55 4.31 7.37</i>
                <i>1 0 0 0 1 0 0 0 1 1.55 4.31 7.37</i>
                <i>1 0 0 0 1 0 0 0 1 1.55 4.31 7.37</i>
                <i>1 0 0 0 1 0 0 0 1 1.55 4.31 7.37</i>
                <i>1 0 0 0 1 0 0 0 1 1.55 4.31 7.37</i>
                <i>1 0 0 0 1 0 0 0 1 1.55 4.31 7.37</i>
                <i>1 0 0 0 1 0 0 0 1 1.55 4.31 7.37</i>
                <i>1 0 0 0 1 0 0 0 1 1.55 4.31 7.37</i>
                <i>1 0 0 0 1 0 0 0 1 1.55 4.31 7.37</i>
                <i>1 0 0 0 1 0 0 0 1 1.55 4.31 7.37</i>
                <i>1 0 0 0 1 0 0 0 1 1.55 4.31 7.37</i>
                <i>1 0 0 0 1 0 0 0 1 1.55 4.31 7.37</i>
                <i>1 0 0 0 1 0 0 0 1 1.55 4.31 7.37</i>
                <i>1 0 0 0 1 0 0 0 1 1.55 4.31 7.37</i>
                <i>1 0 0 0 1 0 0 0 1 1.55 4.31 7.37</i>
                <i>1 0 0 0 1 0 0 0 1 1.55 4.31 7.37</i>
                <i>1 0 0 0 1 0 0 0 1 1.55 4.31 7.37</i>
                <i>1 0 0 0 1 0 0 0 1 1.55 4.31 7.37</i>
                <i>1 0 0 0 1 0 0 0 1 1.55 4.31 7.37</i>
                <i>1 0 0 0 1 0 0 0 1 1.55 4.31 7.37</i>
                <i>1 0 0 0 1 0 0 0 1 1.55 4.31 7.37</i>
                <i>1 0 0 0 1 0 0 0 1 1.55 4.31 7.37</i>
                <i>1 0 0 0 1 0 0 0 1 1.55 4.31 7.37</i>
                <i>1 0 0 0 1 0 0 0 1 1.55 4.31 7.37</i>
                <i>1 0 0 0 1 0 0 0 1 1.55 4.31 7.37</i>
                <i>1 0 0 0 1 0 0 0 1 1.55 4.31 7.37</i>
                <i>1 0 0 0 1 0 0 0 1 1.55 4.31 7.37</i>
                <i>1 0 0 0 1 0 0 0 1 1.55 4.31 7.37</i>
                <i>1 0 0 0 1 0 0 0 1 1.55 4.31 7.37</i>
                <i>1 0 0 0 1 0 0 0 1 1.55 4.31 7.37</i>
                <i>1 0 0 0 1 0 0 0 1 1.55 4.31 7.37</i>
            </KeyFrames>
        </RefFrame>
        <Bones count="23">
            <i>
                <p>
                    <Name><![CDATA[pelvis]]></Name>
                    <Exclude>0</Exclude>
                    <Additive>0</Additive>
                    <IKPriority>0</IKPriority>
                    <IKRotLimits>-1e+010 -1e+010 -1e+010 1e+010 1e+010 1e+010</IKRotLimits>
                    <IKRotLimitOrder>2</IKRotLimitOrder>
                    <KeyFrames count="65">
                        <i>1 0 0 0 1 0 0 0 1 1.55256 5.42579 7.37298</i>
                        <i>1 0 0 0 1 0 0 0 1 1.55256 5.42579 7.37298</i>
                        <i>1 0 0 0 1 0 0 0 1 1.55256 5.42576 7.37298</i>
                        <i>1 0 0 0 1 0 0 0 1 1.55256 5.42571 7.37298</i>
                        <i>1 0 0 0 1 0 0 0 1 1.55256 5.42567 7.37298</i>
                        <i>1 0 0 0 1 0 0 0 1 1.55256 5.42565 7.37298</i>
                        <i>1 0 0 0 1 0 0 0 1 1.55256 5.42569 7.37298</i>
                        <i>1 0 0 0 1 0 0 0 1 1.55256 5.42581 7.37298</i>
                        <i>1 0 0 0 1 0 0 0 1 1.55256 5.42602 7.37298</i>
                        <i>1 0 0 0 1 0 0 0 1 1.55256 5.42634 7.37298</i>
                        <i>1 0 0 0 1 0 0 0 1 1.55256 5.42682 7.37298</i>
                        <i>1 0 0 0 1 0 0 0 1 1.55256 5.42745 7.37298</i>
                        <i>1 0 0 0 1 0 0 0 1 1.55256 5.42827 7.37298</i>
                        <i>1 0 0 0 1 0 0 0 1 1.55256 5.42919 7.37298</i>
                        <i>1 0 0 0 1 0 0 0 1 1.55256 5.4301 7.37298</i>
                        <i>1 0 0 0 1 0 0 0 1 1.55256 5.43098 7.37298</i>
                        <i>1 0 0 0 1 0 0 0 1 1.55256 5.43182 7.37298</i>
                        <i>1 0 0 0 1 0 0 0 1 1.55256 5.43262 7.37298</i>
                        <i>1 0 0 0 1 0 0 0 1 1.55256 5.43337 7.37298</i>
                        <i>1 0 0 0 1 0 0 0 1 1.55256 5.43406 7.37298</i>
                        <i>1 0 0 0 1 0 0 0 1 1.55256 5.43468 7.37298</i>
                        <i>1 0 0 0 1 0 0 0 1 1.55256 5.43521 7.37298</i>
                        <i>1 0 0 0 1 0 0 0 1 1.55256 5.43566 7.37298</i>
                        <i>1 0 0 0 1 0 0 0 1 1.55256 5.43601 7.37298</i>
                        <i>1 0 0 0 1 0 0 0 1 1.55256 5.43623 7.37298</i>
                        <i>1 0 0 0 1 0 0 0 1 1.55256 5.43631 7.37298</i>
                        <i>1 0 0 0 1 0 0 0 1 1.55256 5.43625 7.37298</i>
                        <i>1 0 0 0 1 0 0 0 1 1.55256 5.43609 7.37298</i>
                        <i>1 0 0 0 1 0 0 0 1 1.55256 5.43582 7.37298</i>
                        <i>1 0 0 0 1 0 0 0 1 1.55256 5.43545 7.37298</i>
                        <i>1 0 0 0 1 0 0 0 1 1.55256 5.43501 7.37298</i>
                        <i>1 0 0 0 1 0 0 0 1 1.55256 5.4345 7.37298</i>
                        <i>1 0 0 0 1 0 0 0 1 1.55256 5.43394 7.37298</i>
                        <i>1 0 0 0 1 0 0 0 1 1.55256 5.43335 7.37298</i>
                        <i>1 0 0 0 1 0 0 0 1 1.55256 5.43272 7.37298</i>
                        <i>1 0 0 0 1 0 0 0 1 1.55256 5.43208 7.37298</i>
                        <i>1 0 0 0 1 0 0 0 1 1.55256 5.43144 7.37298</i>
                        <i>1 0 0 0 1 0 0 0 1 1.55256 5.4308 7.37298</i>
                        <i>1 0 0 0 1 0 0 0 1 1.55256 5.4302 7.37298</i>
                        <i>1 0 0 0 1 0 0 0 1 1.55256 5.42963 7.37298</i>
                        <i>1 0 0 0 1 0 0 0 1 1.55256 5.4291 7.37298</i>
                        <i>1 0 0 0 1 0 0 0 1 1.55256 5.42865 7.37298</i>
                        <i>1 0 0 0 1 0 0 0 1 1.55256 5.42826 7.37298</i>
                        <i>1 0 0 0 1 0 0 0 1 1.55256 5.42797 7.37298</i>
                        <i>1 0 0 0 1 0 0 0 1 1.55256 5.42777 7.37298</i>
                        <i>1 0 0 0 1 0 0 0 1 1.55256 5.42769 7.37298</i>
                        <i>1 0 0 0 1 0 0 0 1 1.55256 5.42773 7.37298</i>
                        <i>1 0 0 0 1 0 0 0 1 1.55256 5.42792 7.37298</i>
                        <i>1 0 0 0 1 0 0 0 1 1.55256 5.42813 7.37298</i>
                        <i>1 0 0 0 1 0 0 0 1 1.55256 5.42826 7.37298</i>
                        <i>1 0 0 0 1 0 0 0 1 1.55256 5.42832 7.37298</i>
                        <i>1 0 0 0 1 0 0 0 1 1.55256 5.42832 7.37298</i>
                        <i>1 0 0 0 1 0 0 0 1 1.55256 5.42827 7.37298</i>
                        <i>1 0 0 0 1 0 0 0 1 1.55256 5.42814 7.37298</i>
                        <i>1 0 0 0 1 0 0 0 1 1.55256 5.42789 7.37298</i>
                        <i>1 0 0 0 1 0 0 0 1 1.55256 5.42755 7.37298</i>
                        <i>1 0 0 0 1 0 0 0 1 1.55256 5.42716 7.37298</i>
                        <i>1 0 0 0 1 0 0 0 1 1.55256 5.42674 7.37298</i>
                        <i>1 0 0 0 1 0 0 0 1 1.55256 5.42633 7.37298</i>
                        <i>1 0 0 0 1 0 0 0 1 1.55256 5.42596 7.37298</i>
                        <i>1 0 0 0 1 0 0 0 1 1.55256 5.42566 7.37298</i>
                        <i>1 0 0 0 1 0 0 0 1 1.55256 5.42546 7.37298</i>
                        <i>1 0 0 0 1 0 0 0 1 1.55256 5.42539 7.37298</i>
                        <i>1 0 0 0 1 0 0 0 1 1.55256 5.42549 7.37298</i>
                        <i>1 0 0 0 1 0 0 0 1 1.55256 5.42579 7.37298</i>
                    </KeyFrames>
                </p>
            </i>
            <i>
                <p>
                    <Name><![CDATA[spine0]]></Name>
                    <Exclude>0</Exclude>
                    <Additive>0</Additive>
                    <IKPriority>0</IKPriority>
                    <IKRotLimits>-1e+010 -1e+010 -1e+010 1e+010 1e+010 1e+010</IKRotLimits>
                    <IKRotLimitOrder>0</IKRotLimitOrder>
                    <KeyFrames count="65">
                        <i>0.000802502 0.999736 -0.0229806 -0.999391 -2.22045e-016 -0.0348995 -0.0348903 0.0229946 0.999127 1.55423 5.56144 7.32511</i>
                        <i>0.000603689 0.99985 -0.0172874 -0.999391 -4.44089e-016 -0.0348995 -0.0348943 0.0172979 0.999241 1.55422 5.56158 7.3255</i>
                        <i>0.000386699 0.999939 -0.0110736 -0.999391 4.44089e-016 -0.0348995 -0.0348974 0.0110804 0.999329 1.55421 5.5617 7.32592</i>
                        <i>0.000157525 0.99999 -0.00451092 -0.999391 -2.22045e-016 -0.0348995 -0.0348991 0.00451367 0.999381 1.55419 5.5618 7.32637</i>
                        <i>-7.78272e-005 0.999997 0.00222868 -0.999391 -2.22045e-016 -0.0348995 -0.0348994 -0.00223004 0.999388 1.55417 5.56192 7.32683</i>
                        <i>-0.000313336 0.99996 0.00897276 -0.999391 0 -0.0348995 -0.0348981 -0.00897823 0.999351 1.55416 5.56206 7.32729</i>
                        <i>-0.000542964 0.999879 0.0155484 -0.999391 -2.22045e-016 -0.0348995 -0.0348953 -0.0155579 0.99927 1.55414 5.56225 7.32774</i>
                        <i>-0.000760657 0.999762 0.0217824 -0.999391 -2.22045e-016 -0.0348995 -0.0348912 -0.0217957 0.999153 1.55413 5.5625 7.32817</i>
                        <i>-0.000960349 0.999621 0.0275008 -0.999391 0 -0.0348995 -0.0348863 -0.0275176 0.999012 1.55411 5.56284 7.32856</i>
                        <i>-0.00113596 0.99947 0.0325296 -0.999391 -6.66134e-016 -0.0348995 -0.034881 -0.0325494 0.998861 1.5541 5.56328 7.32891</i>
                        <i>-0.00128139 0.999326 0.0366943 -0.999391 -2.22045e-016 -0.0348995 -0.034876 -0.0367167 0.998717 1.55409 5.56384 7.32919</i>
                        <i>-0.00139056 0.999206 0.0398205 -0.999391 0 -0.0348995 -0.0348718 -0.0398448 0.998597 1.55408 5.56455 7.32941</i>
                        <i>-0.00145737 0.999128 0.0417337 -0.999391 -2.22045e-016 -0.0348995 -0.0348691 -0.0417591 0.998519 1.55408 5.56541 7.32954</i>
                        <i>-0.00149989 0.999076 0.0429512 -0.999391 -4.44089e-016 -0.0348995 -0.0348672 -0.0429773 0.998467 1.55408 5.56636 7.32962</i>
                        <i>-0.00154023 0.999026 0.0441063 -0.999391 -2.22045e-016 -0.0348995 -0.0348655 -0.0441332 0.998417 1.55407 5.56729 7.3297</i>
                        <i>-0.00157839 0.998977 0.0451992 -0.999391 -4.44089e-016 -0.0348995 -0.0348638 -0.0452268 0.998368 1.55407 5.56819 7.32978</i>
                        <i>-0.00161438 0.99893 0.0462298 -0.999391 -2.22045e-016 -0.0348995 -0.0348621 -0.0462579 0.998321 1.55407 5.56906 7.32985</i>
                        <i>-0.00164819 0.998884 0.047198 -0.999391 -2.22045e-016 -0.0348995 -0.0348606 -0.0472267 0.998276 1.55407 5.56988 7.32992</i>
                        <i>-0.00167982 0.998841 0.0481038 -0.999391 -2.22045e-016 -0.0348995 -0.034859 -0.0481331 0.998232 1.55406 5.57065 7.32998</i>
                        <i>-0.00170927 0.9988 0.0489472 -0.999391 0 -0.0348995 -0.0348576 -0.048977 0.998191 1.55406 5.57135 7.33004</i>
                        <i>-0.00173655 0.998761 0.0497282 -0.999391 -2.22045e-016 -0.0348995 -0.0348563 -0.0497585 0.998153 1.55406 5.57199 7.33009</i>
                        <i>-0.00176164 0.998725 0.0504468 -0.999391 0 -0.0348995 -0.034855 -0.0504775 0.998117 1.55406 5.57254 7.33014</i>
                        <i>-0.00178455 0.998692 0.0511029 -0.999391 0 -0.0348995 -0.0348538 -0.0511341 0.998083 1.55406 5.573 7.33018</i>
                        <i>-0.00180529 0.998661 0.0516966 -0.999391 0 -0.0348995 -0.0348528 -0.0517282 0.998053 1.55406 5.57336 7.33022</i>
                        <i>-0.00182384 0.998634 0.0522279 -0.999391 -2.22045e-016 -0.0348995 -0.0348518 -0.0522597 0.998025 1.55405 5.57359 7.33026</i>
                        <i>-0.00184021 0.998609 0.0526966 -0.999391 0 -0.0348995 -0.0348509 -0.0527288 0.998001 1.55405 5.57368 7.33029</i>
                        <i>-0.0018544 0.998587 0.0531029 -0.999391 -2.22045e-016 -0.0348995 -0.0348502 -0.0531353 0.997979 1.55405 5.57364 7.33032</i>
                        <i>-0.0018664 0.998569 0.0534467 -0.999391 -4.44089e-016 -0.0348995 -0.0348496 -0.0534793 0.997961 1.55405 5.57348 7.33035</i>
                        <i>-0.00187622 0.998554 0.053728 -0.999391 -2.22045e-016 -0.0348995 -0.034849 -0.0537608 0.997946 1.55405 5.57321 7.33036</i>
                        <i>-0.00188386 0.998542 0.0539468 -0.999391 0 -0.0348995 -0.0348486 -0.0539797 0.997934 1.55405 5.57285 7.33038</i>
                        <i>-0.00188932 0.998534 0.0541031 -0.999391 0 -0.0348995 -0.0348483 -0.0541361 0.997925 1.55405 5.57242 7.33039</i>
                        <i>-0.0018926 0.998528 0.0541969 -0.999391 0 -0.0348995 -0.0348481 -0.0542299 0.99792 1.55405 5.57191 7.3304</i>
                        <i>-0.00189369 0.998527 0.0542281 -0.999391 -2.22045e-016 -0.0348995 -0.0348481 -0.0542612 0.997918 1.55405 5.57135 7.3304</i>
                        <i>-0.0018926 0.998528 0.0541969 -0.999391 -4.44089e-016 -0.0348995 -0.0348481 -0.0542299 0.99792 1.55405 5.57075 7.3304</i>
                        <i>-0.00188932 0.998534 0.0541031 -0.999391 -2.22045e-016 -0.0348995 -0.0348483 -0.0541361 0.997925 1.55405 5.57013 7.33039</i>
                        <i>-0.00188386 0.998542 0.0539468 -0.999391 0 -0.0348995 -0.0348486 -0.0539797 0.997934 1.55405 5.56948 7.33038</i>
                        <i>-0.00187622 0.998554 0.053728 -0.999391 0 -0.0348995 -0.034849 -0.0537608 0.997946 1.55405 5.56883 7.33036</i>
                        <i>-0.0018664 0.998569 0.0534467 -0.999391 -4.44089e-016 -0.0348995 -0.0348496 -0.0534793 0.997961 1.55405 5.5682 7.33035</i>
                        <i>-0.0018544 0.998587 0.0531029 -0.999391 -4.44089e-016 -0.0348995 -0.0348502 -0.0531353 0.997979 1.55405 5.56758 7.33032</i>
                        <i>-0.00184021 0.998609 0.0526967 -0.999391 0 -0.0348995 -0.0348509 -0.0527288 0.998001 1.55405 5.567 7.33029</i>
                        <i>-0.00182384 0.998634 0.0522279 -0.999391 -2.22045e-016 -0.0348995 -0.0348518 -0.0522597 0.998025 1.55405 5.56647 7.33026</i>
                        <i>-0.00180529 0.998661 0.0516966 -0.999391 -2.22045e-016 -0.0348995 -0.0348528 -0.0517282 0.998053 1.55406 5.566 7.33022</i>
                        <i>-0.00178455 0.998692 0.0511029 -0.999391 0 -0.0348995 -0.0348538 -0.0511341 0.998083 1.55406 5.5656 7.33018</i>
                        <i>-0.00176164 0.998725 0.0504468 -0.999391 -2.22045e-016 -0.0348995 -0.034855 -0.0504776 0.998117 1.55406 5.56529 7.33014</i>
                        <i>-0.00173655 0.998761 0.0497282 -0.999391 2.22045e-016 -0.0348995 -0.0348563 -0.0497585 0.998153 1.55406 5.56508 7.33009</i>
                        <i>-0.00170927 0.9988 0.0489472 -0.999391 -2.22045e-016 -0.0348995 -0.0348576 -0.048977 0.998191 1.55406 5.56498 7.33004</i>
                        <i>-0.00167982 0.998841 0.0481038 -0.999391 -2.22045e-016 -0.0348995 -0.034859 -0.0481331 0.998232 1.55406 5.56501 7.32998</i>
                        <i>-0.00164819 0.998884 0.047198 -0.999391 0 -0.0348995 -0.0348606 -0.0472267 0.998276 1.55407 5.56517 7.32992</i>
                        <i>-0.00161438 0.99893 0.0462298 -0.999391 0 -0.0348995 -0.0348621 -0.0462579 0.998321 1.55407 5.56536 7.32985</i>
                        <i>-0.00157839 0.998977 0.0451992 -0.999391 -2.22045e-016 -0.0348995 -0.0348638 -0.0452268 0.998368 1.55407 5.56547 7.32978</i>
                        <i>-0.00154023 0.999026 0.0441063 -0.999391 2.22045e-016 -0.0348995 -0.0348655 -0.0441332 0.998417 1.55407 5.56551 7.3297</i>
                        <i>-0.00149989 0.999076 0.0429511 -0.999391 0 -0.0348995 -0.0348672 -0.0429773 0.998467 1.55408 5.56548 7.32962</i>
                        <i>-0.00145737 0.999128 0.0417337 -0.999391 -2.22045e-016 -0.0348995 -0.0348691 -0.0417591 0.998519 1.55408 5.56541 7.32954</i>
                        <i>-0.00139056 0.999206 0.0398205 -0.999391 -2.22045e-016 -0.0348995 -0.0348718 -0.0398448 0.998597 1.55408 5.56524 7.32941</i>
                        <i>-0.00128139 0.999326 0.0366943 -0.999391 -6.66134e-016 -0.0348995 -0.034876 -0.0367167 0.998717 1.55409 5.56492 7.32919</i>
                        <i>-0.00113596 0.99947 0.0325296 -0.999391 0 -0.0348995 -0.034881 -0.0325494 0.998861 1.5541 5.56449 7.32891</i>
                        <i>-0.000960349 0.999621 0.0275008 -0.999391 -4.44089e-016 -0.0348995 -0.0348863 -0.0275176 0.999012 1.55411 5.56399 7.32856</i>
                        <i>-0.000760658 0.999762 0.0217824 -0.999391 0 -0.0348995 -0.0348912 -0.0217957 0.999153 1.55413 5.56344 7.32817</i>
                        <i>-0.000542964 0.999879 0.0155485 -0.999391 0 -0.0348995 -0.0348953 -0.0155579 0.99927 1.55414 5.56289 7.32774</i>
                        <i>-0.000313336 0.99996 0.00897277 -0.999391 0 -0.0348995 -0.0348981 -0.00897824 0.999351 1.55416 5.56236 7.32729</i>
                        <i>-7.78277e-005 0.999997 0.0022287 -0.999391 -2.22045e-016 -0.0348995 -0.0348994 -0.00223005 0.999388 1.55417 5.56191 7.32683</i>
                        <i>0.000157524 0.99999 -0.00451089 -0.999391 -6.66134e-016 -0.0348995 -0.0348991 0.00451364 0.999381 1.55419 5.56155 7.32637</i>
                        <i>0.000386698 0.999939 -0.0110736 -0.999391 0 -0.0348995 -0.0348974 0.0110803 0.999329 1.55421 5.56133 7.32592</i>
                        <i>0.000603688 0.99985 -0.0172874 -0.999391 0 -0.0348995 -0.0348943 0.0172979 0.999241 1.55422 5.56128 7.3255</i>
                        <i>0.000802502 0.999736 -0.0229806 -0.999391 -2.22045e-016 -0.0348995 -0.0348903 0.0229946 0.999127 1.55423 5.56144 7.32511</i>
                    </KeyFrames>
                </p>
            </i>
            <i>
                <p>
                    <Name><![CDATA[spine1]]></Name>
                    <Exclude>0</Exclude>
                    <Additive>0</Additive>
                    <IKPriority>0</IKPriority>
                    <IKRotLimits>-1e+010 -1e+010 -1e+010 1e+010 1e+010 1e+010</IKRotLimits>
                    <IKRotLimitOrder>0</IKRotLimitOrder>
                    <KeyFrames count="65">
                        <i>-0.00168166 0.998838 0.0481565 -0.999391 -2.22045e-016 -0.0348995 -0.034859 -0.0481858 0.99823 1.55437 5.73291 7.32117</i>
                        <i>-0.00214545 0.998109 0.0614376 -0.999391 -4.44089e-016 -0.0348995 -0.0348335 -0.061475 0.997501 1.55432 5.73309 7.32253</i>
                        <i>-0.00265105 0.997111 0.0759163 -0.999391 4.44089e-016 -0.0348995 -0.0347987 -0.0759625 0.996503 1.55427 5.73324 7.32402</i>
                        <i>-0.00318428 0.995829 0.0911859 -0.999391 -2.22045e-016 -0.0348995 -0.0347539 -0.0912414 0.995222 1.55422 5.73338 7.3256</i>
                        <i>-0.00373093 0.994269 0.10684 -0.999391 -2.22045e-016 -0.0348995 -0.0346995 -0.106905 0.993664 1.55416 5.73353 7.32721</i>
                        <i>-0.00427686 0.992463 0.122473 -0.999391 0 -0.0348995 -0.0346364 -0.122548 0.991858 1.5541 5.7337 7.32883</i>
                        <i>-0.00480798 0.990465 0.137682 -0.999391 -2.22045e-016 -0.0348995 -0.0345667 -0.137766 0.989861 1.55405 5.73391 7.33041</i>
                        <i>-0.00531031 0.988356 0.152067 -0.999391 -2.22045e-016 -0.0348995 -0.0344931 -0.15216 0.987754 1.554 5.73418 7.33191</i>
                        <i>-0.00577001 0.986238 0.165231 -0.999391 0 -0.0348995 -0.0344192 -0.165332 0.985637 1.55395 5.73453 7.33329</i>
                        <i>-0.00617333 0.984231 0.176781 -0.999391 -6.66134e-016 -0.0348995 -0.0343492 -0.176889 0.983631 1.55391 5.73498 7.3345</i>
                        <i>-0.00650666 0.982466 0.186326 -0.999391 -2.22045e-016 -0.0348995 -0.0342876 -0.18644 0.981868 1.55387 5.73554 7.3355</i>
                        <i>-0.00675643 0.981081 0.193479 -0.999391 0 -0.0348995 -0.0342392 -0.193597 0.980484 1.55385 5.73625 7.33625</i>
                        <i>-0.00690909 0.980208 0.19785 -0.999391 -2.22045e-016 -0.0348995 -0.0342088 -0.197971 0.979611 1.55383 5.73711 7.33671</i>
                        <i>-0.00700616 0.979642 0.20063 -0.999391 -4.44089e-016 -0.0348995 -0.034189 -0.200752 0.979045 1.55382 5.73806 7.337</i>
                        <i>-0.00709821 0.979098 0.203266 -0.999391 -2.22045e-016 -0.0348995 -0.03417 -0.20339 0.978501 1.55381 5.73899 7.33728</i>
                        <i>-0.00718524 0.978576 0.205758 -0.999391 -4.44089e-016 -0.0348995 -0.0341518 -0.205884 0.97798 1.5538 5.73989 7.33754</i>
                        <i>-0.00726727 0.978079 0.208107 -0.999391 -2.22045e-016 -0.0348995 -0.0341345 -0.208234 0.977483 1.55379 5.74075 7.33779</i>
                        <i>-0.00734429 0.977607 0.210313 -0.999391 -2.22045e-016 -0.0348995 -0.034118 -0.210441 0.977011 1.55378 5.74158 7.33803</i>
                        <i>-0.00741631 0.97716 0.212375 -0.999391 -2.22045e-016 -0.0348995 -0.0341024 -0.212505 0.976565 1.55378 5.74235 7.33824</i>
                        <i>-0.00748334 0.97674 0.214295 -0.999391 0 -0.0348995 -0.0340877 -0.214425 0.976145 1.55377 5.74305 7.33845</i>
                        <i>-0.00754538 0.976348 0.216071 -0.999391 -2.22045e-016 -0.0348995 -0.0340741 -0.216203 0.975754 1.55376 5.74368 7.33864</i>
                        <i>-0.00760244 0.975985 0.217705 -0.999391 0 -0.0348995 -0.0340614 -0.217838 0.97539 1.55376 5.74423 7.33881</i>
                        <i>-0.00765452 0.975651 0.219197 -0.999391 0 -0.0348995 -0.0340497 -0.21933 0.975056 1.55375 5.74469 7.33897</i>
                        <i>-0.00770162 0.975346 0.220546 -0.999391 0 -0.0348995 -0.0340391 -0.22068 0.974752 1.55375 5.74505 7.33911</i>
                        <i>-0.00774376 0.975072 0.221752 -0.999391 -2.22045e-016 -0.0348995 -0.0340295 -0.221888 0.974478 1.55374 5.74528 7.33924</i>
                        <i>-0.00778093 0.974829 0.222817 -0.999391 0 -0.0348995 -0.0340211 -0.222953 0.974235 1.55374 5.74537 7.33935</i>
                        <i>-0.00781315 0.974618 0.223739 -0.999391 -2.22045e-016 -0.0348995 -0.0340137 -0.223876 0.974024 1.55373 5.74533 7.33945</i>
                        <i>-0.00784039 0.974438 0.22452 -0.999391 -4.44089e-016 -0.0348995 -0.0340074 -0.224656 0.973844 1.55373 5.74517 7.33953</i>
                        <i>-0.00786269 0.974291 0.225158 -0.999391 -2.22045e-016 -0.0348995 -0.0340022 -0.225295 0.973697 1.55373 5.7449 7.3396</i>
                        <i>-0.00788002 0.974176 0.225654 -0.999391 0 -0.0348995 -0.0339982 -0.225792 0.973582 1.55373 5.74454 7.33965</i>
                        <i>-0.0078924 0.974093 0.226009 -0.999391 0 -0.0348995 -0.0339954 -0.226147 0.9735 1.55373 5.7441 7.33969</i>
                        <i>-0.00789983 0.974044 0.226222 -0.999391 0 -0.0348995 -0.0339936 -0.226359 0.97345 1.55372 5.7436 7.33971</i>
                        <i>-0.00790231 0.974027 0.226292 -0.999391 -2.22045e-016 -0.0348995 -0.0339931 -0.22643 0.973434 1.55372 5.74304 7.33972</i>
                        <i>-0.00789983 0.974044 0.226222 -0.999391 -4.44089e-016 -0.0348995 -0.0339936 -0.226359 0.97345 1.55372 5.74244 7.33971</i>
                        <i>-0.0078924 0.974093 0.226009 -0.999391 -2.22045e-016 -0.0348995 -0.0339954 -0.226147 0.9735 1.55373 5.74181 7.33969</i>
                        <i>-0.00788002 0.974176 0.225654 -0.999391 0 -0.0348995 -0.0339982 -0.225792 0.973582 1.55373 5.74117 7.33965</i>
                        <i>-0.00786269 0.974291 0.225158 -0.999391 0 -0.0348995 -0.0340022 -0.225295 0.973697 1.55373 5.74052 7.3396</i>
                        <i>-0.00784039 0.974438 0.22452 -0.999391 -4.44089e-016 -0.0348995 -0.0340074 -0.224656 0.973844 1.55373 5.73988 7.33953</i>
                        <i>-0.00781315 0.974618 0.223739 -0.999391 -4.44089e-016 -0.0348995 -0.0340137 -0.223876 0.974024 1.55373 5.73927 7.33945</i>
                        <i>-0.00778093 0.974829 0.222817 -0.999391 0 -0.0348995 -0.0340211 -0.222953 0.974235 1.55374 5.73869 7.33935</i>
                        <i>-0.00774376 0.975072 0.221752 -0.999391 -2.22045e-016 -0.0348995 -0.0340295 -0.221888 0.974478 1.55374 5.73816 7.33924</i>
                        <i>-0.00770162 0.975346 0.220546 -0.999391 -2.22045e-016 -0.0348995 -0.0340391 -0.22068 0.974752 1.55375 5.73769 7.33911</i>
                        <i>-0.00765452 0.975651 0.219197 -0.999391 0 -0.0348995 -0.0340497 -0.21933 0.975056 1.55375 5.7373 7.33897</i>
                        <i>-0.00760244 0.975985 0.217705 -0.999391 -2.22045e-016 -0.0348995 -0.0340614 -0.217838 0.97539 1.55376 5.73699 7.33881</i>
                        <i>-0.00754538 0.976348 0.216071 -0.999391 2.22045e-016 -0.0348995 -0.0340741 -0.216203 0.975754 1.55376 5.73678 7.33864</i>
                        <i>-0.00748334 0.97674 0.214295 -0.999391 -2.22045e-016 -0.0348995 -0.0340877 -0.214425 0.976145 1.55377 5.73668 7.33845</i>
                        <i>-0.00741631 0.97716 0.212375 -0.999391 -2.22045e-016 -0.0348995 -0.0341024 -0.212505 0.976565 1.55378 5.73671 7.33824</i>
                        <i>-0.00734429 0.977607 0.210313 -0.999391 0 -0.0348995 -0.034118 -0.210441 0.977011 1.55378 5.73687 7.33803</i>
                        <i>-0.00726727 0.978079 0.208107 -0.999391 0 -0.0348995 -0.0341345 -0.208234 0.977483 1.55379 5.73706 7.33779</i>
                        <i>-0.00718524 0.978576 0.205758 -0.999391 -2.22045e-016 -0.0348995 -0.0341518 -0.205884 0.97798 1.5538 5.73717 7.33754</i>
                        <i>-0.00709821 0.979098 0.203266 -0.999391 2.22045e-016 -0.0348995 -0.03417 -0.20339 0.978501 1.55381 5.73721 7.33728</i>
                        <i>-0.00700616 0.979642 0.20063 -0.999391 0 -0.0348995 -0.034189 -0.200752 0.979045 1.55382 5.73718 7.337</i>
                        <i>-0.00690909 0.980208 0.19785 -0.999391 -2.22045e-016 -0.0348995 -0.0342088 -0.197971 0.979611 1.55383 5.73711 7.33671</i>
                        <i>-0.00675643 0.981081 0.193479 -0.999391 -2.22045e-016 -0.0348995 -0.0342392 -0.193597 0.980484 1.55385 5.73694 7.33625</i>
                        <i>-0.00650666 0.982466 0.186326 -0.999391 -6.66134e-016 -0.0348995 -0.0342876 -0.18644 0.981868 1.55387 5.73662 7.3355</i>
                        <i>-0.00617333 0.984231 0.176781 -0.999391 0 -0.0348995 -0.0343492 -0.176889 0.983631 1.55391 5.73619 7.3345</i>
                        <i>-0.00577001 0.986238 0.165231 -0.999391 -4.44089e-016 -0.0348995 -0.0344192 -0.165332 0.985637 1.55395 5.73567 7.33329</i>
                        <i>-0.00531031 0.988356 0.152067 -0.999391 0 -0.0348995 -0.0344931 -0.15216 0.987754 1.554 5.73512 7.33191</i>
                        <i>-0.00480798 0.990465 0.137682 -0.999391 0 -0.0348995 -0.0345667 -0.137766 0.989861 1.55405 5.73455 7.33041</i>
                        <i>-0.00427686 0.992463 0.122473 -0.999391 0 -0.0348995 -0.0346364 -0.122548 0.991858 1.5541 5.73401 7.32883</i>
                        <i>-0.00373093 0.994269 0.10684 -0.999391 -2.22045e-016 -0.0348995 -0.0346995 -0.106905 0.993664 1.55416 5.73352 7.32721</i>
                        <i>-0.00318428 0.995829 0.0911859 -0.999391 -6.66134e-016 -0.0348995 -0.0347539 -0.0912415 0.995222 1.55422 5.73313 7.3256</i>
                        <i>-0.00265106 0.997111 0.0759163 -0.999391 0 -0.0348995 -0.0347987 -0.0759626 0.996503 1.55427 5.73287 7.32402</i>
                        <i>-0.00214545 0.998109 0.0614376 -0.999391 0 -0.0348995 -0.0348335 -0.0614751 0.997501 1.55432 5.73279 7.32253</i>
                        <i>-0.00168166 0.998838 0.0481565 -0.999391 -2.22045e-016 -0.0348995 -0.034859 -0.0481858 0.99823 1.55437 5.73291 7.32117</i>
                    </KeyFrames>
                </p>
            </i>
            <i>
                <p>
                    <Name><![CDATA[spine2]]></Name>
                    <Exclude>0</Exclude>
                    <Additive>0</Additive>
                    <IKPriority>0</IKPriority>
                    <IKRotLimits>-1e+010 -1e+010 -1e+010 1e+010 1e+010 1e+010</IKRotLimits>
                    <IKRotLimitOrder>0</IKRotLimitOrder>
                    <KeyFrames count="65">
                        <i>-0.00709195 0.979135 0.203087 -0.999391 -2.22045e-016 -0.0348995 -0.0341713 -0.203211 0.978539 1.55411 5.8907 7.32877</i>
                        <i>-0.00767082 0.975546 0.219663 -0.999391 -4.44089e-016 -0.0348995 -0.0340461 -0.219797 0.974951 1.55399 5.89077 7.33224</i>
                        <i>-0.00829948 0.971311 0.237666 -0.999391 4.44089e-016 -0.0348995 -0.0338983 -0.237811 0.97072 1.55385 5.89078 7.33602</i>
                        <i>-0.00895965 0.966484 0.256571 -0.999391 -2.22045e-016 -0.0348995 -0.0337298 -0.256727 0.965895 1.55371 5.89074 7.34001</i>
                        <i>-0.00963328 0.961149 0.275861 -0.999391 -2.22045e-016 -0.0348995 -0.0335436 -0.276029 0.960564 1.55357 5.89066 7.3441</i>
                        <i>-0.0103027 0.955433 0.29503 -0.999391 0 -0.0348995 -0.0333441 -0.295209 0.954851 1.55343 5.89056 7.3482</i>
                        <i>-0.0109505 0.949498 0.313583 -0.999391 -2.22045e-016 -0.0348995 -0.033137 -0.313774 0.948919 1.55329 5.89048 7.35218</i>
                        <i>-0.0115602 0.943546 0.331039 -0.999391 -2.22045e-016 -0.0348995 -0.0329293 -0.331241 0.942971 1.55316 5.89044 7.35596</i>
                        <i>-0.0121152 0.937811 0.346934 -0.999391 0 -0.0348995 -0.0327291 -0.347146 0.93724 1.55304 5.89048 7.35942</i>
                        <i>-0.0125999 0.932552 0.360815 -0.999391 -6.66134e-016 -0.0348995 -0.0325456 -0.361035 0.931984 1.55293 5.89063 7.36247</i>
                        <i>-0.0129989 0.928046 0.372239 -0.999391 -2.22045e-016 -0.0348995 -0.0323883 -0.372466 0.92748 1.55284 5.89093 7.36498</i>
                        <i>-0.0132968 0.924574 0.380771 -0.999391 0 -0.0348995 -0.0322672 -0.381003 0.92401 1.55278 5.89144 7.36687</i>
                        <i>-0.0134785 0.922411 0.385974 -0.999391 -2.22045e-016 -0.0348995 -0.0321917 -0.386209 0.921849 1.55274 5.89217 7.36802</i>
                        <i>-0.0135939 0.92102 0.389277 -0.999391 -4.44089e-016 -0.0348995 -0.0321431 -0.389514 0.920459 1.55271 5.89303 7.36876</i>
                        <i>-0.0137031 0.91969 0.392406 -0.999391 -2.22045e-016 -0.0348995 -0.0320967 -0.392645 0.91913 1.55269 5.89388 7.36946</i>
                        <i>-0.0138063 0.918422 0.395361 -0.999391 -4.44089e-016 -0.0348995 -0.0320525 -0.395602 0.917863 1.55266 5.89471 7.37011</i>
                        <i>-0.0139035 0.917218 0.398143 -0.999391 -2.22045e-016 -0.0348995 -0.0320104 -0.398386 0.916659 1.55264 5.8955 7.37074</i>
                        <i>-0.0139946 0.916079 0.400753 -0.999391 -2.22045e-016 -0.0348995 -0.0319707 -0.400997 0.915521 1.55262 5.89625 7.37132</i>
                        <i>-0.0140797 0.915008 0.403191 -0.999391 -2.22045e-016 -0.0348995 -0.0319333 -0.403437 0.91445 1.5526 5.89695 7.37186</i>
                        <i>-0.0141589 0.914004 0.405458 -0.999391 0 -0.0348995 -0.0318983 -0.405705 0.913447 1.55258 5.8976 7.37237</i>
                        <i>-0.0142321 0.91307 0.407555 -0.999391 -2.22045e-016 -0.0348995 -0.0318657 -0.407804 0.912513 1.55257 5.89817 7.37284</i>
                        <i>-0.0142994 0.912206 0.409482 -0.999391 0 -0.0348995 -0.0318355 -0.409732 0.91165 1.55255 5.89867 7.37328</i>
                        <i>-0.0143608 0.911414 0.41124 -0.999391 0 -0.0348995 -0.0318079 -0.411491 0.910859 1.55254 5.89908 7.37367</i>
                        <i>-0.0144163 0.910695 0.412829 -0.999391 0 -0.0348995 -0.0317828 -0.41308 0.91014 1.55253 5.89939 7.37403</i>
                        <i>-0.0144659 0.910049 0.414249 -0.999391 -2.22045e-016 -0.0348995 -0.0317602 -0.414502 0.909494 1.55252 5.89958 7.37435</i>
                        <i>-0.0145096 0.909477 0.415502 -0.999391 0 -0.0348995 -0.0317403 -0.415755 0.908923 1.55251 5.89964 7.37463</i>
                        <i>-0.0145475 0.90898 0.416586 -0.999391 -2.22045e-016 -0.0348995 -0.0317229 -0.41684 0.908426 1.5525 5.89956 7.37488</i>
                        <i>-0.0145796 0.908558 0.417504 -0.999391 -4.44089e-016 -0.0348995 -0.0317082 -0.417758 0.908005 1.55249 5.89937 7.37508</i>
                        <i>-0.0146057 0.908213 0.418254 -0.999391 -2.22045e-016 -0.0348995 -0.0316962 -0.418509 0.907659 1.55248 5.89909 7.37525</i>
                        <i>-0.0146261 0.907944 0.418837 -0.999391 0 -0.0348995 -0.0316868 -0.419093 0.90739 1.55248 5.89871 7.37538</i>
                        <i>-0.0146407 0.907751 0.419254 -0.999391 0 -0.0348995 -0.0316801 -0.419509 0.907198 1.55248 5.89826 7.37548</i>
                        <i>-0.0146494 0.907635 0.419504 -0.999391 0 -0.0348995 -0.031676 -0.419759 0.907083 1.55247 5.89775 7.37553</i>
                        <i>-0.0146523 0.907597 0.419587 -0.999391 -2.22045e-016 -0.0348995 -0.0316747 -0.419843 0.907044 1.55247 5.89719 7.37555</i>
                        <i>-0.0146494 0.907635 0.419504 -0.999391 -4.44089e-016 -0.0348995 -0.031676 -0.419759 0.907083 1.55247 5.89659 7.37553</i>
                        <i>-0.0146407 0.907751 0.419254 -0.999391 -2.22045e-016 -0.0348995 -0.0316801 -0.419509 0.907198 1.55248 5.89597 7.37548</i>
                        <i>-0.0146261 0.907944 0.418837 -0.999391 0 -0.0348995 -0.0316868 -0.419093 0.90739 1.55248 5.89534 7.37538</i>
                        <i>-0.0146057 0.908213 0.418254 -0.999391 0 -0.0348995 -0.0316962 -0.418509 0.907659 1.55248 5.89471 7.37525</i>
                        <i>-0.0145796 0.908558 0.417504 -0.999391 -4.44089e-016 -0.0348995 -0.0317082 -0.417758 0.908005 1.55249 5.89409 7.37508</i>
                        <i>-0.0145475 0.90898 0.416586 -0.999391 -4.44089e-016 -0.0348995 -0.0317229 -0.41684 0.908426 1.5525 5.8935 7.37488</i>
                        <i>-0.0145096 0.909477 0.415502 -0.999391 0 -0.0348995 -0.0317403 -0.415755 0.908923 1.55251 5.89296 7.37463</i>
                        <i>-0.0144659 0.910049 0.414249 -0.999391 -2.22045e-016 -0.0348995 -0.0317602 -0.414502 0.909494 1.55252 5.89246 7.37435</i>
                        <i>-0.0144163 0.910695 0.412829 -0.999391 -2.22045e-016 -0.0348995 -0.0317828 -0.41308 0.91014 1.55253 5.89203 7.37403</i>
                        <i>-0.0143608 0.911414 0.41124 -0.999391 0 -0.0348995 -0.0318079 -0.411491 0.910859 1.55254 5.89168 7.37367</i>
                        <i>-0.0142994 0.912206 0.409482 -0.999391 -2.22045e-016 -0.0348995 -0.0318355 -0.409732 0.91165 1.55255 5.89142 7.37328</i>
                        <i>-0.0142321 0.91307 0.407555 -0.999391 2.22045e-016 -0.0348995 -0.0318657 -0.407804 0.912513 1.55257 5.89127 7.37284</i>
                        <i>-0.0141589 0.914004 0.405458 -0.999391 -2.22045e-016 -0.0348995 -0.0318983 -0.405705 0.913447 1.55258 5.89123 7.37237</i>
                        <i>-0.0140797 0.915008 0.403191 -0.999391 -2.22045e-016 -0.0348995 -0.0319333 -0.403437 0.91445 1.5526 5.89131 7.37186</i>
                        <i>-0.0139946 0.916079 0.400753 -0.999391 0 -0.0348995 -0.0319707 -0.400997 0.915521 1.55262 5.89155 7.37132</i>
                        <i>-0.0139035 0.917218 0.398143 -0.999391 0 -0.0348995 -0.0320104 -0.398386 0.916659 1.55264 5.89181 7.37074</i>
                        <i>-0.0138063 0.918422 0.395361 -0.999391 -2.22045e-016 -0.0348995 -0.0320525 -0.395602 0.917863 1.55266 5.89199 7.37011</i>
                        <i>-0.0137031 0.91969 0.392406 -0.999391 2.22045e-016 -0.0348995 -0.0320967 -0.392645 0.91913 1.55269 5.8921 7.36946</i>
                        <i>-0.0135939 0.92102 0.389277 -0.999391 0 -0.0348995 -0.0321431 -0.389514 0.920459 1.55271 5.89216 7.36876</i>
                        <i>-0.0134785 0.922411 0.385974 -0.999391 -2.22045e-016 -0.0348995 -0.0321917 -0.386209 0.921849 1.55274 5.89217 7.36802</i>
                        <i>-0.0132968 0.924574 0.380771 -0.999391 -2.22045e-016 -0.0348995 -0.0322672 -0.381003 0.92401 1.55278 5.89213 7.36687</i>
                        <i>-0.0129989 0.928046 0.372239 -0.999391 -6.66134e-016 -0.0348995 -0.0323883 -0.372466 0.92748 1.55284 5.89201 7.36498</i>
                        <i>-0.0125999 0.932552 0.360815 -0.999391 0 -0.0348995 -0.0325456 -0.361035 0.931984 1.55293 5.89184 7.36247</i>
                        <i>-0.0121152 0.937811 0.346934 -0.999391 -4.44089e-016 -0.0348995 -0.0327291 -0.347146 0.93724 1.55304 5.89162 7.35942</i>
                        <i>-0.0115602 0.943546 0.33104 -0.999391 0 -0.0348995 -0.0329293 -0.331241 0.942971 1.55316 5.89138 7.35596</i>
                        <i>-0.0109505 0.949498 0.313583 -0.999391 0 -0.0348995 -0.033137 -0.313774 0.948919 1.55329 5.89112 7.35218</i>
                        <i>-0.0103027 0.955433 0.29503 -0.999391 0 -0.0348995 -0.0333441 -0.29521 0.954851 1.55343 5.89087 7.3482</i>
                        <i>-0.00963328 0.961149 0.275861 -0.999391 -2.22045e-016 -0.0348995 -0.0335436 -0.276029 0.960564 1.55357 5.89065 7.3441</i>
                        <i>-0.00895965 0.966484 0.256571 -0.999391 -6.66134e-016 -0.0348995 -0.0337298 -0.256727 0.965895 1.55371 5.89048 7.34001</i>
                        <i>-0.00829948 0.971311 0.237666 -0.999391 0 -0.0348995 -0.0338983 -0.237811 0.97072 1.55385 5.89041 7.33602</i>
                        <i>-0.00767082 0.975546 0.219664 -0.999391 0 -0.0348995 -0.0340461 -0.219797 0.974951 1.55399 5.89047 7.33224</i>
                        <i>-0.00709195 0.979135 0.203087 -0.999391 -2.22045e-016 -0.0348995 -0.0341713 -0.203211 0.978539 1.55411 5.8907 7.32877</i>
                    </KeyFrames>
                </p>
            </i>
            <i>
                <p>
                    <Name><![CDATA[head]]></Name>
                    <Exclude>0</Exclude>
                    <Additive>0</Additive>
                    <IKPriority>0</IKPriority>
                    <IKRotLimits>-1e+010 -1e+010 -1e+010 1e+010 1e+010 1e+010</IKRotLimits>
                    <IKRotLimitOrder>0</IKRotLimitOrder>
                    <KeyFrames count="65">
                        <i>-4.04523e-010 1 2.11917e-008 0.0348995 2.67026e-008 -0.999391 -0.999391 -2.26402e-016 -0.0348995 1.55256 6.14476 7.37298</i>
