<?xml version="1.0" encoding="ISO-8859-1" ?>
<Animl Version="1">
    <ModellingPackage><![CDATA[Maya.2010]]></ModellingPackage>
    <SrcFile><![CDATA[anims\turrets\antiair\blue\~src\aa_patriot\aa_patriot_idle_alt_crewman_d.mb]]></SrcFile>
    <FramesPerSecond>30</FramesPerSecond>
    <TotalFrames>65</TotalFrames>
    <Skeleton>
        <RefFrame>
            <Name><![CDATA[soldier_ref_frame]]></Name>
            <Exclude>0</Exclude>
            <Additive>0</Additive>
            <IKPriority>0</IKPriority>
            <IKRotLimits>-1e+010 -1e+010 -1e+010 1e+010 1e+010 1e+010</IKRotLimits>
            <IKRotLimitOrder>0</IKRotLimitOrder>
            <KeyFrames count="65">
                <i>1 0 0 0 1 0 0 0 1 0.49 3.72 3.98</i>
                <i>1 0 0 0 1 0 0 0 1 0.49 3.72 3.98</i>
                <i>1 0 0 0 1 0 0 0 1 0.49 3.72 3.98</i>
                <i>1 0 0 0 1 0 0 0 1 0.49 3.72 3.98</i>
                <i>1 0 0 0 1 0 0 0 1 0.49 3.72 3.98</i>
                <i>1 0 0 0 1 0 0 0 1 0.49 3.72 3.98</i>
                <i>1 0 0 0 1 0 0 0 1 0.49 3.72 3.98</i>
                <i>1 0 0 0 1 0 0 0 1 0.49 3.72 3.98</i>
                <i>1 0 0 0 1 0 0 0 1 0.49 3.72 3.98</i>
                <i>1 0 0 0 1 0 0 0 1 0.49 3.72 3.98</i>
                <i>1 0 0 0 1 0 0 0 1 0.49 3.72 3.98</i>
                <i>1 0 0 0 1 0 0 0 1 0.49 3.72 3.98</i>
                <i>1 0 0 0 1 0 0 0 1 0.49 3.72 3.98</i>
                <i>1 0 0 0 1 0 0 0 1 0.49 3.72 3.98</i>
                <i>1 0 0 0 1 0 0 0 1 0.49 3.72 3.98</i>
                <i>1 0 0 0 1 0 0 0 1 0.49 3.72 3.98</i>
                <i>1 0 0 0 1 0 0 0 1 0.49 3.72 3.98</i>
                <i>1 0 0 0 1 0 0 0 1 0.49 3.72 3.98</i>
                <i>1 0 0 0 1 0 0 0 1 0.49 3.72 3.98</i>
                <i>1 0 0 0 1 0 0 0 1 0.49 3.72 3.98</i>
                <i>1 0 0 0 1 0 0 0 1 0.49 3.72 3.98</i>
                <i>1 0 0 0 1 0 0 0 1 0.49 3.72 3.98</i>
                <i>1 0 0 0 1 0 0 0 1 0.49 3.72 3.98</i>
                <i>1 0 0 0 1 0 0 0 1 0.49 3.72 3.98</i>
                <i>1 0 0 0 1 0 0 0 1 0.49 3.72 3.98</i>
                <i>1 0 0 0 1 0 0 0 1 0.49 3.72 3.98</i>
                <i>1 0 0 0 1 0 0 0 1 0.49 3.72 3.98</i>
                <i>1 0 0 0 1 0 0 0 1 0.49 3.72 3.98</i>
                <i>1 0 0 0 1 0 0 0 1 0.49 3.72 3.98</i>
                <i>1 0 0 0 1 0 0 0 1 0.49 3.72 3.98</i>
                <i>1 0 0 0 1 0 0 0 1 0.49 3.72 3.98</i>
                <i>1 0 0 0 1 0 0 0 1 0.49 3.72 3.98</i>
                <i>1 0 0 0 1 0 0 0 1 0.49 3.72 3.98</i>
                <i>1 0 0 0 1 0 0 0 1 0.49 3.72 3.98</i>
                <i>1 0 0 0 1 0 0 0 1 0.49 3.72 3.98</i>
                <i>1 0 0 0 1 0 0 0 1 0.49 3.72 3.98</i>
                <i>1 0 0 0 1 0 0 0 1 0.49 3.72 3.98</i>
                <i>1 0 0 0 1 0 0 0 1 0.49 3.72 3.98</i>
                <i>1 0 0 0 1 0 0 0 1 0.49 3.72 3.98</i>
                <i>1 0 0 0 1 0 0 0 1 0.49 3.72 3.98</i>
                <i>1 0 0 0 1 0 0 0 1 0.49 3.72 3.98</i>
                <i>1 0 0 0 1 0 0 0 1 0.49 3.72 3.98</i>
                <i>1 0 0 0 1 0 0 0 1 0.49 3.72 3.98</i>
                <i>1 0 0 0 1 0 0 0 1 0.49 3.72 3.98</i>
                <i>1 0 0 0 1 0 0 0 1 0.49 3.72 3.98</i>
                <i>1 0 0 0 1 0 0 0 1 0.49 3.72 3.98</i>
                <i>1 0 0 0 1 0 0 0 1 0.49 3.72 3.98</i>
                <i>1 0 0 0 1 0 0 0 1 0.49 3.72 3.98</i>
                <i>1 0 0 0 1 0 0 0 1 0.49 3.72 3.98</i>
                <i>1 0 0 0 1 0 0 0 1 0.49 3.72 3.98</i>
                <i>1 0 0 0 1 0 0 0 1 0.49 3.72 3.98</i>
                <i>1 0 0 0 1 0 0 0 1 0.49 3.72 3.98</i>
                <i>1 0 0 0 1 0 0 0 1 0.49 3.72 3.98</i>
                <i>1 0 0 0 1 0 0 0 1 0.49 3.72 3.98</i>
                <i>1 0 0 0 1 0 0 0 1 0.49 3.72 3.98</i>
                <i>1 0 0 0 1 0 0 0 1 0.49 3.72 3.98</i>
                <i>1 0 0 0 1 0 0 0 1 0.49 3.72 3.98</i>
                <i>1 0 0 0 1 0 0 0 1 0.49 3.72 3.98</i>
                <i>1 0 0 0 1 0 0 0 1 0.49 3.72 3.98</i>
                <i>1 0 0 0 1 0 0 0 1 0.49 3.72 3.98</i>
                <i>1 0 0 0 1 0 0 0 1 0.49 3.72 3.98</i>
                <i>1 0 0 0 1 0 0 0 1 0.49 3.72 3.98</i>
                <i>1 0 0 0 1 0 0 0 1 0.49 3.72 3.98</i>
                <i>1 0 0 0 1 0 0 0 1 0.49 3.72 3.98</i>
                <i>1 0 0 0 1 0 0 0 1 0.49 3.72 3.98</i>
            </KeyFrames>
        </RefFrame>
        <Bones count="23">
            <i>
                <p>
                    <Name><![CDATA[pelvis]]></Name>
                    <Exclude>0</Exclude>
                    <Additive>0</Additive>
                    <IKPriority>0</IKPriority>
                    <IKRotLimits>-1e+010 -1e+010 -1e+010 1e+010 1e+010 1e+010</IKRotLimits>
                    <IKRotLimitOrder>2</IKRotLimitOrder>
                    <KeyFrames count="65">
                        <i>1 0 0 0 1 0 0 0 1 0.497405 4.87727 3.98766</i>
                        <i>1 0 0 0 1 0 0 0 1 0.490838 4.87475 3.98766</i>
                        <i>1 0 0 0 1 0 0 0 1 0.483674 4.87203 3.98766</i>
                        <i>1 0 0 0 1 0 0 0 1 0.476112 4.86917 3.98766</i>
                        <i>1 0 0 0 1 0 0 0 1 0.468352 4.86621 3.98766</i>
                        <i>1 0 0 0 1 0 0 0 1 0.460592 4.86319 3.98766</i>
                        <i>1 0 0 0 1 0 0 0 1 0.45303 4.86017 3.98766</i>
                        <i>1 0 0 0 1 0 0 0 1 0.445866 4.8572 3.98766</i>
                        <i>1 0 0 0 1 0 0 0 1 0.439299 4.85432 3.98766</i>
                        <i>1 0 0 0 1 0 0 0 1 0.433526 4.85158 3.98766</i>
                        <i>1 0 0 0 1 0 0 0 1 0.428748 4.8491 3.98766</i>
                        <i>1 0 0 0 1 0 0 0 1 0.425163 4.84704 3.98766</i>
                        <i>1 0 0 0 1 0 0 0 1 0.422969 4.8455 3.98766</i>
                        <i>1 0 0 0 1 0 0 0 1 0.421574 4.84422 3.98766</i>
                        <i>1 0 0 0 1 0 0 0 1 0.42025 4.84283 3.98766</i>
                        <i>1 0 0 0 1 0 0 0 1 0.418997 4.84136 3.98766</i>
                        <i>1 0 0 0 1 0 0 0 1 0.417816 4.83983 3.98766</i>
                        <i>1 0 0 0 1 0 0 0 1 0.416707 4.83825 3.98766</i>
                        <i>1 0 0 0 1 0 0 0 1 0.415669 4.83663 3.98766</i>
                        <i>1 0 0 0 1 0 0 0 1 0.414703 4.83501 3.98766</i>
                        <i>1 0 0 0 1 0 0 0 1 0.413808 4.83338 3.98766</i>
                        <i>1 0 0 0 1 0 0 0 1 0.412985 4.83178 3.98766</i>
                        <i>1 0 0 0 1 0 0 0 1 0.412234 4.83021 3.98766</i>
                        <i>1 0 0 0 1 0 0 0 1 0.411554 4.82869 3.98766</i>
                        <i>1 0 0 0 1 0 0 0 1 0.410945 4.82725 3.98766</i>
                        <i>1 0 0 0 1 0 0 0 1 0.410408 4.82589 3.98766</i>
                        <i>1 0 0 0 1 0 0 0 1 0.409943 4.82464 3.98766</i>
                        <i>1 0 0 0 1 0 0 0 1 0.40955 4.82351 3.98766</i>
                        <i>1 0 0 0 1 0 0 0 1 0.409227 4.82252 3.98766</i>
                        <i>1 0 0 0 1 0 0 0 1 0.408977 4.82169 3.98766</i>
                        <i>1 0 0 0 1 0 0 0 1 0.408798 4.82103 3.98766</i>
                        <i>1 0 0 0 1 0 0 0 1 0.408691 4.82056 3.98766</i>
                        <i>1 0 0 0 1 0 0 0 1 0.408655 4.8203 3.98766</i>
                        <i>1 0 0 0 1 0 0 0 1 0.408691 4.82026 3.98766</i>
                        <i>1 0 0 0 1 0 0 0 1 0.408798 4.82046 3.98766</i>
                        <i>1 0 0 0 1 0 0 0 1 0.408977 4.82088 3.98766</i>
                        <i>1 0 0 0 1 0 0 0 1 0.409227 4.82151 3.98766</i>
                        <i>1 0 0 0 1 0 0 0 1 0.40955 4.82233 3.98766</i>
                        <i>1 0 0 0 1 0 0 0 1 0.409943 4.82332 3.98766</i>
                        <i>1 0 0 0 1 0 0 0 1 0.410408 4.82446 3.98766</i>
                        <i>1 0 0 0 1 0 0 0 1 0.410945 4.82574 3.98766</i>
                        <i>1 0 0 0 1 0 0 0 1 0.411554 4.82714 3.98766</i>
                        <i>1 0 0 0 1 0 0 0 1 0.412234 4.82865 3.98766</i>
                        <i>1 0 0 0 1 0 0 0 1 0.412985 4.83024 3.98766</i>
                        <i>1 0 0 0 1 0 0 0 1 0.413808 4.83189 3.98766</i>
                        <i>1 0 0 0 1 0 0 0 1 0.414703 4.8336 3.98766</i>
                        <i>1 0 0 0 1 0 0 0 1 0.415669 4.83534 3.98766</i>
                        <i>1 0 0 0 1 0 0 0 1 0.416707 4.8371 3.98766</i>
                        <i>1 0 0 0 1 0 0 0 1 0.417816 4.83885 3.98766</i>
                        <i>1 0 0 0 1 0 0 0 1 0.418997 4.84059 3.98766</i>
                        <i>1 0 0 0 1 0 0 0 1 0.42025 4.84228 3.98766</i>
                        <i>1 0 0 0 1 0 0 0 1 0.421574 4.84393 3.98766</i>
                        <i>1 0 0 0 1 0 0 0 1 0.422969 4.8455 3.98766</i>
                        <i>1 0 0 0 1 0 0 0 1 0.425163 4.84733 3.98766</i>
                        <i>1 0 0 0 1 0 0 0 1 0.428748 4.84969 3.98766</i>
                        <i>1 0 0 0 1 0 0 0 1 0.433526 4.85246 3.98766</i>
                        <i>1 0 0 0 1 0 0 0 1 0.439299 4.85553 3.98766</i>
                        <i>1 0 0 0 1 0 0 0 1 0.445866 4.85879 3.98766</i>
                        <i>1 0 0 0 1 0 0 0 1 0.45303 4.86199 3.98766</i>
                        <i>1 0 0 0 1 0 0 0 1 0.460591 4.86498 3.98766</i>
                        <i>1 0 0 0 1 0 0 0 1 0.468352 4.86777 3.98766</i>
                        <i>1 0 0 0 1 0 0 0 1 0.476112 4.87038 3.98766</i>
                        <i>1 0 0 0 1 0 0 0 1 0.483674 4.87282 3.98766</i>
                        <i>1 0 0 0 1 0 0 0 1 0.490838 4.87511 3.98766</i>
                        <i>1 0 0 0 1 0 0 0 1 0.497405 4.87727 3.98766</i>
                    </KeyFrames>
                </p>
            </i>
            <i>
                <p>
                    <Name><![CDATA[spine0]]></Name>
                    <Exclude>0</Exclude>
                    <Additive>0</Additive>
                    <IKPriority>0</IKPriority>
                    <IKRotLimits>-1e+010 -1e+010 -1e+010 1e+010 1e+010 1e+010</IKRotLimits>
                    <IKRotLimitOrder>0</IKRotLimitOrder>
                    <KeyFrames count="65">
                        <i>-0.0554401 0.998004 0.0302369 -0.993849 -0.0580665 0.0943042 0.0958718 -0.0248227 0.995084 0.484963 5.01233 3.9397</i>
                        <i>-0.0714066 0.996398 0.04574 -0.992005 -0.0757261 0.100954 0.104054 -0.0381655 0.993839 0.476014 5.01034 3.94192</i>
                        <i>-0.0885043 0.9941 0.0627053 -0.989591 -0.0949255 0.108165 0.113479 -0.0524796 0.992153 0.466269 5.00812 3.94436</i>
                        <i>-0.106172 0.991073 0.0806289 -0.986589 -0.115106 0.115726 0.123973 -0.0672608 0.990003 0.456004 5.00568 3.94695</i>
                        <i>-0.123878 0.987346 0.099007 -0.983029 -0.135714 0.123432 0.135306 -0.0820363 0.987402 0.445497 5.00305 3.94962</i>
                        <i>-0.141134 0.983012 0.117339 -0.978988 -0.156203 0.131083 0.147185 -0.0963732 0.984403 0.43502 5.00027 3.9523</i>
                        <i>-0.157497 0.97823 0.135129 -0.974593 -0.176042 0.138485 0.159259 -0.109885 0.981102 0.424847 4.99739 3.95492</i>
                        <i>-0.172578 0.973215 0.151889 -0.970017 -0.194711 0.14545 0.171128 -0.122234 0.977637 0.415242 4.99447 3.95741</i>
                        <i>-0.186035 0.968223 0.167141 -0.965473 -0.21171 0.151792 0.182354 -0.133131 0.974178 0.406469 4.99156 3.9597</i>
                        <i>-0.197573 0.963543 0.180414 -0.961207 -0.226554 0.157334 0.192471 -0.14233 0.970926 0.398785 4.98875 3.96171</i>
                        <i>-0.206942 0.95949 0.191193 -0.957485 -0.23877 0.161897 0.20099 -0.149562 0.968109 0.392445 4.98618 3.96338</i>
                        <i>-0.213904 0.956374 0.198983 -0.954579 -0.247896 0.165306 0.207421 -0.154585 0.965961 0.3877 4.98401 3.96463</i>
                        <i>-0.218202 0.954483 0.203347 -0.952752 -0.253467 0.167384 0.211307 -0.157216 0.964693 0.384802 4.98241 3.9654</i>
                        <i>-0.221004 0.953321 0.205757 -0.95157 -0.25701 0.168703 0.213709 -0.158508 0.963952 0.38296 4.98108 3.96589</i>
                        <i>-0.223662 0.952216 0.207991 -0.950435 -0.260366 0.169952 0.215985 -0.15967 0.963253 0.381215 4.97965 3.96635</i>
                        <i>-0.226172 0.951165 0.210075 -0.949348 -0.263537 0.171132 0.218137 -0.16073 0.962591 0.379565 4.97813 3.96679</i>
                        <i>-0.228531 0.950166 0.212035 -0.948313 -0.266522 0.172242 0.220171 -0.161713 0.961963 0.378011 4.97655 3.9672</i>
                        <i>-0.230732 0.949216 0.213896 -0.947332 -0.269322 0.173285 0.222091 -0.162648 0.961364 0.376552 4.97493 3.96759</i>
                        <i>-0.232773 0.948313 0.215682 -0.946406 -0.271937 0.174259 0.223904 -0.16356 0.960789 0.375189 4.97327 3.96795</i>
                        <i>-0.234647 0.947455 0.217418 -0.945537 -0.274368 0.175165 0.225613 -0.164475 0.960233 0.37392 4.9716 3.96829</i>
                        <i>-0.236349 0.946637 0.21913 -0.944726 -0.276614 0.176003 0.227226 -0.16542 0.95969 0.372746 4.96993 3.9686</i>
                        <i>-0.237873 0.945857 0.220843 -0.943976 -0.278675 0.176775 0.228747 -0.16642 0.959155 0.371667 4.96829 3.96889</i>
                        <i>-0.239216 0.945111 0.222576 -0.943288 -0.280551 0.177479 0.230181 -0.167497 0.958625 0.370682 4.96669 3.96916</i>
                        <i>-0.240381 0.944404 0.224317 -0.942663 -0.282244 0.178117 0.231526 -0.168639 0.9581 0.369791 4.96514 3.96939</i>
                        <i>-0.241375 0.943739 0.226039 -0.942101 -0.283755 0.178687 0.232774 -0.169821 0.957589 0.368994 4.96367 3.96961</i>
                        <i>-0.242207 0.943123 0.227718 -0.941604 -0.285083 0.179191 0.233918 -0.171019 0.957097 0.368292 4.96229 3.96979</i>
                        <i>-0.242883 0.942559 0.229327 -0.941173 -0.28623 0.179629 0.234951 -0.172208 0.956631 0.367683 4.96101 3.96996</i>
                        <i>-0.243412 0.942053 0.230841 -0.940807 -0.287197 0.179999 0.235866 -0.173363 0.956197 0.367168 4.95986 3.97009</i>
                        <i>-0.243801 0.941609 0.232235 -0.940508 -0.287985 0.180303 0.236655 -0.174461 0.955802 0.366747 4.95886 3.97021</i>
                        <i>-0.244058 0.941234 0.233482 -0.940276 -0.288594 0.18054 0.237312 -0.175475 0.955453 0.36642 4.95801 3.97029</i>
                        <i>-0.24419 0.940932 0.234558 -0.940111 -0.289025 0.18071 0.237829 -0.176383 0.955158 0.366186 4.95734 3.97036</i>
                        <i>-0.244207 0.940709 0.235437 -0.940013 -0.289279 0.180813 0.2382 -0.177158 0.954922 0.366045 4.95687 3.9704</i>
                        <i>-0.244114 0.940568 0.236092 -0.939982 -0.289357 0.180849 0.238416 -0.177775 0.954753 0.365999 4.9566 3.97041</i>
                        <i>-0.24392 0.940516 0.236499 -0.940018 -0.289258 0.180818 0.238472 -0.178209 0.954658 0.366045 4.95657 3.9704</i>
                        <i>-0.243604 0.94054 0.236733 -0.940122 -0.288983 0.18072 0.238386 -0.178534 0.954619 0.366186 4.95677 3.97036</i>
                        <i>-0.243145 0.940624 0.236871 -0.940293 -0.288528 0.180555 0.238178 -0.178827 0.954616 0.36642 4.9572 3.97029</i>
                        <i>-0.24255 0.940773 0.236889 -0.940532 -0.287894 0.180324 0.237843 -0.179064 0.954655 0.366747 4.95784 3.97021</i>
                        <i>-0.241825 0.940991 0.236764 -0.940837 -0.287082 0.180025 0.237373 -0.179222 0.954743 0.367168 4.95868 3.97009</i>
                        <i>-0.240975 0.941282 0.236472 -0.941209 -0.286091 0.17966 0.236763 -0.179276 0.954884 0.367683 4.95969 3.96996</i>
                        <i>-0.240007 0.94165 0.235991 -0.941646 -0.284923 0.179227 0.236008 -0.179204 0.955084 0.368292 4.96085 3.96979</i>
                        <i>-0.238927 0.942099 0.235296 -0.942147 -0.283577 0.178727 0.235103 -0.178981 0.955349 0.368994 4.96216 3.96961</i>
                        <i>-0.237738 0.942631 0.234364 -0.942712 -0.282053 0.178159 0.234041 -0.178583 0.955685 0.369791 4.96359 3.96939</i>
                        <i>-0.236446 0.943252 0.233171 -0.943339 -0.280351 0.177523 0.232818 -0.177985 0.956095 0.370682 4.96513 3.96916</i>
                        <i>-0.235056 0.943963 0.231693 -0.944028 -0.278472 0.176818 0.23143 -0.177162 0.956584 0.371667 4.96675 3.96889</i>
                        <i>-0.233572 0.944769 0.229905 -0.944777 -0.276414 0.176046 0.229872 -0.17609 0.957158 0.372746 4.96845 3.9686</i>
                        <i>-0.231997 0.94567 0.227784 -0.945584 -0.274178 0.175205 0.228139 -0.174742 0.957819 0.37392 4.97019 3.96829</i>
                        <i>-0.230344 0.946676 0.22527 -0.946449 -0.271764 0.174295 0.226221 -0.173059 0.95858 0.375189 4.97198 3.96795</i>
                        <i>-0.228611 0.947785 0.222351 -0.947369 -0.269171 0.173316 0.224117 -0.171026 0.959438 0.376552 4.97377 3.96759</i>
                        <i>-0.226784 0.948987 0.219074 -0.948344 -0.266398 0.172268 0.221841 -0.16869 0.96038 0.378011 4.97557 3.9672</i>
                        <i>-0.224844 0.950269 0.215487 -0.949371 -0.263443 0.17115 0.219407 -0.166095 0.961391 0.379565 4.97735 3.96679</i>
                        <i>-0.222778 0.951619 0.211639 -0.950449 -0.260304 0.169964 0.216832 -0.163288 0.962456 0.381215 4.9791 3.96635</i>
                        <i>-0.220569 0.953028 0.207576 -0.951577 -0.256979 0.168709 0.214127 -0.160313 0.963561 0.38296 4.98079 3.96589</i>
                        <i>-0.218202 0.954483 0.203347 -0.952752 -0.253467 0.167384 0.211307 -0.157216 0.964693 0.384802 4.98241 3.9654</i>
                        <i>-0.214289 0.956633 0.197316 -0.954573 -0.247923 0.165301 0.207051 -0.152931 0.966303 0.3877 4.98431 3.96463</i>
                        <i>-0.207623 0.959946 0.18814 -0.957475 -0.238817 0.161889 0.200335 -0.146528 0.968708 0.392445 4.98676 3.96338</i>
                        <i>-0.198446 0.964125 0.176304 -0.961195 -0.226612 0.157324 0.191633 -0.138242 0.971682 0.398785 4.98963 3.96171</i>
                        <i>-0.187003 0.96886 0.162297 -0.965461 -0.211772 0.151783 0.181427 -0.128308 0.974998 0.406469 4.99277 3.9597</i>
                        <i>-0.17356 0.973849 0.146615 -0.970006 -0.194771 0.145442 0.170195 -0.116975 0.978443 0.415242 4.99606 3.95741</i>
                        <i>-0.158402 0.978797 0.129867 -0.974584 -0.176093 0.13848 0.158412 -0.104631 0.981814 0.424847 4.99921 3.95492</i>
                        <i>-0.141886 0.983462 0.112561 -0.978982 -0.156242 0.131079 0.146499 -0.0915971 0.984961 0.43502 5.00206 3.9523</i>
                        <i>-0.124445 0.987663 0.0950537 -0.983026 -0.135739 0.12343 0.13481 -0.0780801 0.98779 0.445497 5.00462 3.94962</i>
                        <i>-0.106551 0.991266 0.0777049 -0.986588 -0.11512 0.115725 0.12366 -0.0643321 0.990237 0.456004 5.00689 3.94695</i>
                        <i>-0.0887188 0.994195 0.0608775 -0.98959 -0.0949312 0.108165 0.113316 -0.0506475 0.992267 0.466269 5.00891 3.94436</i>
                        <i>-0.0714922 0.996428 0.0449344 -0.992005 -0.0757274 0.100954 0.103997 -0.0373577 0.993876 0.476014 5.0107 3.94192</i>
                        <i>-0.0554401 0.998004 0.0302369 -0.993849 -0.0580665 0.0943042 0.0958718 -0.0248227 0.995084 0.484963 5.01233 3.9397</i>
                    </KeyFrames>
                </p>
            </i>
            <i>
                <p>
                    <Name><![CDATA[spine1]]></Name>
                    <Exclude>0</Exclude>
                    <Additive>0</Additive>
                    <IKPriority>0</IKPriority>
                    <IKRotLimits>-1e+010 -1e+010 -1e+010 1e+010 1e+010 1e+010</IKRotLimits>
                    <IKRotLimitOrder>0</IKRotLimitOrder>
                    <KeyFrames count="65">
                        <i>-0.0333238 0.968857 0.245369 -0.993849 -0.0580665 0.0943042 0.105615 -0.240717 0.964832 0.475414 5.18421 3.9449</i>
                        <i>-0.0502722 0.964655 0.258676 -0.991472 -0.0793835 0.10335 0.120232 -0.251274 0.960419 0.463717 5.18194 3.94979</i>
                        <i>-0.0683646 0.95946 0.273427 -0.988277 -0.10263 0.113032 0.136512 -0.262494 0.955229 0.451028 5.17931 3.95515</i>
                        <i>-0.0870007 0.95333 0.289125 -0.984225 -0.127135 0.123038 0.154054 -0.27386 0.949351 0.437722 5.17633 3.96083</i>
                        <i>-0.105621 0.946388 0.305278 -0.979346 -0.152225 0.133075 0.172412 -0.284918 0.942919 0.424167 5.17305 3.96666</i>
                        <i>-0.123717 0.938829 0.321396 -0.973744 -0.177229 0.142872 0.191093 -0.295281 0.936105 0.410721 5.16952 3.9725</i>
                        <i>-0.14084 0.930913 0.336994 -0.967597 -0.201482 0.152186 0.20957 -0.304641 0.929125 0.397732 5.1658 3.97818</i>
                        <i>-0.156603 0.922959 0.3516 -0.961154 -0.224338 0.160794 0.227284 -0.312761 0.922238 0.385533 5.162 3.98355</i>
                        <i>-0.170678 0.915329 0.364748 -0.954725 -0.245169 0.1685 0.243659 -0.319475 0.915733 0.374445 5.15823 3.98846</i>
                        <i>-0.182788 0.908419 0.375983 -0.948666 -0.263369 0.175127 0.258111 -0.324671 0.909927 0.364776 5.15461 3.99276</i>
                        <i>-0.192746 0.902705 0.384673 -0.943366 -0.278349 0.180509 0.270019 -0.328095 0.905231 0.356826 5.15132 3.99628</i>
                        <i>-0.20037 0.898645 0.390242 -0.93922 -0.289532 0.184489 0.278778 -0.329557 0.902039 0.350885 5.14861 3.99887</i>
                        <i>-0.205401 0.896605 0.392313 -0.936613 -0.296348 0.186905 0.283841 -0.329055 0.900642 0.347251 5.14667 4.00039</i>
                        <i>-0.208982 0.895743 0.392392 -0.934926 -0.300671 0.188439 0.286774 -0.327477 0.900288 0.34493 5.14512 4.00129</i>
                        <i>-0.212433 0.894972 0.392297 -0.933306 -0.304766 0.189888 0.289503 -0.325795 0.900025 0.342731 5.14348 4.00213</i>
                        <i>-0.215728 0.894264 0.392115 -0.931756 -0.308632 0.191252 0.292049 -0.324097 0.899816 0.340653 5.14177 4.00293</i>
                        <i>-0.218841 0.893588 0.39193 -0.930278 -0.312272 0.192533 0.294434 -0.322469 0.899623 0.338696 5.14001 4.00367</i>
                        <i>-0.221744 0.892917 0.391827 -0.928876 -0.315686 0.193731 0.29668 -0.321 0.899411 0.336861 5.13821 4.00438</i>
                        <i>-0.224408 0.892223 0.391892 -0.927552 -0.318876 0.194846 0.298811 -0.319775 0.899142 0.335149 5.13639 4.00505</i>
                        <i>-0.226803 0.891478 0.392208 -0.92631 -0.321842 0.195879 0.300851 -0.31888 0.898779 0.33356 5.13456 4.00568</i>
                        <i>-0.228899 0.890654 0.392862 -0.92515 -0.324585 0.19683 0.302824 -0.318402 0.898286 0.332095 5.13275 4.00629</i>
                        <i>-0.230667 0.889723 0.393937 -0.924076 -0.327107 0.197699 0.304757 -0.318425 0.897624 0.330754 5.13097 4.00687</i>
                        <i>-0.23208 0.88866 0.395502 -0.923089 -0.329408 0.198486 0.306668 -0.319019 0.896762 0.329538 5.12924 4.00743</i>
                        <i>-0.233151 0.887483 0.397511 -0.922191 -0.331489 0.199193 0.308551 -0.32014 0.895716 0.328447 5.12757 4.00797</i>
                        <i>-0.233908 0.886221 0.399874 -0.921384 -0.333351 0.19982 0.310383 -0.321698 0.894524 0.327478 5.12599 4.00848</i>
                        <i>-0.234382 0.884905 0.402502 -0.920669 -0.334993 0.200368 0.312142 -0.323608 0.893222 0.326631 5.12451 4.00896</i>
                        <i>-0.234602 0.883566 0.405305 -0.920048 -0.336417 0.200839 0.313806 -0.325782 0.891847 0.325903 5.12315 4.0094</i>
                        <i>-0.2346 0.882236 0.408194 -0.91952 -0.337622 0.201234 0.315351 -0.328133 0.89044 0.325295 5.12192 4.0098</i>
                        <i>-0.234407 0.880945 0.411083 -0.919087 -0.338608 0.201552 0.316752 -0.330576 0.889037 0.324805 5.12085 4.01016</i>
                        <i>-0.234056 0.879727 0.413883 -0.91875 -0.339377 0.201796 0.317987 -0.333023 0.887682 0.32443 5.11995 4.01046</i>
                        <i>-0.233579 0.878614 0.416507 -0.918509 -0.339927 0.201966 0.319032 -0.335391 0.886415 0.324171 5.11924 4.01071</i>
                        <i>-0.23301 0.877642 0.418869 -0.918365 -0.340259 0.202062 0.319862 -0.337593 0.885279 0.324025 5.11873 4.0109</i>
                        <i>-0.232381 0.876845 0.420883 -0.918318 -0.340373 0.202086 0.320456 -0.339544 0.884318 0.323992 5.11845 4.01103</i>
                        <i>-0.231725 0.876258 0.422463 -0.918367 -0.340268 0.202039 0.320789 -0.341158 0.883575 0.32407 5.11842 4.01109</i>
                        <i>-0.230953 0.875786 0.423863 -0.918513 -0.339945 0.201918 0.320927 -0.34269 0.882932 0.324262 5.11863 4.01109</i>
                        <i>-0.229973 0.875325 0.425345 -0.918756 -0.339405 0.201721 0.320936 -0.344398 0.882264 0.324573 5.11909 4.01106</i>
                        <i>-0.228813 0.874907 0.426828 -0.919095 -0.338647 0.20145 0.320794 -0.346202 0.88161 0.325 5.11976 4.01098</i>
                        <i>-0.227502 0.874561 0.428235 -0.91953 -0.337671 0.201104 0.32048 -0.348024 0.881006 0.325543 5.12065 4.01084</i>
                        <i>-0.226069 0.874319 0.429487 -0.92006 -0.336476 0.200683 0.319973 -0.349786 0.880492 0.326202 5.12172 4.01066</i>
                        <i>-0.224543 0.874211 0.430506 -0.920683 -0.335062 0.200189 0.319254 -0.351409 0.880107 0.326974 5.12296 4.01042</i>
                        <i>-0.222951 0.87427 0.431214 -0.9214 -0.333428 0.19962 0.318301 -0.352815 0.87989 0.32786 5.12435 4.01011</i>
                        <i>-0.221321 0.874527 0.431532 -0.922208 -0.331573 0.198978 0.317096 -0.353924 0.87988 0.328859 5.12588 4.00974</i>
                        <i>-0.21968 0.875015 0.431381 -0.923106 -0.329496 0.198261 0.31562 -0.354656 0.880115 0.329971 5.12753 4.0093</i>
                        <i>-0.218053 0.875766 0.430683 -0.924093 -0.327197 0.19747 0.313856 -0.354932 0.880635 0.331194 5.12928 4.00878</i>
                        <i>-0.216463 0.87681 0.429357 -0.925166 -0.324675 0.196605 0.311787 -0.354669 0.881475 0.332528 5.13112 4.00819</i>
                        <i>-0.214933 0.878179 0.427323 -0.926325 -0.321928 0.195665 0.309396 -0.353785 0.882672 0.333973 5.13302 4.00751</i>
                        <i>-0.213524 0.879948 0.424381 -0.927566 -0.318955 0.194651 0.306641 -0.352079 0.884314 0.335528 5.13497 4.00674</i>
                        <i>-0.212238 0.882124 0.420489 -0.928888 -0.315756 0.193561 0.303517 -0.349506 0.88641 0.337192 5.13695 4.00587</i>
                        <i>-0.21101 0.884636 0.415804 -0.930287 -0.31233 0.192394 0.300067 -0.34622 0.888871 0.338968 5.13895 4.00491</i>
                        <i>-0.209774 0.887411 0.410484 -0.931763 -0.308676 0.191147 0.296333 -0.342376 0.891608 0.34086 5.14093 4.00388</i>
                        <i>-0.208468 0.890376 0.404688 -0.933311 -0.304795 0.189818 0.292356 -0.338129 0.894537 0.342869 5.1429 4.00277</i>
                        <i>-0.207029 0.893463 0.398577 -0.934929 -0.300686 0.188405 0.288179 -0.333635 0.897575 0.344998 5.14481 4.00161</i>
                        <i>-0.205401 0.896605 0.392313 -0.936613 -0.296348 0.186905 0.283841 -0.329055 0.900642 0.347251 5.14667 4.00039</i>
                        <i>-0.202095 0.900704 0.384565 -0.939218 -0.289519 0.184519 0.277536 -0.3239 0.904468 0.350825 5.14892 3.99858</i>
                        <i>-0.195795 0.906422 0.374252 -0.943363 -0.278326 0.18056 0.267827 -0.317702 0.909579 0.35672 5.15194 3.99575</i>
                        <i>-0.186694 0.913324 0.361919 -0.948662 -0.26334 0.17519 0.255313 -0.310632 0.9156 0.364641 5.15551 3.99204</i>
                        <i>-0.175004 0.920968 0.348126 -0.954721 -0.245137 0.168568 0.240585 -0.302863 0.922168 0.374294 5.15947 3.98762</i>
                        <i>-0.16098 0.928924 0.333444 -0.961151 -0.224306 0.160859 0.22422 -0.294595 0.928945 0.38538 5.16361 3.98263</i>
                        <i>-0.144853 0.936679 0.318825 -0.967595 -0.201453 0.152241 0.206829 -0.286441 0.935507 0.397591 5.16763 3.97726</i>
                        <i>-0.127031 0.94389 0.304851 -0.973742 -0.177206 0.142914 0.188916 -0.278691 0.941617 0.410604 5.1713 3.97166</i>
                        <i>-0.108091 0.950429 0.291551 -0.979345 -0.15221 0.133102 0.170881 -0.271141 0.94725 0.424078 5.1746 3.96597</i>
                        <i>-0.0886324 0.956208 0.278946 -0.984224 -0.127126 0.123053 0.153125 -0.263639 0.95239 0.437662 5.17753 3.96032</i>
                        <i>-0.0692687 0.961191 0.267048 -0.988276 -0.102626 0.113038 0.136057 -0.256087 0.957031 0.450994 5.18008 3.95484</i>
                        <i>-0.0506237 0.965388 0.255858 -0.991472 -0.0793828 0.103351 0.120085 -0.248444 0.961174 0.463703 5.18229 3.94965</i>
                        <i>-0.0333238 0.968857 0.245369 -0.993849 -0.0580665 0.0943042 0.105615 -0.240717 0.964832 0.475414 5.18421 3.9449</i>
                    </KeyFrames>
                </p>
            </i>
            <i>
                <p>
                    <Name><![CDATA[spine2]]></Name>
                    <Exclude>0</Exclude>
                    <Additive>0</Additive>
                    <IKPriority>0</IKPriority>
                    <IKRotLimits>-1e+010 -1e+010 -1e+010 1e+010 1e+010 1e+010</IKRotLimits>
                    <IKRotLimitOrder>0</IKRotLimitOrder>
                    <KeyFrames count="65">
                        <i>-0.00893309 0.890782 0.454343 -0.993849 -0.0580665 0.0943042 0.110387 -0.450705 0.885821 0.470137 5.33775 3.98382</i>
                        <i>-0.0235769 0.884623 0.465711 -0.99108 -0.0818024 0.105211 0.131168 -0.459076 0.87866 0.455756 5.3348 3.99082</i>
                        <i>-0.0391096 0.877289 0.478366 -0.987291 -0.107725 0.116842 0.154036 -0.467717 0.870353 0.440205 5.33133 3.99851</i>
                        <i>-0.0549964 0.868943 0.491847 -0.982426 -0.135088 0.128808 0.178369 -0.476119 0.861101 0.42395 5.32738 4.00667</i>
                        <i>-0.0707501 0.859804 0.505698 -0.976512 -0.163136 0.14075 0.203515 -0.483862 0.851151 0.407449 5.32299 4.01506</i>
                        <i>-0.0859428 0.850152 0.519476 -0.969674 -0.191112 0.152342 0.228792 -0.49063 0.840795 0.39114 5.31825 4.02344</i>
                        <i>-0.100212 0.84032 0.532748 -0.962131 -0.218265 0.163294 0.2535 -0.496209 0.83037 0.375442 5.31328 4.03159</i>
                        <i>-0.113263 0.830688 0.545095 -0.954191 -0.243859 0.173357 0.276932 -0.50049 0.820255 0.36075 5.30821 4.03928</i>
                        <i>-0.124864 0.821673 0.556113 -0.946242 -0.267186 0.182314 0.298388 -0.503453 0.810863 0.347437 5.30323 4.04627</i>
                        <i>-0.134835 0.813715 0.565409 -0.938732 -0.287558 0.18998 0.317178 -0.505151 0.802633 0.335854 5.2985 4.05234</i>
                        <i>-0.143113 0.8074 0.572384 -0.932148 -0.304313 0.196197 0.332594 -0.505469 0.796168 0.326329 5.29431 4.05723</i>
                        <i>-0.149635 0.803276 0.576504 -0.926989 -0.316804 0.200816 0.343949 -0.504363 0.792033 0.319184 5.29095 4.0607</i>
                        <i>-0.154221 0.80172 0.577461 -0.923736 -0.324393 0.203671 0.350612 -0.502011 0.790605 0.314756 5.28867 4.06254</i>
                        <i>-0.157734 0.801642 0.576619 -0.921624 -0.329185 0.205538 0.354582 -0.499006 0.790737 0.311871 5.28698 4.06345</i>
                        <i>-0.161162 0.801679 0.57562 -0.919594 -0.333719 0.207311 0.358292 -0.495926 0.791002 0.309128 5.28521 4.06427</i>
                        <i>-0.164461 0.801767 0.574563 -0.917651 -0.337996 0.208987 0.361759 -0.492878 0.791329 0.30653 5.28338 4.06503</i>
                        <i>-0.167591 0.801845 0.573549 -0.915798 -0.34202 0.210563 0.365004 -0.489966 0.791647 0.304083 5.2815 4.06575</i>
                        <i>-0.170505 0.801853 0.572678 -0.914039 -0.345794 0.212036 0.36805 -0.487297 0.791884 0.301791 5.27958 4.06643</i>
                        <i>-0.173158 0.801731 0.572052 -0.912379 -0.349321 0.213401 0.37092 -0.484976 0.79197 0.299659 5.27764 4.06711</i>
                        <i>-0.175503 0.801422 0.571771 -0.910821 -0.352604 0.214654 0.373637 -0.483109 0.791834 0.297693 5.27569 4.06779</i>
                        <i>-0.177493 0.800866 0.571936 -0.909368 -0.355646 0.215791 0.376226 -0.481799 0.791406 0.295897 5.27375 4.06849</i>
                        <i>-0.179079 0.800004 0.572647 -0.908024 -0.358451 0.216807 0.378712 -0.481152 0.790614 0.294277 5.27182 4.06925</i>
                        <i>-0.18022 0.798788 0.573985 -0.906792 -0.36102 0.217699 0.381116 -0.481252 0.789397 0.292838 5.26992 4.07005</i>
                        <i>-0.180936 0.79725 0.575895 -0.905674 -0.363355 0.218469 0.383429 -0.482044 0.787792 0.291577 5.26807 4.07091</i>
                        <i>-0.18127 0.795453 0.578269 -0.904671 -0.365453 0.219123 0.385632 -0.483423 0.785869 0.290487 5.26629 4.0718</i>
                        <i>-0.181266 0.793462 0.581 -0.903785 -0.367315 0.219665 0.387706 -0.485281 0.783701 0.289564 5.2646 4.07269</i>
                        <i>-0.180971 0.791338 0.583981 -0.903017 -0.368938 0.220101 0.389627 -0.487513 0.781359 0.288801 5.26303 4.07358</i>
                        <i>-0.180433 0.789144 0.587107 -0.902368 -0.370322 0.220438 0.391376 -0.490013 0.778917 0.288192 5.2616 4.07444</i>
                        <i>-0.1797 0.786946 0.590275 -0.901839 -0.371465 0.22068 0.39293 -0.492677 0.776451 0.28773 5.26034 4.07526</i>
                        <i>-0.178821 0.784807 0.593381 -0.90143 -0.372364 0.220835 0.394267 -0.495402 0.774036 0.28741 5.25925 4.07601</i>
                        <i>-0.177848 0.782795 0.596324 -0.901142 -0.37302 0.220907 0.395365 -0.498084 0.77175 0.287224 5.25837 4.07668</i>
                        <i>-0.176829 0.780978 0.599003 -0.900973 -0.373429 0.220903 0.396205 -0.500624 0.769673 0.287167 5.25772 4.07725</i>
                        <i>-0.175816 0.779424 0.601321 -0.900925 -0.373591 0.220828 0.396766 -0.50292 0.767886 0.287231 5.25732 4.0777</i>
                        <i>-0.17486 0.778204 0.603177 -0.900995 -0.373503 0.220687 0.397028 -0.504871 0.766469 0.287412 5.2572 4.07801</i>
                        <i>-0.173821 0.777121 0.604871 -0.901187 -0.373171 0.220467 0.39705 -0.50678 0.765196 0.287725 5.25734 4.07824</i>
                        <i>-0.172559 0.775974 0.606702 -0.9015 -0.3726 0.220151 0.396888 -0.508953 0.763836 0.288189 5.25773 4.07844</i>
                        <i>-0.171118 0.774823 0.608579 -0.901935 -0.371787 0.219744 0.396525 -0.511297 0.762459 0.288799 5.25835 4.0786</i>
                        <i>-0.169544 0.773727 0.610411 -0.902489 -0.370732 0.219251 0.39594 -0.513717 0.761135 0.289548 5.25918 4.0787</i>
                        <i>-0.167881 0.772748 0.612108 -0.903162 -0.369431 0.218677 0.395114 -0.516121 0.759937 0.290431 5.26022 4.07871</i>
                        <i>-0.166172 0.77195 0.613579 -0.903951 -0.367883 0.218026 0.39403 -0.518416 0.758937 0.291444 5.26145 4.07864</i>
                        <i>-0.164462 0.771396 0.614736 -0.904854 -0.366086 0.217301 0.392672 -0.520509 0.758208 0.29258 5.26286 4.07845</i>
                        <i>-0.162793 0.771149 0.615489 -0.90587 -0.364037 0.216508 0.391021 -0.522308 0.757824 0.293836 5.26444 4.07813</i>
                        <i>-0.161204 0.771275 0.61575 -0.906997 -0.361735 0.215649 0.389063 -0.52372 0.757857 0.295206 5.26617 4.07767</i>
                        <i>-0.159736 0.771838 0.615427 -0.908231 -0.359178 0.214728 0.386783 -0.52465 0.75838 0.296686 5.26805 4.07704</i>
                        <i>-0.158425 0.772901 0.614431 -0.90957 -0.356362 0.213748 0.384166 -0.525005 0.759465 0.298271 5.27005 4.07624</i>
                        <i>-0.157307 0.774528 0.612667 -0.911012 -0.353286 0.212712 0.381198 -0.524685 0.761179 0.299959 5.27216 4.07524</i>
                        <i>-0.156475 0.776874 0.609903 -0.912552 -0.349946 0.211628 0.377841 -0.523454 0.763696 0.301737 5.27439 4.074</i>
                        <i>-0.155935 0.779962 0.606089 -0.914189 -0.34634 0.210494 0.37409 -0.521256 0.767039 0.303605 5.27671 4.07251</i>
                        <i>-0.155588 0.783653 0.601398 -0.915919 -0.342471 0.209299 0.369979 -0.518268 0.771047 0.305578 5.2791 4.07081</i>
                        <i>-0.155336 0.78781 0.596008 -0.917742 -0.338339 0.208031 0.365542 -0.514667 0.775562 0.307666 5.28151 4.06892</i>
                        <i>-0.155085 0.792295 0.590099 -0.919654 -0.333947 0.206678 0.360812 -0.510635 0.780428 0.309884 5.28393 4.0669</i>
                        <i>-0.154743 0.796975 0.583854 -0.921653 -0.329298 0.205228 0.355824 -0.506353 0.785491 0.312243 5.28633 4.06476</i>
                        <i>-0.154221 0.80172 0.577461 -0.923736 -0.324393 0.203671 0.350612 -0.502011 0.790605 0.314756 5.28867 4.06254</i>
                        <i>-0.152279 0.807519 0.569845 -0.926965 -0.316704 0.201085 0.342853 -0.497605 0.796769 0.318855 5.29157 4.0595</i>
                        <i>-0.147783 0.815116 0.56013 -0.932107 -0.304137 0.196663 0.33066 -0.493038 0.804722 0.325747 5.29547 4.05503</i>
                        <i>-0.140813 0.823996 0.548818 -0.938683 -0.287333 0.19056 0.314715 -0.488333 0.813932 0.335108 5.30014 4.04937</i>
                        <i>-0.131475 0.833639 0.536433 -0.946192 -0.266939 0.182932 0.295694 -0.483517 0.823879 0.346611 5.3053 4.04276</i>
                        <i>-0.119932 0.843532 0.523518 -0.954145 -0.243616 0.173949 0.274268 -0.47865 0.834069 0.359915 5.3107 4.03545</i>
                        <i>-0.1063 0.852937 0.511076 -0.962094 -0.21805 0.163798 0.25115 -0.474291 0.843784 0.374675 5.31595 4.02777</i>
                        <i>-0.0909375 0.861426 0.499676 -0.969648 -0.190947 0.152717 0.226966 -0.470622 0.852644 0.390505 5.32078 4.01996</i>
                        <i>-0.074439 0.868978 0.48922 -0.976496 -0.163026 0.140993 0.202275 -0.467226 0.860688 0.406974 5.32513 4.01218</i>
                        <i>-0.057402 0.875611 0.479594 -0.982417 -0.135027 0.128939 0.177658 -0.46376 0.867966 0.423635 5.32899 4.00453</i>
                        <i>-0.0404201 0.881384 0.470669 -0.987288 -0.107699 0.116894 0.153719 -0.459961 0.874532 0.440029 5.33236 3.99718</i>
                        <i>-0.0240751 0.886395 0.462303 -0.991079 -0.0817971 0.105222 0.131083 -0.455645 0.880457 0.455688 5.33526 3.99023</i>
                        <i>-0.00893309 0.890782 0.454343 -0.993849 -0.0580665 0.0943042 0.110387 -0.450705 0.885821 0.470137 5.33775 3.98382</i>
                    </KeyFrames>
                </p>
            </i>
            <i>
                <p>
                    <Name><![CDATA[head]]></Name>
                    <Exclude>0</Exclude>
                    <Additive>0</Additive>
                    <IKPriority>0</IKPriority>
                    <IKRotLimits>-1e+010 -1e+010 -1e+010 1e+010 1e+010 1e+010</IKRotLimits>
                    <IKRotLimitOrder>0</IKRotLimitOrder>
                    <KeyFrames count="65">
                        <i>-0.0655103 0.98383 0.166695 -0.0980425 0.1599 -0.982252 -0.993024 -0.0806909 0.0859821 0.466787 5.57163 4.09253</i>
                        <i>-0.0853662 0.979886 0.180377 -0.113517 0.170294 -0.978833 -0.989862 -0.104035 0.0966967 0.448486 5.56717 4.10253</i>
                        <i>-0.106783 0.97472 0.19626 -0.130832 0.181898 -0.974575 -0.985637 -0.129745 0.108101 0.42877 5.5619 4.11357</i>
                        <i>-0.128988 0.968362 0.21363 -0.149564 0.193967 -0.96954 -0.980302 -0.15701 0.119813 0.408248 5.55588 4.12529</i>
                        <i>-0.151259 0.96094 0.231763 -0.169223 0.205826 -0.963846 -0.973901 -0.18501 0.13148 0.387508 5.54921 4.13735</i>
                        <i>-0.172944 0.952693 0.249932 -0.189253 0.216884 -0.957677 -0.966578 -0.212925 0.142791 0.367104 5.54206 4.14938</i>
                        <i>-0.19347 0.943959 0.267414 -0.209039 0.226644 -0.951281 -0.958578 -0.239944 0.153475 0.347552 5.53461 4.16106</i>
                        <i>-0.212352 0.93517 0.283485 -0.22792 0.234701 -0.94497 -0.950242 -0.265278 0.163305 0.329329 5.52712 4.17202</i>
