<?xml version="1.0" encoding="ISO-8859-1" ?>
<Animl Version="1">
    <ModellingPackage><![CDATA[Maya.2010]]></ModellingPackage>
    <SrcFile><![CDATA[anims\turrets\antiair\blue\~src\aa_patriot\aa_patriot_reload_crewman_b.mb]]></SrcFile>
    <FramesPerSecond>30</FramesPerSecond>
    <TotalFrames>92</TotalFrames>
    <Skeleton>
        <RefFrame>
            <Name><![CDATA[soldier_ref_frame]]></Name>
            <Exclude>0</Exclude>
            <Additive>0</Additive>
            <IKPriority>0</IKPriority>
            <IKRotLimits>-1e+010 -1e+010 -1e+010 1e+010 1e+010 1e+010</IKRotLimits>
            <IKRotLimitOrder>0</IKRotLimitOrder>
            <KeyFrames count="92">
                <i>1 0 0 0 1 0 0 0 1 1.55 4.31 7.37</i>
                <i>1 0 0 0 1 0 0 0 1 1.55 4.31 7.37</i>
                <i>1 0 0 0 1 0 0 0 1 1.55 4.31 7.37</i>
                <i>1 0 0 0 1 0 0 0 1 1.55 4.31 7.37</i>
                <i>1 0 0 0 1 0 0 0 1 1.55 4.31 7.37</i>
                <i>1 0 0 0 1 0 0 0 1 1.55 4.31 7.37</i>
                <i>1 0 0 0 1 0 0 0 1 1.55 4.31 7.37</i>
                <i>1 0 0 0 1 0 0 0 1 1.55 4.31 7.37</i>
                <i>1 0 0 0 1 0 0 0 1 1.55 4.31 7.37</i>
                <i>1 0 0 0 1 0 0 0 1 1.55 4.31 7.37</i>
                <i>1 0 0 0 1 0 0 0 1 1.55 4.31 7.37</i>
                <i>1 0 0 0 1 0 0 0 1 1.55 4.31 7.37</i>
                <i>1 0 0 0 1 0 0 0 1 1.55 4.31 7.37</i>
                <i>1 0 0 0 1 0 0 0 1 1.55 4.31 7.37</i>
                <i>1 0 0 0 1 0 0 0 1 1.55 4.31 7.37</i>
                <i>1 0 0 0 1 0 0 0 1 1.55 4.31 7.37</i>
                <i>1 0 0 0 1 0 0 0 1 1.55 4.31 7.37</i>
                <i>1 0 0 0 1 0 0 0 1 1.55 4.31 7.37</i>
                <i>1 0 0 0 1 0 0 0 1 1.55 4.31 7.37</i>
                <i>1 0 0 0 1 0 0 0 1 1.55 4.31 7.37</i>
                <i>1 0 0 0 1 0 0 0 1 1.55 4.31 7.37</i>
                <i>1 0 0 0 1 0 0 0 1 1.55 4.31 7.37</i>
                <i>1 0 0 0 1 0 0 0 1 1.55 4.31 7.37</i>
                <i>1 0 0 0 1 0 0 0 1 1.55 4.31 7.37</i>
                <i>1 0 0 0 1 0 0 0 1 1.55 4.31 7.37</i>
                <i>1 0 0 0 1 0 0 0 1 1.55 4.31 7.37</i>
                <i>1 0 0 0 1 0 0 0 1 1.55 4.31 7.37</i>
                <i>1 0 0 0 1 0 0 0 1 1.55 4.31 7.37</i>
                <i>1 0 0 0 1 0 0 0 1 1.55 4.31 7.37</i>
                <i>1 0 0 0 1 0 0 0 1 1.55 4.31 7.37</i>
                <i>1 0 0 0 1 0 0 0 1 1.55 4.31 7.37</i>
                <i>1 0 0 0 1 0 0 0 1 1.55 4.31 7.37</i>
                <i>1 0 0 0 1 0 0 0 1 1.55 4.31 7.37</i>
                <i>1 0 0 0 1 0 0 0 1 1.55 4.31 7.37</i>
                <i>1 0 0 0 1 0 0 0 1 1.55 4.31 7.37</i>
                <i>1 0 0 0 1 0 0 0 1 1.55 4.31 7.37</i>
                <i>1 0 0 0 1 0 0 0 1 1.55 4.31 7.37</i>
                <i>1 0 0 0 1 0 0 0 1 1.55 4.31 7.37</i>
                <i>1 0 0 0 1 0 0 0 1 1.55 4.31 7.37</i>
                <i>1 0 0 0 1 0 0 0 1 1.55 4.31 7.37</i>
                <i>1 0 0 0 1 0 0 0 1 1.55 4.31 7.37</i>
                <i>1 0 0 0 1 0 0 0 1 1.55 4.31 7.37</i>
                <i>1 0 0 0 1 0 0 0 1 1.55 4.31 7.37</i>
                <i>1 0 0 0 1 0 0 0 1 1.55 4.31 7.37</i>
                <i>1 0 0 0 1 0 0 0 1 1.55 4.31 7.37</i>
                <i>1 0 0 0 1 0 0 0 1 1.55 4.31 7.37</i>
                <i>1 0 0 0 1 0 0 0 1 1.55 4.31 7.37</i>
                <i>1 0 0 0 1 0 0 0 1 1.55 4.31 7.37</i>
                <i>1 0 0 0 1 0 0 0 1 1.55 4.31 7.37</i>
                <i>1 0 0 0 1 0 0 0 1 1.55 4.31 7.37</i>
                <i>1 0 0 0 1 0 0 0 1 1.55 4.31 7.37</i>
                <i>1 0 0 0 1 0 0 0 1 1.55 4.31 7.37</i>
                <i>1 0 0 0 1 0 0 0 1 1.55 4.31 7.37</i>
                <i>1 0 0 0 1 0 0 0 1 1.55 4.31 7.37</i>
                <i>1 0 0 0 1 0 0 0 1 1.55 4.31 7.37</i>
                <i>1 0 0 0 1 0 0 0 1 1.55 4.31 7.37</i>
                <i>1 0 0 0 1 0 0 0 1 1.55 4.31 7.37</i>
                <i>1 0 0 0 1 0 0 0 1 1.55 4.31 7.37</i>
                <i>1 0 0 0 1 0 0 0 1 1.55 4.31 7.37</i>
                <i>1 0 0 0 1 0 0 0 1 1.55 4.31 7.37</i>
                <i>1 0 0 0 1 0 0 0 1 1.55 4.31 7.37</i>
                <i>1 0 0 0 1 0 0 0 1 1.55 4.31 7.37</i>
                <i>1 0 0 0 1 0 0 0 1 1.55 4.31 7.37</i>
                <i>1 0 0 0 1 0 0 0 1 1.55 4.31 7.37</i>
                <i>1 0 0 0 1 0 0 0 1 1.55 4.31 7.37</i>
                <i>1 0 0 0 1 0 0 0 1 1.55 4.31 7.37</i>
                <i>1 0 0 0 1 0 0 0 1 1.55 4.31 7.37</i>
                <i>1 0 0 0 1 0 0 0 1 1.55 4.31 7.37</i>
                <i>1 0 0 0 1 0 0 0 1 1.55 4.31 7.37</i>
                <i>1 0 0 0 1 0 0 0 1 1.55 4.31 7.37</i>
                <i>1 0 0 0 1 0 0 0 1 1.55 4.31 7.37</i>
                <i>1 0 0 0 1 0 0 0 1 1.55 4.31 7.37</i>
                <i>1 0 0 0 1 0 0 0 1 1.55 4.31 7.37</i>
                <i>1 0 0 0 1 0 0 0 1 1.55 4.31 7.37</i>
                <i>1 0 0 0 1 0 0 0 1 1.55 4.31 7.37</i>
                <i>1 0 0 0 1 0 0 0 1 1.55 4.31 7.37</i>
                <i>1 0 0 0 1 0 0 0 1 1.55 4.31 7.37</i>
                <i>1 0 0 0 1 0 0 0 1 1.55 4.31 7.37</i>
                <i>1 0 0 0 1 0 0 0 1 1.55 4.31 7.37</i>
                <i>1 0 0 0 1 0 0 0 1 1.55 4.31 7.37</i>
                <i>1 0 0 0 1 0 0 0 1 1.55 4.31 7.37</i>
                <i>1 0 0 0 1 0 0 0 1 1.55 4.31 7.37</i>
                <i>1 0 0 0 1 0 0 0 1 1.55 4.31 7.37</i>
                <i>1 0 0 0 1 0 0 0 1 1.55 4.31 7.37</i>
                <i>1 0 0 0 1 0 0 0 1 1.55 4.31 7.37</i>
                <i>1 0 0 0 1 0 0 0 1 1.55 4.31 7.37</i>
                <i>1 0 0 0 1 0 0 0 1 1.55 4.31 7.37</i>
                <i>1 0 0 0 1 0 0 0 1 1.55 4.31 7.37</i>
                <i>1 0 0 0 1 0 0 0 1 1.55 4.31 7.37</i>
                <i>1 0 0 0 1 0 0 0 1 1.55 4.31 7.37</i>
                <i>1 0 0 0 1 0 0 0 1 1.55 4.31 7.37</i>
                <i>1 0 0 0 1 0 0 0 1 1.55 4.31 7.37</i>
            </KeyFrames>
        </RefFrame>
        <Bones count="23">
            <i>
                <p>
                    <Name><![CDATA[pelvis]]></Name>
                    <Exclude>0</Exclude>
                    <Additive>0</Additive>
                    <IKPriority>0</IKPriority>
                    <IKRotLimits>-1e+010 -1e+010 -1e+010 1e+010 1e+010 1e+010</IKRotLimits>
                    <IKRotLimitOrder>2</IKRotLimitOrder>
                    <KeyFrames count="92">
                        <i>1 0 0 0 1 0 0 0 1 1.55256 5.42579 7.37298</i>
                        <i>1 0 0 0 1 0 0 0 1 1.60336 5.43486 7.35199</i>
                        <i>1 0 0 0 1 0 0 0 1 1.66271 5.44495 7.32775</i>
                        <i>1 0 0 0 1 0 0 0 1 1.71727 5.45388 7.30578</i>
                        <i>1 0 0 0 1 0 0 0 1 1.75366 5.45983 7.29173</i>
                        <i>1 0 0 0 1 0 0 0 1 1.75959 5.46128 7.29072</i>
                        <i>1 0 0 0 1 0 0 0 1 1.7304 5.45767 7.30353</i>
                        <i>1 0 0 0 1 0 0 0 1 1.65657 5.44724 7.33105</i>
                        <i>1 0 0 0 1 0 0 0 1 1.55863 5.43188 7.36506</i>
                        <i>1 0 0 0 1 0 0 0 1 1.46276 5.41555 7.39669</i>
                        <i>1 0 0 0 1 0 0 0 1 1.3818 5.40115 7.42516</i>
                        <i>1 0 0 0 1 0 0 0 1 1.32053 5.39125 7.44757</i>
                        <i>1 0 0 0 1 0 0 0 1 1.27747 5.38603 7.46206</i>
                        <i>1 0 0 0 1 0 0 0 1 1.26436 5.38755 7.46393</i>
                        <i>1 0 0 0 1 0 0 0 1 1.28478 5.39584 7.45298</i>
                        <i>1 0 0 0 1 0 0 0 1 1.33638 5.4094 7.43218</i>
                        <i>1 0 0 0 1 0 0 0 1 1.41233 5.42662 7.40425</i>
                        <i>1 0 0 0 1 0 0 0 1 1.49814 5.43889 7.37497</i>
                        <i>1 0 0 0 1 0 0 0 1 1.58156 5.42842 7.3516</i>
                        <i>1 0 0 0 1 0 0 0 1 1.64644 5.3961 7.33919</i>
                        <i>1 0 0 0 1 0 0 0 1 1.68479 5.34649 7.33828</i>
                        <i>1 0 0 0 1 0 0 0 1 1.697 5.2834 7.34814</i>
                        <i>1 0 0 0 1 0 0 0 1 1.69296 5.21316 7.36436</i>
                        <i>1 0 0 0 1 0 0 0 1 1.68196 5.1436 7.38162</i>
                        <i>1 0 0 0 1 0 0 0 1 1.67282 5.08263 7.39488</i>
                        <i>1 0 0 0 1 0 0 0 1 1.67148 5.03892 7.40057</i>
                        <i>1 0 0 0 1 0 0 0 1 1.67848 5.02044 7.39751</i>
                        <i>1 0 0 0 1 0 0 0 1 1.68531 5.03039 7.38676</i>
                        <i>1 0 0 0 1 0 0 0 1 1.69124 5.0562 7.36896</i>
                        <i>1 0 0 0 1 0 0 0 1 1.69865 5.08209 7.3453</i>
                        <i>1 0 0 0 1 0 0 0 1 1.70715 5.10552 7.31777</i>
                        <i>1 0 0 0 1 0 0 0 1 1.7164 5.12405 7.28837</i>
                        <i>1 0 0 0 1 0 0 0 1 1.72602 5.13529 7.25911</i>
                        <i>1 0 0 0 1 0 0 0 1 1.73565 5.13691 7.23201</i>
                        <i>1 0 0 0 1 0 0 0 1 1.74493 5.12663 7.20906</i>
                        <i>1 0 0 0 1 0 0 0 1 1.7536 5.08184 7.19276</i>
                        <i>1 0 0 0 1 0 0 0 1 1.76369 4.98173 7.18902</i>
                        <i>1 0 0 0 1 0 0 0 1 1.78559 4.8205 7.2171</i>
                        <i>1 0 0 0 1 0 0 0 1 1.81055 4.66678 7.26013</i>
                        <i>1 0 0 0 1 0 0 0 1 1.82744 4.59308 7.29743</i>
                        <i>1 0 0 0 1 0 0 0 1 1.82464 4.62294 7.31275</i>
                        <i>1 0 0 0 1 0 0 0 1 1.80304 4.73628 7.31153</i>
                        <i>1 0 0 0 1 0 0 0 1 1.76952 4.89421 7.30278</i>
                        <i>1 0 0 0 1 0 0 0 1 1.72744 5.07402 7.28868</i>
                        <i>1 0 0 0 1 0 0 0 1 1.68052 5.25315 7.27214</i>
                        <i>1 0 0 0 1 0 0 0 1 1.633 5.40933 7.25715</i>
                        <i>1 0 0 0 1 0 0 0 1 1.58968 5.52269 7.24871</i>
                        <i>1 0 0 0 1 0 0 0 1 1.55576 5.58828 7.25222</i>
                        <i>1 0 0 0 1 0 0 0 1 1.53278 5.61022 7.26616</i>
                        <i>1 0 0 0 1 0 0 0 1 1.51999 5.59808 7.28474</i>
                        <i>1 0 0 0 1 0 0 0 1 1.51833 5.55591 7.30526</i>
                        <i>1 0 0 0 1 0 0 0 1 1.52714 5.49024 7.32571</i>
                        <i>1 0 0 0 1 0 0 0 1 1.53895 5.41978 7.34885</i>
                        <i>1 0 0 0 1 0 0 0 1 1.55184 5.35336 7.37379</i>
                        <i>1 0 0 0 1 0 0 0 1 1.56503 5.29795 7.39896</i>
                        <i>1 0 0 0 1 0 0 0 1 1.57806 5.25629 7.42352</i>
                        <i>1 0 0 0 1 0 0 0 1 1.59068 5.22691 7.44714</i>
                        <i>1 0 0 0 1 0 0 0 1 1.60518 5.20186 7.47419</i>
                        <i>1 0 0 0 1 0 0 0 1 1.6209 5.17988 7.50342</i>
                        <i>1 0 0 0 1 0 0 0 1 1.63668 5.16114 7.53273</i>
                        <i>1 0 0 0 1 0 0 0 1 1.65141 5.14585 7.56002</i>
                        <i>1 0 0 0 1 0 0 0 1 1.66398 5.13429 7.5833</i>
                        <i>1 0 0 0 1 0 0 0 1 1.67333 5.12683 7.60054</i>
                        <i>1 0 0 0 1 0 0 0 1 1.67839 5.12382 7.60979</i>
                        <i>1 0 0 0 1 0 0 0 1 1.67808 5.12563 7.60903</i>
                        <i>1 0 0 0 1 0 0 0 1 1.67202 5.1321 7.59755</i>
                        <i>1 0 0 0 1 0 0 0 1 1.66051 5.14309 7.57583</i>
                        <i>1 0 0 0 1 0 0 0 1 1.64428 5.15922 7.54527</i>
                        <i>1 0 0 0 1 0 0 0 1 1.62408 5.17988 7.50726</i>
                        <i>1 0 0 0 1 0 0 0 1 1.6006 5.20437 7.46312</i>
                        <i>1 0 0 0 1 0 0 0 1 1.57457 5.23204 7.41417</i>
                        <i>1 0 0 0 1 0 0 0 1 1.5467 5.26213 7.36177</i>
                        <i>1 0 0 0 1 0 0 0 1 1.51771 5.29388 7.30728</i>
                        <i>1 0 0 0 1 0 0 0 1 1.48836 5.32659 7.25212</i>
                        <i>1 0 0 0 1 0 0 0 1 1.45944 5.35961 7.19773</i>
                        <i>1 0 0 0 1 0 0 0 1 1.43172 5.39232 7.14563</i>
                        <i>1 0 0 0 1 0 0 0 1 1.40469 5.42897 7.09479</i>
                        <i>1 0 0 0 1 0 0 0 1 1.37594 5.47945 7.04074</i>
                        <i>1 0 0 0 1 0 0 0 1 1.34548 5.53437 6.98348</i>
                        <i>1 0 0 0 1 0 0 0 1 1.32029 5.57841 6.93613</i>
                        <i>1 0 0 0 1 0 0 0 1 1.30978 5.59655 6.91636</i>
                        <i>1 0 0 0 1 0 0 0 1 1.31373 5.59853 6.9238</i>
                        <i>1 0 0 0 1 0 0 0 1 1.32844 5.59137 6.95148</i>
                        <i>1 0 0 0 1 0 0 0 1 1.34716 5.58013 6.98667</i>
                        <i>1 0 0 0 1 0 0 0 1 1.36912 5.56533 7.02797</i>
                        <i>1 0 0 0 1 0 0 0 1 1.39359 5.54769 7.074</i>
                        <i>1 0 0 0 1 0 0 0 1 1.41985 5.52796 7.12338</i>
                        <i>1 0 0 0 1 0 0 0 1 1.44716 5.50692 7.17475</i>
                        <i>1 0 0 0 1 0 0 0 1 1.4748 5.48534 7.22673</i>
                        <i>1 0 0 0 1 0 0 0 1 1.50205 5.46406 7.27798</i>
                        <i>1 0 0 0 1 0 0 0 1 1.52821 5.44392 7.32717</i>
                        <i>1 0 0 0 1 0 0 0 1 1.55256 5.42579 7.37298</i>
                    </KeyFrames>
                </p>
            </i>
            <i>
                <p>
                    <Name><![CDATA[spine0]]></Name>
                    <Exclude>0</Exclude>
                    <Additive>0</Additive>
                    <IKPriority>0</IKPriority>
                    <IKRotLimits>-1e+010 -1e+010 -1e+010 1e+010 1e+010 1e+010</IKRotLimits>
                    <IKRotLimitOrder>0</IKRotLimitOrder>
                    <KeyFrames count="92">
                        <i>0.000802502 0.999736 -0.0229806 -0.999391 -2.22045e-016 -0.0348995 -0.0348903 0.0229946 0.999127 1.55423 5.56144 7.32511</i>
                        <i>0.00649579 0.999623 -0.0266666 -0.999592 0.00574914 -0.0279813 -0.0278174 0.0268375 0.999253 1.6055 5.57034 7.30366</i>
                        <i>0.0129881 0.999417 -0.0315684 -0.999779 0.0124583 -0.0169224 -0.0165193 0.0317812 0.999358 1.66524 5.58023 7.27886</i>
                        <i>0.018709 0.999162 -0.0364166 -0.999817 0.0185532 -0.00461139 -0.00393188 0.0364962 0.999326 1.72003 5.58896 7.25637</i>
                        <i>0.0221212 0.998957 -0.0399499 -0.999731 0.0223816 0.00608066 0.00696846 0.0398046 0.999183 1.75641 5.59478 7.24198</i>
                        <i>0.021831 0.998922 -0.0409698 -0.999675 0.0223515 0.012289 0.0131915 0.0406882 0.999085 1.76204 5.59623 7.24094</i>
                        <i>0.0174471 0.999094 -0.0388116 -0.999781 0.0178815 0.0108754 0.0115595 0.0386134 0.999187 1.73232 5.59275 7.25405</i>
                        <i>0.00805 0.999438 -0.0325315 -0.999964 0.0079547 -0.0030578 -0.00279731 0.0325549 0.999466 1.65783 5.58259 7.28232</i>
                        <i>-0.00356462 0.999723 -0.023278 -0.999583 -0.00422911 -0.0285593 -0.0286498 0.0231665 0.999321 1.55943 5.5676 7.31735</i>
                        <i>-0.0139613 0.999827 -0.0123193 -0.997876 -0.0147159 -0.0634518 -0.0636221 0.0114073 0.997909 1.4637 5.55165 7.35007</i>
                        <i>-0.0217021 0.999764 0.00103681 -0.994098 -0.0214688 -0.106336 -0.106289 -0.00333841 0.99433 1.38368 5.53761 7.37966</i>
                        <i>-0.0268557 0.999523 0.0152288 -0.987634 -0.0241761 -0.154903 -0.154461 -0.0192005 0.987812 1.32411 5.52804 7.40315</i>
                        <i>-0.0305762 0.999115 0.0288714 -0.977944 -0.0239324 -0.207493 -0.206618 -0.0345789 0.97781 1.28335 5.52307 7.41869</i>
                        <i>-0.0321592 0.998687 0.0398872 -0.965509 -0.0207248 -0.259543 -0.258376 -0.0468581 0.964907 1.27302 5.52472 7.42144</i>
                        <i>-0.0311862 0.99841 0.0469507 -0.951681 -0.0153035 -0.306706 -0.3055 -0.0542471 0.950645 1.29646 5.53297 7.41109</i>
                        <i>-0.0272361 0.998408 0.0493875 -0.938614 -0.00854594 -0.344862 -0.343891 -0.0557486 0.937353 1.35102 5.54631 7.39053</i>
                        <i>-0.0195516 0.998718 0.0466984 -0.928385 -0.000798426 -0.371619 -0.371105 -0.0506198 0.92721 1.42968 5.56315 7.36237</i>
                        <i>-0.00952717 0.999143 0.0402878 -0.921372 0.00688457 -0.388622 -0.388566 -0.0408225 0.920516 1.51777 5.57495 7.33257</i>
                        <i>-0.000570782 0.999407 0.0344195 -0.914347 0.013416 -0.40471 -0.404932 -0.0317024 0.913797 1.60324 5.56404 7.30877</i>
                        <i>0.00518029 0.999525 0.0303739 -0.906468 0.0175192 -0.421912 -0.422243 -0.0253473 0.906128 1.66978 5.5314 7.29623</i>
                        <i>0.00685834 0.999571 0.0284601 -0.897058 0.018726 -0.441517 -0.44186 -0.0225023 0.896802 1.70937 5.48164 7.29556</i>
                        <i>0.00460726 0.99957 0.0289539 -0.88598 0.0175065 -0.463394 -0.463701 -0.0235176 0.885679 1.72242 5.41861 7.30608</i>
                        <i>-0.000157204 0.999515 0.0311411 -0.87403 0.0149933 -0.485641 -0.485872 -0.0272946 0.873604 1.71889 5.34856 7.32324</i>
                        <i>-0.00596709 0.999407 0.0339027 -0.862119 0.0120366 -0.506562 -0.50667 -0.0322509 0.861537 1.70819 5.27925 7.34152</i>
                        <i>-0.0113508 0.999283 0.0361214 -0.851327 0.00929109 -0.524554 -0.524513 -0.0367052 0.850611 1.69925 5.21849 7.35566</i>
                        <i>-0.0152652 0.999204 0.0368649 -0.842863 0.00697547 -0.538083 -0.537912 -0.039286 0.842085 1.69808 5.17491 7.3619</i>
                        <i>-0.0175697 0.999212 0.0356039 -0.837864 0.00471734 -0.545858 -0.545596 -0.0394218 0.837121 1.70517 5.15644 7.35893</i>
                        <i>-0.0195693 0.999274 0.0326778 -0.836096 0.00156578 -0.548581 -0.548234 -0.0380571 0.835459 1.71187 5.16633 7.34788</i>
                        <i>-0.0217649 0.99935 0.0287242 -0.835121 -0.00237778 -0.550061 -0.549636 -0.0359602 0.83463 1.7176 5.19204 7.32958</i>
                        <i>-0.024194 0.999413 0.0242385 -0.832668 -0.0067279 -0.553731 -0.553244 -0.0335796 0.832342 1.72491 5.21778 7.3054</i>
                        <i>-0.0266533 0.999452 0.0196223 -0.829209 -0.0111418 -0.558828 -0.558303 -0.0311656 0.829052 1.73342 5.24107 7.27736</i>
                        <i>-0.0289363 0.999464 0.0152789 -0.825224 -0.0152606 -0.5646 -0.564064 -0.028946 0.825223 1.74274 5.25945 7.24752</i>
                        <i>-0.0308299 0.999457 0.0116159 -0.821211 -0.0187033 -0.570317 -0.569791 -0.027122 0.821342 1.75249 5.27056 7.21791</i>
                        <i>-0.032114 0.999443 0.00904698 -0.817691 -0.0210666 -0.575271 -0.574761 -0.0258719 0.817913 1.76228 5.27208 7.19058</i>
                        <i>-0.0325624 0.999438 0.00799065 -0.815198 -0.0219324 -0.578767 -0.578267 -0.02536 0.815453 1.77173 5.26175 7.16758</i>
                        <i>-0.0319469 0.999448 0.00911159 -0.814269 -0.020739 -0.580117 -0.579608 -0.0259522 0.814482 1.78057 5.21698 7.15146</i>
                        <i>-0.0290647 0.99947 0.014677 -0.815449 -0.0152163 -0.578629 -0.578099 -0.0287861 0.815459 1.79096 5.11703 7.14844</i>
                        <i>-0.0188818 0.999268 0.0332587 -0.819261 0.00360435 -0.57341 -0.57311 -0.0380746 0.818593 1.81388 4.95628 7.17889</i>
                        <i>-0.0049682 0.998347 0.0572547 -0.825944 0.0281802 -0.563048 -0.563731 -0.0500864 0.824438 1.84009 4.8031 7.22493</i>
                        <i>0.00748953 0.997062 0.0762263 -0.835933 0.0480766 -0.546722 -0.548781 -0.0596254 0.833837 1.85768 4.7298 7.26445</i>
                        <i>0.0136487 0.996673 0.0803507 -0.851597 0.0536999 -0.52144 -0.52402 -0.0613094 0.849496 1.85413 4.75983 7.2798</i>
                        <i>0.0147565 0.997325 0.0715881 -0.8737 0.0476777 -0.484122 -0.48624 -0.0554026 0.872067 1.83034 4.87316 7.27667</i>
                        <i>0.0131221 0.998366 0.0556186 -0.898967 0.0361341 -0.436523 -0.437819 -0.0442712 0.897973 1.79368 5.03091 7.26505</i>
                        <i>0.00927346 0.99935 0.0348311 -0.924383 0.0218515 -0.380841 -0.381354 -0.0286655 0.923984 1.7478 5.21037 7.24756</i>
                        <i>0.00386534 0.999923 0.0118222 -0.947469 0.00744314 -0.319761 -0.319824 -0.00996519 0.947425 1.6967 5.38897 7.22756</i>
                        <i>-0.00223411 0.999941 -0.0106122 -0.966533 -0.00488164 -0.256498 -0.256534 0.00968403 0.966487 1.64497 5.54452 7.20946</i>
                        <i>-0.00790586 0.999531 -0.029596 -0.980773 -0.013522 -0.194681 -0.19499 0.0274879 0.98042 1.59773 5.65731 7.19862</i>
                        <i>-0.0117668 0.999032 -0.0423822 -0.990258 -0.0175239 -0.138141 -0.13875 0.0403438 0.989505 1.56052 5.72253 7.20073</i>
                        <i>-0.0136 0.998712 -0.0488732 -0.995721 -0.0179951 -0.0906445 -0.0914072 0.0474313 0.994683 1.53505 5.74435 7.2142</i>
                        <i>-0.0138146 0.998629 -0.0504862 -0.998304 -0.0166304 -0.0557859 -0.0565491 0.04963 0.997166 1.52064 5.73228 7.23291</i>
                        <i>-0.0120966 0.998803 -0.0473882 -0.999217 -0.0138593 -0.0370462 -0.0376586 0.046903 0.998189 1.51836 5.69035 7.25407</i>
                        <i>-0.00844347 0.999157 -0.0401679 -0.999345 -0.00984471 -0.0348158 -0.0351819 0.0398477 0.998586 1.52756 5.62506 7.27551</i>
                        <i>-0.00393209 0.999502 -0.0313235 -0.999379 -0.00502471 -0.0348798 -0.0350198 0.0311668 0.998901 1.53998 5.55504 7.29985</i>
                        <i>0.000992153 0.999762 -0.0217839 -0.999391 0.000231366 -0.0348991 -0.0348858 0.0218052 0.999153 1.55354 5.48907 7.32608</i>
                        <i>0.00601917 0.999908 -0.0121737 -0.999376 0.00559148 -0.0348665 -0.0347952 0.012376 0.999318 1.56741 5.4341 7.35256</i>
                        <i>0.0108383 0.999937 -0.00307065 -0.999337 0.0107249 -0.0347873 -0.0347522 0.00344565 0.99939 1.5811 5.39285 7.37836</i>
                        <i>0.015187 0.999872 0.00507985 -0.999281 0.0153542 -0.0346766 -0.0347501 -0.00454957 0.999386 1.59431 5.36382 7.4031</i>
                        <i>0.0198251 0.999709 0.0137207 -0.999198 0.0202887 -0.0345181 -0.0347864 -0.0130254 0.99931 1.60945 5.33912 7.43133</i>
                        <i>0.0246702 0.999438 0.0227106 -0.999087 0.0254412 -0.0343083 -0.0348668 -0.0218435 0.999153 1.62584 5.3175 7.4618</i>
                        <i>0.0294835 0.999065 0.0316144 -0.998953 0.0305578 -0.0340554 -0.0349896 -0.0305772 0.99892 1.64228 5.2991 7.49233</i>
                        <i>0.0340265 0.99862 0.0399973 -0.998803 0.0353855 -0.0337761 -0.0351448 -0.0388001 0.998629 1.65763 5.28411 7.52079</i>
                        <i>0.0380612 0.998149 0.0474257 -0.998651 0.0396718 -0.0334952 -0.0353147 -0.0460868 0.998313 1.67077 5.27282 7.54509</i>
                        <i>0.041488 0.99773 0.0530515 -0.998448 0.0433758 -0.0349425 -0.0371643 -0.0515195 0.99798 1.68065 5.26556 7.56317</i>
                        <i>0.0442097 0.997448 0.0560612 -0.998129 0.0464727 -0.0397264 -0.0422303 -0.0542 0.997637 1.68626 5.26267 7.57297</i>
                        <i>0.0458296 0.997347 0.0565542 -0.997779 0.0484423 -0.0457269 -0.0483452 -0.0543329 0.997352 1.68637 5.26452 7.57246</i>
                        <i>0.0461731 0.997413 0.0550889 -0.997509 0.0489807 -0.0507523 -0.0533193 -0.0526083 0.997191 1.68052 5.27096 7.56091</i>
                        <i>0.0451779 0.9976 0.0524682 -0.997465 0.0479378 -0.0525914 -0.0549804 -0.0499593 0.997237 1.66893 5.28187 7.53888</i>
                        <i>0.0427033 0.997868 0.0493571 -0.997778 0.0451244 -0.0490266 -0.0511493 -0.0471538 0.997577 1.65223 5.29789 7.50778</i>
                        <i>0.0387492 0.998163 0.0465737 -0.998463 0.0405252 -0.0378138 -0.0396317 -0.0450368 0.998199 1.6311 5.3184 7.46906</i>
                        <i>0.033389 0.998412 0.045373 -0.999303 0.0341077 -0.0151585 -0.016682 -0.0448352 0.998855 1.60609 5.34273 7.4241</i>
                        <i>0.0272343 0.998537 0.0467219 -0.99943 0.026267 0.0211952 0.0199369 -0.0472726 0.998683 1.57785 5.37024 7.37434</i>
                        <i>0.0215474 0.998528 0.0497779 -0.997631 0.0182209 0.0663399 0.0653352 -0.0510894 0.996555 1.54735 5.40015 7.32118</i>
                        <i>0.0172035 0.998423 0.0534404 -0.993302 0.0109586 0.115025 0.114258 -0.0550613 0.991924 1.51558 5.43168 7.266</i>
                        <i>0.0144128 0.9983 0.0564832 -0.98678 0.00508141 0.161986 0.161423 -0.0580711 0.985175 1.48355 5.46413 7.21021</i>
                        <i>0.012671 0.998252 0.0577207 -0.979371 0.000747424 0.202067 0.201671 -0.0590904 0.977669 1.45227 5.49686 7.1552</i>
                        <i>0.0109298 0.998363 0.0561394 -0.973119 -0.00229628 0.230293 0.230045 -0.0571473 0.971501 1.42275 5.52924 7.10238</i>
                        <i>0.00758311 0.998712 0.0501729 -0.970309 -0.00478109 0.241821 0.24175 -0.050517 0.969023 1.3946 5.56549 7.05054</i>
                        <i>5.5981e-005 0.999371 0.0354685 -0.974357 -0.00792622 0.22487 0.225009 -0.0345715 0.973743 1.36579 5.61539 6.99477</i>
                        <i>-0.0102516 0.999874 0.0120886 -0.984122 -0.0122309 0.177072 0.177197 -0.0100814 0.984124 1.33653 5.6696 6.93521</i>
                        <i>-0.0184127 0.999731 -0.0141148 -0.993541 -0.0167141 0.112236 0.11197 0.0160902 0.993581 1.31344 5.71298 6.88571</i>
                        <i>-0.0209581 0.999121 -0.0362901 -0.998809 -0.0193243 0.0448014 0.0440608 0.0371859 0.998337 1.30553 5.73071 6.86459</i>
                        <i>-0.0191868 0.998497 -0.051344 -0.999753 -0.0197381 -0.0102511 -0.0112491 0.0511346 0.998628 1.31185 5.73251 6.87144</i>
                        <i>-0.0164717 0.99823 -0.0571505 -0.99907 -0.0187098 -0.0388508 -0.0398513 0.0564574 0.997609 1.32793 5.72536 6.89912</i>
                        <i>-0.0141743 0.998208 -0.0581444 -0.998497 -0.0172088 -0.0520255 -0.0529328 0.0573196 0.996952 1.34739 5.71421 6.93453</i>
                        <i>-0.0119747 0.998315 -0.0567729 -0.998156 -0.0153129 -0.0587353 -0.0595057 0.0559649 0.996658 1.36986 5.69955 6.97621</i>
                        <i>-0.00992815 0.998515 -0.0535565 -0.998094 -0.0131579 -0.0602935 -0.0609086 0.0528559 0.996743 1.39466 5.68209 7.02271</i>
                        <i>-0.00801943 0.998767 -0.0489906 -0.998257 -0.0108608 -0.058011 -0.0584716 0.04844 0.997113 1.4211 5.66257 7.07264</i>
                        <i>-0.00620349 0.999032 -0.0435598 -0.998548 -0.00852002 -0.0531981 -0.0535177 0.0431665 0.997633 1.4485 5.64175 7.1246</i>
                        <i>-0.0044342 0.999277 -0.0377488 -0.998868 -0.00621414 -0.0471662 -0.0473667 0.0374969 0.998174 1.47618 5.6204 7.1772</i>
                        <i>-0.00268103 0.999483 -0.0320488 -0.999142 -0.00400214 -0.0412289 -0.0413358 0.0319108 0.998636 1.50347 5.59934 7.22906</i>
                        <i>-0.000934128 0.999636 -0.0269584 -0.999324 -0.0019236 -0.0367012 -0.0367397 0.0269059 0.998963 1.52971 5.5794 7.27881</i>
                        <i>0.000802502 0.999736 -0.0229806 -0.999391 -2.22045e-016 -0.0348995 -0.0348903 0.0229946 0.999127 1.55423 5.56144 7.32511</i>
                    </KeyFrames>
                </p>
            </i>
            <i>
                <p>
                    <Name><![CDATA[spine1]]></Name>
                    <Exclude>0</Exclude>
                    <Additive>0</Additive>
                    <IKPriority>0</IKPriority>
                    <IKRotLimits>-1e+010 -1e+010 -1e+010 1e+010 1e+010 1e+010</IKRotLimits>
                    <IKRotLimitOrder>0</IKRotLimitOrder>
                    <KeyFrames count="92">
                        <i>-0.00168166 0.998838 0.0481565 -0.999391 -2.22045e-016 -0.0348995 -0.034859 -0.0481858 0.99823 1.55437 5.73291 7.32117</i>
                        <i>0.00466533 0.999022 0.0439736 -0.99963 0.00583703 -0.0265547 -0.0267854 -0.0438335 0.99868 1.60661 5.74178 7.29908</i>
                        <i>0.0123286 0.999209 0.037811 -0.999847 0.0127895 -0.0119742 -0.0124484 -0.0376576 0.999213 1.66747 5.75163 7.27344</i>
                        <i>0.019375 0.999321 0.0313287 -0.999803 0.0192334 0.004815 0.00420917 -0.0314158 0.999498 1.72324 5.76031 7.25013</i>
                        <i>0.0239391 0.99937 0.0262022 -0.999529 0.0234237 0.0198036 0.0191774 -0.026664 0.99946 1.7602 5.76609 7.23513</i>
                        <i>0.0243415 0.999414 0.0240671 -0.9993 0.0236405 0.0289944 0.0284085 -0.0247561 0.99929 1.76578 5.76752 7.23392</i>
                        <i>0.0199111 0.999463 0.026032 -0.999421 0.0191778 0.0281197 0.0276054 -0.0265768 0.999266 1.73531 5.76406 7.2474</i>
                        <i>0.00930042 0.999397 0.0334628 -0.999898 0.00893191 0.0111454 0.0108398 -0.0335631 0.999378 1.65921 5.75398 7.27675</i>
                        <i>-0.00485813 0.99895 0.0455496 -0.999748 -0.00385287 -0.0221315 -0.0219328 -0.0456456 0.998717 1.55882 5.73905 7.31336</i>
                        <i>-0.0195023 0.997912 0.0615709 -0.997326 -0.0150787 -0.0715101 -0.0704324 -0.0628009 0.995538 1.46131 5.72315 7.34796</i>
                        <i>-0.0343787 0.995906 0.0835989 -0.989844 -0.0223855 -0.140381 -0.137935 -0.087576 0.986562 1.37995 5.70916 7.37984</i>
                        <i>-0.049864 0.992858 0.108382 -0.974522 -0.0246071 -0.222936 -0.218677 -0.116737 0.968789 1.3195 5.69964 7.40577</i>
                        <i>-0.0668624 0.988936 0.132418 -0.949688 -0.0223791 -0.312397 -0.305977 -0.146643 0.940677 1.2781 5.69471 7.42365</i>
                        <i>-0.0834662 0.98485 0.151998 -0.91668 -0.0160625 -0.399298 -0.390808 -0.172662 0.904133 1.2675 5.6964 7.42829</i>
                        <i>-0.0973741 0.981489 0.164914 -0.879831 -0.00743855 -0.475228 -0.465205 -0.191372 0.864269 1.2911 5.70471 7.41916</i>
                        <i>-0.105854 0.979672 0.170405 -0.845974 0.00134119 -0.533222 -0.522611 -0.200602 0.828635 1.34633 5.71814 7.39902</i>
                        <i>-0.105931 0.980031 0.168282 -0.822366 0.00879628 -0.568891 -0.559011 -0.198652 0.805012 1.42632 5.73508 7.37041</i>
                        <i>-0.0986523 0.982079 0.160587 -0.811007 0.0141676 -0.584864 -0.576658 -0.187935 0.795076 1.51613 5.74696 7.3395</i>
                        <i>-0.0919405 0.983903 0.153237 -0.800513 0.0184915 -0.599031 -0.592222 -0.177743 0.785927 1.60314 5.73609 7.31469</i>
                        <i>-0.0885056 0.985093 0.14751 -0.788968 0.021068 -0.614073 -0.608026 -0.17073 0.775342 1.67068 5.70347 7.30146</i>
                        <i>-0.0893802 0.985596 0.143565 -0.775409 0.0216073 -0.63109 -0.625102 -0.167728 0.762309 1.71056 5.65372 7.30046</i>
                        <i>-0.0944055 0.985404 0.141657 -0.75972 0.0206461 -0.649923 -0.643361 -0.168976 0.746682 1.72321 5.59069 7.31106</i>
                        <i>-0.101933 0.984709 0.141272 -0.743103 0.0190421 -0.668906 -0.661368 -0.173163 0.729799 1.71887 5.52063 7.3286</i>
                        <i>-0.110295 0.983774 0.141502 -0.72683 0.0172699 -0.686601 -0.677904 -0.178576 0.713132 1.70716 5.4513 7.34735</i>
                        <i>-0.117843 0.982904 0.141465 -0.712308 0.0155913 -0.701694 -0.691903 -0.183457 0.698293 1.6973 5.39052 7.36188</i>
                        <i>-0.123372 0.982367 0.140478 -0.701053 0.0139122 -0.712973 -0.702356 -0.186444 0.686975 1.69545 5.34692 7.36825</i>
                        <i>-0.126597 0.982275 0.138232 -0.694458 0.0117417 -0.719438 -0.708309 -0.187075 0.680663 1.70215 5.32845 7.36506</i>
                        <i>-0.128896 0.982426 0.135001 -0.692141 0.00836459 -0.721714 -0.71016 -0.186466 0.678899 1.7085 5.33836 7.3535</i>
                        <i>-0.131472 0.982624 0.131014 -0.690359 0.00409103 -0.723455 -0.71142 -0.185561 0.677826 1.71385 5.36408 7.33453</i>
                        <i>-0.134949 0.982761 0.126369 -0.685764 -0.000578321 -0.727824 -0.715204 -0.184878 0.674021 1.72075 5.38985 7.30957</i>
                        <i>-0.138903 0.982825 0.121494 -0.679251 -0.00527791 -0.733887 -0.720641 -0.184464 0.668318 1.72883 5.41315 7.28074</i>
                        <i>-0.14291 0.982817 0.116822 -0.671731 -0.00962881 -0.740732 -0.726879 -0.184331 0.661565 1.73776 5.43154 7.25014</i>
                        <i>-0.146537 0.982753 0.112801 -0.664146 -0.0132335 -0.747486 -0.733101 -0.184451 0.65463 1.74718 5.44266 7.2199</i>
                        <i>-0.149347 0.982659 0.109894 -0.657468 -0.0156771 -0.753319 -0.738533 -0.184757 0.648408 1.75675 5.44418 7.19214</i>
                        <i>-0.150893 0.982569 0.108581 -0.652699 -0.0165328 -0.757437 -0.742439 -0.185162 0.643816 1.76613 5.43386 7.16896</i>
                        <i>-0.150731 0.982482 0.109585 -0.650847 -0.0151873 -0.759057 -0.744096 -0.185736 0.641735 1.77507 5.3891 7.15303</i>
                        <i>-0.147454 0.982337 0.115203 -0.652916 -0.00918595 -0.757375 -0.742939 -0.186896 0.642738 1.78595 5.28915 7.15096</i>
                        <i>-0.135884 0.981632 0.133915 -0.659856 0.0111527 -0.75131 -0.739003 -0.190456 0.64622 1.81063 5.12835 7.18462</i>
                        <i>-0.119292 0.980162 0.158277 -0.672344 0.0375514 -0.739285 -0.730563 -0.194608 0.654527 1.83924 4.975 7.23478</i>
                        <i>-0.102533 0.978672 0.178009 -0.69122 0.0585903 -0.720266 -0.715334 -0.196895 0.67047 1.85897 4.90145 7.27757</i>
                        <i>-0.0893433 0.978953 0.18349 -0.720658 0.0636284 -0.690365 -0.68751 -0.193913 0.699805 1.85648 4.93138 7.29362</i>
                        <i>-0.0778179 0.981265 0.176247 -0.76216 0.0554103 -0.645014 -0.642695 -0.184522 0.743569 1.83288 5.04476 7.28899</i>
                        <i>-0.0666726 0.984699 0.161004 -0.809821 0.0408603 -0.585252 -0.582876 -0.169405 0.794706 1.79594 5.20262 7.27462</i>
                        <i>-0.0564694 0.98862 0.139435 -0.858026 0.0233543 -0.513075 -0.510492 -0.148612 0.846943 1.74939 5.38216 7.25355</i>
                        <i>-0.0476627 0.992364 0.113767 -0.902013 0.00616397 -0.431664 -0.429069 -0.123194 0.894831 1.69737 5.56078 7.22959</i>
                        <i>-0.0403999 0.995402 0.0868486 -0.9384 -0.00794524 -0.345458 -0.34318 -0.0954553 0.934407 1.64459 5.71626 7.20763</i>
                        <i>-0.0343678 0.997483 0.0620161 -0.965496 -0.0171097 -0.259856 -0.258141 -0.068807 0.963654 1.59637 5.8289 7.19354</i>
                        <i>-0.0287025 0.998672 0.0427841 -0.983321 -0.0205191 -0.180718 -0.1796 -0.0472575 0.982604 1.5585 5.89398 7.19345</i>
                        <i>-0.0234147 0.99927 0.0301769 -0.993304 -0.019838 -0.113811 -0.113129 -0.0326397 0.993044 1.53271 5.91569 7.20581</i>
                        <i>-0.0189257 0.99954 0.0237162 -0.997764 -0.0173606 -0.0645445 -0.064103 -0.0248847 0.997633 1.51827 5.90358 7.22425</i>
                        <i>-0.0148599 0.999599 0.0240911 -0.99918 -0.0139377 -0.038008 -0.037657 -0.0246361 0.998987 1.51629 5.86166 7.24594</i>
                        <i>-0.010925 0.99946 0.0309743 -0.999345 -0.00984471 -0.0348158 -0.0344921 -0.0313344 0.998914 1.52612 5.79643 7.26863</i>
                        <i>-0.00641348 0.999186 0.0398187 -0.999379 -0.00502471 -0.0348798 -0.0346513 -0.0400177 0.998598 1.5393 5.72647 7.29448</i>
                        <i>-0.00149217 0.99878 0.0493521 -0.999391 0.000231366 -0.0348991 -0.034868 -0.0493741 0.998172 1.55371 5.66054 7.32235</i>
                        <i>0.00352856 0.998255 0.0589496 -0.999376 0.00559148 -0.0348665 -0.0351352 -0.0587899 0.997652 1.56845 5.60559 7.35047</i>
                        <i>0.00833851 0.997648 0.0680348 -0.999337 0.0107249 -0.0347873 -0.0354352 -0.0676996 0.997076 1.58296 5.56435 7.37783</i>
                        <i>0.0126763 0.997015 0.0761643 -0.999281 0.0153542 -0.0346766 -0.0357425 -0.07567 0.996492 1.59692 5.53531 7.40397</i>
                        <i>0.0173001 0.99625 0.0847779 -0.999198 0.0202887 -0.0345181 -0.0361087 -0.0841127 0.995802 1.61285 5.51058 7.43368</i>
                        <i>0.0221272 0.995351 0.0937339 -0.999087 0.0254412 -0.0343083 -0.0365335 -0.0928892 0.995006 1.63007 5.48892 7.46569</i>
                        <i>0.0269196 0.994358 0.102598 -0.998953 0.0305578 -0.0340554 -0.0369984 -0.101574 0.99414 1.64734 5.47045 7.49775</i>
                        <i>0.03144 0.99333 0.110939 -0.998803 0.0353855 -0.0337761 -0.0374764 -0.109745 0.993253 1.66347 5.45539 7.52765</i>
                        <i>0.0354524 0.992342 0.118327 -0.998651 0.0396718 -0.0334952 -0.0379329 -0.116979 0.99241 1.6773 5.44402 7.55322</i>
                        <i>0.0387632 0.991598 0.123415 -0.998391 0.0435495 -0.0363229 -0.0413923 -0.121809 0.99169 1.68777 5.43668 7.57227</i>
                        <i>0.0412044 0.99131 0.12493 -0.997866 0.0471665 -0.0451466 -0.0506468 -0.122803 0.991138 1.69384 5.43373 7.58259</i>
                        <i>0.042523 0.99142 0.123604 -0.997184 0.049764 -0.0560961 -0.0617658 -0.120871 0.990745 1.69423 5.43555 7.58216</i>
                        <i>0.0426508 0.991779 0.120648 -0.996579 0.0507879 -0.065193 -0.0707845 -0.117455 0.990552 1.68844 5.442 7.57036</i>
                        <i>0.0415926 0.992199 0.117523 -0.996408 0.0498758 -0.0684426 -0.0737702 -0.114254 0.990709 1.67668 5.45294 7.54788</i>
                        <i>0.0392836 0.992524 0.115552 -0.996995 0.0466599 -0.0618386 -0.066768 -0.112776 0.991375 1.65956 5.46901 7.51625</i>
                        <i>0.035898 0.992577 0.116197 -0.998306 0.0409435 -0.0413294 -0.0457801 -0.114516 0.992366 1.63775 5.48959 7.47705</i>
                        <i>0.0320291 0.992044 0.121747 -0.999479 0.0322762 -5.77705e-005 -0.00398683 -0.121681 0.992561 1.61182 5.514 7.43189</i>
                        <i>0.0292357 0.990607 0.133576 -0.997611 0.0205496 0.0659504 0.062586 -0.135185 0.988842 1.58252 5.54161 7.38236</i>
                        <i>0.0293423 0.988401 0.149007 -0.989046 0.00713468 0.147436 0.144663 -0.151701 0.977783 1.55105 5.5716 7.32972</i>
                        <i>0.033169 0.985724 0.165072 -0.972131 -0.00653261 0.234346 0.232079 -0.168245 0.958036 1.51853 5.60322 7.27518</i>
                        <i>0.0400516 0.983036 0.178988 -0.948297 -0.0190481 0.316814 0.314848 -0.182422 0.931446 1.48603 5.63576 7.21992</i>
                        <i>0.0478838 0.980896 0.188547 -0.922107 -0.0291509 0.385835 0.383961 -0.192335 0.903095 1.45445 5.66857 7.16513</i>
                        <i>0.0535884 0.979878 0.192269 -0.9004 -0.0358354 0.433585 0.431751 -0.196354 0.880361 1.42463 5.70103 7.11204</i>
                        <i>0.0534842 0.980632 0.188413 -0.890675 -0.038461 0.453011 0.451484 -0.192044 0.871368 1.3959 5.73737 7.05917</i>
                        <i>0.0413999 0.98441 0.17095 -0.904466 -0.0357741 0.425043 0.424532 -0.172215 0.888884 1.3658 5.78735 7.00087</i>
                        <i>0.0191138 0.990196 0.138372 -0.938566 -0.0299263 0.343801 0.344571 -0.136443 0.928792 1.33477 5.84153 6.93728</i>
                        <i>-0.00269544 0.995245 0.0973654 -0.972837 -0.0251477 0.230122 0.231476 -0.0941003 0.968279 1.31028 5.88474 6.88328</i>
                        <i>-0.0159086 0.998214 0.0575806 -0.993773 -0.0221372 0.109206 0.110286 -0.0554847 0.99235 1.30193 5.90222 6.85836</i>
                        <i>-0.0199657 0.999438 0.0269269 -0.99975 -0.0202285 0.00952318 0.0100625 -0.02673 0.999592 1.30855 5.90381 6.86263</i>
                        <i>-0.0192047 0.999735 0.0127127 -0.99893 -0.0186511 -0.0423146 -0.0420663 -0.0135118 0.999023 1.32511 5.89656 6.88931</i>
                        <i>-0.0175523 0.999816 0.00780252 -0.997665 -0.0169983 -0.0661505 -0.0660057 -0.0089454 0.997779 1.34496 5.88539 6.92456</i>
                        <i>-0.0156169 0.999852 0.00717996 -0.99682 -0.0150076 -0.0782571 -0.0781378 -0.00837927 0.996907 1.36781 5.87073 6.96647</i>
                        <i>-0.0136222 0.999858 0.00994839 -0.996629 -0.012772 -0.0810343 -0.0808958 -0.0110187 0.996662 1.39296 5.8533 7.01353</i>
                        <i>-0.0116258 0.999817 0.0152195 -0.996987 -0.0104228 -0.076863 -0.0766902 -0.0160673 0.996926 1.41973 5.83383 7.06424</i>
                        <i>-0.00961438 0.999709 0.02211 -0.997645 -0.00808808 -0.0681143 -0.0679156 -0.0227128 0.997432 1.44744 5.81306 7.11713</i>
