<?xml version="1.0" encoding="ISO-8859-1" ?>
<Animl Version="1">
    <ModellingPackage><![CDATA[Maya.2010]]></ModellingPackage>
    <SrcFile><![CDATA[anims\turrets\antiair\blue\~src\aa_patriot\aa_patriot_idle_crewman_c.mb]]></SrcFile>
    <FramesPerSecond>30</FramesPerSecond>
    <TotalFrames>65</TotalFrames>
    <Skeleton>
        <RefFrame>
            <Name><![CDATA[soldier_ref_frame]]></Name>
            <Exclude>0</Exclude>
            <Additive>0</Additive>
            <IKPriority>0</IKPriority>
            <IKRotLimits>-1e+010 -1e+010 -1e+010 1e+010 1e+010 1e+010</IKRotLimits>
            <IKRotLimitOrder>0</IKRotLimitOrder>
            <KeyFrames count="65">
                <i>1 0 0 0 1 0 0 0 1 2.96 4.27 5.34</i>
                <i>1 0 0 0 1 0 0 0 1 2.96 4.27 5.34</i>
                <i>1 0 0 0 1 0 0 0 1 2.96 4.27 5.34</i>
                <i>1 0 0 0 1 0 0 0 1 2.96 4.27 5.34</i>
                <i>1 0 0 0 1 0 0 0 1 2.96 4.27 5.34</i>
                <i>1 0 0 0 1 0 0 0 1 2.96 4.27 5.34</i>
                <i>1 0 0 0 1 0 0 0 1 2.96 4.27 5.34</i>
                <i>1 0 0 0 1 0 0 0 1 2.96 4.27 5.34</i>
                <i>1 0 0 0 1 0 0 0 1 2.96 4.27 5.34</i>
                <i>1 0 0 0 1 0 0 0 1 2.96 4.27 5.34</i>
                <i>1 0 0 0 1 0 0 0 1 2.96 4.27 5.34</i>
                <i>1 0 0 0 1 0 0 0 1 2.96 4.27 5.34</i>
                <i>1 0 0 0 1 0 0 0 1 2.96 4.27 5.34</i>
                <i>1 0 0 0 1 0 0 0 1 2.96 4.27 5.34</i>
                <i>1 0 0 0 1 0 0 0 1 2.96 4.27 5.34</i>
                <i>1 0 0 0 1 0 0 0 1 2.96 4.27 5.34</i>
                <i>1 0 0 0 1 0 0 0 1 2.96 4.27 5.34</i>
                <i>1 0 0 0 1 0 0 0 1 2.96 4.27 5.34</i>
                <i>1 0 0 0 1 0 0 0 1 2.96 4.27 5.34</i>
                <i>1 0 0 0 1 0 0 0 1 2.96 4.27 5.34</i>
                <i>1 0 0 0 1 0 0 0 1 2.96 4.27 5.34</i>
                <i>1 0 0 0 1 0 0 0 1 2.96 4.27 5.34</i>
                <i>1 0 0 0 1 0 0 0 1 2.96 4.27 5.34</i>
                <i>1 0 0 0 1 0 0 0 1 2.96 4.27 5.34</i>
                <i>1 0 0 0 1 0 0 0 1 2.96 4.27 5.34</i>
                <i>1 0 0 0 1 0 0 0 1 2.96 4.27 5.34</i>
                <i>1 0 0 0 1 0 0 0 1 2.96 4.27 5.34</i>
                <i>1 0 0 0 1 0 0 0 1 2.96 4.27 5.34</i>
                <i>1 0 0 0 1 0 0 0 1 2.96 4.27 5.34</i>
                <i>1 0 0 0 1 0 0 0 1 2.96 4.27 5.34</i>
                <i>1 0 0 0 1 0 0 0 1 2.96 4.27 5.34</i>
                <i>1 0 0 0 1 0 0 0 1 2.96 4.27 5.34</i>
                <i>1 0 0 0 1 0 0 0 1 2.96 4.27 5.34</i>
                <i>1 0 0 0 1 0 0 0 1 2.96 4.27 5.34</i>
                <i>1 0 0 0 1 0 0 0 1 2.96 4.27 5.34</i>
                <i>1 0 0 0 1 0 0 0 1 2.96 4.27 5.34</i>
                <i>1 0 0 0 1 0 0 0 1 2.96 4.27 5.34</i>
                <i>1 0 0 0 1 0 0 0 1 2.96 4.27 5.34</i>
                <i>1 0 0 0 1 0 0 0 1 2.96 4.27 5.34</i>
                <i>1 0 0 0 1 0 0 0 1 2.96 4.27 5.34</i>
                <i>1 0 0 0 1 0 0 0 1 2.96 4.27 5.34</i>
                <i>1 0 0 0 1 0 0 0 1 2.96 4.27 5.34</i>
                <i>1 0 0 0 1 0 0 0 1 2.96 4.27 5.34</i>
                <i>1 0 0 0 1 0 0 0 1 2.96 4.27 5.34</i>
                <i>1 0 0 0 1 0 0 0 1 2.96 4.27 5.34</i>
                <i>1 0 0 0 1 0 0 0 1 2.96 4.27 5.34</i>
                <i>1 0 0 0 1 0 0 0 1 2.96 4.27 5.34</i>
                <i>1 0 0 0 1 0 0 0 1 2.96 4.27 5.34</i>
                <i>1 0 0 0 1 0 0 0 1 2.96 4.27 5.34</i>
                <i>1 0 0 0 1 0 0 0 1 2.96 4.27 5.34</i>
                <i>1 0 0 0 1 0 0 0 1 2.96 4.27 5.34</i>
                <i>1 0 0 0 1 0 0 0 1 2.96 4.27 5.34</i>
                <i>1 0 0 0 1 0 0 0 1 2.96 4.27 5.34</i>
                <i>1 0 0 0 1 0 0 0 1 2.96 4.27 5.34</i>
                <i>1 0 0 0 1 0 0 0 1 2.96 4.27 5.34</i>
                <i>1 0 0 0 1 0 0 0 1 2.96 4.27 5.34</i>
                <i>1 0 0 0 1 0 0 0 1 2.96 4.27 5.34</i>
                <i>1 0 0 0 1 0 0 0 1 2.96 4.27 5.34</i>
                <i>1 0 0 0 1 0 0 0 1 2.96 4.27 5.34</i>
                <i>1 0 0 0 1 0 0 0 1 2.96 4.27 5.34</i>
                <i>1 0 0 0 1 0 0 0 1 2.96 4.27 5.34</i>
                <i>1 0 0 0 1 0 0 0 1 2.96 4.27 5.34</i>
                <i>1 0 0 0 1 0 0 0 1 2.96 4.27 5.34</i>
                <i>1 0 0 0 1 0 0 0 1 2.96 4.27 5.34</i>
                <i>1 0 0 0 1 0 0 0 1 2.96 4.27 5.34</i>
            </KeyFrames>
        </RefFrame>
        <Bones count="23">
            <i>
                <p>
                    <Name><![CDATA[pelvis]]></Name>
                    <Exclude>0</Exclude>
                    <Additive>0</Additive>
                    <IKPriority>0</IKPriority>
                    <IKRotLimits>-1e+010 -1e+010 -1e+010 1e+010 1e+010 1e+010</IKRotLimits>
                    <IKRotLimitOrder>2</IKRotLimitOrder>
                    <KeyFrames count="65">
                        <i>1 0 0 0 1 0 0 0 1 2.96155 5.41296 5.34448</i>
                        <i>1 0 0 0 1 0 0 0 1 2.96155 5.41348 5.34448</i>
                        <i>1 0 0 0 1 0 0 0 1 2.96155 5.41402 5.34448</i>
                        <i>1 0 0 0 1 0 0 0 1 2.96155 5.41458 5.34448</i>
                        <i>1 0 0 0 1 0 0 0 1 2.96155 5.41517 5.34448</i>
                        <i>1 0 0 0 1 0 0 0 1 2.96155 5.41577 5.34448</i>
                        <i>1 0 0 0 1 0 0 0 1 2.96155 5.4164 5.34448</i>
                        <i>1 0 0 0 1 0 0 0 1 2.96155 5.41704 5.34448</i>
                        <i>1 0 0 0 1 0 0 0 1 2.96155 5.4177 5.34448</i>
                        <i>1 0 0 0 1 0 0 0 1 2.96155 5.41837 5.34448</i>
                        <i>1 0 0 0 1 0 0 0 1 2.96155 5.41907 5.34448</i>
                        <i>1 0 0 0 1 0 0 0 1 2.96155 5.41977 5.34448</i>
                        <i>1 0 0 0 1 0 0 0 1 2.96155 5.42049 5.34448</i>
                        <i>1 0 0 0 1 0 0 0 1 2.96155 5.4212 5.34448</i>
                        <i>1 0 0 0 1 0 0 0 1 2.96155 5.42186 5.34448</i>
                        <i>1 0 0 0 1 0 0 0 1 2.96155 5.42248 5.34448</i>
                        <i>1 0 0 0 1 0 0 0 1 2.96155 5.42303 5.34448</i>
                        <i>1 0 0 0 1 0 0 0 1 2.96155 5.42351 5.34448</i>
                        <i>1 0 0 0 1 0 0 0 1 2.96155 5.42391 5.34448</i>
                        <i>1 0 0 0 1 0 0 0 1 2.96155 5.42422 5.34448</i>
                        <i>1 0 0 0 1 0 0 0 1 2.96155 5.42445 5.34448</i>
                        <i>1 0 0 0 1 0 0 0 1 2.96155 5.4246 5.34448</i>
                        <i>1 0 0 0 1 0 0 0 1 2.96155 5.42468 5.34448</i>
                        <i>1 0 0 0 1 0 0 0 1 2.96155 5.42471 5.34448</i>
                        <i>1 0 0 0 1 0 0 0 1 2.96155 5.42467 5.34448</i>
                        <i>1 0 0 0 1 0 0 0 1 2.96155 5.42459 5.34448</i>
                        <i>1 0 0 0 1 0 0 0 1 2.96155 5.42446 5.34448</i>
                        <i>1 0 0 0 1 0 0 0 1 2.96155 5.4243 5.34448</i>
                        <i>1 0 0 0 1 0 0 0 1 2.96155 5.4241 5.34448</i>
                        <i>1 0 0 0 1 0 0 0 1 2.96155 5.42387 5.34448</i>
                        <i>1 0 0 0 1 0 0 0 1 2.96155 5.42362 5.34448</i>
                        <i>1 0 0 0 1 0 0 0 1 2.96155 5.42335 5.34448</i>
                        <i>1 0 0 0 1 0 0 0 1 2.96155 5.42307 5.34448</i>
                        <i>1 0 0 0 1 0 0 0 1 2.96155 5.42278 5.34448</i>
                        <i>1 0 0 0 1 0 0 0 1 2.96155 5.4225 5.34448</i>
                        <i>1 0 0 0 1 0 0 0 1 2.96155 5.42222 5.34448</i>
                        <i>1 0 0 0 1 0 0 0 1 2.96155 5.42195 5.34448</i>
                        <i>1 0 0 0 1 0 0 0 1 2.96155 5.42169 5.34448</i>
                        <i>1 0 0 0 1 0 0 0 1 2.96155 5.42146 5.34448</i>
                        <i>1 0 0 0 1 0 0 0 1 2.96155 5.42125 5.34448</i>
                        <i>1 0 0 0 1 0 0 0 1 2.96155 5.42108 5.34448</i>
                        <i>1 0 0 0 1 0 0 0 1 2.96155 5.42094 5.34448</i>
                        <i>1 0 0 0 1 0 0 0 1 2.96155 5.42085 5.34448</i>
                        <i>1 0 0 0 1 0 0 0 1 2.96155 5.4208 5.34448</i>
                        <i>1 0 0 0 1 0 0 0 1 2.96155 5.42078 5.34448</i>
                        <i>1 0 0 0 1 0 0 0 1 2.96155 5.42076 5.34448</i>
                        <i>1 0 0 0 1 0 0 0 1 2.96155 5.42073 5.34448</i>
                        <i>1 0 0 0 1 0 0 0 1 2.96155 5.42069 5.34448</i>
                        <i>1 0 0 0 1 0 0 0 1 2.96155 5.42065 5.34448</i>
                        <i>1 0 0 0 1 0 0 0 1 2.96155 5.42061 5.34448</i>
                        <i>1 0 0 0 1 0 0 0 1 2.96155 5.42057 5.34448</i>
                        <i>1 0 0 0 1 0 0 0 1 2.96155 5.42053 5.34448</i>
                        <i>1 0 0 0 1 0 0 0 1 2.96155 5.42049 5.34448</i>
                        <i>1 0 0 0 1 0 0 0 1 2.96155 5.42033 5.34448</i>
                        <i>1 0 0 0 1 0 0 0 1 2.96155 5.41998 5.34448</i>
                        <i>1 0 0 0 1 0 0 0 1 2.96155 5.41945 5.34448</i>
                        <i>1 0 0 0 1 0 0 0 1 2.96155 5.41879 5.34448</i>
                        <i>1 0 0 0 1 0 0 0 1 2.96155 5.41803 5.34448</i>
                        <i>1 0 0 0 1 0 0 0 1 2.96155 5.41721 5.34448</i>
                        <i>1 0 0 0 1 0 0 0 1 2.96155 5.41637 5.34448</i>
                        <i>1 0 0 0 1 0 0 0 1 2.96155 5.41553 5.34448</i>
                        <i>1 0 0 0 1 0 0 0 1 2.96155 5.41473 5.34448</i>
                        <i>1 0 0 0 1 0 0 0 1 2.96155 5.41402 5.34448</i>
                        <i>1 0 0 0 1 0 0 0 1 2.96155 5.41341 5.34448</i>
                        <i>1 0 0 0 1 0 0 0 1 2.96155 5.41296 5.34448</i>
                    </KeyFrames>
                </p>
            </i>
            <i>
                <p>
                    <Name><![CDATA[spine0]]></Name>
                    <Exclude>0</Exclude>
                    <Additive>0</Additive>
                    <IKPriority>0</IKPriority>
                    <IKRotLimits>-1e+010 -1e+010 -1e+010 1e+010 1e+010 1e+010</IKRotLimits>
                    <IKRotLimitOrder>0</IKRotLimitOrder>
                    <KeyFrames count="65">
                        <i>-0.00154582 0.999975 0.00692969 -0.911506 0.00144109 -0.411285 -0.411284 -0.00695222 0.911481 2.98125 5.54862 5.30082</i>
                        <i>-0.00352299 0.999986 0.00406875 -0.903373 -0.00143769 -0.428854 -0.428842 -0.00518644 0.903365 2.98209 5.54913 5.30121</i>
                        <i>-0.00555096 0.999984 0.000918679 -0.894107 -0.00455181 -0.44783 -0.447819 -0.00330729 0.894118 2.983 5.54967 5.30166</i>
                        <i>-0.00753757 0.999969 -0.00245185 -0.883886 -0.00780918 -0.467638 -0.467642 -0.0013577 0.883917 2.98395 5.55024 5.30214</i>
                        <i>-0.00940571 0.999938 -0.00596553 -0.87293 -0.0111207 -0.487719 -0.487755 0.00062015 0.87298 2.98492 5.55082 5.30267</i>
                        <i>-0.0110952 0.999893 -0.00953685 -0.861509 -0.0144005 -0.507538 -0.507621 0.00258486 0.861577 2.98587 5.55143 5.30321</i>
                        <i>-0.0125634 0.999836 -0.0130734 -0.84994 -0.0175653 -0.526587 -0.52673 0.00449583 0.850021 2.98678 5.55205 5.30376</i>
                        <i>-0.0137852 0.999769 -0.0164773 -0.838583 -0.0205348 -0.544387 -0.5446 0.00631314 0.838672 2.98763 5.55269 5.30431</i>
                        <i>-0.0147509 0.999698 -0.0196477 -0.827838 -0.0232306 -0.560486 -0.560773 0.00799749 0.827931 2.98841 5.55335 5.30482</i>
                        <i>-0.015464 0.999628 -0.0224821 -0.818135 -0.0255762 -0.574458 -0.574819 0.00951001 0.818226 2.98908 5.55403 5.30528</i>
                        <i>-0.0159371 0.999563 -0.0248785 -0.809921 -0.0274959 -0.585894 -0.586322 0.0108122 0.810006 2.98963 5.55472 5.30567</i>
                        <i>-0.0161868 0.999511 -0.0267365 -0.803651 -0.0289148 -0.594397 -0.59488 0.0118655 0.803727 2.99004 5.55542 5.30597</i>
                        <i>-0.0162278 0.999477 -0.0279592 -0.799771 -0.0297575 -0.599567 -0.600086 0.0126313 0.799836 2.99028 5.55614 5.30616</i>
                        <i>-0.0161517 0.999454 -0.0288224 -0.797285 -0.0302694 -0.602843 -0.603386 0.0132427 0.797339 2.99044 5.55685 5.30628</i>
                        <i>-0.0160443 0.999431 -0.0296653 -0.794915 -0.0307468 -0.605942 -0.606509 0.0138594 0.794956 2.99059 5.55752 5.30639</i>
                        <i>-0.0159051 0.999409 -0.0304887 -0.792661 -0.0311893 -0.608864 -0.609455 0.0144831 0.792688 2.99073 5.55813 5.3065</i>
                        <i>-0.0157337 0.999386 -0.0312935 -0.790527 -0.0315968 -0.611612 -0.612226 0.0151154 0.790539 2.99086 5.55868 5.3066</i>
                        <i>-0.0155296 0.999365 -0.0320805 -0.788513 -0.031969 -0.614187 -0.614822 0.0157579 0.788508 2.99099 5.55916 5.30669</i>
                        <i>-0.0152922 0.999343 -0.0328507 -0.786622 -0.0323058 -0.61659 -0.617246 0.0164121 0.786599 2.9911 5.55957 5.30678</i>
                        <i>-0.0150211 0.999322 -0.033605 -0.784854 -0.032607 -0.618822 -0.619498 0.0170797 0.784812 2.99121 5.55988 5.30687</i>
                        <i>-0.0146705 0.999301 -0.0343834 -0.783213 -0.0328613 -0.620884 -0.62158 0.0178209 0.783148 2.99131 5.5601 5.30695</i>
                        <i>-0.0142109 0.999279 -0.035211 -0.781699 -0.0330612 -0.622779 -0.623494 0.0186742 0.781605 2.9914 5.56025 5.30702</i>
                        <i>-0.0136663 0.999256 -0.0360667 -0.780314 -0.0332126 -0.624506 -0.625239 0.0196087 0.780187 2.99148 5.56034 5.30709</i>
                        <i>-0.0130609 0.999233 -0.0369299 -0.779058 -0.0333214 -0.626066 -0.626816 0.0205935 0.778895 2.99156 5.56036 5.30715</i>
                        <i>-0.0124195 0.999209 -0.0377804 -0.777932 -0.0333937 -0.627461 -0.628226 0.0215978 0.777731 2.99162 5.56033 5.3072</i>
                        <i>-0.0117668 0.999186 -0.0385983 -0.776937 -0.0334357 -0.62869 -0.629469 0.0225908 0.776697 2.99168 5.56024 5.30725</i>
                        <i>-0.0111277 0.999163 -0.039364 -0.776073 -0.0334535 -0.629755 -0.630545 0.0235416 0.775796 2.99173 5.56012 5.30729</i>
                        <i>-0.0105271 0.999142 -0.0400581 -0.775342 -0.0334536 -0.630655 -0.631454 0.0244198 0.775029 2.99178 5.55995 5.30732</i>
                        <i>-0.00998998 0.999123 -0.0406612 -0.774743 -0.0334421 -0.631391 -0.632197 0.0251944 0.774398 2.99181 5.55975 5.30735</i>
                        <i>-0.00954132 0.999107 -0.0411542 -0.774277 -0.0334254 -0.631963 -0.632775 0.025835 0.773905 2.99184 5.55952 5.30737</i>
                        <i>-0.00920591 0.999095 -0.0415176 -0.773944 -0.0334097 -0.632372 -0.633187 0.0263108 0.773551 2.99186 5.55927 5.30739</i>
                        <i>-0.00900845 0.999088 -0.0417321 -0.773744 -0.0334012 -0.632617 -0.633434 0.0265911 0.773339 2.99187 5.559 5.3074</i>
                        <i>-0.00895098 0.999086 -0.0417966 -0.773677 -0.0334004 -0.632699 -0.633517 0.0266738 0.773269 2.99188 5.55872 5.3074</i>
                        <i>-0.00900901 0.999088 -0.0417317 -0.773744 -0.0334013 -0.632617 -0.633434 0.0265904 0.77334 2.99187 5.55844 5.3074</i>
                        <i>-0.00916704 0.999094 -0.0415499 -0.773944 -0.0334 -0.632372 -0.633187 0.0263603 0.77355 2.99186 5.55815 5.30739</i>
                        <i>-0.00940945 0.999104 -0.0412637 -0.774278 -0.0333926 -0.631964 -0.632776 0.0260031 0.773898 2.99184 5.55787 5.30737</i>
                        <i>-0.00972045 0.999117 -0.0408856 -0.774745 -0.0333752 -0.631393 -0.632199 0.0255385 0.774385 2.99181 5.5576 5.30735</i>
                        <i>-0.0100841 0.999132 -0.0404277 -0.775345 -0.0333437 -0.630657 -0.631458 0.0249858 0.775008 2.99178 5.55734 5.30732</i>
                        <i>-0.0104845 0.999149 -0.0399025 -0.776077 -0.0332941 -0.629758 -0.630551 0.0243647 0.775766 2.99173 5.55711 5.30729</i>
                        <i>-0.0109056 0.999167 -0.0393221 -0.776942 -0.0332223 -0.628695 -0.629478 0.0236947 0.776657 2.99168 5.5569 5.30725</i>
                        <i>-0.0113315 0.999187 -0.038699 -0.777939 -0.0331244 -0.627467 -0.628238 0.0229953 0.777681 2.99162 5.55673 5.3072</i>
                        <i>-0.0117461 0.999207 -0.0380456 -0.779066 -0.0329964 -0.626073 -0.626832 0.0222861 0.778836 2.99156 5.55659 5.30715</i>
                        <i>-0.0121335 0.999228 -0.0373747 -0.780323 -0.0328344 -0.624514 -0.625258 0.0215868 0.780119 2.99148 5.5565 5.30709</i>
                        <i>-0.0124779 0.999248 -0.0366991 -0.78171 -0.0326344 -0.622787 -0.623517 0.0209169 0.78153 2.9914 5.55646 5.30702</i>
                        <i>-0.0128355 0.99927 -0.03597 -0.783225 -0.0324103 -0.620893 -0.621606 0.0202031 0.783069 2.99131 5.55644 5.30695</i>
                        <i>-0.013258 0.999294 -0.0351409 -0.784865 -0.0321747 -0.61883 -0.619524 0.0193764 0.784738 2.99121 5.55641 5.30687</i>
                        <i>-0.0137237 0.99932 -0.0342281 -0.786631 -0.0319222 -0.616597 -0.617271 0.0184629 0.786534 2.9911 5.55638 5.30678</i>
                        <i>-0.014211 0.999346 -0.0332485 -0.788521 -0.0316474 -0.614193 -0.614844 0.0174889 0.788455 2.99099 5.55635 5.30669</i>
                        <i>-0.0146983 0.999373 -0.0322192 -0.790533 -0.0313449 -0.611617 -0.612243 0.0164806 0.790498 2.99086 5.55631 5.3066</i>
                        <i>-0.0151644 0.999399 -0.0311574 -0.792666 -0.0310097 -0.608868 -0.609468 0.0154643 0.79266 2.99073 5.55627 5.3065</i>
                        <i>-0.0155884 0.999426 -0.0300812 -0.794917 -0.0306366 -0.605944 -0.606517 0.0144664 0.794939 2.99059 5.55623 5.30639</i>
                        <i>-0.0159496 0.999452 -0.0290088 -0.797287 -0.0302208 -0.602844 -0.60339 0.0135132 0.797332 2.99044 5.55618 5.30628</i>
                        <i>-0.0162278 0.999477 -0.0279592 -0.799771 -0.0297575 -0.599567 -0.600086 0.0126313 0.799836 2.99028 5.55614 5.30616</i>
                        <i>-0.0163658 0.999513 -0.0265663 -0.80365 -0.0289574 -0.594397 -0.594877 0.0116223 0.803733 2.99004 5.55599 5.30597</i>
                        <i>-0.0162876 0.999566 -0.0245351 -0.809919 -0.0275785 -0.585893 -0.586315 0.0103287 0.810017 2.98963 5.55563 5.30567</i>
                        <i>-0.0159408 0.999631 -0.021996 -0.818132 -0.0256869 -0.574456 -0.574809 0.0088384 0.81824 2.98908 5.5551 5.30528</i>
                        <i>-0.0153069 0.999701 -0.0190528 -0.827836 -0.0233574 -0.560484 -0.560762 0.00719325 0.827946 2.98841 5.55444 5.30482</i>
                        <i>-0.0143918 0.999772 -0.0157914 -0.83858 -0.02067 -0.544385 -0.544588 0.00540769 0.838687 2.98763 5.55369 5.30431</i>
                        <i>-0.013188 0.999837 -0.012323 -0.849938 -0.0177009 -0.526586 -0.526718 0.00352918 0.850033 2.98678 5.55287 5.30376</i>
                        <i>-0.0117026 0.999893 -0.0087582 -0.861507 -0.0145285 -0.507537 -0.50761 0.00160576 0.861585 2.98587 5.55202 5.30321</i>
                        <i>-0.00995999 0.999937 -0.00520527 -0.872929 -0.0112338 -0.487718 -0.487746 -0.000313836 0.872986 2.98492 5.55118 5.30267</i>
                        <i>-0.0080031 0.999966 -0.00176767 -0.883885 -0.00790071 -0.467638 -0.467636 -0.00218013 0.883918 2.98395 5.55039 5.30214</i>
                        <i>-0.00589342 0.999982 0.00145796 -0.894107 -0.00461652 -0.44783 -0.447815 -0.00394282 0.894117 2.983 5.54967 5.30166</i>
                        <i>-0.00370978 0.999983 0.00438338 -0.903373 -0.00147151 -0.428854 -0.42884 -0.00555078 0.903363 2.98209 5.54907 5.30121</i>
                        <i>-0.00154582 0.999975 0.00692969 -0.911506 0.00144109 -0.411285 -0.411284 -0.00695222 0.911481 2.98125 5.54862 5.30082</i>
                    </KeyFrames>
                </p>
            </i>
            <i>
                <p>
                    <Name><![CDATA[spine1]]></Name>
                    <Exclude>0</Exclude>
                    <Additive>0</Additive>
                    <IKPriority>0</IKPriority>
                    <IKRotLimits>-1e+010 -1e+010 -1e+010 1e+010 1e+010 1e+010</IKRotLimits>
                    <IKRotLimitOrder>0</IKRotLimitOrder>
                    <KeyFrames count="65">
                        <i>-0.0791556 0.987777 0.134279 -0.854721 0.00207146 -0.519084 -0.513018 -0.155859 0.84411 2.98099 5.72041 5.30201</i>
                        <i>-0.0895117 0.988626 0.120858 -0.838477 -0.00930903 -0.544857 -0.537535 -0.150108 0.829773 2.98149 5.72091 5.30191</i>
                        <i>-0.100116 0.989322 0.105917 -0.819753 -0.0216851 -0.572307 -0.563899 -0.144123 0.81317 2.98205 5.72143 5.30181</i>
                        <i>-0.11048 0.989815 0.0897821 -0.79888 -0.0347009 -0.600489 -0.591257 -0.138067 0.794577 2.98266 5.72198 5.30172</i>
                        <i>-0.120194 0.990075 0.0728388 -0.77631 -0.0480035 -0.628521 -0.618787 -0.13209 0.774374 2.9833 5.72255 5.30164</i>
                        <i>-0.128938 0.990097 0.0555242 -0.752614 -0.0612448 -0.655607 -0.645714 -0.126321 0.753058 2.98396 5.72313 5.30157</i>
                        <i>-0.136491 0.9899 0.0383182 -0.728482 -0.0740828 -0.681047 -0.67133 -0.120871 0.731236 2.98462 5.72375 5.30152</i>
                        <i>-0.142731 0.989523 0.0217301 -0.704705 -0.0861828 -0.704247 -0.694995 -0.115831 0.709623 2.98527 5.72438 5.30148</i>
                        <i>-0.147627 0.989023 0.00628409 -0.682157 -0.0972176 -0.724714 -0.716148 -0.111274 0.689021 2.98587 5.72503 5.30144</i>
                        <i>-0.151223 0.988471 -0.00749348 -0.661769 -0.106867 -0.742052 -0.734298 -0.107256 0.6703 2.98642 5.7257 5.30142</i>
                        <i>-0.153617 0.987946 -0.019085 -0.644504 -0.114818 -0.755931 -0.74901 -0.103823 0.654373 2.98689 5.72639 5.3014</i>
                        <i>-0.154929 0.987529 -0.0279886 -0.631329 -0.120758 -0.766056 -0.759882 -0.101014 0.642164 2.98726 5.72709 5.30138</i>
                        <i>-0.155268 0.987297 -0.0337218 -0.623181 -0.124378 -0.772124 -0.76651 -0.0988714 0.634577 2.9875 5.7278 5.30135</i>
                        <i>-0.155077 0.987185 -0.0376515 -0.617968 -0.126671 -0.775931 -0.770757 -0.0970617 0.629693 2.98767 5.7285 5.30132</i>
                        <i>-0.154751 0.987083 -0.0414569 -0.613 -0.128842 -0.779507 -0.77478 -0.0952162 0.62502 2.98784 5.72917 5.30129</i>
                        <i>-0.154289 0.986994 -0.0451407 -0.60828 -0.130892 -0.782856 -0.778583 -0.0933279 0.620564 2.988 5.72978 5.30126</i>
                        <i>-0.153692 0.986918 -0.0487053 -0.603812 -0.13282 -0.785983 -0.78217 -0.0913902 0.616326 2.98816 5.73032 5.30122</i>
                        <i>-0.152958 0.986856 -0.0521536 -0.599601 -0.134627 -0.788894 -0.785546 -0.0893964 0.612312 2.98832 5.7308 5.30118</i>
                        <i>-0.152088 0.986808 -0.0554883 -0.59565 -0.136313 -0.791593 -0.788715 -0.0873398 0.608524 2.98848 5.7312 5.30114</i>
                        <i>-0.151079 0.986777 -0.0587126 -0.591962 -0.137879 -0.794085 -0.791679 -0.085214 0.604965 2.98863 5.7315 5.3011</i>
                        <i>-0.149757 0.98678 -0.0619577 -0.588544 -0.139322 -0.79637 -0.794474 -0.0827974 0.601627 2.98879 5.73172 5.30104</i>
                        <i>-0.148009 0.986827 -0.0653055 -0.5854 -0.14064 -0.798453 -0.79712 -0.0799483 0.598505 2.98896 5.73187 5.30097</i>
                        <i>-0.145927 0.986908 -0.0686865 -0.582532 -0.141837 -0.800337 -0.799601 -0.0767789 0.595603 2.98914 5.73194 5.30089</i>
                        <i>-0.143607 0.98701 -0.0720329 -0.57994 -0.142912 -0.802026 -0.801902 -0.0734017 0.592929 2.98932 5.73196 5.3008</i>
                        <i>-0.141143 0.987123 -0.075279 -0.577623 -0.143869 -0.803526 -0.804009 -0.069929 0.590491 2.98949 5.73192 5.30071</i>
                        <i>-0.138631 0.987239 -0.0783602 -0.575582 -0.144708 -0.804839 -0.805907 -0.0664732 0.588298 2.98966 5.73182 5.30062</i>
                        <i>-0.136169 0.987351 -0.0812132 -0.573816 -0.145431 -0.805968 -0.807585 -0.0631468 0.586361 2.98982 5.73169 5.30053</i>
                        <i>-0.133854 0.987454 -0.0837755 -0.572324 -0.14604 -0.806918 -0.809029 -0.0600621 0.584692 2.98997 5.73151 5.30044</i>
                        <i>-0.131781 0.987543 -0.0859851 -0.571106 -0.146536 -0.807691 -0.810229 -0.0573318 0.583302 2.9901 5.73131 5.30037</i>
                        <i>-0.130049 0.987614 -0.08778 -0.57016 -0.14692 -0.808289 -0.811175 -0.0550683 0.582205 2.9902 5.73107 5.30031</i>
                        <i>-0.128753 0.987666 -0.0890983 -0.569485 -0.147194 -0.808715 -0.811855 -0.0533845 0.581413 2.99028 5.73082 5.30026</i>
                        <i>-0.12799 0.987695 -0.0898773 -0.56908 -0.147358 -0.808971 -0.81226 -0.052393 0.580938 2.99033 5.73055 5.30023</i>
                        <i>-0.127768 0.987702 -0.0901142 -0.568944 -0.147413 -0.809056 -0.81239 -0.0521018 0.580782 2.99034 5.73027 5.30023</i>
                        <i>-0.127992 0.987694 -0.0898758 -0.56908 -0.147358 -0.808971 -0.81226 -0.0523956 0.580938 2.99033 5.72998 5.30023</i>
                        <i>-0.128603 0.987676 -0.0892033 -0.569489 -0.147192 -0.808713 -0.811877 -0.0532025 0.581399 2.99029 5.7297 5.30026</i>
                        <i>-0.129538 0.98765 -0.0881368 -0.570171 -0.146913 -0.808283 -0.811249 -0.0544508 0.58216 2.99023 5.72942 5.30029</i>
                        <i>-0.130738 0.987617 -0.0867162 -0.571127 -0.146521 -0.807679 -0.810383 -0.0560686 0.583211 2.99014 5.72915 5.30033</i>
                        <i>-0.13214 0.987581 -0.084981 -0.572359 -0.146016 -0.806898 -0.809286 -0.0579842 0.584546 2.99005 5.7289 5.30038</i>
                        <i>-0.133683 0.987545 -0.0829704 -0.573866 -0.145396 -0.805939 -0.807965 -0.0601262 0.586155 2.98993 5.72867 5.30044</i>
                        <i>-0.135303 0.98751 -0.080724 -0.575649 -0.14466 -0.804799 -0.806425 -0.0624229 0.588032 2.98981 5.72847 5.30049</i>
                        <i>-0.136939 0.987482 -0.0782816 -0.577707 -0.143808 -0.803476 -0.804675 -0.064803 0.590168 2.98968 5.72831 5.30055</i>
                        <i>-0.138528 0.987462 -0.0756836 -0.580041 -0.142838 -0.801966 -0.802722 -0.0671949 0.592556 2.98954 5.72817 5.30061</i>
                        <i>-0.140008 0.987458 -0.0729709 -0.58265 -0.14175 -0.800266 -0.800573 -0.0695272 0.595188 2.9894 5.72809 5.30067</i>
                        <i>-0.141318 0.987473 -0.0701856 -0.585532 -0.140541 -0.798373 -0.798236 -0.0717285 0.598059 2.98926 5.72805 5.30072</i>
                        <i>-0.142673 0.987488 -0.0671675 -0.588683 -0.139216 -0.796286 -0.795674 -0.0740685 0.60118 2.98911 5.72803 5.30077</i>
                        <i>-0.144274 0.987481 -0.0637625 -0.592095 -0.137776 -0.794003 -0.792848 -0.0768006 0.60456 2.98893 5.72801 5.30083</i>
                        <i>-0.146034 0.987457 -0.0600237 -0.595767 -0.136221 -0.791521 -0.789769 -0.0798291 0.608187 2.98875 5.72799 5.30091</i>
                        <i>-0.14787 0.98742 -0.0560053 -0.599699 -0.134549 -0.788833 -0.786445 -0.0830586 0.61205 2.98855 5.72796 5.30098</i>
                        <i>-0.149697 0.987376 -0.0517627 -0.603888 -0.132758 -0.785935 -0.782886 -0.0863932 0.616138 2.98834 5.72794 5.30106</i>
                        <i>-0.151432 0.987333 -0.0473531 -0.608333 -0.130847 -0.782821 -0.779101 -0.0897375 0.620442 2.98813 5.7279 5.30114</i>
                        <i>-0.152992 0.987299 -0.0428353 -0.613033 -0.128815 -0.779486 -0.775103 -0.0929957 0.624954 2.98791 5.72787 5.30122</i>
                        <i>-0.154297 0.987283 -0.0382705 -0.617983 -0.126659 -0.775922 -0.770902 -0.0960723 0.629667 2.9877 5.72784 5.30129</i>
                        <i>-0.155268 0.987297 -0.0337218 -0.623181 -0.124378 -0.772124 -0.76651 -0.0988714 0.634577 2.9875 5.7278 5.30135</i>
                        <i>-0.15562 0.987436 -0.0274211 -0.631316 -0.120769 -0.766064 -0.759751 -0.101904 0.642179 2.98723 5.72765 5.30141</i>
                        <i>-0.15497 0.987756 -0.0179347 -0.644481 -0.114839 -0.755947 -0.748751 -0.105591 0.654387 2.98683 5.7273 5.30146</i>
                        <i>-0.153065 0.988199 -0.00585583 -0.661739 -0.106896 -0.742075 -0.733943 -0.109711 0.670292 2.98634 5.72678 5.3015</i>
                        <i>-0.149778 0.988685 0.0083012 -0.682124 -0.0972511 -0.72474 -0.715733 -0.114212 0.688972 2.98578 5.72613 5.30155</i>
                        <i>-0.145079 0.989127 0.0240706 -0.704673 -0.0862187 -0.704274 -0.694542 -0.119138 0.70952 2.98516 5.72538 5.30159</i>
                        <i>-0.138911 0.98946 0.0408947 -0.728453 -0.0741188 -0.681075 -0.670866 -0.124399 0.731071 2.98452 5.72457 5.30165</i>
                        <i>-0.131293 0.989633 0.0582135 -0.752589 -0.0612784 -0.655633 -0.645269 -0.129891 0.752832 2.98386 5.72374 5.30171</i>
                        <i>-0.122345 0.989613 0.0754783 -0.77629 -0.0480326 -0.628543 -0.618389 -0.135492 0.774104 2.98321 5.72292 5.30177</i>
                        <i>-0.112288 0.989392 0.0921682 -0.798866 -0.0347237 -0.600505 -0.590935 -0.141059 0.794291 2.98258 5.72214 5.30184</i>
                        <i>-0.101446 0.988983 0.107804 -0.819745 -0.0217005 -0.572318 -0.563673 -0.146431 0.812915 2.98199 5.72144 5.3019</i>
                        <i>-0.0902371 0.988424 0.121963 -0.838474 -0.00931651 -0.544862 -0.537418 -0.151429 0.829609 2.98146 5.72085 5.30196</i>
                        <i>-0.0791556 0.987777 0.134279 -0.854721 0.00207146 -0.519084 -0.513018 -0.155859 0.84411 2.98099 5.72041 5.30201</i>
                    </KeyFrames>
                </p>
            </i>
            <i>
                <p>
                    <Name><![CDATA[spine2]]></Name>
                    <Exclude>0</Exclude>
                    <Additive>0</Additive>
                    <IKPriority>0</IKPriority>
                    <IKRotLimits>-1e+010 -1e+010 -1e+010 1e+010 1e+010 1e+010</IKRotLimits>
                    <IKRotLimitOrder>0</IKRotLimitOrder>
                    <KeyFrames count="65">
                        <i>-0.190572 0.939451 0.284807 -0.786419 0.0275469 -0.617079 -0.587561 -0.341575 0.733552 2.96835 5.87664 5.3232</i>
                        <i>-0.208349 0.94188 0.263537 -0.760001 0.0136912 -0.649778 -0.615621 -0.335669 0.712977 2.96721 5.87725 5.32096</i>
                        <i>-0.226597 0.944044 0.239656 -0.729507 -0.00146902 -0.683972 -0.645347 -0.329817 0.68902 2.96608 5.87787 5.31849</i>
                        <i>-0.244484 0.945817 0.213674 -0.695506 -0.017505 -0.718307 -0.675647 -0.324227 0.662101 2.96504 5.87849 5.31584</i>
                        <i>-0.261302 0.947124 0.186218 -0.658771 -0.0339777 -0.751576 -0.705508 -0.319063 0.632816 2.96414 5.87909 5.31307</i>
                        <i>-0.276494 0.947936 0.158015 -0.620282 -0.0504436 -0.782755 -0.734031 -0.31444 0.601935 2.96341 5.87968 5.31025</i>
                        <i>-0.289671 0.948274 0.129874 -0.581201 -0.0664618 -0.811041 -0.760458 -0.310418 0.57039 2.96287 5.88026 5.30746</i>
                        <i>-0.300615 0.948204 0.102664 -0.542841 -0.0816002 -0.835862 -0.78419 -0.307003 0.539254 2.96252 5.88084 5.30478</i>
                        <i>-0.309268 0.94783 0.0772808 -0.506619 -0.0954404 -0.856871 -0.804792 -0.304155 0.509705 2.96235 5.88142 5.30229</i>
                        <i>-0.315703 0.947284 0.0546264 -0.474014 -0.10758 -0.873921 -0.821974 -0.301793 0.48299 2.96232 5.88201 5.30008</i>
                        <i>-0.320091 0.946718 0.0355856 -0.446524 -0.117631 -0.887006 -0.835559 -0.299812 0.460385 2.96241 5.88262 5.29822</i>
                        <i>-0.322642 0.946288 0.0210141 -0.425623 -0.125217 -0.896195 -0.845427 -0.298094 0.443162 2.96256 5.88326 5.29678</i>
                        <i>-0.323546 0.94614 0.0117316 -0.412735 -0.129962 -0.901532 -0.851451 -0.296529 0.432553 2.96275 5.88394 5.29584</i>
                        <i>-0.323567 0.946189 0.0054697 -0.404504 -0.133097 -0.904799 -0.855383 -0.294976 0.425803 2.96295 5.88462 5.29519</i>
                        <i>-0.323383 0.946268 -0.000569695 -0.396671 -0.136107 -0.907814 -0.859113 -0.293346 0.419372 2.96317 5.88527 5.29455</i>
                        <i>-0.322995 0.946379 -0.00638912 -0.389242 -0.138994 -0.910588 -0.86265 -0.291628 0.413265 2.9634 5.88587 5.29393</i>
                        <i>-0.322404 0.946526 -0.0119914 -0.382221 -0.14176 -0.913133 -0.866004 -0.289814 0.407486 2.96366 5.88641 5.29333</i>
                        <i>-0.321612 0.946712 -0.0173796 -0.375614 -0.144407 -0.915457 -0.869184 -0.287894 0.402041 2.96393 5.88687 5.29275</i>
                        <i>-0.320619 0.94694 -0.022557 -0.369424 -0.146938 -0.91757 -0.872198 -0.285857 0.396934 2.96423 5.88726 5.29217</i>
                        <i>-0.319424 0.947212 -0.0275271 -0.363656 -0.149356 -0.919482 -0.875056 -0.283695 0.392167 2.96454 5.88756 5.29162</i>
                        <i>-0.317798 0.947603 -0.0324544 -0.358321 -0.15172 -0.921188 -0.877844 -0.281122 0.387762 2.96491 5.88778 5.29105</i>
                        <i>-0.315589 0.948157 -0.0374412 -0.353427 -0.154072 -0.922687 -0.880621 -0.277957 0.383727 2.96535 5.88793 5.29044</i>
                        <i>-0.312922 0.948832 -0.0424006 -0.348973 -0.156381 -0.923993 -0.883344 -0.274341 0.380052 2.96586 5.88802 5.28983</i>
                        <i>-0.309922 0.949587 -0.047248 -0.344961 -0.158617 -0.925118 -0.885974 -0.270416 0.376729 2.96641 5.88805 5.28921</i>
                        <i>-0.306716 0.950385 -0.0519011 -0.341387 -0.160749 -0.926075 -0.888471 -0.266324 0.373753 2.96697 5.88803 5.2886</i>
                        <i>-0.303433 0.951189 -0.0562792 -0.338249 -0.162743 -0.926878 -0.890795 -0.262209 0.37112 2.96754 5.88795 5.28802</i>
                        <i>-0.300202 0.951968 -0.0603031 -0.335544 -0.164569 -0.927538 -0.89291 -0.258215 0.368831 2.96809 5.88783 5.28748</i>
                        <i>-0.297154 0.952689 -0.0638942 -0.333267 -0.166193 -0.928069 -0.894781 -0.254486 0.366885 2.9686 5.88767 5.28699</i>
                        <i>-0.294419 0.953327 -0.0669748 -0.331415 -0.167581 -0.928483 -0.896371 -0.251167 0.365286 2.96906 5.88748 5.28656</i>
                        <i>-0.292129 0.953853 -0.0694669 -0.329982 -0.168703 -0.92879 -0.897648 -0.248404 0.364037 2.96944 5.88725 5.28622</i>
                        <i>-0.290414 0.954242 -0.0712926 -0.328961 -0.169523 -0.929003 -0.898579 -0.246343 0.363141 2.96972 5.887 5.28596</i>
                        <i>-0.289404 0.954467 -0.0723731 -0.328349 -0.170011 -0.929131 -0.899129 -0.245131 0.3626 2.96989 5.88674 5.28581</i>
                        <i>-0.289111 0.954531 -0.0727046 -0.328143 -0.170162 -0.929176 -0.899298 -0.244777 0.362418 2.96994 5.88646 5.28577</i>
                        <i>-0.289407 0.954466 -0.0723712 -0.328349 -0.17001 -0.929131 -0.899128 -0.245134 0.3626 2.96989 5.88617 5.28581</i>
                        <i>-0.290213 0.954293 -0.0714245 -0.328969 -0.169575 -0.928991 -0.898641 -0.246109 0.363146 2.96975 5.88589 5.28594</i>
                        <i>-0.291447 0.954029 -0.0699151 -0.330008 -0.168877 -0.928749 -0.897861 -0.247608 0.364056 2.96954 5.8856 5.28614</i>
                        <i>-0.293025 0.953691 -0.067893 -0.331468 -0.167937 -0.9284 -0.896808 -0.24954 0.365328 2.96927 5.88533 5.28641</i>
                        <i>-0.294865 0.953298 -0.0654077 -0.333353 -0.166777 -0.927934 -0.895506 -0.251811 0.366961 2.96895 5.88508 5.28673</i>
                        <i>-0.296883 0.952866 -0.0625087 -0.335665 -0.165417 -0.927344 -0.893974 -0.25433 0.368953 2.9686 5.88484 5.28711</i>
                        <i>-0.298994 0.952414 -0.0592453 -0.338408 -0.163878 -0.92662 -0.892235 -0.257004 0.371303 2.96822 5.88464 5.28752</i>
                        <i>-0.301114 0.951962 -0.0556676 -0.341582 -0.16218 -0.925753 -0.89031 -0.259742 0.374008 2.96783 5.88447 5.28797</i>
                        <i>-0.30316 0.951529 -0.0518261 -0.34519 -0.160345 -0.924734 -0.888222 -0.262453 0.377069 2.96744 5.88433 5.28844</i>
                        <i>-0.305048 0.951138 -0.0477722 -0.349234 -0.158393 -0.923552 -0.885992 -0.265044 0.380487 2.96706 5.88425 5.28893</i>
                        <i>-0.306696 0.95081 -0.0435586 -0.353712 -0.156342 -0.922196 -0.883643 -0.267427 0.384263 2.96671 5.88421 5.28942</i>
                        <i>-0.30839 0.950461 -0.0389841 -0.358614 -0.15412 -0.920675 -0.881074 -0.269947 0.388377 2.96635 5.8842 5.28995</i>
                        <i>-0.310393 0.950005 -0.0338557 -0.363929 -0.151656 -0.918997 -0.878187 -0.27293 0.392807 2.96592 5.88418 5.29055</i>
                        <i>-0.312592 0.949468 -0.0282402 -0.369658 -0.148981 -0.917147 -0.875008 -0.276253 0.397548 2.96546 5.88415 5.29122</i>
                        <i>-0.31487 0.948875 -0.0222055 -0.375803 -0.14612 -0.915107 -0.871567 -0.279795 0.402599 2.96497 5.88412 5.29194</i>
                        <i>-0.317115 0.948255 -0.0158217 -0.382364 -0.143101 -0.912864 -0.867892 -0.283433 0.407958 2.96447 5.88408 5.29269</i>
                        <i>-0.319214 0.947638 -0.00916052 -0.38934 -0.13995 -0.9104 -0.864012 -0.287046 0.413627 2.96398 5.88404 5.29347</i>
                        <i>-0.321058 0.947057 -0.00229624 -0.396729 -0.136694 -0.907701 -0.859958 -0.290513 0.419612 2.96352 5.88401 5.29426</i>
                        <i>-0.322537 0.946545 0.00469442 -0.404528 -0.133357 -0.90475 -0.855761 -0.293715 0.425917 2.96311 5.88397 5.29506</i>
                        <i>-0.323546 0.94614 0.0117316 -0.412735 -0.129962 -0.901532 -0.851451 -0.296529 0.432553 2.96275 5.88394 5.29584</i>
                        <i>-0.323554 0.94596 0.0217251 -0.425604 -0.124989 -0.896236 -0.845088 -0.299227 0.443045 2.96242 5.88381 5.2969</i>
                        <i>-0.321877 0.946057 0.0370276 -0.44649 -0.11719 -0.887081 -0.83489 -0.302063 0.460126 2.96213 5.8835 5.29846</i>
                        <i>-0.318134 0.94635 0.0566809 -0.473976 -0.106988 -0.874014 -0.821059 -0.304919 0.482583 2.96195 5.88305 5.30042</i>
                        <i>-0.312106 0.946689 0.0798133 -0.506584 -0.094762 -0.856968 -0.803718 -0.307896 0.509153 2.96191 5.88247 5.30271</i>
                        <i>-0.303714 0.946893 0.105604 -0.542814 -0.0808756 -0.83595 -0.783014 -0.311213 0.538549 2.96205 5.88179 5.30527</i>
                        <i>-0.292864 0.946843 0.133112 -0.581185 -0.0657341 -0.811112 -0.759246 -0.314908 0.569543 2.96238 5.88103 5.30799</i>
                        <i>-0.279602 0.946454 0.161394 -0.620279 -0.0497558 -0.782802 -0.732855 -0.318982 0.600977 2.96293 5.88022 5.31081</i>
                        <i>-0.264141 0.945678 0.189534 -0.658779 -0.0333703 -0.751596 -0.704443 -0.323388 0.631807 2.96371 5.87939 5.31361</i>
                        <i>-0.24687 0.944515 0.216669 -0.695522 -0.0170133 -0.718304 -0.674763 -0.328026 0.661131 2.96468 5.87859 5.31633</i>
                        <i>-0.228354 0.943016 0.242023 -0.729525 -0.0011217 -0.683953 -0.644707 -0.332745 0.68821 2.96581 5.87783 5.31888</i>
                        <i>-0.209308 0.94128 0.264921 -0.760014 0.0138725 -0.649758 -0.615279 -0.337343 0.712482 2.96706 5.87717 5.32119</i>
                        <i>-0.190572 0.939451 0.284807 -0.786419 0.0275469 -0.617079 -0.587561 -0.341575 0.733552 2.96835 5.87664 5.3232</i>
                    </KeyFrames>
                </p>
            </i>
            <i>
                <p>
                    <Name><![CDATA[head]]></Name>
                    <Exclude>0</Exclude>
                    <Additive>0</Additive>
                    <IKPriority>0</IKPriority>
                    <IKRotLimits>-1e+010 -1e+010 -1e+010 1e+010 1e+010 1e+010</IKRotLimits>
                    <IKRotLimitOrder>0</IKRotLimitOrder>
                    <KeyFrames count="65">
                        <i>-0.0693502 0.990054 0.122409 0.297447 0.137644 -0.944764 -0.952217 -0.0291095 -0.304034 2.92399 6.12184 5.38968</i>
                        <i>-0.0733066 0.992901 0.0936673 0.417761 0.115854 -0.90114 -0.905595 -0.026929 -0.423288 2.91855 6.12302 5.38215</i>
                        <i>-0.0734049 0.995198 0.064756 0.541229 0.09429 -0.835572 -0.837665 -0.0262872 -0.545552 2.91303 6.12413 5.37375</i>
