<?xml version="1.0" encoding="ISO-8859-1" ?>
<Animl Version="1">
    <ModellingPackage><![CDATA[Maya.2010]]></ModellingPackage>
    <SrcFile><![CDATA[anims\turrets\antiair\blue\~src\aa_patriot\aa_patriot_fire_crewman_a.mb]]></SrcFile>
    <FramesPerSecond>30</FramesPerSecond>
    <TotalFrames>49</TotalFrames>
    <Skeleton>
        <RefFrame>
            <Name><![CDATA[soldier_ref_frame]]></Name>
            <Exclude>0</Exclude>
            <Additive>0</Additive>
            <IKPriority>0</IKPriority>
            <IKRotLimits>-1e+010 -1e+010 -1e+010 1e+010 1e+010 1e+010</IKRotLimits>
            <IKRotLimitOrder>0</IKRotLimitOrder>
            <KeyFrames count="49">
                <i>1 0 0 0 1 0 0 0 1 3.62 6.17 -0.98</i>
                <i>1 0 0 0 1 0 0 0 1 3.62 6.17 -0.98</i>
                <i>1 0 0 0 1 0 0 0 1 3.62 6.17 -0.98</i>
                <i>1 0 0 0 1 0 0 0 1 3.62 6.17 -0.98</i>
                <i>1 0 0 0 1 0 0 0 1 3.62 6.17 -0.98</i>
                <i>1 0 0 0 1 0 0 0 1 3.62 6.17 -0.98</i>
                <i>1 0 0 0 1 0 0 0 1 3.62 6.17 -0.98</i>
                <i>1 0 0 0 1 0 0 0 1 3.62 6.17 -0.98</i>
                <i>1 0 0 0 1 0 0 0 1 3.62 6.17 -0.98</i>
                <i>1 0 0 0 1 0 0 0 1 3.62 6.17 -0.98</i>
                <i>1 0 0 0 1 0 0 0 1 3.62 6.17 -0.98</i>
                <i>1 0 0 0 1 0 0 0 1 3.62 6.17 -0.98</i>
                <i>1 0 0 0 1 0 0 0 1 3.62 6.17 -0.98</i>
                <i>1 0 0 0 1 0 0 0 1 3.62 6.17 -0.98</i>
                <i>1 0 0 0 1 0 0 0 1 3.62 6.17 -0.98</i>
                <i>1 0 0 0 1 0 0 0 1 3.62 6.17 -0.98</i>
                <i>1 0 0 0 1 0 0 0 1 3.62 6.17 -0.98</i>
                <i>1 0 0 0 1 0 0 0 1 3.62 6.17 -0.98</i>
                <i>1 0 0 0 1 0 0 0 1 3.62 6.17 -0.98</i>
                <i>1 0 0 0 1 0 0 0 1 3.62 6.17 -0.98</i>
                <i>1 0 0 0 1 0 0 0 1 3.62 6.17 -0.98</i>
                <i>1 0 0 0 1 0 0 0 1 3.62 6.17 -0.98</i>
                <i>1 0 0 0 1 0 0 0 1 3.62 6.17 -0.98</i>
                <i>1 0 0 0 1 0 0 0 1 3.62 6.17 -0.98</i>
                <i>1 0 0 0 1 0 0 0 1 3.62 6.17 -0.98</i>
                <i>1 0 0 0 1 0 0 0 1 3.62 6.17 -0.98</i>
                <i>1 0 0 0 1 0 0 0 1 3.62 6.17 -0.98</i>
                <i>1 0 0 0 1 0 0 0 1 3.62 6.17 -0.98</i>
                <i>1 0 0 0 1 0 0 0 1 3.62 6.17 -0.98</i>
                <i>1 0 0 0 1 0 0 0 1 3.62 6.17 -0.98</i>
                <i>1 0 0 0 1 0 0 0 1 3.62 6.17 -0.98</i>
                <i>1 0 0 0 1 0 0 0 1 3.62 6.17 -0.98</i>
                <i>1 0 0 0 1 0 0 0 1 3.62 6.17 -0.98</i>
                <i>1 0 0 0 1 0 0 0 1 3.62 6.17 -0.98</i>
                <i>1 0 0 0 1 0 0 0 1 3.62 6.17 -0.98</i>
                <i>1 0 0 0 1 0 0 0 1 3.62 6.17 -0.98</i>
                <i>1 0 0 0 1 0 0 0 1 3.62 6.17 -0.98</i>
                <i>1 0 0 0 1 0 0 0 1 3.62 6.17 -0.98</i>
                <i>1 0 0 0 1 0 0 0 1 3.62 6.17 -0.98</i>
                <i>1 0 0 0 1 0 0 0 1 3.62 6.17 -0.98</i>
                <i>1 0 0 0 1 0 0 0 1 3.62 6.17 -0.98</i>
                <i>1 0 0 0 1 0 0 0 1 3.62 6.17 -0.98</i>
                <i>1 0 0 0 1 0 0 0 1 3.62 6.17 -0.98</i>
                <i>1 0 0 0 1 0 0 0 1 3.62 6.17 -0.98</i>
                <i>1 0 0 0 1 0 0 0 1 3.62 6.17 -0.98</i>
                <i>1 0 0 0 1 0 0 0 1 3.62 6.17 -0.98</i>
                <i>1 0 0 0 1 0 0 0 1 3.62 6.17 -0.98</i>
                <i>1 0 0 0 1 0 0 0 1 3.62 6.17 -0.98</i>
                <i>1 0 0 0 1 0 0 0 1 3.62 6.17 -0.98</i>
            </KeyFrames>
        </RefFrame>
        <Bones count="23">
            <i>
                <p>
                    <Name><![CDATA[pelvis]]></Name>
                    <Exclude>0</Exclude>
                    <Additive>0</Additive>
                    <IKPriority>0</IKPriority>
                    <IKRotLimits>-1e+010 -1e+010 -1e+010 1e+010 1e+010 1e+010</IKRotLimits>
                    <IKRotLimitOrder>2</IKRotLimitOrder>
                    <KeyFrames count="49">
                        <i>1 0 0 0 1 0 0 0 1 3.67346 7.30893 -0.98</i>
                        <i>1 0 0 0 1 0 0 0 1 3.67346 7.26389 -0.98</i>
                        <i>1 0 0 0 1 0 0 0 1 3.67346 7.21934 -0.98</i>
                        <i>1 0 0 0 1 0 0 0 1 3.67346 7.19145 -0.98</i>
                        <i>1 0 0 0 1 0 0 0 1 3.67346 7.18787 -0.98</i>
                        <i>1 0 0 0 1 0 0 0 1 3.67346 7.1881 -0.98</i>
                        <i>1 0 0 0 1 0 0 0 1 3.67346 7.19114 -0.98</i>
                        <i>1 0 0 0 1 0 0 0 1 3.67346 7.196 -0.98</i>
                        <i>1 0 0 0 1 0 0 0 1 3.67346 7.20167 -0.98</i>
                        <i>1 0 0 0 1 0 0 0 1 3.67346 7.20714 -0.98</i>
                        <i>1 0 0 0 1 0 0 0 1 3.67346 7.21143 -0.98</i>
                        <i>1 0 0 0 1 0 0 0 1 3.67346 7.21478 -0.98</i>
                        <i>1 0 0 0 1 0 0 0 1 3.67346 7.21842 -0.98</i>
                        <i>1 0 0 0 1 0 0 0 1 3.67346 7.22279 -0.98</i>
                        <i>1 0 0 0 1 0 0 0 1 3.67346 7.22832 -0.98</i>
                        <i>1 0 0 0 1 0 0 0 1 3.67346 7.23516 -0.98</i>
                        <i>1 0 0 0 1 0 0 0 1 3.67346 7.24291 -0.98</i>
                        <i>1 0 0 0 1 0 0 0 1 3.67346 7.2511 -0.98</i>
                        <i>1 0 0 0 1 0 0 0 1 3.67346 7.2593 -0.98</i>
                        <i>1 0 0 0 1 0 0 0 1 3.67346 7.26706 -0.98</i>
                        <i>1 0 0 0 1 0 0 0 1 3.67346 7.27394 -0.98</i>
                        <i>1 0 0 0 1 0 0 0 1 3.67346 7.28058 -0.98</i>
                        <i>1 0 0 0 1 0 0 0 1 3.67346 7.28772 -0.98</i>
                        <i>1 0 0 0 1 0 0 0 1 3.67346 7.29508 -0.98</i>
                        <i>1 0 0 0 1 0 0 0 1 3.67346 7.30238 -0.98</i>
                        <i>1 0 0 0 1 0 0 0 1 3.67346 7.30933 -0.98</i>
                        <i>1 0 0 0 1 0 0 0 1 3.67346 7.31565 -0.98</i>
                        <i>1 0 0 0 1 0 0 0 1 3.67346 7.32106 -0.98</i>
                        <i>1 0 0 0 1 0 0 0 1 3.67346 7.32527 -0.98</i>
                        <i>1 0 0 0 1 0 0 0 1 3.67346 7.32801 -0.98</i>
                        <i>1 0 0 0 1 0 0 0 1 3.67346 7.32898 -0.98</i>
                        <i>1 0 0 0 1 0 0 0 1 3.67346 7.32886 -0.98</i>
                        <i>1 0 0 0 1 0 0 0 1 3.67346 7.32851 -0.98</i>
                        <i>1 0 0 0 1 0 0 0 1 3.67346 7.32796 -0.98</i>
                        <i>1 0 0 0 1 0 0 0 1 3.67346 7.32722 -0.98</i>
                        <i>1 0 0 0 1 0 0 0 1 3.67346 7.32632 -0.98</i>
                        <i>1 0 0 0 1 0 0 0 1 3.67346 7.32527 -0.98</i>
                        <i>1 0 0 0 1 0 0 0 1 3.67346 7.3241 -0.98</i>
                        <i>1 0 0 0 1 0 0 0 1 3.67346 7.32282 -0.98</i>
                        <i>1 0 0 0 1 0 0 0 1 3.67346 7.32146 -0.98</i>
                        <i>1 0 0 0 1 0 0 0 1 3.67346 7.32004 -0.98</i>
                        <i>1 0 0 0 1 0 0 0 1 3.67346 7.31858 -0.98</i>
                        <i>1 0 0 0 1 0 0 0 1 3.67346 7.3171 -0.98</i>
                        <i>1 0 0 0 1 0 0 0 1 3.67346 7.31562 -0.98</i>
                        <i>1 0 0 0 1 0 0 0 1 3.67346 7.31416 -0.98</i>
                        <i>1 0 0 0 1 0 0 0 1 3.67346 7.31274 -0.98</i>
                        <i>1 0 0 0 1 0 0 0 1 3.67346 7.31138 -0.98</i>
                        <i>1 0 0 0 1 0 0 0 1 3.67346 7.3101 -0.98</i>
                        <i>1 0 0 0 1 0 0 0 1 3.67346 7.30893 -0.98</i>
                    </KeyFrames>
                </p>
            </i>
            <i>
                <p>
                    <Name><![CDATA[spine0]]></Name>
                    <Exclude>0</Exclude>
                    <Additive>0</Additive>
                    <IKPriority>0</IKPriority>
                    <IKRotLimits>-1e+010 -1e+010 -1e+010 1e+010 1e+010 1e+010</IKRotLimits>
                    <IKRotLimitOrder>0</IKRotLimitOrder>
                    <KeyFrames count="49">
                        <i>-0.0813706 0.996132 0.0331553 -0.377339 0 -0.926075 -0.922493 -0.0878661 0.37588 3.69987 7.44994 -0.990762</i>
                        <i>-0.00888029 0.999954 0.00361837 -0.377339 -4.44089e-016 -0.926075 -0.926033 -0.00958917 0.377322 3.71756 7.39964 -0.997969</i>
                        <i>-0.0430678 0.998918 0.0175485 -0.377339 2.22045e-016 -0.926075 -0.925073 -0.0465058 0.376931 3.70929 7.3579 -0.9946</i>
                        <i>-0.082488 0.996025 0.0336106 -0.377339 0 -0.926075 -0.922394 -0.0890727 0.375839 3.69987 7.33246 -0.990762</i>
                        <i>-0.0930639 0.994938 0.0379199 -0.377339 0 -0.926075 -0.921387 -0.100493 0.375429 3.6984 7.32919 -0.990163</i>
                        <i>-0.0981576 0.994367 0.0399954 -0.377339 -2.22045e-016 -0.926075 -0.920858 -0.105993 0.375214 3.69783 7.32953 -0.989929</i>
                        <i>-0.0992099 0.994245 0.0404242 -0.377339 2.22045e-016 -0.926075 -0.920746 -0.107129 0.375168 3.69791 7.33256 -0.989963</i>
                        <i>-0.0976543 0.994425 0.0397903 -0.377339 0 -0.926075 -0.920912 -0.10545 0.375235 3.6984 7.33732 -0.990163</i>
                        <i>-0.0949221 0.994733 0.038677 -0.377339 0 -0.926075 -0.921198 -0.102499 0.375352 3.69906 7.34285 -0.990429</i>
                        <i>-0.0924461 0.995005 0.0376681 -0.377339 0 -0.926075 -0.921449 -0.0998257 0.375454 3.69963 7.3482 -0.990662</i>
                        <i>-0.0916611 0.99509 0.0373483 -0.377339 0 -0.926075 -0.921528 -0.0989781 0.375486 3.69987 7.35243 -0.990762</i>
                        <i>-0.0915457 0.995102 0.0373013 -0.377339 -2.22045e-016 -0.926075 -0.921539 -0.0988535 0.375491 3.69987 7.35578 -0.990762</i>
                        <i>-0.0905462 0.995209 0.036894 -0.377339 -6.66134e-016 -0.926075 -0.921638 -0.0977741 0.375531 3.69987 7.35943 -0.990762</i>
                        <i>-0.0892995 0.99534 0.036386 -0.377339 -4.44089e-016 -0.926075 -0.92176 -0.0964279 0.375581 3.69987 7.3638 -0.990762</i>
                        <i>-0.0884426 0.995429 0.0360369 -0.377339 -2.22045e-016 -0.926075 -0.921842 -0.0955026 0.375614 3.69987 7.36932 -0.990762</i>
                        <i>-0.0880356 0.995471 0.0358711 -0.377339 -6.66134e-016 -0.926075 -0.921881 -0.0950631 0.37563 3.69987 7.37617 -0.990762</i>
                        <i>-0.0877113 0.995505 0.0357389 -0.377339 -2.22045e-016 -0.926075 -0.921912 -0.094713 0.375643 3.69987 7.38391 -0.990762</i>
                        <i>-0.0874659 0.99553 0.0356389 -0.377339 -2.22045e-016 -0.926075 -0.921935 -0.094448 0.375652 3.69987 7.39211 -0.990762</i>
                        <i>-0.0872954 0.995547 0.0355695 -0.377339 -2.22045e-016 -0.926075 -0.921952 -0.0942639 0.375659 3.69987 7.40031 -0.990762</i>
                        <i>-0.087196 0.995557 0.0355289 -0.377339 -2.22045e-016 -0.926075 -0.921961 -0.0941565 0.375663 3.69987 7.40807 -0.990762</i>
                        <i>-0.0871637 0.995561 0.0355158 -0.377339 -2.22045e-016 -0.926075 -0.921964 -0.0941216 0.375664 3.69987 7.41495 -0.990762</i>
                        <i>-0.0870548 0.995572 0.0354714 -0.377339 2.22045e-016 -0.926075 -0.921974 -0.0940041 0.375668 3.69987 7.42159 -0.990762</i>
                        <i>-0.0867565 0.995602 0.0353499 -0.377339 3.33067e-016 -0.926075 -0.922002 -0.0936819 0.37568 3.69987 7.42873 -0.990762</i>
                        <i>-0.0863109 0.995647 0.0351683 -0.377339 2.22045e-016 -0.926075 -0.922044 -0.0932008 0.375697 3.69987 7.43609 -0.990762</i>
                        <i>-0.0857602 0.995703 0.0349439 -0.377339 -2.22045e-016 -0.926075 -0.922096 -0.0926061 0.375718 3.69987 7.44338 -0.990762</i>
                        <i>-0.0851467 0.995764 0.034694 -0.377339 0 -0.926075 -0.922152 -0.0919437 0.375741 3.69987 7.45033 -0.990762</i>
                        <i>-0.0845126 0.995827 0.0344356 -0.377339 0 -0.926075 -0.922211 -0.0912589 0.375765 3.69987 7.45665 -0.990762</i>
                        <i>-0.0839 0.995888 0.034186 -0.377339 -4.44089e-016 -0.926075 -0.922267 -0.0905974 0.375787 3.69987 7.46206 -0.990762</i>
                        <i>-0.0833511 0.995941 0.0339623 -0.377339 -2.22045e-016 -0.926075 -0.922316 -0.0900047 0.375808 3.69987 7.46628 -0.990762</i>
                        <i>-0.0829081 0.995984 0.0337818 -0.377339 1.11022e-016 -0.926075 -0.922356 -0.0895264 0.375824 3.69987 7.46901 -0.990762</i>
                        <i>-0.0826132 0.996013 0.0336616 -0.377339 -6.66134e-016 -0.926075 -0.922383 -0.0892079 0.375835 3.69987 7.46999 -0.990762</i>
                        <i>-0.0824213 0.996032 0.0335834 -0.377339 -2.22045e-016 -0.926075 -0.9224 -0.0890006 0.375842 3.69987 7.46987 -0.990762</i>
                        <i>-0.0822574 0.996047 0.0335166 -0.377339 0 -0.926075 -0.922415 -0.0888237 0.375848 3.69987 7.46952 -0.990762</i>
                        <i>-0.082119 0.996061 0.0334603 -0.377339 -6.66134e-016 -0.926075 -0.922427 -0.0886742 0.375853 3.69987 7.46896 -0.990762</i>
                        <i>-0.0820036 0.996072 0.0334133 -0.377339 -2.22045e-016 -0.926075 -0.922437 -0.0885496 0.375857 3.69987 7.46823 -0.990762</i>
                        <i>-0.0819086 0.996081 0.0333746 -0.377339 4.44089e-016 -0.926075 -0.922446 -0.0884471 0.37586 3.69987 7.46732 -0.990762</i>
                        <i>-0.0818315 0.996088 0.0333431 -0.377339 -2.22045e-016 -0.926075 -0.922453 -0.0883638 0.375863 3.69987 7.46627 -0.990762</i>
                        <i>-0.0817697 0.996094 0.033318 -0.377339 -2.22045e-016 -0.926075 -0.922458 -0.0882971 0.375865 3.69987 7.4651 -0.990762</i>
                        <i>-0.0817207 0.996099 0.033298 -0.377339 -2.22045e-016 -0.926075 -0.922462 -0.0882441 0.375867 3.69987 7.46383 -0.990762</i>
                        <i>-0.0816819 0.996103 0.0332821 -0.377339 -4.44089e-016 -0.926075 -0.922466 -0.0882022 0.375869 3.69987 7.46247 -0.990762</i>
                        <i>-0.0816507 0.996106 0.0332694 -0.377339 1.11022e-016 -0.926075 -0.922469 -0.0881685 0.37587 3.69987 7.46105 -0.990762</i>
                        <i>-0.0816246 0.996108 0.0332588 -0.377339 0 -0.926075 -0.922471 -0.0881404 0.375871 3.69987 7.45959 -0.990762</i>
                        <i>-0.0816011 0.99611 0.0332492 -0.377339 -2.22045e-016 -0.926075 -0.922473 -0.088115 0.375872 3.69987 7.45811 -0.990762</i>
                        <i>-0.0815776 0.996113 0.0332397 -0.377339 -2.22045e-016 -0.926075 -0.922475 -0.0880896 0.375872 3.69987 7.45662 -0.990762</i>
                        <i>-0.0815515 0.996115 0.033229 -0.377339 -6.66134e-016 -0.926075 -0.922477 -0.0880614 0.375873 3.69987 7.45516 -0.990762</i>
                        <i>-0.0815203 0.996118 0.0332163 -0.377339 0 -0.926075 -0.92248 -0.0880278 0.375874 3.69987 7.45374 -0.990762</i>
                        <i>-0.0814815 0.996122 0.0332005 -0.377339 0 -0.926075 -0.922484 -0.0879858 0.375876 3.69987 7.45239 -0.990762</i>
                        <i>-0.0814324 0.996126 0.0331805 -0.377339 -2.22045e-016 -0.926075 -0.922488 -0.0879329 0.375878 3.69987 7.45111 -0.990762</i>
                        <i>-0.0813706 0.996132 0.0331553 -0.377339 0 -0.926075 -0.922493 -0.0878661 0.37588 3.69987 7.44994 -0.990762</i>
                    </KeyFrames>
                </p>
            </i>
            <i>
                <p>
                    <Name><![CDATA[spine1]]></Name>
                    <Exclude>0</Exclude>
                    <Additive>0</Additive>
                    <IKPriority>0</IKPriority>
                    <IKRotLimits>-1e+010 -1e+010 -1e+010 1e+010 1e+010 1e+010</IKRotLimits>
                    <IKRotLimitOrder>0</IKRotLimitOrder>
                    <KeyFrames count="49">
                        <i>-0.157051 0.985515 0.063992 -0.377339 0 -0.926075 -0.912661 -0.169587 0.371874 3.68596 7.62018 -0.985094</i>
                        <i>-0.152325 0.98638 0.0620665 -0.377339 -4.44089e-016 -0.926075 -0.913462 -0.164484 0.3722 3.71604 7.57119 -0.997349</i>
                        <i>-0.155637 0.985777 0.0634161 -0.377339 2.22045e-016 -0.926075 -0.912903 -0.168061 0.371972 3.70191 7.52906 -0.991593</i>
                        <i>-0.159334 0.985088 0.0649224 -0.377339 0 -0.926075 -0.912265 -0.172053 0.371712 3.68576 7.50288 -0.98501</i>
                        <i>-0.170362 0.982933 0.069416 -0.377339 0 -0.926075 -0.91027 -0.183962 0.370899 3.68248 7.49942 -0.983674</i>
                        <i>-0.178343 0.981281 0.0726679 -0.377339 -2.22045e-016 -0.926075 -0.90874 -0.19258 0.370276 3.68103 7.49965 -0.983086</i>
                        <i>-0.183897 0.980085 0.0749308 -0.377339 2.22045e-016 -0.926075 -0.907633 -0.198577 0.369825 3.68094 7.50264 -0.983047</i>
                        <i>-0.187637 0.979258 0.0764546 -0.377339 0 -0.926075 -0.906867 -0.202615 0.369513 3.6817 7.5074 -0.983356</i>
                        <i>-0.190169 0.978689 0.0774865 -0.377339 0 -0.926075 -0.906339 -0.20535 0.369298 3.68282 7.51295 -0.983814</i>
                        <i>-0.192094 0.97825 0.0782706 -0.377339 0 -0.926075 -0.905933 -0.207428 0.369132 3.68382 7.51831 -0.984221</i>
                        <i>-0.194005 0.977811 0.0790494 -0.377339 0 -0.926075 -0.905526 -0.209491 0.368966 3.6842 7.52253 -0.984377</i>
                        <i>-0.193676 0.977886 0.0789155 -0.377339 -2.22045e-016 -0.926075 -0.905596 -0.209137 0.368995 3.68422 7.52587 -0.984385</i>
                        <i>-0.190066 0.978712 0.0774445 -0.377339 -6.66134e-016 -0.926075 -0.906361 -0.205238 0.369306 3.68439 7.52953 -0.984455</i>
                        <i>-0.185545 0.979723 0.0756022 -0.377339 -4.44089e-016 -0.926075 -0.907297 -0.200356 0.369688 3.68461 7.53392 -0.984542</i>
                        <i>-0.182487 0.980393 0.0743562 -0.377339 -2.22045e-016 -0.926075 -0.907917 -0.197054 0.369941 3.68475 7.53946 -0.984601</i>
                        <i>-0.18114 0.980684 0.0738075 -0.377339 -6.66134e-016 -0.926075 -0.908187 -0.1956 0.37005 3.68482 7.54632 -0.98463</i>
                        <i>-0.180138 0.980899 0.073399 -0.377339 -2.22045e-016 -0.926075 -0.908386 -0.194517 0.370132 3.68488 7.55406 -0.984652</i>
                        <i>-0.179435 0.981049 0.0731127 -0.377339 -2.22045e-016 -0.926075 -0.908525 -0.193759 0.370188 3.68492 7.56226 -0.984669</i>
                        <i>-0.178988 0.981144 0.0729305 -0.377339 -2.22045e-016 -0.926075 -0.908613 -0.193276 0.370224 3.68495 7.57046 -0.984681</i>
                        <i>-0.178752 0.981195 0.0728344 -0.377339 -2.22045e-016 -0.926075 -0.90866 -0.193021 0.370243 3.68497 7.57822 -0.984688</i>
                        <i>-0.178683 0.981209 0.0728065 -0.377339 -2.22045e-016 -0.926075 -0.908673 -0.192947 0.370249 3.68497 7.5851 -0.984691</i>
                        <i>-0.17828 0.981295 0.0726423 -0.377339 2.22045e-016 -0.926075 -0.908753 -0.192512 0.370281 3.68499 7.59174 -0.984698</i>
                        <i>-0.177176 0.981528 0.0721921 -0.377339 3.33067e-016 -0.926075 -0.908969 -0.191319 0.370369 3.68504 7.59888 -0.984719</i>
                        <i>-0.175525 0.981874 0.0715194 -0.377339 2.22045e-016 -0.926075 -0.909289 -0.189536 0.370499 3.68512 7.60625 -0.98475</i>
                        <i>-0.173484 0.982297 0.0706877 -0.377339 -2.22045e-016 -0.926075 -0.90968 -0.187332 0.370659 3.68521 7.61355 -0.984788</i>
                        <i>-0.171208 0.982762 0.0697606 -0.377339 0 -0.926075 -0.910111 -0.184875 0.370835 3.68532 7.62051 -0.984831</i>
                        <i>-0.168855 0.983237 0.0688017 -0.377339 0 -0.926075 -0.910551 -0.182334 0.371014 3.68543 7.62684 -0.984875</i>
                        <i>-0.166579 0.983689 0.0678746 -0.377339 -4.44089e-016 -0.926075 -0.91097 -0.179877 0.371185 3.68553 7.63226 -0.984918</i>
                        <i>-0.164539 0.984089 0.0670433 -0.377339 -2.22045e-016 -0.926075 -0.911341 -0.177674 0.371336 3.68562 7.63649 -0.984956</i>
                        <i>-0.162891 0.984409 0.0663715 -0.377339 1.11022e-016 -0.926075 -0.911637 -0.175894 0.371456 3.6857 7.63923 -0.984987</i>
                        <i>-0.161791 0.984621 0.0659233 -0.377339 -6.66134e-016 -0.926075 -0.911833 -0.174706 0.371536 3.68575 7.64021 -0.985008</i>
                        <i>-0.161072 0.984758 0.0656307 -0.377339 -2.22045e-016 -0.926075 -0.91196 -0.17393 0.371588 3.68578 7.64009 -0.985021</i>
                        <i>-0.160458 0.984875 0.0653803 -0.377339 0 -0.926075 -0.912068 -0.173267 0.371632 3.68581 7.63975 -0.985032</i>
                        <i>-0.159938 0.984974 0.0651684 -0.377339 -6.66134e-016 -0.926075 -0.91216 -0.172705 0.371669 3.68583 7.63919 -0.985042</i>
                        <i>-0.159503 0.985056 0.0649912 -0.377339 -2.22045e-016 -0.926075 -0.912236 -0.172235 0.3717 3.68585 7.63846 -0.98505</i>
                        <i>-0.159144 0.985124 0.0648447 -0.377339 4.44089e-016 -0.926075 -0.912298 -0.171847 0.371726 3.68587 7.63756 -0.985057</i>
                        <i>-0.15885 0.985179 0.0647252 -0.377339 -2.22045e-016 -0.926075 -0.91235 -0.171531 0.371747 3.68588 7.63651 -0.985062</i>
                        <i>-0.158614 0.985223 0.0646288 -0.377339 -2.22045e-016 -0.926075 -0.912391 -0.171275 0.371763 3.68589 7.63534 -0.985066</i>
                        <i>-0.158424 0.985259 0.0645517 -0.377339 -2.22045e-016 -0.926075 -0.912424 -0.171071 0.371777 3.6859 7.63406 -0.98507</i>
                        <i>-0.158273 0.985287 0.06449 -0.377339 -4.44089e-016 -0.926075 -0.91245 -0.170907 0.371788 3.68591 7.63271 -0.985073</i>
                        <i>-0.15815 0.98531 0.0644398 -0.377339 1.11022e-016 -0.926075 -0.912471 -0.170774 0.371796 3.68591 7.63129 -0.985075</i>
                        <i>-0.158045 0.98533 0.0643973 -0.377339 0 -0.926075 -0.912489 -0.170661 0.371804 3.68592 7.62983 -0.985077</i>
                        <i>-0.157951 0.985348 0.0643586 -0.377339 -2.22045e-016 -0.926075 -0.912506 -0.170559 0.37181 3.68592 7.62835 -0.985078</i>
                        <i>-0.157856 0.985365 0.06432 -0.377339 -2.22045e-016 -0.926075 -0.912522 -0.170457 0.371817 3.68593 7.62686 -0.98508</i>
                        <i>-0.157751 0.985385 0.0642775 -0.377339 -6.66134e-016 -0.926075 -0.91254 -0.170344 0.371824 3.68593 7.6254 -0.985082</i>
                        <i>-0.157628 0.985408 0.0642273 -0.377339 0 -0.926075 -0.912561 -0.170211 0.371833 3.68594 7.62398 -0.985084</i>
                        <i>-0.157477 0.985436 0.0641656 -0.377339 0 -0.926075 -0.912588 -0.170047 0.371844 3.68594 7.62263 -0.985087</i>
                        <i>-0.157287 0.985471 0.0640884 -0.377339 -2.22045e-016 -0.926075 -0.91262 -0.169843 0.371857 3.68595 7.62135 -0.98509</i>
                        <i>-0.157051 0.985515 0.063992 -0.377339 0 -0.926075 -0.912661 -0.169587 0.371874 3.68596 7.62018 -0.985094</i>
                    </KeyFrames>
                </p>
            </i>
            <i>
                <p>
                    <Name><![CDATA[spine2]]></Name>
                    <Exclude>0</Exclude>
                    <Additive>0</Additive>
                    <IKPriority>0</IKPriority>
                    <IKRotLimits>-1e+010 -1e+010 -1e+010 1e+010 1e+010 1e+010</IKRotLimits>
                    <IKRotLimitOrder>0</IKRotLimitOrder>
                    <KeyFrames count="49">
                        <i>-0.35145 0.92519 0.143202 -0.377339 0 -0.926075 -0.856795 -0.379505 0.34911 3.66125 7.7753 -0.975025</i>
                        <i>-0.32862 0.934922 0.1339 -0.377339 -4.44089e-016 -0.926075 -0.865808 -0.354852 0.352783 3.69197 7.72697 -0.987542</i>
                        <i>-0.341966 0.929325 0.139338 -0.377339 2.22045e-016 -0.926075 -0.860624 -0.369263 0.350671 3.67735 7.68458 -0.981587</i>
                        <i>-0.353161 0.92443 0.143899 -0.377339 0 -0.926075 -0.856091 -0.381352 0.348824 3.66065 7.65812 -0.974781</i>
                        <i>-0.363777 0.919617 0.148225 -0.377339 0 -0.926075 -0.851634 -0.392816 0.347008 3.65564 7.65431 -0.972737</i>
                        <i>-0.372665 0.915458 0.151846 -0.377339 -2.22045e-016 -0.926075 -0.847783 -0.402413 0.345438 3.65294 7.65427 -0.971638</i>
                        <i>-0.380019 0.911926 0.154843 -0.377339 2.22045e-016 -0.926075 -0.844512 -0.410354 0.344106 3.65197 7.65704 -0.971244</i>
                        <i>-0.38603 0.908977 0.157292 -0.377339 0 -0.926075 -0.841781 -0.416846 0.342993 3.65215 7.66163 -0.971316</i>
                        <i>-0.390883 0.906556 0.159269 -0.377339 0 -0.926075 -0.839539 -0.422085 0.342079 3.65288 7.66705 -0.971615</i>
                        <i>-0.394755 0.904598 0.160847 -0.377339 0 -0.926075 -0.837725 -0.426266 0.34134 3.65358 7.67231 -0.971901</i>
                        <i>-0.397819 0.903031 0.162096 -0.377339 0 -0.926075 -0.836275 -0.429575 0.340749 3.65367 7.67643 -0.971936</i>
                        <i>-0.397461 0.903215 0.16195 -0.377339 -2.22045e-016 -0.926075 -0.836445 -0.429188 0.340818 3.65374 7.67977 -0.971967</i>
                        <i>-0.392948 0.905514 0.160111 -0.377339 -6.66134e-016 -0.926075 -0.838574 -0.424315 0.341686 3.65448 7.68356 -0.972268</i>
                        <i>-0.387277 0.908359 0.1578 -0.377339 -4.44089e-016 -0.926075 -0.841209 -0.418191 0.342759 3.65541 7.68812 -0.972644</i>
                        <i>-0.383471 0.91024 0.156249 -0.377339 -2.22045e-016 -0.926075 -0.84295 -0.414082 0.343469 3.65603 7.69377 -0.9729</i>
                        <i>-0.381872 0.911023 0.155598 -0.377339 -6.66134e-016 -0.926075 -0.843676 -0.412355 0.343765 3.65632 7.70067 -0.973015</i>
                        <i>-0.380738 0.911576 0.155136 -0.377339 -2.22045e-016 -0.926075 -0.844188 -0.411131 0.343974 3.65653 7.70845 -0.973102</i>
                        <i>-0.379992 0.911939 0.154832 -0.377339 -2.22045e-016 -0.926075 -0.844525 -0.410325 0.344111 3.65668 7.71667 -0.973164</i>
                        <i>-0.379555 0.912151 0.154654 -0.377339 -2.22045e-016 -0.926075 -0.844721 -0.409853 0.34419 3.65678 7.72488 -0.973205</i>
                        <i>-0.379351 0.912251 0.154571 -0.377339 -2.22045e-016 -0.926075 -0.844812 -0.409633 0.344228 3.65684 7.73265 -0.973227</i>
                        <i>-0.3793 0.912275 0.15455 -0.377339 -2.22045e-016 -0.926075 -0.844835 -0.409578 0.344237 3.65686 7.73953 -0.973234</i>
                        <i>-0.378786 0.912524 0.15434 -0.377339 2.22045e-016 -0.926075 -0.845066 -0.409023 0.344331 3.65694 7.74618 -0.973267</i>
                        <i>-0.377376 0.913205 0.153766 -0.377339 3.33067e-016 -0.926075 -0.845696 -0.4075 0.344588 3.65716 7.75336 -0.973359</i>
                        <i>-0.375268 0.914218 0.152907 -0.377339 2.22045e-016 -0.926075 -0.846634 -0.405224 0.34497 3.6575 7.76079 -0.973496</i>
                        <i>-0.372658 0.915461 0.151843 -0.377339 -2.22045e-016 -0.926075 -0.847786 -0.402406 0.34544 3.65791 7.76816 -0.973665</i>
                        <i>-0.369745 0.916838 0.150657 -0.377339 0 -0.926075 -0.84906 -0.399261 0.345959 3.65838 7.77519 -0.973854</i>
                        <i>-0.366729 0.918249 0.149428 -0.377339 0 -0.926075 -0.850368 -0.396003 0.346491 3.65886 7.7816 -0.974049</i>
                        <i>-0.363808 0.919603 0.148238 -0.377339 -4.44089e-016 -0.926075 -0.851621 -0.39285 0.347002 3.65932 7.78709 -0.974238</i>
                        <i>-0.361186 0.920807 0.147169 -0.377339 -2.22045e-016 -0.926075 -0.852737 -0.390018 0.347457 3.65973 7.79138 -0.974407</i>
                        <i>-0.359064 0.921774 0.146304 -0.377339 1.11022e-016 -0.926075 -0.853632 -0.387727 0.347822 3.66007 7.79417 -0.974543</i>
                        <i>-0.357646 0.922417 0.145727 -0.377339 -6.66134e-016 -0.926075 -0.854228 -0.386195 0.348064 3.66029 7.79519 -0.974634</i>
                        <i>-0.356717 0.922836 0.145348 -0.377339 -2.22045e-016 -0.926075 -0.854616 -0.385193 0.348222 3.66044 7.79509 -0.974694</i>
                        <i>-0.355922 0.923194 0.145024 -0.377339 0 -0.926075 -0.854947 -0.384334 0.348357 3.66056 7.79476 -0.974745</i>
                        <i>-0.355248 0.923497 0.14475 -0.377339 -6.66134e-016 -0.926075 -0.855227 -0.383607 0.348472 3.66067 7.79423 -0.974788</i>
                        <i>-0.354684 0.92375 0.14452 -0.377339 -2.22045e-016 -0.926075 -0.855462 -0.382997 0.348567 3.66076 7.79351 -0.974823</i>
                        <i>-0.354216 0.923959 0.144329 -0.377339 4.44089e-016 -0.926075 -0.855655 -0.382492 0.348646 3.66083 7.79261 -0.974853</i>
                        <i>-0.353833 0.92413 0.144173 -0.377339 -2.22045e-016 -0.926075 -0.855814 -0.382078 0.348711 3.66089 7.79158 -0.974877</i>
                        <i>-0.353523 0.924268 0.144047 -0.377339 -2.22045e-016 -0.926075 -0.855942 -0.381744 0.348763 3.66094 7.79041 -0.974897</i>
                        <i>-0.353274 0.924379 0.143945 -0.377339 -2.22045e-016 -0.926075 -0.856045 -0.381474 0.348805 3.66097 7.78914 -0.974912</i>
                        <i>-0.353073 0.924469 0.143864 -0.377339 -4.44089e-016 -0.926075 -0.856127 -0.381258 0.348838 3.661 7.78779 -0.974925</i>
                        <i>-0.352909 0.924542 0.143797 -0.377339 1.11022e-016 -0.926075 -0.856195 -0.381081 0.348866 3.66103 7.78638 -0.974935</i>
                        <i>-0.35277 0.924604 0.14374 -0.377339 0 -0.926075 -0.856253 -0.38093 0.348889 3.66105 7.78492 -0.974943</i>
                        <i>-0.352642 0.924661 0.143688 -0.377339 -2.22045e-016 -0.926075 -0.856305 -0.380792 0.348911 3.66107 7.78344 -0.974951</i>
                        <i>-0.352514 0.924718 0.143636 -0.377339 -2.22045e-016 -0.926075 -0.856358 -0.380654 0.348932 3.66109 7.78196 -0.974959</i>
                        <i>-0.352375 0.92478 0.143579 -0.377339 -6.66134e-016 -0.926075 -0.856415 -0.380503 0.348956 3.66111 7.7805 -0.974967</i>
                        <i>-0.35221 0.924852 0.143512 -0.377339 0 -0.926075 -0.856483 -0.380326 0.348983 3.66113 7.77909 -0.974977</i>
                        <i>-0.35201 0.924942 0.14343 -0.377339 0 -0.926075 -0.856565 -0.380109 0.349017 3.66116 7.77774 -0.97499</i>
                        <i>-0.35176 0.925052 0.143329 -0.377339 -2.22045e-016 -0.926075 -0.856668 -0.37984 0.349059 3.6612 7.77647 -0.975005</i>
                        <i>-0.35145 0.92519 0.143202 -0.377339 0 -0.926075 -0.856795 -0.379505 0.34911 3.66125 7.7753 -0.975025</i>
                    </KeyFrames>
                </p>
            </i>
            <i>
                <p>
                    <Name><![CDATA[head]]></Name>
                    <Exclude>0</Exclude>
                    <Additive>0</Additive>
                    <IKPriority>0</IKPriority>
                    <IKRotLimits>-1e+010 -1e+010 -1e+010 1e+010 1e+010 1e+010</IKRotLimits>
                    <IKRotLimitOrder>0</IKRotLimitOrder>
                    <KeyFrames count="49">
                        <i>-0.24898 0.956454 0.15233 0.843564 0.291433 -0.451073 -0.475825 0.0161924 -0.879391 3.57433 8.01492 -0.93961</i>
                        <i>-0.45006 0.873158 0.187193 0.831263 0.486226 -0.26942 -0.326265 0.0343514 -0.944654 3.61511 7.97094 -0.956226</i>
                        <i>-0.436053 0.880716 0.184924 0.838264 0.472262 -0.272548 -0.32737 0.0361698 -0.944204 3.59498 7.92638 -0.948023</i>
                        <i>-0.396711 0.901258 0.174226 0.857162 0.431626 -0.281019 -0.328471 0.0378567 -0.943755 3.57331 7.89771 -0.939191</i>
                        <i>-0.407952 0.895338 0.178732 0.8517 0.443721 -0.27878 -0.328909 0.0384974 -0.943577 3.56554 7.89271 -0.936028</i>
                        <i>-0.425047 0.886064 0.185 0.843156 0.461917 -0.275174 -0.329277 0.0390224 -0.943427 3.56057 7.89164 -0.934002</i>
                        <i>-0.44535 0.87449 0.192171 0.83249 0.483436 -0.270647 -0.329581 0.0394478 -0.943303 3.55774 7.89353 -0.93285</i>
                        <i>-0.4663 0.861857 0.199417 0.82084 0.505589 -0.265711 -0.329828 0.0397888 -0.943202 3.55642 7.89738 -0.93231</i>
                        <i>-0.485457 0.849653 0.205966 0.809577 0.525819 -0.260961 -0.330027 0.0400599 -0.943121 3.55595 7.90218 -0.93212</i>
                        <i>-0.500511 0.839599 0.211098 0.800291 0.541711 -0.257066 -0.330187 0.0402752 -0.943056 3.5557 7.90694 -0.932017</i>
                        <i>-0.509246 0.833556 0.214133 0.794707 0.550952 -0.254739 -0.330316 0.0404485 -0.943003 3.55502 7.91065 -0.931742</i>
                        <i>-0.508063 0.834381 0.213727 0.79547 0.549703 -0.255057 -0.330301 0.0404286 -0.943009 3.55519 7.91403 -0.93181</i>
                        <i>-0.496621 0.842253 0.209707 0.802743 0.537583 -0.258086 -0.330109 0.0401702 -0.943088 3.55708 7.91838 -0.932578</i>
                        <i>-0.477495 0.854836 0.203112 0.814362 0.517367 -0.262958 -0.329869 0.0398451 -0.943185 3.55943 7.92364 -0.933538</i>
                        <i>-0.453278 0.869782 0.194983 0.828149 0.491842 -0.268814 -0.329711 0.0396277 -0.94325 3.56102 7.92975 -0.934186</i>
                        <i>-0.422413 0.886417 0.189296 0.838862 0.461423 -0.28879 -0.343334 0.0368042 -0.938492 3.5617 7.93684 -0.934463</i>
                        <i>-0.384025 0.904348 0.186222 0.842028 0.425767 -0.331226 -0.378831 0.029605 -0.924992 3.5622 7.94474 -0.934664</i>
                        <i>-0.341921 0.921985 0.181753 0.836761 0.386733 -0.387645 -0.427692 0.0195399 -0.903713 3.56253 7.95304 -0.934801</i>
                        <i>-0.300005 0.938027 0.173501 0.823482 0.346469 -0.449262 -0.481533 0.00809413 -0.876391 3.56273 7.9613 -0.934883</i>
                        <i>-0.261895 0.951539 0.161196 0.804832 0.30751 -0.507624 -0.532594 -0.00320849 -0.846365 3.56283 7.96909 -0.934924</i>
                        <i>-0.230415 0.961994 0.146549 0.7857 0.272771 -0.555222 -0.574095 -0.0127879 -0.818689 3.56286 7.97598 -0.934936</i>
                        <i>-0.20332 0.970347 0.130722 0.764242 0.240737 -0.598314 -0.612041 -0.0217452 -0.790527 3.56307 7.98269 -0.935022</i>
                        <i>-0.17979 0.977033 0.114379 0.738606 0.210875 -0.640307 -0.64972 -0.0306396 -0.759556 3.56366 7.99004 -0.93526</i>
                        <i>-0.16297 0.981453 0.100948 0.71665 0.188077 -0.671595 -0.678125 -0.0371053 -0.734009 3.56453 7.99771 -0.935615</i>
                        <i>-0.154974 0.983363 0.0947615 0.70762 0.177427 -0.683955 -0.689389 -0.0389402 -0.723344 3.56561 8.00539 -0.936054</i>
                        <i>-0.152174 0.983897 0.0937564 0.708542 0.174736 -0.683693 -0.689065 -0.0376101 -0.723723 3.56681 8.01276 -0.936544</i>
                        <i>-0.149757 0.98432 0.0932099 0.710337 0.172687 -0.682349 -0.687746 -0.0359761 -0.725059 3.56806 8.01951 -0.937052</i>
                        <i>-0.148018 0.984575 0.0932832 0.71311 0.171607 -0.679724 -0.685248 -0.0340902 -0.727512 3.56926 8.02534 -0.937542</i>
                        <i>-0.147262 0.984608 0.0941299 0.716961 0.171821 -0.675607 -0.681382 -0.032004 -0.731228 3.57034 8.02992 -0.937983</i>
                        <i>-0.147805 0.984357 0.0958919 0.721973 0.173654 -0.669776 -0.675951 -0.0297647 -0.736346 3.57121 8.03295 -0.938339</i>
                        <i>-0.149973 0.983752 0.0986958 0.728208 0.17743 -0.661991 -0.668746 -0.0274096 -0.742985 3.5718 8.03412 -0.938577</i>
                        <i>-0.153269 0.982894 0.102113 0.735135 0.182465 -0.652904 -0.660368 -0.0250031 -0.750526 3.57218 8.03413 -0.938732</i>
                        <i>-0.156959 0.981941 0.105621 0.742169 0.187834 -0.643354 -0.651575 -0.0225914 -0.758248 3.57251 8.03389 -0.938865</i>
                        <i>-0.161022 0.980892 0.109188 0.749272 0.193502 -0.633362 -0.642388 -0.0201736 -0.766114 3.57278 8.03343 -0.938978</i>
                        <i>-0.165437 0.97975 0.112783 0.756409 0.199436 -0.622953 -0.632831 -0.0177492 -0.774086 3.57302 8.03277 -0.939073</i>
                        <i>-0.170182 0.978516 0.116378 0.763544 0.2056 -0.612152 -0.622927 -0.0153178 -0.78213 3.57321 8.03193 -0.939151</i>
                        <i>-0.175233 0.977193 0.119943 0.770642 0.21196 -0.600986 -0.612702 -0.0128794 -0.790209 3.57336 8.03093 -0.939215</i>
                        <i>-0.180564 0.975785 0.123452 0.777672 0.218483 -0.589484 -0.602182 -0.0104345 -0.798291 3.57349 8.0298 -0.939266</i>
                        <i>-0.186148 0.974295 0.126879 0.784603 0.225135 -0.577679 -0.591395 -0.00798402 -0.806343 3.57359 8.02856 -0.939308</i>
                        <i>-0.191957 0.972728 0.130201 0.791407 0.231881 -0.565603 -0.580369 -0.00552939 -0.814335 3.57367 8.02723 -0.939341</i>
                        <i>-0.197959 0.971091 0.133394 0.798058 0.238689 -0.553291 -0.569136 -0.0030727 -0.822238 3.57374 8.02583 -0.939368</i>
                        <i>-0.204125 0.96939 0.136439 0.804534 0.245525 -0.54078 -0.557726 -0.000616661 -0.830025 3.5738 8.02439 -0.939391</i>
                        <i>-0.210421 0.967633 0.139318 0.810813 0.252355 -0.528109 -0.546173 0.00183539 -0.83767 3.57385 8.02293 -0.939412</i>
                        <i>-0.216814 0.965828 0.142013 0.816878 0.259148 -0.515318 -0.534511 0.00427943 -0.845151 3.5739 8.02146 -0.939433</i>
                        <i>-0.223269 0.963985 0.144512 0.822714 0.265871 -0.502449 -0.522775 0.00671078 -0.852444 3.57396 8.02002 -0.939456</i>
                        <i>-0.229749 0.962115 0.146801 0.828308 0.272492 -0.489545 -0.511 0.00912405 -0.859532 3.57402 8.01863 -0.939483</i>
                        <i>-0.23622 0.960228 0.148872 0.833651 0.27898 -0.47665 -0.499225 0.0115132 -0.866396 3.57411 8.01729 -0.939517</i>
                        <i>-0.242642 0.958337 0.150717 0.838738 0.285304 -0.463811 -0.487487 0.0138718 -0.87302 3.57421 8.01605 -0.939558</i>
                        <i>-0.24898 0.956454 0.15233 0.843564 0.291433 -0.451073 -0.475825 0.0161924 -0.879391 3.57433 8.01492 -0.93961</i>
                    </KeyFrames>
                </p>
            </i>
            <i>
                <p>
                    <Name><![CDATA[head_prop]]></Name>
                    <Exclude>0</Exclude>
                    <Additive>0</Additive>
                    <IKPriority>0</IKPriority>
                    <IKRotLimits>-1e+010 -1e+010 -1e+010 1e+010 1e+010 1e+010</IKRotLimits>
                    <IKRotLimitOrder>0</IKRotLimitOrder>
                    <KeyFrames count="49">
                        <i>0.475825 -0.0161924 0.879391 -0.24898 0.956454 0.15233 -0.843564 -0.291433 0.451073 3.49319 8.32664 -0.889964</i>
                        <i>0.326265 -0.0343514 0.944654 -0.45006 0.873158 0.187193 -0.831263 -0.486226 0.26942 3.46844 8.25552 -0.895218</i>
                        <i>0.32737 -0.0361698 0.944204 -0.436053 0.880716 0.184924 -0.838264 -0.472262 0.272548 3.45287 8.21342 -0.887755</i>
                        <i>0.328471 -0.0378567 0.943755 -0.396711 0.901258 0.174226 -0.857162 -0.431626 0.281019 3.44401 8.19144 -0.882409</i>
                        <i>0.328909 -0.0384974 0.943577 -0.407952 0.895338 0.178732 -0.8517 -0.443721 0.27878 3.43259 8.18451 -0.877777</i>
                        <i>0.329277 -0.0390224 0.943427 -0.425047 0.886064 0.185 -0.843156 -0.461917 0.275174 3.42204 8.18041 -0.873709</i>
                        <i>0.329581 -0.0394478 0.943303 -0.44535 0.87449 0.192171 -0.83249 -0.483436 0.270647 3.4126 8.17853 -0.87022</i>
                        <i>0.329828 -0.0397888 0.943202 -0.4663 0.861857 0.199417 -0.82084 -0.505589 0.265711 3.40445 8.17826 -0.867318</i>
                        <i>0.330027 -0.0400599 0.943121 -0.485457 0.849653 0.205966 -0.809577 -0.525819 0.260961 3.39774 8.17909 -0.864994</i>
                        <i>0.330187 -0.0402752 0.943056 -0.500511 0.839599 0.211098 -0.800291 -0.541711 0.257066 3.39258 8.18057 -0.863219</i>
                        <i>0.330316 -0.0404485 0.943003 -0.509246 0.833556 0.214133 -0.794707 -0.550952 0.254739 3.38906 8.18232 -0.861954</i>
                        <i>0.330301 -0.0404286 0.943009 -0.508063 0.834381 0.213727 -0.79547 -0.549703 0.255057 3.38961 8.18596 -0.862155</i>
                        <i>0.330109 -0.0401702 0.943088 -0.496621 0.842253 0.209707 -0.802743 -0.537583 0.258086 3.39522 8.19288 -0.864232</i>
