<?xml version="1.0" encoding="ISO-8859-1" ?>
<Animl Version="1">
    <ModellingPackage><![CDATA[Maya.2010]]></ModellingPackage>
    <SrcFile><![CDATA[anims\turrets\antitank\blue\~src\at_m40recoilless\antitank_m40recoilless_reload_high_crewman_b.mb]]></SrcFile>
    <FramesPerSecond>30</FramesPerSecond>
    <TotalFrames>100</TotalFrames>
    <Skeleton>
        <RefFrame>
            <Name><![CDATA[soldier_ref_frame]]></Name>
            <Exclude>0</Exclude>
            <Additive>0</Additive>
            <IKPriority>0</IKPriority>
            <IKRotLimits>-1e+010 -1e+010 -1e+010 1e+010 1e+010 1e+010</IKRotLimits>
            <IKRotLimitOrder>0</IKRotLimitOrder>
            <KeyFrames count="100">
                <i>1 0 0 0 1 0 0 0 1 -1.48 0.87 -1.66</i>
                <i>1 0 0 0 1 0 0 0 1 -1.48 0.87 -1.66</i>
                <i>1 0 0 0 1 0 0 0 1 -1.48 0.87 -1.66</i>
                <i>1 0 0 0 1 0 0 0 1 -1.48 0.87 -1.66</i>
                <i>1 0 0 0 1 0 0 0 1 -1.48 0.87 -1.66</i>
                <i>1 0 0 0 1 0 0 0 1 -1.48 0.87 -1.66</i>
                <i>1 0 0 0 1 0 0 0 1 -1.48 0.87 -1.66</i>
                <i>1 0 0 0 1 0 0 0 1 -1.48 0.87 -1.66</i>
                <i>1 0 0 0 1 0 0 0 1 -1.48 0.87 -1.66</i>
                <i>1 0 0 0 1 0 0 0 1 -1.48 0.87 -1.66</i>
                <i>1 0 0 0 1 0 0 0 1 -1.48 0.87 -1.66</i>
                <i>1 0 0 0 1 0 0 0 1 -1.48 0.87 -1.66</i>
                <i>1 0 0 0 1 0 0 0 1 -1.48 0.87 -1.66</i>
                <i>1 0 0 0 1 0 0 0 1 -1.48 0.87 -1.66</i>
                <i>1 0 0 0 1 0 0 0 1 -1.48 0.87 -1.66</i>
                <i>1 0 0 0 1 0 0 0 1 -1.48 0.87 -1.66</i>
                <i>1 0 0 0 1 0 0 0 1 -1.48 0.87 -1.66</i>
                <i>1 0 0 0 1 0 0 0 1 -1.48 0.87 -1.66</i>
                <i>1 0 0 0 1 0 0 0 1 -1.48 0.87 -1.66</i>
                <i>1 0 0 0 1 0 0 0 1 -1.48 0.87 -1.66</i>
                <i>1 0 0 0 1 0 0 0 1 -1.48 0.87 -1.66</i>
                <i>1 0 0 0 1 0 0 0 1 -1.48 0.87 -1.66</i>
                <i>1 0 0 0 1 0 0 0 1 -1.48 0.87 -1.66</i>
                <i>1 0 0 0 1 0 0 0 1 -1.48 0.87 -1.66</i>
                <i>1 0 0 0 1 0 0 0 1 -1.48 0.87 -1.66</i>
                <i>1 0 0 0 1 0 0 0 1 -1.48 0.87 -1.66</i>
                <i>1 0 0 0 1 0 0 0 1 -1.48 0.87 -1.66</i>
                <i>1 0 0 0 1 0 0 0 1 -1.48 0.87 -1.66</i>
                <i>1 0 0 0 1 0 0 0 1 -1.48 0.87 -1.66</i>
                <i>1 0 0 0 1 0 0 0 1 -1.48 0.87 -1.66</i>
                <i>1 0 0 0 1 0 0 0 1 -1.48 0.87 -1.66</i>
                <i>1 0 0 0 1 0 0 0 1 -1.48 0.87 -1.66</i>
                <i>1 0 0 0 1 0 0 0 1 -1.48 0.87 -1.66</i>
                <i>1 0 0 0 1 0 0 0 1 -1.48 0.87 -1.66</i>
                <i>1 0 0 0 1 0 0 0 1 -1.48 0.87 -1.66</i>
                <i>1 0 0 0 1 0 0 0 1 -1.48 0.87 -1.66</i>
                <i>1 0 0 0 1 0 0 0 1 -1.48 0.87 -1.66</i>
                <i>1 0 0 0 1 0 0 0 1 -1.48 0.87 -1.66</i>
                <i>1 0 0 0 1 0 0 0 1 -1.48 0.87 -1.66</i>
                <i>1 0 0 0 1 0 0 0 1 -1.48 0.87 -1.66</i>
                <i>1 0 0 0 1 0 0 0 1 -1.48 0.87 -1.66</i>
                <i>1 0 0 0 1 0 0 0 1 -1.48 0.87 -1.66</i>
                <i>1 0 0 0 1 0 0 0 1 -1.48 0.87 -1.66</i>
                <i>1 0 0 0 1 0 0 0 1 -1.48 0.87 -1.66</i>
                <i>1 0 0 0 1 0 0 0 1 -1.48 0.87 -1.66</i>
                <i>1 0 0 0 1 0 0 0 1 -1.48 0.87 -1.66</i>
                <i>1 0 0 0 1 0 0 0 1 -1.48 0.87 -1.66</i>
                <i>1 0 0 0 1 0 0 0 1 -1.48 0.87 -1.66</i>
                <i>1 0 0 0 1 0 0 0 1 -1.48 0.87 -1.66</i>
                <i>1 0 0 0 1 0 0 0 1 -1.48 0.87 -1.66</i>
                <i>1 0 0 0 1 0 0 0 1 -1.48 0.87 -1.66</i>
                <i>1 0 0 0 1 0 0 0 1 -1.48 0.87 -1.66</i>
                <i>1 0 0 0 1 0 0 0 1 -1.48 0.87 -1.66</i>
                <i>1 0 0 0 1 0 0 0 1 -1.48 0.87 -1.66</i>
                <i>1 0 0 0 1 0 0 0 1 -1.48 0.87 -1.66</i>
                <i>1 0 0 0 1 0 0 0 1 -1.48 0.87 -1.66</i>
                <i>1 0 0 0 1 0 0 0 1 -1.48 0.87 -1.66</i>
                <i>1 0 0 0 1 0 0 0 1 -1.48 0.87 -1.66</i>
                <i>1 0 0 0 1 0 0 0 1 -1.48 0.87 -1.66</i>
                <i>1 0 0 0 1 0 0 0 1 -1.48 0.87 -1.66</i>
                <i>1 0 0 0 1 0 0 0 1 -1.48 0.87 -1.66</i>
                <i>1 0 0 0 1 0 0 0 1 -1.48 0.87 -1.66</i>
                <i>1 0 0 0 1 0 0 0 1 -1.48 0.87 -1.66</i>
                <i>1 0 0 0 1 0 0 0 1 -1.48 0.87 -1.66</i>
                <i>1 0 0 0 1 0 0 0 1 -1.48 0.87 -1.66</i>
                <i>1 0 0 0 1 0 0 0 1 -1.48 0.87 -1.66</i>
                <i>1 0 0 0 1 0 0 0 1 -1.48 0.87 -1.66</i>
                <i>1 0 0 0 1 0 0 0 1 -1.48 0.87 -1.66</i>
                <i>1 0 0 0 1 0 0 0 1 -1.48 0.87 -1.66</i>
                <i>1 0 0 0 1 0 0 0 1 -1.48 0.87 -1.66</i>
                <i>1 0 0 0 1 0 0 0 1 -1.48 0.87 -1.66</i>
                <i>1 0 0 0 1 0 0 0 1 -1.48 0.87 -1.66</i>
                <i>1 0 0 0 1 0 0 0 1 -1.48 0.87 -1.66</i>
                <i>1 0 0 0 1 0 0 0 1 -1.48 0.87 -1.66</i>
                <i>1 0 0 0 1 0 0 0 1 -1.48 0.87 -1.66</i>
                <i>1 0 0 0 1 0 0 0 1 -1.48 0.87 -1.66</i>
                <i>1 0 0 0 1 0 0 0 1 -1.48 0.87 -1.66</i>
                <i>1 0 0 0 1 0 0 0 1 -1.48 0.87 -1.66</i>
                <i>1 0 0 0 1 0 0 0 1 -1.48 0.87 -1.66</i>
                <i>1 0 0 0 1 0 0 0 1 -1.48 0.87 -1.66</i>
                <i>1 0 0 0 1 0 0 0 1 -1.48 0.87 -1.66</i>
                <i>1 0 0 0 1 0 0 0 1 -1.48 0.87 -1.66</i>
                <i>1 0 0 0 1 0 0 0 1 -1.48 0.87 -1.66</i>
                <i>1 0 0 0 1 0 0 0 1 -1.48 0.87 -1.66</i>
                <i>1 0 0 0 1 0 0 0 1 -1.48 0.87 -1.66</i>
                <i>1 0 0 0 1 0 0 0 1 -1.48 0.87 -1.66</i>
                <i>1 0 0 0 1 0 0 0 1 -1.48 0.87 -1.66</i>
                <i>1 0 0 0 1 0 0 0 1 -1.48 0.87 -1.66</i>
                <i>1 0 0 0 1 0 0 0 1 -1.48 0.87 -1.66</i>
                <i>1 0 0 0 1 0 0 0 1 -1.48 0.87 -1.66</i>
                <i>1 0 0 0 1 0 0 0 1 -1.48 0.87 -1.66</i>
                <i>1 0 0 0 1 0 0 0 1 -1.48 0.87 -1.66</i>
                <i>1 0 0 0 1 0 0 0 1 -1.48 0.87 -1.66</i>
                <i>1 0 0 0 1 0 0 0 1 -1.48 0.87 -1.66</i>
                <i>1 0 0 0 1 0 0 0 1 -1.48 0.87 -1.66</i>
                <i>1 0 0 0 1 0 0 0 1 -1.48 0.87 -1.66</i>
                <i>1 0 0 0 1 0 0 0 1 -1.48 0.87 -1.66</i>
                <i>1 0 0 0 1 0 0 0 1 -1.48 0.87 -1.66</i>
                <i>1 0 0 0 1 0 0 0 1 -1.48 0.87 -1.66</i>
                <i>1 0 0 0 1 0 0 0 1 -1.48 0.87 -1.66</i>
            </KeyFrames>
        </RefFrame>
        <Bones count="23">
            <i>
                <p>
                    <Name><![CDATA[pelvis]]></Name>
                    <Exclude>0</Exclude>
                    <Additive>0</Additive>
                    <IKPriority>0</IKPriority>
                    <IKRotLimits>-1e+010 -1e+010 -1e+010 1e+010 1e+010 1e+010</IKRotLimits>
                    <IKRotLimitOrder>2</IKRotLimitOrder>
                    <KeyFrames count="100">
                        <i>1 0 0 0 1 0 0 0 1 -1.46071 1.46685 -1.66659</i>
                        <i>1 0 0 0 1 0 0 0 1 -1.43866 1.47475 -1.64038</i>
                        <i>1 0 0 0 1 0 0 0 1 -1.41348 1.47738 -1.61101</i>
                        <i>1 0 0 0 1 0 0 0 1 -1.39456 1.49057 -1.58796</i>
                        <i>1 0 0 0 1 0 0 0 1 -1.3913 1.53019 -1.58072</i>
                        <i>1 0 0 0 1 0 0 0 1 -1.40226 1.61002 -1.58693</i>
                        <i>1 0 0 0 1 0 0 0 1 -1.41875 1.71833 -1.5973</i>
                        <i>1 0 0 0 1 0 0 0 1 -1.43924 1.83269 -1.61091</i>
                        <i>1 0 0 0 1 0 0 0 1 -1.46225 1.9307 -1.62686</i>
                        <i>1 0 0 0 1 0 0 0 1 -1.48625 1.98994 -1.64421</i>
                        <i>1 0 0 0 1 0 0 0 1 -1.50975 1.99691 -1.66207</i>
                        <i>1 0 0 0 1 0 0 0 1 -1.53123 1.96655 -1.6795</i>
                        <i>1 0 0 0 1 0 0 0 1 -1.54919 1.91912 -1.6956</i>
                        <i>1 0 0 0 1 0 0 0 1 -1.56212 1.87487 -1.70945</i>
                        <i>1 0 0 0 1 0 0 0 1 -1.56851 1.85409 -1.72014</i>
                        <i>1 0 0 0 1 0 0 0 1 -1.56527 1.86318 -1.72742</i>
                        <i>1 0 0 0 1 0 0 0 1 -1.55231 1.88865 -1.73206</i>
                        <i>1 0 0 0 1 0 0 0 1 -1.53262 1.92085 -1.73469</i>
                        <i>1 0 0 0 1 0 0 0 1 -1.50922 1.95013 -1.73592</i>
                        <i>1 0 0 0 1 0 0 0 1 -1.48511 1.96685 -1.73636</i>
                        <i>1 0 0 0 1 0 0 0 1 -1.46328 1.95589 -1.73662</i>
                        <i>1 0 0 0 1 0 0 0 1 -1.44674 1.92789 -1.73733</i>
                        <i>1 0 0 0 1 0 0 0 1 -1.43849 1.91178 -1.73908</i>
                        <i>1 0 0 0 1 0 0 0 1 -1.44353 1.91916 -1.74241</i>
                        <i>1 0 0 0 1 0 0 0 1 -1.4609 1.93659 -1.7466</i>
                        <i>1 0 0 0 1 0 0 0 1 -1.48473 1.95541 -1.75048</i>
                        <i>1 0 0 0 1 0 0 0 1 -1.50913 1.96697 -1.75284</i>
                        <i>1 0 0 0 1 0 0 0 1 -1.5282 1.9626 -1.75249</i>
                        <i>1 0 0 0 1 0 0 0 1 -1.5477 1.93525 -1.74395</i>
                        <i>1 0 0 0 1 0 0 0 1 -1.56911 1.88924 -1.72914</i>
                        <i>1 0 0 0 1 0 0 0 1 -1.58015 1.83297 -1.71791</i>
                        <i>1 0 0 0 1 0 0 0 1 -1.56851 1.77486 -1.72014</i>
                        <i>1 0 0 0 1 0 0 0 1 -1.50503 1.70537 -1.74754</i>
                        <i>1 0 0 0 1 0 0 0 1 -1.40852 1.62763 -1.79301</i>
                        <i>1 0 0 0 1 0 0 0 1 -1.33874 1.56907 -1.8382</i>
                        <i>1 0 0 0 1 0 0 0 1 -1.3146 1.53605 -1.87939</i>
                        <i>1 0 0 0 1 0 0 0 1 -1.30872 1.51476 -1.92198</i>
                        <i>1 0 0 0 1 0 0 0 1 -1.3114 1.50239 -1.96127</i>
                        <i>1 0 0 0 1 0 0 0 1 -1.31295 1.49614 -1.99258</i>
                        <i>1 0 0 0 1 0 0 0 1 -1.31156 1.49434 -2.01406</i>
                        <i>1 0 0 0 1 0 0 0 1 -1.3117 1.49713 -2.02922</i>
                        <i>1 0 0 0 1 0 0 0 1 -1.31309 1.5044 -2.04138</i>
                        <i>1 0 0 0 1 0 0 0 1 -1.31545 1.51605 -2.05384</i>
                        <i>1 0 0 0 1 0 0 0 1 -1.3185 1.53198 -2.06991</i>
                        <i>1 0 0 0 1 0 0 0 1 -1.32914 1.57715 -2.08591</i>
                        <i>1 0 0 0 1 0 0 0 1 -1.33606 1.62242 -2.12549</i>
                        <i>1 0 0 0 1 0 0 0 1 -1.33357 1.60755 -2.23225</i>
                        <i>1 0 0 0 1 0 0 0 1 -1.30202 1.60485 -2.33451</i>
                        <i>1 0 0 0 1 0 0 0 1 -1.22457 1.66646 -2.38009</i>
                        <i>1 0 0 0 1 0 0 0 1 -1.12944 1.74934 -2.41007</i>
                        <i>1 0 0 0 1 0 0 0 1 -1.03574 1.82818 -2.43571</i>
                        <i>1 0 0 0 1 0 0 0 1 -0.962562 1.87767 -2.46823</i>
                        <i>1 0 0 0 1 0 0 0 1 -0.909944 1.89777 -2.51583</i>
                        <i>1 0 0 0 1 0 0 0 1 -0.864555 1.9066 -2.57343</i>
                        <i>1 0 0 0 1 0 0 0 1 -0.825459 1.90614 -2.63243</i>
                        <i>1 0 0 0 1 0 0 0 1 -0.791721 1.89835 -2.68422</i>
                        <i>1 0 0 0 1 0 0 0 1 -0.762403 1.88519 -2.72018</i>
                        <i>1 0 0 0 1 0 0 0 1 -0.73657 1.86863 -2.73171</i>
                        <i>1 0 0 0 1 0 0 0 1 -0.717784 1.83692 -2.69231</i>
                        <i>1 0 0 0 1 0 0 0 1 -0.709373 1.78774 -2.60529</i>
                        <i>1 0 0 0 1 0 0 0 1 -0.710051 1.73726 -2.5067</i>
                        <i>1 0 0 0 1 0 0 0 1 -0.718533 1.70162 -2.43259</i>
                        <i>1 0 0 0 1 0 0 0 1 -0.766405 1.70826 -2.42013</i>
                        <i>1 0 0 0 1 0 0 0 1 -0.8083 1.73162 -2.43259</i>
                        <i>1 0 0 0 1 0 0 0 1 -0.8083 1.73912 -2.43259</i>
                        <i>1 0 0 0 1 0 0 0 1 -0.8083 1.7438 -2.43259</i>
                        <i>1 0 0 0 1 0 0 0 1 -0.8083 1.75081 -2.43259</i>
                        <i>1 0 0 0 1 0 0 0 1 -0.8083 1.76529 -2.43259</i>
                        <i>1 0 0 0 1 0 0 0 1 -0.776992 1.79311 -2.4403</i>
                        <i>1 0 0 0 1 0 0 0 1 -0.700668 1.83003 -2.45804</i>
                        <i>1 0 0 0 1 0 0 0 1 -0.605725 1.86601 -2.47774</i>
                        <i>1 0 0 0 1 0 0 0 1 -0.518562 1.89103 -2.4913</i>
                        <i>1 0 0 0 1 0 0 0 1 -0.465577 1.88379 -2.49066</i>
                        <i>1 0 0 0 1 0 0 0 1 -0.47317 1.8625 -2.46774</i>
                        <i>1 0 0 0 1 0 0 0 1 -0.650513 1.85316 -2.3783</i>
                        <i>1 0 0 0 1 0 0 0 1 -0.96457 1.84488 -2.23203</i>
                        <i>1 0 0 0 1 0 0 0 1 -1.22842 1.83153 -2.10171</i>
                        <i>1 0 0 0 1 0 0 0 1 -1.32931 1.7911 -2.01866</i>
                        <i>1 0 0 0 1 0 0 0 1 -1.35539 1.77292 -1.97734</i>
                        <i>1 0 0 0 1 0 0 0 1 -1.36708 1.84053 -1.99045</i>
                        <i>1 0 0 0 1 0 0 0 1 -1.36249 1.93297 -2.02471</i>
                        <i>1 0 0 0 1 0 0 0 1 -1.36267 1.96432 -2.02871</i>
                        <i>1 0 0 0 1 0 0 0 1 -1.37421 1.92164 -1.99153</i>
                        <i>1 0 0 0 1 0 0 0 1 -1.38876 1.85529 -1.94035</i>
                        <i>1 0 0 0 1 0 0 0 1 -1.40491 1.77431 -1.88103</i>
                        <i>1 0 0 0 1 0 0 0 1 -1.42126 1.68776 -1.8194</i>
                        <i>1 0 0 0 1 0 0 0 1 -1.43642 1.60469 -1.7613</i>
                        <i>1 0 0 0 1 0 0 0 1 -1.44898 1.53414 -1.71258</i>
                        <i>1 0 0 0 1 0 0 0 1 -1.45754 1.48518 -1.67906</i>
                        <i>1 0 0 0 1 0 0 0 1 -1.46071 1.46685 -1.66659</i>
                        <i>1 0 0 0 1 0 0 0 1 -1.46071 1.46685 -1.66659</i>
                        <i>1 0 0 0 1 0 0 0 1 -1.46071 1.46685 -1.66659</i>
                        <i>1 0 0 0 1 0 0 0 1 -1.46071 1.46685 -1.66659</i>
                        <i>1 0 0 0 1 0 0 0 1 -1.46071 1.46685 -1.66659</i>
                        <i>1 0 0 0 1 0 0 0 1 -1.46071 1.46685 -1.66659</i>
                        <i>1 0 0 0 1 0 0 0 1 -1.46071 1.46685 -1.66659</i>
                        <i>1 0 0 0 1 0 0 0 1 -1.46071 1.46685 -1.66659</i>
                        <i>1 0 0 0 1 0 0 0 1 -1.46071 1.46685 -1.66659</i>
                        <i>1 0 0 0 1 0 0 0 1 -1.46071 1.46685 -1.66659</i>
                        <i>1 0 0 0 1 0 0 0 1 -1.46071 1.46685 -1.66659</i>
                    </KeyFrames>
                </p>
            </i>
            <i>
                <p>
                    <Name><![CDATA[spine0]]></Name>
                    <Exclude>0</Exclude>
                    <Additive>0</Additive>
                    <IKPriority>0</IKPriority>
                    <IKRotLimits>-1e+010 -1e+010 -1e+010 1e+010 1e+010 1e+010</IKRotLimits>
                    <IKRotLimitOrder>0</IKRotLimitOrder>
                    <KeyFrames count="100">
                        <i>0.239358 0.914137 0.327202 -0.765915 -0.0293447 0.642272 0.596726 -0.404342 0.693127 -1.47055 1.60915 -1.68529</i>
                        <i>0.203812 0.954197 0.219019 -0.776896 0.0215053 0.629261 0.595729 -0.298406 0.745695 -1.4477 1.61476 -1.67219</i>
                        <i>0.157081 0.982474 0.10035 -0.794062 0.0652308 0.604326 0.587189 -0.174613 0.790392 -1.42196 1.61325 -1.6575</i>
                        <i>0.113926 0.993487 0.00218426 -0.803761 0.0908769 0.587971 0.583943 -0.0687407 0.808879 -1.40357 1.62179 -1.64625</i>
                        <i>0.0931056 0.994553 -0.0468653 -0.79188 0.1025 0.602013 0.603538 -0.0189391 0.79711 -1.4028 1.6589 -1.64396</i>
                        <i>0.0979058 0.99337 -0.0602595 -0.758352 0.113679 0.641856 0.64445 -0.0171435 0.764454 -1.4179 1.73844 -1.64987</i>
                        <i>0.114076 0.990976 -0.0703824 -0.71397 0.131039 0.687805 0.690821 -0.028211 0.722475 -1.43929 1.84674 -1.6588</i>
                        <i>0.136653 0.987414 -0.0796272 -0.659756 0.150677 0.736219 0.73895 -0.0480716 0.672043 -1.46516 1.96135 -1.66982</i>
                        <i>0.160239 0.982995 -0.0896956 -0.597488 0.168924 0.783883 0.785705 -0.0720164 0.614395 -1.49368 2.05979 -1.68202</i>
                        <i>0.179223 0.978536 -0.101714 -0.529653 0.183097 0.828217 0.829064 -0.0945625 0.5511 -1.52303 2.11957 -1.6946</i>
                        <i>0.187951 0.975958 -0.110365 -0.459333 0.186664 0.868429 0.868152 -0.112528 0.483374 -1.55145 2.12711 -1.70686</i>
                        <i>0.186672 0.976093 -0.111338 -0.389457 0.177569 0.903766 0.90193 -0.125346 0.413293 -1.57719 2.09726 -1.7182</i>
                        <i>0.178354 0.978106 -0.107233 -0.322824 0.161115 0.932645 0.929502 -0.131723 0.344492 -1.59863 2.05025 -1.7281</i>
                        <i>0.16563 0.980881 -0.102175 -0.262495 0.143717 0.954171 0.950612 -0.131219 0.28128 -1.61421 2.0063 -1.73609</i>
                        <i>0.150308 0.983396 -0.101685 -0.211739 0.132488 0.968305 0.965699 -0.124013 0.228137 -1.62249 1.98568 -1.74171</i>
                        <i>0.130403 0.987108 -0.0928099 -0.169987 0.114483 0.978774 0.97678 -0.111859 0.182724 -1.62045 1.99496 -1.74434</i>
                        <i>0.108162 0.991859 -0.0672096 -0.133954 0.0815306 0.987628 0.985067 -0.0978208 0.141682 -1.60808 2.0207 -1.74424</i>
                        <i>0.0898471 0.995285 -0.0365409 -0.103121 0.0457887 0.993614 0.990603 -0.0855052 0.106749 -1.58848 2.05322 -1.74218</i>
                        <i>0.0793235 0.996788 -0.0110418 -0.0769795 0.0171689 0.996885 0.993872 -0.0782264 0.0780941 -1.56477 2.0828 -1.73888</i>
                        <i>0.0770327 0.997028 -0.000821604 -0.0548141 0.00505786 0.998484 0.995521 -0.0768708 0.0550408 -1.54008 2.09979 -1.73505</i>
                        <i>0.0915542 0.995791 0.00425593 -0.0347105 -0.00108002 0.999397 0.995195 -0.0916467 0.0344655 -1.5175 2.08904 -1.73139</i>
                        <i>0.104247 0.99453 0.00647157 -0.0152723 -0.00490548 0.999871 0.994434 -0.104332 0.0146774 -1.50019 2.06117 -1.72856</i>
                        <i>0.0511527 0.998646 0.00949217 0.00474482 -0.00974753 0.999941 0.99868 -0.0511046 -0.00523701 -1.49126 2.04509 -1.72721</i>
                        <i>0.0154802 0.999427 0.0301037 0.0369306 -0.0306583 0.998847 0.999198 -0.0143506 -0.037384 -1.49401 2.05296 -1.72672</i>
                        <i>-0.0138209 0.997892 0.0633997 0.081754 -0.0620657 0.994718 0.996557 0.0189311 -0.0807239 -1.50645 2.07156 -1.72648</i>
                        <i>-0.0280885 0.994652 0.0993938 0.124022 -0.0951971 0.987702 0.991882 0.0400702 -0.120685 -1.52397 2.09179 -1.72687</i>
                        <i>-0.0247742 0.991674 0.126369 0.149392 -0.121316 0.981308 0.988468 0.0431895 -0.145142 -1.54215 2.10469 -1.72758</i>
                        <i>-0.00377182 0.990816 0.135166 0.145266 -0.13319 0.980387 0.989385 0.0233328 -0.143429 -1.55652 2.10145 -1.72766</i>
                        <i>0.0296039 0.995166 0.0936391 0.124446 -0.0966208 0.987511 0.991785 -0.0175812 -0.126705 -1.57154 2.07581 -1.72467</i>
                        <i>0.0904496 0.995895 0.00358065 0.106199 -0.0132201 0.994257 0.990222 -0.0895499 -0.106959 -1.58578 2.03183 -1.71996</i>
                        <i>0.197755 0.977453 -0.0740233 0.0804914 0.0590677 0.995004 0.976941 -0.202725 -0.0669956 -1.58715 1.97666 -1.71788</i>
                        <i>0.326994 0.942051 -0.0749345 0.0213291 0.0719164 0.997183 0.944786 -0.327671 0.00342318 -1.56635 1.91867 -1.72336</i>
                        <i>0.521666 0.85313 -0.00584239 -0.0616261 0.0445111 0.997106 0.850921 -0.519796 0.075795 -1.49052 1.84849 -1.74918</i>
                        <i>0.738231 0.669285 0.0841002 -0.135983 0.0255432 0.990382 0.660699 -0.742567 0.109868 -1.38034 1.7687 -1.79204</i>
                        <i>0.84383 0.511625 0.161836 -0.196749 0.0143987 0.980348 0.499241 -0.859088 0.112812 -1.30743 1.70946 -1.83603</i>
                        <i>0.836763 0.497675 0.228356 -0.256791 -0.0116728 0.966396 0.483617 -0.867285 0.118031 -1.2959 1.67869 -1.87932</i>
                        <i>0.783595 0.553372 0.282416 -0.307973 -0.0488083 0.950142 0.539566 -0.831503 0.132178 -1.31114 1.65853 -1.92655</i>
                        <i>0.710402 0.631596 0.310508 -0.335756 -0.0836076 0.938231 0.618544 -0.770777 0.152667 -1.33545 1.64383 -1.97185</i>
                        <i>0.650551 0.693462 0.309668 -0.339463 -0.0992356 0.93537 0.679374 -0.713626 0.170847 -1.35152 1.63384 -2.00832</i>
                        <i>0.61752 0.732889 0.285557 -0.337191 -0.0813303 0.937917 0.710613 -0.67547 0.1969 -1.35726 1.6294 -2.03322</i>
                        <i>0.594114 0.766362 0.244374 -0.3432 -0.0332583 0.938673 0.727491 -0.641548 0.243256 -1.36171 1.63027 -2.05089</i>
                        <i>0.574999 0.795712 0.19031 -0.353181 0.0315878 0.935021 0.737996 -0.604851 0.299194 -1.36517 1.6364 -2.06499</i>
                        <i>0.553939 0.822604 0.128352 -0.361437 0.0987246 0.927155 0.75001 -0.559979 0.352007 -1.36788 1.64761 -2.07912</i>
                        <i>0.52365 0.849487 0.0645277 -0.363645 0.15438 0.918656 0.770424 -0.504519 0.389752 -1.37002 1.66356 -2.09688</i>
                        <i>0.483791 0.875015 -0.0171855 -0.364647 0.219384 0.904933 0.7956 -0.431531 0.425207 -1.37035 1.71265 -2.11115</i>
                        <i>0.426638 0.900467 -0.0844957 -0.365012 0.25691 0.894854 0.827494 -0.350936 0.438289 -1.36971 1.76079 -2.1459</i>
                        <i>0.307916 0.937518 -0.162015 -0.440874 0.291502 0.848915 0.8431 -0.189966 0.503085 -1.38037 1.74169 -2.25492</i>
                        <i>0.204701 0.95304 -0.223186 -0.546726 0.300455 0.781548 0.811904 -0.0379619 0.582555 -1.35891 1.73327 -2.36563</i>
                        <i>0.160502 0.969125 -0.187178 -0.631689 0.246569 0.734964 0.758425 0.000275162 0.651761 -1.2789 1.79448 -2.4169</i>
                        <i>0.134043 0.986191 -0.0972616 -0.730201 0.164646 0.663097 0.669954 -0.0178631 0.742188 -1.17806 1.87861 -2.45035</i>
                        <i>0.10573 0.994385 0.00441965 -0.807806 0.0832976 0.583533 0.579889 -0.0652669 0.812077 -1.07776 1.95948 -2.47682</i>
                        <i>0.079038 0.995306 0.0558469 -0.845346 0.0372273 0.53292 0.528339 -0.0893309 0.844321 -0.999566 2.01027 -2.51001</i>
                        <i>0.0522301 0.997455 0.0485293 -0.849715 0.0188583 0.526905 0.524649 -0.0687564 0.848537 -0.945257 2.03027 -2.55933</i>
                        <i>0.0136167 0.999647 0.0228167 -0.838315 -0.0010246 0.545185 0.545015 -0.0265511 0.838005 -0.90096 2.03831 -2.61842</i>
                        <i>-0.0315566 0.999462 -0.00892838 -0.816119 -0.0206088 0.577516 0.577021 0.0255111 0.816331 -0.864527 2.03669 -2.67856</i>
                        <i>-0.0744255 0.996554 -0.0366108 -0.788947 -0.0363867 0.613383 0.609937 0.0745353 0.788937 -0.833726 2.02774 -2.73102</i>
                        <i>-0.100792 0.993469 -0.0534733 -0.764717 -0.0429783 0.642931 0.636434 0.105694 0.764055 -0.806253 2.01386 -2.76727</i>
                        <i>-0.093979 0.99408 -0.0545201 -0.752724 -0.0351066 0.657399 0.651594 0.10282 0.751568 -0.779777 1.9975 -2.77884</i>
                        <i>0.00142499 0.999919 -0.0126629 -0.761248 0.0092961 0.648394 0.64846 0.00871566 0.761199 -0.75491 1.96802 -2.73847</i>
                        <i>0.0989979 0.994367 0.0378602 -0.777547 0.0535562 0.62654 0.620984 -0.0914643 0.778469 -0.736335 1.92225 -2.64862</i>
                        <i>0.149655 0.988586 0.0173346 -0.788995 0.108838 0.604683 0.595895 -0.104171 0.796278 -0.727749 1.87441 -2.54637</i>
                        <i>0.176998 0.984153 -0.0106737 -0.789969 0.148526 0.594886 0.587044 -0.0968615 0.803739 -0.732256 1.83976 -2.47035</i>
                        <i>0.160864 0.986617 -0.0266367 -0.795605 0.145597 0.58806 0.584068 -0.0734055 0.808379 -0.790945 1.84151 -2.46848</i>
                        <i>0.138417 0.989248 -0.0472241 -0.802531 0.139977 0.579958 0.580332 -0.042377 0.813277 -0.842772 1.85871 -2.49053</i>
                        <i>0.131685 0.989663 -0.0567948 -0.799983 0.139931 0.583478 0.585394 -0.0314004 0.810141 -0.838835 1.86936 -2.48552</i>
                        <i>0.119051 0.990008 -0.075575 -0.795036 0.140647 0.590031 0.594764 -0.0101592 0.803836 -0.831093 1.87919 -2.47555</i>
                        <i>0.109241 0.989783 -0.0916326 -0.78992 0.142401 0.596447 0.603401 0.00722592 0.797405 -0.823375 1.89004 -2.4655</i>
                        <i>0.105205 0.989523 -0.0988732 -0.787432 0.143615 0.599438 0.607357 0.0147919 0.794291 -0.819863 1.90587 -2.46089</i>
                        <i>0.136452 0.985259 -0.103177 -0.789077 0.171067 0.589995 0.598948 0.000908908 0.800788 -0.787113 1.93384 -2.4684</i>
                        <i>0.214678 0.970147 -0.112823 -0.788994 0.240349 0.565438 0.575675 -0.0323704 0.817038 -0.707271 1.97107 -2.4856</i>
                        <i>0.316272 0.940715 -0.122585 -0.779359 0.331324 0.531812 0.540899 -0.0726598 0.837943 -0.607953 2.00733 -2.50454</i>
                        <i>0.416856 0.89996 -0.127684 -0.757863 0.421669 0.497834 0.501871 -0.110758 0.857822 -0.516702 2.03254 -2.51716</i>
                        <i>0.492497 0.861243 -0.12533 -0.732187 0.487861 0.475284 0.470478 -0.142311 0.87086 -0.460948 2.02545 -2.5153</i>
                        <i>0.521591 0.845414 -0.114971 -0.717552 0.507569 0.476962 0.461586 -0.166281 0.871372 -0.468037 2.00442 -2.49073</i>
                        <i>0.297753 0.949769 -0.0963433 -0.781811 0.300516 0.546317 0.547828 -0.0873454 0.832019 -0.652924 1.99553 -2.39886</i>
                        <i>0.0836872 0.991753 0.0970742 -0.772698 0.00307071 0.634767 0.629234 -0.128131 0.766582 -0.981685 1.98647 -2.25088</i>
                        <i>-0.00519648 0.979753 0.200145 -0.707611 -0.145025 0.691559 0.706583 -0.138031 0.694037 -1.25626 1.97129 -2.12145</i>
                        <i>-0.000261104 0.989571 0.144047 -0.627962 -0.112266 0.770104 0.778244 -0.0902548 0.621442 -1.37151 1.92406 -2.05383</i>
                        <i>0.0239719 0.995538 0.0912681 -0.568088 -0.0615568 0.820662 0.822619 -0.0715211 0.564077 -1.41085 1.89719 -2.02399</i>
                        <i>0.0526056 0.99534 0.0808151 -0.579134 -0.0355204 0.814458 0.813534 -0.0896478 0.574566 -1.41845 1.96863 -2.03105</i>
                        <i>0.0997461 0.991881 0.0788893 -0.586685 -0.00540875 0.809798 0.803649 -0.127057 0.581381 -1.40626 2.06694 -2.05356</i>
                        <i>0.12418 0.988951 0.0809611 -0.585907 0.00723126 0.810346 0.800808 -0.148065 0.580331 -1.40229 2.10082 -2.05097</i>
                        <i>0.138359 0.985935 0.0937534 -0.593674 0.00679449 0.804677 0.792722 -0.166993 0.586264 -1.41246 2.05853 -2.01377</i>
                        <i>0.173473 0.976633 0.12687 -0.614109 0.00655957 0.789194 0.76992 -0.214816 0.600897 -1.4234 1.99315 -1.9625</i>
                        <i>0.213081 0.961414 0.17401 -0.643042 0.00391032 0.765821 0.735591 -0.275077 0.619063 -1.43454 1.91338 -1.90289</i>
                        <i>0.241402 0.943917 0.22527 -0.67635 -0.00281397 0.736575 0.6959 -0.330172 0.637739 -1.4453 1.82799 -1.84071</i>
                        <i>0.25104 0.929832 0.269056 -0.709664 -0.0122371 0.704434 0.658297 -0.367781 0.656797 -1.45506 1.74585 -1.78183</i>
                        <i>0.248721 0.920565 0.30116 -0.738415 -0.0209961 0.674019 0.626802 -0.390024 0.674537 -1.46308 1.67595 -1.73226</i>
                        <i>0.242605 0.915611 0.320623 -0.758419 -0.0270793 0.651204 0.604932 -0.401152 0.687848 -1.46853 1.62736 -1.69805</i>
                        <i>0.239358 0.914137 0.327202 -0.765915 -0.0293447 0.642272 0.596726 -0.404342 0.693127 -1.47055 1.60915 -1.68529</i>
                        <i>0.239358 0.914137 0.327202 -0.765915 -0.0293447 0.642272 0.596726 -0.404342 0.693127 -1.47055 1.60915 -1.68529</i>
                        <i>0.239358 0.914137 0.327202 -0.765915 -0.0293447 0.642272 0.596726 -0.404342 0.693127 -1.47055 1.60915 -1.68529</i>
                        <i>0.239358 0.914137 0.327202 -0.765915 -0.0293447 0.642272 0.596726 -0.404342 0.693127 -1.47055 1.60915 -1.68529</i>
                        <i>0.239358 0.914137 0.327202 -0.765915 -0.0293447 0.642272 0.596726 -0.404342 0.693127 -1.47055 1.60915 -1.68529</i>
                        <i>0.239358 0.914137 0.327202 -0.765915 -0.0293447 0.642272 0.596726 -0.404342 0.693127 -1.47055 1.60915 -1.68529</i>
                        <i>0.239358 0.914137 0.327202 -0.765915 -0.0293447 0.642272 0.596726 -0.404342 0.693127 -1.47055 1.60915 -1.68529</i>
                        <i>0.239358 0.914137 0.327202 -0.765915 -0.0293447 0.642272 0.596726 -0.404342 0.693127 -1.47055 1.60915 -1.68529</i>
                        <i>0.239358 0.914137 0.327202 -0.765915 -0.0293447 0.642272 0.596726 -0.404342 0.693127 -1.47055 1.60915 -1.68529</i>
                        <i>0.239358 0.914137 0.327202 -0.765915 -0.0293447 0.642272 0.596726 -0.404342 0.693127 -1.47055 1.60915 -1.68529</i>
                        <i>0.239358 0.914137 0.327202 -0.765915 -0.0293447 0.642272 0.596726 -0.404342 0.693127 -1.47055 1.60915 -1.68529</i>
                    </KeyFrames>
                </p>
            </i>
            <i>
                <p>
                    <Name><![CDATA[spine1]]></Name>
                    <Exclude>0</Exclude>
                    <Additive>0</Additive>
                    <IKPriority>0</IKPriority>
                    <IKRotLimits>-1e+010 -1e+010 -1e+010 1e+010 1e+010 1e+010</IKRotLimits>
                    <IKRotLimitOrder>0</IKRotLimitOrder>
                    <KeyFrames count="100">
                        <i>0.382289 0.625393 0.680249 -0.799713 -0.144894 0.582636 0.46294 -0.76674 0.444744 -1.42645 1.77778 -1.625</i>
                        <i>0.324407 0.744408 0.583624 -0.784431 -0.133082 0.60577 0.52861 -0.654328 0.540764 -1.41027 1.79022 -1.63198</i>
                        <i>0.24277 0.849505 0.468406 -0.769611 -0.125286 0.6261 0.59056 -0.512489 0.623373 -1.39315 1.79376 -1.63912</i>
                        <i>0.1676 0.914317 0.368693 -0.750362 -0.124258 0.649243 0.639427 -0.385466 0.665243 -1.38265 1.8046 -1.64591</i>
                        <i>0.140228 0.93664 0.321002 -0.723749 -0.124274 0.678781 0.675665 -0.327509 0.660465 -1.38568 1.84228 -1.65266</i>
                        <i>0.163869 0.936952 0.308656 -0.690779 -0.114383 0.713961 0.704252 -0.330209 0.628483 -1.39989 1.92171 -1.66104</i>
                        <i>0.208275 0.933299 0.29253 -0.65397 -0.0895149 0.751206 0.727286 -0.347764 0.591706 -1.41831 2.02947 -1.67184</i>
                        <i>0.266683 0.925387 0.269332 -0.61319 -0.0526848 0.788176 0.743558 -0.375345 0.553388 -1.44003 2.14332 -1.68455</i>
                        <i>0.331804 0.913065 0.237104 -0.567711 -0.00746247 0.823194 0.753399 -0.407746 0.515881 -1.4642 2.241 -1.69861</i>
                        <i>0.396214 0.897088 0.195569 -0.516665 0.0417633 0.855168 0.758994 -0.439874 0.480042 -1.48999 2.30035 -1.71344</i>
                        <i>0.453003 0.878972 0.148984 -0.45185 0.0823113 0.888288 0.768517 -0.469716 0.434451 -1.51668 2.30803 -1.72736</i>
                        <i>0.498449 0.860938 0.101655 -0.372422 0.106765 0.921902 0.782848 -0.497379 0.373849 -1.54252 2.279 -1.73897</i>
                        <i>0.53051 0.845866 0.0554048 -0.289637 0.119451 0.949654 0.796662 -0.519848 0.308364 -1.56533 2.23339 -1.74821</i>
                        <i>0.547803 0.836508 0.0129019 -0.215159 0.125965 0.968421 0.808466 -0.53328 0.248986 -1.58311 2.19111 -1.75537</i>
                        <i>0.549713 0.835041 -0.0228539 -0.159528 0.131795 0.978356 0.81998 -0.534169 0.205662 -1.59414 2.17188 -1.76099</i>
                        <i>0.538488 0.842321 -0.0229125 -0.143542 0.118491 0.982525 0.830317 -0.525789 0.184715 -1.59578 2.18253 -1.762</i>
                        <i>0.52042 0.85364 0.0214784 -0.16423 0.0753758 0.983538 0.837969 -0.51538 0.179421 -1.58757 2.20981 -1.75707</i>
                        <i>0.500409 0.861966 0.0812808 -0.19549 0.0210341 0.98048 0.84343 -0.50653 0.179031 -1.57143 2.24345 -1.74917</i>
                        <i>0.486 0.865085 0.124231 -0.213426 -0.0203645 0.976747 0.847499 -0.501213 0.174734 -1.54971 2.27359 -1.741</i>
                        <i>0.484685 0.866896 0.1165 -0.196396 -0.0219321 0.980279 0.852355 -0.498007 0.159624 -1.52546 2.29058 -1.73521</i>
                        <i>0.514307 0.854355 0.0746085 -0.169751 0.0161388 0.985355 0.840638 -0.51944 0.153328 -1.50009 2.2798 -1.73058</i>
                        <i>0.538551 0.842485 0.0134708 -0.11366 0.0567965 0.991895 0.834892 -0.535717 0.126345 -1.4803 2.25207 -1.72732</i>
                        <i>0.438949 0.8958 -0.0697536 0.058555 0.0489478 0.997083 0.896602 -0.441753 -0.030968 -1.48162 2.23545 -1.7254</i>
                        <i>0.333797 0.93501 -0.11973 0.217634 0.0471416 0.974891 0.917178 -0.351473 -0.187755 -1.49119 2.24152 -1.72104</i>
                        <i>0.198102 0.971717 -0.128533 0.386063 0.0431791 0.921461 0.90095 -0.232165 -0.36659 -1.5091 2.25685 -1.7147</i>
                        <i>0.0719282 0.992503 -0.0988167 0.532399 0.0455737 0.845266 0.843432 -0.113408 -0.525129 -1.52919 2.27386 -1.70866</i>
                        <i>-0.00905901 0.998333 -0.0570014 0.632468 0.0498735 0.77298 0.774534 -0.0290491 -0.631865 -1.54671 2.28463 -1.70464</i>
                        <i>-0.021645 0.999084 -0.0369209 0.671149 0.041892 0.740138 0.741006 -0.00875914 -0.671441 -1.55726 2.2807 -1.70319</i>
                        <i>0.0372907 0.996292 -0.0775351 0.61112 0.038653 0.790594 0.790659 -0.0768651 -0.607412 -1.56624 2.25611 -1.7077</i>
                        <i>0.168346 0.973593 -0.154194 0.454929 0.0620334 0.888364 0.874471 -0.2197 -0.432473 -1.56941 2.21283 -1.7193</i>
                        <i>0.365007 0.912894 -0.182742 0.25783 0.0894903 0.962037 0.894591 -0.398267 -0.202707 -1.55112 2.15508 -1.73139</i>
                        <i>0.573248 0.811565 -0.112913 0.0892814 0.0751153 0.99317 0.814503 -0.579414 -0.029398 -1.50625 2.09205 -1.73715</i>
                        <i>0.82834 0.559632 0.0257677 -0.0343796 0.00487073 0.999397 0.559169 -0.828727 0.0232745 -1.39312 2.00796 -1.75028</i>
                        <i>0.979035 0.125713 0.160269 -0.154327 -0.0557246 0.986447 0.13294 -0.9905 -0.0351554 -1.23931 1.89671 -1.77598</i>
                        <i>0.952819 -0.177625 0.246142 -0.264425 -0.0875312 0.960426 -0.14905 -0.980198 -0.13037 -1.14285 1.80942 -1.80447</i>
                        <i>0.913944 -0.23752 0.329076 -0.366401 -0.134229 0.920724 -0.174519 -0.962064 -0.209706 -1.13036 1.77734 -1.83414</i>
                        <i>0.893941 -0.194017 0.404012 -0.440491 -0.214038 0.871869 -0.0826836 -0.957364 -0.2768 -1.15453 1.76933 -1.8701</i>
                        <i>0.883392 -0.106805 0.456301 -0.46625 -0.298404 0.832806 0.0472143 -0.948445 -0.313406 -1.19257 1.7711 -1.90938</i>
                        <i>0.877924 -0.0278946 0.477987 -0.457353 -0.344293 0.819933 0.141696 -0.938448 -0.315021 -1.22032 1.77396 -1.94584</i>
                        <i>0.881746 0.0259091 0.471013 -0.437143 -0.330379 0.836514 0.177286 -0.943493 -0.279984 -1.23266 1.77757 -1.97557</i>
                        <i>0.892815 0.0747138 0.444183 -0.410825 -0.269242 0.871052 0.184672 -0.96017 -0.209689 -1.24194 1.78506 -2.00161</i>
                        <i>0.90765 0.123054 0.401286 -0.378295 -0.174361 0.909116 0.181839 -0.976963 -0.111708 -1.24953 1.79673 -2.02673</i>
                        <i>0.921545 0.176545 0.345812 -0.339562 -0.0654504 0.938304 0.188286 -0.982114 -0.000367555 -1.25693 1.81266 -2.05345</i>
                        <i>0.927819 0.243745 0.282384 -0.298941 0.0330391 0.9537 0.22313 -0.969276 0.10352 -1.26577 1.83298 -2.08409</i>
                        <i>0.912897 0.37635 0.158047 -0.236432 0.1719 0.956321 0.332743 -0.91039 0.245909 -1.2756 1.88431 -2.11459</i>
                        <i>0.852432 0.522832 -0.00247905 -0.173111 0.28671 0.942247 0.493348 -0.802773 0.334909 -1.28754 1.9345 -2.16226</i>
                        <i>0.766129 0.629938 -0.127376 -0.196077 0.417845 0.887107 0.612046 -0.654663 0.44364 -1.32246 1.9183 -2.28549</i>
                        <i>0.677612 0.712139 -0.183577 -0.288175 0.486777 0.824623 0.676607 -0.505872 0.535067 -1.32137 1.90834 -2.40667</i>
                        <i>0.570547 0.811611 -0.125551 -0.415561 0.417164 0.808259 0.708368 -0.408976 0.575286 -1.24987 1.97001 -2.45084</i>
                        <i>0.419774 0.907432 -0.0189037 -0.58069 0.284515 0.762791 0.697559 -0.309223 0.646369 -1.15406 2.05544 -2.46782</i>
                        <i>0.259669 0.962458 0.0790333 -0.706791 0.133646 0.694683 0.658042 -0.236248 0.714961 -1.05881 2.13796 -2.47607</i>
                        <i>0.152122 0.981255 0.118308 -0.760505 0.0397578 0.648114 0.631261 -0.188566 0.752298 -0.985437 2.1885 -2.50005</i>
                        <i>0.0951905 0.990219 0.102003 -0.760876 0.00630354 0.648867 0.641878 -0.139377 0.754034 -0.936125 2.20489 -2.55085</i>
                        <i>0.045241 0.996649 0.0681426 -0.736849 -0.0127671 0.675937 0.674542 -0.0807909 0.733802 -0.898654 2.20687 -2.61456</i>
                        <i>0.00366134 0.999575 0.0289226 -0.701353 -0.0180496 0.712586 0.712805 -0.022894 0.700989 -0.869579 2.19785 -2.67994</i>
                        <i>-0.024015 0.999694 -0.00595275 -0.667145 -0.0115912 0.744838 0.744541 0.0218586 0.667219 -0.845159 2.18168 -2.7366</i>
                        <i>-0.0277063 0.999217 -0.0282507 -0.64654 0.00364124 0.762871 0.762377 0.0394016 0.645933 -0.821254 2.16258 -2.77517</i>
                        <i>0.004067 0.999571 -0.0289978 -0.650097 0.0246769 0.759451 0.759841 0.0157627 0.649918 -0.793602 2.14475 -2.78681</i>
                        <i>0.0472343 0.998305 -0.0340137 -0.714013 0.057557 0.697763 0.698537 -0.00867211 0.715521 -0.754618 2.12107 -2.74032</i>
                        <i>0.125824 0.991544 -0.0317515 -0.794427 0.119877 0.595412 0.594184 -0.0496928 0.802793 -0.719903 2.08708 -2.64232</i>
                        <i>0.257277 0.9658 0.0322414 -0.828786 0.203376 0.521299 0.496913 -0.16084 0.852765 -0.701254 2.04957 -2.54333</i>
                        <i>0.348479 0.92803 0.131613 -0.831585 0.241321 0.500231 0.432469 -0.283768 0.855831 -0.699111 2.02438 -2.47243</i>
                        <i>0.420385 0.873211 0.246535 -0.828075 0.258156 0.497642 0.370901 -0.413351 0.831609 -0.760359 2.02953 -2.47365</i>
                        <i>0.45363 0.839196 0.299951 -0.826985 0.270952 0.492626 0.332137 -0.471525 0.816914 -0.816042 2.05031 -2.49979</i>
                        <i>0.421068 0.875178 0.238253 -0.827503 0.263102 0.496001 0.371404 -0.406005 0.834996 -0.81383 2.05779 -2.49642</i>
                        <i>0.340987 0.934928 0.0981677 -0.828552 0.249561 0.50122 0.444106 -0.252246 0.859733 -0.809151 2.06205 -2.48958</i>
                        <i>0.249298 0.967227 -0.0482008 -0.82914 0.238894 0.505427 0.500377 -0.0860368 0.861522 -0.803682 2.06877 -2.48209</i>
                        <i>0.204913 0.972013 -0.114898 -0.829298 0.234769 0.507099 0.519881 -0.00862651 0.854195 -0.801027 2.08331 -2.47866</i>
                        <i>0.25895 0.958061 -0.122731 -0.819279 0.285165 0.497456 0.511592 -0.0282655 0.858763 -0.76246 2.11209 -2.48711</i>
                        <i>0.388305 0.911201 -0.137597 -0.783008 0.404969 0.472121 0.485919 -0.075587 0.870729 -0.667539 2.15084 -2.50658</i>
                        <i>0.541006 0.828108 -0.146799 -0.714776 0.544718 0.438609 0.44318 -0.132361 0.886607 -0.54737 2.18774 -2.52815</i>
                        <i>0.673037 0.725513 -0.14371 -0.626985 0.662742 0.409467 0.392316 -0.185482 0.900935 -0.433789 2.21174 -2.54273</i>
                        <i>0.759666 0.63716 -0.130134 -0.548234 0.7351 0.398832 0.349782 -0.231635 0.907743 -0.359787 2.20256 -2.54125</i>
