<?xml version="1.0" encoding="ISO-8859-1" ?>
<Animl Version="1">
    <ModellingPackage><![CDATA[Maya.2010]]></ModellingPackage>
    <SrcFile><![CDATA[anims\turrets\antitank\blue\~src\antitank_m72_law\antitank_m72law_fire_crewman_a.mb]]></SrcFile>
    <FramesPerSecond>30</FramesPerSecond>
    <TotalFrames>50</TotalFrames>
    <Skeleton>
        <RefFrame>
            <Name><![CDATA[soldier_ref_frame]]></Name>
            <Exclude>0</Exclude>
            <Additive>0</Additive>
            <IKPriority>0</IKPriority>
            <IKRotLimits>-1e+010 -1e+010 -1e+010 1e+010 1e+010 1e+010</IKRotLimits>
            <IKRotLimitOrder>0</IKRotLimitOrder>
            <KeyFrames count="50">
                <i>1 0 0 0 1 0 0 0 1 0.46 1.89 0.26</i>
                <i>1 0 0 0 1 0 0 0 1 0.46 1.89 0.26</i>
                <i>1 0 0 0 1 0 0 0 1 0.46 1.89 0.26</i>
                <i>1 0 0 0 1 0 0 0 1 0.46 1.89 0.26</i>
                <i>1 0 0 0 1 0 0 0 1 0.46 1.89 0.26</i>
                <i>1 0 0 0 1 0 0 0 1 0.46 1.89 0.26</i>
                <i>1 0 0 0 1 0 0 0 1 0.46 1.89 0.26</i>
                <i>1 0 0 0 1 0 0 0 1 0.46 1.89 0.26</i>
                <i>1 0 0 0 1 0 0 0 1 0.46 1.89 0.26</i>
                <i>1 0 0 0 1 0 0 0 1 0.46 1.89 0.26</i>
                <i>1 0 0 0 1 0 0 0 1 0.46 1.89 0.26</i>
                <i>1 0 0 0 1 0 0 0 1 0.46 1.89 0.26</i>
                <i>1 0 0 0 1 0 0 0 1 0.46 1.89 0.26</i>
                <i>1 0 0 0 1 0 0 0 1 0.46 1.89 0.26</i>
                <i>1 0 0 0 1 0 0 0 1 0.46 1.89 0.26</i>
                <i>1 0 0 0 1 0 0 0 1 0.46 1.89 0.26</i>
                <i>1 0 0 0 1 0 0 0 1 0.46 1.89 0.26</i>
                <i>1 0 0 0 1 0 0 0 1 0.46 1.89 0.26</i>
                <i>1 0 0 0 1 0 0 0 1 0.46 1.89 0.26</i>
                <i>1 0 0 0 1 0 0 0 1 0.46 1.89 0.26</i>
                <i>1 0 0 0 1 0 0 0 1 0.46 1.89 0.26</i>
                <i>1 0 0 0 1 0 0 0 1 0.46 1.89 0.26</i>
                <i>1 0 0 0 1 0 0 0 1 0.46 1.89 0.26</i>
                <i>1 0 0 0 1 0 0 0 1 0.46 1.89 0.26</i>
                <i>1 0 0 0 1 0 0 0 1 0.46 1.89 0.26</i>
                <i>1 0 0 0 1 0 0 0 1 0.46 1.89 0.26</i>
                <i>1 0 0 0 1 0 0 0 1 0.46 1.89 0.26</i>
                <i>1 0 0 0 1 0 0 0 1 0.46 1.89 0.26</i>
                <i>1 0 0 0 1 0 0 0 1 0.46 1.89 0.26</i>
                <i>1 0 0 0 1 0 0 0 1 0.46 1.89 0.26</i>
                <i>1 0 0 0 1 0 0 0 1 0.46 1.89 0.26</i>
                <i>1 0 0 0 1 0 0 0 1 0.46 1.89 0.26</i>
                <i>1 0 0 0 1 0 0 0 1 0.46 1.89 0.26</i>
                <i>1 0 0 0 1 0 0 0 1 0.46 1.89 0.26</i>
                <i>1 0 0 0 1 0 0 0 1 0.46 1.89 0.26</i>
                <i>1 0 0 0 1 0 0 0 1 0.46 1.89 0.26</i>
                <i>1 0 0 0 1 0 0 0 1 0.46 1.89 0.26</i>
                <i>1 0 0 0 1 0 0 0 1 0.46 1.89 0.26</i>
                <i>1 0 0 0 1 0 0 0 1 0.46 1.89 0.26</i>
                <i>1 0 0 0 1 0 0 0 1 0.46 1.89 0.26</i>
                <i>1 0 0 0 1 0 0 0 1 0.46 1.89 0.26</i>
                <i>1 0 0 0 1 0 0 0 1 0.46 1.89 0.26</i>
                <i>1 0 0 0 1 0 0 0 1 0.46 1.89 0.26</i>
                <i>1 0 0 0 1 0 0 0 1 0.46 1.89 0.26</i>
                <i>1 0 0 0 1 0 0 0 1 0.46 1.89 0.26</i>
                <i>1 0 0 0 1 0 0 0 1 0.46 1.89 0.26</i>
                <i>1 0 0 0 1 0 0 0 1 0.46 1.89 0.26</i>
                <i>1 0 0 0 1 0 0 0 1 0.46 1.89 0.26</i>
                <i>1 0 0 0 1 0 0 0 1 0.46 1.89 0.26</i>
                <i>1 0 0 0 1 0 0 0 1 0.46 1.89 0.26</i>
            </KeyFrames>
        </RefFrame>
        <Bones count="23">
            <i>
                <p>
                    <Name><![CDATA[pelvis]]></Name>
                    <Exclude>0</Exclude>
                    <Additive>0</Additive>
                    <IKPriority>0</IKPriority>
                    <IKRotLimits>-1e+010 -1e+010 -1e+010 1e+010 1e+010 1e+010</IKRotLimits>
                    <IKRotLimitOrder>2</IKRotLimitOrder>
                    <KeyFrames count="50">
                        <i>1 0 0 0 1 0 0 0 1 0.463542 2.05239 -0.086187</i>
                        <i>1 0 0 0 1 0 0 0 1 0.463542 2.05239 -0.086187</i>
                        <i>1 0 0 0 1 0 0 0 1 0.463542 2.05239 -0.086187</i>
                        <i>1 0 0 0 1 0 0 0 1 0.463542 2.0592 -0.086187</i>
                        <i>1 0 0 0 1 0 0 0 1 0.463542 2.07523 -0.086187</i>
                        <i>1 0 0 0 1 0 0 0 1 0.463542 2.09387 -0.086187</i>
                        <i>1 0 0 0 1 0 0 0 1 0.463542 2.10852 -0.086187</i>
                        <i>1 0 0 0 1 0 0 0 1 0.463542 2.11259 -0.086187</i>
                        <i>1 0 0 0 1 0 0 0 1 0.463542 2.10454 -0.086187</i>
                        <i>1 0 0 0 1 0 0 0 1 0.463542 2.08921 -0.086187</i>
                        <i>1 0 0 0 1 0 0 0 1 0.463542 2.06959 -0.086187</i>
                        <i>1 0 0 0 1 0 0 0 1 0.463542 2.04865 -0.086187</i>
                        <i>1 0 0 0 1 0 0 0 1 0.463542 2.02936 -0.086187</i>
                        <i>1 0 0 0 1 0 0 0 1 0.463542 2.01472 -0.086187</i>
                        <i>1 0 0 0 1 0 0 0 1 0.463542 2.00334 -0.086187</i>
                        <i>1 0 0 0 1 0 0 0 1 0.463542 1.99441 -0.086187</i>
                        <i>1 0 0 0 1 0 0 0 1 0.463542 1.99178 -0.086187</i>
                        <i>1 0 0 0 1 0 0 0 1 0.463542 1.9993 -0.086187</i>
                        <i>1 0 0 0 1 0 0 0 1 0.463542 2.0256 -0.086187</i>
                        <i>1 0 0 0 1 0 0 0 1 0.463542 2.06611 -0.086187</i>
                        <i>1 0 0 0 1 0 0 0 1 0.463542 2.10481 -0.086187</i>
                        <i>1 0 0 0 1 0 0 0 1 0.463542 2.12569 -0.086187</i>
                        <i>1 0 0 0 1 0 0 0 1 0.463542 2.11986 -0.086187</i>
                        <i>1 0 0 0 1 0 0 0 1 0.463542 2.09739 -0.086187</i>
                        <i>1 0 0 0 1 0 0 0 1 0.463542 2.07075 -0.086187</i>
                        <i>1 0 0 0 1 0 0 0 1 0.463542 2.05239 -0.086187</i>
                        <i>1 0 0 0 1 0 0 0 1 0.463542 2.05633 -0.086187</i>
                        <i>1 0 0 0 1 0 0 0 1 0.463542 2.0653 -0.086187</i>
                        <i>1 0 0 0 1 0 0 0 1 0.463542 2.05885 -0.086187</i>
                        <i>1 0 0 0 1 0 0 0 1 0.463542 2.05239 -0.086187</i>
                        <i>1 0 0 0 1 0 0 0 1 0.463542 2.05239 -0.086187</i>
                        <i>1 0 0 0 1 0 0 0 1 0.463542 2.05239 -0.086187</i>
                        <i>1 0 0 0 1 0 0 0 1 0.463542 2.05239 -0.086187</i>
                        <i>1 0 0 0 1 0 0 0 1 0.463542 2.05239 -0.086187</i>
                        <i>1 0 0 0 1 0 0 0 1 0.463542 2.05239 -0.086187</i>
                        <i>1 0 0 0 1 0 0 0 1 0.463542 2.05239 -0.086187</i>
                        <i>1 0 0 0 1 0 0 0 1 0.463542 2.05239 -0.086187</i>
                        <i>1 0 0 0 1 0 0 0 1 0.463542 2.05239 -0.086187</i>
                        <i>1 0 0 0 1 0 0 0 1 0.463542 2.05239 -0.086187</i>
                        <i>1 0 0 0 1 0 0 0 1 0.463542 2.05239 -0.086187</i>
                        <i>1 0 0 0 1 0 0 0 1 0.463542 2.05239 -0.086187</i>
                        <i>1 0 0 0 1 0 0 0 1 0.463542 2.05239 -0.086187</i>
                        <i>1 0 0 0 1 0 0 0 1 0.463542 2.05239 -0.086187</i>
                        <i>1 0 0 0 1 0 0 0 1 0.463542 2.05239 -0.086187</i>
                        <i>1 0 0 0 1 0 0 0 1 0.463542 2.05239 -0.086187</i>
                        <i>1 0 0 0 1 0 0 0 1 0.463542 2.05239 -0.086187</i>
                        <i>1 0 0 0 1 0 0 0 1 0.463542 2.05239 -0.086187</i>
                        <i>1 0 0 0 1 0 0 0 1 0.463542 2.05239 -0.086187</i>
                        <i>1 0 0 0 1 0 0 0 1 0.463542 2.05239 -0.086187</i>
                        <i>1 0 0 0 1 0 0 0 1 0.463542 2.05239 -0.086187</i>
                    </KeyFrames>
                </p>
            </i>
            <i>
                <p>
                    <Name><![CDATA[spine0]]></Name>
                    <Exclude>0</Exclude>
                    <Additive>0</Additive>
                    <IKPriority>0</IKPriority>
                    <IKRotLimits>-1e+010 -1e+010 -1e+010 1e+010 1e+010 1e+010</IKRotLimits>
                    <IKRotLimitOrder>0</IKRotLimitOrder>
                    <KeyFrames count="50">
                        <i>0.0834094 0.98873 -0.124318 -0.996031 0.0788297 -0.0413217 -0.0310561 0.127271 0.991382 0.49217 2.1548 -0.183083</i>
                        <i>0.104107 0.893129 -0.437588 -0.994565 0.0927134 -0.0473864 -0.0017519 0.440143 0.897926 0.49217 2.1548 -0.183083</i>
                        <i>0.115548 0.809908 -0.575063 -0.993147 0.104416 -0.0524971 0.0175279 0.577188 0.816423 0.49217 2.1548 -0.183083</i>
                        <i>0.117388 0.764211 -0.634194 -0.992699 0.108123 -0.0534574 0.0277179 0.635839 0.771324 0.49217 2.16209 -0.182569</i>
                        <i>0.107805 0.766531 -0.633094 -0.993831 0.099779 -0.0484235 0.0260514 0.634409 0.772559 0.49217 2.17926 -0.181334</i>
                        <i>0.0966224 0.78602 -0.610603 -0.995098 0.0892873 -0.0425269 0.0210921 0.611719 0.790794 0.49217 2.19925 -0.179841</i>
                        <i>0.0859229 0.817399 -0.569629 -0.996197 0.0787886 -0.0372073 0.014467 0.570659 0.82106 0.49217 2.21502 -0.178576</i>
                        <i>0.0765363 0.854882 -0.513146 -0.99704 0.0693632 -0.0331532 0.00725135 0.514165 0.857661 0.49217 2.21955 -0.178042</i>
                        <i>0.0647711 0.913563 -0.401506 -0.997895 0.0580585 -0.0288779 -0.00307095 0.402531 0.915401 0.49217 2.21145 -0.178088</i>
                        <i>0.0518912 0.965298 -0.255942 -0.998582 0.0471123 -0.0247722 -0.0118545 0.256865 0.966375 0.49217 2.19601 -0.178218</i>
                        <i>0.0460749 0.986406 -0.157736 -0.998807 0.0429328 -0.0232714 -0.0161829 0.15862 0.987207 0.49217 2.17621 -0.178423</i>
                        <i>0.0482149 0.993523 -0.102895 -0.998643 0.0459198 -0.0245605 -0.0196765 0.10394 0.994389 0.49217 2.15504 -0.17869</i>
                        <i>0.0538317 0.997211 -0.0516999 -0.998249 0.0524728 -0.027292 -0.024503 0.0530786 0.99829 0.49217 2.13548 -0.179009</i>
                        <i>0.0622752 0.99805 -0.00428346 -0.997578 0.0621114 -0.0313165 -0.0309894 0.00622333 0.9995 0.49217 2.12052 -0.17937</i>
                        <i>0.0753114 0.995519 0.0571901 -0.996274 0.0775375 -0.0377537 -0.0420189 -0.0541337 0.997649 0.49217 2.10879 -0.179761</i>
                        <i>0.0919383 0.983847 0.153596 -0.993837 0.100254 -0.0472878 -0.0619226 -0.148302 0.987002 0.49217 2.0995 -0.180171</i>
                        <i>0.104555 0.965047 0.240318 -0.990998 0.121413 -0.0564036 -0.0836098 -0.232257 0.969054 0.49217 2.09649 -0.18059</i>
                        <i>0.114455 0.975779 0.186428 -0.990053 0.127496 -0.0594928 -0.0818206 -0.177764 0.980666 0.49217 2.10363 -0.181008</i>
                        <i>0.122776 0.991544 0.0420342 -0.990377 0.125137 -0.059102 -0.0638623 -0.0343735 0.997367 0.49217 2.12957 -0.181413</i>
                        <i>0.125929 0.990792 -0.049739 -0.990671 0.122965 -0.0587407 -0.0520837 0.0566722 0.997033 0.49217 2.16972 -0.181797</i>
                        <i>0.127202 0.989072 -0.0745356 -0.990645 0.12294 -0.0592336 -0.0494229 0.0813729 0.995458 0.49217 2.20809 -0.182149</i>
                        <i>0.127722 0.9881 -0.085709 -0.990628 0.122875 -0.0596513 -0.0484099 0.0925245 0.994533 0.49217 2.22869 -0.182459</i>
                        <i>0.127554 0.987644 -0.0910483 -0.990672 0.122429 -0.0598318 -0.0479455 0.0978308 0.994047 0.49217 2.22261 -0.182717</i>
                        <i>0.126784 0.987028 -0.0984932 -0.99082 0.121321 -0.0596344 -0.0469116 0.10515 0.993349 0.49217 2.19996 -0.182914</i>
                        <i>0.125488 0.985355 -0.115452 -0.991106 0.119314 -0.0589395 -0.0443012 0.121822 0.991563 0.49217 2.1732 -0.183039</i>
                        <i>0.119475 0.983955 -0.132508 -0.992018 0.112886 -0.0561956 -0.0403356 0.138164 0.989588 0.49217 2.1548 -0.183083</i>
                        <i>0.107979 0.984626 -0.137302 -0.99348 0.10179 -0.0513502 -0.0365849 0.141951 0.989197 0.49217 2.15874 -0.183083</i>
                        <i>0.0958522 0.986377 -0.133691 -0.994826 0.0903883 -0.0463709 -0.033655 0.137444 0.989938 0.49217 2.16771 -0.183083</i>
                        <i>0.0868604 0.988031 -0.127475 -0.995714 0.0820245 -0.0427173 -0.03175 0.130639 0.990921 0.49217 2.16125 -0.183083</i>
                        <i>0.0834094 0.98873 -0.124318 -0.996031 0.0788297 -0.0413217 -0.0310561 0.127271 0.991382 0.49217 2.1548 -0.183083</i>
                        <i>0.0834094 0.98873 -0.124318 -0.996031 0.0788297 -0.0413217 -0.0310561 0.127271 0.991382 0.49217 2.1548 -0.183083</i>
                        <i>0.0834094 0.98873 -0.124318 -0.996031 0.0788297 -0.0413217 -0.0310561 0.127271 0.991382 0.49217 2.1548 -0.183083</i>
                        <i>0.0834094 0.98873 -0.124318 -0.996031 0.0788297 -0.0413217 -0.0310561 0.127271 0.991382 0.49217 2.1548 -0.183083</i>
                        <i>0.0834094 0.98873 -0.124318 -0.996031 0.0788297 -0.0413217 -0.0310561 0.127271 0.991382 0.49217 2.1548 -0.183083</i>
                        <i>0.0834094 0.98873 -0.124318 -0.996031 0.0788297 -0.0413217 -0.0310561 0.127271 0.991382 0.49217 2.1548 -0.183083</i>
                        <i>0.0834094 0.98873 -0.124318 -0.996031 0.0788297 -0.0413217 -0.0310561 0.127271 0.991382 0.49217 2.1548 -0.183083</i>
                        <i>0.0834094 0.98873 -0.124318 -0.996031 0.0788297 -0.0413217 -0.0310561 0.127271 0.991382 0.49217 2.1548 -0.183083</i>
                        <i>0.0834094 0.98873 -0.124318 -0.996031 0.0788297 -0.0413217 -0.0310561 0.127271 0.991382 0.49217 2.1548 -0.183083</i>
                        <i>0.0834094 0.98873 -0.124318 -0.996031 0.0788297 -0.0413217 -0.0310561 0.127271 0.991382 0.49217 2.1548 -0.183083</i>
                        <i>0.0834094 0.98873 -0.124318 -0.996031 0.0788297 -0.0413217 -0.0310561 0.127271 0.991382 0.49217 2.1548 -0.183083</i>
                        <i>0.0834094 0.98873 -0.124318 -0.996031 0.0788297 -0.0413217 -0.0310561 0.127271 0.991382 0.49217 2.1548 -0.183083</i>
                        <i>0.0834094 0.98873 -0.124318 -0.996031 0.0788297 -0.0413217 -0.0310561 0.127271 0.991382 0.49217 2.1548 -0.183083</i>
                        <i>0.0834094 0.98873 -0.124318 -0.996031 0.0788297 -0.0413217 -0.0310561 0.127271 0.991382 0.49217 2.1548 -0.183083</i>
                        <i>0.0834094 0.98873 -0.124318 -0.996031 0.0788297 -0.0413217 -0.0310561 0.127271 0.991382 0.49217 2.1548 -0.183083</i>
                        <i>0.0834094 0.98873 -0.124318 -0.996031 0.0788297 -0.0413217 -0.0310561 0.127271 0.991382 0.49217 2.1548 -0.183083</i>
                        <i>0.0834094 0.98873 -0.124318 -0.996031 0.0788297 -0.0413217 -0.0310561 0.127271 0.991382 0.49217 2.1548 -0.183083</i>
                        <i>0.0834094 0.98873 -0.124318 -0.996031 0.0788297 -0.0413217 -0.0310561 0.127271 0.991382 0.49217 2.1548 -0.183083</i>
                        <i>0.0834094 0.98873 -0.124318 -0.996031 0.0788297 -0.0413217 -0.0310561 0.127271 0.991382 0.49217 2.1548 -0.183083</i>
                        <i>0.0834094 0.98873 -0.124318 -0.996031 0.0788297 -0.0413217 -0.0310561 0.127271 0.991382 0.49217 2.1548 -0.183083</i>
                        <i>0.0834094 0.98873 -0.124318 -0.996031 0.0788297 -0.0413217 -0.0310561 0.127271 0.991382 0.49217 2.1548 -0.183083</i>
                    </KeyFrames>
                </p>
            </i>
            <i>
                <p>
                    <Name><![CDATA[spine1]]></Name>
                    <Exclude>0</Exclude>
                    <Additive>0</Additive>
                    <IKPriority>0</IKPriority>
                    <IKRotLimits>-1e+010 -1e+010 -1e+010 1e+010 1e+010 1e+010</IKRotLimits>
                    <IKRotLimitOrder>0</IKRotLimitOrder>
                    <KeyFrames count="50">
                        <i>-0.120906 0.961792 0.24564 -0.992661 -0.116558 -0.0322153 -0.00235304 -0.247732 0.968826 0.50792 2.34145 -0.206658</i>
                        <i>-0.148936 0.971693 -0.18339 -0.987459 -0.155967 -0.0244524 -0.052363 0.177448 0.982736 0.508621 2.29598 -0.25216</i>
                        <i>-0.165168 0.866502 -0.471056 -0.980482 -0.195907 -0.0165784 -0.106649 0.459124 0.881947 0.50876 2.27116 -0.265494</i>
                        <i>-0.163269 0.763928 -0.624305 -0.975686 -0.21881 -0.0125829 -0.146217 0.607072 0.781079 0.508758 2.27017 -0.27202</i>
                        <i>-0.142285 0.753592 -0.641758 -0.979539 -0.200433 -0.0181853 -0.142334 0.62604 0.766691 0.508675 2.29667 -0.278157</i>
                        <i>-0.123535 0.777681 -0.616402 -0.984028 -0.17623 -0.0251286 -0.128171 0.603452 0.787031 0.508492 2.33204 -0.282978</i>
                        <i>-0.10925 0.820365 -0.561307 -0.987727 -0.153007 -0.0313777 -0.111625 0.55099 0.827013 0.508194 2.36742 -0.284895</i>
                        <i>-0.0990708 0.868915 -0.484944 -0.990446 -0.133088 -0.0361228 -0.0959277 0.476732 0.873799 0.507772 2.39373 -0.282825</i>
                        <i>-0.0896027 0.93283 -0.348998 -0.992785 -0.111688 -0.0436383 -0.0796859 0.342569 0.936107 0.506825 2.418 -0.26923</i>
                        <i>-0.0791954 0.977933 -0.193327 -0.994256 -0.0914954 -0.0555325 -0.0719956 0.187819 0.979561 0.505383 2.44156 -0.243849</i>
                        <i>-0.0728405 0.993981 -0.0818337 -0.994874 -0.0781854 -0.0641257 -0.0701379 0.0767433 0.994581 0.504772 2.44569 -0.222144</i>
                        <i>-0.0725572 0.997353 0.00463034 -0.995149 -0.072086 -0.0669508 -0.0664398 -0.00946564 0.997746 0.505335 2.42601 -0.207375</i>
                        <i>-0.0763572 0.991864 0.101861 -0.995199 -0.069541 -0.0688723 -0.0612284 -0.106631 0.992412 0.506223 2.39553 -0.193037</i>
                        <i>-0.0833496 0.974156 0.209934 -0.995096 -0.0701031 -0.0697813 -0.0532609 -0.21472 0.975222 0.507331 2.36328 -0.180849</i>
                        <i>-0.0981499 0.927226 0.361411 -0.99455 -0.0785545 -0.0685567 -0.0351772 -0.36617 0.929883 0.508502 2.32455 -0.167642</i>
                        <i>-0.123351 0.814638 0.5667 -0.992338 -0.105298 -0.0646308 0.00702186 -0.57033 0.821386 0.509447 2.28434 -0.151415</i>
                        <i>-0.146381 0.683648 0.714981 -0.98719 -0.147329 -0.0612378 0.0634727 -0.714786 0.696457 0.510039 2.26142 -0.139515</i>
                        <i>-0.155808 0.668786 0.726945 -0.984871 -0.161688 -0.0623373 0.0758477 -0.725659 0.683861 0.511027 2.26442 -0.150246</i>
                        <i>-0.155224 0.742031 0.652147 -0.986569 -0.150423 -0.063667 0.0508554 -0.653271 0.755414 0.512211 2.29145 -0.174501</i>
                        <i>-0.15258 0.801708 0.577913 -0.987799 -0.142165 -0.0635799 0.0311864 -0.580563 0.813618 0.512713 2.33137 -0.189861</i>
                        <i>-0.154953 0.8127 0.561701 -0.98745 -0.144979 -0.0626385 0.0305285 -0.564358 0.824965 0.512668 2.36751 -0.194099</i>
                        <i>-0.158425 0.812806 0.560579 -0.986767 -0.150195 -0.0610964 0.0345363 -0.56284 0.825844 0.512467 2.38575 -0.196006</i>
                        <i>-0.161452 0.810386 0.563212 -0.986098 -0.15519 -0.0593795 0.0392847 -0.564969 0.824176 0.512215 2.37787 -0.196942</i>
                        <i>-0.162357 0.814333 0.557227 -0.985914 -0.156874 -0.0580049 0.0401794 -0.558796 0.828332 0.512021 2.35455 -0.198249</i>
                        <i>-0.15947 0.832937 0.529892 -0.986658 -0.152299 -0.0575351 0.0327787 -0.531997 0.846111 0.511991 2.32888 -0.201197</i>
                        <i>-0.151521 0.870409 0.468434 -0.988281 -0.142259 -0.0553371 0.018473 -0.471329 0.881764 0.511573 2.31463 -0.204551</i>
                        <i>-0.140903 0.910731 0.38822 -0.990005 -0.132007 -0.0496406 0.0060386 -0.391334 0.920229 0.510497 2.32586 -0.206377</i>
                        <i>-0.130878 0.940075 0.314848 -0.991398 -0.12392 -0.0421114 -0.000571993 -0.317651 0.948207 0.509261 2.34357 -0.20696</i>
                        <i>-0.123674 0.956461 0.264361 -0.99232 -0.118571 -0.035236 -0.00235622 -0.266688 0.96378 0.508299 2.34468 -0.206835</i>
                        <i>-0.120906 0.961792 0.24564 -0.992661 -0.116558 -0.0322153 -0.00235304 -0.247732 0.968826 0.50792 2.34145 -0.206658</i>
                        <i>-0.120906 0.961792 0.24564 -0.992661 -0.116558 -0.0322153 -0.00235304 -0.247732 0.968826 0.50792 2.34145 -0.206658</i>
                        <i>-0.120906 0.961792 0.24564 -0.992661 -0.116558 -0.0322153 -0.00235304 -0.247732 0.968826 0.50792 2.34145 -0.206658</i>
                        <i>-0.120906 0.961792 0.24564 -0.992661 -0.116558 -0.0322153 -0.00235304 -0.247732 0.968826 0.50792 2.34145 -0.206658</i>
                        <i>-0.120906 0.961792 0.24564 -0.992661 -0.116558 -0.0322153 -0.00235304 -0.247732 0.968826 0.50792 2.34145 -0.206658</i>
                        <i>-0.120906 0.961792 0.24564 -0.992661 -0.116558 -0.0322153 -0.00235304 -0.247732 0.968826 0.50792 2.34145 -0.206658</i>
                        <i>-0.120906 0.961792 0.24564 -0.992661 -0.116558 -0.0322153 -0.00235304 -0.247732 0.968826 0.50792 2.34145 -0.206658</i>
                        <i>-0.120906 0.961792 0.24564 -0.992661 -0.116558 -0.0322153 -0.00235304 -0.247732 0.968826 0.50792 2.34145 -0.206658</i>
                        <i>-0.120906 0.961792 0.24564 -0.992661 -0.116558 -0.0322153 -0.00235304 -0.247732 0.968826 0.50792 2.34145 -0.206658</i>
                        <i>-0.120906 0.961792 0.24564 -0.992661 -0.116558 -0.0322153 -0.00235304 -0.247732 0.968826 0.50792 2.34145 -0.206658</i>
                        <i>-0.120906 0.961792 0.24564 -0.992661 -0.116558 -0.0322153 -0.00235304 -0.247732 0.968826 0.50792 2.34145 -0.206658</i>
                        <i>-0.120906 0.961792 0.24564 -0.992661 -0.116558 -0.0322153 -0.00235304 -0.247732 0.968826 0.50792 2.34145 -0.206658</i>
                        <i>-0.120906 0.961792 0.24564 -0.992661 -0.116558 -0.0322153 -0.00235304 -0.247732 0.968826 0.50792 2.34145 -0.206658</i>
                        <i>-0.120906 0.961792 0.24564 -0.992661 -0.116558 -0.0322153 -0.00235304 -0.247732 0.968826 0.50792 2.34145 -0.206658</i>
                        <i>-0.120906 0.961792 0.24564 -0.992661 -0.116558 -0.0322153 -0.00235304 -0.247732 0.968826 0.50792 2.34145 -0.206658</i>
                        <i>-0.120906 0.961792 0.24564 -0.992661 -0.116558 -0.0322153 -0.00235304 -0.247732 0.968826 0.50792 2.34145 -0.206658</i>
                        <i>-0.120906 0.961792 0.24564 -0.992661 -0.116558 -0.0322153 -0.00235304 -0.247732 0.968826 0.50792 2.34145 -0.206658</i>
                        <i>-0.120906 0.961792 0.24564 -0.992661 -0.116558 -0.0322153 -0.00235304 -0.247732 0.968826 0.50792 2.34145 -0.206658</i>
                        <i>-0.120906 0.961792 0.24564 -0.992661 -0.116558 -0.0322153 -0.00235304 -0.247732 0.968826 0.50792 2.34145 -0.206658</i>
                        <i>-0.120906 0.961792 0.24564 -0.992661 -0.116558 -0.0322153 -0.00235304 -0.247732 0.968826 0.50792 2.34145 -0.206658</i>
                        <i>-0.120906 0.961792 0.24564 -0.992661 -0.116558 -0.0322153 -0.00235304 -0.247732 0.968826 0.50792 2.34145 -0.206658</i>
                    </KeyFrames>
                </p>
            </i>
            <i>
                <p>
                    <Name><![CDATA[spine2]]></Name>
                    <Exclude>0</Exclude>
                    <Additive>0</Additive>
                    <IKPriority>0</IKPriority>
                    <IKRotLimits>-1e+010 -1e+010 -1e+010 1e+010 1e+010 1e+010</IKRotLimits>
                    <IKRotLimitOrder>0</IKRotLimitOrder>
                    <KeyFrames count="50">
                        <i>-0.169084 0.930044 0.326234 -0.984418 -0.143148 -0.102123 -0.0482792 -0.338418 0.939757 0.486916 2.50831 -0.163712</i>
                        <i>-0.199774 0.961526 0.188567 -0.977673 -0.182809 -0.103613 -0.0651553 -0.205056 0.976579 0.486889 2.43717 -0.27897</i>
                        <i>-0.221033 0.969355 0.107217 -0.972103 -0.210133 -0.104211 -0.0784881 -0.12726 0.988759 0.486821 2.38549 -0.328099</i>
                        <i>-0.231234 0.97205 0.0406068 -0.96849 -0.226017 -0.104608 -0.0925064 -0.0635162 0.993684 0.487382 2.36934 -0.353632</i>
                        <i>-0.223366 0.974355 -0.0271964 -0.968639 -0.224999 -0.105428 -0.108843 0.0027945 0.994055 0.488464 2.4028 -0.368898</i>
                        <i>-0.207744 0.974595 -0.0837042 -0.970621 -0.216001 -0.106009 -0.121396 0.0592225 0.990836 0.48911 2.45307 -0.378967</i>
                        <i>-0.188934 0.974639 -0.119933 -0.973696 -0.201775 -0.10584 -0.127355 0.0967814 0.987124 0.489262 2.50851 -0.381182</i>
                        <i>-0.170535 0.975896 -0.136182 -0.977089 -0.185343 -0.104619 -0.127338 0.115221 0.985144 0.489009 2.55713 -0.3735</i>
                        <i>-0.147063 0.977986 -0.148041 -0.980773 -0.163589 -0.106407 -0.128283 0.129546 0.98324 0.488004 2.61265 -0.341225</i>
                        <i>-0.124253 0.981654 -0.144625 -0.982828 -0.141798 -0.118079 -0.13642 0.12747 0.982416 0.486664 2.67103 -0.288007</i>
                        <i>-0.114563 0.988396 -0.0997422 -0.983344 -0.127089 -0.12993 -0.141099 0.0831958 0.986494 0.486273 2.69598 -0.241296</i>
                        <i>-0.118333 0.992835 -0.0166395 -0.983599 -0.119497 -0.135107 -0.136127 0.000378898 0.990691 0.486954 2.67654 -0.204765</i>
                        <i>-0.128132 0.988098 0.0851153 -0.983317 -0.1154 -0.140609 -0.129113 -0.101712 0.9864 0.487759 2.63355 -0.167303</i>
                        <i>-0.142327 0.969155 0.201198 -0.982652 -0.113929 -0.146338 -0.118902 -0.218536 0.968558 0.488574 2.58114 -0.13283</i>
                        <i>-0.163059 0.926263 0.339777 -0.981422 -0.116985 -0.152074 -0.101112 -0.358262 0.92813 0.488888 2.50913 -0.0949488</i>
                        <i>-0.187635 0.85272 0.487506 -0.979409 -0.124779 -0.158707 -0.0745016 -0.507247 0.858574 0.488168 2.42478 -0.0533004</i>
                        <i>-0.206181 0.778786 0.592437 -0.977177 -0.132239 -0.166244 -0.0511248 -0.613192 0.788277 0.487138 2.36859 -0.0272053</i>
                        <i>-0.216935 0.734895 0.642549 -0.9754 -0.136767 -0.172887 -0.0391742 -0.664247 0.746486 0.487524 2.36547 -0.0402335</i>
                        <i>-0.223687 0.722991 0.653643 -0.973974 -0.140632 -0.177756 -0.0365927 -0.676393 0.735632 0.488971 2.40251 -0.0767288</i>
                        <i>-0.227132 0.731063 0.643395 -0.973087 -0.14399 -0.179911 -0.0388836 -0.666943 0.744093 0.489855 2.45131 -0.103264</i>
                        <i>-0.228122 0.736734 0.63654 -0.972857 -0.146388 -0.17922 -0.0388554 -0.660147 0.750131 0.489732 2.48762 -0.110976</i>
                        <i>-0.227714 0.739599 0.633356 -0.973016 -0.147965 -0.177048 -0.0372301 -0.656582 0.753335 0.489342 2.50422 -0.114221</i>
                        <i>-0.226429 0.741915 0.631104 -0.973385 -0.148825 -0.174278 -0.0353758 -0.653769 0.755867 0.488911 2.49468 -0.115706</i>
                        <i>-0.224872 0.745847 0.627012 -0.973772 -0.149136 -0.171833 -0.0346514 -0.649207 0.759822 0.488671 2.4715 -0.118177</i>
                        <i>-0.223657 0.753576 0.618142 -0.973986 -0.14909 -0.170654 -0.0364419 -0.64023 0.767318 0.488848 2.44956 -0.124368</i>
                        <i>-0.217115 0.784456 0.580939 -0.97523 -0.148545 -0.16389 -0.0422689 -0.602132 0.797277 0.488952 2.44433 -0.134664</i>
                        <i>-0.202804 0.837101 0.508067 -0.978009 -0.147367 -0.147585 -0.0486715 -0.526825 0.848579 0.488502 2.46776 -0.145753</i>
                        <i>-0.186617 0.886419 0.423598 -0.981102 -0.145714 -0.127306 -0.0511221 -0.43935 0.89686 0.487793 2.49751 -0.155186</i>
                        <i>-0.174035 0.918702 0.35454 -0.983484 -0.143983 -0.109674 -0.0497105 -0.367771 0.928587 0.487171 2.50783 -0.161445</i>
                        <i>-0.169084 0.930044 0.326234 -0.984418 -0.143148 -0.102123 -0.0482792 -0.338418 0.939757 0.486916 2.50831 -0.163712</i>
                        <i>-0.169084 0.930044 0.326234 -0.984418 -0.143148 -0.102123 -0.0482792 -0.338418 0.939757 0.486916 2.50831 -0.163712</i>
                        <i>-0.169084 0.930044 0.326234 -0.984418 -0.143148 -0.102123 -0.0482792 -0.338418 0.939757 0.486916 2.50831 -0.163712</i>
                        <i>-0.169084 0.930044 0.326234 -0.984418 -0.143148 -0.102123 -0.0482792 -0.338418 0.939757 0.486916 2.50831 -0.163712</i>
                        <i>-0.169084 0.930044 0.326234 -0.984418 -0.143148 -0.102123 -0.0482792 -0.338418 0.939757 0.486916 2.50831 -0.163712</i>
                        <i>-0.169084 0.930044 0.326234 -0.984418 -0.143148 -0.102123 -0.0482792 -0.338418 0.939757 0.486916 2.50831 -0.163712</i>
                        <i>-0.169084 0.930044 0.326234 -0.984418 -0.143148 -0.102123 -0.0482792 -0.338418 0.939757 0.486916 2.50831 -0.163712</i>
                        <i>-0.169084 0.930044 0.326234 -0.984418 -0.143148 -0.102123 -0.0482792 -0.338418 0.939757 0.486916 2.50831 -0.163712</i>
                        <i>-0.169084 0.930044 0.326234 -0.984418 -0.143148 -0.102123 -0.0482792 -0.338418 0.939757 0.486916 2.50831 -0.163712</i>
                        <i>-0.169084 0.930044 0.326234 -0.984418 -0.143148 -0.102123 -0.0482792 -0.338418 0.939757 0.486916 2.50831 -0.163712</i>
                        <i>-0.169084 0.930044 0.326234 -0.984418 -0.143148 -0.102123 -0.0482792 -0.338418 0.939757 0.486916 2.50831 -0.163712</i>
                        <i>-0.169084 0.930044 0.326234 -0.984418 -0.143148 -0.102123 -0.0482792 -0.338418 0.939757 0.486916 2.50831 -0.163712</i>
                        <i>-0.169084 0.930044 0.326234 -0.984418 -0.143148 -0.102123 -0.0482792 -0.338418 0.939757 0.486916 2.50831 -0.163712</i>
                        <i>-0.169084 0.930044 0.326234 -0.984418 -0.143148 -0.102123 -0.0482792 -0.338418 0.939757 0.486916 2.50831 -0.163712</i>
                        <i>-0.169084 0.930044 0.326234 -0.984418 -0.143148 -0.102123 -0.0482792 -0.338418 0.939757 0.486916 2.50831 -0.163712</i>
                        <i>-0.169084 0.930044 0.326234 -0.984418 -0.143148 -0.102123 -0.0482792 -0.338418 0.939757 0.486916 2.50831 -0.163712</i>
                        <i>-0.169084 0.930044 0.326234 -0.984418 -0.143148 -0.102123 -0.0482792 -0.338418 0.939757 0.486916 2.50831 -0.163712</i>
                        <i>-0.169084 0.930044 0.326234 -0.984418 -0.143148 -0.102123 -0.0482792 -0.338418 0.939757 0.486916 2.50831 -0.163712</i>
                        <i>-0.169084 0.930044 0.326234 -0.984418 -0.143148 -0.102123 -0.0482792 -0.338418 0.939757 0.486916 2.50831 -0.163712</i>
                        <i>-0.169084 0.930044 0.326234 -0.984418 -0.143148 -0.102123 -0.0482792 -0.338418 0.939757 0.486916 2.50831 -0.163712</i>
                        <i>-0.169084 0.930044 0.326234 -0.984418 -0.143148 -0.102123 -0.0482792 -0.338418 0.939757 0.486916 2.50831 -0.163712</i>
                    </KeyFrames>
                </p>
            </i>
            <i>
                <p>
                    <Name><![CDATA[head]]></Name>
                    <Exclude>0</Exclude>
                    <Additive>0</Additive>
                    <IKPriority>0</IKPriority>
                    <IKRotLimits>-1e+010 -1e+010 -1e+010 1e+010 1e+010 1e+010</IKRotLimits>
                    <IKRotLimitOrder>0</IKRotLimitOrder>
                    <KeyFrames count="50">
                        <i>-0.217345 0.969563 0.112735 0.213435 0.159908 -0.963782 -0.952474 -0.185412 -0.241693 0.445814 2.76387 -0.100232</i>
                        <i>-0.251701 0.92217 0.293682 0.170853 0.341025 -0.924398 -0.952605 -0.182495 -0.243392 0.445555 2.67565 -0.235879</i>
                        <i>-0.271825 0.874213 0.402322 0.13907 0.449359 -0.88246 -0.952245 -0.183924 -0.243724 0.445525 2.61293 -0.29684</i>
                        <i>-0.281591 0.846232 0.452325 0.122786 0.499304 -0.857682 -0.951646 -0.185976 -0.244504 0.445582 2.59458 -0.331513</i>
                        <i>-0.290769 0.814721 0.501681 0.106088 0.548555 -0.829357 -0.950894 -0.187929 -0.245935 0.445759 2.63717 -0.356503</i>
                        <i>-0.297749 0.790555 0.535134 0.0932146 0.581956 -0.80786 -0.950082 -0.190657 -0.246968 0.44609 2.69972 -0.377311</i>
                        <i>-0.301524 0.786576 0.538871 0.0887699 0.58588 -0.805521 -0.949317 -0.195048 -0.246481 0.446609 2.76922 -0.390405</i>
                        <i>-0.300785 0.813481 0.497773 0.0973338 0.545402 -0.832504 -0.948712 -0.201954 -0.243228 0.447351 2.83219 -0.393524</i>
                        <i>-0.292448 0.895094 0.336571 0.136149 0.387346 -0.911826 -0.94654 -0.220838 -0.235145 0.449095 2.90538 -0.382538</i>
                        <i>-0.257365 0.965768 0.0324999 0.208015 0.088215 -0.97414 -0.943659 -0.243949 -0.223598 0.451878 2.9815 -0.353784</i>
                        <i>-0.193819 0.94686 -0.256692 0.272888 -0.199293 -0.941177 -0.94232 -0.252466 -0.21976 0.453015 3.01879 -0.307628</i>
                        <i>-0.123586 0.885761 -0.447385 0.313518 -0.392896 -0.864488 -0.941506 -0.247101 -0.229146 0.451682 3.0019 -0.246288</i>
                        <i>-0.0547726 0.813128 -0.579502 0.337274 -0.531195 -0.777225 -0.939812 -0.238022 -0.245152 0.449657 2.95119 -0.176393</i>
                        <i>-0.00807908 0.775077 -0.631815 0.347513 -0.590278 -0.728565 -0.93764 -0.22545 -0.26458 0.447138 2.88313 -0.106396</i>
                        <i>-0.00383925 0.810293 -0.586013 0.353628 -0.547052 -0.758737 -0.935378 -0.210143 -0.284442 0.44436 2.78277 -0.0331066</i>
                        <i>-0.0683634 0.922667 -0.379488 0.352385 -0.333529 -0.874405 -0.933355 -0.193503 -0.302333 0.441596 2.66172 0.0377905</i>
                        <i>-0.183725 0.982926 -0.0100865 0.313079 0.0487866 -0.948473 -0.931787 -0.177416 -0.316697 0.439125 2.57674 0.0837037</i>
                        <i>-0.291166 0.873024 0.391218 0.221214 0.459294 -0.860299 -0.930745 -0.163947 -0.326856 0.437178 2.56075 0.0852747</i>
                        <i>-0.348966 0.654903 0.670317 0.113974 0.739633 -0.66329 -0.930179 -0.155067 -0.332748 0.435918 2.59541 0.0586011</i>
                        <i>-0.363658 0.514124 0.776807 0.0534372 0.844043 -0.533607 -0.929998 -0.15254 -0.334417 0.435469 2.64557 0.0342939</i>
                        <i>-0.360761 0.540402 0.760143 0.0633369 0.827342 -0.558116 -0.930505 -0.153201 -0.3327 0.435638 2.68207 0.0245465</i>
                        <i>-0.344956 0.656628 0.670705 0.113624 0.738524 -0.664584 -0.931716 -0.153044 -0.329367 0.436043 2.69826 0.0193167</i>
                        <i>-0.312865 0.790319 0.526794 0.17694 0.593426 -0.785199 -0.933171 -0.15245 -0.325501 0.436525 2.68843 0.0161211</i>
                        <i>-0.272661 0.886936 0.372827 0.229159 0.436227 -0.870168 -0.934421 -0.151824 -0.322191 0.436928 2.66585 0.0124449</i>
                        <i>-0.245375 0.929207 0.276344 0.255942 0.337039 -0.906034 -0.935032 -0.15159 -0.320524 0.437097 2.64611 0.00576071</i>
                        <i>-0.233858 0.944359 0.231294 0.259561 0.289896 -0.921189 -0.936984 -0.155393 -0.312914 0.438091 2.64991 -0.0106576</i>
                        <i>-0.225299 0.956149 0.187136 0.250967 0.242547 -0.937116 -0.941412 -0.164167 -0.294607 0.440402 2.68952 -0.0371827</i>
                        <i>-0.220182 0.964001 0.149072 0.235617 0.200856 -0.950863 -0.946575 -0.174239 -0.27136 0.443009 2.73606 -0.06649</i>
                        <i>-0.217891 0.968241 0.122606 0.220382 0.171192 -0.960274 -0.950766 -0.182215 -0.250684 0.445024 2.7587 -0.0903679</i>
                        <i>-0.217345 0.969563 0.112735 0.213435 0.159908 -0.963782 -0.952474 -0.185412 -0.241693 0.445814 2.76387 -0.100232</i>
                        <i>-0.217345 0.969563 0.112735 0.213435 0.159908 -0.963782 -0.952474 -0.185412 -0.241693 0.445814 2.76387 -0.100232</i>
                        <i>-0.217345 0.969563 0.112735 0.213435 0.159908 -0.963782 -0.952474 -0.185412 -0.241693 0.445814 2.76387 -0.100232</i>
                        <i>-0.217345 0.969563 0.112735 0.213435 0.159908 -0.963782 -0.952474 -0.185412 -0.241693 0.445814 2.76387 -0.100232</i>
                        <i>-0.217345 0.969563 0.112735 0.213435 0.159908 -0.963782 -0.952474 -0.185412 -0.241693 0.445814 2.76387 -0.100232</i>
                        <i>-0.217345 0.969563 0.112735 0.213435 0.159908 -0.963782 -0.952474 -0.185412 -0.241693 0.445814 2.76387 -0.100232</i>
                        <i>-0.217345 0.969563 0.112735 0.213435 0.159908 -0.963782 -0.952474 -0.185412 -0.241693 0.445814 2.76387 -0.100232</i>
                        <i>-0.217345 0.969563 0.112735 0.213435 0.159908 -0.963782 -0.952474 -0.185412 -0.241693 0.445814 2.76387 -0.100232</i>
                        <i>-0.217345 0.969563 0.112735 0.213435 0.159908 -0.963782 -0.952474 -0.185412 -0.241693 0.445814 2.76387 -0.100232</i>
                        <i>-0.217345 0.969563 0.112735 0.213435 0.159908 -0.963782 -0.952474 -0.185412 -0.241693 0.445814 2.76387 -0.100232</i>
                        <i>-0.217345 0.969563 0.112735 0.213435 0.159908 -0.963782 -0.952474 -0.185412 -0.241693 0.445814 2.76387 -0.100232</i>
                        <i>-0.217345 0.969563 0.112735 0.213435 0.159908 -0.963782 -0.952474 -0.185412 -0.241693 0.445814 2.76387 -0.100232</i>
                        <i>-0.217345 0.969563 0.112735 0.213435 0.159908 -0.963782 -0.952474 -0.185412 -0.241693 0.445814 2.76387 -0.100232</i>
                        <i>-0.217345 0.969563 0.112735 0.213435 0.159908 -0.963782 -0.952474 -0.185412 -0.241693 0.445814 2.76387 -0.100232</i>
                        <i>-0.217345 0.969563 0.112735 0.213435 0.159908 -0.963782 -0.952474 -0.185412 -0.241693 0.445814 2.76387 -0.100232</i>
                        <i>-0.217345 0.969563 0.112735 0.213435 0.159908 -0.963782 -0.952474 -0.185412 -0.241693 0.445814 2.76387 -0.100232</i>
                        <i>-0.217345 0.969563 0.112735 0.213435 0.159908 -0.963782 -0.952474 -0.185412 -0.241693 0.445814 2.76387 -0.100232</i>
                        <i>-0.217345 0.969563 0.112735 0.213435 0.159908 -0.963782 -0.952474 -0.185412 -0.241693 0.445814 2.76387 -0.100232</i>
                        <i>-0.217345 0.969563 0.112735 0.213435 0.159908 -0.963782 -0.952474 -0.185412 -0.241693 0.445814 2.76387 -0.100232</i>
                        <i>-0.217345 0.969563 0.112735 0.213435 0.159908 -0.963782 -0.952474 -0.185412 -0.241693 0.445814 2.76387 -0.100232</i>
                        <i>-0.217345 0.969563 0.112735 0.213435 0.159908 -0.963782 -0.952474 -0.185412 -0.241693 0.445814 2.76387 -0.100232</i>
                    </KeyFrames>
                </p>
            </i>
            <i>
                <p>
                    <Name><![CDATA[head_prop]]></Name>
                    <Exclude>0</Exclude>
                    <Additive>0</Additive>
                    <IKPriority>0</IKPriority>
                    <IKRotLimits>-1e+010 -1e+010 -1e+010 1e+010 1e+010 1e+010</IKRotLimits>
                    <IKRotLimitOrder>0</IKRotLimitOrder>
                    <KeyFrames count="50">
                        <i>0.952474 0.185412 0.241693 -0.217345 0.969563 0.112735 -0.213435 -0.159908 0.963782 0.374979 3.07986 -0.0634904</i>
                        <i>0.952605 0.182495 0.243392 -0.251701 0.92217 0.293682 -0.170853 -0.341025 0.924398 0.363524 2.97619 -0.140165</i>
                        <i>0.952245 0.183924 0.243724 -0.271825 0.874213 0.402322 -0.13907 -0.449359 0.88246 0.356934 2.89784 -0.16572</i>
                        <i>0.951646 0.185976 0.244504 -0.281591 0.846232 0.452325 -0.122786 -0.499304 0.857682 0.35381 2.87038 -0.184096</i>
                        <i>0.950894 0.187929 0.245935 -0.290769 0.814721 0.501681 -0.106088 -0.548555 0.829357 0.350995 2.9027 -0.193</i>
