<?xml version="1.0" encoding="ISO-8859-1" ?>
<Animl Version="1">
    <ModellingPackage><![CDATA[Maya.2010]]></ModellingPackage>
    <SrcFile><![CDATA[anims\turrets\antitank\blue\~src\at_m40recoilless\antitank_m40recoilless_aim_low_crewman_c.mb]]></SrcFile>
    <FramesPerSecond>30</FramesPerSecond>
    <TotalFrames>30</TotalFrames>
    <Skeleton>
        <RefFrame>
            <Name><![CDATA[soldier_ref_frame]]></Name>
            <Exclude>0</Exclude>
            <Additive>0</Additive>
            <IKPriority>0</IKPriority>
            <IKRotLimits>-1e+010 -1e+010 -1e+010 1e+010 1e+010 1e+010</IKRotLimits>
            <IKRotLimitOrder>0</IKRotLimitOrder>
            <KeyFrames count="30">
                <i>1 0 0 0 1 0 0 0 1 -0.85 0.9 2</i>
                <i>1 0 0 0 1 0 0 0 1 -0.85 0.9 2</i>
                <i>1 0 0 0 1 0 0 0 1 -0.85 0.9 2</i>
                <i>1 0 0 0 1 0 0 0 1 -0.85 0.9 2</i>
                <i>1 0 0 0 1 0 0 0 1 -0.85 0.9 2</i>
                <i>1 0 0 0 1 0 0 0 1 -0.85 0.9 2</i>
                <i>1 0 0 0 1 0 0 0 1 -0.85 0.9 2</i>
                <i>1 0 0 0 1 0 0 0 1 -0.85 0.9 2</i>
                <i>1 0 0 0 1 0 0 0 1 -0.85 0.9 2</i>
                <i>1 0 0 0 1 0 0 0 1 -0.85 0.9 2</i>
                <i>1 0 0 0 1 0 0 0 1 -0.85 0.9 2</i>
                <i>1 0 0 0 1 0 0 0 1 -0.85 0.9 2</i>
                <i>1 0 0 0 1 0 0 0 1 -0.85 0.9 2</i>
                <i>1 0 0 0 1 0 0 0 1 -0.85 0.9 2</i>
                <i>1 0 0 0 1 0 0 0 1 -0.85 0.9 2</i>
                <i>1 0 0 0 1 0 0 0 1 -0.85 0.9 2</i>
                <i>1 0 0 0 1 0 0 0 1 -0.85 0.9 2</i>
                <i>1 0 0 0 1 0 0 0 1 -0.85 0.9 2</i>
                <i>1 0 0 0 1 0 0 0 1 -0.85 0.9 2</i>
                <i>1 0 0 0 1 0 0 0 1 -0.85 0.9 2</i>
                <i>1 0 0 0 1 0 0 0 1 -0.85 0.9 2</i>
                <i>1 0 0 0 1 0 0 0 1 -0.85 0.9 2</i>
                <i>1 0 0 0 1 0 0 0 1 -0.85 0.9 2</i>
                <i>1 0 0 0 1 0 0 0 1 -0.85 0.9 2</i>
                <i>1 0 0 0 1 0 0 0 1 -0.85 0.9 2</i>
                <i>1 0 0 0 1 0 0 0 1 -0.85 0.9 2</i>
                <i>1 0 0 0 1 0 0 0 1 -0.85 0.9 2</i>
                <i>1 0 0 0 1 0 0 0 1 -0.85 0.9 2</i>
                <i>1 0 0 0 1 0 0 0 1 -0.85 0.9 2</i>
                <i>1 0 0 0 1 0 0 0 1 -0.85 0.9 2</i>
            </KeyFrames>
        </RefFrame>
        <Bones count="23">
            <i>
                <p>
                    <Name><![CDATA[pelvis]]></Name>
                    <Exclude>0</Exclude>
                    <Additive>0</Additive>
                    <IKPriority>0</IKPriority>
                    <IKRotLimits>-1e+010 -1e+010 -1e+010 1e+010 1e+010 1e+010</IKRotLimits>
                    <IKRotLimitOrder>2</IKRotLimitOrder>
                    <KeyFrames count="30">
                        <i>1 0 0 0 1 0 0 0 1 -0.884165 1.85991 1.76447</i>
                        <i>1 0 0 0 1 0 0 0 1 -0.884165 1.85995 1.76448</i>
                        <i>1 0 0 0 1 0 0 0 1 -0.884167 1.86007 1.7645</i>
                        <i>1 0 0 0 1 0 0 0 1 -0.884171 1.86025 1.76454</i>
                        <i>1 0 0 0 1 0 0 0 1 -0.884175 1.86049 1.7646</i>
                        <i>1 0 0 0 1 0 0 0 1 -0.88418 1.86077 1.76466</i>
                        <i>1 0 0 0 1 0 0 0 1 -0.884185 1.86108 1.76473</i>
                        <i>1 0 0 0 1 0 0 0 1 -0.884192 1.86142 1.7648</i>
                        <i>1 0 0 0 1 0 0 0 1 -0.884198 1.86178 1.76488</i>
                        <i>1 0 0 0 1 0 0 0 1 -0.884204 1.86214 1.76496</i>
                        <i>1 0 0 0 1 0 0 0 1 -0.884211 1.86249 1.76504</i>
                        <i>1 0 0 0 1 0 0 0 1 -0.884217 1.86283 1.76511</i>
                        <i>1 0 0 0 1 0 0 0 1 -0.884222 1.86315 1.76518</i>
                        <i>1 0 0 0 1 0 0 0 1 -0.884227 1.86343 1.76525</i>
                        <i>1 0 0 0 1 0 0 0 1 -0.884231 1.86366 1.7653</i>
                        <i>1 0 0 0 1 0 0 0 1 -0.884235 1.86384 1.76534</i>
                        <i>1 0 0 0 1 0 0 0 1 -0.884237 1.86396 1.76536</i>
                        <i>1 0 0 0 1 0 0 0 1 -0.884238 1.864 1.76537</i>
                        <i>1 0 0 0 1 0 0 0 1 -0.884236 1.8639 1.76535</i>
                        <i>1 0 0 0 1 0 0 0 1 -0.884232 1.86363 1.76529</i>
                        <i>1 0 0 0 1 0 0 0 1 -0.884227 1.86323 1.7652</i>
                        <i>1 0 0 0 1 0 0 0 1 -0.88422 1.86273 1.76509</i>
                        <i>1 0 0 0 1 0 0 0 1 -0.884211 1.86217 1.76497</i>
                        <i>1 0 0 0 1 0 0 0 1 -0.884203 1.8616 1.76484</i>
                        <i>1 0 0 0 1 0 0 0 1 -0.884194 1.86105 1.76472</i>
                        <i>1 0 0 0 1 0 0 0 1 -0.884186 1.86055 1.76461</i>
                        <i>1 0 0 0 1 0 0 0 1 -0.884178 1.86015 1.76452</i>
                        <i>1 0 0 0 1 0 0 0 1 -0.884172 1.85989 1.76446</i>
                        <i>1 0 0 0 1 0 0 0 1 -0.884167 1.85979 1.76444</i>
                        <i>1 0 0 0 1 0 0 0 1 -0.884165 1.85991 1.76447</i>
                    </KeyFrames>
                </p>
            </i>
            <i>
                <p>
                    <Name><![CDATA[spine0]]></Name>
                    <Exclude>0</Exclude>
                    <Additive>0</Additive>
                    <IKPriority>0</IKPriority>
                    <IKRotLimits>-1e+010 -1e+010 -1e+010 1e+010 1e+010 1e+010</IKRotLimits>
                    <IKRotLimitOrder>0</IKRotLimitOrder>
                    <KeyFrames count="30">
                        <i>-0.181819 0.781009 0.597467 -0.968537 -0.0372349 -0.246067 -0.169934 -0.623409 0.763206 -0.886539 2.00234 1.74434</i>
                        <i>-0.181607 0.781462 0.596939 -0.968548 -0.0371431 -0.246037 -0.170097 -0.622846 0.763629 -0.886571 2.0024 1.74447</i>
                        <i>-0.181013 0.782731 0.595455 -0.96858 -0.0368862 -0.245952 -0.17055 -0.621266 0.764815 -0.88666 2.00256 1.74482</i>
                        <i>-0.180098 0.784669 0.593178 -0.968628 -0.0364914 -0.24582 -0.171241 -0.61884 0.766625 -0.886794 2.0028 1.74536</i>
                        <i>-0.178926 0.787124 0.590272 -0.968691 -0.0359859 -0.245647 -0.172113 -0.615744 0.768919 -0.886963 2.00312 1.74604</i>
                        <i>-0.177558 0.78995 0.5869 -0.968765 -0.0353966 -0.245442 -0.173113 -0.612148 0.771561 -0.887155 2.00348 1.74681</i>
                        <i>-0.176053 0.793009 0.583216 -0.968846 -0.0347491 -0.245213 -0.17419 -0.608218 0.774422 -0.887359 2.00389 1.74763</i>
                        <i>-0.17447 0.796174 0.579368 -0.968932 -0.0340674 -0.244968 -0.1753 -0.604108 0.777383 -0.887563 2.00431 1.74846</i>
                        <i>-0.172865 0.799331 0.57549 -0.96902 -0.0333739 -0.244718 -0.176404 -0.599964 0.780336 -0.887757 2.00474 1.74925</i>
                        <i>-0.171289 0.802377 0.571709 -0.969105 -0.0326892 -0.244474 -0.177472 -0.595921 0.783187 -0.887928 2.00517 1.74996</i>
                        <i>-0.169794 0.805223 0.568143 -0.969184 -0.0320328 -0.244248 -0.178475 -0.592107 0.785848 -0.888067 2.00557 1.75054</i>
                        <i>-0.168428 0.807783 0.564905 -0.969253 -0.0314229 -0.244052 -0.179391 -0.588641 0.788239 -0.888162 2.00594 1.75096</i>
                        <i>-0.167246 0.809969 0.56212 -0.969309 -0.0308819 -0.243898 -0.18019 -0.585659 0.790276 -0.88821 2.00627 1.75119</i>
                        <i>-0.166307 0.811676 0.559932 -0.969351 -0.0304375 -0.243788 -0.180834 -0.583314 0.791861 -0.888219 2.00655 1.75126</i>
                        <i>-0.165672 0.8128 0.558489 -0.969376 -0.0301162 -0.243728 -0.181283 -0.581764 0.792898 -0.888192 2.00677 1.7512</i>
                        <i>-0.1654 0.81323 0.557942 -0.969382 -0.0299453 -0.243724 -0.181496 -0.581171 0.793284 -0.888135 2.00693 1.75101</i>
                        <i>-0.165567 0.812828 0.558479 -0.969368 -0.0299568 -0.243779 -0.18142 -0.581733 0.792889 -0.888051 2.00702 1.75071</i>
                        <i>-0.166175 0.811634 0.560032 -0.969332 -0.0301735 -0.243894 -0.181055 -0.583386 0.791758 -0.887945 2.00702 1.75031</i>
                        <i>-0.167168 0.809782 0.562413 -0.969277 -0.0305859 -0.244064 -0.180436 -0.585934 0.790016 -0.887819 2.00687 1.74981</i>
                        <i>-0.168474 0.807378 0.56547 -0.969206 -0.0311586 -0.244273 -0.179602 -0.589211 0.787765 -0.887679 2.00655 1.74923</i>
                        <i>-0.170017 0.804535 0.56905 -0.969123 -0.0318558 -0.24451 -0.178589 -0.59305 0.78511 -0.887529 2.00609 1.7486</i>
                        <i>-0.171723 0.801366 0.572995 -0.969034 -0.0326412 -0.244762 -0.177441 -0.597283 0.782156 -0.887375 2.00553 1.74792</i>
                        <i>-0.173515 0.797994 0.577147 -0.96894 -0.0334774 -0.245018 -0.176201 -0.601735 0.779017 -0.887219 2.00491 1.74724</i>
                        <i>-0.175317 0.794549 0.581339 -0.968848 -0.0343251 -0.245266 -0.174921 -0.606229 0.775815 -0.887069 2.00427 1.74658</i>
                        <i>-0.17705 0.791174 0.585403 -0.96876 -0.0351435 -0.245497 -0.173658 -0.61058 0.77268 -0.886928 2.00365 1.74596</i>
                        <i>-0.178634 0.788022 0.589162 -0.968681 -0.0358892 -0.245701 -0.172473 -0.6146 0.769753 -0.886802 2.0031 1.7454</i>
                        <i>-0.179985 0.785257 0.592433 -0.968615 -0.0365175 -0.245869 -0.171436 -0.618092 0.767184 -0.886695 2.00265 1.74494</i>
                        <i>-0.181022 0.78305 0.595032 -0.968566 -0.0369821 -0.245992 -0.170618 -0.620858 0.765131 -0.886612 2.00235 1.74459</i>
                        <i>-0.181661 0.781577 0.596772 -0.968539 -0.0372364 -0.246061 -0.170094 -0.622696 0.763752 -0.886558 2.00223 1.74438</i>
                        <i>-0.181819 0.781009 0.597467 -0.968537 -0.0372349 -0.246067 -0.169934 -0.623409 0.763206 -0.886539 2.00234 1.74434</i>
                    </KeyFrames>
                </p>
            </i>
            <i>
                <p>
                    <Name><![CDATA[spine1]]></Name>
                    <Exclude>0</Exclude>
                    <Additive>0</Additive>
                    <IKPriority>0</IKPriority>
                    <IKRotLimits>-1e+010 -1e+010 -1e+010 1e+010 1e+010 1e+010</IKRotLimits>
                    <IKRotLimitOrder>0</IKRotLimitOrder>
                    <KeyFrames count="30">
                        <i>-0.216322 0.346029 0.912945 -0.970087 0.0293318 -0.240979 -0.110164 -0.937765 0.329333 -0.919165 2.14255 1.85154</i>
                        <i>-0.216057 0.347754 0.912352 -0.970097 0.0293885 -0.240934 -0.110598 -0.937125 0.331005 -0.91916 2.1427 1.85158</i>
                        <i>-0.21531 0.352587 0.910672 -0.970123 0.029551 -0.240807 -0.111817 -0.935312 0.33569 -0.919147 2.1431 1.85168</i>
                        <i>-0.214139 0.360045 0.908027 -0.970164 0.029807 -0.240612 -0.113697 -0.932459 0.342919 -0.919125 2.14373 1.85184</i>
                        <i>-0.212603 0.369639 0.904526 -0.970215 0.0301446 -0.240361 -0.116114 -0.928686 0.352221 -0.919095 2.14454 1.85203</i>
                        <i>-0.210759 0.380877 0.900285 -0.970275 0.0305516 -0.240069 -0.118942 -0.924121 0.363117 -0.919059 2.1455 1.85225</i>
                        <i>-0.208672 0.393256 0.895436 -0.970339 0.0310155 -0.239748 -0.122055 -0.918906 0.37512 -0.919016 2.14656 1.85249</i>
                        <i>-0.206412 0.406266 0.890136 -0.970406 0.0315236 -0.239414 -0.125326 -0.913211 0.387736 -0.918967 2.14769 1.85273</i>
                        <i>-0.204062 0.419391 0.884573 -0.970471 0.032063 -0.239079 -0.12863 -0.907239 0.400464 -0.918909 2.14887 1.85295</i>
                        <i>-0.201711 0.432113 0.878971 -0.970531 0.0326202 -0.23876 -0.131843 -0.901229 0.4128 -0.918843 2.15006 1.85313</i>
                        <i>-0.199462 0.443921 0.873584 -0.970583 0.0331814 -0.23847 -0.134849 -0.895451 0.424243 -0.918765 2.15123 1.85325</i>
                        <i>-0.197421 0.454308 0.868694 -0.970623 0.0337327 -0.238227 -0.137532 -0.890206 0.434302 -0.918674 2.15236 1.85328</i>
                        <i>-0.195692 0.462862 0.86456 -0.970651 0.0342479 -0.238041 -0.139789 -0.885768 0.442576 -0.918573 2.15341 1.85323</i>
                        <i>-0.194362 0.469285 0.861391 -0.970666 0.0346863 -0.237916 -0.141529 -0.882365 0.448778 -0.918477 2.15432 1.85313</i>
                        <i>-0.193522 0.473257 0.859405 -0.970669 0.035013 -0.237857 -0.142658 -0.880228 0.4526 -0.918397 2.15506 1.85301</i>
                        <i>-0.193256 0.474459 0.858802 -0.970659 0.0351931 -0.23787 -0.143084 -0.879574 0.453737 -0.918343 2.15556 1.8529</i>
                        <i>-0.193655 0.472509 0.859787 -0.970637 0.0351864 -0.23796 -0.142691 -0.880623 0.451821 -0.91833 2.15577 1.85283</i>
                        <i>-0.194716 0.467329 0.862374 -0.970605 0.0349996 -0.23812 -0.141463 -0.88339 0.446777 -0.918349 2.15563 1.85276</i>
                        <i>-0.196337 0.459255 0.866335 -0.970564 0.0346649 -0.238335 -0.139488 -0.887628 0.438931 -0.918385 2.15504 1.85263</i>
                        <i>-0.198383 0.448844 0.871311 -0.970517 0.0342108 -0.238593 -0.1369 -0.892955 0.428824 -0.918435 2.15404 1.85245</i>
                        <i>-0.200718 0.436654 0.876953 -0.970464 0.0336658 -0.238884 -0.133833 -0.899 0.417 -0.918496 2.15272 1.85223</i>
                        <i>-0.203212 0.423253 0.882928 -0.970409 0.0330582 -0.239194 -0.130427 -0.905408 0.40401 -0.918567 2.15118 1.852</i>
                        <i>-0.205745 0.409227 0.888933 -0.970352 0.0324161 -0.239513 -0.126831 -0.911857 0.390425 -0.918645 2.14952 1.85176</i>
                        <i>-0.208204 0.395181 0.894697 -0.970295 0.0317676 -0.239828 -0.123198 -0.918054 0.376828 -0.918727 2.14782 1.85154</i>
                        <i>-0.210488 0.381739 0.899983 -0.970241 0.0311407 -0.240129 -0.119693 -0.923746 0.363824 -0.918811 2.1462 1.85136</i>
                        <i>-0.212506 0.369536 0.904591 -0.970192 0.0305638 -0.240403 -0.116485 -0.928714 0.352026 -0.918894 2.14474 1.85123</i>
                        <i>-0.214175 0.359219 0.908345 -0.970149 0.0300655 -0.240637 -0.113751 -0.932769 0.342057 -0.918973 2.14354 1.85117</i>
                        <i>-0.215418 0.351435 0.911092 -0.970116 0.0296747 -0.24082 -0.111669 -0.935742 0.33454 -0.919047 2.14271 1.85119</i>
                        <i>-0.21616 0.346828 0.91268 -0.970095 0.0294204 -0.240938 -0.110415 -0.937467 0.330096 -0.919111 2.14235 1.85131</i>
                        <i>-0.216322 0.346029 0.912945 -0.970087 0.0293318 -0.240979 -0.110164 -0.937765 0.329333 -0.919165 2.14255 1.85154</i>
                    </KeyFrames>
                </p>
            </i>
            <i>
                <p>
                    <Name><![CDATA[spine2]]></Name>
                    <Exclude>0</Exclude>
                    <Additive>0</Additive>
                    <IKPriority>0</IKPriority>
                    <IKRotLimits>-1e+010 -1e+010 -1e+010 1e+010 1e+010 1e+010</IKRotLimits>
                    <IKRotLimitOrder>0</IKRotLimitOrder>
                    <KeyFrames count="30">
                        <i>-0.211875 0.351828 0.911771 -0.969635 0.0409178 -0.241111 -0.122137 -0.93517 0.332476 -0.954893 2.19935 2.00212</i>
                        <i>-0.211646 0.353056 0.911349 -0.969639 0.0410252 -0.241076 -0.122502 -0.934702 0.333654 -0.954846 2.19978 2.00207</i>
                        <i>-0.210998 0.356512 0.910153 -0.96965 0.0413274 -0.240979 -0.123526 -0.933376 0.336972 -0.954715 2.20099 2.00192</i>
                        <i>-0.209986 0.361867 0.908272 -0.969667 0.0417949 -0.240832 -0.12511 -0.931292 0.342114 -0.954509 2.20287 2.00168</i>
                        <i>-0.208663 0.368795 0.905787 -0.969686 0.042398 -0.240646 -0.127153 -0.928543 0.348769 -0.954241 2.20529 2.00136</i>
                        <i>-0.207083 0.376966 0.902781 -0.969708 0.0431072 -0.240435 -0.129552 -0.925224 0.35662 -0.953922 2.20814 2.00097</i>
                        <i>-0.205303 0.386039 0.899347 -0.969728 0.0438924 -0.24021 -0.132205 -0.921438 0.365341 -0.953562 2.2113 2.00053</i>
                        <i>-0.203383 0.395661 0.895593 -0.969747 0.0447237 -0.239981 -0.135005 -0.917307 0.374595 -0.953175 2.21466 2.00005</i>
                        <i>-0.201392 0.405468 0.891648 -0.969763 0.0455705 -0.239758 -0.137847 -0.912973 0.38403 -0.952772 2.2181 1.99954</i>
                        <i>-0.199406 0.415082 0.887662 -0.969775 0.0464021 -0.23955 -0.140622 -0.9086 0.393283 -0.952368 2.22151 1.99902</i>
                        <i>-0.197506 0.424118 0.883807 -0.969783 0.0471875 -0.239363 -0.143223 -0.904377 0.401982 -0.951977 2.22477 1.99851</i>
                        <i>-0.19578 0.432184 0.880277 -0.969787 0.0478958 -0.239203 -0.145541 -0.900513 0.409749 -0.951615 2.22778 1.99803</i>
                        <i>-0.194315 0.438929 0.877259 -0.969789 0.0484963 -0.239075 -0.147481 -0.897212 0.416245 -0.9513 2.23043 1.99761</i>
                        <i>-0.193187 0.444058 0.874924 -0.969789 0.0489592 -0.238982 -0.148957 -0.89466 0.421184 -0.951055 2.23259 1.99731</i>
                        <i>-0.192475 0.447269 0.873444 -0.969787 0.0492545 -0.238927 -0.149886 -0.893042 0.424276 -0.950902 2.23415 1.99716</i>
                        <i>-0.192253 0.448268 0.87298 -0.969786 0.0493522 -0.238914 -0.150181 -0.892536 0.425235 -0.950862 2.23499 1.9972</i>
                        <i>-0.192605 0.446707 0.873703 -0.969784 0.0492169 -0.238949 -0.149741 -0.893326 0.42373 -0.950961 2.23498 1.9975</i>
                        <i>-0.19351 0.442628 0.875577 -0.969782 0.04886 -0.23903 -0.148582 -0.895373 0.419798 -0.951173 2.23399 1.99793</i>
                        <i>-0.194872 0.436396 0.878398 -0.969779 0.0483203 -0.239151 -0.146809 -0.898456 0.413792 -0.951457 2.23199 1.99836</i>
                        <i>-0.19658 0.428459 0.881918 -0.969775 0.0476351 -0.239306 -0.144543 -0.902304 0.406145 -0.951796 2.22911 1.99877</i>
                        <i>-0.198527 0.419264 0.885892 -0.969768 0.0468417 -0.239492 -0.141907 -0.906655 0.39729 -0.95217 2.22558 1.99915</i>
                        <i>-0.200608 0.409256 0.890093 -0.969757 0.0459776 -0.239702 -0.139024 -0.91126 0.387656 -0.952563 2.2216 1.9995</i>
                        <i>-0.202726 0.398878 0.894315 -0.969743 0.04508 -0.23993 -0.136019 -0.915895 0.37767 -0.952958 2.21739 1.99981</i>
                        <i>-0.204791 0.388568 0.898374 -0.969725 0.0441857 -0.240167 -0.133016 -0.92036 0.367755 -0.953343 2.21316 2.00009</i>
                        <i>-0.206721 0.378756 0.902114 -0.969706 0.0433315 -0.240402 -0.130144 -0.924482 0.358324 -0.953706 2.20912 2.00036</i>
                        <i>-0.208441 0.369868 0.9054 -0.969685 0.0425536 -0.240624 -0.127527 -0.928109 0.349786 -0.954037 2.20549 2.00063</i>
                        <i>-0.209882 0.362321 0.908115 -0.969666 0.0418878 -0.24082 -0.125293 -0.931112 0.342538 -0.954328 2.20249 2.00091</i>
                        <i>-0.210978 0.356524 0.910153 -0.969649 0.0413697 -0.240975 -0.123566 -0.93337 0.336975 -0.954572 2.20032 2.00124</i>
                        <i>-0.211665 0.352889 0.911409 -0.969638 0.0410346 -0.241077 -0.122473 -0.934765 0.333489 -0.954763 2.1992 2.00164</i>
                        <i>-0.211875 0.351828 0.911771 -0.969635 0.0409178 -0.241111 -0.122137 -0.93517 0.332476 -0.954893 2.19935 2.00212</i>
                    </KeyFrames>
                </p>
            </i>
            <i>
                <p>
                    <Name><![CDATA[head]]></Name>
                    <Exclude>0</Exclude>
                    <Additive>0</Additive>
                    <IKPriority>0</IKPriority>
                    <IKRotLimits>-1e+010 -1e+010 -1e+010 1e+010 1e+010 1e+010</IKRotLimits>
                    <IKRotLimitOrder>0</IKRotLimitOrder>
                    <KeyFrames count="30">
                        <i>-0.0227406 0.913623 0.405927 0.353526 0.387147 -0.85155 -0.935148 0.124141 -0.331793 -1.00578 2.31881 2.22093</i>
                        <i>-0.0229148 0.913483 0.406231 0.353576 0.387481 -0.851377 -0.935125 0.124124 -0.331865 -1.00568 2.31954 2.2208</i>
                        <i>-0.023315 0.913189 0.40687 0.353723 0.38819 -0.850993 -0.93506 0.124078 -0.332067 -1.00541 2.32159 2.22041</i>
                        <i>-0.0237579 0.912927 0.40743 0.353961 0.388827 -0.850603 -0.934958 0.124006 -0.332378 -1.00498 2.32477 2.2198</i>
                        <i>-0.02406 0.912888 0.407501 0.354283 0.38895 -0.850412 -0.934828 0.12391 -0.332779 -1.00442 2.32887 2.219</i>
                        <i>-0.0240369 0.913258 0.406671 0.354686 0.388116 -0.850625 -0.934676 0.123794 -0.333249 -1.00376 2.33369 2.21802</i>
                        <i>-0.0235028 0.914224 0.404528 0.355164 0.385879 -0.851443 -0.934509 0.123662 -0.333769 -1.00301 2.33903 2.21691</i>
                        <i>-0.0222704 0.915959 0.400655 0.355708 0.38179 -0.853058 -0.934332 0.123518 -0.334317 -1.0022 2.34471 2.21571</i>
                        <i>-0.0201505 0.91862 0.394628 0.356306 0.375391 -0.855645 -0.934152 0.123367 -0.334874 -1.00137 2.35051 2.21444</i>
                        <i>-0.0172057 0.922077 0.386625 0.35692 0.366869 -0.859078 -0.933977 0.123213 -0.33542 -1.00054 2.35625 2.21317</i>
                        <i>-0.0137703 0.925919 0.37747 0.357501 0.357112 -0.862939 -0.933811 0.123063 -0.335935 -0.999742 2.36172 2.21195</i>
                        <i>-0.0100622 0.929883 0.367717 0.358014 0.346708 -0.86696 -0.933662 0.122924 -0.3364 -0.999016 2.36672 2.21085</i>
                        <i>-0.00630173 0.933729 0.357926 0.35843 0.336259 -0.870895 -0.933535 0.122803 -0.336795 -0.998398 2.37107 2.20994</i>
                        <i>-0.00271076 0.937242 0.34867 0.35873 0.326375 -0.874524 -0.933437 0.122708 -0.337101 -0.997928 2.37456 2.20929</i>
                        <i>0.000487777 0.940234 0.340528 0.358905 0.317675 -0.87765 -0.933374 0.122645 -0.337299 -0.997644 2.377 2.20898</i>
                        <i>0.00307037 0.942537 0.334087 0.35895 0.310785 -0.880095 -0.933352 0.122623 -0.33737 -0.997585 2.37818 2.20909</i>
                        <i>0.00479609 0.943974 0.329985 0.358864 0.306383 -0.881672 -0.933377 0.122648 -0.337289 -0.997794 2.37789 2.20968</i>
                        <i>0.00556652 0.944501 0.328462 0.358666 0.304727 -0.882327 -0.933449 0.12272 -0.337064 -0.998227 2.37598 2.21059</i>
                        <i>0.00537321 0.944139 0.329505 0.35838 0.305804 -0.88207 -0.93356 0.122827 -0.336717 -0.998814 2.37249 2.2116</i>
                        <i>0.00420902 0.942885 0.333092 0.358025 0.309593 -0.880892 -0.933703 0.122963 -0.336273 -0.999514 2.36767 2.21264</i>
                        <i>0.00206814 0.940715 0.339193 0.35761 0.316067 -0.878759 -0.933869 0.123116 -0.335755 -1.00029 2.36185 2.21368</i>
                        <i>-0.000866242 0.93775 0.347309 0.357138 0.324695 -0.8758 -0.934051 0.123279 -0.335188 -1.0011 2.35537 2.21468</i>
                        <i>-0.00426119 0.934256 0.356577 0.356614 0.334555 -0.872296 -0.934242 0.123443 -0.334595 -1.00192 2.34855 2.21563</i>
                        <i>-0.00789796 0.930419 0.366412 0.35605 0.345026 -0.868439 -0.934434 0.123602 -0.334 -1.00271 2.34173 2.2165</i>
                        <i>-0.0115592 0.926449 0.376244 0.355465 0.355498 -0.864445 -0.934618 0.123749 -0.333429 -1.00346 2.33523 2.21731</i>
                        <i>-0.0150295 0.922582 0.385508 0.35489 0.365371 -0.860556 -0.934787 0.123879 -0.332906 -1.00413 2.32937 2.21805</i>
                        <i>-0.0180947 0.919082 0.393651 0.354362 0.374053 -0.857037 -0.934933 0.123987 -0.332456 -1.00471 2.32448 2.21876</i>
                        <i>-0.0205426 0.916229 0.400129 0.353927 0.380962 -0.854168 -0.935047 0.12407 -0.332104 -1.00519 2.32087 2.21946</i>
                        <i>-0.0221617 0.914313 0.404401 0.353633 0.385519 -0.852243 -0.935122 0.124122 -0.331875 -1.00556 2.31887 2.22018</i>
                        <i>-0.0227406 0.913623 0.405927 0.353526 0.387147 -0.85155 -0.935148 0.124141 -0.331793 -1.00578 2.31881 2.22093</i>
                    </KeyFrames>
                </p>
            </i>
            <i>
                <p>
                    <Name><![CDATA[head_prop]]></Name>
                    <Exclude>0</Exclude>
                    <Additive>0</Additive>
                    <IKPriority>0</IKPriority>
                    <IKRotLimits>-1e+010 -1e+010 -1e+010 1e+010 1e+010 1e+010</IKRotLimits>
                    <IKRotLimitOrder>0</IKRotLimitOrder>
                    <KeyFrames count="30">
                        <i>0.935148 -0.124141 0.331793 -0.0227406 0.913623 0.405927 -0.353526 -0.387147 0.85155 -1.01319 2.61657 2.35323</i>
                        <i>0.935125 -0.124124 0.331865 -0.0229148 0.913483 0.406231 -0.353576 -0.387481 0.851377 -1.01315 2.61725 2.35319</i>
                        <i>0.93506 -0.124078 0.332067 -0.023315 0.913189 0.40687 -0.353723 -0.38819 0.850993 -1.01301 2.61921 2.35302</i>
                        <i>0.934958 -0.124006 0.332378 -0.0237579 0.912927 0.40743 -0.353961 -0.388827 0.850603 -1.01273 2.6223 2.35259</i>
                        <i>0.934828 -0.12391 0.332779 -0.02406 0.912888 0.407501 -0.354283 -0.38895 0.850412 -1.01227 2.62638 2.35181</i>
                        <i>0.934676 -0.123794 0.333249 -0.0240369 0.913258 0.406671 -0.354686 -0.388116 0.850625 -1.01159 2.63133 2.35056</i>
                        <i>0.934509 -0.123662 0.333769 -0.0235028 0.914224 0.404528 -0.355164 -0.385879 0.851443 -1.01067 2.63699 2.34875</i>
                        <i>0.934332 -0.123518 0.334317 -0.0222704 0.915959 0.400655 -0.355708 -0.38179 0.853058 -1.00946 2.64323 2.34628</i>
                        <i>0.934152 -0.123367 0.334874 -0.0201505 0.91862 0.394628 -0.356306 -0.375391 0.855645 -1.00794 2.6499 2.34305</i>
                        <i>0.933977 -0.123213 0.33542 -0.0172057 0.922077 0.386625 -0.35692 -0.366869 0.859078 -1.00615 2.65676 2.33918</i>
                        <i>0.933811 -0.123063 0.335935 -0.0137703 0.925919 0.37747 -0.357501 -0.357112 0.862939 -1.00423 2.66348 2.33497</i>
                        <i>0.933662 -0.122924 0.3364 -0.0100622 0.929883 0.367717 -0.358014 -0.346708 0.86696 -1.0023 2.66978 2.3307</i>
                        <i>0.933535 -0.122803 0.336795 -0.00630173 0.933729 0.357926 -0.35843 -0.336259 0.870895 -1.00045 2.67538 2.32659</i>
                        <i>0.933437 -0.122708 0.337101 -0.00271076 0.937242 0.34867 -0.35873 -0.326375 0.874524 -0.998812 2.68001 2.32293</i>
                        <i>0.933374 -0.122645 0.337299 0.000487777 0.940234 0.340528 -0.358905 -0.317675 0.87765 -0.997485 2.68343 2.31997</i>
                        <i>0.933352 -0.122623 0.33737 0.00307037 0.942537 0.334087 -0.35895 -0.310785 0.880095 -0.996584 2.68536 2.31797</i>
                        <i>0.933377 -0.122648 0.337289 0.00479609 0.943974 0.329985 -0.358864 -0.306383 0.881672 -0.996231 2.68554 2.31723</i>
                        <i>0.933449 -0.12272 0.337064 0.00556652 0.944501 0.328462 -0.358666 -0.304727 0.882327 -0.996413 2.6838 2.31764</i>
                        <i>0.93356 -0.122827 0.336717 0.00537321 0.944139 0.329505 -0.35838 -0.305804 0.88207 -0.997063 2.68019 2.31899</i>
                        <i>0.933703 -0.122963 0.336273 0.00420902 0.942885 0.333092 -0.358025 -0.309593 0.880892 -0.998142 2.67496 2.3212</i>
                        <i>0.933869 -0.123116 0.335755 0.00206814 0.940715 0.339193 -0.35761 -0.316067 0.878759 -0.999615 2.66844 2.32422</i>
                        <i>0.934051 -0.123279 0.335188 -0.000866242 0.93775 0.347309 -0.357138 -0.324695 0.8758 -1.00138 2.66099 2.32788</i>
                        <i>0.934242 -0.123443 0.334595 -0.00426119 0.934256 0.356577 -0.356614 -0.334555 0.872296 -1.00331 2.65304 2.33184</i>
                        <i>0.934434 -0.123602 0.334 -0.00789796 0.930419 0.366412 -0.35605 -0.345026 0.868439 -1.00529 2.64496 2.33592</i>
                        <i>0.934618 -0.123749 0.333429 -0.0115592 0.926449 0.376244 -0.355465 -0.355498 0.864445 -1.00722 2.63717 2.33993</i>
                        <i>0.934787 -0.123879 0.332906 -0.0150295 0.922582 0.385508 -0.35489 -0.365371 0.860556 -1.00903 2.63005 2.34369</i>
                        <i>0.934933 -0.123987 0.332456 -0.0180947 0.919082 0.393651 -0.354362 -0.374053 0.857037 -1.01061 2.62401 2.34706</i>
                        <i>0.935047 -0.12407 0.332104 -0.0205426 0.916229 0.400129 -0.353927 -0.380962 0.854168 -1.01189 2.61948 2.34987</i>
                        <i>0.935122 -0.124122 0.331875 -0.0221617 0.914313 0.404401 -0.353633 -0.385519 0.852243 -1.01278 2.61686 2.35197</i>
                        <i>0.935148 -0.124141 0.331793 -0.0227406 0.913623 0.405927 -0.353526 -0.387147 0.85155 -1.01319 2.61657 2.35323</i>
                    </KeyFrames>
                </p>
            </i>
            <i>
                <p>
                    <Name><![CDATA[l_clav]]></Name>
                    <Exclude>0</Exclude>
                    <Additive>0</Additive>
                    <IKPriority>0</IKPriority>
                    <IKRotLimits>-1e+010 -1e+010 -1e+010 1e+010 1e+010 1e+010</IKRotLimits>
                    <IKRotLimitOrder>0</IKRotLimitOrder>
                    <KeyFrames count="30">
                        <i>0.611557 0.547535 0.571142 -0.786599 0.498501 0.364362 -0.0852139 -0.672088 0.735552 -0.890724 2.17651 2.10124</i>
                        <i>0.610939 0.548434 0.570941 -0.787047 0.498636 0.363206 -0.0854971 -0.671255 0.736279 -0.890683 2.17708 2.10125</i>
                        <i>0.609259 0.550925 0.570337 -0.788263 0.499038 0.360004 -0.0862847 -0.668911 0.738317 -0.890565 2.17868 2.10125</i>
                        <i>0.606697 0.554755 0.569356 -0.790104 0.499649 0.355086 -0.0874927 -0.66528 0.74145 -0.89038 2.18116 2.10124</i>
                        <i>0.603432 0.559667 0.568016 -0.792428 0.500407 0.348785 -0.0890357 -0.66058 0.745458 -0.890136 2.18437 2.10121</i>
                        <i>0.599647 0.565407 0.566338 -0.795094 0.501249 0.341432 -0.0908287 -0.65503 0.750124 -0.88984 2.18815 2.10116</i>
                        <i>0.595522 0.571715 0.564353 -0.797962 0.502123 0.33336 -0.092788 -0.648856 0.755233 -0.889503 2.19236 2.10108</i>
                        <i>0.591242 0.578335 0.562105 -0.8009 0.50299 0.324902 -0.0948315 -0.642285 0.760576 -0.889135 2.19684 2.10097</i>
                        <i>0.58699 0.585004 0.559654 -0.803777 0.503826 0.316389 -0.0968797 -0.635554 0.765954 -0.88875 2.20144 2.10083</i>
                        <i>0.582952 0.591464 0.557079 -0.80647 0.504627 0.308152 -0.0988559 -0.628906 0.771171 -0.888361 2.206 2.10067</i>
                        <i>0.579315 0.597454 0.554475 -0.808861 0.505403 0.30052 -0.100686 -0.622588 0.776045 -0.887985 2.21037 2.10052</i>
                        <i>0.576266 0.602716 0.551951 -0.810834 0.506181 0.293817 -0.102299 -0.616858 0.780398 -0.887643 2.21439 2.10038</i>
                        <i>0.573993 0.606991 0.549631 -0.812277 0.507 0.28837 -0.103625 -0.611975 0.784059 -0.887353 2.2179 2.1003</i>
                        <i>0.57268 0.610022 0.54764 -0.813078 0.507901 0.284499 -0.104596 -0.608201 0.786861 -0.887138 2.22074 2.1003</i>
                        <i>0.572515 0.611554 0.546102 -0.813124 0.508928 0.282528 -0.105146 -0.6058 0.788638 -0.887019 2.22276 2.10041</i>
                        <i>0.573743 0.611287 0.545113 -0.812252 0.510145 0.282839 -0.105191 -0.605046 0.789211 -0.887019 2.2238 2.10066</i>
                        <i>0.576219 0.609138 0.544907 -0.810564 0.511321 0.285548 -0.104684 -0.60622 0.788377 -0.887161 2.22368 2.10109</i>
                        <i>0.579645 0.605336 0.545509 -0.808247 0.512269 0.290373 -0.103674 -0.609219 0.786196 -0.887406 2.22224 2.10152</i>
                        <i>0.583787 0.600203 0.546763 -0.805443 0.512938 0.296911 -0.102249 -0.613719 0.782876 -0.887703 2.21948 2.10179</i>
                        <i>0.588413 0.594057 0.548513 -0.802291 0.513274 0.304759 -0.100493 -0.619391 0.778624 -0.888036 2.2156 2.1019</i>
                        <i>0.593294 0.58722 0.550613 -0.798938 0.513235 0.31351 -0.0984943 -0.625909 0.773652 -0.888385 2.21089 2.10187</i>
                        <i>0.598201 0.580014 0.552936 -0.795534 0.512794 0.322752 -0.0963413 -0.63295 0.768175 -0.888735 2.20562 2.10171</i>
                        <i>0.60291 0.572762 0.555377 -0.792237 0.511946 0.332071 -0.0941252 -0.640199 0.762421 -0.889073 2.20009 2.10145</i>
                        <i>0.607197 0.565785 0.557853 -0.789214 0.510711 0.34105 -0.0919409 -0.64735 0.756627 -0.88939 2.19456 2.10113</i>
                        <i>0.610839 0.559403 0.560307 -0.786636 0.509131 0.34927 -0.0898867 -0.654105 0.751043 -0.889679 2.1893 2.1008</i>
                        <i>0.613615 0.553937 0.5627 -0.784679 0.507267 0.356313 -0.0880643 -0.660178 0.745929 -0.88994 2.18459 2.10052</i>
                        <i>0.615302 0.549702 0.565006 -0.783523 0.505195 0.36176 -0.0865786 -0.665286 0.741551 -0.890172 2.18069 2.10035</i>
                        <i>0.615675 0.547013 0.567204 -0.783344 0.502997 0.365194 -0.0855363 -0.669157 0.738182 -0.890378 2.17787 2.10037</i>
                        <i>0.614506 0.546186 0.569266 -0.784315 0.500747 0.3662 -0.0850455 -0.671516 0.736093 -0.890562 2.17639 2.10064</i>
                        <i>0.611557 0.547535 0.571142 -0.786599 0.498501 0.364362 -0.0852139 -0.672088 0.735552 -0.890724 2.17651 2.10124</i>
                    </KeyFrames>
                </p>
            </i>
            <i>
                <p>
                    <Name><![CDATA[l_shoulder]]></Name>
                    <Exclude>0</Exclude>
                    <Additive>0</Additive>
                    <IKPriority>0</IKPriority>
                    <IKRotLimits>-1e+010 -1e+010 -1e+010 1e+010 1e+010 1e+010</IKRotLimits>
                    <IKRotLimitOrder>0</IKRotLimitOrder>
                    <KeyFrames count="30">
                        <i>0.84851 -0.457871 0.265302 0.406804 0.885028 0.226353 -0.33844 -0.0841374 0.937219 -0.769893 2.28469 2.21409</i>
                        <i>0.848187 -0.458295 0.265602 0.406692 0.884707 0.227804 -0.339382 -0.0852021 0.936782 -0.769975 2.28544 2.21405</i>
                        <i>0.847254 -0.459484 0.266525 0.406369 0.883803 0.231855 -0.342089 -0.088132 0.935525 -0.770189 2.28753 2.21393</i>
                        <i>0.845764 -0.461328 0.268068 0.405837 0.882386 0.238099 -0.346382 -0.0925839 0.933514 -0.77051 2.29077 2.21373</i>
                        <i>0.843759 -0.463719 0.270252 0.405091 0.880524 0.246128 -0.352097 -0.0981961 0.930798 -0.77091 2.29495 2.21344</i>
                        <i>0.841278 -0.466554 0.27309 0.40413 0.878285 0.255528 -0.359068 -0.104606 0.927431 -0.771363 2.29987 2.21306</i>
                        <i>0.838369 -0.46973 0.276571 0.402957 0.875745 0.265888 -0.367101 -0.111466 0.923478 -0.771841 2.30532 2.21258</i>
                        <i>0.835092 -0.473142 0.280639 0.40159 0.872987 0.276803 -0.375961 -0.118454 0.919033 -0.772319 2.31111 2.21203</i>
                        <i>0.831532 -0.47668 0.285185 0.400059 0.870103 0.287879 -0.385367 -0.125289 0.914218 -0.772773 2.31703 2.2114</i>
                        <i>0.827803 -0.480227 0.290043 0.39841 0.867195 0.298734 -0.394984 -0.131737 0.909194 -0.773182 2.32286 2.21074</i>
                        <i>0.824053 -0.483653 0.294985 0.396704 0.864374 0.309005 -0.404429 -0.137614 0.904157 -0.773525 2.32841 2.21007</i>
                        <i>0.820467 -0.486817 0.299737 0.395016 0.861754 0.318344 -0.413275 -0.14279 0.899341 -0.773785 2.33347 2.20944</i>
                        <i>0.817264 -0.489567 0.30398 0.39343 0.859455 0.326419 -0.421061 -0.147176 0.895012 -0.773944 2.33782 2.2089</i>
                        <i>0.814687 -0.49174 0.307371 0.392038 0.857599 0.332911 -0.427306 -0.150717 0.891456 -0.773989 2.34127 2.2085</i>
                        <i>0.812993 -0.493167 0.309563 0.390933 0.856309 0.337501 -0.431526 -0.153368 0.888968 -0.773903 2.34359 2.20831</i>
                        <i>0.812425 -0.493677 0.31024 0.390196 0.85571 0.339865 -0.433259 -0.15506 0.887831 -0.773659 2.34458 2.20836</i>
                        <i>0.813242 -0.493112 0.308996 0.389939 0.855916 0.339641 -0.431956 -0.15572 0.88835 -0.773312 2.34403 2.20875</i>
                        <i>0.81527 -0.491494 0.306217 0.390314 0.857024 0.336399 -0.427773 -0.154735 0.890543 -0.77288 2.34184 2.2093</i>
                        <i>0.818159 -0.488973 0.302524 0.391363 0.859021 0.330027 -0.421249 -0.151618 0.894182 -0.77236 2.33807 2.20982</i>
                        <i>0.821625 -0.485759 0.298278 0.392946 0.861727 0.320967 -0.412947 -0.146507 0.898894 -0.771778 2.33297 2.21028</i>
                        <i>0.82538 -0.482086 0.293838 0.394876 0.864915 0.30983 -0.40351 -0.139698 0.904248 -0.771163 2.32691 2.21066</i>
                        <i>0.829182 -0.478165 0.289508 0.396976 0.868363 0.297249 -0.393532 -0.131546 0.909851 -0.770544 2.32022 2.21096</i>
                        <i>0.832845 -0.47419 0.285506 0.399089 0.871861 0.283877 -0.383533 -0.122484 0.915369 -0.769951 2.31325 2.21118</i>
                        <i>0.83624 -0.470327 0.28195 0.401086 0.875224 0.270394 -0.373943 -0.113028 0.920538 -0.769421 2.30634 2.21135</i>
                        <i>0.839287 -0.466731 0.278852 0.402869 0.87829 0.257493 -0.365093 -0.10377 0.92517 -0.768991 2.29983 2.2115</i>
                        <i>0.841949 -0.463549 0.276124 0.40437 0.880925 0.245877 -0.35722 -0.0953601 0.929139 -0.768703 2.29404 2.21169</i>
                        <i>0.844211 -0.460924 0.2736 0.405544 0.883017 0.236253 -0.350488 -0.0884904 0.932378 -0.768601 2.2893 2.21198</i>
                        <i>0.846069 -0.459005 0.271075 0.406362 0.884467 0.229323 -0.345017 -0.0838679 0.934842 -0.768734 2.28595 2.21244</i>
                        <i>0.847514 -0.457939 0.268353 0.406796 0.885176 0.225788 -0.340936 -0.0821938 0.936486 -0.769149 2.2843 2.21312</i>
                        <i>0.84851 -0.457871 0.265302 0.406804 0.885028 0.226353 -0.33844 -0.0841374 0.937219 -0.769893 2.28469 2.21409</i>
                    </KeyFrames>
                </p>
            </i>
            <i>
                <p>
                    <Name><![CDATA[l_elbow]]></Name>
                    <Exclude>0</Exclude>
                    <Additive>0</Additive>
                    <IKPriority>0</IKPriority>
                    <IKRotLimits>-1e+010 -1e+010 -1e+010 1e+010 1e+010 1e+010</IKRotLimits>
                    <IKRotLimitOrder>0</IKRotLimitOrder>
                    <KeyFrames count="30">
                        <i>-0.199907 -0.15815 0.966967 0.405904 0.884855 0.228635 -0.891784 0.438202 -0.112695 -0.493893 2.13575 2.30039</i>
                        <i>-0.199334 -0.160031 0.966776 0.405791 0.884531 0.230085 -0.891964 0.438173 -0.111378 -0.494079 2.13636 2.30045</i>
                        <i>-0.197742 -0.165282 0.96622 0.405461 0.883619 0.234132 -0.892468 0.438062 -0.107713 -0.494597 2.13807 2.30063</i>
                        <i>-0.195265 -0.173392 0.965302 0.404918 0.882192 0.240372 -0.89326 0.437804 -0.102052 -0.495403 2.14071 2.30093</i>
                        <i>-0.192029 -0.183848 0.964015 0.404158 0.880316 0.248393 -0.894305 0.437313 -0.0947424 -0.496455 2.14411 2.30135</i>
                        <i>-0.188157 -0.196135 0.962355 0.403179 0.878063 0.257784 -0.895569 0.436506 -0.0861365 -0.497714 2.14811 2.30189</i>
                        <i>-0.183779 -0.209731 0.960332 0.401987 0.875506 0.268134 -0.897013 0.435318 -0.0765904 -0.499139 2.15253 2.30254</i>
                        <i>-0.179033 -0.224115 0.957977 0.400597 0.872731 0.279038 -0.898593 0.43372 -0.0664676 -0.500683 2.15721 2.30331</i>
                        <i>-0.174076 -0.238763 0.955348 0.399043 0.869831 0.290101 -0.900257 0.431724 -0.0561399 -0.502295 2.16197 2.30417</i>
