<?xml version="1.0" encoding="ISO-8859-1" ?>
<Animl Version="1">
    <ModellingPackage><![CDATA[Maya.2010]]></ModellingPackage>
    <SrcFile><![CDATA[anims\turrets\antitank\blue\~src\antitank_m72_law\antitank_m72law_aim_low_crewman_b.mb]]></SrcFile>
    <FramesPerSecond>30</FramesPerSecond>
    <TotalFrames>30</TotalFrames>
    <Skeleton>
        <RefFrame>
            <Name><![CDATA[soldier_ref_frame]]></Name>
            <Exclude>0</Exclude>
            <Additive>0</Additive>
            <IKPriority>0</IKPriority>
            <IKRotLimits>-1e+010 -1e+010 -1e+010 1e+010 1e+010 1e+010</IKRotLimits>
            <IKRotLimitOrder>0</IKRotLimitOrder>
            <KeyFrames count="30">
                <i>1 0 0 0 1 0 0 0 1 0.59 1.07 -2.27</i>
                <i>1 0 0 0 1 0 0 0 1 0.59 1.07 -2.27</i>
                <i>1 0 0 0 1 0 0 0 1 0.59 1.07 -2.27</i>
                <i>1 0 0 0 1 0 0 0 1 0.59 1.07 -2.27</i>
                <i>1 0 0 0 1 0 0 0 1 0.59 1.07 -2.27</i>
                <i>1 0 0 0 1 0 0 0 1 0.59 1.07 -2.27</i>
                <i>1 0 0 0 1 0 0 0 1 0.59 1.07 -2.27</i>
                <i>1 0 0 0 1 0 0 0 1 0.59 1.07 -2.27</i>
                <i>1 0 0 0 1 0 0 0 1 0.59 1.07 -2.27</i>
                <i>1 0 0 0 1 0 0 0 1 0.59 1.07 -2.27</i>
                <i>1 0 0 0 1 0 0 0 1 0.59 1.07 -2.27</i>
                <i>1 0 0 0 1 0 0 0 1 0.59 1.07 -2.27</i>
                <i>1 0 0 0 1 0 0 0 1 0.59 1.07 -2.27</i>
                <i>1 0 0 0 1 0 0 0 1 0.59 1.07 -2.27</i>
                <i>1 0 0 0 1 0 0 0 1 0.59 1.07 -2.27</i>
                <i>1 0 0 0 1 0 0 0 1 0.59 1.07 -2.27</i>
                <i>1 0 0 0 1 0 0 0 1 0.59 1.07 -2.27</i>
                <i>1 0 0 0 1 0 0 0 1 0.59 1.07 -2.27</i>
                <i>1 0 0 0 1 0 0 0 1 0.59 1.07 -2.27</i>
                <i>1 0 0 0 1 0 0 0 1 0.59 1.07 -2.27</i>
                <i>1 0 0 0 1 0 0 0 1 0.59 1.07 -2.27</i>
                <i>1 0 0 0 1 0 0 0 1 0.59 1.07 -2.27</i>
                <i>1 0 0 0 1 0 0 0 1 0.59 1.07 -2.27</i>
                <i>1 0 0 0 1 0 0 0 1 0.59 1.07 -2.27</i>
                <i>1 0 0 0 1 0 0 0 1 0.59 1.07 -2.27</i>
                <i>1 0 0 0 1 0 0 0 1 0.59 1.07 -2.27</i>
                <i>1 0 0 0 1 0 0 0 1 0.59 1.07 -2.27</i>
                <i>1 0 0 0 1 0 0 0 1 0.59 1.07 -2.27</i>
                <i>1 0 0 0 1 0 0 0 1 0.59 1.07 -2.27</i>
                <i>1 0 0 0 1 0 0 0 1 0.59 1.07 -2.27</i>
            </KeyFrames>
        </RefFrame>
        <Bones count="23">
            <i>
                <p>
                    <Name><![CDATA[pelvis]]></Name>
                    <Exclude>0</Exclude>
                    <Additive>0</Additive>
                    <IKPriority>0</IKPriority>
                    <IKRotLimits>-1e+010 -1e+010 -1e+010 1e+010 1e+010 1e+010</IKRotLimits>
                    <IKRotLimitOrder>2</IKRotLimitOrder>
                    <KeyFrames count="30">
                        <i>1 0 0 0 1 0 0 0 1 0.325718 2.05047 -1.98556</i>
                        <i>1 0 0 0 1 0 0 0 1 0.325747 2.04906 -1.98558</i>
                        <i>1 0 0 0 1 0 0 0 1 0.325774 2.04742 -1.98561</i>
                        <i>1 0 0 0 1 0 0 0 1 0.325797 2.04572 -1.98563</i>
                        <i>1 0 0 0 1 0 0 0 1 0.325817 2.04413 -1.98565</i>
                        <i>1 0 0 0 1 0 0 0 1 0.325831 2.04285 -1.98567</i>
                        <i>1 0 0 0 1 0 0 0 1 0.325841 2.04205 -1.98568</i>
                        <i>1 0 0 0 1 0 0 0 1 0.325844 2.04192 -1.98568</i>
                        <i>1 0 0 0 1 0 0 0 1 0.32584 2.04235 -1.98568</i>
                        <i>1 0 0 0 1 0 0 0 1 0.32583 2.04307 -1.98567</i>
                        <i>1 0 0 0 1 0 0 0 1 0.325816 2.04404 -1.98566</i>
                        <i>1 0 0 0 1 0 0 0 1 0.325797 2.0452 -1.98564</i>
                        <i>1 0 0 0 1 0 0 0 1 0.325775 2.0465 -1.98562</i>
                        <i>1 0 0 0 1 0 0 0 1 0.325752 2.04789 -1.98559</i>
                        <i>1 0 0 0 1 0 0 0 1 0.325728 2.04931 -1.98557</i>
                        <i>1 0 0 0 1 0 0 0 1 0.325704 2.05072 -1.98555</i>
                        <i>1 0 0 0 1 0 0 0 1 0.325682 2.05206 -1.98553</i>
                        <i>1 0 0 0 1 0 0 0 1 0.325664 2.05328 -1.98551</i>
                        <i>1 0 0 0 1 0 0 0 1 0.325649 2.05432 -1.98549</i>
                        <i>1 0 0 0 1 0 0 0 1 0.325639 2.05514 -1.98548</i>
                        <i>1 0 0 0 1 0 0 0 1 0.325635 2.05569 -1.98548</i>
                        <i>1 0 0 0 1 0 0 0 1 0.325634 2.05593 -1.98548</i>
                        <i>1 0 0 0 1 0 0 0 1 0.325633 2.05591 -1.98548</i>
                        <i>1 0 0 0 1 0 0 0 1 0.325632 2.05565 -1.98548</i>
                        <i>1 0 0 0 1 0 0 0 1 0.325633 2.05517 -1.98549</i>
                        <i>1 0 0 0 1 0 0 0 1 0.325637 2.0545 -1.9855</i>
                        <i>1 0 0 0 1 0 0 0 1 0.325646 2.05367 -1.98551</i>
                        <i>1 0 0 0 1 0 0 0 1 0.325662 2.0527 -1.98552</i>
                        <i>1 0 0 0 1 0 0 0 1 0.325685 2.05163 -1.98554</i>
                        <i>1 0 0 0 1 0 0 0 1 0.325718 2.05047 -1.98556</i>
                    </KeyFrames>
                </p>
            </i>
            <i>
                <p>
                    <Name><![CDATA[spine0]]></Name>
                    <Exclude>0</Exclude>
                    <Additive>0</Additive>
                    <IKPriority>0</IKPriority>
                    <IKRotLimits>-1e+010 -1e+010 -1e+010 1e+010 1e+010 1e+010</IKRotLimits>
                    <IKRotLimitOrder>0</IKRotLimitOrder>
                    <KeyFrames count="30">
                        <i>0.0642166 0.995375 0.0714486 -0.926399 0.0860794 -0.366573 -0.371028 -0.0426497 0.927642 0.34791 2.18388 -2.03461</i>
                        <i>0.0642111 0.99511 0.0750491 -0.926223 0.0874216 -0.366698 -0.371466 -0.0459661 0.927308 0.348026 2.18238 -2.03485</i>
                        <i>0.0644553 0.994871 0.0779507 -0.925968 0.0887485 -0.367025 -0.372061 -0.0485231 0.926939 0.348288 2.18046 -2.03549</i>
                        <i>0.0648907 0.994664 0.0801997 -0.92565 0.0900211 -0.367516 -0.372775 -0.0503885 0.926553 0.348658 2.17836 -2.03642</i>
                        <i>0.0654594 0.994493 0.0818401 -0.925292 0.0911989 -0.368128 -0.373565 -0.0516285 0.926166 0.349099 2.17627 -2.03754</i>
                        <i>0.0661048 0.994362 0.0829097 -0.924916 0.0922395 -0.368812 -0.374381 -0.0523042 0.925799 0.349574 2.17443 -2.03877</i>
                        <i>0.0667723 0.994273 0.0834378 -0.924549 0.093099 -0.369515 -0.375167 -0.0524689 0.925471 0.350046 2.17305 -2.03999</i>
                        <i>0.0674103 0.99423 0.083444 -0.92422 0.0937319 -0.370178 -0.375863 -0.0521668 0.925206 0.35048 2.17236 -2.04112</i>
                        <i>0.067969 0.994234 0.082939 -0.923959 0.0940918 -0.370738 -0.376405 -0.0514335 0.925027 0.35084 2.17231 -2.04207</i>
                        <i>0.0684006 0.994288 0.081928 -0.923796 0.0941321 -0.371134 -0.376726 -0.0502989 0.924958 0.351093 2.17268 -2.04275</i>
                        <i>0.0686606 0.9944 0.0803391 -0.923764 0.0937814 -0.371302 -0.376757 -0.0487206 0.92503 0.351207 2.17348 -2.04308</i>
                        <i>0.068789 0.994569 0.0781115 -0.923846 0.0930572 -0.371281 -0.376533 -0.046623 0.925229 0.351208 2.17461 -2.04311</i>
                        <i>0.0688594 0.994782 0.0752811 -0.923997 0.0920472 -0.371156 -0.376148 -0.0440019 0.925514 0.351149 2.17596 -2.04299</i>
                        <i>0.0688698 0.99502 0.0720502 -0.924202 0.0908286 -0.370945 -0.375642 -0.041042 0.925855 0.351039 2.17747 -2.04274</i>
                        <i>0.0688187 0.995266 0.0686213 -0.924445 0.0894785 -0.370669 -0.375054 -0.0379277 0.926227 0.350884 2.17907 -2.04237</i>
                        <i>0.0687056 0.995504 0.0651949 -0.92471 0.0880732 -0.370343 -0.37442 -0.0348418 0.926604 0.350692 2.1807 -2.04191</i>
                        <i>0.068531 0.995723 0.0619676 -0.924984 0.086688 -0.369986 -0.373775 -0.0319635 0.926968 0.35047 2.1823 -2.04136</i>
                        <i>0.0682971 0.995911 0.0591303 -0.925253 0.0853966 -0.369613 -0.373151 -0.029467 0.927303 0.350225 2.18382 -2.04075</i>
                        <i>0.0680076 0.996063 0.0568681 -0.925507 0.084271 -0.369235 -0.372574 -0.0275211 0.927594 0.349965 2.18518 -2.04009</i>
                        <i>0.0676671 0.996171 0.0553607 -0.925736 0.0833817 -0.368864 -0.372068 -0.0262894 0.927833 0.349697 2.18633 -2.03941</i>
                        <i>0.0672813 0.996229 0.0547838 -0.92593 0.0827983 -0.368508 -0.371654 -0.0259323 0.928009 0.349429 2.1872 -2.03871</i>
                        <i>0.0668688 0.996249 0.0549281 -0.926096 0.082459 -0.368167 -0.371316 -0.0262498 0.928136 0.349164 2.18778 -2.03802</i>
                        <i>0.0664522 0.996248 0.0554406 -0.926243 0.082253 -0.367843 -0.371024 -0.0269075 0.928234 0.348903 2.18807 -2.03734</i>
                        <i>0.0660414 0.996225 0.0563452 -0.926367 0.0821981 -0.367542 -0.370786 -0.0279233 0.928298 0.348656 2.1881 -2.0367</i>
                        <i>0.0656459 0.996175 0.0576659 -0.926465 0.0823124 -0.36727 -0.370612 -0.0293157 0.928325 0.348431 2.18788 -2.03612</i>
                        <i>0.0652755 0.996096 0.0594276 -0.926532 0.0826142 -0.367033 -0.370509 -0.0311033 0.928308 0.348235 2.18745 -2.0356</i>
                        <i>0.0649391 0.995983 0.0616565 -0.926564 0.0831221 -0.366836 -0.370488 -0.0333067 0.92824 0.348077 2.18681 -2.03517</i>
                        <i>0.0646455 0.995829 0.0643815 -0.926557 0.0838554 -0.366689 -0.370558 -0.0359483 0.928113 0.347965 2.18599 -2.03485</i>
                        <i>0.0644024 0.995629 0.0676338 -0.926504 0.0848342 -0.366598 -0.370733 -0.0390532 0.927918 0.347907 2.185 -2.03466</i>
                        <i>0.0642166 0.995375 0.0714486 -0.926399 0.0860794 -0.366573 -0.371028 -0.0426497 0.927642 0.34791 2.18388 -2.03461</i>
                    </KeyFrames>
                </p>
            </i>
            <i>
                <p>
                    <Name><![CDATA[spine1]]></Name>
                    <Exclude>0</Exclude>
                    <Additive>0</Additive>
                    <IKPriority>0</IKPriority>
                    <IKRotLimits>-1e+010 -1e+010 -1e+010 1e+010 1e+010 1e+010</IKRotLimits>
                    <IKRotLimitOrder>0</IKRotLimitOrder>
                    <KeyFrames count="30">
                        <i>0.0443086 0.945322 0.323114 -0.971315 0.116402 -0.207358 -0.233631 -0.304658 0.923364 0.35918 2.35842 -2.0221</i>
                        <i>0.0437217 0.944465 0.325689 -0.97115 0.116676 -0.207978 -0.234428 -0.3072 0.922319 0.359292 2.35684 -2.02172</i>
                        <i>0.0422963 0.943073 0.329885 -0.970993 0.116575 -0.208766 -0.235338 -0.311486 0.920648 0.359604 2.35499 -2.02184</i>
                        <i>0.0402448 0.941283 0.335212 -0.97085 0.116172 -0.209654 -0.236286 -0.317003 0.918519 0.360065 2.35306 -2.02236</i>
                        <i>0.0377802 0.939236 0.341188 -0.970726 0.11554 -0.210573 -0.237199 -0.323245 0.916106 0.360626 2.35125 -2.02317</i>
                        <i>0.035113 0.937078 0.347349 -0.970627 0.114752 -0.211459 -0.238012 -0.329722 0.913583 0.36124 2.34975 -2.02418</i>
                        <i>0.0324494 0.934963 0.353259 -0.970557 0.113881 -0.212252 -0.238677 -0.335971 0.911129 0.361857 2.34874 -2.02528</i>
                        <i>0.0299896 0.933044 0.358509 -0.970517 0.112999 -0.212902 -0.239159 -0.341555 0.908924 0.36243 2.34844 -2.02638</i>
                        <i>0.0279281 0.931482 0.362715 -0.97051 0.112182 -0.213365 -0.239436 -0.346059 0.907146 0.362914 2.34873 -2.02739</i>
                        <i>0.026455 0.930433 0.365505 -0.970537 0.111504 -0.2136 -0.239496 -0.349086 0.90597 0.363263 2.34938 -2.02823</i>
                        <i>0.0257606 0.930067 0.366485 -0.9706 0.111035 -0.21356 -0.239318 -0.350209 0.905583 0.363434 2.35035 -2.02882</i>
                        <i>0.0256993 0.93028 0.365949 -0.970698 0.110715 -0.21328 -0.238926 -0.349744 0.905866 0.363463 2.35159 -2.02925</i>
                        <i>0.0259729 0.930832 0.364523 -0.970824 0.110441 -0.212845 -0.238381 -0.34836 0.906543 0.36342 2.35301 -2.02963</i>
                        <i>0.0265423 0.931668 0.36234 -0.970969 0.110226 -0.212294 -0.237727 -0.346186 0.907547 0.363311 2.35457 -2.02995</i>
                        <i>0.0273688 0.932733 0.359528 -0.971123 0.110082 -0.211664 -0.237003 -0.343353 0.908812 0.363146 2.35619 -2.0302</i>
                        <i>0.0284136 0.933971 0.356217 -0.971277 0.11002 -0.210988 -0.236248 -0.339991 0.910271 0.362929 2.35781 -2.03035</i>
                        <i>0.0296374 0.935325 0.352545 -0.971424 0.110048 -0.2103 -0.235495 -0.336238 0.911859 0.36267 2.35936 -2.03038</i>
                        <i>0.0310002 0.936739 0.348653 -0.971555 0.110174 -0.209625 -0.234777 -0.332237 0.913509 0.362376 2.3608 -2.03028</i>
                        <i>0.0324613 0.938155 0.344691 -0.971665 0.110407 -0.208991 -0.234122 -0.32814 0.915156 0.362055 2.36205 -2.03003</i>
                        <i>0.0339797 0.939515 0.340817 -0.971748 0.110753 -0.208424 -0.233564 -0.324106 0.916735 0.361714 2.36304 -2.02962</i>
                        <i>0.0355137 0.940765 0.337195 -0.971796 0.111219 -0.207948 -0.233133 -0.3203 0.918182 0.361364 2.36372 -2.02904</i>
                        <i>0.0370315 0.941904 0.333834 -0.971819 0.111768 -0.207548 -0.232803 -0.316741 0.919499 0.361009 2.36407 -2.02833</i>
                        <i>0.0385051 0.942956 0.330684 -0.971828 0.112345 -0.207195 -0.232526 -0.31339 0.920716 0.360659 2.36414 -2.02757</i>
                        <i>0.039896 0.943888 0.327847 -0.971821 0.112941 -0.206901 -0.232318 -0.310354 0.921797 0.360324 2.36393 -2.02679</i>
                        <i>0.0411651 0.944672 0.325424 -0.971797 0.113546 -0.206682 -0.232197 -0.307738 0.922704 0.360014 2.36348 -2.02598</i>
                        <i>0.0422732 0.945277 0.32352 -0.971753 0.114151 -0.206556 -0.232183 -0.30565 0.923401 0.359738 2.36282 -2.02516</i>
                        <i>0.043181 0.945674 0.322237 -0.971686 0.114748 -0.206541 -0.232296 -0.304195 0.923853 0.359507 2.36195 -2.02436</i>
                        <i>0.043849 0.945833 0.321678 -0.971593 0.115327 -0.206656 -0.23256 -0.303479 0.924022 0.35933 2.36092 -2.02357</i>
                        <i>0.0442379 0.945726 0.321939 -0.971471 0.115881 -0.206921 -0.232997 -0.303601 0.923872 0.359218 2.35973 -2.02281</i>
                        <i>0.0443086 0.945322 0.323114 -0.971315 0.116402 -0.207358 -0.233631 -0.304658 0.923364 0.35918 2.35842 -2.0221</i>
                    </KeyFrames>
                </p>
            </i>
            <i>
                <p>
                    <Name><![CDATA[spine2]]></Name>
                    <Exclude>0</Exclude>
                    <Additive>0</Additive>
                    <IKPriority>0</IKPriority>
                    <IKRotLimits>-1e+010 -1e+010 -1e+010 1e+010 1e+010 1e+010</IKRotLimits>
                    <IKRotLimitOrder>0</IKRotLimitOrder>
                    <KeyFrames count="30">
                        <i>-0.0144098 0.88356 0.468096 -0.997964 0.0163782 -0.0616362 -0.0621259 -0.468031 0.881525 0.366471 2.51088 -1.96984</i>
                        <i>-0.0143066 0.886692 0.462139 -0.997944 0.0162136 -0.0620023 -0.0624699 -0.462076 0.884637 0.366487 2.50913 -1.96906</i>
                        <i>-0.0147339 0.88916 0.457359 -0.997927 0.015584 -0.0624457 -0.0626517 -0.457331 0.887087 0.366572 2.50714 -1.96847</i>
                        <i>-0.0155717 0.891022 0.453693 -0.997912 0.0145986 -0.0629212 -0.0626875 -0.453726 0.888934 0.366708 2.50511 -1.96806</i>
                        <i>-0.0167 0.892331 0.451074 -0.997899 0.0133688 -0.0633916 -0.0625966 -0.451185 0.890233 0.36688 2.50323 -1.96781</i>
                        <i>-0.0180007 0.893134 0.449429 -0.997889 0.0120064 -0.0638277 -0.0624028 -0.449629 0.891033 0.367071 2.50168 -1.96769</i>
                        <i>-0.0193601 0.893474 0.448697 -0.99788 0.0106221 -0.0642075 -0.0621338 -0.448989 0.891374 0.367266 2.50066 -1.9677</i>
                        <i>-0.020669 0.893382 0.448822 -0.997873 0.00932478 -0.0645146 -0.0618214 -0.449201 0.891289 0.367449 2.50036 -1.96782</i>
                        <i>-0.0218226 0.892882 0.449762 -0.997869 0.00822047 -0.0647364 -0.0614993 -0.450216 0.890799 0.367604 2.50069 -1.96803</i>
                        <i>-0.0227199 0.891991 0.451481 -0.997867 0.00741262 -0.0648609 -0.061202 -0.451992 0.88992 0.367718 2.50139 -1.96832</i>
                        <i>-0.023269 0.89066 0.454074 -0.997869 0.00700154 -0.0648692 -0.0609556 -0.454616 0.888599 0.367779 2.50244 -1.9687</i>
                        <i>-0.0235547 0.888822 0.457647 -0.997876 0.00690792 -0.0647761 -0.0607358 -0.4582 0.886771 0.367799 2.50377 -1.96918</i>
                        <i>-0.0237314 0.886476 0.462166 -0.997886 0.00697327 -0.064615 -0.0605025 -0.462722 0.884436 0.367802 2.50532 -1.96978</i>
                        <i>-0.0237972 0.883769 0.467318 -0.997899 0.0071803 -0.0643951 -0.0602658 -0.467868 0.881741 0.367788 2.50702 -1.97046</i>
                        <i>-0.0237501 0.880855 0.47279 -0.997914 0.00751202 -0.0641248 -0.0600362 -0.473327 0.878839 0.367757 2.50879 -1.97118</i>
                        <i>-0.0235881 0.877894 0.478274 -0.99793 0.00795192 -0.0638131 -0.0598244 -0.47879 0.875889 0.367711 2.51056 -1.97189</i>
                        <i>-0.0233096 0.875054 0.483464 -0.997948 0.00848423 -0.0634709 -0.0596423 -0.483951 0.87306 0.367651 2.51228 -1.97255</i>
                        <i>-0.0229137 0.872512 0.488056 -0.997965 0.00909394 -0.0631109 -0.0595033 -0.488509 0.870528 0.367577 2.51385 -1.97312</i>
                        <i>-0.0224003 0.870448 0.49175 -0.997982 0.00976696 -0.0627488 -0.0594225 -0.492163 0.868472 0.367491 2.51521 -1.97357</i>
                        <i>-0.0217701 0.869048 0.494248 -0.997996 0.0104901 -0.0624035 -0.0594164 -0.494616 0.867078 0.367395 2.51628 -1.97385</i>
                        <i>-0.0210241 0.868496 0.49525 -0.998007 0.0112508 -0.0620969 -0.0595029 -0.495568 0.866528 0.367289 2.51699 -1.97392</i>
                        <i>-0.0202025 0.868612 0.495081 -0.998014 0.0120281 -0.0618285 -0.0596599 -0.495347 0.866644 0.367175 2.51734 -1.97383</i>
                        <i>-0.0193607 0.86907 0.494311 -0.99802 0.0127961 -0.0615869 -0.0598485 -0.494525 0.867101 0.367058 2.51738 -1.97366</i>
                        <i>-0.0185162 0.869893 0.492892 -0.998022 0.0135372 -0.0613837 -0.0600697 -0.493054 0.867923 0.366942 2.51713 -1.97341</i>
                        <i>-0.0176872 0.871106 0.490777 -0.998022 0.0142333 -0.0612314 -0.0603244 -0.490889 0.869131 0.36683 2.51662 -1.97306</i>
                        <i>-0.0168919 0.872725 0.487919 -0.998018 0.0148661 -0.0611423 -0.0606139 -0.487985 0.870745 0.366726 2.51586 -1.97263</i>
                        <i>-0.0161487 0.874769 0.484271 -0.998011 0.0154167 -0.0611282 -0.0609389 -0.484295 0.87278 0.366635 2.51489 -1.97209</i>
                        <i>-0.0154756 0.87725 0.479784 -0.997999 0.0158656 -0.0612 -0.0612997 -0.479771 0.87525 0.366559 2.51372 -1.97145</i>
                        <i>-0.0148903 0.880179 0.474409 -0.997984 0.016193 -0.0613669 -0.061696 -0.474366 0.878163 0.366503 2.51238 -1.9707</i>
                        <i>-0.0144098 0.88356 0.468096 -0.997964 0.0163782 -0.0616362 -0.0621259 -0.468031 0.881525 0.366471 2.51088 -1.96984</i>
                    </KeyFrames>
                </p>
            </i>
            <i>
                <p>
                    <Name><![CDATA[head]]></Name>
                    <Exclude>0</Exclude>
                    <Additive>0</Additive>
                    <IKPriority>0</IKPriority>
                    <IKRotLimits>-1e+010 -1e+010 -1e+010 1e+010 1e+010 1e+010</IKRotLimits>
                    <IKRotLimitOrder>0</IKRotLimitOrder>
                    <KeyFrames count="30">
                        <i>0.358829 0.910108 0.207233 0.0613432 0.198545 -0.97817 -0.931386 0.363708 0.0154147 0.360186 2.74734 -1.8625</i>
                        <i>0.358904 0.910301 0.206253 0.0653777 0.195915 -0.978439 -0.931082 0.36465 0.0108013 0.360311 2.74653 -1.864</i>
                        <i>0.359049 0.910816 0.203711 0.0686756 0.191891 -0.979011 -0.930789 0.365503 0.0063473 0.360429 2.74543 -1.86546</i>
                        <i>0.359278 0.911609 0.19972 0.0711656 0.186623 -0.979851 -0.930513 0.366252 0.00217422 0.360539 2.74422 -1.86682</i>
                        <i>0.3596 0.912633 0.194392 0.0727764 0.180262 -0.980923 -0.930264 0.366887 -0.00159585 0.360637 2.74307 -1.86806</i>
                        <i>0.360021 0.913838 0.187841 0.0734366 0.172959 -0.982188 -0.930049 0.367403 -0.00484027 0.360719 2.74216 -1.86913</i>
                        <i>0.360618 0.915354 0.179117 0.0726851 0.163875 -0.9838 -0.929877 0.367795 -0.00743651 0.360782 2.74164 -1.86998</i>
                        <i>0.361392 0.917144 0.168056 0.0703493 0.152904 -0.985734 -0.929756 0.368059 -0.00926195 0.360824 2.74171 -1.87057</i>
                        <i>0.362225 0.91895 0.155962 0.0667922 0.141304 -0.987711 -0.929694 0.368191 -0.0101948 0.36084 2.74223 -1.87087</i>
                        <i>0.362997 0.920574 0.144144 0.062381 0.130339 -0.989505 -0.9297 0.368179 -0.0101136 0.360828 2.74295 -1.87084</i>
                        <i>0.363584 0.921853 0.13414 0.0574836 0.121518 -0.990923 -0.929786 0.367994 -0.00880934 0.360786 2.74378 -1.8704</i>
                        <i>0.363918 0.922747 0.126891 0.0524821 0.115702 -0.991897 -0.929951 0.367629 -0.00632169 0.360715 2.74467 -1.86957</i>
                        <i>0.363989 0.92327 0.12282 0.0477681 0.113187 -0.992425 -0.930178 0.367099 -0.00290387 0.360622 2.74559 -1.86845</i>
                        <i>0.363804 0.923406 0.122346 0.0437308 0.11427 -0.992487 -0.930448 0.366421 0.00119061 0.360513 2.74651 -1.8671</i>
                        <i>0.363387 0.923094 0.125885 0.0407561 0.119241 -0.992028 -0.930747 0.36562 0.0057089 0.360396 2.7474 -1.86562</i>
                        <i>0.362763 0.92222 0.133843 0.0392258 0.128388 -0.990948 -0.931056 0.364729 0.0103995 0.360276 2.74823 -1.86409</i>
                        <i>0.362045 0.920933 0.14424 0.0386477 0.139775 -0.989429 -0.931359 0.363792 0.0150129 0.360159 2.74898 -1.86259</i>
                        <i>0.361357 0.919546 0.154457 0.0382985 0.150873 -0.987811 -0.931641 0.362868 0.0193019 0.360053 2.74964 -1.8612</i>
                        <i>0.360736 0.918147 0.163938 0.0382117 0.161076 -0.986202 -0.931885 0.362023 0.023022 0.359962 2.75019 -1.86</i>
                        <i>0.360222 0.916848 0.172132 0.0384226 0.16978 -0.984733 -0.932075 0.361336 0.0259308 0.359893 2.7506 -1.85907</i>
                        <i>0.359849 0.915778 0.17849 0.0389674 0.176387 -0.983549 -0.932197 0.360884 0.0277871 0.359852 2.75089 -1.85847</i>
                        <i>0.359579 0.914876 0.18359 0.0398568 0.181512 -0.982581 -0.932263 0.360633 0.0288038 0.359831 2.75099 -1.85815</i>
                        <i>0.359345 0.913982 0.188435 0.0410897 0.186231 -0.981646 -0.9323 0.360492 0.0293657 0.359818 2.75089 -1.85797</i>
                        <i>0.35915 0.91312 0.19293 0.0426901 0.190433 -0.980772 -0.932303 0.360481 0.0294128 0.359816 2.75062 -1.85796</i>
                        <i>0.358998 0.912316 0.196979 0.0446817 0.194007 -0.979982 -0.932268 0.360613 0.0288841 0.359828 2.75021 -1.85813</i>
                        <i>0.358888 0.911594 0.200488 0.0470886 0.196841 -0.979304 -0.932192 0.360901 0.0277182 0.359856 2.74971 -1.85851</i>
                        <i>0.35882 0.910984 0.203362 0.0499347 0.198824 -0.978762 -0.93207 0.361355 0.0258525 0.359903 2.74914 -1.85912</i>
                        <i>0.358792 0.910514 0.205508 0.0532436 0.199844 -0.97838 -0.931898 0.361977 0.0232235 0.359971 2.74854 -1.85997</i>
                        <i>0.358797 0.910212 0.206829 0.0570388 0.199789 -0.978177 -0.931671 0.362764 0.0197663 0.360065 2.74793 -1.86109</i>
                        <i>0.358829 0.910108 0.207233 0.0613432 0.198545 -0.97817 -0.931386 0.363708 0.0154147 0.360186 2.74734 -1.8625</i>
                    </KeyFrames>
                </p>
            </i>
            <i>
                <p>
                    <Name><![CDATA[head_prop]]></Name>
                    <Exclude>0</Exclude>
                    <Additive>0</Additive>
                    <IKPriority>0</IKPriority>
                    <IKRotLimits>-1e+010 -1e+010 -1e+010 1e+010 1e+010 1e+010</IKRotLimits>
                    <IKRotLimitOrder>0</IKRotLimitOrder>
                    <KeyFrames count="30">
                        <i>0.931386 -0.363708 -0.0154147 0.358829 0.910108 0.207233 -0.0613432 -0.198545 0.97817 0.477132 3.04395 -1.79496</i>
                        <i>0.931082 -0.36465 -0.0108013 0.358904 0.910301 0.206253 -0.0653777 -0.195915 0.978439 0.477281 3.0432 -1.79678</i>
                        <i>0.930789 -0.365503 -0.0063473 0.359049 0.910816 0.203711 -0.0686756 -0.191891 0.979011 0.477446 3.04227 -1.79906</i>
                        <i>0.930513 -0.366252 -0.00217422 0.359278 0.911609 0.19972 -0.0711656 -0.186623 0.979851 0.477631 3.04132 -1.80173</i>
                        <i>0.930264 -0.366887 0.00159585 0.3596 0.912633 0.194392 -0.0727764 -0.180262 0.980923 0.477834 3.04051 -1.80471</i>
                        <i>0.930049 -0.367403 0.00484027 0.360021 0.913838 0.187841 -0.0734366 -0.172959 0.982188 0.478053 3.03998 -1.80791</i>
                        <i>0.929877 -0.367795 0.00743651 0.360618 0.915354 0.179117 -0.0726851 -0.163875 0.9838 0.478311 3.03996 -1.8116</i>
                        <i>0.929756 -0.368059 0.00926195 0.361392 0.917144 0.168056 -0.0703493 -0.152904 0.985734 0.478604 3.04061 -1.8158</i>
                        <i>0.929694 -0.368191 0.0101948 0.362225 0.91895 0.155962 -0.0667922 -0.141304 0.987711 0.478892 3.04173 -1.82004</i>
                        <i>0.9297 -0.368179 0.0101136 0.362997 0.920574 0.144144 -0.062381 -0.130339 0.989505 0.479132 3.04297 -1.82386</i>
                        <i>0.929786 -0.367994 0.00880934 0.363584 0.921853 0.13414 -0.0574836 -0.121518 0.990923 0.479281 3.04422 -1.82668</i>
                        <i>0.929951 -0.367629 0.00632169 0.363918 0.922747 0.126891 -0.0524821 -0.115702 0.991897 0.479319 3.0454 -1.82822</i>
                        <i>0.930178 -0.367099 0.00290387 0.363989 0.92327 0.12282 -0.0477681 -0.113187 0.992425 0.479249 3.04649 -1.82842</i>
                        <i>0.930448 -0.366421 -0.00119061 0.363804 0.923406 0.122346 -0.0437308 -0.11427 0.992487 0.479081 3.04745 -1.82723</i>
                        <i>0.930747 -0.36562 -0.0057089 0.363387 0.923094 0.125885 -0.0407561 -0.119241 0.992028 0.478827 3.04824 -1.8246</i>
                        <i>0.931056 -0.364729 -0.0103995 0.362763 0.92222 0.133843 -0.0392258 -0.128388 0.990948 0.478503 3.04879 -1.82047</i>
                        <i>0.931359 -0.363792 -0.0150129 0.362045 0.920933 0.14424 -0.0386477 -0.139775 0.989429 0.478153 3.04912 -1.81558</i>
                        <i>0.931641 -0.362868 -0.0193019 0.361357 0.919546 0.154457 -0.0382985 -0.150873 0.987811 0.477822 3.04933 -1.81086</i>
                        <i>0.931885 -0.362023 -0.023022 0.360736 0.918147 0.163938 -0.0382117 -0.161076 0.986202 0.477529 3.04942 -1.80657</i>
                        <i>0.932075 -0.361336 -0.0259308 0.360222 0.916848 0.172132 -0.0384226 -0.16978 0.984733 0.477293 3.04941 -1.80297</i>
                        <i>0.932197 -0.360884 -0.0277871 0.359849 0.915778 0.17849 -0.0389674 -0.176387 0.983549 0.47713 3.04935 -1.8003</i>
                        <i>0.932263 -0.360633 -0.0288038 0.359579 0.914876 0.18359 -0.0398568 -0.181512 0.982581 0.477021 3.04916 -1.79831</i>
                        <i>0.9323 -0.360492 -0.0293657 0.359345 0.913982 0.188435 -0.0410897 -0.186231 0.981646 0.476932 3.04876 -1.79656</i>
                        <i>0.932303 -0.360481 -0.0294128 0.35915 0.91312 0.19293 -0.0426901 -0.190433 0.980772 0.476866 3.04821 -1.79508</i>
                        <i>0.932268 -0.360613 -0.0288841 0.358998 0.912316 0.196979 -0.0446817 -0.194007 0.979982 0.476828 3.04755 -1.79394</i>
                        <i>0.932192 -0.360901 -0.0277182 0.358888 0.911594 0.200488 -0.0470886 -0.196841 0.979304 0.47682 3.04681 -1.79317</i>
                        <i>0.93207 -0.361355 -0.0258525 0.35882 0.910984 0.203362 -0.0499347 -0.198824 0.978762 0.476845 3.04604 -1.79284</i>
                        <i>0.931898 -0.361977 -0.0232235 0.358792 0.910514 0.205508 -0.0532436 -0.199844 0.97838 0.476905 3.04528 -1.79299</i>
                        <i>0.931671 -0.362764 -0.0197663 0.358797 0.910212 0.206829 -0.0570388 -0.199789 0.978177 0.477 3.04457 -1.79368</i>
                        <i>0.931386 -0.363708 -0.0154147 0.358829 0.910108 0.207233 -0.0613432 -0.198545 0.97817 0.477132 3.04395 -1.79496</i>
                    </KeyFrames>
                </p>
            </i>
            <i>
                <p>
                    <Name><![CDATA[l_clav]]></Name>
                    <Exclude>0</Exclude>
                    <Additive>0</Additive>
                    <IKPriority>0</IKPriority>
                    <IKRotLimits>-1e+010 -1e+010 -1e+010 1e+010 1e+010 1e+010</IKRotLimits>
                    <IKRotLimitOrder>0</IKRotLimitOrder>
                    <KeyFrames count="30">
                        <i>0.632245 0.534032 0.561316 -0.634699 0.772499 -0.0200486 -0.444323 -0.343591 0.827359 0.450814 2.55219 -1.90145</i>
                        <i>0.633651 0.539208 0.554744 -0.633125 0.773519 -0.0286752 -0.444567 -0.333052 0.831527 0.450779 2.55083 -1.90052</i>
                        <i>0.636866 0.541893 0.54841 -0.629896 0.775883 -0.035168 -0.444559 -0.323044 0.83547 0.450743 2.54924 -1.89963</i>
                        <i>0.641542 0.542276 0.542549 -0.625284 0.77939 -0.0396259 -0.444346 -0.313826 0.839089 0.450708 2.5476 -1.8988</i>
                        <i>0.647326 0.54055 0.537377 -0.619557 0.783821 -0.0421291 -0.44398 -0.305664 0.842289 0.450675 2.54608 -1.89805</i>
                        <i>0.65387 0.536918 0.53308 -0.612986 0.788937 -0.0427358 -0.443512 -0.298826 0.844985 0.450644 2.54485 -1.8974</i>
                        <i>0.660837 0.531593 0.529815 -0.605853 0.794494 -0.0414817 -0.442986 -0.293577 0.847098 0.450617 2.54411 -1.89689</i>
                        <i>0.667907 0.524802 0.527716 -0.598455 0.800237 -0.0383807 -0.44244 -0.290179 0.848554 0.450595 2.54402 -1.89652</i>
                        <i>0.67478 0.516779 0.526888 -0.5911 0.805906 -0.0334292 -0.441898 -0.288886 0.849277 0.450578 2.54446 -1.89633</i>
                        <i>0.681178 0.507766 0.527419 -0.584112 0.811237 -0.0266104 -0.441374 -0.289945 0.849189 0.45057 2.54518 -1.89633</i>
                        <i>0.686835 0.497889 0.529494 -0.577839 0.815958 -0.0177079 -0.440862 -0.2938 0.848129 0.450573 2.54612 -1.89658</i>
                        <i>0.691523 0.487587 0.532968 -0.572605 0.819801 -0.00704586 -0.440363 -0.300308 0.846106 0.450589 2.54723 -1.89707</i>
                        <i>0.695037 0.477568 0.53745 -0.568702 0.822531 0.0045656 -0.439889 -0.308822 0.843283 0.450615 2.54847 -1.89775</i>
                        <i>0.697173 0.468544 0.542601 -0.566425 0.823952 0.0162881 -0.439445 -0.318698 0.839833 0.450648 2.54978 -1.89856</i>
                        <i>0.697719 0.461229 0.548139 -0.566063 0.823911 0.0272568 -0.439046 -0.329298 0.835943 0.450688 2.55114 -1.89946</i>
                        <i>0.696636 0.456041 0.553828 -0.567658 0.822441 0.036807 -0.438705 -0.340026 0.831817 0.45073 2.55249 -1.9004</i>
                        <i>0.694179 0.452924 0.559442 -0.570868 0.819829 0.044623 -0.438436 -0.350344 0.827667 0.450773 2.55379 -1.90133</i>
                        <i>0.690546 0.451892 0.564747 -0.575388 0.816329 0.0503566 -0.438264 -0.359722 0.823726 0.450814 2.55497 -1.9022</i>
                        <i>0.685935 0.452969 0.569484 -0.580912 0.812194 0.0536786 -0.438217 -0.36764 0.820248 0.450852 2.556 -1.90296</i>
                        <i>0.680544 0.45619 0.573368 -0.587137 0.807666 0.0542823 -0.438326 -0.373587 0.817498 0.450883 2.55681 -1.90355</i>
                        <i>0.674583 0.461604 0.576073 -0.593763 0.802966 0.051886 -0.438616 -0.377052 0.815749 0.450906 2.55735 -1.90393</i>
                        <i>0.668241 0.468611 0.577805 -0.600564 0.798181 0.0472211 -0.439065 -0.378564 0.814808 0.450919 2.5576 -1.90415</i>
                        <i>0.66171 0.476356 0.578986 -0.607347 0.793358 0.0413945 -0.439624 -0.379037 0.814286 0.450925 2.55757 -1.90427</i>
                        <i>0.655228 0.484628 0.579492 -0.613865 0.788655 0.0345433 -0.440279 -0.378364 0.814245 0.450925 2.55731 -1.90428</i>
                        <i>0.649049 0.493223 0.579195 -0.619881 0.784238 0.0268114 -0.441003 -0.376434 0.814748 0.450919 2.55683 -1.90417</i>
                        <i>0.643437 0.501942 0.577964 -0.625168 0.780275 0.0183461 -0.441762 -0.373129 0.815856 0.450907 2.55616 -1.90394</i>
                        <i>0.63867 0.510589 0.575674 -0.629507 0.776939 0.00929401 -0.442518 -0.368326 0.817627 0.450889 2.55534 -1.90356</i>
                        <i>0.635028 0.518962 0.572204 -0.632684 0.77441 -0.000204472 -0.443226 -0.361895 0.820111 0.450868 2.55438 -1.90303</i>
                        <i>0.632795 0.526852 0.567448 -0.634488 0.772868 -0.0100214 -0.443842 -0.353697 0.823348 0.450843 2.55332 -1.90233</i>
                        <i>0.632245 0.534032 0.561316 -0.634699 0.772499 -0.0200486 -0.444323 -0.343591 0.827359 0.450814 2.55219 -1.90145</i>
                    </KeyFrames>
                </p>
            </i>
            <i>
                <p>
                    <Name><![CDATA[l_shoulder]]></Name>
                    <Exclude>0</Exclude>
                    <Additive>0</Additive>
                    <IKPriority>0</IKPriority>
                    <IKRotLimits>-1e+010 -1e+010 -1e+010 1e+010 1e+010 1e+010</IKRotLimits>
                    <IKRotLimitOrder>0</IKRotLimitOrder>
                    <KeyFrames count="30">
                        <i>-0.377521 -0.10579 0.919938 0.702752 0.6142 0.359024 -0.603007 0.782028 -0.157529 0.575732 2.6577 -1.79055</i>
                        <i>-0.37496 -0.101337 0.921486 0.700096 0.620619 0.353125 -0.607676 0.777537 -0.161762 0.575974 2.65737 -1.79091</i>
                        <i>-0.37387 -0.09488 0.922615 0.697739 0.626598 0.347182 -0.611049 0.773546 -0.168065 0.576574 2.65631 -1.79128</i>
                        <i>-0.374016 -0.0870885 0.923324 0.695643 0.632079 0.341406 -0.613346 0.769995 -0.175825 0.577463 2.65474 -1.7916</i>
                        <i>-0.375158 -0.0786106 0.923622 0.693768 0.63701 0.336012 -0.614771 0.766836 -0.184442 0.578573 2.65288 -1.79187</i>
                        <i>-0.377031 -0.0701187 0.923543 0.692071 0.641347 0.331228 -0.615537 0.76404 -0.193281 0.579835 2.65094 -1.79208</i>
                        <i>-0.379393 -0.0622583 0.923138 0.690506 0.645045 0.327289 -0.615843 0.761604 -0.201736 0.581184 2.64914 -1.79221</i>
                        <i>-0.382 -0.0556855 0.922483 0.689024 0.64806 0.324445 -0.615891 0.759551 -0.20919 0.582559 2.6477 -1.79225</i>
                        <i>-0.384876 -0.0504381 0.921589 0.687846 0.65011 0.32284 -0.615418 0.758164 -0.215518 0.5839 2.64657 -1.79222</i>
                        <i>-0.388202 -0.0462144 0.920415 0.68734 0.650776 0.322574 -0.613892 0.757862 -0.220868 0.585156 2.64551 -1.79213</i>
                        <i>-0.392068 -0.0431707 0.918923 0.68775 0.649656 0.323957 -0.610969 0.759002 -0.225019 0.586277 2.6445 -1.79197</i>
                        <i>-0.396336 -0.0414156 0.917171 0.689068 0.646742 0.32697 -0.606715 0.761584 -0.227789 0.587219 2.64357 -1.79177</i>
                        <i>-0.400672 -0.0410309 0.915302 0.691074 0.642377 0.331313 -0.601563 0.76529 -0.229027 0.587939 2.64282 -1.79156</i>
                        <i>-0.404748 -0.042115 0.913458 0.693545 0.636905 0.336671 -0.595965 0.769791 -0.228577 0.588395 2.64236 -1.79135</i>
                        <i>-0.408235 -0.0447886 0.911778 0.696267 0.630677 0.342723 -0.590387 0.774752 -0.226279 0.588542 2.64227 -1.79116</i>
                        <i>-0.410919 -0.0489927 0.910355 0.699046 0.624057 0.349123 -0.585218 0.779841 -0.222189 0.58837 2.64259 -1.79098</i>
                        <i>-0.412768 -0.054361 0.909213 0.701719 0.617431 0.355485 -0.5807 0.784745 -0.216709 0.587928 2.64327 -1.7908</i>
                        <i>-0.413718 -0.0605693 0.908388 0.704139 0.611182 0.361447 -0.577083 0.789169 -0.210208 0.587251 2.64426 -1.79062</i>
                        <i>-0.4137 -0.0672945 0.907923 0.706178 0.605696 0.366668 -0.5746 0.792845 -0.203055 0.586378 2.6455 -1.79044</i>
                        <i>-0.412643 -0.0742109 0.907865 0.707715 0.601354 0.370827 -0.573468 0.795529 -0.195624 0.585344 2.64694 -1.79027</i>
                        <i>-0.410474 -0.0809864 0.908269 0.708636 0.598533 0.373622 -0.573887 0.796994 -0.188292 0.584189 2.64856 -1.79011</i>
                        <i>-0.407518 -0.0873602 0.909009 0.709148 0.596885 0.375282 -0.575358 0.797557 -0.18129 0.582949 2.65018 -1.78998</i>
                        <i>-0.404233 -0.0931911 0.909896 0.709539 0.595814 0.376245 -0.577192 0.797697 -0.174725 0.581665 2.65169 -1.78987</i>
                        <i>-0.400674 -0.0983209 0.91093 0.709742 0.595442 0.37645 -0.579419 0.797359 -0.168796 0.580384 2.65306 -1.78978</i>
                        <i>-0.396897 -0.102603 0.91211 0.70969 0.595885 0.375847 -0.582076 0.796488 -0.163689 0.579157 2.65428 -1.78974</i>
                        <i>-0.392987 -0.105867 0.913429 0.709308 0.597256 0.37439 -0.585186 0.795033 -0.159621 0.578036 2.65534 -1.78975</i>
                        <i>-0.389012 -0.107972 0.914883 0.708517 0.599661 0.372035 -0.588789 0.792937 -0.156775 0.577077 2.65622 -1.78982</i>
                        <i>-0.385055 -0.108766 0.916462 0.707228 0.603211 0.368734 -0.592926 0.790131 -0.155347 0.576336 2.65691 -1.78997</i>
                        <i>-0.381197 -0.108093 0.918153 0.705344 0.608017 0.364425 -0.597645 0.786531 -0.155531 0.575869 2.65741 -1.79021</i>
                        <i>-0.377521 -0.10579 0.919938 0.702752 0.6142 0.359024 -0.603007 0.782028 -0.157529 0.575732 2.6577 -1.79055</i>
                    </KeyFrames>
                </p>
            </i>
            <i>
                <p>
                    <Name><![CDATA[l_elbow]]></Name>
                    <Exclude>0</Exclude>
                    <Additive>0</Additive>
                    <IKPriority>0</IKPriority>
                    <IKRotLimits>-1e+010 -1e+010 -1e+010 1e+010 1e+010 1e+010</IKRotLimits>
                    <IKRotLimitOrder>0</IKRotLimitOrder>
                    <KeyFrames count="30">
                        <i>-0.708628 0.657284 0.256562 0.701302 0.616129 0.358553 0.077596 0.434008 -0.897561 0.452933 2.62329 -1.49131</i>
                        <i>-0.711935 0.653862 0.256151 0.698635 0.622537 0.352643 0.0711166 0.430015 -0.900016 0.454009 2.62441 -1.49118</i>
                        <i>-0.714868 0.650663 0.256127 0.696269 0.628505 0.346685 0.0645974 0.426167 -0.902335 0.454963 2.62545 -1.49117</i>
                        <i>-0.717455 0.647695 0.256419 0.694167 0.633977 0.340888 0.058228 0.42257 -0.904458 0.455804 2.62641 -1.49126</i>
                        <i>-0.719731 0.644946 0.256967 0.692289 0.6389 0.335474 0.0521861 0.419346 -0.906325 0.456542 2.62731 -1.49144</i>
                        <i>-0.721738 0.642416 0.257676 0.690591 0.643229 0.330667 0.0466811 0.416603 -0.907889 0.457195 2.62813 -1.49167</i>
                        <i>-0.723524 0.640081 0.258474 0.689026 0.64692 0.326707 0.0419071 0.414475 -0.909095 0.457776 2.62889 -1.49193</i>
