<?xml version="1.0" encoding="ISO-8859-1" ?>
<Animl Version="1">
    <ModellingPackage><![CDATA[Maya.2010]]></ModellingPackage>
    <SrcFile><![CDATA[anims\turrets\antitank\blue\~src\at_bgm71tow\antitank_bgm71tow_reload_high_crewman_b.mb]]></SrcFile>
    <FramesPerSecond>30</FramesPerSecond>
    <TotalFrames>100</TotalFrames>
    <Skeleton>
        <RefFrame>
            <Name><![CDATA[soldier_ref_frame]]></Name>
            <Exclude>0</Exclude>
            <Additive>0</Additive>
            <IKPriority>0</IKPriority>
            <IKRotLimits>-1e+010 -1e+010 -1e+010 1e+010 1e+010 1e+010</IKRotLimits>
            <IKRotLimitOrder>0</IKRotLimitOrder>
            <KeyFrames count="100">
                <i>1 0 0 0 1 0 0 0 1 -2.42 0.88 0.85</i>
                <i>1 0 0 0 1 0 0 0 1 -2.42 0.88 0.85</i>
                <i>1 0 0 0 1 0 0 0 1 -2.42 0.88 0.85</i>
                <i>1 0 0 0 1 0 0 0 1 -2.42 0.88 0.85</i>
                <i>1 0 0 0 1 0 0 0 1 -2.42 0.88 0.85</i>
                <i>1 0 0 0 1 0 0 0 1 -2.42 0.88 0.85</i>
                <i>1 0 0 0 1 0 0 0 1 -2.42 0.88 0.85</i>
                <i>1 0 0 0 1 0 0 0 1 -2.42 0.88 0.85</i>
                <i>1 0 0 0 1 0 0 0 1 -2.42 0.88 0.85</i>
                <i>1 0 0 0 1 0 0 0 1 -2.42 0.88 0.85</i>
                <i>1 0 0 0 1 0 0 0 1 -2.42 0.88 0.85</i>
                <i>1 0 0 0 1 0 0 0 1 -2.42 0.88 0.85</i>
                <i>1 0 0 0 1 0 0 0 1 -2.42 0.88 0.85</i>
                <i>1 0 0 0 1 0 0 0 1 -2.42 0.88 0.85</i>
                <i>1 0 0 0 1 0 0 0 1 -2.42 0.88 0.85</i>
                <i>1 0 0 0 1 0 0 0 1 -2.42 0.88 0.85</i>
                <i>1 0 0 0 1 0 0 0 1 -2.42 0.88 0.85</i>
                <i>1 0 0 0 1 0 0 0 1 -2.42 0.88 0.85</i>
                <i>1 0 0 0 1 0 0 0 1 -2.42 0.88 0.85</i>
                <i>1 0 0 0 1 0 0 0 1 -2.42 0.88 0.85</i>
                <i>1 0 0 0 1 0 0 0 1 -2.42 0.88 0.85</i>
                <i>1 0 0 0 1 0 0 0 1 -2.42 0.88 0.85</i>
                <i>1 0 0 0 1 0 0 0 1 -2.42 0.88 0.85</i>
                <i>1 0 0 0 1 0 0 0 1 -2.42 0.88 0.85</i>
                <i>1 0 0 0 1 0 0 0 1 -2.42 0.88 0.85</i>
                <i>1 0 0 0 1 0 0 0 1 -2.42 0.88 0.85</i>
                <i>1 0 0 0 1 0 0 0 1 -2.42 0.88 0.85</i>
                <i>1 0 0 0 1 0 0 0 1 -2.42 0.88 0.85</i>
                <i>1 0 0 0 1 0 0 0 1 -2.42 0.88 0.85</i>
                <i>1 0 0 0 1 0 0 0 1 -2.42 0.88 0.85</i>
                <i>1 0 0 0 1 0 0 0 1 -2.42 0.88 0.85</i>
                <i>1 0 0 0 1 0 0 0 1 -2.42 0.88 0.85</i>
                <i>1 0 0 0 1 0 0 0 1 -2.42 0.88 0.85</i>
                <i>1 0 0 0 1 0 0 0 1 -2.42 0.88 0.85</i>
                <i>1 0 0 0 1 0 0 0 1 -2.42 0.88 0.85</i>
                <i>1 0 0 0 1 0 0 0 1 -2.42 0.88 0.85</i>
                <i>1 0 0 0 1 0 0 0 1 -2.42 0.88 0.85</i>
                <i>1 0 0 0 1 0 0 0 1 -2.42 0.88 0.85</i>
                <i>1 0 0 0 1 0 0 0 1 -2.42 0.88 0.85</i>
                <i>1 0 0 0 1 0 0 0 1 -2.42 0.88 0.85</i>
                <i>1 0 0 0 1 0 0 0 1 -2.42 0.88 0.85</i>
                <i>1 0 0 0 1 0 0 0 1 -2.42 0.88 0.85</i>
                <i>1 0 0 0 1 0 0 0 1 -2.42 0.88 0.85</i>
                <i>1 0 0 0 1 0 0 0 1 -2.42 0.88 0.85</i>
                <i>1 0 0 0 1 0 0 0 1 -2.42 0.88 0.85</i>
                <i>1 0 0 0 1 0 0 0 1 -2.42 0.88 0.85</i>
                <i>1 0 0 0 1 0 0 0 1 -2.42 0.88 0.85</i>
                <i>1 0 0 0 1 0 0 0 1 -2.42 0.88 0.85</i>
                <i>1 0 0 0 1 0 0 0 1 -2.42 0.88 0.85</i>
                <i>1 0 0 0 1 0 0 0 1 -2.42 0.88 0.85</i>
                <i>1 0 0 0 1 0 0 0 1 -2.42 0.88 0.85</i>
                <i>1 0 0 0 1 0 0 0 1 -2.42 0.88 0.85</i>
                <i>1 0 0 0 1 0 0 0 1 -2.42 0.88 0.85</i>
                <i>1 0 0 0 1 0 0 0 1 -2.42 0.88 0.85</i>
                <i>1 0 0 0 1 0 0 0 1 -2.42 0.88 0.85</i>
                <i>1 0 0 0 1 0 0 0 1 -2.42 0.88 0.85</i>
                <i>1 0 0 0 1 0 0 0 1 -2.42 0.88 0.85</i>
                <i>1 0 0 0 1 0 0 0 1 -2.42 0.88 0.85</i>
                <i>1 0 0 0 1 0 0 0 1 -2.42 0.88 0.85</i>
                <i>1 0 0 0 1 0 0 0 1 -2.42 0.88 0.85</i>
                <i>1 0 0 0 1 0 0 0 1 -2.42 0.88 0.85</i>
                <i>1 0 0 0 1 0 0 0 1 -2.42 0.88 0.85</i>
                <i>1 0 0 0 1 0 0 0 1 -2.42 0.88 0.85</i>
                <i>1 0 0 0 1 0 0 0 1 -2.42 0.88 0.85</i>
                <i>1 0 0 0 1 0 0 0 1 -2.42 0.88 0.85</i>
                <i>1 0 0 0 1 0 0 0 1 -2.42 0.88 0.85</i>
                <i>1 0 0 0 1 0 0 0 1 -2.42 0.88 0.85</i>
                <i>1 0 0 0 1 0 0 0 1 -2.42 0.88 0.85</i>
                <i>1 0 0 0 1 0 0 0 1 -2.42 0.88 0.85</i>
                <i>1 0 0 0 1 0 0 0 1 -2.42 0.88 0.85</i>
                <i>1 0 0 0 1 0 0 0 1 -2.42 0.88 0.85</i>
                <i>1 0 0 0 1 0 0 0 1 -2.42 0.88 0.85</i>
                <i>1 0 0 0 1 0 0 0 1 -2.42 0.88 0.85</i>
                <i>1 0 0 0 1 0 0 0 1 -2.42 0.88 0.85</i>
                <i>1 0 0 0 1 0 0 0 1 -2.42 0.88 0.85</i>
                <i>1 0 0 0 1 0 0 0 1 -2.42 0.88 0.85</i>
                <i>1 0 0 0 1 0 0 0 1 -2.42 0.88 0.85</i>
                <i>1 0 0 0 1 0 0 0 1 -2.42 0.88 0.85</i>
                <i>1 0 0 0 1 0 0 0 1 -2.42 0.88 0.85</i>
                <i>1 0 0 0 1 0 0 0 1 -2.42 0.88 0.85</i>
                <i>1 0 0 0 1 0 0 0 1 -2.42 0.88 0.85</i>
                <i>1 0 0 0 1 0 0 0 1 -2.42 0.88 0.85</i>
                <i>1 0 0 0 1 0 0 0 1 -2.42 0.88 0.85</i>
                <i>1 0 0 0 1 0 0 0 1 -2.42 0.88 0.85</i>
                <i>1 0 0 0 1 0 0 0 1 -2.42 0.88 0.85</i>
                <i>1 0 0 0 1 0 0 0 1 -2.42 0.88 0.85</i>
                <i>1 0 0 0 1 0 0 0 1 -2.42 0.88 0.85</i>
                <i>1 0 0 0 1 0 0 0 1 -2.42 0.88 0.85</i>
                <i>1 0 0 0 1 0 0 0 1 -2.42 0.88 0.85</i>
                <i>1 0 0 0 1 0 0 0 1 -2.42 0.88 0.85</i>
                <i>1 0 0 0 1 0 0 0 1 -2.42 0.88 0.85</i>
                <i>1 0 0 0 1 0 0 0 1 -2.42 0.88 0.85</i>
                <i>1 0 0 0 1 0 0 0 1 -2.42 0.88 0.85</i>
                <i>1 0 0 0 1 0 0 0 1 -2.42 0.88 0.85</i>
                <i>1 0 0 0 1 0 0 0 1 -2.42 0.88 0.85</i>
                <i>1 0 0 0 1 0 0 0 1 -2.42 0.88 0.85</i>
                <i>1 0 0 0 1 0 0 0 1 -2.42 0.88 0.85</i>
                <i>1 0 0 0 1 0 0 0 1 -2.42 0.88 0.85</i>
                <i>1 0 0 0 1 0 0 0 1 -2.42 0.88 0.85</i>
                <i>1 0 0 0 1 0 0 0 1 -2.42 0.88 0.85</i>
            </KeyFrames>
        </RefFrame>
        <Bones count="23">
            <i>
                <p>
                    <Name><![CDATA[pelvis]]></Name>
                    <Exclude>0</Exclude>
                    <Additive>0</Additive>
                    <IKPriority>0</IKPriority>
                    <IKRotLimits>-1e+010 -1e+010 -1e+010 1e+010 1e+010 1e+010</IKRotLimits>
                    <IKRotLimitOrder>2</IKRotLimitOrder>
                    <KeyFrames count="100">
                        <i>1 0 0 0 1 0 0 0 1 -2.44341 2.24915 0.839398</i>
                        <i>1 0 0 0 1 0 0 0 1 -2.44346 2.24654 0.842951</i>
                        <i>1 0 0 0 1 0 0 0 1 -2.44359 2.24261 0.852584</i>
                        <i>1 0 0 0 1 0 0 0 1 -2.4438 2.24323 0.866759</i>
                        <i>1 0 0 0 1 0 0 0 1 -2.44405 2.25426 0.883935</i>
                        <i>1 0 0 0 1 0 0 0 1 -2.44433 2.2794 0.902573</i>
                        <i>1 0 0 0 1 0 0 0 1 -2.44462 2.31419 0.921134</i>
                        <i>1 0 0 0 1 0 0 0 1 -2.44491 2.35227 0.938078</i>
                        <i>1 0 0 0 1 0 0 0 1 -2.44516 2.38728 0.951865</i>
                        <i>1 0 0 0 1 0 0 0 1 -2.44538 2.41288 0.960957</i>
                        <i>1 0 0 0 1 0 0 0 1 -2.44556 2.43007 0.966249</i>
                        <i>1 0 0 0 1 0 0 0 1 -2.44574 2.44309 0.96979</i>
                        <i>1 0 0 0 1 0 0 0 1 -2.44592 2.45043 0.971768</i>
                        <i>1 0 0 0 1 0 0 0 1 -2.44609 2.45055 0.972374</i>
                        <i>1 0 0 0 1 0 0 0 1 -2.44626 2.44193 0.971796</i>
                        <i>1 0 0 0 1 0 0 0 1 -2.44641 2.41787 0.970225</i>
                        <i>1 0 0 0 1 0 0 0 1 -2.44656 2.3794 0.967849</i>
                        <i>1 0 0 0 1 0 0 0 1 -2.44668 2.33655 0.964858</i>
                        <i>1 0 0 0 1 0 0 0 1 -2.44679 2.29938 0.961441</i>
                        <i>1 0 0 0 1 0 0 0 1 -2.44688 2.27793 0.957788</i>
                        <i>1 0 0 0 1 0 0 0 1 -2.4474 2.26874 0.952434</i>
                        <i>1 0 0 0 1 0 0 0 1 -2.44861 2.26167 0.944367</i>
                        <i>1 0 0 0 1 0 0 0 1 -2.4502 2.25679 0.93446</i>
                        <i>1 0 0 0 1 0 0 0 1 -2.45189 2.25414 0.923584</i>
                        <i>1 0 0 0 1 0 0 0 1 -2.45335 2.25379 0.912611</i>
                        <i>1 0 0 0 1 0 0 0 1 -2.4543 2.25578 0.902412</i>
                        <i>1 0 0 0 1 0 0 0 1 -2.45443 2.26018 0.89386</i>
                        <i>1 0 0 0 1 0 0 0 1 -2.45344 2.26703 0.887826</i>
                        <i>1 0 0 0 1 0 0 0 1 -2.45102 2.27639 0.885182</i>
                        <i>1 0 0 0 1 0 0 0 1 -2.44688 2.28832 0.886799</i>
                        <i>1 0 0 0 1 0 0 0 1 -2.43901 2.30294 0.894334</i>
                        <i>1 0 0 0 1 0 0 0 1 -2.42676 2.32009 0.907858</i>
                        <i>1 0 0 0 1 0 0 0 1 -2.4118 2.33942 0.925867</i>
                        <i>1 0 0 0 1 0 0 0 1 -2.3958 2.36055 0.946854</i>
                        <i>1 0 0 0 1 0 0 0 1 -2.38044 2.38313 0.969315</i>
                        <i>1 0 0 0 1 0 0 0 1 -2.36739 2.4068 0.991742</i>
                        <i>1 0 0 0 1 0 0 0 1 -2.35833 2.43119 1.01263</i>
                        <i>1 0 0 0 1 0 0 0 1 -2.35494 2.45593 1.03048</i>
                        <i>1 0 0 0 1 0 0 0 1 -2.35744 2.48067 1.04222</i>
                        <i>1 0 0 0 1 0 0 0 1 -2.36454 2.50504 1.0483</i>
                        <i>1 0 0 0 1 0 0 0 1 -2.37559 2.52868 1.05244</i>
                        <i>1 0 0 0 1 0 0 0 1 -2.38998 2.55122 1.05836</i>
                        <i>1 0 0 0 1 0 0 0 1 -2.40708 2.57231 1.0698</i>
                        <i>1 0 0 0 1 0 0 0 1 -2.42625 2.59158 1.09048</i>
                        <i>1 0 0 0 1 0 0 0 1 -2.44688 2.60866 1.12413</i>
                        <i>1 0 0 0 1 0 0 0 1 -2.47798 2.62039 1.19067</i>
                        <i>1 0 0 0 1 0 0 0 1 -2.52129 2.6247 1.29022</i>
                        <i>1 0 0 0 1 0 0 0 1 -2.56522 2.62284 1.39679</i>
                        <i>1 0 0 0 1 0 0 0 1 -2.59819 2.6161 1.48439</i>
                        <i>1 0 0 0 1 0 0 0 1 -2.60863 2.60573 1.52702</i>
                        <i>1 0 0 0 1 0 0 0 1 -2.58727 2.5844 1.51361</i>
                        <i>1 0 0 0 1 0 0 0 1 -2.54184 2.55128 1.46149</i>
                        <i>1 0 0 0 1 0 0 0 1 -2.48622 2.51735 1.38727</i>
                        <i>1 0 0 0 1 0 0 0 1 -2.4343 2.49362 1.30757</i>
                        <i>1 0 0 0 1 0 0 0 1 -2.39995 2.49107 1.239</i>
                        <i>1 0 0 0 1 0 0 0 1 -2.38786 2.5204 1.17399</i>
                        <i>1 0 0 0 1 0 0 0 1 -2.38877 2.57428 1.10144</i>
                        <i>1 0 0 0 1 0 0 0 1 -2.39567 2.63667 1.03275</i>
                        <i>1 0 0 0 1 0 0 0 1 -2.40154 2.69153 0.979289</i>
                        <i>1 0 0 0 1 0 0 0 1 -2.39935 2.72283 0.95245</i>
                        <i>1 0 0 0 1 0 0 0 1 -2.38943 2.73391 0.947746</i>
                        <i>1 0 0 0 1 0 0 0 1 -2.37718 2.73948 0.951925</i>
                        <i>1 0 0 0 1 0 0 0 1 -2.36324 2.74053 0.963219</i>
                        <i>1 0 0 0 1 0 0 0 1 -2.34825 2.73803 0.97986</i>
                        <i>1 0 0 0 1 0 0 0 1 -2.33283 2.73296 1.00008</i>
                        <i>1 0 0 0 1 0 0 0 1 -2.31764 2.72632 1.02211</i>
                        <i>1 0 0 0 1 0 0 0 1 -2.30329 2.71907 1.04418</i>
                        <i>1 0 0 0 1 0 0 0 1 -2.29044 2.7122 1.06453</i>
                        <i>1 0 0 0 1 0 0 0 1 -2.27971 2.7067 1.08139</i>
                        <i>1 0 0 0 1 0 0 0 1 -2.27173 2.70355 1.09298</i>
                        <i>1 0 0 0 1 0 0 0 1 -2.26529 2.70386 1.10117</i>
                        <i>1 0 0 0 1 0 0 0 1 -2.25904 2.70726 1.10883</i>
                        <i>1 0 0 0 1 0 0 0 1 -2.25344 2.71244 1.11568</i>
                        <i>1 0 0 0 1 0 0 0 1 -2.24896 2.7181 1.12149</i>
                        <i>1 0 0 0 1 0 0 0 1 -2.24607 2.72295 1.12599</i>
                        <i>1 0 0 0 1 0 0 0 1 -2.24523 2.7257 1.12893</i>
                        <i>1 0 0 0 1 0 0 0 1 -2.24691 2.72505 1.13005</i>
                        <i>1 0 0 0 1 0 0 0 1 -2.25158 2.71969 1.12909</i>
                        <i>1 0 0 0 1 0 0 0 1 -2.2597 2.70834 1.12581</i>
                        <i>1 0 0 0 1 0 0 0 1 -2.27173 2.6897 1.11994</i>
                        <i>1 0 0 0 1 0 0 0 1 -2.30012 2.65896 1.10569</i>
                        <i>1 0 0 0 1 0 0 0 1 -2.3484 2.6148 1.08046</i>
                        <i>1 0 0 0 1 0 0 0 1 -2.40372 2.56115 1.04878</i>
                        <i>1 0 0 0 1 0 0 0 1 -2.4532 2.50191 1.01522</i>
                        <i>1 0 0 0 1 0 0 0 1 -2.484 2.44103 0.984323</i>
                        <i>1 0 0 0 1 0 0 0 1 -2.49077 2.38242 0.951296</i>
                        <i>1 0 0 0 1 0 0 0 1 -2.48208 2.33 0.91311</i>
                        <i>1 0 0 0 1 0 0 0 1 -2.46594 2.2877 0.876945</i>
                        <i>1 0 0 0 1 0 0 0 1 -2.45038 2.25945 0.849981</i>
                        <i>1 0 0 0 1 0 0 0 1 -2.44341 2.24915 0.839398</i>
                        <i>1 0 0 0 1 0 0 0 1 -2.44341 2.24915 0.839398</i>
                        <i>1 0 0 0 1 0 0 0 1 -2.44341 2.24915 0.839398</i>
                        <i>1 0 0 0 1 0 0 0 1 -2.44341 2.24915 0.839398</i>
                        <i>1 0 0 0 1 0 0 0 1 -2.44341 2.24915 0.839398</i>
                        <i>1 0 0 0 1 0 0 0 1 -2.44341 2.24915 0.839398</i>
                        <i>1 0 0 0 1 0 0 0 1 -2.44341 2.24915 0.839398</i>
                        <i>1 0 0 0 1 0 0 0 1 -2.44341 2.24915 0.839398</i>
                        <i>1 0 0 0 1 0 0 0 1 -2.44341 2.24915 0.839398</i>
                        <i>1 0 0 0 1 0 0 0 1 -2.44341 2.24915 0.839398</i>
                        <i>1 0 0 0 1 0 0 0 1 -2.44341 2.24915 0.839398</i>
                    </KeyFrames>
                </p>
            </i>
            <i>
                <p>
                    <Name><![CDATA[spine0]]></Name>
                    <Exclude>0</Exclude>
                    <Additive>0</Additive>
                    <IKPriority>0</IKPriority>
                    <IKRotLimits>-1e+010 -1e+010 -1e+010 1e+010 1e+010 1e+010</IKRotLimits>
                    <IKRotLimitOrder>0</IKRotLimitOrder>
                    <KeyFrames count="100">
                        <i>0.307425 0.950628 0.0423836 -0.486432 0.118714 0.865616 0.817847 -0.286728 0.498912 -2.46087 2.37387 0.769839</i>
                        <i>0.301667 0.9528 0.0341804 -0.479252 0.120549 0.869359 0.824205 -0.278638 0.492998 -2.4622 2.37165 0.774449</i>
                        <i>0.289011 0.957175 0.0169972 -0.459835 0.123227 0.879413 0.839657 -0.261976 0.475757 -2.46571 2.36875 0.787033</i>
                        <i>0.276623 0.960978 0.000906777 -0.431278 0.123302 0.893754 0.858766 -0.247624 0.448557 -2.4706 2.37074 0.805776</i>
                        <i>0.272281 0.96218 -0.00854879 -0.396459 0.120278 0.910139 0.876746 -0.244424 0.414214 -2.47608 2.38323 0.828817</i>
                        <i>0.279384 0.960091 -0.0130239 -0.35815 0.116787 0.926331 0.890883 -0.254137 0.376485 -2.48144 2.40969 0.85416</i>
                        <i>0.293873 0.955679 -0.0177768 -0.319207 0.115653 0.940602 0.900969 -0.270743 0.339047 -2.48609 2.44555 0.879654</i>
                        <i>0.312155 0.949704 -0.0249457 -0.282553 0.117877 0.951981 0.907041 -0.290117 0.305138 -2.4897 2.48441 0.903019</i>
                        <i>0.329581 0.943508 -0.0341823 -0.251111 0.122503 0.960175 0.910121 -0.307872 0.2773 -2.49208 2.51994 0.921903</i>
                        <i>0.341076 0.939054 -0.0429364 -0.227808 0.126884 0.965404 0.912015 -0.319495 0.257201 -2.49321 2.54584 0.933951</i>
                        <i>0.365598 0.929082 -0.0560773 -0.207528 0.140098 0.968145 0.907342 -0.342314 0.24403 -2.49148 2.56378 0.939634</i>
                        <i>0.414094 0.906716 -0.0799552 -0.183757 0.169305 0.968282 0.891493 -0.386268 0.236724 -2.48666 2.57803 0.941271</i>
                        <i>0.470001 0.875563 -0.111752 -0.157599 0.207816 0.965389 0.868482 -0.436122 0.235661 -2.48086 2.5862 0.939507</i>
                        <i>0.518265 0.842452 -0.147227 -0.131586 0.248652 0.959613 0.845037 -0.477961 0.239722 -2.47623 2.58623 0.935261</i>
                        <i>0.545987 0.81783 -0.181804 -0.110179 0.285211 0.952111 0.830517 -0.499809 0.245829 -2.47486 2.57647 0.929648</i>
                        <i>0.562139 0.799116 -0.213105 -0.0941018 0.317799 0.943477 0.821672 -0.510311 0.253845 -2.47526 2.55075 0.923226</i>
                        <i>0.580979 0.777785 -0.239821 -0.0815057 0.348765 0.933659 0.809827 -0.52289 0.266019 -2.47485 2.51064 0.916154</i>
                        <i>0.599022 0.757568 -0.259352 -0.0744942 0.375213 0.92394 0.79726 -0.534141 0.281195 -2.47397 2.46631 0.909043</i>
                        <i>0.61302 0.742731 -0.269365 -0.0755295 0.394471 0.915799 0.786449 -0.541058 0.297917 -2.4729 2.42799 0.9025</i>
                        <i>0.619726 0.737702 -0.267834 -0.0872796 0.403935 0.910615 0.77995 -0.540955 0.314715 -2.47197 2.40595 0.897132</i>
                        <i>0.614404 0.746386 -0.255763 -0.111994 0.403385 0.908151 0.781002 -0.529328 0.331432 -2.47134 2.39656 0.890919</i>
                        <i>0.599185 0.764996 -0.236133 -0.148592 0.396077 0.906115 0.786701 -0.507842 0.350996 -2.47087 2.38942 0.882076</i>
                        <i>0.580567 0.786735 -0.209738 -0.194671 0.384249 0.902472 0.790598 -0.483115 0.376237 -2.47044 2.38458 0.871565</i>
                        <i>0.562667 0.807474 -0.177174 -0.24783 0.369224 0.895686 0.788661 -0.460064 0.407867 -2.46997 2.38207 0.860318</i>
                        <i>0.546605 0.82574 -0.139203 -0.305714 0.351538 0.88485 0.779591 -0.441107 0.444592 -2.46936 2.38193 0.849214</i>
                        <i>0.510079 0.854138 -0.101331 -0.371393 0.324973 0.869747 0.775813 -0.406006 0.482983 -2.47204 2.38354 0.8387</i>
                        <i>0.441397 0.894456 -0.0715353 -0.442795 0.286461 0.849631 0.78045 -0.343349 0.522503 -2.47907 2.38605 0.828703</i>
                        <i>0.357937 0.932317 -0.0516308 -0.510932 0.24184 0.824901 0.781556 -0.268883 0.562914 -2.48675 2.38938 0.819888</i>
                        <i>0.276892 0.960027 -0.0409823 -0.569646 0.198346 0.797598 0.773844 -0.197503 0.601796 -2.4917 2.3944 0.813664</i>
                        <i>0.214382 0.976043 -0.0371523 -0.616173 0.164656 0.770208 0.757873 -0.142226 0.63671 -2.49113 2.40296 0.812002</i>
                        <i>0.172105 0.984426 -0.0358449 -0.656103 0.141695 0.741249 0.734784 -0.104055 0.670272 -2.4828 2.41614 0.817106</i>
                        <i>0.139933 0.989524 -0.0355 -0.695437 0.123739 0.707853 0.70483 -0.0743638 0.705467 -2.46763 2.43313 0.828812</i>
                        <i>0.116138 0.992575 -0.0361457 -0.733892 0.110279 0.670255 0.669265 -0.0513153 0.74125 -2.44794 2.45334 0.845798</i>
                        <i>0.0988961 0.994378 -0.0378373 -0.770932 0.100604 0.628922 0.629193 -0.033028 0.776547 -2.42604 2.47609 0.866655</i>
                        <i>0.0862681 0.995435 -0.0408296 -0.805903 0.0938196 0.584567 0.585729 -0.0175248 0.810317 -2.4042 2.50068 0.88985</i>
                        <i>0.0762053 0.996042 -0.0457497 -0.838174 0.0888436 0.538118 0.540053 -0.00266123 0.841627 -2.38465 2.52642 0.913707</i>
                        <i>0.06659 0.996332 -0.0537413 -0.867257 0.0844285 0.49065 0.493387 0.0139351 0.869698 -2.3696 2.55267 0.936399</i>
                        <i>0.055313 0.996249 -0.0665478 -0.892861 0.0791855 0.443315 0.446922 0.0348969 0.893892 -2.36115 2.57884 0.955968</i>
                        <i>0.0412359 0.995486 -0.0854875 -0.914833 0.0720184 0.397359 0.401722 0.0618212 0.913672 -2.35978 2.60443 0.968924</i>
                        <i>0.0254299 0.993681 -0.109319 -0.933039 0.0628498 0.354243 0.358875 0.0929907 0.928742 -2.36407 2.62917 0.975592</i>
                        <i>0.008696 0.990634 -0.136268 -0.947496 0.0517239 0.315556 0.319648 0.126369 0.939072 -2.37327 2.65277 0.979686</i>
                        <i>-0.00872185 0.986353 -0.164412 -0.95835 0.0386922 0.282964 0.285464 0.160033 0.944934 -2.38665 2.67491 0.984967</i>
                        <i>-0.0270408 0.98108 -0.191704 -0.965808 0.0238251 0.258162 0.257845 0.19213 0.946891 -2.40354 2.69529 0.995234</i>
                        <i>-0.0468173 0.975282 -0.215947 -0.970045 0.00719889 0.242818 0.23837 0.220847 0.945731 -2.42333 2.71359 1.01432</i>
                        <i>-0.0687872 0.969619 -0.234748 -0.971074 -0.0111446 0.238517 0.228655 0.244365 0.942339 -2.44544 2.72951 1.0461</i>
                        <i>-0.121005 0.960842 -0.249278 -0.951587 -0.0407991 0.304659 0.282559 0.274075 0.919262 -2.48392 2.74031 1.11143</i>
                        <i>-0.222008 0.943662 -0.245387 -0.886385 -0.0904707 0.454022 0.406243 0.318304 0.856533 -2.54223 2.74393 1.2125</i>
                        <i>-0.343332 0.917292 -0.201738 -0.773319 -0.154193 0.614981 0.533011 0.367151 0.762299 -2.60318 2.74116 1.32428</i>
                        <i>-0.439801 0.888438 -0.131352 -0.64996 -0.213934 0.729235 0.619779 0.406092 0.671538 -2.64944 2.73332 1.4186</i>
                        <i>-0.479328 0.873109 -0.0890255 -0.588926 -0.244779 0.770227 0.6507 0.421621 0.631526 -2.66499 2.72238 1.46448</i>
                        <i>-0.474878 0.877217 -0.07058 -0.576801 -0.249668 0.777796 0.664674 0.410068 0.624542 -2.64556 2.69985 1.45059</i>
                        <i>-0.453297 0.890655 -0.035429 -0.553545 -0.250127 0.79437 0.698648 0.379697 0.6064 -2.6047 2.66397 1.39788</i>
                        <i>-0.419498 0.907737 0.00601232 -0.527217 -0.249027 0.812421 0.738961 0.337639 0.58304 -2.55395 2.62699 1.32332</i>
                        <i>-0.379187 0.924355 0.0422556 -0.507051 -0.245767 0.826134 0.774026 0.291834 0.561886 -2.50497 2.60136 1.24359</i>
                        <i>-0.341791 0.937884 0.0595981 -0.503144 -0.236185 0.831302 0.793742 0.254145 0.552616 -2.46957 2.59955 1.17513</i>
                        <i>-0.308568 0.950261 0.0422999 -0.530263 -0.208765 0.821729 0.789688 0.231129 0.568306 -2.45166 2.63217 1.10971</i>
                        <i>-0.27246 0.962167 -0.00113217 -0.58046 -0.163432 0.797719 0.767354 0.218003 0.603028 -2.44408 2.69008 1.03642</i>
                        <i>-0.233815 0.970994 -0.0500216 -0.631867 -0.112648 0.766847 0.738969 0.210907 0.639877 -2.44203 2.75621 0.967494</i>
                        <i>-0.198159 0.976198 -0.0881494 -0.668816 -0.0689217 0.740226 0.716532 0.205638 0.666555 -2.44077 2.81384 0.914505</i>
                        <i>-0.174779 0.979089 -0.104103 -0.681074 -0.0438658 0.730899 0.711049 0.198648 0.674499 -2.43548 2.84652 0.888491</i>
                        <i>-0.162414 0.981269 -0.103603 -0.673348 -0.0334709 0.738567 0.721265 0.189715 0.666172 -2.4259 2.85788 0.884527</i>
                        <i>-0.152764 0.983205 -0.0998524 -0.657623 -0.0257133 0.752908 0.737696 0.180683 0.650507 -2.41527 2.86326 0.88927</i>
                        <i>-0.144612 0.984991 -0.0942336 -0.635813 -0.0195293 0.771596 0.758175 0.171497 0.629094 -2.40392 2.86373 0.901061</i>
                        <i>-0.136871 0.986672 -0.0880014 -0.609835 -0.0139213 0.792406 0.78062 0.162124 0.603613 -2.3922 2.86037 0.918242</i>
                        <i>-0.128869 0.988247 -0.0822224 -0.581735 -0.00818947 0.813337 0.803105 0.152646 0.575953 -2.38041 2.85427 0.939114</i>
                        <i>-0.120457 0.989678 -0.0776427 -0.553703 -0.0020645 0.832711 0.823956 0.143297 0.548236 -2.36888 2.84652 0.96192</i>
                        <i>-0.111938 0.990914 -0.0745617 -0.528027 0.00425138 0.849217 0.841818 0.13443 0.522753 -2.35792 2.83819 0.984837</i>
                        <i>-0.103918 0.991919 -0.0727906 -0.507003 0.0101325 0.861885 0.855657 0.12647 0.501853 -2.34786 2.8304 1.00598</i>
                        <i>-0.0971176 0.992683 -0.0717487 -0.492872 0.0146605 0.869978 0.864665 0.119853 0.487843 -2.33902 2.82426 1.02343</i>
                        <i>-0.0922359 0.993223 -0.0707081 -0.487795 0.0168356 0.872796 0.868072 0.114994 0.482937 -2.33174 2.82086 1.03525</i>
                        <i>-0.0873836 0.993764 -0.0692553 -0.488187 0.0178812 0.872556 0.868354 0.110057 0.48358 -2.32493 2.82132 1.04335</i>
                        <i>-0.0806622 0.994455 -0.0674696 -0.489 0.0195022 0.872066 0.868546 0.103335 0.484716 -2.31767 2.8251 1.05076</i>
                        <i>-0.0726721 0.995205 -0.0654649 -0.490184 0.0215235 0.871353 0.868584 0.095413 0.48627 -2.31058 2.83083 1.05726</i>
                        <i>-0.0640183 0.995936 -0.0633566 -0.491685 0.0237685 0.870449 0.868417 0.0868761 0.488165 -2.3043 2.83713 1.06263</i>
                        <i>-0.0553122 0.996588 -0.0612675 -0.493418 0.0260629 0.869402 0.868032 0.078319 0.490293 -2.29944 2.84264 1.06664</i>
                        <i>-0.0471718 0.997123 -0.0593322 -0.495257 0.0282365 0.868288 0.867465 0.0703434 0.4925 -2.29665 2.846 1.06909</i>
                        <i>-0.0402187 0.997524 -0.0576994 -0.497021 0.0301229 0.867215 0.866806 0.0635561 0.494579 -2.29655 2.84586 1.06974</i>
                        <i>-0.0350746 0.997785 -0.056531 -0.49849 0.0315595 0.866321 0.866186 0.058566 0.496279 -2.29978 2.84088 1.06838</i>
                        <i>-0.0323584 0.997906 -0.0559977 -0.499412 0.0323881 0.865759 0.86576 0.0559805 0.497319 -2.30699 2.82974 1.0648</i>
                        <i>-0.0326828 0.997881 -0.0562702 -0.499538 0.0324547 0.865684 0.865675 0.056402 0.497419 -2.31883 2.81109 1.05876</i>
                        <i>-0.0326581 0.997867 -0.0565236 -0.513893 0.0317407 0.857267 0.857232 0.0570438 0.511761 -2.34624 2.77988 1.04286</i>
                        <i>-0.024871 0.998062 -0.0570382 -0.548096 0.0341023 0.83572 0.836046 0.0520476 0.546186 -2.39146 2.7348 1.0138</i>
                        <i>-0.00415892 0.998292 -0.0582758 -0.587921 0.0446996 0.807683 0.808908 0.0376206 0.58673 -2.4421 2.68012 0.977594</i>
                        <i>0.0317645 0.997833 -0.0576136 -0.620382 0.0648782 0.781611 0.783656 0.010915 0.621099 -2.48602 2.62027 0.940318</i>
                        <i>0.0811697 0.995402 -0.0508585 -0.63422 0.090946 0.767785 0.76888 -0.0300654 0.638686 -2.51136 2.55995 0.908131</i>
                        <i>0.140245 0.989506 -0.0347882 -0.619958 0.115155 0.776138 0.771999 -0.0872821 0.629602 -2.51387 2.50277 0.875939</i>
                        <i>0.20119 0.979484 -0.0115932 -0.583796 0.129401 0.801522 0.786578 -0.15449 0.597853 -2.50239 2.45176 0.839231</i>
                        <i>0.254933 0.966865 0.0135016 -0.539599 0.130661 0.831721 0.802398 -0.219319 0.555029 -2.48457 2.41084 0.804934</i>
                        <i>0.292988 0.955513 0.0339438 -0.502168 0.123574 0.855895 0.813625 -0.267813 0.516034 -2.46812 2.3837 0.779674</i>
                        <i>0.307425 0.950628 0.0423836 -0.486432 0.118714 0.865616 0.817847 -0.286728 0.498912 -2.46087 2.37387 0.769839</i>
                        <i>0.307425 0.950628 0.0423836 -0.486432 0.118714 0.865616 0.817847 -0.286728 0.498912 -2.46087 2.37387 0.769839</i>
                        <i>0.307425 0.950628 0.0423836 -0.486432 0.118714 0.865616 0.817847 -0.286728 0.498912 -2.46087 2.37387 0.769839</i>
                        <i>0.307425 0.950628 0.0423836 -0.486432 0.118714 0.865616 0.817847 -0.286728 0.498912 -2.46087 2.37387 0.769839</i>
                        <i>0.307425 0.950628 0.0423836 -0.486432 0.118714 0.865616 0.817847 -0.286728 0.498912 -2.46087 2.37387 0.769839</i>
                        <i>0.307425 0.950628 0.0423836 -0.486432 0.118714 0.865616 0.817847 -0.286728 0.498912 -2.46087 2.37387 0.769839</i>
                        <i>0.307425 0.950628 0.0423836 -0.486432 0.118714 0.865616 0.817847 -0.286728 0.498912 -2.46087 2.37387 0.769839</i>
                        <i>0.307425 0.950628 0.0423836 -0.486432 0.118714 0.865616 0.817847 -0.286728 0.498912 -2.46087 2.37387 0.769839</i>
                        <i>0.307425 0.950628 0.0423836 -0.486432 0.118714 0.865616 0.817847 -0.286728 0.498912 -2.46087 2.37387 0.769839</i>
                        <i>0.307425 0.950628 0.0423836 -0.486432 0.118714 0.865616 0.817847 -0.286728 0.498912 -2.46087 2.37387 0.769839</i>
                        <i>0.307425 0.950628 0.0423836 -0.486432 0.118714 0.865616 0.817847 -0.286728 0.498912 -2.46087 2.37387 0.769839</i>
                    </KeyFrames>
                </p>
            </i>
            <i>
                <p>
                    <Name><![CDATA[spine1]]></Name>
                    <Exclude>0</Exclude>
                    <Additive>0</Additive>
                    <IKPriority>0</IKPriority>
                    <IKRotLimits>-1e+010 -1e+010 -1e+010 1e+010 1e+010 1e+010</IKRotLimits>
                    <IKRotLimitOrder>0</IKRotLimitOrder>
                    <KeyFrames count="100">
                        <i>0.454281 0.738973 0.497541 -0.634007 -0.124163 0.763295 0.625831 -0.662195 0.412109 -2.40064 2.56054 0.778085</i>
                        <i>0.465817 0.738312 0.48776 -0.62347 -0.117313 0.772996 0.627933 -0.664179 0.405669 -2.40301 2.55906 0.781095</i>
                        <i>0.496386 0.735943 0.460423 -0.592803 -0.100097 0.799103 0.634181 -0.669604 0.386582 -2.40879 2.55774 0.790314</i>
                        <i>0.539541 0.730843 0.418048 -0.543487 -0.0769084 0.835887 0.643054 -0.678199 0.355708 -2.41591 2.56127 0.805883</i>
                        <i>0.589983 0.720676 0.36407 -0.478753 -0.0508455 0.876476 0.650167 -0.691405 0.315027 -2.42218 2.57426 0.827052</i>
                        <i>0.642489 0.704506 0.301461 -0.403831 -0.0230554 0.914543 0.651252 -0.709323 0.269688 -2.42626 2.59984 0.851521</i>
                        <i>0.690049 0.685198 0.233101 -0.325424 0.00605707 0.945549 0.646476 -0.728332 0.22716 -2.42828 2.63407 0.876095</i>
                        <i>0.727873 0.665428 0.165547 -0.251395 0.0343462 0.967275 0.637966 -0.745671 0.192285 -2.42852 2.67101 0.898072</i>
                        <i>0.75419 0.647703 0.10806 -0.190315 0.058105 0.980002 0.628472 -0.759674 0.16709 -2.42765 2.70483 0.915165</i>
                        <i>0.769929 0.634159 0.0710747 -0.150663 0.0724186 0.985929 0.620089 -0.769803 0.151301 -2.42656 2.72978 0.925504</i>
                        <i>0.793284 0.607065 0.0466113 -0.124913 0.0873462 0.988315 0.595901 -0.789837 0.145121 -2.41987 2.74616 0.928592</i>
                        <i>0.831905 0.554545 0.0203211 -0.0998778 0.113609 0.988492 0.545855 -0.824362 0.149899 -2.40521 2.75674 0.925481</i>
                        <i>0.872543 0.488504 -0.00575023 -0.07569 0.146803 0.986266 0.482639 -0.860123 0.165067 -2.3879 2.75971 0.917332</i>
                        <i>0.905384 0.42359 -0.0291757 -0.0536371 0.182267 0.981785 0.421192 -0.887328 0.187742 -2.37306 2.75424 0.905873</i>
                        <i>0.925006 0.376835 -0.0485756 -0.0364425 0.215249 0.975879 0.378201 -0.900923 0.21284 -2.36545 2.74067 0.893122</i>
                        <i>0.9374 0.342516 -0.0629586 -0.0246759 0.245655 0.969043 0.347379 -0.906828 0.238729 -2.36187 2.71225 0.880135</i>
                        <i>0.949183 0.306644 -0.0708634 -0.0170519 0.274935 0.961312 0.314263 -0.911252 0.266193 -2.35697 2.66877 0.867376</i>
                        <i>0.958816 0.274791 -0.0718528 -0.0146901 0.300616 0.953632 0.283649 -0.913302 0.292272 -2.35184 2.62107 0.856042</i>
                        <i>0.965331 0.252547 -0.0659952 -0.0190202 0.320212 0.947155 0.260333 -0.913063 0.313914 -2.34754 2.58019 0.847282</i>
                        <i>0.967938 0.245386 -0.0536751 -0.0316742 0.331215 0.943023 0.249182 -0.911088 0.328369 -2.34512 2.55724 0.842178</i>
                        <i>0.967022 0.252807 -0.030928 -0.0576263 0.335462 0.94029 0.248087 -0.907499 0.338967 -2.34526 2.55003 0.838297</i>
                        <i>0.962705 0.270513 0.00476855 -0.0990303 0.335919 0.936671 0.25178 -0.902209 0.350179 -2.34706 2.54782 0.833141</i>
                        <i>0.953395 0.297401 0.0508886 -0.153117 0.331564 0.930925 0.259986 -0.895331 0.361648 -2.34946 2.54888 0.827707</i>
                        <i>0.937952 0.330356 0.105409 -0.216648 0.320924 0.921993 0.270758 -0.887622 0.372582 -2.35191 2.55187 0.822989</i>
                        <i>0.916016 0.364808 0.166821 -0.286003 0.302339 0.909282 0.281277 -0.880629 0.381283 -2.35447 2.55588 0.819803</i>
                        <i>0.877815 0.420827 0.228792 -0.361713 0.269247 0.892563 0.314013 -0.866263 0.388567 -2.36544 2.56245 0.817374</i>
                        <i>0.814377 0.506441 0.283385 -0.44021 0.220888 0.870301 0.37816 -0.833502 0.402827 -2.38781 2.5714 0.813772</i>
                        <i>0.730404 0.599566 0.327154 -0.513191 0.165669 0.842133 0.450715 -0.782991 0.428698 -2.41366 2.58024 0.809208</i>
                        <i>0.638329 0.680708 0.359405 -0.576439 0.113277 0.809251 0.510151 -0.723743 0.464695 -2.43575 2.58896 0.805246</i>
                        <i>0.557898 0.735469 0.384494 -0.630298 0.0741042 0.772809 0.539884 -0.673494 0.504907 -2.44805 2.59974 0.804396</i>
                        <i>0.490008 0.770343 0.408 -0.682383 0.0477234 0.729436 0.542445 -0.635841 0.549054 -2.44836 2.61392 0.809785</i>
                        <i>0.420646 0.79977 0.428281 -0.736986 0.0259386 0.67541 0.529063 -0.599746 0.60033 -2.43981 2.63067 0.821605</i>
                        <i>0.349954 0.825501 0.442809 -0.791461 0.00768328 0.611171 0.50112 -0.564348 0.656041 -2.42507 2.64975 0.838527</i>
                        <i>0.278283 0.848942 0.449284 -0.843076 -0.00822297 0.537732 0.460198 -0.528422 0.713434 -2.40677 2.67077 0.859133</i>
                        <i>0.20624 0.871071 0.445758 -0.88931 -0.0231595 0.456717 0.408157 -0.49061 0.769876 -2.38759 2.69327 0.881842</i>
                        <i>0.134603 0.892381 0.430742 -0.92809 -0.0387659 0.370332 0.347175 -0.449615 0.822992 -2.37016 2.71674 0.904864</i>
                        <i>0.0641293 0.912839 0.403252 -0.957931 -0.0569634 0.281288 0.279741 -0.404327 0.870784 -2.35708 2.74072 0.926165</i>
                        <i>-0.00466475 0.931867 0.362769 -0.977992 -0.0799239 0.19273 0.208592 -0.353886 0.911731 -2.35087 2.7647 0.94347</i>
                        <i>-0.0708738 0.948058 0.310101 -0.988124 -0.109221 0.108079 0.136335 -0.298758 0.94454 -2.3522 2.78824 0.953066</i>
                        <i>-0.132103 0.959379 0.249278 -0.989083 -0.144147 0.0306091 0.0652984 -0.242513 0.967948 -2.35944 2.81105 0.955517</i>
                        <i>-0.186787 0.96474 0.18544 -0.9824 -0.183167 -0.0366194 -0.00136162 -0.189017 0.981973 -2.37171 2.83283 0.954857</i>
                        <i>-0.2345 0.964167 0.124066 -0.97027 -0.224279 -0.0909675 -0.0598825 -0.141709 0.988095 -2.38824 2.8533 0.955176</i>
                        <i>-0.275744 0.958636 0.0705842 -0.955338 -0.265195 -0.130388 -0.106276 -0.103385 0.988947 -2.40843 2.87218 0.960617</i>
                        <i>-0.311537 0.949756 0.0301413 -0.940366 -0.303586 -0.153453 -0.136592 -0.0761501 0.987696 -2.43177 2.88922 0.975382</i>
                        <i>-0.342848 0.93936 0.00755579 -0.927816 -0.337354 -0.159216 -0.147012 -0.0615974 0.987215 -2.45785 2.90423 1.00374</i>
                        <i>-0.383484 0.923543 0.00291439 -0.922097 -0.382703 -0.0572315 -0.0517404 -0.0246347 0.998357 -2.50577 2.91374 1.06638</i>
                        <i>-0.452236 0.89162 0.0222634 -0.87586 -0.448678 0.177641 0.168377 0.0608361 0.983844 -2.5824 2.91456 1.16808</i>
                        <i>-0.538557 0.838692 0.0809481 -0.739702 -0.516612 0.431223 0.403482 0.17236 0.898607 -2.66541 2.90734 1.28769</i>
                        <i>-0.604219 0.779776 0.163914 -0.562992 -0.563354 0.604708 0.563879 0.273094 0.779397 -2.72932 2.89458 1.39471</i>
                        <i>-0.625676 0.751376 0.209676 -0.468696 -0.576952 0.668918 0.623581 0.320252 0.713152 -2.75211 2.88097 1.44827</i>
                        <i>-0.584584 0.773281 0.245557 -0.461193 -0.565719 0.683567 0.667505 0.286353 0.687342 -2.73196 2.85935 1.43772</i>
                        <i>-0.478577 0.816302 0.323442 -0.45828 -0.546431 0.700994 0.748962 0.187252 0.635605 -2.68765 2.82683 1.39136</i>
                        <i>-0.336321 0.848569 0.408435 -0.458067 -0.526339 0.716339 0.822838 0.0538294 0.565721 -2.63164 2.79494 1.32439</i>
                        <i>-0.202051 0.858079 0.472097 -0.462419 -0.508509 0.726353 0.863333 -0.0715462 0.499537 -2.57616 2.77468 1.25146</i>
                        <i>-0.125745 0.857882 0.498223 -0.474953 -0.492973 0.72897 0.870981 -0.144968 0.469443 -2.53417 2.77655 1.18632</i>
                        <i>-0.119357 0.873848 0.47132 -0.511349 -0.461015 0.725249 0.851044 -0.154446 0.501867 -2.50973 2.81075 1.1176</i>
                        <i>-0.143153 0.906533 0.397121 -0.569528 -0.403614 0.716054 0.80941 -0.123666 0.574075 -2.4948 2.86896 1.03616</i>
                        <i>-0.168807 0.939317 0.298643 -0.628557 -0.335977 0.701452 0.759223 -0.0693041 0.64713 -2.48497 2.9343 0.958272</i>
                        <i>-0.179519 0.961414 0.208463 -0.672209 -0.274599 0.687554 0.718268 -0.0167011 0.695566 -2.47674 2.99079 0.898486</i>
                        <i>-0.169975 0.971593 0.164671 -0.688873 -0.23664 0.685168 0.704672 0.00302399 0.709527 -2.46702 3.02298 0.869692</i>
                        <i>-0.146954 0.976062 0.160332 -0.680953 -0.217396 0.699316 0.717431 -0.00641133 0.6966 -2.45518 3.03456 0.865838</i>
                        <i>-0.119679 0.979532 0.161845 -0.659426 -0.200291 0.724597 0.742182 -0.0200059 0.6699 -2.4428 3.0402 0.871265</i>
                        <i>-0.0885397 0.982092 0.166301 -0.627013 -0.18468 0.756801 0.773961 -0.0372662 0.632136 -2.42999 3.04099 0.884069</i>
                        <i>-0.0541409 0.983784 0.170994 -0.586547 -0.16992 0.79189 0.808104 -0.0574222 0.586235 -2.41688 3.038 0.902367</i>
                        <i>-0.0177793 0.984615 0.173831 -0.541237 -0.155661 0.826337 0.840682 -0.0793922 0.535677 -2.40366 3.03228 0.924273</i>
                        <i>0.0184602 0.984622 0.17372 -0.494733 -0.141992 0.857367 0.868849 -0.101772 0.484504 -2.39063 3.02489 0.947896</i>
                        <i>0.0519068 0.983941 0.17078 -0.451043 -0.129476 0.883061 0.890992 -0.122866 0.437079 -2.37815 3.01689 0.971362</i>
                        <i>0.079644 0.982856 0.166288 -0.414362 -0.11908 0.902288 0.906621 -0.140765 0.397774 -2.36665 3.00934 0.992822</i>
                        <i>0.0988069 0.981782 0.162297 -0.388908 -0.112025 0.91444 0.915963 -0.153472 0.370754 -2.35659 3.00334 1.01046</i>
                        <i>0.10672 0.981174 0.160961 -0.378795 -0.109556 0.918973 0.919307 -0.159044 0.359972 -2.34842 2.99997 1.02247</i>
                        <i>0.107505 0.980804 0.162683 -0.377853 -0.111046 0.919182 0.919603 -0.160287 0.358662 -2.34072 3.00035 1.03085</i>
                        <i>0.107135 0.98022 0.166404 -0.377232 -0.114777 0.918979 0.919901 -0.161228 0.357473 -2.33222 3.00398 1.0386</i>
                        <i>0.105843 0.979461 0.171618 -0.376938 -0.120187 0.918408 0.920171 -0.161896 0.356475 -2.32368 3.00952 1.04548</i>
                        <i>0.103862 0.978567 0.177817 -0.376988 -0.126709 0.91751 0.920376 -0.162329 0.355748 -2.31581 3.01561 1.05125</i>
                        <i>0.101442 0.977586 0.184486 -0.377376 -0.133769 0.916348 0.920487 -0.162577 0.355348 -2.30938 3.0209 1.05566</i>
