<?xml version="1.0" encoding="ISO-8859-1" ?>
<Animl Version="1">
    <ModellingPackage><![CDATA[Maya.2010]]></ModellingPackage>
    <SrcFile><![CDATA[anims\turrets\antitank\blue\~src\at_m40recoilless\antitank_m40recoilless_aim_random_crewman_c.mb]]></SrcFile>
    <FramesPerSecond>30</FramesPerSecond>
    <TotalFrames>60</TotalFrames>
    <Skeleton>
        <RefFrame>
            <Name><![CDATA[soldier_ref_frame]]></Name>
            <Exclude>0</Exclude>
            <Additive>0</Additive>
            <IKPriority>0</IKPriority>
            <IKRotLimits>-1e+010 -1e+010 -1e+010 1e+010 1e+010 1e+010</IKRotLimits>
            <IKRotLimitOrder>0</IKRotLimitOrder>
            <KeyFrames count="60">
                <i>1 0 0 0 1 0 0 0 1 -0.85 0.9 2</i>
                <i>1 0 0 0 1 0 0 0 1 -0.85 0.9 2</i>
                <i>1 0 0 0 1 0 0 0 1 -0.85 0.9 2</i>
                <i>1 0 0 0 1 0 0 0 1 -0.85 0.9 2</i>
                <i>1 0 0 0 1 0 0 0 1 -0.85 0.9 2</i>
                <i>1 0 0 0 1 0 0 0 1 -0.85 0.9 2</i>
                <i>1 0 0 0 1 0 0 0 1 -0.85 0.9 2</i>
                <i>1 0 0 0 1 0 0 0 1 -0.85 0.9 2</i>
                <i>1 0 0 0 1 0 0 0 1 -0.85 0.9 2</i>
                <i>1 0 0 0 1 0 0 0 1 -0.85 0.9 2</i>
                <i>1 0 0 0 1 0 0 0 1 -0.85 0.9 2</i>
                <i>1 0 0 0 1 0 0 0 1 -0.85 0.9 2</i>
                <i>1 0 0 0 1 0 0 0 1 -0.85 0.9 2</i>
                <i>1 0 0 0 1 0 0 0 1 -0.85 0.9 2</i>
                <i>1 0 0 0 1 0 0 0 1 -0.85 0.9 2</i>
                <i>1 0 0 0 1 0 0 0 1 -0.85 0.9 2</i>
                <i>1 0 0 0 1 0 0 0 1 -0.85 0.9 2</i>
                <i>1 0 0 0 1 0 0 0 1 -0.85 0.9 2</i>
                <i>1 0 0 0 1 0 0 0 1 -0.85 0.9 2</i>
                <i>1 0 0 0 1 0 0 0 1 -0.85 0.9 2</i>
                <i>1 0 0 0 1 0 0 0 1 -0.85 0.9 2</i>
                <i>1 0 0 0 1 0 0 0 1 -0.85 0.9 2</i>
                <i>1 0 0 0 1 0 0 0 1 -0.85 0.9 2</i>
                <i>1 0 0 0 1 0 0 0 1 -0.85 0.9 2</i>
                <i>1 0 0 0 1 0 0 0 1 -0.85 0.9 2</i>
                <i>1 0 0 0 1 0 0 0 1 -0.85 0.9 2</i>
                <i>1 0 0 0 1 0 0 0 1 -0.85 0.9 2</i>
                <i>1 0 0 0 1 0 0 0 1 -0.85 0.9 2</i>
                <i>1 0 0 0 1 0 0 0 1 -0.85 0.9 2</i>
                <i>1 0 0 0 1 0 0 0 1 -0.85 0.9 2</i>
                <i>1 0 0 0 1 0 0 0 1 -0.85 0.9 2</i>
                <i>1 0 0 0 1 0 0 0 1 -0.85 0.9 2</i>
                <i>1 0 0 0 1 0 0 0 1 -0.85 0.9 2</i>
                <i>1 0 0 0 1 0 0 0 1 -0.85 0.9 2</i>
                <i>1 0 0 0 1 0 0 0 1 -0.85 0.9 2</i>
                <i>1 0 0 0 1 0 0 0 1 -0.85 0.9 2</i>
                <i>1 0 0 0 1 0 0 0 1 -0.85 0.9 2</i>
                <i>1 0 0 0 1 0 0 0 1 -0.85 0.9 2</i>
                <i>1 0 0 0 1 0 0 0 1 -0.85 0.9 2</i>
                <i>1 0 0 0 1 0 0 0 1 -0.85 0.9 2</i>
                <i>1 0 0 0 1 0 0 0 1 -0.85 0.9 2</i>
                <i>1 0 0 0 1 0 0 0 1 -0.85 0.9 2</i>
                <i>1 0 0 0 1 0 0 0 1 -0.85 0.9 2</i>
                <i>1 0 0 0 1 0 0 0 1 -0.85 0.9 2</i>
                <i>1 0 0 0 1 0 0 0 1 -0.85 0.9 2</i>
                <i>1 0 0 0 1 0 0 0 1 -0.85 0.9 2</i>
                <i>1 0 0 0 1 0 0 0 1 -0.85 0.9 2</i>
                <i>1 0 0 0 1 0 0 0 1 -0.85 0.9 2</i>
                <i>1 0 0 0 1 0 0 0 1 -0.85 0.9 2</i>
                <i>1 0 0 0 1 0 0 0 1 -0.85 0.9 2</i>
                <i>1 0 0 0 1 0 0 0 1 -0.85 0.9 2</i>
                <i>1 0 0 0 1 0 0 0 1 -0.85 0.9 2</i>
                <i>1 0 0 0 1 0 0 0 1 -0.85 0.9 2</i>
                <i>1 0 0 0 1 0 0 0 1 -0.85 0.9 2</i>
                <i>1 0 0 0 1 0 0 0 1 -0.85 0.9 2</i>
                <i>1 0 0 0 1 0 0 0 1 -0.85 0.9 2</i>
                <i>1 0 0 0 1 0 0 0 1 -0.85 0.9 2</i>
                <i>1 0 0 0 1 0 0 0 1 -0.85 0.9 2</i>
                <i>1 0 0 0 1 0 0 0 1 -0.85 0.9 2</i>
                <i>1 0 0 0 1 0 0 0 1 -0.85 0.9 2</i>
            </KeyFrames>
        </RefFrame>
        <Bones count="23">
            <i>
                <p>
                    <Name><![CDATA[pelvis]]></Name>
                    <Exclude>0</Exclude>
                    <Additive>0</Additive>
                    <IKPriority>0</IKPriority>
                    <IKRotLimits>-1e+010 -1e+010 -1e+010 1e+010 1e+010 1e+010</IKRotLimits>
                    <IKRotLimitOrder>2</IKRotLimitOrder>
                    <KeyFrames count="60">
                        <i>1 0 0 0 1 0 0 0 1 -0.884165 1.85991 1.76447</i>
                        <i>1 0 0 0 1 0 0 0 1 -0.884165 1.8571 1.76447</i>
                        <i>1 0 0 0 1 0 0 0 1 -0.884165 1.84952 1.76447</i>
                        <i>1 0 0 0 1 0 0 0 1 -0.884165 1.83844 1.76447</i>
                        <i>1 0 0 0 1 0 0 0 1 -0.884165 1.82514 1.76447</i>
                        <i>1 0 0 0 1 0 0 0 1 -0.884165 1.8109 1.76447</i>
                        <i>1 0 0 0 1 0 0 0 1 -0.884165 1.79698 1.76447</i>
                        <i>1 0 0 0 1 0 0 0 1 -0.884165 1.78468 1.76447</i>
                        <i>1 0 0 0 1 0 0 0 1 -0.884165 1.77526 1.76447</i>
                        <i>1 0 0 0 1 0 0 0 1 -0.884165 1.77 1.76447</i>
                        <i>1 0 0 0 1 0 0 0 1 -0.884165 1.77007 1.76447</i>
                        <i>1 0 0 0 1 0 0 0 1 -0.884165 1.77028 1.76447</i>
                        <i>1 0 0 0 1 0 0 0 1 -0.884165 1.77061 1.76447</i>
                        <i>1 0 0 0 1 0 0 0 1 -0.884165 1.77104 1.76447</i>
                        <i>1 0 0 0 1 0 0 0 1 -0.884165 1.77156 1.76447</i>
                        <i>1 0 0 0 1 0 0 0 1 -0.884165 1.77216 1.76447</i>
                        <i>1 0 0 0 1 0 0 0 1 -0.884165 1.77282 1.76447</i>
                        <i>1 0 0 0 1 0 0 0 1 -0.884165 1.77352 1.76447</i>
                        <i>1 0 0 0 1 0 0 0 1 -0.884165 1.77425 1.76447</i>
                        <i>1 0 0 0 1 0 0 0 1 -0.884165 1.775 1.76447</i>
                        <i>1 0 0 0 1 0 0 0 1 -0.884165 1.77575 1.76447</i>
                        <i>1 0 0 0 1 0 0 0 1 -0.884165 1.77648 1.76447</i>
                        <i>1 0 0 0 1 0 0 0 1 -0.884165 1.77718 1.76447</i>
                        <i>1 0 0 0 1 0 0 0 1 -0.884165 1.77784 1.76447</i>
                        <i>1 0 0 0 1 0 0 0 1 -0.884165 1.77844 1.76447</i>
                        <i>1 0 0 0 1 0 0 0 1 -0.884165 1.77896 1.76447</i>
                        <i>1 0 0 0 1 0 0 0 1 -0.884165 1.77939 1.76447</i>
                        <i>1 0 0 0 1 0 0 0 1 -0.884165 1.77972 1.76447</i>
                        <i>1 0 0 0 1 0 0 0 1 -0.884165 1.77993 1.76447</i>
                        <i>1 0 0 0 1 0 0 0 1 -0.884165 1.78 1.76447</i>
                        <i>1 0 0 0 1 0 0 0 1 -0.884165 1.77993 1.76447</i>
                        <i>1 0 0 0 1 0 0 0 1 -0.884165 1.77972 1.76447</i>
                        <i>1 0 0 0 1 0 0 0 1 -0.884165 1.77939 1.76447</i>
                        <i>1 0 0 0 1 0 0 0 1 -0.884165 1.77896 1.76447</i>
                        <i>1 0 0 0 1 0 0 0 1 -0.884165 1.77844 1.76447</i>
                        <i>1 0 0 0 1 0 0 0 1 -0.884165 1.77784 1.76447</i>
                        <i>1 0 0 0 1 0 0 0 1 -0.884165 1.77718 1.76447</i>
                        <i>1 0 0 0 1 0 0 0 1 -0.884165 1.77648 1.76447</i>
                        <i>1 0 0 0 1 0 0 0 1 -0.884165 1.77575 1.76447</i>
                        <i>1 0 0 0 1 0 0 0 1 -0.884165 1.775 1.76447</i>
                        <i>1 0 0 0 1 0 0 0 1 -0.884165 1.77425 1.76447</i>
                        <i>1 0 0 0 1 0 0 0 1 -0.884165 1.77352 1.76447</i>
                        <i>1 0 0 0 1 0 0 0 1 -0.884165 1.77282 1.76447</i>
                        <i>1 0 0 0 1 0 0 0 1 -0.884165 1.77216 1.76447</i>
                        <i>1 0 0 0 1 0 0 0 1 -0.884165 1.77156 1.76447</i>
                        <i>1 0 0 0 1 0 0 0 1 -0.884165 1.77104 1.76447</i>
                        <i>1 0 0 0 1 0 0 0 1 -0.884165 1.77061 1.76447</i>
                        <i>1 0 0 0 1 0 0 0 1 -0.884165 1.77028 1.76447</i>
                        <i>1 0 0 0 1 0 0 0 1 -0.884165 1.77007 1.76447</i>
                        <i>1 0 0 0 1 0 0 0 1 -0.884165 1.77 1.76447</i>
                        <i>1 0 0 0 1 0 0 0 1 -0.884165 1.77468 1.76447</i>
                        <i>1 0 0 0 1 0 0 0 1 -0.884165 1.78276 1.76447</i>
                        <i>1 0 0 0 1 0 0 0 1 -0.884165 1.79334 1.76447</i>
                        <i>1 0 0 0 1 0 0 0 1 -0.884165 1.80548 1.76447</i>
                        <i>1 0 0 0 1 0 0 0 1 -0.884165 1.81828 1.76447</i>
                        <i>1 0 0 0 1 0 0 0 1 -0.884165 1.83082 1.76447</i>
                        <i>1 0 0 0 1 0 0 0 1 -0.884165 1.84217 1.76447</i>
                        <i>1 0 0 0 1 0 0 0 1 -0.884165 1.85141 1.76447</i>
                        <i>1 0 0 0 1 0 0 0 1 -0.884165 1.85763 1.76447</i>
                        <i>1 0 0 0 1 0 0 0 1 -0.884165 1.85991 1.76447</i>
                    </KeyFrames>
                </p>
            </i>
            <i>
                <p>
                    <Name><![CDATA[spine0]]></Name>
                    <Exclude>0</Exclude>
                    <Additive>0</Additive>
                    <IKPriority>0</IKPriority>
                    <IKRotLimits>-1e+010 -1e+010 -1e+010 1e+010 1e+010 1e+010</IKRotLimits>
                    <IKRotLimitOrder>0</IKRotLimitOrder>
                    <KeyFrames count="60">
                        <i>-0.181819 0.781009 0.597467 -0.968537 -0.0372349 -0.246067 -0.169934 -0.623409 0.763206 -0.886539 2.00234 1.74434</i>
                        <i>-0.181489 0.782955 0.595015 -0.969378 -0.0406491 -0.242187 -0.165435 -0.620749 0.766356 -0.886772 1.99937 1.74332</i>
                        <i>-0.180792 0.788142 0.588343 -0.971508 -0.0498949 -0.231696 -0.153254 -0.613468 0.774706 -0.887437 1.99134 1.74057</i>
                        <i>-0.180264 0.795567 0.578427 -0.974263 -0.0635002 -0.216287 -0.135341 -0.602528 0.786538 -0.888501 1.9795 1.73657</i>
                        <i>-0.180392 0.804222 0.566291 -0.977003 -0.0799625 -0.197664 -0.113684 -0.588925 0.800152 -0.889917 1.96512 1.73179</i>
                        <i>-0.181439 0.81312 0.553097 -0.979242 -0.0977071 -0.177591 -0.0903609 -0.573838 0.813969 -0.891587 1.94952 1.72672</i>
                        <i>-0.183357 0.821335 0.540175 -0.980724 -0.115081 -0.157916 -0.0675381 -0.558717 0.826604 -0.893356 1.93408 1.72185</i>
                        <i>-0.185772 0.828035 0.529006 -0.981447 -0.130376 -0.140583 -0.047438 -0.545307 0.836893 -0.895013 1.92029 1.71768</i>
                        <i>-0.188059 0.832477 0.521167 -0.981626 -0.141861 -0.127612 -0.032301 -0.53559 0.84386 -0.896312 1.90968 1.71467</i>
                        <i>-0.189502 0.833967 0.518254 -0.981578 -0.147811 -0.121063 -0.024359 -0.531649 0.846615 -0.897002 1.90383 1.71328</i>
                        <i>-0.189605 0.833542 0.5189 -0.981563 -0.14791 -0.121064 -0.0241613 -0.532288 0.846219 -0.897013 1.90393 1.71334</i>
                        <i>-0.189886 0.832378 0.520662 -0.981522 -0.148181 -0.121067 -0.0236212 -0.53403 0.845135 -0.897046 1.9042 1.71353</i>
                        <i>-0.190305 0.830641 0.523278 -0.98146 -0.148585 -0.121074 -0.0228174 -0.536617 0.843517 -0.897098 1.90464 1.71382</i>
                        <i>-0.190818 0.828496 0.526482 -0.981383 -0.149085 -0.121087 -0.0218293 -0.539786 0.841519 -0.897167 1.90521 1.71422</i>
                        <i>-0.191387 0.826111 0.53001 -0.981296 -0.149639 -0.121107 -0.0207373 -0.543275 0.839299 -0.89725 1.9059 1.71469</i>
                        <i>-0.191968 0.823662 0.5336 -0.981205 -0.150209 -0.121136 -0.0196234 -0.546825 0.837017 -0.897345 1.90669 1.71524</i>
                        <i>-0.192522 0.821327 0.536989 -0.981117 -0.150753 -0.121174 -0.018571 -0.550178 0.834841 -0.89745 1.90756 1.71585</i>
                        <i>-0.19301 0.81929 0.539917 -0.981038 -0.151229 -0.121222 -0.0176644 -0.553076 0.832943 -0.897562 1.90849 1.7165</i>
                        <i>-0.193392 0.817739 0.542127 -0.980974 -0.151595 -0.121276 -0.016988 -0.555267 0.831499 -0.89768 1.90945 1.71718</i>
                        <i>-0.193629 0.816861 0.543365 -0.980934 -0.151811 -0.121335 -0.0166251 -0.556499 0.830682 -0.8978 1.91043 1.71789</i>
                        <i>-0.193766 0.816437 0.543954 -0.980909 -0.151921 -0.121395 -0.0164736 -0.557092 0.830287 -0.897922 1.91141 1.71861</i>
                        <i>-0.193872 0.816128 0.544379 -0.98089 -0.151997 -0.121456 -0.0163799 -0.557522 0.83 -0.898042 1.91237 1.71932</i>
                        <i>-0.193942 0.815946 0.544627 -0.980877 -0.152035 -0.121515 -0.0163473 -0.557779 0.829829 -0.898158 1.91328 1.72001</i>
                        <i>-0.193972 0.815898 0.544688 -0.98087 -0.152033 -0.121571 -0.0163787 -0.55785 0.82978 -0.898268 1.91414 1.72067</i>
                        <i>-0.193982 0.815888 0.544699 -0.980868 -0.15201 -0.121622 -0.0164299 -0.55787 0.829766 -0.898371 1.91493 1.72128</i>
                        <i>-0.193997 0.815793 0.544837 -0.980864 -0.151994 -0.121668 -0.0164437 -0.558015 0.829668 -0.898463 1.91561 1.72184</i>
                        <i>-0.194026 0.815562 0.545172 -0.980859 -0.151993 -0.121708 -0.0163985 -0.558352 0.829442 -0.898543 1.91619 1.72232</i>
                        <i>-0.194069 0.815188 0.545716 -0.980853 -0.15201 -0.121743 -0.0162891 -0.558893 0.82908 -0.898609 1.91663 1.72272</i>
                        <i>-0.194125 0.814693 0.546435 -0.980844 -0.152042 -0.12177 -0.0161236 -0.559606 0.828602 -0.898659 1.91693 1.72303</i>
                        <i>-0.194191 0.8141 0.547295 -0.980835 -0.152088 -0.121788 -0.0159101 -0.560456 0.828031 -0.89869 1.91705 1.72322</i>
                        <i>-0.194262 0.813431 0.548262 -0.980825 -0.152147 -0.121796 -0.0156565 -0.56141 0.82739 -0.898701 1.917 1.72329</i>
                        <i>-0.194336 0.81271 0.549305 -0.980815 -0.152215 -0.121792 -0.0153693 -0.562435 0.826699 -0.898688 1.91677 1.7232</i>
                        <i>-0.19441 0.81196 0.550386 -0.980805 -0.152292 -0.121776 -0.0150578 -0.563496 0.825982 -0.89865 1.91638 1.72297</i>
                        <i>-0.194481 0.811208 0.55147 -0.980796 -0.152373 -0.121748 -0.0147338 -0.564557 0.825263 -0.89859 1.91584 1.72261</i>
                        <i>-0.194544 0.810478 0.552519 -0.980788 -0.152453 -0.121709 -0.0144093 -0.565582 0.824566 -0.898511 1.91518 1.72213</i>
                        <i>-0.194598 0.809797 0.553498 -0.980782 -0.15253 -0.121662 -0.0140961 -0.566536 0.823917 -0.898416 1.91441 1.72155</i>
                        <i>-0.194638 0.809192 0.554369 -0.980778 -0.152599 -0.121606 -0.0138065 -0.567382 0.823339 -0.898307 1.91356 1.7209</i>
                        <i>-0.194661 0.808687 0.555097 -0.980777 -0.152655 -0.121544 -0.0135527 -0.568086 0.822857 -0.898187 1.91264 1.72018</i>
                        <i>-0.194665 0.80831 0.555645 -0.980779 -0.152695 -0.121477 -0.0133471 -0.568612 0.822497 -0.89806 1.91167 1.71943</i>
                        <i>-0.194646 0.808086 0.555976 -0.980785 -0.152714 -0.121408 -0.0132025 -0.568925 0.822284 -0.897928 1.91067 1.71864</i>
                        <i>-0.194601 0.808043 0.556055 -0.980794 -0.152707 -0.121337 -0.0131315 -0.568988 0.822241 -0.897794 1.90967 1.71785</i>
                        <i>-0.194528 0.808206 0.555843 -0.980809 -0.152671 -0.121267 -0.0131471 -0.568765 0.822395 -0.897661 1.90868 1.71707</i>
                        <i>-0.194374 0.808946 0.55482 -0.980836 -0.15255 -0.1212 -0.0134062 -0.567746 0.823095 -0.897532 1.90772 1.71632</i>
                        <i>-0.194112 0.810435 0.552735 -0.98088 -0.152317 -0.12114 -0.0139849 -0.565681 0.824505 -0.89741 1.90682 1.71562</i>
                        <i>-0.193781 0.812403 0.549954 -0.980933 -0.15201 -0.121088 -0.0147737 -0.562933 0.82637 -0.897298 1.906 1.71497</i>
                        <i>-0.193419 0.814586 0.546845 -0.980991 -0.151671 -0.121047 -0.0156627 -0.559863 0.828437 -0.8972 1.90528 1.71441</i>
                        <i>-0.193065 0.816721 0.543777 -0.981046 -0.151338 -0.121016 -0.0165424 -0.556834 0.830459 -0.897118 1.90468 1.71394</i>
                        <i>-0.192761 0.818554 0.541121 -0.981093 -0.151051 -0.120995 -0.017304 -0.554213 0.832195 -0.897056 1.90422 1.71358</i>
                        <i>-0.192547 0.819836 0.539253 -0.981126 -0.15085 -0.120983 -0.0178396 -0.55237 0.833408 -0.897016 1.90393 1.71335</i>
                        <i>-0.192466 0.820319 0.538547 -0.981138 -0.150775 -0.120979 -0.018042 -0.551673 0.833865 -0.897002 1.90383 1.71328</i>
                        <i>-0.191236 0.819616 0.540054 -0.981217 -0.145424 -0.12675 -0.0253499 -0.55415 0.832031 -0.896394 1.90902 1.71448</i>
                        <i>-0.189216 0.817054 0.544629 -0.981164 -0.13534 -0.137841 -0.0389136 -0.560452 0.827272 -0.89528 1.91812 1.71702</i>
                        <i>-0.186881 0.813003 0.551454 -0.980728 -0.121834 -0.152739 -0.0569916 -0.569371 0.820103 -0.893843 1.92999 1.72056</i>
                        <i>-0.184681 0.807847 0.55971 -0.97971 -0.106218 -0.169956 -0.0778475 -0.579742 0.811073 -0.892263 1.94352 1.72477</i>
                        <i>-0.182956 0.802015 0.568594 -0.978045 -0.089786 -0.188059 -0.0997744 -0.590517 0.800834 -0.890704 1.95763 1.7293</i>
                        <i>-0.181879 0.795989 0.57734 -0.975833 -0.0737894 -0.205681 -0.121118 -0.600796 0.790174 -0.889296 1.97128 1.7338</i>
                        <i>-0.181442 0.790302 0.585236 -0.973343 -0.0594228 -0.221524 -0.140294 -0.609829 0.780017 -0.888131 1.9835 1.7379</i>
                        <i>-0.181474 0.785521 0.591628 -0.970977 -0.0478189 -0.234344 -0.155791 -0.616984 0.771401 -0.887266 1.99335 1.74125</i>
                        <i>-0.181696 0.78223 0.595904 -0.969216 -0.0400643 -0.24293 -0.166153 -0.6217 0.76543 -0.886727 1.99994 1.74351</i>
                        <i>-0.181819 0.781009 0.597467 -0.968537 -0.0372349 -0.246067 -0.169934 -0.623409 0.763206 -0.886539 2.00234 1.74434</i>
                    </KeyFrames>
                </p>
            </i>
            <i>
                <p>
                    <Name><![CDATA[spine1]]></Name>
                    <Exclude>0</Exclude>
                    <Additive>0</Additive>
                    <IKPriority>0</IKPriority>
                    <IKRotLimits>-1e+010 -1e+010 -1e+010 1e+010 1e+010 1e+010</IKRotLimits>
                    <IKRotLimitOrder>0</IKRotLimitOrder>
                    <KeyFrames count="60">
                        <i>-0.216322 0.346029 0.912945 -0.970087 0.0293318 -0.240979 -0.110164 -0.937765 0.329333 -0.919165 2.14255 1.85154</i>
                        <i>-0.214401 0.348507 0.912456 -0.970947 0.0255998 -0.237922 -0.106276 -0.936957 0.332893 -0.919375 2.14009 1.8502</i>
                        <i>-0.209337 0.355215 0.911044 -0.973153 0.0154719 -0.229641 -0.0956673 -0.934657 0.342439 -0.920011 2.13341 1.84656</i>
                        <i>-0.202237 0.365122 0.908728 -0.976075 0.000514771 -0.217432 -0.0798571 -0.93096 0.356282 -0.92112 2.12353 1.84121</i>
                        <i>-0.194196 0.377157 0.905561 -0.979101 -0.0176704 -0.202607 -0.0604129 -0.925981 0.372706 -0.922725 2.11145 1.83475</i>
                        <i>-0.186195 0.390109 0.901746 -0.981736 -0.037384 -0.186539 -0.0390597 -0.920009 0.389945 -0.924765 2.09827 1.82782</i>
                        <i>-0.179036 0.402592 0.897701 -0.983683 -0.0568102 -0.170706 -0.0177264 -0.913615 0.406193 -0.927058 2.08511 1.82109</i>
                        <i>-0.1733 0.413057 0.894064 -0.984868 -0.0740363 -0.156696 0.00146897 -0.907691 0.419637 -0.929312 2.07323 1.8153</i>
                        <i>-0.169385 0.419845 0.891649 -0.985415 -0.0870935 -0.146189 0.0162802 -0.903407 0.428475 -0.931147 2.06394 1.81115</i>
                        <i>-0.167617 0.421249 0.891321 -0.98555 -0.0940017 -0.140911 0.0244272 -0.90206 0.430918 -0.93216 2.05861 1.80936</i>
                        <i>-0.167701 0.4197 0.892036 -0.985523 -0.0942381 -0.140938 0.0249121 -0.902758 0.429428 -0.93219 2.05862 1.80954</i>
                        <i>-0.16793 0.415458 0.893977 -0.985449 -0.0948899 -0.141015 0.0262435 -0.904649 0.425347 -0.932272 2.05867 1.81005</i>
                        <i>-0.168265 0.409121 0.896831 -0.985337 -0.0958712 -0.141136 0.0282385 -0.90743 0.419254 -0.932395 2.05875 1.81081</i>
                        <i>-0.168668 0.40129 0.900288 -0.985194 -0.097096 -0.141296 0.0307139 -0.91079 0.411725 -0.932548 2.05888 1.81177</i>
                        <i>-0.169102 0.392569 0.904043 -0.98503 -0.0984775 -0.141488 0.0334842 -0.914435 0.403345 -0.932721 2.05906 1.81286</i>
                        <i>-0.169537 0.38358 0.907812 -0.984853 -0.0999265 -0.141703 0.0363601 -0.918086 0.394711 -0.932901 2.0593 1.81401</i>
                        <i>-0.16995 0.374963 0.911329 -0.984675 -0.101352 -0.141927 0.0391478 -0.921483 0.386441 -0.93308 2.05961 1.81516</i>
                        <i>-0.170322 0.367374 0.914345 -0.984508 -0.102662 -0.142143 0.0416488 -0.92439 0.379169 -0.933246 2.06001 1.81625</i>
                        <i>-0.17064 0.36149 0.916628 -0.984366 -0.103762 -0.142329 0.0436609 -0.926584 0.373544 -0.93339 2.0605 1.81723</i>
                        <i>-0.170891 0.357997 0.917951 -0.984263 -0.104558 -0.142459 0.0449796 -0.92785 0.370231 -0.933503 2.06109 1.81802</i>
                        <i>-0.171099 0.356182 0.918618 -0.984188 -0.105139 -0.142546 0.0458107 -0.928483 0.36854 -0.933592 2.06175 1.81868</i>
                        <i>-0.171291 0.354915 0.919073 -0.984123 -0.105648 -0.142617 0.046481 -0.92891 0.367377 -0.933672 2.0624 1.81931</i>
                        <i>-0.171463 0.354261 0.919293 -0.98407 -0.10607 -0.142669 0.0469674 -0.929112 0.366804 -0.933741 2.06303 1.81987</i>
                        <i>-0.171608 0.354283 0.919257 -0.984032 -0.106393 -0.142697 0.0472476 -0.929066 0.366883 -0.933796 2.06363 1.82037</i>
                        <i>-0.17173 0.354795 0.919037 -0.984004 -0.106634 -0.142704 0.0473701 -0.928843 0.367432 -0.93384 2.06415 1.82082</i>
                        <i>-0.171832 0.355533 0.918733 -0.983985 -0.10682 -0.142699 0.0474044 -0.928539 0.368195 -0.933878 2.06458 1.82125</i>
                        <i>-0.171911 0.356445 0.918365 -0.983973 -0.106951 -0.142682 0.0473614 -0.928175 0.369118 -0.93391 2.06489 1.82165</i>
                        <i>-0.171965 0.357479 0.917952 -0.983969 -0.107026 -0.142653 0.0472497 -0.927768 0.370153 -0.933936 2.06506 1.82201</i>
                        <i>-0.171991 0.358594 0.917513 -0.983973 -0.107046 -0.142612 0.0470758 -0.927336 0.371258 -0.933955 2.06509 1.82233</i>
                        <i>-0.171988 0.359747 0.917062 -0.983985 -0.107007 -0.142562 0.0468456 -0.926894 0.372389 -0.933966 2.06498 1.82259</i>
                        <i>-0.171953 0.360896 0.916616 -0.984004 -0.106908 -0.142503 0.0465648 -0.926458 0.373507 -0.933968 2.06471 1.82277</i>
                        <i>-0.171885 0.361989 0.916198 -0.984031 -0.106744 -0.142436 0.046238 -0.926051 0.374556 -0.933959 2.06431 1.82285</i>
                        <i>-0.171783 0.363003 0.915816 -0.984066 -0.106515 -0.142365 0.0458692 -0.92568 0.375516 -0.93394 2.0638 1.82283</i>
                        <i>-0.171652 0.363948 0.915466 -0.984108 -0.106229 -0.142291 0.0454623 -0.925342 0.376398 -0.93391 2.0632 1.82271</i>
                        <i>-0.171498 0.364835 0.915141 -0.984155 -0.105892 -0.142215 0.0450211 -0.925031 0.377215 -0.933872 2.06253 1.82251</i>
                        <i>-0.171326 0.365676 0.914838 -0.984207 -0.105513 -0.142141 0.0445491 -0.924742 0.377978 -0.933825 2.0618 1.82222</i>
                        <i>-0.17114 0.36648 0.914551 -0.984261 -0.105097 -0.14207 0.0440505 -0.924471 0.378698 -0.933771 2.06104 1.82186</i>
                        <i>-0.170946 0.367254 0.914277 -0.984318 -0.104653 -0.142004 0.0435299 -0.924215 0.379384 -0.93371 2.06025 1.82143</i>
                        <i>-0.170748 0.368004 0.914012 -0.984376 -0.104188 -0.141945 0.0429925 -0.923969 0.380044 -0.933644 2.05946 1.82094</i>
                        <i>-0.170551 0.368733 0.913755 -0.984434 -0.10371 -0.141893 0.0424445 -0.923732 0.380682 -0.933573 2.0587 1.8204</i>
                        <i>-0.170358 0.369444 0.913504 -0.984491 -0.103227 -0.141849 0.0418928 -0.923502 0.381299 -0.933498 2.05797 1.81982</i>
                        <i>-0.170174 0.370133 0.913259 -0.984546 -0.102748 -0.141815 0.0413451 -0.923279 0.381898 -0.93342 2.0573 1.81919</i>
                        <i>-0.170003 0.370838 0.913005 -0.984599 -0.102272 -0.141794 0.0407922 -0.923049 0.382513 -0.933335 2.05678 1.81846</i>
                        <i>-0.16985 0.371569 0.912736 -0.984648 -0.101805 -0.141788 0.0402375 -0.922807 0.383156 -0.93324 2.05647 1.81758</i>
                        <i>-0.169716 0.372286 0.912469 -0.984693 -0.101367 -0.141792 0.0397068 -0.922566 0.383791 -0.933142 2.05632 1.81663</i>
                        <i>-0.169604 0.372955 0.912217 -0.984731 -0.100975 -0.141804 0.0392246 -0.922339 0.384386 -0.933046 2.0563 1.81569</i>
                        <i>-0.169515 0.373538 0.911995 -0.984763 -0.100645 -0.141818 0.0388137 -0.922139 0.384907 -0.932961 2.05636 1.81482</i>
                        <i>-0.16945 0.374001 0.911817 -0.984787 -0.100394 -0.141832 0.0384953 -0.921979 0.385322 -0.932891 2.05645 1.81411</i>
                        <i>-0.16941 0.374306 0.911699 -0.984802 -0.100233 -0.141843 0.0382897 -0.921872 0.385597 -0.932844 2.05654 1.81363</i>
                        <i>-0.169397 0.374416 0.911657 -0.984807 -0.100176 -0.141847 0.0382166 -0.921834 0.385696 -0.932827 2.05658 1.81345</i>
                        <i>-0.171256 0.373525 0.911675 -0.98474 -0.0939811 -0.146475 0.030968 -0.922847 0.38392 -0.931947 2.06145 1.81482</i>
                        <i>-0.174969 0.370675 0.912132 -0.984418 -0.0823439 -0.155372 0.0175159 -0.925105 0.379307 -0.930356 2.06964 1.81792</i>
                        <i>-0.180141 0.366602 0.912772 -0.983641 -0.0668093 -0.167295 -0.000348861 -0.927976 0.37264 -0.928342 2.08014 1.82231</i>
                        <i>-0.186351 0.362008 0.913358 -0.982262 -0.0489153 -0.181022 -0.0208542 -0.930891 0.364702 -0.926186 2.09198 1.82754</i>
                        <i>-0.193129 0.357488 0.91373 -0.980261 -0.0301599 -0.195392 -0.0422923 -0.933431 0.356256 -0.924128 2.10422 1.83315</i>
                        <i>-0.199953 0.353482 0.913821 -0.977775 -0.0119728 -0.209316 -0.0630482 -0.935365 0.348019 -0.922346 2.11599 1.83868</i>
                        <i>-0.206261 0.350257 0.913661 -0.975088 0.00430268 -0.221778 -0.0816104 -0.936644 0.340644 -0.920941 2.12648 1.84371</i>
                        <i>-0.211475 0.34793 0.913358 -0.972602 0.0174085 -0.231824 -0.0965585 -0.937359 0.334716 -0.919951 2.1349 1.84779</i>
                        <i>-0.215017 0.346517 0.913068 -0.970783 0.0261473 -0.238532 -0.106529 -0.937679 0.330771 -0.919363 2.14051 1.85054</i>
                        <i>-0.216322 0.346029 0.912945 -0.970087 0.0293318 -0.240979 -0.110164 -0.937765 0.329333 -0.919165 2.14255 1.85154</i>
                    </KeyFrames>
                </p>
            </i>
            <i>
                <p>
                    <Name><![CDATA[spine2]]></Name>
                    <Exclude>0</Exclude>
                    <Additive>0</Additive>
                    <IKPriority>0</IKPriority>
                    <IKRotLimits>-1e+010 -1e+010 -1e+010 1e+010 1e+010 1e+010</IKRotLimits>
                    <IKRotLimitOrder>0</IKRotLimitOrder>
                    <KeyFrames count="60">
                        <i>-0.211875 0.351828 0.911771 -0.969635 0.0409178 -0.241111 -0.122137 -0.93517 0.332476 -0.954893 2.19935 2.00212</i>
                        <i>-0.209781 0.355467 0.910843 -0.970501 0.0375143 -0.238161 -0.118828 -0.933936 0.337111 -0.954824 2.19736 2.00086</i>
                        <i>-0.204301 0.365247 0.908215 -0.972735 0.0282849 -0.23019 -0.109765 -0.930481 0.34951 -0.954726 2.19195 1.99744</i>
                        <i>-0.196729 0.379508 0.904031 -0.975729 0.0146724 -0.218491 -0.0961833 -0.925072 0.36741 -0.9548 2.18395 1.99236</i>
                        <i>-0.188331 0.396549 0.898488 -0.978893 -0.00185089 -0.204368 -0.0793787 -0.918012 0.388527 -0.95523 2.17419 1.98615</i>
                        <i>-0.180202 0.414572 0.891996 -0.981747 -0.0197302 -0.189163 -0.0608227 -0.909802 0.410561 -0.956096 2.1635 1.9794</i>
                        <i>-0.173166 0.43167 0.885254 -0.983988 -0.0373146 -0.174284 -0.0422001 -0.90126 0.431219 -0.957337 2.15278 1.97279</i>
                        <i>-0.167739 0.445847 0.879252 -0.985505 -0.0528725 -0.161199 -0.0253817 -0.893546 0.448253 -0.958747 2.14296 1.96706</i>
                        <i>-0.164183 0.455063 0.875192 -0.986353 -0.0646262 -0.151434 -0.0123514 -0.888111 0.459463 -0.960007 2.13505 1.963</i>
                        <i>-0.162661 0.457254 0.874334 -0.986669 -0.0707905 -0.146538 -0.00511062 -0.886514 0.462673 -0.960761 2.13006 1.9614</i>
                        <i>-0.16279 0.455208 0.875377 -0.98665 -0.0709991 -0.146563 -0.00456568 -0.88755 0.460689 -0.960804 2.12981 1.9617</i>
                        <i>-0.163137 0.449587 0.878213 -0.986599 -0.0715691 -0.146632 -0.00307104 -0.890365 0.455237 -0.960921 2.12912 1.96252</i>
                        <i>-0.163637 0.441151 0.882388 -0.98652 -0.0724167 -0.146743 -0.000836297 -0.894506 0.447055 -0.961095 2.12811 1.96373</i>
                        <i>-0.164224 0.430663 0.887446 -0.986421 -0.0734578 -0.146891 0.0019292 -0.899518 0.436879 -0.961307 2.12688 1.96523</i>
                        <i>-0.164838 0.418892 0.892949 -0.986308 -0.0746092 -0.147072 0.00501518 -0.904966 0.425455 -0.961538 2.12554 1.96688</i>
                        <i>-0.165427 0.406626 0.898493 -0.986188 -0.0757887 -0.147274 0.00821006 -0.910446 0.413547 -0.961772 2.12421 1.96857</i>
                        <i>-0.165953 0.394675 0.90371 -0.986069 -0.0769157 -0.147486 0.0113007 -0.915596 0.401941 -0.961995 2.12299 1.97019</i>
                        <i>-0.166385 0.383866 0.908275 -0.98596 -0.0779113 -0.147688 0.0140724 -0.920096 0.39144 -0.962193 2.12203 1.97163</i>
                        <i>-0.166704 0.375048 0.911893 -0.985872 -0.0786977 -0.147861 0.016309 -0.923659 0.382869 -0.962354 2.12144 1.97279</i>
                        <i>-0.166894 0.369082 0.914289 -0.985814 -0.0791981 -0.14798 0.0177932 -0.926016 0.377064 -0.962466 2.12136 1.97357</i>
                        <i>-0.167007 0.365176 0.915836 -0.985778 -0.0795041 -0.14806 0.0187446 -0.927537 0.37326 -0.962544 2.12162 1.9741</i>
                        <i>-0.1671 0.362051 0.917059 -0.985747 -0.0797538 -0.148129 0.0195086 -0.92874 0.370217 -0.962608 2.12196 1.97454</i>
                        <i>-0.167173 0.359839 0.917916 -0.985723 -0.0799402 -0.148185 0.0200557 -0.929583 0.368066 -0.962655 2.12238 1.97488</i>
                        <i>-0.167227 0.358674 0.918362 -0.985708 -0.0800561 -0.148224 0.0203564 -0.930024 0.366936 -0.962685 2.12288 1.9751</i>
                        <i>-0.167269 0.358471 0.918433 -0.985699 -0.0801148 -0.14825 0.0204368 -0.930097 0.366745 -0.962701 2.1234 1.97525</i>
                        <i>-0.167308 0.359079 0.918189 -0.985695 -0.0801355 -0.14827 0.0203391 -0.929861 0.36735 -0.96271 2.12386 1.97537</i>
                        <i>-0.167346 0.360564 0.917599 -0.985694 -0.0801196 -0.148283 0.0200523 -0.929287 0.368814 -0.962712 2.12423 1.97548</i>
                        <i>-0.167384 0.362891 0.916675 -0.985697 -0.0800689 -0.14829 0.019584 -0.928385 0.371103 -0.962708 2.1245 1.97557</i>
                        <i>-0.167417 0.365942 0.915455 -0.985704 -0.0799862 -0.148291 0.018958 -0.927194 0.374101 -0.962698 2.12465 1.97563</i>
                        <i>-0.167443 0.369594 0.913982 -0.985714 -0.079874 -0.148285 0.018198 -0.925754 0.377689 -0.962683 2.12468 1.97567</i>
                        <i>-0.167458 0.37373 0.912296 -0.985727 -0.079735 -0.148273 0.0173278 -0.924104 0.381748 -0.962662 2.12457 1.97569</i>
                        <i>-0.16746 0.378224 0.910441 -0.985743 -0.0795716 -0.148254 0.0163721 -0.922288 0.386157 -0.962635 2.12434 1.97566</i>
                        <i>-0.167446 0.382963 0.908461 -0.985762 -0.0793869 -0.148228 0.0153541 -0.920346 0.390803 -0.962603 2.12401 1.9756</i>
                        <i>-0.167416 0.38784 0.906395 -0.985783 -0.0791848 -0.148197 0.014296 -0.918319 0.395583 -0.962567 2.1236 1.9755</i>
                        <i>-0.167371 0.392754 0.904285 -0.985805 -0.0789692 -0.148161 0.0132199 -0.916247 0.400396 -0.962527 2.12313 1.97537</i>
                        <i>-0.167311 0.397601 0.902175 -0.985829 -0.078744 -0.148122 0.0121476 -0.914173 0.405141 -0.962484 2.1226 1.9752</i>
                        <i>-0.167239 0.402281 0.900112 -0.985854 -0.0785133 -0.14808 0.011101 -0.912143 0.409721 -0.962437 2.12205 1.975</i>
                        <i>-0.167154 0.406696 0.898142 -0.985879 -0.0782812 -0.148036 0.010102 -0.910204 0.414038 -0.962389 2.12149 1.97476</i>
                        <i>-0.16706 0.410745 0.896314 -0.985904 -0.0780517 -0.147991 0.00917247 -0.908403 0.417995 -0.962339 2.12093 1.9745</i>
                        <i>-0.166959 0.414331 0.894681 -0.985929 -0.0778289 -0.147944 0.00833412 -0.906792 0.421495 -0.962287 2.1204 1.9742</i>
                        <i>-0.166853 0.417355 0.893294 -0.985952 -0.0776166 -0.147897 0.00760885 -0.905423 0.424443 -0.962235 2.1199 1.97386</i>
                        <i>-0.166745 0.419718 0.892207 -0.985975 -0.0774188 -0.14785 0.00701854 -0.904347 0.42674 -0.962182 2.11946 1.9735</i>
                        <i>-0.166628 0.420475 0.891872 -0.985997 -0.0772475 -0.147795 0.00675084 -0.90401 0.427459 -0.962126 2.11918 1.97303</i>
                        <i>-0.166501 0.419158 0.892516 -0.986017 -0.0771101 -0.14773 0.00689965 -0.904633 0.426136 -0.962066 2.11912 1.97244</i>
                        <i>-0.166371 0.416376 0.893841 -0.986036 -0.0770035 -0.147661 0.00734632 -0.905926 0.423373 -0.962005 2.11922 1.97177</i>
                        <i>-0.166245 0.412737 0.895551 -0.986052 -0.0769244 -0.147592 0.00797285 -0.907596 0.419769 -0.961946 2.11943 1.97109</i>
                        <i>-0.166129 0.408846 0.897355 -0.986066 -0.0768692 -0.14753 0.00866199 -0.90936 0.41592 -0.961894 2.11969 1.97045</i>
                        <i>-0.166033 0.405312 0.898975 -0.986076 -0.0768344 -0.147478 0.00929741 -0.910944 0.412425 -0.961853 2.11995 1.96992</i>
                        <i>-0.165967 0.402743 0.900141 -0.986083 -0.0768162 -0.147444 0.00976339 -0.912084 0.409887 -0.961825 2.12014 1.96956</i>
                        <i>-0.165943 0.401751 0.900588 -0.986085 -0.0768109 -0.147431 0.00994445 -0.912522 0.408907 -0.961816 2.12022 1.96943</i>
                        <i>-0.167613 0.398925 0.901534 -0.985846 -0.0713511 -0.151716 0.00380221 -0.914203 0.405238 -0.961221 2.12487 1.97062</i>
                        <i>-0.171028 0.3938 0.903145 -0.985234 -0.0609584 -0.159993 -0.00795105 -0.917173 0.398411 -0.960183 2.1324 1.97335</i>
                        <i>-0.175879 0.387175 0.905076 -0.984126 -0.0469937 -0.171137 -0.0237272 -0.920808 0.389295 -0.958929 2.14196 1.9772</i>
                        <i>-0.181819 0.379836 0.90701 -0.982437 -0.0308176 -0.184033 -0.0419505 -0.92454 0.378768 -0.957676 2.15273 1.98175</i>
                        <i>-0.188427 0.37249 0.908706 -0.980185 -0.0137706 -0.197604 -0.061092 -0.927934 0.367704 -0.956594 2.16391 1.98659</i>
                        <i>-0.195197 0.365727 0.910023 -0.977521 0.00284769 -0.21082 -0.0796939 -0.930718 0.35695 -0.955783 2.17471 1.99132</i>
                        <i>-0.201554 0.359996 0.910922 -0.974724 0.0177931 -0.222703 -0.0963805 -0.932784 0.347311 -0.955268 2.18439 1.99557</i>
                        <i>-0.206876 0.355617 0.911449 -0.972181 0.0298798 -0.232319 -0.109851 -0.934154 0.339543 -0.955006 2.19221 1.999</i>
                        <i>-0.210525 0.352821 0.9117 -0.970337 0.0379657 -0.238758 -0.118852 -0.93492 0.334363 -0.954911 2.19744 2.00129</i>
                        <i>-0.211875 0.351828 0.911771 -0.969635 0.0409178 -0.241111 -0.122137 -0.93517 0.332476 -0.954893 2.19935 2.00212</i>
                    </KeyFrames>
                </p>
            </i>
            <i>
                <p>
                    <Name><![CDATA[head]]></Name>
                    <Exclude>0</Exclude>
                    <Additive>0</Additive>
                    <IKPriority>0</IKPriority>
                    <IKRotLimits>-1e+010 -1e+010 -1e+010 1e+010 1e+010 1e+010</IKRotLimits>
                    <IKRotLimitOrder>0</IKRotLimitOrder>
                    <KeyFrames count="60">
                        <i>-0.0227406 0.913623 0.405927 0.353526 0.387147 -0.85155 -0.935148 0.124141 -0.331793 -1.00578 2.31881 2.22093</i>
                        <i>-0.0383053 0.92121 0.387176 0.438361 0.363679 -0.821935 -0.897983 0.138238 -0.417753 -1.00527 2.31777 2.21931</i>
                        <i>-0.0695763 0.932023 0.355658 0.614412 0.320912 -0.720773 -0.785912 0.168372 -0.594974 -1.00402 2.31492 2.21486</i>
                        <i>-0.103533 0.934737 0.339924 0.768548 0.292122 -0.569208 -0.631359 0.202316 -0.748634 -1.00255 2.31063 2.20818</i>
                        <i>-0.131189 0.933604 0.333426 0.84062 0.283044 -0.461784 -0.525498 0.219703 -0.821938 -1.00132 2.30524 2.19992</i>
                        <i>-0.144219 0.934958 0.32412 0.862043 0.279535 -0.422779 -0.485884 0.218433 -0.846288 -1.00066 2.29914 2.19083</i>
                        <i>-0.149658 0.93676 0.31636 0.872299 0.275734 -0.403812 -0.465506 0.215527 -0.858401 -1.00067 2.2927 2.18185</i>
                        <i>-0.151359 0.940304 0.304825 0.869144 0.273485 -0.412062 -0.470829 0.202568 -0.858654 -1.00121 2.28639 2.17404</i>
                        <i>-0.153755 0.945929 0.285618 0.847593 0.274833 -0.45393 -0.507883 0.172294 -0.84402 -1.00197 2.28072 2.16859</i>
                        <i>-0.163127 0.952246 0.258103 0.797322 0.281321 -0.533981 -0.581091 0.118684 -0.805138 -1.00255 2.27622 2.16668</i>
                        <i>-0.192811 0.957855 0.212928 0.655115 0.287214 -0.698808 -0.730512 0.00475445 -0.682883 -1.00264 2.27543 2.16733</i>
                        <i>-0.24843 0.948749 0.195342 0.370618 0.279418 -0.885758 -0.894944 -0.147652 -0.421039 -1.00289 2.27328 2.16911</i>
                        <i>-0.294738 0.925419 0.238179 0.0349729 0.259531 -0.965101 -0.954938 -0.276123 -0.108858 -1.00325 2.27006 2.17175</i>
                        <i>-0.310436 0.903368 0.295897 -0.187412 0.247004 -0.950719 -0.931937 -0.350592 0.0926232 -1.00368 2.26607 2.17496</i>
                        <i>-0.313697 0.898384 0.307409 -0.18825 0.258481 -0.947496 -0.930675 -0.355097 0.0880356 -1.00415 2.26162 2.17849</i>
                        <i>-0.317694 0.893893 0.316268 -0.187962 0.267558 -0.945031 -0.929377 -0.359677 0.0830166 -1.00461 2.25704 2.18206</i>
                        <i>-0.321569 0.889485 0.324669 -0.187625 0.276226 -0.942601 -0.928111 -0.364027 0.0780639 -1.00503 2.25265 2.18546</i>
                        <i>-0.324476 0.884665 0.334789 -0.188353 0.286421 -0.939407 -0.926951 -0.367874 0.0736928 -1.0054 2.2488 2.18845</i>
                        <i>-0.325562 0.878841 0.348781 -0.191287 0.300031 -0.934554 -0.925969 -0.370973 0.0704318 -1.00569 2.24584 2.19084</i>
                        <i>-0.323906 0.871274 0.368736 -0.197531 0.318879 -0.926983 -0.925239 -0.373092 0.0688167 -1.00587 2.24414 2.19243</i>
                        <i>-0.316777 0.856609 0.407275 -0.211285 0.354872 -0.910727 -0.924668 -0.374548 0.0685735 -1.00599 2.24332 2.19346</i>
                        <i>-0.30386 0.832399 0.463445 -0.231618 0.407308 -0.883433 -0.924133 -0.375782 0.0690337 -1.00608 2.24279 2.19429</i>
                        <i>-0.288538 0.804155 0.519693 -0.252198 0.459779 -0.851469 -0.923657 -0.376747 0.0701424 -1.00615 2.24258 2.19488</i>
