<?xml version="1.0" encoding="ISO-8859-1" ?>
<Animl Version="1">
    <ModellingPackage><![CDATA[Maya.2010]]></ModellingPackage>
    <SrcFile><![CDATA[anims\turrets\antitank\blue\~src\antitank_m72_law\antitank_m72law_aim_low_crewman_a.mb]]></SrcFile>
    <FramesPerSecond>30</FramesPerSecond>
    <TotalFrames>30</TotalFrames>
    <Skeleton>
        <RefFrame>
            <Name><![CDATA[soldier_ref_frame]]></Name>
            <Exclude>0</Exclude>
            <Additive>0</Additive>
            <IKPriority>0</IKPriority>
            <IKRotLimits>-1e+010 -1e+010 -1e+010 1e+010 1e+010 1e+010</IKRotLimits>
            <IKRotLimitOrder>0</IKRotLimitOrder>
            <KeyFrames count="30">
                <i>1 0 0 0 1 0 0 0 1 0.46 1.89 0.26</i>
                <i>1 0 0 0 1 0 0 0 1 0.46 1.89 0.26</i>
                <i>1 0 0 0 1 0 0 0 1 0.46 1.89 0.26</i>
                <i>1 0 0 0 1 0 0 0 1 0.46 1.89 0.26</i>
                <i>1 0 0 0 1 0 0 0 1 0.46 1.89 0.26</i>
                <i>1 0 0 0 1 0 0 0 1 0.46 1.89 0.26</i>
                <i>1 0 0 0 1 0 0 0 1 0.46 1.89 0.26</i>
                <i>1 0 0 0 1 0 0 0 1 0.46 1.89 0.26</i>
                <i>1 0 0 0 1 0 0 0 1 0.46 1.89 0.26</i>
                <i>1 0 0 0 1 0 0 0 1 0.46 1.89 0.26</i>
                <i>1 0 0 0 1 0 0 0 1 0.46 1.89 0.26</i>
                <i>1 0 0 0 1 0 0 0 1 0.46 1.89 0.26</i>
                <i>1 0 0 0 1 0 0 0 1 0.46 1.89 0.26</i>
                <i>1 0 0 0 1 0 0 0 1 0.46 1.89 0.26</i>
                <i>1 0 0 0 1 0 0 0 1 0.46 1.89 0.26</i>
                <i>1 0 0 0 1 0 0 0 1 0.46 1.89 0.26</i>
                <i>1 0 0 0 1 0 0 0 1 0.46 1.89 0.26</i>
                <i>1 0 0 0 1 0 0 0 1 0.46 1.89 0.26</i>
                <i>1 0 0 0 1 0 0 0 1 0.46 1.89 0.26</i>
                <i>1 0 0 0 1 0 0 0 1 0.46 1.89 0.26</i>
                <i>1 0 0 0 1 0 0 0 1 0.46 1.89 0.26</i>
                <i>1 0 0 0 1 0 0 0 1 0.46 1.89 0.26</i>
                <i>1 0 0 0 1 0 0 0 1 0.46 1.89 0.26</i>
                <i>1 0 0 0 1 0 0 0 1 0.46 1.89 0.26</i>
                <i>1 0 0 0 1 0 0 0 1 0.46 1.89 0.26</i>
                <i>1 0 0 0 1 0 0 0 1 0.46 1.89 0.26</i>
                <i>1 0 0 0 1 0 0 0 1 0.46 1.89 0.26</i>
                <i>1 0 0 0 1 0 0 0 1 0.46 1.89 0.26</i>
                <i>1 0 0 0 1 0 0 0 1 0.46 1.89 0.26</i>
                <i>1 0 0 0 1 0 0 0 1 0.46 1.89 0.26</i>
            </KeyFrames>
        </RefFrame>
        <Bones count="23">
            <i>
                <p>
                    <Name><![CDATA[pelvis]]></Name>
                    <Exclude>0</Exclude>
                    <Additive>0</Additive>
                    <IKPriority>0</IKPriority>
                    <IKRotLimits>-1e+010 -1e+010 -1e+010 1e+010 1e+010 1e+010</IKRotLimits>
                    <IKRotLimitOrder>2</IKRotLimitOrder>
                    <KeyFrames count="30">
                        <i>1 0 0 0 1 0 0 0 1 0.463542 2.05239 -0.086187</i>
                        <i>1 0 0 0 1 0 0 0 1 0.463542 2.05239 -0.086187</i>
                        <i>1 0 0 0 1 0 0 0 1 0.463542 2.05239 -0.086187</i>
                        <i>1 0 0 0 1 0 0 0 1 0.463542 2.05239 -0.086187</i>
                        <i>1 0 0 0 1 0 0 0 1 0.463542 2.05239 -0.086187</i>
                        <i>1 0 0 0 1 0 0 0 1 0.463542 2.05239 -0.086187</i>
                        <i>1 0 0 0 1 0 0 0 1 0.463542 2.05239 -0.086187</i>
                        <i>1 0 0 0 1 0 0 0 1 0.463542 2.05239 -0.086187</i>
                        <i>1 0 0 0 1 0 0 0 1 0.463542 2.05239 -0.086187</i>
                        <i>1 0 0 0 1 0 0 0 1 0.463542 2.05239 -0.086187</i>
                        <i>1 0 0 0 1 0 0 0 1 0.463542 2.05239 -0.086187</i>
                        <i>1 0 0 0 1 0 0 0 1 0.463542 2.05239 -0.086187</i>
                        <i>1 0 0 0 1 0 0 0 1 0.463542 2.05239 -0.086187</i>
                        <i>1 0 0 0 1 0 0 0 1 0.463542 2.05239 -0.086187</i>
                        <i>1 0 0 0 1 0 0 0 1 0.463542 2.05239 -0.086187</i>
                        <i>1 0 0 0 1 0 0 0 1 0.463542 2.05239 -0.086187</i>
                        <i>1 0 0 0 1 0 0 0 1 0.463542 2.05239 -0.086187</i>
                        <i>1 0 0 0 1 0 0 0 1 0.463542 2.05239 -0.086187</i>
                        <i>1 0 0 0 1 0 0 0 1 0.463542 2.05239 -0.086187</i>
                        <i>1 0 0 0 1 0 0 0 1 0.463542 2.05239 -0.086187</i>
                        <i>1 0 0 0 1 0 0 0 1 0.463542 2.05239 -0.086187</i>
                        <i>1 0 0 0 1 0 0 0 1 0.463542 2.05239 -0.086187</i>
                        <i>1 0 0 0 1 0 0 0 1 0.463542 2.05239 -0.086187</i>
                        <i>1 0 0 0 1 0 0 0 1 0.463542 2.05239 -0.086187</i>
                        <i>1 0 0 0 1 0 0 0 1 0.463542 2.05239 -0.086187</i>
                        <i>1 0 0 0 1 0 0 0 1 0.463542 2.05239 -0.086187</i>
                        <i>1 0 0 0 1 0 0 0 1 0.463542 2.05239 -0.086187</i>
                        <i>1 0 0 0 1 0 0 0 1 0.463542 2.05239 -0.086187</i>
                        <i>1 0 0 0 1 0 0 0 1 0.463542 2.05239 -0.086187</i>
                        <i>1 0 0 0 1 0 0 0 1 0.463542 2.05239 -0.086187</i>
                    </KeyFrames>
                </p>
            </i>
            <i>
                <p>
                    <Name><![CDATA[spine0]]></Name>
                    <Exclude>0</Exclude>
                    <Additive>0</Additive>
                    <IKPriority>0</IKPriority>
                    <IKRotLimits>-1e+010 -1e+010 -1e+010 1e+010 1e+010 1e+010</IKRotLimits>
                    <IKRotLimitOrder>0</IKRotLimitOrder>
                    <KeyFrames count="30">
                        <i>0.0866613 0.980173 -0.178189 -0.995876 0.080412 -0.0420129 -0.0268514 0.181095 0.983099 0.49217 2.1548 -0.183083</i>
                        <i>0.0867901 0.98016 -0.178196 -0.995864 0.0805362 -0.0420481 -0.0268627 0.181108 0.983096 0.492275 2.15475 -0.183108</i>
                        <i>0.0871529 0.980124 -0.178216 -0.995832 0.0808865 -0.0421448 -0.0268919 0.181146 0.983088 0.492573 2.1546 -0.183177</i>
                        <i>0.0877134 0.980069 -0.178244 -0.995782 0.0814289 -0.0422869 -0.0269299 0.181201 0.983077 0.493035 2.15436 -0.183284</i>
                        <i>0.0884341 0.979999 -0.178276 -0.995717 0.0821291 -0.0424563 -0.0269655 0.181267 0.983064 0.493633 2.15406 -0.183422</i>
                        <i>0.0892776 0.979916 -0.178307 -0.995641 0.0829523 -0.0426351 -0.0269878 0.181336 0.983051 0.494338 2.15369 -0.183584</i>
                        <i>0.0902073 0.979826 -0.178335 -0.995557 0.0838645 -0.0428064 -0.0269869 0.181404 0.983038 0.495122 2.15327 -0.183764</i>
                        <i>0.0911873 0.979732 -0.178354 -0.995469 0.084832 -0.0429565 -0.0269557 0.181463 0.983028 0.495958 2.15282 -0.183955</i>
                        <i>0.0921835 0.979637 -0.178365 -0.995379 0.085822 -0.0430751 -0.0268903 0.181511 0.983021 0.496818 2.15235 -0.18415</i>
                        <i>0.0931636 0.979544 -0.178365 -0.99529 0.0868029 -0.0431563 -0.0267909 0.181545 0.983018 0.497674 2.15187 -0.184344</i>
                        <i>0.0940973 0.979457 -0.178355 -0.995206 0.087744 -0.043199 -0.026662 0.181565 0.983017 0.498499 2.1514 -0.18453</i>
                        <i>0.0949564 0.979377 -0.178337 -0.995128 0.088616 -0.0432065 -0.026512 0.181571 0.98302 0.499268 2.15095 -0.184702</i>
                        <i>0.0957144 0.979307 -0.178314 -0.99506 0.0893906 -0.0431865 -0.0263532 0.181567 0.983025 0.499955 2.15055 -0.184855</i>
                        <i>0.0963463 0.97925 -0.178289 -0.995003 0.0900401 -0.0431496 -0.026201 0.181556 0.983032 0.500533 2.1502 -0.184984</i>
                        <i>0.096828 0.979206 -0.178267 -0.99496 0.0905378 -0.0431085 -0.0260723 0.181542 0.983037 0.500977 2.14993 -0.185082</i>
                        <i>0.0971355 0.979179 -0.178251 -0.994932 0.0908565 -0.0430763 -0.0259842 0.181532 0.983042 0.501263 2.14976 -0.185146</i>
                        <i>0.0972438 0.979169 -0.178245 -0.994922 0.0909691 -0.0430638 -0.025952 0.181527 0.983043 0.501364 2.1497 -0.185168</i>
                        <i>0.0970813 0.979184 -0.178254 -0.994937 0.0908003 -0.0430824 -0.0260001 0.181534 0.983041 0.501212 2.14979 -0.185134</i>
                        <i>0.0966259 0.979225 -0.178277 -0.994978 0.0903287 -0.0431271 -0.0261277 0.181548 0.983035 0.50079 2.15005 -0.185041</i>
                        <i>0.0959234 0.979288 -0.178306 -0.995041 0.089605 -0.0431763 -0.0263049 0.181564 0.983027 0.500145 2.15043 -0.184898</i>
                        <i>0.0950186 0.979371 -0.178336 -0.995123 0.0886794 -0.0432059 -0.0264999 0.181571 0.983021 0.499324 2.15092 -0.184715</i>
                        <i>0.0939578 0.97947 -0.178357 -0.995219 0.087603 -0.0431948 -0.0266834 0.181563 0.983017 0.498375 2.15147 -0.184502</i>
                        <i>0.0927905 0.979579 -0.178366 -0.995324 0.0864287 -0.0431296 -0.026833 0.181534 0.983019 0.497347 2.15206 -0.18427</i>
                        <i>0.0915703 0.979695 -0.17836 -0.995434 0.0852119 -0.0430062 -0.0269346 0.181483 0.983025 0.496287 2.15264 -0.18403</i>
                        <i>0.0903556 0.979812 -0.178338 -0.995544 0.0840106 -0.0428312 -0.0269842 0.181414 0.983037 0.495248 2.15321 -0.183793</i>
                        <i>0.0892092 0.979923 -0.178305 -0.995647 0.0828854 -0.0426214 -0.0269868 0.181331 0.983052 0.49428 2.15372 -0.183571</i>
                        <i>0.0881975 0.980022 -0.178266 -0.995738 0.0818989 -0.0424024 -0.0269555 0.181246 0.983068 0.493436 2.15416 -0.183377</i>
                        <i>0.0873893 0.980101 -0.178228 -0.995811 0.0811151 -0.0422058 -0.026909 0.181169 0.983084 0.492767 2.1545 -0.183222</i>
                        <i>0.0868544 0.980154 -0.1782 -0.995859 0.0805982 -0.0420655 -0.0268681 0.181115 0.983095 0.492328 2.15472 -0.18312</i>
                        <i>0.0866613 0.980173 -0.178189 -0.995876 0.080412 -0.0420129 -0.0268514 0.181095 0.983099 0.49217 2.1548 -0.183083</i>
                    </KeyFrames>
                </p>
            </i>
            <i>
                <p>
                    <Name><![CDATA[spine1]]></Name>
                    <Exclude>0</Exclude>
                    <Additive>0</Additive>
                    <IKPriority>0</IKPriority>
                    <IKRotLimits>-1e+010 -1e+010 -1e+010 1e+010 1e+010 1e+010</IKRotLimits>
                    <IKRotLimitOrder>0</IKRotLimitOrder>
                    <KeyFrames count="30">
                        <i>-0.118424 0.966423 0.228042 -0.992954 -0.114295 -0.0312767 -0.00416263 -0.230139 0.973149 0.508717 2.3419 -0.217216</i>
                        <i>-0.118907 0.96634 0.228142 -0.992898 -0.114815 -0.0311748 -0.00393125 -0.230228 0.973129 0.50885 2.34187 -0.217248</i>
                        <i>-0.120272 0.966104 0.228423 -0.992736 -0.116286 -0.0308844 -0.00327518 -0.230479 0.973072 0.509225 2.34181 -0.217339</i>
                        <i>-0.122387 0.965736 0.228858 -0.99248 -0.118566 -0.0304264 -0.00224924 -0.23086 0.972984 0.509807 2.34171 -0.217479</i>
                        <i>-0.125117 0.965254 0.229414 -0.992142 -0.121514 -0.0298203 -0.000906983 -0.231342 0.972872 0.51056 2.34158 -0.217659</i>
                        <i>-0.128328 0.964677 0.230064 -0.991731 -0.124991 -0.0290854 0.000697868 -0.231894 0.972741 0.511448 2.34143 -0.217871</i>
                        <i>-0.131889 0.964027 0.230776 -0.991261 -0.128855 -0.0282425 0.00251007 -0.232485 0.972597 0.512434 2.34126 -0.218104</i>
                        <i>-0.135669 0.963322 0.231525 -0.990744 -0.132966 -0.0273149 0.00447194 -0.233088 0.972445 0.513484 2.34107 -0.218352</i>
                        <i>-0.139541 0.962587 0.232282 -0.990195 -0.137189 -0.0263288 0.00652287 -0.233679 0.972292 0.514563 2.34087 -0.218605</i>
                        <i>-0.14338 0.961843 0.233024 -0.98963 -0.141389 -0.0253141 0.008599 -0.234237 0.972141 0.515636 2.34067 -0.218854</i>
                        <i>-0.147068 0.961115 0.233728 -0.989069 -0.145435 -0.0243039 0.0106334 -0.234748 0.971998 0.51667 2.34048 -0.219093</i>
                        <i>-0.150488 0.960428 0.234374 -0.988532 -0.149197 -0.0233352 0.0125561 -0.235198 0.971866 0.517631 2.34029 -0.219314</i>
                        <i>-0.153529 0.959808 0.234941 -0.988041 -0.15255 -0.0224475 0.0142951 -0.235578 0.97175 0.518489 2.34012 -0.21951</i>
                        <i>-0.156082 0.959281 0.235413 -0.987618 -0.155372 -0.0216828 0.0157766 -0.235882 0.971654 0.51921 2.33998 -0.219674</i>
                        <i>-0.158039 0.958872 0.235772 -0.987288 -0.157538 -0.0210842 0.016926 -0.236107 0.97158 0.519765 2.33986 -0.219799</i>
                        <i>-0.159294 0.958608 0.236 -0.987073 -0.158929 -0.0206948 0.017669 -0.236246 0.971533 0.52012 2.33979 -0.21988</i>
                        <i>-0.159737 0.958515 0.236081 -0.986997 -0.15942 -0.0205563 0.0179325 -0.236294 0.971516 0.520246 2.33977 -0.219908</i>
                        <i>-0.159072 0.958655 0.23596 -0.987111 -0.158683 -0.0207639 0.0175375 -0.236222 0.971541 0.520058 2.33981 -0.219866</i>
                        <i>-0.157217 0.959044 0.235621 -0.987427 -0.156627 -0.0213371 0.0164415 -0.236013 0.971611 0.519532 2.33991 -0.219747</i>
                        <i>-0.154372 0.959635 0.235097 -0.987902 -0.153481 -0.0221971 0.0147818 -0.23568 0.971718 0.518727 2.34007 -0.219564</i>
                        <i>-0.150737 0.960378 0.23442 -0.988492 -0.149471 -0.0232635 0.0126973 -0.235229 0.971857 0.517702 2.34028 -0.21933</i>
                        <i>-0.146515 0.961225 0.233623 -0.989155 -0.144828 -0.0244576 0.0103259 -0.234673 0.97202 0.516515 2.34051 -0.219058</i>
                        <i>-0.141915 0.962128 0.232742 -0.989848 -0.139785 -0.0257057 0.00780172 -0.234027 0.972199 0.515226 2.34075 -0.218759</i>
                        <i>-0.137154 0.963042 0.231816 -0.990536 -0.134585 -0.026941 0.00525364 -0.233318 0.972386 0.513898 2.34099 -0.218449</i>
                        <i>-0.13246 0.963921 0.23089 -0.991184 -0.129474 -0.0281047 0.00280364 -0.232577 0.972574 0.512593 2.34123 -0.218142</i>
                        <i>-0.128067 0.964725 0.230011 -0.991765 -0.124708 -0.029146 0.00056633 -0.23185 0.972751 0.511375 2.34144 -0.217853</i>
                        <i>-0.124219 0.965413 0.229232 -0.992254 -0.120544 -0.0300214 -0.00135047 -0.231185 0.972909 0.510312 2.34163 -0.2176</i>
                        <i>-0.121163 0.96595 0.228607 -0.992629 -0.117246 -0.0306926 -0.00284438 -0.23064 0.973035 0.50947 2.34177 -0.217398</i>
                        <i>-0.119149 0.966298 0.228192 -0.992869 -0.115075 -0.0311237 -0.00381552 -0.230273 0.973119 0.508916 2.34186 -0.217264</i>
                        <i>-0.118424 0.966423 0.228042 -0.992954 -0.114295 -0.0312767 -0.00416263 -0.230139 0.973149 0.508717 2.3419 -0.217216</i>
                    </KeyFrames>
                </p>
            </i>
            <i>
                <p>
                    <Name><![CDATA[spine2]]></Name>
                    <Exclude>0</Exclude>
                    <Additive>0</Additive>
                    <IKPriority>0</IKPriority>
                    <IKRotLimits>-1e+010 -1e+010 -1e+010 1e+010 1e+010 1e+010</IKRotLimits>
                    <IKRotLimitOrder>0</IKRotLimitOrder>
                    <KeyFrames count="30">
                        <i>-0.173684 0.892447 0.41638 -0.98418 -0.142284 -0.105566 -0.0349676 -0.428129 0.903041 0.487908 2.5114 -0.176845</i>
                        <i>-0.173971 0.89239 0.416383 -0.984133 -0.142576 -0.105617 -0.0348857 -0.42815 0.903034 0.487952 2.51139 -0.176852</i>
                        <i>-0.174782 0.892229 0.416388 -0.983997 -0.143401 -0.105763 -0.034655 -0.42821 0.903015 0.488078 2.51137 -0.176871</i>
                        <i>-0.176036 0.89198 0.416393 -0.983786 -0.144676 -0.105989 -0.0342982 -0.428299 0.902986 0.488272 2.51134 -0.176901</i>
                        <i>-0.177651 0.891659 0.416394 -0.983512 -0.14632 -0.10628 -0.0338387 -0.428409 0.902951 0.488523 2.5113 -0.176939</i>
                        <i>-0.179548 0.891282 0.416387 -0.983186 -0.148251 -0.106621 -0.0332999 -0.428529 0.902914 0.488819 2.51125 -0.176984</i>
                        <i>-0.181645 0.890866 0.416369 -0.98282 -0.150386 -0.106998 -0.0327048 -0.428652 0.902878 0.489147 2.5112 -0.177032</i>
                        <i>-0.183864 0.890425 0.416339 -0.982428 -0.152646 -0.107396 -0.0320761 -0.428769 0.902844 0.489495 2.51114 -0.177082</i>
                        <i>-0.18613 0.889974 0.416295 -0.982022 -0.154954 -0.107803 -0.0314352 -0.428877 0.902816 0.489853 2.51107 -0.177133</i>
                        <i>-0.188369 0.889529 0.416239 -0.981615 -0.157237 -0.108205 -0.0308031 -0.428969 0.902794 0.490207 2.51101 -0.177181</i>
                        <i>-0.190513 0.889103 0.416173 -0.98122 -0.159423 -0.108589 -0.0301992 -0.429045 0.902778 0.490548 2.51095 -0.177227</i>
                        <i>-0.192496 0.88871 0.416101 -0.98085 -0.161445 -0.108944 -0.0296422 -0.429104 0.902769 0.490865 2.51089 -0.177269</i>
                        <i>-0.194253 0.888361 0.416028 -0.980518 -0.163238 -0.109258 -0.0291494 -0.429147 0.902764 0.491147 2.51083 -0.177305</i>
                        <i>-0.195725 0.88807 0.415961 -0.980238 -0.164739 -0.109522 -0.0287377 -0.429177 0.902763 0.491383 2.51079 -0.177334</i>
                        <i>-0.196851 0.887847 0.415905 -0.980021 -0.165888 -0.109723 -0.0284233 -0.429195 0.902764 0.491565 2.51075 -0.177357</i>
                        <i>-0.197571 0.887705 0.415868 -0.979882 -0.166624 -0.109852 -0.0282224 -0.429205 0.902766 0.491681 2.51073 -0.177371</i>
                        <i>-0.197825 0.887654 0.415854 -0.979833 -0.166883 -0.109897 -0.0281515 -0.429208 0.902767 0.491722 2.51072 -0.177376</i>
                        <i>-0.197444 0.88773 0.415875 -0.979907 -0.166494 -0.109829 -0.0282578 -0.429203 0.902766 0.491661 2.51073 -0.177368</i>
                        <i>-0.196378 0.887941 0.415929 -0.980112 -0.165406 -0.109638 -0.0285553 -0.429188 0.902764 0.491489 2.51077 -0.177347</i>
                        <i>-0.194739 0.888265 0.416007 -0.980426 -0.163734 -0.109345 -0.0290134 -0.429158 0.902763 0.491225 2.51082 -0.177314</i>
                        <i>-0.19264 0.888681 0.416095 -0.980823 -0.161592 -0.10897 -0.0296018 -0.429108 0.902768 0.490888 2.51088 -0.177272</i>
                        <i>-0.190192 0.889167 0.416184 -0.981279 -0.159096 -0.108531 -0.0302895 -0.429034 0.90278 0.490497 2.51096 -0.17722</i>
                        <i>-0.187515 0.889699 0.416262 -0.981771 -0.156367 -0.108052 -0.0310439 -0.428935 0.902802 0.490072 2.51103 -0.177163</i>
                        <i>-0.184734 0.890252 0.416324 -0.982273 -0.153532 -0.107553 -0.0318299 -0.428812 0.902833 0.489632 2.51111 -0.177102</i>
                        <i>-0.18198 0.890799 0.416366 -0.982761 -0.150727 -0.107058 -0.0326097 -0.42867 0.902872 0.4892 2.51119 -0.17704</i>
                        <i>-0.179394 0.891313 0.416388 -0.983212 -0.148094 -0.106593 -0.0333436 -0.42852 0.902917 0.488795 2.51126 -0.17698</i>
                        <i>-0.17712 0.891765 0.416394 -0.983602 -0.14578 -0.106184 -0.0339896 -0.428374 0.902962 0.488441 2.51131 -0.176927</i>
                        <i>-0.17531 0.892124 0.41639 -0.983908 -0.143938 -0.105859 -0.0345046 -0.428248 0.903002 0.488159 2.51136 -0.176884</i>
                        <i>-0.174115 0.892361 0.416384 -0.984109 -0.142722 -0.105643 -0.0348449 -0.428161 0.903031 0.487974 2.51139 -0.176855</i>
                        <i>-0.173684 0.892447 0.41638 -0.98418 -0.142284 -0.105566 -0.0349676 -0.428129 0.903041 0.487908 2.5114 -0.176845</i>
                    </KeyFrames>
                </p>
            </i>
            <i>
                <p>
                    <Name><![CDATA[head]]></Name>
                    <Exclude>0</Exclude>
                    <Additive>0</Additive>
                    <IKPriority>0</IKPriority>
                    <IKRotLimits>-1e+010 -1e+010 -1e+010 1e+010 1e+010 1e+010</IKRotLimits>
                    <IKRotLimitOrder>0</IKRotLimitOrder>
                    <KeyFrames count="30">
                        <i>-0.230088 0.931498 0.281729 0.18877 0.326718 -0.926078 -0.954686 -0.159897 -0.251013 0.444291 2.75817 -0.0786405</i>
                        <i>-0.230274 0.931174 0.282644 0.188543 0.327639 -0.925799 -0.954686 -0.159897 -0.251013 0.444291 2.75817 -0.0786405</i>
                        <i>-0.230795 0.930264 0.285205 0.187905 0.330213 -0.925014 -0.954686 -0.159897 -0.251013 0.444291 2.75817 -0.0786405</i>
                        <i>-0.231591 0.928853 0.289132 0.186923 0.334163 -0.923794 -0.954686 -0.159897 -0.251013 0.444291 2.75817 -0.0786405</i>
                        <i>-0.232604 0.927023 0.294148 0.185661 0.339206 -0.922209 -0.954686 -0.159897 -0.251013 0.444291 2.75817 -0.0786405</i>
                        <i>-0.233773 0.92486 0.299974 0.184187 0.345061 -0.92033 -0.954686 -0.159897 -0.251013 0.444291 2.75817 -0.0786405</i>
                        <i>-0.235042 0.922451 0.306332 0.182565 0.351449 -0.918234 -0.954686 -0.159897 -0.251013 0.444291 2.75817 -0.0786405</i>
                        <i>-0.236352 0.919892 0.312947 0.180865 0.358094 -0.916 -0.954686 -0.159897 -0.251013 0.444291 2.75817 -0.0786405</i>
                        <i>-0.237651 0.917285 0.319546 0.179156 0.36472 -0.913719 -0.954686 -0.159897 -0.251013 0.444291 2.75817 -0.0786405</i>
                        <i>-0.238884 0.914741 0.325858 0.177508 0.371055 -0.911487 -0.954686 -0.159897 -0.251013 0.444291 2.75817 -0.0786405</i>
                        <i>-0.240002 0.912376 0.331616 0.175994 0.376832 -0.909408 -0.954686 -0.159897 -0.251013 0.444291 2.75817 -0.0786405</i>
                        <i>-0.240955 0.910315 0.336553 0.174687 0.381785 -0.907593 -0.954686 -0.159897 -0.251013 0.444291 2.75817 -0.0786405</i>
                        <i>-0.241695 0.908685 0.340406 0.173662 0.385649 -0.906155 -0.954686 -0.159897 -0.251013 0.444291 2.75817 -0.0786406</i>
                        <i>-0.242174 0.907614 0.342911 0.172992 0.388162 -0.90521 -0.954686 -0.159897 -0.251013 0.444291 2.75817 -0.0786405</i>
                        <i>-0.242345 0.90723 0.343806 0.172753 0.389058 -0.90487 -0.954686 -0.159897 -0.251013 0.444291 2.75817 -0.0786405</i>
                        <i>-0.242196 0.907565 0.343025 0.172962 0.388275 -0.905167 -0.954686 -0.159897 -0.251013 0.444291 2.75817 -0.0786405</i>
                        <i>-0.241775 0.908506 0.340826 0.173549 0.38607 -0.905997 -0.954686 -0.159897 -0.251013 0.444291 2.75817 -0.0786406</i>
                        <i>-0.241122 0.909948 0.337424 0.174456 0.382659 -0.907269 -0.954686 -0.159897 -0.251013 0.444291 2.75817 -0.0786405</i>
                        <i>-0.240276 0.911788 0.333032 0.17562 0.378253 -0.908891 -0.954686 -0.159897 -0.251013 0.444291 2.75817 -0.0786405</i>
                        <i>-0.239274 0.913922 0.327864 0.176981 0.373069 -0.910767 -0.954686 -0.159897 -0.251013 0.444291 2.75817 -0.0786405</i>
                        <i>-0.238158 0.916247 0.322136 0.178481 0.36732 -0.912809 -0.954686 -0.159897 -0.251013 0.444291 2.75817 -0.0786406</i>
                        <i>-0.236967 0.918667 0.316065 0.180059 0.361224 -0.914929 -0.954686 -0.159897 -0.251013 0.444291 2.75817 -0.0786405</i>
                        <i>-0.235743 0.92109 0.309868 0.181658 0.355001 -0.917046 -0.954686 -0.159897 -0.251013 0.444291 2.75817 -0.0786405</i>
                        <i>-0.234531 0.923429 0.303767 0.183221 0.348872 -0.919086 -0.954686 -0.159897 -0.251013 0.444291 2.75817 -0.0786405</i>
                        <i>-0.233375 0.925604 0.297984 0.184692 0.343061 -0.920977 -0.954686 -0.159897 -0.251013 0.444291 2.75817 -0.0786405</i>
                        <i>-0.232321 0.927539 0.292744 0.186015 0.337794 -0.922656 -0.954686 -0.159897 -0.251013 0.444291 2.75817 -0.0786405</i>
                        <i>-0.231417 0.929164 0.288272 0.187138 0.333298 -0.924063 -0.954686 -0.159897 -0.251013 0.444291 2.75817 -0.0786405</i>
                        <i>-0.230712 0.930411 0.284795 0.188007 0.329802 -0.92514 -0.954686 -0.159897 -0.251013 0.444291 2.75817 -0.0786405</i>
                        <i>-0.230253 0.931212 0.282539 0.188569 0.327532 -0.925832 -0.954686 -0.159897 -0.251013 0.444291 2.75817 -0.0786405</i>
                        <i>-0.230088 0.931498 0.281729 0.18877 0.326718 -0.926078 -0.954686 -0.159897 -0.251013 0.444291 2.75817 -0.0786405</i>
                    </KeyFrames>
                </p>
            </i>
            <i>
                <p>
                    <Name><![CDATA[head_prop]]></Name>
                    <Exclude>0</Exclude>
                    <Additive>0</Additive>
                    <IKPriority>0</IKPriority>
                    <IKRotLimits>-1e+010 -1e+010 -1e+010 1e+010 1e+010 1e+010</IKRotLimits>
                    <IKRotLimitOrder>0</IKRotLimitOrder>
                    <KeyFrames count="30">
                        <i>0.954686 0.159897 0.251013 -0.230088 0.931498 0.281729 -0.18877 -0.326718 0.926078 0.369303 3.06175 0.0131776</i>
                        <i>0.954686 0.159897 0.251013 -0.230274 0.931174 0.282644 -0.188543 -0.327639 0.925799 0.369242 3.06164 0.0134758</i>
                        <i>0.954686 0.159897 0.251013 -0.230795 0.930264 0.285205 -0.187905 -0.330213 0.925014 0.369072 3.06135 0.0143102</i>
                        <i>0.954686 0.159897 0.251013 -0.231591 0.928853 0.289132 -0.186923 -0.334163 0.923794 0.368813 3.06089 0.0155902</i>
                        <i>0.954686 0.159897 0.251013 -0.232604 0.927023 0.294148 -0.185661 -0.339206 0.922209 0.368483 3.06029 0.017225</i>
                        <i>0.954686 0.159897 0.251013 -0.233773 0.92486 0.299974 -0.184187 -0.345061 0.92033 0.368102 3.05959 0.0191237</i>
                        <i>0.954686 0.159897 0.251013 -0.235042 0.922451 0.306332 -0.182565 -0.351449 0.918234 0.367688 3.0588 0.0211959</i>
                        <i>0.954686 0.159897 0.251013 -0.236352 0.919892 0.312947 -0.180865 -0.358094 0.916 0.367261 3.05797 0.0233518</i>
                        <i>0.954686 0.159897 0.251013 -0.237651 0.917285 0.319546 -0.179156 -0.36472 0.913719 0.366838 3.05712 0.0255024</i>
                        <i>0.954686 0.159897 0.251013 -0.238884 0.914741 0.325858 -0.177508 -0.371055 0.911487 0.366436 3.05629 0.0275596</i>
                        <i>0.954686 0.159897 0.251013 -0.240002 0.912376 0.331616 -0.175994 -0.376832 0.909408 0.366072 3.05552 0.0294359</i>
                        <i>0.954686 0.159897 0.251013 -0.240955 0.910315 0.336553 -0.174687 -0.381785 0.907593 0.365761 3.05485 0.031045</i>
                        <i>0.954686 0.159897 0.251013 -0.241695 0.908685 0.340406 -0.173662 -0.385649 0.906155 0.36552 3.05432 0.0323007</i>
                        <i>0.954686 0.159897 0.251013 -0.242174 0.907614 0.342911 -0.172992 -0.388162 0.90521 0.365364 3.05397 0.0331174</i>
                        <i>0.954686 0.159897 0.251013 -0.242345 0.90723 0.343806 -0.172753 -0.389058 0.90487 0.365308 3.05384 0.0334089</i>
                        <i>0.954686 0.159897 0.251013 -0.242196 0.907565 0.343025 -0.172962 -0.388275 0.905167 0.365357 3.05395 0.0331543</i>
                        <i>0.954686 0.159897 0.251013 -0.241775 0.908506 0.340826 -0.173549 -0.38607 0.905997 0.365494 3.05426 0.0324377</i>
                        <i>0.954686 0.159897 0.251013 -0.241122 0.909948 0.337424 -0.174456 -0.382659 0.907269 0.365707 3.05473 0.0313289</i>
                        <i>0.954686 0.159897 0.251013 -0.240276 0.911788 0.333032 -0.17562 -0.378253 0.908891 0.365983 3.05533 0.0298975</i>
                        <i>0.954686 0.159897 0.251013 -0.239274 0.913922 0.327864 -0.176981 -0.373069 0.910767 0.366309 3.05602 0.0282134</i>
                        <i>0.954686 0.159897 0.251013 -0.238158 0.916247 0.322136 -0.178481 -0.36732 0.912809 0.366673 3.05678 0.0263466</i>
                        <i>0.954686 0.159897 0.251013 -0.236967 0.918667 0.316065 -0.180059 -0.361224 0.914929 0.367061 3.05757 0.0243678</i>
                        <i>0.954686 0.159897 0.251013 -0.235743 0.92109 0.309868 -0.181658 -0.355001 0.917046 0.36746 3.05836 0.0223482</i>
                        <i>0.954686 0.159897 0.251013 -0.234531 0.923429 0.303767 -0.183221 -0.348872 0.919086 0.367855 3.05912 0.0203598</i>
                        <i>0.954686 0.159897 0.251013 -0.233375 0.925604 0.297984 -0.184692 -0.343061 0.920977 0.368232 3.05983 0.0184752</i>
                        <i>0.954686 0.159897 0.251013 -0.232321 0.927539 0.292744 -0.186015 -0.337794 0.922656 0.368575 3.06046 0.0167674</i>
                        <i>0.954686 0.159897 0.251013 -0.231417 0.929164 0.288272 -0.187138 -0.333298 0.924063 0.36887 3.06099 0.01531</i>
                        <i>0.954686 0.159897 0.251013 -0.230712 0.930411 0.284795 -0.188007 -0.329802 0.92514 0.369099 3.0614 0.0141768</i>
                        <i>0.954686 0.159897 0.251013 -0.230253 0.931212 0.282539 -0.188569 -0.327532 0.925832 0.369249 3.06166 0.0134414</i>
                        <i>0.954686 0.159897 0.251013 -0.230088 0.931498 0.281729 -0.18877 -0.326718 0.926078 0.369303 3.06175 0.0131776</i>
                    </KeyFrames>
                </p>
            </i>
            <i>
                <p>
                    <Name><![CDATA[l_clav]]></Name>
                    <Exclude>0</Exclude>
                    <Additive>0</Additive>
                    <IKPriority>0</IKPriority>
                    <IKRotLimits>-1e+010 -1e+010 -1e+010 1e+010 1e+010 1e+010</IKRotLimits>
                    <IKRotLimitOrder>0</IKRotLimitOrder>
                    <KeyFrames count="30">
                        <i>0.582559 0.488255 0.649794 -0.622985 0.781702 -0.028845 -0.522029 -0.388008 0.759563 0.557229 2.57278 -0.104888</i>
                        <i>0.583091 0.487608 0.649802 -0.622549 0.782072 -0.0282257 -0.521955 -0.388076 0.759579 0.557229 2.57278 -0.104888</i>
                        <i>0.584585 0.485785 0.649826 -0.621319 0.78311 -0.0264836 -0.52175 -0.388267 0.759622 0.557229 2.57278 -0.104888</i>
                        <i>0.586883 0.482961 0.649859 -0.61941 0.784707 -0.0237931 -0.521441 -0.388566 0.759682 0.557229 2.57278 -0.104888</i>
                        <i>0.589825 0.479309 0.6499 -0.616937 0.78675 -0.0203291 -0.521053 -0.388956 0.759748 0.557229 2.57278 -0.104888</i>
                        <i>0.593252 0.475001 0.649942 -0.614013 0.789128 -0.0162664 -0.520614 -0.389423 0.759809 0.557229 2.57278 -0.104888</i>
                        <i>0.597009 0.470215 0.649983 -0.610756 0.791731 -0.0117794 -0.520151 -0.389949 0.759857 0.557229 2.57278 -0.104888</i>
                        <i>0.600942 0.465127 0.65002 -0.607286 0.794452 -0.00704169 -0.519685 -0.390516 0.759885 0.557229 2.57278 -0.104888</i>
                        <i>0.604904 0.45992 0.65005 -0.603725 0.79719 -0.00222621 -0.519237 -0.391105 0.759888 0.557229 2.57278 -0.104888</i>
                        <i>0.608755 0.454779 0.650072 -0.600201 0.799845 0.00249551 -0.518822 -0.391693 0.759868 0.557229 2.57278 -0.104888</i>
                        <i>0.612358 0.449894 0.650087 -0.596844 0.802327 0.00695301 -0.518454 -0.392259 0.759828 0.557229 2.57278 -0.104888</i>
                        <i>0.615584 0.445459 0.650095 -0.59379 0.804545 0.0109768 -0.518141 -0.392777 0.759774 0.557229 2.57278 -0.104888</i>
                        <i>0.618307 0.441666 0.650098 -0.591174 0.806415 0.0143987 -0.517889 -0.393224 0.759714 0.557229 2.57278 -0.104888</i>
                        <i>0.620405 0.438715 0.650098 -0.589136 0.807854 0.0170506 -0.517704 -0.393574 0.759659 0.557229 2.57278 -0.104888</i>
                        <i>0.621755 0.436801 0.650097 -0.587812 0.80878 0.0187651 -0.517588 -0.393802 0.75962 0.557229 2.57278 -0.104888</i>
                        <i>0.622233 0.43612 0.650096 -0.587341 0.809107 0.0193742 -0.517548 -0.393883 0.759605 0.557229 2.57278 -0.104888</i>
                        <i>0.621687 0.436898 0.650097 -0.587879 0.808733 0.0186786 -0.517594 -0.393791 0.759622 0.557229 2.57278 -0.104888</i>
                        <i>0.620151 0.439073 0.650098 -0.589383 0.807681 0.0167299 -0.517726 -0.393532 0.759666 0.557229 2.57278 -0.104888</i>
                        <i>0.617779 0.442404 0.650098 -0.591684 0.806053 0.0137341 -0.517937 -0.393137 0.759726 0.557229 2.57278 -0.104888</i>
                        <i>0.61472 0.446651 0.650094 -0.594612 0.803952 0.00989682 -0.518223 -0.392637 0.75979 0.557229 2.57278 -0.104888</i>
                        <i>0.611125 0.451573 0.650083 -0.597999 0.801479 0.0054239 -0.518578 -0.392064 0.759844 0.557229 2.57278 -0.104888</i>
                        <i>0.60715 0.456931 0.650064 -0.601677 0.798739 0.000522482 -0.518993 -0.391446 0.759879 0.557229 2.57278 -0.104888</i>
                        <i>0.602956 0.46249 0.650036 -0.605484 0.795844 -0.0045994 -0.519455 -0.390813 0.759889 0.557229 2.57278 -0.104888</i>
                        <i>0.598713 0.46802 0.650001 -0.60926 0.79291 -0.00973195 -0.519947 -0.390193 0.759871 0.557229 2.57278 -0.104888</i>
                        <i>0.594597 0.473295 0.649958 -0.612853 0.790061 -0.0146638 -0.520447 -0.38961 0.759828 0.557229 2.57278 -0.104888</i>
                        <i>0.590794 0.478095 0.649913 -0.616114 0.787424 -0.0191825 -0.520928 -0.389087 0.759767 0.557229 2.57278 -0.104888</i>
                        <i>0.587494 0.482204 0.649869 -0.618898 0.785132 -0.0230743 -0.52136 -0.388646 0.759696 0.557229 2.57278 -0.104888</i>
                        <i>0.584892 0.485409 0.649831 -0.621065 0.783324 -0.0261248 -0.521709 -0.388307 0.75963 0.557229 2.57278 -0.104888</i>
                        <i>0.583182 0.487497 0.649804 -0.622474 0.782135 -0.0281198 -0.521943 -0.388087 0.759581 0.557229 2.57278 -0.104888</i>
                        <i>0.582559 0.488255 0.649794 -0.622985 0.781702 -0.028845 -0.522029 -0.388008 0.759563 0.557229 2.57278 -0.104888</i>
                    </KeyFrames>
                </p>
            </i>
            <i>
                <p>
                    <Name><![CDATA[l_shoulder]]></Name>
                    <Exclude>0</Exclude>
                    <Additive>0</Additive>
                    <IKPriority>0</IKPriority>
                    <IKRotLimits>-1e+010 -1e+010 -1e+010 1e+010 1e+010 1e+010</IKRotLimits>
                    <IKRotLimitOrder>0</IKRotLimitOrder>
                    <KeyFrames count="30">
                        <i>-0.166129 -0.636822 0.7529 0.426346 0.642075 0.637157 -0.889174 0.426846 0.164839 0.67233 2.66924 0.0234976</i>
                        <i>-0.166474 -0.636582 0.753027 0.426373 0.642124 0.637089 -0.889096 0.427129 0.164525 0.672435 2.66912 0.0234993</i>
                        <i>-0.167444 -0.635907 0.753382 0.426449 0.642264 0.636897 -0.888877 0.427924 0.163639 0.672731 2.66876 0.0235039</i>
                        <i>-0.168939 -0.63486 0.753932 0.426569 0.642482 0.636596 -0.888537 0.42915 0.162271 0.673185 2.6682 0.0235106</i>
                        <i>-0.170854 -0.633502 0.754641 0.426726 0.642769 0.636201 -0.888095 0.430723 0.160512 0.673766 2.66748 0.0235186</i>
                        <i>-0.17309 -0.631898 0.755477 0.426915 0.643114 0.635727 -0.887572 0.432562 0.15845 0.674443 2.66663 0.023527</i>
                        <i>-0.175545 -0.63011 0.756403 0.427128 0.643504 0.635188 -0.886987 0.434585 0.156174 0.675185 2.66568 0.0235351</i>
                        <i>-0.17812 -0.628205 0.757385 0.427359 0.643927 0.634604 -0.886362 0.436711 0.153773 0.675962 2.66467 0.0235423</i>
                        <i>-0.180719 -0.62625 0.758387 0.427601 0.644369 0.633992 -0.885719 0.438862 0.151335 0.676745 2.66365 0.0235482</i>
                        <i>-0.183261 -0.62431 0.759377 0.427844 0.644814 0.633376 -0.885079 0.440967 0.148938 0.677506 2.66263 0.0235526</i>
                        <i>-0.185636 -0.622466 0.760313 0.428079 0.645245 0.632778 -0.88447 0.44294 0.146684 0.678218 2.66166 0.0235555</i>
                        <i>-0.187766 -0.620787 0.761162 0.428296 0.645642 0.632225 -0.883916 0.444713 0.14465 0.678855 2.66079 0.0235571</i>
                        <i>-0.189568 -0.619349 0.761886 0.428484 0.645987 0.631746 -0.88344 0.446215 0.142922 0.679393 2.66004 0.0235577</i>
                        <i>-0.190958 -0.618228 0.76245 0.428632 0.646259 0.631367 -0.883068 0.447375 0.141583 0.679808 2.65946 0.0235577</i>
                        <i>-0.191854 -0.6175 0.762814 0.428728 0.646436 0.63112 -0.882827 0.448123 0.140718 0.680075 2.65908 0.0235575</i>
                        <i>-0.192172 -0.617241 0.762944 0.428763 0.646499 0.631032 -0.882742 0.448389 0.140411 0.680169 2.65894 0.0235573</i>
                        <i>-0.191809 -0.617537 0.762796 0.428723 0.646427 0.631133 -0.88284 0.448085 0.140762 0.680061 2.6591 0.0235574</i>
                        <i>-0.190791 -0.618364 0.762381 0.428614 0.646226 0.631413 -0.883113 0.447235 0.141745 0.679758 2.65953 0.0235577</i>
                        <i>-0.189219 -0.619629 0.761746 0.428447 0.64592 0.631839 -0.883532 0.445924 0.143258 0.679289 2.66018 0.0235577</i>
                        <i>-0.187196 -0.621239 0.760934 0.428237 0.645535 0.632375 -0.884065 0.444238 0.145196 0.678685 2.66102 0.0235568</i>
                        <i>-0.184823 -0.6231 0.759991 0.427997 0.645096 0.632985 -0.88468 0.442264 0.147457 0.677974 2.662 0.0235547</i>
                        <i>-0.182204 -0.625121 0.758963 0.427741 0.644627 0.633635 -0.885347 0.440091 0.149936 0.677189 2.66305 0.023551</i>
                        <i>-0.17944 -0.627216 0.757893 0.427481 0.64415 0.634296 -0.886037 0.437803 0.152536 0.67636 2.66415 0.0235455</i>
                        <i>-0.176659 -0.629289 0.756827 0.427227 0.643685 0.634938 -0.886718 0.435505 0.155136 0.675522 2.66525 0.0235384</i>
                        <i>-0.173968 -0.631261 0.755807 0.42699 0.643252 0.635536 -0.887364 0.433285 0.157637 0.674709 2.66629 0.0235301</i>
                        <i>-0.171487 -0.633051 0.754877 0.426779 0.642866 0.636069 -0.887948 0.431243 0.15993 0.673957 2.66724 0.0235212</i>
                        <i>-0.169337 -0.634579 0.754079 0.426602 0.642542 0.636515 -0.888446 0.429477 0.161906 0.673305 2.66805 0.0235124</i>
                        <i>-0.167644 -0.635768 0.753455 0.426465 0.642293 0.636857 -0.888832 0.428088 0.163457 0.672791 2.66868 0.0235049</i>
                        <i>-0.166533 -0.636542 0.753048 0.426378 0.642133 0.637077 -0.889083 0.427177 0.164471 0.672453 2.66909 0.0234996</i>
                        <i>-0.166129 -0.636822 0.7529 0.426346 0.642075 0.637157 -0.889174 0.426846 0.164839 0.67233 2.66924 0.0234976</i>
                    </KeyFrames>
                </p>
            </i>
            <i>
                <p>
                    <Name><![CDATA[l_elbow]]></Name>
                    <Exclude>0</Exclude>
                    <Additive>0</Additive>
                    <IKPriority>0</IKPriority>
                    <IKRotLimits>-1e+010 -1e+010 -1e+010 1e+010 1e+010 1e+010</IKRotLimits>
                    <IKRotLimitOrder>0</IKRotLimitOrder>
                    <KeyFrames count="30">
                        <i>-0.903612 0.34701 0.251138 0.424172 0.643171 0.637502 0.059695 0.68258 -0.728368 0.618293 2.4621 0.268399</i>
                        <i>-0.903589 0.347163 0.251006 0.4242 0.64322 0.637434 0.0598411 0.682455 -0.728474 0.618285 2.46205 0.268441</i>
                        <i>-0.903526 0.347595 0.250637 0.424277 0.643362 0.63724 0.0602512 0.682102 -0.728771 0.618265 2.46191 0.268562</i>
                        <i>-0.903427 0.348263 0.250066 0.424397 0.643584 0.636935 0.0608826 0.681552 -0.729233 0.618233 2.46169 0.268747</i>
                        <i>-0.903298 0.349124 0.249331 0.424556 0.643874 0.636536 0.0616921 0.680836 -0.729833 0.618191 2.46141 0.268986</i>
                        <i>-0.903143 0.350136 0.248469 0.424746 0.644223 0.636056 0.0626366 0.679986 -0.730545 0.618141 2.46108 0.269266</i>
