<?xml version="1.0" encoding="ISO-8859-1" ?>
<Animl Version="1">
    <ModellingPackage><![CDATA[Maya.2010]]></ModellingPackage>
    <SrcFile><![CDATA[anims\turrets\antitank\blue\~src\antitank_m72_law\antitank_m72law_reload_high_crewman_c.mb]]></SrcFile>
    <FramesPerSecond>30</FramesPerSecond>
    <TotalFrames>70</TotalFrames>
    <Skeleton>
        <RefFrame>
            <Name><![CDATA[soldier_ref_frame]]></Name>
            <Exclude>0</Exclude>
            <Additive>0</Additive>
            <IKPriority>0</IKPriority>
            <IKRotLimits>-1e+010 -1e+010 -1e+010 1e+010 1e+010 1e+010</IKRotLimits>
            <IKRotLimitOrder>0</IKRotLimitOrder>
            <KeyFrames count="70">
                <i>1 0 0 0 1 0 0 0 1 -1.87 0.87 -1.65</i>
                <i>1 0 0 0 1 0 0 0 1 -1.87 0.87 -1.65</i>
                <i>1 0 0 0 1 0 0 0 1 -1.87 0.87 -1.65</i>
                <i>1 0 0 0 1 0 0 0 1 -1.87 0.87 -1.65</i>
                <i>1 0 0 0 1 0 0 0 1 -1.87 0.87 -1.65</i>
                <i>1 0 0 0 1 0 0 0 1 -1.87 0.87 -1.65</i>
                <i>1 0 0 0 1 0 0 0 1 -1.87 0.87 -1.65</i>
                <i>1 0 0 0 1 0 0 0 1 -1.87 0.87 -1.65</i>
                <i>1 0 0 0 1 0 0 0 1 -1.87 0.87 -1.65</i>
                <i>1 0 0 0 1 0 0 0 1 -1.87 0.87 -1.65</i>
                <i>1 0 0 0 1 0 0 0 1 -1.87 0.87 -1.65</i>
                <i>1 0 0 0 1 0 0 0 1 -1.87 0.87 -1.65</i>
                <i>1 0 0 0 1 0 0 0 1 -1.87 0.87 -1.65</i>
                <i>1 0 0 0 1 0 0 0 1 -1.87 0.87 -1.65</i>
                <i>1 0 0 0 1 0 0 0 1 -1.87 0.87 -1.65</i>
                <i>1 0 0 0 1 0 0 0 1 -1.87 0.87 -1.65</i>
                <i>1 0 0 0 1 0 0 0 1 -1.87 0.87 -1.65</i>
                <i>1 0 0 0 1 0 0 0 1 -1.87 0.87 -1.65</i>
                <i>1 0 0 0 1 0 0 0 1 -1.87 0.87 -1.65</i>
                <i>1 0 0 0 1 0 0 0 1 -1.87 0.87 -1.65</i>
                <i>1 0 0 0 1 0 0 0 1 -1.87 0.87 -1.65</i>
                <i>1 0 0 0 1 0 0 0 1 -1.87 0.87 -1.65</i>
                <i>1 0 0 0 1 0 0 0 1 -1.87 0.87 -1.65</i>
                <i>1 0 0 0 1 0 0 0 1 -1.87 0.87 -1.65</i>
                <i>1 0 0 0 1 0 0 0 1 -1.87 0.87 -1.65</i>
                <i>1 0 0 0 1 0 0 0 1 -1.87 0.87 -1.65</i>
                <i>1 0 0 0 1 0 0 0 1 -1.87 0.87 -1.65</i>
                <i>1 0 0 0 1 0 0 0 1 -1.87 0.87 -1.65</i>
                <i>1 0 0 0 1 0 0 0 1 -1.87 0.87 -1.65</i>
                <i>1 0 0 0 1 0 0 0 1 -1.87 0.87 -1.65</i>
                <i>1 0 0 0 1 0 0 0 1 -1.87 0.87 -1.65</i>
                <i>1 0 0 0 1 0 0 0 1 -1.87 0.87 -1.65</i>
                <i>1 0 0 0 1 0 0 0 1 -1.87 0.87 -1.65</i>
                <i>1 0 0 0 1 0 0 0 1 -1.87 0.87 -1.65</i>
                <i>1 0 0 0 1 0 0 0 1 -1.87 0.87 -1.65</i>
                <i>1 0 0 0 1 0 0 0 1 -1.87 0.87 -1.65</i>
                <i>1 0 0 0 1 0 0 0 1 -1.87 0.87 -1.65</i>
                <i>1 0 0 0 1 0 0 0 1 -1.87 0.87 -1.65</i>
                <i>1 0 0 0 1 0 0 0 1 -1.87 0.87 -1.65</i>
                <i>1 0 0 0 1 0 0 0 1 -1.87 0.87 -1.65</i>
                <i>1 0 0 0 1 0 0 0 1 -1.87 0.87 -1.65</i>
                <i>1 0 0 0 1 0 0 0 1 -1.87 0.87 -1.65</i>
                <i>1 0 0 0 1 0 0 0 1 -1.87 0.87 -1.65</i>
                <i>1 0 0 0 1 0 0 0 1 -1.87 0.87 -1.65</i>
                <i>1 0 0 0 1 0 0 0 1 -1.87 0.87 -1.65</i>
                <i>1 0 0 0 1 0 0 0 1 -1.87 0.87 -1.65</i>
                <i>1 0 0 0 1 0 0 0 1 -1.87 0.87 -1.65</i>
                <i>1 0 0 0 1 0 0 0 1 -1.87 0.87 -1.65</i>
                <i>1 0 0 0 1 0 0 0 1 -1.87 0.87 -1.65</i>
                <i>1 0 0 0 1 0 0 0 1 -1.87 0.87 -1.65</i>
                <i>1 0 0 0 1 0 0 0 1 -1.87 0.87 -1.65</i>
                <i>1 0 0 0 1 0 0 0 1 -1.87 0.87 -1.65</i>
                <i>1 0 0 0 1 0 0 0 1 -1.87 0.87 -1.65</i>
                <i>1 0 0 0 1 0 0 0 1 -1.87 0.87 -1.65</i>
                <i>1 0 0 0 1 0 0 0 1 -1.87 0.87 -1.65</i>
                <i>1 0 0 0 1 0 0 0 1 -1.87 0.87 -1.65</i>
                <i>1 0 0 0 1 0 0 0 1 -1.87 0.87 -1.65</i>
                <i>1 0 0 0 1 0 0 0 1 -1.87 0.87 -1.65</i>
                <i>1 0 0 0 1 0 0 0 1 -1.87 0.87 -1.65</i>
                <i>1 0 0 0 1 0 0 0 1 -1.87 0.87 -1.65</i>
                <i>1 0 0 0 1 0 0 0 1 -1.87 0.87 -1.65</i>
                <i>1 0 0 0 1 0 0 0 1 -1.87 0.87 -1.65</i>
                <i>1 0 0 0 1 0 0 0 1 -1.87 0.87 -1.65</i>
                <i>1 0 0 0 1 0 0 0 1 -1.87 0.87 -1.65</i>
                <i>1 0 0 0 1 0 0 0 1 -1.87 0.87 -1.65</i>
                <i>1 0 0 0 1 0 0 0 1 -1.87 0.87 -1.65</i>
                <i>1 0 0 0 1 0 0 0 1 -1.87 0.87 -1.65</i>
                <i>1 0 0 0 1 0 0 0 1 -1.87 0.87 -1.65</i>
                <i>1 0 0 0 1 0 0 0 1 -1.87 0.87 -1.65</i>
                <i>1 0 0 0 1 0 0 0 1 -1.87 0.87 -1.65</i>
            </KeyFrames>
        </RefFrame>
        <Bones count="23">
            <i>
                <p>
                    <Name><![CDATA[pelvis]]></Name>
                    <Exclude>0</Exclude>
                    <Additive>0</Additive>
                    <IKPriority>0</IKPriority>
                    <IKRotLimits>-1e+010 -1e+010 -1e+010 1e+010 1e+010 1e+010</IKRotLimits>
                    <IKRotLimitOrder>2</IKRotLimitOrder>
                    <KeyFrames count="70">
                        <i>1 0 0 0 1 0 0 0 1 -1.70228 1.44625 -1.65655</i>
                        <i>1 0 0 0 1 0 0 0 1 -1.70228 1.47176 -1.65655</i>
                        <i>1 0 0 0 1 0 0 0 1 -1.70228 1.497 -1.65655</i>
                        <i>1 0 0 0 1 0 0 0 1 -1.70228 1.52279 -1.65655</i>
                        <i>1 0 0 0 1 0 0 0 1 -1.70228 1.55 -1.65655</i>
                        <i>1 0 0 0 1 0 0 0 1 -1.67402 1.57957 -1.65777</i>
                        <i>1 0 0 0 1 0 0 0 1 -1.60483 1.61088 -1.66035</i>
                        <i>1 0 0 0 1 0 0 0 1 -1.51809 1.64241 -1.66267</i>
                        <i>1 0 0 0 1 0 0 0 1 -1.43718 1.67262 -1.66309</i>
                        <i>1 0 0 0 1 0 0 0 1 -1.38548 1.7 -1.66</i>
                        <i>1 0 0 0 1 0 0 0 1 -1.36477 1.72479 -1.65235</i>
                        <i>1 0 0 0 1 0 0 0 1 -1.35817 1.74827 -1.64132</i>
                        <i>1 0 0 0 1 0 0 0 1 -1.36102 1.77049 -1.6286</i>
                        <i>1 0 0 0 1 0 0 0 1 -1.36869 1.79149 -1.61589</i>
                        <i>1 0 0 0 1 0 0 0 1 -1.37655 1.81131 -1.60487</i>
                        <i>1 0 0 0 1 0 0 0 1 -1.37995 1.83 -1.59725</i>
                        <i>1 0 0 0 1 0 0 0 1 -1.3788 1.85119 -1.5935</i>
                        <i>1 0 0 0 1 0 0 0 1 -1.377 1.8746 -1.59259</i>
                        <i>1 0 0 0 1 0 0 0 1 -1.37593 1.89436 -1.59393</i>
                        <i>1 0 0 0 1 0 0 0 1 -1.37694 1.90459 -1.59693</i>
                        <i>1 0 0 0 1 0 0 0 1 -1.38143 1.89944 -1.60099</i>
                        <i>1 0 0 0 1 0 0 0 1 -1.39002 1.87528 -1.60586</i>
                        <i>1 0 0 0 1 0 0 0 1 -1.40161 1.83669 -1.61161</i>
                        <i>1 0 0 0 1 0 0 0 1 -1.41492 1.7901 -1.61814</i>
                        <i>1 0 0 0 1 0 0 0 1 -1.42869 1.74195 -1.62534</i>
                        <i>1 0 0 0 1 0 0 0 1 -1.44164 1.69865 -1.63312</i>
                        <i>1 0 0 0 1 0 0 0 1 -1.4525 1.66665 -1.64137</i>
                        <i>1 0 0 0 1 0 0 0 1 -1.46 1.65238 -1.65</i>
                        <i>1 0 0 0 1 0 0 0 1 -1.44574 1.74063 -1.69244</i>
                        <i>1 0 0 0 1 0 0 0 1 -1.43 1.87 -1.68</i>
                        <i>1 0 0 0 1 0 0 0 1 -1.43625 1.95501 -1.54959</i>
                        <i>1 0 0 0 1 0 0 0 1 -1.4477 2.04368 -1.38047</i>
                        <i>1 0 0 0 1 0 0 0 1 -1.46073 2.12336 -1.20287</i>
                        <i>1 0 0 0 1 0 0 0 1 -1.47174 2.18141 -1.04702</i>
                        <i>1 0 0 0 1 0 0 0 1 -1.47709 2.20519 -0.943159</i>
                        <i>1 0 0 0 1 0 0 0 1 -1.47492 2.18389 -0.897505</i>
                        <i>1 0 0 0 1 0 0 0 1 -1.46766 2.12593 -0.889902</i>
                        <i>1 0 0 0 1 0 0 0 1 -1.45809 2.04754 -0.911022</i>
                        <i>1 0 0 0 1 0 0 0 1 -1.449 1.96493 -0.951536</i>
                        <i>1 0 0 0 1 0 0 0 1 -1.44317 1.89434 -1.00212</i>
                        <i>1 0 0 0 1 0 0 0 1 -1.43775 1.82938 -1.07547</i>
                        <i>1 0 0 0 1 0 0 0 1 -1.43089 1.75926 -1.1778</i>
                        <i>1 0 0 0 1 0 0 0 1 -1.42686 1.69351 -1.29007</i>
                        <i>1 0 0 0 1 0 0 0 1 -1.42995 1.64169 -1.39322</i>
                        <i>1 0 0 0 1 0 0 0 1 -1.44442 1.61333 -1.4682</i>
                        <i>1 0 0 0 1 0 0 0 1 -1.47457 1.61709 -1.5187</i>
                        <i>1 0 0 0 1 0 0 0 1 -1.51757 1.6466 -1.56119</i>
                        <i>1 0 0 0 1 0 0 0 1 -1.56706 1.6889 -1.59576</i>
                        <i>1 0 0 0 1 0 0 0 1 -1.61665 1.73102 -1.62249</i>
                        <i>1 0 0 0 1 0 0 0 1 -1.65997 1.76 -1.64147</i>
                        <i>1 0 0 0 1 0 0 0 1 -1.69064 1.76237 -1.6528</i>
                        <i>1 0 0 0 1 0 0 0 1 -1.70228 1.74 -1.65655</i>
                        <i>1 0 0 0 1 0 0 0 1 -1.70228 1.70336 -1.65655</i>
                        <i>1 0 0 0 1 0 0 0 1 -1.70228 1.65881 -1.65655</i>
                        <i>1 0 0 0 1 0 0 0 1 -1.70228 1.61029 -1.65655</i>
                        <i>1 0 0 0 1 0 0 0 1 -1.70228 1.56175 -1.65655</i>
                        <i>1 0 0 0 1 0 0 0 1 -1.70228 1.51713 -1.65655</i>
                        <i>1 0 0 0 1 0 0 0 1 -1.70228 1.48038 -1.65655</i>
                        <i>1 0 0 0 1 0 0 0 1 -1.70228 1.45544 -1.65655</i>
                        <i>1 0 0 0 1 0 0 0 1 -1.70228 1.44625 -1.65655</i>
                        <i>1 0 0 0 1 0 0 0 1 -1.70228 1.44625 -1.65655</i>
                        <i>1 0 0 0 1 0 0 0 1 -1.70228 1.44625 -1.65655</i>
                        <i>1 0 0 0 1 0 0 0 1 -1.70228 1.44625 -1.65655</i>
                        <i>1 0 0 0 1 0 0 0 1 -1.70228 1.44625 -1.65655</i>
                        <i>1 0 0 0 1 0 0 0 1 -1.70228 1.44625 -1.65655</i>
                        <i>1 0 0 0 1 0 0 0 1 -1.70228 1.44625 -1.65655</i>
                        <i>1 0 0 0 1 0 0 0 1 -1.70228 1.44625 -1.65655</i>
                        <i>1 0 0 0 1 0 0 0 1 -1.70228 1.44625 -1.65655</i>
                        <i>1 0 0 0 1 0 0 0 1 -1.70228 1.44625 -1.65655</i>
                        <i>1 0 0 0 1 0 0 0 1 -1.70228 1.44625 -1.65655</i>
                    </KeyFrames>
                </p>
            </i>
            <i>
                <p>
                    <Name><![CDATA[spine0]]></Name>
                    <Exclude>0</Exclude>
                    <Additive>0</Additive>
                    <IKPriority>0</IKPriority>
                    <IKRotLimits>-1e+010 -1e+010 -1e+010 1e+010 1e+010 1e+010</IKRotLimits>
                    <IKRotLimitOrder>0</IKRotLimitOrder>
                    <KeyFrames count="70">
                        <i>0.512383 0.834057 0.204482 -0.446624 0.0554398 0.893003 0.733478 -0.548886 0.400916 -1.70269 1.58917 -1.67299</i>
                        <i>0.495721 0.833905 0.242618 -0.509434 0.0529535 0.858879 0.703376 -0.549362 0.451069 -1.70163 1.61472 -1.67264</i>
                        <i>0.478624 0.829836 0.286864 -0.571813 0.0466672 0.819056 0.666295 -0.556052 0.496847 -1.70003 1.6401 -1.67117</i>
                        <i>0.459801 0.825082 0.328364 -0.627328 0.0400811 0.777723 0.628524 -0.56359 0.536026 -1.69862 1.66603 -1.66944</i>
                        <i>0.440125 0.823613 0.357702 -0.670814 0.0367741 0.740713 0.596907 -0.565958 0.568677 -1.69791 1.69329 -1.66859</i>
                        <i>0.420928 0.811962 0.404398 -0.708894 0.0163089 0.705126 0.56594 -0.583483 0.58246 -1.67008 1.72287 -1.66987</i>
                        <i>0.399472 0.777112 0.486332 -0.744014 -0.0351135 0.66724 0.535597 -0.628382 0.564156 -1.60224 1.7542 -1.67261</i>
                        <i>0.374922 0.727881 0.574128 -0.767303 -0.103911 0.63281 0.520269 -0.677784 0.519546 -1.51747 1.78572 -1.67519</i>
                        <i>0.349882 0.684829 0.639211 -0.776235 -0.170055 0.607075 0.524444 -0.708583 0.47209 -1.43904 1.81588 -1.6761</i>
                        <i>0.327193 0.677414 0.658829 -0.776652 -0.20438 0.595853 0.538291 -0.706639 0.459243 -1.38999 1.84311 -1.67401</i>
                        <i>0.293703 0.748472 0.594583 -0.759922 -0.194512 0.620229 0.579877 -0.633999 0.511651 -1.37509 1.8665 -1.6749</i>
                        <i>0.239076 0.856915 0.456662 -0.722419 -0.157275 0.673332 0.64881 -0.490879 0.58145 -1.37866 1.88587 -1.67796</i>
                        <i>0.1802 0.931074 0.317222 -0.686974 -0.111686 0.718048 0.703984 -0.347316 0.619498 -1.39158 1.90377 -1.67332</i>
                        <i>0.12513 0.9714 0.201805 -0.658058 -0.0709627 0.749615 0.742497 -0.226598 0.630358 -1.40856 1.92193 -1.66164</i>
                        <i>0.0672319 0.992165 0.105305 -0.631739 -0.0393607 0.774182 0.77226 -0.118575 0.624142 -1.4248 1.93925 -1.6496</i>
                        <i>0.0349054 0.997644 0.0590609 -0.624448 -0.0243688 0.780686 0.780286 -0.0641306 0.622126 -1.43025 1.95776 -1.64018</i>
                        <i>0.0328644 0.998098 0.0521558 -0.633195 -0.019583 0.773745 0.773295 -0.0584534 0.631347 -1.42449 1.98127 -1.63461</i>
                        <i>0.0425868 0.997566 0.0552179 -0.645015 -0.0147548 0.764027 0.762982 -0.0681539 0.642817 -1.41543 2.00759 -1.63175</i>
                        <i>0.060386 0.995982 0.0661348 -0.660348 -0.00982406 0.750896 0.748528 -0.0890156 0.657101 -1.40564 2.03013 -1.63108</i>
                        <i>0.0815746 0.993276 0.0821503 -0.678635 -0.0050103 0.734459 0.729932 -0.115663 0.673663 -1.39779 2.04251 -1.63217</i>
                        <i>0.101196 0.989845 0.0998281 -0.698316 -0.000797404 0.715789 0.7086 -0.142146 0.691144 -1.39463 2.03866 -1.63473</i>
                        <i>0.114783 0.986681 0.115265 -0.717257 0.00203874 0.696806 0.68729 -0.162655 0.707938 -1.39819 2.01504 -1.63897</i>
                        <i>0.118805 0.985273 0.122971 -0.733579 0.00363569 0.679595 0.66914 -0.170949 0.723207 -1.40841 1.97616 -1.64621</i>
                        <i>0.114152 0.986093 0.120786 -0.746662 0.00495698 0.665185 0.655336 -0.166118 0.736844 -1.42326 1.92848 -1.65661</i>
                        <i>0.104684 0.988101 0.112682 -0.756618 0.00559689 0.653834 0.645423 -0.153703 0.748201 -1.4401 1.87857 -1.66893</i>
                        <i>0.0935849 0.990286 0.102835 -0.763632 0.00512054 0.645631 0.638833 -0.13895 0.756693 -1.45646 1.83319 -1.68186</i>
                        <i>0.0835486 0.991942 0.0952449 -0.767807 0.00315375 0.640673 0.63521 -0.126657 0.761883 -1.47001 1.79938 -1.69403</i>
                        <i>0.0768734 0.992639 0.0935839 -0.769206 -0.000673619 0.639001 0.63436 -0.121107 0.763492 -1.47851 1.78438 -1.70411</i>
                        <i>0.0406308 0.990375 0.13231 -0.774231 -0.0524985 0.630722 0.631598 -0.128065 0.764646 -1.46759 1.87435 -1.74079</i>
                        <i>0.00721663 0.981077 0.193482 -0.775847 -0.116577 0.620058 0.63088 -0.154587 0.760324 -1.45382 2.00745 -1.71517</i>
                        <i>0.0184556 0.968848 0.246968 -0.772265 -0.143073 0.61898 0.635032 -0.202149 0.745567 -1.45492 2.09632 -1.56908</i>
                        <i>0.0446378 0.952127 0.302427 -0.772126 -0.15921 0.615202 0.6339 -0.260973 0.728055 -1.45795 2.18705 -1.38647</i>
                        <i>0.0834666 0.932345 0.351805 -0.806256 -0.144297 0.573699 0.585649 -0.33153 0.739664 -1.45567 2.26713 -1.20313</i>
                        <i>0.152164 0.902292 0.403381 -0.829056 -0.105665 0.549092 0.538064 -0.417977 0.731971 -1.45315 2.32406 -1.04736</i>
                        <i>0.219454 0.879813 0.421626 -0.79766 -0.0870345 0.596794 0.561763 -0.467283 0.682692 -1.45293 2.34698 -0.945896</i>
                        <i>0.272824 0.876051 0.397621 -0.74592 -0.0684026 0.662513 0.607594 -0.477343 0.634802 -1.44916 2.32527 -0.904168</i>
                        <i>0.267628 0.892689 0.362604 -0.70867 -0.0726046 0.701795 0.652811 -0.444787 0.613191 -1.4457 2.26777 -0.899645</i>
                        <i>0.220552 0.919012 0.326762 -0.69977 -0.0842881 0.709378 0.67947 -0.385113 0.624507 -1.44753 2.19077 -0.919321</i>
                        <i>0.153437 0.942303 0.297526 -0.707005 -0.105667 0.69927 0.690363 -0.317646 0.65 -1.45384 2.10862 -0.956817</i>
                        <i>0.106384 0.956257 0.272499 -0.709676 -0.118932 0.694417 0.69645 -0.267261 0.66598 -1.46022 2.03698 -1.0098</i>
                        <i>0.0787941 0.966665 0.243618 -0.698942 -0.120682 0.704923 0.710825 -0.225819 0.666134 -1.46611 1.96924 -1.09368</i>
                        <i>0.0494945 0.975974 0.21219 -0.684357 -0.121601 0.718935 0.727465 -0.180797 0.661897 -1.47354 1.89271 -1.21047</i>
                        <i>0.0307101 0.981473 0.189123 -0.66635 -0.120927 0.735768 0.745007 -0.148617 0.65029 -1.48298 1.81747 -1.33678</i>
                        <i>0.0295111 0.983328 0.17943 -0.646455 -0.118137 0.75375 0.762381 -0.138237 0.632191 -1.49554 1.75639 -1.45013</i>
                        <i>0.0478971 0.982088 0.182234 -0.628908 -0.112088 0.769358 0.776003 -0.151459 0.612274 -1.51303 1.72403 -1.52932</i>
                        <i>0.0898099 0.97614 0.197697 -0.618067 -0.101028 0.779606 0.780978 -0.192206 0.594247 -1.53898 1.73112 -1.57824</i>
                        <i>0.151164 0.963432 0.221244 -0.613951 -0.0839093 0.784872 0.774735 -0.254477 0.578816 -1.57229 1.76796 -1.61574</i>
                        <i>0.220332 0.944191 0.244862 -0.615491 -0.0601687 0.785844 0.75672 -0.323857 0.567884 -1.60803 1.81829 -1.64346</i>
                        <i>0.285341 0.921786 0.26247 -0.620563 -0.0310102 0.783543 0.730399 -0.386456 0.563178 -1.64218 1.86667 -1.66303</i>
                        <i>0.334566 0.903099 0.269218 -0.62743 0.000314022 0.778673 0.703134 -0.429433 0.566736 -1.67152 1.89914 -1.67617</i>
                        <i>0.409771 0.878731 0.244784 -0.620568 0.0718657 0.780853 0.668568 -0.471876 0.574761 -1.68687 1.90222 -1.68633</i>
                        <i>0.483497 0.846343 0.223459 -0.603385 0.137294 0.785543 0.634159 -0.514639 0.577052 -1.6868 1.87912 -1.68973</i>
                        <i>0.516005 0.826414 0.225342 -0.559481 0.125955 0.819217 0.648629 -0.548795 0.527356 -1.69002 1.84352 -1.68653</i>
                        <i>0.539601 0.811347 0.224825 -0.484995 0.0812746 0.870732 0.688194 -0.578887 0.437355 -1.70144 1.80021 -1.68302</i>
                        <i>0.55037 0.803892 0.225501 -0.444367 0.0533793 0.894253 0.706846 -0.592375 0.386601 -1.70863 1.75192 -1.68096</i>
                        <i>0.547062 0.806633 0.223754 -0.444593 0.0534992 0.894133 0.709267 -0.588626 0.387891 -1.7084 1.7035 -1.68032</i>
                        <i>0.537377 0.814619 0.218223 -0.445346 0.0543715 0.893706 0.716165 -0.577442 0.392006 -1.70696 1.65925 -1.67839</i>
                        <i>0.525775 0.823853 0.211721 -0.446073 0.0551121 0.893298 0.724278 -0.564117 0.396476 -1.70506 1.6229 -1.67596</i>
                        <i>0.516284 0.831134 0.206559 -0.446498 0.055405 0.893068 0.730815 -0.553305 0.399704 -1.7034 1.59825 -1.67388</i>
                        <i>0.512383 0.834057 0.204482 -0.446624 0.0554398 0.893003 0.733478 -0.548886 0.400916 -1.70269 1.58917 -1.67299</i>
                        <i>0.512383 0.834057 0.204482 -0.446624 0.0554398 0.893003 0.733478 -0.548886 0.400916 -1.70269 1.58917 -1.67299</i>
                        <i>0.512383 0.834057 0.204482 -0.446624 0.0554398 0.893003 0.733478 -0.548886 0.400916 -1.70269 1.58917 -1.67299</i>
                        <i>0.512383 0.834057 0.204482 -0.446624 0.0554398 0.893003 0.733478 -0.548886 0.400916 -1.70269 1.58917 -1.67299</i>
                        <i>0.512383 0.834057 0.204482 -0.446624 0.0554398 0.893003 0.733478 -0.548886 0.400916 -1.70269 1.58917 -1.67299</i>
                        <i>0.512383 0.834057 0.204482 -0.446624 0.0554398 0.893003 0.733478 -0.548886 0.400916 -1.70269 1.58917 -1.67299</i>
                        <i>0.512383 0.834057 0.204482 -0.446624 0.0554398 0.893003 0.733478 -0.548886 0.400916 -1.70269 1.58917 -1.67299</i>
                        <i>0.512383 0.834057 0.204482 -0.446624 0.0554398 0.893003 0.733478 -0.548886 0.400916 -1.70269 1.58917 -1.67299</i>
                        <i>0.512383 0.834057 0.204482 -0.446624 0.0554398 0.893003 0.733478 -0.548886 0.400916 -1.70269 1.58917 -1.67299</i>
                        <i>0.512383 0.834057 0.204482 -0.446624 0.0554398 0.893003 0.733478 -0.548886 0.400916 -1.70269 1.58917 -1.67299</i>
                        <i>0.512383 0.834057 0.204482 -0.446624 0.0554398 0.893003 0.733478 -0.548886 0.400916 -1.70269 1.58917 -1.67299</i>
                    </KeyFrames>
                </p>
            </i>
            <i>
                <p>
                    <Name><![CDATA[spine1]]></Name>
                    <Exclude>0</Exclude>
                    <Additive>0</Additive>
                    <IKPriority>0</IKPriority>
                    <IKRotLimits>-1e+010 -1e+010 -1e+010 1e+010 1e+010 1e+010</IKRotLimits>
                    <IKRotLimitOrder>0</IKRotLimitOrder>
                    <KeyFrames count="70">
                        <i>0.797907 0.373598 0.473042 -0.553799 0.144478 0.82002 0.238013 -0.91627 0.322178 -1.61054 1.73925 -1.63622</i>
                        <i>0.761688 0.372986 0.529823 -0.611188 0.142097 0.778626 0.21513 -0.916892 0.336198 -1.61248 1.76478 -1.62901</i>
                        <i>0.721174 0.365304 0.58861 -0.667059 0.136919 0.732316 0.186926 -0.920764 0.342421 -1.61396 1.78942 -1.61958</i>
                        <i>0.679452 0.356552 0.641261 -0.71605 0.131574 0.685537 0.160056 -0.924964 0.344707 -1.61593 1.8145 -1.61039</i>
                        <i>0.641583 0.353715 0.680629 -0.75413 0.128673 0.643997 0.140213 -0.92646 0.349302 -1.61876 1.8415 -1.60426</i>
                        <i>0.586135 0.321814 0.74356 -0.800533 0.0885847 0.592706 0.124873 -0.94265 0.309545 -1.5933 1.8711 -1.59611</i>
                        <i>0.499528 0.240493 0.832247 -0.856965 -0.00345623 0.515363 0.126818 -0.970645 0.204368 -1.52681 1.9011 -1.58078</i>
                        <i>0.408568 0.14533 0.901083 -0.898897 -0.107143 0.424857 0.15829 -0.983565 0.0868615 -1.44373 1.92914 -1.56223</i>
                        <i>0.34105 0.075572 0.937003 -0.917976 -0.187939 0.349282 0.202495 -0.979269 0.00527688 -1.36791 1.95544 -1.54606</i>
                        <i>0.314584 0.066457 0.946901 -0.920538 -0.22205 0.32141 0.231619 -0.972768 -0.00867702 -1.32259 1.98304 -1.53815</i>
                        <i>0.339094 0.167686 0.925687 -0.905584 -0.208348 0.369471 0.25482 -0.963573 0.081204 -1.31492 2.02027 -1.55295</i>
                        <i>0.387481 0.347444 0.853898 -0.872954 -0.15945 0.461007 0.296328 -0.924045 0.241518 -1.33034 2.05962 -1.58552</i>
                        <i>0.419505 0.518778 0.744906 -0.837469 -0.0954219 0.538089 0.350229 -0.849567 0.394431 -1.35586 2.089 -1.61033</i>
                        <i>0.419229 0.666198 0.616787 -0.801551 -0.0474292 0.596042 0.426336 -0.744265 0.514109 -1.38437 2.11056 -1.62255</i>
                        <i>0.381814 0.790172 0.479424 -0.766264 -0.0194032 0.642233 0.516777 -0.612579 0.598071 -1.41216 2.12714 -1.62973</i>
                        <i>0.332069 0.858774 0.390175 -0.749064 -0.0113088 0.662401 0.573266 -0.51223 0.639521 -1.42384 2.14263 -1.62929</i>
                        <i>0.287147 0.891518 0.350345 -0.748368 -0.0195016 0.662997 0.597906 -0.452565 0.661584 -1.41857 2.16248 -1.62518</i>
                        <i>0.237384 0.917454 0.31926 -0.75161 -0.0347422 0.658693 0.615412 -0.396322 0.68132 -1.40789 2.18492 -1.62196</i>
                        <i>0.18716 0.936711 0.295879 -0.758067 -0.0538342 0.649951 0.624744 -0.345941 0.700014 -1.39512 2.20396 -1.61955</i>
                        <i>0.141867 0.949498 0.279871 -0.766869 -0.0733557 0.637597 0.625927 -0.305078 0.717734 -1.38374 2.2136 -1.61803</i>
                        <i>0.10737 0.95637 0.271712 -0.777032 -0.0897701 0.623027 0.620236 -0.278024 0.733492 -1.37733 2.20791 -1.61766</i>
                        <i>0.0892353 0.957961 0.272669 -0.787604 -0.0997088 0.608061 0.609686 -0.269015 0.745596 -1.37861 2.18334 -1.6193</i>
                        <i>0.0902434 0.954017 0.285844 -0.79772 -0.102587 0.594237 0.596237 -0.28165 0.751781 -1.38809 2.14468 -1.62518</i>
                        <i>0.103119 0.946323 0.306332 -0.806895 -0.100499 0.582083 0.581625 -0.307201 0.75322 -1.40359 2.09837 -1.6358</i>
                        <i>0.121051 0.936521 0.329051 -0.815098 -0.0954117 0.571412 0.566535 -0.337379 0.751807 -1.42189 2.05059 -1.64933</i>
                        <i>0.139472 0.925431 0.352315 -0.822675 -0.0897359 0.561386 0.551139 -0.368138 0.748813 -1.44 2.00761 -1.66377</i>
                        <i>0.15478 0.914029 0.374959 -0.829753 -0.0857342 0.551507 0.53624 -0.396486 0.745148 -1.45517 1.97586 -1.67712</i>
                        <i>0.164097 0.903264 0.396467 -0.836322 -0.0857399 0.541492 0.523104 -0.420432 0.74135 -1.46479 1.96185 -1.68742</i>
                        <i>0.142494 0.877172 0.458546 -0.852334 -0.126785 0.507397 0.503211 -0.463136 0.729578 -1.46041 2.05002 -1.71735</i>
                        <i>0.110396 0.857832 0.501934 -0.872415 -0.158298 0.462422 0.476135 -0.488944 0.73091 -1.45257 2.17769 -1.68161</i>
                        <i>0.0893917 0.874178 0.477307 -0.887921 -0.147164 0.43582 0.451227 -0.46277 0.763046 -1.45178 2.26083 -1.52714</i>
                        <i>0.0628663 0.890573 0.450475 -0.896867 -0.147592 0.416948 0.437809 -0.430228 0.789447 -1.45044 2.34684 -1.33569</i>
                        <i>0.0109602 0.896029 0.44386 -0.905203 -0.1797 0.385117 0.424838 -0.406004 0.809119 -1.44161 2.42401 -1.14392</i>
                        <i>-0.0200422 0.889102 0.45727 -0.88092 -0.232007 0.412496 0.472841 -0.394551 0.787877 -1.42716 2.47814 -0.978472</i>
                        <i>-0.0478653 0.894128 0.445246 -0.843974 -0.27462 0.460752 0.534245 -0.353722 0.767765 -1.41428 2.50201 -0.871629</i>
                        <i>-0.0390652 0.89561 0.443121 -0.790509 -0.298951 0.534531 0.611203 -0.32941 0.719667 -1.40026 2.48239 -0.832893</i>
                        <i>-0.0375559 0.906699 0.420104 -0.752344 -0.302347 0.58529 0.657699 -0.294082 0.693505 -1.3977 2.428 -0.8346</i>
                        <i>-0.0134882 0.927334 0.373991 -0.734852 -0.26284 0.625226 0.678093 -0.266395 0.684999 -1.40859 2.35315 -0.861609</i>
                        <i>0.0334858 0.944357 0.327213 -0.732809 -0.199427 0.650553 0.67961 -0.261569 0.685356 -1.4271 2.27291 -0.904955</i>
                        <i>0.08536 0.941287 0.326639 -0.733666 -0.162431 0.65981 0.674127 -0.295965 0.676725 -1.44165 2.20405 -0.962204</i>
                        <i>0.14289 0.915208 0.376799 -0.732251 -0.158375 0.662363 0.665876 -0.370556 0.647532 -1.45212 2.14123 -1.05037</i>
                        <i>0.207386 0.875857 0.435736 -0.731285 -0.157056 0.663744 0.64978 -0.456298 0.607929 -1.46448 2.07255 -1.17142</i>
                        <i>0.265908 0.832411 0.486194 -0.729206 -0.156191 0.66623 0.630517 -0.531691 0.565467 -1.47716 2.00646 -1.30045</i>
                        <i>0.312201 0.793192 0.522855 -0.725011 -0.156725 0.670669 0.613914 -0.588459 0.526143 -1.48977 1.95319 -1.41433</i>
                        <i>0.346621 0.76017 0.549542 -0.718573 -0.161378 0.676468 0.602915 -0.629364 0.490301 -1.5034 1.92456 -1.49224</i>
                        <i>0.381233 0.72255 0.5767 -0.713949 -0.166195 0.680189 0.587315 -0.671045 0.452504 -1.52079 1.93048 -1.53799</i>
                        <i>0.421913 0.673897 0.606508 -0.715167 -0.163791 0.679491 0.557248 -0.720441 0.412843 -1.54191 1.9625 -1.57119</i>
                        <i>0.460735 0.622182 0.63294 -0.721821 -0.152274 0.67512 0.516428 -0.76792 0.378946 -1.56454 2.00522 -1.59509</i>
                        <i>0.49187 0.57776 0.651351 -0.731117 -0.132157 0.66933 0.472792 -0.805437 0.357406 -1.58719 2.04465 -1.61244</i>
                        <i>0.512564 0.551256 0.658327 -0.739121 -0.106954 0.665027 0.437011 -0.827452 0.352624 -1.60872 2.06888 -1.62563</i>
                        <i>0.571914 0.518615 0.635573 -0.732662 -0.0255345 0.680114 0.368946 -0.854626 0.365366 -1.61178 2.06337 -1.64149</i>
                        <i>0.651948 0.452475 0.608465 -0.706649 0.0715577 0.703936 0.274973 -0.888902 0.366393 -1.59984 2.03142 -1.64956</i>
                        <i>0.72692 0.357376 0.586404 -0.657443 0.11548 0.744603 0.198385 -0.926794 0.318898 -1.5973 1.99209 -1.64606</i>
                        <i>0.79549 0.257838 0.548375 -0.591887 0.136674 0.794348 0.129865 -0.956472 0.261334 -1.60285 1.94857 -1.64195</i>
                        <i>0.824023 0.210535 0.525986 -0.558235 0.143176 0.817236 0.096748 -0.967045 0.235508 -1.60681 1.90077 -1.63925</i>
                        <i>0.823318 0.222999 0.521938 -0.557349 0.143827 0.817726 0.107283 -0.96415 0.242703 -1.60735 1.85262 -1.639</i>
                        <i>0.818907 0.26269 0.51028 -0.556226 0.144148 0.818434 0.141439 -0.954052 0.264159 -1.60836 1.80885 -1.63835</i>
                        <i>0.811017 0.31265 0.494471 -0.555083 0.144319 0.819179 0.184755 -0.938841 0.290592 -1.60943 1.77286 -1.63746</i>
                        <i>0.802219 0.355462 0.479678 -0.554174 0.144432 0.819775 0.222118 -0.923464 0.312854 -1.61023 1.74833 -1.63661</i>
                        <i>0.797907 0.373598 0.473042 -0.553799 0.144478 0.82002 0.238013 -0.91627 0.322178 -1.61054 1.73925 -1.63622</i>
                        <i>0.797907 0.373598 0.473042 -0.553799 0.144478 0.82002 0.238013 -0.91627 0.322178 -1.61054 1.73925 -1.63622</i>
                        <i>0.797907 0.373598 0.473042 -0.553799 0.144478 0.82002 0.238013 -0.91627 0.322178 -1.61054 1.73925 -1.63622</i>
                        <i>0.797907 0.373598 0.473042 -0.553799 0.144478 0.82002 0.238013 -0.91627 0.322178 -1.61054 1.73925 -1.63622</i>
                        <i>0.797907 0.373598 0.473042 -0.553799 0.144478 0.82002 0.238013 -0.91627 0.322178 -1.61054 1.73925 -1.63622</i>
                        <i>0.797907 0.373598 0.473042 -0.553799 0.144478 0.82002 0.238013 -0.91627 0.322178 -1.61054 1.73925 -1.63622</i>
                        <i>0.797907 0.373598 0.473042 -0.553799 0.144478 0.82002 0.238013 -0.91627 0.322178 -1.61054 1.73925 -1.63622</i>
                        <i>0.797907 0.373598 0.473042 -0.553799 0.144478 0.82002 0.238013 -0.91627 0.322178 -1.61054 1.73925 -1.63622</i>
                        <i>0.797907 0.373598 0.473042 -0.553799 0.144478 0.82002 0.238013 -0.91627 0.322178 -1.61054 1.73925 -1.63622</i>
                        <i>0.797907 0.373598 0.473042 -0.553799 0.144478 0.82002 0.238013 -0.91627 0.322178 -1.61054 1.73925 -1.63622</i>
                        <i>0.797907 0.373598 0.473042 -0.553799 0.144478 0.82002 0.238013 -0.91627 0.322178 -1.61054 1.73925 -1.63622</i>
                    </KeyFrames>
                </p>
            </i>
            <i>
                <p>
                    <Name><![CDATA[spine2]]></Name>
                    <Exclude>0</Exclude>
                    <Additive>0</Additive>
                    <IKPriority>0</IKPriority>
                    <IKRotLimits>-1e+010 -1e+010 -1e+010 1e+010 1e+010 1e+010</IKRotLimits>
                    <IKRotLimitOrder>0</IKRotLimitOrder>
                    <KeyFrames count="70">
                        <i>0.826781 0.153492 0.541177 -0.561235 0.290157 0.775129 -0.03805 -0.944589 0.326041 -1.47875 1.80069 -1.55785</i>
                        <i>0.785801 0.152734 0.599324 -0.615516 0.287879 0.733666 -0.0604771 -0.945409 0.320226 -1.48669 1.82612 -1.54126</i>
                        <i>0.739426 0.144325 0.657586 -0.667618 0.283132 0.688565 -0.0868066 -0.94816 0.305709 -1.49488 1.84949 -1.52212</i>
                        <i>0.69224 0.134798 0.708967 -0.713153 0.27824 0.643425 -0.110531 -0.951006 0.28874 -1.50376 1.87312 -1.50424</i>
                        <i>0.65051 0.131669 0.747997 -0.748851 0.275519 0.602753 -0.126724 -0.952235 0.277829 -1.51286 1.89965 -1.49162</i>
                        <i>0.584699 0.1039 0.804569 -0.799143 0.24447 0.549186 -0.139633 -0.964074 0.225972 -1.49517 1.9247 -1.4713</i>
                        <i>0.478825 0.032436 0.877311 -0.866159 0.180413 0.466068 -0.143161 -0.983056 0.114481 -1.44024 1.94237 -1.43621</i>
                        <i>0.367627 -0.051302 0.928557 -0.920734 0.120323 0.371177 -0.130769 -0.991408 -0.00300163 -1.36993 1.95483 -1.39918</i>
                        <i>0.286255 -0.112264 0.951554 -0.951724 0.0815385 0.295927 -0.11081 -0.990327 -0.0835038 -1.30418 1.96888 -1.37078</i>
                        <i>0.261822 -0.118107 0.957862 -0.960672 0.0632458 0.270388 -0.0925154 -0.990985 -0.0969027 -1.26298 1.99492 -1.35861</i>
                        <i>0.326116 -0.0283407 0.944905 -0.942542 0.0669617 0.327309 -0.0725486 -0.997353 -0.00487498 -1.25101 2.05117 -1.37828</i>
                        <i>0.439576 0.128117 0.889021 -0.89743 0.10376 0.428781 -0.037311 -0.986316 0.160586 -1.25822 2.12364 -1.42633</i>
                        <i>0.522736 0.283153 0.804097 -0.852282 0.152533 0.500349 0.0190239 -0.946868 0.32106 -1.27922 2.18322 -1.4739</i>
                        <i>0.542853 0.438041 0.71654 -0.831801 0.162759 0.530676 0.115835 -0.884098 0.452717 -1.30956 2.22896 -1.51217</i>
                        <i>0.512868 0.590789 0.622844 -0.824309 0.136282 0.549493 0.239752 -0.795233 0.556888 -1.34567 2.26433 -1.54596</i>
                        <i>0.4645 0.692244 0.552302 -0.821855 0.10468 0.559997 0.329839 -0.714031 0.617548 -1.36725 2.2887 -1.56252</i>
                        <i>0.420222 0.754167 0.504624 -0.82326 0.0829667 0.561569 0.38165 -0.65142 0.65574 -1.37063 2.31115 -1.56645</i>
                        <i>0.367485 0.810787 0.455608 -0.826678 0.0603236 0.559433 0.426097 -0.582224 0.692428 -1.36911 2.33482 -1.56956</i>
                        <i>0.3111 0.858939 0.406744 -0.830716 0.0378687 0.555408 0.461658 -0.510676 0.725315 -1.36512 2.35432 -1.57189</i>
                        <i>0.257816 0.896019 0.361499 -0.834572 0.0179944 0.550605 0.486847 -0.443652 0.752431 -1.36133 2.3641 -1.57355</i>
                        <i>0.215438 0.920769 0.325225 -0.838364 0.00362317 0.545098 0.500731 -0.390092 0.772721 -1.36051 2.35846 -1.57481</i>
                        <i>0.191344 0.933145 0.304347 -0.842865 -0.00267631 0.538119 0.502958 -0.359489 0.786003 -1.36468 2.33381 -1.57641</i>
                        <i>0.189572 0.933245 0.305148 -0.84878 -0.000471808 0.528745 0.493593 -0.359239 0.792031 -1.37395 2.29492 -1.5801</i>
                        <i>0.202936 0.924998 0.321241 -0.855769 0.0080976 0.517294 0.475895 -0.379886 0.793228 -1.3873 2.24846 -1.58714</i>
                        <i>0.223395 0.911922 0.344229 -0.863033 0.0209003 0.504715 0.453066 -0.409832 0.791688 -1.40253 2.20063 -1.59651</i>
                        <i>0.246951 0.894614 0.372398 -0.870144 0.0355963 0.491511 0.426457 -0.445419 0.787233 -1.41742 2.15754 -1.60655</i>
                        <i>0.270558 0.873611 0.404477 -0.87676 0.0500769 0.478314 0.397605 -0.484041 0.779496 -1.42985 2.12538 -1.6156</i>
                        <i>0.292265 0.84916 0.439896 -0.882688 0.0625124 0.465783 0.368025 -0.524423 0.767814 -1.43782 2.11029 -1.62205</i>
                        <i>0.289271 0.799755 0.526037 -0.903057 0.045725 0.42708 0.317506 -0.598583 0.735451 -1.43721 2.193 -1.64238</i>
                        <i>0.275837 0.763042 0.584535 -0.927498 0.0516595 0.370242 0.252313 -0.644281 0.721969 -1.43507 2.31449 -1.60136</i>
                        <i>0.267454 0.788251 0.554191 -0.943491 0.0974307 0.316751 0.195684 -0.607591 0.769767 -1.438 2.39736 -1.45245</i>
                        <i>0.247498 0.830583 0.498876 -0.954278 0.119889 0.273824 0.167624 -0.543837 0.822279 -1.44095 2.48443 -1.266</i>
                        <i>0.19883 0.876857 0.437709 -0.960453 0.0855095 0.264987 0.194928 -0.473086 0.859182 -1.4401 2.5629 -1.07505</i>
                        <i>0.0942635 0.934072 0.344417 -0.933013 -0.0377932 0.357853 0.347277 -0.355078 0.867939 -1.43039 2.61807 -0.906471</i>
                        <i>-0.0815136 0.97418 0.210546 -0.898924 -0.163097 0.406615 0.430456 -0.15612 0.889008 -1.42205 2.64727 -0.799203</i>
                        <i>-0.173776 0.966552 0.188626 -0.822156 -0.247829 0.512485 0.54209 -0.0660219 0.837723 -1.40665 2.63051 -0.759502</i>
                        <i>-0.171657 0.967165 0.187417 -0.784216 -0.249293 0.568206 0.596271 -0.0494392 0.801259 -1.40383 2.57806 -0.764966</i>
                        <i>-0.0985486 0.974501 0.201581 -0.766665 -0.203494 0.608945 0.634439 -0.0945344 0.767171 -1.41074 2.50423 -0.800609</i>
                        <i>0.0140317 0.974172 0.225371 -0.762106 -0.135492 0.633117 0.6473 -0.18064 0.740521 -1.42171 2.42467 -0.852323</i>
                        <i>0.112416 0.954032 0.277824 -0.761144 -0.0970604 0.64128 0.638767 -0.283554 0.715244 -1.4279 2.35555 -0.909576</i>
                        <i>0.187968 0.913948 0.359677 -0.767306 -0.0919541 0.634654 0.613114 -0.395277 0.683993 -1.42868 2.29108 -0.988557</i>
                        <i>0.25808 0.85908 0.442013 -0.778135 -0.0863365 0.622135 0.572625 -0.504507 0.646199 -1.42923 2.22088 -1.09739</i>
                        <i>0.313256 0.80208 0.508466 -0.788398 -0.0788447 0.610091 0.529432 -0.591989 0.60766 -1.42992 2.15357 -1.21411</i>
                        <i>0.353589 0.751513 0.556958 -0.795094 -0.0721875 0.602175 0.492748 -0.655756 0.571999 -1.4321 2.09874 -1.31781</i>
                        <i>0.383997 0.70743 0.593371 -0.79759 -0.069628 0.599168 0.465185 -0.703345 0.537502 -1.4381 2.06677 -1.38876</i>
                        <i>0.41813 0.655523 0.628853 -0.79831 -0.0651474 0.598713 0.433439 -0.75236 0.496071 -1.449 2.06561 -1.42943</i>
                        <i>0.460743 0.58755 0.665207 -0.799229 -0.0512497 0.598838 0.385939 -0.807563 0.445974 -1.46342 2.08705 -1.45836</i>
                        <i>0.503074 0.512453 0.695922 -0.799401 -0.0301018 0.600044 0.328443 -0.858187 0.394512 -1.48058 2.11793 -1.47971</i>
                        <i>0.539303 0.442036 0.716768 -0.79739 -0.00563462 0.603438 0.27078 -0.89698 0.349436 -1.49983 2.14673 -1.49669</i>
                        <i>0.567672 0.389251 0.725419 -0.791863 0.017167 0.610457 0.225167 -0.920972 0.317979 -1.52015 2.16372 -1.51179</i>
                        <i>0.631248 0.326185 0.703654 -0.762338 0.0940046 0.640316 0.142715 -0.94062 0.308004 -1.51541 2.15045 -1.53426</i>
                        <i>0.70777 0.22546 0.669499 -0.705821 0.185931 0.683555 0.0296337 -0.956346 0.29073 -1.4921 2.10594 -1.54885</i>
                        <i>0.766378 0.112728 0.632422 -0.638664 0.239584 0.731237 -0.069087 -0.964309 0.255607 -1.47735 2.05078 -1.54911</i>
                        <i>0.808715 0.0174285 0.587943 -0.568148 0.281917 0.77313 -0.152277 -0.95928 0.237893 -1.46941 1.99145 -1.54972</i>
                        <i>0.824099 -0.0241793 0.56593 -0.534382 0.298188 0.790898 -0.187877 -0.954201 0.232815 -1.46689 1.9361 -1.54965</i>
                        <i>0.825482 -0.0104247 0.564331 -0.536193 0.297784 0.789824 -0.176282 -0.954576 0.240226 -1.46776 1.89002 -1.55023</i>
                        <i>0.828107 0.0323076 0.559638 -0.542718 0.296143 0.785975 -0.14034 -0.954597 0.262772 -1.4704 1.85274 -1.55212</i>
                        <i>0.829097 0.0864595 0.55238 -0.551026 0.293707 0.781093 -0.0947051 -0.951977 0.291153 -1.47397 1.82475 -1.55461</i>
                        <i>0.827888 0.133417 0.544794 -0.558186 0.291283 0.776906 -0.0550376 -0.947288 0.315621 -1.47728 1.80695 -1.55686</i>
                        <i>0.826781 0.153492 0.541177 -0.561235 0.290157 0.775129 -0.03805 -0.944589 0.326041 -1.47875 1.80069 -1.55785</i>
