<?xml version="1.0" encoding="ISO-8859-1" ?>
<Animl Version="1">
    <ModellingPackage><![CDATA[Maya.2010]]></ModellingPackage>
    <SrcFile><![CDATA[anims\turrets\antitank\blue\~src\at_bgm71tow\antitank_bgm71tow_idle_crewman_b.mb]]></SrcFile>
    <FramesPerSecond>30</FramesPerSecond>
    <TotalFrames>120</TotalFrames>
    <Skeleton>
        <RefFrame>
            <Name><![CDATA[soldier_ref_frame]]></Name>
            <Exclude>0</Exclude>
            <Additive>0</Additive>
            <IKPriority>0</IKPriority>
            <IKRotLimits>-1e+010 -1e+010 -1e+010 1e+010 1e+010 1e+010</IKRotLimits>
            <IKRotLimitOrder>0</IKRotLimitOrder>
            <KeyFrames count="120">
                <i>1 0 0 0 1 0 0 0 1 -2.42 0.88 0.85</i>
                <i>1 0 0 0 1 0 0 0 1 -2.42 0.88 0.85</i>
                <i>1 0 0 0 1 0 0 0 1 -2.42 0.88 0.85</i>
                <i>1 0 0 0 1 0 0 0 1 -2.42 0.88 0.85</i>
                <i>1 0 0 0 1 0 0 0 1 -2.42 0.88 0.85</i>
                <i>1 0 0 0 1 0 0 0 1 -2.42 0.88 0.85</i>
                <i>1 0 0 0 1 0 0 0 1 -2.42 0.88 0.85</i>
                <i>1 0 0 0 1 0 0 0 1 -2.42 0.88 0.85</i>
                <i>1 0 0 0 1 0 0 0 1 -2.42 0.88 0.85</i>
                <i>1 0 0 0 1 0 0 0 1 -2.42 0.88 0.85</i>
                <i>1 0 0 0 1 0 0 0 1 -2.42 0.88 0.85</i>
                <i>1 0 0 0 1 0 0 0 1 -2.42 0.88 0.85</i>
                <i>1 0 0 0 1 0 0 0 1 -2.42 0.88 0.85</i>
                <i>1 0 0 0 1 0 0 0 1 -2.42 0.88 0.85</i>
                <i>1 0 0 0 1 0 0 0 1 -2.42 0.88 0.85</i>
                <i>1 0 0 0 1 0 0 0 1 -2.42 0.88 0.85</i>
                <i>1 0 0 0 1 0 0 0 1 -2.42 0.88 0.85</i>
                <i>1 0 0 0 1 0 0 0 1 -2.42 0.88 0.85</i>
                <i>1 0 0 0 1 0 0 0 1 -2.42 0.88 0.85</i>
                <i>1 0 0 0 1 0 0 0 1 -2.42 0.88 0.85</i>
                <i>1 0 0 0 1 0 0 0 1 -2.42 0.88 0.85</i>
                <i>1 0 0 0 1 0 0 0 1 -2.42 0.88 0.85</i>
                <i>1 0 0 0 1 0 0 0 1 -2.42 0.88 0.85</i>
                <i>1 0 0 0 1 0 0 0 1 -2.42 0.88 0.85</i>
                <i>1 0 0 0 1 0 0 0 1 -2.42 0.88 0.85</i>
                <i>1 0 0 0 1 0 0 0 1 -2.42 0.88 0.85</i>
                <i>1 0 0 0 1 0 0 0 1 -2.42 0.88 0.85</i>
                <i>1 0 0 0 1 0 0 0 1 -2.42 0.88 0.85</i>
                <i>1 0 0 0 1 0 0 0 1 -2.42 0.88 0.85</i>
                <i>1 0 0 0 1 0 0 0 1 -2.42 0.88 0.85</i>
                <i>1 0 0 0 1 0 0 0 1 -2.42 0.88 0.85</i>
                <i>1 0 0 0 1 0 0 0 1 -2.42 0.88 0.85</i>
                <i>1 0 0 0 1 0 0 0 1 -2.42 0.88 0.85</i>
                <i>1 0 0 0 1 0 0 0 1 -2.42 0.88 0.85</i>
                <i>1 0 0 0 1 0 0 0 1 -2.42 0.88 0.85</i>
                <i>1 0 0 0 1 0 0 0 1 -2.42 0.88 0.85</i>
                <i>1 0 0 0 1 0 0 0 1 -2.42 0.88 0.85</i>
                <i>1 0 0 0 1 0 0 0 1 -2.42 0.88 0.85</i>
                <i>1 0 0 0 1 0 0 0 1 -2.42 0.88 0.85</i>
                <i>1 0 0 0 1 0 0 0 1 -2.42 0.88 0.85</i>
                <i>1 0 0 0 1 0 0 0 1 -2.42 0.88 0.85</i>
                <i>1 0 0 0 1 0 0 0 1 -2.42 0.88 0.85</i>
                <i>1 0 0 0 1 0 0 0 1 -2.42 0.88 0.85</i>
                <i>1 0 0 0 1 0 0 0 1 -2.42 0.88 0.85</i>
                <i>1 0 0 0 1 0 0 0 1 -2.42 0.88 0.85</i>
                <i>1 0 0 0 1 0 0 0 1 -2.42 0.88 0.85</i>
                <i>1 0 0 0 1 0 0 0 1 -2.42 0.88 0.85</i>
                <i>1 0 0 0 1 0 0 0 1 -2.42 0.88 0.85</i>
                <i>1 0 0 0 1 0 0 0 1 -2.42 0.88 0.85</i>
                <i>1 0 0 0 1 0 0 0 1 -2.42 0.88 0.85</i>
                <i>1 0 0 0 1 0 0 0 1 -2.42 0.88 0.85</i>
                <i>1 0 0 0 1 0 0 0 1 -2.42 0.88 0.85</i>
                <i>1 0 0 0 1 0 0 0 1 -2.42 0.88 0.85</i>
                <i>1 0 0 0 1 0 0 0 1 -2.42 0.88 0.85</i>
                <i>1 0 0 0 1 0 0 0 1 -2.42 0.88 0.85</i>
                <i>1 0 0 0 1 0 0 0 1 -2.42 0.88 0.85</i>
                <i>1 0 0 0 1 0 0 0 1 -2.42 0.88 0.85</i>
                <i>1 0 0 0 1 0 0 0 1 -2.42 0.88 0.85</i>
                <i>1 0 0 0 1 0 0 0 1 -2.42 0.88 0.85</i>
                <i>1 0 0 0 1 0 0 0 1 -2.42 0.88 0.85</i>
                <i>1 0 0 0 1 0 0 0 1 -2.42 0.88 0.85</i>
                <i>1 0 0 0 1 0 0 0 1 -2.42 0.88 0.85</i>
                <i>1 0 0 0 1 0 0 0 1 -2.42 0.88 0.85</i>
                <i>1 0 0 0 1 0 0 0 1 -2.42 0.88 0.85</i>
                <i>1 0 0 0 1 0 0 0 1 -2.42 0.88 0.85</i>
                <i>1 0 0 0 1 0 0 0 1 -2.42 0.88 0.85</i>
                <i>1 0 0 0 1 0 0 0 1 -2.42 0.88 0.85</i>
                <i>1 0 0 0 1 0 0 0 1 -2.42 0.88 0.85</i>
                <i>1 0 0 0 1 0 0 0 1 -2.42 0.88 0.85</i>
                <i>1 0 0 0 1 0 0 0 1 -2.42 0.88 0.85</i>
                <i>1 0 0 0 1 0 0 0 1 -2.42 0.88 0.85</i>
                <i>1 0 0 0 1 0 0 0 1 -2.42 0.88 0.85</i>
                <i>1 0 0 0 1 0 0 0 1 -2.42 0.88 0.85</i>
                <i>1 0 0 0 1 0 0 0 1 -2.42 0.88 0.85</i>
                <i>1 0 0 0 1 0 0 0 1 -2.42 0.88 0.85</i>
                <i>1 0 0 0 1 0 0 0 1 -2.42 0.88 0.85</i>
                <i>1 0 0 0 1 0 0 0 1 -2.42 0.88 0.85</i>
                <i>1 0 0 0 1 0 0 0 1 -2.42 0.88 0.85</i>
                <i>1 0 0 0 1 0 0 0 1 -2.42 0.88 0.85</i>
                <i>1 0 0 0 1 0 0 0 1 -2.42 0.88 0.85</i>
                <i>1 0 0 0 1 0 0 0 1 -2.42 0.88 0.85</i>
                <i>1 0 0 0 1 0 0 0 1 -2.42 0.88 0.85</i>
                <i>1 0 0 0 1 0 0 0 1 -2.42 0.88 0.85</i>
                <i>1 0 0 0 1 0 0 0 1 -2.42 0.88 0.85</i>
                <i>1 0 0 0 1 0 0 0 1 -2.42 0.88 0.85</i>
                <i>1 0 0 0 1 0 0 0 1 -2.42 0.88 0.85</i>
                <i>1 0 0 0 1 0 0 0 1 -2.42 0.88 0.85</i>
                <i>1 0 0 0 1 0 0 0 1 -2.42 0.88 0.85</i>
                <i>1 0 0 0 1 0 0 0 1 -2.42 0.88 0.85</i>
                <i>1 0 0 0 1 0 0 0 1 -2.42 0.88 0.85</i>
                <i>1 0 0 0 1 0 0 0 1 -2.42 0.88 0.85</i>
                <i>1 0 0 0 1 0 0 0 1 -2.42 0.88 0.85</i>
                <i>1 0 0 0 1 0 0 0 1 -2.42 0.88 0.85</i>
                <i>1 0 0 0 1 0 0 0 1 -2.42 0.88 0.85</i>
                <i>1 0 0 0 1 0 0 0 1 -2.42 0.88 0.85</i>
                <i>1 0 0 0 1 0 0 0 1 -2.42 0.88 0.85</i>
                <i>1 0 0 0 1 0 0 0 1 -2.42 0.88 0.85</i>
                <i>1 0 0 0 1 0 0 0 1 -2.42 0.88 0.85</i>
                <i>1 0 0 0 1 0 0 0 1 -2.42 0.88 0.85</i>
                <i>1 0 0 0 1 0 0 0 1 -2.42 0.88 0.85</i>
                <i>1 0 0 0 1 0 0 0 1 -2.42 0.88 0.85</i>
                <i>1 0 0 0 1 0 0 0 1 -2.42 0.88 0.85</i>
                <i>1 0 0 0 1 0 0 0 1 -2.42 0.88 0.85</i>
                <i>1 0 0 0 1 0 0 0 1 -2.42 0.88 0.85</i>
                <i>1 0 0 0 1 0 0 0 1 -2.42 0.88 0.85</i>
                <i>1 0 0 0 1 0 0 0 1 -2.42 0.88 0.85</i>
                <i>1 0 0 0 1 0 0 0 1 -2.42 0.88 0.85</i>
                <i>1 0 0 0 1 0 0 0 1 -2.42 0.88 0.85</i>
                <i>1 0 0 0 1 0 0 0 1 -2.42 0.88 0.85</i>
                <i>1 0 0 0 1 0 0 0 1 -2.42 0.88 0.85</i>
                <i>1 0 0 0 1 0 0 0 1 -2.42 0.88 0.85</i>
                <i>1 0 0 0 1 0 0 0 1 -2.42 0.88 0.85</i>
                <i>1 0 0 0 1 0 0 0 1 -2.42 0.88 0.85</i>
                <i>1 0 0 0 1 0 0 0 1 -2.42 0.88 0.85</i>
                <i>1 0 0 0 1 0 0 0 1 -2.42 0.88 0.85</i>
                <i>1 0 0 0 1 0 0 0 1 -2.42 0.88 0.85</i>
                <i>1 0 0 0 1 0 0 0 1 -2.42 0.88 0.85</i>
                <i>1 0 0 0 1 0 0 0 1 -2.42 0.88 0.85</i>
                <i>1 0 0 0 1 0 0 0 1 -2.42 0.88 0.85</i>
                <i>1 0 0 0 1 0 0 0 1 -2.42 0.88 0.85</i>
            </KeyFrames>
        </RefFrame>
        <Bones count="23">
            <i>
                <p>
                    <Name><![CDATA[pelvis]]></Name>
                    <Exclude>0</Exclude>
                    <Additive>0</Additive>
                    <IKPriority>0</IKPriority>
                    <IKRotLimits>-1e+010 -1e+010 -1e+010 1e+010 1e+010 1e+010</IKRotLimits>
                    <IKRotLimitOrder>2</IKRotLimitOrder>
                    <KeyFrames count="120">
                        <i>1 0 0 0 1 0 0 0 1 -1.89601 2.01405 -0.628427</i>
                        <i>1 0 0 0 1 0 0 0 1 -1.89601 2.01292 -0.628427</i>
                        <i>1 0 0 0 1 0 0 0 1 -1.89601 2.01195 -0.628427</i>
                        <i>1 0 0 0 1 0 0 0 1 -1.89601 2.01115 -0.628427</i>
                        <i>1 0 0 0 1 0 0 0 1 -1.89601 2.01052 -0.628427</i>
                        <i>1 0 0 0 1 0 0 0 1 -1.89601 2.01006 -0.628427</i>
                        <i>1 0 0 0 1 0 0 0 1 -1.89601 2.00977 -0.628427</i>
                        <i>1 0 0 0 1 0 0 0 1 -1.89601 2.00967 -0.628427</i>
                        <i>1 0 0 0 1 0 0 0 1 -1.89601 2.00975 -0.628427</i>
                        <i>1 0 0 0 1 0 0 0 1 -1.89601 2.01002 -0.628427</i>
                        <i>1 0 0 0 1 0 0 0 1 -1.89601 2.01046 -0.628427</i>
                        <i>1 0 0 0 1 0 0 0 1 -1.89601 2.01108 -0.628427</i>
                        <i>1 0 0 0 1 0 0 0 1 -1.89601 2.01188 -0.628427</i>
                        <i>1 0 0 0 1 0 0 0 1 -1.89601 2.01287 -0.628427</i>
                        <i>1 0 0 0 1 0 0 0 1 -1.89601 2.01405 -0.628427</i>
                        <i>1 0 0 0 1 0 0 0 1 -1.89601 2.01566 -0.628427</i>
                        <i>1 0 0 0 1 0 0 0 1 -1.89601 2.01783 -0.628427</i>
                        <i>1 0 0 0 1 0 0 0 1 -1.89601 2.02038 -0.628427</i>
                        <i>1 0 0 0 1 0 0 0 1 -1.89601 2.02314 -0.628427</i>
                        <i>1 0 0 0 1 0 0 0 1 -1.89601 2.02594 -0.628427</i>
                        <i>1 0 0 0 1 0 0 0 1 -1.89601 2.02862 -0.628427</i>
                        <i>1 0 0 0 1 0 0 0 1 -1.89601 2.031 -0.628427</i>
                        <i>1 0 0 0 1 0 0 0 1 -1.89601 2.0329 -0.628427</i>
                        <i>1 0 0 0 1 0 0 0 1 -1.89601 2.03417 -0.628427</i>
                        <i>1 0 0 0 1 0 0 0 1 -1.89601 2.03464 -0.628427</i>
                        <i>1 0 0 0 1 0 0 0 1 -1.89601 2.03249 -0.628427</i>
                        <i>1 0 0 0 1 0 0 0 1 -1.89601 2.02739 -0.628427</i>
                        <i>1 0 0 0 1 0 0 0 1 -1.89601 2.0213 -0.628427</i>
                        <i>1 0 0 0 1 0 0 0 1 -1.89601 2.01619 -0.628427</i>
                        <i>1 0 0 0 1 0 0 0 1 -1.89601 2.01405 -0.628427</i>
                        <i>1 0 0 0 1 0 0 0 1 -1.89601 2.01619 -0.628427</i>
                        <i>1 0 0 0 1 0 0 0 1 -1.89601 2.0213 -0.628427</i>
                        <i>1 0 0 0 1 0 0 0 1 -1.89601 2.02739 -0.628427</i>
                        <i>1 0 0 0 1 0 0 0 1 -1.89601 2.03249 -0.628427</i>
                        <i>1 0 0 0 1 0 0 0 1 -1.89601 2.03464 -0.628427</i>
                        <i>1 0 0 0 1 0 0 0 1 -1.89601 2.03249 -0.628427</i>
                        <i>1 0 0 0 1 0 0 0 1 -1.89601 2.02739 -0.628427</i>
                        <i>1 0 0 0 1 0 0 0 1 -1.89601 2.0213 -0.628427</i>
                        <i>1 0 0 0 1 0 0 0 1 -1.89601 2.01619 -0.628427</i>
                        <i>1 0 0 0 1 0 0 0 1 -1.89601 2.01405 -0.628427</i>
                        <i>1 0 0 0 1 0 0 0 1 -1.89601 2.01619 -0.628427</i>
                        <i>1 0 0 0 1 0 0 0 1 -1.89601 2.0213 -0.628427</i>
                        <i>1 0 0 0 1 0 0 0 1 -1.89601 2.02739 -0.628427</i>
                        <i>1 0 0 0 1 0 0 0 1 -1.89601 2.03249 -0.628427</i>
                        <i>1 0 0 0 1 0 0 0 1 -1.89601 2.03464 -0.628427</i>
                        <i>1 0 0 0 1 0 0 0 1 -1.89601 2.03249 -0.628427</i>
                        <i>1 0 0 0 1 0 0 0 1 -1.89601 2.02739 -0.628427</i>
                        <i>1 0 0 0 1 0 0 0 1 -1.89601 2.0213 -0.628427</i>
                        <i>1 0 0 0 1 0 0 0 1 -1.89601 2.01619 -0.628427</i>
                        <i>1 0 0 0 1 0 0 0 1 -1.89601 2.01405 -0.628427</i>
                        <i>1 0 0 0 1 0 0 0 1 -1.89601 2.01405 -0.628427</i>
                        <i>1 0 0 0 1 0 0 0 1 -1.89601 2.01405 -0.628427</i>
                        <i>1 0 0 0 1 0 0 0 1 -1.89601 2.01405 -0.628427</i>
                        <i>1 0 0 0 1 0 0 0 1 -1.89601 2.01405 -0.628427</i>
                        <i>1 0 0 0 1 0 0 0 1 -1.89601 2.01405 -0.628427</i>
                        <i>1 0 0 0 1 0 0 0 1 -1.89601 2.01405 -0.628427</i>
                        <i>1 0 0 0 1 0 0 0 1 -1.89601 2.01405 -0.628427</i>
                        <i>1 0 0 0 1 0 0 0 1 -1.89601 2.01405 -0.628427</i>
                        <i>1 0 0 0 1 0 0 0 1 -1.89601 2.01405 -0.628427</i>
                        <i>1 0 0 0 1 0 0 0 1 -1.89601 2.01405 -0.628427</i>
                        <i>1 0 0 0 1 0 0 0 1 -1.89601 2.01439 -0.628427</i>
                        <i>1 0 0 0 1 0 0 0 1 -1.89601 2.0153 -0.628427</i>
                        <i>1 0 0 0 1 0 0 0 1 -1.89601 2.01664 -0.628427</i>
                        <i>1 0 0 0 1 0 0 0 1 -1.89601 2.01827 -0.628427</i>
                        <i>1 0 0 0 1 0 0 0 1 -1.89601 2.02004 -0.628427</i>
                        <i>1 0 0 0 1 0 0 0 1 -1.89601 2.02181 -0.628427</i>
                        <i>1 0 0 0 1 0 0 0 1 -1.89601 2.02344 -0.628427</i>
                        <i>1 0 0 0 1 0 0 0 1 -1.89601 2.02479 -0.628427</i>
                        <i>1 0 0 0 1 0 0 0 1 -1.89601 2.0257 -0.628427</i>
                        <i>1 0 0 0 1 0 0 0 1 -1.89601 2.02603 -0.628427</i>
                        <i>1 0 0 0 1 0 0 0 1 -1.89601 2.02566 -0.628427</i>
                        <i>1 0 0 0 1 0 0 0 1 -1.89601 2.02465 -0.628427</i>
                        <i>1 0 0 0 1 0 0 0 1 -1.89601 2.02317 -0.628427</i>
                        <i>1 0 0 0 1 0 0 0 1 -1.89601 2.0214 -0.628427</i>
                        <i>1 0 0 0 1 0 0 0 1 -1.89601 2.0195 -0.628427</i>
                        <i>1 0 0 0 1 0 0 0 1 -1.89601 2.01765 -0.628427</i>
                        <i>1 0 0 0 1 0 0 0 1 -1.89601 2.01601 -0.628427</i>
                        <i>1 0 0 0 1 0 0 0 1 -1.89601 2.01475 -0.628427</i>
                        <i>1 0 0 0 1 0 0 0 1 -1.89601 2.01404 -0.628427</i>
                        <i>1 0 0 0 1 0 0 0 1 -1.89601 2.01405 -0.628427</i>
                        <i>1 0 0 0 1 0 0 0 1 -1.89601 2.01498 -0.628427</i>
                        <i>1 0 0 0 1 0 0 0 1 -1.89601 2.01674 -0.628427</i>
                        <i>1 0 0 0 1 0 0 0 1 -1.89601 2.01913 -0.628427</i>
                        <i>1 0 0 0 1 0 0 0 1 -1.89601 2.02192 -0.628427</i>
                        <i>1 0 0 0 1 0 0 0 1 -1.89601 2.02488 -0.628427</i>
                        <i>1 0 0 0 1 0 0 0 1 -1.89601 2.0278 -0.628427</i>
                        <i>1 0 0 0 1 0 0 0 1 -1.89601 2.03046 -0.628427</i>
                        <i>1 0 0 0 1 0 0 0 1 -1.89601 2.03263 -0.628427</i>
                        <i>1 0 0 0 1 0 0 0 1 -1.89601 2.0341 -0.628427</i>
                        <i>1 0 0 0 1 0 0 0 1 -1.89601 2.03464 -0.628427</i>
                        <i>1 0 0 0 1 0 0 0 1 -1.89601 2.03249 -0.628427</i>
                        <i>1 0 0 0 1 0 0 0 1 -1.89601 2.02739 -0.628427</i>
                        <i>1 0 0 0 1 0 0 0 1 -1.89601 2.0213 -0.628427</i>
                        <i>1 0 0 0 1 0 0 0 1 -1.89601 2.01619 -0.628427</i>
                        <i>1 0 0 0 1 0 0 0 1 -1.89601 2.01405 -0.628427</i>
                        <i>1 0 0 0 1 0 0 0 1 -1.89601 2.01619 -0.628427</i>
                        <i>1 0 0 0 1 0 0 0 1 -1.89601 2.0213 -0.628427</i>
                        <i>1 0 0 0 1 0 0 0 1 -1.89601 2.02739 -0.628427</i>
                        <i>1 0 0 0 1 0 0 0 1 -1.89601 2.03249 -0.628427</i>
                        <i>1 0 0 0 1 0 0 0 1 -1.89601 2.03464 -0.628427</i>
                        <i>1 0 0 0 1 0 0 0 1 -1.89601 2.03249 -0.628427</i>
                        <i>1 0 0 0 1 0 0 0 1 -1.89601 2.02739 -0.628427</i>
                        <i>1 0 0 0 1 0 0 0 1 -1.89601 2.0213 -0.628427</i>
                        <i>1 0 0 0 1 0 0 0 1 -1.89601 2.01619 -0.628427</i>
                        <i>1 0 0 0 1 0 0 0 1 -1.89601 2.01405 -0.628427</i>
                        <i>1 0 0 0 1 0 0 0 1 -1.89601 2.01619 -0.628427</i>
                        <i>1 0 0 0 1 0 0 0 1 -1.89601 2.0213 -0.628427</i>
                        <i>1 0 0 0 1 0 0 0 1 -1.89601 2.02739 -0.628427</i>
                        <i>1 0 0 0 1 0 0 0 1 -1.89601 2.03249 -0.628427</i>
                        <i>1 0 0 0 1 0 0 0 1 -1.89601 2.03464 -0.628427</i>
                        <i>1 0 0 0 1 0 0 0 1 -1.89601 2.03424 -0.628427</i>
                        <i>1 0 0 0 1 0 0 0 1 -1.89601 2.03315 -0.628427</i>
                        <i>1 0 0 0 1 0 0 0 1 -1.89601 2.03149 -0.628427</i>
                        <i>1 0 0 0 1 0 0 0 1 -1.89601 2.02937 -0.628427</i>
                        <i>1 0 0 0 1 0 0 0 1 -1.89601 2.02692 -0.628427</i>
                        <i>1 0 0 0 1 0 0 0 1 -1.89601 2.02426 -0.628427</i>
                        <i>1 0 0 0 1 0 0 0 1 -1.89601 2.02152 -0.628427</i>
                        <i>1 0 0 0 1 0 0 0 1 -1.89601 2.01883 -0.628427</i>
                        <i>1 0 0 0 1 0 0 0 1 -1.89601 2.01629 -0.628427</i>
                        <i>1 0 0 0 1 0 0 0 1 -1.89601 2.01405 -0.628427</i>
                    </KeyFrames>
                </p>
            </i>
            <i>
                <p>
                    <Name><![CDATA[spine0]]></Name>
                    <Exclude>0</Exclude>
                    <Additive>0</Additive>
                    <IKPriority>0</IKPriority>
                    <IKRotLimits>-1e+010 -1e+010 -1e+010 1e+010 1e+010 1e+010</IKRotLimits>
                    <IKRotLimitOrder>0</IKRotLimitOrder>
                    <KeyFrames count="120">
                        <i>0.0201045 0.996745 -0.0780774 0.904932 0.0150612 0.425289 0.42508 -0.079205 -0.901684 -1.90853 2.15235 -0.590828</i>
                        <i>0.0190135 0.99697 -0.0754284 0.904931 0.0149188 0.425298 0.425134 -0.0763438 -0.901905 -1.90853 2.15122 -0.590828</i>
                        <i>0.0182477 0.997123 -0.0735648 0.904929 0.0148172 0.425304 0.425171 -0.0743317 -0.902056 -1.90853 2.15025 -0.590828</i>
                        <i>0.0177661 0.997218 -0.0723911 0.904928 0.0147525 0.425308 0.425193 -0.0730648 -0.902149 -1.90853 2.14945 -0.590828</i>
                        <i>0.0175288 0.997264 -0.0718123 0.904928 0.0147205 0.42531 0.425204 -0.0724401 -0.902194 -1.90853 2.14881 -0.590828</i>
                        <i>0.0174967 0.99727 -0.0717341 0.904928 0.0147161 0.42531 0.425205 -0.0723557 -0.9022 -1.90853 2.14835 -0.590828</i>
                        <i>0.0176314 0.997244 -0.0720626 0.904928 0.0147344 0.425309 0.425199 -0.0727102 -0.902175 -1.90853 2.14807 -0.590828</i>
                        <i>0.0178944 0.997193 -0.072704 0.904929 0.0147698 0.425307 0.425187 -0.0734026 -0.902124 -1.90853 2.14796 -0.590828</i>
                        <i>0.0182477 0.997123 -0.0735648 0.904929 0.0148172 0.425304 0.425171 -0.0743317 -0.902056 -1.90853 2.14804 -0.590828</i>
                        <i>0.0186528 0.997043 -0.0745512 0.90493 0.0148711 0.425301 0.425151 -0.0753967 -0.901976 -1.90853 2.14831 -0.590828</i>
                        <i>0.0190715 0.996958 -0.0755694 0.904931 0.0149265 0.425297 0.425131 -0.0764961 -0.901893 -1.90853 2.14876 -0.590828</i>
                        <i>0.0194649 0.996878 -0.0765253 0.904931 0.0149781 0.425294 0.425112 -0.0775284 -0.901814 -1.90853 2.14938 -0.590828</i>
                        <i>0.0197943 0.996809 -0.0773247 0.904932 0.015021 0.425291 0.425096 -0.078392 -0.901747 -1.90853 2.15018 -0.590828</i>
                        <i>0.0200205 0.996762 -0.0778735 0.904932 0.0150503 0.425289 0.425084 -0.0789848 -0.901701 -1.90853 2.15117 -0.590828</i>
                        <i>0.0201045 0.996745 -0.0780774 0.904932 0.0150612 0.425289 0.42508 -0.079205 -0.901684 -1.90853 2.15235 -0.590828</i>
                        <i>0.0197847 0.996872 -0.0765205 0.904923 0.0146882 0.425322 0.425116 -0.07766 -0.901801 -1.90859 2.15392 -0.590686</i>
                        <i>0.0189897 0.997192 -0.0724424 0.904897 0.0136725 0.42541 0.425206 -0.0736314 -0.902097 -1.90874 2.15596 -0.590299</i>
                        <i>0.0179631 0.997609 -0.066732 0.904862 0.0121715 0.425531 0.425326 -0.0680271 -0.90248 -1.90896 2.15833 -0.589729</i>
                        <i>0.016935 0.998039 -0.0602573 0.904824 0.0103463 0.425661 0.42545 -0.0617308 -0.902874 -1.90923 2.16087 -0.589039</i>
                        <i>0.0161233 0.998419 -0.0538527 0.904787 0.00835461 0.425783 0.42556 -0.0555902 -0.903221 -1.90952 2.16343 -0.588289</i>
                        <i>0.016772 0.998566 -0.0508485 0.904756 0.00649012 0.425881 0.4256 -0.0531484 -0.903349 -1.9098 2.16586 -0.58754</i>
                        <i>0.0192444 0.998439 -0.0524374 0.904734 0.00493232 0.425948 0.425542 -0.055639 -0.903227 -1.91007 2.168 -0.586853</i>
                        <i>0.0223809 0.99817 -0.056178 0.904719 0.00368972 0.425993 0.42542 -0.0603594 -0.902981 -1.91029 2.16971 -0.586288</i>
                        <i>0.024917 0.997917 -0.0595124 0.90471 0.00281648 0.426018 0.425298 -0.0644566 -0.902755 -1.91044 2.17085 -0.585905</i>
                        <i>0.025546 0.99788 -0.0598629 0.904707 0.00239676 0.426028 0.425268 -0.0650417 -0.902727 -1.91049 2.17126 -0.585764</i>
                        <i>0.0242394 0.997966 -0.0589659 0.904715 0.00319658 0.426005 0.425327 -0.0636734 -0.902797 -1.91029 2.1693 -0.586288</i>
                        <i>0.0219857 0.997994 -0.0593606 0.904745 0.00540219 0.42592 0.425386 -0.0630703 -0.902812 -1.9098 2.16463 -0.58754</i>
                        <i>0.0190207 0.998035 -0.0597074 0.904798 0.00822746 0.425762 0.425417 -0.0621214 -0.902863 -1.90923 2.15903 -0.589039</i>
                        <i>0.0155647 0.998156 -0.0586713 0.904859 0.010905 0.425571 0.425426 -0.0597132 -0.903021 -1.90874 2.15432 -0.590299</i>
                        <i>0.0117987 0.998421 -0.0549233 0.9049 0.0127097 0.425435 0.425462 -0.0547196 -0.903321 -1.90853 2.15235 -0.590828</i>
                        <i>0.00831288 0.998798 -0.0483088 0.904889 0.0130463 0.425447 0.425566 -0.0472508 -0.903693 -1.90874 2.15432 -0.590299</i>
                        <i>0.00816546 0.998966 -0.0447233 0.904838 0.0116577 0.425597 0.425679 -0.0439425 -0.903807 -1.90923 2.15903 -0.589039</i>
                        <i>0.0118379 0.998851 -0.0464307 0.904778 0.00906931 0.425786 0.425718 -0.0470499 -0.903632 -1.9098 2.16463 -0.58754</i>
                        <i>0.0176237 0.998494 -0.0519483 0.904737 0.00619066 0.425926 0.425606 -0.0545059 -0.903265 -1.91029 2.1693 -0.586288</i>
                        <i>0.0237544 0.997928 -0.0597986 0.904718 0.003991 0.425993 0.425349 -0.0642201 -0.902748 -1.91049 2.17126 -0.585764</i>
                        <i>0.0279448 0.99734 -0.0673232 0.904717 0.0034066 0.426 0.425096 -0.0728129 -0.902215 -1.91029 2.1693 -0.586288</i>
                        <i>0.0268736 0.997314 -0.0681321 0.904737 0.00471955 0.425944 0.425121 -0.0730883 -0.902181 -1.9098 2.16463 -0.58754</i>
                        <i>0.0213375 0.997845 -0.0620514 0.904783 0.00713191 0.425814 0.425339 -0.0652288 -0.90268 -1.90923 2.15903 -0.589039</i>
                        <i>0.0135977 0.998575 -0.0516066 0.90484 0.00967599 0.425641 0.425534 -0.0524835 -0.903419 -1.90874 2.15432 -0.590299</i>
                        <i>0.00581998 0.99921 -0.0393077 0.90488 0.0114686 0.425512 0.425627 -0.0380452 -0.904099 -1.90853 2.15235 -0.590828</i>
                        <i>0.00054146 0.999583 -0.028865 0.904872 0.0117976 0.42552 0.425683 -0.0263495 -0.904489 -1.90874 2.15432 -0.590299</i>
                        <i>0.00101801 0.99964 -0.0268136 0.904825 0.010496 0.425654 0.425782 -0.024695 -0.904489 -1.90923 2.15903 -0.589039</i>
                        <i>0.0063448 0.999447 -0.0326416 0.904771 0.00816336 0.42582 0.425851 -0.0322349 -0.904219 -1.9098 2.16463 -0.58754</i>
                        <i>0.0143666 0.998944 -0.0436398 0.904733 0.005596 0.425942 0.425736 -0.0456017 -0.903697 -1.91029 2.1693 -0.586288</i>
                        <i>0.0228164 0.998108 -0.057101 0.904716 0.00368966 0.426 0.425404 -0.06138 -0.90292 -1.91049 2.17126 -0.585764</i>
                        <i>0.028872 0.997191 -0.069119 0.904716 0.00333321 0.426002 0.425035 -0.0748326 -0.902078 -1.91029 2.1693 -0.586288</i>
                        <i>0.0293439 0.996848 -0.0737131 0.904739 0.00486402 0.425939 0.424955 -0.0791899 -0.901744 -1.9098 2.16463 -0.58754</i>
                        <i>0.0253495 0.997116 -0.0715334 0.904788 0.00754437 0.425795 0.425106 -0.0755162 -0.901988 -1.90923 2.15903 -0.589039</i>
                        <i>0.018904 0.99774 -0.064479 0.904851 0.0103605 0.425602 0.425308 -0.0663895 -0.90261 -1.90874 2.15432 -0.590299</i>
                        <i>0.0119545 0.998446 -0.0544329 0.904894 0.0123605 0.425457 0.425469 -0.0543422 -0.90334 -1.90853 2.15235 -0.590828</i>
                        <i>0.00830948 0.998799 -0.0482907 0.904904 0.01304 0.425415 0.425534 -0.0472335 -0.903709 -1.90853 2.15235 -0.590828</i>
                        <i>0.00904298 0.998769 -0.0487764 0.904898 0.0125841 0.425443 0.425533 -0.0479849 -0.90367 -1.90853 2.15235 -0.590828</i>
                        <i>0.011243 0.99864 -0.0509149 0.904881 0.0115069 0.42551 0.425517 -0.050856 -0.90352 -1.90853 2.15235 -0.590828</i>
                        <i>0.0143218 0.998418 -0.0543644 0.904859 0.0101939 0.42559 0.425471 -0.0552873 -0.903282 -1.90853 2.15235 -0.590828</i>
                        <i>0.017705 0.998115 -0.0587544 0.904837 0.00900636 0.425662 0.425389 -0.0606995 -0.902973 -1.90853 2.15235 -0.590828</i>
                        <i>0.020912 0.997754 -0.0636406 0.904822 0.00818926 0.425711 0.425276 -0.0664859 -0.902618 -1.90853 2.15235 -0.590828</i>
                        <i>0.0236059 0.997372 -0.0684959 0.904815 0.00782252 0.425733 0.42515 -0.072026 -0.902253 -1.90853 2.15235 -0.590828</i>
                        <i>0.0256053 0.997023 -0.0727293 0.904815 0.0078185 0.425733 0.425035 -0.0767076 -0.901921 -1.90853 2.15235 -0.590828</i>
                        <i>0.0268514 0.996768 -0.0757186 0.904818 0.00796539 0.425725 0.424952 -0.0799428 -0.901679 -1.90853 2.15235 -0.590828</i>
                        <i>0.0273261 0.996669 -0.0768432 0.904819 0.00801532 0.425722 0.424919 -0.0811625 -0.901585 -1.90853 2.15235 -0.590828</i>
                        <i>0.0275165 0.996665 -0.0768162 0.904815 0.0078319 0.425733 0.424915 -0.0812192 -0.901583 -1.90853 2.15268 -0.590828</i>
                        <i>0.0279129 0.996659 -0.0767553 0.904808 0.00744808 0.425755 0.424905 -0.0813329 -0.901577 -1.90853 2.15359 -0.590828</i>
                        <i>0.0284586 0.996651 -0.0766657 0.904797 0.00691715 0.425787 0.424891 -0.0814842 -0.90157 -1.90853 2.15493 -0.590828</i>
                        <i>0.0290967 0.996641 -0.0765514 0.904784 0.00629238 0.425824 0.424875 -0.0816526 -0.901562 -1.90853 2.15656 -0.590828</i>
                        <i>0.0297698 0.996632 -0.0764162 0.90477 0.00562701 0.425863 0.424859 -0.081817 -0.901555 -1.90853 2.15834 -0.590828</i>
                        <i>0.0304209 0.996623 -0.076264 0.904756 0.0049743 0.425902 0.424843 -0.0819566 -0.901549 -1.90853 2.16011 -0.590828</i>
                        <i>0.0309932 0.996618 -0.0760999 0.904743 0.00438768 0.425936 0.42483 -0.0820519 -0.901547 -1.90853 2.16174 -0.590828</i>
                        <i>0.0314304 0.996618 -0.0759308 0.904732 0.00392089 0.425963 0.42482 -0.0820852 -0.901549 -1.90853 2.16308 -0.590828</i>
                        <i>0.0316772 0.996622 -0.0757668 0.904725 0.00362821 0.42598 0.424816 -0.082042 -0.901554 -1.90853 2.16399 -0.590828</i>
                        <i>0.0316792 0.996633 -0.0756218 0.904724 0.00356475 0.425984 0.424819 -0.0819116 -0.901565 -1.90853 2.16433 -0.590828</i>
                        <i>0.0312336 0.996653 -0.0755408 0.904732 0.00393264 0.425963 0.424834 -0.0816485 -0.901582 -1.90853 2.16395 -0.590828</i>
                        <i>0.0302658 0.996681 -0.0755664 0.904752 0.00481745 0.425911 0.424862 -0.0812594 -0.901604 -1.90853 2.16294 -0.590828</i>
                        <i>0.0289155 0.996711 -0.0757102 0.90478 0.00609804 0.425836 0.424897 -0.0808143 -0.901627 -1.90853 2.16147 -0.590828</i>
                        <i>0.0273224 0.996735 -0.0759736 0.904812 0.00764865 0.425743 0.424935 -0.0803741 -0.901649 -1.90853 2.1597 -0.590828</i>
                        <i>0.0256248 0.996752 -0.0763419 0.904844 0.00933814 0.425642 0.424972 -0.0799844 -0.901666 -1.90853 2.1578 -0.590828</i>
                        <i>0.0239576 0.99676 -0.0767819 0.904873 0.0110308 0.425539 0.425007 -0.0796728 -0.901677 -1.90853 2.15594 -0.590828</i>
                        <i>0.0224502 0.996759 -0.0772431 0.904898 0.0125882 0.425443 0.425037 -0.0794484 -0.901683 -1.90853 2.1543 -0.590828</i>
                        <i>0.0212263 0.996754 -0.0776608 0.904916 0.0138711 0.425363 0.42506 -0.0793054 -0.901685 -1.90853 2.15304 -0.590828</i>
                        <i>0.020405 0.996747 -0.0779626 0.904928 0.0147411 0.425309 0.425075 -0.079229 -0.901684 -1.90853 2.15233 -0.590828</i>
                        <i>0.0201045 0.996745 -0.0780774 0.904932 0.0150612 0.425289 0.42508 -0.079205 -0.901684 -1.90853 2.15235 -0.590828</i>
                        <i>0.0193293 0.99699 -0.0750836 0.90492 0.0144878 0.425335 0.425142 -0.0761661 -0.901916 -1.90859 2.15323 -0.590686</i>
                        <i>0.0173331 0.997585 -0.0672591 0.904888 0.0129623 0.425452 0.425296 -0.0682364 -0.902478 -1.90874 2.15487 -0.590299</i>
                        <i>0.0146091 0.998305 -0.0563392 0.904845 0.0107775 0.425606 0.425491 -0.057196 -0.903153 -1.90896 2.15708 -0.589729</i>
                        <i>0.0116518 0.998961 -0.0440582 0.904797 0.0082244 0.425763 0.425683 -0.0448247 -0.903762 -1.90923 2.15965 -0.589039</i>
                        <i>0.00895928 0.999443 -0.0321487 0.904754 0.00558925 0.425898 0.425841 -0.0329024 -0.9042 -1.90952 2.16237 -0.588289</i>
                        <i>0.00849839 0.99963 -0.0258402 0.90472 0.00332028 0.425993 0.425921 -0.0269984 -0.904357 -1.9098 2.16504 -0.58754</i>
                        <i>0.0105137 0.999602 -0.0261586 0.9047 0.00163367 0.426047 0.42592 -0.028145 -0.904323 -1.91007 2.16746 -0.586853</i>
                        <i>0.0128464 0.999512 -0.0284772 0.904688 0.00051159 0.426073 0.42588 -0.0312365 -0.90424 -1.91029 2.16944 -0.586288</i>
                        <i>0.0132623 0.999516 -0.0281402 0.904685 -8.16527e-006 0.426081 0.425875 -0.0311089 -0.904247 -1.91044 2.17077 -0.585905</i>
                        <i>0.0109929 0.999603 -0.0259313 0.904696 0.00110334 0.426056 0.425916 -0.0281435 -0.904325 -1.91049 2.17126 -0.585764</i>
                        <i>0.00878835 0.99955 -0.0286903 0.904724 0.00427231 0.425977 0.425908 -0.0297004 -0.904279 -1.91029 2.1693 -0.586288</i>
                        <i>0.00816146 0.999285 -0.0369217 0.904773 0.00834342 0.425813 0.425816 -0.036881 -0.904058 -1.9098 2.16463 -0.58754</i>
                        <i>0.00900787 0.998848 -0.0471383 0.90484 0.0119244 0.425584 0.425656 -0.0464863 -0.90369 -1.90923 2.15903 -0.589039</i>
                        <i>0.0110723 0.998383 -0.0557658 0.904898 0.0137261 0.425407 0.425485 -0.0551726 -0.903282 -1.90874 2.15432 -0.590299</i>
                        <i>0.0136824 0.998154 -0.0591706 0.904901 0.0128153 0.425429 0.425402 -0.0593644 -0.903055 -1.90853 2.15235 -0.590828</i>
                        <i>0.0152421 0.998366 -0.0550739 0.90484 0.00966589 0.425642 0.425479 -0.0563207 -0.903214 -1.90874 2.15432 -0.590299</i>
                        <i>0.0155693 0.998823 -0.0459398 0.904758 0.00548535 0.425891 0.425642 -0.0481953 -0.903607 -1.90923 2.15903 -0.589039</i>
                        <i>0.0147655 0.999268 -0.0353028 0.904698 0.00168367 0.426049 0.425797 -0.0382292 -0.904011 -1.9098 2.16463 -0.58754</i>
                        <i>0.0128614 0.999561 -0.0267072 0.90468 -0.000255847 0.426092 0.425898 -0.0296416 -0.904285 -1.91029 2.1693 -0.586288</i>
                        <i>0.0104728 0.999656 -0.024035 0.904693 0.000765987 0.426063 0.425935 -0.0262064 -0.904374 -1.91049 2.17126 -0.585764</i>
                        <i>0.00937679 0.999518 -0.0296097 0.904723 0.00413177 0.425981 0.425898 -0.0307829 -0.904247 -1.91029 2.1693 -0.586288</i>
                        <i>0.00978945 0.999128 -0.0405861 0.904773 0.00843208 0.42581 0.425781 -0.0408897 -0.903902 -1.9098 2.16463 -0.58754</i>
                        <i>0.0114213 0.998532 -0.0529492 0.904843 0.0122171 0.42557 0.425592 -0.0527712 -0.903375 -1.90923 2.15903 -0.589039</i>
                        <i>0.0138569 0.997941 -0.0626205 0.904903 0.0141277 0.425384 0.425393 -0.0625599 -0.902844 -1.90874 2.15432 -0.590299</i>
                        <i>0.0163161 0.997709 -0.0656592 0.904907 0.0131975 0.425405 0.425297 -0.0663564 -0.902618 -1.90853 2.15235 -0.590828</i>
                        <i>0.01729 0.998042 -0.0601066 0.904845 0.00995763 0.425625 0.425391 -0.0617462 -0.902901 -1.90874 2.15432 -0.590299</i>
                        <i>0.0167521 0.998664 -0.048889 0.904761 0.0056719 0.425882 0.425591 -0.0513673 -0.903457 -1.90923 2.15903 -0.589039</i>
                        <i>0.0150116 0.999237 -0.0360455 0.9047 0.00177744 0.426046 0.425785 -0.039006 -0.903983 -1.9098 2.16463 -0.58754</i>
                        <i>0.0123271 0.999596 -0.0256237 0.90468 -0.000234077 0.426092 0.425913 -0.0284337 -0.904317 -1.91029 2.1693 -0.586288</i>
                        <i>0.00923999 0.999731 -0.0212845 0.904693 0.000709406 0.426064 0.425965 -0.0231927 -0.904442 -1.91049 2.17126 -0.585764</i>
                        <i>0.00740404 0.999659 -0.0250297 0.904721 0.00396505 0.425985 0.425939 -0.0257989 -0.904384 -1.91029 2.17105 -0.586288</i>
                        <i>0.0071802 0.999384 -0.0343548 0.904771 0.00813756 0.42582 0.425838 -0.0341407 -0.904155 -1.9098 2.17039 -0.58754</i>
                        <i>0.00839442 0.998926 -0.0455657 0.904839 0.0118094 0.42559 0.425671 -0.0448022 -0.903768 -1.90923 2.16922 -0.589039</i>
                        <i>0.0107081 0.998436 -0.0548657 0.904897 0.0136721 0.42541 0.425495 -0.0542031 -0.903336 -1.90874 2.1675 -0.590299</i>
                        <i>0.0120606 0.998222 -0.0583799 0.904917 0.0139434 0.425359 0.425416 -0.0579591 -0.90314 -1.90853 2.16521 -0.590828</i>
                        <i>0.0129613 0.998078 -0.0606053 0.904919 0.0140766 0.42535 0.425386 -0.060356 -0.902997 -1.90853 2.16256 -0.590828</i>
                        <i>0.0145554 0.99781 -0.0645311 0.904922 0.0143072 0.425336 0.425328 -0.0645866 -0.902732 -1.90853 2.15982 -0.590828</i>
                        <i>0.0165082 0.997458 -0.0693191 0.904926 0.0145811 0.425319 0.425248 -0.0697499 -0.902385 -1.90853 2.15712 -0.590828</i>
                        <i>0.0184759 0.997078 -0.0741205 0.90493 0.0148476 0.425302 0.42516 -0.0749316 -0.902011 -1.90853 2.15459 -0.590828</i>
                        <i>0.0201045 0.996745 -0.0780774 0.904932 0.0150612 0.425289 0.42508 -0.079205 -0.901684 -1.90853 2.15235 -0.590828</i>
                    </KeyFrames>
                </p>
            </i>
            <i>
                <p>
                    <Name><![CDATA[spine1]]></Name>
                    <Exclude>0</Exclude>
                    <Additive>0</Additive>
                    <IKPriority>0</IKPriority>
                    <IKRotLimits>-1e+010 -1e+010 -1e+010 1e+010 1e+010 1e+010</IKRotLimits>
                    <IKRotLimitOrder>0</IKRotLimitOrder>
                    <KeyFrames count="120">
                        <i>0.0326238 0.986508 -0.160431 0.911778 0.0363726 0.409069 0.409385 -0.159623 -0.89829 -1.90508 2.32349 -0.604233</i>
                        <i>0.0321713 0.986705 -0.159307 0.911965 0.0362461 0.408665 0.409006 -0.15843 -0.898674 -1.90527 2.32243 -0.603781</i>
                        <i>0.0318524 0.986843 -0.158515 0.912095 0.0361576 0.408381 0.408739 -0.157588 -0.898943 -1.9054 2.32152 -0.603463</i>
                        <i>0.0316513 0.986929 -0.158014 0.912177 0.0361021 0.408202 0.408572 -0.157057 -0.899112 -1.90548 2.32075 -0.603262</i>
                        <i>0.031552 0.986972 -0.157767 0.912218 0.0360747 0.408114 0.408489 -0.156795 -0.899195 -1.90552 2.32013 -0.603163</i>
                        <i>0.0315386 0.986978 -0.157734 0.912223 0.036071 0.408102 0.408478 -0.156759 -0.899207 -1.90553 2.31967 -0.60315</i>
                        <i>0.0315949 0.986954 -0.157874 0.9122 0.0360865 0.408152 0.408525 -0.156908 -0.899159 -1.90551 2.31938 -0.603206</i>
                        <i>0.0317049 0.986906 -0.158148 0.912156 0.0361169 0.40825 0.408616 -0.157199 -0.899067 -1.90546 2.31926 -0.603316</i>
                        <i>0.0318524 0.986843 -0.158515 0.912095 0.0361576 0.408381 0.408739 -0.157588 -0.898943 -1.9054 2.31931 -0.603463</i>
                        <i>0.0320213 0.98677 -0.158934 0.912026 0.0362044 0.408531 0.40888 -0.158034 -0.8988 -1.90533 2.31955 -0.603631</i>
                        <i>0.0321954 0.986694 -0.159367 0.911955 0.0362529 0.408686 0.409026 -0.158494 -0.898653 -1.90526 2.31997 -0.603805</i>
                        <i>0.0323588 0.986623 -0.159773 0.911887 0.0362984 0.408832 0.409163 -0.158925 -0.898515 -1.90519 2.32056 -0.603968</i>
                        <i>0.0324954 0.986564 -0.160112 0.911831 0.0363366 0.408954 0.409277 -0.159285 -0.898399 -1.90514 2.32134 -0.604105</i>
                        <i>0.032589 0.986523 -0.160345 0.911793 0.0363628 0.409038 0.409356 -0.159532 -0.898319 -1.9051 2.32231 -0.604198</i>
                        <i>0.0326238 0.986508 -0.160431 0.911778 0.0363726 0.409069 0.409385 -0.159623 -0.89829 -1.90508 2.32349 -0.604233</i>
                        <i>0.033648 0.986096 -0.162735 0.911908 0.0363445 0.408783 0.409014 -0.162154 -0.898006 -1.90519 2.32512 -0.603826</i>
                        <i>0.0359971 0.985151 -0.167877 0.912199 0.0362189 0.408143 0.408162 -0.167829 -0.89735 -1.90548 2.32732 -0.602745</i>
                        <i>0.0385863 0.984129 -0.173208 0.912509 0.035938 0.407476 0.407234 -0.173777 -0.89664 -1.90587 2.32989 -0.601202</i>
                        <i>0.0403363 0.983549 -0.176082 0.91271 0.035445 0.407067 0.406612 -0.177131 -0.896265 -1.90631 2.33261 -0.599405</i>
                        <i>0.0401754 0.983951 -0.173857 0.91271 0.0346709 0.407134 0.406627 -0.175038 -0.896669 -1.90674 2.33528 -0.597554</i>
                        <i>0.0383053 0.985193 -0.167116 0.912369 0.0337302 0.407977 0.407573 -0.168099 -0.897568 -1.90692 2.33763 -0.596284</i>
                        <i>0.0357914 0.986675 -0.158717 0.911771 0.0327805 0.409389 0.409137 -0.159367 -0.898448 -1.90676 2.33955 -0.595861</i>
                        <i>0.0328641 0.988221 -0.149461 0.911132 0.0318426 0.410883 0.410803 -0.149682 -0.899353 -1.90645 2.34103 -0.595929</i>
                        <i>0.0297613 0.989674 -0.140213 0.910618 0.0309988 0.412085 0.412177 -0.139945 -0.900292 -1.90616 2.342 -0.596112</i>
                        <i>0.0267102 0.990909 -0.131856 0.910371 0.0303738 0.412677 0.41293 -0.13106 -0.901283 -1.90611 2.34235 -0.596029</i>
                        <i>0.0237869 0.991828 -0.125349 0.910409 0.0303105 0.412598 0.413025 -0.123933 -0.902248 -1.90613 2.3404 -0.596398</i>
                        <i>0.0209373 0.992483 -0.120579 0.910643 0.0308487 0.41204 0.412663 -0.118431 -0.903152 -1.90604 2.33572 -0.597717</i>
                        <i>0.0181828 0.99299 -0.116791 0.911062 0.0316636 0.411052 0.411869 -0.113878 -0.904099 -1.90596 2.33014 -0.599276</i>
                        <i>0.0155418 0.993446 -0.113244 0.91159 0.0324543 0.409819 0.410808 -0.109601 -0.90511 -1.90607 2.32548 -0.60036</i>
                        <i>0.013024 0.993933 -0.109214 0.912063 0.0329594 0.408723 0.409843 -0.104933 -0.9061 -1.90651 2.3236 -0.600249</i>
                        <i>0.0110838 0.994393 -0.105168 0.912271 0.0330088 0.408254 0.409436 -0.100467 -0.90679 -1.90731 2.3257 -0.598587</i>
