<?xml version="1.0" encoding="ISO-8859-1" ?>
<Animl Version="1">
    <ModellingPackage><![CDATA[Maya.2010]]></ModellingPackage>
    <SrcFile><![CDATA[anims\turrets\antitank\blue\~src\at_m40recoilless\antitank_m40recoilless_aim_random_crewman_b.mb]]></SrcFile>
    <FramesPerSecond>30</FramesPerSecond>
    <TotalFrames>60</TotalFrames>
    <Skeleton>
        <RefFrame>
            <Name><![CDATA[soldier_ref_frame]]></Name>
            <Exclude>0</Exclude>
            <Additive>0</Additive>
            <IKPriority>0</IKPriority>
            <IKRotLimits>-1e+010 -1e+010 -1e+010 1e+010 1e+010 1e+010</IKRotLimits>
            <IKRotLimitOrder>0</IKRotLimitOrder>
            <KeyFrames count="60">
                <i>1 0 0 0 1 0 0 0 1 -1.48 0.87 -1.66</i>
                <i>1 0 0 0 1 0 0 0 1 -1.48 0.87 -1.66</i>
                <i>1 0 0 0 1 0 0 0 1 -1.48 0.87 -1.66</i>
                <i>1 0 0 0 1 0 0 0 1 -1.48 0.87 -1.66</i>
                <i>1 0 0 0 1 0 0 0 1 -1.48 0.87 -1.66</i>
                <i>1 0 0 0 1 0 0 0 1 -1.48 0.87 -1.66</i>
                <i>1 0 0 0 1 0 0 0 1 -1.48 0.87 -1.66</i>
                <i>1 0 0 0 1 0 0 0 1 -1.48 0.87 -1.66</i>
                <i>1 0 0 0 1 0 0 0 1 -1.48 0.87 -1.66</i>
                <i>1 0 0 0 1 0 0 0 1 -1.48 0.87 -1.66</i>
                <i>1 0 0 0 1 0 0 0 1 -1.48 0.87 -1.66</i>
                <i>1 0 0 0 1 0 0 0 1 -1.48 0.87 -1.66</i>
                <i>1 0 0 0 1 0 0 0 1 -1.48 0.87 -1.66</i>
                <i>1 0 0 0 1 0 0 0 1 -1.48 0.87 -1.66</i>
                <i>1 0 0 0 1 0 0 0 1 -1.48 0.87 -1.66</i>
                <i>1 0 0 0 1 0 0 0 1 -1.48 0.87 -1.66</i>
                <i>1 0 0 0 1 0 0 0 1 -1.48 0.87 -1.66</i>
                <i>1 0 0 0 1 0 0 0 1 -1.48 0.87 -1.66</i>
                <i>1 0 0 0 1 0 0 0 1 -1.48 0.87 -1.66</i>
                <i>1 0 0 0 1 0 0 0 1 -1.48 0.87 -1.66</i>
                <i>1 0 0 0 1 0 0 0 1 -1.48 0.87 -1.66</i>
                <i>1 0 0 0 1 0 0 0 1 -1.48 0.87 -1.66</i>
                <i>1 0 0 0 1 0 0 0 1 -1.48 0.87 -1.66</i>
                <i>1 0 0 0 1 0 0 0 1 -1.48 0.87 -1.66</i>
                <i>1 0 0 0 1 0 0 0 1 -1.48 0.87 -1.66</i>
                <i>1 0 0 0 1 0 0 0 1 -1.48 0.87 -1.66</i>
                <i>1 0 0 0 1 0 0 0 1 -1.48 0.87 -1.66</i>
                <i>1 0 0 0 1 0 0 0 1 -1.48 0.87 -1.66</i>
                <i>1 0 0 0 1 0 0 0 1 -1.48 0.87 -1.66</i>
                <i>1 0 0 0 1 0 0 0 1 -1.48 0.87 -1.66</i>
                <i>1 0 0 0 1 0 0 0 1 -1.48 0.87 -1.66</i>
                <i>1 0 0 0 1 0 0 0 1 -1.48 0.87 -1.66</i>
                <i>1 0 0 0 1 0 0 0 1 -1.48 0.87 -1.66</i>
                <i>1 0 0 0 1 0 0 0 1 -1.48 0.87 -1.66</i>
                <i>1 0 0 0 1 0 0 0 1 -1.48 0.87 -1.66</i>
                <i>1 0 0 0 1 0 0 0 1 -1.48 0.87 -1.66</i>
                <i>1 0 0 0 1 0 0 0 1 -1.48 0.87 -1.66</i>
                <i>1 0 0 0 1 0 0 0 1 -1.48 0.87 -1.66</i>
                <i>1 0 0 0 1 0 0 0 1 -1.48 0.87 -1.66</i>
                <i>1 0 0 0 1 0 0 0 1 -1.48 0.87 -1.66</i>
                <i>1 0 0 0 1 0 0 0 1 -1.48 0.87 -1.66</i>
                <i>1 0 0 0 1 0 0 0 1 -1.48 0.87 -1.66</i>
                <i>1 0 0 0 1 0 0 0 1 -1.48 0.87 -1.66</i>
                <i>1 0 0 0 1 0 0 0 1 -1.48 0.87 -1.66</i>
                <i>1 0 0 0 1 0 0 0 1 -1.48 0.87 -1.66</i>
                <i>1 0 0 0 1 0 0 0 1 -1.48 0.87 -1.66</i>
                <i>1 0 0 0 1 0 0 0 1 -1.48 0.87 -1.66</i>
                <i>1 0 0 0 1 0 0 0 1 -1.48 0.87 -1.66</i>
                <i>1 0 0 0 1 0 0 0 1 -1.48 0.87 -1.66</i>
                <i>1 0 0 0 1 0 0 0 1 -1.48 0.87 -1.66</i>
                <i>1 0 0 0 1 0 0 0 1 -1.48 0.87 -1.66</i>
                <i>1 0 0 0 1 0 0 0 1 -1.48 0.87 -1.66</i>
                <i>1 0 0 0 1 0 0 0 1 -1.48 0.87 -1.66</i>
                <i>1 0 0 0 1 0 0 0 1 -1.48 0.87 -1.66</i>
                <i>1 0 0 0 1 0 0 0 1 -1.48 0.87 -1.66</i>
                <i>1 0 0 0 1 0 0 0 1 -1.48 0.87 -1.66</i>
                <i>1 0 0 0 1 0 0 0 1 -1.48 0.87 -1.66</i>
                <i>1 0 0 0 1 0 0 0 1 -1.48 0.87 -1.66</i>
                <i>1 0 0 0 1 0 0 0 1 -1.48 0.87 -1.66</i>
                <i>1 0 0 0 1 0 0 0 1 -1.48 0.87 -1.66</i>
            </KeyFrames>
        </RefFrame>
        <Bones count="23">
            <i>
                <p>
                    <Name><![CDATA[pelvis]]></Name>
                    <Exclude>0</Exclude>
                    <Additive>0</Additive>
                    <IKPriority>0</IKPriority>
                    <IKRotLimits>-1e+010 -1e+010 -1e+010 1e+010 1e+010 1e+010</IKRotLimits>
                    <IKRotLimitOrder>2</IKRotLimitOrder>
                    <KeyFrames count="60">
                        <i>1 0 0 0 1 0 0 0 1 -1.46071 1.46685 -1.66659</i>
                        <i>1 0 0 0 1 0 0 0 1 -1.46071 1.46265 -1.66659</i>
                        <i>1 0 0 0 1 0 0 0 1 -1.46071 1.45342 -1.66659</i>
                        <i>1 0 0 0 1 0 0 0 1 -1.46071 1.44419 -1.66659</i>
                        <i>1 0 0 0 1 0 0 0 1 -1.46071 1.44 -1.66659</i>
                        <i>1 0 0 0 1 0 0 0 1 -1.46071 1.44279 -1.66659</i>
                        <i>1 0 0 0 1 0 0 0 1 -1.46071 1.44945 -1.66659</i>
                        <i>1 0 0 0 1 0 0 0 1 -1.46071 1.45739 -1.66659</i>
                        <i>1 0 0 0 1 0 0 0 1 -1.46071 1.46405 -1.66659</i>
                        <i>1 0 0 0 1 0 0 0 1 -1.46071 1.46685 -1.66659</i>
                        <i>1 0 0 0 1 0 0 0 1 -1.46071 1.46668 -1.66659</i>
                        <i>1 0 0 0 1 0 0 0 1 -1.46071 1.46622 -1.66659</i>
                        <i>1 0 0 0 1 0 0 0 1 -1.46071 1.46552 -1.66659</i>
                        <i>1 0 0 0 1 0 0 0 1 -1.46071 1.46464 -1.66659</i>
                        <i>1 0 0 0 1 0 0 0 1 -1.46071 1.46364 -1.66659</i>
                        <i>1 0 0 0 1 0 0 0 1 -1.46071 1.46257 -1.66659</i>
                        <i>1 0 0 0 1 0 0 0 1 -1.46071 1.46151 -1.66659</i>
                        <i>1 0 0 0 1 0 0 0 1 -1.46071 1.46051 -1.66659</i>
                        <i>1 0 0 0 1 0 0 0 1 -1.46071 1.45962 -1.66659</i>
                        <i>1 0 0 0 1 0 0 0 1 -1.46071 1.45891 -1.66659</i>
                        <i>1 0 0 0 1 0 0 0 1 -1.46071 1.45845 -1.66659</i>
                        <i>1 0 0 0 1 0 0 0 1 -1.46071 1.45828 -1.66659</i>
                        <i>1 0 0 0 1 0 0 0 1 -1.46071 1.45839 -1.66659</i>
                        <i>1 0 0 0 1 0 0 0 1 -1.46071 1.4587 -1.66659</i>
                        <i>1 0 0 0 1 0 0 0 1 -1.46071 1.45918 -1.66659</i>
                        <i>1 0 0 0 1 0 0 0 1 -1.46071 1.45981 -1.66659</i>
                        <i>1 0 0 0 1 0 0 0 1 -1.46071 1.46054 -1.66659</i>
                        <i>1 0 0 0 1 0 0 0 1 -1.46071 1.46136 -1.66659</i>
                        <i>1 0 0 0 1 0 0 0 1 -1.46071 1.46223 -1.66659</i>
                        <i>1 0 0 0 1 0 0 0 1 -1.46071 1.46312 -1.66659</i>
                        <i>1 0 0 0 1 0 0 0 1 -1.46071 1.464 -1.66659</i>
                        <i>1 0 0 0 1 0 0 0 1 -1.46071 1.46484 -1.66659</i>
                        <i>1 0 0 0 1 0 0 0 1 -1.46071 1.46562 -1.66659</i>
                        <i>1 0 0 0 1 0 0 0 1 -1.46071 1.4663 -1.66659</i>
                        <i>1 0 0 0 1 0 0 0 1 -1.46071 1.46685 -1.66659</i>
                        <i>1 0 0 0 1 0 0 0 1 -1.46071 1.46715 -1.66659</i>
                        <i>1 0 0 0 1 0 0 0 1 -1.46071 1.46719 -1.66659</i>
                        <i>1 0 0 0 1 0 0 0 1 -1.46071 1.46708 -1.66659</i>
                        <i>1 0 0 0 1 0 0 0 1 -1.46071 1.46692 -1.66659</i>
                        <i>1 0 0 0 1 0 0 0 1 -1.46071 1.46685 -1.66659</i>
                        <i>1 0 0 0 1 0 0 0 1 -1.46071 1.46685 -1.66659</i>
                        <i>1 0 0 0 1 0 0 0 1 -1.46071 1.46685 -1.66659</i>
                        <i>1 0 0 0 1 0 0 0 1 -1.46071 1.46685 -1.66659</i>
                        <i>1 0 0 0 1 0 0 0 1 -1.46071 1.46685 -1.66659</i>
                        <i>1 0 0 0 1 0 0 0 1 -1.46071 1.46685 -1.66659</i>
                        <i>1 0 0 0 1 0 0 0 1 -1.46071 1.46685 -1.66659</i>
                        <i>1 0 0 0 1 0 0 0 1 -1.46071 1.46685 -1.66659</i>
                        <i>1 0 0 0 1 0 0 0 1 -1.46071 1.46685 -1.66659</i>
                        <i>1 0 0 0 1 0 0 0 1 -1.46071 1.46685 -1.66659</i>
                        <i>1 0 0 0 1 0 0 0 1 -1.46071 1.46685 -1.66659</i>
                        <i>1 0 0 0 1 0 0 0 1 -1.46071 1.46685 -1.66659</i>
                        <i>1 0 0 0 1 0 0 0 1 -1.46071 1.46685 -1.66659</i>
                        <i>1 0 0 0 1 0 0 0 1 -1.46071 1.46685 -1.66659</i>
                        <i>1 0 0 0 1 0 0 0 1 -1.46071 1.46685 -1.66659</i>
                        <i>1 0 0 0 1 0 0 0 1 -1.46071 1.46685 -1.66659</i>
                        <i>1 0 0 0 1 0 0 0 1 -1.46071 1.46685 -1.66659</i>
                        <i>1 0 0 0 1 0 0 0 1 -1.46071 1.46685 -1.66659</i>
                        <i>1 0 0 0 1 0 0 0 1 -1.46071 1.46685 -1.66659</i>
                        <i>1 0 0 0 1 0 0 0 1 -1.46071 1.46685 -1.66659</i>
                        <i>1 0 0 0 1 0 0 0 1 -1.46071 1.46685 -1.66659</i>
                    </KeyFrames>
                </p>
            </i>
            <i>
                <p>
                    <Name><![CDATA[spine0]]></Name>
                    <Exclude>0</Exclude>
                    <Additive>0</Additive>
                    <IKPriority>0</IKPriority>
                    <IKRotLimits>-1e+010 -1e+010 -1e+010 1e+010 1e+010 1e+010</IKRotLimits>
                    <IKRotLimitOrder>0</IKRotLimitOrder>
                    <KeyFrames count="60">
                        <i>0.239358 0.914137 0.327202 -0.765915 -0.0293447 0.642272 0.596726 -0.404342 0.693127 -1.47055 1.60915 -1.68529</i>
                        <i>0.238819 0.914167 0.327513 -0.770446 -0.0269191 0.636937 0.591083 -0.404444 0.697887 -1.47085 1.60462 -1.6875</i>
                        <i>0.236975 0.914367 0.328292 -0.78231 -0.020767 0.622543 0.576051 -0.404353 0.710397 -1.47123 1.59455 -1.69243</i>
                        <i>0.233311 0.915166 0.328689 -0.799138 -0.0121315 0.601025 0.554026 -0.402894 0.728514 -1.47093 1.5843 -1.69759</i>
                        <i>0.227134 0.917441 0.326668 -0.819292 -0.001323 0.573375 0.52647 -0.397869 0.751352 -1.46945 1.57954 -1.70046</i>
                        <i>0.218442 0.921896 0.319985 -0.840744 0.0113257 0.541315 0.495412 -0.387271 0.777553 -1.46699 1.58257 -1.70003</i>
                        <i>0.209172 0.927509 0.309798 -0.860606 0.024174 0.508697 0.464332 -0.373019 0.803276 -1.46437 1.58986 -1.69768</i>
                        <i>0.201095 0.932875 0.298838 -0.876839 0.0354198 0.479477 0.436708 -0.358453 0.825105 -1.46214 1.59852 -1.69447</i>
                        <i>0.195137 0.937171 0.289193 -0.888245 0.0438438 0.457273 0.415864 -0.346105 0.840993 -1.46059 1.60573 -1.69153</i>
                        <i>0.191711 0.940013 0.282175 -0.894112 0.0487135 0.445185 0.404734 -0.337643 0.849816 -1.45986 1.60878 -1.69005</i>
                        <i>0.191446 0.940382 0.281123 -0.894078 0.048919 0.445233 0.404936 -0.336583 0.85014 -1.45988 1.6086 -1.69015</i>
                        <i>0.190716 0.941389 0.278234 -0.893982 0.0494823 0.445362 0.405491 -0.333674 0.851022 -1.45996 1.60809 -1.69044</i>
                        <i>0.189623 0.942876 0.273914 -0.893839 0.0503232 0.445555 0.406319 -0.329323 0.852321 -1.46007 1.60732 -1.69087</i>
                        <i>0.188265 0.944684 0.268567 -0.893661 0.0513612 0.445794 0.40734 -0.323935 0.853897 -1.46022 1.60634 -1.69142</i>
                        <i>0.186744 0.946662 0.262596 -0.893461 0.0525168 0.446059 0.408477 -0.317918 0.855614 -1.46038 1.60523 -1.69203</i>
                        <i>0.185162 0.948668 0.256406 -0.893253 0.053711 0.446334 0.409651 -0.311679 0.857346 -1.46055 1.60405 -1.69268</i>
                        <i>0.183621 0.95057 0.250399 -0.893049 0.0548662 0.446602 0.410788 -0.305624 0.85898 -1.46073 1.60286 -1.69333</i>
                        <i>0.182227 0.95225 0.244977 -0.892862 0.0559058 0.446848 0.411815 -0.300158 0.860415 -1.46089 1.60174 -1.69394</i>
                        <i>0.181086 0.953597 0.240542 -0.892704 0.0567539 0.447055 0.412658 -0.295689 0.861558 -1.46104 1.60075 -1.69448</i>
                        <i>0.180303 0.954508 0.237496 -0.89259 0.0573351 0.447208 0.413247 -0.29262 0.862323 -1.46115 1.59996 -1.69491</i>
                        <i>0.179987 0.95488 0.236238 -0.892532 0.0575737 0.447293 0.41351 -0.291357 0.862624 -1.46123 1.59943 -1.6952</i>
                        <i>0.180088 0.954772 0.2366 -0.892531 0.0575019 0.447306 0.41347 -0.291727 0.862518 -1.46126 1.59924 -1.6953</i>
                        <i>0.18047 0.954352 0.237999 -0.892563 0.0572426 0.447275 0.413234 -0.293148 0.86215 -1.46124 1.59936 -1.69526</i>
                        <i>0.181093 0.953675 0.24023 -0.892614 0.0568424 0.447224 0.412851 -0.295421 0.861557 -1.46118 1.5997 -1.69514</i>
                        <i>0.181914 0.952774 0.243163 -0.892683 0.0563206 0.447152 0.41234 -0.29841 0.860771 -1.46109 1.60022 -1.69496</i>
                        <i>0.182891 0.951686 0.246666 -0.89277 0.0556966 0.447057 0.411719 -0.301979 0.859823 -1.46098 1.60089 -1.6947</i>
                        <i>0.18398 0.950446 0.250608 -0.892873 0.0549898 0.446937 0.411009 -0.305989 0.858745 -1.46084 1.60169 -1.69438</i>
                        <i>0.185139 0.94909 0.254857 -0.892993 0.05422 0.446793 0.410228 -0.310305 0.857569 -1.4607 1.60258 -1.694</i>
                        <i>0.186326 0.947658 0.259282 -0.893127 0.0534068 0.446623 0.409399 -0.31479 0.856329 -1.46055 1.60354 -1.69357</i>
                        <i>0.187499 0.946192 0.263751 -0.893273 0.0525702 0.44643 0.408543 -0.319307 0.855065 -1.4604 1.60452 -1.69309</i>
                        <i>0.188616 0.944738 0.268132 -0.89343 0.0517297 0.446213 0.407684 -0.32372 0.853814 -1.46025 1.6055 -1.69255</i>
                        <i>0.189636 0.943342 0.272295 -0.893596 0.050905 0.445976 0.406847 -0.327895 0.85262 -1.46012 1.60644 -1.69198</i>
                        <i>0.190519 0.942054 0.276109 -0.893767 0.0501151 0.445723 0.406058 -0.331696 0.851525 -1.46 1.60733 -1.69137</i>
                        <i>0.191224 0.940927 0.279445 -0.89394 0.0493787 0.445458 0.405345 -0.33499 0.850575 -1.45991 1.60812 -1.69072</i>
                        <i>0.191711 0.940013 0.282175 -0.894112 0.0487135 0.445185 0.404734 -0.337643 0.849816 -1.45986 1.60878 -1.69005</i>
                        <i>0.191614 0.939519 0.28388 -0.894366 0.0480215 0.444751 0.40422 -0.339113 0.849476 -1.45987 1.60927 -1.68889</i>
                        <i>0.190805 0.939511 0.284452 -0.894694 0.0472217 0.444177 0.403877 -0.339249 0.849584 -1.45998 1.60958 -1.68712</i>
                        <i>0.189603 0.939836 0.284181 -0.89498 0.0463949 0.443688 0.403809 -0.338461 0.849931 -1.46016 1.60973 -1.6852</i>
                        <i>0.188312 0.940383 0.283228 -0.895161 0.0457138 0.443392 0.404011 -0.337031 0.850403 -1.46038 1.60977 -1.68363</i>
                        <i>0.187223 0.941077 0.281639 -0.895221 0.0454323 0.443301 0.404385 -0.335126 0.850978 -1.4606 1.60978 -1.68289</i>
                        <i>0.186972 0.94137 0.280827 -0.895201 0.0455488 0.44333 0.404546 -0.334286 0.851232 -1.46067 1.60977 -1.68302</i>
                        <i>0.186288 0.942161 0.278621 -0.895146 0.0458653 0.443406 0.404981 -0.332008 0.851916 -1.46085 1.60973 -1.68338</i>
                        <i>0.185279 0.943315 0.275371 -0.895068 0.0463322 0.443517 0.405617 -0.32865 0.852915 -1.46112 1.60966 -1.68391</i>
                        <i>0.184051 0.944699 0.271422 -0.894974 0.0469001 0.443645 0.406381 -0.324569 0.854113 -1.46144 1.60958 -1.68456</i>
                        <i>0.182713 0.946183 0.267123 -0.894875 0.0475191 0.443779 0.407203 -0.320126 0.855398 -1.4618 1.60949 -1.68526</i>
                        <i>0.181371 0.947644 0.262822 -0.894779 0.0481391 0.443907 0.408013 -0.315679 0.856663 -1.46215 1.60939 -1.68596</i>
                        <i>0.180136 0.948967 0.258868 -0.894693 0.0487097 0.444018 0.408749 -0.311591 0.857808 -1.46247 1.6093 -1.6866</i>
                        <i>0.179116 0.950042 0.255612 -0.894624 0.0491801 0.444106 0.409348 -0.308223 0.858739 -1.46274 1.60922 -1.68713</i>
                        <i>0.178424 0.950764 0.253402 -0.894578 0.0494996 0.444163 0.409751 -0.305937 0.859364 -1.46292 1.60917 -1.68749</i>
                        <i>0.178169 0.951029 0.252587 -0.894561 0.0496173 0.444184 0.409899 -0.305094 0.859593 -1.46299 1.60914 -1.68762</i>
                        <i>0.180284 0.949347 0.257368 -0.887469 0.0441673 0.458746 0.424142 -0.311111 0.850478 -1.46357 1.60913 -1.68764</i>
                        <i>0.184088 0.946457 0.2652 -0.876713 0.0361221 0.479656 0.444394 -0.320803 0.83642 -1.46434 1.60913 -1.68751</i>
                        <i>0.189615 0.94255 0.275038 -0.862835 0.0262766 0.504802 0.468574 -0.333031 0.818247 -1.46525 1.60914 -1.68726</i>
                        <i>0.196779 0.937853 0.28585 -0.846529 0.0154318 0.532119 0.494638 -0.34669 0.796956 -1.46625 1.60915 -1.68693</i>
                        <i>0.20527 0.932659 0.296667 -0.828719 0.00437689 0.559648 0.520662 -0.360732 0.773811 -1.46728 1.60916 -1.68657</i>
                        <i>0.21451 0.927337 0.306647 -0.810592 -0.00613173 0.585579 0.544909 -0.374178 0.750376 -1.46827 1.60917 -1.68619</i>
                        <i>0.223649 0.922323 0.315121 -0.793585 -0.0153879 0.608265 0.565866 -0.386113 0.7285 -1.46916 1.60916 -1.68585</i>
                        <i>0.231623 0.918109 0.3216 -0.779323 -0.0227424 0.62621 0.582243 -0.395675 0.710236 -1.46989 1.60916 -1.68556</i>
                        <i>0.237248 0.91521 0.325735 -0.769532 -0.0275919 0.638011 0.592902 -0.402031 0.697738 -1.47037 1.60915 -1.68537</i>
                        <i>0.239358 0.914137 0.327202 -0.765915 -0.0293447 0.642272 0.596726 -0.404342 0.693127 -1.47055 1.60915 -1.68529</i>
                    </KeyFrames>
                </p>
            </i>
            <i>
                <p>
                    <Name><![CDATA[spine1]]></Name>
                    <Exclude>0</Exclude>
                    <Additive>0</Additive>
                    <IKPriority>0</IKPriority>
                    <IKRotLimits>-1e+010 -1e+010 -1e+010 1e+010 1e+010 1e+010</IKRotLimits>
                    <IKRotLimitOrder>0</IKRotLimitOrder>
                    <KeyFrames count="60">
                        <i>0.382289 0.625393 0.680249 -0.799713 -0.144894 0.582636 0.46294 -0.76674 0.444744 -1.42645 1.77778 -1.625</i>
                        <i>0.379935 0.616409 0.689703 -0.805983 -0.145282 0.573833 0.453918 -0.773908 0.441617 -1.42661 1.7742 -1.62681</i>
                        <i>0.371166 0.598685 0.709797 -0.82198 -0.143751 0.551076 0.431955 -0.78798 0.438752 -1.42679 1.76626 -1.63087</i>
                        <i>0.354384 0.585714 0.728938 -0.843609 -0.136035 0.51944 0.403405 -0.79902 0.445905 -1.42666 1.75825 -1.63522</i>
                        <i>0.330487 0.589644 0.736952 -0.867508 -0.117786 0.483277 0.371765 -0.799028 0.472594 -1.42616 1.75472 -1.63819</i>
                        <i>0.302414 0.616035 0.727356 -0.890695 -0.0890952 0.445785 0.339423 -0.782664 0.521755 -1.42559 1.75758 -1.63939</i>
                        <i>0.274842 0.656065 0.70288 -0.910703 -0.0568153 0.409136 0.308354 -0.752563 0.581865 -1.42517 1.76393 -1.63963</i>
                        <i>0.251804 0.699369 0.668938 -0.926072 -0.0266014 0.376407 0.281042 -0.714265 0.640968 -1.42492 1.77135 -1.63918</i>
                        <i>0.235624 0.735982 0.634675 -0.936287 -0.0031258 0.351223 0.260478 -0.676994 0.688353 -1.42485 1.77751 -1.63859</i>
                        <i>0.227244 0.757137 0.612457 -0.941341 0.00967015 0.337317 0.249473 -0.653185 0.714922 -1.42494 1.78016 -1.63867</i>
                        <i>0.22706 0.757905 0.611574 -0.941298 0.00971421 0.337438 0.249805 -0.652292 0.71562 -1.425 1.78009 -1.63895</i>
                        <i>0.226554 0.760001 0.609157 -0.941178 0.00983333 0.337769 0.250714 -0.649848 0.717524 -1.42519 1.77987 -1.63973</i>
                        <i>0.225796 0.763102 0.605551 -0.940998 0.0100081 0.338264 0.252069 -0.646201 0.720337 -1.42547 1.77953 -1.64091</i>
                        <i>0.224854 0.766888 0.601101 -0.940775 0.010219 0.338878 0.253739 -0.641699 0.723767 -1.42582 1.77908 -1.64237</i>
                        <i>0.2238 0.771045 0.596157 -0.940525 0.0104467 0.339565 0.255592 -0.636695 0.727525 -1.42622 1.77856 -1.64402</i>
                        <i>0.222706 0.775265 0.591072 -0.940264 0.0106713 0.340279 0.257499 -0.631546 0.73133 -1.42664 1.77799 -1.64574</i>
                        <i>0.221649 0.779252 0.586206 -0.940011 0.0108727 0.340972 0.259329 -0.626616 0.734915 -1.42705 1.77739 -1.64742</i>
                        <i>0.220708 0.782721 0.581925 -0.939782 0.0110302 0.341597 0.260956 -0.622275 0.738021 -1.42742 1.77681 -1.64898</i>
                        <i>0.219963 0.785393 0.578597 -0.939596 0.0111226 0.342105 0.262251 -0.618897 0.740399 -1.42774 1.77627 -1.65028</i>
                        <i>0.219496 0.786996 0.576593 -0.939471 0.0111286 0.342447 0.263087 -0.616858 0.741803 -1.42797 1.7758 -1.65123</i>
                        <i>0.219388 0.787253 0.576282 -0.939426 0.0110265 0.342573 0.263337 -0.616531 0.741986 -1.42809 1.77545 -1.65172</i>
                        <i>0.219578 0.786437 0.577323 -0.939451 0.0108643 0.34251 0.263091 -0.617575 0.741205 -1.42809 1.77528 -1.65175</i>
                        <i>0.219903 0.784987 0.57917 -0.939526 0.0106329 0.342313 0.262553 -0.619421 0.739854 -1.428 1.77532 -1.65145</i>
                        <i>0.220322 0.782891 0.581842 -0.939648 0.0102716 0.341989 0.261763 -0.622075 0.737904 -1.42783 1.7755 -1.65093</i>
                        <i>0.22082 0.78028 0.58515 -0.939808 0.00982219 0.341561 0.260766 -0.625353 0.735483 -1.4276 1.7758 -1.65022</i>
                        <i>0.221381 0.777291 0.588905 -0.939997 0.00932655 0.341054 0.259606 -0.629072 0.732717 -1.42732 1.7762 -1.64934</i>
                        <i>0.22199 0.77406 0.592918 -0.940206 0.00882656 0.340493 0.258328 -0.633051 0.729735 -1.42701 1.77666 -1.64832</i>
                        <i>0.222634 0.770727 0.597004 -0.940423 0.0083641 0.339903 0.256979 -0.637111 0.726672 -1.42668 1.77718 -1.64719</i>
                        <i>0.2233 0.767436 0.600981 -0.94064 0.00798102 0.339312 0.255604 -0.641075 0.723664 -1.42634 1.77771 -1.64598</i>
                        <i>0.223978 0.764337 0.604667 -0.940846 0.007719 0.338747 0.254249 -0.644771 0.720852 -1.426 1.77825 -1.64473</i>
                        <i>0.224659 0.761582 0.607883 -0.941031 0.00761961 0.338236 0.252962 -0.648024 0.718384 -1.42569 1.77876 -1.64345</i>
                        <i>0.225333 0.759326 0.610449 -0.941183 0.00772416 0.337808 0.251791 -0.650664 0.716406 -1.42542 1.77923 -1.64217</i>
                        <i>0.225994 0.757728 0.612188 -0.941293 0.0080737 0.337493 0.250785 -0.65252 0.715069 -1.42519 1.77964 -1.64093</i>
                        <i>0.226634 0.756946 0.612919 -0.94135 0.00870891 0.33732 0.249995 -0.653419 0.714525 -1.42502 1.77995 -1.63976</i>
                        <i>0.227244 0.757137 0.612457 -0.941341 0.00967015 0.337317 0.249473 -0.653185 0.714922 -1.42494 1.78016 -1.63867</i>
                        <i>0.227918 0.761449 0.606836 -0.941085 0.0123611 0.337945 0.249827 -0.648107 0.719405 -1.42507 1.78005 -1.63735</i>
                        <i>0.228662 0.770857 0.594553 -0.94049 0.0172171 0.339385 0.251381 -0.636775 0.728921 -1.42549 1.77955 -1.63571</i>
                        <i>0.229336 0.782247 0.579219 -0.939707 0.0228434 0.341216 0.253684 -0.62255 0.740322 -1.42605 1.77891 -1.63409</i>
                        <i>0.229843 0.792598 0.564766 -0.938928 0.0278861 0.342981 0.256097 -0.609106 0.750602 -1.42664 1.77837 -1.63289</i>
                        <i>0.230155 0.799068 0.555445 -0.938386 0.0310268 0.344195 0.257801 -0.60044 0.756975 -1.42712 1.77818 -1.63253</i>
                        <i>0.230176 0.799447 0.55489 -0.938334 0.0311732 0.344321 0.257969 -0.599927 0.757324 -1.42722 1.77826 -1.6328</i>
                        <i>0.230232 0.800475 0.553384 -0.938196 0.031571 0.344662 0.258423 -0.598534 0.758271 -1.4275 1.77848 -1.63352</i>
                        <i>0.230311 0.801984 0.551161 -0.937992 0.0321579 0.345162 0.25909 -0.596479 0.759661 -1.42792 1.7788 -1.63458</i>
                        <i>0.230402 0.803808 0.548459 -0.937746 0.0328717 0.345762 0.259897 -0.59398 0.761342 -1.42842 1.77918 -1.63587</i>
                        <i>0.230495 0.805782 0.545516 -0.937481 0.0336499 0.346407 0.260772 -0.591255 0.763161 -1.42897 1.77959 -1.63728</i>
                        <i>0.230582 0.807745 0.542568 -0.937217 0.0344295 0.347044 0.261643 -0.588526 0.764971 -1.42952 1.77998 -1.63869</i>
                        <i>0.230656 0.809539 0.539856 -0.936976 0.035147 0.347622 0.262439 -0.586013 0.766625 -1.43003 1.78034 -1.63999</i>
                        <i>0.230712 0.811009 0.537621 -0.936779 0.0357387 0.348093 0.263093 -0.583941 0.767981 -1.43045 1.78063 -1.64106</i>
                        <i>0.230749 0.812003 0.536103 -0.936645 0.0361406 0.34841 0.263535 -0.582533 0.768898 -1.43073 1.78083 -1.64179</i>
                        <i>0.230762 0.812369 0.535543 -0.936596 0.0362888 0.348526 0.263697 -0.582014 0.769235 -1.43084 1.7809 -1.64205</i>
                        <i>0.237455 0.801808 0.548379 -0.929946 0.024484 0.366879 0.28074 -0.59708 0.751452 -1.43098 1.78086 -1.64114</i>
                        <i>0.248214 0.785482 0.566929 -0.91955 0.00699242 0.392911 0.30466 -0.618845 0.724025 -1.431 1.78071 -1.63949</i>
                        <i>0.263022 0.764468 0.588565 -0.905641 -0.014684 0.423791 0.332617 -0.644495 0.688471 -1.43083 1.78044 -1.63733</i>
                        <i>0.281488 0.740059 0.610801 -0.888721 -0.0389733 0.456789 0.361855 -0.671412 0.646735 -1.43043 1.78007 -1.6349</i>
                        <i>0.30267 0.713836 0.631529 -0.869686 -0.064227 0.489408 0.389919 -0.697361 0.601374 -1.4298 1.77963 -1.6324</i>
                        <i>0.325032 0.687659 0.649215 -0.849862 -0.0887387 0.519481 0.414836 -0.720591 0.555572 -1.429 1.77913 -1.63005</i>
                        <i>0.346551 0.663578 0.662998 -0.830947 -0.110776 0.545212 0.435235 -0.73986 0.513009 -1.42812 1.77864 -1.62801</i>
                        <i>0.364883 0.643746 0.672645 -0.814907 -0.128613 0.565142 0.450319 -0.754354 0.477664 -1.42729 1.77821 -1.62641</i>
                        <i>0.377579 0.630318 0.678331 -0.803822 -0.140545 0.578029 0.459678 -0.763509 0.453597 -1.42668 1.7779 -1.62537</i>
                        <i>0.382289 0.625393 0.680249 -0.799713 -0.144894 0.582636 0.46294 -0.76674 0.444744 -1.42645 1.77778 -1.625</i>
                    </KeyFrames>
                </p>
            </i>
            <i>
                <p>
                    <Name><![CDATA[spine2]]></Name>
                    <Exclude>0</Exclude>
                    <Additive>0</Additive>
                    <IKPriority>0</IKPriority>
                    <IKRotLimits>-1e+010 -1e+010 -1e+010 1e+010 1e+010 1e+010</IKRotLimits>
                    <IKRotLimitOrder>0</IKRotLimitOrder>
                    <KeyFrames count="60">
                        <i>0.435096 0.423966 0.79432 -0.835064 -0.139879 0.532073 0.336689 -0.894811 0.293178 -1.36153 1.88355 -1.50957</i>
                        <i>0.430198 0.415649 0.801352 -0.842248 -0.134662 0.522 0.32488 -0.899501 0.292149 -1.36173 1.87901 -1.50913</i>
                        <i>0.41517 0.399712 0.81723 -0.86024 -0.1198 0.495615 0.296007 -0.908778 0.294111 -1.36263 1.86925 -1.50825</i>
                        <i>0.390157 0.389084 0.834501 -0.883529 -0.0968771 0.458248 0.259141 -0.916094 0.30597 -1.36466 1.86018 -1.50776</i>
                        <i>0.357082 0.395239 0.846332 -0.90737 -0.0683236 0.414742 0.221747 -0.916034 0.334231 -1.36809 1.85779 -1.50873</i>
                        <i>0.31945 0.424459 0.847223 -0.928703 -0.0374379 0.368929 0.188314 -0.904673 0.382237 -1.37278 1.86469 -1.51232</i>
                        <i>0.28237 0.46893 0.836882 -0.946187 -0.00763716 0.323529 0.158104 -0.883202 0.441539 -1.37774 1.87679 -1.5182</i>
                        <i>0.250605 0.517967 0.817868 -0.959139 0.0182296 0.282347 0.131337 -0.855206 0.501371 -1.38205 1.89021 -1.52507</i>
                        <i>0.227585 0.560264 0.796435 -0.967499 0.0375146 0.250077 0.110232 -0.827464 0.550593 -1.38518 1.90135 -1.53146</i>
                        <i>0.215559 0.584419 0.782297 -0.971546 0.0478357 0.231969 0.0981456 -0.810041 0.578101 -1.38689 1.90692 -1.53582</i>
                        <i>0.21554 0.58473 0.78207 -0.97153 0.0477539 0.232052 0.0983408 -0.809821 0.578376 -1.38698 1.907 -1.53623</i>
                        <i>0.215491 0.585577 0.781449 -0.971487 0.04753 0.232279 0.0988749 -0.809222 0.579123 -1.38723 1.90721 -1.53735</i>
                        <i>0.215418 0.586836 0.780525 -0.971422 0.0471971 0.232619 0.0996705 -0.808329 0.580232 -1.3876 1.90751 -1.53903</i>
                        <i>0.215329 0.588378 0.779388 -0.971341 0.046788 0.233041 0.10065 -0.807231 0.58159 -1.38806 1.90785 -1.54112</i>
                        <i>0.215233 0.590077 0.778128 -0.971249 0.0463352 0.233514 0.101736 -0.806016 0.583085 -1.38859 1.90819 -1.54346</i>
                        <i>0.215137 0.591809 0.776839 -0.971153 0.0458706 0.234005 0.102852 -0.804772 0.584605 -1.38913 1.90851 -1.5459</i>
                        <i>0.215049 0.593446 0.775613 -0.971058 0.0454248 0.234483 0.103921 -0.803591 0.586039 -1.38967 1.90877 -1.54826</i>
                        <i>0.214976 0.594864 0.774546 -0.970973 0.0450277 0.234913 0.104865 -0.802564 0.587277 -1.39015 1.90894 -1.55041</i>
                        <i>0.214927 0.595938 0.773734 -0.970903 0.0447082 0.235262 0.105609 -0.801785 0.588207 -1.39055 1.909 -1.55216</i>
                        <i>0.214909 0.596543 0.773273 -0.970856 0.0444948 0.235496 0.106077 -0.801347 0.58872 -1.39083 1.90893 -1.55336</i>
                        <i>0.214928 0.596554 0.773259 -0.970839 0.0444159 0.23558 0.106191 -0.801343 0.588704 -1.39094 1.9087 -1.55384</i>
                        <i>0.214989 0.595985 0.77368 -0.970849 0.0444561 0.235532 0.105979 -0.801764 0.588169 -1.3909 1.90843 -1.55367</i>
                        <i>0.215058 0.594946 0.77446 -0.970882 0.0445478 0.23538 0.105538 -0.80253 0.587203 -1.39075 1.90821 -1.55306</i>
                        <i>0.215113 0.593468 0.775578 -0.970939 0.0446633 0.235122 0.104897 -0.803617 0.585829 -1.39052 1.90801 -1.55211</i>
                        <i>0.215156 0.591675 0.776936 -0.971015 0.0448042 0.234781 0.104104 -0.804931 0.584165 -1.39022 1.90783 -1.55086</i>
                        <i>0.215189 0.589692 0.778433 -0.971104 0.0449719 0.234382 0.103206 -0.806375 0.582329 -1.38986 1.90766 -1.54939</i>
                        <i>0.215214 0.587645 0.779972 -0.971199 0.0451678 0.233948 0.102249 -0.807857 0.580442 -1.38947 1.9075 -1.54776</i>
                        <i>0.215234 0.585662 0.781456 -0.971296 0.0453928 0.233502 0.101281 -0.809283 0.578622 -1.38906 1.90735 -1.54602</i>
                        <i>0.215253 0.583871 0.782791 -0.971389 0.0456477 0.233067 0.100348 -0.810562 0.576991 -1.38864 1.90722 -1.54423</i>
                        <i>0.215275 0.582399 0.78388 -0.971471 0.045933 0.232666 0.0994984 -0.811604 0.575672 -1.38823 1.9071 -1.54245</i>
                        <i>0.215303 0.581378 0.78463 -0.971539 0.0462491 0.232322 0.0987787 -0.812318 0.574789 -1.38785 1.907 -1.54075</i>
                        <i>0.215342 0.580939 0.784945 -0.971585 0.0465964 0.232058 0.0982361 -0.812612 0.574466 -1.38751 1.90693 -1.53918</i>
                        <i>0.215395 0.581212 0.784728 -0.971605 0.0469756 0.231897 0.097918 -0.812396 0.574827 -1.38723 1.90688 -1.5378</i>
                        <i>0.215466 0.582328 0.78388 -0.971594 0.047388 0.23186 0.0978719 -0.811572 0.575997 -1.38702 1.90688 -1.53666</i>
                        <i>0.215559 0.584419 0.782297 -0.971546 0.0478357 0.231969 0.0981456 -0.810041 0.578101 -1.38689 1.90692 -1.53582</i>
                        <i>0.215685 0.591642 0.776814 -0.971338 0.0486022 0.232679 0.0999077 -0.804735 0.585167 -1.38703 1.90715 -1.53576</i>
                        <i>0.215814 0.60538 0.76612 -0.970927 0.0498311 0.234132 0.103562 -0.794376 0.598534 -1.3875 1.90765 -1.53664</i>
                        <i>0.215891 0.621565 0.753026 -0.970426 0.0512865 0.235886 0.107999 -0.781682 0.614255 -1.38814 1.90828 -1.53805</i>
                        <i>0.215925 0.636118 0.740763 -0.969955 0.0526528 0.237517 0.112086 -0.769793 0.628375 -1.3888 1.90896 -1.53962</i>
                        <i>0.216004 0.645008 0.733013 -0.969635 0.0535339 0.238625 0.114674 -0.762299 0.636986 -1.3893 1.90959 -1.54097</i>
                        <i>0.21607 0.645307 0.73273 -0.969603 0.0535627 0.238748 0.114819 -0.762044 0.637265 -1.38939 1.90977 -1.5413</i>
                        <i>0.216249 0.646118 0.731962 -0.969517 0.0536408 0.239082 0.115212 -0.76135 0.638022 -1.38963 1.91025 -1.54221</i>
                        <i>0.216512 0.647313 0.730828 -0.969389 0.0537564 0.239574 0.115792 -0.760327 0.639137 -1.39 1.91095 -1.54354</i>
                        <i>0.216828 0.648762 0.729447 -0.969234 0.0538976 0.240169 0.116497 -0.75908 0.640489 -1.39044 1.91179 -1.54516</i>
                        <i>0.21717 0.650339 0.72794 -0.969064 0.054052 0.240816 0.117266 -0.757719 0.641959 -1.39092 1.9127 -1.54693</i>
                        <i>0.217509 0.651914 0.726429 -0.968895 0.0542074 0.241462 0.118035 -0.756353 0.643426 -1.3914 1.9136 -1.5487</i>
                        <i>0.217818 0.65336 0.725036 -0.968739 0.054351 0.242055 0.118742 -0.755094 0.644774 -1.39185 1.91443 -1.55034</i>
                        <i>0.218071 0.654549 0.723886 -0.968611 0.0544698 0.242542 0.119326 -0.754055 0.645882 -1.39222 1.9151 -1.55168</i>
                        <i>0.218241 0.655356 0.723104 -0.968523 0.0545507 0.242872 0.119722 -0.753348 0.646633 -1.39247 1.91555 -1.5526</i>
                        <i>0.218304 0.655653 0.722816 -0.968491 0.0545806 0.242993 0.119868 -0.753087 0.64691 -1.39256 1.91571 -1.55294</i>
                        <i>0.23039 0.640617 0.732482 -0.963053 0.0422286 0.26598 0.139459 -0.766698 0.626677 -1.39152 1.91412 -1.54974</i>
                        <i>0.248785 0.618187 0.745621 -0.9541 0.0238984 0.298533 0.16673 -0.785667 0.595758 -1.38965 1.91151 -1.54482</i>
                        <i>0.272599 0.5903 0.75976 -0.941492 0.000992875 0.337033 0.198196 -0.807183 0.556034 -1.38688 1.90803 -1.53882</i>
                        <i>0.300572 0.559027 0.772751 -0.925468 -0.0249233 0.378004 0.230574 -0.828775 0.509871 -1.38325 1.9039 -1.5324</i>
                        <i>0.330964 0.526565 0.783066 -0.906813 -0.0521032 0.418301 0.261063 -0.848537 0.460252 -1.37891 1.89937 -1.52614</i>
                        <i>0.361584 0.495174 0.789975 -0.886884 -0.0786599 0.455246 0.287566 -0.865225 0.41072 -1.37418 1.89477 -1.52053</i>
                        <i>0.389932 0.467095 0.793583 -0.86753 -0.102641 0.48668 0.30878 -0.878229 0.365196 -1.36951 1.89048 -1.51591</i>
                        <i>0.413369 0.444492 0.794703 -0.850922 -0.122098 0.510904 0.324124 -0.887423 0.327756 -1.36545 1.8869 -1.51246</i>
                        <i>0.429264 0.429438 0.794553 -0.839363 -0.135129 0.526507 0.333469 -0.89293 0.302449 -1.3626 1.88445 -1.51032</i>
                        <i>0.435096 0.423966 0.79432 -0.835064 -0.139879 0.532073 0.336689 -0.894811 0.293178 -1.36153 1.88355 -1.50957</i>
                    </KeyFrames>
                </p>
            </i>
            <i>
                <p>
                    <Name><![CDATA[head]]></Name>
                    <Exclude>0</Exclude>
                    <Additive>0</Additive>
                    <IKPriority>0</IKPriority>
                    <IKRotLimits>-1e+010 -1e+010 -1e+010 1e+010 1e+010 1e+010</IKRotLimits>
                    <IKRotLimitOrder>0</IKRotLimitOrder>
                    <KeyFrames count="60">
                        <i>0.0803095 0.94439 0.31887 -0.0303082 0.322069 -0.946231 -0.996309 0.066327 0.0544879 -1.25115 2.00871 -1.30444</i>
                        <i>0.0824651 0.929868 0.358531 -0.0465575 0.362958 -0.930642 -0.995506 0.0600532 0.0732237 -1.25221 2.00248 -1.30183</i>
                        <i>0.0890832 0.892017 0.443136 -0.0686344 0.449345 -0.890718 -0.993657 0.0489336 0.101252 -1.25614 1.98951 -1.29604</i>
                        <i>0.0878119 0.848963 0.521105 -0.0579571 0.526594 -0.848139 -0.99445 0.0442749 0.0954447 -1.26386 1.97843 -1.29025</i>
                        <i>0.0537908 0.837272 0.544134 0.0210496 0.543851 -0.838918 -0.99833 0.0565799 0.01163 -1.27565 1.97795 -1.28794</i>
                        <i>-0.0142526 0.870806 0.491421 0.195895 0.484379 -0.852645 -0.980521 0.0841143 -0.17749 -1.29053 1.99219 -1.29208</i>
                        <i>-0.0693603 0.914489 0.398622 0.425999 0.388471 -0.817077 -0.902061 0.11314 -0.416515 -1.30579 2.01508 -1.30198</i>
                        <i>-0.0822791 0.945428 0.315272 0.636109 0.293345 -0.713662 -0.7672 0.141828 -0.625531 -1.31901 2.03997 -1.31514</i>
                        <i>-0.0679873 0.960078 0.271344 0.773483 0.222506 -0.593478 -0.630161 0.169531 -0.757731 -1.3286 2.06071 -1.32799</i>
                        <i>-0.0512307 0.965693 0.254582 0.830064 0.182918 -0.526815 -0.55531 0.18433 -0.810958 -1.33365 2.07163 -1.33633</i>
                        <i>-0.0509099 0.965676 0.25471 0.830391 0.182623 -0.526403 -0.554851 0.18471 -0.811186 -1.33373 2.07176 -1.33673</i>
                        <i>-0.0500322 0.965624 0.255083 0.831314 0.181818 -0.525223 -0.553546 0.185776 -0.811834 -1.33395 2.0721 -1.33784</i>
                        <i>-0.048723 0.965531 0.255689 0.83275 0.180617 -0.52336 -0.551502 0.187425 -0.812846 -1.33429 2.07258 -1.33951</i>
                        <i>-0.0471075 0.96539 0.25652 0.83461 0.179137 -0.520899 -0.548823 0.189556 -0.814163 -1.33471 2.07316 -1.34158</i>
                        <i>-0.045312 0.965198 0.257566 0.836809 0.177495 -0.517926 -0.545617 0.192065 -0.815728 -1.33518 2.07376 -1.34389</i>
                        <i>-0.0434659 0.964949 0.258814 0.83926 0.175808 -0.514524 -0.54199 0.194848 -0.817484 -1.33567 2.07435 -1.34629</i>
                        <i>-0.0417021 0.964641 0.260247 0.841883 0.174195 -0.510773 -0.538046 0.197797 -0.819379 -1.33615 2.07486 -1.34862</i>
                        <i>-0.0401569 0.964276 0.261839 0.8446 0.172777 -0.506753 -0.533889 0.2008 -0.821366 -1.33658 2.07526 -1.35073</i>
                        <i>-0.0389707 0.963856 0.263559 0.847339 0.171675 -0.502538 -0.529621 0.20374 -0.823402 -1.33693 2.0755 -1.35243</i>
                        <i>-0.0382863 0.963387 0.265368 0.850029 0.171013 -0.498203 -0.525343 0.206496 -0.825454 -1.33717 2.07554 -1.35358</i>
                        <i>-0.0382483 0.962877 0.267217 0.852604 0.170912 -0.493817 -0.521155 0.208943 -0.82749 -1.33726 2.07534 -1.35399</i>
                        <i>-0.0389505 0.962243 0.269391 0.854989 0.171629 -0.489425 -0.517181 0.211263 -0.829393 -1.3372 2.07499 -1.35373</i>
                        <i>-0.0405039 0.961402 0.272151 0.857087 0.173431 -0.485102 -0.513577 0.213609 -0.831029 -1.33705 2.07458 -1.35298</i>
                        <i>-0.0418003 0.96062 0.274702 0.858863 0.175027 -0.481372 -0.510497 0.21581 -0.832358 -1.33681 2.0741 -1.35184</i>
                        <i>-0.0418471 0.960149 0.276337 0.860287 0.175277 -0.478732 -0.50809 0.217695 -0.833339 -1.33652 2.07357 -1.35039</i>
                        <i>-0.0409921 0.959965 0.277103 0.861259 0.17454 -0.477251 -0.50651 0.219094 -0.833933 -1.33617 2.07301 -1.3487</i>
