<?xml version="1.0" encoding="ISO-8859-1" ?>
<Animl Version="1">
    <ModellingPackage><![CDATA[Maya.2010]]></ModellingPackage>
    <SrcFile><![CDATA[anims\turrets\antitank\blue\~src\at_bgm71tow\antitank_bgm71tow_repair_repairman_c.mb]]></SrcFile>
    <FramesPerSecond>30</FramesPerSecond>
    <TotalFrames>30</TotalFrames>
    <Skeleton>
        <RefFrame>
            <Name><![CDATA[soldier_ref_frame]]></Name>
            <Exclude>0</Exclude>
            <Additive>0</Additive>
            <IKPriority>0</IKPriority>
            <IKRotLimits>-1e+010 -1e+010 -1e+010 1e+010 1e+010 1e+010</IKRotLimits>
            <IKRotLimitOrder>0</IKRotLimitOrder>
            <KeyFrames count="30">
                <i>1 0 0 0 1 0 0 0 1 -0.55 0.89 -2.21</i>
                <i>1 0 0 0 1 0 0 0 1 -0.55 0.89 -2.21</i>
                <i>1 0 0 0 1 0 0 0 1 -0.55 0.89 -2.21</i>
                <i>1 0 0 0 1 0 0 0 1 -0.55 0.89 -2.21</i>
                <i>1 0 0 0 1 0 0 0 1 -0.55 0.89 -2.21</i>
                <i>1 0 0 0 1 0 0 0 1 -0.55 0.89 -2.21</i>
                <i>1 0 0 0 1 0 0 0 1 -0.55 0.89 -2.21</i>
                <i>1 0 0 0 1 0 0 0 1 -0.55 0.89 -2.21</i>
                <i>1 0 0 0 1 0 0 0 1 -0.55 0.89 -2.21</i>
                <i>1 0 0 0 1 0 0 0 1 -0.55 0.89 -2.21</i>
                <i>1 0 0 0 1 0 0 0 1 -0.55 0.89 -2.21</i>
                <i>1 0 0 0 1 0 0 0 1 -0.55 0.89 -2.21</i>
                <i>1 0 0 0 1 0 0 0 1 -0.55 0.89 -2.21</i>
                <i>1 0 0 0 1 0 0 0 1 -0.55 0.89 -2.21</i>
                <i>1 0 0 0 1 0 0 0 1 -0.55 0.89 -2.21</i>
                <i>1 0 0 0 1 0 0 0 1 -0.55 0.89 -2.21</i>
                <i>1 0 0 0 1 0 0 0 1 -0.55 0.89 -2.21</i>
                <i>1 0 0 0 1 0 0 0 1 -0.55 0.89 -2.21</i>
                <i>1 0 0 0 1 0 0 0 1 -0.55 0.89 -2.21</i>
                <i>1 0 0 0 1 0 0 0 1 -0.55 0.89 -2.21</i>
                <i>1 0 0 0 1 0 0 0 1 -0.55 0.89 -2.21</i>
                <i>1 0 0 0 1 0 0 0 1 -0.55 0.89 -2.21</i>
                <i>1 0 0 0 1 0 0 0 1 -0.55 0.89 -2.21</i>
                <i>1 0 0 0 1 0 0 0 1 -0.55 0.89 -2.21</i>
                <i>1 0 0 0 1 0 0 0 1 -0.55 0.89 -2.21</i>
                <i>1 0 0 0 1 0 0 0 1 -0.55 0.89 -2.21</i>
                <i>1 0 0 0 1 0 0 0 1 -0.55 0.89 -2.21</i>
                <i>1 0 0 0 1 0 0 0 1 -0.55 0.89 -2.21</i>
                <i>1 0 0 0 1 0 0 0 1 -0.55 0.89 -2.21</i>
                <i>1 0 0 0 1 0 0 0 1 -0.55 0.89 -2.21</i>
            </KeyFrames>
        </RefFrame>
        <Bones count="23">
            <i>
                <p>
                    <Name><![CDATA[pelvis]]></Name>
                    <Exclude>0</Exclude>
                    <Additive>0</Additive>
                    <IKPriority>0</IKPriority>
                    <IKRotLimits>-1e+010 -1e+010 -1e+010 1e+010 1e+010 1e+010</IKRotLimits>
                    <IKRotLimitOrder>2</IKRotLimitOrder>
                    <KeyFrames count="30">
                        <i>1 0 0 0 1 0 0 0 1 -0.54916 1.51766 -2.17432</i>
                        <i>1 0 0 0 1 0 0 0 1 -0.54916 1.51456 -2.17432</i>
                        <i>1 0 0 0 1 0 0 0 1 -0.54916 1.51103 -2.17432</i>
                        <i>1 0 0 0 1 0 0 0 1 -0.54916 1.50771 -2.17432</i>
                        <i>1 0 0 0 1 0 0 0 1 -0.54916 1.50525 -2.17432</i>
                        <i>1 0 0 0 1 0 0 0 1 -0.54916 1.50428 -2.17432</i>
                        <i>1 0 0 0 1 0 0 0 1 -0.54916 1.50567 -2.17432</i>
                        <i>1 0 0 0 1 0 0 0 1 -0.54916 1.50899 -2.17432</i>
                        <i>1 0 0 0 1 0 0 0 1 -0.54916 1.51295 -2.17432</i>
                        <i>1 0 0 0 1 0 0 0 1 -0.54916 1.51627 -2.17432</i>
                        <i>1 0 0 0 1 0 0 0 1 -0.54916 1.51766 -2.17432</i>
                        <i>1 0 0 0 1 0 0 0 1 -0.54916 1.51456 -2.17432</i>
                        <i>1 0 0 0 1 0 0 0 1 -0.54916 1.51103 -2.17432</i>
                        <i>1 0 0 0 1 0 0 0 1 -0.54916 1.50771 -2.17432</i>
                        <i>1 0 0 0 1 0 0 0 1 -0.54916 1.50525 -2.17432</i>
                        <i>1 0 0 0 1 0 0 0 1 -0.54916 1.50428 -2.17432</i>
                        <i>1 0 0 0 1 0 0 0 1 -0.54916 1.50567 -2.17432</i>
                        <i>1 0 0 0 1 0 0 0 1 -0.54916 1.50899 -2.17432</i>
                        <i>1 0 0 0 1 0 0 0 1 -0.54916 1.51295 -2.17432</i>
                        <i>1 0 0 0 1 0 0 0 1 -0.54916 1.51627 -2.17432</i>
                        <i>1 0 0 0 1 0 0 0 1 -0.54916 1.51766 -2.17432</i>
                        <i>1 0 0 0 1 0 0 0 1 -0.54916 1.51456 -2.17432</i>
                        <i>1 0 0 0 1 0 0 0 1 -0.54916 1.51103 -2.17432</i>
                        <i>1 0 0 0 1 0 0 0 1 -0.54916 1.50771 -2.17432</i>
                        <i>1 0 0 0 1 0 0 0 1 -0.54916 1.50525 -2.17432</i>
                        <i>1 0 0 0 1 0 0 0 1 -0.54916 1.50428 -2.17432</i>
                        <i>1 0 0 0 1 0 0 0 1 -0.54916 1.50688 -2.17432</i>
                        <i>1 0 0 0 1 0 0 0 1 -0.54916 1.51231 -2.17432</i>
                        <i>1 0 0 0 1 0 0 0 1 -0.54916 1.51707 -2.17432</i>
                        <i>1 0 0 0 1 0 0 0 1 -0.54916 1.51766 -2.17432</i>
                    </KeyFrames>
                </p>
            </i>
            <i>
                <p>
                    <Name><![CDATA[spine0]]></Name>
                    <Exclude>0</Exclude>
                    <Additive>0</Additive>
                    <IKPriority>0</IKPriority>
                    <IKRotLimits>-1e+010 -1e+010 -1e+010 1e+010 1e+010 1e+010</IKRotLimits>
                    <IKRotLimitOrder>0</IKRotLimitOrder>
                    <KeyFrames count="30">
                        <i>-0.393337 0.910501 -0.127565 0.376039 0.0327091 -0.926026 -0.838976 -0.41221 -0.35525 -0.518936 1.65778 -2.16215</i>
                        <i>-0.392259 0.910565 -0.130397 0.376403 0.0295442 -0.925985 -0.839317 -0.412308 -0.354328 -0.518936 1.65468 -2.16215</i>
                        <i>-0.389833 0.910993 -0.134615 0.376975 0.0244978 -0.925899 -0.84019 -0.411693 -0.352972 -0.518936 1.65115 -2.16215</i>
                        <i>-0.387018 0.911515 -0.139135 0.377587 0.0190068 -0.925779 -0.841216 -0.410828 -0.351532 -0.518936 1.64783 -2.16215</i>
                        <i>-0.384711 0.91193 -0.142765 0.378072 0.0145804 -0.925661 -0.842056 -0.410088 -0.350385 -0.518936 1.64537 -2.16215</i>
                        <i>-0.383756 0.912098 -0.144254 0.378269 0.0127625 -0.925608 -0.842403 -0.409775 -0.349916 -0.518936 1.64441 -2.16215</i>
                        <i>-0.3847 0.911983 -0.142452 0.37804 0.0148774 -0.92567 -0.842076 -0.409958 -0.350489 -0.518936 1.6458 -2.16215</i>
                        <i>-0.387002 0.911661 -0.138216 0.37749 0.0198859 -0.9258 -0.841267 -0.410462 -0.351839 -0.518936 1.64912 -2.16215</i>
                        <i>-0.389841 0.911187 -0.133273 0.376829 0.0257939 -0.925923 -0.840252 -0.411184 -0.353418 -0.518936 1.65307 -2.16215</i>
                        <i>-0.392292 0.910718 -0.129232 0.376273 0.0306792 -0.926001 -0.839361 -0.411889 -0.354713 -0.518936 1.65639 -2.16215</i>
                        <i>-0.393337 0.910501 -0.127565 0.376039 0.0327091 -0.926026 -0.838976 -0.41221 -0.35525 -0.518936 1.65778 -2.16215</i>
                        <i>-0.392259 0.910565 -0.130397 0.376403 0.0295443 -0.925985 -0.839317 -0.412308 -0.354328 -0.518936 1.65468 -2.16215</i>
                        <i>-0.389833 0.910993 -0.134615 0.376975 0.0244978 -0.925899 -0.84019 -0.411693 -0.352972 -0.518936 1.65115 -2.16215</i>
                        <i>-0.387018 0.911515 -0.139135 0.377587 0.0190068 -0.925779 -0.841216 -0.410828 -0.351532 -0.518936 1.64783 -2.16215</i>
                        <i>-0.384711 0.91193 -0.142765 0.378072 0.0145804 -0.925661 -0.842056 -0.410088 -0.350385 -0.518936 1.64537 -2.16215</i>
                        <i>-0.383756 0.912098 -0.144254 0.378269 0.0127625 -0.925608 -0.842403 -0.409775 -0.349916 -0.518936 1.64441 -2.16215</i>
                        <i>-0.3847 0.911983 -0.142452 0.37804 0.0148774 -0.92567 -0.842076 -0.409958 -0.350489 -0.518936 1.6458 -2.16215</i>
                        <i>-0.387002 0.911661 -0.138216 0.37749 0.0198859 -0.9258 -0.841267 -0.410462 -0.351839 -0.518936 1.64912 -2.16215</i>
                        <i>-0.389841 0.911187 -0.133273 0.376829 0.0257939 -0.925923 -0.840252 -0.411184 -0.353418 -0.518936 1.65307 -2.16215</i>
                        <i>-0.392292 0.910718 -0.129232 0.376273 0.0306792 -0.926001 -0.839361 -0.411889 -0.354713 -0.518936 1.65639 -2.16215</i>
                        <i>-0.393337 0.910501 -0.127565 0.376039 0.0327091 -0.926026 -0.838976 -0.41221 -0.35525 -0.518936 1.65778 -2.16215</i>
                        <i>-0.392259 0.910565 -0.130397 0.376403 0.0295442 -0.925985 -0.839317 -0.412308 -0.354328 -0.518936 1.65468 -2.16215</i>
                        <i>-0.389833 0.910993 -0.134615 0.376975 0.0244978 -0.925899 -0.84019 -0.411693 -0.352972 -0.518936 1.65115 -2.16215</i>
                        <i>-0.387018 0.911515 -0.139135 0.377587 0.0190068 -0.925779 -0.841216 -0.410828 -0.351532 -0.518936 1.64783 -2.16215</i>
                        <i>-0.384711 0.91193 -0.142765 0.378072 0.0145804 -0.925661 -0.842056 -0.410088 -0.350385 -0.518936 1.64537 -2.16215</i>
                        <i>-0.383756 0.912098 -0.144254 0.378269 0.0127625 -0.925608 -0.842403 -0.409775 -0.349916 -0.518936 1.64441 -2.16215</i>
                        <i>-0.385169 0.911982 -0.141188 0.377886 0.0162846 -0.925709 -0.841931 -0.409907 -0.350898 -0.518936 1.647 -2.16215</i>
                        <i>-0.388413 0.911575 -0.134783 0.377058 0.0237619 -0.925885 -0.840811 -0.410447 -0.352946 -0.518936 1.65243 -2.16215</i>
                        <i>-0.391805 0.910954 -0.129045 0.376275 0.0306603 -0.926001 -0.839587 -0.411368 -0.354782 -0.518936 1.6572 -2.16215</i>
                        <i>-0.393337 0.910501 -0.127565 0.376039 0.0327091 -0.926026 -0.838976 -0.41221 -0.35525 -0.518936 1.65778 -2.16215</i>
                    </KeyFrames>
                </p>
            </i>
            <i>
                <p>
                    <Name><![CDATA[spine1]]></Name>
                    <Exclude>0</Exclude>
                    <Additive>0</Additive>
                    <IKPriority>0</IKPriority>
                    <IKRotLimits>-1e+010 -1e+010 -1e+010 1e+010 1e+010 1e+010</IKRotLimits>
                    <IKRotLimitOrder>0</IKRotLimitOrder>
                    <KeyFrames count="30">
                        <i>-0.803055 0.562224 -0.197502 0.211042 -0.0416215 -0.97659 -0.557283 -0.825937 -0.0852287 -0.59317 1.82987 -2.18622</i>
                        <i>-0.802682 0.562391 -0.198541 0.204056 -0.053836 -0.977478 -0.560413 -0.825117 -0.0715461 -0.592985 1.82682 -2.18676</i>
                        <i>-0.801929 0.562958 -0.199971 0.196425 -0.0676582 -0.978182 -0.564205 -0.823711 -0.0563223 -0.592577 1.82349 -2.18758</i>
                        <i>-0.801048 0.563679 -0.201465 0.189466 -0.0805042 -0.978582 -0.567825 -0.822061 -0.04231 -0.592105 1.82042 -2.18845</i>
                        <i>-0.800309 0.564302 -0.202654 0.18443 -0.0899185 -0.978724 -0.570518 -0.820657 -0.0321117 -0.591721 1.81816 -2.18916</i>
                        <i>-0.799998 0.564569 -0.20314 0.182496 -0.0935691 -0.978744 -0.571576 -0.820065 -0.0281761 -0.591563 1.81729 -2.18945</i>
                        <i>-0.800321 0.56433 -0.202529 0.185442 -0.0882445 -0.978685 -0.570174 -0.820819 -0.0340267 -0.59172 1.8186 -2.1891</i>
                        <i>-0.801086 0.563757 -0.201095 0.192493 -0.0754705 -0.978392 -0.566752 -0.822486 -0.0480606 -0.592104 1.82174 -2.18828</i>
                        <i>-0.801991 0.563062 -0.199427 0.200946 -0.0600895 -0.977758 -0.562522 -0.824227 -0.0649539 -0.592581 1.82546 -2.18732</i>
                        <i>-0.802742 0.562473 -0.198064 0.208055 -0.047097 -0.976983 -0.558855 -0.825473 -0.0792187 -0.592994 1.82857 -2.18654</i>
                        <i>-0.803055 0.562224 -0.197502 0.211042 -0.0416215 -0.97659 -0.557283 -0.825937 -0.0852287 -0.59317 1.82987 -2.18622</i>
                        <i>-0.802682 0.562391 -0.198541 0.204056 -0.053836 -0.977478 -0.560413 -0.825117 -0.0715461 -0.592985 1.82682 -2.18676</i>
                        <i>-0.801929 0.562958 -0.199971 0.196425 -0.0676582 -0.978182 -0.564205 -0.823711 -0.0563223 -0.592577 1.82349 -2.18758</i>
                        <i>-0.801048 0.563679 -0.201465 0.189466 -0.0805042 -0.978582 -0.567825 -0.822061 -0.04231 -0.592105 1.82042 -2.18845</i>
                        <i>-0.800309 0.564302 -0.202654 0.18443 -0.0899185 -0.978724 -0.570518 -0.820657 -0.0321117 -0.591721 1.81816 -2.18916</i>
                        <i>-0.799998 0.564569 -0.20314 0.182496 -0.0935691 -0.978744 -0.571576 -0.820065 -0.0281761 -0.591563 1.81729 -2.18945</i>
                        <i>-0.800321 0.56433 -0.202529 0.185442 -0.0882445 -0.978685 -0.570174 -0.820819 -0.0340267 -0.59172 1.8186 -2.1891</i>
                        <i>-0.801086 0.563757 -0.201095 0.192493 -0.0754705 -0.978392 -0.566752 -0.822486 -0.0480606 -0.592104 1.82174 -2.18828</i>
                        <i>-0.801991 0.563062 -0.199427 0.200946 -0.0600895 -0.977758 -0.562522 -0.824227 -0.0649539 -0.592581 1.82546 -2.18732</i>
                        <i>-0.802742 0.562473 -0.198064 0.208055 -0.047097 -0.976983 -0.558855 -0.825473 -0.0792187 -0.592994 1.82857 -2.18654</i>
                        <i>-0.803055 0.562224 -0.197502 0.211042 -0.0416215 -0.97659 -0.557283 -0.825937 -0.0852287 -0.59317 1.82987 -2.18622</i>
                        <i>-0.802682 0.562391 -0.198541 0.204056 -0.053836 -0.977478 -0.560413 -0.825117 -0.0715461 -0.592985 1.82682 -2.18676</i>
                        <i>-0.801929 0.562958 -0.199971 0.196425 -0.0676582 -0.978182 -0.564205 -0.823711 -0.0563223 -0.592577 1.82349 -2.18758</i>
                        <i>-0.801048 0.563679 -0.201465 0.189466 -0.0805042 -0.978582 -0.567825 -0.822061 -0.04231 -0.592105 1.82042 -2.18845</i>
                        <i>-0.800309 0.564302 -0.202654 0.18443 -0.0899185 -0.978724 -0.570518 -0.820657 -0.0321117 -0.591721 1.81816 -2.18916</i>
                        <i>-0.799998 0.564569 -0.20314 0.182496 -0.0935691 -0.978744 -0.571576 -0.820065 -0.0281761 -0.591563 1.81729 -2.18945</i>
                        <i>-0.800497 0.564242 -0.202078 0.188109 -0.083599 -0.978584 -0.569052 -0.821366 -0.0392181 -0.591798 1.81978 -2.18886</i>
                        <i>-0.801584 0.563484 -0.199874 0.199852 -0.0625468 -0.977828 -0.563492 -0.823756 -0.0624768 -0.592342 1.82497 -2.18762</i>
                        <i>-0.802639 0.562668 -0.197928 0.210062 -0.0439208 -0.976701 -0.558251 -0.825516 -0.0829426 -0.592914 1.82945 -2.18651</i>
                        <i>-0.803055 0.562224 -0.197502 0.211042 -0.0416215 -0.97659 -0.557283 -0.825937 -0.0852287 -0.59317 1.82987 -2.18622</i>
                    </KeyFrames>
                </p>
            </i>
            <i>
                <p>
                    <Name><![CDATA[spine2]]></Name>
                    <Exclude>0</Exclude>
                    <Additive>0</Additive>
                    <IKPriority>0</IKPriority>
                    <IKRotLimits>-1e+010 -1e+010 -1e+010 1e+010 1e+010 1e+010</IKRotLimits>
                    <IKRotLimitOrder>0</IKRotLimitOrder>
                    <KeyFrames count="30">
                        <i>-0.914183 0.371872 -0.161183 0.0985232 -0.181863 -0.978376 -0.393144 -0.910295 0.129618 -0.732836 1.92712 -2.22035</i>
                        <i>-0.915528 0.371052 -0.155337 0.0848511 -0.199336 -0.976251 -0.393204 -0.906965 0.151014 -0.732626 1.92413 -2.22106</i>
                        <i>-0.918109 0.368165 -0.14673 0.0683163 -0.217672 -0.973628 -0.390394 -0.903921 0.174695 -0.732187 1.92097 -2.22213</i>
                        <i>-0.920972 0.364543 -0.137549 0.0523681 -0.234008 -0.970823 -0.386094 -0.901304 0.196424 -0.731685 1.9181 -2.22328</i>
                        <i>-0.923255 0.36146 -0.130182 0.0403827 -0.24567 -0.968512 -0.38206 -0.899441 0.212219 -0.731279 1.91603 -2.22421</i>
                        <i>-0.924185 0.360154 -0.127162 0.0356588 -0.25012 -0.967558 -0.380276 -0.898737 0.218314 -0.731111 1.91523 -2.22459</i>
                        <i>-0.923225 0.361304 -0.130828 0.04216 -0.243171 -0.969067 -0.381941 -0.900182 0.209269 -0.73128 1.91647 -2.22413</i>
                        <i>-0.920856 0.364111 -0.139454 0.057704 -0.226456 -0.972311 -0.385609 -0.903405 0.187523 -0.731693 1.91943 -2.22305</i>
                        <i>-0.917892 0.367582 -0.149527 0.0763201 -0.206247 -0.975519 -0.389423 -0.906833 0.161259 -0.732204 1.92295 -2.22179</i>
                        <i>-0.915299 0.370586 -0.157777 0.0919576 -0.189106 -0.977641 -0.392137 -0.909343 0.139011 -0.732647 1.92589 -2.22077</i>
                        <i>-0.914183 0.371872 -0.161183 0.0985232 -0.181863 -0.978376 -0.393144 -0.910295 0.129618 -0.732836 1.92712 -2.22035</i>
                        <i>-0.915528 0.371052 -0.155337 0.0848511 -0.199336 -0.976251 -0.393204 -0.906965 0.151014 -0.732626 1.92413 -2.22106</i>
                        <i>-0.918109 0.368165 -0.14673 0.0683163 -0.217672 -0.973628 -0.390394 -0.903921 0.174695 -0.732187 1.92097 -2.22213</i>
                        <i>-0.920972 0.364543 -0.137549 0.0523681 -0.234008 -0.970823 -0.386094 -0.901304 0.196424 -0.731685 1.9181 -2.22328</i>
                        <i>-0.923255 0.36146 -0.130182 0.0403827 -0.24567 -0.968512 -0.38206 -0.899441 0.212219 -0.731279 1.91603 -2.22421</i>
                        <i>-0.924185 0.360154 -0.127162 0.0356588 -0.25012 -0.967558 -0.380276 -0.898737 0.218314 -0.731111 1.91523 -2.22459</i>
                        <i>-0.923225 0.361304 -0.130828 0.04216 -0.243171 -0.969067 -0.381941 -0.900182 0.209269 -0.73128 1.91647 -2.22413</i>
                        <i>-0.920856 0.364111 -0.139454 0.057704 -0.226456 -0.972311 -0.385609 -0.903405 0.187523 -0.731693 1.91943 -2.22305</i>
                        <i>-0.917892 0.367582 -0.149527 0.07632 -0.206247 -0.975519 -0.389423 -0.906833 0.161259 -0.732204 1.92295 -2.22179</i>
                        <i>-0.915299 0.370586 -0.157777 0.0919576 -0.189106 -0.977641 -0.392137 -0.909343 0.139011 -0.732647 1.92589 -2.22077</i>
                        <i>-0.914183 0.371872 -0.161183 0.0985232 -0.181863 -0.978376 -0.393144 -0.910295 0.129618 -0.732836 1.92712 -2.22035</i>
                        <i>-0.915528 0.371052 -0.155337 0.0848511 -0.199336 -0.976251 -0.393204 -0.906965 0.151014 -0.732626 1.92413 -2.22106</i>
                        <i>-0.918109 0.368165 -0.14673 0.0683163 -0.217672 -0.973628 -0.390394 -0.903921 0.174695 -0.732187 1.92097 -2.22213</i>
                        <i>-0.920972 0.364543 -0.137549 0.0523681 -0.234008 -0.970823 -0.386094 -0.901304 0.196424 -0.731685 1.9181 -2.22328</i>
                        <i>-0.923255 0.36146 -0.130182 0.0403827 -0.24567 -0.968512 -0.38206 -0.899441 0.212219 -0.731279 1.91603 -2.22421</i>
                        <i>-0.924185 0.360154 -0.127162 0.0356588 -0.25012 -0.967558 -0.380276 -0.898737 0.218314 -0.731111 1.91523 -2.22459</i>
                        <i>-0.922695 0.36171 -0.133414 0.0475128 -0.236729 -0.970413 -0.382591 -0.901735 0.201243 -0.731368 1.91762 -2.22381</i>
                        <i>-0.919244 0.365421 -0.146487 0.0725568 -0.208462 -0.975335 -0.386945 -0.9072 0.165114 -0.731958 1.92258 -2.22218</i>
                        <i>-0.915644 0.369549 -0.158209 0.0948974 -0.183729 -0.978386 -0.390628 -0.910866 0.133161 -0.732572 1.92682 -2.22073</i>
                        <i>-0.914183 0.371872 -0.161183 0.0985232 -0.181863 -0.978376 -0.393144 -0.910295 0.129618 -0.732836 1.92712 -2.22035</i>
                    </KeyFrames>
                </p>
            </i>
            <i>
                <p>
                    <Name><![CDATA[head]]></Name>
                    <Exclude>0</Exclude>
                    <Additive>0</Additive>
                    <IKPriority>0</IKPriority>
                    <IKRotLimits>-1e+010 -1e+010 -1e+010 1e+010 1e+010 1e+010</IKRotLimits>
                    <IKRotLimitOrder>0</IKRotLimitOrder>
                    <KeyFrames count="30">
                        <i>-0.97262 0.146417 -0.180478 0.15859 0.985817 -0.0549003 0.16988 -0.0820192 -0.982046 -0.969994 2.04118 -2.26037</i>
                        <i>-0.97588 0.142718 -0.165194 0.161292 0.9813 -0.105045 0.147113 -0.129156 -0.980651 -0.970278 2.03785 -2.2593</i>
                        <i>-0.980094 0.135943 -0.144691 0.158804 0.974194 -0.160399 0.119152 -0.180183 -0.97639 -0.970874 2.03362 -2.25762</i>
                        <i>-0.983935 0.128623 -0.123808 0.15277 0.96545 -0.211111 0.0923763 -0.226634 -0.969589 -0.971542 2.02943 -2.25579</i>
                        <i>-0.986579 0.122847 -0.107563 0.146277 0.957677 -0.247906 0.0725555 -0.260313 -0.962794 -0.972073 2.02624 -2.2543</i>
                        <i>-0.98756 0.120492 -0.101026 0.143252 0.954354 -0.262084 0.0648353 -0.273296 -0.959743 -0.972288 2.02496 -2.25368</i>
                        <i>-0.986398 0.122692 -0.109389 0.146072 0.95946 -0.241036 0.0753809 -0.253736 -0.964332 -0.972074 2.02664 -2.25441</i>
                        <i>-0.983261 0.128398 -0.129275 0.151676 0.969943 -0.190278 0.100958 -0.206701 -0.973182 -0.971539 2.03065 -2.25612</i>
                        <i>-0.978839 0.136066 -0.152838 0.156243 0.979281 -0.128831 0.132142 -0.149985 -0.979818 -0.970859 2.03546 -2.2581</i>
                        <i>-0.974566 0.143218 -0.172364 0.15825 0.984407 -0.0768149 0.158675 -0.102138 -0.982034 -0.970256 2.03949 -2.25971</i>
                        <i>-0.97262 0.146417 -0.180478 0.15859 0.985817 -0.0549003 0.16988 -0.0820192 -0.982046 -0.969994 2.04118 -2.26037</i>
                        <i>-0.97588 0.142718 -0.165194 0.161292 0.9813 -0.105045 0.147113 -0.129156 -0.980651 -0.970278 2.03785 -2.2593</i>
                        <i>-0.980094 0.135943 -0.144691 0.158804 0.974194 -0.160399 0.119152 -0.180183 -0.97639 -0.970874 2.03362 -2.25762</i>
                        <i>-0.983935 0.128623 -0.123808 0.15277 0.96545 -0.211111 0.0923763 -0.226634 -0.969589 -0.971542 2.02943 -2.25579</i>
                        <i>-0.986579 0.122847 -0.107563 0.146277 0.957677 -0.247906 0.0725555 -0.260313 -0.962794 -0.972073 2.02624 -2.2543</i>
                        <i>-0.98756 0.120492 -0.101026 0.143252 0.954354 -0.262084 0.0648353 -0.273296 -0.959743 -0.972288 2.02496 -2.25368</i>
                        <i>-0.986398 0.122692 -0.109389 0.146072 0.95946 -0.241036 0.0753809 -0.253736 -0.964332 -0.972074 2.02664 -2.25441</i>
                        <i>-0.983261 0.128398 -0.129275 0.151676 0.969943 -0.190278 0.100958 -0.206701 -0.973182 -0.971539 2.03065 -2.25612</i>
                        <i>-0.978839 0.136066 -0.152838 0.156243 0.979281 -0.128831 0.132142 -0.149985 -0.979818 -0.970859 2.03546 -2.2581</i>
                        <i>-0.974566 0.143218 -0.172364 0.15825 0.984407 -0.0768149 0.158675 -0.102138 -0.982034 -0.970256 2.03949 -2.25971</i>
                        <i>-0.97262 0.146417 -0.180478 0.15859 0.985817 -0.0549003 0.16988 -0.0820192 -0.982046 -0.969994 2.04118 -2.26037</i>
                        <i>-0.97588 0.142718 -0.165194 0.161292 0.9813 -0.105045 0.147113 -0.129156 -0.980651 -0.970278 2.03785 -2.2593</i>
                        <i>-0.980094 0.135943 -0.144691 0.158804 0.974194 -0.160399 0.119152 -0.180183 -0.97639 -0.970874 2.03362 -2.25762</i>
                        <i>-0.983935 0.128623 -0.123808 0.15277 0.96545 -0.211111 0.0923762 -0.226634 -0.969589 -0.971542 2.02943 -2.25579</i>
                        <i>-0.986579 0.122847 -0.107563 0.146277 0.957677 -0.247906 0.0725555 -0.260313 -0.962794 -0.972073 2.02624 -2.2543</i>
                        <i>-0.98756 0.120492 -0.101026 0.143252 0.954354 -0.262084 0.0648353 -0.273296 -0.959743 -0.972288 2.02496 -2.25368</i>
                        <i>-0.985548 0.123698 -0.115728 0.147076 0.963817 -0.222319 0.0840408 -0.236127 -0.968081 -0.971965 2.02796 -2.2549</i>
                        <i>-0.9803 0.132176 -0.14677 0.152577 0.978643 -0.13776 0.125427 -0.157439 -0.979531 -0.971196 2.03433 -2.25745</i>
                        <i>-0.974323 0.142195 -0.174575 0.155165 0.985879 -0.0629771 0.163154 -0.0884479 -0.982628 -0.970365 2.04008 -2.25974</i>
                        <i>-0.97262 0.146417 -0.180478 0.15859 0.985817 -0.0549003 0.16988 -0.0820192 -0.982046 -0.969994 2.04118 -2.26037</i>
                    </KeyFrames>
                </p>
            </i>
            <i>
                <p>
                    <Name><![CDATA[head_prop]]></Name>
                    <Exclude>0</Exclude>
                    <Additive>0</Additive>
                    <IKPriority>0</IKPriority>
                    <IKRotLimits>-1e+010 -1e+010 -1e+010 1e+010 1e+010 1e+010</IKRotLimits>
                    <IKRotLimitOrder>0</IKRotLimitOrder>
                    <KeyFrames count="30">
                        <i>-0.16988 0.0820192 0.982046 -0.97262 0.146417 -0.180478 -0.15859 -0.985817 0.0549003 -1.28698 2.0889 -2.31919</i>
                        <i>-0.147113 0.129156 0.980651 -0.97588 0.142718 -0.165194 -0.161292 -0.9813 0.105045 -1.28833 2.08436 -2.31314</i>
                        <i>-0.119152 0.180183 0.97639 -0.980094 0.135943 -0.144691 -0.158804 -0.974194 0.160399 -1.2903 2.07792 -2.30478</i>
                        <i>-0.0923763 0.226634 0.969589 -0.983935 0.128623 -0.123808 -0.15277 -0.96545 0.211111 -1.29222 2.07135 -2.29614</i>
                        <i>-0.0725555 0.260313 0.962794 -0.986579 0.122847 -0.107563 -0.146277 -0.957677 0.247906 -1.29361 2.06627 -2.28935</i>
                        <i>-0.0648353 0.273296 0.959743 -0.98756 0.120492 -0.101026 -0.143252 -0.954354 0.262084 -1.29414 2.06423 -2.2866</i>
                        <i>-0.0753809 0.253736 0.964332 -0.986398 0.122692 -0.109389 -0.146072 -0.95946 0.241036 -1.29355 2.06663 -2.29006</i>
                        <i>-0.100958 0.206701 0.973182 -0.983261 0.128398 -0.129275 -0.151676 -0.969943 0.190278 -1.29199 2.0725 -2.29825</i>
                        <i>-0.132142 0.149985 0.979818 -0.978839 0.136066 -0.152838 -0.156243 -0.979281 0.128831 -1.28987 2.0798 -2.30791</i>
                        <i>-0.158675 0.102138 0.982034 -0.974566 0.143218 -0.172364 -0.15825 -0.984407 0.0768149 -1.28788 2.08617 -2.31589</i>
                        <i>-0.16988 0.0820192 0.982046 -0.97262 0.146417 -0.180478 -0.15859 -0.985817 0.0549003 -1.28698 2.0889 -2.31919</i>
                        <i>-0.147113 0.129156 0.980651 -0.97588 0.142718 -0.165194 -0.161292 -0.9813 0.105045 -1.28833 2.08436 -2.31314</i>
                        <i>-0.119152 0.180183 0.97639 -0.980094 0.135943 -0.144691 -0.158804 -0.974194 0.160399 -1.2903 2.07792 -2.30478</i>
                        <i>-0.0923763 0.226634 0.969589 -0.983935 0.128623 -0.123808 -0.15277 -0.96545 0.211111 -1.29222 2.07135 -2.29614</i>
                        <i>-0.0725555 0.260313 0.962794 -0.986579 0.122847 -0.107563 -0.146277 -0.957677 0.247906 -1.29361 2.06627 -2.28935</i>
                        <i>-0.0648353 0.273296 0.959743 -0.98756 0.120492 -0.101026 -0.143252 -0.954354 0.262084 -1.29414 2.06423 -2.2866</i>
                        <i>-0.0753809 0.253736 0.964332 -0.986398 0.122692 -0.109389 -0.146072 -0.95946 0.241036 -1.29355 2.06663 -2.29006</i>
                        <i>-0.100958 0.206701 0.973182 -0.983261 0.128398 -0.129275 -0.151676 -0.969943 0.190278 -1.29199 2.0725 -2.29825</i>
                        <i>-0.132142 0.149985 0.979818 -0.978839 0.136066 -0.152838 -0.156243 -0.979281 0.128831 -1.28987 2.0798 -2.30791</i>
                        <i>-0.158675 0.102138 0.982034 -0.974566 0.143218 -0.172364 -0.15825 -0.984407 0.0768149 -1.28788 2.08617 -2.31589</i>
                        <i>-0.16988 0.0820192 0.982046 -0.97262 0.146417 -0.180478 -0.15859 -0.985817 0.0549003 -1.28698 2.0889 -2.31919</i>
                        <i>-0.147113 0.129156 0.980651 -0.97588 0.142718 -0.165194 -0.161292 -0.9813 0.105045 -1.28833 2.08436 -2.31314</i>
                        <i>-0.119152 0.180183 0.97639 -0.980094 0.135943 -0.144691 -0.158804 -0.974194 0.160399 -1.2903 2.07792 -2.30478</i>
                        <i>-0.0923762 0.226634 0.969589 -0.983935 0.128623 -0.123808 -0.15277 -0.96545 0.211111 -1.29222 2.07135 -2.29614</i>
                        <i>-0.0725555 0.260313 0.962794 -0.986579 0.122847 -0.107563 -0.146277 -0.957677 0.247906 -1.29361 2.06627 -2.28935</i>
                        <i>-0.0648353 0.273296 0.959743 -0.98756 0.120492 -0.101026 -0.143252 -0.954354 0.262084 -1.29414 2.06423 -2.2866</i>
                        <i>-0.0840408 0.236127 0.968081 -0.985548 0.123698 -0.115728 -0.147076 -0.963817 0.222319 -1.29316 2.06827 -2.29262</i>
                        <i>-0.125427 0.157439 0.979531 -0.9803 0.132176 -0.14677 -0.152577 -0.978643 0.13776 -1.29068 2.07741 -2.30529</i>
                        <i>-0.163154 0.0884479 0.982628 -0.974323 0.142195 -0.174575 -0.155165 -0.985879 0.0629771 -1.28791 2.08643 -2.31663</i>
                        <i>-0.16988 0.0820192 0.982046 -0.97262 0.146417 -0.180478 -0.15859 -0.985817 0.0549003 -1.28698 2.0889 -2.31919</i>
                    </KeyFrames>
                </p>
            </i>
            <i>
                <p>
                    <Name><![CDATA[l_clav]]></Name>
                    <Exclude>0</Exclude>
                    <Additive>0</Additive>
                    <IKPriority>0</IKPriority>
                    <IKRotLimits>-1e+010 -1e+010 -1e+010 1e+010 1e+010 1e+010</IKRotLimits>
                    <IKRotLimitOrder>0</IKRotLimitOrder>
                    <KeyFrames count="30">
                        <i>-0.48732 0.011512 0.873147 -0.709112 0.578303 -0.403393 -0.509588 -0.815741 -0.273656 -0.817811 1.93365 -2.14596</i>
                        <i>-0.471801 0.0247745 0.881357 -0.716137 0.572356 -0.399445 -0.514346 -0.819631 -0.252296 -0.816094 1.93201 -2.14599</i>
                        <i>-0.451524 0.0363987 0.891516 -0.7276 0.563314 -0.391505 -0.516453 -0.825441 -0.227866 -0.81367 1.93014 -2.1463</i>
                        <i>-0.431033 0.0456369 0.901181 -0.739942 0.553712 -0.381953 -0.516426 -0.831456 -0.2049 -0.811168 1.92839 -2.14678</i>
                        <i>-0.415113 0.0517333 0.908298 -0.749738 0.546081 -0.37375 -0.51534 -0.836133 -0.187899 -0.809213 1.92709 -2.14724</i>
                        <i>-0.408707 0.0539321 0.911071 -0.75372 0.542968 -0.370261 -0.514651 -0.83802 -0.181265 -0.808425 1.92658 -2.14745</i>
                        <i>-0.417075 0.0494933 0.907523 -0.749171 0.546611 -0.374111 -0.514578 -0.835923 -0.190899 -0.809401 1.92732 -2.14723</i>
                        <i>-0.436858 0.0389323 0.898687 -0.738229 0.555332 -0.382916 -0.513977 -0.830717 -0.21386 -0.81173 1.92908 -2.14677</i>
                        <i>-0.460137 0.026374 0.887456 -0.725011 0.565796 -0.392726 -0.512477 -0.824123 -0.241222 -0.81451 1.93117 -2.14633</i>
                        <i>-0.479347 0.0158945 0.877481 -0.713827 0.574602 -0.400355 -0.510566 -0.818279 -0.264088 -0.816837 1.93292 -2.14605</i>
                        <i>-0.48732 0.011512 0.873147 -0.709112 0.578303 -0.403393 -0.509588 -0.815741 -0.273656 -0.817811 1.93365 -2.14596</i>
                        <i>-0.471801 0.0247745 0.881357 -0.716137 0.572356 -0.399445 -0.514346 -0.819631 -0.252296 -0.816094 1.93201 -2.14599</i>
                        <i>-0.451524 0.0363986 0.891516 -0.7276 0.563314 -0.391505 -0.516453 -0.825441 -0.227866 -0.81367 1.93014 -2.1463</i>
                        <i>-0.431033 0.0456369 0.901181 -0.739942 0.553712 -0.381953 -0.516426 -0.831456 -0.2049 -0.811168 1.92839 -2.14678</i>
                        <i>-0.415113 0.0517333 0.908298 -0.749738 0.546081 -0.37375 -0.51534 -0.836133 -0.187899 -0.809213 1.92709 -2.14724</i>
                        <i>-0.408707 0.0539321 0.911071 -0.75372 0.542968 -0.370261 -0.514651 -0.83802 -0.181265 -0.808425 1.92658 -2.14745</i>
                        <i>-0.417075 0.0494933 0.907523 -0.749171 0.546611 -0.374111 -0.514578 -0.835923 -0.190899 -0.809401 1.92732 -2.14723</i>
                        <i>-0.436858 0.0389323 0.898687 -0.738229 0.555332 -0.382916 -0.513977 -0.830717 -0.21386 -0.81173 1.92908 -2.14677</i>
                        <i>-0.460137 0.026374 0.887456 -0.725011 0.565796 -0.392726 -0.512477 -0.824123 -0.241222 -0.81451 1.93117 -2.14633</i>
                        <i>-0.479347 0.0158945 0.877481 -0.713827 0.574602 -0.400355 -0.510566 -0.818279 -0.264088 -0.816837 1.93292 -2.14605</i>
                        <i>-0.48732 0.011512 0.873147 -0.709112 0.578303 -0.403393 -0.509588 -0.815741 -0.273656 -0.817811 1.93365 -2.14596</i>
                        <i>-0.471801 0.0247745 0.881357 -0.716137 0.572356 -0.399445 -0.514346 -0.819631 -0.252296 -0.816094 1.93201 -2.14599</i>
                        <i>-0.451524 0.0363986 0.891516 -0.7276 0.563314 -0.391505 -0.516453 -0.825441 -0.227866 -0.81367 1.93014 -2.1463</i>
                        <i>-0.431033 0.0456369 0.901181 -0.739942 0.553712 -0.381953 -0.516426 -0.831456 -0.2049 -0.811168 1.92839 -2.14678</i>
                        <i>-0.415113 0.0517333 0.908298 -0.749738 0.546081 -0.37375 -0.51534 -0.836133 -0.187899 -0.809213 1.92709 -2.14724</i>
                        <i>-0.408707 0.0539321 0.911071 -0.75372 0.542968 -0.370261 -0.514651 -0.83802 -0.181265 -0.808425 1.92658 -2.14745</i>
                        <i>-0.423554 0.0446431 0.90477 -0.746212 0.549069 -0.37642 -0.513585 -0.834584 -0.199247 -0.810111 1.92796 -2.14712</i>
                        <i>-0.454538 0.0256856 0.890357 -0.729844 0.562273 -0.388815 -0.51061 -0.826553 -0.236828 -0.813704 1.93084 -2.14655</i>
                        <i>-0.481934 0.0103058 0.876147 -0.714158 0.574722 -0.399591 -0.507659 -0.818284 -0.269618 -0.816999 1.93335 -2.14616</i>
                        <i>-0.48732 0.011512 0.873147 -0.709112 0.578303 -0.403393 -0.509588 -0.815741 -0.273656 -0.817811 1.93365 -2.14596</i>
                    </KeyFrames>
                </p>
            </i>
            <i>
                <p>
                    <Name><![CDATA[l_shoulder]]></Name>
                    <Exclude>0</Exclude>
                    <Additive>0</Additive>
                    <IKPriority>0</IKPriority>
                    <IKRotLimits>-1e+010 -1e+010 -1e+010 1e+010 1e+010 1e+010</IKRotLimits>
                    <IKRotLimitOrder>0</IKRotLimitOrder>
                    <KeyFrames count="30">
                        <i>0.0130029 -0.683433 0.729897 -0.961968 0.190639 0.19564 -0.272853 -0.704682 -0.654962 -0.914095 1.93592 -1.97344</i>
                        <i>0.0120968 -0.689504 0.724181 -0.956864 0.202266 0.208565 -0.290284 -0.695465 -0.657315 -0.909312 1.9369 -1.97185</i>
                        <i>0.0107464 -0.69534 0.718601 -0.949766 0.217689 0.224846 -0.312776 -0.684919 -0.658071 -0.902882 1.93733 -1.97015</i>
                        <i>0.00897716 -0.700418 0.713677 -0.942245 0.233035 0.240558 -0.334803 -0.674618 -0.657873 -0.896331 1.9374 -1.96872</i>
                        <i>0.00730138 -0.704047 0.710116 -0.936202 0.244726 0.252261 -0.351388 -0.666654 -0.657343 -0.89123 1.93731 -1.96778</i>
                        <i>0.00655679 -0.705434 0.708746 -0.933724 0.249376 0.256848 -0.357933 -0.663457 -0.657045 -0.889176 1.93724 -1.96744</i>
                        <i>0.00767063 -0.703054 0.711095 -0.936896 0.243507 0.25086 -0.349525 -0.668146 -0.65682 -0.891806 1.9371 -1.96793</i>
                        <i>0.00990894 -0.697448 0.716566 -0.944256 0.229292 0.236232 -0.329063 -0.678963 -0.656298 -0.898044 1.93677 -1.96921</i>
                        <i>0.0118135 -0.690916 0.722839 -0.952637 0.211911 0.218121 -0.303881 -0.691179 -0.655688 -0.905424 1.93638 -1.97098</i>
                        <i>0.0127722 -0.685607 0.72786 -0.959287 0.196993 0.20239 -0.282143 -0.700811 -0.655178 -0.911546 1.93606 -1.97268</i>
                        <i>0.0130029 -0.683433 0.729897 -0.961968 0.190639 0.19564 -0.272853 -0.704682 -0.654962 -0.914095 1.93592 -1.97344</i>
                        <i>0.0120968 -0.689504 0.724181 -0.956864 0.202266 0.208565 -0.290284 -0.695465 -0.657315 -0.909312 1.9369 -1.97185</i>
                        <i>0.0107464 -0.69534 0.718601 -0.949766 0.217689 0.224846 -0.312776 -0.684919 -0.658071 -0.902882 1.93733 -1.97015</i>
                        <i>0.00897713 -0.700418 0.713677 -0.942245 0.233035 0.240558 -0.334803 -0.674618 -0.657873 -0.896331 1.9374 -1.96872</i>
                        <i>0.0073014 -0.704047 0.710116 -0.936202 0.244726 0.252261 -0.351388 -0.666654 -0.657343 -0.89123 1.93731 -1.96778</i>
                        <i>0.00655679 -0.705434 0.708746 -0.933724 0.249376 0.256848 -0.357933 -0.663457 -0.657045 -0.889176 1.93724 -1.96744</i>
                        <i>0.00767063 -0.703054 0.711095 -0.936896 0.243507 0.25086 -0.349525 -0.668146 -0.65682 -0.891806 1.9371 -1.96793</i>
                        <i>0.00990896 -0.697448 0.716566 -0.944256 0.229292 0.236232 -0.329063 -0.678963 -0.656298 -0.898044 1.93677 -1.96921</i>
                        <i>0.0118135 -0.690916 0.722839 -0.952637 0.211911 0.218121 -0.303881 -0.691179 -0.655688 -0.905424 1.93638 -1.97098</i>
                        <i>0.0127722 -0.685607 0.72786 -0.959287 0.196993 0.20239 -0.282143 -0.700811 -0.655178 -0.911546 1.93606 -1.97268</i>
                        <i>0.0130029 -0.683433 0.729897 -0.961968 0.190639 0.19564 -0.272853 -0.704682 -0.654962 -0.914095 1.93592 -1.97344</i>
                        <i>0.0120968 -0.689504 0.724181 -0.956864 0.202266 0.208565 -0.290284 -0.695465 -0.657315 -0.909312 1.9369 -1.97185</i>
                        <i>0.0107464 -0.69534 0.718601 -0.949766 0.217689 0.224846 -0.312776 -0.684919 -0.658071 -0.902882 1.93733 -1.97015</i>
                        <i>0.00897716 -0.700418 0.713677 -0.942245 0.233035 0.240558 -0.334803 -0.674618 -0.657873 -0.896331 1.9374 -1.96872</i>
                        <i>0.0073014 -0.704047 0.710116 -0.936202 0.244726 0.252261 -0.351388 -0.666654 -0.657343 -0.89123 1.93731 -1.96778</i>
                        <i>0.00655679 -0.705434 0.708746 -0.933724 0.249376 0.256848 -0.357933 -0.663457 -0.657045 -0.889176 1.93724 -1.96744</i>
                        <i>0.00859797 -0.700701 0.713403 -0.939275 0.239098 0.246161 -0.343058 -0.672198 -0.656095 -0.893797 1.93678 -1.96836</i>
                        <i>0.0117397 -0.691076 0.722687 -0.95052 0.216671 0.222634 -0.310442 -0.689542 -0.654337 -0.903511 1.93591 -1.97063</i>
                        <i>0.0131598 -0.683287 0.730031 -0.96003 0.19551 0.200297 -0.279589 -0.703487 -0.653403 -0.912219 1.93538 -1.97305</i>
                        <i>0.0130029 -0.683433 0.729897 -0.961968 0.190639 0.19564 -0.272853 -0.704682 -0.654962 -0.914095 1.93592 -1.97344</i>
                    </KeyFrames>
                </p>
            </i>
            <i>
                <p>
                    <Name><![CDATA[l_elbow]]></Name>
                    <Exclude>0</Exclude>
                    <Additive>0</Additive>
                    <IKPriority>0</IKPriority>
                    <IKRotLimits>-1e+010 -1e+010 -1e+010 1e+010 1e+010 1e+010</IKRotLimits>
                    <IKRotLimitOrder>0</IKRotLimitOrder>
                    <KeyFrames count="30">
                        <i>-0.215443 -0.968382 -0.125778 -0.962637 0.188973 0.193959 -0.164058 0.162866 -0.972913 -0.909866 1.71362 -1.73602</i>
                        <i>-0.229242 -0.965315 -0.124958 -0.957576 0.200624 0.206879 -0.174634 0.167082 -0.970354 -0.905377 1.71262 -1.73629</i>
                        <i>-0.24766 -0.960802 -0.124599 -0.950533 0.216073 0.223158 -0.187488 0.173703 -0.966786 -0.899386 1.71115 -1.73641</i>
                        <i>-0.266031 -0.955947 -0.124066 -0.943066 0.231445 0.238871 -0.199634 0.18055 -0.963093 -0.89341 1.70957 -1.73658</i>
