<?xml version="1.0" encoding="ISO-8859-1" ?>
<Animl Version="1">
    <ModellingPackage><![CDATA[Maya.2010]]></ModellingPackage>
    <SrcFile><![CDATA[anims\turrets\antitank\blue\~src\antitank_m72_law\antitank_m72law_aim_high_crewman_b.mb]]></SrcFile>
    <FramesPerSecond>30</FramesPerSecond>
    <TotalFrames>30</TotalFrames>
    <Skeleton>
        <RefFrame>
            <Name><![CDATA[soldier_ref_frame]]></Name>
            <Exclude>0</Exclude>
            <Additive>0</Additive>
            <IKPriority>0</IKPriority>
            <IKRotLimits>-1e+010 -1e+010 -1e+010 1e+010 1e+010 1e+010</IKRotLimits>
            <IKRotLimitOrder>0</IKRotLimitOrder>
            <KeyFrames count="30">
                <i>1 0 0 0 1 0 0 0 1 0.59 1.07 -2.27</i>
                <i>1 0 0 0 1 0 0 0 1 0.59 1.07 -2.27</i>
                <i>1 0 0 0 1 0 0 0 1 0.59 1.07 -2.27</i>
                <i>1 0 0 0 1 0 0 0 1 0.59 1.07 -2.27</i>
                <i>1 0 0 0 1 0 0 0 1 0.59 1.07 -2.27</i>
                <i>1 0 0 0 1 0 0 0 1 0.59 1.07 -2.27</i>
                <i>1 0 0 0 1 0 0 0 1 0.59 1.07 -2.27</i>
                <i>1 0 0 0 1 0 0 0 1 0.59 1.07 -2.27</i>
                <i>1 0 0 0 1 0 0 0 1 0.59 1.07 -2.27</i>
                <i>1 0 0 0 1 0 0 0 1 0.59 1.07 -2.27</i>
                <i>1 0 0 0 1 0 0 0 1 0.59 1.07 -2.27</i>
                <i>1 0 0 0 1 0 0 0 1 0.59 1.07 -2.27</i>
                <i>1 0 0 0 1 0 0 0 1 0.59 1.07 -2.27</i>
                <i>1 0 0 0 1 0 0 0 1 0.59 1.07 -2.27</i>
                <i>1 0 0 0 1 0 0 0 1 0.59 1.07 -2.27</i>
                <i>1 0 0 0 1 0 0 0 1 0.59 1.07 -2.27</i>
                <i>1 0 0 0 1 0 0 0 1 0.59 1.07 -2.27</i>
                <i>1 0 0 0 1 0 0 0 1 0.59 1.07 -2.27</i>
                <i>1 0 0 0 1 0 0 0 1 0.59 1.07 -2.27</i>
                <i>1 0 0 0 1 0 0 0 1 0.59 1.07 -2.27</i>
                <i>1 0 0 0 1 0 0 0 1 0.59 1.07 -2.27</i>
                <i>1 0 0 0 1 0 0 0 1 0.59 1.07 -2.27</i>
                <i>1 0 0 0 1 0 0 0 1 0.59 1.07 -2.27</i>
                <i>1 0 0 0 1 0 0 0 1 0.59 1.07 -2.27</i>
                <i>1 0 0 0 1 0 0 0 1 0.59 1.07 -2.27</i>
                <i>1 0 0 0 1 0 0 0 1 0.59 1.07 -2.27</i>
                <i>1 0 0 0 1 0 0 0 1 0.59 1.07 -2.27</i>
                <i>1 0 0 0 1 0 0 0 1 0.59 1.07 -2.27</i>
                <i>1 0 0 0 1 0 0 0 1 0.59 1.07 -2.27</i>
                <i>1 0 0 0 1 0 0 0 1 0.59 1.07 -2.27</i>
            </KeyFrames>
        </RefFrame>
        <Bones count="23">
            <i>
                <p>
                    <Name><![CDATA[pelvis]]></Name>
                    <Exclude>0</Exclude>
                    <Additive>0</Additive>
                    <IKPriority>0</IKPriority>
                    <IKRotLimits>-1e+010 -1e+010 -1e+010 1e+010 1e+010 1e+010</IKRotLimits>
                    <IKRotLimitOrder>2</IKRotLimitOrder>
                    <KeyFrames count="30">
                        <i>1 0 0 0 1 0 0 0 1 0.322275 1.77687 -1.99538</i>
                        <i>1 0 0 0 1 0 0 0 1 0.322304 1.77546 -1.9954</i>
                        <i>1 0 0 0 1 0 0 0 1 0.322331 1.77382 -1.99543</i>
                        <i>1 0 0 0 1 0 0 0 1 0.322355 1.77211 -1.99545</i>
                        <i>1 0 0 0 1 0 0 0 1 0.322374 1.77053 -1.99547</i>
                        <i>1 0 0 0 1 0 0 0 1 0.322389 1.76925 -1.99549</i>
                        <i>1 0 0 0 1 0 0 0 1 0.322398 1.76845 -1.9955</i>
                        <i>1 0 0 0 1 0 0 0 1 0.322401 1.76832 -1.99551</i>
                        <i>1 0 0 0 1 0 0 0 1 0.322397 1.76875 -1.9955</i>
                        <i>1 0 0 0 1 0 0 0 1 0.322388 1.76947 -1.99549</i>
                        <i>1 0 0 0 1 0 0 0 1 0.322373 1.77044 -1.99548</i>
                        <i>1 0 0 0 1 0 0 0 1 0.322354 1.7716 -1.99546</i>
                        <i>1 0 0 0 1 0 0 0 1 0.322332 1.7729 -1.99544</i>
                        <i>1 0 0 0 1 0 0 0 1 0.322309 1.77429 -1.99541</i>
                        <i>1 0 0 0 1 0 0 0 1 0.322285 1.77571 -1.99539</i>
                        <i>1 0 0 0 1 0 0 0 1 0.322261 1.77712 -1.99537</i>
                        <i>1 0 0 0 1 0 0 0 1 0.32224 1.77846 -1.99535</i>
                        <i>1 0 0 0 1 0 0 0 1 0.322221 1.77968 -1.99533</i>
                        <i>1 0 0 0 1 0 0 0 1 0.322206 1.78072 -1.99531</i>
                        <i>1 0 0 0 1 0 0 0 1 0.322196 1.78154 -1.9953</i>
                        <i>1 0 0 0 1 0 0 0 1 0.322193 1.78209 -1.9953</i>
                        <i>1 0 0 0 1 0 0 0 1 0.322192 1.78233 -1.9953</i>
                        <i>1 0 0 0 1 0 0 0 1 0.322191 1.78231 -1.9953</i>
                        <i>1 0 0 0 1 0 0 0 1 0.322191 1.78205 -1.99531</i>
                        <i>1 0 0 0 1 0 0 0 1 0.322193 1.78157 -1.99531</i>
                        <i>1 0 0 0 1 0 0 0 1 0.322198 1.78091 -1.99532</i>
                        <i>1 0 0 0 1 0 0 0 1 0.322208 1.78008 -1.99533</i>
                        <i>1 0 0 0 1 0 0 0 1 0.322223 1.77911 -1.99534</i>
                        <i>1 0 0 0 1 0 0 0 1 0.322245 1.77803 -1.99536</i>
                        <i>1 0 0 0 1 0 0 0 1 0.322275 1.77687 -1.99538</i>
                    </KeyFrames>
                </p>
            </i>
            <i>
                <p>
                    <Name><![CDATA[spine0]]></Name>
                    <Exclude>0</Exclude>
                    <Additive>0</Additive>
                    <IKPriority>0</IKPriority>
                    <IKRotLimits>-1e+010 -1e+010 -1e+010 1e+010 1e+010 1e+010</IKRotLimits>
                    <IKRotLimitOrder>0</IKRotLimitOrder>
                    <KeyFrames count="30">
                        <i>0.102741 0.983648 0.14792 -0.950486 0.140928 -0.276975 -0.293292 -0.112139 0.949423 0.338971 1.90933 -2.04894</i>
                        <i>0.102676 0.983109 0.15151 -0.950235 0.141978 -0.277301 -0.294128 -0.115498 0.948762 0.339087 1.9078 -2.04928</i>
                        <i>0.102883 0.98264 0.154383 -0.949806 0.143149 -0.278168 -0.295438 -0.118015 0.948045 0.339347 1.90578 -2.05014</i>
                        <i>0.103304 0.982244 0.156604 -0.949237 0.144389 -0.279465 -0.297115 -0.119785 0.947299 0.339716 1.9035 -2.05141</i>
                        <i>0.103876 0.981922 0.158235 -0.948569 0.145643 -0.281078 -0.299043 -0.120899 0.94655 0.340158 1.9012 -2.05296</i>
                        <i>0.104542 0.981676 0.159324 -0.947845 0.146851 -0.282885 -0.301098 -0.121441 0.945829 0.340636 1.89911 -2.05464</i>
                        <i>0.105245 0.981507 0.159898 -0.947114 0.147947 -0.284756 -0.303147 -0.121473 0.94517 0.341114 1.89746 -2.05635</i>
                        <i>0.105933 0.981422 0.159963 -0.94643 0.148861 -0.286551 -0.30504 -0.121039 0.944616 0.34156 1.89649 -2.05796</i>
                        <i>0.106555 0.98143 0.159504 -0.945849 0.149518 -0.288122 -0.306621 -0.120166 0.944216 0.341938 1.89618 -2.05933</i>
                        <i>0.107066 0.981538 0.158492 -0.945433 0.149845 -0.289316 -0.307724 -0.118867 0.944021 0.342219 1.89633 -2.06038</i>
                        <i>0.107426 0.981768 0.156815 -0.945246 0.149747 -0.289977 -0.308173 -0.117077 0.944099 0.342371 1.89696 -2.06096</i>
                        <i>0.107661 0.982118 0.154442 -0.945268 0.14925 -0.290159 -0.308021 -0.11475 0.944434 0.342411 1.898 -2.06116</i>
                        <i>0.107829 0.982564 0.151464 -0.945428 0.148464 -0.290043 -0.307473 -0.111923 0.944952 0.342382 1.89931 -2.06111</i>
                        <i>0.107927 0.983068 0.148087 -0.9457 0.14746 -0.289668 -0.3066 -0.108783 0.945602 0.342292 1.90084 -2.06085</i>
                        <i>0.107952 0.983595 0.144521 -0.946059 0.146307 -0.289078 -0.30548 -0.105519 0.946334 0.342151 1.9025 -2.0604</i>
                        <i>0.107901 0.984116 0.140974 -0.946482 0.145075 -0.288314 -0.304186 -0.10232 0.947101 0.341964 1.90423 -2.05979</i>
                        <i>0.107772 0.9846 0.137652 -0.946944 0.143833 -0.287417 -0.30279 -0.0993727 0.947862 0.341741 1.90597 -2.05904</i>
                        <i>0.107567 0.985024 0.134751 -0.947424 0.142644 -0.286426 -0.301358 -0.096856 0.948579 0.34149 1.90764 -2.05818</i>
                        <i>0.107285 0.985365 0.13246 -0.947903 0.141569 -0.285374 -0.29995 -0.094943 0.949218 0.341219 1.90918 -2.05724</i>
                        <i>0.106931 0.985604 0.130962 -0.948362 0.140666 -0.284294 -0.298623 -0.0937996 0.94975 0.340935 1.91051 -2.05624</i>
                        <i>0.106507 0.98572 0.13043 -0.948785 0.139991 -0.283213 -0.297428 -0.0935862 0.950146 0.340648 1.91157 -2.05521</i>
                        <i>0.106037 0.985741 0.130657 -0.949174 0.139501 -0.282151 -0.296354 -0.0940979 0.950431 0.340361 1.91233 -2.05417</i>
                        <i>0.105552 0.985709 0.131286 -0.949534 0.139121 -0.281125 -0.295372 -0.094987 0.950649 0.340079 1.91281 -2.05316</i>
                        <i>0.105065 0.985622 0.132329 -0.949856 0.138866 -0.280159 -0.294507 -0.0962583 0.950789 0.33981 1.91301 -2.05219</i>
                        <i>0.104587 0.985475 0.133796 -0.950132 0.138753 -0.279277 -0.293785 -0.097915 0.950843 0.339563 1.91295 -2.0513</i>
                        <i>0.104131 0.985263 0.135698 -0.950353 0.138799 -0.278504 -0.293234 -0.0999601 0.950801 0.339346 1.91265 -2.05051</i>
                        <i>0.103707 0.984981 0.138046 -0.950509 0.13902 -0.277861 -0.292879 -0.102397 0.950651 0.33917 1.91212 -2.04985</i>
                        <i>0.103327 0.984624 0.140853 -0.95059 0.139435 -0.277375 -0.292749 -0.105233 0.950381 0.339043 1.91138 -2.04935</i>
                        <i>0.103002 0.984183 0.144136 -0.950586 0.140063 -0.27707 -0.292876 -0.108475 0.949977 0.338974 1.91045 -2.04904</i>
                        <i>0.102741 0.983648 0.14792 -0.950486 0.140928 -0.276975 -0.293292 -0.112139 0.949423 0.338971 1.90933 -2.04894</i>
                    </KeyFrames>
                </p>
            </i>
            <i>
                <p>
                    <Name><![CDATA[spine1]]></Name>
                    <Exclude>0</Exclude>
                    <Additive>0</Additive>
                    <IKPriority>0</IKPriority>
                    <IKRotLimits>-1e+010 -1e+010 -1e+010 1e+010 1e+010 1e+010</IKRotLimits>
                    <IKRotLimitOrder>0</IKRotLimitOrder>
                    <KeyFrames count="30">
                        <i>0.149785 0.846199 0.511383 -0.956471 0.25503 -0.141853 -0.250454 -0.467876 0.847564 0.357397 2.08562 -2.02248</i>
                        <i>0.149067 0.844883 0.513762 -0.956224 0.255484 -0.142698 -0.251821 -0.47 0.845982 0.357499 2.08396 -2.02217</i>
                        <i>0.147313 0.842644 0.517928 -0.955961 0.255688 -0.144091 -0.253845 -0.473892 0.843201 0.357818 2.08206 -2.02249</i>
                        <i>0.144779 0.839737 0.523336 -0.955692 0.255681 -0.145874 -0.256303 -0.479028 0.839548 0.358303 2.0801 -2.02331</i>
                        <i>0.14172 0.836419 0.529452 -0.955431 0.2555 -0.147892 -0.258974 -0.484895 0.83535 0.358904 2.07826 -2.02448</i>
                        <i>0.13839 0.83294 0.535779 -0.955188 0.255181 -0.149992 -0.261655 -0.491012 0.830929 0.359567 2.07673 -2.02587</i>
                        <i>0.135036 0.829545 0.541867 -0.954978 0.254761 -0.152029 -0.264162 -0.496942 0.8266 0.360245 2.0757 -2.02737</i>
                        <i>0.131899 0.826465 0.547319 -0.954814 0.254277 -0.153864 -0.266334 -0.502293 0.822659 0.360886 2.07537 -2.02886</i>
                        <i>0.129209 0.823917 0.551784 -0.954706 0.253768 -0.155364 -0.268032 -0.506717 0.819388 0.361443 2.07565 -2.03023</i>
                        <i>0.127188 0.822108 0.554943 -0.954669 0.253271 -0.156402 -0.26913 -0.509894 0.817054 0.36187 2.07629 -2.03139</i>
                        <i>0.126058 0.821254 0.556463 -0.954716 0.252818 -0.156844 -0.269493 -0.511493 0.815934 0.362123 2.07727 -2.03223</i>
                        <i>0.125707 0.821245 0.556555 -0.954844 0.25239 -0.156757 -0.269205 -0.511718 0.815888 0.362225 2.07854 -2.03284</i>
                        <i>0.125838 0.821788 0.555724 -0.955029 0.251955 -0.156326 -0.268485 -0.511061 0.816537 0.362236 2.08003 -2.03333</i>
                        <i>0.126397 0.822807 0.554088 -0.955256 0.251535 -0.155613 -0.267412 -0.509627 0.817785 0.362166 2.08165 -2.03368</i>
                        <i>0.127328 0.824228 0.551756 -0.95551 0.251151 -0.154674 -0.266061 -0.507514 0.819537 0.362022 2.08336 -2.0339</i>
                        <i>0.128581 0.825979 0.548841 -0.955775 0.250825 -0.153563 -0.264503 -0.504823 0.821701 0.361813 2.08506 -2.03395</i>
                        <i>0.1301 0.82798 0.545456 -0.956037 0.250575 -0.152332 -0.262805 -0.501658 0.82418 0.361546 2.08671 -2.03384</i>
                        <i>0.131832 0.830152 0.541727 -0.956285 0.250418 -0.151029 -0.261035 -0.498135 0.826875 0.361231 2.08822 -2.03354</i>
                        <i>0.133722 0.832407 0.537789 -0.956506 0.250373 -0.149699 -0.259259 -0.49438 0.829683 0.360876 2.08953 -2.03306</i>
                        <i>0.135713 0.834657 0.533788 -0.956688 0.250455 -0.14839 -0.257545 -0.490531 0.832496 0.360491 2.09057 -2.03238</i>
                        <i>0.137749 0.836807 0.529885 -0.956821 0.250682 -0.147148 -0.255968 -0.486736 0.835206 0.360084 2.09128 -2.03149</i>
                        <i>0.139783 0.83884 0.526126 -0.956912 0.251016 -0.145978 -0.254518 -0.483051 0.837784 0.359667 2.09163 -2.03047</i>
                        <i>0.141772 0.840767 0.522505 -0.956981 0.251398 -0.144867 -0.253157 -0.479489 0.840239 0.359251 2.09169 -2.02939</i>
                        <i>0.143662 0.842527 0.519143 -0.957022 0.251823 -0.143852 -0.251932 -0.476165 0.842494 0.358849 2.09146 -2.02829</i>
                        <i>0.145398 0.844059 0.516163 -0.957033 0.252287 -0.142968 -0.250894 -0.473197 0.844474 0.358473 2.09099 -2.02718</i>
                        <i>0.146922 0.845303 0.51369 -0.957008 0.252784 -0.142251 -0.250098 -0.470706 0.846101 0.358135 2.09028 -2.0261</i>
                        <i>0.14818 0.846197 0.511853 -0.956945 0.253311 -0.141742 -0.249599 -0.468812 0.847299 0.357846 2.08937 -2.02506</i>
                        <i>0.149113 0.846683 0.510778 -0.956837 0.253863 -0.141478 -0.249455 -0.467635 0.847992 0.357619 2.08827 -2.0241</i>
                        <i>0.149667 0.846702 0.510584 -0.956681 0.254437 -0.141502 -0.249721 -0.467288 0.848105 0.357466 2.08701 -2.02323</i>
                        <i>0.149785 0.846199 0.511383 -0.956471 0.25503 -0.141853 -0.250454 -0.467876 0.847564 0.357397 2.08562 -2.02248</i>
                    </KeyFrames>
                </p>
            </i>
            <i>
                <p>
                    <Name><![CDATA[spine2]]></Name>
                    <Exclude>0</Exclude>
                    <Additive>0</Additive>
                    <IKPriority>0</IKPriority>
                    <IKRotLimits>-1e+010 -1e+010 -1e+010 1e+010 1e+010 1e+010</IKRotLimits>
                    <IKRotLimitOrder>0</IKRotLimitOrder>
                    <KeyFrames count="30">
                        <i>0.0973266 0.762942 0.639099 -0.987144 0.155803 -0.0356651 -0.126784 -0.627412 0.768297 0.38215 2.22493 -1.93805</i>
                        <i>0.0977676 0.767124 0.634005 -0.98712 0.155807 -0.0363013 -0.12663 -0.62229 0.772476 0.382129 2.22304 -1.93736</i>
                        <i>0.097523 0.770467 0.629976 -0.98717 0.155299 -0.0371136 -0.126429 -0.618274 0.775727 0.382185 2.22092 -1.93689</i>
                        <i>0.0967336 0.773038 0.62694 -0.987279 0.154382 -0.0380262 -0.126184 -0.615287 0.778139 0.382301 2.21878 -1.93662</i>
                        <i>0.0955404 0.774903 0.624817 -0.987432 0.153167 -0.0389709 -0.1259 -0.613241 0.779798 0.38246 2.21678 -1.93652</i>
                        <i>0.0940818 0.776119 0.623529 -0.987611 0.151765 -0.0398882 -0.125588 -0.612051 0.780782 0.382647 2.21514 -1.93656</i>
                        <i>0.0924906 0.776726 0.623011 -0.987803 0.150291 -0.040726 -0.125266 -0.611645 0.781152 0.382844 2.21405 -1.93671</i>
                        <i>0.0908927 0.776747 0.623219 -0.98799 0.14886 -0.0414392 -0.12496 -0.611968 0.780948 0.383038 2.21369 -1.93695</i>
                        <i>0.089407 0.776187 0.624131 -0.988158 0.147585 -0.0419872 -0.124702 -0.612986 0.780191 0.383212 2.21398 -1.93726</i>
                        <i>0.0881462 0.775036 0.62574 -0.988293 0.146577 -0.042331 -0.124527 -0.614683 0.778882 0.383353 2.21468 -1.93763</i>
                        <i>0.0872044 0.773186 0.628155 -0.988383 0.14594 -0.0424218 -0.124473 -0.617158 0.776931 0.38345 2.21575 -1.93806</i>
                        <i>0.0865173 0.770597 0.631423 -0.988436 0.145622 -0.0422841 -0.124533 -0.620463 0.774285 0.383512 2.21715 -1.93856</i>
                        <i>0.0859489 0.767339 0.635455 -0.988468 0.145489 -0.0419878 -0.12467 -0.624519 0.770995 0.383556 2.21879 -1.93914</i>
                        <i>0.0855119 0.763615 0.639984 -0.988482 0.145523 -0.0415582 -0.124867 -0.629059 0.767264 0.383582 2.22059 -1.93977</i>
                        <i>0.0852205 0.759635 0.644742 -0.988477 0.145709 -0.0410194 -0.125104 -0.633816 0.763299 0.38359 2.22249 -1.94041</i>
                        <i>0.0850896 0.755616 0.649464 -0.988455 0.14603 -0.0403957 -0.125365 -0.638529 0.759318 0.383579 2.2244 -1.94102</i>
                        <i>0.0851347 0.751783 0.653892 -0.988417 0.146473 -0.0397124 -0.125633 -0.642937 0.755545 0.383549 2.22625 -1.94157</i>
                        <i>0.0853713 0.748365 0.65777 -0.988364 0.147026 -0.0389976 -0.125894 -0.646787 0.752209 0.3835 2.22795 -1.94202</i>
                        <i>0.0858145 0.745598 0.660847 -0.988294 0.147678 -0.0382821 -0.126136 -0.649826 0.749544 0.38343 2.22942 -1.94235</i>
                        <i>0.0864789 0.743719 0.662875 -0.988209 0.148421 -0.0376002 -0.126348 -0.651807 0.747786 0.38334 2.23059 -1.94251</i>
                        <i>0.0873782 0.742965 0.663603 -0.988108 0.149248 -0.0369904 -0.126524 -0.652479 0.74717 0.383229 2.23136 -1.94247</i>
                        <i>0.0884452 0.743106 0.663303 -0.987994 0.150128 -0.0364506 -0.126667 -0.652116 0.747463 0.383102 2.23175 -1.94229</i>
                        <i>0.0895793 0.743726 0.662456 -0.987877 0.151017 -0.0359604 -0.126787 -0.651203 0.748237 0.382967 2.23181 -1.94202</i>
                        <i>0.0907568 0.744846 0.661036 -0.987757 0.151896 -0.0355405 -0.126881 -0.649717 0.749512 0.382828 2.23157 -1.94168</i>
                        <i>0.0919534 0.746486 0.659017 -0.987638 0.152745 -0.0352123 -0.126947 -0.647632 0.751304 0.38269 2.23104 -1.94126</i>
                        <i>0.0931437 0.748663 0.656375 -0.987522 0.153544 -0.0349971 -0.126983 -0.644925 0.753623 0.382557 2.23026 -1.94077</i>
                        <i>0.094302 0.751389 0.653086 -0.987411 0.154272 -0.0349158 -0.126988 -0.641572 0.756478 0.382432 2.22923 -1.9402</i>
                        <i>0.0954023 0.754673 0.649128 -0.987309 0.154906 -0.0349884 -0.126959 -0.637552 0.759874 0.38232 2.22799 -1.93955</i>
                        <i>0.096419 0.758523 0.644474 -0.987219 0.155425 -0.035233 -0.126892 -0.63284 0.763814 0.382224 2.22655 -1.93884</i>
                        <i>0.0973266 0.762942 0.639099 -0.987144 0.155803 -0.0356651 -0.126784 -0.627412 0.768297 0.38215 2.22493 -1.93805</i>
                    </KeyFrames>
                </p>
            </i>
            <i>
                <p>
                    <Name><![CDATA[head]]></Name>
                    <Exclude>0</Exclude>
                    <Additive>0</Additive>
                    <IKPriority>0</IKPriority>
                    <IKRotLimits>-1e+010 -1e+010 -1e+010 1e+010 1e+010 1e+010</IKRotLimits>
                    <IKRotLimitOrder>0</IKRotLimitOrder>
                    <KeyFrames count="30">
                        <i>0.331563 0.927412 0.173128 0.121504 0.140004 -0.982668 -0.935576 0.346852 -0.0662644 0.403865 2.43656 -1.78687</i>
                        <i>0.331143 0.927857 0.17154 0.123701 0.137539 -0.982742 -0.935437 0.346648 -0.0692315 0.404062 2.43598 -1.78825</i>
                        <i>0.330921 0.928511 0.168401 0.125271 0.133652 -0.983079 -0.935307 0.346417 -0.0720869 0.404249 2.43511 -1.78958</i>
                        <i>0.330905 0.929332 0.163843 0.126189 0.128487 -0.98365 -0.935189 0.34617 -0.0747541 0.40442 2.43412 -1.79084</i>
                        <i>0.331105 0.930272 0.157996 0.126431 0.122193 -0.984421 -0.935085 0.345922 -0.0771568 0.404572 2.43316 -1.79199</i>
                        <i>0.331524 0.931286 0.150992 0.125972 0.114914 -0.985356 -0.934999 0.34569 -0.0792194 0.4047 2.43241 -1.79298</i>
                        <i>0.332298 0.93244 0.141896 0.124427 0.105791 -0.986573 -0.934931 0.345492 -0.0808666 0.404799 2.43203 -1.79377</i>
                        <i>0.333447 0.933684 0.130565 0.121673 0.0947127 -0.988041 -0.934884 0.345346 -0.0820229 0.404865 2.43219 -1.79432</i>
                        <i>0.334802 0.93483 0.118321 0.118082 0.0829545 -0.989533 -0.934861 0.345269 -0.0826132 0.404894 2.43277 -1.7946</i>
                        <i>0.336199 0.935751 0.106495 0.114027 0.0718006 -0.99088 -0.934863 0.345276 -0.0825618 0.404882 2.43348 -1.79456</i>
                        <i>0.337473 0.93636 0.0966508 0.109916 0.0627745 -0.991957 -0.934896 0.345382 -0.0817363 0.404822 2.43424 -1.79415</i>
                        <i>0.338519 0.936672 0.0897226 0.10609 0.0567515 -0.992736 -0.93496 0.345578 -0.0801597 0.404717 2.435 -1.79339</i>
                        <i>0.339275 0.936739 0.0860956 0.10283 0.054044 -0.99323 -0.93505 0.345831 -0.0779889 0.404576 2.43574 -1.79234</i>
                        <i>0.339689 0.936583 0.0861545 0.10042 0.054962 -0.993426 -0.935161 0.346108 -0.0753816 0.404409 2.43645 -1.7911</i>
                        <i>0.339715 0.936185 0.0902816 0.099141 0.0598116 -0.993274 -0.935288 0.346381 -0.0724955 0.404225 2.43711 -1.78974</i>
                        <i>0.339301 0.935469 0.0988561 0.0992716 0.0688946 -0.992672 -0.935425 0.346628 -0.0694895 0.404034 2.4377 -1.78833</i>
                        <i>0.338622 0.934484 0.109883 0.100276 0.0802759 -0.991716 -0.935564 0.346835 -0.0665232 0.403845 2.43822 -1.78695</i>
                        <i>0.337919 0.933401 0.120718 0.101399 0.0914106 -0.990637 -0.935697 0.346996 -0.0637567 0.403669 2.43866 -1.78568</i>
                        <i>0.33723 0.932296 0.130766 0.102586 0.101684 -0.989513 -0.935816 0.347109 -0.0613501 0.403517 2.43902 -1.78458</i>
                        <i>0.336599 0.931267 0.139435 0.103786 0.110483 -0.988444 -0.935911 0.347181 -0.0594639 0.403399 2.43929 -1.78373</i>
                        <i>0.336067 0.930432 0.146136 0.104946 0.1172 -0.987548 -0.935973 0.347219 -0.0582581 0.403326 2.43948 -1.78319</i>
                        <i>0.335597 0.929752 0.151443 0.106143 0.122421 -0.986786 -0.936007 0.347237 -0.0576024 0.403288 2.43953 -1.7829</i>
                        <i>0.335114 0.929107 0.156395 0.107499 0.127205 -0.986034 -0.936025 0.347246 -0.0572502 0.403267 2.43941 -1.78274</i>
                        <i>0.334622 0.928515 0.160898 0.109017 0.131451 -0.98531 -0.936026 0.347247 -0.0572371 0.403266 2.43914 -1.78274</i>
                        <i>0.334123 0.928001 0.164854 0.110695 0.13506 -0.984635 -0.936007 0.347237 -0.0575986 0.403289 2.43877 -1.78291</i>
                        <i>0.333619 0.927587 0.168171 0.112535 0.137929 -0.984028 -0.935967 0.347216 -0.0583702 0.403339 2.43833 -1.78326</i>
                        <i>0.333112 0.927297 0.170752 0.114536 0.139959 -0.98351 -0.935905 0.347176 -0.0595874 0.403418 2.43786 -1.78381</i>
                        <i>0.332601 0.927156 0.172503 0.116699 0.141048 -0.983101 -0.935819 0.347111 -0.0612855 0.403531 2.43738 -1.78458</i>
                        <i>0.332086 0.927188 0.173327 0.119022 0.141097 -0.982815 -0.93571 0.347009 -0.0634996 0.403679 2.43694 -1.7856</i>
                        <i>0.331563 0.927412 0.173128 0.121504 0.140004 -0.982668 -0.935576 0.346852 -0.0662644 0.403865 2.43656 -1.78687</i>
                    </KeyFrames>
                </p>
            </i>
            <i>
                <p>
                    <Name><![CDATA[head_prop]]></Name>
                    <Exclude>0</Exclude>
                    <Additive>0</Additive>
                    <IKPriority>0</IKPriority>
                    <IKRotLimits>-1e+010 -1e+010 -1e+010 1e+010 1e+010 1e+010</IKRotLimits>
                    <IKRotLimitOrder>0</IKRotLimitOrder>
                    <KeyFrames count="30">
                        <i>0.935576 -0.346852 0.0662644 0.331563 0.927412 0.173128 -0.121504 -0.140004 0.982668 0.511925 2.73881 -1.73044</i>
                        <i>0.935437 -0.346648 0.0692315 0.331143 0.927857 0.17154 -0.123701 -0.137539 0.982742 0.511985 2.73837 -1.73234</i>
                        <i>0.935307 -0.346417 0.0720869 0.330921 0.928511 0.168401 -0.125271 -0.133652 0.983079 0.512099 2.73772 -1.7347</i>
                        <i>0.935189 -0.34617 0.0747541 0.330905 0.929332 0.163843 -0.126189 -0.128487 0.98365 0.512266 2.73699 -1.73745</i>
                        <i>0.935085 -0.345922 0.0771568 0.331105 0.930272 0.157996 -0.126431 -0.122193 0.984421 0.512482 2.73635 -1.7405</i>
                        <i>0.934999 -0.34569 0.0792194 0.331524 0.931286 0.150992 -0.125972 -0.114914 0.985356 0.512747 2.73593 -1.74377</i>
                        <i>0.934931 -0.345492 0.0808666 0.332298 0.93244 0.141896 -0.124427 -0.105791 0.986573 0.513098 2.73592 -1.74752</i>
                        <i>0.934884 -0.345346 0.0820229 0.333447 0.933684 0.130565 -0.121673 -0.0947127 0.988041 0.513539 2.73649 -1.75177</i>
                        <i>0.934861 -0.345269 0.0826132 0.334802 0.93483 0.118321 -0.118082 -0.0829545 0.989533 0.514009 2.73744 -1.75603</i>
                        <i>0.934863 -0.345276 0.0825618 0.336199 0.935751 0.106495 -0.114027 -0.0718006 0.99088 0.514452 2.73845 -1.75985</i>
                        <i>0.934896 -0.345382 0.0817363 0.337473 0.93636 0.0966508 -0.109916 -0.0627745 0.991957 0.514807 2.73941 -1.76266</i>
                        <i>0.93496 -0.345578 0.0801597 0.338519 0.936672 0.0897226 -0.10609 -0.0567515 0.992736 0.515043 2.74027 -1.76415</i>
                        <i>0.93505 -0.345831 0.0779889 0.339275 0.936739 0.0860956 -0.10283 -0.054044 0.99323 0.515149 2.74104 -1.76428</i>
                        <i>0.935161 -0.346108 0.0753816 0.339689 0.936583 0.0861545 -0.10042 -0.054962 0.993426 0.515117 2.74169 -1.76302</i>
                        <i>0.935288 -0.346381 0.0724955 0.339715 0.936185 0.0902816 -0.099141 -0.0598116 0.993274 0.514941 2.74222 -1.76031</i>
                        <i>0.935425 -0.346628 0.0694895 0.339301 0.935469 0.0988561 -0.0992716 -0.0688946 0.992672 0.514615 2.74258 -1.75611</i>
                        <i>0.935564 -0.346835 0.0665232 0.338622 0.934484 0.109883 -0.100276 -0.0802759 0.991716 0.514205 2.74278 -1.75114</i>
                        <i>0.935697 -0.346996 0.0637567 0.337919 0.933401 0.120718 -0.101399 -0.0914106 0.990637 0.5138 2.74286 -1.74634</i>
                        <i>0.935816 -0.347109 0.0613501 0.33723 0.932296 0.130766 -0.102586 -0.101684 0.989513 0.513424 2.74286 -1.74196</i>
                        <i>0.935911 -0.347181 0.0594639 0.336599 0.931267 0.139435 -0.103786 -0.110483 0.988444 0.5131 2.7428 -1.73829</i>
                        <i>0.935973 -0.347219 0.0582581 0.336067 0.930432 0.146136 -0.104946 -0.1172 0.987548 0.512854 2.74272 -1.73556</i>
                        <i>0.936007 -0.347237 0.0576024 0.335597 0.929752 0.151443 -0.106143 -0.122421 0.986786 0.512662 2.74255 -1.73354</i>
                        <i>0.936025 -0.347246 0.0572502 0.335114 0.929107 0.156395 -0.107499 -0.127205 0.986034 0.512484 2.74221 -1.73177</i>
                        <i>0.936026 -0.347247 0.0572371 0.334622 0.928515 0.160898 -0.109017 -0.131451 0.98531 0.512322 2.74175 -1.7303</i>
                        <i>0.936007 -0.347237 0.0575986 0.334123 0.928001 0.164854 -0.110695 -0.13506 0.984635 0.512183 2.74121 -1.72918</i>
                        <i>0.935967 -0.347216 0.0583702 0.333619 0.927587 0.168171 -0.112535 -0.137929 0.984028 0.512068 2.74064 -1.72845</i>
                        <i>0.935905 -0.347176 0.0595874 0.333112 0.927297 0.170752 -0.114536 -0.139959 0.98351 0.511982 2.74007 -1.72816</i>
                        <i>0.935819 -0.347111 0.0612855 0.332601 0.927156 0.172503 -0.116699 -0.141048 0.983101 0.511928 2.73955 -1.72836</i>
                        <i>0.93571 -0.347009 0.0634996 0.332086 0.927188 0.173327 -0.119022 -0.141097 0.982815 0.511909 2.73912 -1.72911</i>
                        <i>0.935576 -0.346852 0.0662644 0.331563 0.927412 0.173128 -0.121504 -0.140004 0.982668 0.511925 2.73881 -1.73044</i>
                    </KeyFrames>
                </p>
            </i>
            <i>
                <p>
                    <Name><![CDATA[l_clav]]></Name>
                    <Exclude>0</Exclude>
                    <Additive>0</Additive>
                    <IKPriority>0</IKPriority>
                    <IKRotLimits>-1e+010 -1e+010 -1e+010 1e+010 1e+010 1e+010</IKRotLimits>
                    <IKRotLimitOrder>0</IKRotLimitOrder>
                    <KeyFrames count="30">
                        <i>0.702034 0.383261 0.600217 -0.553097 0.82435 0.120543 -0.448589 -0.416603 0.790702 0.47265 2.24248 -1.86046</i>
                        <i>0.703462 0.389646 0.594405 -0.551987 0.826356 0.111566 -0.447719 -0.406586 0.796389 0.472615 2.24096 -1.85954</i>
                        <i>0.705449 0.394811 0.588614 -0.550202 0.828574 0.103649 -0.446788 -0.396976 0.801742 0.472581 2.23921 -1.85865</i>
                        <i>0.70786 0.398732 0.58305 -0.547872 0.830931 0.0969012 -0.445837 -0.388029 0.806637 0.472548 2.23742 -1.85782</i>
                        <i>0.71056 0.401394 0.577916 -0.545126 0.833353 0.0914367 -0.444906 -0.380009 0.810958 0.472518 2.23577 -1.85707</i>
                        <i>0.713418 0.402788 0.573408 -0.542094 0.835763 0.0873793 -0.444038 -0.373179 0.814597 0.47249 2.23444 -1.85642</i>
                        <i>0.716303 0.402914 0.569711 -0.538906 0.838081 0.0848599 -0.443273 -0.367806 0.817452 0.472466 2.23361 -1.8559</i>
                        <i>0.719088 0.401772 0.567003 -0.535699 0.840219 0.0840165 -0.442651 -0.364158 0.81942 0.472446 2.23345 -1.85554</i>
                        <i>0.721649 0.399365 0.565446 -0.532609 0.842083 0.084992 -0.44221 -0.362496 0.820394 0.472431 2.23386 -1.85534</i>
                        <i>0.723867 0.39569 0.565195 -0.529779 0.843565 0.0879325 -0.441985 -0.36308 0.820258 0.472422 2.23459 -1.85535</i>
                        <i>0.725603 0.390614 0.566498 -0.527366 0.844514 0.0931681 -0.442023 -0.366355 0.818779 0.472424 2.23557 -1.8556</i>
                        <i>0.726777 0.384333 0.569284 -0.525496 0.844838 0.100512 -0.442322 -0.372207 0.815974 0.472436 2.23677 -1.85609</i>
                        <i>0.727354 0.377329 0.573218 -0.524264 0.844509 0.109327 -0.442835 -0.380037 0.812077 0.472459 2.23812 -1.85677</i>
                        <i>0.727303 0.370084 0.577987 -0.52376 0.843518 0.118965 -0.443515 -0.38925 0.807328 0.472489 2.23958 -1.85758</i>
                        <i>0.726587 0.363083 0.583302 -0.524073 0.841883 0.128769 -0.444318 -0.399255 0.801983 0.472526 2.24109 -1.85848</i>
                        <i>0.725241 0.356704 0.588887 -0.525191 0.839692 0.138173 -0.445196 -0.409487 0.796317 0.472567 2.2426 -1.85942</i>
                        <i>0.723409 0.351152 0.594451 -0.526951 0.837128 0.146761 -0.446096 -0.419415 0.790626 0.47261 2.24406 -1.86034</i>
                        <i>0.721219 0.34667 0.599719 -0.529208 0.834381 0.154105 -0.44697 -0.42852 0.785231 0.472652 2.24539 -1.8612</i>
                        <i>0.7188 0.343517 0.604419 -0.531813 0.83165 0.159792 -0.447774 -0.436296 0.780477 0.472691 2.24655 -1.86195</i>
                        <i>0.716284 0.341963 0.608275 -0.534619 0.829142 0.163417 -0.448464 -0.442249 0.776721 0.472725 2.24746 -1.86254</i>
                        <i>0.713802 0.342287 0.611004 -0.537482 0.827057 0.164589 -0.448999 -0.445888 0.774328 0.472749 2.24807 -1.86292</i>
                        <i>0.711385 0.344078 0.612814 -0.540336 0.825345 0.16384 -0.449409 -0.447679 0.773056 0.472764 2.24835 -1.86312</i>
                        <i>0.709022 0.346641 0.614107 -0.543148 0.823848 0.162064 -0.449753 -0.448458 0.772404 0.472771 2.24835 -1.86324</i>
                        <i>0.706806 0.349943 0.614788 -0.545814 0.822632 0.159259 -0.450013 -0.448126 0.772445 0.472771 2.24809 -1.86324</i>
                        <i>0.704833 0.353954 0.614758 -0.548231 0.821758 0.155422 -0.45017 -0.446576 0.773251 0.472765 2.24759 -1.86314</i>
                        <i>0.703199 0.35864 0.613912 -0.550299 0.821283 0.150551 -0.450202 -0.443702 0.774885 0.472752 2.24688 -1.8629</i>
                        <i>0.702004 0.363963 0.612144 -0.551917 0.821259 0.144639 -0.450086 -0.439391 0.777405 0.472734 2.24599 -1.86253</i>
                        <i>0.701347 0.369879 0.609346 -0.552989 0.821735 0.137679 -0.449796 -0.433522 0.78086 0.47271 2.24494 -1.862</i>
                        <i>0.701324 0.376333 0.605407 -0.553415 0.822753 0.129655 -0.449307 -0.425971 0.785285 0.472682 2.24376 -1.86132</i>
                        <i>0.702034 0.383261 0.600217 -0.553097 0.82435 0.120543 -0.448589 -0.416603 0.790702 0.47265 2.24248 -1.86046</i>
                    </KeyFrames>
                </p>
            </i>
            <i>
                <p>
                    <Name><![CDATA[l_shoulder]]></Name>
                    <Exclude>0</Exclude>
                    <Additive>0</Additive>
                    <IKPriority>0</IKPriority>
                    <IKRotLimits>-1e+010 -1e+010 -1e+010 1e+010 1e+010 1e+010</IKRotLimits>
                    <IKRotLimitOrder>0</IKRotLimitOrder>
                    <KeyFrames count="30">
                        <i>-0.499114 -0.192517 0.84488 0.669586 0.533205 0.517057 -0.550036 0.82379 -0.137223 0.611357 2.3182 -1.74187</i>
                        <i>-0.495977 -0.188343 0.847664 0.667922 0.541049 0.511024 -0.554876 0.81963 -0.142549 0.611604 2.31794 -1.74209</i>
                        <i>-0.49354 -0.18298 0.850257 0.666525 0.548451 0.504922 -0.558715 0.815917 -0.148722 0.611962 2.31722 -1.74235</i>
                        <i>-0.491718 -0.176973 0.852581 0.665337 0.555281 0.498988 -0.561729 0.812615 -0.155295 0.612406 2.31621 -1.74262</i>
                        <i>-0.490417 -0.170863 0.854574 0.664297 0.561421 0.493473 -0.564092 0.809699 -0.161826 0.612909 2.31508 -1.74288</i>
                        <i>-0.489543 -0.165194 0.856188 0.663342 0.56676 0.488631 -0.565972 0.807152 -0.167873 0.613446 2.31402 -1.74313</i>
                        <i>-0.488998 -0.160507 0.85739 0.662406 0.571195 0.484722 -0.567538 0.804968 -0.172992 0.613992 2.31321 -1.74334</i>
                        <i>-0.488685 -0.157342 0.858155 0.66142 0.574622 0.482009 -0.568955 0.803152 -0.17674 0.614522 2.31283 -1.74351</i>
                        <i>-0.488749 -0.155602 0.858436 0.66056 0.57676 0.480634 -0.569899 0.801958 -0.179106 0.615013 2.31277 -1.74362</i>
                        <i>-0.48947 -0.154841 0.858163 0.660135 0.577216 0.48067 -0.569773 0.801777 -0.180314 0.615443 2.31277 -1.74368</i>
                        <i>-0.491039 -0.155089 0.857221 0.66033 0.57556 0.482385 -0.568195 0.802918 -0.180213 0.615787 2.31275 -1.74367</i>
                        <i>-0.493412 -0.156305 0.855636 0.661146 0.571811 0.485714 -0.565182 0.805357 -0.178798 0.616032 2.3127 -1.74361</i>
                        <i>-0.496341 -0.1584 0.853554 0.662428 0.56638 0.490308 -0.561101 0.808779 -0.176189 0.616168 2.31267 -1.74351</i>
                        <i>-0.499582 -0.161285 0.85112 0.66402 0.559681 0.495817 -0.556324 0.812862 -0.17251 0.616188 2.3127 -1.74338</i>
                        <i>-0.50289 -0.164882 0.848478 0.665771 0.552134 0.501895 -0.551227 0.81729 -0.167889 0.616084 2.31283 -1.74323</i>
                        <i>-0.506065 -0.16905 0.845766 0.667548 0.544167 0.508195 -0.546148 0.821769 -0.162535 0.615859 2.31308 -1.74307</i>
                        <i>-0.508965 -0.173534 0.843114 0.669243 0.536224 0.514371 -0.541359 0.826045 -0.156783 0.61554 2.31344 -1.74289</i>
                        <i>-0.511438 -0.17811 0.840659 0.670758 0.528752 0.5201 -0.537136 0.829878 -0.150956 0.615149 2.31389 -1.74271</i>
                        <i>-0.513333 -0.182566 0.838546 0.672012 0.522201 0.525078 -0.53375 0.833052 -0.145376 0.614711 2.31442 -1.74253</i>
                        <i>-0.514493 -0.186698 0.836923 0.672931 0.517018 0.529014 -0.531471 0.835366 -0.140368 0.614247 2.31503 -1.74236</i>
                        <i>-0.514763 -0.190303 0.835945 0.673444 0.513655 0.531631 -0.530558 0.836626 -0.136252 0.613781 2.3157 -1.74219</i>
                        <i>-0.514386 -0.193282 0.835493 0.673702 0.51173 0.533159 -0.530597 0.837123 -0.133012 0.613318 2.31633 -1.74205</i>
                        <i>-0.51374 -0.19566 0.835337 0.673899 0.51055 0.53404 -0.530971 0.837291 -0.130435 0.612858 2.31684 -1.7419</i>
                        <i>-0.512794 -0.197405 0.835508 0.673994 0.510238 0.534219 -0.531765 0.837071 -0.128597 0.612421 2.31723 -1.74178</i>
                        <i>-0.511516 -0.198486 0.836035 0.673941 0.510914 0.533639 -0.533062 0.836403 -0.127573 0.612025 2.31752 -1.74167</i>
                        <i>-0.509875 -0.198867 0.836946 0.673692 0.512697 0.532242 -0.534945 0.835221 -0.127436 0.611689 2.31774 -1.7416</i>
                        <i>-0.507843 -0.19851 0.838266 0.673195 0.515701 0.529962 -0.537497 0.833454 -0.128259 0.611435 2.3179 -1.74158</i>
                        <i>-0.50539 -0.197369 0.840016 0.672392 0.520044 0.526729 -0.540805 0.831023 -0.130116 0.611281 2.31802 -1.74161</i>
                        <i>-0.502489 -0.195392 0.842215 0.671215 0.525839 0.522459 -0.544954 0.827837 -0.133079 0.611249 2.31812 -1.7417</i>
                        <i>-0.499114 -0.192517 0.84488 0.669586 0.533205 0.517057 -0.550036 0.82379 -0.137223 0.611357 2.3182 -1.74187</i>
                    </KeyFrames>
                </p>
            </i>
            <i>
                <p>
                    <Name><![CDATA[l_elbow]]></Name>
                    <Exclude>0</Exclude>
                    <Additive>0</Additive>
                    <IKPriority>0</IKPriority>
                    <IKRotLimits>-1e+010 -1e+010 -1e+010 1e+010 1e+010 1e+010</IKRotLimits>
                    <IKRotLimitOrder>0</IKRotLimitOrder>
                    <KeyFrames count="30">
                        <i>-0.696562 0.694036 0.181975 0.668275 0.535244 0.516644 0.261169 0.481485 -0.836638 0.449007 2.25558 -1.46705</i>
                        <i>-0.70046 0.69065 0.179886 0.6666 0.543078 0.510598 0.254953 0.477565 -0.840792 0.450274 2.25668 -1.46637</i>
                        <i>-0.703997 0.687514 0.178081 0.665193 0.55047 0.50448 0.248809 0.473611 -0.844859 0.451425 2.2577 -1.46578</i>
                        <i>-0.707183 0.684625 0.176584 0.663998 0.557292 0.498531 0.242897 0.469804 -0.848696 0.452461 2.25864 -1.46529</i>
                        <i>-0.71003 0.681976 0.175405 0.662952 0.563424 0.492999 0.237386 0.466329 -0.852165 0.453388 2.2595 -1.46491</i>
                        <i>-0.712555 0.679558 0.174545 0.661993 0.568756 0.488141 0.232447 0.463375 -0.855133 0.454209 2.26029 -1.46463</i>
                        <i>-0.714778 0.677361 0.173995 0.661052 0.573185 0.48422 0.22826 0.461129 -0.857471 0.454932 2.261 -1.46445</i>
                        <i>-0.716721 0.67537 0.173744 0.660063 0.576608 0.481498 0.225007 0.459781 -0.859054 0.455564 2.26165 -1.46437</i>
                        <i>-0.718166 0.673815 0.173812 0.659201 0.578742 0.480116 0.222917 0.45938 -0.859813 0.456034 2.26216 -1.46439</i>
