<?xml version="1.0" encoding="ISO-8859-1" ?>
<Animl Version="1">
    <ModellingPackage><![CDATA[Maya.2010]]></ModellingPackage>
    <SrcFile><![CDATA[anims\turrets\antitank\blue\~src\antitank_m72_law\antitank_m72law_aim_random_crewman_c.mb]]></SrcFile>
    <FramesPerSecond>30</FramesPerSecond>
    <TotalFrames>60</TotalFrames>
    <Skeleton>
        <RefFrame>
            <Name><![CDATA[soldier_ref_frame]]></Name>
            <Exclude>0</Exclude>
            <Additive>0</Additive>
            <IKPriority>0</IKPriority>
            <IKRotLimits>-1e+010 -1e+010 -1e+010 1e+010 1e+010 1e+010</IKRotLimits>
            <IKRotLimitOrder>0</IKRotLimitOrder>
            <KeyFrames count="60">
                <i>1 0 0 0 1 0 0 0 1 -1.87 0.87 -1.65</i>
                <i>1 0 0 0 1 0 0 0 1 -1.87 0.87 -1.65</i>
                <i>1 0 0 0 1 0 0 0 1 -1.87 0.87 -1.65</i>
                <i>1 0 0 0 1 0 0 0 1 -1.87 0.87 -1.65</i>
                <i>1 0 0 0 1 0 0 0 1 -1.87 0.87 -1.65</i>
                <i>1 0 0 0 1 0 0 0 1 -1.87 0.87 -1.65</i>
                <i>1 0 0 0 1 0 0 0 1 -1.87 0.87 -1.65</i>
                <i>1 0 0 0 1 0 0 0 1 -1.87 0.87 -1.65</i>
                <i>1 0 0 0 1 0 0 0 1 -1.87 0.87 -1.65</i>
                <i>1 0 0 0 1 0 0 0 1 -1.87 0.87 -1.65</i>
                <i>1 0 0 0 1 0 0 0 1 -1.87 0.87 -1.65</i>
                <i>1 0 0 0 1 0 0 0 1 -1.87 0.87 -1.65</i>
                <i>1 0 0 0 1 0 0 0 1 -1.87 0.87 -1.65</i>
                <i>1 0 0 0 1 0 0 0 1 -1.87 0.87 -1.65</i>
                <i>1 0 0 0 1 0 0 0 1 -1.87 0.87 -1.65</i>
                <i>1 0 0 0 1 0 0 0 1 -1.87 0.87 -1.65</i>
                <i>1 0 0 0 1 0 0 0 1 -1.87 0.87 -1.65</i>
                <i>1 0 0 0 1 0 0 0 1 -1.87 0.87 -1.65</i>
                <i>1 0 0 0 1 0 0 0 1 -1.87 0.87 -1.65</i>
                <i>1 0 0 0 1 0 0 0 1 -1.87 0.87 -1.65</i>
                <i>1 0 0 0 1 0 0 0 1 -1.87 0.87 -1.65</i>
                <i>1 0 0 0 1 0 0 0 1 -1.87 0.87 -1.65</i>
                <i>1 0 0 0 1 0 0 0 1 -1.87 0.87 -1.65</i>
                <i>1 0 0 0 1 0 0 0 1 -1.87 0.87 -1.65</i>
                <i>1 0 0 0 1 0 0 0 1 -1.87 0.87 -1.65</i>
                <i>1 0 0 0 1 0 0 0 1 -1.87 0.87 -1.65</i>
                <i>1 0 0 0 1 0 0 0 1 -1.87 0.87 -1.65</i>
                <i>1 0 0 0 1 0 0 0 1 -1.87 0.87 -1.65</i>
                <i>1 0 0 0 1 0 0 0 1 -1.87 0.87 -1.65</i>
                <i>1 0 0 0 1 0 0 0 1 -1.87 0.87 -1.65</i>
                <i>1 0 0 0 1 0 0 0 1 -1.87 0.87 -1.65</i>
                <i>1 0 0 0 1 0 0 0 1 -1.87 0.87 -1.65</i>
                <i>1 0 0 0 1 0 0 0 1 -1.87 0.87 -1.65</i>
                <i>1 0 0 0 1 0 0 0 1 -1.87 0.87 -1.65</i>
                <i>1 0 0 0 1 0 0 0 1 -1.87 0.87 -1.65</i>
                <i>1 0 0 0 1 0 0 0 1 -1.87 0.87 -1.65</i>
                <i>1 0 0 0 1 0 0 0 1 -1.87 0.87 -1.65</i>
                <i>1 0 0 0 1 0 0 0 1 -1.87 0.87 -1.65</i>
                <i>1 0 0 0 1 0 0 0 1 -1.87 0.87 -1.65</i>
                <i>1 0 0 0 1 0 0 0 1 -1.87 0.87 -1.65</i>
                <i>1 0 0 0 1 0 0 0 1 -1.87 0.87 -1.65</i>
                <i>1 0 0 0 1 0 0 0 1 -1.87 0.87 -1.65</i>
                <i>1 0 0 0 1 0 0 0 1 -1.87 0.87 -1.65</i>
                <i>1 0 0 0 1 0 0 0 1 -1.87 0.87 -1.65</i>
                <i>1 0 0 0 1 0 0 0 1 -1.87 0.87 -1.65</i>
                <i>1 0 0 0 1 0 0 0 1 -1.87 0.87 -1.65</i>
                <i>1 0 0 0 1 0 0 0 1 -1.87 0.87 -1.65</i>
                <i>1 0 0 0 1 0 0 0 1 -1.87 0.87 -1.65</i>
                <i>1 0 0 0 1 0 0 0 1 -1.87 0.87 -1.65</i>
                <i>1 0 0 0 1 0 0 0 1 -1.87 0.87 -1.65</i>
                <i>1 0 0 0 1 0 0 0 1 -1.87 0.87 -1.65</i>
                <i>1 0 0 0 1 0 0 0 1 -1.87 0.87 -1.65</i>
                <i>1 0 0 0 1 0 0 0 1 -1.87 0.87 -1.65</i>
                <i>1 0 0 0 1 0 0 0 1 -1.87 0.87 -1.65</i>
                <i>1 0 0 0 1 0 0 0 1 -1.87 0.87 -1.65</i>
                <i>1 0 0 0 1 0 0 0 1 -1.87 0.87 -1.65</i>
                <i>1 0 0 0 1 0 0 0 1 -1.87 0.87 -1.65</i>
                <i>1 0 0 0 1 0 0 0 1 -1.87 0.87 -1.65</i>
                <i>1 0 0 0 1 0 0 0 1 -1.87 0.87 -1.65</i>
                <i>1 0 0 0 1 0 0 0 1 -1.87 0.87 -1.65</i>
            </KeyFrames>
        </RefFrame>
        <Bones count="23">
            <i>
                <p>
                    <Name><![CDATA[pelvis]]></Name>
                    <Exclude>0</Exclude>
                    <Additive>0</Additive>
                    <IKPriority>0</IKPriority>
                    <IKRotLimits>-1e+010 -1e+010 -1e+010 1e+010 1e+010 1e+010</IKRotLimits>
                    <IKRotLimitOrder>2</IKRotLimitOrder>
                    <KeyFrames count="60">
                        <i>1 0 0 0 1 0 0 0 1 -1.70228 1.44625 -1.65655</i>
                        <i>1 0 0 0 1 0 0 0 1 -1.70228 1.44322 -1.65655</i>
                        <i>1 0 0 0 1 0 0 0 1 -1.70228 1.43681 -1.65655</i>
                        <i>1 0 0 0 1 0 0 0 1 -1.70228 1.43105 -1.65655</i>
                        <i>1 0 0 0 1 0 0 0 1 -1.70228 1.43 -1.65655</i>
                        <i>1 0 0 0 1 0 0 0 1 -1.70228 1.43542 -1.65655</i>
                        <i>1 0 0 0 1 0 0 0 1 -1.70228 1.4447 -1.65655</i>
                        <i>1 0 0 0 1 0 0 0 1 -1.70228 1.45527 -1.65655</i>
                        <i>1 0 0 0 1 0 0 0 1 -1.70228 1.46456 -1.65655</i>
                        <i>1 0 0 0 1 0 0 0 1 -1.70228 1.47 -1.65655</i>
                        <i>1 0 0 0 1 0 0 0 1 -1.70228 1.47216 -1.65655</i>
                        <i>1 0 0 0 1 0 0 0 1 -1.70228 1.47341 -1.65655</i>
                        <i>1 0 0 0 1 0 0 0 1 -1.70228 1.47392 -1.65655</i>
                        <i>1 0 0 0 1 0 0 0 1 -1.70228 1.47384 -1.65655</i>
                        <i>1 0 0 0 1 0 0 0 1 -1.70228 1.47333 -1.65655</i>
                        <i>1 0 0 0 1 0 0 0 1 -1.70228 1.47256 -1.65655</i>
                        <i>1 0 0 0 1 0 0 0 1 -1.70228 1.47168 -1.65655</i>
                        <i>1 0 0 0 1 0 0 0 1 -1.70228 1.47085 -1.65655</i>
                        <i>1 0 0 0 1 0 0 0 1 -1.70228 1.47024 -1.65655</i>
                        <i>1 0 0 0 1 0 0 0 1 -1.70228 1.47 -1.65655</i>
                        <i>1 0 0 0 1 0 0 0 1 -1.70228 1.47 -1.65655</i>
                        <i>1 0 0 0 1 0 0 0 1 -1.70228 1.47 -1.65655</i>
                        <i>1 0 0 0 1 0 0 0 1 -1.70228 1.47 -1.65655</i>
                        <i>1 0 0 0 1 0 0 0 1 -1.70228 1.47 -1.65655</i>
                        <i>1 0 0 0 1 0 0 0 1 -1.70228 1.47 -1.65655</i>
                        <i>1 0 0 0 1 0 0 0 1 -1.70228 1.47 -1.65655</i>
                        <i>1 0 0 0 1 0 0 0 1 -1.70228 1.47 -1.65655</i>
                        <i>1 0 0 0 1 0 0 0 1 -1.70228 1.47 -1.65655</i>
                        <i>1 0 0 0 1 0 0 0 1 -1.70228 1.47 -1.65655</i>
                        <i>1 0 0 0 1 0 0 0 1 -1.70228 1.47 -1.65655</i>
                        <i>1 0 0 0 1 0 0 0 1 -1.70228 1.47 -1.65655</i>
                        <i>1 0 0 0 1 0 0 0 1 -1.70228 1.47 -1.65655</i>
                        <i>1 0 0 0 1 0 0 0 1 -1.70228 1.47 -1.65655</i>
                        <i>1 0 0 0 1 0 0 0 1 -1.70228 1.47 -1.65655</i>
                        <i>1 0 0 0 1 0 0 0 1 -1.70228 1.47 -1.65655</i>
                        <i>1 0 0 0 1 0 0 0 1 -1.70228 1.47 -1.65655</i>
                        <i>1 0 0 0 1 0 0 0 1 -1.70228 1.47 -1.65655</i>
                        <i>1 0 0 0 1 0 0 0 1 -1.70228 1.47 -1.65655</i>
                        <i>1 0 0 0 1 0 0 0 1 -1.70228 1.47 -1.65655</i>
                        <i>1 0 0 0 1 0 0 0 1 -1.70228 1.47 -1.65655</i>
                        <i>1 0 0 0 1 0 0 0 1 -1.70228 1.47 -1.65655</i>
                        <i>1 0 0 0 1 0 0 0 1 -1.70228 1.47 -1.65655</i>
                        <i>1 0 0 0 1 0 0 0 1 -1.70228 1.47 -1.65655</i>
                        <i>1 0 0 0 1 0 0 0 1 -1.70228 1.47 -1.65655</i>
                        <i>1 0 0 0 1 0 0 0 1 -1.70228 1.47 -1.65655</i>
                        <i>1 0 0 0 1 0 0 0 1 -1.70228 1.47 -1.65655</i>
                        <i>1 0 0 0 1 0 0 0 1 -1.70228 1.47 -1.65655</i>
                        <i>1 0 0 0 1 0 0 0 1 -1.70228 1.47 -1.65655</i>
                        <i>1 0 0 0 1 0 0 0 1 -1.70228 1.47 -1.65655</i>
                        <i>1 0 0 0 1 0 0 0 1 -1.70228 1.47 -1.65655</i>
                        <i>1 0 0 0 1 0 0 0 1 -1.70228 1.46885 -1.65655</i>
                        <i>1 0 0 0 1 0 0 0 1 -1.70228 1.46677 -1.65655</i>
                        <i>1 0 0 0 1 0 0 0 1 -1.70228 1.464 -1.65655</i>
                        <i>1 0 0 0 1 0 0 0 1 -1.70228 1.46079 -1.65655</i>
                        <i>1 0 0 0 1 0 0 0 1 -1.70228 1.45738 -1.65655</i>
                        <i>1 0 0 0 1 0 0 0 1 -1.70228 1.45404 -1.65655</i>
                        <i>1 0 0 0 1 0 0 0 1 -1.70228 1.45101 -1.65655</i>
                        <i>1 0 0 0 1 0 0 0 1 -1.70228 1.44853 -1.65655</i>
                        <i>1 0 0 0 1 0 0 0 1 -1.70228 1.44686 -1.65655</i>
                        <i>1 0 0 0 1 0 0 0 1 -1.70228 1.44625 -1.65655</i>
                    </KeyFrames>
                </p>
            </i>
            <i>
                <p>
                    <Name><![CDATA[spine0]]></Name>
                    <Exclude>0</Exclude>
                    <Additive>0</Additive>
                    <IKPriority>0</IKPriority>
                    <IKRotLimits>-1e+010 -1e+010 -1e+010 1e+010 1e+010 1e+010</IKRotLimits>
                    <IKRotLimitOrder>0</IKRotLimitOrder>
                    <KeyFrames count="60">
                        <i>0.512383 0.834057 0.204482 -0.446624 0.0554398 0.893003 0.733478 -0.548886 0.400916 -1.70269 1.58917 -1.67299</i>
                        <i>0.509046 0.837293 0.199531 -0.446104 0.0583924 0.893074 0.736113 -0.543628 0.403244 -1.70476 1.58569 -1.6763</i>
                        <i>0.499389 0.845851 0.187474 -0.443744 0.0638674 0.893875 0.744112 -0.529581 0.407236 -1.70969 1.57789 -1.68371</i>
                        <i>0.483274 0.858477 0.171646 -0.4394 0.0682699 0.895694 0.757214 -0.508287 0.410208 -1.71542 1.56997 -1.69155</i>
                        <i>0.459524 0.874779 0.15362 -0.43614 0.0715789 0.897027 0.773705 -0.479205 0.414419 -1.71979 1.56711 -1.69642</i>
                        <i>0.429328 0.893054 0.134656 -0.436227 0.0744992 0.896748 0.790812 -0.443739 0.421558 -1.7221 1.57187 -1.6976</i>
                        <i>0.39714 0.910345 0.116412 -0.437847 0.0764609 0.895792 0.806579 -0.406725 0.428957 -1.72329 1.58117 -1.69694</i>
                        <i>0.366532 0.924968 0.100437 -0.439828 0.0771309 0.894764 0.819881 -0.372135 0.435098 -1.72366 1.59219 -1.69515</i>
                        <i>0.340576 0.93612 0.0876835 -0.441383 0.0768418 0.894023 0.830174 -0.343184 0.439357 -1.72346 1.60211 -1.69296</i>
                        <i>0.321585 0.943639 0.0782863 -0.442362 0.0766219 0.893558 0.837197 -0.321985 0.44207 -1.72292 1.60811 -1.69113</i>
                        <i>0.308608 0.948487 0.071653 -0.443401 0.0768055 0.893027 0.841521 -0.307366 0.444263 -1.72182 1.61083 -1.68949</i>
                        <i>0.298976 0.951907 0.0669856 -0.444648 0.0768575 0.892402 0.844335 -0.296592 0.446242 -1.72015 1.61274 -1.6876</i>
                        <i>0.291839 0.954355 0.0635282 -0.445752 0.0769426 0.891843 0.846248 -0.288592 0.447861 -1.71838 1.61384 -1.68587</i>
                        <i>0.286243 0.956249 0.0604394 -0.446501 0.0773121 0.891437 0.847763 -0.282154 0.449096 -1.71701 1.61415 -1.68472</i>
                        <i>0.282373 0.957574 0.0576047 -0.446732 0.0781189 0.891251 0.848938 -0.277399 0.449837 -1.71652 1.61372 -1.68458</i>
                        <i>0.282492 0.957633 0.0560181 -0.446266 0.0795027 0.891362 0.849143 -0.276802 0.449818 -1.71762 1.6125 -1.68619</i>
                        <i>0.286504 0.956446 0.05591 -0.44491 0.0811364 0.891892 0.848511 -0.280405 0.448778 -1.72009 1.61063 -1.6893</i>
                        <i>0.292951 0.954413 0.0572346 -0.442637 0.082318 0.892915 0.847498 -0.286914 0.446573 -1.72303 1.60851 -1.69285</i>
                        <i>0.299868 0.952128 0.0594349 -0.44007 0.0827826 0.894139 0.846415 -0.294279 0.443827 -1.72554 1.60666 -1.69586</i>
                        <i>0.304642 0.950493 0.0612913 -0.438547 0.0828536 0.894881 0.845499 -0.299498 0.442077 -1.72668 1.60576 -1.69742</i>
                        <i>0.306394 0.949855 0.062433 -0.438614 0.082665 0.894865 0.844831 -0.301566 0.441948 -1.72658 1.60578 -1.69739</i>
                        <i>0.310843 0.948214 0.0653204 -0.438797 0.082204 0.894818 0.84311 -0.30681 0.441626 -1.72631 1.60586 -1.6973</i>
                        <i>0.316769 0.945979 0.0691421 -0.439072 0.0816299 0.894736 0.840758 -0.313783 0.441211 -1.72589 1.60598 -1.69716</i>
                        <i>0.322954 0.943588 0.0730862 -0.439413 0.0811013 0.894617 0.838222 -0.321035 0.440817 -1.72534 1.60612 -1.69698</i>
                        <i>0.328199 0.941518 0.0763494 -0.439794 0.080772 0.894459 0.835983 -0.327138 0.440583 -1.72469 1.60629 -1.69678</i>
                        <i>0.331332 0.940272 0.0781471 -0.440185 0.0807883 0.894265 0.83454 -0.330698 0.440661 -1.72397 1.60648 -1.69655</i>
                        <i>0.332477 0.939833 0.0785678 -0.440572 0.0811174 0.894045 0.83388 -0.331864 0.441034 -1.7232 1.60667 -1.69631</i>
                        <i>0.332721 0.939764 0.0783553 -0.440957 0.0815959 0.893812 0.833579 -0.331942 0.441544 -1.7224 1.60685 -1.69608</i>
                        <i>0.332369 0.939941 0.0777231 -0.441331 0.0821682 0.893575 0.833521 -0.331298 0.442135 -1.72161 1.60703 -1.69586</i>
                        <i>0.33171 0.940244 0.0768767 -0.441685 0.0827807 0.893343 0.833596 -0.330286 0.442751 -1.72084 1.60719 -1.69565</i>
                        <i>0.331021 0.940557 0.0760126 -0.442011 0.0833827 0.893126 0.833697 -0.329242 0.443338 -1.72013 1.60734 -1.69549</i>
                        <i>0.330567 0.940772 0.0753195 -0.442302 0.083926 0.892931 0.833723 -0.328487 0.443849 -1.7195 1.60745 -1.69536</i>
                        <i>0.330603 0.940787 0.0749805 -0.442549 0.0843637 0.892767 0.833577 -0.328334 0.444235 -1.71897 1.60754 -1.69528</i>
                        <i>0.330824 0.940724 0.0747974 -0.442734 0.0847217 0.892642 0.833392 -0.328423 0.444518 -1.71857 1.60759 -1.69527</i>
                        <i>0.330765 0.940771 0.0744656 -0.442832 0.085045 0.892562 0.833364 -0.328204 0.444733 -1.71833 1.6076 -1.69534</i>
                        <i>0.330477 0.940909 0.0739895 -0.442839 0.0853539 0.892529 0.833474 -0.327726 0.444879 -1.71825 1.60757 -1.69549</i>
                        <i>0.33004 0.94111 0.0733893 -0.442767 0.085674 0.892534 0.833685 -0.327067 0.444969 -1.71829 1.60749 -1.69574</i>
                        <i>0.329516 0.941346 0.0727113 -0.442625 0.0859958 0.892574 0.833968 -0.326301 0.445 -1.71844 1.60738 -1.69608</i>
                        <i>0.328833 0.941646 0.0719072 -0.442417 0.0863315 0.892645 0.834348 -0.325344 0.444989 -1.71868 1.60724 -1.69647</i>
                        <i>0.328005 0.942005 0.0709887 -0.44215 0.0866796 0.892743 0.834815 -0.324212 0.444939 -1.71899 1.60707 -1.69691</i>
                        <i>0.32722 0.942345 0.0700948 -0.441838 0.0870094 0.892865 0.835288 -0.323134 0.444835 -1.71936 1.60688 -1.69739</i>
                        <i>0.326621 0.942609 0.0693323 -0.441494 0.0872968 0.893007 0.835705 -0.322284 0.444669 -1.71976 1.60669 -1.69788</i>
                        <i>0.32621 0.942797 0.0687117 -0.44113 0.0875375 0.893164 0.836057 -0.32167 0.444451 -1.72018 1.60648 -1.69837</i>
                        <i>0.325967 0.942916 0.0682271 -0.440759 0.0877318 0.893328 0.836347 -0.321267 0.444196 -1.7206 1.60628 -1.69884</i>
                        <i>0.325866 0.942977 0.0678685 -0.440397 0.0878815 0.893492 0.836578 -0.321047 0.443921 -1.72101 1.60609 -1.69928</i>
                        <i>0.325875 0.942991 0.0676217 -0.440059 0.0879906 0.893647 0.836752 -0.320975 0.443646 -1.72138 1.60591 -1.69967</i>
                        <i>0.325957 0.942974 0.0674684 -0.439765 0.0880642 0.893785 0.836874 -0.321006 0.443392 -1.7217 1.60576 -1.70001</i>
                        <i>0.326071 0.942941 0.0673871 -0.439532 0.0881089 0.893895 0.836953 -0.321092 0.443182 -1.72195 1.60564 -1.70026</i>
                        <i>0.326171 0.942908 0.0673546 -0.439379 0.0881312 0.893968 0.836994 -0.32118 0.44304 -1.72212 1.60556 -1.70043</i>
                        <i>0.326213 0.942894 0.0673483 -0.439324 0.0881375 0.893994 0.837006 -0.32122 0.442988 -1.72218 1.60554 -1.70049</i>
                        <i>0.336083 0.93896 0.0734975 -0.438777 0.0870446 0.89437 0.833381 -0.332831 0.441248 -1.72207 1.60445 -1.70035</i>
                        <i>0.353175 0.931736 0.0844757 -0.438005 0.0848847 0.894956 0.826692 -0.353077 0.438084 -1.72168 1.60257 -1.69988</i>
                        <i>0.375672 0.921422 0.0992533 -0.437392 0.0818638 0.895537 0.817043 -0.379841 0.433777 -1.72084 1.60023 -1.69889</i>
                        <i>0.401596 0.908355 0.116668 -0.437338 0.078287 0.895883 0.804646 -0.410806 0.428698 -1.71935 1.59773 -1.69717</i>
                        <i>0.428832 0.893172 0.13545 -0.438168 0.074526 0.895798 0.790007 -0.443497 0.423319 -1.71703 1.59536 -1.69453</i>
                        <i>0.454964 0.876962 0.154743 -0.440285 0.0704764 0.895088 0.774052 -0.475364 0.418177 -1.71372 1.59342 -1.6903</i>
                        <i>0.477877 0.861169 0.173266 -0.442963 0.0659132 0.894114 0.758563 -0.504027 0.412964 -1.70991 1.59187 -1.68475</i>
                        <i>0.496046 0.847451 0.189117 -0.445088 0.0611571 0.893396 0.745543 -0.527339 0.407527 -1.70634 1.59055 -1.67913</i>
                        <i>0.508039 0.83773 0.20026 -0.446269 0.0571486 0.893072 0.736709 -0.543086 0.402887 -1.70371 1.58956 -1.67475</i>
                        <i>0.512383 0.834057 0.204482 -0.446624 0.0554398 0.893003 0.733478 -0.548886 0.400916 -1.70269 1.58917 -1.67299</i>
                    </KeyFrames>
                </p>
            </i>
            <i>
                <p>
                    <Name><![CDATA[spine1]]></Name>
                    <Exclude>0</Exclude>
                    <Additive>0</Additive>
                    <IKPriority>0</IKPriority>
                    <IKRotLimits>-1e+010 -1e+010 -1e+010 1e+010 1e+010 1e+010</IKRotLimits>
                    <IKRotLimitOrder>0</IKRotLimitOrder>
                    <KeyFrames count="60">
                        <i>0.797907 0.373598 0.473042 -0.553799 0.144478 0.82002 0.238013 -0.91627 0.322178 -1.61054 1.73925 -1.63622</i>
                        <i>0.794502 0.369699 0.481756 -0.559706 0.138059 0.81711 0.235574 -0.918837 0.316611 -1.61255 1.73748 -1.64016</i>
                        <i>0.785112 0.367518 0.498527 -0.572093 0.121941 0.811073 0.237293 -0.921987 0.305992 -1.61775 1.73373 -1.64921</i>
                        <i>0.771406 0.379569 0.510745 -0.583563 0.101914 0.805648 0.253746 -0.919533 0.300119 -1.62507 1.73065 -1.65947</i>
                        <i>0.754511 0.414603 0.50874 -0.589351 0.0869794 0.803181 0.288751 -0.905836 0.309974 -1.63342 1.73174 -1.66756</i>
                        <i>0.732848 0.471406 0.490622 -0.589885 0.0808586 0.803428 0.33907 -0.878202 0.337333 -1.64198 1.73874 -1.67249</i>
                        <i>0.704941 0.537832 0.46238 -0.588256 0.0791419 0.804793 0.39625 -0.839329 0.372173 -1.65016 1.74898 -1.67552</i>
                        <i>0.671734 0.604933 0.427586 -0.585711 0.080308 0.806532 0.453559 -0.792217 0.408261 -1.65725 1.75994 -1.67696</i>
                        <i>0.636825 0.664081 0.391728 -0.583253 0.0826481 0.808075 0.504251 -0.743079 0.43996 -1.66269 1.76927 -1.67732</i>
                        <i>0.606619 0.707565 0.362443 -0.581765 0.0843809 0.808968 0.541814 -0.701593 0.462824 -1.66619 1.77465 -1.67732</i>
                        <i>0.583151 0.737462 0.340713 -0.581229 0.0857481 0.80921 0.567546 -0.669923 0.478638 -1.66788 1.77668 -1.67697</i>
                        <i>0.562575 0.76165 0.321556 -0.580982 0.0874978 0.8092 0.588192 -0.642054 0.491729 -1.66836 1.77765 -1.676</i>
                        <i>0.544065 0.781648 0.30499 -0.580996 0.0887172 0.809057 0.60534 -0.617378 0.502403 -1.66822 1.77786 -1.67495</i>
                        <i>0.526804 0.798555 0.291182 -0.581337 0.0885782 0.808827 0.620101 -0.595368 0.510893 -1.66806 1.77766 -1.67438</i>
                        <i>0.513791 0.809901 0.282984 -0.582007 0.0867069 0.808548 0.630307 -0.580123 0.515917 -1.66827 1.77731 -1.67474</i>
                        <i>0.515208 0.806841 0.289082 -0.583068 0.0827496 0.808198 0.628166 -0.584945 0.513076 -1.6691 1.77698 -1.67657</i>
                        <i>0.529474 0.790567 0.307672 -0.584263 0.07688 0.807915 0.615057 -0.607531 0.502605 -1.67035 1.7767 -1.6796</i>
                        <i>0.548305 0.768283 0.330308 -0.585121 0.0702469 0.807898 0.597491 -0.636245 0.488055 -1.67153 1.77639 -1.68279</i>
                        <i>0.564836 0.747357 0.349884 -0.585563 0.0642441 0.808077 0.581444 -0.66131 0.473911 -1.67222 1.77606 -1.6853</i>
                        <i>0.573856 0.735154 0.360885 -0.585857 0.0605994 0.808145 0.572242 -0.675186 0.465471 -1.67221 1.77585 -1.68648</i>
                        <i>0.577414 0.731046 0.363545 -0.585969 0.060995 0.808034 0.568536 -0.679596 0.46359 -1.67179 1.77578 -1.68624</i>
                        <i>0.586213 0.720626 0.370206 -0.586267 0.0619534 0.807745 0.559147 -0.69055 0.458797 -1.67072 1.77557 -1.68563</i>
                        <i>0.597444 0.706751 0.378897 -0.586697 0.0631323 0.807342 0.546669 -0.70464 0.452367 -1.66925 1.77524 -1.68481</i>
                        <i>0.608417 0.692475 0.387695 -0.587212 0.064182 0.806885 0.533865 -0.718581 0.445679 -1.66764 1.77483 -1.68394</i>
                        <i>0.616611 0.681156 0.394739 -0.587774 0.0647397 0.806431 0.52375 -0.729271 0.440284 -1.66614 1.77439 -1.68316</i>
                        <i>0.619621 0.676389 0.398206 -0.588345 0.0644325 0.806039 0.519539 -0.733721 0.437874 -1.66498 1.774 -1.68265</i>
                        <i>0.617806 0.678 0.398286 -0.58891 0.0633144 0.805714 0.521057 -0.73233 0.438397 -1.66415 1.7737 -1.68237</i>
                        <i>0.613604 0.682715 0.396724 -0.589477 0.0617775 0.80542 0.525364 -0.728068 0.440352 -1.66346 1.77344 -1.68221</i>
                        <i>0.607721 0.68952 0.394003 -0.590028 0.0599538 0.805154 0.531547 -0.721781 0.443271 -1.66288 1.77322 -1.68213</i>
                        <i>0.600881 0.697391 0.390625 -0.590551 0.0579748 0.804915 0.538694 -0.714342 0.446681 -1.66237 1.77302 -1.68211</i>
                        <i>0.593851 0.705325 0.387114 -0.591036 0.0559697 0.804701 0.545909 -0.706671 0.450111 -1.66191 1.77284 -1.68212</i>
                        <i>0.58744 0.712352 0.384018 -0.591478 0.0540651 0.804506 0.552329 -0.699737 0.4531 -1.66147 1.77268 -1.68214</i>
                        <i>0.582493 0.717531 0.381904 -0.591875 0.0523857 0.804326 0.557122 -0.694554 0.455203 -1.66102 1.77252 -1.68215</i>
                        <i>0.578555 0.721503 0.380405 -0.592203 0.0508766 0.804181 0.560865 -0.690539 0.456711 -1.66064 1.77238 -1.68218</i>
                        <i>0.574792 0.725297 0.37889 -0.592429 0.0494369 0.804105 0.564484 -0.686658 0.458103 -1.66044 1.77231 -1.68231</i>
                        <i>0.571398 0.728641 0.377607 -0.592587 0.0480065 0.804074 0.567754 -0.683212 0.459214 -1.66041 1.77228 -1.68255</i>
                        <i>0.568485 0.731357 0.376751 -0.592729 0.0465276 0.804057 0.570524 -0.680406 0.459947 -1.66051 1.77231 -1.6829</i>
                        <i>0.566239 0.733265 0.376425 -0.592862 0.0450588 0.804043 0.572615 -0.678448 0.460239 -1.66071 1.77236 -1.68334</i>
                        <i>0.564808 0.734228 0.376698 -0.593016 0.0436828 0.804005 0.573868 -0.677496 0.460082 -1.661 1.77247 -1.68387</i>
                        <i>0.564356 0.734084 0.377655 -0.593213 0.042471 0.803924 0.574109 -0.677729 0.459437 -1.66137 1.77262 -1.68445</i>
                        <i>0.565083 0.732616 0.379414 -0.593456 0.0414669 0.803798 0.573142 -0.679378 0.458208 -1.66177 1.77281 -1.68506</i>
                        <i>0.567051 0.729746 0.381999 -0.593744 0.0406983 0.803624 0.570895 -0.682506 0.45636 -1.66216 1.773 -1.68566</i>
                        <i>0.569969 0.72579 0.385182 -0.594064 0.0401454 0.803415 0.567647 -0.686744 0.454047 -1.66252 1.77321 -1.68623</i>
                        <i>0.573497 0.721117 0.388705 -0.594402 0.0397802 0.803184 0.563727 -0.69167 0.451447 -1.66286 1.77342 -1.68676</i>
                        <i>0.577309 0.7161 0.39232 -0.59474 0.0395723 0.802944 0.559463 -0.696875 0.448739 -1.66315 1.77361 -1.68724</i>
                        <i>0.581088 0.711119 0.395786 -0.59506 0.0394884 0.802711 0.555194 -0.701962 0.446104 -1.6634 1.77379 -1.68765</i>
                        <i>0.584533 0.706558 0.39887 -0.595342 0.039492 0.802501 0.551261 -0.706553 0.443728 -1.6636 1.77395 -1.68799</i>
                        <i>0.587349 0.702809 0.401349 -0.595569 0.0395444 0.80233 0.548014 -0.710278 0.441798 -1.66375 1.77407 -1.68825</i>
                        <i>0.589249 0.700269 0.403 -0.595719 0.0396051 0.802216 0.545806 -0.71278 0.440501 -1.66384 1.77415 -1.68841</i>
                        <i>0.589947 0.699335 0.4036 -0.595773 0.039634 0.802174 0.544992 -0.713695 0.440027 -1.66387 1.77418 -1.68846</i>
                        <i>0.60573 0.679466 0.414026 -0.595864 0.0425357 0.801958 0.527292 -0.732473 0.430635 -1.66175 1.7731 -1.68718</i>
                        <i>0.629803 0.647286 0.429383 -0.595637 0.0476421 0.80184 0.498563 -0.760757 0.415553 -1.6579 1.77098 -1.68464</i>
                        <i>0.658131 0.60608 0.446688 -0.594915 0.0549948 0.801905 0.461453 -0.7935 0.39676 -1.65253 1.76793 -1.68085</i>
                        <i>0.687287 0.559445 0.463312 -0.593436 0.0646233 0.802283 0.418892 -0.826345 0.376409 -1.64589 1.76406 -1.67584</i>
                        <i>0.714745 0.511396 0.477088 -0.590835 0.0764952 0.803158 0.374237 -0.855934 0.356825 -1.6383 1.75949 -1.66967</i>
                        <i>0.739929 0.466683 0.48447 -0.585598 0.092465 0.805311 0.331029 -0.879578 0.341706 -1.63028 1.7544 -1.66193</i>
                        <i>0.762489 0.428484 0.484781 -0.576937 0.111154 0.80919 0.292839 -0.896687 0.331961 -1.62271 1.74914 -1.65314</i>
                        <i>0.78085 0.398976 0.480719 -0.566578 0.128108 0.813989 0.263179 -0.907968 0.326084 -1.61642 1.74429 -1.64485</i>
                        <i>0.793292 0.380158 0.475571 -0.557605 0.140006 0.818214 0.244468 -0.914264 0.323044 -1.61213 1.74067 -1.63866</i>
                        <i>0.797907 0.373598 0.473042 -0.553799 0.144478 0.82002 0.238013 -0.91627 0.322178 -1.61054 1.73925 -1.63622</i>
                    </KeyFrames>
                </p>
            </i>
            <i>
                <p>
                    <Name><![CDATA[spine2]]></Name>
                    <Exclude>0</Exclude>
                    <Additive>0</Additive>
                    <IKPriority>0</IKPriority>
                    <IKRotLimits>-1e+010 -1e+010 -1e+010 1e+010 1e+010 1e+010</IKRotLimits>
                    <IKRotLimitOrder>0</IKRotLimitOrder>
                    <KeyFrames count="60">
                        <i>0.826781 0.153492 0.541177 -0.561235 0.290157 0.775129 -0.03805 -0.944589 0.326041 -1.47875 1.80069 -1.55785</i>
                        <i>0.824105 0.15204 0.545651 -0.565041 0.288259 0.773069 -0.0397517 -0.945405 0.323465 -1.48035 1.79871 -1.55975</i>
                        <i>0.817809 0.155809 0.553997 -0.574268 0.283662 0.767953 -0.0374936 -0.946181 0.321458 -1.48498 1.79554 -1.56465</i>
                        <i>0.81019 0.175496 0.559279 -0.585769 0.277564 0.761468 -0.0216014 -0.944542 0.32768 -1.49254 1.79546 -1.57146</i>
                        <i>0.801947 0.219193 0.555729 -0.597201 0.270464 0.755116 0.0152116 -0.937445 0.347801 -1.50306 1.80296 -1.5794</i>
                        <i>0.790363 0.288131 0.540654 -0.608135 0.262171 0.749292 0.0741505 -0.921003 0.382433 -1.51623 1.81923 -1.58805</i>
                        <i>0.772077 0.370531 0.516337 -0.618747 0.252784 0.743809 0.145083 -0.89376 0.424433 -1.5308 1.83971 -1.59699</i>
                        <i>0.746907 0.454354 0.485481 -0.628306 0.243295 0.738945 0.217627 -0.856954 0.467192 -1.54532 1.86047 -1.60549</i>
                        <i>0.718313 0.527758 0.453319 -0.636243 0.234707 0.73492 0.281463 -0.816323 0.504376 -1.55821 1.87803 -1.61283</i>
                        <i>0.693537 0.579603 0.427862 -0.642069 0.227936 0.731979 0.326732 -0.782372 0.530227 -1.56781 1.88927 -1.61833</i>
                        <i>0.676725 0.610531 0.411454 -0.645627 0.223518 0.730209 0.353848 -0.759797 0.545435 -1.57418 1.89508 -1.62201</i>
                        <i>0.664512 0.631733 0.399172 -0.647796 0.220681 0.72915 0.372538 -0.743111 0.555879 -1.57881 1.89886 -1.62461</i>
                        <i>0.654433 0.6481 0.389467 -0.649574 0.218261 0.728297 0.387004 -0.729609 0.563826 -1.58231 1.90131 -1.62659</i>
                        <i>0.643532 0.664092 0.380588 -0.651913 0.214988 0.727179 0.401092 -0.716074 0.571282 -1.58529 1.90317 -1.62844</i>
                        <i>0.632533 0.678531 0.373495 -0.654769 0.210856 0.725822 0.413739 -0.703659 0.577654 -1.58762 1.9045 -1.63013</i>
                        <i>0.62922 0.680936 0.374711 -0.656708 0.20792 0.724917 0.415712 -0.702207 0.578003 -1.58778 1.90436 -1.63075</i>
                        <i>0.633736 0.671668 0.38372 -0.657577 0.206523 0.724528 0.407396 -0.711484 0.572555 -1.58587 1.90283 -1.6303</i>
                        <i>0.641787 0.656964 0.395611 -0.657707 0.206238 0.724491 0.394375 -0.725165 0.564451 -1.58288 1.90051 -1.62918</i>
                        <i>0.649685 0.64254 0.406265 -0.65743 0.20656 0.724651 0.381699 -0.737885 0.556624 -1.57985 1.89814 -1.62787</i>
                        <i>0.654565 0.633517 0.412553 -0.657108 0.206917 0.72484 0.373835 -0.745547 0.551731 -1.57781 1.8966 -1.6269</i>
                        <i>0.658495 0.62753 0.41544 -0.656138 0.20834 0.725312 0.368602 -0.7502 0.548938 -1.57681 1.89586 -1.62622</i>
                        <i>0.668143 0.612372 0.422595 -0.653678 0.211844 0.726517 0.355374 -0.761658 0.541836 -1.57429 1.89394 -1.62451</i>
                        <i>0.68031 0.592252 0.431759 -0.650406 0.216284 0.728144 0.337861 -0.776182 0.532344 -1.571 1.89128 -1.62228</i>
                        <i>0.692063 0.571601 0.440819 -0.64706 0.220574 0.729836 0.319942 -0.790329 0.522511 -1.56768 1.88842 -1.62002</i>
                        <i>0.700857 0.55517 0.447868 -0.644455 0.22371 0.731185 0.30574 -0.801087 0.514571 -1.56498 1.88594 -1.61819</i>
                        <i>0.704428 0.547947 0.451148 -0.64346 0.224742 0.731744 0.299566 -0.805757 0.510897 -1.56354 1.88455 -1.61724</i>
                        <i>0.703224 0.549667 0.450935 -0.644028 0.223815 0.731529 0.301171 -0.804843 0.511394 -1.56325 1.88425 -1.61711</i>
                        <i>0.699623 0.55582 0.44899 -0.645369 0.221895 0.730932 0.306638 -0.801141 0.513952 -1.56351 1.88448 -1.61737</i>
                        <i>0.694255 0.565058 0.445779 -0.647233 0.219252 0.730081 0.3148 -0.795385 0.517941 -1.56415 1.88509 -1.61791</i>
                        <i>0.68777 0.576023 0.441781 -0.649374 0.216168 0.729099 0.324478 -0.788333 0.522728 -1.56499 1.8859 -1.6186</i>
                        <i>0.680874 0.587364 0.437508 -0.651553 0.212942 0.728103 0.334498 -0.780806 0.527686 -1.56589 1.88677 -1.61932</i>
                        <i>0.674351 0.597761 0.433513 -0.653545 0.209894 0.727203 0.343701 -0.77371 0.532206 -1.56667 1.88752 -1.61996</i>
                        <i>0.66905 0.60592 0.430388 -0.655139 0.207365 0.726493 0.350949 -0.768024 0.535699 -1.56716 1.88803 -1.6204</i>
                        <i>0.664526 0.612703 0.427786 -0.656479 0.205185 0.725902 0.356987 -0.763214 0.538577 -1.56751 1.88843 -1.62074</i>
                        <i>0.659952 0.619486 0.425088 -0.657785 0.203039 0.725324 0.363018 -0.758296 0.541484 -1.56797 1.8889 -1.62115</i>
                        <i>0.655593 0.625814 0.422558 -0.659016 0.200997 0.724775 0.368642 -0.753629 0.544193 -1.56849 1.88941 -1.6216</i>
                        <i>0.65169 0.631292 0.420442 -0.660145 0.199111 0.724267 0.373509 -0.74955 0.546503 -1.56902 1.88992 -1.62207</i>
                        <i>0.648537 0.635527 0.418934 -0.66111 0.197501 0.723828 0.377272 -0.746391 0.54824 -1.5695 1.89038 -1.62251</i>
                        <i>0.646577 0.637899 0.418357 -0.661829 0.196346 0.723485 0.379368 -0.74467 0.549133 -1.56992 1.89078 -1.62292</i>
                        <i>0.646159 0.637935 0.418948 -0.662237 0.195789 0.723263 0.379369 -0.744786 0.548975 -1.57022 1.89109 -1.62325</i>
                        <i>0.647413 0.635458 0.420772 -0.662294 0.195897 0.723181 0.377123 -0.746872 0.547686 -1.57032 1.89125 -1.62346</i>
                        <i>0.650309 0.630484 0.423779 -0.661989 0.196674 0.723249 0.37265 -0.750873 0.545272 -1.5702 1.89122 -1.62351</i>
                        <i>0.65442 0.623584 0.427642 -0.661393 0.197977 0.72344 0.366462 -0.756273 0.541994 -1.56989 1.89104 -1.62342</i>
                        <i>0.659275 0.615408 0.432006 -0.660587 0.199635 0.72372 0.359139 -0.762508 0.538145 -1.56943 1.89075 -1.62323</i>
                        <i>0.664428 0.606613 0.436528 -0.659656 0.201482 0.724058 0.35127 -0.769042 0.534026 -1.56889 1.89038 -1.62297</i>
                        <i>0.66946 0.597866 0.440885 -0.658685 0.203352 0.724419 0.343451 -0.775373 0.529941 -1.56833 1.88998 -1.62268</i>
                        <i>0.673985 0.58985 0.444771 -0.657764 0.205082 0.724768 0.33629 -0.781036 0.526204 -1.56779 1.8896 -1.6224</i>
                        <i>0.677643 0.583258 0.447895 -0.656987 0.206512 0.725066 0.330405 -0.785597 0.523134 -1.56733 1.88927 -1.62215</i>
                        <i>0.680091 0.578789 0.449977 -0.656451 0.207484 0.725274 0.326418 -0.78864 0.521055 -1.56702 1.88904 -1.62197</i>
                        <i>0.680986 0.577144 0.450735 -0.656251 0.207844 0.725352 0.324951 -0.78975 0.52029 -1.5669 1.88895 -1.6219</i>
                        <i>0.694798 0.551448 0.461693 -0.652585 0.213555 0.726999 0.302304 -0.806412 0.508244 -1.56176 1.88505 -1.61862</i>
                        <i>0.714509 0.511697 0.477119 -0.646487 0.22219 0.729854 0.267452 -0.829939 0.489562 -1.5533 1.87825 -1.6131</i>
                        <i>0.736641 0.461476 0.494369 -0.638228 0.232615 0.733863 0.223662 -0.856113 0.465881 -1.54248 1.86901 -1.60593</i>
                        <i>0.758313 0.404559 0.51117 -0.628148 0.243764 0.738924 0.174333 -0.881426 0.438972 -1.53028 1.85787 -1.59767</i>
                        <i>0.777545 0.344967 0.525757 -0.616675 0.254737 0.744863 0.123023 -0.903386 0.410803 -1.51766 1.84549 -1.58891</i>
                        <i>0.794009 0.286952 0.535919 -0.603449 0.265492 0.751906 0.0734788 -0.92042 0.383964 -1.50555 1.83275 -1.58002</i>
                        <i>0.807625 0.234601 0.541022 -0.588971 0.275392 0.759784 0.0292528 -0.932267 0.360587 -1.49487 1.82068 -1.57161</i>
                        <i>0.817865 0.192141 0.542382 -0.575376 0.283241 0.767279 -0.00619897 -0.939604 0.342207 -1.48638 1.81045 -1.56455</i>
                        <i>0.82441 0.163783 0.541777 -0.565217 0.288326 0.772915 -0.0296177 -0.943421 0.330272 -1.48078 1.80334 -1.55967</i>
                        <i>0.826781 0.153492 0.541177 -0.561235 0.290157 0.775129 -0.03805 -0.944589 0.326041 -1.47875 1.80069 -1.55785</i>
                    </KeyFrames>
                </p>
            </i>
            <i>
                <p>
                    <Name><![CDATA[head]]></Name>
                    <Exclude>0</Exclude>
                    <Additive>0</Additive>
                    <IKPriority>0</IKPriority>
                    <IKRotLimits>-1e+010 -1e+010 -1e+010 1e+010 1e+010 1e+010</IKRotLimits>
                    <IKRotLimitOrder>0</IKRotLimitOrder>
                    <KeyFrames count="60">
                        <i>0.262315 0.916269 0.302724 -0.0127175 0.316965 -0.948352 -0.964898 0.244917 0.0947973 -1.26485 1.85629 -1.4225</i>
                        <i>0.268506 0.891486 0.364906 -0.0535508 0.392046 -0.918386 -0.961788 0.227051 0.153006 -1.26626 1.85404 -1.42338</i>
                        <i>0.306733 0.831333 0.463466 -0.169976 0.526955 -0.832722 -0.936495 0.176645 0.302941 -1.27076 1.85199 -1.42642</i>
                        <i>0.371018 0.796556 0.477329 -0.349573 0.596009 -0.722891 -0.860316 0.101344 0.499585 -1.27883 1.85713 -1.43232</i>
                        <i>0.372955 0.850383 0.371152 -0.580202 0.525903 -0.621926 -0.724065 0.0166077 0.689532 -1.29135 1.87629 -1.44194</i>
                        <i>0.274478 0.931156 0.240021 -0.786337 0.361018 -0.501338 -0.553476 -0.0511316 0.831294 -1.30898 1.91102 -1.45579</i>
                        <i>0.150666 0.976778 0.152328 -0.902947 0.198703 -0.381056 -0.402475 -0.0801321 0.911917 -1.33071 1.95322 -1.47267</i>
                        <i>0.0598494 0.99368 0.0949632 -0.939073 0.0883059 -0.33218 -0.338466 -0.0692967 0.938424 -1.35458 1.99537 -1.49079</i>
                        <i>-0.0121405 0.998878 0.0457866 -0.937329 0.00457827 -0.348416 -0.348235 -0.0471471 0.936221 -1.37738 2.03088 -1.50767</i>
                        <i>-0.0527913 0.998477 0.0160154 -0.93004 -0.0433199 -0.364896 -0.363647 -0.0341583 0.930911 -1.39499 2.05418 -1.52036</i>
                        <i>-0.0588978 0.998241 0.00683383 -0.931197 -0.0524727 -0.36072 -0.359727 -0.0276093 0.932649 -1.40644 2.06654 -1.52839</i>
                        <i>-0.0443185 0.998981 0.00856142 -0.932813 -0.0383122 -0.358318 -0.357625 -0.0238664 0.93356 -1.41457 2.07415 -1.53399</i>
                        <i>-0.0235936 0.999623 0.0140207 -0.934033 -0.0170414 -0.356779 -0.356406 -0.0215135 0.934084 -1.42076 2.07929 -1.5382</i>
                        <i>-0.0113236 0.999807 0.0160654 -0.934702 -0.00487542 -0.355399 -0.355252 -0.0190408 0.934577 -1.42653 2.0841 -1.54212</i>
                        <i>-0.0160081 0.999808 0.0112619 -0.935099 -0.0109821 -0.354217 -0.354026 -0.0162013 0.935095 -1.43163 2.08869 -1.54562</i>
                        <i>-0.0309637 0.999512 0.00423688 -0.934896 -0.027462 -0.353859 -0.35357 -0.0149178 0.935289 -1.43258 2.09001 -1.54631</i>
                        <i>-0.0499128 0.998751 -0.00246998 -0.933949 -0.0475504 -0.35423 -0.353905 -0.0153738 0.935155 -1.42939 2.08798 -1.5442</i>
                        <i>-0.0719821 0.997362 -0.00935406 -0.932215 -0.0706092 -0.354949 -0.354673 -0.01683 0.934839 -1.4241 2.08406 -1.54065</i>
                        <i>-0.0963005 0.995209 -0.016885 -0.929693 -0.0959943 -0.355606 -0.355523 -0.0185471 0.934484 -1.41873 2.07976 -1.53702</i>
                        <i>-0.122011 0.992202 -0.0254773 -0.926454 -0.12306 -0.355722 -0.356083 -0.0197985 0.934244 -1.41522 2.07677 -1.53464</i>
                        <i>-0.1402 0.989638 -0.0310035 -0.923606 -0.142001 -0.356072 -0.356785 -0.0212864 0.933944 -1.41306 2.07452 -1.53313</i>
                        <i>-0.177198 0.983289 -0.0417587 -0.916527 -0.180328 -0.357017 -0.358581 -0.0249894 0.933164 -1.4077 2.06873 -1.52938</i>
                        <i>-0.206947 0.977127 -0.0489482 -0.909311 -0.210564 -0.358909 -0.361007 -0.0297661 0.932088 -1.40085 2.0609 -1.52454</i>
                        <i>-0.204091 0.977988 -0.0434403 -0.90895 -0.205789 -0.362575 -0.363533 -0.0345134 0.930942 -1.39411 2.05267 -1.51974</i>
                        <i>-0.153882 0.987889 -0.0199173 -0.917988 -0.150392 -0.366989 -0.36554 -0.0381891 0.930012 -1.38889 2.04585 -1.516</i>
                        <i>-0.0810968 0.996649 0.0107094 -0.92694 -0.0714667 -0.36834 -0.36634 -0.0397982 0.929629 -1.38648 2.04244 -1.51426</i>
