<?xml version="1.0" encoding="ISO-8859-1" ?>
<Animl Version="1">
    <ModellingPackage><![CDATA[Maya.2010]]></ModellingPackage>
    <SrcFile><![CDATA[anims\turrets\antitank\blue\~src\at_bgm71tow\antitank_bgm71tow_fire_crewman_a.mb]]></SrcFile>
    <FramesPerSecond>30</FramesPerSecond>
    <TotalFrames>40</TotalFrames>
    <Skeleton>
        <RefFrame>
            <Name><![CDATA[soldier_ref_frame]]></Name>
            <Exclude>0</Exclude>
            <Additive>0</Additive>
            <IKPriority>0</IKPriority>
            <IKRotLimits>-1e+010 -1e+010 -1e+010 1e+010 1e+010 1e+010</IKRotLimits>
            <IKRotLimitOrder>0</IKRotLimitOrder>
            <KeyFrames count="40">
                <i>1 0 0 0 1 0 0 0 1 0.92 1.77 -1.21</i>
                <i>1 0 0 0 1 0 0 0 1 0.92 1.77 -1.21</i>
                <i>1 0 0 0 1 0 0 0 1 0.92 1.77 -1.21</i>
                <i>1 0 0 0 1 0 0 0 1 0.92 1.77 -1.21</i>
                <i>1 0 0 0 1 0 0 0 1 0.92 1.77 -1.21</i>
                <i>1 0 0 0 1 0 0 0 1 0.92 1.77 -1.21</i>
                <i>1 0 0 0 1 0 0 0 1 0.92 1.77 -1.21</i>
                <i>1 0 0 0 1 0 0 0 1 0.92 1.77 -1.21</i>
                <i>1 0 0 0 1 0 0 0 1 0.92 1.77 -1.21</i>
                <i>1 0 0 0 1 0 0 0 1 0.92 1.77 -1.21</i>
                <i>1 0 0 0 1 0 0 0 1 0.92 1.77 -1.21</i>
                <i>1 0 0 0 1 0 0 0 1 0.92 1.77 -1.21</i>
                <i>1 0 0 0 1 0 0 0 1 0.92 1.77 -1.21</i>
                <i>1 0 0 0 1 0 0 0 1 0.92 1.77 -1.21</i>
                <i>1 0 0 0 1 0 0 0 1 0.92 1.77 -1.21</i>
                <i>1 0 0 0 1 0 0 0 1 0.92 1.77 -1.21</i>
                <i>1 0 0 0 1 0 0 0 1 0.92 1.77 -1.21</i>
                <i>1 0 0 0 1 0 0 0 1 0.92 1.77 -1.21</i>
                <i>1 0 0 0 1 0 0 0 1 0.92 1.77 -1.21</i>
                <i>1 0 0 0 1 0 0 0 1 0.92 1.77 -1.21</i>
                <i>1 0 0 0 1 0 0 0 1 0.92 1.77 -1.21</i>
                <i>1 0 0 0 1 0 0 0 1 0.92 1.77 -1.21</i>
                <i>1 0 0 0 1 0 0 0 1 0.92 1.77 -1.21</i>
                <i>1 0 0 0 1 0 0 0 1 0.92 1.77 -1.21</i>
                <i>1 0 0 0 1 0 0 0 1 0.92 1.77 -1.21</i>
                <i>1 0 0 0 1 0 0 0 1 0.92 1.77 -1.21</i>
                <i>1 0 0 0 1 0 0 0 1 0.92 1.77 -1.21</i>
                <i>1 0 0 0 1 0 0 0 1 0.92 1.77 -1.21</i>
                <i>1 0 0 0 1 0 0 0 1 0.92 1.77 -1.21</i>
                <i>1 0 0 0 1 0 0 0 1 0.92 1.77 -1.21</i>
                <i>1 0 0 0 1 0 0 0 1 0.92 1.77 -1.21</i>
                <i>1 0 0 0 1 0 0 0 1 0.92 1.77 -1.21</i>
                <i>1 0 0 0 1 0 0 0 1 0.92 1.77 -1.21</i>
                <i>1 0 0 0 1 0 0 0 1 0.92 1.77 -1.21</i>
                <i>1 0 0 0 1 0 0 0 1 0.92 1.77 -1.21</i>
                <i>1 0 0 0 1 0 0 0 1 0.92 1.77 -1.21</i>
                <i>1 0 0 0 1 0 0 0 1 0.92 1.77 -1.21</i>
                <i>1 0 0 0 1 0 0 0 1 0.92 1.77 -1.21</i>
                <i>1 0 0 0 1 0 0 0 1 0.92 1.77 -1.21</i>
                <i>1 0 0 0 1 0 0 0 1 0.92 1.77 -1.21</i>
            </KeyFrames>
        </RefFrame>
        <Bones count="23">
            <i>
                <p>
                    <Name><![CDATA[pelvis]]></Name>
                    <Exclude>0</Exclude>
                    <Additive>0</Additive>
                    <IKPriority>0</IKPriority>
                    <IKRotLimits>-1e+010 -1e+010 -1e+010 1e+010 1e+010 1e+010</IKRotLimits>
                    <IKRotLimitOrder>2</IKRotLimitOrder>
                    <KeyFrames count="40">
                        <i>1 0 0 0 1 0 0 0 1 0.781889 2.74819 -1.26844</i>
                        <i>1 0 0 0 1 0 0 0 1 0.796078 2.74659 -1.31767</i>
                        <i>1 0 0 0 1 0 0 0 1 0.826272 2.70048 -1.45071</i>
                        <i>1 0 0 0 1 0 0 0 1 0.85564 2.8469 -1.59451</i>
                        <i>1 0 0 0 1 0 0 0 1 0.860547 2.92891 -1.72881</i>
                        <i>1 0 0 0 1 0 0 0 1 0.822279 2.92738 -1.85435</i>
                        <i>1 0 0 0 1 0 0 0 1 0.758393 2.90508 -1.96626</i>
                        <i>1 0 0 0 1 0 0 0 1 0.689943 2.86179 -2.06558</i>
                        <i>1 0 0 0 1 0 0 0 1 0.637548 2.79739 -2.15269</i>
                        <i>1 0 0 0 1 0 0 0 1 0.621035 2.71183 -2.22765</i>
                        <i>1 0 0 0 1 0 0 0 1 0.651561 2.7612 -2.29137</i>
                        <i>1 0 0 0 1 0 0 0 1 0.71593 2.76282 -2.34355</i>
                        <i>1 0 0 0 1 0 0 0 1 0.79687 2.73842 -2.38278</i>
                        <i>1 0 0 0 1 0 0 0 1 0.877296 2.70964 -2.40799</i>
                        <i>1 0 0 0 1 0 0 0 1 0.940456 2.69807 -2.41838</i>
                        <i>1 0 0 0 1 0 0 0 1 0.970954 2.71389 -2.41896</i>
                        <i>1 0 0 0 1 0 0 0 1 0.967587 2.74265 -2.41036</i>
                        <i>1 0 0 0 1 0 0 0 1 0.936493 2.76909 -2.38522</i>
                        <i>1 0 0 0 1 0 0 0 1 0.891045 2.77793 -2.33618</i>
                        <i>1 0 0 0 1 0 0 0 1 0.846798 2.75392 -2.25588</i>
                        <i>1 0 0 0 1 0 0 0 1 0.815432 2.85326 -2.12331</i>
                        <i>1 0 0 0 1 0 0 0 1 0.796258 2.91299 -1.94335</i>
                        <i>1 0 0 0 1 0 0 0 1 0.786276 2.93219 -1.74756</i>
                        <i>1 0 0 0 1 0 0 0 1 0.782486 2.92693 -1.56746</i>
                        <i>1 0 0 0 1 0 0 0 1 0.781889 2.88959 -1.43459</i>
                        <i>1 0 0 0 1 0 0 0 1 0.781889 2.75999 -1.35412</i>
                        <i>1 0 0 0 1 0 0 0 1 0.781889 2.64433 -1.30501</i>
                        <i>1 0 0 0 1 0 0 0 1 0.781889 2.69619 -1.27953</i>
                        <i>1 0 0 0 1 0 0 0 1 0.781889 2.73373 -1.26992</i>
                        <i>1 0 0 0 1 0 0 0 1 0.781889 2.74819 -1.26844</i>
                        <i>1 0 0 0 1 0 0 0 1 0.781889 2.74819 -1.26844</i>
                        <i>1 0 0 0 1 0 0 0 1 0.781889 2.74819 -1.26844</i>
                        <i>1 0 0 0 1 0 0 0 1 0.781889 2.74819 -1.26844</i>
                        <i>1 0 0 0 1 0 0 0 1 0.781889 2.74819 -1.26844</i>
                        <i>1 0 0 0 1 0 0 0 1 0.781889 2.74819 -1.26844</i>
                        <i>1 0 0 0 1 0 0 0 1 0.781889 2.74819 -1.26844</i>
                        <i>1 0 0 0 1 0 0 0 1 0.781889 2.74819 -1.26844</i>
                        <i>1 0 0 0 1 0 0 0 1 0.781889 2.74819 -1.26844</i>
                        <i>1 0 0 0 1 0 0 0 1 0.781889 2.74819 -1.26844</i>
                        <i>1 0 0 0 1 0 0 0 1 0.781889 2.74819 -1.26844</i>
                    </KeyFrames>
                </p>
            </i>
            <i>
                <p>
                    <Name><![CDATA[spine0]]></Name>
                    <Exclude>0</Exclude>
                    <Additive>0</Additive>
                    <IKPriority>0</IKPriority>
                    <IKRotLimits>-1e+010 -1e+010 -1e+010 1e+010 1e+010 1e+010</IKRotLimits>
                    <IKRotLimitOrder>0</IKRotLimitOrder>
                    <KeyFrames count="40">
                        <i>0.0130388 0.965026 0.261828 -0.997823 -0.00437148 0.0658028 0.064646 -0.262116 0.962869 0.783757 2.89178 -1.27714</i>
                        <i>0.0542074 0.972723 0.225547 -0.986347 0.0169864 0.163799 0.1555 -0.231346 0.960364 0.798816 2.88666 -1.35033</i>
                        <i>0.107539 0.965279 0.238059 -0.923037 0.00797453 0.384629 0.369376 -0.2611 0.891846 0.822089 2.82685 -1.51933</i>
                        <i>0.0874809 0.976836 0.195292 -0.78699 -0.0524206 0.614735 0.610732 -0.20747 0.764174 0.836947 2.9608 -1.68038</i>
                        <i>0.0779981 0.985619 0.149907 -0.710636 -0.0504947 0.701746 0.699223 -0.161264 0.696477 0.833656 3.0361 -1.82091</i>
                        <i>0.0917377 0.982206 0.163878 -0.766737 -0.0353342 0.640988 0.635373 -0.184454 0.749852 0.802655 3.0324 -1.9507</i>
                        <i>0.0953105 0.975738 0.197108 -0.873166 -0.0131368 0.487245 0.478013 -0.218548 0.850729 0.756068 3.00994 -2.06473</i>
                        <i>0.0818256 0.968242 0.236247 -0.963353 0.0160814 0.267754 0.255452 -0.249498 0.934074 0.708105 2.96847 -2.16037</i>
                        <i>0.0528533 0.963718 0.261638 -0.998107 0.0427306 0.0442329 0.0314481 -0.26348 0.964152 0.672621 2.90736 -2.23855</i>
                        <i>0.0218113 0.966837 0.254463 -0.992802 0.0509278 -0.108403 -0.117767 -0.250267 0.960988 0.665666 2.82535 -2.30392</i>
                        <i>-0.00940112 0.979049 0.203406 -0.982 0.0293356 -0.186587 -0.188645 -0.201499 0.961151 0.695799 2.87974 -2.35983</i>
                        <i>-0.0350498 0.990991 0.129258 -0.972421 -0.00397621 -0.233198 -0.230583 -0.133867 0.9638 0.750578 2.88772 -2.40598</i>
                        <i>-0.04826 0.996588 0.0669646 -0.966814 -0.0297684 -0.253741 -0.250882 -0.0769878 0.964951 0.817388 2.86792 -2.44199</i>
                        <i>-0.0564084 0.997704 0.0374709 -0.966154 -0.0450853 -0.253994 -0.251721 -0.0505301 0.96648 0.884462 2.84118 -2.46581</i>
                        <i>-0.0675408 0.996518 0.048883 -0.969315 -0.0539324 -0.239832 -0.23636 -0.0635815 0.969583 0.939909 2.83086 -2.47372</i>
                        <i>-0.105508 0.987007 0.121184 -0.975199 -0.0788548 -0.206805 -0.194562 -0.139998 0.970848 0.967892 2.84849 -2.46963</i>
                        <i>-0.127628 0.967464 0.218461 -0.983334 -0.0946732 -0.155215 -0.129482 -0.23463 0.963423 0.963666 2.87907 -2.45584</i>
                        <i>-0.090831 0.957694 0.273078 -0.993553 -0.0684669 -0.0903593 -0.0678399 -0.279524 0.957739 0.932899 2.90708 -2.42572</i>
                        <i>-0.0409539 0.957248 0.286353 -0.999145 -0.0375887 -0.0172414 -0.0057406 -0.286814 0.957969 0.888008 2.917 -2.3729</i>
                        <i>-0.00499166 0.963423 0.267937 -0.998164 -0.0209754 0.0568257 0.0603673 -0.267161 0.961759 0.843042 2.89332 -2.29124</i>
                        <i>0.0281468 0.970013 0.241416 -0.992274 -0.0020812 0.124052 0.120835 -0.243042 0.96246 0.813274 2.9957 -2.14333</i>
                        <i>0.0601014 0.983421 0.171085 -0.984084 0.0296601 0.175213 0.167234 -0.178893 0.969552 0.799383 3.05654 -1.95225</i>
                        <i>0.0634641 0.996694 0.0507294 -0.978759 0.0522318 0.198249 0.194943 -0.0622335 0.978838 0.7924 3.07483 -1.76524</i>
                        <i>0.045365 0.997894 -0.0463613 -0.979893 0.0534772 0.192222 0.194297 0.0367089 0.980256 0.791421 3.06839 -1.59208</i>
                        <i>0.0320324 0.994428 -0.100436 -0.985115 0.0483918 0.164947 0.168888 0.093657 0.981175 0.793481 3.03049 -1.46123</i>
                        <i>0.0273562 0.995046 -0.0955722 -0.991839 0.0389288 0.121406 0.124526 0.0914711 0.987991 0.789839 2.89744 -1.39583</i>
                        <i>0.0149501 0.996778 -0.0787983 -0.997629 0.0201648 0.0658025 0.0671794 0.0776277 0.994716 0.784575 2.77071 -1.37369</i>
                        <i>0.00852946 0.999636 -0.0255851 -0.999357 0.00941241 0.0345905 0.0348187 0.0252737 0.999074 0.783642 2.81656 -1.35829</i>
                        <i>0.0100319 0.990075 0.140185 -0.998713 0.00294934 0.0506401 0.049724 -0.140512 0.98883 0.783133 2.87086 -1.31338</i>
                        <i>0.0130388 0.965026 0.261828 -0.997823 -0.00437148 0.0658028 0.064646 -0.262116 0.962869 0.783757 2.89178 -1.27714</i>
                        <i>0.0130388 0.965026 0.261828 -0.997823 -0.00437148 0.0658028 0.064646 -0.262116 0.962869 0.783757 2.89178 -1.27714</i>
                        <i>0.0130388 0.965026 0.261828 -0.997823 -0.00437148 0.0658028 0.064646 -0.262116 0.962869 0.783757 2.89178 -1.27714</i>
                        <i>0.0130388 0.965026 0.261828 -0.997823 -0.00437148 0.0658028 0.064646 -0.262116 0.962869 0.783757 2.89178 -1.27714</i>
                        <i>0.0130388 0.965026 0.261828 -0.997823 -0.00437148 0.0658028 0.064646 -0.262116 0.962869 0.783757 2.89178 -1.27714</i>
                        <i>0.0130388 0.965026 0.261828 -0.997823 -0.00437148 0.0658028 0.064646 -0.262116 0.962869 0.783757 2.89178 -1.27714</i>
                        <i>0.0130388 0.965026 0.261828 -0.997823 -0.00437148 0.0658028 0.064646 -0.262116 0.962869 0.783757 2.89178 -1.27714</i>
                        <i>0.0130388 0.965026 0.261828 -0.997823 -0.00437148 0.0658028 0.064646 -0.262116 0.962869 0.783757 2.89178 -1.27714</i>
                        <i>0.0130388 0.965026 0.261828 -0.997823 -0.00437148 0.0658028 0.064646 -0.262116 0.962869 0.783757 2.89178 -1.27714</i>
                        <i>0.0130388 0.965026 0.261828 -0.997823 -0.00437148 0.0658028 0.064646 -0.262116 0.962869 0.783757 2.89178 -1.27714</i>
                        <i>0.0130388 0.965026 0.261828 -0.997823 -0.00437148 0.0658028 0.064646 -0.262116 0.962869 0.783757 2.89178 -1.27714</i>
                    </KeyFrames>
                </p>
            </i>
            <i>
                <p>
                    <Name><![CDATA[spine1]]></Name>
                    <Exclude>0</Exclude>
                    <Additive>0</Additive>
                    <IKPriority>0</IKPriority>
                    <IKRotLimits>-1e+010 -1e+010 -1e+010 1e+010 1e+010 1e+010</IKRotLimits>
                    <IKRotLimitOrder>0</IKRotLimitOrder>
                    <KeyFrames count="40">
                        <i>-0.0156629 0.853637 0.520633 -0.999322 -0.0307177 0.0203013 0.0333225 -0.519962 0.853539 0.78606 3.06242 -1.23088</i>
                        <i>0.0124219 0.718864 0.69504 -0.994798 -0.0613974 0.0812812 0.101104 -0.692434 0.714362 0.808197 3.05503 -1.3113</i>
                        <i>0.0961664 0.46658 0.879235 -0.948045 -0.226185 0.223721 0.303254 -0.855069 0.420588 0.841962 3.00553 -1.47534</i>
                        <i>0.1829 0.550957 0.814245 -0.760187 -0.445937 0.4725 0.623428 -0.705398 0.337268 0.854885 3.1626 -1.64021</i>
                        <i>0.22201 0.650383 0.726439 -0.582713 -0.508846 0.633657 0.781765 -0.563984 0.266017 0.850743 3.25479 -1.78787</i>
                        <i>0.213541 0.629551 0.747038 -0.620581 -0.503161 0.601422 0.754506 -0.592025 0.283242 0.822858 3.25088 -1.91448</i>
                        <i>0.150961 0.591476 0.792065 -0.723394 -0.479984 0.496302 0.673729 -0.647898 0.355411 0.776724 3.22286 -2.02197</i>
                        <i>0.0500486 0.550539 0.833308 -0.841909 -0.425599 0.331744 0.537293 -0.718173 0.442203 0.725356 3.1734 -2.11061</i>
                        <i>-0.0678301 0.525235 0.848249 -0.928952 -0.343382 0.138339 0.363934 -0.778599 0.51121 0.683458 3.10514 -2.18507</i>
                        <i>-0.17872 0.539243 0.822967 -0.963559 -0.265125 -0.0355308 0.19903 -0.799328 0.566976 0.670079 3.02005 -2.25286</i>
                        <i>-0.268831 0.607795 0.747205 -0.961836 -0.210486 -0.174837 0.0510111 -0.76569 0.641184 0.693967 3.07372 -2.3197</i>
                        <i>-0.315872 0.711767 0.627386 -0.942613 -0.160012 -0.293047 -0.108192 -0.683947 0.721464 0.743871 3.0782 -2.38125</i>
                        <i>-0.296107 0.8171 0.49464 -0.916916 -0.0981052 -0.386834 -0.267555 -0.568087 0.778262 0.80845 3.05294 -2.42964</i>
                        <i>-0.231695 0.889475 0.393893 -0.890243 -0.0306465 -0.454453 -0.392153 -0.455955 0.79895 0.874273 3.02163 -2.45909</i>
                        <i>-0.186731 0.91608 0.354866 -0.87123 0.0125013 -0.490715 -0.45397 -0.400802 0.795782 0.927866 3.00869 -2.46503</i>
                        <i>-0.188923 0.899595 0.393747 -0.880045 0.0227989 -0.474343 -0.435693 -0.436129 0.787377 0.949284 3.02262 -2.44828</i>
                        <i>-0.187174 0.859868 0.474966 -0.91944 0.0168671 -0.392868 -0.345826 -0.510237 0.78744 0.941215 3.0493 -2.41743</i>
                        <i>-0.153902 0.818101 0.554099 -0.963003 0.0013632 -0.269489 -0.221224 -0.575073 0.787623 0.916849 3.07633 -2.37749</i>
                        <i>-0.0968828 0.789178 0.606475 -0.990984 -0.0198296 -0.132504 -0.0925429 -0.613844 0.783984 0.880724 3.08727 -2.32201</i>
                        <i>-0.0310059 0.7954 0.605291 -0.99946 -0.0312418 -0.0101429 0.0108428 -0.605279 0.79594 0.842148 3.06531 -2.24345</i>
                        <i>0.0138624 0.899805 0.436071 -0.994449 -0.033086 0.0998836 0.104304 -0.435035 0.894352 0.818218 3.16618 -2.10092</i>
                        <i>0.01836 0.987847 0.154344 -0.98487 -0.00873656 0.173072 0.172317 -0.155187 0.97274 0.810348 3.23616 -1.92107</i>
                        <i>-0.00326495 0.997705 -0.0676287 -0.986476 0.00786907 0.163715 0.163871 0.0672486 0.984187 0.804831 3.27053 -1.75543</i>
                        <i>-0.0413008 0.968887 -0.244034 -0.992908 -0.0125493 0.118217 0.111477 0.247186 0.962534 0.800801 3.27564 -1.60193</i>
                        <i>-0.0634089 0.938989 -0.338053 -0.995703 -0.0366183 0.0850527 0.0674846 0.341994 0.937276 0.800207 3.24055 -1.48268</i>
                        <i>-0.048053 0.97348 -0.223668 -0.99735 -0.0345179 0.0640379 0.0546191 0.226153 0.972559 0.795107 3.08964 -1.41443</i>
                        <i>-0.0221674 0.989992 0.139369 -0.998999 -0.0273503 0.035384 0.0388417 -0.138445 0.989608 0.787135 2.94137 -1.38718</i>
                        <i>-0.0142508 0.873306 0.486964 -0.999538 -0.025514 0.016505 0.0268383 -0.486504 0.873266 0.785063 2.98298 -1.36252</i>
                        <i>-0.0121439 0.828379 0.560037 -0.999474 -0.0268993 0.0181154 0.030071 -0.559522 0.828269 0.784851 3.04041 -1.28938</i>
                        <i>-0.0156629 0.853637 0.520633 -0.999322 -0.0307177 0.0203013 0.0333225 -0.519962 0.853539 0.78606 3.06242 -1.23088</i>
                        <i>-0.0156629 0.853637 0.520633 -0.999322 -0.0307177 0.0203013 0.0333225 -0.519962 0.853539 0.78606 3.06242 -1.23088</i>
                        <i>-0.0156629 0.853637 0.520633 -0.999322 -0.0307177 0.0203013 0.0333225 -0.519962 0.853539 0.78606 3.06242 -1.23088</i>
                        <i>-0.0156629 0.853637 0.520633 -0.999322 -0.0307177 0.0203013 0.0333225 -0.519962 0.853539 0.78606 3.06242 -1.23088</i>
                        <i>-0.0156629 0.853637 0.520633 -0.999322 -0.0307177 0.0203013 0.0333225 -0.519962 0.853539 0.78606 3.06242 -1.23088</i>
                        <i>-0.0156629 0.853637 0.520633 -0.999322 -0.0307177 0.0203013 0.0333225 -0.519962 0.853539 0.78606 3.06242 -1.23088</i>
                        <i>-0.0156629 0.853637 0.520633 -0.999322 -0.0307177 0.0203013 0.0333225 -0.519962 0.853539 0.78606 3.06242 -1.23088</i>
                        <i>-0.0156629 0.853637 0.520633 -0.999322 -0.0307177 0.0203013 0.0333225 -0.519962 0.853539 0.78606 3.06242 -1.23088</i>
                        <i>-0.0156629 0.853637 0.520633 -0.999322 -0.0307177 0.0203013 0.0333225 -0.519962 0.853539 0.78606 3.06242 -1.23088</i>
                        <i>-0.0156629 0.853637 0.520633 -0.999322 -0.0307177 0.0203013 0.0333225 -0.519962 0.853539 0.78606 3.06242 -1.23088</i>
                        <i>-0.0156629 0.853637 0.520633 -0.999322 -0.0307177 0.0203013 0.0333225 -0.519962 0.853539 0.78606 3.06242 -1.23088</i>
                    </KeyFrames>
                </p>
            </i>
            <i>
                <p>
                    <Name><![CDATA[spine2]]></Name>
                    <Exclude>0</Exclude>
                    <Additive>0</Additive>
                    <IKPriority>0</IKPriority>
                    <IKRotLimits>-1e+010 -1e+010 -1e+010 1e+010 1e+010 1e+010</IKRotLimits>
                    <IKRotLimitOrder>0</IKRotLimitOrder>
                    <KeyFrames count="40">
                        <i>-0.0122217 0.569815 0.821682 -0.999924 -0.008177 -0.00920228 0.00147529 -0.821732 0.569872 0.783478 3.20119 -1.1461</i>
                        <i>0.00178531 0.376003 0.926617 -0.999746 -0.0201578 0.0101059 0.0224784 -0.926399 0.375872 0.810124 3.16919 -1.20068</i>
                        <i>0.103494 0.152986 0.982794 -0.990881 -0.0698574 0.11522 0.0862824 -0.985756 0.144361 0.858352 3.08432 -1.3258</i>
                        <i>0.312045 0.233571 0.920908 -0.876089 -0.304255 0.374027 0.367553 -0.923511 0.109688 0.890016 3.26657 -1.48553</i>
                        <i>0.413437 0.353865 0.838957 -0.692951 -0.475432 0.542018 0.590668 -0.805447 0.0486495 0.896767 3.38689 -1.63966</i>
                        <i>0.405214 0.327324 0.853616 -0.716514 -0.466207 0.518902 0.567811 -0.821894 0.0456185 0.867284 3.37902 -1.7617</i>
                        <i>0.340728 0.288319 0.894861 -0.785371 -0.435933 0.439494 0.516814 -0.852546 0.0779028 0.80772 3.34087 -1.86305</i>
                        <i>0.232102 0.250461 0.939892 -0.867228 -0.384316 0.31657 0.440504 -0.888578 0.128007 0.735715 3.27983 -1.94841</i>
                        <i>0.0944488 0.229092 0.968812 -0.934561 -0.314927 0.16558 0.343038 -0.921053 0.184356 0.671158 3.20351 -2.02494</i>
                        <i>-0.0537629 0.240908 0.969058 -0.97218 -0.234197 0.00428527 0.227983 -0.941868 0.246797 0.637341 3.11916 -2.10037</i>
                        <i>-0.205446 0.309428 0.928464 -0.974204 -0.155169 -0.163854 0.0933682 -0.938177 0.333325 0.645168 3.18378 -2.1834</i>
                        <i>-0.337638 0.426412 0.83915 -0.938247 -0.0809974 -0.336352 -0.0754553 -0.900895 0.427427 0.688025 3.20348 -2.27018</i>
                        <i>-0.41159 0.562807 0.716828 -0.869181 -0.00587092 -0.49446 -0.274077 -0.826568 0.491597 0.757725 3.19209 -2.34506</i>
                        <i>-0.416395 0.685995 0.596679 -0.783298 0.0625101 -0.618495 -0.461583 -0.724916 0.51131 0.83546 3.16939 -2.39351</i>
                        <i>-0.385953 0.763575 0.517681 -0.71542 0.106541 -0.690523 -0.582421 -0.636869 0.505157 0.89689 3.15893 -2.40679</i>
                        <i>-0.308678 0.82392 0.475261 -0.718709 0.125253 -0.683937 -0.623037 -0.552691 0.553495 0.91829 3.16852 -2.38441</i>
                        <i>-0.233328 0.843926 0.48306 -0.797801 0.117874 -0.591286 -0.555941 -0.52335 0.645782 0.910622 3.18838 -2.34056</i>
                        <i>-0.206584 0.78826 0.579629 -0.900564 0.0784057 -0.427594 -0.382502 -0.610327 0.693681 0.891611 3.2092 -2.28738</i>
                        <i>-0.152353 0.70823 0.689346 -0.970677 0.0239986 -0.239186 -0.185942 -0.705573 0.683807 0.864745 3.21622 -2.22271</i>
                        <i>-0.0660697 0.676149 0.733796 -0.996952 -0.0141563 -0.0767196 -0.041486 -0.736629 0.675024 0.836997 3.19574 -2.14398</i>
                        <i>-0.000789038 0.796676 0.604406 -0.995985 -0.0547276 0.0708369 0.0895118 -0.601924 0.793521 0.820452 3.31168 -2.03032</i>
                        <i>0.00689061 0.944106 0.329571 -0.983465 -0.0532456 0.173092 0.180966 -0.325314 0.928128 0.81347 3.40241 -1.89494</i>
                        <i>-0.0165436 0.998309 0.0557234 -0.989584 -0.0243191 0.141891 0.143006 -0.0527956 0.988313 0.804265 3.45118 -1.76731</i>
                        <i>-0.0437355 0.981466 -0.186579 -0.997652 -0.033054 0.0599824 0.0527035 0.188764 0.980607 0.792867 3.46141 -1.64816</i>
                        <i>-0.0531483 0.953398 -0.296998 -0.99858 -0.049687 0.0191965 0.00354496 0.297597 0.954685 0.787796 3.42377 -1.548</i>
                        <i>-0.0393242 0.989227 -0.141012 -0.99922 -0.0384146 0.00916794 0.00365226 0.141262 0.989965 0.786497 3.26313 -1.45396</i>
                        <i>-0.0165187 0.960626 0.277355 -0.99986 -0.0166506 -0.00187963 0.00281251 -0.277347 0.960766 0.783608 3.09733 -1.36521</i>
                        <i>-0.00892838 0.767353 0.641163 -0.999958 -0.00810788 -0.00422108 0.00195941 -0.641173 0.767394 0.782866 3.11646 -1.28801</i>
                        <i>-0.00842049 0.601608 0.798747 -0.999963 -0.00634481 -0.00576289 0.0016009 -0.798766 0.601639 0.782914 3.17069 -1.20117</i>
                        <i>-0.0122217 0.569815 0.821682 -0.999924 -0.008177 -0.00920228 0.00147529 -0.821732 0.569872 0.783478 3.20119 -1.1461</i>
                        <i>-0.0122217 0.569815 0.821682 -0.999924 -0.008177 -0.00920228 0.00147529 -0.821732 0.569872 0.783478 3.20119 -1.1461</i>
                        <i>-0.0122217 0.569815 0.821682 -0.999924 -0.008177 -0.00920228 0.00147529 -0.821732 0.569872 0.783478 3.20119 -1.1461</i>
                        <i>-0.0122217 0.569815 0.821682 -0.999924 -0.008177 -0.00920228 0.00147529 -0.821732 0.569872 0.783478 3.20119 -1.1461</i>
                        <i>-0.0122217 0.569815 0.821682 -0.999924 -0.008177 -0.00920228 0.00147529 -0.821732 0.569872 0.783478 3.20119 -1.1461</i>
                        <i>-0.0122217 0.569815 0.821682 -0.999924 -0.008177 -0.00920228 0.00147529 -0.821732 0.569872 0.783478 3.20119 -1.1461</i>
                        <i>-0.0122217 0.569815 0.821682 -0.999924 -0.008177 -0.00920228 0.00147529 -0.821732 0.569872 0.783478 3.20119 -1.1461</i>
                        <i>-0.0122217 0.569815 0.821682 -0.999924 -0.008177 -0.00920228 0.00147529 -0.821732 0.569872 0.783478 3.20119 -1.1461</i>
                        <i>-0.0122217 0.569815 0.821682 -0.999924 -0.008177 -0.00920228 0.00147529 -0.821732 0.569872 0.783478 3.20119 -1.1461</i>
                        <i>-0.0122217 0.569815 0.821682 -0.999924 -0.008177 -0.00920228 0.00147529 -0.821732 0.569872 0.783478 3.20119 -1.1461</i>
                        <i>-0.0122217 0.569815 0.821682 -0.999924 -0.008177 -0.00920228 0.00147529 -0.821732 0.569872 0.783478 3.20119 -1.1461</i>
                    </KeyFrames>
                </p>
            </i>
            <i>
                <p>
                    <Name><![CDATA[head]]></Name>
                    <Exclude>0</Exclude>
                    <Additive>0</Additive>
                    <IKPriority>0</IKPriority>
                    <IKRotLimits>-1e+010 -1e+010 -1e+010 1e+010 1e+010 1e+010</IKRotLimits>
                    <IKRotLimitOrder>0</IKRotLimitOrder>
                    <KeyFrames count="40">
                        <i>3.52042e-009 0.991987 0.126343 2.20476e-009 0.126343 -0.991987 -1 1.26253e-009 1.49633e-009 0.781889 3.34779 -0.930943</i>
                        <i>-0.0878474 0.99199 -0.0907641 0.112804 -0.0806236 -0.990341 -0.989726 -0.0972374 -0.104818 0.811075 3.2705 -0.965863</i>
                        <i>-0.150576 0.97952 -0.133673 0.16719 -0.108035 -0.979988 -0.974358 -0.169911 -0.147498 0.885542 3.13201 -1.07281</i>
                        <i>-0.050929 0.781844 0.62139 -0.3295 0.574204 -0.749479 -0.942781 -0.242918 0.228374 0.979819 3.332 -1.23742</i>
                        <i>0.437631 0.294972 0.849394 -0.406864 0.907378 -0.105482 -0.801836 -0.299426 0.51711 1.02047 3.48494 -1.40482</i>
                        <i>0.549443 0.140031 0.823713 -0.339868 0.938067 0.0672318 -0.763284 -0.316893 0.563007 0.989396 3.46904 -1.52366</i>
                        <i>0.57219 0.0878517 0.815403 -0.31512 0.941474 0.119694 -0.757165 -0.325437 0.566385 0.912134 3.41999 -1.61756</i>
                        <i>0.538426 0.0970272 0.837068 -0.326444 0.939801 0.101043 -0.776873 -0.327659 0.537687 0.810579 3.34923 -1.69505</i>
                        <i>0.470948 0.126017 0.873114 -0.343962 0.937641 0.0501989 -0.812341 -0.323959 0.484925 0.709142 3.26822 -1.76651</i>
                        <i>0.394828 0.134312 0.908884 -0.340288 0.940279 0.00887304 -0.853414 -0.312786 0.416954 0.635553 3.18776 -1.84141</i>
                        <i>0.315723 0.105659 0.94295 -0.303456 0.952832 -0.00516145 -0.899018 -0.284514 0.332894 0.600797 3.27157 -1.93365</i>
                        <i>0.176523 0.225144 0.958201 -0.272696 0.946569 -0.172174 -0.945768 -0.230905 0.228487 0.604627 3.32319 -2.046</i>
                        <i>-0.00102621 0.592901 0.805274 -0.193256 0.789976 -0.581884 -0.981148 -0.156221 0.113771 0.650989 3.34664 -2.15804</i>
                        <i>-0.0606538 0.904653 0.42181 -0.0404981 0.42001 -0.906615 -0.997337 -0.0720722 0.0111615 0.724653 3.35392 -2.24285</i>
                        <i>-0.000827518 0.996628 0.0820464 0.0482245 0.0819908 -0.995466 -0.998836 0.00313284 -0.0481297 0.793764 3.36306 -2.28012</i>
                        <i>0.11527 0.990864 -0.0700173 0.273976 -0.099467 -0.956579 -0.954804 0.0910821 -0.282938 0.8415 3.39168 -2.27544</i>
                        <i>0.109625 0.987837 -0.110277 0.456324 -0.14858 -0.877321 -0.883035 0.0458545 -0.467062 0.858043 3.41946 -2.2375</i>
                        <i>0.0526037 0.997711 -0.0424809 0.35387 -0.0584032 -0.93347 -0.933814 0.0340712 -0.356132 0.842359 3.42825 -2.15875</i>
                        <i>-0.0118312 0.996028 0.0882536 0.173038 0.0889675 -0.980889 -0.984844 0.00366605 -0.173403 0.82531 3.41514 -2.05998</i>
                        <i>-0.00814778 0.98728 0.158783 0.0302847 0.158959 -0.986821 -0.999508 -0.0032317 -0.0311947 0.818226 3.38495 -1.96526</i>
                        <i>-0.0412347 0.970584 0.237207 0.00835293 0.237736 -0.971294 -0.999115 -0.0380696 -0.0179102 0.818092 3.52561 -1.88154</i>
                        <i>-0.112256 0.942462 0.314903 -0.0188468 0.314829 -0.948961 -0.993501 -0.112461 -0.017579 0.813165 3.65384 -1.80773</i>
                        <i>-0.0876815 0.954716 0.284305 -0.0489232 0.280933 -0.95848 -0.994946 -0.0979501 0.0220752 0.799219 3.72675 -1.75127</i>
                        <i>-0.0225032 0.971831 0.234601 -0.0348881 0.233754 -0.97167 -0.999138 -0.0300505 0.0286451 0.783865 3.74007 -1.70281</i>
                        <i>0.0174734 0.989949 0.140345 -0.0117698 0.14056 -0.990002 -0.999778 0.0156469 0.0141076 0.778885 3.69647 -1.63426</i>
                        <i>0.00898757 0.958093 -0.286316 -0.0182058 -0.286123 -0.95802 -0.999794 0.0138229 0.0148712 0.780569 3.5336 -1.4958</i>
                        <i>-0.00242547 0.825534 -0.564347 -0.0149778 -0.564316 -0.825423 -0.999885 0.00645065 0.0137334 0.781383 3.34803 -1.3093</i>
                        <i>-0.00249168 0.934895 -0.354915 -0.00796727 -0.354924 -0.934861 -0.999965 0.000498339 0.00833292 0.781711 3.32101 -1.14332</i>
                        <i>-0.000720464 0.999301 -0.0373627 -0.00236788 -0.0373643 -0.999299 -0.999997 -0.000631487 0.00239315 0.781844 3.33183 -1.00295</i>
                        <i>3.52042e-009 0.991987 0.126343 2.20476e-009 0.126343 -0.991987 -1 1.26253e-009 1.49633e-009 0.781889 3.34779 -0.930943</i>
                        <i>3.52042e-009 0.991987 0.126343 2.20476e-009 0.126343 -0.991987 -1 1.26253e-009 1.49633e-009 0.781889 3.34779 -0.930943</i>
                        <i>3.52042e-009 0.991987 0.126343 2.20476e-009 0.126343 -0.991987 -1 1.26253e-009 1.49633e-009 0.781889 3.34779 -0.930943</i>
                        <i>3.52042e-009 0.991987 0.126343 2.20476e-009 0.126343 -0.991987 -1 1.26253e-009 1.49633e-009 0.781889 3.34779 -0.930943</i>
                        <i>3.52042e-009 0.991987 0.126343 2.20476e-009 0.126343 -0.991987 -1 1.26253e-009 1.49633e-009 0.781889 3.34779 -0.930943</i>
                        <i>3.52042e-009 0.991987 0.126343 2.20476e-009 0.126343 -0.991987 -1 1.26253e-009 1.49633e-009 0.781889 3.34779 -0.930943</i>
                        <i>3.52042e-009 0.991987 0.126343 2.20476e-009 0.126343 -0.991987 -1 1.26253e-009 1.49633e-009 0.781889 3.34779 -0.930943</i>
                        <i>3.52042e-009 0.991987 0.126343 2.20476e-009 0.126343 -0.991987 -1 1.26253e-009 1.49633e-009 0.781889 3.34779 -0.930943</i>
                        <i>3.52042e-009 0.991987 0.126343 2.20476e-009 0.126343 -0.991987 -1 1.26253e-009 1.49633e-009 0.781889 3.34779 -0.930943</i>
                        <i>3.52042e-009 0.991987 0.126343 2.20476e-009 0.126343 -0.991987 -1 1.26253e-009 1.49633e-009 0.781889 3.34779 -0.930943</i>
                        <i>3.52042e-009 0.991987 0.126343 2.20476e-009 0.126343 -0.991987 -1 1.26253e-009 1.49633e-009 0.781889 3.34779 -0.930943</i>
                    </KeyFrames>
                </p>
            </i>
            <i>
                <p>
                    <Name><![CDATA[head_prop]]></Name>
                    <Exclude>0</Exclude>
                    <Additive>0</Additive>
                    <IKPriority>0</IKPriority>
                    <IKRotLimits>-1e+010 -1e+010 -1e+010 1e+010 1e+010 1e+010</IKRotLimits>
                    <IKRotLimitOrder>0</IKRotLimitOrder>
                    <KeyFrames count="40">
                        <i>1 -1.26253e-009 -1.49633e-009 3.52042e-009 0.991987 0.126343 -2.20476e-009 -0.126343 0.991987 0.781889 3.67108 -0.889766</i>
                        <i>0.989726 0.0972374 0.104818 -0.0878474 0.99199 -0.0907641 -0.112804 0.0806236 0.990341 0.782445 3.5938 -0.995444</i>
                        <i>0.974358 0.169911 0.147498 -0.150576 0.97952 -0.133673 -0.16719 0.108035 0.979988 0.836468 3.45125 -1.11638</i>
                        <i>0.942781 0.242918 -0.228374 -0.050929 0.781844 0.62139 0.3295 -0.574204 0.749479 0.963221 3.58681 -1.0349</i>
                        <i>0.801836 0.299426 -0.51711 0.437631 0.294972 0.849394 0.406864 -0.907378 0.105482 1.1631 3.58108 -1.128</i>
                        <i>0.763284 0.316893 -0.563007 0.549443 0.140031 0.823713 0.339868 -0.938067 -0.0672318 1.16846 3.51468 -1.2552</i>
                        <i>0.757165 0.325437 -0.566385 0.57219 0.0878517 0.815403 0.31512 -0.941474 -0.119694 1.09862 3.44862 -1.35182</i>
                        <i>0.776873 0.327659 -0.537687 0.538426 0.0970272 0.837068 0.326444 -0.939801 -0.101043 0.986057 3.38085 -1.42224</i>
                        <i>0.812341 0.323959 -0.484925 0.470948 0.126017 0.873114 0.343962 -0.937641 -0.0501989 0.862628 3.30929 -1.48196</i>
                        <i>0.853414 0.312786 -0.416954 0.394828 0.134312 0.908884 0.340288 -0.940279 -0.00887304 0.764231 3.23154 -1.5452</i>
                        <i>0.899018 0.284514 -0.332894 0.315723 0.105659 0.94295 0.303456 -0.952832 0.00516145 0.703695 3.30601 -1.62633</i>
                        <i>0.945768 0.230905 -0.228487 0.176523 0.225144 0.958201 0.272696 -0.946569 0.172174 0.662157 3.39657 -1.73371</i>
                        <i>0.981148 0.156221 -0.113771 -0.00102621 0.592901 0.805274 0.193256 -0.789976 0.581884 0.650654 3.53987 -1.89559</i>
                        <i>0.997337 0.0720722 -0.0111615 -0.0606538 0.904653 0.42181 0.0404981 -0.42001 0.906615 0.704886 3.64876 -2.10538</i>
                        <i>0.998836 -0.00313284 0.0481297 -0.000827518 0.996628 0.0820464 -0.0482245 -0.0819908 0.995466 0.793494 3.68787 -2.25338</i>
                        <i>0.954804 -0.0910821 0.282938 0.11527 0.990864 -0.0700173 -0.273976 0.099467 0.956579 0.879068 3.71461 -2.29826</i>
                        <i>0.883035 -0.0458545 0.467062 0.109625 0.987837 -0.110277 -0.456324 0.14858 0.877321 0.893771 3.74141 -2.27345</i>
                        <i>0.933814 -0.0340712 0.356132 0.0526037 0.997711 -0.0424809 -0.35387 0.0584032 0.93347 0.859503 3.75341 -2.1726</i>
                        <i>0.984844 -0.00366605 0.173403 -0.0118312 0.996028 0.0882536 -0.173038 -0.0889675 0.980889 0.821454 3.73976 -2.03122</i>
                        <i>0.999508 0.0032317 0.0311947 -0.00814778 0.98728 0.158783 -0.0302847 -0.158959 0.986821 0.815571 3.70672 -1.91351</i>
                        <i>0.999115 0.0380696 0.0179102 -0.0412347 0.970584 0.237207 -0.00835293 -0.237736 0.971294 0.804653 3.84193 -1.80424</i>
                        <i>0.993501 0.112461 0.017579 -0.112256 0.942462 0.314903 0.0188468 -0.314829 0.948961 0.77658 3.96099 -1.7051</i>
                        <i>0.994946 0.0979501 -0.0220752 -0.0876815 0.954716 0.284305 0.0489232 -0.280933 0.95848 0.770642 4.0379 -1.65861</i>
                        <i>0.999138 0.0300505 -0.0286451 -0.0225032 0.971831 0.234601 0.0348881 -0.233754 0.97167 0.776531 4.05679 -1.62635</i>
                        <i>0.999778 -0.0156469 -0.0141076 0.0174734 0.989949 0.140345 0.0117698 -0.14056 0.990002 0.78458 4.0191 -1.58852</i>
                        <i>0.999794 -0.0138229 -0.0148712 0.00898757 0.958093 -0.286316 0.0182058 0.286123 0.95802 0.783498 3.84585 -1.58911</i>
                        <i>0.999885 -0.00645065 -0.0137334 -0.00242547 0.825534 -0.564347 0.0149778 0.564316 0.825423 0.780593 3.61708 -1.49323</i>
                        <i>0.999965 -0.000498339 -0.00833292 -0.00249168 0.934895 -0.354915 0.00796727 0.354924 0.934861 0.780899 3.6257 -1.25899</i>
                        <i>0.999997 0.000631487 -0.00239315 -0.000720464 0.999301 -0.0373627 0.00236788 0.0373643 0.999299 0.781609 3.65751 -1.01513</i>
                        <i>1 -1.26253e-009 -1.49633e-009 3.52042e-009 0.991987 0.126343 -2.20476e-009 -0.126343 0.991987 0.781889 3.67108 -0.889766</i>
                        <i>1 -1.26253e-009 -1.49633e-009 3.52042e-009 0.991987 0.126343 -2.20476e-009 -0.126343 0.991987 0.781889 3.67108 -0.889766</i>
                        <i>1 -1.26253e-009 -1.49633e-009 3.52042e-009 0.991987 0.126343 -2.20476e-009 -0.126343 0.991987 0.781889 3.67108 -0.889766</i>
                        <i>1 -1.26253e-009 -1.49633e-009 3.52042e-009 0.991987 0.126343 -2.20476e-009 -0.126343 0.991987 0.781889 3.67108 -0.889766</i>
                        <i>1 -1.26253e-009 -1.49633e-009 3.52042e-009 0.991987 0.126343 -2.20476e-009 -0.126343 0.991987 0.781889 3.67108 -0.889766</i>
                        <i>1 -1.26253e-009 -1.49633e-009 3.52042e-009 0.991987 0.126343 -2.20476e-009 -0.126343 0.991987 0.781889 3.67108 -0.889766</i>
                        <i>1 -1.26253e-009 -1.49633e-009 3.52042e-009 0.991987 0.126343 -2.20476e-009 -0.126343 0.991987 0.781889 3.67108 -0.889766</i>
                        <i>1 -1.26253e-009 -1.49633e-009 3.52042e-009 0.991987 0.126343 -2.20476e-009 -0.126343 0.991987 0.781889 3.67108 -0.889766</i>
                        <i>1 -1.26253e-009 -1.49633e-009 3.52042e-009 0.991987 0.126343 -2.20476e-009 -0.126343 0.991987 0.781889 3.67108 -0.889766</i>
                        <i>1 -1.26253e-009 -1.49633e-009 3.52042e-009 0.991987 0.126343 -2.20476e-009 -0.126343 0.991987 0.781889 3.67108 -0.889766</i>
                        <i>1 -1.26253e-009 -1.49633e-009 3.52042e-009 0.991987 0.126343 -2.20476e-009 -0.126343 0.991987 0.781889 3.67108 -0.889766</i>
                    </KeyFrames>
                </p>
            </i>
            <i>
                <p>
                    <Name><![CDATA[l_clav]]></Name>
                    <Exclude>0</Exclude>
                    <Additive>0</Additive>
                    <IKPriority>0</IKPriority>
                    <IKRotLimits>-1e+010 -1e+010 -1e+010 1e+010 1e+010 1e+010</IKRotLimits>
                    <IKRotLimitOrder>0</IKRotLimitOrder>
                    <KeyFrames count="40">
                        <i>0.96707 0.235575 0.0963319 -0.226968 0.626996 0.745226 0.115157 -0.74255 0.659817 0.867916 3.21426 -1.08122</i>
                        <i>0.955385 0.22142 0.195479 -0.282573 0.492554 0.82313 0.0859733 -0.841644 0.533146 0.89671 3.1641 -1.13663</i>
                        <i>0.9544 0.196274 0.224939 -0.27494 0.284324 0.918459 0.116314 -0.938422 0.325323 0.952316 3.06834 -1.27106</i>
                        <i>0.901277 0.431529 -0.0384919 -0.0569864 0.206154 0.976859 0.429479 -0.878227 0.210394 0.992665 3.28393 -1.45034</i>
                        <i>0.751346 0.632704 -0.187521 0.0850441 0.188956 0.978296 0.654405 -0.750987 0.0881638 0.998612 3.43746 -1.61715</i>
                        <i>0.740381 0.657794 -0.13836 0.0531852 0.147864 0.987577 0.67008 -0.738541 0.0744911 0.968324 3.42617 -1.73704</i>
                        <i>0.703396 0.708458 -0.0576321 -0.0421117 0.122474 0.991578 0.70955 -0.695045 0.115982 0.904842 3.37873 -1.83218</i>
                        <i>0.665214 0.745716 0.0373994 -0.187769 0.118599 0.975027 0.722657 -0.655623 0.218916 0.82717 3.30578 -1.90871</i>
                        <i>0.659538 0.736955 0.14801 -0.363997 0.140847 0.920689 0.657659 -0.661105 0.361143 0.755864 3.21796 -1.97413</i>
                        <i>0.65154 0.694587 0.30503 -0.557391 0.165563 0.813574 0.514597 -0.700098 0.495028 0.713764 3.12554 -2.0359</i>
                        <i>0.586494 0.677109 0.444463 -0.736695 0.217899 0.640156 0.336608 -0.702882 0.62662 0.71074 3.18771 -2.10304</i>
                        <i>0.53745 0.679977 0.498777 -0.833541 0.338651 0.436491 0.127893 -0.650343 0.748797 0.740214 3.21005 -2.17495</i>
