<?xml version="1.0" encoding="ISO-8859-1" ?>
<Animl Version="1">
    <ModellingPackage><![CDATA[Maya.2010]]></ModellingPackage>
    <SrcFile><![CDATA[anims\turrets\antitank\blue\~src\antitank_m72_law\antitank_m72law_fire_crewman_b.mb]]></SrcFile>
    <FramesPerSecond>30</FramesPerSecond>
    <TotalFrames>50</TotalFrames>
    <Skeleton>
        <RefFrame>
            <Name><![CDATA[soldier_ref_frame]]></Name>
            <Exclude>0</Exclude>
            <Additive>0</Additive>
            <IKPriority>0</IKPriority>
            <IKRotLimits>-1e+010 -1e+010 -1e+010 1e+010 1e+010 1e+010</IKRotLimits>
            <IKRotLimitOrder>0</IKRotLimitOrder>
            <KeyFrames count="50">
                <i>1 0 0 0 1 0 0 0 1 0.59 1.07 -2.27</i>
                <i>1 0 0 0 1 0 0 0 1 0.59 1.07 -2.27</i>
                <i>1 0 0 0 1 0 0 0 1 0.59 1.07 -2.27</i>
                <i>1 0 0 0 1 0 0 0 1 0.59 1.07 -2.27</i>
                <i>1 0 0 0 1 0 0 0 1 0.59 1.07 -2.27</i>
                <i>1 0 0 0 1 0 0 0 1 0.59 1.07 -2.27</i>
                <i>1 0 0 0 1 0 0 0 1 0.59 1.07 -2.27</i>
                <i>1 0 0 0 1 0 0 0 1 0.59 1.07 -2.27</i>
                <i>1 0 0 0 1 0 0 0 1 0.59 1.07 -2.27</i>
                <i>1 0 0 0 1 0 0 0 1 0.59 1.07 -2.27</i>
                <i>1 0 0 0 1 0 0 0 1 0.59 1.07 -2.27</i>
                <i>1 0 0 0 1 0 0 0 1 0.59 1.07 -2.27</i>
                <i>1 0 0 0 1 0 0 0 1 0.59 1.07 -2.27</i>
                <i>1 0 0 0 1 0 0 0 1 0.59 1.07 -2.27</i>
                <i>1 0 0 0 1 0 0 0 1 0.59 1.07 -2.27</i>
                <i>1 0 0 0 1 0 0 0 1 0.59 1.07 -2.27</i>
                <i>1 0 0 0 1 0 0 0 1 0.59 1.07 -2.27</i>
                <i>1 0 0 0 1 0 0 0 1 0.59 1.07 -2.27</i>
                <i>1 0 0 0 1 0 0 0 1 0.59 1.07 -2.27</i>
                <i>1 0 0 0 1 0 0 0 1 0.59 1.07 -2.27</i>
                <i>1 0 0 0 1 0 0 0 1 0.59 1.07 -2.27</i>
                <i>1 0 0 0 1 0 0 0 1 0.59 1.07 -2.27</i>
                <i>1 0 0 0 1 0 0 0 1 0.59 1.07 -2.27</i>
                <i>1 0 0 0 1 0 0 0 1 0.59 1.07 -2.27</i>
                <i>1 0 0 0 1 0 0 0 1 0.59 1.07 -2.27</i>
                <i>1 0 0 0 1 0 0 0 1 0.59 1.07 -2.27</i>
                <i>1 0 0 0 1 0 0 0 1 0.59 1.07 -2.27</i>
                <i>1 0 0 0 1 0 0 0 1 0.59 1.07 -2.27</i>
                <i>1 0 0 0 1 0 0 0 1 0.59 1.07 -2.27</i>
                <i>1 0 0 0 1 0 0 0 1 0.59 1.07 -2.27</i>
                <i>1 0 0 0 1 0 0 0 1 0.59 1.07 -2.27</i>
                <i>1 0 0 0 1 0 0 0 1 0.59 1.07 -2.27</i>
                <i>1 0 0 0 1 0 0 0 1 0.59 1.07 -2.27</i>
                <i>1 0 0 0 1 0 0 0 1 0.59 1.07 -2.27</i>
                <i>1 0 0 0 1 0 0 0 1 0.59 1.07 -2.27</i>
                <i>1 0 0 0 1 0 0 0 1 0.59 1.07 -2.27</i>
                <i>1 0 0 0 1 0 0 0 1 0.59 1.07 -2.27</i>
                <i>1 0 0 0 1 0 0 0 1 0.59 1.07 -2.27</i>
                <i>1 0 0 0 1 0 0 0 1 0.59 1.07 -2.27</i>
                <i>1 0 0 0 1 0 0 0 1 0.59 1.07 -2.27</i>
                <i>1 0 0 0 1 0 0 0 1 0.59 1.07 -2.27</i>
                <i>1 0 0 0 1 0 0 0 1 0.59 1.07 -2.27</i>
                <i>1 0 0 0 1 0 0 0 1 0.59 1.07 -2.27</i>
                <i>1 0 0 0 1 0 0 0 1 0.59 1.07 -2.27</i>
                <i>1 0 0 0 1 0 0 0 1 0.59 1.07 -2.27</i>
                <i>1 0 0 0 1 0 0 0 1 0.59 1.07 -2.27</i>
                <i>1 0 0 0 1 0 0 0 1 0.59 1.07 -2.27</i>
                <i>1 0 0 0 1 0 0 0 1 0.59 1.07 -2.27</i>
                <i>1 0 0 0 1 0 0 0 1 0.59 1.07 -2.27</i>
                <i>1 0 0 0 1 0 0 0 1 0.59 1.07 -2.27</i>
            </KeyFrames>
        </RefFrame>
        <Bones count="23">
            <i>
                <p>
                    <Name><![CDATA[pelvis]]></Name>
                    <Exclude>0</Exclude>
                    <Additive>0</Additive>
                    <IKPriority>0</IKPriority>
                    <IKRotLimits>-1e+010 -1e+010 -1e+010 1e+010 1e+010 1e+010</IKRotLimits>
                    <IKRotLimitOrder>2</IKRotLimitOrder>
                    <KeyFrames count="50">
                        <i>1 0 0 0 1 0 0 0 1 0.330871 2.01897 -1.99067</i>
                        <i>1 0 0 0 1 0 0 0 1 0.292124 1.88292 -1.9948</i>
                        <i>1 0 0 0 1 0 0 0 1 0.253377 1.74686 -1.99913</i>
                        <i>1 0 0 0 1 0 0 0 1 0.254622 1.62598 -2.00355</i>
                        <i>1 0 0 0 1 0 0 0 1 0.302992 1.66088 -2.00797</i>
                        <i>1 0 0 0 1 0 0 0 1 0.37192 1.69832 -2.01229</i>
                        <i>1 0 0 0 1 0 0 0 1 0.450846 1.73487 -2.01643</i>
                        <i>1 0 0 0 1 0 0 0 1 0.529209 1.76708 -2.02028</i>
                        <i>1 0 0 0 1 0 0 0 1 0.596449 1.79153 -2.02376</i>
                        <i>1 0 0 0 1 0 0 0 1 0.642004 1.8048 -2.02677</i>
                        <i>1 0 0 0 1 0 0 0 1 0.661303 1.80206 -2.02947</i>
                        <i>1 0 0 0 1 0 0 0 1 0.6607 1.78368 -2.03167</i>
                        <i>1 0 0 0 1 0 0 0 1 0.646021 1.75399 -2.03275</i>
                        <i>1 0 0 0 1 0 0 0 1 0.623092 1.7173 -2.03209</i>
                        <i>1 0 0 0 1 0 0 0 1 0.597739 1.67795 -2.02908</i>
                        <i>1 0 0 0 1 0 0 0 1 0.563821 1.6487 -2.02367</i>
                        <i>1 0 0 0 1 0 0 0 1 0.517457 1.63833 -2.01658</i>
                        <i>1 0 0 0 1 0 0 0 1 0.467853 1.64518 -2.00836</i>
                        <i>1 0 0 0 1 0 0 0 1 0.424221 1.66758 -1.99954</i>
                        <i>1 0 0 0 1 0 0 0 1 0.39577 1.70387 -1.99066</i>
                        <i>1 0 0 0 1 0 0 0 1 0.379542 1.77792 -1.98225</i>
                        <i>1 0 0 0 1 0 0 0 1 0.366248 1.8885 -1.97484</i>
                        <i>1 0 0 0 1 0 0 0 1 0.355599 1.9963 -1.96898</i>
                        <i>1 0 0 0 1 0 0 0 1 0.347307 2.06198 -1.9652</i>
                        <i>1 0 0 0 1 0 0 0 1 0.341082 2.0807 -1.96531</i>
                        <i>1 0 0 0 1 0 0 0 1 0.336636 2.07893 -1.96953</i>
                        <i>1 0 0 0 1 0 0 0 1 0.333681 2.06426 -1.97602</i>
                        <i>1 0 0 0 1 0 0 0 1 0.331928 2.0443 -1.98293</i>
                        <i>1 0 0 0 1 0 0 0 1 0.331087 2.02667 -1.98843</i>
                        <i>1 0 0 0 1 0 0 0 1 0.330871 2.01897 -1.99067</i>
                        <i>1 0 0 0 1 0 0 0 1 0.330871 2.01881 -1.99067</i>
                        <i>1 0 0 0 1 0 0 0 1 0.330871 2.01872 -1.99067</i>
                        <i>1 0 0 0 1 0 0 0 1 0.330871 2.01868 -1.99067</i>
                        <i>1 0 0 0 1 0 0 0 1 0.330871 2.01868 -1.99067</i>
                        <i>1 0 0 0 1 0 0 0 1 0.330871 2.01872 -1.99067</i>
                        <i>1 0 0 0 1 0 0 0 1 0.330871 2.01878 -1.99067</i>
                        <i>1 0 0 0 1 0 0 0 1 0.330871 2.01884 -1.99067</i>
                        <i>1 0 0 0 1 0 0 0 1 0.330871 2.01891 -1.99067</i>
                        <i>1 0 0 0 1 0 0 0 1 0.330871 2.01895 -1.99067</i>
                        <i>1 0 0 0 1 0 0 0 1 0.330871 2.01897 -1.99067</i>
                        <i>1 0 0 0 1 0 0 0 1 0.330871 2.01897 -1.99067</i>
                        <i>1 0 0 0 1 0 0 0 1 0.330871 2.01897 -1.99067</i>
                        <i>1 0 0 0 1 0 0 0 1 0.330871 2.01897 -1.99067</i>
                        <i>1 0 0 0 1 0 0 0 1 0.330871 2.01897 -1.99067</i>
                        <i>1 0 0 0 1 0 0 0 1 0.330871 2.01897 -1.99067</i>
                        <i>1 0 0 0 1 0 0 0 1 0.330871 2.01897 -1.99067</i>
                        <i>1 0 0 0 1 0 0 0 1 0.330871 2.01897 -1.99067</i>
                        <i>1 0 0 0 1 0 0 0 1 0.330871 2.01897 -1.99067</i>
                        <i>1 0 0 0 1 0 0 0 1 0.330871 2.01897 -1.99067</i>
                        <i>1 0 0 0 1 0 0 0 1 0.330871 2.01897 -1.99067</i>
                    </KeyFrames>
                </p>
            </i>
            <i>
                <p>
                    <Name><![CDATA[spine0]]></Name>
                    <Exclude>0</Exclude>
                    <Additive>0</Additive>
                    <IKPriority>0</IKPriority>
                    <IKRotLimits>-1e+010 -1e+010 -1e+010 1e+010 1e+010 1e+010</IKRotLimits>
                    <IKRotLimitOrder>0</IKRotLimitOrder>
                    <KeyFrames count="50">
                        <i>0.102741 0.983648 0.14792 -0.950486 0.140928 -0.276975 -0.293292 -0.112139 0.949423 0.347568 2.15144 -2.04423</i>
                        <i>0.140811 0.988217 -0.0600006 -0.963423 0.122817 -0.238184 -0.228008 0.0913449 0.969365 0.304341 1.99797 -2.0803</i>
                        <i>0.177834 0.947065 -0.267288 -0.973427 0.129478 -0.188878 -0.144272 0.293774 0.944924 0.266826 1.84024 -2.10774</i>
                        <i>0.159827 0.911625 -0.378676 -0.983208 0.112786 -0.14346 -0.088072 0.395246 0.914344 0.27882 1.70698 -2.11995</i>
                        <i>0.0992167 0.918036 -0.383884 -0.990908 0.0559217 -0.122372 -0.0908743 0.392534 0.915237 0.336246 1.74087 -2.12283</i>
                        <i>0.0243996 0.94854 -0.315715 -0.993489 -0.0121489 -0.113281 -0.111287 0.316424 0.942068 0.411941 1.7843 -2.12047</i>
                        <i>-0.090973 0.974051 -0.20724 -0.98873 -0.113191 -0.0979842 -0.118899 0.195991 0.973371 0.491819 1.83189 -2.11442</i>
                        <i>-0.188957 0.976563 -0.10305 -0.973883 -0.199816 -0.107821 -0.125885 0.0799847 0.988815 0.563278 1.87747 -2.10601</i>
                        <i>-0.195069 0.980726 0.0111284 -0.969403 -0.191068 -0.154113 -0.149016 -0.0408506 0.987991 0.618137 1.91328 -2.09726</i>
                        <i>-0.157955 0.983582 0.087271 -0.97186 -0.139213 -0.19002 -0.174751 -0.11483 0.977894 0.652601 1.9327 -2.09178</i>
                        <i>-0.114814 0.987087 0.111704 -0.966976 -0.0852962 -0.240169 -0.22754 -0.135589 0.964283 0.669628 1.93024 -2.09425</i>
                        <i>-0.01807 0.993286 0.114267 -0.943762 0.0207907 -0.32997 -0.330131 -0.113804 0.93705 0.676374 1.90748 -2.10326</i>
                        <i>0.100447 0.991223 0.0859553 -0.895847 0.127691 -0.425621 -0.432861 -0.0342503 0.90081 0.673696 1.87064 -2.11227</i>
                        <i>0.20283 0.978861 0.02628 -0.850275 0.189371 -0.491093 -0.485688 0.0772633 0.870711 0.66148 1.82829 -2.11519</i>
                        <i>0.223356 0.974679 0.0105795 -0.844258 0.198871 -0.497674 -0.487177 0.102227 0.8673 0.636491 1.79525 -2.1028</i>
                        <i>0.141446 0.986512 0.0823863 -0.877114 0.163476 -0.451604 -0.458981 -0.00838442 0.888406 0.589366 1.78043 -2.07554</i>
                        <i>0.0300198 0.982308 0.184851 -0.916364 0.100909 -0.387419 -0.399218 -0.157761 0.903181 0.526137 1.77903 -2.0453</i>
                        <i>-0.0600769 0.959372 0.275674 -0.945647 0.0337228 -0.323441 -0.319597 -0.280122 0.905201 0.464222 1.78823 -2.02323</i>
                        <i>-0.107271 0.937812 0.330154 -0.962949 -0.0153593 -0.269245 -0.24743 -0.346803 0.904713 0.415237 1.8105 -2.01336</i>
                        <i>-0.109764 0.93217 0.344979 -0.970906 -0.026239 -0.238017 -0.212821 -0.361068 0.90793 0.38765 1.8461 -2.01066</i>
                        <i>-0.0863444 0.939782 0.330688 -0.973544 -0.00910568 -0.22832 -0.21156 -0.341654 0.915705 0.374663 1.91948 -2.00739</i>
                        <i>-0.0590941 0.949812 0.307188 -0.97481 0.0113918 -0.222748 -0.215068 -0.312613 0.925213 0.363104 2.03016 -1.99971</i>
                        <i>-0.0331724 0.958419 0.28343 -0.975579 0.0305578 -0.217512 -0.217129 -0.283724 0.934 0.353569 2.13827 -1.99212</i>
                        <i>-0.0118078 0.962868 0.269715 -0.976293 0.0472004 -0.211244 -0.216131 -0.265815 0.939484 0.346359 2.20382 -1.98924</i>
                        <i>0.0105218 0.965913 0.258651 -0.975284 0.067005 -0.210551 -0.220705 -0.250043 0.942745 0.342294 2.22166 -1.99407</i>
                        <i>0.035919 0.970773 0.237296 -0.971277 0.0898018 -0.220357 -0.235226 -0.222565 0.946115 0.341379 2.21838 -2.00454</i>
                        <i>0.0610244 0.976149 0.208347 -0.965188 0.110899 -0.236882 -0.254337 -0.186639 0.948936 0.342524 2.20167 -2.01768</i>
                        <i>0.0824262 0.980472 0.178549 -0.958432 0.127092 -0.255451 -0.273154 -0.150071 0.950192 0.34464 2.17945 -2.03057</i>
                        <i>0.0971955 0.982906 0.156363 -0.95283 0.137282 -0.27068 -0.287519 -0.122678 0.949886 0.346665 2.15993 -2.04035</i>
                        <i>0.102741 0.983648 0.14792 -0.950486 0.140928 -0.276975 -0.293292 -0.112139 0.949423 0.347568 2.15144 -2.04423</i>
                        <i>0.102765 0.983656 0.147852 -0.950486 0.140931 -0.276975 -0.293285 -0.112068 0.949434 0.347568 2.15128 -2.04423</i>
                        <i>0.102779 0.98366 0.147813 -0.950486 0.140933 -0.276975 -0.293281 -0.112027 0.94944 0.347568 2.15119 -2.04423</i>
                        <i>0.102784 0.983662 0.147798 -0.950485 0.140934 -0.276975 -0.293279 -0.112011 0.949442 0.347568 2.15115 -2.04423</i>
                        <i>0.102783 0.983662 0.1478 -0.950485 0.140934 -0.276975 -0.29328 -0.112014 0.949442 0.347568 2.15115 -2.04423</i>
                        <i>0.102778 0.98366 0.147816 -0.950486 0.140933 -0.276975 -0.293281 -0.11203 0.949439 0.347568 2.15119 -2.04423</i>
                        <i>0.102769 0.983657 0.14784 -0.950486 0.140932 -0.276975 -0.293284 -0.112055 0.949436 0.347568 2.15125 -2.04423</i>
                        <i>0.10276 0.983654 0.147867 -0.950486 0.140931 -0.276975 -0.293287 -0.112084 0.949431 0.347568 2.15131 -2.04423</i>
                        <i>0.10275 0.983651 0.147893 -0.950486 0.14093 -0.276975 -0.293289 -0.112111 0.949427 0.347568 2.15138 -2.04423</i>
                        <i>0.102744 0.983649 0.147912 -0.950486 0.140929 -0.276975 -0.293291 -0.112131 0.949425 0.347568 2.15142 -2.04423</i>
                        <i>0.102741 0.983648 0.14792 -0.950486 0.140928 -0.276975 -0.293292 -0.112139 0.949423 0.347568 2.15144 -2.04423</i>
                        <i>0.102741 0.983648 0.14792 -0.950486 0.140928 -0.276975 -0.293292 -0.112139 0.949423 0.347568 2.15144 -2.04423</i>
                        <i>0.102741 0.983648 0.14792 -0.950486 0.140928 -0.276975 -0.293292 -0.112139 0.949423 0.347568 2.15144 -2.04423</i>
                        <i>0.102741 0.983648 0.14792 -0.950486 0.140928 -0.276975 -0.293292 -0.112139 0.949423 0.347568 2.15144 -2.04423</i>
                        <i>0.102741 0.983648 0.14792 -0.950486 0.140928 -0.276975 -0.293292 -0.112139 0.949423 0.347568 2.15144 -2.04423</i>
                        <i>0.102741 0.983648 0.14792 -0.950486 0.140928 -0.276975 -0.293292 -0.112139 0.949423 0.347568 2.15144 -2.04423</i>
                        <i>0.102741 0.983648 0.14792 -0.950486 0.140928 -0.276975 -0.293292 -0.112139 0.949423 0.347568 2.15144 -2.04423</i>
                        <i>0.102741 0.983648 0.14792 -0.950486 0.140928 -0.276975 -0.293292 -0.112139 0.949423 0.347568 2.15144 -2.04423</i>
                        <i>0.102741 0.983648 0.14792 -0.950486 0.140928 -0.276975 -0.293292 -0.112139 0.949423 0.347568 2.15144 -2.04423</i>
                        <i>0.102741 0.983648 0.14792 -0.950486 0.140928 -0.276975 -0.293292 -0.112139 0.949423 0.347568 2.15144 -2.04423</i>
                        <i>0.102741 0.983648 0.14792 -0.950486 0.140928 -0.276975 -0.293292 -0.112139 0.949423 0.347568 2.15144 -2.04423</i>
                    </KeyFrames>
                </p>
            </i>
            <i>
                <p>
                    <Name><![CDATA[spine1]]></Name>
                    <Exclude>0</Exclude>
                    <Additive>0</Additive>
                    <IKPriority>0</IKPriority>
                    <IKRotLimits>-1e+010 -1e+010 -1e+010 1e+010 1e+010 1e+010</IKRotLimits>
                    <IKRotLimitOrder>0</IKRotLimitOrder>
                    <KeyFrames count="50">
                        <i>0.149785 0.846199 0.511383 -0.956471 0.25503 -0.141853 -0.250454 -0.467876 0.847564 0.365994 2.32772 -2.01777</i>
                        <i>0.253252 0.866232 0.430702 -0.919734 0.353624 -0.17041 -0.299921 -0.352975 0.886259 0.329237 2.17264 -2.09093</i>
                        <i>0.317864 0.889451 0.32839 -0.892112 0.397863 -0.214105 -0.32109 -0.224904 0.919956 0.297583 2.00403 -2.15398</i>
                        <i>0.22699 0.943393 0.241837 -0.936321 0.279708 -0.212288 -0.267915 -0.17825 0.94681 0.305305 1.85808 -2.18267</i>
                        <i>0.0581717 0.984723 0.164121 -0.984198 0.0841109 -0.155821 -0.167245 -0.152463 0.974055 0.35216 1.8882 -2.18436</i>
                        <i>-0.121901 0.989346 0.0795869 -0.990805 -0.116554 -0.0687071 -0.058699 -0.0872306 0.994457 0.415868 1.93724 -2.1713</i>
                        <i>-0.296596 0.954952 0.00986869 -0.954885 -0.296706 0.0126666 0.0150241 -0.0056666 0.999871 0.475841 2.003 -2.15085</i>
                        <i>-0.395261 0.91856 0.00407393 -0.918391 -0.395267 0.0179519 0.0181002 0.00335424 0.999831 0.527708 2.06136 -2.12551</i>
                        <i>-0.36222 0.921562 0.139717 -0.930056 -0.347439 -0.119509 -0.0615913 -0.173233 0.982953 0.582462 2.0927 -2.0953</i>
                        <i>-0.271759 0.916677 0.293003 -0.948973 -0.204639 -0.239942 -0.15999 -0.343259 0.925514 0.624878 2.10536 -2.07648</i>
                        <i>-0.214907 0.877654 0.428413 -0.94367 -0.0735999 -0.3226 -0.2516 -0.473609 0.844033 0.650335 2.09606 -2.07546</i>
                        <i>-0.1753 0.781437 0.598854 -0.902901 0.114883 -0.414212 -0.392479 -0.613317 0.685421 0.673432 2.06809 -2.08473</i>
                        <i>-0.179705 0.697444 0.693742 -0.828198 0.273292 -0.489284 -0.530843 -0.662483 0.52851 0.689376 2.02576 -2.09874</i>
                        <i>-0.157645 0.720009 0.675822 -0.755965 0.352331 -0.551707 -0.635347 -0.597871 0.488758 0.692028 1.97602 -2.11111</i>
                        <i>-0.0912052 0.791081 0.604874 -0.733786 0.357248 -0.577868 -0.67323 -0.496553 0.547902 0.668422 1.93497 -2.10113</i>
                        <i>-0.0520259 0.843603 0.534441 -0.771917 0.305565 -0.557471 -0.633591 -0.441547 0.635294 0.608554 1.91494 -2.06412</i>
                        <i>-0.0488638 0.886908 0.459354 -0.826868 0.222058 -0.5167 -0.560269 -0.405073 0.722506 0.530089 1.91127 -2.0202</i>
                        <i>-0.0861695 0.890594 0.446561 -0.875712 0.146033 -0.46022 -0.475082 -0.430716 0.767321 0.455779 1.922 -1.9846</i>
                        <i>-0.122122 0.861751 0.492414 -0.912078 0.0982134 -0.398081 -0.391408 -0.497734 0.77399 0.399355 1.94898 -1.96446</i>
                        <i>-0.125606 0.836141 0.533939 -0.932092 0.0848491 -0.352143 -0.339745 -0.541911 0.768703 0.370583 1.99083 -1.95699</i>
                        <i>-0.0870613 0.862362 0.498751 -0.940256 0.0942851 -0.327153 -0.329149 -0.497436 0.802632 0.360573 2.0727 -1.95342</i>
                        <i>-0.0237868 0.921787 0.386967 -0.946523 0.103815 -0.305478 -0.321758 -0.37354 0.870023 0.353002 2.19252 -1.9472</i>
                        <i>0.0351705 0.961703 0.271827 -0.952929 0.114232 -0.280851 -0.301147 -0.249154 0.920453 0.347731 2.30714 -1.94222</i>
                        <i>0.0748027 0.971968 0.222895 -0.958871 0.131482 -0.251555 -0.27381 -0.19491 0.941827 0.344265 2.37524 -1.94126</i>
                        <i>0.0995508 0.963205 0.24965 -0.962753 0.156628 -0.220396 -0.251389 -0.218411 0.942921 0.344172 2.39327 -1.94815</i>
                        <i>0.11767 0.945064 0.304971 -0.964448 0.181937 -0.191674 -0.236629 -0.271574 0.932874 0.347734 2.38995 -1.96263</i>
                        <i>0.131749 0.917949 0.374181 -0.963809 0.206874 -0.16815 -0.231762 -0.338485 0.911984 0.353299 2.3739 -1.98095</i>
                        <i>0.141968 0.885847 0.441725 -0.961223 0.229954 -0.152224 -0.236423 -0.402985 0.884142 0.359256 2.3532 -1.99897</i>
                        <i>0.147926 0.857914 0.492037 -0.958031 0.247824 -0.144083 -0.24555 -0.450073 0.858568 0.364025 2.33537 -2.01249</i>
                        <i>0.149785 0.846199 0.511383 -0.956471 0.25503 -0.141853 -0.250454 -0.467876 0.847564 0.365994 2.32772 -2.01777</i>
                        <i>0.149805 0.846421 0.511008 -0.956493 0.254939 -0.141873 -0.25036 -0.467522 0.847787 0.366008 2.32765 -2.01777</i>
                        <i>0.149817 0.84655 0.510791 -0.956505 0.254886 -0.141884 -0.250306 -0.467317 0.847916 0.366016 2.32761 -2.01777</i>
                        <i>0.149821 0.846603 0.510703 -0.95651 0.254864 -0.141889 -0.250284 -0.467235 0.847968 0.366019 2.3276 -2.01777</i>
                        <i>0.149821 0.846594 0.510717 -0.956509 0.254868 -0.141888 -0.250287 -0.467248 0.84796 0.366019 2.3276 -2.01777</i>
                        <i>0.149816 0.846542 0.510805 -0.956504 0.254889 -0.141884 -0.250309 -0.467331 0.847908 0.366015 2.32762 -2.01777</i>
                        <i>0.149809 0.846463 0.510939 -0.956497 0.254922 -0.141876 -0.250343 -0.467457 0.847828 0.36601 2.32764 -2.01777</i>
                        <i>0.149801 0.846372 0.511091 -0.956488 0.254959 -0.141868 -0.250381 -0.467601 0.847738 0.366005 2.32767 -2.01777</i>
                        <i>0.149793 0.846287 0.511235 -0.95648 0.254994 -0.141861 -0.250417 -0.467736 0.847652 0.365999 2.32769 -2.01777</i>
                        <i>0.149787 0.846223 0.511341 -0.956474 0.25502 -0.141855 -0.250444 -0.467836 0.847589 0.365995 2.32771 -2.01777</i>
                        <i>0.149785 0.846199 0.511383 -0.956471 0.25503 -0.141853 -0.250454 -0.467876 0.847564 0.365994 2.32772 -2.01777</i>
                        <i>0.149785 0.846199 0.511383 -0.956471 0.25503 -0.141853 -0.250454 -0.467876 0.847564 0.365994 2.32772 -2.01777</i>
                        <i>0.149785 0.846199 0.511383 -0.956471 0.25503 -0.141853 -0.250454 -0.467876 0.847564 0.365994 2.32772 -2.01777</i>
                        <i>0.149785 0.846199 0.511383 -0.956471 0.25503 -0.141853 -0.250454 -0.467876 0.847564 0.365994 2.32772 -2.01777</i>
                        <i>0.149785 0.846199 0.511383 -0.956471 0.25503 -0.141853 -0.250454 -0.467876 0.847564 0.365994 2.32772 -2.01777</i>
                        <i>0.149785 0.846199 0.511383 -0.956471 0.25503 -0.141853 -0.250454 -0.467876 0.847564 0.365994 2.32772 -2.01777</i>
                        <i>0.149785 0.846199 0.511383 -0.956471 0.25503 -0.141853 -0.250454 -0.467876 0.847564 0.365994 2.32772 -2.01777</i>
                        <i>0.149785 0.846199 0.511383 -0.956471 0.25503 -0.141853 -0.250454 -0.467876 0.847564 0.365994 2.32772 -2.01777</i>
                        <i>0.149785 0.846199 0.511383 -0.956471 0.25503 -0.141853 -0.250454 -0.467876 0.847564 0.365994 2.32772 -2.01777</i>
                        <i>0.149785 0.846199 0.511383 -0.956471 0.25503 -0.141853 -0.250454 -0.467876 0.847564 0.365994 2.32772 -2.01777</i>
                        <i>0.149785 0.846199 0.511383 -0.956471 0.25503 -0.141853 -0.250454 -0.467876 0.847564 0.365994 2.32772 -2.01777</i>
                    </KeyFrames>
                </p>
            </i>
            <i>
                <p>
                    <Name><![CDATA[spine2]]></Name>
                    <Exclude>0</Exclude>
                    <Additive>0</Additive>
                    <IKPriority>0</IKPriority>
                    <IKRotLimits>-1e+010 -1e+010 -1e+010 1e+010 1e+010 1e+010</IKRotLimits>
                    <IKRotLimitOrder>0</IKRotLimitOrder>
                    <KeyFrames count="50">
                        <i>0.0973266 0.762942 0.639099 -0.987144 0.155803 -0.0356651 -0.126784 -0.627412 0.768297 0.390746 2.46703 -1.93334</i>
                        <i>0.202598 0.77907 0.593299 -0.95312 0.295934 -0.0631271 -0.224758 -0.552696 0.802503 0.370389 2.31324 -2.0208</i>
                        <i>0.285171 0.792401 0.539238 -0.910065 0.400391 -0.107088 -0.300763 -0.460203 0.835317 0.34805 2.14523 -2.10165</i>
                        <i>0.273706 0.837873 0.472286 -0.911501 0.382699 -0.150693 -0.307005 -0.389243 0.868469 0.339807 2.00157 -2.14578</i>
                        <i>0.20631 0.917437 0.340212 -0.947429 0.274203 -0.164898 -0.244571 -0.288307 0.925778 0.360709 2.03326 -2.16019</i>
                        <i>0.105558 0.984344 0.14115 -0.980545 0.126655 -0.149966 -0.165496 -0.122574 0.978564 0.397821 2.08381 -2.15957</i>
                        <i>-0.0334058 0.998344 -0.0468319 -0.992971 -0.0384767 -0.111932 -0.113549 0.0427635 0.992612 0.427969 2.15738 -2.14917</i>
                        <i>-0.139266 0.981404 -0.132102 -0.982469 -0.153632 -0.105603 -0.123934 0.115079 0.985595 0.459277 2.22067 -2.12456</i>
                        <i>-0.172425 0.984864 0.0176942 -0.961316 -0.164331 -0.221058 -0.214805 -0.0551257 0.9751 0.521483 2.24788 -2.07159</i>
                        <i>-0.184446 0.955515 0.230155 -0.941924 -0.104987 -0.318994 -0.280641 -0.275626 0.919386 0.580926 2.25337 -2.02909</i>
                        <i>-0.214915 0.886658 0.40945 -0.916322 -0.0380191 -0.398635 -0.337886 -0.460861 0.820634 0.617054 2.2316 -2.00931</i>
                        <i>-0.301949 0.744302 0.595686 -0.860037 0.056905 -0.507048 -0.411294 -0.665415 0.622945 0.647301 2.18409 -1.99585</i>
                        <i>-0.424605 0.619809 0.65996 -0.76963 0.136819 -0.623659 -0.476845 -0.772734 0.418929 0.663472 2.12583 -1.99919</i>
                        <i>-0.475248 0.631731 0.612418 -0.681928 0.175366 -0.710085 -0.55598 -0.755091 0.347452 0.670135 2.07562 -2.01767</i>
                        <i>-0.438776 0.71091 0.549621 -0.641579 0.180409 -0.745539 -0.629168 -0.67975 0.376945 0.656451 2.03904 -2.02179</i>
                        <i>-0.395649 0.760097 0.515475 -0.652366 0.162468 -0.740286 -0.646437 -0.629171 0.431581 0.602153 2.02073 -1.99754</i>
                        <i>-0.338369 0.810362 0.478351 -0.700633 0.122393 -0.702946 -0.628188 -0.573004 0.526352 0.524153 2.02129 -1.96377</i>
                        <i>-0.289726 0.841059 0.456813 -0.766395 0.0820342 -0.63711 -0.573321 -0.534687 0.620816 0.444757 2.03654 -1.92768</i>
                        <i>-0.2558 0.849026 0.4623 -0.827614 0.0548209 -0.558615 -0.499622 -0.525499 0.688642 0.382714 2.06631 -1.89782</i>
                        <i>-0.224608 0.85035 0.475874 -0.86902 0.0461413 -0.492621 -0.440857 -0.524191 0.728607 0.352555 2.11042 -1.88091</i>
                        <i>-0.165132 0.892835 0.419019 -0.894091 0.0438258 -0.445736 -0.416333 -0.448246 0.791039 0.347409 2.20217 -1.8787</i>
                        <i>-0.0783207 0.960787 0.265998 -0.916794 0.0353948 -0.397788 -0.391605 -0.275021 0.878071 0.349147 2.33766 -1.88631</i>
                        <i>2.86908e-005 0.995104 0.0988299 -0.939232 0.0339535 -0.3416 -0.343283 -0.0928144 0.934635 0.353334 2.46328 -1.89804</i>
                        <i>0.0475742 0.998743 0.0157966 -0.958088 0.0500989 -0.28206 -0.282497 -0.00171574 0.959267 0.356451 2.53475 -1.90461</i>
                        <i>0.0677126 0.995833 0.0610859 -0.97193 0.0796665 -0.22137 -0.225314 -0.0443817 0.973275 0.360416 2.55097 -1.9072</i>
                        <i>0.0773356 0.979554 0.185722 -0.981162 0.107851 -0.160278 -0.177032 -0.169828 0.969442 0.366878 2.54377 -1.91292</i>
                        <i>0.0857094 0.934466 0.345581 -0.98581 0.129789 -0.106458 -0.144334 -0.331553 0.932331 0.374727 2.52296 -1.92009</i>
                        <i>0.0929306 0.863767 0.495248 -0.987273 0.144412 -0.0666141 -0.129059 -0.482755 0.866194 0.382459 2.49756 -1.92683</i>
                        <i>0.0966567 0.79403 0.600145 -0.987297 0.152882 -0.043263 -0.126104 -0.58834 0.79872 0.388375 2.47608 -1.93157</i>
                        <i>0.0973266 0.762942 0.639099 -0.987144 0.155803 -0.0356651 -0.126784 -0.627412 0.768297 0.390746 2.46703 -1.93334</i>
                        <i>0.0973604 0.763081 0.638927 -0.987143 0.155809 -0.0356629 -0.126764 -0.62724 0.76844 0.390776 2.46707 -1.93335</i>
                        <i>0.0973801 0.763162 0.638827 -0.987143 0.155812 -0.0356616 -0.126752 -0.627141 0.768523 0.390794 2.4671 -1.93336</i>
                        <i>0.097388 0.763195 0.638787 -0.987143 0.155813 -0.035661 -0.126748 -0.627101 0.768557 0.390801 2.46711 -1.93336</i>
                        <i>0.0973868 0.76319 0.638793 -0.987143 0.155813 -0.0356611 -0.126748 -0.627107 0.768552 0.3908 2.46711 -1.93336</i>
                        <i>0.0973788 0.763157 0.638834 -0.987143 0.155812 -0.0356617 -0.126753 -0.627147 0.768518 0.390793 2.4671 -1.93336</i>
                        <i>0.0973667 0.763107 0.638895 -0.987143 0.15581 -0.0356625 -0.12676 -0.627209 0.768467 0.390782 2.46708 -1.93336</i>
                        <i>0.0973529 0.76305 0.638965 -0.987143 0.155807 -0.0356634 -0.126769 -0.627278 0.768408 0.39077 2.46707 -1.93335</i>
                        <i>0.09734 0.762997 0.639031 -0.987144 0.155805 -0.0356642 -0.126776 -0.627344 0.768354 0.390758 2.46705 -1.93334</i>
                        <i>0.0973303 0.762957 0.63908 -0.987144 0.155804 -0.0356649 -0.126782 -0.627393 0.768313 0.39075 2.46704 -1.93334</i>
                        <i>0.0973266 0.762942 0.639099 -0.987144 0.155803 -0.0356651 -0.126784 -0.627412 0.768297 0.390746 2.46703 -1.93334</i>
                        <i>0.0973266 0.762942 0.639099 -0.987144 0.155803 -0.0356651 -0.126784 -0.627412 0.768297 0.390746 2.46703 -1.93334</i>
                        <i>0.0973266 0.762942 0.639099 -0.987144 0.155803 -0.0356651 -0.126784 -0.627412 0.768297 0.390746 2.46703 -1.93334</i>
                        <i>0.0973266 0.762942 0.639099 -0.987144 0.155803 -0.0356651 -0.126784 -0.627412 0.768297 0.390746 2.46703 -1.93334</i>
                        <i>0.0973266 0.762942 0.639099 -0.987144 0.155803 -0.0356651 -0.126784 -0.627412 0.768297 0.390746 2.46703 -1.93334</i>
                        <i>0.0973266 0.762942 0.639099 -0.987144 0.155803 -0.0356651 -0.126784 -0.627412 0.768297 0.390746 2.46703 -1.93334</i>
                        <i>0.0973266 0.762942 0.639099 -0.987144 0.155803 -0.0356651 -0.126784 -0.627412 0.768297 0.390746 2.46703 -1.93334</i>
                        <i>0.0973266 0.762942 0.639099 -0.987144 0.155803 -0.0356651 -0.126784 -0.627412 0.768297 0.390746 2.46703 -1.93334</i>
                        <i>0.0973266 0.762942 0.639099 -0.987144 0.155803 -0.0356651 -0.126784 -0.627412 0.768297 0.390746 2.46703 -1.93334</i>
                        <i>0.0973266 0.762942 0.639099 -0.987144 0.155803 -0.0356651 -0.126784 -0.627412 0.768297 0.390746 2.46703 -1.93334</i>
                        <i>0.0973266 0.762942 0.639099 -0.987144 0.155803 -0.0356651 -0.126784 -0.627412 0.768297 0.390746 2.46703 -1.93334</i>
                    </KeyFrames>
                </p>
            </i>
            <i>
                <p>
                    <Name><![CDATA[head]]></Name>
                    <Exclude>0</Exclude>
                    <Additive>0</Additive>
                    <IKPriority>0</IKPriority>
                    <IKRotLimits>-1e+010 -1e+010 -1e+010 1e+010 1e+010 1e+010</IKRotLimits>
                    <IKRotLimitOrder>0</IKRotLimitOrder>
                    <KeyFrames count="50">
                        <i>0.331563 0.927412 0.173128 0.121504 0.140004 -0.982668 -0.935576 0.346852 -0.0662644 0.412462 2.67866 -1.78216</i>
                        <i>0.279824 0.886162 0.369345 0.337479 0.269367 -0.90197 -0.898781 0.377039 -0.223686 0.419512 2.52565 -1.88327</i>
                        <i>0.150511 0.840659 0.52023 0.512481 0.383653 -0.768228 -0.845405 0.382234 -0.373078 0.420827 2.35561 -1.97872</i>
                        <i>0.0266013 0.821199 0.570022 0.546147 0.465659 -0.696337 -0.837267 0.329839 -0.436108 0.416378 2.2155 -2.0436</i>
                        <i>-0.0107558 0.837529 0.546287 0.453019 0.491117 -0.744028 -0.891436 0.239476 -0.384699 0.427377 2.26013 -2.09689</i>
                        <i>0.0174399 0.882671 0.469668 0.330878 0.438177 -0.835775 -0.943513 0.169978 -0.284414 0.447124 2.32248 -2.15044</i>
                        <i>0.0565343 0.938798 0.339798 0.246327 0.316706 -0.915981 -0.967536 0.135486 -0.213347 0.451987 2.40447 -2.19059</i>
                        <i>0.0544191 0.982455 0.178382 0.214065 0.163015 -0.963121 -0.975302 0.0905976 -0.201438 0.460484 2.47086 -2.19225</i>
                        <i>0.0440082 0.988219 -0.146586 0.234714 -0.152848 -0.959972 -0.971068 0.00784103 -0.238675 0.506856 2.50409 -2.10104</i>
                        <i>0.104228 0.884409 -0.454926 0.295806 -0.464284 -0.834829 -0.949545 -0.0475575 -0.310005 0.551338 2.50614 -2.00098</i>
                        <i>0.169753 0.862064 -0.477524 0.383679 -0.504137 -0.773716 -0.90773 -0.0518752 -0.416334 0.572473 2.46677 -1.93402</i>
                        <i>0.134345 0.961497 -0.23974 0.536462 -0.273983 -0.798212 -0.833163 -0.0213753 -0.552615 0.5749 2.38311 -1.87358</i>
                        <i>-0.104262 0.978749 0.176579 0.627076 0.202502 -0.752176 -0.771949 0.0323052 -0.634863 0.559207 2.29108 -1.86274</i>
                        <i>-0.324088 0.803905 0.498702 0.538039 0.590225 -0.601788 -0.778126 0.0732887 -0.623818 0.555835 2.23942 -1.89597</i>
                        <i>-0.394039 0.634269 0.665159 0.436536 0.766026 -0.471849 -0.808808 0.104439 -0.578725 0.554204 2.21693 -1.91731</i>
                        <i>-0.398553 0.571547 0.717279 0.427784 0.807641 -0.405854 -0.811269 0.145086 -0.566386 0.511685 2.20526 -1.90017</i>
                        <i>-0.305012 0.66598 0.680763 0.471867 0.726596 -0.4994 -0.82723 0.168907 -0.535874 0.446179 2.21462 -1.87097</i>
                        <i>-0.101294 0.890765 0.443031 0.451714 0.437951 -0.777273 -0.886394 0.121391 -0.446733 0.376939 2.2398 -1.83702</i>
                        <i>0.0566703 0.998347 0.0096057 0.337556 -0.0101047 -0.941251 -0.939598 0.0565835 -0.33757 0.322341 2.27844 -1.80696</i>
                        <i>0.0947898 0.959126 -0.26663 0.257907 -0.282352 -0.923992 -0.961509 0.0188194 -0.274129 0.299184 2.32933 -1.789</i>
                        <i>0.102959 0.948452 -0.299729 0.277038 -0.31675 -0.907149 -0.955327 0.0103628 -0.29537 0.307651 2.43532 -1.80158</i>
                        <i>0.0832492 0.957431 -0.276396 0.33304 -0.288142 -0.897808 -0.939231 -0.0173092 -0.34285 0.329824 2.58888 -1.84788</i>
                        <i>0.0280104 0.970134 -0.240946 0.364977 -0.234324 -0.901046 -0.930595 -0.062701 -0.36064 0.352681 2.72202 -1.90302</i>
                        <i>0.00378029 0.975656 -0.219272 0.336168 -0.207752 -0.918602 -0.941795 -0.0702396 -0.32877 0.366622 2.79286 -1.93245</i>
                        <i>0.0386772 0.982169 -0.183979 0.280879 -0.187379 -0.941274 -0.958964 -0.0152698 -0.283118 0.374318 2.80941 -1.92415</i>
                        <i>0.100126 0.989365 -0.105509 0.237421 -0.126736 -0.963104 -0.966233 0.0713817 -0.247585 0.382313 2.8017 -1.89587</i>
                        <i>0.177958 0.984002 -0.00836737 0.198534 -0.0442307 -0.979096 -0.963803 0.172577 -0.203229 0.392196 2.77374 -1.85757</i>
                        <i>0.254331 0.963554 0.0829463 0.162054 0.0420942 -0.985884 -0.953443 0.264183 -0.145442 0.402256 2.73346 -1.82002</i>
                        <i>0.31032 0.938996 0.148286 0.13321 0.111495 -0.984796 -0.941253 0.325355 -0.0904846 0.409683 2.69545 -1.79262</i>
                        <i>0.331563 0.927412 0.173128 0.121504 0.140004 -0.982668 -0.935576 0.346852 -0.0662644 0.412462 2.67866 -1.78216</i>
                        <i>0.331563 0.927412 0.173128 0.121504 0.140004 -0.982668 -0.935576 0.346852 -0.0662644 0.412504 2.67878 -1.78215</i>
                        <i>0.331563 0.927412 0.173128 0.121504 0.140004 -0.982668 -0.935576 0.346852 -0.0662644 0.412528 2.67885 -1.78215</i>
                        <i>0.331563 0.927412 0.173128 0.121504 0.140004 -0.982668 -0.935576 0.346852 -0.0662644 0.412538 2.67888 -1.78214</i>
                        <i>0.331563 0.927412 0.173128 0.121504 0.140004 -0.982668 -0.935576 0.346852 -0.0662644 0.412537 2.67887 -1.78214</i>
                        <i>0.331563 0.927412 0.173128 0.121504 0.140004 -0.982668 -0.935576 0.346852 -0.0662644 0.412527 2.67884 -1.78215</i>
                        <i>0.331563 0.927412 0.173128 0.121504 0.140004 -0.982668 -0.935576 0.346852 -0.0662644 0.412512 2.6788 -1.78215</i>
                        <i>0.331563 0.927412 0.173128 0.121504 0.140004 -0.982668 -0.935576 0.346852 -0.0662644 0.412495 2.67875 -1.78215</i>
                        <i>0.331563 0.927412 0.173128 0.121504 0.140004 -0.982668 -0.935576 0.346852 -0.0662644 0.412479 2.67871 -1.78215</i>
                        <i>0.331563 0.927412 0.173128 0.121504 0.140004 -0.982668 -0.935576 0.346852 -0.0662644 0.412467 2.67867 -1.78215</i>
                        <i>0.331563 0.927412 0.173128 0.121504 0.140004 -0.982668 -0.935576 0.346852 -0.0662644 0.412462 2.67866 -1.78216</i>
                        <i>0.331563 0.927412 0.173128 0.121504 0.140004 -0.982668 -0.935576 0.346852 -0.0662644 0.412462 2.67866 -1.78216</i>
                        <i>0.331563 0.927412 0.173128 0.121504 0.140004 -0.982668 -0.935576 0.346852 -0.0662644 0.412462 2.67866 -1.78216</i>
                        <i>0.331563 0.927412 0.173128 0.121504 0.140004 -0.982668 -0.935576 0.346852 -0.0662644 0.412462 2.67866 -1.78216</i>
                        <i>0.331563 0.927412 0.173128 0.121504 0.140004 -0.982668 -0.935576 0.346852 -0.0662644 0.412462 2.67866 -1.78216</i>
                        <i>0.331563 0.927412 0.173128 0.121504 0.140004 -0.982668 -0.935576 0.346852 -0.0662644 0.412462 2.67866 -1.78216</i>
                        <i>0.331563 0.927412 0.173128 0.121504 0.140004 -0.982668 -0.935576 0.346852 -0.0662644 0.412462 2.67866 -1.78216</i>
                        <i>0.331563 0.927412 0.173128 0.121504 0.140004 -0.982668 -0.935576 0.346852 -0.0662644 0.412462 2.67866 -1.78216</i>
                        <i>0.331563 0.927412 0.173128 0.121504 0.140004 -0.982668 -0.935576 0.346852 -0.0662644 0.412462 2.67866 -1.78216</i>
                        <i>0.331563 0.927412 0.173128 0.121504 0.140004 -0.982668 -0.935576 0.346852 -0.0662644 0.412462 2.67866 -1.78216</i>
                        <i>0.331563 0.927412 0.173128 0.121504 0.140004 -0.982668 -0.935576 0.346852 -0.0662644 0.412462 2.67866 -1.78216</i>
                    </KeyFrames>
                </p>
            </i>
            <i>
                <p>
                    <Name><![CDATA[head_prop]]></Name>
                    <Exclude>0</Exclude>
                    <Additive>0</Additive>
                    <IKPriority>0</IKPriority>
                    <IKRotLimits>-1e+010 -1e+010 -1e+010 1e+010 1e+010 1e+010</IKRotLimits>
                    <IKRotLimitOrder>0</IKRotLimitOrder>
                    <KeyFrames count="50">
                        <i>0.935576 -0.346852 0.0662644 0.331563 0.927412 0.173128 -0.121504 -0.140004 0.982668 0.520521 2.98091 -1.72573</i>
                        <i>0.898781 -0.377039 0.223686 0.279824 0.886162 0.369345 -0.337479 -0.269367 0.90197 0.510709 2.81446 -1.76289</i>
                        <i>0.845405 -0.382234 0.373078 0.150511 0.840659 0.52023 -0.512481 -0.383653 0.768228 0.469879 2.62959 -1.80918</i>
                        <i>0.837267 -0.329839 0.436108 0.0266013 0.821199 0.570022 -0.546147 -0.465659 0.696337 0.425048 2.48314 -1.85783</i>
                        <i>0.891436 -0.239476 0.384699 -0.0107558 0.837529 0.546287 -0.453019 -0.491117 0.744028 0.423872 2.53309 -1.91885</i>
                        <i>0.943513 -0.169978 0.284414 0.0174399 0.882671 0.469668 -0.330878 -0.438177 0.835775 0.452808 2.61015 -1.99738</i>
                        <i>0.967536 -0.135486 0.213347 0.0565343 0.938798 0.339798 -0.246327 -0.316706 0.915981 0.470412 2.71043 -2.07985</i>
                        <i>0.975302 -0.0905976 0.201438 0.0544191 0.982455 0.178382 -0.214065 -0.163015 0.963121 0.478219 2.79105 -2.13411</i>
                        <i>0.971068 -0.00784103 0.238675 0.0440082 0.988219 -0.146586 -0.234714 0.152848 0.959972 0.521199 2.82616 -2.14881</i>
