<?xml version="1.0" encoding="ISO-8859-1" ?>
<Animl Version="1">
    <ModellingPackage><![CDATA[Maya.2010]]></ModellingPackage>
    <SrcFile><![CDATA[anims\turrets\antitank\blue\~src\at_bgm71tow\antitank_bgm71tow_fire_crewman_c.mb]]></SrcFile>
    <FramesPerSecond>30</FramesPerSecond>
    <TotalFrames>40</TotalFrames>
    <Skeleton>
        <RefFrame>
            <Name><![CDATA[soldier_ref_frame]]></Name>
            <Exclude>0</Exclude>
            <Additive>0</Additive>
            <IKPriority>0</IKPriority>
            <IKRotLimits>-1e+010 -1e+010 -1e+010 1e+010 1e+010 1e+010</IKRotLimits>
            <IKRotLimitOrder>0</IKRotLimitOrder>
            <KeyFrames count="40">
                <i>1 0 0 0 1 0 0 0 1 -0.99 0.87 -2.4</i>
                <i>1 0 0 0 1 0 0 0 1 -0.99 0.87 -2.4</i>
                <i>1 0 0 0 1 0 0 0 1 -0.99 0.87 -2.4</i>
                <i>1 0 0 0 1 0 0 0 1 -0.99 0.87 -2.4</i>
                <i>1 0 0 0 1 0 0 0 1 -0.99 0.87 -2.4</i>
                <i>1 0 0 0 1 0 0 0 1 -0.99 0.87 -2.4</i>
                <i>1 0 0 0 1 0 0 0 1 -0.99 0.87 -2.4</i>
                <i>1 0 0 0 1 0 0 0 1 -0.99 0.87 -2.4</i>
                <i>1 0 0 0 1 0 0 0 1 -0.99 0.87 -2.4</i>
                <i>1 0 0 0 1 0 0 0 1 -0.99 0.87 -2.4</i>
                <i>1 0 0 0 1 0 0 0 1 -0.99 0.87 -2.4</i>
                <i>1 0 0 0 1 0 0 0 1 -0.99 0.87 -2.4</i>
                <i>1 0 0 0 1 0 0 0 1 -0.99 0.87 -2.4</i>
                <i>1 0 0 0 1 0 0 0 1 -0.99 0.87 -2.4</i>
                <i>1 0 0 0 1 0 0 0 1 -0.99 0.87 -2.4</i>
                <i>1 0 0 0 1 0 0 0 1 -0.99 0.87 -2.4</i>
                <i>1 0 0 0 1 0 0 0 1 -0.99 0.87 -2.4</i>
                <i>1 0 0 0 1 0 0 0 1 -0.99 0.87 -2.4</i>
                <i>1 0 0 0 1 0 0 0 1 -0.99 0.87 -2.4</i>
                <i>1 0 0 0 1 0 0 0 1 -0.99 0.87 -2.4</i>
                <i>1 0 0 0 1 0 0 0 1 -0.99 0.87 -2.4</i>
                <i>1 0 0 0 1 0 0 0 1 -0.99 0.87 -2.4</i>
                <i>1 0 0 0 1 0 0 0 1 -0.99 0.87 -2.4</i>
                <i>1 0 0 0 1 0 0 0 1 -0.99 0.87 -2.4</i>
                <i>1 0 0 0 1 0 0 0 1 -0.99 0.87 -2.4</i>
                <i>1 0 0 0 1 0 0 0 1 -0.99 0.87 -2.4</i>
                <i>1 0 0 0 1 0 0 0 1 -0.99 0.87 -2.4</i>
                <i>1 0 0 0 1 0 0 0 1 -0.99 0.87 -2.4</i>
                <i>1 0 0 0 1 0 0 0 1 -0.99 0.87 -2.4</i>
                <i>1 0 0 0 1 0 0 0 1 -0.99 0.87 -2.4</i>
                <i>1 0 0 0 1 0 0 0 1 -0.99 0.87 -2.4</i>
                <i>1 0 0 0 1 0 0 0 1 -0.99 0.87 -2.4</i>
                <i>1 0 0 0 1 0 0 0 1 -0.99 0.87 -2.4</i>
                <i>1 0 0 0 1 0 0 0 1 -0.99 0.87 -2.4</i>
                <i>1 0 0 0 1 0 0 0 1 -0.99 0.87 -2.4</i>
                <i>1 0 0 0 1 0 0 0 1 -0.99 0.87 -2.4</i>
                <i>1 0 0 0 1 0 0 0 1 -0.99 0.87 -2.4</i>
                <i>1 0 0 0 1 0 0 0 1 -0.99 0.87 -2.4</i>
                <i>1 0 0 0 1 0 0 0 1 -0.99 0.87 -2.4</i>
                <i>1 0 0 0 1 0 0 0 1 -0.99 0.87 -2.4</i>
            </KeyFrames>
        </RefFrame>
        <Bones count="23">
            <i>
                <p>
                    <Name><![CDATA[pelvis]]></Name>
                    <Exclude>0</Exclude>
                    <Additive>0</Additive>
                    <IKPriority>0</IKPriority>
                    <IKRotLimits>-1e+010 -1e+010 -1e+010 1e+010 1e+010 1e+010</IKRotLimits>
                    <IKRotLimitOrder>2</IKRotLimitOrder>
                    <KeyFrames count="40">
                        <i>1 0 0 0 1 0 0 0 1 -0.927412 1.55846 -2.40694</i>
                        <i>1 0 0 0 1 0 0 0 1 -0.927412 1.55629 -2.40694</i>
                        <i>1 0 0 0 1 0 0 0 1 -0.927412 1.57537 -2.40694</i>
                        <i>1 0 0 0 1 0 0 0 1 -0.927606 1.64903 -2.40706</i>
                        <i>1 0 0 0 1 0 0 0 1 -0.927412 1.73449 -2.40694</i>
                        <i>1 0 0 0 1 0 0 0 1 -0.929361 1.81864 -2.40757</i>
                        <i>1 0 0 0 1 0 0 0 1 -0.939006 1.87005 -2.41293</i>
                        <i>1 0 0 0 1 0 0 0 1 -0.951776 1.8427 -2.42112</i>
                        <i>1 0 0 0 1 0 0 0 1 -0.958377 1.78625 -2.42539</i>
                        <i>1 0 0 0 1 0 0 0 1 -0.9567 1.75569 -2.42393</i>
                        <i>1 0 0 0 1 0 0 0 1 -0.947673 1.76502 -2.4205</i>
                        <i>1 0 0 0 1 0 0 0 1 -0.933003 1.78663 -2.41842</i>
                        <i>1 0 0 0 1 0 0 0 1 -0.91706 1.81264 -2.41932</i>
                        <i>1 0 0 0 1 0 0 0 1 -0.904241 1.83527 -2.42219</i>
                        <i>1 0 0 0 1 0 0 0 1 -0.898984 1.84714 -2.42393</i>
                        <i>1 0 0 0 1 0 0 0 1 -0.898984 1.85569 -2.42393</i>
                        <i>1 0 0 0 1 0 0 0 1 -0.898984 1.86882 -2.42393</i>
                        <i>1 0 0 0 1 0 0 0 1 -0.898984 1.87997 -2.42393</i>
                        <i>1 0 0 0 1 0 0 0 1 -0.898984 1.88261 -2.42393</i>
                        <i>1 0 0 0 1 0 0 0 1 -0.898984 1.87018 -2.42393</i>
                        <i>1 0 0 0 1 0 0 0 1 -0.898984 1.78409 -2.41416</i>
                        <i>1 0 0 0 1 0 0 0 1 -0.898984 1.69223 -2.39077</i>
                        <i>1 0 0 0 1 0 0 0 1 -0.898984 1.68352 -2.36262</i>
                        <i>1 0 0 0 1 0 0 0 1 -0.898984 1.69941 -2.33855</i>
                        <i>1 0 0 0 1 0 0 0 1 -0.898984 1.70199 -2.32742</i>
                        <i>1 0 0 0 1 0 0 0 1 -0.901031 1.68095 -2.33206</i>
                        <i>1 0 0 0 1 0 0 0 1 -0.906262 1.6532 -2.34656</i>
                        <i>1 0 0 0 1 0 0 0 1 -0.913312 1.62162 -2.36669</i>
                        <i>1 0 0 0 1 0 0 0 1 -0.920817 1.58908 -2.38822</i>
                        <i>1 0 0 0 1 0 0 0 1 -0.927412 1.55846 -2.40694</i>
                        <i>1 0 0 0 1 0 0 0 1 -0.927412 1.55846 -2.40694</i>
                        <i>1 0 0 0 1 0 0 0 1 -0.927412 1.55846 -2.40694</i>
                        <i>1 0 0 0 1 0 0 0 1 -0.927412 1.55846 -2.40694</i>
                        <i>1 0 0 0 1 0 0 0 1 -0.927412 1.55846 -2.40694</i>
                        <i>1 0 0 0 1 0 0 0 1 -0.927412 1.55846 -2.40694</i>
                        <i>1 0 0 0 1 0 0 0 1 -0.927412 1.55846 -2.40694</i>
                        <i>1 0 0 0 1 0 0 0 1 -0.927412 1.55846 -2.40694</i>
                        <i>1 0 0 0 1 0 0 0 1 -0.927412 1.55846 -2.40694</i>
                        <i>1 0 0 0 1 0 0 0 1 -0.927412 1.55846 -2.40694</i>
                        <i>1 0 0 0 1 0 0 0 1 -0.927412 1.55846 -2.40694</i>
                    </KeyFrames>
                </p>
            </i>
            <i>
                <p>
                    <Name><![CDATA[spine0]]></Name>
                    <Exclude>0</Exclude>
                    <Additive>0</Additive>
                    <IKPriority>0</IKPriority>
                    <IKRotLimits>-1e+010 -1e+010 -1e+010 1e+010 1e+010 1e+010</IKRotLimits>
                    <IKRotLimitOrder>0</IKRotLimitOrder>
                    <KeyFrames count="40">
                        <i>-0.0908398 0.9236 0.37244 -0.995574 -0.093274 -0.0115184 0.0241006 -0.371838 0.927985 -0.948705 1.69595 -2.44352</i>
                        <i>-0.0863993 0.935515 0.34256 -0.996148 -0.0862946 -0.0155787 0.014987 -0.342587 0.939367 -0.948138 1.69118 -2.45243</i>
                        <i>-0.084229 0.940568 0.328995 -0.996421 -0.0818466 -0.0211106 0.00707112 -0.329595 0.944096 -0.947386 1.70661 -2.46237</i>
                        <i>-0.0864696 0.928865 0.360185 -0.996234 -0.0829532 -0.0252414 0.00643258 -0.361011 0.932539 -0.946941 1.77705 -2.46977</i>
                        <i>-0.0897863 0.905616 0.414486 -0.995876 -0.0870639 -0.0255006 0.012993 -0.415067 0.909698 -0.946626 1.86188 -2.47095</i>
                        <i>-0.100688 0.895413 0.433702 -0.993566 -0.113211 0.00306714 0.0518464 -0.430603 0.901051 -0.951904 1.94884 -2.46446</i>
                        <i>-0.115419 0.911452 0.394885 -0.985794 -0.153939 0.0671798 0.122019 -0.381521 0.916271 -0.968266 2.00395 -2.45663</i>
                        <i>-0.124742 0.9298 0.346283 -0.971449 -0.185441 0.147978 0.201805 -0.317938 0.926386 -0.987369 1.97909 -2.44991</i>
                        <i>-0.143542 0.923325 0.356183 -0.946625 -0.233062 0.222671 0.288611 -0.30521 0.907497 -0.998083 1.92344 -2.44265</i>
                        <i>-0.153538 0.914132 0.375219 -0.922753 -0.268476 0.276491 0.353487 -0.303782 0.884739 -0.998886 1.8925 -2.43806</i>
                        <i>-0.141244 0.930086 0.339101 -0.91114 -0.256083 0.322872 0.387137 -0.263364 0.883609 -0.992215 1.9007 -2.43787</i>
                        <i>-0.124321 0.953843 0.273363 -0.903078 -0.222911 0.367097 0.411089 -0.20123 0.889108 -0.980144 1.92091 -2.43948</i>
                        <i>-0.112991 0.975699 0.187732 -0.896511 -0.181574 0.404103 0.42837 -0.122644 0.895242 -0.966731 1.94546 -2.44359</i>
                        <i>-0.111547 0.987988 0.10694 -0.890683 -0.147121 0.430162 0.440729 -0.0472669 0.896395 -0.9559 1.96692 -2.4486</i>
                        <i>-0.115028 0.991034 0.067966 -0.886516 -0.133283 0.443085 0.448171 -0.00928602 0.893899 -0.951541 1.9783 -2.45095</i>
                        <i>-0.120525 0.990263 0.0696639 -0.886751 -0.138941 0.440872 0.446259 -0.00863863 0.894862 -0.950788 1.98685 -2.45242</i>
                        <i>-0.129468 0.988291 0.0807384 -0.891639 -0.151657 0.42659 0.43384 -0.0167598 0.900834 -0.948758 1.99976 -2.45667</i>
                        <i>-0.139804 0.985568 0.0954531 -0.898582 -0.166774 0.405878 0.41594 -0.0290291 0.908929 -0.946262 2.01022 -2.46261</i>
                        <i>-0.149002 0.982808 0.109028 -0.905884 -0.179876 0.383429 0.396449 -0.0416348 0.917112 -0.944164 2.01147 -2.4692</i>
                        <i>-0.153111 0.981254 0.117038 -0.913524 -0.185711 0.361919 0.37687 -0.0515032 0.924833 -0.94344 1.99691 -2.47551</i>
                        <i>-0.157049 0.981883 0.106022 -0.922029 -0.184239 0.340468 0.353833 -0.0442851 0.93426 -0.94356 1.90745 -2.47324</i>
                        <i>-0.15402 0.983581 0.0940526 -0.931942 -0.176236 0.316898 0.328271 -0.038843 0.943785 -0.943001 1.81086 -2.45923</i>
                        <i>-0.136377 0.984429 0.110907 -0.943036 -0.163298 0.289857 0.303455 -0.0650593 0.950622 -0.941525 1.79682 -2.4404</i>
                        <i>-0.120242 0.982707 0.140814 -0.953276 -0.153892 0.259967 0.277142 -0.102975 0.955295 -0.939171 1.80804 -2.42388</i>
                        <i>-0.117137 0.980842 0.155654 -0.962044 -0.150969 0.227334 0.246477 -0.123117 0.961297 -0.93622 1.80819 -2.41704</i>
                        <i>-0.117246 0.978754 0.168206 -0.971197 -0.148381 0.18644 0.207437 -0.141502 0.96796 -0.934553 1.78982 -2.41992</i>
                        <i>-0.110587 0.97224 0.206203 -0.980642 -0.140474 0.13641 0.16159 -0.187126 0.968954 -0.935585 1.76951 -2.42599</i>
                        <i>-0.10167 0.960241 0.259999 -0.988352 -0.127249 0.0834794 0.113245 -0.248483 0.961994 -0.93888 1.74677 -2.43286</i>
                        <i>-0.094091 0.94299 0.319245 -0.993337 -0.110358 0.0332107 0.0665486 -0.313993 0.94709 -0.943677 1.72175 -2.43894</i>
                        <i>-0.0908398 0.9236 0.37244 -0.995574 -0.093274 -0.0115184 0.0241006 -0.371838 0.927985 -0.948705 1.69595 -2.44352</i>
                        <i>-0.0908398 0.9236 0.37244 -0.995574 -0.093274 -0.0115184 0.0241006 -0.371838 0.927985 -0.948705 1.69595 -2.44352</i>
                        <i>-0.0908398 0.9236 0.37244 -0.995574 -0.093274 -0.0115184 0.0241006 -0.371838 0.927985 -0.948705 1.69595 -2.44352</i>
                        <i>-0.0908398 0.9236 0.37244 -0.995574 -0.093274 -0.0115184 0.0241006 -0.371838 0.927985 -0.948705 1.69595 -2.44352</i>
                        <i>-0.0908398 0.9236 0.37244 -0.995574 -0.093274 -0.0115184 0.0241006 -0.371838 0.927985 -0.948705 1.69595 -2.44352</i>
                        <i>-0.0908398 0.9236 0.37244 -0.995574 -0.093274 -0.0115184 0.0241006 -0.371838 0.927985 -0.948705 1.69595 -2.44352</i>
                        <i>-0.0908398 0.9236 0.37244 -0.995574 -0.093274 -0.0115184 0.0241006 -0.371838 0.927985 -0.948705 1.69595 -2.44352</i>
                        <i>-0.0908398 0.9236 0.37244 -0.995574 -0.093274 -0.0115184 0.0241006 -0.371838 0.927985 -0.948705 1.69595 -2.44352</i>
                        <i>-0.0908398 0.9236 0.37244 -0.995574 -0.093274 -0.0115184 0.0241006 -0.371838 0.927985 -0.948705 1.69595 -2.44352</i>
                        <i>-0.0908398 0.9236 0.37244 -0.995574 -0.093274 -0.0115184 0.0241006 -0.371838 0.927985 -0.948705 1.69595 -2.44352</i>
                        <i>-0.0908398 0.9236 0.37244 -0.995574 -0.093274 -0.0115184 0.0241006 -0.371838 0.927985 -0.948705 1.69595 -2.44352</i>
                    </KeyFrames>
                </p>
            </i>
            <i>
                <p>
                    <Name><![CDATA[spine1]]></Name>
                    <Exclude>0</Exclude>
                    <Additive>0</Additive>
                    <IKPriority>0</IKPriority>
                    <IKRotLimits>-1e+010 -1e+010 -1e+010 1e+010 1e+010 1e+010</IKRotLimits>
                    <IKRotLimitOrder>0</IKRotLimitOrder>
                    <KeyFrames count="40">
                        <i>0.092588 0.586099 0.804932 -0.994923 0.0864789 0.0514737 -0.039441 -0.805611 0.59113 -0.966649 1.87842 -2.37011</i>
                        <i>0.0840607 0.615947 0.78329 -0.995442 0.0874459 0.0380645 -0.0450497 -0.782919 0.62049 -0.966158 1.88634 -2.38121</i>
                        <i>0.0801338 0.604035 0.792919 -0.994969 0.0964598 0.0270715 -0.0601326 -0.791098 0.608726 -0.96547 1.90863 -2.39199</i>
                        <i>0.0878073 0.502348 0.860195 -0.991969 0.123016 0.0294181 -0.0910394 -0.85587 0.509116 -0.964887 1.96989 -2.39523</i>
                        <i>0.0990334 0.383774 0.918101 -0.987493 0.151654 0.043126 -0.122683 -0.910889 0.393992 -0.964343 2.04063 -2.38931</i>
                        <i>0.12199 0.358206 0.925639 -0.989221 0.119984 0.0839378 -0.0809951 -0.925901 0.368982 -0.971061 2.11919 -2.38207</i>
                        <i>0.151672 0.48644 0.860448 -0.98679 0.0243833 0.160157 0.0569265 -0.873373 0.483713 -0.990301 2.17789 -2.3814</i>
                        <i>0.150142 0.689761 0.708299 -0.962362 -0.0621897 0.264559 0.226531 -0.721362 0.654462 -1.01255 2.16655 -2.38029</i>
                        <i>0.165459 0.726431 0.667024 -0.923347 -0.123515 0.363557 0.346486 -0.676049 0.650312 -1.02556 2.09999 -2.37466</i>
                        <i>0.206505 0.693582 0.690144 -0.892114 -0.156224 0.423941 0.401855 -0.703234 0.586494 -1.02602 2.05398 -2.37181</i>
                        <i>0.234121 0.751864 0.61635 -0.869794 -0.121239 0.478288 0.434334 -0.648075 0.625582 -1.01736 2.06618 -2.37758</i>
                        <i>0.265537 0.842614 0.468499 -0.841408 -0.0346894 0.539286 0.470662 -0.537399 0.699771 -1.00262 2.09319 -2.39016</i>
                        <i>0.285624 0.918246 0.274304 -0.806041 0.0753569 0.587043 0.518379 -0.388774 0.761668 -0.987412 2.12379 -2.40934</i>
                        <i>0.287391 0.953392 0.0919293 -0.771251 0.173432 0.612449 0.56796 -0.246913 0.785147 -0.976433 2.14848 -2.42901</i>
                        <i>0.279547 0.960127 0.00302146 -0.752975 0.217279 0.621144 0.59572 -0.175914 0.783691 -0.972731 2.16058 -2.43851</i>
                        <i>0.264332 0.964217 0.0203662 -0.756523 0.194204 0.624466 0.598166 -0.180474 0.780786 -0.972941 2.16859 -2.4397</i>
                        <i>0.237554 0.967582 0.0857508 -0.770075 0.133783 0.623768 0.592075 -0.214213 0.776891 -0.9725 2.18076 -2.44195</i>
                        <i>0.205964 0.962824 0.174783 -0.78587 0.0563197 0.615821 0.583084 -0.264194 0.768255 -0.97193 2.19096 -2.44517</i>
                        <i>0.179997 0.947867 0.262963 -0.79947 -0.0147849 0.600524 0.573105 -0.318324 0.75513 -0.971705 2.19292 -2.44914</i>
                        <i>0.174411 0.928093 0.328973 -0.812523 -0.0530749 0.580508 0.556226 -0.368545 0.74484 -0.972086 2.18028 -2.45373</i>
                        <i>0.169249 0.919434 0.35496 -0.83301 -0.0590336 0.5501 0.526735 -0.388789 0.755906 -0.973382 2.09366 -2.45324</i>
                        <i>0.174002 0.902271 0.3945 -0.860411 -0.055555 0.506563 0.478973 -0.427576 0.766657 -0.972888 2.00144 -2.44114</i>
                        <i>0.202132 0.848122 0.489726 -0.888273 -0.0518248 0.456382 0.412448 -0.52726 0.742889 -0.968897 1.99403 -2.41835</i>
                        <i>0.216149 0.782375 0.584097 -0.91188 -0.0520344 0.407145 0.348934 -0.62063 0.702185 -0.964046 2.01087 -2.39502</i>
                        <i>0.205329 0.748323 0.630755 -0.928745 -0.0542754 0.366725 0.308663 -0.66111 0.683857 -0.960783 2.01342 -2.38469</i>
                        <i>0.1844 0.735679 0.651747 -0.946595 -0.0455118 0.319196 0.264488 -0.6758 0.687998 -0.959072 1.99415 -2.38503</i>
                        <i>0.164028 0.706044 0.68891 -0.96758 -0.0208101 0.251707 0.192052 -0.707862 0.679741 -0.958464 1.97039 -2.3836</i>
                        <i>0.142144 0.666231 0.732074 -0.983912 0.0142369 0.178086 0.108224 -0.74561 0.657536 -0.95959 1.94222 -2.38014</i>
                        <i>0.118222 0.623755 0.772628 -0.992599 0.0524758 0.109516 0.0277667 -0.779856 0.625342 -0.962528 1.91062 -2.37519</i>
                        <i>0.092588 0.586099 0.804932 -0.994923 0.0864789 0.0514737 -0.039441 -0.805611 0.59113 -0.966649 1.87842 -2.37011</i>
                        <i>0.092588 0.586099 0.804932 -0.994923 0.0864789 0.0514737 -0.039441 -0.805611 0.59113 -0.966649 1.87842 -2.37011</i>
                        <i>0.092588 0.586099 0.804932 -0.994923 0.0864789 0.0514737 -0.039441 -0.805611 0.59113 -0.966649 1.87842 -2.37011</i>
                        <i>0.092588 0.586099 0.804932 -0.994923 0.0864789 0.0514737 -0.039441 -0.805611 0.59113 -0.966649 1.87842 -2.37011</i>
                        <i>0.092588 0.586099 0.804932 -0.994923 0.0864789 0.0514737 -0.039441 -0.805611 0.59113 -0.966649 1.87842 -2.37011</i>
                        <i>0.092588 0.586099 0.804932 -0.994923 0.0864789 0.0514737 -0.039441 -0.805611 0.59113 -0.966649 1.87842 -2.37011</i>
                        <i>0.092588 0.586099 0.804932 -0.994923 0.0864789 0.0514737 -0.039441 -0.805611 0.59113 -0.966649 1.87842 -2.37011</i>
                        <i>0.092588 0.586099 0.804932 -0.994923 0.0864789 0.0514737 -0.039441 -0.805611 0.59113 -0.966649 1.87842 -2.37011</i>
                        <i>0.092588 0.586099 0.804932 -0.994923 0.0864789 0.0514737 -0.039441 -0.805611 0.59113 -0.966649 1.87842 -2.37011</i>
                        <i>0.092588 0.586099 0.804932 -0.994923 0.0864789 0.0514737 -0.039441 -0.805611 0.59113 -0.966649 1.87842 -2.37011</i>
                        <i>0.092588 0.586099 0.804932 -0.994923 0.0864789 0.0514737 -0.039441 -0.805611 0.59113 -0.966649 1.87842 -2.37011</i>
                    </KeyFrames>
                </p>
            </i>
            <i>
                <p>
                    <Name><![CDATA[spine2]]></Name>
                    <Exclude>0</Exclude>
                    <Additive>0</Additive>
                    <IKPriority>0</IKPriority>
                    <IKRotLimits>-1e+010 -1e+010 -1e+010 1e+010 1e+010 1e+010</IKRotLimits>
                    <IKRotLimitOrder>0</IKRotLimitOrder>
                    <KeyFrames count="40">
                        <i>0.196038 0.29622 0.934785 -0.979714 0.0995912 0.173902 -0.0415832 -0.949913 0.309735 -0.949881 1.98433 -2.22376</i>
                        <i>0.187317 0.304289 0.933981 -0.981492 0.0965146 0.165402 -0.0398129 -0.947678 0.316736 -0.950093 2.00381 -2.23072</i>
                        <i>0.180241 0.285654 0.94123 -0.982626 0.0953532 0.15923 -0.0442647 -0.953577 0.297878 -0.949726 2.02714 -2.23512</i>
                        <i>0.179827 0.216604 0.959555 -0.981926 0.0980563 0.161885 -0.0590255 -0.971323 0.230322 -0.948245 2.06498 -2.23094</i>
                        <i>0.183348 0.1565 0.970511 -0.980401 0.101515 0.168847 -0.0720972 -0.982447 0.172045 -0.946525 2.10955 -2.2228</i>
                        <i>0.223146 0.150911 0.963033 -0.974052 0.0728205 0.214288 -0.03779 -0.985862 0.163245 -0.949841 2.1812 -2.2203</i>
                        <i>0.307538 0.222357 0.925191 -0.949065 0.00164712 0.315077 0.0685357 -0.974964 0.211537 -0.963689 2.26265 -2.23046</i>
                        <i>0.388751 0.368108 0.844612 -0.892902 -0.0754876 0.443877 0.227152 -0.926714 0.299338 -0.984541 2.29393 -2.24875</i>
                        <i>0.465601 0.421195 0.778338 -0.818271 -0.130132 0.559909 0.337118 -0.897586 0.284062 -0.996255 2.22738 -2.25725</i>
                        <i>0.521662 0.426278 0.739024 -0.76608 -0.147196 0.625664 0.375488 -0.892536 0.249776 -0.992325 2.16641 -2.25975</i>
                        <i>0.547699 0.513086 0.660885 -0.728542 -0.0959365 0.67825 0.411404 -0.852959 0.321261 -0.978888 2.18898 -2.27675</i>
                        <i>0.576931 0.639829 0.50771 -0.673393 0.020798 0.738993 0.462269 -0.768236 0.442855 -0.958306 2.23299 -2.3123</i>
                        <i>0.594088 0.744727 0.304041 -0.6078 0.168002 0.776115 0.526915 -0.645877 0.552453 -0.939132 2.27809 -2.36317</i>
                        <i>0.592644 0.797355 0.114015 -0.54972 0.29694 0.780791 0.588712 -0.525407 0.614301 -0.927534 2.30968 -2.41342</i>
                        <i>0.584128 0.811355 0.0223038 -0.522495 0.354853 0.775292 0.621123 -0.464524 0.631209 -0.925095 2.32309 -2.43798</i>
                        <i>0.575927 0.816655 0.03719 -0.522191 0.3325 0.785341 0.628986 -0.471719 0.617946 -0.927976 2.33145 -2.43625</i>
                        <i>0.562842 0.820707 0.0982269 -0.529015 0.266365 0.805725 0.6351 -0.505459 0.584087 -0.932147 2.34381 -2.42748</i>
                        <i>0.545158 0.818263 0.18234 -0.540976 0.177211 0.822157 0.640428 -0.546847 0.539269 -0.936853 2.35336 -2.41566</i>
                        <i>0.527015 0.807102 0.266161 -0.556667 0.091189 0.825716 0.642166 -0.583327 0.497345 -0.940792 2.35383 -2.40444</i>
                        <i>0.517909 0.789544 0.329227 -0.576954 0.0382506 0.81588 0.63158 -0.612501 0.475341 -0.941746 2.33967 -2.39711</i>
                        <i>0.497753 0.792103 0.353292 -0.617467 0.0375774 0.785699 0.609079 -0.60923 0.507802 -0.94349 2.25387 -2.3912</i>
                        <i>0.483616 0.779315 0.398476 -0.674263 0.0414168 0.737329 0.558108 -0.625262 0.545493 -0.941513 2.16198 -2.37065</i>
                        <i>0.49098 0.705365 0.511272 -0.729914 0.0127019 0.683421 0.475567 -0.70873 0.521092 -0.931305 2.14987 -2.32787</i>
                        <i>0.485209 0.614945 0.621622 -0.777948 -0.020973 0.627978 0.39921 -0.788291 0.468219 -0.922694 2.15879 -2.28387</i>
                        <i>0.4641 0.569349 0.678566 -0.809879 -0.0375247 0.585395 0.358757 -0.821239 0.443689 -0.920971 2.15675 -2.26303</i>
                        <i>0.433242 0.551148 0.713118 -0.842955 -0.0322116 0.537018 0.318947 -0.833786 0.450637 -0.923408 2.13472 -2.25961</i>
                        <i>0.389221 0.504285 0.770846 -0.888919 -0.0137836 0.457856 0.241515 -0.863428 0.442903 -0.927115 2.10387 -2.25244</i>
                        <i>0.331903 0.438035 0.835444 -0.932345 0.0176631 0.361139 0.143435 -0.898785 0.414262 -0.932894 2.06628 -2.2429</i>
                        <i>0.264884 0.363982 0.892946 -0.963308 0.0583078 0.261989 0.0432937 -0.929579 0.366072 -0.940746 2.02489 -2.23272</i>
                        <i>0.196038 0.29622 0.934785 -0.979714 0.0995912 0.173902 -0.0415832 -0.949913 0.309735 -0.949881 1.98433 -2.22376</i>
                        <i>0.196038 0.29622 0.934785 -0.979714 0.0995912 0.173902 -0.0415832 -0.949913 0.309735 -0.949881 1.98433 -2.22376</i>
                        <i>0.196038 0.29622 0.934785 -0.979714 0.0995912 0.173902 -0.0415832 -0.949913 0.309735 -0.949881 1.98433 -2.22376</i>
                        <i>0.196038 0.29622 0.934785 -0.979714 0.0995912 0.173902 -0.0415832 -0.949913 0.309735 -0.949881 1.98433 -2.22376</i>
                        <i>0.196038 0.29622 0.934785 -0.979714 0.0995912 0.173902 -0.0415832 -0.949913 0.309735 -0.949881 1.98433 -2.22376</i>
                        <i>0.196038 0.29622 0.934785 -0.979714 0.0995912 0.173902 -0.0415832 -0.949913 0.309735 -0.949881 1.98433 -2.22376</i>
                        <i>0.196038 0.29622 0.934785 -0.979714 0.0995912 0.173902 -0.0415832 -0.949913 0.309735 -0.949881 1.98433 -2.22376</i>
                        <i>0.196038 0.29622 0.934785 -0.979714 0.0995912 0.173902 -0.0415832 -0.949913 0.309735 -0.949881 1.98433 -2.22376</i>
                        <i>0.196038 0.29622 0.934785 -0.979714 0.0995912 0.173902 -0.0415832 -0.949913 0.309735 -0.949881 1.98433 -2.22376</i>
                        <i>0.196038 0.29622 0.934785 -0.979714 0.0995912 0.173902 -0.0415832 -0.949913 0.309735 -0.949881 1.98433 -2.22376</i>
                        <i>0.196038 0.29622 0.934785 -0.979714 0.0995912 0.173902 -0.0415832 -0.949913 0.309735 -0.949881 1.98433 -2.22376</i>
                    </KeyFrames>
                </p>
            </i>
            <i>
                <p>
                    <Name><![CDATA[head]]></Name>
                    <Exclude>0</Exclude>
                    <Additive>0</Additive>
                    <IKPriority>0</IKPriority>
                    <IKRotLimits>-1e+010 -1e+010 -1e+010 1e+010 1e+010 1e+010</IKRotLimits>
                    <IKRotLimitOrder>0</IKRotLimitOrder>
                    <KeyFrames count="40">
                        <i>0.0115409 0.966888 0.254939 0.0273231 0.254556 -0.966672 -0.99956 0.018122 -0.0234806 -0.891728 2.07172 -1.97247</i>
                        <i>0.0336429 0.862149 0.505537 0.0936463 0.500879 -0.860437 -0.995037 0.0762893 -0.063886 -0.892004 2.09156 -1.97127</i>
                        <i>0.0147904 0.692544 0.721225 0.171431 0.708867 -0.684193 -0.985085 0.13376 -0.108239 -0.892402 2.10929 -1.97009</i>
                        <i>-0.0161821 0.616265 0.787373 0.145418 0.780553 -0.607939 -0.989238 0.10466 -0.102247 -0.892634 2.13115 -1.96918</i>
                        <i>0.127555 0.768829 0.626603 -0.175301 0.639294 -0.748714 -0.976217 -0.0143423 0.216322 -0.892385 2.16342 -1.9687</i>
                        <i>0.145739 0.919352 0.365447 -0.732849 0.348468 -0.584382 -0.6646 -0.18265 0.724532 -0.886162 2.23527 -1.97346</i>
                        <i>0.0304815 0.940661 0.337975 -0.973319 0.104869 -0.204091 -0.227424 -0.322737 0.91876 -0.875821 2.33262 -1.99039</i>
                        <i>-0.00215739 0.951925 0.306323 -0.99963 0.00625099 -0.0264657 -0.0271081 -0.306267 0.95156 -0.868847 2.39593 -2.01999</i>
                        <i>-0.0079875 0.975255 0.220938 -0.999917 -0.010027 0.00811079 0.0101254 -0.220855 0.975254 -0.86295 2.3423 -2.05406</i>
                        <i>-0.00142374 0.984021 0.178048 -0.999473 0.00437568 -0.0321752 -0.0324402 -0.178 0.983496 -0.852312 2.28425 -2.07814</i>
                        <i>0.00837373 0.989415 0.14487 -0.997724 0.0179613 -0.0649998 -0.0669138 -0.143996 0.987313 -0.832624 2.32958 -2.11555</i>
                        <i>0.0153146 0.997216 0.0729803 -0.99677 0.0209809 -0.0775193 -0.0788347 -0.0715574 0.994316 -0.8047 2.40637 -2.19035</i>
                        <i>0.00684688 0.999969 -0.0037725 -0.998025 0.00659787 -0.0624693 -0.0624425 0.00419279 0.99804 -0.781728 2.47807 -2.29323</i>
                        <i>-0.0169723 0.998254 -0.0565761 -0.999333 -0.0187656 -0.0313189 -0.0323259 0.0560068 0.997907 -0.771328 2.52252 -2.39147</i>
                        <i>-0.0523553 0.996832 -0.0598759 -0.998393 -0.0535519 -0.0185576 -0.0217053 0.0588081 0.998033 -0.771488 2.53913 -2.43892</i>
                        <i>-0.0734049 0.996795 -0.0318049 -0.996789 -0.0743526 -0.0297181 -0.0319877 0.0295213 0.999052 -0.776222 2.54851 -2.43389</i>
                        <i>-0.0655852 0.997826 -0.0064628 -0.997054 -0.0657898 -0.0394284 -0.039768 0.00385783 0.999201 -0.782847 2.56165 -2.4112</i>
                        <i>-0.0454927 0.998842 0.0156809 -0.997957 -0.0447363 -0.0456185 -0.0448641 -0.0177241 0.998836 -0.790573 2.57092 -2.38027</i>
                        <i>-0.0259621 0.999022 0.0357967 -0.998382 -0.0241001 -0.0515022 -0.0505891 -0.0370759 0.998031 -0.797357 2.5698 -2.34993</i>
                        <i>-0.0137116 0.998253 0.0574679 -0.997747 -0.00988482 -0.0663536 -0.0656696 -0.0582482 0.99614 -0.79916 2.55317 -2.32787</i>
                        <i>-0.0455849 0.998422 0.032787 -0.993434 -0.0418606 -0.106477 -0.104936 -0.0374255 0.993774 -0.80512 2.47036 -2.31725</i>
                        <i>-0.0873786 0.996098 0.0124005 -0.98141 -0.0839415 -0.172595 -0.17088 -0.027251 0.984915 -0.804938 2.37809 -2.28554</i>
                        <i>-0.0863149 0.995296 0.0440047 -0.965013 -0.0725486 -0.251966 -0.247588 -0.0642135 0.966735 -0.789157 2.35011 -2.20972</i>
                        <i>-0.0745655 0.995592 0.056888 -0.936038 -0.0502035 -0.348298 -0.343907 -0.0792204 0.935656 -0.779032 2.33663 -2.13123</i>
                        <i>-0.0759962 0.996828 0.0236431 -0.862657 -0.053839 -0.502916 -0.500047 -0.0586156 0.864012 -0.781676 2.32254 -2.09226</i>
                        <i>-0.0990944 0.994923 -0.0175651 -0.484084 -0.0636222 -0.872706 -0.869393 -0.0779773 0.487931 -0.792327 2.29567 -2.07807</i>
                        <i>-0.0660745 0.99619 0.0569253 0.0170981 0.058172 -0.99816 -0.997668 -0.0649796 -0.0208766 -0.808826 2.25189 -2.05265</i>
                        <i>-0.0354643 0.992074 0.12055 0.122056 0.124022 -0.984744 -0.991889 -0.0202094 -0.125487 -0.832117 2.19546 -2.0226</i>
                        <i>-0.00835734 0.982855 0.184191 0.0820078 0.184251 -0.979452 -0.996597 0.00691952 -0.0821416 -0.860976 2.13244 -1.99429</i>
                        <i>0.0115409 0.966888 0.254939 0.0273231 0.254556 -0.966672 -0.99956 0.018122 -0.0234806 -0.891728 2.07172 -1.97247</i>
                        <i>0.0115409 0.966888 0.254939 0.0273231 0.254556 -0.966672 -0.99956 0.018122 -0.0234806 -0.891728 2.07172 -1.97247</i>
                        <i>0.0115409 0.966888 0.254939 0.0273231 0.254556 -0.966672 -0.99956 0.018122 -0.0234806 -0.891728 2.07172 -1.97247</i>
                        <i>0.0115409 0.966888 0.254939 0.0273231 0.254556 -0.966672 -0.99956 0.018122 -0.0234806 -0.891728 2.07172 -1.97247</i>
                        <i>0.0115409 0.966888 0.254939 0.0273231 0.254556 -0.966672 -0.99956 0.018122 -0.0234806 -0.891728 2.07172 -1.97247</i>
                        <i>0.0115409 0.966888 0.254939 0.0273231 0.254556 -0.966672 -0.99956 0.018122 -0.0234806 -0.891728 2.07172 -1.97247</i>
                        <i>0.0115409 0.966888 0.254939 0.0273231 0.254556 -0.966672 -0.99956 0.018122 -0.0234806 -0.891728 2.07172 -1.97247</i>
                        <i>0.0115409 0.966888 0.254939 0.0273231 0.254556 -0.966672 -0.99956 0.018122 -0.0234806 -0.891728 2.07172 -1.97247</i>
                        <i>0.0115409 0.966888 0.254939 0.0273231 0.254556 -0.966672 -0.99956 0.018122 -0.0234806 -0.891728 2.07172 -1.97247</i>
                        <i>0.0115409 0.966888 0.254939 0.0273231 0.254556 -0.966672 -0.99956 0.018122 -0.0234806 -0.891728 2.07172 -1.97247</i>
                        <i>0.0115409 0.966888 0.254939 0.0273231 0.254556 -0.966672 -0.99956 0.018122 -0.0234806 -0.891728 2.07172 -1.97247</i>
                    </KeyFrames>
                </p>
            </i>
            <i>
                <p>
                    <Name><![CDATA[head_prop]]></Name>
                    <Exclude>0</Exclude>
                    <Additive>0</Additive>
                    <IKPriority>0</IKPriority>
                    <IKRotLimits>-1e+010 -1e+010 -1e+010 1e+010 1e+010 1e+010</IKRotLimits>
                    <IKRotLimitOrder>0</IKRotLimitOrder>
                    <KeyFrames count="40">
                        <i>0.99956 -0.018122 0.0234806 0.0115409 0.966888 0.254939 -0.0273231 -0.254556 0.966672 -0.887967 2.38684 -1.88938</i>
                        <i>0.995037 -0.0762893 0.063886 0.0336429 0.862149 0.505537 -0.0936463 -0.500879 0.860437 -0.881039 2.37254 -1.80651</i>
                        <i>0.985085 -0.13376 0.108239 0.0147904 0.692544 0.721225 -0.171431 -0.708867 0.684193 -0.887581 2.335 -1.73503</i>
                        <i>0.989238 -0.10466 0.102247 -0.0161821 0.616265 0.787373 -0.145418 -0.780553 0.607939 -0.897908 2.33199 -1.71257</i>
                        <i>0.976217 0.0143423 -0.216322 0.127555 0.768829 0.626603 0.175301 -0.639294 0.748714 -0.850813 2.41399 -1.76449</i>
                        <i>0.6646 0.18265 -0.724532 0.145739 0.919352 0.365447 0.732849 -0.348468 0.584382 -0.829589 2.59693 -1.85231</i>
                        <i>0.227424 0.322737 -0.91876 0.0304815 0.940661 0.337975 0.973319 -0.104869 0.204091 -0.88187 2.76352 -1.87509</i>
                        <i>0.0271081 0.306267 -0.95156 -0.00215739 0.951925 0.306323 0.99963 -0.00625099 0.0264657 -0.889497 2.79686 -1.91626</i>
                        <i>-0.0101254 0.220855 -0.975254 -0.0079875 0.975255 0.220938 0.999917 0.010027 -0.00811079 -0.873022 2.69178 -1.98325</i>
                        <i>0.0324402 0.178 -0.983496 -0.00142374 0.984021 0.178048 0.999473 -0.00437568 0.0321752 -0.852776 2.60495 -2.02012</i>
                        <i>0.0669138 0.143996 -0.987313 0.00837373 0.989415 0.14487 0.997724 -0.0179613 0.0649998 -0.829895 2.65204 -2.06833</i>
                        <i>0.0788347 0.0715574 -0.994316 0.0153146 0.997216 0.0729803 0.99677 -0.0209809 0.0775193 -0.799709 2.73137 -2.16657</i>
                        <i>0.0624425 -0.00419279 -0.99804 0.00684688 0.999969 -0.0037725 0.998025 -0.00659787 0.0624693 -0.779497 2.80397 -2.29446</i>
                        <i>0.0323259 -0.0560068 -0.997907 -0.0169723 0.998254 -0.0565761 0.999333 0.0187656 0.0313189 -0.776859 2.84786 -2.40991</i>
                        <i>0.0217053 -0.0588081 -0.998033 -0.0523553 0.996832 -0.0598759 0.998393 0.0535519 0.0185576 -0.788551 2.864 -2.45843</i>
                        <i>0.0319877 -0.0295213 -0.999052 -0.0734049 0.996795 -0.0318049 0.996789 0.0743526 0.0297181 -0.800145 2.87337 -2.44426</i>
                        <i>0.039768 -0.00385783 -0.999201 -0.0655852 0.997826 -0.0064628 0.997054 0.0657898 0.0394284 -0.804222 2.88685 -2.41331</i>
                        <i>0.0448641 0.0177241 -0.998836 -0.0454927 0.998842 0.0156809 0.997957 0.0447363 0.0456185 -0.8054 2.89645 -2.37516</i>
                        <i>0.0505891 0.0370759 -0.998031 -0.0259621 0.999022 0.0357967 0.998382 0.0241001 0.0515022 -0.805818 2.89539 -2.33826</i>
                        <i>0.0656696 0.0582482 -0.99614 -0.0137116 0.998253 0.0574679 0.997747 0.00988482 0.0663536 -0.803629 2.87851 -2.30914</i>
                        <i>0.104936 0.0374255 -0.993774 -0.0455849 0.998422 0.032787 0.993434 0.0418606 0.106477 -0.819977 2.79576 -2.30657</i>
                        <i>0.17088 0.027251 -0.984915 -0.0873786 0.996098 0.0124005 0.98141 0.0839415 0.172595 -0.833416 2.70273 -2.2815</i>
                        <i>0.247588 0.0642135 -0.966735 -0.0863149 0.995296 0.0440047 0.965013 0.0725486 0.251966 -0.817288 2.67448 -2.19538</i>
                        <i>0.343907 0.0792204 -0.935656 -0.0745655 0.995592 0.056888 0.936038 0.0502035 0.348298 -0.803334 2.6611 -2.11269</i>
                        <i>0.500047 0.0586156 -0.864012 -0.0759962 0.996828 0.0236431 0.862657 0.053839 0.502916 -0.806444 2.64741 -2.08456</i>
                        <i>0.869393 0.0779773 -0.487931 -0.0990944 0.994923 -0.0175651 0.484084 0.0636222 0.872706 -0.824623 2.61992 -2.0838</i>
                        <i>0.997668 0.0649796 0.0208766 -0.0660745 0.99619 0.0569253 -0.0170981 -0.058172 0.99816 -0.83036 2.57656 -2.0341</i>
                        <i>0.991889 0.0202094 0.125487 -0.0354643 0.992074 0.12055 -0.122056 -0.124022 0.984744 -0.843675 2.51879 -1.98331</i>
                        <i>0.996597 -0.00691952 0.0821416 -0.00835734 0.982855 0.184191 -0.0820078 -0.184251 0.979452 -0.8637 2.45276 -1.93426</i>
                        <i>0.99956 -0.018122 0.0234806 0.0115409 0.966888 0.254939 -0.0273231 -0.254556 0.966672 -0.887967 2.38684 -1.88938</i>
                        <i>0.99956 -0.018122 0.0234806 0.0115409 0.966888 0.254939 -0.0273231 -0.254556 0.966672 -0.887967 2.38684 -1.88938</i>
                        <i>0.99956 -0.018122 0.0234806 0.0115409 0.966888 0.254939 -0.0273231 -0.254556 0.966672 -0.887967 2.38684 -1.88938</i>
                        <i>0.99956 -0.018122 0.0234806 0.0115409 0.966888 0.254939 -0.0273231 -0.254556 0.966672 -0.887967 2.38684 -1.88938</i>
                        <i>0.99956 -0.018122 0.0234806 0.0115409 0.966888 0.254939 -0.0273231 -0.254556 0.966672 -0.887967 2.38684 -1.88938</i>
                        <i>0.99956 -0.018122 0.0234806 0.0115409 0.966888 0.254939 -0.0273231 -0.254556 0.966672 -0.887967 2.38684 -1.88938</i>
                        <i>0.99956 -0.018122 0.0234806 0.0115409 0.966888 0.254939 -0.0273231 -0.254556 0.966672 -0.887967 2.38684 -1.88938</i>
                        <i>0.99956 -0.018122 0.0234806 0.0115409 0.966888 0.254939 -0.0273231 -0.254556 0.966672 -0.887967 2.38684 -1.88938</i>
                        <i>0.99956 -0.018122 0.0234806 0.0115409 0.966888 0.254939 -0.0273231 -0.254556 0.966672 -0.887967 2.38684 -1.88938</i>
                        <i>0.99956 -0.018122 0.0234806 0.0115409 0.966888 0.254939 -0.0273231 -0.254556 0.966672 -0.887967 2.38684 -1.88938</i>
                        <i>0.99956 -0.018122 0.0234806 0.0115409 0.966888 0.254939 -0.0273231 -0.254556 0.966672 -0.887967 2.38684 -1.88938</i>
                    </KeyFrames>
                </p>
            </i>
            <i>
                <p>
                    <Name><![CDATA[l_clav]]></Name>
                    <Exclude>0</Exclude>
                    <Additive>0</Additive>
                    <IKPriority>0</IKPriority>
                    <IKRotLimits>-1e+010 -1e+010 -1e+010 1e+010 1e+010 1e+010</IKRotLimits>
                    <IKRotLimitOrder>0</IKRotLimitOrder>
                    <KeyFrames count="40">
                        <i>0.985544 0.131418 -0.10692 0.0324039 0.473231 0.880342 0.166291 -0.871081 0.462131 -0.855952 1.96728 -2.16122</i>
                        <i>0.974503 0.200125 -0.101457 0.00229625 0.443259 0.89639 0.224362 -0.873768 0.431498 -0.856187 1.99242 -2.16285</i>
                        <i>0.957613 0.27276 -0.092625 -0.0266638 0.404102 0.914325 0.286822 -0.8731 0.394246 -0.85649 2.01615 -2.16464</i>
                        <i>0.939316 0.333827 -0.0790243 -0.0537678 0.370772 0.927166 0.338813 -0.866653 0.366221 -0.85661 2.04282 -2.16594</i>
                        <i>0.927192 0.369339 -0.0624847 -0.0800667 0.358362 0.930143 0.36593 -0.857418 0.361842 -0.856315 2.07672 -2.16618</i>
                        <i>0.91294 0.39869 -0.0870993 -0.0677383 0.358514 0.931064 0.402432 -0.844105 0.354308 -0.857578 2.14774 -2.17179</i>
                        <i>0.880739 0.44192 -0.170309 0.000566607 0.358621 0.933483 0.473601 -0.822252 0.315602 -0.865363 2.24272 -2.18944</i>
                        <i>0.829268 0.486634 -0.274774 0.091091 0.3674 0.925591 0.551377 -0.792593 0.260346 -0.880262 2.30078 -2.21653</i>
                        <i>0.76957 0.522186 -0.367536 0.16854 0.389058 0.905665 0.615918 -0.758917 0.211398 -0.893015 2.23902 -2.24443</i>
                        <i>0.725165 0.542717 -0.423786 0.199842 0.423083 0.883778 0.658938 -0.725575 0.198347 -0.892054 2.17119 -2.26104</i>
                        <i>0.694038 0.526355 -0.491184 0.198777 0.515638 0.83343 0.691952 -0.676069 0.253245 -0.877725 2.19624 -2.28288</i>
                        <i>0.65187 0.46191 -0.601419 0.194427 0.664771 0.721303 0.732983 -0.587128 0.343536 -0.855804 2.24305 -2.32647</i>
                        <i>0.598848 0.367655 -0.711484 0.182211 0.80255 0.568078 0.779859 -0.469833 0.413615 -0.836392 2.28923 -2.38895</i>
