<?xml version="1.0" encoding="ISO-8859-1" ?>
<Animl Version="1">
    <ModellingPackage><![CDATA[Maya.2010]]></ModellingPackage>
    <SrcFile><![CDATA[anims\turrets\antitank\blue\~src\at_bgm71tow\antitank_bgm71tow_repair_repairman_a.mb]]></SrcFile>
    <FramesPerSecond>30</FramesPerSecond>
    <TotalFrames>30</TotalFrames>
    <Skeleton>
        <RefFrame>
            <Name><![CDATA[soldier_ref_frame]]></Name>
            <Exclude>0</Exclude>
            <Additive>0</Additive>
            <IKPriority>0</IKPriority>
            <IKRotLimits>-1e+010 -1e+010 -1e+010 1e+010 1e+010 1e+010</IKRotLimits>
            <IKRotLimitOrder>0</IKRotLimitOrder>
            <KeyFrames count="30">
                <i>1 0 0 0 1 0 0 0 1 1.92 0.91 -0.08</i>
                <i>1 0 0 0 1 0 0 0 1 1.92 0.91 -0.08</i>
                <i>1 0 0 0 1 0 0 0 1 1.92 0.91 -0.08</i>
                <i>1 0 0 0 1 0 0 0 1 1.92 0.91 -0.08</i>
                <i>1 0 0 0 1 0 0 0 1 1.92 0.91 -0.08</i>
                <i>1 0 0 0 1 0 0 0 1 1.92 0.91 -0.08</i>
                <i>1 0 0 0 1 0 0 0 1 1.92 0.91 -0.08</i>
                <i>1 0 0 0 1 0 0 0 1 1.92 0.91 -0.08</i>
                <i>1 0 0 0 1 0 0 0 1 1.92 0.91 -0.08</i>
                <i>1 0 0 0 1 0 0 0 1 1.92 0.91 -0.08</i>
                <i>1 0 0 0 1 0 0 0 1 1.92 0.91 -0.08</i>
                <i>1 0 0 0 1 0 0 0 1 1.92 0.91 -0.08</i>
                <i>1 0 0 0 1 0 0 0 1 1.92 0.91 -0.08</i>
                <i>1 0 0 0 1 0 0 0 1 1.92 0.91 -0.08</i>
                <i>1 0 0 0 1 0 0 0 1 1.92 0.91 -0.08</i>
                <i>1 0 0 0 1 0 0 0 1 1.92 0.91 -0.08</i>
                <i>1 0 0 0 1 0 0 0 1 1.92 0.91 -0.08</i>
                <i>1 0 0 0 1 0 0 0 1 1.92 0.91 -0.08</i>
                <i>1 0 0 0 1 0 0 0 1 1.92 0.91 -0.08</i>
                <i>1 0 0 0 1 0 0 0 1 1.92 0.91 -0.08</i>
                <i>1 0 0 0 1 0 0 0 1 1.92 0.91 -0.08</i>
                <i>1 0 0 0 1 0 0 0 1 1.92 0.91 -0.08</i>
                <i>1 0 0 0 1 0 0 0 1 1.92 0.91 -0.08</i>
                <i>1 0 0 0 1 0 0 0 1 1.92 0.91 -0.08</i>
                <i>1 0 0 0 1 0 0 0 1 1.92 0.91 -0.08</i>
                <i>1 0 0 0 1 0 0 0 1 1.92 0.91 -0.08</i>
                <i>1 0 0 0 1 0 0 0 1 1.92 0.91 -0.08</i>
                <i>1 0 0 0 1 0 0 0 1 1.92 0.91 -0.08</i>
                <i>1 0 0 0 1 0 0 0 1 1.92 0.91 -0.08</i>
                <i>1 0 0 0 1 0 0 0 1 1.92 0.91 -0.08</i>
            </KeyFrames>
        </RefFrame>
        <Bones count="23">
            <i>
                <p>
                    <Name><![CDATA[pelvis]]></Name>
                    <Exclude>0</Exclude>
                    <Additive>0</Additive>
                    <IKPriority>0</IKPriority>
                    <IKRotLimits>-1e+010 -1e+010 -1e+010 1e+010 1e+010 1e+010</IKRotLimits>
                    <IKRotLimitOrder>2</IKRotLimitOrder>
                    <KeyFrames count="30">
                        <i>1 0 0 0 1 0 0 0 1 1.92248 1.72844 -0.0833038</i>
                        <i>1 0 0 0 1 0 0 0 1 1.92248 1.73982 -0.0833038</i>
                        <i>1 0 0 0 1 0 0 0 1 1.92248 1.74727 -0.0833038</i>
                        <i>1 0 0 0 1 0 0 0 1 1.92248 1.74496 -0.0833038</i>
                        <i>1 0 0 0 1 0 0 0 1 1.92248 1.72864 -0.0833038</i>
                        <i>1 0 0 0 1 0 0 0 1 1.92248 1.70385 -0.0833038</i>
                        <i>1 0 0 0 1 0 0 0 1 1.92248 1.67951 -0.0833038</i>
                        <i>1 0 0 0 1 0 0 0 1 1.92248 1.66451 -0.0833038</i>
                        <i>1 0 0 0 1 0 0 0 1 1.92248 1.66127 -0.0833038</i>
                        <i>1 0 0 0 1 0 0 0 1 1.92248 1.66502 -0.0833038</i>
                        <i>1 0 0 0 1 0 0 0 1 1.92248 1.67391 -0.0833038</i>
                        <i>1 0 0 0 1 0 0 0 1 1.92248 1.68611 -0.0833038</i>
                        <i>1 0 0 0 1 0 0 0 1 1.92248 1.69966 -0.0833038</i>
                        <i>1 0 0 0 1 0 0 0 1 1.92248 1.71274 -0.0833038</i>
                        <i>1 0 0 0 1 0 0 0 1 1.92248 1.72375 -0.0833038</i>
                        <i>1 0 0 0 1 0 0 0 1 1.92248 1.73106 -0.0833038</i>
                        <i>1 0 0 0 1 0 0 0 1 1.92248 1.73294 -0.0833038</i>
                        <i>1 0 0 0 1 0 0 0 1 1.92248 1.72952 -0.0833038</i>
                        <i>1 0 0 0 1 0 0 0 1 1.92248 1.722 -0.0833038</i>
                        <i>1 0 0 0 1 0 0 0 1 1.92248 1.71159 -0.0833038</i>
                        <i>1 0 0 0 1 0 0 0 1 1.92248 1.69949 -0.0833038</i>
                        <i>1 0 0 0 1 0 0 0 1 1.92248 1.68691 -0.0833038</i>
                        <i>1 0 0 0 1 0 0 0 1 1.92248 1.67507 -0.0833038</i>
                        <i>1 0 0 0 1 0 0 0 1 1.92248 1.66594 -0.0833038</i>
                        <i>1 0 0 0 1 0 0 0 1 1.92248 1.66205 -0.0833038</i>
                        <i>1 0 0 0 1 0 0 0 1 1.92248 1.6654 -0.0833038</i>
                        <i>1 0 0 0 1 0 0 0 1 1.92248 1.67657 -0.0833038</i>
                        <i>1 0 0 0 1 0 0 0 1 1.92248 1.69283 -0.0833038</i>
                        <i>1 0 0 0 1 0 0 0 1 1.92248 1.71113 -0.0833038</i>
                        <i>1 0 0 0 1 0 0 0 1 1.92248 1.72844 -0.0833038</i>
                    </KeyFrames>
                </p>
            </i>
            <i>
                <p>
                    <Name><![CDATA[spine0]]></Name>
                    <Exclude>0</Exclude>
                    <Additive>0</Additive>
                    <IKPriority>0</IKPriority>
                    <IKRotLimits>-1e+010 -1e+010 -1e+010 1e+010 1e+010 1e+010</IKRotLimits>
                    <IKRotLimitOrder>0</IKRotLimitOrder>
                    <KeyFrames count="30">
                        <i>-0.35216 0.8966 0.268499 -0.602456 0.00238827 -0.798148 -0.716261 -0.442835 0.539321 1.9487 1.86744 -0.109525</i>
                        <i>-0.35849 0.892822 0.272678 -0.602988 0.0015268 -0.797749 -0.712664 -0.450407 0.537814 1.94662 1.87948 -0.107992</i>
                        <i>-0.365502 0.888542 0.277311 -0.603565 0.00056207 -0.797313 -0.708602 -0.458795 0.536088 1.94423 1.88762 -0.106238</i>
                        <i>-0.371268 0.884947 0.281122 -0.604141 -0.000314833 -0.796877 -0.705105 -0.465692 0.53475 1.94177 1.88595 -0.10442</i>
                        <i>-0.373954 0.883248 0.282898 -0.604688 -0.000914601 -0.796462 -0.703215 -0.468905 0.534431 1.93944 1.87017 -0.1027</i>
                        <i>-0.37301 0.883845 0.282279 -0.605176 -0.00115063 -0.796091 -0.703296 -0.467779 0.535311 1.93747 1.8458 -0.101241</i>
                        <i>-0.36975 0.885895 0.280134 -0.605552 -0.00109546 -0.795805 -0.704692 -0.463885 0.536861 1.93607 1.82173 -0.100209</i>
                        <i>-0.3651 0.888783 0.277069 -0.605757 -0.000800616 -0.79565 -0.706938 -0.458328 0.538678 1.93548 1.80684 -0.0997705</i>
                        <i>-0.359857 0.891992 0.273595 -0.605686 -0.00029121 -0.795704 -0.709681 -0.452052 0.540372 1.93604 1.80349 -0.100186</i>
                        <i>-0.355119 0.894849 0.270437 -0.605334 0.000329154 -0.795972 -0.712363 -0.44637 0.541565 1.93768 1.80692 -0.101396</i>
                        <i>-0.35233 0.896513 0.268566 -0.604782 0.000893266 -0.796391 -0.714215 -0.443016 0.54188 1.93996 1.81533 -0.103081</i>
                        <i>-0.35165 0.896918 0.268105 -0.604138 0.00134038 -0.796879 -0.715094 -0.442195 0.541391 1.94245 1.82693 -0.104926</i>
                        <i>-0.352093 0.896654 0.268407 -0.603528 0.00168831 -0.79734 -0.715391 -0.442729 0.540561 1.94475 1.83986 -0.106619</i>
                        <i>-0.353361 0.895898 0.269265 -0.603069 0.00188418 -0.797687 -0.715153 -0.444256 0.539623 1.94643 1.85246 -0.107855</i>
                        <i>-0.355059 0.894883 0.270403 -0.602884 0.001872 -0.797827 -0.714468 -0.446297 0.538846 1.94708 1.86326 -0.108334</i>
                        <i>-0.356705 0.893899 0.27149 -0.60301 0.00165547 -0.797732 -0.713541 -0.448266 0.538439 1.94658 1.87073 -0.107962</i>
                        <i>-0.357754 0.893272 0.272172 -0.603358 0.00133805 -0.797469 -0.712721 -0.449515 0.538484 1.94524 1.873 -0.106981</i>
                        <i>-0.356724 0.893896 0.271474 -0.60386 0.0010938 -0.797089 -0.712812 -0.448273 0.539398 1.94336 1.8701 -0.105592</i>
                        <i>-0.353348 0.895912 0.269234 -0.604451 0.00100586 -0.796642 -0.713992 -0.444231 0.541179 1.9412 1.86313 -0.103999</i>
                        <i>-0.34889 0.898533 0.266298 -0.605053 0.0010302 -0.796185 -0.715672 -0.438906 0.5433 1.93904 1.85321 -0.102408</i>
                        <i>-0.344452 0.901097 0.263395 -0.605586 0.00112049 -0.795779 -0.71737 -0.433616 0.545305 1.93718 1.8415 -0.101031</i>
                        <i>-0.340984 0.903071 0.261138 -0.605962 0.00122884 -0.795492 -0.718707 -0.42949 0.546808 1.9359 1.82916 -0.10008</i>
                        <i>-0.339363 0.903986 0.260081 -0.606092 0.00130673 -0.795393 -0.719364 -0.42756 0.547456 1.93548 1.81739 -0.0997705</i>
                        <i>-0.338879 0.904268 0.259731 -0.605822 0.00148361 -0.795599 -0.71982 -0.426963 0.547323 1.93654 1.80807 -0.100551</i>
                        <i>-0.338577 0.904454 0.259477 -0.605171 0.00184741 -0.796093 -0.720509 -0.426567 0.546724 1.93901 1.80368 -0.102383</i>
                        <i>-0.339002 0.904225 0.259721 -0.60431 0.00228827 -0.796746 -0.721032 -0.42705 0.545656 1.94221 1.80628 -0.104749</i>
                        <i>-0.340546 0.903351 0.260742 -0.603416 0.00269122 -0.797422 -0.721054 -0.428895 0.544179 1.94546 1.81657 -0.107138</i>
                        <i>-0.343338 0.901748 0.262621 -0.602678 0.00293174 -0.797979 -0.720346 -0.432252 0.542457 1.94806 1.83204 -0.109053</i>
                        <i>-0.347273 0.899466 0.265259 -0.602295 0.00287597 -0.798268 -0.718778 -0.436981 0.540745 1.94936 1.84991 -0.11001</i>
                        <i>-0.35216 0.8966 0.268499 -0.602456 0.00238827 -0.798148 -0.716261 -0.442835 0.539321 1.9487 1.86744 -0.109525</i>
                    </KeyFrames>
                </p>
            </i>
            <i>
                <p>
                    <Name><![CDATA[spine1]]></Name>
                    <Exclude>0</Exclude>
                    <Additive>0</Additive>
                    <IKPriority>0</IKPriority>
                    <IKRotLimits>-1e+010 -1e+010 -1e+010 1e+010 1e+010 1e+010</IKRotLimits>
                    <IKRotLimitOrder>0</IKRotLimitOrder>
                    <KeyFrames count="30">
                        <i>-0.685635 0.492105 0.536411 -0.593994 0.0477567 -0.80305 -0.420803 -0.869225 0.259564 1.88057 2.04121 -0.0575779</i>
                        <i>-0.6911 0.481065 0.539404 -0.5947 0.0456414 -0.802651 -0.410747 -0.875496 0.254546 1.8776 2.05164 -0.0554987</i>
                        <i>-0.696996 0.468801 0.542607 -0.595434 0.0432707 -0.802238 -0.399569 -0.882243 0.248981 1.87429 2.05793 -0.0531678</i>
                        <i>-0.700904 0.460525 0.544656 -0.59607 0.0411682 -0.801877 -0.391707 -0.886692 0.24565 1.87118 2.05444 -0.0509743</i>
                        <i>-0.700457 0.461727 0.544214 -0.596523 0.0398628 -0.801605 -0.391817 -0.886126 0.247509 1.86883 2.03718 -0.049282</i>
                        <i>-0.694953 0.473801 0.540882 -0.596775 0.0395736 -0.801432 -0.401124 -0.879742 0.255251 1.86748 2.01185 -0.0482773</i>
                        <i>-0.686559 0.491366 0.535907 -0.596857 0.0400317 -0.801348 -0.415208 -0.870033 0.265791 1.86704 1.98733 -0.047908</i>
                        <i>-0.67732 0.509717 0.530496 -0.596771 0.0410315 -0.801362 -0.430235 -0.859363 0.276393 1.86751 1.97251 -0.0481847</i>
                        <i>-0.669826 0.523854 0.526222 -0.596487 0.0424261 -0.801501 -0.442195 -0.850751 0.284054 1.869 1.96987 -0.0492164</i>
                        <i>-0.666083 0.530556 0.524255 -0.596044 0.0439291 -0.80175 -0.448403 -0.846511 0.286974 1.87126 1.97451 -0.0508142</i>
                        <i>-0.667318 0.52803 0.525234 -0.595558 0.0451362 -0.802043 -0.44721 -0.848026 0.284352 1.87363 1.98432 -0.0525264</i>
                        <i>-0.67226 0.518585 0.528333 -0.595109 0.0459518 -0.80233 -0.440354 -0.85379 0.277723 1.87575 1.99732 -0.0540702</i>
                        <i>-0.677994 0.507443 0.531814 -0.594728 0.0465106 -0.80258 -0.431999 -0.860429 0.270257 1.87747 2.01147 -0.0553314</i>
                        <i>-0.683253 0.497006 0.534931 -0.594485 0.0467418 -0.802747 -0.423973 -0.866488 0.263526 1.87853 2.02489 -0.0561144</i>
                        <i>-0.686958 0.489527 0.537078 -0.594448 0.0465689 -0.802784 -0.417996 -0.870744 0.259008 1.87869 2.03594 -0.0562458</i>
                        <i>-0.688442 0.486538 0.537893 -0.594622 0.0460328 -0.802687 -0.415298 -0.872446 0.257615 1.87795 2.04301 -0.0557263</i>
                        <i>-0.687521 0.488505 0.537287 -0.594911 0.0453707 -0.80251 -0.416407 -0.871381 0.259424 1.87668 2.04447 -0.0548197</i>
                        <i>-0.682228 0.499271 0.534129 -0.595192 0.0450386 -0.80232 -0.424632 -0.865275 0.266435 1.87541 2.04062 -0.0538844</i>
                        <i>-0.672061 0.51908 0.5281 -0.595401 0.0452192 -0.802155 -0.440263 -0.853529 0.27867 1.87441 2.03272 -0.0531069</i>
                        <i>-0.659033 0.543076 0.52033 -0.595548 0.0457182 -0.802018 -0.459345 -0.838438 0.293298 1.87362 2.02194 -0.0524683</i>
                        <i>-0.645638 0.566315 0.512288 -0.595639 0.0463417 -0.801914 -0.477876 -0.822885 0.307399 1.87304 2.0095 -0.0519832</i>
                        <i>-0.634943 0.583933 0.505836 -0.595677 0.0468991 -0.801854 -0.491952 -0.810446 0.318057 1.87272 1.99668 -0.0516969</i>
                        <i>-0.630364 0.591228 0.503081 -0.595665 0.0472028 -0.801845 -0.49782 -0.805122 0.322419 1.87272 1.98477 -0.0516696</i>
                        <i>-0.633065 0.586833 0.504833 -0.595474 0.0475197 -0.801968 -0.494611 -0.808312 0.319361 1.87367 1.97604 -0.0523641</i>
                        <i>-0.640522 0.574534 0.509552 -0.595053 0.0481106 -0.802245 -0.485432 -0.817066 0.311062 1.87572 1.97299 -0.0538747</i>
                        <i>-0.650563 0.557439 0.51578 -0.59452 0.0487802 -0.8026 -0.47256 -0.828783 0.299674 1.87819 1.9773 -0.055699</i>
                        <i>-0.661305 0.53841 0.522293 -0.594006 0.0493195 -0.802947 -0.458074 -0.841238 0.287204 1.88045 1.98928 -0.0573675</i>
                        <i>-0.671347 0.519863 0.528238 -0.593653 0.0494967 -0.803197 -0.443698 -0.852815 0.275389 1.88193 2.00602 -0.0584694</i>
                        <i>-0.679717 0.503796 0.53308 -0.593607 0.0490603 -0.803258 -0.430831 -0.862429 0.265709 1.88213 2.02437 -0.0586506</i>
                        <i>-0.685635 0.492105 0.536411 -0.593994 0.0477567 -0.80305 -0.420803 -0.869225 0.259564 1.88057 2.04121 -0.0575779</i>
                    </KeyFrames>
                </p>
            </i>
            <i>
                <p>
                    <Name><![CDATA[spine2]]></Name>
                    <Exclude>0</Exclude>
                    <Additive>0</Additive>
                    <IKPriority>0</IKPriority>
                    <IKRotLimits>-1e+010 -1e+010 -1e+010 1e+010 1e+010 1e+010</IKRotLimits>
                    <IKRotLimitOrder>0</IKRotLimitOrder>
                    <KeyFrames count="30">
                        <i>-0.778792 0.287993 0.557264 -0.570175 0.0453459 -0.820271 -0.261502 -0.956558 0.128891 1.75835 2.12834 0.0379733</i>
                        <i>-0.7844 0.266816 0.559934 -0.570384 0.0443613 -0.820179 -0.243676 -0.962726 0.117391 1.75504 2.13638 0.040092</i>
                        <i>-0.790207 0.243014 0.562598 -0.570578 0.0432623 -0.820103 -0.223636 -0.969058 0.104472 1.75144 2.14001 0.0424049</i>
                        <i>-0.794442 0.224225 0.564433 -0.570685 0.0423717 -0.820075 -0.207797 -0.973616 0.0943 1.74848 2.13453 0.0443123</i>
                        <i>-0.795734 0.218426 0.564888 -0.570662 0.0420074 -0.82011 -0.202863 -0.974949 0.0912206 1.74705 2.11694 0.0452691</i>
                        <i>-0.793711 0.22826 0.563844 -0.570508 0.0422685 -0.820203 -0.211053 -0.972682 0.0966755 1.74743 2.09321 0.0450963</i>
                        <i>-0.789428 0.247469 0.561749 -0.570282 0.0429183 -0.820327 -0.227114 -0.967945 0.107246 1.74903 2.07133 0.0441503</i>
                        <i>-0.783768 0.270635 0.558984 -0.570034 0.0437741 -0.820454 -0.246513 -0.961686 0.119962 1.75139 2.05944 0.0426969</i>
                        <i>-0.778025 0.292094 0.5562 -0.56983 0.0446635 -0.820548 -0.264519 -0.955346 0.131694 1.75409 2.05928 0.040996</i>
                        <i>-0.773757 0.306877 0.55419 -0.569724 0.045393 -0.820581 -0.276974 -0.950666 0.139712 1.75652 2.06543 0.0394288</i>
                        <i>-0.772517 0.310807 0.55373 -0.569751 0.0457428 -0.820543 -0.28036 -0.949372 0.141746 1.75793 2.07539 0.0384774</i>
                        <i>-0.773947 0.305644 0.554606 -0.569878 0.0457217 -0.820456 -0.276125 -0.951048 0.138793 1.75828 2.08741 0.0381822</i>
                        <i>-0.776263 0.297346 0.555879 -0.570022 0.0455301 -0.820367 -0.269242 -0.953683 0.134151 1.75812 2.10025 0.038218</i>
                        <i>-0.778811 0.288052 0.557207 -0.570153 0.045238 -0.820292 -0.261493 -0.956546 0.129002 1.75757 2.11231 0.0385155</i>
                        <i>-0.781041 0.279737 0.558321 -0.570253 0.0449231 -0.82024 -0.254533 -0.959025 0.124434 1.75677 2.12223 0.0389988</i>
                        <i>-0.782516 0.274158 0.559023 -0.570307 0.0446652 -0.820216 -0.249838 -0.960647 0.121403 1.75592 2.12867 0.039546</i>
                        <i>-0.782878 0.272859 0.559151 -0.570302 0.0445429 -0.820227 -0.248713 -0.961022 0.120741 1.7553 2.13015 0.0399659</i>
                        <i>-0.780558 0.281839 0.557938 -0.57017 0.0448044 -0.820304 -0.256192 -0.958415 0.125724 1.75572 2.12768 0.0397604</i>
                        <i>-0.774932 0.302364 0.555028 -0.569886 0.0454965 -0.820463 -0.273331 -0.952106 0.137057 1.75739 2.12259 0.0387765</i>
                        <i>-0.767063 0.328854 0.55088 -0.569498 0.0463946 -0.820682 -0.295442 -0.943241 0.151694 1.75977 2.11527 0.0373485</i>
                        <i>-0.758445 0.355496 0.546245 -0.569078 0.0472868 -0.820923 -0.317665 -0.933481 0.166441 1.7623 2.10619 0.035823</i>
                        <i>-0.751197 0.376335 0.542287 -0.568731 0.0479792 -0.821123 -0.335036 -0.925241 0.177991 1.76436 2.09591 0.0345691</i>
                        <i>-0.747894 0.385405 0.540479 -0.568578 0.048291 -0.821211 -0.342599 -0.921483 0.183016 1.76533 2.08507 0.0339733</i>
                        <i>-0.748877 0.382603 0.541109 -0.568657 0.0483005 -0.821155 -0.340312 -0.922649 0.181399 1.76547 2.07589 0.033849</i>
                        <i>-0.752199 0.37315 0.543098 -0.568877 0.0481839 -0.82101 -0.332528 -0.926519 0.176033 1.7654 2.07147 0.0338178</i>
                        <i>-0.756997 0.359149 0.545864 -0.569163 0.0479078 -0.820828 -0.320951 -0.93205 0.168148 1.76499 2.07379 0.0339818</i>
                        <i>-0.762516 0.342428 0.548918 -0.569455 0.0474594 -0.820651 -0.307065 -0.938345 0.158809 1.76414 2.08344 0.0344278</i>
                        <i>-0.76821 0.324367 0.551942 -0.569726 0.0468562 -0.820498 -0.292004 -0.94477 0.148805 1.76277 2.09772 0.0352176</i>
                        <i>-0.773717 0.305947 0.554759 -0.569966 0.0461379 -0.820372 -0.276586 -0.95093 0.138682 1.76085 2.11366 0.0363892</i>
                        <i>-0.778792 0.287993 0.557264 -0.570175 0.0453459 -0.820271 -0.261502 -0.956558 0.128891 1.75835 2.12834 0.0379733</i>
                    </KeyFrames>
                </p>
            </i>
            <i>
                <p>
                    <Name><![CDATA[head]]></Name>
                    <Exclude>0</Exclude>
                    <Additive>0</Additive>
                    <IKPriority>0</IKPriority>
                    <IKRotLimits>-1e+010 -1e+010 -1e+010 1e+010 1e+010 1e+010</IKRotLimits>
                    <IKRotLimitOrder>0</IKRotLimitOrder>
                    <KeyFrames count="30">
                        <i>-0.744949 0.435895 0.505022 0.294076 0.894061 -0.337896 -0.598808 -0.103201 -0.794216 1.55135 2.22068 0.181706</i>
                        <i>-0.76299 0.379361 0.523385 0.248262 0.919557 -0.304599 -0.596835 -0.102469 -0.795794 1.54656 2.22241 0.184516</i>
                        <i>-0.783265 0.288802 0.550536 0.176215 0.952367 -0.24889 -0.596192 -0.0979346 -0.796846 1.54149 2.21896 0.18747</i>
                        <i>-0.791284 0.228231 0.567256 0.1304 0.969372 -0.20812 -0.597382 -0.0907113 -0.79681 1.53764 2.20782 0.189697</i>
                        <i>-0.787396 0.233575 0.570482 0.139122 0.968892 -0.204678 -0.600543 -0.0817961 -0.795398 1.53626 2.1882 0.190492</i>
                        <i>-0.775594 0.279076 0.566189 0.180307 0.957536 -0.224978 -0.604932 -0.0724034 -0.792979 1.53767 2.16679 0.189678</i>
                        <i>-0.759664 0.333897 0.558054 0.228001 0.940406 -0.252295 -0.609037 -0.0644228 -0.790521 1.54089 2.14986 0.187817</i>
                        <i>-0.747528 0.369747 0.551806 0.258608 0.927203 -0.270954 -0.611821 -0.0598441 -0.788729 1.54515 2.14414 0.18534</i>
                        <i>-0.744612 0.374132 0.552792 0.262761 0.925582 -0.272498 -0.613604 -0.057653 -0.787506 1.54955 2.14995 0.182763</i>
                        <i>-0.748265 0.356009 0.559783 0.248815 0.932818 -0.260657 -0.614972 -0.0557583 -0.786575 1.55304 2.16053 0.180707</i>
                        <i>-0.756582 0.320263 0.570101 0.220598 0.945748 -0.238532 -0.615565 -0.0547056 -0.786185 1.55446 2.17213 0.179868</i>
                        <i>-0.765617 0.278168 0.580046 0.187132 0.958988 -0.212894 -0.615478 -0.05445 -0.786271 1.55394 2.18334 0.180178</i>
                        <i>-0.7716 0.246597 0.586365 0.162017 0.967586 -0.193721 -0.615129 -0.0544738 -0.786542 1.55263 2.19439 0.180948</i>
                        <i>-0.774263 0.232382 0.588656 0.150712 0.97109 -0.185122 -0.614657 -0.0546153 -0.786902 1.55096 2.20422 0.181933</i>
                        <i>-0.774514 0.233057 0.588058 0.151299 0.970923 -0.18552 -0.614196 -0.0547156 -0.787254 1.54931 2.21195 0.182902</i>
                        <i>-0.772323 0.247916 0.584854 0.16329 0.967241 -0.194376 -0.613884 -0.0546201 -0.787505 1.54806 2.21674 0.183636</i>
                        <i>-0.767176 0.276102 0.578973 0.186079 0.9596 -0.211049 -0.613853 -0.054177 -0.787559 1.54757 2.2176 0.183927</i>
                        <i>-0.756744 0.321299 0.569302 0.222833 0.945504 -0.237417 -0.61456 -0.0528045 -0.787101 1.54907 2.21724 0.183044</i>
                        <i>-0.739305 0.381392 0.554949 0.271858 0.92304 -0.272195 -0.616054 -0.0503679 -0.786092 1.55294 2.21732 0.180767</i>
                        <i>-0.717434 0.442438 0.538087 0.321745 0.895546 -0.307371 -0.617874 -0.0473915 -0.784847 1.5582 2.2167 0.177654</i>
                        <i>-0.696198 0.492187 0.522552 0.36248 0.869354 -0.335903 -0.61961 -0.0444407 -0.783651 1.56374 2.21431 0.174358</i>
                        <i>-0.680684 0.524212 0.511733 0.388766 0.850545 -0.354168 -0.620911 -0.0421321 -0.782748 1.56825 2.20924 0.171658</i>
                        <i>-0.676192 0.532471 0.509156 0.395648 0.845449 -0.358718 -0.621472 -0.0411157 -0.782357 1.5703 2.20069 0.170425</i>
                        <i>-0.688779 0.507745 0.517473 0.374526 0.860368 -0.345684 -0.620737 -0.0442926 -0.782767 1.57001 2.19109 0.170604</i>
                        <i>-0.712574 0.458083 0.531411 0.331073 0.887341 -0.32096 -0.61857 -0.0527721 -0.783956 1.56856 2.18487 0.171474</i>
                        <i>-0.735958 0.40423 0.543106 0.282575 0.912381 -0.296163 -0.615238 -0.0644952 -0.785699 1.56616 2.18429 0.172909</i>
                        <i>-0.751547 0.369257 0.546649 0.24859 0.926098 -0.283804 -0.611048 -0.0774008 -0.787801 1.56303 2.19018 0.174779</i>
                        <i>-0.753025 0.383649 0.534571 0.25529 0.919136 -0.300027 -0.606449 -0.0894571 -0.790074 1.55938 2.20006 0.176952</i>
                        <i>-0.745723 0.424078 0.513862 0.285288 0.900232 -0.328927 -0.602086 -0.0986895 -0.792308 1.55542 2.21114 0.1793</i>
                        <i>-0.744949 0.435895 0.505022 0.294076 0.894061 -0.337896 -0.598808 -0.103201 -0.794216 1.55135 2.22068 0.181706</i>
                    </KeyFrames>
                </p>
            </i>
            <i>
                <p>
                    <Name><![CDATA[head_prop]]></Name>
                    <Exclude>0</Exclude>
                    <Additive>0</Additive>
                    <IKPriority>0</IKPriority>
                    <IKRotLimits>-1e+010 -1e+010 -1e+010 1e+010 1e+010 1e+010</IKRotLimits>
                    <IKRotLimitOrder>0</IKRotLimitOrder>
                    <KeyFrames count="30">
                        <i>0.598808 0.103201 0.794216 -0.744949 0.435895 0.505022 -0.294076 -0.894061 0.337896 1.30856 2.36274 0.346297</i>
                        <i>0.596835 0.102469 0.795794 -0.76299 0.379361 0.523385 -0.248262 -0.919557 0.304599 1.29789 2.34605 0.355092</i>
                        <i>0.596192 0.0979346 0.796846 -0.783265 0.288802 0.550536 -0.176215 -0.952367 0.24889 1.28622 2.31308 0.366894</i>
                        <i>0.597382 0.0907113 0.79681 -0.791284 0.228231 0.567256 -0.1304 -0.969372 0.20812 1.27975 2.2822 0.374571</i>
                        <i>0.600543 0.0817961 0.795398 -0.787396 0.233575 0.570482 -0.139122 -0.968892 0.204678 1.27964 2.26432 0.376417</i>
                        <i>0.604932 0.0724034 0.792979 -0.775594 0.279076 0.566189 -0.180307 -0.957536 0.224978 1.2849 2.25774 0.374204</i>
                        <i>0.609037 0.0644228 0.790521 -0.759664 0.333897 0.558054 -0.228001 -0.940406 0.252295 1.29331 2.25868 0.369691</i>
                        <i>0.611821 0.0598441 0.788729 -0.747528 0.369747 0.551806 -0.258608 -0.927203 0.270954 1.30152 2.26465 0.365179</i>
                        <i>0.613604 0.057653 0.787506 -0.744612 0.374132 0.552792 -0.262761 -0.925582 0.272498 1.30687 2.27188 0.362923</i>
                        <i>0.614972 0.0557583 0.786575 -0.748265 0.356009 0.559783 -0.248815 -0.932818 0.260657 1.30917 2.27656 0.363146</i>
                        <i>0.615565 0.0547056 0.786185 -0.756582 0.320263 0.570101 -0.220598 -0.945748 0.238532 1.30789 2.2765 0.365669</i>
                        <i>0.615478 0.05445 0.786271 -0.765617 0.278168 0.580046 -0.187132 -0.958988 0.212894 1.30442 2.274 0.369221</i>
                        <i>0.615129 0.0544738 0.786542 -0.7716 0.246597 0.586365 -0.162017 -0.967586 0.193721 1.30116 2.27476 0.372049</i>
                        <i>0.614657 0.0546153 0.786902 -0.774263 0.232382 0.588656 -0.150712 -0.97109 0.185122 1.29862 2.27996 0.373781</i>
                        <i>0.614196 0.0547156 0.787254 -0.774514 0.233057 0.588058 -0.151299 -0.970923 0.18552 1.29689 2.28791 0.374556</i>
                        <i>0.613884 0.0546201 0.787505 -0.772323 0.247916 0.584854 -0.16329 -0.967241 0.194376 1.29636 2.29754 0.374245</i>
                        <i>0.613853 0.054177 0.787559 -0.767176 0.276102 0.578973 -0.186079 -0.9596 0.211049 1.29754 2.30759 0.372619</i>
                        <i>0.61456 0.0528045 0.787101 -0.756744 0.321299 0.569302 -0.222833 -0.945504 0.237417 1.30244 2.32195 0.368585</i>
                        <i>0.616054 0.0503679 0.786092 -0.739305 0.381392 0.554949 -0.271858 -0.92304 0.272195 1.31199 2.34162 0.361629</i>
                        <i>0.617874 0.0473915 0.784847 -0.717434 0.442438 0.538087 -0.321745 -0.895546 0.307371 1.32438 2.36089 0.353021</i>
                        <i>0.61961 0.0444407 0.783651 -0.696198 0.492187 0.522552 -0.36248 -0.869354 0.335903 1.33684 2.37471 0.344662</i>
                        <i>0.620911 0.0421321 0.782748 -0.680684 0.524212 0.511733 -0.388766 -0.850545 0.354168 1.34641 2.38008 0.338436</i>
                        <i>0.621472 0.0411157 0.782357 -0.676192 0.532471 0.509156 -0.395648 -0.845449 0.358718 1.34993 2.37423 0.336364</i>
                        <i>0.620737 0.0442926 0.782767 -0.688779 0.507745 0.517473 -0.374526 -0.860368 0.345684 1.34553 2.35657 0.339253</i>
                        <i>0.61857 0.0527721 0.783956 -0.712574 0.458083 0.531411 -0.331073 -0.887341 0.32096 1.33632 2.33417 0.344665</i>
                        <i>0.615238 0.0644952 0.785699 -0.735958 0.40423 0.543106 -0.282575 -0.912381 0.296163 1.32631 2.31603 0.349912</i>
                        <i>0.611048 0.0774008 0.787801 -0.751547 0.369257 0.546649 -0.24859 -0.926098 0.283804 1.31809 2.31053 0.352937</i>
                        <i>0.606449 0.0894571 0.790074 -0.753025 0.383649 0.534571 -0.25529 -0.919136 0.300027 1.31396 2.32509 0.351173</i>
                        <i>0.602086 0.0986895 0.792308 -0.745723 0.424078 0.513862 -0.285288 -0.900232 0.328927 1.31239 2.34935 0.346772</i>
                        <i>0.598808 0.103201 0.794216 -0.744949 0.435895 0.505022 -0.294076 -0.894061 0.337896 1.30856 2.36274 0.346297</i>
                    </KeyFrames>
                </p>
            </i>
            <i>
                <p>
                    <Name><![CDATA[l_clav]]></Name>
                    <Exclude>0</Exclude>
                    <Additive>0</Additive>
                    <IKPriority>0</IKPriority>
                    <IKRotLimits>-1e+010 -1e+010 -1e+010 1e+010 1e+010 1e+010</IKRotLimits>
                    <IKRotLimitOrder>0</IKRotLimitOrder>
                    <KeyFrames count="30">
                        <i>0.339153 0.031704 0.940197 -0.82245 0.495163 0.279981 -0.456674 -0.868221 0.194011 1.74002 2.11267 0.158184</i>
                        <i>0.337835 0.0255306 0.940859 -0.833568 0.472319 0.286494 -0.437071 -0.881058 0.180848 1.73763 2.11905 0.159578</i>
                        <i>0.336534 0.0186232 0.941487 -0.845325 0.446523 0.293329 -0.414933 -0.894578 0.166013 1.73511 2.12084 0.161039</i>
                        <i>0.33562 0.0130769 0.941907 -0.854253 0.425633 0.298477 -0.397004 -0.904801 0.154022 1.7332 2.11395 0.162138</i>
                        <i>0.335309 0.0110179 0.942044 -0.857452 0.417839 0.300313 -0.390313 -0.908454 0.149552 1.73252 2.09592 0.162529</i>
                        <i>0.335627 0.0131263 0.941903 -0.854175 0.42582 0.298433 -0.397164 -0.904713 0.154129 1.73322 2.07288 0.162128</i>
                        <i>0.336388 0.0177796 0.941556 -0.846713 0.443356 0.294131 -0.412215 -0.896169 0.164194 1.73481 2.05238 0.16121</i>
                        <i>0.337463 0.02365 0.941042 -0.83684 0.46532 0.288402 -0.431065 -0.884826 0.17682 1.73693 2.0422 0.159986</i>
                        <i>0.338649 0.0294238 0.940453 -0.826624 0.486749 0.282432 -0.449454 -0.873046 0.18916 1.73912 2.04366 0.158708</i>
                        <i>0.339637 0.0338146 0.939949 -0.818514 0.502927 0.277666 -0.463336 -0.863667 0.19849 1.74086 2.05095 0.157687</i>
                        <i>0.340051 0.0355584 0.939735 -0.815211 0.509324 0.275719 -0.468825 -0.85984 0.202183 1.74157 2.06125 0.15727</i>
                        <i>0.339897 0.0349166 0.939814 -0.816432 0.506972 0.276439 -0.466807 -0.861255 0.200825 1.74131 2.07294 0.157424</i>
                        <i>0.33952 0.0333101 0.940009 -0.819461 0.501074 0.278224 -0.461746 -0.864763 0.197421 1.74066 2.08519 0.157807</i>
                        <i>0.339044 0.0312173 0.940253 -0.823347 0.49337 0.280509 -0.455135 -0.869259 0.192977 1.73982 2.09658 0.158296</i>
                        <i>0.338583 0.0291198 0.940486 -0.827175 0.485625 0.282754 -0.44849 -0.873682 0.188512 1.739 2.10589 0.158777</i>
                        <i>0.338241 0.0275031 0.940658 -0.830079 0.47964 0.284455 -0.443354 -0.877034 0.185063 1.73838 2.11189 0.159141</i>
                        <i>0.338106 0.0268557 0.940725 -0.831231 0.477239 0.285128 -0.441294 -0.878363 0.183681 1.73813 2.11324 0.159285</i>
                        <i>0.338517 0.0288091 0.940519 -0.827736 0.484476 0.283083 -0.447504 -0.87433 0.18785 1.73888 2.11141 0.158848</i>
                        <i>0.339608 0.0336905 0.939963 -0.818748 0.502471 0.277803 -0.462945 -0.863937 0.198227 1.74081 2.10783 0.157717</i>
                        <i>0.341166 0.0400291 0.939151 -0.806523 0.525648 0.270581 -0.482832 -0.84976 0.211618 1.74344 2.10251 0.156168</i>
                        <i>0.342887 0.0463774 0.938231 -0.79364 0.54864 0.262925 -0.502558 -0.834771 0.224929 1.74621 2.09546 0.154525</i>
                        <i>0.344346 0.0513312 0.937438 -0.783131 0.566425 0.256649 -0.517814 -0.822513 0.235245 1.74847 2.08679 0.153177</i>
                        <i>0.345025 0.053525 0.937066 -0.778347 0.574256 0.253784 -0.524532 -0.816924 0.239793 1.7495 2.07666 0.152561</i>
                        <i>0.344926 0.0532091 0.937121 -0.779041 0.57313 0.2542 -0.523566 -0.817735 0.239139 1.74935 2.06729 0.15265</i>
                        <i>0.344447 0.0516612 0.937383 -0.782417 0.567604 0.256221 -0.518826 -0.821679 0.23593 1.74862 2.06219 0.153085</i>
                        <i>0.343665 0.0490608 0.93781 -0.787998 0.558291 0.259559 -0.510837 -0.828193 0.230525 1.74742 2.06349 0.153802</i>
                        <i>0.342663 0.0455849 0.938352 -0.795284 0.545782 0.263904 -0.500106 -0.836686 0.223272 1.74586 2.07192 0.154735</i>
                        <i>0.341527 0.0414118 0.938959 -0.803772 0.530675 0.26895 -0.487145 -0.846563 0.214525 1.74403 2.08485 0.155818</i>
                        <i>0.340333 0.0367229 0.939587 -0.812978 0.513586 0.274401 -0.472482 -0.857252 0.204645 1.74205 2.0994 0.156988</i>
                        <i>0.339153 0.031704 0.940197 -0.82245 0.495163 0.279981 -0.456674 -0.868221 0.194011 1.74002 2.11267 0.158184</i>
                    </KeyFrames>
                </p>
            </i>
            <i>
                <p>
                    <Name><![CDATA[l_shoulder]]></Name>
                    <Exclude>0</Exclude>
                    <Additive>0</Additive>
                    <IKPriority>0</IKPriority>
                    <IKRotLimits>-1e+010 -1e+010 -1e+010 1e+010 1e+010 1e+010</IKRotLimits>
                    <IKRotLimitOrder>0</IKRotLimitOrder>
                    <KeyFrames count="30">
                        <i>0.0784225 -0.908265 0.41098 -0.403569 0.348037 0.846169 -0.911582 -0.232217 -0.339253 1.80703 2.11894 0.343946</i>
                        <i>0.0748441 -0.910683 0.406269 -0.411441 0.342915 0.844468 -0.908358 -0.230359 -0.349027 1.80438 2.12409 0.345471</i>
                        <i>0.0799768 -0.90926 0.408473 -0.420292 0.340818 0.84095 -0.903857 -0.238935 -0.354897 1.8016 2.12452 0.347056</i>
                        <i>0.0983801 -0.901275 0.421931 -0.427529 0.344588 0.83575 -0.898633 -0.262609 -0.35142 1.79951 2.11654 0.348238</i>
                        <i>0.129148 -0.885069 0.447185 -0.430238 0.356292 0.829428 -0.893429 -0.299515 -0.334776 1.79877 2.0981 0.348656</i>
                        <i>0.158586 -0.866119 0.474014 -0.427157 0.372649 0.823814 -0.890162 -0.333123 -0.310872 1.79953 2.07548 0.348228</i>
                        <i>0.178336 -0.850702 0.494472 -0.420319 0.38851 0.819995 -0.889679 -0.354071 -0.288281 1.80128 2.0559 0.347241</i>
                        <i>0.18373 -0.845338 0.501644 -0.411874 0.397168 0.820132 -0.892526 -0.357297 -0.275201 1.8036 2.04688 0.345915</i>
                        <i>0.17671 -0.850218 0.495885 -0.404067 0.396737 0.824214 -0.897498 -0.346018 -0.273438 1.80603 2.04947 0.344521</i>
                        <i>0.164227 -0.859111 0.484724 -0.39856 0.391708 0.829286 -0.902319 -0.329383 -0.278079 1.80797 2.05763 0.343401</i>
                        <i>0.15024 -0.868767 0.471881 -0.39679 0.384184 0.833643 -0.905531 -0.312484 -0.286998 1.80876 2.06828 0.342941</i>
                        <i>0.136127 -0.878105 0.458694 -0.398158 0.375473 0.836953 -0.90716 -0.296565 -0.298513 1.80847 2.07984 0.343111</i>
                        <i>0.121015 -0.887302 0.445028 -0.4007 0.366508 0.839709 -0.908182 -0.279941 -0.311189 1.80774 2.09177 0.343532</i>
                        <i>0.106304 -0.895479 0.432224 -0.403735 0.35837 0.841766 -0.908679 -0.263987 -0.32344 1.80681 2.10275 0.34407</i>
                        <i>0.0936884 -0.901926 0.421606 -0.40664 0.351871 0.843108 -0.908772 -0.250431 -0.333793 1.8059 2.11164 0.344597</i>
                        <i>0.0853406 -0.905942 0.414711 -0.408817 0.347739 0.843769 -0.908617 -0.241549 -0.340689 1.80521 2.11732 0.344995</i>
                        <i>0.0837584 -0.906727 0.413317 -0.409663 0.346771 0.843757 -0.908384 -0.239992 -0.342407 1.80493 2.11855 0.345152</i>
                        <i>0.0845227 -0.906109 0.414515 -0.40716 0.348281 0.844347 -0.909437 -0.24014 -0.339494 1.80577 2.1171 0.344674</i>
                        <i>0.084333 -0.905363 0.416181 -0.400965 0.351527 0.845964 -0.912203 -0.238217 -0.333374 1.80791 2.11449 0.343433</i>
                        <i>0.0846486 -0.903883 0.419321 -0.392967 0.356438 0.847661 -0.915648 -0.236533 -0.325024 1.81085 2.11042 0.341724</i>
                        <i>0.0870707 -0.901133 0.424709 -0.384924 0.362785 0.848658 -0.918832 -0.237374 -0.31528 1.81396 2.10462 0.339899</i>
                        <i>0.0933273 -0.896652 0.432788 -0.378451 0.37011 0.848406 -0.920904 -0.242968 -0.304798 1.81651 2.09693 0.338394</i>
                        <i>0.105163 -0.88993 0.443807 -0.37513 0.377811 0.846485 -0.920988 -0.255504 -0.294108 1.81767 2.08723 0.337705</i>
                        <i>0.118776 -0.882586 0.454901 -0.374842 0.384386 0.843647 -0.919448 -0.270721 -0.285175 1.8175 2.0778 0.337805</i>
                        <i>0.127806 -0.877862 0.461545 -0.37638 0.387621 0.84148 -0.917608 -0.281263 -0.280869 1.81668 2.07239 0.338292</i>
                        <i>0.129887 -0.877611 0.461441 -0.379714 0.385878 0.840783 -0.91594 -0.284422 -0.283121 1.81532 2.07318 0.339093</i>
                        <i>0.123595 -0.882594 0.453598 -0.384596 0.378772 0.841794 -0.914773 -0.278494 -0.292628 1.81356 2.08092 0.340133</i>
                        <i>0.110916 -0.890841 0.440567 -0.390489 0.368586 0.843601 -0.913902 -0.265605 -0.306981 1.81151 2.09303 0.341337</i>
                        <i>0.0945273 -0.900124 0.425255 -0.396923 0.357669 0.845296 -0.912971 -0.248697 -0.323471 1.80929 2.10666 0.34263</i>
                        <i>0.0784225 -0.908265 0.41098 -0.403569 0.348037 0.846169 -0.911582 -0.232217 -0.339253 1.80703 2.11894 0.343946</i>
                    </KeyFrames>
                </p>
            </i>
            <i>
                <p>
                    <Name><![CDATA[l_elbow]]></Name>
                    <Exclude>0</Exclude>
                    <Additive>0</Additive>
                    <IKPriority>0</IKPriority>
                    <IKRotLimits>-1e+010 -1e+010 -1e+010 1e+010 1e+010 1e+010</IKRotLimits>
                    <IKRotLimitOrder>0</IKRotLimitOrder>
                    <KeyFrames count="30">
                        <i>-0.755783 -0.647665 -0.0965488 -0.405815 0.34755 0.845295 -0.513912 0.678041 -0.525504 1.83254 1.8235 0.477628</i>
                        <i>-0.74407 -0.661092 -0.0965258 -0.413679 0.342433 0.843569 -0.524623 0.667605 -0.528274 1.82873 1.82787 0.477621</i>
                        <i>-0.740664 -0.663839 -0.103604 -0.42252 0.340315 0.840037 -0.522392 0.66596 -0.532544 1.82762 1.82876 0.479923</i>
                        <i>-0.752636 -0.64728 -0.120695 -0.429744 0.344024 0.834845 -0.498857 0.680203 -0.53709 1.83151 1.82337 0.485482</i>
                        <i>-0.78111 -0.606785 -0.147235 -0.432444 0.355632 0.828564 -0.450399 0.710871 -0.540189 1.84077 1.8102 0.494115</i>
                        <i>-0.812897 -0.556198 -0.172746 -0.429356 0.371901 0.823008 -0.393511 0.743191 -0.541125 1.85111 1.79375 0.502414</i>
                        <i>-0.838021 -0.511425 -0.190171 -0.422518 0.387706 0.819245 -0.345252 0.766895 -0.540993 1.85929 1.77918 0.508081</i>
                        <i>-0.850572 -0.489056 -0.193267 -0.414081 0.396355 0.819414 -0.324137 0.776999 -0.539637 1.86337 1.77191 0.509089</i>
