<?xml version="1.0" encoding="ISO-8859-1" ?>
<Animl Version="1">
    <ModellingPackage><![CDATA[Maya.2010]]></ModellingPackage>
    <SrcFile><![CDATA[anims\turrets\antitank\blue\~src\at_m40recoilless\antitank_m40recoilless_reload_high_crewman_c.mb]]></SrcFile>
    <FramesPerSecond>30</FramesPerSecond>
    <TotalFrames>100</TotalFrames>
    <Skeleton>
        <RefFrame>
            <Name><![CDATA[soldier_ref_frame]]></Name>
            <Exclude>0</Exclude>
            <Additive>0</Additive>
            <IKPriority>0</IKPriority>
            <IKRotLimits>-1e+010 -1e+010 -1e+010 1e+010 1e+010 1e+010</IKRotLimits>
            <IKRotLimitOrder>0</IKRotLimitOrder>
            <KeyFrames count="100">
                <i>1 0 0 0 1 0 0 0 1 -0.85 0.9 2</i>
                <i>1 0 0 0 1 0 0 0 1 -0.85 0.9 2</i>
                <i>1 0 0 0 1 0 0 0 1 -0.85 0.9 2</i>
                <i>1 0 0 0 1 0 0 0 1 -0.85 0.9 2</i>
                <i>1 0 0 0 1 0 0 0 1 -0.85 0.9 2</i>
                <i>1 0 0 0 1 0 0 0 1 -0.85 0.9 2</i>
                <i>1 0 0 0 1 0 0 0 1 -0.85 0.9 2</i>
                <i>1 0 0 0 1 0 0 0 1 -0.85 0.9 2</i>
                <i>1 0 0 0 1 0 0 0 1 -0.85 0.9 2</i>
                <i>1 0 0 0 1 0 0 0 1 -0.85 0.9 2</i>
                <i>1 0 0 0 1 0 0 0 1 -0.85 0.9 2</i>
                <i>1 0 0 0 1 0 0 0 1 -0.85 0.9 2</i>
                <i>1 0 0 0 1 0 0 0 1 -0.85 0.9 2</i>
                <i>1 0 0 0 1 0 0 0 1 -0.85 0.9 2</i>
                <i>1 0 0 0 1 0 0 0 1 -0.85 0.9 2</i>
                <i>1 0 0 0 1 0 0 0 1 -0.85 0.9 2</i>
                <i>1 0 0 0 1 0 0 0 1 -0.85 0.9 2</i>
                <i>1 0 0 0 1 0 0 0 1 -0.85 0.9 2</i>
                <i>1 0 0 0 1 0 0 0 1 -0.85 0.9 2</i>
                <i>1 0 0 0 1 0 0 0 1 -0.85 0.9 2</i>
                <i>1 0 0 0 1 0 0 0 1 -0.85 0.9 2</i>
                <i>1 0 0 0 1 0 0 0 1 -0.85 0.9 2</i>
                <i>1 0 0 0 1 0 0 0 1 -0.85 0.9 2</i>
                <i>1 0 0 0 1 0 0 0 1 -0.85 0.9 2</i>
                <i>1 0 0 0 1 0 0 0 1 -0.85 0.9 2</i>
                <i>1 0 0 0 1 0 0 0 1 -0.85 0.9 2</i>
                <i>1 0 0 0 1 0 0 0 1 -0.85 0.9 2</i>
                <i>1 0 0 0 1 0 0 0 1 -0.85 0.9 2</i>
                <i>1 0 0 0 1 0 0 0 1 -0.85 0.9 2</i>
                <i>1 0 0 0 1 0 0 0 1 -0.85 0.9 2</i>
                <i>1 0 0 0 1 0 0 0 1 -0.85 0.9 2</i>
                <i>1 0 0 0 1 0 0 0 1 -0.85 0.9 2</i>
                <i>1 0 0 0 1 0 0 0 1 -0.85 0.9 2</i>
                <i>1 0 0 0 1 0 0 0 1 -0.85 0.9 2</i>
                <i>1 0 0 0 1 0 0 0 1 -0.85 0.9 2</i>
                <i>1 0 0 0 1 0 0 0 1 -0.85 0.9 2</i>
                <i>1 0 0 0 1 0 0 0 1 -0.85 0.9 2</i>
                <i>1 0 0 0 1 0 0 0 1 -0.85 0.9 2</i>
                <i>1 0 0 0 1 0 0 0 1 -0.85 0.9 2</i>
                <i>1 0 0 0 1 0 0 0 1 -0.85 0.9 2</i>
                <i>1 0 0 0 1 0 0 0 1 -0.85 0.9 2</i>
                <i>1 0 0 0 1 0 0 0 1 -0.85 0.9 2</i>
                <i>1 0 0 0 1 0 0 0 1 -0.85 0.9 2</i>
                <i>1 0 0 0 1 0 0 0 1 -0.85 0.9 2</i>
                <i>1 0 0 0 1 0 0 0 1 -0.85 0.9 2</i>
                <i>1 0 0 0 1 0 0 0 1 -0.85 0.9 2</i>
                <i>1 0 0 0 1 0 0 0 1 -0.85 0.9 2</i>
                <i>1 0 0 0 1 0 0 0 1 -0.85 0.9 2</i>
                <i>1 0 0 0 1 0 0 0 1 -0.85 0.9 2</i>
                <i>1 0 0 0 1 0 0 0 1 -0.85 0.9 2</i>
                <i>1 0 0 0 1 0 0 0 1 -0.85 0.9 2</i>
                <i>1 0 0 0 1 0 0 0 1 -0.85 0.9 2</i>
                <i>1 0 0 0 1 0 0 0 1 -0.85 0.9 2</i>
                <i>1 0 0 0 1 0 0 0 1 -0.85 0.9 2</i>
                <i>1 0 0 0 1 0 0 0 1 -0.85 0.9 2</i>
                <i>1 0 0 0 1 0 0 0 1 -0.85 0.9 2</i>
                <i>1 0 0 0 1 0 0 0 1 -0.85 0.9 2</i>
                <i>1 0 0 0 1 0 0 0 1 -0.85 0.9 2</i>
                <i>1 0 0 0 1 0 0 0 1 -0.85 0.9 2</i>
                <i>1 0 0 0 1 0 0 0 1 -0.85 0.9 2</i>
                <i>1 0 0 0 1 0 0 0 1 -0.85 0.9 2</i>
                <i>1 0 0 0 1 0 0 0 1 -0.85 0.9 2</i>
                <i>1 0 0 0 1 0 0 0 1 -0.85 0.9 2</i>
                <i>1 0 0 0 1 0 0 0 1 -0.85 0.9 2</i>
                <i>1 0 0 0 1 0 0 0 1 -0.85 0.9 2</i>
                <i>1 0 0 0 1 0 0 0 1 -0.85 0.9 2</i>
                <i>1 0 0 0 1 0 0 0 1 -0.85 0.9 2</i>
                <i>1 0 0 0 1 0 0 0 1 -0.85 0.9 2</i>
                <i>1 0 0 0 1 0 0 0 1 -0.85 0.9 2</i>
                <i>1 0 0 0 1 0 0 0 1 -0.85 0.9 2</i>
                <i>1 0 0 0 1 0 0 0 1 -0.85 0.9 2</i>
                <i>1 0 0 0 1 0 0 0 1 -0.85 0.9 2</i>
                <i>1 0 0 0 1 0 0 0 1 -0.85 0.9 2</i>
                <i>1 0 0 0 1 0 0 0 1 -0.85 0.9 2</i>
                <i>1 0 0 0 1 0 0 0 1 -0.85 0.9 2</i>
                <i>1 0 0 0 1 0 0 0 1 -0.85 0.9 2</i>
                <i>1 0 0 0 1 0 0 0 1 -0.85 0.9 2</i>
                <i>1 0 0 0 1 0 0 0 1 -0.85 0.9 2</i>
                <i>1 0 0 0 1 0 0 0 1 -0.85 0.9 2</i>
                <i>1 0 0 0 1 0 0 0 1 -0.85 0.9 2</i>
                <i>1 0 0 0 1 0 0 0 1 -0.85 0.9 2</i>
                <i>1 0 0 0 1 0 0 0 1 -0.85 0.9 2</i>
                <i>1 0 0 0 1 0 0 0 1 -0.85 0.9 2</i>
                <i>1 0 0 0 1 0 0 0 1 -0.85 0.9 2</i>
                <i>1 0 0 0 1 0 0 0 1 -0.85 0.9 2</i>
                <i>1 0 0 0 1 0 0 0 1 -0.85 0.9 2</i>
                <i>1 0 0 0 1 0 0 0 1 -0.85 0.9 2</i>
                <i>1 0 0 0 1 0 0 0 1 -0.85 0.9 2</i>
                <i>1 0 0 0 1 0 0 0 1 -0.85 0.9 2</i>
                <i>1 0 0 0 1 0 0 0 1 -0.85 0.9 2</i>
                <i>1 0 0 0 1 0 0 0 1 -0.85 0.9 2</i>
                <i>1 0 0 0 1 0 0 0 1 -0.85 0.9 2</i>
                <i>1 0 0 0 1 0 0 0 1 -0.85 0.9 2</i>
                <i>1 0 0 0 1 0 0 0 1 -0.85 0.9 2</i>
                <i>1 0 0 0 1 0 0 0 1 -0.85 0.9 2</i>
                <i>1 0 0 0 1 0 0 0 1 -0.85 0.9 2</i>
                <i>1 0 0 0 1 0 0 0 1 -0.85 0.9 2</i>
                <i>1 0 0 0 1 0 0 0 1 -0.85 0.9 2</i>
                <i>1 0 0 0 1 0 0 0 1 -0.85 0.9 2</i>
                <i>1 0 0 0 1 0 0 0 1 -0.85 0.9 2</i>
            </KeyFrames>
        </RefFrame>
        <Bones count="23">
            <i>
                <p>
                    <Name><![CDATA[pelvis]]></Name>
                    <Exclude>0</Exclude>
                    <Additive>0</Additive>
                    <IKPriority>0</IKPriority>
                    <IKRotLimits>-1e+010 -1e+010 -1e+010 1e+010 1e+010 1e+010</IKRotLimits>
                    <IKRotLimitOrder>2</IKRotLimitOrder>
                    <KeyFrames count="100">
                        <i>1 0 0 0 1 0 0 0 1 -0.884165 1.85991 1.76447</i>
                        <i>1 0 0 0 1 0 0 0 1 -0.887002 1.87591 1.77553</i>
                        <i>1 0 0 0 1 0 0 0 1 -0.892802 1.91252 1.79936</i>
                        <i>1 0 0 0 1 0 0 0 1 -0.897796 1.95431 1.82309</i>
                        <i>1 0 0 0 1 0 0 0 1 -0.898221 1.98584 1.83386</i>
                        <i>1 0 0 0 1 0 0 0 1 -0.892508 2.00686 1.82777</i>
                        <i>1 0 0 0 1 0 0 0 1 -0.883137 2.02602 1.8128</i>
                        <i>1 0 0 0 1 0 0 0 1 -0.872413 2.0412 1.79394</i>
                        <i>1 0 0 0 1 0 0 0 1 -0.86264 2.0503 1.77617</i>
                        <i>1 0 0 0 1 0 0 0 1 -0.856124 2.0512 1.76447</i>
                        <i>1 0 0 0 1 0 0 0 1 -0.853162 2.03811 1.75962</i>
                        <i>1 0 0 0 1 0 0 0 1 -0.852216 2.01244 1.75829</i>
                        <i>1 0 0 0 1 0 0 0 1 -0.852841 1.98288 1.75933</i>
                        <i>1 0 0 0 1 0 0 0 1 -0.854593 1.95811 1.76157</i>
                        <i>1 0 0 0 1 0 0 0 1 -0.857025 1.94682 1.76384</i>
                        <i>1 0 0 0 1 0 0 0 1 -0.859971 1.94882 1.76593</i>
                        <i>1 0 0 0 1 0 0 0 1 -0.863483 1.9569 1.76837</i>
                        <i>1 0 0 0 1 0 0 0 1 -0.867448 1.96921 1.77108</i>
                        <i>1 0 0 0 1 0 0 0 1 -0.87175 1.98391 1.77401</i>
                        <i>1 0 0 0 1 0 0 0 1 -0.876276 1.99915 1.77709</i>
                        <i>1 0 0 0 1 0 0 0 1 -0.880911 2.01309 1.78026</i>
                        <i>1 0 0 0 1 0 0 0 1 -0.885539 2.02388 1.78346</i>
                        <i>1 0 0 0 1 0 0 0 1 -0.890047 2.02968 1.78663</i>
                        <i>1 0 0 0 1 0 0 0 1 -0.89432 2.02909 1.78969</i>
                        <i>1 0 0 0 1 0 0 0 1 -0.898243 2.0233 1.7926</i>
                        <i>1 0 0 0 1 0 0 0 1 -0.901702 2.01433 1.79528</i>
                        <i>1 0 0 0 1 0 0 0 1 -0.904582 2.0042 1.79767</i>
                        <i>1 0 0 0 1 0 0 0 1 -0.906769 1.99494 1.79972</i>
                        <i>1 0 0 0 1 0 0 0 1 -0.908148 1.98856 1.80135</i>
                        <i>1 0 0 0 1 0 0 0 1 -0.908605 1.98709 1.80251</i>
                        <i>1 0 0 0 1 0 0 0 1 -0.905339 1.99298 1.80216</i>
                        <i>1 0 0 0 1 0 0 0 1 -0.897045 2.00518 1.79975</i>
                        <i>1 0 0 0 1 0 0 0 1 -0.885849 2.02038 1.79594</i>
                        <i>1 0 0 0 1 0 0 0 1 -0.873879 2.03531 1.79139</i>
                        <i>1 0 0 0 1 0 0 0 1 -0.863262 2.04668 1.78677</i>
                        <i>1 0 0 0 1 0 0 0 1 -0.856124 2.0512 1.78274</i>
                        <i>1 0 0 0 1 0 0 0 1 -0.853581 2.04589 1.77629</i>
                        <i>1 0 0 0 1 0 0 0 1 -0.853475 2.03257 1.77105</i>
                        <i>1 0 0 0 1 0 0 0 1 -0.85473 2.01548 1.76713</i>
                        <i>1 0 0 0 1 0 0 0 1 -0.856272 1.9989 1.76469</i>
                        <i>1 0 0 0 1 0 0 0 1 -0.857025 1.98709 1.76384</i>
                        <i>1 0 0 0 1 0 0 0 1 -0.857025 1.97923 1.76384</i>
                        <i>1 0 0 0 1 0 0 0 1 -0.857025 1.97182 1.76384</i>
                        <i>1 0 0 0 1 0 0 0 1 -0.857025 1.96504 1.76384</i>
                        <i>1 0 0 0 1 0 0 0 1 -0.857025 1.95907 1.76384</i>
                        <i>1 0 0 0 1 0 0 0 1 -0.857025 1.9541 1.76384</i>
                        <i>1 0 0 0 1 0 0 0 1 -0.857025 1.95032 1.76384</i>
                        <i>1 0 0 0 1 0 0 0 1 -0.857025 1.94791 1.76384</i>
                        <i>1 0 0 0 1 0 0 0 1 -0.857025 1.94707 1.76384</i>
                        <i>1 0 0 0 1 0 0 0 1 -0.857025 1.94968 1.76384</i>
                        <i>1 0 0 0 1 0 0 0 1 -0.857025 1.95631 1.76384</i>
                        <i>1 0 0 0 1 0 0 0 1 -0.857025 1.96517 1.76384</i>
                        <i>1 0 0 0 1 0 0 0 1 -0.857025 1.97447 1.76384</i>
                        <i>1 0 0 0 1 0 0 0 1 -0.857025 1.98242 1.76384</i>
                        <i>1 0 0 0 1 0 0 0 1 -0.857025 1.98722 1.76384</i>
                        <i>1 0 0 0 1 0 0 0 1 -0.857025 1.98709 1.76384</i>
                        <i>1 0 0 0 1 0 0 0 1 -0.857025 1.98412 1.76384</i>
                        <i>1 0 0 0 1 0 0 0 1 -0.857025 1.97671 1.76384</i>
                        <i>1 0 0 0 1 0 0 0 1 -0.857025 1.96708 1.76384</i>
                        <i>1 0 0 0 1 0 0 0 1 -0.857025 1.95744 1.76384</i>
                        <i>1 0 0 0 1 0 0 0 1 -0.857025 1.95003 1.76384</i>
                        <i>1 0 0 0 1 0 0 0 1 -0.857025 1.94707 1.76384</i>
                        <i>1 0 0 0 1 0 0 0 1 -0.857025 1.94968 1.76384</i>
                        <i>1 0 0 0 1 0 0 0 1 -0.857025 1.95631 1.76384</i>
                        <i>1 0 0 0 1 0 0 0 1 -0.857025 1.96517 1.76384</i>
                        <i>1 0 0 0 1 0 0 0 1 -0.857025 1.97447 1.76384</i>
                        <i>1 0 0 0 1 0 0 0 1 -0.857025 1.98242 1.76384</i>
                        <i>1 0 0 0 1 0 0 0 1 -0.857025 1.98722 1.76384</i>
                        <i>1 0 0 0 1 0 0 0 1 -0.857025 1.98709 1.76384</i>
                        <i>1 0 0 0 1 0 0 0 1 -0.857511 1.97402 1.76336</i>
                        <i>1 0 0 0 1 0 0 0 1 -0.858858 1.95591 1.76205</i>
                        <i>1 0 0 0 1 0 0 0 1 -0.860901 1.93396 1.76008</i>
                        <i>1 0 0 0 1 0 0 0 1 -0.863474 1.90937 1.75766</i>
                        <i>1 0 0 0 1 0 0 0 1 -0.866413 1.88335 1.75496</i>
                        <i>1 0 0 0 1 0 0 0 1 -0.869553 1.85709 1.75217</i>
                        <i>1 0 0 0 1 0 0 0 1 -0.872727 1.83181 1.74947</i>
                        <i>1 0 0 0 1 0 0 0 1 -0.87577 1.80871 1.74706</i>
                        <i>1 0 0 0 1 0 0 0 1 -0.878518 1.78899 1.74511</i>
                        <i>1 0 0 0 1 0 0 0 1 -0.880805 1.77385 1.74382</i>
                        <i>1 0 0 0 1 0 0 0 1 -0.882466 1.7645 1.74337</i>
                        <i>1 0 0 0 1 0 0 0 1 -0.88356 1.76226 1.74398</i>
                        <i>1 0 0 0 1 0 0 0 1 -0.884297 1.76667 1.7456</i>
                        <i>1 0 0 0 1 0 0 0 1 -0.884733 1.7762 1.74797</i>
                        <i>1 0 0 0 1 0 0 0 1 -0.884925 1.78936 1.75084</i>
                        <i>1 0 0 0 1 0 0 0 1 -0.884931 1.80463 1.75395</i>
                        <i>1 0 0 0 1 0 0 0 1 -0.884807 1.82051 1.75707</i>
                        <i>1 0 0 0 1 0 0 0 1 -0.884612 1.83549 1.75993</i>
                        <i>1 0 0 0 1 0 0 0 1 -0.884402 1.84805 1.76228</i>
                        <i>1 0 0 0 1 0 0 0 1 -0.884233 1.85669 1.76388</i>
                        <i>1 0 0 0 1 0 0 0 1 -0.884165 1.85991 1.76447</i>
                        <i>1 0 0 0 1 0 0 0 1 -0.884165 1.85991 1.76447</i>
                        <i>1 0 0 0 1 0 0 0 1 -0.884165 1.85991 1.76447</i>
                        <i>1 0 0 0 1 0 0 0 1 -0.884165 1.85991 1.76447</i>
                        <i>1 0 0 0 1 0 0 0 1 -0.884165 1.85991 1.76447</i>
                        <i>1 0 0 0 1 0 0 0 1 -0.884165 1.85991 1.76447</i>
                        <i>1 0 0 0 1 0 0 0 1 -0.884165 1.85991 1.76447</i>
                        <i>1 0 0 0 1 0 0 0 1 -0.884165 1.85991 1.76447</i>
                        <i>1 0 0 0 1 0 0 0 1 -0.884165 1.85991 1.76447</i>
                        <i>1 0 0 0 1 0 0 0 1 -0.884165 1.85991 1.76447</i>
                        <i>1 0 0 0 1 0 0 0 1 -0.884165 1.85991 1.76447</i>
                    </KeyFrames>
                </p>
            </i>
            <i>
                <p>
                    <Name><![CDATA[spine0]]></Name>
                    <Exclude>0</Exclude>
                    <Additive>0</Additive>
                    <IKPriority>0</IKPriority>
                    <IKRotLimits>-1e+010 -1e+010 -1e+010 1e+010 1e+010 1e+010</IKRotLimits>
                    <IKRotLimitOrder>0</IKRotLimitOrder>
                    <KeyFrames count="100">
                        <i>-0.181819 0.781009 0.597467 -0.968537 -0.0372349 -0.246067 -0.169934 -0.623409 0.763206 -0.886539 2.00234 1.74434</i>
                        <i>-0.201995 0.799681 0.565428 -0.959016 -0.044365 -0.279856 -0.19871 -0.598784 0.775868 -0.888559 2.01842 1.75594</i>
                        <i>-0.205269 0.838669 0.504479 -0.948794 -0.0440607 -0.312809 -0.240115 -0.542857 0.804768 -0.892912 2.05511 1.78028</i>
                        <i>-0.193929 0.880581 0.432399 -0.937866 -0.037133 -0.345006 -0.28775 -0.472439 0.833067 -0.896213 2.09701 1.80497</i>
                        <i>-0.17555 0.913724 0.366458 -0.925915 -0.0267799 -0.376781 -0.33446 -0.405453 0.850731 -0.895146 2.12874 1.81758</i>
                        <i>-0.149538 0.94164 0.301584 -0.91333 -0.0147047 -0.406955 -0.37877 -0.336301 0.862227 -0.88733 2.14978 1.81214</i>
                        <i>-0.111098 0.967355 0.227774 -0.900527 -0.00104533 -0.4348 -0.420368 -0.253422 0.871245 -0.874361 2.16851 1.79504</i>
                        <i>-0.0652359 0.986172 0.152348 -0.887355 0.0125055 -0.460918 -0.456449 -0.165255 0.874268 -0.859084 2.18281 1.77233</i>
                        <i>-0.0178366 0.996408 0.0827779 -0.873988 0.0246735 -0.485321 -0.48562 -0.0810033 0.870409 -0.844496 2.19059 1.74996</i>
                        <i>0.0235444 0.999348 0.0273635 -0.86088 0.0341825 -0.507658 -0.508263 -0.0116042 0.861124 -0.833709 2.18995 1.73376</i>
                        <i>0.0510531 0.998579 -0.0153121 -0.848537 0.0352865 -0.527958 -0.526667 0.0399468 0.849133 -0.825296 2.17416 1.72206</i>
                        <i>0.065288 0.996536 -0.0515054 -0.838722 0.0268377 -0.543898 -0.540632 0.0787087 0.837569 -0.816717 2.1435 1.71076</i>
                        <i>0.0704554 0.994416 -0.0785619 -0.833412 0.0154038 -0.552438 -0.548143 0.104397 0.829844 -0.809662 2.10741 1.70167</i>
                        <i>0.0701402 0.993067 -0.0943323 -0.83305 0.00629291 -0.553162 -0.548733 0.117382 0.827716 -0.805751 2.07651 1.69606</i>
                        <i>0.0689114 0.992611 -0.0998773 -0.836798 0.00300392 -0.547504 -0.543158 0.121306 0.830821 -0.806267 2.06229 1.69466</i>
                        <i>0.0680667 0.993156 -0.0949158 -0.844225 0.00663914 -0.535948 -0.53165 0.11661 0.838898 -0.811285 2.06548 1.69726</i>
                        <i>0.0649745 0.994716 -0.0794883 -0.855049 0.0144302 -0.518346 -0.51446 0.101646 0.851469 -0.819407 2.07708 1.70273</i>
                        <i>0.0596067 0.996624 -0.0564513 -0.868333 0.0238727 -0.495408 -0.492388 0.0785481 0.866824 -0.829483 2.09403 1.71047</i>
                        <i>0.051457 0.998276 -0.0282174 -0.882794 0.0322574 -0.468652 -0.466934 0.0490256 0.882932 -0.840365 2.11336 1.71967</i>
                        <i>0.0398434 0.999202 0.0028565 -0.896747 0.0370187 -0.440993 -0.440746 0.0150091 0.897506 -0.850961 2.13243 1.72923</i>
                        <i>0.0282435 0.999095 0.0318137 -0.908293 0.0389396 -0.416519 -0.417381 -0.0171322 0.90857 -0.860312 2.14898 1.73777</i>
                        <i>0.0222771 0.998444 0.051122 -0.91586 0.0408849 -0.39941 -0.400878 -0.0379229 0.915346 -0.867611 2.16098 1.74373</i>
                        <i>0.0228544 0.998117 0.0569153 -0.918261 0.043469 -0.393582 -0.395315 -0.043268 0.917526 -0.872379 2.16662 1.74623</i>
                        <i>0.0267307 0.998152 0.0545756 -0.913348 0.0465767 -0.404508 -0.406302 -0.0390337 0.912905 -0.874673 2.16482 1.74626</i>
                        <i>0.0314765 0.998314 0.0487696 -0.901062 0.0494586 -0.43086 -0.432546 -0.0303825 0.9011 -0.87487 2.15707 1.7451</i>
                        <i>0.0364709 0.998543 0.0397655 -0.883463 0.050815 -0.465736 -0.467079 -0.0181456 0.88403 -0.873413 2.14554 1.74351</i>
                        <i>0.0408343 0.998725 0.0296962 -0.863176 0.0502306 -0.502398 -0.503249 -0.00511796 0.864126 -0.870902 2.13256 1.74213</i>
                        <i>0.044427 0.998801 0.0205613 -0.843581 0.0485322 -0.534805 -0.535161 0.00641467 0.844725 -0.868103 2.12062 1.74136</i>
                        <i>0.0467073 0.998807 0.0142351 -0.828721 0.0467021 -0.55771 -0.557709 0.0142522 0.829914 -0.865889 2.11231 1.74139</i>
                        <i>0.0469275 0.998819 0.0126027 -0.822902 0.0458082 -0.566333 -0.566242 0.0162058 0.82408 -0.865153 2.11031 1.74231</i>
                        <i>0.0469332 0.998812 0.0131027 -0.82505 0.0461561 -0.563171 -0.563107 0.015621 0.826236 -0.863363 2.11764 1.74388</i>
                        <i>0.0481264 0.998762 0.0125742 -0.830222 0.0469981 -0.555448 -0.555352 0.0162923 0.831456 -0.858209 2.13267 1.74559</i>
                        <i>0.049499 0.998706 0.0116775 -0.836776 0.047851 -0.54545 -0.545303 0.0172278 0.838062 -0.85086 2.15107 1.74701</i>
                        <i>0.0511501 0.998643 0.00983135 -0.843142 0.0484573 -0.535503 -0.535252 0.0191018 0.844476 -0.842485 2.16871 1.74761</i>
                        <i>0.0538214 0.998533 0.00589367 -0.847904 0.0488183 -0.527897 -0.52741 0.0234149 0.849288 -0.834289 2.18176 1.74665</i>
                        <i>0.0580224 0.998315 -0.000631409 -0.849792 0.0490583 -0.524831 -0.523915 0.0309885 0.851206 -0.827525 2.18656 1.74329</i>
                        <i>0.0732997 0.997182 -0.0159611 -0.843044 0.0534032 -0.535186 -0.532826 0.0526849 0.844583 -0.823274 2.18053 1.73566</i>
                        <i>0.0797563 0.996629 -0.0192278 -0.827094 0.0553981 -0.559327 -0.556376 0.060513 0.828724 -0.820099 2.16607 1.7291</i>
                        <i>0.0813846 0.996586 -0.0139073 -0.80787 0.0577886 -0.586521 -0.583715 0.0589691 0.809815 -0.817955 2.14775 1.72413</i>
                        <i>0.0805347 0.99674 -0.00485763 -0.792452 0.061071 -0.606869 -0.604594 0.0527235 0.794787 -0.816895 2.13022 1.72108</i>
                        <i>0.0781352 0.996941 0.0016833 -0.7891 0.0628774 -0.611038 -0.609275 0.0464153 0.791599 -0.817018 2.11817 1.72011</i>
                        <i>0.0737321 0.997271 0.00380472 -0.799003 0.0613556 -0.598188 -0.596789 0.0410657 0.801347 -0.817963 2.11042 1.71958</i>
                        <i>0.0663709 0.997782 0.00514509 -0.81564 0.0572238 -0.575723 -0.574741 0.0340147 0.817628 -0.819295 2.10286 1.71799</i>
                        <i>0.0558125 0.998408 0.00808746 -0.835809 0.0511509 -0.546632 -0.546176 0.0237494 0.837334 -0.820996 2.09575 1.71576</i>
                        <i>0.041847 0.998999 0.0158317 -0.85657 0.0440288 -0.514149 -0.514331 0.0079546 0.857555 -0.823001 2.0894 1.71332</i>
                        <i>0.0250634 0.999194 0.0313442 -0.875455 0.0370757 -0.481875 -0.482649 -0.015363 0.875679 -0.825172 2.0841 1.71111</i>
                        <i>0.00934452 0.99848 0.0543149 -0.890463 0.0330223 -0.453857 -0.454961 -0.0441243 0.889418 -0.827288 2.08018 1.70954</i>
                        <i>-0.000425329 0.997001 0.0773889 -0.900188 0.0333212 -0.434225 -0.435501 -0.0698492 0.897474 -0.829078 2.07796 1.70904</i>
                        <i>-0.00315666 0.995627 0.0933615 -0.903509 0.0371715 -0.426953 -0.428557 -0.0857007 0.899441 -0.830041 2.0775 1.70948</i>
                        <i>-0.00214133 0.994784 0.101984 -0.903696 0.0417415 -0.426134 -0.428168 -0.093075 0.898893 -0.8306 2.08066 1.71052</i>
                        <i>-0.00066363 0.994554 0.104221 -0.904823 0.0437788 -0.42353 -0.425787 -0.0945829 0.899867 -0.831571 2.08816 1.71223</i>
                        <i>1.57235e-005 0.994895 0.100911 -0.906605 0.0425966 -0.419825 -0.42198 -0.0914799 0.901978 -0.832767 2.09804 1.71432</i>
                        <i>-0.00057414 0.995392 0.095888 -0.908587 0.0395327 -0.41582 -0.417695 -0.0873614 0.904378 -0.834005 2.10835 1.71648</i>
                        <i>-0.00153995 0.995939 0.0900163 -0.910374 0.0358512 -0.412231 -0.413784 -0.0825833 0.906622 -0.835104 2.11716 1.71843</i>
                        <i>-0.00192868 0.996461 0.0840344 -0.911643 0.0327844 -0.409673 -0.410978 -0.0773995 0.908354 -0.83589 2.12255 1.71983</i>
                        <i>-0.000770705 0.996903 0.0786431 -0.912125 0.031536 -0.408698 -0.409912 -0.0720473 0.909275 -0.83619 2.12263 1.72037</i>
                        <i>0.00109769 0.997399 0.0720711 -0.910926 0.0307316 -0.411424 -0.412568 -0.0651999 0.90859 -0.835779 2.11944 1.71987</i>
                        <i>0.00271755 0.997937 0.0641471 -0.907531 0.0294016 -0.418954 -0.419975 -0.057077 0.905739 -0.834611 2.11138 1.71847</i>
                        <i>0.00455238 0.99828 0.0584536 -0.90221 0.0293102 -0.4303 -0.431274 -0.0507785 0.900791 -0.832908 2.10081 1.71662</i>
                        <i>0.00706016 0.998273 0.0583134 -0.895145 0.0323019 -0.444602 -0.445718 -0.04906 0.893828 -0.830901 2.09012 1.71475</i>
                        <i>0.00982513 0.997953 0.0631943 -0.88659 0.037921 -0.460998 -0.462451 -0.0514981 0.885148 -0.828844 2.08174 1.71329</i>
                        <i>0.0119548 0.997423 0.0707445 -0.876976 0.044448 -0.478474 -0.480385 -0.0563212 0.875247 -0.827021 2.07811 1.71263</i>
                        <i>0.0127519 0.996836 0.0784565 -0.866927 0.0501208 -0.495909 -0.498273 -0.0616922 0.864823 -0.825748 2.08061 1.71311</i>
                        <i>0.0115024 0.996384 0.0841829 -0.857255 0.0531662 -0.512141 -0.514764 -0.0662753 0.854766 -0.82553 2.08804 1.71534</i>
                        <i>0.00798144 0.996164 0.0871416 -0.848545 0.0528534 -0.526477 -0.529063 -0.0697415 0.845712 -0.826429 2.09843 1.71908</i>
                        <i>0.00290785 0.996049 0.0887567 -0.841033 0.0504516 -0.538626 -0.540975 -0.0730811 0.837857 -0.828061 2.10949 1.72348</i>
                        <i>-0.00243848 0.995984 0.0894995 -0.835033 0.0472144 -0.548171 -0.550195 -0.0760717 0.831564 -0.829946 2.119 1.72768</i>
                        <i>-0.00667785 0.995944 0.0897227 -0.83101 0.0443805 -0.554485 -0.556218 -0.0782632 0.827343 -0.831517 2.1249 1.73083</i>
                        <i>-0.00839823 0.995931 0.089729 -0.829542 0.0431677 -0.556773 -0.558381 -0.0791099 0.825804 -0.83217 2.12518 1.73207</i>
                        <i>-0.0190945 0.994385 0.104089 -0.834399 0.0415072 -0.549595 -0.550829 -0.0973458 0.828921 -0.834903 2.11303 1.73403</i>
                        <i>-0.0466501 0.98857 0.143364 -0.847292 0.0368559 -0.529847 -0.529075 -0.146188 0.835888 -0.841904 2.09691 1.73908</i>
                        <i>-0.0833377 0.975824 0.202048 -0.865436 0.0296458 -0.500141 -0.49404 -0.21654 0.842042 -0.851263 2.0768 1.74596</i>
                        <i>-0.121275 0.954096 0.27385 -0.886027 0.020324 -0.463188 -0.447492 -0.298811 0.84289 -0.861094 2.05314 1.75321</i>
                        <i>-0.153791 0.923598 0.351161 -0.906585 0.00945884 -0.421917 -0.393004 -0.383245 0.835866 -0.8698 2.02711 1.75899</i>
                        <i>-0.176648 0.887478 0.425651 -0.925224 -0.00218565 -0.379416 -0.335793 -0.460846 0.821501 -0.876307 2.00051 1.7612</i>
                        <i>-0.18871 0.851131 0.489861 -0.94077 -0.0136071 -0.338772 -0.281674 -0.524777 0.803286 -0.879948 1.97529 1.75715</i>
                        <i>-0.193627 0.81566 0.545167 -0.952821 -0.0239445 -0.302588 -0.233755 -0.578036 0.781814 -0.881685 1.95245 1.7478</i>
                        <i>-0.195337 0.780236 0.594201 -0.961357 -0.0324828 -0.273383 -0.194002 -0.624641 0.756431 -0.882743 1.93253 1.73658</i>
                        <i>-0.195699 0.750148 0.631649 -0.966483 -0.0383917 -0.253845 -0.166171 -0.660155 0.732518 -0.883712 1.91671 1.72717</i>
                        <i>-0.195921 0.736574 0.647359 -0.968228 -0.0406848 -0.246739 -0.155404 -0.675132 0.721143 -0.88484 1.90692 1.72324</i>
                        <i>-0.195934 0.736609 0.647316 -0.968225 -0.0407094 -0.246744 -0.155402 -0.675093 0.72118 -0.885934 1.90469 1.72386</i>
                        <i>-0.195081 0.739532 0.644233 -0.968244 -0.0405007 -0.246703 -0.156353 -0.671902 0.723948 -0.886671 1.9091 1.72547</i>
                        <i>-0.193572 0.744576 0.638856 -0.968279 -0.0401188 -0.246629 -0.158004 -0.666332 0.728723 -0.887107 1.91863 1.72784</i>
                        <i>-0.191617 0.750968 0.631925 -0.968324 -0.0396246 -0.246533 -0.160098 -0.659148 0.734773 -0.887299 1.93179 1.73071</i>
                        <i>-0.189422 0.757976 0.624173 -0.968374 -0.0390759 -0.246426 -0.162395 -0.651111 0.741405 -0.887305 1.94706 1.73383</i>
                        <i>-0.187191 0.764927 0.616317 -0.968423 -0.0385263 -0.246319 -0.164672 -0.642964 0.747984 -0.887181 1.96294 1.73694</i>
                        <i>-0.185124 0.771223 0.609052 -0.968467 -0.0380241 -0.246221 -0.166733 -0.635428 0.753944 -0.886986 1.97791 1.7398</i>
                        <i>-0.183413 0.77633 0.603052 -0.968504 -0.0376137 -0.246141 -0.168404 -0.629204 0.758777 -0.886776 1.99048 1.74216</i>
                        <i>-0.182249 0.779754 0.598974 -0.968528 -0.0373368 -0.246087 -0.169524 -0.624972 0.762018 -0.886607 1.99912 1.74375</i>
                        <i>-0.181819 0.781009 0.597467 -0.968537 -0.0372349 -0.246067 -0.169934 -0.623409 0.763206 -0.886539 2.00234 1.74434</i>
                        <i>-0.181819 0.781009 0.597467 -0.968537 -0.0372349 -0.246067 -0.169934 -0.623409 0.763206 -0.886539 2.00234 1.74434</i>
                        <i>-0.181819 0.781009 0.597467 -0.968537 -0.0372349 -0.246067 -0.169934 -0.623409 0.763206 -0.886539 2.00234 1.74434</i>
                        <i>-0.181819 0.781009 0.597467 -0.968537 -0.0372349 -0.246067 -0.169934 -0.623409 0.763206 -0.886539 2.00234 1.74434</i>
                        <i>-0.181819 0.781009 0.597467 -0.968537 -0.0372349 -0.246067 -0.169934 -0.623409 0.763206 -0.886539 2.00234 1.74434</i>
                        <i>-0.181819 0.781009 0.597467 -0.968537 -0.0372349 -0.246067 -0.169934 -0.623409 0.763206 -0.886539 2.00234 1.74434</i>
                        <i>-0.181819 0.781009 0.597467 -0.968537 -0.0372349 -0.246067 -0.169934 -0.623409 0.763206 -0.886539 2.00234 1.74434</i>
                        <i>-0.181819 0.781009 0.597467 -0.968537 -0.0372349 -0.246067 -0.169934 -0.623409 0.763206 -0.886539 2.00234 1.74434</i>
                        <i>-0.181819 0.781009 0.597467 -0.968537 -0.0372349 -0.246067 -0.169934 -0.623409 0.763206 -0.886539 2.00234 1.74434</i>
                        <i>-0.181819 0.781009 0.597467 -0.968537 -0.0372349 -0.246067 -0.169934 -0.623409 0.763206 -0.886539 2.00234 1.74434</i>
                        <i>-0.181819 0.781009 0.597467 -0.968537 -0.0372349 -0.246067 -0.169934 -0.623409 0.763206 -0.886539 2.00234 1.74434</i>
                    </KeyFrames>
                </p>
            </i>
            <i>
                <p>
                    <Name><![CDATA[spine1]]></Name>
                    <Exclude>0</Exclude>
                    <Additive>0</Additive>
                    <IKPriority>0</IKPriority>
                    <IKRotLimits>-1e+010 -1e+010 -1e+010 1e+010 1e+010 1e+010</IKRotLimits>
                    <IKRotLimitOrder>0</IKRotLimitOrder>
                    <KeyFrames count="100">
                        <i>-0.216322 0.346029 0.912945 -0.970087 0.0293318 -0.240979 -0.110164 -0.937765 0.329333 -0.919165 2.14255 1.85154</i>
                        <i>-0.260878 0.37862 0.888026 -0.954834 0.0343476 -0.295148 -0.142251 -0.924915 0.352558 -0.924612 2.16121 1.85685</i>
                        <i>-0.298891 0.456024 0.838276 -0.93453 0.0379513 -0.353856 -0.193181 -0.889158 0.414825 -0.929237 2.20357 1.86954</i>
                        <i>-0.321541 0.564326 0.76036 -0.909369 0.0397877 -0.414084 -0.263931 -0.824592 0.500387 -0.930142 2.25111 1.88061</i>
                        <i>-0.32064 0.684162 0.655066 -0.88011 0.0404523 -0.473043 -0.350137 -0.728207 0.589167 -0.925439 2.28643 1.88081</i>
                        <i>-0.283769 0.807572 0.517013 -0.84811 0.0402023 -0.528293 -0.44742 -0.588397 0.673502 -0.912784 2.31004 1.86347</i>
                        <i>-0.20469 0.914771 0.348275 -0.815536 0.0373814 -0.577497 -0.541297 -0.402239 0.738378 -0.893112 2.33171 1.83348</i>
                        <i>-0.09798 0.979598 0.175465 -0.784981 0.032303 -0.618677 -0.611723 -0.198355 0.7658 -0.870084 2.34897 1.79802</i>
                        <i>0.0124133 0.999519 0.028409 -0.758887 0.0279173 -0.650623 -0.651104 -0.0134829 0.758869 -0.847522 2.35924 1.76399</i>
                        <i>0.1004 0.992583 -0.0685512 -0.738829 0.0282325 -0.673301 -0.666372 0.118247 0.736184 -0.829704 2.36011 1.73843</i>
                        <i>0.136254 0.985784 -0.0983066 -0.736547 0.0344402 -0.675509 -0.662521 0.164448 0.730769 -0.816565 2.34496 1.71944</i>
                        <i>0.119658 0.989845 -0.076746 -0.75552 0.040635 -0.653864 -0.644105 0.136223 0.75271 -0.805485 2.31492 1.7019</i>
                        <i>0.0752907 0.996722 -0.0296243 -0.784555 0.0408748 -0.618711 -0.615472 0.0698251 0.78506 -0.797407 2.28026 1.68801</i>
                        <i>0.0294509 0.99936 0.0202877 -0.812213 0.0357561 -0.582264 -0.582617 0.000670225 0.812747 -0.793374 2.25151 1.67941</i>
                        <i>0.00346857 0.998643 0.0519625 -0.826872 0.0320872 -0.561474 -0.562379 -0.0410188 0.825861 -0.793992 2.2388 1.67687</i>
                        <i>-0.00707533 0.997577 0.0692069 -0.833706 0.0323307 -0.551261 -0.552163 -0.0615986 0.831458 -0.79915 2.24222 1.68034</i>
                        <i>-0.0174467 0.995918 0.0885628 -0.845039 0.0326568 -0.533707 -0.53442 -0.0841504 0.841019 -0.807864 2.25351 1.68861</i>
                        <i>-0.0266306 0.993749 0.108415 -0.859978 0.0325168 -0.509294 -0.509636 -0.106798 0.853736 -0.818964 2.26967 1.70049</i>
                        <i>-0.0339967 0.991292 0.127216 -0.876406 0.031612 -0.480534 -0.480371 -0.12783 0.8677 -0.831362 2.28784 1.71472</i>
                        <i>-0.0398962 0.988778 0.143968 -0.891566 0.0298248 -0.451907 -0.451129 -0.146387 0.880371 -0.844058 2.30544 1.72971</i>
                        <i>-0.0436389 0.986621 0.157078 -0.903387 0.0281677 -0.427899 -0.426599 -0.160576 0.890072 -0.855463 2.32051 1.74323</i>
                        <i>-0.043504 0.985507 0.163963 -0.910818 0.0283121 -0.411836 -0.410509 -0.167257 0.896386 -0.863804 2.33165 1.75247</i>
                        <i>-0.0405266 0.985483 0.164864 -0.912879 0.0305616 -0.407086 -0.406215 -0.166999 0.898388 -0.868469 2.33742 1.75597</i>
                        <i>-0.0408371 0.984867 0.168433 -0.907536 0.0339585 -0.418598 -0.417983 -0.169953 0.892416 -0.870072 2.33659 1.75565</i>
                        <i>-0.0471349 0.982945 0.177755 -0.894882 0.0375114 -0.444724 -0.443807 -0.180032 0.877852 -0.869399 2.33039 1.75355</i>
                        <i>-0.0577825 0.980372 0.188497 -0.877094 0.0403301 -0.478623 -0.476831 -0.192986 0.857548 -0.867003 2.32073 1.75047</i>
                        <i>-0.0707453 0.977673 0.197866 -0.856656 0.0420718 -0.514169 -0.511014 -0.205879 0.834553 -0.863645 2.30962 1.74736</i>
                        <i>-0.0830833 0.975397 0.204202 -0.836815 0.0429851 -0.545796 -0.541146 -0.216226 0.812655 -0.860133 2.29924 1.745</i>
                        <i>-0.0917014 0.974057 0.206892 -0.82161 0.043379 -0.568396 -0.562625 -0.222107 0.796317 -0.85746 2.29195 1.74391</i>
                        <i>-0.0935583 0.974125 0.205738 -0.81552 0.0435572 -0.577088 -0.571117 -0.221775 0.790343 -0.856673 2.29017 1.74453</i>
                        <i>-0.075946 0.979696 0.185545 -0.810933 0.0475895 -0.583201 -0.58019 -0.194757 0.790854 -0.854945 2.29624 1.74619</i>
                        <i>-0.0342942 0.989822 0.138121 -0.799695 0.0557128 -0.597816 -0.599426 -0.130956 0.789645 -0.849704 2.30883 1.74778</i>
                        <i>0.0215635 0.99701 0.0742013 -0.785438 0.0628137 -0.615745 -0.618565 -0.0450029 0.784444 -0.84224 2.32484 1.74903</i>
                        <i>0.0798116 0.996786 0.00698086 -0.771669 0.0662169 -0.632568 -0.630996 0.0450993 0.774474 -0.83366 2.34095 1.7493</i>
                        <i>0.12727 0.990684 -0.0484555 -0.761488 0.0662888 -0.644781 -0.635562 0.118959 0.76283 -0.825035 2.35344 1.74766</i>
                        <i>0.150962 0.985532 -0.077053 -0.757513 0.0652499 -0.649551 -0.635126 0.156426 0.756403 -0.817549 2.35818 1.74318</i>
                        <i>0.177936 0.978223 -0.106855 -0.757552 0.0668663 -0.649341 -0.628056 0.196489 0.752953 -0.810658 2.35213 1.73291</i>
                        <i>0.170277 0.979886 -0.104065 -0.759616 0.0632571 -0.647288 -0.627686 0.189268 0.755108 -0.806377 2.33751 1.72579</i>
                        <i>0.145092 0.986084 -0.0811557 -0.763036 0.0593017 -0.64363 -0.62986 0.15531 0.761022 -0.803966 2.31904 1.72174</i>
                        <i>0.11752 0.991688 -0.0523741 -0.767414 0.0572163 -0.638593 -0.630289 0.11524 0.76776 -0.803061 2.30142 1.72024</i>
                        <i>0.100848 0.994309 -0.034335 -0.77277 0.0565487 -0.632162 -0.626623 0.0902852 0.774075 -0.803601 2.28935 1.7204</i>
                        <i>0.0790573 0.996791 -0.0125402 -0.784075 0.0544081 -0.618276 -0.61561 0.0587117 0.785861 -0.805305 2.28163 1.72023</i>
                        <i>0.0348207 0.998777 0.035105 -0.803385 0.0488673 -0.593452 -0.594442 -0.00753839 0.804103 -0.807882 2.27441 1.71887</i>
                        <i>-0.0205334 0.994567 0.10205 -0.826476 0.0405517 -0.561509 -0.562597 -0.0958712 0.821154 -0.811344 2.26832 1.71715</i>
                        <i>-0.076177 0.980752 0.179783 -0.849659 0.0305094 -0.52645 -0.521802 -0.192857 0.830981 -0.815693 2.26364 1.71606</i>
                        <i>-0.123637 0.958212 0.25796 -0.870074 0.0203214 -0.492502 -0.477163 -0.285336 0.831203 -0.820743 2.26014 1.7166</i>
                        <i>-0.157034 0.932659 0.32479 -0.885862 0.0123542 -0.463785 -0.436566 -0.360549 0.824266 -0.825613 2.25742 1.71915</i>
                        <i>-0.173239 0.914005 0.366856 -0.895882 0.00848931 -0.44421 -0.409125 -0.405615 0.81737 -0.829136 2.25545 1.72278</i>
                        <i>-0.175331 0.908546 0.379215 -0.899013 0.00925065 -0.437823 -0.401291 -0.417683 0.815173 -0.830586 2.25448 1.72604</i>
                        <i>-0.168973 0.912703 0.37205 -0.898684 0.012339 -0.438423 -0.40474 -0.408438 0.818147 -0.830964 2.25682 1.72855</i>
                        <i>-0.156513 0.922257 0.353476 -0.899315 0.014889 -0.437048 -0.408334 -0.38629 0.827069 -0.831675 2.26346 1.73058</i>
                        <i>-0.140846 0.934443 0.327077 -0.900742 0.0161621 -0.434054 -0.410885 -0.355746 0.839415 -0.832754 2.27254 1.73199</i>
                        <i>-0.124658 0.946457 0.29779 -0.902414 0.0166097 -0.430549 -0.412443 -0.322401 0.852026 -0.834097 2.2821 1.73321</i>
                        <i>-0.110165 0.956508 0.270104 -0.904031 0.0164992 -0.427148 -0.413027 -0.29124 0.862895 -0.835366 2.29033 1.73407</i>
                        <i>-0.0995398 0.963388 0.24895 -0.9053 0.0161486 -0.424466 -0.412946 -0.267625 0.870547 -0.836219 2.29539 1.7344</i>
                        <i>-0.0949078 0.966257 0.239456 -0.905965 0.0158552 -0.423056 -0.412578 -0.25709 0.87389 -0.836319 2.29547 1.734</i>
                        <i>-0.0959665 0.96614 0.239509 -0.905063 0.0154582 -0.424996 -0.414308 -0.257556 0.872934 -0.835583 2.29266 1.73238</i>
                        <i>-0.100529 0.964575 0.243905 -0.901872 0.0151762 -0.431737 -0.420144 -0.263373 0.868397 -0.83413 2.2853 1.72964</i>
                        <i>-0.107312 0.961869 0.251581 -0.896596 0.0157266 -0.44257 -0.429651 -0.27306 0.86072 -0.832102 2.27556 1.72683</i>
                        <i>-0.115019 0.958363 0.261364 -0.889469 0.017786 -0.456649 -0.442284 -0.284999 0.850388 -0.829649 2.26561 1.72498</i>
                        <i>-0.122569 0.954819 0.270737 -0.880734 0.0210999 -0.473142 -0.457477 -0.296439 0.838355 -0.827098 2.25776 1.72441</i>
                        <i>-0.128921 0.952209 0.276907 -0.870721 0.0249391 -0.491145 -0.474578 -0.304428 0.825893 -0.824893 2.25437 1.7251</i>
                        <i>-0.132841 0.951517 0.277433 -0.860061 0.0284513 -0.509398 -0.492594 -0.306278 0.814583 -0.82348 2.25671 1.72695</i>
                        <i>-0.132144 0.95408 0.268828 -0.849734 0.0306082 -0.526322 -0.510382 -0.297983 0.80667 -0.823492 2.26338 1.73013</i>
                        <i>-0.126575 0.959527 0.251567 -0.840492 0.0309496 -0.540939 -0.526832 -0.27991 0.802558 -0.825023 2.27255 1.7343</i>
                        <i>-0.117763 0.966065 0.22989 -0.832551 0.0301375 -0.553128 -0.541286 -0.256534 0.80075 -0.827551 2.28224 1.73887</i>
                        <i>-0.107842 0.972132 0.208156 -0.826252 0.028799 -0.562565 -0.552882 -0.232657 0.80012 -0.830364 2.29055 1.74309</i>
                        <i>-0.099607 0.976468 0.191283 -0.822056 0.0275558 -0.568739 -0.560626 -0.213896 0.799967 -0.832662 2.2956 1.7462</i>
                        <i>-0.096185 0.978115 0.1845 -0.820533 0.0270106 -0.570961 -0.563449 -0.206306 0.799977 -0.833609 2.29556 1.74742</i>
                        <i>-0.101284 0.97563 0.194646 -0.825205 0.0268935 -0.564193 -0.555679 -0.217766 0.802371 -0.838161 2.28248 1.75177</i>
                        <i>-0.116112 0.967286 0.225557 -0.837809 0.0265897 -0.545315 -0.533473 -0.252291 0.807314 -0.849782 2.26366 1.76327</i>
                        <i>-0.138911 0.950365 0.278407 -0.856036 0.0261131 -0.516256 -0.497901 -0.31004 0.809919 -0.865136 2.23905 1.77958</i>
                        <i>-0.166926 0.920032 0.354509 -0.877442 0.0253753 -0.479011 -0.449701 -0.391021 0.803039 -0.880948 2.20916 1.79804</i>
