<?xml version="1.0" encoding="ISO-8859-1" ?>
<Animl Version="1">
    <ModellingPackage><![CDATA[Maya.2010]]></ModellingPackage>
    <SrcFile><![CDATA[anims\turrets\antitank\blue\~src\at_bgm71tow\antitank_bgm71tow_reload_low_crewman_a.mb]]></SrcFile>
    <FramesPerSecond>30</FramesPerSecond>
    <TotalFrames>100</TotalFrames>
    <Skeleton>
        <RefFrame>
            <Name><![CDATA[soldier_ref_frame]]></Name>
            <Exclude>0</Exclude>
            <Additive>0</Additive>
            <IKPriority>0</IKPriority>
            <IKRotLimits>-1e+010 -1e+010 -1e+010 1e+010 1e+010 1e+010</IKRotLimits>
            <IKRotLimitOrder>0</IKRotLimitOrder>
            <KeyFrames count="100">
                <i>1 0 0 0 1 0 0 0 1 0.92 1.77 -1.21</i>
                <i>1 0 0 0 1 0 0 0 1 0.92 1.77 -1.21</i>
                <i>1 0 0 0 1 0 0 0 1 0.92 1.77 -1.21</i>
                <i>1 0 0 0 1 0 0 0 1 0.92 1.77 -1.21</i>
                <i>1 0 0 0 1 0 0 0 1 0.92 1.77 -1.21</i>
                <i>1 0 0 0 1 0 0 0 1 0.92 1.77 -1.21</i>
                <i>1 0 0 0 1 0 0 0 1 0.92 1.77 -1.21</i>
                <i>1 0 0 0 1 0 0 0 1 0.92 1.77 -1.21</i>
                <i>1 0 0 0 1 0 0 0 1 0.92 1.77 -1.21</i>
                <i>1 0 0 0 1 0 0 0 1 0.92 1.77 -1.21</i>
                <i>1 0 0 0 1 0 0 0 1 0.92 1.77 -1.21</i>
                <i>1 0 0 0 1 0 0 0 1 0.92 1.77 -1.21</i>
                <i>1 0 0 0 1 0 0 0 1 0.92 1.77 -1.21</i>
                <i>1 0 0 0 1 0 0 0 1 0.92 1.77 -1.21</i>
                <i>1 0 0 0 1 0 0 0 1 0.92 1.77 -1.21</i>
                <i>1 0 0 0 1 0 0 0 1 0.92 1.77 -1.21</i>
                <i>1 0 0 0 1 0 0 0 1 0.92 1.77 -1.21</i>
                <i>1 0 0 0 1 0 0 0 1 0.92 1.77 -1.21</i>
                <i>1 0 0 0 1 0 0 0 1 0.92 1.77 -1.21</i>
                <i>1 0 0 0 1 0 0 0 1 0.92 1.77 -1.21</i>
                <i>1 0 0 0 1 0 0 0 1 0.92 1.77 -1.21</i>
                <i>1 0 0 0 1 0 0 0 1 0.92 1.77 -1.21</i>
                <i>1 0 0 0 1 0 0 0 1 0.92 1.77 -1.21</i>
                <i>1 0 0 0 1 0 0 0 1 0.92 1.77 -1.21</i>
                <i>1 0 0 0 1 0 0 0 1 0.92 1.77 -1.21</i>
                <i>1 0 0 0 1 0 0 0 1 0.92 1.77 -1.21</i>
                <i>1 0 0 0 1 0 0 0 1 0.92 1.77 -1.21</i>
                <i>1 0 0 0 1 0 0 0 1 0.92 1.77 -1.21</i>
                <i>1 0 0 0 1 0 0 0 1 0.92 1.77 -1.21</i>
                <i>1 0 0 0 1 0 0 0 1 0.92 1.77 -1.21</i>
                <i>1 0 0 0 1 0 0 0 1 0.92 1.77 -1.21</i>
                <i>1 0 0 0 1 0 0 0 1 0.92 1.77 -1.21</i>
                <i>1 0 0 0 1 0 0 0 1 0.92 1.77 -1.21</i>
                <i>1 0 0 0 1 0 0 0 1 0.92 1.77 -1.21</i>
                <i>1 0 0 0 1 0 0 0 1 0.92 1.77 -1.21</i>
                <i>1 0 0 0 1 0 0 0 1 0.92 1.77 -1.21</i>
                <i>1 0 0 0 1 0 0 0 1 0.92 1.77 -1.21</i>
                <i>1 0 0 0 1 0 0 0 1 0.92 1.77 -1.21</i>
                <i>1 0 0 0 1 0 0 0 1 0.92 1.77 -1.21</i>
                <i>1 0 0 0 1 0 0 0 1 0.92 1.77 -1.21</i>
                <i>1 0 0 0 1 0 0 0 1 0.92 1.77 -1.21</i>
                <i>1 0 0 0 1 0 0 0 1 0.92 1.77 -1.21</i>
                <i>1 0 0 0 1 0 0 0 1 0.92 1.77 -1.21</i>
                <i>1 0 0 0 1 0 0 0 1 0.92 1.77 -1.21</i>
                <i>1 0 0 0 1 0 0 0 1 0.92 1.77 -1.21</i>
                <i>1 0 0 0 1 0 0 0 1 0.92 1.77 -1.21</i>
                <i>1 0 0 0 1 0 0 0 1 0.92 1.77 -1.21</i>
                <i>1 0 0 0 1 0 0 0 1 0.92 1.77 -1.21</i>
                <i>1 0 0 0 1 0 0 0 1 0.92 1.77 -1.21</i>
                <i>1 0 0 0 1 0 0 0 1 0.92 1.77 -1.21</i>
                <i>1 0 0 0 1 0 0 0 1 0.92 1.77 -1.21</i>
                <i>1 0 0 0 1 0 0 0 1 0.92 1.77 -1.21</i>
                <i>1 0 0 0 1 0 0 0 1 0.92 1.77 -1.21</i>
                <i>1 0 0 0 1 0 0 0 1 0.92 1.77 -1.21</i>
                <i>1 0 0 0 1 0 0 0 1 0.92 1.77 -1.21</i>
                <i>1 0 0 0 1 0 0 0 1 0.92 1.77 -1.21</i>
                <i>1 0 0 0 1 0 0 0 1 0.92 1.77 -1.21</i>
                <i>1 0 0 0 1 0 0 0 1 0.92 1.77 -1.21</i>
                <i>1 0 0 0 1 0 0 0 1 0.92 1.77 -1.21</i>
                <i>1 0 0 0 1 0 0 0 1 0.92 1.77 -1.21</i>
                <i>1 0 0 0 1 0 0 0 1 0.92 1.77 -1.21</i>
                <i>1 0 0 0 1 0 0 0 1 0.92 1.77 -1.21</i>
                <i>1 0 0 0 1 0 0 0 1 0.92 1.77 -1.21</i>
                <i>1 0 0 0 1 0 0 0 1 0.92 1.77 -1.21</i>
                <i>1 0 0 0 1 0 0 0 1 0.92 1.77 -1.21</i>
                <i>1 0 0 0 1 0 0 0 1 0.92 1.77 -1.21</i>
                <i>1 0 0 0 1 0 0 0 1 0.92 1.77 -1.21</i>
                <i>1 0 0 0 1 0 0 0 1 0.92 1.77 -1.21</i>
                <i>1 0 0 0 1 0 0 0 1 0.92 1.77 -1.21</i>
                <i>1 0 0 0 1 0 0 0 1 0.92 1.77 -1.21</i>
                <i>1 0 0 0 1 0 0 0 1 0.92 1.77 -1.21</i>
                <i>1 0 0 0 1 0 0 0 1 0.92 1.77 -1.21</i>
                <i>1 0 0 0 1 0 0 0 1 0.92 1.77 -1.21</i>
                <i>1 0 0 0 1 0 0 0 1 0.92 1.77 -1.21</i>
                <i>1 0 0 0 1 0 0 0 1 0.92 1.77 -1.21</i>
                <i>1 0 0 0 1 0 0 0 1 0.92 1.77 -1.21</i>
                <i>1 0 0 0 1 0 0 0 1 0.92 1.77 -1.21</i>
                <i>1 0 0 0 1 0 0 0 1 0.92 1.77 -1.21</i>
                <i>1 0 0 0 1 0 0 0 1 0.92 1.77 -1.21</i>
                <i>1 0 0 0 1 0 0 0 1 0.92 1.77 -1.21</i>
                <i>1 0 0 0 1 0 0 0 1 0.92 1.77 -1.21</i>
                <i>1 0 0 0 1 0 0 0 1 0.92 1.77 -1.21</i>
                <i>1 0 0 0 1 0 0 0 1 0.92 1.77 -1.21</i>
                <i>1 0 0 0 1 0 0 0 1 0.92 1.77 -1.21</i>
                <i>1 0 0 0 1 0 0 0 1 0.92 1.77 -1.21</i>
                <i>1 0 0 0 1 0 0 0 1 0.92 1.77 -1.21</i>
                <i>1 0 0 0 1 0 0 0 1 0.92 1.77 -1.21</i>
                <i>1 0 0 0 1 0 0 0 1 0.92 1.77 -1.21</i>
                <i>1 0 0 0 1 0 0 0 1 0.92 1.77 -1.21</i>
                <i>1 0 0 0 1 0 0 0 1 0.92 1.77 -1.21</i>
                <i>1 0 0 0 1 0 0 0 1 0.92 1.77 -1.21</i>
                <i>1 0 0 0 1 0 0 0 1 0.92 1.77 -1.21</i>
                <i>1 0 0 0 1 0 0 0 1 0.92 1.77 -1.21</i>
                <i>1 0 0 0 1 0 0 0 1 0.92 1.77 -1.21</i>
                <i>1 0 0 0 1 0 0 0 1 0.92 1.77 -1.21</i>
                <i>1 0 0 0 1 0 0 0 1 0.92 1.77 -1.21</i>
                <i>1 0 0 0 1 0 0 0 1 0.92 1.77 -1.21</i>
                <i>1 0 0 0 1 0 0 0 1 0.92 1.77 -1.21</i>
                <i>1 0 0 0 1 0 0 0 1 0.92 1.77 -1.21</i>
                <i>1 0 0 0 1 0 0 0 1 0.92 1.77 -1.21</i>
            </KeyFrames>
        </RefFrame>
        <Bones count="23">
            <i>
                <p>
                    <Name><![CDATA[pelvis]]></Name>
                    <Exclude>0</Exclude>
                    <Additive>0</Additive>
                    <IKPriority>0</IKPriority>
                    <IKRotLimits>-1e+010 -1e+010 -1e+010 1e+010 1e+010 1e+010</IKRotLimits>
                    <IKRotLimitOrder>2</IKRotLimitOrder>
                    <KeyFrames count="100">
                        <i>1 0 0 0 1 0 0 0 1 0.781889 2.8346 -1.14518</i>
                        <i>1 0 0 0 1 0 0 0 1 0.796719 2.75524 -1.17101</i>
                        <i>1 0 0 0 1 0 0 0 1 0.825825 2.59087 -1.1954</i>
                        <i>1 0 0 0 1 0 0 0 1 0.847758 2.4465 -1.22267</i>
                        <i>1 0 0 0 1 0 0 0 1 0.841066 2.42711 -1.25715</i>
                        <i>1 0 0 0 1 0 0 0 1 0.801318 2.57918 -1.31189</i>
                        <i>1 0 0 0 1 0 0 0 1 0.745628 2.83821 -1.38423</i>
                        <i>1 0 0 0 1 0 0 0 1 0.682482 3.14255 -1.45542</i>
                        <i>1 0 0 0 1 0 0 0 1 0.617803 3.42949 -1.50948</i>
                        <i>1 0 0 0 1 0 0 0 1 0.557705 3.63519 -1.5337</i>
                        <i>1 0 0 0 1 0 0 0 1 0.494489 3.74023 -1.52142</i>
                        <i>1 0 0 0 1 0 0 0 1 0.424146 3.77858 -1.48165</i>
                        <i>1 0 0 0 1 0 0 0 1 0.361442 3.76572 -1.42385</i>
                        <i>1 0 0 0 1 0 0 0 1 0.323037 3.71768 -1.36009</i>
                        <i>1 0 0 0 1 0 0 0 1 0.274234 3.56322 -1.32144</i>
                        <i>1 0 0 0 1 0 0 0 1 0.206164 3.33311 -1.31457</i>
                        <i>1 0 0 0 1 0 0 0 1 0.188038 3.18743 -1.31313</i>
                        <i>1 0 0 0 1 0 0 0 1 0.357167 3.10167 -1.27846</i>
                        <i>1 0 0 0 1 0 0 0 1 0.534137 3.01787 -1.16466</i>
                        <i>1 0 0 0 1 0 0 0 1 0.672341 2.96422 -1.07362</i>
                        <i>1 0 0 0 1 0 0 0 1 0.812717 2.93769 -0.974173</i>
                        <i>1 0 0 0 1 0 0 0 1 0.901118 2.96028 -0.890779</i>
                        <i>1 0 0 0 1 0 0 0 1 0.929458 3.00541 -0.854704</i>
                        <i>1 0 0 0 1 0 0 0 1 0.924792 3.0495 -0.851118</i>
                        <i>1 0 0 0 1 0 0 0 1 0.922155 3.06932 -0.849333</i>
                        <i>1 0 0 0 1 0 0 0 1 0.922268 3.06615 -0.849985</i>
                        <i>1 0 0 0 1 0 0 0 1 0.922928 3.05858 -0.851072</i>
                        <i>1 0 0 0 1 0 0 0 1 0.923766 3.04952 -0.852228</i>
                        <i>1 0 0 0 1 0 0 0 1 0.924462 3.04192 -0.853128</i>
                        <i>1 0 0 0 1 0 0 0 1 0.924751 3.03874 -0.853489</i>
                        <i>1 0 0 0 1 0 0 0 1 0.924667 3.04192 -0.852908</i>
                        <i>1 0 0 0 1 0 0 0 1 0.924437 3.0495 -0.851505</i>
                        <i>1 0 0 0 1 0 0 0 1 0.924106 3.05854 -0.849802</i>
                        <i>1 0 0 0 1 0 0 0 1 0.923782 3.06611 -0.848351</i>
                        <i>1 0 0 0 1 0 0 0 1 0.923634 3.06928 -0.847736</i>
                        <i>1 0 0 0 1 0 0 0 1 0.923634 3.06928 -0.847736</i>
                        <i>1 0 0 0 1 0 0 0 1 0.923634 3.06928 -0.847736</i>
                        <i>1 0 0 0 1 0 0 0 1 0.923634 3.06928 -0.847736</i>
                        <i>1 0 0 0 1 0 0 0 1 0.923634 3.06928 -0.847736</i>
                        <i>1 0 0 0 1 0 0 0 1 0.923634 3.06928 -0.847736</i>
                        <i>1 0 0 0 1 0 0 0 1 0.923634 3.06928 -0.847736</i>
                        <i>1 0 0 0 1 0 0 0 1 0.923634 3.06928 -0.847736</i>
                        <i>1 0 0 0 1 0 0 0 1 0.923634 3.06928 -0.847736</i>
                        <i>1 0 0 0 1 0 0 0 1 0.923634 3.06928 -0.847736</i>
                        <i>1 0 0 0 1 0 0 0 1 0.923634 3.06928 -0.847736</i>
                        <i>1 0 0 0 1 0 0 0 1 0.923634 3.06928 -0.847736</i>
                        <i>1 0 0 0 1 0 0 0 1 0.923634 3.06928 -0.847736</i>
                        <i>1 0 0 0 1 0 0 0 1 0.923634 3.06928 -0.847736</i>
                        <i>1 0 0 0 1 0 0 0 1 0.923634 3.06928 -0.847736</i>
                        <i>1 0 0 0 1 0 0 0 1 0.923634 3.06928 -0.847736</i>
                        <i>1 0 0 0 1 0 0 0 1 0.923634 3.06928 -0.847736</i>
                        <i>1 0 0 0 1 0 0 0 1 0.923634 3.06928 -0.847736</i>
                        <i>1 0 0 0 1 0 0 0 1 0.923634 3.06928 -0.847736</i>
                        <i>1 0 0 0 1 0 0 0 1 0.990353 3.02482 -0.90643</i>
                        <i>1 0 0 0 1 0 0 0 1 1.0548 2.99455 -0.963125</i>
                        <i>1 0 0 0 1 0 0 0 1 1.02884 3.06108 -0.940292</i>
                        <i>1 0 0 0 1 0 0 0 1 0.972177 3.15594 -0.890441</i>
                        <i>1 0 0 0 1 0 0 0 1 0.918988 3.21031 -0.84365</i>
                        <i>1 0 0 0 1 0 0 0 1 0.905663 3.18128 -0.831927</i>
                        <i>1 0 0 0 1 0 0 0 1 0.877003 3.11249 -0.884685</i>
                        <i>1 0 0 0 1 0 0 0 1 0.768508 3.06928 -0.990531</i>
                        <i>1 0 0 0 1 0 0 0 1 0.594394 3.06914 -1.10386</i>
                        <i>1 0 0 0 1 0 0 0 1 0.385589 3.08116 -1.19078</i>
                        <i>1 0 0 0 1 0 0 0 1 0.183076 3.09971 -1.23474</i>
                        <i>1 0 0 0 1 0 0 0 1 0.0321047 3.1192 -1.24392</i>
                        <i>1 0 0 0 1 0 0 0 1 -0.0264304 3.13406 -1.24086</i>
                        <i>1 0 0 0 1 0 0 0 1 -0.0264304 3.13882 -1.2398</i>
                        <i>1 0 0 0 1 0 0 0 1 -0.0264304 3.12781 -1.24223</i>
                        <i>1 0 0 0 1 0 0 0 1 -0.0264304 3.10459 -1.24701</i>
                        <i>1 0 0 0 1 0 0 0 1 -0.0264304 3.07748 -1.25202</i>
                        <i>1 0 0 0 1 0 0 0 1 -0.0264304 3.05495 -1.25573</i>
                        <i>1 0 0 0 1 0 0 0 1 -0.0264304 3.04554 -1.25715</i>
                        <i>1 0 0 0 1 0 0 0 1 -0.0264304 3.04554 -1.25715</i>
                        <i>1 0 0 0 1 0 0 0 1 -0.0264304 3.04554 -1.25715</i>
                        <i>1 0 0 0 1 0 0 0 1 -0.0264304 3.04554 -1.25715</i>
                        <i>1 0 0 0 1 0 0 0 1 -0.0212666 3.06867 -1.2854</i>
                        <i>1 0 0 0 1 0 0 0 1 0.0811934 3.17511 -1.35514</i>
                        <i>1 0 0 0 1 0 0 0 1 0.202432 3.30956 -1.43187</i>
                        <i>1 0 0 0 1 0 0 0 1 0.331974 3.45425 -1.46647</i>
                        <i>1 0 0 0 1 0 0 0 1 0.494601 3.52964 -1.41768</i>
                        <i>1 0 0 0 1 0 0 0 1 0.629634 3.44161 -1.39413</i>
                        <i>1 0 0 0 1 0 0 0 1 0.695617 3.22311 -1.47011</i>
                        <i>1 0 0 0 1 0 0 0 1 0.743266 2.9735 -1.51953</i>
                        <i>1 0 0 0 1 0 0 0 1 0.772163 2.76633 -1.39551</i>
                        <i>1 0 0 0 1 0 0 0 1 0.781889 2.626 -1.25715</i>
                        <i>1 0 0 0 1 0 0 0 1 0.781889 2.63768 -1.21112</i>
                        <i>1 0 0 0 1 0 0 0 1 0.781889 2.68817 -1.17905</i>
                        <i>1 0 0 0 1 0 0 0 1 0.781889 2.75367 -1.1588</i>
                        <i>1 0 0 0 1 0 0 0 1 0.781889 2.8104 -1.14823</i>
                        <i>1 0 0 0 1 0 0 0 1 0.781889 2.8346 -1.14518</i>
                        <i>1 0 0 0 1 0 0 0 1 0.781889 2.8346 -1.14518</i>
                        <i>1 0 0 0 1 0 0 0 1 0.781889 2.8346 -1.14518</i>
                        <i>1 0 0 0 1 0 0 0 1 0.781889 2.8346 -1.14518</i>
                        <i>1 0 0 0 1 0 0 0 1 0.781889 2.8346 -1.14518</i>
                        <i>1 0 0 0 1 0 0 0 1 0.781889 2.8346 -1.14518</i>
                        <i>1 0 0 0 1 0 0 0 1 0.781889 2.8346 -1.14518</i>
                        <i>1 0 0 0 1 0 0 0 1 0.781889 2.8346 -1.14518</i>
                        <i>1 0 0 0 1 0 0 0 1 0.781889 2.8346 -1.14518</i>
                        <i>1 0 0 0 1 0 0 0 1 0.781889 2.8346 -1.14518</i>
                        <i>1 0 0 0 1 0 0 0 1 0.781889 2.8346 -1.14518</i>
                    </KeyFrames>
                </p>
            </i>
            <i>
                <p>
                    <Name><![CDATA[spine0]]></Name>
                    <Exclude>0</Exclude>
                    <Additive>0</Additive>
                    <IKPriority>0</IKPriority>
                    <IKRotLimits>-1e+010 -1e+010 -1e+010 1e+010 1e+010 1e+010</IKRotLimits>
                    <IKRotLimitOrder>0</IKRotLimitOrder>
                    <KeyFrames count="100">
                        <i>0.0101066 0.989055 0.1472 -0.998989 0.016434 -0.0418324 -0.0437936 -0.146629 0.988222 0.791749 2.97543 -1.17287</i>
                        <i>0.0164821 0.993245 0.114857 -0.99893 0.0213232 -0.0410485 -0.0432204 -0.114057 0.992534 0.806817 2.89342 -1.20974</i>
                        <i>0.0353093 0.997876 0.054739 -0.995492 0.0399439 -0.0860261 -0.0880299 -0.0514547 0.994788 0.840184 2.72364 -1.2489</i>
                        <i>0.0645454 0.997893 0.00653461 -0.984942 0.0647574 -0.160298 -0.160384 0.00391031 0.987047 0.870065 2.5729 -1.28764</i>
                        <i>0.0832609 0.996502 0.00722335 -0.965697 0.082472 -0.246227 -0.245961 0.0135255 0.969185 0.871797 2.55062 -1.32421</i>
                        <i>0.0822344 0.994707 0.0616083 -0.933988 0.0984874 -0.343463 -0.347713 -0.0292969 0.937143 0.841445 2.7045 -1.37003</i>
                        <i>0.0571771 0.988228 0.141901 -0.887676 0.115369 -0.445781 -0.456904 -0.100473 0.883823 0.795048 2.96686 -1.42551</i>
                        <i>-0.00663624 0.973499 0.228595 -0.837763 0.119405 -0.532819 -0.545994 -0.195045 0.814769 0.735306 3.27484 -1.47555</i>
                        <i>-0.0993882 0.945831 0.309074 -0.798726 0.109411 -0.591664 -0.59343 -0.305669 0.744585 0.666245 3.56495 -1.50897</i>
                        <i>-0.190675 0.901095 0.38945 -0.787298 0.0965948 -0.60896 -0.586349 -0.422726 0.691012 0.595721 3.77288 -1.51661</i>
                        <i>-0.260351 0.809676 0.525968 -0.811935 0.111185 -0.573061 -0.522473 -0.576249 0.628457 0.516601 3.87826 -1.48742</i>
                        <i>-0.289684 0.633755 0.717243 -0.864793 0.147809 -0.479881 -0.410142 -0.759281 0.505249 0.427423 3.91119 -1.42598</i>
                        <i>-0.260399 0.422554 0.868125 -0.924444 0.150298 -0.350449 -0.278561 -0.893789 0.35149 0.3489 3.88544 -1.34506</i>
                        <i>-0.205962 0.259096 0.943636 -0.965324 0.104272 -0.239326 -0.160403 -0.960207 0.228635 0.30122 3.81991 -1.26125</i>
                        <i>-0.197471 0.155359 0.96792 -0.978262 0.0325335 -0.204803 -0.0633079 -0.987322 0.145558 0.247975 3.64317 -1.20476</i>
                        <i>-0.225939 0.117971 0.966972 -0.974055 -0.0141105 -0.225873 -0.013002 -0.992917 0.118098 0.178628 3.39104 -1.1858</i>
                        <i>-0.251968 0.174761 0.951825 -0.967581 -0.0279312 -0.251011 -0.0172813 -0.984215 0.176133 0.159153 3.24058 -1.1826</i>
                        <i>-0.254096 0.309588 0.916292 -0.966091 -0.0363164 -0.255635 -0.0458651 -0.950177 0.308318 0.329199 3.18272 -1.16293</i>
                        <i>-0.464753 0.470217 0.750267 -0.862602 -0.0492337 -0.503482 -0.199808 -0.881176 0.428492 0.491261 3.13516 -1.09324</i>
                        <i>-0.454333 0.533574 0.713358 -0.859184 -0.0509144 -0.509127 -0.235337 -0.844219 0.481571 0.641913 3.09645 -1.02582</i>
                        <i>-0.543026 0.541602 0.641709 -0.78286 -0.0501121 -0.620176 -0.303731 -0.83914 0.451211 0.777946 3.07108 -0.933008</i>
                        <i>-0.596958 0.551416 0.582736 -0.720447 -0.0488701 -0.691786 -0.352983 -0.832798 0.426439 0.860872 3.09269 -0.851478</i>
                        <i>-0.625045 0.535733 0.567723 -0.694348 -0.049281 -0.71795 -0.356651 -0.842948 0.402788 0.884329 3.13573 -0.813754</i>
                        <i>-0.630678 0.522864 0.573462 -0.694096 -0.0495437 -0.718175 -0.347097 -0.850975 0.394164 0.876314 3.17761 -0.807128</i>
                        <i>-0.630155 0.523214 0.573718 -0.694417 -0.0491632 -0.717892 -0.347405 -0.850782 0.394309 0.872211 3.19638 -0.803961</i>
                        <i>-0.626178 0.531052 0.570864 -0.695045 -0.0484367 -0.717333 -0.35329 -0.845954 0.399435 0.872608 3.19338 -0.804779</i>
                        <i>-0.623472 0.53616 0.569048 -0.695518 -0.047895 -0.716911 -0.357124 -0.842756 0.40277 0.873883 3.18621 -0.806334</i>
                        <i>-0.620323 0.542234 0.566729 -0.695983 -0.0473507 -0.716495 -0.361673 -0.838892 0.406758 0.875442 3.17762 -0.808067</i>
                        <i>-0.617699 0.547301 0.564721 -0.696337 -0.0469299 -0.716179 -0.365464 -0.835619 0.410094 0.876739 3.17042 -0.809459</i>
                        <i>-0.6166 0.54942 0.563863 -0.696477 -0.0467609 -0.716054 -0.367048 -0.834237 0.411491 0.877279 3.1674 -0.810027</i>
                        <i>-0.61793 0.547305 0.564464 -0.696136 -0.0471465 -0.71636 -0.365455 -0.835604 0.410132 0.876914 3.17041 -0.809272</i>
                        <i>-0.621084 0.542246 0.565883 -0.695321 -0.0480647 -0.717091 -0.361641 -0.838844 0.406887 0.876013 3.1776 -0.807456</i>
                        <i>-0.624817 0.536181 0.567551 -0.694344 -0.0491582 -0.717962 -0.357058 -0.842671 0.403009 0.874884 3.18617 -0.805263</i>
                        <i>-0.627918 0.531076 0.568927 -0.693523 -0.0500724 -0.718692 -0.353192 -0.845843 0.399755 0.873892 3.19333 -0.803403</i>
                        <i>-0.629211 0.528929 0.569498 -0.693178 -0.0504553 -0.718998 -0.351565 -0.847165 0.398389 0.873464 3.19633 -0.802618</i>
                        <i>-0.629211 0.528929 0.569498 -0.693178 -0.0504553 -0.718998 -0.351565 -0.847165 0.398389 0.873464 3.19633 -0.802618</i>
                        <i>-0.629211 0.528929 0.569498 -0.693178 -0.0504553 -0.718998 -0.351565 -0.847165 0.398389 0.873464 3.19633 -0.802618</i>
                        <i>-0.629211 0.528929 0.569498 -0.693178 -0.0504553 -0.718998 -0.351565 -0.847165 0.398389 0.873464 3.19633 -0.802618</i>
                        <i>-0.629211 0.528929 0.569498 -0.693178 -0.0504553 -0.718998 -0.351565 -0.847165 0.398389 0.873464 3.19633 -0.802618</i>
                        <i>-0.629211 0.528929 0.569498 -0.693178 -0.0504553 -0.718998 -0.351565 -0.847165 0.398389 0.873464 3.19633 -0.802618</i>
                        <i>-0.629211 0.528929 0.569498 -0.693178 -0.0504553 -0.718998 -0.351565 -0.847165 0.398389 0.873464 3.19633 -0.802618</i>
                        <i>-0.629211 0.528929 0.569498 -0.693178 -0.0504553 -0.718998 -0.351565 -0.847165 0.398389 0.873464 3.19633 -0.802618</i>
                        <i>-0.629211 0.528929 0.569498 -0.693178 -0.0504553 -0.718998 -0.351565 -0.847165 0.398389 0.873464 3.19633 -0.802618</i>
                        <i>-0.629211 0.528929 0.569498 -0.693178 -0.0504553 -0.718998 -0.351565 -0.847165 0.398389 0.873464 3.19633 -0.802618</i>
                        <i>-0.629211 0.528929 0.569498 -0.693178 -0.0504553 -0.718998 -0.351565 -0.847165 0.398389 0.873464 3.19633 -0.802618</i>
                        <i>-0.629211 0.528929 0.569498 -0.693178 -0.0504553 -0.718998 -0.351565 -0.847165 0.398389 0.873464 3.19633 -0.802618</i>
                        <i>-0.629211 0.528929 0.569498 -0.693178 -0.0504553 -0.718998 -0.351565 -0.847165 0.398389 0.873464 3.19633 -0.802618</i>
                        <i>-0.629211 0.528929 0.569498 -0.693178 -0.0504553 -0.718998 -0.351565 -0.847165 0.398389 0.873464 3.19633 -0.802618</i>
                        <i>-0.629211 0.528929 0.569498 -0.693178 -0.0504553 -0.718998 -0.351565 -0.847165 0.398389 0.873464 3.19633 -0.802618</i>
                        <i>-0.629211 0.528929 0.569498 -0.693178 -0.0504553 -0.718998 -0.351565 -0.847165 0.398389 0.873464 3.19633 -0.802618</i>
                        <i>-0.634651 0.515377 0.575851 -0.692508 -0.048544 -0.719775 -0.343001 -0.855587 0.387711 0.867333 3.19123 -0.796221</i>
                        <i>-0.647019 0.483256 0.589772 -0.691016 -0.04471 -0.721455 -0.322279 -0.874337 0.362866 0.8553 3.17839 -0.783545</i>
                        <i>-0.657918 0.453333 0.60136 -0.689457 -0.0413274 -0.723147 -0.302973 -0.890383 0.339743 0.845707 3.16457 -0.773286</i>
                        <i>-0.6478 0.478543 0.592749 -0.690139 -0.0391651 -0.722616 -0.322588 -0.87719 0.355633 0.91303 3.12072 -0.832131</i>
                        <i>-0.602449 0.570122 0.558584 -0.69356 -0.0275841 -0.719871 -0.395006 -0.821097 0.412032 0.999672 3.11384 -0.90458</i>
                        <i>-0.565007 0.628288 0.53481 -0.706104 -0.0328801 -0.707345 -0.426832 -0.777286 0.462214 1.00726 3.1988 -0.904749</i>
                        <i>-0.575959 0.607976 0.546477 -0.717299 -0.0552077 -0.694575 -0.392115 -0.792034 0.467897 0.963562 3.29718 -0.864501</i>
                        <i>-0.598778 0.56644 0.566224 -0.713133 -0.0552646 -0.698847 -0.364563 -0.822248 0.437038 0.902641 3.3495 -0.811185</i>
                        <i>-0.597796 0.569387 0.564303 -0.708537 -0.0460035 -0.704173 -0.374987 -0.820781 0.430933 0.883573 3.31864 -0.795315</i>
                        <i>-0.56186 0.588657 0.581203 -0.736179 -0.0353607 -0.675863 -0.3773 -0.807609 0.453224 0.850649 3.24764 -0.843016</i>
                        <i>-0.492066 0.582545 0.646925 -0.80839 -0.0299812 -0.587883 -0.323073 -0.812245 0.485677 0.738203 3.19953 -0.937494</i>
                        <i>-0.39446 0.54259 0.741618 -0.891653 -0.0308873 -0.451664 -0.222162 -0.83943 0.495986 0.563169 3.1903 -1.03287</i>
                        <i>-0.267095 0.493313 0.82783 -0.957054 -0.0352976 -0.287754 -0.112732 -0.869136 0.481554 0.360712 3.19076 -1.10098</i>
                        <i>-0.132695 0.44564 0.885323 -0.990923 -0.0402528 -0.128261 -0.0215216 -0.894307 0.446937 0.170112 3.1972 -1.12974</i>
                        <i>-0.0257105 0.411107 0.911224 -0.99907 -0.0421308 -0.00918144 0.034616 -0.910613 0.411808 0.0314491 3.20676 -1.12978</i>
                        <i>0.0158527 0.393975 0.918984 -0.99914 -0.0289756 0.0296574 0.0383124 -0.918664 0.393177 -0.0209712 3.21676 -1.12327</i>
                        <i>0.0123897 0.3919 0.919924 -0.999915 0.00102884 0.0130287 0.0041595 -0.920007 0.391879 -0.0198931 3.22195 -1.12258</i>
                        <i>0.00886567 0.406259 0.913715 -0.999353 0.0354463 -0.00606361 -0.0348512 -0.91307 0.40631 -0.0184604 3.21539 -1.12838</i>
                        <i>0.0068218 0.431153 0.902253 -0.997844 0.061834 -0.0220036 -0.0652768 -0.900158 0.430645 -0.0169559 3.19825 -1.13822</i>
                        <i>0.00684212 0.456606 0.889643 -0.997223 0.0690985 -0.0277951 -0.0741644 -0.886981 0.455811 -0.0161953 3.17634 -1.14801</i>
                        <i>0.0119112 0.474946 0.879934 -0.998669 0.0498155 -0.0133695 -0.0501842 -0.878604 0.474908 -0.017281 3.15745 -1.1552</i>
                        <i>0.0221387 0.483527 0.875049 -0.999753 0.0125147 0.0183784 -0.00206451 -0.87524 0.483685 -0.0200483 3.15058 -1.15906</i>
                        <i>0.0334879 0.488354 0.872003 -0.99804 -0.0298109 0.0550234 0.0528661 -0.872136 0.486399 -0.0235671 3.15247 -1.16096</i>
                        <i>0.0421737 0.498934 0.865613 -0.994342 -0.0635874 0.0850969 0.0974999 -0.864304 0.493429 -0.026798 3.15462 -1.16336</i>
                        <i>0.0448273 0.517948 0.854236 -0.992308 -0.0756863 0.0979636 0.115394 -0.852057 0.510571 -0.0285319 3.15727 -1.16655</i>
                        <i>-0.0167828 0.487655 0.872875 -0.99916 -0.0408272 0.00359832 0.0373918 -0.872081 0.48793 -0.0240874 3.17805 -1.19199</i>
                        <i>-0.0405151 0.536849 0.842705 -0.99345 0.0685408 -0.0914267 -0.106842 -0.84089 0.530556 0.0928424 3.28946 -1.26863</i>
                        <i>-0.0351502 0.603067 0.796916 -0.951329 0.224099 -0.211548 -0.306165 -0.765566 0.565838 0.238489 3.42434 -1.353</i>
                        <i>-0.021527 0.698444 0.715341 -0.923468 0.260263 -0.281906 -0.383072 -0.666662 0.639388 0.38434 3.57001 -1.39899</i>
                        <i>0.00921565 0.887833 0.460074 -0.951236 0.149648 -0.269731 -0.308325 -0.435153 0.845918 0.549598 3.65529 -1.37429</i>
                        <i>0.0111461 0.996296 0.0852601 -0.983983 0.0260994 -0.176344 -0.177916 -0.0819289 0.980629 0.678065 3.57704 -1.39108</i>
                        <i>-0.0254073 0.993722 -0.108957 -0.998115 -0.0313079 -0.0527908 -0.0558706 0.10741 0.992644 0.729191 3.35813 -1.50671</i>
                        <i>-0.0388142 0.981026 -0.189951 -0.998971 -0.0336299 0.0304418 0.0234761 0.190937 0.981322 0.760195 3.10146 -1.58305</i>
                        <i>-0.0368463 0.995611 -0.0860246 -0.997716 -0.031774 0.0596057 0.0566108 0.0880244 0.994508 0.776747 2.89759 -1.45421</i>
                        <i>-0.0301263 0.999497 0.00988793 -0.99703 -0.0307504 0.0706052 0.0708738 -0.00773149 0.997455 0.781434 2.76193 -1.30424</i>
                        <i>-0.0217139 0.999299 0.0305022 -0.997893 -0.0235288 0.0604585 0.0611338 -0.0291251 0.997705 0.782566 2.7743 -1.25618</i>
                        <i>-0.0110636 0.997866 0.0643543 -0.999378 -0.01319 0.0327114 0.0334904 -0.0639524 0.997391 0.785374 2.82621 -1.2194</i>
                        <i>-0.000883234 0.994682 0.102989 -0.999999 -0.000756838 -0.00126635 -0.00118167 -0.10299 0.994682 0.78848 2.89314 -1.19344</i>
                        <i>0.00691876 0.990927 0.134223 -0.999493 0.0110245 -0.0298695 -0.0310782 -0.133949 0.990501 0.790834 2.95087 -1.17798</i>
                        <i>0.0101066 0.989055 0.1472 -0.998989 0.016434 -0.0418324 -0.0437936 -0.146629 0.988222 0.791749 2.97543 -1.17287</i>
                        <i>0.0101066 0.989055 0.1472 -0.998989 0.016434 -0.0418324 -0.0437936 -0.146629 0.988222 0.791749 2.97543 -1.17287</i>
                        <i>0.0101066 0.989055 0.1472 -0.998989 0.016434 -0.0418324 -0.0437936 -0.146629 0.988222 0.791749 2.97543 -1.17287</i>
                        <i>0.0101066 0.989055 0.1472 -0.998989 0.016434 -0.0418324 -0.0437936 -0.146629 0.988222 0.791749 2.97543 -1.17287</i>
                        <i>0.0101066 0.989055 0.1472 -0.998989 0.016434 -0.0418324 -0.0437936 -0.146629 0.988222 0.791749 2.97543 -1.17287</i>
                        <i>0.0101066 0.989055 0.1472 -0.998989 0.016434 -0.0418324 -0.0437936 -0.146629 0.988222 0.791749 2.97543 -1.17287</i>
                        <i>0.0101066 0.989055 0.1472 -0.998989 0.016434 -0.0418324 -0.0437936 -0.146629 0.988222 0.791749 2.97543 -1.17287</i>
                        <i>0.0101066 0.989055 0.1472 -0.998989 0.016434 -0.0418324 -0.0437936 -0.146629 0.988222 0.791749 2.97543 -1.17287</i>
                        <i>0.0101066 0.989055 0.1472 -0.998989 0.016434 -0.0418324 -0.0437936 -0.146629 0.988222 0.791749 2.97543 -1.17287</i>
                        <i>0.0101066 0.989055 0.1472 -0.998989 0.016434 -0.0418324 -0.0437936 -0.146629 0.988222 0.791749 2.97543 -1.17287</i>
                        <i>0.0101066 0.989055 0.1472 -0.998989 0.016434 -0.0418324 -0.0437936 -0.146629 0.988222 0.791749 2.97543 -1.17287</i>
                    </KeyFrames>
                </p>
            </i>
            <i>
                <p>
                    <Name><![CDATA[spine1]]></Name>
                    <Exclude>0</Exclude>
                    <Additive>0</Additive>
                    <IKPriority>0</IKPriority>
                    <IKRotLimits>-1e+010 -1e+010 -1e+010 1e+010 1e+010 1e+010</IKRotLimits>
                    <IKRotLimitOrder>0</IKRotLimitOrder>
                    <KeyFrames count="100">
                        <i>-0.0452508 0.913255 0.404868 -0.998741 -0.0325741 -0.0381492 -0.0216518 -0.406085 0.913579 0.79356 3.15251 -1.14656</i>
                        <i>-0.0421396 0.907948 0.416959 -0.998484 -0.0234739 -0.0497953 -0.0354239 -0.418425 0.90756 0.809804 3.07327 -1.18901</i>
                        <i>-0.0397661 0.919712 0.390573 -0.994328 0.00216688 -0.10634 -0.0986481 -0.392586 0.914409 0.846643 2.90602 -1.23896</i>
                        <i>-0.037972 0.931174 0.362593 -0.981113 0.0341319 -0.190399 -0.189671 -0.362975 0.912291 0.881963 2.75667 -1.28651</i>
                        <i>-0.0546317 0.92727 0.370387 -0.958188 0.0556581 -0.280673 -0.280874 -0.370234 0.885458 0.887238 2.73518 -1.32296</i>
                        <i>-0.115182 0.899351 0.421784 -0.928328 0.0536342 -0.367872 -0.353468 -0.433926 0.828715 0.856746 2.88922 -1.35867</i>
                        <i>-0.220354 0.85017 0.47818 -0.890438 0.0248034 -0.454428 -0.398201 -0.525924 0.751558 0.805694 3.1502 -1.39926</i>
                        <i>-0.350393 0.783085 0.513812 -0.844387 -0.0267466 -0.535066 -0.405259 -0.621339 0.670599 0.734125 3.45443 -1.43345</i>
                        <i>-0.470849 0.705545 0.52963 -0.798093 -0.0848112 -0.596536 -0.375964 -0.703572 0.603024 0.648194 3.73711 -1.45276</i>
                        <i>-0.544272 0.630614 0.553258 -0.776168 -0.128288 -0.617337 -0.318325 -0.76542 0.559286 0.561896 3.93285 -1.4475</i>
                        <i>-0.540399 0.555595 0.631889 -0.805593 -0.12487 -0.579161 -0.242875 -0.822023 0.515063 0.47274 4.01462 -1.39881</i>
                        <i>-0.449131 0.475848 0.756207 -0.874969 -0.0629203 -0.480074 -0.180861 -0.877274 0.444612 0.381352 4.01185 -1.31195</i>
                        <i>-0.289958 0.394364 0.87201 -0.944119 0.0313476 -0.328112 -0.156731 -0.918419 0.363237 0.30821 3.95134 -1.20946</i>
                        <i>-0.145228 0.336636 0.930368 -0.979857 0.0813374 -0.182383 -0.13707 -0.938115 0.318043 0.268431 3.86107 -1.11106</i>
                        <i>-0.145825 0.362862 0.920362 -0.986056 0.0220809 -0.16494 -0.080173 -0.931581 0.354583 0.214962 3.66912 -1.04295</i>
                        <i>-0.228913 0.428677 0.873977 -0.970097 -0.0260388 -0.241317 -0.0806897 -0.903083 0.421819 0.138033 3.41229 -1.01206</i>
                        <i>-0.274774 0.478877 0.833772 -0.954363 -0.0303068 -0.297109 -0.11701 -0.877359 0.46535 0.111788 3.27353 -1.00369</i>
                        <i>-0.285439 0.434522 0.854234 -0.952923 -0.0335488 -0.301351 -0.102285 -0.900036 0.423642 0.282661 3.23949 -0.995123</i>
                        <i>-0.528711 0.305742 0.791825 -0.838492 -0.043174 -0.543201 -0.131893 -0.951135 0.279189 0.40754 3.21992 -0.958091</i>
                        <i>-0.546214 0.196433 0.814288 -0.834578 -0.0445031 -0.549089 -0.0716207 -0.979507 0.188247 0.559272 3.19357 -0.896068</i>
                        <i>-0.648771 0.216939 0.729407 -0.753118 -0.045577 -0.656305 -0.109134 -0.975121 0.19295 0.681767 3.16705 -0.819355</i>
                        <i>-0.702384 0.287382 0.651206 -0.688957 -0.0445732 -0.723431 -0.178874 -0.956778 0.229301 0.757975 3.18774 -0.751033</i>
                        <i>-0.720051 0.310111 0.620772 -0.663066 -0.043689 -0.747285 -0.204621 -0.949696 0.237083 0.777469 3.22731 -0.716694</i>
                        <i>-0.712248 0.339076 0.614597 -0.664255 -0.0426036 -0.746291 -0.226866 -0.939794 0.255578 0.769016 3.26655 -0.709564</i>
                        <i>-0.701914 0.37386 0.606256 -0.665679 -0.0415676 -0.74508 -0.253355 -0.926553 0.278047 0.765116 3.28529 -0.706456</i>
                        <i>-0.694561 0.396263 0.600468 -0.666711 -0.0409012 -0.744193 -0.270336 -0.917226 0.292601 0.766158 3.28365 -0.707731</i>
                        <i>-0.692478 0.401808 0.599187 -0.667158 -0.0405952 -0.743809 -0.274545 -0.914824 0.296181 0.767893 3.27734 -0.709595</i>
                        <i>-0.690064 0.408407 0.597508 -0.667591 -0.0403327 -0.743435 -0.279525 -0.911908 0.300481 0.769987 3.26979 -0.711723</i>
                        <i>-0.688051 0.413919 0.596034 -0.667918 -0.0401483 -0.743151 -0.283675 -0.909428 0.304088 0.771731 3.26345 -0.713456</i>
                        <i>-0.687208 0.416227 0.5954 -0.668047 -0.0400785 -0.743039 -0.28541 -0.908377 0.305601 0.772458 3.26079 -0.71417</i>
                        <i>-0.688272 0.413918 0.59578 -0.667711 -0.0403652 -0.743326 -0.283627 -0.909419 0.30416 0.771866 3.26344 -0.713313</i>
                        <i>-0.690789 0.408403 0.596672 -0.666908 -0.0410477 -0.744009 -0.279364 -0.911878 0.300723 0.770429 3.26977 -0.711256</i>
                        <i>-0.693758 0.4018 0.597709 -0.665948 -0.0418603 -0.744823 -0.274249 -0.91477 0.296619 0.768665 3.27731 -0.708779</i>
                        <i>-0.696216 0.39625 0.598557 -0.665143 -0.0425394 -0.745504 -0.269943 -0.917157 0.293179 0.767146 3.28361 -0.706686</i>
                        <i>-0.697238 0.393918 0.598906 -0.664804 -0.0428237 -0.745789 -0.268132 -0.918148 0.291736 0.766499 3.28624 -0.705803</i>
                        <i>-0.697238 0.393918 0.598906 -0.664804 -0.0428237 -0.745789 -0.268132 -0.918148 0.291736 0.766499 3.28624 -0.705803</i>
                        <i>-0.697238 0.393918 0.598906 -0.664804 -0.0428237 -0.745789 -0.268132 -0.918148 0.291736 0.766499 3.28624 -0.705803</i>
                        <i>-0.697238 0.393918 0.598906 -0.664804 -0.0428237 -0.745789 -0.268132 -0.918148 0.291736 0.766499 3.28624 -0.705803</i>
                        <i>-0.697238 0.393918 0.598906 -0.664804 -0.0428237 -0.745789 -0.268132 -0.918148 0.291736 0.766499 3.28624 -0.705803</i>
                        <i>-0.697238 0.393918 0.598906 -0.664804 -0.0428237 -0.745789 -0.268132 -0.918148 0.291736 0.766499 3.28624 -0.705803</i>
                        <i>-0.697238 0.393918 0.598906 -0.664804 -0.0428237 -0.745789 -0.268132 -0.918148 0.291736 0.766499 3.28624 -0.705803</i>
                        <i>-0.697238 0.393918 0.598906 -0.664804 -0.0428237 -0.745789 -0.268132 -0.918148 0.291736 0.766499 3.28624 -0.705803</i>
                        <i>-0.697238 0.393918 0.598906 -0.664804 -0.0428237 -0.745789 -0.268132 -0.918148 0.291736 0.766499 3.28624 -0.705803</i>
                        <i>-0.697238 0.393918 0.598906 -0.664804 -0.0428237 -0.745789 -0.268132 -0.918148 0.291736 0.766499 3.28624 -0.705803</i>
                        <i>-0.697238 0.393918 0.598906 -0.664804 -0.0428237 -0.745789 -0.268132 -0.918148 0.291736 0.766499 3.28624 -0.705803</i>
                        <i>-0.697238 0.393918 0.598906 -0.664804 -0.0428237 -0.745789 -0.268132 -0.918148 0.291736 0.766499 3.28624 -0.705803</i>
                        <i>-0.697238 0.393918 0.598906 -0.664804 -0.0428237 -0.745789 -0.268132 -0.918148 0.291736 0.766499 3.28624 -0.705803</i>
                        <i>-0.697238 0.393918 0.598906 -0.664804 -0.0428237 -0.745789 -0.268132 -0.918148 0.291736 0.766499 3.28624 -0.705803</i>
                        <i>-0.697238 0.393918 0.598906 -0.664804 -0.0428237 -0.745789 -0.268132 -0.918148 0.291736 0.766499 3.28624 -0.705803</i>
                        <i>-0.697238 0.393918 0.598906 -0.664804 -0.0428237 -0.745789 -0.268132 -0.918148 0.291736 0.766499 3.28624 -0.705803</i>
                        <i>-0.685508 0.435721 0.583289 -0.662985 -0.0424949 -0.747426 -0.300883 -0.899078 0.318007 0.76097 3.27758 -0.699711</i>
                        <i>-0.651646 0.530439 0.542211 -0.658738 -0.0413549 -0.751235 -0.376061 -0.846714 0.376369 0.749056 3.2577 -0.686699</i>
                        <i>-0.610082 0.61789 0.495996 -0.654303 -0.0398309 -0.755182 -0.446864 -0.785255 0.428588 0.738237 3.23857 -0.675052</i>
                        <i>-0.582593 0.663172 0.469881 -0.654307 -0.0397298 -0.755185 -0.482149 -0.747412 0.457064 0.807146 3.19889 -0.735242</i>
                        <i>-0.643169 0.575984 0.504554 -0.645492 -0.0533712 -0.7619 -0.411914 -0.815717 0.40612 0.898833 3.20924 -0.811082</i>
                        <i>-0.73177 0.395388 0.55514 -0.633474 -0.094076 -0.768024 -0.251442 -0.913684 0.31931 0.903216 3.31459 -0.806273</i>
                        <i>-0.765363 0.278969 0.579997 -0.62744 -0.12275 -0.768929 -0.143313 -0.952423 0.268985 0.850405 3.41681 -0.757151</i>
                        <i>-0.772723 0.241086 0.587177 -0.623596 -0.115732 -0.773133 -0.118436 -0.963579 0.239769 0.786156 3.45986 -0.701046</i>
                        <i>-0.763833 0.278938 0.582024 -0.626445 -0.103395 -0.772577 -0.155322 -0.954727 0.253716 0.770282 3.42668 -0.688379</i>
                        <i>-0.713364 0.358918 0.601905 -0.667907 -0.0881884 -0.739001 -0.212159 -0.929194 0.302634 0.747959 3.35531 -0.736794</i>
                        <i>-0.610304 0.431349 0.66443 -0.75737 -0.0718632 -0.64902 -0.232206 -0.899318 0.370549 0.651718 3.30195 -0.823792</i>
                        <i>-0.471346 0.483441 0.737644 -0.857893 -0.0573121 -0.510622 -0.20458 -0.873499 0.441754 0.496191 3.28242 -0.906941</i>
                        <i>-0.313428 0.532712 0.786118 -0.938425 -0.0470584 -0.342264 -0.145335 -0.844988 0.514659 0.316444 3.27248 -0.963768</i>
                        <i>-0.169059 0.574874 0.800587 -0.983172 -0.041319 -0.177946 -0.069217 -0.817198 0.572185 0.148382 3.27013 -0.984747</i>
                        <i>-0.0693904 0.605006 0.793192 -0.997582 -0.0390496 -0.057486 -0.00380548 -0.795263 0.606252 0.027249 3.2739 -0.980841</i>
                        <i>-0.0344943 0.614523 0.788145 -0.999291 -0.0331119 -0.0179178 0.0150861 -0.788204 0.615229 -0.0183752 3.28118 -0.972867</i>
                        <i>-0.0370141 0.606592 0.794151 -0.999312 -0.0207041 -0.030762 -0.00221779 -0.794744 0.606941 -0.0178658 3.28602 -0.972053</i>
                        <i>-0.0410504 0.594455 0.80308 -0.998942 -0.00775046 -0.0453251 -0.0207195 -0.804092 0.594144 -0.0170128 3.28176 -0.978988</i>
                        <i>-0.0463306 0.585885 0.809069 -0.998344 0.00049142 -0.0575252 -0.0341008 -0.810394 0.584892 -0.015844 3.26868 -0.990725</i>
