<?xml version="1.0" encoding="ISO-8859-1" ?>
<Animl Version="1">
    <ModellingPackage><![CDATA[Maya.2010]]></ModellingPackage>
    <SrcFile><![CDATA[anims\turrets\antitank\blue\~src\at_m40recoilless\antitank_m40recoilless_fire_crewman_c.mb]]></SrcFile>
    <FramesPerSecond>30</FramesPerSecond>
    <TotalFrames>40</TotalFrames>
    <Skeleton>
        <RefFrame>
            <Name><![CDATA[soldier_ref_frame]]></Name>
            <Exclude>0</Exclude>
            <Additive>0</Additive>
            <IKPriority>0</IKPriority>
            <IKRotLimits>-1e+010 -1e+010 -1e+010 1e+010 1e+010 1e+010</IKRotLimits>
            <IKRotLimitOrder>0</IKRotLimitOrder>
            <KeyFrames count="40">
                <i>1 0 0 0 1 0 0 0 1 -0.85 0.9 2</i>
                <i>1 0 0 0 1 0 0 0 1 -0.85 0.9 2</i>
                <i>1 0 0 0 1 0 0 0 1 -0.85 0.9 2</i>
                <i>1 0 0 0 1 0 0 0 1 -0.85 0.9 2</i>
                <i>1 0 0 0 1 0 0 0 1 -0.85 0.9 2</i>
                <i>1 0 0 0 1 0 0 0 1 -0.85 0.9 2</i>
                <i>1 0 0 0 1 0 0 0 1 -0.85 0.9 2</i>
                <i>1 0 0 0 1 0 0 0 1 -0.85 0.9 2</i>
                <i>1 0 0 0 1 0 0 0 1 -0.85 0.9 2</i>
                <i>1 0 0 0 1 0 0 0 1 -0.85 0.9 2</i>
                <i>1 0 0 0 1 0 0 0 1 -0.85 0.9 2</i>
                <i>1 0 0 0 1 0 0 0 1 -0.85 0.9 2</i>
                <i>1 0 0 0 1 0 0 0 1 -0.85 0.9 2</i>
                <i>1 0 0 0 1 0 0 0 1 -0.85 0.9 2</i>
                <i>1 0 0 0 1 0 0 0 1 -0.85 0.9 2</i>
                <i>1 0 0 0 1 0 0 0 1 -0.85 0.9 2</i>
                <i>1 0 0 0 1 0 0 0 1 -0.85 0.9 2</i>
                <i>1 0 0 0 1 0 0 0 1 -0.85 0.9 2</i>
                <i>1 0 0 0 1 0 0 0 1 -0.85 0.9 2</i>
                <i>1 0 0 0 1 0 0 0 1 -0.85 0.9 2</i>
                <i>1 0 0 0 1 0 0 0 1 -0.85 0.9 2</i>
                <i>1 0 0 0 1 0 0 0 1 -0.85 0.9 2</i>
                <i>1 0 0 0 1 0 0 0 1 -0.85 0.9 2</i>
                <i>1 0 0 0 1 0 0 0 1 -0.85 0.9 2</i>
                <i>1 0 0 0 1 0 0 0 1 -0.85 0.9 2</i>
                <i>1 0 0 0 1 0 0 0 1 -0.85 0.9 2</i>
                <i>1 0 0 0 1 0 0 0 1 -0.85 0.9 2</i>
                <i>1 0 0 0 1 0 0 0 1 -0.85 0.9 2</i>
                <i>1 0 0 0 1 0 0 0 1 -0.85 0.9 2</i>
                <i>1 0 0 0 1 0 0 0 1 -0.85 0.9 2</i>
                <i>1 0 0 0 1 0 0 0 1 -0.85 0.9 2</i>
                <i>1 0 0 0 1 0 0 0 1 -0.85 0.9 2</i>
                <i>1 0 0 0 1 0 0 0 1 -0.85 0.9 2</i>
                <i>1 0 0 0 1 0 0 0 1 -0.85 0.9 2</i>
                <i>1 0 0 0 1 0 0 0 1 -0.85 0.9 2</i>
                <i>1 0 0 0 1 0 0 0 1 -0.85 0.9 2</i>
                <i>1 0 0 0 1 0 0 0 1 -0.85 0.9 2</i>
                <i>1 0 0 0 1 0 0 0 1 -0.85 0.9 2</i>
                <i>1 0 0 0 1 0 0 0 1 -0.85 0.9 2</i>
                <i>1 0 0 0 1 0 0 0 1 -0.85 0.9 2</i>
            </KeyFrames>
        </RefFrame>
        <Bones count="23">
            <i>
                <p>
                    <Name><![CDATA[pelvis]]></Name>
                    <Exclude>0</Exclude>
                    <Additive>0</Additive>
                    <IKPriority>0</IKPriority>
                    <IKRotLimits>-1e+010 -1e+010 -1e+010 1e+010 1e+010 1e+010</IKRotLimits>
                    <IKRotLimitOrder>2</IKRotLimitOrder>
                    <KeyFrames count="40">
                        <i>1 0 0 0 1 0 0 0 1 -0.884165 1.85991 1.76447</i>
                        <i>1 0 0 0 1 0 0 0 1 -0.884165 1.80056 1.76447</i>
                        <i>1 0 0 0 1 0 0 0 1 -0.884165 1.68506 1.76447</i>
                        <i>1 0 0 0 1 0 0 0 1 -0.884165 1.60067 1.76447</i>
                        <i>1 0 0 0 1 0 0 0 1 -0.884165 1.5884 1.76447</i>
                        <i>1 0 0 0 1 0 0 0 1 -0.884165 1.60723 1.76447</i>
                        <i>1 0 0 0 1 0 0 0 1 -0.884165 1.62145 1.76447</i>
                        <i>1 0 0 0 1 0 0 0 1 -0.884165 1.62056 1.76447</i>
                        <i>1 0 0 0 1 0 0 0 1 -0.884165 1.6182 1.76447</i>
                        <i>1 0 0 0 1 0 0 0 1 -0.884165 1.61487 1.76447</i>
                        <i>1 0 0 0 1 0 0 0 1 -0.884165 1.61106 1.76447</i>
                        <i>1 0 0 0 1 0 0 0 1 -0.884165 1.60725 1.76447</i>
                        <i>1 0 0 0 1 0 0 0 1 -0.884165 1.60392 1.76447</i>
                        <i>1 0 0 0 1 0 0 0 1 -0.884165 1.60157 1.76447</i>
                        <i>1 0 0 0 1 0 0 0 1 -0.884165 1.60067 1.76447</i>
                        <i>1 0 0 0 1 0 0 0 1 -0.884165 1.60067 1.76447</i>
                        <i>1 0 0 0 1 0 0 0 1 -0.884165 1.60067 1.76447</i>
                        <i>1 0 0 0 1 0 0 0 1 -0.884165 1.60067 1.76447</i>
                        <i>1 0 0 0 1 0 0 0 1 -0.884165 1.60067 1.76447</i>
                        <i>1 0 0 0 1 0 0 0 1 -0.884165 1.60067 1.76447</i>
                        <i>1 0 0 0 1 0 0 0 1 -0.884165 1.60067 1.76447</i>
                        <i>1 0 0 0 1 0 0 0 1 -0.884165 1.60067 1.76447</i>
                        <i>1 0 0 0 1 0 0 0 1 -0.884165 1.60067 1.76447</i>
                        <i>1 0 0 0 1 0 0 0 1 -0.884165 1.60067 1.76447</i>
                        <i>1 0 0 0 1 0 0 0 1 -0.884165 1.60067 1.76447</i>
                        <i>1 0 0 0 1 0 0 0 1 -0.884165 1.62749 1.76447</i>
                        <i>1 0 0 0 1 0 0 0 1 -0.884165 1.69148 1.76447</i>
                        <i>1 0 0 0 1 0 0 0 1 -0.884165 1.76799 1.76447</i>
                        <i>1 0 0 0 1 0 0 0 1 -0.884165 1.83235 1.76447</i>
                        <i>1 0 0 0 1 0 0 0 1 -0.884165 1.85991 1.76447</i>
                        <i>1 0 0 0 1 0 0 0 1 -0.884165 1.85991 1.76447</i>
                        <i>1 0 0 0 1 0 0 0 1 -0.884165 1.85991 1.76447</i>
                        <i>1 0 0 0 1 0 0 0 1 -0.884165 1.85991 1.76447</i>
                        <i>1 0 0 0 1 0 0 0 1 -0.884165 1.85991 1.76447</i>
                        <i>1 0 0 0 1 0 0 0 1 -0.884165 1.85991 1.76447</i>
                        <i>1 0 0 0 1 0 0 0 1 -0.884165 1.85991 1.76447</i>
                        <i>1 0 0 0 1 0 0 0 1 -0.884165 1.85991 1.76447</i>
                        <i>1 0 0 0 1 0 0 0 1 -0.884165 1.85991 1.76447</i>
                        <i>1 0 0 0 1 0 0 0 1 -0.884165 1.85991 1.76447</i>
                        <i>1 0 0 0 1 0 0 0 1 -0.884165 1.85991 1.76447</i>
                    </KeyFrames>
                </p>
            </i>
            <i>
                <p>
                    <Name><![CDATA[spine0]]></Name>
                    <Exclude>0</Exclude>
                    <Additive>0</Additive>
                    <IKPriority>0</IKPriority>
                    <IKRotLimits>-1e+010 -1e+010 -1e+010 1e+010 1e+010 1e+010</IKRotLimits>
                    <IKRotLimitOrder>0</IKRotLimitOrder>
                    <KeyFrames count="40">
                        <i>-0.181819 0.781009 0.597467 -0.968537 -0.0372349 -0.246067 -0.169934 -0.623409 0.763206 -0.886539 2.00234 1.74434</i>
                        <i>-0.169368 0.815973 0.552723 -0.968754 -0.0347312 -0.245578 -0.181188 -0.577046 0.79636 -0.886539 1.94299 1.74434</i>
                        <i>-0.176461 0.797302 0.57721 -0.968614 -0.0363588 -0.245896 -0.175067 -0.602485 0.778693 -0.886539 1.82749 1.74434</i>
                        <i>-0.184839 0.77316 0.606678 -0.968444 -0.0382831 -0.246272 -0.167182 -0.633054 0.755839 -0.886539 1.7431 1.74434</i>
                        <i>-0.192727 0.74804 0.635053 -0.968281 -0.0400972 -0.246625 -0.159021 -0.662441 0.732041 -0.886539 1.73082 1.74434</i>
                        <i>-0.199907 0.723096 0.661188 -0.968122 -0.0418292 -0.246961 -0.150919 -0.68948 0.708407 -0.886539 1.74966 1.74434</i>
                        <i>-0.204004 0.707879 0.676232 -0.968026 -0.0428639 -0.247161 -0.145974 -0.705032 0.693989 -0.886539 1.76388 1.74434</i>
                        <i>-0.200324 0.722073 0.662179 -0.968101 -0.0420621 -0.247006 -0.150504 -0.690537 0.707465 -0.886539 1.76298 1.74434</i>
                        <i>-0.191598 0.752623 0.629959 -0.968283 -0.0400742 -0.24662 -0.160367 -0.657231 0.736431 -0.886539 1.76063 1.74434</i>
                        <i>-0.185682 0.770581 0.609694 -0.968427 -0.0384735 -0.246309 -0.166344 -0.63618 0.753396 -0.886539 1.7573 1.74434</i>
                        <i>-0.184533 0.773001 0.606974 -0.96848 -0.037883 -0.246194 -0.167314 -0.633273 0.755627 -0.886539 1.75349 1.74434</i>
                        <i>-0.185102 0.771121 0.609188 -0.968472 -0.037968 -0.24621 -0.166728 -0.635556 0.753837 -0.886539 1.74967 1.74434</i>
                        <i>-0.186561 0.767024 0.613897 -0.968432 -0.0384205 -0.246298 -0.165331 -0.640467 0.749978 -0.886539 1.74635 1.74434</i>
                        <i>-0.188075 0.762839 0.618631 -0.968386 -0.0389331 -0.246398 -0.163877 -0.645415 0.746046 -0.886539 1.74399 1.74434</i>
                        <i>-0.188776 0.760904 0.620796 -0.968364 -0.0391789 -0.246446 -0.1632 -0.64768 0.744229 -0.886539 1.7431 1.74434</i>
                        <i>-0.188776 0.760904 0.620796 -0.968364 -0.0391789 -0.246446 -0.1632 -0.64768 0.744229 -0.886539 1.7431 1.74434</i>
                        <i>-0.188776 0.760904 0.620796 -0.968364 -0.0391789 -0.246446 -0.1632 -0.64768 0.744229 -0.886539 1.7431 1.74434</i>
                        <i>-0.188776 0.760904 0.620796 -0.968364 -0.0391789 -0.246446 -0.1632 -0.64768 0.744229 -0.886539 1.7431 1.74434</i>
                        <i>-0.188776 0.760904 0.620796 -0.968364 -0.0391789 -0.246446 -0.1632 -0.64768 0.744229 -0.886539 1.7431 1.74434</i>
                        <i>-0.188776 0.760904 0.620796 -0.968364 -0.0391789 -0.246446 -0.1632 -0.64768 0.744229 -0.886539 1.7431 1.74434</i>
                        <i>-0.188776 0.760904 0.620796 -0.968364 -0.0391789 -0.246446 -0.1632 -0.64768 0.744229 -0.886539 1.7431 1.74434</i>
                        <i>-0.188776 0.760904 0.620796 -0.968364 -0.0391789 -0.246446 -0.1632 -0.64768 0.744229 -0.886539 1.7431 1.74434</i>
                        <i>-0.188776 0.760904 0.620796 -0.968364 -0.0391789 -0.246446 -0.1632 -0.64768 0.744229 -0.886539 1.7431 1.74434</i>
                        <i>-0.188776 0.760904 0.620796 -0.968364 -0.0391789 -0.246446 -0.1632 -0.64768 0.744229 -0.886539 1.7431 1.74434</i>
                        <i>-0.188776 0.760904 0.620796 -0.968364 -0.0391789 -0.246446 -0.1632 -0.64768 0.744229 -0.886539 1.7431 1.74434</i>
                        <i>-0.188066 0.763021 0.618409 -0.968382 -0.0389765 -0.246407 -0.16391 -0.645197 0.746227 -0.886539 1.76991 1.74434</i>
                        <i>-0.186361 0.768043 0.612683 -0.968426 -0.0384945 -0.246313 -0.165594 -0.639241 0.750966 -0.886539 1.83391 1.74434</i>
                        <i>-0.184306 0.773981 0.605793 -0.968477 -0.0379204 -0.246201 -0.167583 -0.632073 0.756571 -0.886539 1.91042 1.74434</i>
                        <i>-0.182566 0.778915 0.599968 -0.968519 -0.0374399 -0.246107 -0.169234 -0.626011 0.761229 -0.886539 1.97478 1.74434</i>
                        <i>-0.181819 0.781009 0.597467 -0.968537 -0.0372349 -0.246067 -0.169934 -0.623409 0.763206 -0.886539 2.00234 1.74434</i>
                        <i>-0.181819 0.781009 0.597467 -0.968537 -0.0372349 -0.246067 -0.169934 -0.623409 0.763206 -0.886539 2.00234 1.74434</i>
                        <i>-0.181819 0.781009 0.597467 -0.968537 -0.0372349 -0.246067 -0.169934 -0.623409 0.763206 -0.886539 2.00234 1.74434</i>
                        <i>-0.181819 0.781009 0.597467 -0.968537 -0.0372349 -0.246067 -0.169934 -0.623409 0.763206 -0.886539 2.00234 1.74434</i>
                        <i>-0.181819 0.781009 0.597467 -0.968537 -0.0372349 -0.246067 -0.169934 -0.623409 0.763206 -0.886539 2.00234 1.74434</i>
                        <i>-0.181819 0.781009 0.597467 -0.968537 -0.0372349 -0.246067 -0.169934 -0.623409 0.763206 -0.886539 2.00234 1.74434</i>
                        <i>-0.181819 0.781009 0.597467 -0.968537 -0.0372349 -0.246067 -0.169934 -0.623409 0.763206 -0.886539 2.00234 1.74434</i>
                        <i>-0.181819 0.781009 0.597467 -0.968537 -0.0372349 -0.246067 -0.169934 -0.623409 0.763206 -0.886539 2.00234 1.74434</i>
                        <i>-0.181819 0.781009 0.597467 -0.968537 -0.0372349 -0.246067 -0.169934 -0.623409 0.763206 -0.886539 2.00234 1.74434</i>
                        <i>-0.181819 0.781009 0.597467 -0.968537 -0.0372349 -0.246067 -0.169934 -0.623409 0.763206 -0.886539 2.00234 1.74434</i>
                        <i>-0.181819 0.781009 0.597467 -0.968537 -0.0372349 -0.246067 -0.169934 -0.623409 0.763206 -0.886539 2.00234 1.74434</i>
                    </KeyFrames>
                </p>
            </i>
            <i>
                <p>
                    <Name><![CDATA[spine1]]></Name>
                    <Exclude>0</Exclude>
                    <Additive>0</Additive>
                    <IKPriority>0</IKPriority>
                    <IKRotLimits>-1e+010 -1e+010 -1e+010 1e+010 1e+010 1e+010</IKRotLimits>
                    <IKRotLimitOrder>0</IKRotLimitOrder>
                    <KeyFrames count="40">
                        <i>-0.216322 0.346029 0.912945 -0.970087 0.0293318 -0.240979 -0.110164 -0.937765 0.329333 -0.919165 2.14255 1.85154</i>
                        <i>-0.20689 0.447818 0.869859 -0.969605 0.0248521 -0.243408 -0.130621 -0.893779 0.429066 -0.918281 2.09606 1.84791</i>
                        <i>-0.21012 0.417472 0.884062 -0.96973 0.0260559 -0.242785 -0.124391 -0.908316 0.399361 -0.919111 1.97477 1.85087</i>
                        <i>-0.214562 0.369329 0.90419 -0.969938 0.0282575 -0.241706 -0.114819 -0.928869 0.352163 -0.919934 1.88286 1.85394</i>
                        <i>-0.218731 0.314427 0.923738 -0.970198 0.0310843 -0.240313 -0.104274 -0.948773 0.298257 -0.920621 1.86315 1.85664</i>
                        <i>-0.22173 0.265437 0.938285 -0.970447 0.0339023 -0.238921 -0.0952286 -0.963532 0.250075 -0.92129 1.87538 1.85928</i>
                        <i>-0.223127 0.237961 0.945298 -0.970595 0.0356299 -0.238067 -0.0903317 -0.970621 0.223014 -0.921689 1.88585 1.86086</i>
                        <i>-0.221994 0.263532 0.93876 -0.970438 0.0337981 -0.238973 -0.0947052 -0.964059 0.248238 -0.92134 1.88844 1.85938</i>
                        <i>-0.218383 0.324001 0.920506 -0.970114 0.0301603 -0.240768 -0.105772 -0.945576 0.307732 -0.920542 1.89424 1.85613</i>
                        <i>-0.215053 0.363415 0.906467 -0.969965 0.0285474 -0.241563 -0.113665 -0.93119 0.34636 -0.920005 1.89626 1.85422</i>
                        <i>-0.214141 0.368968 0.904437 -0.969991 0.02883 -0.241424 -0.115153 -0.928995 0.351723 -0.919874 1.8932 1.85398</i>
                        <i>-0.214443 0.364654 0.906113 -0.970018 0.029114 -0.241284 -0.114366 -0.930688 0.347478 -0.919918 1.8888 1.85419</i>
                        <i>-0.215366 0.35537 0.909577 -0.970042 0.0293704 -0.241157 -0.112415 -0.934264 0.338398 -0.920054 1.88421 1.85462</i>
                        <i>-0.216323 0.346053 0.912936 -0.970059 0.0295607 -0.241064 -0.110408 -0.937749 0.329297 -0.920201 1.88059 1.85506</i>
                        <i>-0.216762 0.341801 0.914432 -0.970066 0.0296357 -0.241027 -0.109483 -0.939305 0.325146 -0.92027 1.87912 1.85526</i>
                        <i>-0.216762 0.341801 0.914432 -0.970066 0.0296357 -0.241027 -0.109483 -0.939305 0.325146 -0.92027 1.87912 1.85526</i>
                        <i>-0.216762 0.341801 0.914432 -0.970066 0.0296357 -0.241027 -0.109483 -0.939305 0.325146 -0.92027 1.87912 1.85526</i>
                        <i>-0.216762 0.341801 0.914432 -0.970066 0.0296357 -0.241027 -0.109483 -0.939305 0.325146 -0.92027 1.87912 1.85526</i>
                        <i>-0.216762 0.341801 0.914432 -0.970066 0.0296357 -0.241027 -0.109483 -0.939305 0.325146 -0.92027 1.87912 1.85526</i>
                        <i>-0.216762 0.341801 0.914432 -0.970066 0.0296357 -0.241027 -0.109483 -0.939305 0.325146 -0.92027 1.87912 1.85526</i>
                        <i>-0.216762 0.341801 0.914432 -0.970066 0.0296357 -0.241027 -0.109483 -0.939305 0.325146 -0.92027 1.87912 1.85526</i>
                        <i>-0.216762 0.341801 0.914432 -0.970066 0.0296357 -0.241027 -0.109483 -0.939305 0.325146 -0.92027 1.87912 1.85526</i>
                        <i>-0.216762 0.341801 0.914432 -0.970066 0.0296357 -0.241027 -0.109483 -0.939305 0.325146 -0.92027 1.87912 1.85526</i>
                        <i>-0.216762 0.341801 0.914432 -0.970066 0.0296357 -0.241027 -0.109483 -0.939305 0.325146 -0.92027 1.87912 1.85526</i>
                        <i>-0.216762 0.341801 0.914432 -0.970066 0.0296357 -0.241027 -0.109483 -0.939305 0.325146 -0.92027 1.87912 1.85526</i>
                        <i>-0.216716 0.342211 0.91429 -0.970068 0.029609 -0.24102 -0.109551 -0.939156 0.325552 -0.920156 1.90636 1.85488</i>
                        <i>-0.216608 0.343213 0.91394 -0.970074 0.0295408 -0.241006 -0.109715 -0.938793 0.326543 -0.919884 1.97139 1.85396</i>
                        <i>-0.216479 0.344457 0.913502 -0.97008 0.0294509 -0.240992 -0.109915 -0.93834 0.327776 -0.919558 2.04914 1.85286</i>
                        <i>-0.216369 0.345548 0.913116 -0.970085 0.0293687 -0.240982 -0.110088 -0.937941 0.328857 -0.919282 2.11455 1.85194</i>
                        <i>-0.216322 0.346029 0.912945 -0.970087 0.0293318 -0.240979 -0.110164 -0.937765 0.329333 -0.919165 2.14255 1.85154</i>
                        <i>-0.216322 0.346029 0.912945 -0.970087 0.0293318 -0.240979 -0.110164 -0.937765 0.329333 -0.919165 2.14255 1.85154</i>
                        <i>-0.216322 0.346029 0.912945 -0.970087 0.0293318 -0.240979 -0.110164 -0.937765 0.329333 -0.919165 2.14255 1.85154</i>
                        <i>-0.216322 0.346029 0.912945 -0.970087 0.0293318 -0.240979 -0.110164 -0.937765 0.329333 -0.919165 2.14255 1.85154</i>
                        <i>-0.216322 0.346029 0.912945 -0.970087 0.0293318 -0.240979 -0.110164 -0.937765 0.329333 -0.919165 2.14255 1.85154</i>
                        <i>-0.216322 0.346029 0.912945 -0.970087 0.0293318 -0.240979 -0.110164 -0.937765 0.329333 -0.919165 2.14255 1.85154</i>
                        <i>-0.216322 0.346029 0.912945 -0.970087 0.0293318 -0.240979 -0.110164 -0.937765 0.329333 -0.919165 2.14255 1.85154</i>
                        <i>-0.216322 0.346029 0.912945 -0.970087 0.0293318 -0.240979 -0.110164 -0.937765 0.329333 -0.919165 2.14255 1.85154</i>
                        <i>-0.216322 0.346029 0.912945 -0.970087 0.0293318 -0.240979 -0.110164 -0.937765 0.329333 -0.919165 2.14255 1.85154</i>
                        <i>-0.216322 0.346029 0.912945 -0.970087 0.0293318 -0.240979 -0.110164 -0.937765 0.329333 -0.919165 2.14255 1.85154</i>
                        <i>-0.216322 0.346029 0.912945 -0.970087 0.0293318 -0.240979 -0.110164 -0.937765 0.329333 -0.919165 2.14255 1.85154</i>
                    </KeyFrames>
                </p>
            </i>
            <i>
                <p>
                    <Name><![CDATA[spine2]]></Name>
                    <Exclude>0</Exclude>
                    <Additive>0</Additive>
                    <IKPriority>0</IKPriority>
                    <IKRotLimits>-1e+010 -1e+010 -1e+010 1e+010 1e+010 1e+010</IKRotLimits>
                    <IKRotLimitOrder>0</IKRotLimitOrder>
                    <KeyFrames count="40">
                        <i>-0.211875 0.351828 0.911771 -0.969635 0.0409178 -0.241111 -0.122137 -0.93517 0.332476 -0.954893 2.19935 2.00212</i>
                        <i>-0.206629 0.40214 0.891957 -0.969327 0.0398538 -0.24252 -0.133075 -0.91471 0.38157 -0.954006 2.1729 1.99793</i>
                        <i>-0.204696 0.412494 0.887665 -0.969326 0.0406115 -0.2424 -0.136038 -0.910055 0.391528 -0.954835 2.04532 2.00098</i>
                        <i>-0.204715 0.407573 0.88993 -0.969395 0.0414589 -0.241982 -0.135521 -0.912231 0.386612 -0.955625 1.94394 2.00414</i>
                        <i>-0.206436 0.390323 0.897236 -0.969511 0.0421371 -0.241397 -0.13203 -0.919713 0.369724 -0.956221 1.91402 2.00676</i>
                        <i>-0.207763 0.376537 0.902803 -0.969603 0.0426737 -0.240934 -0.129246 -0.925418 0.356226 -0.956756 1.91758 2.00912</i>
                        <i>-0.208429 0.369455 0.905572 -0.969649 0.0429462 -0.240699 -0.127818 -0.928256 0.349291 -0.95706 1.92335 2.01046</i>
                        <i>-0.207876 0.376032 0.902988 -0.969597 0.042637 -0.240965 -0.129111 -0.925625 0.355736 -0.956825 1.93032 2.0092</i>
                        <i>-0.206288 0.393193 0.896016 -0.969473 0.0419111 -0.241592 -0.132545 -0.9185 0.372544 -0.956212 1.94686 2.00627</i>
                        <i>-0.204913 0.405621 0.890776 -0.969408 0.0415359 -0.241915 -0.135125 -0.913097 0.384701 -0.955689 1.9562 2.00442</i>
                        <i>-0.204533 0.407453 0.890027 -0.969424 0.0416281 -0.241836 -0.135587 -0.912277 0.38648 -0.955491 1.95421 2.0042</i>
                        <i>-0.204654 0.406027 0.890651 -0.969437 0.0417049 -0.241769 -0.135309 -0.912909 0.385083 -0.955521 1.94899 2.00441</i>
                        <i>-0.205033 0.403002 0.891937 -0.969447 0.0417624 -0.24172 -0.134663 -0.914246 0.382126 -0.955673 1.94264 2.00484</i>
                        <i>-0.205429 0.400023 0.893186 -0.969453 0.0417975 -0.24169 -0.134014 -0.915552 0.379217 -0.955843 1.93727 2.00526</i>
                        <i>-0.205611 0.398682 0.893743 -0.969455 0.0418092 -0.241679 -0.13372 -0.916136 0.377907 -0.955923 1.93501 2.00545</i>
                        <i>-0.205611 0.398682 0.893743 -0.969455 0.0418092 -0.241679 -0.13372 -0.916136 0.377907 -0.955923 1.93501 2.00545</i>
                        <i>-0.205611 0.398682 0.893743 -0.969455 0.0418092 -0.241679 -0.13372 -0.916136 0.377907 -0.955923 1.93501 2.00545</i>
                        <i>-0.205611 0.398682 0.893743 -0.969455 0.0418092 -0.241679 -0.13372 -0.916136 0.377907 -0.955923 1.93501 2.00545</i>
                        <i>-0.205611 0.398682 0.893743 -0.969455 0.0418092 -0.241679 -0.13372 -0.916136 0.377907 -0.955923 1.93501 2.00545</i>
                        <i>-0.205611 0.398682 0.893743 -0.969455 0.0418092 -0.241679 -0.13372 -0.916136 0.377907 -0.955923 1.93501 2.00545</i>
                        <i>-0.205611 0.398682 0.893743 -0.969455 0.0418092 -0.241679 -0.13372 -0.916136 0.377907 -0.955923 1.93501 2.00545</i>
                        <i>-0.205611 0.398682 0.893743 -0.969455 0.0418092 -0.241679 -0.13372 -0.916136 0.377907 -0.955923 1.93501 2.00545</i>
                        <i>-0.205611 0.398682 0.893743 -0.969455 0.0418092 -0.241679 -0.13372 -0.916136 0.377907 -0.955923 1.93501 2.00545</i>
                        <i>-0.205611 0.398682 0.893743 -0.969455 0.0418092 -0.241679 -0.13372 -0.916136 0.377907 -0.955923 1.93501 2.00545</i>
                        <i>-0.205611 0.398682 0.893743 -0.969455 0.0418092 -0.241679 -0.13372 -0.916136 0.377907 -0.955923 1.93501 2.00545</i>
                        <i>-0.206288 0.393868 0.895719 -0.969474 0.0417171 -0.241618 -0.132533 -0.91822 0.37324 -0.955815 1.96234 2.0051</i>
                        <i>-0.207877 0.382348 0.900332 -0.96952 0.0414972 -0.241474 -0.129688 -0.923086 0.362067 -0.955559 2.02758 2.00427</i>
                        <i>-0.209726 0.368517 0.905655 -0.969573 0.0412342 -0.241306 -0.126269 -0.928706 0.348656 -0.955254 2.10559 2.00329</i>
                        <i>-0.211239 0.356839 0.909969 -0.969616 0.0410127 -0.241169 -0.123379 -0.933265 0.337333 -0.955001 2.17124 2.00247</i>
                        <i>-0.211875 0.351828 0.911771 -0.969635 0.0409178 -0.241111 -0.122137 -0.93517 0.332476 -0.954893 2.19935 2.00212</i>
                        <i>-0.211875 0.351828 0.911771 -0.969635 0.0409178 -0.241111 -0.122137 -0.93517 0.332476 -0.954893 2.19935 2.00212</i>
                        <i>-0.211875 0.351828 0.911771 -0.969635 0.0409178 -0.241111 -0.122137 -0.93517 0.332476 -0.954893 2.19935 2.00212</i>
                        <i>-0.211875 0.351828 0.911771 -0.969635 0.0409178 -0.241111 -0.122137 -0.93517 0.332476 -0.954893 2.19935 2.00212</i>
                        <i>-0.211875 0.351828 0.911771 -0.969635 0.0409178 -0.241111 -0.122137 -0.93517 0.332476 -0.954893 2.19935 2.00212</i>
                        <i>-0.211875 0.351828 0.911771 -0.969635 0.0409178 -0.241111 -0.122137 -0.93517 0.332476 -0.954893 2.19935 2.00212</i>
                        <i>-0.211875 0.351828 0.911771 -0.969635 0.0409178 -0.241111 -0.122137 -0.93517 0.332476 -0.954893 2.19935 2.00212</i>
                        <i>-0.211875 0.351828 0.911771 -0.969635 0.0409178 -0.241111 -0.122137 -0.93517 0.332476 -0.954893 2.19935 2.00212</i>
                        <i>-0.211875 0.351828 0.911771 -0.969635 0.0409178 -0.241111 -0.122137 -0.93517 0.332476 -0.954893 2.19935 2.00212</i>
                        <i>-0.211875 0.351828 0.911771 -0.969635 0.0409178 -0.241111 -0.122137 -0.93517 0.332476 -0.954893 2.19935 2.00212</i>
                        <i>-0.211875 0.351828 0.911771 -0.969635 0.0409178 -0.241111 -0.122137 -0.93517 0.332476 -0.954893 2.19935 2.00212</i>
                    </KeyFrames>
                </p>
            </i>
            <i>
                <p>
                    <Name><![CDATA[head]]></Name>
                    <Exclude>0</Exclude>
                    <Additive>0</Additive>
                    <IKPriority>0</IKPriority>
                    <IKRotLimits>-1e+010 -1e+010 -1e+010 1e+010 1e+010 1e+010</IKRotLimits>
                    <IKRotLimitOrder>0</IKRotLimitOrder>
                    <KeyFrames count="40">
                        <i>-0.0227406 0.913623 0.405927 0.353526 0.387147 -0.85155 -0.935148 0.124141 -0.331793 -1.00578 2.31881 2.22093</i>
                        <i>0.000642632 0.964933 0.262495 0.314571 0.248974 -0.916001 -0.949234 0.0831618 -0.30338 -1.0053 2.3049 2.21937</i>
                        <i>0.0172366 0.999642 -0.0204438 0.245232 -0.024049 -0.969166 -0.969311 0.0116916 -0.245559 -1.0044 2.18124 2.2164</i>
                        <i>0.0149245 0.982869 -0.183698 0.212312 -0.182644 -0.959982 -0.977088 -0.024674 -0.211401 -1.0039 2.07921 2.21474</i>
                        <i>-0.00117933 0.994005 -0.109327 0.212551 -0.106579 -0.97132 -0.977149 -0.0243831 -0.211151 -1.0039 2.04496 2.21474</i>
                        <i>-0.0381611 0.997125 0.0654635 0.208319 0.0720102 -0.975406 -0.977316 -0.0235853 -0.210468 -1.0039 2.04497 2.21474</i>
                        <i>-0.0682925 0.974317 0.214577 0.199261 0.224066 -0.953986 -0.977564 -0.0223933 -0.209445 -1.0039 2.04886 2.21474</i>
                        <i>-0.0845546 0.949633 0.301742 0.191383 0.312667 -0.930383 -0.977867 -0.0209199 -0.208181 -1.00395 2.05757 2.21472</i>
                        <i>-0.0951727 0.926578 0.363862 0.184574 0.375609 -0.908213 -0.9782 -0.0192776 -0.20677 -1.00401 2.07852 2.2147</i>
                        <i>-0.097836 0.916525 0.387827 0.181353 0.399591 -0.898576 -0.978539 -0.0175792 -0.205309 -1.0039 2.09099 2.21474</i>
                        <i>-0.0953615 0.917517 0.386095 0.180925 0.397378 -0.899643 -0.978863 -0.0159372 -0.203896 -1.00374 2.08946 2.21479</i>
                        <i>-0.0924582 0.919891 0.381118 0.180882 0.391906 -0.902048 -0.979149 -0.0144642 -0.202627 -1.00371 2.08388 2.2148</i>
                        <i>-0.0896892 0.92269 0.374966 0.181037 0.385314 -0.904853 -0.979378 -0.0132728 -0.2016 -1.00378 2.07677 2.21478</i>
                        <i>-0.0876157 0.925 0.369726 0.181231 0.379761 -0.907159 -0.97953 -0.0124754 -0.200912 -1.00386 2.07066 2.21475</i>
                        <i>-0.0867994 0.92596 0.36751 0.181326 0.377425 -0.908114 -0.979585 -0.0121846 -0.200661 -1.0039 2.06806 2.21474</i>
                        <i>-0.08595 0.927716 0.363257 0.18173 0.373088 -0.909824 -0.979585 -0.0121846 -0.200661 -1.0039 2.06806 2.21474</i>
                        <i>-0.0836241 0.932401 0.351618 0.182812 0.36122 -0.914385 -0.979585 -0.0121846 -0.200661 -1.0039 2.06806 2.21474</i>
                        <i>-0.0801498 0.939069 0.334252 0.184362 0.343512 -0.920875 -0.979585 -0.0121846 -0.200661 -1.0039 2.06806 2.21474</i>
                        <i>-0.0758569 0.946776 0.312827 0.186169 0.321663 -0.928372 -0.979585 -0.0121846 -0.200661 -1.0039 2.06806 2.21474</i>
                        <i>-0.0710854 0.95467 0.289055 0.188043 0.297418 -0.936046 -0.979585 -0.0121846 -0.200661 -1.0039 2.06806 2.21474</i>
                        <i>-0.0661894 0.962055 0.264705 0.189822 0.272583 -0.943221 -0.979585 -0.0121846 -0.200661 -1.0039 2.06806 2.21474</i>
                        <i>-0.061537 0.968421 0.241606 0.19138 0.249022 -0.949401 -0.979585 -0.0121846 -0.200661 -1.0039 2.06806 2.21474</i>
                        <i>-0.0575073 0.973434 0.22163 0.19263 0.228644 -0.954262 -0.979585 -0.0121846 -0.200661 -1.0039 2.06806 2.21474</i>
                        <i>-0.0544861 0.976892 0.206671 0.193506 0.213385 -0.957613 -0.979585 -0.0121846 -0.200661 -1.0039 2.06806 2.21474</i>
                        <i>-0.0528602 0.978649 0.198627 0.193956 0.205179 -0.959314 -0.979585 -0.0121846 -0.200661 -1.0039 2.06806 2.21474</i>
                        <i>-0.0472472 0.974819 0.217934 0.210435 0.222995 -0.951835 -0.976465 0.000889372 -0.215672 -1.0041 2.09402 2.21541</i>
                        <i>-0.036768 0.962279 0.269569 0.249714 0.270041 -0.929904 -0.967621 0.0331243 -0.250223 -1.00458 2.15595 2.21699</i>
                        <i>-0.0279496 0.942907 0.33188 0.296901 0.324858 -0.897952 -0.954499 0.0734384 -0.28903 -1.00513 2.22996 2.21882</i>
                        <i>-0.0236327 0.923121 0.383783 0.336593 0.368825 -0.866414 -0.941354 0.108703 -0.319432 -1.00559 2.29218 2.22031</i>
                        <i>-0.0227406 0.913623 0.405927 0.353526 0.387147 -0.85155 -0.935148 0.124141 -0.331793 -1.00578 2.31881 2.22093</i>
                        <i>-0.0227406 0.913623 0.405927 0.353526 0.387147 -0.85155 -0.935148 0.124141 -0.331793 -1.00578 2.31881 2.22093</i>
                        <i>-0.0227406 0.913623 0.405927 0.353526 0.387147 -0.85155 -0.935148 0.124141 -0.331793 -1.00578 2.31881 2.22093</i>
                        <i>-0.0227406 0.913623 0.405927 0.353526 0.387147 -0.85155 -0.935148 0.124141 -0.331793 -1.00578 2.31881 2.22093</i>
                        <i>-0.0227406 0.913623 0.405927 0.353526 0.387147 -0.85155 -0.935148 0.124141 -0.331793 -1.00578 2.31881 2.22093</i>
                        <i>-0.0227406 0.913623 0.405927 0.353526 0.387147 -0.85155 -0.935148 0.124141 -0.331793 -1.00578 2.31881 2.22093</i>
                        <i>-0.0227406 0.913623 0.405927 0.353526 0.387147 -0.85155 -0.935148 0.124141 -0.331793 -1.00578 2.31881 2.22093</i>
                        <i>-0.0227406 0.913623 0.405927 0.353526 0.387147 -0.85155 -0.935148 0.124141 -0.331793 -1.00578 2.31881 2.22093</i>
                        <i>-0.0227406 0.913623 0.405927 0.353526 0.387147 -0.85155 -0.935148 0.124141 -0.331793 -1.00578 2.31881 2.22093</i>
                        <i>-0.0227406 0.913623 0.405927 0.353526 0.387147 -0.85155 -0.935148 0.124141 -0.331793 -1.00578 2.31881 2.22093</i>
                        <i>-0.0227406 0.913623 0.405927 0.353526 0.387147 -0.85155 -0.935148 0.124141 -0.331793 -1.00578 2.31881 2.22093</i>
                    </KeyFrames>
                </p>
            </i>
            <i>
                <p>
                    <Name><![CDATA[head_prop]]></Name>
                    <Exclude>0</Exclude>
                    <Additive>0</Additive>
                    <IKPriority>0</IKPriority>
                    <IKRotLimits>-1e+010 -1e+010 -1e+010 1e+010 1e+010 1e+010</IKRotLimits>
                    <IKRotLimitOrder>0</IKRotLimitOrder>
                    <KeyFrames count="40">
                        <i>0.935148 -0.124141 0.331793 -0.0227406 0.913623 0.405927 -0.353526 -0.387147 0.85155 -1.01319 2.61657 2.35323</i>
                        <i>0.949234 -0.0831618 0.30338 0.000642632 0.964933 0.262495 -0.314571 -0.248974 0.916001 -1.00509 2.61938 2.30492</i>
                        <i>0.969311 -0.0116916 0.245559 0.0172366 0.999642 -0.0204438 -0.245232 0.024049 0.969166 -0.99878 2.50703 2.20973</i>
                        <i>0.977088 0.024674 0.211401 0.0149245 0.982869 -0.183698 -0.212312 0.182644 0.959982 -0.999034 2.39954 2.15487</i>
                        <i>0.977149 0.0243831 0.211151 -0.00117933 0.994005 -0.109327 -0.212551 0.106579 0.97132 -1.00428 2.36892 2.17911</i>
                        <i>0.977316 0.0235853 0.210468 -0.0381611 0.997125 0.0654635 -0.208319 -0.0720102 0.975406 -1.01634 2.36994 2.23607</i>
                        <i>0.977564 0.0223933 0.209445 -0.0682925 0.974317 0.214577 -0.199261 -0.224066 0.953986 -1.02616 2.3664 2.28467</i>
                        <i>0.977867 0.0209199 0.208181 -0.0845546 0.949633 0.301742 -0.191383 -0.312667 0.930383 -1.03151 2.36707 2.31306</i>
                        <i>0.9782 0.0192776 0.20677 -0.0951727 0.926578 0.363862 -0.184574 -0.375609 0.908213 -1.03503 2.3805 2.33329</i>
                        <i>0.978539 0.0175792 0.205309 -0.097836 0.916525 0.387827 -0.181353 -0.399591 0.898576 -1.03578 2.38969 2.34113</i>
                        <i>0.978863 0.0159372 0.203896 -0.0953615 0.917517 0.386095 -0.180925 -0.397378 0.899643 -1.03481 2.38848 2.34063</i>
                        <i>0.979149 0.0144642 0.202627 -0.0924582 0.919891 0.381118 -0.180882 -0.391906 0.902048 -1.03385 2.38368 2.33901</i>
                        <i>0.979378 0.0132728 0.2016 -0.0896892 0.92269 0.374966 -0.181037 -0.385314 0.904853 -1.03301 2.37748 2.33698</i>
                        <i>0.97953 0.0124754 0.200912 -0.0876157 0.925 0.369726 -0.181231 -0.379761 0.907159 -1.03241 2.37212 2.33525</i>
                        <i>0.979585 0.0121846 0.200661 -0.0867994 0.92596 0.36751 -0.181326 -0.377425 0.908114 -1.03219 2.36984 2.33451</i>
                        <i>0.979585 0.0121846 0.200661 -0.08595 0.927716 0.363257 -0.18173 -0.373088 0.909824 -1.03191 2.37041 2.33313</i>
                        <i>0.979585 0.0121846 0.200661 -0.0836241 0.932401 0.351618 -0.182812 -0.36122 0.914385 -1.03115 2.37194 2.32933</i>
                        <i>0.979585 0.0121846 0.200661 -0.0801498 0.939069 0.334252 -0.184362 -0.343512 0.920875 -1.03002 2.37411 2.32367</i>
                        <i>0.979585 0.0121846 0.200661 -0.0758569 0.946776 0.312827 -0.186169 -0.321663 0.928372 -1.02862 2.37662 2.31669</i>
                        <i>0.979585 0.0121846 0.200661 -0.0710854 0.95467 0.289055 -0.188043 -0.297418 0.936046 -1.02707 2.37919 2.30894</i>
                        <i>0.979585 0.0121846 0.200661 -0.0661894 0.962055 0.264705 -0.189822 -0.272583 0.943221 -1.02547 2.3816 2.30101</i>
                        <i>0.979585 0.0121846 0.200661 -0.061537 0.968421 0.241606 -0.19138 -0.249022 0.949401 -1.02395 2.38368 2.29348</i>
                        <i>0.979585 0.0121846 0.200661 -0.0575073 0.973434 0.22163 -0.19263 -0.228644 0.954262 -1.02264 2.38531 2.28697</i>
                        <i>0.979585 0.0121846 0.200661 -0.0544861 0.976892 0.206671 -0.193506 -0.213385 0.957613 -1.02166 2.38644 2.28209</i>
                        <i>0.979585 0.0121846 0.200661 -0.0528602 0.978649 0.198627 -0.193956 -0.205179 0.959314 -1.02113 2.38701 2.27947</i>
                        <i>0.976465 -0.000889372 0.215672 -0.0472472 0.974819 0.217934 -0.210435 -0.222995 0.951835 -1.0195 2.41172 2.28644</i>
                        <i>0.967621 -0.0331243 0.250223 -0.036768 0.962279 0.269569 -0.249714 -0.270041 0.929904 -1.01656 2.46957 2.30484</i>
                        <i>0.954499 -0.0734384 0.28903 -0.0279496 0.942907 0.33188 -0.296901 -0.324858 0.897952 -1.01424 2.53726 2.32698</i>
                        <i>0.941354 -0.108703 0.319432 -0.0236327 0.923121 0.383783 -0.336593 -0.368825 0.866414 -1.01329 2.59303 2.34539</i>
                        <i>0.935148 -0.124141 0.331793 -0.0227406 0.913623 0.405927 -0.353526 -0.387147 0.85155 -1.01319 2.61657 2.35323</i>
                        <i>0.935148 -0.124141 0.331793 -0.0227406 0.913623 0.405927 -0.353526 -0.387147 0.85155 -1.01319 2.61657 2.35323</i>
                        <i>0.935148 -0.124141 0.331793 -0.0227406 0.913623 0.405927 -0.353526 -0.387147 0.85155 -1.01319 2.61657 2.35323</i>
                        <i>0.935148 -0.124141 0.331793 -0.0227406 0.913623 0.405927 -0.353526 -0.387147 0.85155 -1.01319 2.61657 2.35323</i>
                        <i>0.935148 -0.124141 0.331793 -0.0227406 0.913623 0.405927 -0.353526 -0.387147 0.85155 -1.01319 2.61657 2.35323</i>
                        <i>0.935148 -0.124141 0.331793 -0.0227406 0.913623 0.405927 -0.353526 -0.387147 0.85155 -1.01319 2.61657 2.35323</i>
                        <i>0.935148 -0.124141 0.331793 -0.0227406 0.913623 0.405927 -0.353526 -0.387147 0.85155 -1.01319 2.61657 2.35323</i>
                        <i>0.935148 -0.124141 0.331793 -0.0227406 0.913623 0.405927 -0.353526 -0.387147 0.85155 -1.01319 2.61657 2.35323</i>
                        <i>0.935148 -0.124141 0.331793 -0.0227406 0.913623 0.405927 -0.353526 -0.387147 0.85155 -1.01319 2.61657 2.35323</i>
                        <i>0.935148 -0.124141 0.331793 -0.0227406 0.913623 0.405927 -0.353526 -0.387147 0.85155 -1.01319 2.61657 2.35323</i>
                        <i>0.935148 -0.124141 0.331793 -0.0227406 0.913623 0.405927 -0.353526 -0.387147 0.85155 -1.01319 2.61657 2.35323</i>
                    </KeyFrames>
                </p>
            </i>
            <i>
                <p>
                    <Name><![CDATA[l_clav]]></Name>
                    <Exclude>0</Exclude>
                    <Additive>0</Additive>
                    <IKPriority>0</IKPriority>
                    <IKRotLimits>-1e+010 -1e+010 -1e+010 1e+010 1e+010 1e+010</IKRotLimits>
                    <IKRotLimitOrder>0</IKRotLimitOrder>
                    <KeyFrames count="40">
                        <i>0.611557 0.547535 0.571142 -0.786599 0.498501 0.364362 -0.0852139 -0.672088 0.735552 -0.890724 2.17651 2.10124</i>
                        <i>0.572203 0.595733 0.563636 -0.816241 0.480388 0.320904 -0.0795905 -0.643684 0.761141 -0.891115 2.15946 2.10265</i>
                        <i>0.496379 0.679924 0.539733 -0.865053 0.439509 0.2419 -0.0727439 -0.586971 0.806333 -0.891834 2.03028 2.10525</i>
                        <i>0.45375 0.72266 0.521415 -0.888288 0.41348 0.199946 -0.0711015 -0.553892 0.829547 -0.892225 1.92538 2.10667</i>
                        <i>0.470107 0.71483 0.517704 -0.879853 0.425869 0.210935 -0.0696913 -0.554666 0.82915 -0.892225 1.89113 2.10667</i>
                        <i>0.510468 0.694239 0.5074 -0.85737 0.456117 0.238484 -0.065869 -0.556768 0.828052 -0.892225 1.89114 2.10667</i>
                        <i>0.558976 0.666979 0.49263 -0.826949 0.492012 0.272176 -0.0608442 -0.559519 0.826581 -0.892225 1.89503 2.10667</i>
                        <i>0.601105 0.64083 0.477504 -0.797209 0.522653 0.302145 -0.0559455 -0.562291 0.825045 -0.892281 1.90374 2.10665</i>
                        <i>0.624211 0.625319 0.468333 -0.779481 0.538869 0.319421 -0.0526302 -0.564443 0.823793 -0.892338 1.92469 2.10663</i>
                        <i>0.627163 0.623183 0.467236 -0.777177 0.54043 0.322385 -0.051604 -0.565313 0.823261 -0.892225 1.93716 2.10667</i>
                        <i>0.619627 0.628341 0.470371 -0.783161 0.534763 0.317312 -0.052157 -0.564992 0.823446 -0.892062 1.93563 2.10672</i>
                        <i>0.605894 0.637592 0.475782 -0.793733 0.524831 0.307473 -0.0536629 -0.56394 0.824071 -0.892042 1.93005 2.10673</i>
                        <i>0.590316 0.647779 0.48157 -0.805262 0.513652 0.296167 -0.0555086 -0.562622 0.824848 -0.892103 1.92294 2.10671</i>
                        <i>0.57747 0.655933 0.486087 -0.814415 0.504448 0.286811 -0.0570765 -0.561501 0.825505 -0.892184 1.91683 2.10668</i>
                        <i>0.572122 0.659264 0.487901 -0.818134 0.500619 0.28291 -0.0577395 -0.561027 0.825781 -0.892225 1.91423 2.10667</i>
                        <i>0.572122 0.659264 0.487901 -0.818134 0.500619 0.28291 -0.0577395 -0.561027 0.825781 -0.892225 1.91423 2.10667</i>
