<?xml version="1.0" encoding="ISO-8859-1" ?>
<Animl Version="1">
    <ModellingPackage><![CDATA[Maya.2010]]></ModellingPackage>
    <SrcFile><![CDATA[anims\turrets\antitank\blue\~src\antitank_m72_law\antitank_m72law_reload_low_crewman_b.mb]]></SrcFile>
    <FramesPerSecond>30</FramesPerSecond>
    <TotalFrames>70</TotalFrames>
    <Skeleton>
        <RefFrame>
            <Name><![CDATA[soldier_ref_frame]]></Name>
            <Exclude>0</Exclude>
            <Additive>0</Additive>
            <IKPriority>0</IKPriority>
            <IKRotLimits>-1e+010 -1e+010 -1e+010 1e+010 1e+010 1e+010</IKRotLimits>
            <IKRotLimitOrder>0</IKRotLimitOrder>
            <KeyFrames count="70">
                <i>1 0 0 0 1 0 0 0 1 0.59 1.07 -2.27</i>
                <i>1 0 0 0 1 0 0 0 1 0.59 1.07 -2.27</i>
                <i>1 0 0 0 1 0 0 0 1 0.59 1.07 -2.27</i>
                <i>1 0 0 0 1 0 0 0 1 0.59 1.07 -2.27</i>
                <i>1 0 0 0 1 0 0 0 1 0.59 1.07 -2.27</i>
                <i>1 0 0 0 1 0 0 0 1 0.59 1.07 -2.27</i>
                <i>1 0 0 0 1 0 0 0 1 0.59 1.07 -2.27</i>
                <i>1 0 0 0 1 0 0 0 1 0.59 1.07 -2.27</i>
                <i>1 0 0 0 1 0 0 0 1 0.59 1.07 -2.27</i>
                <i>1 0 0 0 1 0 0 0 1 0.59 1.07 -2.27</i>
                <i>1 0 0 0 1 0 0 0 1 0.59 1.07 -2.27</i>
                <i>1 0 0 0 1 0 0 0 1 0.59 1.07 -2.27</i>
                <i>1 0 0 0 1 0 0 0 1 0.59 1.07 -2.27</i>
                <i>1 0 0 0 1 0 0 0 1 0.59 1.07 -2.27</i>
                <i>1 0 0 0 1 0 0 0 1 0.59 1.07 -2.27</i>
                <i>1 0 0 0 1 0 0 0 1 0.59 1.07 -2.27</i>
                <i>1 0 0 0 1 0 0 0 1 0.59 1.07 -2.27</i>
                <i>1 0 0 0 1 0 0 0 1 0.59 1.07 -2.27</i>
                <i>1 0 0 0 1 0 0 0 1 0.59 1.07 -2.27</i>
                <i>1 0 0 0 1 0 0 0 1 0.59 1.07 -2.27</i>
                <i>1 0 0 0 1 0 0 0 1 0.59 1.07 -2.27</i>
                <i>1 0 0 0 1 0 0 0 1 0.59 1.07 -2.27</i>
                <i>1 0 0 0 1 0 0 0 1 0.59 1.07 -2.27</i>
                <i>1 0 0 0 1 0 0 0 1 0.59 1.07 -2.27</i>
                <i>1 0 0 0 1 0 0 0 1 0.59 1.07 -2.27</i>
                <i>1 0 0 0 1 0 0 0 1 0.59 1.07 -2.27</i>
                <i>1 0 0 0 1 0 0 0 1 0.59 1.07 -2.27</i>
                <i>1 0 0 0 1 0 0 0 1 0.59 1.07 -2.27</i>
                <i>1 0 0 0 1 0 0 0 1 0.59 1.07 -2.27</i>
                <i>1 0 0 0 1 0 0 0 1 0.59 1.07 -2.27</i>
                <i>1 0 0 0 1 0 0 0 1 0.59 1.07 -2.27</i>
                <i>1 0 0 0 1 0 0 0 1 0.59 1.07 -2.27</i>
                <i>1 0 0 0 1 0 0 0 1 0.59 1.07 -2.27</i>
                <i>1 0 0 0 1 0 0 0 1 0.59 1.07 -2.27</i>
                <i>1 0 0 0 1 0 0 0 1 0.59 1.07 -2.27</i>
                <i>1 0 0 0 1 0 0 0 1 0.59 1.07 -2.27</i>
                <i>1 0 0 0 1 0 0 0 1 0.59 1.07 -2.27</i>
                <i>1 0 0 0 1 0 0 0 1 0.59 1.07 -2.27</i>
                <i>1 0 0 0 1 0 0 0 1 0.59 1.07 -2.27</i>
                <i>1 0 0 0 1 0 0 0 1 0.59 1.07 -2.27</i>
                <i>1 0 0 0 1 0 0 0 1 0.59 1.07 -2.27</i>
                <i>1 0 0 0 1 0 0 0 1 0.59 1.07 -2.27</i>
                <i>1 0 0 0 1 0 0 0 1 0.59 1.07 -2.27</i>
                <i>1 0 0 0 1 0 0 0 1 0.59 1.07 -2.27</i>
                <i>1 0 0 0 1 0 0 0 1 0.59 1.07 -2.27</i>
                <i>1 0 0 0 1 0 0 0 1 0.59 1.07 -2.27</i>
                <i>1 0 0 0 1 0 0 0 1 0.59 1.07 -2.27</i>
                <i>1 0 0 0 1 0 0 0 1 0.59 1.07 -2.27</i>
                <i>1 0 0 0 1 0 0 0 1 0.59 1.07 -2.27</i>
                <i>1 0 0 0 1 0 0 0 1 0.59 1.07 -2.27</i>
                <i>1 0 0 0 1 0 0 0 1 0.59 1.07 -2.27</i>
                <i>1 0 0 0 1 0 0 0 1 0.59 1.07 -2.27</i>
                <i>1 0 0 0 1 0 0 0 1 0.59 1.07 -2.27</i>
                <i>1 0 0 0 1 0 0 0 1 0.59 1.07 -2.27</i>
                <i>1 0 0 0 1 0 0 0 1 0.59 1.07 -2.27</i>
                <i>1 0 0 0 1 0 0 0 1 0.59 1.07 -2.27</i>
                <i>1 0 0 0 1 0 0 0 1 0.59 1.07 -2.27</i>
                <i>1 0 0 0 1 0 0 0 1 0.59 1.07 -2.27</i>
                <i>1 0 0 0 1 0 0 0 1 0.59 1.07 -2.27</i>
                <i>1 0 0 0 1 0 0 0 1 0.59 1.07 -2.27</i>
                <i>1 0 0 0 1 0 0 0 1 0.59 1.07 -2.27</i>
                <i>1 0 0 0 1 0 0 0 1 0.59 1.07 -2.27</i>
                <i>1 0 0 0 1 0 0 0 1 0.59 1.07 -2.27</i>
                <i>1 0 0 0 1 0 0 0 1 0.59 1.07 -2.27</i>
                <i>1 0 0 0 1 0 0 0 1 0.59 1.07 -2.27</i>
                <i>1 0 0 0 1 0 0 0 1 0.59 1.07 -2.27</i>
                <i>1 0 0 0 1 0 0 0 1 0.59 1.07 -2.27</i>
                <i>1 0 0 0 1 0 0 0 1 0.59 1.07 -2.27</i>
                <i>1 0 0 0 1 0 0 0 1 0.59 1.07 -2.27</i>
                <i>1 0 0 0 1 0 0 0 1 0.59 1.07 -2.27</i>
            </KeyFrames>
        </RefFrame>
        <Bones count="23">
            <i>
                <p>
                    <Name><![CDATA[pelvis]]></Name>
                    <Exclude>0</Exclude>
                    <Additive>0</Additive>
                    <IKPriority>0</IKPriority>
                    <IKRotLimits>-1e+010 -1e+010 -1e+010 1e+010 1e+010 1e+010</IKRotLimits>
                    <IKRotLimitOrder>2</IKRotLimitOrder>
                    <KeyFrames count="70">
                        <i>1 0 0 0 1 0 0 0 1 0.325718 2.05047 -1.98556</i>
                        <i>1 0 0 0 1 0 0 0 1 0.330747 2.04632 -1.99847</i>
                        <i>1 0 0 0 1 0 0 0 1 0.343961 2.03577 -2.03185</i>
                        <i>1 0 0 0 1 0 0 0 1 0.362545 2.02101 -2.07768</i>
                        <i>1 0 0 0 1 0 0 0 1 0.383686 2.00425 -2.12792</i>
                        <i>1 0 0 0 1 0 0 0 1 0.40457 1.98771 -2.17455</i>
                        <i>1 0 0 0 1 0 0 0 1 0.422383 1.97359 -2.20953</i>
                        <i>1 0 0 0 1 0 0 0 1 0.434313 1.96411 -2.22484</i>
                        <i>1 0 0 0 1 0 0 0 1 0.439432 1.96745 -2.18841</i>
                        <i>1 0 0 0 1 0 0 0 1 0.439899 1.97998 -2.10315</i>
                        <i>1 0 0 0 1 0 0 0 1 0.437524 1.98619 -2.01357</i>
                        <i>1 0 0 0 1 0 0 0 1 0.43412 1.98138 -1.92613</i>
                        <i>1 0 0 0 1 0 0 0 1 0.431501 1.95348 -1.82742</i>
                        <i>1 0 0 0 1 0 0 0 1 0.431477 1.87972 -1.732</i>
                        <i>1 0 0 0 1 0 0 0 1 0.435862 1.79175 -1.65448</i>
                        <i>1 0 0 0 1 0 0 0 1 0.446468 1.74465 -1.60945</i>
                        <i>1 0 0 0 1 0 0 0 1 0.473908 1.75399 -1.6013</i>
                        <i>1 0 0 0 1 0 0 0 1 0.518563 1.78834 -1.62032</i>
                        <i>1 0 0 0 1 0 0 0 1 0.5669 1.83225 -1.65989</i>
                        <i>1 0 0 0 1 0 0 0 1 0.605382 1.87028 -1.7134</i>
                        <i>1 0 0 0 1 0 0 0 1 0.620477 1.887 -1.77424</i>
                        <i>1 0 0 0 1 0 0 0 1 0.603204 1.87255 -1.85771</i>
                        <i>1 0 0 0 1 0 0 0 1 0.562587 1.83723 -1.96822</i>
                        <i>1 0 0 0 1 0 0 0 1 0.512094 1.79581 -2.08281</i>
                        <i>1 0 0 0 1 0 0 0 1 0.465193 1.76307 -2.17854</i>
                        <i>1 0 0 0 1 0 0 0 1 0.435351 1.7538 -2.23248</i>
                        <i>1 0 0 0 1 0 0 0 1 0.421808 1.76936 -2.24446</i>
                        <i>1 0 0 0 1 0 0 0 1 0.414011 1.79815 -2.23404</i>
                        <i>1 0 0 0 1 0 0 0 1 0.410743 1.83545 -2.20788</i>
                        <i>1 0 0 0 1 0 0 0 1 0.410786 1.87655 -2.17264</i>
                        <i>1 0 0 0 1 0 0 0 1 0.412923 1.91675 -2.13496</i>
                        <i>1 0 0 0 1 0 0 0 1 0.415936 1.95134 -2.10151</i>
                        <i>1 0 0 0 1 0 0 0 1 0.418606 1.9756 -2.07893</i>
                        <i>1 0 0 0 1 0 0 0 1 0.423485 1.99106 -2.06751</i>
                        <i>1 0 0 0 1 0 0 0 1 0.432503 2.00239 -2.06142</i>
                        <i>1 0 0 0 1 0 0 0 1 0.443517 2.00967 -2.05816</i>
                        <i>1 0 0 0 1 0 0 0 1 0.454384 2.01294 -2.05525</i>
                        <i>1 0 0 0 1 0 0 0 1 0.46296 2.01225 -2.05018</i>
                        <i>1 0 0 0 1 0 0 0 1 0.467102 2.00766 -2.04046</i>
                        <i>1 0 0 0 1 0 0 0 1 0.464667 1.99923 -2.0236</i>
                        <i>1 0 0 0 1 0 0 0 1 0.451588 1.97469 -1.99579</i>
                        <i>1 0 0 0 1 0 0 0 1 0.428224 1.93211 -1.95769</i>
                        <i>1 0 0 0 1 0 0 0 1 0.399066 1.88702 -1.9135</i>
                        <i>1 0 0 0 1 0 0 0 1 0.368608 1.85498 -1.86746</i>
                        <i>1 0 0 0 1 0 0 0 1 0.34134 1.85151 -1.82376</i>
                        <i>1 0 0 0 1 0 0 0 1 0.313954 1.89494 -1.77442</i>
                        <i>1 0 0 0 1 0 0 0 1 0.283454 1.97492 -1.71663</i>
                        <i>1 0 0 0 1 0 0 0 1 0.254805 2.06395 -1.66237</i>
                        <i>1 0 0 0 1 0 0 0 1 0.232972 2.13453 -1.62363</i>
                        <i>1 0 0 0 1 0 0 0 1 0.222921 2.15918 -1.61241</i>
                        <i>1 0 0 0 1 0 0 0 1 0.232199 2.08611 -1.66615</i>
                        <i>1 0 0 0 1 0 0 0 1 0.258158 1.93635 -1.77411</i>
                        <i>1 0 0 0 1 0 0 0 1 0.290465 1.7916 -1.87595</i>
                        <i>1 0 0 0 1 0 0 0 1 0.31879 1.69914 -1.92705</i>
                        <i>1 0 0 0 1 0 0 0 1 0.344962 1.72426 -1.95669</i>
                        <i>1 0 0 0 1 0 0 0 1 0.360266 1.78051 -1.97474</i>
                        <i>1 0 0 0 1 0 0 0 1 0.356026 1.85567 -1.98164</i>
                        <i>1 0 0 0 1 0 0 0 1 0.344926 1.94489 -1.98429</i>
                        <i>1 0 0 0 1 0 0 0 1 0.332859 2.01941 -1.98487</i>
                        <i>1 0 0 0 1 0 0 0 1 0.325718 2.05047 -1.98556</i>
                        <i>1 0 0 0 1 0 0 0 1 0.323423 2.04259 -1.98703</i>
                        <i>1 0 0 0 1 0 0 0 1 0.321886 2.02168 -1.98847</i>
                        <i>1 0 0 0 1 0 0 0 1 0.320985 1.99099 -1.98985</i>
                        <i>1 0 0 0 1 0 0 0 1 0.320598 1.95378 -1.99114</i>
                        <i>1 0 0 0 1 0 0 0 1 0.320604 1.91334 -1.99231</i>
                        <i>1 0 0 0 1 0 0 0 1 0.320881 1.87292 -1.99334</i>
                        <i>1 0 0 0 1 0 0 0 1 0.321309 1.8358 -1.99419</i>
                        <i>1 0 0 0 1 0 0 0 1 0.321764 1.80524 -1.99483</i>
                        <i>1 0 0 0 1 0 0 0 1 0.322127 1.7845 -1.99524</i>
                        <i>1 0 0 0 1 0 0 0 1 0.322275 1.77687 -1.99538</i>
                    </KeyFrames>
                </p>
            </i>
            <i>
                <p>
                    <Name><![CDATA[spine0]]></Name>
                    <Exclude>0</Exclude>
                    <Additive>0</Additive>
                    <IKPriority>0</IKPriority>
                    <IKRotLimits>-1e+010 -1e+010 -1e+010 1e+010 1e+010 1e+010</IKRotLimits>
                    <IKRotLimitOrder>0</IKRotLimitOrder>
                    <KeyFrames count="70">
                        <i>0.0642166 0.995375 0.0714486 -0.926399 0.0860794 -0.366573 -0.371028 -0.0426497 0.927642 0.34791 2.18388 -2.03461</i>
                        <i>0.0191117 0.998116 0.0583037 -0.91756 0.0406725 -0.395512 -0.397138 -0.0459382 0.916608 0.354404 2.17965 -2.04706</i>
                        <i>-0.021096 0.99959 0.019372 -0.883597 -0.00957526 -0.46815 -0.467773 -0.0269932 0.883436 0.37125 2.16888 -2.0791</i>
                        <i>0.00150401 0.999596 -0.0283796 -0.825711 -0.0147673 -0.5639 -0.564091 0.0242814 0.825356 0.394445 2.15386 -2.12273</i>
                        <i>0.0475404 0.996342 -0.071006 -0.751353 -0.0111714 -0.659806 -0.658186 0.084718 0.748074 0.419993 2.13688 -2.1702</i>
                        <i>0.103287 0.989581 -0.100309 -0.67445 -0.00444343 -0.738307 -0.73106 0.143911 0.666964 0.444014 2.12029 -2.21409</i>
                        <i>0.150721 0.981499 -0.118083 -0.615403 -0.000326439 -0.788213 -0.773668 0.191469 0.603968 0.462802 2.10643 -2.24716</i>
                        <i>0.171298 0.976198 -0.133023 -0.59651 -0.00469445 -0.802592 -0.784113 0.216832 0.581508 0.472742 2.09767 -2.26202</i>
                        <i>0.143712 0.981615 -0.125617 -0.627073 -0.00787251 -0.77892 -0.765589 0.190712 0.614413 0.472044 2.10246 -2.22588</i>
                        <i>0.0870426 0.993028 -0.0794929 -0.692872 0.00301168 -0.721054 -0.715788 0.117841 0.688303 0.463956 2.11678 -2.14059</i>
                        <i>0.0428406 0.998898 -0.0191888 -0.776355 0.0211951 -0.629939 -0.628838 0.0418843 0.776407 0.45227 2.12434 -2.05089</i>
                        <i>0.0449913 0.998048 -0.0433071 -0.858198 0.0164246 -0.513056 -0.511344 0.0602491 0.857262 0.442407 2.11739 -1.97228</i>
                        <i>0.024603 0.998405 -0.0508226 -0.924282 0.00334667 -0.381696 -0.380917 0.0563653 0.922889 0.430673 2.08898 -1.87575</i>
                        <i>-0.0140398 0.990369 0.137736 -0.968937 0.0205399 -0.246454 -0.24691 -0.136918 0.959317 0.420661 2.02222 -1.74851</i>
                        <i>-0.0118761 0.930798 0.36534 -0.990153 0.0400185 -0.134144 -0.139482 -0.363336 0.921158 0.423874 1.93235 -1.62647</i>
                        <i>-0.0140612 0.901434 0.432689 -0.995632 0.027324 -0.0892802 -0.092303 -0.432054 0.897112 0.438132 1.88031 -1.5623</i>
                        <i>-0.0402617 0.914283 0.403071 -0.995468 -0.00192278 -0.0950734 -0.0861489 -0.405072 0.910217 0.467317 1.89151 -1.55957</i>
                        <i>-0.0499871 0.910567 0.410329 -0.994079 -0.00567467 -0.108508 -0.0964753 -0.413324 0.905459 0.512987 1.92791 -1.58592</i>
                        <i>-0.0516016 0.906221 0.419645 -0.990979 0.00557787 -0.133901 -0.123685 -0.422768 0.897758 0.562251 1.97373 -1.63428</i>
                        <i>-0.0555385 0.905375 0.420964 -0.984615 0.0202965 -0.173554 -0.165676 -0.424127 0.890319 0.602168 2.01323 -1.69758</i>
                        <i>-0.0606307 0.906981 0.416785 -0.974331 0.0369153 -0.222071 -0.2168 -0.419551 0.881462 0.619597 2.03075 -1.76869</i>
                        <i>-0.0606624 0.923308 0.37924 -0.959914 0.0501991 -0.275761 -0.27365 -0.380767 0.883251 0.606544 2.01603 -1.86767</i>
                        <i>-0.0453576 0.953476 0.298036 -0.941881 0.058594 -0.330797 -0.33287 -0.295719 0.895404 0.573336 1.97717 -1.99976</i>
                        <i>-0.0162843 0.978841 0.203972 -0.923168 0.0636379 -0.379093 -0.384052 -0.194474 0.902598 0.532133 1.92813 -2.13559</i>
                        <i>0.0149875 0.992051 0.124938 -0.909297 0.0654934 -0.410961 -0.415877 -0.107447 0.903051 0.493214 1.88638 -2.24715</i>
                        <i>0.0313835 0.995702 0.0871361 -0.906708 0.065046 -0.416712 -0.420589 -0.0659291 0.904853 0.466534 1.87196 -2.30839</i>
                        <i>0.0352994 0.996499 0.0757812 -0.911772 0.0631589 -0.405811 -0.409177 -0.0547703 0.91081 0.452559 1.88648 -2.32213</i>
                        <i>0.0404234 0.997405 0.0595713 -0.917095 0.0607019 -0.39402 -0.396614 -0.0387049 0.917169 0.444009 1.91483 -2.31267</i>
                        <i>0.0461365 0.998107 0.0406763 -0.922453 0.058195 -0.3817 -0.383344 -0.0199117 0.923391 0.43974 1.95222 -2.28675</i>
                        <i>0.0518364 0.998429 0.0212694 -0.927656 0.0560272 -0.369208 -0.36982 -0.000592315 0.929103 0.438602 1.99388 -2.25111</i>
                        <i>0.0569796 0.99837 0.00340454 -0.932567 0.0544411 -0.356868 -0.356471 0.0171592 0.934149 0.439438 2.03502 -2.21247</i>
                        <i>0.0610979 0.998071 -0.0110563 -0.937094 0.053544 -0.344947 -0.34369 0.0314364 0.938557 0.441082 2.07084 -2.17756</i>
                        <i>0.0637906 0.997754 -0.02046 -0.94118 0.0533314 -0.333669 -0.331828 0.0405415 0.942468 0.442365 2.09655 -2.15312</i>
                        <i>0.064698 0.997632 -0.0233262 -0.944798 0.0537143 -0.323219 -0.321201 0.0429502 0.946037 0.445877 2.11357 -2.13951</i>
                        <i>0.0632587 0.997845 -0.0174249 -0.947925 0.0546147 -0.313777 -0.312149 0.0363666 0.949337 0.453587 2.12653 -2.131</i>
                        <i>0.0596205 0.998216 -0.00328127 -0.950561 0.0557701 -0.305488 -0.30476 0.0213324 0.95219 0.463382 2.13541 -2.12518</i>
                        <i>0.0544528 0.998381 0.0164568 -0.952711 0.0568823 -0.298508 -0.298961 0.000575996 0.954265 0.473145 2.14019 -2.11968</i>
                        <i>0.048402 0.998058 0.0392003 -0.954357 0.0577916 -0.293025 -0.294722 -0.0232281 0.955301 0.480756 2.14088 -2.11211</i>
                        <i>0.0421202 0.997164 0.0623698 -0.955469 0.0584505 -0.289244 -0.29207 -0.0474094 0.955221 0.484091 2.13748 -2.10009</i>
                        <i>0.0362813 0.995858 0.0833723 -0.956007 0.0588882 -0.287374 -0.291093 -0.0692782 0.954183 0.481028 2.13002 -2.08124</i>
                        <i>0.0314729 0.993861 0.106061 -0.957752 0.0603373 -0.281193 -0.285867 -0.0927305 0.953772 0.468353 2.10689 -2.04998</i>
                        <i>0.0270819 0.990364 0.135815 -0.96161 0.0629258 -0.267108 -0.27308 -0.123367 0.954048 0.446606 2.06633 -2.00608</i>
                        <i>0.0219825 0.984864 0.171927 -0.966448 0.064954 -0.248513 -0.255919 -0.160695 0.953249 0.419252 2.02321 -1.95525</i>
                        <i>0.014703 0.976969 0.212873 -0.971668 0.0641861 -0.227466 -0.235891 -0.203497 0.950234 0.389585 1.99274 -1.90321</i>
                        <i>0.00328787 0.966469 0.256761 -0.97701 0.0578379 -0.205196 -0.213166 -0.250183 0.944441 0.360696 1.99046 -1.85557</i>
                        <i>-0.0148725 0.952921 0.302854 -0.981485 0.0439321 -0.18643 -0.190958 -0.300019 0.934625 0.327772 2.03498 -1.80432</i>
                        <i>-0.0375916 0.936583 0.348425 -0.984314 0.0254409 -0.174584 -0.172377 -0.349522 0.920935 0.288798 2.11576 -1.74542</i>
                        <i>-0.0605138 0.919501 0.388401 -0.985659 0.00636084 -0.168627 -0.157523 -0.393035 0.90593 0.250979 2.20495 -1.69063</i>
                        <i>-0.080145 0.905481 0.416751 -0.985891 -0.0103693 -0.167066 -0.146954 -0.424261 0.893537 0.221529 2.27514 -1.65183</i>
                        <i>-0.0938856 0.899592 0.42652 -0.985467 -0.0230548 -0.168295 -0.141564 -0.436122 0.888683 0.207611 2.29934 -1.64096</i>
                        <i>-0.0833708 0.909814 0.406556 -0.988608 -0.0242092 -0.148553 -0.125313 -0.414309 0.901468 0.217092 2.22606 -1.69583</i>
                        <i>-0.0438262 0.931214 0.361828 -0.995025 -0.00825132 -0.0992857 -0.0894706 -0.364379 0.926943 0.245408 2.07608 -1.80587</i>
                        <i>0.00257367 0.950586 0.310451 -0.998924 0.0168216 -0.0432256 -0.0463119 -0.310006 0.949606 0.281111 1.93096 -1.91042</i>
                        <i>0.0319416 0.962431 0.269641 -0.999405 0.0342648 -0.00391209 -0.0130043 -0.269356 0.962953 0.312867 1.83785 -1.96473</i>
                        <i>0.044871 0.97129 0.233628 -0.998907 0.0466797 -0.00221547 -0.0130575 -0.233273 0.972324 0.341573 1.86199 -1.9981</i>
                        <i>0.055477 0.980027 0.190968 -0.996344 0.0667825 -0.0532781 -0.0649674 -0.187314 0.980149 0.360581 1.91712 -2.01983</i>
                        <i>0.0641389 0.98691 0.147969 -0.986226 0.0853379 -0.141687 -0.15246 -0.136844 0.97879 0.362638 1.99121 -2.02942</i>
                        <i>0.0687059 0.991534 0.110178 -0.966113 0.093671 -0.240522 -0.248806 -0.0899196 0.96437 0.358492 2.07942 -2.03344</i>
                        <i>0.0686312 0.994185 0.082982 -0.941775 0.0920074 -0.32341 -0.329164 -0.0559543 0.942613 0.35218 2.15315 -2.03424</i>
                        <i>0.0642166 0.995375 0.0714486 -0.926399 0.0860794 -0.366573 -0.371028 -0.0426497 0.927642 0.34791 2.18388 -2.03461</i>
                        <i>0.0600125 0.99561 0.0718267 -0.922531 0.0828009 -0.376936 -0.381229 -0.0436415 0.92345 0.3462 2.17596 -2.03592</i>
                        <i>0.0598514 0.995276 0.0764468 -0.92211 0.0844548 -0.377599 -0.382272 -0.0478925 0.922808 0.344694 2.15497 -2.03755</i>
                        <i>0.0628879 0.994449 0.084356 -0.92442 0.0898986 -0.370629 -0.376155 -0.0546723 0.924942 0.343383 2.12418 -2.03939</i>
                        <i>0.068282 0.993171 0.0946026 -0.92856 0.0979432 -0.358028 -0.364849 -0.0633973 0.928906 0.342254 2.08685 -2.04134</i>
                        <i>0.0751953 0.991496 0.106217 -0.933617 0.107421 -0.34179 -0.350294 -0.0734648 0.933754 0.341292 2.04628 -2.04326</i>
                        <i>0.082786 0.989534 0.118193 -0.938792 0.117231 -0.323924 -0.33439 -0.0841421 0.938671 0.340489 2.00573 -2.04506</i>
                        <i>0.0902033 0.987471 0.129475 -0.943458 0.126365 -0.306461 -0.318982 -0.0945106 0.943037 0.339846 1.96848 -2.04662</i>
                        <i>0.0965844 0.985577 0.138956 -0.947168 0.133911 -0.291447 -0.305851 -0.103466 0.946441 0.339369 1.93781 -2.04785</i>
                        <i>0.101056 0.984185 0.145489 -0.949603 0.139035 -0.280934 -0.29672 -0.109767 0.948635 0.339073 1.917 -2.04866</i>
                        <i>0.102741 0.983648 0.14792 -0.950486 0.140928 -0.276975 -0.293292 -0.112139 0.949423 0.338971 1.90933 -2.04894</i>
                    </KeyFrames>
                </p>
            </i>
            <i>
                <p>
                    <Name><![CDATA[spine1]]></Name>
                    <Exclude>0</Exclude>
                    <Additive>0</Additive>
                    <IKPriority>0</IKPriority>
                    <IKRotLimits>-1e+010 -1e+010 -1e+010 1e+010 1e+010 1e+010</IKRotLimits>
                    <IKRotLimitOrder>0</IKRotLimitOrder>
                    <KeyFrames count="70">
                        <i>0.0443086 0.945322 0.323114 -0.971315 0.116402 -0.207358 -0.233631 -0.304658 0.923364 0.35918 2.35842 -2.0221</i>
                        <i>0.0238679 0.954834 0.296179 -0.965168 0.0992193 -0.242088 -0.260541 -0.280084 0.923943 0.357755 2.35423 -2.03689</i>
                        <i>0.00598653 0.975065 0.221838 -0.942765 0.0794681 -0.323851 -0.333405 -0.207203 0.919733 0.367581 2.34309 -2.07574</i>
                        <i>0.0316311 0.99187 0.123263 -0.898882 0.0821556 -0.430421 -0.437048 -0.0971844 0.894172 0.394707 2.32619 -2.12763</i>
                        <i>0.0940365 0.995321 0.0221883 -0.836416 0.091072 -0.540476 -0.539968 0.0322658 0.841067 0.428077 2.30641 -2.18228</i>
                        <i>0.181447 0.981465 -0.0616678 -0.767527 0.102134 -0.632828 -0.614801 0.162157 0.771832 0.461354 2.28657 -2.23093</i>
                        <i>0.268407 0.955664 -0.121093 -0.713261 0.11267 -0.691783 -0.647469 0.272051 0.71188 0.487837 2.26963 -2.26677</i>
                        <i>0.326479 0.931202 -0.162095 -0.697972 0.121871 -0.705679 -0.637375 0.343527 0.689741 0.500936 2.25853 -2.28392</i>
                        <i>0.33602 0.924054 -0.18225 -0.73419 0.135777 -0.665229 -0.589962 0.357337 0.724055 0.495469 2.26274 -2.24635</i>
                        <i>0.311813 0.932938 -0.179997 -0.802542 0.157194 -0.575513 -0.508624 0.323908 0.797738 0.478026 2.27778 -2.15344</i>
                        <i>0.279009 0.945782 -0.166281 -0.876056 0.179773 -0.447445 -0.393292 0.270513 0.878717 0.459154 2.28575 -2.05395</i>
                        <i>0.269739 0.938396 -0.215994 -0.930683 0.196495 -0.308577 -0.247126 0.284257 0.926351 0.449615 2.27802 -1.97919</i>
                        <i>0.238154 0.948866 -0.20721 -0.967154 0.212177 -0.139975 -0.0888523 0.23374 0.968231 0.434573 2.24834 -1.8838</i>
                        <i>0.217653 0.976026 0.000984115 -0.972188 0.216708 0.0888201 0.0864775 -0.0202887 0.996047 0.418418 2.17902 -1.72663</i>
                        <i>0.250949 0.935874 0.247312 -0.937749 0.171666 0.301923 0.240107 -0.307684 0.920695 0.421988 2.07916 -1.56875</i>
                        <i>0.266301 0.885266 0.381299 -0.906871 0.0960731 0.410311 0.326601 -0.455055 0.828406 0.435874 2.02462 -1.49295</i>
                        <i>0.225691 0.867877 0.442552 -0.914529 0.0322023 0.403236 0.335709 -0.495734 0.800967 0.460598 2.04403 -1.4923</i>
                        <i>0.189299 0.822212 0.536781 -0.942731 -0.000713985 0.333554 0.274635 -0.569181 0.774989 0.504362 2.08504 -1.51512</i>
                        <i>0.1611 0.749142 0.642521 -0.969466 -0.00183793 0.245219 0.184885 -0.662407 0.725972 0.553175 2.1332 -1.56047</i>
                        <i>0.11515 0.673274 0.730372 -0.988847 0.0077803 0.148729 0.0944525 -0.739353 0.666661 0.592208 2.17574 -1.62207</i>
                        <i>0.0526935 0.609276 0.791206 -0.998569 0.0249347 0.0473026 0.00909186 -0.792566 0.609718 0.608517 2.19675 -1.69248</i>
                        <i>-0.0147175 0.592448 0.805474 -0.997102 0.0514412 -0.0560553 -0.0746444 -0.803965 0.589974 0.595265 2.18812 -1.79708</i>
                        <i>-0.0695069 0.636595 0.768059 -0.984029 0.082728 -0.157619 -0.16388 -0.766748 0.620678 0.564781 2.1578 -1.94341</i>
                        <i>-0.100507 0.706883 0.700153 -0.962665 0.108685 -0.24792 -0.251346 -0.698931 0.669568 0.529054 2.11613 -2.09653</i>
                        <i>-0.107782 0.769447 0.629551 -0.941857 0.123687 -0.312422 -0.31826 -0.62662 0.711378 0.49618 2.07892 -2.22303</i>
                        <i>-0.103017 0.7996 0.591631 -0.933827 0.127104 -0.334384 -0.342572 -0.586928 0.733594 0.472724 2.06641 -2.29151</i>
                        <i>-0.0949002 0.811601 0.576453 -0.935956 0.124501 -0.329372 -0.339088 -0.570792 0.747808 0.459523 2.08139 -2.30744</i>
                        <i>-0.082887 0.830022 0.551537 -0.938206 0.121607 -0.324007 -0.336004 -0.544311 0.768652 0.451952 2.10941 -2.30118</i>
                        <i>-0.0680961 0.851864 0.519317 -0.940484 0.118899 -0.318359 -0.332945 -0.510089 0.793068 0.448742 2.14582 -2.27899</i>
                        <i>-0.0516547 0.874447 0.482363 -0.942715 0.116705 -0.312519 -0.329576 -0.470874 0.818326 0.448624 2.186 -2.24713</i>
                        <i>-0.0347706 0.895525 0.443651 -0.944846 0.1152 -0.306587 -0.325665 -0.429842 0.842127 0.450342 2.22535 -2.21193</i>
                        <i>-0.0187587 0.913373 0.406691 -0.946847 0.11442 -0.300646 -0.321136 -0.390714 0.862679 0.452654 2.25929 -2.17975</i>
                        <i>-0.00503002 0.926801 0.37552 -0.948712 0.114283 -0.294764 -0.316103 -0.357743 0.878692 0.454332 2.28323 -2.15704</i>
                        <i>0.00494338 0.935013 0.35458 -0.950448 0.114615 -0.288984 -0.310844 -0.335581 0.889248 0.457918 2.29881 -2.14392</i>
                        <i>0.0100346 0.937636 0.347473 -0.952012 0.115259 -0.283527 -0.305895 -0.327953 0.893798 0.465284 2.31064 -2.13429</i>
                        <i>0.0108243 0.935765 0.352457 -0.95335 0.115997 -0.278691 -0.301673 -0.332999 0.893367 0.474344 2.31857 -2.12585</i>
                        <i>0.00844976 0.930612 0.365909 -0.954449 0.116647 -0.274627 -0.298253 -0.346921 0.889208 0.483107 2.32246 -2.11674</i>
                        <i>0.00411887 0.92331 0.384034 -0.955284 0.117179 -0.271481 -0.295661 -0.365744 0.882506 0.489569 2.32224 -2.10505</i>
                        <i>-0.000912701 0.915198 0.403004 -0.955816 0.117671 -0.269387 -0.293965 -0.385444 0.874653 0.491728 2.31788 -2.08886</i>
                        <i>-0.00536593 0.907951 0.419042 -0.956002 0.118255 -0.268469 -0.293311 -0.402045 0.867369 0.48758 2.30943 -2.06627</i>
                        <i>-0.0150177 0.90648 0.421981 -0.958812 0.106664 -0.263252 -0.283643 -0.408554 0.867542 0.473996 2.2847 -2.03105</i>
                        <i>-0.034162 0.910357 0.412411 -0.965221 0.0769661 -0.249849 -0.259194 -0.406603 0.876067 0.451412 2.24177 -1.98205</i>
                        <i>-0.0587087 0.913202 0.403257 -0.972293 0.0392549 -0.230448 -0.226275 -0.405613 0.885594 0.423117 2.19608 -1.92509</i>
                        <i>-0.0829122 0.909106 0.40823 -0.978339 0.00371486 -0.206975 -0.189679 -0.416548 0.889106 0.392155 2.16323 -1.86608</i>
                        <i>-0.0993703 0.892208 0.440557 -0.98326 -0.0200883 -0.181098 -0.152727 -0.451178 0.879268 0.361273 2.15884 -1.81086</i>
                        <i>-0.0990768 0.858902 0.502464 -0.987549 -0.0228673 -0.155638 -0.122188 -0.511629 0.850474 0.325181 2.20119 -1.75151</i>
                        <i>-0.0834987 0.813907 0.574964 -0.991132 -0.00798144 -0.132638 -0.103366 -0.58094 0.807356 0.282229 2.27951 -1.68453</i>
                        <i>-0.0617659 0.765752 0.640163 -0.9935 0.0142741 -0.112932 -0.0956157 -0.642977 0.759893 0.240367 2.36626 -1.62251</i>
                        <i>-0.0447655 0.726933 0.685248 -0.994473 0.0327813 -0.0997419 -0.094969 -0.685925 0.721448 0.207426 2.43452 -1.5785</i>
                        <i>-0.0437792 0.711237 0.701587 -0.994461 0.0361417 -0.0986934 -0.095551 -0.702022 0.705716 0.191068 2.45791 -1.56581</i>
                        <i>-0.0566875 0.721514 0.690075 -0.993475 0.0277443 -0.110619 -0.098959 -0.691843 0.715234 0.202389 2.38656 -1.62414</i>
                        <i>-0.0707283 0.747188 0.660839 -0.992384 0.0142719 -0.12235 -0.10085 -0.66446 0.740488 0.237645 2.24111 -1.74179</i>
                        <i>-0.0816976 0.780161 0.620221 -0.992327 -0.00572986 -0.123505 -0.0928003 -0.625552 0.774644 0.281573 2.10081 -1.85499</i>
                        <i>-0.090528 0.809995 0.579407 -0.992483 -0.0252634 -0.11975 -0.0823593 -0.585892 0.806193 0.318603 2.0107 -1.91635</i>
                        <i>-0.0782955 0.839022 0.538435 -0.993058 -0.0180845 -0.116223 -0.0877766 -0.543797 0.834614 0.349619 2.03616 -1.95626</i>
                        <i>-0.0433084 0.871091 0.489208 -0.992304 0.0193507 -0.122302 -0.116003 -0.49074 0.863549 0.370492 2.09216 -1.98576</i>
                        <i>-0.00811845 0.900268 0.43526 -0.988087 0.0596741 -0.141857 -0.153683 -0.431226 0.889059 0.374037 2.16654 -2.00317</i>
                        <i>0.0213932 0.923387 0.383273 -0.981544 0.0922683 -0.167507 -0.190038 -0.372616 0.908319 0.370634 2.25454 -2.01401</i>
                        <i>0.0403029 0.938747 0.342242 -0.975073 0.111747 -0.19169 -0.218193 -0.325985 0.919851 0.364251 2.32789 -2.01968</i>
                        <i>0.0443086 0.945322 0.323114 -0.971315 0.116402 -0.207358 -0.233631 -0.304658 0.923364 0.35918 2.35842 -2.0221</i>
                        <i>0.0434911 0.944655 0.32517 -0.969874 0.118011 -0.213116 -0.239695 -0.306105 0.921328 0.356732 2.35054 -2.02334</i>
                        <i>0.0496869 0.93972 0.338315 -0.968698 0.12783 -0.212798 -0.243217 -0.317152 0.916657 0.355208 2.32966 -2.02415</i>
                        <i>0.0611673 0.931052 0.359722 -0.967594 0.143771 -0.207586 -0.244991 -0.335367 0.909675 0.354452 2.29906 -2.02458</i>
                        <i>0.07618 0.919149 0.386472 -0.966313 0.163621 -0.198665 -0.245838 -0.358319 0.90065 0.354304 2.26197 -2.02468</i>
                        <i>0.0929894 0.904742 0.415686 -0.96469 0.185198 -0.187283 -0.246427 -0.383593 0.890017 0.354605 2.22167 -2.02451</i>
                        <i>0.109928 0.88894 0.444636 -0.962719 0.206468 -0.174768 -0.247161 -0.408847 0.878496 0.355197 2.18139 -2.02412</i>
                        <i>0.125442 0.873262 0.470827 -0.960566 0.225609 -0.162523 -0.248148 -0.431873 0.867126 0.355927 2.14438 -2.0236</i>
                        <i>0.138116 0.859555 0.492026 -0.958544 0.241024 -0.151992 -0.249235 -0.450636 0.85721 0.35664 2.11391 -2.02307</i>
                        <i>0.14665 0.849855 0.506201 -0.957046 0.251289 -0.144623 -0.250112 -0.463249 0.850203 0.357182 2.09323 -2.02265</i>
                        <i>0.149785 0.846199 0.511383 -0.956471 0.25503 -0.141853 -0.250454 -0.467876 0.847564 0.357397 2.08562 -2.02248</i>
                    </KeyFrames>
                </p>
            </i>
            <i>
                <p>
                    <Name><![CDATA[spine2]]></Name>
                    <Exclude>0</Exclude>
                    <Additive>0</Additive>
                    <IKPriority>0</IKPriority>
                    <IKRotLimits>-1e+010 -1e+010 -1e+010 1e+010 1e+010 1e+010</IKRotLimits>
                    <IKRotLimitOrder>0</IKRotLimitOrder>
                    <KeyFrames count="70">
                        <i>-0.0144098 0.88356 0.468096 -0.997964 0.0163782 -0.0616362 -0.0621259 -0.468031 0.881525 0.366471 2.51088 -1.96984</i>
                        <i>0.0586341 0.893402 0.445415 -0.991567 0.103778 -0.0776253 -0.115575 -0.437107 0.891953 0.361733 2.50787 -1.9891</i>
                        <i>0.127852 0.910439 0.393387 -0.96819 0.200589 -0.149571 -0.215084 -0.361751 0.907125 0.368671 2.49949 -2.04004</i>
                        <i>0.116957 0.943479 0.310109 -0.939315 0.206486 -0.273953 -0.322502 -0.25925 0.910375 0.399861 2.48365 -2.10796</i>
                        <i>0.113279 0.972105 0.205378 -0.893722 0.190005 -0.406397 -0.434083 -0.137515 0.890315 0.442957 2.46242 -2.17872</i>
                        <i>0.129732 0.986699 0.0979534 -0.841329 0.161818 -0.515732 -0.524723 -0.0155041 0.851132 0.489604 2.43856 -2.24041</i>
                        <i>0.161277 0.986862 0.0096074 -0.801656 0.136675 -0.581951 -0.575619 0.0861536 0.813167 0.529145 2.41612 -2.28527</i>
                        <i>0.193641 0.98016 -0.0422986 -0.794037 0.131257 -0.593529 -0.576201 0.148518 0.803701 0.550728 2.40003 -2.30849</i>
                        <i>0.230875 0.969033 -0.0875925 -0.830837 0.149494 -0.536061 -0.506366 0.196538 0.839623 0.546281 2.4019 -2.27375</i>
                        <i>0.260813 0.95207 -0.159813 -0.893709 0.175519 -0.412889 -0.365049 0.250513 0.896651 0.524896 2.41732 -2.18032</i>
                        <i>0.253848 0.937502 -0.238016 -0.950324 0.195911 -0.241876 -0.180129 0.287592 0.940662 0.501006 2.42678 -2.07873</i>
                        <i>0.225235 0.91466 -0.335659 -0.974203 0.216388 -0.0640625 0.0140374 0.34143 0.939803 0.489937 2.41739 -2.0113</i>
                        <i>0.187967 0.93941 -0.286666 -0.9643 0.231941 0.127782 0.186529 0.252414 0.94947 0.469925 2.38806 -1.9144</i>
                        <i>0.211162 0.976699 0.0383336 -0.914376 0.183524 0.360882 0.345438 -0.111256 0.931823 0.450509 2.32155 -1.72663</i>
                        <i>0.322986 0.847515 0.421187 -0.834607 0.0452396 0.548985 0.446219 -0.52884 0.721954 0.458822 2.21534 -1.53298</i>
                        <i>0.454322 0.588257 0.668989 -0.764891 -0.127362 0.631444 0.456655 -0.798582 0.392088 0.475555 2.1553 -1.43689</i>
                        <i>0.543644 0.322735 0.774786 -0.730218 -0.273249 0.626193 0.413804 -0.906188 0.087117 0.495714 2.17739 -1.42443</i>
                        <i>0.543355 0.120778 0.83077 -0.758811 -0.352676 0.547563 0.359126 -0.927918 -0.0999807 0.534856 2.21561 -1.42989</i>
                        <i>0.455416 0.0147268 0.890157 -0.834159 -0.342321 0.43243 0.311088 -0.939468 -0.143614 0.57963 2.25437 -1.45643</i>
                        <i>0.328928 -0.0316542 0.943824 -0.905103 -0.295716 0.305516 0.269433 -0.954751 -0.12592 0.611535 2.28668 -1.50144</i>
                        <i>0.185079 -0.0157211 0.982598 -0.957381 -0.228489 0.176674 0.221735 -0.97342 -0.0573397 0.617641 2.29896 -1.55926</i>
                        <i>0.0437329 0.0795839 0.995868 -0.98752 -0.147523 0.0551554 0.151303 -0.985852 0.072139 0.592931 2.28923 -1.65896</i>
                        <i>-0.0727933 0.248093 0.965997 -0.996187 -0.0647873 -0.0584292 0.0480884 -0.966567 0.251863 0.552785 2.26822 -1.80949</i>
                        <i>-0.145561 0.429553 0.891233 -0.986808 0.00148473 -0.161887 -0.0708623 -0.90304 0.42367 0.511334 2.24049 -1.97268</i>
                        <i>-0.173275 0.570245 0.802992 -0.970094 0.0418983 -0.239087 -0.169982 -0.820405 0.545931 0.476905 2.21577 -2.11042</i>
                        <i>-0.173383 0.634625 0.75312 -0.961668 0.0558584 -0.268465 -0.212443 -0.770799 0.600614 0.454152 2.20955 -2.18498</i>
                        <i>-0.16497 0.656653 0.73593 -0.962044 0.0573229 -0.266805 -0.217384 -0.752012 0.622272 0.442378 2.22692 -2.20347</i>
                        <i>-0.153669 0.685281 0.711882 -0.96246 0.0593177 -0.264861 -0.223731 -0.725859 0.65044 0.437003 2.2579 -2.20193</i>
                        <i>-0.140311 0.717226 0.682569 -0.962859 0.0617754 -0.262841 -0.230682 -0.694097 0.68192 0.436518 2.2974 -2.18605</i>
                        <i>-0.125807 0.749502 0.649938 -0.963197 0.0645852 -0.260923 -0.237539 -0.658844 0.713793 0.43941 2.34041 -2.16148</i>
                        <i>-0.111202 0.779465 0.616497 -0.963447 0.0675859 -0.259235 -0.243731 -0.622789 0.743457 0.444178 2.38207 -2.13386</i>
                        <i>-0.0976997 0.804834 0.585403 -0.963605 0.0705739 -0.257847 -0.248838 -0.589289 0.768647 0.449336 2.41766 -2.10886</i>
                        <i>-0.0866515 0.823658 0.560428 -0.963689 0.0733225 -0.256764 -0.252578 -0.562327 0.787396 0.453412 2.44253 -2.09217</i>
                        <i>-0.0795063 0.834152 0.545773 -0.96373 0.0756042 -0.255945 -0.25476 -0.546327 0.797887 0.458712 2.45832 -2.08314</i>
                        <i>-0.0763476 0.837263 0.541444 -0.963717 0.0773355 -0.255479 -0.255776 -0.541304 0.80098 0.46694 2.46961 -2.0751</i>
                        <i>-0.0757492 0.836249 0.543092 -0.963624 0.0786064 -0.255441 -0.256303 -0.542686 0.799875 0.476127 2.47636 -2.06617</i>
                        <i>-0.0768612 0.83269 0.548379 -0.963469 0.0794951 -0.25575 -0.256554 -0.548004 0.796161 0.484483 2.4786 -2.05511</i>
                        <i>-0.0787746 0.828198 0.554871 -0.963266 0.0801084 -0.256324 -0.256737 -0.55468 0.791465 0.490216 2.47642 -2.04069</i>
                        <i>-0.0805498 0.824487 0.560119 -0.963027 0.0805617 -0.257077 -0.257081 -0.560117 0.787514 0.491535 2.47004 -2.02165</i>
                        <i>-0.0812361 0.823354 0.561683 -0.962767 0.0809622 -0.257925 -0.257838 -0.561723 0.786121 0.486651 2.45975 -1.99669</i>
                        <i>-0.0819517 0.832407 0.548072 -0.964582 0.0721011 -0.253738 -0.25073 -0.549454 0.797016 0.471493 2.43377 -1.96148</i>
                        <i>-0.0851978 0.851648 0.517142 -0.96967 0.0484648 -0.239564 -0.229087 -0.521868 0.821689 0.44583 2.39003 -1.91475</i>
                        <i>-0.0918303 0.871551 0.481628 -0.976266 0.0164714 -0.215948 -0.196143 -0.490028 0.849353 0.413639 2.34351 -1.85989</i>
                        <i>-0.101221 0.883673 0.45703 -0.982521 -0.016653 -0.185405 -0.156226 -0.467808 0.869913 0.378864 2.30917 -1.80046</i>
                        <i>-0.110695 0.880755 0.460454 -0.987268 -0.0441977 -0.152802 -0.11423 -0.471506 0.874433 0.345377 2.30185 -1.74017</i>
                        <i>-0.114876 0.858569 0.499664 -0.990523 -0.0608801 -0.123118 -0.0752854 -0.509071 0.857425 0.309324 2.339 -1.67081</i>
                        <i>-0.112765 0.822424 0.557587 -0.992705 -0.0691474 -0.098771 -0.0426759 -0.564657 0.824222 0.268845 2.41036 -1.59198</i>
                        <i>-0.108284 0.781113 0.614929 -0.993955 -0.0738087 -0.0812723 -0.0180957 -0.620012 0.784383 0.230442 2.48975 -1.51914</i>
                        <i>-0.106777 0.746611 0.656636 -0.994278 -0.0780316 -0.072958 -0.00323288 -0.660669 0.75067 0.200214 2.55211 -1.46749</i>
                        <i>-0.113763 0.732241 0.671476 -0.993508 -0.0835697 -0.0771901 -0.000406691 -0.675898 0.736995 0.184 2.5731 -1.452</i>
                        <i>-0.154949 0.720126 0.676321 -0.987573 -0.0946958 -0.125429 -0.0262801 -0.687351 0.72585 0.193196 2.5035 -1.51212</i>
                        <i>-0.232747 0.692159 0.683187 -0.970254 -0.117153 -0.211852 -0.0665978 -0.712173 0.698837 0.226076 2.36275 -1.63401</i>
                        <i>-0.312296 0.665764 0.677664 -0.945513 -0.148702 -0.289641 -0.0920627 -0.731194 0.675928 0.268064 2.22887 -1.75298</i>
                        <i>-0.354089 0.669247 0.653245 -0.929167 -0.172465 -0.326961 -0.106156 -0.722747 0.682911 0.303541 2.14433 -1.82055</i>
                        <i>-0.3333 0.710033 0.620294 -0.935545 -0.167491 -0.31097 -0.116906 -0.683959 0.720092 0.336594 2.17439 -1.86735</i>
                        <i>-0.270182 0.762678 0.587642 -0.955605 -0.137896 -0.260391 -0.117561 -0.631907 0.766076 0.3633 2.23516 -1.90529</i>
