<?xml version="1.0" encoding="ISO-8859-1" ?>
<Animl Version="1">
    <ModellingPackage><![CDATA[Maya.2010]]></ModellingPackage>
    <SrcFile><![CDATA[anims\turrets\antitank\blue\~src\at_m40recoilless\antitank_m40recoilless_aim_low_crewman_a.mb]]></SrcFile>
    <FramesPerSecond>30</FramesPerSecond>
    <TotalFrames>30</TotalFrames>
    <Skeleton>
        <RefFrame>
            <Name><![CDATA[soldier_ref_frame]]></Name>
            <Exclude>0</Exclude>
            <Additive>0</Additive>
            <IKPriority>0</IKPriority>
            <IKRotLimits>-1e+010 -1e+010 -1e+010 1e+010 1e+010 1e+010</IKRotLimits>
            <IKRotLimitOrder>0</IKRotLimitOrder>
            <KeyFrames count="30">
                <i>1 0 0 0 1 0 0 0 1 0.69 0.93 0</i>
                <i>1 0 0 0 1 0 0 0 1 0.69 0.93 0</i>
                <i>1 0 0 0 1 0 0 0 1 0.69 0.93 0</i>
                <i>1 0 0 0 1 0 0 0 1 0.69 0.93 0</i>
                <i>1 0 0 0 1 0 0 0 1 0.69 0.93 0</i>
                <i>1 0 0 0 1 0 0 0 1 0.69 0.93 0</i>
                <i>1 0 0 0 1 0 0 0 1 0.69 0.93 0</i>
                <i>1 0 0 0 1 0 0 0 1 0.69 0.93 0</i>
                <i>1 0 0 0 1 0 0 0 1 0.69 0.93 0</i>
                <i>1 0 0 0 1 0 0 0 1 0.69 0.93 0</i>
                <i>1 0 0 0 1 0 0 0 1 0.69 0.93 0</i>
                <i>1 0 0 0 1 0 0 0 1 0.69 0.93 0</i>
                <i>1 0 0 0 1 0 0 0 1 0.69 0.93 0</i>
                <i>1 0 0 0 1 0 0 0 1 0.69 0.93 0</i>
                <i>1 0 0 0 1 0 0 0 1 0.69 0.93 0</i>
                <i>1 0 0 0 1 0 0 0 1 0.69 0.93 0</i>
                <i>1 0 0 0 1 0 0 0 1 0.69 0.93 0</i>
                <i>1 0 0 0 1 0 0 0 1 0.69 0.93 0</i>
                <i>1 0 0 0 1 0 0 0 1 0.69 0.93 0</i>
                <i>1 0 0 0 1 0 0 0 1 0.69 0.93 0</i>
                <i>1 0 0 0 1 0 0 0 1 0.69 0.93 0</i>
                <i>1 0 0 0 1 0 0 0 1 0.69 0.93 0</i>
                <i>1 0 0 0 1 0 0 0 1 0.69 0.93 0</i>
                <i>1 0 0 0 1 0 0 0 1 0.69 0.93 0</i>
                <i>1 0 0 0 1 0 0 0 1 0.69 0.93 0</i>
                <i>1 0 0 0 1 0 0 0 1 0.69 0.93 0</i>
                <i>1 0 0 0 1 0 0 0 1 0.69 0.93 0</i>
                <i>1 0 0 0 1 0 0 0 1 0.69 0.93 0</i>
                <i>1 0 0 0 1 0 0 0 1 0.69 0.93 0</i>
                <i>1 0 0 0 1 0 0 0 1 0.69 0.93 0</i>
            </KeyFrames>
        </RefFrame>
        <Bones count="23">
            <i>
                <p>
                    <Name><![CDATA[pelvis]]></Name>
                    <Exclude>0</Exclude>
                    <Additive>0</Additive>
                    <IKPriority>0</IKPriority>
                    <IKRotLimits>-1e+010 -1e+010 -1e+010 1e+010 1e+010 1e+010</IKRotLimits>
                    <IKRotLimitOrder>2</IKRotLimitOrder>
                    <KeyFrames count="30">
                        <i>1 0 0 0 1 0 0 0 1 0.62452 2.07002 -0.0330085</i>
                        <i>1 0 0 0 1 0 0 0 1 0.624522 2.06972 -0.0330143</i>
                        <i>1 0 0 0 1 0 0 0 1 0.624528 2.06939 -0.0330306</i>
                        <i>1 0 0 0 1 0 0 0 1 0.624538 2.06904 -0.0330555</i>
                        <i>1 0 0 0 1 0 0 0 1 0.62455 2.06868 -0.0330874</i>
                        <i>1 0 0 0 1 0 0 0 1 0.624565 2.06831 -0.0331245</i>
                        <i>1 0 0 0 1 0 0 0 1 0.62458 2.06794 -0.033165</i>
                        <i>1 0 0 0 1 0 0 0 1 0.624597 2.06758 -0.0332073</i>
                        <i>1 0 0 0 1 0 0 0 1 0.624613 2.06724 -0.0332497</i>
                        <i>1 0 0 0 1 0 0 0 1 0.624629 2.06694 -0.0332902</i>
                        <i>1 0 0 0 1 0 0 0 1 0.624643 2.06666 -0.0333273</i>
                        <i>1 0 0 0 1 0 0 0 1 0.624655 2.06644 -0.0333592</i>
                        <i>1 0 0 0 1 0 0 0 1 0.624665 2.06627 -0.0333841</i>
                        <i>1 0 0 0 1 0 0 0 1 0.624671 2.06616 -0.0334004</i>
                        <i>1 0 0 0 1 0 0 0 1 0.624673 2.06612 -0.0334062</i>
                        <i>1 0 0 0 1 0 0 0 1 0.624672 2.06617 -0.0334015</i>
                        <i>1 0 0 0 1 0 0 0 1 0.624667 2.0663 -0.0333893</i>
                        <i>1 0 0 0 1 0 0 0 1 0.62466 2.0665 -0.0333715</i>
                        <i>1 0 0 0 1 0 0 0 1 0.624651 2.06673 -0.0333494</i>
                        <i>1 0 0 0 1 0 0 0 1 0.624642 2.06701 -0.0333239</i>
                        <i>1 0 0 0 1 0 0 0 1 0.624631 2.06731 -0.0332956</i>
                        <i>1 0 0 0 1 0 0 0 1 0.624619 2.06764 -0.033265</i>
                        <i>1 0 0 0 1 0 0 0 1 0.624606 2.06798 -0.0332327</i>
                        <i>1 0 0 0 1 0 0 0 1 0.624593 2.06833 -0.0331989</i>
                        <i>1 0 0 0 1 0 0 0 1 0.62458 2.06869 -0.0331641</i>
                        <i>1 0 0 0 1 0 0 0 1 0.624566 2.06904 -0.0331288</i>
                        <i>1 0 0 0 1 0 0 0 1 0.624553 2.06939 -0.0330935</i>
                        <i>1 0 0 0 1 0 0 0 1 0.624539 2.06971 -0.0330592</i>
                        <i>1 0 0 0 1 0 0 0 1 0.624527 2.06997 -0.033028</i>
                        <i>1 0 0 0 1 0 0 0 1 0.62452 2.07002 -0.0330085</i>
                    </KeyFrames>
                </p>
            </i>
            <i>
                <p>
                    <Name><![CDATA[spine0]]></Name>
                    <Exclude>0</Exclude>
                    <Additive>0</Additive>
                    <IKPriority>0</IKPriority>
                    <IKRotLimits>-1e+010 -1e+010 -1e+010 1e+010 1e+010 1e+010</IKRotLimits>
                    <IKRotLimitOrder>0</IKRotLimitOrder>
                    <KeyFrames count="30">
                        <i>-0.0741021 0.992416 0.0980742 -0.93701 -0.0356257 -0.34748 -0.341351 -0.117646 0.932544 0.607632 2.20909 -0.0657438</i>
                        <i>-0.0743055 0.992266 0.0994358 -0.936764 -0.0352576 -0.348182 -0.341983 -0.11902 0.932138 0.607866 2.20865 -0.0664507</i>
                        <i>-0.0743692 0.992249 0.0995502 -0.93635 -0.0351344 -0.349307 -0.343102 -0.119191 0.931705 0.608158 2.20808 -0.0676065</i>
                        <i>-0.0744991 0.992262 0.0993321 -0.935894 -0.0351773 -0.350522 -0.344315 -0.119078 0.931272 0.6084 2.20743 -0.0689054</i>
                        <i>-0.0747129 0.992282 0.098971 -0.93542 -0.0353458 -0.351768 -0.345555 -0.118861 0.93084 0.608579 2.20673 -0.0702674</i>
                        <i>-0.0749988 0.992303 0.098543 -0.934936 -0.0356048 -0.353027 -0.346801 -0.118608 0.930409 0.608703 2.206 -0.0716496</i>
                        <i>-0.0753353 0.992323 0.098083 -0.934447 -0.0359231 -0.354287 -0.348043 -0.118344 0.929979 0.608779 2.20526 -0.0730217</i>
                        <i>-0.0756968 0.992342 0.0976031 -0.933958 -0.0362738 -0.355538 -0.349275 -0.11807 0.929552 0.608822 2.20453 -0.0743577</i>
                        <i>-0.0760549 0.992365 0.0970929 -0.933475 -0.0366356 -0.356766 -0.350485 -0.117768 0.929135 0.608842 2.20381 -0.0756332</i>
                        <i>-0.0763759 0.992399 0.0964973 -0.933007 -0.0369993 -0.35795 -0.351659 -0.117371 0.928741 0.608851 2.20314 -0.076823</i>
                        <i>-0.076581 0.992484 0.0954556 -0.932561 -0.0374229 -0.359067 -0.352795 -0.116516 0.928418 0.608859 2.20253 -0.0778996</i>
                        <i>-0.0763898 0.992799 0.0922741 -0.932131 -0.0382532 -0.360096 -0.353973 -0.113519 0.928341 0.608871 2.20201 -0.0788314</i>
                        <i>-0.0760565 0.99315 0.0887101 -0.931762 -0.0391139 -0.360957 -0.355015 -0.11011 0.928354 0.608893 2.20159 -0.0795787</i>
                        <i>-0.0756447 0.993483 0.0852626 -0.931491 -0.0398938 -0.361571 -0.355813 -0.106772 0.928438 0.608919 2.20132 -0.0800887</i>
                        <i>-0.0751828 0.993781 0.082137 -0.931362 -0.040555 -0.36183 -0.356248 -0.103703 0.928619 0.608935 2.20121 -0.0802832</i>
                        <i>-0.0747176 0.994031 0.0794927 -0.931403 -0.0410878 -0.361663 -0.356238 -0.101062 0.928914 0.608917 2.20132 -0.0801146</i>
                        <i>-0.0742646 0.994239 0.0772838 -0.931571 -0.0415083 -0.361183 -0.355894 -0.0988184 0.929287 0.60887 2.2016 -0.0796754</i>
                        <i>-0.073831 0.99441 0.0754841 -0.93183 -0.0418213 -0.360479 -0.355307 -0.0969528 0.929708 0.608803 2.20199 -0.0790346</i>
                        <i>-0.0734249 0.994544 0.0741021 -0.932155 -0.0420247 -0.359612 -0.354535 -0.0954792 0.930155 0.608721 2.20248 -0.0782368</i>
                        <i>-0.0730575 0.99464 0.0731766 -0.932531 -0.0421112 -0.358625 -0.353621 -0.0944397 0.930609 0.608629 2.20304 -0.0773132</i>
                        <i>-0.0727453 0.994691 0.0727869 -0.932946 -0.0420658 -0.357551 -0.352591 -0.0939164 0.931053 0.608528 2.20365 -0.0762869</i>
                        <i>-0.0725166 0.994686 0.0730858 -0.933391 -0.0418602 -0.356411 -0.351458 -0.0940633 0.931466 0.608422 2.2043 -0.0751761</i>
                        <i>-0.0724324 0.994592 0.0744278 -0.933864 -0.0414278 -0.35522 -0.350216 -0.0952349 0.931815 0.608312 2.20498 -0.0739965</i>
                        <i>-0.0724724 0.99442 0.076656 -0.934356 -0.0408068 -0.353996 -0.348893 -0.097279 0.9321 0.608201 2.20567 -0.0727622</i>
                        <i>-0.0725936 0.99419 0.0794766 -0.934856 -0.0400613 -0.352759 -0.347525 -0.0999072 0.932333 0.60809 2.20637 -0.0714875</i>
                        <i>-0.0727755 0.993911 0.0827314 -0.935355 -0.0392274 -0.351528 -0.346142 -0.102966 0.932515 0.60798 2.20706 -0.0701887</i>
                        <i>-0.0730084 0.993589 0.086318 -0.935844 -0.038331 -0.350324 -0.344769 -0.106357 0.932643 0.607874 2.20772 -0.0688878</i>
                        <i>-0.0732909 0.993227 0.090156 -0.93631 -0.0373959 -0.349177 -0.343441 -0.110006 0.93271 0.607774 2.20835 -0.0676206</i>
                        <i>-0.0736337 0.992831 0.0941545 -0.936731 -0.0364567 -0.348147 -0.342218 -0.113833 0.9327 0.607686 2.20887 -0.066465</i>
                        <i>-0.0741021 0.992416 0.0980742 -0.93701 -0.0356257 -0.34748 -0.341351 -0.117646 0.932544 0.607632 2.20909 -0.0657438</i>
                    </KeyFrames>
                </p>
            </i>
            <i>
                <p>
                    <Name><![CDATA[spine1]]></Name>
                    <Exclude>0</Exclude>
                    <Additive>0</Additive>
                    <IKPriority>0</IKPriority>
                    <IKRotLimits>-1e+010 -1e+010 -1e+010 1e+010 1e+010 1e+010</IKRotLimits>
                    <IKRotLimitOrder>0</IKRotLimitOrder>
                    <KeyFrames count="30">
                        <i>0.060126 0.963972 0.259119 -0.966932 0.120701 -0.224665 -0.247847 -0.237042 0.939353 0.594824 2.38066 -0.0487962</i>
                        <i>0.0573507 0.961915 0.267265 -0.96683 0.120254 -0.225341 -0.248898 -0.245476 0.936905 0.594975 2.38084 -0.0492067</i>
                        <i>0.0545058 0.959633 0.275922 -0.966586 0.120027 -0.226506 -0.250481 -0.254356 0.93411 0.595199 2.38107 -0.0502669</i>
                        <i>0.0519813 0.95723 0.284621 -0.966287 0.120177 -0.227699 -0.252165 -0.26319 0.931206 0.595353 2.3813 -0.0515206</i>
                        <i>0.0498184 0.954763 0.293164 -0.965954 0.120671 -0.228847 -0.253871 -0.271782 0.928269 0.595427 2.38154 -0.0528581</i>
                        <i>0.0479967 0.952281 0.301425 -0.965598 0.12145 -0.229937 -0.255573 -0.280019 0.92535 0.59543 2.38178 -0.0542263</i>
                        <i>0.0464784 0.949827 0.309304 -0.965225 0.122446 -0.23097 -0.257255 -0.287813 0.922488 0.595376 2.38199 -0.0555909</i>
                        <i>0.0452226 0.947446 0.316703 -0.964844 0.123588 -0.231952 -0.258903 -0.29508 0.919727 0.595286 2.38219 -0.0569262</i>
                        <i>0.0441945 0.945196 0.323499 -0.964462 0.124802 -0.232888 -0.260498 -0.30171 0.917122 0.595176 2.38237 -0.0582119</i>
                        <i>0.0433797 0.943165 0.329481 -0.964089 0.126011 -0.233783 -0.262014 -0.307507 0.914761 0.595067 2.38251 -0.0594351</i>
                        <i>0.0428865 0.941674 0.333782 -0.963728 0.127079 -0.234691 -0.263419 -0.31161 0.912967 0.594986 2.38261 -0.0606374</i>
                        <i>0.0433349 0.942038 0.332696 -0.963363 0.127624 -0.235888 -0.264676 -0.310285 0.913055 0.594995 2.38265 -0.0621018</i>
                        <i>0.0440732 0.943018 0.329811 -0.963045 0.127908 -0.237031 -0.26571 -0.307176 0.913806 0.595052 2.38264 -0.0634692</i>
                        <i>0.0449682 0.944344 0.325872 -0.962803 0.127969 -0.237979 -0.266436 -0.303049 0.914972 0.595143 2.38257 -0.0645959</i>
                        <i>0.0460638 0.946036 0.320772 -0.962669 0.127782 -0.238619 -0.266731 -0.297806 0.916606 0.595248 2.38244 -0.0653666</i>
                        <i>0.0474106 0.94811 0.314388 -0.962664 0.127347 -0.238872 -0.266513 -0.291325 0.918749 0.595336 2.38231 -0.0657014</i>
                        <i>0.0489429 0.950401 0.307153 -0.962755 0.126762 -0.23882 -0.26591 -0.284025 0.921207 0.595404 2.38218 -0.0656959</i>
                        <i>0.0505896 0.952781 0.299415 -0.962915 0.126087 -0.238532 -0.265021 -0.276244 0.923825 0.595455 2.38206 -0.0654205</i>
                        <i>0.052293 0.955156 0.291448 -0.963127 0.125367 -0.238052 -0.263915 -0.268253 0.926493 0.595492 2.38195 -0.0649163</i>
                        <i>0.0539975 0.957446 0.283518 -0.963382 0.124633 -0.237406 -0.262638 -0.260317 0.929116 0.595514 2.38183 -0.0642064</i>
                        <i>0.0556394 0.959563 0.275941 -0.963672 0.123918 -0.236604 -0.261231 -0.252752 0.931598 0.595521 2.38172 -0.0632994</i>
                        <i>0.0571299 0.961393 0.269182 -0.963992 0.123262 -0.235641 -0.259724 -0.246027 0.933817 0.59551 2.38161 -0.0621865</i>
                        <i>0.0583003 0.962714 0.264165 -0.964344 0.122737 -0.234471 -0.258151 -0.241076 0.935543 0.595469 2.38151 -0.0608207</i>
                        <i>0.0591859 0.963613 0.260667 -0.964721 0.122319 -0.233133 -0.256535 -0.237673 0.936857 0.595406 2.3814 -0.059246</i>
                        <i>0.0598784 0.96425 0.25814 -0.965113 0.121959 -0.231694 -0.254893 -0.235261 0.937913 0.595328 2.38128 -0.0575301</i>
                        <i>0.0604128 0.964694 0.256351 -0.965513 0.121634 -0.230194 -0.253248 -0.233604 0.938773 0.59524 2.38116 -0.055718</i>
                        <i>0.060793 0.964968 0.255229 -0.965913 0.121334 -0.228669 -0.251626 -0.232627 0.939451 0.595146 2.38102 -0.0538491</i>
                        <i>0.0609911 0.965055 0.254849 -0.966304 0.121058 -0.227159 -0.250073 -0.232407 0.93992 0.595047 2.38089 -0.0519716</i>
                        <i>0.0609133 0.964871 0.255565 -0.966668 0.120817 -0.225736 -0.248683 -0.233296 0.940069 0.594941 2.38075 -0.0501739</i>
                        <i>0.060126 0.963972 0.259119 -0.966932 0.120701 -0.224665 -0.247847 -0.237042 0.939353 0.594824 2.38066 -0.0487962</i>
                    </KeyFrames>
                </p>
            </i>
            <i>
                <p>
                    <Name><![CDATA[spine2]]></Name>
                    <Exclude>0</Exclude>
                    <Additive>0</Additive>
                    <IKPriority>0</IKPriority>
                    <IKRotLimits>-1e+010 -1e+010 -1e+010 1e+010 1e+010 1e+010</IKRotLimits>
                    <IKRotLimitOrder>0</IKRotLimitOrder>
                    <KeyFrames count="30">
                        <i>-0.0681078 0.887882 0.455002 -0.987146 0.00611857 -0.159702 -0.144581 -0.46003 0.876053 0.604496 2.5341 -0.0074925</i>
                        <i>-0.0696153 0.884677 0.460978 -0.987156 0.00551809 -0.159667 -0.143797 -0.466172 0.872929 0.604238 2.53452 -0.00643859</i>
                        <i>-0.0710103 0.881549 0.466721 -0.987158 0.00501774 -0.159671 -0.1431 -0.472065 0.869872 0.604043 2.53508 -0.00590133</i>
                        <i>-0.0721271 0.878478 0.472307 -0.987167 0.00476768 -0.15962 -0.142475 -0.477758 0.866861 0.603831 2.53571 -0.00551508</i>
                        <i>-0.0729708 0.875492 0.477691 -0.987185 0.00475282 -0.15951 -0.14192 -0.483209 0.863926 0.603595 2.53636 -0.00520987</i>
                        <i>-0.0735779 0.872614 0.482837 -0.98721 0.00493108 -0.159349 -0.141431 -0.488386 0.86109 0.60334 2.53702 -0.0049595</i>
                        <i>-0.073992 0.869869 0.487701 -0.98724 0.00525392 -0.159151 -0.141003 -0.493254 0.858381 0.603076 2.53767 -0.00475378</i>
                        <i>-0.0742568 0.867289 0.492236 -0.987273 0.00567202 -0.15893 -0.14063 -0.497773 0.85583 0.602814 2.53828 -0.00459176</i>
                        <i>-0.0744097 0.86492 0.496363 -0.987307 0.0061389 -0.158704 -0.140313 -0.501872 0.853485 0.602567 2.53884 -0.0044828</i>
                        <i>-0.07447 0.862859 0.499928 -0.987338 0.00661479 -0.158492 -0.140063 -0.505401 0.851441 0.602352 2.53934 -0.00446004</i>
                        <i>-0.0743506 0.861556 0.502189 -0.98736 0.00708604 -0.158338 -0.139976 -0.507613 0.850139 0.602213 2.53979 -0.00472389</i>
                        <i>-0.0735134 0.862978 0.499865 -0.987346 0.00764037 -0.158396 -0.140511 -0.505184 0.851496 0.602316 2.54033 -0.00620548</i>
                        <i>-0.0725498 0.865167 0.496209 -0.98732 0.00813171 -0.158532 -0.141192 -0.501419 0.853607 0.602509 2.54078 -0.00794748</i>
                        <i>-0.0716018 0.867672 0.491954 -0.987288 0.00851492 -0.158714 -0.1419 -0.497064 0.856032 0.602755 2.54106 -0.00968838</i>
                        <i>-0.0706645 0.870477 0.48711 -0.987251 0.00879004 -0.158927 -0.142624 -0.49213 0.858758 0.603042 2.54116 -0.0113385</i>
                        <i>-0.0696924 0.8736 0.481629 -0.987212 0.00898931 -0.159156 -0.143369 -0.486562 0.861802 0.603345 2.54113 -0.0128309</i>
                        <i>-0.0687016 0.876883 0.475769 -0.987174 0.00913631 -0.159388 -0.144112 -0.480617 0.865008 0.603652 2.54101 -0.014167</i>
                        <i>-0.0677221 0.880198 0.46975 -0.987136 0.00923512 -0.159616 -0.144832 -0.474516 0.86825 0.603955 2.54082 -0.0153431</i>
                        <i>-0.0667834 0.88344 0.46376 -0.9871 0.00928528 -0.159835 -0.145511 -0.468452 0.871424 0.604249 2.54055 -0.0163438</i>
                        <i>-0.0659189 0.886505 0.458001 -0.987068 0.00928403 -0.160036 -0.146125 -0.462627 0.874428 0.604523 2.54022 -0.01714</i>
                        <i>-0.0651731 0.889261 0.452733 -0.98704 0.00922597 -0.160211 -0.146646 -0.457307 0.877135 0.604768 2.53982 -0.0176821</i>
                        <i>-0.0646158 0.891515 0.44836 -0.987019 0.00910149 -0.160343 -0.147029 -0.4529 0.879354 0.604966 2.53935 -0.017881</i>
                        <i>-0.0643893 0.89286 0.445708 -0.987013 0.0088894 -0.160396 -0.147174 -0.450247 0.880691 0.60508 2.53878 -0.0175354</i>
                        <i>-0.0644524 0.893429 0.444557 -0.987017 0.00860115 -0.160385 -0.147116 -0.449122 0.881275 0.605122 2.53814 -0.0167282</i>
                        <i>-0.0647121 0.893496 0.444384 -0.987028 0.00825609 -0.160333 -0.146926 -0.448995 0.881372 0.605117 2.53745 -0.0156179</i>
                        <i>-0.065123 0.893185 0.44495 -0.987045 0.0078657 -0.160254 -0.146636 -0.449621 0.881101 0.605077 2.53672 -0.014287</i>
                        <i>-0.0656619 0.892547 0.446147 -0.987064 0.00743886 -0.160154 -0.146263 -0.450892 0.880513 0.605005 2.53597 -0.0127844</i>
                        <i>-0.0663202 0.891581 0.447978 -0.987087 0.00698573 -0.160035 -0.145814 -0.452807 0.879605 0.604901 2.53524 -0.0111411</i>
                        <i>-0.067107 0.890195 0.45061 -0.987113 0.00652409 -0.159894 -0.145277 -0.455532 0.878285 0.604752 2.53455 -0.00937619</i>
                        <i>-0.0681078 0.887882 0.455002 -0.987146 0.00611857 -0.159702 -0.144581 -0.46003 0.876053 0.604496 2.5341 -0.0074925</i>
                    </KeyFrames>
                </p>
            </i>
            <i>
                <p>
                    <Name><![CDATA[head]]></Name>
                    <Exclude>0</Exclude>
                    <Additive>0</Additive>
                    <IKPriority>0</IKPriority>
                    <IKRotLimits>-1e+010 -1e+010 -1e+010 1e+010 1e+010 1e+010</IKRotLimits>
                    <IKRotLimitOrder>0</IKRotLimitOrder>
                    <KeyFrames count="30">
                        <i>-0.0694863 0.975401 0.209198 0.23125 0.219742 -0.947754 -0.97041 -0.0174789 -0.240831 0.573044 2.76493 0.102175</i>
                        <i>-0.0663112 0.978098 0.1973 0.232058 0.207431 -0.950327 -0.970439 -0.0172324 -0.24073 0.572483 2.76516 0.10467</i>
                        <i>-0.0637673 0.980164 0.18765 0.232684 0.197453 -0.952297 -0.97046 -0.0170621 -0.24066 0.572014 2.7657 0.106535</i>
                        <i>-0.0616511 0.981797 0.179648 0.23318 0.189178 -0.953855 -0.970477 -0.0169158 -0.240599 0.571566 2.76637 0.108215</i>
                        <i>-0.0599834 0.98302 0.173417 0.233549 0.182728 -0.955021 -0.970493 -0.0167841 -0.240544 0.571134 2.76713 0.109781</i>
                        <i>-0.0588582 0.983796 0.169354 0.233774 0.178515 -0.955763 -0.970508 -0.0166639 -0.240493 0.570717 2.76792 0.111252</i>
                        <i>-0.0584668 0.98401 0.168246 0.233816 0.177344 -0.95597 -0.970521 -0.0165539 -0.240446 0.57032 2.76871 0.112625</i>
                        <i>-0.0592172 0.983358 0.171758 0.233577 0.180933 -0.955356 -0.970533 -0.0164547 -0.240404 0.56995 2.76947 0.113887</i>
                        <i>-0.0612707 0.981656 0.180547 0.233003 0.189956 -0.953743 -0.970544 -0.0163687 -0.240367 0.569618 2.77018 0.115003</i>
                        <i>-0.0641271 0.979192 0.19254 0.232199 0.202282 -0.951402 -0.970552 -0.0163031 -0.240339 0.56934 2.77084 0.115897</i>
                        <i>-0.0674814 0.976158 0.206303 0.231245 0.216447 -0.948513 -0.970552 -0.0163002 -0.240338 0.569185 2.77153 0.116178</i>
                        <i>-0.0706318 0.973372 0.218079 0.230434 0.228634 -0.945847 -0.970521 -0.016554 -0.240446 0.569453 2.77281 0.114091</i>
                        <i>-0.0739233 0.970338 0.230172 0.22956 0.241162 -0.942944 -0.970483 -0.0168672 -0.240578 0.569854 2.77405 0.111395</i>
                        <i>-0.0773048 0.967041 0.242602 0.228609 0.25404 -0.939788 -0.970444 -0.0171893 -0.240712 0.570318 2.77505 0.108536</i>
                        <i>-0.0806237 0.963628 0.254796 0.227622 0.266673 -0.936522 -0.970406 -0.0175086 -0.240843 0.570829 2.77576 0.105617</i>
                        <i>-0.0837152 0.960302 0.266106 0.226661 0.278394 -0.933339 -0.970369 -0.017819 -0.240968 0.571367 2.77625 0.102719</i>
                        <i>-0.0864141 0.957302 0.275871 0.225795 0.28852 -0.930469 -0.970335 -0.0181154 -0.241086 0.571914 2.77656 0.0999039</i>
                        <i>-0.0885575 0.954893 0.283439 0.225103 0.296382 -0.928163 -0.970302 -0.0183929 -0.241196 0.572456 2.77671 0.0972298</i>
                        <i>-0.089986 0.953339 0.288179 0.224661 0.301326 -0.926677 -0.970273 -0.0186452 -0.241294 0.572977 2.77669 0.0947588</i>
                        <i>-0.0905453 0.95289 0.289488 0.224545 0.30273 -0.926247 -0.970248 -0.0188643 -0.241378 0.573461 2.77652 0.0925697</i>
                        <i>-0.0900781 0.953755 0.286771 0.224819 0.299982 -0.927075 -0.970228 -0.0190378 -0.241444 0.573888 2.77616 0.0907751</i>
                        <i>-0.0888663 0.9555 0.281288 0.225353 0.29437 -0.928742 -0.970216 -0.0191449 -0.241484 0.574224 2.77558 0.0895605</i>
                        <i>-0.0872943 0.957522 0.274831 0.225964 0.287726 -0.930674 -0.970216 -0.0191405 -0.241482 0.574399 2.77469 0.0893232</i>
                        <i>-0.0854729 0.95968 0.267786 0.226611 0.28045 -0.932735 -0.970228 -0.0190405 -0.241445 0.574437 2.77353 0.0899213</i>
                        <i>-0.0834114 0.961988 0.260042 0.227298 0.272439 -0.93494 -0.970246 -0.0188775 -0.241383 0.574383 2.7722 0.0910668</i>
                        <i>-0.0811244 0.964429 0.251588 0.228022 0.263684 -0.937271 -0.97027 -0.0186679 -0.241302 0.574261 2.77075 0.0926164</i>
                        <i>-0.0786204 0.966981 0.242416 0.228777 0.25418 -0.939709 -0.970299 -0.0184211 -0.241207 0.574079 2.76922 0.0944937</i>
                        <i>-0.0758952 0.969633 0.232489 0.229558 0.243889 -0.942243 -0.970331 -0.0181421 -0.241097 0.573838 2.76766 0.0966661</i>
                        <i>-0.072915 0.972394 0.221662 0.230369 0.232664 -0.94488 -0.970368 -0.0178319 -0.240974 0.573523 2.76614 0.0991524</i>
                        <i>-0.0694863 0.975401 0.209198 0.23125 0.219742 -0.947754 -0.97041 -0.0174789 -0.240831 0.573044 2.76493 0.102175</i>
                    </KeyFrames>
                </p>
            </i>
            <i>
                <p>
                    <Name><![CDATA[head_prop]]></Name>
                    <Exclude>0</Exclude>
                    <Additive>0</Additive>
                    <IKPriority>0</IKPriority>
                    <IKRotLimits>-1e+010 -1e+010 -1e+010 1e+010 1e+010 1e+010</IKRotLimits>
                    <IKRotLimitOrder>0</IKRotLimitOrder>
                    <KeyFrames count="30">
                        <i>0.97041 0.0174789 0.240831 -0.0694863 0.975401 0.209198 -0.23125 -0.219742 0.947754 0.550398 3.08282 0.170354</i>
                        <i>0.970439 0.0172324 0.24073 -0.0663112 0.978098 0.1973 -0.232058 -0.207431 0.950327 0.550871 3.08393 0.168972</i>
                        <i>0.97046 0.0170621 0.24066 -0.0637673 0.980164 0.18765 -0.232684 -0.197453 0.952297 0.551231 3.08514 0.167692</i>
                        <i>0.970477 0.0169158 0.240599 -0.0616511 0.981797 0.179648 -0.23318 -0.189178 0.953855 0.551474 3.08635 0.166764</i>
                        <i>0.970493 0.0167841 0.240544 -0.0599834 0.98302 0.173417 -0.233549 -0.182728 0.955021 0.551585 3.0875 0.166299</i>
                        <i>0.970508 0.0166639 0.240493 -0.0588582 0.983796 0.169354 -0.233774 -0.178515 0.955763 0.551534 3.08854 0.166446</i>
                        <i>0.970521 0.0165539 0.240446 -0.0584668 0.98401 0.168246 -0.233816 -0.177344 0.95597 0.551265 3.0894 0.167458</i>
                        <i>0.970533 0.0164547 0.240404 -0.0592172 0.983358 0.171758 -0.233577 -0.180933 0.955356 0.550651 3.08995 0.169864</i>
                        <i>0.970544 0.0163687 0.240367 -0.0612707 0.981656 0.180547 -0.233003 -0.189956 0.953743 0.549649 3.09011 0.173845</i>
                        <i>0.970552 0.0163031 0.240339 -0.0641271 0.979192 0.19254 -0.232199 -0.202282 0.951402 0.54844 3.08996 0.178647</i>
                        <i>0.970552 0.0163002 0.240338 -0.0674814 0.976158 0.206303 -0.231245 -0.216447 0.948513 0.547193 3.08967 0.183414</i>
                        <i>0.970521 0.016554 0.240446 -0.0706318 0.973372 0.218079 -0.230434 -0.228634 0.945847 0.546434 3.09004 0.185165</i>
                        <i>0.970483 0.0168672 0.240578 -0.0739233 0.970338 0.230172 -0.22956 -0.241162 0.942944 0.545762 3.09029 0.18641</i>
                        <i>0.970444 0.0171893 0.240712 -0.0773048 0.967041 0.242602 -0.228609 -0.25404 0.939788 0.545123 3.09022 0.187602</i>
                        <i>0.970406 0.0175086 0.240843 -0.0806237 0.963628 0.254796 -0.227622 -0.266673 0.936522 0.544553 3.08982 0.188658</i>
                        <i>0.970369 0.017819 0.240968 -0.0837152 0.960302 0.266106 -0.226661 -0.278394 0.933339 0.544084 3.08922 0.189445</i>
                        <i>0.970335 0.0181154 0.241086 -0.0864141 0.957302 0.275871 -0.225795 -0.28852 0.930469 0.543751 3.08856 0.189813</i>
                        <i>0.970302 0.0183929 0.241196 -0.0885575 0.954893 0.283439 -0.225103 -0.296382 0.928163 0.543594 3.08792 0.189605</i>
                        <i>0.970273 0.0186452 0.241294 -0.089986 0.953339 0.288179 -0.224661 -0.301326 0.926677 0.543649 3.0874 0.188679</i>
                        <i>0.970248 0.0188643 0.241378 -0.0905453 0.95289 0.289488 -0.224545 -0.30273 0.926247 0.543952 3.08707 0.186916</i>
                        <i>0.970228 0.0190378 0.241444 -0.0900781 0.953755 0.286771 -0.224819 -0.299982 0.927075 0.544531 3.087 0.184236</i>
                        <i>0.970216 0.0191449 0.241484 -0.0888663 0.9555 0.281288 -0.225353 -0.29437 0.928742 0.545262 3.08699 0.181235</i>
                        <i>0.970216 0.0191405 0.241482 -0.0872943 0.957522 0.274831 -0.225964 -0.287726 0.930674 0.545949 3.08676 0.178893</i>
                        <i>0.970228 0.0190405 0.241445 -0.0854729 0.95968 0.267786 -0.226611 -0.28045 0.932735 0.54658 3.0863 0.177195</i>
                        <i>0.970246 0.0188775 0.241383 -0.0834114 0.961988 0.260042 -0.227298 -0.272439 0.93494 0.547199 3.08572 0.175817</i>
                        <i>0.97027 0.0186679 0.241302 -0.0811244 0.964429 0.251588 -0.228022 -0.263684 0.937271 0.547821 3.08507 0.174611</i>
                        <i>0.970299 0.0184211 0.241207 -0.0786204 0.966981 0.242416 -0.228777 -0.25418 0.939709 0.548456 3.08437 0.173499</i>
                        <i>0.970331 0.0181421 0.241097 -0.0758952 0.969633 0.232489 -0.229558 -0.243889 0.942243 0.549103 3.08367 0.172436</i>
                        <i>0.970368 0.0178319 0.240974 -0.072915 0.972394 0.221662 -0.230369 -0.232664 0.94488 0.549759 3.08305 0.171394</i>
                        <i>0.97041 0.0174789 0.240831 -0.0694863 0.975401 0.209198 -0.23125 -0.219742 0.947754 0.550398 3.08282 0.170354</i>
                    </KeyFrames>
                </p>
            </i>
            <i>
                <p>
                    <Name><![CDATA[l_clav]]></Name>
                    <Exclude>0</Exclude>
                    <Additive>0</Additive>
                    <IKPriority>0</IKPriority>
                    <IKRotLimits>-1e+010 -1e+010 -1e+010 1e+010 1e+010 1e+010</IKRotLimits>
                    <IKRotLimitOrder>0</IKRotLimitOrder>
                    <KeyFrames count="30">
                        <i>0.872156 0.363283 0.327673 -0.442072 0.872108 0.209762 -0.209563 -0.3278 0.921211 0.688451 2.58292 0.0651572</i>
                        <i>0.869479 0.367442 0.33014 -0.447505 0.868914 0.211489 -0.209153 -0.331625 0.919935 0.688011 2.58338 0.0669297</i>
                        <i>0.865327 0.374659 0.332927 -0.455572 0.864878 0.21081 -0.208959 -0.334092 0.919086 0.687626 2.58408 0.0682948</i>
                        <i>0.860736 0.382633 0.335748 -0.4642 0.860676 0.209176 -0.208932 -0.335899 0.918433 0.687251 2.58489 0.0695453</i>
                        <i>0.855958 0.390823 0.338518 -0.472899 0.856471 0.206939 -0.209054 -0.337216 0.917923 0.686883 2.58577 0.0707248</i>
                        <i>0.851113 0.398987 0.341199 -0.481454 0.852331 0.204287 -0.209307 -0.338143 0.917524 0.686526 2.58667 0.0718422</i>
                        <i>0.84628 0.406983 0.343765 -0.489743 0.848299 0.201347 -0.209671 -0.338752 0.917216 0.686183 2.58757 0.0728927</i>
                        <i>0.841525 0.414713 0.346192 -0.497678 0.84441 0.198215 -0.210125 -0.339095 0.916985 0.685862 2.58843 0.0738626</i>
                        <i>0.836911 0.422096 0.348447 -0.505181 0.840704 0.19496 -0.210649 -0.339193 0.916829 0.685572 2.58922 0.0747261</i>
                        <i>0.832509 0.429072 0.350466 -0.512165 0.837247 0.191582 -0.211224 -0.33899 0.916772 0.685326 2.58994 0.0754273</i>
                        <i>0.828435 0.435682 0.351962 -0.518458 0.834267 0.187615 -0.21189 -0.337904 0.917019 0.685174 2.59064 0.0756998</i>
                        <i>0.824977 0.442437 0.351657 -0.523523 0.832659 0.18056 -0.212924 -0.333058 0.918551 0.685316 2.59168 0.0743588</i>
                        <i>0.822051 0.448569 0.35074 -0.527683 0.831591 0.173224 -0.213969 -0.327479 0.920312 0.685563 2.59261 0.0725823</i>
                        <i>0.81975 0.453715 0.349503 -0.530871 0.830949 0.16643 -0.214907 -0.321972 0.922035 0.685867 2.59331 0.0706683</i>
                        <i>0.818264 0.45755 0.347983 -0.532844 0.830853 0.160499 -0.215686 -0.316751 0.92366 0.686221 2.59373 0.0686867</i>
                        <i>0.817891 0.459601 0.346152 -0.533183 0.831543 0.155732 -0.216265 -0.311934 0.925163 0.686606 2.59394 0.0666981</i>
                        <i>0.81901 0.459262 0.343949 -0.53132 0.833342 0.152446 -0.216615 -0.307602 0.926531 0.687006 2.59399 0.0647515</i>
                        <i>0.821366 0.456872 0.341505 -0.527607 0.836056 0.150473 -0.21677 -0.303774 0.927756 0.68741 2.5939 0.0628897</i>
                        <i>0.824589 0.452933 0.338976 -0.522554 0.83938 0.149595 -0.216773 -0.300487 0.928826 0.687806 2.59367 0.0611572</i>
                        <i>0.828432 0.447751 0.336481 -0.516493 0.843099 0.149729 -0.216646 -0.29783 0.929711 0.688182 2.5933 0.059609</i>
                        <i>0.832714 0.441519 0.334138 -0.509667 0.847034 0.150911 -0.216396 -0.295965 0.930364 0.688523 2.5928 0.0583216</i>
                        <i>0.837288 0.434353 0.332094 -0.502282 0.851001 0.153329 -0.216013 -0.295185 0.930701 0.688806 2.59214 0.05742</i>
                        <i>0.842011 0.426273 0.33062 -0.494572 0.854742 0.157526 -0.215446 -0.296154 0.930525 0.688983 2.59125 0.0571699</i>
                        <i>0.846818 0.417448 0.329601 -0.486611 0.858233 0.163236 -0.214732 -0.298619 0.929902 0.68907 2.59018 0.0574758</i>
                        <i>0.851668 0.408088 0.328826 -0.478432 0.861518 0.169969 -0.213927 -0.302078 0.92897 0.689097 2.58898 0.0581446</i>
                        <i>0.856501 0.398363 0.328195 -0.470115 0.864584 0.177441 -0.213066 -0.306268 0.927794 0.689079 2.58771 0.0590812</i>
                        <i>0.861238 0.388463 0.327668 -0.461792 0.867384 0.185452 -0.212172 -0.311033 0.926413 0.689019 2.58639 0.0602364</i>
                        <i>0.865751 0.378656 0.327253 -0.453698 0.869825 0.19381 -0.211265 -0.316265 0.924848 0.688917 2.58507 0.0615918</i>
                        <i>0.869772 0.3695 0.327057 -0.446364 0.871699 0.202236 -0.210369 -0.321886 0.923111 0.688755 2.58382 0.0631695</i>
                        <i>0.872156 0.363283 0.327673 -0.442072 0.872108 0.209762 -0.209563 -0.3278 0.921211 0.688451 2.58292 0.0651572</i>
                    </KeyFrames>
                </p>
            </i>
            <i>
                <p>
                    <Name><![CDATA[l_shoulder]]></Name>
                    <Exclude>0</Exclude>
                    <Additive>0</Additive>
                    <IKPriority>0</IKPriority>
                    <IKRotLimits>-1e+010 -1e+010 -1e+010 1e+010 1e+010 1e+010</IKRotLimits>
                    <IKRotLimitOrder>0</IKRotLimitOrder>
                    <KeyFrames count="30">
                        <i>0.0317911 -0.163284 0.986067 0.401368 0.90561 0.137021 -0.915365 0.39142 0.0943275 0.86077 2.6547 0.129898</i>
                        <i>0.041363 -0.170189 0.984543 0.403158 0.90445 0.139406 -0.914195 0.39116 0.106024 0.859801 2.65598 0.132158</i>
                        <i>0.0503207 -0.177703 0.982797 0.404239 0.903459 0.14266 -0.913268 0.390106 0.117297 0.858596 2.6581 0.134074</i>
                        <i>0.058982 -0.18533 0.980905 0.405034 0.902542 0.146169 -0.912397 0.388678 0.128298 0.857314 2.66049 0.135882</i>
                        <i>0.0673235 -0.192873 0.978911 0.405637 0.901682 0.149759 -0.911551 0.387001 0.138941 0.856002 2.66299 0.137609</i>
                        <i>0.0752988 -0.200209 0.976855 0.406103 0.900871 0.153332 -0.91072 0.385158 0.14914 0.854687 2.6655 0.139256</i>
                        <i>0.0828481 -0.207235 0.974777 0.406469 0.900107 0.156814 -0.9099 0.383225 0.158807 0.85339 2.66798 0.140813</i>
                        <i>0.0898936 -0.213854 0.972721 0.406761 0.899389 0.160141 -0.909101 0.381269 0.167837 0.852129 2.67037 0.142263</i>
                        <i>0.0963213 -0.219954 0.970743 0.406985 0.898727 0.163254 -0.908342 0.379353 0.176085 0.850928 2.67262 0.143572</i>
                        <i>0.101913 -0.225378 0.968926 0.4071 0.898154 0.166097 -0.90768 0.377523 0.183286 0.849812 2.67472 0.144672</i>
                        <i>0.105715 -0.229592 0.967529 0.406717 0.897858 0.16862 -0.907417 0.375685 0.188296 0.848854 2.67672 0.14524</i>
                        <i>0.103488 -0.230415 0.967574 0.403931 0.898701 0.17081 -0.908917 0.373157 0.186077 0.848314 2.67909 0.143839</i>
                        <i>0.0991812 -0.229808 0.968169 0.400744 0.899799 0.172527 -0.910806 0.370876 0.181337 0.847982 2.68124 0.141881</i>
                        <i>0.0937159 -0.228173 0.9691 0.397685 0.900936 0.173667 -0.912723 0.369121 0.175173 0.847832 2.68296 0.139722</i>
                        <i>0.0872051 -0.225487 0.970336 0.394879 0.902079 0.174137 -0.914585 0.36798 0.167706 0.847892 2.68414 0.137441</i>
                        <i>0.0796934 -0.221753 0.971841 0.392271 0.903255 0.173936 -0.916391 0.367363 0.158971 0.848203 2.68475 0.13509</i>
                        <i>0.0711342 -0.216868 0.973606 0.389807 0.904502 0.172995 -0.918145 0.367213 0.148878 0.848825 2.68473 0.132708</i>
                        <i>0.0618591 -0.211095 0.975506 0.387528 0.905777 0.171432 -0.91978 0.367432 0.137836 0.849694 2.68416 0.130364</i>
                        <i>0.0522958 -0.204771 0.977412 0.3855 0.907025 0.169399 -0.921225 0.367933 0.126373 0.850727 2.68316 0.128132</i>
                        <i>0.0428598 -0.19817 0.97923 0.383803 0.90819 0.166995 -0.92242 0.368674 0.114983 0.851862 2.68177 0.12609</i>
                        <i>0.0340532 -0.191577 0.980887 0.382558 0.909206 0.164296 -0.923304 0.369651 0.104251 0.853049 2.68004 0.12434</i>
                        <i>0.0266096 -0.185363 0.98231 0.381972 0.909977 0.161366 -0.923791 0.370921 0.0950175 0.854236 2.67796 0.123034</i>
                        <i>0.0219396 -0.180195 0.983386 0.382495 0.910301 0.158269 -0.923697 0.372668 0.0888953 0.855346 2.67547 0.122493</i>
                        <i>0.0196848 -0.175945 0.984203 0.383965 0.910238 0.155043 -0.923138 0.374847 0.0854747 0.856383 2.67265 0.122598</i>
                        <i>0.0189482 -0.172252 0.984871 0.386049 0.909917 0.151715 -0.922284 0.377334 0.083739 0.857369 2.66961 0.123113</i>
                        <i>0.0192841 -0.168966 0.985433 0.388574 0.909401 0.148325 -0.921216 0.380053 0.0831928 0.858305 2.66641 0.123926</i>
                        <i>0.0204813 -0.166064 0.985902 0.391435 0.908721 0.144932 -0.919978 0.382948 0.0836148 0.859181 2.66314 0.124976</i>
                        <i>0.0225205 -0.163651 0.986261 0.394559 0.907889 0.141637 -0.918595 0.385949 0.0850159 0.859971 2.65988 0.12625</i>
                        <i>0.0256958 -0.162111 0.986438 0.397891 0.906892 0.138674 -0.917073 0.388931 0.0878059 0.860603 2.65682 0.127789</i>
                        <i>0.0317911 -0.163284 0.986067 0.401368 0.90561 0.137021 -0.915365 0.39142 0.0943275 0.86077 2.6547 0.129898</i>
                    </KeyFrames>
                </p>
            </i>
            <i>
                <p>
                    <Name><![CDATA[l_elbow]]></Name>
                    <Exclude>0</Exclude>
                    <Additive>0</Additive>
                    <IKPriority>0</IKPriority>
                    <IKRotLimits>-1e+010 -1e+010 -1e+010 1e+010 1e+010 1e+010</IKRotLimits>
                    <IKRotLimitOrder>0</IKRotLimitOrder>
                    <KeyFrames count="30">
                        <i>-0.587533 0.138034 0.79734 0.399114 0.906586 0.137147 -0.703927 0.398808 -0.587741 0.871111 2.60159 0.450643</i>
                        <i>-0.594126 0.141003 0.791917 0.400906 0.905426 0.139562 -0.697344 0.400402 -0.594467 0.873256 2.60062 0.452407</i>
                        <i>-0.599378 0.141983 0.787773 0.401989 0.904434 0.142844 -0.692207 0.402294 -0.599174 0.874964 2.6003 0.453755</i>
                        <i>-0.604098 0.142269 0.784108 0.402784 0.903514 0.146382 -0.687626 0.404255 -0.603115 0.876499 2.60021 0.454947</i>
                        <i>-0.608407 0.142144 0.780792 0.403389 0.90265 0.149999 -0.683461 0.406223 -0.606518 0.877901 2.60025 0.456026</i>
                        <i>-0.612339 0.141746 0.777784 0.403856 0.901836 0.153598 -0.679662 0.408167 -0.609475 0.87918 2.60038 0.457004</i>
