<?xml version="1.0" encoding="ISO-8859-1" ?>
<Animl Version="1">
    <ModellingPackage><![CDATA[Maya.2010]]></ModellingPackage>
    <SrcFile><![CDATA[anims\turrets\antitank\blue\~src\at_m40recoilless\antitank_m40recoilless_reload_low_crewman_a.mb]]></SrcFile>
    <FramesPerSecond>30</FramesPerSecond>
    <TotalFrames>100</TotalFrames>
    <Skeleton>
        <RefFrame>
            <Name><![CDATA[soldier_ref_frame]]></Name>
            <Exclude>0</Exclude>
            <Additive>0</Additive>
            <IKPriority>0</IKPriority>
            <IKRotLimits>-1e+010 -1e+010 -1e+010 1e+010 1e+010 1e+010</IKRotLimits>
            <IKRotLimitOrder>0</IKRotLimitOrder>
            <KeyFrames count="100">
                <i>1 0 0 0 1 0 0 0 1 0.69 0.93 0</i>
                <i>1 0 0 0 1 0 0 0 1 0.69 0.93 0</i>
                <i>1 0 0 0 1 0 0 0 1 0.69 0.93 0</i>
                <i>1 0 0 0 1 0 0 0 1 0.69 0.93 0</i>
                <i>1 0 0 0 1 0 0 0 1 0.69 0.93 0</i>
                <i>1 0 0 0 1 0 0 0 1 0.69 0.93 0</i>
                <i>1 0 0 0 1 0 0 0 1 0.69 0.93 0</i>
                <i>1 0 0 0 1 0 0 0 1 0.69 0.93 0</i>
                <i>1 0 0 0 1 0 0 0 1 0.69 0.93 0</i>
                <i>1 0 0 0 1 0 0 0 1 0.69 0.93 0</i>
                <i>1 0 0 0 1 0 0 0 1 0.69 0.93 0</i>
                <i>1 0 0 0 1 0 0 0 1 0.69 0.93 0</i>
                <i>1 0 0 0 1 0 0 0 1 0.69 0.93 0</i>
                <i>1 0 0 0 1 0 0 0 1 0.69 0.93 0</i>
                <i>1 0 0 0 1 0 0 0 1 0.69 0.93 0</i>
                <i>1 0 0 0 1 0 0 0 1 0.69 0.93 0</i>
                <i>1 0 0 0 1 0 0 0 1 0.69 0.93 0</i>
                <i>1 0 0 0 1 0 0 0 1 0.69 0.93 0</i>
                <i>1 0 0 0 1 0 0 0 1 0.69 0.93 0</i>
                <i>1 0 0 0 1 0 0 0 1 0.69 0.93 0</i>
                <i>1 0 0 0 1 0 0 0 1 0.69 0.93 0</i>
                <i>1 0 0 0 1 0 0 0 1 0.69 0.93 0</i>
                <i>1 0 0 0 1 0 0 0 1 0.69 0.93 0</i>
                <i>1 0 0 0 1 0 0 0 1 0.69 0.93 0</i>
                <i>1 0 0 0 1 0 0 0 1 0.69 0.93 0</i>
                <i>1 0 0 0 1 0 0 0 1 0.69 0.93 0</i>
                <i>1 0 0 0 1 0 0 0 1 0.69 0.93 0</i>
                <i>1 0 0 0 1 0 0 0 1 0.69 0.93 0</i>
                <i>1 0 0 0 1 0 0 0 1 0.69 0.93 0</i>
                <i>1 0 0 0 1 0 0 0 1 0.69 0.93 0</i>
                <i>1 0 0 0 1 0 0 0 1 0.69 0.93 0</i>
                <i>1 0 0 0 1 0 0 0 1 0.69 0.93 0</i>
                <i>1 0 0 0 1 0 0 0 1 0.69 0.93 0</i>
                <i>1 0 0 0 1 0 0 0 1 0.69 0.93 0</i>
                <i>1 0 0 0 1 0 0 0 1 0.69 0.93 0</i>
                <i>1 0 0 0 1 0 0 0 1 0.69 0.93 0</i>
                <i>1 0 0 0 1 0 0 0 1 0.69 0.93 0</i>
                <i>1 0 0 0 1 0 0 0 1 0.69 0.93 0</i>
                <i>1 0 0 0 1 0 0 0 1 0.69 0.93 0</i>
                <i>1 0 0 0 1 0 0 0 1 0.69 0.93 0</i>
                <i>1 0 0 0 1 0 0 0 1 0.69 0.93 0</i>
                <i>1 0 0 0 1 0 0 0 1 0.69 0.93 0</i>
                <i>1 0 0 0 1 0 0 0 1 0.69 0.93 0</i>
                <i>1 0 0 0 1 0 0 0 1 0.69 0.93 0</i>
                <i>1 0 0 0 1 0 0 0 1 0.69 0.93 0</i>
                <i>1 0 0 0 1 0 0 0 1 0.69 0.93 0</i>
                <i>1 0 0 0 1 0 0 0 1 0.69 0.93 0</i>
                <i>1 0 0 0 1 0 0 0 1 0.69 0.93 0</i>
                <i>1 0 0 0 1 0 0 0 1 0.69 0.93 0</i>
                <i>1 0 0 0 1 0 0 0 1 0.69 0.93 0</i>
                <i>1 0 0 0 1 0 0 0 1 0.69 0.93 0</i>
                <i>1 0 0 0 1 0 0 0 1 0.69 0.93 0</i>
                <i>1 0 0 0 1 0 0 0 1 0.69 0.93 0</i>
                <i>1 0 0 0 1 0 0 0 1 0.69 0.93 0</i>
                <i>1 0 0 0 1 0 0 0 1 0.69 0.93 0</i>
                <i>1 0 0 0 1 0 0 0 1 0.69 0.93 0</i>
                <i>1 0 0 0 1 0 0 0 1 0.69 0.93 0</i>
                <i>1 0 0 0 1 0 0 0 1 0.69 0.93 0</i>
                <i>1 0 0 0 1 0 0 0 1 0.69 0.93 0</i>
                <i>1 0 0 0 1 0 0 0 1 0.69 0.93 0</i>
                <i>1 0 0 0 1 0 0 0 1 0.69 0.93 0</i>
                <i>1 0 0 0 1 0 0 0 1 0.69 0.93 0</i>
                <i>1 0 0 0 1 0 0 0 1 0.69 0.93 0</i>
                <i>1 0 0 0 1 0 0 0 1 0.69 0.93 0</i>
                <i>1 0 0 0 1 0 0 0 1 0.69 0.93 0</i>
                <i>1 0 0 0 1 0 0 0 1 0.69 0.93 0</i>
                <i>1 0 0 0 1 0 0 0 1 0.69 0.93 0</i>
                <i>1 0 0 0 1 0 0 0 1 0.69 0.93 0</i>
                <i>1 0 0 0 1 0 0 0 1 0.69 0.93 0</i>
                <i>1 0 0 0 1 0 0 0 1 0.69 0.93 0</i>
                <i>1 0 0 0 1 0 0 0 1 0.69 0.93 0</i>
                <i>1 0 0 0 1 0 0 0 1 0.69 0.93 0</i>
                <i>1 0 0 0 1 0 0 0 1 0.69 0.93 0</i>
                <i>1 0 0 0 1 0 0 0 1 0.69 0.93 0</i>
                <i>1 0 0 0 1 0 0 0 1 0.69 0.93 0</i>
                <i>1 0 0 0 1 0 0 0 1 0.69 0.93 0</i>
                <i>1 0 0 0 1 0 0 0 1 0.69 0.93 0</i>
                <i>1 0 0 0 1 0 0 0 1 0.69 0.93 0</i>
                <i>1 0 0 0 1 0 0 0 1 0.69 0.93 0</i>
                <i>1 0 0 0 1 0 0 0 1 0.69 0.93 0</i>
                <i>1 0 0 0 1 0 0 0 1 0.69 0.93 0</i>
                <i>1 0 0 0 1 0 0 0 1 0.69 0.93 0</i>
                <i>1 0 0 0 1 0 0 0 1 0.69 0.93 0</i>
                <i>1 0 0 0 1 0 0 0 1 0.69 0.93 0</i>
                <i>1 0 0 0 1 0 0 0 1 0.69 0.93 0</i>
                <i>1 0 0 0 1 0 0 0 1 0.69 0.93 0</i>
                <i>1 0 0 0 1 0 0 0 1 0.69 0.93 0</i>
                <i>1 0 0 0 1 0 0 0 1 0.69 0.93 0</i>
                <i>1 0 0 0 1 0 0 0 1 0.69 0.93 0</i>
                <i>1 0 0 0 1 0 0 0 1 0.69 0.93 0</i>
                <i>1 0 0 0 1 0 0 0 1 0.69 0.93 0</i>
                <i>1 0 0 0 1 0 0 0 1 0.69 0.93 0</i>
                <i>1 0 0 0 1 0 0 0 1 0.69 0.93 0</i>
                <i>1 0 0 0 1 0 0 0 1 0.69 0.93 0</i>
                <i>1 0 0 0 1 0 0 0 1 0.69 0.93 0</i>
                <i>1 0 0 0 1 0 0 0 1 0.69 0.93 0</i>
                <i>1 0 0 0 1 0 0 0 1 0.69 0.93 0</i>
                <i>1 0 0 0 1 0 0 0 1 0.69 0.93 0</i>
                <i>1 0 0 0 1 0 0 0 1 0.69 0.93 0</i>
                <i>1 0 0 0 1 0 0 0 1 0.69 0.93 0</i>
            </KeyFrames>
        </RefFrame>
        <Bones count="23">
            <i>
                <p>
                    <Name><![CDATA[pelvis]]></Name>
                    <Exclude>0</Exclude>
                    <Additive>0</Additive>
                    <IKPriority>0</IKPriority>
                    <IKRotLimits>-1e+010 -1e+010 -1e+010 1e+010 1e+010 1e+010</IKRotLimits>
                    <IKRotLimitOrder>2</IKRotLimitOrder>
                    <KeyFrames count="100">
                        <i>1 0 0 0 1 0 0 0 1 0.62452 2.07002 -0.0330085</i>
                        <i>1 0 0 0 1 0 0 0 1 0.62452 2.06905 -0.0330085</i>
                        <i>1 0 0 0 1 0 0 0 1 0.62452 2.06799 -0.0330085</i>
                        <i>1 0 0 0 1 0 0 0 1 0.62452 2.06686 -0.0330085</i>
                        <i>1 0 0 0 1 0 0 0 1 0.62452 2.06567 -0.0330085</i>
                        <i>1 0 0 0 1 0 0 0 1 0.62452 2.06446 -0.0330085</i>
                        <i>1 0 0 0 1 0 0 0 1 0.62452 2.06324 -0.0330085</i>
                        <i>1 0 0 0 1 0 0 0 1 0.62452 2.06204 -0.0330085</i>
                        <i>1 0 0 0 1 0 0 0 1 0.62452 2.06087 -0.0330085</i>
                        <i>1 0 0 0 1 0 0 0 1 0.62452 2.05976 -0.0330085</i>
                        <i>1 0 0 0 1 0 0 0 1 0.62452 2.05872 -0.0330085</i>
                        <i>1 0 0 0 1 0 0 0 1 0.62452 2.05779 -0.0330085</i>
                        <i>1 0 0 0 1 0 0 0 1 0.62452 2.05698 -0.0330085</i>
                        <i>1 0 0 0 1 0 0 0 1 0.62452 2.05631 -0.0330085</i>
                        <i>1 0 0 0 1 0 0 0 1 0.62452 2.05581 -0.0330085</i>
                        <i>1 0 0 0 1 0 0 0 1 0.62452 2.05549 -0.0330085</i>
                        <i>1 0 0 0 1 0 0 0 1 0.62452 2.05538 -0.0330085</i>
                        <i>1 0 0 0 1 0 0 0 1 0.62452 2.0554 -0.0330085</i>
                        <i>1 0 0 0 1 0 0 0 1 0.62452 2.05548 -0.0330085</i>
                        <i>1 0 0 0 1 0 0 0 1 0.62452 2.05563 -0.0330085</i>
                        <i>1 0 0 0 1 0 0 0 1 0.62452 2.05584 -0.0330085</i>
                        <i>1 0 0 0 1 0 0 0 1 0.62452 2.05613 -0.0330085</i>
                        <i>1 0 0 0 1 0 0 0 1 0.62452 2.0565 -0.0330085</i>
                        <i>1 0 0 0 1 0 0 0 1 0.62452 2.05697 -0.0330085</i>
                        <i>1 0 0 0 1 0 0 0 1 0.62452 2.05753 -0.0330085</i>
                        <i>1 0 0 0 1 0 0 0 1 0.62452 2.05819 -0.0330085</i>
                        <i>1 0 0 0 1 0 0 0 1 0.62452 2.05897 -0.0330085</i>
                        <i>1 0 0 0 1 0 0 0 1 0.62452 2.05986 -0.0330085</i>
                        <i>1 0 0 0 1 0 0 0 1 0.62452 2.06088 -0.0330085</i>
                        <i>1 0 0 0 1 0 0 0 1 0.62452 2.06203 -0.0330085</i>
                        <i>1 0 0 0 1 0 0 0 1 0.62452 2.06332 -0.0330085</i>
                        <i>1 0 0 0 1 0 0 0 1 0.62452 2.06476 -0.0330085</i>
                        <i>1 0 0 0 1 0 0 0 1 0.62452 2.06635 -0.0330085</i>
                        <i>1 0 0 0 1 0 0 0 1 0.62452 2.0681 -0.0330085</i>
                        <i>1 0 0 0 1 0 0 0 1 0.62452 2.07002 -0.0330085</i>
                        <i>1 0 0 0 1 0 0 0 1 0.622225 2.07457 -0.0313469</i>
                        <i>1 0 0 0 1 0 0 0 1 0.616901 2.08253 -0.0271005</i>
                        <i>1 0 0 0 1 0 0 0 1 0.610893 2.09135 -0.0213771</i>
                        <i>1 0 0 0 1 0 0 0 1 0.606545 2.0985 -0.0152844</i>
                        <i>1 0 0 0 1 0 0 0 1 0.606201 2.10145 -0.00993028</i>
                        <i>1 0 0 0 1 0 0 0 1 0.612205 2.09852 -0.00457613</i>
                        <i>1 0 0 0 1 0 0 0 1 0.622993 2.0914 0.00151652</i>
                        <i>1 0 0 0 1 0 0 0 1 0.63505 2.0826 0.00723992</i>
                        <i>1 0 0 0 1 0 0 0 1 0.644862 2.07464 0.0114863</i>
                        <i>1 0 0 0 1 0 0 0 1 0.648914 2.07002 0.013148</i>
                        <i>1 0 0 0 1 0 0 0 1 0.648914 2.07078 0.013148</i>
                        <i>1 0 0 0 1 0 0 0 1 0.648914 2.0752 0.013148</i>
                        <i>1 0 0 0 1 0 0 0 1 0.648914 2.08014 0.013148</i>
                        <i>1 0 0 0 1 0 0 0 1 0.648914 2.08249 0.013148</i>
                        <i>1 0 0 0 1 0 0 0 1 0.648914 2.07881 0.013148</i>
                        <i>1 0 0 0 1 0 0 0 1 0.648914 2.07237 0.013148</i>
                        <i>1 0 0 0 1 0 0 0 1 0.648914 2.0701 0.013148</i>
                        <i>1 0 0 0 1 0 0 0 1 0.648914 2.07554 0.013148</i>
                        <i>1 0 0 0 1 0 0 0 1 0.648914 2.08476 0.013148</i>
                        <i>1 0 0 0 1 0 0 0 1 0.648914 2.09345 0.013148</i>
                        <i>1 0 0 0 1 0 0 0 1 0.648914 2.0973 0.013148</i>
                        <i>1 0 0 0 1 0 0 0 1 0.648914 2.09338 0.013148</i>
                        <i>1 0 0 0 1 0 0 0 1 0.648914 2.08458 0.013148</i>
                        <i>1 0 0 0 1 0 0 0 1 0.648914 2.07532 0.013148</i>
                        <i>1 0 0 0 1 0 0 0 1 0.648914 2.07002 0.013148</i>
                        <i>1 0 0 0 1 0 0 0 1 0.648914 2.07092 0.013148</i>
                        <i>1 0 0 0 1 0 0 0 1 0.648914 2.07532 0.013148</i>
                        <i>1 0 0 0 1 0 0 0 1 0.648914 2.08019 0.013148</i>
                        <i>1 0 0 0 1 0 0 0 1 0.648914 2.08249 0.013148</i>
                        <i>1 0 0 0 1 0 0 0 1 0.648914 2.07881 0.013148</i>
                        <i>1 0 0 0 1 0 0 0 1 0.648914 2.07237 0.013148</i>
                        <i>1 0 0 0 1 0 0 0 1 0.648914 2.0701 0.013148</i>
                        <i>1 0 0 0 1 0 0 0 1 0.648914 2.07554 0.013148</i>
                        <i>1 0 0 0 1 0 0 0 1 0.648914 2.08476 0.013148</i>
                        <i>1 0 0 0 1 0 0 0 1 0.648914 2.09345 0.013148</i>
                        <i>1 0 0 0 1 0 0 0 1 0.648914 2.0973 0.013148</i>
                        <i>1 0 0 0 1 0 0 0 1 0.648914 2.09303 0.013148</i>
                        <i>1 0 0 0 1 0 0 0 1 0.648914 2.08366 0.013148</i>
                        <i>1 0 0 0 1 0 0 0 1 0.648914 2.07428 0.013148</i>
                        <i>1 0 0 0 1 0 0 0 1 0.648914 2.07002 0.013148</i>
                        <i>1 0 0 0 1 0 0 0 1 0.648603 2.07004 0.0125599</i>
                        <i>1 0 0 0 1 0 0 0 1 0.647729 2.07008 0.0109051</i>
                        <i>1 0 0 0 1 0 0 0 1 0.646377 2.07015 0.0083477</i>
                        <i>1 0 0 0 1 0 0 0 1 0.644635 2.07024 0.00505177</i>
                        <i>1 0 0 0 1 0 0 0 1 0.64259 2.07033 0.00118146</i>
                        <i>1 0 0 0 1 0 0 0 1 0.640327 2.07042 -0.00309912</i>
                        <i>1 0 0 0 1 0 0 0 1 0.637935 2.0705 -0.00762587</i>
                        <i>1 0 0 0 1 0 0 0 1 0.635499 2.07057 -0.0122347</i>
                        <i>1 0 0 0 1 0 0 0 1 0.633107 2.07062 -0.0167614</i>
                        <i>1 0 0 0 1 0 0 0 1 0.630844 2.07064 -0.021042</i>
                        <i>1 0 0 0 1 0 0 0 1 0.628799 2.07062 -0.0249123</i>
                        <i>1 0 0 0 1 0 0 0 1 0.627057 2.07055 -0.0282083</i>
                        <i>1 0 0 0 1 0 0 0 1 0.625705 2.07044 -0.0307657</i>
                        <i>1 0 0 0 1 0 0 0 1 0.624831 2.07026 -0.0324205</i>
                        <i>1 0 0 0 1 0 0 0 1 0.62452 2.07002 -0.0330085</i>
                        <i>1 0 0 0 1 0 0 0 1 0.62452 2.06979 -0.0330085</i>
                        <i>1 0 0 0 1 0 0 0 1 0.62452 2.06966 -0.0330085</i>
                        <i>1 0 0 0 1 0 0 0 1 0.62452 2.06961 -0.0330085</i>
                        <i>1 0 0 0 1 0 0 0 1 0.62452 2.06962 -0.0330085</i>
                        <i>1 0 0 0 1 0 0 0 1 0.62452 2.06967 -0.0330085</i>
                        <i>1 0 0 0 1 0 0 0 1 0.62452 2.06975 -0.0330085</i>
                        <i>1 0 0 0 1 0 0 0 1 0.62452 2.06984 -0.0330085</i>
                        <i>1 0 0 0 1 0 0 0 1 0.62452 2.06993 -0.0330085</i>
                        <i>1 0 0 0 1 0 0 0 1 0.62452 2.06999 -0.0330085</i>
                        <i>1 0 0 0 1 0 0 0 1 0.62452 2.07002 -0.0330085</i>
                    </KeyFrames>
                </p>
            </i>
            <i>
                <p>
                    <Name><![CDATA[spine0]]></Name>
                    <Exclude>0</Exclude>
                    <Additive>0</Additive>
                    <IKPriority>0</IKPriority>
                    <IKRotLimits>-1e+010 -1e+010 -1e+010 1e+010 1e+010 1e+010</IKRotLimits>
                    <IKRotLimitOrder>0</IKRotLimitOrder>
                    <KeyFrames count="100">
                        <i>-0.0741021 0.992416 0.0980742 -0.93701 -0.0356257 -0.34748 -0.341351 -0.117646 0.932544 0.607632 2.20909 -0.0657438</i>
                        <i>-0.073576 0.992578 0.0968239 -0.936641 -0.0354348 -0.348493 -0.342476 -0.11633 0.932297 0.608015 2.20796 -0.0666098</i>
                        <i>-0.0730093 0.992744 0.0955482 -0.936231 -0.0352039 -0.349616 -0.343715 -0.11498 0.932008 0.608442 2.20671 -0.0675697</i>
                        <i>-0.0724117 0.992912 0.0942427 -0.935792 -0.0349482 -0.350815 -0.345035 -0.113595 0.93169 0.6089 2.20537 -0.0685943</i>
                        <i>-0.0717926 0.993084 0.0929013 -0.935335 -0.0346832 -0.35206 -0.346403 -0.112169 0.931355 0.609376 2.20396 -0.0696547</i>
                        <i>-0.0711619 0.993258 0.0915164 -0.93487 -0.0344248 -0.353318 -0.347785 -0.110699 0.931016 0.609857 2.20251 -0.0707221</i>
                        <i>-0.0705288 0.993434 0.0900787 -0.93441 -0.0341895 -0.354555 -0.349147 -0.109177 0.930686 0.610331 2.20106 -0.071768</i>
                        <i>-0.0699031 0.993613 0.0885771 -0.933967 -0.0339938 -0.35574 -0.350457 -0.107595 0.930378 0.610784 2.19961 -0.0727641</i>
                        <i>-0.0692938 0.993796 0.086999 -0.933552 -0.0338549 -0.356839 -0.351679 -0.105945 0.930106 0.611203 2.19822 -0.0736826</i>
                        <i>-0.0687103 0.993981 0.0853308 -0.93318 -0.0337895 -0.357818 -0.352781 -0.104215 0.929884 0.611576 2.1969 -0.0744957</i>
                        <i>-0.0681613 0.994169 0.0835583 -0.932862 -0.0338145 -0.358644 -0.353728 -0.102394 0.929727 0.611888 2.19569 -0.0751759</i>
                        <i>-0.0676558 0.994361 0.0816671 -0.93261 -0.0339462 -0.359285 -0.354486 -0.100471 0.929648 0.612128 2.19461 -0.0756957</i>
                        <i>-0.0672023 0.994556 0.0796438 -0.932439 -0.0342 -0.359705 -0.355023 -0.098436 0.929661 0.612281 2.19371 -0.0760279</i>
                        <i>-0.0668094 0.994753 0.0774764 -0.932359 -0.0345901 -0.359874 -0.355306 -0.0962789 0.929778 0.612335 2.19301 -0.0761448</i>
                        <i>-0.0664691 0.994951 0.0751962 -0.932358 -0.0350925 -0.359828 -0.355373 -0.0940272 0.929983 0.612304 2.19253 -0.0760771</i>
                        <i>-0.0661663 0.995145 0.0728543 -0.932411 -0.0356663 -0.359636 -0.355292 -0.0917259 0.930244 0.612214 2.19226 -0.075883</i>
                        <i>-0.0658982 0.995335 0.070471 -0.93251 -0.0362989 -0.359314 -0.35508 -0.0893931 0.930552 0.612072 2.19223 -0.0755754</i>
                        <i>-0.065662 0.995518 0.0680664 -0.932651 -0.0369778 -0.358879 -0.354754 -0.0870469 0.930899 0.611885 2.19237 -0.0751676</i>
                        <i>-0.0654549 0.995693 0.0656602 -0.932827 -0.0376912 -0.358348 -0.35433 -0.0847052 0.931276 0.611657 2.19258 -0.0746725</i>
                        <i>-0.0652742 0.995859 0.0632719 -0.933031 -0.0384273 -0.357737 -0.353824 -0.0823856 0.931676 0.611396 2.19287 -0.0741032</i>
                        <i>-0.0651173 0.996016 0.06092 -0.933259 -0.0391752 -0.357061 -0.353252 -0.0801051 0.932092 0.611107 2.19324 -0.0734727</i>
                        <i>-0.0649817 0.996163 0.0586228 -0.933504 -0.0399244 -0.356336 -0.352628 -0.07788 0.932517 0.610797 2.1937 -0.0727943</i>
                        <i>-0.0648648 0.996299 0.0563977 -0.933762 -0.040665 -0.355578 -0.351968 -0.0757264 0.932944 0.610473 2.19424 -0.0720812</i>
                        <i>-0.0647643 0.996424 0.0542613 -0.934026 -0.0413876 -0.3548 -0.351286 -0.0736598 0.933366 0.61014 2.19488 -0.0713466</i>
                        <i>-0.0646783 0.996538 0.0522299 -0.934291 -0.0420837 -0.354018 -0.350595 -0.0716953 0.933779 0.609804 2.19561 -0.0706041</i>
                        <i>-0.0646049 0.996641 0.0503194 -0.934554 -0.0427452 -0.353246 -0.349908 -0.0698476 0.934176 0.609471 2.19643 -0.069867</i>
                        <i>-0.0645426 0.996733 0.0485451 -0.934808 -0.0433646 -0.352497 -0.34924 -0.0681314 0.934553 0.609149 2.19736 -0.069149</i>
                        <i>-0.0644901 0.996815 0.0469224 -0.935049 -0.0439347 -0.351786 -0.348603 -0.0665614 0.934904 0.608842 2.1984 -0.0684638</i>
                        <i>-0.0644464 0.996885 0.0454662 -0.935273 -0.0444491 -0.351125 -0.34801 -0.0651521 0.935224 0.608556 2.19955 -0.0678251</i>
                        <i>-0.0644109 0.996944 0.0441918 -0.935475 -0.0449014 -0.350529 -0.347474 -0.0639182 0.935509 0.608299 2.20082 -0.0672467</i>
                        <i>-0.0643829 0.996993 0.0431144 -0.93565 -0.0452855 -0.350011 -0.347006 -0.0628747 0.935753 0.608074 2.2022 -0.0667425</i>
                        <i>-0.064362 0.997032 0.0422492 -0.935795 -0.0455953 -0.349584 -0.34662 -0.0620365 0.935952 0.60789 2.20372 -0.0663263</i>
                        <i>-0.0643479 0.99706 0.0416118 -0.935904 -0.0458248 -0.349262 -0.346328 -0.0614189 0.936101 0.60775 2.20537 -0.0660119</i>
                        <i>-0.06434 0.997076 0.0412177 -0.935973 -0.0459675 -0.349059 -0.346143 -0.0610371 0.936194 0.607662 2.20715 -0.0658131</i>
                        <i>-0.0643376 0.997082 0.0410828 -0.935997 -0.0460167 -0.348988 -0.346079 -0.0609064 0.936226 0.607632 2.20909 -0.0657438</i>
                        <i>-0.0667467 0.997057 0.0377219 -0.935929 -0.0494622 -0.348699 -0.345806 -0.0585795 0.936476 0.606234 2.21368 -0.0643308</i>
                        <i>-0.0739497 0.996861 0.0282918 -0.935596 -0.0595279 -0.348018 -0.345241 -0.0522055 0.937061 0.602881 2.22164 -0.0609579</i>
                        <i>-0.0859978 0.9962 0.0137562 -0.934713 -0.0758954 -0.347205 -0.344842 -0.042717 0.937688 0.598832 2.23023 -0.0569159</i>
                        <i>-0.103178 0.994651 -0.00493853 -0.9329 -0.098492 -0.346405 -0.345038 -0.0311341 0.938072 0.595331 2.23675 -0.0534727</i>
                        <i>-0.125899 0.99168 -0.0268315 -0.929719 -0.127381 -0.345538 -0.346081 -0.018557 0.938021 0.59362 2.23849 -0.0518787</i>
                        <i>-0.153957 0.986776 -0.0507003 -0.924743 -0.161974 -0.344404 -0.348062 -0.00613877 0.937451 0.595266 2.23349 -0.0514118</i>
                        <i>-0.183662 0.980201 -0.0739856 -0.91834 -0.197941 -0.342741 -0.3506 0.00499541 0.936512 0.59984 2.22346 -0.0506265</i>
                        <i>-0.210292 0.973131 -0.0937705 -0.911671 -0.229834 -0.340636 -0.353035 0.0138548 0.935508 0.605545 2.21137 -0.0497101</i>
                        <i>-0.229613 0.967335 -0.107428 -0.90631 -0.252743 -0.338708 -0.354796 0.0195914 0.934738 0.610462 2.20059 -0.0489188</i>
                        <i>-0.237933 0.964726 -0.112658 -0.903903 -0.262381 -0.33781 -0.355453 0.021456 0.934448 0.612556 2.19477 -0.0485799</i>
                        <i>-0.236567 0.965466 -0.109139 -0.905374 -0.259809 -0.335854 -0.352611 0.0193592 0.93557 0.611627 2.19611 -0.0468291</i>
                        <i>-0.231594 0.967608 -0.100496 -0.909363 -0.252028 -0.330971 -0.345577 0.0147362 0.938275 0.609471 2.20179 -0.0426504</i>
                        <i>-0.226672 0.969754 -0.0905379 -0.913877 -0.243912 -0.324556 -0.336823 0.00917281 0.941523 0.60702 2.20803 -0.0376865</i>
                        <i>-0.22585 0.970597 -0.0832717 -0.916661 -0.240674 -0.319075 -0.329734 0.00426903 0.944064 0.605138 2.21128 -0.0336807</i>
                        <i>-0.2324 0.969118 -0.0824636 -0.91558 -0.246591 -0.317659 -0.328184 0.00167827 0.944612 0.604617 2.20786 -0.0324529</i>
                        <i>-0.242556 0.966075 -0.0886902 -0.911205 -0.258245 -0.32096 -0.332975 0.00296413 0.942931 0.605813 2.20096 -0.0348442</i>
                        <i>-0.250602 0.963035 -0.0988013 -0.906081 -0.269264 -0.326364 -0.340904 0.00773459 0.940066 0.608209 2.19759 -0.039624</i>
                        <i>-0.251161 0.961717 -0.109625 -0.902579 -0.273607 -0.332402 -0.349671 0.0154582 0.936745 0.611275 2.20139 -0.0455078</i>
                        <i>-0.240818 0.963352 -0.118148 -0.902058 -0.267079 -0.339059 -0.358188 0.0249251 0.933317 0.614423 2.20869 -0.0512673</i>
                        <i>-0.224332 0.966715 -0.12303 -0.903372 -0.253643 -0.34581 -0.365505 0.0335662 0.930204 0.617004 2.21563 -0.0557743</i>
                        <i>-0.207951 0.969917 -0.126561 -0.904459 -0.239937 -0.352681 -0.372438 0.041129 0.927145 0.619279 2.21782 -0.0596032</i>
                        <i>-0.197843 0.971379 -0.13146 -0.903709 -0.232698 -0.359389 -0.379694 0.047699 0.923882 0.621667 2.21203 -0.0635017</i>
                        <i>-0.201661 0.969673 -0.13808 -0.900711 -0.238979 -0.362779 -0.384775 0.0512114 0.921588 0.623704 2.20155 -0.0667262</i>
                        <i>-0.213923 0.966177 -0.14401 -0.897192 -0.252641 -0.362242 -0.386373 0.0517127 0.920892 0.624912 2.19125 -0.0685897</i>
                        <i>-0.222241 0.964078 -0.145472 -0.895748 -0.260813 -0.360018 -0.385026 0.0502962 0.921534 0.624809 2.18604 -0.0684195</i>
                        <i>-0.222306 0.964969 -0.139338 -0.898052 -0.258304 -0.356064 -0.379582 0.0459772 0.924015 0.622593 2.18886 -0.064922</i>
                        <i>-0.219929 0.967201 -0.127097 -0.902848 -0.251155 -0.34898 -0.369455 0.0379989 0.928471 0.61864 2.19641 -0.0583899</i>
                        <i>-0.218062 0.969436 -0.112444 -0.908347 -0.24374 -0.339849 -0.356869 0.0280294 0.933734 0.614223 2.20439 -0.0506199</i>
                        <i>-0.219892 0.970379 -0.100062 -0.912338 -0.24088 -0.331083 -0.345378 0.0184877 0.938281 0.610512 2.20894 -0.0436923</i>
                        <i>-0.228171 0.968989 -0.0948576 -0.912484 -0.246806 -0.326282 -0.339575 0.012108 0.940501 0.608544 2.20629 -0.0399076</i>
                        <i>-0.240085 0.966032 -0.0956079 -0.909648 -0.25827 -0.325327 -0.338969 0.00886336 0.940756 0.608029 2.20007 -0.0389944</i>
                        <i>-0.250816 0.963089 -0.0977242 -0.906447 -0.269092 -0.325488 -0.339771 0.00694408 0.940483 0.607963 2.19777 -0.0389921</i>
                        <i>-0.254673 0.961866 -0.0997736 -0.904815 -0.273426 -0.326418 -0.341251 0.00714685 0.939945 0.608252 2.20301 -0.0397089</i>
                        <i>-0.247563 0.963636 -0.100586 -0.906134 -0.267033 -0.328047 -0.342978 0.00993232 0.939291 0.608807 2.21189 -0.0409485</i>
                        <i>-0.233444 0.967162 -0.100509 -0.909107 -0.253762 -0.330347 -0.345005 0.0142561 0.938493 0.60954 2.22013 -0.0425145</i>
                        <i>-0.218966 0.970539 -0.100537 -0.911783 -0.240214 -0.333089 -0.347426 0.018733 0.93752 0.610359 2.22347 -0.0442122</i>
                        <i>-0.210947 0.972178 -0.101838 -0.912627 -0.233196 -0.335754 -0.350161 0.0221141 0.936428 0.611169 2.21869 -0.0458516</i>
                        <i>-0.216975 0.970433 -0.105748 -0.910163 -0.240271 -0.337451 -0.352881 0.0230292 0.935385 0.611872 2.20886 -0.0472469</i>
                        <i>-0.230655 0.966746 -0.110457 -0.906047 -0.254779 -0.337885 -0.354791 0.0221442 0.934683 0.612368 2.19916 -0.0482164</i>
                        <i>-0.237933 0.964726 -0.112658 -0.903903 -0.262381 -0.33781 -0.355453 0.021456 0.934448 0.612556 2.19477 -0.0485799</i>
                        <i>-0.235215 0.96571 -0.109905 -0.904781 -0.258861 -0.338174 -0.355028 0.0198966 0.934644 0.612466 2.19503 -0.0488159</i>
                        <i>-0.229028 0.968019 -0.102395 -0.906826 -0.250414 -0.339057 -0.353855 0.0152011 0.935177 0.612219 2.19574 -0.049477</i>
                        <i>-0.219869 0.971291 -0.0908385 -0.909757 -0.237767 -0.340307 -0.352135 0.00781795 0.935916 0.611849 2.19681 -0.0504909</i>
                        <i>-0.208233 0.975126 -0.0759446 -0.913276 -0.221643 -0.341763 -0.350094 -0.00180798 0.936713 0.611395 2.19815 -0.0517835</i>
                        <i>-0.194625 0.979136 -0.0584286 -0.917088 -0.202776 -0.343267 -0.347952 -0.0132242 0.937419 0.610891 2.19965 -0.053282</i>
                        <i>-0.179571 0.982971 -0.0390149 -0.920924 -0.181917 -0.344681 -0.345909 -0.0259648 0.937909 0.61037 2.20124 -0.0549158</i>
                        <i>-0.163619 0.986351 -0.0184389 -0.924558 -0.159835 -0.345897 -0.344123 -0.0395474 0.938091 0.609859 2.20282 -0.0566181</i>
                        <i>-0.147342 0.989082 0.00255413 -0.927817 -0.13732 -0.346841 -0.342704 -0.0534741 0.93792 0.609378 2.20433 -0.0583258</i>
                        <i>-0.131329 0.991067 0.0232125 -0.930586 -0.115176 -0.347483 -0.341706 -0.0672358 0.937399 0.608942 2.20569 -0.0599793</i>
                        <i>-0.116177 0.992307 0.0427816 -0.932811 -0.0942156 -0.347831 -0.341124 -0.0803172 0.936581 0.60856 2.20688 -0.0615228</i>
                        <i>-0.102488 0.992892 0.0605078 -0.934495 -0.0752567 -0.34793 -0.340903 -0.0922027 0.935566 0.608238 2.20784 -0.0629024</i>
                        <i>-0.0908544 0.992987 0.0756419 -0.935684 -0.0591132 -0.347853 -0.340942 -0.102381 0.934493 0.607981 2.20856 -0.0640661</i>
                        <i>-0.0818631 0.9928 0.0874399 -0.93645 -0.046594 -0.347692 -0.341115 -0.110346 0.933522 0.607791 2.20902 -0.0649624</i>
                        <i>-0.0760895 0.992549 0.0951629 -0.936874 -0.0385 -0.347542 -0.341289 -0.1156 0.932823 0.607673 2.2092 -0.0655394</i>
                        <i>-0.0741021 0.992416 0.0980742 -0.93701 -0.0356257 -0.34748 -0.341351 -0.117646 0.932544 0.607632 2.20909 -0.0657438</i>
                        <i>-0.0741782 0.99239 0.0982845 -0.93701 -0.035625 -0.34748 -0.341334 -0.117869 0.932522 0.607632 2.20886 -0.0657438</i>
                        <i>-0.0742224 0.992375 0.0984064 -0.93701 -0.0356246 -0.34748 -0.341325 -0.117999 0.932509 0.607632 2.20873 -0.0657438</i>
                        <i>-0.0742402 0.992368 0.0984555 -0.93701 -0.0356244 -0.34748 -0.341321 -0.118051 0.932504 0.607632 2.20868 -0.0657438</i>
                        <i>-0.0742374 0.992369 0.0984478 -0.93701 -0.0356244 -0.34748 -0.341321 -0.118043 0.932505 0.607632 2.20868 -0.0657438</i>
                        <i>-0.0742196 0.992375 0.0983986 -0.93701 -0.0356246 -0.34748 -0.341325 -0.11799 0.93251 0.607632 2.20874 -0.0657438</i>
                        <i>-0.0741923 0.992385 0.0983234 -0.93701 -0.0356248 -0.34748 -0.341331 -0.11791 0.932518 0.607632 2.20882 -0.0657438</i>
                        <i>-0.0741613 0.992396 0.0982378 -0.93701 -0.0356251 -0.34748 -0.341338 -0.117819 0.932527 0.607632 2.20891 -0.0657438</i>
                        <i>-0.0741322 0.992406 0.0981573 -0.93701 -0.0356254 -0.34748 -0.341344 -0.117734 0.932536 0.607632 2.209 -0.0657438</i>
                        <i>-0.0741106 0.992413 0.0980976 -0.93701 -0.0356257 -0.34748 -0.341349 -0.11767 0.932542 0.607632 2.20906 -0.0657438</i>
                        <i>-0.0741021 0.992416 0.0980742 -0.93701 -0.0356257 -0.34748 -0.341351 -0.117646 0.932544 0.607632 2.20909 -0.0657438</i>
                    </KeyFrames>
                </p>
            </i>
            <i>
                <p>
                    <Name><![CDATA[spine1]]></Name>
                    <Exclude>0</Exclude>
                    <Additive>0</Additive>
                    <IKPriority>0</IKPriority>
                    <IKRotLimits>-1e+010 -1e+010 -1e+010 1e+010 1e+010 1e+010</IKRotLimits>
                    <IKRotLimitOrder>0</IKRotLimitOrder>
                    <KeyFrames count="100">
                        <i>0.060126 0.963972 0.259119 -0.966932 0.120701 -0.224665 -0.247847 -0.237042 0.939353 0.594824 2.38066 -0.0487962</i>
                        <i>0.0588629 0.963796 0.260063 -0.966496 0.120222 -0.226786 -0.249841 -0.238001 0.938581 0.595291 2.37966 -0.0498692</i>
                        <i>0.0574129 0.96354 0.261333 -0.966013 0.1197 -0.229109 -0.252037 -0.239298 0.937664 0.595808 2.37855 -0.0510395</i>
                        <i>0.0558367 0.96324 0.262777 -0.965496 0.11914 -0.231568 -0.254363 -0.24078 0.936656 0.59636 2.37737 -0.0522789</i>
                        <i>0.0541956 0.962932 0.264245 -0.964957 0.118551 -0.234102 -0.256751 -0.242297 0.935613 0.596934 2.37612 -0.0535599</i>
                        <i>0.0525522 0.962653 0.265591 -0.964411 0.117938 -0.236649 -0.259134 -0.243702 0.93459 0.597515 2.37484 -0.0548554</i>
                        <i>0.0509697 0.962438 0.266673 -0.96387 0.117309 -0.239149 -0.26145 -0.244849 0.933645 0.598089 2.37355 -0.056139</i>
                        <i>0.0495118 0.962326 0.267352 -0.96335 0.11667 -0.241545 -0.263637 -0.245594 0.932834 0.598641 2.37227 -0.0573849</i>
                        <i>0.0482432 0.962351 0.267493 -0.962865 0.116029 -0.24378 -0.26564 -0.245799 0.932212 0.599159 2.37103 -0.0585678</i>
                        <i>0.0472282 0.962549 0.266962 -0.962428 0.115394 -0.245799 -0.2674 -0.245323 0.931834 0.599626 2.36985 -0.0596627</i>
                        <i>0.046532 0.962952 0.265626 -0.962054 0.114773 -0.247547 -0.268863 -0.244028 0.931753 0.600029 2.36875 -0.060645</i>
                        <i>0.0462195 0.963591 0.263355 -0.961758 0.114176 -0.24897 -0.269974 -0.241776 0.932018 0.600353 2.36776 -0.0614903</i>
                        <i>0.0463556 0.964492 0.260011 -0.961553 0.113614 -0.250014 -0.270677 -0.238425 0.932678 0.600584 2.36691 -0.0621736</i>
                        <i>0.0470054 0.965677 0.255456 -0.961455 0.113099 -0.250624 -0.270914 -0.233829 0.933772 0.600708 2.36622 -0.0626696</i>
                        <i>0.048093 0.967082 0.249877 -0.961448 0.112631 -0.250863 -0.270749 -0.228179 0.935216 0.60074 2.36571 -0.063003</i>
                        <i>0.0494762 0.968609 0.243618 -0.961503 0.112204 -0.250845 -0.270305 -0.221828 0.936871 0.600708 2.3654 -0.0632219</i>
                        <i>0.0511193 0.970221 0.236766 -0.961612 0.111819 -0.250595 -0.269608 -0.214867 0.938693 0.600619 2.3653 -0.0633353</i>
                        <i>0.0529866 0.971886 0.229412 -0.961771 0.11148 -0.250139 -0.268681 -0.207387 0.940638 0.600479 2.36536 -0.0633525</i>
                        <i>0.0550418 0.973573 0.221644 -0.96197 0.111187 -0.2495 -0.26755 -0.199482 0.942668 0.600295 2.36548 -0.0632828</i>
                        <i>0.0572487 0.975252 0.213555 -0.962205 0.110942 -0.248703 -0.26624 -0.191246 0.944744 0.600073 2.36567 -0.0631355</i>
                        <i>0.0595706 0.976897 0.205238 -0.962468 0.110746 -0.247772 -0.264777 -0.182775 0.94683 0.59982 2.36594 -0.0629204</i>
                        <i>0.0619708 0.978485 0.19679 -0.962752 0.110596 -0.246731 -0.263187 -0.17417 0.948893 0.599542 2.36629 -0.0626472</i>
                        <i>0.0644127 0.979995 0.188309 -0.963052 0.110493 -0.245605 -0.261498 -0.165532 0.950904 0.599246 2.36673 -0.0623261</i>
                        <i>0.0668596 0.981411 0.179897 -0.963361 0.110433 -0.244417 -0.25974 -0.156964 0.952836 0.598938 2.36727 -0.0619674</i>
                        <i>0.0692753 0.982718 0.171655 -0.963673 0.110412 -0.243194 -0.257944 -0.148572 0.954668 0.598624 2.3679 -0.0615817</i>
                        <i>0.0716237 0.983909 0.163689 -0.963982 0.110427 -0.24196 -0.256142 -0.140463 0.956379 0.598311 2.36864 -0.0611798</i>
                        <i>0.0738693 0.984974 0.156105 -0.964282 0.110471 -0.240741 -0.254368 -0.132746 0.957954 0.598006 2.36949 -0.0607726</i>
                        <i>0.0759771 0.985913 0.14901 -0.964568 0.110539 -0.239563 -0.252659 -0.125529 0.959378 0.597713 2.37045 -0.0603712</i>
                        <i>0.0779125 0.986722 0.142511 -0.964833 0.110624 -0.238452 -0.251051 -0.118921 0.960641 0.59744 2.37154 -0.0599868</i>
                        <i>0.0796416 0.987403 0.136718 -0.965073 0.110717 -0.237437 -0.249583 -0.113033 0.961734 0.597192 2.37275 -0.0596308</i>
                        <i>0.0811307 0.987959 0.131738 -0.965281 0.11081 -0.236544 -0.248294 -0.107974 0.962648 0.596976 2.37409 -0.0593144</i>
                        <i>0.0823468 0.988391 0.12768 -0.965453 0.110896 -0.235801 -0.247223 -0.103851 0.963377 0.596798 2.37558 -0.0590488</i>
                        <i>0.0832566 0.988702 0.124649 -0.965583 0.110967 -0.235236 -0.246411 -0.100774 0.963912 0.596663 2.3772 -0.0588453</i>
                        <i>0.0838271 0.988891 0.122754 -0.965665 0.111014 -0.234878 -0.245896 -0.0988497 0.964243 0.596577 2.37897 -0.0587152</i>
                        <i>0.0840248 0.988955 0.122098 -0.965693 0.111031 -0.234752 -0.245716 -0.0981847 0.964357 0.596547 2.38089 -0.0586694</i>
                        <i>0.0731572 0.990351 0.117699 -0.966463 0.0995276 -0.236735 -0.246165 -0.0964332 0.964419 0.594747 2.38529 -0.0578417</i>
                        <i>0.0458322 0.993238 0.106662 -0.967882 0.0705745 -0.241297 -0.247193 -0.0921768 0.964572 0.590185 2.3928 -0.0561014</i>
                        <i>0.0101298 0.995683 0.0922628 -0.968633 0.0326808 -0.246336 -0.248288 -0.0868735 0.964783 0.584101 2.40087 -0.0545583</i>
                        <i>-0.0253912 0.99664 0.0778765 -0.96818 -0.00511553 -0.250202 -0.248963 -0.0817514 0.965057 0.577682 2.40689 -0.0543148</i>
                        <i>-0.0518701 0.996408 0.0669374 -0.967134 -0.0334129 -0.252064 -0.248922 -0.077812 0.965393 0.572085 2.40811 -0.0564655</i>
                        <i>-0.0621197 0.996126 0.0622405 -0.966673 -0.0445304 -0.252112 -0.248363 -0.0758273 0.965694 0.568881 2.4026 -0.0600998</i>
                        <i>-0.0592376 0.996277 0.0626398 -0.966934 -0.0416739 -0.251599 -0.248051 -0.0754727 0.965802 0.568239 2.39213 -0.0633602</i>
                        <i>-0.0498015 0.9966 0.0656349 -0.967392 -0.031793 -0.251279 -0.248338 -0.0760087 0.965687 0.569163 2.37975 -0.0659432</i>
                        <i>-0.0401191 0.996818 0.068879 -0.967676 -0.0215838 -0.25127 -0.248984 -0.0767333 0.965463 0.570527 2.36885 -0.0676193</i>
                        <i>-0.036054 0.996873 0.070313 -0.967723 -0.0172658 -0.251426 -0.249426 -0.0771084 0.965319 0.571072 2.363 -0.0682411</i>
                        <i>-0.0309744 0.997635 0.0613587 -0.968356 -0.0147423 -0.249139 -0.247645 -0.067134 0.966522 0.570476 2.36408 -0.0658302</i>
                        <i>-0.0183975 0.999029 0.0400266 -0.96994 -0.0081175 -0.243209 -0.242648 -0.0432978 0.969148 0.569388 2.36928 -0.0600542</i>
                        <i>-0.004341 0.999885 0.0145295 -0.971806 -0.000792938 -0.235782 -0.235743 -0.0151434 0.971697 0.567981 2.37506 -0.0532846</i>
                        <i>0.00524203 0.999967 -0.00627516 -0.973318 0.00366256 -0.229432 -0.229401 0.00731041 0.973304 0.566357 2.37794 -0.0479807</i>
                        <i>0.00511337 0.9999 -0.0131994 -0.973939 0.00198669 -0.2268 -0.226752 0.0140151 0.973852 0.564729 2.3742 -0.0466076</i>
                        <i>-0.00504383 0.999986 -0.00166632 -0.973301 -0.0052916 -0.22947 -0.229476 0.000464417 0.973314 0.564085 2.36716 -0.0501054</i>
                        <i>-0.0204131 0.99954 0.022442 -0.971669 -0.0145475 -0.235896 -0.235461 -0.0266216 0.971519 0.564898 2.36404 -0.0567086</i>
                        <i>-0.0358692 0.997951 0.0529781 -0.969381 -0.0218579 -0.244587 -0.242928 -0.0601291 0.968179 0.5676 2.36865 -0.0645867</i>
                        <i>-0.0469116 0.995373 0.0838573 -0.966737 -0.0241098 -0.254634 -0.251434 -0.0930133 0.963395 0.572285 2.37728 -0.0719643</i>
                        <i>-0.0527018 0.992689 0.108582 -0.964241 -0.0223054 -0.264085 -0.259733 -0.118617 0.958368 0.577545 2.38572 -0.0774454</i>
                        <i>-0.0572228 0.989936 0.129429 -0.961917 -0.0199605 -0.272614 -0.267287 -0.140099 0.953378 0.582507 2.38939 -0.0820209</i>
                        <i>-0.0646952 0.9866 0.149784 -0.959814 -0.0204463 -0.27989 -0.273077 -0.161872 0.948275 0.586449 2.38502 -0.0869497</i>
                        <i>-0.075478 0.983309 0.165551 -0.958644 -0.0258663 -0.28343 -0.274417 -0.180097 0.944596 0.587572 2.37537 -0.0915221</i>
                        <i>-0.0852863 0.981087 0.173767 -0.958376 -0.0330842 -0.283585 -0.272473 -0.19072 0.943072 0.586405 2.36525 -0.0945737</i>
                        <i>-0.087836 0.981137 0.172208 -0.958753 -0.0363519 -0.281908 -0.27033 -0.189867 0.94386 0.584794 2.35971 -0.0946739</i>
                        <i>-0.07803 0.98484 0.154926 -0.960296 -0.0324967 -0.277086 -0.26785 -0.170396 0.948273 0.582855 2.36142 -0.089881</i>
                        <i>-0.0589385 0.990753 0.122208 -0.963101 -0.0242302 -0.268048 -0.262608 -0.133497 0.955623 0.579803 2.36726 -0.0808696</i>
                        <i>-0.0370453 0.99591 0.0824065 -0.966349 -0.0146958 -0.256813 -0.254552 -0.0891472 0.962941 0.576172 2.37358 -0.0702615</i>
                        <i>-0.0195214 0.998739 0.0462424 -0.969205 -0.00754753 -0.246141 -0.245482 -0.0496234 0.96813 0.572456 2.3769 -0.0610201</i>
                        <i>-0.0130528 0.99958 0.025855 -0.970917 -0.00648803 -0.23933 -0.239062 -0.028227 0.970594 0.569181 2.37347 -0.0562785</i>
                        <i>-0.0153023 0.999681 0.0200909 -0.971616 -0.0101228 -0.236346 -0.236068 -0.0231373 0.971461 0.566606 2.36675 -0.0554972</i>
                        <i>-0.019379 0.99963 0.0190977 -0.971931 -0.0143557 -0.234826 -0.234465 -0.0231123 0.97185 0.56464 2.36413 -0.0558798</i>
                        <i>-0.0223671 0.999497 0.0224671 -0.971797 -0.0164594 -0.235242 -0.234754 -0.0270952 0.971677 0.564213 2.36935 -0.0569714</i>
                        <i>-0.0220024 0.999318 0.0296608 -0.97112 -0.0143127 -0.238161 -0.237574 -0.0340443 0.970773 0.565979 2.37861 -0.0583598</i>
                        <i>-0.0196724 0.999039 0.0391723 -0.970003 -0.0095764 -0.242903 -0.242294 -0.0427757 0.969259 0.569142 2.38752 -0.0599182</i>
