<?xml version="1.0" encoding="ISO-8859-1" ?>
<Animl Version="1">
    <ModellingPackage><![CDATA[Maya.2010]]></ModellingPackage>
    <SrcFile><![CDATA[anims\turrets\antitank\blue\~src\at_bgm71tow\antitank_bgm71tow_aim_low_crewman_a.mb]]></SrcFile>
    <FramesPerSecond>30</FramesPerSecond>
    <TotalFrames>30</TotalFrames>
    <Skeleton>
        <RefFrame>
            <Name><![CDATA[soldier_ref_frame]]></Name>
            <Exclude>0</Exclude>
            <Additive>0</Additive>
            <IKPriority>0</IKPriority>
            <IKRotLimits>-1e+010 -1e+010 -1e+010 1e+010 1e+010 1e+010</IKRotLimits>
            <IKRotLimitOrder>0</IKRotLimitOrder>
            <KeyFrames count="30">
                <i>1 0 0 0 1 0 0 0 1 0.92 1.77 -1.21</i>
                <i>1 0 0 0 1 0 0 0 1 0.92 1.77 -1.21</i>
                <i>1 0 0 0 1 0 0 0 1 0.92 1.77 -1.21</i>
                <i>1 0 0 0 1 0 0 0 1 0.92 1.77 -1.21</i>
                <i>1 0 0 0 1 0 0 0 1 0.92 1.77 -1.21</i>
                <i>1 0 0 0 1 0 0 0 1 0.92 1.77 -1.21</i>
                <i>1 0 0 0 1 0 0 0 1 0.92 1.77 -1.21</i>
                <i>1 0 0 0 1 0 0 0 1 0.92 1.77 -1.21</i>
                <i>1 0 0 0 1 0 0 0 1 0.92 1.77 -1.21</i>
                <i>1 0 0 0 1 0 0 0 1 0.92 1.77 -1.21</i>
                <i>1 0 0 0 1 0 0 0 1 0.92 1.77 -1.21</i>
                <i>1 0 0 0 1 0 0 0 1 0.92 1.77 -1.21</i>
                <i>1 0 0 0 1 0 0 0 1 0.92 1.77 -1.21</i>
                <i>1 0 0 0 1 0 0 0 1 0.92 1.77 -1.21</i>
                <i>1 0 0 0 1 0 0 0 1 0.92 1.77 -1.21</i>
                <i>1 0 0 0 1 0 0 0 1 0.92 1.77 -1.21</i>
                <i>1 0 0 0 1 0 0 0 1 0.92 1.77 -1.21</i>
                <i>1 0 0 0 1 0 0 0 1 0.92 1.77 -1.21</i>
                <i>1 0 0 0 1 0 0 0 1 0.92 1.77 -1.21</i>
                <i>1 0 0 0 1 0 0 0 1 0.92 1.77 -1.21</i>
                <i>1 0 0 0 1 0 0 0 1 0.92 1.77 -1.21</i>
                <i>1 0 0 0 1 0 0 0 1 0.92 1.77 -1.21</i>
                <i>1 0 0 0 1 0 0 0 1 0.92 1.77 -1.21</i>
                <i>1 0 0 0 1 0 0 0 1 0.92 1.77 -1.21</i>
                <i>1 0 0 0 1 0 0 0 1 0.92 1.77 -1.21</i>
                <i>1 0 0 0 1 0 0 0 1 0.92 1.77 -1.21</i>
                <i>1 0 0 0 1 0 0 0 1 0.92 1.77 -1.21</i>
                <i>1 0 0 0 1 0 0 0 1 0.92 1.77 -1.21</i>
                <i>1 0 0 0 1 0 0 0 1 0.92 1.77 -1.21</i>
                <i>1 0 0 0 1 0 0 0 1 0.92 1.77 -1.21</i>
            </KeyFrames>
        </RefFrame>
        <Bones count="23">
            <i>
                <p>
                    <Name><![CDATA[pelvis]]></Name>
                    <Exclude>0</Exclude>
                    <Additive>0</Additive>
                    <IKPriority>0</IKPriority>
                    <IKRotLimits>-1e+010 -1e+010 -1e+010 1e+010 1e+010 1e+010</IKRotLimits>
                    <IKRotLimitOrder>2</IKRotLimitOrder>
                    <KeyFrames count="30">
                        <i>1 0 0 0 1 0 0 0 1 0.781889 2.8346 -1.14518</i>
                        <i>1 0 0 0 1 0 0 0 1 0.781889 2.83498 -1.14518</i>
                        <i>1 0 0 0 1 0 0 0 1 0.781889 2.83604 -1.14518</i>
                        <i>1 0 0 0 1 0 0 0 1 0.781889 2.83767 -1.14518</i>
                        <i>1 0 0 0 1 0 0 0 1 0.781889 2.83977 -1.14518</i>
                        <i>1 0 0 0 1 0 0 0 1 0.781889 2.84223 -1.14518</i>
                        <i>1 0 0 0 1 0 0 0 1 0.781889 2.84495 -1.14518</i>
                        <i>1 0 0 0 1 0 0 0 1 0.781889 2.84782 -1.14518</i>
                        <i>1 0 0 0 1 0 0 0 1 0.781889 2.85074 -1.14518</i>
                        <i>1 0 0 0 1 0 0 0 1 0.781889 2.85361 -1.14518</i>
                        <i>1 0 0 0 1 0 0 0 1 0.781889 2.85633 -1.14518</i>
                        <i>1 0 0 0 1 0 0 0 1 0.781889 2.85878 -1.14518</i>
                        <i>1 0 0 0 1 0 0 0 1 0.781889 2.86087 -1.14518</i>
                        <i>1 0 0 0 1 0 0 0 1 0.781889 2.86249 -1.14518</i>
                        <i>1 0 0 0 1 0 0 0 1 0.781889 2.86354 -1.14518</i>
                        <i>1 0 0 0 1 0 0 0 1 0.781889 2.86391 -1.14518</i>
                        <i>1 0 0 0 1 0 0 0 1 0.781889 2.86349 -1.14518</i>
                        <i>1 0 0 0 1 0 0 0 1 0.781889 2.8623 -1.14518</i>
                        <i>1 0 0 0 1 0 0 0 1 0.781889 2.86047 -1.14518</i>
                        <i>1 0 0 0 1 0 0 0 1 0.781889 2.85813 -1.14518</i>
                        <i>1 0 0 0 1 0 0 0 1 0.781889 2.85541 -1.14518</i>
                        <i>1 0 0 0 1 0 0 0 1 0.781889 2.85243 -1.14518</i>
                        <i>1 0 0 0 1 0 0 0 1 0.781889 2.84932 -1.14518</i>
                        <i>1 0 0 0 1 0 0 0 1 0.781889 2.84621 -1.14518</i>
                        <i>1 0 0 0 1 0 0 0 1 0.781889 2.84322 -1.14518</i>
                        <i>1 0 0 0 1 0 0 0 1 0.781889 2.84049 -1.14518</i>
                        <i>1 0 0 0 1 0 0 0 1 0.781889 2.83813 -1.14518</i>
                        <i>1 0 0 0 1 0 0 0 1 0.781889 2.83628 -1.14518</i>
                        <i>1 0 0 0 1 0 0 0 1 0.781889 2.83506 -1.14518</i>
                        <i>1 0 0 0 1 0 0 0 1 0.781889 2.8346 -1.14518</i>
                    </KeyFrames>
                </p>
            </i>
            <i>
                <p>
                    <Name><![CDATA[spine0]]></Name>
                    <Exclude>0</Exclude>
                    <Additive>0</Additive>
                    <IKPriority>0</IKPriority>
                    <IKRotLimits>-1e+010 -1e+010 -1e+010 1e+010 1e+010 1e+010</IKRotLimits>
                    <IKRotLimitOrder>0</IKRotLimitOrder>
                    <KeyFrames count="30">
                        <i>0.0101066 0.989055 0.1472 -0.998989 0.016434 -0.0418324 -0.0437936 -0.146629 0.988222 0.791749 2.97543 -1.17287</i>
                        <i>0.0104196 0.988169 0.153016 -0.998986 0.0169898 -0.0416934 -0.0437998 -0.152427 0.987344 0.791753 2.97578 -1.17305</i>
                        <i>0.0106716 0.987363 0.158118 -0.998987 0.0174391 -0.0414749 -0.0437082 -0.157515 0.986549 0.791763 2.97674 -1.17352</i>
                        <i>0.0108573 0.986671 0.162366 -0.998993 0.0177723 -0.0411975 -0.043534 -0.161755 0.98587 0.791779 2.97823 -1.17422</i>
                        <i>0.010971 0.98613 0.165614 -0.999002 0.0179798 -0.0408801 -0.0432908 -0.165 0.985343 0.791798 2.98014 -1.17511</i>
                        <i>0.0110081 0.985776 0.167704 -0.999015 0.0180527 -0.0405396 -0.0429905 -0.167093 0.985003 0.79182 2.98237 -1.17613</i>
                        <i>0.0109757 0.985605 0.168708 -0.99903 0.0180044 -0.040189 -0.042648 -0.168103 0.984846 0.791843 2.98484 -1.17723</i>
                        <i>0.0108899 0.98558 0.168862 -0.999046 0.0178645 -0.0398397 -0.0422818 -0.168267 0.984834 0.791866 2.98745 -1.17835</i>
                        <i>0.0107605 0.985687 0.168245 -0.999063 0.0176495 -0.0395049 -0.0419089 -0.167662 0.984953 0.791888 2.99011 -1.17945</i>
                        <i>0.0105981 0.985911 0.166933 -0.99908 0.0173768 -0.0391988 -0.0415473 -0.166364 0.985189 0.791907 2.99272 -1.18046</i>
                        <i>0.0104138 0.986238 0.165004 -0.999096 0.0170639 -0.0389364 -0.0412161 -0.16445 0.985524 0.791924 2.99521 -1.18133</i>
                        <i>0.0102188 0.986649 0.162539 -0.99911 0.0167288 -0.0387338 -0.0409357 -0.161999 0.985942 0.791936 2.99748 -1.18202</i>
                        <i>0.0100244 0.987127 0.159622 -0.99912 0.0163893 -0.0386082 -0.0407273 -0.159095 0.986423 0.791944 2.99945 -1.18247</i>
                        <i>0.00984128 0.987651 0.156363 -0.999126 0.0160632 -0.0385777 -0.040613 -0.155847 0.986946 0.791947 3.00103 -1.18264</i>
                        <i>0.00967926 0.988192 0.152918 -0.999129 0.0157652 -0.0386365 -0.040591 -0.15241 0.987483 0.791945 3.0021 -1.18253</i>
                        <i>0.00954778 0.988727 0.149422 -0.999128 0.0155058 -0.0387601 -0.0406401 -0.148921 0.988014 0.79194 3.00256 -1.18223</i>
                        <i>0.00945413 0.989229 0.14607 -0.999124 0.0152984 -0.0389388 -0.040754 -0.145574 0.988508 0.791931 3.00226 -1.18175</i>
                        <i>0.00940493 0.98967 0.143053 -0.999118 0.0151555 -0.0391622 -0.0409257 -0.142559 0.98894 0.79192 3.00123 -1.18114</i>
                        <i>0.00940643 0.990028 0.140554 -0.999109 0.0150891 -0.0394194 -0.0411472 -0.140058 0.989288 0.791906 2.99959 -1.18041</i>
                        <i>0.00941948 0.990329 0.138418 -0.999098 0.0150523 -0.0397042 -0.0414037 -0.137919 0.989578 0.791891 2.99746 -1.1796</i>
                        <i>0.00940849 0.990601 0.136456 -0.999087 0.0150006 -0.0400112 -0.0416821 -0.135955 0.989838 0.791873 2.99495 -1.17873</i>
                        <i>0.00938471 0.990828 0.134801 -0.999075 0.0149496 -0.0403294 -0.0419748 -0.134298 0.990052 0.791855 2.99218 -1.17783</i>
                        <i>0.00935924 0.990994 0.13358 -0.999062 0.0149145 -0.0406475 -0.0422737 -0.133074 0.990204 0.791837 2.98928 -1.17692</i>
                        <i>0.00934308 0.991084 0.132913 -0.99905 0.0149104 -0.0409535 -0.0425701 -0.132404 0.990281 0.791818 2.98637 -1.17604</i>
                        <i>0.00934739 0.991083 0.132921 -0.999038 0.0149527 -0.0412351 -0.0428549 -0.132408 0.990268 0.7918 2.98356 -1.17521</i>
                        <i>0.00938361 0.990975 0.133719 -0.999026 0.015057 -0.0414797 -0.0431188 -0.133199 0.990151 0.791784 2.98099 -1.17447</i>
                        <i>0.00946387 0.990743 0.135423 -0.999015 0.0152393 -0.0416745 -0.0433524 -0.134896 0.989911 0.79177 2.97876 -1.17383</i>
                        <i>0.00960125 0.990364 0.138154 -0.999005 0.0155169 -0.0418064 -0.0435473 -0.137615 0.989528 0.791759 2.97701 -1.17333</i>
                        <i>0.00981016 0.989813 0.142035 -0.998997 0.0159084 -0.0418631 -0.0436962 -0.141481 0.988976 0.791752 2.97586 -1.17301</i>
                        <i>0.0101066 0.989055 0.1472 -0.998989 0.016434 -0.0418324 -0.0437936 -0.146629 0.988222 0.791749 2.97543 -1.17287</i>
                    </KeyFrames>
                </p>
            </i>
            <i>
                <p>
                    <Name><![CDATA[spine1]]></Name>
                    <Exclude>0</Exclude>
                    <Additive>0</Additive>
                    <IKPriority>0</IKPriority>
                    <IKRotLimits>-1e+010 -1e+010 -1e+010 1e+010 1e+010 1e+010</IKRotLimits>
                    <IKRotLimitOrder>0</IKRotLimitOrder>
                    <KeyFrames count="30">
                        <i>-0.0452508 0.913255 0.404868 -0.998741 -0.0325741 -0.0381492 -0.0216518 -0.406085 0.913579 0.79356 3.15251 -1.14656</i>
                        <i>-0.0439248 0.90735 0.418075 -0.998806 -0.030918 -0.0378375 -0.0214058 -0.419237 0.907624 0.793625 3.1531 -1.14564</i>
                        <i>-0.0428715 0.901379 0.430903 -0.99886 -0.0296183 -0.0374221 -0.0209689 -0.432017 0.901622 0.793686 3.15441 -1.14512</i>
                        <i>-0.0420994 0.895713 0.442636 -0.998906 -0.0286975 -0.0369347 -0.0203803 -0.443706 0.895941 0.793741 3.15632 -1.14497</i>
                        <i>-0.0416179 0.890755 0.452575 -0.99894 -0.0281761 -0.0364044 -0.0196756 -0.45361 0.890983 0.793788 3.15873 -1.14518</i>
                        <i>-0.041437 0.886926 0.460049 -0.998963 -0.0280717 -0.035858 -0.018889 -0.461057 0.887169 0.793823 3.16151 -1.14572</i>
                        <i>-0.0415203 0.884298 0.465074 -0.998975 -0.0283329 -0.0353126 -0.0180499 -0.466063 0.884567 0.793847 3.16454 -1.14654</i>
                        <i>-0.0418001 0.882659 0.468151 -0.998978 -0.0288614 -0.0347808 -0.0171881 -0.469127 0.882964 0.79386 3.16771 -1.14754</i>
                        <i>-0.0422416 0.881997 0.469358 -0.998974 -0.0296009 -0.0342815 -0.0163427 -0.470324 0.882342 0.793864 3.17091 -1.14866</i>
                        <i>-0.0428106 0.882278 0.468779 -0.998962 -0.0304956 -0.0338339 -0.0155552 -0.469741 0.882667 0.793859 3.17401 -1.14984</i>
                        <i>-0.0434739 0.883451 0.466502 -0.998944 -0.0314896 -0.0334585 -0.0148689 -0.467464 0.883887 0.793845 3.1769 -1.15101</i>
                        <i>-0.0441987 0.885456 0.462617 -0.99892 -0.0325288 -0.0331768 -0.0143282 -0.463583 0.885937 0.793824 3.17947 -1.15212</i>
                        <i>-0.0449523 0.888225 0.457204 -0.998891 -0.0335606 -0.0330117 -0.0139778 -0.458181 0.888749 0.793797 3.1816 -1.1531</i>
                        <i>-0.0457016 0.891677 0.450358 -0.998859 -0.0345341 -0.0329874 -0.0138614 -0.451352 0.892238 0.793765 3.18317 -1.15388</i>
                        <i>-0.0464107 0.895565 0.442504 -0.998825 -0.0354093 -0.0330954 -0.0139704 -0.44352 0.896156 0.793731 3.18409 -1.15445</i>
                        <i>-0.0470427 0.899554 0.43427 -0.998791 -0.0361542 -0.0333045 -0.0142585 -0.435311 0.900167 0.793698 3.18429 -1.15484</i>
                        <i>-0.0475586 0.90342 0.42611 -0.99876 -0.0367307 -0.0335979 -0.0147017 -0.42718 0.904047 0.793668 3.18363 -1.15505</i>
                        <i>-0.0479198 0.906958 0.418487 -0.998734 -0.0371 -0.0339582 -0.0152728 -0.419585 0.907588 0.793642 3.18219 -1.15505</i>
                        <i>-0.0480877 0.909974 0.411869 -0.998716 -0.0372222 -0.0343671 -0.0159425 -0.412992 0.910595 0.793624 3.18008 -1.15486</i>
                        <i>-0.0481932 0.912703 0.405772 -0.998699 -0.037251 -0.034826 -0.0166704 -0.406922 0.913311 0.793605 3.17746 -1.15451</i>
                        <i>-0.0483617 0.9154 0.399629 -0.998678 -0.0373359 -0.0353339 -0.0174241 -0.40081 0.915996 0.79358 3.17444 -1.15406</i>
                        <i>-0.0485468 0.917913 0.393801 -0.998655 -0.0374291 -0.035868 -0.0181841 -0.395013 0.918496 0.793553 3.17117 -1.15353</i>
                        <i>-0.0487028 0.920093 0.38866 -0.998634 -0.0374822 -0.0364051 -0.0189282 -0.389902 0.920662 0.793525 3.16778 -1.15291</i>
                        <i>-0.0487848 0.921797 0.38459 -0.998616 -0.0374464 -0.0369207 -0.0196319 -0.385859 0.922349 0.793499 3.16442 -1.15221</i>
                        <i>-0.0487486 0.922882 0.381985 -0.998605 -0.0372725 -0.0373901 -0.0202691 -0.383275 0.923412 0.793478 3.16122 -1.15143</i>
                        <i>-0.04855 0.923198 0.381246 -0.998604 -0.0369107 -0.0377875 -0.0208133 -0.382548 0.923701 0.793465 3.15833 -1.15058</i>
                        <i>-0.0481454 0.922587 0.382772 -0.998614 -0.0363108 -0.0380873 -0.0212401 -0.384076 0.923057 0.793464 3.15587 -1.14967</i>
                        <i>-0.0474906 0.920871 0.386963 -0.99864 -0.0354222 -0.0382638 -0.021529 -0.388254 0.921301 0.793477 3.15399 -1.14869</i>
                        <i>-0.046541 0.917843 0.394206 -0.998681 -0.0341938 -0.0382923 -0.0216669 -0.395469 0.918224 0.793508 3.15283 -1.14766</i>
                        <i>-0.0452508 0.913255 0.404868 -0.998741 -0.0325741 -0.0381492 -0.0216518 -0.406085 0.913579 0.79356 3.15251 -1.14656</i>
                    </KeyFrames>
                </p>
            </i>
            <i>
                <p>
                    <Name><![CDATA[spine2]]></Name>
                    <Exclude>0</Exclude>
                    <Additive>0</Additive>
                    <IKPriority>0</IKPriority>
                    <IKRotLimits>-1e+010 -1e+010 -1e+010 1e+010 1e+010 1e+010</IKRotLimits>
                    <IKRotLimitOrder>0</IKRotLimitOrder>
                    <KeyFrames count="30">
                        <i>-0.0309603 0.705324 0.708208 -0.999512 -0.0248651 -0.0189311 0.00425712 -0.708448 0.70575 0.786116 3.30285 -1.07975</i>
                        <i>-0.0292237 0.696236 0.717218 -0.999566 -0.0230669 -0.0183362 0.00377768 -0.717442 0.696608 0.786383 3.3028 -1.07649</i>
                        <i>-0.02783 0.688649 0.724561 -0.999607 -0.0216781 -0.0177908 0.00345548 -0.724771 0.688981 0.786599 3.30352 -1.07365</i>
                        <i>-0.0267975 0.683054 0.729876 -0.999635 -0.0207109 -0.0173195 0.00328626 -0.730074 0.68336 0.786761 3.30495 -1.07133</i>
                        <i>-0.0261454 0.679929 0.732812 -0.999653 -0.0201764 -0.0169454 0.00326382 -0.733 0.680221 0.786865 3.30701 -1.06964</i>
                        <i>-0.0258943 0.679721 0.733014 -0.999659 -0.020084 -0.01669 0.00337728 -0.733196 0.680009 0.786907 3.30964 -1.06867</i>
                        <i>-0.0259961 0.682109 0.730788 -0.999656 -0.020376 -0.0165417 0.00360731 -0.730967 0.682404 0.786895 3.31271 -1.06838</i>
                        <i>-0.0263573 0.686237 0.7269 -0.999645 -0.0209496 -0.0164693 0.00392644 -0.727076 0.686546 0.786839 3.31607 -1.06861</i>
                        <i>-0.0269336 0.691716 0.721667 -0.999628 -0.021746 -0.0164641 0.00430488 -0.721842 0.692044 0.786749 3.31958 -1.06929</i>
                        <i>-0.0276815 0.698159 0.715407 -0.999606 -0.0227072 -0.0165183 0.0047125 -0.715582 0.698513 0.78663 3.32309 -1.07037</i>
                        <i>-0.0285574 0.705193 0.70844 -0.999579 -0.0237769 -0.0166253 0.00512047 -0.708617 0.705575 0.78649 3.32646 -1.07177</i>
                        <i>-0.0295175 0.712458 0.701094 -0.999549 -0.0248999 -0.0167796 0.0055024 -0.701273 0.712871 0.786338 3.32955 -1.07344</i>
                        <i>-0.0305177 0.719614 0.693703 -0.999517 -0.0260224 -0.0169769 0.00583505 -0.693887 0.720061 0.78618 3.33221 -1.07531</i>
                        <i>-0.0315129 0.726329 0.686624 -0.999485 -0.0270915 -0.0172136 0.00609894 -0.686813 0.726809 0.786025 3.3343 -1.07729</i>
                        <i>-0.0324542 0.732312 0.680195 -0.999453 -0.0280597 -0.0174773 0.00628724 -0.680391 0.732823 0.785881 3.33568 -1.07929</i>
                        <i>-0.0332901 0.737274 0.674773 -0.999425 -0.0288815 -0.0177502 0.00640174 -0.674976 0.737812 0.785756 3.33625 -1.08123</i>
                        <i>-0.0339691 0.741001 0.670645 -0.999402 -0.0295109 -0.0180143 0.00644278 -0.670856 0.74156 0.785658 3.33589 -1.083</i>
                        <i>-0.0344392 0.743273 0.668101 -0.999386 -0.0299009 -0.018251 0.00641135 -0.668319 0.743847 0.785593 3.33463 -1.08449</i>
                        <i>-0.0346483 0.743864 0.667432 -0.99938 -0.0300035 -0.0184412 0.00630752 -0.667657 0.744442 0.785569 3.3326 -1.08561</i>
                        <i>-0.0347738 0.743457 0.667879 -0.999376 -0.0300025 -0.0186359 0.00618303 -0.668111 0.744036 0.785557 3.32997 -1.0865</i>
                        <i>-0.0349873 0.742816 0.668581 -0.999369 -0.0300768 -0.0188814 0.00608333 -0.66882 0.7434 0.785529 3.32694 -1.0873</i>
                        <i>-0.0352286 0.741821 0.669672 -0.999361 -0.0301705 -0.0191512 0.00599755 -0.669919 0.74241 0.785495 3.32363 -1.08794</i>
                        <i>-0.0354373 0.740349 0.671288 -0.999354 -0.0302276 -0.0194186 0.00591485 -0.671542 0.740943 0.785463 3.32017 -1.08837</i>
                        <i>-0.0355529 0.738274 0.673563 -0.999351 -0.0301918 -0.0196566 0.0058241 -0.673825 0.738868 0.785445 3.3167 -1.08851</i>
                        <i>-0.035515 0.735464 0.676633 -0.999353 -0.0300068 -0.0198382 0.00571331 -0.676899 0.736053 0.785447 3.31336 -1.08831</i>
                        <i>-0.0352636 0.731781 0.680627 -0.999363 -0.0296159 -0.0199357 0.00556882 -0.680896 0.732359 0.785481 3.31026 -1.08769</i>
                        <i>-0.0347393 0.727082 0.685672 -0.999382 -0.0289626 -0.0199216 0.00537423 -0.68594 0.727638 0.785554 3.30755 -1.08659</i>
                        <i>-0.0338843 0.721214 0.691883 -0.999413 -0.0279905 -0.0197681 0.00510917 -0.692146 0.721739 0.785677 3.30533 -1.08495</i>
                        <i>-0.0326423 0.714018 0.699366 -0.999456 -0.0266433 -0.0194472 0.00474777 -0.69962 0.7145 0.785861 3.30373 -1.08269</i>
                        <i>-0.0309603 0.705324 0.708208 -0.999512 -0.0248651 -0.0189311 0.00425712 -0.708448 0.70575 0.786116 3.30285 -1.07975</i>
                    </KeyFrames>
                </p>
            </i>
            <i>
                <p>
                    <Name><![CDATA[head]]></Name>
                    <Exclude>0</Exclude>
                    <Additive>0</Additive>
                    <IKPriority>0</IKPriority>
                    <IKRotLimits>-1e+010 -1e+010 -1e+010 1e+010 1e+010 1e+010</IKRotLimits>
                    <IKRotLimitOrder>0</IKRotLimitOrder>
                    <KeyFrames count="30">
                        <i>-0.0274614 0.971863 0.23394 0.0133321 0.234363 -0.972058 -0.999534 -0.0235751 -0.0193929 0.781889 3.48788 -0.893901</i>
                        <i>-0.0257607 0.970152 0.241126 0.0130179 0.241511 -0.970311 -0.999583 -0.021857 -0.0188508 0.782588 3.4859 -0.888339</i>
                        <i>-0.0245059 0.967266 0.252579 0.0125644 0.252933 -0.967402 -0.999621 -0.0205335 -0.0183515 0.783147 3.48522 -0.88366</i>
                        <i>-0.0236871 0.963501 0.266654 0.0120331 0.266984 -0.963626 -0.999647 -0.0196168 -0.017918 0.783559 3.48588 -0.880053</i>
                        <i>-0.0232968 0.959215 0.281716 0.0114702 0.282031 -0.959337 -0.999663 -0.0191182 -0.0175728 0.783816 3.4879 -0.87771</i>
                        <i>-0.0233302 0.954854 0.296159 0.0109137 0.296465 -0.954981 -0.999668 -0.0190477 -0.0173376 0.783908 3.49129 -0.876838</i>
                        <i>-0.0237245 0.950649 0.30936 0.0103668 0.309664 -0.950789 -0.999665 -0.0193499 -0.0172018 0.783854 3.49582 -0.877307</i>
                        <i>-0.0243772 0.946633 0.321389 0.00981799 0.321696 -0.946792 -0.999655 -0.0199248 -0.0171361 0.78369 3.50107 -0.87875</i>
                        <i>-0.0252275 0.943047 0.331701 0.00928621 0.332014 -0.943229 -0.999639 -0.0207151 -0.0171332 0.783435 3.50675 -0.88102</i>
                        <i>-0.0262168 0.940148 0.339756 0.00879709 0.340076 -0.940357 -0.999618 -0.0216642 -0.0171863 0.783108 3.51261 -0.883964</i>
                        <i>-0.0272888 0.9382 0.345017 0.00838308 0.345348 -0.938437 -0.999592 -0.0227165 -0.0172891 0.782728 3.51835 -0.887423</i>
                        <i>-0.0283942 0.937241 0.347523 0.00806515 0.347867 -0.937509 -0.999564 -0.023817 -0.0174364 0.782316 3.52372 -0.89123</i>
                        <i>-0.0294933 0.93688 0.348406 0.00783148 0.348763 -0.937178 -0.999534 -0.0249119 -0.0176233 0.781893 3.52844 -0.895209</i>
                        <i>-0.0305424 0.936824 0.348466 0.00767642 0.348838 -0.937152 -0.999504 -0.0259479 -0.0178458 0.781479 3.53227 -0.899168</i>
                        <i>-0.0314978 0.936899 0.348178 0.00759137 0.348565 -0.937254 -0.999475 -0.0268783 -0.0180914 0.781097 3.535 -0.902912</i>
                        <i>-0.0323149 0.936993 0.34785 0.00756594 0.348251 -0.937371 -0.999449 -0.0276593 -0.0183429 0.780765 3.53649 -0.90626</i>
                        <i>-0.0329488 0.936994 0.347787 0.0075884 0.348201 -0.937389 -0.999428 -0.0282467 -0.0185831 0.780506 3.53661 -0.909036</i>
                        <i>-0.033354 0.93679 0.348299 0.00764622 0.348722 -0.937195 -0.999414 -0.0285961 -0.0187942 0.780338 3.53534 -0.911064</i>
                        <i>-0.0334846 0.936267 0.34969 0.00772694 0.350118 -0.936674 -0.999409 -0.0286621 -0.018958 0.780281 3.53279 -0.912175</i>
                        <i>-0.0335216 0.9358 0.350933 0.00785167 0.351366 -0.936205 -0.999407 -0.0286277 -0.019126 0.780258 3.52934 -0.912726</i>
                        <i>-0.0336379 0.935815 0.350882 0.0080431 0.351322 -0.93622 -0.999402 -0.0286703 -0.0193446 0.780196 3.52539 -0.913115</i>
                        <i>-0.0337741 0.936265 0.349666 0.00829219 0.350116 -0.93667 -0.999395 -0.0287357 -0.0195886 0.78012 3.52106 -0.913247</i>
                        <i>-0.0338288 0.938778 0.342857 0.00875428 0.343319 -0.939178 -0.999389 -0.0287698 -0.0198324 0.780054 3.51649 -0.913028</i>
                        <i>-0.0337113 0.944016 0.328171 0.00950359 0.328646 -0.944405 -0.999386 -0.0287183 -0.0200506 0.780022 3.5118 -0.912365</i>
                        <i>-0.0333752 0.950679 0.308377 0.0104235 0.308863 -0.95105 -0.999389 -0.0285271 -0.0202178 0.780049 3.50712 -0.911165</i>
                        <i>-0.0327819 0.957582 0.286292 0.0113901 0.286785 -0.957927 -0.999398 -0.0281418 -0.0203083 0.780157 3.50257 -0.909336</i>
                        <i>-0.0319053 0.963771 0.264815 0.0122767 0.265308 -0.964086 -0.999416 -0.0275084 -0.0202967 0.780371 3.49827 -0.906788</i>
                        <i>-0.0307309 0.968548 0.24692 0.0129621 0.247402 -0.968826 -0.999444 -0.0265723 -0.0201573 0.780715 3.49432 -0.903427</i>
                        <i>-0.0292522 0.971404 0.235622 0.0133402 0.236082 -0.971642 -0.999483 -0.0252794 -0.0198646 0.781213 3.49083 -0.899162</i>
                        <i>-0.0274614 0.971863 0.23394 0.0133321 0.234363 -0.972058 -0.999534 -0.0235751 -0.0193929 0.781889 3.48788 -0.893901</i>
                    </KeyFrames>
                </p>
            </i>
            <i>
                <p>
                    <Name><![CDATA[head_prop]]></Name>
                    <Exclude>0</Exclude>
                    <Additive>0</Additive>
                    <IKPriority>0</IKPriority>
                    <IKRotLimits>-1e+010 -1e+010 -1e+010 1e+010 1e+010 1e+010</IKRotLimits>
                    <IKRotLimitOrder>0</IKRotLimitOrder>
                    <KeyFrames count="30">
                        <i>0.999534 0.0235751 0.0193929 -0.0274614 0.971863 0.23394 -0.0133321 -0.234363 0.972058 0.772939 3.80462 -0.817658</i>
                        <i>0.999583 0.021857 0.0188508 -0.0257607 0.970152 0.241126 -0.0130179 -0.241511 0.970311 0.774192 3.80208 -0.809754</i>
                        <i>0.999621 0.0205335 0.0183515 -0.0245059 0.967266 0.252579 -0.0125644 -0.252933 0.967402 0.77516 3.80046 -0.801342</i>
                        <i>0.999647 0.0196168 0.017918 -0.0236871 0.963501 0.266654 -0.0120331 -0.266984 0.963626 0.77584 3.7999 -0.793148</i>
                        <i>0.999663 0.0191182 0.0175728 -0.0232968 0.959215 0.281716 -0.0114702 -0.282031 0.959337 0.776224 3.80052 -0.785897</i>
                        <i>0.999668 0.0190477 0.0173376 -0.0233302 0.954854 0.296159 -0.0109137 -0.296465 0.954981 0.776305 3.80249 -0.780317</i>
                        <i>0.999665 0.0193499 0.0172018 -0.0237245 0.950649 0.30936 -0.0103668 -0.309664 0.950789 0.776122 3.80565 -0.776484</i>
                        <i>0.999655 0.0199248 0.0171361 -0.0243772 0.946633 0.321389 -0.00981799 -0.321696 0.946792 0.775745 3.80958 -0.774006</i>
                        <i>0.999639 0.0207151 0.0171332 -0.0252275 0.943047 0.331701 -0.00928621 -0.332014 0.943229 0.775213 3.8141 -0.772915</i>
                        <i>0.999618 0.0216642 0.0171863 -0.0262168 0.940148 0.339756 -0.00879709 -0.340076 0.940357 0.774563 3.81901 -0.773234</i>
                        <i>0.999592 0.0227165 0.0172891 -0.0272888 0.9382 0.345017 -0.00838308 -0.345348 0.938437 0.773834 3.82412 -0.774979</i>
                        <i>0.999564 0.023817 0.0174364 -0.0283942 0.937241 0.347523 -0.00806515 -0.347867 0.937509 0.773062 3.82918 -0.777969</i>
                        <i>0.999534 0.0249119 0.0176233 -0.0294933 0.93688 0.348406 -0.00783148 -0.348763 0.937178 0.772281 3.83378 -0.781661</i>
                        <i>0.999504 0.0259479 0.0178458 -0.0305424 0.936824 0.348466 -0.00767642 -0.348838 0.937152 0.771525 3.83758 -0.7856</i>
                        <i>0.999475 0.0268783 0.0180914 -0.0314978 0.936899 0.348178 -0.00759137 -0.348565 0.937254 0.770831 3.84034 -0.789437</i>
                        <i>0.999449 0.0276593 0.0183429 -0.0323149 0.936993 0.34785 -0.00756594 -0.348251 0.937371 0.770234 3.84187 -0.792893</i>
                        <i>0.999428 0.0282467 0.0185831 -0.0329488 0.936994 0.347787 -0.0075884 -0.348201 0.937389 0.769768 3.84198 -0.795689</i>
                        <i>0.999414 0.0285961 0.0187942 -0.033354 0.93679 0.348299 -0.00764622 -0.348722 0.937195 0.769468 3.84065 -0.79755</i>
                        <i>0.999409 0.0286621 0.018958 -0.0334846 0.936267 0.34969 -0.00772694 -0.350118 0.936674 0.769368 3.83793 -0.798208</i>
                        <i>0.999407 0.0286277 0.019126 -0.0335216 0.9358 0.350933 -0.00785167 -0.351366 0.936205 0.769333 3.83432 -0.798353</i>
                        <i>0.999402 0.0286703 0.0193446 -0.0336379 0.935815 0.350882 -0.0080431 -0.351322 0.93622 0.769233 3.83038 -0.798759</i>
                        <i>0.999395 0.0287357 0.0195886 -0.0337741 0.936265 0.349666 -0.00829219 -0.350116 0.93667 0.769113 3.8262 -0.799288</i>
                        <i>0.999389 0.0287698 0.0198324 -0.0338288 0.938778 0.342857 -0.00875428 -0.343319 0.939178 0.769029 3.82245 -0.801288</i>
                        <i>0.999386 0.0287183 0.0200506 -0.0337113 0.944016 0.328171 -0.00950359 -0.328646 0.944405 0.769035 3.81947 -0.805411</i>
                        <i>0.999389 0.0285271 0.0202178 -0.0333752 0.950679 0.308377 -0.0104235 -0.308863 0.95105 0.769171 3.81696 -0.810662</i>
                        <i>0.999398 0.0281418 0.0203083 -0.0327819 0.957582 0.286292 -0.0113901 -0.286785 0.957927 0.769473 3.81466 -0.816031</i>
                        <i>0.999416 0.0275084 0.0202967 -0.0319053 0.963771 0.264815 -0.0122767 -0.265308 0.964086 0.769973 3.81237 -0.820482</i>
                        <i>0.999444 0.0265723 0.0201573 -0.0307309 0.968548 0.24692 -0.0129621 -0.247402 0.968826 0.770699 3.80998 -0.822953</i>
                        <i>0.999483 0.0252794 0.0198646 -0.0292522 0.971404 0.235622 -0.0133402 -0.236082 0.971642 0.771679 3.80742 -0.822371</i>
                        <i>0.999534 0.0235751 0.0193929 -0.0274614 0.971863 0.23394 -0.0133321 -0.234363 0.972058 0.772939 3.80462 -0.817658</i>
                    </KeyFrames>
                </p>
            </i>
            <i>
                <p>
                    <Name><![CDATA[l_clav]]></Name>
                    <Exclude>0</Exclude>
                    <Additive>0</Additive>
                    <IKPriority>0</IKPriority>
                    <IKRotLimits>-1e+010 -1e+010 -1e+010 1e+010 1e+010 1e+010</IKRotLimits>
                    <IKRotLimitOrder>0</IKRotLimitOrder>
                    <KeyFrames count="30">
                        <i>0.993358 0.0847709 -0.0778093 -0.0196266 0.791124 0.611341 0.113381 -0.605754 0.787533 0.867916 3.32793 -1.01568</i>
                        <i>0.993427 0.0840304 -0.0777302 -0.0179492 0.785004 0.619231 0.113053 -0.613766 0.781352 0.868277 3.32704 -1.01178</i>
                        <i>0.993477 0.0833643 -0.077804 -0.0166113 0.78083 0.624523 0.112815 -0.619157 0.777121 0.868566 3.3271 -1.00822</i>
                        <i>0.99351 0.0827543 -0.0780368 -0.0156298 0.778881 0.626978 0.112666 -0.621689 0.775119 0.868781 3.32808 -1.00515</i>
                        <i>0.993527 0.0821791 -0.0784324 -0.0150234 0.779409 0.626336 0.112603 -0.621103 0.775598 0.868915 3.32995 -1.00271</i>
                        <i>0.993529 0.0816136 -0.0789908 -0.0148125 0.782631 0.622309 0.11261 -0.617112 0.778776 0.868965 3.33268 -1.00103</i>
                        <i>0.993519 0.0810613 -0.0796758 -0.014951 0.788097 0.615369 0.112675 -0.61019 0.784202 0.868939 3.33614 -1.00009</i>
                        <i>0.993501 0.0805498 -0.0804244 -0.0153482 0.794903 0.606542 0.112787 -0.601366 0.790973 0.868855 3.34006 -0.999731</i>
                        <i>0.993476 0.080088 -0.0811938 -0.0159593 0.802562 0.596355 0.112924 -0.591169 0.798604 0.868723 3.34426 -0.999916</i>
                        <i>0.993446 0.0796867 -0.0819432 -0.0167385 0.810606 0.585353 0.113068 -0.580145 0.806627 0.868553 3.34857 -1.00061</i>
                        <i>0.993415 0.07936 -0.0826343 -0.0176394 0.818595 0.5741 0.113205 -0.568862 0.814604 0.868355 3.35279 -1.00175</i>
                        <i>0.993384 0.0791251 -0.0832321 -0.0186147 0.82612 0.563187 0.113322 -0.557911 0.822127 0.86814 3.35673 -1.00332</i>
                        <i>0.993354 0.0790021 -0.0837048 -0.0196164 0.832804 0.553221 0.113415 -0.547902 0.828819 0.867918 3.3602 -1.00524</i>
                        <i>0.993326 0.0790141 -0.0840225 -0.020596 0.838291 0.544833 0.113485 -0.539467 0.834324 0.867701 3.363 -1.00747</i>
                        <i>0.993301 0.0791561 -0.084184 -0.0215053 0.842432 0.538374 0.113535 -0.532957 0.838491 0.867501 3.36497 -1.00987</i>
                        <i>0.99328 0.0794075 -0.0842016 -0.0222957 0.845167 0.534037 0.113571 -0.528571 0.841258 0.867329 3.36598 -1.01231</i>
                        <i>0.993262 0.0797465 -0.0840867 -0.0229192 0.846428 0.532009 0.113599 -0.526498 0.842553 0.867195 3.36589 -1.01465</i>
                        <i>0.99325 0.0801498 -0.0838486 -0.0233279 0.846129 0.532467 0.113624 -0.526917 0.842287 0.867109 3.36471 -1.01676</i>
                        <i>0.993244 0.080592 -0.0834949 -0.0234737 0.844162 0.535573 0.113646 -0.529995 0.840351 0.867081 3.36256 -1.01849</i>
                        <i>0.993239 0.081128 -0.0830357 -0.0235386 0.841159 0.540275 0.113678 -0.534667 0.837382 0.867071 3.35971 -1.01999</i>
                        <i>0.993229 0.0817948 -0.0824936 -0.0236968 0.837828 0.54542 0.113728 -0.539772 0.834094 0.867041 3.35644 -1.02141</i>
                        <i>0.993217 0.0825387 -0.0818925 -0.0238889 0.834158 0.551008 0.113791 -0.545314 0.830472 0.867004 3.35286 -1.02267</i>
                        <i>0.993206 0.0833056 -0.0812564 -0.0240559 0.830139 0.557037 0.113858 -0.551298 0.826503 0.866971 3.3491 -1.02366</i>
                        <i>0.993196 0.0840416 -0.0806089 -0.0241388 0.825759 0.563506 0.113922 -0.557726 0.82217 0.866956 3.34529 -1.0243</i>
                        <i>0.993192 0.0846927 -0.0799739 -0.024079 0.821006 0.570412 0.113969 -0.564604 0.817456 0.866971 3.34155 -1.0245</i>
                        <i>0.993197 0.0852045 -0.0793749 -0.0238184 0.815865 0.577752 0.113986 -0.571931 0.812344 0.867027 3.33801 -1.02417</i>
                        <i>0.993212 0.0855228 -0.0788355 -0.0232993 0.810322 0.585521 0.113958 -0.57971 0.806815 0.867137 3.33477 -1.02321</i>
                        <i>0.993243 0.085593 -0.0783791 -0.0224649 0.804363 0.593714 0.113863 -0.587941 0.80085 0.867313 3.33195 -1.02153</i>
                        <i>0.99329 0.0853607 -0.0780293 -0.021259 0.797969 0.602323 0.11368 -0.596623 0.79443 0.867568 3.32964 -1.01906</i>
                        <i>0.993358 0.0847709 -0.0778093 -0.0196266 0.791124 0.611341 0.113381 -0.605754 0.787533 0.867916 3.32793 -1.01568</i>
                    </KeyFrames>
                </p>
            </i>
            <i>
                <p>
                    <Name><![CDATA[l_shoulder]]></Name>
                    <Exclude>0</Exclude>
                    <Additive>0</Additive>
                    <IKPriority>0</IKPriority>
                    <IKRotLimits>-1e+010 -1e+010 -1e+010 1e+010 1e+010 1e+010</IKRotLimits>
                    <IKRotLimitOrder>0</IKRotLimitOrder>
                    <KeyFrames count="30">
                        <i>0.464166 -0.839795 0.281591 0.778584 0.538421 0.32235 -0.422323 0.0696187 0.903768 1.06418 3.34468 -1.03105</i>
                        <i>0.468772 -0.842541 0.265288 0.781432 0.535585 0.320176 -0.411846 0.0572149 0.909455 1.06456 3.34364 -1.02713</i>
                        <i>0.471885 -0.844678 0.252671 0.783071 0.533224 0.320112 -0.405122 0.0468033 0.913064 1.06486 3.34357 -1.02359</i>
                        <i>0.473644 -0.846244 0.243994 0.783509 0.531394 0.322077 -0.402213 0.0386211 0.914731 1.06508 3.34443 -1.02057</i>
                        <i>0.474082 -0.847248 0.239618 0.782698 0.530173 0.326038 -0.403274 0.03298 0.914485 1.06521 3.34619 -1.0182</i>
                        <i>0.473131 -0.847668 0.240013 0.78053 0.529664 0.332008 -0.408559 0.0302541 0.91223 1.06527 3.34881 -1.01664</i>
                        <i>0.470842 -0.847564 0.244832 0.777096 0.529827 0.339713 -0.417648 0.0303071 0.908103 1.06524 3.35215 -1.01583</i>
                        <i>0.46737 -0.847058 0.253098 0.772679 0.530499 0.348624 -0.429573 0.0326271 0.902443 1.06515 3.35597 -1.01562</i>
                        <i>0.462705 -0.846167 0.264395 0.767428 0.531626 0.35837 -0.4438 0.0370846 0.895358 1.06501 3.36009 -1.01596</i>
                        <i>0.456839 -0.844905 0.278269 0.761544 0.53314 0.368528 -0.459727 0.0435563 0.886991 1.06484 3.36432 -1.0168</i>
                        <i>0.4498 -0.843283 0.294201 0.755296 0.534958 0.378614 -0.476664 0.0519086 0.877552 1.06463 3.36847 -1.01808</i>
                        <i>0.441696 -0.841319 0.311587 0.749031 0.536974 0.388086 -0.493818 0.0619723 0.867354 1.06441 3.37237 -1.01976</i>
                        <i>0.432768 -0.839049 0.329711 0.743176 0.539068 0.396351 -0.510295 0.0735059 0.856852 1.06418 3.37581 -1.02178</i>
                        <i>0.423465 -0.836539 0.347677 0.738222 0.5411 0.402789 -0.525077 0.0860954 0.846688 1.06396 3.37861 -1.02407</i>
                        <i>0.414555 -0.83391 0.364331 0.734524 0.54297 0.407012 -0.537233 0.0988807 0.837618 1.06376 3.38061 -1.0265</i>
                        <i>0.407048 -0.831362 0.37835 0.732331 0.544598 0.408785 -0.545897 0.110682 0.83051 1.06358 3.38167 -1.02895</i>
                        <i>0.402152 -0.829191 0.388221 0.731847 0.545914 0.407895 -0.550159 0.120083 0.826381 1.06344 3.38165 -1.03127</i>
                        <i>0.400543 -0.827697 0.393043 0.733127 0.546806 0.404386 -0.549627 0.126176 0.825826 1.06335 3.38055 -1.03333</i>
                        <i>0.402277 -0.827092 0.392545 0.736106 0.547143 0.398474 -0.544353 0.128658 0.828931 1.06332 3.37849 -1.03499</i>
                        <i>0.406176 -0.827036 0.388629 0.739982 0.547216 0.391128 -0.536141 0.128712 0.834258 1.06331 3.37574 -1.0364</i>
                        <i>0.411029 -0.827123 0.383304 0.743979 0.547338 0.383296 -0.52683 0.127624 0.840334 1.06328 3.3726 -1.03771</i>
                        <i>0.416559 -0.827387 0.376709 0.748032 0.547431 0.375189 -0.516649 0.125502 0.846949 1.06324 3.36917 -1.03885</i>
                        <i>0.422524 -0.827858 0.368951 0.752089 0.547418 0.367009 -0.505802 0.122414 0.85392 1.06321 3.36556 -1.03972</i>
                        <i>0.428725 -0.828571 0.36009 0.756108 0.547226 0.358948 -0.494465 0.118377 0.861099 1.06319 3.3619 -1.04023</i>
                        <i>0.435002 -0.829563 0.350141 0.760061 0.546786 0.351187 -0.482784 0.113361 0.868371 1.0632 3.35829 -1.0403</i>
                        <i>0.441234 -0.830869 0.339073 0.763929 0.546028 0.343897 -0.470876 0.107289 0.875651 1.06326 3.35484 -1.03985</i>
                        <i>0.447326 -0.832522 0.326812 0.767708 0.544883 0.337234 -0.458829 0.100043 0.882874 1.06337 3.35167 -1.03878</i>
                        <i>0.453209 -0.834552 0.313247 0.7714 0.543282 0.33134 -0.446703 0.0914725 0.889994 1.06356 3.34886 -1.03702</i>
                        <i>0.458835 -0.836975 0.298233 0.775019 0.541153 0.326343 -0.43453 0.0813983 0.896971 1.06382 3.34651 -1.03447</i>
                        <i>0.464166 -0.839795 0.281591 0.778584 0.538421 0.32235 -0.422323 0.0696187 0.903768 1.06418 3.34468 -1.03105</i>
                    </KeyFrames>
                </p>
            </i>
            <i>
                <p>
                    <Name><![CDATA[l_elbow]]></Name>
                    <Exclude>0</Exclude>
                    <Additive>0</Additive>
                    <IKPriority>0</IKPriority>
                    <IKRotLimits>-1e+010 -1e+010 -1e+010 1e+010 1e+010 1e+010</IKRotLimits>
                    <IKRotLimitOrder>0</IKRotLimitOrder>
                    <KeyFrames count="30">
                        <i>0.042452 -0.559831 0.827519 0.777495 0.538679 0.32454 -0.627455 0.629614 0.458134 1.21516 3.07151 -0.939456</i>
                        <i>0.0366955 -0.553899 0.831775 0.780369 0.535812 0.322383 -0.624242 0.637261 0.451907 1.21704 3.06958 -0.940841</i>
                        <i>0.0326612 -0.551541 0.833508 0.782024 0.533425 0.322329 -0.622392 0.641296 0.448741 1.21835 3.06882 -0.941405</i>
                        <i>0.0302235 -0.552612 0.832891 0.782469 0.531575 0.324299 -0.621955 0.64191 0.448468 1.21914 3.06917 -0.941204</i>
