<?xml version="1.0" encoding="ISO-8859-1" ?>
<Animl Version="1">
    <ModellingPackage><![CDATA[Maya.2010]]></ModellingPackage>
    <SrcFile><![CDATA[anims\turrets\antitank\blue\~src\antitank_m72_law\antitank_m72law_aim_high_crewman_c.mb]]></SrcFile>
    <FramesPerSecond>30</FramesPerSecond>
    <TotalFrames>30</TotalFrames>
    <Skeleton>
        <RefFrame>
            <Name><![CDATA[soldier_ref_frame]]></Name>
            <Exclude>0</Exclude>
            <Additive>0</Additive>
            <IKPriority>0</IKPriority>
            <IKRotLimits>-1e+010 -1e+010 -1e+010 1e+010 1e+010 1e+010</IKRotLimits>
            <IKRotLimitOrder>0</IKRotLimitOrder>
            <KeyFrames count="30">
                <i>1 0 0 0 1 0 0 0 1 -1.87 0.87 -1.65</i>
                <i>1 0 0 0 1 0 0 0 1 -1.87 0.87 -1.65</i>
                <i>1 0 0 0 1 0 0 0 1 -1.87 0.87 -1.65</i>
                <i>1 0 0 0 1 0 0 0 1 -1.87 0.87 -1.65</i>
                <i>1 0 0 0 1 0 0 0 1 -1.87 0.87 -1.65</i>
                <i>1 0 0 0 1 0 0 0 1 -1.87 0.87 -1.65</i>
                <i>1 0 0 0 1 0 0 0 1 -1.87 0.87 -1.65</i>
                <i>1 0 0 0 1 0 0 0 1 -1.87 0.87 -1.65</i>
                <i>1 0 0 0 1 0 0 0 1 -1.87 0.87 -1.65</i>
                <i>1 0 0 0 1 0 0 0 1 -1.87 0.87 -1.65</i>
                <i>1 0 0 0 1 0 0 0 1 -1.87 0.87 -1.65</i>
                <i>1 0 0 0 1 0 0 0 1 -1.87 0.87 -1.65</i>
                <i>1 0 0 0 1 0 0 0 1 -1.87 0.87 -1.65</i>
                <i>1 0 0 0 1 0 0 0 1 -1.87 0.87 -1.65</i>
                <i>1 0 0 0 1 0 0 0 1 -1.87 0.87 -1.65</i>
                <i>1 0 0 0 1 0 0 0 1 -1.87 0.87 -1.65</i>
                <i>1 0 0 0 1 0 0 0 1 -1.87 0.87 -1.65</i>
                <i>1 0 0 0 1 0 0 0 1 -1.87 0.87 -1.65</i>
                <i>1 0 0 0 1 0 0 0 1 -1.87 0.87 -1.65</i>
                <i>1 0 0 0 1 0 0 0 1 -1.87 0.87 -1.65</i>
                <i>1 0 0 0 1 0 0 0 1 -1.87 0.87 -1.65</i>
                <i>1 0 0 0 1 0 0 0 1 -1.87 0.87 -1.65</i>
                <i>1 0 0 0 1 0 0 0 1 -1.87 0.87 -1.65</i>
                <i>1 0 0 0 1 0 0 0 1 -1.87 0.87 -1.65</i>
                <i>1 0 0 0 1 0 0 0 1 -1.87 0.87 -1.65</i>
                <i>1 0 0 0 1 0 0 0 1 -1.87 0.87 -1.65</i>
                <i>1 0 0 0 1 0 0 0 1 -1.87 0.87 -1.65</i>
                <i>1 0 0 0 1 0 0 0 1 -1.87 0.87 -1.65</i>
                <i>1 0 0 0 1 0 0 0 1 -1.87 0.87 -1.65</i>
                <i>1 0 0 0 1 0 0 0 1 -1.87 0.87 -1.65</i>
            </KeyFrames>
        </RefFrame>
        <Bones count="23">
            <i>
                <p>
                    <Name><![CDATA[pelvis]]></Name>
                    <Exclude>0</Exclude>
                    <Additive>0</Additive>
                    <IKPriority>0</IKPriority>
                    <IKRotLimits>-1e+010 -1e+010 -1e+010 1e+010 1e+010 1e+010</IKRotLimits>
                    <IKRotLimitOrder>2</IKRotLimitOrder>
                    <KeyFrames count="30">
                        <i>1 0 0 0 1 0 0 0 1 -1.70228 1.44625 -1.65655</i>
                        <i>1 0 0 0 1 0 0 0 1 -1.70228 1.44567 -1.65655</i>
                        <i>1 0 0 0 1 0 0 0 1 -1.70228 1.44503 -1.65655</i>
                        <i>1 0 0 0 1 0 0 0 1 -1.70228 1.44435 -1.65655</i>
                        <i>1 0 0 0 1 0 0 0 1 -1.70228 1.44364 -1.65655</i>
                        <i>1 0 0 0 1 0 0 0 1 -1.70228 1.44292 -1.65655</i>
                        <i>1 0 0 0 1 0 0 0 1 -1.70228 1.4422 -1.65655</i>
                        <i>1 0 0 0 1 0 0 0 1 -1.70228 1.44151 -1.65655</i>
                        <i>1 0 0 0 1 0 0 0 1 -1.70228 1.44085 -1.65655</i>
                        <i>1 0 0 0 1 0 0 0 1 -1.70228 1.44025 -1.65655</i>
                        <i>1 0 0 0 1 0 0 0 1 -1.70228 1.43972 -1.65655</i>
                        <i>1 0 0 0 1 0 0 0 1 -1.70228 1.43928 -1.65655</i>
                        <i>1 0 0 0 1 0 0 0 1 -1.70228 1.43895 -1.65655</i>
                        <i>1 0 0 0 1 0 0 0 1 -1.70228 1.43874 -1.65655</i>
                        <i>1 0 0 0 1 0 0 0 1 -1.70228 1.43866 -1.65655</i>
                        <i>1 0 0 0 1 0 0 0 1 -1.70228 1.43879 -1.65655</i>
                        <i>1 0 0 0 1 0 0 0 1 -1.70228 1.43915 -1.65655</i>
                        <i>1 0 0 0 1 0 0 0 1 -1.70228 1.43971 -1.65655</i>
                        <i>1 0 0 0 1 0 0 0 1 -1.70228 1.44042 -1.65655</i>
                        <i>1 0 0 0 1 0 0 0 1 -1.70228 1.44123 -1.65655</i>
                        <i>1 0 0 0 1 0 0 0 1 -1.70228 1.44211 -1.65655</i>
                        <i>1 0 0 0 1 0 0 0 1 -1.70228 1.44302 -1.65655</i>
                        <i>1 0 0 0 1 0 0 0 1 -1.70228 1.44391 -1.65655</i>
                        <i>1 0 0 0 1 0 0 0 1 -1.70228 1.44475 -1.65655</i>
                        <i>1 0 0 0 1 0 0 0 1 -1.70228 1.44549 -1.65655</i>
                        <i>1 0 0 0 1 0 0 0 1 -1.70228 1.44609 -1.65655</i>
                        <i>1 0 0 0 1 0 0 0 1 -1.70228 1.4465 -1.65655</i>
                        <i>1 0 0 0 1 0 0 0 1 -1.70228 1.4467 -1.65655</i>
                        <i>1 0 0 0 1 0 0 0 1 -1.70228 1.44663 -1.65655</i>
                        <i>1 0 0 0 1 0 0 0 1 -1.70228 1.44625 -1.65655</i>
                    </KeyFrames>
                </p>
            </i>
            <i>
                <p>
                    <Name><![CDATA[spine0]]></Name>
                    <Exclude>0</Exclude>
                    <Additive>0</Additive>
                    <IKPriority>0</IKPriority>
                    <IKRotLimits>-1e+010 -1e+010 -1e+010 1e+010 1e+010 1e+010</IKRotLimits>
                    <IKRotLimitOrder>0</IKRotLimitOrder>
                    <KeyFrames count="30">
                        <i>0.512383 0.834057 0.204482 -0.446624 0.0554398 0.893003 0.733478 -0.548886 0.400916 -1.70269 1.58917 -1.67299</i>
                        <i>0.510112 0.835941 0.202458 -0.445937 0.0557652 0.893326 0.735477 -0.545979 0.401223 -1.70442 1.58847 -1.67389</i>
                        <i>0.507706 0.83799 0.200019 -0.445222 0.0564412 0.893639 0.737572 -0.542759 0.401747 -1.70595 1.58768 -1.67484</i>
                        <i>0.505259 0.840108 0.197313 -0.444487 0.0573662 0.893946 0.739692 -0.539378 0.402402 -1.70728 1.58683 -1.6758</i>
                        <i>0.502871 0.842196 0.194493 -0.443744 0.0584443 0.894246 0.741763 -0.535995 0.403109 -1.70842 1.58594 -1.67676</i>
                        <i>0.500646 0.844157 0.191709 -0.443008 0.0595852 0.894536 0.743705 -0.532775 0.403799 -1.70938 1.58504 -1.6777</i>
                        <i>0.498694 0.845896 0.189116 -0.4423 0.0607037 0.89481 0.745436 -0.529883 0.404412 -1.71016 1.58414 -1.6786</i>
                        <i>0.497126 0.847317 0.186868 -0.441646 0.0617183 0.895064 0.74687 -0.527489 0.404896 -1.71076 1.58328 -1.67943</i>
                        <i>0.496057 0.848327 0.185119 -0.441074 0.0625507 0.895288 0.747918 -0.525765 0.405204 -1.7112 1.58248 -1.68019</i>
                        <i>0.495602 0.848831 0.184024 -0.440616 0.0631242 0.895473 0.748489 -0.524882 0.405293 -1.71147 1.58175 -1.68084</i>
                        <i>0.495704 0.848875 0.183545 -0.440287 0.0634568 0.895612 0.748615 -0.524771 0.405204 -1.71157 1.58112 -1.68137</i>
                        <i>0.496208 0.848583 0.183532 -0.44009 0.0636204 0.895697 0.748397 -0.525223 0.405022 -1.71152 1.58062 -1.68177</i>
                        <i>0.497082 0.847976 0.183974 -0.440043 0.0636204 0.89572 0.747844 -0.526203 0.404771 -1.71132 1.58025 -1.682</i>
                        <i>0.498256 0.847099 0.184835 -0.440162 0.0634655 0.895672 0.746993 -0.527632 0.404483 -1.71097 1.58005 -1.68205</i>
                        <i>0.499636 0.846016 0.186064 -0.440456 0.0631644 0.89555 0.745897 -0.529402 0.404192 -1.71047 1.58003 -1.6819</i>
                        <i>0.501216 0.844738 0.187615 -0.440971 0.062796 0.895322 0.744531 -0.531482 0.403979 -1.70971 1.58028 -1.68149</i>
                        <i>0.50299 0.843279 0.189421 -0.441707 0.0624294 0.894984 0.742897 -0.533837 0.403884 -1.7086 1.58082 -1.6808</i>
                        <i>0.504903 0.841683 0.191425 -0.442594 0.0620465 0.894573 0.74107 -0.536396 0.403851 -1.70723 1.58158 -1.67989</i>
                        <i>0.506896 0.839994 0.193566 -0.443559 0.0616272 0.894124 0.739129 -0.539085 0.403825 -1.70571 1.5825 -1.67881</i>
                        <i>0.508908 0.838262 0.195782 -0.444536 0.0611546 0.893671 0.737157 -0.541828 0.40376 -1.7041 1.58353 -1.67763</i>
                        <i>0.510869 0.836545 0.198004 -0.445467 0.0606179 0.893244 0.735236 -0.544535 0.403621 -1.70251 1.5846 -1.67639</i>
                        <i>0.512703 0.834908 0.200159 -0.446305 0.0600151 0.892866 0.733449 -0.547107 0.403394 -1.70101 1.58567 -1.67516</i>
                        <i>0.514324 0.833427 0.202162 -0.447011 0.0593541 0.892557 0.731882 -0.549433 0.403078 -1.69971 1.58669 -1.67401</i>
                        <i>0.51564 0.832184 0.203926 -0.447557 0.0586521 0.89233 0.730622 -0.551389 0.402693 -1.69868 1.58762 -1.67299</i>
                        <i>0.516554 0.831265 0.205356 -0.447923 0.0579351 0.892193 0.729751 -0.552849 0.402269 -1.69801 1.58844 -1.67217</i>
                        <i>0.516914 0.830797 0.206341 -0.448064 0.0571971 0.89217 0.72941 -0.553629 0.401816 -1.6979 1.58908 -1.67166</i>
                        <i>0.516643 0.830852 0.206795 -0.447976 0.0564837 0.892259 0.729655 -0.553619 0.401384 -1.69841 1.58953 -1.67151</i>
                        <i>0.515773 0.831425 0.206665 -0.447693 0.0558955 0.892438 0.730444 -0.552818 0.401053 -1.69944 1.58973 -1.67171</i>
                        <i>0.514342 0.832499 0.205908 -0.447238 0.0555215 0.89269 0.731731 -0.551237 0.400883 -1.7009 1.58963 -1.67221</i>
                        <i>0.512383 0.834057 0.204482 -0.446624 0.0554398 0.893003 0.733478 -0.548886 0.400916 -1.70269 1.58917 -1.67299</i>
                    </KeyFrames>
                </p>
            </i>
            <i>
                <p>
                    <Name><![CDATA[spine1]]></Name>
                    <Exclude>0</Exclude>
                    <Additive>0</Additive>
                    <IKPriority>0</IKPriority>
                    <IKRotLimits>-1e+010 -1e+010 -1e+010 1e+010 1e+010 1e+010</IKRotLimits>
                    <IKRotLimitOrder>0</IKRotLimitOrder>
                    <KeyFrames count="30">
                        <i>0.797907 0.373598 0.473042 -0.553799 0.144478 0.82002 0.238013 -0.91627 0.322178 -1.61054 1.73925 -1.63622</i>
                        <i>0.799071 0.372232 0.472154 -0.552749 0.14585 0.820485 0.236547 -0.916609 0.322295 -1.6122 1.73969 -1.6373</i>
                        <i>0.799473 0.372331 0.471394 -0.552203 0.146619 0.820716 0.236463 -0.916446 0.32282 -1.61371 1.74003 -1.63851</i>
                        <i>0.799259 0.373529 0.47081 -0.55209 0.146826 0.820755 0.237449 -0.915925 0.323573 -1.61508 1.74026 -1.6398</i>
                        <i>0.798562 0.375469 0.470447 -0.552344 0.146521 0.820639 0.239194 -0.91518 0.324394 -1.61628 1.74039 -1.64113</i>
                        <i>0.797513 0.377811 0.470354 -0.552903 0.145761 0.820398 0.241396 -0.914337 0.325139 -1.61732 1.74041 -1.64246</i>
                        <i>0.796235 0.38022 0.470576 -0.55371 0.14461 0.820057 0.243752 -0.913521 0.325675 -1.61817 1.74032 -1.64372</i>
                        <i>0.794853 0.382375 0.471166 -0.554714 0.143134 0.819637 0.245969 -0.912854 0.325879 -1.61883 1.74013 -1.64489</i>
                        <i>0.793489 0.383959 0.472177 -0.555872 0.141403 0.819153 0.247754 -0.912459 0.325634 -1.61927 1.73984 -1.64589</i>
                        <i>0.792263 0.38466 0.473663 -0.557143 0.139488 0.818617 0.248819 -0.912458 0.324822 -1.61949 1.73943 -1.6467</i>
                        <i>0.791217 0.384559 0.475489 -0.558456 0.137514 0.818057 0.249205 -0.9128 0.323562 -1.6195 1.73895 -1.64729</i>
                        <i>0.790351 0.38395 0.477417 -0.559715 0.135638 0.817509 0.249127 -0.913337 0.322105 -1.61933 1.73845 -1.64768</i>
                        <i>0.789719 0.38285 0.479344 -0.560856 0.133983 0.817 0.248564 -0.914043 0.320532 -1.61898 1.73793 -1.64784</i>
                        <i>0.789332 0.381408 0.481127 -0.561819 0.132653 0.816555 0.247618 -0.914839 0.31899 -1.61849 1.73743 -1.64776</i>
                        <i>0.78918 0.379854 0.482602 -0.562541 0.131746 0.816205 0.246458 -0.915617 0.317655 -1.61787 1.73698 -1.64743</i>
                        <i>0.789105 0.378652 0.483669 -0.563073 0.131222 0.815922 0.245483 -0.91619 0.316757 -1.61704 1.73661 -1.64681</i>
                        <i>0.788952 0.378121 0.484334 -0.563501 0.13096 0.815669 0.244994 -0.916446 0.316393 -1.61592 1.73633 -1.64591</i>
                        <i>0.788751 0.378175 0.484619 -0.563809 0.130937 0.81546 0.244932 -0.916428 0.316495 -1.61462 1.73611 -1.64478</i>
                        <i>0.788535 0.378721 0.484544 -0.563978 0.131131 0.815312 0.245237 -0.916174 0.316991 -1.61318 1.73595 -1.64349</i>
                        <i>0.788341 0.379652 0.484131 -0.563989 0.131518 0.815242 0.245836 -0.915733 0.3178 -1.6117 1.73584 -1.64208</i>
                        <i>0.78821 0.380836 0.483414 -0.563824 0.13208 0.815265 0.246633 -0.91516 0.318831 -1.61024 1.73579 -1.64063</i>
                        <i>0.788189 0.382117 0.482436 -0.56347 0.132802 0.815393 0.247507 -0.914522 0.319984 -1.60888 1.73579 -1.6392</i>
                        <i>0.788333 0.38331 0.481252 -0.562915 0.133675 0.815633 0.248309 -0.913895 0.321151 -1.6077 1.73586 -1.63785</i>
                        <i>0.788702 0.384208 0.47993 -0.562153 0.134699 0.815991 0.248864 -0.913367 0.322221 -1.60678 1.73601 -1.63665</i>
                        <i>0.789356 0.384593 0.478545 -0.561182 0.13588 0.816463 0.248982 -0.91303 0.323084 -1.60619 1.73626 -1.63567</i>
                        <i>0.790496 0.383896 0.477221 -0.559944 0.137297 0.817076 0.248151 -0.913112 0.323493 -1.6061 1.73668 -1.63502</i>
                        <i>0.792143 0.381976 0.476029 -0.558461 0.138963 0.817808 0.246233 -0.913665 0.323398 -1.60658 1.73727 -1.63476</i>
                        <i>0.794075 0.379295 0.474953 -0.556862 0.140786 0.818587 0.243619 -0.914502 0.323009 -1.60753 1.73796 -1.63488</i>
                        <i>0.796068 0.37634 0.473967 -0.555269 0.142663 0.819344 0.240734 -0.915432 0.322539 -1.60888 1.73865 -1.63537</i>
                        <i>0.797907 0.373598 0.473042 -0.553799 0.144478 0.82002 0.238013 -0.91627 0.322178 -1.61054 1.73925 -1.63622</i>
                    </KeyFrames>
                </p>
            </i>
            <i>
                <p>
                    <Name><![CDATA[spine2]]></Name>
                    <Exclude>0</Exclude>
                    <Additive>0</Additive>
                    <IKPriority>0</IKPriority>
                    <IKRotLimits>-1e+010 -1e+010 -1e+010 1e+010 1e+010 1e+010</IKRotLimits>
                    <IKRotLimitOrder>0</IKRotLimitOrder>
                    <KeyFrames count="30">
                        <i>0.826781 0.153492 0.541177 -0.561235 0.290157 0.775129 -0.03805 -0.944589 0.326041 -1.47875 1.80069 -1.55785</i>
                        <i>0.82722 0.153706 0.540446 -0.560606 0.290473 0.775465 -0.0377909 -0.944457 0.326454 -1.47951 1.80122 -1.55865</i>
                        <i>0.827359 0.154852 0.539905 -0.560468 0.290557 0.775534 -0.0367801 -0.944244 0.327185 -1.4803 1.80186 -1.55959</i>
                        <i>0.827244 0.1567 0.539549 -0.560739 0.290447 0.775379 -0.0352082 -0.943973 0.328139 -1.48109 1.80257 -1.56062</i>
                        <i>0.826916 0.159028 0.539371 -0.561342 0.290177 0.775044 -0.0332592 -0.943667 0.329221 -1.48186 1.80326 -1.56168</i>
                        <i>0.826414 0.16162 0.539369 -0.562203 0.289779 0.774569 -0.0311118 -0.943349 0.33034 -1.48258 1.8039 -1.56273</i>
                        <i>0.825779 0.164266 0.539541 -0.56325 0.289284 0.773992 -0.02894 -0.943043 0.331408 -1.48323 1.80442 -1.56371</i>
                        <i>0.825052 0.16676 0.539889 -0.564416 0.288725 0.773352 -0.0269152 -0.942777 0.332335 -1.48376 1.80476 -1.56456</i>
                        <i>0.824273 0.168899 0.540415 -0.565632 0.288132 0.772684 -0.0252056 -0.942578 0.333034 -1.48416 1.80486 -1.56523</i>
                        <i>0.823483 0.17048 0.541122 -0.566834 0.287537 0.772024 -0.0239779 -0.942475 0.333416 -1.48439 1.80467 -1.56566</i>
                        <i>0.822728 0.17146 0.541959 -0.567959 0.286973 0.771407 -0.0232621 -0.942469 0.333483 -1.48445 1.80423 -1.56587</i>
                        <i>0.822056 0.171881 0.542846 -0.568942 0.286473 0.770869 -0.0230131 -0.942545 0.333287 -1.48438 1.80363 -1.5659</i>
                        <i>0.821508 0.171673 0.54374 -0.569721 0.28607 0.770442 -0.023284 -0.942705 0.332815 -1.48418 1.80291 -1.56575</i>
                        <i>0.821108 0.170943 0.544573 -0.570269 0.285783 0.770144 -0.0239795 -0.942924 0.332142 -1.48387 1.80212 -1.56544</i>
                        <i>0.820869 0.16989 0.545262 -0.570572 0.28562 0.76998 -0.0249259 -0.943164 0.331392 -1.48348 1.80131 -1.56498</i>
                        <i>0.820755 0.168681 0.54581 -0.570689 0.285553 0.769918 -0.0259871 -0.943402 0.330633 -1.48298 1.80059 -1.56438</i>
                        <i>0.820709 0.167451 0.546258 -0.570706 0.285535 0.769912 -0.0270535 -0.943626 0.329907 -1.48237 1.79999 -1.56367</i>
                        <i>0.820732 0.166233 0.546595 -0.570623 0.285569 0.769961 -0.0280976 -0.943831 0.329232 -1.48169 1.79951 -1.56286</i>
                        <i>0.820825 0.165056 0.546811 -0.570438 0.285653 0.770067 -0.0290941 -0.944012 0.328626 -1.48096 1.79914 -1.56199</i>
                        <i>0.820992 0.163942 0.546896 -0.57015 0.28579 0.770229 -0.0300249 -0.944165 0.328103 -1.48021 1.79887 -1.56109</i>
                        <i>0.821234 0.162898 0.546845 -0.569755 0.28598 0.77045 -0.0308823 -0.944288 0.327668 -1.47948 1.79869 -1.56019</i>
                        <i>0.821554 0.161918 0.546655 -0.56925 0.286226 0.770733 -0.0316716 -0.944382 0.327321 -1.47879 1.7986 -1.55933</i>
                        <i>0.821954 0.16098 0.54633 -0.56863 0.286528 0.771078 -0.0324108 -0.944451 0.327051 -1.47819 1.79859 -1.55854</i>
                        <i>0.822437 0.160052 0.545876 -0.567891 0.28689 0.771488 -0.0331284 -0.944499 0.326841 -1.47769 1.79866 -1.55786</i>
                        <i>0.823002 0.159092 0.545305 -0.567028 0.287312 0.771965 -0.0338593 -0.944532 0.326668 -1.47734 1.79881 -1.55732</i>
                        <i>0.823684 0.157949 0.544607 -0.565984 0.287824 0.772541 -0.0347293 -0.944568 0.326473 -1.4772 1.79906 -1.55696</i>
                        <i>0.824471 0.156615 0.5438 -0.564774 0.288418 0.773205 -0.0357465 -0.944609 0.326245 -1.47728 1.7994 -1.55682</i>
                        <i>0.825294 0.155288 0.542932 -0.563506 0.28904 0.773897 -0.0367523 -0.944638 0.326049 -1.47758 1.7998 -1.55692</i>
                        <i>0.826086 0.154177 0.542044 -0.56229 0.289637 0.774558 -0.0375768 -0.944638 0.325957 -1.47808 1.80024 -1.55726</i>
                        <i>0.826781 0.153492 0.541177 -0.561235 0.290157 0.775129 -0.03805 -0.944589 0.326041 -1.47875 1.80069 -1.55785</i>
                    </KeyFrames>
                </p>
            </i>
            <i>
                <p>
                    <Name><![CDATA[head]]></Name>
                    <Exclude>0</Exclude>
                    <Additive>0</Additive>
                    <IKPriority>0</IKPriority>
                    <IKRotLimits>-1e+010 -1e+010 -1e+010 1e+010 1e+010 1e+010</IKRotLimits>
                    <IKRotLimitOrder>0</IKRotLimitOrder>
                    <KeyFrames count="30">
                        <i>0.262315 0.916269 0.302724 -0.0127175 0.316965 -0.948352 -0.964898 0.244917 0.0947973 -1.26485 1.85629 -1.4225</i>
                        <i>0.262064 0.91645 0.302394 -0.0128758 0.316638 -0.948459 -0.964965 0.244664 0.0947794 -1.26511 1.85698 -1.42312</i>
                        <i>0.26137 0.916939 0.301512 -0.0133043 0.315763 -0.948745 -0.965147 0.243962 0.0947302 -1.26548 1.85797 -1.42389</i>
                        <i>0.260322 0.917653 0.300241 -0.0139324 0.3145 -0.949155 -0.965421 0.242903 0.0946564 -1.26592 1.85918 -1.42475</i>
                        <i>0.259007 0.918513 0.298745 -0.0146904 0.31301 -0.949636 -0.965764 0.241574 0.0945652 -1.26642 1.86048 -1.42565</i>
                        <i>0.257515 0.919438 0.297186 -0.0155088 0.311452 -0.950135 -0.96615 0.240065 0.094463 -1.26692 1.86178 -1.42653</i>
                        <i>0.255935 0.920349 0.295729 -0.0163196 0.309987 -0.950601 -0.966556 0.238466 0.0943564 -1.26742 1.86297 -1.42736</i>
                        <i>0.254358 0.921168 0.294537 -0.0170558 0.308779 -0.950981 -0.96696 0.236866 0.0942517 -1.26787 1.86395 -1.42806</i>
                        <i>0.252844 0.922337 0.292171 -0.0180783 0.306434 -0.95172 -0.967338 0.235355 0.0941545 -1.26824 1.86462 -1.42859</i>
                        <i>0.251455 0.924178 0.287517 -0.0196519 0.301876 -0.953145 -0.967669 0.234023 0.0940701 -1.2685 1.86488 -1.42889</i>
                        <i>0.250283 0.926428 0.281228 -0.0215726 0.295738 -0.955026 -0.967932 0.23296 0.0940037 -1.26865 1.86475 -1.42897</i>
                        <i>0.249424 0.928834 0.27396 -0.0236445 0.288658 -0.95714 -0.968106 0.232256 0.0939602 -1.26869 1.86433 -1.4289</i>
                        <i>0.24898 0.931158 0.266372 -0.0256785 0.281283 -0.959281 -0.968168 0.232002 0.0939445 -1.26861 1.86361 -1.42866</i>
                        <i>0.248903 0.933248 0.259028 -0.0275525 0.27416 -0.961289 -0.968137 0.232131 0.0939524 -1.26845 1.86267 -1.42829</i>
                        <i>0.249068 0.935005 0.252448 -0.0291738 0.267787 -0.963036 -0.968046 0.232497 0.093975 -1.26822 1.86162 -1.42781</i>
                        <i>0.249469 0.936293 0.247225 -0.030401 0.262743 -0.964387 -0.967906 0.233068 0.0940104 -1.26793 1.86059 -1.42726</i>
                        <i>0.250098 0.936983 0.243956 -0.0310894 0.259605 -0.965214 -0.967721 0.233813 0.0940569 -1.26761 1.85964 -1.42666</i>
                        <i>0.250948 0.936942 0.243239 -0.03109 0.258951 -0.96539 -0.967501 0.234701 0.0941129 -1.26726 1.85878 -1.42601</i>
                        <i>0.251988 0.936189 0.245054 -0.0304082 0.26076 -0.964925 -0.967252 0.235698 0.0941764 -1.26689 1.858 -1.42534</i>
                        <i>0.253161 0.934903 0.248729 -0.029218 0.264376 -0.963977 -0.966983 0.236774 0.0942458 -1.26652 1.85732 -1.42468</i>
                        <i>0.254417 0.933177 0.253874 -0.0276206 0.269416 -0.962628 -0.9667 0.237897 0.0943189 -1.26615 1.85673 -1.42404</i>
                        <i>0.255708 0.931108 0.260099 -0.0257183 0.2755 -0.960957 -0.966412 0.239035 0.0943941 -1.2658 1.85624 -1.42345</i>
                        <i>0.256987 0.928795 0.267016 -0.0236166 0.282249 -0.959051 -0.966126 0.240157 0.0944691 -1.26548 1.85585 -1.42291</i>
                        <i>0.258209 0.926348 0.274239 -0.0214236 0.289285 -0.957003 -0.965851 0.241232 0.0945417 -1.2652 1.85556 -1.42246</i>
                        <i>0.259334 0.923888 0.281383 -0.0192504 0.296238 -0.95492 -0.965596 0.242227 0.0946098 -1.26497 1.85539 -1.4221</i>
                        <i>0.260326 0.921546 0.288069 -0.0172106 0.302738 -0.952918 -0.965367 0.243112 0.0946709 -1.26479 1.85532 -1.42187</i>
                        <i>0.26115 0.919463 0.29392 -0.0154201 0.308421 -0.951125 -0.965175 0.243854 0.0947226 -1.26468 1.85538 -1.42177</i>
                        <i>0.261777 0.917787 0.298562 -0.0139962 0.312927 -0.949674 -0.965027 0.244424 0.0947626 -1.26465 1.85556 -1.42183</i>
                        <i>0.262175 0.916673 0.301621 -0.0130564 0.315895 -0.948704 -0.964932 0.244789 0.0947883 -1.2647 1.85586 -1.42207</i>
                        <i>0.262315 0.916269 0.302724 -0.0127175 0.316965 -0.948352 -0.964898 0.244917 0.0947973 -1.26485 1.85629 -1.4225</i>
                    </KeyFrames>
                </p>
            </i>
            <i>
                <p>
                    <Name><![CDATA[head_prop]]></Name>
                    <Exclude>0</Exclude>
                    <Additive>0</Additive>
                    <IKPriority>0</IKPriority>
                    <IKRotLimits>-1e+010 -1e+010 -1e+010 1e+010 1e+010 1e+010</IKRotLimits>
                    <IKRotLimitOrder>0</IKRotLimitOrder>
                    <KeyFrames count="30">
                        <i>0.964898 -0.244917 -0.0947973 0.262315 0.916269 0.302724 0.0127175 -0.316965 0.948352 -1.17936 2.15491 -1.32384</i>
                        <i>0.964965 -0.244664 -0.0947794 0.262064 0.91645 0.302394 0.0128758 -0.316638 0.948459 -1.17971 2.15566 -1.32457</i>
                        <i>0.965147 -0.243962 -0.0947302 0.26137 0.916939 0.301512 0.0133043 -0.315763 0.948745 -1.1803 2.15681 -1.32562</i>
                        <i>0.965421 -0.242903 -0.0946564 0.260322 0.917653 0.300241 0.0139324 -0.3145 0.949155 -1.18108 2.15825 -1.3269</i>
                        <i>0.965764 -0.241574 -0.0945652 0.259007 0.918513 0.298745 0.0146904 -0.31301 0.949636 -1.182 2.15983 -1.32828</i>
                        <i>0.96615 -0.240065 -0.094463 0.257515 0.919438 0.297186 0.0155088 -0.311452 0.950135 -1.183 2.16143 -1.32968</i>
                        <i>0.966556 -0.238466 -0.0943564 0.255935 0.920349 0.295729 0.0163196 -0.309987 0.950601 -1.18401 2.16292 -1.33098</i>
                        <i>0.96696 -0.236866 -0.0942517 0.254358 0.921168 0.294537 0.0170558 -0.308779 0.950981 -1.18497 2.16417 -1.33207</i>
                        <i>0.967338 -0.235355 -0.0941545 0.252844 0.922337 0.292171 0.0180783 -0.306434 0.95172 -1.18584 2.16522 -1.33337</i>
                        <i>0.967669 -0.234023 -0.0940701 0.251455 0.924178 0.287517 0.0196519 -0.301876 0.953145 -1.18655 2.16608 -1.33518</i>
                        <i>0.967932 -0.23296 -0.0940037 0.250283 0.926428 0.281228 0.0215726 -0.295738 0.955026 -1.18708 2.16669 -1.33732</i>
                        <i>0.968106 -0.232256 -0.0939602 0.249424 0.928834 0.27396 0.0236445 -0.288658 0.95714 -1.1874 2.16704 -1.33961</i>
                        <i>0.968168 -0.232002 -0.0939445 0.24898 0.931158 0.266372 0.0256785 -0.281283 0.959281 -1.18747 2.16708 -1.34185</i>
                        <i>0.968137 -0.232131 -0.0939524 0.248903 0.933248 0.259028 0.0275525 -0.27416 0.961289 -1.18733 2.16682 -1.34387</i>
                        <i>0.968046 -0.232497 -0.093975 0.249068 0.935005 0.252448 0.0291738 -0.267787 0.963036 -1.18704 2.16635 -1.34554</i>
                        <i>0.967906 -0.233068 -0.0940104 0.249469 0.936293 0.247225 0.030401 -0.262743 0.964387 -1.18663 2.16574 -1.34669</i>
                        <i>0.967721 -0.233813 -0.0940569 0.250098 0.936983 0.243956 0.0310894 -0.259605 0.965214 -1.1861 2.16502 -1.34715</i>
                        <i>0.967501 -0.234701 -0.0941129 0.250948 0.936942 0.243239 0.03109 -0.258951 0.96539 -1.18547 2.16414 -1.34674</i>
                        <i>0.967252 -0.235698 -0.0941764 0.251988 0.936189 0.245054 0.0304082 -0.26076 0.964925 -1.18476 2.16312 -1.34548</i>
                        <i>0.966983 -0.236774 -0.0942458 0.253161 0.934903 0.248729 0.029218 -0.264376 0.963977 -1.18401 2.16201 -1.34362</i>
                        <i>0.9667 -0.237897 -0.0943189 0.254417 0.933177 0.253874 0.0276206 -0.269416 0.962628 -1.18323 2.16086 -1.34131</i>
                        <i>0.966412 -0.239035 -0.0943941 0.255708 0.931108 0.260099 0.0257183 -0.2755 0.960957 -1.18247 2.15969 -1.33868</i>
                        <i>0.966126 -0.240157 -0.0944691 0.256987 0.928795 0.267016 0.0236166 -0.282249 0.959051 -1.18173 2.15855 -1.33589</i>
                        <i>0.965851 -0.241232 -0.0945417 0.258209 0.926348 0.274239 0.0214236 -0.289285 0.957003 -1.18105 2.15747 -1.33308</i>
                        <i>0.965596 -0.242227 -0.0946098 0.259334 0.923888 0.281383 0.0192504 -0.296238 0.95492 -1.18045 2.15649 -1.3304</i>
                        <i>0.965367 -0.243112 -0.0946709 0.260326 0.921546 0.288069 0.0172106 -0.302738 0.952918 -1.17995 2.15566 -1.32799</i>
                        <i>0.965175 -0.243854 -0.0947226 0.26115 0.919463 0.29392 0.0154201 -0.308421 0.951125 -1.17957 2.15504 -1.32598</i>
                        <i>0.965027 -0.244424 -0.0947626 0.261777 0.917787 0.298562 0.0139962 -0.312927 0.949674 -1.17933 2.15467 -1.32453</i>
                        <i>0.964932 -0.244789 -0.0947883 0.262175 0.916673 0.301621 0.0130564 -0.315895 0.948704 -1.17926 2.15461 -1.32377</i>
                        <i>0.964898 -0.244917 -0.0947973 0.262315 0.916269 0.302724 0.0127175 -0.316965 0.948352 -1.17936 2.15491 -1.32384</i>
                    </KeyFrames>
                </p>
            </i>
            <i>
                <p>
                    <Name><![CDATA[l_clav]]></Name>
                    <Exclude>0</Exclude>
                    <Additive>0</Additive>
                    <IKPriority>0</IKPriority>
                    <IKRotLimits>-1e+010 -1e+010 -1e+010 1e+010 1e+010 1e+010</IKRotLimits>
                    <IKRotLimitOrder>0</IKRotLimitOrder>
                    <KeyFrames count="30">
                        <i>0.80977 -0.311634 -0.497148 0.584272 0.506011 0.634491 0.0538331 -0.804262 0.591832 -1.37702 1.75085 -1.57779</i>
                        <i>0.80884 -0.320504 -0.493006 0.586244 0.504777 0.633654 0.0457695 -0.801547 0.596177 -1.37725 1.75148 -1.57839</i>
                        <i>0.806148 -0.33063 -0.490724 0.590529 0.502014 0.631868 0.0374357 -0.799166 0.599943 -1.37755 1.75232 -1.5791</i>
                        <i>0.802169 -0.341239 -0.48998 0.596375 0.498226 0.629371 0.0293548 -0.797074 0.603168 -1.37789 1.75328 -1.57988</i>
                        <i>0.797391 -0.351572 -0.490475 0.603061 0.493911 0.626393 0.0220291 -0.795267 0.60586 -1.37824 1.75428 -1.58067</i>
                        <i>0.79231 -0.36088 -0.491945 0.60991 0.489563 0.623168 0.0159491 -0.793785 0.60799 -1.3786 1.75524 -1.58143</i>
                        <i>0.787442 -0.368424 -0.494165 0.616279 0.485671 0.619938 0.0116014 -0.792709 0.60949 -1.37893 1.75607 -1.58212</i>
                        <i>0.783308 -0.373467 -0.496943 0.621562 0.482726 0.616957 0.00947428 -0.792148 0.610256 -1.37921 1.75669 -1.58269</i>
                        <i>0.780429 -0.375267 -0.500105 0.625163 0.481222 0.614489 0.0100645 -0.792212 0.610163 -1.37943 1.75702 -1.5831</i>
                        <i>0.778551 -0.374049 -0.503931 0.627441 0.480903 0.612413 0.0132698 -0.792982 0.609101 -1.37955 1.75698 -1.58329</i>
                        <i>0.777027 -0.370805 -0.508657 0.6292 0.48107 0.610474 0.0183332 -0.794402 0.607115 -1.37959 1.75661 -1.58328</i>
                        <i>0.775794 -0.365931 -0.514041 0.630499 0.481559 0.608746 0.0247825 -0.796364 0.60431 -1.37955 1.75603 -1.58315</i>
                        <i>0.774794 -0.359819 -0.519831 0.631395 0.482208 0.607301 0.0321485 -0.798753 0.6008 -1.37945 1.75525 -1.58289</i>
                        <i>0.774037 -0.352783 -0.525748 0.631869 0.483027 0.606157 0.0401088 -0.801392 0.596793 -1.3793 1.75434 -1.58253</i>
                        <i>0.773567 -0.345104 -0.531505 0.631862 0.484115 0.605296 0.0484192 -0.804075 0.592554 -1.37911 1.75338 -1.58209</i>
                        <i>0.7734 -0.337129 -0.53684 0.631375 0.485442 0.604741 0.0567288 -0.806654 0.588295 -1.37888 1.75247 -1.58158</i>
                        <i>0.773562 -0.329209 -0.5415 0.63041 0.486977 0.604514 0.0646867 -0.808996 0.584244 -1.37864 1.75169 -1.58104</i>
                        <i>0.774088 -0.321706 -0.545245 0.628977 0.488684 0.604629 0.0719399 -0.810983 0.580631 -1.37838 1.75103 -1.58046</i>
                        <i>0.775018 -0.314987 -0.547841 0.62709 0.490527 0.605096 0.0781329 -0.812506 0.577692 -1.37811 1.75048 -1.57988</i>
                        <i>0.776394 -0.309424 -0.549063 0.624771 0.492462 0.605922 0.0829057 -0.813473 0.575664 -1.37785 1.75004 -1.57931</i>
                        <i>0.77864 -0.304845 -0.548442 0.621554 0.494476 0.607589 0.0859711 -0.813979 0.574497 -1.3776 1.7497 -1.57876</i>
                        <i>0.781949 -0.300938 -0.545886 0.617189 0.496531 0.610357 0.0873697 -0.814183 0.573997 -1.37737 1.74946 -1.57826</i>
                        <i>0.786009 -0.297855 -0.541731 0.612031 0.498547 0.613897 0.0872258 -0.814084 0.574159 -1.37716 1.74933 -1.57782</i>
                        <i>0.790504 -0.295749 -0.536317 0.606437 0.500451 0.617886 0.0856609 -0.813684 0.574962 -1.37699 1.74929 -1.57745</i>
                        <i>0.795124 -0.294767 -0.529991 0.600768 0.502173 0.622013 0.0827984 -0.812979 0.576376 -1.37686 1.74934 -1.57718</i>
                        <i>0.799566 -0.295051 -0.523105 0.595391 0.50365 0.625976 0.0787666 -0.811962 0.578372 -1.37677 1.74948 -1.57701</i>
                        <i>0.803534 -0.296745 -0.516019 0.590678 0.504824 0.629486 0.0737016 -0.810614 0.580924 -1.37674 1.7497 -1.57698</i>
                        <i>0.806744 -0.299984 -0.509091 0.587005 0.505642 0.632259 0.0677499 -0.80891 0.584015 -1.37676 1.75001 -1.57708</i>
                        <i>0.808914 -0.304904 -0.502684 0.584746 0.506054 0.63402 0.0610698 -0.80681 0.587646 -1.37685 1.75039 -1.57735</i>
                        <i>0.80977 -0.311634 -0.497148 0.584272 0.506011 0.634491 0.0538331 -0.804262 0.591832 -1.37702 1.75085 -1.57779</i>
                    </KeyFrames>
                </p>
            </i>
            <i>
                <p>
                    <Name><![CDATA[l_shoulder]]></Name>
                    <Exclude>0</Exclude>
                    <Additive>0</Additive>
                    <IKPriority>0</IKPriority>
                    <IKRotLimits>-1e+010 -1e+010 -1e+010 1e+010 1e+010 1e+010</IKRotLimits>
                    <IKRotLimitOrder>0</IKRotLimitOrder>
                    <KeyFrames count="30">
                        <i>0.281491 -0.881815 -0.378372 0.959135 0.270362 0.0834592 0.0287016 -0.386403 0.921883 -1.21702 1.68928 -1.67602</i>
                        <i>0.282496 -0.87856 -0.385136 0.958796 0.2712 0.08462 0.0301052 -0.393171 0.918972 -1.21745 1.68816 -1.6758</i>
                        <i>0.284372 -0.875342 -0.391036 0.958228 0.272496 0.0868601 0.0305235 -0.399402 0.916268 -1.21827 1.68699 -1.67606</i>
                        <i>0.286886 -0.872335 -0.395888 0.957491 0.274106 0.0898704 0.0301181 -0.404842 0.91389 -1.2194 1.68586 -1.67669</i>
                        <i>0.289793 -0.869696 -0.399562 0.956648 0.275883 0.0933406 0.0290544 -0.40929 0.911942 -1.22069 1.68482 -1.67757</i>
                        <i>0.29283 -0.867565 -0.401971 0.955769 0.277679 0.0969561 0.0275029 -0.412583 0.910505 -1.22205 1.68393 -1.67863</i>
                        <i>0.295721 -0.866079 -0.403058 0.95493 0.279336 0.100396 0.0256375 -0.414581 0.909651 -1.22335 1.68327 -1.67976</i>
                        <i>0.298178 -0.86537 -0.402771 0.954218 0.280696 0.103336 0.0236325 -0.415144 0.909449 -1.22445 1.6829 -1.68088</i>
                        <i>0.299908 -0.865576 -0.401041 0.953722 0.281593 0.105447 0.0216582 -0.414106 0.909971 -1.22524 1.68288 -1.68191</i>
                        <i>0.300989 -0.866344 -0.398564 0.95342 0.282105 0.106807 0.0199053 -0.412146 0.9109 -1.22573 1.68308 -1.68285</i>
                        <i>0.301724 -0.867282 -0.395962 0.953218 0.282443 0.107714 0.0184177 -0.409937 0.911928 -1.22606 1.68335 -1.68378</i>
                        <i>0.302153 -0.868496 -0.39296 0.953106 0.282644 0.108174 0.0171193 -0.407217 0.913171 -1.22627 1.68373 -1.68471</i>
                        <i>0.302304 -0.869835 -0.389871 0.953075 0.282743 0.108185 0.0161303 -0.404281 0.914493 -1.22637 1.68416 -1.6856</i>
                        <i>0.302198 -0.871293 -0.386683 0.953121 0.282733 0.107809 0.0153949 -0.401135 0.915889 -1.22637 1.68463 -1.6864</i>
                        <i>0.301853 -0.872944 -0.383214 0.95324 0.282585 0.107138 0.0147648 -0.397635 0.917425 -1.22627 1.68519 -1.6871</i>
                        <i>0.301271 -0.874885 -0.379226 0.953434 0.282274 0.106229 0.0141071 -0.393571 0.919186 -1.22608 1.68587 -1.68765</i>
                        <i>0.300468 -0.877102 -0.374714 0.953698 0.281795 0.105127 0.0133851 -0.388952 0.921161 -1.2258 1.68665 -1.68802</i>
                        <i>0.29947 -0.879386 -0.370133 0.954021 0.281173 0.103858 0.0127397 -0.384217 0.923155 -1.22543 1.68747 -1.68819</i>
                        <i>0.298309 -0.881518 -0.365975 0.95439 0.280436 0.102449 0.0123222 -0.379844 0.924968 -1.22499 1.68824 -1.68812</i>
                        <i>0.297013 -0.883274 -0.362782 0.954794 0.27961 0.100924 0.0122937 -0.376358 0.926393 -1.22445 1.6889 -1.68779</i>
                        <i>0.295423 -0.884714 -0.360564 0.955281 0.278596 0.0991057 0.0127717 -0.373718 0.927454 -1.22376 1.68947 -1.68712</i>
                        <i>0.293464 -0.886005 -0.358991 0.955872 0.277344 0.0968982 0.0137118 -0.371585 0.928297 -1.22287 1.69001 -1.68611</i>
                        <i>0.291286 -0.887073 -0.358125 0.956518 0.275955 0.0944587 0.0150345 -0.370067 0.928883 -1.22187 1.69048 -1.68485</i>
                        <i>0.289035 -0.887844 -0.358039 0.957174 0.274527 0.0919432 0.0166603 -0.36928 0.929169 -1.22081 1.69085 -1.68341</i>
                        <i>0.286852 -0.888239 -0.358815 0.957796 0.273159 0.0895042 0.0185124 -0.369346 0.929108 -1.21976 1.6911 -1.68189</i>
                        <i>0.284871 -0.888176 -0.360543 0.958346 0.271943 0.08729 0.0205184 -0.370392 0.928649 -1.2188 1.69118 -1.68037</i>
                        <i>0.28322 -0.887576 -0.363311 0.958788 0.270969 0.0854426 0.0226092 -0.372538 0.927742 -1.21798 1.69107 -1.67893</i>
                        <i>0.282023 -0.88636 -0.36719 0.959089 0.270324 0.0840997 0.0247176 -0.375886 0.926336 -1.21737 1.69074 -1.67767</i>
                        <i>0.281404 -0.884459 -0.372215 0.959216 0.270093 0.0833945 0.0267735 -0.380502 0.924392 -1.21703 1.69015 -1.67667</i>
                        <i>0.281491 -0.881815 -0.378372 0.959135 0.270362 0.0834592 0.0287016 -0.386403 0.921883 -1.21702 1.68928 -1.67602</i>
                    </KeyFrames>
                </p>
            </i>
            <i>
                <p>
                    <Name><![CDATA[l_elbow]]></Name>
                    <Exclude>0</Exclude>
                    <Additive>0</Additive>
                    <IKPriority>0</IKPriority>
                    <IKRotLimits>-1e+010 -1e+010 -1e+010 1e+010 1e+010 1e+010</IKRotLimits>
                    <IKRotLimitOrder>0</IKRotLimitOrder>
                    <KeyFrames count="30">
                        <i>0.269221 -0.962958 0.0152227 0.959168 0.269517 0.0857698 -0.0866956 -0.00848986 0.996199 -1.12546 1.40245 -1.79909</i>
                        <i>0.269513 -0.962761 0.0213256 0.958833 0.270339 0.0869241 -0.0894522 -0.00297944 0.995987 -1.12556 1.40238 -1.80108</i>
                        <i>0.270183 -0.962401 0.0280226 0.958266 0.271618 0.089158 -0.0934172 0.00276406 0.995623 -1.12577 1.40226 -1.80326</i>
                        <i>0.271117 -0.961917 0.0347971 0.957528 0.273214 0.0921628 -0.09816 0.00833239 0.995136 -1.12608 1.40211 -1.80546</i>
                        <i>0.272205 -0.961357 0.0412009 0.956683 0.274979 0.0956285 -0.103263 0.0133857 0.994564 -1.12643 1.40192 -1.80754</i>
                        <i>0.273343 -0.960775 0.0468492 0.955799 0.276766 0.0992406 -0.108314 0.0176517 0.99396 -1.1268 1.40174 -1.80938</i>
                        <i>0.27443 -0.960232 0.0514065 0.954956 0.278419 0.102679 -0.112908 0.020913 0.993385 -1.12716 1.40156 -1.81086</i>
                        <i>0.275365 -0.95979 0.0545624 0.954238 0.279776 0.105617 -0.116636 0.0229823 0.992909 -1.12746 1.40141 -1.81189</i>
                        <i>0.27605 -0.959511 0.0559974 0.953737 0.280676 0.10773 -0.119085 0.023668 0.992602 -1.12768 1.40132 -1.81236</i>
                        <i>0.276485 -0.95936 0.0564306 0.95343 0.281193 0.109092 -0.120526 0.0236404 0.992429 -1.12782 1.40128 -1.8125</i>
