<?xml version="1.0" encoding="ISO-8859-1" ?>
<Animl Version="1">
    <ModellingPackage><![CDATA[Maya.2010]]></ModellingPackage>
    <SrcFile><![CDATA[anims\turrets\antitank\blue\~src\at_bgm71tow\antitank_bgm71tow_fire_crewman_b.mb]]></SrcFile>
    <FramesPerSecond>30</FramesPerSecond>
    <TotalFrames>40</TotalFrames>
    <Skeleton>
        <RefFrame>
            <Name><![CDATA[soldier_ref_frame]]></Name>
            <Exclude>0</Exclude>
            <Additive>0</Additive>
            <IKPriority>0</IKPriority>
            <IKRotLimits>-1e+010 -1e+010 -1e+010 1e+010 1e+010 1e+010</IKRotLimits>
            <IKRotLimitOrder>0</IKRotLimitOrder>
            <KeyFrames count="40">
                <i>1 0 0 0 1 0 0 0 1 -2.42 0.88 0.85</i>
                <i>1 0 0 0 1 0 0 0 1 -2.42 0.88 0.85</i>
                <i>1 0 0 0 1 0 0 0 1 -2.42 0.88 0.85</i>
                <i>1 0 0 0 1 0 0 0 1 -2.42 0.88 0.85</i>
                <i>1 0 0 0 1 0 0 0 1 -2.42 0.88 0.85</i>
                <i>1 0 0 0 1 0 0 0 1 -2.42 0.88 0.85</i>
                <i>1 0 0 0 1 0 0 0 1 -2.42 0.88 0.85</i>
                <i>1 0 0 0 1 0 0 0 1 -2.42 0.88 0.85</i>
                <i>1 0 0 0 1 0 0 0 1 -2.42 0.88 0.85</i>
                <i>1 0 0 0 1 0 0 0 1 -2.42 0.88 0.85</i>
                <i>1 0 0 0 1 0 0 0 1 -2.42 0.88 0.85</i>
                <i>1 0 0 0 1 0 0 0 1 -2.42 0.88 0.85</i>
                <i>1 0 0 0 1 0 0 0 1 -2.42 0.88 0.85</i>
                <i>1 0 0 0 1 0 0 0 1 -2.42 0.88 0.85</i>
                <i>1 0 0 0 1 0 0 0 1 -2.42 0.88 0.85</i>
                <i>1 0 0 0 1 0 0 0 1 -2.42 0.88 0.85</i>
                <i>1 0 0 0 1 0 0 0 1 -2.42 0.88 0.85</i>
                <i>1 0 0 0 1 0 0 0 1 -2.42 0.88 0.85</i>
                <i>1 0 0 0 1 0 0 0 1 -2.42 0.88 0.85</i>
                <i>1 0 0 0 1 0 0 0 1 -2.42 0.88 0.85</i>
                <i>1 0 0 0 1 0 0 0 1 -2.42 0.88 0.85</i>
                <i>1 0 0 0 1 0 0 0 1 -2.42 0.88 0.85</i>
                <i>1 0 0 0 1 0 0 0 1 -2.42 0.88 0.85</i>
                <i>1 0 0 0 1 0 0 0 1 -2.42 0.88 0.85</i>
                <i>1 0 0 0 1 0 0 0 1 -2.42 0.88 0.85</i>
                <i>1 0 0 0 1 0 0 0 1 -2.42 0.88 0.85</i>
                <i>1 0 0 0 1 0 0 0 1 -2.42 0.88 0.85</i>
                <i>1 0 0 0 1 0 0 0 1 -2.42 0.88 0.85</i>
                <i>1 0 0 0 1 0 0 0 1 -2.42 0.88 0.85</i>
                <i>1 0 0 0 1 0 0 0 1 -2.42 0.88 0.85</i>
                <i>1 0 0 0 1 0 0 0 1 -2.42 0.88 0.85</i>
                <i>1 0 0 0 1 0 0 0 1 -2.42 0.88 0.85</i>
                <i>1 0 0 0 1 0 0 0 1 -2.42 0.88 0.85</i>
                <i>1 0 0 0 1 0 0 0 1 -2.42 0.88 0.85</i>
                <i>1 0 0 0 1 0 0 0 1 -2.42 0.88 0.85</i>
                <i>1 0 0 0 1 0 0 0 1 -2.42 0.88 0.85</i>
                <i>1 0 0 0 1 0 0 0 1 -2.42 0.88 0.85</i>
                <i>1 0 0 0 1 0 0 0 1 -2.42 0.88 0.85</i>
                <i>1 0 0 0 1 0 0 0 1 -2.42 0.88 0.85</i>
                <i>1 0 0 0 1 0 0 0 1 -2.42 0.88 0.85</i>
            </KeyFrames>
        </RefFrame>
        <Bones count="23">
            <i>
                <p>
                    <Name><![CDATA[pelvis]]></Name>
                    <Exclude>0</Exclude>
                    <Additive>0</Additive>
                    <IKPriority>0</IKPriority>
                    <IKRotLimits>-1e+010 -1e+010 -1e+010 1e+010 1e+010 1e+010</IKRotLimits>
                    <IKRotLimitOrder>2</IKRotLimitOrder>
                    <KeyFrames count="40">
                        <i>1 0 0 0 1 0 0 0 1 -2.44341 2.24915 0.839398</i>
                        <i>1 0 0 0 1 0 0 0 1 -2.44865 2.26022 0.839568</i>
                        <i>1 0 0 0 1 0 0 0 1 -2.46044 2.27132 0.839806</i>
                        <i>1 0 0 0 1 0 0 0 1 -2.4729 2.21671 0.839688</i>
                        <i>1 0 0 0 1 0 0 0 1 -2.48014 2.1468 0.838791</i>
                        <i>1 0 0 0 1 0 0 0 1 -2.48165 2.12329 0.837496</i>
                        <i>1 0 0 0 1 0 0 0 1 -2.4811 2.11188 0.83647</i>
                        <i>1 0 0 0 1 0 0 0 1 -2.47883 2.10912 0.83572</i>
                        <i>1 0 0 0 1 0 0 0 1 -2.47517 2.11157 0.835253</i>
                        <i>1 0 0 0 1 0 0 0 1 -2.47046 2.1158 0.835076</i>
                        <i>1 0 0 0 1 0 0 0 1 -2.46505 2.1203 0.835196</i>
                        <i>1 0 0 0 1 0 0 0 1 -2.45927 2.12566 0.835621</i>
                        <i>1 0 0 0 1 0 0 0 1 -2.45345 2.13163 0.836357</i>
                        <i>1 0 0 0 1 0 0 0 1 -2.44795 2.13796 0.837411</i>
                        <i>1 0 0 0 1 0 0 0 1 -2.4431 2.14439 0.838791</i>
                        <i>1 0 0 0 1 0 0 0 1 -2.43925 2.15168 0.840144</i>
                        <i>1 0 0 0 1 0 0 0 1 -2.43647 2.16041 0.841139</i>
                        <i>1 0 0 0 1 0 0 0 1 -2.43464 2.17004 0.841814</i>
                        <i>1 0 0 0 1 0 0 0 1 -2.43364 2.18001 0.84221</i>
                        <i>1 0 0 0 1 0 0 0 1 -2.43335 2.18981 0.842366</i>
                        <i>1 0 0 0 1 0 0 0 1 -2.43365 2.19887 0.842321</i>
                        <i>1 0 0 0 1 0 0 0 1 -2.43443 2.20667 0.842115</i>
                        <i>1 0 0 0 1 0 0 0 1 -2.43555 2.21386 0.841787</i>
                        <i>1 0 0 0 1 0 0 0 1 -2.43692 2.22124 0.841377</i>
                        <i>1 0 0 0 1 0 0 0 1 -2.4384 2.22844 0.840924</i>
                        <i>1 0 0 0 1 0 0 0 1 -2.43988 2.2351 0.840468</i>
                        <i>1 0 0 0 1 0 0 0 1 -2.44124 2.24087 0.840048</i>
                        <i>1 0 0 0 1 0 0 0 1 -2.44236 2.24537 0.839703</i>
                        <i>1 0 0 0 1 0 0 0 1 -2.44312 2.24825 0.839473</i>
                        <i>1 0 0 0 1 0 0 0 1 -2.44341 2.24915 0.839398</i>
                        <i>1 0 0 0 1 0 0 0 1 -2.44342 2.24899 0.83941</i>
                        <i>1 0 0 0 1 0 0 0 1 -2.44342 2.24889 0.839417</i>
                        <i>1 0 0 0 1 0 0 0 1 -2.44342 2.24885 0.839419</i>
                        <i>1 0 0 0 1 0 0 0 1 -2.44342 2.24886 0.839419</i>
                        <i>1 0 0 0 1 0 0 0 1 -2.44342 2.2489 0.839416</i>
                        <i>1 0 0 0 1 0 0 0 1 -2.44342 2.24896 0.839412</i>
                        <i>1 0 0 0 1 0 0 0 1 -2.44342 2.24902 0.839407</i>
                        <i>1 0 0 0 1 0 0 0 1 -2.44341 2.24909 0.839402</i>
                        <i>1 0 0 0 1 0 0 0 1 -2.44341 2.24914 0.839399</i>
                        <i>1 0 0 0 1 0 0 0 1 -2.44341 2.24915 0.839398</i>
                    </KeyFrames>
                </p>
            </i>
            <i>
                <p>
                    <Name><![CDATA[spine0]]></Name>
                    <Exclude>0</Exclude>
                    <Additive>0</Additive>
                    <IKPriority>0</IKPriority>
                    <IKRotLimits>-1e+010 -1e+010 -1e+010 1e+010 1e+010 1e+010</IKRotLimits>
                    <IKRotLimitOrder>0</IKRotLimitOrder>
                    <KeyFrames count="40">
                        <i>0.307425 0.950628 0.0423836 -0.486432 0.118714 0.865616 0.817847 -0.286728 0.498912 -2.46087 2.37387 0.769839</i>
                        <i>0.288084 0.956668 0.0423598 -0.504814 0.114129 0.85565 0.813739 -0.267883 0.515818 -2.46925 2.38349 0.768325</i>
                        <i>0.262539 0.96425 0.0359897 -0.54444 0.117236 0.830566 0.796654 -0.23765 0.555756 -2.48251 2.39347 0.76709</i>
                        <i>0.254188 0.967102 0.0100643 -0.582602 0.144805 0.799754 0.771987 -0.209151 0.600244 -2.48786 2.34106 0.768924</i>
                        <i>0.261446 0.965209 -0.00419392 -0.601872 0.166423 0.781059 0.754583 -0.201681 0.624443 -2.48836 2.27284 0.769926</i>
                        <i>0.279907 0.959863 0.0177356 -0.615617 0.165284 0.770517 0.736659 -0.226592 0.637173 -2.49027 2.24831 0.766827</i>
                        <i>0.303441 0.950339 0.0691313 -0.636753 0.14827 0.756678 0.708851 -0.273627 0.650122 -2.494 2.23376 0.761137</i>
                        <i>0.326148 0.933694 0.147792 -0.655755 0.110854 0.746791 0.680891 -0.34048 0.64843 -2.49734 2.22637 0.754444</i>
                        <i>0.339878 0.911175 0.232902 -0.662777 0.0563641 0.746692 0.66724 -0.408147 0.623063 -2.49872 2.22391 0.748529</i>
                        <i>0.344496 0.893488 0.288101 -0.655873 0.00949497 0.754812 0.67168 -0.448987 0.589286 -2.49735 2.22489 0.745226</i>
                        <i>0.346538 0.889063 0.299129 -0.63945 -0.00941302 0.768775 0.686305 -0.457688 0.565249 -2.49382 2.22884 0.745276</i>
                        <i>0.347294 0.893554 0.284514 -0.616324 -0.0111735 0.787413 0.706775 -0.448817 0.546838 -2.48919 2.23547 0.747635</i>
                        <i>0.345212 0.902845 0.256321 -0.591553 -0.0027139 0.806261 0.728624 -0.429958 0.533144 -2.48364 2.2437 0.751348</i>
                        <i>0.33956 0.913105 0.225696 -0.570373 0.00909361 0.821335 0.747913 -0.407623 0.523899 -2.47758 2.25241 0.755434</i>
                        <i>0.331467 0.921767 0.201184 -0.559819 0.0205132 0.828361 0.759429 -0.387201 0.522822 -2.47185 2.26057 0.758965</i>
                        <i>0.318504 0.932112 0.172399 -0.557321 0.0370218 0.829472 0.766778 -0.360272 0.531277 -2.46717 2.269 0.761696</i>
                        <i>0.298619 0.945367 0.130796 -0.554094 0.0601523 0.830278 0.77705 -0.32041 0.541785 -2.4635 2.27878 0.763978</i>
                        <i>0.274953 0.957667 0.0852931 -0.549488 0.0837236 0.831296 0.788964 -0.275435 0.549247 -2.46074 2.28938 0.765844</i>
                        <i>0.251021 0.967021 0.0431047 -0.543533 0.103964 0.832925 0.800975 -0.23251 0.551705 -2.45877 2.30025 0.767328</i>
                        <i>0.230887 0.972929 0.0100239 -0.536612 0.118737 0.835434 0.811627 -0.19827 0.5495 -2.4575 2.31085 0.768467</i>
                        <i>0.219912 0.975472 -0.00969175 -0.529223 0.127643 0.838827 0.819489 -0.179339 0.544312 -2.45681 2.32064 0.769299</i>
                        <i>0.220347 0.975285 -0.0163202 -0.521799 0.131993 0.842795 0.82412 -0.177191 0.537987 -2.4566 2.32908 0.769863</i>
                        <i>0.231777 0.972707 -0.0110095 -0.514667 0.132223 0.847133 0.825468 -0.19068 0.531267 -2.45679 2.33683 0.770199</i>
                        <i>0.250274 0.968174 0.00173934 -0.508062 0.129805 0.851484 0.824158 -0.213988 0.524378 -2.45727 2.34468 0.77035</i>
                        <i>0.269205 0.962963 0.0151709 -0.502114 0.126894 0.855441 0.821833 -0.237907 0.517678 -2.45794 2.35228 0.770359</i>
                        <i>0.28394 0.958509 0.0252531 -0.496929 0.12458 0.858802 0.820024 -0.256398 0.511684 -2.45871 2.35926 0.770271</i>
                        <i>0.294549 0.955082 0.0325352 -0.492642 0.122583 0.861555 0.818868 -0.269799 0.506621 -2.45948 2.36526 0.77013</i>
                        <i>0.301677 0.952664 0.0377003 -0.489386 0.120794 0.863661 0.818225 -0.278997 0.502661 -2.46017 2.36994 0.769981</i>
                        <i>0.305895 0.95118 0.041039 -0.487279 0.119383 0.865048 0.817917 -0.284611 0.500009 -2.46066 2.37293 0.76987</i>
                        <i>0.307425 0.950628 0.0423836 -0.486432 0.118714 0.865616 0.817847 -0.286728 0.498912 -2.46087 2.37387 0.769839</i>
                        <i>0.30759 0.950566 0.0425771 -0.486288 0.118579 0.865715 0.817871 -0.28699 0.498722 -2.4609 2.3737 0.769859</i>
                        <i>0.307685 0.95053 0.0426893 -0.486204 0.118501 0.865773 0.817885 -0.287141 0.498613 -2.46092 2.3736 0.769871</i>
                        <i>0.307724 0.950515 0.0427347 -0.48617 0.118469 0.865797 0.81789 -0.287203 0.498568 -2.46092 2.37356 0.769876</i>
                        <i>0.307718 0.950518 0.0427276 -0.486176 0.118474 0.865793 0.817889 -0.287193 0.498575 -2.46092 2.37357 0.769875</i>
                        <i>0.307679 0.950532 0.0426822 -0.486209 0.118506 0.865769 0.817884 -0.287132 0.49862 -2.46092 2.37361 0.76987</i>
                        <i>0.30762 0.950555 0.0426129 -0.486261 0.118554 0.865734 0.817875 -0.287038 0.498687 -2.46091 2.37367 0.769863</i>
                        <i>0.307553 0.95058 0.0425341 -0.48632 0.118609 0.865693 0.817866 -0.286932 0.498764 -2.4609 2.37374 0.769855</i>
                        <i>0.30749 0.950604 0.04246 -0.486375 0.118661 0.865655 0.817857 -0.286832 0.498837 -2.46088 2.3738 0.769847</i>
                        <i>0.307443 0.950621 0.0424051 -0.486416 0.118699 0.865627 0.81785 -0.286757 0.498891 -2.46088 2.37385 0.769842</i>
                        <i>0.307425 0.950628 0.0423836 -0.486432 0.118714 0.865616 0.817847 -0.286728 0.498912 -2.46087 2.37387 0.769839</i>
                    </KeyFrames>
                </p>
            </i>
            <i>
                <p>
                    <Name><![CDATA[spine1]]></Name>
                    <Exclude>0</Exclude>
                    <Additive>0</Additive>
                    <IKPriority>0</IKPriority>
                    <IKRotLimits>-1e+010 -1e+010 -1e+010 1e+010 1e+010 1e+010</IKRotLimits>
                    <IKRotLimitOrder>0</IKRotLimitOrder>
                    <KeyFrames count="40">
                        <i>0.454281 0.738973 0.497541 -0.634007 -0.124163 0.763295 0.625831 -0.662195 0.412109 -2.40064 2.56054 0.778085</i>
                        <i>0.453264 0.728364 0.513846 -0.647143 -0.127536 0.751625 0.612991 -0.673217 0.413548 -2.41262 2.57201 0.77659</i>
                        <i>0.436819 0.738649 0.513407 -0.673659 -0.109614 0.730868 0.596131 -0.665119 0.449716 -2.4312 2.58242 0.774058</i>
                        <i>0.368834 0.825692 0.426842 -0.694164 -0.0607037 0.717253 0.618141 -0.560846 0.550776 -2.43948 2.5255 0.770773</i>
                        <i>0.32027 0.876214 0.360107 -0.706396 -0.0323957 0.707075 0.631215 -0.480833 0.608578 -2.43969 2.45279 0.769087</i>
                        <i>0.360336 0.831966 0.421889 -0.730859 -0.0292456 0.681902 0.579657 -0.554055 0.597512 -2.43712 2.43091 0.770128</i>
                        <i>0.410211 0.730425 0.546084 -0.770489 -0.0427902 0.636016 0.487928 -0.681652 0.545231 -2.43358 2.42341 0.774818</i>
                        <i>0.426315 0.597736 0.678946 -0.809494 -0.0828758 0.58125 0.403702 -0.797398 0.448533 -2.42851 2.42396 0.785548</i>
                        <i>0.409812 0.475002 0.778734 -0.835385 -0.147399 0.529534 0.366314 -0.867552 0.336403 -2.42348 2.42629 0.800035</i>
                        <i>0.39276 0.398676 0.828732 -0.843183 -0.203632 0.49757 0.367126 -0.894199 0.256178 -2.41926 2.42817 0.810523</i>
                        <i>0.39791 0.372822 0.838255 -0.838957 -0.221863 0.496919 0.37124 -0.900988 0.2245 -2.41522 2.43125 0.81313</i>
                        <i>0.418916 0.374716 0.827102 -0.82819 -0.215799 0.517234 0.372304 -0.901675 0.219935 -2.41139 2.43639 0.811387</i>
                        <i>0.445229 0.395479 0.803347 -0.812707 -0.198127 0.547953 0.375869 -0.896851 0.233197 -2.40776 2.44284 0.807691</i>
                        <i>0.466278 0.426971 0.774778 -0.795649 -0.18042 0.578266 0.386689 -0.886084 0.255593 -2.4044 2.44984 0.804065</i>
                        <i>0.474534 0.460218 0.750344 -0.78325 -0.168214 0.598517 0.401667 -0.871724 0.280643 -2.40139 2.45714 0.801714</i>
                        <i>0.47262 0.499585 0.725979 -0.773927 -0.158723 0.613061 0.421505 -0.8516 0.311627 -2.39991 2.46647 0.798072</i>
                        <i>0.465332 0.552467 0.691554 -0.761416 -0.14855 0.631013 0.451344 -0.820191 0.351532 -2.40074 2.47816 0.791421</i>
                        <i>0.451958 0.612538 0.648484 -0.746333 -0.138523 0.650998 0.488591 -0.778209 0.394551 -2.40323 2.4904 0.783612</i>
                        <i>0.432989 0.672744 0.599947 -0.729845 -0.128955 0.67134 0.529006 -0.728551 0.435163 -2.40666 2.50177 0.776184</i>
                        <i>0.410619 0.726473 0.551026 -0.71345 -0.120329 0.690297 0.567786 -0.676578 0.468892 -2.41013 2.51121 0.770416</i>
                        <i>0.388463 0.769582 0.506794 -0.697779 -0.113533 0.707259 0.601831 -0.628374 0.492895 -2.41245 2.5181 0.767235</i>
                        <i>0.369322 0.802269 0.469005 -0.681792 -0.109023 0.723376 0.631475 -0.586923 0.506716 -2.413 2.52269 0.766535</i>
                        <i>0.357248 0.823212 0.441243 -0.665309 -0.107285 0.738819 0.655543 -0.557505 0.509363 -2.41168 2.52665 0.767974</i>
                        <i>0.355748 0.831419 0.426832 -0.649833 -0.108183 0.752338 0.671684 -0.545013 0.501798 -2.40909 2.53148 0.770617</i>
                        <i>0.365607 0.827321 0.426465 -0.637967 -0.110885 0.762039 0.677739 -0.550677 0.487263 -2.40634 2.53724 0.773208</i>
                        <i>0.38506 0.812077 0.438474 -0.631724 -0.114431 0.766701 0.672796 -0.57222 0.468946 -2.4042 2.54366 0.775063</i>
                        <i>0.408631 0.790056 0.456981 -0.630078 -0.118051 0.767506 0.66032 -0.601561 0.449558 -2.40264 2.54997 0.776353</i>
                        <i>0.431067 0.766346 0.476335 -0.631203 -0.121133 0.766101 0.644798 -0.630904 0.431503 -2.40156 2.55542 0.777249</i>
                        <i>0.447663 0.74708 0.491396 -0.633118 -0.123267 0.764177 0.631474 -0.653205 0.417808 -2.40088 2.55923 0.777832</i>
                        <i>0.454281 0.738973 0.497541 -0.634007 -0.124163 0.763295 0.625831 -0.662195 0.412109 -2.40064 2.56054 0.778085</i>
                        <i>0.454518 0.738728 0.497689 -0.633854 -0.124316 0.763397 0.625813 -0.66244 0.411741 -2.40064 2.56036 0.778143</i>
                        <i>0.454656 0.738585 0.497775 -0.633765 -0.124405 0.763456 0.625803 -0.662582 0.411528 -2.40063 2.56026 0.778176</i>
                        <i>0.454712 0.738528 0.497809 -0.63373 -0.124441 0.76348 0.625799 -0.66264 0.411442 -2.40063 2.56022 0.77819</i>
                        <i>0.454703 0.738537 0.497804 -0.633735 -0.124435 0.763476 0.625799 -0.66263 0.411456 -2.40063 2.56023 0.778188</i>
                        <i>0.454647 0.738594 0.497769 -0.633771 -0.124399 0.763452 0.625804 -0.662573 0.411542 -2.40064 2.56027 0.778174</i>
                        <i>0.454562 0.738682 0.497716 -0.633826 -0.124345 0.763416 0.62581 -0.662485 0.411673 -2.40064 2.56033 0.778154</i>
                        <i>0.454466 0.738782 0.497656 -0.633888 -0.124282 0.763374 0.625817 -0.662386 0.411823 -2.40064 2.5604 0.77813</i>
                        <i>0.454375 0.738876 0.4976 -0.633946 -0.124224 0.763335 0.625824 -0.662292 0.411964 -2.40064 2.56047 0.778108</i>
                        <i>0.454308 0.738946 0.497558 -0.63399 -0.12418 0.763306 0.625829 -0.662222 0.412068 -2.40064 2.56052 0.778091</i>
                        <i>0.454281 0.738973 0.497541 -0.634007 -0.124163 0.763295 0.625831 -0.662195 0.412109 -2.40064 2.56054 0.778085</i>
                    </KeyFrames>
                </p>
            </i>
            <i>
                <p>
                    <Name><![CDATA[spine2]]></Name>
                    <Exclude>0</Exclude>
                    <Additive>0</Additive>
                    <IKPriority>0</IKPriority>
                    <IKRotLimits>-1e+010 -1e+010 -1e+010 1e+010 1e+010 1e+010</IKRotLimits>
                    <IKRotLimitOrder>0</IKRotLimitOrder>
                    <KeyFrames count="40">
                        <i>0.5406 0.623526 0.564772 -0.730348 0.0146484 0.682918 0.417544 -0.781666 0.46331 -2.31844 2.6936 0.868146</i>
                        <i>0.546717 0.593924 0.590215 -0.742005 0.017035 0.670178 0.387981 -0.804341 0.450008 -2.33032 2.70357 0.869918</i>
                        <i>0.53567 0.597425 0.596775 -0.759892 0.0328302 0.649219 0.368268 -0.801252 0.471565 -2.35234 2.71508 0.866784</i>
                        <i>0.452201 0.743234 0.49307 -0.771405 0.0484059 0.6345 0.447715 -0.667278 0.595224 -2.37467 2.67005 0.845869</i>
                        <i>0.382767 0.831364 0.402893 -0.779089 0.0561058 0.624398 0.496497 -0.552888 0.669182 -2.38468 2.6029 0.831055</i>
                        <i>0.4216 0.765438 0.486167 -0.806527 0.0714882 0.58686 0.414449 -0.639527 0.647485 -2.37397 2.57624 0.84419</i>
                        <i>0.45334 0.616648 0.643606 -0.852542 0.0892712 0.514978 0.260104 -0.782161 0.566188 -2.35821 2.55698 0.875314</i>
                        <i>0.432371 0.423028 0.796306 -0.896093 0.103286 0.431682 0.100366 -0.900211 0.42373 -2.34548 2.53953 0.917925</i>
                        <i>0.374234 0.239544 0.895861 -0.927241 0.110331 0.357841 -0.0131227 -0.964596 0.263405 -2.33972 2.52234 0.959244</i>
                        <i>0.330204 0.120319 0.93621 -0.941306 0.115592 0.317146 -0.0700594 -0.985983 0.151426 -2.33702 2.5105 0.98397</i>
                        <i>0.33296 0.0785189 0.939666 -0.938489 0.124313 0.322155 -0.0915172 -0.989132 0.11508 -2.33185 2.5082 0.988647</i>
                        <i>0.368876 0.0817932 0.925873 -0.924597 0.134244 0.356508 -0.0951327 -0.987567 0.125145 -2.32473 2.51281 0.982446</i>
                        <i>0.419739 0.114209 0.900431 -0.903934 0.142217 0.403333 -0.0819927 -0.983225 0.162931 -2.31743 2.52205 0.970705</i>
                        <i>0.466236 0.160592 0.869962 -0.882951 0.145574 0.446325 -0.0549679 -0.976227 0.209667 -2.31169 2.5338 0.958218</i>
                        <i>0.491826 0.205712 0.846044 -0.870373 0.142502 0.471321 -0.0236068 -0.968182 0.249132 -2.30833 2.5465 0.94899</i>
                        <i>0.500297 0.241382 0.831527 -0.865831 0.132427 0.482494 0.00634859 -0.961352 0.275249 -2.30782 2.56294 0.939667</i>
                        <i>0.505618 0.275438 0.817609 -0.861797 0.116537 0.493685 0.0406974 -0.954229 0.296295 -2.31044 2.58449 0.92575</i>
                        <i>0.50929 0.315581 0.800645 -0.856603 0.0963879 0.506892 0.082793 -0.94399 0.319417 -2.3159 2.60787 0.909044</i>
                        <i>0.511351 0.368704 0.776258 -0.848621 0.0742163 0.523769 0.135505 -0.926579 0.350841 -2.32355 2.63 0.891456</i>
                        <i>0.509549 0.440716 0.739006 -0.83655 0.0527555 0.545345 0.201355 -0.896095 0.395562 -2.33221 2.6482 0.875097</i>
                        <i>0.497805 0.532535 0.684541 -0.820667 0.033934 0.570398 0.280528 -0.845727 0.453927 -2.33998 2.66086 0.861907</i>
                        <i>0.473043 0.629598 0.616309 -0.802129 0.0184026 0.596868 0.364445 -0.776703 0.513724 -2.34541 2.66877 0.852477</i>
                        <i>0.441694 0.711958 0.545915 -0.782055 0.00734997 0.623166 0.439655 -0.702184 0.560036 -2.34741 2.67409 0.847455</i>
                        <i>0.416599 0.765736 0.489993 -0.762754 0.00116298 0.646688 0.494622 -0.643154 0.584553 -2.34581 2.67876 0.846618</i>
                        <i>0.411483 0.784872 0.463312 -0.747105 -0.00069384 0.664706 0.52203 -0.619658 0.586096 -2.3416 2.68315 0.848784</i>
                        <i>0.432022 0.769568 0.470236 -0.737139 0.000913407 0.675741 0.519599 -0.638564 0.567673 -2.3359 2.68709 0.852873</i>
                        <i>0.46668 0.731831 0.496622 -0.732051 0.00453372 0.681235 0.496297 -0.681471 0.537854 -2.3298 2.69019 0.857851</i>
                        <i>0.502781 0.684034 0.528497 -0.730291 0.00902415 0.683077 0.462478 -0.729395 0.504081 -2.32421 2.6923 0.862755</i>
                        <i>0.52994 0.641821 0.554282 -0.730206 0.012984 0.683103 0.431234 -0.766744 0.475543 -2.32009 2.69342 0.866556</i>
                        <i>0.5406 0.623526 0.564772 -0.730348 0.0146484 0.682918 0.417544 -0.781666 0.46331 -2.31844 2.6936 0.868146</i>
                        <i>0.540724 0.623447 0.56474 -0.730198 0.0145529 0.683081 0.417646 -0.78173 0.463109 -2.31839 2.69337 0.868231</i>
                        <i>0.540796 0.623402 0.564721 -0.730111 0.0144975 0.683175 0.417706 -0.781767 0.462992 -2.31837 2.69325 0.86828</i>
                        <i>0.540825 0.623383 0.564713 -0.730075 0.0144751 0.683213 0.417729 -0.781782 0.462945 -2.31836 2.69319 0.8683</i>
                        <i>0.540821 0.623386 0.564715 -0.730081 0.0144786 0.683207 0.417726 -0.78178 0.462953 -2.31836 2.6932 0.868296</i>
                        <i>0.540792 0.623405 0.564722 -0.730116 0.014501 0.683169 0.417702 -0.781765 0.463 -2.31837 2.69325 0.868277</i>
                        <i>0.540747 0.623433 0.564734 -0.73017 0.0145352 0.683111 0.417665 -0.781742 0.463072 -2.31839 2.69333 0.868246</i>
                        <i>0.540697 0.623465 0.564747 -0.730231 0.0145741 0.683045 0.417623 -0.781716 0.463154 -2.31841 2.69342 0.868212</i>
                        <i>0.540649 0.623495 0.564759 -0.730289 0.0146106 0.682982 0.417584 -0.781691 0.46323 -2.31842 2.69351 0.868179</i>
                        <i>0.540614 0.623517 0.564768 -0.730332 0.0146378 0.682936 0.417555 -0.781673 0.463287 -2.31844 2.69357 0.868155</i>
                        <i>0.5406 0.623526 0.564772 -0.730348 0.0146484 0.682918 0.417544 -0.781666 0.46331 -2.31844 2.6936 0.868146</i>
                    </KeyFrames>
                </p>
            </i>
            <i>
                <p>
                    <Name><![CDATA[head]]></Name>
                    <Exclude>0</Exclude>
                    <Additive>0</Additive>
                    <IKPriority>0</IKPriority>
                    <IKRotLimits>-1e+010 -1e+010 -1e+010 1e+010 1e+010 1e+010</IKRotLimits>
                    <IKRotLimitOrder>0</IKRotLimitOrder>
                    <KeyFrames count="40">
                        <i>0.134799 0.970531 0.199748 -0.158899 0.220152 -0.962436 -0.978049 0.097996 0.183893 -2.17419 2.87647 1.00518</i>
                        <i>0.169897 0.95107 0.258072 -0.145798 0.283256 -0.947897 -0.974617 0.123418 0.186788 -2.18326 2.87782 1.01536</i>
                        <i>0.189943 0.93029 0.31382 -0.14557 0.342791 -0.928065 -0.970943 0.130597 0.200533 -2.2081 2.8893 1.01378</i>
                        <i>0.108132 0.941434 0.319388 -0.20519 0.33549 -0.919426 -0.97273 0.0338842 0.22945 -2.25672 2.88197 0.958761</i>
                        <i>0.0441904 0.95835 0.282157 -0.269999 0.283379 -0.920216 -0.961846 -0.0355174 0.271277 -2.28801 2.83495 0.915467</i>
                        <i>0.0479263 0.972188 0.229246 -0.242589 0.233967 -0.941494 -0.968945 -0.0104902 0.247055 -2.26483 2.79423 0.953969</i>
                        <i>0.0769207 0.968484 0.2369 -0.144949 0.245942 -0.958385 -0.986445 0.0393812 0.159299 -2.23672 2.7398 1.03633</i>
                        <i>0.111279 0.946532 0.30281 -0.0126427 0.306026 -0.951939 -0.993709 0.102103 0.046021 -2.22704 2.66953 1.13241</i>
                        <i>0.127978 0.902082 0.412152 0.116142 0.399078 -0.909531 -0.984953 0.164268 -0.0536965 -2.23777 2.59695 1.20927</i>
                        <i>0.116032 0.834337 0.538904 0.200171 0.511793 -0.835463 -0.972866 0.204813 -0.107625 -2.2487 2.54772 1.24738</i>
                        <i>0.102983 0.773559 0.6253 0.216857 0.59606 -0.773101 -0.970756 0.215217 -0.106368 -2.24288 2.53234 1.25231</i>
                        <i>0.113797 0.750176 0.651372 0.186275 0.627894 -0.755679 -0.975885 0.207328 -0.0682866 -2.22482 2.53816 1.24057</i>
                        <i>0.137838 0.757921 0.637618 0.127338 0.62486 -0.770283 -0.982235 0.187367 -0.0103828 -2.20206 2.55764 1.21944</i>
                        <i>0.158254 0.784976 0.598973 0.0595887 0.597919 -0.799339 -0.985599 0.162191 0.0478474 -2.18232 2.58369 1.19598</i>
                        <i>0.161499 0.818809 0.550881 0.00671837 0.557283 -0.830295 -0.98685 0.137793 0.0844998 -2.17135 2.60995 1.17844</i>
                        <i>0.15387 0.860035 0.486482 -0.0267954 0.495796 -0.868026 -0.987728 0.120528 0.099333 -2.16809 2.63611 1.16517</i>
                        <i>0.145007 0.906913 0.395577 -0.0564438 0.406734 -0.911801 -0.987819 0.10989 0.110169 -2.16858 2.66569 1.14854</i>
                        <i>0.13309 0.947054 0.29219 -0.086214 0.304758 -0.94852 -0.987347 0.101048 0.12221 -2.17233 2.69839 1.12829</i>
                        <i>0.11596 0.974263 0.193301 -0.118635 0.206806 -0.971163 -0.986143 0.0896838 0.139563 -2.17888 2.73403 1.10425</i>
                        <i>0.0919016 0.988818 0.117443 -0.153863 0.130627 -0.97942 -0.983809 0.0719401 0.164147 -2.18804 2.7725 1.07624</i>
                        <i>0.0744949 0.993827 0.0822114 -0.186694 0.0948819 -0.977826 -0.97959 0.0574947 0.19261 -2.20039 2.81265 1.04439</i>
                        <i>0.0719329 0.994148 0.0805954 -0.207462 0.0939506 -0.973721 -0.975595 0.0533221 0.213006 -2.2157 2.84966 1.01074</i>
                        <i>0.0763992 0.991884 0.101638 -0.212686 0.115802 -0.970234 -0.974129 0.052508 0.219807 -2.23044 2.87889 0.980345</i>
                        <i>0.0826786 0.987244 0.136067 -0.209151 0.150683 -0.966204 -0.974382 0.0514258 0.218942 -2.23967 2.89848 0.959105</i>
                        <i>0.0909049 0.981481 0.168618 -0.210364 0.184424 -0.96007 -0.973388 0.051804 0.223233 -2.23922 2.90816 0.951176</i>
                        <i>0.101148 0.97684 0.188556 -0.211779 0.206325 -0.95529 -0.972069 0.0566936 0.227743 -2.22796 2.90859 0.957082</i>
                        <i>0.110877 0.973867 0.198216 -0.202146 0.217376 -0.954926 -0.973059 0.0658107 0.220965 -2.21082 2.90226 0.970917</i>
                        <i>0.120925 0.972216 0.200434 -0.184908 0.220443 -0.957713 -0.975288 0.07875 0.206427 -2.19311 2.89181 0.986897</i>
                        <i>0.130291 0.97128 0.199098 -0.16712 0.219451 -0.961203 -0.97729 0.0919624 0.190913 -2.17958 2.8814 0.999836</i>
                        <i>0.134799 0.970531 0.199748 -0.158899 0.220152 -0.962436 -0.978049 0.097996 0.183893 -2.17419 2.87647 1.00518</i>
                        <i>0.134558 0.970557 0.199786 -0.159371 0.220191 -0.96235 -0.978006 0.0976515 0.184307 -2.17412 2.87624 1.00524</i>
                        <i>0.134418 0.970572 0.199807 -0.159645 0.220214 -0.962299 -0.97798 0.0974517 0.184547 -2.17409 2.87611 1.00528</i>
                        <i>0.134361 0.970578 0.199816 -0.159755 0.220223 -0.962279 -0.97797 0.0973709 0.184644 -2.17407 2.87606 1.0053</i>
                        <i>0.13437 0.970577 0.199814 -0.159738 0.220221 -0.962282 -0.977972 0.0973837 0.184629 -2.17407 2.87607 1.00529</i>
                        <i>0.134427 0.970571 0.199806 -0.159627 0.220212 -0.962302 -0.977982 0.0974645 0.184532 -2.17409 2.87612 1.00528</i>
                        <i>0.134513 0.970561 0.199792 -0.159458 0.220198 -0.962334 -0.977998 0.0975878 0.184384 -2.17411 2.8762 1.00526</i>
                        <i>0.134611 0.970551 0.199777 -0.159266 0.220183 -0.962369 -0.978015 0.0977281 0.184215 -2.17414 2.87629 1.00523</i>
                        <i>0.134704 0.970541 0.199763 -0.159086 0.220168 -0.962402 -0.978032 0.0978599 0.184057 -2.17416 2.87638 1.0052</i>
                        <i>0.134772 0.970534 0.199752 -0.158952 0.220157 -0.962427 -0.978044 0.0979577 0.183939 -2.17418 2.87645 1.00519</i>
                        <i>0.134799 0.970531 0.199748 -0.158899 0.220152 -0.962436 -0.978049 0.097996 0.183893 -2.17419 2.87647 1.00518</i>
                    </KeyFrames>
                </p>
            </i>
            <i>
                <p>
                    <Name><![CDATA[head_prop]]></Name>
                    <Exclude>0</Exclude>
                    <Additive>0</Additive>
                    <IKPriority>0</IKPriority>
                    <IKRotLimits>-1e+010 -1e+010 -1e+010 1e+010 1e+010 1e+010</IKRotLimits>
                    <IKRotLimitOrder>0</IKRotLimitOrder>
                    <KeyFrames count="40">
                        <i>0.978049 -0.097996 -0.183893 0.134799 0.970531 0.199748 0.158899 -0.220152 0.962436 -2.13026 3.19278 1.07028</i>
                        <i>0.974617 -0.123418 -0.186788 0.169897 0.95107 0.258072 0.145798 -0.283256 0.947897 -2.12789 3.18778 1.09947</i>
                        <i>0.970943 -0.130597 -0.200533 0.189943 0.93029 0.31382 0.14557 -0.342791 0.928065 -2.14619 3.19249 1.11605</i>
                        <i>0.97273 -0.0338842 -0.22945 0.108132 0.941434 0.319388 0.20519 -0.33549 0.919426 -2.22147 3.18879 1.06285</i>
                        <i>0.961846 0.0355174 -0.271277 0.0441904 0.95835 0.282157 0.269999 -0.283379 0.920216 -2.27361 3.14729 1.00742</i>
                        <i>0.968945 0.0104902 -0.247055 0.0479263 0.972188 0.229246 0.242589 -0.233967 0.941494 -2.24921 3.11107 1.02868</i>
                        <i>0.986445 -0.0393812 -0.159299 0.0769207 0.968484 0.2369 0.144949 -0.245942 0.958385 -2.21165 3.05544 1.11354</i>
                        <i>0.993709 -0.102103 -0.046021 0.111279 0.946532 0.30281 0.0126427 -0.306026 0.951939 -2.19078 2.97801 1.23109</i>
                        <i>0.984953 -0.164268 0.0536965 0.127978 0.902082 0.412152 -0.116142 -0.399078 0.909531 -2.19606 2.89095 1.3436</i>
                        <i>0.972866 -0.204813 0.107625 0.116032 0.834337 0.538904 -0.200171 -0.511793 0.835463 -2.21088 2.81964 1.42302</i>
                        <i>0.970756 -0.215217 0.106368 0.102983 0.773559 0.6253 -0.216857 -0.59606 0.773101 -2.20931 2.78445 1.45611</i>
                        <i>0.975885 -0.207328 0.0682866 0.113797 0.750176 0.651372 -0.186275 -0.627894 0.755679 -2.18773 2.78264 1.45286</i>
                        <i>0.982235 -0.187367 0.0103828 0.137838 0.757921 0.637618 -0.127338 -0.62486 0.770283 -2.15714 2.80465 1.42725</i>
                        <i>0.985599 -0.162191 -0.0478474 0.158254 0.784976 0.598973 -0.0595887 -0.597919 0.799339 -2.13075 2.83952 1.3912</i>
                        <i>0.98685 -0.137793 -0.0844998 0.161499 0.818809 0.550881 -0.00671837 -0.557283 0.830295 -2.11872 2.87681 1.35797</i>
                        <i>0.987728 -0.120528 -0.099333 0.15387 0.860035 0.486482 0.0267954 -0.495796 0.868026 -2.11794 2.91641 1.32372</i>
                        <i>0.987819 -0.10989 -0.110169 0.145007 0.906913 0.395577 0.0564438 -0.406734 0.911801 -2.12132 2.96126 1.27746</i>
                        <i>0.987347 -0.101048 -0.12221 0.13309 0.947054 0.29219 0.086214 -0.304758 0.94852 -2.12896 3.00704 1.22351</i>
                        <i>0.986143 -0.0896838 -0.139563 0.11596 0.974263 0.193301 0.118635 -0.206806 0.971163 -2.14109 3.05155 1.16725</i>
                        <i>0.983809 -0.0719401 -0.164147 0.0919016 0.988818 0.117443 0.153863 -0.130627 0.97942 -2.15809 3.09477 1.11451</i>
                        <i>0.97959 -0.0574947 -0.19261 0.0744949 0.993827 0.0822114 0.186694 -0.0948819 0.977826 -2.17611 3.13655 1.07119</i>
                        <i>0.975595 -0.0533221 -0.213006 0.0719329 0.994148 0.0805954 0.207462 -0.0939506 0.973721 -2.19226 3.17367 1.03701</i>
                        <i>0.974129 -0.052508 -0.219807 0.0763992 0.991884 0.101638 0.212686 -0.115802 0.970234 -2.20554 3.20215 1.01347</i>
                        <i>0.974382 -0.0514258 -0.218942 0.0826786 0.987244 0.136067 0.209151 -0.150683 0.966204 -2.21272 3.22023 1.00345</i>
                        <i>0.973388 -0.051804 -0.223233 0.0909049 0.981481 0.168618 0.210364 -0.184424 0.96007 -2.2096 3.22804 1.00613</i>
                        <i>0.972069 -0.0566936 -0.227743 0.101148 0.97684 0.188556 0.211779 -0.206325 0.95529 -2.19499 3.22695 1.01853</i>
                        <i>0.973059 -0.0658107 -0.220965 0.110877 0.973867 0.198216 0.202146 -0.217376 0.954926 -2.17468 3.21965 1.03552</i>
                        <i>0.975288 -0.07875 -0.206427 0.120925 0.972216 0.200434 0.184908 -0.220443 0.957713 -2.1537 3.20867 1.05222</i>
                        <i>0.97729 -0.0919624 -0.190913 0.130291 0.97128 0.199098 0.16712 -0.219451 0.961203 -2.13711 3.19795 1.06472</i>
                        <i>0.978049 -0.097996 -0.183893 0.134799 0.970531 0.199748 0.158899 -0.220152 0.962436 -2.13026 3.19278 1.07028</i>
                        <i>0.978006 -0.0976515 -0.184307 0.134558 0.970557 0.199786 0.159371 -0.220191 0.96235 -2.13027 3.19256 1.07036</i>
                        <i>0.97798 -0.0974517 -0.184547 0.134418 0.970572 0.199807 0.159645 -0.220214 0.962299 -2.13028 3.19243 1.0704</i>
                        <i>0.97797 -0.0973709 -0.184644 0.134361 0.970578 0.199816 0.159755 -0.220223 0.962279 -2.13028 3.19238 1.07042</i>
                        <i>0.977972 -0.0973837 -0.184629 0.13437 0.970577 0.199814 0.159738 -0.220221 0.962282 -2.13028 3.19239 1.07042</i>
                        <i>0.977982 -0.0974645 -0.184532 0.134427 0.970571 0.199806 0.159627 -0.220212 0.962302 -2.13028 3.19244 1.0704</i>
                        <i>0.977998 -0.0975878 -0.184384 0.134513 0.970561 0.199792 0.159458 -0.220198 0.962334 -2.13027 3.19252 1.07037</i>
                        <i>0.978015 -0.0977281 -0.184215 0.134611 0.970551 0.199777 0.159266 -0.220183 0.962369 -2.13027 3.19261 1.07034</i>
                        <i>0.978032 -0.0978599 -0.184057 0.134704 0.970541 0.199763 0.159086 -0.220168 0.962402 -2.13026 3.19269 1.07031</i>
                        <i>0.978044 -0.0979577 -0.183939 0.134772 0.970534 0.199752 0.158952 -0.220157 0.962427 -2.13026 3.19275 1.07029</i>
                        <i>0.978049 -0.097996 -0.183893 0.134799 0.970531 0.199748 0.158899 -0.220152 0.962436 -2.13026 3.19278 1.07028</i>
                    </KeyFrames>
                </p>
            </i>
            <i>
                <p>
                    <Name><![CDATA[l_clav]]></Name>
                    <Exclude>0</Exclude>
                    <Additive>0</Additive>
                    <IKPriority>0</IKPriority>
                    <IKRotLimits>-1e+010 -1e+010 -1e+010 1e+010 1e+010 1e+010</IKRotLimits>
                    <IKRotLimitOrder>0</IKRotLimitOrder>
                    <KeyFrames count="40">
                        <i>0.695955 0.11029 -0.709565 0.363587 0.797987 0.480647 0.619234 -0.592497 0.515263 -2.20471 2.70571 0.872049</i>
                        <i>0.733622 0.211621 -0.645767 0.309885 0.741543 0.595052 0.604789 -0.636656 0.478434 -2.21674 2.71322 0.875358</i>
                        <i>0.758994 0.40841 -0.50708 0.135678 0.662501 0.736671 0.636805 -0.627929 0.447421 -2.23928 2.72363 0.874504</i>
                        <i>0.630452 0.609154 -0.481105 -0.115046 0.686281 0.71818 0.767655 -0.397429 0.502748 -2.26285 2.69033 0.853631</i>
                        <i>0.507327 0.680422 -0.528814 -0.240577 0.70108 0.671275 0.827491 -0.213335 0.519371 -2.27507 2.63128 0.836947</i>
                        <i>0.571895 0.689449 -0.444517 -0.232887 0.656038 0.717898 0.786574 -0.30704 0.535749 -2.26137 2.59774 0.858073</i>
                        <i>0.685627 0.6889 -0.23523 -0.258435 0.53244 0.806051 0.680534 -0.491859 0.543091 -2.24203 2.5659 0.903883</i>
                        <i>0.772738 0.633468 0.0399378 -0.336611 0.355646 0.8719 0.538117 -0.687193 0.488053 -2.2289 2.5341 0.960736</i>
                        <i>0.798464 0.52951 0.286485 -0.437433 0.183304 0.880371 0.413651 -0.828262 0.377987 -2.22535 2.50496 1.01129</i>
                        <i>0.793398 0.440325 0.420277 -0.500404 0.0786984 0.862208 0.346576 -0.894383 0.282779 -2.22483 2.48593 1.039</i>
                        <i>0.817497 0.406495 0.407995 -0.468138 0.0563561 0.881857 0.335478 -0.911913 0.236367 -2.22068 2.4803 1.04109</i>
                        <i>0.867593 0.405401 0.28798 -0.347566 0.0801897 0.93422 0.35564 -0.910615 0.210476 -2.21399 2.48348 1.02913</i>
                        <i>0.902478 0.415625 0.113085 -0.183451 0.133346 0.973943 0.389716 -0.899708 0.196589 -2.20694 2.49273 1.01069</i>
                        <i>0.90524 0.421594 -0.0529052 -0.0349665 0.198005 0.979577 0.423459 -0.884903 0.193984 -2.20127 2.50574 0.992563</i>
                        <i>0.89392 0.424408 -0.144169 0.036532 0.251588 0.967145 0.446736 -0.869817 0.209395 -2.19751 2.52082 0.980485</i>
                        <i>0.892519 0.419908 -0.164583 0.0531576 0.264436 0.962937 0.447867 -0.868188 0.213693 -2.19604 2.54101 0.970268</i>
                        <i>0.899644 0.402742 -0.16864 0.0719375 0.244236 0.967044 0.430657 -0.882127 0.190754 -2.19757 2.56785 0.955144</i>
                        <i>0.907783 0.382734 -0.171592 0.0901494 0.221503 0.970984 0.409637 -0.896912 0.166574 -2.20216 2.59762 0.936535</i>
                        <i>0.910079 0.370041 -0.186617 0.105602 0.228374 0.967829 0.400755 -0.900508 0.168761 -2.20941 2.62673 0.916183</i>
