<?xml version="1.0" encoding="ISO-8859-1" ?>
<Animl Version="1">
    <ModellingPackage><![CDATA[Maya.2010]]></ModellingPackage>
    <SrcFile><![CDATA[anims\turrets\antitank\blue\~src\antitank_m72_law\antitank_m72law_reload_low_crewman_a.mb]]></SrcFile>
    <FramesPerSecond>30</FramesPerSecond>
    <TotalFrames>80</TotalFrames>
    <Skeleton>
        <RefFrame>
            <Name><![CDATA[soldier_ref_frame]]></Name>
            <Exclude>0</Exclude>
            <Additive>0</Additive>
            <IKPriority>0</IKPriority>
            <IKRotLimits>-1e+010 -1e+010 -1e+010 1e+010 1e+010 1e+010</IKRotLimits>
            <IKRotLimitOrder>0</IKRotLimitOrder>
            <KeyFrames count="80">
                <i>1 0 0 0 1 0 0 0 1 0.46 1.89 0.26</i>
                <i>1 0 0 0 1 0 0 0 1 0.46 1.89 0.26</i>
                <i>1 0 0 0 1 0 0 0 1 0.46 1.89 0.26</i>
                <i>1 0 0 0 1 0 0 0 1 0.46 1.89 0.26</i>
                <i>1 0 0 0 1 0 0 0 1 0.46 1.89 0.26</i>
                <i>1 0 0 0 1 0 0 0 1 0.46 1.89 0.26</i>
                <i>1 0 0 0 1 0 0 0 1 0.46 1.89 0.26</i>
                <i>1 0 0 0 1 0 0 0 1 0.46 1.89 0.26</i>
                <i>1 0 0 0 1 0 0 0 1 0.46 1.89 0.26</i>
                <i>1 0 0 0 1 0 0 0 1 0.46 1.89 0.26</i>
                <i>1 0 0 0 1 0 0 0 1 0.46 1.89 0.26</i>
                <i>1 0 0 0 1 0 0 0 1 0.46 1.89 0.26</i>
                <i>1 0 0 0 1 0 0 0 1 0.46 1.89 0.26</i>
                <i>1 0 0 0 1 0 0 0 1 0.46 1.89 0.26</i>
                <i>1 0 0 0 1 0 0 0 1 0.46 1.89 0.26</i>
                <i>1 0 0 0 1 0 0 0 1 0.46 1.89 0.26</i>
                <i>1 0 0 0 1 0 0 0 1 0.46 1.89 0.26</i>
                <i>1 0 0 0 1 0 0 0 1 0.46 1.89 0.26</i>
                <i>1 0 0 0 1 0 0 0 1 0.46 1.89 0.26</i>
                <i>1 0 0 0 1 0 0 0 1 0.46 1.89 0.26</i>
                <i>1 0 0 0 1 0 0 0 1 0.46 1.89 0.26</i>
                <i>1 0 0 0 1 0 0 0 1 0.46 1.89 0.26</i>
                <i>1 0 0 0 1 0 0 0 1 0.46 1.89 0.26</i>
                <i>1 0 0 0 1 0 0 0 1 0.46 1.89 0.26</i>
                <i>1 0 0 0 1 0 0 0 1 0.46 1.89 0.26</i>
                <i>1 0 0 0 1 0 0 0 1 0.46 1.89 0.26</i>
                <i>1 0 0 0 1 0 0 0 1 0.46 1.89 0.26</i>
                <i>1 0 0 0 1 0 0 0 1 0.46 1.89 0.26</i>
                <i>1 0 0 0 1 0 0 0 1 0.46 1.89 0.26</i>
                <i>1 0 0 0 1 0 0 0 1 0.46 1.89 0.26</i>
                <i>1 0 0 0 1 0 0 0 1 0.46 1.89 0.26</i>
                <i>1 0 0 0 1 0 0 0 1 0.46 1.89 0.26</i>
                <i>1 0 0 0 1 0 0 0 1 0.46 1.89 0.26</i>
                <i>1 0 0 0 1 0 0 0 1 0.46 1.89 0.26</i>
                <i>1 0 0 0 1 0 0 0 1 0.46 1.89 0.26</i>
                <i>1 0 0 0 1 0 0 0 1 0.46 1.89 0.26</i>
                <i>1 0 0 0 1 0 0 0 1 0.46 1.89 0.26</i>
                <i>1 0 0 0 1 0 0 0 1 0.46 1.89 0.26</i>
                <i>1 0 0 0 1 0 0 0 1 0.46 1.89 0.26</i>
                <i>1 0 0 0 1 0 0 0 1 0.46 1.89 0.26</i>
                <i>1 0 0 0 1 0 0 0 1 0.46 1.89 0.26</i>
                <i>1 0 0 0 1 0 0 0 1 0.46 1.89 0.26</i>
                <i>1 0 0 0 1 0 0 0 1 0.46 1.89 0.26</i>
                <i>1 0 0 0 1 0 0 0 1 0.46 1.89 0.26</i>
                <i>1 0 0 0 1 0 0 0 1 0.46 1.89 0.26</i>
                <i>1 0 0 0 1 0 0 0 1 0.46 1.89 0.26</i>
                <i>1 0 0 0 1 0 0 0 1 0.46 1.89 0.26</i>
                <i>1 0 0 0 1 0 0 0 1 0.46 1.89 0.26</i>
                <i>1 0 0 0 1 0 0 0 1 0.46 1.89 0.26</i>
                <i>1 0 0 0 1 0 0 0 1 0.46 1.89 0.26</i>
                <i>1 0 0 0 1 0 0 0 1 0.46 1.89 0.26</i>
                <i>1 0 0 0 1 0 0 0 1 0.46 1.89 0.26</i>
                <i>1 0 0 0 1 0 0 0 1 0.46 1.89 0.26</i>
                <i>1 0 0 0 1 0 0 0 1 0.46 1.89 0.26</i>
                <i>1 0 0 0 1 0 0 0 1 0.46 1.89 0.26</i>
                <i>1 0 0 0 1 0 0 0 1 0.46 1.89 0.26</i>
                <i>1 0 0 0 1 0 0 0 1 0.46 1.89 0.26</i>
                <i>1 0 0 0 1 0 0 0 1 0.46 1.89 0.26</i>
                <i>1 0 0 0 1 0 0 0 1 0.46 1.89 0.26</i>
                <i>1 0 0 0 1 0 0 0 1 0.46 1.89 0.26</i>
                <i>1 0 0 0 1 0 0 0 1 0.46 1.89 0.26</i>
                <i>1 0 0 0 1 0 0 0 1 0.46 1.89 0.26</i>
                <i>1 0 0 0 1 0 0 0 1 0.46 1.89 0.26</i>
                <i>1 0 0 0 1 0 0 0 1 0.46 1.89 0.26</i>
                <i>1 0 0 0 1 0 0 0 1 0.46 1.89 0.26</i>
                <i>1 0 0 0 1 0 0 0 1 0.46 1.89 0.26</i>
                <i>1 0 0 0 1 0 0 0 1 0.46 1.89 0.26</i>
                <i>1 0 0 0 1 0 0 0 1 0.46 1.89 0.26</i>
                <i>1 0 0 0 1 0 0 0 1 0.46 1.89 0.26</i>
                <i>1 0 0 0 1 0 0 0 1 0.46 1.89 0.26</i>
                <i>1 0 0 0 1 0 0 0 1 0.46 1.89 0.26</i>
                <i>1 0 0 0 1 0 0 0 1 0.46 1.89 0.26</i>
                <i>1 0 0 0 1 0 0 0 1 0.46 1.89 0.26</i>
                <i>1 0 0 0 1 0 0 0 1 0.46 1.89 0.26</i>
                <i>1 0 0 0 1 0 0 0 1 0.46 1.89 0.26</i>
                <i>1 0 0 0 1 0 0 0 1 0.46 1.89 0.26</i>
                <i>1 0 0 0 1 0 0 0 1 0.46 1.89 0.26</i>
                <i>1 0 0 0 1 0 0 0 1 0.46 1.89 0.26</i>
                <i>1 0 0 0 1 0 0 0 1 0.46 1.89 0.26</i>
                <i>1 0 0 0 1 0 0 0 1 0.46 1.89 0.26</i>
            </KeyFrames>
        </RefFrame>
        <Bones count="23">
            <i>
                <p>
                    <Name><![CDATA[pelvis]]></Name>
                    <Exclude>0</Exclude>
                    <Additive>0</Additive>
                    <IKPriority>0</IKPriority>
                    <IKRotLimits>-1e+010 -1e+010 -1e+010 1e+010 1e+010 1e+010</IKRotLimits>
                    <IKRotLimitOrder>2</IKRotLimitOrder>
                    <KeyFrames count="80">
                        <i>1 0 0 0 1 0 0 0 1 0.463542 2.05239 -0.086187</i>
                        <i>1 0 0 0 1 0 0 0 1 0.463542 2.05239 -0.086187</i>
                        <i>1 0 0 0 1 0 0 0 1 0.463542 2.05239 -0.086187</i>
                        <i>1 0 0 0 1 0 0 0 1 0.463542 2.05239 -0.086187</i>
                        <i>1 0 0 0 1 0 0 0 1 0.463542 2.05239 -0.086187</i>
                        <i>1 0 0 0 1 0 0 0 1 0.463542 2.05239 -0.086187</i>
                        <i>1 0 0 0 1 0 0 0 1 0.463542 2.05239 -0.086187</i>
                        <i>1 0 0 0 1 0 0 0 1 0.463542 2.05239 -0.086187</i>
                        <i>1 0 0 0 1 0 0 0 1 0.463542 2.05239 -0.086187</i>
                        <i>1 0 0 0 1 0 0 0 1 0.463542 2.05239 -0.086187</i>
                        <i>1 0 0 0 1 0 0 0 1 0.463542 2.05239 -0.086187</i>
                        <i>1 0 0 0 1 0 0 0 1 0.463542 2.05239 -0.086187</i>
                        <i>1 0 0 0 1 0 0 0 1 0.463542 2.05239 -0.086187</i>
                        <i>1 0 0 0 1 0 0 0 1 0.463542 2.05239 -0.086187</i>
                        <i>1 0 0 0 1 0 0 0 1 0.463542 2.05239 -0.086187</i>
                        <i>1 0 0 0 1 0 0 0 1 0.463542 2.05239 -0.086187</i>
                        <i>1 0 0 0 1 0 0 0 1 0.463542 2.05239 -0.086187</i>
                        <i>1 0 0 0 1 0 0 0 1 0.463542 2.05239 -0.086187</i>
                        <i>1 0 0 0 1 0 0 0 1 0.463542 2.05239 -0.086187</i>
                        <i>1 0 0 0 1 0 0 0 1 0.463542 2.05239 -0.086187</i>
                        <i>1 0 0 0 1 0 0 0 1 0.463542 2.05239 -0.086187</i>
                        <i>1 0 0 0 1 0 0 0 1 0.463542 2.05239 -0.086187</i>
                        <i>1 0 0 0 1 0 0 0 1 0.463542 2.05239 -0.086187</i>
                        <i>1 0 0 0 1 0 0 0 1 0.463542 2.05239 -0.086187</i>
                        <i>1 0 0 0 1 0 0 0 1 0.463542 2.05239 -0.086187</i>
                        <i>1 0 0 0 1 0 0 0 1 0.463542 2.05239 -0.086187</i>
                        <i>1 0 0 0 1 0 0 0 1 0.463542 2.05239 -0.086187</i>
                        <i>1 0 0 0 1 0 0 0 1 0.463516 2.05154 -0.0861829</i>
                        <i>1 0 0 0 1 0 0 0 1 0.463467 2.04919 -0.0861751</i>
                        <i>1 0 0 0 1 0 0 0 1 0.463447 2.04564 -0.0861715</i>
                        <i>1 0 0 0 1 0 0 0 1 0.463479 2.04118 -0.0861766</i>
                        <i>1 0 0 0 1 0 0 0 1 0.463534 2.03611 -0.0861856</i>
                        <i>1 0 0 0 1 0 0 0 1 0.463542 2.03072 -0.086187</i>
                        <i>1 0 0 0 1 0 0 0 1 0.463542 2.02532 -0.086187</i>
                        <i>1 0 0 0 1 0 0 0 1 0.463542 2.02019 -0.086187</i>
                        <i>1 0 0 0 1 0 0 0 1 0.463542 2.01565 -0.086187</i>
                        <i>1 0 0 0 1 0 0 0 1 0.463542 2.01197 -0.086187</i>
                        <i>1 0 0 0 1 0 0 0 1 0.463542 2.00946 -0.086187</i>
                        <i>1 0 0 0 1 0 0 0 1 0.463542 2.00842 -0.086187</i>
                        <i>1 0 0 0 1 0 0 0 1 0.463542 2.00914 -0.086187</i>
                        <i>1 0 0 0 1 0 0 0 1 0.463542 2.04125 -0.086187</i>
                        <i>1 0 0 0 1 0 0 0 1 0.463542 2.07791 -0.086187</i>
                        <i>1 0 0 0 1 0 0 0 1 0.463542 2.06785 -0.086187</i>
                        <i>1 0 0 0 1 0 0 0 1 0.463542 2.05239 -0.086187</i>
                        <i>1 0 0 0 1 0 0 0 1 0.463542 2.05239 -0.086187</i>
                        <i>1 0 0 0 1 0 0 0 1 0.463542 2.05239 -0.086187</i>
                        <i>1 0 0 0 1 0 0 0 1 0.463542 2.05239 -0.086187</i>
                        <i>1 0 0 0 1 0 0 0 1 0.463542 2.05239 -0.086187</i>
                        <i>1 0 0 0 1 0 0 0 1 0.463542 2.05239 -0.086187</i>
                        <i>1 0 0 0 1 0 0 0 1 0.463542 2.05239 -0.086187</i>
                        <i>1 0 0 0 1 0 0 0 1 0.463542 2.05239 -0.086187</i>
                        <i>1 0 0 0 1 0 0 0 1 0.463542 2.05239 -0.086187</i>
                        <i>1 0 0 0 1 0 0 0 1 0.463542 2.05239 -0.086187</i>
                        <i>1 0 0 0 1 0 0 0 1 0.463542 2.05239 -0.086187</i>
                        <i>1 0 0 0 1 0 0 0 1 0.463542 2.05239 -0.086187</i>
                        <i>1 0 0 0 1 0 0 0 1 0.463542 2.05239 -0.086187</i>
                        <i>1 0 0 0 1 0 0 0 1 0.463542 2.05239 -0.086187</i>
                        <i>1 0 0 0 1 0 0 0 1 0.463542 2.05239 -0.086187</i>
                        <i>1 0 0 0 1 0 0 0 1 0.463542 2.05239 -0.086187</i>
                        <i>1 0 0 0 1 0 0 0 1 0.463542 2.05239 -0.086187</i>
                        <i>1 0 0 0 1 0 0 0 1 0.463542 2.05239 -0.086187</i>
                        <i>1 0 0 0 1 0 0 0 1 0.463542 2.05239 -0.086187</i>
                        <i>1 0 0 0 1 0 0 0 1 0.463542 2.05239 -0.086187</i>
                        <i>1 0 0 0 1 0 0 0 1 0.463542 2.05239 -0.086187</i>
                        <i>1 0 0 0 1 0 0 0 1 0.463542 2.05239 -0.086187</i>
                        <i>1 0 0 0 1 0 0 0 1 0.463542 2.05239 -0.086187</i>
                        <i>1 0 0 0 1 0 0 0 1 0.463542 2.05239 -0.086187</i>
                        <i>1 0 0 0 1 0 0 0 1 0.463542 2.05239 -0.086187</i>
                        <i>1 0 0 0 1 0 0 0 1 0.463542 2.05239 -0.086187</i>
                        <i>1 0 0 0 1 0 0 0 1 0.463542 2.05239 -0.086187</i>
                        <i>1 0 0 0 1 0 0 0 1 0.463542 2.05239 -0.086187</i>
                        <i>1 0 0 0 1 0 0 0 1 0.463542 2.05239 -0.086187</i>
                        <i>1 0 0 0 1 0 0 0 1 0.463542 2.05239 -0.086187</i>
                        <i>1 0 0 0 1 0 0 0 1 0.463542 2.05239 -0.086187</i>
                        <i>1 0 0 0 1 0 0 0 1 0.463542 2.05239 -0.086187</i>
                        <i>1 0 0 0 1 0 0 0 1 0.463542 2.05239 -0.086187</i>
                        <i>1 0 0 0 1 0 0 0 1 0.463542 2.05239 -0.086187</i>
                        <i>1 0 0 0 1 0 0 0 1 0.463542 2.05239 -0.086187</i>
                        <i>1 0 0 0 1 0 0 0 1 0.463542 2.05239 -0.086187</i>
                        <i>1 0 0 0 1 0 0 0 1 0.463542 2.05239 -0.086187</i>
                    </KeyFrames>
                </p>
            </i>
            <i>
                <p>
                    <Name><![CDATA[spine0]]></Name>
                    <Exclude>0</Exclude>
                    <Additive>0</Additive>
                    <IKPriority>0</IKPriority>
                    <IKRotLimits>-1e+010 -1e+010 -1e+010 1e+010 1e+010 1e+010</IKRotLimits>
                    <IKRotLimitOrder>0</IKRotLimitOrder>
                    <KeyFrames count="80">
                        <i>0.0866613 0.980173 -0.178189 -0.995876 0.080412 -0.0420129 -0.0268514 0.181095 0.983099 0.49217 2.1548 -0.183083</i>
                        <i>0.086362 0.981307 -0.171982 -0.995888 0.0802913 -0.0419602 -0.0273672 0.174898 0.984206 0.49217 2.1548 -0.183083</i>
                        <i>0.08599 0.982569 -0.164817 -0.995904 0.0801304 -0.0418899 -0.0279528 0.167744 0.985434 0.49217 2.1548 -0.183083</i>
                        <i>0.0855589 0.98387 -0.157096 -0.995923 0.0799323 -0.0418033 -0.028572 0.160032 0.986698 0.49217 2.1548 -0.183083</i>
                        <i>0.0850902 0.985131 -0.149251 -0.995946 0.0797059 -0.0417044 -0.0291882 0.152194 0.98792 0.49217 2.1548 -0.183083</i>
                        <i>0.0846138 0.986281 -0.141741 -0.995969 0.0794665 -0.0415999 -0.0297655 0.14469 0.989029 0.49217 2.1548 -0.183083</i>
                        <i>0.0841671 0.987258 -0.135047 -0.995992 0.0792351 -0.0414988 -0.0302695 0.137999 0.98997 0.49217 2.1548 -0.183083</i>
                        <i>0.0837931 0.988012 -0.129661 -0.996011 0.0790368 -0.0414122 -0.0306677 0.132614 0.990693 0.49217 2.1548 -0.183083</i>
                        <i>0.0835369 0.988497 -0.126074 -0.996025 0.078899 -0.0413519 -0.0309291 0.129028 0.991159 0.49217 2.1548 -0.183083</i>
                        <i>0.0834426 0.98867 -0.124773 -0.99603 0.0788478 -0.0413296 -0.0310232 0.127727 0.991324 0.49217 2.1548 -0.183083</i>
                        <i>0.0834421 0.988671 -0.124766 -0.99603 0.0788475 -0.0413294 -0.0310237 0.127719 0.991325 0.49217 2.1548 -0.183083</i>
                        <i>0.0834408 0.988674 -0.124748 -0.99603 0.0788468 -0.0413291 -0.0310251 0.127701 0.991327 0.49217 2.1548 -0.183083</i>
                        <i>0.083439 0.988677 -0.124724 -0.99603 0.0788459 -0.0413287 -0.0310268 0.127677 0.99133 0.49217 2.1548 -0.183083</i>
                        <i>0.0834373 0.98868 -0.1247 -0.99603 0.0788449 -0.0413283 -0.0310285 0.127654 0.991333 0.49217 2.1548 -0.183083</i>
                        <i>0.083436 0.988682 -0.124682 -0.99603 0.0788442 -0.041328 -0.0310298 0.127635 0.991336 0.49217 2.1548 -0.183083</i>
                        <i>0.0835021 0.988819 -0.123545 -0.995937 0.0786168 -0.0439111 -0.0337075 0.12671 0.991367 0.493 2.15279 -0.184924</i>
                        <i>0.0839825 0.988796 -0.123411 -0.995698 0.0784052 -0.0493838 -0.0391545 0.127027 0.991126 0.494983 2.14781 -0.189154</i>
                        <i>0.0840253 0.990371 -0.110021 -0.995435 0.0784105 -0.0544105 -0.0452599 0.11409 0.992439 0.497335 2.14157 -0.193895</i>
                        <i>0.0819874 0.994972 -0.0575252 -0.99525 0.0786975 -0.0572994 -0.0524842 0.0619498 0.996698 0.499278 2.1361 -0.197599</i>
                        <i>0.0728663 0.985394 0.153911 -0.994677 0.0830741 -0.0609595 -0.0728552 -0.14865 0.986203 0.500081 2.13374 -0.199076</i>
                        <i>0.0800737 0.992972 0.0871468 -0.994477 0.0855328 -0.0608195 -0.0678459 -0.0817955 0.994337 0.499522 2.13512 -0.19825</i>
                        <i>0.0900071 0.995679 -0.0228594 -0.99438 0.0885578 -0.0580144 -0.0557394 0.0279526 0.998054 0.498111 2.13859 -0.196055</i>
                        <i>0.0921736 0.993503 -0.0667467 -0.994713 0.0888238 -0.0515314 -0.0452679 0.0711437 0.996438 0.496253 2.14314 -0.192916</i>
                        <i>0.0906276 0.991664 -0.0915903 -0.995259 0.0869281 -0.0436129 -0.0352876 0.0951087 0.994841 0.494349 2.14781 -0.189348</i>
                        <i>0.0906978 0.990163 -0.106539 -0.995456 0.0870233 -0.0386566 -0.029005 0.109561 0.993557 0.492787 2.15178 -0.186004</i>
                        <i>0.094832 0.987236 -0.127955 -0.995112 0.0904512 -0.0396374 -0.0275578 0.131088 0.990988 0.491936 2.15433 -0.18365</i>
                        <i>0.102295 0.982443 -0.156019 -0.994209 0.0957816 -0.0487264 -0.0329272 0.160099 0.986552 0.49217 2.1548 -0.183083</i>
                        <i>0.115348 0.977283 -0.177802 -0.990477 0.0996151 -0.0950362 -0.0751655 0.187071 0.979467 0.495876 2.14719 -0.188653</i>
                        <i>0.130705 0.975745 -0.175605 -0.976826 0.0964642 -0.191065 -0.169491 0.196509 0.965742 0.505309 2.13209 -0.196051</i>
                        <i>0.130701 0.980871 -0.144254 -0.947739 0.0808974 -0.308621 -0.291048 0.177052 0.940183 0.518294 2.12121 -0.195611</i>
                        <i>0.114354 0.988478 -0.0991706 -0.903793 0.0620744 -0.423445 -0.41241 0.138052 0.900477 0.529226 2.12109 -0.18611</i>
                        <i>0.0946249 0.993699 -0.0600637 -0.860291 0.0512624 -0.507219 -0.500945 0.0996678 0.859721 0.533972 2.12529 -0.17439</i>
                        <i>0.0790021 0.996174 -0.0373724 -0.839101 0.0462115 -0.542009 -0.538208 0.0741791 0.839541 0.532951 2.12844 -0.165745</i>
                        <i>0.071081 0.997122 -0.0263789 -0.831345 0.0446083 -0.553963 -0.551192 0.0613062 0.832123 0.531882 2.12673 -0.161961</i>
                        <i>0.0749131 0.996711 -0.0308914 -0.831141 0.0452919 -0.554214 -0.550993 0.067193 0.831801 0.531882 2.1216 -0.161961</i>
                        <i>0.0831559 0.99567 -0.0415451 -0.830853 0.0462511 -0.554566 -0.550243 0.0806334 0.831102 0.531882 2.11706 -0.161961</i>
                        <i>0.0890591 0.994752 -0.0503594 -0.830836 0.046308 -0.554587 -0.549344 0.0912314 0.830601 0.531882 2.11338 -0.161961</i>
                        <i>0.0925006 0.99406 -0.0573409 -0.831118 0.0453677 -0.554242 -0.548348 0.0989248 0.830378 0.531882 2.11087 -0.161961</i>
                        <i>0.193532 0.97682 -0.0914717 -0.810792 0.106745 -0.575519 -0.552414 0.185546 0.812657 0.531882 2.10983 -0.161961</i>
                        <i>0.291423 0.949266 -0.118181 -0.786738 0.167562 -0.59411 -0.544166 0.266115 0.795655 0.531882 2.11055 -0.161961</i>
                        <i>0.230308 0.968458 -0.095116 -0.819712 0.140396 -0.555303 -0.524434 0.205858 0.826191 0.529634 2.14297 -0.163523</i>
                        <i>0.162741 0.984509 -0.0652437 -0.872467 0.112709 -0.475497 -0.460778 0.134306 0.877295 0.524516 2.18041 -0.166642</i>
                        <i>0.203362 0.977262 -0.0600217 -0.894001 0.160339 -0.418393 -0.399256 0.138745 0.906281 0.519187 2.17125 -0.169313</i>
                        <i>0.273606 0.959769 -0.0631202 -0.885556 0.225749 -0.40599 -0.375407 0.166978 0.911695 0.516706 2.15623 -0.170375</i>
                        <i>0.312377 0.947546 -0.067654 -0.872075 0.257798 -0.415962 -0.376703 0.188937 0.906862 0.516706 2.15623 -0.170375</i>
                        <i>0.290689 0.952831 -0.0872555 -0.893671 0.237793 -0.380535 -0.341837 0.188595 0.920641 0.514348 2.156 -0.172097</i>
                        <i>0.238142 0.96338 -0.12324 -0.936346 0.19403 -0.29259 -0.257963 0.185073 0.948263 0.508518 2.15552 -0.175839</i>
                        <i>0.169833 0.974249 -0.148312 -0.973183 0.142111 -0.180884 -0.155149 0.175055 0.972257 0.501224 2.15509 -0.179613</i>
                        <i>0.110243 0.981924 -0.153853 -0.991665 0.0982834 -0.0833111 -0.066684 0.161755 0.984575 0.494881 2.15486 -0.182175</i>
                        <i>0.0852544 0.984706 -0.151942 -0.995938 0.0797863 -0.0417396 -0.0289783 0.154884 0.987508 0.49217 2.1548 -0.183083</i>
                        <i>0.0853173 0.984538 -0.152989 -0.995935 0.0798168 -0.0417529 -0.0288962 0.15593 0.987345 0.49217 2.1548 -0.183083</i>
                        <i>0.085482 0.984087 -0.155774 -0.995927 0.0798958 -0.0417874 -0.0286768 0.158712 0.986908 0.49217 2.1548 -0.183083</i>
                        <i>0.085711 0.983428 -0.159758 -0.995916 0.0800034 -0.0418344 -0.02836 0.162691 0.986269 0.49217 2.1548 -0.183083</i>
                        <i>0.0859677 0.98264 -0.164403 -0.995905 0.0801204 -0.0418855 -0.0279864 0.16733 0.985504 0.49217 2.1548 -0.183083</i>
                        <i>0.0862202 0.981806 -0.169186 -0.995894 0.0802312 -0.041934 -0.027597 0.172107 0.984692 0.49217 2.1548 -0.183083</i>
                        <i>0.0864424 0.981014 -0.173606 -0.995885 0.0803246 -0.0419748 -0.027233 0.17652 0.98392 0.49217 2.1548 -0.183083</i>
                        <i>0.0866142 0.98036 -0.177181 -0.995878 0.0803936 -0.0420049 -0.0269357 0.180089 0.983281 0.49217 2.1548 -0.183083</i>
                        <i>0.0867193 0.979938 -0.179447 -0.995874 0.0804343 -0.0420227 -0.0267459 0.182351 0.98287 0.49217 2.1548 -0.183083</i>
                        <i>0.0867419 0.979845 -0.179943 -0.995873 0.0804428 -0.0420264 -0.0267042 0.182846 0.982779 0.49217 2.1548 -0.183083</i>
                        <i>0.0866613 0.980173 -0.178189 -0.995876 0.080412 -0.0420129 -0.0268514 0.181095 0.983099 0.49217 2.1548 -0.183083</i>
                        <i>0.0864257 0.981076 -0.173266 -0.995885 0.0803178 -0.0419718 -0.0272611 0.176181 0.98398 0.49217 2.1548 -0.183083</i>
                        <i>0.0860039 0.982524 -0.165076 -0.995903 0.0801366 -0.0418926 -0.0279319 0.168003 0.985391 0.49217 2.1548 -0.183083</i>
                        <i>0.0853981 0.984319 -0.154346 -0.995931 0.0798557 -0.0417699 -0.0287895 0.157285 0.987134 0.49217 2.1548 -0.183083</i>
                        <i>0.0846221 0.986262 -0.141869 -0.995969 0.0794708 -0.0416017 -0.0297558 0.144817 0.989011 0.49217 2.1548 -0.183083</i>
                        <i>0.083713 0.988166 -0.128531 -0.996015 0.0789939 -0.0413934 -0.0307504 0.131484 0.990841 0.49217 2.1548 -0.183083</i>
                        <i>0.0827348 0.989878 -0.115308 -0.996067 0.0784575 -0.0411591 -0.0316957 0.11826 0.992477 0.49217 2.1548 -0.183083</i>
                        <i>0.0817771 0.99129 -0.10323 -0.99612 0.0779141 -0.0409216 -0.0325221 0.106176 0.993815 0.49217 2.1548 -0.183083</i>
                        <i>0.0809489 0.992338 -0.0933434 -0.996166 0.0774318 -0.0407109 -0.0331713 0.096281 0.994801 0.49217 2.1548 -0.183083</i>
                        <i>0.0803685 0.992989 -0.0866784 -0.996199 0.0770877 -0.0405606 -0.0335944 0.0896087 0.99541 0.49217 2.1548 -0.183083</i>
                        <i>0.0801515 0.993217 -0.0842378 -0.996211 0.0769579 -0.0405039 -0.0337464 0.0871651 0.995622 0.49217 2.1548 -0.183083</i>
                        <i>0.0801515 0.993217 -0.0842378 -0.996211 0.0769579 -0.0405039 -0.0337464 0.0871651 0.995622 0.49217 2.1548 -0.183083</i>
                        <i>0.0801515 0.993217 -0.0842378 -0.996211 0.0769579 -0.0405039 -0.0337464 0.0871651 0.995622 0.49217 2.1548 -0.183083</i>
                        <i>0.0801515 0.993217 -0.0842378 -0.996211 0.0769579 -0.0405039 -0.0337464 0.0871651 0.995622 0.49217 2.1548 -0.183083</i>
                        <i>0.0801515 0.993217 -0.0842378 -0.996211 0.0769579 -0.0405039 -0.0337464 0.0871651 0.995622 0.49217 2.1548 -0.183083</i>
                        <i>0.0801515 0.993217 -0.0842378 -0.996211 0.0769579 -0.0405039 -0.0337464 0.0871651 0.995622 0.49217 2.1548 -0.183083</i>
                        <i>0.0801515 0.993217 -0.0842378 -0.996211 0.0769579 -0.0405039 -0.0337464 0.0871651 0.995622 0.49217 2.1548 -0.183083</i>
                        <i>0.0801515 0.993217 -0.0842378 -0.996211 0.0769579 -0.0405039 -0.0337464 0.0871651 0.995622 0.49217 2.1548 -0.183083</i>
                        <i>0.0801515 0.993217 -0.0842378 -0.996211 0.0769579 -0.0405039 -0.0337464 0.0871651 0.995622 0.49217 2.1548 -0.183083</i>
                        <i>0.0801515 0.993217 -0.0842378 -0.996211 0.0769579 -0.0405039 -0.0337464 0.0871651 0.995622 0.49217 2.1548 -0.183083</i>
                        <i>0.0801515 0.993217 -0.0842378 -0.996211 0.0769579 -0.0405039 -0.0337464 0.0871651 0.995622 0.49217 2.1548 -0.183083</i>
                    </KeyFrames>
                </p>
            </i>
            <i>
                <p>
                    <Name><![CDATA[spine1]]></Name>
                    <Exclude>0</Exclude>
                    <Additive>0</Additive>
                    <IKPriority>0</IKPriority>
                    <IKRotLimits>-1e+010 -1e+010 -1e+010 1e+010 1e+010 1e+010</IKRotLimits>
                    <IKRotLimitOrder>0</IKRotLimitOrder>
                    <KeyFrames count="80">
                        <i>-0.118424 0.966423 0.228042 -0.992954 -0.114295 -0.0312767 -0.00416263 -0.230139 0.973149 0.508717 2.3419 -0.217216</i>
                        <i>-0.118779 0.965827 0.230369 -0.992913 -0.114605 -0.0314679 -0.00399116 -0.232474 0.972594 0.508634 2.34182 -0.215979</i>
                        <i>-0.119165 0.965162 0.23294 -0.992867 -0.114945 -0.0316578 -0.00377963 -0.235051 0.971976 0.508535 2.34175 -0.214558</i>
                        <i>-0.119553 0.964472 0.235585 -0.992822 -0.115292 -0.0318286 -0.00353663 -0.237699 0.971332 0.508425 2.34167 -0.213036</i>
                        <i>-0.119918 0.963796 0.238153 -0.992778 -0.115625 -0.0319686 -0.00327488 -0.240266 0.970701 0.50831 2.34161 -0.211497</i>
                        <i>-0.120242 0.963171 0.240508 -0.99274 -0.115925 -0.0320733 -0.00301122 -0.242618 0.970117 0.508196 2.34155 -0.210032</i>
                        <i>-0.120512 0.96263 0.242531 -0.992708 -0.116179 -0.0321439 -0.00276586 -0.244636 0.969611 0.508092 2.34151 -0.208732</i>
                        <i>-0.120715 0.962205 0.244111 -0.992684 -0.116373 -0.032186 -0.0025616 -0.24621 0.969213 0.508007 2.34148 -0.207689</i>
                        <i>-0.120844 0.961927 0.245141 -0.992669 -0.116498 -0.032207 -0.00242224 -0.247236 0.968952 0.507949 2.34146 -0.206997</i>
                        <i>-0.12089 0.961826 0.245511 -0.992663 -0.116543 -0.0322133 -0.00237106 -0.247604 0.968859 0.507928 2.34145 -0.206746</i>
                        <i>-0.12089 0.961826 0.245513 -0.992663 -0.116543 -0.0322133 -0.00237076 -0.247606 0.968858 0.507928 2.34145 -0.206744</i>
                        <i>-0.120891 0.961825 0.245518 -0.992663 -0.116544 -0.0322134 -0.00237005 -0.247611 0.968857 0.507927 2.34145 -0.206741</i>
                        <i>-0.120892 0.961823 0.245525 -0.992663 -0.116545 -0.0322135 -0.00236912 -0.247617 0.968855 0.507927 2.34145 -0.206736</i>
                        <i>-0.120892 0.961821 0.245531 -0.992663 -0.116545 -0.0322136 -0.00236817 -0.247624 0.968853 0.507926 2.34145 -0.206732</i>
                        <i>-0.120893 0.961819 0.245536 -0.992663 -0.116546 -0.0322137 -0.00236745 -0.247629 0.968852 0.507926 2.34145 -0.206728</i>
                        <i>-0.124103 0.957296 0.261117 -0.992269 -0.119995 -0.031681 0.00100464 -0.26303 0.964787 0.508882 2.3408 -0.208529</i>
                        <i>-0.131142 0.944773 0.300342 -0.991312 -0.128066 -0.0299966 0.0101236 -0.301667 0.95336 0.511274 2.33954 -0.213221</i>
                        <i>-0.138584 0.922426 0.360452 -0.990046 -0.138071 -0.0273119 0.0245746 -0.360649 0.932378 0.514091 2.33895 -0.215993</i>
                        <i>-0.143851 0.88685 0.439095 -0.988625 -0.148471 -0.0240109 0.0438987 -0.437554 0.89812 0.516081 2.33987 -0.209584</i>
                        <i>-0.135998 0.788994 0.59916 -0.988313 -0.15008 -0.0266983 0.0688574 -0.595789 0.800184 0.516097 2.35008 -0.16558</i>
                        <i>-0.146576 0.806512 0.57276 -0.987415 -0.15405 -0.0357713 0.0593836 -0.570796 0.818942 0.515899 2.33805 -0.18064</i>
                        <i>-0.154861 0.853688 0.497227 -0.987441 -0.149685 -0.0505438 0.0312789 -0.49881 0.866147 0.515093 2.32638 -0.20047</i>
                        <i>-0.145289 0.896311 0.418949 -0.989324 -0.126736 -0.0719498 -0.0113937 -0.424929 0.905155 0.51348 2.32877 -0.205481</i>
                        <i>-0.130237 0.932273 0.337497 -0.990035 -0.103889 -0.0950725 -0.0535715 -0.346516 0.936513 0.51156 2.33609 -0.20685</i>
                        <i>-0.119373 0.951807 0.282514 -0.989134 -0.0894174 -0.116695 -0.0858094 -0.293375 0.952139 0.510108 2.34082 -0.206463</i>
                        <i>-0.113658 0.960976 0.252205 -0.986147 -0.0782509 -0.146257 -0.120814 -0.265334 0.956557 0.509918 2.34149 -0.208019</i>
                        <i>-0.110092 0.965731 0.23504 -0.980318 -0.0665144 -0.185884 -0.16388 -0.250878 0.954046 0.511634 2.34168 -0.212876</i>
                        <i>-0.113773 0.959725 0.256874 -0.964857 -0.0450918 -0.258878 -0.236869 -0.2773 0.931127 0.518468 2.33848 -0.223605</i>
                        <i>-0.136445 0.944802 0.297879 -0.928469 -0.0171119 -0.371015 -0.345439 -0.327195 0.879554 0.53212 2.33195 -0.232222</i>
                        <i>-0.17906 0.932023 0.315074 -0.887066 -0.0144387 -0.461417 -0.425502 -0.362113 0.829351 0.545832 2.32731 -0.226151</i>
                        <i>-0.221994 0.927122 0.301933 -0.856719 -0.0376105 -0.51441 -0.465565 -0.372868 0.802633 0.553177 2.32728 -0.207004</i>
                        <i>-0.244716 0.929553 0.275765 -0.828125 -0.0524502 -0.558085 -0.504305 -0.36494 0.782621 0.553426 2.32851 -0.186848</i>
                        <i>-0.243271 0.937213 0.249903 -0.81265 -0.0562771 -0.580028 -0.529546 -0.344188 0.775316 0.548926 2.32864 -0.173408</i>
                        <i>-0.238614 0.941809 0.236769 -0.807558 -0.0570242 -0.587024 -0.539363 -0.331277 0.774172 0.546234 2.32668 -0.167399</i>
                        <i>-0.234433 0.943887 0.232635 -0.80763 -0.0559087 -0.587033 -0.541086 -0.325503 0.775418 0.547161 2.32349 -0.168376</i>
                        <i>-0.228513 0.947079 0.225442 -0.807952 -0.0552987 -0.586648 -0.543135 -0.316203 0.77783 0.548999 2.32066 -0.170625</i>
                        <i>-0.22255 0.950488 0.216898 -0.80818 -0.055433 -0.586321 -0.545268 -0.305779 0.780502 0.550335 2.31818 -0.172505</i>
                        <i>-0.216632 0.954095 0.206815 -0.808227 -0.0564527 -0.586159 -0.547577 -0.294135 0.783355 0.551107 2.31619 -0.173984</i>
                        <i>-0.0889416 0.98029 0.176409 -0.803834 0.0339411 -0.593885 -0.588167 -0.194624 0.784972 0.570633 2.30491 -0.180372</i>
                        <i>0.0609081 0.987812 0.143238 -0.790415 0.135367 -0.597428 -0.609536 -0.0768292 0.789026 0.589327 2.29736 -0.185346</i>
                        <i>-0.0347165 0.98219 0.184656 -0.803448 0.0824556 -0.589638 -0.594362 -0.168831 0.786276 0.57525 2.3344 -0.182459</i>
                        <i>-0.128885 0.962259 0.239678 -0.825658 0.0297385 -0.563386 -0.549251 -0.270505 0.790664 0.556632 2.37425 -0.179625</i>
                        <i>-0.0517156 0.965888 0.253745 -0.840954 0.0949215 -0.532716 -0.53863 -0.240937 0.807358 0.559278 2.36359 -0.181268</i>
                        <i>0.0646493 0.964822 0.254832 -0.834066 0.192443 -0.517011 -0.547864 -0.179122 0.817166 0.570105 2.34333 -0.182812</i>
                        <i>0.120916 0.958274 0.259018 -0.821785 0.243 -0.515384 -0.55682 -0.150539 0.816878 0.576177 2.33647 -0.18335</i>
                        <i>0.0923069 0.964509 0.247391 -0.856879 0.203496 -0.473653 -0.507186 -0.168263 0.845252 0.569107 2.33536 -0.188617</i>
                        <i>0.0318827 0.973849 0.224947 -0.924711 0.114157 -0.36315 -0.379333 -0.196433 0.904169 0.553125 2.33585 -0.199001</i>
                        <i>-0.040596 0.975151 0.217791 -0.976308 0.00765365 -0.216252 -0.212546 -0.22141 0.951736 0.533102 2.33786 -0.207534</i>
                        <i>-0.0977766 0.968611 0.228545 -0.993039 -0.0798001 -0.086638 -0.0656806 -0.235425 0.969671 0.515718 2.34038 -0.21135</i>
                        <i>-0.119796 0.964025 0.237285 -0.992793 -0.115513 -0.0319242 -0.00336629 -0.239399 0.970915 0.50835 2.34163 -0.212024</i>
                        <i>-0.119747 0.964115 0.236944 -0.992799 -0.115469 -0.0319059 -0.00340142 -0.239058 0.970999 0.508366 2.34164 -0.212229</i>
                        <i>-0.119616 0.964357 0.236026 -0.992814 -0.11535 -0.0318544 -0.00349353 -0.23814 0.971224 0.508406 2.34166 -0.212776</i>
                        <i>-0.119422 0.964707 0.234687 -0.992837 -0.115175 -0.0317735 -0.00362208 -0.236801 0.971551 0.508464 2.3417 -0.213559</i>
                        <i>-0.119187 0.965125 0.233085 -0.992865 -0.114964 -0.0316679 -0.00376697 -0.235196 0.971941 0.50853 2.34174 -0.214476</i>
                        <i>-0.118933 0.965565 0.231386 -0.992895 -0.11474 -0.0315458 -0.0039103 -0.233494 0.97235 0.508596 2.34179 -0.215423</i>
                        <i>-0.118688 0.965981 0.229769 -0.992923 -0.114525 -0.0314203 -0.00403714 -0.231872 0.972738 0.508656 2.34184 -0.216302</i>
                        <i>-0.118483 0.966325 0.228426 -0.992948 -0.114346 -0.0313095 -0.00413558 -0.230525 0.973058 0.508703 2.34188 -0.217015</i>
                        <i>-0.118349 0.966546 0.227558 -0.992963 -0.11423 -0.0312348 -0.00419598 -0.229653 0.973264 0.508733 2.34191 -0.217468</i>
                        <i>-0.118319 0.966595 0.227366 -0.992967 -0.114204 -0.031218 -0.00420897 -0.22946 0.973309 0.50874 2.34192 -0.217567</i>
                        <i>-0.118424 0.966423 0.228042 -0.992954 -0.114295 -0.0312767 -0.00416263 -0.230139 0.973149 0.508717 2.3419 -0.217216</i>
                        <i>-0.118707 0.965949 0.229895 -0.992921 -0.114542 -0.0314304 -0.00402757 -0.231999 0.972708 0.508651 2.34184 -0.216234</i>
                        <i>-0.119152 0.965186 0.232849 -0.992869 -0.114933 -0.0316515 -0.00378751 -0.23496 0.971998 0.508539 2.34175 -0.214609</i>
                        <i>-0.119684 0.964232 0.236498 -0.992806 -0.115411 -0.0318814 -0.00344653 -0.238613 0.971109 0.508385 2.34165 -0.212495</i>
                        <i>-0.120237 0.963181 0.240468 -0.992741 -0.11592 -0.0320717 -0.0030158 -0.242579 0.970127 0.508198 2.34156 -0.210057</i>
                        <i>-0.120756 0.962117 0.244437 -0.992679 -0.116413 -0.0321932 -0.00251799 -0.246535 0.969131 0.507988 2.34147 -0.207471</i>
                        <i>-0.121203 0.961112 0.248139 -0.992626 -0.116854 -0.0322378 -0.00198824 -0.250217 0.968188 0.507771 2.34141 -0.204925</i>
                        <i>-0.121555 0.960232 0.251356 -0.992584 -0.117217 -0.0322176 -0.00147332 -0.253408 0.967358 0.507565 2.34137 -0.202614</i>
                        <i>-0.121805 0.959532 0.253894 -0.992553 -0.117487 -0.0321602 -0.00102944 -0.25592 0.966697 0.507391 2.34134 -0.200731</i>
                        <i>-0.121956 0.959069 0.255565 -0.992535 -0.117657 -0.0321014 -0.000718476 -0.257572 0.966259 0.50727 2.34133 -0.199465</i>
                        <i>-0.122007 0.958901 0.25617 -0.992529 -0.117717 -0.0320759 -0.000602167 -0.25817 0.966099 0.507226 2.34132 -0.199002</i>
                        <i>-0.122007 0.958901 0.25617 -0.992529 -0.117717 -0.0320759 -0.000602167 -0.25817 0.966099 0.507226 2.34132 -0.199002</i>
                        <i>-0.122007 0.958901 0.25617 -0.992529 -0.117717 -0.0320759 -0.000602167 -0.25817 0.966099 0.507226 2.34132 -0.199002</i>
                        <i>-0.122007 0.958901 0.25617 -0.992529 -0.117717 -0.0320759 -0.000602167 -0.25817 0.966099 0.507226 2.34132 -0.199002</i>
                        <i>-0.122007 0.958901 0.25617 -0.992529 -0.117717 -0.0320759 -0.000602167 -0.25817 0.966099 0.507226 2.34132 -0.199002</i>
                        <i>-0.122007 0.958901 0.25617 -0.992529 -0.117717 -0.0320759 -0.000602167 -0.25817 0.966099 0.507226 2.34132 -0.199002</i>
                        <i>-0.122007 0.958901 0.25617 -0.992529 -0.117717 -0.0320759 -0.000602167 -0.25817 0.966099 0.507226 2.34132 -0.199002</i>
                        <i>-0.122007 0.958901 0.25617 -0.992529 -0.117717 -0.0320759 -0.000602167 -0.25817 0.966099 0.507226 2.34132 -0.199002</i>
                        <i>-0.122007 0.958901 0.25617 -0.992529 -0.117717 -0.0320759 -0.000602167 -0.25817 0.966099 0.507226 2.34132 -0.199002</i>
                        <i>-0.122007 0.958901 0.25617 -0.992529 -0.117717 -0.0320759 -0.000602167 -0.25817 0.966099 0.507226 2.34132 -0.199002</i>
                        <i>-0.122007 0.958901 0.25617 -0.992529 -0.117717 -0.0320759 -0.000602167 -0.25817 0.966099 0.507226 2.34132 -0.199002</i>
                    </KeyFrames>
                </p>
            </i>
            <i>
                <p>
                    <Name><![CDATA[spine2]]></Name>
                    <Exclude>0</Exclude>
                    <Additive>0</Additive>
                    <IKPriority>0</IKPriority>
                    <IKRotLimits>-1e+010 -1e+010 -1e+010 1e+010 1e+010 1e+010</IKRotLimits>
                    <IKRotLimitOrder>0</IKRotLimitOrder>
                    <KeyFrames count="80">
                        <i>-0.173684 0.892447 0.41638 -0.98418 -0.142284 -0.105566 -0.0349676 -0.428129 0.903041 0.487908 2.5114 -0.176845</i>
                        <i>-0.173204 0.897433 0.405728 -0.984206 -0.142408 -0.10516 -0.0365952 -0.417534 0.907924 0.487795 2.51096 -0.175267</i>
                        <i>-0.172633 0.90295 0.393546 -0.984236 -0.142543 -0.104696 -0.0384384 -0.405416 0.913324 0.487665 2.51049 -0.17347</i>
                        <i>-0.171999 0.90863 0.380535 -0.984269 -0.142678 -0.1042 -0.0403856 -0.392471 0.918877 0.487524 2.51001 -0.171562</i>
                        <i>-0.171334 0.914137 0.36742 -0.984303 -0.142805 -0.1037 -0.0423264 -0.37942 0.924256 0.48738 2.50956 -0.169649</i>
                        <i>-0.170679 0.919174 0.354948 -0.984337 -0.142918 -0.103223 -0.0441518 -0.367006 0.92917 0.487242 2.50915 -0.167839</i>
                        <i>-0.170078 0.92348 0.343885 -0.984368 -0.143011 -0.1028 -0.0457543 -0.355994 0.933368 0.487117 2.50882 -0.166243</i>
                        <i>-0.169584 0.926826 0.335014 -0.984393 -0.143082 -0.10246 -0.0470283 -0.347161 0.936626 0.487016 2.50856 -0.164968</i>
                        <i>-0.16925 0.928997 0.329118 -0.98441 -0.143127 -0.102234 -0.0478693 -0.34129 0.938738 0.486949 2.50839 -0.164124</i>
                        <i>-0.169127 0.929774 0.326982 -0.984416 -0.143142 -0.102152 -0.048173 -0.339163 0.939493 0.486925 2.50833 -0.163819</i>
                        <i>-0.169127 0.929778 0.32697 -0.984416 -0.143143 -0.102151 -0.0481747 -0.339151 0.939498 0.486924 2.50833 -0.163817</i>
                        <i>-0.169125 0.929789 0.32694 -0.984416 -0.143143 -0.10215 -0.048179 -0.339121 0.939508 0.486924 2.50833 -0.163813</i>
                        <i>-0.169123 0.929803 0.326901 -0.984416 -0.143143 -0.102149 -0.0481845 -0.339082 0.939522 0.486924 2.50833 -0.163807</i>
                        <i>-0.169121 0.929817 0.326862 -0.984417 -0.143143 -0.102147 -0.04819 -0.339044 0.939536 0.486923 2.50833 -0.163802</i>
                        <i>-0.169119 0.929828 0.326832 -0.984417 -0.143144 -0.102146 -0.0481943 -0.339014 0.939546 0.486923 2.50833 -0.163797</i>
                        <i>-0.170083 0.924601 0.340859 -0.98429 -0.142767 -0.103882 -0.0473858 -0.353173 0.934357 0.487174 2.50805 -0.16255</i>
                        <i>-0.172782 0.904845 0.389104 -0.984005 -0.141179 -0.108644 -0.0433724 -0.401652 0.914765 0.487895 2.50781 -0.15929</i>
                        <i>-0.175344 0.871351 0.45826 -0.983818 -0.137672 -0.114665 -0.0368235 -0.47095 0.881391 0.488721 2.50772 -0.149487</i>
                        <i>-0.175357 0.838262 0.516301 -0.984011 -0.132625 -0.118882 -0.0311803 -0.528893 0.848116 0.489055 2.5065 -0.126395</i>
                        <i>-0.168058 0.786271 0.594588 -0.985373 -0.11673 -0.124151 -0.0282098 -0.606755 0.794388 0.488786 2.50879 -0.0440448</i>
                        <i>-0.177595 0.802543 0.569547 -0.982978 -0.116987 -0.141664 -0.0470618 -0.585011 0.809659 0.488459 2.48914 -0.0725916</i>
                        <i>-0.187927 0.83928 0.510188 -0.978982 -0.118158 -0.166232 -0.0792325 -0.530704 0.843845 0.488277 2.47407 -0.113983</i>
                        <i>-0.189161 0.875562 0.444532 -0.974474 -0.111642 -0.194773 -0.120908 -0.470029 0.874331 0.488497 2.48247 -0.133248</i>
                        <i>-0.186627 0.90614 0.37958 -0.968291 -0.104341 -0.226991 -0.16608 -0.409907 0.89688 0.488741 2.49864 -0.14762</i>
