<?xml version="1.0" encoding="ISO-8859-1" ?>
<Animl Version="1">
    <ModellingPackage><![CDATA[Maya.2010]]></ModellingPackage>
    <SrcFile><![CDATA[anims\turrets\antitank\blue\~src\at_bgm71tow\antitank_bgm71tow_idle_crewman_c.mb]]></SrcFile>
    <FramesPerSecond>30</FramesPerSecond>
    <TotalFrames>120</TotalFrames>
    <Skeleton>
        <RefFrame>
            <Name><![CDATA[soldier_ref_frame]]></Name>
            <Exclude>0</Exclude>
            <Additive>0</Additive>
            <IKPriority>0</IKPriority>
            <IKRotLimits>-1e+010 -1e+010 -1e+010 1e+010 1e+010 1e+010</IKRotLimits>
            <IKRotLimitOrder>0</IKRotLimitOrder>
            <KeyFrames count="120">
                <i>1 0 0 0 1 0 0 0 1 -0.99 0.88 -2.41</i>
                <i>1 0 0 0 1 0 0 0 1 -0.99 0.88 -2.41</i>
                <i>1 0 0 0 1 0 0 0 1 -0.99 0.88 -2.41</i>
                <i>1 0 0 0 1 0 0 0 1 -0.99 0.88 -2.41</i>
                <i>1 0 0 0 1 0 0 0 1 -0.99 0.88 -2.41</i>
                <i>1 0 0 0 1 0 0 0 1 -0.99 0.88 -2.41</i>
                <i>1 0 0 0 1 0 0 0 1 -0.99 0.88 -2.41</i>
                <i>1 0 0 0 1 0 0 0 1 -0.99 0.88 -2.41</i>
                <i>1 0 0 0 1 0 0 0 1 -0.99 0.88 -2.41</i>
                <i>1 0 0 0 1 0 0 0 1 -0.99 0.88 -2.41</i>
                <i>1 0 0 0 1 0 0 0 1 -0.99 0.88 -2.41</i>
                <i>1 0 0 0 1 0 0 0 1 -0.99 0.88 -2.41</i>
                <i>1 0 0 0 1 0 0 0 1 -0.99 0.88 -2.41</i>
                <i>1 0 0 0 1 0 0 0 1 -0.99 0.88 -2.41</i>
                <i>1 0 0 0 1 0 0 0 1 -0.99 0.88 -2.41</i>
                <i>1 0 0 0 1 0 0 0 1 -0.99 0.88 -2.41</i>
                <i>1 0 0 0 1 0 0 0 1 -0.99 0.88 -2.41</i>
                <i>1 0 0 0 1 0 0 0 1 -0.99 0.88 -2.41</i>
                <i>1 0 0 0 1 0 0 0 1 -0.99 0.88 -2.41</i>
                <i>1 0 0 0 1 0 0 0 1 -0.99 0.88 -2.41</i>
                <i>1 0 0 0 1 0 0 0 1 -0.99 0.88 -2.41</i>
                <i>1 0 0 0 1 0 0 0 1 -0.99 0.88 -2.41</i>
                <i>1 0 0 0 1 0 0 0 1 -0.99 0.88 -2.41</i>
                <i>1 0 0 0 1 0 0 0 1 -0.99 0.88 -2.41</i>
                <i>1 0 0 0 1 0 0 0 1 -0.99 0.88 -2.41</i>
                <i>1 0 0 0 1 0 0 0 1 -0.99 0.88 -2.41</i>
                <i>1 0 0 0 1 0 0 0 1 -0.99 0.88 -2.41</i>
                <i>1 0 0 0 1 0 0 0 1 -0.99 0.88 -2.41</i>
                <i>1 0 0 0 1 0 0 0 1 -0.99 0.88 -2.41</i>
                <i>1 0 0 0 1 0 0 0 1 -0.99 0.88 -2.41</i>
                <i>1 0 0 0 1 0 0 0 1 -0.99 0.88 -2.41</i>
                <i>1 0 0 0 1 0 0 0 1 -0.99 0.88 -2.41</i>
                <i>1 0 0 0 1 0 0 0 1 -0.99 0.88 -2.41</i>
                <i>1 0 0 0 1 0 0 0 1 -0.99 0.88 -2.41</i>
                <i>1 0 0 0 1 0 0 0 1 -0.99 0.88 -2.41</i>
                <i>1 0 0 0 1 0 0 0 1 -0.99 0.88 -2.41</i>
                <i>1 0 0 0 1 0 0 0 1 -0.99 0.88 -2.41</i>
                <i>1 0 0 0 1 0 0 0 1 -0.99 0.88 -2.41</i>
                <i>1 0 0 0 1 0 0 0 1 -0.99 0.88 -2.41</i>
                <i>1 0 0 0 1 0 0 0 1 -0.99 0.88 -2.41</i>
                <i>1 0 0 0 1 0 0 0 1 -0.99 0.88 -2.41</i>
                <i>1 0 0 0 1 0 0 0 1 -0.99 0.88 -2.41</i>
                <i>1 0 0 0 1 0 0 0 1 -0.99 0.88 -2.41</i>
                <i>1 0 0 0 1 0 0 0 1 -0.99 0.88 -2.41</i>
                <i>1 0 0 0 1 0 0 0 1 -0.99 0.88 -2.41</i>
                <i>1 0 0 0 1 0 0 0 1 -0.99 0.88 -2.41</i>
                <i>1 0 0 0 1 0 0 0 1 -0.99 0.88 -2.41</i>
                <i>1 0 0 0 1 0 0 0 1 -0.99 0.88 -2.41</i>
                <i>1 0 0 0 1 0 0 0 1 -0.99 0.88 -2.41</i>
                <i>1 0 0 0 1 0 0 0 1 -0.99 0.88 -2.41</i>
                <i>1 0 0 0 1 0 0 0 1 -0.99 0.88 -2.41</i>
                <i>1 0 0 0 1 0 0 0 1 -0.99 0.88 -2.41</i>
                <i>1 0 0 0 1 0 0 0 1 -0.99 0.88 -2.41</i>
                <i>1 0 0 0 1 0 0 0 1 -0.99 0.88 -2.41</i>
                <i>1 0 0 0 1 0 0 0 1 -0.99 0.88 -2.41</i>
                <i>1 0 0 0 1 0 0 0 1 -0.99 0.88 -2.41</i>
                <i>1 0 0 0 1 0 0 0 1 -0.99 0.88 -2.41</i>
                <i>1 0 0 0 1 0 0 0 1 -0.99 0.88 -2.41</i>
                <i>1 0 0 0 1 0 0 0 1 -0.99 0.88 -2.41</i>
                <i>1 0 0 0 1 0 0 0 1 -0.99 0.88 -2.41</i>
                <i>1 0 0 0 1 0 0 0 1 -0.99 0.88 -2.41</i>
                <i>1 0 0 0 1 0 0 0 1 -0.99 0.88 -2.41</i>
                <i>1 0 0 0 1 0 0 0 1 -0.99 0.88 -2.41</i>
                <i>1 0 0 0 1 0 0 0 1 -0.99 0.88 -2.41</i>
                <i>1 0 0 0 1 0 0 0 1 -0.99 0.88 -2.41</i>
                <i>1 0 0 0 1 0 0 0 1 -0.99 0.88 -2.41</i>
                <i>1 0 0 0 1 0 0 0 1 -0.99 0.88 -2.41</i>
                <i>1 0 0 0 1 0 0 0 1 -0.99 0.88 -2.41</i>
                <i>1 0 0 0 1 0 0 0 1 -0.99 0.88 -2.41</i>
                <i>1 0 0 0 1 0 0 0 1 -0.99 0.88 -2.41</i>
                <i>1 0 0 0 1 0 0 0 1 -0.99 0.88 -2.41</i>
                <i>1 0 0 0 1 0 0 0 1 -0.99 0.88 -2.41</i>
                <i>1 0 0 0 1 0 0 0 1 -0.99 0.88 -2.41</i>
                <i>1 0 0 0 1 0 0 0 1 -0.99 0.88 -2.41</i>
                <i>1 0 0 0 1 0 0 0 1 -0.99 0.88 -2.41</i>
                <i>1 0 0 0 1 0 0 0 1 -0.99 0.88 -2.41</i>
                <i>1 0 0 0 1 0 0 0 1 -0.99 0.88 -2.41</i>
                <i>1 0 0 0 1 0 0 0 1 -0.99 0.88 -2.41</i>
                <i>1 0 0 0 1 0 0 0 1 -0.99 0.88 -2.41</i>
                <i>1 0 0 0 1 0 0 0 1 -0.99 0.88 -2.41</i>
                <i>1 0 0 0 1 0 0 0 1 -0.99 0.88 -2.41</i>
                <i>1 0 0 0 1 0 0 0 1 -0.99 0.88 -2.41</i>
                <i>1 0 0 0 1 0 0 0 1 -0.99 0.88 -2.41</i>
                <i>1 0 0 0 1 0 0 0 1 -0.99 0.88 -2.41</i>
                <i>1 0 0 0 1 0 0 0 1 -0.99 0.88 -2.41</i>
                <i>1 0 0 0 1 0 0 0 1 -0.99 0.88 -2.41</i>
                <i>1 0 0 0 1 0 0 0 1 -0.99 0.88 -2.41</i>
                <i>1 0 0 0 1 0 0 0 1 -0.99 0.88 -2.41</i>
                <i>1 0 0 0 1 0 0 0 1 -0.99 0.88 -2.41</i>
                <i>1 0 0 0 1 0 0 0 1 -0.99 0.88 -2.41</i>
                <i>1 0 0 0 1 0 0 0 1 -0.99 0.88 -2.41</i>
                <i>1 0 0 0 1 0 0 0 1 -0.99 0.88 -2.41</i>
                <i>1 0 0 0 1 0 0 0 1 -0.99 0.88 -2.41</i>
                <i>1 0 0 0 1 0 0 0 1 -0.99 0.88 -2.41</i>
                <i>1 0 0 0 1 0 0 0 1 -0.99 0.88 -2.41</i>
                <i>1 0 0 0 1 0 0 0 1 -0.99 0.88 -2.41</i>
                <i>1 0 0 0 1 0 0 0 1 -0.99 0.88 -2.41</i>
                <i>1 0 0 0 1 0 0 0 1 -0.99 0.88 -2.41</i>
                <i>1 0 0 0 1 0 0 0 1 -0.99 0.88 -2.41</i>
                <i>1 0 0 0 1 0 0 0 1 -0.99 0.88 -2.41</i>
                <i>1 0 0 0 1 0 0 0 1 -0.99 0.88 -2.41</i>
                <i>1 0 0 0 1 0 0 0 1 -0.99 0.88 -2.41</i>
                <i>1 0 0 0 1 0 0 0 1 -0.99 0.88 -2.41</i>
                <i>1 0 0 0 1 0 0 0 1 -0.99 0.88 -2.41</i>
                <i>1 0 0 0 1 0 0 0 1 -0.99 0.88 -2.41</i>
                <i>1 0 0 0 1 0 0 0 1 -0.99 0.88 -2.41</i>
                <i>1 0 0 0 1 0 0 0 1 -0.99 0.88 -2.41</i>
                <i>1 0 0 0 1 0 0 0 1 -0.99 0.88 -2.41</i>
                <i>1 0 0 0 1 0 0 0 1 -0.99 0.88 -2.41</i>
                <i>1 0 0 0 1 0 0 0 1 -0.99 0.88 -2.41</i>
                <i>1 0 0 0 1 0 0 0 1 -0.99 0.88 -2.41</i>
                <i>1 0 0 0 1 0 0 0 1 -0.99 0.88 -2.41</i>
                <i>1 0 0 0 1 0 0 0 1 -0.99 0.88 -2.41</i>
                <i>1 0 0 0 1 0 0 0 1 -0.99 0.88 -2.41</i>
                <i>1 0 0 0 1 0 0 0 1 -0.99 0.88 -2.41</i>
                <i>1 0 0 0 1 0 0 0 1 -0.99 0.88 -2.41</i>
                <i>1 0 0 0 1 0 0 0 1 -0.99 0.88 -2.41</i>
                <i>1 0 0 0 1 0 0 0 1 -0.99 0.88 -2.41</i>
                <i>1 0 0 0 1 0 0 0 1 -0.99 0.88 -2.41</i>
                <i>1 0 0 0 1 0 0 0 1 -0.99 0.88 -2.41</i>
            </KeyFrames>
        </RefFrame>
        <Bones count="23">
            <i>
                <p>
                    <Name><![CDATA[pelvis]]></Name>
                    <Exclude>0</Exclude>
                    <Additive>0</Additive>
                    <IKPriority>0</IKPriority>
                    <IKRotLimits>-1e+010 -1e+010 -1e+010 1e+010 1e+010 1e+010</IKRotLimits>
                    <IKRotLimitOrder>2</IKRotLimitOrder>
                    <KeyFrames count="120">
                        <i>1 0 0 0 1 0 0 0 1 -1.02287 1.99199 -2.35064</i>
                        <i>1 0 0 0 1 0 0 0 1 -1.02287 1.99338 -2.35064</i>
                        <i>1 0 0 0 1 0 0 0 1 -1.02287 1.99497 -2.35064</i>
                        <i>1 0 0 0 1 0 0 0 1 -1.02287 1.99665 -2.35064</i>
                        <i>1 0 0 0 1 0 0 0 1 -1.02287 1.99833 -2.35064</i>
                        <i>1 0 0 0 1 0 0 0 1 -1.02287 1.99992 -2.35064</i>
                        <i>1 0 0 0 1 0 0 0 1 -1.02287 2.00132 -2.35064</i>
                        <i>1 0 0 0 1 0 0 0 1 -1.02287 2.00243 -2.35064</i>
                        <i>1 0 0 0 1 0 0 0 1 -1.02287 2.00317 -2.35064</i>
                        <i>1 0 0 0 1 0 0 0 1 -1.02287 2.00344 -2.35064</i>
                        <i>1 0 0 0 1 0 0 0 1 -1.02287 2.00307 -2.35064</i>
                        <i>1 0 0 0 1 0 0 0 1 -1.02287 2.00207 -2.35064</i>
                        <i>1 0 0 0 1 0 0 0 1 -1.02287 2.00061 -2.35064</i>
                        <i>1 0 0 0 1 0 0 0 1 -1.02287 1.99886 -2.35064</i>
                        <i>1 0 0 0 1 0 0 0 1 -1.02287 1.997 -2.35064</i>
                        <i>1 0 0 0 1 0 0 0 1 -1.02287 1.9952 -2.35064</i>
                        <i>1 0 0 0 1 0 0 0 1 -1.02287 1.99362 -2.35064</i>
                        <i>1 0 0 0 1 0 0 0 1 -1.02287 1.99245 -2.35064</i>
                        <i>1 0 0 0 1 0 0 0 1 -1.02287 1.99185 -2.35064</i>
                        <i>1 0 0 0 1 0 0 0 1 -1.02287 1.99199 -2.35064</i>
                        <i>1 0 0 0 1 0 0 0 1 -1.02287 1.9939 -2.35064</i>
                        <i>1 0 0 0 1 0 0 0 1 -1.02287 1.99782 -2.35064</i>
                        <i>1 0 0 0 1 0 0 0 1 -1.02287 2.00268 -2.35064</i>
                        <i>1 0 0 0 1 0 0 0 1 -1.02287 2.00746 -2.35064</i>
                        <i>1 0 0 0 1 0 0 0 1 -1.02287 2.01109 -2.35064</i>
                        <i>1 0 0 0 1 0 0 0 1 -1.02287 2.01253 -2.35064</i>
                        <i>1 0 0 0 1 0 0 0 1 -1.02287 2.01039 -2.35064</i>
                        <i>1 0 0 0 1 0 0 0 1 -1.02287 2.0053 -2.35064</i>
                        <i>1 0 0 0 1 0 0 0 1 -1.02287 1.99922 -2.35064</i>
                        <i>1 0 0 0 1 0 0 0 1 -1.02287 1.99412 -2.35064</i>
                        <i>1 0 0 0 1 0 0 0 1 -1.02287 1.99199 -2.35064</i>
                        <i>1 0 0 0 1 0 0 0 1 -1.02287 1.99412 -2.35064</i>
                        <i>1 0 0 0 1 0 0 0 1 -1.02287 1.99922 -2.35064</i>
                        <i>1 0 0 0 1 0 0 0 1 -1.02287 2.0053 -2.35064</i>
                        <i>1 0 0 0 1 0 0 0 1 -1.02287 2.01039 -2.35064</i>
                        <i>1 0 0 0 1 0 0 0 1 -1.02287 2.01253 -2.35064</i>
                        <i>1 0 0 0 1 0 0 0 1 -1.02287 2.01039 -2.35064</i>
                        <i>1 0 0 0 1 0 0 0 1 -1.02287 2.0053 -2.35064</i>
                        <i>1 0 0 0 1 0 0 0 1 -1.02287 1.99922 -2.35064</i>
                        <i>1 0 0 0 1 0 0 0 1 -1.02287 1.99412 -2.35064</i>
                        <i>1 0 0 0 1 0 0 0 1 -1.02287 1.99199 -2.35064</i>
                        <i>1 0 0 0 1 0 0 0 1 -1.02287 1.99412 -2.35064</i>
                        <i>1 0 0 0 1 0 0 0 1 -1.02287 1.99922 -2.35064</i>
                        <i>1 0 0 0 1 0 0 0 1 -1.02287 2.0053 -2.35064</i>
                        <i>1 0 0 0 1 0 0 0 1 -1.02287 2.01039 -2.35064</i>
                        <i>1 0 0 0 1 0 0 0 1 -1.02287 2.01253 -2.35064</i>
                        <i>1 0 0 0 1 0 0 0 1 -1.02287 2.01066 -2.35064</i>
                        <i>1 0 0 0 1 0 0 0 1 -1.02287 2.00609 -2.35064</i>
                        <i>1 0 0 0 1 0 0 0 1 -1.02287 2.00041 -2.35064</i>
                        <i>1 0 0 0 1 0 0 0 1 -1.02287 1.99518 -2.35064</i>
                        <i>1 0 0 0 1 0 0 0 1 -1.02287 1.99199 -2.35064</i>
                        <i>1 0 0 0 1 0 0 0 1 -1.02287 1.99081 -2.35064</i>
                        <i>1 0 0 0 1 0 0 0 1 -1.02287 1.99044 -2.35064</i>
                        <i>1 0 0 0 1 0 0 0 1 -1.02287 1.99066 -2.35064</i>
                        <i>1 0 0 0 1 0 0 0 1 -1.02287 1.99125 -2.35064</i>
                        <i>1 0 0 0 1 0 0 0 1 -1.02287 1.99199 -2.35064</i>
                        <i>1 0 0 0 1 0 0 0 1 -1.02287 1.99309 -2.35064</i>
                        <i>1 0 0 0 1 0 0 0 1 -1.02287 1.9948 -2.35064</i>
                        <i>1 0 0 0 1 0 0 0 1 -1.02287 1.99693 -2.35064</i>
                        <i>1 0 0 0 1 0 0 0 1 -1.02287 1.99929 -2.35064</i>
                        <i>1 0 0 0 1 0 0 0 1 -1.02287 2.00171 -2.35064</i>
                        <i>1 0 0 0 1 0 0 0 1 -1.02287 2.00398 -2.35064</i>
                        <i>1 0 0 0 1 0 0 0 1 -1.02287 2.00593 -2.35064</i>
                        <i>1 0 0 0 1 0 0 0 1 -1.02287 2.00737 -2.35064</i>
                        <i>1 0 0 0 1 0 0 0 1 -1.02287 2.00811 -2.35064</i>
                        <i>1 0 0 0 1 0 0 0 1 -1.02287 2.00829 -2.35064</i>
                        <i>1 0 0 0 1 0 0 0 1 -1.02287 2.00819 -2.35064</i>
                        <i>1 0 0 0 1 0 0 0 1 -1.02287 2.00784 -2.35064</i>
                        <i>1 0 0 0 1 0 0 0 1 -1.02287 2.00729 -2.35064</i>
                        <i>1 0 0 0 1 0 0 0 1 -1.02287 2.00658 -2.35064</i>
                        <i>1 0 0 0 1 0 0 0 1 -1.02287 2.00576 -2.35064</i>
                        <i>1 0 0 0 1 0 0 0 1 -1.02287 2.00486 -2.35064</i>
                        <i>1 0 0 0 1 0 0 0 1 -1.02287 2.00393 -2.35064</i>
                        <i>1 0 0 0 1 0 0 0 1 -1.02287 2.00301 -2.35064</i>
                        <i>1 0 0 0 1 0 0 0 1 -1.02287 2.00214 -2.35064</i>
                        <i>1 0 0 0 1 0 0 0 1 -1.02287 2.00136 -2.35064</i>
                        <i>1 0 0 0 1 0 0 0 1 -1.02287 2.00072 -2.35064</i>
                        <i>1 0 0 0 1 0 0 0 1 -1.02287 2.00026 -2.35064</i>
                        <i>1 0 0 0 1 0 0 0 1 -1.02287 2.00003 -2.35064</i>
                        <i>1 0 0 0 1 0 0 0 1 -1.02287 2.00005 -2.35064</i>
                        <i>1 0 0 0 1 0 0 0 1 -1.02287 2.00052 -2.35064</i>
                        <i>1 0 0 0 1 0 0 0 1 -1.02287 2.00152 -2.35064</i>
                        <i>1 0 0 0 1 0 0 0 1 -1.02287 2.0029 -2.35064</i>
                        <i>1 0 0 0 1 0 0 0 1 -1.02287 2.00454 -2.35064</i>
                        <i>1 0 0 0 1 0 0 0 1 -1.02287 2.00632 -2.35064</i>
                        <i>1 0 0 0 1 0 0 0 1 -1.02287 2.0081 -2.35064</i>
                        <i>1 0 0 0 1 0 0 0 1 -1.02287 2.00975 -2.35064</i>
                        <i>1 0 0 0 1 0 0 0 1 -1.02287 2.01115 -2.35064</i>
                        <i>1 0 0 0 1 0 0 0 1 -1.02287 2.01217 -2.35064</i>
                        <i>1 0 0 0 1 0 0 0 1 -1.02287 2.01267 -2.35064</i>
                        <i>1 0 0 0 1 0 0 0 1 -1.02287 2.01253 -2.35064</i>
                        <i>1 0 0 0 1 0 0 0 1 -1.02287 2.01007 -2.35064</i>
                        <i>1 0 0 0 1 0 0 0 1 -1.02287 2.00494 -2.35064</i>
                        <i>1 0 0 0 1 0 0 0 1 -1.02287 1.99898 -2.35064</i>
                        <i>1 0 0 0 1 0 0 0 1 -1.02287 1.99404 -2.35064</i>
                        <i>1 0 0 0 1 0 0 0 1 -1.02287 1.99199 -2.35064</i>
                        <i>1 0 0 0 1 0 0 0 1 -1.02287 1.99412 -2.35064</i>
                        <i>1 0 0 0 1 0 0 0 1 -1.02287 1.99922 -2.35064</i>
                        <i>1 0 0 0 1 0 0 0 1 -1.02287 2.0053 -2.35064</i>
                        <i>1 0 0 0 1 0 0 0 1 -1.02287 2.01039 -2.35064</i>
                        <i>1 0 0 0 1 0 0 0 1 -1.02287 2.01253 -2.35064</i>
                        <i>1 0 0 0 1 0 0 0 1 -1.02287 2.01039 -2.35064</i>
                        <i>1 0 0 0 1 0 0 0 1 -1.02287 2.0053 -2.35064</i>
                        <i>1 0 0 0 1 0 0 0 1 -1.02287 1.99922 -2.35064</i>
                        <i>1 0 0 0 1 0 0 0 1 -1.02287 1.99412 -2.35064</i>
                        <i>1 0 0 0 1 0 0 0 1 -1.02287 1.99199 -2.35064</i>
                        <i>1 0 0 0 1 0 0 0 1 -1.02287 1.99412 -2.35064</i>
                        <i>1 0 0 0 1 0 0 0 1 -1.02287 1.99922 -2.35064</i>
                        <i>1 0 0 0 1 0 0 0 1 -1.02287 2.0053 -2.35064</i>
                        <i>1 0 0 0 1 0 0 0 1 -1.02287 2.01039 -2.35064</i>
                        <i>1 0 0 0 1 0 0 0 1 -1.02287 2.01253 -2.35064</i>
                        <i>1 0 0 0 1 0 0 0 1 -1.02287 2.01061 -2.35064</i>
                        <i>1 0 0 0 1 0 0 0 1 -1.02287 2.00596 -2.35064</i>
                        <i>1 0 0 0 1 0 0 0 1 -1.02287 2.0002 -2.35064</i>
                        <i>1 0 0 0 1 0 0 0 1 -1.02287 1.995 -2.35064</i>
                        <i>1 0 0 0 1 0 0 0 1 -1.02287 1.99199 -2.35064</i>
                        <i>1 0 0 0 1 0 0 0 1 -1.02287 1.99098 -2.35064</i>
                        <i>1 0 0 0 1 0 0 0 1 -1.02287 1.99066 -2.35064</i>
                        <i>1 0 0 0 1 0 0 0 1 -1.02287 1.99101 -2.35064</i>
                        <i>1 0 0 0 1 0 0 0 1 -1.02287 1.99199 -2.35064</i>
                    </KeyFrames>
                </p>
            </i>
            <i>
                <p>
                    <Name><![CDATA[spine0]]></Name>
                    <Exclude>0</Exclude>
                    <Additive>0</Additive>
                    <IKPriority>0</IKPriority>
                    <IKRotLimits>-1e+010 -1e+010 -1e+010 1e+010 1e+010 1e+010</IKRotLimits>
                    <IKRotLimitOrder>0</IKRotLimitOrder>
                    <KeyFrames count="120">
                        <i>-0.00702867 0.999702 0.0233624 -0.929523 0.00208239 -0.368758 -0.368697 -0.0243078 0.929232 -1.0075 2.12855 -2.39318</i>
                        <i>-0.00829426 0.999631 0.0258502 -0.929522 0.00182358 -0.368763 -0.368674 -0.0270869 0.929164 -1.0075 2.12995 -2.39318</i>
                        <i>-0.00935291 0.999566 0.0279305 -0.92952 0.0016068 -0.368767 -0.368652 -0.029411 0.929102 -1.0075 2.13154 -2.39318</i>
                        <i>-0.0102155 0.999509 0.0296253 -0.929519 0.00143011 -0.36877 -0.368632 -0.0313045 0.929048 -1.0075 2.13322 -2.39318</i>
                        <i>-0.0108933 0.999461 0.0309574 -0.929519 0.00129142 -0.368773 -0.368614 -0.0327926 0.929004 -1.0075 2.1349 -2.39318</i>
                        <i>-0.0113976 0.999425 0.0319494 -0.929518 0.00118853 -0.368775 -0.368601 -0.0339007 0.92897 -1.0075 2.13649 -2.39318</i>
                        <i>-0.0117402 0.999399 0.0326245 -0.929518 0.00111912 -0.368776 -0.368591 -0.0346545 0.928945 -1.0075 2.13788 -2.39318</i>
                        <i>-0.0119328 0.999384 0.033006 -0.929517 0.00108078 -0.368777 -0.368585 -0.0350802 0.928932 -1.0075 2.139 -2.39318</i>
                        <i>-0.0119876 0.99938 0.0331175 -0.929517 0.00107101 -0.368777 -0.368584 -0.0352041 0.928928 -1.0075 2.13974 -2.39318</i>
                        <i>-0.0119166 0.999385 0.0329827 -0.929517 0.00108725 -0.368777 -0.368586 -0.0350525 0.928933 -1.0075 2.14 -2.39318</i>
                        <i>-0.0117321 0.999399 0.0326252 -0.929518 0.00112687 -0.368776 -0.368591 -0.0346522 0.928946 -1.0075 2.13963 -2.39318</i>
                        <i>-0.0114466 0.99942 0.0320692 -0.929518 0.00118716 -0.368775 -0.368599 -0.0340301 0.928965 -1.0075 2.13863 -2.39318</i>
                        <i>-0.0110725 0.999448 0.0313384 -0.929518 0.00126542 -0.368773 -0.368609 -0.0332129 0.928991 -1.0075 2.13717 -2.39318</i>
                        <i>-0.0106222 0.99948 0.0304572 -0.929519 0.00135888 -0.368772 -0.368621 -0.0322277 0.929021 -1.0075 2.13543 -2.39318</i>
                        <i>-0.0101085 0.999515 0.0294495 -0.92952 0.00146475 -0.36877 -0.368634 -0.0311016 0.929054 -1.0075 2.13357 -2.39318</i>
                        <i>-0.00954385 0.999553 0.0283397 -0.92952 0.00158025 -0.368768 -0.368647 -0.0298617 0.92909 -1.0075 2.13176 -2.39318</i>
                        <i>-0.00894091 0.999591 0.0271518 -0.929521 0.00170256 -0.368765 -0.368661 -0.0285352 0.929126 -1.0075 2.13019 -2.39318</i>
                        <i>-0.00831231 0.99963 0.0259101 -0.929522 0.00182889 -0.368763 -0.368674 -0.0271493 0.929162 -1.0075 2.12901 -2.39318</i>
                        <i>-0.0076707 0.999667 0.0246389 -0.929522 0.00195643 -0.36876 -0.368686 -0.0257311 0.929198 -1.0075 2.12841 -2.39318</i>
                        <i>-0.00702867 0.999702 0.0233624 -0.929523 0.00208239 -0.368758 -0.368697 -0.0243078 0.929232 -1.0075 2.12855 -2.39318</i>
                        <i>-0.00737397 0.99966 0.0249976 -0.92946 0.002369 -0.368916 -0.36885 -0.0259546 0.929127 -1.00779 2.13069 -2.39256</i>
                        <i>-0.00910678 0.999484 0.0307952 -0.929316 0.00291026 -0.369273 -0.369172 -0.0319814 0.928811 -1.00849 2.13513 -2.39107</i>
                        <i>-0.0113606 0.999203 0.0382567 -0.929161 0.00358885 -0.369657 -0.3695 -0.0397462 0.92838 -1.00933 2.14059 -2.38928</i>
                        <i>-0.0132969 0.99891 0.04475 -0.929046 0.00420596 -0.36994 -0.369725 -0.0464938 0.927977 -1.01003 2.14585 -2.38779</i>
                        <i>-0.0141168 0.99877 0.0475286 -0.929002 0.00447886 -0.370048 -0.369806 -0.049378 0.927796 -1.01033 2.14967 -2.38716</i>
                        <i>-0.0135449 0.998885 0.0452281 -0.929045 0.00415263 -0.369943 -0.369718 -0.0470298 0.927953 -1.01003 2.15092 -2.38779</i>
                        <i>-0.0121801 0.999132 0.0398266 -0.929159 0.0034082 -0.369666 -0.369481 -0.0415078 0.928311 -1.00933 2.1483 -2.38928</i>
                        <i>-0.0105619 0.999381 0.0335615 -0.929313 0.00258008 -0.369285 -0.369143 -0.0350895 0.92871 -1.00849 2.14261 -2.39107</i>
                        <i>-0.00926156 0.999549 0.0285582 -0.929457 0.00192854 -0.368926 -0.368815 -0.0299605 0.92902 -1.00779 2.13601 -2.39256</i>
                        <i>-0.00886712 0.999602 0.0267969 -0.929521 0.00164027 -0.368766 -0.368663 -0.0281781 0.929136 -1.0075 2.13069 -2.39318</i>
                        <i>-0.0103189 0.999492 0.030151 -0.929556 0.0015248 -0.368678 -0.368537 -0.0318314 0.929068 -1.00792 2.12892 -2.39214</i>
                        <i>-0.013474 0.999205 0.0375141 -0.929638 0.001298 -0.368472 -0.368228 -0.0398393 0.928882 -1.00892 2.13189 -2.38965</i>
                        <i>-0.0172505 0.99878 0.0462805 -0.929731 0.00100519 -0.368238 -0.367835 -0.0493807 0.928579 -1.01011 2.13791 -2.38666</i>
                        <i>-0.0204562 0.998349 0.0536692 -0.929804 0.000734022 -0.368053 -0.367485 -0.0574308 0.928254 -1.01112 2.14471 -2.38414</i>
                        <i>-0.0218313 0.998146 0.0568152 -0.929834 0.000608475 -0.36798 -0.367332 -0.0608621 0.928096 -1.01155 2.15009 -2.38308</i>
                        <i>-0.0204828 0.998346 0.0537144 -0.929804 0.000725983 -0.368054 -0.367484 -0.0574826 0.928252 -1.01112 2.15194 -2.38414</i>
                        <i>-0.0172538 0.99878 0.0462698 -0.929731 0.000998183 -0.368239 -0.367835 -0.049372 0.928579 -1.01011 2.14909 -2.38666</i>
                        <i>-0.013486 0.999205 0.0375065 -0.929638 0.00128405 -0.368473 -0.368228 -0.0398367 0.928882 -1.00892 2.14307 -2.38965</i>
                        <i>-0.010444 0.999485 0.030355 -0.929556 0.00148371 -0.368679 -0.368534 -0.0320671 0.929061 -1.00792 2.13615 -2.39214</i>
                        <i>-0.00927453 0.999577 0.0275585 -0.92952 0.0015425 -0.368768 -0.368655 -0.0290364 0.929113 -1.0075 2.13069 -2.39318</i>
                        <i>-0.0105582 0.999483 0.0303709 -0.929537 0.001385 -0.368727 -0.368578 -0.0321239 0.929042 -1.00771 2.12873 -2.39266</i>
                        <i>-0.0134543 0.999235 0.0367131 -0.929575 0.00102767 -0.368632 -0.368388 -0.0390873 0.92885 -1.0082 2.1313 -2.39143</i>
                        <i>-0.0169012 0.99888 0.044203 -0.929616 0.000579153 -0.368529 -0.368141 -0.0473204 0.928565 -1.00879 2.13688 -2.38996</i>
                        <i>-0.0197335 0.998538 0.0503217 -0.929648 0.000196124 -0.36845 -0.367921 -0.0540522 0.928285 -1.00929 2.14336 -2.38872</i>
                        <i>-0.0207131 0.998408 0.0524711 -0.929661 7.5181e-005 -0.368416 -0.367834 -0.0564114 0.928179 -1.0095 2.14862 -2.3882</i>
                        <i>-0.0187717 0.998649 0.0484639 -0.929652 0.000405354 -0.368439 -0.367961 -0.0519707 0.928388 -1.00929 2.15059 -2.38872</i>
                        <i>-0.0146602 0.999097 0.0398738 -0.929624 0.00106635 -0.368508 -0.368218 -0.04247 0.928769 -1.00879 2.14832 -2.38996</i>
                        <i>-0.00985628 0.999509 0.0297491 -0.929583 0.0018044 -0.368608 -0.36848 -0.0312874 0.929109 -1.0082 2.14327 -2.39143</i>
                        <i>-0.00575658 0.999762 0.0210519 -0.929544 0.00241149 -0.368703 -0.368666 -0.0216911 0.929309 -1.00771 2.13716 -2.39266</i>
                        <i>-0.00364525 0.999856 0.0165994 -0.929526 0.00273298 -0.368745 -0.368738 -0.0167737 0.929382 -1.0075 2.13175 -2.39318</i>
                        <i>-0.00288473 0.99989 0.0145566 -0.92948 0.0026884 -0.368863 -0.368862 -0.0145942 0.92937 -1.00701 2.12811 -2.3944</i>
                        <i>-0.00225271 0.999925 0.0120783 -0.929373 0.00236509 -0.369135 -0.369136 -0.0120568 0.929297 -1.00587 2.12584 -2.39725</i>
                        <i>-0.00210514 0.999944 0.0103874 -0.929255 0.00188136 -0.369433 -0.369432 -0.0104303 0.929199 -1.00453 2.12411 -2.40057</i>
                        <i>-0.0027304 0.999941 0.0105418 -0.929171 0.00135982 -0.369648 -0.36964 -0.0108044 0.929112 -1.00347 2.12316 -2.40321</i>
                        <i>-0.00432351 0.999901 0.0133704 -0.929152 0.00092587 -0.369696 -0.369672 -0.0140215 0.929057 -1.00313 2.12336 -2.40405</i>
                        <i>-0.00619354 0.999819 0.0179667 -0.929173 0.000886584 -0.369643 -0.369593 -0.0189836 0.929 -1.00337 2.12436 -2.40347</i>
                        <i>-0.00755433 0.999723 0.0223031 -0.929196 0.00122378 -0.369586 -0.369511 -0.0235159 0.928929 -1.00372 2.12587 -2.40259</i>
                        <i>-0.00833374 0.99964 0.0254866 -0.929227 0.00167412 -0.369506 -0.369416 -0.0267622 0.928879 -1.00418 2.12808 -2.40146</i>
                        <i>-0.0082589 0.99961 0.0266603 -0.929268 0.00217445 -0.3694 -0.369314 -0.0278254 0.928888 -1.00472 2.13079 -2.40011</i>
                        <i>-0.00689561 0.999664 0.0250032 -0.929317 0.00282574 -0.369272 -0.369219 -0.0257823 0.928985 -1.00532 2.13378 -2.3986</i>
                        <i>-0.00445498 0.999761 0.0214094 -0.929374 0.00376321 -0.36912 -0.369112 -0.0215418 0.929135 -1.00598 2.13685 -2.39697</i>
                        <i>-0.00170765 0.999842 0.0177138 -0.929442 0.00494887 -0.368935 -0.368965 -0.017094 0.929286 -1.00667 2.13978 -2.39525</i>
                        <i>0.000982046 0.999894 0.0145008 -0.929521 0.00626016 -0.368715 -0.368767 -0.0131167 0.929429 -1.00737 2.14238 -2.39351</i>
                        <i>0.00324918 0.999918 0.0123525 -0.929612 0.00757254 -0.368463 -0.368527 -0.0102858 0.92956 -1.00806 2.14443 -2.39178</i>
                        <i>0.00471861 0.999919 0.0118546 -0.929708 0.00875243 -0.368193 -0.368267 -0.00928397 0.929674 -1.00873 2.14573 -2.39011</i>
                        <i>0.0054881 0.999904 0.0126931 -0.929806 0.00977383 -0.367919 -0.368008 -0.00978294 0.929771 -1.00936 2.14641 -2.38855</i>
                        <i>0.00586949 0.999883 0.0141356 -0.929901 0.0106563 -0.367656 -0.367764 -0.0109868 0.929854 -1.00992 2.14673 -2.38715</i>
                        <i>0.00579199 0.999853 0.0161404 -0.929984 0.0113185 -0.367425 -0.367554 -0.0128821 0.929913 -1.01039 2.14674 -2.38596</i>
                        <i>0.00518014 0.999812 0.0186591 -0.930049 0.0116725 -0.36725 -0.367399 -0.0154515 0.929935 -1.01076 2.14645 -2.38503</i>
                        <i>0.00395866 0.999758 0.0216395 -0.930087 0.0116297 -0.367155 -0.367317 -0.0186731 0.929908 -1.01101 2.14592 -2.38441</i>
                        <i>0.00241613 0.9997 0.0243936 -0.930085 0.0112073 -0.367173 -0.367336 -0.021801 0.929833 -1.01106 2.14513 -2.38429</i>
                        <i>0.000891879 0.999652 0.0263724 -0.930042 0.0105198 -0.367302 -0.367452 -0.0241999 0.929728 -1.01088 2.1441 -2.38475</i>
                        <i>-0.000608283 0.999615 0.0277336 -0.929971 0.00963034 -0.367507 -0.367633 -0.026015 0.929607 -1.01051 2.14291 -2.38566</i>
                        <i>-0.00207792 0.999588 0.0286413 -0.929884 0.00860422 -0.367753 -0.367847 -0.0273972 0.929483 -1.01003 2.14164 -2.38687</i>
                        <i>-0.00351035 0.999566 0.0292639 -0.929793 0.00750865 -0.368006 -0.368066 -0.0285012 0.929363 -1.00947 2.14035 -2.38825</i>
                        <i>-0.00489799 0.999545 0.0297705 -0.929708 0.00641197 -0.368243 -0.368266 -0.0294815 0.929253 -1.0089 2.13912 -2.38968</i>
                        <i>-0.00623143 0.999521 0.0303249 -0.929635 0.00538265 -0.368444 -0.36843 -0.030487 0.929155 -1.00837 2.13804 -2.39102</i>
                        <i>-0.00749938 0.999489 0.0310821 -0.929579 0.00448781 -0.368597 -0.368548 -0.0316575 0.92907 -1.00792 2.1372 -2.39213</i>
                        <i>-0.00869067 0.999444 0.0321872 -0.929543 0.00379103 -0.368695 -0.368612 -0.0331236 0.928993 -1.00762 2.13669 -2.39289</i>
                        <i>-0.00979852 0.999381 0.0337793 -0.929529 0.00334961 -0.368733 -0.368618 -0.0350119 0.928921 -1.0075 2.13662 -2.39318</i>
                        <i>-0.0112647 0.999275 0.0363743 -0.929537 0.00294304 -0.368718 -0.368558 -0.0379647 0.928829 -1.0076 2.13717 -2.39294</i>
                        <i>-0.0133834 0.999104 0.0401616 -0.929558 0.00236788 -0.368669 -0.368434 -0.0422666 0.928693 -1.00786 2.1384 -2.39229</i>
                        <i>-0.0159339 0.998869 0.0447899 -0.929586 0.00169956 -0.368601 -0.368261 -0.0475093 0.928508 -1.00825 2.14011 -2.39132</i>
                        <i>-0.0186993 0.998579 0.0499001 -0.929617 0.00100775 -0.368526 -0.368053 -0.0532791 0.928277 -1.00872 2.14215 -2.39014</i>
                        <i>-0.0214685 0.998249 0.0551208 -0.929647 0.000351939 -0.368452 -0.367827 -0.059153 0.928011 -1.00923 2.14434 -2.38886</i>
                        <i>-0.0240389 0.997905 0.0600673 -0.929673 -0.000220839 -0.368386 -0.367601 -0.0646985 0.92773 -1.00975 2.14652 -2.38757</i>
                        <i>-0.0262169 0.997583 0.0643428 -0.929695 -0.000675969 -0.368329 -0.367396 -0.0694757 0.927466 -1.01022 2.14853 -2.38638</i>
                        <i>-0.0278161 0.997329 0.0675429 -0.929713 -0.000988646 -0.368284 -0.367233 -0.0730397 0.927257 -1.01062 2.15021 -2.3854</i>
                        <i>-0.0286543 0.997187 0.0692604 -0.929726 -0.00113872 -0.36825 -0.367135 -0.0749452 0.927143 -1.01088 2.15142 -2.38473</i>
                        <i>-0.0285477 0.997202 0.0690924 -0.929734 -0.00110294 -0.368231 -0.367124 -0.0747497 0.927164 -1.01098 2.15199 -2.38449</i>
                        <i>-0.0253733 0.99772 0.0625371 -0.929725 -0.000561895 -0.368255 -0.36738 -0.0674862 0.927619 -1.0106 2.15158 -2.38544</i>
                        <i>-0.0187969 0.998633 0.0487738 -0.929685 0.00049148 -0.368354 -0.367875 -0.0522683 0.928405 -1.00969 2.14845 -2.38771</i>
                        <i>-0.0112895 0.999394 0.0329229 -0.929619 0.00163871 -0.368518 -0.368349 -0.0347661 0.929038 -1.00864 2.14247 -2.39035</i>
                        <i>-0.00518673 0.999787 0.0199546 -0.929552 0.00253612 -0.368682 -0.368654 -0.0204611 0.929341 -1.00779 2.13579 -2.39247</i>
                        <i>-0.00265247 0.99989 0.0146061 -0.929527 0.00292066 -0.368742 -0.368744 -0.0145548 0.929417 -1.0075 2.13061 -2.39318</i>
                        <i>-0.00521461 0.999781 0.0202619 -0.929578 0.00262207 -0.368616 -0.368589 -0.0207572 0.929361 -1.00805 2.12903 -2.3918</i>
                        <i>-0.011463 0.999362 0.0338257 -0.929672 0.00180512 -0.368384 -0.36821 -0.0356696 0.929058 -1.00921 2.13213 -2.38891</i>
                        <i>-0.0190464 0.998561 0.0501361 -0.929761 0.000750802 -0.368164 -0.367672 -0.0536268 0.928408 -1.01056 2.13824 -2.38553</i>
                        <i>-0.0254338 0.99764 0.0637764 -0.929816 -0.000177815 -0.368026 -0.367146 -0.0686606 0.927626 -1.01169 2.14509 -2.38272</i>
                        <i>-0.0279613 0.997212 0.0691787 -0.929835 -0.000544776 -0.367977 -0.366913 -0.0746139 0.927258 -1.01216 2.15049 -2.38155</i>
                        <i>-0.0248626 0.997726 0.0626539 -0.929819 -6.02361e-005 -0.368016 -0.367175 -0.0674067 0.927706 -1.01168 2.15232 -2.38274</i>
                        <i>-0.0179355 0.99869 0.0479255 -0.929765 0.000969405 -0.368153 -0.367717 -0.0511625 0.928529 -1.01054 2.1494 -2.3856</i>
                        <i>-0.00983703 0.999485 0.0305562 -0.929674 0.00211205 -0.368377 -0.368252 -0.032031 0.929174 -1.00917 2.14327 -2.389</i>
                        <i>-0.00307598 0.999868 0.0159385 -0.929578 0.00301616 -0.368613 -0.368612 -0.0159499 0.929446 -1.00802 2.13624 -2.39188</i>
                        <i>4.32599e-005 0.999958 0.00917288 -0.929529 0.00342269 -0.368732 -0.368748 -0.00851051 0.929491 -1.0075 2.13069 -2.39318</i>
                        <i>-0.00178729 0.999911 0.0132076 -0.929565 0.00320778 -0.368644 -0.368654 -0.0129362 0.929477 -1.00787 2.12888 -2.39225</i>
                        <i>-0.00703446 0.999671 0.0246602 -0.929652 0.0025468 -0.36843 -0.368371 -0.0255171 0.929328 -1.00886 2.13184 -2.3898</i>
                        <i>-0.013636 0.999148 0.0389594 -0.929743 0.00166857 -0.368206 -0.367957 -0.0412431 0.928928 -1.01006 2.13787 -2.38679</i>
                        <i>-0.0193873 0.998494 0.051322 -0.929805 0.000863948 -0.368051 -0.367541 -0.054855 0.928388 -1.01108 2.14468 -2.38425</i>
                        <i>-0.0219599 0.998144 0.0568054 -0.929827 0.00048626 -0.367998 -0.367342 -0.0609004 0.92809 -1.01151 2.15007 -2.38317</i>
                        <i>-0.0199705 0.998422 0.0524788 -0.929802 0.000747831 -0.368058 -0.367517 -0.0561452 0.92832 -1.01109 2.15192 -2.38422</i>
                        <i>-0.0149678 0.999021 0.0416266 -0.929739 0.00141277 -0.368216 -0.367914 -0.0442133 0.928808 -1.01009 2.14929 -2.38672</i>
                        <i>-0.00899129 0.99955 0.0286115 -0.929651 0.00218371 -0.368435 -0.368332 -0.0299114 0.929213 -1.0089 2.14371 -2.38968</i>
                        <i>-0.0039941 0.999836 0.017684 -0.929566 0.00280679 -0.368645 -0.368634 -0.0179109 0.929402 -1.00791 2.13713 -2.39215</i>
                        <i>-0.00181662 0.999915 0.0129247 -0.929528 0.00307752 -0.368739 -0.368747 -0.0126838 0.929443 -1.0075 2.13156 -2.39318</i>
                        <i>-0.00194733 0.999911 0.0131951 -0.929528 0.00305571 -0.368739 -0.368747 -0.0129832 0.929439 -1.0075 2.12855 -2.39318</i>
                        <i>-0.00261694 0.999891 0.0145557 -0.929527 0.00293509 -0.368742 -0.368744 -0.0144949 0.929418 -1.0075 2.12754 -2.39318</i>
                        <i>-0.00374351 0.999851 0.0168265 -0.929526 0.00272541 -0.368746 -0.368737 -0.0170211 0.929378 -1.0075 2.12723 -2.39318</i>
                        <i>-0.00524357 0.99979 0.019825 -0.929525 0.002437 -0.368751 -0.368722 -0.0203614 0.929317 -1.0075 2.12758 -2.39318</i>
                        <i>-0.00702867 0.999702 0.0233624 -0.929523 0.00208239 -0.368758 -0.368697 -0.0243078 0.929232 -1.0075 2.12855 -2.39318</i>
                    </KeyFrames>
                </p>
            </i>
            <i>
                <p>
                    <Name><![CDATA[spine1]]></Name>
                    <Exclude>0</Exclude>
                    <Additive>0</Additive>
                    <IKPriority>0</IKPriority>
                    <IKRotLimits>-1e+010 -1e+010 -1e+010 1e+010 1e+010 1e+010</IKRotLimits>
                    <IKRotLimitOrder>0</IKRotLimitOrder>
                    <KeyFrames count="120">
                        <i>-0.0937534 0.986603 0.133508 -0.90716 -0.0294021 -0.419757 -0.410208 -0.160467 0.897764 -1.00871 2.30015 -2.38917</i>
                        <i>-0.0951906 0.986095 0.136217 -0.907037 -0.029539 -0.420014 -0.41015 -0.163535 0.897236 -1.00892 2.30148 -2.38874</i>
                        <i>-0.0963455 0.98568 0.138395 -0.906933 -0.0296456 -0.420231 -0.41011 -0.166002 0.896801 -1.00911 2.303 -2.38839</i>
                        <i>-0.0972402 0.985353 0.140084 -0.906848 -0.0297249 -0.420409 -0.410087 -0.167915 0.896456 -1.00925 2.30463 -2.3881</i>
                        <i>-0.0978965 0.985111 0.141324 -0.90678 -0.02978 -0.420551 -0.410081 -0.16932 0.896194 -1.00937 2.30627 -2.38787</i>
                        <i>-0.0983361 0.984947 0.142157 -0.906729 -0.0298134 -0.420659 -0.410089 -0.170264 0.896012 -1.00946 2.30783 -2.3877</i>
                        <i>-0.0985808 0.984856 0.142623 -0.906693 -0.0298278 -0.420736 -0.41011 -0.170791 0.895902 -1.00951 2.3092 -2.38759</i>
                        <i>-0.098652 0.984828 0.142762 -0.906671 -0.0298258 -0.420783 -0.410141 -0.170949 0.895858 -1.00955 2.31031 -2.38752</i>
                        <i>-0.0985713 0.984858 0.142614 -0.906662 -0.0298099 -0.420802 -0.410179 -0.170782 0.895872 -1.00956 2.31104 -2.3875</i>
                        <i>-0.09836 0.984936 0.14222 -0.906666 -0.0297826 -0.420796 -0.410222 -0.170336 0.895937 -1.00954 2.31131 -2.38752</i>
                        <i>-0.0980395 0.985054 0.14162 -0.906681 -0.0297461 -0.420767 -0.410266 -0.169656 0.896046 -1.00951 2.31095 -2.38759</i>
                        <i>-0.0976311 0.985205 0.140853 -0.906706 -0.0297029 -0.420716 -0.410308 -0.168787 0.896191 -1.00946 2.30996 -2.38768</i>
                        <i>-0.0971561 0.985379 0.13996 -0.90674 -0.0296555 -0.420646 -0.410345 -0.167775 0.896364 -1.0094 2.30853 -2.3878</i>
                        <i>-0.0966357 0.985569 0.13898 -0.906783 -0.029606 -0.420557 -0.410374 -0.166665 0.896558 -1.00932 2.30681 -2.38796</i>
                        <i>-0.0960914 0.985767 0.137952 -0.906833 -0.029557 -0.420453 -0.410391 -0.165502 0.896766 -1.00924 2.30498 -2.38813</i>
                        <i>-0.0955442 0.985964 0.136918 -0.906889 -0.0295107 -0.420335 -0.410394 -0.16433 0.896979 -1.00914 2.30321 -2.38832</i>
                        <i>-0.0950155 0.986153 0.135917 -0.906951 -0.0294696 -0.420204 -0.41038 -0.163196 0.897193 -1.00904 2.30167 -2.38852</i>
                        <i>-0.0945266 0.986328 0.134988 -0.907017 -0.0294362 -0.420063 -0.410346 -0.162144 0.897399 -1.00893 2.30053 -2.38873</i>
                        <i>-0.0940988 0.98648 0.134172 -0.907087 -0.0294129 -0.419914 -0.41029 -0.161219 0.897591 -1.00882 2.29997 -2.38895</i>
                        <i>-0.0937534 0.986603 0.133508 -0.90716 -0.0294021 -0.419757 -0.410208 -0.160467 0.897764 -1.00871 2.30015 -2.38917</i>
                        <i>-0.0913029 0.987453 0.128843 -0.907582 -0.0292654 -0.418855 -0.409829 -0.155178 0.898866 -1.00906 2.30211 -2.38827</i>
                        <i>-0.0858347 0.989236 0.118507 -0.908466 -0.0288762 -0.416959 -0.409049 -0.143449 0.901167 -1.01005 2.30606 -2.3858</i>
                        <i>-0.0793064 0.991168 0.106289 -0.90947 -0.0282873 -0.414806 -0.408136 -0.129563 0.903681 -1.01126 2.31098 -2.38276</i>
                        <i>-0.0737889 0.992636 0.0960639 -0.910277 -0.027691 -0.413072 -0.40737 -0.117925 0.905618 -1.0123 2.3158 -2.38016</i>
                        <i>-0.0714608 0.993212 0.0917766 -0.910607 -0.0274134 -0.412364 -0.407049 -0.11304 0.906385 -1.01273 2.31946 -2.37907</i>
                        <i>-0.0745489 0.992441 0.0974828 -0.910263 -0.0277995 -0.413096 -0.407264 -0.119531 0.905455 -1.01234 2.32086 -2.38008</i>
                        <i>-0.0818634 0.990436 0.111059 -0.909426 -0.0286467 -0.414878 -0.407729 -0.134963 0.903074 -1.0114 2.31864 -2.38249</i>
                        <i>-0.090501 0.987739 0.127206 -0.908396 -0.0295191 -0.417068 -0.408199 -0.153299 0.89993 -1.0103 2.31348 -2.38533</i>
                        <i>-0.097675 0.98522 0.140716 -0.907503 -0.0301308 -0.418963 -0.408531 -0.168623 0.897033 -1.00938 2.30736 -2.38766</i>
