<?xml version="1.0" encoding="ISO-8859-1" ?>
<Animl Version="1">
    <ModellingPackage><![CDATA[Maya.2010]]></ModellingPackage>
    <SrcFile><![CDATA[anims\turrets\antitank\blue\~src\at_bgm71tow\antitank_bgm71tow_aim_random_crewman_c.mb]]></SrcFile>
    <FramesPerSecond>30</FramesPerSecond>
    <TotalFrames>60</TotalFrames>
    <Skeleton>
        <RefFrame>
            <Name><![CDATA[soldier_ref_frame]]></Name>
            <Exclude>0</Exclude>
            <Additive>0</Additive>
            <IKPriority>0</IKPriority>
            <IKRotLimits>-1e+010 -1e+010 -1e+010 1e+010 1e+010 1e+010</IKRotLimits>
            <IKRotLimitOrder>0</IKRotLimitOrder>
            <KeyFrames count="60">
                <i>1 0 0 0 1 0 0 0 1 -0.99 0.87 -2.4</i>
                <i>1 0 0 0 1 0 0 0 1 -0.99 0.87 -2.4</i>
                <i>1 0 0 0 1 0 0 0 1 -0.99 0.87 -2.4</i>
                <i>1 0 0 0 1 0 0 0 1 -0.99 0.87 -2.4</i>
                <i>1 0 0 0 1 0 0 0 1 -0.99 0.87 -2.4</i>
                <i>1 0 0 0 1 0 0 0 1 -0.99 0.87 -2.4</i>
                <i>1 0 0 0 1 0 0 0 1 -0.99 0.87 -2.4</i>
                <i>1 0 0 0 1 0 0 0 1 -0.99 0.87 -2.4</i>
                <i>1 0 0 0 1 0 0 0 1 -0.99 0.87 -2.4</i>
                <i>1 0 0 0 1 0 0 0 1 -0.99 0.87 -2.4</i>
                <i>1 0 0 0 1 0 0 0 1 -0.99 0.87 -2.4</i>
                <i>1 0 0 0 1 0 0 0 1 -0.99 0.87 -2.4</i>
                <i>1 0 0 0 1 0 0 0 1 -0.99 0.87 -2.4</i>
                <i>1 0 0 0 1 0 0 0 1 -0.99 0.87 -2.4</i>
                <i>1 0 0 0 1 0 0 0 1 -0.99 0.87 -2.4</i>
                <i>1 0 0 0 1 0 0 0 1 -0.99 0.87 -2.4</i>
                <i>1 0 0 0 1 0 0 0 1 -0.99 0.87 -2.4</i>
                <i>1 0 0 0 1 0 0 0 1 -0.99 0.87 -2.4</i>
                <i>1 0 0 0 1 0 0 0 1 -0.99 0.87 -2.4</i>
                <i>1 0 0 0 1 0 0 0 1 -0.99 0.87 -2.4</i>
                <i>1 0 0 0 1 0 0 0 1 -0.99 0.87 -2.4</i>
                <i>1 0 0 0 1 0 0 0 1 -0.99 0.87 -2.4</i>
                <i>1 0 0 0 1 0 0 0 1 -0.99 0.87 -2.4</i>
                <i>1 0 0 0 1 0 0 0 1 -0.99 0.87 -2.4</i>
                <i>1 0 0 0 1 0 0 0 1 -0.99 0.87 -2.4</i>
                <i>1 0 0 0 1 0 0 0 1 -0.99 0.87 -2.4</i>
                <i>1 0 0 0 1 0 0 0 1 -0.99 0.87 -2.4</i>
                <i>1 0 0 0 1 0 0 0 1 -0.99 0.87 -2.4</i>
                <i>1 0 0 0 1 0 0 0 1 -0.99 0.87 -2.4</i>
                <i>1 0 0 0 1 0 0 0 1 -0.99 0.87 -2.4</i>
                <i>1 0 0 0 1 0 0 0 1 -0.99 0.87 -2.4</i>
                <i>1 0 0 0 1 0 0 0 1 -0.99 0.87 -2.4</i>
                <i>1 0 0 0 1 0 0 0 1 -0.99 0.87 -2.4</i>
                <i>1 0 0 0 1 0 0 0 1 -0.99 0.87 -2.4</i>
                <i>1 0 0 0 1 0 0 0 1 -0.99 0.87 -2.4</i>
                <i>1 0 0 0 1 0 0 0 1 -0.99 0.87 -2.4</i>
                <i>1 0 0 0 1 0 0 0 1 -0.99 0.87 -2.4</i>
                <i>1 0 0 0 1 0 0 0 1 -0.99 0.87 -2.4</i>
                <i>1 0 0 0 1 0 0 0 1 -0.99 0.87 -2.4</i>
                <i>1 0 0 0 1 0 0 0 1 -0.99 0.87 -2.4</i>
                <i>1 0 0 0 1 0 0 0 1 -0.99 0.87 -2.4</i>
                <i>1 0 0 0 1 0 0 0 1 -0.99 0.87 -2.4</i>
                <i>1 0 0 0 1 0 0 0 1 -0.99 0.87 -2.4</i>
                <i>1 0 0 0 1 0 0 0 1 -0.99 0.87 -2.4</i>
                <i>1 0 0 0 1 0 0 0 1 -0.99 0.87 -2.4</i>
                <i>1 0 0 0 1 0 0 0 1 -0.99 0.87 -2.4</i>
                <i>1 0 0 0 1 0 0 0 1 -0.99 0.87 -2.4</i>
                <i>1 0 0 0 1 0 0 0 1 -0.99 0.87 -2.4</i>
                <i>1 0 0 0 1 0 0 0 1 -0.99 0.87 -2.4</i>
                <i>1 0 0 0 1 0 0 0 1 -0.99 0.87 -2.4</i>
                <i>1 0 0 0 1 0 0 0 1 -0.99 0.87 -2.4</i>
                <i>1 0 0 0 1 0 0 0 1 -0.99 0.87 -2.4</i>
                <i>1 0 0 0 1 0 0 0 1 -0.99 0.87 -2.4</i>
                <i>1 0 0 0 1 0 0 0 1 -0.99 0.87 -2.4</i>
                <i>1 0 0 0 1 0 0 0 1 -0.99 0.87 -2.4</i>
                <i>1 0 0 0 1 0 0 0 1 -0.99 0.87 -2.4</i>
                <i>1 0 0 0 1 0 0 0 1 -0.99 0.87 -2.4</i>
                <i>1 0 0 0 1 0 0 0 1 -0.99 0.87 -2.4</i>
                <i>1 0 0 0 1 0 0 0 1 -0.99 0.87 -2.4</i>
                <i>1 0 0 0 1 0 0 0 1 -0.99 0.87 -2.4</i>
            </KeyFrames>
        </RefFrame>
        <Bones count="23">
            <i>
                <p>
                    <Name><![CDATA[pelvis]]></Name>
                    <Exclude>0</Exclude>
                    <Additive>0</Additive>
                    <IKPriority>0</IKPriority>
                    <IKRotLimits>-1e+010 -1e+010 -1e+010 1e+010 1e+010 1e+010</IKRotLimits>
                    <IKRotLimitOrder>2</IKRotLimitOrder>
                    <KeyFrames count="60">
                        <i>1 0 0 0 1 0 0 0 1 -0.927412 1.55846 -2.40694</i>
                        <i>1 0 0 0 1 0 0 0 1 -0.929748 1.57398 -2.39739</i>
                        <i>1 0 0 0 1 0 0 0 1 -0.936036 1.61589 -2.37361</i>
                        <i>1 0 0 0 1 0 0 0 1 -0.945197 1.67719 -2.34291</i>
                        <i>1 0 0 0 1 0 0 0 1 -0.956149 1.75087 -2.3126</i>
                        <i>1 0 0 0 1 0 0 0 1 -0.967814 1.82993 -2.29</i>
                        <i>1 0 0 0 1 0 0 0 1 -0.979112 1.90737 -2.2764</i>
                        <i>1 0 0 0 1 0 0 0 1 -0.988962 1.9762 -2.26755</i>
                        <i>1 0 0 0 1 0 0 0 1 -0.996285 2.02941 -2.26248</i>
                        <i>1 0 0 0 1 0 0 0 1 -1 2.06 -2.26017</i>
                        <i>1 0 0 0 1 0 0 0 1 -0.999366 2.05993 -2.26017</i>
                        <i>1 0 0 0 1 0 0 0 1 -0.997593 2.05972 -2.26017</i>
                        <i>1 0 0 0 1 0 0 0 1 -0.994875 2.05939 -2.26017</i>
                        <i>1 0 0 0 1 0 0 0 1 -0.991407 2.05896 -2.26017</i>
                        <i>1 0 0 0 1 0 0 0 1 -0.987384 2.05844 -2.26017</i>
                        <i>1 0 0 0 1 0 0 0 1 -0.983 2.05784 -2.26017</i>
                        <i>1 0 0 0 1 0 0 0 1 -0.978449 2.05718 -2.26017</i>
                        <i>1 0 0 0 1 0 0 0 1 -0.973926 2.05648 -2.26017</i>
                        <i>1 0 0 0 1 0 0 0 1 -0.969625 2.05575 -2.26017</i>
                        <i>1 0 0 0 1 0 0 0 1 -0.965741 2.055 -2.26017</i>
                        <i>1 0 0 0 1 0 0 0 1 -0.962468 2.05425 -2.26017</i>
                        <i>1 0 0 0 1 0 0 0 1 -0.96 2.05352 -2.26017</i>
                        <i>1 0 0 0 1 0 0 0 1 -0.958469 2.05282 -2.26017</i>
                        <i>1 0 0 0 1 0 0 0 1 -0.95775 2.05216 -2.26017</i>
                        <i>1 0 0 0 1 0 0 0 1 -0.957656 2.05156 -2.26017</i>
                        <i>1 0 0 0 1 0 0 0 1 -0.958 2.05104 -2.26017</i>
                        <i>1 0 0 0 1 0 0 0 1 -0.958594 2.05061 -2.26017</i>
                        <i>1 0 0 0 1 0 0 0 1 -0.95925 2.05028 -2.26017</i>
                        <i>1 0 0 0 1 0 0 0 1 -0.959781 2.05007 -2.26017</i>
                        <i>1 0 0 0 1 0 0 0 1 -0.96 2.05 -2.26017</i>
                        <i>1 0 0 0 1 0 0 0 1 -0.965889 2.04845 -2.26002</i>
                        <i>1 0 0 0 1 0 0 0 1 -0.975575 2.0459 -2.2597</i>
                        <i>1 0 0 0 1 0 0 0 1 -0.986317 2.04314 -2.25946</i>
                        <i>1 0 0 0 1 0 0 0 1 -0.995372 2.04091 -2.25954</i>
                        <i>1 0 0 0 1 0 0 0 1 -1 2.04 -2.26017</i>
                        <i>1 0 0 0 1 0 0 0 1 -0.999873 2.04013 -2.26043</i>
                        <i>1 0 0 0 1 0 0 0 1 -0.999514 2.04049 -2.26114</i>
                        <i>1 0 0 0 1 0 0 0 1 -0.99896 2.04104 -2.26224</i>
                        <i>1 0 0 0 1 0 0 0 1 -0.998246 2.04175 -2.26365</i>
                        <i>1 0 0 0 1 0 0 0 1 -0.997407 2.04259 -2.26531</i>
                        <i>1 0 0 0 1 0 0 0 1 -0.99648 2.04352 -2.26715</i>
                        <i>1 0 0 0 1 0 0 0 1 -0.995499 2.0445 -2.2691</i>
                        <i>1 0 0 0 1 0 0 0 1 -0.994501 2.0455 -2.27108</i>
                        <i>1 0 0 0 1 0 0 0 1 -0.99352 2.04648 -2.27302</i>
                        <i>1 0 0 0 1 0 0 0 1 -0.992593 2.04741 -2.27486</i>
                        <i>1 0 0 0 1 0 0 0 1 -0.991754 2.04825 -2.27652</i>
                        <i>1 0 0 0 1 0 0 0 1 -0.99104 2.04896 -2.27794</i>
                        <i>1 0 0 0 1 0 0 0 1 -0.990486 2.04951 -2.27904</i>
                        <i>1 0 0 0 1 0 0 0 1 -0.990127 2.04987 -2.27975</i>
                        <i>1 0 0 0 1 0 0 0 1 -0.99 2.05 -2.28</i>
                        <i>1 0 0 0 1 0 0 0 1 -0.985896 2.02063 -2.28831</i>
                        <i>1 0 0 0 1 0 0 0 1 -0.979774 1.97422 -2.30072</i>
                        <i>1 0 0 0 1 0 0 0 1 -0.972213 1.91551 -2.31605</i>
                        <i>1 0 0 0 1 0 0 0 1 -0.963788 1.84924 -2.33314</i>
                        <i>1 0 0 0 1 0 0 0 1 -0.955077 1.78015 -2.35081</i>
                        <i>1 0 0 0 1 0 0 0 1 -0.946656 1.71299 -2.36789</i>
                        <i>1 0 0 0 1 0 0 0 1 -0.939102 1.6525 -2.38322</i>
                        <i>1 0 0 0 1 0 0 0 1 -0.932992 1.60342 -2.39562</i>
                        <i>1 0 0 0 1 0 0 0 1 -0.928903 1.57049 -2.40392</i>
                        <i>1 0 0 0 1 0 0 0 1 -0.927412 1.55846 -2.40694</i>
                    </KeyFrames>
                </p>
            </i>
            <i>
                <p>
                    <Name><![CDATA[spine0]]></Name>
                    <Exclude>0</Exclude>
                    <Additive>0</Additive>
                    <IKPriority>0</IKPriority>
                    <IKRotLimits>-1e+010 -1e+010 -1e+010 1e+010 1e+010 1e+010</IKRotLimits>
                    <IKRotLimitOrder>0</IKRotLimitOrder>
                    <KeyFrames count="60">
                        <i>-0.0908398 0.9236 0.37244 -0.995574 -0.093274 -0.0115184 0.0241006 -0.371838 0.927985 -0.948705 1.69595 -2.44352</i>
                        <i>-0.0846086 0.928185 0.362372 -0.996227 -0.0858447 -0.0127207 0.0193005 -0.362081 0.931947 -0.952206 1.71115 -2.4345</i>
                        <i>-0.0699428 0.93943 0.335529 -0.997504 -0.0691312 -0.0143784 0.00968802 -0.335697 0.94192 -0.961038 1.75228 -2.41195</i>
                        <i>-0.0534069 0.953382 0.297001 -0.998571 -0.0516227 -0.0138531 0.00212466 -0.297316 0.954777 -0.972663 1.8127 -2.38263</i>
                        <i>-0.041934 0.967011 0.251261 -0.99912 -0.0406241 -0.0103999 0.000150422 -0.251476 0.967864 -0.984348 1.88593 -2.35334</i>
                        <i>-0.0354636 0.977597 0.207474 -0.999371 -0.0348381 -0.00666892 0.000708487 -0.20758 0.978218 -0.994061 1.96596 -2.32877</i>
                        <i>-0.0274631 0.987845 0.152994 -0.999615 -0.0265383 -0.00808351 -0.00392504 -0.153158 0.988194 -1.00123 2.04484 -2.31259</i>
                        <i>-0.0181009 0.996449 0.0822276 -0.999724 -0.0168067 -0.016404 -0.0149638 -0.0825019 0.996479 -1.00591 2.11439 -2.30378</i>
                        <i>-0.0104663 0.99977 0.018703 -0.999562 -0.00994255 -0.0278781 -0.0276858 -0.0189866 0.999436 -1.00874 2.16777 -2.29985</i>
                        <i>-0.00697898 0.999878 -0.013967 -0.999354 -0.00746635 -0.0351516 -0.0352516 0.0137127 0.999284 -1.01021 2.19835 -2.29827</i>
                        <i>-0.0068982 0.999874 -0.0143137 -0.999355 -0.00739773 -0.0351445 -0.035246 0.014062 0.99928 -1.00958 2.19826 -2.29833</i>
                        <i>-0.00666712 0.999861 -0.0153057 -0.999357 -0.00720144 -0.035125 -0.0352303 0.0150616 0.999266 -1.00782 2.198 -2.29853</i>
                        <i>-0.00630268 0.999838 -0.016871 -0.99936 -0.00689187 -0.0350962 -0.0352068 0.016639 0.999242 -1.00512 2.19758 -2.29883</i>
                        <i>-0.00582195 0.999804 -0.0189375 -0.999364 -0.00648351 -0.0350619 -0.0351778 0.0187214 0.999206 -1.00169 2.19704 -2.29923</i>
                        <i>-0.00524203 0.999757 -0.0214331 -0.999368 -0.0059909 -0.0350263 -0.0351462 0.0212359 0.999157 -0.997699 2.19637 -2.29971</i>
                        <i>-0.00457996 0.999695 -0.0242854 -0.999373 -0.00542857 -0.0349932 -0.0351144 0.0241099 0.999092 -0.993356 2.19561 -2.30026</i>
                        <i>-0.00385278 0.999617 -0.0274225 -0.999377 -0.00481109 -0.0349663 -0.0350848 0.0272707 0.999012 -0.988851 2.19478 -2.30087</i>
                        <i>-0.00307741 0.999522 -0.0307721 -0.99938 -0.00415294 -0.0349485 -0.0350596 0.0306455 0.998915 -0.984377 2.19388 -2.30151</i>
                        <i>-0.00227065 0.99941 -0.0342625 -0.999383 -0.0034685 -0.0349421 -0.0350403 0.034162 0.998802 -0.980127 2.19294 -2.30219</i>
                        <i>-0.00144918 0.999283 -0.0378219 -0.999385 -0.00277208 -0.0349481 -0.0350279 0.037748 0.998673 -0.976295 2.19197 -2.30287</i>
                        <i>-0.000629518 0.999143 -0.0413787 -0.999386 -0.0020778 -0.034967 -0.035023 0.0413313 0.998531 -0.973074 2.19101 -2.30356</i>
                        <i>0.000171955 0.998993 -0.0448615 -0.999386 -0.00139962 -0.0349978 -0.0350254 0.04484 0.99838 -0.970658 2.19006 -2.30423</i>
                        <i>0.000938985 0.998837 -0.0481993 -0.999386 -0.000751321 -0.035039 -0.0350344 0.0482026 0.998223 -0.969175 2.18914 -2.30487</i>
                        <i>0.00165544 0.998681 -0.0513212 -0.999384 -0.000146507 -0.0350876 -0.0350489 0.0513477 0.998066 -0.968502 2.18828 -2.30547</i>
                        <i>0.00230534 0.99853 -0.0541562 -0.999382 0.000401428 -0.0351404 -0.035067 0.0542038 0.997914 -0.96845 2.1875 -2.30601</i>
                        <i>0.00287273 0.998391 -0.056634 -0.99938 0.000879226 -0.0351932 -0.0350868 0.0567 0.997775 -0.96883 2.18681 -2.30649</i>
                        <i>0.00334173 0.998271 -0.0586839 -0.999378 0.00127374 -0.0352416 -0.035106 0.0587652 0.997654 -0.969454 2.18624 -2.30688</i>
                        <i>0.00369649 0.998177 -0.0602355 -0.999376 0.00157187 -0.0352811 -0.0351221 0.0603283 0.997561 -0.970133 2.18581 -2.30717</i>
                        <i>0.00392108 0.998117 -0.0612183 -0.999375 0.00176048 -0.0353074 -0.0351331 0.0613185 0.9975 -0.970679 2.18554 -2.30736</i>
                        <i>0.00399952 0.998095 -0.0615616 -0.999375 0.00182634 -0.0353168 -0.0351371 0.0616644 0.997478 -0.970903 2.18544 -2.30743</i>
                        <i>0.00397224 0.997941 -0.0640213 -0.999968 0.00351576 -0.00724128 -0.00700128 0.064048 0.997922 -0.977842 2.18388 -2.30703</i>
                        <i>0.00296983 0.997807 -0.0661238 -0.998871 0.00609495 0.0471102 0.0474099 0.0659093 0.996699 -0.98948 2.18149 -2.30573</i>
                        <i>0.00127475 0.997754 -0.0669792 -0.993855 0.00867778 0.110353 0.110686 0.0664269 0.991633 -1.00233 2.17898 -2.30401</i>
                        <i>-0.000284186 0.997784 -0.0665389 -0.986208 0.0107333 0.165163 0.165511 0.0656681 0.984019 -1.01299 2.17705 -2.30259</i>
                        <i>-0.000727424 0.997835 -0.0657593 -0.980778 0.0121195 0.194751 0.195127 0.0646369 0.978646 -1.01821 2.17634 -2.30232</i>
                        <i>-0.000524951 0.997842 -0.0656609 -0.980767 0.0123022 0.194796 0.195183 0.0645003 0.978644 -1.01798 2.17649 -2.30255</i>
                        <i>4.51744e-005 0.99786 -0.065384 -0.980736 0.0128163 0.194919 0.19534 0.0641156 0.978638 -1.01734 2.1769 -2.3032</i>
                        <i>0.000927354 0.997888 -0.0649559 -0.980688 0.0136114 0.195105 0.195577 0.0635205 0.978629 -1.01636 2.17754 -2.3042</i>
                        <i>0.00206615 0.997922 -0.064404 -0.980627 0.0146369 0.195335 0.195871 0.0627527 0.97862 -1.01508 2.17836 -2.3055</i>
                        <i>0.00340597 0.99796 -0.0637555 -0.980557 0.0158421 0.195592 0.196203 0.0618498 0.978611 -1.01358 2.17932 -2.30702</i>
                        <i>0.00489086 0.997999 -0.063038 -0.980481 0.0171764 0.19586 0.196551 0.0608497 0.978604 -1.01192 2.18038 -2.3087</i>
                        <i>0.00646436 0.998038 -0.0622788 -0.980403 0.0185885 0.196124 0.196897 0.0597904 0.978599 -1.01017 2.1815 -2.31048</i>
                        <i>0.00806951 0.998074 -0.0615052 -0.980325 0.0200273 0.196374 0.197228 0.0587104 0.978598 -1.00838 2.18263 -2.31229</i>
                        <i>0.0096489 0.998107 -0.0607448 -0.980249 0.0214413 0.1966 0.19753 0.0576481 0.9786 -1.00662 2.18374 -2.31407</i>
                        <i>0.0111447 0.998135 -0.0600253 -0.98018 0.022779 0.196795 0.197795 0.0566424 0.978605 -1.00495 2.18478 -2.31575</i>
                        <i>0.0124989 0.998158 -0.0593743 -0.980119 0.0239887 0.196957 0.198018 0.0557321 0.978613 -1.00345 2.18572 -2.31727</i>
                        <i>0.0136532 0.998175 -0.0588195 -0.980067 0.0250191 0.197083 0.198195 0.0549563 0.978621 -1.00217 2.18652 -2.31856</i>
                        <i>0.0145496 0.998188 -0.0583888 -0.980028 0.0258186 0.197175 0.198325 0.0543539 0.978628 -1.00117 2.18713 -2.31956</i>
                        <i>0.0151299 0.998196 -0.05811 -0.980003 0.0263359 0.19723 0.198405 0.053964 0.978633 -1.00052 2.18753 -2.32021</i>
                        <i>0.0153362 0.998198 -0.0580109 -0.979995 0.0265197 0.197249 0.198432 0.0538254 0.978635 -1.00029 2.18767 -2.32044</i>
                        <i>0.0155211 0.999476 -0.0284195 -0.982195 0.0205625 0.186736 0.187222 0.0250152 0.981999 -0.996727 2.15781 -2.3303</i>
                        <i>0.0135974 0.99975 0.017758 -0.985522 0.010398 0.169226 0.168999 -0.0198019 0.985417 -0.991951 2.10996 -2.34679</i>
                        <i>0.00865372 0.996871 0.0785712 -0.989255 -0.00293306 0.146168 0.145941 -0.0789919 0.986135 -0.985966 2.04948 -2.36665</i>
                        <i>-0.000270995 0.988609 0.150505 -0.992716 -0.0183979 0.119061 0.120474 -0.149377 0.981414 -0.978942 1.98191 -2.38666</i>
                        <i>-0.0141508 0.974422 0.22428 -0.99532 -0.0351718 0.090011 0.0955971 -0.221956 0.970359 -0.97135 1.91298 -2.40362</i>
                        <i>-0.032779 0.957977 0.284965 -0.996774 -0.0522348 0.0609426 0.0732667 -0.282048 0.956599 -0.964051 1.84711 -2.41694</i>
                        <i>-0.0533184 0.943371 0.327426 -0.997124 -0.0679827 0.0334974 0.0538598 -0.324698 0.944283 -0.957769 1.78794 -2.42799</i>
                        <i>-0.0721286 0.932372 0.354232 -0.996658 -0.0810337 0.0103493 0.0383542 -0.352302 0.9351 -0.952919 1.73994 -2.43636</i>
                        <i>-0.0856959 0.925743 0.368315 -0.995929 -0.0899611 -0.00560987 0.0279408 -0.367297 0.929684 -0.949808 1.70773 -2.44166</i>
                        <i>-0.0908398 0.9236 0.37244 -0.995574 -0.093274 -0.0115184 0.0241006 -0.371838 0.927985 -0.948705 1.69595 -2.44352</i>
                    </KeyFrames>
                </p>
            </i>
            <i>
                <p>
                    <Name><![CDATA[spine1]]></Name>
                    <Exclude>0</Exclude>
                    <Additive>0</Additive>
                    <IKPriority>0</IKPriority>
                    <IKRotLimits>-1e+010 -1e+010 -1e+010 1e+010 1e+010 1e+010</IKRotLimits>
                    <IKRotLimitOrder>0</IKRotLimitOrder>
                    <KeyFrames count="60">
                        <i>0.092588 0.586099 0.804932 -0.994923 0.0864789 0.0514737 -0.039441 -0.805611 0.59113 -0.966649 1.87842 -2.37011</i>
                        <i>0.0983612 0.595867 0.797037 -0.994106 0.0955167 0.0512728 -0.0455785 -0.797383 0.60175 -0.96886 1.89388 -2.36333</i>
                        <i>0.109903 0.624974 0.77287 -0.992129 0.115927 0.0473382 -0.0600112 -0.77199 0.632796 -0.974669 1.93539 -2.3467</i>
                        <i>0.11888 0.672374 0.730603 -0.989863 0.137849 0.034204 -0.0777147 -0.727263 0.681945 -0.982911 1.99567 -2.32576</i>
                        <i>0.117129 0.735388 0.667447 -0.988345 0.152117 0.00584094 -0.0972346 -0.660352 0.744634 -0.99223 2.06772 -2.30621</i>
                        <i>0.103137 0.811242 0.575542 -0.987062 0.15489 -0.04144 -0.122763 -0.563822 0.816722 -1.00053 2.14436 -2.29097</i>
                        <i>0.0854944 0.896525 0.434664 -0.983589 0.145515 -0.106672 -0.158885 -0.418411 0.894253 -1.00607 2.21897 -2.28565</i>
                        <i>0.0701672 0.965065 0.252439 -0.976964 0.117612 -0.178071 -0.20154 -0.234129 0.951086 -1.00901 2.28517 -2.28969</i>
                        <i>0.0599657 0.99458 0.0849418 -0.968826 0.0784815 -0.234982 -0.240374 -0.068203 0.968281 -1.01051 2.33647 -2.29668</i>
                        <i>0.0551242 0.998474 -0.00344762 -0.963339 0.0522759 -0.263145 -0.262563 0.0178269 0.96475 -1.01138 2.36624 -2.30059</i>
                        <i>0.0552521 0.998466 -0.00351687 -0.963333 0.052381 -0.263146 -0.262559 0.0179273 0.96475 -1.01074 2.36617 -2.30072</i>
                        <i>0.055618 0.998445 -0.00371528 -0.963315 0.0526819 -0.26315 -0.262546 0.0182149 0.964748 -1.00894 2.36595 -2.30108</i>
                        <i>0.0561952 0.998412 -0.00402895 -0.963287 0.0531563 -0.263158 -0.262526 0.0186693 0.964744 -1.00618 2.3656 -2.30164</i>
                        <i>0.0569567 0.998367 -0.0044442 -0.963249 0.0537818 -0.263171 -0.262502 0.0192702 0.964739 -1.00266 2.36514 -2.30239</i>
                        <i>0.0578757 0.998312 -0.00494741 -0.963202 0.0545359 -0.263189 -0.262475 0.0199976 0.964732 -0.998581 2.36457 -2.3033</i>
                        <i>0.058925 0.998247 -0.00552486 -0.963145 0.0553962 -0.263215 -0.262448 0.0208312 0.964721 -0.994128 2.36393 -2.30433</i>
                        <i>0.0600779 0.998175 -0.0061628 -0.963081 0.0563404 -0.26325 -0.262422 0.0217508 0.964708 -0.989501 2.36321 -2.30547</i>
                        <i>0.0613075 0.998095 -0.00684732 -0.96301 0.0573461 -0.263294 -0.2624 0.0227359 0.964691 -0.984897 2.36245 -2.30669</i>
                        <i>0.0625871 0.998011 -0.00756419 -0.962932 0.0583913 -0.263347 -0.262382 0.023766 0.964671 -0.980511 2.36164 -2.30795</i>
                        <i>0.0638904 0.997922 -0.00829904 -0.96285 0.0594543 -0.26341 -0.262369 0.0248201 0.964648 -0.976541 2.36081 -2.30925</i>
                        <i>0.0651909 0.997832 -0.00903719 -0.962765 0.0605136 -0.26348 -0.262362 0.0258772 0.964622 -0.973181 2.35998 -2.31054</i>
                        <i>0.0664626 0.997741 -0.00976368 -0.962678 0.0615478 -0.263557 -0.26236 0.0269159 0.964595 -0.970629 2.35916 -2.31181</i>
                        <i>0.0676796 0.997652 -0.0104633 -0.962593 0.0625362 -0.263637 -0.262364 0.0279148 0.964565 -0.969017 2.35837 -2.31302</i>
                        <i>0.0688164 0.997567 -0.0111208 -0.96251 0.0634581 -0.263719 -0.262372 0.0288521 0.964535 -0.968222 2.35762 -2.31416</i>
                        <i>0.0698475 0.997489 -0.0117204 -0.962433 0.0642932 -0.263799 -0.262383 0.0297058 0.964507 -0.968059 2.35694 -2.31519</i>
                        <i>0.0707476 0.997419 -0.0122464 -0.962363 0.0650213 -0.263873 -0.262395 0.0304539 0.96448 -0.968343 2.35634 -2.31609</i>
                        <i>0.0714916 0.997361 -0.012683 -0.962305 0.0656224 -0.263936 -0.262408 0.0310742 0.964457 -0.968887 2.35584 -2.31684</i>
                        <i>0.0720542 0.997316 -0.0130143 -0.96226 0.0660767 -0.263987 -0.262418 0.0315445 0.964438 -0.969505 2.35546 -2.3174</i>
                        <i>0.0724104 0.997287 -0.0132245 -0.962232 0.0663641 -0.264019 -0.262425 0.0318428 0.964427 -0.970013 2.35522 -2.31776</i>
                        <i>0.0725348 0.997277 -0.013298 -0.962222 0.0664644 -0.264031 -0.262428 0.0319471 0.964423 -0.970223 2.35514 -2.31789</i>
                        <i>0.0762179 0.996925 -0.0182065 -0.973127 0.0703946 -0.219244 -0.217288 0.0344276 0.9755 -0.977166 2.35363 -2.31791</i>
                        <i>0.0815241 0.996294 -0.0274231 -0.988326 0.0772576 -0.131316 -0.128711 0.0378084 0.990961 -0.988975 2.35128 -2.31697</i>
                        <i>0.0855768 0.995606 -0.0380229 -0.99604 0.0845663 -0.0274352 -0.0240992 0.0402202 0.9989 -1.00211 2.34879 -2.3154</i>
                        <i>0.0871059 0.995098 -0.0468332 -0.99392 0.0899889 0.0634467 0.0673501 0.0410219 0.996886 -1.01304 2.34685 -2.31391</i>
                        <i>0.0863403 0.99496 -0.0509988 -0.989405 0.0916305 0.112613 0.116718 0.0407355 0.992329 -1.01833 2.34613 -2.3135</i>
                        <i>0.0858803 0.995009 -0.0508007 -0.989444 0.0911516 0.112655 0.116723 0.0405896 0.992335 -1.01807 2.34627 -2.31371</i>
                        <i>0.0845848 0.995149 -0.0502428 -0.989555 0.0898028 0.11277 0.116735 0.0401793 0.99235 -1.01733 2.34666 -2.31431</i>
                        <i>0.0825793 0.99536 -0.0493794 -0.989723 0.0877144 0.112938 0.116745 0.0395456 0.992374 -1.0162 2.34725 -2.31524</i>
                        <i>0.0799888 0.995627 -0.0482648 -0.989936 0.085016 0.113136 0.116744 0.0387295 0.992407 -1.01473 2.34802 -2.31644</i>
                        <i>0.0769386 0.99593 -0.0469532 -0.99018 0.081838 0.113343 0.116724 0.0377716 0.992446 -1.013 2.34892 -2.31784</i>
                        <i>0.0735551 0.996253 -0.045499 -0.990442 0.0783114 0.113538 0.116676 0.0367129 0.992491 -1.01109 2.34992 -2.3194</i>
                        <i>0.0699658 0.99658 -0.0439575 -0.990712 0.0745692 0.113708 0.116597 0.0355935 0.992541 -1.00907 2.35097 -2.32104</i>
                        <i>0.0663 0.996899 -0.042384 -0.990977 0.0707462 0.11384 0.116485 0.034454 0.992595 -1.00701 2.35203 -2.32272</i>
                        <i>0.0626887 0.997197 -0.0408347 -0.991228 0.0669789 0.11393 0.116346 0.0333344 0.992649 -1.00498 2.35308 -2.32436</i>
                        <i>0.0592643 0.997466 -0.0393663 -0.991458 0.0634057 0.113979 0.116186 0.0322752 0.992703 -1.00306 2.35407 -2.32592</i>
                        <i>0.0561605 0.997697 -0.0380359 -0.991658 0.0601664 0.113993 0.116019 0.0313167 0.992753 -1.00133 2.35496 -2.32732</i>
                        <i>0.0535117 0.997885 -0.036901 -0.991823 0.0574016 0.113982 0.115859 0.0304998 0.992797 -0.999848 2.35572 -2.32852</i>
                        <i>0.0514531 0.998026 -0.036019 -0.991948 0.0552525 0.113959 0.115724 0.0298655 0.992832 -0.9987 2.35631 -2.32945</i>
                        <i>0.0501194 0.998114 -0.0354478 -0.992027 0.0538602 0.113937 0.115632 0.0294547 0.992855 -0.997957 2.35669 -2.33005</i>
                        <i>0.0496452 0.998145 -0.0352447 -0.992055 0.0533651 0.113928 0.115598 0.0293087 0.992864 -0.997693 2.35682 -2.33026</i>
                        <i>0.0686966 0.995963 0.0577843 -0.99206 0.0620817 0.109375 0.105346 -0.0648392 0.99232 -0.994079 2.32822 -2.33513</i>
                        <i>0.0958958 0.972196 0.213635 -0.991911 0.0754026 0.102109 0.0831615 -0.221699 0.971563 -0.989594 2.28347 -2.34372</i>
                        <i>0.118623 0.91327 0.3897 -0.991658 0.0890318 0.0932084 0.0504288 -0.397505 0.916213 -0.984425 2.22778 -2.35264</i>
                        <i>0.129761 0.827528 0.546223 -0.991432 0.0999658 0.0840772 0.0149726 -0.552453 0.833409 -0.979002 2.16511 -2.35886</i>
                        <i>0.129545 0.739573 0.660493 -0.991486 0.105469 0.0763672 -0.0131822 -0.664762 0.746939 -0.97406 2.09884 -2.36096</i>
                        <i>0.122267 0.671282 0.731048 -0.992055 0.104638 0.0698366 -0.0296158 -0.733779 0.678743 -0.970424 2.03309 -2.36176</i>
                        <i>0.112208 0.625653 0.771989 -0.992976 0.0999405 0.0633325 -0.0375288 -0.773673 0.632473 -0.968237 1.97304 -2.3639</i>
                        <i>0.102458 0.599689 0.793647 -0.993933 0.0937874 0.0574478 -0.0399833 -0.794719 0.60566 -0.967147 1.92384 -2.36666</i>
                        <i>0.0953064 0.588454 0.802894 -0.994649 0.0885952 0.0531357 -0.0398647 -0.803662 0.593749 -0.966736 1.89061 -2.36907</i>
                        <i>0.092588 0.586099 0.804932 -0.994923 0.0864789 0.0514737 -0.039441 -0.805611 0.59113 -0.966649 1.87842 -2.37011</i>
                    </KeyFrames>
                </p>
            </i>
            <i>
                <p>
                    <Name><![CDATA[spine2]]></Name>
                    <Exclude>0</Exclude>
                    <Additive>0</Additive>
                    <IKPriority>0</IKPriority>
                    <IKRotLimits>-1e+010 -1e+010 -1e+010 1e+010 1e+010 1e+010</IKRotLimits>
                    <IKRotLimitOrder>0</IKRotLimitOrder>
                    <KeyFrames count="60">
                        <i>0.196038 0.29622 0.934785 -0.979714 0.0995912 0.173902 -0.0415832 -0.949913 0.309735 -0.949881 1.98433 -2.22376</i>
                        <i>0.180195 0.307787 0.934236 -0.982649 0.0987519 0.156999 -0.0439355 -0.946317 0.320241 -0.951107 2.00119 -2.21892</i>
                        <i>0.140784 0.34373 0.928455 -0.988584 0.0996579 0.113006 -0.0536843 -0.933766 0.353836 -0.955027 2.0469 -2.20804</i>
                        <i>0.0903021 0.406012 0.909395 -0.993037 0.106068 0.0512523 -0.0756484 -0.907691 0.412763 -0.961998 2.11389 -2.19667</i>
                        <i>0.0428807 0.496094 0.867209 -0.992281 0.122243 -0.0208647 -0.116361 -0.859621 0.497506 -0.972067 2.19451 -2.19066</i>
                        <i>0.00335102 0.612912 0.790144 -0.982726 0.148226 -0.110811 -0.185037 -0.776124 0.602821 -0.983338 2.28031 -2.19424</i>
                        <i>-0.0287891 0.753246 0.657109 -0.960461 0.161273 -0.226948 -0.276922 -0.637661 0.71882 -0.992355 2.36429 -2.21509</i>
                        <i>-0.0460488 0.882036 0.468926 -0.927524 0.136549 -0.347928 -0.370917 -0.450962 0.811822 -0.998125 2.43743 -2.24987</i>
                        <i>-0.0493913 0.957512 0.284131 -0.894625 0.0840725 -0.438836 -0.444079 -0.275866 0.852462 -1.00139 2.49108 -2.28354</i>
                        <i>-0.048983 0.982041 0.182197 -0.875379 0.0456282 -0.481279 -0.480949 -0.183066 0.857424 -1.00307 2.52075 -2.30121</i>
                        <i>-0.0489872 0.982041 0.182195 -0.875379 0.0456236 -0.481279 -0.480948 -0.183066 0.857424 -1.00241 2.52068 -2.30135</i>
                        <i>-0.0489991 0.982042 0.18219 -0.87538 0.0456104 -0.481279 -0.480946 -0.183068 0.857425 -1.00055 2.5205 -2.30174</i>
                        <i>-0.0490177 0.982042 0.182182 -0.875382 0.0455896 -0.481278 -0.480941 -0.18307 0.857427 -0.997705 2.5202 -2.30235</i>
                        <i>-0.0490417 0.982043 0.18217 -0.875384 0.0455619 -0.481276 -0.480934 -0.183071 0.857431 -0.994065 2.51981 -2.30317</i>
                        <i>-0.0490699 0.982045 0.182155 -0.875389 0.0455281 -0.481271 -0.480923 -0.183072 0.857437 -0.989833 2.51934 -2.30415</i>
                        <i>-0.0491013 0.982046 0.182137 -0.875396 0.0454891 -0.481262 -0.480907 -0.183072 0.857446 -0.985211 2.5188 -2.30527</i>
                        <i>-0.0491347 0.982049 0.182115 -0.875405 0.0454456 -0.481249 -0.480886 -0.18307 0.857458 -0.980398 2.5182 -2.30651</i>
                        <i>-0.0491691 0.982052 0.18209 -0.875418 0.0453985 -0.48123 -0.48086 -0.183066 0.857473 -0.975595 2.51755 -2.30783</i>
                        <i>-0.0492035 0.982055 0.182062 -0.875433 0.0453487 -0.481207 -0.480828 -0.18306 0.857493 -0.971002 2.51687 -2.30921</i>
                        <i>-0.0492372 0.982059 0.182031 -0.875452 0.0452971 -0.481178 -0.48079 -0.183051 0.857516 -0.96682 2.51617 -2.31061</i>
                        <i>-0.0492694 0.982064 0.181998 -0.875473 0.0452445 -0.481144 -0.480748 -0.18304 0.857542 -0.96325 2.51547 -2.31202</i>
                        <i>-0.0492997 0.982069 0.181963 -0.875497 0.0451922 -0.481106 -0.480702 -0.183027 0.85757 -0.960491 2.51477 -2.3134</i>
                        <i>-0.0493276 0.982074 0.181928 -0.875522 0.0451411 -0.481065 -0.480654 -0.183012 0.857601 -0.95868 2.5141 -2.31472</i>
                        <i>-0.0493526 0.982079 0.181894 -0.875548 0.0450925 -0.481023 -0.480604 -0.182996 0.857632 -0.957699 2.51347 -2.31596</i>
                        <i>-0.0493744 0.982084 0.181861 -0.875573 0.0450477 -0.480981 -0.480556 -0.18298 0.857662 -0.957368 2.51289 -2.31708</i>
                        <i>-0.0493929 0.982089 0.181831 -0.875596 0.045008 -0.480942 -0.480512 -0.182965 0.85769 -0.957504 2.51238 -2.31807</i>
                        <i>-0.0494077 0.982093 0.181805 -0.875617 0.0449747 -0.480908 -0.480473 -0.182952 0.857714 -0.957925 2.51195 -2.31888</i>
                        <i>-0.0494187 0.982096 0.181785 -0.875633 0.0449492 -0.480882 -0.480443 -0.182941 0.857734 -0.958452 2.51163 -2.3195</i>
                        <i>-0.0494255 0.982098 0.181772 -0.875643 0.044933 -0.480864 -0.480423 -0.182934 0.857746 -0.9589 2.51142 -2.31989</i>
                        <i>-0.0494279 0.982098 0.181768 -0.875647 0.0449273 -0.480858 -0.480416 -0.182932 0.857751 -0.95909 2.51135 -2.32003</i>
                        <i>-0.0345185 0.982392 0.183615 -0.904684 0.0473561 -0.423444 -0.424683 -0.18073 0.887119 -0.965434 2.50987 -2.32081</i>
                        <i>-0.00569321 0.982747 0.184867 -0.950053 0.0523717 -0.307664 -0.312038 -0.177385 0.933363 -0.976373 2.50746 -2.3213</i>
                        <i>0.0272339 0.982791 0.182702 -0.984285 0.0582648 -0.166699 -0.174475 -0.175291 0.968933 -0.988831 2.5049 -2.32138</i>
                        <i>0.0547218 0.982497 0.178059 -0.997182 0.0629402 -0.0408345 -0.0513269 -0.175323 0.983172 -0.999482 2.50289 -2.32126</i>
                        <i>0.0684925 0.982116 0.175378 -0.997524 0.0646039 0.0277941 0.0159668 -0.176848 0.984109 -1.00488 2.50212 -2.3215</i>
                        <i>0.0681958 0.982058 0.175816 -0.997544 0.0642932 0.0278058 0.0160031 -0.17728 0.98403 -1.00469 2.50225 -2.32168</i>
                        <i>0.0673599 0.981895 0.177047 -0.997599 0.0634179 0.0278368 0.0161048 -0.178497 0.983809 -1.00416 2.50263 -2.3222</i>
                        <i>0.066065 0.981637 0.178951 -0.997683 0.0620626 0.0278788 0.0162607 -0.180378 0.983463 -1.00334 2.50322 -2.32299</i>
                        <i>0.0643909 0.981299 0.181403 -0.997789 0.0603112 0.0279225 0.0164597 -0.1828 0.983012 -1.00228 2.50398 -2.32401</i>
                        <i>0.0624178 0.980889 0.184282 -0.997911 0.0582482 0.0279586 0.0166902 -0.185642 0.982476 -1.00104 2.50486 -2.32521</i>
                        <i>0.0602265 0.980423 0.187466 -0.998041 0.0559588 0.0279795 0.0169414 -0.188783 0.981873 -0.999663 2.50584 -2.32653</i>
                        <i>0.0578993 0.979914 0.190831 -0.998174 0.0535294 0.0279797 0.0172026 -0.192102 0.981224 -0.998207 2.50688 -2.32793</i>
                        <i>0.0555198 0.979378 0.194256 -0.998305 0.0510477 0.0279566 0.0174638 -0.195478 0.980552 -0.996725 2.50793 -2.32936</i>
                        <i>0.0531731 0.978836 0.197618 -0.998428 0.0486024 0.027911 0.0177156 -0.198791 0.979882 -0.995268 2.50896 -2.33076</i>
                        <i>0.0509456 0.978308 0.200795 -0.99854 0.0462837 0.027847 0.0179494 -0.201921 0.979237 -0.993889 2.50993 -2.33208</i>
                        <i>0.0489249 0.977817 0.203667 -0.998637 0.0441822 0.0277715 0.018157 -0.204748 0.978646 -0.992642 2.51082 -2.33328</i>
                        <i>0.0471992 0.97739 0.20611 -0.998717 0.042389 0.027694 0.018331 -0.207153 0.978137 -0.991579 2.51156 -2.3343</i>
                        <i>0.0458571 0.977052 0.208006 -0.998777 0.0409956 0.0276255 0.0184643 -0.209018 0.977737 -0.990755 2.51215 -2.33509</i>
                        <i>0.0449874 0.976831 0.209231 -0.998815 0.040093 0.0275773 0.0185497 -0.210224 0.977477 -0.990221 2.51252 -2.3356</i>
                        <i>0.0446781 0.976752 0.209667 -0.998829 0.0397721 0.0275594 0.0185798 -0.210653 0.977384 -0.990031 2.51265 -2.33578</i>
                        <i>0.071248 0.950837 0.301384 -0.997421 0.0652841 0.029828 0.008686 -0.302732 0.953036 -0.983374 2.48461 -2.32606</i>
                        <i>0.107903 0.889083 0.444847 -0.994111 0.101008 0.0392552 -0.0100322 -0.446463 0.894746 -0.974345 2.43873 -2.30954</i>
                        <i>0.140732 0.789636 0.597218 -0.989486 0.132495 0.0579834 -0.0333429 -0.599099 0.79998 -0.964968 2.37793 -2.28839</i>
                        <i>0.162875 0.668089 0.726036 -0.985199 0.149973 0.0830106 -0.0534276 -0.728811 0.682627 -0.956954 2.30587 -2.26559</i>
                        <i>0.175535 0.547627 0.818103 -0.982359 0.151868 0.109121 -0.0644864 -0.822825 0.564624 -0.951412 2.22816 -2.24492</i>
                        <i>0.183006 0.448706 0.874741 -0.980919 0.142734 0.132003 -0.0656246 -0.882208 0.466265 -0.948673 2.15244 -2.23108</i>
                        <i>0.188072 0.376511 0.907121 -0.980321 0.128391 0.149958 -0.0600054 -0.917472 0.393248 -0.948063 2.08539 -2.22446</i>
                        <i>0.19202 0.329248 0.924513 -0.980029 0.113947 0.16297 -0.0516875 -0.937343 0.344553 -0.948628 2.03203 -2.22259</i>
                        <i>0.194887 0.303775 0.932598 -0.979816 0.103439 0.171061 -0.0445029 -0.947112 0.317802 -0.949479 1.99693 -2.22311</i>
                        <i>0.196038 0.29622 0.934785 -0.979714 0.0995912 0.173902 -0.0415832 -0.949913 0.309735 -0.949881 1.98433 -2.22376</i>
                    </KeyFrames>
                </p>
            </i>
            <i>
                <p>
                    <Name><![CDATA[head]]></Name>
                    <Exclude>0</Exclude>
                    <Additive>0</Additive>
                    <IKPriority>0</IKPriority>
                    <IKRotLimits>-1e+010 -1e+010 -1e+010 1e+010 1e+010 1e+010</IKRotLimits>
                    <IKRotLimitOrder>0</IKRotLimitOrder>
                    <KeyFrames count="60">
                        <i>0.0115409 0.966888 0.254939 0.0273231 0.254556 -0.966672 -0.99956 0.018122 -0.0234806 -0.891728 2.07172 -1.97247</i>
                        <i>-0.000709781 0.933336 0.359003 0.0380995 0.358768 -0.932649 -0.999274 0.0130159 -0.0358143 -0.899475 2.09165 -1.96771</i>
                        <i>-0.0340752 0.823247 0.56666 0.0641224 0.567622 -0.820789 -0.99736 0.00836703 -0.0721304 -0.919219 2.14679 -1.95897</i>
                        <i>-0.0861866 0.674959 0.732804 0.10319 0.737633 -0.66727 -0.990921 0.0181085 -0.133223 -0.945442 2.22989 -1.95486</i>
                        <i>-0.146132 0.616411 0.773746 0.179342 0.785689 -0.592055 -0.972873 0.0522469 -0.225363 -0.971722 2.33353 -1.96364</i>
                        <i>-0.194871 0.698009 0.689063 0.33715 0.707393 -0.621229 -0.921062 0.111258 -0.373184 -0.993989 2.44815 -1.99193</i>
                        <i>-0.21038 0.835383 0.507814 0.548536 0.530836 -0.646004 -0.809227 0.142648 -0.569915 -1.00988 2.56472 -2.05098</i>
                        <i>-0.168865 0.949371 0.264916 0.742734 0.299255 -0.598993 -0.647943 0.0956133 -0.755664 -1.01727 2.66638 -2.13487</i>
                        <i>-0.0962337 0.99393 0.0533145 0.866841 0.110014 -0.486296 -0.489209 -0.000582882 -0.872166 -1.0186 2.73621 -2.21405</i>
                        <i>-0.0523823 0.997428 -0.0489278 0.915445 0.0283846 -0.40144 -0.399018 -0.0658191 -0.914578 -1.0187 2.7711 -2.25625</i>
                        <i>-0.0526942 0.997435 -0.0484487 0.91542 0.0288611 -0.401463 -0.399035 -0.0655057 -0.914593 -1.01805 2.77105 -2.25639</i>
                        <i>-0.0535868 0.997453 -0.0470772 0.915348 0.0302248 -0.401527 -0.399081 -0.0646086 -0.914637 -1.01624 2.77089 -2.2568</i>
                        <i>-0.0549952 0.997476 -0.0449125 0.915233 0.0323774 -0.401621 -0.399154 -0.0631926 -0.914704 -1.01346 2.77065 -2.25744</i>
                        <i>-0.0568547 0.997496 -0.0420534 0.915079 0.0352204 -0.401734 -0.399247 -0.0613227 -0.91479 -1.00991 2.77032 -2.25828</i>
                        <i>-0.0591003 0.997505 -0.0385992 0.914888 0.0386554 -0.401853 -0.399358 -0.0590636 -0.91489 -1.00579 2.76993 -2.2593</i>
                        <i>-0.0616672 0.997495 -0.0346489 0.914665 0.0425838 -0.401964 -0.399482 -0.0564801 -0.915 -1.00129 2.76948 -2.26047</i>
                        <i>-0.0644905 0.997458 -0.0303018 0.914412 0.046907 -0.402057 -0.399613 -0.0536372 -0.915113 -0.996613 2.76897 -2.26175</i>
                        <i>-0.0675054 0.997389 -0.0256574 0.914135 0.0515262 -0.402121 -0.399749 -0.0505997 -0.915227 -0.991957 2.76843 -2.26312</i>
                        <i>-0.0706472 0.997284 -0.0208152 0.913838 0.0563423 -0.402151 -0.399886 -0.0474326 -0.915337 -0.987517 2.76786 -2.26455</i>
