<?xml version="1.0" encoding="ISO-8859-1" ?>
<Animl Version="1">
    <ModellingPackage><![CDATA[Maya.2010]]></ModellingPackage>
    <SrcFile><![CDATA[anims\turrets\antitank\blue\~src\at_bgm71tow\antitank_bgm71tow_aim_high_crewman_b.mb]]></SrcFile>
    <FramesPerSecond>30</FramesPerSecond>
    <TotalFrames>30</TotalFrames>
    <Skeleton>
        <RefFrame>
            <Name><![CDATA[soldier_ref_frame]]></Name>
            <Exclude>0</Exclude>
            <Additive>0</Additive>
            <IKPriority>0</IKPriority>
            <IKRotLimits>-1e+010 -1e+010 -1e+010 1e+010 1e+010 1e+010</IKRotLimits>
            <IKRotLimitOrder>0</IKRotLimitOrder>
            <KeyFrames count="30">
                <i>1 0 0 0 1 0 0 0 1 -2.42 0.88 0.85</i>
                <i>1 0 0 0 1 0 0 0 1 -2.42 0.88 0.85</i>
                <i>1 0 0 0 1 0 0 0 1 -2.42 0.88 0.85</i>
                <i>1 0 0 0 1 0 0 0 1 -2.42 0.88 0.85</i>
                <i>1 0 0 0 1 0 0 0 1 -2.42 0.88 0.85</i>
                <i>1 0 0 0 1 0 0 0 1 -2.42 0.88 0.85</i>
                <i>1 0 0 0 1 0 0 0 1 -2.42 0.88 0.85</i>
                <i>1 0 0 0 1 0 0 0 1 -2.42 0.88 0.85</i>
                <i>1 0 0 0 1 0 0 0 1 -2.42 0.88 0.85</i>
                <i>1 0 0 0 1 0 0 0 1 -2.42 0.88 0.85</i>
                <i>1 0 0 0 1 0 0 0 1 -2.42 0.88 0.85</i>
                <i>1 0 0 0 1 0 0 0 1 -2.42 0.88 0.85</i>
                <i>1 0 0 0 1 0 0 0 1 -2.42 0.88 0.85</i>
                <i>1 0 0 0 1 0 0 0 1 -2.42 0.88 0.85</i>
                <i>1 0 0 0 1 0 0 0 1 -2.42 0.88 0.85</i>
                <i>1 0 0 0 1 0 0 0 1 -2.42 0.88 0.85</i>
                <i>1 0 0 0 1 0 0 0 1 -2.42 0.88 0.85</i>
                <i>1 0 0 0 1 0 0 0 1 -2.42 0.88 0.85</i>
                <i>1 0 0 0 1 0 0 0 1 -2.42 0.88 0.85</i>
                <i>1 0 0 0 1 0 0 0 1 -2.42 0.88 0.85</i>
                <i>1 0 0 0 1 0 0 0 1 -2.42 0.88 0.85</i>
                <i>1 0 0 0 1 0 0 0 1 -2.42 0.88 0.85</i>
                <i>1 0 0 0 1 0 0 0 1 -2.42 0.88 0.85</i>
                <i>1 0 0 0 1 0 0 0 1 -2.42 0.88 0.85</i>
                <i>1 0 0 0 1 0 0 0 1 -2.42 0.88 0.85</i>
                <i>1 0 0 0 1 0 0 0 1 -2.42 0.88 0.85</i>
                <i>1 0 0 0 1 0 0 0 1 -2.42 0.88 0.85</i>
                <i>1 0 0 0 1 0 0 0 1 -2.42 0.88 0.85</i>
                <i>1 0 0 0 1 0 0 0 1 -2.42 0.88 0.85</i>
                <i>1 0 0 0 1 0 0 0 1 -2.42 0.88 0.85</i>
            </KeyFrames>
        </RefFrame>
        <Bones count="23">
            <i>
                <p>
                    <Name><![CDATA[pelvis]]></Name>
                    <Exclude>0</Exclude>
                    <Additive>0</Additive>
                    <IKPriority>0</IKPriority>
                    <IKRotLimits>-1e+010 -1e+010 -1e+010 1e+010 1e+010 1e+010</IKRotLimits>
                    <IKRotLimitOrder>2</IKRotLimitOrder>
                    <KeyFrames count="30">
                        <i>1 0 0 0 1 0 0 0 1 -2.44341 2.24915 0.839398</i>
                        <i>1 0 0 0 1 0 0 0 1 -2.44341 2.24948 0.839396</i>
                        <i>1 0 0 0 1 0 0 0 1 -2.44342 2.25036 0.83939</i>
                        <i>1 0 0 0 1 0 0 0 1 -2.44344 2.25169 0.839381</i>
                        <i>1 0 0 0 1 0 0 0 1 -2.44346 2.25338 0.839369</i>
                        <i>1 0 0 0 1 0 0 0 1 -2.44348 2.25535 0.839356</i>
                        <i>1 0 0 0 1 0 0 0 1 -2.4435 2.25751 0.839341</i>
                        <i>1 0 0 0 1 0 0 0 1 -2.44353 2.25975 0.839326</i>
                        <i>1 0 0 0 1 0 0 0 1 -2.44355 2.26199 0.83931</i>
                        <i>1 0 0 0 1 0 0 0 1 -2.44358 2.26414 0.839296</i>
                        <i>1 0 0 0 1 0 0 0 1 -2.4436 2.2661 0.839282</i>
                        <i>1 0 0 0 1 0 0 0 1 -2.44362 2.26778 0.839271</i>
                        <i>1 0 0 0 1 0 0 0 1 -2.44363 2.2691 0.839262</i>
                        <i>1 0 0 0 1 0 0 0 1 -2.44364 2.26996 0.839256</i>
                        <i>1 0 0 0 1 0 0 0 1 -2.44365 2.27027 0.839254</i>
                        <i>1 0 0 0 1 0 0 0 1 -2.44364 2.27 0.839256</i>
                        <i>1 0 0 0 1 0 0 0 1 -2.44363 2.26924 0.839261</i>
                        <i>1 0 0 0 1 0 0 0 1 -2.44362 2.26808 0.839269</i>
                        <i>1 0 0 0 1 0 0 0 1 -2.4436 2.26658 0.839279</i>
                        <i>1 0 0 0 1 0 0 0 1 -2.44358 2.26481 0.839291</i>
                        <i>1 0 0 0 1 0 0 0 1 -2.44356 2.26286 0.839304</i>
                        <i>1 0 0 0 1 0 0 0 1 -2.44354 2.2608 0.839318</i>
                        <i>1 0 0 0 1 0 0 0 1 -2.44352 2.25869 0.839333</i>
                        <i>1 0 0 0 1 0 0 0 1 -2.44349 2.25663 0.839347</i>
                        <i>1 0 0 0 1 0 0 0 1 -2.44347 2.25467 0.83936</i>
                        <i>1 0 0 0 1 0 0 0 1 -2.44345 2.2529 0.839372</i>
                        <i>1 0 0 0 1 0 0 0 1 -2.44343 2.25139 0.839383</i>
                        <i>1 0 0 0 1 0 0 0 1 -2.44342 2.25021 0.839391</i>
                        <i>1 0 0 0 1 0 0 0 1 -2.44341 2.24944 0.839396</i>
                        <i>1 0 0 0 1 0 0 0 1 -2.44341 2.24915 0.839398</i>
                    </KeyFrames>
                </p>
            </i>
            <i>
                <p>
                    <Name><![CDATA[spine0]]></Name>
                    <Exclude>0</Exclude>
                    <Additive>0</Additive>
                    <IKPriority>0</IKPriority>
                    <IKRotLimits>-1e+010 -1e+010 -1e+010 1e+010 1e+010 1e+010</IKRotLimits>
                    <IKRotLimitOrder>0</IKRotLimitOrder>
                    <KeyFrames count="30">
                        <i>0.307425 0.950628 0.0423836 -0.486432 0.118714 0.865616 0.817847 -0.286728 0.498912 -2.46087 2.37387 0.769839</i>
                        <i>0.309092 0.949983 0.0446496 -0.485377 0.117203 0.866414 0.817846 -0.289473 0.497326 -2.46098 2.37409 0.769673</i>
                        <i>0.310896 0.949303 0.0465622 -0.482303 0.115361 0.868375 0.81898 -0.292431 0.493717 -2.46127 2.37466 0.769204</i>
                        <i>0.312748 0.948616 0.0481368 -0.477612 0.113253 0.871241 0.821021 -0.29547 0.48849 -2.4617 2.37554 0.768503</i>
                        <i>0.314558 0.947953 0.0493807 -0.471705 0.110958 0.874748 0.82374 -0.298452 0.482056 -2.46224 2.37667 0.767647</i>
                        <i>0.31623 0.947349 0.0502893 -0.464997 0.108577 0.878629 0.826907 -0.301234 0.47485 -2.46284 2.378 0.766705</i>
                        <i>0.317668 0.946838 0.0508437 -0.457932 0.106243 0.882616 0.830292 -0.303662 0.467337 -2.46348 2.37949 0.765746</i>
                        <i>0.318773 0.946458 0.0510118 -0.450981 0.104116 0.88644 0.833667 -0.305578 0.460024 -2.4641 2.38109 0.764835</i>
                        <i>0.319403 0.946262 0.0506999 -0.444647 0.102411 0.889832 0.836822 -0.306759 0.453463 -2.46466 2.38275 0.764029</i>
                        <i>0.319505 0.946269 0.0499101 -0.439456 0.101305 0.892533 0.839521 -0.307102 0.448212 -2.46512 2.38442 0.763384</i>
                        <i>0.319114 0.946462 0.048749 -0.435949 0.100925 0.894295 0.841496 -0.306634 0.444815 -2.46544 2.38607 0.762953</i>
                        <i>0.318273 0.946817 0.0473331 -0.43466 0.101375 0.894871 0.84248 -0.305387 0.443808 -2.46557 2.38764 0.762791</i>
                        <i>0.316918 0.947359 0.0455461 -0.435141 0.102562 0.894502 0.842743 -0.303302 0.444738 -2.46554 2.389 0.762839</i>
                        <i>0.315072 0.948079 0.0433172 -0.436518 0.104237 0.893637 0.842723 -0.300469 0.446695 -2.46543 2.38998 0.762996</i>
                        <i>0.312919 0.948901 0.0408521 -0.438668 0.106242 0.892347 0.842408 -0.297153 0.449498 -2.46525 2.39049 0.76325</i>
                        <i>0.310603 0.949767 0.0383104 -0.44147 0.108446 0.890698 0.841801 -0.293566 0.452978 -2.46501 2.39047 0.76359</i>
                        <i>0.308268 0.950624 0.0358496 -0.444801 0.110723 0.888759 0.840906 -0.289922 0.456971 -2.46471 2.39003 0.764004</i>
                        <i>0.306056 0.95142 0.0336228 -0.44854 0.112956 0.886596 0.839727 -0.286429 0.46132 -2.46437 2.38921 0.76448</i>
                        <i>0.304104 0.952109 0.0317785 -0.452571 0.115037 0.884277 0.838272 -0.283295 0.46588 -2.464 2.38808 0.765004</i>
                        <i>0.302551 0.952646 0.0304599 -0.456782 0.116872 0.881868 0.836549 -0.280723 0.470511 -2.46362 2.38671 0.765563</i>
                        <i>0.301528 0.952991 0.0298046 -0.461064 0.118377 0.879435 0.834566 -0.278916 0.475084 -2.46322 2.38516 0.766145</i>
                        <i>0.301037 0.953147 0.0297918 -0.465314 0.119549 0.877035 0.832382 -0.277882 0.479502 -2.46283 2.3835 0.766735</i>
                        <i>0.300908 0.953174 0.030226 -0.469427 0.120456 0.874716 0.830116 -0.277398 0.483692 -2.46244 2.38179 0.767318</i>
                        <i>0.301048 0.953105 0.0310071 -0.473304 0.121112 0.872534 0.827861 -0.27735 0.487569 -2.46208 2.38009 0.767878</i>
                        <i>0.301451 0.952941 0.0321214 -0.476851 0.121502 0.870546 0.825676 -0.277744 0.491037 -2.46175 2.37847 0.768399</i>
                        <i>0.302112 0.952681 0.0335557 -0.479974 0.121607 0.868813 0.823622 -0.278585 0.494002 -2.46146 2.377 0.768865</i>
                        <i>0.303032 0.952326 0.0352992 -0.482585 0.121409 0.867394 0.821756 -0.279883 0.496369 -2.46121 2.37574 0.769259</i>
                        <i>0.304215 0.951871 0.0373467 -0.484592 0.120883 0.866347 0.820136 -0.281653 0.498044 -2.46103 2.37475 0.769564</i>
                        <i>0.305671 0.951309 0.0397023 -0.485906 0.119999 0.865734 0.818817 -0.283921 0.498927 -2.46091 2.3741 0.769763</i>
                        <i>0.307425 0.950628 0.0423836 -0.486432 0.118714 0.865616 0.817847 -0.286728 0.498912 -2.46087 2.37387 0.769839</i>
                    </KeyFrames>
                </p>
            </i>
            <i>
                <p>
                    <Name><![CDATA[spine1]]></Name>
                    <Exclude>0</Exclude>
                    <Additive>0</Additive>
                    <IKPriority>0</IKPriority>
                    <IKRotLimits>-1e+010 -1e+010 -1e+010 1e+010 1e+010 1e+010</IKRotLimits>
                    <IKRotLimitOrder>0</IKRotLimitOrder>
                    <KeyFrames count="30">
                        <i>0.454281 0.738973 0.497541 -0.634007 -0.124163 0.763295 0.625831 -0.662195 0.412109 -2.40064 2.56054 0.778085</i>
                        <i>0.459346 0.731287 0.504203 -0.635137 -0.126417 0.761984 0.620969 -0.670253 0.406397 -2.40023 2.56123 0.77839</i>
                        <i>0.463837 0.7236 0.511134 -0.635296 -0.130441 0.761173 0.617458 -0.677782 0.399197 -2.39994 2.56238 0.77833</i>
                        <i>0.467706 0.716184 0.518007 -0.634647 -0.135802 0.760777 0.615202 -0.684571 0.391009 -2.39975 2.56391 0.777979</i>
                        <i>0.470919 0.70931 0.524514 -0.633336 -0.142056 0.760727 0.614101 -0.690435 0.382335 -2.39966 2.56573 0.777411</i>
                        <i>0.47345 0.70324 0.530376 -0.631508 -0.148755 0.760966 0.614039 -0.695216 0.373673 -2.39966 2.56776 0.776692</i>
                        <i>0.475275 0.698227 0.535343 -0.629311 -0.155451 0.761448 0.614883 -0.698794 0.36552 -2.39976 2.5699 0.775884</i>
                        <i>0.476368 0.694506 0.539199 -0.626909 -0.161697 0.762128 0.616489 -0.701082 0.358365 -2.39994 2.57208 0.775041</i>
                        <i>0.476647 0.692373 0.54169 -0.624467 -0.167033 0.762982 0.618748 -0.70194 0.352748 -2.40021 2.57422 0.774199</i>
                        <i>0.476111 0.691956 0.542693 -0.622186 -0.171055 0.763953 0.621452 -0.701383 0.349084 -2.40054 2.57623 0.773412</i>
                        <i>0.474835 0.693219 0.542198 -0.620303 -0.173414 0.764952 0.624304 -0.699553 0.347663 -2.4009 2.57804 0.772753</i>
                        <i>0.472878 0.69613 0.540176 -0.619059 -0.173774 0.765878 0.627019 -0.696567 0.348771 -2.40123 2.57956 0.772298</i>
                        <i>0.47027 0.70048 0.536817 -0.618333 -0.172486 0.766754 0.62969 -0.692514 0.352015 -2.40158 2.58072 0.77197</i>
                        <i>0.467125 0.705844 0.532521 -0.617854 -0.170249 0.76764 0.632495 -0.687604 0.356581 -2.40198 2.58144 0.771658</i>
                        <i>0.463625 0.71186 0.527548 -0.617632 -0.167252 0.768478 0.635282 -0.682116 0.362125 -2.40239 2.58163 0.771395</i>
                        <i>0.459903 0.718268 0.522093 -0.617655 -0.163657 0.769233 0.637959 -0.676246 0.368375 -2.40279 2.58125 0.771202</i>
                        <i>0.4561 0.72481 0.516355 -0.617911 -0.159627 0.769874 0.640436 -0.670201 0.375062 -2.40314 2.58039 0.771101</i>
                        <i>0.452369 0.731235 0.510546 -0.618384 -0.155319 0.770375 0.642623 -0.664207 0.381923 -2.40344 2.57912 0.77111</i>
                        <i>0.448869 0.737295 0.504888 -0.619056 -0.150889 0.770715 0.644427 -0.658504 0.388698 -2.40366 2.57751 0.771247</i>
                        <i>0.445773 0.742745 0.499616 -0.619911 -0.146488 0.770877 0.645753 -0.653354 0.395135 -2.40377 2.57564 0.771526</i>
                        <i>0.443258 0.747342 0.494978 -0.620928 -0.142267 0.770849 0.646506 -0.649031 0.400985 -2.40375 2.57359 0.771961</i>
                        <i>0.441344 0.751069 0.49103 -0.622057 -0.138303 0.77066 0.64673 -0.645575 0.406169 -2.40362 2.57142 0.772532</i>
                        <i>0.439991 0.753993 0.487753 -0.62327 -0.134615 0.770333 0.646485 -0.642941 0.410711 -2.40341 2.56922 0.773186</i>
                        <i>0.439292 0.75598 0.485301 -0.624577 -0.131271 0.769852 0.645699 -0.641297 0.414501 -2.40315 2.5671 0.773887</i>
                        <i>0.439353 0.756873 0.483851 -0.625969 -0.128372 0.76921 0.644307 -0.64083 0.417379 -2.40284 2.56512 0.774616</i>
                        <i>0.440277 0.75651 0.483579 -0.62744 -0.126019 0.7684 0.642242 -0.641725 0.419182 -2.40248 2.56339 0.775356</i>
                        <i>0.442156 0.754722 0.484658 -0.628984 -0.124317 0.767414 0.639435 -0.644159 0.41974 -2.40208 2.56199 0.776088</i>
                        <i>0.445074 0.75133 0.48725 -0.630595 -0.123369 0.766244 0.635814 -0.648293 0.418877 -2.40164 2.56098 0.776796</i>
                        <i>0.449099 0.746147 0.491503 -0.63227 -0.123282 0.764876 0.631304 -0.654268 0.416401 -2.40116 2.56047 0.777465</i>
                        <i>0.454281 0.738973 0.497541 -0.634007 -0.124163 0.763295 0.625831 -0.662195 0.412109 -2.40064 2.56054 0.778085</i>
                    </KeyFrames>
                </p>
            </i>
            <i>
                <p>
                    <Name><![CDATA[spine2]]></Name>
                    <Exclude>0</Exclude>
                    <Additive>0</Additive>
                    <IKPriority>0</IKPriority>
                    <IKRotLimits>-1e+010 -1e+010 -1e+010 1e+010 1e+010 1e+010</IKRotLimits>
                    <IKRotLimitOrder>0</IKRotLimitOrder>
                    <KeyFrames count="30">
                        <i>0.5406 0.623526 0.564772 -0.730348 0.0146484 0.682918 0.417544 -0.781666 0.46331 -2.31844 2.6936 0.868146</i>
                        <i>0.547754 0.608637 0.574045 -0.731678 0.0157504 0.681468 0.405725 -0.793293 0.453953 -2.31685 2.6933 0.869943</i>
                        <i>0.553722 0.595107 0.582443 -0.732996 0.0164595 0.680034 0.395106 -0.803478 0.445325 -2.31542 2.69354 0.87149</i>
                        <i>0.558562 0.583172 0.589847 -0.734264 0.0168538 0.678655 0.385831 -0.812174 0.437616 -2.31417 2.69425 0.872786</i>
                        <i>0.562337 0.573042 0.596154 -0.735438 0.0170011 0.677378 0.378031 -0.81935 0.430997 -2.31311 2.69536 0.873824</i>
                        <i>0.565109 0.564907 0.601274 -0.736477 0.016955 0.67625 0.371824 -0.82498 0.425622 -2.31228 2.69681 0.874598</i>
                        <i>0.56693 0.558932 0.605132 -0.737338 0.0167541 0.675316 0.367317 -0.829044 0.421621 -2.31169 2.69854 0.8751</i>
                        <i>0.567835 0.555259 0.607661 -0.737988 0.0164233 0.674614 0.364605 -0.831515 0.4191 -2.31136 2.70046 0.875318</i>
                        <i>0.567803 0.554096 0.608751 -0.73839 0.0159704 0.674185 0.363841 -0.8323 0.418207 -2.31132 2.70255 0.875213</i>
                        <i>0.566859 0.555467 0.608381 -0.738525 0.0154106 0.67405 0.365037 -0.831396 0.418962 -2.3116 2.70471 0.874793</i>
                        <i>0.565072 0.55922 0.606602 -0.738387 0.0147736 0.674215 0.368073 -0.828887 0.421269 -2.31213 2.70684 0.874109</i>
                        <i>0.562491 0.565205 0.603446 -0.737972 0.0140962 0.674684 0.372828 -0.82483 0.425034 -2.31289 2.70882 0.873215</i>
                        <i>0.559271 0.572861 0.599204 -0.73734 0.0134008 0.675389 0.378875 -0.819543 0.429888 -2.31386 2.71059 0.872101</i>
                        <i>0.555632 0.58145 0.594297 -0.73658 0.0127021 0.676231 0.385645 -0.813483 0.435342 -2.31503 2.71204 0.87078</i>
                        <i>0.551712 0.590571 0.58893 -0.73573 0.0120341 0.677168 0.392828 -0.806896 0.441141 -2.31631 2.71302 0.869347</i>
                        <i>0.547602 0.599974 0.583235 -0.734813 0.0114172 0.678174 0.400228 -0.799938 0.44712 -2.31764 2.71346 0.86787</i>
                        <i>0.543402 0.609408 0.577352 -0.733851 0.0108709 0.679224 0.407648 -0.792782 0.453122 -2.31896 2.71341 0.866417</i>
                        <i>0.539223 0.61863 0.571433 -0.732871 0.010412 0.680288 0.414897 -0.785613 0.45899 -2.32021 2.71291 0.865056</i>
                        <i>0.535186 0.627396 0.565641 -0.731899 0.0100541 0.681339 0.421783 -0.778635 0.464571 -2.32134 2.71199 0.863854</i>
                        <i>0.531423 0.635467 0.560153 -0.730963 0.00980724 0.682346 0.428115 -0.772065 0.469715 -2.32228 2.7107 0.862876</i>
                        <i>0.528074 0.642604 0.555155 -0.730094 0.00967697 0.683278 0.433705 -0.766137 0.474272 -2.32297 2.70908 0.862189</i>
                        <i>0.525154 0.64882 0.550677 -0.729298 0.00964715 0.684129 0.438564 -0.76088 0.478249 -2.32342 2.70721 0.861785</i>
                        <i>0.522795 0.653906 0.546894 -0.728603 0.00972702 0.684867 0.442519 -0.756513 0.481523 -2.32367 2.70519 0.861613</i>
                        <i>0.521297 0.657352 0.544185 -0.728069 0.00994644 0.685432 0.445157 -0.753518 0.483783 -2.32371 2.70313 0.861675</i>
                        <i>0.520865 0.658819 0.542823 -0.727735 0.0103124 0.685781 0.446208 -0.752231 0.484817 -2.32353 2.70109 0.861991</i>
                        <i>0.521695 0.657955 0.543074 -0.72764 0.0108308 0.685873 0.445392 -0.752979 0.484405 -2.32309 2.69915 0.862583</i>
                        <i>0.523961 0.654396 0.545188 -0.727822 0.0115087 0.685669 0.442425 -0.756064 0.482314 -2.32239 2.69736 0.863471</i>
                        <i>0.527808 0.647754 0.549393 -0.728315 0.0123571 0.685131 0.437008 -0.761749 0.478291 -2.3214 2.69579 0.864678</i>
                        <i>0.53334 0.637614 0.555875 -0.729148 0.0133943 0.684224 0.428826 -0.77024 0.472059 -2.32009 2.69452 0.866228</i>
                        <i>0.5406 0.623526 0.564772 -0.730348 0.0146484 0.682918 0.417544 -0.781666 0.46331 -2.31844 2.6936 0.868146</i>
                    </KeyFrames>
                </p>
            </i>
            <i>
                <p>
                    <Name><![CDATA[head]]></Name>
                    <Exclude>0</Exclude>
                    <Additive>0</Additive>
                    <IKPriority>0</IKPriority>
                    <IKRotLimits>-1e+010 -1e+010 -1e+010 1e+010 1e+010 1e+010</IKRotLimits>
                    <IKRotLimitOrder>0</IKRotLimitOrder>
                    <KeyFrames count="30">
                        <i>0.134799 0.970531 0.199748 -0.158899 0.220152 -0.962436 -0.978049 0.097996 0.183893 -2.17419 2.87647 1.00518</i>
                        <i>0.146637 0.970809 0.189808 -0.156871 0.212276 -0.964536 -0.976672 0.111661 0.183419 -2.16999 2.87213 1.01021</i>
                        <i>0.156707 0.971645 0.177055 -0.156404 0.201422 -0.966937 -0.975182 0.123833 0.183534 -2.1663 2.86875 1.01466</i>
                        <i>0.165163 0.972654 0.163298 -0.157151 0.18941 -0.969241 -0.973666 0.13442 0.184137 -2.16316 2.86632 1.0185</i>
                        <i>0.17217 0.973524 0.150362 -0.158679 0.178056 -0.971142 -0.972203 0.143342 0.185134 -2.16056 2.8648 1.0217</i>
                        <i>0.177915 0.974024 0.140084 -0.160506 0.169173 -0.972429 -0.970868 0.150526 0.186435 -2.15852 2.86418 1.02422</i>
                        <i>0.18262 0.973967 0.134307 -0.162128 0.164566 -0.97295 -0.969724 0.155905 0.187961 -2.15708 2.86443 1.02603</i>
                        <i>0.18639 0.97329 0.134038 -0.163205 0.165207 -0.972662 -0.968826 0.159418 0.189638 -2.15624 2.86551 1.02711</i>
                        <i>0.188944 0.972208 0.138248 -0.16384 0.170021 -0.971725 -0.968223 0.160951 0.191411 -2.15607 2.86743 1.02736</i>
                        <i>0.190107 0.970863 0.145889 -0.164187 0.177947 -0.970246 -0.967937 0.160497 0.193232 -2.15657 2.8701 1.02678</i>
                        <i>0.189834 0.969334 0.156058 -0.164402 0.188087 -0.968295 -0.967954 0.158159 0.195065 -2.15768 2.87337 1.02545</i>
                        <i>0.188079 0.967704 0.167852 -0.164676 0.199554 -0.96595 -0.96825 0.154034 0.19689 -2.15936 2.87707 1.02342</i>
                        <i>0.185334 0.965876 0.18093 -0.165043 0.2121 -0.96321 -0.968717 0.148655 0.198721 -2.16153 2.88097 1.02079</i>
                        <i>0.182224 0.963704 0.195111 -0.165444 0.225655 -0.960056 -0.969238 0.142665 0.200559 -2.16402 2.88476 1.01776</i>
                        <i>0.178872 0.961261 0.209719 -0.165934 0.239578 -0.956592 -0.969779 0.136308 0.20236 -2.16672 2.88818 1.01447</i>
                        <i>0.175264 0.958712 0.223949 -0.166608 0.253071 -0.952994 -0.970322 0.129714 0.204083 -2.16955 2.89111 1.01105</i>
                        <i>0.171372 0.956274 0.237007 -0.167535 0.265348 -0.949485 -0.970857 0.123009 0.205682 -2.1724 2.89352 1.0076</i>
                        <i>0.167159 0.9542 0.248112 -0.168762 0.275631 -0.946333 -0.971379 0.116316 0.207107 -2.17518 2.89539 1.00424</i>
                        <i>0.162573 0.952775 0.256496 -0.170313 0.28315 -0.943832 -0.971887 0.109757 0.208303 -2.1778 2.89671 1.00108</i>
                        <i>0.157553 0.952287 0.261394 -0.172188 0.287137 -0.942287 -0.972383 0.103452 0.209211 -2.18016 2.89746 0.998246</i>
                        <i>0.152026 0.953008 0.262036 -0.174358 0.286819 -0.941984 -0.972876 0.0975182 0.209769 -2.18215 2.89765 0.99586</i>
                        <i>0.145383 0.954846 0.259099 -0.176147 0.282677 -0.942903 -0.973569 0.0914427 0.209289 -2.18378 2.89734 0.993918</i>
                        <i>0.137816 0.957274 0.254229 -0.176854 0.276337 -0.944648 -0.974541 0.0852263 0.207382 -2.18501 2.8966 0.992441</i>
                        <i>0.130384 0.959943 0.24801 -0.176445 0.268618 -0.946949 -0.975637 0.0797071 0.2044 -2.18573 2.89538 0.99157</i>
                        <i>0.123905 0.962648 0.240743 -0.175007 0.260009 -0.949615 -0.976739 0.0755302 0.200687 -2.18585 2.89365 0.991419</i>
                        <i>0.119212 0.965206 0.232733 -0.172666 0.250987 -0.952466 -0.97774 0.0733606 0.196579 -2.18526 2.89141 0.992099</i>
                        <i>0.117144 0.967455 0.224296 -0.169598 0.242022 -0.955333 -0.978526 0.0738713 0.19243 -2.18387 2.88862 0.993717</i>
                        <i>0.118526 0.969227 0.215756 -0.166049 0.233576 -0.958055 -0.978968 0.0777284 0.188624 -2.18161 2.88525 0.996375</i>
                        <i>0.12416 0.970333 0.207455 -0.162346 0.22612 -0.960476 -0.978891 0.085573 0.185604 -2.1784 2.88122 1.00017</i>
                        <i>0.134799 0.970531 0.199748 -0.158899 0.220152 -0.962436 -0.978049 0.097996 0.183893 -2.17419 2.87647 1.00518</i>
                    </KeyFrames>
                </p>
            </i>
            <i>
                <p>
                    <Name><![CDATA[head_prop]]></Name>
                    <Exclude>0</Exclude>
                    <Additive>0</Additive>
                    <IKPriority>0</IKPriority>
                    <IKRotLimits>-1e+010 -1e+010 -1e+010 1e+010 1e+010 1e+010</IKRotLimits>
                    <IKRotLimitOrder>0</IKRotLimitOrder>
                    <KeyFrames count="30">
                        <i>0.978049 -0.097996 -0.183893 0.134799 0.970531 0.199748 0.158899 -0.220152 0.962436 -2.13026 3.19278 1.07028</i>
                        <i>0.976672 -0.111661 -0.183419 0.146637 0.970809 0.189808 0.156871 -0.212276 0.964536 -2.1222 3.18853 1.07207</i>
                        <i>0.975182 -0.123833 -0.183534 0.156707 0.971645 0.177055 0.156404 -0.201422 0.966937 -2.11523 3.18542 1.07237</i>
                        <i>0.973666 -0.13442 -0.184137 0.165163 0.972654 0.163298 0.157151 -0.18941 0.969241 -2.10933 3.18331 1.07172</i>
                        <i>0.972203 -0.143342 -0.185134 0.17217 0.973524 0.150362 0.158679 -0.178056 0.971142 -2.10444 3.18208 1.0707</i>
                        <i>0.970868 -0.150526 -0.186435 0.177915 0.974024 0.140084 0.160506 -0.169173 0.972429 -2.10054 3.18162 1.06987</i>
                        <i>0.969724 -0.155905 -0.187961 0.18262 0.973967 0.134307 0.162128 -0.164566 0.97295 -2.09756 3.18185 1.06981</i>
                        <i>0.968826 -0.159418 -0.189638 0.18639 0.97329 0.134038 0.163205 -0.165207 0.972662 -2.09549 3.18272 1.07079</i>
                        <i>0.968223 -0.160951 -0.191411 0.188944 0.972208 0.138248 0.16384 -0.170021 0.971725 -2.09449 3.18428 1.07241</i>
                        <i>0.967937 -0.160497 -0.193232 0.190107 0.970863 0.145889 0.164187 -0.177947 0.970246 -2.09461 3.18651 1.07433</i>
                        <i>0.967954 -0.158159 -0.195065 0.189834 0.969334 0.156058 0.164402 -0.188087 0.968295 -2.09581 3.18928 1.07631</i>
                        <i>0.96825 -0.154034 -0.19689 0.188079 0.967704 0.167852 0.164676 -0.199554 0.96595 -2.09807 3.19246 1.07812</i>
                        <i>0.968717 -0.148655 -0.198721 0.185334 0.965876 0.18093 0.165043 -0.2121 0.96321 -2.10112 3.19576 1.07976</i>
                        <i>0.969238 -0.142665 -0.200559 0.182224 0.963704 0.195111 0.165444 -0.225655 0.960056 -2.10463 3.19884 1.08135</i>
                        <i>0.969779 -0.136308 -0.20236 0.178872 0.961261 0.209719 0.165934 -0.239578 0.956592 -2.10843 3.20147 1.08282</i>
                        <i>0.970322 -0.129714 -0.204083 0.175264 0.958712 0.223949 0.166608 -0.253071 0.952994 -2.11243 3.20356 1.08404</i>
                        <i>0.970857 -0.123009 -0.205682 0.171372 0.956274 0.237007 0.167535 -0.265348 0.949485 -2.11655 3.20517 1.08484</i>
                        <i>0.971379 -0.116316 -0.207107 0.167159 0.9542 0.248112 0.168762 -0.275631 0.946333 -2.12071 3.20637 1.0851</i>
                        <i>0.971887 -0.109757 -0.208303 0.162573 0.952775 0.256496 0.170313 -0.28315 0.943832 -2.12482 3.20723 1.08467</i>
                        <i>0.972383 -0.103452 -0.209211 0.157553 0.952287 0.261394 0.172188 -0.287137 0.942287 -2.12881 3.20782 1.08344</i>
                        <i>0.972876 -0.0975182 -0.209769 0.152026 0.953008 0.262036 0.174358 -0.286819 0.941984 -2.13261 3.20824 1.08126</i>
                        <i>0.973569 -0.0914427 -0.209289 0.145383 0.954846 0.259099 0.176147 -0.282677 0.942903 -2.1364 3.20853 1.07836</i>
                        <i>0.974541 -0.0852263 -0.207382 0.137816 0.957274 0.254229 0.176854 -0.276337 0.944648 -2.1401 3.20858 1.0753</i>
                        <i>0.975637 -0.0797071 -0.2044 0.130384 0.959943 0.24801 0.176445 -0.268618 0.946949 -2.14324 3.20823 1.0724</i>
                        <i>0.976739 -0.0755302 -0.200687 0.123905 0.962648 0.240743 0.175007 -0.260009 0.949615 -2.14547 3.20739 1.06988</i>
                        <i>0.97774 -0.0733606 -0.196579 0.119212 0.965206 0.232733 0.172666 -0.250987 0.952466 -2.1464 3.20598 1.06795</i>
                        <i>0.978526 -0.0738713 -0.19243 0.117144 0.967455 0.224296 0.169598 -0.242022 0.955333 -2.14569 3.20393 1.06682</i>
                        <i>0.978968 -0.0777284 -0.188624 0.118526 0.969227 0.215756 0.166049 -0.233576 0.958055 -2.14298 3.20113 1.06669</i>
                        <i>0.978891 -0.085573 -0.185604 0.12416 0.970333 0.207455 0.162346 -0.22612 0.960476 -2.13794 3.19746 1.06778</i>
                        <i>0.978049 -0.097996 -0.183893 0.134799 0.970531 0.199748 0.158899 -0.220152 0.962436 -2.13026 3.19278 1.07028</i>
                    </KeyFrames>
                </p>
            </i>
            <i>
                <p>
                    <Name><![CDATA[l_clav]]></Name>
                    <Exclude>0</Exclude>
                    <Additive>0</Additive>
                    <IKPriority>0</IKPriority>
                    <IKRotLimits>-1e+010 -1e+010 -1e+010 1e+010 1e+010 1e+010</IKRotLimits>
                    <IKRotLimitOrder>0</IKRotLimitOrder>
                    <KeyFrames count="30">
                        <i>0.695955 0.11029 -0.709565 0.363587 0.797987 0.480647 0.619234 -0.592497 0.515263 -2.20471 2.70571 0.872049</i>
                        <i>0.697458 0.105865 -0.708763 0.380048 0.783848 0.491066 0.607549 -0.611862 0.506467 -2.20306 2.7042 0.874124</i>
                        <i>0.698 0.100737 -0.708977 0.395155 0.771489 0.498656 0.597201 -0.628218 0.498692 -2.20156 2.70338 0.876013</i>
                        <i>0.697716 0.0952552 -0.710014 0.408732 0.761033 0.503752 0.588329 -0.641681 0.492051 -2.20024 2.70319 0.877687</i>
                        <i>0.696768 0.0897344 -0.711661 0.420589 0.752581 0.506682 0.581049 -0.652357 0.486633 -2.19912 2.70356 0.879115</i>
                        <i>0.695345 0.0844617 -0.713696 0.430521 0.746211 0.507761 0.575454 -0.66033 0.482511 -2.19822 2.70444 0.880269</i>
                        <i>0.693647 0.0797042 -0.715892 0.438308 0.741981 0.507297 0.571612 -0.665666 0.479738 -2.19756 2.70576 0.881119</i>
                        <i>0.691886 0.0757181 -0.718026 0.443715 0.73993 0.505589 0.569571 -0.668409 0.47835 -2.19716 2.70747 0.881635</i>
                        <i>0.690256 0.0727556 -0.719898 0.446448 0.740141 0.502867 0.569412 -0.668505 0.478405 -2.19708 2.70952 0.881763</i>
                        <i>0.688971 0.0710838 -0.721295 0.446289 0.742536 0.499466 0.571092 -0.666023 0.479862 -2.19731 2.71184 0.881497</i>
                        <i>0.68825 0.0709972 -0.721992 0.443091 0.746877 0.495828 0.574441 -0.661161 0.482579 -2.19782 2.7143 0.880881</i>
                        <i>0.688288 0.0728298 -0.721772 0.436698 0.752881 0.492407 0.579271 -0.654115 0.486394 -2.19857 2.71677 0.879958</i>
                        <i>0.689053 0.0765013 -0.720662 0.427696 0.759849 0.489598 0.585049 -0.645583 0.490857 -2.19956 2.71916 0.87873</i>
                        <i>0.690388 0.0817017 -0.718811 0.416965 0.767026 0.487659 0.591189 -0.636393 0.495479 -2.20077 2.72131 0.877236</i>
                        <i>0.69208 0.088094 -0.716425 0.405029 0.774151 0.486458 0.597475 -0.626841 0.500094 -2.20211 2.72305 0.875581</i>
                        <i>0.693907 0.0953161 -0.713729 0.392329 0.781107 0.485747 0.603798 -0.61708 0.50462 -2.20352 2.72427 0.873842</i>
                        <i>0.695675 0.102984 -0.710937 0.37931 0.787796 0.485285 0.61005 -0.607266 0.508987 -2.20493 2.72501 0.872095</i>
                        <i>0.697226 0.110693 -0.708254 0.366426 0.794144 0.484837 0.616124 -0.597563 0.513137 -2.20629 2.72527 0.87042</i>
                        <i>0.698437 0.118017 -0.705874 0.354137 0.8001 0.484177 0.621911 -0.588143 0.517025 -2.20752 2.72507 0.868895</i>
                        <i>0.699218 0.124517 -0.703981 0.342907 0.805633 0.483084 0.627302 -0.579182 0.520616 -2.20856 2.72443 0.867602</i>
                        <i>0.699509 0.129737 -0.702749 0.333204 0.810733 0.481339 0.632189 -0.57086 0.523886 -2.20933 2.72337 0.866622</i>
                        <i>0.699202 0.133215 -0.702403 0.325332 0.815579 0.478529 0.636612 -0.563103 0.526915 -2.20983 2.72195 0.865954</i>
                        <i>0.69828 0.134481 -0.703078 0.319914 0.820018 0.47458 0.640359 -0.556314 0.52958 -2.21012 2.7203 0.865547</i>
                        <i>0.696792 0.133101 -0.704816 0.317782 0.823646 0.469705 0.643037 -0.551264 0.531612 -2.21019 2.71846 0.865412</i>
                        <i>0.695018 0.129534 -0.707228 0.318927 0.82603 0.464715 0.644388 -0.548539 0.532793 -2.21001 2.71647 0.86558</i>
                        <i>0.693362 0.124675 -0.709722 0.323076 0.826592 0.460833 0.644105 -0.548819 0.532848 -2.20957 2.71437 0.866084</i>
                        <i>0.69221 0.119435 -0.711745 0.329947 0.824736 0.459287 0.641857 -0.552762 0.531483 -2.20884 2.71221 0.866954</i>
                        <i>0.691958 0.114725 -0.712763 0.339239 0.819832 0.461295 0.637268 -0.560994 0.52837 -2.2078 2.71002 0.868219</i>
                        <i>0.693041 0.111414 -0.712236 0.350597 0.811184 0.468041 0.629901 -0.57408 0.523122 -2.20643 2.70784 0.869908</i>
                        <i>0.695955 0.11029 -0.709565 0.363587 0.797987 0.480647 0.619234 -0.592497 0.515263 -2.20471 2.70571 0.872049</i>
                    </KeyFrames>
                </p>
            </i>
            <i>
                <p>
                    <Name><![CDATA[l_shoulder]]></Name>
                    <Exclude>0</Exclude>
                    <Additive>0</Additive>
                    <IKPriority>0</IKPriority>
                    <IKRotLimits>-1e+010 -1e+010 -1e+010 1e+010 1e+010 1e+010</IKRotLimits>
                    <IKRotLimitOrder>0</IKRotLimitOrder>
                    <KeyFrames count="30">
                        <i>0.262635 -0.810169 -0.52407 0.808696 0.481097 -0.338462 0.526339 -0.334921 0.781534 -2.0672 2.7275 0.731854</i>
                        <i>0.262638 -0.819726 -0.50899 0.821004 0.466987 -0.328444 0.506926 -0.331621 0.795646 -2.06526 2.72512 0.734087</i>
                        <i>0.259713 -0.827391 -0.497969 0.831893 0.453564 -0.319741 0.490412 -0.331215 0.806097 -2.06365 2.72329 0.735934</i>
                        <i>0.254614 -0.833254 -0.490774 0.841354 0.441074 -0.312375 0.476755 -0.33338 0.813365 -2.06239 2.72201 0.737403</i>
                        <i>0.248103 -0.837472 -0.486914 0.849383 0.429755 -0.306364 0.465825 -0.337567 0.817958 -2.06145 2.72129 0.738506</i>
                        <i>0.240931 -0.84027 -0.485694 0.855976 0.41984 -0.301729 0.457447 -0.343046 0.820403 -2.06083 2.72113 0.739258</i>
                        <i>0.233805 -0.841925 -0.48631 0.861121 0.41155 -0.298493 0.451449 -0.348982 0.821222 -2.06051 2.72151 0.739674</i>
                        <i>0.227374 -0.842746 -0.487934 0.864797 0.405098 -0.296685 0.447691 -0.354505 0.820913 -2.06046 2.72243 0.739769</i>
                        <i>0.222271 -0.843072 -0.489719 0.866933 0.400726 -0.296388 0.446119 -0.358675 0.819957 -2.0607 2.7239 0.739527</i>
                        <i>0.218962 -0.843191 -0.491003 0.867501 0.398581 -0.297615 0.446651 -0.360779 0.818744 -2.06118 2.72588 0.738985</i>
                        <i>0.217762 -0.843318 -0.49132 0.866507 0.398717 -0.300318 0.449161 -0.360334 0.817566 -2.06183 2.72833 0.738231</i>
                        <i>0.218949 -0.843617 -0.490277 0.863925 0.401165 -0.304468 0.453536 -0.356899 0.816656 -2.06257 2.73116 0.737351</i>
                        <i>0.222414 -0.843954 -0.488133 0.859933 0.405734 -0.30967 0.4594 -0.350887 0.815984 -2.06341 2.73427 0.736343</i>
                        <i>0.227984 -0.844075 -0.485346 0.854753 0.41222 -0.315393 0.466284 -0.342946 0.815455 -2.06436 2.73745 0.735215</i>
                        <i>0.235915 -0.843844 -0.481945 0.848369 0.420716 -0.321355 0.473935 -0.333054 0.815145 -2.06537 2.74045 0.734031</i>
                        <i>0.243748 -0.841956 -0.481349 0.840999 0.430683 -0.327463 0.483018 -0.324996 0.813063 -2.06642 2.7431 0.732825</i>
                        <i>0.248933 -0.837604 -0.486263 0.833041 0.441273 -0.333649 0.49404 -0.32202 0.807606 -2.06748 2.74536 0.731629</i>
                        <i>0.251822 -0.831419 -0.495307 0.824679 0.452185 -0.339755 0.506448 -0.322912 0.799524 -2.06853 2.74714 0.730484</i>
                        <i>0.252891 -0.824019 -0.506991 0.816133 0.463116 -0.345616 0.519589 -0.326369 0.789627 -2.06952 2.74839 0.72943</i>
                        <i>0.252703 -0.816013 -0.519869 0.807653 0.473768 -0.351057 0.532765 -0.331161 0.778778 -2.0704 2.74903 0.728511</i>
                        <i>0.251866 -0.807989 -0.532652 0.799521 0.483843 -0.355895 0.545279 -0.336228 0.767868 -2.07112 2.749 0.727774</i>
                        <i>0.251126 -0.800555 -0.544102 0.791924 0.493151 -0.360081 0.556589 -0.340462 0.757822 -2.07168 2.74827 0.727174</i>
                        <i>0.250855 -0.794132 -0.553557 0.785284 0.501321 -0.363327 0.56604 -0.343557 0.749378 -2.07216 2.74687 0.726634</i>
                        <i>0.251092 -0.788945 -0.56082 0.780226 0.507867 -0.365128 0.572888 -0.345885 0.743077 -2.07252 2.74476 0.726155</i>
                        <i>0.251938 -0.785398 -0.5654 0.777259 0.512288 -0.36528 0.576538 -0.347435 0.739522 -2.07269 2.74206 0.725847</i>
                        <i>0.253387 -0.783952 -0.566758 0.776883 0.514009 -0.363659 0.576409 -0.348158 0.739282 -2.07258 2.73901 0.725858</i>
                        <i>0.255353 -0.785087 -0.564299 0.779545 0.512431 -0.360172 0.57193 -0.347926 0.742862 -2.07207 2.73581 0.726328</i>
                        <i>0.257682 -0.789354 -0.557243 0.785604 0.506912 -0.354776 0.562517 -0.346353 0.750742 -2.07108 2.73269 0.727392</i>
                        <i>0.260179 -0.797431 -0.544436 0.795298 0.496734 -0.3475 0.547547 -0.342576 0.763435 -2.0695 2.72985 0.729185</i>
                        <i>0.262635 -0.810169 -0.52407 0.808696 0.481097 -0.338462 0.526339 -0.334921 0.781534 -2.0672 2.7275 0.731854</i>
                    </KeyFrames>
                </p>
            </i>
            <i>
                <p>
                    <Name><![CDATA[l_elbow]]></Name>
                    <Exclude>0</Exclude>
                    <Additive>0</Additive>
                    <IKPriority>0</IKPriority>
                    <IKRotLimits>-1e+010 -1e+010 -1e+010 1e+010 1e+010 1e+010</IKRotLimits>
                    <IKRotLimitOrder>0</IKRotLimitOrder>
                    <KeyFrames count="30">
                        <i>0.555801 -0.81183 0.178934 0.80996 0.480357 -0.336485 0.187217 0.331948 0.924532 -1.98177 2.46397 0.561386</i>
                        <i>0.536923 -0.825697 0.173025 0.822219 0.466257 -0.326434 0.188862 0.317535 0.929249 -1.97983 2.45848 0.568524</i>
                        <i>0.520274 -0.836517 0.171912 0.833067 0.452837 -0.317707 0.187919 0.308509 0.932475 -1.97918 2.45415 0.573957</i>
                        <i>0.506055 -0.844422 0.175672 0.842496 0.440342 -0.310323 0.184688 0.305043 0.934259 -1.97957 2.45097 0.577766</i>
                        <i>0.494382 -0.849534 0.18406 0.850499 0.429013 -0.304302 0.17955 0.306984 0.934624 -1.98075 2.44888 0.580125</i>
                        <i>0.485314 -0.851955 0.196581 0.857072 0.419085 -0.299661 0.172913 0.313913 0.933573 -1.98246 2.44781 0.581273</i>
                        <i>0.478883 -0.851754 0.212571 0.862203 0.41078 -0.296422 0.165159 0.325231 0.9311 -1.98445 2.44765 0.581489</i>
                        <i>0.475123 -0.848977 0.231292 0.865871 0.404314 -0.294616 0.156608 0.340247 0.927203 -1.9865 2.4483 0.581056</i>
                        <i>0.474149 -0.843596 0.252049 0.868004 0.39993 -0.294321 0.147486 0.358332 0.921871 -1.9884 2.44966 0.580233</i>
                        <i>0.475968 -0.835669 0.274066 0.868574 0.39778 -0.295552 0.137966 0.378719 0.91517 -1.98996 2.45161 0.579273</i>
                        <i>0.480481 -0.825364 0.296499 0.867586 0.397915 -0.298258 0.12819 0.400546 0.907265 -1.991 2.45401 0.578416</i>
                        <i>0.487604 -0.812879 0.318544 0.865015 0.400371 -0.302411 0.118288 0.423002 0.898375 -1.99136 2.45675 0.577876</i>
