<?xml version="1.0" encoding="ISO-8859-1" ?>
<Animl Version="1">
    <ModellingPackage><![CDATA[Maya.2010]]></ModellingPackage>
    <SrcFile><![CDATA[anims\turrets\antitank\blue\~src\at_bgm71tow\antitank_bgm71tow_aim_random_crewman_b.mb]]></SrcFile>
    <FramesPerSecond>30</FramesPerSecond>
    <TotalFrames>60</TotalFrames>
    <Skeleton>
        <RefFrame>
            <Name><![CDATA[soldier_ref_frame]]></Name>
            <Exclude>0</Exclude>
            <Additive>0</Additive>
            <IKPriority>0</IKPriority>
            <IKRotLimits>-1e+010 -1e+010 -1e+010 1e+010 1e+010 1e+010</IKRotLimits>
            <IKRotLimitOrder>0</IKRotLimitOrder>
            <KeyFrames count="60">
                <i>1 0 0 0 1 0 0 0 1 -2.42 0.88 0.85</i>
                <i>1 0 0 0 1 0 0 0 1 -2.42 0.88 0.85</i>
                <i>1 0 0 0 1 0 0 0 1 -2.42 0.88 0.85</i>
                <i>1 0 0 0 1 0 0 0 1 -2.42 0.88 0.85</i>
                <i>1 0 0 0 1 0 0 0 1 -2.42 0.88 0.85</i>
                <i>1 0 0 0 1 0 0 0 1 -2.42 0.88 0.85</i>
                <i>1 0 0 0 1 0 0 0 1 -2.42 0.88 0.85</i>
                <i>1 0 0 0 1 0 0 0 1 -2.42 0.88 0.85</i>
                <i>1 0 0 0 1 0 0 0 1 -2.42 0.88 0.85</i>
                <i>1 0 0 0 1 0 0 0 1 -2.42 0.88 0.85</i>
                <i>1 0 0 0 1 0 0 0 1 -2.42 0.88 0.85</i>
                <i>1 0 0 0 1 0 0 0 1 -2.42 0.88 0.85</i>
                <i>1 0 0 0 1 0 0 0 1 -2.42 0.88 0.85</i>
                <i>1 0 0 0 1 0 0 0 1 -2.42 0.88 0.85</i>
                <i>1 0 0 0 1 0 0 0 1 -2.42 0.88 0.85</i>
                <i>1 0 0 0 1 0 0 0 1 -2.42 0.88 0.85</i>
                <i>1 0 0 0 1 0 0 0 1 -2.42 0.88 0.85</i>
                <i>1 0 0 0 1 0 0 0 1 -2.42 0.88 0.85</i>
                <i>1 0 0 0 1 0 0 0 1 -2.42 0.88 0.85</i>
                <i>1 0 0 0 1 0 0 0 1 -2.42 0.88 0.85</i>
                <i>1 0 0 0 1 0 0 0 1 -2.42 0.88 0.85</i>
                <i>1 0 0 0 1 0 0 0 1 -2.42 0.88 0.85</i>
                <i>1 0 0 0 1 0 0 0 1 -2.42 0.88 0.85</i>
                <i>1 0 0 0 1 0 0 0 1 -2.42 0.88 0.85</i>
                <i>1 0 0 0 1 0 0 0 1 -2.42 0.88 0.85</i>
                <i>1 0 0 0 1 0 0 0 1 -2.42 0.88 0.85</i>
                <i>1 0 0 0 1 0 0 0 1 -2.42 0.88 0.85</i>
                <i>1 0 0 0 1 0 0 0 1 -2.42 0.88 0.85</i>
                <i>1 0 0 0 1 0 0 0 1 -2.42 0.88 0.85</i>
                <i>1 0 0 0 1 0 0 0 1 -2.42 0.88 0.85</i>
                <i>1 0 0 0 1 0 0 0 1 -2.42 0.88 0.85</i>
                <i>1 0 0 0 1 0 0 0 1 -2.42 0.88 0.85</i>
                <i>1 0 0 0 1 0 0 0 1 -2.42 0.88 0.85</i>
                <i>1 0 0 0 1 0 0 0 1 -2.42 0.88 0.85</i>
                <i>1 0 0 0 1 0 0 0 1 -2.42 0.88 0.85</i>
                <i>1 0 0 0 1 0 0 0 1 -2.42 0.88 0.85</i>
                <i>1 0 0 0 1 0 0 0 1 -2.42 0.88 0.85</i>
                <i>1 0 0 0 1 0 0 0 1 -2.42 0.88 0.85</i>
                <i>1 0 0 0 1 0 0 0 1 -2.42 0.88 0.85</i>
                <i>1 0 0 0 1 0 0 0 1 -2.42 0.88 0.85</i>
                <i>1 0 0 0 1 0 0 0 1 -2.42 0.88 0.85</i>
                <i>1 0 0 0 1 0 0 0 1 -2.42 0.88 0.85</i>
                <i>1 0 0 0 1 0 0 0 1 -2.42 0.88 0.85</i>
                <i>1 0 0 0 1 0 0 0 1 -2.42 0.88 0.85</i>
                <i>1 0 0 0 1 0 0 0 1 -2.42 0.88 0.85</i>
                <i>1 0 0 0 1 0 0 0 1 -2.42 0.88 0.85</i>
                <i>1 0 0 0 1 0 0 0 1 -2.42 0.88 0.85</i>
                <i>1 0 0 0 1 0 0 0 1 -2.42 0.88 0.85</i>
                <i>1 0 0 0 1 0 0 0 1 -2.42 0.88 0.85</i>
                <i>1 0 0 0 1 0 0 0 1 -2.42 0.88 0.85</i>
                <i>1 0 0 0 1 0 0 0 1 -2.42 0.88 0.85</i>
                <i>1 0 0 0 1 0 0 0 1 -2.42 0.88 0.85</i>
                <i>1 0 0 0 1 0 0 0 1 -2.42 0.88 0.85</i>
                <i>1 0 0 0 1 0 0 0 1 -2.42 0.88 0.85</i>
                <i>1 0 0 0 1 0 0 0 1 -2.42 0.88 0.85</i>
                <i>1 0 0 0 1 0 0 0 1 -2.42 0.88 0.85</i>
                <i>1 0 0 0 1 0 0 0 1 -2.42 0.88 0.85</i>
                <i>1 0 0 0 1 0 0 0 1 -2.42 0.88 0.85</i>
                <i>1 0 0 0 1 0 0 0 1 -2.42 0.88 0.85</i>
                <i>1 0 0 0 1 0 0 0 1 -2.42 0.88 0.85</i>
            </KeyFrames>
        </RefFrame>
        <Bones count="23">
            <i>
                <p>
                    <Name><![CDATA[pelvis]]></Name>
                    <Exclude>0</Exclude>
                    <Additive>0</Additive>
                    <IKPriority>0</IKPriority>
                    <IKRotLimits>-1e+010 -1e+010 -1e+010 1e+010 1e+010 1e+010</IKRotLimits>
                    <IKRotLimitOrder>2</IKRotLimitOrder>
                    <KeyFrames count="60">
                        <i>1 0 0 0 1 0 0 0 1 -2.44341 2.24915 0.839398</i>
                        <i>1 0 0 0 1 0 0 0 1 -2.44341 2.25552 0.839398</i>
                        <i>1 0 0 0 1 0 0 0 1 -2.44341 2.26786 0.839398</i>
                        <i>1 0 0 0 1 0 0 0 1 -2.44341 2.27607 0.839398</i>
                        <i>1 0 0 0 1 0 0 0 1 -2.44341 2.27 0.839398</i>
                        <i>1 0 0 0 1 0 0 0 1 -2.44341 2.24272 0.839398</i>
                        <i>1 0 0 0 1 0 0 0 1 -2.44341 2.20125 0.839398</i>
                        <i>1 0 0 0 1 0 0 0 1 -2.44341 2.15642 0.839398</i>
                        <i>1 0 0 0 1 0 0 0 1 -2.44341 2.11906 0.839398</i>
                        <i>1 0 0 0 1 0 0 0 1 -2.44341 2.1 0.839398</i>
                        <i>1 0 0 0 1 0 0 0 1 -2.44341 2.1 0.839398</i>
                        <i>1 0 0 0 1 0 0 0 1 -2.44341 2.1 0.839398</i>
                        <i>1 0 0 0 1 0 0 0 1 -2.44341 2.1 0.839398</i>
                        <i>1 0 0 0 1 0 0 0 1 -2.44341 2.1 0.839398</i>
                        <i>1 0 0 0 1 0 0 0 1 -2.44341 2.1 0.839398</i>
                        <i>1 0 0 0 1 0 0 0 1 -2.44341 2.1 0.839398</i>
                        <i>1 0 0 0 1 0 0 0 1 -2.44341 2.1 0.839398</i>
                        <i>1 0 0 0 1 0 0 0 1 -2.44341 2.1 0.839398</i>
                        <i>1 0 0 0 1 0 0 0 1 -2.44341 2.1 0.839398</i>
                        <i>1 0 0 0 1 0 0 0 1 -2.44341 2.1 0.839398</i>
                        <i>1 0 0 0 1 0 0 0 1 -2.44341 2.1 0.839398</i>
                        <i>1 0 0 0 1 0 0 0 1 -2.44341 2.1 0.839398</i>
                        <i>1 0 0 0 1 0 0 0 1 -2.44341 2.1 0.839398</i>
                        <i>1 0 0 0 1 0 0 0 1 -2.44341 2.1 0.839398</i>
                        <i>1 0 0 0 1 0 0 0 1 -2.44341 2.1 0.839398</i>
                        <i>1 0 0 0 1 0 0 0 1 -2.44341 2.1 0.839398</i>
                        <i>1 0 0 0 1 0 0 0 1 -2.44341 2.1 0.839398</i>
                        <i>1 0 0 0 1 0 0 0 1 -2.44341 2.1 0.839398</i>
                        <i>1 0 0 0 1 0 0 0 1 -2.44341 2.1 0.839398</i>
                        <i>1 0 0 0 1 0 0 0 1 -2.44341 2.1 0.839398</i>
                        <i>1 0 0 0 1 0 0 0 1 -2.44341 2.1 0.839398</i>
                        <i>1 0 0 0 1 0 0 0 1 -2.44341 2.1 0.839398</i>
                        <i>1 0 0 0 1 0 0 0 1 -2.44341 2.1 0.839398</i>
                        <i>1 0 0 0 1 0 0 0 1 -2.44341 2.1 0.839398</i>
                        <i>1 0 0 0 1 0 0 0 1 -2.44341 2.1 0.839398</i>
                        <i>1 0 0 0 1 0 0 0 1 -2.44341 2.1 0.839398</i>
                        <i>1 0 0 0 1 0 0 0 1 -2.44341 2.1 0.839398</i>
                        <i>1 0 0 0 1 0 0 0 1 -2.44341 2.1 0.839398</i>
                        <i>1 0 0 0 1 0 0 0 1 -2.44341 2.1 0.839398</i>
                        <i>1 0 0 0 1 0 0 0 1 -2.44341 2.1 0.839398</i>
                        <i>1 0 0 0 1 0 0 0 1 -2.44341 2.1 0.839398</i>
                        <i>1 0 0 0 1 0 0 0 1 -2.44341 2.1 0.839398</i>
                        <i>1 0 0 0 1 0 0 0 1 -2.44341 2.1 0.839398</i>
                        <i>1 0 0 0 1 0 0 0 1 -2.44341 2.1 0.839398</i>
                        <i>1 0 0 0 1 0 0 0 1 -2.44341 2.1 0.839398</i>
                        <i>1 0 0 0 1 0 0 0 1 -2.44341 2.1 0.839398</i>
                        <i>1 0 0 0 1 0 0 0 1 -2.44341 2.1 0.839398</i>
                        <i>1 0 0 0 1 0 0 0 1 -2.44341 2.1 0.839398</i>
                        <i>1 0 0 0 1 0 0 0 1 -2.44341 2.1 0.839398</i>
                        <i>1 0 0 0 1 0 0 0 1 -2.44341 2.1 0.839398</i>
                        <i>1 0 0 0 1 0 0 0 1 -2.44341 2.10967 0.839398</i>
                        <i>1 0 0 0 1 0 0 0 1 -2.44341 2.12419 0.839398</i>
                        <i>1 0 0 0 1 0 0 0 1 -2.44341 2.14218 0.839398</i>
                        <i>1 0 0 0 1 0 0 0 1 -2.44341 2.16227 0.839398</i>
                        <i>1 0 0 0 1 0 0 0 1 -2.44341 2.18305 0.839398</i>
                        <i>1 0 0 0 1 0 0 0 1 -2.44341 2.20316 0.839398</i>
                        <i>1 0 0 0 1 0 0 0 1 -2.44341 2.22121 0.839398</i>
                        <i>1 0 0 0 1 0 0 0 1 -2.44341 2.23581 0.839398</i>
                        <i>1 0 0 0 1 0 0 0 1 -2.44341 2.24559 0.839398</i>
                        <i>1 0 0 0 1 0 0 0 1 -2.44341 2.24915 0.839398</i>
                    </KeyFrames>
                </p>
            </i>
            <i>
                <p>
                    <Name><![CDATA[spine0]]></Name>
                    <Exclude>0</Exclude>
                    <Additive>0</Additive>
                    <IKPriority>0</IKPriority>
                    <IKRotLimits>-1e+010 -1e+010 -1e+010 1e+010 1e+010 1e+010</IKRotLimits>
                    <IKRotLimitOrder>0</IKRotLimitOrder>
                    <KeyFrames count="60">
                        <i>0.307425 0.950628 0.0423836 -0.486432 0.118714 0.865616 0.817847 -0.286728 0.498912 -2.46087 2.37387 0.769839</i>
                        <i>0.300537 0.952861 0.0416382 -0.491318 0.11725 0.863052 0.817487 -0.279837 0.503395 -2.45964 2.38126 0.771416</i>
                        <i>0.28796 0.956856 0.0387867 -0.500247 0.115763 0.85811 0.816598 -0.266505 0.512 -2.45708 2.39564 0.774728</i>
                        <i>0.280693 0.959252 0.0323435 -0.50548 0.119098 0.854579 0.815905 -0.256223 0.518313 -2.45484 2.40542 0.777491</i>
                        <i>0.288087 0.957405 0.0195238 -0.500717 0.133226 0.855297 0.816265 -0.256176 0.51777 -2.45449 2.39924 0.777195</i>
                        <i>0.317949 0.948097 -0.00463747 -0.480991 0.165514 0.860961 0.817042 -0.271511 0.50865 -2.45702 2.36934 0.772473</i>
                        <i>0.366253 0.929768 -0.0372853 -0.449646 0.21192 0.867703 0.814664 -0.301033 0.495683 -2.46157 2.32331 0.765454</i>
                        <i>0.422771 0.903482 -0.0706019 -0.413888 0.261804 0.871869 0.806202 -0.339379 0.484624 -2.46683 2.27314 0.758622</i>
                        <i>0.472629 0.875866 -0.0973653 -0.382955 0.303632 0.872441 0.793705 -0.375055 0.478923 -2.4712 2.23119 0.753669</i>
                        <i>0.498266 0.860033 -0.109882 -0.36772 0.324392 0.871523 0.785183 -0.393844 0.477885 -2.47291 2.21003 0.751536</i>
                        <i>0.499375 0.859713 -0.107322 -0.371288 0.324279 0.870051 0.782797 -0.394634 0.481138 -2.47064 2.21095 0.751964</i>
                        <i>0.503423 0.857749 -0.104076 -0.379833 0.327884 0.864997 0.776075 -0.395928 0.490865 -2.4649 2.21313 0.75316</i>
                        <i>0.509304 0.854656 -0.100866 -0.390249 0.333824 0.85806 0.767017 -0.39765 0.503546 -2.45732 2.21566 0.754987</i>
                        <i>0.515332 0.851338 -0.0982661 -0.399932 0.340317 0.851022 0.757949 -0.399259 0.515854 -2.44959 2.21787 0.757144</i>
                        <i>0.519032 0.849234 -0.0969921 -0.407077 0.345371 0.845581 0.751594 -0.3994 0.524962 -2.44344 2.21936 0.759094</i>
                        <i>0.518553 0.849466 -0.0975177 -0.410342 0.347291 0.843213 0.750148 -0.397235 0.52866 -2.4406 2.22002 0.760135</i>
                        <i>0.51486 0.851467 -0.0996137 -0.410192 0.346717 0.843522 0.752769 -0.393436 0.527776 -2.44085 2.22007 0.7602</i>
                        <i>0.509759 0.854135 -0.102949 -0.408271 0.345504 0.844951 0.757271 -0.38869 0.524843 -2.44261 2.21983 0.759795</i>
                        <i>0.504492 0.85675 -0.107083 -0.404921 0.344306 0.847049 0.762579 -0.38397 0.520616 -2.44546 2.21933 0.75907</i>
                        <i>0.500132 0.85876 -0.111351 -0.400592 0.343444 0.849454 0.76772 -0.380233 0.51578 -2.44903 2.21861 0.758175</i>
                        <i>0.497565 0.859774 -0.114965 -0.395811 0.342972 0.851883 0.771857 -0.378362 0.510959 -2.45291 2.21772 0.757248</i>
                        <i>0.497851 0.859157 -0.118296 -0.390921 0.344069 0.853696 0.774161 -0.378769 0.507158 -2.4567 2.21675 0.756404</i>
                        <i>0.500647 0.857036 -0.121824 -0.386456 0.34721 0.854457 0.774599 -0.380702 0.505036 -2.46 2.21585 0.755733</i>
                        <i>0.504562 0.854281 -0.124986 -0.383112 0.351266 0.854305 0.77372 -0.383167 0.504521 -2.46244 2.21516 0.755302</i>
                        <i>0.508031 0.851902 -0.127149 -0.381452 0.354875 0.853556 0.772269 -0.385132 0.505247 -2.46363 2.21486 0.75517</i>
                        <i>0.509406 0.85102 -0.127558 -0.38211 0.356516 0.852578 0.771037 -0.385567 0.506794 -2.46307 2.21515 0.755435</i>
                        <i>0.508033 0.852162 -0.12539 -0.384998 0.354885 0.851959 0.770506 -0.384548 0.508374 -2.46092 2.21596 0.756072</i>
                        <i>0.505085 0.85453 -0.121112 -0.389409 0.350866 0.851618 0.770227 -0.382977 0.509979 -2.45778 2.21703 0.756969</i>
                        <i>0.501602 0.857313 -0.115801 -0.394558 0.34584 0.851304 0.769883 -0.381325 0.511734 -2.45426 2.21812 0.757997</i>
                        <i>0.498439 0.859843 -0.110578 -0.399543 0.34104 0.850915 0.769365 -0.379949 0.513532 -2.45098 2.21905 0.75899</i>
                        <i>0.496212 0.861633 -0.106593 -0.403335 0.3375 0.850537 0.768826 -0.379054 0.514999 -2.44856 2.21969 0.759747</i>
                        <i>0.495369 0.862312 -0.105009 -0.404841 0.336122 0.850368 0.768579 -0.378734 0.515604 -2.44762 2.21992 0.760047</i>
                        <i>0.494307 0.863032 -0.104095 -0.405353 0.334771 0.850657 0.768993 -0.378291 0.515312 -2.44767 2.22038 0.760737</i>
                        <i>0.491731 0.86478 -0.10176 -0.406589 0.331379 0.851395 0.769991 -0.377283 0.514559 -2.44783 2.22149 0.762472</i>
                        <i>0.488552 0.866942 -0.0986277 -0.408102 0.326951 0.852382 0.771213 -0.376183 0.513534 -2.44805 2.22289 0.76475</i>
                        <i>0.485564 0.86898 -0.095402 -0.409509 0.322514 0.853397 0.772354 -0.375311 0.512456 -2.44831 2.22425 0.767052</i>
                        <i>0.483393 0.870463 -0.0928689 -0.410517 0.319105 0.854194 0.77318 -0.374787 0.511593 -2.44853 2.22526 0.768838</i>
                        <i>0.482556 0.871036 -0.0918451 -0.410902 0.317744 0.854516 0.773498 -0.374613 0.51124 -2.44862 2.22566 0.769556</i>
                        <i>0.482378 0.871115 -0.0920363 -0.410733 0.317734 0.854601 0.773699 -0.374438 0.511064 -2.44875 2.22559 0.769427</i>
                        <i>0.481888 0.87133 -0.0925631 -0.410259 0.317705 0.85484 0.774256 -0.373963 0.510569 -2.44911 2.22537 0.769073</i>
                        <i>0.481154 0.871651 -0.0933542 -0.409523 0.317651 0.855213 0.775101 -0.373258 0.5098 -2.44966 2.22504 0.76854</i>
                        <i>0.480244 0.872047 -0.0943378 -0.408568 0.317571 0.855699 0.776169 -0.372401 0.508802 -2.45035 2.22463 0.767877</i>
                        <i>0.479224 0.872488 -0.0954433 -0.40744 0.317462 0.856277 0.777391 -0.371461 0.507622 -2.45113 2.22415 0.767131</i>
                        <i>0.47816 0.872944 -0.0966024 -0.406194 0.317324 0.85692 0.778698 -0.370505 0.506316 -2.45197 2.22364 0.766349</i>
                        <i>0.477111 0.87339 -0.097749 -0.404894 0.317164 0.857594 0.780017 -0.36959 0.504952 -2.4528 2.22312 0.765574</i>
                        <i>0.476135 0.873802 -0.0988203 -0.403616 0.316993 0.858259 0.781274 -0.368762 0.503612 -2.45359 2.22262 0.764851</i>
                        <i>0.475287 0.874158 -0.0997555 -0.40245 0.316826 0.858869 0.782392 -0.368062 0.502388 -2.45429 2.22217 0.76422</i>
                        <i>0.474618 0.874436 -0.100496 -0.401492 0.316682 0.85937 0.783289 -0.367524 0.501382 -2.45485 2.22181 0.76372</i>
                        <i>0.474178 0.874618 -0.100983 -0.400844 0.316581 0.859709 0.783887 -0.367177 0.500702 -2.45522 2.22157 0.763391</i>
                        <i>0.47402 0.874684 -0.101159 -0.400607 0.316544 0.859834 0.784104 -0.367054 0.500453 -2.45535 2.22148 0.763273</i>
                        <i>0.483103 0.871769 -0.0814312 -0.404992 0.304947 0.861968 0.776269 -0.38344 0.50038 -2.45314 2.23201 0.764333</i>
                        <i>0.496013 0.866759 -0.0519646 -0.412008 0.287612 0.864598 0.764343 -0.407442 0.499771 -2.4495 2.24792 0.766252</i>
                        <i>0.49284 0.869751 -0.0253378 -0.422251 0.264525 0.867024 0.760797 -0.416606 0.497622 -2.4479 2.26692 0.767866</i>
                        <i>0.469578 0.88287 -0.00603327 -0.434785 0.237189 0.868737 0.768413 -0.405317 0.495238 -2.44906 2.28745 0.768741</i>
                        <i>0.438074 0.898885 0.00983794 -0.447694 0.208669 0.869498 0.779526 -0.385309 0.493838 -2.45113 2.30847 0.769346</i>
                        <i>0.402583 0.915111 0.0223535 -0.459905 0.181091 0.869306 0.791463 -0.360248 0.493768 -2.45368 2.3286 0.769709</i>
                        <i>0.367428 0.929514 0.0316246 -0.470555 0.156461 0.868388 0.802231 -0.333951 0.494876 -2.4563 2.34649 0.769875</i>
                        <i>0.336964 0.940757 0.0378453 -0.478943 0.136666 0.867143 0.810598 -0.310321 0.49662 -2.45861 2.36086 0.769905</i>
                        <i>0.315528 0.948017 0.0413105 -0.484445 0.123498 0.866061 0.815938 -0.293279 0.498229 -2.46025 2.3704 0.769868</i>
                        <i>0.307425 0.950628 0.0423836 -0.486432 0.118714 0.865616 0.817847 -0.286728 0.498912 -2.46087 2.37387 0.769839</i>
                    </KeyFrames>
                </p>
            </i>
            <i>
                <p>
                    <Name><![CDATA[spine1]]></Name>
                    <Exclude>0</Exclude>
                    <Additive>0</Additive>
                    <IKPriority>0</IKPriority>
                    <IKRotLimits>-1e+010 -1e+010 -1e+010 1e+010 1e+010 1e+010</IKRotLimits>
                    <IKRotLimitOrder>0</IKRotLimitOrder>
                    <KeyFrames count="60">
                        <i>0.454281 0.738973 0.497541 -0.634007 -0.124163 0.763295 0.625831 -0.662195 0.412109 -2.40064 2.56054 0.778085</i>
                        <i>0.437846 0.753147 0.49098 -0.637852 -0.124634 0.760008 0.63359 -0.645938 0.425825 -2.40117 2.56705 0.77946</i>
                        <i>0.40536 0.782097 0.473295 -0.644456 -0.122713 0.75473 0.648351 -0.610955 0.454284 -2.40187 2.57948 0.782115</i>
                        <i>0.384171 0.806212 0.449927 -0.646429 -0.113063 0.75455 0.659198 -0.580722 0.477724 -2.40169 2.5874 0.783568</i>
                        <i>0.40481 0.806764 0.430419 -0.636244 -0.089567 0.766271 0.656751 -0.584045 0.477041 -2.40004 2.58053 0.780835</i>
                        <i>0.487197 0.769142 0.413593 -0.607151 -0.0420884 0.793471 0.6277 -0.63769 0.44648 -2.39606 2.55144 0.771519</i>
                        <i>0.60219 0.697316 0.388738 -0.562716 0.0253295 0.826262 0.56632 -0.716316 0.407644 -2.38953 2.50656 0.75803</i>
                        <i>0.710264 0.606794 0.356827 -0.511996 0.0974305 0.853445 0.4831 -0.788865 0.379877 -2.3812 2.45652 0.744203</i>
                        <i>0.7862 0.524354 0.327021 -0.466692 0.156913 0.870389 0.405078 -0.836918 0.368077 -2.37318 2.41326 0.733333</i>
                        <i>0.81955 0.481303 0.310942 -0.441121 0.183605 0.878465 0.365718 -0.857109 0.362786 -2.36851 2.39065 0.728359</i>
                        <i>0.817524 0.484391 0.311479 -0.437445 0.170543 0.882925 0.37456 -0.858068 0.351317 -2.36666 2.39035 0.729471</i>
                        <i>0.812542 0.492629 0.311597 -0.43505 0.156743 0.886659 0.387953 -0.856007 0.341678 -2.36174 2.38924 0.7317</i>
                        <i>0.8054 0.505045 0.310259 -0.434241 0.146476 0.888808 0.403443 -0.850573 0.337282 -2.35512 2.38745 0.734631</i>
                        <i>0.79724 0.519767 0.307003 -0.435312 0.142664 0.888904 0.418225 -0.842312 0.339998 -2.34834 2.38538 0.737737</i>
                        <i>0.789871 0.533464 0.302523 -0.438795 0.146982 0.886485 0.428442 -0.832954 0.350179 -2.3431 2.38376 0.740254</i>
                        <i>0.785987 0.541171 0.29893 -0.444279 0.158169 0.881816 0.429932 -0.825904 0.364749 -2.341 2.38338 0.741321</i>
                        <i>0.786089 0.541962 0.297223 -0.45048 0.173063 0.875852 0.423241 -0.822391 0.380185 -2.34177 2.38414 0.740944</i>
                        <i>0.788214 0.539356 0.296334 -0.457101 0.190707 0.868729 0.412041 -0.820199 0.396858 -2.34391 2.38543 0.73977</i>
                        <i>0.79189 0.53407 0.296105 -0.462805 0.208533 0.861583 0.398399 -0.819319 0.412305 -2.34691 2.38694 0.738051</i>
                        <i>0.796568 0.526899 0.296408 -0.466392 0.223639 0.855841 0.384653 -0.819978 0.423885 -2.35032 2.38837 0.736088</i>
                        <i>0.801685 0.518628 0.297198 -0.466812 0.232665 0.853202 0.373347 -0.822735 0.428625 -2.35368 2.38947 0.734203</i>
                        <i>0.80684 0.509932 0.298292 -0.463311 0.232906 0.855042 0.36654 -0.828085 0.424175 -2.35651 2.38997 0.732471</i>
                        <i>0.811477 0.501921 0.2993 -0.457329 0.226589 0.859946 0.363807 -0.834705 0.413415 -2.35853 2.38989 0.730906</i>
                        <i>0.815014 0.495744 0.299982 -0.451053 0.217808 0.865512 0.363734 -0.840712 0.401124 -2.35968 2.38948 0.729708</i>
                        <i>0.817032 0.492319 0.300134 -0.446567 0.211022 0.86951 0.364742 -0.844447 0.392265 -2.35998 2.38902 0.729087</i>
                        <i>0.817012 0.492758 0.299468 -0.445982 0.210808 0.869862 0.365502 -0.844245 0.391994 -2.35934 2.38878 0.729322</i>
                        <i>0.81498 0.49698 0.298025 -0.449722 0.218087 0.866134 0.365456 -0.83991 0.40124 -2.35802 2.38888 0.730541</i>
                        <i>0.811432 0.503911 0.296061 -0.4561 0.229231 0.859899 0.365446 -0.832783 0.415839 -2.35623 2.38913 0.732493</i>
                        <i>0.806925 0.512419 0.293767 -0.463693 0.241489 0.852451 0.36587 -0.824081 0.432468 -2.35423 2.38938 0.734784</i>
                        <i>0.802254 0.52099 0.291477 -0.471056 0.252506 0.84519 0.366736 -0.815359 0.447989 -2.35232 2.38954 0.736989</i>
                        <i>0.798509 0.527704 0.289677 -0.476658 0.260351 0.839651 0.367669 -0.808546 0.459427 -2.35086 2.38961 0.738653</i>
                        <i>0.796976 0.530412 0.28895 -0.478887 0.263345 0.837446 0.368098 -0.805799 0.463887 -2.35028 2.38962 0.73931</i>
                        <i>0.797965 0.531272 0.284608 -0.47387 0.26124 0.840953 0.372424 -0.805918 0.460214 -2.35071 2.38994 0.740214</i>
                        <i>0.800367 0.533408 0.27366 -0.461141 0.256066 0.849576 0.383095 -0.806168 0.450923 -2.35174 2.39072 0.742489</i>
                        <i>0.803335 0.536144 0.259234 -0.444209 0.249532 0.860472 0.39665 -0.806402 0.438617 -2.35307 2.39169 0.74548</i>
                        <i>0.806124 0.538829 0.244595 -0.426851 0.243218 0.871001 0.409831 -0.806541 0.426064 -2.35436 2.39263 0.748503</i>
                        <i>0.808143 0.540857 0.233193 -0.41322 0.238512 0.878841 0.419708 -0.806589 0.416245 -2.35533 2.39332 0.750847</i>
                        <i>0.808918 0.541659 0.228599 -0.407701 0.236668 0.881912 0.423593 -0.806594 0.41228 -2.35572 2.39359 0.751788</i>
                        <i>0.808913 0.541469 0.229067 -0.407722 0.235937 0.882098 0.423583 -0.806936 0.411621 -2.35585 2.39359 0.751616</i>
                        <i>0.808898 0.540945 0.230351 -0.407771 0.233913 0.882614 0.423564 -0.807876 0.409794 -2.3562 2.3936 0.75114</i>
                        <i>0.808877 0.540159 0.232262 -0.407819 0.23085 0.883398 0.423558 -0.809281 0.407016 -2.35674 2.39361 0.750424</i>
                        <i>0.808851 0.539183 0.23461 -0.407837 0.226999 0.884387 0.42359 -0.81102 0.403507 -2.35742 2.39362 0.749532</i>
                        <i>0.808823 0.538086 0.23721 -0.407801 0.222613 0.885518 0.423679 -0.812962 0.399487 -2.35819 2.39362 0.748528</i>
                        <i>0.808795 0.536938 0.23989 -0.407695 0.21795 0.886726 0.423833 -0.814982 0.395184 -2.359 2.39362 0.747473</i>
                        <i>0.80877 0.535806 0.242493 -0.407521 0.213269 0.887943 0.424049 -0.816963 0.390838 -2.35981 2.3936 0.746427</i>
                        <i>0.80875 0.53475 0.24488 -0.407293 0.208836 0.889101 0.424307 -0.818798 0.386696 -2.36058 2.39358 0.745449</i>
                        <i>0.808734 0.533832 0.246927 -0.407041 0.204917 0.890128 0.424579 -0.820386 0.383014 -2.36125 2.39355 0.744593</i>
                        <i>0.808723 0.533107 0.248522 -0.406805 0.201782 0.890951 0.424825 -0.821633 0.380056 -2.36179 2.39353 0.743916</i>
                        <i>0.808717 0.532631 0.24956 -0.406632 0.199703 0.891498 0.425002 -0.822449 0.378088 -2.36215 2.39351 0.74347</i>
                        <i>0.808715 0.53246 0.249932 -0.406566 0.19895 0.891697 0.425069 -0.822742 0.377374 -2.36228 2.3935 0.743309</i>
                        <i>0.802125 0.52712 0.280607 -0.426794 0.177391 0.88678 0.417662 -0.83107 0.367261 -2.35819 2.40363 0.748231</i>
                        <i>0.789679 0.521321 0.323467 -0.456675 0.147388 0.87734 0.4097 -0.840536 0.354463 -2.35193 2.41869 0.75594</i>
                        <i>0.762769 0.533329 0.365709 -0.491149 0.109911 0.864114 0.420662 -0.838737 0.34578 -2.35089 2.43838 0.762795</i>
                        <i>0.719614 0.566499 0.401541 -0.525437 0.0662018 0.848253 0.453952 -0.821399 0.345299 -2.35661 2.46155 0.767474</i>
                        <i>0.666795 0.606985 0.432382 -0.557112 0.0206338 0.830181 0.494985 -0.794446 0.351917 -2.36491 2.4857 0.771208</i>
                        <i>0.608917 0.648106 0.457359 -0.58426 -0.0235386 0.811225 0.536526 -0.761186 0.364329 -2.3745 2.50891 0.774035</i>
                        <i>0.551822 0.684763 0.476016 -0.605812 -0.0631279 0.7931 0.573136 -0.726026 0.380002 -2.38411 2.52947 0.776022</i>
                        <i>0.502268 0.713525 0.488476 -0.621344 -0.0950645 0.77775 0.60138 -0.694151 0.395596 -2.39249 2.54584 0.777268</i>
                        <i>0.467403 0.732212 0.495379 -0.630777 -0.116388 0.767186 0.619398 -0.671059 0.407462 -2.3984 2.55664 0.777905</i>
                        <i>0.454281 0.738973 0.497541 -0.634007 -0.124163 0.763295 0.625831 -0.662195 0.412109 -2.40064 2.56054 0.778085</i>
                    </KeyFrames>
                </p>
            </i>
            <i>
                <p>
                    <Name><![CDATA[spine2]]></Name>
                    <Exclude>0</Exclude>
                    <Additive>0</Additive>
                    <IKPriority>0</IKPriority>
                    <IKRotLimits>-1e+010 -1e+010 -1e+010 1e+010 1e+010 1e+010</IKRotLimits>
                    <IKRotLimitOrder>0</IKRotLimitOrder>
                    <KeyFrames count="60">
                        <i>0.5406 0.623526 0.564772 -0.730348 0.0146484 0.682918 0.417544 -0.781666 0.46331 -2.31844 2.6936 0.868146</i>
                        <i>0.523804 0.641006 0.561017 -0.73507 0.00731686 0.677952 0.430467 -0.767501 0.475017 -2.32251 2.70173 0.867712</i>
                        <i>0.491149 0.676145 0.549182 -0.742135 -0.00529371 0.67023 0.456079 -0.73675 0.499191 -2.3301 2.71738 0.865963</i>
                        <i>0.472053 0.703806 0.53087 -0.741568 -0.00861147 0.670823 0.476701 -0.71034 0.517855 -2.33454 2.72781 0.862286</i>
                        <i>0.499667 0.699022 0.511567 -0.723514 0.0120611 0.690204 0.476298 -0.714999 0.511779 -2.32942 2.72078 0.856</i>
                        <i>0.593406 0.640941 0.486892 -0.676225 0.0688924 0.733467 0.436566 -0.764492 0.474301 -2.30987 2.68697 0.84477</i>
                        <i>0.715954 0.53596 0.447388 -0.601057 0.147194 0.785535 0.355163 -0.831312 0.427527 -2.28025 2.63247 0.828666</i>
                        <i>0.821848 0.407122 0.398519 -0.512307 0.222135 0.829577 0.249214 -0.88595 0.391133 -2.24853 2.56914 0.810976</i>
                        <i>0.888764 0.290543 0.354519 -0.432399 0.274812 0.858784 0.152087 -0.91655 0.369874 -2.22286 2.51273 0.796014</i>
                        <i>0.916312 0.227704 0.329428 -0.387054 0.292465 0.874445 0.102769 -0.928771 0.356123 -2.21023 2.48279 0.788577</i>
                        <i>0.917218 0.230866 0.324671 -0.381121 0.271189 0.883857 0.116006 -0.934429 0.336727 -2.20978 2.4825 0.789381</i>
                        <i>0.916648 0.241044 0.318833 -0.374841 0.241522 0.895076 0.138747 -0.939981 0.311744 -2.20831 2.4815 0.790631</i>
                        <i>0.91481 0.25511 0.313115 -0.368746 0.211287 0.905198 0.164768 -0.943545 0.287358 -2.20623 2.48012 0.792038</i>
                        <i>0.912402 0.268921 0.308551 -0.364031 0.188586 0.912095 0.187093 -0.94452 0.269961 -2.20406 2.47881 0.793315</i>
                        <i>0.910705 0.276941 0.306464 -0.362758 0.181413 0.914055 0.197542 -0.943607 0.265676 -2.20246 2.47817 0.794125</i>
                        <i>0.910768 0.275391 0.30767 -0.365954 0.193223 0.910353 0.191254 -0.941714 0.276762 -2.20198 2.47855 0.79421</i>
                        <i>0.911999 0.266733 0.311628 -0.372078 0.218127 0.902207 0.172674 -0.938762 0.298177 -2.20247 2.47963 0.793659</i>
                        <i>0.91329 0.254873 0.317712 -0.379608 0.249874 0.890764 0.147644 -0.934132 0.324959 -2.20337 2.48105 0.792686</i>
                        <i>0.91404 0.242647 0.325044 -0.387094 0.282371 0.877738 0.121198 -0.92811 0.352026 -2.20445 2.48245 0.791439</i>
                        <i>0.914022 0.232547 0.332392 -0.393561 0.309677 0.865569 0.0983517 -0.921966 0.374573 -2.20553 2.48355 0.790123</i>
                        <i>0.913325 0.226622 0.33835 -0.398485 0.326061 0.857259 0.0839514 -0.917783 0.388105 -2.20644 2.4841 0.788973</i>
                        <i>0.911315 0.226958 0.343503 -0.403499 0.326561 0.85472 0.081811 -0.917522 0.389178 -2.20695 2.48383 0.787957</i>
                        <i>0.907924 0.232389 0.34881 -0.409555 0.314992 0.85618 0.0890944 -0.920204 0.381165 -2.20702 2.48292 0.786977</i>
                        <i>0.904134 0.239927 0.353519 -0.415257 0.298828 0.859222 0.100509 -0.923654 0.369812 -2.20677 2.48178 0.786165</i>
                        <i>0.901074 0.246601 0.356725 -0.419301 0.285467 0.861798 0.110687 -0.926119 0.360627 -2.2064 2.48084 0.785663</i>
                        <i>0.900051 0.249484 0.357303 -0.420535 0.282246 0.862257 0.114272 -0.926334 0.358952 -2.20608 2.4805 0.785655</i>
                        <i>0.901934 0.247436 0.353963 -0.417762 0.292068 0.860332 0.109496 -0.923835 0.366795 -2.20596 2.48091 0.786308</i>
                        <i>0.90584 0.242435 0.347389 -0.411625 0.309967 0.857021 0.100093 -0.919318 0.380573 -2.20598 2.48179 0.787492</i>
                        <i>0.910599 0.236054 0.339246 -0.403634 0.331537 0.852739 0.0888195 -0.913434 0.397176 -2.20604 2.48287 0.788928</i>
                        <i>0.915138 0.229782 0.331245 -0.395488 0.352363 0.848192 0.0781805 -0.907216 0.413337 -2.20608 2.48392 0.790324</i>
                        <i>0.918503 0.225024 0.32514 -0.389103 0.368052 0.844474 0.0703583 -0.902165 0.425614 -2.2061 2.48472 0.791382</i>
                        <i>0.91982 0.223135 0.322711 -0.386523 0.374248 0.842935 0.0673141 -0.900083 0.430487 -2.20611 2.48503 0.7918</i>
                        <i>0.921569 0.224986 0.316372 -0.380892 0.366482 0.848889 0.0750438 -0.902813 0.423434 -2.20658 2.48535 0.791827</i>
                        <i>0.92569 0.229798 0.300484 -0.366386 0.347003 0.863337 0.0941244 -0.909275 0.405412 -2.20775 2.48614 0.791908</i>
                        <i>0.930499 0.236436 0.279766 -0.346639 0.321565 0.881157 0.118374 -0.916894 0.381174 -2.20925 2.48714 0.792041</i>
                        <i>0.934678 0.243496 0.25901 -0.325925 0.296034 0.897851 0.141947 -0.92362 0.356058 -2.21073 2.48809 0.792204</i>
                        <i>0.937458 0.249205 0.243043 -0.309362 0.276356 0.909903 0.159586 -0.928183 0.336166 -2.21185 2.4888 0.792346</i>
                        <i>0.938463 0.251554 0.23666 -0.30259 0.268479 0.914526 0.166515 -0.92986 0.328076 -2.2123 2.48908 0.792406</i>
                        <i>0.938481 0.251281 0.236878 -0.302598 0.267865 0.914704 0.166396 -0.930111 0.327423 -2.21237 2.48909 0.792332</i>
                        <i>0.938533 0.250527 0.237471 -0.302616 0.26617 0.915193 0.166072 -0.930801 0.325623 -2.21258 2.4891 0.792128</i>
                        <i>0.938615 0.249393 0.238339 -0.302624 0.263624 0.915926 0.165593 -0.931829 0.322914 -2.21289 2.48913 0.791818</i>
                        <i>0.938724 0.247979 0.239381 -0.302604 0.260457 0.916839 0.165009 -0.933096 0.319537 -2.21327 2.48915 0.791429</i>
                        <i>0.938857 0.246387 0.2405 -0.30254 0.256894 0.917864 0.164367 -0.934505 0.315729 -2.21371 2.48917 0.790986</i>
                        <i>0.939009 0.244714 0.241613 -0.302424 0.253158 0.91894 0.163711 -0.935963 0.311725 -2.21416 2.48919 0.790514</i>
                        <i>0.939172 0.243054 0.242652 -0.302259 0.24946 0.920005 0.163078 -0.937387 0.307752 -2.21462 2.4892 0.790041</i>
                        <i>0.939337 0.241499 0.243566 -0.302058 0.246006 0.921 0.162502 -0.938701 0.304029 -2.21505 2.4892 0.789592</i>
                        <i>0.939491 0.240139 0.244316 -0.301844 0.242991 0.921871 0.16201 -0.939834 0.300773 -2.21543 2.4892 0.789195</i>
                        <i>0.939619 0.23906 0.244879 -0.301648 0.240606 0.92256 0.161628 -0.940723 0.29819 -2.21573 2.48919 0.788877</i>
                        <i>0.939707 0.23835 0.245233 -0.301507 0.239036 0.923014 0.16138 -0.941303 0.296488 -2.21593 2.48919 0.788667</i>
                        <i>0.93974 0.238093 0.245358 -0.301453 0.23847 0.923178 0.161292 -0.941511 0.295874 -2.216 2.48919 0.78859</i>
                        <i>0.929288 0.240748 0.280113 -0.334506 0.22699 0.914648 0.156617 -0.943671 0.291471 -2.21296 2.49845 0.799108</i>
                        <i>0.910986 0.248329 0.329298 -0.382779 0.211768 0.899241 0.153572 -0.945245 0.287972 -2.20885 2.51253 0.814617</i>
                        <i>0.881233 0.279712 0.381037 -0.440444 0.19331 0.876721 0.171571 -0.940421 0.293549 -2.21259 2.53448 0.829168</i>
                        <i>0.837957 0.337734 0.428676 -0.5021 0.169338 0.848069 0.213831 -0.925883 0.311474 -2.22607 2.56372 0.840379</i>
                        <i>0.783156 0.405573 0.471357 -0.562863 0.140178 0.814577 0.264297 -0.90325 0.338063 -2.24393 2.59522 0.849714</i>
                        <i>0.720293 0.473601 0.506834 -0.618387 0.107363 0.778506 0.314286 -0.874171 0.370201 -2.26405 2.62585 0.857045</i>
                        <i>0.655689 0.534089 0.533686 -0.665071 0.0739424 0.74311 0.357425 -0.842188 0.40369 -2.28408 2.65297 0.862357</i>
                        <i>0.597855 0.581566 0.55168 -0.700345 0.0441333 0.712439 0.389983 -0.812301 0.433682 -2.30152 2.67444 0.865786</i>
                        <i>0.556353 0.6124 0.561639 -0.722556 0.0227605 0.690938 0.410347 -0.79022 0.455156 -2.3138 2.68851 0.867604</i>
                        <i>0.5406 0.623526 0.564772 -0.730348 0.0146484 0.682918 0.417544 -0.781666 0.46331 -2.31844 2.6936 0.868146</i>
                    </KeyFrames>
                </p>
            </i>
            <i>
                <p>
                    <Name><![CDATA[head]]></Name>
                    <Exclude>0</Exclude>
                    <Additive>0</Additive>
                    <IKPriority>0</IKPriority>
                    <IKRotLimits>-1e+010 -1e+010 -1e+010 1e+010 1e+010 1e+010</IKRotLimits>
                    <IKRotLimitOrder>0</IKRotLimitOrder>
                    <KeyFrames count="60">
                        <i>0.134799 0.970531 0.199748 -0.158899 0.220152 -0.962436 -0.978049 0.097996 0.183893 -2.17419 2.87647 1.00518</i>
                        <i>0.12229 0.95734 0.261812 -0.272716 0.28605 -0.918587 -0.954291 0.0409331 0.296063 -2.18334 2.88877 1.00321</i>
                        <i>0.190287 0.906213 0.377583 -0.516719 0.419476 -0.746352 -0.834741 -0.0530833 0.548079 -2.20072 2.91244 0.997279</i>
                        <i>0.395963 0.822017 0.409269 -0.688721 0.560643 -0.45972 -0.607352 -0.0998404 0.788134 -2.21093 2.92872 0.988004</i>
                        <i>0.594072 0.733255 0.330781 -0.702843 0.673159 -0.229934 -0.391269 -0.0958896 0.915267 -2.19827 2.91987 0.97665</i>
                        <i>0.721627 0.655906 0.221451 -0.648604 0.752398 -0.114933 -0.242004 -0.0606955 0.968375 -2.15209 2.87135 0.959822</i>
                        <i>0.817276 0.567867 0.0979162 -0.566836 0.822821 -0.0407747 -0.103722 -0.0221782 0.994359 -2.0863 2.78917 0.934474</i>
                        <i>0.876792 0.480495 -0.0189792 -0.480482 0.876987 0.00557553 0.0193235 0.00423062 0.999804 -2.02204 2.68985 0.904577</i>
                        <i>0.905244 0.41014 -0.110991 -0.408677 0.911942 0.0366797 0.116261 0.0121554 0.993144 -1.97535 2.59934 0.87799</i>
                        <i>0.913835 0.373226 -0.160025 -0.368049 0.927738 0.0619841 0.171596 0.00225401 0.985165 -1.95422 2.55049 0.863529</i>
                        <i>0.908066 0.384859 -0.165226 -0.375862 0.922868 0.0839238 0.184781 -0.0141063 0.982679 -1.95416 2.55117 0.862474</i>
                        <i>0.896676 0.4079 -0.172017 -0.393791 0.912473 0.111005 0.20224 -0.0317965 0.97882 -1.95443 2.55322 0.86109</i>
                        <i>0.88313 0.434101 -0.17787 -0.4146 0.899622 0.137069 0.219517 -0.0473044 0.974461 -1.95492 2.55579 0.859809</i>
                        <i>0.871781 0.455016 -0.181546 -0.43133 0.888616 0.155937 0.232279 -0.0576362 0.97094 -1.95542 2.55794 0.858931</i>
                        <i>0.867715 0.462238 -0.182772 -0.437272 0.884709 0.161505 0.236354 -0.0602193 0.969799 -1.95562 2.55873 0.858651</i>
                        <i>0.87289 0.452561 -0.18235 -0.429973 0.890137 0.150929 0.230621 -0.0533384 0.971581 -1.95538 2.55783 0.858939</i>
                        <i>0.88364 0.431919 -0.18063 -0.414122 0.90107 0.128745 0.218368 -0.0389612 0.975088 -1.95492 2.5559 0.859634</i>
                        <i>0.896732 0.405759 -0.176725 -0.393752 0.913759 0.100023 0.20207 -0.0201077 0.979165 -1.95443 2.5535 0.860709</i>
                        <i>0.909352 0.379544 -0.170368 -0.373031 0.925174 0.0700066 0.184191 -0.000108021 0.98289 -1.95408 2.55117 0.862078</i>
                        <i>0.919293 0.358594 -0.162203 -0.356298 0.933333 0.0440536 0.167187 0.0172945 0.985773 -1.95395 2.54939 0.863562</i>
                        <i>0.924828 0.347983 -0.153628 -0.348029 0.937081 0.0274765 0.153523 0.0280562 0.987747 -1.95406 2.54858 0.864914</i>
                        <i>0.924601 0.353141 -0.142845 -0.353482 0.935137 0.0238433 0.142 0.0284475 0.989458 -1.95455 2.54924 0.866327</i>
                        <i>0.919754 0.370629 -0.129176 -0.370053 0.928548 0.0293313 0.130817 0.0208245 0.991188 -1.95541 2.55105 0.867948</i>
                        <i>0.912554 0.392206 -0.115846 -0.390474 0.919819 0.0382358 0.121554 0.0103426 0.992531 -1.9564 2.55324 0.869461</i>
                        <i>0.905937 0.409845 -0.106331 -0.407321 0.912153 0.0454618 0.115622 0.00212541 0.993291 -1.95721 2.55506 0.87052</i>
                        <i>0.903494 0.415684 -0.104431 -0.413081 0.909508 0.0464669 0.114297 0.00115601 0.993446 -1.95748 2.55574 0.870737</i>
                        <i>0.906553 0.406702 -0.112936 -0.404867 0.91351 0.0397855 0.119349 0.00965658 0.992805 -1.957 2.55502 0.869797</i>
                        <i>0.912469 0.388228 -0.129146 -0.387953 0.921244 0.0283184 0.129969 0.0242629 0.991221 -1.95605 2.5534 0.867968</i>
