<?xml version="1.0" encoding="ISO-8859-1" ?>
<Animl Version="1">
    <ModellingPackage><![CDATA[Maya.2010]]></ModellingPackage>
    <SrcFile><![CDATA[anims\turrets\antitank\blue\~src\at_m40recoilless\antitank_m40recoilless_idle_crewman_a.mb]]></SrcFile>
    <FramesPerSecond>30</FramesPerSecond>
    <TotalFrames>120</TotalFrames>
    <Skeleton>
        <RefFrame>
            <Name><![CDATA[soldier_ref_frame]]></Name>
            <Exclude>0</Exclude>
            <Additive>0</Additive>
            <IKPriority>0</IKPriority>
            <IKRotLimits>-1e+010 -1e+010 -1e+010 1e+010 1e+010 1e+010</IKRotLimits>
            <IKRotLimitOrder>0</IKRotLimitOrder>
            <KeyFrames count="120">
                <i>1 0 0 0 1 0 0 0 1 0.69 0.93 0</i>
                <i>1 0 0 0 1 0 0 0 1 0.69 0.93 0</i>
                <i>1 0 0 0 1 0 0 0 1 0.69 0.93 0</i>
                <i>1 0 0 0 1 0 0 0 1 0.69 0.93 0</i>
                <i>1 0 0 0 1 0 0 0 1 0.69 0.93 0</i>
                <i>1 0 0 0 1 0 0 0 1 0.69 0.93 0</i>
                <i>1 0 0 0 1 0 0 0 1 0.69 0.93 0</i>
                <i>1 0 0 0 1 0 0 0 1 0.69 0.93 0</i>
                <i>1 0 0 0 1 0 0 0 1 0.69 0.93 0</i>
                <i>1 0 0 0 1 0 0 0 1 0.69 0.93 0</i>
                <i>1 0 0 0 1 0 0 0 1 0.69 0.93 0</i>
                <i>1 0 0 0 1 0 0 0 1 0.69 0.93 0</i>
                <i>1 0 0 0 1 0 0 0 1 0.69 0.93 0</i>
                <i>1 0 0 0 1 0 0 0 1 0.69 0.93 0</i>
                <i>1 0 0 0 1 0 0 0 1 0.69 0.93 0</i>
                <i>1 0 0 0 1 0 0 0 1 0.69 0.93 0</i>
                <i>1 0 0 0 1 0 0 0 1 0.69 0.93 0</i>
                <i>1 0 0 0 1 0 0 0 1 0.69 0.93 0</i>
                <i>1 0 0 0 1 0 0 0 1 0.69 0.93 0</i>
                <i>1 0 0 0 1 0 0 0 1 0.69 0.93 0</i>
                <i>1 0 0 0 1 0 0 0 1 0.69 0.93 0</i>
                <i>1 0 0 0 1 0 0 0 1 0.69 0.93 0</i>
                <i>1 0 0 0 1 0 0 0 1 0.69 0.93 0</i>
                <i>1 0 0 0 1 0 0 0 1 0.69 0.93 0</i>
                <i>1 0 0 0 1 0 0 0 1 0.69 0.93 0</i>
                <i>1 0 0 0 1 0 0 0 1 0.69 0.93 0</i>
                <i>1 0 0 0 1 0 0 0 1 0.69 0.93 0</i>
                <i>1 0 0 0 1 0 0 0 1 0.69 0.93 0</i>
                <i>1 0 0 0 1 0 0 0 1 0.69 0.93 0</i>
                <i>1 0 0 0 1 0 0 0 1 0.69 0.93 0</i>
                <i>1 0 0 0 1 0 0 0 1 0.69 0.93 0</i>
                <i>1 0 0 0 1 0 0 0 1 0.69 0.93 0</i>
                <i>1 0 0 0 1 0 0 0 1 0.69 0.93 0</i>
                <i>1 0 0 0 1 0 0 0 1 0.69 0.93 0</i>
                <i>1 0 0 0 1 0 0 0 1 0.69 0.93 0</i>
                <i>1 0 0 0 1 0 0 0 1 0.69 0.93 0</i>
                <i>1 0 0 0 1 0 0 0 1 0.69 0.93 0</i>
                <i>1 0 0 0 1 0 0 0 1 0.69 0.93 0</i>
                <i>1 0 0 0 1 0 0 0 1 0.69 0.93 0</i>
                <i>1 0 0 0 1 0 0 0 1 0.69 0.93 0</i>
                <i>1 0 0 0 1 0 0 0 1 0.69 0.93 0</i>
                <i>1 0 0 0 1 0 0 0 1 0.69 0.93 0</i>
                <i>1 0 0 0 1 0 0 0 1 0.69 0.93 0</i>
                <i>1 0 0 0 1 0 0 0 1 0.69 0.93 0</i>
                <i>1 0 0 0 1 0 0 0 1 0.69 0.93 0</i>
                <i>1 0 0 0 1 0 0 0 1 0.69 0.93 0</i>
                <i>1 0 0 0 1 0 0 0 1 0.69 0.93 0</i>
                <i>1 0 0 0 1 0 0 0 1 0.69 0.93 0</i>
                <i>1 0 0 0 1 0 0 0 1 0.69 0.93 0</i>
                <i>1 0 0 0 1 0 0 0 1 0.69 0.93 0</i>
                <i>1 0 0 0 1 0 0 0 1 0.69 0.93 0</i>
                <i>1 0 0 0 1 0 0 0 1 0.69 0.93 0</i>
                <i>1 0 0 0 1 0 0 0 1 0.69 0.93 0</i>
                <i>1 0 0 0 1 0 0 0 1 0.69 0.93 0</i>
                <i>1 0 0 0 1 0 0 0 1 0.69 0.93 0</i>
                <i>1 0 0 0 1 0 0 0 1 0.69 0.93 0</i>
                <i>1 0 0 0 1 0 0 0 1 0.69 0.93 0</i>
                <i>1 0 0 0 1 0 0 0 1 0.69 0.93 0</i>
                <i>1 0 0 0 1 0 0 0 1 0.69 0.93 0</i>
                <i>1 0 0 0 1 0 0 0 1 0.69 0.93 0</i>
                <i>1 0 0 0 1 0 0 0 1 0.69 0.93 0</i>
                <i>1 0 0 0 1 0 0 0 1 0.69 0.93 0</i>
                <i>1 0 0 0 1 0 0 0 1 0.69 0.93 0</i>
                <i>1 0 0 0 1 0 0 0 1 0.69 0.93 0</i>
                <i>1 0 0 0 1 0 0 0 1 0.69 0.93 0</i>
                <i>1 0 0 0 1 0 0 0 1 0.69 0.93 0</i>
                <i>1 0 0 0 1 0 0 0 1 0.69 0.93 0</i>
                <i>1 0 0 0 1 0 0 0 1 0.69 0.93 0</i>
                <i>1 0 0 0 1 0 0 0 1 0.69 0.93 0</i>
                <i>1 0 0 0 1 0 0 0 1 0.69 0.93 0</i>
                <i>1 0 0 0 1 0 0 0 1 0.69 0.93 0</i>
                <i>1 0 0 0 1 0 0 0 1 0.69 0.93 0</i>
                <i>1 0 0 0 1 0 0 0 1 0.69 0.93 0</i>
                <i>1 0 0 0 1 0 0 0 1 0.69 0.93 0</i>
                <i>1 0 0 0 1 0 0 0 1 0.69 0.93 0</i>
                <i>1 0 0 0 1 0 0 0 1 0.69 0.93 0</i>
                <i>1 0 0 0 1 0 0 0 1 0.69 0.93 0</i>
                <i>1 0 0 0 1 0 0 0 1 0.69 0.93 0</i>
                <i>1 0 0 0 1 0 0 0 1 0.69 0.93 0</i>
                <i>1 0 0 0 1 0 0 0 1 0.69 0.93 0</i>
                <i>1 0 0 0 1 0 0 0 1 0.69 0.93 0</i>
                <i>1 0 0 0 1 0 0 0 1 0.69 0.93 0</i>
                <i>1 0 0 0 1 0 0 0 1 0.69 0.93 0</i>
                <i>1 0 0 0 1 0 0 0 1 0.69 0.93 0</i>
                <i>1 0 0 0 1 0 0 0 1 0.69 0.93 0</i>
                <i>1 0 0 0 1 0 0 0 1 0.69 0.93 0</i>
                <i>1 0 0 0 1 0 0 0 1 0.69 0.93 0</i>
                <i>1 0 0 0 1 0 0 0 1 0.69 0.93 0</i>
                <i>1 0 0 0 1 0 0 0 1 0.69 0.93 0</i>
                <i>1 0 0 0 1 0 0 0 1 0.69 0.93 0</i>
                <i>1 0 0 0 1 0 0 0 1 0.69 0.93 0</i>
                <i>1 0 0 0 1 0 0 0 1 0.69 0.93 0</i>
                <i>1 0 0 0 1 0 0 0 1 0.69 0.93 0</i>
                <i>1 0 0 0 1 0 0 0 1 0.69 0.93 0</i>
                <i>1 0 0 0 1 0 0 0 1 0.69 0.93 0</i>
                <i>1 0 0 0 1 0 0 0 1 0.69 0.93 0</i>
                <i>1 0 0 0 1 0 0 0 1 0.69 0.93 0</i>
                <i>1 0 0 0 1 0 0 0 1 0.69 0.93 0</i>
                <i>1 0 0 0 1 0 0 0 1 0.69 0.93 0</i>
                <i>1 0 0 0 1 0 0 0 1 0.69 0.93 0</i>
                <i>1 0 0 0 1 0 0 0 1 0.69 0.93 0</i>
                <i>1 0 0 0 1 0 0 0 1 0.69 0.93 0</i>
                <i>1 0 0 0 1 0 0 0 1 0.69 0.93 0</i>
                <i>1 0 0 0 1 0 0 0 1 0.69 0.93 0</i>
                <i>1 0 0 0 1 0 0 0 1 0.69 0.93 0</i>
                <i>1 0 0 0 1 0 0 0 1 0.69 0.93 0</i>
                <i>1 0 0 0 1 0 0 0 1 0.69 0.93 0</i>
                <i>1 0 0 0 1 0 0 0 1 0.69 0.93 0</i>
                <i>1 0 0 0 1 0 0 0 1 0.69 0.93 0</i>
                <i>1 0 0 0 1 0 0 0 1 0.69 0.93 0</i>
                <i>1 0 0 0 1 0 0 0 1 0.69 0.93 0</i>
                <i>1 0 0 0 1 0 0 0 1 0.69 0.93 0</i>
                <i>1 0 0 0 1 0 0 0 1 0.69 0.93 0</i>
                <i>1 0 0 0 1 0 0 0 1 0.69 0.93 0</i>
                <i>1 0 0 0 1 0 0 0 1 0.69 0.93 0</i>
                <i>1 0 0 0 1 0 0 0 1 0.69 0.93 0</i>
                <i>1 0 0 0 1 0 0 0 1 0.69 0.93 0</i>
                <i>1 0 0 0 1 0 0 0 1 0.69 0.93 0</i>
                <i>1 0 0 0 1 0 0 0 1 0.69 0.93 0</i>
                <i>1 0 0 0 1 0 0 0 1 0.69 0.93 0</i>
            </KeyFrames>
        </RefFrame>
        <Bones count="23">
            <i>
                <p>
                    <Name><![CDATA[pelvis]]></Name>
                    <Exclude>0</Exclude>
                    <Additive>0</Additive>
                    <IKPriority>0</IKPriority>
                    <IKRotLimits>-1e+010 -1e+010 -1e+010 1e+010 1e+010 1e+010</IKRotLimits>
                    <IKRotLimitOrder>2</IKRotLimitOrder>
                    <KeyFrames count="120">
                        <i>1 0 0 0 1 0 0 0 1 0.418216 2.03528 -0.0519883</i>
                        <i>1 0 0 0 1 0 0 0 1 0.41822 2.03442 -0.051998</i>
                        <i>1 0 0 0 1 0 0 0 1 0.41823 2.03279 -0.0520239</i>
                        <i>1 0 0 0 1 0 0 0 1 0.418244 2.03076 -0.0520613</i>
                        <i>1 0 0 0 1 0 0 0 1 0.418261 2.02874 -0.0521058</i>
                        <i>1 0 0 0 1 0 0 0 1 0.418279 2.02711 -0.0521525</i>
                        <i>1 0 0 0 1 0 0 0 1 0.418297 2.02625 -0.052197</i>
                        <i>1 0 0 0 1 0 0 0 1 0.418311 2.02655 -0.0522345</i>
                        <i>1 0 0 0 1 0 0 0 1 0.418321 2.02841 -0.0522604</i>
                        <i>1 0 0 0 1 0 0 0 1 0.418325 2.0322 -0.05227</i>
                        <i>1 0 0 0 1 0 0 0 1 0.425341 2.04278 -0.0502898</i>
                        <i>1 0 0 0 1 0 0 0 1 0.44314 2.06093 -0.046334</i>
                        <i>1 0 0 0 1 0 0 0 1 0.46685 2.08095 -0.0433799</i>
                        <i>1 0 0 0 1 0 0 0 1 0.491595 2.09714 -0.0444048</i>
                        <i>1 0 0 0 1 0 0 0 1 0.512503 2.1038 -0.052386</i>
                        <i>1 0 0 0 1 0 0 0 1 0.529215 2.09292 -0.0722288</i>
                        <i>1 0 0 0 1 0 0 0 1 0.544979 2.06687 -0.101948</i>
                        <i>1 0 0 0 1 0 0 0 1 0.560334 2.03556 -0.134187</i>
                        <i>1 0 0 0 1 0 0 0 1 0.57582 2.0089 -0.161586</i>
                        <i>1 0 0 0 1 0 0 0 1 0.591975 1.9968 -0.176788</i>
                        <i>1 0 0 0 1 0 0 0 1 0.609276 1.99779 -0.181713</i>
                        <i>1 0 0 0 1 0 0 0 1 0.627578 2.00313 -0.183549</i>
                        <i>1 0 0 0 1 0 0 0 1 0.646485 2.0118 -0.182839</i>
                        <i>1 0 0 0 1 0 0 0 1 0.665601 2.02279 -0.180124</i>
                        <i>1 0 0 0 1 0 0 0 1 0.684531 2.0351 -0.175948</i>
                        <i>1 0 0 0 1 0 0 0 1 0.702879 2.04771 -0.170854</i>
                        <i>1 0 0 0 1 0 0 0 1 0.72025 2.05962 -0.165385</i>
                        <i>1 0 0 0 1 0 0 0 1 0.736249 2.06981 -0.160083</i>
                        <i>1 0 0 0 1 0 0 0 1 0.750481 2.07728 -0.155491</i>
                        <i>1 0 0 0 1 0 0 0 1 0.762548 2.08101 -0.152151</i>
                        <i>1 0 0 0 1 0 0 0 1 0.768161 2.08184 -0.14796</i>
                        <i>1 0 0 0 1 0 0 0 1 0.764574 2.08144 -0.140888</i>
                        <i>1 0 0 0 1 0 0 0 1 0.753754 2.08009 -0.131532</i>
                        <i>1 0 0 0 1 0 0 0 1 0.737671 2.07809 -0.120489</i>
                        <i>1 0 0 0 1 0 0 0 1 0.718294 2.07569 -0.108358</i>
                        <i>1 0 0 0 1 0 0 0 1 0.697592 2.07319 -0.0957356</i>
                        <i>1 0 0 0 1 0 0 0 1 0.677534 2.07087 -0.0832193</i>
                        <i>1 0 0 0 1 0 0 0 1 0.660089 2.069 -0.0714067</i>
                        <i>1 0 0 0 1 0 0 0 1 0.647225 2.06786 -0.0608954</i>
                        <i>1 0 0 0 1 0 0 0 1 0.640912 2.06773 -0.0522829</i>
                        <i>1 0 0 0 1 0 0 0 1 0.642272 2.06955 -0.0480084</i>
                        <i>1 0 0 0 1 0 0 0 1 0.649776 2.07343 -0.0485157</i>
                        <i>1 0 0 0 1 0 0 0 1 0.661411 2.07844 -0.0514094</i>
                        <i>1 0 0 0 1 0 0 0 1 0.675166 2.08363 -0.054294</i>
                        <i>1 0 0 0 1 0 0 0 1 0.689031 2.08807 -0.054774</i>
                        <i>1 0 0 0 1 0 0 0 1 0.702443 2.093 -0.0542094</i>
                        <i>1 0 0 0 1 0 0 0 1 0.714685 2.09751 -0.0535574</i>
                        <i>1 0 0 0 1 0 0 0 1 0.724716 2.10128 -0.0529387</i>
                        <i>1 0 0 0 1 0 0 0 1 0.731495 2.10397 -0.0524736</i>
                        <i>1 0 0 0 1 0 0 0 1 0.733983 2.10526 -0.0522829</i>
                        <i>1 0 0 0 1 0 0 0 1 0.733969 2.10571 -0.052246</i>
                        <i>1 0 0 0 1 0 0 0 1 0.733954 2.10618 -0.052207</i>
                        <i>1 0 0 0 1 0 0 0 1 0.733938 2.10663 -0.0521673</i>
                        <i>1 0 0 0 1 0 0 0 1 0.733923 2.10706 -0.0521284</i>
                        <i>1 0 0 0 1 0 0 0 1 0.733909 2.10744 -0.0520915</i>
                        <i>1 0 0 0 1 0 0 0 1 0.733896 2.10775 -0.0520582</i>
                        <i>1 0 0 0 1 0 0 0 1 0.733885 2.10796 -0.0520299</i>
                        <i>1 0 0 0 1 0 0 0 1 0.733877 2.10806 -0.0520078</i>
                        <i>1 0 0 0 1 0 0 0 1 0.733871 2.10803 -0.0519935</i>
                        <i>1 0 0 0 1 0 0 0 1 0.733869 2.10784 -0.0519883</i>
                        <i>1 0 0 0 1 0 0 0 1 0.733871 2.10754 -0.0519935</i>
                        <i>1 0 0 0 1 0 0 0 1 0.733877 2.10723 -0.0520079</i>
                        <i>1 0 0 0 1 0 0 0 1 0.733885 2.1069 -0.05203</i>
                        <i>1 0 0 0 1 0 0 0 1 0.733896 2.10655 -0.0520584</i>
                        <i>1 0 0 0 1 0 0 0 1 0.733909 2.10621 -0.0520918</i>
                        <i>1 0 0 0 1 0 0 0 1 0.733923 2.10586 -0.0521286</i>
                        <i>1 0 0 0 1 0 0 0 1 0.733939 2.10553 -0.0521676</i>
                        <i>1 0 0 0 1 0 0 0 1 0.733954 2.10521 -0.0522073</i>
                        <i>1 0 0 0 1 0 0 0 1 0.733969 2.10491 -0.0522462</i>
                        <i>1 0 0 0 1 0 0 0 1 0.733983 2.10464 -0.052283</i>
                        <i>1 0 0 0 1 0 0 0 1 0.733996 2.1044 -0.0523163</i>
                        <i>1 0 0 0 1 0 0 0 1 0.734007 2.10421 -0.0523447</i>
                        <i>1 0 0 0 1 0 0 0 1 0.734015 2.10406 -0.0523667</i>
                        <i>1 0 0 0 1 0 0 0 1 0.734021 2.10397 -0.0523809</i>
                        <i>1 0 0 0 1 0 0 0 1 0.734023 2.10394 -0.052386</i>
                        <i>1 0 0 0 1 0 0 0 1 0.734021 2.104 -0.0523808</i>
                        <i>1 0 0 0 1 0 0 0 1 0.734015 2.10419 -0.0523665</i>
                        <i>1 0 0 0 1 0 0 0 1 0.734007 2.10448 -0.0523445</i>
                        <i>1 0 0 0 1 0 0 0 1 0.733996 2.10484 -0.0523161</i>
                        <i>1 0 0 0 1 0 0 0 1 0.733983 2.10526 -0.0522829</i>
                        <i>1 0 0 0 1 0 0 0 1 0.732936 2.10547 -0.0522374</i>
                        <i>1 0 0 0 1 0 0 0 1 0.729923 2.10524 -0.0521934</i>
                        <i>1 0 0 0 1 0 0 0 1 0.725087 2.10459 -0.0521517</i>
                        <i>1 0 0 0 1 0 0 0 1 0.718568 2.10352 -0.0521131</i>
                        <i>1 0 0 0 1 0 0 0 1 0.710508 2.10205 -0.0520783</i>
                        <i>1 0 0 0 1 0 0 0 1 0.701048 2.10019 -0.0520481</i>
                        <i>1 0 0 0 1 0 0 0 1 0.690329 2.09795 -0.0520232</i>
                        <i>1 0 0 0 1 0 0 0 1 0.678493 2.09533 -0.0520044</i>
                        <i>1 0 0 0 1 0 0 0 1 0.665681 2.09235 -0.0519926</i>
                        <i>1 0 0 0 1 0 0 0 1 0.652033 2.08903 -0.0519883</i>
                        <i>1 0 0 0 1 0 0 0 1 0.634755 2.08497 -0.0521252</i>
                        <i>1 0 0 0 1 0 0 0 1 0.61195 2.07998 -0.0524858</i>
                        <i>1 0 0 0 1 0 0 0 1 0.585054 2.07428 -0.0529951</i>
                        <i>1 0 0 0 1 0 0 0 1 0.555497 2.06812 -0.0535783</i>
                        <i>1 0 0 0 1 0 0 0 1 0.524713 2.06172 -0.0541605</i>
                        <i>1 0 0 0 1 0 0 0 1 0.494134 2.05532 -0.0546669</i>
                        <i>1 0 0 0 1 0 0 0 1 0.465194 2.04916 -0.0550224</i>
                        <i>1 0 0 0 1 0 0 0 1 0.439324 2.04347 -0.0551523</i>
                        <i>1 0 0 0 1 0 0 0 1 0.417959 2.0385 -0.0549817</i>
                        <i>1 0 0 0 1 0 0 0 1 0.402529 2.03446 -0.0544357</i>
                        <i>1 0 0 0 1 0 0 0 1 0.393971 2.0325 -0.0555905</i>
                        <i>1 0 0 0 1 0 0 0 1 0.391191 2.03284 -0.0593505</i>
                        <i>1 0 0 0 1 0 0 0 1 0.392581 2.0344 -0.0638832</i>
                        <i>1 0 0 0 1 0 0 0 1 0.396533 2.03607 -0.0673562</i>
                        <i>1 0 0 0 1 0 0 0 1 0.40144 2.03676 -0.0679371</i>
                        <i>1 0 0 0 1 0 0 0 1 0.405492 2.03498 -0.0632724</i>
                        <i>1 0 0 0 1 0 0 0 1 0.409973 2.03367 -0.0590243</i>
                        <i>1 0 0 0 1 0 0 0 1 0.414117 2.03285 -0.0555432</i>
                        <i>1 0 0 0 1 0 0 0 1 0.417158 2.03253 -0.0531793</i>
                        <i>1 0 0 0 1 0 0 0 1 0.41833 2.0327 -0.0522829</i>
                        <i>1 0 0 0 1 0 0 0 1 0.418315 2.03316 -0.052246</i>
                        <i>1 0 0 0 1 0 0 0 1 0.4183 2.03362 -0.052207</i>
                        <i>1 0 0 0 1 0 0 0 1 0.418285 2.03408 -0.0521673</i>
                        <i>1 0 0 0 1 0 0 0 1 0.41827 2.03451 -0.0521284</i>
                        <i>1 0 0 0 1 0 0 0 1 0.418256 2.03489 -0.0520915</i>
                        <i>1 0 0 0 1 0 0 0 1 0.418243 2.03519 -0.0520582</i>
                        <i>1 0 0 0 1 0 0 0 1 0.418232 2.03541 -0.0520299</i>
                        <i>1 0 0 0 1 0 0 0 1 0.418224 2.03551 -0.0520078</i>
                        <i>1 0 0 0 1 0 0 0 1 0.418218 2.03547 -0.0519935</i>
                        <i>1 0 0 0 1 0 0 0 1 0.418216 2.03528 -0.0519883</i>
                    </KeyFrames>
                </p>
            </i>
            <i>
                <p>
                    <Name><![CDATA[spine0]]></Name>
                    <Exclude>0</Exclude>
                    <Additive>0</Additive>
                    <IKPriority>0</IKPriority>
                    <IKRotLimits>-1e+010 -1e+010 -1e+010 1e+010 1e+010 1e+010</IKRotLimits>
                    <IKRotLimitOrder>0</IKRotLimitOrder>
                    <KeyFrames count="120">
                        <i>-0.0632546 0.992864 0.101092 -0.983897 -0.045073 -0.172958 -0.167167 -0.110405 0.979728 0.393149 2.17374 -0.0819326</i>
                        <i>-0.0632484 0.992876 0.100976 -0.983896 -0.0450863 -0.17296 -0.167175 -0.110289 0.979739 0.393153 2.17288 -0.0819423</i>
                        <i>-0.0632408 0.992891 0.100833 -0.983895 -0.0451026 -0.172962 -0.167185 -0.110147 0.979753 0.393163 2.17125 -0.0819682</i>
                        <i>-0.0632331 0.992907 0.100687 -0.983894 -0.0451193 -0.172965 -0.167195 -0.110003 0.979768 0.393177 2.16922 -0.0820057</i>
                        <i>-0.0632265 0.99292 0.100562 -0.983893 -0.0451337 -0.172967 -0.167204 -0.109879 0.97978 0.393194 2.1672 -0.0820501</i>
                        <i>-0.0632223 0.992928 0.100483 -0.983892 -0.0451428 -0.172969 -0.167209 -0.109799 0.979788 0.393212 2.16557 -0.0820969</i>
                        <i>-0.0632218 0.992929 0.100472 -0.983892 -0.0451441 -0.172969 -0.16721 -0.109789 0.979789 0.39323 2.16471 -0.0821413</i>
                        <i>-0.0632261 0.992921 0.100554 -0.983893 -0.0451346 -0.172967 -0.167204 -0.109871 0.979781 0.393244 2.16501 -0.0821788</i>
                        <i>-0.0632366 0.9929 0.100753 -0.983895 -0.0451118 -0.172964 -0.167191 -0.110068 0.979761 0.393254 2.16687 -0.0822047</i>
                        <i>-0.0632546 0.992864 0.101092 -0.983897 -0.045073 -0.172958 -0.167167 -0.110405 0.979728 0.393258 2.17066 -0.0822144</i>
                        <i>-0.0648251 0.993067 0.098063 -0.983746 -0.0471059 -0.173278 -0.167457 -0.107702 0.979979 0.400274 2.18124 -0.0802341</i>
                        <i>-0.068573 0.993579 0.089992 -0.983356 -0.0521021 -0.17406 -0.168254 -0.10043 0.980614 0.418073 2.19939 -0.0762783</i>
                        <i>-0.0731059 0.994122 0.0798586 -0.982843 -0.0582176 -0.175013 -0.169335 -0.091283 0.981322 0.441783 2.21941 -0.0733242</i>
                        <i>-0.0769398 0.994503 0.0710211 -0.982375 -0.0634454 -0.175822 -0.17035 -0.0832971 0.981857 0.466528 2.2356 -0.0743491</i>
                        <i>-0.0785954 0.994645 0.0671103 -0.982163 -0.0657224 -0.176173 -0.170819 -0.0797597 0.982069 0.487436 2.24226 -0.0823303</i>
                        <i>-0.0792371 0.995029 0.0603215 -0.979875 -0.0666234 -0.188163 -0.183209 -0.074017 0.980284 0.505081 2.23004 -0.108445</i>
                        <i>-0.0800681 0.995735 0.0458334 -0.973152 -0.0681327 -0.219847 -0.215786 -0.0622056 0.974457 0.523672 2.19977 -0.152725</i>
                        <i>-0.0804693 0.99618 0.033899 -0.961871 -0.068689 -0.264739 -0.261399 -0.0539098 0.963724 0.543661 2.16167 -0.201374</i>
                        <i>-0.0819733 0.996133 0.0316262 -0.947187 -0.0679957 -0.313389 -0.310027 -0.0556455 0.949098 0.564466 2.12807 -0.241382</i>
                        <i>-0.0862511 0.995527 0.0385687 -0.933762 -0.0672815 -0.351514 -0.347346 -0.0663324 0.935388 0.584241 2.11306 -0.26117</i>
                        <i>-0.0928349 0.994462 0.0492599 -0.922814 -0.0673575 -0.379312 -0.373894 -0.0806712 0.923957 0.603132 2.11469 -0.265335</i>
                        <i>-0.100642 0.993104 0.0601289 -0.910803 -0.0676431 -0.407263 -0.400387 -0.0957532 0.91133 0.622674 2.12078 -0.266194</i>
                        <i>-0.109491 0.991457 0.07089 -0.897991 -0.0680871 -0.434713 -0.426173 -0.111256 0.897774 0.642479 2.13025 -0.264375</i>
                        <i>-0.119125 0.989547 0.0812804 -0.884714 -0.0686339 -0.461054 -0.450656 -0.126833 0.883642 0.662174 2.14205 -0.260501</i>
                        <i>-0.1292 0.987428 0.091068 -0.871366 -0.0692168 -0.485727 -0.473317 -0.14211 0.869354 0.681398 2.15513 -0.255191</i>
                        <i>-0.139298 0.985182 0.100059 -0.858393 -0.0697529 -0.508229 -0.493719 -0.156685 0.85539 0.699807 2.16843 -0.249055</i>
                        <i>-0.148928 0.982921 0.108105 -0.846271 -0.0701398 -0.528115 -0.511513 -0.170138 0.842264 0.717069 2.1809 -0.242693</i>
                        <i>-0.157624 0.980738 0.11536 -0.835498 -0.0701755 -0.544994 -0.526401 -0.182287 0.830466 0.732857 2.19153 -0.236695</i>
                        <i>-0.164951 0.978711 0.122129 -0.826571 -0.0696153 -0.558511 -0.538119 -0.193075 0.820457 0.74685 2.19928 -0.231642</i>
                        <i>-0.170434 0.97695 0.128531 -0.819975 -0.0682795 -0.568313 -0.546437 -0.202252 0.812712 0.758724 2.20313 -0.228108</i>
                        <i>-0.17074 0.976409 0.132187 -0.819286 -0.0661577 -0.569555 -0.547374 -0.205545 0.811254 0.763784 2.20392 -0.223933</i>
                        <i>-0.163826 0.977717 0.131267 -0.82657 -0.0634153 -0.55925 -0.538463 -0.200121 0.818541 0.758921 2.20342 -0.21694</i>
                        <i>-0.151484 0.980316 0.126622 -0.839757 -0.0600627 -0.53963 -0.521403 -0.188077 0.832326 0.746226 2.20197 -0.207592</i>
                        <i>-0.135679 0.983574 0.119049 -0.85663 -0.0560911 -0.512873 -0.497771 -0.171568 0.85017 0.727801 2.19992 -0.196347</i>
                        <i>-0.118348 0.986918 0.109483 -0.875062 -0.0515467 -0.481258 -0.469318 -0.152761 0.869715 0.705763 2.19762 -0.183674</i>
                        <i>-0.101246 0.989914 0.0990975 -0.893191 -0.0465798 -0.447258 -0.438131 -0.133796 0.888898 0.682247 2.19541 -0.170064</i>
                        <i>-0.0858578 0.992295 0.0893212 -0.909531 -0.04147 -0.413562 -0.406672 -0.116748 0.906084 0.659396 2.19361 -0.156037</i>
                        <i>-0.0733864 0.993944 0.0817855 -0.923006 -0.0366309 -0.383039 -0.377723 -0.103598 0.920105 0.639341 2.19254 -0.142142</i>
                        <i>-0.0648405 0.994825 0.0782268 -0.932894 -0.0326001 -0.358673 -0.354267 -0.0962339 0.93018 0.624186 2.19249 -0.128955</i>
                        <i>-0.0612265 0.994883 0.0803639 -0.938675 -0.0300207 -0.343495 -0.339325 -0.0964666 0.93571 0.615978 2.19374 -0.117067</i>
                        <i>-0.0597657 0.994476 0.0862925 -0.942264 -0.0276698 -0.333727 -0.329495 -0.101256 0.938712 0.615674 2.19701 -0.109188</i>
                        <i>-0.0571115 0.994045 0.0928077 -0.945854 -0.0241214 -0.323695 -0.319529 -0.106269 0.941599 0.621584 2.20222 -0.106085</i>
                        <i>-0.0535354 0.993587 0.0995933 -0.949348 -0.0197169 -0.313608 -0.309633 -0.111338 0.944315 0.631733 2.20842 -0.105447</i>
                        <i>-0.0493271 0.993107 0.106328 -0.952648 -0.0147999 -0.303715 -0.300047 -0.116275 0.946811 0.644138 2.21465 -0.104968</i>
                        <i>-0.0447957 0.992621 0.11268 -0.95566 -0.00971816 -0.294311 -0.291044 -0.120868 0.949044 0.656813 2.21996 -0.102344</i>
                        <i>-0.0402768 0.992154 0.118359 -0.958296 -0.00481572 -0.285735 -0.282923 -0.124931 0.950971 0.669215 2.2256 -0.0990294</i>
                        <i>-0.0361244 0.991737 0.123096 -0.960475 -0.00043458 -0.278364 -0.276011 -0.128287 0.952555 0.680644 2.23066 -0.0960766</i>
                        <i>-0.0327003 0.99141 0.126634 -0.962122 0.00308521 -0.272601 -0.27065 -0.130751 0.953757 0.690075 2.23483 -0.0937007</i>
                        <i>-0.0303653 0.991216 0.128716 -0.963165 0.00540687 -0.268856 -0.267191 -0.132139 0.954541 0.69648 2.23776 -0.0921152</i>
                        <i>-0.0294684 0.991194 0.129094 -0.963529 0.00619766 -0.267532 -0.265976 -0.132269 0.954862 0.698839 2.23912 -0.0915314</i>
                        <i>-0.0293997 0.991271 0.128522 -0.963526 0.0061114 -0.267545 -0.265995 -0.1317 0.954935 0.698825 2.23958 -0.0914945</i>
                        <i>-0.0293305 0.991348 0.127942 -0.963523 0.0060234 -0.267558 -0.266013 -0.131123 0.95501 0.69881 2.24004 -0.0914555</i>
                        <i>-0.0292631 0.991423 0.127375 -0.96352 0.0059371 -0.26757 -0.266031 -0.130558 0.955082 0.698794 2.2405 -0.0914158</i>
                        <i>-0.0292004 0.991493 0.126844 -0.963517 0.00585586 -0.267582 -0.266048 -0.13003 0.955149 0.698779 2.24093 -0.0913769</i>
                        <i>-0.0291449 0.991555 0.126372 -0.963515 0.00578338 -0.267593 -0.266064 -0.12956 0.955209 0.698765 2.24131 -0.09134</i>
                        <i>-0.0290993 0.991606 0.125981 -0.963513 0.00572331 -0.267601 -0.266076 -0.129172 0.955258 0.698752 2.24162 -0.0913067</i>
                        <i>-0.0290661 0.991643 0.125697 -0.963511 0.00567937 -0.267608 -0.266085 -0.128889 0.955294 0.698741 2.24183 -0.0912784</i>
                        <i>-0.0290481 0.991663 0.125541 -0.96351 0.00565534 -0.267611 -0.26609 -0.128734 0.955313 0.698733 2.24193 -0.0912563</i>
                        <i>-0.0290478 0.991663 0.125539 -0.96351 0.00565487 -0.267611 -0.26609 -0.128731 0.955314 0.698727 2.24189 -0.091242</i>
                        <i>-0.0290677 0.991641 0.125711 -0.963511 0.00568153 -0.267607 -0.266085 -0.128902 0.955292 0.698725 2.2417 -0.0912368</i>
                        <i>-0.0291045 0.9916 0.126026 -0.963513 0.00573005 -0.2676 -0.266075 -0.129216 0.955253 0.698727 2.24141 -0.091242</i>
                        <i>-0.0291504 0.991549 0.126416 -0.963515 0.00579001 -0.267592 -0.266062 -0.129604 0.955203 0.698733 2.2411 -0.0912564</i>
                        <i>-0.0292034 0.99149 0.126866 -0.963517 0.00585878 -0.267582 -0.266048 -0.130052 0.955147 0.698741 2.24076 -0.0912785</i>
                        <i>-0.0292618 0.991425 0.127358 -0.96352 0.00593374 -0.267571 -0.266032 -0.130541 0.955084 0.698752 2.24042 -0.0913069</i>
                        <i>-0.0293235 0.991357 0.127875 -0.963523 0.00601228 -0.267559 -0.266015 -0.131056 0.955018 0.698765 2.24007 -0.0913403</i>
                        <i>-0.0293867 0.991287 0.128403 -0.963525 0.00609202 -0.267548 -0.265999 -0.131581 0.954951 0.698779 2.23973 -0.0913771</i>
                        <i>-0.0294495 0.991217 0.128924 -0.963528 0.00617057 -0.267536 -0.265982 -0.132101 0.954884 0.698794 2.23939 -0.0914161</i>
                        <i>-0.0295099 0.99115 0.129424 -0.963531 0.00624567 -0.267525 -0.265966 -0.132598 0.954819 0.69881 2.23907 -0.0914558</i>
                        <i>-0.0295661 0.991088 0.129887 -0.963533 0.00631507 -0.267515 -0.265951 -0.13306 0.954759 0.698825 2.23878 -0.0914947</i>
                        <i>-0.0296162 0.991032 0.130299 -0.963535 0.00637669 -0.267506 -0.265938 -0.13347 0.954706 0.698839 2.23851 -0.0915315</i>
                        <i>-0.0296583 0.990985 0.130645 -0.963537 0.00642844 -0.267498 -0.265927 -0.133815 0.95466 0.698852 2.23827 -0.0915648</i>
                        <i>-0.0296905 0.990949 0.130911 -0.963538 0.00646827 -0.267493 -0.265918 -0.13408 0.954626 0.698863 2.23808 -0.0915932</i>
                        <i>-0.029711 0.990926 0.131082 -0.963539 0.00649416 -0.267489 -0.265913 -0.13425 0.954603 0.698871 2.23793 -0.0916152</i>
                        <i>-0.0297177 0.990918 0.131143 -0.963539 0.00650396 -0.267487 -0.265911 -0.134311 0.954595 0.698877 2.23784 -0.0916294</i>
                        <i>-0.0297084 0.990928 0.131067 -0.963539 0.00649271 -0.267489 -0.265913 -0.134235 0.954605 0.698879 2.2378 -0.0916345</i>
                        <i>-0.0296828 0.990957 0.130858 -0.963538 0.00646167 -0.267494 -0.26592 -0.134027 0.954633 0.698877 2.23787 -0.0916293</i>
                        <i>-0.0296434 0.991 0.130536 -0.963536 0.00641374 -0.267501 -0.26593 -0.133706 0.954675 0.698871 2.23806 -0.091615</i>
                        <i>-0.0295928 0.991056 0.130121 -0.963534 0.00635182 -0.26751 -0.265944 -0.133293 0.954729 0.698863 2.23834 -0.091593</i>
                        <i>-0.0295336 0.991122 0.129634 -0.963532 0.00627883 -0.26752 -0.265959 -0.132807 0.954792 0.698852 2.23871 -0.0915647</i>
                        <i>-0.0294684 0.991194 0.129094 -0.963529 0.00619766 -0.267532 -0.265976 -0.132269 0.954862 0.698839 2.23912 -0.0915314</i>
                        <i>-0.0291981 0.991397 0.127594 -0.963607 0.00601618 -0.267254 -0.265723 -0.130753 0.955141 0.697846 2.23934 -0.0915201</i>
                        <i>-0.0285683 0.991827 0.124351 -0.96384 0.0056406 -0.266421 -0.264945 -0.127466 0.955802 0.694991 2.23913 -0.0915728</i>
                        <i>-0.0276574 0.99244 0.119573 -0.964216 0.00506569 -0.265068 -0.26367 -0.122625 0.956787 0.690405 2.2385 -0.0916817</i>
                        <i>-0.0265518 0.993187 0.113463 -0.964723 0.00428139 -0.263233 -0.261925 -0.11645 0.958037 0.684219 2.23746 -0.0918393</i>
                        <i>-0.0253415 0.994019 0.106226 -0.965347 0.00327577 -0.26095 -0.259737 -0.109157 0.95949 0.676565 2.23602 -0.0920384</i>
                        <i>-0.0241157 0.994888 0.0980631 -0.966075 0.00203791 -0.258253 -0.257132 -0.100964 0.961087 0.667573 2.2342 -0.0922721</i>
                        <i>-0.0229595 0.995751 0.0891792 -0.966894 0.000559352 -0.255176 -0.254142 -0.0920856 0.962773 0.657375 2.23199 -0.0925332</i>
                        <i>-0.0219514 0.996571 0.0797781 -0.967791 -0.00116387 -0.251754 -0.250798 -0.0827348 0.964498 0.646101 2.22942 -0.0928145</i>
                        <i>-0.0211605 0.997318 0.0700633 -0.96875 -0.00313054 -0.24802 -0.247135 -0.073122 0.966218 0.633883 2.2265 -0.0931085</i>
                        <i>-0.0206457 0.997971 0.0602381 -0.969759 -0.00533361 -0.244008 -0.243191 -0.0634542 0.967901 0.620854 2.22322 -0.0934074</i>
                        <i>-0.0183672 0.998533 0.050931 -0.970986 -0.00566662 -0.239068 -0.238429 -0.0538443 0.969666 0.604455 2.2193 -0.0937519</i>
                        <i>-0.0129051 0.999008 0.0426171 -0.972509 -0.00262946 -0.232851 -0.232508 -0.0444505 0.971578 0.582962 2.21459 -0.0941603</i>
                        <i>-0.0052267 0.999364 0.0352762 -0.974164 0.00287634 -0.225823 -0.22578 -0.0355452 0.97353 0.557699 2.20925 -0.0945884</i>
                        <i>0.00373548 0.999576 0.0288911 -0.975797 0.00996064 -0.218453 -0.218648 -0.0273758 0.97542 0.529992 2.20351 -0.0949909</i>
                        <i>0.0130864 0.999639 0.023445 -0.977277 0.0177476 -0.211224 -0.211564 -0.0201481 0.977157 0.501167 2.19754 -0.0953211</i>
                        <i>0.0219685 0.99958 0.0189188 -0.978509 0.0253785 -0.204635 -0.205029 -0.0140167 0.978656 0.472552 2.19156 -0.0955316</i>
                        <i>0.0295577 0.999446 0.0152887 -0.979436 0.0320131 -0.199201 -0.19958 -0.00908635 0.979839 0.445475 2.18577 -0.0955738</i>
                        <i>0.0350552 0.999307 0.0125225 -0.980022 0.0368279 -0.19545 -0.195776 -0.00542079 0.980634 0.421264 2.18041 -0.0953984</i>
                        <i>0.0376749 0.999234 0.0105779 -0.980242 0.0390116 -0.193917 -0.194181 -0.00306312 0.980961 0.401246 2.17568 -0.094955</i>
                        <i>0.0366269 0.999285 0.00940003 -0.98005 0.0377574 -0.195133 -0.195349 -0.00206538 0.980732 0.386748 2.17182 -0.0941921</i>
                        <i>0.0310381 0.999451 0.0115517 -0.979905 0.0327053 -0.196766 -0.197036 -0.00521234 0.980382 0.378475 2.17001 -0.0949195</i>
                        <i>0.0214364 0.999597 0.0185896 -0.980208 0.0246736 -0.196426 -0.196806 -0.014011 0.980342 0.37529 2.17054 -0.097852</i>
                        <i>0.00905826 0.999529 0.0293196 -0.980787 0.0145948 -0.194534 -0.19487 -0.0269942 0.980458 0.375745 2.1723 -0.10126</i>
                        <i>-0.00488806 0.999083 0.0425254 -0.981488 0.00334884 -0.191494 -0.191461 -0.0426742 0.980572 0.378394 2.17415 -0.103413</i>
                        <i>-0.0192558 0.998191 0.0569577 -0.982189 -0.00823599 -0.187713 -0.186905 -0.0595578 0.980571 0.381787 2.17499 -0.102582</i>
                        <i>-0.0329851 0.996904 0.0713767 -0.982808 -0.0193726 -0.18361 -0.181659 -0.076206 0.980404 0.384272 2.17333 -0.0965182</i>
                        <i>-0.0451159 0.995397 0.0845558 -0.9833 -0.0293096 -0.179618 -0.176313 -0.0912473 0.980096 0.387283 2.17209 -0.0909911</i>
                        <i>-0.0547776 0.993942 0.0952784 -0.983648 -0.0373209 -0.17619 -0.171567 -0.103372 0.979734 0.390201 2.1713 -0.0864599</i>
                        <i>-0.0611589 0.992867 0.102345 -0.983856 -0.0426892 -0.173793 -0.168184 -0.111322 0.97945 0.392402 2.17098 -0.083385</i>
                        <i>-0.0634518 0.992491 0.104575 -0.983926 -0.0446867 -0.172897 -0.166925 -0.113865 0.979373 0.393263 2.17116 -0.0822272</i>
                        <i>-0.063417 0.992555 0.103986 -0.983921 -0.0447505 -0.172907 -0.166966 -0.113279 0.979434 0.393248 2.17162 -0.0821903</i>
                        <i>-0.0633823 0.99262 0.103388 -0.983916 -0.044816 -0.172917 -0.167008 -0.112685 0.979495 0.393233 2.17208 -0.0821513</i>
                        <i>-0.0633489 0.992682 0.102805 -0.983912 -0.0448805 -0.172927 -0.167048 -0.112105 0.979555 0.393218 2.17254 -0.0821116</i>
                        <i>-0.0633183 0.992741 0.102258 -0.983907 -0.0449414 -0.172937 -0.167086 -0.111562 0.97961 0.393203 2.17297 -0.0820727</i>
                        <i>-0.0632914 0.992792 0.101772 -0.983903 -0.044996 -0.172946 -0.16712 -0.11108 0.979659 0.393189 2.17335 -0.0820359</i>
                        <i>-0.0632696 0.992835 0.10137 -0.9839 -0.0450414 -0.172953 -0.167148 -0.110681 0.9797 0.393176 2.17365 -0.0820026</i>
                        <i>-0.0632539 0.992866 0.101078 -0.983897 -0.0450747 -0.172958 -0.167168 -0.110391 0.979729 0.393165 2.17387 -0.0819742</i>
                        <i>-0.0632454 0.992882 0.100918 -0.983896 -0.0450929 -0.172961 -0.167179 -0.110232 0.979745 0.393157 2.17397 -0.0819522</i>
                        <i>-0.0632452 0.992883 0.100915 -0.983896 -0.0450932 -0.172961 -0.167179 -0.110229 0.979745 0.393151 2.17393 -0.0819378</i>
                        <i>-0.0632546 0.992864 0.101092 -0.983897 -0.045073 -0.172958 -0.167167 -0.110405 0.979728 0.393149 2.17374 -0.0819326</i>
                    </KeyFrames>
                </p>
            </i>
            <i>
                <p>
                    <Name><![CDATA[spine1]]></Name>
                    <Exclude>0</Exclude>
                    <Additive>0</Additive>
                    <IKPriority>0</IKPriority>
                    <IKRotLimits>-1e+010 -1e+010 -1e+010 1e+010 1e+010 1e+010</IKRotLimits>
                    <IKRotLimitOrder>0</IKRotLimitOrder>
                    <KeyFrames count="120">
                        <i>0.0996449 0.966365 0.237086 -0.994579 0.103848 -0.00527197 -0.0297155 -0.235276 0.971474 0.382203 2.34558 -0.0644461</i>
                        <i>0.099823 0.966353 0.237058 -0.994561 0.10402 -0.00523142 -0.0297142 -0.235246 0.971482 0.382215 2.3446 -0.0644868</i>
                        <i>0.100042 0.966339 0.237023 -0.994539 0.104233 -0.00518148 -0.0297126 -0.23521 0.97149 0.382235 2.34283 -0.0645508</i>
                        <i>0.100266 0.966325 0.236987 -0.994517 0.10445 -0.00513052 -0.0297109 -0.235174 0.971499 0.38226 2.34067 -0.0646272</i>
                        <i>0.100458 0.966312 0.236957 -0.994498 0.104635 -0.00508685 -0.0297095 -0.235142 0.971507 0.382286 2.33852 -0.0647048</i>
                        <i>0.10058 0.966304 0.236937 -0.994485 0.104754 -0.0050589 -0.0297086 -0.235122 0.971512 0.38231 2.33681 -0.0647728</i>
                        <i>0.100597 0.966303 0.236935 -0.994484 0.10477 -0.00505517 -0.0297085 -0.235119 0.971512 0.382328 2.33594 -0.06482</i>
                        <i>0.10047 0.966312 0.236955 -0.994496 0.104647 -0.005084 -0.0297094 -0.23514 0.971507 0.382336 2.33633 -0.0648357</i>
                        <i>0.100165 0.966331 0.237003 -0.994527 0.104351 -0.00515362 -0.0297117 -0.23519 0.971495 0.382332 2.33837 -0.0648086</i>
                        <i>0.0996449 0.966365 0.237086 -0.994579 0.103848 -0.00527197 -0.0297155 -0.235276 0.971474 0.382312 2.34249 -0.0647278</i>
                        <i>0.0973591 0.96904 0.226897 -0.99495 0.10036 -0.00169734 -0.0244161 -0.225586 0.973917 0.389001 2.35397 -0.0631921</i>
                        <i>0.0929038 0.974921 0.202235 -0.995605 0.0933768 0.00722187 -0.0118433 -0.202017 0.97931 0.406051 2.37364 -0.0605186</i>
                        <i>0.087852 0.981103 0.17239 -0.996129 0.0859968 0.0182155 0.00304628 -0.173323 0.98486 0.42885 2.39535 -0.0592235</i>
                        <i>0.0836944 0.985592 0.146981 -0.996372 0.0804814 0.0276835 0.0154554 -0.148765 0.988752 0.452814 2.41295 -0.0617244</i>
                        <i>0.0821505 0.987287 0.136075 -0.996405 0.0785249 0.0318101 0.0207205 -0.138199 0.990188 0.473396 2.42005 -0.0703783</i>
                        <i>0.0753254 0.981924 0.17364 -0.997159 0.0740459 0.013844 0.000736404 -0.17419 0.984712 0.490857 2.40877 -0.0976581</i>
                        <i>0.0545631 0.964068 0.259993 -0.997446 0.0646435 -0.0303735 -0.0460889 -0.257672 0.965133 0.509046 2.38186 -0.144412</i>
                        <i>0.0217542 0.934985 0.354019 -0.994599 0.0561835 -0.0872665 -0.101483 -0.350209 0.931158 0.528542 2.34918 -0.195092</i>
                        <i>-0.0149525 0.90515 0.424829 -0.98816 0.0515085 -0.144525 -0.152699 -0.42196 0.893663 0.548637 2.32094 -0.235386</i>
                        <i>-0.0430049 0.887256 0.459268 -0.980593 0.0505259 -0.189431 -0.191279 -0.458502 0.867864 0.567402 2.30802 -0.253756</i>
                        <i>-0.06176 0.879017 0.472773 -0.973314 0.0518467 -0.223545 -0.221012 -0.473962 0.852358 0.585054 2.30893 -0.255848</i>
                        <i>-0.0797014 0.870766 0.485194 -0.96484 0.0549101 -0.257037 -0.250461 -0.488621 0.835774 0.603135 2.31416 -0.254616</i>
                        <i>-0.0967969 0.86251 0.496695 -0.95536 0.0594422 -0.289404 -0.279138 -0.502536 0.818254 0.621289 2.32268 -0.250741</i>
                        <i>-0.112998 0.85426 0.507416 -0.945113 0.065166 -0.32018 -0.306583 -0.515745 0.800008 0.639188 2.33351 -0.244895</i>
                        <i>-0.128232 0.846039 0.51747 -0.934383 0.0718142 -0.348958 -0.332394 -0.528263 0.781315 0.656533 2.34565 -0.237735</i>
                        <i>-0.142395 0.837888 0.526942 -0.92348 0.0791424 -0.375395 -0.356242 -0.540075 0.762503 0.673053 2.35811 -0.229901</i>
                        <i>-0.155348 0.829871 0.535893 -0.912726 0.0869376 -0.399216 -0.377887 -0.551141 0.743939 0.688498 2.36992 -0.222013</i>
                        <i>-0.166926 0.822035 0.544421 -0.902386 0.0951158 -0.4203 -0.397284 -0.561437 0.725916 0.702622 2.3801 -0.214623</i>
                        <i>-0.176943 0.814427 0.55263 -0.892668 0.103687 -0.438625 -0.414529 -0.570928 0.708666 0.715175 2.38765 -0.208244</i>
                        <i>-0.185182 0.807146 0.560556 -0.883782 0.112633 -0.454141 -0.429695 -0.579508 0.692483 0.725917 2.39161 -0.203419</i>
                        <i>-0.184371 0.804273 0.564935 -0.878431 0.122986 -0.461773 -0.440871 -0.581394 0.683823 0.730844 2.39274 -0.198483</i>
                        <i>-0.169246 0.808842 0.563143 -0.878494 0.135208 -0.458221 -0.44677 -0.57227 0.68768 0.727294 2.39263 -0.19165</i>
