<?xml version="1.0" encoding="ISO-8859-1" ?>
<Animl Version="1">
    <ModellingPackage>
        <![CDATA[Maya.2010]]>
</ModellingPackage>
    <SrcFile>
        <![CDATA[anims\turrets\antitank\blue\~src\at_m40recoilless\antitank_m40recoilless_fire_crewman_b.mb]]>
</SrcFile>
    <FramesPerSecond>30</FramesPerSecond>
    <TotalFrames>40</TotalFrames>
    <Skeleton>
        <RefFrame>
            <Name>
                <![CDATA[soldier_ref_frame]]>
</Name>
            <Exclude>0</Exclude>
            <Additive>0</Additive>
            <IKPriority>0</IKPriority>
            <IKRotLimits>-1e+010 -1e+010 -1e+010 1e+010 1e+010 1e+010</IKRotLimits>
            <IKRotLimitOrder>0</IKRotLimitOrder>
            <KeyFrames count="40">
                <i>1 0 0 0 1 0 0 0 1 -1.48 0.87 -1.66</i>
                <i>1 0 0 0 1 0 0 0 1 -1.48 0.87 -1.66</i>
                <i>1 0 0 0 1 0 0 0 1 -1.48 0.87 -1.66</i>
                <i>1 0 0 0 1 0 0 0 1 -1.48 0.87 -1.66</i>
                <i>1 0 0 0 1 0 0 0 1 -1.48 0.87 -1.66</i>
                <i>1 0 0 0 1 0 0 0 1 -1.48 0.87 -1.66</i>
                <i>1 0 0 0 1 0 0 0 1 -1.48 0.87 -1.66</i>
                <i>1 0 0 0 1 0 0 0 1 -1.48 0.87 -1.66</i>
                <i>1 0 0 0 1 0 0 0 1 -1.48 0.87 -1.66</i>
                <i>1 0 0 0 1 0 0 0 1 -1.48 0.87 -1.66</i>
                <i>1 0 0 0 1 0 0 0 1 -1.48 0.87 -1.66</i>
                <i>1 0 0 0 1 0 0 0 1 -1.48 0.87 -1.66</i>
                <i>1 0 0 0 1 0 0 0 1 -1.48 0.87 -1.66</i>
                <i>1 0 0 0 1 0 0 0 1 -1.48 0.87 -1.66</i>
                <i>1 0 0 0 1 0 0 0 1 -1.48 0.87 -1.66</i>
                <i>1 0 0 0 1 0 0 0 1 -1.48 0.87 -1.66</i>
                <i>1 0 0 0 1 0 0 0 1 -1.48 0.87 -1.66</i>
                <i>1 0 0 0 1 0 0 0 1 -1.48 0.87 -1.66</i>
                <i>1 0 0 0 1 0 0 0 1 -1.48 0.87 -1.66</i>
                <i>1 0 0 0 1 0 0 0 1 -1.48 0.87 -1.66</i>
                <i>1 0 0 0 1 0 0 0 1 -1.48 0.87 -1.66</i>
                <i>1 0 0 0 1 0 0 0 1 -1.48 0.87 -1.66</i>
                <i>1 0 0 0 1 0 0 0 1 -1.48 0.87 -1.66</i>
                <i>1 0 0 0 1 0 0 0 1 -1.48 0.87 -1.66</i>
                <i>1 0 0 0 1 0 0 0 1 -1.48 0.87 -1.66</i>
                <i>1 0 0 0 1 0 0 0 1 -1.48 0.87 -1.66</i>
                <i>1 0 0 0 1 0 0 0 1 -1.48 0.87 -1.66</i>
                <i>1 0 0 0 1 0 0 0 1 -1.48 0.87 -1.66</i>
                <i>1 0 0 0 1 0 0 0 1 -1.48 0.87 -1.66</i>
                <i>1 0 0 0 1 0 0 0 1 -1.48 0.87 -1.66</i>
                <i>1 0 0 0 1 0 0 0 1 -1.48 0.87 -1.66</i>
                <i>1 0 0 0 1 0 0 0 1 -1.48 0.87 -1.66</i>
                <i>1 0 0 0 1 0 0 0 1 -1.48 0.87 -1.66</i>
                <i>1 0 0 0 1 0 0 0 1 -1.48 0.87 -1.66</i>
                <i>1 0 0 0 1 0 0 0 1 -1.48 0.87 -1.66</i>
                <i>1 0 0 0 1 0 0 0 1 -1.48 0.87 -1.66</i>
                <i>1 0 0 0 1 0 0 0 1 -1.48 0.87 -1.66</i>
                <i>1 0 0 0 1 0 0 0 1 -1.48 0.87 -1.66</i>
                <i>1 0 0 0 1 0 0 0 1 -1.48 0.87 -1.66</i>
                <i>1 0 0 0 1 0 0 0 1 -1.48 0.87 -1.66</i>
            </KeyFrames>
        </RefFrame>
        <Bones count="23">
            <i>
                <p>
                    <Name>
                        <![CDATA[pelvis]]>
</Name>
                    <Exclude>0</Exclude>
                    <Additive>0</Additive>
                    <IKPriority>0</IKPriority>
                    <IKRotLimits>-1e+010 -1e+010 -1e+010 1e+010 1e+010 1e+010</IKRotLimits>
                    <IKRotLimitOrder>2</IKRotLimitOrder>
                    <KeyFrames count="40">
                        <i>1 0 0 0 1 0 0 0 1 -1.46071 1.46685 -1.66659</i>
                        <i>1 0 0 0 1 0 0 0 1 -1.46071 1.45258 -1.66659</i>
                        <i>1 0 0 0 1 0 0 0 1 -1.46071 1.44669 -1.66659</i>
                        <i>1 0 0 0 1 0 0 0 1 -1.46071 1.45753 -1.66659</i>
                        <i>1 0 0 0 1 0 0 0 1 -1.46071 1.47389 -1.66659</i>
                        <i>1 0 0 0 1 0 0 0 1 -1.46071 1.49151 -1.66659</i>
                        <i>1 0 0 0 1 0 0 0 1 -1.46071 1.50612 -1.66659</i>
                        <i>1 0 0 0 1 0 0 0 1 -1.46071 1.51343 -1.66659</i>
                        <i>1 0 0 0 1 0 0 0 1 -1.46071 1.50743 -1.66659</i>
                        <i>1 0 0 0 1 0 0 0 1 -1.46071 1.49129 -1.66659</i>
                        <i>1 0 0 0 1 0 0 0 1 -1.46071 1.4746 -1.66659</i>
                        <i>1 0 0 0 1 0 0 0 1 -1.46071 1.46691 -1.66659</i>
                        <i>1 0 0 0 1 0 0 0 1 -1.46071 1.46691 -1.66659</i>
                        <i>1 0 0 0 1 0 0 0 1 -1.46071 1.46691 -1.66659</i>
                        <i>1 0 0 0 1 0 0 0 1 -1.46071 1.46691 -1.66659</i>
                        <i>1 0 0 0 1 0 0 0 1 -1.46071 1.46691 -1.66659</i>
                        <i>1 0 0 0 1 0 0 0 1 -1.46071 1.46691 -1.66659</i>
                        <i>1 0 0 0 1 0 0 0 1 -1.46071 1.46691 -1.66659</i>
                        <i>1 0 0 0 1 0 0 0 1 -1.46071 1.46691 -1.66659</i>
                        <i>1 0 0 0 1 0 0 0 1 -1.46071 1.46691 -1.66659</i>
                        <i>1 0 0 0 1 0 0 0 1 -1.46071 1.46691 -1.66659</i>
                        <i>1 0 0 0 1 0 0 0 1 -1.46071 1.46691 -1.66659</i>
                        <i>1 0 0 0 1 0 0 0 1 -1.46071 1.46691 -1.66659</i>
                        <i>1 0 0 0 1 0 0 0 1 -1.46071 1.4669 -1.66659</i>
                        <i>1 0 0 0 1 0 0 0 1 -1.46071 1.46689 -1.66659</i>
                        <i>1 0 0 0 1 0 0 0 1 -1.46071 1.46688 -1.66659</i>
                        <i>1 0 0 0 1 0 0 0 1 -1.46071 1.46687 -1.66659</i>
                        <i>1 0 0 0 1 0 0 0 1 -1.46071 1.46686 -1.66659</i>
                        <i>1 0 0 0 1 0 0 0 1 -1.46071 1.46685 -1.66659</i>
                        <i>1 0 0 0 1 0 0 0 1 -1.46071 1.46685 -1.66659</i>
                        <i>1 0 0 0 1 0 0 0 1 -1.46071 1.46685 -1.66659</i>
                        <i>1 0 0 0 1 0 0 0 1 -1.46071 1.46685 -1.66659</i>
                        <i>1 0 0 0 1 0 0 0 1 -1.46071 1.46685 -1.66659</i>
                        <i>1 0 0 0 1 0 0 0 1 -1.46071 1.46685 -1.66659</i>
                        <i>1 0 0 0 1 0 0 0 1 -1.46071 1.46685 -1.66659</i>
                        <i>1 0 0 0 1 0 0 0 1 -1.46071 1.46685 -1.66659</i>
                        <i>1 0 0 0 1 0 0 0 1 -1.46071 1.46685 -1.66659</i>
                        <i>1 0 0 0 1 0 0 0 1 -1.46071 1.46685 -1.66659</i>
                        <i>1 0 0 0 1 0 0 0 1 -1.46071 1.46685 -1.66659</i>
                        <i>1 0 0 0 1 0 0 0 1 -1.46071 1.46685 -1.66659</i>
                    </KeyFrames>
                </p>
            </i>
            <i>
                <p>
                    <Name>
                        <![CDATA[spine0]]>
</Name>
                    <Exclude>0</Exclude>
                    <Additive>0</Additive>
                    <IKPriority>0</IKPriority>
                    <IKRotLimits>-1e+010 -1e+010 -1e+010 1e+010 1e+010 1e+010</IKRotLimits>
                    <IKRotLimitOrder>0</IKRotLimitOrder>
                    <KeyFrames count="40">
                        <i>0.239358 0.914137 0.327202 -0.765915 -0.0293447 0.642272 0.596726 -0.404342 0.693127 -1.47055 1.60915 -1.68529</i>
                        <i>0.258946 0.87928 0.399768 -0.791843 -0.043759 0.609155 0.553111 -0.474291 0.68492 -1.46697 1.59564 -1.68041</i>
                        <i>0.272387 0.834365 0.479208 -0.818959 -0.0603981 0.570665 0.505086 -0.547893 0.666859 -1.46371 1.5903 -1.6745</i>
                        <i>0.274844 0.795743 0.539679 -0.839731 -0.0747266 0.537836 0.468307 -0.601007 0.647672 -1.46152 1.60136 -1.66943</i>
                        <i>0.271515 0.783781 0.558541 -0.84784 -0.0798544 0.524204 0.455463 -0.615883 0.642839 -1.46074 1.61775 -1.66728</i>
                        <i>0.268457 0.788988 0.552656 -0.847735 -0.0789533 0.524511 0.457467 -0.609315 0.647657 -1.46074 1.63537 -1.66728</i>
                        <i>0.266362 0.792032 0.549305 -0.847709 -0.0787336 0.524585 0.458737 -0.605381 0.650442 -1.46074 1.64998 -1.66728</i>
                        <i>0.265614 0.792952 0.54834 -0.847716 -0.0787887 0.524567 0.459159 -0.604168 0.651271 -1.46074 1.65729 -1.66728</i>
                        <i>0.263618 0.796473 0.544185 -0.847627 -0.0780328 0.524823 0.460472 -0.599618 0.654541 -1.46074 1.65129 -1.66728</i>
                        <i>0.259351 0.80414 0.534879 -0.847409 -0.0761975 0.525445 0.463288 -0.589536 0.661674 -1.46074 1.63515 -1.66728</i>
                        <i>0.255263 0.811642 0.525431 -0.847163 -0.0741657 0.526131 0.465999 -0.579428 0.668661 -1.46074 1.61846 -1.66728</i>
                        <i>0.253465 0.814995 0.521093 -0.847043 -0.0731796 0.526463 0.467198 -0.574828 0.671787 -1.46074 1.61077 -1.66728</i>
                        <i>0.254612 0.812918 0.523772 -0.847113 -0.0737586 0.526268 0.466446 -0.577688 0.669854 -1.46074 1.61077 -1.66728</i>
                        <i>0.256742 0.809025 0.528736 -0.847244 -0.0748332 0.525906 0.465038 -0.582991 0.666229 -1.46074 1.61077 -1.66728</i>
                        <i>0.25789 0.80691 0.531403 -0.847314 -0.0754116 0.525711 0.464275 -0.585841 0.664258 -1.46074 1.61077 -1.66728</i>
                        <i>0.257693 0.807231 0.531011 -0.847307 -0.0753492 0.525732 0.464398 -0.585406 0.664555 -1.46074 1.61077 -1.66728</i>
                        <i>0.257174 0.808074 0.529979 -0.847287 -0.0751858 0.525787 0.464722 -0.584263 0.665335 -1.46074 1.61077 -1.66728</i>
                        <i>0.256442 0.809257 0.528527 -0.847259 -0.074958 0.525864 0.465176 -0.582653 0.666428 -1.46074 1.61077 -1.66728</i>
                        <i>0.255606 0.810598 0.526874 -0.847228 -0.0747015 0.525951 0.465693 -0.580819 0.667667 -1.46074 1.61077 -1.66728</i>
                        <i>0.254774 0.811923 0.525234 -0.847198 -0.0744499 0.526035 0.466204 -0.578997 0.668892 -1.46074 1.61077 -1.66728</i>
                        <i>0.254051 0.813067 0.523813 -0.847171 -0.0742344 0.526108 0.466646 -0.577417 0.669948 -1.46074 1.61077 -1.66728</i>
                        <i>0.253541 0.813869 0.522814 -0.847153 -0.0740843 0.526159 0.466957 -0.576306 0.670689 -1.46074 1.61077 -1.66728</i>
                        <i>0.253348 0.814172 0.522436 -0.847146 -0.0740278 0.526178 0.467074 -0.575886 0.670968 -1.46074 1.61077 -1.66728</i>
                        <i>0.254272 0.82069 0.511678 -0.842986 -0.0712528 0.533195 0.474046 -0.566913 0.673713 -1.46117 1.61075 -1.66835</i>
                        <i>0.255726 0.836982 0.483804 -0.832059 -0.0642484 0.550954 0.492222 -0.543446 0.679988 -1.46233 1.61068 -1.67108</i>
                        <i>0.255554 0.858032 0.445504 -0.816672 -0.0550392 0.574471 0.517435 -0.510639 0.686665 -1.46407 1.61047 -1.67472</i>
                        <i>0.252545 0.879328 0.403736 -0.799355 -0.0455108 0.599133 0.545209 -0.474036 0.691402 -1.46616 1.61013 -1.67856</i>
                        <i>0.247223 0.897351 0.365572 -0.782981 -0.0372471 0.620929 0.570808 -0.439744 0.6934 -1.46826 1.6097 -1.68197</i>
                        <i>0.241802 0.9096 0.337875 -0.770728 -0.0315029 0.636385 0.5895 -0.414289 0.693436 -1.46989 1.60931 -1.68438</i>
                        <i>0.239358 0.914137 0.327202 -0.765915 -0.0293447 0.642272 0.596726 -0.404342 0.693127 -1.47055 1.60915 -1.68529</i>
                        <i>0.239358 0.914137 0.327202 -0.765915 -0.0293447 0.642272 0.596726 -0.404342 0.693127 -1.47055 1.60915 -1.68529</i>
                        <i>0.239358 0.914137 0.327202 -0.765915 -0.0293447 0.642272 0.596726 -0.404342 0.693127 -1.47055 1.60915 -1.68529</i>
                        <i>0.239358 0.914137 0.327202 -0.765915 -0.0293447 0.642272 0.596726 -0.404342 0.693127 -1.47055 1.60915 -1.68529</i>
                        <i>0.239358 0.914137 0.327202 -0.765915 -0.0293447 0.642272 0.596726 -0.404342 0.693127 -1.47055 1.60915 -1.68529</i>
                        <i>0.239358 0.914137 0.327202 -0.765915 -0.0293447 0.642272 0.596726 -0.404342 0.693127 -1.47055 1.60915 -1.68529</i>
                        <i>0.239358 0.914137 0.327202 -0.765915 -0.0293447 0.642272 0.596726 -0.404342 0.693127 -1.47055 1.60915 -1.68529</i>
                        <i>0.239358 0.914137 0.327202 -0.765915 -0.0293447 0.642272 0.596726 -0.404342 0.693127 -1.47055 1.60915 -1.68529</i>
                        <i>0.239358 0.914137 0.327202 -0.765915 -0.0293447 0.642272 0.596726 -0.404342 0.693127 -1.47055 1.60915 -1.68529</i>
                        <i>0.239358 0.914137 0.327202 -0.765915 -0.0293447 0.642272 0.596726 -0.404342 0.693127 -1.47055 1.60915 -1.68529</i>
                        <i>0.239358 0.914137 0.327202 -0.765915 -0.0293447 0.642272 0.596726 -0.404342 0.693127 -1.47055 1.60915 -1.68529</i>
                    </KeyFrames>
                </p>
            </i>
            <i>
                <p>
                    <Name>
                        <![CDATA[spine1]]>
</Name>
                    <Exclude>0</Exclude>
                    <Additive>0</Additive>
                    <IKPriority>0</IKPriority>
                    <IKRotLimits>-1e+010 -1e+010 -1e+010 1e+010 1e+010 1e+010</IKRotLimits>
                    <IKRotLimitOrder>0</IKRotLimitOrder>
                    <KeyFrames count="40">
                        <i>0.382289 0.625393 0.680249 -0.799713 -0.144894 0.582636 0.46294 -0.76674 0.444744 -1.42645 1.77778 -1.625</i>
                        <i>0.373759 0.542967 0.751992 -0.836567 -0.152804 0.526125 0.400576 -0.825735 0.397116 -1.41924 1.7579 -1.60671</i>
                        <i>0.356687 0.447295 0.820184 -0.872529 -0.15425 0.463573 0.333867 -0.880985 0.335259 -1.41346 1.74437 -1.58609</i>
                        <i>0.335486 0.368381 0.867032 -0.897989 -0.153113 0.412518 0.284718 -0.91698 0.279435 -1.41074 1.74855 -1.56969</i>
                        <i>0.325202 0.337774 0.883262 -0.906881 -0.153286 0.392518 0.267975 -0.928661 0.256472 -1.41043 1.76315 -1.56376</i>
                        <i>0.326799 0.332977 0.884493 -0.905947 -0.156194 0.393527 0.269188 -0.929908 0.250616 -1.41082 1.78227 -1.56448</i>
                        <i>0.329359 0.320882 0.888008 -0.90542 -0.15945 0.393435 0.267839 -0.933601 0.238016 -1.41101 1.79804 -1.56469</i>
                        <i>0.330688 0.314067 0.889948 -0.905249 -0.161008 0.393193 0.266777 -0.935649 0.231065 -1.41106 1.80582 -1.56467</i>
                        <i>0.327969 0.327655 0.886047 -0.90551 -0.158275 0.393702 0.269238 -0.931446 0.244785 -1.41143 1.80046 -1.56546</i>
                        <i>0.322066 0.357241 0.876728 -0.906071 -0.152126 0.394833 0.274423 -0.92154 0.274691 -1.41226 1.78567 -1.56726</i>
                        <i>0.316272 0.386394 0.866413 -0.906617 -0.145794 0.395968 0.279318 -0.910738 0.304201 -1.41307 1.77025 -1.56911</i>
                        <i>0.313677 0.399496 0.8614 -0.906859 -0.142857 0.396484 0.281451 -0.905536 0.317476 -1.41342 1.76312 -1.56996</i>
                        <i>0.314862 0.39233 0.864256 -0.907095 -0.143621 0.395666 0.279357 -0.908543 0.31066 -1.4132 1.76275 -1.56945</i>
                        <i>0.317012 0.378945 0.869428 -0.90754 -0.145042 0.394125 0.275455 -0.913982 0.297928 -1.4128 1.76204 -1.56851</i>
                        <i>0.318141 0.371697 0.87214 -0.907781 -0.145808 0.393285 0.273348 -0.916832 0.291032 -1.41258 1.76166 -1.568</i>
                        <i>0.318114 0.371905 0.872061 -0.90776 -0.145827 0.393327 0.27345 -0.916745 0.291211 -1.41261 1.76175 -1.56806</i>
                        <i>0.318043 0.372455 0.871852 -0.907703 -0.145878 0.39344 0.273722 -0.916513 0.291683 -1.41268 1.76197 -1.5682</i>
                        <i>0.31794 0.37324 0.871554 -0.907621 -0.145951 0.393601 0.274112 -0.916182 0.292357 -1.41279 1.76229 -1.56841</i>
                        <i>0.317821 0.374148 0.871208 -0.907526 -0.14604 0.393788 0.274566 -0.915798 0.293135 -1.41291 1.76266 -1.56865</i>
                        <i>0.3177 0.375067 0.870857 -0.907428 -0.146131 0.393979 0.275028 -0.915407 0.29392 -1.41303 1.76302 -1.56888</i>
                        <i>0.317593 0.375876 0.870547 -0.907342 -0.146214 0.394148 0.275437 -0.915062 0.294611 -1.41314 1.76333 -1.56909</i>
                        <i>0.317517 0.376452 0.870326 -0.90728 -0.146275 0.394268 0.27573 -0.914815 0.295103 -1.41321 1.76356 -1.56923</i>
                        <i>0.317487 0.376672 0.870241 -0.907256 -0.146298 0.394314 0.275842 -0.914721 0.29529 -1.41324 1.76364 -1.56928</i>
                        <i>0.323726 0.391292 0.861448 -0.902271 -0.146387 0.40556 0.284797 -0.908549 0.305662 -1.41354 1.7647 -1.57247</i>
                        <i>0.338474 0.428651 0.837672 -0.888859 -0.146504 0.434126 0.308811 -0.891513 0.331423 -1.41455 1.76727 -1.58065</i>
                        <i>0.355395 0.478799 0.802774 -0.869263 -0.14643 0.472166 0.343623 -0.865627 0.364162 -1.41648 1.77045 -1.59174</i>
                        <i>0.369365 0.531977 0.761952 -0.846316 -0.146088 0.512257 0.38382 -0.834062 0.396261 -1.41931 1.77345 -1.60365</i>
                        <i>0.377918 0.579212 0.722282 -0.823848 -0.145574 0.547799 0.422437 -0.802074 0.422167 -1.42255 1.7758 -1.61437</i>
                        <i>0.381511 0.61268 0.692151 -0.806589 -0.145098 0.573028 0.451512 -0.776898 0.438824 -1.4253 1.77727 -1.62206</i>
                        <i>0.382289 0.625393 0.680249 -0.799713 -0.144894 0.582636 0.46294 -0.76674 0.444744 -1.42645 1.77778 -1.625</i>
                        <i>0.382289 0.625393 0.680249 -0.799713 -0.144894 0.582636 0.46294 -0.76674 0.444744 -1.42645 1.77778 -1.625</i>
                        <i>0.382289 0.625393 0.680249 -0.799713 -0.144894 0.582636 0.46294 -0.76674 0.444744 -1.42645 1.77778 -1.625</i>
                        <i>0.382289 0.625393 0.680249 -0.799713 -0.144894 0.582636 0.46294 -0.76674 0.444744 -1.42645 1.77778 -1.625</i>
                        <i>0.382289 0.625393 0.680249 -0.799713 -0.144894 0.582636 0.46294 -0.76674 0.444744 -1.42645 1.77778 -1.625</i>
                        <i>0.382289 0.625393 0.680249 -0.799713 -0.144894 0.582636 0.46294 -0.76674 0.444744 -1.42645 1.77778 -1.625</i>
                        <i>0.382289 0.625393 0.680249 -0.799713 -0.144894 0.582636 0.46294 -0.76674 0.444744 -1.42645 1.77778 -1.625</i>
                        <i>0.382289 0.625393 0.680249 -0.799713 -0.144894 0.582636 0.46294 -0.76674 0.444744 -1.42645 1.77778 -1.625</i>
                        <i>0.382289 0.625393 0.680249 -0.799713 -0.144894 0.582636 0.46294 -0.76674 0.444744 -1.42645 1.77778 -1.625</i>
                        <i>0.382289 0.625393 0.680249 -0.799713 -0.144894 0.582636 0.46294 -0.76674 0.444744 -1.42645 1.77778 -1.625</i>
                        <i>0.382289 0.625393 0.680249 -0.799713 -0.144894 0.582636 0.46294 -0.76674 0.444744 -1.42645 1.77778 -1.625</i>
                    </KeyFrames>
                </p>
            </i>
            <i>
                <p>
                    <Name>
                        <![CDATA[spine2]]>
</Name>
                    <Exclude>0</Exclude>
                    <Additive>0</Additive>
                    <IKPriority>0</IKPriority>
                    <IKRotLimits>-1e+010 -1e+010 -1e+010 1e+010 1e+010 1e+010</IKRotLimits>
                    <IKRotLimitOrder>0</IKRotLimitOrder>
                    <KeyFrames count="40">
                        <i>0.435096 0.423966 0.79432 -0.835064 -0.139879 0.532073 0.336689 -0.894811 0.293178 -1.36153 1.88355 -1.50957</i>
                        <i>0.399582 0.358687 0.84361 -0.875082 -0.124882 0.467586 0.273069 -0.925066 0.26398 -1.35578 1.84969 -1.47909</i>
                        <i>0.358675 0.283905 0.889241 -0.911366 -0.0995398 0.399379 0.201901 -0.953672 0.223039 -1.35291 1.81994 -1.44686</i>
                        <i>0.323812 0.214767 0.921423 -0.93504 -0.0759757 0.346306 0.144381 -0.973706 0.176214 -1.35372 1.81081 -1.42229</i>
                        <i>0.311055 0.172059 0.934687 -0.942822 -0.0680137 0.326282 0.119711 -0.982736 0.141065 -1.35501 1.82035 -1.41319</i>
                        <i>0.316101 0.140332 0.938289 -0.941954 -0.071527 0.328034 0.113147 -0.987517 0.109577 -1.35492 1.83884 -1.41316</i>
                        <i>0.321311 0.0995759 0.941724 -0.941456 -0.0736029 0.329002 0.102074 -0.992304 0.0700969 -1.35444 1.85274 -1.41216</i>
                        <i>0.323586 0.0794007 0.942861 -0.941298 -0.0742794 0.329304 0.0961822 -0.994071 0.0507039 -1.35414 1.85945 -1.41151</i>
                        <i>0.321125 0.0945587 0.942304 -0.941853 -0.0720755 0.328204 0.0989516 -0.992907 0.0659152 -1.355 1.85642 -1.41298</i>
                        <i>0.315718 0.127897 0.940194 -0.943047 -0.0671496 0.325811 0.104804 -0.989512 0.099413 -1.35687 1.84671 -1.41644</i>
                        <i>0.310332 0.161219 0.936858 -0.944203 -0.0621155 0.323454 0.11034 -0.984962 0.132947 -1.35872 1.83627 -1.42016</i>
                        <i>0.307894 0.17635 0.934934 -0.944716 -0.0597909 0.322393 0.112755 -0.98251 0.148191 -1.35955 1.83136 -1.42194</i>
                        <i>0.308488 0.169193 0.93606 -0.944831 -0.0594366 0.322121 0.110137 -0.983789 0.141524 -1.35912 1.82976 -1.42093</i>
                        <i>0.309539 0.155896 0.93802 -0.945042 -0.058772 0.321623 0.105269 -0.986024 0.129136 -1.35833 1.82677 -1.41908</i>
                        <i>0.310077 0.148732 0.939005 -0.945154 -0.0584106 0.32136 0.102644 -0.987151 0.122463 -1.35792 1.82514 -1.4181</i>
                        <i>0.310189 0.1477 0.939131 -0.945151 -0.0584261 0.321366 0.102335 -0.987305 0.121476 -1.35794 1.82527 -1.41814</i>
                        <i>0.310481 0.144978 0.939459 -0.945143 -0.0584671 0.321382 0.101521 -0.987706 0.118872 -1.35801 1.82562 -1.41826</i>
                        <i>0.310889 0.141131 0.93991 -0.945132 -0.0585251 0.321404 0.100368 -0.988259 0.115193 -1.35809 1.82611 -1.41842</i>
                        <i>0.311351 0.136723 0.940408 -0.945119 -0.0585916 0.32143 0.0990467 -0.988875 0.110977 -1.35819 1.82668 -1.41861</i>
                        <i>0.311808 0.132316 0.940887 -0.945106 -0.0586583 0.321455 0.0977243 -0.98947 0.106762 -1.35829 1.82724 -1.41879</i>
                        <i>0.3122 0.128472 0.941289 -0.945095 -0.0587165 0.321477 0.09657 -0.989973 0.103087 -1.35838 1.82774 -1.41894</i>
                        <i>0.312476 0.125755 0.941565 -0.945088 -0.0587577 0.321492 0.0957533 -0.99032 0.100489 -1.35844 1.82809 -1.41905</i>
                        <i>0.312579 0.124724 0.941668 -0.945085 -0.0587733 0.321498 0.0954434 -0.990449 0.0995032 -1.35846 1.82822 -1.41909</i>
                        <i>0.321951 0.141582 0.93611 -0.940689 -0.0639207 0.333194 0.107011 -0.987861 0.112605 -1.35774 1.83174 -1.42394</i>
                        <i>0.344881 0.185042 0.920226 -0.928449 -0.0768683 0.36342 0.137984 -0.97972 0.145292 -1.35634 1.84059 -1.43658</i>
                        <i>0.37315 0.244277 0.895035 -0.90958 -0.0937786 0.404809 0.182821 -0.96516 0.187196 -1.35556 1.85212 -1.45413</i>
                        <i>0.399556 0.308275 0.86332 -0.886186 -0.111102 0.449811 0.234582 -0.944787 0.228798 -1.35621 1.86393 -1.47351</i>
                        <i>0.419444 0.366222 0.830631 -0.862093 -0.125932 0.490853 0.284364 -0.921967 0.262896 -1.35818 1.87404 -1.49141</i>
                        <i>0.431196 0.407956 0.804762 -0.842877 -0.136097 0.52061 0.321912 -0.902801 0.285173 -1.36046 1.88097 -1.5045</i>
                        <i>0.435096 0.423966 0.79432 -0.835064 -0.139879 0.532073 0.336689 -0.894811 0.293178 -1.36153 1.88355 -1.50957</i>
                        <i>0.435096 0.423966 0.79432 -0.835064 -0.139879 0.532073 0.336689 -0.894811 0.293178 -1.36153 1.88355 -1.50957</i>
                        <i>0.435096 0.423966 0.79432 -0.835064 -0.139879 0.532073 0.336689 -0.894811 0.293178 -1.36153 1.88355 -1.50957</i>
                        <i>0.435096 0.423966 0.79432 -0.835064 -0.139879 0.532073 0.336689 -0.894811 0.293178 -1.36153 1.88355 -1.50957</i>
                        <i>0.435096 0.423966 0.79432 -0.835064 -0.139879 0.532073 0.336689 -0.894811 0.293178 -1.36153 1.88355 -1.50957</i>
                        <i>0.435096 0.423966 0.79432 -0.835064 -0.139879 0.532073 0.336689 -0.894811 0.293178 -1.36153 1.88355 -1.50957</i>
                        <i>0.435096 0.423966 0.79432 -0.835064 -0.139879 0.532073 0.336689 -0.894811 0.293178 -1.36153 1.88355 -1.50957</i>
                        <i>0.435096 0.423966 0.79432 -0.835064 -0.139879 0.532073 0.336689 -0.894811 0.293178 -1.36153 1.88355 -1.50957</i>
                        <i>0.435096 0.423966 0.79432 -0.835064 -0.139879 0.532073 0.336689 -0.894811 0.293178 -1.36153 1.88355 -1.50957</i>
                        <i>0.435096 0.423966 0.79432 -0.835064 -0.139879 0.532073 0.336689 -0.894811 0.293178 -1.36153 1.88355 -1.50957</i>
                        <i>0.435096 0.423966 0.79432 -0.835064 -0.139879 0.532073 0.336689 -0.894811 0.293178 -1.36153 1.88355 -1.50957</i>
                    </KeyFrames>
                </p>
            </i>
            <i>
                <p>
                    <Name>
                        <![CDATA[head]]>
</Name>
                    <Exclude>0</Exclude>
                    <Additive>0</Additive>
                    <IKPriority>0</IKPriority>
                    <IKRotLimits>-1e+010 -1e+010 -1e+010 1e+010 1e+010 1e+010</IKRotLimits>
                    <IKRotLimitOrder>0</IKRotLimitOrder>
                    <KeyFrames count="40">
                        <i>0.0803095 0.94439 0.31887 -0.0303082 0.322069 -0.946231 -0.996309 0.066327 0.0544879 -1.25115 2.00871 -1.30444</i>
                        <i>0.113876 0.937035 0.330148 -0.00722223 0.333081 -0.94287 -0.993469 0.104986 0.0446975 -1.25508 1.96024 -1.26174</i>
                        <i>0.156701 0.923748 0.349478 0.0146423 0.351638 -0.936021 -0.987538 0.151793 0.0415762 -1.26304 1.91349 -1.218</i>
                        <i>0.160408 0.624848 0.764091 0.117147 0.756592 -0.643308 -0.980074 0.192703 0.0481645 -1.27261 1.88767 -1.18462</i>
                        <i>0.0974714 0.16676 0.981168 0.19883 0.962725 -0.183378 -0.975175 0.212959 0.0606812 -1.27667 1.88549 -1.17082</i>
                        <i>0.105035 0.119116 0.987309 0.2103 0.967687 -0.139122 -0.971978 0.222244 0.0765909 -1.27458 1.89389 -1.16824</i>
                        <i>0.112166 0.0620787 0.991749 0.226494 0.970178 -0.0863448 -0.967532 0.23431 0.0947606 -1.27204 1.89514 -1.1648</i>
                        <i>0.115099 0.0344006 0.992758 0.234771 0.970145 -0.0608361 -0.965212 0.240073 0.103587 -1.27083 1.89561 -1.16318</i>
                        <i>0.112275 0.0500031 0.992418 0.231897 0.969837 -0.0751004 -0.966239 0.238571 0.0972928 -1.27238 1.89663 -1.16489</i>
                        <i>0.106059 0.0843069 0.990779 0.225807 0.968326 -0.106568 -0.968381 0.235028 0.0836626 -1.2758 1.8958 -1.16918</i>
                        <i>0.0998535 0.118547 0.987915 0.220035 0.965665 -0.138117 -0.970368 0.231167 0.0703406 -1.27921 1.89421 -1.17411</i>
                        <i>0.0970407 0.134078 0.986208 0.217514 0.964075 -0.152472 -0.971221 0.22931 0.0643905 -1.28075 1.89332 -1.17655</i>
                        <i>0.0974359 0.127681 0.987018 0.219901 0.964463 -0.146471 -0.970644 0.231318 0.0658962 -1.28015 1.8899 -1.17521</i>
                        <i>0.0981309 0.115785 0.988415 0.224339 0.96507 -0.135323 -0.969558 0.235019 0.0687279 -1.27907 1.88352 -1.17279</i>
                        <i>0.098484 0.109373 0.98911 0.226731 0.965334 -0.129319 -0.968965 0.236998 0.0702718 -1.27851 1.88007 -1.17153</i>
                        <i>0.0986592 0.107596 0.989287 0.227272 0.965427 -0.127666 -0.968821 0.237432 0.0707948 -1.27848 1.87984 -1.17147</i>
                        <i>0.0991161 0.102908 0.98974 0.228698 0.965657 -0.123307 -0.968439 0.238573 0.0721773 -1.27839 1.87924 -1.17134</i>
                        <i>0.0997502 0.0962767 0.990344 0.230716 0.965944 -0.117143 -0.967894 0.240174 0.0741404 -1.27828 1.87839 -1.17116</i>
                        <i>0.10046 0.0886685 0.990982 0.233035 0.966218 -0.110076 -0.967266 0.241991 0.0764033 -1.27815 1.87741 -1.17095</i>
                        <i>0.101151 0.0810539 0.991564 0.235357 0.966435 -0.103009 -0.966631 0.243791 0.0786793 -1.27802 1.87643 -1.17075</i>
                        <i>0.101739 0.0744068 0.992025 0.237386 0.966576 -0.0968436 -0.966073 0.245345 0.0806753 -1.2779 1.87558 -1.17059</i>
                        <i>0.102146 0.0697026 0.992324 0.238822 0.966649 -0.0924827 -0.965676 0.246436 0.0820931 -1.27783 1.87497 -1.17047</i>
                        <i>0.102299 0.0679178 0.992432 0.239368 0.966671 -0.0908286 -0.965525 0.246848 0.0826322 -1.2778 1.87474 -1.17043</i>
                        <i>0.113875 0.133114 0.984537 0.225247 0.961718 -0.156082 -0.967624 0.239538 0.0795325 -1.27469 1.88277 -1.17701</i>
                        <i>0.137179 0.297719 0.944746 0.185476 0.929173 -0.319743 -0.973026 0.21909 0.0722437 -1.26752 1.90319 -1.19454</i>
                        <i>0.152564 0.507471 0.848055 0.126526 0.84101 -0.526017 -0.980161 0.187552 0.0640993 -1.25972 1.93042 -1.21968</i>
                        <i>0.146862 0.704134 0.694714 0.0625918 0.694306 -0.716953 -0.987175 0.148777 0.0578943 -1.25397 1.95905 -1.24844</i>
                        <i>0.121999 0.845689 0.519544 0.010489 0.522327 -0.852681 -0.992475 0.109476 0.0548529 -1.25129 1.98426 -1.27585</i>
                        <i>0.0934081 0.921646 0.376622 -0.0204175 0.379969 -0.924774 -0.995418 0.0786917 0.0543099 -1.25093 2.002 -1.29638</i>
                        <i>0.0803095 0.94439 0.31887 -0.0303082 0.322069 -0.946231 -0.996309 0.066327 0.0544879 -1.25115 2.00871 -1.30444</i>
                        <i>0.0803095 0.94439 0.31887 -0.0303082 0.322069 -0.946231 -0.996309 0.066327 0.0544879 -1.25115 2.00871 -1.30444</i>
                        <i>0.0803095 0.94439 0.31887 -0.0303082 0.322069 -0.946231 -0.996309 0.066327 0.0544879 -1.25115 2.00871 -1.30444</i>
                        <i>0.0803095 0.94439 0.31887 -0.0303082 0.322069 -0.946231 -0.996309 0.066327 0.0544879 -1.25115 2.00871 -1.30444</i>
                        <i>0.0803095 0.94439 0.31887 -0.0303082 0.322069 -0.946231 -0.996309 0.066327 0.0544879 -1.25115 2.00871 -1.30444</i>
                        <i>0.0803095 0.94439 0.31887 -0.0303082 0.322069 -0.946231 -0.996309 0.066327 0.0544879 -1.25115 2.00871 -1.30444</i>
                        <i>0.0803095 0.94439 0.31887 -0.0303082 0.322069 -0.946231 -0.996309 0.066327 0.0544879 -1.25115 2.00871 -1.30444</i>
                        <i>0.0803095 0.94439 0.31887 -0.0303082 0.322069 -0.946231 -0.996309 0.066327 0.0544879 -1.25115 2.00871 -1.30444</i>
                        <i>0.0803095 0.94439 0.31887 -0.0303082 0.322069 -0.946231 -0.996309 0.066327 0.0544879 -1.25115 2.00871 -1.30444</i>
                        <i>0.0803095 0.94439 0.31887 -0.0303082 0.322069 -0.946231 -0.996309 0.066327 0.0544879 -1.25115 2.00871 -1.30444</i>
                        <i>0.0803095 0.94439 0.31887 -0.0303082 0.322069 -0.946231 -0.996309 0.066327 0.0544879 -1.25115 2.00871 -1.30444</i>
                    </KeyFrames>
                </p>
            </i>
            <i>
                <p>
                    <Name>
                        <![CDATA[head_prop]]>
</Name>
                    <Exclude>0</Exclude>
                    <Additive>0</Additive>
                    <IKPriority>0</IKPriority>
                    <IKRotLimits>-1e+010 -1e+010 -1e+010 1e+010 1e+010 1e+010</IKRotLimits>
                    <IKRotLimitOrder>0</IKRotLimitOrder>
                    <KeyFrames count="40">
                        <i>0.996309 -0.066327 -0.0544879 0.0803095 0.94439 0.31887 0.0303082 -0.322069 0.946231 -1.22498 2.31649 -1.20052</i>
                        <i>0.993469 -0.104986 -0.0446975 0.113876 0.937035 0.330148 0.00722223 -0.333081 0.94287 -1.21797 2.26563 -1.15414</i>
                        <i>0.987538 -0.151793 -0.0415762 0.156701 0.923748 0.349478 -0.0146423 -0.351638 0.936021 -1.21197 2.21454 -1.1041</i>
                        <i>0.980074 -0.192703 -0.0481645 0.160408 0.624848 0.764091 -0.117147 -0.756592 0.643308 -1.22034 2.09132 -0.935597</i>
                        <i>0.975175 -0.212959 -0.0606812 0.0974714 0.16676 0.981168 -0.19883 -0.962725 0.183378 -1.2449 1.93984 -0.851052</i>
                        <i>0.971978 -0.222244 -0.0765909 0.105035 0.119116 0.987309 -0.2103 -0.967687 0.139122 -1.24035 1.93271 -0.84647</i>
                        <i>0.967532 -0.23431 -0.0947606 0.112166 0.0620787 0.991749 -0.226494 -0.970178 0.0863448 -1.23548 1.91537 -0.841578</i>
                        <i>0.965212 -0.240073 -0.103587 0.115099 0.0344006 0.992758 -0.234771 -0.970145 0.0608361 -1.23332 1.90682 -0.839636</i>
                        <i>0.966239 -0.238571 -0.0972928 0.112275 0.0500031 0.992418 -0.231897 -0.969837 0.0751004 -1.23579 1.91293 -0.841457</i>
                        <i>0.968381 -0.235028 -0.0836626 0.106059 0.0843069 0.990779 -0.225807 -0.968326 0.106568 -1.24124 1.92328 -0.846277</i>
                        <i>0.970368 -0.231167 -0.0703406 0.0998535 0.118547 0.987915 -0.220035 -0.965665 0.138117 -1.24666 1.93285 -0.852136</i>
                        <i>0.971221 -0.22931 -0.0643905 0.0970407 0.134078 0.986208 -0.217514 -0.964075 0.152472 -1.24912 1.93702 -0.855139</i>
                        <i>0.970644 -0.231318 -0.0658962 0.0974359 0.127681 0.987018 -0.219901 -0.964463 0.146471 -1.2484 1.93151 -0.853532</i>
                        <i>0.969558 -0.235019 -0.0687279 0.0981309 0.115785 0.988415 -0.224339 -0.96507 0.135323 -1.24709 1.92126 -0.850655</i>
                        <i>0.968965 -0.236998 -0.0702718 0.098484 0.109373 0.98911 -0.226731 -0.965334 0.129319 -1.24641 1.91571 -0.849166</i>
                        <i>0.968821 -0.237432 -0.0707948 0.0986592 0.107596 0.989287 -0.227272 -0.965427 0.127666 -1.24632 1.91491 -0.849057</i>
                        <i>0.968439 -0.238573 -0.0721773 0.0991161 0.102908 0.98974 -0.228698 -0.965657 0.123307 -1.24609 1.91278 -0.848775</i>
                        <i>0.967894 -0.240174 -0.0741404 0.0997502 0.0962767 0.990344 -0.230716 -0.965944 0.117143 -1.24577 1.90977 -0.848394</i>
                        <i>0.967266 -0.241991 -0.0764033 0.10046 0.0886685 0.990982 -0.233035 -0.966218 0.110076 -1.2454 1.90631 -0.847982</i>
                        <i>0.966631 -0.243791 -0.0786793 0.101151 0.0810539 0.991564 -0.235357 -0.966435 0.103009 -1.24505 1.90285 -0.847595</i>
                        <i>0.966073 -0.245345 -0.0806753 0.101739 0.0744068 0.992025 -0.237386 -0.966576 0.0968436 -1.24475 1.89983 -0.847278</i>
                        <i>0.965676 -0.246436 -0.0820931 0.102146 0.0697026 0.992324 -0.238822 -0.966649 0.0924827 -1.24454 1.89769 -0.847067</i>
                        <i>0.965525 -0.246848 -0.0826322 0.102299 0.0679178 0.992432 -0.239368 -0.966671 0.0908286 -1.24446 1.89688 -0.846989</i>
                        <i>0.967624 -0.239538 -0.0795325 0.113875 0.133114 0.984537 -0.225247 -0.961718 0.156082 -1.23758 1.92615 -0.856142</i>
                        <i>0.973026 -0.21909 -0.0722437 0.137179 0.297719 0.944746 -0.185476 -0.929173 0.319743 -1.22281 2.00022 -0.886634</i>
                        <i>0.980161 -0.187552 -0.0640993 0.152564 0.507471 0.848055 -0.126526 -0.84101 0.526017 -1.21 2.09581 -0.943294</i>
                        <i>0.987175 -0.148777 -0.0578943 0.146862 0.704134 0.694714 -0.0625918 -0.694306 0.716953 -1.20611 2.18853 -1.02202</i>
                        <i>0.992475 -0.109476 -0.0548529 0.121999 0.845689 0.519544 -0.010489 -0.522327 0.852681 -1.21152 2.25988 -1.10652</i>
                        <i>0.995418 -0.0786917 -0.0543099 0.0934081 0.921646 0.376622 0.0204175 -0.379969 0.924774 -1.22048 2.30237 -1.17364</i>
                        <i>0.996309 -0.066327 -0.0544879 0.0803095 0.94439 0.31887 0.0303082 -0.322069 0.946231 -1.22498 2.31649 -1.20052</i>
                        <i>0.996309 -0.066327 -0.0544879 0.0803095 0.94439 0.31887 0.0303082 -0.322069 0.946231 -1.22498 2.31649 -1.20052</i>
                        <i>0.996309 -0.066327 -0.0544879 0.0803095 0.94439 0.31887 0.0303082 -0.322069 0.946231 -1.22498 2.31649 -1.20052</i>
                        <i>0.996309 -0.066327 -0.0544879 0.0803095 0.94439 0.31887 0.0303082 -0.322069 0.946231 -1.22498 2.31649 -1.20052</i>
                        <i>0.996309 -0.066327 -0.0544879 0.0803095 0.94439 0.31887 0.0303082 -0.322069 0.946231 -1.22498 2.31649 -1.20052</i>
                        <i>0.996309 -0.066327 -0.0544879 0.0803095 0.94439 0.31887 0.0303082 -0.322069 0.946231 -1.22498 2.31649 -1.20052</i>
                        <i>0.996309 -0.066327 -0.0544879 0.0803095 0.94439 0.31887 0.0303082 -0.322069 0.946231 -1.22498 2.31649 -1.20052</i>
                        <i>0.996309 -0.066327 -0.0544879 0.0803095 0.94439 0.31887 0.0303082 -0.322069 0.946231 -1.22498 2.31649 -1.20052</i>
                        <i>0.996309 -0.066327 -0.0544879 0.0803095 0.94439 0.31887 0.0303082 -0.322069 0.946231 -1.22498 2.31649 -1.20052</i>
                        <i>0.996309 -0.066327 -0.0544879 0.0803095 0.94439 0.31887 0.0303082 -0.322069 0.946231 -1.22498 2.31649 -1.20052</i>
                        <i>0.996309 -0.066327 -0.0544879 0.0803095 0.94439 0.31887 0.0303082 -0.322069 0.946231 -1.22498 2.31649 -1.20052</i>
                    </KeyFrames>
                </p>
            </i>
            <i>
                <p>
                    <Name>
                        <![CDATA[l_clav]]>
</Name>
                    <Exclude>0</Exclude>
                    <Additive>0</Additive>
                    <IKPriority>0</IKPriority>
                    <IKRotLimits>-1e+010 -1e+010 -1e+010 1e+010 1e+010 1e+010</IKRotLimits>
                    <IKRotLimitOrder>0</IKRotLimitOrder>
                    <KeyFrames count="40">
                        <i>0.776486 0.22621 -0.588131 0.353839 0.615775 0.704002 0.521409 -0.754752 0.398099 -1.24782 1.89287 -1.48987</i>
                        <i>0.861845 0.297694 -0.41061 0.195378 0.552245 0.810465 0.468028 -0.77872 0.417787 -1.24256 1.85096 -1.45072</i>
                        <i>0.915906 0.349441 -0.197502 0.00895962 0.474122 0.880414 0.401293 -0.808146 0.43112 -1.24122 1.81159 -1.41024</i>
                        <i>0.928347 0.371566 -0.0105538 -0.148888 0.397708 0.905351 0.340595 -0.838908 0.424533 -1.24413 1.79426 -1.38027</i>
                        <i>0.924027 0.37272 0.0851709 -0.222358 0.342683 0.912757 0.311016 -0.86235 0.399526 -1.24655 1.80023 -1.36992</i>
                        <i>0.926226 0.360649 0.109717 -0.226086 0.298555 0.927227 0.301647 -0.883627 0.358067 -1.24666 1.81772 -1.3713</i>
                        <i>0.933483 0.33737 0.121617 -0.213664 0.25084 0.944154 0.288023 -0.907337 0.306239 -1.24651 1.82995 -1.37195</i>
                        <i>0.939768 0.322367 0.113649 -0.194392 0.230561 0.953443 0.281156 -0.918107 0.279339 -1.24637 1.83579 -1.37208</i>
                        <i>0.942994 0.320995 0.0878897 -0.173868 0.249974 0.952514 0.283782 -0.913496 0.291534 -1.24716 1.83369 -1.37278</i>
                        <i>0.945318 0.321695 0.0537177 -0.151618 0.287627 0.945665 0.288765 -0.902099 0.320674 -1.24893 1.82604 -1.37467</i>
                        <i>0.94752 0.31922 0.0174265 -0.126988 0.325784 0.936877 0.293393 -0.889923 0.349224 -1.25071 1.81772 -1.37696</i>
                        <i>0.950132 0.31151 -0.0144891 -0.0994284 0.346648 0.932711 0.295571 -0.884758 0.360335 -1.25151 1.81379 -1.37813</i>
                        <i>0.953186 0.300032 -0.0376511 -0.0721371 0.346541 0.935257 0.293655 -0.888757 0.351962 -1.25113 1.81156 -1.37728</i>
                        <i>0.955697 0.289757 -0.0518108 -0.052046 0.339586 0.939134 0.289715 -0.894831 0.339622 -1.25044 1.80739 -1.37576</i>
                        <i>0.956744 0.285362 -0.0566498 -0.0442358 0.335143 0.941128 0.287548 -0.897913 0.333269 -1.25007 1.80513 -1.37497</i>
