<?xml version="1.0" encoding="ISO-8859-1" ?>
<Animl Version="1">
    <ModellingPackage><![CDATA[Maya.2010]]></ModellingPackage>
    <SrcFile><![CDATA[anims\turrets\antitank\blue\~src\at_m40recoilless\antitank_m40recoilless_idle_crewman_c.mb]]></SrcFile>
    <FramesPerSecond>30</FramesPerSecond>
    <TotalFrames>120</TotalFrames>
    <Skeleton>
        <RefFrame>
            <Name><![CDATA[soldier_ref_frame]]></Name>
            <Exclude>0</Exclude>
            <Additive>0</Additive>
            <IKPriority>0</IKPriority>
            <IKRotLimits>-1e+010 -1e+010 -1e+010 1e+010 1e+010 1e+010</IKRotLimits>
            <IKRotLimitOrder>0</IKRotLimitOrder>
            <KeyFrames count="120">
                <i>1 0 0 0 1 0 0 0 1 -1.54 0.92 1.23</i>
                <i>1 0 0 0 1 0 0 0 1 -1.54 0.92 1.23</i>
                <i>1 0 0 0 1 0 0 0 1 -1.54 0.92 1.23</i>
                <i>1 0 0 0 1 0 0 0 1 -1.54 0.92 1.23</i>
                <i>1 0 0 0 1 0 0 0 1 -1.54 0.92 1.23</i>
                <i>1 0 0 0 1 0 0 0 1 -1.54 0.92 1.23</i>
                <i>1 0 0 0 1 0 0 0 1 -1.54 0.92 1.23</i>
                <i>1 0 0 0 1 0 0 0 1 -1.54 0.92 1.23</i>
                <i>1 0 0 0 1 0 0 0 1 -1.54 0.92 1.23</i>
                <i>1 0 0 0 1 0 0 0 1 -1.54 0.92 1.23</i>
                <i>1 0 0 0 1 0 0 0 1 -1.54 0.92 1.23</i>
                <i>1 0 0 0 1 0 0 0 1 -1.54 0.92 1.23</i>
                <i>1 0 0 0 1 0 0 0 1 -1.54 0.92 1.23</i>
                <i>1 0 0 0 1 0 0 0 1 -1.54 0.92 1.23</i>
                <i>1 0 0 0 1 0 0 0 1 -1.54 0.92 1.23</i>
                <i>1 0 0 0 1 0 0 0 1 -1.54 0.92 1.23</i>
                <i>1 0 0 0 1 0 0 0 1 -1.54 0.92 1.23</i>
                <i>1 0 0 0 1 0 0 0 1 -1.54 0.92 1.23</i>
                <i>1 0 0 0 1 0 0 0 1 -1.54 0.92 1.23</i>
                <i>1 0 0 0 1 0 0 0 1 -1.54 0.92 1.23</i>
                <i>1 0 0 0 1 0 0 0 1 -1.54 0.92 1.23</i>
                <i>1 0 0 0 1 0 0 0 1 -1.54 0.92 1.23</i>
                <i>1 0 0 0 1 0 0 0 1 -1.54 0.92 1.23</i>
                <i>1 0 0 0 1 0 0 0 1 -1.54 0.92 1.23</i>
                <i>1 0 0 0 1 0 0 0 1 -1.54 0.92 1.23</i>
                <i>1 0 0 0 1 0 0 0 1 -1.54 0.92 1.23</i>
                <i>1 0 0 0 1 0 0 0 1 -1.54 0.92 1.23</i>
                <i>1 0 0 0 1 0 0 0 1 -1.54 0.92 1.23</i>
                <i>1 0 0 0 1 0 0 0 1 -1.54 0.92 1.23</i>
                <i>1 0 0 0 1 0 0 0 1 -1.54 0.92 1.23</i>
                <i>1 0 0 0 1 0 0 0 1 -1.54 0.92 1.23</i>
                <i>1 0 0 0 1 0 0 0 1 -1.54 0.92 1.23</i>
                <i>1 0 0 0 1 0 0 0 1 -1.54 0.92 1.23</i>
                <i>1 0 0 0 1 0 0 0 1 -1.54 0.92 1.23</i>
                <i>1 0 0 0 1 0 0 0 1 -1.54 0.92 1.23</i>
                <i>1 0 0 0 1 0 0 0 1 -1.54 0.92 1.23</i>
                <i>1 0 0 0 1 0 0 0 1 -1.54 0.92 1.23</i>
                <i>1 0 0 0 1 0 0 0 1 -1.54 0.92 1.23</i>
                <i>1 0 0 0 1 0 0 0 1 -1.54 0.92 1.23</i>
                <i>1 0 0 0 1 0 0 0 1 -1.54 0.92 1.23</i>
                <i>1 0 0 0 1 0 0 0 1 -1.54 0.92 1.23</i>
                <i>1 0 0 0 1 0 0 0 1 -1.54 0.92 1.23</i>
                <i>1 0 0 0 1 0 0 0 1 -1.54 0.92 1.23</i>
                <i>1 0 0 0 1 0 0 0 1 -1.54 0.92 1.23</i>
                <i>1 0 0 0 1 0 0 0 1 -1.54 0.92 1.23</i>
                <i>1 0 0 0 1 0 0 0 1 -1.54 0.92 1.23</i>
                <i>1 0 0 0 1 0 0 0 1 -1.54 0.92 1.23</i>
                <i>1 0 0 0 1 0 0 0 1 -1.54 0.92 1.23</i>
                <i>1 0 0 0 1 0 0 0 1 -1.54 0.92 1.23</i>
                <i>1 0 0 0 1 0 0 0 1 -1.54 0.92 1.23</i>
                <i>1 0 0 0 1 0 0 0 1 -1.54 0.92 1.23</i>
                <i>1 0 0 0 1 0 0 0 1 -1.54 0.92 1.23</i>
                <i>1 0 0 0 1 0 0 0 1 -1.54 0.92 1.23</i>
                <i>1 0 0 0 1 0 0 0 1 -1.54 0.92 1.23</i>
                <i>1 0 0 0 1 0 0 0 1 -1.54 0.92 1.23</i>
                <i>1 0 0 0 1 0 0 0 1 -1.54 0.92 1.23</i>
                <i>1 0 0 0 1 0 0 0 1 -1.54 0.92 1.23</i>
                <i>1 0 0 0 1 0 0 0 1 -1.54 0.92 1.23</i>
                <i>1 0 0 0 1 0 0 0 1 -1.54 0.92 1.23</i>
                <i>1 0 0 0 1 0 0 0 1 -1.54 0.92 1.23</i>
                <i>1 0 0 0 1 0 0 0 1 -1.54 0.92 1.23</i>
                <i>1 0 0 0 1 0 0 0 1 -1.54 0.92 1.23</i>
                <i>1 0 0 0 1 0 0 0 1 -1.54 0.92 1.23</i>
                <i>1 0 0 0 1 0 0 0 1 -1.54 0.92 1.23</i>
                <i>1 0 0 0 1 0 0 0 1 -1.54 0.92 1.23</i>
                <i>1 0 0 0 1 0 0 0 1 -1.54 0.92 1.23</i>
                <i>1 0 0 0 1 0 0 0 1 -1.54 0.92 1.23</i>
                <i>1 0 0 0 1 0 0 0 1 -1.54 0.92 1.23</i>
                <i>1 0 0 0 1 0 0 0 1 -1.54 0.92 1.23</i>
                <i>1 0 0 0 1 0 0 0 1 -1.54 0.92 1.23</i>
                <i>1 0 0 0 1 0 0 0 1 -1.54 0.92 1.23</i>
                <i>1 0 0 0 1 0 0 0 1 -1.54 0.92 1.23</i>
                <i>1 0 0 0 1 0 0 0 1 -1.54 0.92 1.23</i>
                <i>1 0 0 0 1 0 0 0 1 -1.54 0.92 1.23</i>
                <i>1 0 0 0 1 0 0 0 1 -1.54 0.92 1.23</i>
                <i>1 0 0 0 1 0 0 0 1 -1.54 0.92 1.23</i>
                <i>1 0 0 0 1 0 0 0 1 -1.54 0.92 1.23</i>
                <i>1 0 0 0 1 0 0 0 1 -1.54 0.92 1.23</i>
                <i>1 0 0 0 1 0 0 0 1 -1.54 0.92 1.23</i>
                <i>1 0 0 0 1 0 0 0 1 -1.54 0.92 1.23</i>
                <i>1 0 0 0 1 0 0 0 1 -1.54 0.92 1.23</i>
                <i>1 0 0 0 1 0 0 0 1 -1.54 0.92 1.23</i>
                <i>1 0 0 0 1 0 0 0 1 -1.54 0.92 1.23</i>
                <i>1 0 0 0 1 0 0 0 1 -1.54 0.92 1.23</i>
                <i>1 0 0 0 1 0 0 0 1 -1.54 0.92 1.23</i>
                <i>1 0 0 0 1 0 0 0 1 -1.54 0.92 1.23</i>
                <i>1 0 0 0 1 0 0 0 1 -1.54 0.92 1.23</i>
                <i>1 0 0 0 1 0 0 0 1 -1.54 0.92 1.23</i>
                <i>1 0 0 0 1 0 0 0 1 -1.54 0.92 1.23</i>
                <i>1 0 0 0 1 0 0 0 1 -1.54 0.92 1.23</i>
                <i>1 0 0 0 1 0 0 0 1 -1.54 0.92 1.23</i>
                <i>1 0 0 0 1 0 0 0 1 -1.54 0.92 1.23</i>
                <i>1 0 0 0 1 0 0 0 1 -1.54 0.92 1.23</i>
                <i>1 0 0 0 1 0 0 0 1 -1.54 0.92 1.23</i>
                <i>1 0 0 0 1 0 0 0 1 -1.54 0.92 1.23</i>
                <i>1 0 0 0 1 0 0 0 1 -1.54 0.92 1.23</i>
                <i>1 0 0 0 1 0 0 0 1 -1.54 0.92 1.23</i>
                <i>1 0 0 0 1 0 0 0 1 -1.54 0.92 1.23</i>
                <i>1 0 0 0 1 0 0 0 1 -1.54 0.92 1.23</i>
                <i>1 0 0 0 1 0 0 0 1 -1.54 0.92 1.23</i>
                <i>1 0 0 0 1 0 0 0 1 -1.54 0.92 1.23</i>
                <i>1 0 0 0 1 0 0 0 1 -1.54 0.92 1.23</i>
                <i>1 0 0 0 1 0 0 0 1 -1.54 0.92 1.23</i>
                <i>1 0 0 0 1 0 0 0 1 -1.54 0.92 1.23</i>
                <i>1 0 0 0 1 0 0 0 1 -1.54 0.92 1.23</i>
                <i>1 0 0 0 1 0 0 0 1 -1.54 0.92 1.23</i>
                <i>1 0 0 0 1 0 0 0 1 -1.54 0.92 1.23</i>
                <i>1 0 0 0 1 0 0 0 1 -1.54 0.92 1.23</i>
                <i>1 0 0 0 1 0 0 0 1 -1.54 0.92 1.23</i>
                <i>1 0 0 0 1 0 0 0 1 -1.54 0.92 1.23</i>
                <i>1 0 0 0 1 0 0 0 1 -1.54 0.92 1.23</i>
                <i>1 0 0 0 1 0 0 0 1 -1.54 0.92 1.23</i>
                <i>1 0 0 0 1 0 0 0 1 -1.54 0.92 1.23</i>
                <i>1 0 0 0 1 0 0 0 1 -1.54 0.92 1.23</i>
                <i>1 0 0 0 1 0 0 0 1 -1.54 0.92 1.23</i>
                <i>1 0 0 0 1 0 0 0 1 -1.54 0.92 1.23</i>
                <i>1 0 0 0 1 0 0 0 1 -1.54 0.92 1.23</i>
                <i>1 0 0 0 1 0 0 0 1 -1.54 0.92 1.23</i>
                <i>1 0 0 0 1 0 0 0 1 -1.54 0.92 1.23</i>
                <i>1 0 0 0 1 0 0 0 1 -1.54 0.92 1.23</i>
            </KeyFrames>
        </RefFrame>
        <Bones count="23">
            <i>
                <p>
                    <Name><![CDATA[pelvis]]></Name>
                    <Exclude>0</Exclude>
                    <Additive>0</Additive>
                    <IKPriority>0</IKPriority>
                    <IKRotLimits>-1e+010 -1e+010 -1e+010 1e+010 1e+010 1e+010</IKRotLimits>
                    <IKRotLimitOrder>2</IKRotLimitOrder>
                    <KeyFrames count="120">
                        <i>1 0 0 0 1 0 0 0 1 -1.40573 1.99406 0.983022</i>
                        <i>1 0 0 0 1 0 0 0 1 -1.40573 1.99539 0.983022</i>
                        <i>1 0 0 0 1 0 0 0 1 -1.40571 1.99562 0.983022</i>
                        <i>1 0 0 0 1 0 0 0 1 -1.40569 1.99493 0.983022</i>
                        <i>1 0 0 0 1 0 0 0 1 -1.40567 1.99349 0.983022</i>
                        <i>1 0 0 0 1 0 0 0 1 -1.40564 1.99147 0.983021</i>
                        <i>1 0 0 0 1 0 0 0 1 -1.4056 1.98903 0.983021</i>
                        <i>1 0 0 0 1 0 0 0 1 -1.40556 1.98637 0.983021</i>
                        <i>1 0 0 0 1 0 0 0 1 -1.40551 1.98364 0.98302</i>
                        <i>1 0 0 0 1 0 0 0 1 -1.40546 1.98102 0.98302</i>
                        <i>1 0 0 0 1 0 0 0 1 -1.40541 1.97868 0.983019</i>
                        <i>1 0 0 0 1 0 0 0 1 -1.40536 1.9768 0.983018</i>
                        <i>1 0 0 0 1 0 0 0 1 -1.4053 1.97555 0.983018</i>
                        <i>1 0 0 0 1 0 0 0 1 -1.40524 1.9751 0.983017</i>
                        <i>1 0 0 0 1 0 0 0 1 -1.40518 1.97562 0.983017</i>
                        <i>1 0 0 0 1 0 0 0 1 -1.40512 1.97715 0.983016</i>
                        <i>1 0 0 0 1 0 0 0 1 -1.40506 1.97952 0.983015</i>
                        <i>1 0 0 0 1 0 0 0 1 -1.405 1.98259 0.983015</i>
                        <i>1 0 0 0 1 0 0 0 1 -1.40495 1.98623 0.983014</i>
                        <i>1 0 0 0 1 0 0 0 1 -1.40489 1.99031 0.983014</i>
                        <i>1 0 0 0 1 0 0 0 1 -1.40484 1.99468 0.983013</i>
                        <i>1 0 0 0 1 0 0 0 1 -1.40479 1.99921 0.983012</i>
                        <i>1 0 0 0 1 0 0 0 1 -1.40474 2.00377 0.983012</i>
                        <i>1 0 0 0 1 0 0 0 1 -1.4047 2.00821 0.983012</i>
                        <i>1 0 0 0 1 0 0 0 1 -1.40466 2.01241 0.983011</i>
                        <i>1 0 0 0 1 0 0 0 1 -1.40463 2.01622 0.983011</i>
                        <i>1 0 0 0 1 0 0 0 1 -1.40461 2.01951 0.983011</i>
                        <i>1 0 0 0 1 0 0 0 1 -1.40459 2.02215 0.98301</i>
                        <i>1 0 0 0 1 0 0 0 1 -1.40458 2.024 0.98301</i>
                        <i>1 0 0 0 1 0 0 0 1 -1.40457 2.02492 0.98301</i>
                        <i>1 0 0 0 1 0 0 0 1 -1.40458 2.0252 0.98301</i>
                        <i>1 0 0 0 1 0 0 0 1 -1.40459 2.02524 0.98301</i>
                        <i>1 0 0 0 1 0 0 0 1 -1.40461 2.02506 0.983011</i>
                        <i>1 0 0 0 1 0 0 0 1 -1.40463 2.02466 0.983011</i>
                        <i>1 0 0 0 1 0 0 0 1 -1.40466 2.02408 0.983011</i>
                        <i>1 0 0 0 1 0 0 0 1 -1.40469 2.02331 0.983012</i>
                        <i>1 0 0 0 1 0 0 0 1 -1.40473 2.02239 0.983012</i>
                        <i>1 0 0 0 1 0 0 0 1 -1.40478 2.02132 0.983012</i>
                        <i>1 0 0 0 1 0 0 0 1 -1.40482 2.02012 0.983013</i>
                        <i>1 0 0 0 1 0 0 0 1 -1.40487 2.01881 0.983013</i>
                        <i>1 0 0 0 1 0 0 0 1 -1.40493 2.0174 0.983014</i>
                        <i>1 0 0 0 1 0 0 0 1 -1.40498 2.01592 0.983015</i>
                        <i>1 0 0 0 1 0 0 0 1 -1.40504 2.01437 0.983015</i>
                        <i>1 0 0 0 1 0 0 0 1 -1.40509 2.01277 0.983016</i>
                        <i>1 0 0 0 1 0 0 0 1 -1.40515 2.01115 0.983016</i>
                        <i>1 0 0 0 1 0 0 0 1 -1.40521 2.0095 0.983017</i>
                        <i>1 0 0 0 1 0 0 0 1 -1.40527 2.00786 0.983018</i>
                        <i>1 0 0 0 1 0 0 0 1 -1.40532 2.00624 0.983018</i>
                        <i>1 0 0 0 1 0 0 0 1 -1.40538 2.00465 0.983019</i>
                        <i>1 0 0 0 1 0 0 0 1 -1.40543 2.00311 0.983019</i>
                        <i>1 0 0 0 1 0 0 0 1 -1.40548 2.00164 0.98302</i>
                        <i>1 0 0 0 1 0 0 0 1 -1.40553 2.00025 0.98302</i>
                        <i>1 0 0 0 1 0 0 0 1 -1.40557 1.99896 0.983021</i>
                        <i>1 0 0 0 1 0 0 0 1 -1.40561 1.99779 0.983021</i>
                        <i>1 0 0 0 1 0 0 0 1 -1.40564 1.99674 0.983021</i>
                        <i>1 0 0 0 1 0 0 0 1 -1.40567 1.99584 0.983022</i>
                        <i>1 0 0 0 1 0 0 0 1 -1.4057 1.99511 0.983022</i>
                        <i>1 0 0 0 1 0 0 0 1 -1.40571 1.99456 0.983022</i>
                        <i>1 0 0 0 1 0 0 0 1 -1.40573 1.9942 0.983022</i>
                        <i>1 0 0 0 1 0 0 0 1 -1.40573 1.99406 0.983022</i>
                        <i>1 0 0 0 1 0 0 0 1 -1.40573 1.99438 0.983022</i>
                        <i>1 0 0 0 1 0 0 0 1 -1.40571 1.99534 0.983022</i>
                        <i>1 0 0 0 1 0 0 0 1 -1.4057 1.99685 0.983022</i>
                        <i>1 0 0 0 1 0 0 0 1 -1.40567 1.99881 0.983022</i>
                        <i>1 0 0 0 1 0 0 0 1 -1.40564 2.00113 0.983021</i>
                        <i>1 0 0 0 1 0 0 0 1 -1.40561 2.00371 0.983021</i>
                        <i>1 0 0 0 1 0 0 0 1 -1.40557 2.00647 0.983021</i>
                        <i>1 0 0 0 1 0 0 0 1 -1.40553 2.00931 0.98302</i>
                        <i>1 0 0 0 1 0 0 0 1 -1.40548 2.01213 0.98302</i>
                        <i>1 0 0 0 1 0 0 0 1 -1.40543 2.01484 0.983019</i>
                        <i>1 0 0 0 1 0 0 0 1 -1.40538 2.01735 0.983019</i>
                        <i>1 0 0 0 1 0 0 0 1 -1.40532 2.01956 0.983018</i>
                        <i>1 0 0 0 1 0 0 0 1 -1.40527 2.02138 0.983018</i>
                        <i>1 0 0 0 1 0 0 0 1 -1.40521 2.02271 0.983017</i>
                        <i>1 0 0 0 1 0 0 0 1 -1.40515 2.02347 0.983016</i>
                        <i>1 0 0 0 1 0 0 0 1 -1.40509 2.02372 0.983016</i>
                        <i>1 0 0 0 1 0 0 0 1 -1.40504 2.02362 0.983015</i>
                        <i>1 0 0 0 1 0 0 0 1 -1.40498 2.02321 0.983015</i>
                        <i>1 0 0 0 1 0 0 0 1 -1.40493 2.02252 0.983014</i>
                        <i>1 0 0 0 1 0 0 0 1 -1.40487 2.0216 0.983013</i>
                        <i>1 0 0 0 1 0 0 0 1 -1.40482 2.02047 0.983013</i>
                        <i>1 0 0 0 1 0 0 0 1 -1.40478 2.01918 0.983012</i>
                        <i>1 0 0 0 1 0 0 0 1 -1.40473 2.01775 0.983012</i>
                        <i>1 0 0 0 1 0 0 0 1 -1.40469 2.01623 0.983012</i>
                        <i>1 0 0 0 1 0 0 0 1 -1.40466 2.01465 0.983011</i>
                        <i>1 0 0 0 1 0 0 0 1 -1.40463 2.01305 0.983011</i>
                        <i>1 0 0 0 1 0 0 0 1 -1.40461 2.01146 0.983011</i>
                        <i>1 0 0 0 1 0 0 0 1 -1.40459 2.00992 0.98301</i>
                        <i>1 0 0 0 1 0 0 0 1 -1.40458 2.00846 0.98301</i>
                        <i>1 0 0 0 1 0 0 0 1 -1.40457 2.00712 0.98301</i>
                        <i>1 0 0 0 1 0 0 0 1 -1.40458 2.00585 0.98301</i>
                        <i>1 0 0 0 1 0 0 0 1 -1.40459 2.00457 0.98301</i>
                        <i>1 0 0 0 1 0 0 0 1 -1.40461 2.00329 0.983011</i>
                        <i>1 0 0 0 1 0 0 0 1 -1.40463 2.00201 0.983011</i>
                        <i>1 0 0 0 1 0 0 0 1 -1.40466 2.00075 0.983011</i>
                        <i>1 0 0 0 1 0 0 0 1 -1.40469 1.9995 0.983012</i>
                        <i>1 0 0 0 1 0 0 0 1 -1.40473 1.99828 0.983012</i>
                        <i>1 0 0 0 1 0 0 0 1 -1.40478 1.99709 0.983012</i>
                        <i>1 0 0 0 1 0 0 0 1 -1.40482 1.99595 0.983013</i>
                        <i>1 0 0 0 1 0 0 0 1 -1.40487 1.99485 0.983013</i>
                        <i>1 0 0 0 1 0 0 0 1 -1.40493 1.99381 0.983014</i>
                        <i>1 0 0 0 1 0 0 0 1 -1.40498 1.99283 0.983015</i>
                        <i>1 0 0 0 1 0 0 0 1 -1.40504 1.99192 0.983015</i>
                        <i>1 0 0 0 1 0 0 0 1 -1.40509 1.99108 0.983016</i>
                        <i>1 0 0 0 1 0 0 0 1 -1.40515 1.99033 0.983016</i>
                        <i>1 0 0 0 1 0 0 0 1 -1.40521 1.98967 0.983017</i>
                        <i>1 0 0 0 1 0 0 0 1 -1.40527 1.98911 0.983018</i>
                        <i>1 0 0 0 1 0 0 0 1 -1.40532 1.98866 0.983018</i>
                        <i>1 0 0 0 1 0 0 0 1 -1.40538 1.98832 0.983019</i>
                        <i>1 0 0 0 1 0 0 0 1 -1.40543 1.9881 0.983019</i>
                        <i>1 0 0 0 1 0 0 0 1 -1.40548 1.988 0.98302</i>
                        <i>1 0 0 0 1 0 0 0 1 -1.40553 1.98804 0.98302</i>
                        <i>1 0 0 0 1 0 0 0 1 -1.40557 1.98822 0.983021</i>
                        <i>1 0 0 0 1 0 0 0 1 -1.40561 1.98855 0.983021</i>
                        <i>1 0 0 0 1 0 0 0 1 -1.40564 1.98904 0.983021</i>
                        <i>1 0 0 0 1 0 0 0 1 -1.40567 1.98969 0.983022</i>
                        <i>1 0 0 0 1 0 0 0 1 -1.4057 1.99051 0.983022</i>
                        <i>1 0 0 0 1 0 0 0 1 -1.40571 1.9915 0.983022</i>
                        <i>1 0 0 0 1 0 0 0 1 -1.40573 1.99268 0.983022</i>
                        <i>1 0 0 0 1 0 0 0 1 -1.40573 1.99406 0.983022</i>
                    </KeyFrames>
                </p>
            </i>
            <i>
                <p>
                    <Name><![CDATA[spine0]]></Name>
                    <Exclude>0</Exclude>
                    <Additive>0</Additive>
                    <IKPriority>0</IKPriority>
                    <IKRotLimits>-1e+010 -1e+010 -1e+010 1e+010 1e+010 1e+010</IKRotLimits>
                    <IKRotLimitOrder>0</IKRotLimitOrder>
                    <KeyFrames count="120">
                        <i>0.00122751 0.999642 0.0267427 -0.668229 0.0207153 -0.743667 -0.743954 -0.0169574 0.668015 -1.36536 2.12572 0.941395</i>
                        <i>0.00783366 0.999738 0.021528 -0.668269 0.0212491 -0.743617 -0.743879 -0.00856123 0.66826 -1.36508 2.12689 0.941178</i>
                        <i>0.0139772 0.999764 0.0166574 -0.668314 0.0217321 -0.743562 -0.743748 -0.00073947 0.668459 -1.36477 2.12696 0.94095</i>
                        <i>0.0197339 0.999732 0.0120804 -0.668363 0.0221772 -0.743505 -0.743573 0.00659817 0.668622 -1.36445 2.1261 0.940713</i>
                        <i>0.0251784 0.999653 0.0077474 -0.668416 0.0225972 -0.743444 -0.743361 0.0135402 0.668753 -1.36411 2.12448 0.940469</i>
                        <i>0.0303845 0.999532 0.00360901 -0.668471 0.0230048 -0.743383 -0.743118 0.0201748 0.668857 -1.36375 2.12227 0.940218</i>
                        <i>0.0354268 0.999372 -0.000384725 -0.668526 0.0234124 -0.74332 -0.742844 0.0265906 0.668936 -1.36338 2.11965 0.939961</i>
                        <i>0.0403809 0.999175 -0.00428476 -0.668581 0.0238329 -0.743258 -0.742543 0.0328781 0.668992 -1.36301 2.11679 0.939702</i>
                        <i>0.0453241 0.998939 -0.00814329 -0.668632 0.0242788 -0.743197 -0.742211 0.0391296 0.669023 -1.36262 2.11386 0.939439</i>
                        <i>0.0503347 0.99866 -0.0120136 -0.668679 0.0247632 -0.743138 -0.741845 0.0454389 0.66903 -1.36224 2.11104 0.939176</i>
                        <i>0.0552775 0.998346 -0.0157902 -0.668722 0.0252736 -0.743083 -0.741455 0.051635 0.669013 -1.36184 2.1085 0.938913</i>
                        <i>0.0599072 0.998018 -0.0192861 -0.668763 0.0257847 -0.743029 -0.741058 0.0574106 0.668982 -1.36145 2.10642 0.938651</i>
                        <i>0.064137 0.997689 -0.0224311 -0.668801 0.0262898 -0.742976 -0.74067 0.0626542 0.668942 -1.36106 2.10496 0.938393</i>
                        <i>0.0678781 0.997377 -0.0251533 -0.668837 0.0267827 -0.742926 -0.740303 0.0672519 0.668901 -1.36068 2.10431 0.938138</i>
                        <i>0.0710396 0.997098 -0.0273783 -0.668872 0.0272568 -0.742877 -0.739975 0.0710863 0.668867 -1.3603 2.10464 0.93789</i>
                        <i>0.0732171 0.996901 -0.0287711 -0.668908 0.0276893 -0.742829 -0.739731 0.073633 0.668862 -1.35993 2.10597 0.937647</i>
                        <i>0.0741884 0.996818 -0.0291456 -0.668945 0.0280685 -0.742781 -0.7396 0.0746026 0.668899 -1.35957 2.10815 0.937414</i>
                        <i>0.0739374 0.996855 -0.0285038 -0.668986 0.0283816 -0.742733 -0.739588 0.0739843 0.668981 -1.35922 2.11105 0.937189</i>
                        <i>0.0724715 0.997009 -0.026866 -0.669032 0.0286185 -0.742683 -0.739692 0.0717975 0.669104 -1.35889 2.11451 0.936975</i>
                        <i>0.0700155 0.997247 -0.0244158 -0.66908 0.0287933 -0.742633 -0.739885 0.0683319 0.669254 -1.35858 2.11842 0.936773</i>
                        <i>0.0668025 0.997538 -0.0213455 -0.669129 0.0289199 -0.742583 -0.740138 0.0638893 0.669414 -1.35828 2.12264 0.936584</i>
                        <i>0.0630705 0.997849 -0.0178526 -0.669178 0.0290116 -0.742536 -0.740421 0.0587786 0.669569 -1.35801 2.12702 0.93641</i>
                        <i>0.0590568 0.998155 -0.0141359 -0.669224 0.0290801 -0.742491 -0.74071 0.0533092 0.669707 -1.35776 2.13145 0.936252</i>
                        <i>0.0549924 0.998433 -0.0103905 -0.669266 0.0291358 -0.742451 -0.740985 0.0477832 0.66982 -1.35754 2.13577 0.93611</i>
                        <i>0.0510968 0.998671 -0.00680352 -0.669303 0.029187 -0.742416 -0.741231 0.0424887 0.669904 -1.35735 2.13987 0.935987</i>
                        <i>0.0475741 0.998861 -0.00355065 -0.669332 0.0292402 -0.742388 -0.741439 0.037695 0.669961 -1.35718 2.14359 0.935884</i>
                        <i>0.0446122 0.999004 -0.000795423 -0.669353 0.0293 -0.742366 -0.741603 0.033651 0.669994 -1.35705 2.14682 0.935801</i>
                        <i>0.0423848 0.999101 0.00130982 -0.669366 0.0293697 -0.742352 -0.741723 0.0305877 0.670009 -1.35695 2.1494 0.93574</i>
                        <i>0.0410561 0.999153 0.00262015 -0.669368 0.0294516 -0.742347 -0.741795 0.028724 0.670011 -1.3569 2.15122 0.935702</i>
                        <i>0.0407885 0.999163 0.00299249 -0.66936 0.0295484 -0.74235 -0.741817 0.0282763 0.670006 -1.35688 2.15213 0.93569</i>
                        <i>0.0413149 0.999143 0.0026761 -0.669339 0.0296657 -0.742365 -0.741808 0.0288795 0.669991 -1.3569 2.15242 0.935708</i>
                        <i>0.0422009 0.999107 0.00206052 -0.669303 0.0298015 -0.742392 -0.74179 0.0299505 0.669963 -1.35698 2.15251 0.935761</i>
                        <i>0.0433624 0.999059 0.00121 -0.669255 0.029947 -0.742429 -0.741767 0.0313837 0.669923 -1.35711 2.1524 0.935847</i>
                        <i>0.0447158 0.999 0.0001882 -0.669196 0.0300935 -0.742476 -0.741739 0.0330745 0.669873 -1.35728 2.1521 0.935963</i>
                        <i>0.0461786 0.998933 -0.000941983 -0.66913 0.0302323 -0.74253 -0.741709 0.0349193 0.669812 -1.35749 2.15164 0.936107</i>
                        <i>0.047669 0.998861 -0.00211852 -0.669058 0.0303547 -0.74259 -0.74168 0.0368159 0.669743 -1.35774 2.15101 0.936275</i>
                        <i>0.0491068 0.998788 -0.00328033 -0.668983 0.0304524 -0.742654 -0.741654 0.0386638 0.669667 -1.35803 2.15025 0.936467</i>
                        <i>0.0504126 0.998719 -0.00436728 -0.668906 0.0305167 -0.742721 -0.741636 0.0403638 0.669587 -1.35834 2.14935 0.936678</i>
                        <i>0.0515082 0.998658 -0.00532019 -0.668828 0.0305393 -0.742789 -0.74163 0.0418181 0.669504 -1.35868 2.14835 0.936908</i>
                        <i>0.0523166 0.998612 -0.00608074 -0.668753 0.0305121 -0.742858 -0.741642 0.0429303 0.669421 -1.35905 2.14724 0.937153</i>
                        <i>0.0527614 0.998585 -0.00659132 -0.668681 0.0304267 -0.742927 -0.741675 0.0436053 0.66934 -1.35943 2.14604 0.937411</i>
                        <i>0.0527673 0.998584 -0.00679503 -0.668613 0.0302751 -0.742994 -0.741736 0.0437491 0.669263 -1.35983 2.14477 0.937679</i>
                        <i>0.0522597 0.998612 -0.00663542 -0.668551 0.0300495 -0.743059 -0.741828 0.0432682 0.669193 -1.36024 2.14344 0.937955</i>
                        <i>0.0511643 0.998672 -0.00605638 -0.668495 0.029742 -0.743121 -0.741954 0.04207 0.669129 -1.36066 2.14207 0.938237</i>
                        <i>0.0494073 0.998766 -0.00500195 -0.668448 0.0293451 -0.74318 -0.742116 0.0400621 0.669073 -1.36108 2.14066 0.938522</i>
                        <i>0.046766 0.9989 -0.00330583 -0.66841 0.0288336 -0.743234 -0.742321 0.0369678 0.669024 -1.36151 2.13924 0.938807</i>
                        <i>0.0431987 0.999066 -0.000935881 -0.668383 0.028204 -0.743283 -0.742562 0.0327344 0.668977 -1.36193 2.13782 0.93909</i>
                        <i>0.0389011 0.999241 0.00196418 -0.668363 0.0274809 -0.743328 -0.742818 0.0276035 0.668925 -1.36234 2.13641 0.939368</i>
                        <i>0.0340665 0.999406 0.00525269 -0.668348 0.0266888 -0.74337 -0.743068 0.0218134 0.66886 -1.36275 2.13502 0.939639</i>
                        <i>0.0288854 0.999544 0.0087901 -0.668337 0.0258516 -0.743409 -0.743297 0.0155989 0.668779 -1.36314 2.13368 0.9399</i>
                        <i>0.0235458 0.999645 0.0124389 -0.668329 0.0249928 -0.743446 -0.743493 0.00919179 0.66868 -1.36351 2.13239 0.940149</i>
                        <i>0.0182333 0.999705 0.0160631 -0.668322 0.0241354 -0.743481 -0.743649 0.00282072 0.668564 -1.36385 2.13118 0.940382</i>
                        <i>0.0131312 0.999723 0.0195284 -0.668315 0.0233019 -0.743513 -0.743762 -0.0032879 0.668436 -1.36418 2.13004 0.940598</i>
                        <i>0.00842186 0.999707 0.0227009 -0.668309 0.0225141 -0.743543 -0.743836 -0.00890921 0.668303 -1.36447 2.12901 0.940794</i>
                        <i>0.00428662 0.999667 0.0254472 -0.668303 0.0217938 -0.74357 -0.743877 -0.013819 0.668174 -1.36472 2.12809 0.940967</i>
                        <i>0.000937231 0.999618 0.0276083 -0.668297 0.0211638 -0.743593 -0.743894 -0.0177537 0.668062 -1.36494 2.1273 0.941114</i>
                        <i>-0.00144485 0.999577 0.0290503 -0.668292 0.0206453 -0.743613 -0.743898 -0.0204885 0.667979 -1.36512 2.12665 0.941233</i>
                        <i>-0.00272345 0.999556 0.0296764 -0.668288 0.0202571 -0.743627 -0.743898 -0.0218576 0.667936 -1.36525 2.12616 0.941321</i>
                        <i>-0.00276174 0.999564 0.029389 -0.668284 0.0200178 -0.743637 -0.743901 -0.0216939 0.667938 -1.36533 2.12585 0.941376</i>
                        <i>-0.00142198 0.999604 0.0280892 -0.668283 0.0199459 -0.74364 -0.743906 -0.019829 0.66799 -1.36536 2.12572 0.941395</i>
                        <i>0.00139694 0.999674 0.0254853 -0.668297 0.0198916 -0.743629 -0.743893 -0.0159929 0.668107 -1.36532 2.12601 0.941365</i>
                        <i>0.00554579 0.999752 0.0215484 -0.668338 0.0197346 -0.743596 -0.743837 -0.0102778 0.668282 -1.3652 2.12691 0.941281</i>
                        <i>0.0107913 0.999804 0.016578 -0.668399 0.0195432 -0.743546 -0.743724 -0.00305693 0.668479 -1.36502 2.12833 0.941152</i>
                        <i>0.0168993 0.999798 0.0108728 -0.668472 0.0193844 -0.743484 -0.743545 0.00529619 0.668665 -1.36478 2.13017 0.940985</i>
                        <i>0.0236285 0.99971 0.0047232 -0.668551 0.0193138 -0.743416 -0.743291 0.0144081 0.668813 -1.3645 2.13235 0.94079</i>
                        <i>0.0307265 0.999527 -0.00159431 -0.668628 0.0193686 -0.743345 -0.742962 0.0239064 0.668907 -1.36418 2.13478 0.940574</i>
                        <i>0.0379265 0.99925 -0.00782115 -0.668699 0.0195628 -0.743276 -0.742565 0.0334198 0.66894 -1.36385 2.13737 0.940346</i>
                        <i>0.0449469 0.998895 -0.0137189 -0.668762 0.0198847 -0.743211 -0.742117 0.0425797 0.668917 -1.36351 2.14003 0.940114</i>
                        <i>0.0514916 0.998491 -0.0190698 -0.668814 0.0202972 -0.743153 -0.741644 0.0510203 0.66885 -1.36317 2.14268 0.939886</i>
                        <i>0.057252 0.998079 -0.0236749 -0.668858 0.0207404 -0.743101 -0.741182 0.0583792 0.668761 -1.36284 2.14523 0.939671</i>
                        <i>0.0608402 0.997792 -0.0266471 -0.668914 0.0209431 -0.743045 -0.740846 0.0630316 0.668711 -1.36254 2.1476 0.939477</i>
                        <i>0.0612989 0.997742 -0.0274437 -0.669001 0.0206658 -0.742974 -0.740729 0.0639034 0.668757 -1.36227 2.14968 0.939311</i>
                        <i>0.0589851 0.997911 -0.0263629 -0.669117 0.0199248 -0.74289 -0.740813 0.0614593 0.668894 -1.36205 2.1514 0.939183</i>
                        <i>0.0543063 0.998244 -0.0236661 -0.66925 0.0187983 -0.742799 -0.74105 0.0561772 0.669096 -1.36189 2.15267 0.9391</i>
                        <i>0.0477207 0.998669 -0.0195811 -0.669385 0.0174236 -0.742711 -0.741381 0.04855 0.669325 -1.36179 2.15341 0.93907</i>
                        <i>0.0401276 0.999087 -0.0146695 -0.669503 0.0159861 -0.742637 -0.741725 0.0396215 0.669533 -1.36176 2.15367 0.939089</i>
                        <i>0.0325738 0.999423 -0.00964703 -0.669593 0.0146559 -0.742583 -0.742013 0.0306483 0.669684 -1.36178 2.15362 0.939147</i>
                        <i>0.025745 0.999656 -0.0049426 -0.669645 0.0135745 -0.742557 -0.742235 0.0224269 0.669764 -1.36184 2.15328 0.939237</i>
                        <i>0.0202882 0.999794 -0.000978258 -0.66965 0.0128622 -0.742565 -0.7424 0.0157204 0.669773 -1.36194 2.15269 0.939357</i>
                        <i>0.0168171 0.999857 0.00182361 -0.669604 0.0126168 -0.742611 -0.742528 0.0112675 0.66972 -1.36207 2.15187 0.939502</i>
                        <i>0.0145855 0.999886 0.00391029 -0.669524 0.0126709 -0.742682 -0.742647 0.00821436 0.669633 -1.36224 2.15087 0.939667</i>
                        <i>0.0124419 0.999905 0.00600913 -0.669432 0.0127936 -0.742763 -0.742769 0.00521871 0.669527 -1.36242 2.14971 0.939849</i>
                        <i>0.0103805 0.999913 0.00810867 -0.669331 0.0129727 -0.742851 -0.742892 0.00228378 0.669408 -1.36263 2.14843 0.940043</i>
                        <i>0.00839704 0.999913 0.0101967 -0.669225 0.0131962 -0.742943 -0.743013 -0.000585356 0.669277 -1.36285 2.14706 0.940245</i>
                        <i>0.00648915 0.999904 0.0122608 -0.669115 0.0134535 -0.743037 -0.74313 -0.00338222 0.669138 -1.36309 2.14563 0.940451</i>
                        <i>0.00465594 0.999887 0.0142888 -0.669006 0.0137348 -0.74313 -0.743242 -0.00609931 0.668995 -1.36332 2.14418 0.940656</i>
                        <i>0.00289776 0.999863 0.0162688 -0.6689 0.0140315 -0.74322 -0.743347 -0.00872851 0.668849 -1.36356 2.14274 0.940856</i>
                        <i>0.00121604 0.999834 0.0181898 -0.668798 0.0143363 -0.743306 -0.743443 -0.0112614 0.668705 -1.36379 2.14133 0.941046</i>
                        <i>-0.000387166 0.999799 0.020042 -0.668704 0.0146429 -0.743385 -0.743529 -0.0136899 0.668564 -1.364 2.14 0.941223</i>
                        <i>-0.0019093 0.99976 0.0218164 -0.668618 0.0149465 -0.743456 -0.743603 -0.0160063 0.668429 -1.36421 2.13878 0.941382</i>
                        <i>-0.00390136 0.999707 0.0238744 -0.668547 0.0151472 -0.743516 -0.74366 -0.0188619 0.668292 -1.3644 2.13761 0.941526</i>
                        <i>-0.0067595 0.999626 0.0264958 -0.66849 0.0151884 -0.743566 -0.743691 -0.0227383 0.668137 -1.36458 2.13643 0.941661</i>
                        <i>-0.0102545 0.999511 0.0295459 -0.668443 0.0151235 -0.743609 -0.743693 -0.0273751 0.667961 -1.36476 2.13523 0.941787</i>
                        <i>-0.0141655 0.999359 0.0328848 -0.668404 0.014996 -0.743647 -0.743663 -0.0325145 0.667763 -1.36494 2.13404 0.941904</i>
                        <i>-0.0182799 0.999171 0.0363677 -0.668371 0.0148405 -0.74368 -0.743604 -0.0379015 0.667546 -1.3651 2.13285 0.942011</i>
                        <i>-0.0223929 0.998955 0.0398457 -0.668341 0.0146829 -0.74371 -0.743518 -0.0432844 0.667314 -1.36526 2.13167 0.942108</i>
                        <i>-0.0263059 0.998722 0.0431658 -0.668314 0.014542 -0.743737 -0.743414 -0.048413 0.667077 -1.36542 2.13051 0.942196</i>
                        <i>-0.0298251 0.998488 0.0461715 -0.668289 0.0144306 -0.743762 -0.743304 -0.0530387 0.666848 -1.36556 2.12938 0.942275</i>
                        <i>-0.0327596 0.998276 0.0487038 -0.668266 0.0143578 -0.743784 -0.743201 -0.0569131 0.666643 -1.3657 2.12828 0.942344</i>
                        <i>-0.0349191 0.998108 0.0506018 -0.668244 0.0143305 -0.743804 -0.743122 -0.0597873 0.666479 -1.36582 2.12722 0.942402</i>
                        <i>-0.0365011 0.997977 0.0520482 -0.668223 0.0143528 -0.743822 -0.743065 -0.0619301 0.666348 -1.36594 2.12621 0.942451</i>
                        <i>-0.0378859 0.997856 0.0533742 -0.668204 0.0144172 -0.743838 -0.743013 -0.0638459 0.666225 -1.36604 2.12526 0.94249</i>
                        <i>-0.0391564 0.997738 0.0546422 -0.668188 0.0145147 -0.743851 -0.742962 -0.0656378 0.666108 -1.36614 2.12437 0.942519</i>
                        <i>-0.0403946 0.997618 0.0559149 -0.668174 0.0146372 -0.743861 -0.742908 -0.0674088 0.665991 -1.36622 2.12355 0.942538</i>
                        <i>-0.0416819 0.997489 0.0572556 -0.668163 0.0147775 -0.743868 -0.742847 -0.0692619 0.665869 -1.36628 2.1228 0.942547</i>
                        <i>-0.0426882 0.997381 0.058391 -0.668154 0.0149523 -0.743873 -0.742797 -0.0707688 0.665766 -1.36634 2.12214 0.942545</i>
                        <i>-0.0430442 0.997329 0.0590131 -0.668147 0.015179 -0.743875 -0.742783 -0.0714489 0.665709 -1.36638 2.12157 0.942533</i>
                        <i>-0.0427725 0.997333 0.0591341 -0.668141 0.0154515 -0.743874 -0.742804 -0.0713273 0.665698 -1.36641 2.1211 0.94251</i>
                        <i>-0.0418955 0.997392 0.0587672 -0.668136 0.0157645 -0.743872 -0.742858 -0.0704294 0.665734 -1.36642 2.12074 0.942477</i>
                        <i>-0.0404362 0.997502 0.0579263 -0.668134 0.0161129 -0.743866 -0.742941 -0.0687816 0.665813 -1.36641 2.12048 0.942433</i>
                        <i>-0.0384172 0.997656 0.0566258 -0.668133 0.0164924 -0.743859 -0.743049 -0.0664105 0.665934 -1.36639 2.12035 0.942378</i>
                        <i>-0.0358615 0.997849 0.0548808 -0.668135 0.016899 -0.743848 -0.743175 -0.0633433 0.666092 -1.36635 2.12034 0.942313</i>
                        <i>-0.032792 0.998071 0.0527066 -0.668139 0.0173288 -0.743835 -0.743314 -0.0596071 0.666282 -1.3663 2.12047 0.942237</i>
                        <i>-0.0292312 0.998315 0.0501186 -0.668144 0.0177785 -0.743819 -0.743457 -0.0552291 0.666499 -1.36622 2.12074 0.94215</i>
                        <i>-0.0252014 0.998571 0.0471321 -0.668153 0.0182446 -0.743801 -0.743597 -0.0502363 0.666738 -1.36613 2.12116 0.942052</i>
                        <i>-0.0207247 0.998827 0.0437623 -0.668163 0.018724 -0.743779 -0.743726 -0.044655 0.666991 -1.36602 2.12173 0.941943</i>
                        <i>-0.0158224 0.999073 0.040024 -0.668176 0.0192138 -0.743755 -0.743835 -0.0385111 0.667253 -1.36588 2.12247 0.941822</i>
                        <i>-0.0105157 0.999299 0.0359319 -0.668191 0.0197109 -0.743729 -0.743915 -0.0318302 0.667515 -1.36573 2.12337 0.941691</i>
                        <i>-0.00482546 0.999492 0.0315 -0.668209 0.0202124 -0.743699 -0.743958 -0.0246373 0.667772 -1.36556 2.12445 0.941548</i>
                        <i>0.00122751 0.999642 0.0267427 -0.668229 0.0207153 -0.743667 -0.743954 -0.0169574 0.668015 -1.36536 2.12572 0.941395</i>
                    </KeyFrames>
                </p>
            </i>
            <i>
                <p>
                    <Name><![CDATA[spine1]]></Name>
                    <Exclude>0</Exclude>
                    <Additive>0</Additive>
                    <IKPriority>0</IKPriority>
                    <IKRotLimits>-1e+010 -1e+010 -1e+010 1e+010 1e+010 1e+010</IKRotLimits>
                    <IKRotLimitOrder>0</IKRotLimitOrder>
                    <KeyFrames count="120">
                        <i>-0.0477636 0.981634 0.184697 -0.648504 0.110162 -0.753198 -0.759711 -0.155752 0.631332 -1.36515 2.29712 0.94598</i>
                        <i>-0.0430127 0.982516 0.181141 -0.648437 0.110478 -0.753209 -0.760052 -0.149856 0.632348 -1.36373 2.29832 0.944869</i>
                        <i>-0.0401758 0.98303 0.17899 -0.648453 0.110636 -0.753173 -0.760194 -0.146326 0.633004 -1.36238 2.2984 0.943806</i>
                        <i>-0.0387177 0.983295 0.177852 -0.648527 0.11068 -0.753102 -0.760206 -0.1445 0.633408 -1.36106 2.29753 0.942785</i>
                        <i>-0.0380998 0.983413 0.177334 -0.648636 0.110657 -0.753012 -0.760145 -0.143715 0.633661 -1.35979 2.2959 0.941797</i>
                        <i>-0.0377813 0.983478 0.177039 -0.648751 0.110613 -0.752919 -0.760062 -0.1433 0.633854 -1.35854 2.29367 0.940837</i>
                        <i>-0.0372193 0.983584 0.176569 -0.648846 0.110594 -0.75284 -0.760009 -0.142586 0.634079 -1.35731 2.29103 0.939896</i>
                        <i>-0.0358698 0.983821 0.175526 -0.648893 0.110649 -0.752792 -0.760034 -0.1409 0.634425 -1.35608 2.28814 0.938967</i>
                        <i>-0.0331876 0.984273 0.17351 -0.64886 0.110826 -0.752793 -0.760183 -0.137567 0.634978 -1.35485 2.28519 0.938043</i>
                        <i>-0.0286274 0.985007 0.170121 -0.64872 0.111173 -0.752863 -0.760489 -0.131913 0.635811 -1.3536 2.28234 0.937115</i>
                        <i>-0.0224666 0.985943 0.165565 -0.648478 0.111671 -0.752998 -0.760902 -0.124283 0.636854 -1.35236 2.27977 0.936204</i>
                        <i>-0.0154049 0.986938 0.160363 -0.648163 0.112264 -0.753181 -0.761345 -0.115544 0.637968 -1.35118 2.27764 0.935342</i>
                        <i>-0.00753118 0.987951 0.154583 -0.647776 0.112947 -0.753412 -0.761794 -0.105809 0.63912 -1.35006 2.27613 0.934544</i>
                        <i>0.00106581 0.988943 0.148291 -0.647316 0.113713 -0.753692 -0.762221 -0.0951878 0.64028 -1.34903 2.27542 0.933823</i>
                        <i>0.0102974 0.989877 0.141554 -0.646784 0.114554 -0.754021 -0.762603 -0.0837903 0.641417 -1.34811 2.27567 0.933193</i>
                        <i>0.0199453 0.990707 0.134546 -0.646176 0.115463 -0.754404 -0.762928 -0.0718937 0.642474 -1.34737 2.27693 0.932713</i>
                        <i>0.0298696 0.991405 0.127374 -0.645491 0.116428 -0.754841 -0.763183 -0.0596718 0.643421 -1.34685 2.27905 0.932417</i>
                        <i>0.0393278 0.991925 0.120572 -0.644781 0.117374 -0.755302 -0.763355 -0.0480381 0.644191 -1.34655 2.2819 0.932304</i>
                        <i>0.0476329 0.992265 0.114638 -0.644093 0.118233 -0.755755 -0.763463 -0.0378388 0.644743 -1.34648 2.28534 0.932373</i>
                        <i>0.0548921 0.992472 0.10948 -0.643437 0.119003 -0.756193 -0.763529 -0.0289342 0.645125 -1.34658 2.28926 0.932591</i>
                        <i>0.0612097 0.992586 0.105008 -0.64282 0.119684 -0.75661 -0.763568 -0.0211894 0.645379 -1.34684 2.29353 0.932929</i>
                        <i>0.0666889 0.992635 0.101138 -0.642249 0.120278 -0.757 -0.763589 -0.0144724 0.64554 -1.34721 2.298 0.933352</i>
                        <i>0.0714342 0.99264 0.0977865 -0.64173 0.12079 -0.757359 -0.763596 -0.00865125 0.645636 -1.34764 2.30255 0.933829</i>
                        <i>0.0755541 0.992618 0.0948693 -0.641267 0.121226 -0.757682 -0.763589 -0.00359056 0.645692 -1.34811 2.30702 0.934328</i>
                        <i>0.0791631 0.992579 0.0923004 -0.64086 0.121595 -0.757967 -0.763565 0.000851358 0.64573 -1.34858 2.31128 0.934819</i>
                        <i>0.0823832 0.992529 0.0899906 -0.640508 0.12191 -0.758213 -0.76352 0.00482431 0.645767 -1.34901 2.31518 0.935272</i>
                        <i>0.0853437 0.992471 0.0878464 -0.64021 0.122182 -0.758421 -0.763445 0.00848639 0.645817 -1.34938 2.31857 0.935662</i>
                        <i>0.08818 0.992405 0.0857707 -0.639959 0.122427 -0.758593 -0.763332 0.012003 0.645894 -1.34966 2.32131 0.935963</i>
                        <i>0.0910311 0.992327 0.0836637 -0.639751 0.122657 -0.758731 -0.763172 0.0155442 0.646008 -1.34982 2.32326 0.936151</i>
                        <i>0.0940363 0.992233 0.0814245 -0.63958 0.122886 -0.758839 -0.762951 0.0192809 0.646169 -1.34985 2.32425 0.936202</i>
                        <i>0.0976416 0.992103 0.0787308 -0.639417 0.123158 -0.758932 -0.762635 0.0237616 0.646392 -1.34978 2.3246 0.936166</i>
                        <i>0.102052 0.991915 0.0754373 -0.639239 0.123493 -0.759027 -0.762206 0.0292381 0.646674 -1.3497 2.32473 0.936113</i>
