<?xml version="1.0" encoding="ISO-8859-1" ?>
<Animl Version="1">
    <ModellingPackage><![CDATA[Maya.2010]]></ModellingPackage>
    <SrcFile><![CDATA[anims\turrets\antitank\blue\~src\at_m40recoilless\antitank_m40recoilless_reload_high_crewman_a.mb]]></SrcFile>
    <FramesPerSecond>30</FramesPerSecond>
    <TotalFrames>100</TotalFrames>
    <Skeleton>
        <RefFrame>
            <Name><![CDATA[soldier_ref_frame]]></Name>
            <Exclude>0</Exclude>
            <Additive>0</Additive>
            <IKPriority>0</IKPriority>
            <IKRotLimits>-1e+010 -1e+010 -1e+010 1e+010 1e+010 1e+010</IKRotLimits>
            <IKRotLimitOrder>0</IKRotLimitOrder>
            <KeyFrames count="100">
                <i>1 0 0 0 1 0 0 0 1 0.69 0.93 0</i>
                <i>1 0 0 0 1 0 0 0 1 0.69 0.93 0</i>
                <i>1 0 0 0 1 0 0 0 1 0.69 0.93 0</i>
                <i>1 0 0 0 1 0 0 0 1 0.69 0.93 0</i>
                <i>1 0 0 0 1 0 0 0 1 0.69 0.93 0</i>
                <i>1 0 0 0 1 0 0 0 1 0.69 0.93 0</i>
                <i>1 0 0 0 1 0 0 0 1 0.69 0.93 0</i>
                <i>1 0 0 0 1 0 0 0 1 0.69 0.93 0</i>
                <i>1 0 0 0 1 0 0 0 1 0.69 0.93 0</i>
                <i>1 0 0 0 1 0 0 0 1 0.69 0.93 0</i>
                <i>1 0 0 0 1 0 0 0 1 0.69 0.93 0</i>
                <i>1 0 0 0 1 0 0 0 1 0.69 0.93 0</i>
                <i>1 0 0 0 1 0 0 0 1 0.69 0.93 0</i>
                <i>1 0 0 0 1 0 0 0 1 0.69 0.93 0</i>
                <i>1 0 0 0 1 0 0 0 1 0.69 0.93 0</i>
                <i>1 0 0 0 1 0 0 0 1 0.69 0.93 0</i>
                <i>1 0 0 0 1 0 0 0 1 0.69 0.93 0</i>
                <i>1 0 0 0 1 0 0 0 1 0.69 0.93 0</i>
                <i>1 0 0 0 1 0 0 0 1 0.69 0.93 0</i>
                <i>1 0 0 0 1 0 0 0 1 0.69 0.93 0</i>
                <i>1 0 0 0 1 0 0 0 1 0.69 0.93 0</i>
                <i>1 0 0 0 1 0 0 0 1 0.69 0.93 0</i>
                <i>1 0 0 0 1 0 0 0 1 0.69 0.93 0</i>
                <i>1 0 0 0 1 0 0 0 1 0.69 0.93 0</i>
                <i>1 0 0 0 1 0 0 0 1 0.69 0.93 0</i>
                <i>1 0 0 0 1 0 0 0 1 0.69 0.93 0</i>
                <i>1 0 0 0 1 0 0 0 1 0.69 0.93 0</i>
                <i>1 0 0 0 1 0 0 0 1 0.69 0.93 0</i>
                <i>1 0 0 0 1 0 0 0 1 0.69 0.93 0</i>
                <i>1 0 0 0 1 0 0 0 1 0.69 0.93 0</i>
                <i>1 0 0 0 1 0 0 0 1 0.69 0.93 0</i>
                <i>1 0 0 0 1 0 0 0 1 0.69 0.93 0</i>
                <i>1 0 0 0 1 0 0 0 1 0.69 0.93 0</i>
                <i>1 0 0 0 1 0 0 0 1 0.69 0.93 0</i>
                <i>1 0 0 0 1 0 0 0 1 0.69 0.93 0</i>
                <i>1 0 0 0 1 0 0 0 1 0.69 0.93 0</i>
                <i>1 0 0 0 1 0 0 0 1 0.69 0.93 0</i>
                <i>1 0 0 0 1 0 0 0 1 0.69 0.93 0</i>
                <i>1 0 0 0 1 0 0 0 1 0.69 0.93 0</i>
                <i>1 0 0 0 1 0 0 0 1 0.69 0.93 0</i>
                <i>1 0 0 0 1 0 0 0 1 0.69 0.93 0</i>
                <i>1 0 0 0 1 0 0 0 1 0.69 0.93 0</i>
                <i>1 0 0 0 1 0 0 0 1 0.69 0.93 0</i>
                <i>1 0 0 0 1 0 0 0 1 0.69 0.93 0</i>
                <i>1 0 0 0 1 0 0 0 1 0.69 0.93 0</i>
                <i>1 0 0 0 1 0 0 0 1 0.69 0.93 0</i>
                <i>1 0 0 0 1 0 0 0 1 0.69 0.93 0</i>
                <i>1 0 0 0 1 0 0 0 1 0.69 0.93 0</i>
                <i>1 0 0 0 1 0 0 0 1 0.69 0.93 0</i>
                <i>1 0 0 0 1 0 0 0 1 0.69 0.93 0</i>
                <i>1 0 0 0 1 0 0 0 1 0.69 0.93 0</i>
                <i>1 0 0 0 1 0 0 0 1 0.69 0.93 0</i>
                <i>1 0 0 0 1 0 0 0 1 0.69 0.93 0</i>
                <i>1 0 0 0 1 0 0 0 1 0.69 0.93 0</i>
                <i>1 0 0 0 1 0 0 0 1 0.69 0.93 0</i>
                <i>1 0 0 0 1 0 0 0 1 0.69 0.93 0</i>
                <i>1 0 0 0 1 0 0 0 1 0.69 0.93 0</i>
                <i>1 0 0 0 1 0 0 0 1 0.69 0.93 0</i>
                <i>1 0 0 0 1 0 0 0 1 0.69 0.93 0</i>
                <i>1 0 0 0 1 0 0 0 1 0.69 0.93 0</i>
                <i>1 0 0 0 1 0 0 0 1 0.69 0.93 0</i>
                <i>1 0 0 0 1 0 0 0 1 0.69 0.93 0</i>
                <i>1 0 0 0 1 0 0 0 1 0.69 0.93 0</i>
                <i>1 0 0 0 1 0 0 0 1 0.69 0.93 0</i>
                <i>1 0 0 0 1 0 0 0 1 0.69 0.93 0</i>
                <i>1 0 0 0 1 0 0 0 1 0.69 0.93 0</i>
                <i>1 0 0 0 1 0 0 0 1 0.69 0.93 0</i>
                <i>1 0 0 0 1 0 0 0 1 0.69 0.93 0</i>
                <i>1 0 0 0 1 0 0 0 1 0.69 0.93 0</i>
                <i>1 0 0 0 1 0 0 0 1 0.69 0.93 0</i>
                <i>1 0 0 0 1 0 0 0 1 0.69 0.93 0</i>
                <i>1 0 0 0 1 0 0 0 1 0.69 0.93 0</i>
                <i>1 0 0 0 1 0 0 0 1 0.69 0.93 0</i>
                <i>1 0 0 0 1 0 0 0 1 0.69 0.93 0</i>
                <i>1 0 0 0 1 0 0 0 1 0.69 0.93 0</i>
                <i>1 0 0 0 1 0 0 0 1 0.69 0.93 0</i>
                <i>1 0 0 0 1 0 0 0 1 0.69 0.93 0</i>
                <i>1 0 0 0 1 0 0 0 1 0.69 0.93 0</i>
                <i>1 0 0 0 1 0 0 0 1 0.69 0.93 0</i>
                <i>1 0 0 0 1 0 0 0 1 0.69 0.93 0</i>
                <i>1 0 0 0 1 0 0 0 1 0.69 0.93 0</i>
                <i>1 0 0 0 1 0 0 0 1 0.69 0.93 0</i>
                <i>1 0 0 0 1 0 0 0 1 0.69 0.93 0</i>
                <i>1 0 0 0 1 0 0 0 1 0.69 0.93 0</i>
                <i>1 0 0 0 1 0 0 0 1 0.69 0.93 0</i>
                <i>1 0 0 0 1 0 0 0 1 0.69 0.93 0</i>
                <i>1 0 0 0 1 0 0 0 1 0.69 0.93 0</i>
                <i>1 0 0 0 1 0 0 0 1 0.69 0.93 0</i>
                <i>1 0 0 0 1 0 0 0 1 0.69 0.93 0</i>
                <i>1 0 0 0 1 0 0 0 1 0.69 0.93 0</i>
                <i>1 0 0 0 1 0 0 0 1 0.69 0.93 0</i>
                <i>1 0 0 0 1 0 0 0 1 0.69 0.93 0</i>
                <i>1 0 0 0 1 0 0 0 1 0.69 0.93 0</i>
                <i>1 0 0 0 1 0 0 0 1 0.69 0.93 0</i>
                <i>1 0 0 0 1 0 0 0 1 0.69 0.93 0</i>
                <i>1 0 0 0 1 0 0 0 1 0.69 0.93 0</i>
                <i>1 0 0 0 1 0 0 0 1 0.69 0.93 0</i>
                <i>1 0 0 0 1 0 0 0 1 0.69 0.93 0</i>
                <i>1 0 0 0 1 0 0 0 1 0.69 0.93 0</i>
                <i>1 0 0 0 1 0 0 0 1 0.69 0.93 0</i>
            </KeyFrames>
        </RefFrame>
        <Bones count="23">
            <i>
                <p>
                    <Name><![CDATA[pelvis]]></Name>
                    <Exclude>0</Exclude>
                    <Additive>0</Additive>
                    <IKPriority>0</IKPriority>
                    <IKRotLimits>-1e+010 -1e+010 -1e+010 1e+010 1e+010 1e+010</IKRotLimits>
                    <IKRotLimitOrder>2</IKRotLimitOrder>
                    <KeyFrames count="100">
                        <i>1 0 0 0 1 0 0 0 1 0.62452 2.07002 -0.0330085</i>
                        <i>1 0 0 0 1 0 0 0 1 0.62452 2.06905 -0.0330085</i>
                        <i>1 0 0 0 1 0 0 0 1 0.62452 2.06799 -0.0330085</i>
                        <i>1 0 0 0 1 0 0 0 1 0.62452 2.06686 -0.0330085</i>
                        <i>1 0 0 0 1 0 0 0 1 0.62452 2.06567 -0.0330085</i>
                        <i>1 0 0 0 1 0 0 0 1 0.62452 2.06446 -0.0330085</i>
                        <i>1 0 0 0 1 0 0 0 1 0.62452 2.06324 -0.0330085</i>
                        <i>1 0 0 0 1 0 0 0 1 0.62452 2.06204 -0.0330085</i>
                        <i>1 0 0 0 1 0 0 0 1 0.62452 2.06087 -0.0330085</i>
                        <i>1 0 0 0 1 0 0 0 1 0.62452 2.05976 -0.0330085</i>
                        <i>1 0 0 0 1 0 0 0 1 0.62452 2.05872 -0.0330085</i>
                        <i>1 0 0 0 1 0 0 0 1 0.62452 2.05779 -0.0330085</i>
                        <i>1 0 0 0 1 0 0 0 1 0.62452 2.05698 -0.0330085</i>
                        <i>1 0 0 0 1 0 0 0 1 0.62452 2.05631 -0.0330085</i>
                        <i>1 0 0 0 1 0 0 0 1 0.62452 2.05581 -0.0330085</i>
                        <i>1 0 0 0 1 0 0 0 1 0.62452 2.05549 -0.0330085</i>
                        <i>1 0 0 0 1 0 0 0 1 0.62452 2.05538 -0.0330085</i>
                        <i>1 0 0 0 1 0 0 0 1 0.62452 2.0554 -0.0330085</i>
                        <i>1 0 0 0 1 0 0 0 1 0.62452 2.05548 -0.0330085</i>
                        <i>1 0 0 0 1 0 0 0 1 0.62452 2.05563 -0.0330085</i>
                        <i>1 0 0 0 1 0 0 0 1 0.62452 2.05584 -0.0330085</i>
                        <i>1 0 0 0 1 0 0 0 1 0.62452 2.05613 -0.0330085</i>
                        <i>1 0 0 0 1 0 0 0 1 0.62452 2.0565 -0.0330085</i>
                        <i>1 0 0 0 1 0 0 0 1 0.62452 2.05697 -0.0330085</i>
                        <i>1 0 0 0 1 0 0 0 1 0.62452 2.05753 -0.0330085</i>
                        <i>1 0 0 0 1 0 0 0 1 0.62452 2.05819 -0.0330085</i>
                        <i>1 0 0 0 1 0 0 0 1 0.62452 2.05897 -0.0330085</i>
                        <i>1 0 0 0 1 0 0 0 1 0.62452 2.05986 -0.0330085</i>
                        <i>1 0 0 0 1 0 0 0 1 0.62452 2.06088 -0.0330085</i>
                        <i>1 0 0 0 1 0 0 0 1 0.62452 2.06203 -0.0330085</i>
                        <i>1 0 0 0 1 0 0 0 1 0.62452 2.06332 -0.0330085</i>
                        <i>1 0 0 0 1 0 0 0 1 0.62452 2.06476 -0.0330085</i>
                        <i>1 0 0 0 1 0 0 0 1 0.62452 2.06635 -0.0330085</i>
                        <i>1 0 0 0 1 0 0 0 1 0.62452 2.0681 -0.0330085</i>
                        <i>1 0 0 0 1 0 0 0 1 0.62452 2.07002 -0.0330085</i>
                        <i>1 0 0 0 1 0 0 0 1 0.622225 2.07457 -0.0313469</i>
                        <i>1 0 0 0 1 0 0 0 1 0.616901 2.08253 -0.0271005</i>
                        <i>1 0 0 0 1 0 0 0 1 0.610893 2.09135 -0.0213771</i>
                        <i>1 0 0 0 1 0 0 0 1 0.606545 2.0985 -0.0152844</i>
                        <i>1 0 0 0 1 0 0 0 1 0.606201 2.10145 -0.00993028</i>
                        <i>1 0 0 0 1 0 0 0 1 0.612205 2.09852 -0.00457613</i>
                        <i>1 0 0 0 1 0 0 0 1 0.622993 2.0914 0.00151652</i>
                        <i>1 0 0 0 1 0 0 0 1 0.63505 2.0826 0.00723992</i>
                        <i>1 0 0 0 1 0 0 0 1 0.644862 2.07464 0.0114863</i>
                        <i>1 0 0 0 1 0 0 0 1 0.648914 2.07002 0.013148</i>
                        <i>1 0 0 0 1 0 0 0 1 0.648914 2.07078 0.013148</i>
                        <i>1 0 0 0 1 0 0 0 1 0.648914 2.0752 0.013148</i>
                        <i>1 0 0 0 1 0 0 0 1 0.648914 2.08014 0.013148</i>
                        <i>1 0 0 0 1 0 0 0 1 0.648914 2.08249 0.013148</i>
                        <i>1 0 0 0 1 0 0 0 1 0.648914 2.07881 0.013148</i>
                        <i>1 0 0 0 1 0 0 0 1 0.648914 2.07237 0.013148</i>
                        <i>1 0 0 0 1 0 0 0 1 0.648914 2.0701 0.013148</i>
                        <i>1 0 0 0 1 0 0 0 1 0.648914 2.07554 0.013148</i>
                        <i>1 0 0 0 1 0 0 0 1 0.648914 2.08476 0.013148</i>
                        <i>1 0 0 0 1 0 0 0 1 0.648914 2.09345 0.013148</i>
                        <i>1 0 0 0 1 0 0 0 1 0.648914 2.0973 0.013148</i>
                        <i>1 0 0 0 1 0 0 0 1 0.648914 2.09338 0.013148</i>
                        <i>1 0 0 0 1 0 0 0 1 0.648914 2.08458 0.013148</i>
                        <i>1 0 0 0 1 0 0 0 1 0.648914 2.07532 0.013148</i>
                        <i>1 0 0 0 1 0 0 0 1 0.648914 2.07002 0.013148</i>
                        <i>1 0 0 0 1 0 0 0 1 0.648914 2.07092 0.013148</i>
                        <i>1 0 0 0 1 0 0 0 1 0.648914 2.07532 0.013148</i>
                        <i>1 0 0 0 1 0 0 0 1 0.648914 2.08019 0.013148</i>
                        <i>1 0 0 0 1 0 0 0 1 0.648914 2.08249 0.013148</i>
                        <i>1 0 0 0 1 0 0 0 1 0.648914 2.07881 0.013148</i>
                        <i>1 0 0 0 1 0 0 0 1 0.648914 2.07237 0.013148</i>
                        <i>1 0 0 0 1 0 0 0 1 0.648914 2.0701 0.013148</i>
                        <i>1 0 0 0 1 0 0 0 1 0.648914 2.07554 0.013148</i>
                        <i>1 0 0 0 1 0 0 0 1 0.648914 2.08476 0.013148</i>
                        <i>1 0 0 0 1 0 0 0 1 0.648914 2.09345 0.013148</i>
                        <i>1 0 0 0 1 0 0 0 1 0.648914 2.0973 0.013148</i>
                        <i>1 0 0 0 1 0 0 0 1 0.648914 2.09303 0.013148</i>
                        <i>1 0 0 0 1 0 0 0 1 0.648914 2.08366 0.013148</i>
                        <i>1 0 0 0 1 0 0 0 1 0.648914 2.07428 0.013148</i>
                        <i>1 0 0 0 1 0 0 0 1 0.648914 2.07002 0.013148</i>
                        <i>1 0 0 0 1 0 0 0 1 0.648603 2.07004 0.0125599</i>
                        <i>1 0 0 0 1 0 0 0 1 0.647729 2.07008 0.0109051</i>
                        <i>1 0 0 0 1 0 0 0 1 0.646377 2.07015 0.0083477</i>
                        <i>1 0 0 0 1 0 0 0 1 0.644635 2.07024 0.00505177</i>
                        <i>1 0 0 0 1 0 0 0 1 0.64259 2.07033 0.00118146</i>
                        <i>1 0 0 0 1 0 0 0 1 0.640327 2.07042 -0.00309912</i>
                        <i>1 0 0 0 1 0 0 0 1 0.637935 2.0705 -0.00762587</i>
                        <i>1 0 0 0 1 0 0 0 1 0.635499 2.07057 -0.0122347</i>
                        <i>1 0 0 0 1 0 0 0 1 0.633107 2.07062 -0.0167614</i>
                        <i>1 0 0 0 1 0 0 0 1 0.630844 2.07064 -0.021042</i>
                        <i>1 0 0 0 1 0 0 0 1 0.628799 2.07062 -0.0249123</i>
                        <i>1 0 0 0 1 0 0 0 1 0.627057 2.07055 -0.0282083</i>
                        <i>1 0 0 0 1 0 0 0 1 0.625705 2.07044 -0.0307657</i>
                        <i>1 0 0 0 1 0 0 0 1 0.624831 2.07026 -0.0324205</i>
                        <i>1 0 0 0 1 0 0 0 1 0.62452 2.07002 -0.0330085</i>
                        <i>1 0 0 0 1 0 0 0 1 0.62452 2.06979 -0.0330085</i>
                        <i>1 0 0 0 1 0 0 0 1 0.62452 2.06966 -0.0330085</i>
                        <i>1 0 0 0 1 0 0 0 1 0.62452 2.06961 -0.0330085</i>
                        <i>1 0 0 0 1 0 0 0 1 0.62452 2.06962 -0.0330085</i>
                        <i>1 0 0 0 1 0 0 0 1 0.62452 2.06967 -0.0330085</i>
                        <i>1 0 0 0 1 0 0 0 1 0.62452 2.06975 -0.0330085</i>
                        <i>1 0 0 0 1 0 0 0 1 0.62452 2.06984 -0.0330085</i>
                        <i>1 0 0 0 1 0 0 0 1 0.62452 2.06993 -0.0330085</i>
                        <i>1 0 0 0 1 0 0 0 1 0.62452 2.06999 -0.0330085</i>
                        <i>1 0 0 0 1 0 0 0 1 0.62452 2.07002 -0.0330085</i>
                    </KeyFrames>
                </p>
            </i>
            <i>
                <p>
                    <Name><![CDATA[spine0]]></Name>
                    <Exclude>0</Exclude>
                    <Additive>0</Additive>
                    <IKPriority>0</IKPriority>
                    <IKRotLimits>-1e+010 -1e+010 -1e+010 1e+010 1e+010 1e+010</IKRotLimits>
                    <IKRotLimitOrder>0</IKRotLimitOrder>
                    <KeyFrames count="100">
                        <i>-0.0643376 0.997082 0.0410828 -0.935997 -0.0460167 -0.348988 -0.346079 -0.0609064 0.936226 0.607632 2.20909 -0.0657438</i>
                        <i>-0.0641504 0.997074 0.0415598 -0.935674 -0.0456153 -0.349906 -0.346987 -0.061333 0.935862 0.608015 2.20796 -0.0666098</i>
                        <i>-0.0639385 0.997066 0.0420955 -0.935313 -0.0451625 -0.350928 -0.347997 -0.0618103 0.935456 0.608442 2.20671 -0.0675697</i>
                        <i>-0.0637075 0.997056 0.0426762 -0.934924 -0.0446702 -0.352024 -0.349081 -0.0623256 0.935017 0.6089 2.20537 -0.0685943</i>
                        <i>-0.0634634 0.997045 0.0432873 -0.934519 -0.0441507 -0.353165 -0.35021 -0.0628659 0.934559 0.609376 2.20396 -0.0696547</i>
                        <i>-0.0632129 0.997033 0.0439138 -0.934107 -0.0436175 -0.354319 -0.351352 -0.0634177 0.934093 0.609857 2.20251 -0.0707221</i>
                        <i>-0.0629629 0.997021 0.0445394 -0.933699 -0.0430849 -0.355457 -0.352479 -0.063967 0.933631 0.610331 2.20106 -0.071768</i>
                        <i>-0.0627209 0.997009 0.0451468 -0.933307 -0.0425682 -0.356547 -0.353559 -0.0644988 0.933186 0.610784 2.19961 -0.0727641</i>
                        <i>-0.0624947 0.996998 0.0457172 -0.932942 -0.0420837 -0.357559 -0.354561 -0.064997 0.932771 0.611203 2.19822 -0.0736826</i>
                        <i>-0.062292 0.996987 0.046231 -0.932616 -0.0416481 -0.358459 -0.355454 -0.0654449 0.9324 0.611576 2.1969 -0.0744957</i>
                        <i>-0.0621208 0.996977 0.0466675 -0.932341 -0.0412789 -0.359216 -0.356204 -0.0658248 0.932087 0.611888 2.19569 -0.0751759</i>
                        <i>-0.0619891 0.996969 0.0470052 -0.932129 -0.0409937 -0.359798 -0.35678 -0.0661185 0.931846 0.612128 2.19461 -0.0756957</i>
                        <i>-0.0619045 0.996964 0.047223 -0.931994 -0.0408102 -0.36017 -0.35715 -0.0663077 0.931691 0.612281 2.19371 -0.0760279</i>
                        <i>-0.0618747 0.996962 0.0473 -0.931946 -0.0407453 -0.360302 -0.35728 -0.0663745 0.931636 0.612335 2.19301 -0.0761448</i>
                        <i>-0.0618919 0.996964 0.0472554 -0.931973 -0.0407829 -0.360226 -0.357205 -0.0663358 0.931668 0.612304 2.19253 -0.0760771</i>
                        <i>-0.0619415 0.996967 0.0471278 -0.932053 -0.0408904 -0.360008 -0.356988 -0.066225 0.931758 0.612214 2.19226 -0.075883</i>
                        <i>-0.0620197 0.996971 0.0469267 -0.932178 -0.0410599 -0.359663 -0.356647 -0.0660503 0.931902 0.612072 2.19223 -0.0755754</i>
                        <i>-0.0621229 0.996977 0.0466621 -0.932344 -0.0412834 -0.359207 -0.356195 -0.0658202 0.932091 0.611885 2.19237 -0.0751676</i>
                        <i>-0.0622476 0.996984 0.0463439 -0.932545 -0.0415525 -0.358656 -0.355648 -0.0655432 0.932319 0.611657 2.19258 -0.0746725</i>
                        <i>-0.0623901 0.996992 0.0459819 -0.932774 -0.0418591 -0.358024 -0.355022 -0.0652279 0.93258 0.611396 2.19287 -0.0741032</i>
                        <i>-0.0625466 0.997 0.045586 -0.933026 -0.0421951 -0.357327 -0.354332 -0.0648825 0.932866 0.611107 2.19324 -0.0734727</i>
                        <i>-0.0627135 0.997009 0.0451654 -0.933295 -0.0425524 -0.35658 -0.353592 -0.064515 0.933172 0.610797 2.1937 -0.0727943</i>
                        <i>-0.0628872 0.997018 0.0447292 -0.933576 -0.0429234 -0.355799 -0.352818 -0.0641333 0.933492 0.610473 2.19424 -0.0720812</i>
                        <i>-0.0630641 0.997026 0.044286 -0.933864 -0.0433007 -0.354997 -0.352024 -0.0637447 0.933818 0.61014 2.19488 -0.0713466</i>
                        <i>-0.0632408 0.997035 0.043844 -0.934153 -0.043677 -0.354191 -0.351226 -0.0633563 0.934145 0.609804 2.19561 -0.0706041</i>
                        <i>-0.063414 0.997043 0.043411 -0.934437 -0.0440455 -0.353394 -0.350436 -0.062975 0.934467 0.609471 2.19643 -0.069867</i>
                        <i>-0.0635804 0.99705 0.0429945 -0.934713 -0.0443997 -0.35262 -0.349671 -0.0626073 0.934778 0.609149 2.19736 -0.069149</i>
                        <i>-0.0637372 0.997057 0.0426017 -0.934974 -0.0447334 -0.351884 -0.348943 -0.0622596 0.935073 0.608842 2.1984 -0.0684638</i>
                        <i>-0.0638814 0.997063 0.0422394 -0.935216 -0.0450407 -0.351201 -0.348267 -0.0619382 0.935347 0.608556 2.19955 -0.0678251</i>
                        <i>-0.0640103 0.997069 0.0419144 -0.935434 -0.0453158 -0.350584 -0.347657 -0.0616491 0.935593 0.608299 2.20082 -0.0672467</i>
                        <i>-0.0641214 0.997073 0.0416334 -0.935624 -0.0455532 -0.350047 -0.347126 -0.0613987 0.935806 0.608074 2.2022 -0.0667425</i>
                        <i>-0.0642121 0.997077 0.0414029 -0.93578 -0.0457474 -0.349605 -0.346689 -0.0611929 0.935982 0.60789 2.20372 -0.0663263</i>
                        <i>-0.0642801 0.99708 0.0412298 -0.935897 -0.0458932 -0.349272 -0.346359 -0.0610381 0.936114 0.60775 2.20537 -0.0660119</i>
                        <i>-0.0643228 0.997082 0.0411208 -0.935971 -0.0459848 -0.349061 -0.346151 -0.0609404 0.936197 0.607662 2.20715 -0.0658131</i>
                        <i>-0.0643376 0.997082 0.0410828 -0.935997 -0.0460167 -0.348988 -0.346079 -0.0609064 0.936226 0.607632 2.20909 -0.0657438</i>
                        <i>-0.0667467 0.997057 0.0377219 -0.935929 -0.0494622 -0.348699 -0.345806 -0.0585795 0.936476 0.606234 2.21368 -0.0643308</i>
                        <i>-0.0739497 0.996861 0.0282918 -0.935596 -0.0595279 -0.348018 -0.345241 -0.0522055 0.937061 0.602881 2.22164 -0.0609579</i>
                        <i>-0.0859978 0.9962 0.0137562 -0.934713 -0.0758954 -0.347205 -0.344842 -0.042717 0.937688 0.598832 2.23023 -0.0569159</i>
                        <i>-0.103178 0.994651 -0.00493853 -0.9329 -0.098492 -0.346405 -0.345038 -0.0311341 0.938072 0.595331 2.23675 -0.0534727</i>
                        <i>-0.125899 0.99168 -0.0268315 -0.929719 -0.127381 -0.345538 -0.346081 -0.018557 0.938021 0.59362 2.23849 -0.0518787</i>
                        <i>-0.153957 0.986776 -0.0507003 -0.924743 -0.161974 -0.344404 -0.348062 -0.00613877 0.937451 0.595266 2.23349 -0.0514118</i>
                        <i>-0.183662 0.980201 -0.0739856 -0.91834 -0.197941 -0.342741 -0.3506 0.00499541 0.936512 0.59984 2.22346 -0.0506265</i>
                        <i>-0.210292 0.973131 -0.0937705 -0.911671 -0.229834 -0.340636 -0.353035 0.0138548 0.935508 0.605545 2.21137 -0.0497101</i>
                        <i>-0.229613 0.967335 -0.107428 -0.90631 -0.252743 -0.338708 -0.354796 0.0195914 0.934738 0.610462 2.20059 -0.0489188</i>
                        <i>-0.237933 0.964726 -0.112658 -0.903903 -0.262381 -0.33781 -0.355453 0.021456 0.934448 0.612556 2.19477 -0.0485799</i>
                        <i>-0.236567 0.965466 -0.109139 -0.905374 -0.259809 -0.335854 -0.352611 0.0193592 0.93557 0.611627 2.19611 -0.0468291</i>
                        <i>-0.231594 0.967608 -0.100496 -0.909363 -0.252028 -0.330971 -0.345577 0.0147362 0.938275 0.609471 2.20179 -0.0426504</i>
                        <i>-0.226672 0.969754 -0.0905379 -0.913877 -0.243912 -0.324556 -0.336823 0.00917281 0.941523 0.60702 2.20803 -0.0376865</i>
                        <i>-0.22585 0.970597 -0.0832717 -0.916661 -0.240674 -0.319075 -0.329734 0.00426903 0.944064 0.605138 2.21128 -0.0336807</i>
                        <i>-0.2324 0.969118 -0.0824636 -0.91558 -0.246591 -0.317659 -0.328184 0.00167827 0.944612 0.604617 2.20786 -0.0324529</i>
                        <i>-0.242556 0.966075 -0.0886902 -0.911205 -0.258245 -0.32096 -0.332975 0.00296413 0.942931 0.605813 2.20096 -0.0348442</i>
                        <i>-0.250602 0.963035 -0.0988013 -0.906081 -0.269264 -0.326364 -0.340904 0.00773459 0.940066 0.608209 2.19759 -0.039624</i>
                        <i>-0.251161 0.961717 -0.109625 -0.902579 -0.273607 -0.332402 -0.349671 0.0154582 0.936745 0.611275 2.20139 -0.0455078</i>
                        <i>-0.240818 0.963352 -0.118148 -0.902058 -0.267079 -0.339059 -0.358188 0.0249251 0.933317 0.614423 2.20869 -0.0512673</i>
                        <i>-0.224332 0.966715 -0.12303 -0.903372 -0.253643 -0.34581 -0.365505 0.0335662 0.930204 0.617004 2.21563 -0.0557743</i>
                        <i>-0.207951 0.969917 -0.126561 -0.904459 -0.239937 -0.352681 -0.372438 0.041129 0.927145 0.619279 2.21782 -0.0596032</i>
                        <i>-0.197843 0.971379 -0.13146 -0.903709 -0.232698 -0.359389 -0.379694 0.047699 0.923882 0.621667 2.21203 -0.0635017</i>
                        <i>-0.201661 0.969673 -0.13808 -0.900711 -0.238979 -0.362779 -0.384775 0.0512114 0.921588 0.623704 2.20155 -0.0667262</i>
                        <i>-0.213923 0.966177 -0.14401 -0.897192 -0.252641 -0.362242 -0.386373 0.0517127 0.920892 0.624912 2.19125 -0.0685897</i>
                        <i>-0.222241 0.964078 -0.145472 -0.895748 -0.260813 -0.360018 -0.385026 0.0502962 0.921534 0.624809 2.18604 -0.0684195</i>
                        <i>-0.222306 0.964969 -0.139338 -0.898052 -0.258304 -0.356064 -0.379582 0.0459772 0.924015 0.622593 2.18886 -0.064922</i>
                        <i>-0.219929 0.967201 -0.127097 -0.902848 -0.251155 -0.34898 -0.369455 0.0379989 0.928471 0.61864 2.19641 -0.0583899</i>
                        <i>-0.218062 0.969436 -0.112444 -0.908347 -0.24374 -0.339849 -0.356869 0.0280294 0.933734 0.614223 2.20439 -0.0506199</i>
                        <i>-0.219892 0.970379 -0.100062 -0.912338 -0.24088 -0.331083 -0.345378 0.0184877 0.938281 0.610512 2.20894 -0.0436923</i>
                        <i>-0.228171 0.968989 -0.0948576 -0.912484 -0.246806 -0.326282 -0.339575 0.012108 0.940501 0.608544 2.20629 -0.0399076</i>
                        <i>-0.240085 0.966032 -0.0956079 -0.909648 -0.25827 -0.325327 -0.338969 0.00886336 0.940756 0.608029 2.20007 -0.0389944</i>
                        <i>-0.250816 0.963089 -0.0977242 -0.906447 -0.269092 -0.325488 -0.339771 0.00694408 0.940483 0.607963 2.19777 -0.0389921</i>
                        <i>-0.254673 0.961866 -0.0997736 -0.904815 -0.273426 -0.326418 -0.341251 0.00714685 0.939945 0.608252 2.20301 -0.0397089</i>
                        <i>-0.247563 0.963636 -0.100586 -0.906134 -0.267033 -0.328047 -0.342978 0.00993232 0.939291 0.608807 2.21189 -0.0409485</i>
                        <i>-0.233444 0.967162 -0.100509 -0.909107 -0.253762 -0.330347 -0.345005 0.0142561 0.938493 0.60954 2.22013 -0.0425145</i>
                        <i>-0.218966 0.970539 -0.100537 -0.911783 -0.240214 -0.333089 -0.347426 0.018733 0.93752 0.610359 2.22347 -0.0442122</i>
                        <i>-0.210947 0.972178 -0.101838 -0.912627 -0.233196 -0.335754 -0.350161 0.0221141 0.936428 0.611169 2.21869 -0.0458516</i>
                        <i>-0.216975 0.970433 -0.105748 -0.910163 -0.240271 -0.337451 -0.352881 0.0230292 0.935385 0.611872 2.20886 -0.0472469</i>
                        <i>-0.230655 0.966746 -0.110457 -0.906047 -0.254779 -0.337885 -0.354791 0.0221442 0.934683 0.612368 2.19916 -0.0482164</i>
                        <i>-0.237933 0.964726 -0.112658 -0.903903 -0.262381 -0.33781 -0.355453 0.021456 0.934448 0.612556 2.19477 -0.0485799</i>
                        <i>-0.235081 0.965658 -0.11064 -0.904746 -0.258998 -0.338164 -0.355207 0.0206053 0.934561 0.612466 2.19503 -0.0488159</i>
                        <i>-0.228523 0.967838 -0.105199 -0.906694 -0.250936 -0.339024 -0.354518 0.0179084 0.934878 0.612219 2.19574 -0.049477</i>
                        <i>-0.2188 0.970953 -0.0968361 -0.909486 -0.238883 -0.34025 -0.353499 0.0136244 0.935336 0.611849 2.19681 -0.0504909</i>
                        <i>-0.206452 0.974665 -0.0860531 -0.912842 -0.223525 -0.341697 -0.352275 0.00800909 0.935862 0.611395 2.19815 -0.0517835</i>
                        <i>-0.192025 0.978645 -0.0733551 -0.916486 -0.205555 -0.343221 -0.35097 0.00132204 0.936386 0.610891 2.19965 -0.053282</i>
                        <i>-0.176082 0.98259 -0.0592564 -0.920167 -0.185683 -0.344696 -0.349698 -0.00616887 0.936842 0.61037 2.20124 -0.0549158</i>
                        <i>-0.159203 0.986252 -0.0442827 -0.92367 -0.164637 -0.346019 -0.348552 -0.0141845 0.937182 0.609859 2.20282 -0.0566181</i>
                        <i>-0.141987 0.989444 -0.028972 -0.92683 -0.143166 -0.347117 -0.347601 -0.0224342 0.937374 0.609378 2.20433 -0.0583258</i>
                        <i>-0.12505 0.992053 -0.0138719 -0.929535 -0.122035 -0.347953 -0.346881 -0.0306171 0.937409 0.608942 2.20569 -0.0599793</i>
                        <i>-0.109015 0.99404 0.000461902 -0.931732 -0.10202 -0.348523 -0.346398 -0.0384246 0.9373 0.60856 2.20688 -0.0615228</i>
                        <i>-0.0945127 0.995432 0.01347 -0.933414 -0.0839037 -0.348853 -0.34613 -0.0455441 0.937081 0.608238 2.20784 -0.0629024</i>
                        <i>-0.0821719 0.996315 0.024592 -0.934619 -0.0684691 -0.348998 -0.346028 -0.051662 0.936801 0.607981 2.20856 -0.0640661</i>
                        <i>-0.0726178 0.996805 0.0332698 -0.935409 -0.0564959 -0.349024 -0.346029 -0.0564662 0.936523 0.607791 2.20902 -0.0649624</i>
                        <i>-0.0664691 0.997028 0.0389494 -0.935853 -0.0487568 -0.349002 -0.346065 -0.0596488 0.936312 0.607673 2.2092 -0.0655394</i>
                        <i>-0.0643376 0.997082 0.0410828 -0.935997 -0.0460167 -0.348988 -0.346079 -0.0609064 0.936226 0.607632 2.20909 -0.0657438</i>
                        <i>-0.064402 0.997072 0.0412278 -0.935996 -0.0460267 -0.348989 -0.34607 -0.0610646 0.936219 0.607632 2.20886 -0.0657438</i>
                        <i>-0.0644393 0.997066 0.0413118 -0.935995 -0.0460325 -0.34899 -0.346064 -0.0611563 0.936215 0.607632 2.20873 -0.0657438</i>
                        <i>-0.0644544 0.997064 0.0413458 -0.935995 -0.0460349 -0.34899 -0.346062 -0.0611934 0.936214 0.607632 2.20868 -0.0657438</i>
                        <i>-0.064452 0.997064 0.0413404 -0.935995 -0.0460345 -0.34899 -0.346063 -0.0611875 0.936214 0.607632 2.20868 -0.0657438</i>
                        <i>-0.0644369 0.997067 0.0413065 -0.935995 -0.0460321 -0.34899 -0.346065 -0.0611505 0.936216 0.607632 2.20874 -0.0657438</i>
                        <i>-0.0644139 0.99707 0.0412546 -0.935996 -0.0460285 -0.348989 -0.346068 -0.0610939 0.936218 0.607632 2.20882 -0.0657438</i>
                        <i>-0.0643877 0.997074 0.0411956 -0.935996 -0.0460245 -0.348989 -0.346072 -0.0610295 0.936221 0.607632 2.20891 -0.0657438</i>
                        <i>-0.0643631 0.997078 0.0411401 -0.935996 -0.0460206 -0.348988 -0.346075 -0.060969 0.936224 0.607632 2.209 -0.0657438</i>
                        <i>-0.0643448 0.997081 0.0410989 -0.935997 -0.0460178 -0.348988 -0.346078 -0.060924 0.936226 0.607632 2.20906 -0.0657438</i>
                        <i>-0.0643376 0.997082 0.0410828 -0.935997 -0.0460167 -0.348988 -0.346079 -0.0609064 0.936226 0.607632 2.20909 -0.0657438</i>
                    </KeyFrames>
                </p>
            </i>
            <i>
                <p>
                    <Name><![CDATA[spine1]]></Name>
                    <Exclude>0</Exclude>
                    <Additive>0</Additive>
                    <IKPriority>0</IKPriority>
                    <IKRotLimits>-1e+010 -1e+010 -1e+010 1e+010 1e+010 1e+010</IKRotLimits>
                    <IKRotLimitOrder>0</IKRotLimitOrder>
                    <KeyFrames count="100">
                        <i>0.0840248 0.988955 0.122098 -0.965693 0.111031 -0.234752 -0.245716 -0.0981847 0.964357 0.596547 2.38089 -0.0586694</i>
                        <i>0.0820657 0.988458 0.127342 -0.965309 0.110615 -0.236524 -0.24788 -0.103514 0.963245 0.596959 2.37984 -0.0594505</i>
                        <i>0.0798792 0.987872 0.133147 -0.964879 0.110163 -0.238479 -0.250255 -0.109422 0.961977 0.597417 2.37867 -0.0603149</i>
                        <i>0.0775284 0.987206 0.139334 -0.964417 0.109691 -0.240555 -0.252761 -0.115726 0.960583 0.597908 2.37743 -0.0612357</i>
                        <i>0.0750779 0.986473 0.145722 -0.963936 0.109213 -0.242693 -0.255324 -0.122246 0.959096 0.598419 2.37613 -0.0621864</i>
                        <i>0.0725935 0.98569 0.152138 -0.963448 0.108745 -0.244833 -0.257874 -0.128804 0.957555 0.598936 2.3748 -0.063141</i>
                        <i>0.0701426 0.984879 0.158408 -0.962965 0.108297 -0.246921 -0.260342 -0.135222 0.956001 0.599446 2.37347 -0.0640739</i>
                        <i>0.0677936 0.984068 0.164363 -0.962502 0.10788 -0.248901 -0.262667 -0.141325 0.954481 0.599933 2.37215 -0.06496</i>
                        <i>0.0656155 0.983285 0.169837 -0.962072 0.107505 -0.25072 -0.264787 -0.146944 0.953045 0.600384 2.37087 -0.0657749</i>
                        <i>0.0636778 0.982566 0.174669 -0.961688 0.10718 -0.252325 -0.266647 -0.15191 0.951747 0.600785 2.36967 -0.0664943</i>
                        <i>0.0620502 0.981945 0.178701 -0.961366 0.106913 -0.253664 -0.268189 -0.156057 0.950642 0.601121 2.36855 -0.0670948</i>
                        <i>0.0608022 0.981458 0.181776 -0.961118 0.106712 -0.254686 -0.269361 -0.159223 0.949786 0.601379 2.36756 -0.0675529</i>
                        <i>0.0600031 0.981142 0.183737 -0.960959 0.106585 -0.255337 -0.270106 -0.161243 0.949233 0.601544 2.36671 -0.0678452</i>
                        <i>0.0597216 0.98103 0.184427 -0.960903 0.106541 -0.255567 -0.270368 -0.161953 0.949038 0.601602 2.36602 -0.0679479</i>
                        <i>0.0598845 0.981095 0.184028 -0.960935 0.106567 -0.255434 -0.270216 -0.161542 0.949151 0.601569 2.36553 -0.0678884</i>
                        <i>0.0603519 0.981281 0.182882 -0.961028 0.106641 -0.255053 -0.269781 -0.160362 0.949475 0.601472 2.36523 -0.0677177</i>
                        <i>0.0610913 0.981572 0.181065 -0.961175 0.106759 -0.254449 -0.269091 -0.15849 0.949985 0.601319 2.36516 -0.067447</i>
                        <i>0.06207 0.981953 0.178652 -0.96137 0.106916 -0.253648 -0.268171 -0.156007 0.950656 0.601117 2.36523 -0.0670875</i>
                        <i>0.0632553 0.982406 0.175718 -0.961605 0.10711 -0.252673 -0.267049 -0.152989 0.951462 0.600872 2.36537 -0.0666505</i>
                        <i>0.0646143 0.982916 0.172338 -0.961874 0.107336 -0.25155 -0.265751 -0.149514 0.952377 0.600591 2.36559 -0.0661472</i>
                        <i>0.0661142 0.983467 0.168587 -0.96217 0.10759 -0.250305 -0.264305 -0.145661 0.953376 0.600281 2.36587 -0.0655889</i>
                        <i>0.0677222 0.984042 0.164543 -0.962488 0.107868 -0.248961 -0.262737 -0.14151 0.954434 0.599948 2.36624 -0.0649869</i>
                        <i>0.0694055 0.984628 0.160282 -0.96282 0.108165 -0.247544 -0.261076 -0.137142 0.955527 0.599599 2.36669 -0.0643528</i>
                        <i>0.0711319 0.985211 0.155884 -0.96316 0.108476 -0.246081 -0.259351 -0.132637 0.956632 0.59924 2.36724 -0.0636984</i>
                        <i>0.072869 0.985778 0.15143 -0.963502 0.108796 -0.244597 -0.257593 -0.128079 0.957727 0.598879 2.36788 -0.0630356</i>
                        <i>0.0745851 0.98632 0.147 -0.963839 0.109119 -0.243119 -0.255834 -0.123551 0.958793 0.598522 2.36863 -0.0623765</i>
                        <i>0.0762487 0.986828 0.142677 -0.964166 0.109439 -0.241675 -0.254106 -0.119137 0.959811 0.598175 2.36948 -0.0617333</i>
                        <i>0.0778288 0.987293 0.138546 -0.964476 0.10975 -0.240292 -0.252444 -0.114923 0.960763 0.597846 2.37045 -0.0611185</i>
                        <i>0.0792948 0.98771 0.134691 -0.964764 0.110044 -0.238998 -0.250883 -0.110993 0.961633 0.597539 2.37154 -0.0605446</i>
                        <i>0.0806166 0.988073 0.131195 -0.965024 0.110314 -0.237823 -0.249459 -0.107434 0.962407 0.597263 2.37275 -0.0600243</i>
                        <i>0.0817644 0.988379 0.128145 -0.965249 0.110552 -0.236795 -0.24821 -0.104331 0.963071 0.597022 2.3741 -0.0595701</i>
                        <i>0.0827086 0.988624 0.125626 -0.965435 0.110751 -0.235945 -0.247174 -0.101769 0.963612 0.596824 2.37558 -0.0591949</i>
                        <i>0.0834199 0.988804 0.123722 -0.965575 0.110902 -0.235301 -0.246388 -0.0998341 0.964016 0.596674 2.3772 -0.0589113</i>
                        <i>0.0838685 0.988916 0.122518 -0.965663 0.110998 -0.234894 -0.24589 -0.0986111 0.964269 0.59658 2.37897 -0.0587319</i>
                        <i>0.0840248 0.988955 0.122098 -0.965693 0.111031 -0.234752 -0.245716 -0.0981847 0.964357 0.596547 2.38089 -0.0586694</i>
                        <i>0.0731572 0.990351 0.117699 -0.966463 0.0995276 -0.236735 -0.246165 -0.0964332 0.964419 0.594747 2.38529 -0.0578417</i>
                        <i>0.0458322 0.993238 0.106662 -0.967882 0.0705745 -0.241297 -0.247193 -0.0921768 0.964572 0.590185 2.3928 -0.0561014</i>
                        <i>0.0101298 0.995683 0.0922628 -0.968633 0.0326808 -0.246336 -0.248288 -0.0868735 0.964783 0.584101 2.40087 -0.0545583</i>
                        <i>-0.0253912 0.99664 0.0778765 -0.96818 -0.00511553 -0.250202 -0.248963 -0.0817514 0.965057 0.577682 2.40689 -0.0543148</i>
                        <i>-0.0518701 0.996408 0.0669374 -0.967134 -0.0334129 -0.252064 -0.248922 -0.077812 0.965393 0.572085 2.40811 -0.0564655</i>
                        <i>-0.0621197 0.996126 0.0622405 -0.966673 -0.0445304 -0.252112 -0.248363 -0.0758273 0.965694 0.568881 2.4026 -0.0600998</i>
                        <i>-0.0592376 0.996277 0.0626398 -0.966934 -0.0416739 -0.251599 -0.248051 -0.0754727 0.965802 0.568239 2.39213 -0.0633602</i>
                        <i>-0.0498015 0.9966 0.0656349 -0.967392 -0.031793 -0.251279 -0.248338 -0.0760087 0.965687 0.569163 2.37975 -0.0659432</i>
                        <i>-0.0401191 0.996818 0.068879 -0.967676 -0.0215838 -0.25127 -0.248984 -0.0767333 0.965463 0.570527 2.36885 -0.0676193</i>
                        <i>-0.036054 0.996873 0.070313 -0.967723 -0.0172658 -0.251426 -0.249426 -0.0771084 0.965319 0.571072 2.363 -0.0682411</i>
                        <i>-0.0309744 0.997635 0.0613587 -0.968356 -0.0147423 -0.249139 -0.247645 -0.067134 0.966522 0.570476 2.36408 -0.0658302</i>
                        <i>-0.0183975 0.999029 0.0400266 -0.96994 -0.0081175 -0.243209 -0.242648 -0.0432978 0.969148 0.569388 2.36928 -0.0600542</i>
                        <i>-0.004341 0.999885 0.0145295 -0.971806 -0.000792938 -0.235782 -0.235743 -0.0151434 0.971697 0.567981 2.37506 -0.0532846</i>
                        <i>0.00524203 0.999967 -0.00627516 -0.973318 0.00366256 -0.229432 -0.229401 0.00731041 0.973304 0.566357 2.37794 -0.0479807</i>
                        <i>0.00511337 0.9999 -0.0131994 -0.973939 0.00198669 -0.2268 -0.226752 0.0140151 0.973852 0.564729 2.3742 -0.0466076</i>
                        <i>-0.00504383 0.999986 -0.00166632 -0.973301 -0.0052916 -0.22947 -0.229476 0.000464417 0.973314 0.564085 2.36716 -0.0501054</i>
                        <i>-0.0204131 0.99954 0.022442 -0.971669 -0.0145475 -0.235896 -0.235461 -0.0266216 0.971519 0.564898 2.36404 -0.0567086</i>
                        <i>-0.0358692 0.997951 0.0529781 -0.969381 -0.0218579 -0.244587 -0.242928 -0.0601291 0.968179 0.5676 2.36865 -0.0645867</i>
                        <i>-0.0469116 0.995373 0.0838573 -0.966737 -0.0241098 -0.254634 -0.251434 -0.0930133 0.963395 0.572285 2.37728 -0.0719643</i>
                        <i>-0.0527018 0.992689 0.108582 -0.964241 -0.0223054 -0.264085 -0.259733 -0.118617 0.958368 0.577545 2.38572 -0.0774454</i>
                        <i>-0.0572228 0.989936 0.129429 -0.961917 -0.0199605 -0.272614 -0.267287 -0.140099 0.953378 0.582507 2.38939 -0.0820209</i>
                        <i>-0.0646952 0.9866 0.149784 -0.959814 -0.0204463 -0.27989 -0.273077 -0.161872 0.948275 0.586449 2.38502 -0.0869497</i>
                        <i>-0.075478 0.983309 0.165551 -0.958644 -0.0258663 -0.28343 -0.274417 -0.180097 0.944596 0.587572 2.37537 -0.0915221</i>
                        <i>-0.0852863 0.981087 0.173767 -0.958376 -0.0330842 -0.283585 -0.272473 -0.19072 0.943072 0.586405 2.36525 -0.0945737</i>
                        <i>-0.087836 0.981137 0.172208 -0.958753 -0.0363519 -0.281908 -0.27033 -0.189867 0.94386 0.584794 2.35971 -0.0946739</i>
                        <i>-0.07803 0.98484 0.154926 -0.960296 -0.0324967 -0.277086 -0.26785 -0.170396 0.948273 0.582855 2.36142 -0.089881</i>
                        <i>-0.0589385 0.990753 0.122208 -0.963101 -0.0242302 -0.268048 -0.262608 -0.133497 0.955623 0.579803 2.36726 -0.0808696</i>
                        <i>-0.0370453 0.99591 0.0824065 -0.966349 -0.0146958 -0.256813 -0.254552 -0.0891472 0.962941 0.576172 2.37358 -0.0702615</i>
                        <i>-0.0195214 0.998739 0.0462424 -0.969205 -0.00754753 -0.246141 -0.245482 -0.0496234 0.96813 0.572456 2.3769 -0.0610201</i>
                        <i>-0.0130528 0.99958 0.025855 -0.970917 -0.00648803 -0.23933 -0.239062 -0.028227 0.970594 0.569181 2.37347 -0.0562785</i>
                        <i>-0.0153023 0.999681 0.0200909 -0.971616 -0.0101228 -0.236346 -0.236068 -0.0231373 0.971461 0.566606 2.36675 -0.0554972</i>
                        <i>-0.019379 0.99963 0.0190977 -0.971931 -0.0143557 -0.234826 -0.234465 -0.0231123 0.97185 0.56464 2.36413 -0.0558798</i>
                        <i>-0.0223671 0.999497 0.0224671 -0.971797 -0.0164594 -0.235242 -0.234754 -0.0270952 0.971677 0.564213 2.36935 -0.0569714</i>
                        <i>-0.0220024 0.999318 0.0296608 -0.97112 -0.0143127 -0.238161 -0.237574 -0.0340443 0.970773 0.565979 2.37861 -0.0583598</i>
