<?xml version="1.0" encoding="ISO-8859-1" ?>
<Animl Version="1">
    <ModellingPackage><![CDATA[Maya.2010]]></ModellingPackage>
    <SrcFile><![CDATA[anims\turrets\antitank\blue\~src\at_bgm71tow\antitank_bgm71tow_repair_repairman_b.mb]]></SrcFile>
    <FramesPerSecond>30</FramesPerSecond>
    <TotalFrames>30</TotalFrames>
    <Skeleton>
        <RefFrame>
            <Name><![CDATA[soldier_ref_frame]]></Name>
            <Exclude>0</Exclude>
            <Additive>0</Additive>
            <IKPriority>0</IKPriority>
            <IKRotLimits>-1e+010 -1e+010 -1e+010 1e+010 1e+010 1e+010</IKRotLimits>
            <IKRotLimitOrder>0</IKRotLimitOrder>
            <KeyFrames count="30">
                <i>1 0 0 0 1 0 0 0 1 0.3 2.56 0.95</i>
                <i>1 0 0 0 1 0 0 0 1 0.3 2.56 0.95</i>
                <i>1 0 0 0 1 0 0 0 1 0.3 2.56 0.95</i>
                <i>1 0 0 0 1 0 0 0 1 0.3 2.56 0.95</i>
                <i>1 0 0 0 1 0 0 0 1 0.3 2.56 0.95</i>
                <i>1 0 0 0 1 0 0 0 1 0.3 2.56 0.95</i>
                <i>1 0 0 0 1 0 0 0 1 0.3 2.56 0.95</i>
                <i>1 0 0 0 1 0 0 0 1 0.3 2.56 0.95</i>
                <i>1 0 0 0 1 0 0 0 1 0.3 2.56 0.95</i>
                <i>1 0 0 0 1 0 0 0 1 0.3 2.56 0.95</i>
                <i>1 0 0 0 1 0 0 0 1 0.3 2.56 0.95</i>
                <i>1 0 0 0 1 0 0 0 1 0.3 2.56 0.95</i>
                <i>1 0 0 0 1 0 0 0 1 0.3 2.56 0.95</i>
                <i>1 0 0 0 1 0 0 0 1 0.3 2.56 0.95</i>
                <i>1 0 0 0 1 0 0 0 1 0.3 2.56 0.95</i>
                <i>1 0 0 0 1 0 0 0 1 0.3 2.56 0.95</i>
                <i>1 0 0 0 1 0 0 0 1 0.3 2.56 0.95</i>
                <i>1 0 0 0 1 0 0 0 1 0.3 2.56 0.95</i>
                <i>1 0 0 0 1 0 0 0 1 0.3 2.56 0.95</i>
                <i>1 0 0 0 1 0 0 0 1 0.3 2.56 0.95</i>
                <i>1 0 0 0 1 0 0 0 1 0.3 2.56 0.95</i>
                <i>1 0 0 0 1 0 0 0 1 0.3 2.56 0.95</i>
                <i>1 0 0 0 1 0 0 0 1 0.3 2.56 0.95</i>
                <i>1 0 0 0 1 0 0 0 1 0.3 2.56 0.95</i>
                <i>1 0 0 0 1 0 0 0 1 0.3 2.56 0.95</i>
                <i>1 0 0 0 1 0 0 0 1 0.3 2.56 0.95</i>
                <i>1 0 0 0 1 0 0 0 1 0.3 2.56 0.95</i>
                <i>1 0 0 0 1 0 0 0 1 0.3 2.56 0.95</i>
                <i>1 0 0 0 1 0 0 0 1 0.3 2.56 0.95</i>
                <i>1 0 0 0 1 0 0 0 1 0.3 2.56 0.95</i>
            </KeyFrames>
        </RefFrame>
        <Bones count="23">
            <i>
                <p>
                    <Name><![CDATA[pelvis]]></Name>
                    <Exclude>0</Exclude>
                    <Additive>0</Additive>
                    <IKPriority>0</IKPriority>
                    <IKRotLimits>-1e+010 -1e+010 -1e+010 1e+010 1e+010 1e+010</IKRotLimits>
                    <IKRotLimitOrder>2</IKRotLimitOrder>
                    <KeyFrames count="30">
                        <i>1 0 0 0 1 0 0 0 1 0.223131 3.69596 0.947412</i>
                        <i>1 0 0 0 1 0 0 0 1 0.223131 3.7077 0.947412</i>
                        <i>1 0 0 0 1 0 0 0 1 0.223131 3.71376 0.947412</i>
                        <i>1 0 0 0 1 0 0 0 1 0.223131 3.70512 0.947412</i>
                        <i>1 0 0 0 1 0 0 0 1 0.223131 3.69142 0.947412</i>
                        <i>1 0 0 0 1 0 0 0 1 0.223131 3.68352 0.947412</i>
                        <i>1 0 0 0 1 0 0 0 1 0.223131 3.68816 0.947412</i>
                        <i>1 0 0 0 1 0 0 0 1 0.223131 3.6986 0.947412</i>
                        <i>1 0 0 0 1 0 0 0 1 0.223131 3.70537 0.947412</i>
                        <i>1 0 0 0 1 0 0 0 1 0.223131 3.70463 0.947412</i>
                        <i>1 0 0 0 1 0 0 0 1 0.223131 3.70085 0.947412</i>
                        <i>1 0 0 0 1 0 0 0 1 0.223131 3.69698 0.947412</i>
                        <i>1 0 0 0 1 0 0 0 1 0.223131 3.69596 0.947412</i>
                        <i>1 0 0 0 1 0 0 0 1 0.223131 3.7077 0.947412</i>
                        <i>1 0 0 0 1 0 0 0 1 0.223131 3.71376 0.947412</i>
                        <i>1 0 0 0 1 0 0 0 1 0.223131 3.70512 0.947412</i>
                        <i>1 0 0 0 1 0 0 0 1 0.223131 3.69142 0.947412</i>
                        <i>1 0 0 0 1 0 0 0 1 0.223131 3.68352 0.947412</i>
                        <i>1 0 0 0 1 0 0 0 1 0.223131 3.68844 0.947412</i>
                        <i>1 0 0 0 1 0 0 0 1 0.223131 3.69916 0.947412</i>
                        <i>1 0 0 0 1 0 0 0 1 0.223131 3.70537 0.947412</i>
                        <i>1 0 0 0 1 0 0 0 1 0.223131 3.70498 0.947412</i>
                        <i>1 0 0 0 1 0 0 0 1 0.223131 3.70236 0.947412</i>
                        <i>1 0 0 0 1 0 0 0 1 0.223131 3.69838 0.947412</i>
                        <i>1 0 0 0 1 0 0 0 1 0.223131 3.69393 0.947412</i>
                        <i>1 0 0 0 1 0 0 0 1 0.223131 3.68992 0.947412</i>
                        <i>1 0 0 0 1 0 0 0 1 0.223131 3.68722 0.947412</i>
                        <i>1 0 0 0 1 0 0 0 1 0.223131 3.68674 0.947412</i>
                        <i>1 0 0 0 1 0 0 0 1 0.223131 3.68935 0.947412</i>
                        <i>1 0 0 0 1 0 0 0 1 0.223131 3.69596 0.947412</i>
                    </KeyFrames>
                </p>
            </i>
            <i>
                <p>
                    <Name><![CDATA[spine0]]></Name>
                    <Exclude>0</Exclude>
                    <Additive>0</Additive>
                    <IKPriority>0</IKPriority>
                    <IKRotLimits>-1e+010 -1e+010 -1e+010 1e+010 1e+010 1e+010</IKRotLimits>
                    <IKRotLimitOrder>0</IKRotLimitOrder>
                    <KeyFrames count="30">
                        <i>-0.137219 0.777295 -0.613989 0.982348 0.0272295 -0.18507 -0.127136 -0.628546 -0.767311 0.222834 3.83851 0.966811</i>
                        <i>-0.143068 0.77841 -0.611236 0.981875 0.0340628 -0.186441 -0.124308 -0.626831 -0.769175 0.222834 3.85025 0.966811</i>
                        <i>-0.143644 0.781508 -0.607134 0.981777 0.0354041 -0.18671 -0.12442 -0.62289 -0.772352 0.222834 3.8563 0.966811</i>
                        <i>-0.13945 0.785905 -0.602418 0.982044 0.0317027 -0.185969 -0.127056 -0.617534 -0.776214 0.222834 3.84767 0.966811</i>
                        <i>-0.134 0.789391 -0.599088 0.9824 0.0264312 -0.184909 -0.130131 -0.613322 -0.779039 0.222834 3.83397 0.966811</i>
                        <i>-0.129867 0.790594 -0.598411 0.98267 0.0221169 -0.184039 -0.132265 -0.611941 -0.779765 0.222834 3.82606 0.966811</i>
                        <i>-0.132003 0.790527 -0.598033 0.982525 0.0244773 -0.184515 -0.131226 -0.611938 -0.779943 0.222834 3.83071 0.966811</i>
                        <i>-0.135539 0.79029 -0.597554 0.982273 0.0283586 -0.185297 -0.129493 -0.612077 -0.780124 0.222834 3.84115 0.966811</i>
                        <i>-0.135715 0.788965 -0.599262 0.982281 0.0282428 -0.185274 -0.12925 -0.613788 -0.778819 0.222834 3.84791 0.966811</i>
                        <i>-0.136133 0.785782 -0.603336 0.982299 0.0279651 -0.185218 -0.128669 -0.617871 -0.775681 0.222834 3.84718 0.966811</i>
                        <i>-0.13663 0.781936 -0.6082 0.982322 0.027631 -0.185151 -0.127971 -0.622746 -0.771888 0.222834 3.8434 0.966811</i>
                        <i>-0.137045 0.778674 -0.612279 0.98234 0.0273486 -0.185094 -0.127383 -0.626832 -0.768671 0.222834 3.83952 0.966811</i>
                        <i>-0.137219 0.777295 -0.613989 0.982348 0.0272295 -0.18507 -0.127136 -0.628546 -0.767311 0.222834 3.83851 0.966811</i>
                        <i>-0.143068 0.77841 -0.611236 0.981875 0.0340628 -0.186441 -0.124308 -0.626831 -0.769175 0.222834 3.85025 0.966811</i>
                        <i>-0.143644 0.781508 -0.607134 0.981777 0.0354041 -0.18671 -0.12442 -0.62289 -0.772352 0.222834 3.8563 0.966811</i>
                        <i>-0.13945 0.785905 -0.602418 0.982044 0.0317027 -0.185969 -0.127056 -0.617534 -0.776214 0.222834 3.84767 0.966811</i>
                        <i>-0.134 0.789391 -0.599088 0.9824 0.0264312 -0.184909 -0.130131 -0.613322 -0.779039 0.222834 3.83397 0.966811</i>
                        <i>-0.129867 0.790594 -0.598411 0.98267 0.0221169 -0.184039 -0.132265 -0.611941 -0.779765 0.222834 3.82606 0.966811</i>
                        <i>-0.132003 0.790527 -0.598033 0.982525 0.0244773 -0.184515 -0.131226 -0.611938 -0.779943 0.222834 3.83099 0.966811</i>
                        <i>-0.135539 0.79029 -0.597554 0.982273 0.0283586 -0.185297 -0.129493 -0.612077 -0.780124 0.222834 3.84171 0.966811</i>
                        <i>-0.134874 0.78996 -0.598141 0.982328 0.0275392 -0.185133 -0.129775 -0.61254 -0.779714 0.222834 3.84791 0.966811</i>
                        <i>-0.133182 0.789042 -0.599729 0.982464 0.0254368 -0.184709 -0.130488 -0.613813 -0.778593 0.222834 3.84753 0.966811</i>
                        <i>-0.130921 0.787641 -0.602064 0.982642 0.022584 -0.184133 -0.131434 -0.61572 -0.776926 0.222834 3.84491 0.966811</i>
                        <i>-0.128547 0.785878 -0.604873 0.982824 0.0195167 -0.183512 -0.132413 -0.618073 -0.774888 0.222834 3.84092 0.966811</i>
                        <i>-0.126514 0.783906 -0.607853 0.982978 0.0167757 -0.182956 -0.133223 -0.620652 -0.772685 0.222834 3.83648 0.966811</i>
                        <i>-0.125269 0.781912 -0.610672 0.983079 0.0149071 -0.182575 -0.133655 -0.62321 -0.770549 0.222834 3.83247 0.966811</i>
                        <i>-0.125259 0.7801 -0.612988 0.983102 0.0144612 -0.182485 -0.133492 -0.625487 -0.76873 0.222834 3.82977 0.966811</i>
                        <i>-0.126932 0.778661 -0.614471 0.983021 0.0159938 -0.182797 -0.132509 -0.627241 -0.76747 0.222834 3.82929 0.966811</i>
                        <i>-0.130757 0.777725 -0.614855 0.982792 0.0200648 -0.183623 -0.130471 -0.628285 -0.766965 0.222834 3.8319 0.966811</i>
                        <i>-0.137219 0.777295 -0.613989 0.982348 0.0272295 -0.18507 -0.127136 -0.628546 -0.767311 0.222834 3.83851 0.966811</i>
                    </KeyFrames>
                </p>
            </i>
            <i>
                <p>
                    <Name><![CDATA[spine1]]></Name>
                    <Exclude>0</Exclude>
                    <Additive>0</Additive>
                    <IKPriority>0</IKPriority>
                    <IKRotLimits>-1e+010 -1e+010 -1e+010 1e+010 1e+010 1e+010</IKRotLimits>
                    <IKRotLimitOrder>0</IKRotLimitOrder>
                    <KeyFrames count="30">
                        <i>-0.186787 0.196453 -0.962557 0.982348 0.0272295 -0.18507 -0.0101476 -0.980135 -0.198071 0.195787 3.99193 0.845819</i>
                        <i>-0.189092 0.199699 -0.961439 0.980597 0.0899634 -0.174174 0.0517119 -0.975719 -0.212836 0.194645 4.00383 0.846413</i>
                        <i>-0.190028 0.207611 -0.959577 0.978229 0.123076 -0.167093 0.0834101 -0.970438 -0.226479 0.19456 4.01033 0.847343</i>
                        <i>-0.188462 0.217608 -0.957668 0.98123 0.0822979 -0.174399 0.0408636 -0.97256 -0.229034 0.195411 4.00242 0.848382</i>
                        <i>-0.18601 0.225874 -0.956233 0.982176 0.0159841 -0.187281 -0.0270174 -0.974025 -0.224821 0.196508 3.98927 0.849141</i>
                        <i>-0.184313 0.229144 -0.955783 0.980303 -0.0273377 -0.195596 -0.0709486 -0.973009 -0.219592 0.197334 3.98152 0.849335</i>
                        <i>-0.185366 0.228885 -0.955642 0.981796 0.00215174 -0.189924 -0.0414146 -0.973451 -0.225118 0.196911 3.98617 0.849399</i>
                        <i>-0.18681 0.228519 -0.955448 0.982388 0.039617 -0.182602 -0.00387622 -0.972733 -0.231896 0.196216 3.99656 0.84949</i>
                        <i>-0.186817 0.225188 -0.956237 0.982385 0.0383601 -0.182891 -0.00450349 -0.97356 -0.228387 0.196171 4.00313 0.849109</i>
                        <i>-0.186823 0.217239 -0.958073 0.982375 0.0353336 -0.18355 -0.0060222 -0.975479 -0.220012 0.196064 4.00191 0.848201</i>
                        <i>-0.186816 0.207747 -0.960177 0.982363 0.031667 -0.184281 -0.007878 -0.97767 -0.209999 0.195937 3.99754 0.847114</i>
                        <i>-0.186798 0.199791 -0.961868 0.982353 0.0285493 -0.184846 -0.00946985 -0.979423 -0.201598 0.195831 3.99316 0.846202</i>
                        <i>-0.186787 0.196453 -0.962557 0.982348 0.0272295 -0.18507 -0.0101476 -0.980135 -0.198071 0.195787 3.99193 0.845819</i>
                        <i>-0.189092 0.199699 -0.961439 0.980597 0.0899634 -0.174174 0.0517119 -0.975719 -0.212836 0.194645 4.00383 0.846413</i>
                        <i>-0.190028 0.207611 -0.959577 0.978229 0.123076 -0.167093 0.0834101 -0.970438 -0.226479 0.19456 4.01033 0.847343</i>
                        <i>-0.188462 0.217608 -0.957668 0.98123 0.0822979 -0.174399 0.0408635 -0.97256 -0.229034 0.195411 4.00242 0.848382</i>
                        <i>-0.18601 0.225874 -0.956233 0.982176 0.0159841 -0.187281 -0.0270174 -0.974025 -0.224821 0.196508 3.98927 0.849141</i>
                        <i>-0.184313 0.229144 -0.955783 0.980303 -0.0273377 -0.195596 -0.0709486 -0.973009 -0.219592 0.197334 3.98152 0.849335</i>
                        <i>-0.185366 0.228885 -0.955642 0.981796 0.0021517 -0.189924 -0.0414147 -0.973451 -0.225118 0.196911 3.98645 0.849399</i>
                        <i>-0.18681 0.228519 -0.955448 0.982388 0.039617 -0.182602 -0.00387622 -0.972733 -0.231896 0.196216 3.99712 0.84949</i>
                        <i>-0.186611 0.227632 -0.955699 0.9824 0.0351487 -0.183453 -0.00816819 -0.973113 -0.230185 0.196344 4.00328 0.849362</i>
                        <i>-0.186104 0.225214 -0.95637 0.982343 0.023642 -0.18559 -0.0191871 -0.974022 -0.225638 0.196669 4.00276 0.849017</i>
                        <i>-0.185424 0.221632 -0.957339 0.982065 0.00793309 -0.188377 -0.0341556 -0.975098 -0.219128 0.197103 3.99992 0.84851</i>
                        <i>-0.184708 0.217257 -0.958479 0.981507 -0.00911652 -0.191212 -0.05028 -0.976072 -0.211555 0.197558 3.99567 0.8479</i>
                        <i>-0.184086 0.212477 -0.95967 0.980776 -0.0245914 -0.19358 -0.0647309 -0.976857 -0.203866 0.197946 3.99092 0.847252</i>
                        <i>-0.183686 0.207694 -0.960793 0.980147 -0.0355149 -0.195064 -0.0746362 -0.977549 -0.197047 0.198178 3.98659 0.846636</i>
                        <i>-0.183632 0.203316 -0.961739 0.979968 -0.0388561 -0.195327 -0.0770826 -0.978342 -0.192108 0.198168 3.98361 0.846121</i>
                        <i>-0.184045 0.199743 -0.962408 0.980484 -0.0315472 -0.19405 -0.0691213 -0.97934 -0.190039 0.197828 3.98291 0.845778</i>
                        <i>-0.185053 0.197348 -0.962709 0.981566 -0.010518 -0.190834 -0.0477865 -0.980277 -0.191764 0.197066 3.98539 0.845664</i>
                        <i>-0.186787 0.196453 -0.962557 0.982348 0.0272295 -0.18507 -0.0101476 -0.980135 -0.198071 0.195787 3.99193 0.845819</i>
                    </KeyFrames>
                </p>
            </i>
            <i>
                <p>
                    <Name><![CDATA[spine2]]></Name>
                    <Exclude>0</Exclude>
                    <Additive>0</Additive>
                    <IKPriority>0</IKPriority>
                    <IKRotLimits>-1e+010 -1e+010 -1e+010 1e+010 1e+010 1e+010</IKRotLimits>
                    <IKRotLimitOrder>0</IKRotLimitOrder>
                    <KeyFrames count="30">
                        <i>-0.183823 -0.0428138 -0.982027 0.982348 0.0272295 -0.18507 0.0346636 -0.998712 0.0370526 0.161956 4.02691 0.671393</i>
                        <i>-0.170416 -0.0389416 -0.984602 0.97823 0.1134 -0.173798 0.118421 -0.992786 0.0187687 0.160493 4.03939 0.672243</i>
                        <i>-0.166793 -0.030722 -0.985513 0.972357 0.160522 -0.16957 0.163406 -0.986554 0.00309885 0.160318 4.0473 0.673674</i>
                        <i>-0.174722 -0.0234458 -0.984339 0.978776 0.104601 -0.176226 0.107095 -0.994238 0.00467204 0.161429 4.04116 0.675221</i>
                        <i>-0.186488 -0.0167895 -0.982314 0.982355 0.0112596 -0.186688 0.0141949 -0.999796 0.0143935 0.162907 4.02947 0.676404</i>
                        <i>-0.195466 -0.0130843 -0.980623 0.979618 -0.0497973 -0.194601 -0.0462862 -0.998674 0.0225513 0.163999 4.02228 0.676777</i>
                        <i>-0.190271 -0.0136572 -0.981637 0.981718 -0.00797181 -0.190176 -0.00522814 -0.999875 0.0149244 0.163423 4.02689 0.676843</i>
                        <i>-0.182371 -0.0136983 -0.983135 0.982131 0.0447285 -0.182808 0.0464783 -0.998905 0.00529648 0.162516 4.03722 0.676956</i>
                        <i>-0.182528 -0.016739 -0.983058 0.982159 0.042915 -0.183092 0.0452527 -0.998939 0.00860707 0.162456 4.0432 0.676369</i>
                        <i>-0.182898 -0.0239779 -0.982839 0.98222 0.038584 -0.183724 0.0423272 -0.998968 0.0164946 0.162314 4.04058 0.674978</i>
                        <i>-0.183328 -0.0325963 -0.982511 0.982285 0.0334037 -0.184394 0.0388301 -0.99891 0.025895 0.162149 4.03452 0.673331</i>
                        <i>-0.183678 -0.0397985 -0.98218 0.982331 0.0290552 -0.184884 0.0358955 -0.998785 0.0337585 0.162013 4.02873 0.671963</i>
                        <i>-0.183823 -0.0428138 -0.982027 0.982348 0.0272295 -0.18507 0.0346636 -0.998712 0.0370526 0.161956 4.02691 0.671393</i>
                        <i>-0.170416 -0.0389416 -0.984602 0.97823 0.1134 -0.173798 0.118421 -0.992786 0.0187687 0.160493 4.03939 0.672243</i>
                        <i>-0.166793 -0.030722 -0.985513 0.972357 0.160522 -0.16957 0.163406 -0.986554 0.00309885 0.160318 4.0473 0.673674</i>
                        <i>-0.174722 -0.0234458 -0.984339 0.978776 0.104601 -0.176226 0.107095 -0.994238 0.00467202 0.161429 4.04116 0.675221</i>
                        <i>-0.186488 -0.0167895 -0.982314 0.982355 0.0112597 -0.186688 0.014195 -0.999796 0.0143935 0.162907 4.02947 0.676404</i>
                        <i>-0.195466 -0.0130843 -0.980623 0.979618 -0.0497973 -0.194601 -0.0462862 -0.998674 0.0225513 0.163999 4.02228 0.676777</i>
                        <i>-0.190271 -0.0136572 -0.981637 0.981718 -0.00797186 -0.190176 -0.00522819 -0.999875 0.0149244 0.163423 4.02717 0.676843</i>
                        <i>-0.182371 -0.0136983 -0.983135 0.982131 0.0447285 -0.182808 0.0464783 -0.998905 0.00529648 0.162516 4.03778 0.676956</i>
                        <i>-0.183817 -0.014576 -0.982852 0.98212 0.0386173 -0.184253 0.0406408 -0.999148 0.00721692 0.16267 4.04378 0.676766</i>
                        <i>-0.187521 -0.0169064 -0.982115 0.981925 0.0229049 -0.187879 0.0256716 -0.999595 0.0123056 0.163063 4.04284 0.676255</i>
                        <i>-0.192525 -0.0202269 -0.981084 0.981277 0.00152445 -0.192595 0.00539122 -0.999794 0.0195548 0.163587 4.03936 0.67551</i>
                        <i>-0.197872 -0.0241207 -0.979931 0.980091 -0.0215689 -0.197373 -0.0163753 -0.999476 0.0279083 0.164134 4.03434 0.674618</i>
                        <i>-0.202606 -0.0282509 -0.978853 0.978605 -0.0423972 -0.201331 -0.0358128 -0.998701 0.0362364 0.164598 4.02874 0.673674</i>
                        <i>-0.205777 -0.0323608 -0.978064 0.977365 -0.0569746 -0.203744 -0.0491314 -0.997851 0.0433524 0.164872 4.02356 0.672771</i>
                        <i>-0.206439 -0.036231 -0.977789 0.977047 -0.0613138 -0.20401 -0.0525604 -0.997461 0.0480569 0.164852 4.01981 0.672005</i>
                        <i>-0.203644 -0.0395999 -0.978244 0.97813 -0.0514122 -0.201539 -0.0423127 -0.997892 0.0492036 0.164433 4.01847 0.671467</i>
                        <i>-0.19643 -0.042043 -0.979616 0.98041 -0.0232361 -0.195592 -0.0145392 -0.998846 0.0457836 0.163505 4.02052 0.671241</i>
                        <i>-0.183823 -0.0428138 -0.982027 0.982348 0.0272295 -0.18507 0.0346636 -0.998712 0.0370526 0.161956 4.02691 0.671393</i>
                    </KeyFrames>
                </p>
            </i>
            <i>
                <p>
                    <Name><![CDATA[head]]></Name>
                    <Exclude>0</Exclude>
                    <Additive>0</Additive>
                    <IKPriority>0</IKPriority>
                    <IKRotLimits>-1e+010 -1e+010 -1e+010 1e+010 1e+010 1e+010</IKRotLimits>
                    <IKRotLimitOrder>0</IKRotLimitOrder>
                    <KeyFrames count="30">
                        <i>-0.185569 0.0170842 -0.982483 -0.0235907 0.999483 0.0218355 0.982348 0.0272295 -0.18507 0.11223 4.02891 0.407744</i>
                        <i>-0.117379 0.00312642 -0.993082 0.0231886 0.999731 0.000406547 0.992816 -0.0229805 -0.117419 0.114362 4.04241 0.407954</i>
                        <i>-0.0861406 -0.00429173 -0.996274 0.0570494 0.998329 -0.00923323 0.994648 -0.0576321 -0.0857518 0.114842 4.0525 0.409307</i>
                        <i>-0.107512 -0.0244279 -0.993904 0.0874963 0.995587 -0.0339339 0.990346 -0.0906111 -0.1049 0.113948 4.04828 0.411193</i>
                        <i>-0.149163 -0.0642896 -0.98672 0.117856 0.989615 -0.0822947 0.981764 -0.128567 -0.140037 0.112584 4.03838 0.412933</i>
                        <i>-0.186858 -0.0838045 -0.978806 0.106751 0.988723 -0.105033 0.97657 -0.124114 -0.175804 0.11135 4.03223 0.413822</i>
                        <i>-0.188449 -0.0835681 -0.978521 0.0133845 0.996062 -0.0876439 0.981992 -0.0296134 -0.186589 0.112032 4.03667 0.413622</i>
                        <i>-0.177098 -0.0825105 -0.980728 -0.0584255 0.995604 -0.0732117 0.982458 0.044334 -0.18114 0.113205 4.047 0.413339</i>
                        <i>-0.178262 -0.0721881 -0.981332 -0.0548805 0.996482 -0.0633333 0.982451 0.042566 -0.181597 0.1131 4.05216 0.412737</i>
                        <i>-0.180775 -0.0475294 -0.982375 -0.0463445 0.998134 -0.0397636 0.982432 0.0383394 -0.182641 0.112852 4.04761 0.411319</i>
                        <i>-0.183286 -0.018037 -0.982894 -0.036022 0.999283 -0.0116206 0.9824 0.0332759 -0.183804 0.112564 4.03926 0.409663</i>
                        <i>-0.184974 0.00670453 -0.98272 -0.0272788 0.999556 0.011954 0.982365 0.0290187 -0.184709 0.112328 4.03154 0.408305</i>
                        <i>-0.185569 0.0170842 -0.982483 -0.0235907 0.999483 0.0218355 0.982348 0.0272295 -0.18507 0.11223 4.02891 0.407744</i>
                        <i>-0.117379 0.00312642 -0.993082 0.0231886 0.999731 0.000406545 0.992816 -0.0229804 -0.117419 0.114362 4.04241 0.407954</i>
                        <i>-0.0861406 -0.00429173 -0.996274 0.0570494 0.998329 -0.00923323 0.994648 -0.0576321 -0.0857518 0.114842 4.0525 0.409307</i>
                        <i>-0.107512 -0.024428 -0.993904 0.0874963 0.995587 -0.0339339 0.990346 -0.0906112 -0.1049 0.113948 4.04828 0.411193</i>
                        <i>-0.149163 -0.0642895 -0.98672 0.117856 0.989615 -0.0822946 0.981764 -0.128567 -0.140037 0.112584 4.03838 0.412933</i>
                        <i>-0.186858 -0.0838045 -0.978806 0.106751 0.988723 -0.105033 0.97657 -0.124114 -0.175804 0.11135 4.03223 0.413822</i>
                        <i>-0.188449 -0.0835681 -0.978521 0.0133846 0.996062 -0.0876439 0.981992 -0.0296135 -0.186589 0.112032 4.03695 0.413622</i>
                        <i>-0.177098 -0.0825105 -0.980728 -0.0584255 0.995604 -0.0732117 0.982458 0.044334 -0.18114 0.113205 4.04756 0.413339</i>
                        <i>-0.182634 -0.079933 -0.979926 -0.062197 0.995633 -0.0696222 0.981212 0.0482331 -0.186808 0.112922 4.05332 0.413223</i>
                        <i>-0.19696 -0.0725894 -0.977721 -0.0713867 0.99567 -0.0595413 0.977809 0.058069 -0.201289 0.112195 4.05175 0.412908</i>
                        <i>-0.216671 -0.0610189 -0.974336 -0.0826867 0.995605 -0.0439633 0.972737 0.071039 -0.220764 0.111206 4.04739 0.412439</i>
                        <i>-0.238223 -0.0461124 -0.970115 -0.0929991 0.995365 -0.0244755 0.966748 0.0843892 -0.241408 0.11014 4.04133 0.411859</i>
                        <i>-0.257863 -0.0293699 -0.965735 -0.0997988 0.995001 -0.00361243 0.961014 0.0954477 -0.259505 0.109179 4.03463 0.411204</i>
                        <i>-0.271664 -0.0128556 -0.962306 -0.10128 0.99474 0.0153029 0.957048 0.101619 -0.271538 0.108502 4.02837 0.410501</i>
                        <i>-0.275585 0.00114537 -0.961276 -0.096168 0.99495 0.0287556 0.956454 0.100369 -0.274083 0.108289 4.02358 0.409773</i>
                        <i>-0.265452 0.0107539 -0.964064 -0.08317 0.995955 0.0340103 0.96053 0.0892093 -0.263484 0.108716 4.02134 0.409044</i>
                        <i>-0.236907 0.0154085 -0.97141 -0.0601762 0.997722 0.0305016 0.969667 0.0656818 -0.23544 0.109968 4.02273 0.408349</i>
                        <i>-0.185569 0.0170842 -0.982483 -0.0235907 0.999483 0.0218355 0.982348 0.0272295 -0.18507 0.11223 4.02891 0.407744</i>
                    </KeyFrames>
                </p>
            </i>
            <i>
                <p>
                    <Name><![CDATA[head_prop]]></Name>
                    <Exclude>0</Exclude>
                    <Additive>0</Additive>
                    <IKPriority>0</IKPriority>
                    <IKRotLimits>-1e+010 -1e+010 -1e+010 1e+010 1e+010 1e+010</IKRotLimits>
                    <IKRotLimitOrder>0</IKRotLimitOrder>
                    <KeyFrames count="30">
                        <i>-0.982348 -0.0272295 0.18507 -0.185569 0.0170842 -0.982483 0.0235907 -0.999483 -0.0218355 0.0517517 4.03448 0.0875436</i>
                        <i>-0.992816 0.0229805 0.117419 -0.117379 0.00312642 -0.993082 -0.0231886 -0.999731 -0.000406547 0.0761073 4.04343 0.0842991</i>
                        <i>-0.994648 0.0576321 0.0857518 -0.0861406 -0.00429173 -0.996274 -0.0570494 -0.998329 0.00923323 0.0867678 4.0511 0.0846125</i>
                        <i>-0.990346 0.0906111 0.1049 -0.107512 -0.0244279 -0.993904 -0.0874963 -0.995587 0.0339339 0.078909 4.04031 0.0872705</i>
                        <i>-0.981764 0.128567 0.140037 -0.149163 -0.0642896 -0.98672 -0.117856 -0.989615 0.0822947 0.0639707 4.01742 0.0913523</i>
                        <i>-0.97657 0.124114 0.175804 -0.186858 -0.0838045 -0.978806 -0.106751 -0.988723 0.105033 0.0504516 4.00491 0.0948206</i>
                        <i>-0.981992 0.0296134 0.186589 -0.188449 -0.0835681 -0.978521 -0.0133845 -0.996062 0.0876439 0.0506149 4.00943 0.0947129</i>
                        <i>-0.982458 -0.044334 0.18114 -0.177098 -0.0825105 -0.980728 0.0584255 -0.995604 0.0732117 0.0554876 4.02011 0.0937105</i>
                        <i>-0.982451 -0.042566 0.181597 -0.178262 -0.0721881 -0.981332 0.0548805 -0.996482 0.0633333 0.0550029 4.02864 0.0929118</i>
                        <i>-0.982432 -0.0383394 0.182641 -0.180775 -0.0475294 -0.982375 0.0463445 -0.998134 0.0397636 0.0539361 4.03212 0.0911544</i>
                        <i>-0.9824 -0.0332759 0.183804 -0.183286 -0.018037 -0.982894 0.036022 -0.999283 0.0116206 0.0528293 4.03338 0.0893291</i>
                        <i>-0.982365 -0.0290187 0.184709 -0.184974 0.00670453 -0.98272 0.0272788 -0.999556 -0.011954 0.0520429 4.03372 0.0880276</i>
                        <i>-0.982348 -0.0272295 0.18507 -0.185569 0.0170842 -0.982483 0.0235907 -0.999483 -0.0218355 0.0517517 4.03448 0.0875436</i>
                        <i>-0.992816 0.0229804 0.117419 -0.117379 0.00312642 -0.993082 -0.0231886 -0.999731 -0.000406545 0.0761073 4.04343 0.0842991</i>
                        <i>-0.994648 0.0576321 0.0857518 -0.0861406 -0.00429173 -0.996274 -0.0570494 -0.998329 0.00923323 0.0867678 4.0511 0.0846125</i>
                        <i>-0.990346 0.0906112 0.1049 -0.107512 -0.024428 -0.993904 -0.0874963 -0.995587 0.0339339 0.078909 4.04031 0.0872705</i>
                        <i>-0.981764 0.128567 0.140037 -0.149163 -0.0642895 -0.98672 -0.117856 -0.989615 0.0822946 0.0639707 4.01742 0.0913523</i>
                        <i>-0.97657 0.124114 0.175804 -0.186858 -0.0838045 -0.978806 -0.106751 -0.988723 0.105033 0.0504516 4.00491 0.0948206</i>
                        <i>-0.981992 0.0296135 0.186589 -0.188449 -0.0835681 -0.978521 -0.0133846 -0.996062 0.0876439 0.0506149 4.00971 0.0947129</i>
                        <i>-0.982458 -0.044334 0.18114 -0.177098 -0.0825105 -0.980728 0.0584255 -0.995604 0.0732117 0.0554876 4.02067 0.0937105</i>
                        <i>-0.981212 -0.0482331 0.186808 -0.182634 -0.079933 -0.979926 0.062197 -0.995633 0.0696222 0.0534003 4.02727 0.0938567</i>
                        <i>-0.977809 -0.058069 0.201289 -0.19696 -0.0725894 -0.977721 0.0713867 -0.99567 0.0595413 0.0480038 4.02809 0.0942599</i>
                        <i>-0.972737 -0.071039 0.220764 -0.216671 -0.0610189 -0.974336 0.0826867 -0.995605 0.0439633 0.0405913 4.0275 0.0948938</i>
                        <i>-0.966748 -0.0843892 0.241408 -0.238223 -0.0461124 -0.970115 0.0929991 -0.995365 0.0244755 0.0325012 4.0263 0.0956896</i>
                        <i>-0.961014 -0.0954477 0.259505 -0.257863 -0.0293699 -0.965735 0.0997988 -0.995001 0.00361243 0.0251391 4.02506 0.0964619</i>
                        <i>-0.957048 -0.101619 0.271538 -0.271664 -0.0128556 -0.962306 0.10128 -0.99474 -0.0153029 0.0199644 4.02418 0.0968765</i>
                        <i>-0.956454 -0.100369 0.274083 -0.275585 0.00114537 -0.961276 0.096168 -0.99495 -0.0287556 0.0184728 4.02395 0.0964845</i>
                        <i>-0.96053 -0.0892093 0.263484 -0.265452 0.0107539 -0.964064 0.08317 -0.995955 -0.0340103 0.0222031 4.02484 0.0948473</i>
                        <i>-0.969667 -0.0656818 0.23544 -0.236907 0.0154085 -0.97141 0.0601762 -0.997722 -0.0305016 0.0327579 4.02775 0.091758</i>
                        <i>-0.982348 -0.0272295 0.18507 -0.185569 0.0170842 -0.982483 0.0235907 -0.999483 -0.0218355 0.0517517 4.03448 0.0875436</i>
                    </KeyFrames>
                </p>
            </i>
            <i>
                <p>
                    <Name><![CDATA[l_clav]]></Name>
                    <Exclude>0</Exclude>
                    <Additive>0</Additive>
                    <IKPriority>0</IKPriority>
                    <IKRotLimits>-1e+010 -1e+010 -1e+010 1e+010 1e+010 1e+010</IKRotLimits>
                    <IKRotLimitOrder>0</IKRotLimitOrder>
                    <KeyFrames count="30">
                        <i>-0.9666 -0.211341 -0.14498 0.104848 0.190097 -0.97615 0.233861 -0.958748 -0.161589 0.0652685 3.98674 0.6171</i>
                        <i>-0.941504 -0.291254 -0.169536 0.107498 0.217235 -0.970182 0.319398 -0.931655 -0.173218 0.0670365 3.99241 0.615498</i>
                        <i>-0.922781 -0.340213 -0.180913 0.101839 0.237482 -0.966039 0.371623 -0.909867 -0.184497 0.0689133 3.99708 0.615785</i>
                        <i>-0.938201 -0.300775 -0.17121 0.103243 0.228941 -0.96795 0.330332 -0.925808 -0.18374 0.0675024 3.99602 0.618379</i>
                        <i>-0.962084 -0.225696 -0.153152 0.105643 0.209329 -0.972122 0.251463 -0.951442 -0.177549 0.0654362 3.99255 0.621478</i>
                        <i>-0.975039 -0.173719 -0.138281 0.103429 0.195734 -0.975188 0.196474 -0.965148 -0.17288 0.0646687 3.99076 0.623383</i>
                        <i>-0.966163 -0.211402 -0.147777 0.103483 0.207097 -0.972832 0.236263 -0.955207 -0.178213 0.0653355 3.99178 0.622472</i>
                        <i>-0.952415 -0.257893 -0.16247 0.105287 0.221868 -0.969376 0.286043 -0.940354 -0.184157 0.0661763 3.99771 0.621119</i>
                        <i>-0.954023 -0.253129 -0.16052 0.105236 0.218574 -0.970129 0.280653 -0.942418 -0.181886 0.0660789 4.00361 0.620692</i>
                        <i>-0.957733 -0.241692 -0.15599 0.10512 0.210709 -0.97188 0.267764 -0.947199 -0.176396 0.0658493 4.00082 0.619683</i>
                        <i>-0.961932 -0.227909 -0.150811 0.10499 0.201305 -0.973886 0.252317 -0.952646 -0.169713 0.0655806 3.99457 0.618493</i>
                        <i>-0.965258 -0.216256 -0.146665 0.104889 0.193411 -0.975495 0.239323 -0.956988 -0.164009 0.0653599 3.98862 0.617509</i>
                        <i>-0.9666 -0.211341 -0.14498 0.104848 0.190097 -0.97615 0.233861 -0.958748 -0.161589 0.0652685 3.98674 0.6171</i>
                        <i>-0.941504 -0.291254 -0.169536 0.107498 0.217235 -0.970182 0.319398 -0.931655 -0.173218 0.0670365 3.99241 0.615498</i>
                        <i>-0.922781 -0.340213 -0.180913 0.101839 0.237482 -0.966039 0.371623 -0.909867 -0.184497 0.0689133 3.99708 0.615785</i>
                        <i>-0.938201 -0.300775 -0.17121 0.103243 0.228941 -0.96795 0.330332 -0.925808 -0.18374 0.0675024 3.99602 0.618379</i>
                        <i>-0.962084 -0.225696 -0.153152 0.105643 0.209329 -0.972122 0.251463 -0.951442 -0.177549 0.0654362 3.99255 0.621478</i>
                        <i>-0.975039 -0.173719 -0.138281 0.103429 0.195734 -0.975188 0.196474 -0.965148 -0.17288 0.0646687 3.99076 0.623383</i>
                        <i>-0.966163 -0.211402 -0.147777 0.103483 0.207097 -0.972832 0.236263 -0.955207 -0.178213 0.0653355 3.99206 0.622472</i>
                        <i>-0.952415 -0.257893 -0.16247 0.105287 0.221868 -0.969376 0.286043 -0.940354 -0.184157 0.0661763 3.99827 0.621119</i>
                        <i>-0.954577 -0.251754 -0.159381 0.10411 0.219381 -0.970069 0.279184 -0.942598 -0.183206 0.0661359 4.0047 0.621217</i>
                        <i>-0.959936 -0.235756 -0.151464 0.101052 0.21291 -0.971832 0.261364 -0.948203 -0.180556 0.0660437 4.00487 0.621442</i>
                        <i>-0.966745 -0.21351 -0.140774 0.0968161 0.203942 -0.974184 0.236708 -0.955417 -0.176488 0.0659456 4.00292 0.621694</i>
                        <i>-0.973474 -0.188733 -0.129335 0.0921606 0.193938 -0.976675 0.209414 -0.962688 -0.1714 0.0658713 3.99952 0.621874</i>
                        <i>-0.979026 -0.165322 -0.11907 0.0879347 0.18431 -0.978927 0.183784 -0.968865 -0.165907 0.0658209 3.99536 0.621897</i>
                        <i>-0.982752 -0.147339 -0.111761 0.0850707 0.176415 -0.980633 0.164202 -0.973226 -0.160838 0.0657672 3.99111 0.621688</i>
                        <i>-0.984278 -0.138935 -0.109058 0.0845338 0.17159 -0.981535 0.155083 -0.975323 -0.157148 0.0656707 3.98745 0.621179</i>
                        <i>-0.983121 -0.14424 -0.112554 0.0872336 0.171212 -0.981365 0.160823 -0.974618 -0.15574 0.0655095 3.98505 0.620304</i>
                        <i>-0.978105 -0.167208 -0.123905 0.0938911 0.176797 -0.979759 0.18573 -0.96994 -0.157226 0.0653225 3.98458 0.618981</i>
                        <i>-0.9666 -0.211341 -0.14498 0.104848 0.190097 -0.97615 0.233861 -0.958748 -0.161589 0.0652685 3.98674 0.6171</i>
                    </KeyFrames>
                </p>
            </i>
            <i>
                <p>
                    <Name><![CDATA[l_shoulder]]></Name>
                    <Exclude>0</Exclude>
                    <Additive>0</Additive>
                    <IKPriority>0</IKPriority>
                    <IKRotLimits>-1e+010 -1e+010 -1e+010 1e+010 1e+010 1e+010</IKRotLimits>
                    <IKRotLimitOrder>0</IKRotLimitOrder>
                    <KeyFrames count="30">
                        <i>-0.345944 -0.921027 0.178977 -0.366581 -0.0429124 -0.929396 0.863679 -0.387129 -0.322786 -0.125711 3.94498 0.588455</i>
                        <i>-0.395123 -0.897848 0.194286 -0.344407 -0.0512824 -0.937419 0.851623 -0.437309 -0.288962 -0.118984 3.93487 0.582001</i>
                        <i>-0.420402 -0.884962 0.200259 -0.337848 -0.052163 -0.939754 0.842093 -0.462732 -0.277054 -0.113408 3.92986 0.58004</i>
                        <i>-0.390033 -0.900857 0.190608 -0.350768 -0.046034 -0.93533 0.851373 -0.431669 -0.298037 -0.117866 3.93659 0.584552</i>
                        <i>-0.334965 -0.926496 0.171474 -0.370892 -0.0376445 -0.927913 0.866163 -0.374417 -0.33102 -0.124651 3.94796 0.591219</i>
                        <i>-0.290721 -0.944372 0.153761 -0.386635 -0.0310477 -0.92171 0.875211 -0.32741 -0.356101 -0.127978 3.95644 0.596062</i>
                        <i>-0.324488 -0.931008 0.167129 -0.377464 -0.0345592 -0.925379 0.867311 -0.363359 -0.340208 -0.125558 3.95001 0.593274</i>
                        <i>-0.343896 -0.922748 0.17399 -0.363602 -0.0399794 -0.930696 0.865754 -0.383325 -0.321764 -0.122 3.94675 0.589018</i>
                        <i>-0.312393 -0.935983 0.162318 -0.363986 -0.0398921 -0.93055 0.877454 -0.349778 -0.328223 -0.122415 3.9536 0.588977</i>
                        <i>-0.313577 -0.935331 0.163782 -0.364765 -0.0405959 -0.930214 0.876707 -0.351436 -0.328446 -0.123378 3.95307 0.588863</i>
                        <i>-0.328203 -0.929066 0.170642 -0.365627 -0.0416207 -0.92983 0.870976 -0.367564 -0.326032 -0.124476 3.94954 0.588696</i>
                        <i>-0.342659 -0.922584 0.177267 -0.366304 -0.0425503 -0.929522 0.865104 -0.383443 -0.323366 -0.125354 3.9459 0.588531</i>
                        <i>-0.345944 -0.921027 0.178977 -0.366581 -0.0429124 -0.929396 0.863679 -0.387129 -0.322786 -0.125711 3.94498 0.588455</i>
                        <i>-0.395123 -0.897848 0.194286 -0.344407 -0.0512824 -0.937419 0.851623 -0.437309 -0.288962 -0.118984 3.93487 0.582001</i>
                        <i>-0.420402 -0.884962 0.200259 -0.337848 -0.052163 -0.939754 0.842093 -0.462732 -0.277054 -0.113408 3.92986 0.58004</i>
                        <i>-0.390033 -0.900857 0.190608 -0.350768 -0.046034 -0.93533 0.851373 -0.431669 -0.298037 -0.117866 3.93659 0.584552</i>
                        <i>-0.334965 -0.926496 0.171474 -0.370892 -0.0376445 -0.927913 0.866163 -0.374417 -0.33102 -0.124651 3.94796 0.591219</i>
                        <i>-0.290721 -0.944372 0.153761 -0.386635 -0.0310477 -0.92171 0.875211 -0.32741 -0.356101 -0.127978 3.95644 0.596062</i>
                        <i>-0.323242 -0.931531 0.166628 -0.377465 -0.0345466 -0.925379 0.867776 -0.362018 -0.340453 -0.125558 3.95029 0.593274</i>
                        <i>-0.341503 -0.923809 0.173072 -0.363606 -0.0399488 -0.930696 0.866699 -0.380765 -0.322259 -0.122 3.94731 0.589018</i>
                        <i>-0.30568 -0.938706 0.159343 -0.366195 -0.0385733 -0.929738 0.878897 -0.342553 -0.331959 -0.122468 3.95496 0.589726</i>
                        <i>-0.287104 -0.945752 0.152068 -0.372636 -0.0359761 -0.92728 0.882448 -0.322892 -0.342092 -0.123619 3.95829 0.591516</i>
                        <i>-0.271917 -0.95121 0.145808 -0.381144 -0.032672 -0.923938 0.883623 -0.306809 -0.353664 -0.125062 3.96073 0.59388</i>
                        <i>-0.261503 -0.954813 0.141235 -0.389998 -0.0293254 -0.920349 0.882903 -0.295755 -0.364707 -0.126466 3.96223 0.59632</i>
                        <i>-0.257161 -0.956293 0.139183 -0.397616 -0.0265635 -0.917167 0.880778 -0.291201 -0.373406 -0.127613 3.9627 0.598372</i>
                        <i>-0.259912 -0.955366 0.14043 -0.402541 -0.0249917 -0.915061 0.877728 -0.294364 -0.378079 -0.128403 3.962 0.599606</i>
                        <i>-0.270282 -0.951734 0.145432 -0.403393 -0.0252103 -0.914679 0.874198 -0.305887 -0.377109 -0.128801 3.96 0.599631</i>
                        <i>-0.28827 -0.945067 0.154105 -0.398778 -0.02783 -0.916625 0.870561 -0.325689 -0.368849 -0.128734 3.95655 0.598065</i>
                        <i>-0.313584 -0.934983 0.165744 -0.387152 -0.0334911 -0.921408 0.867052 -0.353107 -0.351478 -0.12793 3.95154 0.5945</i>
                        <i>-0.345944 -0.921027 0.178977 -0.366581 -0.0429124 -0.929396 0.863679 -0.387129 -0.322786 -0.125711 3.94498 0.588455</i>
                    </KeyFrames>
                </p>
            </i>
            <i>
                <p>
                    <Name><![CDATA[l_elbow]]></Name>
                    <Exclude>0</Exclude>
                    <Additive>0</Additive>
                    <IKPriority>0</IKPriority>
                    <IKRotLimits>-1e+010 -1e+010 -1e+010 1e+010 1e+010 1e+010</IKRotLimits>
                    <IKRotLimitOrder>0</IKRotLimitOrder>
                    <KeyFrames count="30">
                        <i>0.260914 -0.963685 -0.0568783 -0.36442 -0.0437628 -0.930206 0.893936 0.263431 -0.362604 -0.238239 3.64539 0.646672</i>
                        <i>0.289413 -0.955772 -0.0523453 -0.342271 -0.0522618 -0.938147 0.893919 0.289428 -0.342259 -0.247509 3.64282 0.645198</i>
                        <i>0.29755 -0.953273 -0.0522902 -0.335734 -0.0532076 -0.940453 0.893726 0.297388 -0.335878 -0.250155 3.642 0.64518</i>
