<?xml version="1.0" encoding="ISO-8859-1" ?>
<Animl Version="1">
    <ModellingPackage><![CDATA[Maya.2010]]></ModellingPackage>
    <SrcFile><![CDATA[anims\turrets\antitank\blue\~src\at_bgm71tow\antitank_bgm71tow_idle_crewman_a.mb]]></SrcFile>
    <FramesPerSecond>30</FramesPerSecond>
    <TotalFrames>120</TotalFrames>
    <Skeleton>
        <RefFrame>
            <Name><![CDATA[soldier_ref_frame]]></Name>
            <Exclude>0</Exclude>
            <Additive>0</Additive>
            <IKPriority>0</IKPriority>
            <IKRotLimits>-1e+010 -1e+010 -1e+010 1e+010 1e+010 1e+010</IKRotLimits>
            <IKRotLimitOrder>0</IKRotLimitOrder>
            <KeyFrames count="120">
                <i>1 0 0 0 1 0 0 0 1 0.92 1.77 -1.21</i>
                <i>1 0 0 0 1 0 0 0 1 0.92 1.77 -1.21</i>
                <i>1 0 0 0 1 0 0 0 1 0.92 1.77 -1.21</i>
                <i>1 0 0 0 1 0 0 0 1 0.92 1.77 -1.21</i>
                <i>1 0 0 0 1 0 0 0 1 0.92 1.77 -1.21</i>
                <i>1 0 0 0 1 0 0 0 1 0.92 1.77 -1.21</i>
                <i>1 0 0 0 1 0 0 0 1 0.92 1.77 -1.21</i>
                <i>1 0 0 0 1 0 0 0 1 0.92 1.77 -1.21</i>
                <i>1 0 0 0 1 0 0 0 1 0.92 1.77 -1.21</i>
                <i>1 0 0 0 1 0 0 0 1 0.92 1.77 -1.21</i>
                <i>1 0 0 0 1 0 0 0 1 0.92 1.77 -1.21</i>
                <i>1 0 0 0 1 0 0 0 1 0.92 1.77 -1.21</i>
                <i>1 0 0 0 1 0 0 0 1 0.92 1.77 -1.21</i>
                <i>1 0 0 0 1 0 0 0 1 0.92 1.77 -1.21</i>
                <i>1 0 0 0 1 0 0 0 1 0.92 1.77 -1.21</i>
                <i>1 0 0 0 1 0 0 0 1 0.92 1.77 -1.21</i>
                <i>1 0 0 0 1 0 0 0 1 0.92 1.77 -1.21</i>
                <i>1 0 0 0 1 0 0 0 1 0.92 1.77 -1.21</i>
                <i>1 0 0 0 1 0 0 0 1 0.92 1.77 -1.21</i>
                <i>1 0 0 0 1 0 0 0 1 0.92 1.77 -1.21</i>
                <i>1 0 0 0 1 0 0 0 1 0.92 1.77 -1.21</i>
                <i>1 0 0 0 1 0 0 0 1 0.92 1.77 -1.21</i>
                <i>1 0 0 0 1 0 0 0 1 0.92 1.77 -1.21</i>
                <i>1 0 0 0 1 0 0 0 1 0.92 1.77 -1.21</i>
                <i>1 0 0 0 1 0 0 0 1 0.92 1.77 -1.21</i>
                <i>1 0 0 0 1 0 0 0 1 0.92 1.77 -1.21</i>
                <i>1 0 0 0 1 0 0 0 1 0.92 1.77 -1.21</i>
                <i>1 0 0 0 1 0 0 0 1 0.92 1.77 -1.21</i>
                <i>1 0 0 0 1 0 0 0 1 0.92 1.77 -1.21</i>
                <i>1 0 0 0 1 0 0 0 1 0.92 1.77 -1.21</i>
                <i>1 0 0 0 1 0 0 0 1 0.92 1.77 -1.21</i>
                <i>1 0 0 0 1 0 0 0 1 0.92 1.77 -1.21</i>
                <i>1 0 0 0 1 0 0 0 1 0.92 1.77 -1.21</i>
                <i>1 0 0 0 1 0 0 0 1 0.92 1.77 -1.21</i>
                <i>1 0 0 0 1 0 0 0 1 0.92 1.77 -1.21</i>
                <i>1 0 0 0 1 0 0 0 1 0.92 1.77 -1.21</i>
                <i>1 0 0 0 1 0 0 0 1 0.92 1.77 -1.21</i>
                <i>1 0 0 0 1 0 0 0 1 0.92 1.77 -1.21</i>
                <i>1 0 0 0 1 0 0 0 1 0.92 1.77 -1.21</i>
                <i>1 0 0 0 1 0 0 0 1 0.92 1.77 -1.21</i>
                <i>1 0 0 0 1 0 0 0 1 0.92 1.77 -1.21</i>
                <i>1 0 0 0 1 0 0 0 1 0.92 1.77 -1.21</i>
                <i>1 0 0 0 1 0 0 0 1 0.92 1.77 -1.21</i>
                <i>1 0 0 0 1 0 0 0 1 0.92 1.77 -1.21</i>
                <i>1 0 0 0 1 0 0 0 1 0.92 1.77 -1.21</i>
                <i>1 0 0 0 1 0 0 0 1 0.92 1.77 -1.21</i>
                <i>1 0 0 0 1 0 0 0 1 0.92 1.77 -1.21</i>
                <i>1 0 0 0 1 0 0 0 1 0.92 1.77 -1.21</i>
                <i>1 0 0 0 1 0 0 0 1 0.92 1.77 -1.21</i>
                <i>1 0 0 0 1 0 0 0 1 0.92 1.77 -1.21</i>
                <i>1 0 0 0 1 0 0 0 1 0.92 1.77 -1.21</i>
                <i>1 0 0 0 1 0 0 0 1 0.92 1.77 -1.21</i>
                <i>1 0 0 0 1 0 0 0 1 0.92 1.77 -1.21</i>
                <i>1 0 0 0 1 0 0 0 1 0.92 1.77 -1.21</i>
                <i>1 0 0 0 1 0 0 0 1 0.92 1.77 -1.21</i>
                <i>1 0 0 0 1 0 0 0 1 0.92 1.77 -1.21</i>
                <i>1 0 0 0 1 0 0 0 1 0.92 1.77 -1.21</i>
                <i>1 0 0 0 1 0 0 0 1 0.92 1.77 -1.21</i>
                <i>1 0 0 0 1 0 0 0 1 0.92 1.77 -1.21</i>
                <i>1 0 0 0 1 0 0 0 1 0.92 1.77 -1.21</i>
                <i>1 0 0 0 1 0 0 0 1 0.92 1.77 -1.21</i>
                <i>1 0 0 0 1 0 0 0 1 0.92 1.77 -1.21</i>
                <i>1 0 0 0 1 0 0 0 1 0.92 1.77 -1.21</i>
                <i>1 0 0 0 1 0 0 0 1 0.92 1.77 -1.21</i>
                <i>1 0 0 0 1 0 0 0 1 0.92 1.77 -1.21</i>
                <i>1 0 0 0 1 0 0 0 1 0.92 1.77 -1.21</i>
                <i>1 0 0 0 1 0 0 0 1 0.92 1.77 -1.21</i>
                <i>1 0 0 0 1 0 0 0 1 0.92 1.77 -1.21</i>
                <i>1 0 0 0 1 0 0 0 1 0.92 1.77 -1.21</i>
                <i>1 0 0 0 1 0 0 0 1 0.92 1.77 -1.21</i>
                <i>1 0 0 0 1 0 0 0 1 0.92 1.77 -1.21</i>
                <i>1 0 0 0 1 0 0 0 1 0.92 1.77 -1.21</i>
                <i>1 0 0 0 1 0 0 0 1 0.92 1.77 -1.21</i>
                <i>1 0 0 0 1 0 0 0 1 0.92 1.77 -1.21</i>
                <i>1 0 0 0 1 0 0 0 1 0.92 1.77 -1.21</i>
                <i>1 0 0 0 1 0 0 0 1 0.92 1.77 -1.21</i>
                <i>1 0 0 0 1 0 0 0 1 0.92 1.77 -1.21</i>
                <i>1 0 0 0 1 0 0 0 1 0.92 1.77 -1.21</i>
                <i>1 0 0 0 1 0 0 0 1 0.92 1.77 -1.21</i>
                <i>1 0 0 0 1 0 0 0 1 0.92 1.77 -1.21</i>
                <i>1 0 0 0 1 0 0 0 1 0.92 1.77 -1.21</i>
                <i>1 0 0 0 1 0 0 0 1 0.92 1.77 -1.21</i>
                <i>1 0 0 0 1 0 0 0 1 0.92 1.77 -1.21</i>
                <i>1 0 0 0 1 0 0 0 1 0.92 1.77 -1.21</i>
                <i>1 0 0 0 1 0 0 0 1 0.92 1.77 -1.21</i>
                <i>1 0 0 0 1 0 0 0 1 0.92 1.77 -1.21</i>
                <i>1 0 0 0 1 0 0 0 1 0.92 1.77 -1.21</i>
                <i>1 0 0 0 1 0 0 0 1 0.92 1.77 -1.21</i>
                <i>1 0 0 0 1 0 0 0 1 0.92 1.77 -1.21</i>
                <i>1 0 0 0 1 0 0 0 1 0.92 1.77 -1.21</i>
                <i>1 0 0 0 1 0 0 0 1 0.92 1.77 -1.21</i>
                <i>1 0 0 0 1 0 0 0 1 0.92 1.77 -1.21</i>
                <i>1 0 0 0 1 0 0 0 1 0.92 1.77 -1.21</i>
                <i>1 0 0 0 1 0 0 0 1 0.92 1.77 -1.21</i>
                <i>1 0 0 0 1 0 0 0 1 0.92 1.77 -1.21</i>
                <i>1 0 0 0 1 0 0 0 1 0.92 1.77 -1.21</i>
                <i>1 0 0 0 1 0 0 0 1 0.92 1.77 -1.21</i>
                <i>1 0 0 0 1 0 0 0 1 0.92 1.77 -1.21</i>
                <i>1 0 0 0 1 0 0 0 1 0.92 1.77 -1.21</i>
                <i>1 0 0 0 1 0 0 0 1 0.92 1.77 -1.21</i>
                <i>1 0 0 0 1 0 0 0 1 0.92 1.77 -1.21</i>
                <i>1 0 0 0 1 0 0 0 1 0.92 1.77 -1.21</i>
                <i>1 0 0 0 1 0 0 0 1 0.92 1.77 -1.21</i>
                <i>1 0 0 0 1 0 0 0 1 0.92 1.77 -1.21</i>
                <i>1 0 0 0 1 0 0 0 1 0.92 1.77 -1.21</i>
                <i>1 0 0 0 1 0 0 0 1 0.92 1.77 -1.21</i>
                <i>1 0 0 0 1 0 0 0 1 0.92 1.77 -1.21</i>
                <i>1 0 0 0 1 0 0 0 1 0.92 1.77 -1.21</i>
                <i>1 0 0 0 1 0 0 0 1 0.92 1.77 -1.21</i>
                <i>1 0 0 0 1 0 0 0 1 0.92 1.77 -1.21</i>
                <i>1 0 0 0 1 0 0 0 1 0.92 1.77 -1.21</i>
                <i>1 0 0 0 1 0 0 0 1 0.92 1.77 -1.21</i>
                <i>1 0 0 0 1 0 0 0 1 0.92 1.77 -1.21</i>
                <i>1 0 0 0 1 0 0 0 1 0.92 1.77 -1.21</i>
                <i>1 0 0 0 1 0 0 0 1 0.92 1.77 -1.21</i>
                <i>1 0 0 0 1 0 0 0 1 0.92 1.77 -1.21</i>
                <i>1 0 0 0 1 0 0 0 1 0.92 1.77 -1.21</i>
                <i>1 0 0 0 1 0 0 0 1 0.92 1.77 -1.21</i>
                <i>1 0 0 0 1 0 0 0 1 0.92 1.77 -1.21</i>
                <i>1 0 0 0 1 0 0 0 1 0.92 1.77 -1.21</i>
            </KeyFrames>
        </RefFrame>
        <Bones count="23">
            <i>
                <p>
                    <Name><![CDATA[pelvis]]></Name>
                    <Exclude>0</Exclude>
                    <Additive>0</Additive>
                    <IKPriority>0</IKPriority>
                    <IKRotLimits>-1e+010 -1e+010 -1e+010 1e+010 1e+010 1e+010</IKRotLimits>
                    <IKRotLimitOrder>2</IKRotLimitOrder>
                    <KeyFrames count="120">
                        <i>1 0 0 0 1 0 0 0 1 0.781889 2.73649 -1.21524</i>
                        <i>1 0 0 0 1 0 0 0 1 0.767971 2.73241 -1.22098</i>
                        <i>1 0 0 0 1 0 0 0 1 0.752994 2.72841 -1.22707</i>
                        <i>1 0 0 0 1 0 0 0 1 0.737488 2.72467 -1.23346</i>
                        <i>1 0 0 0 1 0 0 0 1 0.721982 2.72141 -1.24011</i>
                        <i>1 0 0 0 1 0 0 0 1 0.707006 2.71881 -1.24699</i>
                        <i>1 0 0 0 1 0 0 0 1 0.693087 2.71708 -1.25406</i>
                        <i>1 0 0 0 1 0 0 0 1 0.680755 2.7164 -1.26127</i>
                        <i>1 0 0 0 1 0 0 0 1 0.670538 2.71697 -1.26858</i>
                        <i>1 0 0 0 1 0 0 0 1 0.662966 2.71899 -1.27596</i>
                        <i>1 0 0 0 1 0 0 0 1 0.657071 2.72198 -1.28337</i>
                        <i>1 0 0 0 1 0 0 0 1 0.651527 2.72518 -1.29076</i>
                        <i>1 0 0 0 1 0 0 0 1 0.64633 2.72843 -1.29811</i>
                        <i>1 0 0 0 1 0 0 0 1 0.641474 2.73157 -1.30535</i>
                        <i>1 0 0 0 1 0 0 0 1 0.636953 2.73447 -1.31247</i>
                        <i>1 0 0 0 1 0 0 0 1 0.632762 2.73696 -1.31942</i>
                        <i>1 0 0 0 1 0 0 0 1 0.628897 2.73885 -1.32615</i>
                        <i>1 0 0 0 1 0 0 0 1 0.625351 2.74015 -1.33263</i>
                        <i>1 0 0 0 1 0 0 0 1 0.622119 2.74093 -1.33883</i>
                        <i>1 0 0 0 1 0 0 0 1 0.619196 2.74127 -1.34469</i>
                        <i>1 0 0 0 1 0 0 0 1 0.616576 2.74124 -1.35018</i>
                        <i>1 0 0 0 1 0 0 0 1 0.614254 2.74091 -1.35527</i>
                        <i>1 0 0 0 1 0 0 0 1 0.612226 2.74038 -1.35991</i>
                        <i>1 0 0 0 1 0 0 0 1 0.610484 2.73971 -1.36405</i>
                        <i>1 0 0 0 1 0 0 0 1 0.609025 2.73898 -1.36767</i>
                        <i>1 0 0 0 1 0 0 0 1 0.607842 2.73827 -1.37073</i>
                        <i>1 0 0 0 1 0 0 0 1 0.606931 2.73765 -1.37317</i>
                        <i>1 0 0 0 1 0 0 0 1 0.606286 2.7372 -1.37497</i>
                        <i>1 0 0 0 1 0 0 0 1 0.605901 2.737 -1.37609</i>
                        <i>1 0 0 0 1 0 0 0 1 0.605771 2.73713 -1.37647</i>
                        <i>1 0 0 0 1 0 0 0 1 0.605732 2.73765 -1.37647</i>
                        <i>1 0 0 0 1 0 0 0 1 0.605659 2.73852 -1.37647</i>
                        <i>1 0 0 0 1 0 0 0 1 0.605618 2.73967 -1.37647</i>
                        <i>1 0 0 0 1 0 0 0 1 0.605675 2.74104 -1.37647</i>
                        <i>1 0 0 0 1 0 0 0 1 0.605895 2.74255 -1.37647</i>
                        <i>1 0 0 0 1 0 0 0 1 0.606345 2.74414 -1.37647</i>
                        <i>1 0 0 0 1 0 0 0 1 0.60709 2.74574 -1.37647</i>
                        <i>1 0 0 0 1 0 0 0 1 0.608196 2.74728 -1.37647</i>
                        <i>1 0 0 0 1 0 0 0 1 0.609729 2.7487 -1.37647</i>
                        <i>1 0 0 0 1 0 0 0 1 0.611755 2.74992 -1.37647</i>
                        <i>1 0 0 0 1 0 0 0 1 0.61434 2.75088 -1.37647</i>
                        <i>1 0 0 0 1 0 0 0 1 0.617549 2.75151 -1.37647</i>
                        <i>1 0 0 0 1 0 0 0 1 0.621448 2.75174 -1.37647</i>
                        <i>1 0 0 0 1 0 0 0 1 0.626103 2.75151 -1.37647</i>
                        <i>1 0 0 0 1 0 0 0 1 0.631581 2.75074 -1.37647</i>
                        <i>1 0 0 0 1 0 0 0 1 0.637946 2.74938 -1.37647</i>
                        <i>1 0 0 0 1 0 0 0 1 0.645266 2.74726 -1.37647</i>
                        <i>1 0 0 0 1 0 0 0 1 0.653604 2.74442 -1.37647</i>
                        <i>1 0 0 0 1 0 0 0 1 0.663029 2.741 -1.37647</i>
                        <i>1 0 0 0 1 0 0 0 1 0.673604 2.73713 -1.37647</i>
                        <i>1 0 0 0 1 0 0 0 1 0.688981 2.73259 -1.37581</i>
                        <i>1 0 0 0 1 0 0 0 1 0.711589 2.72728 -1.37389</i>
                        <i>1 0 0 0 1 0 0 0 1 0.739663 2.72149 -1.37079</i>
                        <i>1 0 0 0 1 0 0 0 1 0.771438 2.71553 -1.36663</i>
                        <i>1 0 0 0 1 0 0 0 1 0.805149 2.70969 -1.36148</i>
                        <i>1 0 0 0 1 0 0 0 1 0.839031 2.70426 -1.35545</i>
                        <i>1 0 0 0 1 0 0 0 1 0.871318 2.69954 -1.34863</i>
                        <i>1 0 0 0 1 0 0 0 1 0.900245 2.69583 -1.3411</i>
                        <i>1 0 0 0 1 0 0 0 1 0.924048 2.69343 -1.33298</i>
                        <i>1 0 0 0 1 0 0 0 1 0.940961 2.69263 -1.32434</i>
                        <i>1 0 0 0 1 0 0 0 1 0.952837 2.69323 -1.31477</i>
                        <i>1 0 0 0 1 0 0 0 1 0.962997 2.6947 -1.30396</i>
                        <i>1 0 0 0 1 0 0 0 1 0.971562 2.69691 -1.29209</i>
                        <i>1 0 0 0 1 0 0 0 1 0.978651 2.69975 -1.27936</i>
                        <i>1 0 0 0 1 0 0 0 1 0.984383 2.70312 -1.26594</i>
                        <i>1 0 0 0 1 0 0 0 1 0.988879 2.7069 -1.25204</i>
                        <i>1 0 0 0 1 0 0 0 1 0.992257 2.71098 -1.23782</i>
                        <i>1 0 0 0 1 0 0 0 1 0.994638 2.71525 -1.22349</i>
                        <i>1 0 0 0 1 0 0 0 1 0.996141 2.7196 -1.20923</i>
                        <i>1 0 0 0 1 0 0 0 1 0.996885 2.72393 -1.19522</i>
                        <i>1 0 0 0 1 0 0 0 1 0.996991 2.72811 -1.18166</i>
                        <i>1 0 0 0 1 0 0 0 1 0.996578 2.73204 -1.16873</i>
                        <i>1 0 0 0 1 0 0 0 1 0.995765 2.7356 -1.15662</i>
                        <i>1 0 0 0 1 0 0 0 1 0.994673 2.73869 -1.14551</i>
                        <i>1 0 0 0 1 0 0 0 1 0.99342 2.7412 -1.1356</i>
                        <i>1 0 0 0 1 0 0 0 1 0.992127 2.74301 -1.12708</i>
                        <i>1 0 0 0 1 0 0 0 1 0.990913 2.74383 -1.12012</i>
                        <i>1 0 0 0 1 0 0 0 1 0.989898 2.74369 -1.11491</i>
                        <i>1 0 0 0 1 0 0 0 1 0.989201 2.74287 -1.11165</i>
                        <i>1 0 0 0 1 0 0 0 1 0.988942 2.74162 -1.11053</i>
                        <i>1 0 0 0 1 0 0 0 1 0.988942 2.74 -1.11053</i>
                        <i>1 0 0 0 1 0 0 0 1 0.988942 2.73795 -1.11053</i>
                        <i>1 0 0 0 1 0 0 0 1 0.988942 2.73563 -1.11053</i>
                        <i>1 0 0 0 1 0 0 0 1 0.988942 2.73317 -1.11053</i>
                        <i>1 0 0 0 1 0 0 0 1 0.988942 2.73073 -1.11053</i>
                        <i>1 0 0 0 1 0 0 0 1 0.988942 2.72845 -1.11053</i>
                        <i>1 0 0 0 1 0 0 0 1 0.988942 2.72649 -1.11053</i>
                        <i>1 0 0 0 1 0 0 0 1 0.988942 2.72498 -1.11053</i>
                        <i>1 0 0 0 1 0 0 0 1 0.988942 2.72408 -1.11053</i>
                        <i>1 0 0 0 1 0 0 0 1 0.988942 2.72392 -1.11053</i>
                        <i>1 0 0 0 1 0 0 0 1 0.988942 2.72451 -1.11053</i>
                        <i>1 0 0 0 1 0 0 0 1 0.988942 2.7256 -1.11053</i>
                        <i>1 0 0 0 1 0 0 0 1 0.988942 2.72712 -1.11053</i>
                        <i>1 0 0 0 1 0 0 0 1 0.988942 2.72896 -1.11053</i>
                        <i>1 0 0 0 1 0 0 0 1 0.988942 2.73103 -1.11053</i>
                        <i>1 0 0 0 1 0 0 0 1 0.988942 2.73325 -1.11053</i>
                        <i>1 0 0 0 1 0 0 0 1 0.988942 2.73551 -1.11053</i>
                        <i>1 0 0 0 1 0 0 0 1 0.988942 2.73772 -1.11053</i>
                        <i>1 0 0 0 1 0 0 0 1 0.988942 2.73979 -1.11053</i>
                        <i>1 0 0 0 1 0 0 0 1 0.988942 2.74162 -1.11053</i>
                        <i>1 0 0 0 1 0 0 0 1 0.98711 2.74243 -1.11102</i>
                        <i>1 0 0 0 1 0 0 0 1 0.981987 2.74173 -1.11246</i>
                        <i>1 0 0 0 1 0 0 0 1 0.974138 2.73979 -1.11476</i>
                        <i>1 0 0 0 1 0 0 0 1 0.964127 2.73687 -1.11786</i>
                        <i>1 0 0 0 1 0 0 0 1 0.952517 2.73324 -1.12167</i>
                        <i>1 0 0 0 1 0 0 0 1 0.939872 2.72917 -1.12614</i>
                        <i>1 0 0 0 1 0 0 0 1 0.926755 2.72487 -1.13117</i>
                        <i>1 0 0 0 1 0 0 0 1 0.91373 2.72068 -1.13671</i>
                        <i>1 0 0 0 1 0 0 0 1 0.90136 2.71708 -1.14267</i>
                        <i>1 0 0 0 1 0 0 0 1 0.89021 2.71456 -1.14898</i>
                        <i>1 0 0 0 1 0 0 0 1 0.879977 2.7141 -1.15557</i>
                        <i>1 0 0 0 1 0 0 0 1 0.86991 2.71585 -1.16236</i>
                        <i>1 0 0 0 1 0 0 0 1 0.859896 2.71922 -1.16929</i>
                        <i>1 0 0 0 1 0 0 0 1 0.849823 2.72358 -1.17627</i>
                        <i>1 0 0 0 1 0 0 0 1 0.839579 2.72832 -1.18323</i>
                        <i>1 0 0 0 1 0 0 0 1 0.829054 2.73284 -1.19011</i>
                        <i>1 0 0 0 1 0 0 0 1 0.818134 2.73653 -1.19682</i>
                        <i>1 0 0 0 1 0 0 0 1 0.806708 2.73877 -1.2033</i>
                        <i>1 0 0 0 1 0 0 0 1 0.794663 2.73896 -1.20946</i>
                        <i>1 0 0 0 1 0 0 0 1 0.781889 2.73649 -1.21524</i>
                    </KeyFrames>
                </p>
            </i>
            <i>
                <p>
                    <Name><![CDATA[spine0]]></Name>
                    <Exclude>0</Exclude>
                    <Additive>0</Additive>
                    <IKPriority>0</IKPriority>
                    <IKRotLimits>-1e+010 -1e+010 -1e+010 1e+010 1e+010 1e+010</IKRotLimits>
                    <IKRotLimitOrder>0</IKRotLimitOrder>
                    <KeyFrames count="120">
                        <i>0.0238413 0.974391 0.223591 -0.998213 0.0354614 -0.0480993 -0.0547965 -0.222045 0.973495 0.800191 2.879 -1.22255</i>
                        <i>0.0287281 0.973544 0.226687 -0.998042 0.0405422 -0.0476328 -0.055563 -0.224874 0.972802 0.787358 2.87471 -1.22937</i>
                        <i>0.0358086 0.973312 0.226676 -0.997825 0.0473831 -0.0458267 -0.0553443 -0.224542 0.972891 0.773662 2.87041 -1.23721</i>
                        <i>0.0441639 0.973564 0.224102 -0.997551 0.0551514 -0.0430057 -0.0542284 -0.221654 0.973616 0.759507 2.8663 -1.24588</i>
                        <i>0.0528629 0.974181 0.219493 -0.99723 0.063015 -0.0395071 -0.0523185 -0.216796 0.974814 0.745298 2.86257 -1.25518</i>
                        <i>0.0609678 0.975069 0.213362 -0.996899 0.0701397 -0.0356779 -0.0497536 -0.210525 0.976322 0.731446 2.85945 -1.26491</i>
                        <i>0.0675639 0.97613 0.206411 -0.99662 0.0757201 -0.0318646 -0.0467335 -0.203561 0.977946 0.71837 2.85716 -1.27486</i>
                        <i>0.0717613 0.977255 0.199556 -0.996472 0.0789747 -0.028415 -0.0435286 -0.196813 0.979474 0.706497 2.85596 -1.28485</i>
                        <i>0.0726587 0.978399 0.193534 -0.996537 0.0790868 -0.0256875 -0.0404386 -0.190997 0.980757 0.696262 2.85609 -1.29467</i>
                        <i>0.0693611 0.979509 0.18908 -0.996876 0.0752319 -0.0240423 -0.0377745 -0.186822 0.981667 0.688105 2.85781 -1.30414</i>
                        <i>0.0626917 0.980617 0.185632 -0.997395 0.0682082 -0.0234751 -0.0356817 -0.183677 0.982339 0.68119 2.86062 -1.31325</i>
                        <i>0.0542046 0.981774 0.182156 -0.997946 0.0594992 -0.0237241 -0.0341299 -0.180496 0.982983 0.674401 2.86371 -1.32208</i>
                        <i>0.044102 0.982918 0.178681 -0.998477 0.0493013 -0.024761 -0.0331472 -0.177316 0.983595 0.66777 2.86694 -1.33053</i>
                        <i>0.0325872 0.983984 0.175252 -0.998932 0.0378115 -0.0265536 -0.0327548 -0.174199 0.984165 0.661321 2.87015 -1.33852</i>
                        <i>0.0198717 0.984899 0.171984 -0.99926 0.0252292 -0.0290214 -0.0329221 -0.17128 0.984672 0.655076 2.87318 -1.34603</i>
                        <i>0.00617477 0.985606 0.168947 -0.999418 0.011752 -0.0320316 -0.033556 -0.168651 0.985105 0.649054 2.87587 -1.35311</i>
                        <i>-0.00827785 0.986043 0.166287 -0.999367 -0.00240469 -0.0354897 -0.0345945 -0.166476 0.985439 0.643276 2.878 -1.35975</i>
                        <i>-0.0232548 0.986162 0.164148 -0.999083 -0.0170179 -0.0393007 -0.0359634 -0.164911 0.985653 0.637764 2.87955 -1.36594</i>
                        <i>-0.0385198 0.985928 0.162669 -0.998551 -0.0318574 -0.0433694 -0.037577 -0.164104 0.985727 0.632537 2.8806 -1.37168</i>
                        <i>-0.0538884 0.985375 0.161656 -0.997771 -0.0467559 -0.0476079 -0.0393532 -0.163862 0.985698 0.627619 2.88121 -1.37696</i>
                        <i>-0.0691802 0.984545 0.160886 -0.996752 -0.0615519 -0.0519301 -0.0412247 -0.163956 0.985606 0.623035 2.88144 -1.38176</i>
                        <i>-0.0841592 0.98345 0.16045 -0.995519 -0.0760158 -0.0562438 -0.0431163 -0.164464 0.98544 0.618808 2.88136 -1.38609</i>
                        <i>-0.0985876 0.982111 0.160435 -0.994113 -0.0899164 -0.0604566 -0.0449493 -0.165451 0.985193 0.614967 2.88105 -1.38994</i>
                        <i>-0.112228 0.980565 0.160926 -0.992587 -0.103022 -0.0644752 -0.0466431 -0.166969 0.984858 0.611539 2.88057 -1.39329</i>
                        <i>-0.124843 0.978861 0.162005 -0.991009 -0.115104 -0.0682058 -0.0481165 -0.169064 0.98443 0.608553 2.88 -1.39615</i>
                        <i>-0.136197 0.977055 0.163752 -0.989455 -0.125933 -0.0715531 -0.0492894 -0.171771 0.983903 0.60604 2.87941 -1.3985</i>
                        <i>-0.146056 0.975207 0.16625 -0.988008 -0.135287 -0.0744203 -0.0500838 -0.175125 0.983271 0.60403 2.8789 -1.40033</i>
                        <i>-0.154191 0.973379 0.169581 -0.986754 -0.142945 -0.0767089 -0.0504261 -0.179163 0.982526 0.602553 2.87852 -1.40165</i>
                        <i>-0.160371 0.971628 0.173838 -0.985777 -0.148694 -0.0783186 -0.0502479 -0.183926 0.981655 0.601641 2.87837 -1.40244</i>
                        <i>-0.164371 0.969999 0.179122 -0.985156 -0.152324 -0.079147 -0.0494879 -0.189473 0.980638 0.601323 2.87851 -1.40269</i>
                        <i>-0.167624 0.968379 0.184784 -0.984666 -0.155268 -0.0795271 -0.0483213 -0.195281 0.979556 0.601289 2.87902 -1.40277</i>
                        <i>-0.171779 0.966741 0.189486 -0.98401 -0.159186 -0.0799036 -0.0470826 -0.200182 0.978627 0.601234 2.87984 -1.40302</i>
                        <i>-0.176708 0.965102 0.19327 -0.983198 -0.163947 -0.0802668 -0.0457795 -0.204206 0.977857 0.60122 2.88092 -1.40341</i>
                        <i>-0.182283 0.963478 0.196173 -0.982242 -0.16942 -0.0806067 -0.044427 -0.207382 0.977251 0.601312 2.88219 -1.4039</i>
                        <i>-0.18837 0.961885 0.198226 -0.981154 -0.175469 -0.0809163 -0.0430498 -0.209732 0.976811 0.601572 2.8836 -1.40446</i>
                        <i>-0.194838 0.960342 0.199455 -0.979949 -0.181952 -0.0811941 -0.0416827 -0.211276 0.976537 0.602064 2.88507 -1.40506</i>
                        <i>-0.201567 0.958875 0.199823 -0.978642 -0.188749 -0.0814483 -0.0403823 -0.211972 0.976441 0.602852 2.88654 -1.40566</i>
                        <i>-0.20843 0.957503 0.199363 -0.977251 -0.195719 -0.0816936 -0.0392027 -0.211855 0.976514 0.603999 2.88797 -1.40624</i>
                        <i>-0.215283 0.956236 0.198155 -0.975804 -0.202706 -0.0819521 -0.0381983 -0.211003 0.976739 0.605569 2.88927 -1.40675</i>
                        <i>-0.221984 0.95509 0.196282 -0.974332 -0.209552 -0.0822547 -0.0374294 -0.209503 0.977091 0.607625 2.8904 -1.40717</i>
                        <i>-0.228391 0.954079 0.19383 -0.972868 -0.2161 -0.0826409 -0.0369595 -0.207445 0.977548 0.61023 2.8913 -1.40746</i>
                        <i>-0.234363 0.953223 0.190892 -0.97145 -0.222192 -0.0831569 -0.0368525 -0.204931 0.978082 0.613448 2.89191 -1.40759</i>
                        <i>-0.239762 0.95254 0.187568 -0.97012 -0.227675 -0.083853 -0.0371689 -0.202068 0.978666 0.617343 2.89215 -1.40752</i>
                        <i>-0.244451 0.952048 0.183978 -0.968918 -0.232399 -0.0847813 -0.0379595 -0.198985 0.979267 0.621977 2.89199 -1.40722</i>
                        <i>-0.248291 0.951756 0.180309 -0.967892 -0.236221 -0.0859303 -0.0391919 -0.195855 0.979849 0.627418 2.89133 -1.40671</i>
                        <i>-0.251147 0.951693 0.17665 -0.967091 -0.239025 -0.0871945 -0.0407585 -0.192735 0.980404 0.633736 2.8901 -1.40605</i>
                        <i>-0.252882 0.95188 0.173133 -0.96656 -0.240685 -0.0884992 -0.0425701 -0.189723 0.980914 0.641001 2.88814 -1.40528</i>
                        <i>-0.253362 0.952338 0.16988 -0.966346 -0.241078 -0.0897597 -0.0445273 -0.186905 0.981368 0.649279 2.88547 -1.40444</i>
                        <i>-0.252454 0.953087 0.167008 -0.96649 -0.240079 -0.0908825 -0.0465237 -0.184355 0.981758 0.658642 2.88222 -1.40357</i>
                        <i>-0.250022 0.954143 0.164625 -0.967027 -0.237564 -0.0917683 -0.048451 -0.182141 0.982078 0.669155 2.87851 -1.40269</i>
                        <i>-0.244616 0.955747 0.163437 -0.968288 -0.231953 -0.0928197 -0.0508024 -0.180959 0.982178 0.684437 2.87413 -1.40115</i>
                        <i>-0.235349 0.957966 0.164048 -0.970419 -0.222269 -0.094248 -0.0538237 -0.181377 0.98194 0.706888 2.86897 -1.39831</i>
                        <i>-0.222968 0.960505 0.166478 -0.973154 -0.209319 -0.0956884 -0.0570621 -0.183344 0.981391 0.734757 2.86333 -1.39433</i>
                        <i>-0.208291 0.963046 0.170758 -0.976217 -0.193971 -0.0968253 -0.060125 -0.186865 0.980544 0.766291 2.8575 -1.38933</i>
                        <i>-0.19219 0.965295 0.176828 -0.979353 -0.177146 -0.097401 -0.0626963 -0.191896 0.979411 0.799744 2.85176 -1.38345</i>
                        <i>-0.17556 0.967032 0.184465 -0.982351 -0.159797 -0.097215 -0.064533 -0.198277 0.978019 0.833368 2.84641 -1.37683</i>
                        <i>-0.159269 0.968138 0.193243 -0.985064 -0.142869 -0.0961138 -0.0654431 -0.205664 0.976432 0.865419 2.84174 -1.36962</i>
                        <i>-0.144107 0.968615 0.202528 -0.987409 -0.127254 -0.0939723 -0.0652503 -0.21352 0.974757 0.894151 2.83805 -1.36193</i>
                        <i>-0.130761 0.968588 0.211518 -0.989362 -0.113765 -0.0906685 -0.063757 -0.221124 0.973159 0.91782 2.83562 -1.35392</i>
                        <i>-0.119817 0.968273 0.219298 -0.990938 -0.103131 -0.0860591 -0.0607123 -0.227622 0.971855 0.934678 2.83475 -1.34572</i>
                        <i>-0.109235 0.967944 0.22617 -0.992301 -0.0928267 -0.0819879 -0.0583651 -0.233385 0.970631 0.946837 2.83526 -1.33687</i>
                        <i>-0.0968845 0.967768 0.232463 -0.993542 -0.0801804 -0.0802832 -0.0590565 -0.23874 0.969286 0.95781 2.83661 -1.32697</i>
                        <i>-0.0830588 0.967658 0.2382 -0.994581 -0.0654955 -0.0807369 -0.0625247 -0.243615 0.967855 0.967659 2.83869 -1.31616</i>
                        <i>-0.0680272 0.967544 0.243374 -0.99533 -0.0490717 -0.0831253 -0.0684846 -0.247892 0.966364 0.976447 2.84136 -1.30459</i>
                        <i>-0.0520378 0.967373 0.247953 -0.995701 -0.0312075 -0.087213 -0.0766295 -0.251426 0.964838 0.984236 2.84452 -1.29241</i>
                        <i>-0.035319 0.967112 0.251888 -0.995614 -0.0122009 -0.0927574 -0.0866335 -0.254059 0.963301 0.99109 2.84804 -1.27976</i>
                        <i>-0.0180411 0.966713 0.255227 -0.995007 0.00770153 -0.0995044 -0.0981578 -0.255748 0.961747 0.997069 2.85181 -1.26679</i>
                        <i>-0.000465613 0.966184 0.257854 -0.993838 0.0281343 -0.107215 -0.110844 -0.256315 0.960217 1.00223 2.85571 -1.25366</i>
                        <i>0.0171871 0.965515 0.259778 -0.992093 0.0487742 -0.115641 -0.124324 -0.255736 0.958719 1.00663 2.85963 -1.2405</i>
                        <i>0.0346999 0.964713 0.261007 -0.989792 0.0692967 -0.124539 -0.138232 -0.254021 0.95727 1.01033 2.86348 -1.22747</i>
                        <i>0.0518565 0.963794 0.261556 -0.986988 0.0893786 -0.133665 -0.152203 -0.251221 0.955888 1.01338 2.86716 -1.21472</i>
                        <i>0.0684395 0.962789 0.261443 -0.983768 0.108701 -0.142776 -0.165883 -0.247428 0.954601 1.01583 2.87057 -1.20241</i>
                        <i>0.0842268 0.961738 0.260701 -0.98025 0.126952 -0.151635 -0.17893 -0.242781 0.953437 1.01774 2.87363 -1.19067</i>
                        <i>0.0990193 0.960712 0.259282 -0.976581 0.143837 -0.160004 -0.191012 -0.237366 0.952456 1.01917 2.87628 -1.17967</i>
                        <i>0.112559 0.959758 0.257283 -0.972931 0.159048 -0.167655 -0.201829 -0.231448 0.951681 1.02016 2.8784 -1.1696</i>
                        <i>0.124556 0.95893 0.254831 -0.969494 0.172267 -0.17437 -0.211108 -0.225339 0.951134 1.0208 2.87991 -1.16071</i>
                        <i>0.134699 0.958284 0.252089 -0.966472 0.183184 -0.179933 -0.218605 -0.2194 0.950829 1.02115 2.88053 -1.15323</i>
                        <i>0.142668 0.957882 0.249216 -0.964068 0.191495 -0.184128 -0.224096 -0.213992 0.950783 1.02128 2.88029 -1.14737</i>
                        <i>0.148134 0.957789 0.246367 -0.962476 0.196894 -0.186743 -0.227369 -0.209459 0.951015 1.02125 2.87948 -1.14336</i>
                        <i>0.150766 0.958063 0.24369 -0.961868 0.199073 -0.187565 -0.228211 -0.206119 0.951543 1.02115 2.87839 -1.14142</i>
                        <i>0.152998 0.958273 0.241465 -0.961586 0.200713 -0.18726 -0.227911 -0.203539 0.95217 1.02102 2.87699 -1.14055</i>
                        <i>0.157125 0.958006 0.239868 -0.960939 0.204342 -0.186657 -0.227833 -0.20117 0.952692 1.02089 2.87517 -1.13963</i>
                        <i>0.162602 0.957338 0.238881 -0.960014 0.209416 -0.185791 -0.22789 -0.199119 0.953109 1.02075 2.87307 -1.1387</i>
                        <i>0.168894 0.956349 0.23848 -0.958896 0.215405 -0.184714 -0.22802 -0.19748 0.953419 1.02061 2.87083 -1.13779</i>
                        <i>0.175477 0.955123 0.238638 -0.957673 0.221792 -0.183496 -0.228189 -0.196338 0.953615 1.02047 2.86859 -1.13691</i>
                        <i>0.18184 0.953759 0.239329 -0.956438 0.228077 -0.182226 -0.228386 -0.195768 0.953685 1.02035 2.86649 -1.13611</i>
                        <i>0.187478 0.952365 0.240528 -0.955293 0.233771 -0.181014 -0.22862 -0.195839 0.953614 1.02024 2.86468 -1.13542</i>
                        <i>0.191889 0.951059 0.242209 -0.954346 0.238389 -0.179982 -0.228913 -0.196614 0.953384 1.02016 2.86329 -1.13485</i>
                        <i>0.19457 0.949966 0.24435 -0.953713 0.241447 -0.179262 -0.22929 -0.19816 0.952973 1.02009 2.86247 -1.13445</i>
                        <i>0.195006 0.949209 0.246932 -0.95351 0.242452 -0.178986 -0.229764 -0.200549 0.952359 1.02006 2.86237 -1.13423</i>
                        <i>0.194054 0.94861 0.249963 -0.953552 0.242243 -0.179043 -0.230394 -0.203609 0.951558 1.02007 2.86294 -1.13428</i>
                        <i>0.193183 0.948048 0.252754 -0.953563 0.242083 -0.179202 -0.23108 -0.206398 0.95079 1.02011 2.86397 -1.13458</i>
                        <i>0.192418 0.947553 0.255185 -0.953548 0.241962 -0.179446 -0.231779 -0.208802 0.950095 1.0202 2.86538 -1.1351</i>
                        <i>0.191783 0.947154 0.257136 -0.953512 0.241871 -0.179758 -0.232452 -0.210708 0.949509 1.0203 2.86707 -1.1358</i>
                        <i>0.191303 0.946885 0.25848 -0.953461 0.241802 -0.180123 -0.233057 -0.211992 0.949075 1.02043 2.86896 -1.13664</i>
                        <i>0.191009 0.94678 0.259081 -0.953399 0.241744 -0.180525 -0.233549 -0.212526 0.948835 1.02058 2.87096 -1.13757</i>
                        <i>0.190909 0.94684 0.258937 -0.95333 0.241702 -0.180946 -0.233912 -0.212308 0.948794 1.02072 2.87299 -1.13856</i>
                        <i>0.190967 0.947016 0.258248 -0.953255 0.241684 -0.181368 -0.234173 -0.211541 0.948901 1.02087 2.87495 -1.13955</i>
                        <i>0.191154 0.947279 0.257143 -0.953176 0.241688 -0.181775 -0.23434 -0.210356 0.949123 1.02102 2.87678 -1.14052</i>
                        <i>0.191438 0.947599 0.255748 -0.953099 0.24171 -0.18215 -0.234422 -0.208883 0.949428 1.02115 2.87839 -1.14142</i>
                        <i>0.191813 0.94808 0.253677 -0.953173 0.241538 -0.181989 -0.233813 -0.206891 0.950015 1.0195 2.87901 -1.14253</i>
                        <i>0.192195 0.948806 0.250657 -0.953548 0.240928 -0.180832 -0.231965 -0.204258 0.951037 1.01467 2.8782 -1.14414</i>
                        <i>0.192415 0.94972 0.246998 -0.954221 0.239816 -0.17875 -0.228997 -0.201296 0.952387 1.00717 2.87625 -1.14615</i>
                        <i>0.192332 0.950788 0.24292 -0.955178 0.238147 -0.175845 -0.225042 -0.198211 0.953975 0.99753 2.87341 -1.14846</i>
                        <i>0.191767 0.951965 0.238722 -0.956399 0.235857 -0.172257 -0.220287 -0.19528 0.955688 0.986285 2.86997 -1.15103</i>
                        <i>0.190538 0.953203 0.234732 -0.957857 0.232879 -0.16816 -0.214954 -0.192798 0.957404 0.973976 2.86616 -1.15386</i>
                        <i>0.188467 0.95445 0.231313 -0.959529 0.229143 -0.163702 -0.209249 -0.191099 0.959008 0.961141 2.86216 -1.15694</i>
                        <i>0.185395 0.955655 0.228807 -0.961392 0.224582 -0.159021 -0.203355 -0.190491 0.960396 0.948317 2.85832 -1.16024</i>
                        <i>0.181188 0.956766 0.227528 -0.963429 0.219128 -0.154233 -0.197423 -0.191262 0.96148 0.936039 2.8551 -1.16373</i>
                        <i>0.175524 0.957848 0.227415 -0.965671 0.212449 -0.149485 -0.191498 -0.19337 0.962256 0.92484 2.85297 -1.16739</i>
                        <i>0.16585 0.959653 0.227069 -0.969069 0.20127 -0.142817 -0.182757 -0.196359 0.96335 0.913951 2.85299 -1.17141</i>
                        <i>0.150833 0.962465 0.225632 -0.973954 0.183771 -0.13282 -0.169299 -0.199722 0.965116 0.902347 2.85535 -1.17594</i>
                        <i>0.131909 0.965718 0.223582 -0.979462 0.161678 -0.120473 -0.152491 -0.203098 0.967211 0.890178 2.85937 -1.18092</i>
                        <i>0.110572 0.968906 0.221347 -0.984835 0.136774 -0.106737 -0.133692 -0.206188 0.969336 0.877581 2.86438 -1.18627</i>
                        <i>0.0883919 0.971641 0.219317 -0.989511 0.11091 -0.0925622 -0.114262 -0.208835 0.971253 0.864686 2.86971 -1.19194</i>
                        <i>0.0670182 0.97368 0.217844 -0.993166 0.0860098 -0.0788909 -0.0955511 -0.211068 0.97279 0.851621 2.87471 -1.19786</i>
                        <i>0.0481561 0.974928 0.217246 -0.995719 0.0640373 -0.066661 -0.0789016 -0.213105 0.973838 0.838512 2.87876 -1.20394</i>
                        <i>0.0335375 0.975413 0.217818 -0.997279 0.0469763 -0.0568139 -0.0656492 -0.21532 0.974334 0.825484 2.88124 -1.21014</i>
                        <i>0.0248796 0.975219 0.219839 -0.998056 0.0368015 -0.0503017 -0.0571456 -0.21816 0.974238 0.812665 2.88153 -1.21636</i>
                        <i>0.0238413 0.974391 0.223591 -0.998213 0.0354614 -0.0480993 -0.0547965 -0.222045 0.973495 0.800191 2.879 -1.22255</i>
                    </KeyFrames>
                </p>
            </i>
            <i>
                <p>
                    <Name><![CDATA[spine1]]></Name>
                    <Exclude>0</Exclude>
                    <Additive>0</Additive>
                    <IKPriority>0</IKPriority>
                    <IKRotLimits>-1e+010 -1e+010 -1e+010 1e+010 1e+010 1e+010</IKRotLimits>
                    <IKRotLimitOrder>0</IKRotLimitOrder>
                    <KeyFrames count="120">
                        <i>-0.0885448 0.898381 0.4302 -0.99539 -0.0638214 -0.0715962 -0.0368647 -0.434556 0.89989 0.804362 3.04942 -1.18346</i>
                        <i>-0.0804481 0.891723 0.445375 -0.996059 -0.0551833 -0.069431 -0.0373359 -0.449206 0.892648 0.792395 3.04536 -1.18966</i>
                        <i>-0.0699086 0.886064 0.458261 -0.996863 -0.0449604 -0.0651407 -0.0371153 -0.461377 0.886428 0.779958 3.04151 -1.19739</i>
                        <i>-0.0578694 0.881465 0.46869 -0.997666 -0.0340203 -0.0592004 -0.0362381 -0.471022 0.881377 0.767298 3.03802 -1.20638</i>
                        <i>-0.0452952 0.878011 0.476492 -0.998372 -0.0232364 -0.0520884 -0.0346622 -0.478076 0.877634 0.75466 3.03506 -1.21635</i>
                        <i>-0.0331749 0.875814 0.481507 -0.998928 -0.0134934 -0.0442812 -0.0322849 -0.48246 0.875323 0.742288 3.03282 -1.22701</i>
                        <i>-0.0224484 0.874688 0.484167 -0.999327 -0.00558344 -0.0362469 -0.0290014 -0.484655 0.874225 0.730436 3.03147 -1.23805</i>
                        <i>-0.0140237 0.874092 0.485558 -0.999595 -0.000225472 -0.0284639 -0.0247706 -0.48576 0.873741 0.719367 3.03121 -1.24911</i>
                        <i>-0.00887387 0.873755 0.486285 -0.999769 0.00175763 -0.0214022 -0.019555 -0.486362 0.873538 0.709347 3.03227 -1.25988</i>
                        <i>-0.00796785 0.873378 0.486978 -0.999879 -0.000466124 -0.0155239 -0.0133312 -0.487043 0.873276 0.700644 3.03486 -1.27002</i>
                        <i>-0.0105864 0.873246 0.487165 -0.999923 -0.00608444 -0.0108226 -0.00648663 -0.487242 0.873243 0.69256 3.03846 -1.27965</i>
                        <i>-0.0152626 0.873836 0.485981 -0.999883 -0.0135702 -0.0070017 0.000476531 -0.486031 0.873942 0.684259 3.04223 -1.28902</i>
                        <i>-0.0218287 0.875083 0.48348 -0.999734 -0.0226848 -0.00407834 0.00739877 -0.483441 0.875346 0.675805 3.04599 -1.29804</i>
                        <i>-0.0301039 0.876898 0.479733 -0.999447 -0.0331809 -0.00206568 0.0141066 -0.47953 0.877412 0.667264 3.04956 -1.30663</i>
                        <i>-0.0398721 0.87902 0.475115 -0.998994 -0.0448254 -0.000904144 0.0205025 -0.474673 0.879923 0.658701 3.05276 -1.31474</i>
                        <i>-0.0508841 0.881057 0.470265 -0.998351 -0.0574022 -0.000479873 0.0265714 -0.469514 0.882525 0.650181 3.05545 -1.3224</i>
                        <i>-0.0628768 0.882758 0.465602 -0.997499 -0.0706748 -0.00071047 0.0322792 -0.464482 0.884994 0.641772 3.05744 -1.32955</i>
                        <i>-0.0755705 0.883896 0.461538 -0.996431 -0.0844013 -0.00151406 0.0376161 -0.460005 0.887119 0.633541 3.05872 -1.33618</i>
                        <i>-0.0886723 0.884269 0.458482 -0.995149 -0.0983343 -0.00280969 0.0426 -0.456508 0.888699 0.625555 3.05938 -1.34224</i>
                        <i>-0.102084 0.884151 0.455912 -0.993653 -0.112401 -0.00451176 0.047256 -0.453479 0.890013 0.617871 3.05951 -1.34777</i>
                        <i>-0.115739 0.883851 0.453224 -0.991939 -0.126546 -0.00652694 0.0515847 -0.450326 0.891373 0.610548 3.05918 -1.35278</i>
                        <i>-0.129374 0.883244 0.450713 -0.990036 -0.140538 -0.00877594 0.055591 -0.447357 0.892626 0.603654 3.05849 -1.35725</i>
                        <i>-0.142724 0.882221 0.448682 -0.987985 -0.154148 -0.01118 0.0593001 -0.444887 0.893622 0.597254 3.05753 -1.36116</i>
                        <i>-0.155517 0.880687 0.447442 -0.985838 -0.167145 -0.0136603 0.0627573 -0.44323 0.894208 0.591418 3.0564 -1.36449</i>
                        <i>-0.167482 0.878557 0.447311 -0.983662 -0.179302 -0.0161368 0.0660268 -0.442705 0.894233 0.586211 3.05521 -1.3672</i>
                        <i>-0.178344 0.875752 0.448612 -0.981533 -0.190395 -0.0185275 0.0691879 -0.443631 0.893535 0.5817 3.05405 -1.36927</i>
                        <i>-0.187831 0.872189 0.45167 -0.979534 -0.200204 -0.0207475 0.0723305 -0.446323 0.891944 0.577952 3.05304 -1.37069</i>
                        <i>-0.195671 0.867776 0.456812 -0.977755 -0.208516 -0.0227075 0.0755477 -0.451093 0.889273 0.575032 3.05227 -1.37142</i>
                        <i>-0.201594 0.862399 0.464357 -0.976284 -0.215125 -0.0243128 0.0789274 -0.458245 0.885314 0.573008 3.05186 -1.37144</i>
                        <i>-0.205333 0.85591 0.474612 -0.975205 -0.219833 -0.0254624 0.0825419 -0.468073 0.879827 0.571944 3.0519 -1.37072</i>
                        <i>-0.208489 0.848686 0.48607 -0.974187 -0.224192 -0.0264127 0.0865572 -0.47903 0.87352 0.571278 3.05242 -1.36973</i>
                        <i>-0.21298 0.841849 0.495913 -0.972826 -0.229896 -0.0275339 0.0908291 -0.488301 0.867935 0.570416 3.0533 -1.36907</i>
                        <i>-0.218621 0.835519 0.504096 -0.971146 -0.236744 -0.0287816 0.095294 -0.495843 0.863168 0.569446 3.05448 -1.3687</i>
