<?xml version="1.0" encoding="ISO-8859-1" ?>
<Animl Version="1">
    <ModellingPackage>
        <![CDATA[Maya.2010]]>
</ModellingPackage>
    <SrcFile>
        <![CDATA[anims\turrets\antitank\blue\~src\antitank_m72_law\antitank_m72law_reload_high_crewman_a.mb]]>
</SrcFile>
    <FramesPerSecond>30</FramesPerSecond>
    <TotalFrames>80</TotalFrames>
    <Skeleton>
        <RefFrame>
            <Name>
                <![CDATA[soldier_ref_frame]]>
</Name>
            <Exclude>0</Exclude>
            <Additive>0</Additive>
            <IKPriority>0</IKPriority>
            <IKRotLimits>-1e+010 -1e+010 -1e+010 1e+010 1e+010 1e+010</IKRotLimits>
            <IKRotLimitOrder>0</IKRotLimitOrder>
            <KeyFrames count="80">
                <i>1 0 0 0 1 0 0 0 1 0.46 1.89 0.26</i>
                <i>1 0 0 0 1 0 0 0 1 0.46 1.89 0.26</i>
                <i>1 0 0 0 1 0 0 0 1 0.46 1.89 0.26</i>
                <i>1 0 0 0 1 0 0 0 1 0.46 1.89 0.26</i>
                <i>1 0 0 0 1 0 0 0 1 0.46 1.89 0.26</i>
                <i>1 0 0 0 1 0 0 0 1 0.46 1.89 0.26</i>
                <i>1 0 0 0 1 0 0 0 1 0.46 1.89 0.26</i>
                <i>1 0 0 0 1 0 0 0 1 0.46 1.89 0.26</i>
                <i>1 0 0 0 1 0 0 0 1 0.46 1.89 0.26</i>
                <i>1 0 0 0 1 0 0 0 1 0.46 1.89 0.26</i>
                <i>1 0 0 0 1 0 0 0 1 0.46 1.89 0.26</i>
                <i>1 0 0 0 1 0 0 0 1 0.46 1.89 0.26</i>
                <i>1 0 0 0 1 0 0 0 1 0.46 1.89 0.26</i>
                <i>1 0 0 0 1 0 0 0 1 0.46 1.89 0.26</i>
                <i>1 0 0 0 1 0 0 0 1 0.46 1.89 0.26</i>
                <i>1 0 0 0 1 0 0 0 1 0.46 1.89 0.26</i>
                <i>1 0 0 0 1 0 0 0 1 0.46 1.89 0.26</i>
                <i>1 0 0 0 1 0 0 0 1 0.46 1.89 0.26</i>
                <i>1 0 0 0 1 0 0 0 1 0.46 1.89 0.26</i>
                <i>1 0 0 0 1 0 0 0 1 0.46 1.89 0.26</i>
                <i>1 0 0 0 1 0 0 0 1 0.46 1.89 0.26</i>
                <i>1 0 0 0 1 0 0 0 1 0.46 1.89 0.26</i>
                <i>1 0 0 0 1 0 0 0 1 0.46 1.89 0.26</i>
                <i>1 0 0 0 1 0 0 0 1 0.46 1.89 0.26</i>
                <i>1 0 0 0 1 0 0 0 1 0.46 1.89 0.26</i>
                <i>1 0 0 0 1 0 0 0 1 0.46 1.89 0.26</i>
                <i>1 0 0 0 1 0 0 0 1 0.46 1.89 0.26</i>
                <i>1 0 0 0 1 0 0 0 1 0.46 1.89 0.26</i>
                <i>1 0 0 0 1 0 0 0 1 0.46 1.89 0.26</i>
                <i>1 0 0 0 1 0 0 0 1 0.46 1.89 0.26</i>
                <i>1 0 0 0 1 0 0 0 1 0.46 1.89 0.26</i>
                <i>1 0 0 0 1 0 0 0 1 0.46 1.89 0.26</i>
                <i>1 0 0 0 1 0 0 0 1 0.46 1.89 0.26</i>
                <i>1 0 0 0 1 0 0 0 1 0.46 1.89 0.26</i>
                <i>1 0 0 0 1 0 0 0 1 0.46 1.89 0.26</i>
                <i>1 0 0 0 1 0 0 0 1 0.46 1.89 0.26</i>
                <i>1 0 0 0 1 0 0 0 1 0.46 1.89 0.26</i>
                <i>1 0 0 0 1 0 0 0 1 0.46 1.89 0.26</i>
                <i>1 0 0 0 1 0 0 0 1 0.46 1.89 0.26</i>
                <i>1 0 0 0 1 0 0 0 1 0.46 1.89 0.26</i>
                <i>1 0 0 0 1 0 0 0 1 0.46 1.89 0.26</i>
                <i>1 0 0 0 1 0 0 0 1 0.46 1.89 0.26</i>
                <i>1 0 0 0 1 0 0 0 1 0.46 1.89 0.26</i>
                <i>1 0 0 0 1 0 0 0 1 0.46 1.89 0.26</i>
                <i>1 0 0 0 1 0 0 0 1 0.46 1.89 0.26</i>
                <i>1 0 0 0 1 0 0 0 1 0.46 1.89 0.26</i>
                <i>1 0 0 0 1 0 0 0 1 0.46 1.89 0.26</i>
                <i>1 0 0 0 1 0 0 0 1 0.46 1.89 0.26</i>
                <i>1 0 0 0 1 0 0 0 1 0.46 1.89 0.26</i>
                <i>1 0 0 0 1 0 0 0 1 0.46 1.89 0.26</i>
                <i>1 0 0 0 1 0 0 0 1 0.46 1.89 0.26</i>
                <i>1 0 0 0 1 0 0 0 1 0.46 1.89 0.26</i>
                <i>1 0 0 0 1 0 0 0 1 0.46 1.89 0.26</i>
                <i>1 0 0 0 1 0 0 0 1 0.46 1.89 0.26</i>
                <i>1 0 0 0 1 0 0 0 1 0.46 1.89 0.26</i>
                <i>1 0 0 0 1 0 0 0 1 0.46 1.89 0.26</i>
                <i>1 0 0 0 1 0 0 0 1 0.46 1.89 0.26</i>
                <i>1 0 0 0 1 0 0 0 1 0.46 1.89 0.26</i>
                <i>1 0 0 0 1 0 0 0 1 0.46 1.89 0.26</i>
                <i>1 0 0 0 1 0 0 0 1 0.46 1.89 0.26</i>
                <i>1 0 0 0 1 0 0 0 1 0.46 1.89 0.26</i>
                <i>1 0 0 0 1 0 0 0 1 0.46 1.89 0.26</i>
                <i>1 0 0 0 1 0 0 0 1 0.46 1.89 0.26</i>
                <i>1 0 0 0 1 0 0 0 1 0.46 1.89 0.26</i>
                <i>1 0 0 0 1 0 0 0 1 0.46 1.89 0.26</i>
                <i>1 0 0 0 1 0 0 0 1 0.46 1.89 0.26</i>
                <i>1 0 0 0 1 0 0 0 1 0.46 1.89 0.26</i>
                <i>1 0 0 0 1 0 0 0 1 0.46 1.89 0.26</i>
                <i>1 0 0 0 1 0 0 0 1 0.46 1.89 0.26</i>
                <i>1 0 0 0 1 0 0 0 1 0.46 1.89 0.26</i>
                <i>1 0 0 0 1 0 0 0 1 0.46 1.89 0.26</i>
                <i>1 0 0 0 1 0 0 0 1 0.46 1.89 0.26</i>
                <i>1 0 0 0 1 0 0 0 1 0.46 1.89 0.26</i>
                <i>1 0 0 0 1 0 0 0 1 0.46 1.89 0.26</i>
                <i>1 0 0 0 1 0 0 0 1 0.46 1.89 0.26</i>
                <i>1 0 0 0 1 0 0 0 1 0.46 1.89 0.26</i>
                <i>1 0 0 0 1 0 0 0 1 0.46 1.89 0.26</i>
                <i>1 0 0 0 1 0 0 0 1 0.46 1.89 0.26</i>
                <i>1 0 0 0 1 0 0 0 1 0.46 1.89 0.26</i>
                <i>1 0 0 0 1 0 0 0 1 0.46 1.89 0.26</i>
            </KeyFrames>
        </RefFrame>
        <Bones count="23">
            <i>
                <p>
                    <Name>
                        <![CDATA[pelvis]]>
</Name>
                    <Exclude>0</Exclude>
                    <Additive>0</Additive>
                    <IKPriority>0</IKPriority>
                    <IKRotLimits>-1e+010 -1e+010 -1e+010 1e+010 1e+010 1e+010</IKRotLimits>
                    <IKRotLimitOrder>2</IKRotLimitOrder>
                    <KeyFrames count="80">
                        <i>1 0 0 0 1 0 0 0 1 0.463542 2.05239 -0.086187</i>
                        <i>1 0 0 0 1 0 0 0 1 0.463542 2.05239 -0.086187</i>
                        <i>1 0 0 0 1 0 0 0 1 0.463542 2.05239 -0.086187</i>
                        <i>1 0 0 0 1 0 0 0 1 0.463542 2.05239 -0.086187</i>
                        <i>1 0 0 0 1 0 0 0 1 0.463542 2.05239 -0.086187</i>
                        <i>1 0 0 0 1 0 0 0 1 0.463542 2.05239 -0.086187</i>
                        <i>1 0 0 0 1 0 0 0 1 0.463542 2.05239 -0.086187</i>
                        <i>1 0 0 0 1 0 0 0 1 0.463542 2.05239 -0.086187</i>
                        <i>1 0 0 0 1 0 0 0 1 0.463542 2.05239 -0.086187</i>
                        <i>1 0 0 0 1 0 0 0 1 0.463542 2.05239 -0.086187</i>
                        <i>1 0 0 0 1 0 0 0 1 0.463542 2.05239 -0.086187</i>
                        <i>1 0 0 0 1 0 0 0 1 0.463542 2.05239 -0.086187</i>
                        <i>1 0 0 0 1 0 0 0 1 0.463542 2.05239 -0.086187</i>
                        <i>1 0 0 0 1 0 0 0 1 0.463542 2.05239 -0.086187</i>
                        <i>1 0 0 0 1 0 0 0 1 0.463542 2.05239 -0.086187</i>
                        <i>1 0 0 0 1 0 0 0 1 0.463542 2.05239 -0.086187</i>
                        <i>1 0 0 0 1 0 0 0 1 0.463542 2.05239 -0.086187</i>
                        <i>1 0 0 0 1 0 0 0 1 0.463542 2.05239 -0.086187</i>
                        <i>1 0 0 0 1 0 0 0 1 0.463542 2.05239 -0.086187</i>
                        <i>1 0 0 0 1 0 0 0 1 0.463542 2.05239 -0.086187</i>
                        <i>1 0 0 0 1 0 0 0 1 0.463542 2.05239 -0.086187</i>
                        <i>1 0 0 0 1 0 0 0 1 0.463542 2.05239 -0.086187</i>
                        <i>1 0 0 0 1 0 0 0 1 0.463542 2.05239 -0.086187</i>
                        <i>1 0 0 0 1 0 0 0 1 0.463542 2.05239 -0.086187</i>
                        <i>1 0 0 0 1 0 0 0 1 0.463542 2.05239 -0.086187</i>
                        <i>1 0 0 0 1 0 0 0 1 0.463542 2.05239 -0.086187</i>
                        <i>1 0 0 0 1 0 0 0 1 0.463542 2.05239 -0.086187</i>
                        <i>1 0 0 0 1 0 0 0 1 0.463516 2.05154 -0.0861829</i>
                        <i>1 0 0 0 1 0 0 0 1 0.463467 2.04919 -0.0861751</i>
                        <i>1 0 0 0 1 0 0 0 1 0.463447 2.04564 -0.0861715</i>
                        <i>1 0 0 0 1 0 0 0 1 0.463479 2.04118 -0.0861766</i>
                        <i>1 0 0 0 1 0 0 0 1 0.463534 2.03611 -0.0861856</i>
                        <i>1 0 0 0 1 0 0 0 1 0.463542 2.03072 -0.086187</i>
                        <i>1 0 0 0 1 0 0 0 1 0.463542 2.02532 -0.086187</i>
                        <i>1 0 0 0 1 0 0 0 1 0.463542 2.02019 -0.086187</i>
                        <i>1 0 0 0 1 0 0 0 1 0.463542 2.01565 -0.086187</i>
                        <i>1 0 0 0 1 0 0 0 1 0.463542 2.01197 -0.086187</i>
                        <i>1 0 0 0 1 0 0 0 1 0.463542 2.00946 -0.086187</i>
                        <i>1 0 0 0 1 0 0 0 1 0.463542 2.00842 -0.086187</i>
                        <i>1 0 0 0 1 0 0 0 1 0.463542 2.00914 -0.086187</i>
                        <i>1 0 0 0 1 0 0 0 1 0.463542 2.04125 -0.086187</i>
                        <i>1 0 0 0 1 0 0 0 1 0.463542 2.07791 -0.086187</i>
                        <i>1 0 0 0 1 0 0 0 1 0.463542 2.06785 -0.086187</i>
                        <i>1 0 0 0 1 0 0 0 1 0.463542 2.05239 -0.086187</i>
                        <i>1 0 0 0 1 0 0 0 1 0.463542 2.05239 -0.086187</i>
                        <i>1 0 0 0 1 0 0 0 1 0.463542 2.05239 -0.086187</i>
                        <i>1 0 0 0 1 0 0 0 1 0.463542 2.05239 -0.086187</i>
                        <i>1 0 0 0 1 0 0 0 1 0.463542 2.05239 -0.086187</i>
                        <i>1 0 0 0 1 0 0 0 1 0.463542 2.05239 -0.086187</i>
                        <i>1 0 0 0 1 0 0 0 1 0.463542 2.05239 -0.086187</i>
                        <i>1 0 0 0 1 0 0 0 1 0.463542 2.05239 -0.086187</i>
                        <i>1 0 0 0 1 0 0 0 1 0.463542 2.05239 -0.086187</i>
                        <i>1 0 0 0 1 0 0 0 1 0.463542 2.05239 -0.086187</i>
                        <i>1 0 0 0 1 0 0 0 1 0.463542 2.05239 -0.086187</i>
                        <i>1 0 0 0 1 0 0 0 1 0.463542 2.05239 -0.086187</i>
                        <i>1 0 0 0 1 0 0 0 1 0.463542 2.05239 -0.086187</i>
                        <i>1 0 0 0 1 0 0 0 1 0.463542 2.05239 -0.086187</i>
                        <i>1 0 0 0 1 0 0 0 1 0.463542 2.05239 -0.086187</i>
                        <i>1 0 0 0 1 0 0 0 1 0.463542 2.05239 -0.086187</i>
                        <i>1 0 0 0 1 0 0 0 1 0.463542 2.05239 -0.086187</i>
                        <i>1 0 0 0 1 0 0 0 1 0.463542 2.05239 -0.086187</i>
                        <i>1 0 0 0 1 0 0 0 1 0.463542 2.05239 -0.086187</i>
                        <i>1 0 0 0 1 0 0 0 1 0.463542 2.05239 -0.086187</i>
                        <i>1 0 0 0 1 0 0 0 1 0.463542 2.05239 -0.086187</i>
                        <i>1 0 0 0 1 0 0 0 1 0.463542 2.05239 -0.086187</i>
                        <i>1 0 0 0 1 0 0 0 1 0.463542 2.05239 -0.086187</i>
                        <i>1 0 0 0 1 0 0 0 1 0.463542 2.05239 -0.086187</i>
                        <i>1 0 0 0 1 0 0 0 1 0.463542 2.05239 -0.086187</i>
                        <i>1 0 0 0 1 0 0 0 1 0.463542 2.05239 -0.086187</i>
                        <i>1 0 0 0 1 0 0 0 1 0.463542 2.05239 -0.086187</i>
                        <i>1 0 0 0 1 0 0 0 1 0.463542 2.05239 -0.086187</i>
                        <i>1 0 0 0 1 0 0 0 1 0.463542 2.05239 -0.086187</i>
                        <i>1 0 0 0 1 0 0 0 1 0.463542 2.05239 -0.086187</i>
                        <i>1 0 0 0 1 0 0 0 1 0.463542 2.05239 -0.086187</i>
                        <i>1 0 0 0 1 0 0 0 1 0.463542 2.05239 -0.086187</i>
                        <i>1 0 0 0 1 0 0 0 1 0.463542 2.05239 -0.086187</i>
                        <i>1 0 0 0 1 0 0 0 1 0.463542 2.05239 -0.086187</i>
                        <i>1 0 0 0 1 0 0 0 1 0.463542 2.05239 -0.086187</i>
                        <i>1 0 0 0 1 0 0 0 1 0.463542 2.05239 -0.086187</i>
                        <i>1 0 0 0 1 0 0 0 1 0.463542 2.05239 -0.086187</i>
                    </KeyFrames>
                </p>
            </i>
            <i>
                <p>
                    <Name>
                        <![CDATA[spine0]]>
</Name>
                    <Exclude>0</Exclude>
                    <Additive>0</Additive>
                    <IKPriority>0</IKPriority>
                    <IKRotLimits>-1e+010 -1e+010 -1e+010 1e+010 1e+010 1e+010</IKRotLimits>
                    <IKRotLimitOrder>0</IKRotLimitOrder>
                    <KeyFrames count="80">
                        <i>0.0801515 0.993217 -0.0842378 -0.996211 0.0769579 -0.0405039 -0.0337464 0.0871651 0.995622 0.49217 2.1548 -0.183083</i>
                        <i>0.0805933 0.992745 -0.0892357 -0.996186 0.0772216 -0.0406191 -0.0334335 0.092169 0.995182 0.49217 2.1548 -0.183083</i>
                        <i>0.0810817 0.99218 -0.0948976 -0.996159 0.0775098 -0.040745 -0.0330709 0.0978367 0.994653 0.49217 2.1548 -0.183083</i>
                        <i>0.0815838 0.991548 -0.10088 -0.996131 0.0778025 -0.0408729 -0.0326787 0.103824 0.994059 0.49217 2.1548 -0.183083</i>
                        <i>0.0820698 0.990883 -0.106842 -0.996104 0.0780819 -0.040995 -0.0322788 0.10979 0.993431 0.49217 2.1548 -0.183083</i>
                        <i>0.0825133 0.990226 -0.112446 -0.996079 0.0783333 -0.0411048 -0.0318948 0.115397 0.992807 0.49217 2.1548 -0.183083</i>
                        <i>0.0828916 0.989624 -0.117362 -0.996059 0.0785449 -0.0411972 -0.0315516 0.120314 0.992234 0.49217 2.1548 -0.183083</i>
                        <i>0.0831848 0.989128 -0.121267 -0.996043 0.0787069 -0.041268 -0.0312748 0.12422 0.991762 0.49217 2.1548 -0.183083</i>
                        <i>0.0833748 0.988793 -0.123843 -0.996033 0.0788109 -0.0413134 -0.0310902 0.126797 0.991441 0.49217 2.1548 -0.183083</i>
                        <i>0.0834426 0.98867 -0.124773 -0.99603 0.0788478 -0.0413296 -0.0310232 0.127727 0.991324 0.49217 2.1548 -0.183083</i>
                        <i>0.0834421 0.988671 -0.124766 -0.99603 0.0788475 -0.0413294 -0.0310237 0.127719 0.991325 0.49217 2.1548 -0.183083</i>
                        <i>0.0834408 0.988674 -0.124748 -0.99603 0.0788468 -0.0413291 -0.0310251 0.127701 0.991327 0.49217 2.1548 -0.183083</i>
                        <i>0.083439 0.988677 -0.124724 -0.99603 0.0788459 -0.0413287 -0.0310268 0.127677 0.99133 0.49217 2.1548 -0.183083</i>
                        <i>0.0834373 0.98868 -0.1247 -0.99603 0.0788449 -0.0413283 -0.0310285 0.127654 0.991333 0.49217 2.1548 -0.183083</i>
                        <i>0.083436 0.988682 -0.124682 -0.99603 0.0788442 -0.041328 -0.0310298 0.127635 0.991336 0.49217 2.1548 -0.183083</i>
                        <i>0.0835021 0.988819 -0.123545 -0.995937 0.0786168 -0.0439111 -0.0337075 0.12671 0.991367 0.493 2.15279 -0.184924</i>
                        <i>0.0839825 0.988796 -0.123411 -0.995698 0.0784052 -0.0493838 -0.0391545 0.127027 0.991126 0.494983 2.14781 -0.189154</i>
                        <i>0.0840253 0.990371 -0.110021 -0.995435 0.0784105 -0.0544105 -0.0452599 0.11409 0.992439 0.497335 2.14157 -0.193895</i>
                        <i>0.0819874 0.994972 -0.0575252 -0.99525 0.0786975 -0.0572994 -0.0524842 0.0619498 0.996698 0.499278 2.1361 -0.197599</i>
                        <i>0.0728663 0.985394 0.153911 -0.994677 0.0830741 -0.0609595 -0.0728552 -0.14865 0.986203 0.500081 2.13374 -0.199076</i>
                        <i>0.0800737 0.992972 0.0871468 -0.994477 0.0855328 -0.0608195 -0.0678459 -0.0817955 0.994337 0.499522 2.13512 -0.19825</i>
                        <i>0.0900071 0.995679 -0.0228594 -0.99438 0.0885578 -0.0580144 -0.0557394 0.0279526 0.998054 0.498111 2.13859 -0.196055</i>
                        <i>0.0921736 0.993503 -0.0667467 -0.994713 0.0888238 -0.0515314 -0.0452679 0.0711437 0.996438 0.496253 2.14314 -0.192916</i>
                        <i>0.0906276 0.991664 -0.0915903 -0.995259 0.0869281 -0.0436129 -0.0352876 0.0951087 0.994841 0.494349 2.14781 -0.189348</i>
                        <i>0.0906978 0.990163 -0.106539 -0.995456 0.0870233 -0.0386566 -0.029005 0.109561 0.993557 0.492787 2.15178 -0.186004</i>
                        <i>0.094832 0.987236 -0.127955 -0.995112 0.0904512 -0.0396374 -0.0275578 0.131088 0.990988 0.491936 2.15433 -0.18365</i>
                        <i>0.102295 0.982443 -0.156019 -0.994209 0.0957816 -0.0487264 -0.0329272 0.160099 0.986552 0.49217 2.1548 -0.183083</i>
                        <i>0.115348 0.977283 -0.177802 -0.990477 0.0996151 -0.0950362 -0.0751655 0.187071 0.979467 0.495876 2.14719 -0.188653</i>
                        <i>0.130705 0.975745 -0.175605 -0.976826 0.0964642 -0.191065 -0.169491 0.196509 0.965742 0.505309 2.13209 -0.196051</i>
                        <i>0.130701 0.980871 -0.144254 -0.947739 0.0808974 -0.308621 -0.291048 0.177052 0.940183 0.518294 2.12121 -0.195611</i>
                        <i>0.114354 0.988478 -0.0991706 -0.903793 0.0620744 -0.423445 -0.41241 0.138052 0.900477 0.529226 2.12109 -0.18611</i>
                        <i>0.0946249 0.993699 -0.0600637 -0.860291 0.0512624 -0.507219 -0.500945 0.0996678 0.859721 0.533972 2.12529 -0.17439</i>
                        <i>0.0790021 0.996174 -0.0373724 -0.839101 0.0462115 -0.542009 -0.538208 0.0741791 0.839541 0.532951 2.12844 -0.165745</i>
                        <i>0.071081 0.997122 -0.0263789 -0.831345 0.0446083 -0.553963 -0.551192 0.0613062 0.832123 0.531882 2.12673 -0.161961</i>
                        <i>0.0749131 0.996711 -0.0308914 -0.831141 0.0452919 -0.554214 -0.550993 0.067193 0.831801 0.531882 2.1216 -0.161961</i>
                        <i>0.0831559 0.99567 -0.0415451 -0.830853 0.0462511 -0.554566 -0.550243 0.0806334 0.831102 0.531882 2.11706 -0.161961</i>
                        <i>0.0890591 0.994752 -0.0503594 -0.830836 0.046308 -0.554587 -0.549344 0.0912314 0.830601 0.531882 2.11338 -0.161961</i>
                        <i>0.0925006 0.99406 -0.0573409 -0.831118 0.0453677 -0.554242 -0.548348 0.0989248 0.830378 0.531882 2.11087 -0.161961</i>
                        <i>0.193532 0.97682 -0.0914717 -0.810792 0.106745 -0.575519 -0.552414 0.185546 0.812657 0.531882 2.10983 -0.161961</i>
                        <i>0.291423 0.949266 -0.118181 -0.786738 0.167562 -0.59411 -0.544166 0.266115 0.795655 0.531882 2.11055 -0.161961</i>
                        <i>0.230308 0.968458 -0.095116 -0.819712 0.140396 -0.555303 -0.524434 0.205858 0.826191 0.529634 2.14297 -0.163523</i>
                        <i>0.162741 0.984509 -0.0652437 -0.872467 0.112709 -0.475497 -0.460778 0.134306 0.877295 0.524516 2.18041 -0.166642</i>
                        <i>0.203362 0.977262 -0.0600217 -0.894001 0.160339 -0.418393 -0.399256 0.138745 0.906281 0.519187 2.17125 -0.169313</i>
                        <i>0.273606 0.959769 -0.0631202 -0.885556 0.225749 -0.40599 -0.375407 0.166978 0.911695 0.516706 2.15623 -0.170375</i>
                        <i>0.312377 0.947546 -0.067654 -0.872075 0.257798 -0.415962 -0.376703 0.188937 0.906862 0.516706 2.15623 -0.170375</i>
                        <i>0.290689 0.952831 -0.0872555 -0.893671 0.237793 -0.380535 -0.341837 0.188595 0.920641 0.514348 2.156 -0.172097</i>
                        <i>0.238142 0.96338 -0.12324 -0.936346 0.19403 -0.29259 -0.257963 0.185073 0.948263 0.508518 2.15552 -0.175839</i>
                        <i>0.169833 0.974249 -0.148312 -0.973183 0.142111 -0.180884 -0.155149 0.175055 0.972257 0.501224 2.15509 -0.179613</i>
                        <i>0.110243 0.981924 -0.153853 -0.991665 0.0982834 -0.0833111 -0.066684 0.161755 0.984575 0.494881 2.15486 -0.182175</i>
                        <i>0.0852544 0.984706 -0.151942 -0.995938 0.0797863 -0.0417396 -0.0289783 0.154884 0.987508 0.49217 2.1548 -0.183083</i>
                        <i>0.0851438 0.984994 -0.150124 -0.995943 0.0797323 -0.041716 -0.0291202 0.153067 0.987787 0.49217 2.1548 -0.183083</i>
                        <i>0.0848339 0.985765 -0.145159 -0.995958 0.0795782 -0.0416486 -0.0295043 0.148105 0.988531 0.49217 2.1548 -0.183083</i>
                        <i>0.0843509 0.986867 -0.137765 -0.995982 0.0793311 -0.0415407 -0.0300661 0.140716 0.989593 0.49217 2.1548 -0.183083</i>
                        <i>0.0837234 0.988146 -0.128677 -0.996015 0.0789995 -0.0413958 -0.0307397 0.13163 0.990822 0.49217 2.1548 -0.183083</i>
                        <i>0.0829904 0.98946 -0.118668 -0.996054 0.0785997 -0.0412212 -0.0314594 0.121621 0.992078 0.49217 2.1548 -0.183083</i>
                        <i>0.0822069 0.990685 -0.108557 -0.996096 0.07816 -0.0410291 -0.0321621 0.111506 0.993243 0.49217 2.1548 -0.183083</i>
                        <i>0.081444 0.991729 -0.0991965 -0.996138 0.0777214 -0.0408374 -0.03279 0.102139 0.99423 0.49217 2.1548 -0.183083</i>
                        <i>0.0807859 0.992527 -0.0914506 -0.996175 0.0773356 -0.0406689 -0.0332926 0.0943863 0.994979 0.49217 2.1548 -0.183083</i>
                        <i>0.0803245 0.993036 -0.0861811 -0.996201 0.0770614 -0.0405491 -0.0336255 0.0891108 0.995454 0.49217 2.1548 -0.183083</i>
                        <i>0.0801515 0.993217 -0.0842378 -0.996211 0.0769579 -0.0405039 -0.0337464 0.0871651 0.995622 0.49217 2.1548 -0.183083</i>
                        <i>0.0801515 0.993217 -0.0842378 -0.996211 0.0769579 -0.0405039 -0.0337464 0.0871651 0.995622 0.49217 2.1548 -0.183083</i>
                        <i>0.0801515 0.993217 -0.0842378 -0.996211 0.0769579 -0.0405039 -0.0337464 0.0871651 0.995622 0.49217 2.1548 -0.183083</i>
                        <i>0.0801515 0.993217 -0.0842378 -0.996211 0.0769579 -0.0405039 -0.0337464 0.0871651 0.995622 0.49217 2.1548 -0.183083</i>
                        <i>0.0801515 0.993217 -0.0842378 -0.996211 0.0769579 -0.0405039 -0.0337464 0.0871651 0.995622 0.49217 2.1548 -0.183083</i>
                        <i>0.0801515 0.993217 -0.0842378 -0.996211 0.0769579 -0.0405039 -0.0337464 0.0871651 0.995622 0.49217 2.1548 -0.183083</i>
                        <i>0.0801515 0.993217 -0.0842378 -0.996211 0.0769579 -0.0405039 -0.0337464 0.0871651 0.995622 0.49217 2.1548 -0.183083</i>
                        <i>0.0801515 0.993217 -0.0842378 -0.996211 0.0769579 -0.0405039 -0.0337464 0.0871651 0.995622 0.49217 2.1548 -0.183083</i>
                        <i>0.0801515 0.993217 -0.0842378 -0.996211 0.0769579 -0.0405039 -0.0337464 0.0871651 0.995622 0.49217 2.1548 -0.183083</i>
                        <i>0.0801515 0.993217 -0.0842378 -0.996211 0.0769579 -0.0405039 -0.0337464 0.0871651 0.995622 0.49217 2.1548 -0.183083</i>
                        <i>0.0801515 0.993217 -0.0842378 -0.996211 0.0769579 -0.0405039 -0.0337464 0.0871651 0.995622 0.49217 2.1548 -0.183083</i>
                        <i>0.0801515 0.993217 -0.0842378 -0.996211 0.0769579 -0.0405039 -0.0337464 0.0871651 0.995622 0.49217 2.1548 -0.183083</i>
                        <i>0.0801515 0.993217 -0.0842378 -0.996211 0.0769579 -0.0405039 -0.0337464 0.0871651 0.995622 0.49217 2.1548 -0.183083</i>
                        <i>0.0801515 0.993217 -0.0842378 -0.996211 0.0769579 -0.0405039 -0.0337464 0.0871651 0.995622 0.49217 2.1548 -0.183083</i>
                        <i>0.0801515 0.993217 -0.0842378 -0.996211 0.0769579 -0.0405039 -0.0337464 0.0871651 0.995622 0.49217 2.1548 -0.183083</i>
                        <i>0.0801515 0.993217 -0.0842378 -0.996211 0.0769579 -0.0405039 -0.0337464 0.0871651 0.995622 0.49217 2.1548 -0.183083</i>
                        <i>0.0801515 0.993217 -0.0842378 -0.996211 0.0769579 -0.0405039 -0.0337464 0.0871651 0.995622 0.49217 2.1548 -0.183083</i>
                        <i>0.0801515 0.993217 -0.0842378 -0.996211 0.0769579 -0.0405039 -0.0337464 0.0871651 0.995622 0.49217 2.1548 -0.183083</i>
                        <i>0.0801515 0.993217 -0.0842378 -0.996211 0.0769579 -0.0405039 -0.0337464 0.0871651 0.995622 0.49217 2.1548 -0.183083</i>
                        <i>0.0801515 0.993217 -0.0842378 -0.996211 0.0769579 -0.0405039 -0.0337464 0.0871651 0.995622 0.49217 2.1548 -0.183083</i>
                        <i>0.0801515 0.993217 -0.0842378 -0.996211 0.0769579 -0.0405039 -0.0337464 0.0871651 0.995622 0.49217 2.1548 -0.183083</i>
                    </KeyFrames>
                </p>
            </i>
            <i>
                <p>
                    <Name>
                        <![CDATA[spine1]]>
</Name>
                    <Exclude>0</Exclude>
                    <Additive>0</Additive>
                    <IKPriority>0</IKPriority>
                    <IKRotLimits>-1e+010 -1e+010 -1e+010 1e+010 1e+010 1e+010</IKRotLimits>
                    <IKRotLimitOrder>0</IKRotLimitOrder>
                    <KeyFrames count="80">
                        <i>-0.122007 0.958901 0.25617 -0.992529 -0.117717 -0.0320759 -0.000602167 -0.25817 0.966099 0.507226 2.34132 -0.199002</i>
                        <i>-0.1219 0.959246 0.254927 -0.992542 -0.117593 -0.0321259 -0.00083894 -0.256942 0.966426 0.507317 2.34133 -0.19995</i>
                        <i>-0.121768 0.959641 0.2535 -0.992558 -0.117446 -0.0321716 -0.00110058 -0.255531 0.9668 0.507418 2.34134 -0.201026</i>
                        <i>-0.121617 0.960064 0.251966 -0.992576 -0.117283 -0.0322073 -0.00136968 -0.254012 0.9672 0.507524 2.34136 -0.202166</i>
                        <i>-0.121455 0.960492 0.250409 -0.992596 -0.117112 -0.0322295 -0.00163041 -0.252469 0.967604 0.507627 2.34138 -0.203304</i>
                        <i>-0.121291 0.960901 0.248914 -0.992615 -0.116943 -0.0322382 -0.00186889 -0.250986 0.967989 0.507723 2.3414 -0.204377</i>
                        <i>-0.121138 0.961265 0.247578 -0.992634 -0.116788 -0.0322356 -0.00207285 -0.249659 0.968332 0.507806 2.34142 -0.20532</i>
                        <i>-0.12101 0.961559 0.246497 -0.992649 -0.116661 -0.0322267 -0.00223136 -0.248584 0.968608 0.50787 2.34144 -0.206071</i>
                        <i>-0.120922 0.961755 0.245774 -0.992659 -0.116575 -0.0322173 -0.00233425 -0.247865 0.968792 0.507912 2.34145 -0.206567</i>
                        <i>-0.12089 0.961826 0.245511 -0.992663 -0.116543 -0.0322133 -0.00237106 -0.247604 0.968859 0.507928 2.34145 -0.206746</i>
                        <i>-0.12089 0.961826 0.245513 -0.992663 -0.116543 -0.0322133 -0.00237076 -0.247606 0.968858 0.507928 2.34145 -0.206744</i>
                        <i>-0.120891 0.961825 0.245518 -0.992663 -0.116544 -0.0322134 -0.00237005 -0.247611 0.968857 0.507927 2.34145 -0.206741</i>
                        <i>-0.120892 0.961823 0.245525 -0.992663 -0.116545 -0.0322135 -0.00236912 -0.247617 0.968855 0.507927 2.34145 -0.206736</i>
                        <i>-0.120892 0.961821 0.245531 -0.992663 -0.116545 -0.0322136 -0.00236817 -0.247624 0.968853 0.507926 2.34145 -0.206732</i>
                        <i>-0.120893 0.961819 0.245536 -0.992663 -0.116546 -0.0322137 -0.00236745 -0.247629 0.968852 0.507926 2.34145 -0.206728</i>
                        <i>-0.124103 0.957296 0.261117 -0.992269 -0.119995 -0.031681 0.00100464 -0.26303 0.964787 0.508882 2.3408 -0.208529</i>
                        <i>-0.131142 0.944773 0.300342 -0.991312 -0.128066 -0.0299966 0.0101236 -0.301667 0.95336 0.511274 2.33954 -0.213221</i>
                        <i>-0.138584 0.922426 0.360452 -0.990046 -0.138071 -0.0273119 0.0245746 -0.360649 0.932378 0.514091 2.33895 -0.215993</i>
                        <i>-0.143851 0.88685 0.439095 -0.988625 -0.148471 -0.0240109 0.0438987 -0.437554 0.89812 0.516081 2.33987 -0.209584</i>
                        <i>-0.135998 0.788994 0.59916 -0.988313 -0.15008 -0.0266983 0.0688574 -0.595789 0.800184 0.516097 2.35008 -0.16558</i>
                        <i>-0.146576 0.806512 0.57276 -0.987415 -0.15405 -0.0357713 0.0593836 -0.570796 0.818942 0.515899 2.33805 -0.18064</i>
                        <i>-0.154861 0.853688 0.497227 -0.987441 -0.149685 -0.0505438 0.0312789 -0.49881 0.866147 0.515093 2.32638 -0.20047</i>
                        <i>-0.145289 0.896311 0.418949 -0.989324 -0.126736 -0.0719498 -0.0113937 -0.424929 0.905155 0.51348 2.32877 -0.205481</i>
                        <i>-0.130237 0.932273 0.337497 -0.990035 -0.103889 -0.0950725 -0.0535715 -0.346516 0.936513 0.51156 2.33609 -0.20685</i>
                        <i>-0.119373 0.951807 0.282514 -0.989134 -0.0894174 -0.116695 -0.0858094 -0.293375 0.952139 0.510108 2.34082 -0.206463</i>
                        <i>-0.113658 0.960976 0.252205 -0.986147 -0.0782509 -0.146257 -0.120814 -0.265334 0.956557 0.509918 2.34149 -0.208019</i>
                        <i>-0.110092 0.965731 0.23504 -0.980318 -0.0665144 -0.185884 -0.16388 -0.250878 0.954046 0.511634 2.34168 -0.212876</i>
                        <i>-0.113773 0.959725 0.256874 -0.964857 -0.0450918 -0.258878 -0.236869 -0.2773 0.931127 0.518468 2.33848 -0.223605</i>
                        <i>-0.136445 0.944802 0.297879 -0.928469 -0.0171119 -0.371015 -0.345439 -0.327195 0.879554 0.53212 2.33195 -0.232222</i>
                        <i>-0.17906 0.932023 0.315074 -0.887066 -0.0144387 -0.461417 -0.425502 -0.362113 0.829351 0.545832 2.32731 -0.226151</i>
                        <i>-0.221994 0.927122 0.301933 -0.856719 -0.0376105 -0.51441 -0.465565 -0.372868 0.802633 0.553177 2.32728 -0.207004</i>
                        <i>-0.244716 0.929553 0.275765 -0.828125 -0.0524502 -0.558085 -0.504305 -0.36494 0.782621 0.553426 2.32851 -0.186848</i>
                        <i>-0.243271 0.937213 0.249903 -0.81265 -0.0562771 -0.580028 -0.529546 -0.344188 0.775316 0.548926 2.32864 -0.173408</i>
                        <i>-0.238614 0.941809 0.236769 -0.807558 -0.0570242 -0.587024 -0.539363 -0.331277 0.774172 0.546234 2.32668 -0.167399</i>
                        <i>-0.234433 0.943887 0.232635 -0.80763 -0.0559087 -0.587033 -0.541086 -0.325503 0.775418 0.547161 2.32349 -0.168376</i>
                        <i>-0.228513 0.947079 0.225442 -0.807952 -0.0552987 -0.586648 -0.543135 -0.316203 0.77783 0.548999 2.32066 -0.170625</i>
                        <i>-0.22255 0.950488 0.216898 -0.80818 -0.055433 -0.586321 -0.545268 -0.305779 0.780502 0.550335 2.31818 -0.172505</i>
                        <i>-0.216632 0.954095 0.206815 -0.808227 -0.0564527 -0.586159 -0.547577 -0.294135 0.783355 0.551107 2.31619 -0.173984</i>
                        <i>-0.0889416 0.98029 0.176409 -0.803834 0.0339411 -0.593885 -0.588167 -0.194624 0.784972 0.570633 2.30491 -0.180372</i>
                        <i>0.0609081 0.987812 0.143238 -0.790415 0.135367 -0.597428 -0.609536 -0.0768292 0.789026 0.589327 2.29736 -0.185346</i>
                        <i>-0.0347165 0.98219 0.184656 -0.803448 0.0824556 -0.589638 -0.594362 -0.168831 0.786276 0.57525 2.3344 -0.182459</i>
                        <i>-0.128885 0.962259 0.239678 -0.825658 0.0297385 -0.563386 -0.549251 -0.270505 0.790664 0.556632 2.37425 -0.179625</i>
                        <i>-0.0517156 0.965888 0.253745 -0.840954 0.0949215 -0.532716 -0.53863 -0.240937 0.807358 0.559278 2.36359 -0.181268</i>
                        <i>0.0646493 0.964822 0.254832 -0.834066 0.192443 -0.517011 -0.547864 -0.179122 0.817166 0.570105 2.34333 -0.182812</i>
                        <i>0.120916 0.958274 0.259018 -0.821785 0.243 -0.515384 -0.55682 -0.150539 0.816878 0.576177 2.33647 -0.18335</i>
                        <i>0.0923069 0.964509 0.247391 -0.856879 0.203496 -0.473653 -0.507186 -0.168263 0.845252 0.569107 2.33536 -0.188617</i>
                        <i>0.0318827 0.973849 0.224947 -0.924711 0.114157 -0.36315 -0.379333 -0.196433 0.904169 0.553125 2.33585 -0.199001</i>
                        <i>-0.040596 0.975151 0.217791 -0.976308 0.00765365 -0.216252 -0.212546 -0.22141 0.951736 0.533102 2.33786 -0.207534</i>
                        <i>-0.0977766 0.968611 0.228545 -0.993039 -0.0798001 -0.086638 -0.0656806 -0.235425 0.969671 0.515718 2.34038 -0.21135</i>
                        <i>-0.119796 0.964025 0.237285 -0.992793 -0.115513 -0.0319242 -0.00336629 -0.239399 0.970915 0.50835 2.34163 -0.212024</i>
                        <i>-0.119879 0.96387 0.237872 -0.992783 -0.115589 -0.0319546 -0.00330473 -0.239986 0.970771 0.508323 2.34162 -0.211668</i>
                        <i>-0.120098 0.963453 0.239448 -0.992757 -0.11579 -0.0320291 -0.00313277 -0.24156 0.970381 0.508248 2.34158 -0.210698</i>
                        <i>-0.120405 0.962848 0.241717 -0.992721 -0.116077 -0.0321178 -0.00286662 -0.243825 0.969815 0.508135 2.34153 -0.209259</i>
                        <i>-0.120751 0.962128 0.244395 -0.99268 -0.116408 -0.0321923 -0.00252363 -0.246493 0.969141 0.507991 2.34148 -0.207499</i>
                        <i>-0.121095 0.961363 0.247218 -0.992639 -0.116746 -0.0322333 -0.00212621 -0.249301 0.968424 0.507827 2.34143 -0.205571</i>
                        <i>-0.121406 0.960616 0.249954 -0.992602 -0.117061 -0.0322335 -0.00170411 -0.252018 0.967721 0.507657 2.34138 -0.203632</i>
                        <i>-0.121661 0.959944 0.252401 -0.992571 -0.11733 -0.0321986 -0.00129469 -0.254443 0.967087 0.507494 2.34135 -0.201845</i>
                        <i>-0.121849 0.9594 0.254371 -0.992548 -0.117537 -0.0321452 -0.000942116 -0.256393 0.966572 0.507357 2.34133 -0.200371</i>
                        <i>-0.121966 0.959035 0.255688 -0.992534 -0.117669 -0.0320964 -0.000694876 -0.257694 0.966226 0.507261 2.34132 -0.199371</i>
                        <i>-0.122007 0.958901 0.25617 -0.992529 -0.117717 -0.0320759 -0.000602167 -0.25817 0.966099 0.507226 2.34132 -0.199002</i>
                        <i>-0.122007 0.958901 0.25617 -0.992529 -0.117717 -0.0320759 -0.000602167 -0.25817 0.966099 0.507226 2.34132 -0.199002</i>
                        <i>-0.122007 0.958901 0.25617 -0.992529 -0.117717 -0.0320759 -0.000602167 -0.25817 0.966099 0.507226 2.34132 -0.199002</i>
                        <i>-0.122007 0.958901 0.25617 -0.992529 -0.117717 -0.0320759 -0.000602167 -0.25817 0.966099 0.507226 2.34132 -0.199002</i>
                        <i>-0.122007 0.958901 0.25617 -0.992529 -0.117717 -0.0320759 -0.000602167 -0.25817 0.966099 0.507226 2.34132 -0.199002</i>
                        <i>-0.122007 0.958901 0.25617 -0.992529 -0.117717 -0.0320759 -0.000602167 -0.25817 0.966099 0.507226 2.34132 -0.199002</i>
                        <i>-0.122007 0.958901 0.25617 -0.992529 -0.117717 -0.0320759 -0.000602167 -0.25817 0.966099 0.507226 2.34132 -0.199002</i>
                        <i>-0.122007 0.958901 0.25617 -0.992529 -0.117717 -0.0320759 -0.000602167 -0.25817 0.966099 0.507226 2.34132 -0.199002</i>
                        <i>-0.122007 0.958901 0.25617 -0.992529 -0.117717 -0.0320759 -0.000602167 -0.25817 0.966099 0.507226 2.34132 -0.199002</i>
                        <i>-0.122007 0.958901 0.25617 -0.992529 -0.117717 -0.0320759 -0.000602167 -0.25817 0.966099 0.507226 2.34132 -0.199002</i>
                        <i>-0.122007 0.958901 0.25617 -0.992529 -0.117717 -0.0320759 -0.000602167 -0.25817 0.966099 0.507226 2.34132 -0.199002</i>
                        <i>-0.122007 0.958901 0.25617 -0.992529 -0.117717 -0.0320759 -0.000602167 -0.25817 0.966099 0.507226 2.34132 -0.199002</i>
                        <i>-0.122007 0.958901 0.25617 -0.992529 -0.117717 -0.0320759 -0.000602167 -0.25817 0.966099 0.507226 2.34132 -0.199002</i>
                        <i>-0.122007 0.958901 0.25617 -0.992529 -0.117717 -0.0320759 -0.000602167 -0.25817 0.966099 0.507226 2.34132 -0.199002</i>
                        <i>-0.122007 0.958901 0.25617 -0.992529 -0.117717 -0.0320759 -0.000602167 -0.25817 0.966099 0.507226 2.34132 -0.199002</i>
                        <i>-0.122007 0.958901 0.25617 -0.992529 -0.117717 -0.0320759 -0.000602167 -0.25817 0.966099 0.507226 2.34132 -0.199002</i>
                        <i>-0.122007 0.958901 0.25617 -0.992529 -0.117717 -0.0320759 -0.000602167 -0.25817 0.966099 0.507226 2.34132 -0.199002</i>
                        <i>-0.122007 0.958901 0.25617 -0.992529 -0.117717 -0.0320759 -0.000602167 -0.25817 0.966099 0.507226 2.34132 -0.199002</i>
                        <i>-0.122007 0.958901 0.25617 -0.992529 -0.117717 -0.0320759 -0.000602167 -0.25817 0.966099 0.507226 2.34132 -0.199002</i>
                        <i>-0.122007 0.958901 0.25617 -0.992529 -0.117717 -0.0320759 -0.000602167 -0.25817 0.966099 0.507226 2.34132 -0.199002</i>
                        <i>-0.122007 0.958901 0.25617 -0.992529 -0.117717 -0.0320759 -0.000602167 -0.25817 0.966099 0.507226 2.34132 -0.199002</i>
                    </KeyFrames>
                </p>
            </i>
            <i>
                <p>
                    <Name>
                        <![CDATA[spine2]]>
</Name>
                    <Exclude>0</Exclude>
                    <Additive>0</Additive>
                    <IKPriority>0</IKPriority>
                    <IKRotLimits>-1e+010 -1e+010 -1e+010 1e+010 1e+010 1e+010</IKRotLimits>
                    <IKRotLimitOrder>0</IKRotLimitOrder>
                    <KeyFrames count="80">
                        <i>-0.165014 0.951245 0.260581 -0.984624 -0.143525 -0.0995825 -0.0573274 -0.273007 0.960302 0.486146 2.50684 -0.15448</i>
                        <i>-0.165554 0.948867 0.268782 -0.984597 -0.143489 -0.0999022 -0.0562267 -0.281181 0.958006 0.486244 2.50699 -0.155617</i>
                        <i>-0.166154 0.946085 0.278059 -0.984566 -0.143444 -0.100263 -0.0549714 -0.290427 0.955317 0.486354 2.50717 -0.156909</i>
                        <i>-0.166775 0.943042 0.287852 -0.984535 -0.143393 -0.100643 -0.0536345 -0.300185 0.952372 0.48647 2.50738 -0.15828</i>
                        <i>-0.167381 0.939901 0.297607 -0.984505 -0.143337 -0.10102 -0.052291 -0.309904 0.949329 0.486584 2.5076 -0.159651</i>
                        <i>-0.167939 0.936848 0.306777 -0.984476 -0.143281 -0.101374 -0.051017 -0.31904 0.946367 0.486691 2.50782 -0.160946</i>
                        <i>-0.168419 0.934087 0.314828 -0.984452 -0.143228 -0.101684 -0.04989 -0.327059 0.943686 0.486785 2.50801 -0.162087</i>
                        <i>-0.168795 0.931837 0.321229 -0.984433 -0.143184 -0.101931 -0.0489881 -0.333434 0.9415 0.486858 2.50818 -0.162998</i>
                        <i>-0.16904 0.930325 0.325455 -0.984421 -0.143154 -0.102093 -0.0483897 -0.337643 0.94003 0.486907 2.50829 -0.163601</i>
                        <i>-0.169127 0.929774 0.326982 -0.984416 -0.143142 -0.102152 -0.048173 -0.339163 0.939493 0.486925 2.50833 -0.163819</i>
                        <i>-0.169127 0.929778 0.32697 -0.984416 -0.143143 -0.102151 -0.0481747 -0.339151 0.939498 0.486924 2.50833 -0.163817</i>
                        <i>-0.169125 0.929789 0.32694 -0.984416 -0.143143 -0.10215 -0.048179 -0.339121 0.939508 0.486924 2.50833 -0.163813</i>
                        <i>-0.169123 0.929803 0.326901 -0.984416 -0.143143 -0.102149 -0.0481845 -0.339082 0.939522 0.486924 2.50833 -0.163807</i>
                        <i>-0.169121 0.929817 0.326862 -0.984417 -0.143143 -0.102147 -0.04819 -0.339044 0.939536 0.486923 2.50833 -0.163802</i>
                        <i>-0.169119 0.929828 0.326832 -0.984417 -0.143144 -0.102146 -0.0481943 -0.339014 0.939546 0.486923 2.50833 -0.163797</i>
                        <i>-0.170083 0.924601 0.340859 -0.98429 -0.142767 -0.103882 -0.0473858 -0.353173 0.934357 0.487174 2.50805 -0.16255</i>
                        <i>-0.172782 0.904845 0.389104 -0.984005 -0.141179 -0.108644 -0.0433724 -0.401652 0.914765 0.487895 2.50781 -0.15929</i>
                        <i>-0.175344 0.871351 0.45826 -0.983818 -0.137672 -0.114665 -0.0368235 -0.47095 0.881391 0.488721 2.50772 -0.149487</i>
                        <i>-0.175357 0.838262 0.516301 -0.984011 -0.132625 -0.118882 -0.0311803 -0.528893 0.848116 0.489055 2.5065 -0.126395</i>
                        <i>-0.168058 0.786271 0.594588 -0.985373 -0.11673 -0.124151 -0.0282098 -0.606755 0.794388 0.488786 2.50879 -0.0440448</i>
                        <i>-0.177595 0.802543 0.569547 -0.982978 -0.116987 -0.141664 -0.0470618 -0.585011 0.809659 0.488459 2.48914 -0.0725916</i>
                        <i>-0.187927 0.83928 0.510188 -0.978982 -0.118158 -0.166232 -0.0792325 -0.530704 0.843845 0.488277 2.47407 -0.113983</i>
                        <i>-0.189161 0.875562 0.444532 -0.974474 -0.111642 -0.194773 -0.120908 -0.470029 0.874331 0.488497 2.48247 -0.133248</i>
