<?xml version="1.0" encoding="ISO-8859-1" ?>
<Animl Version="1">
    <ModellingPackage><![CDATA[Maya.2010]]></ModellingPackage>
    <SrcFile><![CDATA[anims\turrets\antitank\blue\~src\at_m40recoilless\antitank_m40recoilless_aim_random_crewman_a.mb]]></SrcFile>
    <FramesPerSecond>30</FramesPerSecond>
    <TotalFrames>60</TotalFrames>
    <Skeleton>
        <RefFrame>
            <Name><![CDATA[soldier_ref_frame]]></Name>
            <Exclude>0</Exclude>
            <Additive>0</Additive>
            <IKPriority>0</IKPriority>
            <IKRotLimits>-1e+010 -1e+010 -1e+010 1e+010 1e+010 1e+010</IKRotLimits>
            <IKRotLimitOrder>0</IKRotLimitOrder>
            <KeyFrames count="60">
                <i>1 0 0 0 1 0 0 0 1 0.69 0.93 0</i>
                <i>1 0 0 0 1 0 0 0 1 0.69 0.93 0</i>
                <i>1 0 0 0 1 0 0 0 1 0.69 0.93 0</i>
                <i>1 0 0 0 1 0 0 0 1 0.69 0.93 0</i>
                <i>1 0 0 0 1 0 0 0 1 0.69 0.93 0</i>
                <i>1 0 0 0 1 0 0 0 1 0.69 0.93 0</i>
                <i>1 0 0 0 1 0 0 0 1 0.69 0.93 0</i>
                <i>1 0 0 0 1 0 0 0 1 0.69 0.93 0</i>
                <i>1 0 0 0 1 0 0 0 1 0.69 0.93 0</i>
                <i>1 0 0 0 1 0 0 0 1 0.69 0.93 0</i>
                <i>1 0 0 0 1 0 0 0 1 0.69 0.93 0</i>
                <i>1 0 0 0 1 0 0 0 1 0.69 0.93 0</i>
                <i>1 0 0 0 1 0 0 0 1 0.69 0.93 0</i>
                <i>1 0 0 0 1 0 0 0 1 0.69 0.93 0</i>
                <i>1 0 0 0 1 0 0 0 1 0.69 0.93 0</i>
                <i>1 0 0 0 1 0 0 0 1 0.69 0.93 0</i>
                <i>1 0 0 0 1 0 0 0 1 0.69 0.93 0</i>
                <i>1 0 0 0 1 0 0 0 1 0.69 0.93 0</i>
                <i>1 0 0 0 1 0 0 0 1 0.69 0.93 0</i>
                <i>1 0 0 0 1 0 0 0 1 0.69 0.93 0</i>
                <i>1 0 0 0 1 0 0 0 1 0.69 0.93 0</i>
                <i>1 0 0 0 1 0 0 0 1 0.69 0.93 0</i>
                <i>1 0 0 0 1 0 0 0 1 0.69 0.93 0</i>
                <i>1 0 0 0 1 0 0 0 1 0.69 0.93 0</i>
                <i>1 0 0 0 1 0 0 0 1 0.69 0.93 0</i>
                <i>1 0 0 0 1 0 0 0 1 0.69 0.93 0</i>
                <i>1 0 0 0 1 0 0 0 1 0.69 0.93 0</i>
                <i>1 0 0 0 1 0 0 0 1 0.69 0.93 0</i>
                <i>1 0 0 0 1 0 0 0 1 0.69 0.93 0</i>
                <i>1 0 0 0 1 0 0 0 1 0.69 0.93 0</i>
                <i>1 0 0 0 1 0 0 0 1 0.69 0.93 0</i>
                <i>1 0 0 0 1 0 0 0 1 0.69 0.93 0</i>
                <i>1 0 0 0 1 0 0 0 1 0.69 0.93 0</i>
                <i>1 0 0 0 1 0 0 0 1 0.69 0.93 0</i>
                <i>1 0 0 0 1 0 0 0 1 0.69 0.93 0</i>
                <i>1 0 0 0 1 0 0 0 1 0.69 0.93 0</i>
                <i>1 0 0 0 1 0 0 0 1 0.69 0.93 0</i>
                <i>1 0 0 0 1 0 0 0 1 0.69 0.93 0</i>
                <i>1 0 0 0 1 0 0 0 1 0.69 0.93 0</i>
                <i>1 0 0 0 1 0 0 0 1 0.69 0.93 0</i>
                <i>1 0 0 0 1 0 0 0 1 0.69 0.93 0</i>
                <i>1 0 0 0 1 0 0 0 1 0.69 0.93 0</i>
                <i>1 0 0 0 1 0 0 0 1 0.69 0.93 0</i>
                <i>1 0 0 0 1 0 0 0 1 0.69 0.93 0</i>
                <i>1 0 0 0 1 0 0 0 1 0.69 0.93 0</i>
                <i>1 0 0 0 1 0 0 0 1 0.69 0.93 0</i>
                <i>1 0 0 0 1 0 0 0 1 0.69 0.93 0</i>
                <i>1 0 0 0 1 0 0 0 1 0.69 0.93 0</i>
                <i>1 0 0 0 1 0 0 0 1 0.69 0.93 0</i>
                <i>1 0 0 0 1 0 0 0 1 0.69 0.93 0</i>
                <i>1 0 0 0 1 0 0 0 1 0.69 0.93 0</i>
                <i>1 0 0 0 1 0 0 0 1 0.69 0.93 0</i>
                <i>1 0 0 0 1 0 0 0 1 0.69 0.93 0</i>
                <i>1 0 0 0 1 0 0 0 1 0.69 0.93 0</i>
                <i>1 0 0 0 1 0 0 0 1 0.69 0.93 0</i>
                <i>1 0 0 0 1 0 0 0 1 0.69 0.93 0</i>
                <i>1 0 0 0 1 0 0 0 1 0.69 0.93 0</i>
                <i>1 0 0 0 1 0 0 0 1 0.69 0.93 0</i>
                <i>1 0 0 0 1 0 0 0 1 0.69 0.93 0</i>
                <i>1 0 0 0 1 0 0 0 1 0.69 0.93 0</i>
            </KeyFrames>
        </RefFrame>
        <Bones count="23">
            <i>
                <p>
                    <Name><![CDATA[pelvis]]></Name>
                    <Exclude>0</Exclude>
                    <Additive>0</Additive>
                    <IKPriority>0</IKPriority>
                    <IKRotLimits>-1e+010 -1e+010 -1e+010 1e+010 1e+010 1e+010</IKRotLimits>
                    <IKRotLimitOrder>2</IKRotLimitOrder>
                    <KeyFrames count="60">
                        <i>1 0 0 0 1 0 0 0 1 0.62452 2.07002 -0.0330085</i>
                        <i>1 0 0 0 1 0 0 0 1 0.62452 2.0622 -0.0330085</i>
                        <i>1 0 0 0 1 0 0 0 1 0.62452 2.04501 -0.0330085</i>
                        <i>1 0 0 0 1 0 0 0 1 0.62452 2.02782 -0.0330085</i>
                        <i>1 0 0 0 1 0 0 0 1 0.62452 2.02 -0.0330085</i>
                        <i>1 0 0 0 1 0 0 0 1 0.62452 2.02475 -0.0330085</i>
                        <i>1 0 0 0 1 0 0 0 1 0.62452 2.03626 -0.0330085</i>
                        <i>1 0 0 0 1 0 0 0 1 0.62452 2.0504 -0.0330085</i>
                        <i>1 0 0 0 1 0 0 0 1 0.62452 2.06303 -0.0330085</i>
                        <i>1 0 0 0 1 0 0 0 1 0.62452 2.07002 -0.0330085</i>
                        <i>1 0 0 0 1 0 0 0 1 0.62452 2.07016 -0.0330085</i>
                        <i>1 0 0 0 1 0 0 0 1 0.62452 2.07058 -0.0330085</i>
                        <i>1 0 0 0 1 0 0 0 1 0.62452 2.07123 -0.0330085</i>
                        <i>1 0 0 0 1 0 0 0 1 0.62452 2.0721 -0.0330085</i>
                        <i>1 0 0 0 1 0 0 0 1 0.62452 2.07314 -0.0330085</i>
                        <i>1 0 0 0 1 0 0 0 1 0.62452 2.07433 -0.0330085</i>
                        <i>1 0 0 0 1 0 0 0 1 0.62452 2.07565 -0.0330085</i>
                        <i>1 0 0 0 1 0 0 0 1 0.62452 2.07705 -0.0330085</i>
                        <i>1 0 0 0 1 0 0 0 1 0.62452 2.07852 -0.0330085</i>
                        <i>1 0 0 0 1 0 0 0 1 0.62452 2.08001 -0.0330085</i>
                        <i>1 0 0 0 1 0 0 0 1 0.62452 2.0815 -0.0330085</i>
                        <i>1 0 0 0 1 0 0 0 1 0.62452 2.08297 -0.0330085</i>
                        <i>1 0 0 0 1 0 0 0 1 0.62452 2.08437 -0.0330085</i>
                        <i>1 0 0 0 1 0 0 0 1 0.62452 2.08568 -0.0330085</i>
                        <i>1 0 0 0 1 0 0 0 1 0.62452 2.08688 -0.0330085</i>
                        <i>1 0 0 0 1 0 0 0 1 0.62452 2.08792 -0.0330085</i>
                        <i>1 0 0 0 1 0 0 0 1 0.62452 2.08879 -0.0330085</i>
                        <i>1 0 0 0 1 0 0 0 1 0.62452 2.08944 -0.0330085</i>
                        <i>1 0 0 0 1 0 0 0 1 0.62452 2.08986 -0.0330085</i>
                        <i>1 0 0 0 1 0 0 0 1 0.62452 2.09 -0.0330085</i>
                        <i>1 0 0 0 1 0 0 0 1 0.62452 2.08986 -0.0330085</i>
                        <i>1 0 0 0 1 0 0 0 1 0.62452 2.08944 -0.0330085</i>
                        <i>1 0 0 0 1 0 0 0 1 0.62452 2.08879 -0.0330085</i>
                        <i>1 0 0 0 1 0 0 0 1 0.62452 2.08792 -0.0330085</i>
                        <i>1 0 0 0 1 0 0 0 1 0.62452 2.08688 -0.0330085</i>
                        <i>1 0 0 0 1 0 0 0 1 0.62452 2.08568 -0.0330085</i>
                        <i>1 0 0 0 1 0 0 0 1 0.62452 2.08437 -0.0330085</i>
                        <i>1 0 0 0 1 0 0 0 1 0.62452 2.08297 -0.0330085</i>
                        <i>1 0 0 0 1 0 0 0 1 0.62452 2.0815 -0.0330085</i>
                        <i>1 0 0 0 1 0 0 0 1 0.62452 2.08001 -0.0330085</i>
                        <i>1 0 0 0 1 0 0 0 1 0.62452 2.07852 -0.0330085</i>
                        <i>1 0 0 0 1 0 0 0 1 0.62452 2.07705 -0.0330085</i>
                        <i>1 0 0 0 1 0 0 0 1 0.62452 2.07565 -0.0330085</i>
                        <i>1 0 0 0 1 0 0 0 1 0.62452 2.07433 -0.0330085</i>
                        <i>1 0 0 0 1 0 0 0 1 0.62452 2.07314 -0.0330085</i>
                        <i>1 0 0 0 1 0 0 0 1 0.62452 2.0721 -0.0330085</i>
                        <i>1 0 0 0 1 0 0 0 1 0.62452 2.07123 -0.0330085</i>
                        <i>1 0 0 0 1 0 0 0 1 0.62452 2.07058 -0.0330085</i>
                        <i>1 0 0 0 1 0 0 0 1 0.62452 2.07016 -0.0330085</i>
                        <i>1 0 0 0 1 0 0 0 1 0.62452 2.07002 -0.0330085</i>
                        <i>1 0 0 0 1 0 0 0 1 0.62452 2.06691 -0.0330085</i>
                        <i>1 0 0 0 1 0 0 0 1 0.62452 2.06182 -0.0330085</i>
                        <i>1 0 0 0 1 0 0 0 1 0.62452 2.05628 -0.0330085</i>
                        <i>1 0 0 0 1 0 0 0 1 0.62452 2.05183 -0.0330085</i>
                        <i>1 0 0 0 1 0 0 0 1 0.62452 2.05 -0.0330085</i>
                        <i>1 0 0 0 1 0 0 0 1 0.62452 2.05208 -0.0330085</i>
                        <i>1 0 0 0 1 0 0 0 1 0.62452 2.05705 -0.0330085</i>
                        <i>1 0 0 0 1 0 0 0 1 0.62452 2.06297 -0.0330085</i>
                        <i>1 0 0 0 1 0 0 0 1 0.62452 2.06794 -0.0330085</i>
                        <i>1 0 0 0 1 0 0 0 1 0.62452 2.07002 -0.0330085</i>
                    </KeyFrames>
                </p>
            </i>
            <i>
                <p>
                    <Name><![CDATA[spine0]]></Name>
                    <Exclude>0</Exclude>
                    <Additive>0</Additive>
                    <IKPriority>0</IKPriority>
                    <IKRotLimits>-1e+010 -1e+010 -1e+010 1e+010 1e+010 1e+010</IKRotLimits>
                    <IKRotLimitOrder>0</IKRotLimitOrder>
                    <KeyFrames count="60">
                        <i>-0.0643376 0.997082 0.0410828 -0.935997 -0.0460167 -0.348988 -0.346079 -0.0609064 0.936226 0.607632 2.20909 -0.0657438</i>
                        <i>-0.0641766 0.997173 0.0390881 -0.935927 -0.0465505 -0.349103 -0.346297 -0.0589879 0.936269 0.608309 2.20094 -0.0674271</i>
                        <i>-0.0641211 0.997322 0.0351639 -0.936153 -0.0479074 -0.348313 -0.345696 -0.055253 0.936718 0.609734 2.18294 -0.0711053</i>
                        <i>-0.0648939 0.997365 0.0324439 -0.937291 -0.0497632 -0.344978 -0.342455 -0.0527963 0.93805 0.610993 2.16483 -0.0747382</i>
                        <i>-0.0673292 0.997152 0.0339814 -0.939851 -0.0519549 -0.337611 -0.334884 -0.0546685 0.940672 0.611214 2.15654 -0.0763171</i>
                        <i>-0.0714204 0.996624 0.0405012 -0.94371 -0.0543692 -0.326275 -0.322971 -0.061524 0.944407 0.610188 2.16155 -0.0751701</i>
                        <i>-0.0760025 0.995875 0.0495685 -0.948017 -0.0567652 -0.313115 -0.309009 -0.0707893 0.948421 0.60856 2.17366 -0.0725397</i>
                        <i>-0.0802417 0.995008 0.0593323 -0.952173 -0.0589087 -0.299827 -0.294835 -0.0805532 0.952147 0.60677 2.18847 -0.069308</i>
                        <i>-0.0834678 0.994198 0.0678492 -0.955684 -0.0605734 -0.288094 -0.282313 -0.088889 0.955195 0.605202 2.20162 -0.0663979</i>
                        <i>-0.085163 0.993681 0.0731155 -0.958134 -0.0615415 -0.279627 -0.27336 -0.0938683 0.957321 0.604188 2.20885 -0.0647683</i>
                        <i>-0.0852038 0.993667 0.0732588 -0.958374 -0.0616237 -0.278788 -0.272508 -0.0939631 0.957554 0.604105 2.20899 -0.0647417</i>
                        <i>-0.0853183 0.993627 0.0736676 -0.95905 -0.0618569 -0.2764 -0.270082 -0.0942329 0.958215 0.603871 2.20939 -0.0646658</i>
                        <i>-0.0854935 0.993564 0.0743098 -0.960097 -0.0622215 -0.272657 -0.266278 -0.0946551 0.959237 0.603505 2.21001 -0.0645458</i>
                        <i>-0.0857158 0.993481 0.0751536 -0.961447 -0.0626977 -0.267748 -0.261291 -0.0952064 0.960553 0.603027 2.21084 -0.0643868</i>
                        <i>-0.0859711 0.993382 0.0761668 -0.963029 -0.0632659 -0.261865 -0.255313 -0.0958636 0.962094 0.602458 2.21184 -0.0641936</i>
                        <i>-0.0862458 0.993269 0.0773177 -0.964774 -0.0639065 -0.255199 -0.24854 -0.096604 0.963792 0.601818 2.21298 -0.0639715</i>
                        <i>-0.0865272 0.993146 0.0785744 -0.966618 -0.0645996 -0.247943 -0.241168 -0.0974053 0.965583 0.601126 2.21423 -0.0637257</i>
                        <i>-0.0868038 0.993016 0.0799053 -0.9685 -0.0653249 -0.240293 -0.233395 -0.0982466 0.967406 0.600403 2.21557 -0.0634623</i>
                        <i>-0.0870654 0.992881 0.0812788 -0.970363 -0.0660623 -0.232447 -0.225423 -0.099108 0.969207 0.599668 2.21696 -0.0631874</i>
                        <i>-0.0873038 0.992746 0.0826636 -0.972158 -0.066791 -0.224604 -0.217453 -0.0999709 0.970938 0.598938 2.21838 -0.0629079</i>
                        <i>-0.0875122 0.992613 0.0840286 -0.973843 -0.0674902 -0.216967 -0.209693 -0.100818 0.972556 0.598233 2.21981 -0.0626312</i>
                        <i>-0.0876857 0.992486 0.0853424 -0.97538 -0.0681391 -0.209741 -0.202349 -0.101633 0.974025 0.597571 2.2212 -0.0623652</i>
                        <i>-0.0878139 0.992385 0.0863789 -0.976734 -0.0687476 -0.203137 -0.195651 -0.102207 0.975333 0.596968 2.22254 -0.062118</i>
                        <i>-0.0878936 0.992309 0.0871671 -0.97788 -0.0692789 -0.19736 -0.189803 -0.102586 0.976448 0.596441 2.22379 -0.0618983</i>
                        <i>-0.0879296 0.992233 0.0879867 -0.9788 -0.0696592 -0.192611 -0.184986 -0.103058 0.977323 0.596007 2.22493 -0.0617148</i>
                        <i>-0.0879237 0.99216 0.0888132 -0.979469 -0.0698718 -0.189099 -0.181411 -0.103616 0.977933 0.595683 2.22594 -0.0615764</i>
                        <i>-0.0878794 0.992093 0.089607 -0.979863 -0.0699031 -0.187033 -0.17929 -0.104239 0.978258 0.595485 2.22678 -0.0614919</i>
                        <i>-0.0878001 0.992034 0.0903288 -0.979954 -0.0697383 -0.186621 -0.178835 -0.104903 0.978271 0.59543 2.22743 -0.0614695</i>
                        <i>-0.0876913 0.991986 0.090964 -0.979749 -0.0693866 -0.187822 -0.180005 -0.105592 0.977982 0.595509 2.22785 -0.0615062</i>
                        <i>-0.0875597 0.991947 0.0915126 -0.979279 -0.0688718 -0.190446 -0.182609 -0.106292 0.977423 0.595698 2.22802 -0.0615921</i>
                        <i>-0.0874074 0.99192 0.0919502 -0.978504 -0.0681834 -0.194628 -0.186786 -0.106986 0.976558 0.596 2.22791 -0.0617278</i>
                        <i>-0.087237 0.991906 0.0922574 -0.977402 -0.0673237 -0.200383 -0.19255 -0.107653 0.975364 0.596411 2.22754 -0.0619106</i>
                        <i>-0.0870515 0.991907 0.0924235 -0.975982 -0.0663185 -0.20751 -0.199702 -0.108268 0.973857 0.596919 2.22694 -0.0621326</i>
                        <i>-0.0868525 0.991923 0.0924381 -0.974256 -0.065194 -0.215811 -0.208042 -0.108802 0.97205 0.597512 2.22614 -0.0623858</i>
                        <i>-0.086641 0.991956 0.0922902 -0.972237 -0.0639771 -0.225085 -0.21737 -0.10923 0.969958 0.598178 2.22516 -0.0626624</i>
                        <i>-0.0864173 0.992005 0.0919692 -0.969939 -0.0626959 -0.235132 -0.227486 -0.109524 0.967602 0.598905 2.22404 -0.0629548</i>
                        <i>-0.0861813 0.992072 0.0914644 -0.967386 -0.0613793 -0.245756 -0.238194 -0.109661 0.965007 0.599679 2.22281 -0.0632558</i>
                        <i>-0.0859327 0.992158 0.0907655 -0.964608 -0.0600574 -0.256759 -0.249294 -0.109617 0.962204 0.600488 2.22148 -0.0635587</i>
                        <i>-0.0856712 0.992263 0.0898622 -0.96164 -0.0587612 -0.267947 -0.260593 -0.10937 0.959234 0.601318 2.22009 -0.0638574</i>
                        <i>-0.0853971 0.992387 0.0887449 -0.958529 -0.0575224 -0.279128 -0.271898 -0.108901 0.956144 0.602156 2.21867 -0.0641463</i>
                        <i>-0.0851154 0.992547 0.0872162 -0.955324 -0.0564301 -0.290122 -0.283038 -0.108014 0.953007 0.602987 2.21724 -0.0644208</i>
                        <i>-0.0848253 0.992747 0.0851897 -0.952085 -0.0555433 -0.300746 -0.293833 -0.106619 0.949892 0.603795 2.21585 -0.0646768</i>
                        <i>-0.0845236 0.992973 0.0828227 -0.948888 -0.0548468 -0.31081 -0.304084 -0.10486 0.946857 0.604567 2.2145 -0.0649109</i>
                        <i>-0.0842137 0.993209 0.0802726 -0.945816 -0.0543223 -0.320126 -0.313591 -0.102882 0.943968 0.605287 2.21324 -0.0651202</i>
                        <i>-0.0839043 0.99344 0.0776958 -0.942959 -0.0539486 -0.328508 -0.322161 -0.100827 0.9413 0.605938 2.21209 -0.0653024</i>
                        <i>-0.0836096 0.993653 0.0752473 -0.940411 -0.0537021 -0.335774 -0.329602 -0.0988373 0.938932 0.606507 2.21109 -0.0654557</i>
                        <i>-0.083347 0.993837 0.0730802 -0.938267 -0.0535572 -0.341742 -0.335722 -0.0970519 0.936948 0.606976 2.21026 -0.0655783</i>
                        <i>-0.0831361 0.993981 0.071346 -0.936623 -0.053487 -0.346231 -0.340331 -0.0956087 0.935432 0.60733 2.20963 -0.0656686</i>
                        <i>-0.0829969 0.994075 0.0701952 -0.935574 -0.0534642 -0.34906 -0.343239 -0.0946437 0.934468 0.607554 2.20922 -0.0657245</i>
                        <i>-0.0829472 0.994108 0.0697781 -0.935206 -0.0534623 -0.350044 -0.344251 -0.0942921 0.934131 0.607632 2.20909 -0.0657438</i>
                        <i>-0.0810071 0.994616 0.0646291 -0.933041 -0.0528684 -0.355865 -0.350532 -0.0891292 0.9323 0.608694 2.20569 -0.0674574</i>
                        <i>-0.0774661 0.995407 0.0562494 -0.930916 -0.0520186 -0.361511 -0.356924 -0.0803683 0.93067 0.610327 2.19994 -0.0706534</i>
                        <i>-0.0731025 0.99623 0.0467076 -0.929144 -0.0510116 -0.366181 -0.362418 -0.0701669 0.92937 0.612065 2.19354 -0.0742398</i>
                        <i>-0.0687844 0.996907 0.038006 -0.928048 -0.049962 -0.369094 -0.366053 -0.0606593 0.928615 0.613422 2.1883 -0.0771555</i>
                        <i>-0.0654168 0.997343 0.0320688 -0.927968 -0.0489879 -0.369426 -0.366873 -0.0539255 0.928707 0.613914 2.18611 -0.0783674</i>
                        <i>-0.0637103 0.997504 0.0304371 -0.929147 -0.0481595 -0.36656 -0.364179 -0.0516341 0.929897 0.613183 2.18855 -0.0770868</i>
                        <i>-0.0633342 0.99747 0.0322965 -0.931177 -0.0474212 -0.361469 -0.359023 -0.0529672 0.931825 0.611601 2.19434 -0.0739868</i>
                        <i>-0.0636433 0.997326 0.035932 -0.933423 -0.0467495 -0.355718 -0.353087 -0.0561789 0.933902 0.609766 2.20115 -0.0702444</i>
                        <i>-0.0641064 0.997162 0.0394878 -0.935245 -0.0462275 -0.350969 -0.348147 -0.0594301 0.935554 0.608257 2.20676 -0.0670788</i>
                        <i>-0.0643376 0.997082 0.0410828 -0.935997 -0.0460167 -0.348988 -0.346079 -0.0609064 0.936226 0.607632 2.20909 -0.0657438</i>
                    </KeyFrames>
                </p>
            </i>
            <i>
                <p>
                    <Name><![CDATA[spine1]]></Name>
                    <Exclude>0</Exclude>
                    <Additive>0</Additive>
                    <IKPriority>0</IKPriority>
                    <IKRotLimits>-1e+010 -1e+010 -1e+010 1e+010 1e+010 1e+010</IKRotLimits>
                    <IKRotLimitOrder>0</IKRotLimitOrder>
                    <KeyFrames count="60">
                        <i>0.0840248 0.988955 0.122098 -0.965693 0.111031 -0.234752 -0.245716 -0.0981847 0.964357 0.596547 2.38089 -0.0586694</i>
                        <i>0.0797793 0.987949 0.132635 -0.966332 0.109305 -0.232928 -0.244619 -0.109587 0.963407 0.597237 2.37302 -0.0606879</i>
                        <i>0.0703402 0.98515 0.156628 -0.968265 0.10518 -0.226718 -0.239825 -0.13571 0.961284 0.598631 2.35569 -0.0650245</i>
                        <i>0.0607798 0.981271 0.182794 -0.971435 0.100239 -0.215094 -0.229389 -0.1645 0.959333 0.599708 2.33834 -0.0691079</i>
                        <i>0.056001 0.978119 0.200365 -0.97562 0.09626 -0.19723 -0.212202 -0.184435 0.959664 0.599477 2.33047 -0.0704068</i>
                        <i>0.0574875 0.976985 0.205416 -0.980204 0.0942821 -0.174099 -0.189459 -0.191341 0.963065 0.597745 2.33526 -0.0681271</i>
                        <i>0.0623645 0.977146 0.203213 -0.984358 0.0938345 -0.14911 -0.16477 -0.190735 0.967714 0.595351 2.3468 -0.0639355</i>
                        <i>0.0686492 0.977972 0.197123 -0.987612 0.094566 -0.125222 -0.141105 -0.186084 0.972349 0.592865 2.36093 -0.0590346</i>
                        <i>0.0745156 0.978808 0.190742 -0.989775 0.0959223 -0.105565 -0.121625 -0.180926 0.975947 0.590774 2.3735 -0.0546756</i>
                        <i>0.0783273 0.979057 0.187914 -0.990866 0.0972104 -0.0934617 -0.109772 -0.178877 0.977729 0.589483 2.38044 -0.0521494</i>
                        <i>0.0786403 0.97905 0.187823 -0.990906 0.0974019 -0.0928328 -0.109182 -0.178814 0.977806 0.589393 2.38059 -0.0520975</i>
                        <i>0.07953 0.979026 0.187573 -0.991018 0.0979473 -0.0910435 -0.107506 -0.178648 0.978022 0.589137 2.381 -0.0519494</i>
                        <i>0.0809203 0.978984 0.187197 -0.991187 0.0988019 -0.0882403 -0.104881 -0.178407 0.978351 0.588738 2.38165 -0.051716</i>
                        <i>0.0827343 0.978922 0.186727 -0.991395 0.0999198 -0.0845692 -0.101444 -0.178123 0.978765 0.588218 2.38251 -0.0514081</i>
                        <i>0.0848946 0.978839 0.186193 -0.991625 0.101255 -0.0801767 -0.097333 -0.177827 0.979236 0.5876 2.38354 -0.0510362</i>
                        <i>0.0873243 0.978732 0.185628 -0.991859 0.10276 -0.075209 -0.0926846 -0.17755 0.979738 0.586908 2.38472 -0.0506112</i>
                        <i>0.0899478 0.978601 0.185065 -0.992083 0.104389 -0.0698124 -0.0876373 -0.177321 0.980243 0.586163 2.38601 -0.0501441</i>
                        <i>0.0926914 0.978445 0.184538 -0.992285 0.106098 -0.0641331 -0.08233 -0.17717 0.980731 0.585387 2.38738 -0.0496463</i>
                        <i>0.0954835 0.978262 0.184084 -0.992456 0.107843 -0.0583176 -0.076902 -0.177127 0.981179 0.584601 2.3888 -0.0491298</i>
                        <i>0.0982547 0.978052 0.183742 -0.99259 0.10958 -0.0525118 -0.0714938 -0.177221 0.981571 0.583827 2.39025 -0.048607</i>
                        <i>0.100939 0.977814 0.183552 -0.992685 0.11127 -0.0468617 -0.0662459 -0.177479 0.981892 0.583082 2.39169 -0.0480907</i>
                        <i>0.103471 0.977548 0.183557 -0.992742 0.112875 -0.041513 -0.0612998 -0.177929 0.982132 0.582386 2.39309 -0.0475945</i>
                        <i>0.105805 0.977381 0.183118 -0.992763 0.114345 -0.0366923 -0.0568008 -0.17791 0.982406 0.581759 2.39443 -0.047166</i>
                        <i>0.107875 0.977336 0.182146 -0.992755 0.115653 -0.0325978 -0.0529246 -0.17731 0.982731 0.581217 2.39569 -0.0468088</i>
                        <i>0.109605 0.977292 0.181345 -0.992724 0.116781 -0.0293418 -0.0498532 -0.17681 0.982982 0.580777 2.39682 -0.0464831</i>
                        <i>0.110932 0.977249 0.18077 -0.992681 0.117691 -0.0270699 -0.0477291 -0.176444 0.983153 0.580455 2.3978 -0.0462023</i>
                        <i>0.111792 0.977208 0.180466 -0.992634 0.118344 -0.025922 -0.0466882 -0.176239 0.98324 0.580266 2.39861 -0.0459817</i>
                        <i>0.112119 0.977168 0.180479 -0.992589 0.118697 -0.0260369 -0.0468649 -0.176222 0.983234 0.580227 2.39922 -0.0458367</i>
                        <i>0.111953 0.977129 0.180791 -0.992541 0.118789 -0.0274026 -0.0482519 -0.176375 0.98314 0.580328 2.3996 -0.0457666</i>
                        <i>0.111397 0.97709 0.181344 -0.992479 0.118704 -0.0299177 -0.0507586 -0.176647 0.982965 0.580544 2.39972 -0.0457612</i>
                        <i>0.110459 0.977047 0.182147 -0.992383 0.118483 -0.0337404 -0.0545472 -0.177033 0.982692 0.580876 2.39955 -0.0458254</i>
                        <i>0.109159 0.976999 0.183187 -0.992232 0.118156 -0.0389087 -0.0596584 -0.177517 0.982308 0.581321 2.39913 -0.0459596</i>
                        <i>0.107531 0.976948 0.184416 -0.992014 0.117731 -0.045248 -0.0659164 -0.178078 0.981806 0.581866 2.39848 -0.0461577</i>
                        <i>0.105612 0.976898 0.185786 -0.991714 0.117214 -0.0525835 -0.0731456 -0.178693 0.981182 0.582499 2.39762 -0.0464133</i>
                        <i>0.10344 0.976851 0.18725 -0.991318 0.116615 -0.0607407 -0.0811708 -0.179341 0.980433 0.583206 2.3966 -0.0467204</i>
                        <i>0.101053 0.97681 0.18876 -0.990818 0.115941 -0.0695454 -0.0898177 -0.179999 0.979558 0.583976 2.39543 -0.0470731</i>
                        <i>0.0984915 0.976779 0.19027 -0.99021 0.1152 -0.0788237 -0.0989125 -0.180644 0.978562 0.584796 2.39415 -0.0474659</i>
                        <i>0.0957988 0.97676 0.191738 -0.989493 0.114401 -0.0884022 -0.108283 -0.181254 0.977457 0.585652 2.39279 -0.0478936</i>
                        <i>0.0930201 0.976755 0.193122 -0.988676 0.113553 -0.0981084 -0.117757 -0.181809 0.976258 0.586532 2.39137 -0.0483519</i>
                        <i>0.0902028 0.976769 0.194384 -0.987771 0.112666 -0.10777 -0.127167 -0.182286 0.974987 0.58742 2.38994 -0.0488369</i>
                        <i>0.0873902 0.976821 0.195409 -0.986808 0.111722 -0.117165 -0.13628 -0.182592 0.973698 0.588301 2.38851 -0.0493773</i>
                        <i>0.0846329 0.976919 0.19613 -0.985819 0.110721 -0.126103 -0.144908 -0.182676 0.972436 0.589161 2.38714 -0.0499838</i>
                        <i>0.0819906 0.977052 0.196586 -0.984828 0.109698 -0.134465 -0.152945 -0.182579 0.971222 0.589985 2.38584 -0.050626</i>
                        <i>0.0795217 0.977209 0.196822 -0.983863 0.10869 -0.142129 -0.160282 -0.182343 0.970083 0.590757 2.38463 -0.0512743</i>
                        <i>0.0772834 0.977376 0.196882 -0.982956 0.107733 -0.148969 -0.166809 -0.182014 0.969044 0.59146 2.38355 -0.0518996</i>
                        <i>0.0753318 0.977542 0.196817 -0.98214 0.106865 -0.154859 -0.172414 -0.181636 0.968133 0.592077 2.3826 -0.0524737</i>
                        <i>0.0737216 0.977693 0.196677 -0.981449 0.106125 -0.15967 -0.176981 -0.181258 0.96738 0.59259 2.38183 -0.0529685</i>
                        <i>0.0725064 0.977816 0.196515 -0.980919 0.10555 -0.163271 -0.180391 -0.180927 0.966812 0.592978 2.38125 -0.0533566</i>
                        <i>0.0717391 0.9779 0.196382 -0.980581 0.105177 -0.165528 -0.182525 -0.180693 0.966455 0.593225 2.38088 -0.0536101</i>
                        <i>0.0714718 0.97793 0.196327 -0.980462 0.105045 -0.16631 -0.183263 -0.180605 0.966332 0.593311 2.38075 -0.0537011</i>
                        <i>0.067222 0.977321 0.200813 -0.979073 0.103363 -0.175308 -0.192089 -0.184826 0.963816 0.594687 2.37771 -0.0562878</i>
                        <i>0.0603628 0.975871 0.209837 -0.977032 0.100804 -0.18774 -0.204362 -0.193685 0.959543 0.59689 2.37266 -0.0609047</i>
                        <i>0.0531811 0.97434 0.21871 -0.974552 0.0984024 -0.201407 -0.21776 -0.202433 0.954778 0.599336 2.36708 -0.0661187</i>
                        <i>0.048035 0.97363 0.22302 -0.97192 0.0970532 -0.214365 -0.230357 -0.206461 0.950952 0.601408 2.36252 -0.0705318</i>
                        <i>0.04726 0.974674 0.21858 -0.969503 0.0974398 -0.224875 -0.240478 -0.201287 0.949555 0.602477 2.36059 -0.0727767</i>
                        <i>0.0525283 0.977922 0.20226 -0.967687 0.0998664 -0.231537 -0.246624 -0.183562 0.951568 0.60207 2.36266 -0.0717916</i>
                        <i>0.0619176 0.982111 0.177831 -0.966532 0.103445 -0.234766 -0.248962 -0.157343 0.955647 0.600599 2.36769 -0.0683869</i>
                        <i>0.0722988 0.985782 0.151678 -0.965932 0.107094 -0.235599 -0.248493 -0.129477 0.959941 0.598756 2.37372 -0.0640354</i>
                        <i>0.0806265 0.988139 0.130697 -0.965719 0.109903 -0.235177 -0.246752 -0.107255 0.963125 0.5972 2.37878 -0.0602725</i>
                        <i>0.0840248 0.988955 0.122098 -0.965693 0.111031 -0.234752 -0.245716 -0.0981847 0.964357 0.596547 2.38089 -0.0586694</i>
                    </KeyFrames>
                </p>
            </i>
            <i>
                <p>
                    <Name><![CDATA[spine2]]></Name>
                    <Exclude>0</Exclude>
                    <Additive>0</Additive>
                    <IKPriority>0</IKPriority>
                    <IKRotLimits>-1e+010 -1e+010 -1e+010 1e+010 1e+010 1e+010</IKRotLimits>
                    <IKRotLimitOrder>0</IKRotLimitOrder>
                    <KeyFrames count="60">
                        <i>-0.0462811 0.943698 0.327554 -0.986237 0.00893786 -0.165099 -0.158731 -0.330687 0.930296 0.609993 2.53788 -0.0392442</i>
                        <i>-0.0471508 0.940917 0.335338 -0.987284 0.00712459 -0.15881 -0.151816 -0.338562 0.928616 0.610027 2.53007 -0.0395562</i>
                        <i>-0.0481907 0.934258 0.353328 -0.989898 0.00255239 -0.141762 -0.133344 -0.35659 0.924696 0.609964 2.51284 -0.0399789</i>
                        <i>-0.0469587 0.926382 0.373646 -0.993169 -0.00329788 -0.116642 -0.106823 -0.376571 0.920208 0.609564 2.49554 -0.039749</i>
                        <i>-0.0411404 0.920257 0.389145 -0.996263 -0.00817673 -0.0859883 -0.0759494 -0.391228 0.917154 0.608598 2.48753 -0.0381453</i>
                        <i>-0.0305851 0.917259 0.397114 -0.998565 -0.0105706 -0.0524917 -0.0439508 -0.39815 0.916267 0.607111 2.49202 -0.0350801</i>
                        <i>-0.0179357 0.916197 0.400327 -0.999751 -0.01113 -0.0193191 -0.0132445 -0.400574 0.916169 0.605489 2.50322 -0.0313289</i>
                        <i>-0.0053572 0.916307 0.400441 -0.999893 -0.0103622 0.0103345 0.013619 -0.400343 0.916264 0.603988 2.51702 -0.0275061</i>
                        <i>0.00500259 0.91678 0.399362 -0.999408 -0.00900507 0.0331912 0.0340253 -0.399291 0.916192 0.602812 2.52934 -0.024249</i>
                        <i>0.0110762 0.916782 0.399234 -0.998913 -0.00793348 0.0459316 0.0452765 -0.399308 0.915698 0.602118 2.53614 -0.0222123</i>
                        <i>0.0113645 0.916832 0.399112 -0.9989 -0.00774887 0.0462438 0.0454905 -0.399198 0.915735 0.602078 2.53629 -0.0221735</i>
                        <i>0.0121815 0.916965 0.398781 -0.998863 -0.00722694 0.04713 0.0460985 -0.398902 0.915834 0.601964 2.53673 -0.0220612</i>
                        <i>0.0134536 0.917159 0.398293 -0.998802 -0.00641669 0.0485134 0.0470503 -0.398469 0.915974 0.601787 2.5374 -0.0218816</i>
                        <i>0.0151065 0.917391 0.3977 -0.998719 -0.00536758 0.0503176 0.0482956 -0.39795 0.916135 0.601558 2.53829 -0.0216411</i>
                        <i>0.0170658 0.917638 0.39705 -0.998614 -0.00412959 0.0524658 0.0497843 -0.397395 0.916296 0.601287 2.53936 -0.0213458</i>
                        <i>0.0192577 0.917877 0.396397 -0.998489 -0.00275252 0.0548821 0.0514661 -0.396855 0.916438 0.600983 2.54057 -0.0210018</i>
                        <i>0.0216101 0.918087 0.39579 -0.998345 -0.00128527 0.0574909 0.0532904 -0.396377 0.91654 0.600658 2.54189 -0.0206153</i>
                        <i>0.0240524 0.918244 0.395283 -0.998185 0.000224021 0.0602178 0.0552061 -0.396015 0.916583 0.600322 2.54329 -0.0201926</i>
                        <i>0.0265162 0.918328 0.394931 -0.998013 0.00172842 0.0629888 0.0571618 -0.395817 0.916549 0.599984 2.54473 -0.0197401</i>
                        <i>0.028935 0.918316 0.394789 -0.997832 0.00318245 0.0657309 0.0591054 -0.395835 0.916418 0.599653 2.54619 -0.0192644</i>
                        <i>0.0312448 0.918187 0.394914 -0.99765 0.00454196 0.0683718 0.0609844 -0.396122 0.91617 0.599338 2.54763 -0.0187721</i>
                        <i>0.0333834 0.917917 0.395364 -0.997471 0.00576468 0.0708396 0.0627458 -0.396729 0.915788 0.599047 2.54902 -0.0182702</i>
                        <i>0.0353044 0.917863 0.395324 -0.997308 0.0069167 0.0730053 0.0642745 -0.396837 0.915636 0.598792 2.55036 -0.0179087</i>
                        <i>0.0369457 0.918186 0.394423 -0.99717 0.00801245 0.0747527 0.0654766 -0.396069 0.915883 0.59858 2.55161 -0.0177052</i>
                        <i>0.0382319 0.918639 0.393244 -0.997066 0.00895099 0.0760265 0.066321 -0.394996 0.916286 0.598414 2.55274 -0.0175076</i>
                        <i>0.0391106 0.919199 0.391845 -0.997002 0.00969944 0.0767591 0.0667562 -0.393673 0.916824 0.598301 2.55371 -0.0173205</i>
                        <i>0.0395339 0.919833 0.390314 -0.996987 0.0102231 0.07689 0.0667357 -0.392178 0.917466 0.598247 2.5545 -0.017152</i>
                        <i>0.039454 0.920505 0.388734 -0.997025 0.0104865 0.07636 0.0662133 -0.390591 0.91818 0.598256 2.55508 -0.01701</i>
                        <i>0.0388913 0.921197 0.387149 -0.997119 0.0105235 0.0751262 0.0651318 -0.388955 0.918952 0.598327 2.55542 -0.0168967</i>
                        <i>0.0379068 0.921898 0.385573 -0.997266 0.0104097 0.0731547 0.0634275 -0.387292 0.919773 0.59845 2.55549 -0.0168106</i>
                        <i>0.0364665 0.922586 0.384063 -0.997478 0.0101842 0.0702455 0.0608962 -0.385656 0.920631 0.598628 2.55528 -0.0167551</i>
                        <i>0.0345719 0.923241 0.382662 -0.99775 0.00987422 0.066319 0.0574499 -0.384094 0.921505 0.598861 2.5548 -0.0167323</i>
                        <i>0.0322864 0.923848 0.381396 -0.998061 0.00948658 0.06151 0.0532077 -0.382643 0.922363 0.599142 2.55408 -0.0167437</i>
                        <i>0.0296715 0.924391 0.380291 -0.998393 0.0090279 0.0559532 0.0482894 -0.38134 0.923173 0.599464 2.55317 -0.0167903</i>
                        <i>0.0267867 0.924856 0.379373 -0.998724 0.00850549 0.0497825 0.0428149 -0.380223 0.923903 0.599821 2.55209 -0.0168735</i>
                        <i>0.0236896 0.925228 0.37867 -0.999038 0.00792684 0.0431317 0.036905 -0.379328 0.924526 0.600208 2.55086 -0.0169947</i>
                        <i>0.0204361 0.925493 0.378212 -0.99932 0.00729975 0.036134 0.0306809 -0.378693 0.925014 0.600616 2.54953 -0.0171554</i>
                        <i>0.0170805 0.925636 0.37803 -0.99956 0.00663276 0.0289221 0.0242639 -0.378358 0.925341 0.601041 2.54812 -0.0173572</i>
                        <i>0.0136758 0.925639 0.378159 -0.999748 0.00593478 0.0216283 0.0177757 -0.37836 0.925488 0.601477 2.54666 -0.017602</i>
                        <i>0.0102744 0.925488 0.378637 -0.999883 0.00521525 0.0143846 0.0113381 -0.37874 0.925434 0.601916 2.54519 -0.0178916</i>
                        <i>0.00694035 0.925029 0.379833 -0.999963 0.00446908 0.0073876 0.00513625 -0.37987 0.925026 0.602349 2.54376 -0.0182721</i>
                        <i>0.00372312 0.924185 0.381927 -0.999993 0.00370085 0.000792864 -0.000680704 -0.381927 0.924192 0.602772 2.54239 -0.0187639</i>
                        <i>0.000658869 0.923053 0.384672 -0.999982 0.00293395 -0.00532751 -0.00604616 -0.384662 0.923038 0.603178 2.54111 -0.019331</i>
                        <i>-0.0022061 0.921731 0.387824 -0.999938 0.00219222 -0.0108983 -0.0108955 -0.387824 0.921669 0.603561 2.53994 -0.0199374</i>
                        <i>-0.00481698 0.920319 0.391139 -0.999873 0.00149919 -0.0158412 -0.0151653 -0.391166 0.920195 0.603912 2.53889 -0.0205473</i>
                        <i>-0.00711122 0.91892 0.394379 -0.999798 0.000878627 -0.020075 -0.0187939 -0.394442 0.918729 0.604222 2.538 -0.0211252</i>
                        <i>-0.00902054 0.917641 0.397308 -0.999723 0.000354399 -0.0235164 -0.0217204 -0.39741 0.917384 0.604482 2.53727 -0.0216358</i>
                        <i>-0.010473 0.91659 0.399692 -0.99966 -4.95286e-005 -0.0260802 -0.0238851 -0.399829 0.916279 0.60468 2.53673 -0.0220441</i>
                        <i>-0.0113957 0.915878 0.401295 -0.999617 -0.000309162 -0.0276807 -0.0252281 -0.401457 0.91553 0.604806 2.53639 -0.0223149</i>
                        <i>-0.0117182 0.915616 0.401883 -0.999601 -0.000401032 -0.0282328 -0.0256893 -0.402054 0.915256 0.60485 2.53627 -0.022413</i>
                        <i>-0.01705 0.91448 0.404272 -0.999298 -0.00209374 -0.0374088 -0.0333631 -0.404626 0.913873 0.605563 2.53337 -0.0242328</i>
                        <i>-0.0255784 0.912671 0.407894 -0.998659 -0.00495629 -0.0515345 -0.0450124 -0.408665 0.911574 0.606696 2.52857 -0.0272983</i>
                        <i>-0.0353519 0.911303 0.410215 -0.997593 -0.00767407 -0.0689233 -0.059662 -0.411664 0.909381 0.608017 2.52333 -0.0309508</i>
                        <i>-0.0444019 0.911472 0.408958 -0.996083 -0.00906069 -0.0879538 -0.076462 -0.411262 0.908305 0.609276 2.51915 -0.0345507</i>
                        <i>-0.0508337 0.914214 0.402031 -0.994213 -0.00817623 -0.107118 -0.0946417 -0.405149 0.909339 0.610217 2.51755 -0.037474</i>
                        <i>-0.0532193 0.920169 0.387888 -0.992135 -0.00465454 -0.125082 -0.113291 -0.391494 0.91318 0.610632 2.51979 -0.0391999</i>
                        <i>-0.0523966 0.927967 0.368961 -0.990026 0.00011461 -0.140883 -0.130777 -0.372663 0.918706 0.610623 2.52486 -0.0398542</i>
                        <i>-0.049952 0.93565 0.349376 -0.988129 0.00458571 -0.153558 -0.145279 -0.3529 0.924314 0.61039 2.53083 -0.0398037</i>
                        <i>-0.0474312 0.941427 0.333865 -0.986757 0.00774285 -0.162019 -0.155114 -0.337129 0.928592 0.610121 2.53581 -0.0394561</i>
                        <i>-0.0462811 0.943698 0.327554 -0.986237 0.00893786 -0.165099 -0.158731 -0.330687 0.930296 0.609993 2.53788 -0.0392442</i>
                    </KeyFrames>
                </p>
            </i>
            <i>
                <p>
                    <Name><![CDATA[head]]></Name>
                    <Exclude>0</Exclude>
                    <Additive>0</Additive>
                    <IKPriority>0</IKPriority>
                    <IKRotLimits>-1e+010 -1e+010 -1e+010 1e+010 1e+010 1e+010</IKRotLimits>
                    <IKRotLimitOrder>0</IKRotLimitOrder>
                    <KeyFrames count="60">
                        <i>-0.0507459 0.993488 0.102011 0.239179 0.111259 -0.96458 -0.969648 -0.0245496 -0.243268 0.583533 2.78075 0.0407854</i>
                        <i>-0.053371 0.989722 0.132673 0.197261 0.140693 -0.970203 -0.978897 -0.0256095 -0.202743 0.583663 2.77276 0.041856</i>
                        <i>-0.0470104 0.978138 0.202572 0.084266 0.205957 -0.974926 -0.995334 -0.0287617 -0.092106 0.584049 2.75508 0.0447479</i>
                        <i>-0.0137876 0.96141 0.274775 -0.0774616 0.272949 -0.958905 -0.9969 -0.0345055 0.070709 0.584713 2.73714 0.048975</i>
                        <i>0.0407618 0.950202 0.308958 -0.262852 0.308521 -0.914179 -0.963975 -0.0439465 0.262338 0.585666 2.72841 0.05405</i>
                        <i>0.0880888 0.951877 0.293547 -0.449978 0.300937 -0.840807 -0.888684 -0.0580241 0.454833 0.586875 2.73214 0.059493</i>
                        <i>0.11083 0.960107 0.256733 -0.616731 0.26901 -0.739781 -0.779333 -0.0763455 0.621942 0.588241 2.74259 0.0648395</i>
                        <i>0.108194 0.969335 0.220643 -0.744948 0.22602 -0.627669 -0.658291 -0.0964578 0.746558 0.589595 2.75575 0.0696464</i>
                        <i>0.0933381 0.975743 0.198026 -0.826561 0.186821 -0.530937 -0.555054 -0.114124 0.823948 0.59071 2.76758 0.0734923</i>
                        <i>0.0847083 0.977909 0.191099 -0.862625 0.167963 -0.477143 -0.4987 -0.124429 0.857797 0.591325 2.77406 0.0759698</i>
                        <i>0.0847581 0.977925 0.190992 -0.862754 0.167921 -0.476925 -0.498469 -0.124356 0.857942 0.591335 2.77422 0.0759872</i>
                        <i>0.0848968 0.977969 0.190707 -0.86312 0.167807 -0.476302 -0.497811 -0.124167 0.858351 0.591365 2.77469 0.076043</i>
                        <i>0.085108 0.97803 0.190299 -0.863692 0.167644 -0.475323 -0.496782 -0.123906 0.858985 0.591411 2.77543 0.0761418</i>
                        <i>0.0853754 0.978099 0.189823 -0.864437 0.167451 -0.474034 -0.495438 -0.123619 0.859802 0.591471 2.77638 0.0762885</i>
                        <i>0.085683 0.978168 0.189331 -0.865324 0.167251 -0.472484 -0.493834 -0.123349 0.860763 0.591541 2.77751 0.076488</i>
                        <i>0.0860151 0.978226 0.188879 -0.866321 0.167063 -0.47072 -0.492025 -0.123141 0.861828 0.591619 2.77878 0.0767453</i>
                        <i>0.0863567 0.978265 0.188521 -0.867396 0.16691 -0.468791 -0.490067 -0.123039 0.862957 0.591703 2.78016 0.0770655</i>
                        <i>0.086693 0.978276 0.188311 -0.868519 0.166811 -0.466743 -0.488016 -0.123089 0.864112 0.591789 2.78159 0.077454</i>
                        <i>0.0870101 0.978248 0.188306 -0.869658 0.166789 -0.464625 -0.485926 -0.123335 0.865254 0.591875 2.78305 0.0779163</i>
