<?xml version="1.0" encoding="ISO-8859-1" ?>
<Animl Version="1">
    <ModellingPackage><![CDATA[Maya.2010]]></ModellingPackage>
    <SrcFile><![CDATA[anims\turrets\antitank\blue\~src\antitank_m72_law\antitank_m72law_reload_high_crewman_b.mb]]></SrcFile>
    <FramesPerSecond>30</FramesPerSecond>
    <TotalFrames>70</TotalFrames>
    <Skeleton>
        <RefFrame>
            <Name><![CDATA[soldier_ref_frame]]></Name>
            <Exclude>0</Exclude>
            <Additive>0</Additive>
            <IKPriority>0</IKPriority>
            <IKRotLimits>-1e+010 -1e+010 -1e+010 1e+010 1e+010 1e+010</IKRotLimits>
            <IKRotLimitOrder>0</IKRotLimitOrder>
            <KeyFrames count="70">
                <i>1 0 0 0 1 0 0 0 1 0.59 1.07 -2.27</i>
                <i>1 0 0 0 1 0 0 0 1 0.59 1.07 -2.27</i>
                <i>1 0 0 0 1 0 0 0 1 0.59 1.07 -2.27</i>
                <i>1 0 0 0 1 0 0 0 1 0.59 1.07 -2.27</i>
                <i>1 0 0 0 1 0 0 0 1 0.59 1.07 -2.27</i>
                <i>1 0 0 0 1 0 0 0 1 0.59 1.07 -2.27</i>
                <i>1 0 0 0 1 0 0 0 1 0.59 1.07 -2.27</i>
                <i>1 0 0 0 1 0 0 0 1 0.59 1.07 -2.27</i>
                <i>1 0 0 0 1 0 0 0 1 0.59 1.07 -2.27</i>
                <i>1 0 0 0 1 0 0 0 1 0.59 1.07 -2.27</i>
                <i>1 0 0 0 1 0 0 0 1 0.59 1.07 -2.27</i>
                <i>1 0 0 0 1 0 0 0 1 0.59 1.07 -2.27</i>
                <i>1 0 0 0 1 0 0 0 1 0.59 1.07 -2.27</i>
                <i>1 0 0 0 1 0 0 0 1 0.59 1.07 -2.27</i>
                <i>1 0 0 0 1 0 0 0 1 0.59 1.07 -2.27</i>
                <i>1 0 0 0 1 0 0 0 1 0.59 1.07 -2.27</i>
                <i>1 0 0 0 1 0 0 0 1 0.59 1.07 -2.27</i>
                <i>1 0 0 0 1 0 0 0 1 0.59 1.07 -2.27</i>
                <i>1 0 0 0 1 0 0 0 1 0.59 1.07 -2.27</i>
                <i>1 0 0 0 1 0 0 0 1 0.59 1.07 -2.27</i>
                <i>1 0 0 0 1 0 0 0 1 0.59 1.07 -2.27</i>
                <i>1 0 0 0 1 0 0 0 1 0.59 1.07 -2.27</i>
                <i>1 0 0 0 1 0 0 0 1 0.59 1.07 -2.27</i>
                <i>1 0 0 0 1 0 0 0 1 0.59 1.07 -2.27</i>
                <i>1 0 0 0 1 0 0 0 1 0.59 1.07 -2.27</i>
                <i>1 0 0 0 1 0 0 0 1 0.59 1.07 -2.27</i>
                <i>1 0 0 0 1 0 0 0 1 0.59 1.07 -2.27</i>
                <i>1 0 0 0 1 0 0 0 1 0.59 1.07 -2.27</i>
                <i>1 0 0 0 1 0 0 0 1 0.59 1.07 -2.27</i>
                <i>1 0 0 0 1 0 0 0 1 0.59 1.07 -2.27</i>
                <i>1 0 0 0 1 0 0 0 1 0.59 1.07 -2.27</i>
                <i>1 0 0 0 1 0 0 0 1 0.59 1.07 -2.27</i>
                <i>1 0 0 0 1 0 0 0 1 0.59 1.07 -2.27</i>
                <i>1 0 0 0 1 0 0 0 1 0.59 1.07 -2.27</i>
                <i>1 0 0 0 1 0 0 0 1 0.59 1.07 -2.27</i>
                <i>1 0 0 0 1 0 0 0 1 0.59 1.07 -2.27</i>
                <i>1 0 0 0 1 0 0 0 1 0.59 1.07 -2.27</i>
                <i>1 0 0 0 1 0 0 0 1 0.59 1.07 -2.27</i>
                <i>1 0 0 0 1 0 0 0 1 0.59 1.07 -2.27</i>
                <i>1 0 0 0 1 0 0 0 1 0.59 1.07 -2.27</i>
                <i>1 0 0 0 1 0 0 0 1 0.59 1.07 -2.27</i>
                <i>1 0 0 0 1 0 0 0 1 0.59 1.07 -2.27</i>
                <i>1 0 0 0 1 0 0 0 1 0.59 1.07 -2.27</i>
                <i>1 0 0 0 1 0 0 0 1 0.59 1.07 -2.27</i>
                <i>1 0 0 0 1 0 0 0 1 0.59 1.07 -2.27</i>
                <i>1 0 0 0 1 0 0 0 1 0.59 1.07 -2.27</i>
                <i>1 0 0 0 1 0 0 0 1 0.59 1.07 -2.27</i>
                <i>1 0 0 0 1 0 0 0 1 0.59 1.07 -2.27</i>
                <i>1 0 0 0 1 0 0 0 1 0.59 1.07 -2.27</i>
                <i>1 0 0 0 1 0 0 0 1 0.59 1.07 -2.27</i>
                <i>1 0 0 0 1 0 0 0 1 0.59 1.07 -2.27</i>
                <i>1 0 0 0 1 0 0 0 1 0.59 1.07 -2.27</i>
                <i>1 0 0 0 1 0 0 0 1 0.59 1.07 -2.27</i>
                <i>1 0 0 0 1 0 0 0 1 0.59 1.07 -2.27</i>
                <i>1 0 0 0 1 0 0 0 1 0.59 1.07 -2.27</i>
                <i>1 0 0 0 1 0 0 0 1 0.59 1.07 -2.27</i>
                <i>1 0 0 0 1 0 0 0 1 0.59 1.07 -2.27</i>
                <i>1 0 0 0 1 0 0 0 1 0.59 1.07 -2.27</i>
                <i>1 0 0 0 1 0 0 0 1 0.59 1.07 -2.27</i>
                <i>1 0 0 0 1 0 0 0 1 0.59 1.07 -2.27</i>
                <i>1 0 0 0 1 0 0 0 1 0.59 1.07 -2.27</i>
                <i>1 0 0 0 1 0 0 0 1 0.59 1.07 -2.27</i>
                <i>1 0 0 0 1 0 0 0 1 0.59 1.07 -2.27</i>
                <i>1 0 0 0 1 0 0 0 1 0.59 1.07 -2.27</i>
                <i>1 0 0 0 1 0 0 0 1 0.59 1.07 -2.27</i>
                <i>1 0 0 0 1 0 0 0 1 0.59 1.07 -2.27</i>
                <i>1 0 0 0 1 0 0 0 1 0.59 1.07 -2.27</i>
                <i>1 0 0 0 1 0 0 0 1 0.59 1.07 -2.27</i>
                <i>1 0 0 0 1 0 0 0 1 0.59 1.07 -2.27</i>
                <i>1 0 0 0 1 0 0 0 1 0.59 1.07 -2.27</i>
            </KeyFrames>
        </RefFrame>
        <Bones count="23">
            <i>
                <p>
                    <Name><![CDATA[pelvis]]></Name>
                    <Exclude>0</Exclude>
                    <Additive>0</Additive>
                    <IKPriority>0</IKPriority>
                    <IKRotLimits>-1e+010 -1e+010 -1e+010 1e+010 1e+010 1e+010</IKRotLimits>
                    <IKRotLimitOrder>2</IKRotLimitOrder>
                    <KeyFrames count="70">
                        <i>1 0 0 0 1 0 0 0 1 0.322275 1.77687 -1.99538</i>
                        <i>1 0 0 0 1 0 0 0 1 0.327467 1.78453 -2.00787</i>
                        <i>1 0 0 0 1 0 0 0 1 0.341107 1.80524 -2.04013</i>
                        <i>1 0 0 0 1 0 0 0 1 0.360289 1.83499 -2.08436</i>
                        <i>1 0 0 0 1 0 0 0 1 0.382106 1.86976 -2.13275</i>
                        <i>1 0 0 0 1 0 0 0 1 0.403653 1.90555 -2.1775</i>
                        <i>1 0 0 0 1 0 0 0 1 0.422024 1.93834 -2.21079</i>
                        <i>1 0 0 0 1 0 0 0 1 0.434313 1.96411 -2.22484</i>
                        <i>1 0 0 0 1 0 0 0 1 0.439608 1.97961 -2.18797</i>
                        <i>1 0 0 0 1 0 0 0 1 0.440157 1.98606 -2.10293</i>
                        <i>1 0 0 0 1 0 0 0 1 0.437793 1.98619 -2.01357</i>
                        <i>1 0 0 0 1 0 0 0 1 0.43435 1.98138 -1.92613</i>
                        <i>1 0 0 0 1 0 0 0 1 0.431662 1.95348 -1.82742</i>
                        <i>1 0 0 0 1 0 0 0 1 0.431563 1.87972 -1.732</i>
                        <i>1 0 0 0 1 0 0 0 1 0.435887 1.79175 -1.65448</i>
                        <i>1 0 0 0 1 0 0 0 1 0.446468 1.74465 -1.60945</i>
                        <i>1 0 0 0 1 0 0 0 1 0.473908 1.75399 -1.6013</i>
                        <i>1 0 0 0 1 0 0 0 1 0.518563 1.78834 -1.62032</i>
                        <i>1 0 0 0 1 0 0 0 1 0.5669 1.83225 -1.65989</i>
                        <i>1 0 0 0 1 0 0 0 1 0.605382 1.87028 -1.7134</i>
                        <i>1 0 0 0 1 0 0 0 1 0.620477 1.887 -1.77424</i>
                        <i>1 0 0 0 1 0 0 0 1 0.603204 1.87255 -1.85771</i>
                        <i>1 0 0 0 1 0 0 0 1 0.562587 1.83723 -1.96822</i>
                        <i>1 0 0 0 1 0 0 0 1 0.512094 1.79581 -2.08281</i>
                        <i>1 0 0 0 1 0 0 0 1 0.465193 1.76307 -2.17854</i>
                        <i>1 0 0 0 1 0 0 0 1 0.435351 1.7538 -2.23248</i>
                        <i>1 0 0 0 1 0 0 0 1 0.421808 1.76936 -2.24446</i>
                        <i>1 0 0 0 1 0 0 0 1 0.414011 1.79815 -2.23404</i>
                        <i>1 0 0 0 1 0 0 0 1 0.410743 1.83545 -2.20788</i>
                        <i>1 0 0 0 1 0 0 0 1 0.410786 1.87655 -2.17264</i>
                        <i>1 0 0 0 1 0 0 0 1 0.412923 1.91675 -2.13496</i>
                        <i>1 0 0 0 1 0 0 0 1 0.415936 1.95134 -2.10151</i>
                        <i>1 0 0 0 1 0 0 0 1 0.418606 1.9756 -2.07893</i>
                        <i>1 0 0 0 1 0 0 0 1 0.423485 1.99106 -2.06751</i>
                        <i>1 0 0 0 1 0 0 0 1 0.432503 2.00239 -2.06142</i>
                        <i>1 0 0 0 1 0 0 0 1 0.443517 2.00967 -2.05816</i>
                        <i>1 0 0 0 1 0 0 0 1 0.454384 2.01294 -2.05525</i>
                        <i>1 0 0 0 1 0 0 0 1 0.46296 2.01225 -2.05018</i>
                        <i>1 0 0 0 1 0 0 0 1 0.467102 2.00766 -2.04046</i>
                        <i>1 0 0 0 1 0 0 0 1 0.464667 1.99923 -2.0236</i>
                        <i>1 0 0 0 1 0 0 0 1 0.451588 1.97469 -1.99579</i>
                        <i>1 0 0 0 1 0 0 0 1 0.428224 1.93211 -1.95769</i>
                        <i>1 0 0 0 1 0 0 0 1 0.399066 1.88702 -1.9135</i>
                        <i>1 0 0 0 1 0 0 0 1 0.368608 1.85498 -1.86746</i>
                        <i>1 0 0 0 1 0 0 0 1 0.34134 1.85151 -1.82376</i>
                        <i>1 0 0 0 1 0 0 0 1 0.313954 1.89494 -1.77442</i>
                        <i>1 0 0 0 1 0 0 0 1 0.283454 1.97492 -1.71663</i>
                        <i>1 0 0 0 1 0 0 0 1 0.254805 2.06395 -1.66237</i>
                        <i>1 0 0 0 1 0 0 0 1 0.232972 2.13453 -1.62363</i>
                        <i>1 0 0 0 1 0 0 0 1 0.222921 2.15918 -1.61241</i>
                        <i>1 0 0 0 1 0 0 0 1 0.232199 2.08611 -1.66615</i>
                        <i>1 0 0 0 1 0 0 0 1 0.258158 1.93635 -1.77411</i>
                        <i>1 0 0 0 1 0 0 0 1 0.290465 1.7916 -1.87595</i>
                        <i>1 0 0 0 1 0 0 0 1 0.31879 1.69914 -1.92705</i>
                        <i>1 0 0 0 1 0 0 0 1 0.345106 1.73566 -1.95628</i>
                        <i>1 0 0 0 1 0 0 0 1 0.360266 1.78051 -1.97474</i>
                        <i>1 0 0 0 1 0 0 0 1 0.354657 1.78723 -1.98437</i>
                        <i>1 0 0 0 1 0 0 0 1 0.341561 1.78516 -1.99075</i>
                        <i>1 0 0 0 1 0 0 0 1 0.32832 1.77986 -1.99429</i>
                        <i>1 0 0 0 1 0 0 0 1 0.322275 1.77687 -1.99538</i>
                        <i>1 0 0 0 1 0 0 0 1 0.322275 1.77687 -1.99538</i>
                        <i>1 0 0 0 1 0 0 0 1 0.322275 1.77687 -1.99538</i>
                        <i>1 0 0 0 1 0 0 0 1 0.322275 1.77687 -1.99538</i>
                        <i>1 0 0 0 1 0 0 0 1 0.322275 1.77687 -1.99538</i>
                        <i>1 0 0 0 1 0 0 0 1 0.322275 1.77687 -1.99538</i>
                        <i>1 0 0 0 1 0 0 0 1 0.322275 1.77687 -1.99538</i>
                        <i>1 0 0 0 1 0 0 0 1 0.322275 1.77687 -1.99538</i>
                        <i>1 0 0 0 1 0 0 0 1 0.322275 1.77687 -1.99538</i>
                        <i>1 0 0 0 1 0 0 0 1 0.322275 1.77687 -1.99538</i>
                        <i>1 0 0 0 1 0 0 0 1 0.322275 1.77687 -1.99538</i>
                    </KeyFrames>
                </p>
            </i>
            <i>
                <p>
                    <Name><![CDATA[spine0]]></Name>
                    <Exclude>0</Exclude>
                    <Additive>0</Additive>
                    <IKPriority>0</IKPriority>
                    <IKRotLimits>-1e+010 -1e+010 -1e+010 1e+010 1e+010 1e+010</IKRotLimits>
                    <IKRotLimitOrder>0</IKRotLimitOrder>
                    <KeyFrames count="70">
                        <i>0.102741 0.983648 0.14792 -0.950486 0.140928 -0.276975 -0.293292 -0.112139 0.949423 0.338971 1.90933 -2.04894</i>
                        <i>0.0596808 0.989972 0.128039 -0.946385 0.0969099 -0.308163 -0.317481 -0.102783 0.942678 0.345537 1.91682 -2.06144</i>
                        <i>0.015099 0.996969 0.0763205 -0.920701 0.0436326 -0.387822 -0.389976 -0.0644127 0.918569 0.36269 1.93713 -2.09338</i>
                        <i>0.0236603 0.999619 0.0142187 -0.868949 0.027596 -0.494132 -0.494336 -0.000664062 0.869271 0.386525 1.9665 -2.13645</i>
                        <i>0.05631 0.997484 -0.0430717 -0.797844 0.019021 -0.602564 -0.600229 0.0682949 0.796907 0.41301 2.0011 -2.18265</i>
                        <i>0.102041 0.991159 -0.0848029 -0.72029 0.0148182 -0.693515 -0.686127 0.13185 0.715434 0.438117 2.03706 -2.22453</i>
                        <i>0.14426 0.983257 -0.111331 -0.656789 0.0109893 -0.753995 -0.740147 0.181892 0.647377 0.458019 2.0704 -2.25507</i>
                        <i>0.165261 0.977542 -0.130771 -0.630476 0.00274938 -0.776204 -0.758412 0.210724 0.616771 0.469146 2.09708 -2.26728</i>
                        <i>0.140829 0.982078 -0.12526 -0.652003 -0.00321028 -0.75821 -0.745023 0.188448 0.639865 0.469563 2.11417 -2.22911</i>
                        <i>0.0862343 0.99302 -0.0804689 -0.708647 0.00436542 -0.705549 -0.700273 0.117867 0.704077 0.462373 2.12255 -2.1426</i>
                        <i>0.0430593 0.998851 -0.0210524 -0.784316 0.0207431 -0.620015 -0.618866 0.0432091 0.784308 0.451469 2.12414 -2.052</i>
                        <i>0.045466 0.99792 -0.0457023 -0.86081 0.015923 -0.508678 -0.506892 0.0624685 0.859743 0.442231 2.11728 -1.97265</i>
                        <i>0.0247374 0.998289 -0.0529735 -0.924238 0.00264211 -0.381807 -0.381014 0.058405 0.922723 0.430839 2.08898 -1.87575</i>
                        <i>-0.014298 0.990545 0.13644 -0.968046 0.0204537 -0.249937 -0.250365 -0.135654 0.958601 0.420966 2.02225 -1.7484</i>
                        <i>-0.0123245 0.930982 0.364857 -0.98928 0.0417458 -0.139937 -0.14551 -0.362671 0.920487 0.424243 1.93237 -1.62642</i>
                        <i>-0.014516 0.901488 0.43256 -0.994889 0.0302109 -0.0963485 -0.099925 -0.431748 0.896442 0.438548 1.88034 -1.56232</i>
                        <i>-0.0405697 0.914327 0.40294 -0.994719 0.00109139 -0.102629 -0.0942762 -0.404975 0.909454 0.467808 1.89154 -1.55959</i>
                        <i>-0.0501263 0.910616 0.410203 -0.993282 -0.00256345 -0.115687 -0.104295 -0.413247 0.904627 0.513527 1.92793 -1.58592</i>
                        <i>-0.0516063 0.906271 0.419534 -0.990081 0.00854226 -0.140241 -0.13068 -0.42261 0.896841 0.562805 1.97375 -1.63426</i>
                        <i>-0.0554505 0.90542 0.42088 -0.983622 0.0228688 -0.178788 -0.171503 -0.423901 0.889323 0.602693 2.01324 -1.69753</i>
                        <i>-0.0605052 0.907014 0.416731 -0.973332 0.0389396 -0.22607 -0.221276 -0.419296 0.88047 0.620049 2.03075 -1.76861</i>
                        <i>-0.0605468 0.923328 0.37921 -0.959031 0.0515236 -0.278577 -0.276757 -0.380541 0.88238 0.606892 2.01602 -1.86759</i>
                        <i>-0.0452779 0.953485 0.298022 -0.941223 0.0592459 -0.332549 -0.334737 -0.295562 0.894759 0.573563 1.97717 -1.99969</i>
                        <i>-0.0162443 0.978843 0.203967 -0.922802 0.0638571 -0.379945 -0.384931 -0.194394 0.902241 0.532248 1.92813 -2.13555</i>
                        <i>0.0149985 0.992051 0.124937 -0.909191 0.0655305 -0.411191 -0.41611 -0.107425 0.902947 0.493246 1.88638 -2.24714</i>
                        <i>0.0313835 0.995702 0.0871361 -0.906708 0.065046 -0.416712 -0.420589 -0.0659291 0.904853 0.466534 1.87196 -2.30839</i>
                        <i>0.0352994 0.996499 0.0757812 -0.911772 0.0631589 -0.405811 -0.409177 -0.0547703 0.91081 0.452559 1.88648 -2.32213</i>
                        <i>0.0404234 0.997405 0.0595713 -0.917095 0.0607019 -0.39402 -0.396614 -0.0387049 0.917169 0.444009 1.91483 -2.31267</i>
                        <i>0.0461365 0.998107 0.0406763 -0.922453 0.058195 -0.3817 -0.383344 -0.0199117 0.923391 0.43974 1.95222 -2.28675</i>
                        <i>0.0518364 0.998429 0.0212694 -0.927656 0.0560272 -0.369208 -0.36982 -0.000592315 0.929103 0.438602 1.99388 -2.25111</i>
                        <i>0.0569796 0.99837 0.00340454 -0.932567 0.0544411 -0.356868 -0.356471 0.0171592 0.934149 0.439438 2.03502 -2.21247</i>
                        <i>0.0610979 0.998071 -0.0110563 -0.937094 0.053544 -0.344947 -0.34369 0.0314364 0.938557 0.441082 2.07084 -2.17756</i>
                        <i>0.0637906 0.997754 -0.02046 -0.94118 0.0533314 -0.333669 -0.331828 0.0405415 0.942468 0.442365 2.09655 -2.15312</i>
                        <i>0.064698 0.997632 -0.0233262 -0.944798 0.0537143 -0.323219 -0.321201 0.0429502 0.946037 0.445877 2.11357 -2.13951</i>
                        <i>0.0632587 0.997845 -0.0174249 -0.947925 0.0546147 -0.313777 -0.312149 0.0363666 0.949337 0.453587 2.12653 -2.131</i>
                        <i>0.0596205 0.998216 -0.00328127 -0.950561 0.0557701 -0.305488 -0.30476 0.0213324 0.95219 0.463382 2.13541 -2.12518</i>
                        <i>0.0544528 0.998381 0.0164568 -0.952711 0.0568823 -0.298508 -0.298961 0.000575996 0.954265 0.473145 2.14019 -2.11968</i>
                        <i>0.048402 0.998058 0.0392003 -0.954357 0.0577916 -0.293025 -0.294722 -0.0232281 0.955301 0.480756 2.14088 -2.11211</i>
                        <i>0.0421202 0.997164 0.0623698 -0.955469 0.0584505 -0.289244 -0.29207 -0.0474094 0.955221 0.484091 2.13748 -2.10009</i>
                        <i>0.0362813 0.995858 0.0833723 -0.956007 0.0588882 -0.287374 -0.291093 -0.0692782 0.954183 0.481028 2.13002 -2.08124</i>
                        <i>0.0314987 0.993868 0.105991 -0.957751 0.0603424 -0.281197 -0.285869 -0.0926559 0.953779 0.468356 2.10689 -2.04999</i>
                        <i>0.0271704 0.990396 0.135566 -0.961605 0.0629444 -0.267123 -0.273091 -0.123103 0.954079 0.446618 2.06632 -2.00611</i>
                        <i>0.0221473 0.984946 0.171436 -0.966438 0.0649915 -0.248543 -0.255943 -0.160177 0.953329 0.419275 2.02318 -1.95531</i>
                        <i>0.0149368 0.977128 0.212126 -0.971654 0.0642436 -0.22751 -0.235935 -0.202715 0.95039 0.389618 1.99271 -1.90331</i>
                        <i>0.00356756 0.966725 0.255792 -0.976996 0.0579123 -0.205245 -0.213229 -0.249175 0.944693 0.360736 1.99043 -1.85571</i>
                        <i>-0.0146052 0.95324 0.301861 -0.981475 0.0440106 -0.186467 -0.191033 -0.298993 0.934938 0.327814 2.03494 -1.80448</i>
                        <i>-0.0373882 0.936876 0.347657 -0.984309 0.0255087 -0.174598 -0.172445 -0.34873 0.921222 0.288837 2.11573 -1.74559</i>
                        <i>-0.0603844 0.919691 0.387971 -0.985661 0.00641464 -0.168616 -0.157563 -0.39259 0.906116 0.25101 2.20492 -1.69077</i>
                        <i>-0.0800827 0.905544 0.416626 -0.985895 -0.0103335 -0.167046 -0.146962 -0.424127 0.893598 0.221547 2.27512 -1.65192</i>
                        <i>-0.0938856 0.899592 0.42652 -0.985467 -0.0230548 -0.168295 -0.141564 -0.436122 0.888683 0.207611 2.29934 -1.64096</i>
                        <i>-0.0817534 0.909493 0.407602 -0.988436 -0.0215811 -0.150098 -0.127716 -0.41516 0.900739 0.217243 2.2261 -1.6957</i>
                        <i>-0.0376882 0.929959 0.365726 -0.994582 0.000574492 -0.103953 -0.0968821 -0.367662 0.924899 0.246086 2.0762 -1.80559</i>
                        <i>0.0153701 0.947759 0.318616 -0.99819 0.0330738 -0.0502289 -0.0581428 -0.317267 0.946552 0.282725 1.93117 -1.90993</i>
                        <i>0.0528669 0.957654 0.283027 -0.998267 0.0580203 -0.00985086 -0.025855 -0.282016 0.959061 0.315847 1.83816 -1.96393</i>
                        <i>0.0738902 0.964016 0.255369 -0.997052 0.0767148 -0.00110363 -0.0206545 -0.254535 0.966843 0.346512 1.8738 -1.99642</i>
                        <i>0.0890488 0.970348 0.224712 -0.994239 0.100109 -0.0382941 -0.0596543 -0.220007 0.973672 0.36568 1.91739 -2.01866</i>
                        <i>0.0980269 0.975877 0.195079 -0.98673 0.120805 -0.108494 -0.129443 -0.181855 0.974768 0.364136 1.92259 -2.03216</i>
                        <i>0.101936 0.980078 0.170457 -0.973132 0.133804 -0.187381 -0.206456 -0.146776 0.967384 0.354659 1.91907 -2.04168</i>
                        <i>0.102829 0.982715 0.153942 -0.95788 0.139547 -0.250983 -0.268127 -0.12165 0.955672 0.34402 1.91272 -2.04719</i>
                        <i>0.102741 0.983648 0.14792 -0.950486 0.140928 -0.276975 -0.293292 -0.112139 0.949423 0.338971 1.90933 -2.04894</i>
                        <i>0.102741 0.983648 0.14792 -0.950486 0.140928 -0.276975 -0.293292 -0.112139 0.949423 0.338971 1.90933 -2.04894</i>
                        <i>0.102741 0.983648 0.14792 -0.950486 0.140928 -0.276975 -0.293292 -0.112139 0.949423 0.338971 1.90933 -2.04894</i>
                        <i>0.102741 0.983648 0.14792 -0.950486 0.140928 -0.276975 -0.293292 -0.112139 0.949423 0.338971 1.90933 -2.04894</i>
                        <i>0.102741 0.983648 0.14792 -0.950486 0.140928 -0.276975 -0.293292 -0.112139 0.949423 0.338971 1.90933 -2.04894</i>
                        <i>0.102741 0.983648 0.14792 -0.950486 0.140928 -0.276975 -0.293292 -0.112139 0.949423 0.338971 1.90933 -2.04894</i>
                        <i>0.102741 0.983648 0.14792 -0.950486 0.140928 -0.276975 -0.293292 -0.112139 0.949423 0.338971 1.90933 -2.04894</i>
                        <i>0.102741 0.983648 0.14792 -0.950486 0.140928 -0.276975 -0.293292 -0.112139 0.949423 0.338971 1.90933 -2.04894</i>
                        <i>0.102741 0.983648 0.14792 -0.950486 0.140928 -0.276975 -0.293292 -0.112139 0.949423 0.338971 1.90933 -2.04894</i>
                        <i>0.102741 0.983648 0.14792 -0.950486 0.140928 -0.276975 -0.293292 -0.112139 0.949423 0.338971 1.90933 -2.04894</i>
                        <i>0.102741 0.983648 0.14792 -0.950486 0.140928 -0.276975 -0.293292 -0.112139 0.949423 0.338971 1.90933 -2.04894</i>
                    </KeyFrames>
                </p>
            </i>
            <i>
                <p>
                    <Name><![CDATA[spine1]]></Name>
                    <Exclude>0</Exclude>
                    <Additive>0</Additive>
                    <IKPriority>0</IKPriority>
                    <IKRotLimits>-1e+010 -1e+010 -1e+010 1e+010 1e+010 1e+010</IKRotLimits>
                    <IKRotLimitOrder>0</IKRotLimitOrder>
                    <KeyFrames count="70">
                        <i>0.149785 0.846199 0.511383 -0.956471 0.25503 -0.141853 -0.250454 -0.467876 0.847564 0.357397 2.08562 -2.02248</i>
                        <i>0.125841 0.866978 0.482196 -0.954258 0.238667 -0.180081 -0.271211 -0.437478 0.857355 0.356225 2.09388 -2.03858</i>
                        <i>0.0903649 0.911802 0.400563 -0.939053 0.211964 -0.270649 -0.331683 -0.351693 0.875385 0.365388 2.11435 -2.07985</i>
                        <i>0.0859886 0.954615 0.285161 -0.901495 0.196407 -0.385657 -0.424162 -0.223909 0.877469 0.390681 2.14159 -2.13398</i>
                        <i>0.119906 0.980192 0.157627 -0.84341 0.184329 -0.504661 -0.52372 -0.072432 0.848806 0.422708 2.17284 -2.19007</i>
                        <i>0.187833 0.981272 0.0427109 -0.776589 0.174995 -0.605216 -0.601355 0.0805105 0.794915 0.455397 2.20499 -2.23889</i>
                        <i>0.266516 0.962728 -0.0460957 -0.722356 0.167853 -0.670841 -0.6381 0.212087 0.740167 0.482121 2.23481 -2.27366</i>
                        <i>0.325507 0.939055 -0.110551 -0.7055 0.163363 -0.689624 -0.629535 0.302471 0.715679 0.496459 2.25882 -2.2889</i>
                        <i>0.339182 0.928865 -0.148877 -0.73908 0.165212 -0.653044 -0.581993 0.331533 0.742543 0.492583 2.27496 -2.24959</i>
                        <i>0.317221 0.934368 -0.162255 -0.804943 0.174817 -0.567014 -0.501435 0.310475 0.807569 0.476337 2.2838 -2.15563</i>
                        <i>0.284048 0.945162 -0.161203 -0.876824 0.188036 -0.442518 -0.387939 0.267043 0.882152 0.458397 2.28571 -2.05536</i>
                        <i>0.272441 0.936802 -0.219493 -0.930722 0.198739 -0.307018 -0.243993 0.287931 0.926047 0.44952 2.278 -1.97995</i>
                        <i>0.238341 0.947318 -0.213968 -0.9672 0.211601 -0.140535 -0.0878554 0.240444 0.966679 0.434761 2.24837 -1.88414</i>
                        <i>0.216303 0.976317 -0.00425832 -0.972567 0.21585 0.0867314 0.0855965 -0.0146188 0.996223 0.418682 2.17908 -1.72672</i>
                        <i>0.24932 0.936709 0.245798 -0.938807 0.171494 0.298715 0.237656 -0.305233 0.922146 0.422287 2.07918 -1.5688</i>
                        <i>0.264749 0.885583 0.381641 -0.908656 0.096587 0.40622 0.32288 -0.454327 0.830262 0.436217 2.02462 -1.49301</i>
                        <i>0.223795 0.868226 0.442831 -0.916771 0.0332998 0.398024 0.330828 -0.49505 0.803416 0.461039 2.04401 -1.49236</i>
                        <i>0.187185 0.822585 0.536951 -0.94476 0.00103716 0.327761 0.269054 -0.568642 0.777339 0.504881 2.08502 -1.51517</i>
                        <i>0.158888 0.749544 0.642603 -0.970786 7.58137e-005 0.239945 0.179801 -0.661955 0.727659 0.553731 2.13316 -1.56049</i>
                        <i>0.113022 0.673653 0.730354 -0.989474 0.00944913 0.144405 0.0903777 -0.738987 0.66763 0.592752 2.17571 -1.62206</i>
                        <i>0.0508387 0.609585 0.791089 -0.998688 0.0261043 0.0440649 0.00621046 -0.792291 0.610112 0.608996 2.19671 -1.69243</i>
                        <i>-0.0161461 0.592666 0.805287 -0.996945 0.0520121 -0.0582681 -0.0764181 -0.803767 0.590015 0.595636 2.18809 -1.79702</i>
                        <i>-0.0704363 0.636727 0.767865 -0.98381 0.0828288 -0.158928 -0.164795 -0.766628 0.620584 0.565024 2.15779 -1.94334</i>
                        <i>-0.10097 0.706945 0.700024 -0.962521 0.108605 -0.248511 -0.251709 -0.69888 0.669484 0.529177 2.11612 -2.09649</i>
                        <i>-0.10791 0.769464 0.629509 -0.941814 0.123637 -0.312569 -0.318341 -0.62661 0.71135 0.496214 2.07892 -2.22302</i>
                        <i>-0.103017 0.7996 0.591631 -0.933827 0.127104 -0.334384 -0.342572 -0.586928 0.733594 0.472724 2.06641 -2.29151</i>
                        <i>-0.0949002 0.811601 0.576453 -0.935956 0.124501 -0.329372 -0.339088 -0.570792 0.747808 0.459523 2.08139 -2.30744</i>
                        <i>-0.082887 0.830022 0.551537 -0.938206 0.121607 -0.324007 -0.336004 -0.544311 0.768652 0.451952 2.10941 -2.30118</i>
                        <i>-0.0680961 0.851864 0.519317 -0.940484 0.118899 -0.318359 -0.332945 -0.510089 0.793068 0.448742 2.14582 -2.27899</i>
                        <i>-0.0516547 0.874447 0.482363 -0.942715 0.116705 -0.312519 -0.329576 -0.470874 0.818326 0.448624 2.186 -2.24713</i>
                        <i>-0.0347706 0.895525 0.443651 -0.944846 0.1152 -0.306587 -0.325665 -0.429842 0.842127 0.450342 2.22535 -2.21193</i>
                        <i>-0.0187587 0.913373 0.406691 -0.946847 0.11442 -0.300646 -0.321136 -0.390714 0.862679 0.452654 2.25929 -2.17975</i>
                        <i>-0.00503002 0.926801 0.37552 -0.948712 0.114283 -0.294764 -0.316103 -0.357743 0.878692 0.454332 2.28323 -2.15704</i>
                        <i>0.00494338 0.935013 0.35458 -0.950448 0.114615 -0.288984 -0.310844 -0.335581 0.889248 0.457918 2.29881 -2.14392</i>
                        <i>0.0100346 0.937636 0.347473 -0.952012 0.115259 -0.283527 -0.305895 -0.327953 0.893798 0.465284 2.31064 -2.13429</i>
                        <i>0.0108243 0.935765 0.352457 -0.95335 0.115997 -0.278691 -0.301673 -0.332999 0.893367 0.474344 2.31857 -2.12585</i>
                        <i>0.00844976 0.930612 0.365909 -0.954449 0.116647 -0.274627 -0.298253 -0.346921 0.889208 0.483107 2.32246 -2.11674</i>
                        <i>0.00411887 0.92331 0.384034 -0.955284 0.117179 -0.271481 -0.295661 -0.365744 0.882506 0.489569 2.32224 -2.10505</i>
                        <i>-0.000912701 0.915198 0.403004 -0.955816 0.117671 -0.269387 -0.293965 -0.385444 0.874653 0.491728 2.31788 -2.08886</i>
                        <i>-0.00536593 0.907951 0.419042 -0.956002 0.118255 -0.268469 -0.293311 -0.402045 0.867369 0.48758 2.30943 -2.06627</i>
                        <i>-0.0149941 0.90651 0.421917 -0.95881 0.10667 -0.26326 -0.283654 -0.408486 0.867571 0.474004 2.2847 -2.03107</i>
                        <i>-0.0340805 0.910464 0.412182 -0.965214 0.0769894 -0.249868 -0.25923 -0.406359 0.876169 0.45144 2.24176 -1.98213</i>
                        <i>-0.0585553 0.913412 0.402802 -0.972287 0.0393024 -0.230465 -0.226341 -0.405134 0.885797 0.423168 2.19607 -1.92525</i>
                        <i>-0.0826935 0.909438 0.407535 -0.978339 0.00378959 -0.206973 -0.189773 -0.415823 0.889425 0.392229 2.16322 -1.86631</i>
                        <i>-0.0991101 0.892677 0.439664 -0.983267 -0.0199878 -0.181068 -0.152847 -0.450253 0.879722 0.361361 2.15885 -1.81117</i>
                        <i>-0.0988925 0.859302 0.501816 -0.987555 -0.0227771 -0.155614 -0.122289 -0.51096 0.850861 0.325269 2.20121 -1.75185</i>
                        <i>-0.0834823 0.81389 0.574991 -0.991133 -0.00795711 -0.132638 -0.103378 -0.580965 0.807337 0.282304 2.27953 -1.68483</i>
                        <i>-0.0618801 0.765228 0.640778 -0.993502 0.0142219 -0.112927 -0.0955278 -0.643602 0.759376 0.240421 2.36628 -1.62273</i>
                        <i>-0.0448985 0.72625 0.685963 -0.994479 0.032701 -0.0997134 -0.0948485 -0.686653 0.720772 0.207456 2.43452 -1.57861</i>
                        <i>-0.0437792 0.711237 0.701587 -0.994461 0.0361417 -0.0986934 -0.095551 -0.702022 0.705716 0.191068 2.45791 -1.56581</i>
                        <i>-0.0545132 0.720816 0.690979 -0.99331 0.0314043 -0.111125 -0.101801 -0.692414 0.714282 0.202824 2.38656 -1.62382</i>
                        <i>-0.0636083 0.742723 0.666571 -0.992 0.0259264 -0.123551 -0.109046 -0.669097 0.735131 0.239409 2.24107 -1.74079</i>
                        <i>-0.0685133 0.770207 0.634103 -0.992047 0.0146706 -0.125008 -0.105584 -0.637625 0.763077 0.285477 2.10068 -1.853</i>
                        <i>-0.0718745 0.793901 0.603785 -0.992657 0.00211172 -0.120942 -0.0972913 -0.608044 0.78792 0.325356 2.01039 -1.91309</i>
                        <i>-0.0576008 0.813023 0.579376 -0.993247 0.0118738 -0.11541 -0.10071 -0.582111 0.806849 0.359787 2.04699 -1.9506</i>
                        <i>-0.014937 0.829905 0.557705 -0.991852 0.0582762 -0.113284 -0.126516 -0.554853 0.822273 0.381644 2.09133 -1.97843</i>
                        <i>0.0396425 0.840927 0.539694 -0.985296 0.122732 -0.118862 -0.166192 -0.527047 0.833428 0.38169 2.09729 -1.99728</i>
                        <i>0.093254 0.845849 0.525208 -0.973842 0.187271 -0.128689 -0.207208 -0.499469 0.841187 0.372916 2.09451 -2.01121</i>
                        <i>0.133773 0.846588 0.515164 -0.96194 0.235914 -0.137897 -0.238277 -0.47711 0.845926 0.362452 2.08876 -2.01965</i>
                        <i>0.149785 0.846199 0.511383 -0.956471 0.25503 -0.141853 -0.250454 -0.467876 0.847564 0.357397 2.08562 -2.02248</i>
                        <i>0.149785 0.846199 0.511383 -0.956471 0.25503 -0.141853 -0.250454 -0.467876 0.847564 0.357397 2.08562 -2.02248</i>
                        <i>0.149785 0.846199 0.511383 -0.956471 0.25503 -0.141853 -0.250454 -0.467876 0.847564 0.357397 2.08562 -2.02248</i>
                        <i>0.149785 0.846199 0.511383 -0.956471 0.25503 -0.141853 -0.250454 -0.467876 0.847564 0.357397 2.08562 -2.02248</i>
                        <i>0.149785 0.846199 0.511383 -0.956471 0.25503 -0.141853 -0.250454 -0.467876 0.847564 0.357397 2.08562 -2.02248</i>
                        <i>0.149785 0.846199 0.511383 -0.956471 0.25503 -0.141853 -0.250454 -0.467876 0.847564 0.357397 2.08562 -2.02248</i>
                        <i>0.149785 0.846199 0.511383 -0.956471 0.25503 -0.141853 -0.250454 -0.467876 0.847564 0.357397 2.08562 -2.02248</i>
                        <i>0.149785 0.846199 0.511383 -0.956471 0.25503 -0.141853 -0.250454 -0.467876 0.847564 0.357397 2.08562 -2.02248</i>
                        <i>0.149785 0.846199 0.511383 -0.956471 0.25503 -0.141853 -0.250454 -0.467876 0.847564 0.357397 2.08562 -2.02248</i>
                        <i>0.149785 0.846199 0.511383 -0.956471 0.25503 -0.141853 -0.250454 -0.467876 0.847564 0.357397 2.08562 -2.02248</i>
                        <i>0.149785 0.846199 0.511383 -0.956471 0.25503 -0.141853 -0.250454 -0.467876 0.847564 0.357397 2.08562 -2.02248</i>
                    </KeyFrames>
                </p>
            </i>
            <i>
                <p>
                    <Name><![CDATA[spine2]]></Name>
                    <Exclude>0</Exclude>
                    <Additive>0</Additive>
                    <IKPriority>0</IKPriority>
                    <IKRotLimits>-1e+010 -1e+010 -1e+010 1e+010 1e+010 1e+010</IKRotLimits>
                    <IKRotLimitOrder>0</IKRotLimitOrder>
                    <KeyFrames count="70">
                        <i>0.0973266 0.762942 0.639099 -0.987144 0.155803 -0.0356651 -0.126784 -0.627412 0.768297 0.38215 2.22493 -1.93805</i>
                        <i>0.14603 0.772727 0.617712 -0.974249 0.220764 -0.045847 -0.171796 -0.595111 0.785066 0.376985 2.23636 -1.95911</i>
                        <i>0.176122 0.808441 0.561609 -0.950702 0.287631 -0.115905 -0.255238 -0.513509 0.819245 0.380222 2.26336 -2.01421</i>
                        <i>0.137067 0.874311 0.465611 -0.927981 0.277762 -0.248394 -0.346502 -0.398031 0.849416 0.404613 2.29542 -2.0879</i>
                        <i>0.109449 0.934516 0.338676 -0.886864 0.245678 -0.391299 -0.44888 -0.257532 0.855677 0.441808 2.32821 -2.165</i>
                        <i>0.111855 0.972799 0.202855 -0.836191 0.202436 -0.50971 -0.536911 -0.112612 0.836089 0.48483 2.35814 -2.23216</i>
                        <i>0.140789 0.986284 0.0861486 -0.796801 0.164525 -0.581411 -0.587611 0.0132128 0.809036 0.523336 2.38317 -2.28072</i>
                        <i>0.179127 0.983766 0.0108288 -0.789774 0.15035 -0.594687 -0.586661 0.0979721 0.803885 0.546277 2.40205 -2.30571</i>
                        <i>0.224877 0.972938 -0.0531275 -0.82759 0.161934 -0.537468 -0.514319 0.164832 0.841609 0.543993 2.41521 -2.27203</i>
                        <i>0.260886 0.95495 -0.141453 -0.891615 0.182181 -0.414527 -0.370083 0.234266 0.898976 0.524082 2.42378 -2.17991</i>
                        <i>0.256354 0.938149 -0.232722 -0.94928 0.199005 -0.243444 -0.182074 0.283326 0.941581 0.501034 2.42679 -2.07941</i>
                        <i>0.227132 0.912741 -0.339582 -0.973759 0.217962 -0.0654593 0.0142687 0.345539 0.938296 0.490266 2.41722 -2.0126</i>
                        <i>0.188092 0.937021 -0.294302 -0.964137 0.233286 0.126562 0.187248 0.259942 0.947295 0.470153 2.3879 -1.91575</i>
                        <i>0.21012 0.97714 0.0323649 -0.914401 0.184698 0.36022 0.346008 -0.105284 0.932306 0.45058 2.32167 -1.7275</i>
                        <i>0.321997 0.848695 0.419564 -0.834732 0.0454023 0.548781 0.446699 -0.52693 0.723053 0.458881 2.21545 -1.53325</i>
                        <i>0.453598 0.588389 0.669363 -0.765211 -0.127872 0.630953 0.456838 -0.798403 0.392239 0.475661 2.15531 -1.43692</i>
                        <i>0.542732 0.322896 0.775358 -0.73075 -0.273565 0.625433 0.41406 -0.906036 0.0874839 0.495855 2.17739 -1.42448</i>
                        <i>0.542257 0.120926 0.831465 -0.759461 -0.352765 0.546604 0.35941 -0.927865 -0.0994502 0.53503 2.2156 -1.42994</i>
                        <i>0.454185 0.0148137 0.890784 -0.83475 -0.342296 0.431307 0.311302 -0.939475 -0.1431 0.579821 2.25436 -1.45647</i>
                        <i>0.327679 -0.0316112 0.94426 -0.905517 -0.295667 0.304336 0.269566 -0.954768 -0.125508 0.611723 2.28667 -1.50147</i>
                        <i>0.183954 -0.0156859 0.98281 -0.957577 -0.228508 0.175584 0.221826 -0.973416 -0.0570554 0.617805 2.29896 -1.55926</i>
                        <i>0.0428531 0.0796285 0.995903 -0.987546 -0.147664 0.0543002 0.151383 -0.985827 0.0723089 0.593058 2.28923 -1.65894</i>
                        <i>-0.0733681 0.248136 0.965943 -0.996141 -0.0650071 -0.0589625 0.0481624 -0.966542 0.251948 0.552868 2.26822 -1.80947</i>
                        <i>-0.145847 0.429578 0.891174 -0.98677 0.00130854 -0.162123 -0.0708107 -0.903029 0.423704 0.511376 2.24049 -1.97267</i>
                        <i>-0.173353 0.570252 0.80297 -0.970083 0.041836 -0.239142 -0.169965 -0.820404 0.545939 0.476917 2.21577 -2.11042</i>
                        <i>-0.173383 0.634625 0.75312 -0.961668 0.0558584 -0.268465 -0.212443 -0.770799 0.600614 0.454152 2.20955 -2.18498</i>
                        <i>-0.16497 0.656653 0.73593 -0.962044 0.0573229 -0.266805 -0.217384 -0.752012 0.622272 0.442378 2.22692 -2.20347</i>
                        <i>-0.153669 0.685281 0.711882 -0.96246 0.0593177 -0.264861 -0.223731 -0.725859 0.65044 0.437003 2.2579 -2.20193</i>
                        <i>-0.140311 0.717226 0.682569 -0.962859 0.0617754 -0.262841 -0.230682 -0.694097 0.68192 0.436518 2.2974 -2.18605</i>
                        <i>-0.125807 0.749502 0.649938 -0.963197 0.0645852 -0.260923 -0.237539 -0.658844 0.713793 0.43941 2.34041 -2.16148</i>
                        <i>-0.111202 0.779465 0.616497 -0.963447 0.0675859 -0.259235 -0.243731 -0.622789 0.743457 0.444178 2.38207 -2.13386</i>
                        <i>-0.0976997 0.804834 0.585403 -0.963605 0.0705739 -0.257847 -0.248838 -0.589289 0.768647 0.449336 2.41766 -2.10886</i>
                        <i>-0.0866515 0.823658 0.560428 -0.963689 0.0733225 -0.256764 -0.252578 -0.562327 0.787396 0.453412 2.44253 -2.09217</i>
                        <i>-0.0795063 0.834152 0.545773 -0.96373 0.0756042 -0.255945 -0.25476 -0.546327 0.797887 0.458712 2.45832 -2.08314</i>
                        <i>-0.0763476 0.837263 0.541444 -0.963717 0.0773355 -0.255479 -0.255776 -0.541304 0.80098 0.46694 2.46961 -2.0751</i>
                        <i>-0.0757492 0.836249 0.543092 -0.963624 0.0786064 -0.255441 -0.256303 -0.542686 0.799875 0.476127 2.47636 -2.06617</i>
                        <i>-0.0768612 0.83269 0.548379 -0.963469 0.0794951 -0.25575 -0.256554 -0.548004 0.796161 0.484483 2.4786 -2.05511</i>
                        <i>-0.0787746 0.828198 0.554871 -0.963266 0.0801084 -0.256324 -0.256737 -0.55468 0.791465 0.490216 2.47642 -2.04069</i>
                        <i>-0.0805498 0.824487 0.560119 -0.963027 0.0805617 -0.257077 -0.257081 -0.560117 0.787514 0.491535 2.47004 -2.02165</i>
                        <i>-0.0812361 0.823354 0.561683 -0.962767 0.0809622 -0.257925 -0.257838 -0.561723 0.786121 0.486651 2.45975 -1.99669</i>
                        <i>-0.0819301 0.832448 0.548013 -0.96458 0.0721082 -0.253743 -0.250744 -0.549392 0.797055 0.471505 2.43377 -1.96151</i>
                        <i>-0.0851214 0.851786 0.516928 -0.969666 0.0484911 -0.239576 -0.229134 -0.521641 0.82182 0.445871 2.39004 -1.91486</i>
                        <i>-0.0916837 0.871806 0.481194 -0.976264 0.0165268 -0.215954 -0.196223 -0.489572 0.849598 0.413716 2.34353 -1.86012</i>
                        <i>-0.101008 0.884046 0.456355 -0.982526 -0.0165608 -0.185387 -0.156333 -0.467106 0.870271 0.378972 2.30922 -1.80081</i>
                        <i>-0.110438 0.881248 0.459572 -0.987282 -0.0440677 -0.152748 -0.114357 -0.470596 0.874907 0.345507 2.30193 -1.74062</i>
                        <i>-0.114715 0.8589 0.499131 -0.990534 -0.0607695 -0.123083 -0.0753842 -0.508526 0.85774 0.309442 2.33908 -1.67125</i>
                        <i>-0.112813 0.822182 0.557934 -0.9927 -0.069153 -0.0988163 -0.0426622 -0.565008 0.823982 0.268922 2.41039 -1.59228</i>
                        <i>-0.108495 0.780248 0.615989 -0.993935 -0.0739605 -0.0813797 -0.0179375 -0.621082 0.78354 0.230477 2.48968 -1.51926</i>
                        <i>-0.106999 0.745622 0.657722 -0.994255 -0.0782311 -0.0730596 -0.00302052 -0.66176 0.749709 0.200222 2.552 -1.46749</i>
                        <i>-0.113763 0.732241 0.671476 -0.993508 -0.0835697 -0.0771901 -0.000406691 -0.675898 0.736995 0.184 2.5731 -1.452</i>
                        <i>-0.153706 0.719664 0.677096 -0.987724 -0.0925855 -0.125814 -0.0278545 -0.688122 0.72506 0.193983 2.5034 -1.51164</i>
                        <i>-0.228608 0.687679 0.689083 -0.970912 -0.109289 -0.21304 -0.0711942 -0.717742 0.69266 0.228997 2.36203 -1.63204</i>
                        <i>-0.303676 0.65516 0.691771 -0.947464 -0.131098 -0.291761 -0.100461 -0.744029 0.660552 0.274125 2.22721 -1.74861</i>
                        <i>-0.339106 0.651839 0.678317 -0.933191 -0.141867 -0.330194 -0.119003 -0.74497 0.656398 0.313359 2.14153 -1.81312</i>
                        <i>-0.308986 0.681945 0.662932 -0.941515 -0.120786 -0.314581 -0.134454 -0.721361 0.679382 0.350156 2.18115 -1.85477</i>
                        <i>-0.228448 0.717936 0.657556 -0.963078 -0.0678287 -0.260536 -0.142447 -0.692797 0.706924 0.379093 2.22798 -1.88639</i>
