<?xml version="1.0" encoding="ISO-8859-1" ?>
<Animl Version="1">
    <ModellingPackage><![CDATA[Maya.2010]]></ModellingPackage>
    <SrcFile><![CDATA[anims\turrets\antitank\blue\~src\at_m40recoilless\antitank_m40recoilless_idle_crewman_b.mb]]></SrcFile>
    <FramesPerSecond>30</FramesPerSecond>
    <TotalFrames>120</TotalFrames>
    <Skeleton>
        <RefFrame>
            <Name><![CDATA[soldier_ref_frame]]></Name>
            <Exclude>0</Exclude>
            <Additive>0</Additive>
            <IKPriority>0</IKPriority>
            <IKRotLimits>-1e+010 -1e+010 -1e+010 1e+010 1e+010 1e+010</IKRotLimits>
            <IKRotLimitOrder>0</IKRotLimitOrder>
            <KeyFrames count="120">
                <i>1 0 0 0 1 0 0 0 1 -1.48 0.87 -1.66</i>
                <i>1 0 0 0 1 0 0 0 1 -1.48 0.87 -1.66</i>
                <i>1 0 0 0 1 0 0 0 1 -1.48 0.87 -1.66</i>
                <i>1 0 0 0 1 0 0 0 1 -1.48 0.87 -1.66</i>
                <i>1 0 0 0 1 0 0 0 1 -1.48 0.87 -1.66</i>
                <i>1 0 0 0 1 0 0 0 1 -1.48 0.87 -1.66</i>
                <i>1 0 0 0 1 0 0 0 1 -1.48 0.87 -1.66</i>
                <i>1 0 0 0 1 0 0 0 1 -1.48 0.87 -1.66</i>
                <i>1 0 0 0 1 0 0 0 1 -1.48 0.87 -1.66</i>
                <i>1 0 0 0 1 0 0 0 1 -1.48 0.87 -1.66</i>
                <i>1 0 0 0 1 0 0 0 1 -1.48 0.87 -1.66</i>
                <i>1 0 0 0 1 0 0 0 1 -1.48 0.87 -1.66</i>
                <i>1 0 0 0 1 0 0 0 1 -1.48 0.87 -1.66</i>
                <i>1 0 0 0 1 0 0 0 1 -1.48 0.87 -1.66</i>
                <i>1 0 0 0 1 0 0 0 1 -1.48 0.87 -1.66</i>
                <i>1 0 0 0 1 0 0 0 1 -1.48 0.87 -1.66</i>
                <i>1 0 0 0 1 0 0 0 1 -1.48 0.87 -1.66</i>
                <i>1 0 0 0 1 0 0 0 1 -1.48 0.87 -1.66</i>
                <i>1 0 0 0 1 0 0 0 1 -1.48 0.87 -1.66</i>
                <i>1 0 0 0 1 0 0 0 1 -1.48 0.87 -1.66</i>
                <i>1 0 0 0 1 0 0 0 1 -1.48 0.87 -1.66</i>
                <i>1 0 0 0 1 0 0 0 1 -1.48 0.87 -1.66</i>
                <i>1 0 0 0 1 0 0 0 1 -1.48 0.87 -1.66</i>
                <i>1 0 0 0 1 0 0 0 1 -1.48 0.87 -1.66</i>
                <i>1 0 0 0 1 0 0 0 1 -1.48 0.87 -1.66</i>
                <i>1 0 0 0 1 0 0 0 1 -1.48 0.87 -1.66</i>
                <i>1 0 0 0 1 0 0 0 1 -1.48 0.87 -1.66</i>
                <i>1 0 0 0 1 0 0 0 1 -1.48 0.87 -1.66</i>
                <i>1 0 0 0 1 0 0 0 1 -1.48 0.87 -1.66</i>
                <i>1 0 0 0 1 0 0 0 1 -1.48 0.87 -1.66</i>
                <i>1 0 0 0 1 0 0 0 1 -1.48 0.87 -1.66</i>
                <i>1 0 0 0 1 0 0 0 1 -1.48 0.87 -1.66</i>
                <i>1 0 0 0 1 0 0 0 1 -1.48 0.87 -1.66</i>
                <i>1 0 0 0 1 0 0 0 1 -1.48 0.87 -1.66</i>
                <i>1 0 0 0 1 0 0 0 1 -1.48 0.87 -1.66</i>
                <i>1 0 0 0 1 0 0 0 1 -1.48 0.87 -1.66</i>
                <i>1 0 0 0 1 0 0 0 1 -1.48 0.87 -1.66</i>
                <i>1 0 0 0 1 0 0 0 1 -1.48 0.87 -1.66</i>
                <i>1 0 0 0 1 0 0 0 1 -1.48 0.87 -1.66</i>
                <i>1 0 0 0 1 0 0 0 1 -1.48 0.87 -1.66</i>
                <i>1 0 0 0 1 0 0 0 1 -1.48 0.87 -1.66</i>
                <i>1 0 0 0 1 0 0 0 1 -1.48 0.87 -1.66</i>
                <i>1 0 0 0 1 0 0 0 1 -1.48 0.87 -1.66</i>
                <i>1 0 0 0 1 0 0 0 1 -1.48 0.87 -1.66</i>
                <i>1 0 0 0 1 0 0 0 1 -1.48 0.87 -1.66</i>
                <i>1 0 0 0 1 0 0 0 1 -1.48 0.87 -1.66</i>
                <i>1 0 0 0 1 0 0 0 1 -1.48 0.87 -1.66</i>
                <i>1 0 0 0 1 0 0 0 1 -1.48 0.87 -1.66</i>
                <i>1 0 0 0 1 0 0 0 1 -1.48 0.87 -1.66</i>
                <i>1 0 0 0 1 0 0 0 1 -1.48 0.87 -1.66</i>
                <i>1 0 0 0 1 0 0 0 1 -1.48 0.87 -1.66</i>
                <i>1 0 0 0 1 0 0 0 1 -1.48 0.87 -1.66</i>
                <i>1 0 0 0 1 0 0 0 1 -1.48 0.87 -1.66</i>
                <i>1 0 0 0 1 0 0 0 1 -1.48 0.87 -1.66</i>
                <i>1 0 0 0 1 0 0 0 1 -1.48 0.87 -1.66</i>
                <i>1 0 0 0 1 0 0 0 1 -1.48 0.87 -1.66</i>
                <i>1 0 0 0 1 0 0 0 1 -1.48 0.87 -1.66</i>
                <i>1 0 0 0 1 0 0 0 1 -1.48 0.87 -1.66</i>
                <i>1 0 0 0 1 0 0 0 1 -1.48 0.87 -1.66</i>
                <i>1 0 0 0 1 0 0 0 1 -1.48 0.87 -1.66</i>
                <i>1 0 0 0 1 0 0 0 1 -1.48 0.87 -1.66</i>
                <i>1 0 0 0 1 0 0 0 1 -1.48 0.87 -1.66</i>
                <i>1 0 0 0 1 0 0 0 1 -1.48 0.87 -1.66</i>
                <i>1 0 0 0 1 0 0 0 1 -1.48 0.87 -1.66</i>
                <i>1 0 0 0 1 0 0 0 1 -1.48 0.87 -1.66</i>
                <i>1 0 0 0 1 0 0 0 1 -1.48 0.87 -1.66</i>
                <i>1 0 0 0 1 0 0 0 1 -1.48 0.87 -1.66</i>
                <i>1 0 0 0 1 0 0 0 1 -1.48 0.87 -1.66</i>
                <i>1 0 0 0 1 0 0 0 1 -1.48 0.87 -1.66</i>
                <i>1 0 0 0 1 0 0 0 1 -1.48 0.87 -1.66</i>
                <i>1 0 0 0 1 0 0 0 1 -1.48 0.87 -1.66</i>
                <i>1 0 0 0 1 0 0 0 1 -1.48 0.87 -1.66</i>
                <i>1 0 0 0 1 0 0 0 1 -1.48 0.87 -1.66</i>
                <i>1 0 0 0 1 0 0 0 1 -1.48 0.87 -1.66</i>
                <i>1 0 0 0 1 0 0 0 1 -1.48 0.87 -1.66</i>
                <i>1 0 0 0 1 0 0 0 1 -1.48 0.87 -1.66</i>
                <i>1 0 0 0 1 0 0 0 1 -1.48 0.87 -1.66</i>
                <i>1 0 0 0 1 0 0 0 1 -1.48 0.87 -1.66</i>
                <i>1 0 0 0 1 0 0 0 1 -1.48 0.87 -1.66</i>
                <i>1 0 0 0 1 0 0 0 1 -1.48 0.87 -1.66</i>
                <i>1 0 0 0 1 0 0 0 1 -1.48 0.87 -1.66</i>
                <i>1 0 0 0 1 0 0 0 1 -1.48 0.87 -1.66</i>
                <i>1 0 0 0 1 0 0 0 1 -1.48 0.87 -1.66</i>
                <i>1 0 0 0 1 0 0 0 1 -1.48 0.87 -1.66</i>
                <i>1 0 0 0 1 0 0 0 1 -1.48 0.87 -1.66</i>
                <i>1 0 0 0 1 0 0 0 1 -1.48 0.87 -1.66</i>
                <i>1 0 0 0 1 0 0 0 1 -1.48 0.87 -1.66</i>
                <i>1 0 0 0 1 0 0 0 1 -1.48 0.87 -1.66</i>
                <i>1 0 0 0 1 0 0 0 1 -1.48 0.87 -1.66</i>
                <i>1 0 0 0 1 0 0 0 1 -1.48 0.87 -1.66</i>
                <i>1 0 0 0 1 0 0 0 1 -1.48 0.87 -1.66</i>
                <i>1 0 0 0 1 0 0 0 1 -1.48 0.87 -1.66</i>
                <i>1 0 0 0 1 0 0 0 1 -1.48 0.87 -1.66</i>
                <i>1 0 0 0 1 0 0 0 1 -1.48 0.87 -1.66</i>
                <i>1 0 0 0 1 0 0 0 1 -1.48 0.87 -1.66</i>
                <i>1 0 0 0 1 0 0 0 1 -1.48 0.87 -1.66</i>
                <i>1 0 0 0 1 0 0 0 1 -1.48 0.87 -1.66</i>
                <i>1 0 0 0 1 0 0 0 1 -1.48 0.87 -1.66</i>
                <i>1 0 0 0 1 0 0 0 1 -1.48 0.87 -1.66</i>
                <i>1 0 0 0 1 0 0 0 1 -1.48 0.87 -1.66</i>
                <i>1 0 0 0 1 0 0 0 1 -1.48 0.87 -1.66</i>
                <i>1 0 0 0 1 0 0 0 1 -1.48 0.87 -1.66</i>
                <i>1 0 0 0 1 0 0 0 1 -1.48 0.87 -1.66</i>
                <i>1 0 0 0 1 0 0 0 1 -1.48 0.87 -1.66</i>
                <i>1 0 0 0 1 0 0 0 1 -1.48 0.87 -1.66</i>
                <i>1 0 0 0 1 0 0 0 1 -1.48 0.87 -1.66</i>
                <i>1 0 0 0 1 0 0 0 1 -1.48 0.87 -1.66</i>
                <i>1 0 0 0 1 0 0 0 1 -1.48 0.87 -1.66</i>
                <i>1 0 0 0 1 0 0 0 1 -1.48 0.87 -1.66</i>
                <i>1 0 0 0 1 0 0 0 1 -1.48 0.87 -1.66</i>
                <i>1 0 0 0 1 0 0 0 1 -1.48 0.87 -1.66</i>
                <i>1 0 0 0 1 0 0 0 1 -1.48 0.87 -1.66</i>
                <i>1 0 0 0 1 0 0 0 1 -1.48 0.87 -1.66</i>
                <i>1 0 0 0 1 0 0 0 1 -1.48 0.87 -1.66</i>
                <i>1 0 0 0 1 0 0 0 1 -1.48 0.87 -1.66</i>
                <i>1 0 0 0 1 0 0 0 1 -1.48 0.87 -1.66</i>
                <i>1 0 0 0 1 0 0 0 1 -1.48 0.87 -1.66</i>
                <i>1 0 0 0 1 0 0 0 1 -1.48 0.87 -1.66</i>
                <i>1 0 0 0 1 0 0 0 1 -1.48 0.87 -1.66</i>
                <i>1 0 0 0 1 0 0 0 1 -1.48 0.87 -1.66</i>
            </KeyFrames>
        </RefFrame>
        <Bones count="23">
            <i>
                <p>
                    <Name><![CDATA[pelvis]]></Name>
                    <Exclude>0</Exclude>
                    <Additive>0</Additive>
                    <IKPriority>0</IKPriority>
                    <IKRotLimits>-1e+010 -1e+010 -1e+010 1e+010 1e+010 1e+010</IKRotLimits>
                    <IKRotLimitOrder>2</IKRotLimitOrder>
                    <KeyFrames count="120">
                        <i>1 0 0 0 1 0 0 0 1 -1.46071 1.38518 -1.66659</i>
                        <i>1 0 0 0 1 0 0 0 1 -1.46075 1.38509 -1.66666</i>
                        <i>1 0 0 0 1 0 0 0 1 -1.4608 1.38486 -1.66673</i>
                        <i>1 0 0 0 1 0 0 0 1 -1.46086 1.38451 -1.66682</i>
                        <i>1 0 0 0 1 0 0 0 1 -1.46091 1.38406 -1.6669</i>
                        <i>1 0 0 0 1 0 0 0 1 -1.46097 1.38354 -1.66699</i>
                        <i>1 0 0 0 1 0 0 0 1 -1.46103 1.38297 -1.66707</i>
                        <i>1 0 0 0 1 0 0 0 1 -1.46108 1.38237 -1.66715</i>
                        <i>1 0 0 0 1 0 0 0 1 -1.46113 1.38177 -1.66723</i>
                        <i>1 0 0 0 1 0 0 0 1 -1.46118 1.3812 -1.6673</i>
                        <i>1 0 0 0 1 0 0 0 1 -1.46122 1.38068 -1.66737</i>
                        <i>1 0 0 0 1 0 0 0 1 -1.46125 1.38023 -1.66742</i>
                        <i>1 0 0 0 1 0 0 0 1 -1.46128 1.37987 -1.66746</i>
                        <i>1 0 0 0 1 0 0 0 1 -1.4613 1.37964 -1.66748</i>
                        <i>1 0 0 0 1 0 0 0 1 -1.4613 1.37956 -1.66749</i>
                        <i>1 0 0 0 1 0 0 0 1 -1.46114 1.37961 -1.66749</i>
                        <i>1 0 0 0 1 0 0 0 1 -1.46065 1.37976 -1.6675</i>
                        <i>1 0 0 0 1 0 0 0 1 -1.45987 1.38002 -1.66752</i>
                        <i>1 0 0 0 1 0 0 0 1 -1.4588 1.38041 -1.66754</i>
                        <i>1 0 0 0 1 0 0 0 1 -1.45748 1.38094 -1.66756</i>
                        <i>1 0 0 0 1 0 0 0 1 -1.45592 1.38163 -1.6676</i>
                        <i>1 0 0 0 1 0 0 0 1 -1.45414 1.3825 -1.66765</i>
                        <i>1 0 0 0 1 0 0 0 1 -1.45216 1.38354 -1.6677</i>
                        <i>1 0 0 0 1 0 0 0 1 -1.45 1.38479 -1.66777</i>
                        <i>1 0 0 0 1 0 0 0 1 -1.44768 1.38625 -1.66785</i>
                        <i>1 0 0 0 1 0 0 0 1 -1.44523 1.38793 -1.66793</i>
                        <i>1 0 0 0 1 0 0 0 1 -1.44265 1.38986 -1.66804</i>
                        <i>1 0 0 0 1 0 0 0 1 -1.43998 1.39204 -1.66815</i>
                        <i>1 0 0 0 1 0 0 0 1 -1.43723 1.39449 -1.66828</i>
                        <i>1 0 0 0 1 0 0 0 1 -1.43442 1.39722 -1.66843</i>
                        <i>1 0 0 0 1 0 0 0 1 -1.43157 1.40097 -1.66859</i>
                        <i>1 0 0 0 1 0 0 0 1 -1.42869 1.40621 -1.66876</i>
                        <i>1 0 0 0 1 0 0 0 1 -1.42582 1.41253 -1.66893</i>
                        <i>1 0 0 0 1 0 0 0 1 -1.42295 1.41953 -1.66911</i>
                        <i>1 0 0 0 1 0 0 0 1 -1.4201 1.42679 -1.66928</i>
                        <i>1 0 0 0 1 0 0 0 1 -1.4173 1.43392 -1.66943</i>
                        <i>1 0 0 0 1 0 0 0 1 -1.41455 1.44051 -1.66957</i>
                        <i>1 0 0 0 1 0 0 0 1 -1.41187 1.44615 -1.66968</i>
                        <i>1 0 0 0 1 0 0 0 1 -1.40929 1.45044 -1.66976</i>
                        <i>1 0 0 0 1 0 0 0 1 -1.4068 1.45297 -1.66981</i>
                        <i>1 0 0 0 1 0 0 0 1 -1.40444 1.45363 -1.66982</i>
                        <i>1 0 0 0 1 0 0 0 1 -1.40221 1.45279 -1.66978</i>
                        <i>1 0 0 0 1 0 0 0 1 -1.40014 1.45081 -1.66969</i>
                        <i>1 0 0 0 1 0 0 0 1 -1.39823 1.44803 -1.66954</i>
                        <i>1 0 0 0 1 0 0 0 1 -1.3965 1.44481 -1.66933</i>
                        <i>1 0 0 0 1 0 0 0 1 -1.39498 1.44149 -1.66905</i>
                        <i>1 0 0 0 1 0 0 0 1 -1.39367 1.43838 -1.6687</i>
                        <i>1 0 0 0 1 0 0 0 1 -1.3926 1.4358 -1.66829</i>
                        <i>1 0 0 0 1 0 0 0 1 -1.3918 1.43406 -1.66781</i>
                        <i>1 0 0 0 1 0 0 0 1 -1.39127 1.43346 -1.66726</i>
                        <i>1 0 0 0 1 0 0 0 1 -1.3909 1.4336 -1.66671</i>
                        <i>1 0 0 0 1 0 0 0 1 -1.39058 1.43384 -1.66621</i>
                        <i>1 0 0 0 1 0 0 0 1 -1.39029 1.43415 -1.66577</i>
                        <i>1 0 0 0 1 0 0 0 1 -1.39003 1.43451 -1.66538</i>
                        <i>1 0 0 0 1 0 0 0 1 -1.38981 1.43491 -1.66505</i>
                        <i>1 0 0 0 1 0 0 0 1 -1.38963 1.4353 -1.66478</i>
                        <i>1 0 0 0 1 0 0 0 1 -1.38949 1.43568 -1.66456</i>
                        <i>1 0 0 0 1 0 0 0 1 -1.38939 1.43601 -1.6644</i>
                        <i>1 0 0 0 1 0 0 0 1 -1.38932 1.43628 -1.6643</i>
                        <i>1 0 0 0 1 0 0 0 1 -1.38929 1.43645 -1.66425</i>
                        <i>1 0 0 0 1 0 0 0 1 -1.38929 1.43652 -1.66426</i>
                        <i>1 0 0 0 1 0 0 0 1 -1.38933 1.43648 -1.66432</i>
                        <i>1 0 0 0 1 0 0 0 1 -1.3894 1.43636 -1.66442</i>
                        <i>1 0 0 0 1 0 0 0 1 -1.38949 1.43618 -1.66456</i>
                        <i>1 0 0 0 1 0 0 0 1 -1.3896 1.43594 -1.66473</i>
                        <i>1 0 0 0 1 0 0 0 1 -1.38973 1.43566 -1.66492</i>
                        <i>1 0 0 0 1 0 0 0 1 -1.38987 1.43537 -1.66514</i>
                        <i>1 0 0 0 1 0 0 0 1 -1.39002 1.43507 -1.66536</i>
                        <i>1 0 0 0 1 0 0 0 1 -1.39017 1.43479 -1.66559</i>
                        <i>1 0 0 0 1 0 0 0 1 -1.39032 1.43453 -1.66582</i>
                        <i>1 0 0 0 1 0 0 0 1 -1.39047 1.43431 -1.66605</i>
                        <i>1 0 0 0 1 0 0 0 1 -1.39061 1.43416 -1.66626</i>
                        <i>1 0 0 0 1 0 0 0 1 -1.39073 1.43408 -1.66645</i>
                        <i>1 0 0 0 1 0 0 0 1 -1.39084 1.4341 -1.66661</i>
                        <i>1 0 0 0 1 0 0 0 1 -1.39093 1.43422 -1.66674</i>
                        <i>1 0 0 0 1 0 0 0 1 -1.39099 1.43446 -1.66684</i>
                        <i>1 0 0 0 1 0 0 0 1 -1.39103 1.43479 -1.66689</i>
                        <i>1 0 0 0 1 0 0 0 1 -1.39104 1.43521 -1.66691</i>
                        <i>1 0 0 0 1 0 0 0 1 -1.39102 1.43567 -1.66688</i>
                        <i>1 0 0 0 1 0 0 0 1 -1.39098 1.43617 -1.66682</i>
                        <i>1 0 0 0 1 0 0 0 1 -1.39096 1.4357 -1.66678</i>
                        <i>1 0 0 0 1 0 0 0 1 -1.39097 1.43416 -1.6668</i>
                        <i>1 0 0 0 1 0 0 0 1 -1.39099 1.43286 -1.66684</i>
                        <i>1 0 0 0 1 0 0 0 1 -1.39101 1.43309 -1.66686</i>
                        <i>1 0 0 0 1 0 0 0 1 -1.39098 1.43617 -1.66682</i>
                        <i>1 0 0 0 1 0 0 0 1 -1.39093 1.44436 -1.66675</i>
                        <i>1 0 0 0 1 0 0 0 1 -1.39089 1.45677 -1.66668</i>
                        <i>1 0 0 0 1 0 0 0 1 -1.39086 1.46992 -1.66663</i>
                        <i>1 0 0 0 1 0 0 0 1 -1.39083 1.48036 -1.6666</i>
                        <i>1 0 0 0 1 0 0 0 1 -1.39083 1.48461 -1.66659</i>
                        <i>1 0 0 0 1 0 0 0 1 -1.39083 1.48103 -1.6666</i>
                        <i>1 0 0 0 1 0 0 0 1 -1.39086 1.47194 -1.66663</i>
                        <i>1 0 0 0 1 0 0 0 1 -1.39089 1.4598 -1.66668</i>
                        <i>1 0 0 0 1 0 0 0 1 -1.39093 1.44705 -1.66675</i>
                        <i>1 0 0 0 1 0 0 0 1 -1.39098 1.43617 -1.66682</i>
                        <i>1 0 0 0 1 0 0 0 1 -1.3921 1.42665 -1.66706</i>
                        <i>1 0 0 0 1 0 0 0 1 -1.3951 1.41657 -1.66757</i>
                        <i>1 0 0 0 1 0 0 0 1 -1.39963 1.4062 -1.66828</i>
                        <i>1 0 0 0 1 0 0 0 1 -1.40534 1.39584 -1.66912</i>
                        <i>1 0 0 0 1 0 0 0 1 -1.41186 1.38575 -1.67002</i>
                        <i>1 0 0 0 1 0 0 0 1 -1.41885 1.37623 -1.67091</i>
                        <i>1 0 0 0 1 0 0 0 1 -1.42593 1.36756 -1.67173</i>
                        <i>1 0 0 0 1 0 0 0 1 -1.43277 1.36001 -1.67239</i>
                        <i>1 0 0 0 1 0 0 0 1 -1.439 1.35388 -1.67285</i>
                        <i>1 0 0 0 1 0 0 0 1 -1.44426 1.34944 -1.67301</i>
                        <i>1 0 0 0 1 0 0 0 1 -1.449 1.35041 -1.67243</i>
                        <i>1 0 0 0 1 0 0 0 1 -1.45358 1.3578 -1.67103</i>
                        <i>1 0 0 0 1 0 0 0 1 -1.45748 1.36787 -1.66934</i>
                        <i>1 0 0 0 1 0 0 0 1 -1.46017 1.37686 -1.66791</i>
                        <i>1 0 0 0 1 0 0 0 1 -1.46115 1.38102 -1.66726</i>
                        <i>1 0 0 0 1 0 0 0 1 -1.46109 1.38154 -1.66717</i>
                        <i>1 0 0 0 1 0 0 0 1 -1.46104 1.38209 -1.66709</i>
                        <i>1 0 0 0 1 0 0 0 1 -1.46098 1.38265 -1.667</i>
                        <i>1 0 0 0 1 0 0 0 1 -1.46092 1.3832 -1.66691</i>
                        <i>1 0 0 0 1 0 0 0 1 -1.46086 1.38372 -1.66682</i>
                        <i>1 0 0 0 1 0 0 0 1 -1.46081 1.38419 -1.66675</i>
                        <i>1 0 0 0 1 0 0 0 1 -1.46077 1.38459 -1.66668</i>
                        <i>1 0 0 0 1 0 0 0 1 -1.46074 1.3849 -1.66663</i>
                        <i>1 0 0 0 1 0 0 0 1 -1.46072 1.38511 -1.6666</i>
                        <i>1 0 0 0 1 0 0 0 1 -1.46071 1.38518 -1.66659</i>
                    </KeyFrames>
                </p>
            </i>
            <i>
                <p>
                    <Name><![CDATA[spine0]]></Name>
                    <Exclude>0</Exclude>
                    <Additive>0</Additive>
                    <IKPriority>0</IKPriority>
                    <IKRotLimits>-1e+010 -1e+010 -1e+010 1e+010 1e+010 1e+010</IKRotLimits>
                    <IKRotLimitOrder>0</IKRotLimitOrder>
                    <KeyFrames count="120">
                        <i>0.178235 0.948798 0.260795 -0.773921 -0.0285092 0.63264 0.607683 -0.314593 0.729214 -1.47354 1.52438 -1.70055</i>
                        <i>0.174141 0.950815 0.256175 -0.773929 -0.0287005 0.632622 0.608859 -0.308426 0.730865 -1.47359 1.5243 -1.70062</i>
                        <i>0.170082 0.952786 0.251538 -0.773935 -0.0288548 0.632608 0.609998 -0.302269 0.732486 -1.47364 1.52407 -1.70069</i>
                        <i>0.166581 0.95448 0.247425 -0.773937 -0.0289146 0.632602 0.61096 -0.296871 0.733891 -1.47369 1.52372 -1.70078</i>
                        <i>0.164149 0.95569 0.24436 -0.773933 -0.0288209 0.632611 0.611622 -0.292961 0.734909 -1.47375 1.52327 -1.70086</i>
                        <i>0.163299 0.956216 0.242865 -0.773921 -0.0285143 0.63264 0.611866 -0.291268 0.73538 -1.4738 1.52274 -1.70095</i>
                        <i>0.163932 0.956109 0.242861 -0.773901 -0.0280168 0.632687 0.611722 -0.291668 0.735341 -1.47386 1.52217 -1.70103</i>
                        <i>0.165478 0.955606 0.243791 -0.773876 -0.027415 0.632743 0.611337 -0.29337 0.734984 -1.47391 1.52157 -1.70111</i>
                        <i>0.167746 0.954775 0.245489 -0.773848 -0.0267466 0.632806 0.610754 -0.296122 0.734365 -1.47396 1.52098 -1.70119</i>
                        <i>0.17054 0.953689 0.247776 -0.773819 -0.0260497 0.632871 0.610017 -0.299664 0.73354 -1.47401 1.5204 -1.70126</i>
                        <i>0.173651 0.952426 0.25046 -0.77379 -0.0253627 0.632935 0.609176 -0.303713 0.732573 -1.47405 1.51988 -1.70133</i>
                        <i>0.176856 0.951075 0.253334 -0.773762 -0.0247241 0.632994 0.608288 -0.307969 0.731533 -1.47409 1.51943 -1.70138</i>
                        <i>0.179889 0.949755 0.256137 -0.773738 -0.0241734 0.633044 0.607429 -0.31206 0.730513 -1.47411 1.51908 -1.70142</i>
                        <i>0.182463 0.9486 0.258585 -0.773719 -0.023751 0.633083 0.606684 -0.315586 0.729616 -1.47413 1.51885 -1.70144</i>
                        <i>0.184315 0.947739 0.26042 -0.773708 -0.0234953 0.633106 0.606138 -0.31818 0.728943 -1.47414 1.51877 -1.70145</i>
                        <i>0.185871 0.947262 0.261049 -0.773667 -0.0226866 0.633187 0.605716 -0.319656 0.728648 -1.47396 1.51882 -1.70142</i>
                        <i>0.187667 0.947154 0.260154 -0.773558 -0.0207007 0.633387 0.6053 -0.32011 0.728794 -1.47344 1.519 -1.70132</i>
                        <i>0.189594 0.947386 0.257904 -0.773385 -0.0177343 0.633688 0.604921 -0.319603 0.729332 -1.4726 1.51931 -1.70117</i>
                        <i>0.191539 0.947922 0.254475 -0.773146 -0.0139975 0.634073 0.604614 -0.318196 0.730201 -1.47147 1.51976 -1.70096</i>
                        <i>0.193382 0.948725 0.25005 -0.772843 -0.0097062 0.634524 0.604415 -0.315955 0.731338 -1.47006 1.52037 -1.70071</i>
                        <i>0.195009 0.949757 0.244812 -0.772477 -0.00507628 0.635023 0.60436 -0.312947 0.732675 -1.46839 1.52115 -1.70041</i>
                        <i>0.196309 0.950982 0.238947 -0.772055 -0.000317811 0.635556 0.604478 -0.309246 0.734148 -1.46649 1.52211 -1.70008</i>
                        <i>0.19718 0.952366 0.232634 -0.771587 0.00436908 0.636109 0.604792 -0.304925 0.735695 -1.46438 1.52327 -1.69971</i>
                        <i>0.197529 0.953878 0.226051 -0.771087 0.00879783 0.63667 0.605316 -0.300066 0.73726 -1.46208 1.52463 -1.69931</i>
                        <i>0.197277 0.955489 0.219368 -0.77057 0.012798 0.637227 0.606056 -0.294748 0.738796 -1.45961 1.52621 -1.69889</i>
                        <i>0.196355 0.957175 0.212745 -0.770057 0.0162169 0.637769 0.607007 -0.289055 0.740263 -1.45699 1.52803 -1.69844</i>
                        <i>0.194711 0.958913 0.206334 -0.769567 0.018921 0.638285 0.608156 -0.283069 0.741632 -1.45424 1.53009 -1.69799</i>
                        <i>0.192304 0.960682 0.200273 -0.769123 0.0207963 0.638762 0.609482 -0.276871 0.742882 -1.45139 1.53241 -1.69752</i>
                        <i>0.189104 0.962464 0.194686 -0.768745 0.0217481 0.639186 0.61096 -0.270537 0.744002 -1.44845 1.535 -1.69705</i>
                        <i>0.185096 0.96424 0.189685 -0.76845 0.0217011 0.639542 0.612556 -0.26414 0.744987 -1.44545 1.53787 -1.69658</i>
                        <i>0.180741 0.96597 0.185024 -0.768193 0.0211729 0.639869 0.614177 -0.257784 0.745878 -1.44241 1.54176 -1.69611</i>
                        <i>0.176666 0.967569 0.180551 -0.767914 0.0207456 0.640217 0.615709 -0.251752 0.746675 -1.43934 1.54714 -1.69564</i>
                        <i>0.173111 0.968959 0.176497 -0.767611 0.0204547 0.64059 0.617095 -0.246374 0.747324 -1.43627 1.55359 -1.69518</i>
                        <i>0.170308 0.970071 0.173085 -0.76728 0.0203369 0.64099 0.618286 -0.24197 0.747779 -1.43321 1.56072 -1.69472</i>
                        <i>0.168491 0.97084 0.170532 -0.766917 0.0204317 0.641421 0.619233 -0.238858 0.747996 -1.43017 1.56811 -1.69425</i>
                        <i>0.167898 0.971201 0.169055 -0.766518 0.0207818 0.641886 0.619887 -0.237355 0.747932 -1.42717 1.57536 -1.69379</i>
                        <i>0.168635 0.971126 0.168752 -0.766083 0.0214028 0.642386 0.620225 -0.237607 0.747572 -1.42424 1.58206 -1.69332</i>
                        <i>0.170375 0.970718 0.169351 -0.76562 0.0222161 0.642909 0.620321 -0.239194 0.746986 -1.42139 1.58781 -1.69284</i>
                        <i>0.172891 0.970043 0.170664 -0.76514 0.0231663 0.643447 0.620217 -0.241828 0.746224 -1.41863 1.59221 -1.69236</i>
                        <i>0.17595 0.969167 0.172501 -0.764653 0.0241982 0.643987 0.619957 -0.245213 0.745335 -1.41598 1.59484 -1.69187</i>
                        <i>0.179312 0.968163 0.174662 -0.76417 0.0252557 0.64452 0.619589 -0.249042 0.74437 -1.41346 1.59558 -1.69137</i>
                        <i>0.182729 0.96711 0.176943 -0.763704 0.0262814 0.645032 0.619166 -0.252999 0.743388 -1.41109 1.59483 -1.69085</i>
                        <i>0.185921 0.966102 0.179112 -0.763268 0.0272116 0.645509 0.618753 -0.256723 0.742454 -1.40888 1.59292 -1.69033</i>
                        <i>0.188588 0.965247 0.180921 -0.762879 0.0279786 0.645936 0.618426 -0.259837 0.741643 -1.40686 1.5902 -1.68979</i>
                        <i>0.190454 0.96465 0.182148 -0.762552 0.0285176 0.646298 0.618257 -0.261988 0.741027 -1.40503 1.58703 -1.68924</i>
                        <i>0.191814 0.964205 0.183074 -0.762286 0.0288758 0.646596 0.618165 -0.263581 0.740539 -1.40342 1.58376 -1.68867</i>
                        <i>0.193118 0.96375 0.184099 -0.762073 0.0291447 0.646835 0.618021 -0.265212 0.740076 -1.40204 1.58069 -1.68809</i>
                        <i>0.194321 0.963302 0.185172 -0.761917 0.0293247 0.64701 0.617836 -0.266814 0.739655 -1.40092 1.57813 -1.68751</i>
                        <i>0.195382 0.96288 0.186248 -0.761824 0.0294145 0.647116 0.617616 -0.268323 0.739292 -1.40008 1.5764 -1.68692</i>
                        <i>0.196259 0.9625 0.187286 -0.761797 0.0294107 0.647147 0.617371 -0.269682 0.739002 -1.39954 1.57581 -1.68633</i>
                        <i>0.196194 0.962022 0.189794 -0.762048 0.0277817 0.646925 0.617083 -0.271555 0.738557 -1.39918 1.57595 -1.68578</i>
                        <i>0.194724 0.961407 0.194369 -0.762652 0.0237898 0.646372 0.616802 -0.2741 0.737851 -1.39885 1.57619 -1.68528</i>
                        <i>0.192353 0.960832 0.199506 -0.763394 0.0187632 0.645661 0.616628 -0.276496 0.737102 -1.39856 1.5765 -1.68484</i>
                        <i>0.189838 0.960491 0.203516 -0.764031 0.0143365 0.64502 0.616618 -0.277942 0.736567 -1.3983 1.57686 -1.68446</i>
                        <i>0.18814 0.96059 0.204624 -0.764311 0.0123579 0.644729 0.616792 -0.277696 0.736514 -1.39809 1.57726 -1.68413</i>
                        <i>0.186954 0.961079 0.203408 -0.764329 0.012231 0.644711 0.61713 -0.276002 0.736867 -1.39791 1.57765 -1.68386</i>
                        <i>0.185313 0.961787 0.201558 -0.764338 0.0121622 0.644701 0.617613 -0.273529 0.737384 -1.39776 1.57803 -1.68364</i>
                        <i>0.183182 0.962724 0.199016 -0.764339 0.0121607 0.6447 0.618248 -0.270214 0.738074 -1.39766 1.57836 -1.68348</i>
                        <i>0.180528 0.963898 0.195728 -0.764328 0.0122357 0.644711 0.619042 -0.265989 0.738944 -1.39759 1.57863 -1.68337</i>
                        <i>0.177312 0.965317 0.191636 -0.764306 0.0123959 0.644735 0.619998 -0.260788 0.739995 -1.39756 1.5788 -1.68333</i>
                        <i>0.173844 0.966822 0.18717 -0.764277 0.0126018 0.644765 0.621015 -0.255138 0.741111 -1.39756 1.57887 -1.68334</i>
                        <i>0.170589 0.968206 0.182965 -0.764248 0.0128047 0.644795 0.621952 -0.249826 0.742134 -1.3976 1.57883 -1.68339</i>
                        <i>0.167746 0.969395 0.179262 -0.76422 0.0130001 0.644824 0.622759 -0.245162 0.743012 -1.39767 1.57871 -1.6835</i>
                        <i>0.165508 0.970322 0.1763 -0.764194 0.0131842 0.644851 0.623389 -0.241455 0.743697 -1.39776 1.57853 -1.68363</i>
                        <i>0.16407 0.970925 0.174315 -0.764171 0.0133538 0.644876 0.623798 -0.239011 0.744143 -1.39787 1.57829 -1.6838</i>
                        <i>0.16363 0.971136 0.173552 -0.764149 0.0135046 0.644898 0.62394 -0.238144 0.744303 -1.398 1.57801 -1.684</i>
                        <i>0.164279 0.970924 0.174122 -0.764131 0.013633 0.644917 0.623792 -0.238998 0.744153 -1.39814 1.57772 -1.68421</i>
                        <i>0.165751 0.970388 0.175708 -0.764116 0.0137398 0.644933 0.623421 -0.24116 0.743766 -1.39829 1.57742 -1.68444</i>
                        <i>0.167863 0.96959 0.178094 -0.764104 0.0138239 0.644945 0.62287 -0.244345 0.743188 -1.39844 1.57714 -1.68467</i>
                        <i>0.170424 0.968594 0.181054 -0.764095 0.0138845 0.644954 0.622185 -0.248258 0.742465 -1.39859 1.57688 -1.6849</i>
                        <i>0.173238 0.967472 0.184354 -0.76409 0.0139218 0.644959 0.621414 -0.252594 0.741648 -1.39874 1.57667 -1.68512</i>
                        <i>0.1761 0.966303 0.187745 -0.764088 0.0139378 0.644962 0.620611 -0.257031 0.740794 -1.39888 1.57651 -1.68533</i>
                        <i>0.178777 0.965183 0.190944 -0.764088 0.0139346 0.644961 0.619845 -0.261202 0.739977 -1.39901 1.57643 -1.68552</i>
                        <i>0.181019 0.964226 0.193651 -0.764091 0.0139157 0.644958 0.619191 -0.264717 0.739275 -1.39911 1.57645 -1.68569</i>
                        <i>0.182597 0.963538 0.195583 -0.764095 0.0138858 0.644954 0.618722 -0.267211 0.73877 -1.3992 1.57657 -1.68582</i>
                        <i>0.183746 0.963019 0.197059 -0.764105 0.0138195 0.644944 0.61837 -0.26908 0.738386 -1.39926 1.57681 -1.68591</i>
                        <i>0.184827 0.962506 0.198546 -0.764122 0.0136964 0.644926 0.618026 -0.270913 0.738004 -1.3993 1.57714 -1.68597</i>
                        <i>0.185805 0.962021 0.199979 -0.764146 0.0135286 0.644902 0.617704 -0.272639 0.737638 -1.39931 1.57756 -1.68598</i>
                        <i>0.186644 0.961584 0.201299 -0.764174 0.0133285 0.644872 0.617416 -0.274189 0.737305 -1.39929 1.57802 -1.68596</i>
                        <i>0.18731 0.961214 0.202443 -0.764205 0.0131081 0.64484 0.617175 -0.275493 0.73702 -1.39925 1.57852 -1.6859</i>
                        <i>0.188713 0.961131 0.201532 -0.763974 0.0147408 0.645079 0.617035 -0.2757 0.73706 -1.39923 1.57805 -1.68586</i>
                        <i>0.191099 0.961426 0.19784 -0.763379 0.0188679 0.645676 0.617037 -0.274415 0.737538 -1.39924 1.57651 -1.68588</i>
                        <i>0.193419 0.961933 0.193066 -0.762676 0.0236269 0.646349 0.617183 -0.272263 0.738213 -1.39927 1.57521 -1.68592</i>
                        <i>0.1948 0.962494 0.188834 -0.762116 0.0273353 0.646864 0.61744 -0.269923 0.738857 -1.39928 1.57544 -1.68594</i>
                        <i>0.194591 0.96297 0.186607 -0.761925 0.0285809 0.647034 0.617741 -0.268088 0.739273 -1.39925 1.57852 -1.6859</i>
                        <i>0.192611 0.963535 0.185743 -0.76207 0.0276326 0.646904 0.618183 -0.26615 0.739604 -1.3992 1.58671 -1.68582</i>
                        <i>0.189391 0.964331 0.184924 -0.762361 0.0257221 0.646641 0.618819 -0.263447 0.74004 -1.39916 1.59912 -1.68576</i>
                        <i>0.185467 0.965176 0.184494 -0.762764 0.0230375 0.646267 0.61951 -0.260587 0.740474 -1.39913 1.61227 -1.68571</i>
                        <i>0.181391 0.965889 0.184814 -0.763247 0.0197667 0.645804 0.620122 -0.258202 0.740798 -1.39911 1.62271 -1.68568</i>
                        <i>0.177712 0.966295 0.186258 -0.763781 0.0160879 0.645275 0.62053 -0.256934 0.740897 -1.3991 1.62696 -1.68566</i>
                        <i>0.176263 0.965748 0.190428 -0.76431 0.0123678 0.644731 0.620292 -0.259188 0.74031 -1.39911 1.62338 -1.68568</i>
                        <i>0.177559 0.964025 0.197809 -0.764821 0.00868857 0.644184 0.619291 -0.265669 0.73885 -1.39913 1.61429 -1.68571</i>
                        <i>0.180182 0.96159 0.207073 -0.765349 0.0048155 0.643598 0.61788 -0.274448 0.736819 -1.39916 1.60215 -1.68576</i>
                        <i>0.182732 0.958949 0.216852 -0.765914 0.000556585 0.642942 0.616428 -0.283577 0.734575 -1.3992 1.5894 -1.68582</i>
                        <i>0.183845 0.956683 0.22574 -0.766533 -0.00422765 0.642191 0.615328 -0.291101 0.732552 -1.39925 1.57852 -1.6859</i>
                        <i>0.184032 0.954858 0.233193 -0.767212 -0.00875806 0.641334 0.614425 -0.296934 0.730966 -1.40043 1.56897 -1.68633</i>
                        <i>0.184755 0.953075 0.239821 -0.767935 -0.0122808 0.64041 0.613304 -0.302486 0.729631 -1.40359 1.55881 -1.68738</i>
                        <i>0.185785 0.951396 0.245622 -0.768682 -0.0149835 0.639456 0.612056 -0.307607 0.728537 -1.40838 1.54831 -1.68892</i>
                        <i>0.187 0.949841 0.250665 -0.769428 -0.0170221 0.638506 0.610747 -0.312269 0.727651 -1.41441 1.53776 -1.69083</i>
                        <i>0.188279 0.948433 0.255 -0.770152 -0.0185382 0.637591 0.609439 -0.316434 0.726948 -1.42132 1.52745 -1.69299</i>
                        <i>0.189501 0.947199 0.258655 -0.770835 -0.0196577 0.636732 0.608197 -0.320042 0.726409 -1.42872 1.51767 -1.69527</i>
                        <i>0.190542 0.946173 0.261629 -0.771459 -0.0204907 0.635949 0.607079 -0.323011 0.726029 -1.43626 1.5087 -1.69755</i>
                        <i>0.191246 0.94541 0.263867 -0.772012 -0.0211329 0.635256 0.606154 -0.325199 0.725826 -1.44355 1.50084 -1.6997</i>
                        <i>0.191443 0.944975 0.265277 -0.772488 -0.0216654 0.63466 0.605485 -0.326425 0.725834 -1.45022 1.49439 -1.70161</i>
                        <i>0.190983 0.94493 0.26577 -0.772882 -0.0221541 0.634163 0.605127 -0.326523 0.726088 -1.45591 1.48962 -1.70315</i>
                        <i>0.190249 0.945059 0.265837 -0.773196 -0.0226215 0.633764 0.604958 -0.326117 0.726411 -1.46104 1.49029 -1.70381</i>
                        <i>0.189763 0.945083 0.266096 -0.773431 -0.0230594 0.633461 0.60481 -0.326015 0.726581 -1.46594 1.49741 -1.70346</i>
                        <i>0.189579 0.944971 0.266627 -0.773595 -0.0234751 0.633245 0.604657 -0.326311 0.726574 -1.47009 1.50726 -1.70259</i>
                        <i>0.189747 0.944689 0.267506 -0.773697 -0.0238739 0.633106 0.604474 -0.327098 0.726373 -1.47295 1.51611 -1.70168</i>
                        <i>0.190316 0.944204 0.268809 -0.773742 -0.0242639 0.633036 0.604238 -0.328466 0.725953 -1.47398 1.52022 -1.70122</i>
                        <i>0.190972 0.943664 0.270237 -0.77376 -0.0246831 0.632998 0.604007 -0.329984 0.725456 -1.47393 1.52075 -1.70113</i>
                        <i>0.191335 0.943262 0.271382 -0.77378 -0.0251481 0.632955 0.603867 -0.331096 0.725066 -1.47387 1.5213 -1.70105</i>
                        <i>0.191358 0.943032 0.272162 -0.773802 -0.0256412 0.632909 0.603832 -0.331712 0.724813 -1.47381 1.52186 -1.70096</i>
                        <i>0.190997 0.943009 0.272497 -0.773823 -0.0261453 0.632862 0.603919 -0.331739 0.724728 -1.47375 1.52241 -1.70087</i>
                        <i>0.190206 0.943223 0.272308 -0.773844 -0.0266438 0.632816 0.604142 -0.331089 0.72484 -1.4737 1.52293 -1.70078</i>
                        <i>0.188941 0.943705 0.271518 -0.773864 -0.0271208 0.632771 0.604513 -0.329674 0.725175 -1.47365 1.5234 -1.70071</i>
                        <i>0.187157 0.944482 0.270049 -0.773882 -0.0275607 0.63273 0.605045 -0.327405 0.72576 -1.4736 1.5238 -1.70064</i>
                        <i>0.184808 0.945577 0.267823 -0.773898 -0.0279486 0.632693 0.605746 -0.324195 0.726615 -1.47357 1.52411 -1.70059</i>
                        <i>0.181849 0.947011 0.264765 -0.773911 -0.0282696 0.632663 0.606624 -0.319954 0.727762 -1.47355 1.52431 -1.70056</i>
                        <i>0.178235 0.948798 0.260795 -0.773921 -0.0285092 0.63264 0.607683 -0.314593 0.729214 -1.47354 1.52438 -1.70055</i>
                    </KeyFrames>
                </p>
            </i>
            <i>
                <p>
                    <Name><![CDATA[spine1]]></Name>
                    <Exclude>0</Exclude>
                    <Additive>0</Additive>
                    <IKPriority>0</IKPriority>
                    <IKRotLimits>-1e+010 -1e+010 -1e+010 1e+010 1e+010 1e+010</IKRotLimits>
                    <IKRotLimitOrder>0</IKRotLimitOrder>
                    <KeyFrames count="120">
                        <i>0.289651 0.713336 0.638165 -0.775337 -0.216073 0.593435 0.561208 -0.666682 0.49049 -1.44087 1.69854 -1.65274</i>
                        <i>0.288441 0.714948 0.636907 -0.775471 -0.215748 0.593378 0.561646 -0.665058 0.492191 -1.44169 1.69874 -1.65368</i>
                        <i>0.287018 0.716821 0.635444 -0.775582 -0.215439 0.593345 0.562221 -0.66314 0.494118 -1.4425 1.69875 -1.65464</i>
                        <i>0.285583 0.718673 0.633996 -0.775657 -0.215198 0.593334 0.562849 -0.66121 0.495987 -1.44323 1.69853 -1.65552</i>
                        <i>0.284347 0.720214 0.632802 -0.775683 -0.215082 0.593342 0.563437 -0.65957 0.4975 -1.44378 1.69802 -1.65623</i>
                        <i>0.283528 0.721147 0.632106 -0.775649 -0.215145 0.593364 0.563897 -0.658528 0.498358 -1.44405 1.69719 -1.65669</i>
                        <i>0.283142 0.721464 0.631918 -0.775562 -0.215372 0.593396 0.564211 -0.658107 0.498559 -1.44408 1.6961 -1.6569</i>
                        <i>0.283047 0.72138 0.632057 -0.775444 -0.215693 0.593434 0.564421 -0.658094 0.498338 -1.44395 1.69485 -1.65696</i>
                        <i>0.283215 0.720945 0.632478 -0.775304 -0.21608 0.593475 0.564529 -0.658444 0.497754 -1.44368 1.69354 -1.65687</i>
                        <i>0.283619 0.720208 0.633136 -0.775154 -0.216505 0.593517 0.564533 -0.65911 0.496866 -1.44332 1.69221 -1.65667</i>
                        <i>0.284235 0.719213 0.63399 -0.775003 -0.216938 0.593556 0.56443 -0.660053 0.495731 -1.4429 1.69093 -1.65638</i>
                        <i>0.285042 0.718 0.635002 -0.774864 -0.217353 0.593585 0.564213 -0.661237 0.494398 -1.44244 1.68978 -1.65604</i>
                        <i>0.285927 0.716717 0.636053 -0.774746 -0.21772 0.593605 0.563928 -0.662507 0.493021 -1.44199 1.68882 -1.65568</i>
                        <i>0.286743 0.71556 0.636987 -0.774652 -0.218013 0.59362 0.563642 -0.66366 0.491796 -1.4416 1.68811 -1.65534</i>
                        <i>0.287421 0.714628 0.637727 -0.774595 -0.218205 0.593624 0.563376 -0.6646 0.490831 -1.4413 1.68774 -1.65506</i>
                        <i>0.288353 0.715494 0.636333 -0.774179 -0.216862 0.594657 0.563471 -0.664108 0.491388 -1.44086 1.68767 -1.65492</i>
                        <i>0.289884 0.719382 0.631235 -0.773067 -0.21282 0.597557 0.564211 -0.661209 0.494438 -1.44002 1.68783 -1.65498</i>
                        <i>0.291845 0.725833 0.622891 -0.77134 -0.206476 0.601998 0.565562 -0.656151 0.499605 -1.43882 1.68824 -1.65522</i>
                        <i>0.294048 0.734365 0.611755 -0.769069 -0.198246 0.607644 0.56751 -0.649158 0.506483 -1.43733 1.68888 -1.6556</i>
                        <i>0.296298 0.744492 0.59828 -0.766325 -0.188556 0.61416 0.570046 -0.640451 0.514655 -1.43556 1.68976 -1.6561</i>
                        <i>0.298406 0.755742 0.582931 -0.763187 -0.177829 0.621227 0.573149 -0.630263 0.523707 -1.43357 1.69087 -1.6567</i>
                        <i>0.300199 0.767668 0.566186 -0.759743 -0.16648 0.628549 0.576776 -0.618846 0.533253 -1.43141 1.69222 -1.65737</i>
                        <i>0.301534 0.77986 0.548539 -0.756099 -0.154906 0.635861 0.580855 -0.606483 0.542942 -1.42911 1.6938 -1.65809</i>
                        <i>0.302298 0.791954 0.530494 -0.752371 -0.143478 0.642925 0.585281 -0.593483 0.55247 -1.42671 1.6956 -1.65883</i>
                        <i>0.302416 0.803631 0.512565 -0.748693 -0.132536 0.649532 0.589917 -0.580183 0.561592 -1.42425 1.69762 -1.65957</i>
                        <i>0.301853 0.814615 0.495264 -0.745212 -0.12239 0.655499 0.594595 -0.566942 0.570118 -1.42177 1.69985 -1.66029</i>
                        <i>0.30061 0.824677 0.479105 -0.742084 -0.113314 0.660659 0.59912 -0.554137 0.577917 -1.41931 1.70228 -1.66097</i>
                        <i>0.29872 0.833621 0.464589 -0.739475 -0.105552 0.664858 0.603278 -0.542158 0.584911 -1.41689 1.70492 -1.6616</i>
                        <i>0.29624 0.841277 0.45221 -0.737556 -0.0993213 0.667942 0.606839 -0.531401 0.591066 -1.41454 1.70775 -1.66214</i>
                        <i>0.293242 0.847494 0.442452 -0.736504 -0.0948211 0.669755 0.609567 -0.522267 0.596377 -1.4123 1.71076 -1.6626</i>
                        <i>0.290037 0.852931 0.434035 -0.735877 -0.0911952 0.670946 0.611853 -0.513996 0.601202 -1.41008 1.71473 -1.66301</i>
                        <i>0.286956 0.85827 0.425474 -0.735121 -0.0874835 0.672267 0.614209 -0.505686 0.605829 -1.40779 1.72013 -1.6634</i>
                        <i>0.284109 0.863392 0.416936 -0.734251 -0.0837174 0.673696 0.616569 -0.497539 0.610162 -1.4054 1.72654 -1.66371</i>
                        <i>0.281614 0.868182 0.4086 -0.733281 -0.0799252 0.675212 0.618865 -0.489767 0.614113 -1.40289 1.73353 -1.66392</i>
                        <i>0.279597 0.87253 0.400646 -0.732225 -0.0761315 0.676794 0.621025 -0.482593 0.617602 -1.40024 1.74068 -1.66397</i>
                        <i>0.278191 0.876332 0.393259 -0.731104 -0.0723559 0.678419 0.622975 -0.476242 0.620561 -1.39742 1.74758 -1.66384</i>
