<?xml version="1.0" encoding="ISO-8859-1" ?>
<Animl Version="1">
    <ModellingPackage><![CDATA[Maya.2010]]></ModellingPackage>
    <SrcFile><![CDATA[anims\turrets\antitank\blue\~src\antitank_m72_law\antitank_m72law_fire_crewman_c.mb]]></SrcFile>
    <FramesPerSecond>30</FramesPerSecond>
    <TotalFrames>40</TotalFrames>
    <Skeleton>
        <RefFrame>
            <Name><![CDATA[soldier_ref_frame]]></Name>
            <Exclude>0</Exclude>
            <Additive>0</Additive>
            <IKPriority>0</IKPriority>
            <IKRotLimits>-1e+010 -1e+010 -1e+010 1e+010 1e+010 1e+010</IKRotLimits>
            <IKRotLimitOrder>0</IKRotLimitOrder>
            <KeyFrames count="40">
                <i>1 0 0 0 1 0 0 0 1 -1.87 0.87 -1.65</i>
                <i>1 0 0 0 1 0 0 0 1 -1.87 0.87 -1.65</i>
                <i>1 0 0 0 1 0 0 0 1 -1.87 0.87 -1.65</i>
                <i>1 0 0 0 1 0 0 0 1 -1.87 0.87 -1.65</i>
                <i>1 0 0 0 1 0 0 0 1 -1.87 0.87 -1.65</i>
                <i>1 0 0 0 1 0 0 0 1 -1.87 0.87 -1.65</i>
                <i>1 0 0 0 1 0 0 0 1 -1.87 0.87 -1.65</i>
                <i>1 0 0 0 1 0 0 0 1 -1.87 0.87 -1.65</i>
                <i>1 0 0 0 1 0 0 0 1 -1.87 0.87 -1.65</i>
                <i>1 0 0 0 1 0 0 0 1 -1.87 0.87 -1.65</i>
                <i>1 0 0 0 1 0 0 0 1 -1.87 0.87 -1.65</i>
                <i>1 0 0 0 1 0 0 0 1 -1.87 0.87 -1.65</i>
                <i>1 0 0 0 1 0 0 0 1 -1.87 0.87 -1.65</i>
                <i>1 0 0 0 1 0 0 0 1 -1.87 0.87 -1.65</i>
                <i>1 0 0 0 1 0 0 0 1 -1.87 0.87 -1.65</i>
                <i>1 0 0 0 1 0 0 0 1 -1.87 0.87 -1.65</i>
                <i>1 0 0 0 1 0 0 0 1 -1.87 0.87 -1.65</i>
                <i>1 0 0 0 1 0 0 0 1 -1.87 0.87 -1.65</i>
                <i>1 0 0 0 1 0 0 0 1 -1.87 0.87 -1.65</i>
                <i>1 0 0 0 1 0 0 0 1 -1.87 0.87 -1.65</i>
                <i>1 0 0 0 1 0 0 0 1 -1.87 0.87 -1.65</i>
                <i>1 0 0 0 1 0 0 0 1 -1.87 0.87 -1.65</i>
                <i>1 0 0 0 1 0 0 0 1 -1.87 0.87 -1.65</i>
                <i>1 0 0 0 1 0 0 0 1 -1.87 0.87 -1.65</i>
                <i>1 0 0 0 1 0 0 0 1 -1.87 0.87 -1.65</i>
                <i>1 0 0 0 1 0 0 0 1 -1.87 0.87 -1.65</i>
                <i>1 0 0 0 1 0 0 0 1 -1.87 0.87 -1.65</i>
                <i>1 0 0 0 1 0 0 0 1 -1.87 0.87 -1.65</i>
                <i>1 0 0 0 1 0 0 0 1 -1.87 0.87 -1.65</i>
                <i>1 0 0 0 1 0 0 0 1 -1.87 0.87 -1.65</i>
                <i>1 0 0 0 1 0 0 0 1 -1.87 0.87 -1.65</i>
                <i>1 0 0 0 1 0 0 0 1 -1.87 0.87 -1.65</i>
                <i>1 0 0 0 1 0 0 0 1 -1.87 0.87 -1.65</i>
                <i>1 0 0 0 1 0 0 0 1 -1.87 0.87 -1.65</i>
                <i>1 0 0 0 1 0 0 0 1 -1.87 0.87 -1.65</i>
                <i>1 0 0 0 1 0 0 0 1 -1.87 0.87 -1.65</i>
                <i>1 0 0 0 1 0 0 0 1 -1.87 0.87 -1.65</i>
                <i>1 0 0 0 1 0 0 0 1 -1.87 0.87 -1.65</i>
                <i>1 0 0 0 1 0 0 0 1 -1.87 0.87 -1.65</i>
                <i>1 0 0 0 1 0 0 0 1 -1.87 0.87 -1.65</i>
            </KeyFrames>
        </RefFrame>
        <Bones count="23">
            <i>
                <p>
                    <Name><![CDATA[pelvis]]></Name>
                    <Exclude>0</Exclude>
                    <Additive>0</Additive>
                    <IKPriority>0</IKPriority>
                    <IKRotLimits>-1e+010 -1e+010 -1e+010 1e+010 1e+010 1e+010</IKRotLimits>
                    <IKRotLimitOrder>2</IKRotLimitOrder>
                    <KeyFrames count="40">
                        <i>1 0 0 0 1 0 0 0 1 -1.70228 1.44625 -1.65655</i>
                        <i>1 0 0 0 1 0 0 0 1 -1.70228 1.41962 -1.65655</i>
                        <i>1 0 0 0 1 0 0 0 1 -1.70228 1.4 -1.65655</i>
                        <i>1 0 0 0 1 0 0 0 1 -1.70228 1.39549 -1.65655</i>
                        <i>1 0 0 0 1 0 0 0 1 -1.70228 1.39721 -1.65655</i>
                        <i>1 0 0 0 1 0 0 0 1 -1.70228 1.40077 -1.65655</i>
                        <i>1 0 0 0 1 0 0 0 1 -1.70228 1.40459 -1.65655</i>
                        <i>1 0 0 0 1 0 0 0 1 -1.70228 1.40962 -1.65655</i>
                        <i>1 0 0 0 1 0 0 0 1 -1.70228 1.41521 -1.65655</i>
                        <i>1 0 0 0 1 0 0 0 1 -1.70228 1.4207 -1.65655</i>
                        <i>1 0 0 0 1 0 0 0 1 -1.70228 1.42543 -1.65655</i>
                        <i>1 0 0 0 1 0 0 0 1 -1.70228 1.42875 -1.65655</i>
                        <i>1 0 0 0 1 0 0 0 1 -1.70228 1.43 -1.65655</i>
                        <i>1 0 0 0 1 0 0 0 1 -1.70228 1.43 -1.65655</i>
                        <i>1 0 0 0 1 0 0 0 1 -1.70228 1.43 -1.65655</i>
                        <i>1 0 0 0 1 0 0 0 1 -1.70228 1.43 -1.65655</i>
                        <i>1 0 0 0 1 0 0 0 1 -1.70228 1.43 -1.65655</i>
                        <i>1 0 0 0 1 0 0 0 1 -1.70228 1.43 -1.65655</i>
                        <i>1 0 0 0 1 0 0 0 1 -1.70228 1.43 -1.65655</i>
                        <i>1 0 0 0 1 0 0 0 1 -1.70228 1.43 -1.65655</i>
                        <i>1 0 0 0 1 0 0 0 1 -1.70228 1.43182 -1.65655</i>
                        <i>1 0 0 0 1 0 0 0 1 -1.70228 1.43626 -1.65655</i>
                        <i>1 0 0 0 1 0 0 0 1 -1.70228 1.44179 -1.65655</i>
                        <i>1 0 0 0 1 0 0 0 1 -1.70228 1.44688 -1.65655</i>
                        <i>1 0 0 0 1 0 0 0 1 -1.70228 1.45 -1.65655</i>
                        <i>1 0 0 0 1 0 0 0 1 -1.70228 1.45065 -1.65655</i>
                        <i>1 0 0 0 1 0 0 0 1 -1.70228 1.44985 -1.65655</i>
                        <i>1 0 0 0 1 0 0 0 1 -1.70228 1.44835 -1.65655</i>
                        <i>1 0 0 0 1 0 0 0 1 -1.70228 1.4469 -1.65655</i>
                        <i>1 0 0 0 1 0 0 0 1 -1.70228 1.44625 -1.65655</i>
                        <i>1 0 0 0 1 0 0 0 1 -1.70228 1.44625 -1.65655</i>
                        <i>1 0 0 0 1 0 0 0 1 -1.70228 1.44625 -1.65655</i>
                        <i>1 0 0 0 1 0 0 0 1 -1.70228 1.44625 -1.65655</i>
                        <i>1 0 0 0 1 0 0 0 1 -1.70228 1.44625 -1.65655</i>
                        <i>1 0 0 0 1 0 0 0 1 -1.70228 1.44625 -1.65655</i>
                        <i>1 0 0 0 1 0 0 0 1 -1.70228 1.44625 -1.65655</i>
                        <i>1 0 0 0 1 0 0 0 1 -1.70228 1.44625 -1.65655</i>
                        <i>1 0 0 0 1 0 0 0 1 -1.70228 1.44625 -1.65655</i>
                        <i>1 0 0 0 1 0 0 0 1 -1.70228 1.44625 -1.65655</i>
                        <i>1 0 0 0 1 0 0 0 1 -1.70228 1.44625 -1.65655</i>
                    </KeyFrames>
                </p>
            </i>
            <i>
                <p>
                    <Name><![CDATA[spine0]]></Name>
                    <Exclude>0</Exclude>
                    <Additive>0</Additive>
                    <IKPriority>0</IKPriority>
                    <IKRotLimits>-1e+010 -1e+010 -1e+010 1e+010 1e+010 1e+010</IKRotLimits>
                    <IKRotLimitOrder>0</IKRotLimitOrder>
                    <KeyFrames count="40">
                        <i>0.512383 0.834057 0.204482 -0.446624 0.0554398 0.893003 0.733478 -0.548886 0.400916 -1.70269 1.58917 -1.67299</i>
                        <i>0.540901 0.806112 0.240018 -0.449253 0.0356517 0.892693 0.711054 -0.590688 0.381433 -1.70877 1.56203 -1.67587</i>
                        <i>0.561908 0.782097 0.269413 -0.449718 0.0154766 0.893037 0.694272 -0.622964 0.36042 -1.71543 1.54149 -1.67898</i>
                        <i>0.551642 0.790922 0.264829 -0.446142 0.011528 0.894888 0.704733 -0.611809 0.359222 -1.72205 1.53569 -1.68204</i>
                        <i>0.537283 0.806042 0.248238 -0.441712 0.0181896 0.896973 0.718483 -0.591578 0.365811 -1.72804 1.53591 -1.68476</i>
                        <i>0.540206 0.806585 0.239995 -0.438396 0.0263008 0.898397 0.718322 -0.590532 0.367812 -1.73282 1.53803 -1.68691</i>
                        <i>0.557604 0.793639 0.243342 -0.436547 0.0310214 0.899147 0.706049 -0.607598 0.363758 -1.73594 1.5408 -1.68831</i>
                        <i>0.579191 0.776352 0.248627 -0.435796 0.0371277 0.899279 0.688927 -0.629205 0.359836 -1.73713 1.54541 -1.68886</i>
                        <i>0.601967 0.756754 0.254871 -0.435803 0.0438937 0.898971 0.669112 -0.652225 0.356218 -1.73672 1.55113 -1.68873</i>
                        <i>0.623279 0.737094 0.261183 -0.436186 0.0504798 0.89844 0.64905 -0.673902 0.352973 -1.7352 1.55714 -1.6881</i>
                        <i>0.640321 0.720463 0.266311 -0.436677 0.0562188 0.89786 0.631904 -0.69121 0.350608 -1.73304 1.56259 -1.68718</i>
                        <i>0.650181 0.710749 0.268514 -0.437109 0.0608496 0.897348 0.621451 -0.700809 0.350238 -1.73071 1.56663 -1.68617</i>
                        <i>0.649982 0.71197 0.265748 -0.437363 0.0644822 0.89697 0.62148 -0.699243 0.353301 -1.7287 1.56847 -1.68528</i>
                        <i>0.638073 0.726735 0.2544 -0.440685 0.0737485 0.894627 0.631395 -0.682948 0.367318 -1.72683 1.56887 -1.68498</i>
                        <i>0.616989 0.751196 0.234583 -0.448957 0.0911653 0.888891 0.646345 -0.653754 0.393503 -1.72464 1.56916 -1.68539</i>
                        <i>0.590395 0.779302 0.210053 -0.460153 0.111185 0.88085 0.663094 -0.616706 0.424241 -1.7222 1.56936 -1.68616</i>
                        <i>0.564934 0.803729 0.186733 -0.472378 0.129474 0.871835 0.676541 -0.580738 0.452808 -1.7196 1.56954 -1.68696</i>
                        <i>0.544852 0.821486 0.168221 -0.483616 0.143963 0.86336 0.68502 -0.551757 0.475722 -1.71691 1.56973 -1.68748</i>
                        <i>0.530197 0.833488 0.155528 -0.491915 0.152983 0.857097 0.690587 -0.530937 0.491116 -1.71422 1.57 -1.68743</i>
                        <i>0.521101 0.840196 0.150083 -0.495452 0.154601 0.854766 0.694968 -0.519779 0.496839 -1.71159 1.5704 -1.68652</i>
                        <i>0.515342 0.842852 0.154995 -0.490807 0.142014 0.859617 0.702518 -0.519069 0.486863 -1.70845 1.57294 -1.68383</i>
                        <i>0.51184 0.842329 0.168824 -0.479082 0.116749 0.869972 0.713092 -0.526167 0.463301 -1.70456 1.57826 -1.67951</i>
                        <i>0.511865 0.838751 0.18572 -0.465029 0.088755 0.880835 0.722318 -0.537234 0.435474 -1.70051 1.58447 -1.67487</i>
                        <i>0.514449 0.833923 0.19979 -0.453281 0.0666759 0.88887 0.727928 -0.547839 0.412303 -1.69703 1.58991 -1.67111</i>
                        <i>0.516546 0.831176 0.205736 -0.4485 0.0579586 0.891902 0.729403 -0.552981 0.40272 -1.69494 1.59311 -1.66927</i>
                        <i>0.516491 0.831215 0.205718 -0.448479 0.0579307 0.891914 0.729455 -0.552925 0.402703 -1.69503 1.59376 -1.66931</i>
                        <i>0.515392 0.831986 0.205351 -0.448049 0.0573483 0.892168 0.730495 -0.551824 0.402327 -1.69686 1.59296 -1.6702</i>
                        <i>0.513978 0.832968 0.204914 -0.447433 0.0565197 0.89253 0.731867 -0.550426 0.401747 -1.69942 1.59141 -1.67143</i>
                        <i>0.51284 0.833748 0.204597 -0.446871 0.0557685 0.892858 0.733008 -0.549322 0.401178 -1.7017 1.58987 -1.67252</i>
                        <i>0.512383 0.834057 0.204482 -0.446624 0.0554398 0.893003 0.733478 -0.548886 0.400916 -1.70269 1.58917 -1.67299</i>
                        <i>0.512383 0.834057 0.204482 -0.446624 0.0554398 0.893003 0.733478 -0.548886 0.400916 -1.70269 1.58917 -1.67299</i>
                        <i>0.512383 0.834057 0.204482 -0.446624 0.0554398 0.893003 0.733478 -0.548886 0.400916 -1.70269 1.58917 -1.67299</i>
                        <i>0.512383 0.834057 0.204482 -0.446624 0.0554398 0.893003 0.733478 -0.548886 0.400916 -1.70269 1.58917 -1.67299</i>
                        <i>0.512383 0.834057 0.204482 -0.446624 0.0554398 0.893003 0.733478 -0.548886 0.400916 -1.70269 1.58917 -1.67299</i>
                        <i>0.512383 0.834057 0.204482 -0.446624 0.0554398 0.893003 0.733478 -0.548886 0.400916 -1.70269 1.58917 -1.67299</i>
                        <i>0.512383 0.834057 0.204482 -0.446624 0.0554398 0.893003 0.733478 -0.548886 0.400916 -1.70269 1.58917 -1.67299</i>
                        <i>0.512383 0.834057 0.204482 -0.446624 0.0554398 0.893003 0.733478 -0.548886 0.400916 -1.70269 1.58917 -1.67299</i>
                        <i>0.512383 0.834057 0.204482 -0.446624 0.0554398 0.893003 0.733478 -0.548886 0.400916 -1.70269 1.58917 -1.67299</i>
                        <i>0.512383 0.834057 0.204482 -0.446624 0.0554398 0.893003 0.733478 -0.548886 0.400916 -1.70269 1.58917 -1.67299</i>
                        <i>0.512383 0.834057 0.204482 -0.446624 0.0554398 0.893003 0.733478 -0.548886 0.400916 -1.70269 1.58917 -1.67299</i>
                    </KeyFrames>
                </p>
            </i>
            <i>
                <p>
                    <Name><![CDATA[spine1]]></Name>
                    <Exclude>0</Exclude>
                    <Additive>0</Additive>
                    <IKPriority>0</IKPriority>
                    <IKRotLimits>-1e+010 -1e+010 -1e+010 1e+010 1e+010 1e+010</IKRotLimits>
                    <IKRotLimitOrder>0</IKRotLimitOrder>
                    <KeyFrames count="40">
                        <i>0.797907 0.373598 0.473042 -0.553799 0.144478 0.82002 0.238013 -0.91627 0.322178 -1.61054 1.73925 -1.63622</i>
                        <i>0.800955 0.361078 0.477592 -0.556366 0.154162 0.816512 0.221198 -0.919705 0.324368 -1.61144 1.70716 -1.63269</i>
                        <i>0.810297 0.334252 0.481346 -0.555432 0.176153 0.81269 0.186853 -0.925876 0.328391 -1.61293 1.68427 -1.62984</i>
                        <i>0.829633 0.282124 0.481784 -0.542487 0.203366 0.815077 0.131974 -0.937576 0.321768 -1.61834 1.68454 -1.63225</i>
                        <i>0.849416 0.222469 0.478539 -0.523853 0.245826 0.815566 0.0638012 -0.943439 0.325349 -1.62314 1.69353 -1.6363</i>
                        <i>0.862071 0.171958 0.476723 -0.506775 0.285722 0.813352 0.00365186 -0.942759 0.333456 -1.62429 1.70039 -1.6387</i>
                        <i>0.868565 0.13094 0.477964 -0.493832 0.309501 0.812613 -0.0415268 -0.941841 0.333484 -1.62256 1.7025 -1.63884</i>
                        <i>0.873141 0.0948871 0.478143 -0.4807 0.33048 0.812226 -0.0809471 -0.939031 0.334168 -1.61916 1.70384 -1.63824</i>
                        <i>0.875841 0.0645261 0.478267 -0.468885 0.348359 0.811661 -0.114235 -0.935138 0.335363 -1.61484 1.70464 -1.63713</i>
                        <i>0.8769 0.0410226 0.478918 -0.459593 0.363375 0.810391 -0.140783 -0.930739 0.337497 -1.61032 1.70508 -1.63578</i>
                        <i>0.876648 0.0255116 0.480456 -0.453959 0.374703 0.808405 -0.159404 -0.926794 0.340063 -1.60629 1.70542 -1.63448</i>
                        <i>0.875364 0.0188379 0.483097 -0.453176 0.38009 0.806327 -0.168431 -0.924758 0.341254 -1.6034 1.706 -1.6336</i>
                        <i>0.873162 0.021753 0.486945 -0.45835 0.376542 0.805066 -0.165843 -0.926144 0.338753 -1.60226 1.70716 -1.63359</i>
                        <i>0.869734 0.0401012 0.491889 -0.470738 0.366741 0.802438 -0.148217 -0.929459 0.337844 -1.6029 1.71022 -1.63559</i>
                        <i>0.864758 0.0760768 0.496392 -0.488499 0.356655 0.796346 -0.116457 -0.931134 0.345583 -1.60467 1.71543 -1.6398</i>
                        <i>0.857865 0.124862 0.498474 -0.508329 0.348323 0.787574 -0.0752919 -0.929021 0.362285 -1.60711 1.72149 -1.64524</i>
                        <i>0.848921 0.178846 0.497341 -0.527447 0.346625 0.775661 -0.0336667 -0.920796 0.388589 -1.60938 1.72657 -1.65057</i>
                        <i>0.838761 0.229757 0.493651 -0.544493 0.349392 0.762531 0.00271906 -0.908371 0.418157 -1.61092 1.72976 -1.6548</i>
                        <i>0.829072 0.27202 0.488513 -0.558108 0.3495 0.752572 0.0339798 -0.89658 0.441577 -1.61172 1.73135 -1.6574</i>
                        <i>0.822087 0.300803 0.483415 -0.566128 0.341489 0.750256 0.0605984 -0.890451 0.451027 -1.61174 1.73159 -1.6578</i>
                        <i>0.816661 0.322617 0.478521 -0.568983 0.31137 0.761123 0.0965544 -0.893849 0.437847 -1.61115 1.73226 -1.6546</i>
                        <i>0.809516 0.346255 0.474121 -0.568362 0.259812 0.780681 0.147132 -0.901446 0.40712 -1.60992 1.73414 -1.64832</i>
                        <i>0.800807 0.369564 0.471308 -0.564641 0.203436 0.799872 0.199723 -0.906662 0.371583 -1.60794 1.73626 -1.6413</i>
                        <i>0.792391 0.388771 0.470079 -0.560057 0.158229 0.813203 0.24177 -0.907646 0.343113 -1.60566 1.73808 -1.63563</i>
                        <i>0.787667 0.398912 0.469521 -0.55816 0.139389 0.817941 0.260841 -0.906333 0.332449 -1.60403 1.73944 -1.63307</i>
                        <i>0.787794 0.398606 0.469568 -0.558108 0.139444 0.817967 0.260568 -0.906459 0.332319 -1.60411 1.74013 -1.6331</i>
                        <i>0.790372 0.392346 0.470507 -0.557045 0.140606 0.818493 0.254976 -0.909008 0.329685 -1.60567 1.74022 -1.63387</i>
                        <i>0.793807 0.383882 0.471704 -0.555592 0.142275 0.819192 0.247361 -0.912355 0.326221 -1.60783 1.73992 -1.63492</i>
                        <i>0.796702 0.376641 0.47266 -0.554333 0.143805 0.819777 0.240791 -0.915129 0.323354 -1.60973 1.73948 -1.63583</i>
                        <i>0.797907 0.373598 0.473042 -0.553799 0.144478 0.82002 0.238013 -0.91627 0.322178 -1.61054 1.73925 -1.63622</i>
                        <i>0.797907 0.373598 0.473042 -0.553799 0.144478 0.82002 0.238013 -0.91627 0.322178 -1.61054 1.73925 -1.63622</i>
                        <i>0.797907 0.373598 0.473042 -0.553799 0.144478 0.82002 0.238013 -0.91627 0.322178 -1.61054 1.73925 -1.63622</i>
                        <i>0.797907 0.373598 0.473042 -0.553799 0.144478 0.82002 0.238013 -0.91627 0.322178 -1.61054 1.73925 -1.63622</i>
                        <i>0.797907 0.373598 0.473042 -0.553799 0.144478 0.82002 0.238013 -0.91627 0.322178 -1.61054 1.73925 -1.63622</i>
                        <i>0.797907 0.373598 0.473042 -0.553799 0.144478 0.82002 0.238013 -0.91627 0.322178 -1.61054 1.73925 -1.63622</i>
                        <i>0.797907 0.373598 0.473042 -0.553799 0.144478 0.82002 0.238013 -0.91627 0.322178 -1.61054 1.73925 -1.63622</i>
                        <i>0.797907 0.373598 0.473042 -0.553799 0.144478 0.82002 0.238013 -0.91627 0.322178 -1.61054 1.73925 -1.63622</i>
                        <i>0.797907 0.373598 0.473042 -0.553799 0.144478 0.82002 0.238013 -0.91627 0.322178 -1.61054 1.73925 -1.63622</i>
                        <i>0.797907 0.373598 0.473042 -0.553799 0.144478 0.82002 0.238013 -0.91627 0.322178 -1.61054 1.73925 -1.63622</i>
                        <i>0.797907 0.373598 0.473042 -0.553799 0.144478 0.82002 0.238013 -0.91627 0.322178 -1.61054 1.73925 -1.63622</i>
                    </KeyFrames>
                </p>
            </i>
            <i>
                <p>
                    <Name><![CDATA[spine2]]></Name>
                    <Exclude>0</Exclude>
                    <Additive>0</Additive>
                    <IKPriority>0</IKPriority>
                    <IKRotLimits>-1e+010 -1e+010 -1e+010 1e+010 1e+010 1e+010</IKRotLimits>
                    <IKRotLimitOrder>0</IKRotLimitOrder>
                    <KeyFrames count="40">
                        <i>0.826781 0.153492 0.541177 -0.561235 0.290157 0.775129 -0.03805 -0.944589 0.326041 -1.47875 1.80069 -1.55785</i>
                        <i>0.816993 0.281328 0.503365 -0.573674 0.308009 0.758965 0.0584774 -0.908837 0.413032 -1.47907 1.7666 -1.55349</i>
                        <i>0.816349 0.329531 0.474324 -0.571267 0.33981 0.747117 0.0850183 -0.880874 0.465654 -1.47717 1.74001 -1.54888</i>
                        <i>0.850592 0.215395 0.479685 -0.525734 0.365461 0.768142 -0.00985273 -0.905562 0.424099 -1.4751 1.73288 -1.5487</i>
                        <i>0.871796 0.0441765 0.487872 -0.464689 0.389768 0.795076 -0.155033 -0.919853 0.360326 -1.47084 1.7329 -1.55005</i>
                        <i>0.867033 -0.0771277 0.492245 -0.424458 0.403062 0.810788 -0.260939 -0.911917 0.31673 -1.46524 1.7315 -1.55023</i>
                        <i>0.858822 -0.125694 0.496615 -0.411967 0.406739 0.815381 -0.304481 -0.904856 0.297535 -1.46043 1.72628 -1.54906</i>
                        <i>0.853225 -0.148104 0.500072 -0.406251 0.412548 0.815331 -0.327057 -0.898816 0.291829 -1.45595 1.72091 -1.54827</i>
                        <i>0.85022 -0.151348 0.504201 -0.406091 0.42091 0.811126 -0.334986 -0.894387 0.296405 -1.45214 1.71598 -1.54769</i>
                        <i>0.84873 -0.14184 0.509449 -0.410167 0.43151 0.803469 -0.333796 -0.890888 0.308058 -1.44917 1.71201 -1.54716</i>
                        <i>0.847287 -0.126353 0.515887 -0.417195 0.442797 0.793649 -0.328713 -0.887674 0.322462 -1.44717 1.70948 -1.54666</i>
                        <i>0.844404 -0.112352 0.523794 -0.425978 0.452082 0.783686 -0.324846 -0.884872 0.333881 -1.44624 1.70884 -1.54627</i>
                        <i>0.838718 -0.107737 0.533802 -0.435382 0.456127 0.776139 -0.3271 -0.883369 0.335655 -1.44652 1.71052 -1.54615</i>
                        <i>0.829492 -0.109059 0.547768 -0.448024 0.455682 0.769174 -0.333493 -0.883437 0.329123 -1.448 1.71684 -1.54742</i>
                        <i>0.817988 -0.107926 0.56502 -0.464935 0.454337 0.759877 -0.33872 -0.884268 0.321464 -1.45045 1.72847 -1.55073</i>
                        <i>0.805751 -0.104851 0.5829 -0.482829 0.453684 0.74903 -0.342989 -0.884973 0.314931 -1.45369 1.7433 -1.55558</i>
                        <i>0.795527 -0.0918207 0.598921 -0.499756 0.459476 0.734252 -0.342609 -0.883431 0.319638 -1.45739 1.75808 -1.56102</i>
                        <i>0.788699 -0.066262 0.611198 -0.515596 0.470176 0.716307 -0.334834 -0.880082 0.336663 -1.46116 1.7703 -1.56616</i>
                        <i>0.78535 -0.0372912 0.617928 -0.529097 0.477764 0.701283 -0.321375 -0.877697 0.355481 -1.46458 1.77918 -1.57022</i>
                        <i>0.786503 -0.0141304 0.617424 -0.537989 0.475274 0.696192 -0.303283 -0.879725 0.366202 -1.46711 1.7841 -1.57229</i>
                        <i>0.795674 0.0126082 0.605594 -0.545111 0.450842 0.706821 -0.264115 -0.892515 0.365596 -1.46956 1.78782 -1.57122</i>
                        <i>0.809238 0.0541399 0.584981 -0.553204 0.405374 0.727762 -0.197735 -0.912546 0.357994 -1.47247 1.79261 -1.56747</i>
                        <i>0.819578 0.10198 0.56382 -0.559797 0.352296 0.750009 -0.122145 -0.930316 0.345822 -1.47494 1.79736 -1.56274</i>
                        <i>0.823877 0.14319 0.548383 -0.563714 0.307337 0.766662 -0.0587603 -0.940766 0.333926 -1.47643 1.80127 -1.55872</i>
                        <i>0.8243 0.161509 0.542628 -0.565276 0.288151 0.772938 -0.0315225 -0.943866 0.32882 -1.47674 1.80371 -1.55696</i>
                        <i>0.82433 0.161406 0.542612 -0.565227 0.288175 0.772964 -0.0316062 -0.943877 0.328783 -1.47676 1.80437 -1.55697</i>
                        <i>0.824946 0.159337 0.542287 -0.56423 0.288671 0.773507 -0.0332945 -0.944077 0.328041 -1.47725 1.80376 -1.55719</i>
                        <i>0.825776 0.15663 0.541813 -0.56288 0.289342 0.77424 -0.0354996 -0.944324 0.327096 -1.47792 1.80251 -1.55748</i>
                        <i>0.826484 0.154402 0.541372 -0.561722 0.289915 0.774866 -0.0373108 -0.944515 0.326342 -1.4785 1.80126 -1.55774</i>
                        <i>0.826781 0.153492 0.541177 -0.561235 0.290157 0.775129 -0.03805 -0.944589 0.326041 -1.47875 1.80069 -1.55785</i>
                        <i>0.826781 0.153492 0.541177 -0.561235 0.290157 0.775129 -0.03805 -0.944589 0.326041 -1.47875 1.80069 -1.55785</i>
                        <i>0.826781 0.153492 0.541177 -0.561235 0.290157 0.775129 -0.03805 -0.944589 0.326041 -1.47875 1.80069 -1.55785</i>
                        <i>0.826781 0.153492 0.541177 -0.561235 0.290157 0.775129 -0.03805 -0.944589 0.326041 -1.47875 1.80069 -1.55785</i>
                        <i>0.826781 0.153492 0.541177 -0.561235 0.290157 0.775129 -0.03805 -0.944589 0.326041 -1.47875 1.80069 -1.55785</i>
                        <i>0.826781 0.153492 0.541177 -0.561235 0.290157 0.775129 -0.03805 -0.944589 0.326041 -1.47875 1.80069 -1.55785</i>
                        <i>0.826781 0.153492 0.541177 -0.561235 0.290157 0.775129 -0.03805 -0.944589 0.326041 -1.47875 1.80069 -1.55785</i>
                        <i>0.826781 0.153492 0.541177 -0.561235 0.290157 0.775129 -0.03805 -0.944589 0.326041 -1.47875 1.80069 -1.55785</i>
                        <i>0.826781 0.153492 0.541177 -0.561235 0.290157 0.775129 -0.03805 -0.944589 0.326041 -1.47875 1.80069 -1.55785</i>
                        <i>0.826781 0.153492 0.541177 -0.561235 0.290157 0.775129 -0.03805 -0.944589 0.326041 -1.47875 1.80069 -1.55785</i>
                        <i>0.826781 0.153492 0.541177 -0.561235 0.290157 0.775129 -0.03805 -0.944589 0.326041 -1.47875 1.80069 -1.55785</i>
                    </KeyFrames>
                </p>
            </i>
            <i>
                <p>
                    <Name><![CDATA[head]]></Name>
                    <Exclude>0</Exclude>
                    <Additive>0</Additive>
                    <IKPriority>0</IKPriority>
                    <IKRotLimits>-1e+010 -1e+010 -1e+010 1e+010 1e+010 1e+010</IKRotLimits>
                    <IKRotLimitOrder>0</IKRotLimitOrder>
                    <KeyFrames count="40">
                        <i>0.26036 0.939374 0.223135 -0.0344005 0.239984 -0.970167 -0.964898 0.244917 0.0947973 -1.26485 1.85629 -1.4225</i>
                        <i>0.0931314 0.992596 -0.0779757 -0.117581 -0.0668036 -0.990814 -0.988687 0.101444 0.110489 -1.27309 1.86328 -1.43392</i>
                        <i>0.0249757 0.977151 -0.211075 -0.138469 -0.205725 -0.968764 -0.990052 0.0534229 0.130167 -1.27429 1.85281 -1.44076</i>
                        <i>0.238396 0.969404 0.0585096 -0.174772 0.102087 -0.979302 -0.955312 0.223236 0.193762 -1.25607 1.81333 -1.43533</i>
                        <i>0.550239 0.727488 0.409876 -0.0425067 0.514632 -0.856357 -0.833925 0.453779 0.314094 -1.23743 1.7606 -1.42899</i>
                        <i>0.666599 0.429082 0.609536 0.182435 0.698934 -0.691527 -0.722747 0.572171 0.387629 -1.22935 1.72042 -1.42477</i>
                        <i>0.671378 0.346824 0.654953 0.254574 0.722042 -0.643309 -0.69602 0.598638 0.396471 -1.22665 1.70078 -1.4214</i>
                        <i>0.688575 0.377025 0.619449 0.223002 0.702731 -0.675602 -0.690025 0.603341 0.399806 -1.22472 1.69011 -1.41958</i>
                        <i>0.699573 0.456024 0.550127 0.151562 0.657668 -0.737904 -0.698303 0.599596 0.390971 -1.22344 1.68637 -1.41842</i>
                        <i>0.674861 0.575659 0.461713 0.0763667 0.567835 -0.819592 -0.733983 0.58837 0.339249 -1.22296 1.68753 -1.41743</i>
                        <i>0.613436 0.711115 0.343527 0.019872 0.420949 -0.906867 -0.789494 0.563132 0.244094 -1.22339 1.69154 -1.41624</i>
                        <i>0.553352 0.800063 0.231735 0.00536639 0.27478 -0.961492 -0.83293 0.533287 0.147757 -1.22475 1.69627 -1.41443</i>
                        <i>0.529225 0.827246 0.188641 0.0190499 0.210687 -0.977368 -0.848268 0.520841 0.095742 -1.22699 1.69955 -1.4115</i>
                        <i>0.531337 0.821759 0.205897 0.0439897 0.215953 -0.975412 -0.846018 0.52733 0.0785951 -1.23023 1.70451 -1.4078</i>
                        <i>0.535239 0.812911 0.229553 0.0759488 0.224343 -0.971546 -0.84128 0.537444 0.0583375 -1.23451 1.7144 -1.40455</i>
                        <i>0.54141 0.800887 0.255844 0.110648 0.233781 -0.965973 -0.833446 0.551296 0.0379548 -1.23977 1.72714 -1.40239</i>
                        <i>0.543145 0.795138 0.269718 0.139035 0.231624 -0.962818 -0.828047 0.560451 0.0152531 -1.24547 1.74271 -1.40187</i>
                        <i>0.535563 0.801652 0.265568 0.155594 0.215417 -0.964047 -0.830038 0.557629 -0.00936257 -1.25093 1.7602 -1.40297</i>
                        <i>0.522156 0.814507 0.252845 0.160713 0.197187 -0.967103 -0.837571 0.545614 -0.0279399 -1.25545 1.77617 -1.40522</i>
                        <i>0.506428 0.827928 0.240967 0.153409 0.188486 -0.97002 -0.848526 0.528212 -0.0315568 -1.25808 1.78726 -1.40805</i>
                        <i>0.51104 0.809309 0.28958 0.109401 0.272914 -0.955798 -0.852566 0.520131 0.0509308 -1.25882 1.7991 -1.41175</i>
                        <i>0.503807 0.798428 0.329684 0.0422212 0.358443 -0.932597 -0.862784 0.483768 0.146875 -1.25953 1.81688 -1.41605</i>
                        <i>0.417777 0.858751 0.296663 -0.0137974 0.332483 -0.943008 -0.908445 0.389874 0.150752 -1.26128 1.8363 -1.41963</i>
                        <i>0.311828 0.917059 0.248528 -0.0352756 0.272564 -0.961491 -0.949484 0.291053 0.117343 -1.26363 1.85243 -1.4218</i>
                        <i>0.26036 0.939374 0.223135 -0.0344005 0.239984 -0.970167 -0.964898 0.244917 0.0947973 -1.26485 1.86004 -1.4225</i>
                        <i>0.26036 0.939374 0.223135 -0.0344005 0.239984 -0.970167 -0.964898 0.244917 0.0947974 -1.26485 1.86069 -1.4225</i>
                        <i>0.26036 0.939374 0.223135 -0.0344005 0.239984 -0.970167 -0.964898 0.244917 0.0947973 -1.26485 1.85989 -1.4225</i>
                        <i>0.26036 0.939374 0.223135 -0.0344005 0.239984 -0.970167 -0.964899 0.244917 0.0947973 -1.26485 1.85839 -1.4225</i>
                        <i>0.26036 0.939374 0.223135 -0.0344005 0.239984 -0.970167 -0.964898 0.244917 0.0947973 -1.26485 1.85694 -1.4225</i>
                        <i>0.26036 0.939374 0.223135 -0.0344005 0.239984 -0.970167 -0.964898 0.244917 0.0947973 -1.26485 1.85629 -1.4225</i>
                        <i>0.26036 0.939374 0.223135 -0.0344005 0.239984 -0.970167 -0.964898 0.244917 0.0947973 -1.26485 1.85629 -1.4225</i>
                        <i>0.26036 0.939374 0.223135 -0.0344005 0.239984 -0.970167 -0.964898 0.244917 0.0947973 -1.26485 1.85629 -1.4225</i>
                        <i>0.26036 0.939374 0.223135 -0.0344005 0.239984 -0.970167 -0.964898 0.244917 0.0947973 -1.26485 1.85629 -1.4225</i>
                        <i>0.26036 0.939374 0.223135 -0.0344005 0.239984 -0.970167 -0.964898 0.244917 0.0947973 -1.26485 1.85629 -1.4225</i>
                        <i>0.26036 0.939374 0.223135 -0.0344005 0.239984 -0.970167 -0.964898 0.244917 0.0947973 -1.26485 1.85629 -1.4225</i>
                        <i>0.26036 0.939374 0.223135 -0.0344005 0.239984 -0.970167 -0.964898 0.244917 0.0947973 -1.26485 1.85629 -1.4225</i>
                        <i>0.26036 0.939374 0.223135 -0.0344005 0.239984 -0.970167 -0.964898 0.244917 0.0947973 -1.26485 1.85629 -1.4225</i>
                        <i>0.26036 0.939374 0.223135 -0.0344005 0.239984 -0.970167 -0.964898 0.244917 0.0947973 -1.26485 1.85629 -1.4225</i>
                        <i>0.26036 0.939374 0.223135 -0.0344005 0.239984 -0.970167 -0.964898 0.244917 0.0947973 -1.26485 1.85629 -1.4225</i>
                        <i>0.26036 0.939374 0.223135 -0.0344005 0.239984 -0.970167 -0.964898 0.244917 0.0947973 -1.26485 1.85629 -1.4225</i>
                    </KeyFrames>
                </p>
            </i>
            <i>
                <p>
                    <Name><![CDATA[head_prop]]></Name>
                    <Exclude>0</Exclude>
                    <Additive>0</Additive>
                    <IKPriority>0</IKPriority>
                    <IKRotLimits>-1e+010 -1e+010 -1e+010 1e+010 1e+010 1e+010</IKRotLimits>
                    <IKRotLimitOrder>0</IKRotLimitOrder>
                    <KeyFrames count="40">
                        <i>0.964898 -0.244917 -0.0947973 0.26036 0.939374 0.223135 0.0344005 -0.239984 0.970167 -1.18 2.16244 -1.34978</i>
                        <i>0.988687 -0.101444 -0.110489 0.0931314 0.992596 -0.0779757 0.117581 0.0668036 0.990814 -1.24274 2.18678 -1.45933</i>
                        <i>0.990052 -0.0534229 -0.130167 0.0249757 0.977151 -0.211075 0.138469 0.205725 0.968764 -1.26615 2.17128 -1.50955</i>
                        <i>0.955312 -0.223236 -0.193762 0.238396 0.969404 0.0585096 0.174772 -0.102087 0.979302 -1.17838 2.12927 -1.41626</i>
                        <i>0.833925 -0.453779 -0.314094 0.550239 0.727488 0.409876 0.0425067 -0.514632 0.856357 -1.0581 1.9977 -1.29541</i>
                        <i>0.722747 -0.572171 -0.387629 0.666599 0.429082 0.609536 -0.182435 -0.698934 0.691527 -1.0121 1.86026 -1.22612</i>
                        <i>0.69602 -0.598638 -0.396471 0.671378 0.346824 0.654953 -0.254574 -0.722042 0.643309 -1.00785 1.81381 -1.20795</i>
                        <i>0.690025 -0.603341 -0.399806 0.688575 0.377025 0.619449 -0.223002 -0.702731 0.675602 -1.00031 1.81298 -1.2177</i>
                        <i>0.698303 -0.599596 -0.390971 0.699573 0.456024 0.550127 -0.151562 -0.657668 0.737904 -0.995444 1.83499 -1.23913</i>
                        <i>0.733983 -0.58837 -0.339249 0.674861 0.575659 0.461713 -0.0763667 -0.567835 0.819592 -1.00301 1.87514 -1.26695</i>
                        <i>0.789494 -0.563132 -0.244094 0.613436 0.711115 0.343527 -0.019872 -0.420949 0.906867 -1.02346 1.9233 -1.30428</i>
                        <i>0.83293 -0.533287 -0.147757 0.553352 0.800063 0.231735 -0.00536639 -0.27478 0.961492 -1.04441 1.95702 -1.33891</i>
                        <i>0.848268 -0.520841 -0.095742 0.529225 0.827246 0.188641 -0.0190499 -0.210687 0.977368 -1.05451 1.96916 -1.35002</i>
                        <i>0.846018 -0.52733 -0.0785951 0.531337 0.821759 0.205897 -0.0439897 -0.215953 0.975412 -1.05707 1.97233 -1.3407</i>
                        <i>0.84128 -0.537444 -0.0583375 0.535239 0.812911 0.229553 -0.0759488 -0.224343 0.971546 -1.06007 1.97933 -1.32974</i>
                        <i>0.833446 -0.551296 -0.0379548 0.54141 0.800887 0.255844 -0.110648 -0.233781 0.965973 -1.06332 1.98815 -1.31901</i>
                        <i>0.828047 -0.560451 -0.0152531 0.543145 0.795138 0.269718 -0.139035 -0.231624 0.962818 -1.06846 2.00185 -1.31397</i>
                        <i>0.830038 -0.557629 0.00936257 0.535563 0.801652 0.265568 -0.155594 -0.215417 0.964047 -1.07639 2.02147 -1.31642</i>
                        <i>0.837571 -0.545614 0.0279399 0.522156 0.814507 0.252845 -0.160713 -0.197187 0.967103 -1.08528 2.04162 -1.32281</i>
                        <i>0.848526 -0.528212 0.0315568 0.506428 0.827928 0.240967 -0.153409 -0.188486 0.97002 -1.09303 2.05709 -1.32951</i>
                        <i>0.852566 -0.520131 -0.0509308 0.51104 0.809309 0.28958 -0.109401 -0.272914 0.955798 -1.09227 2.06286 -1.31738</i>
                        <i>0.862784 -0.483768 -0.146875 0.503807 0.798428 0.329684 -0.0422212 -0.358443 0.932597 -1.09534 2.0771 -1.30861</i>
                        <i>0.908445 -0.389874 -0.150752 0.417777 0.858751 0.296663 0.0137974 -0.332483 0.943008 -1.12513 2.11617 -1.32295</i>
                        <i>0.949484 -0.291053 -0.117343 0.311828 0.917059 0.248528 0.0352756 -0.272564 0.961491 -1.16201 2.1513 -1.3408</i>
                        <i>0.964898 -0.244917 -0.0947973 0.26036 0.939374 0.223135 0.0344005 -0.239984 0.970167 -1.18 2.16619 -1.34978</i>
                        <i>0.964898 -0.244917 -0.0947974 0.26036 0.939374 0.223135 0.0344005 -0.239984 0.970167 -1.18 2.16684 -1.34978</i>
                        <i>0.964898 -0.244917 -0.0947973 0.26036 0.939374 0.223135 0.0344005 -0.239984 0.970167 -1.18 2.16604 -1.34978</i>
                        <i>0.964899 -0.244917 -0.0947973 0.26036 0.939374 0.223135 0.0344005 -0.239984 0.970167 -1.18 2.16454 -1.34978</i>
                        <i>0.964898 -0.244917 -0.0947973 0.26036 0.939374 0.223135 0.0344005 -0.239984 0.970167 -1.18 2.16309 -1.34978</i>
                        <i>0.964898 -0.244917 -0.0947973 0.26036 0.939374 0.223135 0.0344005 -0.239984 0.970167 -1.18 2.16244 -1.34978</i>
                        <i>0.964898 -0.244917 -0.0947973 0.26036 0.939374 0.223135 0.0344005 -0.239984 0.970167 -1.18 2.16244 -1.34978</i>
                        <i>0.964898 -0.244917 -0.0947973 0.26036 0.939374 0.223135 0.0344005 -0.239984 0.970167 -1.18 2.16244 -1.34978</i>
                        <i>0.964898 -0.244917 -0.0947973 0.26036 0.939374 0.223135 0.0344005 -0.239984 0.970167 -1.18 2.16244 -1.34978</i>
                        <i>0.964898 -0.244917 -0.0947973 0.26036 0.939374 0.223135 0.0344005 -0.239984 0.970167 -1.18 2.16244 -1.34978</i>
                        <i>0.964898 -0.244917 -0.0947973 0.26036 0.939374 0.223135 0.0344005 -0.239984 0.970167 -1.18 2.16244 -1.34978</i>
                        <i>0.964898 -0.244917 -0.0947973 0.26036 0.939374 0.223135 0.0344005 -0.239984 0.970167 -1.18 2.16244 -1.34978</i>
                        <i>0.964898 -0.244917 -0.0947973 0.26036 0.939374 0.223135 0.0344005 -0.239984 0.970167 -1.18 2.16244 -1.34978</i>
                        <i>0.964898 -0.244917 -0.0947973 0.26036 0.939374 0.223135 0.0344005 -0.239984 0.970167 -1.18 2.16244 -1.34978</i>
                        <i>0.964898 -0.244917 -0.0947973 0.26036 0.939374 0.223135 0.0344005 -0.239984 0.970167 -1.18 2.16244 -1.34978</i>
                        <i>0.964898 -0.244917 -0.0947973 0.26036 0.939374 0.223135 0.0344005 -0.239984 0.970167 -1.18 2.16244 -1.34978</i>
                    </KeyFrames>
                </p>
            </i>
            <i>
                <p>
                    <Name><![CDATA[l_clav]]></Name>
                    <Exclude>0</Exclude>
                    <Additive>0</Additive>
                    <IKPriority>0</IKPriority>
                    <IKRotLimits>-1e+010 -1e+010 -1e+010 1e+010 1e+010 1e+010</IKRotLimits>
                    <IKRotLimitOrder>0</IKRotLimitOrder>
                    <KeyFrames count="40">
                        <i>0.80977 -0.311634 -0.497148 0.584272 0.506011 0.634491 0.0538331 -0.804262 0.591832 -1.37702 1.75085 -1.57779</i>
                        <i>0.790581 -0.207991 -0.575953 0.549646 0.655649 0.5177 0.269945 -0.725854 0.632665 -1.36997 1.72047 -1.5682</i>
                        <i>0.745916 -0.176966 -0.6421 0.53476 0.73382 0.418976 0.397042 -0.65589 0.642002 -1.36449 1.69336 -1.56015</i>
                        <i>0.704193 -0.202167 -0.680618 0.581903 0.71359 0.390099 0.406817 -0.670759 0.620147 -1.36929 1.67702 -1.56346</i>
                        <i>0.670077 -0.249902 -0.69896 0.6488 0.654652 0.38793 0.360631 -0.713428 0.600804 -1.37621 1.66757 -1.57005</i>
                        <i>0.648624 -0.281646 -0.70708 0.700445 0.584343 0.40978 0.297764 -0.761064 0.576297 -1.37831 1.66126 -1.57353</i>
                        <i>0.647259 -0.276371 -0.710405 0.721236 0.52369 0.453395 0.246727 -0.805833 0.538292 -1.37636 1.65374 -1.57368</i>
                        <i>0.658534 -0.260254 -0.706116 0.724221 0.47419 0.500647 0.204538 -0.841078 0.500752 -1.37365 1.6463 -1.57358</i>
                        <i>0.677191 -0.238428 -0.696106 0.715465 0.434278 0.547277 0.171818 -0.868651 0.464676 -1.37077 1.63941 -1.57303</i>
                        <i>0.69836 -0.215109 -0.682658 0.700318 0.402322 0.589654 0.147808 -0.889868 0.43161 -1.36803 1.63369 -1.57192</i>
                        <i>0.718631 -0.194145 -0.66774 0.683104 0.376801 0.625612 0.130146 -0.90572 0.403402 -1.3657 1.62979 -1.57035</i>
                        <i>0.736212 -0.179189 -0.652597 0.666876 0.356225 0.654508 0.115191 -0.917058 0.381754 -1.36406 1.62833 -1.56867</i>
                        <i>0.750226 -0.173906 -0.637901 0.653796 0.338921 0.676522 0.0985471 -0.924602 0.367966 -1.36352 1.62982 -1.56742</i>
                        <i>0.758521 -0.179389 -0.626471 0.646309 0.329919 0.688068 0.0832528 -0.926808 0.366192 -1.36358 1.63679 -1.56732</i>
                        <i>0.759963 -0.193562 -0.620476 0.645868 0.331927 0.687516 0.0728759 -0.923233 0.377267 -1.36385 1.64987 -1.56863</i>
                        <i>0.754953 -0.215941 -0.619206 0.652663 0.339358 0.677398 0.0638546 -0.915536 0.397136 -1.3649 1.66669 -1.57121</i>
                        <i>0.744611 -0.246224 -0.620425 0.664477 0.361756 0.653913 0.0634334 -0.89917 0.432977 -1.3667 1.68348 -1.57395</i>
                        <i>0.732396 -0.280853 -0.620257 0.676766 0.400265 0.61788 0.0747339 -0.872301 0.483224 -1.36884 1.69756 -1.57614</i>
