<?xml version="1.0" encoding="ISO-8859-1" ?>
<Animl Version="1">
    <ModellingPackage><![CDATA[Maya.2010]]></ModellingPackage>
    <SrcFile><![CDATA[anims\turrets\antitank\blue\~src\at_bgm71tow\antitank_bgm71tow_aim_random_crewman_a.mb]]></SrcFile>
    <FramesPerSecond>30</FramesPerSecond>
    <TotalFrames>60</TotalFrames>
    <Skeleton>
        <RefFrame>
            <Name><![CDATA[soldier_ref_frame]]></Name>
            <Exclude>0</Exclude>
            <Additive>0</Additive>
            <IKPriority>0</IKPriority>
            <IKRotLimits>-1e+010 -1e+010 -1e+010 1e+010 1e+010 1e+010</IKRotLimits>
            <IKRotLimitOrder>0</IKRotLimitOrder>
            <KeyFrames count="60">
                <i>1 0 0 0 1 0 0 0 1 0.92 1.77 -1.21</i>
                <i>1 0 0 0 1 0 0 0 1 0.92 1.77 -1.21</i>
                <i>1 0 0 0 1 0 0 0 1 0.92 1.77 -1.21</i>
                <i>1 0 0 0 1 0 0 0 1 0.92 1.77 -1.21</i>
                <i>1 0 0 0 1 0 0 0 1 0.92 1.77 -1.21</i>
                <i>1 0 0 0 1 0 0 0 1 0.92 1.77 -1.21</i>
                <i>1 0 0 0 1 0 0 0 1 0.92 1.77 -1.21</i>
                <i>1 0 0 0 1 0 0 0 1 0.92 1.77 -1.21</i>
                <i>1 0 0 0 1 0 0 0 1 0.92 1.77 -1.21</i>
                <i>1 0 0 0 1 0 0 0 1 0.92 1.77 -1.21</i>
                <i>1 0 0 0 1 0 0 0 1 0.92 1.77 -1.21</i>
                <i>1 0 0 0 1 0 0 0 1 0.92 1.77 -1.21</i>
                <i>1 0 0 0 1 0 0 0 1 0.92 1.77 -1.21</i>
                <i>1 0 0 0 1 0 0 0 1 0.92 1.77 -1.21</i>
                <i>1 0 0 0 1 0 0 0 1 0.92 1.77 -1.21</i>
                <i>1 0 0 0 1 0 0 0 1 0.92 1.77 -1.21</i>
                <i>1 0 0 0 1 0 0 0 1 0.92 1.77 -1.21</i>
                <i>1 0 0 0 1 0 0 0 1 0.92 1.77 -1.21</i>
                <i>1 0 0 0 1 0 0 0 1 0.92 1.77 -1.21</i>
                <i>1 0 0 0 1 0 0 0 1 0.92 1.77 -1.21</i>
                <i>1 0 0 0 1 0 0 0 1 0.92 1.77 -1.21</i>
                <i>1 0 0 0 1 0 0 0 1 0.92 1.77 -1.21</i>
                <i>1 0 0 0 1 0 0 0 1 0.92 1.77 -1.21</i>
                <i>1 0 0 0 1 0 0 0 1 0.92 1.77 -1.21</i>
                <i>1 0 0 0 1 0 0 0 1 0.92 1.77 -1.21</i>
                <i>1 0 0 0 1 0 0 0 1 0.92 1.77 -1.21</i>
                <i>1 0 0 0 1 0 0 0 1 0.92 1.77 -1.21</i>
                <i>1 0 0 0 1 0 0 0 1 0.92 1.77 -1.21</i>
                <i>1 0 0 0 1 0 0 0 1 0.92 1.77 -1.21</i>
                <i>1 0 0 0 1 0 0 0 1 0.92 1.77 -1.21</i>
                <i>1 0 0 0 1 0 0 0 1 0.92 1.77 -1.21</i>
                <i>1 0 0 0 1 0 0 0 1 0.92 1.77 -1.21</i>
                <i>1 0 0 0 1 0 0 0 1 0.92 1.77 -1.21</i>
                <i>1 0 0 0 1 0 0 0 1 0.92 1.77 -1.21</i>
                <i>1 0 0 0 1 0 0 0 1 0.92 1.77 -1.21</i>
                <i>1 0 0 0 1 0 0 0 1 0.92 1.77 -1.21</i>
                <i>1 0 0 0 1 0 0 0 1 0.92 1.77 -1.21</i>
                <i>1 0 0 0 1 0 0 0 1 0.92 1.77 -1.21</i>
                <i>1 0 0 0 1 0 0 0 1 0.92 1.77 -1.21</i>
                <i>1 0 0 0 1 0 0 0 1 0.92 1.77 -1.21</i>
                <i>1 0 0 0 1 0 0 0 1 0.92 1.77 -1.21</i>
                <i>1 0 0 0 1 0 0 0 1 0.92 1.77 -1.21</i>
                <i>1 0 0 0 1 0 0 0 1 0.92 1.77 -1.21</i>
                <i>1 0 0 0 1 0 0 0 1 0.92 1.77 -1.21</i>
                <i>1 0 0 0 1 0 0 0 1 0.92 1.77 -1.21</i>
                <i>1 0 0 0 1 0 0 0 1 0.92 1.77 -1.21</i>
                <i>1 0 0 0 1 0 0 0 1 0.92 1.77 -1.21</i>
                <i>1 0 0 0 1 0 0 0 1 0.92 1.77 -1.21</i>
                <i>1 0 0 0 1 0 0 0 1 0.92 1.77 -1.21</i>
                <i>1 0 0 0 1 0 0 0 1 0.92 1.77 -1.21</i>
                <i>1 0 0 0 1 0 0 0 1 0.92 1.77 -1.21</i>
                <i>1 0 0 0 1 0 0 0 1 0.92 1.77 -1.21</i>
                <i>1 0 0 0 1 0 0 0 1 0.92 1.77 -1.21</i>
                <i>1 0 0 0 1 0 0 0 1 0.92 1.77 -1.21</i>
                <i>1 0 0 0 1 0 0 0 1 0.92 1.77 -1.21</i>
                <i>1 0 0 0 1 0 0 0 1 0.92 1.77 -1.21</i>
                <i>1 0 0 0 1 0 0 0 1 0.92 1.77 -1.21</i>
                <i>1 0 0 0 1 0 0 0 1 0.92 1.77 -1.21</i>
                <i>1 0 0 0 1 0 0 0 1 0.92 1.77 -1.21</i>
                <i>1 0 0 0 1 0 0 0 1 0.92 1.77 -1.21</i>
            </KeyFrames>
        </RefFrame>
        <Bones count="23">
            <i>
                <p>
                    <Name><![CDATA[pelvis]]></Name>
                    <Exclude>0</Exclude>
                    <Additive>0</Additive>
                    <IKPriority>0</IKPriority>
                    <IKRotLimits>-1e+010 -1e+010 -1e+010 1e+010 1e+010 1e+010</IKRotLimits>
                    <IKRotLimitOrder>2</IKRotLimitOrder>
                    <KeyFrames count="60">
                        <i>1 0 0 0 1 0 0 0 1 0.781889 2.8346 -1.14518</i>
                        <i>1 0 0 0 1 0 0 0 1 0.7877 2.83585 -1.14518</i>
                        <i>1 0 0 0 1 0 0 0 1 0.803387 2.84089 -1.14518</i>
                        <i>1 0 0 0 1 0 0 0 1 0.826334 2.85163 -1.14518</i>
                        <i>1 0 0 0 1 0 0 0 1 0.853927 2.87 -1.14518</i>
                        <i>1 0 0 0 1 0 0 0 1 0.883548 2.9012 -1.14518</i>
                        <i>1 0 0 0 1 0 0 0 1 0.912582 2.94301 -1.14518</i>
                        <i>1 0 0 0 1 0 0 0 1 0.938412 2.98622 -1.14518</i>
                        <i>1 0 0 0 1 0 0 0 1 0.958424 3.02162 -1.14518</i>
                        <i>1 0 0 0 1 0 0 0 1 0.97 3.04 -1.14518</i>
                        <i>1 0 0 0 1 0 0 0 1 0.97 3.04 -1.14518</i>
                        <i>1 0 0 0 1 0 0 0 1 0.97 3.04 -1.14518</i>
                        <i>1 0 0 0 1 0 0 0 1 0.97 3.04 -1.14518</i>
                        <i>1 0 0 0 1 0 0 0 1 0.97 3.04 -1.14518</i>
                        <i>1 0 0 0 1 0 0 0 1 0.97 3.04 -1.14518</i>
                        <i>1 0 0 0 1 0 0 0 1 0.97 3.04 -1.14518</i>
                        <i>1 0 0 0 1 0 0 0 1 0.97 3.04 -1.14518</i>
                        <i>1 0 0 0 1 0 0 0 1 0.97 3.04 -1.14518</i>
                        <i>1 0 0 0 1 0 0 0 1 0.97 3.04 -1.14518</i>
                        <i>1 0 0 0 1 0 0 0 1 0.97 3.04 -1.14518</i>
                        <i>1 0 0 0 1 0 0 0 1 0.97 3.04 -1.14518</i>
                        <i>1 0 0 0 1 0 0 0 1 0.97 3.04 -1.14518</i>
                        <i>1 0 0 0 1 0 0 0 1 0.97 3.04 -1.14518</i>
                        <i>1 0 0 0 1 0 0 0 1 0.97 3.04 -1.14518</i>
                        <i>1 0 0 0 1 0 0 0 1 0.97 3.04 -1.14518</i>
                        <i>1 0 0 0 1 0 0 0 1 0.97 3.04 -1.14518</i>
                        <i>1 0 0 0 1 0 0 0 1 0.97 3.04 -1.14518</i>
                        <i>1 0 0 0 1 0 0 0 1 0.97 3.04 -1.14518</i>
                        <i>1 0 0 0 1 0 0 0 1 0.97 3.04 -1.14518</i>
                        <i>1 0 0 0 1 0 0 0 1 0.97 3.04 -1.14518</i>
                        <i>1 0 0 0 1 0 0 0 1 0.952691 3.03206 -1.14518</i>
                        <i>1 0 0 0 1 0 0 0 1 0.925079 3.01667 -1.14518</i>
                        <i>1 0 0 0 1 0 0 0 1 0.889636 2.99925 -1.14518</i>
                        <i>1 0 0 0 1 0 0 0 1 0.848836 2.98522 -1.14518</i>
                        <i>1 0 0 0 1 0 0 0 1 0.805152 2.98 -1.14518</i>
                        <i>1 0 0 0 1 0 0 0 1 0.761055 2.98736 -1.14518</i>
                        <i>1 0 0 0 1 0 0 0 1 0.719018 3.00367 -1.14518</i>
                        <i>1 0 0 0 1 0 0 0 1 0.681515 3.0233 -1.14518</i>
                        <i>1 0 0 0 1 0 0 0 1 0.651018 3.04062 -1.14518</i>
                        <i>1 0 0 0 1 0 0 0 1 0.63 3.05 -1.14518</i>
                        <i>1 0 0 0 1 0 0 0 1 0.63 3.0498 -1.14518</i>
                        <i>1 0 0 0 1 0 0 0 1 0.63 3.04926 -1.14518</i>
                        <i>1 0 0 0 1 0 0 0 1 0.63 3.04844 -1.14518</i>
                        <i>1 0 0 0 1 0 0 0 1 0.63 3.04741 -1.14518</i>
                        <i>1 0 0 0 1 0 0 0 1 0.63 3.04624 -1.14518</i>
                        <i>1 0 0 0 1 0 0 0 1 0.63 3.045 -1.14518</i>
                        <i>1 0 0 0 1 0 0 0 1 0.63 3.04376 -1.14518</i>
                        <i>1 0 0 0 1 0 0 0 1 0.63 3.04259 -1.14518</i>
                        <i>1 0 0 0 1 0 0 0 1 0.63 3.04156 -1.14518</i>
                        <i>1 0 0 0 1 0 0 0 1 0.63 3.04074 -1.14518</i>
                        <i>1 0 0 0 1 0 0 0 1 0.63 3.0402 -1.14518</i>
                        <i>1 0 0 0 1 0 0 0 1 0.63 3.04 -1.14518</i>
                        <i>1 0 0 0 1 0 0 0 1 0.642341 3.02293 -1.14518</i>
                        <i>1 0 0 0 1 0 0 0 1 0.662276 2.99579 -1.14518</i>
                        <i>1 0 0 0 1 0 0 0 1 0.686959 2.96239 -1.14518</i>
                        <i>1 0 0 0 1 0 0 0 1 0.713539 2.92653 -1.14518</i>
                        <i>1 0 0 0 1 0 0 0 1 0.73917 2.89202 -1.14518</i>
                        <i>1 0 0 0 1 0 0 0 1 0.761005 2.86265 -1.14518</i>
                        <i>1 0 0 0 1 0 0 0 1 0.776194 2.84225 -1.14518</i>
                        <i>1 0 0 0 1 0 0 0 1 0.781889 2.8346 -1.14518</i>
                    </KeyFrames>
                </p>
            </i>
            <i>
                <p>
                    <Name><![CDATA[spine0]]></Name>
                    <Exclude>0</Exclude>
                    <Additive>0</Additive>
                    <IKPriority>0</IKPriority>
                    <IKRotLimits>-1e+010 -1e+010 -1e+010 1e+010 1e+010 1e+010</IKRotLimits>
                    <IKRotLimitOrder>0</IKRotLimitOrder>
                    <KeyFrames count="60">
                        <i>0.0101066 0.989055 0.1472 -0.998989 0.016434 -0.0418324 -0.0437936 -0.146629 0.988222 0.791749 2.97543 -1.17287</i>
                        <i>0.0152253 0.990319 0.137971 -0.999094 0.0205522 -0.0372665 -0.0397413 -0.137279 0.989735 0.797573 2.97542 -1.17863</i>
                        <i>0.0287908 0.992514 0.118688 -0.999104 0.032257 -0.0273873 -0.0310108 -0.117793 0.992554 0.81308 2.97688 -1.19108</i>
                        <i>0.048524 0.993743 0.100597 -0.998569 0.050533 -0.0175174 -0.0224912 -0.0996029 0.994773 0.83543 2.98297 -1.20318</i>
                        <i>0.0721643 0.993309 0.0901674 -0.997264 0.0733124 -0.00948176 -0.0160287 -0.0892365 0.995881 0.862156 2.99889 -1.20855</i>
                        <i>0.096864 0.991379 0.0882301 -0.995258 0.0972677 -0.000277591 -0.00885714 -0.0877849 0.9961 0.891007 3.0317 -1.20527</i>
                        <i>0.120308 0.988445 0.0922055 -0.992736 0.11968 0.0123274 0.00114984 -0.0930188 0.995664 0.919534 3.07699 -1.19711</i>
                        <i>0.140803 0.984948 0.10026 -0.989949 0.138709 0.0275972 0.0132749 -0.103138 0.994578 0.945153 3.12373 -1.1869</i>
                        <i>0.156773 0.981668 0.108399 -0.987322 0.153015 0.0422112 0.0248507 -0.113642 0.993211 0.965153 3.16158 -1.17776</i>
                        <i>0.166064 0.979817 0.111276 -0.985591 0.161237 0.0511199 0.0321464 -0.118161 0.992474 0.976742 3.18098 -1.17303</i>
                        <i>0.165979 0.979982 0.109939 -0.985609 0.161236 0.0507724 0.0320299 -0.116784 0.992641 0.976721 3.18089 -1.17348</i>
                        <i>0.165749 0.98042 0.10632 -0.985658 0.161231 0.0498305 0.0317127 -0.113055 0.993083 0.976664 3.18064 -1.17469</i>
                        <i>0.165411 0.981038 0.10101 -0.98573 0.161214 0.0484454 0.0312426 -0.107582 0.993705 0.976579 3.18026 -1.17648</i>
                        <i>0.165002 0.981746 0.0945984 -0.985816 0.16118 0.0467684 0.0306673 -0.100974 0.994416 0.976474 3.17976 -1.17865</i>
                        <i>0.164558 0.982463 0.087674 -0.98591 0.161125 0.0449493 0.0300346 -0.0938354 0.995135 0.976358 3.17919 -1.181</i>
                        <i>0.164115 0.983125 0.0808162 -0.986003 0.16105 0.0431362 0.0293928 -0.0867644 0.995795 0.97624 3.17857 -1.18333</i>
                        <i>0.163707 0.983685 0.074596 -0.986089 0.160962 0.0414752 0.0287914 -0.080348 0.996351 0.97613 3.17797 -1.18547</i>
                        <i>0.163367 0.984109 0.0695743 -0.98616 0.160871 0.0401109 0.028281 -0.0751641 0.99677 0.976039 3.17745 -1.18723</i>
                        <i>0.163129 0.984374 0.0663048 -0.98621 0.160793 0.0391868 0.0279131 -0.0717829 0.99703 0.975976 3.17708 -1.18842</i>
                        <i>0.162984 0.984481 0.0650623 -0.986237 0.160708 0.0388453 0.0277864 -0.0704981 0.997125 0.975953 3.17694 -1.18885</i>
                        <i>0.162888 0.984451 0.0657543 -0.986247 0.160568 0.0391799 0.0280127 -0.0712319 0.997066 0.975976 3.17708 -1.18842</i>
                        <i>0.162833 0.984302 0.0680825 -0.986241 0.160381 0.0400917 0.0285432 -0.0736739 0.996874 0.976039 3.17745 -1.18723</i>
                        <i>0.162821 0.984049 0.0716673 -0.986221 0.160163 0.0414337 0.0292944 -0.0774261 0.996568 0.97613 3.17797 -1.18547</i>
                        <i>0.162852 0.983709 0.0761252 -0.986189 0.15993 0.0430605 0.0301844 -0.0820863 0.996168 0.97624 3.17857 -1.18333</i>
                        <i>0.162921 0.983304 0.0810605 -0.986148 0.159697 0.0448285 0.0311349 -0.0872411 0.995701 0.976358 3.17919 -1.181</i>
                        <i>0.16302 0.982862 0.0860629 -0.986101 0.159478 0.0465952 0.0320716 -0.0924627 0.9952 0.976474 3.17976 -1.17865</i>
                        <i>0.163136 0.982425 0.0907091 -0.986054 0.159286 0.0482189 0.0329227 -0.0973103 0.994709 0.976579 3.18026 -1.17648</i>
                        <i>0.163247 0.982043 0.0945666 -0.986012 0.159134 0.0495568 0.0336181 -0.101334 0.994284 0.976664 3.18064 -1.17469</i>
                        <i>0.16333 0.981772 0.097199 -0.985982 0.159034 0.0504655 0.0340876 -0.104079 0.993985 0.976721 3.18089 -1.17348</i>
                        <i>0.163363 0.981669 0.098172 -0.985971 0.158998 0.0508006 0.0342602 -0.105094 0.993872 0.976742 3.18098 -1.17303</i>
                        <i>0.149995 0.984733 0.0883291 -0.988281 0.146775 0.0419234 0.0283188 -0.0935823 0.995209 0.958471 3.17224 -1.17702</i>
                        <i>0.129141 0.989165 0.0698225 -0.99146 0.127508 0.0273776 0.018178 -0.0727617 0.997184 0.929381 3.15489 -1.18486</i>
                        <i>0.10268 0.993454 0.0500694 -0.9947 0.102276 0.0105641 0.00537405 -0.0508887 0.99869 0.892315 3.13463 -1.19377</i>
                        <i>0.0720694 0.996776 0.0352784 -0.997365 0.0723177 -0.00581138 -0.00834389 -0.0347666 0.999361 0.850001 3.11776 -1.20111</i>
                        <i>0.0389281 0.998789 0.0300925 -0.999013 0.0395457 -0.0202098 -0.0213754 -0.0292761 0.999343 0.80494 3.11108 -1.20446</i>
                        <i>0.00565501 0.999209 0.0393514 -0.999436 0.00695024 -0.032856 -0.0331035 -0.0391434 0.998685 0.759392 3.11934 -1.20239</i>
                        <i>-0.0253365 0.997766 0.0618158 -0.998729 -0.0225685 -0.0450729 -0.0435772 -0.0628792 0.997069 0.715663 3.13805 -1.19641</i>
                        <i>-0.0526505 0.994408 0.0915443 -0.997243 -0.0475566 -0.0569635 -0.0522914 -0.0942911 0.99417 0.676291 3.16032 -1.18869</i>
                        <i>-0.0751489 0.989967 0.11966 -0.995435 -0.0673959 -0.0675764 -0.0588338 -0.124192 0.990512 0.644037 3.17963 -1.18158</i>
                        <i>-0.091015 0.986636 0.13515 -0.993828 -0.0813464 -0.0754264 -0.0634244 -0.141181 0.98795 0.621798 3.18993 -1.17756</i>
                        <i>-0.0910051 0.986816 0.133834 -0.993821 -0.0814205 -0.0754347 -0.0635433 -0.139872 0.988129 0.621798 3.18973 -1.17756</i>
                        <i>-0.0909781 0.987239 0.130698 -0.993805 -0.081594 -0.0754541 -0.063827 -0.136753 0.988547 0.621798 3.18919 -1.17756</i>
                        <i>-0.0909393 0.987731 0.126958 -0.993787 -0.0817955 -0.0754766 -0.064166 -0.133033 0.989032 0.621798 3.18837 -1.17756</i>
                        <i>-0.0909013 0.988131 0.123827 -0.993772 -0.0819596 -0.075495 -0.0644501 -0.129919 0.989428 0.621798 3.18734 -1.17756</i>
                        <i>-0.0908839 0.988297 0.122515 -0.993766 -0.0820271 -0.0755026 -0.0645693 -0.128613 0.989591 0.621798 3.18617 -1.17756</i>
                        <i>-0.0908933 0.988209 0.123214 -0.993769 -0.0819912 -0.0754985 -0.0645059 -0.129309 0.989504 0.621798 3.18493 -1.17756</i>
                        <i>-0.0909163 0.98798 0.125017 -0.993778 -0.0818977 -0.0754881 -0.0643421 -0.131102 0.989279 0.621798 3.18369 -1.17756</i>
                        <i>-0.0909451 0.987662 0.127483 -0.99379 -0.0817675 -0.0754735 -0.0641184 -0.133556 0.988965 0.621798 3.18252 -1.17756</i>
                        <i>-0.090973 0.987309 0.130173 -0.993803 -0.0816227 -0.0754573 -0.0638746 -0.13623 0.988616 0.621798 3.18149 -1.17756</i>
                        <i>-0.0909954 0.986978 0.132642 -0.993815 -0.0814869 -0.0754421 -0.0636511 -0.138687 0.988289 0.621798 3.18067 -1.17756</i>
                        <i>-0.0910098 0.986732 0.134449 -0.993824 -0.0813859 -0.0754308 -0.0634878 -0.140484 0.988045 0.621798 3.18013 -1.17756</i>
                        <i>-0.091015 0.986636 0.13515 -0.993828 -0.0813464 -0.0754264 -0.0634244 -0.141181 0.98795 0.621798 3.17993 -1.17756</i>
                        <i>-0.0828072 0.987232 0.136076 -0.994664 -0.0734451 -0.0724453 -0.0615261 -0.141349 0.988046 0.635574 3.16302 -1.17721</i>
                        <i>-0.0696259 0.988116 0.137036 -0.995851 -0.0607774 -0.0677329 -0.0585993 -0.141183 0.988248 0.65784 3.1361 -1.17663</i>
                        <i>-0.0533757 0.988953 0.138288 -0.997051 -0.045134 -0.0620656 -0.0551385 -0.141193 0.988445 0.68543 3.10293 -1.17589</i>
                        <i>-0.0358572 0.9895 0.140017 -0.998023 -0.0282192 -0.0561605 -0.0516196 -0.141754 0.988555 0.715168 3.06724 -1.17507</i>
                        <i>-0.0188351 0.989658 0.142202 -0.998648 -0.0117284 -0.0506501 -0.0484586 -0.142963 0.988541 0.743867 3.03283 -1.17426</i>
                        <i>-0.00415372 0.989491 0.144532 -0.998934 0.00253876 -0.0460892 -0.0459718 -0.14457 0.988426 0.768333 3.0035 -1.17356</i>
                        <i>0.00619331 0.989202 0.14643 -0.998996 0.0126174 -0.0429836 -0.044367 -0.146017 0.988287 0.785361 2.98308 -1.17306</i>
                        <i>0.0101066 0.989055 0.1472 -0.998989 0.016434 -0.0418324 -0.0437936 -0.146629 0.988222 0.791749 2.97543 -1.17287</i>
                    </KeyFrames>
                </p>
            </i>
            <i>
                <p>
                    <Name><![CDATA[spine1]]></Name>
                    <Exclude>0</Exclude>
                    <Additive>0</Additive>
                    <IKPriority>0</IKPriority>
                    <IKRotLimits>-1e+010 -1e+010 -1e+010 1e+010 1e+010 1e+010</IKRotLimits>
                    <IKRotLimitOrder>0</IKRotLimitOrder>
                    <KeyFrames count="60">
                        <i>-0.0452508 0.913255 0.404868 -0.998741 -0.0325741 -0.0381492 -0.0216518 -0.406085 0.913579 0.79356 3.15251 -1.14656</i>
                        <i>-0.0312816 0.903106 0.428277 -0.99932 -0.0198825 -0.0310649 -0.0195397 -0.428957 0.903113 0.800328 3.15449 -1.15373</i>
                        <i>0.0061925 0.87995 0.475027 -0.99977 0.0152089 -0.0151402 -0.0205472 -0.474824 0.879841 0.818413 3.16068 -1.16919</i>
                        <i>0.0597225 0.85584 0.513782 -0.99767 0.0681886 0.00238398 -0.0329937 -0.512727 0.857918 0.844654 3.17183 -1.18418</i>
                        <i>0.123291 0.842509 0.524384 -0.990929 0.132996 0.019302 -0.0534789 -0.522007 0.851263 0.876043 3.19003 -1.19133</i>
                        <i>0.193467 0.842216 0.503231 -0.978722 0.201413 0.0391807 -0.068359 -0.500104 0.863263 0.909515 3.22112 -1.18853</i>
                        <i>0.264796 0.846843 0.461237 -0.961868 0.265933 0.0639498 -0.0685026 -0.460583 0.884969 0.942149 3.2628 -1.17988</i>
                        <i>0.329717 0.851858 0.406971 -0.942632 0.320918 0.0919603 -0.0522673 -0.413945 0.9088 0.971152 3.30562 -1.16847</i>
                        <i>0.37972 0.854506 0.354445 -0.924686 0.362063 0.117751 -0.0277125 -0.372463 0.927633 0.993718 3.34046 -1.15807</i>
                        <i>0.407592 0.854519 0.321971 -0.913105 0.385411 0.133034 -0.0104105 -0.348217 0.937356 1.00683 3.35851 -1.15292</i>
                        <i>0.407358 0.854475 0.322385 -0.9132 0.385413 0.132369 -0.0111455 -0.348323 0.937308 1.00681 3.35855 -1.1536</i>
                        <i>0.406717 0.854364 0.323486 -0.91346 0.385413 0.130567 -0.013124 -0.348595 0.937182 1.00675 3.35864 -1.15545</i>
                        <i>0.405755 0.854226 0.325055 -0.913842 0.385394 0.127923 -0.0159988 -0.348955 0.937003 1.00667 3.35877 -1.15817</i>
                        <i>0.404559 0.854099 0.326874 -0.914306 0.38534 0.124733 -0.0194231 -0.349325 0.9368 1.00658 3.35888 -1.16146</i>
                        <i>0.403224 0.854016 0.328734 -0.914811 0.385241 0.121287 -0.0230613 -0.349635 0.936602 1.00647 3.35897 -1.16502</i>
                        <i>0.401856 0.854 0.330448 -0.915316 0.385101 0.117869 -0.0265955 -0.349831 0.936435 1.00636 3.35901 -1.16858</i>
                        <i>0.400573 0.85406 0.331848 -0.915783 0.384932 0.114758 -0.0297283 -0.34987 0.936327 1.00625 3.359 -1.17182</i>
                        <i>0.399499 0.854196 0.332791 -0.916169 0.38476 0.112225 -0.0321821 -0.349726 0.936299 1.00617 3.35896 -1.17448</i>
                        <i>0.398767 0.854399 0.333147 -0.916433 0.384619 0.110536 -0.0336925 -0.349385 0.936373 1.0061 3.3589 -1.17625</i>
                        <i>0.398489 0.854893 0.332212 -0.916551 0.384512 0.109928 -0.033763 -0.348294 0.936777 1.00607 3.35885 -1.17691</i>
                        <i>0.398717 0.856054 0.328932 -0.916522 0.38441 0.110528 -0.0318267 -0.345543 0.937863 1.00604 3.3588 -1.17636</i>
                        <i>0.399363 0.857794 0.323572 -0.916361 0.384321 0.112162 -0.0281433 -0.341302 0.939532 1.00603 3.35875 -1.17477</i>
                        <i>0.400301 0.85994 0.316642 -0.916091 0.384251 0.114576 -0.0231411 -0.335938 0.9416 1.00603 3.35869 -1.17239</i>
                        <i>0.401405 0.862324 0.308662 -0.915738 0.384204 0.117519 -0.0172498 -0.329826 0.943884 1.00604 3.35861 -1.16947</i>
                        <i>0.402557 0.864776 0.300182 -0.91533 0.38418 0.120737 -0.0109138 -0.323369 0.94621 1.00607 3.3585 -1.16628</i>
                        <i>0.403658 0.867133 0.291789 -0.914899 0.384177 0.123972 -0.00459803 -0.316999 0.948415 1.0061 3.35838 -1.16307</i>
                        <i>0.404621 0.869232 0.284107 -0.914484 0.384188 0.126962 0.00120926 -0.311183 0.950349 1.00613 3.35825 -1.16011</i>
                        <i>0.405379 0.870919 0.277792 -0.914129 0.384206 0.129438 0.00600048 -0.306409 0.951881 1.00616 3.35812 -1.15766</i>
                        <i>0.405876 0.872041 0.273514 -0.913881 0.384223 0.131125 0.00925586 -0.303179 0.952889 1.00619 3.35803 -1.15599</i>
                        <i>0.406055 0.872449 0.271942 -0.913789 0.38423 0.131748 0.0104549 -0.301994 0.953252 1.0062 3.358 -1.15538</i>
                        <i>0.374973 0.879527 0.292965 -0.927034 0.356393 0.116586 -0.00187004 -0.315305 0.948989 0.985625 3.35053 -1.16109</i>
                        <i>0.323713 0.885551 0.333181 -0.945896 0.311139 0.0920509 -0.0221497 -0.344953 0.938359 0.953029 3.33603 -1.17215</i>
                        <i>0.25712 0.889755 0.377129 -0.965684 0.251362 0.0653522 -0.0366484 -0.380991 0.923852 0.911413 3.31942 -1.18454</i>
                        <i>0.181041 0.89318 0.411648 -0.982776 0.18009 0.0414659 -0.0370972 -0.412064 0.910399 0.863593 3.30573 -1.19456</i>
                        <i>0.101195 0.898774 0.426574 -0.994584 0.101615 0.0218449 -0.0237126 -0.426474 0.904189 0.812314 3.30022 -1.19887</i>
                        <i>0.0218528 0.908053 0.418284 -0.999742 0.0224101 0.00358047 -0.00612251 -0.418254 0.908309 0.760454 3.30651 -1.19512</i>
                        <i>-0.0540185 0.917885 0.393154 -0.998533 -0.0511074 -0.0178773 0.00368374 -0.393543 0.919299 0.711016 3.32118 -1.18514</i>
                        <i>-0.12243 0.925719 0.357849 -0.992476 -0.114661 -0.0429375 0.00128335 -0.360414 0.932792 0.666835 3.33898 -1.1723</i>
                        <i>-0.178423 0.9299 0.321639 -0.983904 -0.165337 -0.0677912 -0.00986006 -0.328557 0.944433 0.630747 3.35473 -1.16045</i>
                        <i>-0.217052 0.930147 0.296167 -0.975944 -0.200388 -0.0858973 -0.0205488 -0.307686 0.951266 0.605809 3.36327 -1.15384</i>
                        <i>-0.217152 0.931549 0.291653 -0.975902 -0.200616 -0.08584 -0.0214539 -0.303265 0.952665 0.605813 3.36308 -1.15408</i>
                        <i>-0.217379 0.934805 0.280868 -0.975802 -0.201162 -0.0857024 -0.0236149 -0.292702 0.955912 0.605823 3.36256 -1.15464</i>
                        <i>-0.217624 0.938529 0.267962 -0.975681 -0.201817 -0.0855364 -0.0261991 -0.28006 0.959625 0.605837 3.36174 -1.1553</i>
                        <i>-0.217809 0.941514 0.257119 -0.975579 -0.202369 -0.0853958 -0.0283684 -0.26944 0.962599 0.60585 3.36072 -1.15586</i>
                        <i>-0.217882 0.942729 0.252565 -0.975536 -0.202602 -0.0853365 -0.0292792 -0.264979 0.96381 0.605856 3.35955 -1.15609</i>
                        <i>-0.217844 0.942085 0.254991 -0.975559 -0.202478 -0.0853681 -0.028794 -0.267356 0.963168 0.605853 3.35831 -1.15597</i>
                        <i>-0.217741 0.940394 0.261243 -0.975618 -0.202159 -0.0854494 -0.0275436 -0.273479 0.961484 0.605845 3.35707 -1.15565</i>
                        <i>-0.217591 0.938016 0.269777 -0.975698 -0.201725 -0.0855598 -0.0258357 -0.281838 0.959114 0.605835 3.3559 -1.15521</i>
                        <i>-0.217415 0.935338 0.279057 -0.975785 -0.201254 -0.0856792 -0.0239776 -0.290928 0.956445 0.605825 3.35486 -1.15473</i>
                        <i>-0.21724 0.932801 0.287557 -0.975864 -0.200823 -0.0857878 -0.0222747 -0.299253 0.953914 0.605817 3.35403 -1.15429</i>
                        <i>-0.217106 0.930897 0.293763 -0.975922 -0.20051 -0.0858668 -0.0210308 -0.305332 0.952014 0.605811 3.35347 -1.15397</i>
                        <i>-0.217052 0.930147 0.296167 -0.975944 -0.200388 -0.0858973 -0.0205488 -0.307686 0.951266 0.605809 3.35327 -1.15384</i>
                        <i>-0.203105 0.929602 0.307552 -0.97901 -0.187349 -0.0802514 -0.0169822 -0.317396 0.948141 0.621016 3.3366 -1.15331</i>
                        <i>-0.180557 0.928914 0.323293 -0.983479 -0.166188 -0.0717626 -0.0129339 -0.330909 0.943574 0.645581 3.31011 -1.15253</i>
                        <i>-0.152581 0.927435 0.341444 -0.988239 -0.139619 -0.0623775 -0.0101789 -0.346945 0.93783 0.67601 3.27749 -1.15151</i>
                        <i>-0.122428 0.924853 0.360081 -0.992428 -0.110472 -0.0536833 -0.00987024 -0.363927 0.931375 0.70882 3.24246 -1.15031</i>
                        <i>-0.0933909 0.921339 0.377376 -0.995555 -0.0817852 -0.0467013 -0.012164 -0.38006 0.924882 0.740522 3.20872 -1.14903</i>
                        <i>-0.0687338 0.917549 0.391637 -0.997505 -0.0568617 -0.0418471 -0.0161276 -0.393536 0.919168 0.767594 3.17999 -1.14782</i>
                        <i>-0.0516436 0.914488 0.401303 -0.998466 -0.0392428 -0.039066 -0.0199771 -0.402705 0.915112 0.786471 3.16 -1.14692</i>
                        <i>-0.0452508 0.913255 0.404868 -0.998741 -0.0325741 -0.0381492 -0.0216518 -0.406085 0.913579 0.79356 3.15251 -1.14656</i>
                    </KeyFrames>
                </p>
            </i>
            <i>
                <p>
                    <Name><![CDATA[spine2]]></Name>
                    <Exclude>0</Exclude>
                    <Additive>0</Additive>
                    <IKPriority>0</IKPriority>
                    <IKRotLimits>-1e+010 -1e+010 -1e+010 1e+010 1e+010 1e+010</IKRotLimits>
                    <IKRotLimitOrder>0</IKRotLimitOrder>
                    <KeyFrames count="60">
                        <i>-0.0309603 0.705324 0.708208 -0.999512 -0.0248651 -0.0189311 0.00425712 -0.708448 0.70575 0.786116 3.30285 -1.07975</i>
                        <i>-0.0143687 0.695434 0.718446 -0.999897 -0.00985477 -0.0104586 -0.000193111 -0.718523 0.695504 0.795134 3.3046 -1.08235</i>
                        <i>0.0290385 0.674786 0.737442 -0.999479 0.0300028 0.0119032 -0.0140932 -0.737403 0.675306 0.819477 3.31035 -1.08809</i>
                        <i>0.0897474 0.654246 0.750938 -0.995288 0.0867111 0.0434045 -0.0367174 -0.751294 0.658945 0.855092 3.32113 -1.09413</i>
                        <i>0.161363 0.638995 0.752096 -0.984802 0.153861 0.0805682 -0.0642354 -0.753666 0.654111 0.897848 3.3388 -1.09826</i>
                        <i>0.240508 0.628131 0.740005 -0.966312 0.226914 0.121451 -0.0916303 -0.744286 0.661546 0.943495 3.36883 -1.09983</i>
                        <i>0.321444 0.61814 0.71734 -0.94 0.299772 0.162903 -0.114342 -0.726664 0.677411 0.987924 3.40898 -1.0999</i>
                        <i>0.396393 0.609261 0.686785 -0.909034 0.365222 0.200673 -0.128566 -0.703856 0.698611 1.02718 3.45017 -1.09914</i>
                        <i>0.455713 0.602563 0.655167 -0.880001 0.415684 0.229792 -0.133878 -0.681267 0.719689 1.05742 3.48361 -1.09849</i>
                        <i>0.489625 0.599293 0.633337 -0.861534 0.444361 0.245567 -0.134264 -0.665877 0.733881 1.07483 3.50088 -1.0991</i>
                        <i>0.489418 0.599935 0.632889 -0.86167 0.44433 0.245143 -0.134141 -0.665319 0.734409 1.07481 3.50099 -1.09968</i>
                        <i>0.488859 0.601716 0.631629 -0.862043 0.444242 0.243989 -0.133784 -0.663768 0.735877 1.07474 3.50127 -1.10126</i>
                        <i>0.488039 0.604422 0.629676 -0.862598 0.4441 0.242279 -0.1332 -0.661399 0.738112 1.07465 3.50168 -1.10359</i>
                        <i>0.487048 0.607838 0.62715 -0.863281 0.443909 0.240189 -0.132401 -0.658391 0.74094 1.07453 3.50216 -1.10642</i>
                        <i>0.48598 0.611737 0.62418 -0.864035 0.443677 0.237896 -0.131405 -0.654926 0.744181 1.0744 3.50264 -1.1095</i>
                        <i>0.484935 0.615883 0.620907 -0.864798 0.44343 0.235574 -0.130243 -0.651197 0.747649 1.07425 3.50309 -1.1126</i>
                        <i>0.484016 0.620029 0.617489 -0.865505 0.443202 0.233396 -0.12896 -0.647407 0.751155 1.07412 3.50348 -1.11545</i>
                        <i>0.48333 0.623919 0.614099 -0.866087 0.443041 0.231532 -0.127614 -0.64377 0.754503 1.07399 3.50378 -1.11781</i>
                        <i>0.482987 0.627297 0.610919 -0.866475 0.443005 0.230146 -0.12627 -0.640504 0.757503 1.0739 3.50396 -1.11944</i>
                        <i>0.483169 0.63029 0.607686 -0.866588 0.44321 0.229325 -0.124791 -0.637416 0.760347 1.07384 3.50405 -1.12024</i>
                        <i>0.48406 0.633353 0.60378 -0.866363 0.443792 0.229048 -0.122884 -0.633966 0.763536 1.07379 3.50405 -1.1203</i>
                        <i>0.485552 0.63649 0.599267 -0.865851 0.444699 0.229228 -0.120592 -0.630178 0.767029 1.07375 3.50399 -1.11974</i>
                        <i>0.487471 0.639645 0.594329 -0.865128 0.445832 0.229755 -0.118009 -0.626169 0.770705 1.07371 3.50388 -1.1187</i>
                        <i>0.489646 0.642759 0.589159 -0.864272 0.447094 0.230522 -0.11524 -0.622068 0.774436 1.07368 3.50372 -1.11732</i>
                        <i>0.491907 0.645753 0.583978 -0.863361 0.448386 0.231425 -0.112404 -0.618024 0.778082 1.07366 3.50352 -1.11575</i>
                        <i>0.494092 0.648526 0.57904 -0.862468 0.449616 0.232368 -0.109649 -0.614214 0.781485 1.07365 3.5033 -1.11412</i>
                        <i>0.496042 0.650952 0.574633 -0.861662 0.4507 0.233255 -0.10715 -0.610844 0.784467 1.07364 3.50309 -1.1126</i>
                        <i>0.49761 0.652883 0.571076 -0.861009 0.451562 0.233997 -0.105103 -0.608141 0.786841 1.07364 3.5029 -1.11132</i>
                        <i>0.498655 0.654159 0.568699 -0.860572 0.45213 0.234507 -0.103722 -0.606345 0.788408 1.07364 3.50276 -1.11044</i>
                        <i>0.499035 0.654618 0.567837 -0.860413 0.452335 0.234697 -0.103216 -0.605696 0.788973 1.07364 3.50271 -1.11012</i>
                        <i>0.457475 0.661398 0.594365 -0.883261 0.415251 0.217753 -0.102789 -0.624596 0.774154 1.04815 3.49698 -1.11214</i>
                        <i>0.38796 0.661089 0.642221 -0.916083 0.353234 0.189786 -0.101389 -0.661957 0.742653 1.00761 3.48512 -1.11583</i>
                        <i>0.299608 0.657952 0.690893 -0.950037 0.272199 0.152766 -0.0875481 -0.702144 0.706632 0.95543 3.47149 -1.1198</i>
                        <i>0.201827 0.658527 0.724988 -0.977747 0.17873 0.109846 -0.0572408 -0.731025 0.679946 0.895013 3.46044 -1.1229</i>
                        <i>0.101108 0.671474 0.734098 -0.994763 0.0793387 0.0644386 -0.0149735 -0.736768 0.675979 0.829964 3.45653 -1.12431</i>
                        <i>-0.000933799 0.703471 0.710723 -0.999617 -0.0203172 0.0187965 0.0276627 -0.710433 0.703221 0.764253 3.46274 -1.12281</i>
                        <i>-0.103637 0.745131 0.658816 -0.99298 -0.115485 -0.0255872 0.0570177 -0.656843 0.751869 0.701931 3.47599 -1.11858</i>
                        <i>-0.200753 0.783462 0.588121 -0.977374 -0.201006 -0.0658553 0.0666205 -0.588035 0.806087 0.646622 3.49191 -1.11301</i>
                        <i>-0.281902 0.809093 0.515654 -0.95755 -0.271007 -0.0982552 0.060248 -0.521463 0.851145 0.601717 3.50605 -1.10801</i>
                        <i>-0.337046 0.818118 0.465921 -0.940099 -0.319325 -0.119357 0.0511322 -0.478241 0.876739 0.570713 3.51367 -1.10588</i>
                        <i>-0.337477 0.821091 0.460346 -0.940005 -0.319926 -0.11848 0.0499934 -0.472712 0.879798 0.570705 3.51369 -1.10685</i>
                        <i>-0.338476 0.828041 0.44697 -0.939787 -0.321337 -0.116373 0.0472658 -0.459446 0.886947 0.570688 3.51364 -1.10917</i>
                        <i>-0.339618 0.836076 0.430857 -0.939534 -0.322983 -0.11383 0.0439887 -0.443463 0.895213 0.570675 3.51338 -1.11194</i>
                        <i>-0.340532 0.842587 0.417236 -0.939329 -0.32433 -0.111676 0.0412258 -0.429951 0.901911 0.57067 3.51278 -1.11427</i>
                        <i>-0.340903 0.845257 0.411492 -0.939244 -0.324886 -0.110766 0.0400626 -0.424252 0.904657 0.570669 3.51179 -1.11524</i>
                        <i>-0.340706 0.843839 0.414554 -0.939289 -0.324591 -0.111251 0.0406825 -0.42729 0.903199 0.57067 3.51046 -1.11472</i>
                        <i>-0.340189 0.840136 0.422425 -0.939406 -0.323822 -0.112497 0.0422777 -0.435099 0.899389 0.570671 3.50897 -1.11338</i>
                        <i>-0.339461 0.834964 0.43313 -0.939569 -0.322754 -0.114189 0.0444505 -0.445718 0.894069 0.570677 3.50746 -1.11155</i>
                        <i>-0.33864 0.829187 0.444715 -0.939751 -0.32157 -0.116018 0.0468068 -0.45721 0.888126 0.570686 3.50603 -1.10956</i>
                        <i>-0.337861 0.823756 0.455276 -0.939922 -0.320465 -0.117682 0.0489588 -0.467684 0.882539 0.570698 3.50482 -1.10773</i>
                        <i>-0.337276 0.819706 0.462954 -0.940049 -0.319646 -0.118891 0.050526 -0.475299 0.878373 0.570709 3.50398 -1.1064</i>
                        <i>-0.337046 0.818118 0.465921 -0.940099 -0.319325 -0.119357 0.0511322 -0.478241 0.876739 0.570713 3.50367 -1.10588</i>
                        <i>-0.311513 0.813862 0.490498 -0.948701 -0.295753 -0.111786 0.054088 -0.500159 0.864243 0.588154 3.48701 -1.10347</i>
                        <i>-0.270341 0.806172 0.526311 -0.961142 -0.257709 -0.0989514 0.0558629 -0.53261 0.844515 0.616329 3.46062 -1.10005</i>
                        <i>-0.219461 0.793275 0.567937 -0.974137 -0.21027 -0.0827266 0.053795 -0.571403 0.818904 0.651238 3.42811 -1.09596</i>
                        <i>-0.165139 0.774788 0.610272 -0.985174 -0.158755 -0.0650345 0.0464961 -0.611964 0.789518 0.688886 3.39311 -1.09155</i>
                        <i>-0.11365 0.752386 0.648844 -0.992919 -0.108735 -0.0478309 0.0345645 -0.649686 0.759417 0.725264 3.35933 -1.08721</i>
                        <i>-0.0708071 0.729814 0.679969 -0.997276 -0.0659254 -0.0330911 0.0206768 -0.68046 0.732494 0.756327 3.3305 -1.08344</i>
                        <i>-0.0417044 0.712274 0.700661 -0.999089 -0.036071 -0.0227984 0.00903482 -0.700974 0.71313 0.777983 3.3104 -1.08077</i>
                        <i>-0.0309603 0.705324 0.708208 -0.999512 -0.0248651 -0.0189311 0.00425712 -0.708448 0.70575 0.786116 3.30285 -1.07975</i>
                    </KeyFrames>
                </p>
            </i>
            <i>
                <p>
                    <Name><![CDATA[head]]></Name>
                    <Exclude>0</Exclude>
                    <Additive>0</Additive>
                    <IKPriority>0</IKPriority>
                    <IKRotLimits>-1e+010 -1e+010 -1e+010 1e+010 1e+010 1e+010</IKRotLimits>
                    <IKRotLimitOrder>0</IKRotLimitOrder>
                    <KeyFrames count="60">
                        <i>-0.0274614 0.971863 0.23394 0.0133321 0.234363 -0.972058 -0.999534 -0.0235751 -0.0193929 0.781889 3.48788 -0.893901</i>
                        <i>0.0368771 0.971057 0.235984 -0.00629736 0.236366 -0.971644 -0.9993 0.0343453 0.0148316 0.795094 3.4891 -0.894184</i>
                        <i>0.183615 0.955512 0.230828 -0.0494104 0.243495 -0.968643 -0.981755 0.166452 0.0919218 0.830723 3.49368 -0.895182</i>
                        <i>0.340342 0.916662 0.209519 -0.0931415 0.25459 -0.962553 -0.935677 0.308082 0.172027 0.882743 3.50275 -0.897214</i>
                        <i>0.440737 0.87838 0.184933 -0.117645 0.260769 -0.958206 -0.889894 0.40056 0.218267 0.945047 3.51754 -0.90056</i>
                        <i>0.462759 0.869942 0.170452 -0.11523 0.249677 -0.961449 -0.878963 0.425278 0.215784 1.01151 3.54306 -0.905287</i>
                        <i>0.43848 0.884229 0.160858 -0.0949315 0.223548 -0.970059 -0.893713 0.410081 0.181962 1.07608 3.57756 -0.911172</i>
                        <i>0.39181 0.907365 0.152231 -0.0641096 0.191983 -0.979302 -0.91781 0.373941 0.133392 1.13296 3.61298 -0.917688</i>
                        <i>0.346121 0.927106 0.143788 -0.0335937 0.16541 -0.985653 -0.937588 0.336325 0.0883968 1.17661 3.64181 -0.924075</i>
                        <i>0.325278 0.935273 0.139498 -0.0177133 0.153521 -0.987987 -0.945453 0.318899 0.0665038 1.20171 3.65682 -0.929464</i>
                        <i>0.325135 0.935329 0.13945 -0.0177494 0.153472 -0.987994 -0.945501 0.318756 0.0665007 1.20172 3.65722 -0.930211</i>
                        <i>0.324745 0.935457 0.139502 -0.0177937 0.153513 -0.987986 -0.945634 0.318361 0.0664978 1.20176 3.6583 -0.932255</i>
                        <i>0.324165 0.935592 0.139947 -0.0177519 0.153926 -0.987923 -0.945834 0.317765 0.0665058 1.20181 3.6599 -0.935299</i>
                        <i>0.323451 0.935669 0.141078 -0.0175313 0.154992 -0.98776 -0.946082 0.317019 0.0665358 1.20187 3.66184 -0.939047</i>
                        <i>0.322662 0.935621 0.143186 -0.0170388 0.156994 -0.987453 -0.946361 0.316173 0.066598 1.20193 3.66398 -0.943202</i>
                        <i>0.321851 0.935377 0.146565 -0.0161811 0.160213 -0.98695 -0.946652 0.31528 0.0667004 1.20198 3.66616 -0.947461</i>
                        <i>0.321074 0.934857 0.151504 -0.0148631 0.164928 -0.986194 -0.946938 0.314389 0.0668489 1.20204 3.66822 -0.951515</i>
                        <i>0.320376 0.933971 0.158292 -0.0129872 0.171415 -0.985113 -0.947201 0.313551 0.0670469 1.2021 3.67004 -0.955053</i>
                        <i>0.319802 0.932612 0.167216 -0.0104528 0.179946 -0.983621 -0.947427 0.312816 0.0672954 1.20217 3.67148 -0.957757</i>
                        <i>0.319345 0.93076 0.178059 -0.00731631 0.190314 -0.981696 -0.94761 0.312197 0.0675854 1.20225 3.67254 -0.959578</i>
                        <i>0.318956 0.928509 0.190097 -0.00379837 0.201824 -0.979415 -0.947762 0.311669 0.0678998 1.20234 3.67332 -0.960743</i>
                        <i>0.318614 0.925925 0.202847 -4.17738e-005 0.214014 -0.976831 -0.947885 0.311223 0.0682264 1.20244 3.67385 -0.961352</i>
                        <i>0.318301 0.923093 0.215831 0.00381066 0.226425 -0.974021 -0.947982 0.310855 0.0685538 1.20254 3.67417 -0.961507</i>
                        <i>0.318009 0.920121 0.228575 0.0076159 0.238604 -0.971087 -0.948057 0.310556 0.0688708 1.20264 3.67433 -0.961309</i>
