<?xml version="1.0" encoding="ISO-8859-1" ?>
<Animl Version="1">
    <ModellingPackage><![CDATA[Maya.2010]]></ModellingPackage>
    <SrcFile><![CDATA[anims\turrets\antitank\blue\~src\at_bgm71tow\antitank_bgm71tow_aim_high_crewman_a.mb]]></SrcFile>
    <FramesPerSecond>30</FramesPerSecond>
    <TotalFrames>30</TotalFrames>
    <Skeleton>
        <RefFrame>
            <Name><![CDATA[soldier_ref_frame]]></Name>
            <Exclude>0</Exclude>
            <Additive>0</Additive>
            <IKPriority>0</IKPriority>
            <IKRotLimits>-1e+010 -1e+010 -1e+010 1e+010 1e+010 1e+010</IKRotLimits>
            <IKRotLimitOrder>0</IKRotLimitOrder>
            <KeyFrames count="30">
                <i>1 0 0 0 1 0 0 0 1 0.92 1.77 -1.21</i>
                <i>1 0 0 0 1 0 0 0 1 0.92 1.77 -1.21</i>
                <i>1 0 0 0 1 0 0 0 1 0.92 1.77 -1.21</i>
                <i>1 0 0 0 1 0 0 0 1 0.92 1.77 -1.21</i>
                <i>1 0 0 0 1 0 0 0 1 0.92 1.77 -1.21</i>
                <i>1 0 0 0 1 0 0 0 1 0.92 1.77 -1.21</i>
                <i>1 0 0 0 1 0 0 0 1 0.92 1.77 -1.21</i>
                <i>1 0 0 0 1 0 0 0 1 0.92 1.77 -1.21</i>
                <i>1 0 0 0 1 0 0 0 1 0.92 1.77 -1.21</i>
                <i>1 0 0 0 1 0 0 0 1 0.92 1.77 -1.21</i>
                <i>1 0 0 0 1 0 0 0 1 0.92 1.77 -1.21</i>
                <i>1 0 0 0 1 0 0 0 1 0.92 1.77 -1.21</i>
                <i>1 0 0 0 1 0 0 0 1 0.92 1.77 -1.21</i>
                <i>1 0 0 0 1 0 0 0 1 0.92 1.77 -1.21</i>
                <i>1 0 0 0 1 0 0 0 1 0.92 1.77 -1.21</i>
                <i>1 0 0 0 1 0 0 0 1 0.92 1.77 -1.21</i>
                <i>1 0 0 0 1 0 0 0 1 0.92 1.77 -1.21</i>
                <i>1 0 0 0 1 0 0 0 1 0.92 1.77 -1.21</i>
                <i>1 0 0 0 1 0 0 0 1 0.92 1.77 -1.21</i>
                <i>1 0 0 0 1 0 0 0 1 0.92 1.77 -1.21</i>
                <i>1 0 0 0 1 0 0 0 1 0.92 1.77 -1.21</i>
                <i>1 0 0 0 1 0 0 0 1 0.92 1.77 -1.21</i>
                <i>1 0 0 0 1 0 0 0 1 0.92 1.77 -1.21</i>
                <i>1 0 0 0 1 0 0 0 1 0.92 1.77 -1.21</i>
                <i>1 0 0 0 1 0 0 0 1 0.92 1.77 -1.21</i>
                <i>1 0 0 0 1 0 0 0 1 0.92 1.77 -1.21</i>
                <i>1 0 0 0 1 0 0 0 1 0.92 1.77 -1.21</i>
                <i>1 0 0 0 1 0 0 0 1 0.92 1.77 -1.21</i>
                <i>1 0 0 0 1 0 0 0 1 0.92 1.77 -1.21</i>
                <i>1 0 0 0 1 0 0 0 1 0.92 1.77 -1.21</i>
            </KeyFrames>
        </RefFrame>
        <Bones count="23">
            <i>
                <p>
                    <Name><![CDATA[pelvis]]></Name>
                    <Exclude>0</Exclude>
                    <Additive>0</Additive>
                    <IKPriority>0</IKPriority>
                    <IKRotLimits>-1e+010 -1e+010 -1e+010 1e+010 1e+010 1e+010</IKRotLimits>
                    <IKRotLimitOrder>2</IKRotLimitOrder>
                    <KeyFrames count="30">
                        <i>1 0 0 0 1 0 0 0 1 0.781889 2.62521 -1.25715</i>
                        <i>1 0 0 0 1 0 0 0 1 0.781889 2.62559 -1.25715</i>
                        <i>1 0 0 0 1 0 0 0 1 0.781889 2.62664 -1.25715</i>
                        <i>1 0 0 0 1 0 0 0 1 0.781889 2.62827 -1.25715</i>
                        <i>1 0 0 0 1 0 0 0 1 0.781889 2.63036 -1.25715</i>
                        <i>1 0 0 0 1 0 0 0 1 0.781889 2.63282 -1.25715</i>
                        <i>1 0 0 0 1 0 0 0 1 0.781889 2.63554 -1.25715</i>
                        <i>1 0 0 0 1 0 0 0 1 0.781889 2.63841 -1.25715</i>
                        <i>1 0 0 0 1 0 0 0 1 0.781889 2.64134 -1.25715</i>
                        <i>1 0 0 0 1 0 0 0 1 0.781889 2.64421 -1.25715</i>
                        <i>1 0 0 0 1 0 0 0 1 0.781889 2.64693 -1.25715</i>
                        <i>1 0 0 0 1 0 0 0 1 0.781889 2.64939 -1.25715</i>
                        <i>1 0 0 0 1 0 0 0 1 0.781889 2.65148 -1.25715</i>
                        <i>1 0 0 0 1 0 0 0 1 0.781889 2.6531 -1.25715</i>
                        <i>1 0 0 0 1 0 0 0 1 0.781889 2.65415 -1.25715</i>
                        <i>1 0 0 0 1 0 0 0 1 0.781889 2.65453 -1.25715</i>
                        <i>1 0 0 0 1 0 0 0 1 0.781889 2.6541 -1.25715</i>
                        <i>1 0 0 0 1 0 0 0 1 0.781889 2.65291 -1.25715</i>
                        <i>1 0 0 0 1 0 0 0 1 0.781889 2.65108 -1.25715</i>
                        <i>1 0 0 0 1 0 0 0 1 0.781889 2.64874 -1.25715</i>
                        <i>1 0 0 0 1 0 0 0 1 0.781889 2.64601 -1.25715</i>
                        <i>1 0 0 0 1 0 0 0 1 0.781889 2.64303 -1.25715</i>
                        <i>1 0 0 0 1 0 0 0 1 0.781889 2.63991 -1.25715</i>
                        <i>1 0 0 0 1 0 0 0 1 0.781889 2.6368 -1.25715</i>
                        <i>1 0 0 0 1 0 0 0 1 0.781889 2.63381 -1.25715</i>
                        <i>1 0 0 0 1 0 0 0 1 0.781889 2.63107 -1.25715</i>
                        <i>1 0 0 0 1 0 0 0 1 0.781889 2.62872 -1.25715</i>
                        <i>1 0 0 0 1 0 0 0 1 0.781889 2.62687 -1.25715</i>
                        <i>1 0 0 0 1 0 0 0 1 0.781889 2.62566 -1.25715</i>
                        <i>1 0 0 0 1 0 0 0 1 0.781889 2.62521 -1.25715</i>
                    </KeyFrames>
                </p>
            </i>
            <i>
                <p>
                    <Name><![CDATA[spine0]]></Name>
                    <Exclude>0</Exclude>
                    <Additive>0</Additive>
                    <IKPriority>0</IKPriority>
                    <IKRotLimits>-1e+010 -1e+010 -1e+010 1e+010 1e+010 1e+010</IKRotLimits>
                    <IKRotLimitOrder>0</IKRotLimitOrder>
                    <KeyFrames count="30">
                        <i>0.0238413 0.974391 0.223591 -0.998213 0.0354614 -0.0480993 -0.0547965 -0.222045 0.973495 0.800191 2.76772 -1.26447</i>
                        <i>0.0241569 0.973072 0.229233 -0.998206 0.0360436 -0.0478093 -0.0547843 -0.227667 0.972197 0.800193 2.76809 -1.26464</i>
                        <i>0.0244012 0.971902 0.234119 -0.998212 0.0364709 -0.0473632 -0.0545709 -0.232545 0.971053 0.8002 2.76911 -1.26511</i>
                        <i>0.0245678 0.970923 0.238127 -0.998228 0.0367372 -0.0468018 -0.054189 -0.236555 0.970106 0.80021 2.77069 -1.26583</i>
                        <i>0.0246513 0.97018 0.241127 -0.998254 0.036838 -0.046163 -0.0536691 -0.239569 0.969395 0.800222 2.77273 -1.26674</i>
                        <i>0.0246477 0.969717 0.242986 -0.998288 0.0367706 -0.0454823 -0.0530397 -0.241449 0.968963 0.800234 2.77511 -1.26778</i>
                        <i>0.0245674 0.969518 0.243784 -0.998327 0.036559 -0.0447867 -0.0523341 -0.242276 0.968795 0.800247 2.77774 -1.26891</i>
                        <i>0.0244308 0.969527 0.243762 -0.998369 0.0362451 -0.0440986 -0.05159 -0.242287 0.968832 0.800259 2.78051 -1.27006</i>
                        <i>0.0242509 0.969722 0.243005 -0.998412 0.0358555 -0.0434451 -0.0508427 -0.241565 0.969052 0.800269 2.78333 -1.27118</i>
                        <i>0.0240413 0.970079 0.241595 -0.998453 0.0354172 -0.0428544 -0.0501288 -0.240191 0.96943 0.800277 2.7861 -1.27221</i>
                        <i>0.0238158 0.970576 0.239614 -0.998491 0.0349575 -0.0423558 -0.0494858 -0.238244 0.969944 0.800284 2.78872 -1.27311</i>
                        <i>0.0235884 0.971188 0.237144 -0.998523 0.0345029 -0.04198 -0.0489526 -0.235804 0.970567 0.800289 2.79109 -1.27383</i>
                        <i>0.0233725 0.97189 0.234273 -0.998546 0.0340795 -0.0417591 -0.0485691 -0.232956 0.971274 0.800292 2.79313 -1.27429</i>
                        <i>0.0231808 0.972652 0.231108 -0.99856 0.0337127 -0.0417262 -0.0483763 -0.229808 0.972033 0.800292 2.79473 -1.27446</i>
                        <i>0.0230223 0.973437 0.227794 -0.998564 0.0334139 -0.0418671 -0.0483664 -0.226503 0.972809 0.800292 2.79579 -1.27435</i>
                        <i>0.0229046 0.974217 0.224449 -0.998561 0.0331836 -0.0421315 -0.0484932 -0.223161 0.973575 0.80029 2.79621 -1.27403</i>
                        <i>0.0228336 0.974948 0.221258 -0.99855 0.0330312 -0.0424987 -0.0487424 -0.219967 0.974289 0.800287 2.79584 -1.27355</i>
                        <i>0.0228147 0.975592 0.218403 -0.998533 0.0329656 -0.0429471 -0.0490986 -0.217103 0.974913 0.800283 2.79472 -1.27292</i>
                        <i>0.0228533 0.976112 0.216063 -0.99851 0.0329964 -0.0434544 -0.0495456 -0.214748 0.975412 0.800277 2.79297 -1.27217</i>
                        <i>0.0229062 0.976547 0.214083 -0.998483 0.0330695 -0.0440127 -0.0500601 -0.21275 0.975823 0.80027 2.79071 -1.27134</i>
                        <i>0.022933 0.97694 0.21228 -0.998455 0.0331325 -0.044615 -0.0506195 -0.210929 0.97619 0.800262 2.78807 -1.27044</i>
                        <i>0.0229442 0.977264 0.21078 -0.998424 0.0331982 -0.0452385 -0.0512075 -0.20941 0.976486 0.800253 2.78517 -1.26952</i>
                        <i>0.0229506 0.977496 0.209703 -0.998393 0.0332796 -0.04586 -0.0518068 -0.208314 0.976689 0.800243 2.78214 -1.26859</i>
                        <i>0.0229629 0.97761 0.209167 -0.998362 0.03339 -0.0464559 -0.0523998 -0.207758 0.976776 0.800233 2.7791 -1.26769</i>
                        <i>0.0229927 0.977585 0.209284 -0.998331 0.0335429 -0.0470015 -0.0529679 -0.207854 0.976725 0.800223 2.77617 -1.26684</i>
                        <i>0.0230518 0.977394 0.210166 -0.998302 0.0337527 -0.047472 -0.0534925 -0.208715 0.976513 0.800213 2.77348 -1.26608</i>
                        <i>0.0231526 0.977012 0.211923 -0.998275 0.0340339 -0.0478421 -0.0539548 -0.21045 0.976115 0.800204 2.77117 -1.26544</i>
                        <i>0.0233084 0.976409 0.214669 -0.998251 0.0344018 -0.0480864 -0.054337 -0.213172 0.975502 0.800197 2.76935 -1.26493</i>
                        <i>0.023533 0.975549 0.218517 -0.99823 0.0348722 -0.0481802 -0.0546223 -0.216997 0.974643 0.800193 2.76816 -1.2646</i>
                        <i>0.0238413 0.974391 0.223591 -0.998213 0.0354614 -0.0480993 -0.0547965 -0.222045 0.973495 0.800191 2.76772 -1.26447</i>
                    </KeyFrames>
                </p>
            </i>
            <i>
                <p>
                    <Name><![CDATA[spine1]]></Name>
                    <Exclude>0</Exclude>
                    <Additive>0</Additive>
                    <IKPriority>0</IKPriority>
                    <IKRotLimits>-1e+010 -1e+010 -1e+010 1e+010 1e+010 1e+010</IKRotLimits>
                    <IKRotLimitOrder>0</IKRotLimitOrder>
                    <KeyFrames count="30">
                        <i>-0.0885448 0.898381 0.4302 -0.99539 -0.0638214 -0.0715962 -0.0368647 -0.434556 0.89989 0.804362 2.93814 -1.22538</i>
                        <i>-0.087213 0.89186 0.443824 -0.995539 -0.0619265 -0.0711861 -0.0360036 -0.448052 0.893282 0.804425 2.93852 -1.22451</i>
                        <i>-0.0861323 0.885203 0.457163 -0.995676 -0.0604615 -0.0705202 -0.0347839 -0.46126 0.886583 0.804484 2.93968 -1.22405</i>
                        <i>-0.0853081 0.878814 0.469476 -0.995798 -0.0594542 -0.0696529 -0.0332996 -0.473446 0.880193 0.804533 2.94151 -1.22397</i>
                        <i>-0.0847477 0.873141 0.480044 -0.9959 -0.0589279 -0.068635 -0.0316401 -0.483892 0.874556 0.804572 2.9439 -1.22423</i>
                        <i>-0.0844612 0.868655 0.488164 -0.995978 -0.0589003 -0.0675131 -0.0298926 -0.491903 0.870136 0.804598 2.94673 -1.22481</i>
                        <i>-0.0844174 0.865452 0.493829 -0.996033 -0.0593038 -0.0663347 -0.0281235 -0.49747 0.867025 0.80461 2.94987 -1.22566</i>
                        <i>-0.084558 0.863326 0.497512 -0.996069 -0.0600149 -0.0651505 -0.026388 -0.501065 0.865007 0.804612 2.95319 -1.22668</i>
                        <i>-0.0848565 0.862283 0.499267 -0.996086 -0.0609623 -0.0640089 -0.0247573 -0.502744 0.864081 0.804603 2.95656 -1.22781</i>
                        <i>-0.0852882 0.862305 0.499155 -0.996084 -0.0620759 -0.062958 -0.0233035 -0.50257 0.864223 0.804585 2.95985 -1.22899</i>
                        <i>-0.0858293 0.863356 0.497242 -0.996065 -0.0632871 -0.0620467 -0.0220994 -0.50061 0.865391 0.804561 2.96294 -1.23015</i>
                        <i>-0.0864563 0.865385 0.493594 -0.99603 -0.06453 -0.0613252 -0.0212183 -0.496936 0.867528 0.804532 2.96569 -1.23124</i>
                        <i>-0.0871452 0.86833 0.488271 -0.99598 -0.065742 -0.0608456 -0.0207342 -0.49161 0.870569 0.804499 2.968 -1.23219</i>
                        <i>-0.0878708 0.872114 0.481347 -0.995916 -0.0668632 -0.0606622 -0.02072 -0.484712 0.874428 0.804465 2.96973 -1.23293</i>
                        <i>-0.088595 0.876456 0.473262 -0.995843 -0.067853 -0.0607624 -0.0211433 -0.476678 0.878824 0.804432 2.97077 -1.23345</i>
                        <i>-0.0892719 0.880967 0.46468 -0.995766 -0.0686837 -0.061087 -0.0218997 -0.468166 0.883369 0.804403 2.97106 -1.2338</i>
                        <i>-0.089857 0.88539 0.456082 -0.995691 -0.0693156 -0.0616084 -0.0229339 -0.459652 0.887803 0.804379 2.97048 -1.23396</i>
                        <i>-0.0903056 0.889485 0.447952 -0.99562 -0.0697072 -0.0622982 -0.0241878 -0.451616 0.891885 0.804362 2.96906 -1.23393</i>
                        <i>-0.0905737 0.893032 0.440783 -0.995561 -0.0698143 -0.0631267 -0.0256013 -0.444543 0.895391 0.804352 2.96694 -1.2337</i>
                        <i>-0.0907876 0.896277 0.434102 -0.995501 -0.069805 -0.0640735 -0.0271252 -0.437966 0.898582 0.804343 2.96428 -1.23332</i>
                        <i>-0.0910679 0.899487 0.427353 -0.99543 -0.069846 -0.0651129 -0.0287192 -0.43133 0.901737 0.804328 2.96122 -1.23285</i>
                        <i>-0.0913632 0.902484 0.420922 -0.995356 -0.0698868 -0.0662051 -0.0303321 -0.425016 0.904678 0.80431 2.95789 -1.2323</i>
                        <i>-0.0916238 0.905101 0.415207 -0.995282 -0.0698755 -0.0673089 -0.0319085 -0.419415 0.907234 0.80429 2.95443 -1.23166</i>
                        <i>-0.0918012 0.907175 0.410616 -0.995217 -0.0697591 -0.068381 -0.0333893 -0.41493 0.909241 0.804272 2.95098 -1.23094</i>
                        <i>-0.0918484 0.908545 0.407567 -0.995168 -0.0694836 -0.0693767 -0.0347127 -0.411969 0.910536 0.804258 2.94768 -1.23015</i>
                        <i>-0.0917199 0.909043 0.406482 -0.995141 -0.0689943 -0.07025 -0.0358154 -0.41095 0.910954 0.804251 2.94466 -1.2293</i>
                        <i>-0.0913704 0.908494 0.407788 -0.995143 -0.0682365 -0.0709541 -0.0366354 -0.41229 0.910316 0.804255 2.94207 -1.22839</i>
                        <i>-0.0907553 0.906696 0.411905 -0.995181 -0.0671563 -0.0714427 -0.0371148 -0.416404 0.908422 0.804273 2.94002 -1.22743</i>
                        <i>-0.0898289 0.903418 0.419244 -0.995262 -0.0657013 -0.0716708 -0.0372038 -0.423696 0.90504 0.804307 2.93867 -1.22642</i>
                        <i>-0.0885448 0.898381 0.4302 -0.99539 -0.0638214 -0.0715962 -0.0368647 -0.434556 0.89989 0.804362 2.93814 -1.22538</i>
                    </KeyFrames>
                </p>
            </i>
            <i>
                <p>
                    <Name><![CDATA[spine2]]></Name>
                    <Exclude>0</Exclude>
                    <Additive>0</Additive>
                    <IKPriority>0</IKPriority>
                    <IKRotLimits>-1e+010 -1e+010 -1e+010 1e+010 1e+010 1e+010</IKRotLimits>
                    <IKRotLimitOrder>0</IKRotLimitOrder>
                    <KeyFrames count="30">
                        <i>-0.0617609 0.633315 0.771426 -0.998074 -0.0436776 -0.0440487 0.00579734 -0.772661 0.634793 0.790108 3.08269 -1.15608</i>
                        <i>-0.0599228 0.622958 0.779957 -0.998189 -0.041585 -0.043475 0.00535142 -0.781149 0.624321 0.790367 3.08221 -1.15292</i>
                        <i>-0.0583988 0.614274 0.786929 -0.99828 -0.0399638 -0.0428879 0.00510379 -0.788081 0.615551 0.790573 3.08257 -1.15016</i>
                        <i>-0.0572151 0.607817 0.792013 -0.998349 -0.0388391 -0.0423144 0.00504168 -0.793127 0.609035 0.790723 3.0837 -1.1479</i>
                        <i>-0.0563996 0.604125 0.794891 -0.998395 -0.0382342 -0.0417804 0.00515143 -0.795972 0.605312 0.790815 3.08556 -1.14623</i>
                        <i>-0.0559826 0.603704 0.795241 -0.998417 -0.03817 -0.0413091 0.00541585 -0.796295 0.604885 0.790846 3.08808 -1.14525</i>
                        <i>-0.0559227 0.606203 0.793342 -0.998418 -0.0385758 -0.0409023 0.00580864 -0.794374 0.607401 0.790823 3.09114 -1.14491</i>
                        <i>-0.0561307 0.610671 0.789892 -0.998404 -0.0393186 -0.0405503 0.00629456 -0.790907 0.611903 0.790759 3.09455 -1.14507</i>
                        <i>-0.0565689 0.616681 0.785178 -0.998375 -0.0403255 -0.0402571 0.00683694 -0.78618 0.61796 0.79066 3.09816 -1.14566</i>
                        <i>-0.0571998 0.623806 0.779483 -0.998335 -0.0415252 -0.0400277 0.00739866 -0.780475 0.625143 0.790535 3.10183 -1.14663</i>
                        <i>-0.057986 0.631634 0.773095 -0.998286 -0.0428484 -0.0398684 0.0079436 -0.774082 0.633036 0.790391 3.1054 -1.14793</i>
                        <i>-0.0588893 0.639768 0.766309 -0.998229 -0.044228 -0.0397873 0.00843769 -0.767295 0.641239 0.790236 3.10872 -1.14948</i>
                        <i>-0.059871 0.64783 0.759429 -0.998167 -0.0455992 -0.039794 0.00884956 -0.760419 0.649372 0.790078 3.11163 -1.15124</i>
                        <i>-0.0608906 0.655447 0.752782 -0.998102 -0.0468977 -0.0399001 0.0091514 -0.753784 0.657059 0.789925 3.11398 -1.15313</i>
                        <i>-0.0618942 0.662282 0.746694 -0.998039 -0.0480665 -0.0400957 0.00933631 -0.747711 0.663959 0.789784 3.11562 -1.15506</i>
                        <i>-0.0628193 0.667994 0.741511 -0.99798 -0.0490504 -0.0403596 0.00941146 -0.742549 0.669726 0.789664 3.11645 -1.15695</i>
                        <i>-0.0636076 0.67233 0.737514 -0.997931 -0.0497959 -0.0406727 0.0093797 -0.738575 0.674106 0.789572 3.11631 -1.15868</i>
                        <i>-0.0642009 0.675035 0.734987 -0.997894 -0.0502486 -0.0410158 0.00924493 -0.736072 0.67684 0.789515 3.11523 -1.16017</i>
                        <i>-0.0645412 0.675844 0.734214 -0.997874 -0.0503525 -0.0413688 0.00901068 -0.735323 0.677657 0.7895 3.11333 -1.16131</i>
                        <i>-0.0648049 0.67553 0.734479 -0.99786 -0.050316 -0.0417659 0.00874182 -0.735613 0.677345 0.789496 3.1108 -1.16223</i>
                        <i>-0.0651626 0.674962 0.734969 -0.997838 -0.0503454 -0.0422338 0.00849607 -0.736133 0.676784 0.789476 3.10785 -1.16307</i>
                        <i>-0.0655483 0.673997 0.735821 -0.997815 -0.0503808 -0.0427394 0.00826503 -0.737015 0.675826 0.789451 3.1046 -1.16376</i>
                        <i>-0.0658957 0.672487 0.73717 -0.997794 -0.0503624 -0.0432496 0.0080408 -0.738393 0.674322 0.789428 3.10118 -1.16423</i>
                        <i>-0.0661387 0.670284 0.739151 -0.99778 -0.0502299 -0.0437306 0.00781558 -0.740403 0.672118 0.789417 3.09771 -1.16443</i>
                        <i>-0.0662112 0.667233 0.741901 -0.997777 -0.0499233 -0.0441481 0.00758105 -0.743174 0.669055 0.789426 3.09432 -1.16428</i>
                        <i>-0.0660476 0.663171 0.745548 -0.99779 -0.0493824 -0.0444675 0.00732736 -0.746837 0.664967 0.789466 3.09113 -1.16372</i>
                        <i>-0.0655832 0.657931 0.750217 -0.997822 -0.0485472 -0.0446534 0.00704205 -0.751512 0.659682 0.789544 3.08826 -1.16269</i>
                        <i>-0.0647545 0.651334 0.756023 -0.997879 -0.0473576 -0.0446699 0.0067084 -0.757312 0.653019 0.789671 3.08583 -1.16111</i>
                        <i>-0.0634999 0.643194 0.763065 -0.997962 -0.0457542 -0.0444807 0.00630372 -0.764335 0.644789 0.789855 3.08394 -1.15893</i>
                        <i>-0.0617609 0.633315 0.771426 -0.998074 -0.0436776 -0.0440487 0.00579734 -0.772661 0.634793 0.790108 3.08269 -1.15608</i>
                    </KeyFrames>
                </p>
            </i>
            <i>
                <p>
                    <Name><![CDATA[head]]></Name>
                    <Exclude>0</Exclude>
                    <Additive>0</Additive>
                    <IKPriority>0</IKPriority>
                    <IKRotLimits>-1e+010 -1e+010 -1e+010 1e+010 1e+010 1e+010</IKRotLimits>
                    <IKRotLimitOrder>0</IKRotLimitOrder>
                    <KeyFrames count="30">
                        <i>-0.018054 0.993692 -0.110685 0.0246155 -0.110228 -0.993602 -0.999534 -0.020663 -0.0224702 0.781889 3.24236 -0.952934</i>
                        <i>-0.0165915 0.9945 -0.103418 0.023671 -0.103013 -0.994398 -0.999582 -0.0189465 -0.0218316 0.782579 3.23962 -0.947748</i>
                        <i>-0.0156121 0.995664 -0.0917063 0.0227851 -0.0913394 -0.995559 -0.999618 -0.0176323 -0.0212603 0.78313 3.2383 -0.943354</i>
                        <i>-0.01508 0.996901 -0.0772019 0.0220077 -0.0768611 -0.996799 -0.999644 -0.0167307 -0.0207805 0.783536 3.23847 -0.939918</i>
                        <i>-0.0149668 0.997991 -0.0615653 0.0213751 -0.0612386 -0.997894 -0.99966 -0.0162513 -0.0204156 0.783789 3.24016 -0.937612</i>
                        <i>-0.0152503 0.998803 -0.0464655 0.020917 -0.046142 -0.998716 -0.999665 -0.0162026 -0.0201883 0.78388 3.24343 -0.93662</i>
                        <i>-0.0158688 0.999343 -0.0325762 0.0206093 -0.0322464 -0.999267 -0.999662 -0.0165285 -0.0200841 0.783827 3.24801 -0.936833</i>
                        <i>-0.0167301 0.999663 -0.0198593 0.0203999 -0.0195167 -0.999601 -0.999652 -0.0171286 -0.0200666 0.783667 3.25343 -0.937934</i>
                        <i>-0.0177681 0.999802 -0.0089221 0.0202803 -0.0085613 -0.999758 -0.999636 -0.0179448 -0.0201242 0.783416 3.25941 -0.939799</i>
                        <i>-0.0189157 0.999821 -0.000370505 0.0202495 1.26176e-005 -0.999795 -0.999616 -0.0189194 -0.0202461 0.783094 3.26564 -0.942302</i>
                        <i>-0.0201054 0.999784 0.00519059 0.0203141 0.00559901 -0.999778 -0.999591 -0.0199955 -0.0204223 0.78272 3.27184 -0.945308</i>
                        <i>-0.021284 0.999742 0.00790221 0.0204714 0.00833815 -0.999756 -0.999564 -0.021117 -0.0206436 0.782314 3.27771 -0.948675</i>
                        <i>-0.0224182 0.999709 0.00887326 0.0206981 0.00933771 -0.999742 -0.999534 -0.0222288 -0.0209015 0.781895 3.28297 -0.952251</i>
                        <i>-0.0234701 0.999684 0.00895946 0.0209731 0.00945229 -0.999735 -0.999504 -0.023276 -0.0211883 0.781484 3.28732 -0.955867</i>
                        <i>-0.0244024 0.999665 0.00866962 0.021272 0.00918952 -0.999731 -0.999476 -0.0242115 -0.0214891 0.781104 3.29055 -0.959342</i>
                        <i>-0.0251784 0.999648 0.00833169 0.0215687 0.00887557 -0.999728 -0.99945 -0.0249918 -0.0217846 0.780774 3.2925 -0.962503</i>
                        <i>-0.025761 0.999634 0.00827316 0.0218355 0.00883655 -0.999723 -0.99943 -0.0255732 -0.0220552 0.780515 3.29299 -0.965177</i>
                        <i>-0.0261133 0.99962 0.00882182 0.0220437 0.0093985 -0.999713 -0.999416 -0.0259114 -0.0222808 0.780348 3.292 -0.967196</i>
                        <i>-0.026198 0.999604 0.0103053 0.0221645 0.0108871 -0.999695 -0.999411 -0.0259616 -0.022441 0.780291 3.2896 -0.968397</i>
                        <i>-0.0261752 0.99959 0.0116227 0.0222871 0.0122073 -0.999677 -0.999409 -0.0259077 -0.0225974 0.780268 3.28623 -0.969097</i>
                        <i>-0.0261968 0.99959 0.0115488 0.0224984 0.0121393 -0.999673 -0.999404 -0.0259284 -0.0228072 0.780206 3.28234 -0.969657</i>
                        <i>-0.0262114 0.999604 0.0102245 0.0227676 0.0108223 -0.999682 -0.999397 -0.0259703 -0.0230423 0.78013 3.27804 -0.969979</i>
                        <i>-0.0260586 0.999656 0.00307833 0.0231867 0.00368297 -0.999724 -0.999391 -0.02598 -0.0232747 0.780065 3.27346 -0.96997</i>
                        <i>-0.0256159 0.999594 -0.0125048 0.0237908 -0.0118958 -0.999646 -0.999389 -0.0259043 -0.0234765 0.780034 3.26869 -0.969536</i>
                        <i>-0.0248926 0.999131 -0.0334428 0.0244581 -0.0328344 -0.999161 -0.999391 -0.0256897 -0.0236195 0.780061 3.26387 -0.968586</i>
                        <i>-0.0239081 0.998108 -0.0566468 0.0250631 -0.0560467 -0.998114 -0.9994 -0.0252827 -0.0236757 0.780169 3.25908 -0.967029</i>
                        <i>-0.0226934 0.996614 -0.0790309 0.0254837 -0.0784489 -0.996592 -0.999418 -0.0246301 -0.0236171 0.780383 3.25445 -0.964773</i>
                        <i>-0.0212882 0.995005 -0.0975266 0.0256077 -0.096974 -0.994957 -0.999445 -0.0236783 -0.0234154 0.780725 3.25006 -0.961731</i>
                        <i>-0.0197324 0.993836 -0.109089 0.0253413 -0.108578 -0.993765 -0.999484 -0.0223738 -0.0230426 0.781219 3.24601 -0.957814</i>
                        <i>-0.018054 0.993692 -0.110685 0.0246155 -0.110228 -0.993602 -0.999534 -0.020663 -0.0224702 0.781889 3.24236 -0.952934</i>
                    </KeyFrames>
                </p>
            </i>
            <i>
                <p>
                    <Name><![CDATA[head_prop]]></Name>
                    <Exclude>0</Exclude>
                    <Additive>0</Additive>
                    <IKPriority>0</IKPriority>
                    <IKRotLimits>-1e+010 -1e+010 -1e+010 1e+010 1e+010 1e+010</IKRotLimits>
                    <IKRotLimitOrder>0</IKRotLimitOrder>
                    <KeyFrames count="30">
                        <i>0.999534 0.020663 0.0224702 -0.018054 0.993692 -0.110685 -0.0246155 0.110228 0.993602 0.776005 3.56622 -0.989007</i>
                        <i>0.999582 0.0189465 0.0218316 -0.0165915 0.9945 -0.103418 -0.023671 0.103013 0.994398 0.777171 3.56373 -0.981453</i>
                        <i>0.999618 0.0176323 0.0212603 -0.0156121 0.995664 -0.0917063 -0.0227851 0.0913394 0.995559 0.778042 3.5628 -0.973242</i>
                        <i>0.999644 0.0167307 0.0207805 -0.01508 0.996901 -0.0772019 -0.0220077 0.0768611 0.996799 0.778621 3.56337 -0.965078</i>
                        <i>0.99966 0.0162513 0.0204156 -0.0149668 0.997991 -0.0615653 -0.0213751 0.0612386 0.997894 0.778911 3.56542 -0.957676</i>
                        <i>0.999665 0.0162026 0.0201883 -0.0152503 0.998803 -0.0464655 -0.020917 0.046142 0.998716 0.77891 3.56895 -0.951763</i>
                        <i>0.999662 0.0165285 0.0200841 -0.0158688 0.999343 -0.0325762 -0.0206093 0.0322464 0.999267 0.778656 3.5737 -0.94745</i>
                        <i>0.999652 0.0171286 0.0200666 -0.0167301 0.999663 -0.0198593 -0.0203999 0.0195167 0.999601 0.778214 3.57923 -0.944406</i>
                        <i>0.999636 0.0179448 0.0201242 -0.0177681 0.999802 -0.0089221 -0.0202803 0.0085613 0.999758 0.777625 3.58525 -0.942707</i>
                        <i>0.999616 0.0189194 0.0202461 -0.0189157 0.999821 -0.000370505 -0.0202495 -1.26176e-005 0.999795 0.77693 3.59149 -0.942423</i>
                        <i>0.999591 0.0199955 0.0204223 -0.0201054 0.999784 0.00519059 -0.0203141 -0.00559901 0.999778 0.776168 3.59768 -0.943617</i>
                        <i>0.999564 0.021117 0.0206436 -0.021284 0.999742 0.00790221 -0.0204714 -0.00833815 0.999756 0.775377 3.60354 -0.9461</i>
                        <i>0.999534 0.0222288 0.0209015 -0.0224182 0.999709 0.00887326 -0.0206981 -0.00933771 0.999742 0.774588 3.60878 -0.949359</i>
                        <i>0.999504 0.023276 0.0211883 -0.0234701 0.999684 0.00895946 -0.0209731 -0.00945229 0.999735 0.773835 3.61312 -0.952947</i>
                        <i>0.999476 0.0242115 0.0214891 -0.0244024 0.999665 0.00866962 -0.021272 -0.00918952 0.999731 0.773151 3.61635 -0.956517</i>
                        <i>0.99945 0.0249918 0.0217846 -0.0251784 0.999648 0.00833169 -0.0215687 -0.00887557 0.999728 0.772568 3.61829 -0.959787</i>
                        <i>0.99943 0.0255732 0.0220552 -0.025761 0.999634 0.00827316 -0.0218355 -0.00883655 0.999723 0.772119 3.61878 -0.962481</i>
                        <i>0.999416 0.0259114 0.0222808 -0.0261133 0.99962 0.00882182 -0.0220437 -0.0093985 0.999713 0.771837 3.61778 -0.96432</i>
                        <i>0.999411 0.0259616 0.022441 -0.026198 0.999604 0.0103053 -0.0221645 -0.0108871 0.999695 0.771752 3.61538 -0.965038</i>
                        <i>0.999409 0.0259077 0.0225974 -0.0261752 0.99959 0.0116227 -0.0222871 -0.0122073 0.999677 0.771737 3.61201 -0.96531</i>
                        <i>0.999404 0.0259284 0.0228072 -0.0261968 0.99959 0.0115488 -0.0224984 -0.0121393 0.999673 0.771668 3.60812 -0.965893</i>
                        <i>0.999397 0.0259703 0.0230423 -0.0262114 0.999604 0.0102245 -0.0227676 -0.0108223 0.999682 0.771588 3.60382 -0.966647</i>
                        <i>0.999391 0.02598 0.0232747 -0.0260586 0.999656 0.00307833 -0.0231867 -0.00368297 0.999724 0.771572 3.59925 -0.968967</i>
                        <i>0.999389 0.0259043 0.0234765 -0.0256159 0.999594 -0.0125048 -0.0237908 0.0118958 0.999646 0.771685 3.59447 -0.973612</i>
                        <i>0.999391 0.0256897 0.0236195 -0.0248926 0.999131 -0.0334428 -0.0244581 0.0328344 0.999161 0.771948 3.58949 -0.979486</i>
                        <i>0.9994 0.0252827 0.0236757 -0.0239081 0.998108 -0.0566468 -0.0250631 0.0560467 0.998114 0.772377 3.58438 -0.98549</i>
                        <i>0.999418 0.0246301 0.0236171 -0.0226934 0.996614 -0.0790309 -0.0254837 0.0784489 0.996592 0.772987 3.57926 -0.99053</i>
                        <i>0.999445 0.0236783 0.0234154 -0.0212882 0.995005 -0.0975266 -0.0256077 0.096974 0.994957 0.773787 3.57434 -0.993516</i>
                        <i>0.999484 0.0223738 0.0230426 -0.0197324 0.993836 -0.109089 -0.0253413 0.108578 0.993765 0.774788 3.56991 -0.993367</i>
                        <i>0.999534 0.020663 0.0224702 -0.018054 0.993692 -0.110685 -0.0246155 0.110228 0.993602 0.776005 3.56622 -0.989007</i>
                    </KeyFrames>
                </p>
            </i>
            <i>
                <p>
                    <Name><![CDATA[l_clav]]></Name>
                    <Exclude>0</Exclude>
                    <Additive>0</Additive>
                    <IKPriority>0</IKPriority>
                    <IKRotLimits>-1e+010 -1e+010 -1e+010 1e+010 1e+010 1e+010</IKRotLimits>
                    <IKRotLimitOrder>0</IKRotLimitOrder>
                    <KeyFrames count="30">
                        <i>0.951781 0.305563 0.0272865 -0.234025 0.665675 0.708597 0.198357 -0.680815 0.705086 0.867916 3.10082 -1.09568</i>
                        <i>0.95226 0.303854 0.0295402 -0.232438 0.658895 0.715423 0.197921 -0.688135 0.698067 0.868275 3.09938 -1.09198</i>
                        <i>0.952636 0.302537 0.030924 -0.231172 0.654323 0.720014 0.197597 -0.69306 0.69327 0.868562 3.09894 -1.08859</i>
                        <i>0.952905 0.301643 0.031361 -0.230241 0.652259 0.722182 0.197386 -0.695392 0.690991 0.868774 3.09949 -1.08563</i>
                        <i>0.953066 0.301195 0.0307732 -0.229663 0.65298 0.721715 0.197283 -0.694909 0.691506 0.868907 3.10102 -1.08324</i>
                        <i>0.953116 0.301203 0.0290815 -0.229459 0.656732 0.718367 0.197276 -0.691361 0.695056 0.868956 3.10352 -1.08154</i>
                        <i>0.953071 0.30159 0.0264568 -0.229586 0.66302 0.712527 0.19735 -0.685163 0.701145 0.868929 3.10684 -1.08051</i>
                        <i>0.952953 0.302226 0.0232529 -0.229957 0.670836 0.705052 0.197486 -0.677229 0.708774 0.868846 3.1107 -1.08001</i>
                        <i>0.952777 0.303033 0.0196627 -0.230533 0.67964 0.696379 0.197662 -0.668027 0.717405 0.868716 3.11493 -1.08002</i>
                        <i>0.952558 0.303942 0.0158808 -0.23127 0.688909 0.686964 0.197857 -0.658046 0.726518 0.868548 3.11932 -1.08051</i>
                        <i>0.95231 0.304893 0.0121022 -0.232125 0.698141 0.677287 0.198051 -0.647796 0.73562 0.868352 3.1237 -1.08145</i>
                        <i>0.952045 0.305839 0.00852301 -0.233054 0.706863 0.667855 0.198231 -0.637815 0.744242 0.868139 3.12785 -1.0828</i>
                        <i>0.951777 0.306743 0.00533961 -0.234011 0.714626 0.659203 0.19839 -0.628664 0.751946 0.867919 3.13158 -1.08452</i>
                        <i>0.951518 0.30758 0.00275085 -0.234949 0.721001 0.651886 0.198524 -0.620928 0.758312 0.867703 3.13468 -1.08657</i>
                        <i>0.95128 0.308328 0.000848751 -0.235822 0.725797 0.646225 0.198633 -0.614941 0.763147 0.867504 3.13698 -1.08883</i>
                        <i>0.951073 0.308967 -0.00033046 -0.236581 0.728938 0.642401 0.198721 -0.610892 0.766369 0.867331 3.13833 -1.09116</i>
                        <i>0.950909 0.309469 -0.000750894 -0.237179 0.730338 0.640588 0.198791 -0.608963 0.767884 0.867197 3.13856 -1.09344</i>
                        <i>0.950801 0.309803 -0.000376652 -0.237571 0.729896 0.640947 0.198842 -0.609323 0.767585 0.867111 3.13767 -1.09553</i>
                        <i>0.95076 0.309929 0.000828209 -0.237709 0.727494 0.64362 0.198874 -0.612125 0.765344 0.867083 3.13576 -1.09729</i>
                        <i>0.950737 0.309988 0.0025715 -0.237769 0.723868 0.647673 0.198909 -0.616379 0.761914 0.867072 3.13312 -1.09885</i>
                        <i>0.950687 0.310118 0.00452086 -0.237917 0.719846 0.652087 0.19897 -0.621007 0.75813 0.867041 3.13004 -1.10034</i>
                        <i>0.950626 0.310266 0.00665182 -0.238098 0.715427 0.656867 0.199045 -0.626019 0.753977 0.867003 3.12664 -1.10167</i>
                        <i>0.950571 0.310378 0.00893996 -0.238254 0.710612 0.662016 0.199123 -0.631424 0.749436 0.866971 3.12302 -1.10275</i>
                        <i>0.950538 0.310401 0.0113607 -0.238329 0.705401 0.66754 0.199191 -0.637229 0.744487 0.866955 3.11931 -1.10349</i>
                        <i>0.950544 0.310278 0.0138896 -0.238268 0.699791 0.673439 0.199234 -0.643443 0.739112 0.86697 3.11561 -1.10379</i>
                        <i>0.950608 0.309956 0.0165017 -0.238015 0.693782 0.679717 0.199234 -0.650072 0.733289 0.867026 3.11202 -1.10357</i>
                        <i>0.950745 0.30938 0.0191725 -0.237517 0.687371 0.686373 0.199171 -0.657119 0.726997 0.867137 3.10866 -1.10274</i>
                        <i>0.950975 0.308493 0.021877 -0.236721 0.680552 0.693406 0.199023 -0.66459 0.720215 0.867313 3.10562 -1.1012</i>
                        <i>0.951314 0.30724 0.0245901 -0.235574 0.673322 0.700815 0.198761 -0.672488 0.712919 0.867569 3.10298 -1.09888</i>
                        <i>0.951781 0.305563 0.0272865 -0.234025 0.665675 0.708597 0.198357 -0.680815 0.705086 0.867916 3.10082 -1.09568</i>
                    </KeyFrames>
                </p>
            </i>
            <i>
                <p>
                    <Name><![CDATA[l_shoulder]]></Name>
                    <Exclude>0</Exclude>
                    <Additive>0</Additive>
                    <IKPriority>0</IKPriority>
                    <IKRotLimits>-1e+010 -1e+010 -1e+010 1e+010 1e+010 1e+010</IKRotLimits>
                    <IKRotLimitOrder>0</IKRotLimitOrder>
                    <KeyFrames count="30">
                        <i>0.527782 -0.797624 0.291963 0.831263 0.555667 0.0153707 -0.174494 0.234586 0.956306 1.05597 3.16119 -1.09029</i>
                        <i>0.530108 -0.800746 0.278912 0.831562 0.555265 0.0136562 -0.165805 0.224693 0.96022 1.05642 3.15941 -1.08614</i>
                        <i>0.531691 -0.803581 0.267513 0.831891 0.554785 0.0131054 -0.158944 0.215574 0.963465 1.05678 3.15872 -1.08248</i>
                        <i>0.532499 -0.806108 0.258136 0.83229 0.554172 0.0136704 -0.154071 0.207564 0.966012 1.05705 3.15909 -1.07944</i>
                        <i>0.532505 -0.808295 0.251193 0.832778 0.553396 0.0153196 -0.151392 0.20103 0.967816 1.05721 3.16053 -1.07716</i>
                        <i>0.531684 -0.810077 0.247157 0.833345 0.552458 0.0180335 -0.151153 0.196379 0.968808 1.05727 3.16303 -1.0758</i>
                        <i>0.530182 -0.811443 0.245899 0.833931 0.551443 0.0216717 -0.153184 0.193572 0.969053 1.05724 3.16642 -1.07528</i>
                        <i>0.52825 -0.812419 0.246834 0.83445 0.550471 0.0259884 -0.156988 0.192242 0.968709 1.05713 3.17041 -1.07542</i>
                        <i>0.526007 -0.812968 0.249801 0.834844 0.549625 0.0307994 -0.162336 0.192344 0.967807 1.05696 3.1748 -1.07614</i>
                        <i>0.523551 -0.81306 0.254614 0.835072 0.548968 0.0359007 -0.168964 0.193825 0.966376 1.05675 3.17938 -1.07737</i>
                        <i>0.520967 -0.81268 0.261047 0.835115 0.54854 0.0410666 -0.176569 0.19661 0.964452 1.05651 3.18394 -1.07906</i>
                        <i>0.518325 -0.811832 0.268828 0.834979 0.548352 0.0460504 -0.184798 0.200597 0.962087 1.05624 3.18827 -1.08111</i>
                        <i>0.515696 -0.810542 0.277631 0.834692 0.548388 0.0505869 -0.193253 0.205649 0.959355 1.05597 3.19218 -1.08346</i>
                        <i>0.513166 -0.808866 0.287049 0.834307 0.54861 0.0543937 -0.201475 0.211574 0.95637 1.0557 3.19545 -1.08602</i>
                        <i>0.510852 -0.80691 0.296523 0.833888 0.548959 0.05722 -0.20895 0.218036 0.95331 1.05546 3.1979 -1.08866</i>
                        <i>0.508901 -0.804809 0.305454 0.833498 0.549379 0.0588543 -0.215176 0.224644 0.950386 1.05524 3.19938 -1.09123</i>
                        <i>0.507492 -0.802705 0.313235 0.833189 0.549822 0.0590874 -0.219653 0.230998 0.947836 1.05508 3.1997 -1.09359</i>
                        <i>0.506738 -0.80076 0.319374 0.832996 0.550239 0.0579213 -0.222113 0.236686 0.945857 1.05497 3.19888 -1.0956</i>
                        <i>0.506708 -0.799145 0.323441 0.83293 0.550589 0.0554932 -0.22243 0.241285 0.94462 1.05493 3.197 -1.09713</i>
                        <i>0.507256 -0.79768 0.326188 0.832873 0.550994 0.0522326 -0.221393 0.245178 0.943861 1.05492 3.19437 -1.09834</i>
                        <i>0.508179 -0.796147 0.328489 0.832722 0.551558 0.048554 -0.219837 0.248866 0.943259 1.05488 3.19131 -1.09945</i>
                        <i>0.509452 -0.794658 0.330116 0.832498 0.552231 0.0445808 -0.217727 0.252109 0.942887 1.05483 3.18794 -1.10036</i>
                        <i>0.511048 -0.793327 0.330852 0.832222 0.552966 0.040433 -0.215026 0.254679 0.942816 1.05478 3.18435 -1.10099</i>
                        <i>0.512931 -0.792267 0.330476 0.831919 0.553713 0.0362257 -0.211689 0.256348 0.943119 1.05476 3.18064 -1.10124</i>
                        <i>0.515065 -0.791595 0.328764 0.831616 0.554424 0.0320689 -0.20766 0.256888 0.943867 1.05478 3.17691 -1.10105</i>
                        <i>0.517407 -0.791421 0.325489 0.831344 0.55505 0.0280662 -0.202875 0.256071 0.945129 1.05485 3.17326 -1.10031</i>
                        <i>0.519909 -0.791852 0.320414 0.831135 0.555539 0.0243138 -0.197255 0.253666 0.946966 1.05498 3.16979 -1.09895</i>
                        <i>0.522516 -0.792982 0.313299 0.831026 0.555841 0.0208987 -0.190717 0.24944 0.949425 1.05521 3.16657 -1.09688</i>
                        <i>0.525165 -0.794888 0.303899 0.831055 0.555902 0.0178968 -0.183164 0.243158 0.952536 1.05553 3.16368 -1.09402</i>
                        <i>0.527782 -0.797624 0.291963 0.831263 0.555667 0.0153707 -0.174494 0.234586 0.956306 1.05597 3.16119 -1.09029</i>
                    </KeyFrames>
                </p>
            </i>
            <i>
                <p>
                    <Name><![CDATA[l_elbow]]></Name>
                    <Exclude>0</Exclude>
                    <Additive>0</Additive>
                    <IKPriority>0</IKPriority>
                    <IKRotLimits>-1e+010 -1e+010 -1e+010 1e+010 1e+010 1e+010</IKRotLimits>
                    <IKRotLimitOrder>0</IKRotLimitOrder>
                    <KeyFrames count="30">
                        <i>0.00409041 -0.0378946 0.999273 0.830787 0.55631 0.0176957 -0.556576 0.830111 0.0337578 1.22764 2.90174 -0.995324</i>
                        <i>0.000371553 -0.0293122 0.99957 0.831107 0.555883 0.0159922 -0.556113 0.830744 0.0245681 1.22885 2.89895 -0.995421</i>
                        <i>-0.00232227 -0.0243348 0.999701 0.831453 0.55538 0.0154505 -0.55559 0.831241 0.0189435 1.22973 2.89733 -0.995464</i>
