<?xml version="1.0" encoding="ISO-8859-1" ?>
<Animl Version="1">
    <ModellingPackage><![CDATA[Maya.2010]]></ModellingPackage>
    <SrcFile><![CDATA[anims\turrets\antitank\blue\~src\at_m40recoilless\antitank_m40recoilless_aim_low_crewman_b.mb]]></SrcFile>
    <FramesPerSecond>30</FramesPerSecond>
    <TotalFrames>30</TotalFrames>
    <Skeleton>
        <RefFrame>
            <Name><![CDATA[soldier_ref_frame]]></Name>
            <Exclude>0</Exclude>
            <Additive>0</Additive>
            <IKPriority>0</IKPriority>
            <IKRotLimits>-1e+010 -1e+010 -1e+010 1e+010 1e+010 1e+010</IKRotLimits>
            <IKRotLimitOrder>0</IKRotLimitOrder>
            <KeyFrames count="30">
                <i>1 0 0 0 1 0 0 0 1 -1.48 0.87 -1.66</i>
                <i>1 0 0 0 1 0 0 0 1 -1.48 0.87 -1.66</i>
                <i>1 0 0 0 1 0 0 0 1 -1.48 0.87 -1.66</i>
                <i>1 0 0 0 1 0 0 0 1 -1.48 0.87 -1.66</i>
                <i>1 0 0 0 1 0 0 0 1 -1.48 0.87 -1.66</i>
                <i>1 0 0 0 1 0 0 0 1 -1.48 0.87 -1.66</i>
                <i>1 0 0 0 1 0 0 0 1 -1.48 0.87 -1.66</i>
                <i>1 0 0 0 1 0 0 0 1 -1.48 0.87 -1.66</i>
                <i>1 0 0 0 1 0 0 0 1 -1.48 0.87 -1.66</i>
                <i>1 0 0 0 1 0 0 0 1 -1.48 0.87 -1.66</i>
                <i>1 0 0 0 1 0 0 0 1 -1.48 0.87 -1.66</i>
                <i>1 0 0 0 1 0 0 0 1 -1.48 0.87 -1.66</i>
                <i>1 0 0 0 1 0 0 0 1 -1.48 0.87 -1.66</i>
                <i>1 0 0 0 1 0 0 0 1 -1.48 0.87 -1.66</i>
                <i>1 0 0 0 1 0 0 0 1 -1.48 0.87 -1.66</i>
                <i>1 0 0 0 1 0 0 0 1 -1.48 0.87 -1.66</i>
                <i>1 0 0 0 1 0 0 0 1 -1.48 0.87 -1.66</i>
                <i>1 0 0 0 1 0 0 0 1 -1.48 0.87 -1.66</i>
                <i>1 0 0 0 1 0 0 0 1 -1.48 0.87 -1.66</i>
                <i>1 0 0 0 1 0 0 0 1 -1.48 0.87 -1.66</i>
                <i>1 0 0 0 1 0 0 0 1 -1.48 0.87 -1.66</i>
                <i>1 0 0 0 1 0 0 0 1 -1.48 0.87 -1.66</i>
                <i>1 0 0 0 1 0 0 0 1 -1.48 0.87 -1.66</i>
                <i>1 0 0 0 1 0 0 0 1 -1.48 0.87 -1.66</i>
                <i>1 0 0 0 1 0 0 0 1 -1.48 0.87 -1.66</i>
                <i>1 0 0 0 1 0 0 0 1 -1.48 0.87 -1.66</i>
                <i>1 0 0 0 1 0 0 0 1 -1.48 0.87 -1.66</i>
                <i>1 0 0 0 1 0 0 0 1 -1.48 0.87 -1.66</i>
                <i>1 0 0 0 1 0 0 0 1 -1.48 0.87 -1.66</i>
                <i>1 0 0 0 1 0 0 0 1 -1.48 0.87 -1.66</i>
            </KeyFrames>
        </RefFrame>
        <Bones count="23">
            <i>
                <p>
                    <Name><![CDATA[pelvis]]></Name>
                    <Exclude>0</Exclude>
                    <Additive>0</Additive>
                    <IKPriority>0</IKPriority>
                    <IKRotLimits>-1e+010 -1e+010 -1e+010 1e+010 1e+010 1e+010</IKRotLimits>
                    <IKRotLimitOrder>2</IKRotLimitOrder>
                    <KeyFrames count="30">
                        <i>1 0 0 0 1 0 0 0 1 -1.46071 1.46685 -1.66659</i>
                        <i>1 0 0 0 1 0 0 0 1 -1.46075 1.46676 -1.66666</i>
                        <i>1 0 0 0 1 0 0 0 1 -1.4608 1.46653 -1.66673</i>
                        <i>1 0 0 0 1 0 0 0 1 -1.46086 1.46618 -1.66682</i>
                        <i>1 0 0 0 1 0 0 0 1 -1.46091 1.46573 -1.6669</i>
                        <i>1 0 0 0 1 0 0 0 1 -1.46097 1.46521 -1.66699</i>
                        <i>1 0 0 0 1 0 0 0 1 -1.46103 1.46464 -1.66707</i>
                        <i>1 0 0 0 1 0 0 0 1 -1.46108 1.46404 -1.66715</i>
                        <i>1 0 0 0 1 0 0 0 1 -1.46113 1.46344 -1.66723</i>
                        <i>1 0 0 0 1 0 0 0 1 -1.46118 1.46287 -1.6673</i>
                        <i>1 0 0 0 1 0 0 0 1 -1.46122 1.46235 -1.66737</i>
                        <i>1 0 0 0 1 0 0 0 1 -1.46125 1.4619 -1.66742</i>
                        <i>1 0 0 0 1 0 0 0 1 -1.46128 1.46154 -1.66746</i>
                        <i>1 0 0 0 1 0 0 0 1 -1.4613 1.46132 -1.66748</i>
                        <i>1 0 0 0 1 0 0 0 1 -1.4613 1.46123 -1.66749</i>
                        <i>1 0 0 0 1 0 0 0 1 -1.46129 1.46131 -1.66748</i>
                        <i>1 0 0 0 1 0 0 0 1 -1.46126 1.46151 -1.66743</i>
                        <i>1 0 0 0 1 0 0 0 1 -1.46122 1.46182 -1.66737</i>
                        <i>1 0 0 0 1 0 0 0 1 -1.46117 1.46221 -1.66728</i>
                        <i>1 0 0 0 1 0 0 0 1 -1.4611 1.46268 -1.66719</i>
                        <i>1 0 0 0 1 0 0 0 1 -1.46103 1.4632 -1.66708</i>
                        <i>1 0 0 0 1 0 0 0 1 -1.46096 1.46375 -1.66697</i>
                        <i>1 0 0 0 1 0 0 0 1 -1.46089 1.46431 -1.66687</i>
                        <i>1 0 0 0 1 0 0 0 1 -1.46083 1.46486 -1.66677</i>
                        <i>1 0 0 0 1 0 0 0 1 -1.46077 1.46538 -1.66668</i>
                        <i>1 0 0 0 1 0 0 0 1 -1.46072 1.46585 -1.66661</i>
                        <i>1 0 0 0 1 0 0 0 1 -1.46069 1.46625 -1.66656</i>
                        <i>1 0 0 0 1 0 0 0 1 -1.46067 1.46657 -1.66654</i>
                        <i>1 0 0 0 1 0 0 0 1 -1.46068 1.46677 -1.66654</i>
                        <i>1 0 0 0 1 0 0 0 1 -1.46071 1.46685 -1.66659</i>
                    </KeyFrames>
                </p>
            </i>
            <i>
                <p>
                    <Name><![CDATA[spine0]]></Name>
                    <Exclude>0</Exclude>
                    <Additive>0</Additive>
                    <IKPriority>0</IKPriority>
                    <IKRotLimits>-1e+010 -1e+010 -1e+010 1e+010 1e+010 1e+010</IKRotLimits>
                    <IKRotLimitOrder>0</IKRotLimitOrder>
                    <KeyFrames count="30">
                        <i>0.239358 0.914137 0.327202 -0.765915 -0.0293447 0.642272 0.596726 -0.404342 0.693127 -1.47055 1.60915 -1.68529</i>
                        <i>0.235846 0.916687 0.322587 -0.765868 -0.0290005 0.642344 0.598183 -0.398553 0.695221 -1.47062 1.60904 -1.68551</i>
                        <i>0.232352 0.919275 0.317721 -0.765782 -0.0284953 0.642468 0.599658 -0.392584 0.697343 -1.47077 1.60875 -1.68599</i>
                        <i>0.229323 0.921599 0.313155 -0.765657 -0.0278485 0.642646 0.600983 -0.387143 0.699242 -1.47097 1.6083 -1.68671</i>
                        <i>0.2272 0.923384 0.309422 -0.765487 -0.0270777 0.642881 0.602005 -0.382921 0.700687 -1.47121 1.60772 -1.68762</i>
                        <i>0.226425 0.924361 0.307065 -0.76527 -0.0262025 0.643176 0.602572 -0.380618 0.701453 -1.47149 1.60704 -1.68868</i>
                        <i>0.226925 0.924572 0.306058 -0.765006 -0.0252635 0.643528 0.60272 -0.380169 0.70157 -1.4718 1.60627 -1.68984</i>
                        <i>0.22822 0.924297 0.305926 -0.764698 -0.024316 0.64393 0.602621 -0.380899 0.701259 -1.47212 1.60547 -1.69108</i>
                        <i>0.230156 0.923608 0.306556 -0.764353 -0.0234044 0.644374 0.602323 -0.382624 0.700575 -1.47245 1.60464 -1.69235</i>
                        <i>0.232569 0.922582 0.307823 -0.763979 -0.0225685 0.644846 0.601871 -0.385141 0.699584 -1.47278 1.60383 -1.69361</i>
                        <i>0.23528 0.921306 0.309577 -0.76359 -0.0218415 0.645332 0.60131 -0.388223 0.698361 -1.4731 1.60306 -1.69482</i>
                        <i>0.238097 0.919885 0.311642 -0.763202 -0.0212481 0.645811 0.600694 -0.391612 0.696999 -1.47339 1.60238 -1.69594</i>
                        <i>0.240783 0.918459 0.313777 -0.762834 -0.0208 0.64626 0.60009 -0.394968 0.695624 -1.47365 1.60181 -1.69694</i>
                        <i>0.243076 0.917195 0.315702 -0.762509 -0.0204993 0.646653 0.599578 -0.397912 0.694386 -1.47387 1.60139 -1.69777</i>
                        <i>0.244738 0.916247 0.317165 -0.762251 -0.0203462 0.646962 0.599231 -0.400096 0.693431 -1.47403 1.60116 -1.6984</i>
                        <i>0.245993 0.915447 0.318504 -0.762086 -0.0203766 0.647155 0.598926 -0.401923 0.692637 -1.47412 1.60113 -1.69878</i>
                        <i>0.24719 0.914542 0.320172 -0.76204 -0.0206087 0.647202 0.598492 -0.403965 0.691823 -1.47412 1.6013 -1.69888</i>
                        <i>0.248275 0.913562 0.322125 -0.762154 -0.0210264 0.647054 0.597897 -0.406156 0.691055 -1.47403 1.60166 -1.69861</i>
                        <i>0.249203 0.912543 0.324289 -0.762434 -0.0216083 0.646705 0.597154 -0.408409 0.690369 -1.47382 1.6022 -1.69793</i>
                        <i>0.249939 0.911539 0.326538 -0.762834 -0.022325 0.646209 0.596335 -0.410607 0.689773 -1.47354 1.60288 -1.69693</i>
                        <i>0.25045 0.910601 0.328756 -0.763306 -0.0231517 0.645622 0.595515 -0.412638 0.689269 -1.47319 1.60367 -1.69568</i>
                        <i>0.250706 0.90978 0.330828 -0.763806 -0.0240631 0.644997 0.594766 -0.414393 0.688863 -1.4728 1.6045 -1.69426</i>
                        <i>0.250674 0.909129 0.332636 -0.764295 -0.0250298 0.644381 0.594151 -0.415762 0.688569 -1.47239 1.60536 -1.69272</i>
                        <i>0.250322 0.908703 0.334061 -0.764743 -0.0260153 0.64381 0.593723 -0.416631 0.688412 -1.47197 1.6062 -1.69115</i>
                        <i>0.249615 0.908561 0.334978 -0.765128 -0.0269752 0.643313 0.593525 -0.416881 0.688432 -1.47158 1.60699 -1.68963</i>
                        <i>0.248515 0.908759 0.335256 -0.765438 -0.0278569 0.642906 0.593586 -0.416389 0.688676 -1.47122 1.60769 -1.68822</i>
                        <i>0.246983 0.90936 0.33476 -0.76567 -0.0286007 0.642598 0.593927 -0.415026 0.689206 -1.47092 1.60829 -1.68701</i>
                        <i>0.244976 0.91042 0.333349 -0.765824 -0.0291414 0.642389 0.594559 -0.412657 0.690083 -1.4707 1.60874 -1.68606</i>
                        <i>0.24245 0.911996 0.330879 -0.765905 -0.0294115 0.642281 0.595489 -0.409142 0.691372 -1.47057 1.60904 -1.68547</i>
                        <i>0.239358 0.914137 0.327202 -0.765915 -0.0293447 0.642272 0.596726 -0.404342 0.693127 -1.47055 1.60915 -1.68529</i>
                    </KeyFrames>
                </p>
            </i>
            <i>
                <p>
                    <Name><![CDATA[spine1]]></Name>
                    <Exclude>0</Exclude>
                    <Additive>0</Additive>
                    <IKPriority>0</IKPriority>
                    <IKRotLimits>-1e+010 -1e+010 -1e+010 1e+010 1e+010 1e+010</IKRotLimits>
                    <IKRotLimitOrder>0</IKRotLimitOrder>
                    <KeyFrames count="30">
                        <i>0.382289 0.625393 0.680249 -0.799713 -0.144894 0.582636 0.46294 -0.76674 0.444744 -1.42645 1.77778 -1.625</i>
                        <i>0.381384 0.626958 0.679316 -0.799476 -0.145227 0.582879 0.464095 -0.765397 0.44585 -1.42717 1.77816 -1.62606</i>
                        <i>0.380264 0.628096 0.678892 -0.79929 -0.146138 0.582905 0.465332 -0.76429 0.446461 -1.42794 1.77841 -1.62742</i>
                        <i>0.37911 0.628566 0.679103 -0.799185 -0.147531 0.582698 0.466453 -0.763636 0.44641 -1.42867 1.77849 -1.62895</i>
                        <i>0.378106 0.628119 0.680075 -0.799184 -0.149324 0.582244 0.46727 -0.763655 0.445522 -1.42929 1.7783 -1.63052</i>
                        <i>0.377428 0.626514 0.68193 -0.799302 -0.151449 0.581532 0.467616 -0.764554 0.443613 -1.42972 1.77779 -1.63202</i>
                        <i>0.377073 0.623865 0.684549 -0.799506 -0.153862 0.580617 0.467553 -0.766237 0.440767 -1.42995 1.777 -1.6334</i>
                        <i>0.376908 0.620558 0.68764 -0.799732 -0.156517 0.579596 0.4673 -0.768382 0.437287 -1.43006 1.77605 -1.63469</i>
                        <i>0.3769 0.616773 0.691041 -0.799945 -0.159355 0.578527 0.466941 -0.770842 0.433324 -1.43006 1.77499 -1.63587</i>
                        <i>0.377022 0.612687 0.694599 -0.800123 -0.162302 0.577462 0.466538 -0.773481 0.429034 -1.42996 1.7739 -1.63693</i>
                        <i>0.377255 0.608463 0.698177 -0.80025 -0.165269 0.576443 0.466132 -0.776182 0.424574 -1.4298 1.77283 -1.63784</i>
                        <i>0.377591 0.604247 0.701648 -0.800324 -0.168155 0.575505 0.465733 -0.778851 0.4201 -1.42958 1.77184 -1.6386</i>
                        <i>0.377961 0.600304 0.704826 -0.800348 -0.17083 0.574682 0.46539 -0.781314 0.415885 -1.42935 1.77101 -1.6392</i>
                        <i>0.378282 0.596941 0.707506 -0.800334 -0.173152 0.574007 0.465155 -0.783377 0.412251 -1.42913 1.77042 -1.63966</i>
                        <i>0.378527 0.594344 0.709558 -0.800299 -0.174978 0.573501 0.465014 -0.784944 0.409419 -1.42895 1.77012 -1.63998</i>
                        <i>0.378748 0.592515 0.710969 -0.800277 -0.176192 0.573161 0.464873 -0.786055 0.407443 -1.42876 1.77011 -1.64006</i>
                        <i>0.379023 0.591391 0.711757 -0.800294 -0.176694 0.572983 0.46462 -0.786788 0.406316 -1.4285 1.77031 -1.63978</i>
                        <i>0.379393 0.591204 0.711715 -0.800373 -0.176205 0.573023 0.464181 -0.787039 0.406332 -1.42816 1.77065 -1.63909</i>
                        <i>0.379871 0.592018 0.710783 -0.800512 -0.17466 0.573302 0.46355 -0.786771 0.407569 -1.42776 1.77111 -1.63798</i>
                        <i>0.380426 0.593684 0.709095 -0.800682 -0.172265 0.573789 0.462801 -0.786044 0.409818 -1.42732 1.77166 -1.63654</i>
                        <i>0.381021 0.596059 0.706779 -0.800849 -0.169234 0.574457 0.462021 -0.784903 0.412872 -1.42687 1.77228 -1.63488</i>
                        <i>0.381623 0.599005 0.703958 -0.800981 -0.165776 0.57528 0.461295 -0.783397 0.416528 -1.42644 1.77293 -1.63308</i>
                        <i>0.382191 0.602381 0.700761 -0.801052 -0.162097 0.576229 0.460701 -0.781576 0.420587 -1.42605 1.77361 -1.63123</i>
                        <i>0.382689 0.606044 0.697324 -0.801045 -0.158391 0.577268 0.4603 -0.779502 0.424854 -1.42572 1.7743 -1.62942</i>
                        <i>0.383078 0.609844 0.693788 -0.800954 -0.154841 0.578357 0.460134 -0.777248 0.429141 -1.42548 1.77497 -1.62776</i>
                        <i>0.383324 0.613629 0.690305 -0.800784 -0.151614 0.579446 0.460225 -0.774901 0.433267 -1.42536 1.77562 -1.62633</i>
                        <i>0.383396 0.61724 0.687039 -0.80055 -0.148866 0.580482 0.460574 -0.772563 0.437057 -1.42536 1.77624 -1.62525</i>
                        <i>0.383263 0.620515 0.684156 -0.800274 -0.14674 0.581403 0.461163 -0.770343 0.440342 -1.42553 1.77681 -1.62459</i>
                        <i>0.382902 0.623289 0.681834 -0.799985 -0.145372 0.582143 0.461963 -0.768361 0.442959 -1.42588 1.77733 -1.62448</i>
                        <i>0.382289 0.625393 0.680249 -0.799713 -0.144894 0.582636 0.46294 -0.76674 0.444744 -1.42645 1.77778 -1.625</i>
                    </KeyFrames>
                </p>
            </i>
            <i>
                <p>
                    <Name><![CDATA[spine2]]></Name>
                    <Exclude>0</Exclude>
                    <Additive>0</Additive>
                    <IKPriority>0</IKPriority>
                    <IKRotLimits>-1e+010 -1e+010 -1e+010 1e+010 1e+010 1e+010</IKRotLimits>
                    <IKRotLimitOrder>0</IKRotLimitOrder>
                    <KeyFrames count="30">
                        <i>0.435096 0.423966 0.79432 -0.835064 -0.139879 0.532073 0.336689 -0.894811 0.293178 -1.36153 1.88355 -1.50957</i>
                        <i>0.438493 0.41447 0.797457 -0.835139 -0.139932 0.531941 0.332064 -0.89924 0.284781 -1.36241 1.88419 -1.51078</i>
                        <i>0.44145 0.405339 0.800514 -0.835304 -0.140182 0.531617 0.327703 -0.903355 0.276697 -1.36334 1.88468 -1.51217</i>
                        <i>0.443566 0.397823 0.80311 -0.835546 -0.140598 0.531126 0.32421 -0.906625 0.270035 -1.36423 1.88489 -1.51359</i>
                        <i>0.444456 0.393188 0.804898 -0.835848 -0.14116 0.530502 0.322206 -0.908558 0.265906 -1.365 1.88467 -1.51496</i>
                        <i>0.443742 0.392699 0.805532 -0.836185 -0.14186 0.529784 0.322318 -0.90866 0.26542 -1.36554 1.88388 -1.51615</i>
                        <i>0.441595 0.39598 0.805105 -0.836534 -0.142682 0.529011 0.324352 -0.907106 0.268243 -1.36586 1.88258 -1.51713</i>
                        <i>0.43862 0.401386 0.804053 -0.836883 -0.143593 0.528211 0.327474 -0.904583 0.272931 -1.36603 1.88101 -1.51797</i>
                        <i>0.435066 0.40826 0.802522 -0.837217 -0.144564 0.527417 0.331339 -0.901346 0.278907 -1.36607 1.87925 -1.51865</i>
                        <i>0.431187 0.415942 0.800668 -0.837525 -0.14556 0.526654 0.335603 -0.897666 0.285598 -1.36599 1.8774 -1.51917</i>
                        <i>0.427249 0.423779 0.798667 -0.837802 -0.146541 0.525941 0.33992 -0.893833 0.292433 -1.36581 1.87557 -1.51953</i>
                        <i>0.423527 0.431118 0.796719 -0.838048 -0.147462 0.525291 0.343948 -0.890164 0.298844 -1.36556 1.87385 -1.51972</i>
                        <i>0.42024 0.437501 0.794979 -0.838259 -0.148283 0.524723 0.347448 -0.886908 0.304425 -1.36525 1.87236 -1.51979</i>
                        <i>0.417582 0.442544 0.793587 -0.838433 -0.148967 0.524251 0.350222 -0.884287 0.308837 -1.36496 1.87122 -1.51976</i>
                        <i>0.415804 0.445718 0.792744 -0.838574 -0.14947 0.523882 0.351995 -0.882607 0.311617 -1.3647 1.87055 -1.51965</i>
                        <i>0.414688 0.447688 0.792218 -0.838669 -0.149777 0.523643 0.353084 -0.881557 0.313351 -1.36441 1.87033 -1.51938</i>
                        <i>0.413868 0.449457 0.791645 -0.838697 -0.149888 0.523566 0.353979 -0.880637 0.314924 -1.36402 1.87045 -1.51882</i>
                        <i>0.413406 0.451064 0.790972 -0.838634 -0.14974 0.523708 0.354666 -0.87984 0.316375 -1.36355 1.87086 -1.51801</i>
                        <i>0.413332 0.45249 0.790196 -0.838474 -0.149313 0.524086 0.35513 -0.879181 0.317685 -1.36303 1.87152 -1.51699</i>
                        <i>0.413639 0.45363 0.789382 -0.838234 -0.148648 0.52466 0.355341 -0.878706 0.318761 -1.36248 1.87239 -1.5158</i>
                        <i>0.414317 0.454385 0.788592 -0.837927 -0.147788 0.525392 0.355275 -0.878461 0.31951 -1.36193 1.87341 -1.51452</i>
                        <i>0.415357 0.454652 0.78789 -0.837569 -0.146779 0.526245 0.354904 -0.878492 0.319837 -1.36141 1.87456 -1.51322</i>
                        <i>0.416748 0.454324 0.787344 -0.837174 -0.14567 0.52718 0.354203 -0.878846 0.319641 -1.36094 1.87579 -1.51195</i>
                        <i>0.41848 0.453282 0.787026 -0.836759 -0.144515 0.528157 0.35314 -0.879574 0.318811 -1.36056 1.87706 -1.51078</i>
                        <i>0.420538 0.451396 0.787013 -0.836342 -0.14337 0.529128 0.351681 -0.880731 0.317229 -1.36029 1.87833 -1.50977</i>
                        <i>0.422908 0.448526 0.787384 -0.835944 -0.142296 0.530047 0.349782 -0.88237 0.314764 -1.36015 1.87957 -1.509</i>
                        <i>0.425571 0.444516 0.788223 -0.835588 -0.141354 0.53086 0.347394 -0.884548 0.311275 -1.36018 1.88075 -1.50853</i>
                        <i>0.428507 0.439201 0.78961 -0.835301 -0.140602 0.53151 0.344461 -0.887318 0.306617 -1.3604 1.88182 -1.50842</i>
                        <i>0.431692 0.43241 0.791621 -0.835116 -0.140095 0.531935 0.340916 -0.890727 0.300635 -1.36085 1.88277 -1.50874</i>
                        <i>0.435096 0.423966 0.79432 -0.835064 -0.139879 0.532073 0.336689 -0.894811 0.293178 -1.36153 1.88355 -1.50957</i>
                    </KeyFrames>
                </p>
            </i>
            <i>
                <p>
                    <Name><![CDATA[head]]></Name>
                    <Exclude>0</Exclude>
                    <Additive>0</Additive>
                    <IKPriority>0</IKPriority>
                    <IKRotLimits>-1e+010 -1e+010 -1e+010 1e+010 1e+010 1e+010</IKRotLimits>
                    <IKRotLimitOrder>0</IKRotLimitOrder>
                    <KeyFrames count="30">
                        <i>0.0803095 0.94439 0.31887 -0.0303082 0.322069 -0.946231 -0.996309 0.066327 0.0544879 -1.25115 2.00871 -1.30444</i>
                        <i>0.0905611 0.931838 0.351392 -0.0279091 0.355078 -0.93442 -0.9955 0.074815 0.0581631 -1.25071 2.00614 -1.30439</i>
                        <i>0.0999556 0.918348 0.382944 -0.0254273 0.387104 -0.921685 -0.994667 0.0823904 0.0620443 -1.25044 2.00358 -1.30457</i>
                        <i>0.107253 0.90515 0.411339 -0.0231201 0.415884 -0.909124 -0.993963 0.0879963 0.0655321 -1.25042 2.00133 -1.30504</i>
                        <i>0.111246 0.893763 0.434526 -0.0214038 0.439293 -0.898089 -0.993562 0.0906087 0.0679998 -1.25072 1.99966 -1.30585</i>
                        <i>0.110752 0.885852 0.450555 -0.0207842 0.455309 -0.890091 -0.993631 0.089215 0.0688382 -1.25143 1.99887 -1.30705</i>
                        <i>0.106257 0.881676 0.459735 -0.0213592 0.46427 -0.885436 -0.994109 0.0842645 0.0681641 -1.25248 1.99888 -1.30856</i>
                        <i>0.099508 0.880213 0.464029 -0.0227725 0.468236 -0.88331 -0.994776 0.0773293 0.0666379 -1.2537 1.99934 -1.31022</i>
                        <i>0.0911946 0.881154 0.463952 -0.0247971 0.467758 -0.883509 -0.995524 0.0690666 0.0645071 -1.25503 2.00012 -1.31195</i>
                        <i>0.0819908 0.884132 0.459988 -0.0271497 0.463352 -0.885759 -0.996263 0.0601355 0.0619946 -1.25638 2.00108 -1.31368</i>
                        <i>0.0725625 0.888754 0.452605 -0.0295175 0.455517 -0.889738 -0.996927 0.0512018 0.0592872 -1.25767 2.00209 -1.3153</i>
                        <i>0.0635779 0.894625 0.442272 -0.0315836 0.44475 -0.895098 -0.997477 0.0429399 0.0565317 -1.25881 2.00303 -1.31672</i>
                        <i>0.0555451 0.901535 0.429127 -0.0332694 0.431223 -0.901632 -0.997902 0.0358045 0.0539458 -1.25975 2.00387 -1.31788</i>
                        <i>0.0489417 0.90898 0.413957 -0.0345763 0.415747 -0.908823 -0.998203 0.0301662 0.0517767 -1.26045 2.00459 -1.31872</i>
                        <i>0.0444119 0.916209 0.398232 -0.035388 0.399818 -0.915911 -0.998386 0.0265848 0.0501794 -1.26084 2.00514 -1.31915</i>
                        <i>0.0413521 0.923358 0.381707 -0.0358518 0.383159 -0.922986 -0.998501 0.0244825 0.0489485 -1.26093 2.00571 -1.31916</i>
                        <i>0.0387709 0.930754 0.363584 -0.0361457 0.364926 -0.930335 -0.998594 0.0229279 0.0477914 -1.26081 2.00653 -1.31881</i>
                        <i>0.036744 0.938045 0.34456 -0.0362751 0.345817 -0.9376 -0.998666 0.0219522 0.0467343 -1.26051 2.00753 -1.31814</i>
                        <i>0.0353468 0.944931 0.325354 -0.0362598 0.326556 -0.944482 -0.998717 0.0215871 0.0458057 -1.26003 2.00863 -1.31721</i>
                        <i>0.0346528 0.951173 0.306708 -0.0361301 0.307884 -0.950738 -0.998746 0.0218644 0.045035 -1.25941 2.00977 -1.31606</i>
                        <i>0.0347326 0.956584 0.289381 -0.0359217 0.290563 -0.956181 -0.998751 0.0228156 0.0444541 -1.25868 2.01089 -1.31475</i>
                        <i>0.0356525 0.961028 0.274143 -0.0356698 0.275366 -0.960677 -0.998727 0.024472 0.0440971 -1.25786 2.01192 -1.31333</i>
                        <i>0.0374756 0.964402 0.261772 -0.0354026 0.263073 -0.964126 -0.99867 0.0268638 0.0440011 -1.25697 2.01278 -1.31185</i>
                        <i>0.0402616 0.966616 0.253047 -0.035134 0.254465 -0.966444 -0.998571 0.03002 0.0442062 -1.25604 2.01342 -1.31037</i>
                        <i>0.0440684 0.967568 0.248738 -0.0348552 0.250317 -0.967536 -0.99842 0.0339679 0.0447559 -1.25509 2.01377 -1.30893</i>
                        <i>0.0489525 0.96711 0.249602 -0.0345271 0.251391 -0.96727 -0.998204 0.0387322 0.0456978 -1.25416 2.01376 -1.3076</i>
                        <i>0.0549698 0.965012 0.256377 -0.0340696 0.258428 -0.965429 -0.997907 0.0443348 0.0470834 -1.25327 2.01332 -1.30642</i>
                        <i>0.0621733 0.960918 0.269762 -0.0333529 0.272134 -0.961681 -0.997508 0.0507936 0.0489689 -1.25246 2.01237 -1.30546</i>
                        <i>0.0706094 0.954295 0.290404 -0.0321864 0.293159 -0.955522 -0.996985 0.0581218 0.0514151 -1.25174 2.01086 -1.30478</i>
                        <i>0.0803095 0.94439 0.31887 -0.0303082 0.322069 -0.946231 -0.996309 0.066327 0.0544879 -1.25115 2.00871 -1.30444</i>
                    </KeyFrames>
                </p>
            </i>
            <i>
                <p>
                    <Name><![CDATA[head_prop]]></Name>
                    <Exclude>0</Exclude>
                    <Additive>0</Additive>
                    <IKPriority>0</IKPriority>
                    <IKRotLimits>-1e+010 -1e+010 -1e+010 1e+010 1e+010 1e+010</IKRotLimits>
                    <IKRotLimitOrder>0</IKRotLimitOrder>
                    <KeyFrames count="30">
                        <i>0.996309 -0.066327 -0.0544879 0.0803095 0.94439 0.31887 0.0303082 -0.322069 0.946231 -1.22498 2.31649 -1.20052</i>
                        <i>0.9955 -0.074815 -0.0581631 0.0905611 0.931838 0.351392 0.0279091 -0.355078 0.93442 -1.22119 2.30983 -1.18986</i>
                        <i>0.994667 -0.0823904 -0.0620443 0.0999556 0.918348 0.382944 0.0254273 -0.387104 0.921685 -1.21786 2.30288 -1.17976</i>
                        <i>0.993963 -0.0879963 -0.0655321 0.107253 0.90515 0.411339 0.0231201 -0.415884 0.909124 -1.21546 2.29633 -1.17098</i>
                        <i>0.993562 -0.0906087 -0.0679998 0.111246 0.893763 0.434526 0.0214038 -0.439293 0.898089 -1.21447 2.29095 -1.16424</i>
                        <i>0.993631 -0.089215 -0.0688382 0.110752 0.885852 0.450555 0.0207842 -0.455309 0.890091 -1.21533 2.28758 -1.16021</i>
                        <i>0.994109 -0.0842645 -0.0681641 0.106257 0.881676 0.459735 0.0213592 -0.46427 0.885436 -1.21785 2.28623 -1.15872</i>
                        <i>0.994776 -0.0773293 -0.0666379 0.099508 0.880213 0.464029 0.0227725 -0.468236 0.88331 -1.22127 2.28621 -1.15899</i>
                        <i>0.995524 -0.0690666 -0.0645071 0.0911946 0.881154 0.463952 0.0247971 -0.467758 0.883509 -1.22531 2.28729 -1.16075</i>
                        <i>0.996263 -0.0601355 -0.0619946 0.0819908 0.884132 0.459988 0.0271497 -0.463352 0.885759 -1.22966 2.28922 -1.16377</i>
                        <i>0.996927 -0.0512018 -0.0592872 0.0725625 0.888754 0.452605 0.0295175 -0.455517 0.889738 -1.23402 2.29174 -1.1678</i>
                        <i>0.997477 -0.0429399 -0.0565317 0.0635779 0.894625 0.442272 0.0315836 -0.44475 0.895098 -1.23809 2.2946 -1.17258</i>
                        <i>0.997902 -0.0358045 -0.0539458 0.0555451 0.901535 0.429127 0.0332694 -0.431223 0.901632 -1.24165 2.29769 -1.17802</i>
                        <i>0.998203 -0.0301662 -0.0517767 0.0489417 0.90898 0.413957 0.0345763 -0.415747 0.908823 -1.2445 2.30084 -1.18381</i>
                        <i>0.998386 -0.0265848 -0.0501794 0.0444119 0.916209 0.398232 0.035388 -0.399818 0.915911 -1.24637 2.30374 -1.18937</i>
                        <i>0.998501 -0.0244825 -0.0489485 0.0413521 0.923358 0.381707 0.0358518 -0.383159 0.922986 -1.24746 2.30665 -1.19476</i>
                        <i>0.998594 -0.0229279 -0.0477914 0.0387709 0.930754 0.363584 0.0361457 -0.364926 0.930335 -1.24818 2.30987 -1.20031</i>
                        <i>0.998666 -0.0219522 -0.0467343 0.036744 0.938045 0.34456 0.0362751 -0.345817 0.9376 -1.24853 2.31324 -1.20584</i>
                        <i>0.998717 -0.0215871 -0.0458057 0.0353468 0.944931 0.325354 0.0362598 -0.326556 0.944482 -1.24851 2.31659 -1.21117</i>
                        <i>0.998746 -0.0218644 -0.045035 0.0346528 0.951173 0.306708 0.0361301 -0.307884 0.950738 -1.24812 2.31977 -1.2161</i>
                        <i>0.998751 -0.0228156 -0.0444541 0.0347326 0.956584 0.289381 0.0359217 -0.290563 0.956181 -1.24736 2.32265 -1.22044</i>
                        <i>0.998727 -0.024472 -0.0440971 0.0356525 0.961028 0.274143 0.0356698 -0.275366 0.960677 -1.24624 2.32512 -1.22399</i>
                        <i>0.99867 -0.0268638 -0.0440011 0.0374756 0.964402 0.261772 0.0354026 -0.263073 0.964126 -1.24475 2.32709 -1.22654</i>
                        <i>0.998571 -0.03002 -0.0442062 0.0402616 0.966616 0.253047 0.035134 -0.254465 0.966444 -1.24291 2.32845 -1.2279</i>
                        <i>0.99842 -0.0339679 -0.0447559 0.0440684 0.967568 0.248738 0.0348552 -0.250317 0.967536 -1.24073 2.32911 -1.22787</i>
                        <i>0.998204 -0.0387322 -0.0456978 0.0489525 0.96711 0.249602 0.0345271 -0.251391 0.96727 -1.23821 2.32895 -1.22625</i>
                        <i>0.997907 -0.0443348 -0.0470834 0.0549698 0.965012 0.256377 0.0340696 -0.258428 0.965429 -1.23536 2.32782 -1.22287</i>
                        <i>0.997508 -0.0507936 -0.0489689 0.0621733 0.960918 0.269762 0.0333529 -0.272134 0.961681 -1.23219 2.32555 -1.21755</i>
                        <i>0.996985 -0.0581218 -0.0514151 0.0706094 0.954295 0.290404 0.0321864 -0.293159 0.955522 -1.22873 2.32187 -1.21014</i>
                        <i>0.996309 -0.066327 -0.0544879 0.0803095 0.94439 0.31887 0.0303082 -0.322069 0.946231 -1.22498 2.31649 -1.20052</i>
                    </KeyFrames>
                </p>
            </i>
            <i>
                <p>
                    <Name><![CDATA[l_clav]]></Name>
                    <Exclude>0</Exclude>
                    <Additive>0</Additive>
                    <IKPriority>0</IKPriority>
                    <IKRotLimits>-1e+010 -1e+010 -1e+010 1e+010 1e+010 1e+010</IKRotLimits>
                    <IKRotLimitOrder>0</IKRotLimitOrder>
                    <KeyFrames count="30">
                        <i>0.776486 0.22621 -0.588131 0.353839 0.615775 0.704002 0.521409 -0.754752 0.398099 -1.24782 1.89287 -1.48987</i>
                        <i>0.783217 0.21981 -0.581596 0.360424 0.601697 0.712779 0.506621 -0.767883 0.392035 -1.24892 1.89305 -1.49153</i>
                        <i>0.792283 0.21137 -0.572373 0.364644 0.588103 0.721921 0.489207 -0.780678 0.388869 -1.25008 1.8931 -1.49327</i>
                        <i>0.802302 0.202246 -0.561612 0.365773 0.576949 0.730301 0.471722 -0.791345 0.388911 -1.25118 1.89293 -1.49495</i>
                        <i>0.812056 0.194073 -0.550364 0.36312 0.570242 0.736863 0.456846 -0.798223 0.392597 -1.25211 1.89244 -1.49642</i>
                        <i>0.820464 0.188714 -0.539653 0.355986 0.569975 0.740542 0.44734 -0.799697 0.400464 -1.25276 1.89151 -1.49753</i>
                        <i>0.826556 0.188147 -0.530478 0.344884 0.575527 0.741501 0.444815 -0.795845 0.410817 -1.25312 1.8902 -1.4983</i>
                        <i>0.830628 0.191865 -0.522729 0.331286 0.584259 0.740871 0.447557 -0.788561 0.421739 -1.25329 1.88869 -1.49882</i>
                        <i>0.833591 0.197909 -0.515711 0.315897 0.595077 0.738981 0.453139 -0.778919 0.433532 -1.2533 1.88705 -1.49911</i>
                        <i>0.835437 0.205909 -0.509556 0.299437 0.606923 0.736194 0.46085 -0.767624 0.445389 -1.25316 1.88537 -1.49919</i>
                        <i>0.836182 0.21544 -0.504366 0.282662 0.618791 0.732939 0.470002 -0.755435 0.456526 -1.25291 1.88371 -1.49909</i>
                        <i>0.835891 0.226042 -0.500191 0.266359 0.629742 0.729711 0.479937 -0.743189 0.466188 -1.25256 1.88217 -1.49884</i>
                        <i>0.834663 0.237251 -0.497042 0.251249 0.639069 0.726956 0.490115 -0.731644 0.473798 -1.25217 1.88083 -1.49848</i>
                        <i>0.832637 0.248613 -0.49488 0.238032 0.646183 0.725113 0.500056 -0.721553 0.478858 -1.25179 1.87982 -1.49808</i>
                        <i>0.83002 0.259686 -0.493589 0.227488 0.650397 0.72473 0.509231 -0.713826 0.480767 -1.25146 1.87924 -1.49769</i>
                        <i>0.826877 0.270131 -0.493259 0.219359 0.652695 0.725169 0.517838 -0.707826 0.480443 -1.25109 1.8791 -1.49717</i>
                        <i>0.823198 0.279647 -0.494109 0.213057 0.654528 0.725396 0.526263 -0.702418 0.479225 -1.2506 1.87935 -1.49638</i>
                        <i>0.819106 0.287884 -0.496174 0.208864 0.655911 0.725367 0.534267 -0.697785 0.477132 -1.25002 1.87992 -1.4954</i>
                        <i>0.814727 0.294501 -0.49949 0.207064 0.656854 0.725029 0.541613 -0.694127 0.474176 -1.24937 1.88077 -1.49428</i>
                        <i>0.809937 0.297865 -0.505252 0.209464 0.657736 0.723539 0.547839 -0.691853 0.470332 -1.24871 1.88184 -1.49307</i>
                        <i>0.804696 0.297058 -0.514024 0.217025 0.658706 0.720421 0.552598 -0.691276 0.465589 -1.24804 1.88307 -1.49185</i>
                        <i>0.799205 0.292829 -0.524902 0.228752 0.659393 0.716152 0.555827 -0.692425 0.460005 -1.24742 1.88441 -1.49067</i>
                        <i>0.793644 0.285936 -0.537001 0.243643 0.659416 0.711203 0.557465 -0.695278 0.453675 -1.24687 1.88581 -1.48959</i>
                        <i>0.788208 0.277151 -0.549468 0.260695 0.658413 0.706067 0.557464 -0.699772 0.446715 -1.24643 1.88721 -1.48867</i>
                        <i>0.783142 0.267243 -0.561489 0.278917 0.656061 0.701277 0.555783 -0.705808 0.43925 -1.24612 1.88856 -1.48797</i>
                        <i>0.778752 0.256977 -0.572284 0.29733 0.652084 0.697411 0.552395 -0.713267 0.431405 -1.24599 1.88982 -1.48756</i>
                        <i>0.775418 0.247088 -0.581097 0.31497 0.646254 0.69509 0.547284 -0.722014 0.423292 -1.24606 1.89092 -1.48748</i>
                        <i>0.773589 0.238265 -0.587188 0.330892 0.638378 0.69497 0.540435 -0.731918 0.415002 -1.24636 1.89183 -1.4878</i>
                        <i>0.773767 0.231131 -0.589799 0.344161 0.628281 0.697722 0.531825 -0.74286 0.406597 -1.24694 1.8925 -1.48858</i>
                        <i>0.776486 0.22621 -0.588131 0.353839 0.615775 0.704002 0.521409 -0.754752 0.398099 -1.24782 1.89287 -1.48987</i>
                    </KeyFrames>
                </p>
            </i>
            <i>
                <p>
                    <Name><![CDATA[l_shoulder]]></Name>
                    <Exclude>0</Exclude>
                    <Additive>0</Additive>
                    <IKPriority>0</IKPriority>
                    <IKRotLimits>-1e+010 -1e+010 -1e+010 1e+010 1e+010 1e+010</IKRotLimits>
                    <IKRotLimitOrder>0</IKRotLimitOrder>
                    <KeyFrames count="30">
                        <i>0.471756 -0.874849 -0.109933 0.852285 0.420494 0.311119 -0.225956 -0.240466 0.943992 -1.0944 1.93757 -1.60607</i>
                        <i>0.473597 -0.873286 -0.114359 0.851727 0.421065 0.311874 -0.224202 -0.245105 0.943216 -1.09418 1.93648 -1.60644</i>
                        <i>0.475872 -0.870902 -0.122784 0.851509 0.421259 0.312208 -0.220179 -0.253123 0.942046 -1.09354 1.93486 -1.60636</i>
                        <i>0.478277 -0.867962 -0.133763 0.851624 0.421195 0.311979 -0.214446 -0.263128 0.940626 -1.09267 1.93289 -1.60591</i>
                        <i>0.480421 -0.86482 -0.145885 0.852135 0.420921 0.310953 -0.207512 -0.273702 0.939162 -1.09167 1.93078 -1.60516</i>
                        <i>0.481874 -0.861911 -0.157817 0.853142 0.420417 0.308867 -0.199867 -0.283475 0.937921 -1.09065 1.92879 -1.60416</i>
                        <i>0.482252 -0.859924 -0.167224 0.854537 0.419742 0.305914 -0.192872 -0.290427 0.937258 -1.08981 1.92738 -1.60311</i>
                        <i>0.481722 -0.858928 -0.173742 0.856117 0.418942 0.302573 -0.187101 -0.2945 0.937157 -1.08918 1.9266 -1.6021</i>
                        <i>0.480677 -0.858413 -0.179098 0.857834 0.417959 0.299052 -0.181854 -0.297384 0.937279 -1.0886 1.92615 -1.601</i>
                        <i>0.479242 -0.858365 -0.183131 0.859567 0.416846 0.295606 -0.1774 -0.299081 0.937593 -1.0881 1.92605 -1.59987</i>
                        <i>0.47754 -0.858754 -0.185733 0.861219 0.415659 0.292454 -0.173944 -0.299616 0.938069 -1.0877 1.92628 -1.59875</i>
                        <i>0.475681 -0.859542 -0.186856 0.862714 0.414446 0.289757 -0.171617 -0.299035 0.938683 -1.08741 1.92683 -1.59767</i>
                        <i>0.473707 -0.860762 -0.186253 0.864004 0.41326 0.287598 -0.170583 -0.29716 0.939466 -1.08726 1.9277 -1.59669</i>
                        <i>0.47161 -0.862483 -0.183596 0.865067 0.412141 0.286007 -0.171008 -0.293707 0.940475 -1.08728 1.92894 -1.59586</i>
                        <i>0.469379 -0.864712 -0.178763 0.865892 0.4111 0.285006 -0.172959 -0.288565 0.941709 -1.08746 1.93055 -1.59521</i>
                        <i>0.466901 -0.867378 -0.172214 0.866582 0.409983 0.284519 -0.17618 -0.28208 0.943076 -1.08772 1.93247 -1.59462</i>
                        <i>0.464188 -0.870295 -0.164669 0.867202 0.408717 0.284449 -0.180252 -0.274839 0.944443 -1.08795 1.9346 -1.59401</i>
                        <i>0.46138 -0.873309 -0.156396 0.867704 0.407419 0.284781 -0.184983 -0.267097 0.945749 -1.08818 1.9368 -1.59343</i>
                        <i>0.458629 -0.876266 -0.147708 0.868042 0.4062 0.285491 -0.190167 -0.259151 0.946931 -1.0884 1.93896 -1.59296</i>
                        <i>0.456579 -0.878676 -0.139515 0.867964 0.405485 0.28674 -0.195381 -0.252014 0.947795 -1.08868 1.94069 -1.5929</i>
                        <i>0.455679 -0.880217 -0.132573 0.867323 0.405537 0.288602 -0.200269 -0.246493 0.948226 -1.08905 1.94177 -1.59341</i>
                        <i>0.455792 -0.880993 -0.126903 0.866214 0.406238 0.290937 -0.204761 -0.242532 0.948289 -1.08952 1.94227 -1.59438</i>
                        <i>0.456773 -0.881121 -0.122409 0.864724 0.407482 0.293618 -0.208833 -0.239966 0.948053 -1.09006 1.94231 -1.59569</i>
                        <i>0.458452 -0.880727 -0.118919 0.862941 0.409157 0.29652 -0.212496 -0.238561 0.947594 -1.09069 1.94197 -1.59723</i>
                        <i>0.460641 -0.879944 -0.116227 0.860961 0.411142 0.299515 -0.215771 -0.238036 0.946986 -1.09139 1.94137 -1.59891</i>
                        <i>0.463129 -0.878912 -0.114131 0.85889 0.413301 0.302474 -0.218677 -0.23811 0.9463 -1.09212 1.94059 -1.60063</i>
                        <i>0.465698 -0.877767 -0.112477 0.856849 0.415484 0.305258 -0.221213 -0.238534 0.945604 -1.09285 1.93974 -1.60229</i>
                        <i>0.468126 -0.876639 -0.111187 0.854972 0.417526 0.307724 -0.223339 -0.239116 0.944957 -1.09352 1.93891 -1.60382</i>
                        <i>0.470206 -0.875639 -0.110288 0.853402 0.419254 0.309727 -0.22497 -0.239755 0.944408 -1.09406 1.93817 -1.60511</i>
                        <i>0.471756 -0.874849 -0.109933 0.852285 0.420494 0.311119 -0.225956 -0.240466 0.943992 -1.0944 1.93757 -1.60607</i>
                    </KeyFrames>
                </p>
            </i>
            <i>
                <p>
                    <Name><![CDATA[l_elbow]]></Name>
                    <Exclude>0</Exclude>
                    <Additive>0</Additive>
                    <IKPriority>0</IKPriority>
                    <IKRotLimits>-1e+010 -1e+010 -1e+010 1e+010 1e+010 1e+010</IKRotLimits>
                    <IKRotLimitOrder>0</IKRotLimitOrder>
                    <KeyFrames count="30">
                        <i>0.279612 -0.870027 0.406043 0.851674 0.420001 0.31345 -0.443248 0.258172 0.858416 -0.940952 1.653 -1.64183</i>
                        <i>0.277073 -0.868232 0.411587 0.85112 0.42056 0.314204 -0.445899 0.263253 0.855495 -0.940126 1.65242 -1.64364</i>
                        <i>0.272857 -0.865649 0.419762 0.850912 0.420733 0.314536 -0.448886 0.271357 0.851391 -0.938754 1.65158 -1.64629</i>
                        <i>0.267751 -0.862529 0.429362 0.851041 0.420644 0.314305 -0.451706 0.28125 0.846676 -0.937094 1.65056 -1.64942</i>
                        <i>0.262539 -0.859186 0.439173 0.851569 0.420342 0.313276 -0.453765 0.291739 0.842013 -0.935398 1.64947 -1.65261</i>
                        <i>0.257957 -0.855991 0.448037 0.852595 0.419814 0.311188 -0.454466 0.301721 0.838108 -0.933908 1.64843 -1.65549</i>
                        <i>0.254989 -0.853619 0.45422 0.854008 0.419121 0.308235 -0.453488 0.309311 0.835868 -0.932942 1.64766 -1.6575</i>
                        <i>0.25358 -0.852218 0.457626 0.855603 0.41831 0.304894 -0.451266 0.314231 0.835235 -0.932484 1.64721 -1.65861</i>
                        <i>0.252849 -0.851364 0.459615 0.857332 0.41732 0.301373 -0.448385 0.317841 0.835421 -0.932246 1.64693 -1.65926</i>
