<?xml version="1.0" encoding="ISO-8859-1" ?>
<Animl Version="1">
    <ModellingPackage><![CDATA[Maya.2010]]></ModellingPackage>
    <SrcFile><![CDATA[anims\turrets\antitank\blue\~src\at_bgm71tow\antitank_bgm71tow_aim_high_crewman_c.mb]]></SrcFile>
    <FramesPerSecond>30</FramesPerSecond>
    <TotalFrames>30</TotalFrames>
    <Skeleton>
        <RefFrame>
            <Name><![CDATA[soldier_ref_frame]]></Name>
            <Exclude>0</Exclude>
            <Additive>0</Additive>
            <IKPriority>0</IKPriority>
            <IKRotLimits>-1e+010 -1e+010 -1e+010 1e+010 1e+010 1e+010</IKRotLimits>
            <IKRotLimitOrder>0</IKRotLimitOrder>
            <KeyFrames count="30">
                <i>1 0 0 0 1 0 0 0 1 -0.99 0.87 -2.4</i>
                <i>1 0 0 0 1 0 0 0 1 -0.99 0.87 -2.4</i>
                <i>1 0 0 0 1 0 0 0 1 -0.99 0.87 -2.4</i>
                <i>1 0 0 0 1 0 0 0 1 -0.99 0.87 -2.4</i>
                <i>1 0 0 0 1 0 0 0 1 -0.99 0.87 -2.4</i>
                <i>1 0 0 0 1 0 0 0 1 -0.99 0.87 -2.4</i>
                <i>1 0 0 0 1 0 0 0 1 -0.99 0.87 -2.4</i>
                <i>1 0 0 0 1 0 0 0 1 -0.99 0.87 -2.4</i>
                <i>1 0 0 0 1 0 0 0 1 -0.99 0.87 -2.4</i>
                <i>1 0 0 0 1 0 0 0 1 -0.99 0.87 -2.4</i>
                <i>1 0 0 0 1 0 0 0 1 -0.99 0.87 -2.4</i>
                <i>1 0 0 0 1 0 0 0 1 -0.99 0.87 -2.4</i>
                <i>1 0 0 0 1 0 0 0 1 -0.99 0.87 -2.4</i>
                <i>1 0 0 0 1 0 0 0 1 -0.99 0.87 -2.4</i>
                <i>1 0 0 0 1 0 0 0 1 -0.99 0.87 -2.4</i>
                <i>1 0 0 0 1 0 0 0 1 -0.99 0.87 -2.4</i>
                <i>1 0 0 0 1 0 0 0 1 -0.99 0.87 -2.4</i>
                <i>1 0 0 0 1 0 0 0 1 -0.99 0.87 -2.4</i>
                <i>1 0 0 0 1 0 0 0 1 -0.99 0.87 -2.4</i>
                <i>1 0 0 0 1 0 0 0 1 -0.99 0.87 -2.4</i>
                <i>1 0 0 0 1 0 0 0 1 -0.99 0.87 -2.4</i>
                <i>1 0 0 0 1 0 0 0 1 -0.99 0.87 -2.4</i>
                <i>1 0 0 0 1 0 0 0 1 -0.99 0.87 -2.4</i>
                <i>1 0 0 0 1 0 0 0 1 -0.99 0.87 -2.4</i>
                <i>1 0 0 0 1 0 0 0 1 -0.99 0.87 -2.4</i>
                <i>1 0 0 0 1 0 0 0 1 -0.99 0.87 -2.4</i>
                <i>1 0 0 0 1 0 0 0 1 -0.99 0.87 -2.4</i>
                <i>1 0 0 0 1 0 0 0 1 -0.99 0.87 -2.4</i>
                <i>1 0 0 0 1 0 0 0 1 -0.99 0.87 -2.4</i>
                <i>1 0 0 0 1 0 0 0 1 -0.99 0.87 -2.4</i>
            </KeyFrames>
        </RefFrame>
        <Bones count="23">
            <i>
                <p>
                    <Name><![CDATA[pelvis]]></Name>
                    <Exclude>0</Exclude>
                    <Additive>0</Additive>
                    <IKPriority>0</IKPriority>
                    <IKRotLimits>-1e+010 -1e+010 -1e+010 1e+010 1e+010 1e+010</IKRotLimits>
                    <IKRotLimitOrder>2</IKRotLimitOrder>
                    <KeyFrames count="30">
                        <i>1 0 0 0 1 0 0 0 1 -0.927412 1.55846 -2.40694</i>
                        <i>1 0 0 0 1 0 0 0 1 -0.927412 1.55978 -2.40694</i>
                        <i>1 0 0 0 1 0 0 0 1 -0.927412 1.56135 -2.40694</i>
                        <i>1 0 0 0 1 0 0 0 1 -0.927412 1.56309 -2.40694</i>
                        <i>1 0 0 0 1 0 0 0 1 -0.927412 1.56493 -2.40694</i>
                        <i>1 0 0 0 1 0 0 0 1 -0.927412 1.5668 -2.40694</i>
                        <i>1 0 0 0 1 0 0 0 1 -0.927412 1.56861 -2.40694</i>
                        <i>1 0 0 0 1 0 0 0 1 -0.927412 1.5703 -2.40694</i>
                        <i>1 0 0 0 1 0 0 0 1 -0.927412 1.5718 -2.40694</i>
                        <i>1 0 0 0 1 0 0 0 1 -0.927412 1.57302 -2.40694</i>
                        <i>1 0 0 0 1 0 0 0 1 -0.927412 1.5739 -2.40694</i>
                        <i>1 0 0 0 1 0 0 0 1 -0.927412 1.57436 -2.40694</i>
                        <i>1 0 0 0 1 0 0 0 1 -0.927412 1.57433 -2.40694</i>
                        <i>1 0 0 0 1 0 0 0 1 -0.927412 1.57373 -2.40694</i>
                        <i>1 0 0 0 1 0 0 0 1 -0.927412 1.57267 -2.40694</i>
                        <i>1 0 0 0 1 0 0 0 1 -0.927412 1.57134 -2.40694</i>
                        <i>1 0 0 0 1 0 0 0 1 -0.927412 1.56982 -2.40694</i>
                        <i>1 0 0 0 1 0 0 0 1 -0.927412 1.56814 -2.40694</i>
                        <i>1 0 0 0 1 0 0 0 1 -0.927412 1.56639 -2.40694</i>
                        <i>1 0 0 0 1 0 0 0 1 -0.927412 1.56461 -2.40694</i>
                        <i>1 0 0 0 1 0 0 0 1 -0.927412 1.56286 -2.40694</i>
                        <i>1 0 0 0 1 0 0 0 1 -0.927412 1.5612 -2.40694</i>
                        <i>1 0 0 0 1 0 0 0 1 -0.927412 1.5597 -2.40694</i>
                        <i>1 0 0 0 1 0 0 0 1 -0.927412 1.55841 -2.40694</i>
                        <i>1 0 0 0 1 0 0 0 1 -0.927412 1.5574 -2.40694</i>
                        <i>1 0 0 0 1 0 0 0 1 -0.927412 1.55671 -2.40694</i>
                        <i>1 0 0 0 1 0 0 0 1 -0.927412 1.55641 -2.40694</i>
                        <i>1 0 0 0 1 0 0 0 1 -0.927412 1.55657 -2.40694</i>
                        <i>1 0 0 0 1 0 0 0 1 -0.927412 1.55723 -2.40694</i>
                        <i>1 0 0 0 1 0 0 0 1 -0.927412 1.55846 -2.40694</i>
                    </KeyFrames>
                </p>
            </i>
            <i>
                <p>
                    <Name><![CDATA[spine0]]></Name>
                    <Exclude>0</Exclude>
                    <Additive>0</Additive>
                    <IKPriority>0</IKPriority>
                    <IKRotLimits>-1e+010 -1e+010 -1e+010 1e+010 1e+010 1e+010</IKRotLimits>
                    <IKRotLimitOrder>0</IKRotLimitOrder>
                    <KeyFrames count="30">
                        <i>-0.0908398 0.9236 0.37244 -0.995574 -0.093274 -0.0115184 0.0241006 -0.371838 0.927985 -0.948705 1.69595 -2.44352</i>
                        <i>-0.0904732 0.924346 0.370674 -0.995616 -0.0928225 -0.0115369 0.0237429 -0.370093 0.928691 -0.948637 1.69727 -2.4436</i>
                        <i>-0.0899752 0.925019 0.369113 -0.995672 -0.0922027 -0.0116402 0.0232658 -0.368562 0.929312 -0.948447 1.6988 -2.44383</i>
                        <i>-0.0893844 0.925596 0.367807 -0.995738 -0.0914653 -0.0118095 0.0227108 -0.367296 0.929827 -0.948159 1.70049 -2.44418</i>
                        <i>-0.08874 0.926053 0.366812 -0.995809 -0.0906615 -0.0120246 0.0221203 -0.366342 0.930217 -0.947793 1.70227 -2.44463</i>
                        <i>-0.0880811 0.926366 0.36618 -0.99588 -0.0898423 -0.0122657 0.0215359 -0.365751 0.930463 -0.947372 1.70405 -2.44514</i>
                        <i>-0.0874465 0.92651 0.365967 -0.995948 -0.0890569 -0.0125148 0.0209968 -0.365579 0.930544 -0.94692 1.70578 -2.4457</i>
                        <i>-0.0869017 0.926364 0.366467 -0.996004 -0.0883874 -0.0127586 0.0205719 -0.366111 0.930344 -0.946456 1.70737 -2.44626</i>
                        <i>-0.0864916 0.925862 0.367831 -0.996046 -0.0878891 -0.0129854 0.0203057 -0.367499 0.929802 -0.946005 1.70877 -2.44681</i>
                        <i>-0.0862198 0.925056 0.369917 -0.996071 -0.0875666 -0.0131842 0.0201962 -0.3696 0.928971 -0.945587 1.7099 -2.44733</i>
                        <i>-0.0860925 0.924065 0.372413 -0.996082 -0.0874225 -0.0133483 0.0202226 -0.372103 0.927971 -0.945224 1.71069 -2.44777</i>
                        <i>-0.0861132 0.922983 0.375082 -0.996077 -0.0874571 -0.0134742 0.0203671 -0.374771 0.926894 -0.944938 1.71108 -2.44812</i>
                        <i>-0.0862807 0.921826 0.377878 -0.996057 -0.0876699 -0.0135602 0.0206284 -0.377558 0.925756 -0.94475 1.711 -2.44835</i>
                        <i>-0.0865971 0.920617 0.380742 -0.996022 -0.0880634 -0.0136049 0.0210045 -0.380406 0.924581 -0.944683 1.71039 -2.44844</i>
                        <i>-0.0870308 0.919399 0.383576 -0.995974 -0.0885998 -0.0136136 0.0214684 -0.383216 0.923409 -0.944728 1.70934 -2.44838</i>
                        <i>-0.0875265 0.918232 0.38625 -0.99592 -0.0892132 -0.0135946 0.0219755 -0.385864 0.922294 -0.944855 1.70804 -2.44823</i>
                        <i>-0.0880575 0.917175 0.388633 -0.995861 -0.0898711 -0.0135489 0.0225002 -0.388218 0.921293 -0.945052 1.70657 -2.44798</i>
                        <i>-0.0886009 0.916293 0.390586 -0.995801 -0.0905445 -0.0134762 0.0230172 -0.39014 0.920468 -0.945308 1.70496 -2.44767</i>
                        <i>-0.0891359 0.915653 0.391962 -0.995742 -0.0912065 -0.0133759 0.0235017 -0.391485 0.919884 -0.945611 1.70327 -2.4473</i>
                        <i>-0.0896419 0.915323 0.392617 -0.995687 -0.0918298 -0.0132478 0.023928 -0.392111 0.919606 -0.94595 1.70156 -2.44688</i>
                        <i>-0.0900989 0.915338 0.392478 -0.995637 -0.0923893 -0.0130923 0.0242769 -0.391946 0.919668 -0.946313 1.6999 -2.44644</i>
                        <i>-0.0904998 0.915672 0.391605 -0.995594 -0.0928765 -0.0129124 0.0245474 -0.391048 0.920043 -0.946688 1.69832 -2.44598</i>
                        <i>-0.0908392 0.916301 0.390051 -0.995558 -0.0932849 -0.0127128 0.0247372 -0.389474 0.920705 -0.947063 1.6969 -2.44552</i>
                        <i>-0.0911077 0.917157 0.387971 -0.995531 -0.0936055 -0.0124998 0.0248519 -0.387376 0.921587 -0.947427 1.69568 -2.44508</i>
                        <i>-0.0912954 0.918173 0.385518 -0.995513 -0.0938286 -0.0122818 0.0248957 -0.384909 0.922619 -0.947768 1.69473 -2.44466</i>
                        <i>-0.0913942 0.919283 0.382839 -0.995504 -0.0939459 -0.012069 0.0248713 -0.38222 0.923736 -0.948073 1.69409 -2.44429</i>
                        <i>-0.0913988 0.92043 0.380072 -0.995506 -0.0939511 -0.011873 0.0247799 -0.379449 0.924881 -0.948332 1.69384 -2.44397</i>
                        <i>-0.0913066 0.921561 0.377345 -0.995518 -0.0938407 -0.0117069 0.0246217 -0.376723 0.925999 -0.948531 1.69403 -2.44373</i>
                        <i>-0.0911189 0.92263 0.374768 -0.995541 -0.0936142 -0.0115842 0.0243957 -0.374153 0.927046 -0.948659 1.69472 -2.44357</i>
                        <i>-0.0908398 0.9236 0.37244 -0.995574 -0.093274 -0.0115184 0.0241006 -0.371838 0.927985 -0.948705 1.69595 -2.44352</i>
                    </KeyFrames>
                </p>
            </i>
            <i>
                <p>
                    <Name><![CDATA[spine1]]></Name>
                    <Exclude>0</Exclude>
                    <Additive>0</Additive>
                    <IKPriority>0</IKPriority>
                    <IKRotLimits>-1e+010 -1e+010 -1e+010 1e+010 1e+010 1e+010</IKRotLimits>
                    <IKRotLimitOrder>0</IKRotLimitOrder>
                    <KeyFrames count="30">
                        <i>0.092588 0.586099 0.804932 -0.994923 0.0864789 0.0514737 -0.039441 -0.805611 0.59113 -0.966649 1.87842 -2.37011</i>
                        <i>0.0921316 0.585427 0.805473 -0.994929 0.0869013 0.050641 -0.04035 -0.806054 0.590465 -0.966534 1.88014 -2.37044</i>
                        <i>0.0911557 0.584338 0.806375 -0.994984 0.0869409 0.0494754 -0.0411966 -0.80684 0.589332 -0.966273 1.88209 -2.37087</i>
                        <i>0.0897661 0.582893 0.807575 -0.995079 0.0866437 0.0480703 -0.0419515 -0.807916 0.587802 -0.965896 1.88419 -2.37136</i>
                        <i>0.0880678 0.581155 0.809014 -0.995204 0.0860482 0.0465234 -0.0425768 -0.809231 0.585946 -0.965431 1.88635 -2.37189</i>
                        <i>0.0861642 0.579189 0.810627 -0.995351 0.0851866 0.0449338 -0.0430294 -0.81073 0.583836 -0.964906 1.88848 -2.37242</i>
                        <i>0.0841576 0.577059 0.812355 -0.995513 0.0840873 0.0434006 -0.043264 -0.812362 0.581546 -0.964351 1.89048 -2.37292</i>
                        <i>0.0821654 0.574713 0.81422 -0.995684 0.0827096 0.0420974 -0.0431499 -0.814165 0.579028 -0.963796 1.89223 -2.37331</i>
                        <i>0.0802914 0.57218 0.816188 -0.99586 0.0810531 0.041145 -0.0426123 -0.816113 0.576319 -0.963271 1.89362 -2.37356</i>
                        <i>0.0786163 0.569655 0.818115 -0.996032 0.0792134 0.0405567 -0.0417023 -0.818057 0.573623 -0.962799 1.8946 -2.37365</i>
                        <i>0.0772147 0.567701 0.819606 -0.996193 0.0772915 0.0403149 -0.0404618 -0.819599 0.571508 -0.962403 1.89511 -2.37363</i>
                        <i>0.0761636 0.566714 0.820387 -0.996334 0.0754044 0.0404099 -0.0389599 -0.820457 0.570379 -0.962105 1.89512 -2.37352</i>
                        <i>0.0755479 0.566638 0.820496 -0.996444 0.0736883 0.040859 -0.0373088 -0.820665 0.57019 -0.961928 1.89456 -2.37329</i>
                        <i>0.0754541 0.567408 0.819972 -0.996513 0.0722884 0.0416769 -0.0356267 -0.820257 0.570884 -0.961894 1.89338 -2.37294</i>
                        <i>0.0758406 0.56887 0.818923 -0.99654 0.0712603 0.0427882 -0.0340158 -0.819334 0.572306 -0.96199 1.89172 -2.37247</i>
                        <i>0.0765686 0.570801 0.81751 -0.996533 0.0705806 0.0440553 -0.0325535 -0.818049 0.574226 -0.962179 1.88982 -2.37194</i>
                        <i>0.0775822 0.573026 0.815857 -0.996494 0.0702728 0.0454027 -0.0313156 -0.816519 0.576469 -0.962445 1.88775 -2.37138</i>
                        <i>0.0788261 0.575365 0.81409 -0.996426 0.0703509 0.0467601 -0.0303679 -0.814866 0.578854 -0.962774 1.88561 -2.37083</i>
                        <i>0.0802449 0.577639 0.812338 -0.996331 0.0708201 0.0480613 -0.0297677 -0.813214 0.581203 -0.963153 1.88349 -2.37032</i>
                        <i>0.0817827 0.579673 0.810735 -0.996212 0.0716767 0.0492439 -0.0295654 -0.811691 0.583339 -0.963568 1.88147 -2.36988</i>
                        <i>0.0833843 0.581274 0.809424 -0.996072 0.0728973 0.0502623 -0.0297887 -0.810436 0.585069 -0.964004 1.87965 -2.36953</i>
                        <i>0.0849998 0.582482 0.808387 -0.995918 0.0743966 0.0511118 -0.0303695 -0.809432 0.586428 -0.96445 1.87805 -2.36928</i>
                        <i>0.0865771 0.583518 0.807472 -0.995756 0.0760791 0.0517864 -0.0312134 -0.808528 0.587629 -0.96489 1.87673 -2.36913</i>
                        <i>0.0880679 0.58439 0.80668 -0.995592 0.0778568 0.0522896 -0.0322479 -0.807729 0.588671 -0.965311 1.87573 -2.36908</i>
                        <i>0.0894241 0.585103 0.806013 -0.995433 0.079649 0.0526205 -0.0334098 -0.807038 0.589554 -0.965698 1.87507 -2.3691</i>
                        <i>0.0905986 0.585658 0.805479 -0.995285 0.081383 0.0527746 -0.0346444 -0.806462 0.59027 -0.966038 1.87481 -2.36919</i>
                        <i>0.0915456 0.586051 0.805086 -0.995153 0.0829924 0.0527449 -0.0359049 -0.806013 0.590808 -0.966315 1.87497 -2.36935</i>
                        <i>0.092221 0.586268 0.804851 -0.995045 0.0844164 0.0525234 -0.0371498 -0.805707 0.591148 -0.966518 1.8756 -2.36955</i>
                        <i>0.0925822 0.586292 0.804792 -0.994967 0.0855974 0.0521018 -0.0383412 -0.805565 0.591266 -0.966634 1.87674 -2.36981</i>
                        <i>0.092588 0.586099 0.804932 -0.994923 0.0864789 0.0514737 -0.039441 -0.805611 0.59113 -0.966649 1.87842 -2.37011</i>
                    </KeyFrames>
                </p>
            </i>
            <i>
                <p>
                    <Name><![CDATA[spine2]]></Name>
                    <Exclude>0</Exclude>
                    <Additive>0</Additive>
                    <IKPriority>0</IKPriority>
                    <IKRotLimits>-1e+010 -1e+010 -1e+010 1e+010 1e+010 1e+010</IKRotLimits>
                    <IKRotLimitOrder>0</IKRotLimitOrder>
                    <KeyFrames count="30">
                        <i>0.196038 0.29622 0.934785 -0.979714 0.0995912 0.173902 -0.0415832 -0.949913 0.309735 -0.949881 1.98433 -2.22376</i>
                        <i>0.195422 0.288083 0.937453 -0.979772 0.0993591 0.17371 -0.0431015 -0.952437 0.301673 -0.949826 1.98606 -2.22379</i>
                        <i>0.194448 0.280622 0.939916 -0.979908 0.0989303 0.173184 -0.0443868 -0.954706 0.29422 -0.949718 1.98797 -2.22383</i>
                        <i>0.193201 0.274055 0.942108 -0.980108 0.0983472 0.172385 -0.0454108 -0.956672 0.287604 -0.949569 1.98998 -2.22386</i>
                        <i>0.191769 0.268602 0.943969 -0.980355 0.0976456 0.171376 -0.0461425 -0.958289 0.282051 -0.949389 1.99199 -2.22389</i>
                        <i>0.190239 0.264479 0.945442 -0.980634 0.0968541 0.170226 -0.0465487 -0.959516 0.277783 -0.949189 1.99391 -2.2239</i>
                        <i>0.188696 0.261901 0.946468 -0.98093 0.0959955 0.169003 -0.0465946 -0.960309 0.27502 -0.94898 1.99566 -2.22388</i>
                        <i>0.187263 0.261623 0.946829 -0.981228 0.0950457 0.167804 -0.0460907 -0.960479 0.27451 -0.948776 1.99708 -2.22379</i>
                        <i>0.186034 0.264039 0.946401 -0.981515 0.0940013 0.166711 -0.0449447 -0.95992 0.276646 -0.948587 1.99805 -2.2236</i>
                        <i>0.185048 0.268813 0.945249 -0.981776 0.0929182 0.165775 -0.0432685 -0.9587 0.281108 -0.948422 1.99856 -2.22334</i>
                        <i>0.184351 0.276147 0.94327 -0.981997 0.0919595 0.164999 -0.0411788 -0.956706 0.288128 -0.948288 1.99867 -2.22311</i>
                        <i>0.183983 0.285997 0.940402 -0.982164 0.0912531 0.164401 -0.0387964 -0.953875 0.297685 -0.948194 1.99841 -2.223</i>
                        <i>0.183971 0.29766 0.936778 -0.982263 0.090818 0.164047 -0.0362462 -0.950342 0.309089 -0.948146 1.9977 -2.22295</i>
                        <i>0.184349 0.310436 0.932547 -0.982284 0.0906841 0.163994 -0.0336576 -0.946259 0.321654 -0.948151 1.99649 -2.22295</i>
                        <i>0.18506 0.323607 0.927918 -0.982233 0.0908387 0.164213 -0.0311502 -0.941821 0.334669 -0.948203 1.9949 -2.22298</i>
                        <i>0.185982 0.336443 0.923156 -0.98213 0.0912265 0.164615 -0.0288326 -0.937275 0.347397 -0.948286 1.99314 -2.22302</i>
                        <i>0.187056 0.348239 0.918553 -0.981983 0.0918151 0.165164 -0.0268205 -0.932899 0.359139 -0.948395 1.99126 -2.22308</i>
                        <i>0.188228 0.358299 0.914435 -0.981801 0.0925635 0.165826 -0.0252282 -0.929007 0.369202 -0.948525 1.98936 -2.22314</i>
                        <i>0.189446 0.365934 0.911154 -0.981594 0.0934219 0.166572 -0.0241674 -0.92594 0.376897 -0.948671 1.98748 -2.22319</i>
                        <i>0.190658 0.370456 0.909072 -0.981369 0.094331 0.16738 -0.0237467 -0.924048 0.381539 -0.948827 1.9857 -2.22324</i>
                        <i>0.191814 0.371287 0.908489 -0.981137 0.0952153 0.168239 -0.024037 -0.923623 0.382547 -0.948988 1.98407 -2.22326</i>
                        <i>0.19289 0.36879 0.909278 -0.980903 0.0960467 0.169129 -0.02496 -0.924537 0.380274 -0.949149 1.98264 -2.22326</i>
                        <i>0.19387 0.363741 0.911102 -0.980672 0.0968476 0.170008 -0.0263991 -0.926452 0.375486 -0.949307 1.9815 -2.22329</i>
                        <i>0.194727 0.356602 0.913737 -0.980451 0.0975856 0.17086 -0.0282384 -0.929146 0.368634 -0.949456 1.98068 -2.22334</i>
                        <i>0.195439 0.347839 0.916958 -0.980246 0.0982339 0.171664 -0.030365 -0.932394 0.360166 -0.949591 1.98021 -2.22341</i>
                        <i>0.195979 0.337918 0.920545 -0.980064 0.0987715 0.172393 -0.0326689 -0.935978 0.350539 -0.949706 1.98012 -2.22348</i>
                        <i>0.196327 0.327314 0.924295 -0.979912 0.0991837 0.173017 -0.0350441 -0.939696 0.340211 -0.949798 1.98046 -2.22355</i>
                        <i>0.196463 0.316504 0.928023 -0.979798 0.0994608 0.173503 -0.0373877 -0.943362 0.329651 -0.94986 1.98125 -2.22362</i>
                        <i>0.196371 0.305976 0.931567 -0.97973 0.0995975 0.173811 -0.0395999 -0.946815 0.319332 -0.949888 1.98253 -2.22369</i>
                        <i>0.196038 0.29622 0.934785 -0.979714 0.0995912 0.173902 -0.0415832 -0.949913 0.309735 -0.949881 1.98433 -2.22376</i>
                    </KeyFrames>
                </p>
            </i>
            <i>
                <p>
                    <Name><![CDATA[head]]></Name>
                    <Exclude>0</Exclude>
                    <Additive>0</Additive>
                    <IKPriority>0</IKPriority>
                    <IKRotLimits>-1e+010 -1e+010 -1e+010 1e+010 1e+010 1e+010</IKRotLimits>
                    <IKRotLimitOrder>0</IKRotLimitOrder>
                    <KeyFrames count="30">
                        <i>0.0115409 0.966888 0.254939 0.0273231 0.254556 -0.966672 -0.99956 0.018122 -0.0234806 -0.891728 2.07172 -1.97247</i>
                        <i>0.0136399 0.965352 0.260593 0.0290878 0.260124 -0.965137 -0.999484 0.0207445 -0.0245319 -0.891788 2.07071 -1.97135</i>
                        <i>0.015471 0.963798 0.266186 0.0306332 0.265636 -0.963587 -0.999411 0.0230617 -0.0254146 -0.891844 2.07015 -1.97034</i>
                        <i>0.016978 0.962268 0.271575 0.0319215 0.270954 -0.962063 -0.999346 0.025003 -0.0261168 -0.891892 2.07002 -1.96945</i>
                        <i>0.0181059 0.960809 0.276619 0.0329139 0.275942 -0.960611 -0.999294 0.0264973 -0.0266278 -0.891931 2.07031 -1.96871</i>
                        <i>0.0188008 0.959471 0.281179 0.0335701 0.280464 -0.959277 -0.99926 0.0274744 -0.0269366 -0.891956 2.07099 -1.96812</i>
                        <i>0.0189505 0.957799 0.286815 0.0338813 0.286086 -0.957605 -0.999246 0.0278648 -0.02703 -0.891966 2.07204 -1.96771</i>
                        <i>0.018299 0.955849 0.293288 0.0336368 0.292583 -0.955648 -0.999267 0.0273527 -0.0267977 -0.891951 2.07358 -1.96753</i>
                        <i>0.0167918 0.954132 0.298916 0.0326885 0.298274 -0.95392 -0.999325 0.0257891 -0.0261805 -0.891909 2.07562 -1.96762</i>
                        <i>0.0146122 0.952774 0.30333 0.0311241 0.302782 -0.952551 -0.999409 0.0233597 -0.0252299 -0.891847 2.07803 -1.96796</i>
                        <i>0.0119293 0.952105 0.305539 0.0290237 0.305102 -0.951877 -0.999507 0.0202231 -0.0239939 -0.891771 2.08086 -1.96871</i>
                        <i>0.00890834 0.952367 0.304824 0.0264849 0.304504 -0.952143 -0.99961 0.0165552 -0.0225108 -0.891689 2.08409 -1.96993</i>
                        <i>0.00571459 0.953536 0.301225 0.023637 0.301017 -0.953326 -0.999704 0.0125679 -0.0208185 -0.891608 2.08742 -1.97154</i>
                        <i>0.00249963 0.955564 0.294774 0.0206243 0.294663 -0.955379 -0.999784 0.0084676 -0.0189713 -0.891533 2.09054 -1.97343</i>
                        <i>-0.000598389 0.958381 0.285492 0.0176049 0.285458 -0.958229 -0.999845 0.00445269 -0.017043 -0.89147 2.09334 -1.9755</i>
                        <i>-0.00345208 0.961896 0.273395 0.0147474 0.273416 -0.961783 -0.999885 0.000711693 -0.0151293 -0.891418 2.09578 -1.97762</i>
                        <i>-0.00593999 0.965995 0.258491 0.0122252 0.258547 -0.965922 -0.999908 -0.00257742 -0.0133453 -0.891379 2.09771 -1.97965</i>
                        <i>-0.00795778 0.970105 0.242554 0.010196 0.242627 -0.970066 -0.999916 -0.00524648 -0.011822 -0.891353 2.099 -1.98146</i>
                        <i>-0.00938882 0.973547 0.228295 0.00878807 0.228376 -0.973533 -0.999917 -0.00713405 -0.0106998 -0.891337 2.09949 -1.98287</i>
                        <i>-0.0100855 0.976088 0.217141 0.00812301 0.217225 -0.976088 -0.999916 -0.00808051 -0.0101196 -0.89133 2.09904 -1.98375</i>
                        <i>-0.00993358 0.977584 0.21031 0.00827815 0.210394 -0.977582 -0.999916 -0.00796992 -0.0101826 -0.891331 2.09753 -1.98394</i>
                        <i>-0.00899969 0.978188 0.207526 0.00916015 0.207606 -0.97817 -0.999918 -0.00690225 -0.0108287 -0.89134 2.09515 -1.98352</i>
                        <i>-0.00740756 0.978123 0.207897 0.0106315 0.207968 -0.978078 -0.999916 -0.00503493 -0.0119394 -0.891357 2.0922 -1.98268</i>
                        <i>-0.00527915 0.977492 0.210905 0.0125669 0.210956 -0.977415 -0.999907 -0.00250949 -0.0133977 -0.891382 2.08887 -1.9815</i>
                        <i>-0.00274022 0.976384 0.216025 0.0148453 0.216042 -0.976271 -0.999886 0.000531754 -0.0150867 -0.891418 2.08536 -1.98008</i>
                        <i>8.04466e-005 0.97488 0.222732 0.0173485 0.222697 -0.974733 -0.99985 0.0039425 -0.0168948 -0.891465 2.08185 -1.97853</i>
                        <i>0.00305181 0.973067 0.230501 0.0199609 0.230396 -0.972892 -0.999796 0.00757009 -0.0187202 -0.891522 2.07853 -1.97691</i>
                        <i>0.00604131 0.971049 0.238805 0.022569 0.238616 -0.970852 -0.999727 0.0112548 -0.020474 -0.891588 2.0756 -1.97532</i>
                        <i>0.00891555 0.968943 0.247124 0.0250602 0.24684 -0.968732 -0.999646 0.0148298 -0.0220812 -0.891658 2.07326 -1.97382</i>
                        <i>0.0115409 0.966888 0.254939 0.0273231 0.254556 -0.966672 -0.99956 0.018122 -0.0234806 -0.891728 2.07172 -1.97247</i>
                    </KeyFrames>
                </p>
            </i>
            <i>
                <p>
                    <Name><![CDATA[head_prop]]></Name>
                    <Exclude>0</Exclude>
                    <Additive>0</Additive>
                    <IKPriority>0</IKPriority>
                    <IKRotLimits>-1e+010 -1e+010 -1e+010 1e+010 1e+010 1e+010</IKRotLimits>
                    <IKRotLimitOrder>0</IKRotLimitOrder>
                    <KeyFrames count="30">
                        <i>0.99956 -0.018122 0.0234806 0.0115409 0.966888 0.254939 -0.0273231 -0.254556 0.966672 -0.887967 2.38684 -1.88938</i>
                        <i>0.999484 -0.0207445 0.0245319 0.0136399 0.965352 0.260593 -0.0290878 -0.260124 0.965137 -0.887343 2.38533 -1.88642</i>
                        <i>0.999411 -0.0230617 0.0254146 0.015471 0.963798 0.266186 -0.0306332 -0.265636 0.963587 -0.886802 2.38426 -1.88359</i>
                        <i>0.999346 -0.025003 0.0261168 0.016978 0.962268 0.271575 -0.0319215 -0.270954 0.962063 -0.886359 2.38364 -1.88095</i>
                        <i>0.999294 -0.0264973 0.0266278 0.0181059 0.960809 0.276619 -0.0329139 -0.275942 0.960611 -0.88603 2.38344 -1.87856</i>
                        <i>0.99926 -0.0274744 0.0269366 0.0188008 0.959471 0.281179 -0.0335701 -0.280464 0.959277 -0.885829 2.38369 -1.87648</i>
                        <i>0.999246 -0.0278648 0.02703 0.0189505 0.957799 0.286815 -0.0338813 -0.286086 0.957605 -0.88579 2.38419 -1.87423</i>
                        <i>0.999267 -0.0273527 0.0267977 0.018299 0.955849 0.293288 -0.0336368 -0.292583 0.955648 -0.885988 2.3851 -1.87194</i>
                        <i>0.999325 -0.0257891 0.0261805 0.0167918 0.954132 0.298916 -0.0326885 -0.298274 0.95392 -0.886437 2.38658 -1.8702</i>
                        <i>0.999409 -0.0233597 0.0252299 0.0146122 0.952774 0.30333 -0.0311241 -0.302782 0.952551 -0.887084 2.38854 -1.86911</i>
                        <i>0.999507 -0.0202231 0.0239939 0.0119293 0.952105 0.305539 -0.0290237 -0.305102 0.951877 -0.887883 2.39116 -1.86913</i>
                        <i>0.99961 -0.0165552 0.0225108 0.00890834 0.952367 0.304824 -0.0264849 -0.304504 0.952143 -0.888786 2.39448 -1.87059</i>
                        <i>0.999704 -0.0125679 0.0208185 0.00571459 0.953536 0.301225 -0.023637 -0.301017 0.953326 -0.889746 2.39819 -1.87336</i>
                        <i>0.999784 -0.0084676 0.0189713 0.00249963 0.955564 0.294774 -0.0206243 -0.294663 0.955379 -0.890719 2.40197 -1.87736</i>
                        <i>0.999845 -0.00445269 0.017043 -0.000598389 0.958381 0.285492 -0.0176049 -0.285458 0.958229 -0.891665 2.40568 -1.88245</i>
                        <i>0.999885 -0.000711693 0.0151293 -0.00345208 0.961896 0.273395 -0.0147474 -0.273416 0.961783 -0.892543 2.40927 -1.88852</i>
                        <i>0.999908 0.00257742 0.0133453 -0.00593999 0.965995 0.258491 -0.0122252 -0.258547 0.965922 -0.893315 2.41254 -1.89541</i>
                        <i>0.999916 0.00524648 0.011822 -0.00795778 0.970105 0.242554 -0.010196 -0.242627 0.970066 -0.893946 2.41516 -1.90241</i>
                        <i>0.999917 0.00713405 0.0106998 -0.00938882 0.973547 0.228295 -0.00878807 -0.228376 0.973533 -0.894397 2.41677 -1.90847</i>
                        <i>0.999916 0.00808051 0.0101196 -0.0100855 0.976088 0.217141 -0.00812301 -0.217225 0.976088 -0.894617 2.41715 -1.91298</i>
                        <i>0.999916 0.00796992 0.0101826 -0.00993358 0.977584 0.21031 -0.00827815 -0.210394 0.977582 -0.894569 2.41614 -1.9154</i>
                        <i>0.999918 0.00690225 0.0108287 -0.00899969 0.978188 0.207526 -0.00916015 -0.207606 0.97817 -0.894273 2.41395 -1.91589</i>
                        <i>0.999916 0.00503493 0.0119394 -0.00740756 0.978123 0.207897 -0.0106315 -0.207968 0.978078 -0.893771 2.41098 -1.91492</i>
                        <i>0.999907 0.00250949 0.0133977 -0.00527915 0.977492 0.210905 -0.0125669 -0.210956 0.977415 -0.893103 2.40745 -1.91276</i>
                        <i>0.999886 -0.000531754 0.0150867 -0.00274022 0.976384 0.216025 -0.0148453 -0.216042 0.976271 -0.892311 2.40357 -1.90968</i>
                        <i>0.99985 -0.0039425 0.0168948 8.04466e-005 0.97488 0.222732 -0.0173485 -0.222697 0.974733 -0.891439 2.39957 -1.90594</i>
                        <i>0.999796 -0.00757009 0.0187202 0.00305181 0.973067 0.230501 -0.0199609 -0.230396 0.972892 -0.890528 2.39566 -1.90179</i>
                        <i>0.999727 -0.0112548 0.020474 0.00604131 0.971049 0.238805 -0.022569 -0.238616 0.970852 -0.889619 2.39207 -1.89749</i>
                        <i>0.999646 -0.0148298 0.0220812 0.00891555 0.968943 0.247124 -0.0250602 -0.24684 0.968732 -0.888752 2.38905 -1.89328</i>
                        <i>0.99956 -0.018122 0.0234806 0.0115409 0.966888 0.254939 -0.0273231 -0.254556 0.966672 -0.887967 2.38684 -1.88938</i>
                    </KeyFrames>
                </p>
            </i>
            <i>
                <p>
                    <Name><![CDATA[l_clav]]></Name>
                    <Exclude>0</Exclude>
                    <Additive>0</Additive>
                    <IKPriority>0</IKPriority>
                    <IKRotLimits>-1e+010 -1e+010 -1e+010 1e+010 1e+010 1e+010</IKRotLimits>
                    <IKRotLimitOrder>0</IKRotLimitOrder>
                    <KeyFrames count="30">
                        <i>0.985544 0.131418 -0.10692 0.0324039 0.473231 0.880342 0.166291 -0.871081 0.462131 -0.855952 1.96728 -2.16122</i>
                        <i>0.986069 0.134129 -0.098379 0.0257397 0.461272 0.886886 0.164336 -0.877062 0.451393 -0.855999 1.96875 -2.16145</i>
                        <i>0.986294 0.138274 -0.0900228 0.0183216 0.450447 0.892615 0.163976 -0.88203 0.44174 -0.85604 1.97042 -2.16161</i>
                        <i>0.986232 0.143611 -0.0819966 0.0103838 0.441079 0.897408 0.165045 -0.885904 0.433514 -0.856072 1.9722 -2.16171</i>
                        <i>0.985891 0.149907 -0.0744752 0.00216147 0.433488 0.901157 0.167374 -0.888604 0.427048 -0.856095 1.97402 -2.16173</i>
                        <i>0.985287 0.156942 -0.0676611 -0.00611051 0.427994 0.903761 0.170796 -0.890051 0.422656 -0.85611 1.97578 -2.16168</i>
                        <i>0.984441 0.164499 -0.0617805 -0.0141996 0.424913 0.905123 0.175143 -0.890162 0.420637 -0.856115 1.97741 -2.16155</i>
                        <i>0.983333 0.172521 -0.0573745 -0.0218614 0.425478 0.904705 0.180492 -0.888372 0.422158 -0.856105 1.97875 -2.16127</i>
                        <i>0.981981 0.180852 -0.054828 -0.0288724 0.430293 0.902227 0.186762 -0.884387 0.427761 -0.856078 1.97972 -2.16083</i>
                        <i>0.980466 0.189095 -0.0541241 -0.0350423 0.438712 0.897944 0.193541 -0.878507 0.436769 -0.856035 1.9803 -2.16027</i>
                        <i>0.978882 0.196792 -0.0553449 -0.0401826 0.450676 0.891783 0.200439 -0.870726 0.449066 -0.855977 1.98057 -2.15969</i>
                        <i>0.977334 0.203466 -0.0584766 -0.0441062 0.465855 0.883761 0.207057 -0.861151 0.46427 -0.855907 1.98057 -2.15918</i>
                        <i>0.975943 0.208642 -0.0632729 -0.0466239 0.483216 0.874259 0.212982 -0.850277 0.481319 -0.855826 1.98023 -2.15873</i>
                        <i>0.974836 0.211842 -0.0694141 -0.0475359 0.501755 0.863702 0.217797 -0.838668 0.499199 -0.855737 1.97945 -2.15834</i>
                        <i>0.97405 0.213063 -0.0763639 -0.0470063 0.520472 0.852584 0.221399 -0.826869 0.516981 -0.855644 1.97834 -2.158</i>
                        <i>0.973551 0.212656 -0.0835232 -0.0454077 0.538379 0.841478 0.223913 -0.815429 0.533796 -0.855552 1.97708 -2.15772</i>
                        <i>0.973354 0.210719 -0.0904435 -0.0428349 0.554557 0.831043 0.225273 -0.805024 0.548806 -0.855466 1.97569 -2.15751</i>
                        <i>0.973467 0.207386 -0.0967071 -0.0393724 0.568124 0.822 0.225413 -0.796383 0.561216 -0.855394 1.97421 -2.15738</i>
                        <i>0.973895 0.20282 -0.10194 -0.0350991 0.578227 0.815121 0.224267 -0.790265 0.570251 -0.855341 1.97268 -2.15734</i>
                        <i>0.974635 0.197203 -0.105819 -0.0300937 0.584012 0.811187 0.221768 -0.787427 0.575133 -0.855314 1.97112 -2.15739</i>
                        <i>0.975665 0.190741 -0.108148 -0.0244471 0.584778 0.810825 0.2179 -0.788449 0.575211 -0.855319 1.96955 -2.15754</i>
                        <i>0.976906 0.183665 -0.109189 -0.0182841 0.580999 0.813699 0.212887 -0.792911 0.570939 -0.855351 1.96805 -2.15778</i>
                        <i>0.978266 0.176177 -0.10935 -0.0117473 0.573599 0.819052 0.207021 -0.799966 0.563202 -0.855405 1.96673 -2.15812</i>
                        <i>0.979663 0.168505 -0.108935 -0.00498496 0.563179 0.82632 0.200589 -0.808972 0.552566 -0.855476 1.96565 -2.15853</i>
                        <i>0.981024 0.160873 -0.108217 0.00185394 0.550345 0.834935 0.193875 -0.819293 0.539604 -0.855557 1.96487 -2.159</i>
                        <i>0.98229 0.15351 -0.107433 0.00862429 0.535725 0.844348 0.18717 -0.830321 0.524913 -0.855644 1.96444 -2.15949</i>
                        <i>0.983409 0.146648 -0.106776 0.015188 0.519984 0.854041 0.180765 -0.841493 0.509129 -0.85573 1.96442 -2.15997</i>
                        <i>0.984344 0.140523 -0.106399 0.0214164 0.503822 0.863542 0.174954 -0.852301 0.492924 -0.855812 1.96485 -2.16044</i>
                        <i>0.985063 0.13537 -0.106418 0.0271911 0.487979 0.872432 0.170031 -0.862294 0.47701 -0.855887 1.96579 -2.16086</i>
                        <i>0.985544 0.131418 -0.10692 0.0324039 0.473231 0.880342 0.166291 -0.871081 0.462131 -0.855952 1.96728 -2.16122</i>
                    </KeyFrames>
                </p>
            </i>
            <i>
                <p>
                    <Name><![CDATA[l_shoulder]]></Name>
                    <Exclude>0</Exclude>
                    <Additive>0</Additive>
                    <IKPriority>0</IKPriority>
                    <IKRotLimits>-1e+010 -1e+010 -1e+010 1e+010 1e+010 1e+010</IKRotLimits>
                    <IKRotLimitOrder>0</IKRotLimitOrder>
                    <KeyFrames count="30">
                        <i>0.68281 -0.522427 -0.510725 0.716803 0.61423 0.330021 0.141291 -0.591431 0.79388 -0.661229 1.99325 -2.18235</i>
                        <i>0.684311 -0.519027 -0.512182 0.715706 0.612533 0.335514 0.139588 -0.596167 0.790633 -0.661174 1.99525 -2.18089</i>
                        <i>0.685246 -0.516298 -0.513687 0.715139 0.610523 0.340351 0.137895 -0.600582 0.787583 -0.661169 1.99774 -2.1794</i>
                        <i>0.685601 -0.514248 -0.515266 0.715098 0.608299 0.344395 0.136331 -0.604584 0.784788 -0.661214 2.00058 -2.17791</i>
                        <i>0.685368 -0.512889 -0.51693 0.715573 0.605965 0.347509 0.135008 -0.608072 0.782318 -0.661304 2.00363 -2.17645</i>
                        <i>0.684539 -0.512235 -0.518673 0.71655 0.603624 0.349564 0.134024 -0.610945 0.780246 -0.661438 2.00679 -2.17505</i>
                        <i>0.683113 -0.512306 -0.520481 0.718012 0.601377 0.350434 0.133476 -0.613097 0.77865 -0.66161 2.00991 -2.17375</i>
                        <i>0.680841 -0.513301 -0.522473 0.72012 0.599369 0.349549 0.13373 -0.61423 0.777713 -0.661819 2.01284 -2.17261</i>
                        <i>0.677643 -0.515306 -0.524651 0.722901 0.597704 0.346647 0.134957 -0.614174 0.777545 -0.66206 2.01546 -2.17167</i>
                        <i>0.673763 -0.518161 -0.526833 0.726144 0.596407 0.342071 0.13696 -0.613032 0.778096 -0.662316 2.01766 -2.17096</i>
                        <i>0.669305 -0.522105 -0.528617 0.729797 0.595449 0.335914 0.139382 -0.610612 0.779568 -0.662571 2.01945 -2.17063</i>
                        <i>0.664428 -0.527186 -0.529727 0.733746 0.594797 0.328381 0.141962 -0.60687 0.78202 -0.662807 2.02077 -2.17074</i>
                        <i>0.659424 -0.532939 -0.530222 0.737719 0.594466 0.31997 0.144675 -0.602151 0.785165 -0.663 2.02145 -2.17123</i>
                        <i>0.654569 -0.538904 -0.53021 0.741471 0.594477 0.311155 0.147514 -0.596808 0.788708 -0.66313 2.02131 -2.17205</i>
                        <i>0.650041 -0.544726 -0.52983 0.744865 0.59476 0.302383 0.150406 -0.591214 0.792366 -0.663193 2.02044 -2.17309</i>
                        <i>0.645974 -0.550141 -0.52921 0.747827 0.595209 0.294076 0.153207 -0.585723 0.7959 -0.663199 2.01909 -2.17422</i>
                        <i>0.642554 -0.55485 -0.528455 0.750231 0.595807 0.286648 0.155811 -0.58065 0.799105 -0.663152 2.01732 -2.17538</i>
                        <i>0.639975 -0.558573 -0.527663 0.751955 0.596559 0.280502 0.158102 -0.576293 0.801804 -0.663058 2.01519 -2.17649</i>
                        <i>0.638432 -0.561044 -0.52691 0.752874 0.597482 0.276035 0.159952 -0.572927 0.803847 -0.66292 2.01275 -2.17748</i>
                        <i>0.638134 -0.562005 -0.526247 0.752856 0.598603 0.273646 0.161222 -0.570811 0.805098 -0.662748 2.01008 -2.1783</i>
                        <i>0.639256 -0.561231 -0.525711 0.751777 0.59995 0.273662 0.161813 -0.570158 0.805442 -0.662548 2.00724 -2.17891</i>
                        <i>0.641678 -0.558947 -0.525193 0.749732 0.601503 0.275857 0.161715 -0.570765 0.805031 -0.662335 2.00434 -2.17935</i>
                        <i>0.645165 -0.55561 -0.524461 0.746911 0.60319 0.279796 0.160892 -0.572241 0.804148 -0.662121 2.00154 -2.17972</i>
                        <i>0.649539 -0.55145 -0.523451 0.74343 0.604966 0.285181 0.159407 -0.574386 0.802914 -0.661916 1.99894 -2.18005</i>
                        <i>0.654614 -0.546697 -0.522114 0.73941 0.606776 0.29171 0.157329 -0.577014 0.801438 -0.661728 1.99665 -2.18038</i>
                        <i>0.660186 -0.541583 -0.520425 0.73499 0.60856 0.299072 0.154738 -0.57995 0.799821 -0.661564 1.99477 -2.18071</i>
                        <i>0.666034 -0.536349 -0.51839 0.730328 0.610255 0.306938 0.151725 -0.583026 0.798161 -0.66143 1.99339 -2.18107</i>
                        <i>0.671922 -0.531241 -0.516046 0.725603 0.6118 0.314963 0.148396 -0.586075 0.796552 -0.661327 1.99262 -2.18146</i>
                        <i>0.677601 -0.526514 -0.513459 0.72102 0.61314 0.322784 0.144872 -0.588933 0.795091 -0.66126 1.99254 -2.18188</i>
                        <i>0.68281 -0.522427 -0.510725 0.716803 0.61423 0.330021 0.141291 -0.591431 0.79388 -0.661229 1.99325 -2.18235</i>
                    </KeyFrames>
                </p>
            </i>
            <i>
                <p>
                    <Name><![CDATA[l_elbow]]></Name>
                    <Exclude>0</Exclude>
                    <Additive>0</Additive>
                    <IKPriority>0</IKPriority>
                    <IKRotLimits>-1e+010 -1e+010 -1e+010 1e+010 1e+010 1e+010</IKRotLimits>
                    <IKRotLimitOrder>0</IKRotLimitOrder>
                    <KeyFrames count="30">
                        <i>0.0107845 -0.486055 0.873862 0.717105 0.612808 0.332003 -0.696882 0.62307 0.355161 -0.439127 1.82331 -2.34847</i>
                        <i>0.0091932 -0.491652 0.870744 0.716003 0.611099 0.337488 -0.698037 0.620352 0.357642 -0.438583 1.82643 -2.34749</i>
                        <i>0.00846791 -0.497471 0.867439 0.715432 0.609078 0.342318 -0.698631 0.617695 0.361064 -0.438275 1.8298 -2.34649</i>
                        <i>0.00859302 -0.503297 0.864071 0.715387 0.606844 0.346355 -0.698676 0.615169 0.365267 -0.438204 1.8333 -2.34551</i>
