<?xml version="1.0" encoding="ISO-8859-1" ?>
<Animl Version="1">
    <ModellingPackage><![CDATA[Maya.2010]]></ModellingPackage>
    <SrcFile><![CDATA[anims\turrets\antitank\blue\~src\at_m40recoilless\antitank_m40recoilless_aim_high_crewman_a.mb]]></SrcFile>
    <FramesPerSecond>30</FramesPerSecond>
    <TotalFrames>30</TotalFrames>
    <Skeleton>
        <RefFrame>
            <Name><![CDATA[soldier_ref_frame]]></Name>
            <Exclude>0</Exclude>
            <Additive>0</Additive>
            <IKPriority>0</IKPriority>
            <IKRotLimits>-1e+010 -1e+010 -1e+010 1e+010 1e+010 1e+010</IKRotLimits>
            <IKRotLimitOrder>0</IKRotLimitOrder>
            <KeyFrames count="30">
                <i>1 0 0 0 1 0 0 0 1 0.69 0.93 0</i>
                <i>1 0 0 0 1 0 0 0 1 0.69 0.93 0</i>
                <i>1 0 0 0 1 0 0 0 1 0.69 0.93 0</i>
                <i>1 0 0 0 1 0 0 0 1 0.69 0.93 0</i>
                <i>1 0 0 0 1 0 0 0 1 0.69 0.93 0</i>
                <i>1 0 0 0 1 0 0 0 1 0.69 0.93 0</i>
                <i>1 0 0 0 1 0 0 0 1 0.69 0.93 0</i>
                <i>1 0 0 0 1 0 0 0 1 0.69 0.93 0</i>
                <i>1 0 0 0 1 0 0 0 1 0.69 0.93 0</i>
                <i>1 0 0 0 1 0 0 0 1 0.69 0.93 0</i>
                <i>1 0 0 0 1 0 0 0 1 0.69 0.93 0</i>
                <i>1 0 0 0 1 0 0 0 1 0.69 0.93 0</i>
                <i>1 0 0 0 1 0 0 0 1 0.69 0.93 0</i>
                <i>1 0 0 0 1 0 0 0 1 0.69 0.93 0</i>
                <i>1 0 0 0 1 0 0 0 1 0.69 0.93 0</i>
                <i>1 0 0 0 1 0 0 0 1 0.69 0.93 0</i>
                <i>1 0 0 0 1 0 0 0 1 0.69 0.93 0</i>
                <i>1 0 0 0 1 0 0 0 1 0.69 0.93 0</i>
                <i>1 0 0 0 1 0 0 0 1 0.69 0.93 0</i>
                <i>1 0 0 0 1 0 0 0 1 0.69 0.93 0</i>
                <i>1 0 0 0 1 0 0 0 1 0.69 0.93 0</i>
                <i>1 0 0 0 1 0 0 0 1 0.69 0.93 0</i>
                <i>1 0 0 0 1 0 0 0 1 0.69 0.93 0</i>
                <i>1 0 0 0 1 0 0 0 1 0.69 0.93 0</i>
                <i>1 0 0 0 1 0 0 0 1 0.69 0.93 0</i>
                <i>1 0 0 0 1 0 0 0 1 0.69 0.93 0</i>
                <i>1 0 0 0 1 0 0 0 1 0.69 0.93 0</i>
                <i>1 0 0 0 1 0 0 0 1 0.69 0.93 0</i>
                <i>1 0 0 0 1 0 0 0 1 0.69 0.93 0</i>
                <i>1 0 0 0 1 0 0 0 1 0.69 0.93 0</i>
            </KeyFrames>
        </RefFrame>
        <Bones count="23">
            <i>
                <p>
                    <Name><![CDATA[pelvis]]></Name>
                    <Exclude>0</Exclude>
                    <Additive>0</Additive>
                    <IKPriority>0</IKPriority>
                    <IKRotLimits>-1e+010 -1e+010 -1e+010 1e+010 1e+010 1e+010</IKRotLimits>
                    <IKRotLimitOrder>2</IKRotLimitOrder>
                    <KeyFrames count="30">
                        <i>1 0 0 0 1 0 0 0 1 0.62452 2.07002 -0.0330085</i>
                        <i>1 0 0 0 1 0 0 0 1 0.624522 2.06972 -0.0330143</i>
                        <i>1 0 0 0 1 0 0 0 1 0.624528 2.06939 -0.0330306</i>
                        <i>1 0 0 0 1 0 0 0 1 0.624538 2.06904 -0.0330555</i>
                        <i>1 0 0 0 1 0 0 0 1 0.62455 2.06868 -0.0330874</i>
                        <i>1 0 0 0 1 0 0 0 1 0.624565 2.06831 -0.0331245</i>
                        <i>1 0 0 0 1 0 0 0 1 0.62458 2.06794 -0.033165</i>
                        <i>1 0 0 0 1 0 0 0 1 0.624597 2.06758 -0.0332073</i>
                        <i>1 0 0 0 1 0 0 0 1 0.624613 2.06724 -0.0332497</i>
                        <i>1 0 0 0 1 0 0 0 1 0.624629 2.06694 -0.0332902</i>
                        <i>1 0 0 0 1 0 0 0 1 0.624643 2.06666 -0.0333273</i>
                        <i>1 0 0 0 1 0 0 0 1 0.624655 2.06644 -0.0333592</i>
                        <i>1 0 0 0 1 0 0 0 1 0.624665 2.06627 -0.0333841</i>
                        <i>1 0 0 0 1 0 0 0 1 0.624671 2.06616 -0.0334004</i>
                        <i>1 0 0 0 1 0 0 0 1 0.624673 2.06612 -0.0334062</i>
                        <i>1 0 0 0 1 0 0 0 1 0.624671 2.06618 -0.0334011</i>
                        <i>1 0 0 0 1 0 0 0 1 0.624666 2.06637 -0.0333868</i>
                        <i>1 0 0 0 1 0 0 0 1 0.624657 2.06666 -0.0333648</i>
                        <i>1 0 0 0 1 0 0 0 1 0.624646 2.06702 -0.0333364</i>
                        <i>1 0 0 0 1 0 0 0 1 0.624634 2.06744 -0.0333031</i>
                        <i>1 0 0 0 1 0 0 0 1 0.624619 2.06789 -0.0332662</i>
                        <i>1 0 0 0 1 0 0 0 1 0.624604 2.06836 -0.0332272</i>
                        <i>1 0 0 0 1 0 0 0 1 0.624589 2.06882 -0.0331875</i>
                        <i>1 0 0 0 1 0 0 0 1 0.624574 2.06925 -0.0331485</i>
                        <i>1 0 0 0 1 0 0 0 1 0.62456 2.06963 -0.0331116</i>
                        <i>1 0 0 0 1 0 0 0 1 0.624547 2.06993 -0.0330783</i>
                        <i>1 0 0 0 1 0 0 0 1 0.624536 2.07015 -0.0330499</i>
                        <i>1 0 0 0 1 0 0 0 1 0.624527 2.07025 -0.0330279</i>
                        <i>1 0 0 0 1 0 0 0 1 0.624522 2.07021 -0.0330136</i>
                        <i>1 0 0 0 1 0 0 0 1 0.62452 2.07002 -0.0330085</i>
                    </KeyFrames>
                </p>
            </i>
            <i>
                <p>
                    <Name><![CDATA[spine0]]></Name>
                    <Exclude>0</Exclude>
                    <Additive>0</Additive>
                    <IKPriority>0</IKPriority>
                    <IKRotLimits>-1e+010 -1e+010 -1e+010 1e+010 1e+010 1e+010</IKRotLimits>
                    <IKRotLimitOrder>0</IKRotLimitOrder>
                    <KeyFrames count="30">
                        <i>-0.0643376 0.997082 0.0410828 -0.935997 -0.0460167 -0.348988 -0.346079 -0.0609064 0.936226 0.607632 2.20909 -0.0657438</i>
                        <i>-0.0650271 0.996906 0.0441614 -0.935985 -0.0455898 -0.349075 -0.345981 -0.0640337 0.936054 0.607648 2.20874 -0.0659589</i>
                        <i>-0.065637 0.996776 0.046149 -0.935842 -0.0454444 -0.349477 -0.346253 -0.0661268 0.935808 0.607693 2.20828 -0.0665607</i>
                        <i>-0.0661631 0.996693 0.0471651 -0.935583 -0.0455364 -0.350158 -0.346852 -0.0672944 0.935503 0.607763 2.20771 -0.0674836</i>
                        <i>-0.0666015 0.996657 0.0473277 -0.935222 -0.0458244 -0.351084 -0.347741 -0.0676446 0.935147 0.607856 2.20707 -0.0686618</i>
                        <i>-0.0669496 0.99666 0.0467519 -0.934774 -0.0462704 -0.352218 -0.348878 -0.0672833 0.93475 0.607967 2.20636 -0.0700294</i>
                        <i>-0.0672058 0.996699 0.0455498 -0.934254 -0.0468392 -0.353519 -0.350218 -0.0663136 0.934318 0.608093 2.20561 -0.071521</i>
                        <i>-0.0673699 0.996765 0.0438293 -0.933682 -0.047499 -0.354938 -0.351708 -0.0648348 0.933862 0.608229 2.20484 -0.0730715</i>
                        <i>-0.067443 0.996852 0.0416939 -0.933081 -0.0482211 -0.356418 -0.353286 -0.0629417 0.933396 0.608369 2.20407 -0.0746168</i>
                        <i>-0.0674275 0.996952 0.0392428 -0.932477 -0.0489791 -0.357894 -0.354881 -0.0607249 0.932937 0.608509 2.20333 -0.0760935</i>
                        <i>-0.0673266 0.99706 0.0365719 -0.931898 -0.0497478 -0.359292 -0.356416 -0.0582711 0.932508 0.608641 2.20266 -0.077439</i>
                        <i>-0.0671191 0.997178 0.0336222 -0.931377 -0.0505339 -0.360532 -0.357816 -0.0555136 0.932141 0.608758 2.20207 -0.0785917</i>
                        <i>-0.0667969 0.997303 0.0304104 -0.930946 -0.0513285 -0.361531 -0.358995 -0.0524596 0.931864 0.608851 2.20162 -0.0794906</i>
                        <i>-0.0663832 0.997425 0.0271473 -0.930644 -0.0520805 -0.362201 -0.359854 -0.0493085 0.931705 0.608912 2.20132 -0.0800748</i>
                        <i>-0.0658975 0.997537 0.0240429 -0.930506 -0.0527333 -0.36246 -0.360299 -0.0462573 0.931689 0.608935 2.20121 -0.0802832</i>
                        <i>-0.0653634 0.997635 0.0212658 -0.930544 -0.0532451 -0.362288 -0.360299 -0.0434691 0.931823 0.608915 2.20134 -0.0801011</i>
                        <i>-0.0648061 0.997719 0.0188942 -0.93073 -0.0536041 -0.361758 -0.35992 -0.0410295 0.932081 0.608861 2.20169 -0.079588</i>
                        <i>-0.0642507 0.997789 0.0170202 -0.931037 -0.0537956 -0.360937 -0.359223 -0.0390369 0.932435 0.608778 2.20223 -0.0787938</i>
                        <i>-0.0637218 0.997844 0.0157318 -0.93144 -0.0538073 -0.359894 -0.358272 -0.0375864 0.932861 0.608674 2.20291 -0.0777678</i>
                        <i>-0.0632443 0.997884 0.0151107 -0.931913 -0.0536316 -0.358695 -0.357126 -0.0367673 0.933332 0.608554 2.2037 -0.0765596</i>
                        <i>-0.0628439 0.997907 0.0152309 -0.93243 -0.0532655 -0.357402 -0.355843 -0.0366623 0.933826 0.608426 2.20454 -0.0752192</i>
                        <i>-0.0625476 0.997911 0.0161588 -0.932971 -0.0527116 -0.35607 -0.354474 -0.037347 0.93432 0.608294 2.20541 -0.0737972</i>
                        <i>-0.0623722 0.997893 0.0178878 -0.933516 -0.0519893 -0.354747 -0.35307 -0.0388249 0.934791 0.608164 2.20627 -0.0723447</i>
                        <i>-0.0623138 0.997851 0.0202805 -0.934043 -0.051145 -0.35348 -0.351683 -0.0409695 0.935222 0.608041 2.20708 -0.0709137</i>
                        <i>-0.0623702 0.997783 0.0232016 -0.934536 -0.0502244 -0.352307 -0.350361 -0.0436562 0.935597 0.607928 2.2078 -0.0695566</i>
                        <i>-0.06254 0.99769 0.0265162 -0.934979 -0.0492733 -0.351263 -0.349145 -0.0467601 0.935901 0.607829 2.20841 -0.0683264</i>
                        <i>-0.0628226 0.997571 0.0300905 -0.93536 -0.0483361 -0.350379 -0.348073 -0.0501572 0.936125 0.607747 2.20887 -0.0672765</i>
                        <i>-0.0632173 0.997427 0.0337936 -0.935665 -0.0474552 -0.349684 -0.347181 -0.0537256 0.936258 0.607685 2.20915 -0.0664605</i>
                        <i>-0.0637231 0.997263 0.0374983 -0.935882 -0.0466703 -0.349209 -0.346504 -0.0573467 0.936294 0.607646 2.20924 -0.0659318</i>
                        <i>-0.0643376 0.997082 0.0410828 -0.935997 -0.0460167 -0.348988 -0.346079 -0.0609064 0.936226 0.607632 2.20909 -0.0657438</i>
                    </KeyFrames>
                </p>
            </i>
            <i>
                <p>
                    <Name><![CDATA[spine1]]></Name>
                    <Exclude>0</Exclude>
                    <Additive>0</Additive>
                    <IKPriority>0</IKPriority>
                    <IKRotLimits>-1e+010 -1e+010 -1e+010 1e+010 1e+010 1e+010</IKRotLimits>
                    <IKRotLimitOrder>0</IKRotLimitOrder>
                    <KeyFrames count="30">
                        <i>0.0840248 0.988955 0.122098 -0.965693 0.111031 -0.234752 -0.245716 -0.0981847 0.964357 0.596547 2.38089 -0.0586694</i>
                        <i>0.0818119 0.988033 0.130755 -0.96575 0.111004 -0.234532 -0.246239 -0.10709 0.963275 0.596411 2.38105 -0.0583337</i>
                        <i>0.0796326 0.986947 0.139978 -0.965688 0.111204 -0.234694 -0.247197 -0.116486 0.961938 0.59631 2.38121 -0.0585658</i>
                        <i>0.0775199 0.985724 0.149463 -0.965521 0.111593 -0.235193 -0.248514 -0.126078 0.960388 0.596241 2.38137 -0.0592815</i>
                        <i>0.0755053 0.984401 0.158915 -0.965266 0.112133 -0.235984 -0.250122 -0.135577 0.958675 0.596205 2.38153 -0.0603974</i>
                        <i>0.0736195 0.983026 0.168049 -0.964935 0.112784 -0.237024 -0.251954 -0.144707 0.956859 0.596199 2.38169 -0.0618302</i>
                        <i>0.0718941 0.981654 0.176598 -0.964544 0.113505 -0.238266 -0.253939 -0.153207 0.955009 0.596222 2.38183 -0.0634978</i>
                        <i>0.0703619 0.980346 0.184311 -0.964111 0.114254 -0.239659 -0.256007 -0.160833 0.953201 0.596271 2.38195 -0.0653188</i>
                        <i>0.0690578 0.979167 0.190955 -0.963652 0.114991 -0.241145 -0.258079 -0.167361 0.951517 0.596344 2.38204 -0.067213</i>
                        <i>0.0680188 0.978179 0.196312 -0.96319 0.115677 -0.242662 -0.260075 -0.17258 0.95004 0.596435 2.3821 -0.0691012</i>
                        <i>0.0672847 0.977446 0.200179 -0.962745 0.116272 -0.244139 -0.261908 -0.176295 0.948854 0.596541 2.38212 -0.0709047</i>
                        <i>0.0669592 0.97709 0.202019 -0.962338 0.116712 -0.245527 -0.26348 -0.17797 0.948106 0.596661 2.38209 -0.0725734</i>
                        <i>0.0671178 0.977193 0.201469 -0.961994 0.116949 -0.24676 -0.264694 -0.17725 0.947903 0.596789 2.38202 -0.0740431</i>
                        <i>0.0677604 0.977738 0.198589 -0.96174 0.11697 -0.247739 -0.265453 -0.174204 0.948255 0.596915 2.3819 -0.0752142</i>
                        <i>0.0689038 0.978693 0.193424 -0.9616 0.116786 -0.248366 -0.265663 -0.168884 0.949158 0.597031 2.38173 -0.0759862</i>
                        <i>0.0705042 0.979979 0.186198 -0.961586 0.116415 -0.248597 -0.265296 -0.161519 0.950542 0.597129 2.38154 -0.0763118</i>
                        <i>0.0724475 0.98146 0.177449 -0.961677 0.115912 -0.248479 -0.26444 -0.152647 0.952245 0.597209 2.38138 -0.0762341</i>
                        <i>0.0746207 0.983016 0.167666 -0.961859 0.115323 -0.24805 -0.263173 -0.142761 0.954128 0.597268 2.38125 -0.0757851</i>
                        <i>0.0769087 0.984544 0.157346 -0.962114 0.114687 -0.247352 -0.261575 -0.132361 0.956064 0.597308 2.38114 -0.0749983</i>
                        <i>0.0791939 0.985961 0.146999 -0.962428 0.114044 -0.246428 -0.259733 -0.12196 0.957948 0.597327 2.38106 -0.0739093</i>
                        <i>0.0813578 0.987203 0.137151 -0.962785 0.113427 -0.245316 -0.257734 -0.112089 0.959692 0.597325 2.38101 -0.0725562</i>
                        <i>0.0832813 0.988226 0.128351 -0.963171 0.112868 -0.244055 -0.255668 -0.103299 0.96123 0.5973 2.38098 -0.0709796</i>
                        <i>0.0848745 0.989016 0.121008 -0.963573 0.112384 -0.242687 -0.253621 -0.0960025 0.962528 0.597253 2.38096 -0.0692336</i>
                        <i>0.0861028 0.989598 0.115246 -0.963976 0.111972 -0.241273 -0.251668 -0.0903202 0.96359 0.597189 2.38095 -0.0673954</i>
                        <i>0.0869323 0.989988 0.111206 -0.964366 0.111627 -0.23987 -0.249882 -0.086391 0.964415 0.597109 2.38095 -0.0655419</i>
                        <i>0.0873308 0.990194 0.109038 -0.96473 0.111352 -0.23853 -0.248333 -0.0843616 0.964994 0.597017 2.38094 -0.0637489</i>
                        <i>0.0872677 0.990215 0.108896 -0.965057 0.111147 -0.237301 -0.247083 -0.0843822 0.965313 0.596913 2.38094 -0.0620919</i>
                        <i>0.0867139 0.990038 0.110932 -0.965334 0.111019 -0.236231 -0.246193 -0.0866018 0.965344 0.5968 2.38092 -0.0606448</i>
                        <i>0.0856418 0.989633 0.11529 -0.96555 0.110977 -0.235366 -0.24572 -0.091161 0.965045 0.596677 2.38091 -0.0594804</i>
                        <i>0.0840248 0.988955 0.122098 -0.965693 0.111031 -0.234752 -0.245716 -0.0981847 0.964357 0.596547 2.38089 -0.0586694</i>
                    </KeyFrames>
                </p>
            </i>
            <i>
                <p>
                    <Name><![CDATA[spine2]]></Name>
                    <Exclude>0</Exclude>
                    <Additive>0</Additive>
                    <IKPriority>0</IKPriority>
                    <IKRotLimits>-1e+010 -1e+010 -1e+010 1e+010 1e+010 1e+010</IKRotLimits>
                    <IKRotLimitOrder>0</IKRotLimitOrder>
                    <KeyFrames count="30">
                        <i>-0.0462811 0.943698 0.327554 -0.986237 0.00893786 -0.165099 -0.158731 -0.330687 0.930296 0.609993 2.53788 -0.0392442</i>
                        <i>-0.0476281 0.94099 0.335067 -0.986288 0.00876142 -0.164801 -0.158012 -0.338322 0.927669 0.609542 2.53836 -0.037464</i>
                        <i>-0.048805 0.938262 0.342465 -0.986333 0.00874758 -0.164529 -0.157367 -0.345814 0.925012 0.609138 2.53893 -0.036136</i>
                        <i>-0.0498169 0.935576 0.349592 -0.986373 0.00886592 -0.164285 -0.156801 -0.353013 0.922386 0.608782 2.53956 -0.0352241</i>
                        <i>-0.0506697 0.932997 0.3563 -0.986407 0.00908634 -0.164071 -0.156315 -0.35977 0.919854 0.608475 2.54024 -0.034693</i>
                        <i>-0.0513685 0.930589 0.362443 -0.986434 0.0093805 -0.163891 -0.155915 -0.365945 0.917483 0.60822 2.54095 -0.0345079</i>
                        <i>-0.0519172 0.92842 0.367888 -0.986454 0.00972269 -0.163747 -0.155603 -0.371406 0.915339 0.608018 2.54166 -0.0346345</i>
                        <i>-0.0523175 0.926553 0.372508 -0.986468 0.0100906 -0.163645 -0.155384 -0.376029 0.913487 0.607871 2.54235 -0.0350385</i>
                        <i>-0.0525683 0.925051 0.376189 -0.986474 0.0104659 -0.163585 -0.155261 -0.3797 0.911988 0.60778 2.543 -0.035686</i>
                        <i>-0.0526657 0.92397 0.378822 -0.986472 0.0108342 -0.163569 -0.155237 -0.382312 0.9109 0.607746 2.54359 -0.0365428</i>
                        <i>-0.0526031 0.923362 0.380309 -0.986464 0.0111841 -0.163599 -0.155314 -0.383767 0.910275 0.607769 2.54409 -0.0375744</i>
                        <i>-0.0523144 0.923412 0.380229 -0.986445 0.0115156 -0.163688 -0.15553 -0.383638 0.910293 0.607865 2.54448 -0.0388312</i>
                        <i>-0.0517598 0.924225 0.378325 -0.986415 0.0118258 -0.163844 -0.155903 -0.381666 0.911057 0.60804 2.54475 -0.0403203</i>
                        <i>-0.050969 0.92573 0.374736 -0.986377 0.0121013 -0.164055 -0.156405 -0.377992 0.912502 0.608283 2.54486 -0.0419401</i>
                        <i>-0.0499701 0.927849 0.369592 -0.986332 0.0123294 -0.164308 -0.15701 -0.372751 0.914552 0.608585 2.54477 -0.0435896</i>
                        <i>-0.0488069 0.930462 0.363122 -0.986283 0.0124979 -0.16459 -0.157683 -0.366174 0.917089 0.60893 2.5445 -0.0451799</i>
                        <i>-0.0475466 0.933375 0.355738 -0.986232 0.0126041 -0.164886 -0.158384 -0.35868 0.919925 0.6093 2.54412 -0.0466505</i>
                        <i>-0.046257 0.936415 0.347832 -0.986182 0.012641 -0.165181 -0.159075 -0.350666 0.922891 0.609677 2.54363 -0.0479384</i>
                        <i>-0.0450091 0.93942 0.339801 -0.986136 0.0126018 -0.16546 -0.159719 -0.342537 0.925829 0.610042 2.54307 -0.0489826</i>
                        <i>-0.0438745 0.942238 0.332059 -0.986096 0.0124816 -0.165709 -0.160282 -0.334712 0.928589 0.610377 2.54244 -0.0497249</i>
                        <i>-0.0429253 0.944727 0.325036 -0.986064 0.012279 -0.165912 -0.160733 -0.327628 0.931034 0.610666 2.54178 -0.0501102</i>
                        <i>-0.0422323 0.946754 0.319176 -0.986044 0.0119967 -0.166055 -0.161042 -0.321734 0.933034 0.610889 2.5411 -0.0500857</i>
                        <i>-0.0418384 0.94824 0.314787 -0.986035 0.0116441 -0.16613 -0.161196 -0.317342 0.934511 0.611037 2.54043 -0.0496382</i>
                        <i>-0.0417324 0.9492 0.311893 -0.986038 0.0112395 -0.166141 -0.161207 -0.314472 0.935478 0.61111 2.53979 -0.0488257</i>
                        <i>-0.041902 0.949641 0.310527 -0.986051 0.0108032 -0.166094 -0.161084 -0.313155 0.935941 0.61111 2.53921 -0.0477035</i>
                        <i>-0.0423314 0.949559 0.310719 -0.986073 0.0103574 -0.165992 -0.160837 -0.313418 0.935896 0.611036 2.5387 -0.0463251</i>
                        <i>-0.0430031 0.948945 0.312498 -0.986103 0.00992559 -0.165839 -0.160474 -0.315287 0.93533 0.610888 2.53829 -0.0447419</i>
                        <i>-0.0438981 0.94778 0.315888 -0.986141 0.00953089 -0.165638 -0.159999 -0.318781 0.934226 0.610665 2.538 -0.0430032</i>
                        <i>-0.044997 0.946042 0.320905 -0.986185 0.00919535 -0.16539 -0.159417 -0.323914 0.932559 0.610367 2.53786 -0.0411557</i>
                        <i>-0.0462811 0.943698 0.327554 -0.986237 0.00893786 -0.165099 -0.158731 -0.330687 0.930296 0.609993 2.53788 -0.0392442</i>
                    </KeyFrames>
                </p>
            </i>
            <i>
                <p>
                    <Name><![CDATA[head]]></Name>
                    <Exclude>0</Exclude>
                    <Additive>0</Additive>
                    <IKPriority>0</IKPriority>
                    <IKRotLimits>-1e+010 -1e+010 -1e+010 1e+010 1e+010 1e+010</IKRotLimits>
                    <IKRotLimitOrder>0</IKRotLimitOrder>
                    <KeyFrames count="30">
                        <i>-0.0507459 0.993488 0.102011 0.239179 0.111259 -0.96458 -0.969648 -0.0245496 -0.243268 0.583533 2.78075 0.0407854</i>
                        <i>-0.0469964 0.99496 0.088573 0.23979 0.0973155 -0.965935 -0.969687 -0.0241566 -0.243155 0.582768 2.78102 0.0443863</i>
                        <i>-0.0440458 0.995974 0.0780745 0.24022 0.086416 -0.966864 -0.969719 -0.0238313 -0.243059 0.582086 2.7815 0.0474312</i>
                        <i>-0.0418923 0.996631 0.0705139 0.240501 0.0785596 -0.967465 -0.969745 -0.0235706 -0.242981 0.58149 2.78215 0.0499371</i>
                        <i>-0.0405325 0.997004 0.0658865 0.240653 0.0737406 -0.967806 -0.969765 -0.0233718 -0.242921 0.580979 2.78295 0.0519191</i>
                        <i>-0.0399621 0.997138 0.0641842 0.240692 0.0719503 -0.967931 -0.969779 -0.0232319 -0.242879 0.580556 2.78387 0.053392</i>
                        <i>-0.0401756 0.99705 0.0653969 0.240623 0.0731778 -0.967856 -0.969787 -0.0231483 -0.242853 0.580222 2.78486 0.0543694</i>
                        <i>-0.0411669 0.996731 0.0695127 0.240443 0.0774098 -0.967572 -0.96979 -0.0231181 -0.242843 0.57998 2.7859 0.054865</i>
                        <i>-0.0429865 0.996123 0.0767501 0.240133 0.0848706 -0.967023 -0.969788 -0.0231387 -0.24285 0.579831 2.78695 0.0548928</i>
                        <i>-0.045565 0.995179 0.086846 0.239685 0.0952881 -0.966163 -0.969781 -0.0232075 -0.242871 0.579777 2.78797 0.054467</i>
                        <i>-0.0487153 0.993888 0.0990638 0.239111 0.107902 -0.964978 -0.969769 -0.0233219 -0.242906 0.57982 2.78892 0.0536029</i>
                        <i>-0.0522016 0.992292 0.112389 0.238446 0.121672 -0.963504 -0.969752 -0.0234977 -0.242959 0.57999 2.7898 0.0521532</i>
                        <i>-0.0558151 0.990465 0.125951 0.237725 0.135703 -0.961806 -0.969728 -0.0237417 -0.243032 0.580302 2.79058 0.0500528</i>
                        <i>-0.05941 0.988477 0.139229 0.236971 0.149454 -0.959952 -0.969698 -0.0240375 -0.24312 0.580737 2.7912 0.0474439</i>
                        <i>-0.0628418 0.986426 0.151708 0.236218 0.16239 -0.958035 -0.969666 -0.0243686 -0.243216 0.581279 2.79155 0.0444665</i>
                        <i>-0.0659676 0.984439 0.162877 0.235503 0.173981 -0.956174 -0.969632 -0.0247186 -0.243315 0.5819 2.79163 0.0412738</i>
                        <i>-0.068646 0.982662 0.172229 0.234876 0.183702 -0.954509 -0.969598 -0.025071 -0.243414 0.582565 2.79149 0.0380271</i>
                        <i>-0.0707364 0.981255 0.179261 0.234387 0.19103 -0.95319 -0.969566 -0.0254089 -0.243506 0.583242 2.79114 0.0348867</i>
                        <i>-0.0720985 0.980378 0.18347 0.23409 0.195444 -0.952367 -0.969538 -0.0257156 -0.243588 0.583894 2.7906 0.0320107</i>
                        <i>-0.0725914 0.980176 0.184354 0.234038 0.196421 -0.952179 -0.969514 -0.0259743 -0.243656 0.584488 2.78989 0.0295545</i>
                        <i>-0.0723343 0.980547 0.182469 0.234191 0.194531 -0.952529 -0.969496 -0.0261681 -0.243707 0.584991 2.78903 0.0276706</i>
                        <i>-0.0715896 0.981249 0.178956 0.234462 0.190944 -0.953188 -0.969486 -0.0262799 -0.243735 0.58537 2.78803 0.0265087</i>
                        <i>-0.0704079 0.982215 0.174061 0.234828 0.18591 -0.954093 -0.969484 -0.0263014 -0.243741 0.585603 2.78693 0.0261431</i>
                        <i>-0.068799 0.983419 0.167791 0.235281 0.179439 -0.95522 -0.969489 -0.0262402 -0.243725 0.585698 2.7858 0.0265082</i>
                        <i>-0.0667732 0.98483 0.160159 0.235813 0.171546 -0.956538 -0.969502 -0.0261036 -0.24369 0.585656 2.78466 0.0275433</i>
                        <i>-0.0643406 0.98641 0.151178 0.23641 0.162246 -0.958012 -0.969521 -0.025899 -0.243637 0.585483 2.78359 0.029189</i>
                        <i>-0.0615114 0.988117 0.14086 0.237061 0.151553 -0.959601 -0.969545 -0.0256339 -0.243566 0.585181 2.78261 0.0313886</i>
                        <i>-0.0582957 0.989901 0.129218 0.237751 0.139481 -0.961259 -0.969575 -0.0253156 -0.243481 0.584754 2.78178 0.034088</i>
                        <i>-0.0547037 0.991711 0.116264 0.238462 0.126044 -0.962937 -0.96961 -0.0249517 -0.243381 0.584204 2.78115 0.0372363</i>
                        <i>-0.0507459 0.993488 0.102011 0.239179 0.111259 -0.96458 -0.969648 -0.0245496 -0.243268 0.583533 2.78075 0.0407854</i>
                    </KeyFrames>
                </p>
            </i>
            <i>
                <p>
                    <Name><![CDATA[head_prop]]></Name>
                    <Exclude>0</Exclude>
                    <Additive>0</Additive>
                    <IKPriority>0</IKPriority>
                    <IKRotLimits>-1e+010 -1e+010 -1e+010 1e+010 1e+010 1e+010</IKRotLimits>
                    <IKRotLimitOrder>0</IKRotLimitOrder>
                    <KeyFrames count="30">
                        <i>0.969648 0.0245496 0.243268 -0.0507459 0.993488 0.102011 -0.239179 -0.111259 0.96458 0.566994 3.10454 0.0740316</i>
                        <i>0.969687 0.0241566 0.243155 -0.0469964 0.99496 0.088573 -0.23979 -0.0973155 0.965935 0.567451 3.10529 0.073253</i>
                        <i>0.969719 0.0238313 0.243059 -0.0440458 0.995974 0.0780745 -0.24022 -0.086416 0.966864 0.567731 3.1061 0.0728764</i>
                        <i>0.969745 0.0235706 0.242981 -0.0418923 0.996631 0.0705139 -0.240501 -0.0785596 0.967465 0.567836 3.10696 0.0729182</i>
                        <i>0.969765 0.0233718 0.242921 -0.0405325 0.997004 0.0658865 -0.240653 -0.0737406 0.967806 0.567769 3.10788 0.0733921</i>
                        <i>0.969779 0.0232319 0.242879 -0.0399621 0.997138 0.0641842 -0.240692 -0.0719503 0.967931 0.567532 3.10884 0.0743102</i>
                        <i>0.969787 0.0231483 0.242853 -0.0401756 0.99705 0.0653969 -0.240623 -0.0731778 0.967856 0.567128 3.10981 0.0756828</i>
                        <i>0.96979 0.0231181 0.242843 -0.0411669 0.996731 0.0695127 -0.240443 -0.0774098 0.967572 0.566563 3.11075 0.0775198</i>
                        <i>0.969788 0.0231387 0.24285 -0.0429865 0.996123 0.0767501 -0.240133 -0.0848706 0.967023 0.565821 3.1116 0.0799063</i>
                        <i>0.969781 0.0232075 0.242871 -0.045565 0.995179 0.086846 -0.239685 -0.0952881 0.966163 0.564927 3.11231 0.082771</i>
                        <i>0.969769 0.0233219 0.242906 -0.0487153 0.993888 0.0990638 -0.239111 -0.107902 0.964978 0.563943 3.11284 0.0858887</i>
                        <i>0.969752 0.0234977 0.242959 -0.0522016 0.992292 0.112389 -0.238446 -0.121672 0.963504 0.562977 3.1132 0.0887818</i>
                        <i>0.969728 0.0237417 0.243032 -0.0558151 0.990465 0.125951 -0.237725 -0.135703 0.961806 0.562111 3.11339 0.0911013</i>
                        <i>0.969698 0.0240375 0.24312 -0.05941 0.988477 0.139229 -0.236971 -0.149454 0.959952 0.561375 3.11335 0.0928198</i>
                        <i>0.969666 0.0243686 0.243216 -0.0628418 0.986426 0.151708 -0.236218 -0.16239 0.958035 0.560798 3.11303 0.0939094</i>
                        <i>0.969632 0.0247186 0.243315 -0.0659676 0.984439 0.162877 -0.235503 -0.173981 0.956174 0.5604 3.11247 0.0943567</i>
                        <i>0.969598 0.025071 0.243414 -0.068646 0.982662 0.172229 -0.234876 -0.183702 0.954509 0.560193 3.11175 0.0941579</i>
                        <i>0.969566 0.0254089 0.243506 -0.0707364 0.981255 0.179261 -0.234387 -0.19103 0.95319 0.560188 3.11094 0.0933093</i>
                        <i>0.969538 0.0257156 0.243588 -0.0720985 0.980378 0.18347 -0.23409 -0.195444 0.952367 0.560396 3.11012 0.0918053</i>
                        <i>0.969514 0.0259743 0.243656 -0.0725914 0.980176 0.184354 -0.234038 -0.196421 0.952179 0.56083 3.10934 0.0896371</i>
                        <i>0.969496 0.0261681 0.243707 -0.0723343 0.980547 0.182469 -0.234191 -0.194531 0.952529 0.561417 3.10859 0.0871388</i>
                        <i>0.969486 0.0262799 0.243735 -0.0715896 0.981249 0.178956 -0.234462 -0.190944 0.953188 0.562038 3.10783 0.0848321</i>
                        <i>0.969484 0.0263014 0.243741 -0.0704079 0.982215 0.174061 -0.234828 -0.18591 0.954093 0.562657 3.10705 0.082871</i>
                        <i>0.969489 0.0262402 0.243725 -0.068799 0.983419 0.167791 -0.235281 -0.179439 0.95522 0.563275 3.1063 0.0811927</i>
                        <i>0.969502 0.0261036 0.24369 -0.0667732 0.98483 0.160159 -0.235813 -0.171546 0.956538 0.563894 3.10563 0.0797405</i>
                        <i>0.969521 0.025899 0.243637 -0.0643406 0.98641 0.151178 -0.23641 -0.162246 0.958012 0.564513 3.10507 0.0784593</i>
                        <i>0.969545 0.0256339 0.243566 -0.0615114 0.988117 0.14086 -0.237061 -0.151553 0.959601 0.565134 3.10465 0.0772963</i>
                        <i>0.969575 0.0253156 0.243481 -0.0582957 0.989901 0.129218 -0.237751 -0.139481 0.961259 0.565755 3.1044 0.0762014</i>
                        <i>0.96961 0.0249517 0.243381 -0.0547037 0.991711 0.116264 -0.238462 -0.126044 0.962937 0.566375 3.10436 0.0751278</i>
                        <i>0.969648 0.0245496 0.243268 -0.0507459 0.993488 0.102011 -0.239179 -0.111259 0.96458 0.566994 3.10454 0.0740316</i>
                    </KeyFrames>
                </p>
            </i>
            <i>
                <p>
                    <Name><![CDATA[l_clav]]></Name>
                    <Exclude>0</Exclude>
                    <Additive>0</Additive>
                    <IKPriority>0</IKPriority>
                    <IKRotLimits>-1e+010 -1e+010 -1e+010 1e+010 1e+010 1e+010</IKRotLimits>
                    <IKRotLimitOrder>0</IKRotLimitOrder>
                    <KeyFrames count="30">
                        <i>0.878006 0.379573 0.291599 -0.425323 0.898142 0.111543 -0.219558 -0.221959 0.950015 0.695414 2.5936 0.0243627</i>
                        <i>0.877069 0.380069 0.293765 -0.427478 0.896501 0.116403 -0.219119 -0.227671 0.948764 0.694846 2.59409 0.0268259</i>
                        <i>0.875078 0.383003 0.295882 -0.431667 0.89411 0.119289 -0.218864 -0.23211 0.947747 0.694328 2.59475 0.0289285</i>
                        <i>0.872173 0.388003 0.29794 -0.437548 0.8911 0.120387 -0.218783 -0.235361 0.946963 0.693862 2.59556 0.0306789</i>
                        <i>0.868489 0.394695 0.299905 -0.444772 0.887583 0.11989 -0.21887 -0.237513 0.946406 0.693451 2.59648 0.0320845</i>
                        <i>0.864167 0.402707 0.301732 -0.452995 0.88367 0.117993 -0.219115 -0.238649 0.946063 0.693098 2.59748 0.0331516</i>
                        <i>0.859355 0.411674 0.303369 -0.461872 0.879473 0.114897 -0.219505 -0.238855 0.945921 0.692807 2.59853 0.0338863</i>
                        <i>0.854216 0.421231 0.30476 -0.471067 0.875111 0.110804 -0.220025 -0.238213 0.945962 0.692579 2.59959 0.0342944</i>
                        <i>0.848925 0.431024 0.30585 -0.480248 0.870714 0.105923 -0.220653 -0.236805 0.946169 0.69242 2.60063 0.034382</i>
                        <i>0.843674 0.440701 0.306589 -0.489094 0.866426 0.100461 -0.221364 -0.234707 0.946526 0.692331 2.6016 0.0341559</i>
                        <i>0.838667 0.449921 0.306935 -0.49729 0.862408 0.0946293 -0.222127 -0.231998 0.947014 0.692317 2.60249 0.0336236</i>
                        <i>0.834142 0.458389 0.306736 -0.504488 0.858882 0.0883914 -0.222933 -0.228476 0.947681 0.692399 2.60326 0.0326837</i>
                        <i>0.830337 0.465792 0.305905 -0.510367 0.856054 0.0818351 -0.223753 -0.224075 0.948538 0.692589 2.60389 0.0312905</i>
                        <i>0.827471 0.471765 0.304516 -0.514663 0.854075 0.0753507 -0.224531 -0.219073 0.949522 0.692876 2.60433 0.0295385</i>
                        <i>0.825758 0.475942 0.302661 -0.517112 0.853106 0.0693199 -0.225209 -0.213751 0.950574 0.69325 2.60449 0.02752</i>
                        <i>0.825405 0.47795 0.300451 -0.517447 0.85331 0.0641159 -0.225733 -0.208389 0.95164 0.693695 2.60438 0.0253402</i>
                        <i>0.826641 0.477349 0.297999 -0.515332 0.854878 0.0601339 -0.226048 -0.203278 0.95267 0.694184 2.60405 0.0231125</i>
                        <i>0.829365 0.474188 0.295463 -0.510892 0.857718 0.0575241 -0.226147 -0.198658 0.953621 0.69469 2.60353 0.0209488</i>
                        <i>0.833272 0.468831 0.29301 -0.504537 0.861553 0.0562913 -0.226052 -0.19474 0.954451 0.695188 2.60283 0.0189589</i>
                        <i>0.838053 0.461639 0.290786 -0.496675 0.866099 0.0564498 -0.22579 -0.191734 0.955121 0.695651 2.60199 0.0172496</i>
                        <i>0.843404 0.452985 0.288919 -0.487721 0.871069 0.0580249 -0.225384 -0.18985 0.955593 0.696057 2.60103 0.0159248</i>
                        <i>0.849038 0.443248 0.287517 -0.478095 0.876184 0.0610528 -0.224857 -0.189297 0.955828 0.696378 2.59999 0.0150856</i>
                        <i>0.854692 0.432838 0.286622 -0.46821 0.881189 0.0654657 -0.224232 -0.190152 0.955804 0.696601 2.59888 0.014782</i>
                        <i>0.860143 0.422204 0.286177 -0.458454 0.885879 0.0709839 -0.223549 -0.192255 0.955544 0.696726 2.59777 0.0149705</i>
                        <i>0.865184 0.411803 0.286138 -0.449222 0.890067 0.0773309 -0.222837 -0.195445 0.955063 0.696754 2.5967 0.0156114</i>
                        <i>0.869627 0.402098 0.286472 -0.440922 0.893585 0.0842272 -0.22212 -0.199558 0.954379 0.696684 2.59573 0.0166666</i>
                        <i>0.873297 0.393556 0.287169 -0.433966 0.896282 0.0913888 -0.221418 -0.204431 0.95351 0.696516 2.59488 0.0181006</i>
                        <i>0.876029 0.386645 0.288234 -0.42877 0.898025 0.0985267 -0.220746 -0.209898 0.952478 0.696249 2.59422 0.0198805</i>
                        <i>0.877657 0.381831 0.289695 -0.425752 0.898687 0.105345 -0.220121 -0.215795 0.951304 0.695882 2.59378 0.0219768</i>
                        <i>0.878006 0.379573 0.291599 -0.425323 0.898142 0.111543 -0.219558 -0.221959 0.950015 0.695414 2.5936 0.0243627</i>
                    </KeyFrames>
                </p>
            </i>
            <i>
                <p>
                    <Name><![CDATA[l_shoulder]]></Name>
                    <Exclude>0</Exclude>
                    <Additive>0</Additive>
                    <IKPriority>0</IKPriority>
                    <IKRotLimits>-1e+010 -1e+010 -1e+010 1e+010 1e+010 1e+010</IKRotLimits>
                    <IKRotLimitOrder>0</IKRotLimitOrder>
                    <KeyFrames count="30">
                        <i>0.0831153 -0.170482 0.981849 0.325167 0.935972 0.13499 -0.941997 0.308045 0.133229 0.868889 2.66859 0.0819763</i>
                        <i>0.0932739 -0.176436 0.979883 0.328142 0.934633 0.137053 -0.940012 0.308757 0.145073 0.868136 2.66918 0.0848675</i>
                        <i>0.102507 -0.182749 0.977801 0.330416 0.933422 0.139816 -0.938252 0.308749 0.156066 0.867225 2.67043 0.0873884</i>
                        <i>0.110862 -0.189271 0.975646 0.332032 0.932344 0.143142 -0.936731 0.308077 0.166206 0.866185 2.67222 0.0895453</i>
                        <i>0.118344 -0.195839 0.973469 0.333035 0.931403 0.146889 -0.935459 0.306816 0.175447 0.865046 2.67447 0.0913391</i>
                        <i>0.124927 -0.202284 0.971326 0.333471 0.930603 0.150914 -0.934447 0.305056 0.183713 0.863839 2.67705 0.0927674</i>
                        <i>0.130561 -0.208438 0.969282 0.333389 0.929948 0.155072 -0.933705 0.302902 0.190906 0.862597 2.67987 0.0938256</i>
                        <i>0.135178 -0.214131 0.967406 0.33284 0.929444 0.15922 -0.933244 0.300469 0.196912 0.861354 2.68282 0.0945085</i>
                        <i>0.138697 -0.2192 0.965771 0.331876 0.929096 0.163215 -0.933071 0.297879 0.20161 0.860149 2.68579 0.0948115</i>
                        <i>0.141023 -0.223488 0.964451 0.330551 0.92891 0.166919 -0.933192 0.295261 0.204872 0.859023 2.68868 0.0947314</i>
                        <i>0.142057 -0.226842 0.963516 0.32892 0.928894 0.170197 -0.933612 0.292742 0.206569 0.85802 2.69138 0.0942673</i>
                        <i>0.141298 -0.22893 0.963133 0.326849 0.929127 0.172896 -0.934454 0.29037 0.206109 0.857207 2.69383 0.0932881</i>
                        <i>0.138413 -0.229511 0.963414 0.3243 0.92965 0.174875 -0.935773 0.28823 0.203106 0.856646 2.69592 0.0917308</i>
                        <i>0.133556 -0.228581 0.96432 0.321469 0.930416 0.176022 -0.937454 0.286491 0.197744 0.856366 2.69754 0.0897042</i>
                        <i>0.126883 -0.226108 0.965803 0.318587 0.931374 0.176193 -0.939363 0.285336 0.190211 0.856402 2.69853 0.0873192</i>
                        <i>0.118633 -0.222174 0.967763 0.315757 0.932493 0.17537 -0.941395 0.284773 0.180777 0.856777 2.69881 0.0847027</i>
                        <i>0.109101 -0.216892 0.97008 0.313023 0.933751 0.173565 -0.943458 0.284721 0.169765 0.85751 2.69837 0.0819907</i>
                        <i>0.0987779 -0.210532 0.972584 0.310502 0.935087 0.17088 -0.945427 0.28511 0.157736 0.858555 2.69722 0.0793259</i>
                        <i>0.0882888 -0.203483 0.97509 0.308328 0.936418 0.167496 -0.947174 0.285859 0.145415 0.859824 2.69547 0.0768513</i>
                        <i>0.078293 -0.196142 0.977445 0.306638 0.937661 0.163597 -0.948601 0.286913 0.133557 0.861232 2.6932 0.0747026</i>
                        <i>0.0694734 -0.188912 0.979533 0.305576 0.938736 0.159371 -0.94963 0.288249 0.122944 0.862695 2.69053 0.073009</i>
                        <i>0.0625156 -0.182201 0.981272 0.305287 0.93956 0.155006 -0.950206 0.289879 0.114361 0.86413 2.68756 0.0718928</i>
                        <i>0.0578535 -0.176324 0.982631 0.305838 0.940084 0.150683 -0.950324 0.291808 0.108314 0.86547 2.6844 0.0714123</i>
                        <i>0.0554411 -0.171415 0.983638 0.307129 0.940316 0.146555 -0.950052 0.293978 0.104779 0.866672 2.68119 0.071513</i>
                        <i>0.0552005 -0.167615 0.984306 0.309068 0.940261 0.142782 -0.949437 0.296336 0.103707 0.867696 2.67807 0.072146</i>
                        <i>0.0570307 -0.165065 0.984632 0.311561 0.939927 0.139525 -0.948513 0.298816 0.105032 0.868503 2.67517 0.0732674</i>
                        <i>0.0608254 -0.163916 0.984597 0.314514 0.939322 0.136949 -0.947302 0.30134 0.108689 0.86906 2.67264 0.0748389</i>
                        <i>0.0664867 -0.164326 0.984163 0.317832 0.938455 0.135223 -0.945813 0.303808 0.114623 0.869333 2.67061 0.0768293</i>
                        <i>0.0739351 -0.166459 0.983273 0.321417 0.937335 0.134514 -0.944047 0.306095 0.122805 0.869288 2.66922 0.0792142</i>
                        <i>0.0831153 -0.170482 0.981849 0.325167 0.935972 0.13499 -0.941997 0.308045 0.133229 0.868889 2.66859 0.0819763</i>
                    </KeyFrames>
                </p>
            </i>
            <i>
                <p>
                    <Name><![CDATA[l_elbow]]></Name>
                    <Exclude>0</Exclude>
                    <Additive>0</Additive>
                    <IKPriority>0</IKPriority>
                    <IKRotLimits>-1e+010 -1e+010 -1e+010 1e+010 1e+010 1e+010</IKRotLimits>
                    <IKRotLimitOrder>0</IKRotLimitOrder>
                    <KeyFrames count="30">
                        <i>-0.622444 0.102519 0.775921 0.322842 0.936744 0.135216 -0.712977 0.334664 -0.616168 0.895924 2.61314 0.401349</i>
                        <i>-0.630289 0.106661 0.768999 0.325822 0.935407 0.137309 -0.704682 0.337101 -0.624329 0.898476 2.61179 0.403601</i>
                        <i>-0.636721 0.109148 0.763331 0.328099 0.934196 0.140099 -0.697809 0.339652 -0.630633 0.900568 2.61098 0.405445</i>
                        <i>-0.641878 0.110147 0.758854 0.329718 0.933117 0.143451 -0.692299 0.342286 -0.635265 0.902246 2.61066 0.406901</i>
                        <i>-0.645859 0.10982 0.755517 0.330723 0.932174 0.147222 -0.688105 0.344952 -0.638373 0.90354 2.61076 0.407986</i>
