<?xml version="1.0" encoding="ISO-8859-1" ?>
<Animl Version="1">
    <ModellingPackage><![CDATA[Maya.2010]]></ModellingPackage>
    <SrcFile><![CDATA[anims\turrets\antitank\blue\~src\at_m40recoilless\antitank_m40recoilless_fire_crewman_a.mb]]></SrcFile>
    <FramesPerSecond>30</FramesPerSecond>
    <TotalFrames>40</TotalFrames>
    <Skeleton>
        <RefFrame>
            <Name><![CDATA[soldier_ref_frame]]></Name>
            <Exclude>0</Exclude>
            <Additive>0</Additive>
            <IKPriority>0</IKPriority>
            <IKRotLimits>-1e+010 -1e+010 -1e+010 1e+010 1e+010 1e+010</IKRotLimits>
            <IKRotLimitOrder>0</IKRotLimitOrder>
            <KeyFrames count="40">
                <i>1 0 0 0 1 0 0 0 1 0.69 0.93 0</i>
                <i>1 0 0 0 1 0 0 0 1 0.69 0.93 0</i>
                <i>1 0 0 0 1 0 0 0 1 0.69 0.93 0</i>
                <i>1 0 0 0 1 0 0 0 1 0.69 0.93 0</i>
                <i>1 0 0 0 1 0 0 0 1 0.69 0.93 0</i>
                <i>1 0 0 0 1 0 0 0 1 0.69 0.93 0</i>
                <i>1 0 0 0 1 0 0 0 1 0.69 0.93 0</i>
                <i>1 0 0 0 1 0 0 0 1 0.69 0.93 0</i>
                <i>1 0 0 0 1 0 0 0 1 0.69 0.93 0</i>
                <i>1 0 0 0 1 0 0 0 1 0.69 0.93 0</i>
                <i>1 0 0 0 1 0 0 0 1 0.69 0.93 0</i>
                <i>1 0 0 0 1 0 0 0 1 0.69 0.93 0</i>
                <i>1 0 0 0 1 0 0 0 1 0.69 0.93 0</i>
                <i>1 0 0 0 1 0 0 0 1 0.69 0.93 0</i>
                <i>1 0 0 0 1 0 0 0 1 0.69 0.93 0</i>
                <i>1 0 0 0 1 0 0 0 1 0.69 0.93 0</i>
                <i>1 0 0 0 1 0 0 0 1 0.69 0.93 0</i>
                <i>1 0 0 0 1 0 0 0 1 0.69 0.93 0</i>
                <i>1 0 0 0 1 0 0 0 1 0.69 0.93 0</i>
                <i>1 0 0 0 1 0 0 0 1 0.69 0.93 0</i>
                <i>1 0 0 0 1 0 0 0 1 0.69 0.93 0</i>
                <i>1 0 0 0 1 0 0 0 1 0.69 0.93 0</i>
                <i>1 0 0 0 1 0 0 0 1 0.69 0.93 0</i>
                <i>1 0 0 0 1 0 0 0 1 0.69 0.93 0</i>
                <i>1 0 0 0 1 0 0 0 1 0.69 0.93 0</i>
                <i>1 0 0 0 1 0 0 0 1 0.69 0.93 0</i>
                <i>1 0 0 0 1 0 0 0 1 0.69 0.93 0</i>
                <i>1 0 0 0 1 0 0 0 1 0.69 0.93 0</i>
                <i>1 0 0 0 1 0 0 0 1 0.69 0.93 0</i>
                <i>1 0 0 0 1 0 0 0 1 0.69 0.93 0</i>
                <i>1 0 0 0 1 0 0 0 1 0.69 0.93 0</i>
                <i>1 0 0 0 1 0 0 0 1 0.69 0.93 0</i>
                <i>1 0 0 0 1 0 0 0 1 0.69 0.93 0</i>
                <i>1 0 0 0 1 0 0 0 1 0.69 0.93 0</i>
                <i>1 0 0 0 1 0 0 0 1 0.69 0.93 0</i>
                <i>1 0 0 0 1 0 0 0 1 0.69 0.93 0</i>
                <i>1 0 0 0 1 0 0 0 1 0.69 0.93 0</i>
                <i>1 0 0 0 1 0 0 0 1 0.69 0.93 0</i>
                <i>1 0 0 0 1 0 0 0 1 0.69 0.93 0</i>
                <i>1 0 0 0 1 0 0 0 1 0.69 0.93 0</i>
            </KeyFrames>
        </RefFrame>
        <Bones count="23">
            <i>
                <p>
                    <Name><![CDATA[pelvis]]></Name>
                    <Exclude>0</Exclude>
                    <Additive>0</Additive>
                    <IKPriority>0</IKPriority>
                    <IKRotLimits>-1e+010 -1e+010 -1e+010 1e+010 1e+010 1e+010</IKRotLimits>
                    <IKRotLimitOrder>2</IKRotLimitOrder>
                    <KeyFrames count="40">
                        <i>1 0 0 0 1 0 0 0 1 0.62452 2.07002 -0.0330085</i>
                        <i>1 0 0 0 1 0 0 0 1 0.699604 2.00366 -0.0742908</i>
                        <i>1 0 0 0 1 0 0 0 1 0.774687 1.9373 -0.115573</i>
                        <i>1 0 0 0 1 0 0 0 1 0.839937 1.91436 -0.150697</i>
                        <i>1 0 0 0 1 0 0 0 1 0.852743 1.95428 -0.15298</i>
                        <i>1 0 0 0 1 0 0 0 1 0.838162 2.00452 -0.18364</i>
                        <i>1 0 0 0 1 0 0 0 1 0.818728 2.05529 -0.218605</i>
                        <i>1 0 0 0 1 0 0 0 1 0.803801 2.08329 -0.237291</i>
                        <i>1 0 0 0 1 0 0 0 1 0.798791 2.08096 -0.239259</i>
                        <i>1 0 0 0 1 0 0 0 1 0.800336 2.06263 -0.238742</i>
                        <i>1 0 0 0 1 0 0 0 1 0.804643 2.03788 -0.237159</i>
                        <i>1 0 0 0 1 0 0 0 1 0.807915 2.01627 -0.235933</i>
                        <i>1 0 0 0 1 0 0 0 1 0.810369 1.99767 -0.234993</i>
                        <i>1 0 0 0 1 0 0 0 1 0.813349 1.97788 -0.233035</i>
                        <i>1 0 0 0 1 0 0 0 1 0.814759 1.96031 -0.229626</i>
                        <i>1 0 0 0 1 0 0 0 1 0.812499 1.94838 -0.224332</i>
                        <i>1 0 0 0 1 0 0 0 1 0.807743 1.94482 -0.218193</i>
                        <i>1 0 0 0 1 0 0 0 1 0.802897 1.94909 -0.212331</i>
                        <i>1 0 0 0 1 0 0 0 1 0.797713 1.95918 -0.206436</i>
                        <i>1 0 0 0 1 0 0 0 1 0.791943 1.97308 -0.200197</i>
                        <i>1 0 0 0 1 0 0 0 1 0.785337 1.9888 -0.193304</i>
                        <i>1 0 0 0 1 0 0 0 1 0.777648 2.00433 -0.185446</i>
                        <i>1 0 0 0 1 0 0 0 1 0.768627 2.01765 -0.176313</i>
                        <i>1 0 0 0 1 0 0 0 1 0.758026 2.02678 -0.165594</i>
                        <i>1 0 0 0 1 0 0 0 1 0.745596 2.02969 -0.15298</i>
                        <i>1 0 0 0 1 0 0 0 1 0.72441 2.03354 -0.131756</i>
                        <i>1 0 0 0 1 0 0 0 1 0.69331 2.04349 -0.10091</i>
                        <i>1 0 0 0 1 0 0 0 1 0.660694 2.05556 -0.0686786</i>
                        <i>1 0 0 0 1 0 0 0 1 0.634964 2.06574 -0.043299</i>
                        <i>1 0 0 0 1 0 0 0 1 0.62452 2.07002 -0.0330085</i>
                        <i>1 0 0 0 1 0 0 0 1 0.62452 2.07002 -0.0330085</i>
                        <i>1 0 0 0 1 0 0 0 1 0.62452 2.07002 -0.0330085</i>
                        <i>1 0 0 0 1 0 0 0 1 0.62452 2.07002 -0.0330085</i>
                        <i>1 0 0 0 1 0 0 0 1 0.62452 2.07002 -0.0330085</i>
                        <i>1 0 0 0 1 0 0 0 1 0.62452 2.07002 -0.0330085</i>
                        <i>1 0 0 0 1 0 0 0 1 0.62452 2.07002 -0.0330085</i>
                        <i>1 0 0 0 1 0 0 0 1 0.62452 2.07002 -0.0330085</i>
                        <i>1 0 0 0 1 0 0 0 1 0.62452 2.07002 -0.0330085</i>
                        <i>1 0 0 0 1 0 0 0 1 0.62452 2.07002 -0.0330085</i>
                        <i>1 0 0 0 1 0 0 0 1 0.62452 2.07002 -0.0330085</i>
                    </KeyFrames>
                </p>
            </i>
            <i>
                <p>
                    <Name><![CDATA[spine0]]></Name>
                    <Exclude>0</Exclude>
                    <Additive>0</Additive>
                    <IKPriority>0</IKPriority>
                    <IKRotLimits>-1e+010 -1e+010 -1e+010 1e+010 1e+010 1e+010</IKRotLimits>
                    <IKRotLimitOrder>0</IKRotLimitOrder>
                    <KeyFrames count="40">
                        <i>-0.0643376 0.997082 0.0410828 -0.935997 -0.0460167 -0.348988 -0.346079 -0.0609064 0.936226 0.607632 2.20909 -0.0657438</i>
                        <i>-0.107397 0.992422 0.0597112 -0.907878 -0.0734133 -0.412756 -0.405244 -0.0985391 0.908882 0.685421 2.14285 -0.107774</i>
                        <i>-0.148308 0.986445 0.0702181 -0.874986 -0.0977982 -0.474167 -0.460873 -0.131763 0.87763 0.763749 2.07669 -0.149435</i>
                        <i>-0.156578 0.984877 0.0741685 -0.86018 -0.0990793 -0.500273 -0.485358 -0.14213 0.862686 0.830576 2.05385 -0.184644</i>
                        <i>-0.148608 0.98582 0.0779411 -0.8611 -0.0902467 -0.500363 -0.486234 -0.141473 0.862301 0.843251 2.09381 -0.186709</i>
                        <i>-0.126285 0.989756 0.0665933 -0.863267 -0.0765782 -0.498905 -0.488694 -0.120492 0.864095 0.828487 2.14401 -0.217481</i>
                        <i>-0.0921664 0.994266 0.0542239 -0.866573 -0.0532684 -0.4962 -0.490466 -0.0927219 0.866513 0.808557 2.19467 -0.252746</i>
                        <i>-0.0637987 0.996553 0.0530308 -0.869448 -0.029419 -0.493148 -0.489888 -0.0775697 0.868327 0.792899 2.2225 -0.271875</i>
                        <i>-0.0462648 0.997327 0.0565527 -0.871169 -0.0125808 -0.490822 -0.488798 -0.0719748 0.869423 0.787002 2.21997 -0.274382</i>
                        <i>-0.0410159 0.997795 0.0521755 -0.871394 -0.0101726 -0.490478 -0.488866 -0.0655828 0.86989 0.787586 2.20141 -0.27445</i>
                        <i>-0.0434085 0.998109 0.0435292 -0.870797 -0.0164422 -0.491368 -0.489723 -0.0592346 0.869863 0.790933 2.17641 -0.273453</i>
                        <i>-0.0460163 0.998292 0.0360021 -0.8702 -0.0223617 -0.49219 -0.490544 -0.0539779 0.869743 0.793325 2.15456 -0.272764</i>
                        <i>-0.0501139 0.998324 0.0289498 -0.869457 -0.0293449 -0.493137 -0.491461 -0.0498836 0.86947 0.795055 2.13577 -0.272267</i>
                        <i>-0.0554368 0.998207 0.0225788 -0.868584 -0.0370605 -0.494155 -0.492432 -0.0470059 0.869081 0.797546 2.11585 -0.27061</i>
                        <i>-0.0617086 0.997948 0.0171026 -0.867609 -0.0451626 -0.495192 -0.493404 -0.045396 0.868615 0.798775 2.09823 -0.267311</i>
                        <i>-0.0681318 0.997606 0.0118168 -0.866112 -0.0532643 -0.497003 -0.495184 -0.0440964 0.867668 0.797089 2.08623 -0.262492</i>
                        <i>-0.0742455 0.997219 0.00644984 -0.863913 -0.061087 -0.499923 -0.498139 -0.0426891 0.866046 0.79389 2.08247 -0.25764</i>
                        <i>-0.0810728 0.996702 0.00344524 -0.861415 -0.0683287 -0.503285 -0.501389 -0.0437705 0.864114 0.791335 2.0864 -0.253666</i>
                        <i>-0.0890598 0.996017 0.00436262 -0.85899 -0.0745888 -0.50653 -0.504187 -0.048859 0.862211 0.788925 2.09599 -0.250051</i>
                        <i>-0.097698 0.995176 0.00896282 -0.856908 -0.0795372 -0.509296 -0.506126 -0.0574375 0.860545 0.786162 2.10924 -0.246277</i>
                        <i>-0.106427 0.994182 0.0165892 -0.85531 -0.0830271 -0.51142 -0.507068 -0.0686179 0.85917 0.782547 2.1242 -0.241831</i>
                        <i>-0.114579 0.993074 0.0259813 -0.854214 -0.0851386 -0.512904 -0.50714 -0.0809615 0.858053 0.777589 2.13894 -0.236204</i>
                        <i>-0.121389 0.991976 0.0353228 -0.853549 -0.0861523 -0.51384 -0.506674 -0.0925242 0.857159 0.770804 2.15154 -0.228897</i>
                        <i>-0.126051 0.991114 0.0424759 -0.85321 -0.0864692 -0.514349 -0.506106 -0.101075 0.856528 0.761712 2.16014 -0.219411</i>
                        <i>-0.127773 0.990769 0.0452882 -0.853107 -0.0865012 -0.514515 -0.505848 -0.104377 0.856285 0.749837 2.16286 -0.207251</i>
                        <i>-0.121057 0.991599 0.0455618 -0.862699 -0.0823945 -0.498961 -0.491016 -0.0997089 0.865426 0.726146 2.16753 -0.184092</i>
                        <i>-0.10523 0.993394 0.0457612 -0.884781 -0.072519 -0.46033 -0.453971 -0.088929 0.886568 0.689333 2.17926 -0.148323</i>
                        <i>-0.0865163 0.995244 0.044779 -0.909464 -0.0605516 -0.411351 -0.406683 -0.0763134 0.910376 0.650437 2.19307 -0.10969</i>
                        <i>-0.0708871 0.996578 0.0425206 -0.928509 -0.050349 -0.367882 -0.364482 -0.0655588 0.9289 0.619935 2.2044 -0.0785488</i>
                        <i>-0.0643376 0.997082 0.0410828 -0.935997 -0.0460167 -0.348988 -0.346079 -0.0609064 0.936226 0.607632 2.20909 -0.0657438</i>
                        <i>-0.0643376 0.997082 0.0410828 -0.935997 -0.0460167 -0.348988 -0.346079 -0.0609064 0.936226 0.607632 2.20909 -0.0657438</i>
                        <i>-0.0643376 0.997082 0.0410828 -0.935997 -0.0460167 -0.348988 -0.346079 -0.0609064 0.936226 0.607632 2.20909 -0.0657438</i>
                        <i>-0.0643376 0.997082 0.0410828 -0.935997 -0.0460167 -0.348988 -0.346079 -0.0609064 0.936226 0.607632 2.20909 -0.0657438</i>
                        <i>-0.0643376 0.997082 0.0410828 -0.935997 -0.0460167 -0.348988 -0.346079 -0.0609064 0.936226 0.607632 2.20909 -0.0657438</i>
                        <i>-0.0643376 0.997082 0.0410828 -0.935997 -0.0460167 -0.348988 -0.346079 -0.0609064 0.936226 0.607632 2.20909 -0.0657438</i>
                        <i>-0.0643376 0.997082 0.0410828 -0.935997 -0.0460167 -0.348988 -0.346079 -0.0609064 0.936226 0.607632 2.20909 -0.0657438</i>
                        <i>-0.0643376 0.997082 0.0410828 -0.935997 -0.0460167 -0.348988 -0.346079 -0.0609064 0.936226 0.607632 2.20909 -0.0657438</i>
                        <i>-0.0643376 0.997082 0.0410828 -0.935997 -0.0460167 -0.348988 -0.346079 -0.0609064 0.936226 0.607632 2.20909 -0.0657438</i>
                        <i>-0.0643376 0.997082 0.0410828 -0.935997 -0.0460167 -0.348988 -0.346079 -0.0609064 0.936226 0.607632 2.20909 -0.0657438</i>
                        <i>-0.0643376 0.997082 0.0410828 -0.935997 -0.0460167 -0.348988 -0.346079 -0.0609064 0.936226 0.607632 2.20909 -0.0657438</i>
                    </KeyFrames>
                </p>
            </i>
            <i>
                <p>
                    <Name><![CDATA[spine1]]></Name>
                    <Exclude>0</Exclude>
                    <Additive>0</Additive>
                    <IKPriority>0</IKPriority>
                    <IKRotLimits>-1e+010 -1e+010 -1e+010 1e+010 1e+010 1e+010</IKRotLimits>
                    <IKRotLimitOrder>0</IKRotLimitOrder>
                    <KeyFrames count="40">
                        <i>0.0840248 0.988955 0.122098 -0.965693 0.111031 -0.234752 -0.245716 -0.0981847 0.964357 0.596547 2.38089 -0.0586694</i>
                        <i>0.0625967 0.975871 0.209182 -0.946572 0.124487 -0.297497 -0.316359 -0.179384 0.931525 0.668577 2.29815 -0.0983457</i>
                        <i>0.029827 0.957304 0.287542 -0.922541 0.137094 -0.360726 -0.384744 -0.25451 0.887241 0.741692 2.22294 -0.138898</i>
                        <i>0.00850675 0.954363 0.298527 -0.910961 0.130519 -0.391298 -0.412404 -0.268618 0.870498 0.806047 2.20784 -0.172966</i>
                        <i>0.00400792 0.959382 0.282081 -0.91134 0.119621 -0.39389 -0.411634 -0.255494 0.874803 0.818309 2.25919 -0.173614</i>
                        <i>0.0242532 0.964945 0.261329 -0.910258 0.129394 -0.393304 -0.413331 -0.228338 0.881487 0.805768 2.32228 -0.205532</i>
                        <i>0.0674861 0.9623 0.263486 -0.906519 0.169447 -0.386667 -0.416736 -0.21276 0.883778 0.791065 2.38399 -0.242522</i>
                        <i>0.116447 0.949771 0.290473 -0.900182 0.224502 -0.373192 -0.419658 -0.218021 0.881109 0.780683 2.4143 -0.26178</i>
                        <i>0.15793 0.933067 0.323179 -0.892713 0.274799 -0.357139 -0.422044 -0.232103 0.87636 0.778275 2.40928 -0.263745</i>
                        <i>0.179596 0.922301 0.342208 -0.888102 0.301626 -0.346838 -0.423108 -0.241625 0.873268 0.780018 2.38654 -0.264844</i>
                        <i>0.184454 0.919754 0.346453 -0.887418 0.30737 -0.343531 -0.422453 -0.244083 0.872902 0.783042 2.35862 -0.265565</i>
                        <i>0.184768 0.920298 0.344838 -0.887911 0.306726 -0.342832 -0.421278 -0.242841 0.873815 0.785002 2.33578 -0.266282</i>
                        <i>0.180869 0.922743 0.340341 -0.889298 0.301232 -0.344105 -0.420042 -0.240427 0.875077 0.786019 2.31634 -0.267081</i>
                        <i>0.173107 0.92671 0.333531 -0.891367 0.291451 -0.347161 -0.418926 -0.237203 0.876491 0.787574 2.29588 -0.266584</i>
                        <i>0.161833 0.93177 0.324984 -0.893882 0.277936 -0.351749 -0.418074 -0.233572 0.877871 0.787706 2.27764 -0.26428</i>
                        <i>0.145567 0.936783 0.318195 -0.896087 0.261157 -0.358921 -0.41933 -0.232883 0.877455 0.784909 2.26491 -0.260416</i>
                        <i>0.123535 0.940657 0.316076 -0.897456 0.241821 -0.36891 -0.423451 -0.238091 0.874072 0.780664 2.26039 -0.256526</i>
                        <i>0.0968346 0.942702 0.319274 -0.898213 0.220959 -0.379988 -0.428762 -0.24998 0.868143 0.776953 2.26344 -0.253087</i>
                        <i>0.0669596 0.942525 0.327359 -0.898641 0.199533 -0.390679 -0.433543 -0.268019 0.860352 0.773203 2.272 -0.249308</i>
                        <i>0.0358934 0.940357 0.338289 -0.898948 0.178263 -0.400144 -0.436582 -0.289742 0.851731 0.768996 2.28423 -0.244724</i>
                        <i>0.00581052 0.936687 0.35012 -0.899256 0.158037 -0.407876 -0.437384 -0.312478 0.84324 0.763923 2.29829 -0.238945</i>
                        <i>-0.0210687 0.932252 0.361196 -0.899607 0.139943 -0.41367 -0.436192 -0.33365 0.835712 0.757596 2.31231 -0.231684</i>
                        <i>-0.0426276 0.927956 0.370244 -0.89997 0.125263 -0.417567 -0.433862 -0.351009 0.829793 0.749658 2.32441 -0.222756</i>
                        <i>-0.0569156 0.924742 0.376314 -0.900262 0.115413 -0.419772 -0.431612 -0.362673 0.825941 0.739772 2.33272 -0.212029</i>
                        <i>-0.0620867 0.923489 0.378566 -0.900378 0.111839 -0.42049 -0.430656 -0.36696 0.824546 0.727603 2.33533 -0.199381</i>
                        <i>-0.0438533 0.933485 0.355926 -0.908795 0.110695 -0.402291 -0.414932 -0.341106 0.843492 0.705144 2.33961 -0.176196</i>
                        <i>-0.00261477 0.954699 0.297563 -0.92742 0.108978 -0.357793 -0.374012 -0.276901 0.885122 0.671177 2.35069 -0.140432</i>
                        <i>0.0413343 0.974437 0.220825 -0.946845 0.108771 -0.302744 -0.319025 -0.196573 0.927137 0.635555 2.36428 -0.10199</i>
                        <i>0.0726228 0.985722 0.151913 -0.960624 0.110089 -0.25511 -0.268191 -0.127405 0.954904 0.607735 2.37593 -0.0712337</i>
                        <i>0.0840248 0.988955 0.122098 -0.965693 0.111031 -0.234752 -0.245716 -0.0981847 0.964357 0.596547 2.38089 -0.0586694</i>
                        <i>0.0840248 0.988955 0.122098 -0.965693 0.111031 -0.234752 -0.245716 -0.0981847 0.964357 0.596547 2.38089 -0.0586694</i>
                        <i>0.0840248 0.988955 0.122098 -0.965693 0.111031 -0.234752 -0.245716 -0.0981847 0.964357 0.596547 2.38089 -0.0586694</i>
                        <i>0.0840248 0.988955 0.122098 -0.965693 0.111031 -0.234752 -0.245716 -0.0981847 0.964357 0.596547 2.38089 -0.0586694</i>
                        <i>0.0840248 0.988955 0.122098 -0.965693 0.111031 -0.234752 -0.245716 -0.0981847 0.964357 0.596547 2.38089 -0.0586694</i>
                        <i>0.0840248 0.988955 0.122098 -0.965693 0.111031 -0.234752 -0.245716 -0.0981847 0.964357 0.596547 2.38089 -0.0586694</i>
                        <i>0.0840248 0.988955 0.122098 -0.965693 0.111031 -0.234752 -0.245716 -0.0981847 0.964357 0.596547 2.38089 -0.0586694</i>
                        <i>0.0840248 0.988955 0.122098 -0.965693 0.111031 -0.234752 -0.245716 -0.0981847 0.964357 0.596547 2.38089 -0.0586694</i>
                        <i>0.0840248 0.988955 0.122098 -0.965693 0.111031 -0.234752 -0.245716 -0.0981847 0.964357 0.596547 2.38089 -0.0586694</i>
                        <i>0.0840248 0.988955 0.122098 -0.965693 0.111031 -0.234752 -0.245716 -0.0981847 0.964357 0.596547 2.38089 -0.0586694</i>
                        <i>0.0840248 0.988955 0.122098 -0.965693 0.111031 -0.234752 -0.245716 -0.0981847 0.964357 0.596547 2.38089 -0.0586694</i>
                    </KeyFrames>
                </p>
            </i>
            <i>
                <p>
                    <Name><![CDATA[spine2]]></Name>
                    <Exclude>0</Exclude>
                    <Additive>0</Additive>
                    <IKPriority>0</IKPriority>
                    <IKRotLimits>-1e+010 -1e+010 -1e+010 1e+010 1e+010 1e+010</IKRotLimits>
                    <IKRotLimitOrder>0</IKRotLimitOrder>
                    <KeyFrames count="40">
                        <i>-0.0462811 0.943698 0.327554 -0.986237 0.00893786 -0.165099 -0.158731 -0.330687 0.930296 0.609993 2.53788 -0.0392442</i>
                        <i>-0.024854 0.915965 0.400488 -0.971809 0.0718181 -0.224566 -0.234457 -0.394779 0.888358 0.677767 2.43884 -0.0683565</i>
                        <i>-0.00126838 0.884582 0.466383 -0.949218 0.145666 -0.278865 -0.314615 -0.443053 0.839477 0.745977 2.35371 -0.0998925</i>
                        <i>0.00548135 0.87243 0.488709 -0.937743 0.174211 -0.30048 -0.347286 -0.456636 0.81907 0.80744 2.3453 -0.13013</i>
                        <i>9.94719e-005 0.87583 0.48262 -0.939032 0.166021 -0.301092 -0.34383 -0.453165 0.822449 0.819031 2.40739 -0.130042</i>
                        <i>0.00649305 0.866488 0.499156 -0.938163 0.17806 -0.296892 -0.346133 -0.466362 0.814063 0.809823 2.48229 -0.162036</i>
                        <i>0.0239432 0.829618 0.557819 -0.934417 0.216921 -0.282508 -0.355376 -0.514471 0.780402 0.802871 2.55263 -0.19604</i>
                        <i>0.0501463 0.782026 0.621225 -0.927586 0.267043 -0.261289 -0.370228 -0.563137 0.738788 0.801283 2.58251 -0.209995</i>
                        <i>0.0747786 0.739951 0.668491 -0.919722 0.31025 -0.240533 -0.385382 -0.59684 0.703749 0.805858 2.57224 -0.206987</i>
                        <i>0.0815346 0.708779 0.700703 -0.91597 0.33042 -0.227645 -0.392876 -0.623262 0.676161 0.810708 2.54399 -0.206163</i>
                        <i>0.0761055 0.692869 0.717036 -0.916612 0.331668 -0.223201 -0.392467 -0.640257 0.660334 0.814074 2.51309 -0.207151</i>
                        <i>0.0694944 0.684407 0.725781 -0.918243 0.32822 -0.221587 -0.389872 -0.651044 0.651261 0.815922 2.48949 -0.208473</i>
                        <i>0.0613252 0.680825 0.729875 -0.920559 0.321199 -0.222267 -0.38576 -0.658262 0.646437 0.816184 2.46989 -0.210237</i>
                        <i>0.0518855 0.681829 0.72967 -0.923313 0.311161 -0.225104 -0.380527 -0.662034 0.645686 0.816369 2.44966 -0.211038</i>
                        <i>0.0413842 0.687023 0.725456 -0.926267 0.298595 -0.229936 -0.374589 -0.66245 0.648724 0.814547 2.43178 -0.210331</i>
                        <i>0.0287172 0.694864 0.718567 -0.929233 0.28348 -0.236993 -0.368377 -0.66091 0.653831 0.80897 2.4193 -0.207795</i>
                        <i>0.0136299 0.704466 0.709607 -0.931998 0.266022 -0.246193 -0.362206 -0.657997 0.660187 0.801012 2.41482 -0.204468</i>
                        <i>-0.000938616 0.719301 0.694697 -0.934215 0.247174 -0.25719 -0.356708 -0.649238 0.67175 0.792843 2.41749 -0.200751</i>
                        <i>-0.0132296 0.740153 0.672308 -0.935843 0.227642 -0.26903 -0.352169 -0.632734 0.689655 0.78415 2.42522 -0.195942</i>
                        <i>-0.0233201 0.764105 0.644671 -0.937086 0.207965 -0.280392 -0.348318 -0.610651 0.711182 0.77486 2.43633 -0.18987</i>
                        <i>-0.0312945 0.788368 0.614408 -0.938096 0.188986 -0.290276 -0.344959 -0.585458 0.73365 0.764912 2.44915 -0.182427</i>
                        <i>-0.0372617 0.810464 0.584602 -0.938948 0.171837 -0.298074 -0.342035 -0.560018 0.754581 0.754263 2.462 -0.173566</i>
                        <i>-0.0413463 0.828322 0.558725 -0.939646 0.157855 -0.303559 -0.339642 -0.537554 0.771802 0.742873 2.47315 -0.163297</i>
                        <i>-0.0436851 0.84022 0.540482 -0.94013 0.148462 -0.306782 -0.338006 -0.521525 0.783431 0.730703 2.48081 -0.151651</i>
                        <i>-0.0444275 0.844561 0.533613 -0.94031 0.145049 -0.30786 -0.337407 -0.515439 0.787705 0.717708 2.48318 -0.13866</i>
                        <i>-0.0418604 0.856558 0.514351 -0.946445 0.130958 -0.295114 -0.32014 -0.499158 0.805203 0.6982 2.48863 -0.119279</i>
                        <i>-0.0380921 0.883909 0.466105 -0.95997 0.0971629 -0.26271 -0.2775 -0.457454 0.844825 0.670841 2.5023 -0.0931034</i>
                        <i>-0.038378 0.913644 0.404699 -0.973762 0.0567178 -0.220388 -0.22431 -0.402539 0.887495 0.642198 2.51862 -0.0669626</i>
                        <i>-0.0430442 0.935498 0.350701 -0.983034 0.0229884 -0.181977 -0.178301 -0.352584 0.918637 0.619353 2.53221 -0.0471063</i>
                        <i>-0.0462811 0.943698 0.327554 -0.986237 0.00893786 -0.165099 -0.158731 -0.330687 0.930296 0.609993 2.53788 -0.0392442</i>
                        <i>-0.0462811 0.943698 0.327554 -0.986237 0.00893786 -0.165099 -0.158731 -0.330687 0.930296 0.609993 2.53788 -0.0392442</i>
                        <i>-0.0462811 0.943698 0.327554 -0.986237 0.00893786 -0.165099 -0.158731 -0.330687 0.930296 0.609993 2.53788 -0.0392442</i>
                        <i>-0.0462811 0.943698 0.327554 -0.986237 0.00893786 -0.165099 -0.158731 -0.330687 0.930296 0.609993 2.53788 -0.0392442</i>
                        <i>-0.0462811 0.943698 0.327554 -0.986237 0.00893786 -0.165099 -0.158731 -0.330687 0.930296 0.609993 2.53788 -0.0392442</i>
                        <i>-0.0462811 0.943698 0.327554 -0.986237 0.00893786 -0.165099 -0.158731 -0.330687 0.930296 0.609993 2.53788 -0.0392442</i>
                        <i>-0.0462811 0.943698 0.327554 -0.986237 0.00893786 -0.165099 -0.158731 -0.330687 0.930296 0.609993 2.53788 -0.0392442</i>
                        <i>-0.0462811 0.943698 0.327554 -0.986237 0.00893786 -0.165099 -0.158731 -0.330687 0.930296 0.609993 2.53788 -0.0392442</i>
                        <i>-0.0462811 0.943698 0.327554 -0.986237 0.00893786 -0.165099 -0.158731 -0.330687 0.930296 0.609993 2.53788 -0.0392442</i>
                        <i>-0.0462811 0.943698 0.327554 -0.986237 0.00893786 -0.165099 -0.158731 -0.330687 0.930296 0.609993 2.53788 -0.0392442</i>
                        <i>-0.0462811 0.943698 0.327554 -0.986237 0.00893786 -0.165099 -0.158731 -0.330687 0.930296 0.609993 2.53788 -0.0392442</i>
                    </KeyFrames>
                </p>
            </i>
            <i>
                <p>
                    <Name><![CDATA[head]]></Name>
                    <Exclude>0</Exclude>
                    <Additive>0</Additive>
                    <IKPriority>0</IKPriority>
                    <IKRotLimits>-1e+010 -1e+010 -1e+010 1e+010 1e+010 1e+010</IKRotLimits>
                    <IKRotLimitOrder>0</IKRotLimitOrder>
                    <KeyFrames count="40">
                        <i>-0.0507459 0.993488 0.102011 0.239179 0.111259 -0.96458 -0.969648 -0.0245496 -0.243268 0.583533 2.78075 0.0407854</i>
                        <i>-0.00996705 0.99119 0.132071 0.397175 0.125136 -0.909171 -0.917688 0.0433937 -0.394924 0.66281 2.6669 0.0216604</i>
                        <i>0.0321448 0.985321 0.167656 0.545616 0.123245 -0.828924 -0.837419 0.118121 -0.533645 0.742063 2.57087 0.00101062</i>
                        <i>-0.00690325 0.964091 0.265482 0.608811 0.214665 -0.76372 -0.793285 0.156356 -0.588431 0.807529 2.56469 -0.0196499</i>
                        <i>-0.214606 0.829158 0.516179 0.568499 0.535785 -0.624294 -0.7942 0.159471 -0.586358 0.817847 2.63414 -0.0148488</i>
                        <i>-0.299501 0.706547 0.641163 0.532554 0.681382 -0.5021 -0.791635 0.191074 -0.580349 0.808897 2.71246 -0.0337513</i>
                        <i>-0.363085 0.543575 0.756766 0.502595 0.798161 -0.332171 -0.784581 0.259741 -0.562998 0.803518 2.77556 -0.0428339</i>
                        <i>-0.387256 0.431128 0.814961 0.499917 0.840899 -0.207297 -0.774671 0.327136 -0.541172 0.806032 2.79103 -0.0368009</i>
                        <i>-0.369877 0.40975 0.833844 0.527153 0.831596 -0.17481 -0.76505 0.374905 -0.523589 0.815109 2.7673 -0.0227271</i>
                        <i>-0.3351 0.436161 0.835147 0.556943 0.806651 -0.197807 -0.759948 0.398845 -0.513226 0.820238 2.72826 -0.016168</i>
                        <i>-0.292067 0.488545 0.822205 0.581042 0.773486 -0.253197 -0.759662 0.403785 -0.509775 0.82127 2.69131 -0.0147679</i>
                        <i>-0.249627 0.540521 0.803445 0.599389 0.737907 -0.310202 -0.760539 0.404142 -0.508184 0.82075 2.66439 -0.0143157</i>
                        <i>-0.222528 0.575607 0.786866 0.607647 0.713045 -0.349761 -0.762395 0.400305 -0.508438 0.81851 2.643 -0.0152788</i>
                        <i>-0.221986 0.583311 0.781326 0.604547 0.711044 -0.359081 -0.765013 0.392637 -0.510481 0.816143 2.62237 -0.0162888</i>
                        <i>-0.236936 0.576748 0.781808 0.594814 0.722384 -0.352645 -0.768152 0.381476 -0.514216 0.811787 2.60537 -0.0168646</i>
                        <i>-0.252198 0.573194 0.779644 0.584011 0.732571 -0.349671 -0.771574 0.367134 -0.519505 0.803587 2.59482 -0.0165273</i>
                        <i>-0.253252 0.591103 0.765808 0.578913 0.726828 -0.369569 -0.775063 0.349742 -0.526267 0.792962 2.59332 -0.0162754</i>
                        <i>-0.241101 0.631745 0.736729 0.579477 0.702658 -0.412891 -0.77851 0.327369 -0.535493 0.782877 2.60116 -0.0177686</i>
                        <i>-0.22541 0.68184 0.695906 0.581343 0.667323 -0.465533 -0.781813 0.299624 -0.546803 0.773385 2.61634 -0.0208881</i>
                        <i>-0.203654 0.739149 0.642016 0.585206 0.617622 -0.52543 -0.784894 0.268706 -0.558335 0.76414 2.63595 -0.0247706</i>
                        <i>-0.176964 0.797005 0.577465 0.590075 0.555499 -0.58586 -0.787715 0.237072 -0.568596 0.754823 2.6572 -0.028404</i>
                        <i>-0.149338 0.847423 0.509483 0.594359 0.488717 -0.638665 -0.790212 0.207439 -0.576657 0.745125 2.6775 -0.0305983</i>
                        <i>-0.122378 0.887167 0.444925 0.597784 0.423744 -0.680512 -0.792262 0.182689 -0.582191 0.734741 2.69445 -0.0300164</i>
                        <i>-0.0976941 0.914958 0.391546 0.60045 0.367943 -0.709984 -0.793672 0.165743 -0.585333 0.723369 2.70586 -0.0252402</i>
                        <i>-0.0769066 0.930811 0.357318 0.602771 0.328876 -0.726986 -0.7942 0.159471 -0.586358 0.7107 2.70956 -0.0148488</i>
                        <i>-0.0559996 0.945836 0.31978 0.570778 0.293112 -0.767006 -0.819193 0.139571 -0.556276 0.689761 2.71723 -2.23705e-005</i>
                        <i>-0.0391901 0.965415 0.257755 0.486076 0.243795 -0.839222 -0.873037 0.0923992 -0.478819 0.65843 2.73577 0.0152342</i>
                        <i>-0.0360755 0.981855 0.186169 0.376761 0.185907 -0.907463 -0.925608 0.0374041 -0.376632 0.624022 2.75699 0.0283428</i>
                        <i>-0.0444537 0.990956 0.12661 0.280436 0.134017 -0.950471 -0.958843 -0.00674602 -0.283857 0.5955 2.77391 0.0373955</i>
                        <i>-0.0507459 0.993488 0.102011 0.239179 0.111259 -0.96458 -0.969648 -0.0245496 -0.243268 0.583533 2.78075 0.0407854</i>
                        <i>-0.0507459 0.993488 0.102011 0.239179 0.111259 -0.96458 -0.969648 -0.0245496 -0.243268 0.583533 2.78075 0.0407854</i>
                        <i>-0.0507459 0.993488 0.102011 0.239179 0.111259 -0.96458 -0.969648 -0.0245496 -0.243268 0.583533 2.78075 0.0407854</i>
                        <i>-0.0507459 0.993488 0.102011 0.239179 0.111259 -0.96458 -0.969648 -0.0245496 -0.243268 0.583533 2.78075 0.0407854</i>
                        <i>-0.0507459 0.993488 0.102011 0.239179 0.111259 -0.96458 -0.969648 -0.0245496 -0.243268 0.583533 2.78075 0.0407854</i>
                        <i>-0.0507459 0.993488 0.102011 0.239179 0.111259 -0.96458 -0.969648 -0.0245496 -0.243268 0.583533 2.78075 0.0407854</i>
                        <i>-0.0507459 0.993488 0.102011 0.239179 0.111259 -0.96458 -0.969648 -0.0245496 -0.243268 0.583533 2.78075 0.0407854</i>
                        <i>-0.0507459 0.993488 0.102011 0.239179 0.111259 -0.96458 -0.969648 -0.0245496 -0.243268 0.583533 2.78075 0.0407854</i>
                        <i>-0.0507459 0.993488 0.102011 0.239179 0.111259 -0.96458 -0.969648 -0.0245496 -0.243268 0.583533 2.78075 0.0407854</i>
                        <i>-0.0507459 0.993488 0.102011 0.239179 0.111259 -0.96458 -0.969648 -0.0245496 -0.243268 0.583533 2.78075 0.0407854</i>
                        <i>-0.0507459 0.993488 0.102011 0.239179 0.111259 -0.96458 -0.969648 -0.0245496 -0.243268 0.583533 2.78075 0.0407854</i>
                    </KeyFrames>
                </p>
            </i>
            <i>
                <p>
                    <Name><![CDATA[head_prop]]></Name>
                    <Exclude>0</Exclude>
                    <Additive>0</Additive>
                    <IKPriority>0</IKPriority>
                    <IKRotLimits>-1e+010 -1e+010 -1e+010 1e+010 1e+010 1e+010</IKRotLimits>
                    <IKRotLimitOrder>0</IKRotLimitOrder>
                    <KeyFrames count="40">
                        <i>0.969648 0.0245496 0.243268 -0.0507459 0.993488 0.102011 -0.239179 -0.111259 0.96458 0.566994 3.10454 0.0740316</i>
                        <i>0.917688 -0.0433937 0.394924 -0.00996705 0.99119 0.132071 -0.397175 -0.125136 0.909171 0.659561 2.98994 0.0647035</i>
                        <i>0.837419 -0.118121 0.533645 0.0321448 0.985321 0.167656 -0.545616 -0.123245 0.828924 0.752539 2.892 0.0556513</i>
                        <i>0.793285 -0.156356 0.588431 -0.00690325 0.964091 0.265482 -0.608811 -0.214665 0.76372 0.805279 2.8789 0.0668732</i>
                        <i>0.7942 -0.159471 0.586358 -0.214606 0.829158 0.516179 -0.568499 -0.535785 0.624294 0.747905 2.90437 0.153379</i>
                        <i>0.791635 -0.191074 0.580349 -0.299501 0.706547 0.641163 -0.532554 -0.681382 0.5021 0.711287 2.94273 0.175209</i>
                        <i>0.784581 -0.259741 0.562998 -0.363085 0.543575 0.756766 -0.502595 -0.798161 0.332171 0.685185 2.95272 0.203803</i>
                        <i>0.774671 -0.327136 0.541172 -0.387256 0.431128 0.814961 -0.499917 -0.840899 0.207297 0.679822 2.93154 0.228802</i>
                        <i>0.76505 -0.374905 0.523589 -0.369877 0.40975 0.833844 -0.527153 -0.831596 0.17481 0.694563 2.90084 0.24903</i>
                        <i>0.759948 -0.398845 0.513226 -0.3351 0.436161 0.835147 -0.556943 -0.806651 0.197807 0.711026 2.87041 0.256014</i>
                        <i>0.759662 -0.403785 0.509775 -0.292067 0.488545 0.822205 -0.581042 -0.773486 0.253197 0.726083 2.85053 0.253196</i>
                        <i>0.760539 -0.404142 0.508184 -0.249627 0.540521 0.803445 -0.599389 -0.737907 0.310202 0.739395 2.84055 0.247534</i>
                        <i>0.762395 -0.400305 0.508438 -0.222528 0.575607 0.786866 -0.607647 -0.713045 0.349761 0.745986 2.83059 0.241168</i>
                        <i>0.765013 -0.392637 0.510481 -0.221986 0.583311 0.781326 -0.604547 -0.711044 0.359081 0.743795 2.81248 0.238352</i>
                        <i>0.768152 -0.381476 0.514216 -0.236936 0.576748 0.781808 -0.594814 -0.722384 0.352645 0.734567 2.79333 0.237934</i>
                        <i>0.771574 -0.367134 0.519505 -0.252198 0.573194 0.779644 -0.584011 -0.732571 0.349671 0.721394 2.78163 0.237566</i>
                        <i>0.775063 -0.349742 0.526267 -0.253252 0.591103 0.765808 -0.578913 -0.726828 0.369569 0.710425 2.78597 0.233308</i>
                        <i>0.77851 -0.327369 0.535493 -0.241101 0.631745 0.736729 -0.579477 -0.702658 0.412891 0.7043 2.80706 0.222338</i>
                        <i>0.781813 -0.299624 0.546803 -0.22541 0.68184 0.695906 -0.581343 -0.667323 0.465533 0.699921 2.83855 0.205914</i>
                        <i>0.784894 -0.268706 0.558335 -0.203654 0.739149 0.642016 -0.585206 -0.617622 0.52543 0.697767 2.87684 0.184468</i>
                        <i>0.787715 -0.237072 0.568596 -0.176964 0.797005 0.577465 -0.590075 -0.555499 0.58586 0.697149 2.91695 0.159797</i>
                        <i>0.790212 -0.207439 0.576657 -0.149338 0.847423 0.509483 -0.594359 -0.488717 0.638665 0.696454 2.95368 0.135447</i>
                        <i>0.792262 -0.182689 0.582191 -0.122378 0.887167 0.444925 -0.597784 -0.423744 0.680512 0.694857 2.98359 0.114989</i>
                        <i>0.793672 -0.165743 0.585333 -0.0976941 0.914958 0.391546 -0.60045 -0.367943 0.709984 0.69153 3.00405 0.102368</i>
                        <i>0.7942 -0.159471 0.586358 -0.0769066 0.930811 0.357318 -0.602771 -0.328876 0.726986 0.685636 3.01292 0.101604</i>
                        <i>0.819193 -0.139571 0.556276 -0.0559996 0.945836 0.31978 -0.570778 -0.293112 0.767006 0.67151 3.02549 0.104197</i>
                        <i>0.873037 -0.0923992 0.478819 -0.0391901 0.965415 0.257755 -0.486076 -0.243795 0.839222 0.645657 3.0504 0.0992388</i>
                        <i>0.925608 -0.0374041 0.376632 -0.0360755 0.981855 0.186169 -0.376761 -0.185907 0.907463 0.612264 3.07699 0.089017</i>
                        <i>0.958843 0.00674602 0.283857 -0.0444537 0.990956 0.12661 -0.280436 -0.134017 0.950471 0.581012 3.09687 0.0786588</i>
                        <i>0.969648 0.0245496 0.243268 -0.0507459 0.993488 0.102011 -0.239179 -0.111259 0.96458 0.566994 3.10454 0.0740316</i>
                        <i>0.969648 0.0245496 0.243268 -0.0507459 0.993488 0.102011 -0.239179 -0.111259 0.96458 0.566994 3.10454 0.0740316</i>
                        <i>0.969648 0.0245496 0.243268 -0.0507459 0.993488 0.102011 -0.239179 -0.111259 0.96458 0.566994 3.10454 0.0740316</i>
                        <i>0.969648 0.0245496 0.243268 -0.0507459 0.993488 0.102011 -0.239179 -0.111259 0.96458 0.566994 3.10454 0.0740316</i>
                        <i>0.969648 0.0245496 0.243268 -0.0507459 0.993488 0.102011 -0.239179 -0.111259 0.96458 0.566994 3.10454 0.0740316</i>
                        <i>0.969648 0.0245496 0.243268 -0.0507459 0.993488 0.102011 -0.239179 -0.111259 0.96458 0.566994 3.10454 0.0740316</i>
                        <i>0.969648 0.0245496 0.243268 -0.0507459 0.993488 0.102011 -0.239179 -0.111259 0.96458 0.566994 3.10454 0.0740316</i>
                        <i>0.969648 0.0245496 0.243268 -0.0507459 0.993488 0.102011 -0.239179 -0.111259 0.96458 0.566994 3.10454 0.0740316</i>
                        <i>0.969648 0.0245496 0.243268 -0.0507459 0.993488 0.102011 -0.239179 -0.111259 0.96458 0.566994 3.10454 0.0740316</i>
                        <i>0.969648 0.0245496 0.243268 -0.0507459 0.993488 0.102011 -0.239179 -0.111259 0.96458 0.566994 3.10454 0.0740316</i>
                        <i>0.969648 0.0245496 0.243268 -0.0507459 0.993488 0.102011 -0.239179 -0.111259 0.96458 0.566994 3.10454 0.0740316</i>
                    </KeyFrames>
                </p>
            </i>
            <i>
                <p>
                    <Name><![CDATA[l_clav]]></Name>
                    <Exclude>0</Exclude>
                    <Additive>0</Additive>
                    <IKPriority>0</IKPriority>
                    <IKRotLimits>-1e+010 -1e+010 -1e+010 1e+010 1e+010 1e+010</IKRotLimits>
                    <IKRotLimitOrder>0</IKRotLimitOrder>
                    <KeyFrames count="40">
                        <i>0.878006 0.379573 0.291599 -0.425323 0.898142 0.111543 -0.219558 -0.221959 0.950015 0.695414 2.5936 0.0243627</i>
                        <i>0.839633 0.366499 0.400868 -0.432422 0.897653 0.0850332 -0.328676 -0.244741 0.912181 0.75851 2.47129 0.00186355</i>
                        <i>0.783492 0.355021 0.510001 -0.439275 0.896934 0.050466 -0.439521 -0.26357 0.858692 0.82089 2.3685 -0.0243907</i>
                        <i>0.72771 0.374015 0.574936 -0.470635 0.882057 0.0218858 -0.498941 -0.286511 0.817906 0.879465 2.36055 -0.0507253</i>
                        <i>0.700106 0.39698 0.593514 -0.500548 0.865633 0.0114527 -0.509219 -0.3051 0.804742 0.890998 2.43084 -0.0484949</i>
                        <i>0.695465 0.363671 0.619735 -0.503771 0.861777 0.0596251 -0.512389 -0.353672 0.782543 0.882971 2.51174 -0.0789033</i>
                        <i>0.686327 0.285883 0.668749 -0.506957 0.847358 0.158047 -0.521487 -0.447499 0.726495 0.878744 2.58198 -0.111244</i>
                        <i>0.680942 0.205392 0.702945 -0.499806 0.831908 0.241087 -0.535268 -0.515503 0.669137 0.880033 2.60487 -0.124456</i>
                        <i>0.67943 0.147719 0.718717 -0.486994 0.823458 0.291126 -0.548828 -0.54781 0.63142 0.886487 2.58587 -0.121733</i>
                        <i>0.674362 0.115473 0.729316 -0.486805 0.812181 0.321531 -0.555209 -0.571863 0.603917 0.891841 2.55088 -0.122111</i>
                        <i>0.66808 0.104815 0.73667 -0.496109 0.80061 0.336005 -0.554567 -0.589947 0.586871 0.895164 2.51696 -0.124118</i>
                        <i>0.662431 0.0998862 0.742434 -0.506226 0.790229 0.34536 -0.552196 -0.604616 0.574037 0.897073 2.49253 -0.125914</i>
                        <i>0.657611 0.100526 0.74662 -0.51656 0.781565 0.349746 -0.548374 -0.615671 0.565893 0.897263 2.47298 -0.128</i>
