<?xml version="1.0" encoding="ISO-8859-1" ?>
<Animl Version="1">
    <ModellingPackage><![CDATA[Maya.2010]]></ModellingPackage>
    <SrcFile><![CDATA[anims\turrets\antitank\blue\~src\at_bgm71tow\antitank_bgm71tow_reload_low_crewman_c.mb]]></SrcFile>
    <FramesPerSecond>30</FramesPerSecond>
    <TotalFrames>100</TotalFrames>
    <Skeleton>
        <RefFrame>
            <Name><![CDATA[soldier_ref_frame]]></Name>
            <Exclude>0</Exclude>
            <Additive>0</Additive>
            <IKPriority>0</IKPriority>
            <IKRotLimits>-1e+010 -1e+010 -1e+010 1e+010 1e+010 1e+010</IKRotLimits>
            <IKRotLimitOrder>0</IKRotLimitOrder>
            <KeyFrames count="100">
                <i>1 0 0 0 1 0 0 0 1 -0.99 0.87 -2.4</i>
                <i>1 0 0 0 1 0 0 0 1 -0.99 0.87 -2.4</i>
                <i>1 0 0 0 1 0 0 0 1 -0.99 0.87 -2.4</i>
                <i>1 0 0 0 1 0 0 0 1 -0.99 0.87 -2.4</i>
                <i>1 0 0 0 1 0 0 0 1 -0.99 0.87 -2.4</i>
                <i>1 0 0 0 1 0 0 0 1 -0.99 0.87 -2.4</i>
                <i>1 0 0 0 1 0 0 0 1 -0.99 0.87 -2.4</i>
                <i>1 0 0 0 1 0 0 0 1 -0.99 0.87 -2.4</i>
                <i>1 0 0 0 1 0 0 0 1 -0.99 0.87 -2.4</i>
                <i>1 0 0 0 1 0 0 0 1 -0.99 0.87 -2.4</i>
                <i>1 0 0 0 1 0 0 0 1 -0.99 0.87 -2.4</i>
                <i>1 0 0 0 1 0 0 0 1 -0.99 0.87 -2.4</i>
                <i>1 0 0 0 1 0 0 0 1 -0.99 0.87 -2.4</i>
                <i>1 0 0 0 1 0 0 0 1 -0.99 0.87 -2.4</i>
                <i>1 0 0 0 1 0 0 0 1 -0.99 0.87 -2.4</i>
                <i>1 0 0 0 1 0 0 0 1 -0.99 0.87 -2.4</i>
                <i>1 0 0 0 1 0 0 0 1 -0.99 0.87 -2.4</i>
                <i>1 0 0 0 1 0 0 0 1 -0.99 0.87 -2.4</i>
                <i>1 0 0 0 1 0 0 0 1 -0.99 0.87 -2.4</i>
                <i>1 0 0 0 1 0 0 0 1 -0.99 0.87 -2.4</i>
                <i>1 0 0 0 1 0 0 0 1 -0.99 0.87 -2.4</i>
                <i>1 0 0 0 1 0 0 0 1 -0.99 0.87 -2.4</i>
                <i>1 0 0 0 1 0 0 0 1 -0.99 0.87 -2.4</i>
                <i>1 0 0 0 1 0 0 0 1 -0.99 0.87 -2.4</i>
                <i>1 0 0 0 1 0 0 0 1 -0.99 0.87 -2.4</i>
                <i>1 0 0 0 1 0 0 0 1 -0.99 0.87 -2.4</i>
                <i>1 0 0 0 1 0 0 0 1 -0.99 0.87 -2.4</i>
                <i>1 0 0 0 1 0 0 0 1 -0.99 0.87 -2.4</i>
                <i>1 0 0 0 1 0 0 0 1 -0.99 0.87 -2.4</i>
                <i>1 0 0 0 1 0 0 0 1 -0.99 0.87 -2.4</i>
                <i>1 0 0 0 1 0 0 0 1 -0.99 0.87 -2.4</i>
                <i>1 0 0 0 1 0 0 0 1 -0.99 0.87 -2.4</i>
                <i>1 0 0 0 1 0 0 0 1 -0.99 0.87 -2.4</i>
                <i>1 0 0 0 1 0 0 0 1 -0.99 0.87 -2.4</i>
                <i>1 0 0 0 1 0 0 0 1 -0.99 0.87 -2.4</i>
                <i>1 0 0 0 1 0 0 0 1 -0.99 0.87 -2.4</i>
                <i>1 0 0 0 1 0 0 0 1 -0.99 0.87 -2.4</i>
                <i>1 0 0 0 1 0 0 0 1 -0.99 0.87 -2.4</i>
                <i>1 0 0 0 1 0 0 0 1 -0.99 0.87 -2.4</i>
                <i>1 0 0 0 1 0 0 0 1 -0.99 0.87 -2.4</i>
                <i>1 0 0 0 1 0 0 0 1 -0.99 0.87 -2.4</i>
                <i>1 0 0 0 1 0 0 0 1 -0.99 0.87 -2.4</i>
                <i>1 0 0 0 1 0 0 0 1 -0.99 0.87 -2.4</i>
                <i>1 0 0 0 1 0 0 0 1 -0.99 0.87 -2.4</i>
                <i>1 0 0 0 1 0 0 0 1 -0.99 0.87 -2.4</i>
                <i>1 0 0 0 1 0 0 0 1 -0.99 0.87 -2.4</i>
                <i>1 0 0 0 1 0 0 0 1 -0.99 0.87 -2.4</i>
                <i>1 0 0 0 1 0 0 0 1 -0.99 0.87 -2.4</i>
                <i>1 0 0 0 1 0 0 0 1 -0.99 0.87 -2.4</i>
                <i>1 0 0 0 1 0 0 0 1 -0.99 0.87 -2.4</i>
                <i>1 0 0 0 1 0 0 0 1 -0.99 0.87 -2.4</i>
                <i>1 0 0 0 1 0 0 0 1 -0.99 0.87 -2.4</i>
                <i>1 0 0 0 1 0 0 0 1 -0.99 0.87 -2.4</i>
                <i>1 0 0 0 1 0 0 0 1 -0.99 0.87 -2.4</i>
                <i>1 0 0 0 1 0 0 0 1 -0.99 0.87 -2.4</i>
                <i>1 0 0 0 1 0 0 0 1 -0.99 0.87 -2.4</i>
                <i>1 0 0 0 1 0 0 0 1 -0.99 0.87 -2.4</i>
                <i>1 0 0 0 1 0 0 0 1 -0.99 0.87 -2.4</i>
                <i>1 0 0 0 1 0 0 0 1 -0.99 0.87 -2.4</i>
                <i>1 0 0 0 1 0 0 0 1 -0.99 0.87 -2.4</i>
                <i>1 0 0 0 1 0 0 0 1 -0.99 0.87 -2.4</i>
                <i>1 0 0 0 1 0 0 0 1 -0.99 0.87 -2.4</i>
                <i>1 0 0 0 1 0 0 0 1 -0.99 0.87 -2.4</i>
                <i>1 0 0 0 1 0 0 0 1 -0.99 0.87 -2.4</i>
                <i>1 0 0 0 1 0 0 0 1 -0.99 0.87 -2.4</i>
                <i>1 0 0 0 1 0 0 0 1 -0.99 0.87 -2.4</i>
                <i>1 0 0 0 1 0 0 0 1 -0.99 0.87 -2.4</i>
                <i>1 0 0 0 1 0 0 0 1 -0.99 0.87 -2.4</i>
                <i>1 0 0 0 1 0 0 0 1 -0.99 0.87 -2.4</i>
                <i>1 0 0 0 1 0 0 0 1 -0.99 0.87 -2.4</i>
                <i>1 0 0 0 1 0 0 0 1 -0.99 0.87 -2.4</i>
                <i>1 0 0 0 1 0 0 0 1 -0.99 0.87 -2.4</i>
                <i>1 0 0 0 1 0 0 0 1 -0.99 0.87 -2.4</i>
                <i>1 0 0 0 1 0 0 0 1 -0.99 0.87 -2.4</i>
                <i>1 0 0 0 1 0 0 0 1 -0.99 0.87 -2.4</i>
                <i>1 0 0 0 1 0 0 0 1 -0.99 0.87 -2.4</i>
                <i>1 0 0 0 1 0 0 0 1 -0.99 0.87 -2.4</i>
                <i>1 0 0 0 1 0 0 0 1 -0.99 0.87 -2.4</i>
                <i>1 0 0 0 1 0 0 0 1 -0.99 0.87 -2.4</i>
                <i>1 0 0 0 1 0 0 0 1 -0.99 0.87 -2.4</i>
                <i>1 0 0 0 1 0 0 0 1 -0.99 0.87 -2.4</i>
                <i>1 0 0 0 1 0 0 0 1 -0.99 0.87 -2.4</i>
                <i>1 0 0 0 1 0 0 0 1 -0.99 0.87 -2.4</i>
                <i>1 0 0 0 1 0 0 0 1 -0.99 0.87 -2.4</i>
                <i>1 0 0 0 1 0 0 0 1 -0.99 0.87 -2.4</i>
                <i>1 0 0 0 1 0 0 0 1 -0.99 0.87 -2.4</i>
                <i>1 0 0 0 1 0 0 0 1 -0.99 0.87 -2.4</i>
                <i>1 0 0 0 1 0 0 0 1 -0.99 0.87 -2.4</i>
                <i>1 0 0 0 1 0 0 0 1 -0.99 0.87 -2.4</i>
                <i>1 0 0 0 1 0 0 0 1 -0.99 0.87 -2.4</i>
                <i>1 0 0 0 1 0 0 0 1 -0.99 0.87 -2.4</i>
                <i>1 0 0 0 1 0 0 0 1 -0.99 0.87 -2.4</i>
                <i>1 0 0 0 1 0 0 0 1 -0.99 0.87 -2.4</i>
                <i>1 0 0 0 1 0 0 0 1 -0.99 0.87 -2.4</i>
                <i>1 0 0 0 1 0 0 0 1 -0.99 0.87 -2.4</i>
                <i>1 0 0 0 1 0 0 0 1 -0.99 0.87 -2.4</i>
                <i>1 0 0 0 1 0 0 0 1 -0.99 0.87 -2.4</i>
                <i>1 0 0 0 1 0 0 0 1 -0.99 0.87 -2.4</i>
                <i>1 0 0 0 1 0 0 0 1 -0.99 0.87 -2.4</i>
                <i>1 0 0 0 1 0 0 0 1 -0.99 0.87 -2.4</i>
            </KeyFrames>
        </RefFrame>
        <Bones count="23">
            <i>
                <p>
                    <Name><![CDATA[pelvis]]></Name>
                    <Exclude>0</Exclude>
                    <Additive>0</Additive>
                    <IKPriority>0</IKPriority>
                    <IKRotLimits>-1e+010 -1e+010 -1e+010 1e+010 1e+010 1e+010</IKRotLimits>
                    <IKRotLimitOrder>2</IKRotLimitOrder>
                    <KeyFrames count="100">
                        <i>1 0 0 0 1 0 0 0 1 -0.927412 1.55846 -2.40694</i>
                        <i>1 0 0 0 1 0 0 0 1 -0.922665 1.59793 -2.36288</i>
                        <i>1 0 0 0 1 0 0 0 1 -0.917923 1.64016 -2.31552</i>
                        <i>1 0 0 0 1 0 0 0 1 -0.913186 1.6841 -2.2698</i>
                        <i>1 0 0 0 1 0 0 0 1 -0.90845 1.72874 -2.23068</i>
                        <i>1 0 0 0 1 0 0 0 1 -0.903713 1.77303 -2.20307</i>
                        <i>1 0 0 0 1 0 0 0 1 -0.898974 1.81594 -2.18739</i>
                        <i>1 0 0 0 1 0 0 0 1 -0.894228 1.85644 -2.17941</i>
                        <i>1 0 0 0 1 0 0 0 1 -0.889476 1.89351 -2.17715</i>
                        <i>1 0 0 0 1 0 0 0 1 -0.884713 1.92611 -2.17862</i>
                        <i>1 0 0 0 1 0 0 0 1 -0.879937 1.9532 -2.18181</i>
                        <i>1 0 0 0 1 0 0 0 1 -0.875148 1.97376 -2.18475</i>
                        <i>1 0 0 0 1 0 0 0 1 -0.872729 1.98291 -2.18842</i>
                        <i>1 0 0 0 1 0 0 0 1 -0.871855 1.97887 -2.19455</i>
                        <i>1 0 0 0 1 0 0 0 1 -0.867701 1.96528 -2.20225</i>
                        <i>1 0 0 0 1 0 0 0 1 -0.855443 1.94573 -2.21063</i>
                        <i>1 0 0 0 1 0 0 0 1 -0.827115 1.92386 -2.21879</i>
                        <i>1 0 0 0 1 0 0 0 1 -0.787517 1.90328 -2.22586</i>
                        <i>1 0 0 0 1 0 0 0 1 -0.750972 1.8876 -2.23092</i>
                        <i>1 0 0 0 1 0 0 0 1 -0.731804 1.88045 -2.2331</i>
                        <i>1 0 0 0 1 0 0 0 1 -0.728401 1.88014 -2.2327</i>
                        <i>1 0 0 0 1 0 0 0 1 -0.729028 1.88233 -2.23077</i>
                        <i>1 0 0 0 1 0 0 0 1 -0.732822 1.88664 -2.22759</i>
                        <i>1 0 0 0 1 0 0 0 1 -0.73892 1.89267 -2.22343</i>
                        <i>1 0 0 0 1 0 0 0 1 -0.746459 1.90004 -2.21855</i>
                        <i>1 0 0 0 1 0 0 0 1 -0.754576 1.90836 -2.21322</i>
                        <i>1 0 0 0 1 0 0 0 1 -0.762408 1.91725 -2.2077</i>
                        <i>1 0 0 0 1 0 0 0 1 -0.769092 1.92631 -2.20227</i>
                        <i>1 0 0 0 1 0 0 0 1 -0.773764 1.93516 -2.19718</i>
                        <i>1 0 0 0 1 0 0 0 1 -0.775561 1.94342 -2.19272</i>
                        <i>1 0 0 0 1 0 0 0 1 -0.770744 1.95386 -2.18871</i>
                        <i>1 0 0 0 1 0 0 0 1 -0.759315 1.96751 -2.18481</i>
                        <i>1 0 0 0 1 0 0 0 1 -0.746029 1.9814 -2.18096</i>
                        <i>1 0 0 0 1 0 0 0 1 -0.735638 1.99253 -2.17713</i>
                        <i>1 0 0 0 1 0 0 0 1 -0.732896 1.99792 -2.17325</i>
                        <i>1 0 0 0 1 0 0 0 1 -0.741439 1.99504 -2.16929</i>
                        <i>1 0 0 0 1 0 0 0 1 -0.758099 1.98589 -2.16521</i>
                        <i>1 0 0 0 1 0 0 0 1 -0.777421 1.97425 -2.16095</i>
                        <i>1 0 0 0 1 0 0 0 1 -0.793949 1.96392 -2.15647</i>
                        <i>1 0 0 0 1 0 0 0 1 -0.80223 1.9587 -2.15173</i>
                        <i>1 0 0 0 1 0 0 0 1 -0.804387 1.95792 -2.14636</i>
                        <i>1 0 0 0 1 0 0 0 1 -0.80619 1.95827 -2.14022</i>
                        <i>1 0 0 0 1 0 0 0 1 -0.807651 1.95954 -2.13356</i>
                        <i>1 0 0 0 1 0 0 0 1 -0.808781 1.96151 -2.12666</i>
                        <i>1 0 0 0 1 0 0 0 1 -0.809592 1.96399 -2.11978</i>
                        <i>1 0 0 0 1 0 0 0 1 -0.810095 1.96678 -2.11318</i>
                        <i>1 0 0 0 1 0 0 0 1 -0.810302 1.96967 -2.10713</i>
                        <i>1 0 0 0 1 0 0 0 1 -0.810225 1.97246 -2.10189</i>
                        <i>1 0 0 0 1 0 0 0 1 -0.809876 1.97493 -2.09773</i>
                        <i>1 0 0 0 1 0 0 0 1 -0.809265 1.9769 -2.09491</i>
                        <i>1 0 0 0 1 0 0 0 1 -0.808404 1.97865 -2.09366</i>
                        <i>1 0 0 0 1 0 0 0 1 -0.807306 1.98055 -2.09385</i>
                        <i>1 0 0 0 1 0 0 0 1 -0.805981 1.98252 -2.09517</i>
                        <i>1 0 0 0 1 0 0 0 1 -0.804442 1.98449 -2.09732</i>
                        <i>1 0 0 0 1 0 0 0 1 -0.802699 1.98636 -2.09998</i>
                        <i>1 0 0 0 1 0 0 0 1 -0.800765 1.98807 -2.10287</i>
                        <i>1 0 0 0 1 0 0 0 1 -0.798651 1.98952 -2.10566</i>
                        <i>1 0 0 0 1 0 0 0 1 -0.796368 1.99063 -2.10806</i>
                        <i>1 0 0 0 1 0 0 0 1 -0.793929 1.99133 -2.10975</i>
                        <i>1 0 0 0 1 0 0 0 1 -0.791345 1.99153 -2.11045</i>
                        <i>1 0 0 0 1 0 0 0 1 -0.78745 1.99315 -2.10881</i>
                        <i>1 0 0 0 1 0 0 0 1 -0.781387 1.99732 -2.1044</i>
                        <i>1 0 0 0 1 0 0 0 1 -0.77363 2.00283 -2.09828</i>
                        <i>1 0 0 0 1 0 0 0 1 -0.764652 2.00844 -2.09152</i>
                        <i>1 0 0 0 1 0 0 0 1 -0.754928 2.01292 -2.08518</i>
                        <i>1 0 0 0 1 0 0 0 1 -0.744932 2.01505 -2.08031</i>
                        <i>1 0 0 0 1 0 0 0 1 -0.735138 2.01359 -2.07797</i>
                        <i>1 0 0 0 1 0 0 0 1 -0.726018 2.00731 -2.07922</i>
                        <i>1 0 0 0 1 0 0 0 1 -0.718049 1.99499 -2.08512</i>
                        <i>1 0 0 0 1 0 0 0 1 -0.711702 1.9754 -2.09674</i>
                        <i>1 0 0 0 1 0 0 0 1 -0.707453 1.94534 -2.11743</i>
                        <i>1 0 0 0 1 0 0 0 1 -0.705775 1.90432 -2.14798</i>
                        <i>1 0 0 0 1 0 0 0 1 -0.707142 1.85515 -2.18554</i>
                        <i>1 0 0 0 1 0 0 0 1 -0.712028 1.80063 -2.22728</i>
                        <i>1 0 0 0 1 0 0 0 1 -0.732707 1.74359 -2.27037</i>
                        <i>1 0 0 0 1 0 0 0 1 -0.773915 1.68682 -2.31198</i>
                        <i>1 0 0 0 1 0 0 0 1 -0.824822 1.63314 -2.34928</i>
                        <i>1 0 0 0 1 0 0 0 1 -0.874595 1.58537 -2.37943</i>
                        <i>1 0 0 0 1 0 0 0 1 -0.912403 1.5463 -2.39959</i>
                        <i>1 0 0 0 1 0 0 0 1 -0.927412 1.51875 -2.40694</i>
                        <i>1 0 0 0 1 0 0 0 1 -0.927412 1.50262 -2.40694</i>
                        <i>1 0 0 0 1 0 0 0 1 -0.927412 1.49493 -2.40694</i>
                        <i>1 0 0 0 1 0 0 0 1 -0.927412 1.49418 -2.40694</i>
                        <i>1 0 0 0 1 0 0 0 1 -0.927412 1.4989 -2.40694</i>
                        <i>1 0 0 0 1 0 0 0 1 -0.927412 1.50758 -2.40694</i>
                        <i>1 0 0 0 1 0 0 0 1 -0.927412 1.51875 -2.40694</i>
                        <i>1 0 0 0 1 0 0 0 1 -0.927412 1.53091 -2.40694</i>
                        <i>1 0 0 0 1 0 0 0 1 -0.927412 1.54258 -2.40694</i>
                        <i>1 0 0 0 1 0 0 0 1 -0.927412 1.55226 -2.40694</i>
                        <i>1 0 0 0 1 0 0 0 1 -0.927412 1.55846 -2.40694</i>
                        <i>1 0 0 0 1 0 0 0 1 -0.927412 1.55846 -2.40694</i>
                        <i>1 0 0 0 1 0 0 0 1 -0.927412 1.55846 -2.40694</i>
                        <i>1 0 0 0 1 0 0 0 1 -0.927412 1.55846 -2.40694</i>
                        <i>1 0 0 0 1 0 0 0 1 -0.927412 1.55846 -2.40694</i>
                        <i>1 0 0 0 1 0 0 0 1 -0.927412 1.55846 -2.40694</i>
                        <i>1 0 0 0 1 0 0 0 1 -0.927412 1.55846 -2.40694</i>
                        <i>1 0 0 0 1 0 0 0 1 -0.927412 1.55846 -2.40694</i>
                        <i>1 0 0 0 1 0 0 0 1 -0.927412 1.55846 -2.40694</i>
                        <i>1 0 0 0 1 0 0 0 1 -0.927412 1.55846 -2.40694</i>
                        <i>1 0 0 0 1 0 0 0 1 -0.927412 1.55846 -2.40694</i>
                    </KeyFrames>
                </p>
            </i>
            <i>
                <p>
                    <Name><![CDATA[spine0]]></Name>
                    <Exclude>0</Exclude>
                    <Additive>0</Additive>
                    <IKPriority>0</IKPriority>
                    <IKRotLimits>-1e+010 -1e+010 -1e+010 1e+010 1e+010 1e+010</IKRotLimits>
                    <IKRotLimitOrder>0</IKRotLimitOrder>
                    <KeyFrames count="100">
                        <i>-0.0908398 0.9236 0.37244 -0.995574 -0.093274 -0.0115184 0.0241006 -0.371838 0.927985 -0.948705 1.69595 -2.44352</i>
                        <i>-0.0893696 0.945598 0.312823 -0.995957 -0.0877065 -0.0194144 0.00907841 -0.313293 0.949613 -0.942786 1.73455 -2.4032</i>
                        <i>-0.0828435 0.965107 0.248405 -0.996524 -0.0780346 -0.0291613 -0.00875962 -0.249958 0.968217 -0.936294 1.77587 -2.35957</i>
                        <i>-0.0697128 0.980074 0.186 -0.997176 -0.0632447 -0.0404919 -0.0279216 -0.188297 0.981715 -0.929194 1.81909 -2.31692</i>
                        <i>-0.0505717 0.989881 0.132583 -0.997623 -0.0438484 -0.0531504 -0.046799 -0.134956 0.989746 -0.921643 1.86338 -2.27959</i>
                        <i>-0.0281491 0.995112 0.0946528 -0.997543 -0.0218884 -0.0665431 -0.0641461 -0.0962934 0.993284 -0.913996 1.90794 -2.25195</i>
                        <i>-0.0056186 0.997303 0.0731856 -0.996833 0.000220169 -0.079529 -0.0793306 -0.0734006 0.994142 -0.906608 1.95165 -2.23451</i>
                        <i>0.0152651 0.997898 0.062979 -0.995644 0.0209643 -0.0908499 -0.0919793 -0.0613178 0.993871 -0.899623 1.99315 -2.22389</i>
                        <i>0.0330185 0.997632 0.0603281 -0.994273 0.0389258 -0.0995247 -0.101637 -0.0566965 0.993205 -0.893147 2.03119 -2.21872</i>
                        <i>0.0468109 0.997014 0.0614169 -0.993073 0.0530833 -0.104829 -0.107776 -0.0560843 0.992592 -0.887197 2.06455 -2.21763</i>
                        <i>0.0559221 0.996416 0.063469 -0.992373 0.0624643 -0.106269 -0.109853 -0.0570422 0.99231 -0.881734 2.09209 -2.21926</i>
                        <i>0.0600667 0.996194 0.0631634 -0.992418 0.0663968 -0.103426 -0.107227 -0.056472 0.99263 -0.87672 2.11265 -2.22221</i>
                        <i>0.0461965 0.997473 0.0539723 -0.98163 0.0553427 -0.182593 -0.185119 -0.0445457 0.981706 -0.873052 2.12135 -2.22755</i>
                        <i>0.015216 0.999155 0.0381706 -0.950163 0.0263372 -0.310639 -0.311382 -0.0315416 0.949761 -0.87123 2.11714 -2.2343</i>
                        <i>-0.0124755 0.999588 0.0258479 -0.947785 -0.003583 -0.318889 -0.318665 -0.0284765 0.94744 -0.870423 2.10355 -2.24188</i>
                        <i>-0.036805 0.999165 0.0177519 -0.984176 -0.0331603 -0.174063 -0.173329 -0.0238774 0.984574 -0.866557 2.0834 -2.25088</i>
                        <i>-0.0677517 0.997669 0.00808151 -0.997351 -0.0679406 0.0259879 0.0264764 -0.00629938 0.99963 -0.848746 2.06041 -2.25857</i>
                        <i>-0.101462 0.994839 -0.000188002 -0.966298 -0.0985064 0.237833 0.236587 0.0243127 0.971306 -0.819662 2.03841 -2.26329</i>
                        <i>-0.132892 0.991127 -0.00247973 -0.901492 -0.119833 0.415876 0.411889 0.0575022 0.909418 -0.791579 2.02142 -2.2647</i>
                        <i>-0.155857 0.987778 0.00150939 -0.840121 -0.133363 0.525748 0.519524 0.0806737 0.850639 -0.777452 2.01344 -2.26353</i>
                        <i>-0.168393 0.98571 0.00446534 -0.799634 -0.139251 0.584119 0.576394 0.0947908 0.811656 -0.776104 2.0128 -2.26138</i>
                        <i>-0.171562 0.985173 -0.00075998 -0.76892 -0.133421 0.625269 0.615897 0.107857 0.780409 -0.777181 2.0149 -2.2591</i>
                        <i>-0.169061 0.98554 -0.0113925 -0.749458 -0.121039 0.650893 0.640102 0.118579 0.759084 -0.780331 2.01929 -2.25661</i>
                        <i>-0.165507 0.985967 -0.0218152 -0.741442 -0.109814 0.661971 0.650286 0.125736 0.749212 -0.785114 2.02549 -2.25375</i>
                        <i>-0.161194 0.986492 -0.0291564 -0.744978 -0.102247 0.659206 0.647321 0.127981 0.751397 -0.791069 2.03305 -2.25038</i>
                        <i>-0.157728 0.987066 -0.0286793 -0.75928 -0.102658 0.642616 0.63136 0.123134 0.765652 -0.797758 2.04152 -2.24636</i>
                        <i>-0.154893 0.98771 -0.02092 -0.793869 -0.111835 0.597716 0.588031 0.10919 0.801435 -0.802209 2.05088 -2.24311</i>
                        <i>-0.151436 0.988404 -0.0111335 -0.842566 -0.123186 0.524316 0.516865 0.0887812 0.851451 -0.802736 2.06073 -2.24095</i>
                        <i>-0.14789 0.988996 -0.00383932 -0.884728 -0.130562 0.447448 0.442024 0.0695701 0.894301 -0.801092 2.07021 -2.23857</i>
                        <i>-0.143904 0.989586 -0.00340014 -0.908216 -0.130705 0.397568 0.392983 0.0602996 0.917566 -0.799317 2.07875 -2.23537</i>
                        <i>-0.136949 0.990533 -0.00948556 -0.922317 -0.124013 0.365994 0.361353 0.0588712 0.930569 -0.792898 2.0893 -2.23184</i>
                        <i>-0.125407 0.99194 -0.0181225 -0.939254 -0.112824 0.324151 0.319493 0.0576723 0.945832 -0.779181 2.10312 -2.22853</i>
                        <i>-0.109677 0.993569 -0.0281228 -0.956523 -0.0978105 0.274765 0.270248 0.0570356 0.9611 -0.763097 2.11719 -2.2253</i>
                        <i>-0.0904065 0.995168 -0.0383109 -0.972042 -0.0798043 0.220831 0.216707 0.0572044 0.974559 -0.749589 2.12848 -2.22204</i>
                        <i>-0.0686625 0.996504 -0.0476039 -0.984369 -0.0599149 0.165614 0.162183 0.0582313 0.985041 -0.743611 2.13401 -2.21864</i>
                        <i>-0.0460081 0.997417 -0.0551667 -0.992854 -0.0395709 0.112581 0.110107 0.0599522 0.99211 -0.749012 2.13123 -2.21504</i>
                        <i>-0.024446 0.997864 -0.0605748 -0.997656 -0.0204774 0.0652926 0.0639128 0.0620289 0.996026 -0.762842 2.12212 -2.21118</i>
                        <i>-0.00624573 0.997938 -0.0638846 -0.999617 -0.00450932 0.0272886 0.0269442 0.0640306 0.997584 -0.779868 2.1105 -2.20705</i>
                        <i>0.00626973 0.997831 -0.0655291 -0.999977 0.00641606 0.00202285 0.0024389 0.0655149 0.997849 -0.794858 2.10017 -2.20263</i>
                        <i>0.010896 0.997759 -0.0660128 -0.99992 0.0104473 -0.00713869 -0.00643304 0.0660853 0.997793 -0.802578 2.09495 -2.19791</i>
                        <i>0.010896 0.997759 -0.0660128 -0.99992 0.0104473 -0.00713869 -0.00643304 0.0660853 0.997793 -0.804735 2.09417 -2.19254</i>
                        <i>0.010896 0.997759 -0.0660128 -0.99992 0.0104473 -0.00713869 -0.00643304 0.0660853 0.997793 -0.806538 2.09452 -2.1864</i>
                        <i>0.010896 0.997759 -0.0660128 -0.99992 0.0104473 -0.00713869 -0.00643304 0.0660853 0.997793 -0.807999 2.09578 -2.17974</i>
                        <i>0.010896 0.997759 -0.0660128 -0.99992 0.0104473 -0.00713869 -0.00643304 0.0660853 0.997793 -0.809129 2.09776 -2.17284</i>
                        <i>0.010896 0.997759 -0.0660128 -0.99992 0.0104473 -0.00713869 -0.00643304 0.0660853 0.997793 -0.80994 2.10024 -2.16596</i>
                        <i>0.010896 0.997759 -0.0660128 -0.99992 0.0104473 -0.00713869 -0.00643304 0.0660853 0.997793 -0.810443 2.10303 -2.15936</i>
                        <i>0.010896 0.997759 -0.0660128 -0.99992 0.0104473 -0.00713869 -0.00643304 0.0660853 0.997793 -0.81065 2.10592 -2.15331</i>
                        <i>0.010896 0.997759 -0.0660128 -0.99992 0.0104473 -0.00713869 -0.00643304 0.0660853 0.997793 -0.810574 2.1087 -2.14807</i>
                        <i>0.010896 0.997759 -0.0660128 -0.99992 0.0104473 -0.00713869 -0.00643304 0.0660853 0.997793 -0.810224 2.11118 -2.14391</i>
                        <i>0.010896 0.997759 -0.0660128 -0.99992 0.0104473 -0.00713869 -0.00643304 0.0660853 0.997793 -0.809613 2.11315 -2.14108</i>
                        <i>0.010896 0.997759 -0.0660128 -0.99992 0.0104473 -0.00713869 -0.00643304 0.0660853 0.997793 -0.808752 2.11489 -2.13984</i>
                        <i>0.010896 0.997759 -0.0660128 -0.99992 0.0104473 -0.00713869 -0.00643304 0.0660853 0.997793 -0.807654 2.1168 -2.14003</i>
                        <i>0.010896 0.997759 -0.0660128 -0.99992 0.0104473 -0.00713869 -0.00643304 0.0660853 0.997793 -0.806329 2.11877 -2.14135</i>
                        <i>0.010896 0.997759 -0.0660128 -0.99992 0.0104473 -0.00713869 -0.00643304 0.0660853 0.997793 -0.80479 2.12073 -2.1435</i>
                        <i>0.010896 0.997759 -0.0660128 -0.99992 0.0104473 -0.00713869 -0.00643304 0.0660853 0.997793 -0.803047 2.12261 -2.14616</i>
                        <i>0.010896 0.997759 -0.0660128 -0.99992 0.0104473 -0.00713869 -0.00643304 0.0660853 0.997793 -0.801113 2.12431 -2.14904</i>
                        <i>0.010896 0.997759 -0.0660128 -0.99992 0.0104473 -0.00713869 -0.00643304 0.0660853 0.997793 -0.798999 2.12577 -2.15184</i>
                        <i>0.010896 0.997759 -0.0660128 -0.99992 0.0104473 -0.00713869 -0.00643304 0.0660853 0.997793 -0.796717 2.12688 -2.15423</i>
                        <i>0.010896 0.997759 -0.0660128 -0.99992 0.0104473 -0.00713869 -0.00643304 0.0660853 0.997793 -0.794277 2.12758 -2.15593</i>
                        <i>0.010896 0.997759 -0.0660128 -0.99992 0.0104473 -0.00713869 -0.00643304 0.0660853 0.997793 -0.791693 2.12778 -2.15663</i>
                        <i>0.0107821 0.997795 -0.0654944 -0.999922 0.0103493 -0.00694386 -0.00625072 0.0655642 0.997829 -0.787821 2.12942 -2.15491</i>
                        <i>0.0104532 0.997902 -0.0638933 -0.999929 0.0100658 -0.00638189 -0.00572536 0.0639555 0.997936 -0.781823 2.13367 -2.15029</i>
                        <i>0.00993042 0.99808 -0.0611401 -0.999939 0.00961281 -0.00548666 -0.0048884 0.0611908 0.998114 -0.774169 2.1393 -2.14379</i>
                        <i>0.00923658 0.998322 -0.0571649 -0.99995 0.00900587 -0.00429218 -0.00377015 0.0572017 0.998356 -0.76533 2.14509 -2.13649</i>
                        <i>0.00839642 0.998617 -0.0518979 -0.999962 0.00826052 -0.00283257 -0.00239994 0.0519197 0.998648 -0.755774 2.14981 -2.12942</i>
                        <i>0.00743613 0.998947 -0.0452689 -0.999972 0.007392 -0.00114212 -0.000806291 0.0452762 0.998974 -0.74597 2.15223 -2.12363</i>
                        <i>0.00638317 0.999287 -0.0372077 -0.999979 0.00641532 0.000744674 0.000982842 0.0372021 0.999307 -0.736388 2.15111 -2.12018</i>
                        <i>0.00526594 0.999604 -0.027644 -0.999982 0.00534518 0.00279311 0.00293977 0.0276288 0.999614 -0.727497 2.14523 -2.12011</i>
                        <i>0.00411344 0.999855 -0.0165082 -0.999979 0.00419598 0.00496823 0.00503678 0.0164874 0.999851 -0.719765 2.13336 -2.12447</i>
                        <i>0.00295483 0.999989 -0.00373142 -0.999969 0.00298177 0.00723476 0.0072458 0.00370993 0.999967 -0.713661 2.11425 -2.13431</i>
                        <i>-0.00188748 0.999743 0.0226002 -0.999952 -0.00210386 0.00955394 0.00959903 -0.0225811 0.999699 -0.710195 2.08436 -2.15435</i>
                        <i>-0.0122311 0.997772 0.065581 -0.999847 -0.0130264 0.0117126 0.0125407 -0.0654277 0.997779 -0.710218 2.04291 -2.18631</i>
                        <i>-0.025311 0.993454 0.111392 -0.999547 -0.0269654 0.0133706 0.0162868 -0.111003 0.993687 -0.713943 1.99281 -2.22675</i>
                        <i>-0.0391063 0.988557 0.145687 -0.999035 -0.0415949 0.0140734 0.0199722 -0.144997 0.989231 -0.721569 1.93695 -2.27225</i>
                        <i>-0.052964 0.982225 0.180082 -0.998332 -0.0562332 0.0130941 0.0229879 -0.179088 0.983564 -0.745138 1.87895 -2.31748</i>
                        <i>-0.0661458 0.971075 0.229428 -0.997488 -0.0701945 0.00952159 0.0253508 -0.228222 0.973279 -0.789147 1.82217 -2.3583</i>
                        <i>-0.0773597 0.955717 0.283938 -0.996649 -0.0817237 0.00353682 0.0265847 -0.282713 0.958836 -0.842511 1.76904 -2.39303</i>
                        <i>-0.0855388 0.93896 0.333222 -0.99598 -0.0895074 -0.00345446 0.0265822 -0.332178 0.942842 -0.894202 1.722 -2.41995</i>
                        <i>-0.0900868 0.926061 0.366463 -0.995605 -0.0931945 -0.00924258 0.0255931 -0.365685 0.930387 -0.933251 1.68354 -2.43734</i>
                        <i>-0.0908398 0.9236 0.37244 -0.995574 -0.093274 -0.0115184 0.0241006 -0.371838 0.927985 -0.948705 1.65625 -2.44352</i>
                        <i>-0.0905036 0.925448 0.367907 -0.995618 -0.0928025 -0.0114788 0.0235196 -0.367334 0.929792 -0.948705 1.64012 -2.44352</i>
                        <i>-0.09131 0.923338 0.372974 -0.995526 -0.0937789 -0.0115607 0.0243027 -0.372361 0.92777 -0.948705 1.63242 -2.44352</i>
                        <i>-0.0924345 0.919794 0.381359 -0.995391 -0.0951894 -0.0116789 0.0255591 -0.38068 0.924353 -0.948705 1.63168 -2.44352</i>
                        <i>-0.0930058 0.917839 0.385903 -0.99532 -0.0959209 -0.0117402 0.0262406 -0.385189 0.922464 -0.948705 1.63639 -2.44352</i>
                        <i>-0.0929097 0.918176 0.385125 -0.995332 -0.095797 -0.0117298 0.0261238 -0.384417 0.92279 -0.948705 1.64508 -2.44352</i>
                        <i>-0.0926483 0.919039 0.383124 -0.995364 -0.0954644 -0.0117019 0.0258202 -0.382432 0.923623 -0.948705 1.65625 -2.44352</i>
                        <i>-0.09226 0.920201 0.380418 -0.995411 -0.0949797 -0.0116613 0.0254012 -0.379748 0.924741 -0.948705 1.66841 -2.44352</i>
                        <i>-0.0917893 0.921456 0.377484 -0.995466 -0.0944043 -0.0116131 0.0249352 -0.376839 0.925943 -0.948705 1.68007 -2.44352</i>
                        <i>-0.0912927 0.922632 0.37472 -0.995523 -0.0938088 -0.0115632 0.0244835 -0.374098 0.927066 -0.948705 1.68975 -2.44352</i>
                        <i>-0.0908398 0.9236 0.37244 -0.995574 -0.093274 -0.0115184 0.0241006 -0.371838 0.927985 -0.948705 1.69595 -2.44352</i>
                        <i>-0.0908398 0.9236 0.37244 -0.995574 -0.093274 -0.0115184 0.0241006 -0.371838 0.927985 -0.948705 1.69595 -2.44352</i>
                        <i>-0.0908398 0.9236 0.37244 -0.995574 -0.093274 -0.0115184 0.0241006 -0.371838 0.927985 -0.948705 1.69595 -2.44352</i>
                        <i>-0.0908398 0.9236 0.37244 -0.995574 -0.093274 -0.0115184 0.0241006 -0.371838 0.927985 -0.948705 1.69595 -2.44352</i>
                        <i>-0.0908398 0.9236 0.37244 -0.995574 -0.093274 -0.0115184 0.0241006 -0.371838 0.927985 -0.948705 1.69595 -2.44352</i>
                        <i>-0.0908398 0.9236 0.37244 -0.995574 -0.093274 -0.0115184 0.0241006 -0.371838 0.927985 -0.948705 1.69595 -2.44352</i>
                        <i>-0.0908398 0.9236 0.37244 -0.995574 -0.093274 -0.0115184 0.0241006 -0.371838 0.927985 -0.948705 1.69595 -2.44352</i>
                        <i>-0.0908398 0.9236 0.37244 -0.995574 -0.093274 -0.0115184 0.0241006 -0.371838 0.927985 -0.948705 1.69595 -2.44352</i>
                        <i>-0.0908398 0.9236 0.37244 -0.995574 -0.093274 -0.0115184 0.0241006 -0.371838 0.927985 -0.948705 1.69595 -2.44352</i>
                        <i>-0.0908398 0.9236 0.37244 -0.995574 -0.093274 -0.0115184 0.0241006 -0.371838 0.927985 -0.948705 1.69595 -2.44352</i>
                        <i>-0.0908398 0.9236 0.37244 -0.995574 -0.093274 -0.0115184 0.0241006 -0.371838 0.927985 -0.948705 1.69595 -2.44352</i>
                    </KeyFrames>
                </p>
            </i>
            <i>
                <p>
                    <Name><![CDATA[spine1]]></Name>
                    <Exclude>0</Exclude>
                    <Additive>0</Additive>
                    <IKPriority>0</IKPriority>
                    <IKRotLimits>-1e+010 -1e+010 -1e+010 1e+010 1e+010 1e+010</IKRotLimits>
                    <IKRotLimitOrder>0</IKRotLimitOrder>
                    <KeyFrames count="100">
                        <i>0.092588 0.586099 0.804932 -0.994923 0.0864789 0.0514737 -0.039441 -0.805611 0.59113 -0.966649 1.87842 -2.37011</i>
                        <i>0.0775314 0.65507 0.751579 -0.996066 0.083336 0.0301173 -0.0429047 -0.750958 0.658955 -0.960114 1.91793 -2.34268</i>
                        <i>0.0642497 0.726405 0.684257 -0.996526 0.083112 0.00533941 -0.0529914 -0.682223 0.729221 -0.952024 1.95916 -2.31251</i>
                        <i>0.0564652 0.792879 0.606758 -0.995957 0.0872573 -0.0213388 -0.0698631 -0.6031 0.7946 -0.942141 2.00115 -2.28246</i>
                        <i>0.0559528 0.848864 0.525641 -0.994212 0.0957332 -0.0487699 -0.0917204 -0.51987 0.849307 -0.930829 2.04324 -2.25556</i>
                        <i>0.0618456 0.891087 0.449599 -0.991369 0.107014 -0.0757273 -0.115593 -0.441035 0.890015 -0.919002 2.08498 -2.23515</i>
                        <i>0.071757 0.920507 0.384081 -0.987713 0.119177 -0.101092 -0.138829 -0.372108 0.917748 -0.907587 2.12575 -2.22175</i>
                        <i>0.0836818 0.940544 0.329201 -0.98361 0.130911 -0.123988 -0.159712 -0.31343 0.936084 -0.897001 2.16457 -2.21307</i>
                        <i>0.0952515 0.953431 0.286174 -0.979627 0.140838 -0.14316 -0.176797 -0.266708 0.947423 -0.887549 2.20036 -2.20848</i>
                        <i>0.104412 0.961087 0.255752 -0.976412 0.14793 -0.157279 -0.188993 -0.233297 0.953863 -0.879339 2.23198 -2.2073</i>
                        <i>0.107904 0.96431 0.241791 -0.974189 0.151067 -0.167733 -0.198273 -0.217451 0.955721 -0.872413 2.25823 -2.20864</i>
                        <i>0.104295 0.96391 0.24495 -0.973417 0.149434 -0.173578 -0.203917 -0.220335 0.953871 -0.866754 2.27799 -2.21169</i>
                        <i>0.094621 0.961613 0.257581 -0.96732 0.149952 -0.204467 -0.235243 -0.229816 0.944375 -0.865405 2.28661 -2.21857</i>
                        <i>0.0849804 0.961705 0.26058 -0.959535 0.149454 -0.238656 -0.268462 -0.229755 0.93549 -0.868726 2.28232 -2.22795</i>
                        <i>0.0829022 0.965341 0.247475 -0.971165 0.13396 -0.197215 -0.223531 -0.22399 0.948611 -0.872492 2.26836 -2.23758</i>
                        <i>0.0869102 0.971215 0.221786 -0.993556 0.10076 -0.0518955 -0.0727489 -0.215847 0.973713 -0.872632 2.24814 -2.24792</i>
                        <i>0.0904153 0.981724 0.167463 -0.985854 0.0643996 0.154743 0.14113 -0.179085 0.973659 -0.859962 2.22558 -2.2572</i>
                        <i>0.0801958 0.992849 0.088429 -0.925021 0.0410779 0.377689 0.371356 -0.112088 0.9217 -0.836586 2.20442 -2.2633</i>
                        <i>0.0525491 0.99854 0.0124792 -0.824865 0.0363587 0.564159 0.562882 -0.0399397 0.825572 -0.813946 2.1883 -2.2651</i>
                        <i>0.024124 0.999035 -0.0366935 -0.73244 0.0426435 0.679495 0.680404 0.0104837 0.732762 -0.803897 2.18107 -2.26326</i>
                        <i>0.00216617 0.99803 -0.0626993 -0.672911 0.0478349 0.738175 0.73972 0.040592 0.671689 -0.804838 2.18101 -2.26062</i>
                        <i>-0.0183503 0.996423 -0.0824905 -0.639488 0.0517253 0.767059 0.768582 0.0668274 0.636252 -0.806537 2.18349 -2.25923</i>
                        <i>-0.0350554 0.994706 -0.0965967 -0.62597 0.0534928 0.778011 0.779059 0.0877401 0.62078 -0.809276 2.18804 -2.25856</i>
                        <i>-0.0472582 0.99348 -0.103755 -0.62196 0.0520124 0.781319 0.781621 0.101455 0.615447 -0.813448 2.19429 -2.25749</i>
                        <i>-0.0521063 0.993223 -0.103893 -0.629896 0.0480407 0.775192 0.77493 0.105834 0.623124 -0.818651 2.20186 -2.25537</i>
                        <i>-0.0458121 0.994721 -0.0918225 -0.649447 0.0401845 0.759345 0.759026 0.094421 0.644177 -0.824729 2.21033 -2.25127</i>
                        <i>-0.0411973 0.997188 -0.0626082 -0.683991 0.0175295 0.72928 0.728326 0.0728678 0.681345 -0.82864 2.21944 -2.24667</i>
                        <i>-0.0482024 0.998554 -0.0237928 -0.729224 -0.0189031 0.684014 0.682575 0.0503214 0.729081 -0.828481 2.22879 -2.24283</i>
                        <i>-0.0591746 0.998208 0.00895185 -0.770899 -0.0513932 0.63488 0.634203 0.0306678 0.772558 -0.82615 2.23782 -2.23921</i>
                        <i>-0.0640133 0.997706 0.0220265 -0.798017 -0.0644294 0.599181 0.599225 0.020778 0.800311 -0.823651 2.24613 -2.23593</i>
                        <i>-0.0599366 0.997995 0.0203365 -0.822662 -0.0609251 0.565257 0.565363 0.0171495 0.824664 -0.816027 2.25663 -2.23343</i>
                        <i>-0.0521258 0.99849 0.017325 -0.858184 -0.0536595 0.510531 0.51069 0.0117438 0.859685 -0.800327 2.27043 -2.23157</i>
                        <i>-0.0412071 0.999057 0.0136935 -0.897789 -0.043038 0.438319 0.438495 0.00576797 0.898715 -0.781561 2.2845 -2.23002</i>
                        <i>-0.0279136 0.999559 0.0100879 -0.935133 -0.0296775 0.353052 0.353196 0.000421377 0.935549 -0.764787 2.29583 -2.22846</i>
                        <i>-0.0131615 0.999889 0.00703249 -0.965323 -0.0145397 0.260651 0.260725 -0.00335807 0.965407 -0.755141 2.3014 -2.22662</i>
                        <i>0.00193166 0.999986 0.00485515 -0.985733 0.00108693 0.168313 0.168305 -0.005111 0.985722 -0.756732 2.29864 -2.22427</i>
                        <i>0.0160818 0.999864 0.00363341 -0.996354 0.0157206 0.0838566 0.0837881 -0.00496872 0.996471 -0.766942 2.28955 -2.22132</i>
                        <i>0.0279066 0.999605 0.00319358 -0.9995 0.0278558 0.0149881 0.0148932 -0.00361025 0.999883 -0.780915 2.27794 -2.21775</i>
                        <i>0.0359993 0.999347 0.0031854 -0.998863 0.0360812 -0.0311551 -0.0312497 -0.00206021 0.99951 -0.793806 2.2676 -2.21361</i>
                        <i>0.0389891 0.999234 0.00323888 -0.998083 0.0390997 -0.0479685 -0.0480584 -0.00136242 0.998844 -0.800749 2.26238 -2.20896</i>
                        <i>0.0389891 0.999234 0.00323888 -0.998083 0.0390997 -0.0479685 -0.0480584 -0.00136242 0.998844 -0.802907 2.2616 -2.20359</i>
                        <i>0.0389891 0.999234 0.00323888 -0.998083 0.0390997 -0.0479685 -0.0480584 -0.00136242 0.998844 -0.80471 2.26195 -2.19745</i>
                        <i>0.0389891 0.999234 0.00323888 -0.998083 0.0390997 -0.0479685 -0.0480584 -0.00136242 0.998844 -0.806171 2.26321 -2.1908</i>
                        <i>0.0389891 0.999234 0.00323888 -0.998083 0.0390997 -0.0479685 -0.0480584 -0.00136242 0.998844 -0.807301 2.26519 -2.1839</i>
                        <i>0.0389891 0.999234 0.00323888 -0.998083 0.0390997 -0.0479685 -0.0480584 -0.00136242 0.998844 -0.808112 2.26767 -2.17702</i>
                        <i>0.0389891 0.999234 0.00323888 -0.998083 0.0390997 -0.0479685 -0.0480584 -0.00136242 0.998844 -0.808615 2.27046 -2.17042</i>
                        <i>0.0389891 0.999234 0.00323888 -0.998083 0.0390997 -0.0479685 -0.0480584 -0.00136242 0.998844 -0.808822 2.27335 -2.16437</i>
                        <i>0.0389891 0.999234 0.00323888 -0.998083 0.0390997 -0.0479685 -0.0480584 -0.00136242 0.998844 -0.808745 2.27614 -2.15913</i>
                        <i>0.0389891 0.999234 0.00323888 -0.998083 0.0390997 -0.0479685 -0.0480584 -0.00136242 0.998844 -0.808396 2.27861 -2.15496</i>
                        <i>0.0389891 0.999234 0.00323888 -0.998083 0.0390997 -0.0479685 -0.0480584 -0.00136242 0.998844 -0.807785 2.28058 -2.15214</i>
                        <i>0.0389891 0.999234 0.00323888 -0.998083 0.0390997 -0.0479685 -0.0480584 -0.00136242 0.998844 -0.806924 2.28232 -2.15089</i>
                        <i>0.0389891 0.999234 0.00323888 -0.998083 0.0390997 -0.0479685 -0.0480584 -0.00136242 0.998844 -0.805826 2.28423 -2.15108</i>
                        <i>0.0389891 0.999234 0.00323888 -0.998083 0.0390997 -0.0479685 -0.0480584 -0.00136242 0.998844 -0.804501 2.2862 -2.15241</i>
                        <i>0.0389891 0.999234 0.00323888 -0.998083 0.0390997 -0.0479685 -0.0480584 -0.00136242 0.998844 -0.802962 2.28817 -2.15455</i>
                        <i>0.0389891 0.999234 0.00323888 -0.998083 0.0390997 -0.0479685 -0.0480584 -0.00136242 0.998844 -0.801219 2.29004 -2.15722</i>
                        <i>0.0389891 0.999234 0.00323888 -0.998083 0.0390997 -0.0479685 -0.0480584 -0.00136242 0.998844 -0.799285 2.29174 -2.1601</i>
                        <i>0.0389891 0.999234 0.00323888 -0.998083 0.0390997 -0.0479685 -0.0480584 -0.00136242 0.998844 -0.797171 2.2932 -2.16289</i>
                        <i>0.0389891 0.999234 0.00323888 -0.998083 0.0390997 -0.0479685 -0.0480584 -0.00136242 0.998844 -0.794888 2.29431 -2.16529</i>
                        <i>0.0389891 0.999234 0.00323888 -0.998083 0.0390997 -0.0479685 -0.0480584 -0.00136242 0.998844 -0.792449 2.29501 -2.16699</i>
                        <i>0.0389891 0.999234 0.00323888 -0.998083 0.0390997 -0.0479685 -0.0480584 -0.00136242 0.998844 -0.789865 2.29521 -2.16768</i>
                        <i>0.0388881 0.999237 0.00375266 -0.998096 0.0390231 -0.047759 -0.047869 -0.00188825 0.998852 -0.786012 2.29686 -2.16588</i>
                        <i>0.0385966 0.999241 0.00534067 -0.998134 0.0388059 -0.0471518 -0.0473233 -0.0035108 0.998873 -0.780069 2.30112 -2.16098</i>
                        <i>0.0381333 0.99924 0.00807294 -0.998192 0.0384664 -0.0461784 -0.0464539 -0.0062974 0.998901 -0.772503 2.30679 -2.15403</i>
                        <i>0.0375189 0.999224 0.0120195 -0.998269 0.0380228 -0.0448704 -0.0452926 -0.0103152 0.998921 -0.76378 2.31262 -2.14606</i>
                        <i>0.036776 0.999175 0.0172503 -0.99836 0.0374929 -0.0432591 -0.0438702 -0.0156311 0.998915 -0.754365 2.31738 -2.1381</i>
                        <i>0.0359287 0.99907 0.023835 -0.998462 0.0368939 -0.0413759 -0.0422168 -0.0223117 0.998859 -0.744722 2.31985 -2.13121</i>
                        <i>0.0350023 0.99888 0.0318428 -0.998572 0.0362428 -0.0392521 -0.0403622 -0.0304234 0.998722 -0.735317 2.3188 -2.1264</i>
