<?xml version="1.0" encoding="ISO-8859-1" ?>
<Animl Version="1">
    <ModellingPackage><![CDATA[Maya.2010]]></ModellingPackage>
    <SrcFile><![CDATA[anims\turrets\antitank\blue\~src\antitank_m72_law\antitank_m72law_aim_high_crewman_a.mb]]></SrcFile>
    <FramesPerSecond>30</FramesPerSecond>
    <TotalFrames>30</TotalFrames>
    <Skeleton>
        <RefFrame>
            <Name><![CDATA[soldier_ref_frame]]></Name>
            <Exclude>0</Exclude>
            <Additive>0</Additive>
            <IKPriority>0</IKPriority>
            <IKRotLimits>-1e+010 -1e+010 -1e+010 1e+010 1e+010 1e+010</IKRotLimits>
            <IKRotLimitOrder>0</IKRotLimitOrder>
            <KeyFrames count="30">
                <i>1 0 0 0 1 0 0 0 1 0.46 1.89 0.26</i>
                <i>1 0 0 0 1 0 0 0 1 0.46 1.89 0.26</i>
                <i>1 0 0 0 1 0 0 0 1 0.46 1.89 0.26</i>
                <i>1 0 0 0 1 0 0 0 1 0.46 1.89 0.26</i>
                <i>1 0 0 0 1 0 0 0 1 0.46 1.89 0.26</i>
                <i>1 0 0 0 1 0 0 0 1 0.46 1.89 0.26</i>
                <i>1 0 0 0 1 0 0 0 1 0.46 1.89 0.26</i>
                <i>1 0 0 0 1 0 0 0 1 0.46 1.89 0.26</i>
                <i>1 0 0 0 1 0 0 0 1 0.46 1.89 0.26</i>
                <i>1 0 0 0 1 0 0 0 1 0.46 1.89 0.26</i>
                <i>1 0 0 0 1 0 0 0 1 0.46 1.89 0.26</i>
                <i>1 0 0 0 1 0 0 0 1 0.46 1.89 0.26</i>
                <i>1 0 0 0 1 0 0 0 1 0.46 1.89 0.26</i>
                <i>1 0 0 0 1 0 0 0 1 0.46 1.89 0.26</i>
                <i>1 0 0 0 1 0 0 0 1 0.46 1.89 0.26</i>
                <i>1 0 0 0 1 0 0 0 1 0.46 1.89 0.26</i>
                <i>1 0 0 0 1 0 0 0 1 0.46 1.89 0.26</i>
                <i>1 0 0 0 1 0 0 0 1 0.46 1.89 0.26</i>
                <i>1 0 0 0 1 0 0 0 1 0.46 1.89 0.26</i>
                <i>1 0 0 0 1 0 0 0 1 0.46 1.89 0.26</i>
                <i>1 0 0 0 1 0 0 0 1 0.46 1.89 0.26</i>
                <i>1 0 0 0 1 0 0 0 1 0.46 1.89 0.26</i>
                <i>1 0 0 0 1 0 0 0 1 0.46 1.89 0.26</i>
                <i>1 0 0 0 1 0 0 0 1 0.46 1.89 0.26</i>
                <i>1 0 0 0 1 0 0 0 1 0.46 1.89 0.26</i>
                <i>1 0 0 0 1 0 0 0 1 0.46 1.89 0.26</i>
                <i>1 0 0 0 1 0 0 0 1 0.46 1.89 0.26</i>
                <i>1 0 0 0 1 0 0 0 1 0.46 1.89 0.26</i>
                <i>1 0 0 0 1 0 0 0 1 0.46 1.89 0.26</i>
                <i>1 0 0 0 1 0 0 0 1 0.46 1.89 0.26</i>
            </KeyFrames>
        </RefFrame>
        <Bones count="23">
            <i>
                <p>
                    <Name><![CDATA[pelvis]]></Name>
                    <Exclude>0</Exclude>
                    <Additive>0</Additive>
                    <IKPriority>0</IKPriority>
                    <IKRotLimits>-1e+010 -1e+010 -1e+010 1e+010 1e+010 1e+010</IKRotLimits>
                    <IKRotLimitOrder>2</IKRotLimitOrder>
                    <KeyFrames count="30">
                        <i>1 0 0 0 1 0 0 0 1 0.463542 2.05239 -0.086187</i>
                        <i>1 0 0 0 1 0 0 0 1 0.463542 2.05239 -0.086187</i>
                        <i>1 0 0 0 1 0 0 0 1 0.463542 2.05239 -0.086187</i>
                        <i>1 0 0 0 1 0 0 0 1 0.463542 2.05239 -0.086187</i>
                        <i>1 0 0 0 1 0 0 0 1 0.463542 2.05239 -0.086187</i>
                        <i>1 0 0 0 1 0 0 0 1 0.463542 2.05239 -0.086187</i>
                        <i>1 0 0 0 1 0 0 0 1 0.463542 2.05239 -0.086187</i>
                        <i>1 0 0 0 1 0 0 0 1 0.463542 2.05239 -0.086187</i>
                        <i>1 0 0 0 1 0 0 0 1 0.463542 2.05239 -0.086187</i>
                        <i>1 0 0 0 1 0 0 0 1 0.463542 2.05239 -0.086187</i>
                        <i>1 0 0 0 1 0 0 0 1 0.463542 2.05239 -0.086187</i>
                        <i>1 0 0 0 1 0 0 0 1 0.463542 2.05239 -0.086187</i>
                        <i>1 0 0 0 1 0 0 0 1 0.463542 2.05239 -0.086187</i>
                        <i>1 0 0 0 1 0 0 0 1 0.463542 2.05239 -0.086187</i>
                        <i>1 0 0 0 1 0 0 0 1 0.463542 2.05239 -0.086187</i>
                        <i>1 0 0 0 1 0 0 0 1 0.463542 2.05239 -0.086187</i>
                        <i>1 0 0 0 1 0 0 0 1 0.463542 2.05239 -0.086187</i>
                        <i>1 0 0 0 1 0 0 0 1 0.463542 2.05239 -0.086187</i>
                        <i>1 0 0 0 1 0 0 0 1 0.463542 2.05239 -0.086187</i>
                        <i>1 0 0 0 1 0 0 0 1 0.463542 2.05239 -0.086187</i>
                        <i>1 0 0 0 1 0 0 0 1 0.463542 2.05239 -0.086187</i>
                        <i>1 0 0 0 1 0 0 0 1 0.463542 2.05239 -0.086187</i>
                        <i>1 0 0 0 1 0 0 0 1 0.463542 2.05239 -0.086187</i>
                        <i>1 0 0 0 1 0 0 0 1 0.463542 2.05239 -0.086187</i>
                        <i>1 0 0 0 1 0 0 0 1 0.463542 2.05239 -0.086187</i>
                        <i>1 0 0 0 1 0 0 0 1 0.463542 2.05239 -0.086187</i>
                        <i>1 0 0 0 1 0 0 0 1 0.463542 2.05239 -0.086187</i>
                        <i>1 0 0 0 1 0 0 0 1 0.463542 2.05239 -0.086187</i>
                        <i>1 0 0 0 1 0 0 0 1 0.463542 2.05239 -0.086187</i>
                        <i>1 0 0 0 1 0 0 0 1 0.463542 2.05239 -0.086187</i>
                    </KeyFrames>
                </p>
            </i>
            <i>
                <p>
                    <Name><![CDATA[spine0]]></Name>
                    <Exclude>0</Exclude>
                    <Additive>0</Additive>
                    <IKPriority>0</IKPriority>
                    <IKRotLimits>-1e+010 -1e+010 -1e+010 1e+010 1e+010 1e+010</IKRotLimits>
                    <IKRotLimitOrder>0</IKRotLimitOrder>
                    <KeyFrames count="30">
                        <i>0.0801515 0.993217 -0.0842378 -0.996211 0.0769579 -0.0405039 -0.0337464 0.0871651 0.995622 0.49217 2.1548 -0.183083</i>
                        <i>0.08021 0.99321 -0.0842615 -0.996208 0.0770177 -0.0404808 -0.0337163 0.0871889 0.995621 0.49222 2.15475 -0.183116</i>
                        <i>0.0803746 0.993191 -0.0843279 -0.996197 0.0771865 -0.0404138 -0.0336296 0.0872555 0.995618 0.492361 2.15463 -0.18321</i>
                        <i>0.0806293 0.993162 -0.0844298 -0.996181 0.0774481 -0.040305 -0.0334905 0.0873572 0.995614 0.492581 2.15443 -0.183356</i>
                        <i>0.0809575 0.993124 -0.0845596 -0.996161 0.077786 -0.0401555 -0.0333018 0.0874858 0.995609 0.492865 2.15416 -0.183544</i>
                        <i>0.0813425 0.99308 -0.0847096 -0.996138 0.0781839 -0.0399661 -0.0330666 0.0876333 0.995604 0.4932 2.15385 -0.183767</i>
                        <i>0.0817682 0.993031 -0.0848725 -0.996112 0.0786254 -0.0397388 -0.0327887 0.0877918 0.995599 0.493572 2.15351 -0.184014</i>
                        <i>0.0822184 0.992979 -0.0850414 -0.996085 0.0790947 -0.039477 -0.0324735 0.0879542 0.995595 0.493969 2.15313 -0.184277</i>
                        <i>0.0826781 0.992927 -0.0852101 -0.996058 0.079576 -0.0391862 -0.0321284 0.0881141 0.995592 0.494378 2.15274 -0.184548</i>
                        <i>0.0831322 0.992875 -0.0853731 -0.996032 0.0800539 -0.0388745 -0.0317631 0.0882661 0.99559 0.494784 2.15235 -0.184818</i>
                        <i>0.083567 0.992825 -0.0855254 -0.996008 0.0805138 -0.0385526 -0.03139 0.0884057 0.99559 0.495177 2.15197 -0.185079</i>
                        <i>0.0839689 0.992779 -0.085663 -0.995985 0.080941 -0.0382335 -0.0310238 0.0885295 0.99559 0.495542 2.15161 -0.185321</i>
                        <i>0.0843251 0.992739 -0.0857822 -0.995966 0.0813214 -0.0379328 -0.0306815 0.0886349 0.995592 0.495869 2.15129 -0.185538</i>
                        <i>0.0846234 0.992705 -0.0858801 -0.99595 0.0816413 -0.0376677 -0.0303816 0.0887198 0.995593 0.496144 2.15101 -0.18572</i>
                        <i>0.0848515 0.992679 -0.0859537 -0.995938 0.0818868 -0.0374564 -0.0301437 0.0887828 0.995595 0.496355 2.1508 -0.185861</i>
                        <i>0.0849976 0.992663 -0.0860002 -0.99593 0.0820443 -0.0373172 -0.0299876 0.0888221 0.995596 0.496491 2.15066 -0.185951</i>
                        <i>0.0850491 0.992657 -0.0860165 -0.995927 0.0820999 -0.0372673 -0.0299317 0.0888357 0.995596 0.496539 2.15062 -0.185983</i>
                        <i>0.0849718 0.992666 -0.085992 -0.995931 0.0820165 -0.037342 -0.0300153 0.0888152 0.995596 0.496467 2.15069 -0.185935</i>
                        <i>0.0847557 0.99269 -0.0859229 -0.995943 0.0817836 -0.037546 -0.0302445 0.0887565 0.995594 0.496266 2.15089 -0.185802</i>
                        <i>0.0844236 0.992728 -0.0858148 -0.99596 0.0814269 -0.0378466 -0.0305838 0.0886633 0.995592 0.495959 2.1512 -0.185598</i>
                        <i>0.083998 0.992776 -0.0856728 -0.995984 0.0809721 -0.0382095 -0.0309964 0.0885383 0.99559 0.495569 2.15158 -0.185339</i>
                        <i>0.0835019 0.992833 -0.0855028 -0.996011 0.0804448 -0.0386023 -0.0314473 0.0883851 0.99559 0.495118 2.15203 -0.18504</i>
                        <i>0.0829591 0.992895 -0.0853114 -0.996042 0.0798715 -0.0389963 -0.0319052 0.0882089 0.995591 0.494629 2.1525 -0.184715</i>
                        <i>0.0823949 0.992959 -0.0851066 -0.996075 0.0792792 -0.0393682 -0.0323438 0.0880163 0.995594 0.494126 2.15298 -0.184381</i>
                        <i>0.0818362 0.993023 -0.0848982 -0.996108 0.0786962 -0.0397007 -0.0327425 0.0878167 0.995598 0.493632 2.15345 -0.184054</i>
                        <i>0.0813113 0.993083 -0.0846975 -0.996139 0.0781515 -0.0399821 -0.0330863 0.0876215 0.995604 0.493172 2.15388 -0.183748</i>
                        <i>0.0808497 0.993137 -0.0845172 -0.996168 0.0776749 -0.0402058 -0.033365 0.0874439 0.995611 0.492771 2.15425 -0.183482</i>
                        <i>0.080482 0.993179 -0.084371 -0.996191 0.0772967 -0.0403687 -0.0335717 0.0872985 0.995616 0.492454 2.15454 -0.183272</i>
                        <i>0.0802391 0.993207 -0.0842733 -0.996206 0.0770476 -0.0404691 -0.0337011 0.0872007 0.995621 0.492245 2.15473 -0.183133</i>
                        <i>0.0801515 0.993217 -0.0842378 -0.996211 0.0769579 -0.0405039 -0.0337464 0.0871651 0.995622 0.49217 2.1548 -0.183083</i>
                    </KeyFrames>
                </p>
            </i>
            <i>
                <p>
                    <Name><![CDATA[spine1]]></Name>
                    <Exclude>0</Exclude>
                    <Additive>0</Additive>
                    <IKPriority>0</IKPriority>
                    <IKRotLimits>-1e+010 -1e+010 -1e+010 1e+010 1e+010 1e+010</IKRotLimits>
                    <IKRotLimitOrder>0</IKRotLimitOrder>
                    <KeyFrames count="30">
                        <i>-0.122007 0.958901 0.25617 -0.992529 -0.117717 -0.0320759 -0.000602167 -0.25817 0.966099 0.507226 2.34132 -0.199002</i>
                        <i>-0.122237 0.95884 0.256289 -0.992501 -0.11799 -0.031944 -0.000389675 -0.258272 0.966072 0.507289 2.3413 -0.199042</i>
                        <i>-0.122885 0.958667 0.256626 -0.992421 -0.118761 -0.0315698 0.000212154 -0.25856 0.965995 0.507468 2.34125 -0.199156</i>
                        <i>-0.123889 0.958398 0.257146 -0.992295 -0.119957 -0.0309845 0.00115111 -0.259004 0.965876 0.507745 2.34116 -0.199332</i>
                        <i>-0.125186 0.958049 0.257817 -0.99213 -0.121508 -0.0302186 0.00237581 -0.259571 0.965721 0.508103 2.34105 -0.199559</i>
                        <i>-0.126714 0.957636 0.258604 -0.991932 -0.123339 -0.0293025 0.00383478 -0.260231 0.965539 0.508526 2.34092 -0.199826</i>
                        <i>-0.128409 0.957175 0.259474 -0.991706 -0.125379 -0.0282673 0.00547576 -0.260952 0.965336 0.508996 2.34077 -0.200123</i>
                        <i>-0.13021 0.956682 0.260396 -0.99146 -0.127555 -0.0271456 0.00724507 -0.261706 0.96512 0.509496 2.34061 -0.200439</i>
                        <i>-0.132057 0.956172 0.261336 -0.9912 -0.129797 -0.0259716 0.00908726 -0.262466 0.964898 0.510011 2.34044 -0.200763</i>
                        <i>-0.133891 0.955662 0.262267 -0.990936 -0.132032 -0.0247814 0.010945 -0.263207 0.964677 0.510523 2.34027 -0.201086</i>
                        <i>-0.135656 0.955168 0.263158 -0.990674 -0.134193 -0.0236134 0.0127591 -0.263907 0.964464 0.511017 2.34011 -0.201396</i>
                        <i>-0.137295 0.954706 0.263983 -0.990425 -0.136208 -0.0225076 0.0144684 -0.264545 0.964265 0.511477 2.33995 -0.201684</i>
                        <i>-0.138754 0.954292 0.264714 -0.990197 -0.138009 -0.0215057 0.0160103 -0.265103 0.964087 0.511887 2.33982 -0.201941</i>
                        <i>-0.139981 0.953943 0.265327 -0.990003 -0.139528 -0.0206508 0.017321 -0.265565 0.963937 0.512232 2.3397 -0.202158</i>
                        <i>-0.140922 0.953674 0.265796 -0.989851 -0.140698 -0.0199866 0.0183363 -0.265915 0.963822 0.512498 2.33961 -0.202324</i>
                        <i>-0.141526 0.9535 0.266097 -0.989752 -0.141449 -0.0195568 0.0189918 -0.266138 0.963748 0.512669 2.33955 -0.20243</i>
                        <i>-0.14174 0.953439 0.266203 -0.989717 -0.141715 -0.0194043 0.0192242 -0.266216 0.963722 0.512729 2.33953 -0.202468</i>
                        <i>-0.14142 0.953531 0.266044 -0.98977 -0.141317 -0.0196329 0.0188758 -0.266099 0.963761 0.512638 2.33956 -0.202411</i>
                        <i>-0.140527 0.953787 0.265599 -0.989915 -0.140206 -0.0202666 0.0179085 -0.265769 0.96387 0.512386 2.33965 -0.202254</i>
                        <i>-0.139159 0.954177 0.264917 -0.990134 -0.13851 -0.021225 0.0164412 -0.265256 0.964038 0.512001 2.33978 -0.202013</i>
                        <i>-0.137414 0.954672 0.264042 -0.990406 -0.136355 -0.0224263 0.0145938 -0.264591 0.96425 0.51151 2.33994 -0.201705</i>
                        <i>-0.135391 0.955242 0.263025 -0.990714 -0.133868 -0.0237901 0.0124853 -0.263803 0.964496 0.510943 2.34013 -0.201349</i>
                        <i>-0.133191 0.955857 0.261912 -0.991038 -0.131178 -0.0252387 0.0102324 -0.262926 0.964762 0.510327 2.34034 -0.200963</i>
                        <i>-0.130918 0.956486 0.260757 -0.991361 -0.128413 -0.0266983 0.00794808 -0.261999 0.965035 0.509694 2.34054 -0.200563</i>
                        <i>-0.128681 0.957101 0.259614 -0.991669 -0.125706 -0.0280995 0.00574098 -0.261067 0.965304 0.509071 2.34074 -0.200171</i>
                        <i>-0.12659 0.95767 0.25854 -0.991948 -0.12319 -0.0293776 0.00371542 -0.260177 0.965554 0.508491 2.34093 -0.199804</i>
                        <i>-0.12476 0.958164 0.257597 -0.992185 -0.120997 -0.0304717 0.00197161 -0.259385 0.965772 0.507985 2.34109 -0.199484</i>
                        <i>-0.123308 0.958554 0.256845 -0.992368 -0.119265 -0.031324 0.00060675 -0.258747 0.965945 0.507584 2.34121 -0.19923</i>
                        <i>-0.122351 0.958809 0.256349 -0.992487 -0.118126 -0.031878 -0.000283431 -0.258323 0.966058 0.507321 2.34129 -0.199062</i>
                        <i>-0.122007 0.958901 0.25617 -0.992529 -0.117717 -0.0320759 -0.000602167 -0.25817 0.966099 0.507226 2.34132 -0.199002</i>
                    </KeyFrames>
                </p>
            </i>
            <i>
                <p>
                    <Name><![CDATA[spine2]]></Name>
                    <Exclude>0</Exclude>
                    <Additive>0</Additive>
                    <IKPriority>0</IKPriority>
                    <IKRotLimits>-1e+010 -1e+010 -1e+010 1e+010 1e+010 1e+010</IKRotLimits>
                    <IKRotLimitOrder>0</IKRotLimitOrder>
                    <KeyFrames count="30">
                        <i>-0.165014 0.951245 0.260581 -0.984624 -0.143525 -0.0995825 -0.0573274 -0.273007 0.960302 0.486146 2.50684 -0.15448</i>
                        <i>-0.165144 0.951206 0.260642 -0.984606 -0.143661 -0.0995656 -0.0572634 -0.273072 0.960288 0.486167 2.50683 -0.154492</i>
                        <i>-0.165512 0.951095 0.260814 -0.984554 -0.144044 -0.0995182 -0.0570826 -0.273257 0.960246 0.486225 2.50681 -0.154528</i>
                        <i>-0.16608 0.950923 0.261079 -0.984475 -0.144637 -0.0994447 -0.0568025 -0.273541 0.960182 0.486316 2.50679 -0.154583</i>
                        <i>-0.166814 0.950701 0.261419 -0.984372 -0.145403 -0.0993498 -0.0564408 -0.273906 0.960099 0.486433 2.50675 -0.154655</i>
                        <i>-0.167676 0.95044 0.261817 -0.98425 -0.146303 -0.099238 -0.0560152 -0.274333 0.960002 0.48657 2.50671 -0.154739</i>
                        <i>-0.16863 0.950151 0.262255 -0.984113 -0.147301 -0.0991141 -0.0555431 -0.274802 0.959895 0.486723 2.50667 -0.154832</i>
                        <i>-0.169642 0.949843 0.262715 -0.983967 -0.148359 -0.0989826 -0.0550418 -0.275295 0.959783 0.486885 2.50662 -0.154931</i>
                        <i>-0.170676 0.949529 0.263183 -0.983817 -0.149442 -0.0988478 -0.0545282 -0.275795 0.959669 0.487052 2.50657 -0.155032</i>
                        <i>-0.171701 0.949216 0.263642 -0.983667 -0.150516 -0.098714 -0.0540186 -0.276285 0.959556 0.487218 2.50652 -0.155132</i>
                        <i>-0.172685 0.948916 0.26408 -0.983522 -0.151546 -0.0985854 -0.053529 -0.276752 0.959449 0.487377 2.50647 -0.155229</i>
                        <i>-0.173596 0.948638 0.264482 -0.983386 -0.152502 -0.0984661 -0.0530746 -0.277181 0.959351 0.487526 2.50642 -0.155318</i>
                        <i>-0.174405 0.94839 0.264837 -0.983264 -0.153352 -0.0983599 -0.0526704 -0.277559 0.959264 0.487658 2.50638 -0.155398</i>
                        <i>-0.175084 0.948183 0.265133 -0.983162 -0.154065 -0.0982708 -0.052331 -0.277874 0.959191 0.487769 2.50634 -0.155464</i>
                        <i>-0.175605 0.948023 0.265358 -0.983083 -0.154611 -0.0982024 -0.0520707 -0.278114 0.959136 0.487854 2.50631 -0.155516</i>
                        <i>-0.175938 0.947921 0.265502 -0.983032 -0.154962 -0.0981585 -0.0519038 -0.278267 0.9591 0.487909 2.5063 -0.155548</i>
                        <i>-0.176056 0.947885 0.265553 -0.983014 -0.155086 -0.098143 -0.0518449 -0.278321 0.959088 0.487928 2.50629 -0.15556</i>
                        <i>-0.175879 0.947939 0.265477 -0.983041 -0.1549 -0.0981663 -0.0519333 -0.27824 0.959107 0.487899 2.5063 -0.155543</i>
                        <i>-0.175386 0.94809 0.265264 -0.983116 -0.154382 -0.0982311 -0.0521801 -0.278013 0.959159 0.487818 2.50632 -0.155494</i>
                        <i>-0.17463 0.948322 0.264935 -0.98323 -0.153587 -0.0983305 -0.0525584 -0.277663 0.95924 0.487694 2.50636 -0.15542</i>
                        <i>-0.173662 0.948618 0.264511 -0.983376 -0.152572 -0.0984574 -0.0530415 -0.277212 0.959343 0.487536 2.50641 -0.155325</i>
                        <i>-0.172537 0.948961 0.264014 -0.983543 -0.151392 -0.0986047 -0.0536024 -0.276683 0.959465 0.487353 2.50647 -0.155214</i>
                        <i>-0.17131 0.949335 0.263467 -0.983724 -0.150106 -0.098765 -0.0542131 -0.276099 0.959599 0.487155 2.50653 -0.155094</i>
                        <i>-0.170039 0.949723 0.262895 -0.98391 -0.148774 -0.0989309 -0.0548448 -0.275487 0.959739 0.486949 2.5066 -0.15497</i>
                        <i>-0.168783 0.950104 0.262324 -0.984091 -0.14746 -0.0990943 -0.0554675 -0.274876 0.959878 0.486748 2.50666 -0.154847</i>
                        <i>-0.167606 0.950462 0.261785 -0.984259 -0.14623 -0.0992471 -0.0560498 -0.274298 0.96001 0.486559 2.50672 -0.154732</i>
                        <i>-0.166573 0.950774 0.261308 -0.984406 -0.145151 -0.099381 -0.0565597 -0.273787 0.960126 0.486394 2.50676 -0.154631</i>
                        <i>-0.165751 0.951023 0.260926 -0.984521 -0.144294 -0.0994872 -0.0569646 -0.273377 0.960219 0.486263 2.5068 -0.154551</i>
                        <i>-0.165209 0.951186 0.260673 -0.984597 -0.143729 -0.0995573 -0.0572314 -0.273105 0.96028 0.486177 2.50683 -0.154499</i>
                        <i>-0.165014 0.951245 0.260581 -0.984624 -0.143525 -0.0995825 -0.0573274 -0.273007 0.960302 0.486146 2.50684 -0.15448</i>
                    </KeyFrames>
                </p>
            </i>
            <i>
                <p>
                    <Name><![CDATA[head]]></Name>
                    <Exclude>0</Exclude>
                    <Additive>0</Additive>
                    <IKPriority>0</IKPriority>
                    <IKRotLimits>-1e+010 -1e+010 -1e+010 1e+010 1e+010 1e+010</IKRotLimits>
                    <IKRotLimitOrder>0</IKRotLimitOrder>
                    <KeyFrames count="30">
                        <i>-0.205965 0.978526 -0.00806652 0.229237 0.0402339 -0.972539 -0.95133 -0.202158 -0.232602 0.447205 2.76559 -0.115752</i>
                        <i>-0.206217 0.978481 -0.00699771 0.229011 0.0413092 -0.972547 -0.95133 -0.202158 -0.232602 0.447205 2.7656 -0.115752</i>
                        <i>-0.206921 0.97835 -0.00400514 0.228375 0.0443199 -0.972564 -0.95133 -0.202158 -0.232602 0.447205 2.76559 -0.115752</i>
                        <i>-0.207997 0.978129 0.000590753 0.227395 0.0489425 -0.972572 -0.95133 -0.202158 -0.232602 0.447205 2.7656 -0.115752</i>
                        <i>-0.209368 0.977816 0.00646916 0.226134 0.0548536 -0.972551 -0.95133 -0.202158 -0.232602 0.447205 2.7656 -0.115752</i>
                        <i>-0.210953 0.977405 0.0133092 0.224655 0.0617295 -0.972481 -0.95133 -0.202158 -0.232602 0.447205 2.7656 -0.115752</i>
                        <i>-0.212675 0.976902 0.0207896 0.223026 0.0692464 -0.97235 -0.95133 -0.202158 -0.232602 0.447205 2.7656 -0.115752</i>
                        <i>-0.214458 0.976315 0.0285894 0.221313 0.0770812 -0.972152 -0.95133 -0.202158 -0.232602 0.447205 2.7656 -0.115752</i>
                        <i>-0.216226 0.975665 0.0363874 0.219585 0.0849109 -0.971891 -0.95133 -0.202158 -0.232602 0.447205 2.7656 -0.115752</i>
                        <i>-0.217909 0.974983 0.0438626 0.217915 0.0924138 -0.971583 -0.95133 -0.202158 -0.232602 0.447205 2.7656 -0.115752</i>
                        <i>-0.219436 0.974309 0.0506949 0.216377 0.0992687 -0.97125 -0.95133 -0.202158 -0.232602 0.447205 2.7656 -0.115752</i>
                        <i>-0.22074 0.973691 0.0565644 0.215047 0.105156 -0.970926 -0.95133 -0.202158 -0.232602 0.447205 2.7656 -0.115752</i>
                        <i>-0.221754 0.973183 0.0611518 0.214002 0.109756 -0.970648 -0.95133 -0.202158 -0.232602 0.447205 2.7656 -0.115752</i>
                        <i>-0.222411 0.972841 0.0641383 0.213318 0.11275 -0.970455 -0.95133 -0.202158 -0.232602 0.447205 2.7656 -0.115752</i>
                        <i>-0.222645 0.972717 0.0652047 0.213074 0.113819 -0.970384 -0.95133 -0.202158 -0.232602 0.447205 2.7656 -0.115752</i>
                        <i>-0.222441 0.972825 0.064273 0.213287 0.112885 -0.970446 -0.95133 -0.202158 -0.232602 0.447205 2.7656 -0.115752</i>
                        <i>-0.221864 0.973127 0.0616509 0.213888 0.110256 -0.970616 -0.95133 -0.202158 -0.232602 0.447205 2.7656 -0.115752</i>
                        <i>-0.220969 0.973579 0.0575975 0.214812 0.106192 -0.970865 -0.95133 -0.202158 -0.232602 0.447205 2.7656 -0.115752</i>
                        <i>-0.21981 0.974136 0.0523721 0.215998 0.100951 -0.971161 -0.95133 -0.202158 -0.232602 0.447205 2.7656 -0.115752</i>
                        <i>-0.21844 0.974754 0.0462339 0.217383 0.0947932 -0.971473 -0.95133 -0.202158 -0.232602 0.447205 2.7656 -0.115752</i>
                        <i>-0.216915 0.975393 0.0394427 0.218904 0.0879779 -0.971772 -0.95133 -0.202158 -0.232602 0.447205 2.7656 -0.115752</i>
                        <i>-0.215291 0.976017 0.0322585 0.220502 0.0807656 -0.972037 -0.95133 -0.202158 -0.232602 0.447205 2.7656 -0.115752</i>
                        <i>-0.213626 0.976597 0.0249421 0.222116 0.0734178 -0.972252 -0.95133 -0.202158 -0.232602 0.447205 2.7656 -0.115752</i>
                        <i>-0.211978 0.977113 0.017754 0.223689 0.0661963 -0.97241 -0.95133 -0.202158 -0.232602 0.447205 2.7656 -0.115752</i>
                        <i>-0.210409 0.977552 0.0109553 0.225165 0.0593636 -0.97251 -0.95133 -0.202158 -0.232602 0.447205 2.7656 -0.115752</i>
                        <i>-0.208981 0.977908 0.00480708 0.226491 0.0531825 -0.97256 -0.95133 -0.202158 -0.232602 0.447205 2.7656 -0.115752</i>
                        <i>-0.207759 0.97818 -0.000429886 0.227613 0.047916 -0.972572 -0.95133 -0.202158 -0.232602 0.447205 2.7656 -0.115752</i>
                        <i>-0.206806 0.978372 -0.00449485 0.228479 0.0438272 -0.972562 -0.95133 -0.202158 -0.232602 0.447205 2.7656 -0.115752</i>
                        <i>-0.206186 0.978487 -0.00712716 0.229038 0.041179 -0.972546 -0.95133 -0.202158 -0.232602 0.447205 2.7656 -0.115752</i>
                        <i>-0.205965 0.978526 -0.00806652 0.229237 0.0402339 -0.972539 -0.95133 -0.202158 -0.232602 0.447205 2.76559 -0.115752</i>
                    </KeyFrames>
                </p>
            </i>
            <i>
                <p>
                    <Name><![CDATA[head_prop]]></Name>
                    <Exclude>0</Exclude>
                    <Additive>0</Additive>
                    <IKPriority>0</IKPriority>
                    <IKRotLimits>-1e+010 -1e+010 -1e+010 1e+010 1e+010 1e+010</IKRotLimits>
                    <IKRotLimitOrder>0</IKRotLimitOrder>
                    <KeyFrames count="30">
                        <i>0.95133 0.202158 0.232602 -0.205965 0.978526 -0.00806652 -0.229237 -0.0402339 0.972539 0.380079 3.08451 -0.118381</i>
                        <i>0.95133 0.202158 0.232602 -0.206217 0.978481 -0.00699771 -0.229011 -0.0413092 0.972547 0.379997 3.08449 -0.118033</i>
                        <i>0.95133 0.202158 0.232602 -0.206921 0.97835 -0.00400514 -0.228375 -0.0443199 0.972564 0.379767 3.08445 -0.117058</i>
                        <i>0.95133 0.202158 0.232602 -0.207997 0.978129 0.000590753 -0.227395 -0.0489425 0.972572 0.379417 3.08438 -0.11556</i>
                        <i>0.95133 0.202158 0.232602 -0.209368 0.977816 0.00646916 -0.226134 -0.0548536 0.972551 0.37897 3.08427 -0.113644</i>
                        <i>0.95133 0.202158 0.232602 -0.210953 0.977405 0.0133092 -0.224655 -0.0617295 0.972481 0.378453 3.08414 -0.111415</i>
                        <i>0.95133 0.202158 0.232602 -0.212675 0.976902 0.0207896 -0.223026 -0.0692464 0.97235 0.377892 3.08398 -0.108977</i>
                        <i>0.95133 0.202158 0.232602 -0.214458 0.976315 0.0285894 -0.221313 -0.0770812 0.972152 0.377311 3.08379 -0.106435</i>
                        <i>0.95133 0.202158 0.232602 -0.216226 0.975665 0.0363874 -0.219585 -0.0849109 0.971891 0.376735 3.08357 -0.103893</i>
                        <i>0.95133 0.202158 0.232602 -0.217909 0.974983 0.0438626 -0.217915 -0.0924138 0.971583 0.376186 3.08335 -0.101457</i>
                        <i>0.95133 0.202158 0.232602 -0.219436 0.974309 0.0506949 -0.216377 -0.0992687 0.97125 0.375689 3.08313 -0.0992304</i>
                        <i>0.95133 0.202158 0.232602 -0.22074 0.973691 0.0565644 -0.215047 -0.105156 0.970926 0.375264 3.08293 -0.0973175</i>
                        <i>0.95133 0.202158 0.232602 -0.221754 0.973183 0.0611518 -0.214002 -0.109756 0.970648 0.374933 3.08276 -0.0958224</i>
                        <i>0.95133 0.202158 0.232602 -0.222411 0.972841 0.0641383 -0.213318 -0.11275 0.970455 0.374719 3.08265 -0.0948491</i>
                        <i>0.95133 0.202158 0.232602 -0.222645 0.972717 0.0652047 -0.213074 -0.113819 0.970384 0.374643 3.08261 -0.0945016</i>
                        <i>0.95133 0.202158 0.232602 -0.222441 0.972825 0.064273 -0.213287 -0.112885 0.970446 0.374709 3.08265 -0.0948052</i>
                        <i>0.95133 0.202158 0.232602 -0.221864 0.973127 0.0616509 -0.213888 -0.110256 0.970616 0.374897 3.08275 -0.0956598</i>
                        <i>0.95133 0.202158 0.232602 -0.220969 0.973579 0.0575975 -0.214812 -0.106192 0.970865 0.375189 3.08289 -0.0969808</i>
                        <i>0.95133 0.202158 0.232602 -0.21981 0.974136 0.0523721 -0.215998 -0.100951 0.971161 0.375567 3.08307 -0.0986838</i>
                        <i>0.95133 0.202158 0.232602 -0.21844 0.974754 0.0462339 -0.217383 -0.0947932 0.971473 0.376013 3.08328 -0.100684</i>
                        <i>0.95133 0.202158 0.232602 -0.216915 0.975393 0.0394427 -0.218904 -0.0879779 0.971772 0.37651 3.08348 -0.102898</i>
                        <i>0.95133 0.202158 0.232602 -0.215291 0.976017 0.0322585 -0.220502 -0.0807656 0.972037 0.377039 3.08369 -0.105239</i>
                        <i>0.95133 0.202158 0.232602 -0.213626 0.976597 0.0249421 -0.222116 -0.0734178 0.972252 0.377582 3.08388 -0.107624</i>
                        <i>0.95133 0.202158 0.232602 -0.211978 0.977113 0.017754 -0.223689 -0.0661963 0.97241 0.378119 3.08405 -0.109966</i>
                        <i>0.95133 0.202158 0.232602 -0.210409 0.977552 0.0109553 -0.225165 -0.0593636 0.97251 0.378631 3.08419 -0.112182</i>
                        <i>0.95133 0.202158 0.232602 -0.208981 0.977908 0.00480708 -0.226491 -0.0531825 0.97256 0.379096 3.0843 -0.114186</i>
                        <i>0.95133 0.202158 0.232602 -0.207759 0.97818 -0.000429886 -0.227613 -0.047916 0.972572 0.379494 3.08439 -0.115892</i>
                        <i>0.95133 0.202158 0.232602 -0.206806 0.978372 -0.00449485 -0.228479 -0.0438272 0.972562 0.379805 3.08446 -0.117217</i>
                        <i>0.95133 0.202158 0.232602 -0.206186 0.978487 -0.00712716 -0.229038 -0.041179 0.972546 0.380007 3.08449 -0.118075</i>
                        <i>0.95133 0.202158 0.232602 -0.205965 0.978526 -0.00806652 -0.229237 -0.0402339 0.972539 0.380079 3.08451 -0.118381</i>
                    </KeyFrames>
                </p>
            </i>
            <i>
                <p>
                    <Name><![CDATA[l_clav]]></Name>
                    <Exclude>0</Exclude>
                    <Additive>0</Additive>
                    <IKPriority>0</IKPriority>
                    <IKRotLimits>-1e+010 -1e+010 -1e+010 1e+010 1e+010 1e+010</IKRotLimits>
                    <IKRotLimitOrder>0</IKRotLimitOrder>
                    <KeyFrames count="30">
                        <i>0.578591 0.640835 0.504542 -0.5939 0.755017 -0.277906 -0.55903 -0.138853 0.817438 0.554327 2.57782 -0.0829043</i>
                        <i>0.579665 0.639542 0.504951 -0.593019 0.756093 -0.276861 -0.558854 -0.138959 0.817541 0.554327 2.57782 -0.0829043</i>
                        <i>0.58267 0.635891 0.5061 -0.590527 0.75911 -0.273916 -0.558367 -0.139263 0.817822 0.554327 2.57782 -0.0829043</i>
                        <i>0.58727 0.630218 0.507877 -0.586644 0.763737 -0.26936 -0.55764 -0.139756 0.818233 0.554327 2.57782 -0.0829043</i>
                        <i>0.593117 0.62285 0.510166 -0.581584 0.769634 -0.263481 -0.556751 -0.140429 0.818724 0.554327 2.57782 -0.0829043</i>
                        <i>0.599866 0.614119 0.512853 -0.575565 0.776466 -0.256566 -0.555775 -0.141275 0.819241 0.554327 2.57782 -0.0829043</i>
                        <i>0.607182 0.604366 0.515823 -0.568811 0.7839 -0.248905 -0.554783 -0.142275 0.81974 0.554327 2.57782 -0.0829043</i>
                        <i>0.614746 0.593942 0.518961 -0.561563 0.791624 -0.240788 -0.553836 -0.143406 0.820183 0.554327 2.57782 -0.0829043</i>
                        <i>0.622265 0.583218 0.522153 -0.554075 0.799337 -0.232511 -0.55298 -0.144628 0.820546 0.554327 2.57782 -0.0829043</i>
                        <i>0.629469 0.572577 0.525284 -0.546617 0.806765 -0.224368 -0.552249 -0.145897 0.820814 0.554327 2.57782 -0.0829043</i>
                        <i>0.636116 0.562421 0.528242 -0.539473 0.813651 -0.216657 -0.551657 -0.147154 0.820987 0.554327 2.57782 -0.0829043</i>
                        <i>0.641985 0.553161 0.530913 -0.532941 0.819762 -0.209677 -0.551208 -0.148336 0.821076 0.554327 2.57782 -0.0829043</i>
                        <i>0.646877 0.545218 0.533186 -0.527325 0.824878 -0.203728 -0.550889 -0.149375 0.821102 0.554327 2.57782 -0.0829043</i>
                        <i>0.650606 0.539021 0.534947 -0.522934 0.828792 -0.199108 -0.550683 -0.150201 0.821089 0.554327 2.57782 -0.0829043</i>
                        <i>0.652987 0.534995 0.536086 -0.520078 0.831298 -0.196117 -0.550569 -0.150744 0.821066 0.554327 2.57782 -0.0829043</i>
                        <i>0.653828 0.533561 0.53649 -0.519061 0.832184 -0.195054 -0.550532 -0.150939 0.821055 0.554327 2.57782 -0.0829043</i>
                        <i>0.652866 0.535201 0.536028 -0.520224 0.831171 -0.19627 -0.550574 -0.150716 0.821068 0.554327 2.57782 -0.0829043</i>
                        <i>0.650153 0.539781 0.534732 -0.523473 0.828316 -0.199673 -0.550706 -0.150099 0.821092 0.554327 2.57782 -0.0829043</i>
                        <i>0.645924 0.546783 0.53274 -0.528432 0.82388 -0.204897 -0.550947 -0.149169 0.8211 0.554327 2.57782 -0.0829043</i>
                        <i>0.640404 0.555682 0.530189 -0.534721 0.818114 -0.211573 -0.551322 -0.148011 0.821058 0.554327 2.57782 -0.0829043</i>
                        <i>0.633828 0.565955 0.527217 -0.541961 0.811278 -0.219333 -0.551852 -0.146712 0.820936 0.554327 2.57782 -0.0829043</i>
                        <i>0.626447 0.577086 0.523962 -0.54978 0.803644 -0.22781 -0.552545 -0.145353 0.820711 0.554327 2.57782 -0.0829043</i>
                        <i>0.618541 0.588575 0.520563 -0.55782 0.795512 -0.236637 -0.553393 -0.144011 0.820376 0.554327 2.57782 -0.0829043</i>
                        <i>0.610425 0.599939 0.51716 -0.565737 0.787208 -0.245449 -0.554367 -0.142748 0.819939 0.554327 2.57782 -0.0829043</i>
                        <i>0.602446 0.610714 0.513894 -0.57321 0.779084 -0.253884 -0.555418 -0.141618 0.819424 0.554327 2.57782 -0.0829043</i>
                        <i>0.594984 0.620459 0.510905 -0.579939 0.771522 -0.261582 -0.556476 -0.140656 0.818871 0.554327 2.57782 -0.0829043</i>
                        <i>0.588444 0.628752 0.508335 -0.585639 0.76492 -0.268188 -0.557459 -0.139887 0.818334 0.554327 2.57782 -0.0829043</i>
                        <i>0.58325 0.635182 0.506324 -0.590042 0.759692 -0.273345 -0.558274 -0.139324 0.817874 0.554327 2.57782 -0.0829043</i>
                        <i>0.579826 0.639346 0.505013 -0.592886 0.756255 -0.276703 -0.558827 -0.138975 0.817556 0.554327 2.57782 -0.0829043</i>
                        <i>0.578591 0.640835 0.504542 -0.5939 0.755017 -0.277906 -0.55903 -0.138853 0.817438 0.554327 2.57782 -0.0829043</i>
                    </KeyFrames>
                </p>
            </i>
            <i>
                <p>
                    <Name><![CDATA[l_shoulder]]></Name>
                    <Exclude>0</Exclude>
                    <Additive>0</Additive>
                    <IKPriority>0</IKPriority>
                    <IKRotLimits>-1e+010 -1e+010 -1e+010 1e+010 1e+010 1e+010</IKRotLimits>
                    <IKRotLimitOrder>0</IKRotLimitOrder>
                    <KeyFrames count="30">
                        <i>-0.212064 -0.387625 0.897093 0.428358 0.788217 0.44184 -0.878372 0.477976 -0.00111005 0.668645 2.70443 0.0167823</i>
                        <i>-0.212779 -0.387052 0.897171 0.428422 0.788273 0.441679 -0.878168 0.478348 -0.00190643 0.668857 2.70418 0.016863</i>
                        <i>-0.214784 -0.385433 0.89739 0.428604 0.788432 0.441218 -0.877591 0.479392 -0.00414389 0.66945 2.70346 0.0170902</i>
                        <i>-0.217858 -0.382915 0.897727 0.428893 0.788684 0.440486 -0.876692 0.480993 -0.00759143 0.670359 2.70234 0.0174412</i>
                        <i>-0.221777 -0.379638 0.898159 0.429279 0.789021 0.439506 -0.875519 0.483034 -0.012016 0.671515 2.70088 0.0178935</i>
                        <i>-0.226326 -0.375742 0.898663 0.429752 0.789432 0.438303 -0.874122 0.485402 -0.0171935 0.672848 2.69916 0.0184243</i>
                        <i>-0.231271 -0.371383 0.899216 0.430299 0.789908 0.436907 -0.872557 0.487976 -0.0228776 0.674293 2.69723 0.0190111</i>
                        <i>-0.23641 -0.366712 0.899796 0.430905 0.790434 0.435356 -0.87088 0.490649 -0.0288485 0.675788 2.69517 0.0196311</i>
                        <i>-0.241544 -0.361893 0.900383 0.431551 0.790994 0.433697 -0.869149 0.493318 -0.0348846 0.677274 2.69305 0.0202618</i>
                        <i>-0.24649 -0.357099 0.900957 0.432213 0.791566 0.43199 -0.86743 0.495886 -0.0407701 0.678697 2.69095 0.0208805</i>
                        <i>-0.251077 -0.352512 0.901496 0.432865 0.792128 0.430304 -0.865788 0.498265 -0.0462954 0.68001 2.68894 0.021465</i>
                        <i>-0.255149 -0.348319 0.901983 0.433475 0.792654 0.428719 -0.864291 0.500374 -0.0512571 0.68117 2.68711 0.0219927</i>
                        <i>-0.258559 -0.344716 0.902396 0.43401 0.793113 0.427325 -0.863008 0.502137 -0.0554566 0.682136 2.68554 0.0224417</i>
                        <i>-0.261169 -0.3419 0.902716 0.434435 0.793478 0.426215 -0.862008 0.503485 -0.0586984 0.682873 2.68432 0.0227897</i>
                        <i>-0.26284 -0.340068 0.902922 0.434715 0.793717 0.425483 -0.861358 0.504348 -0.0607883 0.683344 2.68352 0.0230146</i>
                        <i>-0.263431 -0.339415 0.902996 0.434815 0.793803 0.425221 -0.861127 0.504652 -0.0615295 0.68351 2.68324 0.0230946</i>
                        <i>-0.262755 -0.340162 0.902912 0.4347 0.793705 0.425521 -0.861392 0.504304 -0.0606818 0.68332 2.68356 0.0230032</i>
                        <i>-0.260851 -0.342245 0.902676 0.434382 0.793433 0.426352 -0.86213 0.503321 -0.0583026 0.682784 2.68447 0.0227471</i>
                        <i>-0.257894 -0.345426 0.902315 0.433904 0.793022 0.427602 -0.863261 0.501793 -0.0546335 0.681948 2.68585 0.0223536</i>
                        <i>-0.254051 -0.349462 0.901851 0.433307 0.792509 0.429155 -0.864698 0.499805 -0.0499132 0.680857 2.68761 0.0218496</i>
                        <i>-0.249495 -0.354109 0.901309 0.432636 0.791931 0.430896 -0.866359 0.497445 -0.0443827 0.679558 2.68964 0.0212624</i>
                        <i>-0.244411 -0.359132 0.900715 0.43193 0.791321 0.432721 -0.868159 0.494807 -0.0382881 0.6781 2.69184 0.0206193</i>
                        <i>-0.238998 -0.364302 0.900091 0.431225 0.790712 0.434534 -0.870014 0.491995 -0.031882 0.676538 2.69411 0.0199477</i>
                        <i>-0.233472 -0.369401 0.899463 0.430554 0.790129 0.436256 -0.871846 0.489121 -0.0254258 0.674934 2.69635 0.0192754</i>
                        <i>-0.228068 -0.374221 0.898857 0.429941 0.789596 0.437822 -0.873577 0.486308 -0.0191885 0.673358 2.69848 0.0186301</i>
                        <i>-0.223031 -0.378573 0.898298 0.429407 0.789132 0.439181 -0.875138 0.483687 -0.0134388 0.671883 2.70041 0.0180396</i>
                        <i>-0.218644 -0.382263 0.897814 0.428969 0.78875 0.440294 -0.876459 0.481402 -0.00847611 0.670591 2.70205 0.0175317</i>
                        <i>-0.21517 -0.385119 0.897433 0.42864 0.788463 0.441128 -0.877479 0.479593 -0.00457637 0.669565 2.70332 0.0171343</i>
                        <i>-0.212887 -0.386965 0.897183 0.428432 0.788281 0.441655 -0.878137 0.478404 -0.00202627 0.668889 2.70414 0.0168753</i>
                        <i>-0.212064 -0.387625 0.897093 0.428358 0.788217 0.44184 -0.878372 0.477976 -0.00111005 0.668645 2.70443 0.0167823</i>
                    </KeyFrames>
                </p>
            </i>
            <i>
                <p>
                    <Name><![CDATA[l_elbow]]></Name>
                    <Exclude>0</Exclude>
                    <Additive>0</Additive>
                    <IKPriority>0</IKPriority>
                    <IKRotLimits>-1e+010 -1e+010 -1e+010 1e+010 1e+010 1e+010</IKRotLimits>
                    <IKRotLimitOrder>0</IKRotLimitOrder>
                    <KeyFrames count="30">
                        <i>-0.898321 0.426884 0.103873 0.426215 0.789419 0.441768 0.106584 0.441121 -0.891096 0.599665 2.57835 0.308586</i>
                        <i>-0.898258 0.427096 0.103546 0.426279 0.789476 0.441604 0.10686 0.440814 -0.891215 0.599645 2.57828 0.308692</i>
                        <i>-0.898078 0.427695 0.102628 0.426463 0.789637 0.441138 0.107634 0.439944 -0.891552 0.599586 2.57808 0.308991</i>
                        <i>-0.897797 0.428622 0.101211 0.426754 0.789893 0.440397 0.108818 0.43858 -0.89208 0.599495 2.57778 0.309451</i>
