<?xml version="1.0" encoding="ISO-8859-1" ?>
<Animl Version="1">
    <ModellingPackage><![CDATA[Maya.2010]]></ModellingPackage>
    <SrcFile><![CDATA[anims\vehicles\blue\~src\air\helicopter_apache\apache_exit_crewman_b.mb]]></SrcFile>
    <FramesPerSecond>30</FramesPerSecond>
    <TotalFrames>61</TotalFrames>
    <Skeleton>
        <RefFrame>
            <Name><![CDATA[soldier_ref_frame]]></Name>
            <Exclude>0</Exclude>
            <Additive>0</Additive>
            <IKPriority>0</IKPriority>
            <IKRotLimits>-1e+010 -1e+010 -1e+010 1e+010 1e+010 1e+010</IKRotLimits>
            <IKRotLimitOrder>0</IKRotLimitOrder>
            <KeyFrames count="61">
                <i>1 0 0 0 1 0 0 0 1 -1.44964 0 2.14964</i>
                <i>1 0 0 0 1 0 0 0 1 -1.44964 0 2.14964</i>
                <i>1 0 0 0 1 0 0 0 1 -1.44964 0 2.14964</i>
                <i>1 0 0 0 1 0 0 0 1 -1.44964 0 2.14964</i>
                <i>1 0 0 0 1 0 0 0 1 -1.44964 0 2.14964</i>
                <i>1 0 0 0 1 0 0 0 1 -1.44964 0 2.14964</i>
                <i>1 0 0 0 1 0 0 0 1 -1.44964 0 2.14964</i>
                <i>1 0 0 0 1 0 0 0 1 -1.44964 0 2.14964</i>
                <i>1 0 0 0 1 0 0 0 1 -1.44964 0 2.14964</i>
                <i>1 0 0 0 1 0 0 0 1 -1.44964 0 2.14964</i>
                <i>1 0 0 0 1 0 0 0 1 -1.44964 0 2.14964</i>
                <i>1 0 0 0 1 0 0 0 1 -1.44964 0 2.14964</i>
                <i>1 0 0 0 1 0 0 0 1 -1.44964 0 2.14964</i>
                <i>1 0 0 0 1 0 0 0 1 -1.44964 0 2.14964</i>
                <i>1 0 0 0 1 0 0 0 1 -1.44964 0 2.14964</i>
                <i>1 0 0 0 1 0 0 0 1 -1.44964 0 2.14964</i>
                <i>1 0 0 0 1 0 0 0 1 -1.44964 0 2.14964</i>
                <i>1 0 0 0 1 0 0 0 1 -1.44964 0 2.14964</i>
                <i>1 0 0 0 1 0 0 0 1 -1.44964 0 2.14964</i>
                <i>1 0 0 0 1 0 0 0 1 -1.44964 0 2.14964</i>
                <i>1 0 0 0 1 0 0 0 1 -1.44964 0 2.14964</i>
                <i>1 0 0 0 1 0 0 0 1 -1.44964 0 2.14964</i>
                <i>1 0 0 0 1 0 0 0 1 -1.44964 0 2.14964</i>
                <i>1 0 0 0 1 0 0 0 1 -1.44964 0 2.14964</i>
                <i>1 0 0 0 1 0 0 0 1 -1.44964 0 2.14964</i>
                <i>1 0 0 0 1 0 0 0 1 -1.44964 0 2.14964</i>
                <i>1 0 0 0 1 0 0 0 1 -1.44964 0 2.14964</i>
                <i>1 0 0 0 1 0 0 0 1 -1.44964 0 2.14964</i>
                <i>1 0 0 0 1 0 0 0 1 -1.44964 0 2.14964</i>
                <i>1 0 0 0 1 0 0 0 1 -1.44964 0 2.14964</i>
                <i>1 0 0 0 1 0 0 0 1 -1.44964 0 2.14964</i>
                <i>1 0 0 0 1 0 0 0 1 -1.44964 0 2.14964</i>
                <i>1 0 0 0 1 0 0 0 1 -1.44964 0 2.14964</i>
                <i>1 0 0 0 1 0 0 0 1 -1.44964 0 2.14964</i>
                <i>1 0 0 0 1 0 0 0 1 -1.44964 0 2.14964</i>
                <i>1 0 0 0 1 0 0 0 1 -1.44964 0 2.14964</i>
                <i>1 0 0 0 1 0 0 0 1 -1.44964 0 2.14964</i>
                <i>1 0 0 0 1 0 0 0 1 -1.44964 0 2.14964</i>
                <i>1 0 0 0 1 0 0 0 1 -1.44964 0 2.14964</i>
                <i>1 0 0 0 1 0 0 0 1 -1.44964 0 2.14964</i>
                <i>1 0 0 0 1 0 0 0 1 -1.44964 0 2.14964</i>
                <i>1 0 0 0 1 0 0 0 1 -1.44964 0 2.14964</i>
                <i>1 0 0 0 1 0 0 0 1 -1.44964 0 2.14964</i>
                <i>1 0 0 0 1 0 0 0 1 -1.44964 0 2.14964</i>
                <i>1 0 0 0 1 0 0 0 1 -1.44964 0 2.14964</i>
                <i>1 0 0 0 1 0 0 0 1 -1.44964 0 2.14964</i>
                <i>1 0 0 0 1 0 0 0 1 -1.44964 0 2.14964</i>
                <i>1 0 0 0 1 0 0 0 1 -1.44964 0 2.14964</i>
                <i>1 0 0 0 1 0 0 0 1 -1.44964 0 2.14964</i>
                <i>1 0 0 0 1 0 0 0 1 -1.44964 0 2.14964</i>
                <i>1 0 0 0 1 0 0 0 1 -1.44964 0 2.14964</i>
                <i>1 0 0 0 1 0 0 0 1 -1.44964 0 2.14964</i>
                <i>1 0 0 0 1 0 0 0 1 -1.44964 0 2.14964</i>
                <i>1 0 0 0 1 0 0 0 1 -1.44964 0 2.14964</i>
                <i>1 0 0 0 1 0 0 0 1 -1.44964 0 2.14964</i>
                <i>1 0 0 0 1 0 0 0 1 -1.44964 0 2.14964</i>
                <i>1 0 0 0 1 0 0 0 1 -1.44964 0 2.14964</i>
                <i>1 0 0 0 1 0 0 0 1 -1.44964 0 2.14964</i>
                <i>1 0 0 0 1 0 0 0 1 -1.44964 0 2.14964</i>
                <i>1 0 0 0 1 0 0 0 1 -1.44964 0 2.14964</i>
                <i>1 0 0 0 1 0 0 0 1 -1.44964 0 2.14964</i>
            </KeyFrames>
        </RefFrame>
        <Bones count="23">
            <i>
                <p>
                    <Name><![CDATA[pelvis]]></Name>
                    <Exclude>0</Exclude>
                    <Additive>0</Additive>
                    <IKPriority>0</IKPriority>
                    <IKRotLimits>-1e+010 -1e+010 -1e+010 1e+010 1e+010 1e+010</IKRotLimits>
                    <IKRotLimitOrder>2</IKRotLimitOrder>
                    <KeyFrames count="61">
                        <i>1 0 0 0 1 0 0 0 1 0.0422141 2.03369 1.55538</i>
                        <i>1 0 0 0 1 0 0 0 1 0.0414362 2.02365 1.5509</i>
                        <i>1 0 0 0 1 0 0 0 1 0.0401917 2.00692 1.54336</i>
                        <i>1 0 0 0 1 0 0 0 1 0.0399507 2.00357 1.54184</i>
                        <i>1 0 0 0 1 0 0 0 1 0.0422141 2.03369 1.55538</i>
                        <i>1 0 0 0 1 0 0 0 1 0.055376 2.12896 1.59539</i>
                        <i>1 0 0 0 1 0 0 0 1 0.0762007 2.2712 1.65052</i>
                        <i>1 0 0 0 1 0 0 0 1 0.0864026 2.40613 1.69825</i>
                        <i>1 0 0 0 1 0 0 0 1 0.0882295 2.52184 1.73365</i>
                        <i>1 0 0 0 1 0 0 0 1 0.0776708 2.63066 1.75988</i>
                        <i>1 0 0 0 1 0 0 0 1 0.0219512 2.71534 1.77327</i>
                        <i>1 0 0 0 1 0 0 0 1 -0.105987 2.77327 1.77302</i>
                        <i>1 0 0 0 1 0 0 0 1 -0.288299 2.80717 1.76618</i>
                        <i>1 0 0 0 1 0 0 0 1 -0.486959 2.8074 1.76016</i>
                        <i>1 0 0 0 1 0 0 0 1 -0.701927 2.73747 1.75885</i>
                        <i>1 0 0 0 1 0 0 0 1 -0.912711 2.61499 1.77412</i>
                        <i>1 0 0 0 1 0 0 0 1 -1.09743 2.47764 1.80766</i>
                        <i>1 0 0 0 1 0 0 0 1 -1.27683 2.32701 1.85091</i>
                        <i>1 0 0 0 1 0 0 0 1 -1.4372 2.18182 1.89944</i>
                        <i>1 0 0 0 1 0 0 0 1 -1.56543 2.06069 1.94696</i>
                        <i>1 0 0 0 1 0 0 0 1 -1.60285 2.0126 1.98324</i>
                        <i>1 0 0 0 1 0 0 0 1 -1.58938 1.99936 2.01247</i>
                        <i>1 0 0 0 1 0 0 0 1 -1.5948 1.96557 2.03671</i>
                        <i>1 0 0 0 1 0 0 0 1 -1.61409 1.92776 2.05285</i>
                        <i>1 0 0 0 1 0 0 0 1 -1.65277 1.88445 2.05385</i>
                        <i>1 0 0 0 1 0 0 0 1 -1.70569 1.83409 2.03271</i>
                        <i>1 0 0 0 1 0 0 0 1 -1.75584 1.78046 1.98756</i>
                        <i>1 0 0 0 1 0 0 0 1 -1.78822 1.70551 1.93381</i>
                        <i>1 0 0 0 1 0 0 0 1 -1.72078 1.57718 1.8887</i>
                        <i>1 0 0 0 1 0 0 0 1 -1.57947 1.43392 1.90576</i>
                        <i>1 0 0 0 1 0 0 0 1 -1.53864 1.299 1.93229</i>
                        <i>1 0 0 0 1 0 0 0 1 -1.52733 1.15525 1.95742</i>
                        <i>1 0 0 0 1 0 0 0 1 -1.5335 1.0196 1.97799</i>
                        <i>1 0 0 0 1 0 0 0 1 -1.54461 0.908884 1.99421</i>
                        <i>1 0 0 0 1 0 0 0 1 -1.54964 0.84 2.00626</i>
                        <i>1 0 0 0 1 0 0 0 1 -1.54964 0.85768 2.00626</i>
                        <i>1 0 0 0 1 0 0 0 1 -1.54964 0.89984 2.00626</i>
                        <i>1 0 0 0 1 0 0 0 1 -1.54964 0.95016 2.00626</i>
                        <i>1 0 0 0 1 0 0 0 1 -1.54964 0.99232 2.00626</i>
                        <i>1 0 0 0 1 0 0 0 1 -1.54964 1.01 2.00626</i>
                        <i>1 0 0 0 1 0 0 0 1 -1.54457 1.03813 2.03528</i>
                        <i>1 0 0 0 1 0 0 0 1 -1.54162 1.06608 2.07547</i>
                        <i>1 0 0 0 1 0 0 0 1 -1.53645 1.09199 2.12029</i>
                        <i>1 0 0 0 1 0 0 0 1 -1.52425 1.11395 2.16357</i>
                        <i>1 0 0 0 1 0 0 0 1 -1.49964 1.13 2.19964</i>
                        <i>1 0 0 0 1 0 0 0 1 -1.45826 1.13853 2.22768</i>
                        <i>1 0 0 0 1 0 0 0 1 -1.40342 1.14097 2.25254</i>
                        <i>1 0 0 0 1 0 0 0 1 -1.34099 1.13992 2.27701</i>
                        <i>1 0 0 0 1 0 0 0 1 -1.27709 1.13802 2.30322</i>
                        <i>1 0 0 0 1 0 0 0 1 -1.21795 1.13797 2.33265</i>
                        <i>1 0 0 0 1 0 0 0 1 -1.21795 1.13797 2.33265</i>
                        <i>1 0 0 0 1 0 0 0 1 -1.21795 1.13797 2.33265</i>
                        <i>1 0 0 0 1 0 0 0 1 -1.21795 1.13797 2.33265</i>
                        <i>1 0 0 0 1 0 0 0 1 -1.21795 1.13797 2.33265</i>
                        <i>1 0 0 0 1 0 0 0 1 -1.21795 1.13797 2.33265</i>
                        <i>1 0 0 0 1 0 0 0 1 -1.21795 1.13797 2.33265</i>
                        <i>1 0 0 0 1 0 0 0 1 -1.21795 1.13797 2.33265</i>
                        <i>1 0 0 0 1 0 0 0 1 -1.21795 1.13797 2.33265</i>
                        <i>1 0 0 0 1 0 0 0 1 -1.21795 1.13797 2.33265</i>
                        <i>1 0 0 0 1 0 0 0 1 -1.21795 1.13797 2.33265</i>
                        <i>1 0 0 0 1 0 0 0 1 -1.21795 1.13797 2.33265</i>
                    </KeyFrames>
                </p>
            </i>
            <i>
                <p>
                    <Name><![CDATA[spine0]]></Name>
                    <Exclude>0</Exclude>
                    <Additive>0</Additive>
                    <IKPriority>0</IKPriority>
                    <IKRotLimits>-1e+010 -1e+010 -1e+010 1e+010 1e+010 1e+010</IKRotLimits>
                    <IKRotLimitOrder>0</IKRotLimitOrder>
                    <KeyFrames count="61">
                        <i>-0.0317085 0.99495 0.0952298 -0.998495 -0.0357979 0.041545 0.0447443 -0.0937691 0.994588 0.0431012 2.15511 1.47823</i>
                        <i>-0.0323411 0.99574 0.0863531 -0.998717 -0.0355641 0.0360499 0.0389674 -0.0850764 0.995612 0.042769 2.14465 1.47308</i>
                        <i>-0.0331907 0.996887 0.0715135 -0.999019 -0.0351908 0.026892 0.0293249 -0.0705507 0.997077 0.0422821 2.12719 1.46445</i>
                        <i>-0.0333299 0.997092 0.0685393 -0.999069 -0.0351187 0.0250605 0.0273947 -0.0676402 0.997334 0.0421947 2.12369 1.46271</i>
                        <i>-0.0317085 0.99495 0.0952298 -0.998495 -0.0357979 0.041545 0.0447443 -0.0937691 0.994588 0.0431012 2.15511 1.47823</i>
                        <i>-0.0218941 0.983681 0.178584 -0.995284 -0.0383308 0.0891144 0.0945054 -0.17579 0.979881 0.0526953 2.25422 1.5247</i>
                        <i>0.00710709 0.954675 0.297566 -0.985779 -0.0432738 0.162379 0.167896 -0.294489 0.940791 0.0691358 2.40153 1.59004</i>
                        <i>0.0541578 0.915073 0.399635 -0.968288 -0.0496287 0.244859 0.243897 -0.400223 0.883366 0.0757759 2.54056 1.64813</i>
                        <i>0.110129 0.875407 0.470675 -0.943726 -0.0564839 0.325869 0.311854 -0.480076 0.819923 0.0751981 2.65907 1.69247</i>
                        <i>0.178807 0.834203 0.521665 -0.907918 -0.064393 0.414172 0.379095 -0.547685 0.745874 0.0629929 2.77002 1.7273</i>
                        <i>0.263774 0.797363 0.542803 -0.850451 -0.0732825 0.520924 0.455144 -0.599034 0.658789 0.00585288 2.85618 1.74876</i>
                        <i>0.367396 0.769738 0.522039 -0.753152 -0.0831004 0.652577 0.545695 -0.632928 0.549198 -0.123425 2.91508 1.75622</i>
                        <i>0.470856 0.754909 0.456517 -0.614022 -0.091134 0.78401 0.63346 -0.649467 0.42062 -0.306779 2.94946 1.7558</i>
                        <i>0.546822 0.754992 0.361903 -0.456498 -0.0934953 0.884799 0.701852 -0.649035 0.293527 -0.507026 2.94971 1.75376</i>
                        <i>0.588092 0.769304 0.249636 -0.288473 -0.0888378 0.953358 0.755599 -0.632676 0.169679 -0.724913 2.87943 1.75492</i>
                        <i>0.5592 0.81563 0.148468 -0.152585 -0.0747687 0.985458 0.81487 -0.573722 0.0826424 -0.945419 2.75503 1.77023</i>
                        <i>0.448787 0.889899 0.0816707 -0.0754942 -0.0533099 0.99572 0.890444 -0.453032 0.0432574 -1.1492 2.61175 1.80229</i>
                        <i>0.295882 0.954654 0.0329998 -0.02012 -0.0283105 0.999397 0.955013 -0.296368 0.0108311 -1.35034 2.45053 1.84515</i>
                        <i>0.136615 0.990622 0.00202291 0.0157423 -0.00421279 0.999867 0.990499 -0.136565 -0.0161702 -1.52996 2.29167 1.8945</i>
                        <i>0.0119666 0.999816 -0.0149757 0.0365989 0.0145288 0.999224 0.999258 -0.0125054 -0.0364183 -1.67142 2.1579 1.94357</i>
                        <i>0.000984745 0.999821 -0.0189206 0.0121409 0.0189073 0.999748 0.999926 -0.00121421 -0.0121201 -1.71082 2.10754 1.97826</i>
                        <i>0.0526254 0.998547 -0.0116207 -0.0381269 0.0136374 0.99918 0.997886 -0.0521392 0.0387891 -1.69381 2.098 2.00455</i>
                        <i>0.0907221 0.995876 -0.00099985 -0.0754072 0.00787053 0.997122 0.993017 -0.0903856 0.0758102 -1.69745 2.066 2.02818</i>
                        <i>0.129187 0.991544 0.0123136 -0.10888 0.00184111 0.994053 0.985625 -0.12976 0.108197 -1.71479 2.03016 2.04448</i>
                        <i>0.161323 0.986614 0.0238483 -0.13593 -0.00172144 0.990717 0.977496 -0.163067 0.133832 -1.75151 1.98879 2.04599</i>
                        <i>0.183229 0.982633 0.029305 -0.1546 -0.000636582 0.987977 0.970838 -0.185557 0.151798 -1.80236 1.94037 2.02525</i>
                        <i>0.198993 0.979578 0.0287748 -0.167424 0.00505096 0.985872 0.965594 -0.200999 0.16501 -1.85106 1.888 1.97955</i>
                        <i>0.192268 0.981236 0.0144813 -0.16338 0.0174557 0.986409 0.967647 -0.19202 0.16367 -1.87896 1.81684 1.92567</i>
                        <i>0.158742 0.986189 -0.0472433 -0.0931208 0.0625915 0.993685 0.982919 -0.15334 0.101771 -1.79199 1.70202 1.88235</i>
                        <i>0.171689 0.980852 -0.0919347 -0.0745966 0.105996 0.991565 0.982323 -0.163382 0.0913666 -1.62944 1.5685 1.89631</i>
                        <i>0.180032 0.980039 -0.0843332 -0.188632 0.11854 0.974867 0.965405 -0.159599 0.206208 -1.58746 1.4334 1.91648</i>
                        <i>0.180447 0.981181 -0.0687252 -0.339584 0.127723 0.931864 0.923104 -0.144814 0.35624 -1.57935 1.28702 1.93236</i>
                        <i>0.17621 0.983021 -0.0511866 -0.493102 0.133156 0.859721 0.851939 -0.126251 0.508193 -1.58878 1.14717 1.94103</i>
                        <i>0.170718 0.984734 -0.0339673 -0.618429 0.133924 0.774345 0.767073 -0.111188 0.631851 -1.60041 1.03218 1.94543</i>
                        <i>0.165916 0.985981 -0.0176766 -0.695026 0.129634 0.707201 0.699579 -0.105051 0.706791 -1.60307 0.961103 1.94991</i>
                        <i>0.162677 0.986654 -0.00711804 -0.693137 0.119411 0.710846 0.702209 -0.110705 0.703312 -1.60154 0.980076 1.95129</i>
                        <i>0.154918 0.987759 0.0182374 -0.689371 0.0948597 0.718171 0.70765 -0.12383 0.695628 -1.59783 1.02518 1.95463</i>
                        <i>0.14576 0.988114 0.0488356 -0.686248 0.0654275 0.724419 0.712614 -0.139104 0.687628 -1.59329 1.07874 1.95873</i>
                        <i>0.138347 0.987558 0.0747561 -0.684783 0.0408535 0.727601 0.715494 -0.151853 0.681915 -1.58941 1.12338 1.96225</i>
                        <i>0.135349 0.987084 0.0857026 -0.68448 0.0306143 0.728388 0.716357 -0.157248 0.679783 -1.58777 1.14204 1.96375</i>
                        <i>0.119327 0.987201 0.105812 -0.794131 0.030934 0.606959 0.595917 -0.156455 0.787658 -1.57346 1.17062 1.98725</i>
                        <i>0.107379 0.986329 0.124996 -0.893825 0.0407157 0.446563 0.435369 -0.159676 0.885978 -1.55914 1.19831 2.02156</i>
                        <i>0.0931138 0.985171 0.144111 -0.966418 0.0546096 0.251105 0.239512 -0.162653 0.957172 -1.54024 1.22368 2.06249</i>
                        <i>0.0709813 0.984684 0.159243 -0.997306 0.0670951 0.0296565 0.0185178 -0.160919 0.986794 -1.51307 1.24533 2.10604</i>
                        <i>0.0395049 0.986033 0.1618 -0.976177 0.0726585 -0.20445 -0.21335 -0.149868 0.965412 -1.47468 1.26185 2.14779</i>
                        <i>0.00544791 0.989224 0.146308 -0.898008 0.0692091 -0.434503 -0.439946 -0.129018 0.888708 -1.42335 1.27175 2.18608</i>
                        <i>-0.0208237 0.992892 0.117185 -0.764573 0.0597085 -0.641765 -0.644201 -0.10296 0.757895 -1.36336 1.27599 2.22316</i>
                        <i>-0.0337053 0.996126 0.0812224 -0.585393 0.0461921 -0.809433 -0.810049 -0.0748292 0.581568 -1.30034 1.2768 2.25948</i>
                        <i>-0.032343 0.998395 0.0465003 -0.376043 0.0309505 -0.926085 -0.926037 -0.0474385 0.374439 -1.23911 1.27657 2.29559</i>
                        <i>-0.0202792 0.999595 0.0199621 -0.155052 0.0165803 -0.987767 -0.987698 -0.0231263 0.154653 -1.18421 1.27782 2.33244</i>
                        <i>-0.0202792 0.999595 0.0199621 -0.155052 0.0165803 -0.987767 -0.987698 -0.0231263 0.154653 -1.18421 1.27782 2.33244</i>
                        <i>-0.0202792 0.999595 0.0199621 -0.155052 0.0165803 -0.987767 -0.987698 -0.0231263 0.154653 -1.18421 1.27782 2.33244</i>
                        <i>-0.0202792 0.999595 0.0199621 -0.155052 0.0165803 -0.987767 -0.987698 -0.0231263 0.154653 -1.18421 1.27782 2.33244</i>
                        <i>-0.0202792 0.999595 0.0199621 -0.155052 0.0165803 -0.987767 -0.987698 -0.0231263 0.154653 -1.18421 1.27782 2.33244</i>
                        <i>-0.0202792 0.999595 0.0199621 -0.155052 0.0165803 -0.987767 -0.987698 -0.0231263 0.154653 -1.18421 1.27782 2.33244</i>
                        <i>-0.0202792 0.999595 0.0199621 -0.155052 0.0165803 -0.987767 -0.987698 -0.0231263 0.154653 -1.18421 1.27782 2.33244</i>
                        <i>-0.0202792 0.999595 0.0199621 -0.155052 0.0165803 -0.987767 -0.987698 -0.0231263 0.154653 -1.18421 1.27782 2.33244</i>
                        <i>-0.0202792 0.999595 0.0199621 -0.155052 0.0165803 -0.987767 -0.987698 -0.0231263 0.154653 -1.18421 1.27782 2.33244</i>
                        <i>-0.0202792 0.999595 0.0199621 -0.155052 0.0165803 -0.987767 -0.987698 -0.0231263 0.154653 -1.18421 1.27782 2.33244</i>
                        <i>-0.0202792 0.999595 0.0199621 -0.155052 0.0165803 -0.987767 -0.987698 -0.0231263 0.154653 -1.18421 1.27782 2.33244</i>
                        <i>-0.0202792 0.999595 0.0199621 -0.155052 0.0165803 -0.987767 -0.987698 -0.0231263 0.154653 -1.18421 1.27782 2.33244</i>
                    </KeyFrames>
                </p>
            </i>
            <i>
                <p>
                    <Name><![CDATA[spine1]]></Name>
                    <Exclude>0</Exclude>
                    <Additive>0</Additive>
                    <IKPriority>0</IKPriority>
                    <IKRotLimits>-1e+010 -1e+010 -1e+010 1e+010 1e+010 1e+010</IKRotLimits>
                    <IKRotLimitOrder>0</IKRotLimitOrder>
                    <KeyFrames count="61">
                        <i>-0.0556172 0.899707 0.432937 -0.994601 -0.0879717 0.055047 0.0876124 -0.427538 0.899742 0.0364918 2.36221 1.49783</i>
                        <i>-0.0585571 0.904791 0.42181 -0.994885 -0.0877297 0.0500685 0.0823068 -0.416721 0.905301 0.0360223 2.35212 1.49085</i>
                        <i>-0.0631918 0.912983 0.403073 -0.995303 -0.0873315 0.0417722 0.0733383 -0.39854 0.914214 0.0353489 2.33524 1.47914</i>
                        <i>-0.0640786 0.914579 0.399298 -0.995378 -0.0872527 0.0401132 0.0715265 -0.394882 0.915943 0.0352307 2.33186 1.47679</i>
                        <i>-0.0556172 0.899707 0.432937 -0.994601 -0.0879717 0.055047 0.0876124 -0.427538 0.899742 0.0364918 2.36221 1.49783</i>
                        <i>-0.0242807 0.844917 0.534346 -0.991099 -0.0903278 0.0977921 0.130893 -0.527216 0.83959 0.0481654 2.45689 1.56128</i>
                        <i>0.0401562 0.743539 0.667486 -0.981959 -0.0941705 0.163975 0.18478 -0.662028 0.726344 0.0705438 2.595 1.65015</i>
                        <i>0.126094 0.630099 0.766209 -0.965788 -0.0984651 0.239913 0.226614 -0.770247 0.596126 0.08653 2.72303 1.72764</i>
                        <i>0.217214 0.528439 0.820713 -0.943235 -0.102785 0.315822 0.25125 -0.842726 0.476116 0.0968206 2.8314 1.78496</i>
                        <i>0.320048 0.430032 0.844181 -0.91024 -0.107539 0.399873 0.26274 -0.896386 0.357015 0.09773 2.93241 1.8287</i>
                        <i>0.441427 0.345701 0.82803 -0.856475 -0.112845 0.503703 0.26757 -0.931535 0.246271 0.0567477 3.01029 1.85353</i>
                        <i>0.586193 0.282866 0.759187 -0.763955 -0.118979 0.634205 0.269722 -0.951752 0.146352 -0.0526114 3.06367 1.85687</i>
                        <i>0.729501 0.244376 0.638833 -0.629985 -0.123655 0.7667 0.266358 -0.961764 0.0637469 -0.215744 3.09564 1.84409</i>
                        <i>0.839336 0.230846 0.492164 -0.476487 -0.123395 0.870479 0.261677 -0.965134 0.0064251 -0.400838 3.09655 1.82406</i>
                        <i>0.911768 0.243438 0.330783 -0.310884 -0.117229 0.943191 0.268386 -0.962806 -0.0312044 -0.610007 3.02998 1.80372</i>
                        <i>0.928982 0.313048 0.197465 -0.173303 -0.103515 0.979414 0.327044 -0.944079 -0.0419117 -0.835288 2.91594 1.79949</i>
                        <i>0.887989 0.444504 0.117859 -0.0899299 -0.0834898 0.992442 0.450985 -0.891877 -0.0341639 -1.0601 2.78882 1.81853</i>
                        <i>0.804823 0.59083 0.0563914 -0.0265996 -0.0590105 0.997903 0.592919 -0.804635 -0.0317772 -1.29114 2.64215 1.85177</i>
                        <i>0.697945 0.716055 0.0117585 0.0174269 -0.0333957 0.99929 0.715939 -0.697245 -0.035787 -1.5025 2.49217 1.89491</i>
                        <i>0.60228 0.798074 -0.0183522 0.0451589 -0.0111092 0.998918 0.797006 -0.602458 -0.042731 -1.66918 2.36179 1.94053</i>
                        <i>0.592145 0.805718 -0.0135026 0.0253578 -0.00188315 0.999677 0.805432 -0.592296 -0.0215463 -1.71083 2.31268 1.97438</i>
                        <i>0.629187 0.777139 0.0133646 -0.0201151 -0.000908092 0.999797 0.776994 -0.629328 0.0150609 -1.68315 2.3042 2.00214</i>
                        <i>0.651837 0.757699 0.0316263 -0.0508569 0.00206554 0.998704 0.756652 -0.652601 0.0398806 -1.67877 2.27356 2.02795</i>
                        <i>0.670949 0.739906 0.0486337 -0.0781715 0.0053587 0.996926 0.737371 -0.672688 0.0614351 -1.68781 2.23907 2.04705</i>
                        <i>0.682085 0.72871 0.0611776 -0.101032 0.0110493 0.994822 0.724261 -0.684733 0.0811598 -1.71738 2.19907 2.05104</i>
                        <i>0.683249 0.727149 0.0665303 -0.118976 0.020968 0.992676 0.720428 -0.68616 0.100839 -1.76316 2.15207 2.03152</i>
                        <i>0.681392 0.728753 0.0679953 -0.134649 0.0334973 0.990327 0.719427 -0.683956 0.120951 -1.80798 2.10146 1.98577</i>
                        <i>0.653267 0.755399 0.0511359 -0.139525 0.0537279 0.98876 0.744161 -0.653059 0.140496 -1.83735 2.03063 1.92878</i>
                        <i>0.541818 0.839215 -0.0463755 -0.0890772 0.112201 0.989685 0.835762 -0.532098 0.135547 -1.75884 1.90942 1.8724</i>
                        <i>0.45065 0.8862 -0.107535 -0.084185 0.162112 0.983175 0.888722 -0.434015 0.14766 -1.59453 1.76908 1.8775</i>
                        <i>0.444629 0.893398 -0.0643774 -0.204286 0.171123 0.963838 0.872108 -0.415399 0.258595 -1.55095 1.63323 1.89925</i>
                        <i>0.445105 0.895468 0.00428253 -0.360588 0.174853 0.916189 0.81967 -0.409344 0.400723 -1.54267 1.4875 1.91825</i>
                        <i>0.437695 0.895111 0.0848488 -0.517741 0.17376 0.837706 0.735097 -0.41059 0.539489 -1.55276 1.34909 1.93041</i>
                        <i>0.418414 0.893956 0.160539 -0.644396 0.167623 0.746094 0.640065 -0.415627 0.646198 -1.56531 1.23561 1.93828</i>
                        <i>0.395316 0.893026 0.215011 -0.720739 0.156455 0.67532 0.569439 -0.421931 0.705488 -1.56888 1.1652 1.9461</i>
                        <i>0.391809 0.891471 0.227519 -0.717712 0.141426 0.681828 0.575653 -0.430439 0.695231 -1.56811 1.18373 1.94967</i>
                        <i>0.383004 0.887196 0.257276 -0.711567 0.105755 0.694613 0.58905 -0.449108 0.671805 -1.56621 1.22771 1.95823</i>
                        <i>0.371695 0.881048 0.292571 -0.706315 0.0638653 0.70501 0.602463 -0.468696 0.646036 -1.56378 1.2798 1.96853</i>
                        <i>0.361576 0.875025 0.32186 -0.703738 0.0296974 0.709839 0.611568 -0.483166 0.626526 -1.56157 1.3231 1.97724</i>
                        <i>0.357166 0.872265 0.334045 -0.703165 0.0156947 0.710854 0.61481 -0.488781 0.618952 -1.5606 1.34117 1.98091</i>
                        <i>0.284758 0.87279 0.396423 -0.81129 -0.000853313 0.584643 0.510609 -0.488096 0.707843 -1.54971 1.368 2.00827</i>
                        <i>0.194203 0.86866 0.455757 -0.908328 -0.0162096 0.417944 0.370439 -0.495143 0.785881 -1.53787 1.39429 2.04625</i>
                        <i>0.0835413 0.864564 0.49553 -0.976324 -0.0285568 0.214422 0.199532 -0.501711 0.841709 -1.52188 1.41837 2.09082</i>
                        <i>-0.0392466 0.865368 0.499598 -0.999218 -0.03639 -0.0154627 0.00479949 -0.499815 0.866119 -1.49916 1.43842 2.13711</i>
                        <i>-0.155905 0.875795 0.456812 -0.966161 -0.0389994 -0.254972 -0.205488 -0.481105 0.85224 -1.46701 1.45262 2.17896</i>
                        <i>-0.24304 0.896431 0.370598 -0.873961 -0.0366006 -0.484617 -0.420861 -0.441669 0.792341 -1.42227 1.45933 2.21373</i>
                        <i>-0.285538 0.922167 0.260913 -0.727033 -0.0310528 -0.685899 -0.624412 -0.385543 0.679313 -1.36717 1.45991 2.2448</i>
                        <i>-0.279259 0.948407 0.150132 -0.536827 -0.0245698 -0.843335 -0.796136 -0.316103 0.515991 -1.3064 1.45704 2.27414</i>
                        <i>-0.232885 0.970714 0.0589892 -0.319749 -0.0191443 -0.947309 -0.918436 -0.239475 0.314843 -1.24481 1.45346 2.30381</i>
                        <i>-0.165473 0.986214 -0.000708086 -0.0942007 -0.0165202 -0.995416 -0.981705 -0.164648 0.0956357 -1.18773 1.45198 2.33592</i>
                        <i>-0.165473 0.986214 -0.000708086 -0.0942007 -0.0165202 -0.995416 -0.981705 -0.164648 0.0956357 -1.18773 1.45198 2.33592</i>
                        <i>-0.165473 0.986214 -0.000708086 -0.0942007 -0.0165202 -0.995416 -0.981705 -0.164648 0.0956357 -1.18773 1.45198 2.33592</i>
                        <i>-0.165473 0.986214 -0.000708086 -0.0942007 -0.0165202 -0.995416 -0.981705 -0.164648 0.0956357 -1.18773 1.45198 2.33592</i>
                        <i>-0.165473 0.986214 -0.000708086 -0.0942007 -0.0165202 -0.995416 -0.981705 -0.164648 0.0956357 -1.18773 1.45198 2.33592</i>
                        <i>-0.165473 0.986214 -0.000708086 -0.0942007 -0.0165202 -0.995416 -0.981705 -0.164648 0.0956357 -1.18773 1.45198 2.33592</i>
                        <i>-0.165473 0.986214 -0.000708086 -0.0942007 -0.0165202 -0.995416 -0.981705 -0.164648 0.0956357 -1.18773 1.45198 2.33592</i>
                        <i>-0.165473 0.986214 -0.000708086 -0.0942007 -0.0165202 -0.995416 -0.981705 -0.164648 0.0956357 -1.18773 1.45198 2.33592</i>
                        <i>-0.165473 0.986214 -0.000708086 -0.0942007 -0.0165202 -0.995416 -0.981705 -0.164648 0.0956357 -1.18773 1.45198 2.33592</i>
                        <i>-0.165473 0.986214 -0.000708086 -0.0942007 -0.0165202 -0.995416 -0.981705 -0.164648 0.0956357 -1.18773 1.45198 2.33592</i>
                        <i>-0.165473 0.986214 -0.000708086 -0.0942007 -0.0165202 -0.995416 -0.981705 -0.164648 0.0956357 -1.18773 1.45198 2.33592</i>
                        <i>-0.165473 0.986214 -0.000708086 -0.0942007 -0.0165202 -0.995416 -0.981705 -0.164648 0.0956357 -1.18773 1.45198 2.33592</i>
                    </KeyFrames>
                </p>
            </i>
            <i>
                <p>
                    <Name><![CDATA[spine2]]></Name>
                    <Exclude>0</Exclude>
                    <Additive>0</Additive>
                    <IKPriority>0</IKPriority>
                    <IKRotLimits>-1e+010 -1e+010 -1e+010 1e+010 1e+010 1e+010</IKRotLimits>
                    <IKRotLimitOrder>0</IKRotLimitOrder>
                    <KeyFrames count="61">
                        <i>-0.0224124 0.854124 0.519586 -0.99602 -0.0639194 0.0621109 0.086262 -0.516126 0.852158 0.0259165 2.53418 1.58123</i>
                        <i>-0.0261042 0.859937 0.509733 -0.996321 -0.0640185 0.0569784 0.0816302 -0.50637 0.858444 0.0248699 2.52524 1.5722</i>
                        <i>-0.0320188 0.869394 0.493081 -0.996762 -0.0641847 0.0484437 0.073765 -0.489933 0.868633 0.0232829 2.51024 1.55705</i>
                        <i>-0.0331656 0.87125 0.489717 -0.996841 -0.0642181 0.0467397 0.0721707 -0.48662 0.870628 0.0229892 2.50722 1.554</i>
                        <i>-0.0224124 0.854124 0.519586 -0.99602 -0.0639194 0.0621109 0.086262 -0.516126 0.852158 0.0259165 2.53418 1.58123</i>
                        <i>0.0150187 0.794106 0.607594 -0.992295 -0.0629029 0.10674 0.122982 -0.604516 0.787042 0.0436591 2.61663 1.66296</i>
                        <i>0.0864999 0.689294 0.719299 -0.982243 -0.0616482 0.177197 0.166484 -0.721854 0.671721 0.078139 2.73311 1.77484</i>
                        <i>0.177385 0.575806 0.798112 -0.964008 -0.0615397 0.258654 0.19805 -0.815267 0.544165 0.109762 2.83807 1.8683</i>
                        <i>0.271368 0.474852 0.837183 -0.938386 -0.0628536 0.339824 0.213986 -0.877818 0.428538 0.136231 2.92653 1.93358</i>
                        <i>0.375707 0.376466 0.846828 -0.90098 -0.065562 0.428879 0.216978 -0.924108 0.314556 0.155074 3.00884 1.97976</i>
                        <i>0.497552 0.287432 0.818429 -0.841244 -0.0702034 0.536078 0.211542 -0.955225 0.206871 0.135208 3.07119 2.00056</i>
                        <i>0.641434 0.211288 0.737509 -0.741281 -0.0769736 0.666767 0.197649 -0.974388 0.10725 0.0513953 3.11333 1.99146</i>
                        <i>0.781392 0.153449 0.60488 -0.599819 -0.0827491 0.795845 0.172175 -0.984686 0.0273821 -0.0859621 3.13859 1.95765</i>
                        <i>0.885887 0.120183 0.448063 -0.440732 -0.0833835 0.893758 0.144775 -0.989244 -0.0209 -0.25089 3.13725 1.91191</i>
                        <i>0.953428 0.112443 0.279877 -0.272331 -0.0779575 0.95904 0.129656 -0.990595 -0.0437053 -0.446114 3.07318 1.86311</i>
                        <i>0.975396 0.165035 0.146169 -0.137153 -0.0648254 0.988426 0.1726 -0.984155 -0.0405955 -0.666902 2.97208 1.83522</i>
                        <i>0.954924 0.288211 0.0711021 -0.0605069 -0.0455173 0.997129 0.29062 -0.956485 -0.0260268 -0.897649 2.86947 1.84003</i>
                        <i>0.900814 0.433978 0.0140108 -0.00455512 -0.0228208 0.999729 0.43418 -0.900634 -0.0185805 -1.14246 2.75052 1.86214</i>
                        <i>0.823508 0.566653 -0.027199 0.0335274 -0.00075243 0.999437 0.566313 -0.823956 -0.019618 -1.37232 2.6248 1.89707</i>
                        <i>0.749854 0.65935 -0.0545587 0.0581881 0.0164198 0.998171 0.659039 -0.751657 -0.0260539 -1.55585 2.51086 1.93705</i>
                        <i>0.74036 0.670931 -0.0414523 0.0397531 0.0178578 0.99905 0.671034 -0.741305 -0.0134504 -1.5987 2.4641 1.97181</i>
                        <i>0.764735 0.644338 -0.00289236 -0.00277811 0.00778594 0.999966 0.644339 -0.764701 0.00774422 -1.56328 2.45114 2.00467</i>
                        <i>0.774139 0.632482 0.0259741 -0.0308492 -0.00328868 0.999519 0.632263 -0.774568 0.0169657 -1.55345 2.41812 2.03401</i>
                        <i>0.779702 0.623913 0.0528845 -0.0561617 -0.0144349 0.998317 0.623627 -0.78136 0.0237851 -1.55742 2.38175 2.05647</i>
                        <i>0.779357 0.622157 0.0743193 -0.0780629 -0.0212756 0.996721 0.621698 -0.782604 0.0319861 -1.58329 2.3412 2.06305</i>
                        <i>0.772559 0.628911 0.0873108 -0.0963319 -0.0198206 0.995152 0.627593 -0.777224 0.0452717 -1.62737 2.29543 2.04473</i>
                        <i>0.764719 0.637519 0.0936663 -0.11347 -0.00985723 0.993493 0.634294 -0.770371 0.0648012 -1.67099 2.24678 1.99945</i>
                        <i>0.74079 0.666697 0.0821333 -0.122681 0.0140639 0.992346 0.660439 -0.745196 0.0922096 -1.70599 2.18132 1.93911</i>
                        <i>0.668304 0.743834 -0.00898157 -0.0862566 0.0894791 0.992247 0.73887 -0.662348 0.12396 -1.65357 2.07131 1.86352</i>
                        <i>0.602679 0.795935 -0.0571433 -0.100614 0.146832 0.984031 0.791615 -0.587306 0.168575 -1.50931 1.93555 1.85737</i>
                        <i>0.572056 0.820012 0.0182034 -0.232785 0.141035 0.962247 0.786487 -0.554697 0.271567 -1.46712 1.80059 1.88733</i>
                        <i>0.526792 0.841831 0.11752 -0.39844 0.122437 0.908985 0.750823 -0.525671 0.399918 -1.45861 1.6556 1.91929</i>
                        <i>0.465089 0.858825 0.214737 -0.56034 0.0978008 0.822468 0.685355 -0.502847 0.52672 -1.4697 1.51799 1.94676</i>
                        <i>0.399542 0.868982 0.291951 -0.687526 0.0733939 0.722441 0.606362 -0.48937 0.626772 -1.48549 1.40522 1.96917</i>
                        <i>0.352811 0.870889 0.342164 -0.762521 0.0556667 0.644564 0.542297 -0.488316 0.683712 -1.49334 1.33497 1.98746</i>
                        <i>0.363067 0.861221 0.355642 -0.758196 0.0512111 0.650012 0.541591 -0.505644 0.671567 -1.49345 1.35271 1.99327</i>
                        <i>0.387486 0.836747 0.386921 -0.748295 0.0403449 0.662139 0.538432 -0.546101 0.641767 -1.4937 1.39475 2.00712</i>
                        <i>0.416563 0.804967 0.422496 -0.737242 0.0271907 0.675082 0.531931 -0.592696 0.604782 -1.49394 1.4444 2.02363</i>
                        <i>0.440861 0.77624 0.450659 -0.728611 0.0162762 0.684735 0.524183 -0.630228 0.572752 -1.49405 1.48557 2.03742</i>
                        <i>0.451033 0.763635 0.461986 -0.725156 0.0117842 0.688484 0.520306 -0.645541 0.559069 -1.49406 1.50272 2.0432</i>
                        <i>0.354083 0.760309 0.54457 -0.832539 -0.00900418 0.553893 0.426033 -0.6495 0.629798 -1.49714 1.52822 2.08149</i>
                        <i>0.213842 0.758351 0.615772 -0.927776 -0.0396514 0.371025 0.305783 -0.65064 0.6951 -1.50225 1.55277 2.12988</i>
                        <i>0.0431838 0.75804 0.650777 -0.986556 -0.0704097 0.14748 0.157617 -0.648396 0.744808 -1.50664 1.57523 2.18123</i>
                        <i>-0.134323 0.76087 0.63485 -0.990815 -0.0930272 -0.0981455 -0.0156176 -0.642202 0.766376 -1.50626 1.59424 2.22755</i>
                        <i>-0.290341 0.769291 0.569116 -0.934829 -0.10096 -0.340444 -0.204443 -0.630871 0.748468 -1.49486 1.60824 2.26054</i>
                        <i>-0.406026 0.784433 0.468837 -0.824136 -0.0926138 -0.558768 -0.394895 -0.61326 0.684083 -1.46482 1.6155 2.27858</i>
                        <i>-0.479181 0.804195 0.351647 -0.666955 -0.0731746 -0.741496 -0.570576 -0.589843 0.571426 -1.41601 1.61694 2.28938</i>
                        <i>-0.513034 0.82609 0.233175 -0.474709 -0.0467313 -0.878901 -0.715155 -0.561597 0.416127 -1.35305 1.61487 2.29917</i>
                        <i>-0.516142 0.847512 0.123775 -0.261255 -0.0181583 -0.965099 -0.815686 -0.530465 0.230789 -1.28289 1.61173 2.31341</i>
                        <i>-0.498915 0.866243 0.0265938 -0.0417007 0.00665512 -0.999108 -0.865647 -0.499579 0.0328026 -1.21433 1.61016 2.33575</i>
                        <i>-0.498915 0.866243 0.0265938 -0.0417007 0.00665512 -0.999108 -0.865647 -0.499579 0.0328026 -1.21433 1.61016 2.33575</i>
                        <i>-0.498915 0.866243 0.0265938 -0.0417007 0.00665512 -0.999108 -0.865647 -0.499579 0.0328026 -1.21433 1.61016 2.33575</i>
                        <i>-0.498915 0.866243 0.0265938 -0.0417007 0.00665512 -0.999108 -0.865647 -0.499579 0.0328026 -1.21433 1.61016 2.33575</i>
                        <i>-0.498915 0.866243 0.0265938 -0.0417007 0.00665512 -0.999108 -0.865647 -0.499579 0.0328026 -1.21433 1.61016 2.33575</i>
                        <i>-0.498915 0.866243 0.0265938 -0.0417007 0.00665512 -0.999108 -0.865647 -0.499579 0.0328026 -1.21433 1.61016 2.33575</i>
                        <i>-0.498915 0.866243 0.0265938 -0.0417007 0.00665512 -0.999108 -0.865647 -0.499579 0.0328026 -1.21433 1.61016 2.33575</i>
                        <i>-0.498915 0.866243 0.0265938 -0.0417007 0.00665512 -0.999108 -0.865647 -0.499579 0.0328026 -1.21433 1.61016 2.33575</i>
                        <i>-0.498915 0.866243 0.0265938 -0.0417007 0.00665512 -0.999108 -0.865647 -0.499579 0.0328026 -1.21433 1.61016 2.33575</i>
                        <i>-0.498915 0.866243 0.0265938 -0.0417007 0.00665512 -0.999108 -0.865647 -0.499579 0.0328026 -1.21433 1.61016 2.33575</i>
                        <i>-0.498915 0.866243 0.0265938 -0.0417007 0.00665512 -0.999108 -0.865647 -0.499579 0.0328026 -1.21433 1.61016 2.33575</i>
                        <i>-0.498915 0.866243 0.0265938 -0.0417007 0.00665512 -0.999108 -0.865647 -0.499579 0.0328026 -1.21433 1.61016 2.33575</i>
                    </KeyFrames>
                </p>
            </i>
            <i>
                <p>
                    <Name><![CDATA[head]]></Name>
                    <Exclude>0</Exclude>
                    <Additive>0</Additive>
                    <IKPriority>0</IKPriority>
                    <IKRotLimits>-1e+010 -1e+010 -1e+010 1e+010 1e+010 1e+010</IKRotLimits>
                    <IKRotLimitOrder>0</IKRotLimitOrder>
                    <KeyFrames count="61">
                        <i>-0.00874763 0.934795 0.355081 -0.0296344 0.354696 -0.934512 -0.999523 -0.0186974 0.0245993 0.0228487 2.78636 1.70593</i>
                        <i>-0.0133791 0.941201 0.337582 -0.0310989 0.337057 -0.94097 -0.999427 -0.0230877 0.0247608 0.0208768 2.77897 1.69426</i>
                        <i>-0.0209226 0.951141 0.308047 -0.033292 0.307281 -0.951036 -0.999227 -0.0301537 0.0252363 0.0178114 2.76647 1.67463</i>
                        <i>-0.0224041 0.953017 0.302087 -0.0336946 0.301271 -0.952943 -0.999181 -0.0315285 0.0253618 0.0172317 2.76395 1.67067</i>
                        <i>-0.00874763 0.934795 0.355081 -0.0296344 0.354696 -0.934512 -0.999523 -0.0186974 0.0245993 0.0228487 2.78636 1.70593</i>
                        <i>0.0370642 0.856666 0.514538 -0.00290798 0.514982 -0.857196 -0.999309 0.030275 0.0215785 0.050057 2.85288 1.81117</i>
                        <i>0.109796 0.693205 0.712328 0.0573893 0.711044 -0.700802 -0.992296 0.117826 0.0382876 0.10272 2.9416 1.95269</i>
                        <i>0.186886 0.506944 0.841476 0.126539 0.837009 -0.532356 -0.974198 0.205969 0.0922769 0.157473 3.01659 2.06713</i>
                        <i>0.260712 0.345064 0.901643 0.189796 0.897396 -0.398319 -0.946576 0.274975 0.16847 0.207881 3.07842 2.14303</i>
                        <i>0.341256 0.197119 0.919069 0.253034 0.922406 -0.291788 -0.905272 0.33213 0.264899 0.253344 3.13478 2.1923</i>
                        <i>0.447031 0.0876133 0.890217 0.291523 0.926589 -0.237584 -0.845681 0.365727 0.388673 0.264807 3.17347 2.20677</i>
                        <i>0.593715 0.0306248 0.804092 0.278981 0.929462 -0.24139 -0.754766 0.367643 0.543292 0.21865 3.19494 2.17831</i>
                        <i>0.747909 0.0208639 0.663474 0.216241 0.937327 -0.273236 -0.627593 0.347826 0.696523 0.118644 3.20384 2.11148</i>
                        <i>0.865315 0.0467862 0.499039 0.12373 0.944883 -0.303128 -0.485716 0.324048 0.811833 -0.0180322 3.19238 2.02552</i>
                        <i>0.939555 0.119098 0.321018 -0.0114824 0.947988 -0.318098 -0.342207 0.295185 0.892054 -0.194633 3.1248 1.93284</i>
                        <i>0.950569 0.252337 0.180954 -0.1888 0.932348 -0.308353 -0.246521 0.258946 0.933903 -0.40949 3.03622 1.86962</i>
                        <i>0.897157 0.428199 0.108418 -0.384194 0.877576 -0.286803 -0.217953 0.215654 0.951835 -0.646639 2.96507 1.85447</i>
                        <i>0.789655 0.610481 0.061299 -0.579788 0.775153 -0.250966 -0.200726 0.162636 0.966053 -0.906993 2.88369 1.86147</i>
