<?xml version="1.0" encoding="ISO-8859-1" ?>
<Animl Version="1">
    <ModellingPackage>
        <![CDATA[Maya.2010]]>
</ModellingPackage>
    <SrcFile>
        <![CDATA[anims\vehicles\blue\~src\air\apache_idle_crewman_b.mb]]>
</SrcFile>
    <FramesPerSecond>30</FramesPerSecond>
    <TotalFrames>30</TotalFrames>
    <Skeleton>
        <RefFrame>
            <Name>
                <![CDATA[soldier_ref_frame]]>
</Name>
            <Exclude>0</Exclude>
            <Additive>0</Additive>
            <IKPriority>0</IKPriority>
            <IKRotLimits>-1e+010 -1e+010 -1e+010 1e+010 1e+010 1e+010</IKRotLimits>
            <IKRotLimitOrder>0</IKRotLimitOrder>
            <KeyFrames count="30">
                <i>1 0 0 0 1 0 0 0 1 -1.44964 0 2.14964</i>
                <i>1 0 0 0 1 0 0 0 1 -1.44964 0 2.14964</i>
                <i>1 0 0 0 1 0 0 0 1 -1.44964 0 2.14964</i>
                <i>1 0 0 0 1 0 0 0 1 -1.44964 0 2.14964</i>
                <i>1 0 0 0 1 0 0 0 1 -1.44964 0 2.14964</i>
                <i>1 0 0 0 1 0 0 0 1 -1.44964 0 2.14964</i>
                <i>1 0 0 0 1 0 0 0 1 -1.44964 0 2.14964</i>
                <i>1 0 0 0 1 0 0 0 1 -1.44964 0 2.14964</i>
                <i>1 0 0 0 1 0 0 0 1 -1.44964 0 2.14964</i>
                <i>1 0 0 0 1 0 0 0 1 -1.44964 0 2.14964</i>
                <i>1 0 0 0 1 0 0 0 1 -1.44964 0 2.14964</i>
                <i>1 0 0 0 1 0 0 0 1 -1.44964 0 2.14964</i>
                <i>1 0 0 0 1 0 0 0 1 -1.44964 0 2.14964</i>
                <i>1 0 0 0 1 0 0 0 1 -1.44964 0 2.14964</i>
                <i>1 0 0 0 1 0 0 0 1 -1.44964 0 2.14964</i>
                <i>1 0 0 0 1 0 0 0 1 -1.44964 0 2.14964</i>
                <i>1 0 0 0 1 0 0 0 1 -1.44964 0 2.14964</i>
                <i>1 0 0 0 1 0 0 0 1 -1.44964 0 2.14964</i>
                <i>1 0 0 0 1 0 0 0 1 -1.44964 0 2.14964</i>
                <i>1 0 0 0 1 0 0 0 1 -1.44964 0 2.14964</i>
                <i>1 0 0 0 1 0 0 0 1 -1.44964 0 2.14964</i>
                <i>1 0 0 0 1 0 0 0 1 -1.44964 0 2.14964</i>
                <i>1 0 0 0 1 0 0 0 1 -1.44964 0 2.14964</i>
                <i>1 0 0 0 1 0 0 0 1 -1.44964 0 2.14964</i>
                <i>1 0 0 0 1 0 0 0 1 -1.44964 0 2.14964</i>
                <i>1 0 0 0 1 0 0 0 1 -1.44964 0 2.14964</i>
                <i>1 0 0 0 1 0 0 0 1 -1.44964 0 2.14964</i>
                <i>1 0 0 0 1 0 0 0 1 -1.44964 0 2.14964</i>
                <i>1 0 0 0 1 0 0 0 1 -1.44964 0 2.14964</i>
                <i>1 0 0 0 1 0 0 0 1 -1.44964 0 2.14964</i>
            </KeyFrames>
        </RefFrame>
        <Bones count="23">
            <i>
                <p>
                    <Name>
                        <![CDATA[pelvis]]>
</Name>
                    <Exclude>0</Exclude>
                    <Additive>0</Additive>
                    <IKPriority>0</IKPriority>
                    <IKRotLimits>-1e+010 -1e+010 -1e+010 1e+010 1e+010 1e+010</IKRotLimits>
                    <IKRotLimitOrder>2</IKRotLimitOrder>
                    <KeyFrames count="30">
                        <i>1 0 0 0 1 0 0 0 1 -1.21795 1.13797 2.33265</i>
                        <i>1 0 0 0 1 0 0 0 1 -1.21795 1.13799 2.33265</i>
                        <i>1 0 0 0 1 0 0 0 1 -1.21796 1.13804 2.33265</i>
                        <i>1 0 0 0 1 0 0 0 1 -1.21797 1.1381 2.33265</i>
                        <i>1 0 0 0 1 0 0 0 1 -1.21798 1.13818 2.33265</i>
                        <i>1 0 0 0 1 0 0 0 1 -1.21799 1.13828 2.33265</i>
                        <i>1 0 0 0 1 0 0 0 1 -1.218 1.13838 2.33265</i>
                        <i>1 0 0 0 1 0 0 0 1 -1.21801 1.13848 2.33265</i>
                        <i>1 0 0 0 1 0 0 0 1 -1.21802 1.13859 2.33266</i>
                        <i>1 0 0 0 1 0 0 0 1 -1.21803 1.13869 2.33266</i>
                        <i>1 0 0 0 1 0 0 0 1 -1.21804 1.13878 2.33266</i>
                        <i>1 0 0 0 1 0 0 0 1 -1.21805 1.13886 2.33266</i>
                        <i>1 0 0 0 1 0 0 0 1 -1.21806 1.13892 2.33266</i>
                        <i>1 0 0 0 1 0 0 0 1 -1.21806 1.13896 2.33266</i>
                        <i>1 0 0 0 1 0 0 0 1 -1.21807 1.13898 2.33266</i>
                        <i>1 0 0 0 1 0 0 0 1 -1.21806 1.13896 2.33266</i>
                        <i>1 0 0 0 1 0 0 0 1 -1.21806 1.13893 2.33266</i>
                        <i>1 0 0 0 1 0 0 0 1 -1.21805 1.13887 2.33266</i>
                        <i>1 0 0 0 1 0 0 0 1 -1.21805 1.1388 2.33266</i>
                        <i>1 0 0 0 1 0 0 0 1 -1.21804 1.13872 2.33266</i>
                        <i>1 0 0 0 1 0 0 0 1 -1.21803 1.13862 2.33266</i>
                        <i>1 0 0 0 1 0 0 0 1 -1.21802 1.13853 2.33266</i>
                        <i>1 0 0 0 1 0 0 0 1 -1.218 1.13843 2.33265</i>
                        <i>1 0 0 0 1 0 0 0 1 -1.21799 1.13833 2.33265</i>
                        <i>1 0 0 0 1 0 0 0 1 -1.21798 1.13823 2.33265</i>
                        <i>1 0 0 0 1 0 0 0 1 -1.21797 1.13815 2.33265</i>
                        <i>1 0 0 0 1 0 0 0 1 -1.21796 1.13808 2.33265</i>
                        <i>1 0 0 0 1 0 0 0 1 -1.21796 1.13802 2.33265</i>
                        <i>1 0 0 0 1 0 0 0 1 -1.21795 1.13799 2.33265</i>
                        <i>1 0 0 0 1 0 0 0 1 -1.21795 1.13797 2.33265</i>
                    </KeyFrames>
                </p>
            </i>
            <i>
                <p>
                    <Name>
                        <![CDATA[spine0]]>
</Name>
                    <Exclude>0</Exclude>
                    <Additive>0</Additive>
                    <IKPriority>0</IKPriority>
                    <IKRotLimits>-1e+010 -1e+010 -1e+010 1e+010 1e+010 1e+010</IKRotLimits>
                    <IKRotLimitOrder>0</IKRotLimitOrder>
                    <KeyFrames count="30">
                        <i>-0.0202792 0.999595 0.0199621 -0.155052 0.0165803 -0.987767 -0.987698 -0.0231263 0.154653 -1.18421 1.27782 2.33244</i>
                        <i>-0.0203578 0.999593 0.019966 -0.155051 0.016572 -0.987767 -0.987697 -0.0232045 0.154651 -1.18422 1.27784 2.33244</i>
                        <i>-0.0205507 0.999589 0.0199753 -0.155049 0.0165514 -0.987768 -0.987693 -0.0233965 0.154645 -1.18422 1.27789 2.33244</i>
                        <i>-0.0208414 0.999583 0.0199894 -0.155046 0.0165204 -0.987769 -0.987687 -0.0236857 0.154637 -1.18423 1.27795 2.33245</i>
                        <i>-0.0212129 0.999575 0.0200072 -0.155042 0.0164807 -0.98777 -0.98768 -0.0240554 0.154626 -1.18424 1.27803 2.33245</i>
                        <i>-0.0216486 0.999565 0.0200282 -0.155037 0.0164341 -0.987772 -0.987671 -0.0244889 0.154614 -1.18425 1.27812 2.33245</i>
                        <i>-0.0221316 0.999554 0.0200514 -0.155032 0.0163825 -0.987774 -0.987662 -0.0249696 0.1546 -1.18426 1.27823 2.33245</i>
                        <i>-0.0226455 0.999542 0.0200761 -0.155026 0.0163276 -0.987775 -0.987651 -0.025481 0.154585 -1.18427 1.27833 2.33245</i>
                        <i>-0.0231736 0.999529 0.0201016 -0.15502 0.0162711 -0.987777 -0.987639 -0.0260065 0.15457 -1.18428 1.27844 2.33245</i>
                        <i>-0.0236997 0.999516 0.0201269 -0.155015 0.016215 -0.987779 -0.987628 -0.02653 0.154555 -1.18429 1.27854 2.33245</i>
                        <i>-0.0242074 0.999504 0.0201514 -0.155009 0.0161608 -0.987781 -0.987616 -0.0270352 0.154541 -1.1843 1.27863 2.33245</i>
                        <i>-0.0246807 0.999492 0.0201742 -0.155004 0.0161103 -0.987782 -0.987606 -0.0275062 0.154528 -1.18431 1.27871 2.33245</i>
                        <i>-0.0251035 0.999481 0.0201946 -0.154999 0.0160652 -0.987784 -0.987596 -0.027927 0.154516 -1.18432 1.27877 2.33246</i>
                        <i>-0.0254601 0.999471 0.0202118 -0.154996 0.0160272 -0.987785 -0.987587 -0.0282818 0.154506 -1.18432 1.27881 2.33246</i>
                        <i>-0.0257344 0.999464 0.0202251 -0.154993 0.015998 -0.987786 -0.98758 -0.0285548 0.154498 -1.18433 1.27882 2.33246</i>
                        <i>-0.0259107 0.999459 0.0202336 -0.154991 0.0159792 -0.987787 -0.987576 -0.0287302 0.154493 -1.18432 1.27881 2.33246</i>
                        <i>-0.025973 0.999458 0.0202366 -0.15499 0.0159726 -0.987787 -0.987575 -0.0287923 0.154491 -1.18432 1.27878 2.33246</i>
                        <i>-0.0258829 0.99946 0.020232 -0.154991 0.0159819 -0.987787 -0.987577 -0.0287025 0.154494 -1.18431 1.27872 2.33245</i>
                        <i>-0.0256313 0.999467 0.0202191 -0.154994 0.016008 -0.987786 -0.987583 -0.0284521 0.154501 -1.18431 1.27865 2.33245</i>
                        <i>-0.0252463 0.999477 0.0201995 -0.154998 0.016048 -0.987785 -0.987592 -0.0280688 0.154511 -1.1843 1.27857 2.33245</i>
                        <i>-0.0247558 0.99949 0.0201746 -0.155003 0.0160991 -0.987783 -0.987604 -0.0275805 0.154525 -1.18429 1.27847 2.33245</i>
                        <i>-0.0241878 0.999504 0.0201459 -0.155009 0.0161584 -0.987781 -0.987617 -0.027015 0.154541 -1.18428 1.27837 2.33245</i>
                        <i>-0.0235703 0.99952 0.0201149 -0.155016 0.0162231 -0.987779 -0.987631 -0.0264004 0.154559 -1.18426 1.27827 2.33245</i>
                        <i>-0.0229319 0.999535 0.0200832 -0.155022 0.0162903 -0.987777 -0.987645 -0.0257649 0.154577 -1.18425 1.27818 2.33245</i>
                        <i>-0.0223011 0.99955 0.0200522 -0.155029 0.0163571 -0.987774 -0.987658 -0.0251371 0.154595 -1.18424 1.27808 2.33245</i>
                        <i>-0.0217067 0.999564 0.0200235 -0.155036 0.0164205 -0.987772 -0.98767 -0.0245456 0.154612 -1.18423 1.278 2.33245</i>
                        <i>-0.021178 0.999576 0.0199986 -0.155041 0.0164776 -0.987771 -0.987681 -0.0240196 0.154627 -1.18423 1.27793 2.33245</i>
                        <i>-0.0207441 0.999585 0.0199791 -0.155046 0.0165253 -0.987769 -0.987689 -0.0235881 0.154639 -1.18422 1.27787 2.33244</i>
                        <i>-0.0204347 0.999592 0.0199664 -0.15505 0.0165605 -0.987768 -0.987695 -0.0232806 0.154648 -1.18422 1.27784 2.33244</i>
                        <i>-0.0202792 0.999595 0.0199621 -0.155052 0.0165803 -0.987767 -0.987698 -0.0231263 0.154653 -1.18421 1.27782 2.33244</i>
                    </KeyFrames>
                </p>
            </i>
            <i>
                <p>
                    <Name>
                        <![CDATA[spine1]]>
</Name>
                    <Exclude>0</Exclude>
                    <Additive>0</Additive>
                    <IKPriority>0</IKPriority>
                    <IKRotLimits>-1e+010 -1e+010 -1e+010 1e+010 1e+010 1e+010</IKRotLimits>
                    <IKRotLimitOrder>0</IKRotLimitOrder>
                    <KeyFrames count="30">
                        <i>-0.165473 0.986214 -0.000708086 -0.0942007 -0.0165202 -0.995416 -0.981705 -0.164648 0.0956357 -1.18773 1.45198 2.33592</i>
                        <i>-0.16555 0.986201 -0.000694206 -0.0942023 -0.0165141 -0.995416 -0.981692 -0.164726 0.0956363 -1.18775 1.45204 2.33592</i>
                        <i>-0.165741 0.986169 -0.000660478 -0.0942062 -0.0164995 -0.995416 -0.981659 -0.164919 0.0956379 -1.18779 1.45218 2.33593</i>
                        <i>-0.166027 0.986121 -0.00060986 -0.094212 -0.0164775 -0.995416 -0.98161 -0.165209 0.0956402 -1.18785 1.4524 2.33593</i>
                        <i>-0.166393 0.986059 -0.000545313 -0.0942195 -0.0164496 -0.995416 -0.981548 -0.165579 0.0956431 -1.18792 1.45267 2.33594</i>
                        <i>-0.166821 0.985987 -0.000469797 -0.0942281 -0.0164169 -0.995415 -0.981474 -0.166012 0.0956464 -1.18801 1.45299 2.33595</i>
                        <i>-0.167295 0.985907 -0.000386264 -0.0942377 -0.0163808 -0.995415 -0.981393 -0.166491 0.0956501 -1.18811 1.45334 2.33596</i>
                        <i>-0.167797 0.985821 -0.000297615 -0.0942479 -0.0163425 -0.995415 -0.981306 -0.167 0.0956539 -1.18822 1.45372 2.33597</i>
                        <i>-0.168313 0.985734 -0.000206715 -0.0942584 -0.0163033 -0.995414 -0.981217 -0.167522 0.0956577 -1.18833 1.4541 2.33598</i>
                        <i>-0.168825 0.985646 -0.000116394 -0.0942687 -0.0162642 -0.995414 -0.981128 -0.16804 0.0956614 -1.18844 1.45447 2.33599</i>
                        <i>-0.169318 0.985561 -2.94189e-005 -0.0942787 -0.0162267 -0.995414 -0.981042 -0.168539 0.0956649 -1.18854 1.45483 2.336</i>
                        <i>-0.169777 0.985483 5.14866e-005 -0.094288 -0.0161918 -0.995413 -0.980962 -0.169003 0.0956682 -1.18864 1.45516 2.33601</i>
                        <i>-0.170186 0.985412 0.000123625 -0.0942963 -0.0161606 -0.995413 -0.98089 -0.169417 0.095671 -1.18873 1.45544 2.33602</i>
                        <i>-0.17053 0.985352 0.00018435 -0.0943033 -0.0161344 -0.995413 -0.980829 -0.169765 0.0956734 -1.1888 1.45567 2.33603</i>
                        <i>-0.170795 0.985307 0.000231009 -0.0943086 -0.0161143 -0.995413 -0.980783 -0.170033 0.0956751 -1.18885 1.45583 2.33603</i>
                        <i>-0.170965 0.985277 0.000260962 -0.0943121 -0.0161013 -0.995412 -0.980753 -0.170205 0.0956763 -1.18888 1.45591 2.33604</i>
                        <i>-0.171025 0.985267 0.000271546 -0.0943133 -0.0160968 -0.995412 -0.980742 -0.170266 0.0956767 -1.18889 1.45591 2.33604</i>
                        <i>-0.170933 0.985283 0.000256254 -0.0943116 -0.0161029 -0.995412 -0.980758 -0.170173 0.0956761 -1.18887 1.45581 2.33603</i>
                        <i>-0.170678 0.985327 0.000213531 -0.0943071 -0.0161202 -0.995413 -0.980803 -0.169916 0.0956746 -1.18881 1.45561 2.33603</i>
                        <i>-0.170289 0.985394 0.000148054 -0.0943 -0.0161467 -0.995413 -0.980872 -0.169522 0.0956723 -1.18873 1.45534 2.33602</i>
                        <i>-0.169794 0.98548 6.44771e-005 -0.0942909 -0.0161808 -0.995413 -0.980958 -0.169021 0.0956692 -1.18863 1.455 2.33601</i>
                        <i>-0.169221 0.985578 -3.25311e-005 -0.0942803 -0.0162206 -0.995414 -0.981058 -0.168442 0.0956655 -1.18851 1.45462 2.336</i>
                        <i>-0.168601 0.985684 -0.000138246 -0.0942687 -0.0162642 -0.995414 -0.981166 -0.167815 0.0956614 -1.18839 1.45421 2.33599</i>
                        <i>-0.167962 0.985793 -0.000247881 -0.0942566 -0.01631 -0.995414 -0.981277 -0.167169 0.095657 -1.18826 1.45379 2.33597</i>
                        <i>-0.167335 0.9859 -0.000356535 -0.0942444 -0.0163559 -0.995415 -0.981385 -0.166535 0.0956524 -1.18813 1.45337 2.33596</i>
                        <i>-0.166751 0.985999 -0.000459235 -0.0942326 -0.0164002 -0.995415 -0.981486 -0.165943 0.095648 -1.18801 1.45298 2.33595</i>
                        <i>-0.166241 0.986085 -0.000550905 -0.0942218 -0.0164407 -0.995416 -0.981573 -0.165427 0.0956438 -1.18791 1.45263 2.33594</i>
                        <i>-0.165837 0.986153 -0.000626396 -0.0942126 -0.0164755 -0.995416 -0.981643 -0.165017 0.0956402 -1.18782 1.45233 2.33593</i>
                        <i>-0.16557 0.986198 -0.000680525 -0.0942053 -0.0165027 -0.995416 -0.981688 -0.164747 0.0956374 -1.18776 1.45211 2.33592</i>
                        <i>-0.165473 0.986214 -0.000708086 -0.0942007 -0.0165202 -0.995416 -0.981705 -0.164648 0.0956357 -1.18773 1.45198 2.33592</i>
                    </KeyFrames>
                </p>
            </i>
            <i>
                <p>
                    <Name>
                        <![CDATA[spine2]]>
</Name>
                    <Exclude>0</Exclude>
                    <Additive>0</Additive>
                    <IKPriority>0</IKPriority>
                    <IKRotLimits>-1e+010 -1e+010 -1e+010 1e+010 1e+010 1e+010</IKRotLimits>
                    <IKRotLimitOrder>0</IKRotLimitOrder>
                    <KeyFrames count="30">
                        <i>-0.498915 0.866243 0.0265938 -0.0417007 0.00665512 -0.999108 -0.865647 -0.499579 0.0328026 -1.21433 1.61016 2.33575</i>
                        <i>-0.498895 0.866255 0.0265953 -0.0417016 0.00665724 -0.999108 -0.865659 -0.499559 0.032803 -1.21436 1.61026 2.33575</i>
                        <i>-0.498843 0.866284 0.0265988 -0.0417038 0.00666228 -0.999108 -0.865688 -0.499508 0.0328039 -1.21445 1.61048 2.33576</i>
                        <i>-0.498766 0.866328 0.0266041 -0.0417071 0.00666983 -0.999108 -0.865732 -0.499431 0.0328054 -1.21458 1.61083 2.33577</i>
                        <i>-0.498668 0.866384 0.0266109 -0.0417114 0.00667947 -0.999107 -0.865789 -0.499333 0.0328072 -1.21475 1.61127 2.33579</i>
                        <i>-0.498553 0.86645 0.0266188 -0.0417163 0.00669078 -0.999107 -0.865855 -0.499218 0.0328094 -1.21495 1.61178 2.33581</i>
                        <i>-0.498426 0.866523 0.0266276 -0.0417218 0.00670333 -0.999107 -0.865928 -0.499091 0.0328118 -1.21516 1.61235 2.33584</i>
                        <i>-0.49829 0.866601 0.026637 -0.0417276 0.00671671 -0.999106 -0.866006 -0.498957 0.0328143 -1.2154 1.61296 2.33586</i>
                        <i>-0.498151 0.866681 0.0266467 -0.0417337 0.00673049 -0.999106 -0.866085 -0.498818 0.032817 -1.21564 1.61357 2.33589</i>
                        <i>-0.498013 0.86676 0.0266564 -0.0417397 0.00674424 -0.999106 -0.866164 -0.49868 0.0328195 -1.21588 1.61419 2.33592</i>
                        <i>-0.49788 0.866836 0.0266658 -0.0417455 0.00675755 -0.999105 -0.866241 -0.498548 0.032822 -1.21611 1.61478 2.33594</i>
                        <i>-0.497756 0.866907 0.0266746 -0.0417509 0.00676999 -0.999105 -0.866312 -0.498424 0.0328244 -1.21632 1.61532 2.33596</i>
                        <i>-0.497645 0.86697 0.0266825 -0.0417558 0.00678111 -0.999105 -0.866375 -0.498314 0.0328264 -1.21651 1.61579 2.33599</i>
                        <i>-0.497552 0.867023 0.0266892 -0.0417599 0.00679052 -0.999105 -0.866428 -0.498221 0.0328282 -1.21667 1.61618 2.336</i>
                        <i>-0.497481 0.867064 0.0266943 -0.0417631 0.00679776 -0.999104 -0.866469 -0.49815 0.0328295 -1.21679 1.61647 2.33602</i>
                        <i>-0.497435 0.86709 0.0266976 -0.0417651 0.00680241 -0.999104 -0.866495 -0.498104 0.0328304 -1.21687 1.61663 2.33602</i>
                        <i>-0.497418 0.8671 0.0266988 -0.0417658 0.00680406 -0.999104 -0.866505 -0.498088 0.0328307 -1.21689 1.61665 2.33603</i>
                        <i>-0.497436 0.86709 0.0266968 -0.0417647 0.00680157 -0.999104 -0.866495 -0.498106 0.0328304 -1.21684 1.61651 2.33602</i>
                        <i>-0.497487 0.867061 0.0266911 -0.0417617 0.00679462 -0.999104 -0.866466 -0.498156 0.0328297 -1.21673 1.61621 2.33601</i>
                        <i>-0.497565 0.867016 0.0266826 -0.0417571 0.00678404 -0.999105 -0.866421 -0.498234 0.0328286 -1.21655 1.61577 2.33599</i>
                        <i>-0.497668 0.866958 0.0266719 -0.0417512 0.00677061 -0.999105 -0.866362 -0.498336 0.032827 -1.21632 1.61523 2.33597</i>
                        <i>-0.49779 0.866888 0.0266598 -0.0417444 0.00675515 -0.999106 -0.866293 -0.498457 0.0328251 -1.21607 1.6146 2.33594</i>
                        <i>-0.497927 0.86681 0.0266468 -0.0417372 0.00673847 -0.999106 -0.866214 -0.498594 0.0328229 -1.21579 1.61392 2.33591</i>
                        <i>-0.498074 0.866725 0.0266339 -0.0417297 0.00672138 -0.999106 -0.86613 -0.498741 0.0328204 -1.2155 1.61322 2.33588</i>
                        <i>-0.498228 0.866637 0.0266215 -0.0417224 0.00670468 -0.999107 -0.866042 -0.498893 0.0328177 -1.21522 1.61253 2.33585</i>
                        <i>-0.498382 0.866549 0.0266105 -0.0417156 0.00668916 -0.999107 -0.865953 -0.499047 0.0328148 -1.21495 1.61187 2.33582</i>
                        <i>-0.498533 0.866462 0.0266016 -0.0417097 0.00667565 -0.999107 -0.865866 -0.499198 0.0328118 -1.21472 1.61128 2.33579</i>
                        <i>-0.498676 0.86638 0.0265954 -0.041705 0.00666494 -0.999108 -0.865785 -0.49934 0.0328088 -1.21453 1.61078 2.33577</i>
                        <i>-0.498805 0.866306 0.0265925 -0.0417019 0.00665782 -0.999108 -0.86571 -0.499469 0.0328056 -1.21439 1.61039 2.33575</i>
                        <i>-0.498915 0.866243 0.0265938 -0.0417007 0.00665512 -0.999108 -0.865647 -0.499579 0.0328026 -1.21433 1.61016 2.33575</i>
                    </KeyFrames>
                </p>
            </i>
            <i>
                <p>
                    <Name>
                        <![CDATA[head]]>
</Name>
                    <Exclude>0</Exclude>
                    <Additive>0</Additive>
                    <IKPriority>0</IKPriority>
                    <IKRotLimits>-1e+010 -1e+010 -1e+010 1e+010 1e+010 1e+010</IKRotLimits>
                    <IKRotLimitOrder>0</IKRotLimitOrder>
                    <KeyFrames count="30">
                        <i>-0.301234 0.943147 0.140474 0.675445 0.315035 -0.666729 -0.673077 -0.105959 -0.731943 -1.34654 1.83276 2.3451</i>
                        <i>-0.306184 0.940791 0.145476 0.673166 0.322022 -0.665694 -0.673126 -0.105895 -0.731907 -1.34659 1.83288 2.3451</i>
                        <i>-0.310444 0.93868 0.150012 0.671073 0.328183 -0.664799 -0.673265 -0.105714 -0.731805 -1.3467 1.83318 2.34511</i>
                        <i>-0.313983 0.936851 0.154027 0.669203 0.333459 -0.664058 -0.673485 -0.105428 -0.731644 -1.34688 1.83363 2.34513</i>
                        <i>-0.316771 0.93534 0.157466 0.667595 0.337792 -0.663485 -0.673775 -0.10505 -0.731431 -1.34711 1.83421 2.34516</i>
                        <i>-0.318777 0.934181 0.160272 0.666285 0.341124 -0.663097 -0.674126 -0.104593 -0.731174 -1.34737 1.83488 2.34518</i>
                        <i>-0.319969 0.933407 0.162389 0.665307 0.343395 -0.662907 -0.674526 -0.104072 -0.730879 -1.34766 1.83563 2.34521</i>
                        <i>-0.320318 0.933048 0.16376 0.664692 0.344542 -0.662929 -0.674967 -0.103498 -0.730553 -1.34798 1.83643 2.34525</i>
                        <i>-0.319459 0.933301 0.163997 0.664628 0.34404 -0.663254 -0.675437 -0.102885 -0.730205 -1.3483 1.83724 2.34528</i>
                        <i>-0.317218 0.934257 0.1629 0.665203 0.341627 -0.663925 -0.675927 -0.102247 -0.729841 -1.34862 1.83805 2.34531</i>
                        <i>-0.313843 0.935778 0.160693 0.666294 0.337636 -0.664871 -0.676428 -0.101597 -0.729468 -1.34893 1.83883 2.34534</i>
                        <i>-0.309585 0.93772 0.157602 0.667778 0.332402 -0.66602 -0.676927 -0.100946 -0.729095 -1.34922 1.83955 2.34537</i>
                        <i>-0.30469 0.939943 0.153852 0.66953 0.326258 -0.667297 -0.677417 -0.10031 -0.728728 -1.34948 1.84018 2.3454</i>
                        <i>-0.299409 0.942312 0.149671 0.671435 0.319542 -0.668631 -0.677885 -0.0996998 -0.728376 -1.34969 1.84071 2.34542</i>
                        <i>-0.293994 0.9447 0.145288 0.673382 0.312593 -0.669957 -0.678324 -0.0991293 -0.728045 -1.34986 1.84109 2.34544</i>
                        <i>-0.2887 0.94699 0.140934 0.675269 0.305755 -0.671213 -0.678723 -0.0986112 -0.727744 -1.34996 1.84132 2.34545</i>
                        <i>-0.283784 0.949073 0.136843 0.677 0.299373 -0.672344 -0.679071 -0.0981583 -0.72748 -1.34999 1.84137 2.34545</i>
                        <i>-0.279506 0.950853 0.13325 0.678489 0.293799 -0.673302 -0.679359 -0.0977837 -0.727262 -1.34993 1.8412 2.34544</i>
                        <i>-0.276127 0.952235 0.130391 0.679653 0.289381 -0.67404 -0.679577 -0.0975001 -0.727096 -1.34978 1.84081 2.34543</i>
                        <i>-0.273908 0.953133 0.128503 0.680413 0.286474 -0.674516 -0.679716 -0.0973205 -0.726991 -1.34954 1.84023 2.3454</i>
                        <i>-0.27311 0.953453 0.127821 0.680685 0.285427 -0.674685 -0.679764 -0.0972578 -0.726954 -1.34924 1.83951 2.34537</i>
                        <i>-0.273543 0.95334 0.127735 0.680739 0.285701 -0.674514 -0.679535 -0.0975546 -0.727128 -1.34889 1.83868 2.34534</i>
                        <i>-0.274799 0.952998 0.127598 0.680844 0.286571 -0.674039 -0.678923 -0.0983507 -0.727592 -1.34852 1.83779 2.3453</i>
                        <i>-0.276815 0.952415 0.127592 0.680912 0.288106 -0.673316 -0.678036 -0.0995046 -0.728263 -1.34813 1.83686 2.34526</i>
                        <i>-0.279527 0.951581 0.127897 0.680852 0.290374 -0.672401 -0.676982 -0.100875 -0.729054 -1.34775 1.83594 2.34522</i>
                        <i>-0.282872 0.950485 0.128695 0.680573 0.293445 -0.671349 -0.675872 -0.102319 -0.729882 -1.34739 1.83506 2.34519</i>
                        <i>-0.286784 0.949111 0.130168 0.679984 0.297382 -0.670213 -0.674816 -0.103694 -0.730665 -1.34708 1.83426 2.34515</i>
                        <i>-0.291196 0.947443 0.132499 0.678993 0.302252 -0.669038 -0.673924 -0.104856 -0.731322 -1.34682 1.83359 2.34513</i>
                        <i>-0.296037 0.945463 0.135872 0.67751 0.308116 -0.667866 -0.673307 -0.105659 -0.731774 -1.34663 1.83307 2.34511</i>
                        <i>-0.301234 0.943147 0.140474 0.675445 0.315035 -0.666729 -0.673077 -0.105959 -0.731943 -1.34654 1.83276 2.3451</i>
                    </KeyFrames>
                </p>
            </i>
            <i>
                <p>
                    <Name>
                        <![CDATA[head_prop]]>
</Name>
                    <Exclude>0</Exclude>
                    <Additive>0</Additive>
                    <IKPriority>0</IKPriority>
                    <IKRotLimits>-1e+010 -1e+010 -1e+010 1e+010 1e+010 1e+010</IKRotLimits>
                    <IKRotLimitOrder>0</IKRotLimitOrder>
                    <KeyFrames count="30">
                        <i>0.673077 0.105959 0.731943 -0.301234 0.943147 0.140474 -0.675445 -0.315035 0.666729 -1.44472 2.14014 2.39088</i>
                        <i>0.673126 0.105895 0.731907 -0.306184 0.940791 0.145476 -0.673166 -0.322022 0.665694 -1.44638 2.13949 2.39251</i>
                        <i>0.673265 0.105714 0.731805 -0.310444 0.93868 0.150012 -0.671073 -0.328183 0.664799 -1.44788 2.1391 2.39401</i>
                        <i>0.673485 0.105428 0.731644 -0.313983 0.936851 0.154027 -0.669203 -0.333459 0.664058 -1.44921 2.13896 2.39533</i>
                        <i>0.673775 0.10505 0.731431 -0.316771 0.93534 0.157466 -0.667595 -0.337792 0.663485 -1.45034 2.13904 2.39648</i>
                        <i>0.674126 0.104593 0.731174 -0.318777 0.934181 0.160272 -0.666285 -0.341124 0.663097 -1.45126 2.13934 2.39742</i>
                        <i>0.674526 0.104072 0.730879 -0.319969 0.933407 0.162389 -0.665307 -0.343395 0.662907 -1.45195 2.13984 2.39814</i>
                        <i>0.674967 0.103498 0.730553 -0.320318 0.933048 0.16376 -0.664692 -0.344542 0.662929 -1.45237 2.14051 2.39862</i>
                        <i>0.675437 0.102885 0.730205 -0.319459 0.933301 0.163997 -0.664628 -0.34404 0.663254 -1.45241 2.14141 2.39873</i>
                        <i>0.675927 0.102247 0.729841 -0.317218 0.934257 0.1629 -0.665203 -0.341627 0.663925 -1.452 2.14253 2.3984</i>
                        <i>0.676428 0.101597 0.729468 -0.313843 0.935778 0.160693 -0.666294 -0.337636 0.664871 -1.45121 2.14381 2.39771</i>
                        <i>0.676927 0.100946 0.729095 -0.309585 0.93772 0.157602 -0.667778 -0.332402 0.66602 -1.45011 2.14516 2.39674</i>
                        <i>0.677417 0.10031 0.728728 -0.30469 0.939943 0.153852 -0.66953 -0.326258 0.667297 -1.44878 2.14652 2.39554</i>
                        <i>0.677885 0.0996998 0.728376 -0.299409 0.942312 0.149671 -0.671435 -0.319542 0.668631 -1.44727 2.14781 2.3942</i>
                        <i>0.678324 0.0991293 0.728045 -0.293994 0.9447 0.145288 -0.673382 -0.312593 0.669957 -1.44567 2.14898 2.39279</i>
                        <i>0.678723 0.0986112 0.727744 -0.2887 0.94699 0.140934 -0.675269 -0.305755 0.671213 -1.44405 2.14995 2.39138</i>
                        <i>0.679071 0.0981583 0.72748 -0.283784 0.949073 0.136843 -0.677 -0.299373 0.672344 -1.44248 2.15068 2.39005</i>
                        <i>0.679359 0.0977837 0.727262 -0.279506 0.950853 0.13325 -0.678489 -0.293799 0.673302 -1.44103 2.15109 2.38887</i>
                        <i>0.679577 0.0975001 0.727096 -0.276127 0.952235 0.130391 -0.679653 -0.289381 0.67404 -1.43977 2.15115 2.38792</i>
                        <i>0.679716 0.0973205 0.726991 -0.273908 0.953133 0.128503 -0.680413 -0.286474 0.674516 -1.43881 2.15087 2.38728</i>
                        <i>0.679764 0.0972578 0.726954 -0.27311 0.953453 0.127821 -0.680685 -0.285427 0.674685 -1.43825 2.15025 2.38703</i>
                        <i>0.679535 0.0975546 0.727128 -0.273543 0.95334 0.127735 -0.680739 -0.285701 0.674514 -1.43804 2.14939 2.38697</i>
                        <i>0.678923 0.0983507 0.727592 -0.274799 0.952998 0.127598 -0.680844 -0.286571 0.674039 -1.43808 2.14838 2.38689</i>
                        <i>0.678036 0.0995046 0.728263 -0.276815 0.952415 0.127592 -0.680912 -0.288106 0.673316 -1.43835 2.14726 2.38684</i>
                        <i>0.676982 0.100875 0.729054 -0.279527 0.951581 0.127897 -0.680852 -0.290374 0.672401 -1.43885 2.14606 2.38691</i>
                        <i>0.675872 0.102319 0.729882 -0.282872 0.950485 0.128695 -0.680573 -0.293445 0.671349 -1.43958 2.14483 2.38713</i>
                        <i>0.674816 0.103694 0.730665 -0.286784 0.949111 0.130168 -0.679984 -0.297382 0.670213 -1.44054 2.14359 2.38758</i>
                        <i>0.673924 0.104856 0.731322 -0.291196 0.947443 0.132499 -0.678993 -0.302252 0.669038 -1.44172 2.14237 2.38831</i>
                        <i>0.673307 0.105659 0.731774 -0.296037 0.945463 0.135872 -0.67751 -0.308116 0.667866 -1.44311 2.14121 2.38939</i>
                        <i>0.673077 0.105959 0.731943 -0.301234 0.943147 0.140474 -0.675445 -0.315035 0.666729 -1.44472 2.14014 2.39088</i>
                    </KeyFrames>
                </p>
            </i>
            <i>
                <p>
                    <Name>
                        <![CDATA[l_clav]]>
</Name>
                    <Exclude>0</Exclude>
                    <Additive>0</Additive>
                    <IKPriority>0</IKPriority>
                    <IKRotLimits>-1e+010 -1e+010 -1e+010 1e+010 1e+010 1e+010</IKRotLimits>
                    <IKRotLimitOrder>0</IKRotLimitOrder>
                    <KeyFrames count="30">
                        <i>-0.123308 0.0195875 0.992175 -0.399116 0.914401 -0.0676544 -0.908571 -0.404336 -0.104935 -1.26197 1.64668 2.42279</i>
                        <i>-0.123308 0.0195875 0.992175 -0.399116 0.914401 -0.0676544 -0.908571 -0.404336 -0.104935 -1.26202 1.6468 2.42279</i>
                        <i>-0.123308 0.0195875 0.992175 -0.399116 0.914401 -0.0676544 -0.908571 -0.404336 -0.104935 -1.26213 1.6471 2.42281</i>
                        <i>-0.123308 0.0195875 0.992175 -0.399116 0.914401 -0.0676544 -0.908571 -0.404336 -0.104935 -1.26231 1.64755 2.42282</i>
                        <i>-0.123308 0.0195875 0.992175 -0.399116 0.914401 -0.0676544 -0.908571 -0.404336 -0.104935 -1.26253 1.64813 2.42285</i>
                        <i>-0.123308 0.0195875 0.992175 -0.399116 0.914401 -0.0676544 -0.908571 -0.404336 -0.104935 -1.2628 1.6488 2.42287</i>
                        <i>-0.123308 0.0195875 0.992175 -0.399116 0.914401 -0.0676544 -0.908571 -0.404336 -0.104935 -1.26309 1.64955 2.4229</i>
                        <i>-0.123308 0.0195875 0.992175 -0.399116 0.914401 -0.0676544 -0.908571 -0.404336 -0.104935 -1.26341 1.65035 2.42294</i>
                        <i>-0.123308 0.0195875 0.992175 -0.399116 0.914401 -0.0676544 -0.908571 -0.404336 -0.104935 -1.26373 1.65116 2.42297</i>
                        <i>-0.123308 0.0195875 0.992175 -0.399116 0.914401 -0.0676544 -0.908571 -0.404336 -0.104935 -1.26405 1.65197 2.423</i>
                        <i>-0.123308 0.0195875 0.992175 -0.399116 0.914401 -0.0676544 -0.908571 -0.404336 -0.104935 -1.26436 1.65275 2.42303</i>
                        <i>-0.123308 0.0195875 0.992175 -0.399116 0.914401 -0.0676544 -0.908571 -0.404336 -0.104935 -1.26465 1.65347 2.42306</i>
                        <i>-0.123308 0.0195875 0.992175 -0.399116 0.914401 -0.0676544 -0.908571 -0.404336 -0.104935 -1.2649 1.6541 2.42309</i>
                        <i>-0.123308 0.0195875 0.992175 -0.399116 0.914401 -0.0676544 -0.908571 -0.404336 -0.104935 -1.26512 1.65463 2.42311</i>
                        <i>-0.123308 0.0195875 0.992175 -0.399116 0.914401 -0.0676544 -0.908571 -0.404336 -0.104935 -1.26528 1.65501 2.42313</i>
                        <i>-0.123308 0.0195875 0.992175 -0.399116 0.914401 -0.0676544 -0.908571 -0.404336 -0.104935 -1.26539 1.65524 2.42314</i>
                        <i>-0.123308 0.0195875 0.992175 -0.399116 0.914401 -0.0676544 -0.908571 -0.404336 -0.104935 -1.26542 1.65529 2.42314</i>
                        <i>-0.123308 0.0195875 0.992175 -0.399116 0.914401 -0.0676544 -0.908571 -0.404336 -0.104935 -1.26536 1.65512 2.42314</i>
                        <i>-0.123308 0.0195875 0.992175 -0.399116 0.914401 -0.0676544 -0.908571 -0.404336 -0.104935 -1.2652 1.65473 2.42312</i>
                        <i>-0.123308 0.0195875 0.992175 -0.399116 0.914401 -0.0676544 -0.908571 -0.404336 -0.104935 -1.26497 1.65415 2.4231</i>
                        <i>-0.123308 0.0195875 0.992175 -0.399116 0.914401 -0.0676544 -0.908571 -0.404336 -0.104935 -1.26467 1.65343 2.42306</i>
                        <i>-0.123308 0.0195875 0.992175 -0.399116 0.914401 -0.0676544 -0.908571 -0.404336 -0.104935 -1.26432 1.6526 2.42303</i>
                        <i>-0.123308 0.0195875 0.992175 -0.399116 0.914401 -0.0676544 -0.908571 -0.404336 -0.104935 -1.26395 1.65171 2.42299</i>
                        <i>-0.123308 0.0195875 0.992175 -0.399116 0.914401 -0.0676544 -0.908571 -0.404336 -0.104935 -1.26356 1.65078 2.42295</i>
                        <i>-0.123308 0.0195875 0.992175 -0.399116 0.914401 -0.0676544 -0.908571 -0.404336 -0.104935 -1.26318 1.64986 2.42291</i>
                        <i>-0.123308 0.0195875 0.992175 -0.399116 0.914401 -0.0676544 -0.908571 -0.404336 -0.104935 -1.26282 1.64898 2.42288</i>
                        <i>-0.123308 0.0195875 0.992175 -0.399116 0.914401 -0.0676544 -0.908571 -0.404336 -0.104935 -1.26251 1.64818 2.42284</i>
                        <i>-0.123308 0.0195875 0.992175 -0.399116 0.914401 -0.0676544 -0.908571 -0.404336 -0.104935 -1.26225 1.64751 2.42282</i>
                        <i>-0.123308 0.0195875 0.992175 -0.399116 0.914401 -0.0676544 -0.908571 -0.404336 -0.104935 -1.26206 1.64699 2.4228</i>
                        <i>-0.123308 0.0195875 0.992175 -0.399116 0.914401 -0.0676544 -0.908571 -0.404336 -0.104935 -1.26197 1.64668 2.42279</i>
                    </KeyFrames>
                </p>
            </i>
            <i>
                <p>
                    <Name>
                        <![CDATA[l_shoulder]]>
</Name>
                    <Exclude>0</Exclude>
                    <Additive>0</Additive>
                    <IKPriority>0</IKPriority>
                    <IKRotLimits>-1e+010 -1e+010 -1e+010 1e+010 1e+010 1e+010</IKRotLimits>
                    <IKRotLimitOrder>0</IKRotLimitOrder>
                    <KeyFrames count="30">
                        <i>-0.813111 -0.574802 0.0919398 -0.569934 0.818246 0.0751618 -0.118433 0.00871525 -0.992924 -1.28633 1.65055 2.61882</i>
                        <i>-0.813111 -0.574802 0.0919398 -0.569934 0.818246 0.0751618 -0.118433 0.00871525 -0.992924 -1.28638 1.65067 2.61883</i>
                        <i>-0.813111 -0.574802 0.0919398 -0.569934 0.818246 0.0751618 -0.118433 0.00871525 -0.992924 -1.2865 1.65097 2.61884</i>
                        <i>-0.813111 -0.574802 0.0919398 -0.569934 0.818246 0.0751618 -0.118433 0.00871526 -0.992924 -1.28667 1.65142 2.61886</i>
                        <i>-0.813111 -0.574802 0.0919399 -0.569934 0.818246 0.0751618 -0.118433 0.00871526 -0.992924 -1.2869 1.652 2.61888</i>
                        <i>-0.813111 -0.574802 0.0919398 -0.569934 0.818246 0.0751618 -0.118433 0.00871526 -0.992924 -1.28716 1.65267 2.61891</i>
                        <i>-0.813111 -0.574802 0.0919399 -0.569934 0.818246 0.0751618 -0.118433 0.00871526 -0.992924 -1.28746 1.65342 2.61894</i>
                        <i>-0.813111 -0.574802 0.0919398 -0.569934 0.818246 0.0751618 -0.118433 0.00871526 -0.992924 -1.28777 1.65422 2.61897</i>
                        <i>-0.813111 -0.574802 0.0919398 -0.569934 0.818246 0.0751618 -0.118433 0.00871525 -0.992924 -1.28809 1.65503 2.619</i>
                        <i>-0.813111 -0.574802 0.0919399 -0.569934 0.818246 0.0751618 -0.118433 0.00871525 -0.992924 -1.28841 1.65584 2.61903</i>
                        <i>-0.813111 -0.574802 0.0919398 -0.569934 0.818246 0.0751618 -0.118433 0.00871525 -0.992924 -1.28872 1.65662 2.61907</i>
                        <i>-0.813111 -0.574802 0.0919399 -0.569934 0.818246 0.0751618 -0.118433 0.00871526 -0.992924 -1.28901 1.65734 2.6191</i>
                        <i>-0.813111 -0.574802 0.0919398 -0.569934 0.818246 0.0751618 -0.118433 0.00871525 -0.992924 -1.28927 1.65797 2.61912</i>
                        <i>-0.813111 -0.574802 0.0919398 -0.569934 0.818246 0.0751618 -0.118433 0.00871525 -0.992924 -1.28948 1.6585 2.61914</i>
                        <i>-0.813111 -0.574802 0.0919398 -0.569934 0.818246 0.0751618 -0.118433 0.00871526 -0.992924 -1.28965 1.65888 2.61916</i>
                        <i>-0.813111 -0.574802 0.0919398 -0.569934 0.818246 0.0751618 -0.118433 0.00871525 -0.992924 -1.28975 1.65911 2.61917</i>
                        <i>-0.813111 -0.574802 0.0919398 -0.569934 0.818246 0.0751618 -0.118433 0.00871526 -0.992924 -1.28978 1.65916 2.61917</i>
                        <i>-0.813111 -0.574802 0.0919399 -0.569934 0.818246 0.0751618 -0.118433 0.00871526 -0.992924 -1.28972 1.65899 2.61917</i>
                        <i>-0.813111 -0.574802 0.0919398 -0.569934 0.818246 0.0751618 -0.118433 0.00871525 -0.992924 -1.28957 1.6586 2.61915</i>
                        <i>-0.813111 -0.574802 0.0919398 -0.569934 0.818246 0.0751618 -0.118433 0.00871525 -0.992924 -1.28933 1.65802 2.61913</i>
                        <i>-0.813111 -0.574802 0.0919399 -0.569934 0.818246 0.0751618 -0.118433 0.00871526 -0.992924 -1.28903 1.6573 2.6191</i>
                        <i>-0.813111 -0.574802 0.0919399 -0.569934 0.818246 0.0751618 -0.118433 0.00871526 -0.992924 -1.28868 1.65647 2.61906</i>
                        <i>-0.813111 -0.574802 0.0919399 -0.569934 0.818246 0.0751618 -0.118433 0.00871526 -0.992924 -1.28831 1.65558 2.61902</i>
                        <i>-0.813111 -0.574802 0.0919398 -0.569934 0.818246 0.0751618 -0.118433 0.00871525 -0.992924 -1.28792 1.65465 2.61898</i>
                        <i>-0.813111 -0.574802 0.0919398 -0.569934 0.818246 0.0751618 -0.118433 0.00871526 -0.992924 -1.28754 1.65373 2.61895</i>
                        <i>-0.813111 -0.574802 0.0919398 -0.569934 0.818246 0.0751618 -0.118433 0.00871526 -0.992924 -1.28719 1.65285 2.61891</i>
                        <i>-0.813111 -0.574802 0.0919398 -0.569934 0.818246 0.0751618 -0.118433 0.00871526 -0.992924 -1.28687 1.65205 2.61888</i>
                        <i>-0.813111 -0.574802 0.0919398 -0.569934 0.818246 0.0751618 -0.118433 0.00871525 -0.992924 -1.28661 1.65138 2.61885</i>
                        <i>-0.813111 -0.574803 0.0919399 -0.569934 0.818246 0.0751618 -0.118433 0.00871526 -0.992924 -1.28642 1.65086 2.61883</i>
                        <i>-0.813111 -0.574802 0.0919398 -0.569934 0.818246 0.0751618 -0.118433 0.00871525 -0.992924 -1.28633 1.65055 2.61882</i>
                    </KeyFrames>
                </p>
            </i>
            <i>
                <p>
                    <Name>
                        <![CDATA[l_elbow]]>
</Name>
                    <Exclude>0</Exclude>
                    <Additive>0</Additive>
                    <IKPriority>0</IKPriority>
                    <IKRotLimits>-1e+010 -1e+010 -1e+010 1e+010 1e+010 1e+010</IKRotLimits>
                    <IKRotLimitOrder>0</IKRotLimitOrder>
                    <KeyFrames count="30">
                        <i>0.145964 0.188014 -0.97126 -0.570176 0.818298 0.0727163 0.808451 0.543175 0.226643 -1.55082 1.46358 2.64873</i>
                        <i>0.145964 0.188014 -0.97126 -0.570176 0.818298 0.0727163 0.808452 0.543175 0.226643 -1.55087 1.4637 2.64873</i>
