<?xml version="1.0" encoding="ISO-8859-1" ?>
<Animl Version="1">
    <ModellingPackage>
        <![CDATA[Maya.2010]]>
</ModellingPackage>
    <SrcFile>
        <![CDATA[anims\vehicles\blue\~src\air\apache_fly_idle_crewman_a.mb]]>
</SrcFile>
    <FramesPerSecond>30</FramesPerSecond>
    <TotalFrames>30</TotalFrames>
    <Skeleton>
        <RefFrame>
            <Name>
                <![CDATA[soldier_ref_frame]]>
</Name>
            <Exclude>0</Exclude>
            <Additive>0</Additive>
            <IKPriority>0</IKPriority>
            <IKRotLimits>-1e+010 -1e+010 -1e+010 1e+010 1e+010 1e+010</IKRotLimits>
            <IKRotLimitOrder>0</IKRotLimitOrder>
            <KeyFrames count="30">
                <i>1 0 0 0 1 0 0 0 1 0.85 0.96 3.45</i>
                <i>1 0 0 0 1 0 0 0 1 0.85 0.96 3.45</i>
                <i>1 0 0 0 1 0 0 0 1 0.85 0.96 3.45</i>
                <i>1 0 0 0 1 0 0 0 1 0.85 0.96 3.45</i>
                <i>1 0 0 0 1 0 0 0 1 0.85 0.96 3.45</i>
                <i>1 0 0 0 1 0 0 0 1 0.85 0.96 3.45</i>
                <i>1 0 0 0 1 0 0 0 1 0.85 0.96 3.45</i>
                <i>1 0 0 0 1 0 0 0 1 0.85 0.96 3.45</i>
                <i>1 0 0 0 1 0 0 0 1 0.85 0.96 3.45</i>
                <i>1 0 0 0 1 0 0 0 1 0.85 0.96 3.45</i>
                <i>1 0 0 0 1 0 0 0 1 0.85 0.96 3.45</i>
                <i>1 0 0 0 1 0 0 0 1 0.85 0.96 3.45</i>
                <i>1 0 0 0 1 0 0 0 1 0.85 0.96 3.45</i>
                <i>1 0 0 0 1 0 0 0 1 0.85 0.96 3.45</i>
                <i>1 0 0 0 1 0 0 0 1 0.85 0.96 3.45</i>
                <i>1 0 0 0 1 0 0 0 1 0.85 0.96 3.45</i>
                <i>1 0 0 0 1 0 0 0 1 0.85 0.96 3.45</i>
                <i>1 0 0 0 1 0 0 0 1 0.85 0.96 3.45</i>
                <i>1 0 0 0 1 0 0 0 1 0.85 0.96 3.45</i>
                <i>1 0 0 0 1 0 0 0 1 0.85 0.96 3.45</i>
                <i>1 0 0 0 1 0 0 0 1 0.85 0.96 3.45</i>
                <i>1 0 0 0 1 0 0 0 1 0.85 0.96 3.45</i>
                <i>1 0 0 0 1 0 0 0 1 0.85 0.96 3.45</i>
                <i>1 0 0 0 1 0 0 0 1 0.85 0.96 3.45</i>
                <i>1 0 0 0 1 0 0 0 1 0.85 0.96 3.45</i>
                <i>1 0 0 0 1 0 0 0 1 0.85 0.96 3.45</i>
                <i>1 0 0 0 1 0 0 0 1 0.85 0.96 3.45</i>
                <i>1 0 0 0 1 0 0 0 1 0.85 0.96 3.45</i>
                <i>1 0 0 0 1 0 0 0 1 0.85 0.96 3.45</i>
                <i>1 0 0 0 1 0 0 0 1 0.85 0.96 3.45</i>
            </KeyFrames>
        </RefFrame>
        <Bones count="23">
            <i>
                <p>
                    <Name>
                        <![CDATA[pelvis]]>
</Name>
                    <Exclude>0</Exclude>
                    <Additive>0</Additive>
                    <IKPriority>0</IKPriority>
                    <IKRotLimits>-1e+010 -1e+010 -1e+010 1e+010 1e+010 1e+010</IKRotLimits>
                    <IKRotLimitOrder>2</IKRotLimitOrder>
                    <KeyFrames count="30">
                        <i>1 0 0 0 1 0 0 0 1 -0.0409569 1.87363 3.33454</i>
                        <i>1 0 0 0 1 0 0 0 1 -0.0409569 1.87363 3.33454</i>
                        <i>1 0 0 0 1 0 0 0 1 -0.0409569 1.87363 3.33454</i>
                        <i>1 0 0 0 1 0 0 0 1 -0.0409569 1.87363 3.33454</i>
                        <i>1 0 0 0 1 0 0 0 1 -0.0409569 1.87363 3.33454</i>
                        <i>1 0 0 0 1 0 0 0 1 -0.0409569 1.87363 3.33454</i>
                        <i>1 0 0 0 1 0 0 0 1 -0.0409569 1.87363 3.33454</i>
                        <i>1 0 0 0 1 0 0 0 1 -0.0409569 1.87363 3.33454</i>
                        <i>1 0 0 0 1 0 0 0 1 -0.0409569 1.87363 3.33454</i>
                        <i>1 0 0 0 1 0 0 0 1 -0.0409569 1.87363 3.33454</i>
                        <i>1 0 0 0 1 0 0 0 1 -0.0409569 1.87363 3.33454</i>
                        <i>1 0 0 0 1 0 0 0 1 -0.0409569 1.87363 3.33454</i>
                        <i>1 0 0 0 1 0 0 0 1 -0.0409569 1.87363 3.33454</i>
                        <i>1 0 0 0 1 0 0 0 1 -0.0409569 1.87363 3.33454</i>
                        <i>1 0 0 0 1 0 0 0 1 -0.0409569 1.87363 3.33454</i>
                        <i>1 0 0 0 1 0 0 0 1 -0.0409569 1.87363 3.33454</i>
                        <i>1 0 0 0 1 0 0 0 1 -0.0409569 1.87363 3.33454</i>
                        <i>1 0 0 0 1 0 0 0 1 -0.0409569 1.87363 3.33454</i>
                        <i>1 0 0 0 1 0 0 0 1 -0.0409569 1.87363 3.33454</i>
                        <i>1 0 0 0 1 0 0 0 1 -0.0409569 1.87363 3.33454</i>
                        <i>1 0 0 0 1 0 0 0 1 -0.0409569 1.87363 3.33454</i>
                        <i>1 0 0 0 1 0 0 0 1 -0.0409569 1.87363 3.33454</i>
                        <i>1 0 0 0 1 0 0 0 1 -0.0409569 1.87363 3.33454</i>
                        <i>1 0 0 0 1 0 0 0 1 -0.0409569 1.87363 3.33454</i>
                        <i>1 0 0 0 1 0 0 0 1 -0.0409569 1.87363 3.33454</i>
                        <i>1 0 0 0 1 0 0 0 1 -0.0409569 1.87363 3.33454</i>
                        <i>1 0 0 0 1 0 0 0 1 -0.0409569 1.87363 3.33454</i>
                        <i>1 0 0 0 1 0 0 0 1 -0.0409569 1.87363 3.33454</i>
                        <i>1 0 0 0 1 0 0 0 1 -0.0409569 1.87363 3.33454</i>
                        <i>1 0 0 0 1 0 0 0 1 -0.0409569 1.87363 3.33454</i>
                    </KeyFrames>
                </p>
            </i>
            <i>
                <p>
                    <Name>
                        <![CDATA[spine0]]>
</Name>
                    <Exclude>0</Exclude>
                    <Additive>0</Additive>
                    <IKPriority>0</IKPriority>
                    <IKRotLimits>-1e+010 -1e+010 -1e+010 1e+010 1e+010 1e+010</IKRotLimits>
                    <IKRotLimitOrder>0</IKRotLimitOrder>
                    <KeyFrames count="30">
                        <i>0.08944 0.978158 -0.187635 -0.991839 0.104658 0.072812 0.0908592 0.179592 0.979536 -0.0380354 2.00689 3.28041</i>
                        <i>0.0893131 0.9784 -0.186433 -0.991864 0.104419 0.0728243 0.0907184 0.178412 0.979765 -0.0380354 2.00689 3.28041</i>
                        <i>0.0891689 0.978613 -0.185381 -0.991888 0.104176 0.0728368 0.0905913 0.177383 0.979964 -0.0380354 2.00689 3.28041</i>
                        <i>0.0890139 0.978796 -0.184486 -0.991912 0.103938 0.0728491 0.0904795 0.176509 0.980132 -0.0380354 2.00689 3.28041</i>
                        <i>0.0888545 0.978948 -0.183753 -0.991935 0.10371 0.0728609 0.090384 0.175797 0.980268 -0.0380354 2.00689 3.28041</i>
                        <i>0.0886969 0.979069 -0.183188 -0.991956 0.103499 0.0728717 0.0903061 0.175251 0.980373 -0.0380354 2.00689 3.28041</i>
                        <i>0.088547 0.979156 -0.182793 -0.991975 0.103312 0.0728814 0.0902469 0.174872 0.980446 -0.0380354 2.00689 3.28041</i>
                        <i>0.0884111 0.979209 -0.182573 -0.991991 0.103155 0.0728894 0.0902074 0.174666 0.980487 -0.0380354 2.00689 3.28041</i>
                        <i>0.088294 0.979229 -0.182523 -0.992003 0.103033 0.0728957 0.0901876 0.174627 0.980496 -0.0380354 2.00689 3.28041</i>
                        <i>0.0882004 0.979217 -0.182635 -0.992012 0.10295 0.0729 0.0901871 0.174746 0.980474 -0.0380354 2.00689 3.28041</i>
                        <i>0.0881346 0.979174 -0.182897 -0.992016 0.102908 0.0729022 0.0902054 0.175012 0.980425 -0.0380354 2.00689 3.28041</i>
                        <i>0.0881012 0.979101 -0.183301 -0.992015 0.102912 0.072902 0.0902423 0.175415 0.98035 -0.0380354 2.00689 3.28041</i>
                        <i>0.0881044 0.979 -0.183839 -0.99201 0.102965 0.0728993 0.0902973 0.175948 0.980249 -0.0380354 2.00689 3.28041</i>
                        <i>0.0881489 0.978871 -0.184502 -0.992 0.10307 0.0728938 0.0903703 0.1766 0.980125 -0.0380354 2.00689 3.28041</i>
                        <i>0.0882298 0.978721 -0.185261 -0.991984 0.103222 0.072886 0.090458 0.177345 0.979983 -0.0380354 2.00689 3.28041</i>
                        <i>0.0883358 0.978557 -0.186074 -0.991966 0.103404 0.0728766 0.0905547 0.178142 0.979829 -0.0380354 2.00689 3.28041</i>
                        <i>0.0884612 0.978386 -0.186912 -0.991946 0.103608 0.0728661 0.0906567 0.17896 0.979671 -0.0380354 2.00689 3.28041</i>
                        <i>0.0886004 0.978214 -0.187743 -0.991924 0.103825 0.0728549 0.0907601 0.179772 0.979513 -0.0380354 2.00689 3.28041</i>
                        <i>0.0887478 0.978048 -0.188538 -0.991901 0.104047 0.0728435 0.0908612 0.180546 0.979361 -0.0380354 2.00689 3.28041</i>
                        <i>0.0888979 0.977893 -0.189267 -0.991879 0.104266 0.0728322 0.0909561 0.181255 0.979221 -0.0380354 2.00689 3.28041</i>
                        <i>0.0890452 0.977757 -0.189898 -0.991858 0.104473 0.0728215 0.091041 0.181868 0.979099 -0.0380354 2.00689 3.28041</i>
                        <i>0.089184 0.977647 -0.190403 -0.991839 0.104659 0.0728119 0.0911117 0.182355 0.979002 -0.0380354 2.00689 3.28041</i>
                        <i>0.0893089 0.977568 -0.190748 -0.991823 0.104817 0.0728038 0.0911643 0.182687 0.978935 -0.0380354 2.00689 3.28041</i>
                        <i>0.0894154 0.977525 -0.19092 -0.991811 0.10494 0.0727974 0.0911964 0.182847 0.978902 -0.0380354 2.00689 3.28041</i>
                        <i>0.0895001 0.977518 -0.190912 -0.991802 0.105025 0.072793 0.091207 0.182832 0.978904 -0.0380354 2.00689 3.28041</i>
                        <i>0.0895587 0.977553 -0.19071 -0.991798 0.105065 0.072791 0.0911938 0.182627 0.978944 -0.0380354 2.00689 3.28041</i>
                        <i>0.0895866 0.97763 -0.190297 -0.991799 0.105054 0.0727915 0.0911546 0.182215 0.979024 -0.0380354 2.00689 3.28041</i>
                        <i>0.0895793 0.977755 -0.189657 -0.991806 0.104987 0.072795 0.0910872 0.181582 0.979148 -0.0380354 2.00689 3.28041</i>
                        <i>0.089532 0.97793 -0.188776 -0.991819 0.104857 0.0728017 0.0909894 0.180713 0.979318 -0.0380354 2.00689 3.28041</i>
                        <i>0.08944 0.978158 -0.187635 -0.991839 0.104658 0.072812 0.0908592 0.179592 0.979536 -0.0380354 2.00689 3.28041</i>
                    </KeyFrames>
                </p>
            </i>
            <i>
                <p>
                    <Name>
                        <![CDATA[spine1]]>
</Name>
                    <Exclude>0</Exclude>
                    <Additive>0</Additive>
                    <IKPriority>0</IKPriority>
                    <IKRotLimits>-1e+010 -1e+010 -1e+010 1e+010 1e+010 1e+010</IKRotLimits>
                    <IKRotLimitOrder>0</IKRotLimitOrder>
                    <KeyFrames count="30">
                        <i>0.0857607 0.981522 -0.171055 -0.996267 0.0827768 -0.0245143 -0.00990188 0.172519 0.984956 -0.0225615 2.17613 3.24793</i>
                        <i>0.0856605 0.981647 -0.170386 -0.996272 0.0826439 -0.0247326 -0.0101974 0.171869 0.985067 -0.0225825 2.17618 3.24814</i>
                        <i>0.0855094 0.981775 -0.169726 -0.996283 0.0824674 -0.0249056 -0.0104547 0.171225 0.985177 -0.0225973 2.17633 3.2483</i>
                        <i>0.0853188 0.9819 -0.169094 -0.996297 0.0822583 -0.0250356 -0.0106731 0.170603 0.985282 -0.0226065 2.17655 3.24842</i>
                        <i>0.0851001 0.982021 -0.168502 -0.996313 0.0820275 -0.0251253 -0.0108518 0.170019 0.985381 -0.0226105 2.17684 3.24849</i>
                        <i>0.0848648 0.982133 -0.167968 -0.996332 0.0817859 -0.025177 -0.0109898 0.169488 0.985471 -0.0226099 2.17717 3.24853</i>
                        <i>0.0846241 0.982233 -0.167504 -0.996351 0.0815442 -0.0251932 -0.0110866 0.169025 0.985549 -0.0226051 2.17753 3.24853</i>
                        <i>0.0843889 0.982317 -0.167126 -0.996371 0.0813129 -0.025176 -0.0111414 0.168644 0.985614 -0.0225967 2.1779 3.2485</i>
                        <i>0.0841696 0.982384 -0.166844 -0.996389 0.0811017 -0.0251291 -0.0111552 0.168356 0.985663 -0.0225854 2.17825 3.24844</i>
                        <i>0.0839759 0.982431 -0.166664 -0.996406 0.0809197 -0.0250569 -0.0111302 0.16817 0.985695 -0.0225718 2.17859 3.24836</i>
                        <i>0.0838176 0.982456 -0.166595 -0.99642 0.0807758 -0.0249635 -0.0110687 0.168091 0.985709 -0.0225568 2.17887 3.24826</i>
                        <i>0.0837042 0.982458 -0.166643 -0.99643 0.080679 -0.0248531 -0.0109725 0.168129 0.985704 -0.0225412 2.1791 3.24814</i>
                        <i>0.083645 0.982434 -0.166816 -0.996437 0.0806381 -0.0247298 -0.0108436 0.16829 0.985678 -0.0225256 2.17925 3.24801</i>
                        <i>0.0836498 0.982381 -0.167122 -0.996438 0.0806622 -0.0245976 -0.0106837 0.168585 0.985629 -0.0225109 2.17931 3.24788</i>
                        <i>0.083713 0.982304 -0.167542 -0.996435 0.0807452 -0.0244604 -0.0104993 0.168993 0.985561 -0.0224974 2.17927 3.24775</i>
                        <i>0.0838182 0.982211 -0.168038 -0.996428 0.0808703 -0.0243225 -0.0103005 0.169476 0.98548 -0.0224852 2.17917 3.24762</i>
                        <i>0.0839582 0.982105 -0.168587 -0.996418 0.0810298 -0.024188 -0.0100946 0.170014 0.98539 -0.0224744 2.17902 3.2475</i>
                        <i>0.0841261 0.98199 -0.169168 -0.996406 0.081216 -0.0240613 -0.00988881 0.170584 0.985294 -0.0224655 2.17881 3.24738</i>
                        <i>0.0843148 0.981872 -0.169758 -0.996392 0.0814215 -0.0239468 -0.00969075 0.171164 0.985195 -0.0224586 2.17857 3.24729</i>
                        <i>0.0845173 0.981755 -0.170334 -0.996377 0.0816382 -0.0238491 -0.00950813 0.171733 0.985098 -0.022454 2.1783 3.24721</i>
                        <i>0.0847264 0.981643 -0.170875 -0.99636 0.0818585 -0.0237728 -0.00934882 0.172267 0.985006 -0.022452 2.17802 3.24715</i>
                        <i>0.0849348 0.981541 -0.171356 -0.996344 0.0820742 -0.0237227 -0.00922088 0.172745 0.984923 -0.0224528 2.17772 3.24711</i>
                        <i>0.0851352 0.981454 -0.171755 -0.996328 0.0822772 -0.0237036 -0.00913245 0.173142 0.984854 -0.0224567 2.17743 3.24711</i>
                        <i>0.0853209 0.981385 -0.172055 -0.996312 0.0824606 -0.0237171 -0.00908783 0.173444 0.984802 -0.0224636 2.17714 3.24714</i>
                        <i>0.0854859 0.981337 -0.172247 -0.996298 0.0826182 -0.0237627 -0.00908851 0.173641 0.984767 -0.0224732 2.17687 3.24719</i>
                        <i>0.0856233 0.981313 -0.172315 -0.996286 0.0827432 -0.0238418 -0.00913838 0.173717 0.984753 -0.0224856 2.17663 3.24728</i>
                        <i>0.0857264 0.981317 -0.172245 -0.996276 0.0828284 -0.0239556 -0.00924124 0.173657 0.984763 -0.0225007 2.17642 3.24739</i>
                        <i>0.0857882 0.981351 -0.172021 -0.996269 0.0828669 -0.0241051 -0.00940066 0.173448 0.984798 -0.0225183 2.17626 3.24754</i>
                        <i>0.0858019 0.981418 -0.171629 -0.996266 0.082852 -0.0242911 -0.0096199 0.173073 0.984862 -0.0225386 2.17616 3.24772</i>
                        <i>0.0857607 0.981522 -0.171055 -0.996267 0.0827768 -0.0245143 -0.00990188 0.172519 0.984956 -0.0225615 2.17613 3.24793</i>
                    </KeyFrames>
                </p>
            </i>
            <i>
                <p>
                    <Name>
                        <![CDATA[spine2]]>
</Name>
                    <Exclude>0</Exclude>
                    <Additive>0</Additive>
                    <IKPriority>0</IKPriority>
                    <IKRotLimits>-1e+010 -1e+010 -1e+010 1e+010 1e+010 1e+010</IKRotLimits>
                    <IKRotLimitOrder>0</IKRotLimitOrder>
                    <KeyFrames count="30">
                        <i>-0.00175341 0.991103 0.133084 -0.991887 0.0151923 -0.126209 -0.127108 -0.132226 0.983036 -0.008994 2.33261 3.22068</i>
                        <i>-0.00146434 0.99143 0.130631 -0.99187 0.0151824 -0.126347 -0.127247 -0.129754 0.983347 -0.00903026 2.33269 3.221</i>
                        <i>-0.00122599 0.991695 0.128606 -0.991856 0.0151731 -0.126456 -0.127358 -0.127714 0.9836 -0.00906036 2.33296 3.22124</i>
                        <i>-0.00103742 0.991902 0.127001 -0.991846 0.0151645 -0.12654 -0.127441 -0.126097 0.983798 -0.00908441 2.33339 3.22143</i>
                        <i>-0.000897556 0.992054 0.125806 -0.991838 0.015157 -0.126597 -0.127498 -0.124893 0.983944 -0.00910252 2.33394 3.22157</i>
                        <i>-0.000804913 0.992155 0.125008 -0.991834 0.0151505 -0.126631 -0.127532 -0.124089 0.984041 -0.00911482 2.33458 3.22165</i>
                        <i>-0.000757935 0.992208 0.124594 -0.991833 0.0151452 -0.126642 -0.127542 -0.123673 0.984092 -0.00912145 2.33527 3.22167</i>
                        <i>-0.000755169 0.992213 0.124552 -0.991834 0.0151412 -0.126632 -0.127532 -0.123631 0.984099 -0.00912252 2.33598 3.22165</i>
                        <i>-0.000792929 0.992175 0.124852 -0.991838 0.0151386 -0.126602 -0.127502 -0.123934 0.984065 -0.00911843 2.33668 3.22159</i>
                        <i>-0.000866439 0.992099 0.125455 -0.991844 0.0151373 -0.126556 -0.127455 -0.124542 0.983994 -0.00910972 2.33733 3.22149</i>
                        <i>-0.000970948 0.991989 0.126323 -0.991852 0.0151375 -0.126496 -0.127395 -0.125416 0.983891 -0.00909696 2.3379 3.22135</i>
                        <i>-0.00110183 0.991849 0.127417 -0.991861 0.0151391 -0.126425 -0.127323 -0.126519 0.983759 -0.00908068 2.33835 3.22119</i>
                        <i>-0.00125451 0.991683 0.128701 -0.991871 0.0151424 -0.126345 -0.127243 -0.127813 0.983602 -0.00906146 2.33865 3.22101</i>
                        <i>-0.00142449 0.991495 0.130139 -0.991881 0.0151472 -0.12626 -0.127157 -0.129262 0.983424 -0.00903985 2.33876 3.22082</i>
                        <i>-0.00160607 0.991291 0.131681 -0.991893 0.0151534 -0.126172 -0.127069 -0.130816 0.98323 -0.00901665 2.33871 3.22062</i>
                        <i>-0.00179205 0.991079 0.133266 -0.991904 0.0151605 -0.126084 -0.126979 -0.132413 0.983027 -0.00899282 2.33853 3.22042</i>
                        <i>-0.00197634 0.990865 0.134842 -0.991914 0.0151681 -0.125998 -0.126893 -0.134001 0.982823 -0.00896918 2.33824 3.22023</i>
                        <i>-0.00215294 0.990658 0.136355 -0.991925 0.0151759 -0.125918 -0.126811 -0.135525 0.982625 -0.00894653 2.33785 3.22005</i>
                        <i>-0.00231562 0.990464 0.137753 -0.991933 0.0151836 -0.125847 -0.126738 -0.136934 0.982439 -0.00892567 2.3374 3.21989</i>
                        <i>-0.00245829 0.990292 0.138982 -0.991941 0.015191 -0.125786 -0.126676 -0.138172 0.982274 -0.00890739 2.33689 3.21975</i>
                        <i>-0.00257455 0.99015 0.139988 -0.991947 0.0151978 -0.125739 -0.126628 -0.139184 0.982137 -0.00889249 2.33634 3.21964</i>
                        <i>-0.00265821 0.990047 0.140715 -0.991951 0.0152036 -0.125709 -0.126597 -0.139916 0.982037 -0.00888176 2.33577 3.21957</i>
                        <i>-0.00270271 0.98999 0.141108 -0.991952 0.0152082 -0.125698 -0.126586 -0.140312 0.981982 -0.00887599 2.3352 3.21955</i>
                        <i>-0.0027054 0.989986 0.141143 -0.991951 0.0152114 -0.125707 -0.126595 -0.140347 0.981976 -0.00887549 2.33464 3.21957</i>
                        <i>-0.00266626 0.990032 0.14082 -0.991947 0.0152131 -0.125737 -0.126625 -0.140021 0.982018 -0.00888026 2.33411 3.21963</i>
                        <i>-0.00258271 0.990132 0.140117 -0.991941 0.0152131 -0.125787 -0.126677 -0.139313 0.982112 -0.0088906 2.33364 3.21974</i>
                        <i>-0.00245218 0.990287 0.139013 -0.991932 0.0152113 -0.125858 -0.12675 -0.1382 0.98226 -0.00890682 2.33323 3.2199</i>
                        <i>-0.00227214 0.990501 0.137486 -0.99192 0.0152073 -0.125952 -0.126846 -0.136662 0.982463 -0.00892923 2.33291 3.22011</i>
                        <i>-0.00204002 0.990773 0.135516 -0.991905 0.0152011 -0.126068 -0.126965 -0.134677 0.982722 -0.00895818 2.3327 3.22037</i>
                        <i>-0.00175341 0.991103 0.133084 -0.991887 0.0151923 -0.126209 -0.127108 -0.132226 0.983036 -0.008994 2.33261 3.22068</i>
                    </KeyFrames>
                </p>
            </i>
            <i>
                <p>
                    <Name>
                        <![CDATA[head]]>
</Name>
                    <Exclude>0</Exclude>
                    <Additive>0</Additive>
                    <IKPriority>0</IKPriority>
                    <IKRotLimits>-1e+010 -1e+010 -1e+010 1e+010 1e+010 1e+010</IKRotLimits>
                    <IKRotLimitOrder>0</IKRotLimitOrder>
                    <KeyFrames count="30">
                        <i>0.000928381 0.97896 0.20405 0.115195 0.202587 -0.972465 -0.993342 0.0244084 -0.112583 -0.0143313 2.58746 3.26097</i>
                        <i>0.00147488 0.979865 0.199657 0.115374 0.198157 -0.973356 -0.993321 0.0244707 -0.112759 -0.0142671 2.58771 3.26046</i>
                        <i>0.00202552 0.980764 0.195187 0.115512 0.193651 -0.974246 -0.993304 0.0245199 -0.112898 -0.0142159 2.58819 3.26005</i>
                        <i>0.00260099 0.98169 0.190468 0.115612 0.188896 -0.975168 -0.993291 0.0245568 -0.113004 -0.014177 2.58887 3.25974</i>
                        <i>0.00322185 0.982672 0.185325 0.115674 0.183716 -0.97615 -0.993282 0.0245823 -0.113078 -0.01415 2.58968 3.25952</i>
                        <i>0.00390866 0.983735 0.179584 0.115698 0.177935 -0.977217 -0.993277 0.0245971 -0.113121 -0.0141342 2.5906 3.2594</i>
                        <i>0.00468176 0.984899 0.173069 0.115684 0.171376 -0.97839 -0.993275 0.0246019 -0.113135 -0.0141291 2.59157 3.25936</i>
                        <i>0.00556108 0.986176 0.165606 0.115631 0.163864 -0.979683 -0.993277 0.0245973 -0.113121 -0.0141341 2.59255 3.2594</i>
                        <i>0.00638962 0.987335 0.158521 0.115548 0.156734 -0.980858 -0.993281 0.0245841 -0.113083 -0.0141481 2.59349 3.25951</i>
                        <i>0.00701051 0.988178 0.153152 0.115449 0.151331 -0.981718 -0.993289 0.0245636 -0.113024 -0.0141698 2.59435 3.25968</i>
                        <i>0.00744624 0.988761 0.149316 0.115341 0.147474 -0.982318 -0.993298 0.0245369 -0.112947 -0.014198 2.59508 3.25991</i>
                        <i>0.00771946 0.989131 0.146832 0.115227 0.144979 -0.982702 -0.993309 0.0245051 -0.112856 -0.0142314 2.59564 3.26017</i>
                        <i>0.00785291 0.989325 0.145517 0.115112 0.143659 -0.98291 -0.993322 0.0244693 -0.112755 -0.0142686 2.59598 3.26047</i>
                        <i>0.00786931 0.989373 0.145183 0.114996 0.143329 -0.982971 -0.993335 0.0244308 -0.112646 -0.0143083 2.59606 3.26079</i>
                        <i>0.00779137 0.989306 0.145648 0.114883 0.143802 -0.982915 -0.993348 0.0243908 -0.112534 -0.0143493 2.5959 3.26112</i>
                        <i>0.00764179 0.989148 0.146724 0.114776 0.144891 -0.982768 -0.993362 0.0243505 -0.112423 -0.0143902 2.59556 3.26144</i>
                        <i>0.00744313 0.988925 0.148227 0.114675 0.146409 -0.982555 -0.993375 0.0243112 -0.112315 -0.0144299 2.59507 3.26176</i>
                        <i>0.00721794 0.988664 0.14997 0.114582 0.148169 -0.982302 -0.993388 0.0242741 -0.112214 -0.0144669 2.59445 3.26206</i>
                        <i>0.00698868 0.988391 0.151768 0.114501 0.149983 -0.982036 -0.993398 0.0242407 -0.112124 -0.0145 2.59375 3.26232</i>
                        <i>0.00677771 0.988135 0.153436 0.114433 0.151665 -0.981786 -0.993408 0.0242124 -0.112047 -0.014528 2.59297 3.26255</i>
                        <i>0.00660738 0.987926 0.154788 0.114381 0.153029 -0.98158 -0.993415 0.0241904 -0.111988 -0.0145496 2.59216 3.26272</i>
                        <i>0.00624445 0.987446 0.157832 0.114361 0.156094 -0.981099 -0.99342 0.0241762 -0.111951 -0.0145634 2.59134 3.26283</i>
                        <i>0.00552833 0.986454 0.163947 0.114384 0.16225 -0.980098 -0.993421 0.0241712 -0.111937 -0.0145683 2.59053 3.26287</i>
                        <i>0.004583 0.985076 0.172061 0.114438 0.170416 -0.978704 -0.99342 0.0241758 -0.111949 -0.0145639 2.58977 3.26284</i>
                        <i>0.00352736 0.983451 0.18114 0.114515 0.179552 -0.977061 -0.993415 0.0241897 -0.111987 -0.0145502 2.58907 3.26273</i>
                        <i>0.0024848 0.981757 0.190122 0.114609 0.188591 -0.975345 -0.993408 0.0242133 -0.11205 -0.0145271 2.58846 3.26254</i>
                        <i>0.00157904 0.98021 0.197952 0.11472 0.196468 -0.973776 -0.993397 0.0242468 -0.11214 -0.014494 2.58797 3.26228</i>
                        <i>0.000934237 0.979058 0.203581 0.114852 0.202129 -0.972601 -0.993382 0.0242905 -0.112258 -0.0144506 2.58762 3.26193</i>
                        <i>0.000675355 0.978559 0.205963 0.11501 0.204521 -0.972082 -0.993364 0.0243443 -0.112406 -0.0143965 2.58744 3.26149</i>
                        <i>0.000928381 0.97896 0.20405 0.115195 0.202587 -0.972465 -0.993342 0.0244084 -0.112583 -0.0143313 2.58746 3.26097</i>
                    </KeyFrames>
                </p>
            </i>
            <i>
                <p>
                    <Name>
                        <![CDATA[head_prop]]>
</Name>
                    <Exclude>0</Exclude>
                    <Additive>0</Additive>
                    <IKPriority>0</IKPriority>
                    <IKRotLimits>-1e+010 -1e+010 -1e+010 1e+010 1e+010 1e+010</IKRotLimits>
                    <IKRotLimitOrder>0</IKRotLimitOrder>
                    <KeyFrames count="30">
                        <i>0.993342 -0.0244084 0.112583 0.000928381 0.97896 0.20405 -0.115195 -0.202587 0.972465 -0.0140287 2.90651 3.32747</i>
                        <i>0.993321 -0.0244707 0.112759 0.00147488 0.979865 0.199657 -0.115374 -0.198157 0.973356 -0.0137864 2.90705 3.32553</i>
                        <i>0.993304 -0.0245199 0.112898 0.00202552 0.980764 0.195187 -0.115512 -0.193651 0.974246 -0.0135557 2.90783 3.32366</i>
                        <i>0.993291 -0.0245568 0.113004 0.00260099 0.98169 0.190468 -0.115612 -0.188896 0.975168 -0.0133293 2.90881 3.32181</i>
                        <i>0.993282 -0.0245823 0.113078 0.00322185 0.982672 0.185325 -0.115674 -0.183716 0.97615 -0.0131 2.90995 3.31992</i>
                        <i>0.993277 -0.0245971 0.113121 0.00390866 0.983735 0.179584 -0.115698 -0.177935 0.977217 -0.0128604 2.91121 3.31792</i>
                        <i>0.993275 -0.0246019 0.113135 0.00468176 0.984899 0.173069 -0.115684 -0.171376 0.97839 -0.0126033 2.91256 3.31576</i>
                        <i>0.993277 -0.0245973 0.113121 0.00556108 0.986176 0.165606 -0.115631 -0.163864 0.979683 -0.0123217 2.91396 3.31337</i>
                        <i>0.993281 -0.0245841 0.113083 0.00638962 0.987335 0.158521 -0.115548 -0.156734 0.980858 -0.0120657 2.91527 3.31117</i>
                        <i>0.993289 -0.0245636 0.113024 0.00701051 0.988178 0.153152 -0.115449 -0.151331 0.981718 -0.0118851 2.91641 3.30959</i>
                        <i>0.993298 -0.0245369 0.112947 0.00744624 0.988761 0.149316 -0.115341 -0.147474 0.982318 -0.0117712 2.91733 3.30857</i>
                        <i>0.993309 -0.0245051 0.112856 0.00771946 0.989131 0.146832 -0.115227 -0.144979 0.982702 -0.0117155 2.91801 3.30803</i>
                        <i>0.993322 -0.0244693 0.112755 0.00785291 0.989325 0.145517 -0.115112 -0.143659 0.98291 -0.0117092 2.91841 3.3079</i>
                        <i>0.993335 -0.0244308 0.112646 0.00786931 0.989373 0.145183 -0.114996 -0.143329 0.982971 -0.0117436 2.91851 3.3081</i>
                        <i>0.993348 -0.0243908 0.112534 0.00779137 0.989306 0.145648 -0.114883 -0.143802 0.982915 -0.01181 2.91832 3.30858</i>
                        <i>0.993362 -0.0243505 0.112423 0.00764179 0.989148 0.146724 -0.114776 -0.144891 0.982768 -0.0118997 2.91793 3.30926</i>
                        <i>0.993375 -0.0243112 0.112315 0.00744313 0.988925 0.148227 -0.114675 -0.146409 0.982555 -0.0120041 2.91737 3.31007</i>
                        <i>0.993388 -0.0242741 0.112214 0.00721794 0.988664 0.14997 -0.114582 -0.148169 0.982302 -0.0121145 2.91667 3.31094</i>
                        <i>0.993398 -0.0242407 0.112124 0.00698868 0.988391 0.151768 -0.114501 -0.149983 0.982036 -0.0122223 2.91587 3.31179</i>
                        <i>0.993408 -0.0242124 0.112047 0.00677771 0.988135 0.153436 -0.114433 -0.151665 0.981786 -0.0123191 2.91502 3.31255</i>
                        <i>0.993415 -0.0241904 0.111988 0.00660738 0.987926 0.154788 -0.114381 -0.153029 0.98158 -0.0123962 2.91414 3.31317</i>
                        <i>0.99342 -0.0241762 0.111951 0.00624445 0.987446 0.157832 -0.114361 -0.156094 0.981099 -0.0125283 2.91316 3.31427</i>
                        <i>0.993421 -0.0241712 0.111937 0.00552833 0.986454 0.163947 -0.114384 -0.16225 0.980098 -0.0127666 2.91203 3.3163</i>
                        <i>0.99342 -0.0241758 0.111949 0.004583 0.985076 0.172061 -0.114438 -0.170416 0.978704 -0.0130702 2.91081 3.31891</i>
                        <i>0.993415 -0.0241897 0.111987 0.00352736 0.983451 0.18114 -0.114515 -0.179552 0.977061 -0.0134006 2.90958 3.32176</i>
                        <i>0.993408 -0.0242133 0.11205 0.0024848 0.981757 0.190122 -0.114609 -0.188591 0.975345 -0.0137173 2.90842 3.3245</i>
                        <i>0.993397 -0.0242468 0.11214 0.00157904 0.98021 0.197952 -0.11472 -0.196468 0.973776 -0.0139794 2.90743 3.32679</i>
                        <i>0.993382 -0.0242905 0.112258 0.000934237 0.979058 0.203581 -0.114852 -0.202129 0.972601 -0.0141461 2.90671 3.32828</i>
                        <i>0.993364 -0.0243443 0.112406 0.000675355 0.978559 0.205963 -0.11501 -0.204521 0.972082 -0.0141764 2.90636 3.32862</i>
                        <i>0.993342 -0.0244084 0.112583 0.000928381 0.97896 0.20405 -0.115195 -0.202587 0.972465 -0.0140287 2.90651 3.32747</i>
                    </KeyFrames>
                </p>
            </i>
            <i>
                <p>
                    <Name>
                        <![CDATA[l_clav]]>
</Name>
                    <Exclude>0</Exclude>
                    <Additive>0</Additive>
                    <IKPriority>0</IKPriority>
                    <IKRotLimits>-1e+010 -1e+010 -1e+010 1e+010 1e+010 1e+010</IKRotLimits>
                    <IKRotLimitOrder>0</IKRotLimitOrder>
                    <KeyFrames count="30">
                        <i>0.894027 0.423646 0.145735 -0.435411 0.898234 0.0599456 -0.105508 -0.117048 0.987506 0.0758187 2.38825 3.26333</i>
                        <i>0.894239 0.423768 0.144074 -0.434943 0.898699 0.0562461 -0.105644 -0.112961 0.987967 0.0757779 2.38847 3.26363</i>
                        <i>0.894408 0.423859 0.142749 -0.43457 0.89906 0.0532961 -0.10575 -0.109703 0.988323 0.0757455 2.38893 3.26388</i>
                        <i>0.894536 0.423926 0.141746 -0.434287 0.899326 0.0510616 -0.10583 -0.107235 0.988585 0.0757209 2.38958 3.26406</i>
                        <i>0.894625 0.423971 0.141049 -0.43409 0.899508 0.0495083 -0.105885 -0.105519 0.988764 0.0757039 2.39039 3.26419</i>
                        <i>0.894677 0.423996 0.140642 -0.433976 0.899613 0.0486018 -0.105917 -0.104518 0.988867 0.0756939 2.3913 3.26426</i>
                        <i>0.894694 0.424005 0.14051 -0.433938 0.899647 0.0483074 -0.105927 -0.104193 0.9889 0.0756907 2.39227 3.26429</i>
                        <i>0.894677 0.423997 0.140638 -0.433974 0.899614 0.0485923 -0.105917 -0.104508 0.988868 0.0756938 2.39325 3.26426</i>
                        <i>0.894631 0.423974 0.140999 -0.434076 0.899521 0.0493975 -0.105889 -0.105397 0.988777 0.0757026 2.3942 3.2642</i>
                        <i>0.89456 0.423938 0.141561 -0.434235 0.899375 0.0506484 -0.105844 -0.106779 0.988633 0.0757164 2.39507 3.26409</i>
                        <i>0.894467 0.42389 0.142289 -0.43444 0.899183 0.0522706 -0.105787 -0.10857 0.988444 0.0757342 2.39581 3.26396</i>
                        <i>0.894357 0.423832 0.143151 -0.434683 0.898952 0.0541896 -0.105718 -0.11069 0.988216 0.0757553 2.39639 3.2638</i>
                        <i>0.894234 0.423765 0.144112 -0.434954 0.898689 0.0563308 -0.105641 -0.113055 0.987957 0.0757789 2.39675 3.26362</i>
                        <i>0.894103 0.423691 0.14514 -0.435244 0.898402 0.0586199 -0.105557 -0.115583 0.987673 0.075804 2.39685 3.26344</i>
                        <i>0.893968 0.423611 0.146201 -0.435542 0.8981 0.0609825 -0.10547 -0.118193 0.987374 0.0758301 2.39671 3.26324</i>
                        <i>0.893833 0.423529 0.147262 -0.435841 0.897792 0.0633443 -0.105382 -0.120802 0.987067 0.0758561 2.39639 3.26304</i>
                        <i>0.893702 0.423446 0.148289 -0.43613 0.897487 0.0656311 -0.105296 -0.123328 0.986764 0.0758813 2.39593 3.26285</i>
                        <i>0.89358 0.423367 0.149249 -0.4364 0.897197 0.0677689 -0.105215 -0.125689 0.986475 0.0759049 2.39534 3.26268</i>
                        <i>0.89347 0.423294 0.15011 -0.436641 0.896933 0.0696837 -0.105142 -0.127805 0.986211 0.075926 2.39466 3.26252</i>
                        <i>0.893378 0.42323 0.150837 -0.436846 0.896706 0.0713016 -0.105079 -0.129592 0.985984 0.0759438 2.3939 3.26238</i>
                        <i>0.893307 0.423181 0.151397 -0.437003 0.89653 0.0725488 -0.105031 -0.130969 0.985807 0.0759576 2.39311 3.26228</i>
                        <i>0.893261 0.423148 0.151758 -0.437104 0.896415 0.0733512 -0.105 -0.131856 0.985692 0.0759665 2.3923 3.26221</i>
                        <i>0.893245 0.423137 0.151886 -0.43714 0.896374 0.0736351 -0.104989 -0.132169 0.985651 0.0759696 2.39149 3.26219</i>
                        <i>0.893259 0.423147 0.15177 -0.437107 0.896411 0.0733768 -0.104999 -0.131884 0.985689 0.0759668 2.39072 3.26221</i>
                        <i>0.893305 0.423179 0.151415 -0.437008 0.896524 0.0725881 -0.10503 -0.131013 0.985801 0.0759581 2.39001 3.26228</i>
                        <i>0.893381 0.423232 0.150813 -0.436839 0.896714 0.0712478 -0.105081 -0.129532 0.985992 0.0759433 2.38939 3.26239</i>
                        <i>0.89349 0.423307 0.149953 -0.436597 0.896981 0.0693348 -0.105155 -0.127419 0.986259 0.0759221 2.38887 3.26255</i>
                        <i>0.893634 0.423402 0.148827 -0.436281 0.897326 0.0668278 -0.105251 -0.12465 0.986603 0.0758945 2.3885 3.26276</i>
                        <i>0.893812 0.423516 0.147424 -0.435886 0.897744 0.0637053 -0.105369 -0.121201 0.98702 0.0758601 2.38828 3.26301</i>
                        <i>0.894027 0.423646 0.145735 -0.435411 0.898234 0.0599456 -0.105508 -0.117048 0.987506 0.0758187 2.38825 3.26333</i>
                    </KeyFrames>
                </p>
            </i>
            <i>
                <p>
                    <Name>
                        <![CDATA[l_shoulder]]>
</Name>
                    <Exclude>0</Exclude>
                    <Additive>0</Additive>
                    <IKPriority>0</IKPriority>
                    <IKRotLimits>-1e+010 -1e+010 -1e+010 1e+010 1e+010 1e+010</IKRotLimits>
                    <IKRotLimitOrder>0</IKRotLimitOrder>
                    <KeyFrames count="30">
                        <i>0.374271 -0.583247 0.720933 0.343809 0.809306 0.476255 -0.86123 0.0696144 0.503425 0.252459 2.47196 3.29212</i>
                        <i>0.374694 -0.582043 0.721686 0.341173 0.810333 0.476404 -0.862094 0.0677142 0.502205 0.25246 2.4722 3.2921</i>
                        <i>0.374912 -0.581236 0.722222 0.338719 0.811067 0.476906 -0.862966 0.0658332 0.500955 0.252461 2.47267 3.29208</i>
                        <i>0.374947 -0.580792 0.722562 0.336484 0.811531 0.477699 -0.863825 0.0640187 0.499709 0.252462 2.47334 3.29207</i>
                        <i>0.374822 -0.580674 0.722721 0.334504 0.811748 0.47872 -0.864648 0.0623181 0.498499 0.252462 2.47416 3.29206</i>
                        <i>0.374561 -0.580846 0.722719 0.332816 0.811741 0.479906 -0.865412 0.0607782 0.497361 0.252463 2.47507 3.29205</i>
                        <i>0.374185 -0.581271 0.722571 0.331456 0.811536 0.481193 -0.866096 0.0594447 0.496331 0.252463 2.47604 3.29205</i>
                        <i>0.373722 -0.581913 0.722295 0.330461 0.811154 0.482518 -0.866676 0.0583628 0.495445 0.252463 2.47702 3.29205</i>
                        <i>0.373198 -0.582724 0.721912 0.32985 0.810629 0.483818 -0.867135 0.0575631 0.494736 0.252462 2.47797 3.29206</i>
                        <i>0.372645 -0.583652 0.721447 0.329629 0.809996 0.485027 -0.867456 0.0570674 0.494229 0.252462 2.47883 3.29206</i>
                        <i>0.372095 -0.584645 0.720927 0.329804 0.809292 0.486083 -0.867626 0.0568953 0.493951 0.252462 2.47956 3.29207</i>
                        <i>0.371579 -0.585651 0.720376 0.330378 0.808552 0.486923 -0.867629 0.0570656 0.493927 0.252461 2.48013 3.29209</i>
                        <i>0.371131 -0.586617 0.719821 0.331355 0.807814 0.487484 -0.867448 0.0575957 0.494183 0.25246 2.48047 3.2921</i>
                        <i>0.37078 -0.587491 0.719288 0.332737 0.807113 0.487704 -0.867069 0.0585032 0.494742 0.25246 2.48056 3.29211</i>
                        <i>0.370528 -0.588257 0.718792 0.334452 0.806465 0.487603 -0.866517 0.0597303 0.495562 0.252459 2.4804 3.29213</i>
                        <i>0.370354 -0.588924 0.718336 0.336368 0.80587 0.487267 -0.865849 0.0611636 0.496553 0.252458 2.48007 3.29214</i>
                        <i>0.370254 -0.58948 0.717931 0.338405 0.805343 0.486729 -0.865098 0.0627383 0.497664 0.252458 2.47959 3.29215</i>
                        <i>0.370224 -0.589914 0.71759 0.340483 0.804895 0.48602 -0.864295 0.0643906 0.498847 0.252457 2.47899 3.29217</i>
                        <i>0.370263 -0.590214 0.717323 0.342523 0.80454 0.485174 -0.863472 0.0660577 0.500053 0.252456 2.47829 3.29218</i>
                        <i>0.370367 -0.590369 0.717142 0.344447 0.804291 0.484223 -0.862661 0.0676769 0.501234 0.252456 2.47753 3.29219</i>
                        <i>0.370536 -0.59037 0.717055 0.346179 0.804163 0.483201 -0.861895 0.069186 0.502344 0.252456 2.47672 3.29219</i>
                        <i>0.370768 -0.590203 0.717071 0.347642 0.804168 0.482139 -0.861206 0.0705227 0.503339 0.252456 2.4759 3.2922</i>
                        <i>0.371063 -0.58986 0.717201 0.348762 0.804322 0.481072 -0.860626 0.0716244 0.504175 0.252455 2.4751 3.2922</i>
                        <i>0.371415 -0.589347 0.717441 0.349495 0.804625 0.480033 -0.860177 0.0724507 0.504823 0.252456 2.47433 3.2922</i>
                        <i>0.371813 -0.58868 0.717782 0.349822 0.805065 0.479056 -0.859872 0.0729766 0.505267 0.252456 2.47362 3.29219</i>
                        <i>0.372251 -0.587866 0.718222 0.349699 0.805643 0.478173 -0.859732 0.0731608 0.505478 0.252456 2.47301 3.29219</i>
                        <i>0.372723 -0.586911 0.718758 0.349083 0.806357 0.477419 -0.859778 0.072961 0.505429 0.252457 2.47251 3.29217</i>
                        <i>0.373222 -0.58582 0.719389 0.347928 0.807207 0.476826 -0.86003 0.0723336 0.505091 0.252457 2.47215 3.29216</i>
                        <i>0.373741 -0.584598 0.720113 0.346187 0.80819 0.476428 -0.860507 0.0712335 0.504434 0.252458 2.47196 3.29214</i>
                        <i>0.374271 -0.583247 0.720933 0.343809 0.809306 0.476255 -0.86123 0.0696144 0.503425 0.252459 2.47196 3.29212</i>
                    </KeyFrames>
                </p>
            </i>
            <i>
                <p>
                    <Name>
                        <![CDATA[l_elbow]]>
</Name>
                    <Exclude>0</Exclude>
                    <Additive>0</Additive>
                    <IKPriority>0</IKPriority>
                    <IKRotLimits>-1e+010 -1e+010 -1e+010 1e+010 1e+010 1e+010</IKRotLimits>
                    <IKRotLimitOrder>0</IKRotLimitOrder>
                    <KeyFrames count="30">
                        <i>-0.761127 -0.0596689 0.645852 0.341661 0.809522 0.477433 -0.551319 0.58405 -0.595763 0.374201 2.28224 3.52662</i>
                        <i>-0.761554 -0.0616044 0.645167 0.339023 0.810544 0.477578 -0.552358 0.582428 -0.596388 0.37434 2.28287 3.52685</i>
                        <i>-0.761775 -0.0638756 0.644685 0.336568 0.811274 0.478077 -0.553554 0.581167 -0.596509 0.374411 2.28361 3.527</i>
                        <i>-0.761812 -0.0663759 0.644388 0.33433 0.811733 0.478867 -0.554856 0.580245 -0.596196 0.374424 2.28442 3.5271</i>
