<?xml version="1.0" encoding="ISO-8859-1" ?>
<Animl Version="1">
    <ModellingPackage>
        <![CDATA[Maya.2010]]>
</ModellingPackage>
    <SrcFile>
        <![CDATA[anims\vehicles\blue\~src\air\apache_takeoff_crewman_a.mb]]>
</SrcFile>
    <FramesPerSecond>30</FramesPerSecond>
    <TotalFrames>121</TotalFrames>
    <Skeleton>
        <RefFrame>
            <Name>
                <![CDATA[soldier_ref_frame]]>
</Name>
            <Exclude>0</Exclude>
            <Additive>0</Additive>
            <IKPriority>0</IKPriority>
            <IKRotLimits>-1e+010 -1e+010 -1e+010 1e+010 1e+010 1e+010</IKRotLimits>
            <IKRotLimitOrder>0</IKRotLimitOrder>
            <KeyFrames count="121">
                <i>1 0 0 0 1 0 0 0 1 0.85 0.96 3.45</i>
                <i>1 0 0 0 1 0 0 0 1 0.85 0.96 3.45</i>
                <i>1 0 0 0 1 0 0 0 1 0.85 0.96 3.45</i>
                <i>1 0 0 0 1 0 0 0 1 0.85 0.96 3.45</i>
                <i>1 0 0 0 1 0 0 0 1 0.85 0.96 3.45</i>
                <i>1 0 0 0 1 0 0 0 1 0.85 0.96 3.45</i>
                <i>1 0 0 0 1 0 0 0 1 0.85 0.96 3.45</i>
                <i>1 0 0 0 1 0 0 0 1 0.85 0.96 3.45</i>
                <i>1 0 0 0 1 0 0 0 1 0.85 0.96 3.45</i>
                <i>1 0 0 0 1 0 0 0 1 0.85 0.96 3.45</i>
                <i>1 0 0 0 1 0 0 0 1 0.85 0.96 3.45</i>
                <i>1 0 0 0 1 0 0 0 1 0.85 0.96 3.45</i>
                <i>1 0 0 0 1 0 0 0 1 0.85 0.96 3.45</i>
                <i>1 0 0 0 1 0 0 0 1 0.85 0.96 3.45</i>
                <i>1 0 0 0 1 0 0 0 1 0.85 0.96 3.45</i>
                <i>1 0 0 0 1 0 0 0 1 0.85 0.96 3.45</i>
                <i>1 0 0 0 1 0 0 0 1 0.85 0.96 3.45</i>
                <i>1 0 0 0 1 0 0 0 1 0.85 0.96 3.45</i>
                <i>1 0 0 0 1 0 0 0 1 0.85 0.96 3.45</i>
                <i>1 0 0 0 1 0 0 0 1 0.85 0.96 3.45</i>
                <i>1 0 0 0 1 0 0 0 1 0.85 0.96 3.45</i>
                <i>1 0 0 0 1 0 0 0 1 0.85 0.96 3.45</i>
                <i>1 0 0 0 1 0 0 0 1 0.85 0.96 3.45</i>
                <i>1 0 0 0 1 0 0 0 1 0.85 0.96 3.45</i>
                <i>1 0 0 0 1 0 0 0 1 0.85 0.96 3.45</i>
                <i>1 0 0 0 1 0 0 0 1 0.85 0.96 3.45</i>
                <i>1 0 0 0 1 0 0 0 1 0.85 0.96 3.45</i>
                <i>1 0 0 0 1 0 0 0 1 0.85 0.96 3.45</i>
                <i>1 0 0 0 1 0 0 0 1 0.85 0.96 3.45</i>
                <i>1 0 0 0 1 0 0 0 1 0.85 0.96 3.45</i>
                <i>1 0 0 0 1 0 0 0 1 0.85 0.96 3.45</i>
                <i>1 0 0 0 1 0 0 0 1 0.85 0.96 3.45</i>
                <i>1 0 0 0 1 0 0 0 1 0.85 0.96 3.45</i>
                <i>1 0 0 0 1 0 0 0 1 0.85 0.96 3.45</i>
                <i>1 0 0 0 1 0 0 0 1 0.85 0.96 3.45</i>
                <i>1 0 0 0 1 0 0 0 1 0.85 0.96 3.45</i>
                <i>1 0 0 0 1 0 0 0 1 0.85 0.96 3.45</i>
                <i>1 0 0 0 1 0 0 0 1 0.85 0.96 3.45</i>
                <i>1 0 0 0 1 0 0 0 1 0.85 0.96 3.45</i>
                <i>1 0 0 0 1 0 0 0 1 0.85 0.96 3.45</i>
                <i>1 0 0 0 1 0 0 0 1 0.85 0.96 3.45</i>
                <i>1 0 0 0 1 0 0 0 1 0.85 0.96 3.45</i>
                <i>1 0 0 0 1 0 0 0 1 0.85 0.96 3.45</i>
                <i>1 0 0 0 1 0 0 0 1 0.85 0.96 3.45</i>
                <i>1 0 0 0 1 0 0 0 1 0.85 0.96 3.45</i>
                <i>1 0 0 0 1 0 0 0 1 0.85 0.96 3.45</i>
                <i>1 0 0 0 1 0 0 0 1 0.85 0.96 3.45</i>
                <i>1 0 0 0 1 0 0 0 1 0.85 0.96 3.45</i>
                <i>1 0 0 0 1 0 0 0 1 0.85 0.96 3.45</i>
                <i>1 0 0 0 1 0 0 0 1 0.85 0.96 3.45</i>
                <i>1 0 0 0 1 0 0 0 1 0.85 0.96 3.45</i>
                <i>1 0 0 0 1 0 0 0 1 0.85 0.96 3.45</i>
                <i>1 0 0 0 1 0 0 0 1 0.85 0.96 3.45</i>
                <i>1 0 0 0 1 0 0 0 1 0.85 0.96 3.45</i>
                <i>1 0 0 0 1 0 0 0 1 0.85 0.96 3.45</i>
                <i>1 0 0 0 1 0 0 0 1 0.85 0.96 3.45</i>
                <i>1 0 0 0 1 0 0 0 1 0.85 0.96 3.45</i>
                <i>1 0 0 0 1 0 0 0 1 0.85 0.96 3.45</i>
                <i>1 0 0 0 1 0 0 0 1 0.85 0.96 3.45</i>
                <i>1 0 0 0 1 0 0 0 1 0.85 0.96 3.45</i>
                <i>1 0 0 0 1 0 0 0 1 0.85 0.96 3.45</i>
                <i>1 0 0 0 1 0 0 0 1 0.85 0.96 3.45</i>
                <i>1 0 0 0 1 0 0 0 1 0.85 0.96 3.45</i>
                <i>1 0 0 0 1 0 0 0 1 0.85 0.96 3.45</i>
                <i>1 0 0 0 1 0 0 0 1 0.85 0.96 3.45</i>
                <i>1 0 0 0 1 0 0 0 1 0.85 0.96 3.45</i>
                <i>1 0 0 0 1 0 0 0 1 0.85 0.96 3.45</i>
                <i>1 0 0 0 1 0 0 0 1 0.85 0.96 3.45</i>
                <i>1 0 0 0 1 0 0 0 1 0.85 0.96 3.45</i>
                <i>1 0 0 0 1 0 0 0 1 0.85 0.96 3.45</i>
                <i>1 0 0 0 1 0 0 0 1 0.85 0.96 3.45</i>
                <i>1 0 0 0 1 0 0 0 1 0.85 0.96 3.45</i>
                <i>1 0 0 0 1 0 0 0 1 0.85 0.96 3.45</i>
                <i>1 0 0 0 1 0 0 0 1 0.85 0.96 3.45</i>
                <i>1 0 0 0 1 0 0 0 1 0.85 0.96 3.45</i>
                <i>1 0 0 0 1 0 0 0 1 0.85 0.96 3.45</i>
                <i>1 0 0 0 1 0 0 0 1 0.85 0.96 3.45</i>
                <i>1 0 0 0 1 0 0 0 1 0.85 0.96 3.45</i>
                <i>1 0 0 0 1 0 0 0 1 0.85 0.96 3.45</i>
                <i>1 0 0 0 1 0 0 0 1 0.85 0.96 3.45</i>
                <i>1 0 0 0 1 0 0 0 1 0.85 0.96 3.45</i>
                <i>1 0 0 0 1 0 0 0 1 0.85 0.96 3.45</i>
                <i>1 0 0 0 1 0 0 0 1 0.85 0.96 3.45</i>
                <i>1 0 0 0 1 0 0 0 1 0.85 0.96 3.45</i>
                <i>1 0 0 0 1 0 0 0 1 0.85 0.96 3.45</i>
                <i>1 0 0 0 1 0 0 0 1 0.85 0.96 3.45</i>
                <i>1 0 0 0 1 0 0 0 1 0.85 0.96 3.45</i>
                <i>1 0 0 0 1 0 0 0 1 0.85 0.96 3.45</i>
                <i>1 0 0 0 1 0 0 0 1 0.85 0.96 3.45</i>
                <i>1 0 0 0 1 0 0 0 1 0.85 0.96 3.45</i>
                <i>1 0 0 0 1 0 0 0 1 0.85 0.96 3.45</i>
                <i>1 0 0 0 1 0 0 0 1 0.85 0.96 3.45</i>
                <i>1 0 0 0 1 0 0 0 1 0.85 0.96 3.45</i>
                <i>1 0 0 0 1 0 0 0 1 0.85 0.96 3.45</i>
                <i>1 0 0 0 1 0 0 0 1 0.85 0.96 3.45</i>
                <i>1 0 0 0 1 0 0 0 1 0.85 0.96 3.45</i>
                <i>1 0 0 0 1 0 0 0 1 0.85 0.96 3.45</i>
                <i>1 0 0 0 1 0 0 0 1 0.85 0.96 3.45</i>
                <i>1 0 0 0 1 0 0 0 1 0.85 0.96 3.45</i>
                <i>1 0 0 0 1 0 0 0 1 0.85 0.96 3.45</i>
                <i>1 0 0 0 1 0 0 0 1 0.85 0.96 3.45</i>
                <i>1 0 0 0 1 0 0 0 1 0.85 0.96 3.45</i>
                <i>1 0 0 0 1 0 0 0 1 0.85 0.96 3.45</i>
                <i>1 0 0 0 1 0 0 0 1 0.85 0.96 3.45</i>
                <i>1 0 0 0 1 0 0 0 1 0.85 0.96 3.45</i>
                <i>1 0 0 0 1 0 0 0 1 0.85 0.96 3.45</i>
                <i>1 0 0 0 1 0 0 0 1 0.85 0.96 3.45</i>
                <i>1 0 0 0 1 0 0 0 1 0.85 0.96 3.45</i>
                <i>1 0 0 0 1 0 0 0 1 0.85 0.96 3.45</i>
                <i>1 0 0 0 1 0 0 0 1 0.85 0.96 3.45</i>
                <i>1 0 0 0 1 0 0 0 1 0.85 0.96 3.45</i>
                <i>1 0 0 0 1 0 0 0 1 0.85 0.96 3.45</i>
                <i>1 0 0 0 1 0 0 0 1 0.85 0.96 3.45</i>
                <i>1 0 0 0 1 0 0 0 1 0.85 0.96 3.45</i>
                <i>1 0 0 0 1 0 0 0 1 0.85 0.96 3.45</i>
                <i>1 0 0 0 1 0 0 0 1 0.85 0.96 3.45</i>
                <i>1 0 0 0 1 0 0 0 1 0.85 0.96 3.45</i>
                <i>1 0 0 0 1 0 0 0 1 0.85 0.96 3.45</i>
                <i>1 0 0 0 1 0 0 0 1 0.85 0.96 3.45</i>
                <i>1 0 0 0 1 0 0 0 1 0.85 0.96 3.45</i>
                <i>1 0 0 0 1 0 0 0 1 0.85 0.96 3.45</i>
            </KeyFrames>
        </RefFrame>
        <Bones count="23">
            <i>
                <p>
                    <Name>
                        <![CDATA[pelvis]]>
</Name>
                    <Exclude>0</Exclude>
                    <Additive>0</Additive>
                    <IKPriority>0</IKPriority>
                    <IKRotLimits>-1e+010 -1e+010 -1e+010 1e+010 1e+010 1e+010</IKRotLimits>
                    <IKRotLimitOrder>2</IKRotLimitOrder>
                    <KeyFrames count="121">
                        <i>1 0 0 0 1 0 0 0 1 0.851016 2.11624 3.46539</i>
                        <i>1 0 0 0 1 0 0 0 1 0.851016 2.12438 3.46539</i>
                        <i>1 0 0 0 1 0 0 0 1 0.851016 2.13338 3.46539</i>
                        <i>1 0 0 0 1 0 0 0 1 0.851016 2.14067 3.46539</i>
                        <i>1 0 0 0 1 0 0 0 1 0.851016 2.14367 3.46539</i>
                        <i>1 0 0 0 1 0 0 0 1 0.851248 2.14082 3.46522</i>
                        <i>1 0 0 0 1 0 0 0 1 0.851584 2.134 3.465</i>
                        <i>1 0 0 0 1 0 0 0 1 0.851582 2.12587 3.46502</i>
                        <i>1 0 0 0 1 0 0 0 1 0.851246 2.11908 3.46525</i>
                        <i>1 0 0 0 1 0 0 0 1 0.851016 2.11624 3.46539</i>
                        <i>1 0 0 0 1 0 0 0 1 0.851016 2.11624 3.46539</i>
                        <i>1 0 0 0 1 0 0 0 1 0.851016 2.11624 3.46539</i>
                        <i>1 0 0 0 1 0 0 0 1 0.851016 2.11624 3.46539</i>
                        <i>1 0 0 0 1 0 0 0 1 0.851016 2.11624 3.46539</i>
                        <i>1 0 0 0 1 0 0 0 1 0.851016 2.11624 3.46539</i>
                        <i>1 0 0 0 1 0 0 0 1 0.83128 2.13278 3.49354</i>
                        <i>1 0 0 0 1 0 0 0 1 0.780127 2.17124 3.5584</i>
                        <i>1 0 0 0 1 0 0 0 1 0.710721 2.21642 3.62927</i>
                        <i>1 0 0 0 1 0 0 0 1 0.640168 2.25598 3.67845</i>
                        <i>1 0 0 0 1 0 0 0 1 0.587795 2.27775 3.68669</i>
                        <i>1 0 0 0 1 0 0 0 1 0.536263 2.28046 3.66917</i>
                        <i>1 0 0 0 1 0 0 0 1 0.463612 2.27281 3.64774</i>
                        <i>1 0 0 0 1 0 0 0 1 0.38059 2.25607 3.61923</i>
                        <i>1 0 0 0 1 0 0 0 1 0.297944 2.2315 3.58047</i>
                        <i>1 0 0 0 1 0 0 0 1 0.226421 2.20038 3.52828</i>
                        <i>1 0 0 0 1 0 0 0 1 0.121564 2.14024 3.38975</i>
                        <i>1 0 0 0 1 0 0 0 1 0.0475656 2.07981 3.24159</i>
                        <i>1 0 0 0 1 0 0 0 1 0.0254501 2.00391 3.23745</i>
                        <i>1 0 0 0 1 0 0 0 1 -0.0105779 1.91274 3.29694</i>
                        <i>1 0 0 0 1 0 0 0 1 -0.0409569 1.87363 3.33454</i>
                        <i>1 0 0 0 1 0 0 0 1 -0.0409569 1.87363 3.33454</i>
                        <i>1 0 0 0 1 0 0 0 1 -0.0409569 1.87363 3.33454</i>
                        <i>1 0 0 0 1 0 0 0 1 -0.0409569 1.87363 3.33454</i>
                        <i>1 0 0 0 1 0 0 0 1 -0.0409569 1.87363 3.33454</i>
                        <i>1 0 0 0 1 0 0 0 1 -0.0409569 1.87363 3.33454</i>
                        <i>1 0 0 0 1 0 0 0 1 -0.0409569 1.87363 3.33454</i>
                        <i>1 0 0 0 1 0 0 0 1 -0.0409569 1.87363 3.33454</i>
                        <i>1 0 0 0 1 0 0 0 1 -0.0409569 1.87363 3.33454</i>
                        <i>1 0 0 0 1 0 0 0 1 -0.0409569 1.87363 3.33454</i>
                        <i>1 0 0 0 1 0 0 0 1 -0.0409569 1.87363 3.33454</i>
                        <i>1 0 0 0 1 0 0 0 1 -0.0409569 1.87363 3.33454</i>
                        <i>1 0 0 0 1 0 0 0 1 -0.0409569 1.87363 3.33454</i>
                        <i>1 0 0 0 1 0 0 0 1 -0.0409569 1.87363 3.33454</i>
                        <i>1 0 0 0 1 0 0 0 1 -0.0409569 1.87363 3.33454</i>
                        <i>1 0 0 0 1 0 0 0 1 -0.0409569 1.87363 3.33454</i>
                        <i>1 0 0 0 1 0 0 0 1 -0.0409569 1.87363 3.33454</i>
                        <i>1 0 0 0 1 0 0 0 1 -0.0409569 1.87363 3.33454</i>
                        <i>1 0 0 0 1 0 0 0 1 -0.0409569 1.87363 3.33454</i>
                        <i>1 0 0 0 1 0 0 0 1 -0.0409569 1.87363 3.33454</i>
                        <i>1 0 0 0 1 0 0 0 1 -0.0409569 1.87363 3.33454</i>
                        <i>1 0 0 0 1 0 0 0 1 -0.0409569 1.87363 3.33454</i>
                        <i>1 0 0 0 1 0 0 0 1 -0.0409569 1.87363 3.33454</i>
                        <i>1 0 0 0 1 0 0 0 1 -0.0409569 1.87363 3.33454</i>
                        <i>1 0 0 0 1 0 0 0 1 -0.0409569 1.87363 3.33454</i>
                        <i>1 0 0 0 1 0 0 0 1 -0.0409569 1.87363 3.33454</i>
                        <i>1 0 0 0 1 0 0 0 1 -0.0409569 1.87363 3.33454</i>
                        <i>1 0 0 0 1 0 0 0 1 -0.0409569 1.87363 3.33454</i>
                        <i>1 0 0 0 1 0 0 0 1 -0.0409569 1.87363 3.33454</i>
                        <i>1 0 0 0 1 0 0 0 1 -0.0409569 1.87363 3.33454</i>
                        <i>1 0 0 0 1 0 0 0 1 -0.0409569 1.87363 3.33454</i>
                        <i>1 0 0 0 1 0 0 0 1 -0.0409569 1.87363 3.33454</i>
                        <i>1 0 0 0 1 0 0 0 1 -0.0409569 1.87363 3.33454</i>
                        <i>1 0 0 0 1 0 0 0 1 -0.0409569 1.87363 3.33454</i>
                        <i>1 0 0 0 1 0 0 0 1 -0.0409569 1.87363 3.33454</i>
                        <i>1 0 0 0 1 0 0 0 1 -0.0409569 1.87363 3.33454</i>
                        <i>1 0 0 0 1 0 0 0 1 -0.0409569 1.87363 3.33454</i>
                        <i>1 0 0 0 1 0 0 0 1 -0.0409569 1.87363 3.33454</i>
                        <i>1 0 0 0 1 0 0 0 1 -0.0409569 1.87363 3.33454</i>
                        <i>1 0 0 0 1 0 0 0 1 -0.0409569 1.87363 3.33454</i>
                        <i>1 0 0 0 1 0 0 0 1 -0.0409569 1.87363 3.33454</i>
                        <i>1 0 0 0 1 0 0 0 1 -0.0409569 1.87363 3.33454</i>
                        <i>1 0 0 0 1 0 0 0 1 -0.0409569 1.87363 3.33454</i>
                        <i>1 0 0 0 1 0 0 0 1 -0.0409569 1.87363 3.33454</i>
                        <i>1 0 0 0 1 0 0 0 1 -0.0409569 1.87363 3.33454</i>
                        <i>1 0 0 0 1 0 0 0 1 -0.0409569 1.87363 3.33454</i>
                        <i>1 0 0 0 1 0 0 0 1 -0.0409569 1.87363 3.33454</i>
                        <i>1 0 0 0 1 0 0 0 1 -0.0409569 1.87363 3.33454</i>
                        <i>1 0 0 0 1 0 0 0 1 -0.0409569 1.87363 3.33454</i>
                        <i>1 0 0 0 1 0 0 0 1 -0.0409569 1.87363 3.33454</i>
                        <i>1 0 0 0 1 0 0 0 1 -0.0409569 1.87363 3.33454</i>
                        <i>1 0 0 0 1 0 0 0 1 -0.0409569 1.87363 3.33454</i>
                        <i>1 0 0 0 1 0 0 0 1 -0.0409569 1.87363 3.33454</i>
                        <i>1 0 0 0 1 0 0 0 1 -0.0409569 1.87363 3.33454</i>
                        <i>1 0 0 0 1 0 0 0 1 -0.0409569 1.87363 3.33454</i>
                        <i>1 0 0 0 1 0 0 0 1 -0.0409569 1.87363 3.33454</i>
                        <i>1 0 0 0 1 0 0 0 1 -0.0409569 1.87363 3.33454</i>
                        <i>1 0 0 0 1 0 0 0 1 -0.0409569 1.87363 3.33454</i>
                        <i>1 0 0 0 1 0 0 0 1 -0.0409569 1.87363 3.33454</i>
                        <i>1 0 0 0 1 0 0 0 1 -0.0409569 1.87363 3.33454</i>
                        <i>1 0 0 0 1 0 0 0 1 -0.0409569 1.87363 3.33454</i>
                        <i>1 0 0 0 1 0 0 0 1 -0.0409569 1.87363 3.33454</i>
                        <i>1 0 0 0 1 0 0 0 1 -0.0409569 1.87363 3.33454</i>
                        <i>1 0 0 0 1 0 0 0 1 -0.0409569 1.87363 3.33454</i>
                        <i>1 0 0 0 1 0 0 0 1 -0.0409569 1.87363 3.33454</i>
                        <i>1 0 0 0 1 0 0 0 1 -0.0409569 1.87363 3.33454</i>
                        <i>1 0 0 0 1 0 0 0 1 -0.0409569 1.87363 3.33454</i>
                        <i>1 0 0 0 1 0 0 0 1 -0.0409569 1.87363 3.33454</i>
                        <i>1 0 0 0 1 0 0 0 1 -0.0409569 1.87363 3.33454</i>
                        <i>1 0 0 0 1 0 0 0 1 -0.0409569 1.87363 3.33454</i>
                        <i>1 0 0 0 1 0 0 0 1 -0.0409569 1.87363 3.33454</i>
                        <i>1 0 0 0 1 0 0 0 1 -0.0409569 1.87363 3.33454</i>
                        <i>1 0 0 0 1 0 0 0 1 -0.0409569 1.87363 3.33454</i>
                        <i>1 0 0 0 1 0 0 0 1 -0.0409569 1.87363 3.33454</i>
                        <i>1 0 0 0 1 0 0 0 1 -0.0409569 1.87363 3.33454</i>
                        <i>1 0 0 0 1 0 0 0 1 -0.0409569 1.87363 3.33454</i>
                        <i>1 0 0 0 1 0 0 0 1 -0.0409569 1.87363 3.33454</i>
                        <i>1 0 0 0 1 0 0 0 1 -0.0409569 1.87363 3.33454</i>
                        <i>1 0 0 0 1 0 0 0 1 -0.0409569 1.87363 3.33454</i>
                        <i>1 0 0 0 1 0 0 0 1 -0.0409569 1.87363 3.33454</i>
                        <i>1 0 0 0 1 0 0 0 1 -0.0409569 1.87363 3.33454</i>
                        <i>1 0 0 0 1 0 0 0 1 -0.0409569 1.87363 3.33454</i>
                        <i>1 0 0 0 1 0 0 0 1 -0.0409569 1.87363 3.33454</i>
                        <i>1 0 0 0 1 0 0 0 1 -0.0409569 1.87363 3.33454</i>
                        <i>1 0 0 0 1 0 0 0 1 -0.0409569 1.87363 3.33454</i>
                        <i>1 0 0 0 1 0 0 0 1 -0.0409569 1.87363 3.33454</i>
                        <i>1 0 0 0 1 0 0 0 1 -0.0409569 1.87363 3.33454</i>
                        <i>1 0 0 0 1 0 0 0 1 -0.0409569 1.87363 3.33454</i>
                        <i>1 0 0 0 1 0 0 0 1 -0.0409569 1.87363 3.33454</i>
                        <i>1 0 0 0 1 0 0 0 1 -0.0409569 1.87363 3.33454</i>
                        <i>1 0 0 0 1 0 0 0 1 -0.0409569 1.87363 3.33454</i>
                        <i>1 0 0 0 1 0 0 0 1 -0.0409569 1.87363 3.33454</i>
                    </KeyFrames>
                </p>
            </i>
            <i>
                <p>
                    <Name>
                        <![CDATA[spine0]]>
</Name>
                    <Exclude>0</Exclude>
                    <Additive>0</Additive>
                    <IKPriority>0</IKPriority>
                    <IKRotLimits>-1e+010 -1e+010 -1e+010 1e+010 1e+010 1e+010</IKRotLimits>
                    <IKRotLimitOrder>0</IKRotLimitOrder>
                    <KeyFrames count="121">
                        <i>0.0413883 0.996169 0.077032 -0.0727492 -0.0738889 0.994609 0.996491 -0.0467692 0.0694124 0.797733 2.24978 3.47032</i>
                        <i>0.0403586 0.996216 0.0769756 -0.0727486 -0.0739042 0.994608 0.996533 -0.0457408 0.0694906 0.797733 2.25792 3.47032</i>
                        <i>0.038687 0.996281 0.0769928 -0.072743 -0.0740381 0.994599 0.9966 -0.0440787 0.0696081 0.797733 2.26692 3.47032</i>
                        <i>0.0383167 0.996305 0.0768638 -0.0727473 -0.073935 0.994606 0.996614 -0.0437016 0.0696456 0.797733 2.27421 3.47032</i>
                        <i>0.0411734 0.996229 0.0763696 -0.0727762 -0.0732412 0.994655 0.996498 -0.0465112 0.0694862 0.797733 2.27721 3.47032</i>
                        <i>0.0522699 0.996761 0.0611192 -0.0893238 -0.0562909 0.994411 0.99463 -0.0574372 0.0860921 0.799159 2.27488 3.46841</i>
                        <i>0.0732071 0.996958 0.0267444 -0.127969 -0.0172046 0.991629 0.989073 -0.0760167 0.12632 0.802409 2.26919 3.46414</i>
                        <i>0.100028 0.994911 -0.0120791 -0.172586 0.0293053 0.984558 0.979902 -0.096399 0.17464 0.805992 2.26221 3.45955</i>
                        <i>0.125628 0.991167 -0.0425006 -0.208591 0.0682722 0.975617 0.969901 -0.1137 0.215325 0.808735 2.25621 3.45611</i>
                        <i>0.140178 0.988621 -0.0545698 -0.223252 0.0852537 0.971026 0.964629 -0.123934 0.232662 0.809813 2.25367 3.45477</i>
                        <i>0.142469 0.988213 -0.0560082 -0.223139 0.0871953 0.970879 0.964319 -0.125823 0.232932 0.809813 2.25367 3.45477</i>
                        <i>0.140442 0.988327 -0.0590323 -0.222995 0.0896664 0.970687 0.96465 -0.123162 0.232985 0.809813 2.25367 3.45477</i>
                        <i>0.13761 0.988572 -0.0615492 -0.222889 0.0914532 0.970545 0.965082 -0.119838 0.232927 0.809813 2.25367 3.45477</i>
                        <i>0.137619 0.98858 -0.0614055 -0.222897 0.0913152 0.970556 0.965079 -0.11988 0.232919 0.809813 2.25367 3.45477</i>
                        <i>0.144174 0.987942 -0.0564223 -0.223092 0.088001 0.970817 0.964077 -0.127379 0.23309 0.809813 2.25367 3.45477</i>
                        <i>0.152696 0.988032 -0.021826 -0.273021 0.0633991 0.959917 0.949812 -0.140616 0.279435 0.789507 2.27025 3.48619</i>
                        <i>0.160838 0.986132 0.0409148 -0.396127 0.0265281 0.917812 0.903999 -0.163826 0.394901 0.736422 2.3083 3.55761</i>
                        <i>0.176712 0.979361 0.0981054 -0.547489 0.0149741 0.836679 0.817942 -0.201563 0.538836 0.663919 2.35238 3.63363</i>
                        <i>0.201481 0.970634 0.131432 -0.678878 0.0416554 0.733069 0.706067 -0.236926 0.667335 0.590174 2.39076 3.68397</i>
                        <i>0.220476 0.965997 0.135055 -0.758009 0.0825494 0.646999 0.61385 -0.245021 0.750435 0.5354 2.4117 3.68947</i>
                        <i>0.233605 0.964715 0.121466 -0.815789 0.126486 0.564349 0.529073 -0.230925 0.816551 0.482077 2.41364 3.66417</i>
                        <i>0.25874 0.95937 0.112529 -0.872899 0.182337 0.452549 0.413644 -0.21532 0.884611 0.409819 2.4051 3.63037</i>
                        <i>0.282928 0.952518 0.112521 -0.912012 0.230846 0.339034 0.296961 -0.198542 0.934021 0.329896 2.38718 3.58863</i>
                        <i>0.285023 0.951525 0.115592 -0.933554 0.248227 0.258575 0.217348 -0.181611 0.95905 0.250785 2.36108 3.53947</i>
                        <i>0.249485 0.961926 0.111606 -0.944749 0.21647 0.24615 0.212619 -0.16685 0.962785 0.179618 2.32861 3.48287</i>
                        <i>0.130189 0.98422 0.119845 -0.960683 0.0953228 0.26077 0.245231 -0.149082 0.957933 0.0741999 2.26919 3.34703</i>
                        <i>-0.0135937 0.995588 0.0928424 -0.974704 -0.0339096 0.220914 0.223087 -0.0874908 0.970864 0.00543622 2.21117 3.20077</i>
                        <i>-0.0492752 0.998652 -0.0162883 -0.986833 -0.0461637 0.155013 0.154052 0.0237121 0.987778 -0.00214711 2.13766 3.19223</i>
                        <i>0.0292479 0.990111 -0.137206 -0.994182 0.0430508 0.0987372 0.103668 0.13352 0.985609 -0.0181869 2.04685 3.24543</i>
                        <i>0.08944 0.978158 -0.187635 -0.991839 0.104658 0.072812 0.0908592 0.179592 0.979536 -0.0380354 2.00689 3.28041</i>
                        <i>0.08944 0.978158 -0.187635 -0.991839 0.104658 0.072812 0.0908592 0.179592 0.979536 -0.0380354 2.00689 3.28041</i>
                        <i>0.08944 0.978158 -0.187635 -0.991839 0.104658 0.072812 0.0908592 0.179592 0.979536 -0.0380354 2.00689 3.28041</i>
                        <i>0.08944 0.978158 -0.187635 -0.991839 0.104658 0.072812 0.0908592 0.179592 0.979536 -0.0380354 2.00689 3.28041</i>
                        <i>0.08944 0.978158 -0.187635 -0.991839 0.104658 0.072812 0.0908592 0.179592 0.979536 -0.0380354 2.00689 3.28041</i>
                        <i>0.08944 0.978158 -0.187635 -0.991839 0.104658 0.072812 0.0908592 0.179592 0.979536 -0.0380354 2.00689 3.28041</i>
                        <i>0.08944 0.978158 -0.187635 -0.991839 0.104658 0.072812 0.0908592 0.179592 0.979536 -0.0380354 2.00689 3.28041</i>
                        <i>0.08944 0.978158 -0.187635 -0.991839 0.104658 0.072812 0.0908592 0.179592 0.979536 -0.0380354 2.00689 3.28041</i>
                        <i>0.08944 0.978158 -0.187635 -0.991839 0.104658 0.072812 0.0908592 0.179592 0.979536 -0.0380354 2.00689 3.28041</i>
                        <i>0.08944 0.978158 -0.187635 -0.991839 0.104658 0.072812 0.0908592 0.179592 0.979536 -0.0380354 2.00689 3.28041</i>
                        <i>0.08944 0.978158 -0.187635 -0.991839 0.104658 0.072812 0.0908592 0.179592 0.979536 -0.0380354 2.00689 3.28041</i>
                        <i>0.08944 0.978158 -0.187635 -0.991839 0.104658 0.072812 0.0908592 0.179592 0.979536 -0.0380354 2.00689 3.28041</i>
                        <i>0.08944 0.978158 -0.187635 -0.991839 0.104658 0.072812 0.0908592 0.179592 0.979536 -0.0380354 2.00689 3.28041</i>
                        <i>0.08944 0.978158 -0.187635 -0.991839 0.104658 0.072812 0.0908592 0.179592 0.979536 -0.0380354 2.00689 3.28041</i>
                        <i>0.08944 0.978158 -0.187635 -0.991839 0.104658 0.072812 0.0908592 0.179592 0.979536 -0.0380354 2.00689 3.28041</i>
                        <i>0.08944 0.978158 -0.187635 -0.991839 0.104658 0.072812 0.0908592 0.179592 0.979536 -0.0380354 2.00689 3.28041</i>
                        <i>0.08944 0.978158 -0.187635 -0.991839 0.104658 0.072812 0.0908592 0.179592 0.979536 -0.0380354 2.00689 3.28041</i>
                        <i>0.08944 0.978158 -0.187635 -0.991839 0.104658 0.072812 0.0908592 0.179592 0.979536 -0.0380354 2.00689 3.28041</i>
                        <i>0.08944 0.978158 -0.187635 -0.991839 0.104658 0.072812 0.0908592 0.179592 0.979536 -0.0380354 2.00689 3.28041</i>
                        <i>0.08944 0.978158 -0.187635 -0.991839 0.104658 0.072812 0.0908592 0.179592 0.979536 -0.0380354 2.00689 3.28041</i>
                        <i>0.08944 0.978158 -0.187635 -0.991839 0.104658 0.072812 0.0908592 0.179592 0.979536 -0.0380354 2.00689 3.28041</i>
                        <i>0.08944 0.978158 -0.187635 -0.991839 0.104658 0.072812 0.0908592 0.179592 0.979536 -0.0380354 2.00689 3.28041</i>
                        <i>0.08944 0.978158 -0.187635 -0.991839 0.104658 0.072812 0.0908592 0.179592 0.979536 -0.0380354 2.00689 3.28041</i>
                        <i>0.08944 0.978158 -0.187635 -0.991839 0.104658 0.072812 0.0908592 0.179592 0.979536 -0.0380354 2.00689 3.28041</i>
                        <i>0.08944 0.978158 -0.187635 -0.991839 0.104658 0.072812 0.0908592 0.179592 0.979536 -0.0380354 2.00689 3.28041</i>
                        <i>0.08944 0.978158 -0.187635 -0.991839 0.104658 0.072812 0.0908592 0.179592 0.979536 -0.0380354 2.00689 3.28041</i>
                        <i>0.08944 0.978158 -0.187635 -0.991839 0.104658 0.072812 0.0908592 0.179592 0.979536 -0.0380354 2.00689 3.28041</i>
                        <i>0.08944 0.978158 -0.187635 -0.991839 0.104658 0.072812 0.0908592 0.179592 0.979536 -0.0380354 2.00689 3.28041</i>
                        <i>0.08944 0.978158 -0.187635 -0.991839 0.104658 0.072812 0.0908592 0.179592 0.979536 -0.0380354 2.00689 3.28041</i>
                        <i>0.08944 0.978158 -0.187635 -0.991839 0.104658 0.072812 0.0908592 0.179592 0.979536 -0.0380354 2.00689 3.28041</i>
                        <i>0.08944 0.978158 -0.187635 -0.991839 0.104658 0.072812 0.0908592 0.179592 0.979536 -0.0380354 2.00689 3.28041</i>
                        <i>0.08944 0.978158 -0.187635 -0.991839 0.104658 0.072812 0.0908592 0.179592 0.979536 -0.0380354 2.00689 3.28041</i>
                        <i>0.08944 0.978158 -0.187635 -0.991839 0.104658 0.072812 0.0908592 0.179592 0.979536 -0.0380354 2.00689 3.28041</i>
                        <i>0.08944 0.978158 -0.187635 -0.991839 0.104658 0.072812 0.0908592 0.179592 0.979536 -0.0380354 2.00689 3.28041</i>
                        <i>0.08944 0.978158 -0.187635 -0.991839 0.104658 0.072812 0.0908592 0.179592 0.979536 -0.0380354 2.00689 3.28041</i>
                        <i>0.08944 0.978158 -0.187635 -0.991839 0.104658 0.072812 0.0908592 0.179592 0.979536 -0.0380354 2.00689 3.28041</i>
                        <i>0.08944 0.978158 -0.187635 -0.991839 0.104658 0.072812 0.0908592 0.179592 0.979536 -0.0380354 2.00689 3.28041</i>
                        <i>0.08944 0.978158 -0.187635 -0.991839 0.104658 0.072812 0.0908592 0.179592 0.979536 -0.0380354 2.00689 3.28041</i>
                        <i>0.08944 0.978158 -0.187635 -0.991839 0.104658 0.072812 0.0908592 0.179592 0.979536 -0.0380354 2.00689 3.28041</i>
                        <i>0.08944 0.978158 -0.187635 -0.991839 0.104658 0.072812 0.0908592 0.179592 0.979536 -0.0380354 2.00689 3.28041</i>
                        <i>0.08944 0.978158 -0.187635 -0.991839 0.104658 0.072812 0.0908592 0.179592 0.979536 -0.0380354 2.00689 3.28041</i>
                        <i>0.08944 0.978158 -0.187635 -0.991839 0.104658 0.072812 0.0908592 0.179592 0.979536 -0.0380354 2.00689 3.28041</i>
                        <i>0.08944 0.978158 -0.187635 -0.991839 0.104658 0.072812 0.0908592 0.179592 0.979536 -0.0380354 2.00689 3.28041</i>
                        <i>0.08944 0.978158 -0.187635 -0.991839 0.104658 0.072812 0.0908592 0.179592 0.979536 -0.0380354 2.00689 3.28041</i>
                        <i>0.08944 0.978158 -0.187635 -0.991839 0.104658 0.072812 0.0908592 0.179592 0.979536 -0.0380354 2.00689 3.28041</i>
                        <i>0.08944 0.978158 -0.187635 -0.991839 0.104658 0.072812 0.0908592 0.179592 0.979536 -0.0380354 2.00689 3.28041</i>
                        <i>0.08944 0.978158 -0.187635 -0.991839 0.104658 0.072812 0.0908592 0.179592 0.979536 -0.0380354 2.00689 3.28041</i>
                        <i>0.08944 0.978158 -0.187635 -0.991839 0.104658 0.072812 0.0908592 0.179592 0.979536 -0.0380354 2.00689 3.28041</i>
                        <i>0.08944 0.978158 -0.187635 -0.991839 0.104658 0.072812 0.0908592 0.179592 0.979536 -0.0380354 2.00689 3.28041</i>
                        <i>0.08944 0.978158 -0.187635 -0.991839 0.104658 0.072812 0.0908592 0.179592 0.979536 -0.0380354 2.00689 3.28041</i>
                        <i>0.08944 0.978158 -0.187635 -0.991839 0.104658 0.072812 0.0908592 0.179592 0.979536 -0.0380354 2.00689 3.28041</i>
                        <i>0.08944 0.978158 -0.187635 -0.991839 0.104658 0.072812 0.0908592 0.179592 0.979536 -0.0380354 2.00689 3.28041</i>
                        <i>0.08944 0.978158 -0.187635 -0.991839 0.104658 0.072812 0.0908592 0.179592 0.979536 -0.0380354 2.00689 3.28041</i>
                        <i>0.08944 0.978158 -0.187635 -0.991839 0.104658 0.072812 0.0908592 0.179592 0.979536 -0.0380354 2.00689 3.28041</i>
                        <i>0.08944 0.978158 -0.187635 -0.991839 0.104658 0.072812 0.0908592 0.179592 0.979536 -0.0380354 2.00689 3.28041</i>
                        <i>0.08944 0.978158 -0.187635 -0.991839 0.104658 0.072812 0.0908592 0.179592 0.979536 -0.0380354 2.00689 3.28041</i>
                        <i>0.08944 0.978158 -0.187635 -0.991839 0.104658 0.072812 0.0908592 0.179592 0.979536 -0.0380354 2.00689 3.28041</i>
                        <i>0.08944 0.978158 -0.187635 -0.991839 0.104658 0.072812 0.0908592 0.179592 0.979536 -0.0380354 2.00689 3.28041</i>
                        <i>0.08944 0.978158 -0.187635 -0.991839 0.104658 0.072812 0.0908592 0.179592 0.979536 -0.0380354 2.00689 3.28041</i>
                        <i>0.08944 0.978158 -0.187635 -0.991839 0.104658 0.072812 0.0908592 0.179592 0.979536 -0.0380354 2.00689 3.28041</i>
                        <i>0.08944 0.978158 -0.187635 -0.991839 0.104658 0.072812 0.0908592 0.179592 0.979536 -0.0380354 2.00689 3.28041</i>
                        <i>0.08944 0.978158 -0.187635 -0.991839 0.104658 0.072812 0.0908592 0.179592 0.979536 -0.0380354 2.00689 3.28041</i>
                        <i>0.08944 0.978158 -0.187635 -0.991839 0.104658 0.072812 0.0908592 0.179592 0.979536 -0.0380354 2.00689 3.28041</i>
                        <i>0.08944 0.978158 -0.187635 -0.991839 0.104658 0.072812 0.0908592 0.179592 0.979536 -0.0380354 2.00689 3.28041</i>
                        <i>0.08944 0.978158 -0.187635 -0.991839 0.104658 0.072812 0.0908592 0.179592 0.979536 -0.0380354 2.00689 3.28041</i>
                        <i>0.08944 0.978158 -0.187635 -0.991839 0.104658 0.072812 0.0908592 0.179592 0.979536 -0.0380354 2.00689 3.28041</i>
                        <i>0.08944 0.978158 -0.187635 -0.991839 0.104658 0.072812 0.0908592 0.179592 0.979536 -0.0380354 2.00689 3.28041</i>
                        <i>0.08944 0.978158 -0.187635 -0.991839 0.104658 0.072812 0.0908592 0.179592 0.979536 -0.0380354 2.00689 3.28041</i>
                        <i>0.08944 0.978158 -0.187635 -0.991839 0.104658 0.072812 0.0908592 0.179592 0.979536 -0.0380354 2.00689 3.28041</i>
                        <i>0.08944 0.978158 -0.187635 -0.991839 0.104658 0.072812 0.0908592 0.179592 0.979536 -0.0380354 2.00689 3.28041</i>
                        <i>0.08944 0.978158 -0.187635 -0.991839 0.104658 0.072812 0.0908592 0.179592 0.979536 -0.0380354 2.00689 3.28041</i>
                        <i>0.08944 0.978158 -0.187635 -0.991839 0.104658 0.072812 0.0908592 0.179592 0.979536 -0.0380354 2.00689 3.28041</i>
                        <i>0.08944 0.978158 -0.187635 -0.991839 0.104658 0.072812 0.0908592 0.179592 0.979536 -0.0380354 2.00689 3.28041</i>
                        <i>0.08944 0.978158 -0.187635 -0.991839 0.104658 0.072812 0.0908592 0.179592 0.979536 -0.0380354 2.00689 3.28041</i>
                        <i>0.08944 0.978158 -0.187635 -0.991839 0.104658 0.072812 0.0908592 0.179592 0.979536 -0.0380354 2.00689 3.28041</i>
                        <i>0.08944 0.978158 -0.187635 -0.991839 0.104658 0.072812 0.0908592 0.179592 0.979536 -0.0380354 2.00689 3.28041</i>
                        <i>0.08944 0.978158 -0.187635 -0.991839 0.104658 0.072812 0.0908592 0.179592 0.979536 -0.0380354 2.00689 3.28041</i>
                        <i>0.08944 0.978158 -0.187635 -0.991839 0.104658 0.072812 0.0908592 0.179592 0.979536 -0.0380354 2.00689 3.28041</i>
                        <i>0.08944 0.978158 -0.187635 -0.991839 0.104658 0.072812 0.0908592 0.179592 0.979536 -0.0380354 2.00689 3.28041</i>
                        <i>0.08944 0.978158 -0.187635 -0.991839 0.104658 0.072812 0.0908592 0.179592 0.979536 -0.0380354 2.00689 3.28041</i>
                        <i>0.08944 0.978158 -0.187635 -0.991839 0.104658 0.072812 0.0908592 0.179592 0.979536 -0.0380354 2.00689 3.28041</i>
                        <i>0.08944 0.978158 -0.187635 -0.991839 0.104658 0.072812 0.0908592 0.179592 0.979536 -0.0380354 2.00689 3.28041</i>
                        <i>0.08944 0.978158 -0.187635 -0.991839 0.104658 0.072812 0.0908592 0.179592 0.979536 -0.0380354 2.00689 3.28041</i>
                        <i>0.08944 0.978158 -0.187635 -0.991839 0.104658 0.072812 0.0908592 0.179592 0.979536 -0.0380354 2.00689 3.28041</i>
                        <i>0.08944 0.978158 -0.187635 -0.991839 0.104658 0.072812 0.0908592 0.179592 0.979536 -0.0380354 2.00689 3.28041</i>
                        <i>0.08944 0.978158 -0.187635 -0.991839 0.104658 0.072812 0.0908592 0.179592 0.979536 -0.0380354 2.00689 3.28041</i>
                        <i>0.08944 0.978158 -0.187635 -0.991839 0.104658 0.072812 0.0908592 0.179592 0.979536 -0.0380354 2.00689 3.28041</i>
                        <i>0.08944 0.978158 -0.187635 -0.991839 0.104658 0.072812 0.0908592 0.179592 0.979536 -0.0380354 2.00689 3.28041</i>
                        <i>0.08944 0.978158 -0.187635 -0.991839 0.104658 0.072812 0.0908592 0.179592 0.979536 -0.0380354 2.00689 3.28041</i>
                        <i>0.08944 0.978158 -0.187635 -0.991839 0.104658 0.072812 0.0908592 0.179592 0.979536 -0.0380354 2.00689 3.28041</i>
                        <i>0.08944 0.978158 -0.187635 -0.991839 0.104658 0.072812 0.0908592 0.179592 0.979536 -0.0380354 2.00689 3.28041</i>
                        <i>0.08944 0.978158 -0.187635 -0.991839 0.104658 0.072812 0.0908592 0.179592 0.979536 -0.0380354 2.00689 3.28041</i>
                    </KeyFrames>
                </p>
            </i>
            <i>
                <p>
                    <Name>
                        <![CDATA[spine1]]>
</Name>
                    <Exclude>0</Exclude>
                    <Additive>0</Additive>
                    <IKPriority>0</IKPriority>
                    <IKRotLimits>-1e+010 -1e+010 -1e+010 1e+010 1e+010 1e+010</IKRotLimits>
                    <IKRotLimitOrder>0</IKRotLimitOrder>
                    <KeyFrames count="121">
                        <i>0.340107 0.928368 0.149867 -0.21508 -0.0783502 0.973448 0.91546 -0.36331 0.173026 0.804984 2.42493 3.48387</i>
                        <i>0.337181 0.92949 0.149524 -0.215116 -0.0785558 0.973424 0.916534 -0.360385 0.173461 0.804818 2.43352 3.48389</i>
                        <i>0.333195 0.930959 0.14932 -0.215211 -0.0790957 0.973359 0.917968 -0.356454 0.173998 0.804538 2.44298 3.48393</i>
                        <i>0.33138 0.931683 0.14884 -0.215188 -0.0789625 0.973375 0.91863 -0.354586 0.17432 0.804486 2.4507 3.48394</i>
                        <i>0.334924 0.930601 0.147673 -0.214872 -0.0771619 0.973589 0.917418 -0.35781 0.174117 0.805006 2.45407 3.48388</i>
                        <i>0.341968 0.929855 0.135746 -0.238111 -0.0539993 0.969736 0.909044 -0.363941 0.202943 0.808431 2.45245 3.4793</i>
                        <i>0.350241 0.93013 0.110406 -0.292123 -0.00352275 0.956374 0.889942 -0.367213 0.270478 0.815474 2.44775 3.46892</i>
                        <i>0.361578 0.928713 0.0821791 -0.352439 0.0545477 0.934244 0.863161 -0.366765 0.347038 0.823952 2.44135 3.45737</i>
                        <i>0.375231 0.924954 0.060508 -0.398905 0.102212 0.911278 0.836706 -0.366076 0.407322 0.831366 2.43519 3.44842</i>
                        <i>0.388321 0.919998 0.0530061 -0.416598 0.123953 0.9006 0.821981 -0.371804 0.431404 0.834998 2.43165 3.44493</i>
                        <i>0.395724 0.916868 0.052492 -0.41547 0.127758 0.90059 0.819016 -0.378194 0.431488 0.83519 2.42998 3.44476</i>
                        <i>0.397182 0.916409 0.0494001 -0.414475 0.131092 0.900569 0.818814 -0.378165 0.431896 0.83457 2.42809 3.44434</i>
                        <i>0.396969 0.916633 0.0468997 -0.413857 0.133153 0.900551 0.81923 -0.376901 0.432213 0.833843 2.42643 3.44401</i>
                        <i>0.399584 0.915419 0.0483728 -0.413881 0.133074 0.900552 0.817946 -0.379867 0.432049 0.833708 2.42541 3.4441</i>
                        <i>0.409516 0.910509 0.0571856 -0.414801 0.130002 0.900577 0.81255 -0.392521 0.430918 0.83487 2.42546 3.44495</i>
                        <i>0.430449 0.900535 0.0612419 -0.415417 0.137416 0.899191 0.801337 -0.412497 0.433248 0.816344 2.44407 3.48235</i>
                        <i>0.468547 0.882178 0.0471751 -0.416723 0.173616 0.8923 0.778977 -0.437744 0.448971 0.76533 2.48584 3.56496</i>
                        <i>0.528396 0.848676 0.0233898 -0.418501 0.236396 0.876912 0.738684 -0.473145 0.480082 0.69667 2.5343 3.6518</i>
                        <i>0.596756 0.802413 0.00401278 -0.418455 0.306931 0.854804 0.684673 -0.511788 0.518936 0.628651 2.57656 3.70905</i>
                        <i>0.646568 0.76283 -0.00629088 -0.424283 0.366447 0.828071 0.633983 -0.532735 0.560589 0.578202 2.59965 3.71564</i>
                        <i>0.687031 0.72656 0.00996859 -0.464092 0.428204 0.77541 0.559113 -0.537357 0.63138 0.527713 2.60246 3.68782</i>
                        <i>0.731869 0.677863 0.0697823 -0.528642 0.500155 0.685845 0.430007 -0.538838 0.724394 0.460693 2.594 3.65239</i>
                        <i>0.755568 0.636652 0.154248 -0.591306 0.56151 0.578847 0.281912 -0.528565 0.800715 0.385784 2.57553 3.61073</i>
                        <i>0.74387 0.627488 0.230038 -0.646766 0.589168 0.484329 0.16838 -0.509058 0.844102 0.30715 2.5494 3.56219</i>
                        <i>0.697807 0.666526 0.262314 -0.701408 0.56159 0.438912 0.145233 -0.490265 0.859388 0.228771 2.51829 3.50472</i>
                        <i>0.553008 0.78046 0.29166 -0.808256 0.417549 0.415182 0.20225 -0.465334 0.861719 0.0991557 2.4581 3.36991</i>
                        <i>0.29491 0.912794 0.282552 -0.927919 0.203017 0.31265 0.228022 -0.354389 0.906871 0.00293548 2.3932 3.21768</i>
                        <i>0.0933208 0.987634 0.125979 -0.984973 0.0731102 0.156473 0.145328 -0.138688 0.979615 -0.0108148 2.31325 3.18935</i>
                        <i>0.0603153 0.994953 -0.08019 -0.997626 0.0627622 0.0283492 0.033239 0.0782898 0.996376 -0.0131212 2.21837 3.22165</i>
                        <i>0.0857607 0.981522 -0.171055 -0.996267 0.0827768 -0.0245143 -0.00990188 0.172519 0.984956 -0.0225615 2.17613 3.24793</i>
                        <i>0.0857607 0.981522 -0.171055 -0.996267 0.0827768 -0.0245143 -0.00990188 0.172519 0.984956 -0.0225615 2.17613 3.24793</i>
                        <i>0.0857607 0.981522 -0.171055 -0.996267 0.0827768 -0.0245143 -0.00990188 0.172519 0.984956 -0.0225615 2.17613 3.24793</i>
                        <i>0.0857607 0.981522 -0.171055 -0.996267 0.0827768 -0.0245143 -0.00990188 0.172519 0.984956 -0.0225615 2.17613 3.24793</i>
                        <i>0.0857607 0.981522 -0.171055 -0.996267 0.0827768 -0.0245143 -0.00990188 0.172519 0.984956 -0.0225615 2.17613 3.24793</i>
