<?xml version="1.0" encoding="ISO-8859-1" ?>
<Animl Version="1">
    <ModellingPackage>
        <![CDATA[Maya.2010]]>
</ModellingPackage>
    <SrcFile>
        <![CDATA[anims\vehicles\blue\~src\air\apache_fly_idle_crewman_b.mb]]>
</SrcFile>
    <FramesPerSecond>30</FramesPerSecond>
    <TotalFrames>30</TotalFrames>
    <Skeleton>
        <RefFrame>
            <Name>
                <![CDATA[soldier_ref_frame]]>
</Name>
            <Exclude>0</Exclude>
            <Additive>0</Additive>
            <IKPriority>0</IKPriority>
            <IKRotLimits>-1e+010 -1e+010 -1e+010 1e+010 1e+010 1e+010</IKRotLimits>
            <IKRotLimitOrder>0</IKRotLimitOrder>
            <KeyFrames count="30">
                <i>1 0 0 0 1 0 0 0 1 -1.44964 0 2.14964</i>
                <i>1 0 0 0 1 0 0 0 1 -1.44964 0 2.14964</i>
                <i>1 0 0 0 1 0 0 0 1 -1.44964 0 2.14964</i>
                <i>1 0 0 0 1 0 0 0 1 -1.44964 0 2.14964</i>
                <i>1 0 0 0 1 0 0 0 1 -1.44964 0 2.14964</i>
                <i>1 0 0 0 1 0 0 0 1 -1.44964 0 2.14964</i>
                <i>1 0 0 0 1 0 0 0 1 -1.44964 0 2.14964</i>
                <i>1 0 0 0 1 0 0 0 1 -1.44964 0 2.14964</i>
                <i>1 0 0 0 1 0 0 0 1 -1.44964 0 2.14964</i>
                <i>1 0 0 0 1 0 0 0 1 -1.44964 0 2.14964</i>
                <i>1 0 0 0 1 0 0 0 1 -1.44964 0 2.14964</i>
                <i>1 0 0 0 1 0 0 0 1 -1.44964 0 2.14964</i>
                <i>1 0 0 0 1 0 0 0 1 -1.44964 0 2.14964</i>
                <i>1 0 0 0 1 0 0 0 1 -1.44964 0 2.14964</i>
                <i>1 0 0 0 1 0 0 0 1 -1.44964 0 2.14964</i>
                <i>1 0 0 0 1 0 0 0 1 -1.44964 0 2.14964</i>
                <i>1 0 0 0 1 0 0 0 1 -1.44964 0 2.14964</i>
                <i>1 0 0 0 1 0 0 0 1 -1.44964 0 2.14964</i>
                <i>1 0 0 0 1 0 0 0 1 -1.44964 0 2.14964</i>
                <i>1 0 0 0 1 0 0 0 1 -1.44964 0 2.14964</i>
                <i>1 0 0 0 1 0 0 0 1 -1.44964 0 2.14964</i>
                <i>1 0 0 0 1 0 0 0 1 -1.44964 0 2.14964</i>
                <i>1 0 0 0 1 0 0 0 1 -1.44964 0 2.14964</i>
                <i>1 0 0 0 1 0 0 0 1 -1.44964 0 2.14964</i>
                <i>1 0 0 0 1 0 0 0 1 -1.44964 0 2.14964</i>
                <i>1 0 0 0 1 0 0 0 1 -1.44964 0 2.14964</i>
                <i>1 0 0 0 1 0 0 0 1 -1.44964 0 2.14964</i>
                <i>1 0 0 0 1 0 0 0 1 -1.44964 0 2.14964</i>
                <i>1 0 0 0 1 0 0 0 1 -1.44964 0 2.14964</i>
                <i>1 0 0 0 1 0 0 0 1 -1.44964 0 2.14964</i>
            </KeyFrames>
        </RefFrame>
        <Bones count="23">
            <i>
                <p>
                    <Name>
                        <![CDATA[pelvis]]>
</Name>
                    <Exclude>0</Exclude>
                    <Additive>0</Additive>
                    <IKPriority>0</IKPriority>
                    <IKRotLimits>-1e+010 -1e+010 -1e+010 1e+010 1e+010 1e+010</IKRotLimits>
                    <IKRotLimitOrder>2</IKRotLimitOrder>
                    <KeyFrames count="30">
                        <i>1 0 0 0 1 0 0 0 1 0.0422141 2.03369 1.55538</i>
                        <i>1 0 0 0 1 0 0 0 1 0.0422175 2.03371 1.55538</i>
                        <i>1 0 0 0 1 0 0 0 1 0.0422254 2.03375 1.55539</i>
                        <i>1 0 0 0 1 0 0 0 1 0.0422372 2.03382 1.55539</i>
                        <i>1 0 0 0 1 0 0 0 1 0.0422519 2.0339 1.5554</i>
                        <i>1 0 0 0 1 0 0 0 1 0.042269 2.03399 1.55541</i>
                        <i>1 0 0 0 1 0 0 0 1 0.0422875 2.03409 1.55543</i>
                        <i>1 0 0 0 1 0 0 0 1 0.0423068 2.03419 1.55544</i>
                        <i>1 0 0 0 1 0 0 0 1 0.0423259 2.03429 1.55545</i>
                        <i>1 0 0 0 1 0 0 0 1 0.0423443 2.03439 1.55546</i>
                        <i>1 0 0 0 1 0 0 0 1 0.042361 2.03448 1.55547</i>
                        <i>1 0 0 0 1 0 0 0 1 0.0423754 2.03456 1.55548</i>
                        <i>1 0 0 0 1 0 0 0 1 0.0423866 2.03462 1.55549</i>
                        <i>1 0 0 0 1 0 0 0 1 0.0423939 2.03466 1.55549</i>
                        <i>1 0 0 0 1 0 0 0 1 0.0423965 2.03468 1.5555</i>
                        <i>1 0 0 0 1 0 0 0 1 0.0423942 2.03466 1.55549</i>
                        <i>1 0 0 0 1 0 0 0 1 0.0423877 2.03463 1.55549</i>
                        <i>1 0 0 0 1 0 0 0 1 0.0423776 2.03457 1.55548</i>
                        <i>1 0 0 0 1 0 0 0 1 0.0423646 2.0345 1.55548</i>
                        <i>1 0 0 0 1 0 0 0 1 0.0423493 2.03442 1.55547</i>
                        <i>1 0 0 0 1 0 0 0 1 0.0423324 2.03433 1.55546</i>
                        <i>1 0 0 0 1 0 0 0 1 0.0423145 2.03423 1.55544</i>
                        <i>1 0 0 0 1 0 0 0 1 0.0422963 2.03414 1.55543</i>
                        <i>1 0 0 0 1 0 0 0 1 0.0422785 2.03404 1.55542</i>
                        <i>1 0 0 0 1 0 0 0 1 0.0422615 2.03395 1.55541</i>
                        <i>1 0 0 0 1 0 0 0 1 0.0422462 2.03386 1.5554</i>
                        <i>1 0 0 0 1 0 0 0 1 0.0422332 2.03379 1.55539</i>
                        <i>1 0 0 0 1 0 0 0 1 0.0422231 2.03374 1.55539</i>
                        <i>1 0 0 0 1 0 0 0 1 0.0422165 2.0337 1.55538</i>
                        <i>1 0 0 0 1 0 0 0 1 0.0422141 2.03369 1.55538</i>
                    </KeyFrames>
                </p>
            </i>
            <i>
                <p>
                    <Name>
                        <![CDATA[spine0]]>
</Name>
                    <Exclude>0</Exclude>
                    <Additive>0</Additive>
                    <IKPriority>0</IKPriority>
                    <IKRotLimits>-1e+010 -1e+010 -1e+010 1e+010 1e+010 1e+010</IKRotLimits>
                    <IKRotLimitOrder>0</IKRotLimitOrder>
                    <KeyFrames count="30">
                        <i>-0.0317085 0.99495 0.0952298 -0.998495 -0.0357979 0.041545 0.0447443 -0.0937691 0.994588 0.0431012 2.15511 1.47823</i>
                        <i>-0.0317054 0.994951 0.0952232 -0.998495 -0.0357944 0.0415442 0.0447429 -0.0937627 0.994589 0.0431046 2.15513 1.47823</i>
                        <i>-0.0316979 0.994953 0.0952073 -0.998496 -0.035786 0.0415423 0.0447397 -0.0937472 0.99459 0.0431125 2.15518 1.47824</i>
                        <i>-0.0316868 0.994955 0.0951835 -0.998496 -0.0357734 0.0415394 0.0447349 -0.0937241 0.994593 0.0431243 2.15524 1.47825</i>
                        <i>-0.0316726 0.994959 0.0951532 -0.998497 -0.0357575 0.0415358 0.0447288 -0.0936946 0.994596 0.0431391 2.15532 1.47826</i>
                        <i>-0.0316561 0.994963 0.0951177 -0.998498 -0.0357389 0.0415315 0.0447217 -0.0936601 0.994599 0.0431561 2.15541 1.47827</i>
                        <i>-0.0316378 0.994967 0.0950785 -0.998499 -0.0357183 0.0415268 0.0447139 -0.093622 0.994603 0.0431746 2.15551 1.47828</i>
                        <i>-0.0316183 0.994972 0.0950369 -0.9985 -0.0356965 0.0415218 0.0447055 -0.0935815 0.994607 0.0431939 2.15561 1.47829</i>
                        <i>-0.0315984 0.994976 0.0949944 -0.998501 -0.0356741 0.0415167 0.044697 -0.0935401 0.994612 0.0432131 2.15572 1.4783</i>
                        <i>-0.0315786 0.994981 0.0949521 -0.998502 -0.0356518 0.0415116 0.0446885 -0.0934989 0.994616 0.0432314 2.15582 1.47832</i>
                        <i>-0.0315595 0.994985 0.0949114 -0.998503 -0.0356304 0.0415067 0.0446803 -0.0934593 0.99462 0.0432481 2.15591 1.47833</i>
                        <i>-0.0315417 0.99499 0.0948735 -0.998504 -0.0356104 0.0415022 0.0446727 -0.0934225 0.994624 0.0432625 2.15598 1.47834</i>
                        <i>-0.0315259 0.994993 0.0948398 -0.998504 -0.0355926 0.0414981 0.0446659 -0.0933897 0.994627 0.0432737 2.15605 1.47834</i>
                        <i>-0.0315125 0.994996 0.0948114 -0.998505 -0.0355776 0.0414947 0.0446602 -0.0933621 0.99463 0.043281 2.15608 1.47835</i>
                        <i>-0.0315023 0.994999 0.0947897 -0.998506 -0.0355661 0.041492 0.0446558 -0.0933409 0.994632 0.0432836 2.1561 1.47835</i>
                        <i>-0.0314957 0.995 0.0947757 -0.998506 -0.0355587 0.0414903 0.044653 -0.0933273 0.994634 0.0432813 2.15609 1.47835</i>
                        <i>-0.0314933 0.995001 0.0947707 -0.998506 -0.0355561 0.0414897 0.044652 -0.0933225 0.994634 0.0432748 2.15605 1.47834</i>
                        <i>-0.0314972 0.995001 0.0947717 -0.998506 -0.03556 0.0414906 0.0446533 -0.0933232 0.994634 0.0432647 2.156 1.47834</i>
                        <i>-0.0315078 0.995 0.0947751 -0.998505 -0.0355711 0.0414932 0.044657 -0.0933261 0.994634 0.0432517 2.15593 1.47833</i>
                        <i>-0.031524 0.994999 0.0947818 -0.998505 -0.035588 0.041497 0.0446626 -0.0933319 0.994633 0.0432364 2.15584 1.47832</i>
                        <i>-0.0315444 0.994997 0.0947928 -0.998504 -0.0356095 0.041502 0.0446698 -0.0933418 0.994632 0.0432195 2.15575 1.47831</i>
                        <i>-0.0315679 0.994995 0.094809 -0.998503 -0.0356343 0.0415076 0.0446783 -0.0933567 0.99463 0.0432017 2.15566 1.4783</i>
                        <i>-0.0315931 0.994992 0.0948312 -0.998501 -0.0356612 0.0415138 0.0446877 -0.0933775 0.994627 0.0431835 2.15556 1.47829</i>
                        <i>-0.0316188 0.994988 0.0948604 -0.9985 -0.0356889 0.0415201 0.0446975 -0.0934053 0.994624 0.0431656 2.15546 1.47827</i>
                        <i>-0.0316437 0.994984 0.0948975 -0.998499 -0.0357161 0.0415263 0.0447074 -0.093441 0.994621 0.0431487 2.15537 1.47826</i>
                        <i>-0.0316663 0.994979 0.0949433 -0.998498 -0.0357414 0.0415321 0.044717 -0.0934855 0.994616 0.0431334 2.15529 1.47825</i>
                        <i>-0.0316855 0.994973 0.0949986 -0.998497 -0.0357636 0.0415372 0.0447259 -0.0935396 0.99461 0.0431203 2.15522 1.47825</i>
                        <i>-0.0316998 0.994966 0.0950643 -0.998496 -0.0357814 0.0415412 0.0447337 -0.0936044 0.994604 0.0431102 2.15516 1.47824</i>
                        <i>-0.031708 0.994959 0.0951411 -0.998495 -0.0357932 0.041544 0.0447399 -0.0936806 0.994597 0.0431036 2.15513 1.47823</i>
                        <i>-0.0317085 0.99495 0.0952298 -0.998495 -0.0357979 0.041545 0.0447443 -0.0937691 0.994588 0.0431012 2.15511 1.47823</i>
                    </KeyFrames>
                </p>
            </i>
            <i>
                <p>
                    <Name>
                        <![CDATA[spine1]]>
</Name>
                    <Exclude>0</Exclude>
                    <Additive>0</Additive>
                    <IKPriority>0</IKPriority>
                    <IKRotLimits>-1e+010 -1e+010 -1e+010 1e+010 1e+010 1e+010</IKRotLimits>
                    <IKRotLimitOrder>0</IKRotLimitOrder>
                    <KeyFrames count="30">
                        <i>-0.0556172 0.899707 0.432937 -0.994601 -0.0879717 0.055047 0.0876124 -0.427538 0.899742 0.0364918 2.36221 1.49783</i>
                        <i>-0.0556084 0.899756 0.432837 -0.994603 -0.0879512 0.055047 0.0875974 -0.427439 0.89979 0.0364945 2.36227 1.49783</i>
                        <i>-0.0555874 0.899874 0.432593 -0.994607 -0.0879019 0.055047 0.0875612 -0.4272 0.899907 0.0365008 2.36241 1.49785</i>
                        <i>-0.0555561 0.900051 0.432228 -0.994614 -0.0878281 0.0550471 0.087507 -0.426842 0.900082 0.0365102 2.36263 1.49786</i>
                        <i>-0.0555162 0.900277 0.431763 -0.994622 -0.087734 0.0550471 0.0874379 -0.426385 0.900306 0.0365218 2.3629 1.49788</i>
                        <i>-0.0554695 0.900541 0.431218 -0.994632 -0.087624 0.0550472 0.0873573 -0.425849 0.900567 0.0365352 2.36321 1.4979</i>
                        <i>-0.0554177 0.900833 0.430614 -0.994642 -0.0875023 0.0550472 0.0872681 -0.425257 0.900856 0.0365496 2.36356 1.49793</i>
                        <i>-0.0553628 0.901143 0.429973 -0.994654 -0.0873731 0.0550473 0.0871736 -0.424627 0.901162 0.0365645 2.36392 1.49796</i>
                        <i>-0.0553064 0.90146 0.429315 -0.994665 -0.0872407 0.0550474 0.0870767 -0.42398 0.901476 0.0365792 2.3643 1.49798</i>
                        <i>-0.0552502 0.901775 0.42866 -0.994677 -0.087109 0.0550474 0.0869806 -0.423337 0.901787 0.0365931 2.36467 1.49801</i>
                        <i>-0.0551961 0.902078 0.428029 -0.994688 -0.0869822 0.0550475 0.086888 -0.422717 0.902087 0.0366055 2.36502 1.49804</i>
                        <i>-0.0551456 0.90236 0.427441 -0.994698 -0.0868642 0.0550475 0.086802 -0.422139 0.902366 0.0366158 2.36535 1.49806</i>
                        <i>-0.0551005 0.902611 0.426916 -0.994707 -0.086759 0.0550476 0.0867254 -0.421624 0.902614 0.0366233 2.36562 1.49808</i>
                        <i>-0.0550626 0.902822 0.426474 -0.994715 -0.0866704 0.0550476 0.0866609 -0.421189 0.902823 0.0366276 2.36585 1.49809</i>
                        <i>-0.0550334 0.902984 0.426134 -0.994721 -0.0866023 0.0550477 0.0866114 -0.420855 0.902984 0.0366278 2.36601 1.4981</i>
                        <i>-0.0550146 0.903089 0.425916 -0.994725 -0.0865586 0.0550477 0.0865796 -0.42064 0.903087 0.036624 2.36609 1.49811</i>
                        <i>-0.055008 0.903126 0.425839 -0.994726 -0.0865431 0.0550477 0.0865684 -0.420565 0.903123 0.0366169 2.36608 1.49811</i>
                        <i>-0.0550181 0.903078 0.425937 -0.994724 -0.0865647 0.0550477 0.0865835 -0.420662 0.903076 0.0366074 2.36598 1.4981</i>
                        <i>-0.0550463 0.902946 0.426215 -0.994719 -0.086625 0.0550476 0.0866259 -0.420934 0.902946 0.0365961 2.36579 1.49808</i>
                        <i>-0.0550893 0.902741 0.426643 -0.994711 -0.0867177 0.0550476 0.0866912 -0.421354 0.902743 0.0365835 2.36552 1.49805</i>
                        <i>-0.0551439 0.902477 0.427194 -0.994701 -0.0868362 0.0550475 0.086775 -0.421894 0.902483 0.0365701 2.36518 1.49802</i>
                        <i>-0.0552069 0.902167 0.427839 -0.994689 -0.0869741 0.0550475 0.0868729 -0.422527 0.902177 0.0365563 2.3648 1.49799</i>
                        <i>-0.0552751 0.901825 0.428551 -0.994675 -0.0871249 0.0550474 0.0869806 -0.423226 0.901839 0.0365426 2.3644 1.49795</i>
                        <i>-0.0553452 0.901465 0.4293 -0.994662 -0.0872819 0.0550473 0.0870934 -0.423962 0.901483 0.0365296 2.36398 1.49792</i>
                        <i>-0.0554138 0.901099 0.430058 -0.994648 -0.0874385 0.0550473 0.0872067 -0.424706 0.901121 0.0365177 2.36357 1.49789</i>
                        <i>-0.0554777 0.900743 0.430796 -0.994635 -0.0875879 0.0550472 0.0873158 -0.42543 0.900769 0.0365073 2.36318 1.49786</i>
                        <i>-0.0555334 0.90041 0.431483 -0.994623 -0.0877229 0.0550471 0.0874159 -0.426105 0.90044 0.0364991 2.36284 1.49784</i>
                        <i>-0.0555775 0.900117 0.432089 -0.994613 -0.0878367 0.0550471 0.087502 -0.426702 0.900149 0.0364934 2.36255 1.49783</i>
                        <i>-0.0556065 0.899877 0.432584 -0.994605 -0.087922 0.055047 0.0875692 -0.427189 0.899912 0.0364908 2.36233 1.49782</i>
                        <i>-0.0556172 0.899707 0.432937 -0.994601 -0.0879717 0.055047 0.0876124 -0.427538 0.899742 0.0364918 2.36221 1.49783</i>
                    </KeyFrames>
                </p>
            </i>
            <i>
                <p>
                    <Name>
                        <![CDATA[spine2]]>
</Name>
                    <Exclude>0</Exclude>
                    <Additive>0</Additive>
                    <IKPriority>0</IKPriority>
                    <IKRotLimits>-1e+010 -1e+010 -1e+010 1e+010 1e+010 1e+010</IKRotLimits>
                    <IKRotLimitOrder>0</IKRotLimitOrder>
                    <KeyFrames count="30">
                        <i>-0.0224124 0.854124 0.519586 -0.99602 -0.0639194 0.0621109 0.086262 -0.516126 0.852158 0.0259165 2.53418 1.58123</i>
                        <i>-0.0224134 0.854156 0.519534 -0.996021 -0.0639151 0.0621118 0.0862593 -0.516075 0.852189 0.0259189 2.53428 1.58123</i>
                        <i>-0.0224161 0.854231 0.51941 -0.996021 -0.063905 0.0621141 0.0862527 -0.515951 0.852265 0.0259242 2.53452 1.58123</i>
                        <i>-0.0224202 0.854345 0.519223 -0.996022 -0.0638898 0.0621176 0.0862428 -0.515765 0.852378 0.0259321 2.53489 1.58124</i>
                        <i>-0.0224254 0.85449 0.518984 -0.996023 -0.0638703 0.0621219 0.0862302 -0.515527 0.852524 0.0259418 2.53536 1.58125</i>
                        <i>-0.0224316 0.85466 0.518704 -0.996024 -0.0638475 0.0621271 0.0862155 -0.515248 0.852694 0.0259529 2.53591 1.58126</i>
                        <i>-0.0224383 0.854848 0.518393 -0.996025 -0.0638222 0.0621328 0.0861991 -0.514938 0.852883 0.0259649 2.53652 1.58127</i>
                        <i>-0.0224455 0.855049 0.518062 -0.996027 -0.0637952 0.0621389 0.0861816 -0.514608 0.853083 0.0259771 2.53717 1.58128</i>
                        <i>-0.0224528 0.855255 0.517721 -0.996028 -0.0637674 0.0621451 0.0861637 -0.514269 0.85329 0.025989 2.53783 1.58129</i>
                        <i>-0.02246 0.85546 0.517381 -0.996029 -0.0637397 0.0621514 0.0861458 -0.513931 0.853495 0.0260001 2.53848 1.5813</i>
                        <i>-0.022467 0.855659 0.517053 -0.996031 -0.0637129 0.0621574 0.0861285 -0.513604 0.853694 0.0260098 2.53911 1.58132</i>
                        <i>-0.0224735 0.855844 0.516746 -0.996032 -0.0636878 0.0621631 0.0861123 -0.513299 0.853879 0.0260176 2.53969 1.58132</i>
                        <i>-0.0224792 0.856009 0.516472 -0.996033 -0.0636654 0.0621681 0.0860979 -0.513026 0.854044 0.0260229 2.5402 1.58133</i>
                        <i>-0.0224841 0.856148 0.516241 -0.996034 -0.0636464 0.0621724 0.0860857 -0.512795 0.854184 0.0260253 2.54062 1.58134</i>
                        <i>-0.0224877 0.856256 0.516062 -0.996035 -0.0636318 0.0621757 0.0860763 -0.512618 0.854291 0.026024 2.54093 1.58134</i>
                        <i>-0.0224901 0.856325 0.515948 -0.996035 -0.0636224 0.0621778 0.0860702 -0.512504 0.85436 0.0260193 2.54111 1.58134</i>
                        <i>-0.022491 0.856349 0.515907 -0.996035 -0.0636191 0.0621786 0.0860681 -0.512463 0.854385 0.0260119 2.54114 1.58133</i>
                        <i>-0.0224904 0.856318 0.51596 -0.996035 -0.0636239 0.0621775 0.086071 -0.512515 0.854353 0.0260026 2.54099 1.58132</i>
                        <i>-0.0224887 0.856229 0.516106 -0.996035 -0.0636373 0.0621745 0.0860792 -0.512661 0.854265 0.0259921 2.54067 1.58131</i>
                        <i>-0.0224859 0.856093 0.516332 -0.996033 -0.0636578 0.0621698 0.0860917 -0.512886 0.854129 0.0259807 2.5402 1.58129</i>
                        <i>-0.0224821 0.855919 0.516622 -0.996032 -0.0636838 0.062164 0.0861077 -0.513174 0.853954 0.0259689 2.53961 1.58127</i>
                        <i>-0.0224773 0.855714 0.51696 -0.996031 -0.0637138 0.0621572 0.0861263 -0.513511 0.85375 0.025957 2.53894 1.58124</i>
                        <i>-0.0224716 0.85549 0.517332 -0.996029 -0.0637465 0.0621498 0.0861466 -0.513881 0.853525 0.0259457 2.53821 1.58122</i>
                        <i>-0.022465 0.855254 0.517722 -0.996027 -0.0637801 0.0621423 0.0861678 -0.51427 0.853289 0.0259352 2.53745 1.5812</i>
                        <i>-0.0224576 0.855016 0.518115 -0.996026 -0.0638133 0.0621348 0.0861889 -0.514661 0.853051 0.0259261 2.53671 1.58118</i>
                        <i>-0.0224495 0.854785 0.518496 -0.996024 -0.0638445 0.0621278 0.086209 -0.51504 0.85282 0.0259188 2.536 1.58117</i>
                        <i>-0.0224409 0.854571 0.518849 -0.996023 -0.0638722 0.0621215 0.0862273 -0.515391 0.852606 0.0259138 2.53536 1.58117</i>
                        <i>-0.0224317 0.854384 0.519159 -0.996022 -0.0638949 0.0621164 0.0862428 -0.5157 0.852418 0.0259114 2.53483 1.58118</i>
                        <i>-0.0224222 0.854231 0.519409 -0.996021 -0.0639111 0.0621127 0.0862547 -0.51595 0.852265 0.0259122 2.53442 1.58119</i>
                        <i>-0.0224124 0.854124 0.519586 -0.99602 -0.0639194 0.0621109 0.086262 -0.516126 0.852158 0.0259165 2.53418 1.58123</i>
                    </KeyFrames>
                </p>
            </i>
            <i>
                <p>
                    <Name>
                        <![CDATA[head]]>
</Name>
                    <Exclude>0</Exclude>
                    <Additive>0</Additive>
                    <IKPriority>0</IKPriority>
                    <IKRotLimits>-1e+010 -1e+010 -1e+010 1e+010 1e+010 1e+010</IKRotLimits>
                    <IKRotLimitOrder>0</IKRotLimitOrder>
                    <KeyFrames count="30">
                        <i>-0.00874763 0.934795 0.355081 -0.0296344 0.354696 -0.934512 -0.999523 -0.0186974 0.0245993 0.0228487 2.78636 1.70593</i>
                        <i>-0.00841962 0.932169 0.361926 -0.0297075 0.361545 -0.931881 -0.999523 -0.018598 0.0246484 0.0228501 2.7865 1.70594</i>
                        <i>-0.00791474 0.929859 0.367831 -0.0297864 0.36746 -0.929562 -0.999525 -0.0183136 0.0247888 0.0228532 2.78682 1.70597</i>
                        <i>-0.00725745 0.927902 0.372754 -0.0298664 0.372396 -0.927593 -0.999528 -0.0178648 0.0250104 0.0228576 2.78731 1.706</i>
                        <i>-0.00647232 0.926334 0.376648 -0.0299445 0.376308 -0.926011 -0.999531 -0.017272 0.025303 0.0228629 2.78793 1.70604</i>
                        <i>-0.005584 0.925188 0.379468 -0.0300195 0.379148 -0.924849 -0.999534 -0.0165558 0.0256565 0.0228688 2.78866 1.70609</i>
                        <i>-0.00461723 0.924494 0.381168 -0.0300914 0.380871 -0.924138 -0.999536 -0.0157368 0.0260607 0.022875 2.78946 1.70615</i>
                        <i>-0.00359675 0.92428 0.381699 -0.0301612 0.381427 -0.923907 -0.999539 -0.0148355 0.0265055 0.0228811 2.79032 1.70621</i>
                        <i>-0.00256239 0.924756 0.380552 -0.0302296 0.380308 -0.924366 -0.99954 -0.0138725 0.0269805 0.0228868 2.79119 1.70627</i>
                        <i>-0.00154535 0.926015 0.377482 -0.0303006 0.377266 -0.925609 -0.99954 -0.0128683 0.0274758 0.0228916 2.79206 1.70633</i>
                        <i>-0.000557505 0.927898 0.372834 -0.0303793 0.372646 -0.927476 -0.999538 -0.0118435 0.0279812 0.0228953 2.7929 1.70639</i>
                        <i>0.000389296 0.930241 0.366949 -0.0304692 0.366789 -0.929805 -0.999536 -0.0108187 0.0284864 0.0228974 2.79367 1.70644</i>
                        <i>0.0012833 0.932885 0.360172 -0.0305712 0.36004 -0.932436 -0.999532 -0.0098143 0.0289815 0.0228977 2.79436 1.70649</i>
                        <i>0.0021129 0.935678 0.35285 -0.0306846 0.352745 -0.935216 -0.999527 -0.00885104 0.0294562 0.0228958 2.79492 1.70653</i>
                        <i>0.00286666 0.938475 0.345334 -0.030806 0.345255 -0.938003 -0.999521 -0.00794944 0.0299004 0.0228913 2.79534 1.70656</i>
                        <i>0.00353342 0.941147 0.33798 -0.0309304 0.337923 -0.940665 -0.999515 -0.00713008 0.030304 0.0228844 2.79559 1.70657</i>
                        <i>0.00410233 0.94357 0.331147 -0.0310508 0.33111 -0.943081 -0.999509 -0.00641354 0.030657 0.0228762 2.79565 1.70657</i>
                        <i>0.00456281 0.945635 0.325197 -0.0311593 0.325177 -0.94514 -0.999504 -0.00582041 0.030949 0.0228679 2.79547 1.70655</i>
                        <i>0.00490447 0.947238 0.320495 -0.0312471 0.320488 -0.946737 -0.9995 -0.00537128 0.0311702 0.02286 2.79505 1.70652</i>
                        <i>0.00511709 0.948276 0.317407 -0.0313054 0.317407 -0.947772 -0.999497 -0.0050867 0.0313103 0.0228527 2.79443 1.70646</i>
                        <i>0.00519031 0.948646 0.316297 -0.0313263 0.3163 -0.948142 -0.999496 -0.00498728 0.0313593 0.0228461 2.79365 1.70639</i>
                        <i>0.00469201 0.948449 0.316896 -0.0312527 0.316884 -0.947949 -0.999501 -0.00545609 0.0311284 0.0228404 2.79275 1.70631</i>
                        <i>0.00336024 0.947872 0.318635 -0.0310581 0.318582 -0.947386 -0.999512 -0.00671275 0.0305096 0.0228357 2.79178 1.70623</i>
                        <i>0.00143929 0.946935 0.321422 -0.0307843 0.321312 -0.946473 -0.999525 -0.00853251 0.0296131 0.0228324 2.79077 1.70615</i>
                        <i>-0.000826649 0.945656 0.325168 -0.0304743 0.324994 -0.945225 -0.999535 -0.0106907 0.0285496 0.0228305 2.78978 1.70608</i>
                        <i>-0.0031931 0.944052 0.329781 -0.0301696 0.329542 -0.943659 -0.99954 -0.0129625 0.0274294 0.0228302 2.78883 1.70601</i>
                        <i>-0.00541488 0.942142 0.335169 -0.029907 0.334872 -0.941789 -0.999538 -0.0151236 0.0263633 0.0228317 2.78797 1.70596</i>
                        <i>-0.00724603 0.939947 0.341242 -0.0297171 0.340898 -0.93963 -0.999532 -0.0169493 0.0254623 0.0228351 2.78725 1.70593</i>
                        <i>-0.00843959 0.93749 0.34791 -0.029622 0.347535 -0.937199 -0.999525 -0.0182154 0.0248373 0.0228407 2.7867 1.70592</i>
                        <i>-0.00874763 0.934795 0.355081 -0.0296344 0.354696 -0.934512 -0.999523 -0.0186974 0.0245993 0.0228487 2.78636 1.70593</i>
                    </KeyFrames>
                </p>
            </i>
            <i>
                <p>
                    <Name>
                        <![CDATA[head_prop]]>
</Name>
                    <Exclude>0</Exclude>
                    <Additive>0</Additive>
                    <IKPriority>0</IKPriority>
                    <IKRotLimits>-1e+010 -1e+010 -1e+010 1e+010 1e+010 1e+010</IKRotLimits>
                    <IKRotLimitOrder>0</IKRotLimitOrder>
                    <KeyFrames count="30">
                        <i>0.999523 0.0186974 -0.0245993 -0.00874763 0.934795 0.355081 0.0296344 -0.354696 0.934512 0.0199977 3.09102 1.82166</i>
                        <i>0.999523 0.018598 -0.0246484 -0.00841962 0.932169 0.361926 0.0297075 -0.361545 0.931881 0.0201061 3.0903 1.8239</i>
                        <i>0.999525 0.0183136 -0.0247888 -0.00791474 0.929859 0.367831 0.0297864 -0.36746 0.929562 0.0202737 3.08987 1.82585</i>
                        <i>0.999528 0.0178648 -0.0250104 -0.00725745 0.927902 0.372754 0.0298664 -0.372396 0.927593 0.0204923 3.08972 1.82748</i>
                        <i>0.999531 0.017272 -0.025303 -0.00647232 0.926334 0.376648 0.0299445 -0.376308 0.926011 0.0207535 3.08983 1.8288</i>
                        <i>0.999534 0.0165558 -0.0256565 -0.005584 0.925188 0.379468 0.0300195 -0.379148 0.924849 0.021049 3.09018 1.82977</i>
                        <i>0.999536 0.0157368 -0.0260607 -0.00461723 0.924494 0.381168 0.0300914 -0.380871 0.924138 0.0213702 3.09076 1.83038</i>
                        <i>0.999539 0.0148355 -0.0265055 -0.00359675 0.92428 0.381699 0.0301612 -0.381427 0.923907 0.0217089 3.09155 1.83061</i>
                        <i>0.99954 0.0138725 -0.0269805 -0.00256239 0.924756 0.380552 0.0302296 -0.380308 0.924366 0.0220517 3.09258 1.8303</i>
                        <i>0.99954 0.0128683 -0.0274758 -0.00154535 0.926015 0.377482 0.0303006 -0.377266 0.925609 0.022388 3.09386 1.82936</i>
                        <i>0.999538 0.0118435 -0.0279812 -0.000557505 0.927898 0.372834 0.0303793 -0.372646 0.927476 0.0227136 3.09531 1.8279</i>
                        <i>0.999536 0.0108187 -0.0284864 0.000389296 0.930241 0.366949 0.0304692 -0.366789 0.929805 0.0230243 3.09685 1.82604</i>
                        <i>0.999532 0.0098143 -0.0289815 0.0012833 0.932885 0.360172 0.0305712 -0.36004 0.932436 0.0233159 3.09839 1.82387</i>
                        <i>0.999527 0.00885104 -0.0294562 0.0021129 0.935678 0.35285 0.0306846 -0.352745 0.935216 0.0235844 3.09987 1.82152</i>
                        <i>0.999521 0.00794944 -0.0299004 0.00286666 0.938475 0.345334 0.030806 -0.345255 0.938003 0.0238255 3.1012 1.8191</i>
                        <i>0.999515 0.00713008 -0.030304 0.00353342 0.941147 0.33798 0.0309304 -0.337923 0.940665 0.0240359 3.10232 1.81672</i>
                        <i>0.999509 0.00641354 -0.030657 0.00410233 0.94357 0.331147 0.0310508 -0.33111 0.943081 0.0242132 3.10317 1.8145</i>
                        <i>0.999504 0.00582041 -0.030949 0.00456281 0.945635 0.325197 0.0311593 -0.325177 0.94514 0.024355 3.10366 1.81254</i>
                        <i>0.9995 0.00537128 -0.0311702 0.00490447 0.947238 0.320495 0.0312471 -0.320488 0.946737 0.0244584 3.10376 1.81097</i>
                        <i>0.999497 0.0050867 -0.0313103 0.00511709 0.948276 0.317407 0.0313054 -0.317407 0.947772 0.0245204 3.10348 1.80991</i>
                        <i>0.999496 0.00498728 -0.0313593 0.00519031 0.948646 0.316297 0.0313263 -0.3163 0.948142 0.0245376 3.10282 1.80947</i>
                        <i>0.999501 0.00545609 -0.0311284 0.00469201 0.948449 0.316896 0.0312527 -0.316884 0.947949 0.0243695 3.10186 1.80959</i>
                        <i>0.999512 0.00671275 -0.0305096 0.00336024 0.947872 0.318635 0.0310581 -0.318582 0.947386 0.0239309 3.1007 1.81008</i>
                        <i>0.999525 0.00853251 -0.0296131 0.00143929 0.946935 0.321422 0.0307843 -0.321312 0.946473 0.0233015 3.09939 1.81091</i>
                        <i>0.999535 0.0106907 -0.0285496 -0.000826649 0.945656 0.325168 0.0304743 -0.324994 0.945225 0.0225611 3.09798 1.81205</i>
                        <i>0.99954 0.0129625 -0.0274294 -0.0031931 0.944052 0.329781 0.0301696 -0.329542 0.943659 0.0217895 3.0965 1.81349</i>
                        <i>0.999538 0.0151236 -0.0263633 -0.00541488 0.942142 0.335169 0.029907 -0.334872 0.941789 0.0210669 3.09503 1.8152</i>
                        <i>0.999532 0.0169493 -0.0254623 -0.00724603 0.939947 0.341242 0.0297171 -0.340898 0.93963 0.0204736 3.09359 1.81714</i>
                        <i>0.999525 0.0182154 -0.0248373 -0.00843959 0.93749 0.34791 0.029622 -0.347535 0.937199 0.0200902 3.09223 1.8193</i>
                        <i>0.999523 0.0186974 -0.0245993 -0.00874763 0.934795 0.355081 0.0296344 -0.354696 0.934512 0.0199977 3.09102 1.82166</i>
                    </KeyFrames>
                </p>
            </i>
            <i>
                <p>
                    <Name>
                        <![CDATA[l_clav]]>
</Name>
                    <Exclude>0</Exclude>
                    <Additive>0</Additive>
                    <IKPriority>0</IKPriority>
                    <IKRotLimits>-1e+010 -1e+010 -1e+010 1e+010 1e+010 1e+010</IKRotLimits>
                    <IKRotLimitOrder>0</IKRotLimitOrder>
                    <KeyFrames count="30">
                        <i>0.963256 0.258309 0.0735813 -0.267555 0.946816 0.178759 -0.0234931 -0.191877 0.981138 0.109833 2.59201 1.65621</i>
                        <i>0.963256 0.258309 0.0735813 -0.267555 0.946816 0.178758 -0.0234931 -0.191877 0.981138 0.109835 2.59214 1.65622</i>
                        <i>0.963256 0.258309 0.0735814 -0.267555 0.946816 0.178759 -0.0234931 -0.191877 0.981138 0.109838 2.59246 1.65624</i>
                        <i>0.963256 0.258309 0.0735813 -0.267555 0.946816 0.178759 -0.0234931 -0.191877 0.981138 0.109842 2.59295 1.65628</i>
                        <i>0.963256 0.258309 0.0735813 -0.267555 0.946816 0.178759 -0.0234931 -0.191877 0.981138 0.109848 2.59357 1.65632</i>
                        <i>0.963256 0.258309 0.0735813 -0.267555 0.946816 0.178758 -0.0234931 -0.191877 0.981138 0.109853 2.5943 1.65637</i>
                        <i>0.963256 0.258309 0.0735813 -0.267555 0.946816 0.178759 -0.0234931 -0.191877 0.981138 0.10986 2.5951 1.65643</i>
                        <i>0.963256 0.258309 0.0735813 -0.267555 0.946816 0.178758 -0.0234931 -0.191877 0.981138 0.109866 2.59596 1.65649</i>
                        <i>0.963256 0.258309 0.0735813 -0.267555 0.946816 0.178758 -0.0234931 -0.191877 0.981138 0.109871 2.59683 1.65655</i>
                        <i>0.963256 0.258309 0.0735813 -0.267555 0.946816 0.178758 -0.0234931 -0.191877 0.981138 0.109876 2.5977 1.65661</i>
                        <i>0.963256 0.258309 0.0735813 -0.267555 0.946816 0.178758 -0.0234931 -0.191877 0.981138 0.10988 2.59854 1.65667</i>
                        <i>0.963256 0.258309 0.0735814 -0.267555 0.946816 0.178758 -0.0234931 -0.191877 0.981138 0.109882 2.59931 1.65672</i>
                        <i>0.963256 0.258309 0.0735813 -0.267555 0.946816 0.178758 -0.0234931 -0.191877 0.981138 0.109882 2.6 1.65677</i>
                        <i>0.963256 0.258309 0.0735813 -0.267555 0.946816 0.178758 -0.0234931 -0.191877 0.981138 0.10988 2.60056 1.65681</i>
                        <i>0.963256 0.258309 0.0735813 -0.267555 0.946816 0.178759 -0.0234931 -0.191877 0.981138 0.109876 2.60098 1.65683</i>
                        <i>0.963256 0.258309 0.0735813 -0.267555 0.946816 0.178758 -0.0234931 -0.191877 0.981138 0.109869 2.60123 1.65685</i>
                        <i>0.963256 0.258309 0.0735813 -0.267555 0.946816 0.178758 -0.0234931 -0.191877 0.981138 0.109861 2.60129 1.65685</i>
                        <i>0.963256 0.258309 0.0735813 -0.267555 0.946816 0.178758 -0.0234931 -0.191877 0.981138 0.109853 2.60111 1.65683</i>
                        <i>0.963256 0.258309 0.0735813 -0.267555 0.946816 0.178758 -0.0234931 -0.191877 0.981138 0.109845 2.60069 1.65679</i>
                        <i>0.963256 0.258309 0.0735813 -0.267555 0.946816 0.178758 -0.0234931 -0.191877 0.981138 0.109837 2.60007 1.65674</i>
                        <i>0.963256 0.258309 0.0735813 -0.267555 0.946816 0.178758 -0.0234931 -0.191877 0.981138 0.109831 2.59929 1.65667</i>
                        <i>0.963256 0.258309 0.0735813 -0.267555 0.946816 0.178758 -0.0234931 -0.191877 0.981138 0.109825 2.59839 1.65659</i>
                        <i>0.963256 0.258309 0.0735813 -0.267555 0.946816 0.178758 -0.0234931 -0.191877 0.981138 0.10982 2.59742 1.65651</i>
                        <i>0.963256 0.258309 0.0735813 -0.267555 0.946816 0.178758 -0.0234931 -0.191877 0.981138 0.109817 2.59642 1.65643</i>
                        <i>0.963256 0.258309 0.0735813 -0.267555 0.946816 0.178758 -0.0234931 -0.191877 0.981138 0.109815 2.59542 1.65636</i>
                        <i>0.963256 0.258309 0.0735813 -0.267555 0.946816 0.178758 -0.0234931 -0.191877 0.981138 0.109815 2.59447 1.65629</i>
                        <i>0.963256 0.258309 0.0735813 -0.267555 0.946816 0.178759 -0.0234931 -0.191877 0.981138 0.109816 2.59361 1.65624</i>
                        <i>0.963256 0.258309 0.0735813 -0.267555 0.946816 0.178758 -0.0234931 -0.191877 0.981138 0.10982 2.59289 1.65621</i>
                        <i>0.963256 0.258309 0.0735813 -0.267555 0.946816 0.178758 -0.0234931 -0.191877 0.981138 0.109825 2.59234 1.6562</i>
                        <i>0.963256 0.258309 0.0735813 -0.267555 0.946816 0.178759 -0.0234931 -0.191877 0.981138 0.109833 2.59201 1.65621</i>
                    </KeyFrames>
                </p>
            </i>
            <i>
                <p>
                    <Name>
                        <![CDATA[l_shoulder]]>
</Name>
                    <Exclude>0</Exclude>
                    <Additive>0</Additive>
                    <IKPriority>0</IKPriority>
                    <IKRotLimits>-1e+010 -1e+010 -1e+010 1e+010 1e+010 1e+010</IKRotLimits>
                    <IKRotLimitOrder>0</IKRotLimitOrder>
                    <KeyFrames count="30">
                        <i>0.156901 -0.588426 0.793181 0.406887 0.770315 0.490976 -0.899903 0.2457 0.360287 0.300152 2.64304 1.67075</i>
                        <i>0.15665 -0.588461 0.793205 0.40671 0.7703 0.491147 -0.900027 0.245666 0.360001 0.300153 2.64318 1.67076</i>
                        <i>0.156047 -0.588547 0.793261 0.406282 0.770262 0.491561 -0.900325 0.245581 0.359313 0.300156 2.6435 1.67078</i>
                        <i>0.155138 -0.588674 0.793344 0.405641 0.770204 0.492181 -0.900771 0.245457 0.358278 0.300161 2.64399 1.67082</i>
                        <i>0.15397 -0.588835 0.793452 0.404822 0.770129 0.492971 -0.901339 0.245304 0.35695 0.300166 2.64461 1.67086</i>
                        <i>0.15259 -0.589022 0.79358 0.403863 0.770041 0.493895 -0.902004 0.245134 0.355385 0.300172 2.64533 1.67091</i>
                        <i>0.151047 -0.589226 0.793724 0.402801 0.769941 0.494916 -0.902738 0.244957 0.353638 0.300178 2.64614 1.67097</i>
                        <i>0.149388 -0.589439 0.79388 0.401673 0.769833 0.496 -0.903517 0.244783 0.351765 0.300184 2.64699 1.67103</i>
                        <i>0.147666 -0.589653 0.794043 0.400515 0.769721 0.497109 -0.904314 0.244619 0.349827 0.30019 2.64787 1.67109</i>
                        <i>0.145935 -0.589863 0.794207 0.399365 0.769607 0.498209 -0.905103 0.244472 0.347883 0.300195 2.64874 1.67115</i>
                        <i>0.144252 -0.59006 0.794368 0.398259 0.769497 0.499264 -0.905859 0.244345 0.345998 0.300199 2.64958 1.67121</i>
                        <i>0.142675 -0.590239 0.79452 0.397237 0.769392 0.500238 -0.906558 0.244241 0.344238 0.300201 2.65035 1.67126</i>
                        <i>0.141269 -0.590393 0.794656 0.396334 0.769299 0.501097 -0.907173 0.24416 0.342671 0.300201 2.65103 1.67131</i>
                        <i>0.140096 -0.590519 0.794771 0.395589 0.769222 0.501804 -0.90768 0.244102 0.341368 0.300199 2.6516 1.67134</i>
                        <i>0.139222 -0.59061 0.794857 0.395039 0.769164 0.502326 -0.908054 0.244064 0.340399 0.300195 2.65202 1.67137</i>
                        <i>0.138706 -0.590662 0.794908 0.394717 0.769129 0.502631 -0.908273 0.244046 0.339827 0.300188 2.65227 1.67139</i>
                        <i>0.138593 -0.590672 0.79492 0.394649 0.769122 0.502696 -0.90832 0.244044 0.339703 0.300179 2.65233 1.67139</i>
                        <i>0.138966 -0.590626 0.79489 0.394896 0.769148 0.502462 -0.908155 0.244074 0.340121 0.300171 2.65215 1.67137</i>
                        <i>0.139819 -0.590518 0.79482 0.395466 0.769208 0.501921 -0.907776 0.244146 0.34108 0.300163 2.65172 1.67133</i>
                        <i>0.141066 -0.590358 0.794719 0.396302 0.769296 0.501128 -0.907218 0.244257 0.342481 0.300156 2.6511 1.67127</i>
                        <i>0.142615 -0.590158 0.794591 0.397347 0.769403 0.500134 -0.906519 0.244402 0.344226 0.300149 2.65032 1.67121</i>
                        <i>0.14438 -0.589927 0.794444 0.398545 0.769525 0.498992 -0.905713 0.244577 0.346217 0.300144 2.64943 1.67113</i>
                        <i>0.146275 -0.589676 0.794284 0.399839 0.769654 0.497756 -0.904838 0.244777 0.348357 0.300139 2.64846 1.67105</i>
                        <i>0.148219 -0.589416 0.794116 0.401173 0.769784 0.496479 -0.903931 0.244991 0.350555 0.300136 2.64745 1.67097</i>
                        <i>0.150135 -0.589161 0.793945 0.402491 0.769911 0.495215 -0.903028 0.245207 0.352723 0.300134 2.64645 1.67089</i>
                        <i>0.151952 -0.588923 0.793776 0.403737 0.770028 0.494017 -0.902168 0.24541 0.354778 0.300133 2.64551 1.67083</i>
                        <i>0.153601 -0.588717 0.793612 0.404855 0.770132 0.49294 -0.901387 0.245581 0.356638 0.300135 2.64465 1.67078</i>
                        <i>0.155018 -0.588555 0.793456 0.40579 0.770217 0.492038 -0.900724 0.245701 0.358227 0.300138 2.64393 1.67074</i>
                        <i>0.156139 -0.588453 0.793312 0.406485 0.770279 0.491365 -0.900217 0.245748 0.359468 0.300144 2.64338 1.67073</i>
                        <i>0.156901 -0.588426 0.793181 0.406887 0.770315 0.490976 -0.899903 0.2457 0.360287 0.300152 2.64304 1.67075</i>
                    </KeyFrames>
                </p>
            </i>
            <i>
                <p>
                    <Name>
                        <![CDATA[l_elbow]]>
</Name>
                    <Exclude>0</Exclude>
                    <Additive>0</Additive>
                    <IKPriority>0</IKPriority>
                    <IKRotLimits>-1e+010 -1e+010 -1e+010 1e+010 1e+010 1e+010</IKRotLimits>
                    <IKRotLimitOrder>0</IKRotLimitOrder>
                    <KeyFrames count="30">
                        <i>-0.367045 -0.355613 0.859545 0.404657 0.770983 0.49177 -0.837574 0.528323 -0.139085 0.351188 2.45164 1.92875</i>
                        <i>-0.366798 -0.355991 0.859493 0.404479 0.770967 0.491941 -0.837768 0.52809 -0.138799 0.351108 2.45176 1.92877</i>
                        <i>-0.366204 -0.356904 0.859368 0.404051 0.770929 0.492353 -0.838235 0.52753 -0.13811 0.350915 2.45206 1.92881</i>
