<?xml version="1.0" encoding="ISO-8859-1" ?>
<Animl Version="1">
    <ModellingPackage>
        <![CDATA[Maya.2010]]>
</ModellingPackage>
    <SrcFile>
        <![CDATA[anims\vehicles\blue\~src\air\apache_takeoff_crewman_b.mb]]>
</SrcFile>
    <FramesPerSecond>30</FramesPerSecond>
    <TotalFrames>121</TotalFrames>
    <Skeleton>
        <RefFrame>
            <Name>
                <![CDATA[soldier_ref_frame]]>
</Name>
            <Exclude>0</Exclude>
            <Additive>0</Additive>
            <IKPriority>0</IKPriority>
            <IKRotLimits>-1e+010 -1e+010 -1e+010 1e+010 1e+010 1e+010</IKRotLimits>
            <IKRotLimitOrder>0</IKRotLimitOrder>
            <KeyFrames count="121">
                <i>1 0 0 0 1 0 0 0 1 -1.44964 0 2.14964</i>
                <i>1 0 0 0 1 0 0 0 1 -1.44964 0 2.14964</i>
                <i>1 0 0 0 1 0 0 0 1 -1.44964 0 2.14964</i>
                <i>1 0 0 0 1 0 0 0 1 -1.44964 0 2.14964</i>
                <i>1 0 0 0 1 0 0 0 1 -1.44964 0 2.14964</i>
                <i>1 0 0 0 1 0 0 0 1 -1.44964 0 2.14964</i>
                <i>1 0 0 0 1 0 0 0 1 -1.44964 0 2.14964</i>
                <i>1 0 0 0 1 0 0 0 1 -1.44964 0 2.14964</i>
                <i>1 0 0 0 1 0 0 0 1 -1.44964 0 2.14964</i>
                <i>1 0 0 0 1 0 0 0 1 -1.44964 0 2.14964</i>
                <i>1 0 0 0 1 0 0 0 1 -1.44964 0 2.14964</i>
                <i>1 0 0 0 1 0 0 0 1 -1.44964 0 2.14964</i>
                <i>1 0 0 0 1 0 0 0 1 -1.44964 0 2.14964</i>
                <i>1 0 0 0 1 0 0 0 1 -1.44964 0 2.14964</i>
                <i>1 0 0 0 1 0 0 0 1 -1.44964 0 2.14964</i>
                <i>1 0 0 0 1 0 0 0 1 -1.44964 0 2.14964</i>
                <i>1 0 0 0 1 0 0 0 1 -1.44964 0 2.14964</i>
                <i>1 0 0 0 1 0 0 0 1 -1.44964 0 2.14964</i>
                <i>1 0 0 0 1 0 0 0 1 -1.44964 0 2.14964</i>
                <i>1 0 0 0 1 0 0 0 1 -1.44964 0 2.14964</i>
                <i>1 0 0 0 1 0 0 0 1 -1.44964 0 2.14964</i>
                <i>1 0 0 0 1 0 0 0 1 -1.44964 0 2.14964</i>
                <i>1 0 0 0 1 0 0 0 1 -1.44964 0 2.14964</i>
                <i>1 0 0 0 1 0 0 0 1 -1.44964 0 2.14964</i>
                <i>1 0 0 0 1 0 0 0 1 -1.44964 0 2.14964</i>
                <i>1 0 0 0 1 0 0 0 1 -1.44964 0 2.14964</i>
                <i>1 0 0 0 1 0 0 0 1 -1.44964 0 2.14964</i>
                <i>1 0 0 0 1 0 0 0 1 -1.44964 0 2.14964</i>
                <i>1 0 0 0 1 0 0 0 1 -1.44964 0 2.14964</i>
                <i>1 0 0 0 1 0 0 0 1 -1.44964 0 2.14964</i>
                <i>1 0 0 0 1 0 0 0 1 -1.44964 0 2.14964</i>
                <i>1 0 0 0 1 0 0 0 1 -1.44964 0 2.14964</i>
                <i>1 0 0 0 1 0 0 0 1 -1.44964 0 2.14964</i>
                <i>1 0 0 0 1 0 0 0 1 -1.44964 0 2.14964</i>
                <i>1 0 0 0 1 0 0 0 1 -1.44964 0 2.14964</i>
                <i>1 0 0 0 1 0 0 0 1 -1.44964 0 2.14964</i>
                <i>1 0 0 0 1 0 0 0 1 -1.44964 0 2.14964</i>
                <i>1 0 0 0 1 0 0 0 1 -1.44964 0 2.14964</i>
                <i>1 0 0 0 1 0 0 0 1 -1.44964 0 2.14964</i>
                <i>1 0 0 0 1 0 0 0 1 -1.44964 0 2.14964</i>
                <i>1 0 0 0 1 0 0 0 1 -1.44964 0 2.14964</i>
                <i>1 0 0 0 1 0 0 0 1 -1.44964 0 2.14964</i>
                <i>1 0 0 0 1 0 0 0 1 -1.44964 0 2.14964</i>
                <i>1 0 0 0 1 0 0 0 1 -1.44964 0 2.14964</i>
                <i>1 0 0 0 1 0 0 0 1 -1.44964 0 2.14964</i>
                <i>1 0 0 0 1 0 0 0 1 -1.44964 0 2.14964</i>
                <i>1 0 0 0 1 0 0 0 1 -1.44964 0 2.14964</i>
                <i>1 0 0 0 1 0 0 0 1 -1.44964 0 2.14964</i>
                <i>1 0 0 0 1 0 0 0 1 -1.44964 0 2.14964</i>
                <i>1 0 0 0 1 0 0 0 1 -1.44964 0 2.14964</i>
                <i>1 0 0 0 1 0 0 0 1 -1.44964 0 2.14964</i>
                <i>1 0 0 0 1 0 0 0 1 -1.44964 0 2.14964</i>
                <i>1 0 0 0 1 0 0 0 1 -1.44964 0 2.14964</i>
                <i>1 0 0 0 1 0 0 0 1 -1.44964 0 2.14964</i>
                <i>1 0 0 0 1 0 0 0 1 -1.44964 0 2.14964</i>
                <i>1 0 0 0 1 0 0 0 1 -1.44964 0 2.14964</i>
                <i>1 0 0 0 1 0 0 0 1 -1.44964 0 2.14964</i>
                <i>1 0 0 0 1 0 0 0 1 -1.44964 0 2.14964</i>
                <i>1 0 0 0 1 0 0 0 1 -1.44964 0 2.14964</i>
                <i>1 0 0 0 1 0 0 0 1 -1.44964 0 2.14964</i>
                <i>1 0 0 0 1 0 0 0 1 -1.44964 0 2.14964</i>
                <i>1 0 0 0 1 0 0 0 1 -1.44964 0 2.14964</i>
                <i>1 0 0 0 1 0 0 0 1 -1.44964 0 2.14964</i>
                <i>1 0 0 0 1 0 0 0 1 -1.44964 0 2.14964</i>
                <i>1 0 0 0 1 0 0 0 1 -1.44964 0 2.14964</i>
                <i>1 0 0 0 1 0 0 0 1 -1.44964 0 2.14964</i>
                <i>1 0 0 0 1 0 0 0 1 -1.44964 0 2.14964</i>
                <i>1 0 0 0 1 0 0 0 1 -1.44964 0 2.14964</i>
                <i>1 0 0 0 1 0 0 0 1 -1.44964 0 2.14964</i>
                <i>1 0 0 0 1 0 0 0 1 -1.44964 0 2.14964</i>
                <i>1 0 0 0 1 0 0 0 1 -1.44964 0 2.14964</i>
                <i>1 0 0 0 1 0 0 0 1 -1.44964 0 2.14964</i>
                <i>1 0 0 0 1 0 0 0 1 -1.44964 0 2.14964</i>
                <i>1 0 0 0 1 0 0 0 1 -1.44964 0 2.14964</i>
                <i>1 0 0 0 1 0 0 0 1 -1.44964 0 2.14964</i>
                <i>1 0 0 0 1 0 0 0 1 -1.44964 0 2.14964</i>
                <i>1 0 0 0 1 0 0 0 1 -1.44964 0 2.14964</i>
                <i>1 0 0 0 1 0 0 0 1 -1.44964 0 2.14964</i>
                <i>1 0 0 0 1 0 0 0 1 -1.44964 0 2.14964</i>
                <i>1 0 0 0 1 0 0 0 1 -1.44964 0 2.14964</i>
                <i>1 0 0 0 1 0 0 0 1 -1.44964 0 2.14964</i>
                <i>1 0 0 0 1 0 0 0 1 -1.44964 0 2.14964</i>
                <i>1 0 0 0 1 0 0 0 1 -1.44964 0 2.14964</i>
                <i>1 0 0 0 1 0 0 0 1 -1.44964 0 2.14964</i>
                <i>1 0 0 0 1 0 0 0 1 -1.44964 0 2.14964</i>
                <i>1 0 0 0 1 0 0 0 1 -1.44964 0 2.14964</i>
                <i>1 0 0 0 1 0 0 0 1 -1.44964 0 2.14964</i>
                <i>1 0 0 0 1 0 0 0 1 -1.44964 0 2.14964</i>
                <i>1 0 0 0 1 0 0 0 1 -1.44964 0 2.14964</i>
                <i>1 0 0 0 1 0 0 0 1 -1.44964 0 2.14964</i>
                <i>1 0 0 0 1 0 0 0 1 -1.44964 0 2.14964</i>
                <i>1 0 0 0 1 0 0 0 1 -1.44964 0 2.14964</i>
                <i>1 0 0 0 1 0 0 0 1 -1.44964 0 2.14964</i>
                <i>1 0 0 0 1 0 0 0 1 -1.44964 0 2.14964</i>
                <i>1 0 0 0 1 0 0 0 1 -1.44964 0 2.14964</i>
                <i>1 0 0 0 1 0 0 0 1 -1.44964 0 2.14964</i>
                <i>1 0 0 0 1 0 0 0 1 -1.44964 0 2.14964</i>
                <i>1 0 0 0 1 0 0 0 1 -1.44964 0 2.14964</i>
                <i>1 0 0 0 1 0 0 0 1 -1.44964 0 2.14964</i>
                <i>1 0 0 0 1 0 0 0 1 -1.44964 0 2.14964</i>
                <i>1 0 0 0 1 0 0 0 1 -1.44964 0 2.14964</i>
                <i>1 0 0 0 1 0 0 0 1 -1.44964 0 2.14964</i>
                <i>1 0 0 0 1 0 0 0 1 -1.44964 0 2.14964</i>
                <i>1 0 0 0 1 0 0 0 1 -1.44964 0 2.14964</i>
                <i>1 0 0 0 1 0 0 0 1 -1.44964 0 2.14964</i>
                <i>1 0 0 0 1 0 0 0 1 -1.44964 0 2.14964</i>
                <i>1 0 0 0 1 0 0 0 1 -1.44964 0 2.14964</i>
                <i>1 0 0 0 1 0 0 0 1 -1.44964 0 2.14964</i>
                <i>1 0 0 0 1 0 0 0 1 -1.44964 0 2.14964</i>
                <i>1 0 0 0 1 0 0 0 1 -1.44964 0 2.14964</i>
                <i>1 0 0 0 1 0 0 0 1 -1.44964 0 2.14964</i>
                <i>1 0 0 0 1 0 0 0 1 -1.44964 0 2.14964</i>
                <i>1 0 0 0 1 0 0 0 1 -1.44964 0 2.14964</i>
                <i>1 0 0 0 1 0 0 0 1 -1.44964 0 2.14964</i>
                <i>1 0 0 0 1 0 0 0 1 -1.44964 0 2.14964</i>
                <i>1 0 0 0 1 0 0 0 1 -1.44964 0 2.14964</i>
                <i>1 0 0 0 1 0 0 0 1 -1.44964 0 2.14964</i>
                <i>1 0 0 0 1 0 0 0 1 -1.44964 0 2.14964</i>
                <i>1 0 0 0 1 0 0 0 1 -1.44964 0 2.14964</i>
                <i>1 0 0 0 1 0 0 0 1 -1.44964 0 2.14964</i>
                <i>1 0 0 0 1 0 0 0 1 -1.44964 0 2.14964</i>
            </KeyFrames>
        </RefFrame>
        <Bones count="23">
            <i>
                <p>
                    <Name>
                        <![CDATA[pelvis]]>
</Name>
                    <Exclude>0</Exclude>
                    <Additive>0</Additive>
                    <IKPriority>0</IKPriority>
                    <IKRotLimits>-1e+010 -1e+010 -1e+010 1e+010 1e+010 1e+010</IKRotLimits>
                    <IKRotLimitOrder>2</IKRotLimitOrder>
                    <KeyFrames count="121">
                        <i>1 0 0 0 1 0 0 0 1 -1.21795 1.13797 2.33265</i>
                        <i>1 0 0 0 1 0 0 0 1 -1.21795 1.15361 2.33265</i>
                        <i>1 0 0 0 1 0 0 0 1 -1.21795 1.16924 2.33265</i>
                        <i>1 0 0 0 1 0 0 0 1 -1.21795 1.17634 2.33265</i>
                        <i>1 0 0 0 1 0 0 0 1 -1.21795 1.16639 2.33265</i>
                        <i>1 0 0 0 1 0 0 0 1 -1.21795 1.14792 2.33265</i>
                        <i>1 0 0 0 1 0 0 0 1 -1.21795 1.13797 2.33265</i>
                        <i>1 0 0 0 1 0 0 0 1 -1.21795 1.13797 2.33265</i>
                        <i>1 0 0 0 1 0 0 0 1 -1.21795 1.13797 2.33265</i>
                        <i>1 0 0 0 1 0 0 0 1 -1.21795 1.13797 2.33265</i>
                        <i>1 0 0 0 1 0 0 0 1 -1.27411 1.11962 2.32497</i>
                        <i>1 0 0 0 1 0 0 0 1 -1.39971 1.08104 2.30554</i>
                        <i>1 0 0 0 1 0 0 0 1 -1.53049 1.04697 2.27979</i>
                        <i>1 0 0 0 1 0 0 0 1 -1.60215 1.04214 2.25316</i>
                        <i>1 0 0 0 1 0 0 0 1 -1.5819 1.0846 2.224</i>
                        <i>1 0 0 0 1 0 0 0 1 -1.50922 1.15735 2.19043</i>
                        <i>1 0 0 0 1 0 0 0 1 -1.42833 1.23252 2.15759</i>
                        <i>1 0 0 0 1 0 0 0 1 -1.38342 1.28223 2.13057</i>
                        <i>1 0 0 0 1 0 0 0 1 -1.43221 1.33633 2.04009</i>
                        <i>1 0 0 0 1 0 0 0 1 -1.57947 1.43392 1.90576</i>
                        <i>1 0 0 0 1 0 0 0 1 -1.73917 1.56086 1.86088</i>
                        <i>1 0 0 0 1 0 0 0 1 -1.78822 1.70551 1.93381</i>
                        <i>1 0 0 0 1 0 0 0 1 -1.70569 1.83409 2.03271</i>
                        <i>1 0 0 0 1 0 0 0 1 -1.61409 1.92776 2.05285</i>
                        <i>1 0 0 0 1 0 0 0 1 -1.58938 1.99936 2.01247</i>
                        <i>1 0 0 0 1 0 0 0 1 -1.56543 2.06069 1.94696</i>
                        <i>1 0 0 0 1 0 0 0 1 -1.47015 2.15781 1.87692</i>
                        <i>1 0 0 0 1 0 0 0 1 -1.31804 2.30588 1.82657</i>
                        <i>1 0 0 0 1 0 0 0 1 -1.12544 2.46997 1.79398</i>
                        <i>1 0 0 0 1 0 0 0 1 -0.912711 2.61499 1.77412</i>
                        <i>1 0 0 0 1 0 0 0 1 -0.695551 2.73727 1.76187</i>
                        <i>1 0 0 0 1 0 0 0 1 -0.486959 2.8074 1.76016</i>
                        <i>1 0 0 0 1 0 0 0 1 -0.286317 2.814 1.76459</i>
                        <i>1 0 0 0 1 0 0 0 1 -0.105087 2.78692 1.77219</i>
                        <i>1 0 0 0 1 0 0 0 1 0.0219512 2.71534 1.77327</i>
                        <i>1 0 0 0 1 0 0 0 1 0.0781552 2.58242 1.7493</i>
                        <i>1 0 0 0 1 0 0 0 1 0.0864026 2.40613 1.69825</i>
                        <i>1 0 0 0 1 0 0 0 1 0.0715343 2.22777 1.63396</i>
                        <i>1 0 0 0 1 0 0 0 1 0.0519847 2.08936 1.57852</i>
                        <i>1 0 0 0 1 0 0 0 1 0.0422141 2.03369 1.55538</i>
                        <i>1 0 0 0 1 0 0 0 1 0.0422141 2.03369 1.55538</i>
                        <i>1 0 0 0 1 0 0 0 1 0.0422141 2.03369 1.55538</i>
                        <i>1 0 0 0 1 0 0 0 1 0.0422141 2.03369 1.55538</i>
                        <i>1 0 0 0 1 0 0 0 1 0.0422141 2.03369 1.55538</i>
                        <i>1 0 0 0 1 0 0 0 1 0.0422141 2.03369 1.55538</i>
                        <i>1 0 0 0 1 0 0 0 1 0.0422141 2.03369 1.55538</i>
                        <i>1 0 0 0 1 0 0 0 1 0.0422141 2.03369 1.55538</i>
                        <i>1 0 0 0 1 0 0 0 1 0.0422141 2.03369 1.55538</i>
                        <i>1 0 0 0 1 0 0 0 1 0.0422141 2.03369 1.55538</i>
                        <i>1 0 0 0 1 0 0 0 1 0.0422141 2.03369 1.55538</i>
                        <i>1 0 0 0 1 0 0 0 1 0.0422141 2.03369 1.55538</i>
                        <i>1 0 0 0 1 0 0 0 1 0.0422141 2.03369 1.55538</i>
                        <i>1 0 0 0 1 0 0 0 1 0.0422141 2.03369 1.55538</i>
                        <i>1 0 0 0 1 0 0 0 1 0.0422141 2.03369 1.55538</i>
                        <i>1 0 0 0 1 0 0 0 1 0.0422141 2.03369 1.55538</i>
                        <i>1 0 0 0 1 0 0 0 1 0.0422141 2.03369 1.55538</i>
                        <i>1 0 0 0 1 0 0 0 1 0.0422141 2.03369 1.55538</i>
                        <i>1 0 0 0 1 0 0 0 1 0.0422141 2.03369 1.55538</i>
                        <i>1 0 0 0 1 0 0 0 1 0.0422141 2.03369 1.55538</i>
                        <i>1 0 0 0 1 0 0 0 1 0.0422141 2.03369 1.55538</i>
                        <i>1 0 0 0 1 0 0 0 1 0.0422141 2.03369 1.55538</i>
                        <i>1 0 0 0 1 0 0 0 1 0.0422141 2.03369 1.55538</i>
                        <i>1 0 0 0 1 0 0 0 1 0.0422141 2.03369 1.55538</i>
                        <i>1 0 0 0 1 0 0 0 1 0.0422141 2.03369 1.55538</i>
                        <i>1 0 0 0 1 0 0 0 1 0.0422141 2.03369 1.55538</i>
                        <i>1 0 0 0 1 0 0 0 1 0.0422141 2.03369 1.55538</i>
                        <i>1 0 0 0 1 0 0 0 1 0.0422141 2.03369 1.55538</i>
                        <i>1 0 0 0 1 0 0 0 1 0.0422141 2.03369 1.55538</i>
                        <i>1 0 0 0 1 0 0 0 1 0.0422141 2.03369 1.55538</i>
                        <i>1 0 0 0 1 0 0 0 1 0.0422141 2.03369 1.55538</i>
                        <i>1 0 0 0 1 0 0 0 1 0.0422141 2.03369 1.55538</i>
                        <i>1 0 0 0 1 0 0 0 1 0.0422141 2.03369 1.55538</i>
                        <i>1 0 0 0 1 0 0 0 1 0.0422141 2.03369 1.55538</i>
                        <i>1 0 0 0 1 0 0 0 1 0.0422141 2.03369 1.55538</i>
                        <i>1 0 0 0 1 0 0 0 1 0.0422141 2.03369 1.55538</i>
                        <i>1 0 0 0 1 0 0 0 1 0.0422141 2.03369 1.55538</i>
                        <i>1 0 0 0 1 0 0 0 1 0.0422141 2.03369 1.55538</i>
                        <i>1 0 0 0 1 0 0 0 1 0.0422141 2.03369 1.55538</i>
                        <i>1 0 0 0 1 0 0 0 1 0.0422141 2.03369 1.55538</i>
                        <i>1 0 0 0 1 0 0 0 1 0.0422141 2.03369 1.55538</i>
                        <i>1 0 0 0 1 0 0 0 1 0.0422141 2.03369 1.55538</i>
                        <i>1 0 0 0 1 0 0 0 1 0.0422141 2.03369 1.55538</i>
                        <i>1 0 0 0 1 0 0 0 1 0.0422141 2.03369 1.55538</i>
                        <i>1 0 0 0 1 0 0 0 1 0.0422141 2.03369 1.55538</i>
                        <i>1 0 0 0 1 0 0 0 1 0.0422141 2.03369 1.55538</i>
                        <i>1 0 0 0 1 0 0 0 1 0.0422141 2.03369 1.55538</i>
                        <i>1 0 0 0 1 0 0 0 1 0.0422141 2.03369 1.55538</i>
                        <i>1 0 0 0 1 0 0 0 1 0.0422141 2.03369 1.55538</i>
                        <i>1 0 0 0 1 0 0 0 1 0.0422141 2.03369 1.55538</i>
                        <i>1 0 0 0 1 0 0 0 1 0.0422141 2.03369 1.55538</i>
                        <i>1 0 0 0 1 0 0 0 1 0.0422141 2.03369 1.55538</i>
                        <i>1 0 0 0 1 0 0 0 1 0.0422141 2.03369 1.55538</i>
                        <i>1 0 0 0 1 0 0 0 1 0.0422141 2.03369 1.55538</i>
                        <i>1 0 0 0 1 0 0 0 1 0.0422141 2.03369 1.55538</i>
                        <i>1 0 0 0 1 0 0 0 1 0.0422141 2.03369 1.55538</i>
                        <i>1 0 0 0 1 0 0 0 1 0.0422141 2.03369 1.55538</i>
                        <i>1 0 0 0 1 0 0 0 1 0.0422141 2.03369 1.55538</i>
                        <i>1 0 0 0 1 0 0 0 1 0.0422141 2.03369 1.55538</i>
                        <i>1 0 0 0 1 0 0 0 1 0.0422141 2.03369 1.55538</i>
                        <i>1 0 0 0 1 0 0 0 1 0.0422141 2.03369 1.55538</i>
                        <i>1 0 0 0 1 0 0 0 1 0.0422141 2.03369 1.55538</i>
                        <i>1 0 0 0 1 0 0 0 1 0.0422141 2.03369 1.55538</i>
                        <i>1 0 0 0 1 0 0 0 1 0.0422141 2.03369 1.55538</i>
                        <i>1 0 0 0 1 0 0 0 1 0.0422141 2.03369 1.55538</i>
                        <i>1 0 0 0 1 0 0 0 1 0.0422141 2.03369 1.55538</i>
                        <i>1 0 0 0 1 0 0 0 1 0.0422141 2.03369 1.55538</i>
                        <i>1 0 0 0 1 0 0 0 1 0.0422141 2.03369 1.55538</i>
                        <i>1 0 0 0 1 0 0 0 1 0.0422141 2.03369 1.55538</i>
                        <i>1 0 0 0 1 0 0 0 1 0.0422141 2.03369 1.55538</i>
                        <i>1 0 0 0 1 0 0 0 1 0.0422141 2.03369 1.55538</i>
                        <i>1 0 0 0 1 0 0 0 1 0.0422141 2.03369 1.55538</i>
                        <i>1 0 0 0 1 0 0 0 1 0.0422141 2.03369 1.55538</i>
                        <i>1 0 0 0 1 0 0 0 1 0.0422141 2.03369 1.55538</i>
                        <i>1 0 0 0 1 0 0 0 1 0.0422141 2.03369 1.55538</i>
                        <i>1 0 0 0 1 0 0 0 1 0.0422141 2.03369 1.55538</i>
                        <i>1 0 0 0 1 0 0 0 1 0.0422141 2.03369 1.55538</i>
                        <i>1 0 0 0 1 0 0 0 1 0.0422141 2.03369 1.55538</i>
                        <i>1 0 0 0 1 0 0 0 1 0.0422141 2.03369 1.55538</i>
                        <i>1 0 0 0 1 0 0 0 1 0.0422141 2.03369 1.55538</i>
                        <i>1 0 0 0 1 0 0 0 1 0.0422141 2.03369 1.55538</i>
                        <i>1 0 0 0 1 0 0 0 1 0.0422141 2.03369 1.55538</i>
                    </KeyFrames>
                </p>
            </i>
            <i>
                <p>
                    <Name>
                        <![CDATA[spine0]]>
</Name>
                    <Exclude>0</Exclude>
                    <Additive>0</Additive>
                    <IKPriority>0</IKPriority>
                    <IKRotLimits>-1e+010 -1e+010 -1e+010 1e+010 1e+010 1e+010</IKRotLimits>
                    <IKRotLimitOrder>0</IKRotLimitOrder>
                    <KeyFrames count="121">
                        <i>-0.0202792 0.999595 0.0199621 -0.155052 0.0165803 -0.987767 -0.987698 -0.0231263 0.154653 -1.18421 1.27782 2.33244</i>
                        <i>-0.0122823 0.999723 0.0200636 -0.155188 0.0179162 -0.987722 -0.987809 -0.0152451 0.154925 -1.18421 1.29345 2.33244</i>
                        <i>-0.00428343 0.999787 0.0201827 -0.155326 0.0192727 -0.987675 -0.987854 -0.00736553 0.15521 -1.18421 1.30908 2.33244</i>
                        <i>-0.00385702 0.999789 0.0201804 -0.155332 0.0193366 -0.987673 -0.987855 -0.00694414 0.155225 -1.18421 1.31619 2.33244</i>
                        <i>-0.0198534 0.999604 0.0199282 -0.155055 0.0166126 -0.987766 -0.987706 -0.0227004 0.154664 -1.18421 1.30624 2.33244</i>
                        <i>-0.043135 0.998875 0.0196854 -0.154664 0.0127898 -0.987884 -0.987025 -0.045657 0.153939 -1.18421 1.28777 2.33244</i>
                        <i>-0.0548132 0.998304 0.0196107 -0.154473 0.0109255 -0.987937 -0.986475 -0.0571813 0.153612 -1.18421 1.27782 2.33244</i>
                        <i>-0.0548132 0.998304 0.0196107 -0.154473 0.0109255 -0.987937 -0.986475 -0.0571813 0.153612 -1.18421 1.27782 2.33244</i>
                        <i>-0.0548132 0.998304 0.0196107 -0.154473 0.0109255 -0.987937 -0.986475 -0.0571813 0.153612 -1.18421 1.27782 2.33244</i>
                        <i>-0.0548132 0.998304 0.0196107 -0.154473 0.0109255 -0.987937 -0.986475 -0.0571813 0.153612 -1.18421 1.27782 2.33244</i>
                        <i>0.0408919 0.996752 0.0693821 -0.361001 0.0794881 -0.929171 -0.931668 0.0129486 0.363079 -1.22856 1.25608 2.32566</i>
                        <i>0.148525 0.986621 0.0672214 -0.775958 0.158412 -0.610569 -0.613049 0.0385234 0.789105 -1.34599 1.21377 2.29161</i>
                        <i>0.00811921 0.999537 0.0293345 -0.998253 0.00981884 -0.0582681 -0.0585292 -0.0288102 0.99787 -1.50949 1.18544 2.2469</i>
                        <i>-0.228011 0.967777 0.10686 -0.89606 -0.251507 0.365815 0.380903 -0.0123429 0.924532 -1.63102 1.18007 2.22422</i>
                        <i>-0.308878 0.927071 0.212448 -0.623924 -0.366096 0.69043 0.717853 0.0807073 0.691501 -1.64555 1.21313 2.21273</i>
                        <i>-0.196016 0.958122 0.20876 -0.220872 -0.250558 0.942569 0.955402 0.13865 0.260736 -1.58011 1.2822 2.19955</i>
                        <i>-0.0216345 0.999658 0.0146963 0.103773 -0.0123749 0.994524 0.994366 0.0230411 -0.10347 -1.4847 1.36457 2.16671</i>
                        <i>0.0811988 0.988043 -0.131065 0.146669 0.118223 0.982096 0.985847 -0.0989681 -0.135315 -1.43121 1.41791 2.12899</i>
                        <i>0.129966 0.983038 -0.129403 0.0129475 0.128817 0.991584 0.991434 -0.130548 0.00401388 -1.48551 1.46975 2.03275</i>
                        <i>0.155778 0.983307 -0.0940241 -0.0826578 0.107829 0.990727 0.984328 -0.146562 0.0980754 -1.64547 1.56133 1.89543</i>
                        <i>0.172842 0.984301 -0.0357466 -0.139596 0.0604072 0.988364 0.975007 -0.165841 0.147846 -1.81938 1.67986 1.85082</i>
                        <i>0.192268 0.981236 0.0144813 -0.16338 0.0174557 0.986409 0.967647 -0.19202 0.16367 -1.87896 1.81684 1.92567</i>
                        <i>0.183229 0.982633 0.029305 -0.1546 -0.000636582 0.987977 0.970838 -0.185557 0.151798 -1.80236 1.94037 2.02525</i>
                        <i>0.129187 0.991544 0.0123136 -0.10888 0.00184111 0.994053 0.985625 -0.12976 0.108197 -1.71479 2.03016 2.04448</i>
                        <i>0.0526254 0.998547 -0.0116207 -0.0381269 0.0136374 0.99918 0.997886 -0.0521392 0.0387891 -1.69381 2.098 2.00455</i>
                        <i>0.0119666 0.999816 -0.0149757 0.0365989 0.0145288 0.999224 0.999258 -0.0125054 -0.0364183 -1.67142 2.1579 1.94357</i>
                        <i>0.0912149 0.995816 -0.00556257 0.0735592 -0.00116708 0.99729 0.993111 -0.0913769 -0.0733578 -1.56768 2.26356 1.87712</i>
                        <i>0.269842 0.962827 0.0122396 0.0481939 -0.0261999 0.998494 0.961698 -0.268846 -0.0534722 -1.39488 2.4275 1.82539</i>
                        <i>0.454202 0.888743 0.0619324 -0.031756 -0.0533218 0.998072 0.890333 -0.455293 0.00400402 -1.1767 2.60435 1.79072</i>
                        <i>0.5592 0.81563 0.148468 -0.152585 -0.0747687 0.985458 0.81487 -0.573722 0.0826424 -0.945419 2.75503 1.77023</i>
                        <i>0.577394 0.776157 0.253371 -0.298835 -0.0878947 0.950248 0.759812 -0.624384 0.181193 -0.719937 2.87897 1.75716</i>
                        <i>0.546822 0.754992 0.361903 -0.456498 -0.0934953 0.884799 0.701852 -0.649035 0.293527 -0.507026 2.94971 1.75376</i>
                        <i>0.47487 0.753064 0.455405 -0.609667 -0.0916861 0.787337 0.63467 -0.651528 0.415579 -0.304689 2.95632 1.75448</i>
                        <i>0.37478 0.768594 0.518463 -0.74424 -0.0840602 0.662601 0.552853 -0.63419 0.540514 -0.122652 2.92877 1.75588</i>
                        <i>0.263774 0.797363 0.542803 -0.850451 -0.0732825 0.520924 0.455144 -0.599034 0.658789 0.00585288 2.85618 1.74876</i>
                        <i>0.150079 0.849545 0.505717 -0.924282 -0.0610205 0.376802 0.35097 -0.523975 0.776061 0.064142 2.72104 1.71344</i>
                        <i>0.0541578 0.915073 0.399635 -0.968288 -0.0496287 0.244859 0.243897 -0.400223 0.883366 0.0757759 2.54056 1.64813</i>
                        <i>-0.00400218 0.964987 0.262267 -0.989575 -0.041579 0.137885 0.143962 -0.258981 0.955094 0.0657998 2.35664 1.57027</i>
                        <i>-0.0271919 0.989162 0.144289 -0.997058 -0.0371855 0.0670223 0.0716614 -0.142042 0.987263 0.0508872 2.21306 1.50507</i>
                        <i>-0.0317085 0.99495 0.0952298 -0.998495 -0.0357979 0.041545 0.0447443 -0.0937691 0.994588 0.0431012 2.15511 1.47823</i>
                        <i>-0.0317085 0.99495 0.0952298 -0.998495 -0.0357979 0.041545 0.0447443 -0.0937691 0.994588 0.0431012 2.15511 1.47823</i>
                        <i>-0.0317085 0.99495 0.0952298 -0.998495 -0.0357979 0.041545 0.0447443 -0.0937691 0.994588 0.0431012 2.15511 1.47823</i>
                        <i>-0.0317085 0.99495 0.0952298 -0.998495 -0.0357979 0.041545 0.0447443 -0.0937691 0.994588 0.0431012 2.15511 1.47823</i>
                        <i>-0.0317085 0.99495 0.0952298 -0.998495 -0.0357979 0.041545 0.0447443 -0.0937691 0.994588 0.0431012 2.15511 1.47823</i>
                        <i>-0.0317085 0.99495 0.0952298 -0.998495 -0.0357979 0.041545 0.0447443 -0.0937691 0.994588 0.0431012 2.15511 1.47823</i>
                        <i>-0.0317085 0.99495 0.0952298 -0.998495 -0.0357979 0.041545 0.0447443 -0.0937691 0.994588 0.0431012 2.15511 1.47823</i>
                        <i>-0.0317085 0.99495 0.0952298 -0.998495 -0.0357979 0.041545 0.0447443 -0.0937691 0.994588 0.0431012 2.15511 1.47823</i>
                        <i>-0.0317085 0.99495 0.0952298 -0.998495 -0.0357979 0.041545 0.0447443 -0.0937691 0.994588 0.0431012 2.15511 1.47823</i>
                        <i>-0.0317085 0.99495 0.0952298 -0.998495 -0.0357979 0.041545 0.0447443 -0.0937691 0.994588 0.0431012 2.15511 1.47823</i>
                        <i>-0.0317085 0.99495 0.0952298 -0.998495 -0.0357979 0.041545 0.0447443 -0.0937691 0.994588 0.0431012 2.15511 1.47823</i>
                        <i>-0.0317085 0.99495 0.0952298 -0.998495 -0.0357979 0.041545 0.0447443 -0.0937691 0.994588 0.0431012 2.15511 1.47823</i>
                        <i>-0.0317085 0.99495 0.0952298 -0.998495 -0.0357979 0.041545 0.0447443 -0.0937691 0.994588 0.0431012 2.15511 1.47823</i>
                        <i>-0.0317085 0.99495 0.0952298 -0.998495 -0.0357979 0.041545 0.0447443 -0.0937691 0.994588 0.0431012 2.15511 1.47823</i>
                        <i>-0.0317085 0.99495 0.0952298 -0.998495 -0.0357979 0.041545 0.0447443 -0.0937691 0.994588 0.0431012 2.15511 1.47823</i>
                        <i>-0.0317085 0.99495 0.0952298 -0.998495 -0.0357979 0.041545 0.0447443 -0.0937691 0.994588 0.0431012 2.15511 1.47823</i>
                        <i>-0.0317085 0.99495 0.0952298 -0.998495 -0.0357979 0.041545 0.0447443 -0.0937691 0.994588 0.0431012 2.15511 1.47823</i>
                        <i>-0.0317085 0.99495 0.0952298 -0.998495 -0.0357979 0.041545 0.0447443 -0.0937691 0.994588 0.0431012 2.15511 1.47823</i>
                        <i>-0.0317085 0.99495 0.0952298 -0.998495 -0.0357979 0.041545 0.0447443 -0.0937691 0.994588 0.0431012 2.15511 1.47823</i>
                        <i>-0.0317085 0.99495 0.0952298 -0.998495 -0.0357979 0.041545 0.0447443 -0.0937691 0.994588 0.0431012 2.15511 1.47823</i>
                        <i>-0.0317085 0.99495 0.0952298 -0.998495 -0.0357979 0.041545 0.0447443 -0.0937691 0.994588 0.0431012 2.15511 1.47823</i>
                        <i>-0.0317085 0.99495 0.0952298 -0.998495 -0.0357979 0.041545 0.0447443 -0.0937691 0.994588 0.0431012 2.15511 1.47823</i>
                        <i>-0.0317085 0.99495 0.0952298 -0.998495 -0.0357979 0.041545 0.0447443 -0.0937691 0.994588 0.0431012 2.15511 1.47823</i>
                        <i>-0.0317085 0.99495 0.0952298 -0.998495 -0.0357979 0.041545 0.0447443 -0.0937691 0.994588 0.0431012 2.15511 1.47823</i>
                        <i>-0.0317085 0.99495 0.0952298 -0.998495 -0.0357979 0.041545 0.0447443 -0.0937691 0.994588 0.0431012 2.15511 1.47823</i>
                        <i>-0.0317085 0.99495 0.0952298 -0.998495 -0.0357979 0.041545 0.0447443 -0.0937691 0.994588 0.0431012 2.15511 1.47823</i>
                        <i>-0.0317085 0.99495 0.0952298 -0.998495 -0.0357979 0.041545 0.0447443 -0.0937691 0.994588 0.0431012 2.15511 1.47823</i>
                        <i>-0.0317085 0.99495 0.0952298 -0.998495 -0.0357979 0.041545 0.0447443 -0.0937691 0.994588 0.0431012 2.15511 1.47823</i>
                        <i>-0.0317085 0.99495 0.0952298 -0.998495 -0.0357979 0.041545 0.0447443 -0.0937691 0.994588 0.0431012 2.15511 1.47823</i>
                        <i>-0.0317085 0.99495 0.0952298 -0.998495 -0.0357979 0.041545 0.0447443 -0.0937691 0.994588 0.0431012 2.15511 1.47823</i>
                        <i>-0.0317085 0.99495 0.0952298 -0.998495 -0.0357979 0.041545 0.0447443 -0.0937691 0.994588 0.0431012 2.15511 1.47823</i>
                        <i>-0.0317085 0.99495 0.0952298 -0.998495 -0.0357979 0.041545 0.0447443 -0.0937691 0.994588 0.0431012 2.15511 1.47823</i>
                        <i>-0.0317085 0.99495 0.0952298 -0.998495 -0.0357979 0.041545 0.0447443 -0.0937691 0.994588 0.0431012 2.15511 1.47823</i>
                        <i>-0.0317085 0.99495 0.0952298 -0.998495 -0.0357979 0.041545 0.0447443 -0.0937691 0.994588 0.0431012 2.15511 1.47823</i>
                        <i>-0.0317085 0.99495 0.0952298 -0.998495 -0.0357979 0.041545 0.0447443 -0.0937691 0.994588 0.0431012 2.15511 1.47823</i>
                        <i>-0.0317085 0.99495 0.0952298 -0.998495 -0.0357979 0.041545 0.0447443 -0.0937691 0.994588 0.0431012 2.15511 1.47823</i>
                        <i>-0.0317085 0.99495 0.0952298 -0.998495 -0.0357979 0.041545 0.0447443 -0.0937691 0.994588 0.0431012 2.15511 1.47823</i>
                        <i>-0.0317085 0.99495 0.0952298 -0.998495 -0.0357979 0.041545 0.0447443 -0.0937691 0.994588 0.0431012 2.15511 1.47823</i>
                        <i>-0.0317085 0.99495 0.0952298 -0.998495 -0.0357979 0.041545 0.0447443 -0.0937691 0.994588 0.0431012 2.15511 1.47823</i>
                        <i>-0.0317085 0.99495 0.0952298 -0.998495 -0.0357979 0.041545 0.0447443 -0.0937691 0.994588 0.0431012 2.15511 1.47823</i>
                        <i>-0.0317085 0.99495 0.0952298 -0.998495 -0.0357979 0.041545 0.0447443 -0.0937691 0.994588 0.0431012 2.15511 1.47823</i>
                        <i>-0.0317085 0.99495 0.0952298 -0.998495 -0.0357979 0.041545 0.0447443 -0.0937691 0.994588 0.0431012 2.15511 1.47823</i>
                        <i>-0.0317085 0.99495 0.0952298 -0.998495 -0.0357979 0.041545 0.0447443 -0.0937691 0.994588 0.0431012 2.15511 1.47823</i>
                        <i>-0.0317085 0.99495 0.0952298 -0.998495 -0.0357979 0.041545 0.0447443 -0.0937691 0.994588 0.0431012 2.15511 1.47823</i>
                        <i>-0.0317085 0.99495 0.0952298 -0.998495 -0.0357979 0.041545 0.0447443 -0.0937691 0.994588 0.0431012 2.15511 1.47823</i>
                        <i>-0.0317085 0.99495 0.0952298 -0.998495 -0.0357979 0.041545 0.0447443 -0.0937691 0.994588 0.0431012 2.15511 1.47823</i>
                        <i>-0.0317085 0.99495 0.0952298 -0.998495 -0.0357979 0.041545 0.0447443 -0.0937691 0.994588 0.0431012 2.15511 1.47823</i>
                        <i>-0.0317085 0.99495 0.0952298 -0.998495 -0.0357979 0.041545 0.0447443 -0.0937691 0.994588 0.0431012 2.15511 1.47823</i>
                        <i>-0.0317085 0.99495 0.0952298 -0.998495 -0.0357979 0.041545 0.0447443 -0.0937691 0.994588 0.0431012 2.15511 1.47823</i>
                        <i>-0.0317085 0.99495 0.0952298 -0.998495 -0.0357979 0.041545 0.0447443 -0.0937691 0.994588 0.0431012 2.15511 1.47823</i>
                        <i>-0.0317085 0.99495 0.0952298 -0.998495 -0.0357979 0.041545 0.0447443 -0.0937691 0.994588 0.0431012 2.15511 1.47823</i>
                        <i>-0.0317085 0.99495 0.0952298 -0.998495 -0.0357979 0.041545 0.0447443 -0.0937691 0.994588 0.0431012 2.15511 1.47823</i>
                        <i>-0.0317085 0.99495 0.0952298 -0.998495 -0.0357979 0.041545 0.0447443 -0.0937691 0.994588 0.0431012 2.15511 1.47823</i>
                        <i>-0.0317085 0.99495 0.0952298 -0.998495 -0.0357979 0.041545 0.0447443 -0.0937691 0.994588 0.0431012 2.15511 1.47823</i>
                        <i>-0.0317085 0.99495 0.0952298 -0.998495 -0.0357979 0.041545 0.0447443 -0.0937691 0.994588 0.0431012 2.15511 1.47823</i>
                        <i>-0.0317085 0.99495 0.0952298 -0.998495 -0.0357979 0.041545 0.0447443 -0.0937691 0.994588 0.0431012 2.15511 1.47823</i>
                        <i>-0.0317085 0.99495 0.0952298 -0.998495 -0.0357979 0.041545 0.0447443 -0.0937691 0.994588 0.0431012 2.15511 1.47823</i>
                        <i>-0.0317085 0.99495 0.0952298 -0.998495 -0.0357979 0.041545 0.0447443 -0.0937691 0.994588 0.0431012 2.15511 1.47823</i>
                        <i>-0.0317085 0.99495 0.0952298 -0.998495 -0.0357979 0.041545 0.0447443 -0.0937691 0.994588 0.0431012 2.15511 1.47823</i>
                        <i>-0.0317085 0.99495 0.0952298 -0.998495 -0.0357979 0.041545 0.0447443 -0.0937691 0.994588 0.0431012 2.15511 1.47823</i>
                        <i>-0.0317085 0.99495 0.0952298 -0.998495 -0.0357979 0.041545 0.0447443 -0.0937691 0.994588 0.0431012 2.15511 1.47823</i>
                        <i>-0.0317085 0.99495 0.0952298 -0.998495 -0.0357979 0.041545 0.0447443 -0.0937691 0.994588 0.0431012 2.15511 1.47823</i>
                        <i>-0.0317085 0.99495 0.0952298 -0.998495 -0.0357979 0.041545 0.0447443 -0.0937691 0.994588 0.0431012 2.15511 1.47823</i>
                        <i>-0.0317085 0.99495 0.0952298 -0.998495 -0.0357979 0.041545 0.0447443 -0.0937691 0.994588 0.0431012 2.15511 1.47823</i>
                        <i>-0.0317085 0.99495 0.0952298 -0.998495 -0.0357979 0.041545 0.0447443 -0.0937691 0.994588 0.0431012 2.15511 1.47823</i>
                        <i>-0.0317085 0.99495 0.0952298 -0.998495 -0.0357979 0.041545 0.0447443 -0.0937691 0.994588 0.0431012 2.15511 1.47823</i>
                        <i>-0.0317085 0.99495 0.0952298 -0.998495 -0.0357979 0.041545 0.0447443 -0.0937691 0.994588 0.0431012 2.15511 1.47823</i>
                        <i>-0.0317085 0.99495 0.0952298 -0.998495 -0.0357979 0.041545 0.0447443 -0.0937691 0.994588 0.0431012 2.15511 1.47823</i>
                        <i>-0.0317085 0.99495 0.0952298 -0.998495 -0.0357979 0.041545 0.0447443 -0.0937691 0.994588 0.0431012 2.15511 1.47823</i>
                        <i>-0.0317085 0.99495 0.0952298 -0.998495 -0.0357979 0.041545 0.0447443 -0.0937691 0.994588 0.0431012 2.15511 1.47823</i>
                        <i>-0.0317085 0.99495 0.0952298 -0.998495 -0.0357979 0.041545 0.0447443 -0.0937691 0.994588 0.0431012 2.15511 1.47823</i>
                        <i>-0.0317085 0.99495 0.0952298 -0.998495 -0.0357979 0.041545 0.0447443 -0.0937691 0.994588 0.0431012 2.15511 1.47823</i>
                        <i>-0.0317085 0.99495 0.0952298 -0.998495 -0.0357979 0.041545 0.0447443 -0.0937691 0.994588 0.0431012 2.15511 1.47823</i>
                        <i>-0.0317085 0.99495 0.0952298 -0.998495 -0.0357979 0.041545 0.0447443 -0.0937691 0.994588 0.0431012 2.15511 1.47823</i>
                        <i>-0.0317085 0.99495 0.0952298 -0.998495 -0.0357979 0.041545 0.0447443 -0.0937691 0.994588 0.0431012 2.15511 1.47823</i>
                        <i>-0.0317085 0.99495 0.0952298 -0.998495 -0.0357979 0.041545 0.0447443 -0.0937691 0.994588 0.0431012 2.15511 1.47823</i>
                        <i>-0.0317085 0.99495 0.0952298 -0.998495 -0.0357979 0.041545 0.0447443 -0.0937691 0.994588 0.0431012 2.15511 1.47823</i>
                        <i>-0.0317085 0.99495 0.0952298 -0.998495 -0.0357979 0.041545 0.0447443 -0.0937691 0.994588 0.0431012 2.15511 1.47823</i>
                        <i>-0.0317085 0.99495 0.0952298 -0.998495 -0.0357979 0.041545 0.0447443 -0.0937691 0.994588 0.0431012 2.15511 1.47823</i>
                        <i>-0.0317085 0.99495 0.0952298 -0.998495 -0.0357979 0.041545 0.0447443 -0.0937691 0.994588 0.0431012 2.15511 1.47823</i>
                        <i>-0.0317085 0.99495 0.0952298 -0.998495 -0.0357979 0.041545 0.0447443 -0.0937691 0.994588 0.0431012 2.15511 1.47823</i>
                        <i>-0.0317085 0.99495 0.0952298 -0.998495 -0.0357979 0.041545 0.0447443 -0.0937691 0.994588 0.0431012 2.15511 1.47823</i>
                    </KeyFrames>
                </p>
            </i>
            <i>
                <p>
                    <Name>
                        <![CDATA[spine1]]>
</Name>
                    <Exclude>0</Exclude>
                    <Additive>0</Additive>
                    <IKPriority>0</IKPriority>
                    <IKRotLimits>-1e+010 -1e+010 -1e+010 1e+010 1e+010 1e+010</IKRotLimits>
                    <IKRotLimitOrder>0</IKRotLimitOrder>
                    <KeyFrames count="121">
                        <i>-0.165473 0.986214 -0.000708086 -0.0942007 -0.0165202 -0.995416 -0.981705 -0.164648 0.0956357 -1.18773 1.45198 2.33592</i>
                        <i>-0.166921 0.98597 -0.00076128 -0.0938823 -0.0166626 -0.995444 -0.98149 -0.166089 0.0953465 -1.18632 1.46428 2.33587</i>
                        <i>-0.168482 0.985704 -0.000809111 -0.0935819 -0.0168126 -0.99547 -0.981252 -0.167643 0.0950767 -1.18496 1.47661 2.33583</i>
                        <i>-0.168419 0.985715 -0.000813352 -0.0935699 -0.0168087 -0.995471 -0.981264 -0.16758 0.0950642 -1.18488 1.48362 2.33583</i>
                        <i>-0.164948 0.986302 -0.000717896 -0.0941971 -0.0164779 -0.995417 -0.981794 -0.164124 0.0956248 -1.18766 1.48059 2.33592</i>
                        <i>-0.160706 0.987002 -0.000544555 -0.0952454 -0.0160572 -0.995324 -0.982396 -0.159903 0.0965879 -1.19211 1.47243 2.33607</i>
                        <i>-0.158803 0.98731 -0.000446597 -0.0958433 -0.015866 -0.99527 -0.982647 -0.158009 0.0971466 -1.19453 1.46784 2.33616</i>
                        <i>-0.158803 0.98731 -0.000446597 -0.0958433 -0.015866 -0.99527 -0.982647 -0.158009 0.0971466 -1.19453 1.46784 2.33616</i>
                        <i>-0.158803 0.98731 -0.000446597 -0.0958433 -0.015866 -0.99527 -0.982647 -0.158009 0.0971466 -1.19453 1.46784 2.33616</i>
                        <i>-0.158803 0.98731 -0.000446597 -0.0958433 -0.015866 -0.99527 -0.982647 -0.158009 0.0971466 -1.19453 1.46784 2.33616</i>
                        <i>-0.0704916 0.996233 0.0505149 -0.303756 0.0267977 -0.952373 -0.950138 -0.0824786 0.300723 -1.22064 1.44638 2.33887</i>
                        <i>0.0112207 0.997092 0.0753738 -0.739268 0.0590289 -0.670819 -0.673318 -0.0481943 0.737781 -1.31724 1.40425 2.30449</i>
                        <i>-0.139995 0.984151 0.108852 -0.981561 -0.123489 -0.145905 -0.13015 -0.127271 0.983292 -1.50788 1.38156 2.25251</i>
                        <i>-0.32656 0.911595 0.249706 -0.882423 -0.388706 0.265022 0.338655 -0.133801 0.931349 -1.67616 1.37139 2.24519</i>
                        <i>-0.297938 0.877668 0.375408 -0.635887 -0.475787 0.60768 0.711955 -0.0576659 0.699853 -1.70625 1.39498 2.25431</i>
                        <i>-0.064267 0.95071 0.30335 -0.263317 -0.309361 0.913761 0.962566 -0.0211525 0.27022 -1.61848 1.46904 2.24023</i>
                        <i>0.162511 0.986669 -0.00866037 0.0635787 -0.00171222 0.997975 0.984656 -0.162732 -0.0630094 -1.48911 1.56133 2.16962</i>
                        <i>0.286681 0.937149 -0.198912 0.118166 0.171452 0.97808 0.950711 -0.303902 -0.0615875 -1.41509 1.61623 2.10271</i>
                        <i>0.393888 0.902904 -0.172097 -0.0073164 0.190308 0.981697 0.919129 -0.385419 0.0815658 -1.45902 1.67174 2.00617</i>
                        <i>0.498637 0.861236 -0.0981489 -0.0914627 0.164874 0.982065 0.861972 -0.480717 0.160983 -1.61284 1.76889 1.87557</i>
                        <i>0.585422 0.810678 -0.00911738 -0.134033 0.107869 0.985089 0.799573 -0.57547 0.171806 -1.78234 1.89234 1.84306</i>
                        <i>0.653267 0.755399 0.0511359 -0.139525 0.0537279 0.98876 0.744161 -0.653059 0.140496 -1.83735 2.03063 1.92878</i>
                        <i>0.683249 0.727149 0.0665303 -0.118976 0.020968 0.992676 0.720428 -0.68616 0.100839 -1.76316 2.15207 2.03152</i>
                        <i>0.670949 0.739906 0.0486337 -0.0781715 0.0053587 0.996926 0.737371 -0.672688 0.0614351 -1.68781 2.23907 2.04705</i>
                        <i>0.629187 0.777139 0.0133646 -0.0201151 -0.000908092 0.999797 0.776994 -0.629328 0.0150609 -1.68315 2.3042 2.00214</i>
                        <i>0.60228 0.798074 -0.0183522 0.0451589 -0.0111092 0.998918 0.797006 -0.602458 -0.042731 -1.66918 2.36179 1.94053</i>
                        <i>0.664829 0.746498 -0.0272618 0.0752105 -0.0305833 0.996699 0.7432 -0.664684 -0.0764771 -1.54943 2.46491 1.87601</i>
