<?xml version="1.0" encoding="ISO-8859-1" ?>
<Animl Version="1">
    <ModellingPackage><![CDATA[Maya.2010]]></ModellingPackage>
    <SrcFile><![CDATA[anims\vehicles\blue\~src\air\helicopter_apache\apache_exit_crewman_a.mb]]></SrcFile>
    <FramesPerSecond>30</FramesPerSecond>
    <TotalFrames>61</TotalFrames>
    <Skeleton>
        <RefFrame>
            <Name><![CDATA[soldier_ref_frame]]></Name>
            <Exclude>0</Exclude>
            <Additive>0</Additive>
            <IKPriority>0</IKPriority>
            <IKRotLimits>-1e+010 -1e+010 -1e+010 1e+010 1e+010 1e+010</IKRotLimits>
            <IKRotLimitOrder>0</IKRotLimitOrder>
            <KeyFrames count="61">
                <i>1 0 0 0 1 0 0 0 1 0.85 0.96 3.45</i>
                <i>1 0 0 0 1 0 0 0 1 0.85 0.96 3.45</i>
                <i>1 0 0 0 1 0 0 0 1 0.85 0.96 3.45</i>
                <i>1 0 0 0 1 0 0 0 1 0.85 0.96 3.45</i>
                <i>1 0 0 0 1 0 0 0 1 0.85 0.96 3.45</i>
                <i>1 0 0 0 1 0 0 0 1 0.85 0.96 3.45</i>
                <i>1 0 0 0 1 0 0 0 1 0.85 0.96 3.45</i>
                <i>1 0 0 0 1 0 0 0 1 0.85 0.96 3.45</i>
                <i>1 0 0 0 1 0 0 0 1 0.85 0.96 3.45</i>
                <i>1 0 0 0 1 0 0 0 1 0.85 0.96 3.45</i>
                <i>1 0 0 0 1 0 0 0 1 0.85 0.96 3.45</i>
                <i>1 0 0 0 1 0 0 0 1 0.85 0.96 3.45</i>
                <i>1 0 0 0 1 0 0 0 1 0.85 0.96 3.45</i>
                <i>1 0 0 0 1 0 0 0 1 0.85 0.96 3.45</i>
                <i>1 0 0 0 1 0 0 0 1 0.85 0.96 3.45</i>
                <i>1 0 0 0 1 0 0 0 1 0.85 0.96 3.45</i>
                <i>1 0 0 0 1 0 0 0 1 0.85 0.96 3.45</i>
                <i>1 0 0 0 1 0 0 0 1 0.85 0.96 3.45</i>
                <i>1 0 0 0 1 0 0 0 1 0.85 0.96 3.45</i>
                <i>1 0 0 0 1 0 0 0 1 0.85 0.96 3.45</i>
                <i>1 0 0 0 1 0 0 0 1 0.85 0.96 3.45</i>
                <i>1 0 0 0 1 0 0 0 1 0.85 0.96 3.45</i>
                <i>1 0 0 0 1 0 0 0 1 0.85 0.96 3.45</i>
                <i>1 0 0 0 1 0 0 0 1 0.85 0.96 3.45</i>
                <i>1 0 0 0 1 0 0 0 1 0.85 0.96 3.45</i>
                <i>1 0 0 0 1 0 0 0 1 0.85 0.96 3.45</i>
                <i>1 0 0 0 1 0 0 0 1 0.85 0.96 3.45</i>
                <i>1 0 0 0 1 0 0 0 1 0.85 0.96 3.45</i>
                <i>1 0 0 0 1 0 0 0 1 0.85 0.96 3.45</i>
                <i>1 0 0 0 1 0 0 0 1 0.85 0.96 3.45</i>
                <i>1 0 0 0 1 0 0 0 1 0.85 0.96 3.45</i>
                <i>1 0 0 0 1 0 0 0 1 0.85 0.96 3.45</i>
                <i>1 0 0 0 1 0 0 0 1 0.85 0.96 3.45</i>
                <i>1 0 0 0 1 0 0 0 1 0.85 0.96 3.45</i>
                <i>1 0 0 0 1 0 0 0 1 0.85 0.96 3.45</i>
                <i>1 0 0 0 1 0 0 0 1 0.85 0.96 3.45</i>
                <i>1 0 0 0 1 0 0 0 1 0.85 0.96 3.45</i>
                <i>1 0 0 0 1 0 0 0 1 0.85 0.96 3.45</i>
                <i>1 0 0 0 1 0 0 0 1 0.85 0.96 3.45</i>
                <i>1 0 0 0 1 0 0 0 1 0.85 0.96 3.45</i>
                <i>1 0 0 0 1 0 0 0 1 0.85 0.96 3.45</i>
                <i>1 0 0 0 1 0 0 0 1 0.85 0.96 3.45</i>
                <i>1 0 0 0 1 0 0 0 1 0.85 0.96 3.45</i>
                <i>1 0 0 0 1 0 0 0 1 0.85 0.96 3.45</i>
                <i>1 0 0 0 1 0 0 0 1 0.85 0.96 3.45</i>
                <i>1 0 0 0 1 0 0 0 1 0.85 0.96 3.45</i>
                <i>1 0 0 0 1 0 0 0 1 0.85 0.96 3.45</i>
                <i>1 0 0 0 1 0 0 0 1 0.85 0.96 3.45</i>
                <i>1 0 0 0 1 0 0 0 1 0.85 0.96 3.45</i>
                <i>1 0 0 0 1 0 0 0 1 0.85 0.96 3.45</i>
                <i>1 0 0 0 1 0 0 0 1 0.85 0.96 3.45</i>
                <i>1 0 0 0 1 0 0 0 1 0.85 0.96 3.45</i>
                <i>1 0 0 0 1 0 0 0 1 0.85 0.96 3.45</i>
                <i>1 0 0 0 1 0 0 0 1 0.85 0.96 3.45</i>
                <i>1 0 0 0 1 0 0 0 1 0.85 0.96 3.45</i>
                <i>1 0 0 0 1 0 0 0 1 0.85 0.96 3.45</i>
                <i>1 0 0 0 1 0 0 0 1 0.85 0.96 3.45</i>
                <i>1 0 0 0 1 0 0 0 1 0.85 0.96 3.45</i>
                <i>1 0 0 0 1 0 0 0 1 0.85 0.96 3.45</i>
                <i>1 0 0 0 1 0 0 0 1 0.85 0.96 3.45</i>
                <i>1 0 0 0 1 0 0 0 1 0.85 0.96 3.45</i>
            </KeyFrames>
        </RefFrame>
        <Bones count="23">
            <i>
                <p>
                    <Name><![CDATA[pelvis]]></Name>
                    <Exclude>0</Exclude>
                    <Additive>0</Additive>
                    <IKPriority>0</IKPriority>
                    <IKRotLimits>-1e+010 -1e+010 -1e+010 1e+010 1e+010 1e+010</IKRotLimits>
                    <IKRotLimitOrder>2</IKRotLimitOrder>
                    <KeyFrames count="61">
                        <i>1 0 0 0 1 0 0 0 1 -0.0409569 1.87363 3.33454</i>
                        <i>1 0 0 0 1 0 0 0 1 -0.0414837 1.87263 3.33488</i>
                        <i>1 0 0 0 1 0 0 0 1 -0.0429117 1.86993 3.33579</i>
                        <i>1 0 0 0 1 0 0 0 1 -0.0450183 1.86599 3.33712</i>
                        <i>1 0 0 0 1 0 0 0 1 -0.0475785 1.86125 3.33871</i>
                        <i>1 0 0 0 1 0 0 0 1 -0.0503558 1.85616 3.34042</i>
                        <i>1 0 0 0 1 0 0 0 1 -0.053097 1.85122 3.34209</i>
                        <i>1 0 0 0 1 0 0 0 1 -0.0555301 1.84688 3.34355</i>
                        <i>1 0 0 0 1 0 0 0 1 -0.0573685 1.84363 3.34465</i>
                        <i>1 0 0 0 1 0 0 0 1 -0.0583184 1.84196 3.34521</i>
                        <i>1 0 0 0 1 0 0 0 1 -0.0580917 1.84236 3.34508</i>
                        <i>1 0 0 0 1 0 0 0 1 -0.0564243 1.84529 3.34409</i>
                        <i>1 0 0 0 1 0 0 0 1 -0.053097 1.85122 3.34209</i>
                        <i>1 0 0 0 1 0 0 0 1 -0.04796 1.86054 3.33895</i>
                        <i>1 0 0 0 1 0 0 0 1 -0.0409569 1.87363 3.33454</i>
                        <i>1 0 0 0 1 0 0 0 1 -0.00762684 1.93029 3.30382</i>
                        <i>1 0 0 0 1 0 0 0 1 0.0290616 2.0205 3.25484</i>
                        <i>1 0 0 0 1 0 0 0 1 0.0475656 2.07981 3.24159</i>
                        <i>1 0 0 0 1 0 0 0 1 0.0631721 2.10968 3.2825</i>
                        <i>1 0 0 0 1 0 0 0 1 0.0864316 2.13424 3.34368</i>
                        <i>1 0 0 0 1 0 0 0 1 0.120988 2.15678 3.4134</i>
                        <i>1 0 0 0 1 0 0 0 1 0.16763 2.17877 3.47926</i>
                        <i>1 0 0 0 1 0 0 0 1 0.226421 2.20038 3.52828</i>
                        <i>1 0 0 0 1 0 0 0 1 0.298388 2.2238 3.56517</i>
                        <i>1 0 0 0 1 0 0 0 1 0.377708 2.24765 3.60407</i>
                        <i>1 0 0 0 1 0 0 0 1 0.456255 2.26701 3.64268</i>
                        <i>1 0 0 0 1 0 0 0 1 0.52787 2.27806 3.67394</i>
                        <i>1 0 0 0 1 0 0 0 1 0.587795 2.27775 3.68669</i>
                        <i>1 0 0 0 1 0 0 0 1 0.638961 2.26565 3.67701</i>
                        <i>1 0 0 0 1 0 0 0 1 0.686671 2.24515 3.65189</i>
                        <i>1 0 0 0 1 0 0 0 1 0.729959 2.21904 3.61569</i>
                        <i>1 0 0 0 1 0 0 0 1 0.768051 2.19002 3.57362</i>
                        <i>1 0 0 0 1 0 0 0 1 0.80068 2.16097 3.53114</i>
                        <i>1 0 0 0 1 0 0 0 1 0.828119 2.13516 3.49348</i>
                        <i>1 0 0 0 1 0 0 0 1 0.851016 2.11624 3.46539</i>
                        <i>1 0 0 0 1 0 0 0 1 0.864295 2.10669 3.45138</i>
                        <i>1 0 0 0 1 0 0 0 1 0.865863 2.10467 3.44969</i>
                        <i>1 0 0 0 1 0 0 0 1 0.860816 2.10745 3.45502</i>
                        <i>1 0 0 0 1 0 0 0 1 0.854184 2.11223 3.462</i>
                        <i>1 0 0 0 1 0 0 0 1 0.851016 2.11624 3.46539</i>
                        <i>1 0 0 0 1 0 0 0 1 0.851368 2.12083 3.46517</i>
                        <i>1 0 0 0 1 0 0 0 1 0.851673 2.12784 3.46496</i>
                        <i>1 0 0 0 1 0 0 0 1 0.851668 2.13531 3.46495</i>
                        <i>1 0 0 0 1 0 0 0 1 0.851362 2.14125 3.46514</i>
                        <i>1 0 0 0 1 0 0 0 1 0.851016 2.14367 3.46539</i>
                        <i>1 0 0 0 1 0 0 0 1 0.850868 2.14169 3.4655</i>
                        <i>1 0 0 0 1 0 0 0 1 0.850883 2.13665 3.46549</i>
                        <i>1 0 0 0 1 0 0 0 1 0.850957 2.12985 3.46544</i>
                        <i>1 0 0 0 1 0 0 0 1 0.851007 2.1226 3.4654</i>
                        <i>1 0 0 0 1 0 0 0 1 0.851016 2.11624 3.46539</i>
                        <i>1 0 0 0 1 0 0 0 1 0.851016 2.11624 3.46539</i>
                        <i>1 0 0 0 1 0 0 0 1 0.851016 2.11624 3.46539</i>
                        <i>1 0 0 0 1 0 0 0 1 0.851016 2.11624 3.46539</i>
                        <i>1 0 0 0 1 0 0 0 1 0.851016 2.11624 3.46539</i>
                        <i>1 0 0 0 1 0 0 0 1 0.851016 2.11624 3.46539</i>
                        <i>1 0 0 0 1 0 0 0 1 0.851016 2.11624 3.46539</i>
                        <i>1 0 0 0 1 0 0 0 1 0.851016 2.11624 3.46539</i>
                        <i>1 0 0 0 1 0 0 0 1 0.851016 2.11624 3.46539</i>
                        <i>1 0 0 0 1 0 0 0 1 0.851016 2.11624 3.46539</i>
                        <i>1 0 0 0 1 0 0 0 1 0.851016 2.11624 3.46539</i>
                        <i>1 0 0 0 1 0 0 0 1 0.851016 2.11624 3.46539</i>
                    </KeyFrames>
                </p>
            </i>
            <i>
                <p>
                    <Name><![CDATA[spine0]]></Name>
                    <Exclude>0</Exclude>
                    <Additive>0</Additive>
                    <IKPriority>0</IKPriority>
                    <IKRotLimits>-1e+010 -1e+010 -1e+010 1e+010 1e+010 1e+010</IKRotLimits>
                    <IKRotLimitOrder>0</IKRotLimitOrder>
                    <KeyFrames count="61">
                        <i>0.08944 0.978158 -0.187635 -0.991839 0.104658 0.072812 0.0908592 0.179592 0.979536 -0.0380354 2.00689 3.28041</i>
                        <i>0.0910875 0.977777 -0.188825 -0.991707 0.106327 0.072192 0.0906648 0.180684 0.979353 -0.0382902 2.00586 3.28068</i>
                        <i>0.0955659 0.976727 -0.192018 -0.991331 0.110858 0.0705158 0.0901613 0.183614 0.978855 -0.0389824 2.00307 3.28143</i>
                        <i>0.102203 0.975135 -0.196637 -0.990731 0.117561 0.0680545 0.0894791 0.187859 0.978112 -0.0400075 1.99899 3.28252</i>
                        <i>0.110312 0.97313 -0.202111 -0.989927 0.125733 0.06508 0.0887433 0.192896 0.977198 -0.0412599 1.99408 3.28385</i>
                        <i>0.119156 0.97087 -0.207877 -0.988963 0.134625 0.0618726 0.0880556 0.19821 0.976196 -0.0426267 1.98881 3.28527</i>
                        <i>0.127924 0.968554 -0.213395 -0.987918 0.14342 0.058725 0.0874836 0.203305 0.975199 -0.0439843 1.98366 3.28667</i>
                        <i>0.135735 0.966429 -0.218154 -0.986913 0.151241 0.0559446 0.0870602 0.207705 0.97431 -0.0451965 1.97913 3.2879</i>
                        <i>0.141651 0.96478 -0.221664 -0.986105 0.157154 0.0538518 0.0867905 0.210956 0.973635 -0.0461169 1.97574 3.28882</i>
                        <i>0.144711 0.963914 -0.223448 -0.985671 0.160211 0.052773 0.0866675 0.21261 0.973286 -0.0465939 1.97399 3.2893</i>
                        <i>0.143981 0.964121 -0.223024 -0.985776 0.159481 0.0530303 0.0866958 0.212217 0.973369 -0.04648 1.97441 3.28918</i>
                        <i>0.138611 0.965631 -0.21987 -0.986525 0.154116 0.0549259 0.0869238 0.209294 0.973982 -0.0456436 1.97748 3.28835</i>
                        <i>0.127924 0.968554 -0.213395 -0.987918 0.14342 0.058725 0.0874836 0.203305 0.975199 -0.0439843 1.98366 3.28667</i>
                        <i>0.111524 0.972825 -0.202913 -0.9898 0.126953 0.0646383 0.0886422 0.193635 0.977061 -0.0414471 1.99335 3.28404</i>
                        <i>0.08944 0.978158 -0.187635 -0.991839 0.104658 0.072812 0.0908592 0.179592 0.979536 -0.0380354 2.00689 3.28041</i>
                        <i>0.00464012 0.993843 -0.110701 -0.993764 0.0169166 0.110218 0.111412 0.109499 0.987723 -0.0201476 2.06456 3.2537</i>
                        <i>-0.0533592 0.998385 0.0194971 -0.98345 -0.0559264 0.172334 0.173147 -0.00997877 0.984846 -0.00346861 2.15371 3.21133</i>
                        <i>-0.0135937 0.995588 0.0928424 -0.974704 -0.0339096 0.220914 0.223087 -0.0874908 0.970864 0.00543622 2.21117 3.20077</i>
                        <i>0.0408388 0.992765 0.112919 -0.972176 0.0133912 0.233869 0.230665 -0.119328 0.965689 0.0184041 2.23992 3.24089</i>
                        <i>0.102448 0.987647 0.118562 -0.970492 0.0730831 0.229791 0.218287 -0.138605 0.965991 0.0410691 2.26348 3.29971</i>
                        <i>0.162255 0.979606 0.118513 -0.966091 0.133261 0.221156 0.200852 -0.150377 0.968011 0.0758459 2.28529 3.36711</i>
                        <i>0.21307 0.970094 0.116269 -0.957609 0.183736 0.221868 0.19387 -0.158614 0.96812 0.122341 2.30691 3.43208</i>
                        <i>0.249485 0.961926 0.111606 -0.944749 0.21647 0.24615 0.212619 -0.16685 0.962785 0.179618 2.32861 3.48287</i>
                        <i>0.267274 0.95734 0.10984 -0.926376 0.223884 0.302825 0.265315 -0.182691 0.946695 0.248639 2.35306 3.52628</i>
                        <i>0.266736 0.956881 0.11502 -0.900089 0.20467 0.384643 0.344517 -0.206127 0.915871 0.325 2.37856 3.57614</i>
                        <i>0.253928 0.959162 0.124613 -0.862527 0.166254 0.477919 0.437685 -0.228839 0.86952 0.401973 2.39935 3.62731</i>
                        <i>0.237002 0.962191 0.134236 -0.813567 0.12105 0.568731 0.530979 -0.244001 0.811496 0.47396 2.41137 3.66974</i>
                        <i>0.220476 0.965997 0.135055 -0.758009 0.0825494 0.646999 0.61385 -0.245021 0.750435 0.5354 2.4117 3.68947</i>
                        <i>0.201574 0.971622 0.123769 -0.69463 0.0527193 0.717432 0.690548 -0.23059 0.685545 0.588252 2.40016 3.68259</i>
                        <i>0.181774 0.977733 0.104868 -0.618092 0.0306617 0.785507 0.764801 -0.207603 0.609903 0.63794 2.38037 3.65795</i>
                        <i>0.164466 0.983262 0.078406 -0.532227 0.0215363 0.846328 0.830473 -0.180922 0.52686 0.683216 2.35502 3.62017</i>
                        <i>0.151592 0.987396 0.0454955 -0.442986 0.02672 0.89613 0.883619 -0.156 0.441453 0.723063 2.32666 3.5749</i>
                        <i>0.143969 0.989542 0.0089368 -0.357321 0.0435609 0.932965 0.922819 -0.137511 0.359855 0.757116 2.29805 3.52826</i>
                        <i>0.141633 0.989555 -0.0268406 -0.282041 0.0663282 0.957107 0.948891 -0.127987 0.288489 0.785737 2.27245 3.48632</i>
                        <i>0.144174 0.987942 -0.0564223 -0.223092 0.088001 0.970817 0.964077 -0.127379 0.23309 0.809813 2.25367 3.45477</i>
                        <i>0.149106 0.986039 -0.0741322 -0.194041 0.10269 0.975604 0.969595 -0.131083 0.206644 0.82411 2.24424 3.4387</i>
                        <i>0.15249 0.985117 -0.0793187 -0.194703 0.108629 0.974828 0.968936 -0.133208 0.20837 0.826174 2.2423 3.43632</i>
                        <i>0.152827 0.985379 -0.0753189 -0.209804 0.106827 0.97189 0.965726 -0.132729 0.223063 0.821123 2.24512 3.44202</i>
                        <i>0.149103 0.986618 -0.0659805 -0.224329 0.0987376 0.969498 0.963039 -0.129754 0.236049 0.813991 2.24984 3.45003</i>
                        <i>0.140178 0.988621 -0.0545698 -0.223252 0.0852537 0.971026 0.964629 -0.123934 0.232662 0.809813 2.25367 3.45477</i>
                        <i>0.122697 0.991766 -0.0366932 -0.20171 0.0611214 0.977536 0.97173 -0.112539 0.207548 0.808257 2.25782 3.45673</i>
                        <i>0.0985666 0.99509 -0.00893299 -0.169033 0.0255881 0.985278 0.980669 -0.0956055 0.170725 0.805788 2.2641 3.45985</i>
                        <i>0.0740012 0.996976 0.0237124 -0.131647 -0.0138034 0.991201 0.988531 -0.0764716 0.130227 0.802779 2.27061 3.4637</i>
                        <i>0.0538063 0.997053 0.0546767 -0.0968727 -0.0492856 0.994076 0.993841 -0.0587842 0.0939354 0.799829 2.27555 3.46754</i>
                        <i>0.0411734 0.996229 0.0763696 -0.0727762 -0.0732412 0.994655 0.996498 -0.0465112 0.0694862 0.797733 2.27721 3.47032</i>
                        <i>0.036061 0.99567 0.0856829 -0.0625156 -0.0833232 0.99456 0.997392 -0.0412213 0.0592402 0.796859 2.2749 3.47152</i>
                        <i>0.0353737 0.995586 0.0869303 -0.0612246 -0.0846624 0.994527 0.997497 -0.0405024 0.0579596 0.796783 2.26981 3.47165</i>
                        <i>0.0372796 0.995803 0.0835907 -0.0650756 -0.0810522 0.994583 0.997184 -0.0425173 0.0617808 0.797128 2.26313 3.47118</i>
                        <i>0.0399679 0.99606 0.0791586 -0.0701973 -0.0762272 0.994616 0.996732 -0.0453094 0.0668741 0.797541 2.25606 3.4706</i>
                        <i>0.0413883 0.996169 0.077032 -0.0727492 -0.0738889 0.994609 0.996491 -0.0467692 0.0694124 0.797733 2.24978 3.47032</i>
                        <i>0.0413883 0.996169 0.077032 -0.0727492 -0.0738889 0.994609 0.996491 -0.0467692 0.0694124 0.797733 2.24978 3.47032</i>
                        <i>0.0413883 0.996169 0.077032 -0.0727492 -0.0738889 0.994609 0.996491 -0.0467692 0.0694124 0.797733 2.24978 3.47032</i>
                        <i>0.0413883 0.996169 0.077032 -0.0727492 -0.0738889 0.994609 0.996491 -0.0467692 0.0694124 0.797733 2.24978 3.47032</i>
                        <i>0.0413883 0.996169 0.077032 -0.0727492 -0.0738889 0.994609 0.996491 -0.0467692 0.0694124 0.797733 2.24978 3.47032</i>
                        <i>0.0413883 0.996169 0.077032 -0.0727492 -0.0738889 0.994609 0.996491 -0.0467692 0.0694124 0.797733 2.24978 3.47032</i>
                        <i>0.0413883 0.996169 0.077032 -0.0727492 -0.0738889 0.994609 0.996491 -0.0467692 0.0694124 0.797733 2.24978 3.47032</i>
                        <i>0.0413883 0.996169 0.077032 -0.0727492 -0.0738889 0.994609 0.996491 -0.0467692 0.0694124 0.797733 2.24978 3.47032</i>
                        <i>0.0413883 0.996169 0.077032 -0.0727492 -0.0738889 0.994609 0.996491 -0.0467692 0.0694124 0.797733 2.24978 3.47032</i>
                        <i>0.0413883 0.996169 0.077032 -0.0727492 -0.0738889 0.994609 0.996491 -0.0467692 0.0694124 0.797733 2.24978 3.47032</i>
                        <i>0.0413883 0.996169 0.077032 -0.0727492 -0.0738889 0.994609 0.996491 -0.0467692 0.0694124 0.797733 2.24978 3.47032</i>
                        <i>0.0413883 0.996169 0.077032 -0.0727492 -0.0738889 0.994609 0.996491 -0.0467692 0.0694124 0.797733 2.24978 3.47032</i>
                    </KeyFrames>
                </p>
            </i>
            <i>
                <p>
                    <Name><![CDATA[spine1]]></Name>
                    <Exclude>0</Exclude>
                    <Additive>0</Additive>
                    <IKPriority>0</IKPriority>
                    <IKRotLimits>-1e+010 -1e+010 -1e+010 1e+010 1e+010 1e+010</IKRotLimits>
                    <IKRotLimitOrder>0</IKRotLimitOrder>
                    <KeyFrames count="61">
                        <i>0.0857607 0.981522 -0.171055 -0.996267 0.0827768 -0.0245143 -0.00990188 0.172519 0.984956 -0.0225615 2.17613 3.24793</i>
                        <i>0.0866118 0.981064 -0.173241 -0.996183 0.0833886 -0.0258116 -0.0108765 0.174815 0.984541 -0.0225312 2.17503 3.248</i>
                        <i>0.0889661 0.979798 -0.179112 -0.995943 0.0850746 -0.0293074 -0.0134774 0.180993 0.983392 -0.0224481 2.17207 3.2482</i>
                        <i>0.0925595 0.977868 -0.187632 -0.995559 0.0876315 -0.0344093 -0.0172053 0.189984 0.981636 -0.0223239 2.16772 3.24849</i>
                        <i>0.097109 0.975428 -0.197763 -0.99504 0.0908451 -0.0405257 -0.0215641 0.200718 0.979412 -0.0221713 2.16248 3.24886</i>
                        <i>0.102255 0.972666 -0.20848 -0.994416 0.0944541 -0.0470619 -0.0260837 0.212128 0.976894 -0.0220048 2.15684 3.24928</i>
                        <i>0.107532 0.96983 -0.218783 -0.993739 0.0981324 -0.0534176 -0.0303363 0.223158 0.97431 -0.0218409 2.15132 3.24972</i>
                        <i>0.112369 0.967225 -0.227705 -0.993087 0.101487 -0.0589844 -0.033942 0.232759 0.971942 -0.0216967 2.14645 3.25012</i>
                        <i>0.116113 0.965203 -0.234309 -0.992563 0.104075 -0.0631461 -0.0365631 0.239898 0.970109 -0.021589 2.1428 3.25043</i>
                        <i>0.118076 0.964142 -0.237675 -0.992282 0.105429 -0.0652818 -0.0378831 0.243548 0.969149 -0.021534 2.14092 3.25059</i>
                        <i>0.117605 0.964396 -0.236874 -0.992349 0.105105 -0.064773 -0.0375702 0.24268 0.969379 -0.0215471 2.14137 3.25055</i>
                        <i>0.114181 0.966247 -0.230931 -0.992835 0.102741 -0.0610132 -0.0352278 0.236243 0.971055 -0.0216441 2.14467 3.25027</i>
                        <i>0.107532 0.96983 -0.218783 -0.993739 0.0981324 -0.0534176 -0.0303363 0.223158 0.97431 -0.0218409 2.15132 3.24972</i>
                        <i>0.0978032 0.975055 -0.199252 -0.994958 0.0913335 -0.0414295 -0.0221977 0.2023 0.979072 -0.0221484 2.1617 3.24892</i>
                        <i>0.0857607 0.981522 -0.171055 -0.996267 0.0827768 -0.0245143 -0.00990188 0.172519 0.984956 -0.0225615 2.17613 3.24793</i>
                        <i>0.057369 0.997798 -0.0332863 -0.996702 0.0591591 0.0555498 0.0573966 0.0299897 0.997901 -0.0193437 2.23703 3.23448</i>
                        <i>0.133846 0.974092 0.182292 -0.975089 0.0966175 0.199668 0.176882 -0.204475 0.962758 -0.0129367 2.33075 3.21475</i>
                        <i>0.29491 0.912794 0.282552 -0.927919 0.203017 0.31265 0.228022 -0.354389 0.906871 0.00293548 2.3932 3.21768</i>
                        <i>0.4092 0.860296 0.304051 -0.88597 0.29493 0.357874 0.218204 -0.415822 0.882881 0.0260053 2.42523 3.26188</i>
                        <i>0.508755 0.803354 0.309501 -0.841165 0.387297 0.377416 0.18333 -0.452354 0.872792 0.0605231 2.45128 3.32214</i>
                        <i>0.589473 0.747443 0.30635 -0.794433 0.467743 0.387419 0.14628 -0.471748 0.869515 0.107149 2.47446 3.38987</i>
                        <i>0.651804 0.699515 0.292969 -0.747573 0.527627 0.403415 0.127616 -0.481963 0.866848 0.163954 2.49652 3.45467</i>
                        <i>0.697807 0.666526 0.262314 -0.701408 0.56159 0.438912 0.145233 -0.490265 0.859388 0.228771 2.51829 3.50472</i>
                        <i>0.727297 0.653865 0.208567 -0.651561 0.562318 0.509183 0.215656 -0.506221 0.835005 0.30157 2.54284 3.5479</i>
                        <i>0.734727 0.663651 0.140514 -0.594145 0.529594 0.60541 0.327365 -0.528297 0.783412 0.377885 2.56851 3.59882</i>
                        <i>0.718153 0.69192 0.0741758 -0.530017 0.47479 0.702607 0.45093 -0.543894 0.707702 0.452164 2.58924 3.65184</i>
                        <i>0.684719 0.728431 0.0234129 -0.467632 0.414476 0.780724 0.559 -0.545525 0.624437 0.520473 2.60057 3.69601</i>
                        <i>0.646568 0.76283 -0.00629088 -0.424283 0.366447 0.828071 0.633983 -0.532735 0.560589 0.578202 2.59965 3.71564</i>
                        <i>0.605575 0.795566 -0.0187935 -0.405768 0.329009 0.852705 0.684566 -0.508751 0.522055 0.626776 2.58629 3.70622</i>
                        <i>0.560086 0.828225 -0.0186471 -0.399563 0.289785 0.869697 0.725708 -0.479655 0.493233 0.671996 2.56398 3.67758</i>
                        <i>0.514886 0.85722 -0.00810029 -0.4009 0.24913 0.881597 0.757741 -0.450675 0.471933 0.713376 2.53572 3.63454</i>
                        <i>0.474471 0.880222 0.00930252 -0.405822 0.20935 0.889652 0.781144 -0.425889 0.456544 0.750309 2.50443 3.58306</i>
                        <i>0.442446 0.896324 0.0290598 -0.411366 0.174053 0.894698 0.796881 -0.40781 0.445726 0.78257 2.47321 3.52983</i>
                        <i>0.420751 0.905986 0.0464525 -0.415182 0.146782 0.897819 0.806593 -0.397045 0.437908 0.810494 2.44556 3.48162</i>
                        <i>0.409516 0.910509 0.0571856 -0.414801 0.130002 0.900577 0.81255 -0.392521 0.430918 0.83487 2.42546 3.44495</i>
                        <i>0.40524 0.912292 0.0591992 -0.415575 0.126147 0.900769 0.814296 -0.389629 0.430246 0.850065 2.41598 3.42579</i>
                        <i>0.402339 0.913781 0.0559249 -0.421122 0.130488 0.897568 0.812883 -0.384678 0.437314 0.852925 2.41527 3.42239</i>
                        <i>0.399229 0.915405 0.0514747 -0.426378 0.135665 0.894314 0.811676 -0.378984 0.44447 0.848207 2.41998 3.42864</i>
                        <i>0.395043 0.917335 0.0493793 -0.42657 0.135563 0.894238 0.813621 -0.374326 0.44486 0.840658 2.4266 3.4382</i>
                        <i>0.388321 0.919998 0.0530061 -0.416598 0.123953 0.9006 0.821981 -0.371804 0.431404 0.834998 2.43165 3.44493</i>
                        <i>0.377205 0.923819 0.0653798 -0.389865 0.0943574 0.916025 0.840073 -0.371018 0.395757 0.830281 2.43625 3.45011</i>
                        <i>0.363452 0.927711 0.0851703 -0.347652 0.0502441 0.936276 0.864315 -0.369902 0.340782 0.823418 2.44255 3.45824</i>
                        <i>0.350479 0.930224 0.108842 -0.297389 0.000334163 0.954756 0.888101 -0.366991 0.276755 0.815954 2.44869 3.46793</i>
                        <i>0.340618 0.930949 0.13158 -0.249079 -0.0455995 0.967409 0.906608 -0.362291 0.216348 0.809366 2.453 3.47726</i>
                        <i>0.334924 0.930601 0.147673 -0.214872 -0.0771619 0.973589 0.917418 -0.35781 0.174117 0.805006 2.45407 3.48388</i>
                        <i>0.333062 0.930122 0.154736 -0.200166 -0.0906192 0.975562 0.921414 -0.355896 0.155997 0.803215 2.45134 3.4867</i>
                        <i>0.333611 0.929724 0.15594 -0.198346 -0.0924888 0.975759 0.921609 -0.356454 0.153552 0.803007 2.44589 3.48702</i>
                        <i>0.335652 0.929337 0.153851 -0.203946 -0.0877569 0.975041 0.919643 -0.358651 0.160079 0.803678 2.43891 3.48594</i>
                        <i>0.338228 0.928867 0.151023 -0.211365 -0.081399 0.974012 0.91702 -0.36136 0.168799 0.804554 2.43153 3.48455</i>
                        <i>0.340107 0.928368 0.149867 -0.21508 -0.0783502 0.973448 0.91546 -0.36331 0.173026 0.804984 2.42493 3.48387</i>
                        <i>0.340107 0.928368 0.149867 -0.21508 -0.0783502 0.973448 0.91546 -0.36331 0.173026 0.804984 2.42493 3.48387</i>
                        <i>0.340107 0.928368 0.149867 -0.21508 -0.0783502 0.973448 0.91546 -0.36331 0.173026 0.804984 2.42493 3.48387</i>
                        <i>0.340107 0.928368 0.149867 -0.21508 -0.0783502 0.973448 0.91546 -0.36331 0.173026 0.804984 2.42493 3.48387</i>
                        <i>0.340107 0.928368 0.149867 -0.21508 -0.0783502 0.973448 0.91546 -0.36331 0.173026 0.804984 2.42493 3.48387</i>
                        <i>0.340107 0.928368 0.149867 -0.21508 -0.0783502 0.973448 0.91546 -0.36331 0.173026 0.804984 2.42493 3.48387</i>
                        <i>0.340107 0.928368 0.149867 -0.21508 -0.0783502 0.973448 0.91546 -0.36331 0.173026 0.804984 2.42493 3.48387</i>
                        <i>0.340107 0.928368 0.149867 -0.21508 -0.0783502 0.973448 0.91546 -0.36331 0.173026 0.804984 2.42493 3.48387</i>
                        <i>0.340107 0.928368 0.149867 -0.21508 -0.0783502 0.973448 0.91546 -0.36331 0.173026 0.804984 2.42493 3.48387</i>
                        <i>0.340107 0.928368 0.149867 -0.21508 -0.0783502 0.973448 0.91546 -0.36331 0.173026 0.804984 2.42493 3.48387</i>
                        <i>0.340107 0.928368 0.149867 -0.21508 -0.0783502 0.973448 0.91546 -0.36331 0.173026 0.804984 2.42493 3.48387</i>
                        <i>0.340107 0.928368 0.149867 -0.21508 -0.0783502 0.973448 0.91546 -0.36331 0.173026 0.804984 2.42493 3.48387</i>
                    </KeyFrames>
                </p>
            </i>
            <i>
                <p>
                    <Name><![CDATA[spine2]]></Name>
                    <Exclude>0</Exclude>
                    <Additive>0</Additive>
                    <IKPriority>0</IKPriority>
                    <IKRotLimits>-1e+010 -1e+010 -1e+010 1e+010 1e+010 1e+010</IKRotLimits>
                    <IKRotLimitOrder>0</IKRotLimitOrder>
                    <KeyFrames count="61">
                        <i>-0.00175341 0.991103 0.133084 -0.991887 0.0151923 -0.126209 -0.127108 -0.132226 0.983036 -0.008994 2.33261 3.22068</i>
                        <i>-0.00169287 0.991374 0.131055 -0.991637 0.0152484 -0.128157 -0.12905 -0.130176 0.983057 -0.00882873 2.33144 3.22041</i>
                        <i>-0.00146979 0.992082 0.125584 -0.990943 0.0154181 -0.133397 -0.134277 -0.124642 0.983074 -0.0083723 2.32828 3.21966</i>
                        <i>-0.000987759 0.993062 0.117591 -0.989882 0.0157137 -0.141018 -0.141887 -0.116541 0.982999 -0.00767769 2.32365 3.2186</i>
                        <i>-0.000166756 0.994151 0.108003 -0.988538 0.0161419 -0.150109 -0.150975 -0.10679 0.982753 -0.00680202 2.31804 3.21735</i>
                        <i>0.00100069 0.99521 0.0977587 -0.987013 0.0166865 -0.15977 -0.160636 -0.0963293 0.982302 -0.00581675 2.31198 3.21605</i>
                        <i>0.0024198 0.996134 0.0878082 -0.985446 0.0173005 -0.169107 -0.169972 -0.086121 0.981678 -0.00481213 2.30604 3.21484</i>
                        <i>0.00388965 0.996858 0.0791087 -0.984005 0.0179048 -0.177238 -0.178098 -0.077154 0.980983 -0.00389644 2.3008 3.2138</i>
                        <i>0.00512513 0.997347 0.0726182 -0.982887 0.0183963 -0.183288 -0.184137 -0.0704361 0.980374 -0.00319112 2.29685 3.21306</i>
                        <i>0.00580411 0.99758 0.0692926 -0.9823 0.0186614 -0.186382 -0.187224 -0.0669843 0.980031 -0.00282253 2.29482 3.21268</i>
                        <i>0.0056396 0.997525 0.0700845 -0.982441 0.0185975 -0.185646 -0.18649 -0.0678069 0.980114 -0.00291074 2.2953 3.21277</i>
                        <i>0.00447747 0.997102 0.0759429 -0.983465 0.0181402 -0.18019 -0.181046 -0.0738804 0.980696 -0.00355477 2.29888 3.21344</i>
                        <i>0.0024198 0.996134 0.0878082 -0.985446 0.0173005 -0.169107 -0.169972 -0.086121 0.981678 -0.00481213 2.30604 3.21484</i>
                        <i>-2.30836e-005 0.994304 0.106586 -0.988332 0.0162119 -0.151449 -0.152314 -0.105346 0.982702 -0.00666877 2.3172 3.21717</i>
                        <i>-0.00175341 0.991103 0.133084 -0.991887 0.0151923 -0.126209 -0.127108 -0.132226 0.983036 -0.008994 2.33261 3.22068</i>
                        <i>0.0164395 0.967267 0.253227 -0.999829 0.0180373 -0.0039893 -0.00842626 -0.253119 0.967399 -0.0102242 2.39652 3.22919</i>
                        <i>0.151854 0.899144 0.410463 -0.973202 0.0634657 0.22102 0.172678 -0.433026 0.884687 0.00895257 2.4897 3.2446</i>
                        <i>0.328564 0.826316 0.457435 -0.906981 0.140924 0.396896 0.263498 -0.54529 0.795756 0.0526613 2.54664 3.26536</i>
                        <i>0.438418 0.775713 0.453937 -0.854702 0.203624 0.477516 0.277983 -0.597332 0.752276 0.0964175 2.57279 3.31428</i>
                        <i>0.528303 0.724649 0.442471 -0.806749 0.265976 0.527648 0.264673 -0.635721 0.725126 0.149668 2.59158 3.3765</i>
                        <i>0.599955 0.676043 0.427808 -0.761605 0.318884 0.564155 0.244972 -0.664289 0.706193 0.212017 2.60697 3.44454</i>
                        <i>0.657235 0.634721 0.406412 -0.715183 0.355075 0.602026 0.237812 -0.686331 0.68731 0.281305 2.62198 3.50761</i>
                        <i>0.704248 0.605975 0.369904 -0.66083 0.369072 0.653521 0.259495 -0.704685 0.660365 0.35552 2.63885 3.55258</i>
                        <i>0.743485 0.592981 0.309198 -0.583583 0.349495 0.732997 0.32659 -0.725414 0.605898 0.434428 2.66173 3.58619</i>
                        <i>0.767345 0.598254 0.230812 -0.479905 0.297062 0.825497 0.425291 -0.744209 0.515054 0.512362 2.68934 3.62468</i>
                        <i>0.769227 0.620562 0.152292 -0.365068 0.231213 0.901813 0.524419 -0.749295 0.404402 0.583328 2.7149 3.66546</i>
                        <i>0.753333 0.651219 0.0916695 -0.266319 0.174643 0.947931 0.601302 -0.738521 0.304996 0.644742 2.73202 3.70028</i>
                        <i>0.730571 0.6801 0.061071 -0.217659 0.147169 0.964866 0.647218 -0.718196 0.255548 0.694324 2.7359 3.7145</i>
                        <i>0.704598 0.707085 0.0597738 -0.227015 0.144803 0.963066 0.672314 -0.692144 0.262546 0.733844 2.72626 3.70287</i>
                        <i>0.674695 0.733725 0.0802171 -0.272318 0.146438 0.950999 0.686025 -0.663478 0.298607 0.769028 2.70688 3.67435</i>
                        <i>0.642683 0.756845 0.118929 -0.342155 0.144651 0.928443 0.685485 -0.637387 0.351922 0.800615 2.68051 3.63319</i>
                        <i>0.610092 0.773873 0.170022 -0.423847 0.137458 0.895242 0.669433 -0.618244 0.411866 0.829009 2.65012 3.58468</i>
                        <i>0.579103 0.783584 0.225024 -0.504537 0.127658 0.8539 0.640377 -0.608029 0.469274 0.854668 2.6191 3.53469</i>
                        <i>0.552986 0.786784 0.274185 -0.572622 0.119835 0.811014 0.605236 -0.605484 0.516797 0.87821 2.59131 3.48929</i>
                        <i>0.536028 0.785866 0.308365 -0.618656 0.117137 0.776881 0.574403 -0.607201 0.54897 0.900357 2.57107 3.45434</i>
                        <i>0.527555 0.785165 0.324348 -0.643021 0.119558 0.756459 0.555167 -0.607636 0.567951 0.914972 2.56212 3.43554</i>
                        <i>0.522765 0.787137 0.32731 -0.653057 0.122992 0.747254 0.547935 -0.604391 0.578342 0.917904 2.56284 3.4317</i>
                        <i>0.521284 0.790426 0.321698 -0.651138 0.124733 0.748639 0.551617 -0.599724 0.579698 0.913395 2.56937 3.43733</i>
                        <i>0.522606 0.793595 0.311592 -0.63937 0.123039 0.758991 0.563993 -0.595876 0.571702 0.905802 2.57773 3.44662</i>
                        <i>0.525541 0.795774 0.300916 -0.619441 0.115458 0.776506 0.58318 -0.594486 0.553613 0.899363 2.58395 3.45398</i>
                        <i>0.530953 0.797294 0.287076 -0.582549 0.0973962 0.806939 0.615407 -0.595682 0.516175 0.892776 2.58909 3.4612</i>
                        <i>0.538087 0.799196 0.267857 -0.524643 0.0688414 0.848535 0.659706 -0.597115 0.456335 0.883452 2.59553 3.47253</i>
                        <i>0.544093 0.801595 0.247807 -0.455905 0.0345123 0.889359 0.704354 -0.59687 0.384229 0.873623 2.60146 3.48603</i>
                        <i>0.547735 0.804156 0.23091 -0.389946 0.00118941 0.920837 0.740222 -0.594417 0.314229 0.865219 2.60532 3.49899</i>
                        <i>0.549277 0.806105 0.220204 -0.343277 -0.0225889 0.938962 0.761876 -0.591342 0.26431 0.859791 2.60596 3.50816</i>
                        <i>0.549914 0.806813 0.21598 -0.323207 -0.0328802 0.945757 0.77015 -0.589891 0.242686 0.857596 2.60287 3.51209</i>
                        <i>0.550491 0.806509 0.215643 -0.320691 -0.0342004 0.946566 0.77079 -0.590231 0.239813 0.857367 2.59706 3.51255</i>
                        <i>0.551118 0.805571 0.217541 -0.328276 -0.0303635 0.944094 0.76714 -0.591721 0.247716 0.858256 2.58971 3.51107</i>
                        <i>0.551766 0.80444 0.220068 -0.338335 -0.0252757 0.940686 0.762288 -0.593495 0.258224 0.859436 2.58197 3.50918</i>
                        <i>0.552406 0.803611 0.221489 -0.34335 -0.0227653 0.938932 0.759578 -0.594719 0.263344 0.860058 2.575 3.50827</i>
                        <i>0.552406 0.803611 0.221489 -0.34335 -0.0227653 0.938932 0.759578 -0.594719 0.263344 0.860058 2.575 3.50827</i>
                        <i>0.552406 0.803611 0.221489 -0.34335 -0.0227653 0.938932 0.759578 -0.594719 0.263344 0.860058 2.575 3.50827</i>
                        <i>0.552406 0.803611 0.221489 -0.34335 -0.0227653 0.938932 0.759578 -0.594719 0.263344 0.860058 2.575 3.50827</i>
                        <i>0.552406 0.803611 0.221489 -0.34335 -0.0227653 0.938932 0.759578 -0.594719 0.263344 0.860058 2.575 3.50827</i>
                        <i>0.552406 0.803611 0.221489 -0.34335 -0.0227653 0.938932 0.759578 -0.594719 0.263344 0.860058 2.575 3.50827</i>
                        <i>0.552406 0.803611 0.221489 -0.34335 -0.0227653 0.938932 0.759578 -0.594719 0.263344 0.860058 2.575 3.50827</i>
                        <i>0.552406 0.803611 0.221489 -0.34335 -0.0227653 0.938932 0.759578 -0.594719 0.263344 0.860058 2.575 3.50827</i>
                        <i>0.552406 0.803611 0.221489 -0.34335 -0.0227653 0.938932 0.759578 -0.594719 0.263344 0.860058 2.575 3.50827</i>
                        <i>0.552406 0.803611 0.221489 -0.34335 -0.0227653 0.938932 0.759578 -0.594719 0.263344 0.860058 2.575 3.50827</i>
                        <i>0.552406 0.803611 0.221489 -0.34335 -0.0227653 0.938932 0.759578 -0.594719 0.263344 0.860058 2.575 3.50827</i>
                        <i>0.552406 0.803611 0.221489 -0.34335 -0.0227653 0.938932 0.759578 -0.594719 0.263344 0.860058 2.575 3.50827</i>
                    </KeyFrames>
                </p>
            </i>
            <i>
                <p>
                    <Name><![CDATA[head]]></Name>
                    <Exclude>0</Exclude>
                    <Additive>0</Additive>
                    <IKPriority>0</IKPriority>
                    <IKRotLimits>-1e+010 -1e+010 -1e+010 1e+010 1e+010 1e+010</IKRotLimits>
                    <IKRotLimitOrder>0</IKRotLimitOrder>
                    <KeyFrames count="61">
                        <i>0.000928381 0.97896 0.20405 0.115195 0.202587 -0.972465 -0.993342 0.0244084 -0.112583 -0.0143313 2.58746 3.26097</i>
                        <i>-0.000908894 0.979602 0.200944 0.115701 0.199698 -0.973003 -0.993284 0.0223651 -0.113523 -0.0141419 2.58635 3.26024</i>
                        <i>-0.00579648 0.981275 0.192524 0.117095 0.191869 -0.97441 -0.993104 0.0168956 -0.116015 -0.0136067 2.58337 3.25826</i>
                        <i>-0.0127631 0.983564 0.180106 0.119208 0.180333 -0.976355 -0.992787 0.00900882 -0.119551 -0.012761 2.57897 3.2554</i>
                        <i>-0.0208504 0.986069 0.165025 0.121858 0.166337 -0.97851 -0.992329 -0.000292705 -0.123628 -0.0116483 2.57364 3.25199</i>
                        <i>-0.0291694 0.988453 0.148691 0.124822 0.151192 -0.980592 -0.99175 -0.0100434 -0.127791 -0.0103428 2.56787 3.24839</i>
                        <i>-0.0369339 0.99048 0.132609 0.127826 0.136292 -0.982387 -0.991109 -0.0193326 -0.131643 -0.00896138 2.56219 3.24492</i>
                        <i>-0.043469 0.992017 0.118373 0.13055 0.123109 -0.983769 -0.990488 -0.0273099 -0.134859 -0.00766336 2.55715 3.24193</i>
                        <i>-0.0481913 0.993021 0.107646 0.132638 0.113179 -0.984681 -0.989992 -0.033175 -0.137167 -0.00664071 2.55336 3.23971</i>
                        <i>-0.0505603 0.993487 0.102115 0.133726 0.10806 -0.985109 -0.989728 -0.0361519 -0.138319 -0.0060989 2.5514 3.23858</i>
                        <i>-0.0499993 0.993379 0.103434 0.133466 0.109281 -0.98501 -0.989791 -0.0354448 -0.138046 -0.00622901 2.55186 3.23885</i>
                        <i>-0.0457886 0.992522 0.113152 0.131563 0.118276 -0.984227 -0.99025 -0.0301797 -0.135994 -0.00717034 2.55531 3.24085</i>
                        <i>-0.0369339 0.99048 0.132609 0.127826 0.136292 -0.982387 -0.991109 -0.0193326 -0.131643 -0.00896138 2.56219 3.24492</i>
                        <i>-0.0220207 0.986417 0.16278 0.12226 0.164254 -0.978812 -0.992254 -0.00165276 -0.124216 -0.0114748 2.57285 3.25149</i>
                        <i>0.000928381 0.97896 0.20405 0.115195 0.202587 -0.972465 -0.993342 0.0244084 -0.112583 -0.0143313 2.58746 3.26097</i>
                        <i>0.141779 0.917707 0.371096 0.0999906 0.359688 -0.927699 -0.984835 0.168635 -0.0407657 -0.0119724 2.6464 3.29648</i>
                        <i>0.444051 0.731126 0.517951 0.147664 0.51045 -0.847134 -0.88375 0.452653 0.118705 0.0382254 2.72782 3.34787</i>
                        <i>0.663352 0.545353 0.5124 0.225923 0.506835 -0.831911 -0.713388 0.667613 0.213002 0.125043 2.77289 3.38027</i>
                        <i>0.742681 0.453214 0.492973 0.28454 0.452828 -0.844976 -0.606186 0.767818 0.207349 0.197011 2.7901 3.4287</i>
                        <i>0.784357 0.391843 0.480877 0.343924 0.37045 -0.862834 -0.516237 0.842155 0.155801 0.274303 2.79894 3.48824</i>
                        <i>0.806319 0.350716 0.476286 0.382292 0.305434 -0.872102 -0.451334 0.885273 0.112201 0.356424 2.80405 3.55268</i>
                        <i>0.821316 0.313498 0.476612 0.390191 0.300766 -0.870224 -0.416162 0.900699 0.1247 0.441717 2.80985 3.61051</i>
