<?xml version="1.0" encoding="ISO-8859-1" ?>
<Animl Version="1">
    <ModellingPackage>
        <![CDATA[Maya.2010]]>
</ModellingPackage>
    <SrcFile>
        <![CDATA[anims\vehicles\blue\~src\air\apache_idle_crewman_a.mb]]>
</SrcFile>
    <FramesPerSecond>30</FramesPerSecond>
    <TotalFrames>30</TotalFrames>
    <Skeleton>
        <RefFrame>
            <Name>
                <![CDATA[soldier_ref_frame]]>
</Name>
            <Exclude>0</Exclude>
            <Additive>0</Additive>
            <IKPriority>0</IKPriority>
            <IKRotLimits>-1e+010 -1e+010 -1e+010 1e+010 1e+010 1e+010</IKRotLimits>
            <IKRotLimitOrder>0</IKRotLimitOrder>
            <KeyFrames count="30">
                <i>1 0 0 0 1 0 0 0 1 0.85 0.96 3.45</i>
                <i>1 0 0 0 1 0 0 0 1 0.85 0.96 3.45</i>
                <i>1 0 0 0 1 0 0 0 1 0.85 0.96 3.45</i>
                <i>1 0 0 0 1 0 0 0 1 0.85 0.96 3.45</i>
                <i>1 0 0 0 1 0 0 0 1 0.85 0.96 3.45</i>
                <i>1 0 0 0 1 0 0 0 1 0.85 0.96 3.45</i>
                <i>1 0 0 0 1 0 0 0 1 0.85 0.96 3.45</i>
                <i>1 0 0 0 1 0 0 0 1 0.85 0.96 3.45</i>
                <i>1 0 0 0 1 0 0 0 1 0.85 0.96 3.45</i>
                <i>1 0 0 0 1 0 0 0 1 0.85 0.96 3.45</i>
                <i>1 0 0 0 1 0 0 0 1 0.85 0.96 3.45</i>
                <i>1 0 0 0 1 0 0 0 1 0.85 0.96 3.45</i>
                <i>1 0 0 0 1 0 0 0 1 0.85 0.96 3.45</i>
                <i>1 0 0 0 1 0 0 0 1 0.85 0.96 3.45</i>
                <i>1 0 0 0 1 0 0 0 1 0.85 0.96 3.45</i>
                <i>1 0 0 0 1 0 0 0 1 0.85 0.96 3.45</i>
                <i>1 0 0 0 1 0 0 0 1 0.85 0.96 3.45</i>
                <i>1 0 0 0 1 0 0 0 1 0.85 0.96 3.45</i>
                <i>1 0 0 0 1 0 0 0 1 0.85 0.96 3.45</i>
                <i>1 0 0 0 1 0 0 0 1 0.85 0.96 3.45</i>
                <i>1 0 0 0 1 0 0 0 1 0.85 0.96 3.45</i>
                <i>1 0 0 0 1 0 0 0 1 0.85 0.96 3.45</i>
                <i>1 0 0 0 1 0 0 0 1 0.85 0.96 3.45</i>
                <i>1 0 0 0 1 0 0 0 1 0.85 0.96 3.45</i>
                <i>1 0 0 0 1 0 0 0 1 0.85 0.96 3.45</i>
                <i>1 0 0 0 1 0 0 0 1 0.85 0.96 3.45</i>
                <i>1 0 0 0 1 0 0 0 1 0.85 0.96 3.45</i>
                <i>1 0 0 0 1 0 0 0 1 0.85 0.96 3.45</i>
                <i>1 0 0 0 1 0 0 0 1 0.85 0.96 3.45</i>
                <i>1 0 0 0 1 0 0 0 1 0.85 0.96 3.45</i>
            </KeyFrames>
        </RefFrame>
        <Bones count="23">
            <i>
                <p>
                    <Name>
                        <![CDATA[pelvis]]>
</Name>
                    <Exclude>0</Exclude>
                    <Additive>0</Additive>
                    <IKPriority>0</IKPriority>
                    <IKRotLimits>-1e+010 -1e+010 -1e+010 1e+010 1e+010 1e+010</IKRotLimits>
                    <IKRotLimitOrder>2</IKRotLimitOrder>
                    <KeyFrames count="30">
                        <i>1 0 0 0 1 0 0 0 1 0.851016 2.11624 3.46539</i>
                        <i>1 0 0 0 1 0 0 0 1 0.851016 2.11624 3.46539</i>
                        <i>1 0 0 0 1 0 0 0 1 0.851016 2.11624 3.46539</i>
                        <i>1 0 0 0 1 0 0 0 1 0.851016 2.11624 3.46539</i>
                        <i>1 0 0 0 1 0 0 0 1 0.851016 2.11624 3.46539</i>
                        <i>1 0 0 0 1 0 0 0 1 0.851016 2.11624 3.46539</i>
                        <i>1 0 0 0 1 0 0 0 1 0.851016 2.11624 3.46539</i>
                        <i>1 0 0 0 1 0 0 0 1 0.851016 2.11624 3.46539</i>
                        <i>1 0 0 0 1 0 0 0 1 0.851016 2.11624 3.46539</i>
                        <i>1 0 0 0 1 0 0 0 1 0.851016 2.11624 3.46539</i>
                        <i>1 0 0 0 1 0 0 0 1 0.851016 2.11624 3.46539</i>
                        <i>1 0 0 0 1 0 0 0 1 0.851016 2.11624 3.46539</i>
                        <i>1 0 0 0 1 0 0 0 1 0.851016 2.11624 3.46539</i>
                        <i>1 0 0 0 1 0 0 0 1 0.851016 2.11624 3.46539</i>
                        <i>1 0 0 0 1 0 0 0 1 0.851016 2.11624 3.46539</i>
                        <i>1 0 0 0 1 0 0 0 1 0.851016 2.11624 3.46539</i>
                        <i>1 0 0 0 1 0 0 0 1 0.851016 2.11624 3.46539</i>
                        <i>1 0 0 0 1 0 0 0 1 0.851016 2.11624 3.46539</i>
                        <i>1 0 0 0 1 0 0 0 1 0.851016 2.11624 3.46539</i>
                        <i>1 0 0 0 1 0 0 0 1 0.851016 2.11624 3.46539</i>
                        <i>1 0 0 0 1 0 0 0 1 0.851016 2.11624 3.46539</i>
                        <i>1 0 0 0 1 0 0 0 1 0.851016 2.11624 3.46539</i>
                        <i>1 0 0 0 1 0 0 0 1 0.851016 2.11624 3.46539</i>
                        <i>1 0 0 0 1 0 0 0 1 0.851016 2.11624 3.46539</i>
                        <i>1 0 0 0 1 0 0 0 1 0.851016 2.11624 3.46539</i>
                        <i>1 0 0 0 1 0 0 0 1 0.851016 2.11624 3.46539</i>
                        <i>1 0 0 0 1 0 0 0 1 0.851016 2.11624 3.46539</i>
                        <i>1 0 0 0 1 0 0 0 1 0.851016 2.11624 3.46539</i>
                        <i>1 0 0 0 1 0 0 0 1 0.851016 2.11624 3.46539</i>
                        <i>1 0 0 0 1 0 0 0 1 0.851016 2.11624 3.46539</i>
                    </KeyFrames>
                </p>
            </i>
            <i>
                <p>
                    <Name>
                        <![CDATA[spine0]]>
</Name>
                    <Exclude>0</Exclude>
                    <Additive>0</Additive>
                    <IKPriority>0</IKPriority>
                    <IKRotLimits>-1e+010 -1e+010 -1e+010 1e+010 1e+010 1e+010</IKRotLimits>
                    <IKRotLimitOrder>0</IKRotLimitOrder>
                    <KeyFrames count="30">
                        <i>0.0413883 0.996169 0.077032 -0.0727492 -0.0738889 0.994609 0.996491 -0.0467692 0.0694124 0.797733 2.24978 3.47032</i>
                        <i>0.0367452 0.996488 0.0752411 -0.0728102 -0.0724222 0.994713 0.996669 -0.0420293 0.0698934 0.797733 2.24978 3.47032</i>
                        <i>0.0329462 0.996723 0.0738703 -0.072856 -0.0713187 0.994789 0.996798 -0.0381564 0.0702676 0.797733 2.24978 3.47032</i>
                        <i>0.0301843 0.996878 0.0729557 -0.0728858 -0.0705995 0.994838 0.996883 -0.035346 0.0705273 0.797733 2.24978 3.47032</i>
                        <i>0.028667 0.996953 0.0725396 -0.0728986 -0.0702911 0.994859 0.996927 -0.0338077 0.0706615 0.797733 2.24978 3.47032</i>
                        <i>0.0285902 0.996947 0.0726607 -0.0728934 -0.0704175 0.994851 0.99693 -0.0337394 0.0706576 0.797733 2.24978 3.47032</i>
                        <i>0.0301265 0.996851 0.073348 -0.0728694 -0.0709956 0.994811 0.996886 -0.0353151 0.0705011 0.797733 2.24978 3.47032</i>
                        <i>0.0329144 0.996682 0.0744403 -0.0728323 -0.0718907 0.99475 0.996801 -0.0381633 0.0702244 0.797733 2.24978 3.47032</i>
                        <i>0.036161 0.996481 0.0756234 -0.0727926 -0.0728454 0.994683 0.996691 -0.0414736 0.0699023 0.797733 2.24978 3.47032</i>
                        <i>0.0400918 0.996227 0.0769714 -0.072748 -0.0739186 0.994607 0.996544 -0.0454751 0.06951 0.797733 2.24978 3.47032</i>
                        <i>0.0450676 0.995884 0.0786406 -0.0726927 -0.0752426 0.994512 0.996336 -0.0505369 0.0690025 0.797733 2.24978 3.47032</i>
                        <i>0.0508066 0.995455 0.0805495 -0.0726294 -0.0767573 0.994401 0.996064 -0.0563724 0.0683995 0.797733 2.24978 3.47032</i>
                        <i>0.0570185 0.994949 0.0826137 -0.0725605 -0.0783997 0.994278 0.995733 -0.0626868 0.0677238 0.797733 2.24978 3.47032</i>
                        <i>0.0633956 0.994384 0.0847422 -0.0724889 -0.0801006 0.994147 0.995352 -0.0691675 0.0670038 0.797733 2.24978 3.47032</i>
                        <i>0.0696082 0.993788 0.0868364 -0.0724179 -0.081784 0.994016 0.994942 -0.0754801 0.0662752 0.797733 2.24978 3.47032</i>
                        <i>0.0753056 0.9932 0.0887908 -0.0723509 -0.0833667 0.993889 0.994532 -0.0812695 0.0655809 0.797733 2.24978 3.47032</i>
                        <i>0.080118 0.992669 0.0904937 -0.0722918 -0.0847599 0.993775 0.99416 -0.0861612 0.064971 0.797733 2.24978 3.47032</i>
                        <i>0.0832056 0.992307 0.0916735 -0.0722499 -0.0857435 0.993694 0.99391 -0.0893043 0.0645598 0.797733 2.24978 3.47032</i>
                        <i>0.0840986 0.992187 0.0921566 -0.0722317 -0.0861709 0.993658 0.993836 -0.090222 0.0644205 0.797733 2.24978 3.47032</i>
                        <i>0.0829771 0.992298 0.0919772 -0.0722363 -0.0860637 0.993667 0.99393 -0.0890957 0.0645386 0.797733 2.24978 3.47032</i>
                        <i>0.0802797 0.992586 0.0912584 -0.0722596 -0.0855177 0.993713 0.99415 -0.0863692 0.0648585 0.797733 2.24978 3.47032</i>
                        <i>0.0765675 0.992979 0.0901632 -0.072296 -0.0846616 0.993784 0.99444 -0.08261 0.0653061 0.797733 2.24978 3.47032</i>
                        <i>0.0722653 0.993424 0.0888043 -0.0723418 -0.0835819 0.993872 0.994758 -0.0782467 0.065826 0.797733 2.24978 3.47032</i>
                        <i>0.0678458 0.993868 0.0873092 -0.0723929 -0.0823762 0.993969 0.995066 -0.0737571 0.0663601 0.797733 2.24978 3.47032</i>
                        <i>0.0635494 0.994288 0.0857537 -0.0724466 -0.0811045 0.994069 0.995346 -0.0693851 0.0668786 0.797733 2.24978 3.47032</i>
                        <i>0.0592701 0.99469 0.0841302 -0.072503 -0.0797663 0.994173 0.995606 -0.0650245 0.0673903 0.797733 2.24978 3.47032</i>
                        <i>0.0549699 0.995078 0.0824459 -0.0725617 -0.0783713 0.99428 0.995848 -0.0606379 0.0678965 0.797733 2.24978 3.47032</i>
                        <i>0.0505964 0.995453 0.0807026 -0.0726224 -0.0769251 0.994389 0.996075 -0.0561733 0.0684 0.797733 2.24978 3.47032</i>
                        <i>0.0460897 0.995817 0.0788991 -0.0726849 -0.0754305 0.994498 0.996289 -0.0515709 0.0689043 0.797733 2.24978 3.47032</i>
                        <i>0.0413883 0.996169 0.077032 -0.0727492 -0.0738889 0.994609 0.996491 -0.0467692 0.0694124 0.797733 2.24978 3.47032</i>
                    </KeyFrames>
                </p>
            </i>
            <i>
                <p>
                    <Name>
                        <![CDATA[spine1]]>
</Name>
                    <Exclude>0</Exclude>
                    <Additive>0</Additive>
                    <IKPriority>0</IKPriority>
                    <IKRotLimits>-1e+010 -1e+010 -1e+010 1e+010 1e+010 1e+010</IKRotLimits>
                    <IKRotLimitOrder>0</IKRotLimitOrder>
                    <KeyFrames count="30">
                        <i>0.340107 0.928368 0.149867 -0.21508 -0.0783502 0.973448 0.91546 -0.36331 0.173026 0.804984 2.42493 3.48387</i>
                        <i>0.336318 0.92993 0.148731 -0.214848 -0.078002 0.973528 0.916914 -0.359369 0.17356 0.804191 2.42577 3.48361</i>
                        <i>0.333549 0.93106 0.147893 -0.214676 -0.0777409 0.973586 0.917965 -0.356488 0.173946 0.803523 2.4259 3.48337</i>
                        <i>0.332103 0.931644 0.147468 -0.214581 -0.0776206 0.973617 0.918511 -0.354984 0.174135 0.803025 2.42553 3.48318</i>
                        <i>0.332258 0.931574 0.147563 -0.214566 -0.077695 0.973614 0.918459 -0.355153 0.174069 0.802742 2.42486 3.48306</i>
                        <i>0.334242 0.930752 0.148266 -0.214629 -0.0780127 0.973575 0.917724 -0.357232 0.173691 0.802711 2.42408 3.48303</i>
                        <i>0.338218 0.929094 0.149642 -0.214761 -0.0786144 0.973498 0.916235 -0.361391 0.172945 0.802964 2.4234 3.4831</i>
                        <i>0.343125 0.927018 0.151338 -0.214929 -0.0793563 0.9734 0.914369 -0.366525 0.172014 0.803439 2.423 3.48326</i>
                        <i>0.346933 0.925381 0.15267 -0.21508 -0.0799436 0.973319 0.912895 -0.370513 0.171296 0.804006 2.42306 3.48347</i>
                        <i>0.348841 0.924547 0.153372 -0.215214 -0.0802511 0.973264 0.912136 -0.372523 0.17098 0.804711 2.42364 3.48376</i>
                        <i>0.349321 0.924328 0.153597 -0.215349 -0.0803383 0.973227 0.911921 -0.373046 0.170989 0.805621 2.42463 3.48413</i>
                        <i>0.348957 0.924476 0.153537 -0.215476 -0.0802948 0.973202 0.91203 -0.372689 0.171183 0.806686 2.42585 3.48457</i>
                        <i>0.348299 0.924751 0.153371 -0.215588 -0.0802044 0.973185 0.912255 -0.372025 0.17143 0.807857 2.42716 3.48505</i>
                        <i>0.347839 0.924943 0.153258 -0.21568 -0.0801393 0.97317 0.912409 -0.371561 0.171616 0.809072 2.42841 3.48554</i>
                        <i>0.347997 0.924871 0.153334 -0.215753 -0.080158 0.973152 0.912331 -0.371736 0.171649 0.81026 2.42944 3.48602</i>
                        <i>0.349141 0.924377 0.153714 -0.215811 -0.0803076 0.973127 0.911881 -0.372932 0.171452 0.811342 2.43007 3.48644</i>
                        <i>0.351612 0.923308 0.154503 -0.215864 -0.0806279 0.973089 0.910918 -0.375502 0.170959 0.812228 2.43015 3.48676</i>
                        <i>0.354898 0.921883 0.155498 -0.21591 -0.0810086 0.973047 0.909632 -0.378906 0.170294 0.812739 2.42944 3.48692</i>
                        <i>0.357913 0.920576 0.156325 -0.215937 -0.0812752 0.973019 0.908443 -0.382013 0.169697 0.81279 2.42801 3.48688</i>
                        <i>0.360162 0.919611 0.156842 -0.215946 -0.0813744 0.973009 0.907552 -0.38431 0.169278 0.812443 2.42615 3.48667</i>
                        <i>0.361643 0.918989 0.157076 -0.215941 -0.0813327 0.973013 0.906964 -0.385802 0.169034 0.811809 2.42414 3.48635</i>
                        <i>0.36252 0.918636 0.157118 -0.21593 -0.0812086 0.973026 0.906616 -0.386668 0.168921 0.811019 2.42225 3.48598</i>
                        <i>0.36255 0.918658 0.156921 -0.215908 -0.0810028 0.973048 0.90661 -0.386659 0.168978 0.810168 2.42077 3.48561</i>
                        <i>0.361476 0.919164 0.156437 -0.215872 -0.0807184 0.97308 0.907047 -0.385515 0.169244 0.809353 2.41998 3.48528</i>
                        <i>0.359285 0.920152 0.155676 -0.215815 -0.0803695 0.973121 0.907931 -0.383225 0.169707 0.808611 2.41994 3.485</i>
                        <i>0.356278 0.921482 0.154713 -0.215734 -0.0799806 0.973171 0.909134 -0.380096 0.1703 0.807901 2.42043 3.48476</i>
                        <i>0.352664 0.923057 0.153602 -0.215624 -0.0795697 0.973229 0.910568 -0.376343 0.170972 0.807203 2.42131 3.48454</i>
                        <i>0.34864 0.924785 0.152393 -0.215481 -0.0791522 0.973295 0.91215 -0.372167 0.171677 0.806497 2.42245 3.48432</i>
                        <i>0.344394 0.926581 0.151133 -0.2153 -0.0787414 0.973368 0.913805 -0.367761 0.172375 0.805763 2.4237 3.4841</i>
                        <i>0.340107 0.928368 0.149867 -0.21508 -0.0783502 0.973448 0.91546 -0.36331 0.173026 0.804984 2.42493 3.48387</i>
                    </KeyFrames>
                </p>
            </i>
            <i>
                <p>
                    <Name>
                        <![CDATA[spine2]]>
</Name>
                    <Exclude>0</Exclude>
                    <Additive>0</Additive>
                    <IKPriority>0</IKPriority>
                    <IKRotLimits>-1e+010 -1e+010 -1e+010 1e+010 1e+010 1e+010</IKRotLimits>
                    <IKRotLimitOrder>0</IKRotLimitOrder>
                    <KeyFrames count="30">
                        <i>0.552406 0.803611 0.221489 -0.34335 -0.0227653 0.938932 0.759578 -0.594719 0.263344 0.860058 2.575 3.50827</i>
                        <i>0.559166 0.798248 0.223905 -0.343179 -0.0229877 0.938989 0.754693 -0.60189 0.261088 0.858905 2.57675 3.50794</i>
                        <i>0.563484 0.79476 0.225482 -0.343084 -0.0231634 0.939019 0.751518 -0.606481 0.259617 0.857816 2.57714 3.50758</i>
                        <i>0.566078 0.792635 0.226462 -0.343045 -0.0232954 0.93903 0.749584 -0.609251 0.258722 0.856956 2.57652 3.50726</i>
                        <i>0.567591 0.791381 0.227062 -0.343045 -0.0233868 0.939028 0.748439 -0.610876 0.258205 0.856478 2.57525 3.50706</i>
                        <i>0.568623 0.79052 0.227477 -0.343067 -0.0234403 0.939019 0.747645 -0.611987 0.257872 0.856519 2.57368 3.50703</i>
                        <i>0.569748 0.789588 0.227899 -0.343093 -0.0234585 0.939008 0.746776 -0.613189 0.257537 0.857195 2.57216 3.50723</i>
                        <i>0.570615 0.788872 0.228209 -0.343123 -0.0234477 0.938998 0.7461 -0.61411 0.2573 0.858334 2.57111 3.50761</i>
                        <i>0.570128 0.789271 0.228046 -0.343165 -0.0234182 0.938983 0.746453 -0.613598 0.257499 0.859538 2.57098 3.50805</i>
                        <i>0.56666 0.792105 0.226861 -0.343254 -0.0233594 0.938952 0.749048 -0.609937 0.258657 0.860761 2.57197 3.50853</i>
                        <i>0.559682 0.797727 0.224472 -0.343408 -0.0232625 0.938898 0.754207 -0.602569 0.260926 0.862097 2.57381 3.50909</i>
                        <i>0.550302 0.805118 0.221252 -0.343608 -0.0231388 0.938828 0.760987 -0.592663 0.263911 0.86354 2.57616 3.50971</i>
                        <i>0.539613 0.813315 0.217568 -0.343834 -0.0229981 0.938749 0.768502 -0.581369 0.267235 0.865075 2.57872 3.51037</i>
                        <i>0.528679 0.821459 0.213783 -0.344068 -0.0228486 0.938667 0.775961 -0.569809 0.270558 0.866668 2.58116 3.51104</i>
                        <i>0.518533 0.828806 0.210247 -0.344289 -0.0226963 0.93859 0.782681 -0.559075 0.27358 0.868262 2.58315 3.51169</i>
                        <i>0.510172 0.834715 0.207306 -0.344477 -0.0225454 0.938524 0.788074 -0.550221 0.276038 0.869784 2.58433 3.51228</i>
                        <i>0.504571 0.838607 0.205296 -0.344613 -0.0223991 0.938478 0.791612 -0.544277 0.277693 0.871141 2.58438 3.51277</i>
                        <i>0.501831 0.840504 0.20425 -0.344689 -0.022252 0.938453 0.793319 -0.541348 0.278546 0.87198 2.58288 3.51299</i>
                        <i>0.501001 0.841098 0.203843 -0.344717 -0.0221046 0.938446 0.793831 -0.540431 0.278867 0.872048 2.58004 3.51288</i>
                        <i>0.501515 0.840778 0.203898 -0.344709 -0.0219696 0.938453 0.79351 -0.540933 0.278805 0.871419 2.57642 3.51248</i>
                        <i>0.503269 0.839611 0.204387 -0.344666 -0.0218573 0.938471 0.792418 -0.542749 0.278385 0.870307 2.57255 3.5119</i>
                        <i>0.506321 0.837541 0.20534 -0.344589 -0.0217774 0.938501 0.790505 -0.54594 0.277581 0.868975 2.56895 3.51124</i>
                        <i>0.510363 0.834758 0.206662 -0.344484 -0.0217414 0.93854 0.787947 -0.550188 0.276465 0.867585 2.56615 3.51061</i>
                        <i>0.515051 0.831479 0.208245 -0.344359 -0.0217606 0.938586 0.784945 -0.55513 0.27512 0.866298 2.5647 3.51007</i>
                        <i>0.520188 0.827825 0.210023 -0.344219 -0.0218362 0.938635 0.781612 -0.560561 0.273594 0.865171 2.56472 3.50966</i>
                        <i>0.525804 0.823765 0.211996 -0.344065 -0.0219577 0.938689 0.777914 -0.566506 0.271883 0.864132 2.56577 3.50932</i>
                        <i>0.531857 0.819311 0.214143 -0.343899 -0.0221182 0.938746 0.773862 -0.572922 0.269996 0.863142 2.5676 3.50904</i>
                        <i>0.538315 0.814474 0.216448 -0.343723 -0.0223108 0.938806 0.769462 -0.579771 0.267943 0.862158 2.56992 3.50879</i>
                        <i>0.545162 0.809248 0.218898 -0.34354 -0.0225287 0.938868 0.764708 -0.587035 0.265727 0.861142 2.57248 3.50854</i>
                        <i>0.552406 0.803611 0.221489 -0.34335 -0.0227653 0.938932 0.759578 -0.594719 0.263344 0.860058 2.575 3.50827</i>
                    </KeyFrames>
                </p>
            </i>
            <i>
                <p>
                    <Name>
                        <![CDATA[head]]>
</Name>
                    <Exclude>0</Exclude>
                    <Additive>0</Additive>
                    <IKPriority>0</IKPriority>
                    <IKRotLimits>-1e+010 -1e+010 -1e+010 1e+010 1e+010 1e+010</IKRotLimits>
                    <IKRotLimitOrder>0</IKRotLimitOrder>
                    <KeyFrames count="30">
                        <i>0.399276 0.872372 0.282037 -0.553996 0.474675 -0.683939 -0.730525 0.116833 0.672817 0.995319 2.78977 3.56465</i>
                        <i>0.393695 0.880927 0.262626 -0.561035 0.456583 -0.690487 -0.728179 0.124498 0.673985 0.997102 2.79008 3.56537</i>
                        <i>0.386716 0.888707 0.246273 -0.567815 0.439887 -0.695762 -0.726661 0.129225 0.674733 0.997687 2.78928 3.56561</i>
                        <i>0.379197 0.895483 0.233067 -0.573881 0.42518 -0.699916 -0.725858 0.131654 0.675127 0.997558 2.78773 3.56557</i>
                        <i>0.372018 0.901021 0.223078 -0.57888 0.413073 -0.703043 -0.725604 0.132409 0.675253 0.997178 2.78573 3.5654</i>
                        <i>0.366067 0.905087 0.216362 -0.582538 0.404186 -0.705183 -0.725703 0.132105 0.675207 0.996977 2.78361 3.56529</i>
                        <i>0.362232 0.907432 0.212968 -0.58462 0.399142 -0.706332 -0.725952 0.131351 0.675085 0.997363 2.78169 3.56538</i>
                        <i>0.360523 0.90819 0.212636 -0.585245 0.39776 -0.706594 -0.7263 0.130299 0.674915 0.998228 2.78048 3.56566</i>
                        <i>0.360215 0.90779 0.214854 -0.584794 0.399182 -0.706166 -0.726816 0.128726 0.674661 0.999054 2.7807 3.56597</i>
                        <i>0.358787 0.907494 0.218462 -0.58437 0.400885 -0.705551 -0.727862 0.12548 0.674145 0.999358 2.78299 3.56615</i>
                        <i>0.354538 0.908161 0.222589 -0.584765 0.401106 -0.705099 -0.729625 0.119822 0.673268 0.998932 2.78711 3.56612</i>
                        <i>0.348461 0.909342 0.227314 -0.585674 0.400576 -0.704645 -0.73182 0.112409 0.672163 0.997984 2.7924 3.56594</i>
                        <i>0.341555 0.910594 0.232721 -0.586787 0.400027 -0.704031 -0.734181 0.103908 0.670955 0.996715 2.79821 3.56565</i>
                        <i>0.334824 0.911495 0.238892 -0.587786 0.40019 -0.703104 -0.736478 0.0949985 0.669757 0.995319 2.80388 3.56531</i>
                        <i>0.32928 0.911646 0.245919 -0.588342 0.401796 -0.701722 -0.738531 0.0863785 0.668663 0.993978 2.80877 3.56495</i>
                        <i>0.325933 0.910663 0.253891 -0.588098 0.405573 -0.699751 -0.740208 0.0787589 0.667749 0.992864 2.81225 3.56462</i>
                        <i>0.325783 0.908157 0.262899 -0.586655 0.41224 -0.697061 -0.741419 0.0728598 0.667076 0.992137 2.81368 3.56436</i>
                        <i>0.328914 0.904126 0.272712 -0.583934 0.421671 -0.693696 -0.742183 0.0689211 0.666644 0.991436 2.81251 3.56401</i>
                        <i>0.334249 0.899091 0.282689 -0.580333 0.432673 -0.689934 -0.742625 0.0665565 0.666392 0.99032 2.80912 3.56343</i>
                        <i>0.341039 0.893446 0.292312 -0.576132 0.444362 -0.686013 -0.742808 0.0655462 0.666288 0.988837 2.80436 3.56267</i>
                        <i>0.348915 0.887432 0.301201 -0.571478 0.456207 -0.68212 -0.742746 0.0658725 0.666326 0.987281 2.79896 3.56186</i>
                        <i>0.357652 0.881243 0.309024 -0.566472 0.467806 -0.678429 -0.742424 0.0675883 0.666512 0.986035 2.79361 3.56118</i>
                        <i>0.366733 0.875248 0.315354 -0.561393 0.478498 -0.675187 -0.741852 0.0705755 0.666839 0.985295 2.78908 3.56073</i>
                        <i>0.375659 0.869843 0.319772 -0.556558 0.487639 -0.672646 -0.741029 0.0747138 0.667303 0.985255 2.78614 3.5606</i>
                        <i>0.383948 0.865442 0.321859 -0.552319 0.4946 -0.671055 -0.739951 0.0798814 0.667901 0.985949 2.78495 3.56083</i>
                        <i>0.391132 0.862468 0.321194 -0.549064 0.498759 -0.670647 -0.73861 0.0859553 0.668631 0.987201 2.78495 3.56131</i>
                        <i>0.396743 0.861329 0.317343 -0.547199 0.499498 -0.671622 -0.736999 0.0928117 0.669491 0.988888 2.78579 3.56199</i>
                        <i>0.40031 0.862404 0.309856 -0.547137 0.496179 -0.674128 -0.735115 0.100326 0.670478 0.990884 2.78711 3.56282</i>
                        <i>0.401334 0.86601 0.298257 -0.549279 0.48814 -0.678241 -0.732955 0.108374 0.671589 0.993067 2.78855 3.56372</i>
                        <i>0.399276 0.872372 0.282037 -0.553996 0.474675 -0.683939 -0.730525 0.116833 0.672817 0.995319 2.78977 3.56465</i>
                    </KeyFrames>
                </p>
            </i>
            <i>
                <p>
                    <Name>
                        <![CDATA[head_prop]]>
</Name>
                    <Exclude>0</Exclude>
                    <Additive>0</Additive>
                    <IKPriority>0</IKPriority>
                    <IKRotLimits>-1e+010 -1e+010 -1e+010 1e+010 1e+010 1e+010</IKRotLimits>
                    <IKRotLimitOrder>0</IKRotLimitOrder>
                    <KeyFrames count="30">
                        <i>0.730525 -0.116833 -0.672817 0.399276 0.872372 0.282037 0.553996 -0.474675 0.683939 1.12545 3.07408 3.65657</i>
                        <i>0.728179 -0.124498 -0.673985 0.393695 0.880927 0.262626 0.561035 -0.456583 0.690487 1.12541 3.07718 3.65096</i>
                        <i>0.726661 -0.129225 -0.674733 0.386716 0.888707 0.246273 0.567815 -0.439887 0.695762 1.12372 3.07892 3.64588</i>
                        <i>0.725858 -0.131654 -0.675127 0.379197 0.895483 0.233067 0.573881 -0.42518 0.699916 1.12114 3.07957 3.64152</i>
                        <i>0.725604 -0.132409 -0.675253 0.372018 0.901021 0.223078 0.57888 -0.413073 0.703043 1.11842 3.07938 3.6381</i>
                        <i>0.725703 -0.132105 -0.675207 0.366067 0.905087 0.216362 0.582538 -0.404186 0.705183 1.11628 3.07859 3.6358</i>
                        <i>0.725952 -0.131351 -0.675085 0.362232 0.907432 0.212968 0.58462 -0.399142 0.706332 1.11542 3.07743 3.63479</i>
                        <i>0.7263 -0.130299 -0.674915 0.360523 0.90819 0.212636 0.585245 -0.39776 0.706594 1.11573 3.07647 3.63496</i>
                        <i>0.726816 -0.128726 -0.674661 0.360215 0.90779 0.214854 0.584794 -0.399182 0.706166 1.11645 3.07656 3.63599</i>
                        <i>0.727862 -0.12548 -0.674145 0.358787 0.907494 0.218462 0.58437 -0.400885 0.705551 1.11629 3.07875 3.63735</i>
                        <i>0.729625 -0.119822 -0.673268 0.354538 0.908161 0.222589 0.584765 -0.401106 0.705099 1.11448 3.08308 3.63867</i>
                        <i>0.73182 -0.112409 -0.672163 0.348461 0.909342 0.227314 0.585674 -0.400576 0.704645 1.11155 3.08876 3.64003</i>
                        <i>0.734181 -0.103908 -0.670955 0.341555 0.910594 0.232721 0.586787 -0.400027 0.704031 1.10803 3.09498 3.6415</i>
                        <i>0.736478 -0.0949985 -0.669757 0.334824 0.911495 0.238892 0.587786 -0.40019 0.703104 1.10444 3.10095 3.64316</i>
                        <i>0.738531 -0.0863785 -0.668663 0.32928 0.911646 0.245919 0.588342 -0.401796 0.701722 1.10129 3.10588 3.6451</i>
                        <i>0.740208 -0.0787589 -0.667749 0.325933 0.910663 0.253891 0.588098 -0.405573 0.699751 1.09909 3.10904 3.64737</i>
                        <i>0.741419 -0.0728598 -0.667076 0.325783 0.908157 0.262899 0.586655 -0.41224 0.697061 1.09831 3.10966 3.65004</i>
                        <i>0.742183 -0.0689211 -0.666644 0.328914 0.904126 0.272712 0.583934 -0.421671 0.693696 1.09863 3.10717 3.65289</i>
                        <i>0.742625 -0.0665565 -0.666392 0.334249 0.899091 0.282689 0.580333 -0.432673 0.689934 1.09926 3.10215 3.65556</i>
                        <i>0.742808 -0.0655462 -0.666288 0.341039 0.893446 0.292312 0.576132 -0.444362 0.686013 1.09998 3.09555 3.65793</i>
                        <i>0.742746 -0.0658725 -0.666326 0.348915 0.887432 0.301201 0.571478 -0.456207 0.68212 1.101 3.08818 3.66003</i>
                        <i>0.742424 -0.0675883 -0.666512 0.357652 0.881243 0.309024 0.566472 -0.467806 0.678429 1.1026 3.08082 3.6619</i>
                        <i>0.741852 -0.0705755 -0.666839 0.366733 0.875248 0.315354 0.561393 -0.478498 0.675187 1.10482 3.07433 3.6635</i>
                        <i>0.741029 -0.0747138 -0.667303 0.375659 0.869843 0.319772 0.556558 -0.487639 0.672646 1.10769 3.06963 3.66482</i>
                        <i>0.739951 -0.0798814 -0.667901 0.383948 0.865442 0.321859 0.552319 -0.4946 0.671055 1.11108 3.06701 3.66572</i>
                        <i>0.73861 -0.0859553 -0.668631 0.391132 0.862468 0.321194 0.549064 -0.498759 0.670647 1.11467 3.06604 3.66599</i>
                        <i>0.736999 -0.0928117 -0.669491 0.396743 0.861329 0.317343 0.547199 -0.499498 0.671622 1.11819 3.06651 3.66542</i>
                        <i>0.735115 -0.100326 -0.670478 0.40031 0.862404 0.309856 0.547137 -0.496179 0.674128 1.12135 3.06817 3.6638</i>
                        <i>0.732955 -0.108374 -0.671589 0.401334 0.86601 0.298257 0.549279 -0.48814 0.678241 1.12387 3.07079 3.66093</i>
                        <i>0.730525 -0.116833 -0.672817 0.399276 0.872372 0.282037 0.553996 -0.474675 0.683939 1.12545 3.07408 3.65657</i>
                    </KeyFrames>
                </p>
            </i>
            <i>
                <p>
                    <Name>
                        <![CDATA[l_clav]]>
</Name>
                    <Exclude>0</Exclude>
                    <Additive>0</Additive>
                    <IKPriority>0</IKPriority>
                    <IKRotLimits>-1e+010 -1e+010 -1e+010 1e+010 1e+010 1e+010</IKRotLimits>
                    <IKRotLimitOrder>0</IKRotLimitOrder>
                    <KeyFrames count="30">
                        <i>-0.461123 0.539225 -0.7047 0.362009 0.839399 0.405412 0.810133 -0.0681631 -0.58227 0.950902 2.60937 3.44933</i>
                        <i>-0.452749 0.550873 -0.701111 0.375723 0.830967 0.410276 0.80861 -0.0776711 -0.583195 0.949718 2.61113 3.44899</i>
                        <i>-0.447425 0.558086 -0.698821 0.384199 0.825565 0.413319 0.80759 -0.0835574 -0.583795 0.948465 2.61127 3.44856</i>
                        <i>-0.444605 0.561863 -0.697594 0.388601 0.822685 0.414944 0.807042 -0.086599 -0.58411 0.947383 2.61021 3.44816</i>
                        <i>-0.443666 0.563135 -0.697165 0.390032 0.821713 0.415528 0.806868 -0.0875608 -0.584207 0.946692 2.60839 3.44787</i>
                        <i>-0.443944 0.5628 -0.697258 0.389568 0.82198 0.415433 0.806939 -0.0872003 -0.584162 0.946593 2.60623 3.44777</i>
                        <i>-0.44476 0.561744 -0.697591 0.388275 0.822801 0.41502 0.807113 -0.0862724 -0.58406 0.94726 2.60416 3.44796</i>
                        <i>-0.445937 0.560192 -0.698087 0.386422 0.823994 0.414382 0.807353 -0.0849677 -0.583919 0.948527 2.60275 3.44838</i>
                        <i>-0.447712 0.557825 -0.698846 0.38362 0.825797 0.413394 0.807706 -0.0830099 -0.583712 0.949961 2.60266 3.4489</i>
                        <i>-0.451344 0.552928 -0.700399 0.377834 0.829478 0.411349 0.808412 -0.0789748 -0.583295 0.951518 2.60431 3.44954</i>
                        <i>-0.457563 0.544369 -0.703063 0.367734 0.835754 0.407783 0.809572 -0.0719541 -0.582594 0.95328 2.60735 3.45029</i>
                        <i>-0.465513 0.53309 -0.706479 0.354464 0.843726 0.403089 0.810958 -0.0627779 -0.581727 0.9552 2.61128 3.45114</i>
                        <i>-0.474362 0.520055 -0.710298 0.339186 0.852531 0.397672 0.812363 -0.0522829 -0.580804 0.957226 2.61561 3.45203</i>
                        <i>-0.483335 0.506279 -0.714191 0.323108 0.86138 0.391952 0.813627 -0.0413164 -0.579918 0.959289 2.6198 3.45293</i>
                        <i>-0.491731 0.492835 -0.717853 0.307484 0.86958 0.386374 0.81465 -0.0307362 -0.579139 0.961302 2.62333 3.45379</i>
                        <i>-0.498925 0.480852 -0.721009 0.293614 0.87654 0.381403 0.815392 -0.0214073 -0.578513 0.96316 2.62566 3.45454</i>
                        <i>-0.504356 0.471499 -0.723404 0.282831 0.881752 0.377517 0.815862 -0.0141979 -0.578072 0.964739 2.62625 3.45512</i>
                        <i>-0.507923 0.4652 -0.724985 0.275599 0.885156 0.374892 0.816125 -0.00938872 -0.577799 0.965584 2.62453 3.45533</i>
                        <i>-0.510048 0.461384 -0.725931 0.271236 0.887177 0.373294 0.816261 -0.00650131 -0.577646 0.965399 2.62082 3.4551</i>
                        <i>-0.510961 0.459725 -0.726341 0.269355 0.888045 0.37259 0.816313 -0.00526497 -0.577586 0.964316 2.61592 3.45449</i>
                        <i>-0.510696 0.460198 -0.726228 0.269924 0.887798 0.372767 0.816291 -0.00565595 -0.577613 0.962639 2.61056 3.45365</i>
                        <i>-0.509204 0.462877 -0.725574 0.273034 0.886389 0.373854 0.816189 -0.00773826 -0.577734 0.960729 2.60543 3.45273</i>
                        <i>-0.506564 0.467567 -0.724413 0.278465 0.883884 0.375773 0.815997 -0.0113709 -0.577945 0.958828 2.6013 3.45186</i>
                        <i>-0.502842 0.474067 -0.72278 0.285991 0.880336 0.378441 0.815695 -0.0164121 -0.578249 0.95718 2.59893 3.45116</i>
                        <i>-0.4981 0.482166 -0.720703 0.295379 0.875785 0.381774 0.81526 -0.0227187 -0.57865 0.955865 2.59848 3.45066</i>
                        <i>-0.492392 0.491653 -0.718211 0.306394 0.870269 0.385687 0.814661 -0.0301468 -0.579153 0.954756 2.59938 3.45029</i>
                        <i>-0.485775 0.502314 -0.715334 0.3188 0.863826 0.390092 0.813873 -0.0385516 -0.579763 0.95378 2.60128 3.45002</i>
                        <i>-0.478312 0.513936 -0.712101 0.332361 0.856497 0.394905 0.812868 -0.0477869 -0.580485 0.952861 2.60382 3.44979</i>
                        <i>-0.470069 0.526308 -0.708545 0.346841 0.848334 0.400039 0.811626 -0.0577064 -0.58132 0.951924 2.60663 3.44958</i>
                        <i>-0.461123 0.539225 -0.7047 0.362009 0.839399 0.405412 0.810133 -0.0681631 -0.58227 0.950902 2.60937 3.44933</i>
                    </KeyFrames>
                </p>
            </i>
            <i>
                <p>
                    <Name>
                        <![CDATA[l_shoulder]]>
</Name>
                    <Exclude>0</Exclude>
                    <Additive>0</Additive>
                    <IKPriority>0</IKPriority>
                    <IKRotLimits>-1e+010 -1e+010 -1e+010 1e+010 1e+010 1e+010</IKRotLimits>
                    <IKRotLimitOrder>0</IKRotLimitOrder>
                    <KeyFrames count="30">
                        <i>-0.599215 -0.464096 -0.652347 0.542762 0.363494 -0.757154 0.588516 -0.807767 0.0340827 0.859794 2.71591 3.3101</i>
                        <i>-0.588154 -0.478722 -0.651843 0.54784 0.357073 -0.756552 0.594934 -0.802075 0.0522486 0.860264 2.71997 3.31046</i>
                        <i>-0.583645 -0.483881 -0.652087 0.551046 0.353811 -0.755755 0.596411 -0.800423 0.0601407 0.860064 2.72153 3.31049</i>
                        <i>-0.584215 -0.481884 -0.653055 0.55282 0.352848 -0.75491 0.594208 -0.802051 0.0602553 0.859539 2.72122 3.31033</i>
                        <i>-0.58802 -0.4754 -0.654391 0.553533 0.3534 -0.754129 0.589774 -0.80567 0.0553433 0.859034 2.71965 3.31012</i>
                        <i>-0.593223 -0.467102 -0.655669 0.553534 0.35471 -0.753512 0.58454 -0.809936 0.0481349 0.858879 2.71742 3.31001</i>
                        <i>-0.598164 -0.459504 -0.656549 0.55317 0.356032 -0.753157 0.57983 -0.813694 0.0412181 0.859385 2.71515 3.31013</i>
                        <i>-0.601613 -0.454577 -0.656827 0.55251 0.357038 -0.753164 0.576884 -0.816017 0.0363603 0.86042 2.71343 3.31045</i>
                        <i>-0.602571 -0.453979 -0.656362 0.551394 0.357748 -0.753645 0.576951 -0.816039 0.0347528 0.861502 2.71287 3.31083</i>
                        <i>-0.601231 -0.457752 -0.654969 0.549045 0.358884 -0.754819 0.580578 -0.813428 0.0355541 0.862342 2.71355 3.31115</i>
                        <i>-0.598894 -0.463912 -0.652773 0.545 0.361141 -0.756672 0.586772 -0.808927 0.0365472 0.862875 2.7149 3.31138</i>
                        <i>-0.596009 -0.47138 -0.650057 0.539728 0.364228 -0.758968 0.594531 -0.803205 0.0373344 0.863224 2.71661 3.31155</i>
                        <i>-0.593084 -0.479059 -0.647112 0.533695 0.367872 -0.761472 0.602844 -0.796977 0.0374927 0.863502 2.71836 3.31169</i>
                        <i>-0.590723 -0.485802 -0.644239 0.527374 0.371828 -0.76395 0.610674 -0.791038 0.0365523 0.863792 2.71982 3.31183</i>
                        <i>-0.589636 -0.490406 -0.641741 0.521248 0.375882 -0.766168 0.616952 -0.786266 0.0339894 0.864147 2.7207 3.31196</i>
                        <i>-0.590608 -0.49162 -0.639915 0.515811 0.379848 -0.767889 0.620581 -0.783597 0.0292416 0.864583 2.72067 3.31208</i>
                        <i>-0.59441 -0.488186 -0.639024 0.511576 0.383556 -0.768879 0.620458 -0.783938 0.0217545 0.865089 2.71941 3.31219</i>
                        <i>-0.602432 -0.477843 -0.639329 0.508724 0.387346 -0.768871 0.615041 -0.788435 0.00974095 0.865229 2.71644 3.31209</i>
                        <i>-0.613952 -0.461328 -0.6405 0.506985 0.391469 -0.767931 0.605004 -0.796196 -0.00645692 0.864624 2.71198 3.31167</i>
                        <i>-0.626624 -0.44179 -0.642 0.506213 0.395602 -0.766321 0.592529 -0.805184 -0.0242539 0.863362 2.70675 3.31098</i>
                        <i>-0.638436 -0.422204 -0.643539 0.506421 0.399207 -0.764311 0.579601 -0.813866 -0.0410554 0.861737 2.70148 3.31016</i>
                        <i>-0.647854 -0.40521 -0.64505 0.507679 0.401648 -0.762195 0.567932 -0.82127 -0.0544929 0.860121 2.69689 3.30937</i>
                        <i>-0.653775 -0.393113 -0.64656 0.50992 0.402424 -0.760287 0.55907 -0.826751 -0.0626384 0.858742 2.69368 3.30873</i>
                        <i>-0.655213 -0.388186 -0.64808 0.513045 0.401047 -0.758911 0.554509 -0.829742 -0.0636139 0.857829 2.69259 3.30835</i>
                        <i>-0.652167 -0.390821 -0.649567 0.516919 0.3975 -0.758148 0.554503 -0.830213 -0.0572133 0.857451 2.69374 3.30826</i>
                        <i>-0.645798 -0.399019 -0.650945 0.521396 0.392339 -0.757771 0.557756 -0.828766 -0.0453251 0.85747 2.69652 3.30839</i>
                        <i>-0.636721 -0.411617 -0.652041 0.526333 0.385977 -0.757625 0.563524 -0.825586 -0.029112 0.857801 2.70053 3.30868</i>
                        <i>-0.625509 -0.427472 -0.652692 0.531605 0.37881 -0.757561 0.571082 -0.820835 -0.00970303 0.858357 2.70536 3.3091</i>
                        <i>-0.612768 -0.445394 -0.652794 0.537108 0.371206 -0.757444 0.579682 -0.814758 0.0117616 0.859049 2.71062 3.30959</i>
                        <i>-0.599215 -0.464096 -0.652347 0.542762 0.363494 -0.757154 0.588516 -0.807767 0.0340827 0.859794 2.71591 3.3101</i>
                    </KeyFrames>
                </p>
            </i>
            <i>
                <p>
                    <Name>
                        <![CDATA[l_elbow]]>
</Name>
                    <Exclude>0</Exclude>
                    <Additive>0</Additive>
                    <IKPriority>0</IKPriority>
                    <IKRotLimits>-1e+010 -1e+010 -1e+010 1e+010 1e+010 1e+010</IKRotLimits>
                    <IKRotLimitOrder>0</IKRotLimitOrder>
                    <KeyFrames count="30">
                        <i>-0.0822341 -0.875019 -0.477053 0.544271 0.361558 -0.756997 0.834869 -0.321897 0.446515 0.664883 2.56495 3.09791</i>
                        <i>-0.0947398 -0.872864 -0.478677 0.549364 0.355154 -0.75635 0.830195 -0.334625 0.445873 0.668951 2.56425 3.09843</i>
                        <i>-0.0986332 -0.872519 -0.47852 0.552574 0.351896 -0.755534 0.827607 -0.338939 0.447423 0.670217 2.56414 3.09838</i>
                        <i>-0.0964486 -0.873567 -0.477052 0.554342 0.350929 -0.754688 0.826682 -0.337239 0.450408 0.669507 2.56448 3.0979</i>
                        <i>-0.0910913 -0.875215 -0.47508 0.555045 0.351471 -0.753919 0.826818 -0.332366 0.453767 0.667764 2.56501 3.09726</i>
                        <i>-0.0854133 -0.876664 -0.47346 0.555033 0.352769 -0.753321 0.827432 -0.32713 0.456446 0.665917 2.56549 3.09674</i>
                        <i>-0.0820286 -0.877265 -0.472946 0.554657 0.35408 -0.752982 0.828026 -0.324089 0.457536 0.664816 2.56568 3.09657</i>
                        <i>-0.0817607 -0.876905 -0.473659 0.553991 0.35508 -0.753002 0.828498 -0.323969 0.456766 0.664729 2.56556 3.0968</i>
                        <i>-0.0841302 -0.875804 -0.475278 0.552875 0.35579 -0.753487 0.829006 -0.326161 0.454277 0.6655 2.56521 3.09733</i>
