<?xml version="1.0" encoding="ISO-8859-1" ?>
<Animl Version="1">
    <ModellingPackage><![CDATA[Maya.2010]]></ModellingPackage>
    <SrcFile><![CDATA[anims\vehicles\blue\~src\land\apc_m113\apc_m113_turret_idle_crewman.mb]]></SrcFile>
    <FramesPerSecond>30</FramesPerSecond>
    <TotalFrames>60</TotalFrames>
    <Skeleton>
        <RefFrame>
            <Name><![CDATA[CREWMAN_A_soldier_ref_frame]]></Name>
            <Exclude>0</Exclude>
            <Additive>0</Additive>
            <IKPriority>0</IKPriority>
            <IKRotLimits>-1e+010 -1e+010 -1e+010 1e+010 1e+010 1e+010</IKRotLimits>
            <IKRotLimitOrder>0</IKRotLimitOrder>
            <KeyFrames count="60">
                <i>1 0 0 0 1 0 0 0 1 0 0 0</i>
                <i>1 0 0 0 1 0 0 0 1 0 0 0</i>
                <i>1 0 0 0 1 0 0 0 1 0 0 0</i>
                <i>1 0 0 0 1 0 0 0 1 0 0 0</i>
                <i>1 0 0 0 1 0 0 0 1 0 0 0</i>
                <i>1 0 0 0 1 0 0 0 1 0 0 0</i>
                <i>1 0 0 0 1 0 0 0 1 0 0 0</i>
                <i>1 0 0 0 1 0 0 0 1 0 0 0</i>
                <i>1 0 0 0 1 0 0 0 1 0 0 0</i>
                <i>1 0 0 0 1 0 0 0 1 0 0 0</i>
                <i>1 0 0 0 1 0 0 0 1 0 0 0</i>
                <i>1 0 0 0 1 0 0 0 1 0 0 0</i>
                <i>1 0 0 0 1 0 0 0 1 0 0 0</i>
                <i>1 0 0 0 1 0 0 0 1 0 0 0</i>
                <i>1 0 0 0 1 0 0 0 1 0 0 0</i>
                <i>1 0 0 0 1 0 0 0 1 0 0 0</i>
                <i>1 0 0 0 1 0 0 0 1 0 0 0</i>
                <i>1 0 0 0 1 0 0 0 1 0 0 0</i>
                <i>1 0 0 0 1 0 0 0 1 0 0 0</i>
                <i>1 0 0 0 1 0 0 0 1 0 0 0</i>
                <i>1 0 0 0 1 0 0 0 1 0 0 0</i>
                <i>1 0 0 0 1 0 0 0 1 0 0 0</i>
                <i>1 0 0 0 1 0 0 0 1 0 0 0</i>
                <i>1 0 0 0 1 0 0 0 1 0 0 0</i>
                <i>1 0 0 0 1 0 0 0 1 0 0 0</i>
                <i>1 0 0 0 1 0 0 0 1 0 0 0</i>
                <i>1 0 0 0 1 0 0 0 1 0 0 0</i>
                <i>1 0 0 0 1 0 0 0 1 0 0 0</i>
                <i>1 0 0 0 1 0 0 0 1 0 0 0</i>
                <i>1 0 0 0 1 0 0 0 1 0 0 0</i>
                <i>1 0 0 0 1 0 0 0 1 0 0 0</i>
                <i>1 0 0 0 1 0 0 0 1 0 0 0</i>
                <i>1 0 0 0 1 0 0 0 1 0 0 0</i>
                <i>1 0 0 0 1 0 0 0 1 0 0 0</i>
                <i>1 0 0 0 1 0 0 0 1 0 0 0</i>
                <i>1 0 0 0 1 0 0 0 1 0 0 0</i>
                <i>1 0 0 0 1 0 0 0 1 0 0 0</i>
                <i>1 0 0 0 1 0 0 0 1 0 0 0</i>
                <i>1 0 0 0 1 0 0 0 1 0 0 0</i>
                <i>1 0 0 0 1 0 0 0 1 0 0 0</i>
                <i>1 0 0 0 1 0 0 0 1 0 0 0</i>
                <i>1 0 0 0 1 0 0 0 1 0 0 0</i>
                <i>1 0 0 0 1 0 0 0 1 0 0 0</i>
                <i>1 0 0 0 1 0 0 0 1 0 0 0</i>
                <i>1 0 0 0 1 0 0 0 1 0 0 0</i>
                <i>1 0 0 0 1 0 0 0 1 0 0 0</i>
                <i>1 0 0 0 1 0 0 0 1 0 0 0</i>
                <i>1 0 0 0 1 0 0 0 1 0 0 0</i>
                <i>1 0 0 0 1 0 0 0 1 0 0 0</i>
                <i>1 0 0 0 1 0 0 0 1 0 0 0</i>
                <i>1 0 0 0 1 0 0 0 1 0 0 0</i>
                <i>1 0 0 0 1 0 0 0 1 0 0 0</i>
                <i>1 0 0 0 1 0 0 0 1 0 0 0</i>
                <i>1 0 0 0 1 0 0 0 1 0 0 0</i>
                <i>1 0 0 0 1 0 0 0 1 0 0 0</i>
                <i>1 0 0 0 1 0 0 0 1 0 0 0</i>
                <i>1 0 0 0 1 0 0 0 1 0 0 0</i>
                <i>1 0 0 0 1 0 0 0 1 0 0 0</i>
                <i>1 0 0 0 1 0 0 0 1 0 0 0</i>
                <i>1 0 0 0 1 0 0 0 1 0 0 0</i>
            </KeyFrames>
        </RefFrame>
        <Bones count="23">
            <i>
                <p>
                    <Name><![CDATA[pelvis]]></Name>
                    <Exclude>0</Exclude>
                    <Additive>0</Additive>
                    <IKPriority>0</IKPriority>
                    <IKRotLimits>-1e+010 -1e+010 -1e+010 1e+010 1e+010 1e+010</IKRotLimits>
                    <IKRotLimitOrder>2</IKRotLimitOrder>
                    <KeyFrames count="60">
                        <i>1 0 0 0 1 0 0 0 1 0 0.43 -0.14</i>
                        <i>1 0 0 0 1 0 0 0 1 0 0.43 -0.14</i>
                        <i>1 0 0 0 1 0 0 0 1 0 0.43 -0.14</i>
                        <i>1 0 0 0 1 0 0 0 1 0 0.43 -0.14</i>
                        <i>1 0 0 0 1 0 0 0 1 0 0.43 -0.14</i>
                        <i>1 0 0 0 1 0 0 0 1 0 0.43 -0.14</i>
                        <i>1 0 0 0 1 0 0 0 1 0 0.43 -0.14</i>
                        <i>1 0 0 0 1 0 0 0 1 0 0.43 -0.14</i>
                        <i>1 0 0 0 1 0 0 0 1 0 0.43 -0.14</i>
                        <i>1 0 0 0 1 0 0 0 1 0 0.43 -0.14</i>
                        <i>1 0 0 0 1 0 0 0 1 0 0.43 -0.14</i>
                        <i>1 0 0 0 1 0 0 0 1 0 0.43 -0.14</i>
                        <i>1 0 0 0 1 0 0 0 1 0 0.43 -0.14</i>
                        <i>1 0 0 0 1 0 0 0 1 0 0.43 -0.14</i>
                        <i>1 0 0 0 1 0 0 0 1 0 0.43 -0.14</i>
                        <i>1 0 0 0 1 0 0 0 1 0 0.43 -0.14</i>
                        <i>1 0 0 0 1 0 0 0 1 0 0.43 -0.14</i>
                        <i>1 0 0 0 1 0 0 0 1 0 0.43 -0.14</i>
                        <i>1 0 0 0 1 0 0 0 1 0 0.43 -0.14</i>
                        <i>1 0 0 0 1 0 0 0 1 0 0.43 -0.14</i>
                        <i>1 0 0 0 1 0 0 0 1 0 0.43 -0.14</i>
                        <i>1 0 0 0 1 0 0 0 1 0 0.43 -0.14</i>
                        <i>1 0 0 0 1 0 0 0 1 0 0.43 -0.14</i>
                        <i>1 0 0 0 1 0 0 0 1 0 0.43 -0.14</i>
                        <i>1 0 0 0 1 0 0 0 1 0 0.43 -0.14</i>
                        <i>1 0 0 0 1 0 0 0 1 0 0.43 -0.14</i>
                        <i>1 0 0 0 1 0 0 0 1 0 0.43 -0.14</i>
                        <i>1 0 0 0 1 0 0 0 1 0 0.43 -0.14</i>
                        <i>1 0 0 0 1 0 0 0 1 0 0.43 -0.14</i>
                        <i>1 0 0 0 1 0 0 0 1 0 0.43 -0.14</i>
                        <i>1 0 0 0 1 0 0 0 1 0 0.43 -0.14</i>
                        <i>1 0 0 0 1 0 0 0 1 0 0.43 -0.14</i>
                        <i>1 0 0 0 1 0 0 0 1 0 0.43 -0.14</i>
                        <i>1 0 0 0 1 0 0 0 1 0 0.43 -0.14</i>
                        <i>1 0 0 0 1 0 0 0 1 0 0.43 -0.14</i>
                        <i>1 0 0 0 1 0 0 0 1 0 0.43 -0.14</i>
                        <i>1 0 0 0 1 0 0 0 1 0 0.43 -0.14</i>
                        <i>1 0 0 0 1 0 0 0 1 0 0.43 -0.14</i>
                        <i>1 0 0 0 1 0 0 0 1 0 0.43 -0.14</i>
                        <i>1 0 0 0 1 0 0 0 1 0 0.43 -0.14</i>
                        <i>1 0 0 0 1 0 0 0 1 0 0.43 -0.14</i>
                        <i>1 0 0 0 1 0 0 0 1 0 0.43 -0.14</i>
                        <i>1 0 0 0 1 0 0 0 1 0 0.43 -0.14</i>
                        <i>1 0 0 0 1 0 0 0 1 0 0.43 -0.14</i>
                        <i>1 0 0 0 1 0 0 0 1 0 0.43 -0.14</i>
                        <i>1 0 0 0 1 0 0 0 1 0 0.43 -0.14</i>
                        <i>1 0 0 0 1 0 0 0 1 0 0.43 -0.14</i>
                        <i>1 0 0 0 1 0 0 0 1 0 0.43 -0.14</i>
                        <i>1 0 0 0 1 0 0 0 1 0 0.43 -0.14</i>
                        <i>1 0 0 0 1 0 0 0 1 0 0.43 -0.14</i>
                        <i>1 0 0 0 1 0 0 0 1 0 0.43 -0.14</i>
                        <i>1 0 0 0 1 0 0 0 1 0 0.43 -0.14</i>
                        <i>1 0 0 0 1 0 0 0 1 0 0.43 -0.14</i>
                        <i>1 0 0 0 1 0 0 0 1 0 0.43 -0.14</i>
                        <i>1 0 0 0 1 0 0 0 1 0 0.43 -0.14</i>
                        <i>1 0 0 0 1 0 0 0 1 0 0.43 -0.14</i>
                        <i>1 0 0 0 1 0 0 0 1 0 0.43 -0.14</i>
                        <i>1 0 0 0 1 0 0 0 1 0 0.43 -0.14</i>
                        <i>1 0 0 0 1 0 0 0 1 0 0.43 -0.14</i>
                        <i>1 0 0 0 1 0 0 0 1 0 0.43 -0.14</i>
                    </KeyFrames>
                </p>
            </i>
            <i>
                <p>
                    <Name><![CDATA[spine0]]></Name>
                    <Exclude>0</Exclude>
                    <Additive>0</Additive>
                    <IKPriority>0</IKPriority>
                    <IKRotLimits>-1e+010 -1e+010 -1e+010 1e+010 1e+010 1e+010</IKRotLimits>
                    <IKRotLimitOrder>0</IKRotLimitOrder>
                    <KeyFrames count="60">
                        <i>1.11022e-016 0.997804 -0.0662421 -1 1.11022e-016 0 6.93889e-018 0.0662421 0.997804 0 0.565654 -0.187898</i>
                        <i>2.22045e-016 0.997789 -0.0664634 -1 2.22045e-016 0 1.38778e-017 0.0664634 0.997789 0 0.565654 -0.187898</i>
                        <i>1.11022e-016 0.997747 -0.0670924 -1 1.11022e-016 0 1.38778e-017 0.0670924 0.997747 0 0.565654 -0.187898</i>
                        <i>1.11022e-016 0.99768 -0.068076 -1 1.11022e-016 0 6.93889e-018 0.068076 0.99768 0 0.565654 -0.187898</i>
                        <i>1.11022e-016 0.997592 -0.0693609 -1 1.11022e-016 0 1.38778e-017 0.0693609 0.997592 0 0.565654 -0.187898</i>
                        <i>0 0.997484 -0.0708941 -1 0 0 1.38778e-017 0.0708941 0.997484 0 0.565654 -0.187898</i>
                        <i>2.22045e-016 0.997359 -0.0726242 -1 2.22045e-016 0 1.38778e-017 0.0726242 0.997359 0 0.565654 -0.187898</i>
                        <i>1.11022e-016 0.997221 -0.0745019 -1 1.11022e-016 0 1.38778e-017 0.0745019 0.997221 0 0.565654 -0.187898</i>
                        <i>0 0.997071 -0.07648 -1 0 -6.93889e-018 6.93889e-018 0.07648 0.997071 0 0.565654 -0.187898</i>
                        <i>2.22045e-016 0.996913 -0.0785136 -1 2.22045e-016 0 6.93889e-018 0.0785136 0.996913 0 0.565654 -0.187898</i>
                        <i>2.22045e-016 0.996768 -0.0803288 -1 2.22045e-016 0 1.38778e-017 0.0803288 0.996768 0 0.565654 -0.187898</i>
                        <i>0 0.996672 -0.0815184 -1 0 0 1.38778e-017 0.0815184 0.996672 0 0.565654 -0.187898</i>
                        <i>1.11022e-016 0.996617 -0.0821825 -1 1.11022e-016 0 1.38778e-017 0.0821825 0.996617 0 0.565654 -0.187898</i>
                        <i>2.22045e-016 0.996586 -0.0825588 -1 2.22045e-016 -6.93889e-018 6.93889e-018 0.0825588 0.996586 0 0.565654 -0.187898</i>
                        <i>1.11022e-016 0.996582 -0.0826093 -1 1.11022e-016 -6.93889e-018 6.93889e-018 0.0826093 0.996582 0 0.565654 -0.187898</i>
                        <i>0 0.996608 -0.0822953 -1 0 0 1.38778e-017 0.0822953 0.996608 0 0.565654 -0.187898</i>
                        <i>2.22045e-016 0.996666 -0.0815922 -1 2.22045e-016 0 1.38778e-017 0.0815922 0.996666 0 0.565654 -0.187898</i>
                        <i>2.22045e-016 0.996752 -0.0805358 -1 2.22045e-016 6.93889e-018 2.08167e-017 0.0805358 0.996752 0 0.565654 -0.187898</i>
                        <i>0 0.996861 -0.0791757 -1 0 0 6.93889e-018 0.0791757 0.996861 0 0.565654 -0.187898</i>
                        <i>2.22045e-016 0.996988 -0.0775614 -1 2.22045e-016 0 1.38778e-017 0.0775614 0.996988 0 0.565654 -0.187898</i>
                        <i>0 0.997127 -0.0757435 -1 0 0 1.38778e-017 0.0757435 0.997127 0 0.565654 -0.187898</i>
                        <i>0 0.997275 -0.0737732 -1 0 -6.93889e-018 6.93889e-018 0.0737732 0.997275 0 0.565654 -0.187898</i>
                        <i>2.22045e-016 0.997426 -0.0717029 -1 2.22045e-016 0 1.38778e-017 0.0717029 0.997426 0 0.565654 -0.187898</i>
                        <i>2.22045e-016 0.997576 -0.0695865 -1 2.22045e-016 0 1.38778e-017 0.0695865 0.997576 0 0.565654 -0.187898</i>
                        <i>2.22045e-016 0.997721 -0.0674792 -1 2.22045e-016 0 1.38778e-017 0.0674792 0.997721 0 0.565654 -0.187898</i>
                        <i>1.11022e-016 0.997857 -0.0654373 -1 1.11022e-016 0 6.93889e-018 0.0654373 0.997857 0 0.565654 -0.187898</i>
                        <i>2.22045e-016 0.997981 -0.0635185 -1 2.22045e-016 6.93889e-018 1.38778e-017 0.0635185 0.997981 0 0.565654 -0.187898</i>
                        <i>2.22045e-016 0.99809 -0.061781 -1 2.22045e-016 0 1.04083e-017 0.061781 0.99809 0 0.565654 -0.187898</i>
                        <i>2.22045e-016 0.998181 -0.0602837 -1 2.22045e-016 -3.46945e-018 3.46945e-018 0.0602837 0.998181 0 0.565654 -0.187898</i>
                        <i>2.22045e-016 0.998253 -0.0590859 -1 2.22045e-016 0 1.04083e-017 0.0590859 0.998253 0 0.565654 -0.187898</i>
                        <i>0 0.998306 -0.0581851 -1 0 -3.46945e-018 3.46945e-018 0.0581851 0.998306 0 0.565654 -0.187898</i>
                        <i>1.11022e-016 0.99834 -0.0575897 -1 1.11022e-016 -3.46945e-018 3.46945e-018 0.0575897 0.99834 0 0.565654 -0.187898</i>
                        <i>2.22045e-016 0.998355 -0.0573377 -1 2.22045e-016 -6.93889e-018 6.93889e-018 0.0573377 0.998355 0 0.565654 -0.187898</i>
                        <i>1.11022e-016 0.998351 -0.0574052 -1 1.11022e-016 6.93889e-018 1.38778e-017 0.0574052 0.998351 0 0.565654 -0.187898</i>
                        <i>2.22045e-016 0.99833 -0.0577742 -1 2.22045e-016 0 1.04083e-017 0.0577742 0.99833 0 0.565654 -0.187898</i>
                        <i>0 0.998292 -0.0584262 -1 0 6.93889e-018 1.38778e-017 0.0584262 0.998292 0 0.565654 -0.187898</i>
                        <i>2.22045e-016 0.998238 -0.0593429 -1 2.22045e-016 0 1.04083e-017 0.0593429 0.998238 0 0.565654 -0.187898</i>
                        <i>0 0.998168 -0.0605072 -1 0 -3.46945e-018 3.46945e-018 0.0605072 0.998168 0 0.565654 -0.187898</i>
                        <i>0 0.998082 -0.0619028 -1 0 6.93889e-018 1.38778e-017 0.0619028 0.998082 0 0.565654 -0.187898</i>
                        <i>1.11022e-016 0.997981 -0.0635149 -1 1.11022e-016 0 6.93889e-018 0.0635149 0.997981 0 0.565654 -0.187898</i>
                        <i>2.22045e-016 0.997869 -0.0652496 -1 2.22045e-016 0 1.38778e-017 0.0652496 0.997869 0 0.565654 -0.187898</i>
                        <i>0 0.997758 -0.0669306 -1 0 0 6.93889e-018 0.0669306 0.997758 0 0.565654 -0.187898</i>
                        <i>1.11022e-016 0.997657 -0.0684216 -1 1.11022e-016 0 1.38778e-017 0.0684216 0.997657 0 0.565654 -0.187898</i>
                        <i>1.11022e-016 0.997567 -0.0697072 -1 1.11022e-016 6.93889e-018 1.38778e-017 0.0697072 0.997567 0 0.565654 -0.187898</i>
                        <i>1.11022e-016 0.997488 -0.0708392 -1 1.11022e-016 0 6.93889e-018 0.0708392 0.997488 0 0.565654 -0.187898</i>
                        <i>2.22045e-016 0.99742 -0.0717823 -1 2.22045e-016 0 6.93889e-018 0.0717823 0.99742 0 0.565654 -0.187898</i>
                        <i>2.22045e-016 0.997368 -0.0725003 -1 2.22045e-016 6.93889e-018 2.08167e-017 0.0725003 0.997368 0 0.565654 -0.187898</i>
                        <i>0 0.997335 -0.072957 -1 0 6.93889e-018 2.08167e-017 0.072957 0.997335 0 0.565654 -0.187898</i>
                        <i>1.11022e-016 0.997325 -0.0730914 -1 1.11022e-016 0 6.93889e-018 0.0730914 0.997325 0 0.565654 -0.187898</i>
                        <i>2.22045e-016 0.997339 -0.0729054 -1 2.22045e-016 6.93889e-018 1.38778e-017 0.0729054 0.997339 0 0.565654 -0.187898</i>
                        <i>2.22045e-016 0.997372 -0.0724563 -1 2.22045e-016 0 6.93889e-018 0.0724563 0.997372 0 0.565654 -0.187898</i>
                        <i>0 0.997419 -0.0718013 -1 0 -6.93889e-018 6.93889e-018 0.0718013 0.997419 0 0.565654 -0.187898</i>
                        <i>2.22045e-016 0.997476 -0.0709982 -1 2.22045e-016 -6.93889e-018 6.93889e-018 0.0709982 0.997476 0 0.565654 -0.187898</i>
                        <i>2.22045e-016 0.99754 -0.0701053 -1 2.22045e-016 6.93889e-018 1.38778e-017 0.0701053 0.99754 0 0.565654 -0.187898</i>
                        <i>1.11022e-016 0.997604 -0.0691819 -1 1.11022e-016 0 6.93889e-018 0.0691819 0.997604 0 0.565654 -0.187898</i>
                        <i>0 0.997666 -0.0682884 -1 0 -6.93889e-018 6.93889e-018 0.0682884 0.997666 0 0.565654 -0.187898</i>
                        <i>0 0.99772 -0.0674859 -1 0 6.93889e-018 1.38778e-017 0.0674859 0.99772 0 0.565654 -0.187898</i>
                        <i>1.11022e-016 0.997764 -0.066836 -1 1.11022e-016 6.93889e-018 2.08167e-017 0.066836 0.997764 0 0.565654 -0.187898</i>
                        <i>2.22045e-016 0.997793 -0.0664008 -1 2.22045e-016 0 1.38778e-017 0.0664008 0.997793 0 0.565654 -0.187898</i>
                        <i>1.11022e-016 0.997804 -0.0662421 -1 1.11022e-016 0 6.93889e-018 0.0662421 0.997804 0 0.565654 -0.187898</i>
                    </KeyFrames>
                </p>
            </i>
            <i>
                <p>
                    <Name><![CDATA[spine1]]></Name>
                    <Exclude>0</Exclude>
                    <Additive>0</Additive>
                    <IKPriority>0</IKPriority>
                    <IKRotLimits>-1e+010 -1e+010 -1e+010 1e+010 1e+010 1e+010</IKRotLimits>
                    <IKRotLimitOrder>0</IKRotLimitOrder>
                    <KeyFrames count="60">
                        <i>1.11183e-016 0.999613 0.0278212 -1 1.11022e-016 0 -3.52531e-018 -0.0278212 0.999613 3.79638e-017 0.737887 -0.199339</i>
                        <i>2.22363e-016 0.999607 0.0280208 -1 2.22045e-016 0 -7.14432e-018 -0.0280208 0.999607 -3.65155e-019 0.737889 -0.199377</i>
                        <i>1.1184e-016 0.999593 0.0285143 -1 1.11022e-016 0 3.21003e-018 -0.0285143 0.999593 3.7962e-017 0.737894 -0.199487</i>
                        <i>1.11171e-016 0.999575 0.0291431 -1 1.11022e-016 0 -3.87669e-018 -0.0291431 0.999575 -3.67909e-019 0.7379 -0.199658</i>
                        <i>1.11851e-016 0.999557 0.0297487 -1 1.11022e-016 0 2.81759e-018 -0.0297487 0.999557 -3.8189e-019 0.737904 -0.199881</i>
                        <i>1.40108e-018 0.999545 0.0301727 -1 0 0 1.38069e-017 -0.0301727 0.999545 -3.89421e-019 0.737907 -0.200148</i>
                        <i>2.22295e-016 0.999542 0.0302574 -1 2.22045e-016 0 -9.01488e-018 -0.0302574 0.999542 -3.96007e-019 0.737908 -0.200448</i>
                        <i>1.11864e-016 0.999555 0.0298461 -1 1.11022e-016 0 2.23014e-018 -0.0298461 0.999555 -4.03711e-019 0.737906 -0.200774</i>
                        <i>7.29603e-019 0.999586 0.0287829 -1 0 -6.93889e-018 6.90043e-018 -0.0287829 0.999586 -4.11553e-019 0.737903 -0.201118</i>
                        <i>2.21541e-016 0.999638 0.0269131 -1 2.22045e-016 0 -1.64844e-017 -0.0269131 0.999638 3.79532e-017 0.737899 -0.201471</i>
                        <i>2.22273e-016 0.99969 0.0249026 -1 2.22045e-016 0 -9.54178e-018 -0.0249026 0.99969 3.79503e-017 0.7379 -0.201787</i>
                        <i>1.46139e-018 0.999715 0.0238886 -1 0 0 1.38006e-017 -0.0238886 0.999715 -4.31219e-019 0.737914 -0.201995</i>
                        <i>1.11867e-016 0.999722 0.0235663 -1 1.11022e-016 0 2.07103e-018 -0.0235663 0.999722 3.79431e-017 0.737936 -0.202113</i>
                        <i>2.21533e-016 0.999729 0.0232872 -1 2.22045e-016 -6.93889e-018 -1.65799e-017 -0.0232872 0.999729 -4.49396e-019 0.737956 -0.20218</i>
                        <i>1.11134e-016 0.999733 0.0230883 -1 1.11022e-016 -6.93889e-018 -4.82349e-018 -0.0230883 0.999733 3.79312e-017 0.737972 -0.20219</i>
                        <i>1.45997e-018 0.999735 0.0230065 -1 0 0 1.38008e-017 -0.0230065 0.999735 -4.64859e-019 0.737983 -0.202137</i>
                        <i>2.22279e-016 0.999734 0.0230692 -1 2.22045e-016 0 -9.41589e-018 -0.0230692 0.999734 -4.61847e-019 0.737986 -0.202015</i>
                        <i>2.23006e-016 0.999729 0.0232698 -1 2.22045e-016 6.93889e-018 -2.32343e-018 -0.0232698 0.999729 -4.41155e-019 0.737982 -0.20183</i>
                        <i>7.12439e-019 0.999722 0.0235938 -1 0 0 6.90222e-018 -0.0235938 0.999722 -4.32398e-019 0.737972 -0.201593</i>
                        <i>2.22307e-016 0.999711 0.0240264 -1 2.22045e-016 0 -8.72985e-018 -0.0240264 0.999711 3.79482e-017 0.737958 -0.201311</i>
                        <i>1.3906e-018 0.999699 0.0245533 -1 0 0 1.38079e-017 -0.0245533 0.999699 3.79449e-017 0.737939 -0.200993</i>
                        <i>6.85853e-019 0.999683 0.0251606 -1 0 -6.93889e-018 6.90492e-018 -0.0251606 0.999683 -4.04716e-019 0.737917 -0.200649</i>
                        <i>2.2234e-016 0.999666 0.0258346 -1 2.22045e-016 0 -7.82586e-018 -0.0258346 0.999666 -3.87303e-019 0.737893 -0.200287</i>
                        <i>2.22351e-016 0.999647 0.0265625 -1 2.22045e-016 0 -7.516e-018 -0.0265625 0.999647 -3.70248e-019 0.737868 -0.199918</i>
                        <i>2.22361e-016 0.999626 0.0273316 -1 2.22045e-016 0 -7.21741e-018 -0.0273316 0.999626 -3.53366e-019 0.737842 -0.19955</i>
                        <i>1.11185e-016 0.999604 0.0281301 -1 1.11022e-016 0 -3.46999e-018 -0.0281301 0.999604 -3.37521e-019 0.737817 -0.199194</i>
                        <i>2.22377e-016 0.999581 0.0289462 -1 2.22045e-016 6.93889e-018 -6.69395e-018 -0.0289462 0.999581 3.7978e-017 0.737793 -0.19886</i>
                        <i>2.22066e-016 0.999557 0.0297688 -1 2.22045e-016 0 -9.94471e-018 -0.0297688 0.999557 -2.98089e-019 0.737772 -0.198558</i>
                        <i>2.21443e-016 0.999532 0.0305867 -1 2.22045e-016 -3.46945e-018 -1.67036e-017 -0.0305867 0.999532 -3.00762e-019 0.737753 -0.198297</i>
                        <i>2.22076e-016 0.999507 0.0313892 -1 2.22045e-016 0 -9.70514e-018 -0.0313892 0.999507 -2.91607e-019 0.737738 -0.198089</i>
                        <i>3.14245e-019 0.999473 0.0324754 -1 0 -3.46945e-018 3.45519e-018 -0.0324754 0.999473 -2.78743e-019 0.737728 -0.197932</i>
                        <i>1.10874e-016 0.999421 0.0340218 -1 1.11022e-016 -3.46945e-018 -6.70607e-018 -0.0340218 0.999421 -2.75361e-019 0.737725 -0.197829</i>
                        <i>2.21726e-016 0.999357 0.0358499 -1 2.22045e-016 -6.93889e-018 -1.37618e-017 -0.0358499 0.999357 -2.75192e-019 0.737728 -0.197786</i>
                        <i>1.11839e-016 0.999285 0.0378099 -1 1.11022e-016 6.93889e-018 3.25535e-018 -0.0378099 0.999285 -2.78324e-019 0.737735 -0.197798</i>
                        <i>2.22003e-016 0.99921 0.0397488 -1 2.22045e-016 0 -1.12707e-017 -0.0397488 0.99921 3.79861e-017 0.737746 -0.197862</i>
                        <i>1.38525e-018 0.999138 0.0415131 -1 0 6.93889e-018 1.38085e-017 -0.0415131 0.999138 -2.9027e-019 0.73776 -0.197976</i>
                        <i>2.21946e-016 0.999077 0.0429499 -1 2.22045e-016 0 -1.23307e-017 -0.0429499 0.999077 -3.01377e-019 0.737775 -0.198136</i>
                        <i>3.61775e-019 0.999036 0.0439061 -1 0 -3.46945e-018 3.45053e-018 -0.0439061 0.999036 -3.15207e-019 0.737792 -0.198338</i>
                        <i>1.47086e-018 0.999021 0.0442295 -1 0 6.93889e-018 1.37996e-017 -0.0442295 0.999021 3.79774e-017 0.737809 -0.198581</i>
                        <i>1.11127e-016 0.999042 0.0437684 -1 1.11022e-016 0 -4.99531e-018 -0.0437684 0.999042 -3.3358e-019 0.737827 -0.198862</i>
                        <i>2.22247e-016 0.999089 0.0426624 -1 2.22045e-016 0 -1.01309e-017 -0.0426624 0.999089 3.79773e-017 0.737845 -0.199164</i>
                        <i>7.50309e-019 0.999145 0.0413503 -1 0 0 6.89821e-018 -0.0413503 0.999145 3.79648e-017 0.737867 -0.199457</i>
                        <i>1.11872e-016 0.999195 0.040129 -1 1.11022e-016 0 1.76103e-018 -0.040129 0.999195 -3.7459e-019 0.737894 -0.199718</i>
                        <i>1.11873e-016 0.99924 0.0389933 -1 1.11022e-016 6.93889e-018 1.74402e-018 -0.0389933 0.99924 -3.89369e-019 0.737923 -0.199943</i>
                        <i>1.1112e-016 0.999286 0.0377699 -1 1.11022e-016 0 -5.14393e-018 -0.0377699 0.999286 -4.03191e-019 0.737951 -0.200142</i>
                        <i>2.21493e-016 0.999333 0.0365045 -1 2.22045e-016 0 -1.71148e-017 -0.0365045 0.999333 -4.07757e-019 0.737975 -0.200307</i>
                        <i>2.22995e-016 0.999379 0.0352424 -1 2.22045e-016 6.93889e-018 -3.19728e-018 -0.0352424 0.999379 -4.17612e-019 0.737996 -0.200434</i>
                        <i>2.22432e-018 0.999421 0.0340286 -1 0 6.93889e-018 2.06975e-017 -0.0340286 0.999421 3.79409e-017 0.738011 -0.200514</i>
                        <i>1.11133e-016 0.999458 0.0329207 -1 1.11022e-016 0 -4.85565e-018 -0.0329207 0.999458 -4.27781e-019 0.738018 -0.200538</i>
                        <i>2.22277e-016 0.99949 0.0319416 -1 2.22045e-016 6.93889e-018 -9.45211e-018 -0.0319416 0.99949 -4.33703e-019 0.738017 -0.200506</i>
                        <i>2.21572e-016 0.999517 0.0310845 -1 2.22045e-016 0 -1.60631e-017 -0.0310845 0.999517 -4.22212e-019 0.73801 -0.200427</i>
                        <i>7.07992e-019 0.99954 0.0303424 -1 0 -6.93889e-018 6.90268e-018 -0.0303424 0.99954 -4.23448e-019 0.737998 -0.200312</i>
                        <i>2.21616e-016 0.999559 0.0297088 -1 2.22045e-016 -6.93889e-018 -1.54341e-017 -0.0297088 0.999559 -4.14232e-019 0.737983 -0.200172</i>
                        <i>2.22326e-016 0.999574 0.0291773 -1 2.22045e-016 6.93889e-018 -8.21322e-018 -0.0291773 0.999574 3.79579e-017 0.737965 -0.200015</i>
                        <i>1.11169e-016 0.999587 0.0287419 -1 1.11022e-016 0 -3.9553e-018 -0.0287419 0.999587 -3.87878e-019 0.737946 -0.199853</i>
                        <i>6.7024e-019 0.999597 0.0283971 -1 0 -6.93889e-018 6.90645e-018 -0.0283971 0.999597 -3.85971e-019 0.737928 -0.199697</i>
                        <i>1.32578e-018 0.999604 0.0281376 -1 0 6.93889e-018 1.38143e-017 -0.0281376 0.999604 -3.70194e-019 0.737912 -0.199557</i>
                        <i>1.12495e-016 0.999609 0.0279584 -1 1.11022e-016 6.93889e-018 1.02087e-017 -0.0279584 0.999609 -3.70254e-019 0.737899 -0.199443</i>
                        <i>2.22365e-016 0.999612 0.0278546 -1 2.22045e-016 0 -7.09343e-018 -0.0278546 0.999612 3.79636e-017 0.737891 -0.199367</i>
                        <i>1.11183e-016 0.999613 0.0278212 -1 1.11022e-016 0 -3.52531e-018 -0.0278212 0.999613 3.79638e-017 0.737887 -0.199339</i>
                    </KeyFrames>
                </p>
            </i>
            <i>
                <p>
                    <Name><![CDATA[spine2]]></Name>
                    <Exclude>0</Exclude>
                    <Additive>0</Additive>
                    <IKPriority>0</IKPriority>
                    <IKRotLimits>-1e+010 -1e+010 -1e+010 1e+010 1e+010 1e+010</IKRotLimits>
                    <IKRotLimitOrder>0</IKRotLimitOrder>
                    <KeyFrames count="60">
                        <i>1.06518e-016 0.958671 0.284516 -1 1.11022e-016 0 -3.20619e-017 -0.284516 0.958671 7.30362e-017 0.896788 -0.194899</i>
                        <i>2.12949e-016 0.958346 0.285609 -1 2.22045e-016 0 -6.44139e-017 -0.285609 0.958346 -3.32855e-019 0.896793 -0.194905</i>
                        <i>1.08798e-016 0.957462 0.28856 -1 1.11022e-016 0 -2.61075e-017 -0.28856 0.957462 7.30345e-017 0.896805 -0.194936</i>
                        <i>1.06173e-016 0.95615 0.292878 -1 1.11022e-016 0 -3.31862e-017 -0.292878 0.95615 -2.41135e-019 0.896822 -0.195006</i>
                        <i>1.0847e-016 0.954543 0.298073 -1 1.11022e-016 0 -2.74355e-017 -0.298073 0.954543 -3.65054e-019 0.896841 -0.195132</i>
                        <i>5.14084e-018 0.952782 0.303654 -1 0 0 1.28905e-017 -0.303654 0.952782 -3.94396e-019 0.896859 -0.19533</i>
                        <i>2.10863e-016 0.951019 0.309134 -1 2.22045e-016 0 -7.09445e-017 -0.309134 0.951019 -3.44368e-019 0.896878 -0.195616</i>
                        <i>1.07843e-016 0.949414 0.314026 -1 1.11022e-016 0 -2.98055e-017 -0.314026 0.949414 -3.75085e-019 0.896897 -0.196006</i>
                        <i>2.70222e-018 0.948142 0.317847 -1 0 -6.93889e-018 6.39111e-018 -0.317847 0.948142 -4.07598e-019 0.896918 -0.196518</i>
                        <i>2.06861e-016 0.947379 0.320114 -1 2.22045e-016 0 -8.09972e-017 -0.320114 0.947379 7.3045e-017 0.896944 -0.197168</i>
                        <i>2.09352e-016 0.946939 0.321414 -1 2.22045e-016 0 -7.52872e-017 -0.321414 0.946939 7.30477e-017 0.896978 -0.197803</i>
                        <i>5.53765e-018 0.946415 0.322955 -1 0 0 1.27251e-017 -0.322955 0.946415 -4.44279e-019 0.897025 -0.198171</i>
                        <i>1.0727e-016 0.945931 0.324368 -1 1.11022e-016 0 -3.1808e-017 -0.324368 0.945931 7.30249e-017 0.897077 -0.198339</i>
                        <i>2.06108e-016 0.945726 0.324965 -1 2.22045e-016 -6.93889e-018 -8.28935e-017 -0.324965 0.945726 -2.67467e-019 0.897121 -0.19845</i>
                        <i>1.04457e-016 0.945816 0.324703 -1 1.11022e-016 -6.93889e-018 -3.82462e-017 -0.324703 0.945816 7.30384e-017 0.897154 -0.198491</i>
                        <i>5.5554e-018 0.946216 0.323537 -1 0 0 1.27173e-017 -0.323537 0.946216 -3.21699e-019 0.89717 -0.19845</i>
                        <i>2.09253e-016 0.946925 0.321454 -1 2.22045e-016 0 -7.55613e-017 -0.321454 0.946925 -4.06762e-019 0.897167 -0.198318</i>
                        <i>2.12295e-016 0.947902 0.318562 -1 2.22045e-016 6.93889e-018 -6.83221e-017 -0.318562 0.947902 -4.21997e-019 0.897146 -0.198103</i>
                        <i>2.70029e-018 0.949093 0.314997 -1 0 0 6.39192e-018 -0.314997 0.949093 -4.68469e-019 0.89711 -0.197815</i>
                        <i>2.10376e-016 0.950444 0.310895 -1 2.22045e-016 0 -7.23775e-017 -0.310895 0.950444 7.31921e-017 0.897062 -0.197465</i>
                        <i>5.24043e-018 0.951905 0.306392 -1 0 0 1.28503e-017 -0.306392 0.951905 7.28775e-017 0.897003 -0.197065</i>
                        <i>2.57532e-018 0.953426 0.301627 -1 0 -6.93889e-018 6.44329e-018 -0.301627 0.953426 -5.47274e-019 0.896936 -0.196626</i>
                        <i>2.11831e-016 0.954959 0.296737 -1 2.22045e-016 0 -6.8e-017 -0.296737 0.954959 -3.48432e-019 0.896864 -0.19616</i>
                        <i>2.12317e-016 0.956461 0.291861 -1 2.22045e-016 0 -6.6468e-017 -0.291861 0.956461 -3.34284e-019 0.89679 -0.195677</i>
                        <i>2.1278e-016 0.957889 0.287138 -1 2.22045e-016 0 -6.49704e-017 -0.287138 0.957889 -3.20142e-019 0.896716 -0.195189</i>
                        <i>1.06604e-016 0.959205 0.28271 -1 1.11022e-016 0 -3.17753e-017 -0.28271 0.959205 -3.31731e-019 0.896644 -0.194708</i>
                        <i>2.13591e-016 0.960373 0.278719 -1 2.22045e-016 6.93889e-018 -6.22528e-017 -0.278719 0.960373 7.30536e-017 0.896575 -0.194246</i>
                        <i>2.12758e-016 0.961357 0.275305 -1 2.22045e-016 0 -6.43912e-017 -0.275305 0.961357 -1.96744e-019 0.896514 -0.193815</i>
                        <i>2.10742e-016 0.962124 0.272611 -1 2.22045e-016 -3.46945e-018 -7.00255e-017 -0.272611 0.962124 -2.66671e-019 0.89646 -0.193426</i>
                        <i>2.13229e-016 0.962641 0.270781 -1 2.22045e-016 0 -6.28145e-017 -0.270781 0.962641 -2.58198e-019 0.896416 -0.193091</i>
                        <i>1.13102e-018 0.962738 0.270435 -1 0 -3.46945e-018 3.27992e-018 -0.270435 0.962738 -6.38271e-020 0.896383 -0.192763</i>
                        <i>1.06056e-016 0.962306 0.271969 -1 1.11022e-016 -3.46945e-018 -3.30184e-017 -0.271969 0.962306 -1.56504e-019 0.896362 -0.192415</i>
                        <i>2.11911e-016 0.961413 0.27511 -1 2.22045e-016 -6.93889e-018 -6.66758e-017 -0.27511 0.961413 -1.26592e-019 0.896354 -0.192081</i>
                        <i>1.09279e-016 0.960154 0.279473 -1 1.11022e-016 6.93889e-018 -2.40157e-017 -0.279473 0.960154 -2.7676e-019 0.896356 -0.191782</i>
                        <i>2.12384e-016 0.958622 0.284683 -1 2.22045e-016 0 -6.56145e-017 -0.284683 0.958622 7.30395e-017 0.896366 -0.191538</i>
                        <i>4.79864e-018 0.956916 0.290366 -1 0 6.93889e-018 1.30218e-017 -0.290366 0.956916 -3.04598e-019 0.896384 -0.19137</i>
                        <i>2.11475e-016 0.955141 0.29615 -1 2.22045e-016 0 -6.84873e-017 -0.29615 0.955141 -1.13459e-019 0.89641 -0.1913</i>
                        <i>1.24484e-018 0.953414 0.301666 -1 0 -3.46945e-018 3.23843e-018 -0.301666 0.953414 -1.64544e-019 0.896443 -0.191349</i>
                        <i>5.06372e-018 0.951856 0.306545 -1 0 6.93889e-018 1.2921e-017 -0.306545 0.951856 7.31138e-017 0.896486 -0.191539</i>
                        <i>1.05704e-016 0.950599 0.310421 -1 1.11022e-016 0 -3.46513e-017 -0.310421 0.950599 -1.54831e-019 0.896538 -0.191891</i>
                        <i>2.11075e-016 0.949651 0.313311 -1 2.22045e-016 0 -7.03123e-017 -0.313311 0.949651 7.30212e-017 0.896599 -0.192366</i>
                        <i>2.62582e-018 0.948886 0.315619 -1 0 0 6.42287e-018 -0.315619 0.948886 7.29786e-017 0.896667 -0.192866</i>
                        <i>1.07914e-016 0.948237 0.317564 -1 1.11022e-016 0 -2.95502e-017 -0.317564 0.948237 -3.35082e-019 0.896742 -0.193318</i>
                        <i>1.07828e-016 0.947728 0.31908 -1 1.11022e-016 6.93889e-018 -2.98617e-017 -0.31908 0.947728 -3.49717e-019 0.896819 -0.193722</i>
                        <i>1.05086e-016 0.947437 0.319943 -1 1.11022e-016 0 -3.64825e-017 -0.319943 0.947437 -3.63997e-019 0.896893 -0.194113</i>
                        <i>2.07401e-016 0.947372 0.320135 -1 2.22045e-016 0 -7.96035e-017 -0.320135 0.947372 -3.59264e-019 0.896959 -0.194478</i>
                        <i>2.12763e-016 0.94754 0.319637 -1 2.22045e-016 6.93889e-018 -6.68503e-017 -0.319637 0.94754 -2.28193e-019 0.897015 -0.194804</i>
                        <i>8.05067e-018 0.947946 0.31843 -1 0 6.93889e-018 1.91969e-017 -0.31843 0.947946 7.30004e-017 0.897056 -0.195077</i>
                        <i>1.05138e-016 0.948609 0.316449 -1 1.11022e-016 0 -3.63325e-017 -0.316449 0.948609 -4.12563e-019 0.897079 -0.195277</i>
                        <i>2.10496e-016 0.949505 0.313752 -1 2.22045e-016 6.93889e-018 -7.20278e-017 -0.313752 0.949505 -3.77705e-019 0.897082 -0.1954</i>
                        <i>2.08146e-016 0.950572 0.310505 -1 2.22045e-016 0 -7.76357e-017 -0.310505 0.950572 -3.86398e-019 0.897069 -0.195459</i>
                        <i>2.59808e-018 0.951749 0.306878 -1 0 -6.93889e-018 6.43414e-018 -0.306878 0.951749 -5.63095e-019 0.897043 -0.195463</i>
                        <i>2.08859e-016 0.952978 0.303039 -1 2.22045e-016 -6.93889e-018 -7.56951e-017 -0.303039 0.952978 -3.68283e-019 0.897008 -0.195424</i>
                        <i>2.11768e-016 0.954204 0.299156 -1 2.22045e-016 6.93889e-018 -6.81974e-017 -0.299156 0.954204 7.30529e-017 0.896968 -0.195354</i>
                        <i>1.06048e-016 0.955374 0.295399 -1 1.11022e-016 0 -3.35837e-017 -0.295399 0.955374 -2.59089e-019 0.896925 -0.195263</i>
                        <i>2.47422e-018 0.956437 0.29194 -1 0 -6.93889e-018 6.48278e-018 -0.29194 0.956437 -2.69586e-019 0.896884 -0.195162</i>
                        <i>4.89745e-018 0.957344 0.28895 -1 0 6.93889e-018 1.29849e-017 -0.28895 0.957344 -4.03019e-019 0.896846 -0.195064</i>
                        <i>1.11286e-016 0.95805 0.286601 -1 1.11022e-016 6.93889e-018 -1.93569e-017 -0.286601 0.95805 -3.62485e-019 0.896816 -0.19498</i>
                        <i>2.12989e-016 0.958508 0.285066 -1 2.22045e-016 0 -6.42799e-017 -0.285066 0.958508 7.30616e-017 0.896796 -0.194921</i>
                        <i>1.06518e-016 0.958671 0.284516 -1 1.11022e-016 0 -3.20619e-017 -0.284516 0.958671 7.30362e-017 0.896788 -0.194899</i>
                    </KeyFrames>
                </p>
            </i>
            <i>
                <p>
                    <Name><![CDATA[head]]></Name>
                    <Exclude>0</Exclude>
                    <Additive>0</Additive>
                    <IKPriority>0</IKPriority>
                    <IKRotLimits>-1e+010 -1e+010 -1e+010 1e+010 1e+010 1e+010</IKRotLimits>
                    <IKRotLimitOrder>0</IKRotLimitOrder>
                    <KeyFrames count="60">
                        <i>1.32458e-016 0.973321 0.229449 2.59427e-017 0.229449 -0.973321 -1 1.40957e-016 8.88402e-018 3.19014e-019 1.14494 -0.122593</i>
                        <i>2.40641e-016 0.973422 0.229019 -5.91845e-017 0.229019 -0.973422 -1 2.23585e-016 1.16307e-016 3.19e-019 1.14485 -0.122268</i>
                        <i>1.44919e-016 0.973713 0.227778 -2.02831e-016 0.227778 -0.973713 -1 9.34552e-017 2.26615e-016 3.19004e-019 1.14459 -0.121401</i>
                        <i>1.35977e-016 0.974175 0.225793 -8.5287e-017 0.225793 -0.974175 -1 1.11679e-016 1.16315e-016 3.19006e-019 1.14421 -0.12015</i>
                        <i>1.38027e-016 0.974788 0.223135 -2.03105e-016 0.223135 -0.974788 -1 7.79542e-017 2.22293e-016 3.19004e-019 1.14373 -0.118676</i>
                        <i>2.48201e-017 0.975529 0.219872 -3.46355e-016 0.219872 -0.975529 -1 -6.80807e-017 3.27875e-016 3.19008e-019 1.14319 -0.117138</i>
                        <i>2.37534e-016 0.976377 0.216073 5.02995e-017 0.216073 -0.976377 -1 2.5504e-016 1.07252e-017 3.19004e-019 1.14264 -0.115694</i>
                        <i>1.31208e-016 0.977312 0.211806 -2.03817e-016 0.211806 -0.977312 -1 8.08218e-017 2.23886e-016 3.19006e-019 1.14212 -0.114502</i>
                        <i>8.8912e-018 0.978311 0.207142 -1.17681e-016 0.207142 -0.978311 -1 -8.97192e-018 1.07148e-016 3.19008e-019 1.1417 -0.113717</i>
                        <i>2.22136e-016 0.979355 0.20215 -5.58655e-017 0.20215 -0.979355 -1 2.19374e-016 1.16286e-016 3.19002e-019 1.14142 -0.113495</i>
                        <i>2.31124e-016 0.980208 0.19797 -6.30612e-017 0.19797 -0.980208 -1 2.12643e-016 1.14052e-016 3.19009e-019 1.14125 -0.11355</i>
                        <i>1.77031e-017 0.980531 0.196363 -1.24362e-016 0.196363 -0.980531 -1 3.54726e-018 1.18519e-016 3.19008e-019 1.1411 -0.113341</i>
                        <i>1.38267e-016 0.980268 0.197676 -9.35385e-017 0.197676 -0.980268 -1 1.14392e-016 1.18524e-016 3.19007e-019 1.141 -0.113027</i>
                        <i>2.28933e-016 0.979658 0.200673 -1.66339e-016 0.200673 -0.979658 -1 1.76137e-016 2.12074e-016 3.19009e-019 1.14098 -0.112917</i>
                        <i>1.29233e-016 0.978964 0.204034 -8.61216e-017 0.204034 -0.978964 -1 1.14351e-016 1.11586e-016 3.19012e-019 1.14105 -0.113018</i>
                        <i>3.1742e-017 0.978246 0.20745 -1.24315e-016 0.20745 -0.978246 -1 4.59598e-017 1.57149e-017 3.19008e-019 1.1412 -0.113333</i>
                        <i>2.37358e-016 0.977558 0.210669 5.10498e-017 0.210669 -0.977558 -1 2.61468e-016 1.33832e-017 3.19005e-019 1.14144 -0.113861</i>
                        <i>2.25402e-016 0.97691 0.213649 -1.77201e-016 0.213649 -0.97691 -1 1.84197e-016 2.28468e-016 3.19e-019 1.14174 -0.114577</i>
                        <i>2.28499e-017 0.976305 0.216401 -1.17657e-016 0.216401 -0.976305 -1 -2.04338e-018 1.16299e-016 3.19008e-019 1.1421 -0.115446</i>
                        <i>2.37131e-016 0.97574 0.218932 -5.90165e-017 0.218932 -0.97574 -1 2.27099e-016 1.18464e-016 3.18999e-019 1.1425 -0.116436</i>
                        <i>3.18423e-017 0.975217 0.221251 -3.46329e-016 0.221251 -0.975217 -1 -6.24181e-017 3.29804e-016 3.19013e-019 1.14292 -0.117514</i>
                        <i>2.28614e-017 0.974734 0.223368 -2.28675e-016 0.223368 -0.974734 -1 -3.3896e-017 2.15229e-016 3.19008e-019 1.14335 -0.118645</i>
                        <i>2.37097e-016 0.974291 0.225292 5.2146e-017 0.225292 -0.974291 -1 2.55176e-016 1.02951e-017 3.19e-019 1.14378 -0.119797</i>
                        <i>2.44054e-016 0.973888 0.22703 -5.89492e-017 0.22703 -0.973888 -1 2.22825e-016 1.16314e-016 3.19006e-019 1.14419 -0.120934</i>
                        <i>2.4061e-016 0.973522 0.228593 -5.90591e-017 0.228593 -0.973522 -1 2.23399e-016 1.16309e-016 3.19006e-019 1.14458 -0.122024</i>
                        <i>1.32464e-016 0.973194 0.229987 2.59153e-017 0.229987 -0.973194 -1 1.44301e-016 9.80849e-018 3.19008e-019 1.14493 -0.12303</i>
                        <i>2.44146e-016 0.972901 0.231223 -5.9333e-017 0.231223 -0.972901 -1 2.2442e-016 1.23232e-016 3.19011e-019 1.14523 -0.123919</i>
                        <i>2.43165e-016 0.972642 0.232309 -2.78195e-016 0.232309 -0.972642 -1 1.63703e-016 3.29748e-016 3.19013e-019 1.14549 -0.124655</i>
                        <i>2.41172e-016 0.972416 0.233253 -2.71671e-016 0.233253 -0.972416 -1 1.61289e-016 3.25495e-016 3.18996e-019 1.14568 -0.125203</i>
                        <i>2.39744e-016 0.972221 0.234064 -5.63427e-017 0.234064 -0.972221 -1 2.2204e-016 1.1533e-016 3.19009e-019 1.1458 -0.125527</i>
