<?xml version="1.0" encoding="ISO-8859-1" ?>
<Animl Version="1">
    <ModellingPackage><![CDATA[Maya.2010]]></ModellingPackage>
    <SrcFile><![CDATA[anims\vehicles\blue\~src\land\apc_m113\apc_m113_turret_idle_random_crewman.mb]]></SrcFile>
    <FramesPerSecond>30</FramesPerSecond>
    <TotalFrames>60</TotalFrames>
    <Skeleton>
        <RefFrame>
            <Name><![CDATA[CREWMAN_A_soldier_ref_frame]]></Name>
            <Exclude>0</Exclude>
            <Additive>0</Additive>
            <IKPriority>0</IKPriority>
            <IKRotLimits>-1e+010 -1e+010 -1e+010 1e+010 1e+010 1e+010</IKRotLimits>
            <IKRotLimitOrder>0</IKRotLimitOrder>
            <KeyFrames count="60">
                <i>1 0 0 0 1 0 0 0 1 0 0 0</i>
                <i>1 0 0 0 1 0 0 0 1 0 0 0</i>
                <i>1 0 0 0 1 0 0 0 1 0 0 0</i>
                <i>1 0 0 0 1 0 0 0 1 0 0 0</i>
                <i>1 0 0 0 1 0 0 0 1 0 0 0</i>
                <i>1 0 0 0 1 0 0 0 1 0 0 0</i>
                <i>1 0 0 0 1 0 0 0 1 0 0 0</i>
                <i>1 0 0 0 1 0 0 0 1 0 0 0</i>
                <i>1 0 0 0 1 0 0 0 1 0 0 0</i>
                <i>1 0 0 0 1 0 0 0 1 0 0 0</i>
                <i>1 0 0 0 1 0 0 0 1 0 0 0</i>
                <i>1 0 0 0 1 0 0 0 1 0 0 0</i>
                <i>1 0 0 0 1 0 0 0 1 0 0 0</i>
                <i>1 0 0 0 1 0 0 0 1 0 0 0</i>
                <i>1 0 0 0 1 0 0 0 1 0 0 0</i>
                <i>1 0 0 0 1 0 0 0 1 0 0 0</i>
                <i>1 0 0 0 1 0 0 0 1 0 0 0</i>
                <i>1 0 0 0 1 0 0 0 1 0 0 0</i>
                <i>1 0 0 0 1 0 0 0 1 0 0 0</i>
                <i>1 0 0 0 1 0 0 0 1 0 0 0</i>
                <i>1 0 0 0 1 0 0 0 1 0 0 0</i>
                <i>1 0 0 0 1 0 0 0 1 0 0 0</i>
                <i>1 0 0 0 1 0 0 0 1 0 0 0</i>
                <i>1 0 0 0 1 0 0 0 1 0 0 0</i>
                <i>1 0 0 0 1 0 0 0 1 0 0 0</i>
                <i>1 0 0 0 1 0 0 0 1 0 0 0</i>
                <i>1 0 0 0 1 0 0 0 1 0 0 0</i>
                <i>1 0 0 0 1 0 0 0 1 0 0 0</i>
                <i>1 0 0 0 1 0 0 0 1 0 0 0</i>
                <i>1 0 0 0 1 0 0 0 1 0 0 0</i>
                <i>1 0 0 0 1 0 0 0 1 0 0 0</i>
                <i>1 0 0 0 1 0 0 0 1 0 0 0</i>
                <i>1 0 0 0 1 0 0 0 1 0 0 0</i>
                <i>1 0 0 0 1 0 0 0 1 0 0 0</i>
                <i>1 0 0 0 1 0 0 0 1 0 0 0</i>
                <i>1 0 0 0 1 0 0 0 1 0 0 0</i>
                <i>1 0 0 0 1 0 0 0 1 0 0 0</i>
                <i>1 0 0 0 1 0 0 0 1 0 0 0</i>
                <i>1 0 0 0 1 0 0 0 1 0 0 0</i>
                <i>1 0 0 0 1 0 0 0 1 0 0 0</i>
                <i>1 0 0 0 1 0 0 0 1 0 0 0</i>
                <i>1 0 0 0 1 0 0 0 1 0 0 0</i>
                <i>1 0 0 0 1 0 0 0 1 0 0 0</i>
                <i>1 0 0 0 1 0 0 0 1 0 0 0</i>
                <i>1 0 0 0 1 0 0 0 1 0 0 0</i>
                <i>1 0 0 0 1 0 0 0 1 0 0 0</i>
                <i>1 0 0 0 1 0 0 0 1 0 0 0</i>
                <i>1 0 0 0 1 0 0 0 1 0 0 0</i>
                <i>1 0 0 0 1 0 0 0 1 0 0 0</i>
                <i>1 0 0 0 1 0 0 0 1 0 0 0</i>
                <i>1 0 0 0 1 0 0 0 1 0 0 0</i>
                <i>1 0 0 0 1 0 0 0 1 0 0 0</i>
                <i>1 0 0 0 1 0 0 0 1 0 0 0</i>
                <i>1 0 0 0 1 0 0 0 1 0 0 0</i>
                <i>1 0 0 0 1 0 0 0 1 0 0 0</i>
                <i>1 0 0 0 1 0 0 0 1 0 0 0</i>
                <i>1 0 0 0 1 0 0 0 1 0 0 0</i>
                <i>1 0 0 0 1 0 0 0 1 0 0 0</i>
                <i>1 0 0 0 1 0 0 0 1 0 0 0</i>
                <i>1 0 0 0 1 0 0 0 1 0 0 0</i>
            </KeyFrames>
        </RefFrame>
        <Bones count="23">
            <i>
                <p>
                    <Name><![CDATA[pelvis]]></Name>
                    <Exclude>0</Exclude>
                    <Additive>0</Additive>
                    <IKPriority>0</IKPriority>
                    <IKRotLimits>-1e+010 -1e+010 -1e+010 1e+010 1e+010 1e+010</IKRotLimits>
                    <IKRotLimitOrder>2</IKRotLimitOrder>
                    <KeyFrames count="60">
                        <i>1 0 0 0 1 0 0 0 1 0 0.43 -0.14</i>
                        <i>1 0 0 0 1 0 0 0 1 0 0.43 -0.14</i>
                        <i>1 0 0 0 1 0 0 0 1 0 0.43 -0.14</i>
                        <i>1 0 0 0 1 0 0 0 1 0 0.43 -0.14</i>
                        <i>1 0 0 0 1 0 0 0 1 0 0.43 -0.14</i>
                        <i>1 0 0 0 1 0 0 0 1 0 0.43 -0.14</i>
                        <i>1 0 0 0 1 0 0 0 1 0 0.43 -0.14</i>
                        <i>1 0 0 0 1 0 0 0 1 0 0.43 -0.14</i>
                        <i>1 0 0 0 1 0 0 0 1 0 0.43 -0.14</i>
                        <i>1 0 0 0 1 0 0 0 1 0 0.43 -0.14</i>
                        <i>1 0 0 0 1 0 0 0 1 0 0.43 -0.14</i>
                        <i>1 0 0 0 1 0 0 0 1 0 0.43 -0.14</i>
                        <i>1 0 0 0 1 0 0 0 1 0 0.43 -0.14</i>
                        <i>1 0 0 0 1 0 0 0 1 0 0.43 -0.14</i>
                        <i>1 0 0 0 1 0 0 0 1 0 0.43 -0.14</i>
                        <i>1 0 0 0 1 0 0 0 1 0 0.43 -0.14</i>
                        <i>1 0 0 0 1 0 0 0 1 0 0.43 -0.14</i>
                        <i>1 0 0 0 1 0 0 0 1 0 0.43 -0.14</i>
                        <i>1 0 0 0 1 0 0 0 1 0 0.43 -0.14</i>
                        <i>1 0 0 0 1 0 0 0 1 0 0.43 -0.14</i>
                        <i>1 0 0 0 1 0 0 0 1 0 0.43 -0.14</i>
                        <i>1 0 0 0 1 0 0 0 1 0 0.43 -0.14</i>
                        <i>1 0 0 0 1 0 0 0 1 0 0.43 -0.14</i>
                        <i>1 0 0 0 1 0 0 0 1 0 0.43 -0.14</i>
                        <i>1 0 0 0 1 0 0 0 1 0 0.43 -0.14</i>
                        <i>1 0 0 0 1 0 0 0 1 0 0.43 -0.14</i>
                        <i>1 0 0 0 1 0 0 0 1 0 0.43 -0.14</i>
                        <i>1 0 0 0 1 0 0 0 1 0 0.43 -0.14</i>
                        <i>1 0 0 0 1 0 0 0 1 0 0.43 -0.14</i>
                        <i>1 0 0 0 1 0 0 0 1 0 0.43 -0.14</i>
                        <i>1 0 0 0 1 0 0 0 1 0 0.43 -0.14</i>
                        <i>1 0 0 0 1 0 0 0 1 0 0.43 -0.14</i>
                        <i>1 0 0 0 1 0 0 0 1 0 0.43 -0.14</i>
                        <i>1 0 0 0 1 0 0 0 1 0 0.43 -0.14</i>
                        <i>1 0 0 0 1 0 0 0 1 0 0.43 -0.14</i>
                        <i>1 0 0 0 1 0 0 0 1 0 0.43 -0.14</i>
                        <i>1 0 0 0 1 0 0 0 1 0 0.43 -0.14</i>
                        <i>1 0 0 0 1 0 0 0 1 0 0.43 -0.14</i>
                        <i>1 0 0 0 1 0 0 0 1 0 0.43 -0.14</i>
                        <i>1 0 0 0 1 0 0 0 1 0 0.43 -0.14</i>
                        <i>1 0 0 0 1 0 0 0 1 0 0.43 -0.14</i>
                        <i>1 0 0 0 1 0 0 0 1 0 0.43 -0.14</i>
                        <i>1 0 0 0 1 0 0 0 1 0 0.43 -0.14</i>
                        <i>1 0 0 0 1 0 0 0 1 0 0.43 -0.14</i>
                        <i>1 0 0 0 1 0 0 0 1 0 0.43 -0.14</i>
                        <i>1 0 0 0 1 0 0 0 1 0 0.43 -0.14</i>
                        <i>1 0 0 0 1 0 0 0 1 0 0.43 -0.14</i>
                        <i>1 0 0 0 1 0 0 0 1 0 0.43 -0.14</i>
                        <i>1 0 0 0 1 0 0 0 1 0 0.43 -0.14</i>
                        <i>1 0 0 0 1 0 0 0 1 0 0.43 -0.14</i>
                        <i>1 0 0 0 1 0 0 0 1 0 0.43 -0.14</i>
                        <i>1 0 0 0 1 0 0 0 1 0 0.43 -0.14</i>
                        <i>1 0 0 0 1 0 0 0 1 0 0.43 -0.14</i>
                        <i>1 0 0 0 1 0 0 0 1 0 0.43 -0.14</i>
                        <i>1 0 0 0 1 0 0 0 1 0 0.43 -0.14</i>
                        <i>1 0 0 0 1 0 0 0 1 0 0.43 -0.14</i>
                        <i>1 0 0 0 1 0 0 0 1 0 0.43 -0.14</i>
                        <i>1 0 0 0 1 0 0 0 1 0 0.43 -0.14</i>
                        <i>1 0 0 0 1 0 0 0 1 0 0.43 -0.14</i>
                        <i>1 0 0 0 1 0 0 0 1 0 0.43 -0.14</i>
                    </KeyFrames>
                </p>
            </i>
            <i>
                <p>
                    <Name><![CDATA[spine0]]></Name>
                    <Exclude>0</Exclude>
                    <Additive>0</Additive>
                    <IKPriority>0</IKPriority>
                    <IKRotLimits>-1e+010 -1e+010 -1e+010 1e+010 1e+010 1e+010</IKRotLimits>
                    <IKRotLimitOrder>0</IKRotLimitOrder>
                    <KeyFrames count="60">
                        <i>1.11022e-016 0.997804 -0.0662421 -1 1.11022e-016 0 6.93889e-018 0.0662421 0.997804 0 0.565654 -0.187898</i>
                        <i>-0.00236143 0.997713 -0.0675476 -0.999997 -0.00236684 4.60833e-013 -0.000159874 0.0675474 0.997716 0 0.565654 -0.187898</i>
                        <i>-0.00491364 0.997486 -0.0706932 -0.999988 -0.00492596 -1.28647e-014 -0.000348232 0.0706924 0.997498 0 0.565654 -0.187898</i>
                        <i>-0.00780539 0.997203 -0.0743357 -0.999969 -0.00782704 -2.36637e-013 -0.000581829 0.0743334 0.997233 0 0.565654 -0.187898</i>
                        <i>-0.0110433 0.996957 -0.0771648 -0.999939 -0.0110763 -4.05245e-013 -0.000854702 0.0771601 0.997018 0 0.565654 -0.187898</i>
                        <i>-0.0144926 0.996854 -0.0779181 -0.999894 -0.0145368 3.13465e-013 -0.00113268 0.0779099 0.99696 0 0.565654 -0.187898</i>
                        <i>-0.0183446 0.997015 -0.0749923 -0.999831 -0.0183964 -2.52159e-014 -0.00137959 0.0749796 0.997184 0 0.565654 -0.187898</i>
                        <i>-0.022155 0.997347 -0.0693386 -0.999753 -0.0222085 4.37775e-014 -0.00153991 0.0693215 0.997593 0 0.565654 -0.187898</i>
                        <i>-0.0250311 0.997658 -0.0636571 -0.999685 -0.0250819 -6.52256e-016 -0.00159664 0.063637 0.997972 0 0.565654 -0.187898</i>
                        <i>-0.026474 0.997801 -0.0607693 -0.999648 -0.026523 4.2015e-015 -0.00161178 0.0607479 0.998152 0 0.565654 -0.187898</i>
                        <i>-0.026545 0.997761 -0.0613785 -0.999646 -0.0265951 -4.3604e-014 -0.00163237 0.0613568 0.998115 0 0.565654 -0.187898</i>
                        <i>-0.0267106 0.997659 -0.0629495 -0.999642 -0.0267637 8.95117e-016 -0.00168476 0.062927 0.998017 0 0.565654 -0.187898</i>
                        <i>-0.0268996 0.997516 -0.0650966 -0.999637 -0.0269568 1.45578e-014 -0.00175479 0.065073 0.997879 0 0.565654 -0.187898</i>
                        <i>-0.027042 0.997357 -0.0674377 -0.999633 -0.0271037 5.97092e-014 -0.00182781 0.0674129 0.997723 0 0.565654 -0.187898</i>
                        <i>-0.0270701 0.997208 -0.0695981 -0.999632 -0.0271359 -1.45925e-014 -0.0018886 0.0695725 0.997575 0 0.565654 -0.187898</i>
                        <i>-0.0269175 0.997098 -0.071211 -0.999636 -0.026986 -3.23769e-014 -0.0019217 0.0711851 0.997461 0 0.565654 -0.187898</i>
                        <i>-0.0265183 0.997058 -0.0719144 -0.999646 -0.0265872 -4.19109e-014 -0.001912 0.0718889 0.997411 0 0.565654 -0.187898</i>
                        <i>-0.0258662 0.997098 -0.0716023 -0.999664 -0.0259328 1.45023e-015 -0.00185685 0.0715782 0.997433 0 0.565654 -0.187898</i>
                        <i>-0.025049 0.997193 -0.0705654 -0.999685 -0.0251116 6.83412e-014 -0.00177201 0.0705431 0.997507 0 0.565654 -0.187898</i>
                        <i>-0.0241411 0.997322 -0.0690345 -0.999707 -0.0241989 -6.4497e-014 -0.00167056 0.0690143 0.997614 0 0.565654 -0.187898</i>
                        <i>-0.0232184 0.997467 -0.0672422 -0.999729 -0.0232711 4.22093e-014 -0.0015648 0.067224 0.997737 0 0.565654 -0.187898</i>
                        <i>-0.0223591 0.997607 -0.0654249 -0.999749 -0.0224071 -2.87555e-013 -0.00146598 0.0654084 0.997858 0 0.565654 -0.187898</i>
                        <i>-0.0216435 0.997727 -0.0638233 -0.999765 -0.0216877 1.96371e-015 -0.00138418 0.0638083 0.997961 0 0.565654 -0.187898</i>
                        <i>-0.0211538 0.997809 -0.0626821 -0.999775 -0.0211954 1.27329e-014 -0.00132857 0.062668 0.998034 0 0.565654 -0.187898</i>
                        <i>-0.0209723 0.99784 -0.0622473 -0.999779 -0.0210131 -2.21108e-014 -0.00130801 0.0622335 0.998061 0 0.565654 -0.187898</i>
                        <i>-0.01774 0.997678 -0.065762 -0.999842 -0.0177784 -1.92485e-014 -0.00116915 0.0657516 0.997835 0 0.565654 -0.187898</i>
                        <i>-0.0120805 0.99733 -0.0720225 -0.999927 -0.012112 -3.03743e-013 -0.000872337 0.0720172 0.997403 0 0.565654 -0.187898</i>
                        <i>-0.00400875 0.997084 -0.0762122 -0.999992 -0.00402044 1.02002e-014 -0.000306406 0.0762115 0.997092 0 0.565654 -0.187898</i>
                        <i>0.00512699 0.99708 -0.0761946 -0.999987 0.00514193 -3.77462e-013 0.000391788 0.0761936 0.997093 0 0.565654 -0.187898</i>
                        <i>0.0134999 0.997168 -0.073979 -0.999908 0.013537 2.67744e-013 0.00100145 0.0739722 0.99726 0 0.565654 -0.187898</i>
                        <i>0.0198385 0.997262 -0.0712422 -0.999802 0.019889 -9.58678e-014 0.00141694 0.0712281 0.997459 0 0.565654 -0.187898</i>
                        <i>0.0233058 0.997287 -0.0698277 -0.999727 0.0233628 7.57588e-014 0.00163137 0.0698086 0.997559 0 0.565654 -0.187898</i>
                        <i>0.0233355 0.997265 -0.070122 -0.999726 0.0233931 -1.20445e-013 0.00164037 0.0701028 0.997538 0 0.565654 -0.187898</i>
                        <i>0.0234137 0.997209 -0.0708968 -0.999724 0.0234728 -1.15255e-014 0.00166415 0.0708773 0.997484 0 0.565654 -0.187898</i>
                        <i>0.0235241 0.997128 -0.0719897 -0.999722 0.0235853 1.17802e-013 0.0016979 0.0719697 0.997405 0 0.565654 -0.187898</i>
                        <i>0.0236501 0.997034 -0.0732388 -0.999719 0.0237138 1.4512e-013 0.00173677 0.0732182 0.997314 0 0.565654 -0.187898</i>
                        <i>0.0237756 0.996939 -0.0744839 -0.999716 0.0238418 -1.6781e-013 0.00177583 0.0744627 0.997222 0 0.565654 -0.187898</i>
                        <i>0.0238847 0.996855 -0.0755667 -0.999713 0.0239532 5.88418e-015 0.00181006 0.075545 0.997141 0 0.565654 -0.187898</i>
                        <i>0.0239616 0.996795 -0.0763307 -0.999711 0.0240318 5.09523e-014 0.00183436 0.0763086 0.997083 0 0.565654 -0.187898</i>
                        <i>0.0239908 0.996772 -0.0766201 -0.999711 0.0240615 3.19814e-014 0.00184359 0.0765979 0.99706 0 0.565654 -0.187898</i>
                        <i>0.0239718 0.996787 -0.0764315 -0.999711 0.0240421 7.47805e-014 0.00183758 0.0764094 0.997075 0 0.565654 -0.187898</i>
                        <i>0.0239202 0.996827 -0.0759193 -0.999712 0.0239894 -3.53953e-014 0.00182126 0.0758974 0.997114 0 0.565654 -0.187898</i>
                        <i>0.023844 0.996886 -0.0751631 -0.999714 0.0239117 6.88477e-014 0.00179728 0.0751416 0.997171 0 0.565654 -0.187898</i>
                        <i>0.0237513 0.996957 -0.0742428 -0.999716 0.023817 -3.48332e-015 0.00176824 0.0742218 0.99724 0 0.565654 -0.187898</i>
                        <i>0.0236501 0.997034 -0.0732388 -0.999719 0.0237138 1.4512e-013 0.00173677 0.0732182 0.997314 0 0.565654 -0.187898</i>
                        <i>0.0235485 0.99711 -0.0722322 -0.999721 0.0236102 -1.13458e-013 0.00170542 0.0722121 0.997388 0 0.565654 -0.187898</i>
                        <i>0.0234549 0.997179 -0.0713049 -0.999723 0.0235148 -1.19973e-014 0.00167672 0.0712852 0.997455 0 0.565654 -0.187898</i>
                        <i>0.0233777 0.997235 -0.0705396 -0.999725 0.023436 1.88738e-015 0.00165317 0.0705203 0.997509 0 0.565654 -0.187898</i>
                        <i>0.0233251 0.997273 -0.0700195 -0.999727 0.0233825 3.53953e-014 0.00163723 0.0700003 0.997546 0 0.565654 -0.187898</i>
                        <i>0.0233058 0.997287 -0.0698277 -0.999727 0.0233628 7.57588e-014 0.00163137 0.0698086 0.997559 0 0.565654 -0.187898</i>
                        <i>0.022051 0.99728 -0.0703305 -0.999756 0.0221058 6.60097e-014 0.00155471 0.0703133 0.997524 0 0.565654 -0.187898</i>
                        <i>0.0200316 0.997224 -0.0717087 -0.999798 0.0200833 -4.61575e-014 0.00144015 0.0716942 0.997426 0 0.565654 -0.187898</i>
                        <i>0.0173837 0.997155 -0.0733501 -0.999848 0.0174307 9.02334e-014 0.00127854 0.073339 0.997306 0 0.565654 -0.187898</i>
                        <i>0.0142761 0.997108 -0.0746426 -0.999898 0.014316 2.72414e-013 0.00106858 0.0746349 0.99721 0 0.565654 -0.187898</i>
                        <i>0.0109234 0.997126 -0.0749679 -0.99994 0.0109542 7.89993e-014 0.000821215 0.0749634 0.997186 0 0.565654 -0.187898</i>
                        <i>0.0075895 0.997242 -0.0738296 -0.999971 0.00761027 -6.00492e-014 0.000561864 0.0738275 0.997271 0 0.565654 -0.187898</i>
                        <i>0.00458021 0.99742 -0.0716445 -0.999989 0.00459201 -1.28807e-013 0.000328992 0.0716437 0.99743 0 0.565654 -0.187898</i>
                        <i>0.00216747 0.997604 -0.0691514 -0.999998 0.00217267 -2.57079e-013 0.000150243 0.0691513 0.997606 0 0.565654 -0.187898</i>
                        <i>0.000575019 0.997746 -0.0670974 -1 0.000576318 2.33125e-012 3.86694e-005 0.0670974 0.997746 0 0.565654 -0.187898</i>
                        <i>1.11022e-016 0.997804 -0.0662421 -1 1.11022e-016 0 6.93889e-018 0.0662421 0.997804 0 0.565654 -0.187898</i>
                    </KeyFrames>
                </p>
            </i>
            <i>
                <p>
                    <Name><![CDATA[spine1]]></Name>
                    <Exclude>0</Exclude>
                    <Additive>0</Additive>
                    <IKPriority>0</IKPriority>
                    <IKRotLimits>-1e+010 -1e+010 -1e+010 1e+010 1e+010 1e+010</IKRotLimits>
                    <IKRotLimitOrder>0</IKRotLimitOrder>
                    <KeyFrames count="60">
                        <i>1.11183e-016 0.999613 0.0278212 -1 1.11022e-016 0 -3.52531e-018 -0.0278212 0.999613 3.79638e-017 0.737887 -0.199339</i>
                        <i>0.00124185 0.999638 0.0268926 -0.99991 0.00088164 0.013402 0.0133735 -0.0269069 0.999548 -0.000407719 0.737916 -0.199568</i>
                        <i>0.00259228 0.999685 0.0249761 -0.999625 0.00190931 0.0273301 0.0272737 -0.0250375 0.999314 -0.000848923 0.737988 -0.200119</i>
                        <i>0.00386132 0.999734 0.0227438 -0.999131 0.00291306 0.0415797 0.0415023 -0.0228846 0.998876 -0.0013496 0.738076 -0.20076</i>
                        <i>0.00493639 0.99977 0.0208845 -0.998423 0.00375985 0.0560041 0.0559127 -0.021128 0.998212 -0.00191076 0.738152 -0.201259</i>
                        <i>0.00578847 0.999781 0.0200989 -0.9975 0.00435728 0.0705354 0.0704324 -0.0204569 0.997307 -0.00250829 0.738184 -0.201393</i>
                        <i>0.00622938 0.999755 0.0212617 -0.996258 0.00437181 0.0863206 0.0862064 -0.0217199 0.99604 -0.00317357 0.738135 -0.200881</i>
                        <i>0.00637893 0.999695 0.0238511 -0.994709 0.0038978 0.102661 0.102537 -0.0243797 0.99443 -0.00382921 0.738032 -0.19989</i>
                        <i>0.00657588 0.999628 0.0264643 -0.993173 0.00344647 0.116602 0.116467 -0.0270504 0.992826 -0.00432245 0.737933 -0.198898</i>
                        <i>0.0069701 0.999591 0.0277268 -0.992156 0.00345211 0.124959 0.124813 -0.0283803 0.991774 -0.00456971 0.737885 -0.198394</i>
                        <i>0.00692649 0.9996 0.0274208 -0.992166 0.00344925 0.124882 0.124737 -0.028071 0.991793 -0.00458249 0.737898 -0.198501</i>
                        <i>0.00682118 0.999622 0.026629 -0.992191 0.00344905 0.124683 0.124544 -0.0272715 0.991839 -0.00461246 0.737932 -0.198775</i>
                        <i>0.00669232 0.999651 0.0255399 -0.992224 0.00346394 0.124415 0.124283 -0.026174 0.991902 -0.00464702 0.737979 -0.199151</i>
                        <i>0.00657836 0.999682 0.0243438 -0.992259 0.0035067 0.124133 0.124008 -0.0249719 0.991967 -0.00467378 0.738031 -0.199562</i>
                        <i>0.00651827 0.999709 0.023233 -0.99229 0.00359077 0.123888 0.123768 -0.0238614 0.992024 -0.00468062 0.738078 -0.199941</i>
                        <i>0.0065516 0.999728 0.0224028 -0.992309 0.00373031 0.123731 0.123614 -0.0230411 0.992063 -0.00465569 0.738113 -0.200224</i>
                        <i>0.00671834 0.999734 0.0220496 -0.992311 0.00394002 0.123708 0.123588 -0.0227111 0.992074 -0.00458716 0.738125 -0.200347</i>
                        <i>0.00702407 0.999728 0.0222321 -0.992295 0.00421826 0.123823 0.123695 -0.0229306 0.992055 -0.00447384 0.738112 -0.200291</i>
                        <i>0.00742058 0.999713 0.0227944 -0.992269 0.00453748 0.124023 0.123884 -0.0235385 0.992017 -0.00433131 0.738082 -0.200108</i>
                        <i>0.00786706 0.99969 0.0236099 -0.992236 0.0048735 0.124269 0.124116 -0.0244043 0.991968 -0.00417277 0.73804 -0.199839</i>
                        <i>0.0083227 0.999664 0.0245527 -0.992203 0.00520211 0.124526 0.124356 -0.0253976 0.991913 -0.0040116 0.737993 -0.199524</i>
                        <i>0.00874694 0.999637 0.0254982 -0.992171 0.00549923 0.124763 0.124577 -0.0263899 0.991859 -0.00386155 0.737947 -0.199205</i>
                        <i>0.00909951 0.999612 0.0263239 -0.992146 0.00574093 0.124956 0.124757 -0.0272541 0.991813 -0.00373666 0.737907 -0.198924</i>
                        <i>0.00934034 0.999594 0.026908 -0.992128 0.00590337 0.125087 0.124877 -0.0278645 0.991781 -0.00365122 0.737879 -0.198724</i>
                        <i>0.00942951 0.999587 0.0271297 -0.992122 0.00596281 0.125135 0.124922 -0.0280959 0.991769 -0.00361957 0.737869 -0.198648</i>
                        <i>0.0113098 0.999615 0.0253484 -0.993868 0.00844901 0.110252 0.109995 -0.0264399 0.99358 -0.00306304 0.737916 -0.19926</i>
                        <i>0.0145951 0.999648 0.0221386 -0.996329 0.0126716 0.084664 0.0843537 -0.023293 0.996164 -0.00208775 0.738012 -0.200353</i>
                        <i>0.0192208 0.999616 0.0199745 -0.998428 0.0181383 0.0530304 0.0526477 -0.0209624 0.998393 -0.000693145 0.738058 -0.201084</i>
                        <i>0.0244398 0.999501 0.0200053 -0.99952 0.0240492 0.0195379 0.0190471 -0.0204732 0.999609 0.000886278 0.738014 -0.201078</i>
                        <i>0.0292355 0.999348 0.02117 -0.999496 0.0294893 -0.0117767 -0.0123934 -0.020815 0.999707 0.0023324 0.737937 -0.200687</i>
                        <i>0.0328851 0.999204 0.0225873 -0.998761 0.0336984 -0.0366228 -0.0373548 -0.0213549 0.999074 0.00342575 0.737863 -0.200207</i>
                        <i>0.034886 0.999119 0.0233157 -0.99807 0.0360296 -0.0505746 -0.0513701 -0.0215063 0.998448 0.00402357 0.737828 -0.19996</i>
                        <i>0.0348999 0.999122 0.0231652 -0.998071 0.0360354 -0.0505608 -0.0513512 -0.0213559 0.998452 0.00402894 0.737834 -0.200012</i>
                        <i>0.0349364 0.99913 0.0227682 -0.998072 0.0360507 -0.0505242 -0.0513011 -0.0209591 0.998463 0.00404307 0.737851 -0.200148</i>
                        <i>0.034988 0.999141 0.022206 -0.998074 0.0360723 -0.050472 -0.0512297 -0.0203973 0.998479 0.00406302 0.737875 -0.200339</i>
                        <i>0.0350471 0.999153 0.0215603 -0.998076 0.0360972 -0.0504117 -0.0511473 -0.019752 0.998496 0.00408583 0.737903 -0.200558</i>
                        <i>0.0351063 0.999165 0.0209133 -0.998078 0.036122 -0.0503507 -0.0510641 -0.0191054 0.998513 0.00410858 0.737931 -0.200777</i>
                        <i>0.0351579 0.999175 0.0203477 -0.99808 0.0361437 -0.050297 -0.050991 -0.0185403 0.998527 0.00412837 0.737956 -0.200968</i>
                        <i>0.0351945 0.999181 0.0199471 -0.998082 0.0361591 -0.0502588 -0.0509389 -0.01814 0.998537 0.00414235 0.737974 -0.201102</i>
                        <i>0.0352083 0.999184 0.019795 -0.998082 0.0361649 -0.0502442 -0.0509191 -0.017988 0.998541 0.00414764 0.73798 -0.201153</i>
                        <i>0.0351993 0.999182 0.0198941 -0.998082 0.0361611 -0.0502537 -0.050932 -0.018087 0.998538 0.00414419 0.737976 -0.20112</i>
                        <i>0.0351748 0.999178 0.0201629 -0.998081 0.0361508 -0.0502794 -0.050967 -0.0183557 0.998532 0.00413482 0.737964 -0.20103</i>
                        <i>0.0351387 0.999171 0.0205588 -0.998079 0.0361356 -0.0503171 -0.0510183 -0.0187512 0.998522 0.00412099 0.737947 -0.200897</i>
                        <i>0.0350948 0.999162 0.0210388 -0.998078 0.0361172 -0.0503626 -0.0510803 -0.0192309 0.998509 0.00410417 0.737926 -0.200735</i>
                        <i>0.0350471 0.999153 0.0215603 -0.998076 0.0360972 -0.0504117 -0.0511473 -0.019752 0.998496 0.00408583 0.737903 -0.200558</i>
                        <i>0.0349994 0.999143 0.0220809 -0.998074 0.0360771 -0.0504604 -0.0512138 -0.0202723 0.998482 0.00406745 0.737881 -0.200382</i>
                        <i>0.0349556 0.999134 0.0225586 -0.998073 0.0360588 -0.0505048 -0.0512745 -0.0207497 0.998469 0.00405052 0.73786 -0.200219</i>
                        <i>0.0349195 0.999127 0.0229514 -0.998071 0.0360437 -0.0505411 -0.0513242 -0.0211422 0.998458 0.00403655 0.737843 -0.200085</i>
                        <i>0.0348951 0.999121 0.0232176 -0.998071 0.0360334 -0.0505656 -0.0513578 -0.0214083 0.998451 0.00402707 0.737832 -0.199994</i>
                        <i>0.034886 0.999119 0.0233157 -0.99807 0.0360296 -0.0505746 -0.0513701 -0.0215063 0.998448 0.00402357 0.737828 -0.19996</i>
                        <i>0.032954 0.999187 0.0232361 -0.998283 0.0340328 -0.0476728 -0.0484248 -0.0216252 0.998593 0.00380754 0.737854 -0.200049</i>
                        <i>0.0298115 0.999295 0.0228116 -0.998604 0.0307709 -0.0429271 -0.0435988 -0.0215001 0.998818 0.00346011 0.737907 -0.200292</i>
                        <i>0.0257498 0.999419 0.0223139 -0.998967 0.0265614 -0.036874 -0.0374453 -0.0213414 0.999071 0.00300403 0.737969 -0.200581</i>
                        <i>0.0210761 0.999535 0.0220237 -0.999312 0.0217333 -0.0300382 -0.0305029 -0.0213755 0.999306 0.0024679 0.738024 -0.20081</i>
                        <i>0.0161228 0.999623 0.0222351 -0.999599 0.0166324 -0.0229251 -0.0232863 -0.0218566 0.99949 0.00188861 0.738053 -0.200868</i>
                        <i>0.0112495 0.999668 0.0231825 -0.999804 0.0116225 -0.0160176 -0.0162817 -0.0229977 0.999603 0.00131196 0.738042 -0.200669</i>
                        <i>0.00683991 0.999674 0.0246187 -0.999927 0.00708247 -0.00977873 -0.0099499 -0.02455 0.999649 0.000791431 0.738001 -0.200285</i>
                        <i>0.00326435 0.999653 0.0261348 -0.999983 0.00338806 -0.00469037 -0.00477729 -0.0261191 0.999647 0.000374344 0.73795 -0.199848</i>
                        <i>0.000872119 0.999626 0.0273334 -0.999999 0.000906854 -0.00125841 -0.00128273 -0.0273322 0.999626 9.9272e-005 0.737906 -0.199489</i>
                        <i>1.11183e-016 0.999613 0.0278212 -1 1.11022e-016 0 -3.52531e-018 -0.0278212 0.999613 3.79638e-017 0.737887 -0.199339</i>
                    </KeyFrames>
                </p>
            </i>
            <i>
                <p>
                    <Name><![CDATA[spine2]]></Name>
                    <Exclude>0</Exclude>
                    <Additive>0</Additive>
                    <IKPriority>0</IKPriority>
                    <IKRotLimits>-1e+010 -1e+010 -1e+010 1e+010 1e+010 1e+010</IKRotLimits>
                    <IKRotLimitOrder>0</IKRotLimitOrder>
                    <KeyFrames count="60">
                        <i>1.06518e-016 0.958671 0.284516 -1 1.11022e-016 0 -3.20619e-017 -0.284516 0.958671 7.30362e-017 0.896788 -0.194899</i>
                        <i>0.0112218 0.958028 0.286454 -0.99962 0.00353927 0.0273233 0.0251627 -0.286652 0.957704 -0.000195776 0.896862 -0.195273</i>
                        <i>0.0233395 0.956177 0.291858 -0.998415 0.00733662 0.055806 0.0512192 -0.292698 0.954832 -0.000406861 0.897042 -0.196126</i>
                        <i>0.0363721 0.953817 0.298178 -0.996308 0.0113909 0.0850934 0.077767 -0.300172 0.95071 -0.000689559 0.897263 -0.197117</i>
                        <i>0.0500655 0.95171 0.302889 -0.993258 0.0156971 0.114857 0.104556 -0.306598 0.946079 -0.00106316 0.897453 -0.197909</i>
                        <i>0.0638856 0.950682 0.303516 -0.989253 0.0202476 0.144803 0.131516 -0.309505 0.941759 -0.00150874 0.897532 -0.198168</i>
                        <i>0.0779797 0.951714 0.296918 -0.983884 0.0253952 0.176998 0.160911 -0.305935 0.938356 -0.00208714 0.89741 -0.197474</i>
                        <i>0.0911999 0.954158 0.285072 -0.977264 0.0307308 0.209787 0.19141 -0.297723 0.935266 -0.00270254 0.897153 -0.196079</i>
                        <i>0.101455 0.956545 0.273364 -0.970797 0.0351461 0.237314 0.217394 -0.289457 0.932177 -0.00315072 0.896904 -0.194678</i>
                        <i>0.10741 0.957608 0.267303 -0.966554 0.0375982 0.253693 0.232889 -0.285612 0.929618 -0.00332696 0.896786 -0.193978</i>
                        <i>0.107555 0.957263 0.268477 -0.966576 0.0374674 0.253629 0.23273 -0.286782 0.929297 -0.00334658 0.896819 -0.194132</i>
                        <i>0.107896 0.956369 0.271508 -0.966634 0.0370981 0.25346 0.232329 -0.289796 0.928462 -0.00339303 0.896903 -0.194531</i>
                        <i>0.108295 0.955135 0.275661 -0.966718 0.036525 0.253225 0.231796 -0.29391 0.927301 -0.00344773 0.897019 -0.195077</i>
                        <i>0.108614 0.953776 0.280204 -0.966814 0.0357825 0.252962 0.231243 -0.29838 0.926011 -0.00349222 0.897148 -0.195674</i>
                        <i>0.108716 0.95252 0.284407 -0.966913 0.0349049 0.252706 0.230781 -0.30247 0.924799 -0.00350825 0.897267 -0.196227</i>
                        <i>0.108466 0.951605 0.287548 -0.967005 0.0339267 0.252489 0.230515 -0.305446 0.923886 -0.00347772 0.897353 -0.196641</i>
                        <i>0.107729 0.951276 0.288908 -0.96708 0.0328826 0.252338 0.230543 -0.306581 0.923503 -0.0033825 0.897384 -0.196819</i>
                        <i>0.10649 0.951608 0.288274 -0.967137 0.0318104 0.252257 0.23088 -0.305663 0.923723 -0.00322056 0.897351 -0.196735</i>
                        <i>0.104923 0.952401 0.286221 -0.96718 0.0307516 0.252224 0.231417 -0.303292 0.92437 -0.00301513 0.897275 -0.196465</i>
                        <i>0.103178 0.953492 0.28321 -0.967212 0.0297468 0.252222 0.232067 -0.299948 0.925298 -0.00278589 0.897171 -0.196068</i>
                        <i>0.101404 0.954717 0.2797 -0.967235 0.0288364 0.252238 0.23275 -0.296114 0.92636 -0.00255269 0.897054 -0.195605</i>
                        <i>0.0997539 0.955922 0.276157 -0.967252 0.0280601 0.252262 0.233394 -0.292277 0.927416 -0.00233565 0.896939 -0.195138</i>
                        <i>0.0983819 0.956957 0.273045 -0.967263 0.0274572 0.252287 0.233931 -0.288927 0.928331 -0.00215516 0.896841 -0.194729</i>
                        <i>0.097444 0.957681 0.270834 -0.967269 0.0270669 0.252306 0.234298 -0.286555 0.928973 -0.00203178 0.896772 -0.194438</i>
                        <i>0.0970967 0.957954 0.269992 -0.967271 0.0269281 0.252314 0.234435 -0.285655 0.929216 -0.00198608 0.896747 -0.194327</i>
                        <i>0.089926 0.956662 0.27697 -0.974444 0.0270365 0.222996 0.205843 -0.289945 0.934645 -0.00114558 0.896866 -0.195217</i>
                        <i>0.077373 0.954078 0.289392 -0.984671 0.0276157 0.172221 0.156321 -0.298281 0.94159 0.000327193 0.897107 -0.196812</i>
                        <i>0.0597187 0.95276 0.297796 -0.993698 0.0283926 0.108433 0.0948554 -0.302395 0.948451 0.00242579 0.897228 -0.197883</i>
                        <i>0.0398694 0.953771 0.297878 -0.998765 0.0291938 0.0402044 0.0296496 -0.299113 0.953757 0.00479931 0.897127 -0.197872</i>
                        <i>0.0216657 0.955693 0.293565 -0.999273 0.0299129 -0.0236323 -0.0313666 -0.29284 0.955647 0.00697277 0.896941 -0.197299</i>
                        <i>0.00783839 0.957543 0.288183 -0.996786 0.0304597 -0.0740963 -0.0797283 -0.286676 0.954704 0.00861751 0.896764 -0.196597</i>
                        <i>0.000255279 0.958415 0.285378 -0.994275 0.0307367 -0.102337 -0.106853 -0.283718 0.952936 0.0095174 0.896681 -0.196236</i>
                        <i>0.000193593 0.958245 0.285949 -0.994276 0.0307351 -0.102323 -0.106839 -0.284293 0.952766 0.0095253 0.896697 -0.196311</i>
                        <i>3.10359e-005 0.957794 0.287454 -0.99428 0.0307307 -0.102287 -0.106803 -0.285807 0.952317 0.00954611 0.896739 -0.196509</i>
                        <i>-0.000198631 0.957154 0.28958 -0.994286 0.0307244 -0.102236 -0.106752 -0.287946 0.951678 0.00957551 0.896799 -0.196789</i>
                        <i>-0.000461649 0.956414 0.292015 -0.994292 0.030717 -0.102177 -0.106693 -0.290395 0.95094 0.00960918 0.896869 -0.19711</i>
                        <i>-0.00072441 0.955667 0.294447 -0.994298 0.0307096 -0.102118 -0.106633 -0.292842 0.950196 0.00964281 0.89694 -0.19743</i>
                        <i>-0.000953389 0.955012 0.296566 -0.994304 0.030703 -0.102067 -0.106581 -0.294974 0.949542 0.00967211 0.897002 -0.197709</i>
                        <i>-0.00111524 0.954545 0.298064 -0.994308 0.0306982 -0.102031 -0.106543 -0.296481 0.949077 0.00969283 0.897046 -0.197906</i>
                        <i>-0.00117661 0.954368 0.298632 -0.994309 0.0306964 -0.102017 -0.106529 -0.297052 0.9489 0.00970068 0.897063 -0.197981</i>
                        <i>-0.00113661 0.954483 0.298262 -0.994308 0.0306976 -0.102026 -0.106538 -0.29668 0.949015 0.00969556 0.897052 -0.197932</i>
                        <i>-0.00102805 0.954797 0.297257 -0.994305 0.0307008 -0.10205 -0.106563 -0.295669 0.949328 0.00968167 0.897022 -0.1978</i>
                        <i>-0.00086799 0.955257 0.295776 -0.994302 0.0307054 -0.102086 -0.1066 -0.294179 0.949787 0.00966118 0.896979 -0.197605</i>
                        <i>-0.000673496 0.955813 0.293976 -0.994297 0.030711 -0.10213 -0.106645 -0.292368 0.950341 0.00963629 0.896926 -0.197368</i>
                        <i>-0.000461649 0.956414 0.292015 -0.994292 0.030717 -0.102177 -0.106693 -0.290395 0.95094 0.00960918 0.896869 -0.19711</i>
                        <i>-0.000249638 0.957011 0.290053 -0.994287 0.030723 -0.102224 -0.106741 -0.288421 0.951535 0.00958204 0.896813 -0.196851</i>
                        <i>-5.46749e-005 0.957556 0.288248 -0.994282 0.0307283 -0.102268 -0.106784 -0.286605 0.952079 0.00955708 0.896761 -0.196614</i>
                        <i>0.000106 0.958002 0.28676 -0.994278 0.0307327 -0.102304 -0.10682 -0.285109 0.952524 0.00953651 0.896719 -0.196418</i>
                        <i>0.000215084 0.958304 0.28575 -0.994276 0.0307356 -0.102328 -0.106844 -0.284093 0.952825 0.00952255 0.896691 -0.196285</i>
                        <i>0.000255279 0.958415 0.285378 -0.994275 0.0307367 -0.102337 -0.106853 -0.283718 0.952936 0.0095174 0.896681 -0.196236</i>
                        <i>0.000137432 0.957999 0.28677 -0.994909 0.0290309 -0.0965053 -0.100777 -0.285297 0.953126 0.00899801 0.896741 -0.196337</i>
                        <i>-0.000122013 0.956993 0.29011 -0.995864 0.0262405 -0.0869791 -0.0908511 -0.28892 0.953033 0.00815749 0.896868 -0.196645</i>
                        <i>-0.000348538 0.955768 0.294121 -0.996942 0.0226538 -0.0747965 -0.0781511 -0.293248 0.952837 0.00706333 0.897018 -0.19701</i>
                        <i>-0.000428711 0.954714 0.297526 -0.997966 0.0185574 -0.0609858 -0.0637452 -0.296947 0.952764 0.00579175 0.897147 -0.197282</i>
                        <i>-0.000335611 0.954243 0.299032 -0.998814 0.0142393 -0.0465601 -0.0486876 -0.298693 0.953107 0.00443171 0.897213 -0.197306</i>
                        <i>-0.000136441 0.95469 0.297603 -0.999421 0.00999294 -0.0325148 -0.0340155 -0.297435 0.954136 0.00308604 0.897181 -0.196957</i>
                        <i>2.07433e-005 0.9558 0.294018 -0.999785 0.00612136 -0.0198289 -0.0207523 -0.293954 0.955594 0.00186963 0.897076 -0.196347</i>
                        <i>6.51551e-005 0.95712 0.289693 -0.999951 0.00294327 -0.0094994 -0.00994471 -0.289678 0.957072 0.000888644 0.896945 -0.195672</i>
                        <i>2.94618e-005 0.958215 0.28605 -0.999996 0.000790847 -0.0025462 -0.00266603 -0.286049 0.958211 0.000236615 0.896835 -0.195125</i>
                        <i>1.06518e-016 0.958671 0.284516 -1 1.11022e-016 0 -3.20619e-017 -0.284516 0.958671 7.30362e-017 0.896788 -0.194899</i>
                    </KeyFrames>
                </p>
            </i>
            <i>
                <p>
                    <Name><![CDATA[head]]></Name>
                    <Exclude>0</Exclude>
                    <Additive>0</Additive>
                    <IKPriority>0</IKPriority>
                    <IKRotLimits>-1e+010 -1e+010 -1e+010 1e+010 1e+010 1e+010</IKRotLimits>
                    <IKRotLimitOrder>0</IKRotLimitOrder>
                    <KeyFrames count="60">
                        <i>1.32458e-016 0.973321 0.229449 2.59427e-017 0.229449 -0.973321 -1 1.40957e-016 8.88402e-018 3.19014e-019 1.14494 -0.122593</i>
                        <i>0.0368568 0.967929 0.248504 -0.0725125 0.250608 -0.965369 -0.996686 0.0175607 0.0794236 0.00290352 1.14481 -0.122255</i>
                        <i>0.0806726 0.953736 0.289619 -0.137417 0.298433 -0.944486 -0.987223 0.0363956 0.155135 0.00605306 1.14439 -0.121183</i>
                        <i>0.128421 0.936388 0.326629 -0.208914 0.347509 -0.914108 -0.969465 0.0491534 0.240252 0.00942074 1.14385 -0.119918</i>
                        <i>0.171824 0.926343 0.33521 -0.304379 0.373543 -0.876253 -0.936926 0.0485307 0.346143 0.0129205 1.14334 -0.118994</i>
                        <i>0.201294 0.930612 0.305683 -0.442239 0.364797 -0.819358 -0.874017 0.0297471 0.484984 0.0164069 1.14307 -0.118934</i>
                        <i>0.210897 0.945225 0.249143 -0.60316 0.326404 -0.727776 -0.769234 0.00321243 0.638959 0.0198552 1.14327 -0.120397</i>
                        <i>0.196885 0.9627 0.185593 -0.7474 0.269889 -0.607086 -0.634531 -0.0191864 0.772659 0.0230036 1.14378 -0.122956</i>
                        <i>0.168154 0.976282 0.136371 -0.846527 0.213899 -0.487482 -0.50509 -0.0334701 0.862418 0.025435 1.14427 -0.125471</i>
                        <i>0.143205 0.983317 0.11216 -0.892815 0.177255 -0.414079 -0.427052 -0.04084 0.903305 0.0268978 1.14448 -0.12678</i>
                        <i>0.140491 0.983637 0.112783 -0.893173 0.175066 -0.41424 -0.427206 -0.0425379 0.903153 0.0269295 1.1444 -0.126529</i>
                        <i>0.133435 0.984433 0.114402 -0.894061 0.169376 -0.414689 -0.42761 -0.0469481 0.902743 0.0270043 1.14421 -0.125883</i>
                        <i>0.123662 0.985446 0.116635 -0.895197 0.161501 -0.415379 -0.428171 -0.0530448 0.90214 0.0270918 1.14393 -0.124997</i>
                        <i>0.112807 0.986453 0.119105 -0.896332 0.152758 -0.416238 -0.428793 -0.0598032 0.901421 0.027162 1.14363 -0.124029</i>
                        <i>0.10251 0.987292 0.121436 -0.897287 0.144472 -0.417137 -0.42938 -0.0662019 0.900694 0.0271854 1.14335 -0.123133</i>
                        <i>0.0944209 0.987872 0.123258 -0.897956 0.137968 -0.417899 -0.429837 -0.0712221 0.900093 0.0271329 1.14314 -0.122463</i>
                        <i>0.0901929 0.988148 0.124211 -0.898278 0.134572 -0.418313 -0.430071 -0.073847 0.89977 0.0269753 1.14307 -0.122173</i>
                        <i>0.0903938 0.988131 0.124201 -0.898262 0.134749 -0.418292 -0.430064 -0.0737543 0.899781 0.0267095 1.14315 -0.122306</i>
                        <i>0.0938202 0.987897 0.123517 -0.897991 0.13754 -0.417965 -0.429895 -0.0717035 0.900027 0.0263734 1.14333 -0.122742</i>
                        <i>0.0994672 0.987488 0.122364 -0.89751 0.142133 -0.417461 -0.42963 -0.0682988 0.900418 0.0259988 1.14359 -0.123382</i>
                        <i>0.10633 0.986948 0.120948 -0.896869 0.147715 -0.4169 -0.429324 -0.0641457 0.90087 0.025618 1.14387 -0.124128</i>
                        <i>0.113404 0.986339 0.119479 -0.896146 0.153471 -0.416377 -0.429025 -0.0598519 0.901307 0.0252636 1.14414 -0.124883</i>
                        <i>0.11969 0.985754 0.118168 -0.895449 0.158589 -0.415958 -0.428772 -0.0560275 0.901674 0.0249689 1.14437 -0.125545</i>
                        <i>0.124191 0.985309 0.117227 -0.894919 0.162254 -0.415684 -0.428598 -0.053284 0.901923 0.0247674 1.14454 -0.126017</i>
                        <i>0.125913 0.985134 0.116866 -0.89471 0.163656 -0.415585 -0.428532 -0.0522337 0.902015 0.0246928 1.1446 -0.126196</i>
