<?xml version="1.0" encoding="ISO-8859-1" ?>
<Animl Version="1">
    <ModellingPackage><![CDATA[Maya.2010]]></ModellingPackage>
    <SrcFile><![CDATA[anims\turrets\artillery\blue\~src\artillery_m270\artillery_m270_idle_crewman_e.mb]]></SrcFile>
    <FramesPerSecond>30</FramesPerSecond>
    <TotalFrames>60</TotalFrames>
    <Skeleton>
        <RefFrame>
            <Name><![CDATA[soldier_ref_frame]]></Name>
            <Exclude>0</Exclude>
            <Additive>0</Additive>
            <IKPriority>0</IKPriority>
            <IKRotLimits>-1e+010 -1e+010 -1e+010 1e+010 1e+010 1e+010</IKRotLimits>
            <IKRotLimitOrder>0</IKRotLimitOrder>
            <KeyFrames count="60">
                <i>1 0 0 0 1 0 0 0 1 1.76 1.34 -2.22</i>
                <i>1 0 0 0 1 0 0 0 1 1.76 1.34 -2.22</i>
                <i>1 0 0 0 1 0 0 0 1 1.76 1.34 -2.22</i>
                <i>1 0 0 0 1 0 0 0 1 1.76 1.34 -2.22</i>
                <i>1 0 0 0 1 0 0 0 1 1.76 1.34 -2.22</i>
                <i>1 0 0 0 1 0 0 0 1 1.76 1.34 -2.22</i>
                <i>1 0 0 0 1 0 0 0 1 1.76 1.34 -2.22</i>
                <i>1 0 0 0 1 0 0 0 1 1.76 1.34 -2.22</i>
                <i>1 0 0 0 1 0 0 0 1 1.76 1.34 -2.22</i>
                <i>1 0 0 0 1 0 0 0 1 1.76 1.34 -2.22</i>
                <i>1 0 0 0 1 0 0 0 1 1.76 1.34 -2.22</i>
                <i>1 0 0 0 1 0 0 0 1 1.76 1.34 -2.22</i>
                <i>1 0 0 0 1 0 0 0 1 1.76 1.34 -2.22</i>
                <i>1 0 0 0 1 0 0 0 1 1.76 1.34 -2.22</i>
                <i>1 0 0 0 1 0 0 0 1 1.76 1.34 -2.22</i>
                <i>1 0 0 0 1 0 0 0 1 1.76 1.34 -2.22</i>
                <i>1 0 0 0 1 0 0 0 1 1.76 1.34 -2.22</i>
                <i>1 0 0 0 1 0 0 0 1 1.76 1.34 -2.22</i>
                <i>1 0 0 0 1 0 0 0 1 1.76 1.34 -2.22</i>
                <i>1 0 0 0 1 0 0 0 1 1.76 1.34 -2.22</i>
                <i>1 0 0 0 1 0 0 0 1 1.76 1.34 -2.22</i>
                <i>1 0 0 0 1 0 0 0 1 1.76 1.34 -2.22</i>
                <i>1 0 0 0 1 0 0 0 1 1.76 1.34 -2.22</i>
                <i>1 0 0 0 1 0 0 0 1 1.76 1.34 -2.22</i>
                <i>1 0 0 0 1 0 0 0 1 1.76 1.34 -2.22</i>
                <i>1 0 0 0 1 0 0 0 1 1.76 1.34 -2.22</i>
                <i>1 0 0 0 1 0 0 0 1 1.76 1.34 -2.22</i>
                <i>1 0 0 0 1 0 0 0 1 1.76 1.34 -2.22</i>
                <i>1 0 0 0 1 0 0 0 1 1.76 1.34 -2.22</i>
                <i>1 0 0 0 1 0 0 0 1 1.76 1.34 -2.22</i>
                <i>1 0 0 0 1 0 0 0 1 1.76 1.34 -2.22</i>
                <i>1 0 0 0 1 0 0 0 1 1.76 1.34 -2.22</i>
                <i>1 0 0 0 1 0 0 0 1 1.76 1.34 -2.22</i>
                <i>1 0 0 0 1 0 0 0 1 1.76 1.34 -2.22</i>
                <i>1 0 0 0 1 0 0 0 1 1.76 1.34 -2.22</i>
                <i>1 0 0 0 1 0 0 0 1 1.76 1.34 -2.22</i>
                <i>1 0 0 0 1 0 0 0 1 1.76 1.34 -2.22</i>
                <i>1 0 0 0 1 0 0 0 1 1.76 1.34 -2.22</i>
                <i>1 0 0 0 1 0 0 0 1 1.76 1.34 -2.22</i>
                <i>1 0 0 0 1 0 0 0 1 1.76 1.34 -2.22</i>
                <i>1 0 0 0 1 0 0 0 1 1.76 1.34 -2.22</i>
                <i>1 0 0 0 1 0 0 0 1 1.76 1.34 -2.22</i>
                <i>1 0 0 0 1 0 0 0 1 1.76 1.34 -2.22</i>
                <i>1 0 0 0 1 0 0 0 1 1.76 1.34 -2.22</i>
                <i>1 0 0 0 1 0 0 0 1 1.76 1.34 -2.22</i>
                <i>1 0 0 0 1 0 0 0 1 1.76 1.34 -2.22</i>
                <i>1 0 0 0 1 0 0 0 1 1.76 1.34 -2.22</i>
                <i>1 0 0 0 1 0 0 0 1 1.76 1.34 -2.22</i>
                <i>1 0 0 0 1 0 0 0 1 1.76 1.34 -2.22</i>
                <i>1 0 0 0 1 0 0 0 1 1.76 1.34 -2.22</i>
                <i>1 0 0 0 1 0 0 0 1 1.76 1.34 -2.22</i>
                <i>1 0 0 0 1 0 0 0 1 1.76 1.34 -2.22</i>
                <i>1 0 0 0 1 0 0 0 1 1.76 1.34 -2.22</i>
                <i>1 0 0 0 1 0 0 0 1 1.76 1.34 -2.22</i>
                <i>1 0 0 0 1 0 0 0 1 1.76 1.34 -2.22</i>
                <i>1 0 0 0 1 0 0 0 1 1.76 1.34 -2.22</i>
                <i>1 0 0 0 1 0 0 0 1 1.76 1.34 -2.22</i>
                <i>1 0 0 0 1 0 0 0 1 1.76 1.34 -2.22</i>
                <i>1 0 0 0 1 0 0 0 1 1.76 1.34 -2.22</i>
                <i>1 0 0 0 1 0 0 0 1 1.76 1.34 -2.22</i>
            </KeyFrames>
        </RefFrame>
        <Bones count="23">
            <i>
                <p>
                    <Name><![CDATA[pelvis]]></Name>
                    <Exclude>0</Exclude>
                    <Additive>0</Additive>
                    <IKPriority>0</IKPriority>
                    <IKRotLimits>-1e+010 -1e+010 -1e+010 1e+010 1e+010 1e+010</IKRotLimits>
                    <IKRotLimitOrder>2</IKRotLimitOrder>
                    <KeyFrames count="60">
                        <i>1 0 0 0 1 0 0 0 1 1.59607 2.46615 -1.88814</i>
                        <i>1 0 0 0 1 0 0 0 1 1.59607 2.46611 -1.88814</i>
                        <i>1 0 0 0 1 0 0 0 1 1.59607 2.46602 -1.88813</i>
                        <i>1 0 0 0 1 0 0 0 1 1.59606 2.46588 -1.88813</i>
                        <i>1 0 0 0 1 0 0 0 1 1.59606 2.46568 -1.88812</i>
                        <i>1 0 0 0 1 0 0 0 1 1.59605 2.46544 -1.88811</i>
                        <i>1 0 0 0 1 0 0 0 1 1.59605 2.46516 -1.8881</i>
                        <i>1 0 0 0 1 0 0 0 1 1.59604 2.46484 -1.88808</i>
                        <i>1 0 0 0 1 0 0 0 1 1.59603 2.46449 -1.88807</i>
                        <i>1 0 0 0 1 0 0 0 1 1.59603 2.46412 -1.88805</i>
                        <i>1 0 0 0 1 0 0 0 1 1.59602 2.46372 -1.88804</i>
                        <i>1 0 0 0 1 0 0 0 1 1.59601 2.4633 -1.88802</i>
                        <i>1 0 0 0 1 0 0 0 1 1.596 2.46286 -1.888</i>
                        <i>1 0 0 0 1 0 0 0 1 1.59599 2.46241 -1.88798</i>
                        <i>1 0 0 0 1 0 0 0 1 1.59598 2.46196 -1.88796</i>
                        <i>1 0 0 0 1 0 0 0 1 1.59597 2.46151 -1.88794</i>
                        <i>1 0 0 0 1 0 0 0 1 1.59596 2.46106 -1.88792</i>
                        <i>1 0 0 0 1 0 0 0 1 1.59595 2.46061 -1.88791</i>
                        <i>1 0 0 0 1 0 0 0 1 1.59594 2.46018 -1.88789</i>
                        <i>1 0 0 0 1 0 0 0 1 1.59593 2.45976 -1.88787</i>
                        <i>1 0 0 0 1 0 0 0 1 1.59592 2.45936 -1.88785</i>
                        <i>1 0 0 0 1 0 0 0 1 1.59592 2.45898 -1.88784</i>
                        <i>1 0 0 0 1 0 0 0 1 1.59591 2.45863 -1.88782</i>
                        <i>1 0 0 0 1 0 0 0 1 1.5959 2.45832 -1.88781</i>
                        <i>1 0 0 0 1 0 0 0 1 1.5959 2.45804 -1.8878</i>
                        <i>1 0 0 0 1 0 0 0 1 1.59589 2.4578 -1.88779</i>
                        <i>1 0 0 0 1 0 0 0 1 1.59589 2.45761 -1.88778</i>
                        <i>1 0 0 0 1 0 0 0 1 1.59588 2.45746 -1.88777</i>
                        <i>1 0 0 0 1 0 0 0 1 1.59588 2.45738 -1.88777</i>
                        <i>1 0 0 0 1 0 0 0 1 1.59588 2.45734 -1.88777</i>
                        <i>1 0 0 0 1 0 0 0 1 1.59588 2.45737 -1.88777</i>
                        <i>1 0 0 0 1 0 0 0 1 1.59588 2.45746 -1.88777</i>
                        <i>1 0 0 0 1 0 0 0 1 1.59589 2.45759 -1.88778</i>
                        <i>1 0 0 0 1 0 0 0 1 1.59589 2.45777 -1.88778</i>
                        <i>1 0 0 0 1 0 0 0 1 1.5959 2.45799 -1.88779</i>
                        <i>1 0 0 0 1 0 0 0 1 1.5959 2.45826 -1.88781</i>
                        <i>1 0 0 0 1 0 0 0 1 1.59591 2.45855 -1.88782</i>
                        <i>1 0 0 0 1 0 0 0 1 1.59591 2.45888 -1.88783</i>
                        <i>1 0 0 0 1 0 0 0 1 1.59592 2.45924 -1.88785</i>
                        <i>1 0 0 0 1 0 0 0 1 1.59593 2.45962 -1.88786</i>
                        <i>1 0 0 0 1 0 0 0 1 1.59594 2.46002 -1.88788</i>
                        <i>1 0 0 0 1 0 0 0 1 1.59595 2.46043 -1.8879</i>
                        <i>1 0 0 0 1 0 0 0 1 1.59596 2.46086 -1.88792</i>
                        <i>1 0 0 0 1 0 0 0 1 1.59597 2.4613 -1.88793</i>
                        <i>1 0 0 0 1 0 0 0 1 1.59598 2.46173 -1.88795</i>
                        <i>1 0 0 0 1 0 0 0 1 1.59598 2.46217 -1.88797</i>
                        <i>1 0 0 0 1 0 0 0 1 1.59599 2.46261 -1.88799</i>
                        <i>1 0 0 0 1 0 0 0 1 1.596 2.46304 -1.88801</i>
                        <i>1 0 0 0 1 0 0 0 1 1.59601 2.46345 -1.88803</i>
                        <i>1 0 0 0 1 0 0 0 1 1.59602 2.46385 -1.88804</i>
                        <i>1 0 0 0 1 0 0 0 1 1.59603 2.46423 -1.88806</i>
                        <i>1 0 0 0 1 0 0 0 1 1.59604 2.46459 -1.88807</i>
                        <i>1 0 0 0 1 0 0 0 1 1.59604 2.46492 -1.88809</i>
                        <i>1 0 0 0 1 0 0 0 1 1.59605 2.46522 -1.8881</i>
                        <i>1 0 0 0 1 0 0 0 1 1.59605 2.46548 -1.88811</i>
                        <i>1 0 0 0 1 0 0 0 1 1.59606 2.46571 -1.88812</i>
                        <i>1 0 0 0 1 0 0 0 1 1.59606 2.46589 -1.88813</i>
                        <i>1 0 0 0 1 0 0 0 1 1.59607 2.46603 -1.88813</i>
                        <i>1 0 0 0 1 0 0 0 1 1.59607 2.46612 -1.88814</i>
                        <i>1 0 0 0 1 0 0 0 1 1.59607 2.46615 -1.88814</i>
                    </KeyFrames>
                </p>
            </i>
            <i>
                <p>
                    <Name><![CDATA[spine0]]></Name>
                    <Exclude>0</Exclude>
                    <Additive>0</Additive>
                    <IKPriority>0</IKPriority>
                    <IKRotLimits>-1e+010 -1e+010 -1e+010 1e+010 1e+010 1e+010</IKRotLimits>
                    <IKRotLimitOrder>0</IKRotLimitOrder>
                    <KeyFrames count="60">
                        <i>0.00295055 0.999978 -0.00586841 0.89343 -2.22045e-016 0.449203 0.449193 -0.00656841 -0.893411 1.5801 2.60555 -1.85638</i>
                        <i>0.00449111 0.99995 -0.00893248 0.89343 -4.44089e-016 0.449203 0.44918 -0.00999796 -0.893385 1.58045 2.60571 -1.85708</i>
                        <i>0.0058657 0.999915 -0.0116664 0.89343 -2.22045e-016 0.449203 0.449165 -0.013058 -0.893354 1.58076 2.60579 -1.85769</i>
                        <i>0.00707097 0.999876 -0.0140636 0.89343 -2.22045e-016 0.449203 0.449147 -0.0157411 -0.893319 1.58102 2.60579 -1.85821</i>
                        <i>0.00810363 0.999837 -0.0161175 0.89343 0 0.449203 0.44913 -0.01804 -0.893284 1.58123 2.60571 -1.85863</i>
                        <i>0.00896048 0.999801 -0.0178217 0.89343 -2.22045e-016 0.449203 0.449114 -0.0199475 -0.893252 1.5814 2.60556 -1.85896</i>
                        <i>0.00963838 0.99977 -0.01917 0.89343 0 0.449203 0.449099 -0.0214566 -0.893224 1.58153 2.60534 -1.85921</i>
                        <i>0.0101342 0.999745 -0.0201562 0.89343 -2.22045e-016 0.449203 0.449089 -0.0225605 -0.893202 1.58161 2.60507 -1.85938</i>
                        <i>0.010445 0.99973 -0.0207744 0.89343 0 0.449203 0.449081 -0.0232524 -0.893188 1.58165 2.60475 -1.85946</i>
                        <i>0.0105678 0.999723 -0.0210186 0.89343 -2.22045e-016 0.449203 0.449079 -0.0235257 -0.893183 1.58165 2.60437 -1.85947</i>
                        <i>0.0104996 0.999727 -0.0208829 0.89343 -4.44089e-016 0.449203 0.44908 -0.0233739 -0.893186 1.58162 2.60396 -1.85939</i>
                        <i>0.0102376 0.99974 -0.0203618 0.89343 -4.44089e-016 0.449203 0.449086 -0.0227906 -0.893198 1.58154 2.60351 -1.85925</i>
                        <i>0.00977899 0.999763 -0.0194497 0.89343 -6.66134e-016 0.449203 0.449096 -0.0217697 -0.893218 1.58144 2.60302 -1.85904</i>
                        <i>0.00912097 0.999794 -0.0181409 0.89343 0 0.449203 0.44911 -0.0203048 -0.893246 1.58129 2.60251 -1.85876</i>
                        <i>0.00826086 0.999831 -0.0164302 0.89343 0 0.449203 0.449127 -0.01839 -0.893279 1.58112 2.60197 -1.85841</i>
                        <i>0.00717131 0.999873 -0.0142632 0.89343 2.22045e-016 0.449203 0.449146 -0.0159645 -0.893316 1.5809 2.6014 -1.85797</i>
                        <i>0.00584758 0.999915 -0.0116304 0.89343 0 0.449203 0.449165 -0.0130177 -0.893354 1.58063 2.60081 -1.85742</i>
                        <i>0.00433543 0.999953 -0.00862283 0.89343 -2.22045e-016 0.449203 0.449182 -0.00965138 -0.893388 1.5803 2.60019 -1.85678</i>
                        <i>0.00267455 0.999982 -0.00531947 0.89343 0 0.449203 0.449195 -0.00595399 -0.893414 1.57993 2.59955 -1.85605</i>
                        <i>0.000892781 0.999998 -0.00177567 0.89343 -4.44089e-016 0.449203 0.449202 -0.00198748 -0.893428 1.57953 2.59891 -1.85525</i>
                        <i>-0.000981037 0.999998 0.00195121 0.89343 -4.44089e-016 0.449203 0.449202 0.00218395 -0.893428 1.5791 2.59826 -1.85439</i>
                        <i>-0.00291959 0.999979 0.00580684 0.89343 0 0.449203 0.449193 0.0064995 -0.893411 1.57864 2.59761 -1.85348</i>
                        <i>-0.00489726 0.999941 0.00974027 0.89343 0 0.449203 0.449176 0.0109021 -0.893377 1.57817 2.59697 -1.85254</i>
                        <i>-0.00688844 0.999882 0.0137006 0.89343 -2.22045e-016 0.449203 0.44915 0.0153348 -0.893325 1.57769 2.59634 -1.85158</i>
                        <i>-0.00886758 0.999805 0.0176369 0.89343 -2.22045e-016 0.449203 0.449115 0.0197407 -0.893256 1.5772 2.59575 -1.85061</i>
                        <i>-0.0108092 0.99971 0.0214987 0.89343 -4.44089e-016 0.449203 0.449073 0.0240631 -0.893171 1.57672 2.59518 -1.84965</i>
                        <i>-0.0126879 0.999601 0.0252353 0.89343 0 0.449203 0.449024 0.0282454 -0.893073 1.57624 2.59466 -1.8487</i>
                        <i>-0.0144784 0.99948 0.0287965 0.89343 -2.22045e-016 0.449203 0.448969 0.0322314 -0.892966 1.57578 2.59419 -1.84778</i>
                        <i>-0.0161556 0.999353 0.0321323 0.89343 -4.44089e-016 0.449203 0.448912 0.0359651 -0.892852 1.57534 2.59377 -1.84691</i>
                        <i>-0.0176945 0.999224 0.0351931 0.89343 0 0.449203 0.448854 0.039391 -0.892736 1.57493 2.59343 -1.84609</i>
                        <i>-0.0190783 0.999098 0.0379452 0.89343 -4.44089e-016 0.449203 0.448798 0.0424714 -0.892624 1.57454 2.59317 -1.84533</i>
                        <i>-0.0203029 0.998978 0.0403808 0.89343 -2.22045e-016 0.449203 0.448744 0.0451975 -0.892517 1.5742 2.59298 -1.84464</i>
                        <i>-0.0213629 0.998869 0.0424892 0.89343 0 0.449203 0.448695 0.0475574 -0.892419 1.57389 2.59286 -1.84402</i>
                        <i>-0.0222532 0.998772 0.0442598 0.89343 0 0.449203 0.448651 0.0495393 -0.892333 1.57362 2.59282 -1.84349</i>
                        <i>-0.0229684 0.998692 0.0456824 0.89343 0 0.449203 0.448615 0.0511315 -0.892261 1.5734 2.59286 -1.84305</i>
                        <i>-0.0235036 0.99863 0.0467468 0.89343 -4.44089e-016 0.449203 0.448588 0.0523229 -0.892206 1.57322 2.59297 -1.8427</i>
                        <i>-0.0238536 0.998589 0.047443 0.89343 0 0.449203 0.448569 0.0531021 -0.892169 1.5731 2.59316 -1.84245</i>
                        <i>-0.0240134 0.99857 0.0477607 0.89343 -2.22045e-016 0.449203 0.448561 0.0534577 -0.892152 1.57303 2.59342 -1.84231</i>
                        <i>-0.0239778 0.998574 0.0476901 0.89343 -4.44089e-016 0.449203 0.448562 0.0533786 -0.892156 1.57301 2.59376 -1.84228</i>
                        <i>-0.0237418 0.998602 0.0472207 0.89343 -8.88178e-016 0.449203 0.448575 0.0528533 -0.892181 1.57306 2.59417 -1.84237</i>
                        <i>-0.0233203 0.998652 0.0463823 0.89343 -4.44089e-016 0.449203 0.448597 0.0519149 -0.892225 1.57316 2.59465 -1.84257</i>
                        <i>-0.0227342 0.998719 0.0452166 0.89343 -2.22045e-016 0.449203 0.448627 0.0506101 -0.892285 1.57329 2.59517 -1.84284</i>
                        <i>-0.0219872 0.998801 0.0437308 0.89343 -2.22045e-016 0.449203 0.448664 0.0489471 -0.892359 1.57347 2.59573 -1.84319</i>
                        <i>-0.0210829 0.998898 0.0419324 0.89343 -6.66134e-016 0.449203 0.448708 0.0469341 -0.892445 1.57368 2.59633 -1.84361</i>
                        <i>-0.0200251 0.999006 0.0398284 0.89343 -4.44089e-016 0.449203 0.448756 0.0445792 -0.892542 1.57392 2.59696 -1.84409</i>
                        <i>-0.0188408 0.99912 0.0374729 0.89343 -2.22045e-016 0.449203 0.448808 0.0419427 -0.892644 1.5742 2.59761 -1.84463</i>
                        <i>-0.0175682 0.999235 0.0349418 0.89343 -4.44089e-016 0.449203 0.448859 0.0391098 -0.892746 1.5745 2.59828 -1.84524</i>
                        <i>-0.016225 0.999347 0.0322703 0.89343 -2.22045e-016 0.449203 0.44891 0.0361195 -0.892847 1.57483 2.59895 -1.84589</i>
                        <i>-0.0148179 0.999456 0.0294716 0.89343 -2.22045e-016 0.449203 0.448958 0.0329871 -0.892944 1.57518 2.59963 -1.8466</i>
                        <i>-0.0133536 0.999558 0.0265593 0.89343 2.22045e-016 0.449203 0.449004 0.0297273 -0.893035 1.57556 2.60031 -1.84734</i>
                        <i>-0.0118388 0.999653 0.0235465 0.89343 -2.22045e-016 0.449203 0.449047 0.0263552 -0.893119 1.57595 2.60098 -1.84813</i>
                        <i>-0.0102803 0.999738 0.0204467 0.89343 -4.44089e-016 0.449203 0.449085 0.0228856 -0.893196 1.57637 2.60163 -1.84896</i>
                        <i>-0.00868468 0.999813 0.0172732 0.89343 0 0.449203 0.449119 0.0193335 -0.893263 1.5768 2.60226 -1.84982</i>
                        <i>-0.00705876 0.999876 0.0140393 0.89343 -2.22045e-016 0.449203 0.449147 0.015714 -0.893319 1.57725 2.60286 -1.85071</i>
                        <i>-0.00540931 0.999928 0.0107587 0.89343 -2.22045e-016 0.449203 0.44917 0.012042 -0.893365 1.57771 2.60343 -1.85162</i>
                        <i>-0.00374315 0.999965 0.00744483 0.89343 -2.22045e-016 0.449203 0.449187 0.00833286 -0.893399 1.57817 2.60395 -1.85255</i>
                        <i>-0.00206713 0.999989 0.00411137 0.89343 -2.22045e-016 0.449203 0.449198 0.00460178 -0.89342 1.57865 2.60443 -1.85349</i>
                        <i>-0.000388193 1 0.000772086 0.89343 -4.44089e-016 0.449203 0.449203 0.000864183 -0.893429 1.57913 2.60486 -1.85445</i>
                        <i>0.00128671 0.999996 -0.00255917 0.89343 0 0.449203 0.449201 -0.00286443 -0.893426 1.57961 2.60524 -1.85541</i>
                        <i>0.00295055 0.999978 -0.00586841 0.89343 -2.22045e-016 0.449203 0.449193 -0.00656841 -0.893411 1.5801 2.60555 -1.85638</i>
                    </KeyFrames>
                </p>
            </i>
            <i>
                <p>
                    <Name><![CDATA[spine1]]></Name>
                    <Exclude>0</Exclude>
                    <Additive>0</Additive>
                    <IKPriority>0</IKPriority>
                    <IKRotLimits>-1e+010 -1e+010 -1e+010 1e+010 1e+010 1e+010</IKRotLimits>
                    <IKRotLimitOrder>0</IKRotLimitOrder>
                    <KeyFrames count="60">
                        <i>0.0579818 0.991635 -0.115321 0.89343 -2.22045e-016 0.449203 0.445445 -0.129077 -0.885956 1.58061 2.7792 -1.85739</i>
                        <i>0.0574431 0.99179 -0.11425 0.89343 -4.44089e-016 0.449203 0.445515 -0.127878 -0.886095 1.58123 2.77912 -1.85862</i>
                        <i>0.0570085 0.991914 -0.113385 0.89343 -2.22045e-016 0.449203 0.445571 -0.12691 -0.886206 1.58177 2.77897 -1.8597</i>
                        <i>0.0566612 0.992013 -0.112695 0.89343 -2.22045e-016 0.449203 0.445615 -0.126137 -0.886294 1.58224 2.77876 -1.86063</i>
                        <i>0.0563842 0.992091 -0.112144 0.89343 0 0.449203 0.44565 -0.125521 -0.886364 1.58263 2.77849 -1.86141</i>
                        <i>0.0561606 0.992154 -0.111699 0.89343 -2.22045e-016 0.449203 0.445678 -0.125023 -0.88642 1.58294 2.77816 -1.86204</i>
                        <i>0.0559732 0.992206 -0.111326 0.89343 0 0.449203 0.445702 -0.124606 -0.886467 1.58318 2.77779 -1.86251</i>
                        <i>0.0558045 0.992253 -0.110991 0.89343 -2.22045e-016 0.449203 0.445723 -0.12423 -0.886509 1.58335 2.77737 -1.86285</i>
                        <i>0.0556372 0.9923 -0.110658 0.89343 0 0.449203 0.445744 -0.123858 -0.88655 1.58345 2.77693 -1.86303</i>
                        <i>0.0554537 0.992351 -0.110293 0.89343 -2.22045e-016 0.449203 0.445767 -0.123449 -0.886596 1.58347 2.77645 -1.86308</i>
                        <i>0.0552362 0.992411 -0.109861 0.89343 -4.44089e-016 0.449203 0.445794 -0.122965 -0.88665 1.58342 2.77595 -1.86298</i>
                        <i>0.054967 0.992485 -0.109325 0.89343 -4.44089e-016 0.449203 0.445827 -0.122366 -0.886716 1.5833 2.77543 -1.86275</i>
                        <i>0.0546282 0.992578 -0.108651 0.89343 -6.66134e-016 0.449203 0.445869 -0.121611 -0.886799 1.58312 2.7749 -1.86238</i>
                        <i>0.0542018 0.992694 -0.107803 0.89343 0 0.449203 0.445921 -0.120662 -0.886902 1.58286 2.77437 -1.86187</i>
                        <i>0.0536696 0.992837 -0.106745 0.89343 0 0.449203 0.445985 -0.119477 -0.88703 1.58254 2.77383 -1.86123</i>
                        <i>0.0530886 0.992992 -0.105589 0.89343 2.22045e-016 0.449203 0.446055 -0.118184 -0.887168 1.58213 2.7733 -1.86042</i>
                        <i>0.0525587 0.993131 -0.104535 0.89343 0 0.449203 0.446117 -0.117004 -0.887293 1.58163 2.77277 -1.85942</i>
                        <i>0.0521307 0.993243 -0.103684 0.89343 -2.22045e-016 0.449203 0.446168 -0.116052 -0.887393 1.58105 2.77224 -1.85826</i>
                        <i>0.0518124 0.993326 -0.103051 0.89343 0 0.449203 0.446205 -0.115343 -0.887467 1.58039 2.77173 -1.85696</i>
                        <i>0.051605 0.993379 -0.102638 0.89343 -4.44089e-016 0.449203 0.446229 -0.114881 -0.887515 1.57968 2.77122 -1.85555</i>
                        <i>0.051512 0.993403 -0.102453 0.89343 -4.44089e-016 0.449203 0.44624 -0.114674 -0.887536 1.57893 2.77074 -1.85404</i>
                        <i>0.051533 0.993398 -0.102495 0.89343 0 0.449203 0.446237 -0.114721 -0.887531 1.57814 2.77027 -1.85247</i>
                        <i>0.0516634 0.993364 -0.102755 0.89343 0 0.449203 0.446222 -0.115011 -0.887501 1.57732 2.76983 -1.85085</i>
                        <i>0.051899 0.993303 -0.103223 0.89343 -2.22045e-016 0.449203 0.446195 -0.115536 -0.887447 1.57649 2.76943 -1.8492</i>
                        <i>0.0522353 0.993216 -0.103892 0.89343 -2.22045e-016 0.449203 0.446155 -0.116284 -0.887369 1.57566 2.76905 -1.84754</i>
                        <i>0.0526683 0.993103 -0.104753 0.89343 -4.44089e-016 0.449203 0.446105 -0.117248 -0.887267 1.57483 2.76872 -1.8459</i>
                        <i>0.0531941 0.992964 -0.105799 0.89343 0 0.449203 0.446042 -0.118419 -0.887143 1.57403 2.76844 -1.8443</i>
                        <i>0.0538091 0.9928 -0.107022 0.89343 -2.22045e-016 0.449203 0.445968 -0.119788 -0.886997 1.57325 2.76821 -1.84276</i>
                        <i>0.05451 0.99261 -0.108416 0.89343 -4.44089e-016 0.449203 0.445883 -0.121348 -0.886827 1.57251 2.76804 -1.84129</i>
                        <i>0.0552935 0.992395 -0.109974 0.89343 0 0.449203 0.445787 -0.123092 -0.886635 1.57183 2.76795 -1.83992</i>
                        <i>0.0561489 0.992157 -0.111676 0.89343 -4.44089e-016 0.449203 0.44568 -0.124997 -0.886423 1.5712 2.76792 -1.83867</i>
                        <i>0.0570531 0.991901 -0.113474 0.89343 -2.22045e-016 0.449203 0.445565 -0.12701 -0.886194 1.57063 2.76797 -1.83754</i>
                        <i>0.0579847 0.991634 -0.115327 0.89343 0 0.449203 0.445445 -0.129084 -0.885955 1.57013 2.76808 -1.83655</i>
                        <i>0.0589226 0.99136 -0.117192 0.89343 0 0.449203 0.445322 -0.131171 -0.88571 1.5697 2.76826 -1.8357</i>
                        <i>0.0598457 0.991086 -0.119029 0.89343 0 0.449203 0.445199 -0.133227 -0.885465 1.56935 2.7685 -1.83499</i>
                        <i>0.0607334 0.990818 -0.120794 0.89343 -4.44089e-016 0.449203 0.445078 -0.135203 -0.885226 1.56907 2.7688 -1.83444</i>
                        <i>0.0615648 0.990564 -0.122448 0.89343 0 0.449203 0.444964 -0.137054 -0.884999 1.56888 2.76915 -1.83406</i>
                        <i>0.0623193 0.99033 -0.123948 0.89343 -2.22045e-016 0.449203 0.444859 -0.138733 -0.88479 1.56878 2.76956 -1.83386</i>
                        <i>0.062976 0.990124 -0.125254 0.89343 -4.44089e-016 0.449203 0.444767 -0.140195 -0.884606 1.56877 2.77001 -1.83384</i>
                        <i>0.0635138 0.989954 -0.126324 0.89343 -8.88178e-016 0.449203 0.44469 -0.141392 -0.884454 1.56885 2.77051 -1.83401</i>
                        <i>0.063973 0.989807 -0.127237 0.89343 -4.44089e-016 0.449203 0.444624 -0.142415 -0.884323 1.56902 2.77104 -1.83435</i>
                        <i>0.0644121 0.989666 -0.128111 0.89343 -2.22045e-016 0.449203 0.444561 -0.143392 -0.884197 1.56926 2.7716 -1.83483</i>
                        <i>0.064837 0.989528 -0.128956 0.89343 -2.22045e-016 0.449203 0.444499 -0.144338 -0.884074 1.56957 2.77218 -1.83544</i>
                        <i>0.0652537 0.989393 -0.129785 0.89343 -6.66134e-016 0.449203 0.444438 -0.145266 -0.883953 1.56994 2.77277 -1.83617</i>
                        <i>0.0656683 0.989257 -0.130609 0.89343 -4.44089e-016 0.449203 0.444377 -0.146189 -0.883831 1.57037 2.77337 -1.83703</i>
                        <i>0.0660125 0.989143 -0.131294 0.89343 -2.22045e-016 0.449203 0.444326 -0.146955 -0.88373 1.57086 2.77397 -1.83799</i>
                        <i>0.0662133 0.989077 -0.131693 0.89343 -4.44089e-016 0.449203 0.444296 -0.147402 -0.883671 1.57138 2.77456 -1.83905</i>
                        <i>0.0662705 0.989058 -0.131807 0.89343 -2.22045e-016 0.449203 0.444288 -0.147529 -0.883654 1.57195 2.77514 -1.84018</i>
                        <i>0.0661904 0.989084 -0.131648 0.89343 -2.22045e-016 0.449203 0.4443 -0.147351 -0.883677 1.57256 2.7757 -1.84138</i>
                        <i>0.0659789 0.989154 -0.131227 0.89343 2.22045e-016 0.449203 0.444331 -0.14688 -0.88374 1.5732 2.77624 -1.84265</i>
                        <i>0.0656421 0.989265 -0.130557 0.89343 -2.22045e-016 0.449203 0.444381 -0.14613 -0.883839 1.57386 2.77675 -1.84397</i>
                        <i>0.0651861 0.989415 -0.12965 0.89343 -4.44089e-016 0.449203 0.444448 -0.145115 -0.883973 1.57455 2.77722 -1.84535</i>
                        <i>0.0646169 0.9896 -0.128518 0.89343 0 0.449203 0.444531 -0.143848 -0.884138 1.57527 2.77765 -1.84677</i>
                        <i>0.0639406 0.989818 -0.127173 0.89343 -2.22045e-016 0.449203 0.444629 -0.142342 -0.884332 1.576 2.77804 -1.84823</i>
                        <i>0.0631634 0.990065 -0.125627 0.89343 -2.22045e-016 0.449203 0.44474 -0.140612 -0.884553 1.57675 2.77839 -1.84972</i>
                        <i>0.0622914 0.990339 -0.123893 0.89343 -2.22045e-016 0.449203 0.444863 -0.138671 -0.884798 1.57751 2.77867 -1.85123</i>
                        <i>0.0613308 0.990636 -0.121982 0.89343 -2.22045e-016 0.449203 0.444996 -0.136533 -0.885063 1.57828 2.7789 -1.85276</i>
                        <i>0.0602881 0.990953 -0.119908 0.89343 -4.44089e-016 0.449203 0.445139 -0.134211 -0.885347 1.57906 2.77907 -1.8543</i>
                        <i>0.0591696 0.991287 -0.117684 0.89343 0 0.449203 0.445289 -0.131721 -0.885645 1.57983 2.77917 -1.85585</i>
                        <i>0.0579818 0.991635 -0.115321 0.89343 -2.22045e-016 0.449203 0.445445 -0.129077 -0.885956 1.58061 2.7792 -1.85739</i>
                    </KeyFrames>
                </p>
            </i>
            <i>
                <p>
                    <Name><![CDATA[spine2]]></Name>
                    <Exclude>0</Exclude>
                    <Additive>0</Additive>
                    <IKPriority>0</IKPriority>
                    <IKRotLimits>-1e+010 -1e+010 -1e+010 1e+010 1e+010 1e+010</IKRotLimits>
                    <IKRotLimitOrder>0</IKRotLimitOrder>
                    <KeyFrames count="60">
                        <i>0.200211 0.895181 -0.398204 0.89343 -2.22045e-016 0.449203 0.402118 -0.445703 -0.799781 1.58989 2.93775 -1.87586</i>
                        <i>0.198901 0.896627 -0.3956 0.89343 -4.44089e-016 0.449203 0.402767 -0.442787 -0.801073 1.59041 2.93748 -1.87689</i>
                        <i>0.197712 0.897929 -0.393235 0.89343 -2.22045e-016 0.449203 0.403352 -0.440141 -0.802236 1.59088 2.93716 -1.87781</i>
                        <i>0.196633 0.899102 -0.391088 0.89343 -2.22045e-016 0.449203 0.403879 -0.437738 -0.803285 1.59128 2.93678 -1.87861</i>
                        <i>0.195653 0.900162 -0.389138 0.89343 0 0.449203 0.404355 -0.435556 -0.804231 1.59161 2.93635 -1.87927</i>
                        <i>0.19476 0.901121 -0.387362 0.89343 -2.22045e-016 0.449203 0.404786 -0.433567 -0.805088 1.59188 2.93588 -1.87981</i>
                        <i>0.193942 0.901995 -0.385735 0.89343 0 0.449203 0.405179 -0.431746 -0.805869 1.59208 2.93538 -1.88021</i>
                        <i>0.193187 0.902797 -0.384234 0.89343 -2.22045e-016 0.449203 0.405539 -0.430066 -0.806586 1.59222 2.93485 -1.88048</i>
                        <i>0.192483 0.903543 -0.382833 0.89343 0 0.449203 0.405874 -0.428498 -0.807252 1.59228 2.9343 -1.8806</i>
                        <i>0.191817 0.904244 -0.381508 0.89343 -2.22045e-016 0.449203 0.406189 -0.427015 -0.807879 1.59226 2.93374 -1.88057</i>
                        <i>0.191175 0.904917 -0.380233 0.89343 -4.44089e-016 0.449203 0.406491 -0.425588 -0.80848 1.59218 2.93317 -1.8804</i>
                        <i>0.190546 0.905574 -0.378982 0.89343 -4.44089e-016 0.449203 0.406787 -0.424188 -0.809067 1.59201 2.93261 -1.88007</i>
                        <i>0.189916 0.90623 -0.377729 0.89343 -6.66134e-016 0.449203 0.407081 -0.422785 -0.809653 1.59177 2.93205 -1.87959</i>
                        <i>0.189272 0.906898 -0.376447 0.89343 0 0.449203 0.407381 -0.42135 -0.81025 1.59145 2.93151 -1.87894</i>
                        <i>0.188599 0.907592 -0.37511 0.89343 0 0.449203 0.407693 -0.419854 -0.81087 1.59104 2.93099 -1.87814</i>
                        <i>0.18793 0.90828 -0.373778 0.89343 2.22045e-016 0.449203 0.408002 -0.418363 -0.811484 1.59054 2.9305 -1.87715</i>
                        <i>0.18736 0.908864 -0.372644 0.89343 0 0.449203 0.408264 -0.417093 -0.812006 1.58996 2.93004 -1.87599</i>
                        <i>0.186939 0.909292 -0.371808 0.89343 -2.22045e-016 0.449203 0.408457 -0.416158 -0.812389 1.58931 2.92961 -1.8747</i>
                        <i>0.186648 0.909589 -0.371228 0.89343 0 0.449203 0.40859 -0.415509 -0.812654 1.58861 2.92921 -1.87331</i>
                        <i>0.186485 0.909755 -0.370904 0.89343 -4.44089e-016 0.449203 0.408664 -0.415146 -0.812802 1.58788 2.92884 -1.87185</i>
                        <i>0.186454 0.909786 -0.370843 0.89343 -4.44089e-016 0.449203 0.408679 -0.415078 -0.81283 1.58712 2.92851 -1.87033</i>
                        <i>0.186554 0.909684 -0.371042 0.89343 0 0.449203 0.408633 -0.415301 -0.812739 1.58634 2.92821 -1.86879</i>
                        <i>0.186781 0.909454 -0.371493 0.89343 0 0.449203 0.408529 -0.415805 -0.812533 1.58555 2.92795 -1.86723</i>
                        <i>0.18713 0.909098 -0.372186 0.89343 -2.22045e-016 0.449203 0.40837 -0.416581 -0.812216 1.58477 2.92773 -1.86568</i>
                        <i>0.187596 0.908622 -0.373114 0.89343 -2.22045e-016 0.449203 0.408156 -0.417619 -0.81179 1.58401 2.92755 -1.86415</i>
                        <i>0.188176 0.908028 -0.374267 0.89343 -4.44089e-016 0.449203 0.407889 -0.41891 -0.811259 1.58327 2.92743 -1.86268</i>
                        <i>0.188865 0.907318 -0.375637 0.89343 0 0.449203 0.40757 -0.420444 -0.810625 1.58256 2.92735 -1.86127</i>
                        <i>0.18966 0.906496 -0.377219 0.89343 -2.22045e-016 0.449203 0.407201 -0.422214 -0.809891 1.5819 2.92733 -1.85995</i>
                        <i>0.190557 0.905563 -0.379004 0.89343 -4.44089e-016 0.449203 0.406781 -0.424213 -0.809057 1.58129 2.92737 -1.85874</i>
                        <i>0.191555 0.90452 -0.380987 0.89343 0 0.449203 0.406313 -0.426432 -0.808125 1.58074 2.92748 -1.85765</i>
                        <i>0.192641 0.903375 -0.383148 0.89343 -4.44089e-016 0.449203 0.405799 -0.428851 -0.807102 1.58026 2.92766 -1.85671</i>
                        <i>0.193796 0.90215 -0.385446 0.89343 -2.22045e-016 0.449203 0.405248 -0.431422 -0.806008 1.57986 2.92789 -1.8559</i>
                        <i>0.195 0.900863 -0.38784 0.89343 0 0.449203 0.40467 -0.434103 -0.804858 1.57952 2.92819 -1.85523</i>
                        <i>0.196234 0.899534 -0.390295 0.89343 0 0.449203 0.404073 -0.43685 -0.803671 1.57926 2.92853 -1.85471</i>
                        <i>0.19748 0.898182 -0.392772 0.89343 0 0.449203 0.403466 -0.439623 -0.802463 1.57907 2.92892 -1.85433</i>
                        <i>0.198719 0.896827 -0.395236 0.89343 -4.44089e-016 0.449203 0.402857 -0.44238 -0.801252 1.57895 2.92935 -1.85409</i>
                        <i>0.199932 0.89549 -0.397649 0.89343 0 0.449203 0.402257 -0.445082 -0.800057 1.5789 2.92982 -1.854</i>
                        <i>0.201102 0.89419 -0.399977 0.89343 -2.22045e-016 0.449203 0.401673 -0.447687 -0.798896 1.57893 2.93032 -1.85406</i>
                        <i>0.202212 0.89295 -0.402183 0.89343 -4.44089e-016 0.449203 0.401116 -0.450156 -0.797788 1.57904 2.93084 -1.85426</i>
                        <i>0.203241 0.891791 -0.404231 0.89343 -8.88178e-016 0.449203 0.400595 -0.452448 -0.796752 1.57921 2.93138 -1.85462</i>
                        <i>0.204206 0.890698 -0.40615 0.89343 -4.44089e-016 0.449203 0.400104 -0.454596 -0.795776 1.57946 2.93193 -1.85511</i>
                        <i>0.20513 0.889645 -0.407988 0.89343 -2.22045e-016 0.449203 0.399631 -0.456654 -0.794835 1.57978 2.93249 -1.85574</i>
                        <i>0.20601 0.888637 -0.409737 0.89343 -2.22045e-016 0.449203 0.399178 -0.458612 -0.793935 1.58015 2.93304 -1.85648</i>
                        <i>0.206841 0.88768 -0.41139 0.89343 -6.66134e-016 0.449203 0.398748 -0.460461 -0.79308 1.58059 2.9336 -1.85735</i>
                        <i>0.207618 0.88678 -0.412936 0.89343 -4.44089e-016 0.449203 0.398344 -0.462192 -0.792275 1.58108 2.93413 -1.85834</i>
                        <i>0.208251 0.886044 -0.414195 0.89343 -2.22045e-016 0.449203 0.398014 -0.463601 -0.791618 1.58162 2.93465 -1.8594</i>
                        <i>0.208673 0.885552 -0.415034 0.89343 -4.44089e-016 0.449203 0.397793 -0.46454 -0.791179 1.58217 2.93515 -1.8605</i>
                        <i>0.208912 0.885272 -0.415511 0.89343 -2.22045e-016 0.449203 0.397667 -0.465073 -0.790928 1.58274 2.93562 -1.86164</i>
                        <i>0.208977 0.885196 -0.415639 0.89343 -2.22045e-016 0.449203 0.397633 -0.465218 -0.790861 1.58333 2.93606 -1.8628</i>
                        <i>0.208874 0.885317 -0.415435 0.89343 2.22045e-016 0.449203 0.397687 -0.464989 -0.790968 1.58392 2.93647 -1.86397</i>
                        <i>0.208611 0.885624 -0.414911 0.89343 -2.22045e-016 0.449203 0.397825 -0.464403 -0.791243 1.58452 2.93684 -1.86517</i>
                        <i>0.208195 0.886109 -0.414083 0.89343 -4.44089e-016 0.449203 0.398043 -0.463476 -0.791677 1.58512 2.93717 -1.86637</i>
                        <i>0.207632 0.886763 -0.412964 0.89343 0 0.449203 0.398337 -0.462224 -0.792261 1.58573 2.93745 -1.86758</i>
                        <i>0.206931 0.887576 -0.411569 0.89343 -2.22045e-016 0.449203 0.398702 -0.460662 -0.792987 1.58634 2.93768 -1.86879</i>
                        <i>0.206097 0.888536 -0.409911 0.89343 -2.22045e-016 0.449203 0.399133 -0.458806 -0.793845 1.58695 2.93785 -1.87</i>
                        <i>0.205139 0.889634 -0.408006 0.89343 -2.22045e-016 0.449203 0.399626 -0.456673 -0.794826 1.58756 2.93797 -1.87121</i>
                        <i>0.204064 0.890859 -0.405867 0.89343 -2.22045e-016 0.449203 0.400176 -0.45428 -0.79592 1.58815 2.93802 -1.8724</i>
                        <i>0.202879 0.892199 -0.40351 0.89343 -4.44089e-016 0.449203 0.400779 -0.451642 -0.797118 1.58875 2.938 -1.87357</i>
                        <i>0.201592 0.893644 -0.40095 0.89343 0 0.449203 0.401427 -0.448777 -0.798408 1.58933 2.93791 -1.87473</i>
                        <i>0.200211 0.895181 -0.398204 0.89343 -2.22045e-016 0.449203 0.402118 -0.445703 -0.799781 1.58989 2.93775 -1.87586</i>
                    </KeyFrames>
                </p>
            </i>
            <i>
                <p>
                    <Name><![CDATA[head]]></Name>
                    <Exclude>0</Exclude>
                    <Additive>0</Additive>
                    <IKPriority>0</IKPriority>
                    <IKRotLimits>-1e+010 -1e+010 -1e+010 1e+010 1e+010 1e+010</IKRotLimits>
                    <IKRotLimitOrder>0</IKRotLimitOrder>
                    <KeyFrames count="60">
                        <i>0.15841 0.94546 -0.284626 -0.986859 0.142306 -0.0765341 -0.031856 0.293009 0.955579 1.64282 3.16821 -1.98113</i>
                        <i>0.151506 0.947245 -0.282442 -0.98793 0.135786 -0.0745451 -0.0322608 0.290326 0.956384 1.64298 3.16817 -1.98145</i>
                        <i>0.14486 0.948903 -0.280356 -0.988914 0.1295 -0.0726608 -0.032642 0.287774 0.957142 1.64311 3.16804 -1.9817</i>
                        <i>0.138519 0.950437 -0.278356 -0.98981 0.123496 -0.0708915 -0.0330021 0.285339 0.957858 1.6432 3.16785 -1.98188</i>
                        <i>0.132536 0.951852 -0.276427 -0.990617 0.117824 -0.0692471 -0.0333433 0.283011 0.958537 1.64325 3.1676 -1.98198</i>
                        <i>0.12696 0.953153 -0.274557 -0.991336 0.112534 -0.067738 -0.0336677 0.280778 0.959182 1.64325 3.16729 -1.98198</i>
                        <i>0.121841 0.954344 -0.272731 -0.991968 0.107676 -0.0663743 -0.0339774 0.278627 0.959798 1.6432 3.16695 -1.98188</i>
                        <i>0.117228 0.955432 -0.270937 -0.992513 0.103298 -0.0651661 -0.0342744 0.276548 0.960389 1.6431 3.16657 -1.98168</i>
                        <i>0.113173 0.956423 -0.269161 -0.992974 0.0994518 -0.0641235 -0.0345607 0.274527 0.960958 1.64293 3.16618 -1.98135</i>
                        <i>0.109724 0.957321 -0.26739 -0.993351 0.0961852 -0.0632567 -0.0348381 0.272553 0.96151 1.64271 3.16577 -1.9809</i>
                        <i>0.106931 0.958132 -0.26561 -0.993646 0.093548 -0.0625756 -0.0351084 0.270614 0.962048 1.64241 3.16536 -1.98031</i>
                        <i>0.104845 0.95886 -0.263808 -0.993859 0.0915895 -0.0620899 -0.0353736 0.268698 0.962575 1.64205 3.16497 -1.97959</i>
                        <i>0.103514 0.959509 -0.261968 -0.993989 0.0903588 -0.061809 -0.0356352 0.266792 0.963095 1.6416 3.16459 -1.97871</i>
                        <i>0.102809 0.960096 -0.260088 -0.994053 0.0897323 -0.0616951 -0.035895 0.264884 0.963612 1.64108 3.16424 -1.97767</i>
                        <i>0.102544 0.960643 -0.258167 -0.994071 0.0895317 -0.0616969 -0.0361546 0.262963 0.964128 1.64048 3.16393 -1.97646</i>
                        <i>0.102684 0.961156 -0.256194 -0.994047 0.0897245 -0.0618032 -0.0364157 0.261016 0.964648 1.63978 3.16367 -1.97508</i>
                        <i>0.103271 0.961592 -0.254313 -0.993977 0.0903475 -0.0620174 -0.0366589 0.259186 0.965131 1.63902 3.16345 -1.97357</i>
                        <i>0.10433 0.961922 -0.25263 -0.993859 0.0914211 -0.0623402 -0.0368707 0.257583 0.965553 1.63824 3.16324 -1.97201</i>
                        <i>0.105799 0.962166 -0.251085 -0.993697 0.092889 -0.0627571 -0.0370598 0.256142 0.965929 1.63743 3.16305 -1.97041</i>
                        <i>0.107659 0.962321 -0.249696 -0.993491 0.0947316 -0.0632619 -0.0372242 0.254881 0.966256 1.63662 3.16288 -1.9688</i>
                        <i>0.109892 0.962382 -0.248486 -0.993241 0.0969302 -0.0638492 -0.0373615 0.253823 0.966529 1.63582 3.16273 -1.96719</i>
                        <i>0.112477 0.962344 -0.247474 -0.992948 0.0994636 -0.0645139 -0.0374699 0.252985 0.966744 1.63503 3.1626 -1.96562</i>
                        <i>0.115389 0.962206 -0.246668 -0.99261 0.102308 -0.0652507 -0.0375486 0.252375 0.966901 1.63426 3.16249 -1.9641</i>
                        <i>0.118604 0.961966 -0.246081 -0.99223 0.105438 -0.0660549 -0.0375964 0.252003 0.966996 1.63354 3.1624 -1.96266</i>
                        <i>0.122097 0.96162 -0.245721 -0.991805 0.108829 -0.0669224 -0.0376123 0.251879 0.967028 1.63285 3.16233 -1.9613</i>
