<?xml version="1.0" encoding="ISO-8859-1" ?>
<Animl Version="1">
    <ModellingPackage><![CDATA[Maya.2010]]></ModellingPackage>
    <SrcFile><![CDATA[anims\turrets\artillery\blue\~src\artillery_m198\artillery_m198_idle_crewman_a.mb]]></SrcFile>
    <FramesPerSecond>30</FramesPerSecond>
    <TotalFrames>91</TotalFrames>
    <Skeleton>
        <RefFrame>
            <Name><![CDATA[soldier_ref_frame]]></Name>
            <Exclude>0</Exclude>
            <Additive>0</Additive>
            <IKPriority>0</IKPriority>
            <IKRotLimits>-1e+010 -1e+010 -1e+010 1e+010 1e+010 1e+010</IKRotLimits>
            <IKRotLimitOrder>0</IKRotLimitOrder>
            <KeyFrames count="91">
                <i>1 0 0 0 1 0 0 0 1 1.79 1.37 0.12</i>
                <i>1 0 0 0 1 0 0 0 1 1.79 1.37 0.12</i>
                <i>1 0 0 0 1 0 0 0 1 1.79 1.37 0.12</i>
                <i>1 0 0 0 1 0 0 0 1 1.79 1.37 0.12</i>
                <i>1 0 0 0 1 0 0 0 1 1.79 1.37 0.12</i>
                <i>1 0 0 0 1 0 0 0 1 1.79 1.37 0.12</i>
                <i>1 0 0 0 1 0 0 0 1 1.79 1.37 0.12</i>
                <i>1 0 0 0 1 0 0 0 1 1.79 1.37 0.12</i>
                <i>1 0 0 0 1 0 0 0 1 1.79 1.37 0.12</i>
                <i>1 0 0 0 1 0 0 0 1 1.79 1.37 0.12</i>
                <i>1 0 0 0 1 0 0 0 1 1.79 1.37 0.12</i>
                <i>1 0 0 0 1 0 0 0 1 1.79 1.37 0.12</i>
                <i>1 0 0 0 1 0 0 0 1 1.79 1.37 0.12</i>
                <i>1 0 0 0 1 0 0 0 1 1.79 1.37 0.12</i>
                <i>1 0 0 0 1 0 0 0 1 1.79 1.37 0.12</i>
                <i>1 0 0 0 1 0 0 0 1 1.79 1.37 0.12</i>
                <i>1 0 0 0 1 0 0 0 1 1.79 1.37 0.12</i>
                <i>1 0 0 0 1 0 0 0 1 1.79 1.37 0.12</i>
                <i>1 0 0 0 1 0 0 0 1 1.79 1.37 0.12</i>
                <i>1 0 0 0 1 0 0 0 1 1.79 1.37 0.12</i>
                <i>1 0 0 0 1 0 0 0 1 1.79 1.37 0.12</i>
                <i>1 0 0 0 1 0 0 0 1 1.79 1.37 0.12</i>
                <i>1 0 0 0 1 0 0 0 1 1.79 1.37 0.12</i>
                <i>1 0 0 0 1 0 0 0 1 1.79 1.37 0.12</i>
                <i>1 0 0 0 1 0 0 0 1 1.79 1.37 0.12</i>
                <i>1 0 0 0 1 0 0 0 1 1.79 1.37 0.12</i>
                <i>1 0 0 0 1 0 0 0 1 1.79 1.37 0.12</i>
                <i>1 0 0 0 1 0 0 0 1 1.79 1.37 0.12</i>
                <i>1 0 0 0 1 0 0 0 1 1.79 1.37 0.12</i>
                <i>1 0 0 0 1 0 0 0 1 1.79 1.37 0.12</i>
                <i>1 0 0 0 1 0 0 0 1 1.79 1.37 0.12</i>
                <i>1 0 0 0 1 0 0 0 1 1.79 1.37 0.12</i>
                <i>1 0 0 0 1 0 0 0 1 1.79 1.37 0.12</i>
                <i>1 0 0 0 1 0 0 0 1 1.79 1.37 0.12</i>
                <i>1 0 0 0 1 0 0 0 1 1.79 1.37 0.12</i>
                <i>1 0 0 0 1 0 0 0 1 1.79 1.37 0.12</i>
                <i>1 0 0 0 1 0 0 0 1 1.79 1.37 0.12</i>
                <i>1 0 0 0 1 0 0 0 1 1.79 1.37 0.12</i>
                <i>1 0 0 0 1 0 0 0 1 1.79 1.37 0.12</i>
                <i>1 0 0 0 1 0 0 0 1 1.79 1.37 0.12</i>
                <i>1 0 0 0 1 0 0 0 1 1.79 1.37 0.12</i>
                <i>1 0 0 0 1 0 0 0 1 1.79 1.37 0.12</i>
                <i>1 0 0 0 1 0 0 0 1 1.79 1.37 0.12</i>
                <i>1 0 0 0 1 0 0 0 1 1.79 1.37 0.12</i>
                <i>1 0 0 0 1 0 0 0 1 1.79 1.37 0.12</i>
                <i>1 0 0 0 1 0 0 0 1 1.79 1.37 0.12</i>
                <i>1 0 0 0 1 0 0 0 1 1.79 1.37 0.12</i>
                <i>1 0 0 0 1 0 0 0 1 1.79 1.37 0.12</i>
                <i>1 0 0 0 1 0 0 0 1 1.79 1.37 0.12</i>
                <i>1 0 0 0 1 0 0 0 1 1.79 1.37 0.12</i>
                <i>1 0 0 0 1 0 0 0 1 1.79 1.37 0.12</i>
                <i>1 0 0 0 1 0 0 0 1 1.79 1.37 0.12</i>
                <i>1 0 0 0 1 0 0 0 1 1.79 1.37 0.12</i>
                <i>1 0 0 0 1 0 0 0 1 1.79 1.37 0.12</i>
                <i>1 0 0 0 1 0 0 0 1 1.79 1.37 0.12</i>
                <i>1 0 0 0 1 0 0 0 1 1.79 1.37 0.12</i>
                <i>1 0 0 0 1 0 0 0 1 1.79 1.37 0.12</i>
                <i>1 0 0 0 1 0 0 0 1 1.79 1.37 0.12</i>
                <i>1 0 0 0 1 0 0 0 1 1.79 1.37 0.12</i>
                <i>1 0 0 0 1 0 0 0 1 1.79 1.37 0.12</i>
                <i>1 0 0 0 1 0 0 0 1 1.79 1.37 0.12</i>
                <i>1 0 0 0 1 0 0 0 1 1.79 1.37 0.12</i>
                <i>1 0 0 0 1 0 0 0 1 1.79 1.37 0.12</i>
                <i>1 0 0 0 1 0 0 0 1 1.79 1.37 0.12</i>
                <i>1 0 0 0 1 0 0 0 1 1.79 1.37 0.12</i>
                <i>1 0 0 0 1 0 0 0 1 1.79 1.37 0.12</i>
                <i>1 0 0 0 1 0 0 0 1 1.79 1.37 0.12</i>
                <i>1 0 0 0 1 0 0 0 1 1.79 1.37 0.12</i>
                <i>1 0 0 0 1 0 0 0 1 1.79 1.37 0.12</i>
                <i>1 0 0 0 1 0 0 0 1 1.79 1.37 0.12</i>
                <i>1 0 0 0 1 0 0 0 1 1.79 1.37 0.12</i>
                <i>1 0 0 0 1 0 0 0 1 1.79 1.37 0.12</i>
                <i>1 0 0 0 1 0 0 0 1 1.79 1.37 0.12</i>
                <i>1 0 0 0 1 0 0 0 1 1.79 1.37 0.12</i>
                <i>1 0 0 0 1 0 0 0 1 1.79 1.37 0.12</i>
                <i>1 0 0 0 1 0 0 0 1 1.79 1.37 0.12</i>
                <i>1 0 0 0 1 0 0 0 1 1.79 1.37 0.12</i>
                <i>1 0 0 0 1 0 0 0 1 1.79 1.37 0.12</i>
                <i>1 0 0 0 1 0 0 0 1 1.79 1.37 0.12</i>
                <i>1 0 0 0 1 0 0 0 1 1.79 1.37 0.12</i>
                <i>1 0 0 0 1 0 0 0 1 1.79 1.37 0.12</i>
                <i>1 0 0 0 1 0 0 0 1 1.79 1.37 0.12</i>
                <i>1 0 0 0 1 0 0 0 1 1.79 1.37 0.12</i>
                <i>1 0 0 0 1 0 0 0 1 1.79 1.37 0.12</i>
                <i>1 0 0 0 1 0 0 0 1 1.79 1.37 0.12</i>
                <i>1 0 0 0 1 0 0 0 1 1.79 1.37 0.12</i>
                <i>1 0 0 0 1 0 0 0 1 1.79 1.37 0.12</i>
                <i>1 0 0 0 1 0 0 0 1 1.79 1.37 0.12</i>
                <i>1 0 0 0 1 0 0 0 1 1.79 1.37 0.12</i>
                <i>1 0 0 0 1 0 0 0 1 1.79 1.37 0.12</i>
                <i>1 0 0 0 1 0 0 0 1 1.79 1.37 0.12</i>
            </KeyFrames>
        </RefFrame>
        <Bones count="23">
            <i>
                <p>
                    <Name><![CDATA[pelvis]]></Name>
                    <Exclude>0</Exclude>
                    <Additive>0</Additive>
                    <IKPriority>0</IKPriority>
                    <IKRotLimits>-1e+010 -1e+010 -1e+010 1e+010 1e+010 1e+010</IKRotLimits>
                    <IKRotLimitOrder>2</IKRotLimitOrder>
                    <KeyFrames count="91">
                        <i>1 0 0 0 1 0 0 0 1 2.2396 2.25731 -0.562765</i>
                        <i>1 0 0 0 1 0 0 0 1 2.2396 2.25731 -0.562765</i>
                        <i>1 0 0 0 1 0 0 0 1 2.2396 2.25731 -0.562765</i>
                        <i>1 0 0 0 1 0 0 0 1 2.2396 2.25731 -0.562765</i>
                        <i>1 0 0 0 1 0 0 0 1 2.2396 2.25731 -0.562765</i>
                        <i>1 0 0 0 1 0 0 0 1 2.2396 2.25731 -0.562765</i>
                        <i>1 0 0 0 1 0 0 0 1 2.2396 2.25731 -0.562765</i>
                        <i>1 0 0 0 1 0 0 0 1 2.2396 2.25731 -0.562765</i>
                        <i>1 0 0 0 1 0 0 0 1 2.2396 2.25731 -0.562765</i>
                        <i>1 0 0 0 1 0 0 0 1 2.2396 2.25731 -0.562765</i>
                        <i>1 0 0 0 1 0 0 0 1 2.2396 2.25731 -0.562765</i>
                        <i>1 0 0 0 1 0 0 0 1 2.2396 2.25731 -0.562765</i>
                        <i>1 0 0 0 1 0 0 0 1 2.2396 2.25731 -0.562765</i>
                        <i>1 0 0 0 1 0 0 0 1 2.2396 2.25731 -0.562765</i>
                        <i>1 0 0 0 1 0 0 0 1 2.2396 2.25731 -0.562765</i>
                        <i>1 0 0 0 1 0 0 0 1 2.2396 2.25731 -0.562765</i>
                        <i>1 0 0 0 1 0 0 0 1 2.2396 2.25731 -0.562765</i>
                        <i>1 0 0 0 1 0 0 0 1 2.2396 2.25731 -0.562765</i>
                        <i>1 0 0 0 1 0 0 0 1 2.2396 2.25731 -0.562765</i>
                        <i>1 0 0 0 1 0 0 0 1 2.2396 2.25731 -0.562765</i>
                        <i>1 0 0 0 1 0 0 0 1 2.2396 2.25731 -0.562765</i>
                        <i>1 0 0 0 1 0 0 0 1 2.2396 2.25731 -0.562765</i>
                        <i>1 0 0 0 1 0 0 0 1 2.2396 2.25731 -0.562765</i>
                        <i>1 0 0 0 1 0 0 0 1 2.2396 2.25731 -0.562765</i>
                        <i>1 0 0 0 1 0 0 0 1 2.2396 2.25731 -0.562765</i>
                        <i>1 0 0 0 1 0 0 0 1 2.2396 2.25731 -0.562765</i>
                        <i>1 0 0 0 1 0 0 0 1 2.2396 2.25731 -0.562765</i>
                        <i>1 0 0 0 1 0 0 0 1 2.2396 2.25731 -0.562765</i>
                        <i>1 0 0 0 1 0 0 0 1 2.2396 2.25731 -0.562765</i>
                        <i>1 0 0 0 1 0 0 0 1 2.2396 2.25731 -0.562765</i>
                        <i>1 0 0 0 1 0 0 0 1 2.2396 2.25731 -0.562765</i>
                        <i>1 0 0 0 1 0 0 0 1 2.2396 2.25731 -0.562765</i>
                        <i>1 0 0 0 1 0 0 0 1 2.2396 2.25731 -0.562765</i>
                        <i>1 0 0 0 1 0 0 0 1 2.2396 2.25731 -0.562765</i>
                        <i>1 0 0 0 1 0 0 0 1 2.2396 2.25731 -0.562765</i>
                        <i>1 0 0 0 1 0 0 0 1 2.2396 2.25731 -0.562765</i>
                        <i>1 0 0 0 1 0 0 0 1 2.2396 2.25731 -0.562765</i>
                        <i>1 0 0 0 1 0 0 0 1 2.2396 2.25731 -0.562765</i>
                        <i>1 0 0 0 1 0 0 0 1 2.2396 2.25731 -0.562765</i>
                        <i>1 0 0 0 1 0 0 0 1 2.2396 2.25731 -0.562765</i>
                        <i>1 0 0 0 1 0 0 0 1 2.2396 2.25731 -0.562765</i>
                        <i>1 0 0 0 1 0 0 0 1 2.2396 2.25731 -0.562765</i>
                        <i>1 0 0 0 1 0 0 0 1 2.2396 2.25731 -0.562765</i>
                        <i>1 0 0 0 1 0 0 0 1 2.2396 2.25731 -0.562765</i>
                        <i>1 0 0 0 1 0 0 0 1 2.2396 2.25731 -0.562765</i>
                        <i>1 0 0 0 1 0 0 0 1 2.2396 2.25731 -0.562765</i>
                        <i>1 0 0 0 1 0 0 0 1 2.2396 2.25731 -0.562765</i>
                        <i>1 0 0 0 1 0 0 0 1 2.2396 2.25731 -0.562765</i>
                        <i>1 0 0 0 1 0 0 0 1 2.2396 2.25731 -0.562765</i>
                        <i>1 0 0 0 1 0 0 0 1 2.2396 2.25731 -0.562765</i>
                        <i>1 0 0 0 1 0 0 0 1 2.2396 2.25731 -0.562765</i>
                        <i>1 0 0 0 1 0 0 0 1 2.2396 2.25731 -0.562765</i>
                        <i>1 0 0 0 1 0 0 0 1 2.2396 2.25731 -0.562765</i>
                        <i>1 0 0 0 1 0 0 0 1 2.2396 2.25731 -0.562765</i>
                        <i>1 0 0 0 1 0 0 0 1 2.2396 2.25731 -0.562765</i>
                        <i>1 0 0 0 1 0 0 0 1 2.2396 2.25731 -0.562765</i>
                        <i>1 0 0 0 1 0 0 0 1 2.2396 2.25731 -0.562765</i>
                        <i>1 0 0 0 1 0 0 0 1 2.2396 2.25731 -0.562765</i>
                        <i>1 0 0 0 1 0 0 0 1 2.2396 2.25731 -0.562765</i>
                        <i>1 0 0 0 1 0 0 0 1 2.2396 2.25731 -0.562765</i>
                        <i>1 0 0 0 1 0 0 0 1 2.2396 2.25731 -0.562765</i>
                        <i>1 0 0 0 1 0 0 0 1 2.2396 2.25731 -0.562765</i>
                        <i>1 0 0 0 1 0 0 0 1 2.2396 2.25731 -0.562765</i>
                        <i>1 0 0 0 1 0 0 0 1 2.2396 2.25731 -0.562765</i>
                        <i>1 0 0 0 1 0 0 0 1 2.2396 2.25731 -0.562765</i>
                        <i>1 0 0 0 1 0 0 0 1 2.2396 2.25731 -0.562765</i>
                        <i>1 0 0 0 1 0 0 0 1 2.2396 2.25731 -0.562765</i>
                        <i>1 0 0 0 1 0 0 0 1 2.2396 2.25731 -0.562765</i>
                        <i>1 0 0 0 1 0 0 0 1 2.2396 2.25731 -0.562765</i>
                        <i>1 0 0 0 1 0 0 0 1 2.2396 2.25731 -0.562765</i>
                        <i>1 0 0 0 1 0 0 0 1 2.2396 2.25731 -0.562765</i>
                        <i>1 0 0 0 1 0 0 0 1 2.2396 2.25731 -0.562765</i>
                        <i>1 0 0 0 1 0 0 0 1 2.2396 2.25731 -0.562765</i>
                        <i>1 0 0 0 1 0 0 0 1 2.2396 2.25731 -0.562765</i>
                        <i>1 0 0 0 1 0 0 0 1 2.2396 2.25731 -0.562765</i>
                        <i>1 0 0 0 1 0 0 0 1 2.2396 2.25731 -0.562765</i>
                        <i>1 0 0 0 1 0 0 0 1 2.2396 2.25731 -0.562765</i>
                        <i>1 0 0 0 1 0 0 0 1 2.2396 2.25731 -0.562765</i>
                        <i>1 0 0 0 1 0 0 0 1 2.2396 2.25731 -0.562765</i>
                        <i>1 0 0 0 1 0 0 0 1 2.2396 2.25731 -0.562765</i>
                        <i>1 0 0 0 1 0 0 0 1 2.2396 2.25731 -0.562765</i>
                        <i>1 0 0 0 1 0 0 0 1 2.2396 2.25731 -0.562765</i>
                        <i>1 0 0 0 1 0 0 0 1 2.2396 2.25731 -0.562765</i>
                        <i>1 0 0 0 1 0 0 0 1 2.2396 2.25731 -0.562765</i>
                        <i>1 0 0 0 1 0 0 0 1 2.2396 2.25731 -0.562765</i>
                        <i>1 0 0 0 1 0 0 0 1 2.2396 2.25731 -0.562765</i>
                        <i>1 0 0 0 1 0 0 0 1 2.2396 2.25731 -0.562765</i>
                        <i>1 0 0 0 1 0 0 0 1 2.2396 2.25731 -0.562765</i>
                        <i>1 0 0 0 1 0 0 0 1 2.2396 2.25731 -0.562765</i>
                        <i>1 0 0 0 1 0 0 0 1 2.2396 2.25731 -0.562765</i>
                        <i>1 0 0 0 1 0 0 0 1 2.2396 2.25731 -0.562765</i>
                    </KeyFrames>
                </p>
            </i>
            <i>
                <p>
                    <Name><![CDATA[spine0]]></Name>
                    <Exclude>0</Exclude>
                    <Additive>0</Additive>
                    <IKPriority>0</IKPriority>
                    <IKRotLimits>-1e+010 -1e+010 -1e+010 1e+010 1e+010 1e+010</IKRotLimits>
                    <IKRotLimitOrder>0</IKRotLimitOrder>
                    <KeyFrames count="91">
                        <i>-0.044677 0.998961 -0.00900405 0.197564 0 -0.98029 -0.979271 -0.0455752 -0.197359 2.28656 2.39296 -0.553302</i>
                        <i>-0.0460628 0.998895 -0.00928334 0.197564 -2.22045e-016 -0.98029 -0.979207 -0.0469889 -0.197346 2.28676 2.39289 -0.553261</i>
                        <i>-0.0475727 0.998822 -0.00958765 0.197564 -2.22045e-016 -0.98029 -0.979135 -0.0485292 -0.197332 2.28727 2.3927 -0.553157</i>
                        <i>-0.0492462 0.998737 -0.00992492 0.197564 0 -0.98029 -0.979052 -0.0502364 -0.197315 2.28798 2.39244 -0.553015</i>
                        <i>-0.0511166 0.99864 -0.0103019 0.197564 -2.22045e-016 -0.98029 -0.978956 -0.0521444 -0.197296 2.28875 2.39215 -0.55286</i>
                        <i>-0.0532077 0.998526 -0.0107233 0.197564 -2.22045e-016 -0.98029 -0.978845 -0.0542775 -0.197273 2.28945 2.39188 -0.552719</i>
                        <i>-0.0555325 0.998394 -0.0111918 0.197564 1.11022e-016 -0.98029 -0.978716 -0.0566491 -0.197247 2.28996 2.39168 -0.552615</i>
                        <i>-0.0580964 0.998242 -0.0117086 0.197564 0 -0.98029 -0.978567 -0.0592645 -0.197217 2.29016 2.39161 -0.552575</i>
                        <i>-0.0607749 0.998076 -0.0122484 0.197564 -2.22045e-016 -0.98029 -0.978404 -0.0619969 -0.197184 2.29001 2.39167 -0.552606</i>
                        <i>-0.0632426 0.997917 -0.0127457 0.197564 0 -0.98029 -0.978248 -0.0645142 -0.197153 2.2896 2.39182 -0.552688</i>
                        <i>-0.0652044 0.997785 -0.0131411 0.197564 -2.22045e-016 -0.98029 -0.978119 -0.0665155 -0.197127 2.28902 2.39205 -0.552804</i>
                        <i>-0.0656635 0.997754 -0.0132336 0.197564 -2.22045e-016 -0.98029 -0.978088 -0.0669837 -0.197121 2.28836 2.3923 -0.552938</i>
                        <i>-0.0640337 0.997864 -0.0129051 0.197564 -2.22045e-016 -0.98029 -0.978196 -0.0653212 -0.197143 2.2877 2.39254 -0.553071</i>
                        <i>-0.0606485 0.998084 -0.0122229 0.197564 -2.22045e-016 -0.98029 -0.978412 -0.0618679 -0.197186 2.28712 2.39276 -0.553188</i>
                        <i>-0.055839 0.998376 -0.0112536 0.197564 -4.44089e-016 -0.98029 -0.978698 -0.0569617 -0.197244 2.28671 2.3929 -0.553271</i>
                        <i>-0.0499188 0.998703 -0.0100605 0.197564 -2.22045e-016 -0.98029 -0.979018 -0.0509225 -0.197308 2.28656 2.39296 -0.553302</i>
                        <i>-0.0393645 0.999193 -0.00793339 0.197564 0 -0.98029 -0.979499 -0.0401559 -0.197405 2.28652 2.39297 -0.55331</i>
                        <i>-0.0233581 0.999716 -0.00470752 0.197564 -2.22045e-016 -0.98029 -0.980012 -0.0238278 -0.197508 2.28641 2.39301 -0.553331</i>
                        <i>-0.00619852 0.99998 -0.00124923 0.197564 -2.22045e-016 -0.98029 -0.98027 -0.00632315 -0.197561 2.28624 2.39307 -0.553365</i>
                        <i>0.00792824 0.999967 0.00159783 0.197564 -2.22045e-016 -0.98029 -0.980258 0.00808765 -0.197558 2.28603 2.39315 -0.553409</i>
                        <i>0.0149216 0.999884 0.00300725 0.197564 2.22045e-016 -0.98029 -0.980176 0.0152216 -0.197542 2.28577 2.39324 -0.55346</i>
                        <i>0.0178831 0.999834 0.0036041 0.197564 0 -0.98029 -0.980127 0.0182426 -0.197532 2.28549 2.39334 -0.553517</i>
                        <i>0.02217 0.999744 0.00446807 0.197564 0 -0.98029 -0.980039 0.0226158 -0.197514 2.28519 2.39344 -0.553576</i>
                        <i>0.0270675 0.999619 0.00545509 0.197564 2.22045e-016 -0.98029 -0.979916 0.0276117 -0.197489 2.28489 2.39355 -0.553637</i>
                        <i>0.0318449 0.999472 0.00641792 0.197564 0 -0.98029 -0.979773 0.0324852 -0.19746 2.28459 2.39365 -0.553697</i>
                        <i>0.0357582 0.999335 0.00720659 0.197564 -2.22045e-016 -0.98029 -0.979638 0.0364771 -0.197433 2.28431 2.39375 -0.553754</i>
                        <i>0.0380553 0.999246 0.00766955 0.197564 -2.22045e-016 -0.98029 -0.979551 0.0388205 -0.197416 2.28406 2.39383 -0.553806</i>
                        <i>0.0379847 0.999249 0.00765531 0.197564 0 -0.98029 -0.979554 0.0387484 -0.197416 2.28384 2.39391 -0.553849</i>
                        <i>0.0348041 0.99937 0.00701431 0.197564 0 -0.98029 -0.979672 0.0355039 -0.19744 2.28367 2.39396 -0.553883</i>
                        <i>0.0277897 0.999598 0.00560065 0.197564 -2.22045e-016 -0.98029 -0.979896 0.0283485 -0.197485 2.28356 2.394 -0.553905</i>
                        <i>0.0162407 0.999863 0.00327309 0.197564 -2.22045e-016 -0.98029 -0.980155 0.0165672 -0.197537 2.28352 2.39401 -0.553913</i>
                        <i>0.0021514 0.999998 0.000433586 0.197564 2.22045e-016 -0.98029 -0.980288 0.00219466 -0.197564 2.28384 2.39391 -0.553849</i>
                        <i>-0.0119058 0.999926 -0.00239946 0.197564 0 -0.98029 -0.980218 -0.0121452 -0.19755 2.28459 2.39365 -0.553697</i>
                        <i>-0.0258288 0.999653 -0.00520545 0.197564 -2.22045e-016 -0.98029 -0.97995 -0.0263481 -0.197496 2.28549 2.39334 -0.553517</i>
                        <i>-0.0395621 0.999185 -0.00797322 0.197564 -6.66134e-016 -0.98029 -0.979491 -0.0403576 -0.197404 2.28624 2.39307 -0.553365</i>
                        <i>-0.0530336 0.998536 -0.0106882 0.197564 0 -0.98029 -0.978854 -0.0540999 -0.197275 2.28656 2.39296 -0.553302</i>
                        <i>-0.0646399 0.997824 -0.0130273 0.197564 -2.22045e-016 -0.98029 -0.978156 -0.0659395 -0.197134 2.28656 2.39296 -0.553302</i>
                        <i>-0.0730058 0.997223 -0.0147134 0.197564 -2.22045e-016 -0.98029 -0.977568 -0.0744737 -0.197016 2.28656 2.39296 -0.553302</i>
                        <i>-0.0783483 0.996801 -0.0157901 0.197564 -2.22045e-016 -0.98029 -0.977154 -0.0799236 -0.196932 2.28656 2.39296 -0.553302</i>
                        <i>-0.0808339 0.996594 -0.016291 0.197564 -6.66134e-016 -0.98029 -0.976951 -0.0824592 -0.196892 2.28656 2.39296 -0.553302</i>
                        <i>-0.0805543 0.996618 -0.0162346 0.197564 -4.44089e-016 -0.98029 -0.976975 -0.0821739 -0.196896 2.28656 2.39296 -0.553302</i>
                        <i>-0.0786563 0.996776 -0.0158521 0.197564 -2.22045e-016 -0.98029 -0.977129 -0.0802378 -0.196927 2.28659 2.39295 -0.553295</i>
                        <i>-0.076292 0.996967 -0.0153757 0.197564 -2.22045e-016 -0.98029 -0.977317 -0.077826 -0.196965 2.28669 2.39291 -0.553275</i>
                        <i>-0.0735001 0.997185 -0.014813 0.197564 2.22045e-016 -0.98029 -0.977531 -0.0749779 -0.197008 2.28685 2.39286 -0.553243</i>
                        <i>-0.0703171 0.997424 -0.0141715 0.197564 -2.22045e-016 -0.98029 -0.977765 -0.071731 -0.197056 2.28705 2.39278 -0.553202</i>
                        <i>-0.0667792 0.997677 -0.0134585 0.197564 -2.22045e-016 -0.98029 -0.978013 -0.0681219 -0.197106 2.2873 2.39269 -0.553151</i>
                        <i>-0.0629227 0.997938 -0.0126812 0.197564 0 -0.98029 -0.978268 -0.0641879 -0.197157 2.28759 2.39258 -0.553094</i>
                        <i>-0.0587854 0.9982 -0.0118474 0.197564 -2.22045e-016 -0.98029 -0.978526 -0.0599673 -0.197209 2.2879 2.39247 -0.55303</i>
                        <i>-0.0544068 0.998459 -0.010965 0.197564 0 -0.98029 -0.978779 -0.0555007 -0.19726 2.28824 2.39234 -0.552963</i>
                        <i>-0.049829 0.998707 -0.0100424 0.197564 -2.22045e-016 -0.98029 -0.979023 -0.0508309 -0.197309 2.28859 2.39221 -0.552893</i>
                        <i>-0.0450966 0.998941 -0.00908863 0.197564 -4.44089e-016 -0.98029 -0.979252 -0.0460033 -0.197355 2.28894 2.39208 -0.552821</i>
                        <i>-0.0402571 0.999156 -0.00811328 0.197564 -4.44089e-016 -0.98029 -0.979463 -0.0410665 -0.197398 2.2893 2.39194 -0.552749</i>
                        <i>-0.0353609 0.999349 -0.00712651 0.197564 -2.22045e-016 -0.98029 -0.979652 -0.0360718 -0.197436 2.28965 2.39181 -0.552679</i>
                        <i>-0.0303018 0.999522 -0.00610693 0.197564 0 -0.98029 -0.979821 -0.0309111 -0.19747 2.28998 2.39168 -0.552612</i>
                        <i>-0.0250524 0.999673 -0.00504898 0.197564 -2.22045e-016 -0.98029 -0.97997 -0.0255561 -0.1975 2.29029 2.39155 -0.552549</i>
                        <i>-0.0197851 0.999796 -0.00398742 0.197564 -4.44089e-016 -0.98029 -0.98009 -0.0201829 -0.197524 2.29058 2.39144 -0.552492</i>
                        <i>-0.0146744 0.999888 -0.00295743 0.197564 0 -0.98029 -0.98018 -0.0149694 -0.197542 2.29082 2.39134 -0.552442</i>
                        <i>-0.00989612 0.999949 -0.00199443 0.197564 0 -0.98029 -0.98024 -0.0100951 -0.197554 2.29103 2.39126 -0.552401</i>
                        <i>-0.00562678 0.999984 -0.001134 0.197564 0 -0.98029 -0.980274 -0.00573992 -0.197561 2.29118 2.3912 -0.55237</i>
                        <i>-0.00204272 0.999998 -0.000411683 0.197564 -2.22045e-016 -0.98029 -0.980288 -0.00208379 -0.197564 2.29128 2.39116 -0.55235</i>
                        <i>0.000680288 1 0.000137103 0.197564 -2.22045e-016 -0.98029 -0.98029 0.000693966 -0.197564 2.29131 2.39115 -0.552343</i>
                        <i>0.00199574 0.999998 0.000402216 0.197564 0 -0.98029 -0.980288 0.00203587 -0.197564 2.29128 2.39116 -0.55235</i>
                        <i>0.0015566 0.999999 0.000313713 0.197564 -2.22045e-016 -0.98029 -0.980289 0.0015879 -0.197564 2.29118 2.3912 -0.55237</i>
                        <i>-0.000513209 1 -0.00010343 0.197564 -2.22045e-016 -0.98029 -0.98029 -0.000523527 -0.197564 2.29103 2.39126 -0.552401</i>
                        <i>-0.00408533 0.999991 -0.000823344 0.197564 0 -0.98029 -0.980281 -0.00416747 -0.197563 2.29082 2.39134 -0.552442</i>
                        <i>-0.00902226 0.999958 -0.00181832 0.197564 -2.22045e-016 -0.98029 -0.980248 -0.00920367 -0.197556 2.29058 2.39144 -0.552492</i>
                        <i>-0.0151749 0.99988 -0.00305831 0.197564 -4.44089e-016 -0.98029 -0.980172 -0.01548 -0.197541 2.29029 2.39155 -0.552549</i>
                        <i>-0.0222585 0.999742 -0.0044859 0.197564 -4.44089e-016 -0.98029 -0.980037 -0.022706 -0.197514 2.28998 2.39168 -0.552612</i>
                        <i>-0.0298316 0.999537 -0.00601217 0.197564 0 -0.98029 -0.979836 -0.0304314 -0.197473 2.28965 2.39181 -0.552679</i>
                        <i>-0.0374952 0.999268 -0.00755665 0.197564 2.22045e-016 -0.98029 -0.979573 -0.038249 -0.19742 2.2893 2.39194 -0.552749</i>
                        <i>-0.0448437 0.998953 -0.00903766 0.197564 -2.22045e-016 -0.98029 -0.979264 -0.0457454 -0.197358 2.28894 2.39208 -0.552821</i>
                        <i>-0.0514696 0.998621 -0.010373 0.197564 -2.22045e-016 -0.98029 -0.978938 -0.0525044 -0.197292 2.28859 2.39221 -0.552892</i>
                        <i>-0.0569668 0.99831 -0.0114809 0.197564 0 -0.98029 -0.978633 -0.0581122 -0.197231 2.28824 2.39234 -0.552963</i>
                        <i>-0.0613045 0.998043 -0.0123551 0.197564 0 -0.98029 -0.978371 -0.0625371 -0.197178 2.2879 2.39247 -0.55303</i>
                        <i>-0.0646957 0.99782 -0.0130386 0.197564 -2.22045e-016 -0.98029 -0.978153 -0.0659965 -0.197134 2.28759 2.39258 -0.553094</i>
                        <i>-0.0671071 0.997654 -0.0135246 0.197564 0 -0.98029 -0.97799 -0.0684564 -0.197101 2.2873 2.39269 -0.553151</i>
                        <i>-0.0685078 0.997555 -0.0138068 0.197564 -4.44089e-016 -0.98029 -0.977893 -0.0698852 -0.197081 2.28705 2.39278 -0.553202</i>
                        <i>-0.0688672 0.997529 -0.0138793 0.197564 -2.22045e-016 -0.98029 -0.977868 -0.0702519 -0.197076 2.28685 2.39286 -0.553243</i>
                        <i>-0.0681548 0.99758 -0.0137357 0.197564 2.22045e-016 -0.98029 -0.977918 -0.0695252 -0.197086 2.28669 2.39291 -0.553275</i>
                        <i>-0.0663383 0.997708 -0.0133696 0.197564 0 -0.98029 -0.978043 -0.0676721 -0.197112 2.28659 2.39295 -0.553295</i>
                        <i>-0.0633834 0.997908 -0.0127741 0.197564 0 -0.98029 -0.978239 -0.0646579 -0.197151 2.28656 2.39296 -0.553302</i>
                        <i>-0.0599125 0.998131 -0.0120746 0.197564 0 -0.98029 -0.978457 -0.0611171 -0.197195 2.28656 2.39296 -0.553302</i>
                        <i>-0.056619 0.998331 -0.0114108 0.197564 0 -0.98029 -0.978653 -0.0577574 -0.197235 2.28656 2.39296 -0.553302</i>
                        <i>-0.0535717 0.998506 -0.0107967 0.197564 -4.44089e-016 -0.98029 -0.978825 -0.0546488 -0.197269 2.28656 2.39296 -0.553302</i>
                        <i>-0.0508367 0.998654 -0.0102455 0.197564 0 -0.98029 -0.978971 -0.0518589 -0.197299 2.28656 2.39296 -0.553302</i>
                        <i>-0.0484783 0.998776 -0.00977017 0.197564 -2.22045e-016 -0.98029 -0.97909 -0.0494531 -0.197323 2.28656 2.39296 -0.553302</i>
                        <i>-0.0465604 0.998871 -0.00938363 0.197564 0 -0.98029 -0.979184 -0.0474966 -0.197341 2.28656 2.39296 -0.553302</i>
                        <i>-0.0451483 0.998939 -0.00909905 0.197564 0 -0.98029 -0.97925 -0.0460561 -0.197355 2.28656 2.39296 -0.553302</i>
                        <i>-0.0443115 0.998978 -0.00893039 0.197564 0 -0.98029 -0.979288 -0.0452024 -0.197363 2.28656 2.39296 -0.553302</i>
                        <i>-0.0441259 0.998986 -0.00889299 0.197564 -2.22045e-016 -0.98029 -0.979296 -0.0450131 -0.197364 2.28656 2.39296 -0.553302</i>
                        <i>-0.044677 0.998961 -0.00900405 0.197564 0 -0.98029 -0.979271 -0.0455752 -0.197359 2.28656 2.39296 -0.553302</i>
                    </KeyFrames>
                </p>
            </i>
            <i>
                <p>
                    <Name><![CDATA[spine1]]></Name>
                    <Exclude>0</Exclude>
                    <Additive>0</Additive>
                    <IKPriority>0</IKPriority>
                    <IKRotLimits>-1e+010 -1e+010 -1e+010 1e+010 1e+010 1e+010</IKRotLimits>
                    <IKRotLimitOrder>0</IKRotLimitOrder>
                    <KeyFrames count="91">
                        <i>-0.309125 0.948979 -0.0623 0.197564 0 -0.98029 -0.930274 -0.31534 -0.187484 2.27877 2.56751 -0.554871</i>
                        <i>-0.307911 0.949389 -0.0620553 0.197564 -2.22045e-016 -0.98029 -0.930677 -0.314102 -0.187566 2.27873 2.56736 -0.554879</i>
                        <i>-0.30946 0.948865 -0.0623676 0.197564 -2.22045e-016 -0.98029 -0.930163 -0.315682 -0.187462 2.27898 2.56721 -0.554829</i>
                        <i>-0.312974 0.947665 -0.0630758 0.197564 0 -0.98029 -0.928986 -0.319267 -0.187225 2.27939 2.56705 -0.554746</i>
                        <i>-0.317664 0.946039 -0.064021 0.197564 -2.22045e-016 -0.98029 -0.927393 -0.324051 -0.186904 2.27982 2.5669 -0.554659</i>
                        <i>-0.322761 0.944243 -0.0650482 0.197564 -2.22045e-016 -0.98029 -0.925631 -0.32925 -0.186549 2.28015 2.56675 -0.554592</i>
                        <i>-0.32752 0.942536 -0.0660073 0.197564 1.11022e-016 -0.98029 -0.923958 -0.334105 -0.186212 2.28025 2.56663 -0.554572</i>
                        <i>-0.331217 0.94119 -0.0667525 0.197564 0 -0.98029 -0.922639 -0.337877 -0.185946 2.28 2.56653 -0.554623</i>
                        <i>-0.333519 0.940344 -0.0672163 0.197564 -2.22045e-016 -0.98029 -0.92181 -0.340225 -0.185779 2.27938 2.56647 -0.554747</i>
                        <i>-0.334702 0.939907 -0.0674547 0.197564 0 -0.98029 -0.921381 -0.341432 -0.185692 2.27855 2.56644 -0.554915</i>
                        <i>-0.334957 0.939812 -0.0675061 0.197564 -2.22045e-016 -0.98029 -0.921288 -0.341691 -0.185673 2.27765 2.56644 -0.555097</i>
                        <i>-0.334157 0.940109 -0.0673449 0.197564 -2.22045e-016 -0.98029 -0.921579 -0.340875 -0.185732 2.27692 2.56652 -0.555245</i>
                        <i>-0.332333 0.940781 -0.0669773 0.197564 -2.22045e-016 -0.98029 -0.922238 -0.339015 -0.185865 2.27654 2.56669 -0.55532</i>
                        <i>-0.32991 0.941668 -0.066489 0.197564 -2.22045e-016 -0.98029 -0.923108 -0.336543 -0.18604 2.27656 2.56693 -0.555317</i>
                        <i>-0.327327 0.942606 -0.0659684 0.197564 -4.44089e-016 -0.98029 -0.924027 -0.333908 -0.186225 2.27698 2.56723 -0.555232</i>
                        <i>-0.325044 0.943427 -0.0655082 0.197564 -2.22045e-016 -0.98029 -0.924832 -0.331579 -0.186388 2.27785 2.56754 -0.555057</i>
                        <i>-0.313126 0.947613 -0.0631065 0.197564 0 -0.98029 -0.928935 -0.319422 -0.187215 2.27965 2.56778 -0.554693</i>
                        <i>-0.286981 0.956189 -0.0578373 0.197564 -2.22045e-016 -0.98029 -0.937342 -0.292752 -0.188909 2.28234 2.56785 -0.554151</i>
                        <i>-0.255237 0.965509 -0.0514396 0.197564 -2.22045e-016 -0.98029 -0.946479 -0.260369 -0.19075 2.28518 2.56779 -0.55358</i>
                        <i>-0.226858 0.972854 -0.0457202 0.197564 -2.22045e-016 -0.98029 -0.953679 -0.231419 -0.192201 2.28743 2.56767 -0.553126</i>
                        <i>-0.211067 0.976546 -0.0425377 0.197564 2.22045e-016 -0.98029 -0.957298 -0.21531 -0.192931 2.28839 2.5676 -0.552932</i>
                        <i>-0.200721 0.978813 -0.0404527 0.197564 0 -0.98029 -0.95952 -0.204757 -0.193379 2.28862 2.56757 -0.552885</i>
                        <i>-0.183877 0.98225 -0.037058 0.197564 0 -0.98029 -0.96289 -0.187574 -0.194058 2.28907 2.56751 -0.552795</i>
                        <i>-0.162614 0.986145 -0.0327728 0.197564 2.22045e-016 -0.98029 -0.966708 -0.165884 -0.194827 2.28961 2.56739 -0.552686</i>
                        <i>-0.139023 0.989893 -0.0280182 0.197564 0 -0.98029 -0.970382 -0.141818 -0.195568 2.29014 2.56722 -0.55258</i>
                        <i>-0.115202 0.993071 -0.0232174 0.197564 -2.22045e-016 -0.98029 -0.973497 -0.117518 -0.196195 2.29052 2.567 -0.552503</i>
                        <i>-0.0932562 0.995465 -0.0187946 0.197564 -2.22045e-016 -0.98029 -0.975844 -0.0951312 -0.196668 2.29065 2.56674 -0.552477</i>
                        <i>-0.0752936 0.997046 -0.0151744 0.197564 0 -0.98029 -0.977394 -0.0768075 -0.196981 2.29041 2.56647 -0.552526</i>
                        <i>-0.0634263 0.997905 -0.0127827 0.197564 0 -0.98029 -0.978236 -0.0647016 -0.19715 2.28967 2.5662 -0.552673</i>
                        <i>-0.0597741 0.998139 -0.0120467 0.197564 -2.22045e-016 -0.98029 -0.978466 -0.0609759 -0.197197 2.28835 2.56596 -0.552941</i>
                        <i>-0.0664632 0.997699 -0.0133948 0.197564 -2.22045e-016 -0.98029 -0.978034 -0.0677995 -0.19711 2.28631 2.56574 -0.553351</i>
                        <i>-0.0858647 0.996157 -0.0173049 0.197564 2.22045e-016 -0.98029 -0.976522 -0.0875912 -0.196805 2.28421 2.56555 -0.553775</i>
                        <i>-0.116306 0.992937 -0.0234399 0.197564 0 -0.98029 -0.973366 -0.118645 -0.196169 2.28255 2.56538 -0.554109</i>
                        <i>-0.153808 0.987614 -0.030998 0.197564 -2.22045e-016 -0.98029 -0.968148 -0.156901 -0.195118 2.28105 2.56527 -0.554411</i>
                        <i>-0.194434 0.980133 -0.0391855 0.197564 -6.66134e-016 -0.98029 -0.960814 -0.198343 -0.193639 2.27943 2.56523 -0.554738</i>
                        <i>-0.234387 0.970995 -0.0472375 0.197564 0 -0.98029 -0.951857 -0.239099 -0.191834 2.27741 2.56527 -0.555145</i>
                        <i>-0.271642 0.96084 -0.0547458 0.197564 -2.22045e-016 -0.98029 -0.941902 -0.277104 -0.189828 2.27539 2.5654 -0.555552</i>
                        <i>-0.305301 0.950266 -0.0615293 0.197564 -2.22045e-016 -0.98029 -0.931536 -0.311439 -0.187739 2.27393 2.56562 -0.555847</i>
                        <i>-0.333448 0.94037 -0.0672021 0.197564 -2.22045e-016 -0.98029 -0.921835 -0.340153 -0.185784 2.27297 2.56593 -0.556039</i>
                        <i>-0.354237 0.932427 -0.0713917 0.197564 -6.66134e-016 -0.98029 -0.914049 -0.361359 -0.184214 2.27251 2.56629 -0.556132</i>
                        <i>-0.365868 0.927741 -0.0737359 0.197564 -4.44089e-016 -0.98029 -0.909455 -0.373225 -0.183289 2.27253 2.56664 -0.556128</i>
                        <i>-0.371406 0.925449 -0.0748519 0.197564 -2.22045e-016 -0.98029 -0.907208 -0.378873 -0.182836 2.27288 2.56698 -0.556059</i>
                        <i>-0.375184 0.923861 -0.0756133 0.197564 -2.22045e-016 -0.98029 -0.905652 -0.382727 -0.182522 2.27336 2.56735 -0.555961</i>
                        <i>-0.377324 0.922954 -0.0760447 0.197564 2.22045e-016 -0.98029 -0.904762 -0.384911 -0.182343 2.27398 2.56775 -0.555837</i>
                        <i>-0.377945 0.922689 -0.0761699 0.197564 -2.22045e-016 -0.98029 -0.904503 -0.385544 -0.182291 2.27472 2.56815 -0.555688</i>
                        <i>-0.377162 0.923023 -0.076012 0.197564 -2.22045e-016 -0.98029 -0.90483 -0.384746 -0.182356 2.27556 2.56857 -0.555518</i>
                        <i>-0.375088 0.923902 -0.0755941 0.197564 0 -0.98029 -0.905692 -0.38263 -0.18253 2.2765 2.56897 -0.555329</i>
                        <i>-0.371834 0.925269 -0.0749383 0.197564 -2.22045e-016 -0.98029 -0.907032 -0.379311 -0.1828 2.27752 2.56937 -0.555123</i>
                        <i>-0.367511 0.927065 -0.074067 0.197564 0 -0.98029 -0.908793 -0.3749 -0.183155 2.27861 2.56975 -0.554904</i>
                        <i>-0.362226 0.929227 -0.0730019 0.197564 -2.22045e-016 -0.98029 -0.910912 -0.369509 -0.183582 2.27975 2.5701 -0.554673</i>
                        <i>-0.356089 0.931692 -0.071765 0.197564 -4.44089e-016 -0.98029 -0.913328 -0.363249 -0.184069 2.28093 2.57042 -0.554435</i>
                        <i>-0.349207 0.934399 -0.070378 0.197564 -4.44089e-016 -0.98029 -0.915982 -0.356228 -0.184604 2.28214 2.57071 -0.554192</i>
                        <i>-0.341687 0.937287 -0.0688625 0.197564 -2.22045e-016 -0.98029 -0.918813 -0.348557 -0.185175 2.28335 2.57096 -0.553947</i>
                        <i>-0.333288 0.940429 -0.0671698 0.197564 0 -0.98029 -0.921893 -0.339989 -0.185795 2.28459 2.57116 -0.553699</i>
                        <i>-0.323931 0.943826 -0.0652839 0.197564 -2.22045e-016 -0.98029 -0.925223 -0.330444 -0.186466 2.28584 2.57131 -0.553447</i>
                        <i>-0.313972 0.947321 -0.0632768 0.197564 -4.44089e-016 -0.98029 -0.92865 -0.320284 -0.187157 2.28706 2.57141 -0.553199</i>
                        <i>-0.303771 0.950776 -0.061221 0.197564 0 -0.98029 -0.932036 -0.309879 -0.18784 2.28823 2.57146 -0.552964</i>
                        <i>-0.293691 0.954066 -0.0591896 0.197564 0 -0.98029 -0.935261 -0.299596 -0.18849 2.2893 2.57146 -0.55275</i>
                        <i>-0.284098 0.957084 -0.0572562 0.197564 0 -0.98029 -0.93822 -0.28981 -0.189086 2.29022 2.57141 -0.552563</i>
                        <i>-0.27536 0.959738 -0.0554951 0.197564 -2.22045e-016 -0.98029 -0.940822 -0.280896 -0.18961 2.29096 2.57132 -0.552413</i>
                        <i>-0.267847 0.961948 -0.0539809 0.197564 -2.22045e-016 -0.98029 -0.942988 -0.273232 -0.190047 2.29149 2.57119 -0.552308</i>
                        <i>-0.261952 0.963636 -0.0527929 0.197564 0 -0.98029 -0.944643 -0.267219 -0.19038 2.29169 2.571 -0.552267</i>
                        <i>-0.257872 0.96478 -0.0519708 0.197564 -2.22045e-016 -0.98029 -0.945764 -0.263057 -0.190606 2.29151 2.57077 -0.552303</i>
                        <i>-0.255683 0.965386 -0.0515295 0.197564 -2.22045e-016 -0.98029 -0.946359 -0.260824 -0.190726 2.29098 2.5705 -0.55241</i>
                        <i>-0.255457 0.965449 -0.051484 0.197564 0 -0.98029 -0.94642 -0.260593 -0.190738 2.29014 2.57021 -0.55258</i>
                        <i>-0.257269 0.964948 -0.0518491 0.197564 -2.22045e-016 -0.98029 -0.945929 -0.262441 -0.190639 2.28901 2.56991 -0.552808</i>
                        <i>-0.261194 0.96385 -0.0526402 0.197564 -4.44089e-016 -0.98029 -0.944852 -0.266445 -0.190423 2.28763 2.56961 -0.553086</i>
                        <i>-0.267026 0.962186 -0.0538156 0.197564 -4.44089e-016 -0.98029 -0.943221 -0.272395 -0.190094 2.28606 2.56931 -0.553401</i>
                        <i>-0.274229 0.960075 -0.0552673 0.197564 0 -0.98029 -0.941152 -0.279743 -0.189677 2.28439 2.56903 -0.553738</i>
                        <i>-0.282388 0.957611 -0.0569115 0.197564 2.22045e-016 -0.98029 -0.938736 -0.288066 -0.18919 2.2827 2.56876 -0.55408</i>
                        <i>-0.29109 0.954895 -0.0586654 0.197564 -2.22045e-016 -0.98029 -0.936074 -0.296943 -0.188653 2.28105 2.56852 -0.554411</i>
                        <i>-0.299929 0.952045 -0.0604467 0.197564 -2.22045e-016 -0.98029 -0.93328 -0.305959 -0.18809 2.27954 2.56831 -0.554716</i>
                        <i>-0.3085 0.94919 -0.062174 0.197564 0 -0.98029 -0.930482 -0.314703 -0.187526 2.27823 2.56814 -0.554979</i>
                        <i>-0.316562 0.946424 -0.0637989 0.197564 0 -0.98029 -0.92777 -0.322927 -0.18698 2.27715 2.56802 -0.555198</i>
                        <i>-0.323978 0.943809 -0.0652935 0.197564 -2.22045e-016 -0.98029 -0.925206 -0.330492 -0.186463 2.27625 2.56793 -0.55538</i>
                        <i>-0.330498 0.941453 -0.0666076 0.197564 0 -0.98029 -0.922897 -0.337143 -0.185998 2.27554 2.56787 -0.555521</i>
                        <i>-0.335873 0.939472 -0.0676907 0.197564 -4.44089e-016 -0.98029 -0.920955 -0.342626 -0.185606 2.27506 2.56783 -0.55562</i>
                        <i>-0.339852 0.937982 -0.0684926 0.197564 -2.22045e-016 -0.98029 -0.919494 -0.346685 -0.185312 2.27479 2.56781 -0.555673</i>
                        <i>-0.342186 0.937098 -0.068963 0.197564 2.22045e-016 -0.98029 -0.918628 -0.349066 -0.185137 2.27476 2.56781 -0.555678</i>
                        <i>-0.342625 0.936931 -0.0690516 0.197564 0 -0.98029 -0.918464 -0.349514 -0.185104 2.27499 2.56781 -0.555634</i>
                        <i>-0.340919 0.937578 -0.0687078 0.197564 0 -0.98029 -0.919099 -0.347774 -0.185232 2.27547 2.56782 -0.555536</i>
                        <i>-0.338121 0.938632 -0.0681437 0.197564 0 -0.98029 -0.920132 -0.344919 -0.18544 2.27608 2.56783 -0.555413</i>
                        <i>-0.335407 0.939645 -0.0675968 0.197564 0 -0.98029 -0.921125 -0.342151 -0.18564 2.27666 2.56785 -0.555296</i>
                        <i>-0.332713 0.940641 -0.067054 0.197564 -4.44089e-016 -0.98029 -0.922101 -0.339403 -0.185837 2.27719 2.56786 -0.555189</i>
                        <i>-0.329978 0.941643 -0.0665026 0.197564 0 -0.98029 -0.923083 -0.336612 -0.186035 2.27767 2.56787 -0.555092</i>
                        <i>-0.327137 0.942674 -0.0659301 0.197564 -2.22045e-016 -0.98029 -0.924094 -0.333714 -0.186239 2.27809 2.56787 -0.555008</i>
                        <i>-0.324129 0.943755 -0.0653239 0.197564 0 -0.98029 -0.925153 -0.330646 -0.186452 2.27843 2.56785 -0.554941</i>
                        <i>-0.320891 0.944906 -0.0646713 0.197564 0 -0.98029 -0.926282 -0.327343 -0.18668 2.27867 2.56781 -0.55489</i>
