<?xml version="1.0" encoding="ISO-8859-1" ?>
<Animl Version="1">
    <ModellingPackage><![CDATA[Maya.2010]]></ModellingPackage>
    <SrcFile><![CDATA[anims\turrets\artillery\blue\~src\artillery_m270\artillery_m270_aim_low_crewman_b.mb]]></SrcFile>
    <FramesPerSecond>30</FramesPerSecond>
    <TotalFrames>30</TotalFrames>
    <Skeleton>
        <RefFrame>
            <Name><![CDATA[soldier_ref_frame]]></Name>
            <Exclude>0</Exclude>
            <Additive>0</Additive>
            <IKPriority>0</IKPriority>
            <IKRotLimits>-1e+010 -1e+010 -1e+010 1e+010 1e+010 1e+010</IKRotLimits>
            <IKRotLimitOrder>0</IKRotLimitOrder>
            <KeyFrames count="30">
                <i>1 0 0 0 1 0 0 0 1 2.92 5.4 0.95</i>
                <i>1 0 0 0 1 0 0 0 1 2.92 5.4 0.95</i>
                <i>1 0 0 0 1 0 0 0 1 2.92 5.4 0.95</i>
                <i>1 0 0 0 1 0 0 0 1 2.92 5.4 0.95</i>
                <i>1 0 0 0 1 0 0 0 1 2.92 5.4 0.95</i>
                <i>1 0 0 0 1 0 0 0 1 2.92 5.4 0.95</i>
                <i>1 0 0 0 1 0 0 0 1 2.92 5.4 0.95</i>
                <i>1 0 0 0 1 0 0 0 1 2.92 5.4 0.95</i>
                <i>1 0 0 0 1 0 0 0 1 2.92 5.4 0.95</i>
                <i>1 0 0 0 1 0 0 0 1 2.92 5.4 0.95</i>
                <i>1 0 0 0 1 0 0 0 1 2.92 5.4 0.95</i>
                <i>1 0 0 0 1 0 0 0 1 2.92 5.4 0.95</i>
                <i>1 0 0 0 1 0 0 0 1 2.92 5.4 0.95</i>
                <i>1 0 0 0 1 0 0 0 1 2.92 5.4 0.95</i>
                <i>1 0 0 0 1 0 0 0 1 2.92 5.4 0.95</i>
                <i>1 0 0 0 1 0 0 0 1 2.92 5.4 0.95</i>
                <i>1 0 0 0 1 0 0 0 1 2.92 5.4 0.95</i>
                <i>1 0 0 0 1 0 0 0 1 2.92 5.4 0.95</i>
                <i>1 0 0 0 1 0 0 0 1 2.92 5.4 0.95</i>
                <i>1 0 0 0 1 0 0 0 1 2.92 5.4 0.95</i>
                <i>1 0 0 0 1 0 0 0 1 2.92 5.4 0.95</i>
                <i>1 0 0 0 1 0 0 0 1 2.92 5.4 0.95</i>
                <i>1 0 0 0 1 0 0 0 1 2.92 5.4 0.95</i>
                <i>1 0 0 0 1 0 0 0 1 2.92 5.4 0.95</i>
                <i>1 0 0 0 1 0 0 0 1 2.92 5.4 0.95</i>
                <i>1 0 0 0 1 0 0 0 1 2.92 5.4 0.95</i>
                <i>1 0 0 0 1 0 0 0 1 2.92 5.4 0.95</i>
                <i>1 0 0 0 1 0 0 0 1 2.92 5.4 0.95</i>
                <i>1 0 0 0 1 0 0 0 1 2.92 5.4 0.95</i>
                <i>1 0 0 0 1 0 0 0 1 2.92 5.4 0.95</i>
            </KeyFrames>
        </RefFrame>
        <Bones count="23">
            <i>
                <p>
                    <Name><![CDATA[pelvis]]></Name>
                    <Exclude>0</Exclude>
                    <Additive>0</Additive>
                    <IKPriority>0</IKPriority>
                    <IKRotLimits>-1e+010 -1e+010 -1e+010 1e+010 1e+010 1e+010</IKRotLimits>
                    <IKRotLimitOrder>2</IKRotLimitOrder>
                    <KeyFrames count="30">
                        <i>1 0 0 0 1 0 0 0 1 2.92034 6.40087 0.987897</i>
                        <i>1 0 0 0 1 0 0 0 1 2.92034 6.40296 0.987897</i>
                        <i>1 0 0 0 1 0 0 0 1 2.92034 6.40533 0.987897</i>
                        <i>1 0 0 0 1 0 0 0 1 2.92034 6.40792 0.987897</i>
                        <i>1 0 0 0 1 0 0 0 1 2.92034 6.41066 0.987897</i>
                        <i>1 0 0 0 1 0 0 0 1 2.92034 6.4135 0.987897</i>
                        <i>1 0 0 0 1 0 0 0 1 2.92034 6.41635 0.987897</i>
                        <i>1 0 0 0 1 0 0 0 1 2.92034 6.41916 0.987897</i>
                        <i>1 0 0 0 1 0 0 0 1 2.92034 6.42186 0.987897</i>
                        <i>1 0 0 0 1 0 0 0 1 2.92034 6.42439 0.987897</i>
                        <i>1 0 0 0 1 0 0 0 1 2.92034 6.42667 0.987897</i>
                        <i>1 0 0 0 1 0 0 0 1 2.92034 6.42865 0.987897</i>
                        <i>1 0 0 0 1 0 0 0 1 2.92034 6.43025 0.987897</i>
                        <i>1 0 0 0 1 0 0 0 1 2.92034 6.43142 0.987897</i>
                        <i>1 0 0 0 1 0 0 0 1 2.92034 6.43209 0.987897</i>
                        <i>1 0 0 0 1 0 0 0 1 2.92034 6.43218 0.987897</i>
                        <i>1 0 0 0 1 0 0 0 1 2.92034 6.43164 0.987897</i>
                        <i>1 0 0 0 1 0 0 0 1 2.92034 6.43023 0.987897</i>
                        <i>1 0 0 0 1 0 0 0 1 2.92034 6.42791 0.987897</i>
                        <i>1 0 0 0 1 0 0 0 1 2.92034 6.42489 0.987897</i>
                        <i>1 0 0 0 1 0 0 0 1 2.92034 6.42136 0.987897</i>
                        <i>1 0 0 0 1 0 0 0 1 2.92034 6.41754 0.987897</i>
                        <i>1 0 0 0 1 0 0 0 1 2.92034 6.41362 0.987897</i>
                        <i>1 0 0 0 1 0 0 0 1 2.92034 6.40982 0.987897</i>
                        <i>1 0 0 0 1 0 0 0 1 2.92034 6.40634 0.987897</i>
                        <i>1 0 0 0 1 0 0 0 1 2.92034 6.40338 0.987897</i>
                        <i>1 0 0 0 1 0 0 0 1 2.92034 6.40115 0.987897</i>
                        <i>1 0 0 0 1 0 0 0 1 2.92034 6.39985 0.987897</i>
                        <i>1 0 0 0 1 0 0 0 1 2.92034 6.39969 0.987897</i>
                        <i>1 0 0 0 1 0 0 0 1 2.92034 6.40087 0.987897</i>
                    </KeyFrames>
                </p>
            </i>
            <i>
                <p>
                    <Name><![CDATA[spine0]]></Name>
                    <Exclude>0</Exclude>
                    <Additive>0</Additive>
                    <IKPriority>0</IKPriority>
                    <IKRotLimits>-1e+010 -1e+010 -1e+010 1e+010 1e+010 1e+010</IKRotLimits>
                    <IKRotLimitOrder>0</IKRotLimitOrder>
                    <KeyFrames count="30">
                        <i>-0.0325202 0.982828 0.181636 -0.998483 -0.0238695 -0.0496117 -0.0444242 -0.182974 0.982114 2.91409 6.54107 0.956247</i>
                        <i>-0.0324983 0.981412 0.18914 -0.998506 -0.0235636 -0.0492976 -0.0439244 -0.19046 0.980712 2.91402 6.54341 0.957411</i>
                        <i>-0.0324823 0.980016 0.196251 -0.998528 -0.0232863 -0.048986 -0.0434371 -0.197553 0.979329 2.91394 6.54602 0.95856</i>
                        <i>-0.0324719 0.97871 0.202665 -0.998548 -0.0230471 -0.0486933 -0.0429858 -0.203952 0.978037 2.91387 6.54883 0.959634</i>
                        <i>-0.0324669 0.977573 0.20808 -0.998565 -0.0228542 -0.0484367 -0.0425949 -0.209354 0.976912 2.91381 6.55176 0.960573</i>
                        <i>-0.0324669 0.976687 0.212198 -0.998578 -0.0227153 -0.0482333 -0.0422887 -0.213462 0.976036 2.91376 6.55473 0.961317</i>
                        <i>-0.0324717 0.976136 0.214721 -0.998586 -0.0226378 -0.0481007 -0.042092 -0.215979 0.97549 2.91373 6.55767 0.961808</i>
                        <i>-0.0324806 0.975997 0.215349 -0.998588 -0.0226291 -0.0480559 -0.0420293 -0.216606 0.975354 2.91372 6.56051 0.961984</i>
                        <i>-0.0324933 0.976284 0.214043 -0.998585 -0.0226896 -0.048102 -0.0421047 -0.215303 0.975639 2.91373 6.56319 0.961836</i>
                        <i>-0.0325116 0.976935 0.211047 -0.998576 -0.0228141 -0.0482233 -0.0422962 -0.212314 0.976286 2.91376 6.56564 0.961421</i>
                        <i>-0.0325335 0.97787 0.206671 -0.998563 -0.0229915 -0.0484058 -0.0425829 -0.207948 0.977212 2.9138 6.5678 0.960785</i>
                        <i>-0.0325549 0.978988 0.201305 -0.998547 -0.0232048 -0.0486346 -0.0429414 -0.202596 0.978321 2.91385 6.56962 0.959971</i>
                        <i>-0.0325754 0.980222 0.195204 -0.998529 -0.0234464 -0.0488963 -0.0433524 -0.196509 0.979543 2.91391 6.57104 0.959026</i>
                        <i>-0.0325945 0.981509 0.188621 -0.998509 -0.0237083 -0.0491779 -0.0437967 -0.189943 0.980818 2.91398 6.572 0.957994</i>
                        <i>-0.032612 0.982792 0.181812 -0.998488 -0.0239817 -0.049467 -0.0442557 -0.18315 0.982088 2.91405 6.57243 0.956918</i>
                        <i>-0.0326278 0.984022 0.175031 -0.998467 -0.0242573 -0.0497516 -0.0447109 -0.176386 0.983305 2.91412 6.57229 0.955845</i>
                        <i>-0.0326419 0.985155 0.168534 -0.998447 -0.0245251 -0.0500204 -0.0451446 -0.169905 0.984426 2.91419 6.57151 0.954818</i>
                        <i>-0.0326543 0.986155 0.162576 -0.998429 -0.0247744 -0.0502628 -0.0455392 -0.163962 0.985415 2.91425 6.56988 0.95388</i>
                        <i>-0.0326654 0.986992 0.157415 -0.998413 -0.0249941 -0.0504688 -0.0458778 -0.158814 0.986242 2.91431 6.56737 0.953076</i>
                        <i>-0.0326753 0.987638 0.153306 -0.9984 -0.0251726 -0.0506284 -0.0461435 -0.154716 0.986881 2.91435 6.56418 0.952447</i>
                        <i>-0.0326845 0.988069 0.150507 -0.998392 -0.0252982 -0.0507323 -0.0463195 -0.151923 0.987306 2.91438 6.56055 0.952039</i>
                        <i>-0.032693 0.988255 0.149273 -0.998388 -0.0253595 -0.0507707 -0.0463889 -0.150692 0.987492 2.91439 6.55669 0.951893</i>
                        <i>-0.0326951 0.988212 0.149559 -0.998389 -0.0253504 -0.0507554 -0.0463657 -0.150978 0.987449 2.91438 6.5528 0.951957</i>
                        <i>-0.0326862 0.987979 0.151092 -0.998394 -0.0252764 -0.0507049 -0.0462763 -0.152507 0.987218 2.91437 6.54904 0.952151</i>
                        <i>-0.0326684 0.987564 0.153786 -0.998401 -0.0251445 -0.0506186 -0.0461222 -0.155194 0.986807 2.91435 6.54564 0.952479</i>
                        <i>-0.0326439 0.98697 0.157556 -0.998412 -0.0249615 -0.0504955 -0.0459048 -0.158954 0.986218 2.91432 6.5428 0.952945</i>
                        <i>-0.0326147 0.9862 0.162313 -0.998426 -0.0247348 -0.0503347 -0.0456253 -0.163699 0.985455 2.91427 6.54071 0.95355</i>
                        <i>-0.032583 0.985253 0.167971 -0.998443 -0.0244719 -0.0501347 -0.0452847 -0.169343 0.984516 2.91422 6.5396 0.9543</i>
                        <i>-0.0325507 0.984129 0.174442 -0.998462 -0.0241808 -0.0498941 -0.0448841 -0.175798 0.983403 2.91416 6.53965 0.955197</i>
                        <i>-0.0325202 0.982828 0.181636 -0.998483 -0.0238695 -0.0496117 -0.0444242 -0.182974 0.982114 2.91409 6.54107 0.956247</i>
                    </KeyFrames>
                </p>
            </i>
            <i>
                <p>
                    <Name><![CDATA[spine1]]></Name>
                    <Exclude>0</Exclude>
                    <Additive>0</Additive>
                    <IKPriority>0</IKPriority>
                    <IKRotLimits>-1e+010 -1e+010 -1e+010 1e+010 1e+010 1e+010</IKRotLimits>
                    <IKRotLimitOrder>0</IKRotLimitOrder>
                    <KeyFrames count="30">
                        <i>0.0101969 0.876375 0.481521 -0.999873 0.0148527 -0.00585836 -0.012286 -0.4814 0.876415 2.9084 6.71305 0.988009</i>
                        <i>0.0108764 0.872956 0.487679 -0.999868 0.0153955 -0.00525881 -0.0120988 -0.487557 0.873007 2.90834 6.71474 0.990413</i>
                        <i>0.0115419 0.869664 0.493509 -0.999863 0.0159134 -0.00465841 -0.0119046 -0.493387 0.869728 2.90829 6.71671 0.992725</i>
                        <i>0.0121596 0.86667 0.498734 -0.999857 0.0163821 -0.00409039 -0.0117153 -0.498613 0.866746 2.90823 6.71892 0.994841</i>
                        <i>0.012695 0.864149 0.503076 -0.999853 0.0167784 -0.00358979 -0.011543 -0.502957 0.864235 2.90818 6.72132 0.996652</i>
                        <i>0.0131132 0.86228 0.506261 -0.999849 0.01708 -0.00319302 -0.0114002 -0.506143 0.862374 2.90814 6.72387 0.998055</i>
                        <i>0.0133791 0.861245 0.508014 -0.999847 0.0172647 -0.00293704 -0.0113002 -0.507897 0.861344 2.90812 6.72654 0.998944</i>
                        <i>0.0134577 0.861218 0.508058 -0.999846 0.0173102 -0.00285838 -0.0112563 -0.507942 0.861318 2.9081 6.72928 0.999214</i>
                        <i>0.013348 0.862119 0.50653 -0.999847 0.0172176 -0.00295676 -0.0112703 -0.506413 0.862217 2.90811 6.73205 0.998849</i>
                        <i>0.0130834 0.863795 0.503674 -0.99985 0.0170082 -0.00319688 -0.011328 -0.503557 0.863888 2.90813 6.73475 0.997944</i>
                        <i>0.0126921 0.866067 0.499767 -0.999854 0.0167022 -0.00355175 -0.0114233 -0.499649 0.866152 2.90816 6.73729 0.996593</i>
                        <i>0.0122077 0.868657 0.495264 -0.999859 0.0163264 -0.00399001 -0.0115518 -0.495145 0.868733 2.9082 6.73958 0.994905</i>
                        <i>0.0116548 0.871464 0.49032 -0.999864 0.0158969 -0.00448776 -0.0117055 -0.490201 0.871531 2.90825 6.74153 0.992963</i>
                        <i>0.0110578 0.874392 0.485094 -0.999868 0.0154306 -0.0050217 -0.0118762 -0.484975 0.874448 2.9083 6.74306 0.990851</i>
                        <i>0.0104409 0.877347 0.479743 -0.999873 0.0149444 -0.00556936 -0.0120557 -0.479624 0.877391 2.90835 6.74409 0.988655</i>
                        <i>0.00982767 0.88024 0.474428 -0.999877 0.0144562 -0.00610932 -0.0122361 -0.474309 0.880273 2.90841 6.74453 0.986461</i>
                        <i>0.00924154 0.882986 0.469308 -0.99988 0.0139841 -0.00662114 -0.0124092 -0.469191 0.88301 2.90847 6.7443 0.984354</i>
                        <i>0.0087055 0.885506 0.464547 -0.999883 0.0135471 -0.00708544 -0.0125674 -0.464431 0.88552 2.90852 6.74316 0.982422</i>
                        <i>0.00824224 0.887721 0.460307 -0.999885 0.0131642 -0.0074837 -0.012703 -0.460193 0.887728 2.90856 6.74107 0.980752</i>
                        <i>0.00787428 0.889559 0.456753 -0.999887 0.0128549 -0.00779801 -0.0128083 -0.456639 0.88956 2.90859 6.73821 0.979432</i>
                        <i>0.00762402 0.890945 0.454047 -0.999888 0.0126387 -0.00801074 -0.0128757 -0.453935 0.890942 2.90862 6.73479 0.978549</i>
                        <i>0.00751394 0.891807 0.452354 -0.999889 0.0125352 -0.00810408 -0.0128976 -0.452242 0.891802 2.90862 6.731 0.978192</i>
                        <i>0.00753057 0.891991 0.45199 -0.999889 0.0125426 -0.00809335 -0.0128883 -0.451879 0.891986 2.90862 6.72707 0.978303</i>
                        <i>0.0076434 0.891442 0.45307 -0.999888 0.0126424 -0.00800642 -0.0128652 -0.452958 0.891439 2.90861 6.72321 0.978758</i>
                        <i>0.00784963 0.89023 0.455444 -0.999887 0.0128293 -0.00784351 -0.0128255 -0.455331 0.89023 2.90859 6.71964 0.979545</i>
                        <i>0.00814669 0.888418 0.458964 -0.999885 0.0130972 -0.00760422 -0.0127669 -0.458849 0.888422 2.90857 6.71654 0.980652</i>
                        <i>0.00853215 0.886066 0.46348 -0.999883 0.0134401 -0.00728765 -0.0126866 -0.463364 0.886077 2.90854 6.71414 0.982066</i>
                        <i>0.00900377 0.883235 0.468845 -0.99988 0.0138516 -0.00689244 -0.0125819 -0.468726 0.883254 2.9085 6.71262 0.983772</i>
                        <i>0.00955938 0.879984 0.474907 -0.999877 0.0143248 -0.00641675 -0.0124496 -0.474788 0.880012 2.90846 6.71219 0.985758</i>
                        <i>0.0101969 0.876375 0.481521 -0.999873 0.0148527 -0.00585836 -0.012286 -0.4814 0.876415 2.9084 6.71305 0.988009</i>
                    </KeyFrames>
                </p>
            </i>
            <i>
                <p>
                    <Name><![CDATA[spine2]]></Name>
                    <Exclude>0</Exclude>
                    <Additive>0</Additive>
                    <IKPriority>0</IKPriority>
                    <IKRotLimits>-1e+010 -1e+010 -1e+010 1e+010 1e+010 1e+010</IKRotLimits>
                    <IKRotLimitOrder>0</IKRotLimitOrder>
                    <KeyFrames count="30">
                        <i>0.0118665 0.703454 0.710642 -0.999646 -0.00857611 0.0251817 0.0238087 -0.710689 0.703103 2.91008 6.85403 1.06558</i>
                        <i>0.012322 0.699342 0.714681 -0.999642 -0.00835884 0.0254146 0.0237474 -0.714738 0.698989 2.91013 6.85484 1.06879</i>
                        <i>0.0127797 0.695057 0.718841 -0.999638 -0.0081519 0.0256539 0.0236908 -0.718909 0.694701 2.91017 6.85596 1.07185</i>
                        <i>0.0132119 0.690922 0.722809 -0.999633 -0.00796388 0.0258845 0.0236405 -0.722886 0.690563 2.91021 6.85739 1.07462</i>
                        <i>0.0135913 0.68727 0.726275 -0.999629 -0.00780275 0.0260904 0.0235981 -0.726361 0.686909 2.91024 6.85911 1.07696</i>
                        <i>0.0138901 0.68444 0.728937 -0.999626 -0.00767587 0.0262555 0.0235656 -0.729029 0.684078 2.91027 6.86115 1.07874</i>
                        <i>0.0140808 0.682778 0.73049 -0.999624 -0.00759031 0.0263631 0.0235448 -0.730587 0.682414 2.91028 6.86351 1.07982</i>
                        <i>0.0141356 0.682624 0.730633 -0.999623 -0.00755321 0.0263967 0.0235376 -0.730731 0.68226 2.91028 6.8662 1.08006</i>
                        <i>0.0140602 0.683735 0.729595 -0.999624 -0.00757107 0.0263591 0.0235465 -0.729692 0.683371 2.91027 6.86914 1.07948</i>
                        <i>0.0138842 0.685717 0.727736 -0.999626 -0.00763767 0.0262682 0.0235708 -0.727828 0.685354 2.91025 6.87221 1.07818</i>
                        <i>0.0136257 0.688377 0.725225 -0.999628 -0.00774599 0.0261337 0.0236074 -0.725312 0.688016 2.91022 6.87529 1.07631</i>
                        <i>0.0133071 0.691383 0.722366 -0.999632 -0.00789104 0.0259673 0.0236536 -0.722446 0.691023 2.91019 6.87821 1.07404</i>
                        <i>0.0129433 0.694637 0.719244 -0.999635 -0.00806425 0.0257775 0.0237062 -0.719315 0.69428 2.91015 6.88088 1.07146</i>
                        <i>0.0125494 0.698048 0.715941 -0.999639 -0.00825698 0.0255728 0.0237625 -0.716004 0.697692 2.91011 6.88317 1.06868</i>
                        <i>0.0121404 0.70152 0.712546 -0.999643 -0.00846035 0.0253615 0.02382 -0.712599 0.701167 2.91007 6.88497 1.0658</i>
                        <i>0.0117315 0.704965 0.709145 -0.999646 -0.00866532 0.0251516 0.0238759 -0.709189 0.704614 2.91003 6.88617 1.06292</i>
                        <i>0.0113378 0.708291 0.705829 -0.999649 -0.00886265 0.024951 0.0239281 -0.705865 0.707942 2.90999 6.88667 1.06014</i>
                        <i>0.0109743 0.711412 0.702689 -0.999652 -0.00904295 0.0247673 0.0239742 -0.702717 0.711066 2.90996 6.8862 1.05759</i>
                        <i>0.0106562 0.714242 0.699818 -0.999655 -0.00919664 0.024608 0.024012 -0.699838 0.713897 2.90993 6.88469 1.05535</i>
                        <i>0.0103985 0.716696 0.697309 -0.999657 -0.00931405 0.0244802 0.0240396 -0.697324 0.716353 2.90991 6.8823 1.05355</i>
                        <i>0.0102164 0.71869 0.695256 -0.999658 -0.00938545 0.0243911 0.024055 -0.695267 0.718348 2.90989 6.87921 1.05229</i>
                        <i>0.0101248 0.720142 0.693753 -0.999659 -0.00940106 0.024348 0.024056 -0.693763 0.719801 2.90988 6.8756 1.05167</i>
                        <i>0.010116 0.720851 0.693017 -0.99966 -0.00937536 0.0243439 0.0240456 -0.693027 0.720511 2.90988 6.87168 1.05171</i>
                        <i>0.0101718 0.720696 0.693176 -0.99966 -0.00932869 0.0243683 0.0240285 -0.693188 0.720356 2.90988 6.86768 1.05232</i>
                        <i>0.0102924 0.719715 0.694194 -0.999659 -0.00926027 0.024422 0.0240053 -0.694208 0.719374 2.9099 6.86382 1.05344</i>
                        <i>0.0104777 0.717939 0.696027 -0.999658 -0.00916945 0.0245065 0.0239764 -0.696046 0.717597 2.90993 6.86031 1.05505</i>
                        <i>0.0107277 0.715398 0.698635 -0.999656 -0.00905581 0.0246231 0.023942 -0.698658 0.715055 2.90996 6.85737 1.05712</i>
                        <i>0.0110425 0.712121 0.70197 -0.999653 -0.00891905 0.0247733 0.0239025 -0.702 0.711775 2.90999 6.8552 1.05958</i>
                        <i>0.011422 0.708131 0.705988 -0.99965 -0.0087591 0.0249588 0.023858 -0.706026 0.707784 2.91004 6.85402 1.06242</i>
                        <i>0.0118665 0.703454 0.710642 -0.999646 -0.00857611 0.0251817 0.0238087 -0.710689 0.703103 2.91008 6.85403 1.06558</i>
                    </KeyFrames>
                </p>
            </i>
            <i>
                <p>
                    <Name><![CDATA[head]]></Name>
                    <Exclude>0</Exclude>
                    <Additive>0</Additive>
                    <IKPriority>0</IKPriority>
                    <IKRotLimits>-1e+010 -1e+010 -1e+010 1e+010 1e+010 1e+010</IKRotLimits>
                    <IKRotLimitOrder>0</IKRotLimitOrder>
                    <KeyFrames count="30">
                        <i>-0.0289015 0.985065 0.169742 0.0542681 0.171108 -0.983757 -0.998108 -0.0192205 -0.0584028 2.911 7.0422 1.24404</i>
                        <i>-0.028132 0.986358 0.16219 0.0545362 0.163527 -0.98503 -0.998115 -0.0188656 -0.0583926 2.91112 7.04186 1.24802</i>
                        <i>-0.0272673 0.987747 0.153661 0.0548255 0.154964 -0.986398 -0.998124 -0.0184718 -0.0583792 2.91124 7.04176 1.25192</i>
                        <i>-0.0263517 0.989184 0.144292 0.0551242 0.14556 -0.987812 -0.998132 -0.0180766 -0.0583638 2.91135 7.04198 1.25551</i>
                        <i>-0.0254303 0.990625 0.134224 0.0554228 0.135458 -0.989232 -0.998139 -0.0177174 -0.0583479 2.91144 7.04264 1.25858</i>
                        <i>-0.0245481 0.992029 0.123598 0.0557145 0.124801 -0.990616 -0.998145 -0.0174315 -0.058334 2.91151 7.04384 1.26092</i>
                        <i>-0.0237506 0.993361 0.112557 0.0559955 0.113734 -0.991932 -0.998149 -0.0172563 -0.058325 2.91156 7.04568 1.26233</i>
                        <i>-0.0230835 0.994594 0.101243 0.0562639 0.102402 -0.993151 -0.998149 -0.0172291 -0.0583235 2.91157 7.04828 1.26258</i>
                        <i>-0.0225762 0.995624 0.0906861 0.0565023 0.0918349 -0.99417 -0.998147 -0.0173206 -0.0583283 2.91154 7.0515 1.26177</i>
                        <i>-0.0222543 0.996371 0.0821578 0.0566885 0.0833036 -0.994911 -0.998144 -0.0174836 -0.0583366 2.91149 7.05509 1.26011</i>
                        <i>-0.0221518 0.996823 0.0765045 0.0568075 0.0776547 -0.995361 -0.998139 -0.017703 -0.0583472 2.91142 7.05888 1.25775</i>
                        <i>-0.0222527 0.997017 0.0739001 0.0568577 0.0750609 -0.995557 -0.998134 -0.017952 -0.0583584 2.91134 7.06263 1.25493</i>
                        <i>-0.0225083 0.997033 0.0736153 0.056855 0.0747914 -0.995577 -0.998129 -0.0182233 -0.0583698 2.91124 7.06621 1.25177</i>
                        <i>-0.0228987 0.996888 0.0754265 0.0568028 0.0766217 -0.995441 -0.998123 -0.0185098 -0.0583806 2.91114 7.06946 1.24837</i>
                        <i>-0.0234035 0.996591 0.079109 0.056704 0.0803266 -0.995154 -0.998117 -0.0188043 -0.0583906 2.91104 7.07224 1.24486</i>
                        <i>-0.0240024 0.99614 0.0844378 0.0565614 0.0856799 -0.994716 -0.998111 -0.0190996 -0.0583995 2.91093 7.07443 1.24134</i>
                        <i>-0.0246745 0.995528 0.091187 0.0563779 0.0924554 -0.994119 -0.998105 -0.0193885 -0.0584071 2.91083 7.07588 1.23794</i>
                        <i>-0.0253993 0.99475 0.0991306 0.0561574 0.100426 -0.993358 -0.998099 -0.0196637 -0.0584133 2.91074 7.0763 1.23477</i>
                        <i>-0.0261561 0.993802 0.108042 0.0559041 0.109364 -0.992428 -0.998093 -0.0199181 -0.0584181 2.91066 7.0756 1.23197</i>
                        <i>-0.0269245 0.992685 0.117696 0.0556234 0.119044 -0.99133 -0.998089 -0.0201444 -0.0584217 2.91059 7.0739 1.22964</i>
                        <i>-0.0276841 0.991405 0.127865 0.0553218 0.129237 -0.990069 -0.998085 -0.0203354 -0.0584241 2.91054 7.07137 1.22793</i>
                        <i>-0.028415 0.989979 0.138325 0.0550068 0.139719 -0.988662 -0.998082 -0.020484 -0.0584257 2.91052 7.06814 1.22695</i>
                        <i>-0.0290486 0.988547 0.148091 0.0547103 0.149504 -0.987246 -0.99808 -0.020576 -0.0584266 2.91051 7.0644 1.22677</i>
                        <i>-0.0295271 0.987269 0.156294 0.0544632 0.157719 -0.985981 -0.998079 -0.0206009 -0.0584268 2.91052 7.06038 1.22733</i>
                        <i>-0.0298465 0.986194 0.162883 0.0542715 0.164314 -0.984914 -0.99808 -0.0205564 -0.0584264 2.91056 7.05628 1.2286</i>
                        <i>-0.0300029 0.985364 0.167805 0.0541402 0.169236 -0.984087 -0.998083 -0.0204405 -0.0584253 2.91061 7.05233 1.23054</i>
                        <i>-0.0299916 0.984813 0.171007 0.0540728 0.172432 -0.983536 -0.998087 -0.020251 -0.0584231 2.91068 7.04874 1.23309</i>
                        <i>-0.0298079 0.98457 0.172434 0.0540716 0.173847 -0.983287 -0.998092 -0.019986 -0.0584193 2.91077 7.04571 1.23623</i>
                        <i>-0.0294465 0.984651 0.172032 0.0541371 0.173425 -0.983358 -0.998099 -0.0196431 -0.0584129 2.91088 7.04347 1.23989</i>
                        <i>-0.0289015 0.985065 0.169742 0.0542681 0.171108 -0.983757 -0.998108 -0.0192205 -0.0584028 2.911 7.0422 1.24404</i>
                    </KeyFrames>
                </p>
            </i>
            <i>
                <p>
                    <Name><![CDATA[head_prop]]></Name>
                    <Exclude>0</Exclude>
                    <Additive>0</Additive>
                    <IKPriority>0</IKPriority>
                    <IKRotLimits>-1e+010 -1e+010 -1e+010 1e+010 1e+010 1e+010</IKRotLimits>
                    <IKRotLimitOrder>0</IKRotLimitOrder>
                    <KeyFrames count="30">
                        <i>0.998108 0.0192205 0.0584028 -0.0289015 0.985065 0.169742 -0.0542681 -0.171108 0.983757 2.90158 7.36324 1.29936</i>
                        <i>0.998115 0.0188656 0.0583926 -0.028132 0.986358 0.16219 -0.0545362 -0.163527 0.98503 2.90195 7.36332 1.30088</i>
                        <i>0.998124 0.0184718 0.0583792 -0.0272673 0.987747 0.153661 -0.0548255 -0.154964 0.986398 2.90235 7.36367 1.302</i>
                        <i>0.998132 0.0180766 0.0583638 -0.0263517 0.989184 0.144292 -0.0551242 -0.14556 0.987812 2.90276 7.36437 1.30253</i>
                        <i>0.998139 0.0177174 0.0583479 -0.0254303 0.990625 0.134224 -0.0554228 -0.135458 0.989232 2.90315 7.3655 1.30232</i>
                        <i>0.998145 0.0174315 0.058334 -0.0245481 0.992029 0.123598 -0.0557145 -0.124801 0.990616 2.90351 7.36715 1.3012</i>
                        <i>0.998149 0.0172563 0.058325 -0.0237506 0.993361 0.112557 -0.0559955 -0.113734 0.991932 2.90382 7.36943 1.29901</i>
                        <i>0.998149 0.0172291 0.0583235 -0.0230835 0.994594 0.101243 -0.0562639 -0.102402 0.993151 2.90405 7.37243 1.29558</i>
                        <i>0.998147 0.0173206 0.0583283 -0.0225762 0.995624 0.0906861 -0.0565023 -0.0918349 0.99417 2.90419 7.37598 1.29133</i>
                        <i>0.998144 0.0174836 0.0583366 -0.0222543 0.996371 0.0821578 -0.0566885 -0.0833036 0.994911 2.90424 7.37982 1.28688</i>
                        <i>0.998139 0.017703 0.0583472 -0.0221518 0.996823 0.0765045 -0.0568075 -0.0776547 0.995361 2.9042 7.38375 1.28268</i>
                        <i>0.998134 0.017952 0.0583584 -0.0222527 0.997017 0.0739001 -0.0568577 -0.0750609 0.995557 2.90408 7.38757 1.27901</i>
                        <i>0.998129 0.0182233 0.0583698 -0.0225083 0.997033 0.0736153 -0.056855 -0.0747914 0.995577 2.90391 7.39115 1.27576</i>
                        <i>0.998123 0.0185098 0.0583806 -0.0228987 0.996888 0.0754265 -0.0568028 -0.0766217 0.995441 2.90368 7.39435 1.27296</i>
                        <i>0.998117 0.0188043 0.0583906 -0.0234035 0.996591 0.079109 -0.056704 -0.0803266 0.995154 2.90341 7.39704 1.27064</i>
                        <i>0.998111 0.0190996 0.0583995 -0.0240024 0.99614 0.0844378 -0.0565614 -0.0856799 0.994716 2.90311 7.39908 1.26886</i>
                        <i>0.998105 0.0193885 0.0584071 -0.0246745 0.995528 0.091187 -0.0563779 -0.0924554 0.994119 2.90279 7.40033 1.26766</i>
                        <i>0.998099 0.0196637 0.0584133 -0.0253993 0.99475 0.0991306 -0.0561574 -0.100426 0.993358 2.90246 7.4005 1.26708</i>
                        <i>0.998093 0.0199181 0.0584181 -0.0261561 0.993802 0.108042 -0.0559041 -0.109364 0.992428 2.90214 7.39949 1.26718</i>
                        <i>0.998089 0.0201444 0.0584217 -0.0269245 0.992685 0.117696 -0.0556234 -0.119044 0.99133 2.90182 7.39742 1.268</i>
                        <i>0.998085 0.0203354 0.0584241 -0.0276841 0.991405 0.127865 -0.0553218 -0.129237 0.990069 2.90152 7.39447 1.2696</i>
                        <i>0.998082 0.020484 0.0584257 -0.028415 0.989979 0.138325 -0.0550068 -0.139719 0.988662 2.90125 7.39078 1.27203</i>
                        <i>0.99808 0.020576 0.0584266 -0.0290486 0.988547 0.148091 -0.0547103 -0.149504 0.987246 2.90104 7.38658 1.27503</i>
                        <i>0.998079 0.0206009 0.0584268 -0.0295271 0.987269 0.156294 -0.0544632 -0.157719 0.985981 2.9009 7.38214 1.27827</i>
                        <i>0.99808 0.0205564 0.0584264 -0.0298465 0.986194 0.162883 -0.0542715 -0.164314 0.984914 2.90083 7.37769 1.28169</i>
                        <i>0.998083 0.0204405 0.0584253 -0.0300029 0.985364 0.167805 -0.0541402 -0.169236 0.984087 2.90083 7.37347 1.28523</i>
                        <i>0.998087 0.020251 0.0584231 -0.0299916 0.984813 0.171007 -0.0540728 -0.172432 0.983536 2.90091 7.3697 1.28883</i>
                        <i>0.998092 0.019986 0.0584193 -0.0298079 0.98457 0.172434 -0.0540716 -0.173847 0.983287 2.90106 7.36659 1.29242</i>
                        <i>0.998099 0.0196431 0.0584129 -0.0294465 0.984651 0.172032 -0.0541371 -0.173425 0.983358 2.90128 7.36437 1.29596</i>
                        <i>0.998108 0.0192205 0.0584028 -0.0289015 0.985065 0.169742 -0.0542681 -0.171108 0.983757 2.90158 7.36324 1.29936</i>
                    </KeyFrames>
                </p>
            </i>
            <i>
                <p>
                    <Name><![CDATA[l_clav]]></Name>
                    <Exclude>0</Exclude>
                    <Additive>0</Additive>
                    <IKPriority>0</IKPriority>
                    <IKRotLimits>-1e+010 -1e+010 -1e+010 1e+010 1e+010 1e+010</IKRotLimits>
                    <IKRotLimitOrder>0</IKRotLimitOrder>
                    <KeyFrames count="30">
                        <i>0.933015 0.356496 0.0489291 -0.324091 0.773438 0.544755 0.156359 -0.524122 0.837166 2.99868 6.87675 1.13111</i>
                        <i>0.936065 0.348943 0.0449498 -0.314859 0.773836 0.549583 0.156989 -0.528598 0.834229 2.99878 6.87694 1.13431</i>
                        <i>0.938544 0.342662 0.0414561 -0.306898 0.7735 0.554537 0.157952 -0.53318 0.831125 2.99887 6.87743 1.13733</i>
                        <i>0.940479 0.337675 0.0383997 -0.300271 0.772707 0.559251 0.159173 -0.537494 0.828109 2.99895 6.87825 1.14005</i>
                        <i>0.941897 0.333994 0.0357424 -0.295035 0.771743 0.563353 0.160572 -0.541166 0.825443 2.99902 6.87946 1.14233</i>
                        <i>0.94282 0.33162 0.033449 -0.291246 0.770897 0.566475 0.162069 -0.543826 0.8234 2.99907 6.88109 1.14404</i>
                        <i>0.943263 0.330552 0.0314816 -0.288959 0.770454 0.568245 0.163579 -0.545102 0.822257 2.99911 6.8832 1.14506</i>
                        <i>0.943237 0.330783 0.0297929 -0.288224 0.770696 0.568291 0.16502 -0.54462 0.822288 2.99911 6.88584 1.14526</i>
                        <i>0.942751 0.332269 0.0285979 -0.28907 0.771386 0.566924 0.166312 -0.542735 0.823273 2.9991 6.88892 1.14465</i>
                        <i>0.941809 0.334965 0.0281754 -0.291513 0.772142 0.564638 0.167379 -0.539995 0.824857 2.99906 6.89226 1.14334</i>
                        <i>0.940404 0.338848 0.0286651 -0.295581 0.772817 0.561592 0.168141 -0.536596 0.826918 2.999 6.89571 1.14146</i>
                        <i>0.938521 0.343893 0.0302536 -0.301294 0.773169 0.558061 0.168522 -0.532868 0.829248 2.99893 6.89909 1.1392</i>
                        <i>0.936113 0.350147 0.0330177 -0.308711 0.773084 0.554111 0.168495 -0.528904 0.831787 2.99886 6.90225 1.13663</i>
                        <i>0.933216 0.357429 0.0367747 -0.31756 0.77255 0.549839 0.168118 -0.524796 0.834461 2.99878 6.90507 1.13387</i>
                        <i>0.929943 0.365384 0.0412449 -0.327368 0.771627 0.545364 0.167442 -0.52066 0.837184 2.99869 6.90741 1.13101</i>
                        <i>0.92642 0.373652 0.0461592 -0.337667 0.770388 0.540817 0.166517 -0.51661 0.839873 2.99861 6.90916 1.12815</i>
                        <i>0.922791 0.381875 0.0512595 -0.347994 0.768925 0.536334 0.165398 -0.512763 0.842448 2.99853 6.91018 1.12539</i>
                        <i>0.919223 0.389691 0.0563001 -0.357893 0.767348 0.532061 0.164138 -0.509232 0.844832 2.99846 6.9102 1.12284</i>
                        <i>0.915899 0.396741 0.0610464 -0.366918 0.765785 0.528151 0.162791 -0.506132 0.846953 2.99839 6.90912 1.1206</i>
                        <i>0.913018 0.402663 0.0652735 -0.374626 0.76438 0.524766 0.16141 -0.503574 0.84874 2.99834 6.90709 1.11879</i>
                        <i>0.910793 0.407098 0.0687628 -0.380581 0.763285 0.522068 0.160047 -0.501665 0.850127 2.99831 6.90428 1.1175</i>
                        <i>0.909437 0.409684 0.0712982 -0.384347 0.762658 0.520222 0.15875 -0.500512 0.85105 2.99829 6.90084 1.11686</i>
                        <i>0.909161 0.41005 0.072696 -0.385485 0.762603 0.519459 0.157566 -0.500296 0.851397 2.99829 6.89697 1.11688</i>
                        <i>0.910158 0.407825 0.0727445 -0.383549 0.763232 0.519968 0.156535 -0.501154 0.851083 2.9983 6.89291 1.1175</i>
                        <i>0.912455 0.402937 0.0711883 -0.378355 0.764609 0.521748 0.155801 -0.503006 0.850124 2.99833 6.88888 1.11867</i>
                        <i>0.915761 0.395894 0.0681934 -0.370436 0.766501 0.524647 0.155434 -0.505712 0.848584 2.99838 6.88509 1.12035</i>
                        <i>0.919762 0.387204 0.0641153 -0.360415 0.768611 0.528524 0.155367 -0.509225 0.846494 2.99844 6.88177 1.12248</i>
                        <i>0.924155 0.377387 0.0593063 -0.348922 0.77065 0.533247 0.155536 -0.513496 0.843878 2.99851 6.87914 1.12501</i>
                        <i>0.928656 0.366972 0.0541222 -0.336597 0.772342 0.538694 0.155884 -0.518479 0.840762 2.99859 6.87739 1.12791</i>
                        <i>0.933015 0.356496 0.0489291 -0.324091 0.773438 0.544755 0.156359 -0.524122 0.837166 2.99868 6.87675 1.13111</i>
                    </KeyFrames>
                </p>
            </i>
            <i>
                <p>
                    <Name><![CDATA[l_shoulder]]></Name>
                    <Exclude>0</Exclude>
                    <Additive>0</Additive>
                    <IKPriority>0</IKPriority>
                    <IKRotLimits>-1e+010 -1e+010 -1e+010 1e+010 1e+010 1e+010</IKRotLimits>
                    <IKRotLimitOrder>0</IKRotLimitOrder>
                    <KeyFrames count="30">
                        <i>0.558896 -0.799883 -0.218685 0.767028 0.398449 0.502898 -0.315125 -0.448805 0.836224 3.18303 6.94719 1.14078</i>
                        <i>0.56182 -0.795491 -0.22705 0.766326 0.397069 0.505055 -0.311613 -0.457744 0.832687 3.18372 6.94588 1.14319</i>
                        <i>0.564372 -0.791341 -0.235082 0.765683 0.395348 0.507375 -0.308567 -0.466347 0.82904 3.1843 6.94513 1.14552</i>
                        <i>0.566566 -0.787537 -0.242462 0.76511 0.393522 0.509654 -0.305958 -0.474263 0.825509 3.18477 6.94497 1.14764</i>
                        <i>0.568413 -0.784202 -0.248865 0.764615 0.391829 0.511697 -0.303762 -0.481141 0.822333 3.18512 6.94545 1.14939</i>
                        <i>0.569921 -0.781468 -0.253965 0.764206 0.390515 0.51331 -0.301958 -0.486628 0.819765 3.18536 6.94661 1.15065</i>
                        <i>0.571098 -0.779472 -0.257429 0.76389 0.389828 0.514301 -0.300531 -0.490364 0.818061 3.18548 6.94851 1.15128</i>
                        <i>0.57195 -0.778354 -0.258918 0.763671 0.39002 0.514481 -0.299465 -0.491985 0.817478 3.18548 6.9512 1.15115</i>
                        <i>0.572464 -0.778022 -0.258781 0.763569 0.39087 0.513988 -0.298745 -0.491836 0.817832 3.18536 6.95457 1.1503</i>
                        <i>0.572623 -0.778315 -0.257542 0.763602 0.392031 0.513052 -0.298352 -0.490445 0.81881 3.18514 6.95844 1.14891</i>
                        <i>0.572419 -0.779179 -0.255374 0.763784 0.393386 0.511744 -0.298279 -0.487983 0.820306 3.1848 6.96266 1.14713</i>
                        <i>0.57184 -0.780518 -0.252566 0.764123 0.394736 0.510196 -0.29852 -0.484742 0.822138 3.18437 6.96703 1.14517</i>
                        <i>0.570863 -0.782333 -0.249138 0.764623 0.396024 0.508445 -0.299109 -0.480749 0.824266 3.18381 6.97143 1.14316</i>
                        <i>0.569535 -0.784559 -0.245146 0.765251 0.39724 0.506548 -0.300035 -0.476095 0.826627 3.18316 6.97569 1.14114</i>
                        <i>0.567951 -0.787073 -0.240723 0.765957 0.398393 0.504572 -0.301233 -0.470955 0.829132 3.18243 6.9796 1.13916</i>
                        <i>0.566205 -0.789754 -0.236011 0.766699 0.399485 0.502577 -0.302629 -0.465511 0.831694 3.18165 6.98298 1.13727</i>
                        <i>0.564389 -0.79248 -0.231173 0.767438 0.400517 0.500625 -0.304147 -0.459958 0.834226 3.18085 6.98563 1.13552</i>
                        <i>0.562593 -0.795133 -0.226391 0.76814 0.401483 0.498771 -0.305697 -0.454505 0.836645 3.18008 6.98719 1.13396</i>
                        <i>0.560909 -0.797593 -0.22187 0.768777 0.402372 0.49707 -0.307185 -0.44938 0.838866 3.17935 6.9875 1.13266</i>
                        <i>0.559429 -0.799742 -0.217836 0.769327 0.403168 0.495571 -0.308505 -0.444824 0.840807 3.17873 6.98665 1.13169</i>
                        <i>0.558247 -0.80146 -0.21453 0.769768 0.403854 0.494327 -0.309544 -0.441094 0.842388 3.17826 6.98471 1.13109</i>
                        <i>0.557151 -0.803069 -0.211335 0.770078 0.404427 0.493374 -0.310744 -0.437629 0.843753 3.17797 6.98178 1.13095</i>
                        <i>0.556033 -0.804708 -0.208019 0.770238 0.404826 0.492798 -0.312347 -0.434237 0.844913 3.17792 6.97799 1.13125</i>
                        <i>0.55515 -0.806005 -0.205341 0.770226 0.40499 0.492682 -0.313943 -0.431671 0.845636 3.17813 6.97348 1.13187</i>
                        <i>0.554686 -0.806729 -0.203744 0.770018 0.404918 0.493066 -0.315271 -0.430383 0.845798 3.17861 6.96849 1.13274</i>
                        <i>0.554652 -0.806843 -0.203385 0.76963 0.404553 0.49397 -0.316276 -0.430513 0.845357 3.17931 6.96331 1.13382</i>
                        <i>0.555055 -0.806288 -0.204484 0.769098 0.403814 0.495402 -0.316863 -0.432243 0.844253 3.18016 6.95828 1.13514</i>
                        <i>0.555902 -0.804996 -0.207255 0.768456 0.402616 0.497368 -0.316936 -0.435754 0.842419 3.1811 6.9537 1.13673</i>
                        <i>0.557186 -0.802892 -0.211915 0.767749 0.400863 0.499869 -0.316392 -0.441218 0.839775 3.18207 6.9499 1.1386</i>
                        <i>0.558896 -0.799883 -0.218685 0.767028 0.398449 0.502898 -0.315125 -0.448805 0.836224 3.18303 6.94719 1.14078</i>
                    </KeyFrames>
                </p>
            </i>
            <i>
                <p>
                    <Name><![CDATA[l_elbow]]></Name>
                    <Exclude>0</Exclude>
                    <Additive>0</Additive>
                    <IKPriority>0</IKPriority>
                    <IKRotLimits>-1e+010 -1e+010 -1e+010 1e+010 1e+010 1e+010</IKRotLimits>
                    <IKRotLimitOrder>0</IKRotLimitOrder>
                    <KeyFrames count="30">
                        <i>0.189819 -0.890723 0.413015 0.766192 0.397429 0.504975 -0.613937 0.220595 0.757905 3.36482 6.687 1.06965</i>
                        <i>0.184989 -0.89033 0.416042 0.765499 0.396026 0.507124 -0.616271 0.224667 0.754807 3.36647 6.68713 1.06933</i>
                        <i>0.180863 -0.890439 0.41762 0.764864 0.394284 0.509435 -0.618282 0.227284 0.752376 3.36788 6.68772 1.06906</i>
                        <i>0.177419 -0.890853 0.418215 0.764297 0.392437 0.511707 -0.619978 0.228854 0.750502 3.36906 6.6888 1.06877</i>
                        <i>0.17464 -0.891369 0.418285 0.763807 0.390726 0.513742 -0.621369 0.229769 0.749071 3.37001 6.69036 1.06844</i>
                        <i>0.172515 -0.891784 0.418281 0.763403 0.389398 0.515349 -0.622458 0.230412 0.747968 3.37074 6.69242 1.06804</i>
                        <i>0.171039 -0.891896 0.418649 0.763091 0.388702 0.516337 -0.623248 0.231153 0.747081 3.37124 6.69497 1.06755</i>
                        <i>0.170211 -0.891502 0.419825 0.762874 0.388889 0.516515 -0.623739 0.232357 0.746297 3.37152 6.69802 1.06693</i>
