<?xml version="1.0" encoding="ISO-8859-1" ?>
<Animl Version="1">
    <ModellingPackage><![CDATA[Maya.2010]]></ModellingPackage>
    <SrcFile><![CDATA[anims\turrets\artillery\blue\~src\artillery_m270\artillery_m270_idle_crewman_c.mb]]></SrcFile>
    <FramesPerSecond>30</FramesPerSecond>
    <TotalFrames>60</TotalFrames>
    <Skeleton>
        <RefFrame>
            <Name><![CDATA[soldier_ref_frame]]></Name>
            <Exclude>0</Exclude>
            <Additive>0</Additive>
            <IKPriority>0</IKPriority>
            <IKRotLimits>-1e+010 -1e+010 -1e+010 1e+010 1e+010 1e+010</IKRotLimits>
            <IKRotLimitOrder>0</IKRotLimitOrder>
            <KeyFrames count="60">
                <i>1 0 0 0 1 0 0 0 1 2.22 5.41 1.52</i>
                <i>1 0 0 0 1 0 0 0 1 2.22 5.41 1.52</i>
                <i>1 0 0 0 1 0 0 0 1 2.22 5.41 1.52</i>
                <i>1 0 0 0 1 0 0 0 1 2.22 5.41 1.52</i>
                <i>1 0 0 0 1 0 0 0 1 2.22 5.41 1.52</i>
                <i>1 0 0 0 1 0 0 0 1 2.22 5.41 1.52</i>
                <i>1 0 0 0 1 0 0 0 1 2.22 5.41 1.52</i>
                <i>1 0 0 0 1 0 0 0 1 2.22 5.41 1.52</i>
                <i>1 0 0 0 1 0 0 0 1 2.22 5.41 1.52</i>
                <i>1 0 0 0 1 0 0 0 1 2.22 5.41 1.52</i>
                <i>1 0 0 0 1 0 0 0 1 2.22 5.41 1.52</i>
                <i>1 0 0 0 1 0 0 0 1 2.22 5.41 1.52</i>
                <i>1 0 0 0 1 0 0 0 1 2.22 5.41 1.52</i>
                <i>1 0 0 0 1 0 0 0 1 2.22 5.41 1.52</i>
                <i>1 0 0 0 1 0 0 0 1 2.22 5.41 1.52</i>
                <i>1 0 0 0 1 0 0 0 1 2.22 5.41 1.52</i>
                <i>1 0 0 0 1 0 0 0 1 2.22 5.41 1.52</i>
                <i>1 0 0 0 1 0 0 0 1 2.22 5.41 1.52</i>
                <i>1 0 0 0 1 0 0 0 1 2.22 5.41 1.52</i>
                <i>1 0 0 0 1 0 0 0 1 2.22 5.41 1.52</i>
                <i>1 0 0 0 1 0 0 0 1 2.22 5.41 1.52</i>
                <i>1 0 0 0 1 0 0 0 1 2.22 5.41 1.52</i>
                <i>1 0 0 0 1 0 0 0 1 2.22 5.41 1.52</i>
                <i>1 0 0 0 1 0 0 0 1 2.22 5.41 1.52</i>
                <i>1 0 0 0 1 0 0 0 1 2.22 5.41 1.52</i>
                <i>1 0 0 0 1 0 0 0 1 2.22 5.41 1.52</i>
                <i>1 0 0 0 1 0 0 0 1 2.22 5.41 1.52</i>
                <i>1 0 0 0 1 0 0 0 1 2.22 5.41 1.52</i>
                <i>1 0 0 0 1 0 0 0 1 2.22 5.41 1.52</i>
                <i>1 0 0 0 1 0 0 0 1 2.22 5.41 1.52</i>
                <i>1 0 0 0 1 0 0 0 1 2.22 5.41 1.52</i>
                <i>1 0 0 0 1 0 0 0 1 2.22 5.41 1.52</i>
                <i>1 0 0 0 1 0 0 0 1 2.22 5.41 1.52</i>
                <i>1 0 0 0 1 0 0 0 1 2.22 5.41 1.52</i>
                <i>1 0 0 0 1 0 0 0 1 2.22 5.41 1.52</i>
                <i>1 0 0 0 1 0 0 0 1 2.22 5.41 1.52</i>
                <i>1 0 0 0 1 0 0 0 1 2.22 5.41 1.52</i>
                <i>1 0 0 0 1 0 0 0 1 2.22 5.41 1.52</i>
                <i>1 0 0 0 1 0 0 0 1 2.22 5.41 1.52</i>
                <i>1 0 0 0 1 0 0 0 1 2.22 5.41 1.52</i>
                <i>1 0 0 0 1 0 0 0 1 2.22 5.41 1.52</i>
                <i>1 0 0 0 1 0 0 0 1 2.22 5.41 1.52</i>
                <i>1 0 0 0 1 0 0 0 1 2.22 5.41 1.52</i>
                <i>1 0 0 0 1 0 0 0 1 2.22 5.41 1.52</i>
                <i>1 0 0 0 1 0 0 0 1 2.22 5.41 1.52</i>
                <i>1 0 0 0 1 0 0 0 1 2.22 5.41 1.52</i>
                <i>1 0 0 0 1 0 0 0 1 2.22 5.41 1.52</i>
                <i>1 0 0 0 1 0 0 0 1 2.22 5.41 1.52</i>
                <i>1 0 0 0 1 0 0 0 1 2.22 5.41 1.52</i>
                <i>1 0 0 0 1 0 0 0 1 2.22 5.41 1.52</i>
                <i>1 0 0 0 1 0 0 0 1 2.22 5.41 1.52</i>
                <i>1 0 0 0 1 0 0 0 1 2.22 5.41 1.52</i>
                <i>1 0 0 0 1 0 0 0 1 2.22 5.41 1.52</i>
                <i>1 0 0 0 1 0 0 0 1 2.22 5.41 1.52</i>
                <i>1 0 0 0 1 0 0 0 1 2.22 5.41 1.52</i>
                <i>1 0 0 0 1 0 0 0 1 2.22 5.41 1.52</i>
                <i>1 0 0 0 1 0 0 0 1 2.22 5.41 1.52</i>
                <i>1 0 0 0 1 0 0 0 1 2.22 5.41 1.52</i>
                <i>1 0 0 0 1 0 0 0 1 2.22 5.41 1.52</i>
                <i>1 0 0 0 1 0 0 0 1 2.22 5.41 1.52</i>
            </KeyFrames>
        </RefFrame>
        <Bones count="23">
            <i>
                <p>
                    <Name><![CDATA[pelvis]]></Name>
                    <Exclude>0</Exclude>
                    <Additive>0</Additive>
                    <IKPriority>0</IKPriority>
                    <IKRotLimits>-1e+010 -1e+010 -1e+010 1e+010 1e+010 1e+010</IKRotLimits>
                    <IKRotLimitOrder>2</IKRotLimitOrder>
                    <KeyFrames count="60">
                        <i>1 0 0 0 1 0 0 0 1 2.24429 6.00107 1.67587</i>
                        <i>1 0 0 0 1 0 0 0 1 2.24429 6.00087 1.67587</i>
                        <i>1 0 0 0 1 0 0 0 1 2.24429 6.00065 1.67587</i>
                        <i>1 0 0 0 1 0 0 0 1 2.24429 6.00042 1.67587</i>
                        <i>1 0 0 0 1 0 0 0 1 2.24429 6.00018 1.67587</i>
                        <i>1 0 0 0 1 0 0 0 1 2.24429 5.99994 1.67587</i>
                        <i>1 0 0 0 1 0 0 0 1 2.24429 5.99968 1.67587</i>
                        <i>1 0 0 0 1 0 0 0 1 2.24429 5.99942 1.67587</i>
                        <i>1 0 0 0 1 0 0 0 1 2.24429 5.99916 1.67587</i>
                        <i>1 0 0 0 1 0 0 0 1 2.24429 5.9989 1.67587</i>
                        <i>1 0 0 0 1 0 0 0 1 2.24429 5.99863 1.67587</i>
                        <i>1 0 0 0 1 0 0 0 1 2.24429 5.99837 1.67587</i>
                        <i>1 0 0 0 1 0 0 0 1 2.24429 5.99811 1.67587</i>
                        <i>1 0 0 0 1 0 0 0 1 2.24429 5.99785 1.67587</i>
                        <i>1 0 0 0 1 0 0 0 1 2.24429 5.99759 1.67587</i>
                        <i>1 0 0 0 1 0 0 0 1 2.24429 5.99734 1.67587</i>
                        <i>1 0 0 0 1 0 0 0 1 2.24429 5.9971 1.67587</i>
                        <i>1 0 0 0 1 0 0 0 1 2.24429 5.99687 1.67587</i>
                        <i>1 0 0 0 1 0 0 0 1 2.24429 5.99665 1.67587</i>
                        <i>1 0 0 0 1 0 0 0 1 2.24429 5.99644 1.67587</i>
                        <i>1 0 0 0 1 0 0 0 1 2.24429 5.99624 1.67587</i>
                        <i>1 0 0 0 1 0 0 0 1 2.24429 5.99606 1.67587</i>
                        <i>1 0 0 0 1 0 0 0 1 2.24429 5.9959 1.67587</i>
                        <i>1 0 0 0 1 0 0 0 1 2.24429 5.99575 1.67587</i>
                        <i>1 0 0 0 1 0 0 0 1 2.24429 5.99562 1.67587</i>
                        <i>1 0 0 0 1 0 0 0 1 2.24429 5.99551 1.67587</i>
                        <i>1 0 0 0 1 0 0 0 1 2.24429 5.99542 1.67587</i>
                        <i>1 0 0 0 1 0 0 0 1 2.24429 5.99536 1.67587</i>
                        <i>1 0 0 0 1 0 0 0 1 2.24429 5.99532 1.67587</i>
                        <i>1 0 0 0 1 0 0 0 1 2.24429 5.99531 1.67587</i>
                        <i>1 0 0 0 1 0 0 0 1 2.24429 5.99533 1.67587</i>
                        <i>1 0 0 0 1 0 0 0 1 2.24429 5.9954 1.67587</i>
                        <i>1 0 0 0 1 0 0 0 1 2.24429 5.99552 1.67587</i>
                        <i>1 0 0 0 1 0 0 0 1 2.24429 5.99568 1.67587</i>
                        <i>1 0 0 0 1 0 0 0 1 2.24429 5.99587 1.67587</i>
                        <i>1 0 0 0 1 0 0 0 1 2.24429 5.9961 1.67587</i>
                        <i>1 0 0 0 1 0 0 0 1 2.24429 5.99635 1.67587</i>
                        <i>1 0 0 0 1 0 0 0 1 2.24429 5.99663 1.67587</i>
                        <i>1 0 0 0 1 0 0 0 1 2.24429 5.99693 1.67587</i>
                        <i>1 0 0 0 1 0 0 0 1 2.24429 5.99724 1.67587</i>
                        <i>1 0 0 0 1 0 0 0 1 2.24429 5.99757 1.67587</i>
                        <i>1 0 0 0 1 0 0 0 1 2.24429 5.99791 1.67587</i>
                        <i>1 0 0 0 1 0 0 0 1 2.24429 5.99825 1.67587</i>
                        <i>1 0 0 0 1 0 0 0 1 2.24429 5.99859 1.67587</i>
                        <i>1 0 0 0 1 0 0 0 1 2.24429 5.99893 1.67587</i>
                        <i>1 0 0 0 1 0 0 0 1 2.24429 5.99927 1.67587</i>
                        <i>1 0 0 0 1 0 0 0 1 2.24429 5.99959 1.67587</i>
                        <i>1 0 0 0 1 0 0 0 1 2.24429 5.9999 1.67587</i>
                        <i>1 0 0 0 1 0 0 0 1 2.24429 6.00019 1.67587</i>
                        <i>1 0 0 0 1 0 0 0 1 2.24429 6.00046 1.67587</i>
                        <i>1 0 0 0 1 0 0 0 1 2.24429 6.0007 1.67587</i>
                        <i>1 0 0 0 1 0 0 0 1 2.24429 6.00092 1.67587</i>
                        <i>1 0 0 0 1 0 0 0 1 2.24429 6.00109 1.67587</i>
                        <i>1 0 0 0 1 0 0 0 1 2.24429 6.00124 1.67587</i>
                        <i>1 0 0 0 1 0 0 0 1 2.24429 6.00133 1.67587</i>
                        <i>1 0 0 0 1 0 0 0 1 2.24429 6.00139 1.67587</i>
                        <i>1 0 0 0 1 0 0 0 1 2.24429 6.00139 1.67587</i>
                        <i>1 0 0 0 1 0 0 0 1 2.24429 6.00134 1.67587</i>
                        <i>1 0 0 0 1 0 0 0 1 2.24429 6.00124 1.67587</i>
                        <i>1 0 0 0 1 0 0 0 1 2.24429 6.00107 1.67587</i>
                    </KeyFrames>
                </p>
            </i>
            <i>
                <p>
                    <Name><![CDATA[spine0]]></Name>
                    <Exclude>0</Exclude>
                    <Additive>0</Additive>
                    <IKPriority>0</IKPriority>
                    <IKRotLimits>-1e+010 -1e+010 -1e+010 1e+010 1e+010 1e+010</IKRotLimits>
                    <IKRotLimitOrder>0</IKRotLimitOrder>
                    <KeyFrames count="60">
                        <i>0.0147872 0.985642 0.168198 -0.991052 -0.00786974 0.133246 0.132656 -0.168663 0.976706 2.23462 6.14208 1.64905</i>
                        <i>0.0149522 0.985417 0.169497 -0.991018 -0.00792478 0.133496 0.132892 -0.16997 0.976448 2.23475 6.14207 1.65005</i>
                        <i>0.015096 0.985219 0.17063 -0.990985 -0.00797673 0.133732 0.133116 -0.171111 0.976218 2.23486 6.14203 1.651</i>
                        <i>0.0152181 0.985049 0.171599 -0.990955 -0.00802591 0.133954 0.133329 -0.172085 0.976018 2.23497 6.14196 1.6519</i>
                        <i>0.0153178 0.984908 0.172402 -0.990927 -0.00807267 0.134161 0.133528 -0.172893 0.975847 2.23507 6.14187 1.65273</i>
                        <i>0.0153946 0.984794 0.17304 -0.9909 -0.00811743 0.134353 0.133715 -0.173534 0.975708 2.23516 6.14176 1.65351</i>
                        <i>0.0154475 0.98471 0.173513 -0.990876 -0.00816063 0.134528 0.133887 -0.174008 0.9756 2.23525 6.14162 1.65422</i>
                        <i>0.0154759 0.984656 0.17382 -0.990854 -0.00820277 0.134686 0.134046 -0.174315 0.975523 2.23533 6.14146 1.65486</i>
                        <i>0.0154786 0.984631 0.17396 -0.990835 -0.00824438 0.134827 0.134189 -0.174453 0.975479 2.2354 6.14129 1.65544</i>
                        <i>0.0154549 0.984637 0.173931 -0.990818 -0.00828602 0.134948 0.134316 -0.17442 0.975468 2.23546 6.1411 1.65594</i>
                        <i>0.0154035 0.984672 0.173732 -0.990804 -0.00832826 0.13505 0.134427 -0.174215 0.975489 2.23551 6.1409 1.65637</i>
                        <i>0.0153236 0.984739 0.173361 -0.990792 -0.00837168 0.135131 0.13452 -0.173835 0.975544 2.23556 6.14068 1.65672</i>
                        <i>0.0152142 0.984837 0.172816 -0.990784 -0.00841688 0.135191 0.134596 -0.17328 0.975632 2.23559 6.14046 1.65699</i>
                        <i>0.0150832 0.984956 0.172148 -0.990778 -0.00846273 0.13523 0.134652 -0.1726 0.975745 2.23561 6.14022 1.65718</i>
                        <i>0.0149417 0.985084 0.171425 -0.990775 -0.00850758 0.135246 0.134687 -0.171864 0.97587 2.23563 6.13998 1.65728</i>
                        <i>0.0147922 0.98522 0.170652 -0.990776 -0.0085496 0.13524 0.134701 -0.171078 0.976006 2.23563 6.13974 1.65729</i>
                        <i>0.0146373 0.985365 0.16983 -0.990779 -0.00858642 0.135212 0.134692 -0.170243 0.976153 2.23562 6.13949 1.65721</i>
                        <i>0.0144802 0.985514 0.168975 -0.990786 -0.00861688 0.135161 0.134659 -0.169375 0.976309 2.2356 6.13923 1.65703</i>
                        <i>0.0143241 0.985666 0.168101 -0.990796 -0.00863975 0.135087 0.134603 -0.168488 0.97647 2.23556 6.13897 1.65676</i>
                        <i>0.0141726 0.985817 0.167223 -0.990809 -0.00865377 0.134989 0.134522 -0.1676 0.976634 2.23552 6.13871 1.65639</i>
                        <i>0.0140217 0.985973 0.166317 -0.990826 -0.00865919 0.134868 0.134416 -0.166682 0.976806 2.23546 6.13844 1.65591</i>
                        <i>0.0138645 0.986139 0.165338 -0.990846 -0.00865691 0.134721 0.134285 -0.165693 0.976992 2.23539 6.13817 1.65533</i>
                        <i>0.0136998 0.986319 0.164275 -0.990869 -0.0086464 0.134548 0.134127 -0.164618 0.977195 2.2353 6.1379 1.65464</i>
                        <i>0.0135286 0.986512 0.163131 -0.990896 -0.00862761 0.13435 0.133945 -0.163464 0.977414 2.23521 6.13762 1.65385</i>
                        <i>0.0133531 0.986713 0.161921 -0.990926 -0.00860083 0.134131 0.133741 -0.162243 0.977645 2.2351 6.13735 1.65297</i>
                        <i>0.0131757 0.986922 0.160658 -0.990959 -0.0085663 0.133893 0.133518 -0.160969 0.977886 2.23498 6.13707 1.65201</i>
                        <i>0.0129987 0.987135 0.159358 -0.990993 -0.00852435 0.133638 0.133278 -0.159659 0.978134 2.23486 6.1368 1.65098</i>
                        <i>0.0128242 0.98735 0.158035 -0.99103 -0.0084753 0.133371 0.133023 -0.158327 0.978385 2.23473 6.13653 1.64989</i>
                        <i>0.0126544 0.987565 0.156704 -0.991068 -0.00841952 0.133093 0.132757 -0.156988 0.978637 2.23459 6.13627 1.64877</i>
                        <i>0.0124914 0.987776 0.15538 -0.991107 -0.00835746 0.132807 0.132483 -0.155657 0.978887 2.23445 6.13602 1.64761</i>
                        <i>0.0123371 0.987982 0.154077 -0.991146 -0.00828961 0.132517 0.132202 -0.154348 0.979132 2.23431 6.13579 1.64643</i>
                        <i>0.0121932 0.98818 0.15281 -0.991186 -0.00821657 0.132224 0.131917 -0.153076 0.97937 2.23417 6.1356 1.64525</i>
                        <i>0.0120613 0.98837 0.151592 -0.991225 -0.00813902 0.131932 0.131631 -0.151853 0.979599 2.23403 6.13545 1.64407</i>
                        <i>0.0119427 0.988548 0.150436 -0.991264 -0.00805769 0.131643 0.131347 -0.150694 0.979816 2.23389 6.13532 1.64291</i>
                        <i>0.0118384 0.988713 0.149353 -0.991303 -0.00797343 0.13136 0.131068 -0.149609 0.98002 2.23376 6.13524 1.64177</i>
                        <i>0.0117495 0.988864 0.148354 -0.99134 -0.00788717 0.131085 0.130796 -0.14861 0.980208 2.23363 6.13518 1.64068</i>
                        <i>0.0116764 0.989001 0.14745 -0.991375 -0.00779991 0.130823 0.130534 -0.147706 0.980379 2.23351 6.13515 1.63963</i>
                        <i>0.0116197 0.98912 0.146649 -0.991408 -0.00771275 0.130575 0.130285 -0.146906 0.980533 2.23339 6.13516 1.63865</i>
                        <i>0.0115794 0.989223 0.145959 -0.991439 -0.00762683 0.130345 0.130053 -0.146219 0.980666 2.23328 6.13521 1.63774</i>
                        <i>0.0115558 0.989307 0.145387 -0.991468 -0.00754335 0.130135 0.12984 -0.14565 0.980779 2.23319 6.13529 1.63692</i>
                        <i>0.0115488 0.989373 0.14494 -0.991493 -0.00746361 0.129949 0.12965 -0.145208 0.98087 2.2331 6.1354 1.63619</i>
                        <i>0.0115585 0.989418 0.144629 -0.991514 -0.00738915 0.129789 0.129485 -0.144902 0.980937 2.23303 6.13555 1.63557</i>
                        <i>0.0115852 0.989442 0.144464 -0.991531 -0.00732144 0.12966 0.129349 -0.144743 0.980978 2.23297 6.13574 1.63507</i>
                        <i>0.0116291 0.989443 0.144454 -0.991544 -0.00726198 0.129564 0.129245 -0.14474 0.980992 2.23293 6.13597 1.63469</i>
                        <i>0.0116905 0.98942 0.144611 -0.991553 -0.00721219 0.129504 0.129177 -0.144903 0.980977 2.2329 6.13624 1.63446</i>
                        <i>0.0117772 0.98936 0.145013 -0.991554 -0.00717736 0.129497 0.12916 -0.145313 0.980919 2.2329 6.13656 1.63443</i>
                        <i>0.0118939 0.989256 0.145712 -0.991547 -0.00716094 0.129553 0.129204 -0.146021 0.980808 2.23292 6.13695 1.63464</i>
                        <i>0.0120372 0.989111 0.146675 -0.991532 -0.00716141 0.129666 0.129304 -0.146994 0.980649 2.23297 6.13739 1.63506</i>
                        <i>0.0122043 0.988931 0.147873 -0.99151 -0.00717715 0.12983 0.129454 -0.148202 0.980448 2.23304 6.13787 1.63569</i>
                        <i>0.0123924 0.988718 0.149278 -0.991483 -0.00720644 0.130039 0.129647 -0.149618 0.980207 2.23314 6.13837 1.63648</i>
                        <i>0.0125991 0.988474 0.150863 -0.99145 -0.00724752 0.130286 0.129878 -0.151215 0.979932 2.23325 6.13889 1.63743</i>
                        <i>0.0128218 0.988205 0.152599 -0.991413 -0.00729863 0.130566 0.13014 -0.152963 0.979625 2.23337 6.13941 1.63851</i>
                        <i>0.0130579 0.987913 0.154458 -0.991372 -0.00735799 0.130872 0.130427 -0.154834 0.979293 2.23351 6.13991 1.63969</i>
                        <i>0.0133043 0.987603 0.15641 -0.991328 -0.00742388 0.131199 0.130733 -0.156799 0.97894 2.23366 6.14039 1.64096</i>
                        <i>0.0135578 0.987278 0.158424 -0.991283 -0.00749466 0.131539 0.131053 -0.158826 0.97857 2.23382 6.14083 1.64229</i>
                        <i>0.0138147 0.986945 0.160466 -0.991236 -0.00756873 0.131888 0.13138 -0.160882 0.97819 2.23398 6.14122 1.64366</i>
                        <i>0.0140708 0.986608 0.162502 -0.991188 -0.00764461 0.132238 0.13171 -0.162931 0.977807 2.23414 6.14155 1.64504</i>
                        <i>0.0143216 0.986274 0.164495 -0.991141 -0.00772092 0.132586 0.132036 -0.164936 0.977426 2.23431 6.14181 1.64642</i>
                        <i>0.0145622 0.98595 0.166407 -0.991096 -0.00779635 0.132923 0.132353 -0.16686 0.977057 2.23447 6.14199 1.64776</i>
                        <i>0.0147872 0.985642 0.168198 -0.991052 -0.00786974 0.133246 0.132656 -0.168663 0.976706 2.23462 6.14208 1.64905</i>
                    </KeyFrames>
                </p>
            </i>
            <i>
                <p>
                    <Name><![CDATA[spine1]]></Name>
                    <Exclude>0</Exclude>
                    <Additive>0</Additive>
                    <IKPriority>0</IKPriority>
                    <IKRotLimits>-1e+010 -1e+010 -1e+010 1e+010 1e+010 1e+010</IKRotLimits>
                    <IKRotLimitOrder>0</IKRotLimitOrder>
                    <KeyFrames count="60">
                        <i>0.0983631 0.915377 0.390396 -0.985842 0.0361 0.163745 0.135795 -0.400975 0.905968 2.23717 6.31202 1.67805</i>
                        <i>0.0977335 0.917558 0.385402 -0.985788 0.0360867 0.16407 0.136636 -0.39596 0.908045 2.23732 6.3119 1.67926</i>
                        <i>0.0970915 0.919676 0.380484 -0.985738 0.0360602 0.164377 0.137454 -0.391018 0.910061 2.23746 6.31179 1.6804</i>
                        <i>0.0964423 0.921724 0.375663 -0.985691 0.0360229 0.164667 0.138245 -0.386169 0.91201 2.23759 6.31171 1.68146</i>
                        <i>0.0957907 0.923696 0.370958 -0.985648 0.0359769 0.164936 0.139005 -0.381434 0.913885 2.23771 6.31163 1.68244</i>
                        <i>0.0951413 0.925586 0.366386 -0.985608 0.0359245 0.165183 0.139729 -0.376829 0.915683 2.23782 6.31156 1.68334</i>
                        <i>0.0944984 0.927391 0.361962 -0.985573 0.0358679 0.165408 0.140415 -0.372371 0.9174 2.23791 6.31149 1.68414</i>
                        <i>0.0938658 0.929108 0.357699 -0.985541 0.0358091 0.165609 0.14106 -0.368072 0.919035 2.238 6.31141 1.68486</i>
                        <i>0.0932471 0.930735 0.353606 -0.985514 0.0357504 0.165784 0.141659 -0.363943 0.920586 2.23807 6.31132 1.68547</i>
                        <i>0.0926456 0.932272 0.349693 -0.985491 0.0356936 0.165932 0.142212 -0.359992 0.922053 2.23813 6.31121 1.68598</i>
                        <i>0.0920642 0.933719 0.345967 -0.985473 0.0356407 0.166052 0.142715 -0.356229 0.923436 2.23818 6.31107 1.68639</i>
                        <i>0.0915059 0.935075 0.342435 -0.985459 0.0355936 0.166142 0.143166 -0.352658 0.924735 2.2382 6.3109 1.68668</i>
                        <i>0.0909734 0.936341 0.339102 -0.985451 0.0355542 0.166201 0.143564 -0.349288 0.925952 2.23822 6.3107 1.68686</i>
                        <i>0.090501 0.93745 0.336151 -0.985446 0.0355269 0.166232 0.143892 -0.346303 0.927022 2.23822 6.31045 1.68692</i>
                        <i>0.0901338 0.938315 0.333827 -0.985445 0.0355172 0.166241 0.14413 -0.343952 0.92786 2.23821 6.31014 1.68688</i>
                        <i>0.089872 0.938934 0.332153 -0.985448 0.0355211 0.166225 0.144276 -0.342258 0.928463 2.23818 6.3098 1.68674</i>
                        <i>0.0897089 0.939311 0.331131 -0.985455 0.0355322 0.166183 0.144332 -0.341223 0.928836 2.23814 6.30943 1.68649</i>
                        <i>0.0896537 0.939424 0.330823 -0.985466 0.0355499 0.166114 0.144291 -0.340907 0.928958 2.23809 6.30906 1.68614</i>
                        <i>0.0897153 0.939254 0.331289 -0.985481 0.0355738 0.166017 0.144147 -0.341374 0.928809 2.23803 6.30868 1.6857</i>
                        <i>0.0899022 0.938776 0.332591 -0.985501 0.0356037 0.165894 0.143896 -0.342683 0.928366 2.23795 6.30829 1.68515</i>
                        <i>0.0902056 0.938002 0.334687 -0.985525 0.0356379 0.165741 0.143538 -0.344794 0.927639 2.23787 6.30791 1.6845</i>
                        <i>0.0906088 0.936955 0.337498 -0.985555 0.035674 0.165557 0.143079 -0.347623 0.926653 2.23777 6.30754 1.68373</i>
                        <i>0.0911094 0.935629 0.341023 -0.98559 0.0357108 0.165339 0.142518 -0.351173 0.925401 2.23765 6.30718 1.68284</i>
                        <i>0.0916995 0.934031 0.34522 -0.98563 0.0357478 0.16509 0.141858 -0.355398 0.923888 2.23753 6.30683 1.68183</i>
                        <i>0.0923676 0.932181 0.350011 -0.985675 0.0357851 0.164813 0.14111 -0.360221 0.922133 2.23739 6.30651 1.68073</i>
                        <i>0.093102 0.930096 0.355321 -0.985724 0.0358224 0.164512 0.140284 -0.365565 0.920154 2.23724 6.3062 1.67954</i>
                        <i>0.093891 0.9278 0.36107 -0.985776 0.0358599 0.164192 0.139389 -0.371351 0.91797 2.23708 6.30593 1.67828</i>
                        <i>0.094723 0.925313 0.367182 -0.985831 0.0358972 0.163855 0.138437 -0.377501 0.915603 2.23692 6.30568 1.67697</i>
                        <i>0.0955864 0.922661 0.373577 -0.985888 0.0359343 0.163506 0.137437 -0.383934 0.913075 2.23676 6.30546 1.67561</i>
                        <i>0.0964698 0.919869 0.380177 -0.985946 0.035971 0.163149 0.1364 -0.390573 0.910411 2.23659 6.30527 1.67423</i>
                        <i>0.0973622 0.916966 0.386903 -0.986004 0.0360069 0.162786 0.135338 -0.397337 0.907638 2.23642 6.30513 1.67284</i>
                        <i>0.0982528 0.913982 0.393678 -0.986063 0.0360416 0.162422 0.134262 -0.40415 0.904785 2.23626 6.30506 1.67145</i>
                        <i>0.0991313 0.910951 0.400426 -0.986121 0.0360748 0.16206 0.133183 -0.410934 0.901884 2.2361 6.30503 1.67008</i>
                        <i>0.0999878 0.907907 0.407072 -0.986179 0.0361059 0.161704 0.132114 -0.417614 0.898968 2.23594 6.30506 1.66874</i>
                        <i>0.100813 0.904886 0.413543 -0.986235 0.0361343 0.161356 0.131066 -0.424118 0.896073 2.23579 6.30515 1.66744</i>
                        <i>0.101598 0.901927 0.419769 -0.986288 0.0361593 0.161021 0.13005 -0.430373 0.893234 2.23565 6.30528 1.66619</i>
                        <i>0.102334 0.899068 0.425681 -0.98634 0.0361802 0.160701 0.12908 -0.436311 0.890489 2.23552 6.30546 1.66502</i>
                        <i>0.103013 0.89635 0.431213 -0.986388 0.0361962 0.1604 0.128166 -0.441866 0.887878 2.23539 6.30569 1.66393</i>
                        <i>0.103629 0.893814 0.4363 -0.986433 0.0362064 0.160121 0.127322 -0.446974 0.88544 2.23528 6.30597 1.66293</i>
                        <i>0.104173 0.8915 0.440881 -0.986474 0.03621 0.159867 0.126557 -0.451572 0.883214 2.23518 6.30629 1.66204</i>
                        <i>0.104641 0.889445 0.444902 -0.986511 0.0362066 0.159642 0.125885 -0.455606 0.881236 2.2351 6.30666 1.66127</i>
                        <i>0.105031 0.887677 0.448328 -0.986542 0.0361972 0.159449 0.125311 -0.459042 0.879533 2.23503 6.30706 1.66063</i>
                        <i>0.105342 0.886222 0.451125 -0.986568 0.036183 0.159292 0.124845 -0.461846 0.87813 2.23498 6.30748 1.66013</i>
                        <i>0.105574 0.885104 0.453261 -0.986588 0.036165 0.159175 0.124494 -0.463986 0.877051 2.23495 6.30793 1.65979</i>
                        <i>0.105724 0.884346 0.454702 -0.9866 0.0361445 0.159101 0.124265 -0.46543 0.876318 2.23493 6.30839 1.65961</i>
                        <i>0.105774 0.884079 0.45521 -0.986603 0.0361252 0.15909 0.124203 -0.465939 0.876056 2.23495 6.30886 1.65967</i>
                        <i>0.105709 0.884383 0.454635 -0.986593 0.0361095 0.159155 0.124337 -0.465364 0.876343 2.23499 6.30931 1.66001</i>
                        <i>0.10554 0.885203 0.453075 -0.986572 0.0360971 0.159288 0.124648 -0.463803 0.877126 2.23507 6.30976 1.66061</i>
                        <i>0.105275 0.886485 0.450623 -0.986541 0.0360874 0.159484 0.125118 -0.461347 0.878353 2.23517 6.31018 1.66143</i>
                        <i>0.104922 0.888176 0.447365 -0.9865 0.0360803 0.159735 0.125731 -0.458085 0.879971 2.23529 6.31058 1.66247</i>
                        <i>0.104488 0.890219 0.443388 -0.986452 0.0360755 0.160033 0.126469 -0.454103 0.881927 2.23544 6.31095 1.66367</i>
                        <i>0.10398 0.892558 0.438781 -0.986397 0.0360727 0.160373 0.127314 -0.449488 0.884167 2.2356 6.31128 1.66503</i>
                        <i>0.103407 0.895138 0.433629 -0.986336 0.0360718 0.160748 0.12825 -0.444327 0.886637 2.23578 6.31157 1.66652</i>
                        <i>0.102777 0.897904 0.428025 -0.98627 0.0360726 0.16115 0.129257 -0.438711 0.889284 2.23597 6.31181 1.6681</i>
                        <i>0.102099 0.9008 0.422061 -0.986201 0.0360749 0.161573 0.130319 -0.432734 0.892053 2.23617 6.31201 1.66975</i>
                        <i>0.101382 0.903771 0.415836 -0.986129 0.0360786 0.162009 0.131417 -0.426493 0.894893 2.23637 6.31214 1.67144</i>
                        <i>0.100638 0.906765 0.409449 -0.986056 0.0360833 0.162452 0.132532 -0.420089 0.897753 2.23658 6.31221 1.67314</i>
                        <i>0.0998784 0.90973 0.403007 -0.985983 0.0360887 0.162894 0.133646 -0.413628 0.900584 2.23678 6.31222 1.67483</i>
                        <i>0.0991155 0.912617 0.396619 -0.985911 0.0360944 0.163327 0.13474 -0.407219 0.903337 2.23698 6.31215 1.67648</i>
                        <i>0.0983631 0.915377 0.390396 -0.985842 0.0361 0.163745 0.135795 -0.400975 0.905968 2.23717 6.31202 1.67805</i>
                    </KeyFrames>
                </p>
            </i>
            <i>
                <p>
                    <Name><![CDATA[spine2]]></Name>
                    <Exclude>0</Exclude>
                    <Additive>0</Additive>
                    <IKPriority>0</IKPriority>
                    <IKRotLimits>-1e+010 -1e+010 -1e+010 1e+010 1e+010 1e+010</IKRotLimits>
                    <IKRotLimitOrder>0</IKRotLimitOrder>
                    <KeyFrames count="60">
                        <i>0.128402 0.778293 0.614632 -0.983158 0.0186262 0.181805 0.130049 -0.627625 0.767577 2.25281 6.45721 1.74001</i>
                        <i>0.128255 0.779945 0.612565 -0.983135 0.0187945 0.181912 0.130369 -0.625565 0.769202 2.25285 6.45737 1.7404</i>
                        <i>0.128115 0.781494 0.610618 -0.983113 0.0189487 0.182017 0.130675 -0.623625 0.770724 2.25288 6.45759 1.74075</i>
                        <i>0.127979 0.782957 0.608769 -0.983091 0.0190895 0.182119 0.13097 -0.621783 0.772161 2.25291 6.45784 1.74105</i>
                        <i>0.127842 0.784353 0.606998 -0.983071 0.0192177 0.182216 0.131256 -0.620017 0.773531 2.25293 6.45812 1.74131</i>
                        <i>0.127702 0.7857 0.605284 -0.983052 0.019334 0.182307 0.131536 -0.618306 0.774852 2.25294 6.45841 1.7415</i>
                        <i>0.127554 0.787015 0.603603 -0.983034 0.0194394 0.18239 0.13181 -0.616627 0.776143 2.25295 6.4587 1.74163</i>
                        <i>0.127394 0.788319 0.601933 -0.983018 0.0195347 0.182464 0.132082 -0.614956 0.777421 2.25294 6.45897 1.7417</i>
                        <i>0.127218 0.78963 0.60025 -0.983005 0.0196208 0.182528 0.132353 -0.61327 0.778706 2.25292 6.45922 1.74169</i>
                        <i>0.127021 0.790966 0.598531 -0.982993 0.0196985 0.182581 0.132625 -0.611543 0.780016 2.25289 6.45942 1.74161</i>
                        <i>0.1268 0.792346 0.596749 -0.982985 0.0197689 0.18262 0.132901 -0.609751 0.781371 2.25285 6.45957 1.74144</i>
                        <i>0.126548 0.79379 0.59488 -0.982979 0.0198327 0.182644 0.133183 -0.607868 0.782789 2.25279 6.45966 1.74119</i>
                        <i>0.126263 0.795317 0.592898 -0.982976 0.0198907 0.182653 0.133474 -0.605867 0.784289 2.25272 6.45966 1.74083</i>
                        <i>0.125975 0.796789 0.59098 -0.982976 0.0199409 0.182648 0.133748 -0.603928 0.785737 2.25264 6.45956 1.74042</i>
                        <i>0.125725 0.798021 0.589369 -0.982978 0.0199803 0.182636 0.133971 -0.602298 0.786949 2.25256 6.45931 1.73998</i>
                        <i>0.125517 0.798995 0.588093 -0.982981 0.020007 0.182615 0.134143 -0.601005 0.787907 2.25249 6.45896 1.73953</i>
                        <i>0.12535 0.799706 0.587161 -0.982986 0.0200188 0.182588 0.134262 -0.600058 0.788609 2.25241 6.45854 1.73908</i>
                        <i>0.125233 0.80012 0.586622 -0.982992 0.0200143 0.182553 0.134324 -0.599506 0.789018 2.25234 6.45805 1.73864</i>
                        <i>0.125173 0.800201 0.586524 -0.983 0.0199921 0.182512 0.134321 -0.599399 0.7891 2.25227 6.45751 1.73822</i>
                        <i>0.125178 0.799913 0.586915 -0.98301 0.0199508 0.182466 0.134247 -0.599784 0.78882 2.25222 6.45692 1.73783</i>
                        <i>0.125239 0.799284 0.587758 -0.983021 0.01989 0.182412 0.134109 -0.600624 0.788204 2.25217 6.45629 1.73746</i>
                        <i>0.125343 0.798367 0.588981 -0.983034 0.0198096 0.182351 0.133915 -0.601845 0.787305 2.25212 6.45563 1.73709</i>
                        <i>0.125489 0.797163 0.59058 -0.983049 0.0197087 0.18228 0.133668 -0.603443 0.786123 2.25207 6.45495 1.73671</i>
                        <i>0.125672 0.79569 0.592524 -0.983066 0.0195876 0.182202 0.13337 -0.605388 0.784677 2.25203 6.45426 1.73634</i>
                        <i>0.125887 0.793979 0.594768 -0.983085 0.0194481 0.182115 0.133028 -0.607634 0.782997 2.25199 6.45356 1.73596</i>
                        <i>0.126127 0.792061 0.597269 -0.983105 0.019292 0.182022 0.13265 -0.610137 0.781113 2.25195 6.45287 1.73559</i>
                        <i>0.126388 0.789967 0.599982 -0.983127 0.0191211 0.181923 0.13224 -0.612851 0.779055 2.25191 6.45219 1.73522</i>
                        <i>0.126663 0.787727 0.602862 -0.98315 0.0189373 0.181818 0.131807 -0.615734 0.776852 2.25188 6.45152 1.73486</i>
                        <i>0.126948 0.785371 0.605868 -0.983173 0.0187426 0.18171 0.131354 -0.618741 0.774536 2.25185 6.45088 1.73452</i>
                        <i>0.127238 0.782931 0.608957 -0.983198 0.018539 0.181599 0.13089 -0.621832 0.772135 2.25183 6.45027 1.73419</i>
                        <i>0.127529 0.780437 0.61209 -0.983223 0.0183286 0.181485 0.130419 -0.624966 0.769681 2.25181 6.44971 1.73387</i>
                        <i>0.127817 0.777918 0.615229 -0.983248 0.0181135 0.181371 0.129948 -0.628105 0.767201 2.25179 6.44922 1.73358</i>
                        <i>0.128097 0.775403 0.618338 -0.983273 0.0178962 0.181257 0.129481 -0.631214 0.764725 2.25177 6.44879 1.73331</i>
                        <i>0.128368 0.77292 0.621382 -0.983298 0.0176789 0.181144 0.129024 -0.634257 0.76228 2.25176 6.44844 1.73306</i>
                        <i>0.128625 0.770499 0.62433 -0.983322 0.0174639 0.181033 0.128582 -0.637202 0.759894 2.25176 6.44815 1.73284</i>
                        <i>0.128867 0.768164 0.62715 -0.983345 0.0172536 0.180925 0.12816 -0.64002 0.757594 2.25175 6.44795 1.73265</i>
                        <i>0.129091 0.765943 0.629814 -0.983368 0.0170505 0.180823 0.127761 -0.642682 0.755405 2.25175 6.44782 1.73248</i>
                        <i>0.129296 0.763861 0.632296 -0.983389 0.0168571 0.180725 0.12739 -0.645161 0.753352 2.25176 6.44778 1.73235</i>
                        <i>0.12948 0.761942 0.63457 -0.983409 0.0166757 0.180635 0.127052 -0.647431 0.751459 2.25177 6.44783 1.73225</i>
                        <i>0.129641 0.760209 0.636612 -0.983427 0.0165089 0.180553 0.126748 -0.649468 0.74975 2.25178 6.44797 1.73218</i>
                        <i>0.129779 0.758684 0.638401 -0.983443 0.016359 0.18048 0.126484 -0.651253 0.748245 2.25179 6.44819 1.73215</i>
                        <i>0.129895 0.757379 0.639926 -0.983456 0.0162288 0.180418 0.12626 -0.652774 0.746957 2.25181 6.4485 1.73216</i>
                        <i>0.129989 0.756305 0.641175 -0.983467 0.0161208 0.180368 0.126077 -0.654021 0.745896 2.25183 6.44889 1.7322</i>
                        <i>0.130062 0.755475 0.642138 -0.983475 0.0160375 0.18033 0.125937 -0.654981 0.745077 2.25186 6.44933 1.73229</i>
                        <i>0.130116 0.754901 0.642802 -0.98348 0.0159815 0.180307 0.125841 -0.655644 0.74451 2.25189 6.44983 1.73243</i>
                        <i>0.130146 0.754675 0.643061 -0.983481 0.0159654 0.180305 0.125805 -0.655904 0.744287 2.25192 6.45038 1.73264</i>
                        <i>0.130149 0.754855 0.642849 -0.983477 0.0159973 0.180327 0.125837 -0.655696 0.744464 2.25197 6.45095 1.73292</i>
                        <i>0.130129 0.755405 0.642207 -0.983467 0.0160725 0.180372 0.125932 -0.655061 0.745007 2.25202 6.45155 1.73329</i>
                        <i>0.130086 0.756289 0.641174 -0.983453 0.0161863 0.180437 0.126084 -0.654037 0.745881 2.25207 6.45217 1.73371</i>
                        <i>0.13002 0.757477 0.639784 -0.983436 0.0163339 0.18052 0.126289 -0.652658 0.747053 2.25213 6.45279 1.73419</i>
                        <i>0.129933 0.758933 0.638074 -0.983415 0.0165104 0.180618 0.126542 -0.650959 0.748491 2.2522 6.4534 1.73472</i>
                        <i>0.129825 0.760627 0.636076 -0.983391 0.0167112 0.180729 0.126838 -0.648974 0.750163 2.25227 6.454 1.73528</i>
                        <i>0.129696 0.762523 0.633828 -0.983365 0.0169315 0.180851 0.127171 -0.646739 0.752034 2.25234 6.45458 1.73588</i>
                        <i>0.129549 0.764587 0.631366 -0.983337 0.0171664 0.180981 0.127537 -0.644292 0.754071 2.25241 6.45512 1.73649</i>
                        <i>0.129384 0.766782 0.628733 -0.983307 0.0174113 0.181117 0.12793 -0.641672 0.756235 2.25248 6.45563 1.73711</i>
                        <i>0.129205 0.769069 0.625971 -0.983277 0.0176615 0.181256 0.128343 -0.638922 0.75849 2.25255 6.45608 1.73773</i>
                        <i>0.129013 0.771406 0.623127 -0.983247 0.0179125 0.181397 0.128769 -0.636091 0.760794 2.25262 6.45647 1.73834</i>
                        <i>0.128812 0.773753 0.620253 -0.983217 0.0181598 0.181537 0.129201 -0.633227 0.763106 2.25269 6.45679 1.73893</i>
                        <i>0.128607 0.776064 0.617402 -0.983187 0.0183991 0.181673 0.129631 -0.630386 0.765382 2.25275 6.45704 1.73949</i>
                        <i>0.128402 0.778293 0.614632 -0.983158 0.0186262 0.181805 0.130049 -0.627625 0.767577 2.25281 6.45721 1.74001</i>
                    </KeyFrames>
                </p>
            </i>
            <i>
                <p>
                    <Name><![CDATA[head]]></Name>
                    <Exclude>0</Exclude>
                    <Additive>0</Additive>
                    <IKPriority>0</IKPriority>
                    <IKRotLimits>-1e+010 -1e+010 -1e+010 1e+010 1e+010 1e+010</IKRotLimits>
                    <IKRotLimitOrder>0</IKRotLimitOrder>
                    <KeyFrames count="60">
                        <i>0.0254874 0.988995 0.145737 -0.170376 0.147949 -0.974209 -0.985049 -1.68915e-009 0.172272 2.28229 6.66257 1.89318</i>
                        <i>0.0256433 0.988859 0.146629 -0.170352 0.148854 -0.974075 -0.985049 2.54995e-009 0.172272 2.28233 6.66285 1.89337</i>
                        <i>0.0258326 0.988693 0.147711 -0.170324 0.149953 -0.973912 -0.985049 2.62127e-009 0.172272 2.28236 6.66318 1.89357</i>
                        <i>0.026043 0.988507 0.148914 -0.170292 0.151174 -0.973728 -0.985049 -3.85176e-011 0.172272 2.2824 6.66354 1.89377</i>
                        <i>0.0262623 0.988312 0.150168 -0.170258 0.152447 -0.973536 -0.98505 -6.45319e-011 0.172272 2.28243 6.66394 1.89395</i>
                        <i>0.0264784 0.988117 0.151404 -0.170224 0.153702 -0.973344 -0.985049 -1.10971e-009 0.172272 2.28245 6.66435 1.89408</i>
                        <i>0.026679 0.987935 0.152551 -0.170193 0.154866 -0.973165 -0.98505 3.52621e-009 0.172272 2.28246 6.66478 1.89415</i>
                        <i>0.026852 0.987778 0.15354 -0.170166 0.15587 -0.97301 -0.98505 -9.63782e-010 0.172272 2.28246 6.6652 1.89414</i>
                        <i>0.0269851 0.987655 0.154301 -0.170145 0.156643 -0.972889 -0.98505 3.64618e-010 0.172272 2.28244 6.66561 1.89403</i>
                        <i>0.0270661 0.987581 0.154764 -0.170132 0.157113 -0.972816 -0.985049 -2.93733e-011 0.172272 2.28241 6.666 1.89381</i>
                        <i>0.027083 0.987565 0.154861 -0.170129 0.157211 -0.9728 -0.98505 -5.40385e-010 0.172272 2.28234 6.66636 1.89344</i>
                        <i>0.0270234 0.98762 0.15452 -0.170139 0.156865 -0.972855 -0.98505 3.114e-009 0.172272 2.28225 6.66668 1.89292</i>
                        <i>0.0268752 0.987756 0.153673 -0.170162 0.156005 -0.972989 -0.985049 -2.95962e-011 0.172272 2.28213 6.66696 1.89222</i>
                        <i>0.0266679 0.987946 0.152487 -0.170195 0.154802 -0.973175 -0.985049 -5.82556e-011 0.172272 2.28199 6.66712 1.89142</i>
                        <i>0.0264449 0.988147 0.151212 -0.17023 0.153507 -0.973374 -0.985049 5.78683e-010 0.172272 2.28184 6.66708 1.8906</i>
                        <i>0.0262146 0.988354 0.149895 -0.170265 0.15217 -0.973578 -0.98505 -6.09134e-010 0.172272 2.2817 6.66687 1.88979</i>
                        <i>0.0259856 0.988558 0.148586 -0.1703 0.150841 -0.973779 -0.985049 1.06058e-010 0.172272 2.28157 6.66656 1.88902</i>
                        <i>0.0257662 0.988751 0.147332 -0.170334 0.149568 -0.973969 -0.985049 1.80848e-009 0.172272 2.28144 6.66614 1.88832</i>
                        <i>0.0255651 0.988927 0.146181 -0.170364 0.1484 -0.974142 -0.985049 -1.15601e-009 0.172272 2.28134 6.6656 1.8877</i>
                        <i>0.0253907 0.989079 0.145184 -0.17039 0.147388 -0.974292 -0.985049 1.92789e-009 0.172272 2.28125 6.66496 1.88719</i>
                        <i>0.0252377 0.989211 0.144309 -0.170413 0.146499 -0.974422 -0.98505 3.97996e-009 0.172272 2.28118 6.66423 1.88678</i>
                        <i>0.0250947 0.989333 0.143492 -0.170434 0.14567 -0.974542 -0.985049 3.23435e-009 0.172272 2.28111 6.66342 1.88643</i>
                        <i>0.0249618 0.989447 0.142732 -0.170453 0.144898 -0.974654 -0.98505 -2.7752e-009 0.172272 2.28106 6.66257 1.88613</i>
                        <i>0.0248387 0.989551 0.142028 -0.170471 0.144184 -0.974757 -0.985049 -1.24618e-010 0.172272 2.28102 6.66168 1.88588</i>
                        <i>0.0247253 0.989647 0.141379 -0.170488 0.143525 -0.974851 -0.98505 -5.79241e-010 0.172272 2.28099 6.66075 1.88569</i>
                        <i>0.0246213 0.989734 0.140785 -0.170503 0.142922 -0.974937 -0.985049 -2.53015e-010 0.172272 2.28096 6.65981 1.88555</i>
                        <i>0.0245267 0.989813 0.140244 -0.170517 0.142372 -0.975015 -0.98505 8.39556e-010 0.172272 2.28094 6.65886 1.88545</i>
                        <i>0.0244411 0.989884 0.139755 -0.170529 0.141876 -0.975085 -0.985049 -2.15065e-009 0.172272 2.28093 6.65792 1.8854</i>
                        <i>0.0243646 0.989948 0.139317 -0.17054 0.141431 -0.975148 -0.985049 5.16794e-011 0.172272 2.28093 6.65699 1.88539</i>
