<?xml version="1.0" encoding="ISO-8859-1" ?>
<Animl Version="1">
    <ModellingPackage><![CDATA[Maya.2010]]></ModellingPackage>
    <SrcFile><![CDATA[anims\turrets\artillery\blue\~src\artillery_m198\artillery_m198_fire_crewman_b.mb]]></SrcFile>
    <FramesPerSecond>30</FramesPerSecond>
    <TotalFrames>41</TotalFrames>
    <Skeleton>
        <RefFrame>
            <Name><![CDATA[soldier_ref_frame]]></Name>
            <Exclude>0</Exclude>
            <Additive>0</Additive>
            <IKPriority>0</IKPriority>
            <IKRotLimits>-1e+010 -1e+010 -1e+010 1e+010 1e+010 1e+010</IKRotLimits>
            <IKRotLimitOrder>0</IKRotLimitOrder>
            <KeyFrames count="41">
                <i>1 0 0 0 1 0 0 0 1 -1.86 1.37 -1.86</i>
                <i>1 0 0 0 1 0 0 0 1 -1.86 1.37 -1.86</i>
                <i>1 0 0 0 1 0 0 0 1 -1.86 1.37 -1.86</i>
                <i>1 0 0 0 1 0 0 0 1 -1.86 1.37 -1.86</i>
                <i>1 0 0 0 1 0 0 0 1 -1.86 1.37 -1.86</i>
                <i>1 0 0 0 1 0 0 0 1 -1.86 1.37 -1.86</i>
                <i>1 0 0 0 1 0 0 0 1 -1.86 1.37 -1.86</i>
                <i>1 0 0 0 1 0 0 0 1 -1.86 1.37 -1.86</i>
                <i>1 0 0 0 1 0 0 0 1 -1.86 1.37 -1.86</i>
                <i>1 0 0 0 1 0 0 0 1 -1.86 1.37 -1.86</i>
                <i>1 0 0 0 1 0 0 0 1 -1.86 1.37 -1.86</i>
                <i>1 0 0 0 1 0 0 0 1 -1.86 1.37 -1.86</i>
                <i>1 0 0 0 1 0 0 0 1 -1.86 1.37 -1.86</i>
                <i>1 0 0 0 1 0 0 0 1 -1.86 1.37 -1.86</i>
                <i>1 0 0 0 1 0 0 0 1 -1.86 1.37 -1.86</i>
                <i>1 0 0 0 1 0 0 0 1 -1.86 1.37 -1.86</i>
                <i>1 0 0 0 1 0 0 0 1 -1.86 1.37 -1.86</i>
                <i>1 0 0 0 1 0 0 0 1 -1.86 1.37 -1.86</i>
                <i>1 0 0 0 1 0 0 0 1 -1.86 1.37 -1.86</i>
                <i>1 0 0 0 1 0 0 0 1 -1.86 1.37 -1.86</i>
                <i>1 0 0 0 1 0 0 0 1 -1.86 1.37 -1.86</i>
                <i>1 0 0 0 1 0 0 0 1 -1.86 1.37 -1.86</i>
                <i>1 0 0 0 1 0 0 0 1 -1.86 1.37 -1.86</i>
                <i>1 0 0 0 1 0 0 0 1 -1.86 1.37 -1.86</i>
                <i>1 0 0 0 1 0 0 0 1 -1.86 1.37 -1.86</i>
                <i>1 0 0 0 1 0 0 0 1 -1.86 1.37 -1.86</i>
                <i>1 0 0 0 1 0 0 0 1 -1.86 1.37 -1.86</i>
                <i>1 0 0 0 1 0 0 0 1 -1.86 1.37 -1.86</i>
                <i>1 0 0 0 1 0 0 0 1 -1.86 1.37 -1.86</i>
                <i>1 0 0 0 1 0 0 0 1 -1.86 1.37 -1.86</i>
                <i>1 0 0 0 1 0 0 0 1 -1.86 1.37 -1.86</i>
                <i>1 0 0 0 1 0 0 0 1 -1.86 1.37 -1.86</i>
                <i>1 0 0 0 1 0 0 0 1 -1.86 1.37 -1.86</i>
                <i>1 0 0 0 1 0 0 0 1 -1.86 1.37 -1.86</i>
                <i>1 0 0 0 1 0 0 0 1 -1.86 1.37 -1.86</i>
                <i>1 0 0 0 1 0 0 0 1 -1.86 1.37 -1.86</i>
                <i>1 0 0 0 1 0 0 0 1 -1.86 1.37 -1.86</i>
                <i>1 0 0 0 1 0 0 0 1 -1.86 1.37 -1.86</i>
                <i>1 0 0 0 1 0 0 0 1 -1.86 1.37 -1.86</i>
                <i>1 0 0 0 1 0 0 0 1 -1.86 1.37 -1.86</i>
                <i>1 0 0 0 1 0 0 0 1 -1.86 1.37 -1.86</i>
            </KeyFrames>
        </RefFrame>
        <Bones count="23">
            <i>
                <p>
                    <Name><![CDATA[pelvis]]></Name>
                    <Exclude>0</Exclude>
                    <Additive>0</Additive>
                    <IKPriority>0</IKPriority>
                    <IKRotLimits>-1e+010 -1e+010 -1e+010 1e+010 1e+010 1e+010</IKRotLimits>
                    <IKRotLimitOrder>2</IKRotLimitOrder>
                    <KeyFrames count="41">
                        <i>1 0 0 0 1 0 0 0 1 -1.89983 1.91948 -1.72393</i>
                        <i>1 0 0 0 1 0 0 0 1 -1.90184 1.88519 -1.72409</i>
                        <i>1 0 0 0 1 0 0 0 1 -1.90533 1.81975 -1.72435</i>
                        <i>1 0 0 0 1 0 0 0 1 -1.90651 1.7793 -1.72441</i>
                        <i>1 0 0 0 1 0 0 0 1 -1.90228 1.79591 -1.72461</i>
                        <i>1 0 0 0 1 0 0 0 1 -1.89568 1.8375 -1.72512</i>
                        <i>1 0 0 0 1 0 0 0 1 -1.89208 1.86397 -1.72534</i>
                        <i>1 0 0 0 1 0 0 0 1 -1.89374 1.86015 -1.725</i>
                        <i>1 0 0 0 1 0 0 0 1 -1.89784 1.84441 -1.7244</i>
                        <i>1 0 0 0 1 0 0 0 1 -1.90214 1.827 -1.72381</i>
                        <i>1 0 0 0 1 0 0 0 1 -1.90437 1.81812 -1.7235</i>
                        <i>1 0 0 0 1 0 0 0 1 -1.90468 1.81718 -1.72343</i>
                        <i>1 0 0 0 1 0 0 0 1 -1.90473 1.81674 -1.7234</i>
                        <i>1 0 0 0 1 0 0 0 1 -1.90457 1.81678 -1.72341</i>
                        <i>1 0 0 0 1 0 0 0 1 -1.90422 1.81731 -1.72343</i>
                        <i>1 0 0 0 1 0 0 0 1 -1.90374 1.81833 -1.72348</i>
                        <i>1 0 0 0 1 0 0 0 1 -1.90316 1.81984 -1.72354</i>
                        <i>1 0 0 0 1 0 0 0 1 -1.90252 1.82183 -1.72361</i>
                        <i>1 0 0 0 1 0 0 0 1 -1.90187 1.8243 -1.72369</i>
                        <i>1 0 0 0 1 0 0 0 1 -1.90125 1.82724 -1.72376</i>
                        <i>1 0 0 0 1 0 0 0 1 -1.90069 1.83066 -1.72382</i>
                        <i>1 0 0 0 1 0 0 0 1 -1.90024 1.83456 -1.72388</i>
                        <i>1 0 0 0 1 0 0 0 1 -1.89994 1.83892 -1.72391</i>
                        <i>1 0 0 0 1 0 0 0 1 -1.89983 1.84376 -1.72393</i>
                        <i>1 0 0 0 1 0 0 0 1 -1.89983 1.85167 -1.72393</i>
                        <i>1 0 0 0 1 0 0 0 1 -1.89983 1.86394 -1.72393</i>
                        <i>1 0 0 0 1 0 0 0 1 -1.89983 1.87852 -1.72393</i>
                        <i>1 0 0 0 1 0 0 0 1 -1.89983 1.8934 -1.72393</i>
                        <i>1 0 0 0 1 0 0 0 1 -1.89983 1.90653 -1.72393</i>
                        <i>1 0 0 0 1 0 0 0 1 -1.89983 1.9159 -1.72393</i>
                        <i>1 0 0 0 1 0 0 0 1 -1.89983 1.91948 -1.72393</i>
                        <i>1 0 0 0 1 0 0 0 1 -1.89983 1.91948 -1.72393</i>
                        <i>1 0 0 0 1 0 0 0 1 -1.89983 1.91948 -1.72393</i>
                        <i>1 0 0 0 1 0 0 0 1 -1.89983 1.91948 -1.72393</i>
                        <i>1 0 0 0 1 0 0 0 1 -1.89983 1.91948 -1.72393</i>
                        <i>1 0 0 0 1 0 0 0 1 -1.89983 1.91948 -1.72393</i>
                        <i>1 0 0 0 1 0 0 0 1 -1.89983 1.91948 -1.72393</i>
                        <i>1 0 0 0 1 0 0 0 1 -1.89983 1.91948 -1.72393</i>
                        <i>1 0 0 0 1 0 0 0 1 -1.89983 1.91948 -1.72393</i>
                        <i>1 0 0 0 1 0 0 0 1 -1.89983 1.91948 -1.72393</i>
                        <i>1 0 0 0 1 0 0 0 1 -1.89983 1.91948 -1.72393</i>
                    </KeyFrames>
                </p>
            </i>
            <i>
                <p>
                    <Name><![CDATA[spine0]]></Name>
                    <Exclude>0</Exclude>
                    <Additive>0</Additive>
                    <IKPriority>0</IKPriority>
                    <IKRotLimits>-1e+010 -1e+010 -1e+010 1e+010 1e+010 1e+010</IKRotLimits>
                    <IKRotLimitOrder>0</IKRotLimitOrder>
                    <KeyFrames count="41">
                        <i>0.116731 0.993001 -0.0179618 -0.16296 0.0369906 0.985939 0.979703 -0.112163 0.166137 -1.94208 2.05379 -1.75343</i>
                        <i>0.119647 0.992745 -0.0119493 -0.0484969 0.0178655 0.998664 0.991631 -0.118908 0.0502826 -1.94605 2.02016 -1.747</i>
                        <i>0.134606 0.990892 -0.0037184 0.164413 -0.0186335 0.986216 0.977164 -0.133362 -0.165423 -1.95107 1.95572 -1.73514</i>
                        <i>0.155334 0.987852 -0.00441664 0.276216 -0.0391398 0.960298 0.94846 -0.150387 -0.278941 -1.95069 1.91612 -1.72939</i>
                        <i>0.185429 0.98261 -0.00964203 0.275849 -0.0426329 0.960255 0.943146 -0.180719 -0.278958 -1.94262 1.93386 -1.73081</i>
                        <i>0.223623 0.974513 -0.017823 0.275286 -0.0456076 0.96028 0.934992 -0.219647 -0.278468 -1.93187 1.97653 -1.73265</i>
                        <i>0.242041 0.970015 -0.0220626 0.274976 -0.0467707 0.960313 0.930486 -0.238501 -0.278051 -1.92633 2.00345 -1.73349</i>
                        <i>0.235211 0.971717 -0.0210252 0.275105 -0.0458126 0.960322 0.932198 -0.231663 -0.2781 -1.928 1.99963 -1.73315</i>
                        <i>0.221233 0.975031 -0.0192443 0.275412 -0.0435362 0.96034 0.935524 -0.217759 -0.278166 -1.9321 1.9839 -1.73255</i>
                        <i>0.207496 0.97807 -0.0180368 0.275778 -0.0407957 0.960355 0.938558 -0.204244 -0.278195 -1.93639 1.96648 -1.73196</i>
                        <i>0.200592 0.979497 -0.0186471 0.276115 -0.0382631 0.960363 0.939959 -0.19779 -0.278129 -1.93863 1.95761 -1.73165</i>
                        <i>0.199135 0.97976 -0.0203927 0.276018 -0.0361091 0.960474 0.940297 -0.196893 -0.277622 -1.939 1.95665 -1.7316</i>
                        <i>0.197661 0.980029 -0.0217756 0.275035 -0.0341226 0.960828 0.940896 -0.195907 -0.276287 -1.93924 1.95616 -1.73163</i>
                        <i>0.196194 0.9803 -0.0227926 0.273025 -0.0322878 0.961465 0.941788 -0.194857 -0.273982 -1.93934 1.95613 -1.73173</i>
                        <i>0.194757 0.980571 -0.0234423 0.269847 -0.0305875 0.962417 0.943002 -0.193763 -0.270562 -1.93933 1.95657 -1.7319</i>
                        <i>0.193369 0.980839 -0.0237273 0.26536 -0.0290018 0.963713 0.944559 -0.192649 -0.265883 -1.93922 1.95748 -1.73214</i>
                        <i>0.192052 0.9811 -0.0236554 0.259419 -0.0275057 0.965373 0.946476 -0.191539 -0.259799 -1.93904 1.95887 -1.73246</i>
                        <i>0.190827 0.981349 -0.0232403 0.251881 -0.0260691 0.967407 0.948758 -0.190461 -0.252158 -1.93878 1.96074 -1.73285</i>
                        <i>0.189717 0.981581 -0.022502 0.242596 -0.0246561 0.969814 0.951396 -0.189449 -0.242806 -1.93847 1.96309 -1.73331</i>
                        <i>0.18875 0.981791 -0.0214654 0.231414 -0.0232256 0.972578 0.954369 -0.188542 -0.231584 -1.93812 1.96593 -1.73385</i>
                        <i>0.18796 0.98197 -0.0201587 0.218179 -0.0217326 0.975667 0.957637 -0.187785 -0.21833 -1.93775 1.96926 -1.73446</i>
                        <i>0.18739 0.982109 -0.0186112 0.202733 -0.0201294 0.979027 0.961137 -0.187233 -0.202878 -1.93736 1.97309 -1.73513</i>
                        <i>0.187092 0.982198 -0.0168494 0.184918 -0.0183675 0.982582 0.964781 -0.186949 -0.185062 -1.93698 1.97742 -1.73587</i>
                        <i>0.187129 0.982222 -0.0148929 0.164575 -0.0164006 0.986228 0.968451 -0.187003 -0.164719 -1.93659 1.98226 -1.73665</i>
                        <i>0.18333 0.982973 -0.0124351 0.130722 -0.0118393 0.991348 0.974321 -0.183369 -0.130666 -1.9367 1.99002 -1.73801</i>
                        <i>0.17314 0.984845 -0.0101477 0.077972 -0.00343536 0.99695 0.981806 -0.173403 -0.0773852 -1.93755 2.0018 -1.74032</i>
                        <i>0.159141 0.987211 -0.00937491 0.0148207 0.00710594 0.999865 0.987145 -0.159259 -0.0135003 -1.93878 2.01564 -1.74335</i>
                        <i>0.144004 0.989519 -0.0106827 -0.0498366 0.0180333 0.998595 0.988321 -0.143269 0.0519112 -1.94005 2.02962 -1.74674</i>
                        <i>0.130326 0.991378 -0.0135598 -0.106925 0.0276504 0.993883 0.985689 -0.128079 0.109607 -1.94112 2.04186 -1.75</i>
                        <i>0.120498 0.992575 -0.0165878 -0.14752 0.0344278 0.98846 0.981691 -0.11666 0.150573 -1.94182 2.05051 -1.75246</i>
                        <i>0.116731 0.993001 -0.0179618 -0.16296 0.0369906 0.985939 0.979703 -0.112163 0.166137 -1.94208 2.05379 -1.75343</i>
                        <i>0.116731 0.993001 -0.0179618 -0.16296 0.0369906 0.985939 0.979703 -0.112163 0.166137 -1.94208 2.05379 -1.75343</i>
                        <i>0.116731 0.993001 -0.0179618 -0.16296 0.0369906 0.985939 0.979703 -0.112163 0.166137 -1.94208 2.05379 -1.75343</i>
                        <i>0.116731 0.993001 -0.0179618 -0.16296 0.0369906 0.985939 0.979703 -0.112163 0.166137 -1.94208 2.05379 -1.75343</i>
                        <i>0.116731 0.993001 -0.0179618 -0.16296 0.0369906 0.985939 0.979703 -0.112163 0.166137 -1.94208 2.05379 -1.75343</i>
                        <i>0.116731 0.993001 -0.0179618 -0.16296 0.0369906 0.985939 0.979703 -0.112163 0.166137 -1.94208 2.05379 -1.75343</i>
                        <i>0.116731 0.993001 -0.0179618 -0.16296 0.0369906 0.985939 0.979703 -0.112163 0.166137 -1.94208 2.05379 -1.75343</i>
                        <i>0.116731 0.993001 -0.0179618 -0.16296 0.0369906 0.985939 0.979703 -0.112163 0.166137 -1.94208 2.05379 -1.75343</i>
                        <i>0.116731 0.993001 -0.0179618 -0.16296 0.0369906 0.985939 0.979703 -0.112163 0.166137 -1.94208 2.05379 -1.75343</i>
                        <i>0.116731 0.993001 -0.0179618 -0.16296 0.0369906 0.985939 0.979703 -0.112163 0.166137 -1.94208 2.05379 -1.75343</i>
                        <i>0.116731 0.993001 -0.0179618 -0.16296 0.0369906 0.985939 0.979703 -0.112163 0.166137 -1.94208 2.05379 -1.75343</i>
                    </KeyFrames>
                </p>
            </i>
            <i>
                <p>
                    <Name><![CDATA[spine1]]></Name>
                    <Exclude>0</Exclude>
                    <Additive>0</Additive>
                    <IKPriority>0</IKPriority>
                    <IKRotLimits>-1e+010 -1e+010 -1e+010 1e+010 1e+010 1e+010</IKRotLimits>
                    <IKRotLimitOrder>0</IKRotLimitOrder>
                    <KeyFrames count="41">
                        <i>0.425422 0.88855 0.171742 -0.173948 -0.105949 0.979039 0.888121 -0.446379 0.109488 -1.92121 2.23171 -1.75665</i>
                        <i>0.448337 0.883322 0.136879 0.00313832 -0.154686 0.987959 0.893859 -0.442509 -0.0721237 -1.92464 2.19816 -1.74915</i>
                        <i>0.483884 0.87286 0.0630188 0.321207 -0.244128 0.915001 0.814053 -0.422513 -0.398499 -1.92698 2.13346 -1.7358</i>
                        <i>0.505653 0.862595 0.0156843 0.471986 -0.291804 0.831913 0.722181 -0.413256 -0.554684 -1.92286 2.09339 -1.73017</i>
                        <i>0.541895 0.840437 0.00396727 0.457102 -0.298684 0.837762 0.705271 -0.452166 -0.546021 -1.90926 2.11091 -1.73254</i>
                        <i>0.590795 0.806718 -0.0129585 0.436314 -0.305939 0.846186 0.678669 -0.505576 -0.532729 -1.89141 2.15312 -1.73587</i>
                        <i>0.614031 0.788997 -0.0212206 0.425898 -0.308576 0.850524 0.664513 -0.531286 -0.525507 -1.8824 2.17974 -1.73749</i>
                        <i>0.602844 0.797664 -0.0176599 0.419833 -0.298317 0.857174 0.678468 -0.524157 -0.514724 -1.88535 2.17606 -1.73695</i>
                        <i>0.579529 0.814884 -0.0105293 0.404748 -0.276586 0.871596 0.707337 -0.509376 -0.490112 -1.89207 2.16058 -1.73602</i>
                        <i>0.556083 0.831119 -0.00374507 0.387 -0.25494 0.886136 0.735529 -0.494214 -0.463411 -1.89892 2.14336 -1.73521</i>
                        <i>0.545057 0.838398 -0.00126854 0.37497 -0.242421 0.894779 0.749874 -0.488182 -0.446507 -1.90244 2.13459 -1.735</i>
                        <i>0.54484 0.838537 -0.00219246 0.368573 -0.237131 0.898845 0.753195 -0.490535 -0.43826 -1.90307 2.13372 -1.73527</i>
                        <i>0.545299 0.838237 -0.00287858 0.361403 -0.232003 0.903085 0.756331 -0.493492 -0.429452 -1.90356 2.13333 -1.73555</i>
                        <i>0.546328 0.837565 -0.00317262 0.353301 -0.227014 0.907548 0.75941 -0.49694 -0.419937 -1.90392 2.13341 -1.73583</i>
                        <i>0.547818 0.836592 -0.00291509 0.344105 -0.222149 0.912273 0.762553 -0.500763 -0.409573 -1.90415 2.13397 -1.73612</i>
                        <i>0.549655 0.83539 -0.00194867 0.33365 -0.21739 0.917289 0.76587 -0.504843 -0.398217 -1.90428 2.13502 -1.73642</i>
                        <i>0.551719 0.83403 -0.000124201 0.321768 -0.212715 0.922614 0.769462 -0.509064 -0.385723 -1.90431 2.13654 -1.73673</i>
                        <i>0.553884 0.83259 0.00269467 0.308289 -0.208095 0.928253 0.773415 -0.513314 -0.371939 -1.90426 2.13854 -1.73704</i>
                        <i>0.556017 0.831144 0.00662815 0.293043 -0.203489 0.934194 0.777799 -0.517486 -0.356704 -1.90414 2.14102 -1.73738</i>
                        <i>0.557981 0.82977 0.0117784 0.275854 -0.198848 0.940406 0.782663 -0.52148 -0.339849 -1.90395 2.14397 -1.73773</i>
                        <i>0.559629 0.828543 0.018229 0.256548 -0.194114 0.946838 0.788035 -0.525201 -0.321192 -1.90371 2.14741 -1.7381</i>
                        <i>0.560809 0.827536 0.0260454 0.234945 -0.189226 0.953412 0.793911 -0.528562 -0.300544 -1.90342 2.15132 -1.7385</i>
                        <i>0.561362 0.826818 0.0352777 0.210862 -0.184124 0.960019 0.800256 -0.531479 -0.277705 -1.90308 2.15571 -1.73891</i>
                        <i>0.561123 0.826455 0.0459631 0.184114 -0.178757 0.966513 0.806996 -0.53387 -0.252466 -1.90268 2.16058 -1.73935</i>
                        <i>0.554464 0.829812 0.063096 0.144197 -0.170466 0.974756 0.81962 -0.531369 -0.214174 -1.9035 2.16834 -1.74025</i>
                        <i>0.537361 0.838765 0.0878417 0.0858979 -0.15805 0.983688 0.838966 -0.52105 -0.156978 -1.90626 2.18011 -1.74215</i>
                        <i>0.512412 0.851065 0.114549 0.0174154 -0.143664 0.989473 0.858563 -0.505023 -0.0884369 -1.9101 2.19391 -1.74504</i>
                        <i>0.483348 0.8644 0.138518 -0.0522868 -0.129441 0.990208 0.873866 -0.485857 -0.0173683 -1.91418 2.2078 -1.74867</i>
                        <i>0.455189 0.876493 0.156724 -0.113725 -0.117344 0.986558 0.883102 -0.466894 0.0462652 -1.91776 2.21992 -1.75244</i>
                        <i>0.43384 0.885207 0.1679 -0.157371 -0.109037 0.981502 0.88714 -0.452238 0.0920014 -1.92027 2.22847 -1.75544</i>
                        <i>0.425422 0.88855 0.171742 -0.173948 -0.105949 0.979039 0.888121 -0.446379 0.109488 -1.92121 2.23171 -1.75665</i>
                        <i>0.425422 0.88855 0.171742 -0.173948 -0.105949 0.979039 0.888121 -0.446379 0.109488 -1.92121 2.23171 -1.75665</i>
                        <i>0.425422 0.88855 0.171742 -0.173948 -0.105949 0.979039 0.888121 -0.446379 0.109488 -1.92121 2.23171 -1.75665</i>
                        <i>0.425422 0.88855 0.171742 -0.173948 -0.105949 0.979039 0.888121 -0.446379 0.109488 -1.92121 2.23171 -1.75665</i>
                        <i>0.425422 0.88855 0.171742 -0.173948 -0.105949 0.979039 0.888121 -0.446379 0.109488 -1.92121 2.23171 -1.75665</i>
                        <i>0.425422 0.88855 0.171742 -0.173948 -0.105949 0.979039 0.888121 -0.446379 0.109488 -1.92121 2.23171 -1.75665</i>
                        <i>0.425422 0.88855 0.171742 -0.173948 -0.105949 0.979039 0.888121 -0.446379 0.109488 -1.92121 2.23171 -1.75665</i>
                        <i>0.425422 0.88855 0.171742 -0.173948 -0.105949 0.979039 0.888121 -0.446379 0.109488 -1.92121 2.23171 -1.75665</i>
                        <i>0.425422 0.88855 0.171742 -0.173948 -0.105949 0.979039 0.888121 -0.446379 0.109488 -1.92121 2.23171 -1.75665</i>
                        <i>0.425422 0.88855 0.171742 -0.173948 -0.105949 0.979039 0.888121 -0.446379 0.109488 -1.92121 2.23171 -1.75665</i>
                        <i>0.425422 0.88855 0.171742 -0.173948 -0.105949 0.979039 0.888121 -0.446379 0.109488 -1.92121 2.23171 -1.75665</i>
                    </KeyFrames>
                </p>
            </i>
            <i>
                <p>
                    <Name><![CDATA[spine2]]></Name>
                    <Exclude>0</Exclude>
                    <Additive>0</Additive>
                    <IKPriority>0</IKPriority>
                    <IKRotLimits>-1e+010 -1e+010 -1e+010 1e+010 1e+010 1e+010</IKRotLimits>
                    <IKRotLimitOrder>0</IKRotLimitOrder>
                    <KeyFrames count="41">
                        <i>0.661086 0.733007 0.160206 -0.163719 -0.0674515 0.984198 0.732231 -0.676868 0.0754162 -1.85098 2.37801 -1.72835</i>
                        <i>0.686235 0.723863 0.0714471 0.064866 -0.158735 0.985188 0.724482 -0.671436 -0.155883 -1.85057 2.34371 -1.72667</i>
                        <i>0.68985 0.716291 -0.105045 0.456834 -0.318144 0.830715 0.561614 -0.621056 -0.546698 -1.84708 2.27737 -1.72567</i>
                        <i>0.67655 0.706597 -0.207365 0.621075 -0.396213 0.676226 0.395658 -0.58629 -0.706908 -1.83941 2.2357 -1.72792</i>
                        <i>0.71487 0.659941 -0.23117 0.599004 -0.407382 0.689372 0.36077 -0.631283 -0.686533 -1.81945 2.2501 -1.73222</i>
                        <i>0.760734 0.595746 -0.257625 0.567463 -0.417785 0.709536 0.315071 -0.685961 -0.655887 -1.79294 2.28746 -1.73837</i>
                        <i>0.78123 0.563127 -0.269382 0.551794 -0.42117 0.719819 0.291894 -0.710988 -0.639761 -1.77977 2.31148 -1.74137</i>
                        <i>0.776217 0.5724 -0.264283 0.546809 -0.40256 0.734129 0.313826 -0.714356 -0.625467 -1.78467 2.30913 -1.74022</i>
                        <i>0.765741 0.591359 -0.252856 0.531937 -0.361346 0.765815 0.361503 -0.720919 -0.591263 -1.79545 2.29626 -1.73807</i>
                        <i>0.755024 0.610135 -0.240154 0.511154 -0.318288 0.798382 0.410683 -0.725554 -0.552188 -1.80638 2.28148 -1.73608</i>
                        <i>0.75129 0.617927 -0.231795 0.494087 -0.293773 0.818276 0.43754 -0.72929 -0.526019 -1.81179 2.27381 -1.73545</i>
                        <i>0.754 0.616086 -0.227864 0.483021 -0.284922 0.827956 0.445169 -0.734341 -0.512414 -1.81244 2.27298 -1.73586</i>
                        <i>0.75708 0.613607 -0.224311 0.471616 -0.275695 0.837598 0.452115 -0.739918 -0.49811 -1.81282 2.27258 -1.73625</i>
                        <i>0.760534 0.610601 -0.220802 0.459657 -0.266138 0.847281 0.458587 -0.74588 -0.483075 -1.81297 2.27259 -1.73657</i>
                        <i>0.764363 0.607178 -0.21699 0.446912 -0.256312 0.857073 0.464778 -0.75209 -0.46727 -1.81292 2.27305 -1.73681</i>
                        <i>0.768559 0.603447 -0.212528 0.433132 -0.246285 0.86703 0.470864 -0.758417 -0.450657 -1.81269 2.27395 -1.73694</i>
                        <i>0.773104 0.599525 -0.207075 0.418062 -0.236122 0.877194 0.477005 -0.764733 -0.433186 -1.81234 2.2753 -1.73693</i>
                        <i>0.777961 0.595532 -0.200295 0.401438 -0.225885 0.887594 0.483347 -0.77092 -0.414799 -1.81188 2.27712 -1.73677</i>
                        <i>0.783072 0.591594 -0.191869 0.382987 -0.215625 0.898236 0.490019 -0.776867 -0.395423 -1.81135 2.27942 -1.73644</i>
                        <i>0.788355 0.587843 -0.181488 0.36243 -0.205383 0.9091 0.497133 -0.78247 -0.374966 -1.81079 2.2822 -1.73592</i>
                        <i>0.793697 0.584409 -0.168854 0.339479 -0.195196 0.920137 0.504777 -0.787632 -0.353321 -1.81023 2.28548 -1.73521</i>
                        <i>0.798954 0.581424 -0.153684 0.313837 -0.1851 0.93126 0.51301 -0.792265 -0.330359 -1.80971 2.28927 -1.73429</i>
                        <i>0.803945 0.579014 -0.1357 0.285194 -0.175135 0.942333 0.521859 -0.796285 -0.305931 -1.80924 2.29356 -1.73315</i>
                        <i>0.808449 0.577296 -0.114626 0.253226 -0.165361 0.95317 0.531306 -0.799616 -0.279872 -1.80887 2.29839 -1.73178</i>
                        <i>0.806978 0.585121 -0.0801187 0.206391 -0.152301 0.966544 0.553343 -0.796516 -0.243667 -1.81087 2.30661 -1.72982</i>
                        <i>0.79378 0.607512 -0.0290263 0.138783 -0.134456 0.981153 0.592159 -0.782848 -0.191041 -1.81665 2.3196 -1.7276</i>
                        <i>0.769056 0.638569 0.0279578 0.0593123 -0.114847 0.991611 0.636423 -0.760947 -0.126199 -1.82487 2.33508 -1.72607</i>
                        <i>0.735853 0.672258 0.0811764 -0.0218071 -0.0962919 0.995114 0.67679 -0.734028 -0.0561968 -1.834 2.3508 -1.72576</i>
                        <i>0.700662 0.702733 0.123447 -0.0934558 -0.0811363 0.992312 0.707346 -0.706813 0.00882532 -1.84243 2.36457 -1.72656</i>
                        <i>0.672491 0.724626 0.150577 -0.144385 -0.0710944 0.986964 0.725885 -0.685466 0.0568148 -1.8486 2.37431 -1.72775</i>
                        <i>0.661086 0.733007 0.160206 -0.163719 -0.0674515 0.984198 0.732231 -0.676868 0.0754162 -1.85098 2.37801 -1.72835</i>
                        <i>0.661086 0.733007 0.160206 -0.163719 -0.0674515 0.984198 0.732231 -0.676868 0.0754162 -1.85098 2.37801 -1.72835</i>
                        <i>0.661086 0.733007 0.160206 -0.163719 -0.0674515 0.984198 0.732231 -0.676868 0.0754162 -1.85098 2.37801 -1.72835</i>
                        <i>0.661086 0.733007 0.160206 -0.163719 -0.0674515 0.984198 0.732231 -0.676868 0.0754162 -1.85098 2.37801 -1.72835</i>
                        <i>0.661086 0.733007 0.160206 -0.163719 -0.0674515 0.984198 0.732231 -0.676868 0.0754162 -1.85098 2.37801 -1.72835</i>
                        <i>0.661086 0.733007 0.160206 -0.163719 -0.0674515 0.984198 0.732231 -0.676868 0.0754162 -1.85098 2.37801 -1.72835</i>
                        <i>0.661086 0.733007 0.160206 -0.163719 -0.0674515 0.984198 0.732231 -0.676868 0.0754162 -1.85098 2.37801 -1.72835</i>
                        <i>0.661086 0.733007 0.160206 -0.163719 -0.0674515 0.984198 0.732231 -0.676868 0.0754162 -1.85098 2.37801 -1.72835</i>
                        <i>0.661086 0.733007 0.160206 -0.163719 -0.0674515 0.984198 0.732231 -0.676868 0.0754162 -1.85098 2.37801 -1.72835</i>
                        <i>0.661086 0.733007 0.160206 -0.163719 -0.0674515 0.984198 0.732231 -0.676868 0.0754162 -1.85098 2.37801 -1.72835</i>
                        <i>0.661086 0.733007 0.160206 -0.163719 -0.0674515 0.984198 0.732231 -0.676868 0.0754162 -1.85098 2.37801 -1.72835</i>
                    </KeyFrames>
                </p>
            </i>
            <i>
                <p>
                    <Name><![CDATA[head]]></Name>
                    <Exclude>0</Exclude>
                    <Additive>0</Additive>
                    <IKPriority>0</IKPriority>
                    <IKRotLimits>-1e+010 -1e+010 -1e+010 1e+010 1e+010 1e+010</IKRotLimits>
                    <IKRotLimitOrder>0</IKRotLimitOrder>
                    <KeyFrames count="41">
                        <i>-0.0195255 0.999757 0.0102557 -0.575376 -0.00284727 -0.817884 -0.817656 -0.0218705 0.575292 -1.68298 2.57598 -1.6968</i>
                        <i>0.303242 0.909358 0.284801 -0.850845 0.392962 -0.348775 -0.429078 -0.136558 0.892885 -1.67674 2.53892 -1.71738</i>
                        <i>0.701128 0.707426 -0.0892635 -0.561566 0.624988 0.542249 0.43939 -0.330058 0.835463 -1.67378 2.46975 -1.76119</i>
                        <i>0.571129 0.743678 -0.347498 -0.113114 0.490597 0.864014 0.813029 -0.454157 0.364315 -1.6703 2.42486 -1.79001</i>
                        <i>0.613883 0.690428 -0.382696 -0.0661025 0.528053 0.846635 0.786624 -0.494438 0.369802 -1.63956 2.42675 -1.80169</i>
                        <i>0.669078 0.612418 -0.421045 -0.0267667 0.586025 0.809851 0.74271 -0.530583 0.408489 -1.60032 2.44718 -1.81589</i>
                        <i>0.700692 0.561813 -0.439768 -0.0167731 0.629186 0.777074 0.713267 -0.537113 0.450289 -1.58146 2.46258 -1.82248</i>
                        <i>0.711369 0.549248 -0.438499 -0.0551558 0.665618 0.744252 0.700652 -0.505251 0.503794 -1.58762 2.46242 -1.82013</i>
                        <i>0.721393 0.543394 -0.429319 -0.120628 0.709052 0.694762 0.681939 -0.449409 0.577054 -1.60104 2.45406 -1.81527</i>
                        <i>0.73036 0.541293 -0.416624 -0.183587 0.74305 0.643562 0.657929 -0.393545 0.642069 -1.61464 2.44376 -1.81022</i>
                        <i>0.738011 0.536856 -0.408809 -0.214196 0.76088 0.61252 0.63989 -0.364481 0.676531 -1.62086 2.43796 -1.80744</i>
                        <i>0.745385 0.527231 -0.407956 -0.217526 0.77083 0.598752 0.630145 -0.35756 0.689252 -1.62062 2.43669 -1.80671</i>
                        <i>0.753294 0.515224 -0.408769 -0.218545 0.782306 0.583297 0.620311 -0.35006 0.701906 -1.62006 2.43567 -1.80611</i>
                        <i>0.761695 0.501457 -0.410319 -0.218007 0.794694 0.56651 0.610159 -0.342055 0.714636 -1.61919 2.43495 -1.80551</i>
                        <i>0.770541 0.486585 -0.411706 -0.216663 0.807414 0.548761 0.599437 -0.333641 0.727571 -1.61803 2.43455 -1.80478</i>
                        <i>0.779786 0.471305 -0.412075 -0.215266 0.819938 0.530436 0.587873 -0.324921 0.740832 -1.61662 2.43453 -1.8038</i>
                        <i>0.789379 0.456362 -0.410627 -0.214582 0.831794 0.511932 0.575183 -0.315995 0.754527 -1.61497 2.43491 -1.80246</i>
                        <i>0.799257 0.442547 -0.406622 -0.215391 0.842572 0.493639 0.561066 -0.306962 0.768752 -1.61312 2.43574 -1.80062</i>
                        <i>0.809322 0.430689 -0.399381 -0.218502 0.851915 0.475917 0.545211 -0.297905 0.78358 -1.6111 2.43706 -1.79819</i>
                        <i>0.819424 0.421644 -0.388278 -0.224746 0.859507 0.459061 0.527288 -0.288902 0.799064 -1.60898 2.43891 -1.79505</i>
                        <i>0.829325 0.416278 -0.372736 -0.234984 0.865043 0.443264 0.506954 -0.280023 0.815221 -1.6068 2.44133 -1.79111</i>
                        <i>0.838661 0.415446 -0.352212 -0.250095 0.868205 0.42857 0.48384 -0.271339 0.83203 -1.60463 2.44438 -1.78626</i>
                        <i>0.84689 0.41997 -0.326194 -0.270964 0.868616 0.414832 0.457554 -0.26293 0.849419 -1.60254 2.4481 -1.78041</i>
                        <i>0.853241 0.430609 -0.294202 -0.298453 0.865795 0.401652 0.427674 -0.2549 0.867249 -1.60062 2.45251 -1.77346</i>
                        <i>0.853665 0.488916 -0.179492 -0.438649 0.860731 0.25832 0.280791 -0.141785 0.949238 -1.60269 2.46305 -1.76222</i>
                        <i>0.780061 0.625031 -0.0290147 -0.62521 0.776763 -0.0758355 -0.024862 0.0772966 0.996698 -1.61187 2.48248 -1.74621</i>
                        <i>0.636418 0.77121 0.014392 -0.71145 0.594107 -0.375334 -0.298012 0.22863 0.926778 -1.6268 2.5068 -1.72936</i>
                        <i>0.448758 0.893364 0.0227249 -0.74415 0.387643 -0.544035 -0.49483 0.227229 0.838755 -1.64512 2.53199 -1.71486</i>
                        <i>0.229902 0.9727 0.0316293 -0.706316 0.189123 -0.682166 -0.669524 0.134491 0.730513 -1.66337 2.55423 -1.70453</i>
                        <i>0.0520462 0.998439 0.0202786 -0.622953 0.0483307 -0.780765 -0.780526 0.0280031 0.624496 -1.67741 2.57 -1.69868</i>
                        <i>-0.0195255 0.999757 0.0102557 -0.575376 -0.00284727 -0.817884 -0.817656 -0.0218705 0.575292 -1.68298 2.57598 -1.6968</i>
                        <i>-0.0195255 0.999757 0.0102557 -0.575376 -0.00284727 -0.817884 -0.817656 -0.0218705 0.575292 -1.68298 2.57598 -1.6968</i>
                        <i>-0.0195255 0.999757 0.0102557 -0.575376 -0.00284727 -0.817884 -0.817656 -0.0218705 0.575292 -1.68298 2.57598 -1.6968</i>
                        <i>-0.0195255 0.999757 0.0102557 -0.575376 -0.00284727 -0.817884 -0.817656 -0.0218705 0.575292 -1.68298 2.57598 -1.6968</i>
                        <i>-0.0195255 0.999757 0.0102557 -0.575376 -0.00284727 -0.817884 -0.817656 -0.0218705 0.575292 -1.68298 2.57598 -1.6968</i>
                        <i>-0.0195255 0.999757 0.0102557 -0.575376 -0.00284727 -0.817884 -0.817656 -0.0218705 0.575292 -1.68298 2.57598 -1.6968</i>
                        <i>-0.0195255 0.999757 0.0102557 -0.575376 -0.00284727 -0.817884 -0.817656 -0.0218705 0.575292 -1.68298 2.57598 -1.6968</i>
                        <i>-0.0195255 0.999757 0.0102557 -0.575376 -0.00284727 -0.817884 -0.817656 -0.0218705 0.575292 -1.68298 2.57598 -1.6968</i>
                        <i>-0.0195255 0.999757 0.0102557 -0.575376 -0.00284727 -0.817884 -0.817656 -0.0218705 0.575292 -1.68298 2.57598 -1.6968</i>
                        <i>-0.0195255 0.999757 0.0102557 -0.575376 -0.00284727 -0.817884 -0.817656 -0.0218705 0.575292 -1.68298 2.57598 -1.6968</i>
                        <i>-0.0195255 0.999757 0.0102557 -0.575376 -0.00284727 -0.817884 -0.817656 -0.0218705 0.575292 -1.68298 2.57598 -1.6968</i>
                    </KeyFrames>
                </p>
            </i>
            <i>
                <p>
                    <Name><![CDATA[head_prop]]></Name>
                    <Exclude>0</Exclude>
                    <Additive>0</Additive>
                    <IKPriority>0</IKPriority>
                    <IKRotLimits>-1e+010 -1e+010 -1e+010 1e+010 1e+010 1e+010</IKRotLimits>
                    <IKRotLimitOrder>0</IKRotLimitOrder>
                    <KeyFrames count="41">
                        <i>0.817656 0.0218705 -0.575292 -0.0195255 0.999757 0.0102557 0.575376 0.00284727 0.817884 -1.68935 2.90181 -1.69346</i>
                        <i>0.429078 0.136558 -0.892885 0.303242 0.909358 0.284801 0.850845 -0.392962 0.348775 -1.57791 2.83528 -1.62457</i>
                        <i>-0.43939 0.330058 -0.835463 0.701128 0.707426 -0.0892635 0.561566 -0.624988 -0.542249 -1.44527 2.70031 -1.79028</i>
                        <i>-0.813029 0.454157 -0.364315 0.571129 0.743678 -0.347498 0.113114 -0.490597 -0.864014 -1.48416 2.66723 -1.90327</i>
                        <i>-0.786624 0.494438 -0.369802 0.613883 0.690428 -0.382696 0.0661025 -0.528053 -0.846635 -1.43949 2.65177 -1.92642</i>
                        <i>-0.74271 0.530583 -0.408489 0.669078 0.612418 -0.421045 0.0267667 -0.586025 -0.809851 -1.38227 2.64677 -1.95311</i>
                        <i>-0.713267 0.537113 -0.450289 0.700692 0.561813 -0.439768 0.0167731 -0.629186 -0.777074 -1.3531 2.64568 -1.96581</i>
                        <i>-0.700652 0.505251 -0.503794 0.711369 0.549248 -0.438499 0.0551558 -0.665618 -0.744252 -1.35578 2.64142 -1.96304</i>
                        <i>-0.681939 0.449409 -0.577054 0.721393 0.543394 -0.429319 0.120628 -0.709052 -0.694762 -1.36593 2.63115 -1.95519</i>
                        <i>-0.657929 0.393545 -0.642069 0.73036 0.541293 -0.416624 0.183587 -0.74305 -0.643562 -1.37661 2.62017 -1.946</i>
                        <i>-0.63989 0.364481 -0.676531 0.738011 0.536856 -0.408809 0.214196 -0.76088 -0.61252 -1.38034 2.61293 -1.94067</i>
                        <i>-0.630145 0.35756 -0.689252 0.745385 0.527231 -0.407956 0.217526 -0.77083 -0.598752 -1.3777 2.60852 -1.93967</i>
                        <i>-0.620311 0.35006 -0.701906 0.753294 0.515224 -0.408769 0.218545 -0.782306 -0.583297 -1.37455 2.60358 -1.93933</i>
                        <i>-0.610159 0.342055 -0.714636 0.761695 0.501457 -0.410319 0.218007 -0.794694 -0.56651 -1.37095 2.59837 -1.93923</i>
                        <i>-0.599437 0.333641 -0.727571 0.770541 0.486585 -0.411706 0.216663 -0.807414 -0.548761 -1.36691 2.59314 -1.93896</i>
                        <i>-0.587873 0.324921 -0.740832 0.779786 0.471305 -0.412075 0.215266 -0.819938 -0.530436 -1.36248 2.58813 -1.9381</i>
                        <i>-0.575183 0.315995 -0.754527 0.789379 0.456362 -0.410627 0.214582 -0.831794 -0.511932 -1.3577 2.58364 -1.93629</i>
                        <i>-0.561066 0.306962 -0.768752 0.799257 0.442547 -0.406622 0.215391 -0.842572 -0.493639 -1.35263 2.57997 -1.93315</i>
                        <i>-0.545211 0.297905 -0.78358 0.809322 0.430689 -0.399381 0.218502 -0.851915 -0.475917 -1.34734 2.57742 -1.92835</i>
                        <i>-0.527288 0.288902 -0.799064 0.819424 0.421644 -0.388278 0.224746 -0.859507 -0.459061 -1.34192 2.57632 -1.9216</i>
                        <i>-0.506954 0.280023 -0.815221 0.829325 0.416278 -0.372736 0.234984 -0.865043 -0.443264 -1.33652 2.577 -1.91259</i>
                        <i>-0.48384 0.271339 -0.83203 0.838661 0.415446 -0.352212 0.250095 -0.868205 -0.42857 -1.3313 2.57978 -1.90105</i>
                        <i>-0.457554 0.26293 -0.849419 0.84689 0.41997 -0.326194 0.270964 -0.868616 -0.414832 -1.32653 2.58497 -1.88672</i>
                        <i>-0.427674 0.2549 -0.867249 0.853241 0.430609 -0.294202 0.298453 -0.865795 -0.401652 -1.32254 2.59285 -1.86934</i>
                        <i>-0.280791 0.141785 -0.949238 0.853665 0.488916 -0.179492 0.438649 -0.860731 -0.25832 -1.32448 2.62239 -1.82072</i>
                        <i>0.024862 -0.0772966 -0.996698 0.780061 0.625031 -0.0290147 0.62521 -0.776763 0.0758355 -1.35765 2.68618 -1.75567</i>
                        <i>0.298012 -0.22863 -0.926778 0.636418 0.77121 0.014392 0.71145 -0.594107 0.375334 -1.41939 2.75814 -1.72467</i>
                        <i>0.49483 -0.227229 -0.838755 0.448758 0.893364 0.0227249 0.74415 -0.387643 0.544035 -1.49887 2.82314 -1.70746</i>
                        <i>0.669524 -0.134491 -0.730513 0.229902 0.9727 0.0316293 0.706316 -0.189123 0.682166 -1.58845 2.87124 -1.69422</i>
                        <i>0.780526 -0.0280031 -0.624496 0.0520462 0.998439 0.0202786 0.622953 -0.0483307 0.780765 -1.66045 2.8954 -1.69207</i>
                        <i>0.817656 0.0218705 -0.575292 -0.0195255 0.999757 0.0102557 0.575376 0.00284727 0.817884 -1.68935 2.90181 -1.69346</i>
                        <i>0.817656 0.0218705 -0.575292 -0.0195255 0.999757 0.0102557 0.575376 0.00284727 0.817884 -1.68935 2.90181 -1.69346</i>
                        <i>0.817656 0.0218705 -0.575292 -0.0195255 0.999757 0.0102557 0.575376 0.00284727 0.817884 -1.68935 2.90181 -1.69346</i>
                        <i>0.817656 0.0218705 -0.575292 -0.0195255 0.999757 0.0102557 0.575376 0.00284727 0.817884 -1.68935 2.90181 -1.69346</i>
                        <i>0.817656 0.0218705 -0.575292 -0.0195255 0.999757 0.0102557 0.575376 0.00284727 0.817884 -1.68935 2.90181 -1.69346</i>
                        <i>0.817656 0.0218705 -0.575292 -0.0195255 0.999757 0.0102557 0.575376 0.00284727 0.817884 -1.68935 2.90181 -1.69346</i>
                        <i>0.817656 0.0218705 -0.575292 -0.0195255 0.999757 0.0102557 0.575376 0.00284727 0.817884 -1.68935 2.90181 -1.69346</i>
                        <i>0.817656 0.0218705 -0.575292 -0.0195255 0.999757 0.0102557 0.575376 0.00284727 0.817884 -1.68935 2.90181 -1.69346</i>
                        <i>0.817656 0.0218705 -0.575292 -0.0195255 0.999757 0.0102557 0.575376 0.00284727 0.817884 -1.68935 2.90181 -1.69346</i>
                        <i>0.817656 0.0218705 -0.575292 -0.0195255 0.999757 0.0102557 0.575376 0.00284727 0.817884 -1.68935 2.90181 -1.69346</i>
                        <i>0.817656 0.0218705 -0.575292 -0.0195255 0.999757 0.0102557 0.575376 0.00284727 0.817884 -1.68935 2.90181 -1.69346</i>
                    </KeyFrames>
                </p>
            </i>
            <i>
                <p>
                    <Name><![CDATA[l_clav]]></Name>
                    <Exclude>0</Exclude>
                    <Additive>0</Additive>
                    <IKPriority>0</IKPriority>
                    <IKRotLimits>-1e+010 -1e+010 -1e+010 1e+010 1e+010 1e+010</IKRotLimits>
                    <IKRotLimitOrder>0</IKRotLimitOrder>
                    <KeyFrames count="41">
                        <i>0.0489892 0.266328 -0.962637 0.480507 0.838649 0.256479 0.875621 -0.475118 -0.086888 -1.77459 2.40339 -1.79496</i>
                        <i>-0.0898057 0.460422 -0.883146 0.543664 0.765626 0.343869 0.834485 -0.449253 -0.319072 -1.79276 2.37591 -1.80558</i>
                        <i>-0.22554 0.75541 -0.615214 0.747779 0.539001 0.38769 0.624466 -0.372604 -0.686446 -1.82755 2.32316 -1.81292</i>
                        <i>-0.200789 0.865096 -0.459665 0.872435 0.371332 0.317758 0.445579 -0.337225 -0.8293 -1.83959 2.2882 -1.81191</i>
                        <i>-0.150298 0.856533 -0.493723 0.8958 0.32927 0.298535 0.418273 -0.397408 -0.816771 -1.81709 2.30005 -1.81726</i>
                        <i>-0.0875237 0.839298 -0.536581 0.919226 0.275619 0.281173 0.38388 -0.46863 -0.795627 -1.78694 2.33357 -1.82495</i>
                        <i>-0.057817 0.828383 -0.55717 0.928857 0.249188 0.274099 0.365899 -0.501684 -0.783857 -1.77205 2.35558 -1.82869</i>
                        <i>-0.0624804 0.820042 -0.568882 0.919971 0.268327 0.285753 0.386976 -0.505501 -0.77118 -1.77628 2.35215 -1.828</i>
                        <i>-0.0697005 0.800508 -0.595256 0.898299 0.309861 0.31152 0.433821 -0.513005 -0.740693 -1.78524 2.33679 -1.82682</i>
