<?xml version="1.0" encoding="ISO-8859-1" ?>
<Animl Version="1">
    <ModellingPackage><![CDATA[Maya.2010]]></ModellingPackage>
    <SrcFile><![CDATA[anims\turrets\artillery\blue\~src\artillery_m102\artillery_m102_fire_crewman_a.mb]]></SrcFile>
    <FramesPerSecond>30</FramesPerSecond>
    <TotalFrames>40</TotalFrames>
    <Skeleton>
        <RefFrame>
            <Name><![CDATA[soldier_ref_frame]]></Name>
            <Exclude>0</Exclude>
            <Additive>0</Additive>
            <IKPriority>0</IKPriority>
            <IKRotLimits>-1e+010 -1e+010 -1e+010 1e+010 1e+010 1e+010</IKRotLimits>
            <IKRotLimitOrder>0</IKRotLimitOrder>
            <KeyFrames count="40">
                <i>1 0 0 0 1 0 0 0 1 1.91 1.34 -1.08</i>
                <i>1 0 0 0 1 0 0 0 1 1.91 1.34 -1.08</i>
                <i>1 0 0 0 1 0 0 0 1 1.91 1.34 -1.08</i>
                <i>1 0 0 0 1 0 0 0 1 1.91 1.34 -1.08</i>
                <i>1 0 0 0 1 0 0 0 1 1.91 1.34 -1.08</i>
                <i>1 0 0 0 1 0 0 0 1 1.91 1.34 -1.08</i>
                <i>1 0 0 0 1 0 0 0 1 1.91 1.34 -1.08</i>
                <i>1 0 0 0 1 0 0 0 1 1.91 1.34 -1.08</i>
                <i>1 0 0 0 1 0 0 0 1 1.91 1.34 -1.08</i>
                <i>1 0 0 0 1 0 0 0 1 1.91 1.34 -1.08</i>
                <i>1 0 0 0 1 0 0 0 1 1.91 1.34 -1.08</i>
                <i>1 0 0 0 1 0 0 0 1 1.91 1.34 -1.08</i>
                <i>1 0 0 0 1 0 0 0 1 1.91 1.34 -1.08</i>
                <i>1 0 0 0 1 0 0 0 1 1.91 1.34 -1.08</i>
                <i>1 0 0 0 1 0 0 0 1 1.91 1.34 -1.08</i>
                <i>1 0 0 0 1 0 0 0 1 1.91 1.34 -1.08</i>
                <i>1 0 0 0 1 0 0 0 1 1.91 1.34 -1.08</i>
                <i>1 0 0 0 1 0 0 0 1 1.91 1.34 -1.08</i>
                <i>1 0 0 0 1 0 0 0 1 1.91 1.34 -1.08</i>
                <i>1 0 0 0 1 0 0 0 1 1.91 1.34 -1.08</i>
                <i>1 0 0 0 1 0 0 0 1 1.91 1.34 -1.08</i>
                <i>1 0 0 0 1 0 0 0 1 1.91 1.34 -1.08</i>
                <i>1 0 0 0 1 0 0 0 1 1.91 1.34 -1.08</i>
                <i>1 0 0 0 1 0 0 0 1 1.91 1.34 -1.08</i>
                <i>1 0 0 0 1 0 0 0 1 1.91 1.34 -1.08</i>
                <i>1 0 0 0 1 0 0 0 1 1.91 1.34 -1.08</i>
                <i>1 0 0 0 1 0 0 0 1 1.91 1.34 -1.08</i>
                <i>1 0 0 0 1 0 0 0 1 1.91 1.34 -1.08</i>
                <i>1 0 0 0 1 0 0 0 1 1.91 1.34 -1.08</i>
                <i>1 0 0 0 1 0 0 0 1 1.91 1.34 -1.08</i>
                <i>1 0 0 0 1 0 0 0 1 1.91 1.34 -1.08</i>
                <i>1 0 0 0 1 0 0 0 1 1.91 1.34 -1.08</i>
                <i>1 0 0 0 1 0 0 0 1 1.91 1.34 -1.08</i>
                <i>1 0 0 0 1 0 0 0 1 1.91 1.34 -1.08</i>
                <i>1 0 0 0 1 0 0 0 1 1.91 1.34 -1.08</i>
                <i>1 0 0 0 1 0 0 0 1 1.91 1.34 -1.08</i>
                <i>1 0 0 0 1 0 0 0 1 1.91 1.34 -1.08</i>
                <i>1 0 0 0 1 0 0 0 1 1.91 1.34 -1.08</i>
                <i>1 0 0 0 1 0 0 0 1 1.91 1.34 -1.08</i>
                <i>1 0 0 0 1 0 0 0 1 1.91 1.34 -1.08</i>
            </KeyFrames>
        </RefFrame>
        <Bones count="23">
            <i>
                <p>
                    <Name><![CDATA[pelvis]]></Name>
                    <Exclude>0</Exclude>
                    <Additive>0</Additive>
                    <IKPriority>0</IKPriority>
                    <IKRotLimits>-1e+010 -1e+010 -1e+010 1e+010 1e+010 1e+010</IKRotLimits>
                    <IKRotLimitOrder>2</IKRotLimitOrder>
                    <KeyFrames count="40">
                        <i>1 0 0 0 1 0 0 0 1 1.8817 2.24043 -1.03912</i>
                        <i>1 0 0 0 1 0 0 0 1 1.89008 2.20691 -1.03248</i>
                        <i>1 0 0 0 1 0 0 0 1 1.90765 2.1386 -1.01879</i>
                        <i>1 0 0 0 1 0 0 0 1 1.92311 2.08389 -1.00742</i>
                        <i>1 0 0 0 1 0 0 0 1 1.92419 2.11327 -1.01075</i>
                        <i>1 0 0 0 1 0 0 0 1 1.91903 2.10354 -1.01074</i>
                        <i>1 0 0 0 1 0 0 0 1 1.91295 2.08676 -1.01023</i>
                        <i>1 0 0 0 1 0 0 0 1 1.90667 2.07185 -1.00963</i>
                        <i>1 0 0 0 1 0 0 0 1 1.90092 2.06775 -1.00933</i>
                        <i>1 0 0 0 1 0 0 0 1 1.89493 2.07558 -1.00901</i>
                        <i>1 0 0 0 1 0 0 0 1 1.88826 2.08947 -1.00845</i>
                        <i>1 0 0 0 1 0 0 0 1 1.88221 2.10785 -1.00817</i>
                        <i>1 0 0 0 1 0 0 0 1 1.87807 2.12914 -1.00872</i>
                        <i>1 0 0 0 1 0 0 0 1 1.87712 2.15175 -1.01066</i>
                        <i>1 0 0 0 1 0 0 0 1 1.88286 2.18157 -1.01537</i>
                        <i>1 0 0 0 1 0 0 0 1 1.89415 2.21859 -1.02241</i>
                        <i>1 0 0 0 1 0 0 0 1 1.90529 2.25237 -1.02954</i>
                        <i>1 0 0 0 1 0 0 0 1 1.91061 2.27252 -1.03453</i>
                        <i>1 0 0 0 1 0 0 0 1 1.90793 2.27549 -1.03703</i>
                        <i>1 0 0 0 1 0 0 0 1 1.9008 2.26832 -1.03842</i>
                        <i>1 0 0 0 1 0 0 0 1 1.89212 2.25646 -1.03902</i>
                        <i>1 0 0 0 1 0 0 0 1 1.88479 2.24535 -1.03915</i>
                        <i>1 0 0 0 1 0 0 0 1 1.8817 2.24043 -1.03912</i>
                        <i>1 0 0 0 1 0 0 0 1 1.8817 2.24043 -1.03912</i>
                        <i>1 0 0 0 1 0 0 0 1 1.8817 2.24043 -1.03912</i>
                        <i>1 0 0 0 1 0 0 0 1 1.8817 2.24043 -1.03912</i>
                        <i>1 0 0 0 1 0 0 0 1 1.8817 2.24043 -1.03912</i>
                        <i>1 0 0 0 1 0 0 0 1 1.8817 2.24043 -1.03912</i>
                        <i>1 0 0 0 1 0 0 0 1 1.8817 2.24043 -1.03912</i>
                        <i>1 0 0 0 1 0 0 0 1 1.8817 2.24043 -1.03912</i>
                        <i>1 0 0 0 1 0 0 0 1 1.8817 2.24043 -1.03912</i>
                        <i>1 0 0 0 1 0 0 0 1 1.8817 2.24043 -1.03912</i>
                        <i>1 0 0 0 1 0 0 0 1 1.8817 2.24043 -1.03912</i>
                        <i>1 0 0 0 1 0 0 0 1 1.8817 2.24043 -1.03912</i>
                        <i>1 0 0 0 1 0 0 0 1 1.8817 2.24043 -1.03912</i>
                        <i>1 0 0 0 1 0 0 0 1 1.8817 2.24043 -1.03912</i>
                        <i>1 0 0 0 1 0 0 0 1 1.8817 2.24043 -1.03912</i>
                        <i>1 0 0 0 1 0 0 0 1 1.8817 2.24043 -1.03912</i>
                        <i>1 0 0 0 1 0 0 0 1 1.8817 2.24043 -1.03912</i>
                        <i>1 0 0 0 1 0 0 0 1 1.8817 2.24043 -1.03912</i>
                    </KeyFrames>
                </p>
            </i>
            <i>
                <p>
                    <Name><![CDATA[spine0]]></Name>
                    <Exclude>0</Exclude>
                    <Additive>0</Additive>
                    <IKPriority>0</IKPriority>
                    <IKRotLimits>-1e+010 -1e+010 -1e+010 1e+010 1e+010 1e+010</IKRotLimits>
                    <IKRotLimitOrder>0</IKRotLimitOrder>
                    <KeyFrames count="40">
                        <i>-0.49018 0.861385 0.133191 -0.0346449 0.133433 -0.990452 -0.870933 -0.490114 -0.0355635 1.90842 2.38136 -1.05013</i>
                        <i>-0.474544 0.872544 0.116083 0.0199589 0.142509 -0.989592 -0.880005 -0.467288 -0.0850421 1.92409 2.34651 -1.03961</i>
                        <i>-0.444657 0.891171 0.0899664 0.122445 0.159978 -0.979497 -0.887292 -0.424524 -0.180254 1.95455 2.27458 -1.01614</i>
                        <i>-0.428939 0.899689 0.0810621 0.178499 0.172384 -0.968722 -0.885522 -0.401053 -0.234536 1.97702 2.21678 -0.996064</i>
                        <i>-0.453742 0.886851 0.0872567 0.17857 0.186417 -0.966106 -0.873058 -0.422781 -0.242951 1.97789 2.246 -0.996796</i>
                        <i>-0.437935 0.894947 0.0853407 0.178985 0.179823 -0.967279 -0.881009 -0.40833 -0.238933 1.97315 2.2361 -0.996765</i>
                        <i>-0.410852 0.907962 0.0824953 0.180128 0.169542 -0.968922 -0.893731 -0.383224 -0.233206 1.96816 2.21886 -0.996188</i>
                        <i>-0.382361 0.920541 0.0800243 0.181707 0.159823 -0.970278 -0.905971 -0.356455 -0.228379 1.96343 2.20328 -0.995483</i>
                        <i>-0.361926 0.928816 0.0794341 0.183665 0.154589 -0.970757 -0.913935 -0.336753 -0.226541 1.95951 2.19836 -0.995069</i>
                        <i>-0.351835 0.93256 0.080895 0.185961 0.154333 -0.970361 -0.917404 -0.326364 -0.22772 1.95537 2.20533 -0.994635</i>
                        <i>-0.348393 0.933641 0.0832932 0.188338 0.156773 -0.969511 -0.918233 -0.322083 -0.230458 1.95041 2.21841 -0.993958</i>
                        <i>-0.351876 0.932067 0.0862215 0.190571 0.161518 -0.968295 -0.916442 -0.324288 -0.23446 1.94572 2.23612 -0.993595</i>
                        <i>-0.362421 0.92773 0.0892674 0.192353 0.168171 -0.966809 -0.911949 -0.333221 -0.2394 1.94237 2.257 -0.994101</i>
                        <i>-0.379927 0.920427 0.0920358 0.193271 0.176288 -0.965178 -0.9046 -0.348909 -0.244869 1.94147 2.27959 -0.996029</i>
                        <i>-0.412382 0.906247 0.0930481 0.190401 0.185618 -0.963999 -0.890892 -0.379819 -0.249095 1.94239 2.31184 -1.00178</i>
                        <i>-0.458577 0.884084 0.0900179 0.181637 0.192407 -0.964359 -0.869894 -0.425882 -0.248816 1.942 2.35383 -1.0117</i>
                        <i>-0.505387 0.859026 0.0816035 0.16941 0.191506 -0.966761 -0.8461 -0.474763 -0.242312 1.93779 2.39237 -1.02326</i>
                        <i>-0.539996 0.838862 0.0686668 0.157997 0.181163 -0.970679 -0.826705 -0.513313 -0.230365 1.92784 2.41534 -1.0337</i>
                        <i>-0.558583 0.827 0.0636836 0.130491 0.16344 -0.977885 -0.81912 -0.53792 -0.199211 1.91199 2.4192 -1.04226</i>
                        <i>-0.552403 0.830432 0.0723455 0.0821156 0.140579 -0.986658 -0.829523 -0.539092 -0.145848 1.89479 2.41168 -1.04877</i>
                        <i>-0.512425 0.854822 0.0818538 0.038053 0.117829 -0.992305 -0.857889 -0.505367 -0.0929072 1.8842 2.3995 -1.05217</i>
                        <i>-0.458281 0.884951 0.0827101 0.0125075 0.0994693 -0.994962 -0.888719 -0.454938 -0.0566534 1.88272 2.38848 -1.0535</i>
                        <i>-0.422604 0.902824 0.0794611 0.0095869 0.0921231 -0.995701 -0.906264 -0.420025 -0.0475868 1.88777 2.38343 -1.05362</i>
                        <i>-0.414653 0.906185 0.083018 0.0174616 0.0991374 -0.994921 -0.909812 -0.411097 -0.0569311 1.89703 2.38282 -1.05277</i>
                        <i>-0.424186 0.900635 0.0944586 0.0191157 0.11319 -0.993389 -0.905373 -0.419577 -0.0652299 1.90646 2.38159 -1.05174</i>
                        <i>-0.444651 0.889207 0.107686 0.0108137 0.125546 -0.992029 -0.895638 -0.439943 -0.0654398 1.91085 2.3808 -1.05111</i>
                        <i>-0.462898 0.878541 0.117862 -0.00465504 0.130554 -0.99143 -0.886399 -0.459479 -0.0563437 1.91057 2.38089 -1.05077</i>
                        <i>-0.475543 0.870734 0.125227 -0.0192493 0.13202 -0.99106 -0.879482 -0.473702 -0.0460199 1.90972 2.38108 -1.05047</i>
                        <i>-0.485897 0.864156 0.130913 -0.0302816 0.133048 -0.990647 -0.873491 -0.485317 -0.0384798 1.90884 2.38128 -1.05023</i>
                        <i>-0.49018 0.861385 0.133191 -0.0346449 0.133433 -0.990452 -0.870933 -0.490114 -0.0355635 1.90842 2.38136 -1.05013</i>
                        <i>-0.49018 0.861385 0.133191 -0.0346449 0.133433 -0.990452 -0.870933 -0.490114 -0.0355635 1.90842 2.38136 -1.05013</i>
                        <i>-0.49018 0.861385 0.133191 -0.0346449 0.133433 -0.990452 -0.870933 -0.490114 -0.0355635 1.90842 2.38136 -1.05013</i>
                        <i>-0.49018 0.861385 0.133191 -0.0346449 0.133433 -0.990452 -0.870933 -0.490114 -0.0355635 1.90842 2.38136 -1.05013</i>
                        <i>-0.49018 0.861385 0.133191 -0.0346449 0.133433 -0.990452 -0.870933 -0.490114 -0.0355635 1.90842 2.38136 -1.05013</i>
                        <i>-0.49018 0.861385 0.133191 -0.0346449 0.133433 -0.990452 -0.870933 -0.490114 -0.0355635 1.90842 2.38136 -1.05013</i>
                        <i>-0.49018 0.861385 0.133191 -0.0346449 0.133433 -0.990452 -0.870933 -0.490114 -0.0355635 1.90842 2.38136 -1.05013</i>
                        <i>-0.49018 0.861385 0.133191 -0.0346449 0.133433 -0.990452 -0.870933 -0.490114 -0.0355635 1.90842 2.38136 -1.05013</i>
                        <i>-0.49018 0.861385 0.133191 -0.0346449 0.133433 -0.990452 -0.870933 -0.490114 -0.0355635 1.90842 2.38136 -1.05013</i>
                        <i>-0.49018 0.861385 0.133191 -0.0346449 0.133433 -0.990452 -0.870933 -0.490114 -0.0355635 1.90842 2.38136 -1.05013</i>
                        <i>-0.49018 0.861385 0.133191 -0.0346449 0.133433 -0.990452 -0.870933 -0.490114 -0.0355635 1.90842 2.38136 -1.05013</i>
                    </KeyFrames>
                </p>
            </i>
            <i>
                <p>
                    <Name><![CDATA[spine1]]></Name>
                    <Exclude>0</Exclude>
                    <Additive>0</Additive>
                    <IKPriority>0</IKPriority>
                    <IKRotLimits>-1e+010 -1e+010 -1e+010 1e+010 1e+010 1e+010</IKRotLimits>
                    <IKRotLimitOrder>0</IKRotLimitOrder>
                    <KeyFrames count="40">
                        <i>-0.84185 0.476141 0.254124 -0.217344 0.1319 -0.967142 -0.494015 -0.869421 -0.00755373 1.82183 2.5336 -1.02659</i>
                        <i>-0.858167 0.471329 0.203467 -0.161904 0.127629 -0.978518 -0.487172 -0.872674 -0.0332169 1.83976 2.50164 -1.01898</i>
                        <i>-0.879686 0.464438 0.10223 -0.0554317 0.113363 -0.992006 -0.472314 -0.87832 -0.0739792 1.87456 2.43502 -0.999938</i>
                        <i>-0.886384 0.461716 0.0337809 0.00836208 0.0889246 -0.996003 -0.462875 -0.882559 -0.0826823 1.89913 2.38028 -0.981321</i>
                        <i>-0.884834 0.465477 0.0200171 0.0190082 0.0789943 -0.996694 -0.465519 -0.881528 -0.0787446 1.89574 2.4067 -0.980973</i>
                        <i>-0.882477 0.469926 0.0201061 0.0171466 0.0748588 -0.997047 -0.470044 -0.879526 -0.0741188 1.89365 2.39871 -0.981247</i>
                        <i>-0.87693 0.480185 0.020401 0.0147303 0.0692801 -0.997488 -0.480392 -0.874427 -0.0678271 1.89324 2.38458 -0.981118</i>
                        <i>-0.869369 0.493724 0.0208472 0.0129348 0.0649079 -0.997807 -0.493994 -0.867193 -0.0628151 1.89341 2.37206 -0.980797</i>
                        <i>-0.861536 0.507249 0.0213413 0.0127181 0.0635852 -0.997895 -0.507538 -0.859451 -0.0612322 1.89309 2.36901 -0.98046</i>
                        <i>-0.854592 0.518841 0.0218145 0.014085 0.0651507 -0.997776 -0.519109 -0.852384 -0.0629852 1.89087 2.37652 -0.97977</i>
                        <i>-0.84873 0.528359 0.0222333 0.0162742 0.0681187 -0.997544 -0.528576 -0.846284 -0.066413 1.88669 2.38939 -0.97869</i>
                        <i>-0.844565 0.534977 0.0225517 0.0190871 0.0721695 -0.99721 -0.535112 -0.841778 -0.071163 1.88156 2.40625 -0.977843</i>
                        <i>-0.842739 0.537842 0.0227309 0.0222723 0.0770254 -0.99678 -0.537861 -0.83952 -0.0768913 1.87653 2.42572 -0.977854</i>
                        <i>-0.843934 0.535964 0.0227382 0.0254843 0.0823946 -0.996274 -0.535841 -0.84021 -0.0831943 1.87269 2.44636 -0.97934</i>
                        <i>-0.84291 0.53731 0.0282941 0.0288637 0.0976653 -0.994801 -0.537279 -0.837711 -0.0978319 1.86867 2.47396 -0.985125</i>
                        <i>-0.832891 0.55163 0.0446886 0.0320021 0.128616 -0.991178 -0.552511 -0.824113 -0.124777 1.86201 2.50808 -0.995991</i>
                        <i>-0.811106 0.580613 0.0706756 0.0332406 0.166397 -0.985498 -0.583954 -0.796994 -0.154266 1.85203 2.53813 -1.00941</i>
                        <i>-0.775114 0.623501 0.102196 0.0310396 0.19913 -0.979481 -0.631058 -0.756038 -0.173702 1.83826 2.55443 -1.02233</i>
                        <i>-0.731095 0.666516 0.145796 0.0021754 0.215967 -0.976398 -0.682272 -0.713523 -0.159342 1.82068 2.55429 -1.03187</i>
                        <i>-0.691798 0.694458 0.197847 -0.06873 0.209421 -0.975407 -0.718813 -0.688383 -0.0971467 1.80522 2.54624 -1.03706</i>
                        <i>-0.673665 0.699702 0.237891 -0.149121 0.186577 -0.971057 -0.723836 -0.689642 -0.0213502 1.80054 2.53896 -1.03882</i>
                        <i>-0.677874 0.688406 0.25804 -0.20479 0.160283 -0.965593 -0.706079 -0.707395 0.0323269 1.80613 2.53631 -1.03968</i>
                        <i>-0.695118 0.670643 0.258936 -0.22052 0.143908 -0.964708 -0.684238 -0.727687 0.047857 1.81544 2.53795 -1.04002</i>
                        <i>-0.736098 0.628092 0.252308 -0.213064 0.138799 -0.967129 -0.642466 -0.76566 0.0316542 1.82462 2.5411 -1.03826</i>
                        <i>-0.789191 0.561012 0.249886 -0.208946 0.137341 -0.968235 -0.577511 -0.816335 0.00883289 1.83087 2.54218 -1.0349</i>
                        <i>-0.825454 0.504936 0.25232 -0.211239 0.138196 -0.967616 -0.523454 -0.852022 -0.00741259 1.83099 2.54062 -1.03175</i>
                        <i>-0.838012 0.482505 0.254804 -0.215004 0.137202 -0.966928 -0.501507 -0.86508 -0.0112366 1.82779 2.53808 -1.02968</i>
                        <i>-0.839559 0.480237 0.253993 -0.215878 0.134123 -0.967165 -0.498535 -0.866824 -0.0089314 1.82515 2.53602 -1.02819</i>
                        <i>-0.84113 0.477485 0.253986 -0.216874 0.132422 -0.967176 -0.495446 -0.868604 -0.00783016 1.82283 2.53431 -1.02705</i>
                        <i>-0.84185 0.476141 0.254124 -0.217344 0.1319 -0.967142 -0.494015 -0.869421 -0.00755373 1.82183 2.5336 -1.02659</i>
                        <i>-0.84185 0.476141 0.254124 -0.217344 0.1319 -0.967142 -0.494015 -0.869421 -0.00755373 1.82183 2.5336 -1.02659</i>
                        <i>-0.84185 0.476141 0.254124 -0.217344 0.1319 -0.967142 -0.494015 -0.869421 -0.00755373 1.82183 2.5336 -1.02659</i>
                        <i>-0.84185 0.476141 0.254124 -0.217344 0.1319 -0.967142 -0.494015 -0.869421 -0.00755373 1.82183 2.5336 -1.02659</i>
                        <i>-0.84185 0.476141 0.254124 -0.217344 0.1319 -0.967142 -0.494015 -0.869421 -0.00755373 1.82183 2.5336 -1.02659</i>
                        <i>-0.84185 0.476141 0.254124 -0.217344 0.1319 -0.967142 -0.494015 -0.869421 -0.00755373 1.82183 2.5336 -1.02659</i>
                        <i>-0.84185 0.476141 0.254124 -0.217344 0.1319 -0.967142 -0.494015 -0.869421 -0.00755373 1.82183 2.5336 -1.02659</i>
                        <i>-0.84185 0.476141 0.254124 -0.217344 0.1319 -0.967142 -0.494015 -0.869421 -0.00755373 1.82183 2.5336 -1.02659</i>
                        <i>-0.84185 0.476141 0.254124 -0.217344 0.1319 -0.967142 -0.494015 -0.869421 -0.00755373 1.82183 2.5336 -1.02659</i>
                        <i>-0.84185 0.476141 0.254124 -0.217344 0.1319 -0.967142 -0.494015 -0.869421 -0.00755373 1.82183 2.5336 -1.02659</i>
                        <i>-0.84185 0.476141 0.254124 -0.217344 0.1319 -0.967142 -0.494015 -0.869421 -0.00755373 1.82183 2.5336 -1.02659</i>
                    </KeyFrames>
                </p>
            </i>
            <i>
                <p>
                    <Name><![CDATA[spine2]]></Name>
                    <Exclude>0</Exclude>
                    <Additive>0</Additive>
                    <IKPriority>0</IKPriority>
                    <IKRotLimits>-1e+010 -1e+010 -1e+010 1e+010 1e+010 1e+010</IKRotLimits>
                    <IKRotLimitOrder>0</IKRotLimitOrder>
                    <KeyFrames count="40">
                        <i>-0.885171 0.440269 0.150451 -0.229087 -0.130973 -0.964554 -0.404959 -0.888262 0.216793 1.6851 2.61068 -0.98518</i>
                        <i>-0.897192 0.428949 0.105115 -0.175958 -0.128882 -0.975924 -0.405074 -0.894088 0.191109 1.69956 2.57835 -0.985595</i>
                        <i>-0.911571 0.410833 0.0159774 -0.0738395 -0.125362 -0.989359 -0.404458 -0.903051 0.144612 1.72902 2.51147 -0.982879</i>
                        <i>-0.914123 0.403469 -0.0399073 -0.0130985 -0.127768 -0.991718 -0.405226 -0.906029 0.122081 1.7511 2.45696 -0.975518</i>
                        <i>-0.890488 0.451794 -0.0539774 -0.00734283 -0.132883 -0.991105 -0.454948 -0.88217 0.121648 1.74838 2.48381 -0.977471</i>
                        <i>-0.899584 0.433785 -0.0507893 -0.00833042 -0.133311 -0.991039 -0.436668 -0.8911 0.123538 1.74628 2.47676 -0.977719</i>
                        <i>-0.911109 0.409613 -0.045803 -0.0102885 -0.133695 -0.990969 -0.412037 -0.90241 0.126025 1.74613 2.46468 -0.977524</i>
                        <i>-0.919257 0.391505 -0.0411007 -0.0126408 -0.133711 -0.99094 -0.393454 -0.910409 0.127864 1.7469 2.45478 -0.977112</i>
                        <i>-0.919302 0.391635 -0.0388134 -0.0148343 -0.133035 -0.991 -0.393273 -0.910453 0.128109 1.74759 2.45418 -0.976685</i>
                        <i>-0.911209 0.410072 -0.039235 -0.0166085 -0.131736 -0.991146 -0.41161 -0.902489 0.12685 1.74666 2.46357 -0.975919</i>
                        <i>-0.898874 0.436283 -0.041025 -0.0179658 -0.130232 -0.991321 -0.437839 -0.890335 0.1249 1.7438 2.47785 -0.974778</i>
                        <i>-0.883512 0.466353 -0.0438452 -0.0187508 -0.128742 -0.991501 -0.468034 -0.87518 0.122489 1.73983 2.49555 -0.973891</i>
                        <i>-0.866737 0.49651 -0.0473767 -0.018823 -0.127482 -0.991662 -0.49841 -0.858619 0.11984 1.73563 2.51518 -0.973886</i>
                        <i>-0.850678 0.523175 -0.0513249 -0.0180558 -0.126655 -0.991782 -0.525376 -0.842761 0.117189 1.73211 2.53521 -0.975386</i>
                        <i>-0.825405 0.56182 -0.0553585 -0.0183454 -0.124701 -0.992025 -0.564243 -0.817807 0.113235 1.73005 2.56195 -0.980314</i>
                        <i>-0.780891 0.621997 -0.057692 -0.0210821 -0.118546 -0.992725 -0.624311 -0.773994 0.105684 1.72842 2.59631 -0.988682</i>
                        <i>-0.719626 0.692138 -0.055536 -0.0250721 -0.10583 -0.994068 -0.69391 -0.713964 0.0935115 1.7255 2.6286 -0.998266</i>
                        <i>-0.649001 0.759331 -0.0470594 -0.0294947 -0.0869224 -0.995778 -0.760216 -0.644873 0.0788089 1.72007 2.64952 -1.00664</i>
                        <i>-0.598393 0.80087 -0.0230866 -0.0546607 -0.0695552 -0.996079 -0.799336 -0.594785 0.0853974 1.71083 2.65455 -1.00986</i>
                        <i>-0.620715 0.783749 0.0212312 -0.115228 -0.0644066 -0.991249 -0.775523 -0.61773 0.130288 1.70211 2.6499 -1.00744</i>
                        <i>-0.7017 0.707912 0.0804829 -0.190788 -0.0778636 -0.978538 -0.686452 -0.701996 0.189698 1.69946 2.64407 -1.00297</i>
                        <i>-0.778008 0.61313 0.137022 -0.249959 -0.101994 -0.962869 -0.576389 -0.78337 0.23261 1.702 2.64208 -0.999863</i>
                        <i>-0.818721 0.550611 0.162863 -0.270594 -0.119818 -0.955208 -0.506434 -0.826118 0.247089 1.70605 2.6434 -0.999082</i>
                        <i>-0.848347 0.503309 0.164281 -0.26223 -0.129883 -0.956225 -0.459939 -0.854289 0.242169 1.7064 2.64179 -0.997563</i>
                        <i>-0.881074 0.44292 0.165925 -0.2493 -0.136765 -0.958721 -0.401943 -0.886068 0.23092 1.7015 2.63385 -0.993766</i>
                        <i>-0.900954 0.40044 0.167125 -0.239295 -0.137233 -0.9612 -0.361967 -0.905988 0.219464 1.69463 2.6237 -0.989909</i>
                        <i>-0.902467 0.398276 0.164103 -0.234554 -0.134815 -0.962709 -0.361301 -0.907304 0.215083 1.69 2.61711 -0.987633</i>
                        <i>-0.89385 0.419938 0.157112 -0.231913 -0.133127 -0.963584 -0.38373 -0.897736 0.216384 1.68787 2.61426 -0.986507</i>
                        <i>-0.887579 0.434763 0.152264 -0.229894 -0.131624 -0.964274 -0.399189 -0.890874 0.216777 1.68593 2.61175 -0.985571</i>
                        <i>-0.885171 0.440269 0.150451 -0.229087 -0.130973 -0.964554 -0.404959 -0.888262 0.216793 1.6851 2.61068 -0.98518</i>
                        <i>-0.885171 0.440269 0.150451 -0.229087 -0.130973 -0.964554 -0.404959 -0.888262 0.216793 1.6851 2.61068 -0.98518</i>
                        <i>-0.885171 0.440269 0.150451 -0.229087 -0.130973 -0.964554 -0.404959 -0.888262 0.216793 1.6851 2.61068 -0.98518</i>
                        <i>-0.885171 0.440269 0.150451 -0.229087 -0.130973 -0.964554 -0.404959 -0.888262 0.216793 1.6851 2.61068 -0.98518</i>
                        <i>-0.885171 0.440269 0.150451 -0.229087 -0.130973 -0.964554 -0.404959 -0.888262 0.216793 1.6851 2.61068 -0.98518</i>
                        <i>-0.885171 0.440269 0.150451 -0.229087 -0.130973 -0.964554 -0.404959 -0.888262 0.216793 1.6851 2.61068 -0.98518</i>
                        <i>-0.885171 0.440269 0.150451 -0.229087 -0.130973 -0.964554 -0.404959 -0.888262 0.216793 1.6851 2.61068 -0.98518</i>
                        <i>-0.885171 0.440269 0.150451 -0.229087 -0.130973 -0.964554 -0.404959 -0.888262 0.216793 1.6851 2.61068 -0.98518</i>
                        <i>-0.885171 0.440269 0.150451 -0.229087 -0.130973 -0.964554 -0.404959 -0.888262 0.216793 1.6851 2.61068 -0.98518</i>
                        <i>-0.885171 0.440269 0.150451 -0.229087 -0.130973 -0.964554 -0.404959 -0.888262 0.216793 1.6851 2.61068 -0.98518</i>
                        <i>-0.885171 0.440269 0.150451 -0.229087 -0.130973 -0.964554 -0.404959 -0.888262 0.216793 1.6851 2.61068 -0.98518</i>
                    </KeyFrames>
                </p>
            </i>
            <i>
                <p>
                    <Name><![CDATA[head]]></Name>
                    <Exclude>0</Exclude>
                    <Additive>0</Additive>
                    <IKPriority>0</IKPriority>
                    <IKRotLimits>-1e+010 -1e+010 -1e+010 1e+010 1e+010 1e+010</IKRotLimits>
                    <IKRotLimitOrder>0</IKRotLimitOrder>
                    <KeyFrames count="40">
                        <i>-0.255769 0.963389 0.0803934 0.966329 0.252355 0.0502559 0.0281283 0.0905403 -0.995495 1.47269 2.74757 -0.962549</i>
                        <i>-0.417245 0.906891 0.0587777 0.907634 0.412574 0.0773536 0.0459012 0.0856241 -0.99527 1.48414 2.71235 -0.972489</i>
                        <i>-0.712849 0.701295 -0.00566969 0.696635 0.708999 0.109632 0.0809044 0.0742017 -0.993956 1.50959 2.64053 -0.988631</i>
                        <i>-0.900597 0.430085 -0.0628602 0.422726 0.900322 0.10355 0.10113 0.0666843 -0.992636 1.53047 2.58388 -0.992771</i>
                        <i>-0.936985 0.344375 -0.058865 0.339697 0.937391 0.0768323 0.0816386 0.0519944 -0.995305 1.53814 2.62457 -0.997736</i>
                        <i>-0.948749 0.311477 -0.0534578 0.307234 0.948681 0.0749049 0.0740456 0.0546418 -0.995757 1.53142 2.61228 -0.997081</i>
                        <i>-0.963389 0.264293 -0.0450709 0.260704 0.962686 0.0725947 0.0625754 0.0581867 -0.996343 1.525 2.59279 -0.995436</i>
                        <i>-0.973689 0.224815 -0.0372563 0.221814 0.972488 0.0711777 0.0522331 0.061041 -0.996768 1.52083 2.57688 -0.99362</i>
                        <i>-0.975829 0.21592 -0.0336962 0.213149 0.97442 0.0712284 0.0482139 0.0623245 -0.996891 1.52047 2.5756 -0.992498</i>
                        <i>-0.970312 0.239327 -0.0348742 0.236389 0.968954 0.0724454 0.0511296 0.0620508 -0.996762 1.52249 2.58984 -0.99186</i>
                        <i>-0.959971 0.277455 -0.0384023 0.274153 0.958819 0.0742102 0.0574108 0.0607116 -0.996503 1.52462 2.61133 -0.991257</i>
                        <i>-0.94498 0.324204 -0.0436295 0.320406 0.944193 0.0764133 0.0659682 0.0582299 -0.996121 1.52716 2.63737 -0.991206</i>
                        <i>-0.92625 0.373587 -0.049938 0.369223 0.925982 0.0789401 0.0757327 0.0546801 -0.995628 1.53028 2.66536 -0.992226</i>
                        <i>-0.905779 0.419932 -0.0567582 0.414993 0.906157 0.081615 0.0857046 0.050371 -0.995047 1.53405 2.69275 -0.994847</i>
                        <i>-0.899698 0.433198 -0.0536847 0.428264 0.899792 0.0834526 0.0844566 0.0520909 -0.995065 1.54333 2.72974 -1.00133</i>
                        <i>-0.903777 0.42618 -0.0394744 0.421639 0.902388 0.08897 0.0735385 0.0637651 -0.995252 1.56007 2.77866 -1.01158</i>
                        <i>-0.888762 0.457621 -0.0261606 0.453203 0.885858 0.0993074 0.0686198 0.0764046 -0.994713 1.57939 2.82587 -1.02259</i>
                        <i>-0.813478 0.581239 -0.0203655 0.576492 0.810474 0.103865 0.0768762 0.0727516 -0.994383 1.59558 2.85914 -1.03136</i>
                        <i>-0.643167 0.765434 -0.0211494 0.760772 0.641899 0.0958711 0.0869588 0.0455712 -0.995169 1.598 2.8705 -1.03205</i>
                        <i>-0.456066 0.889788 -0.0167588 0.886434 0.455857 0.0801821 0.0789847 0.0217127 -0.996639 1.57624 2.8602 -1.02202</i>
                        <i>-0.292408 0.956279 0.00523587 0.954493 0.291517 0.0629349 0.058657 0.0234003 -0.998004 1.54302 2.83618 -1.0039</i>
                        <i>-0.126151 0.991172 0.0408038 0.991423 0.124553 0.0395845 0.0341529 0.0454474 -0.998383 1.51724 2.81164 -0.985235</i>
                        <i>0.0547817 0.996391 0.0648447 0.998367 -0.055712 0.0126249 0.0161919 0.0640472 -0.997815 1.50603 2.79848 -0.97594</i>
                        <i>0.112721 0.99069 0.0763321 0.993595 -0.112995 -0.000730989 0.00790095 0.0759256 -0.997082 1.49746 2.78758 -0.97244</i>
                        <i>0.022877 0.995493 0.0920322 0.999738 -0.0228806 -0.00101705 0.0010933 0.0920314 -0.995756 1.4831 2.76722 -0.96661</i>
                        <i>-0.128969 0.986209 0.103722 0.991648 0.128382 0.0123401 -0.00114618 0.104447 -0.99453 1.47126 2.74792 -0.961699</i>
                        <i>-0.274911 0.956295 0.0996201 0.961454 0.272839 0.0341345 0.00546249 0.105164 -0.99444 1.46809 2.74176 -0.960439</i>
                        <i>-0.315667 0.94483 0.0874722 0.94872 0.312634 0.0467975 0.0168689 0.0977591 -0.995067 1.4706 2.74528 -0.961621</i>
                        <i>-0.277956 0.95709 0.0819721 0.960268 0.274626 0.0496562 0.0250138 0.0925174 -0.995397 1.47216 2.74707 -0.96232</i>
                        <i>-0.255769 0.963389 0.0803934 0.966329 0.252355 0.0502559 0.0281283 0.0905403 -0.995495 1.47269 2.74757 -0.962549</i>
                        <i>-0.255769 0.963389 0.0803934 0.966329 0.252355 0.0502559 0.0281283 0.0905403 -0.995495 1.47269 2.74757 -0.962549</i>
                        <i>-0.255769 0.963389 0.0803934 0.966329 0.252355 0.0502559 0.0281283 0.0905403 -0.995495 1.47269 2.74757 -0.962549</i>
                        <i>-0.255769 0.963389 0.0803934 0.966329 0.252355 0.0502559 0.0281283 0.0905403 -0.995495 1.47269 2.74757 -0.962549</i>
                        <i>-0.255769 0.963389 0.0803934 0.966329 0.252355 0.0502559 0.0281283 0.0905403 -0.995495 1.47269 2.74757 -0.962549</i>
                        <i>-0.255769 0.963389 0.0803934 0.966329 0.252355 0.0502559 0.0281283 0.0905403 -0.995495 1.47269 2.74757 -0.962549</i>
                        <i>-0.255769 0.963389 0.0803934 0.966329 0.252355 0.0502559 0.0281283 0.0905403 -0.995495 1.47269 2.74757 -0.962549</i>
                        <i>-0.255769 0.963389 0.0803934 0.966329 0.252355 0.0502559 0.0281283 0.0905403 -0.995495 1.47269 2.74757 -0.962549</i>
                        <i>-0.255769 0.963389 0.0803934 0.966329 0.252355 0.0502559 0.0281283 0.0905403 -0.995495 1.47269 2.74757 -0.962549</i>
                        <i>-0.255769 0.963389 0.0803934 0.966329 0.252355 0.0502559 0.0281283 0.0905403 -0.995495 1.47269 2.74757 -0.962549</i>
                        <i>-0.255769 0.963389 0.0803934 0.966329 0.252355 0.0502559 0.0281283 0.0905403 -0.995495 1.47269 2.74757 -0.962549</i>
                    </KeyFrames>
                </p>
            </i>
            <i>
                <p>
                    <Name><![CDATA[head_prop]]></Name>
                    <Exclude>0</Exclude>
                    <Additive>0</Additive>
                    <IKPriority>0</IKPriority>
                    <IKRotLimits>-1e+010 -1e+010 -1e+010 1e+010 1e+010 1e+010</IKRotLimits>
                    <IKRotLimitOrder>0</IKRotLimitOrder>
                    <KeyFrames count="40">
                        <i>-0.0281283 -0.0905403 0.995495 -0.255769 0.963389 0.0803934 -0.966329 -0.252355 -0.0502559 1.38933 3.06155 -0.936348</i>
                        <i>-0.0459012 -0.0856241 0.99527 -0.417245 0.906891 0.0587777 -0.907634 -0.412574 -0.0773536 1.34816 3.00791 -0.953333</i>
                        <i>-0.0809044 -0.0742017 0.993956 -0.712849 0.701295 -0.00566969 -0.696635 -0.708999 -0.109632 1.27726 2.86909 -0.990479</i>
                        <i>-0.10113 -0.0666843 0.992636 -0.900597 0.430085 -0.0628602 -0.422726 -0.900322 -0.10355 1.23696 2.72405 -1.01326</i>
                        <i>-0.0816386 -0.0519944 0.995305 -0.936985 0.344375 -0.058865 -0.339697 -0.937391 -0.0768323 1.23276 2.7368 -1.01692</i>
                        <i>-0.0740456 -0.0546418 0.995757 -0.948749 0.311477 -0.0534578 -0.307234 -0.948681 -0.0749049 1.22221 2.71379 -1.0145</i>
                        <i>-0.0625754 -0.0581867 0.996343 -0.963389 0.264293 -0.0450709 -0.260704 -0.962686 -0.0725947 1.21103 2.67892 -1.01013</i>
                        <i>-0.0522331 -0.061041 0.996768 -0.973689 0.224815 -0.0372563 -0.221814 -0.972488 -0.0711777 1.2035 2.65015 -1.00576</i>
                        <i>-0.0482139 -0.0623245 0.996891 -0.975829 0.21592 -0.0336962 -0.213149 -0.97442 -0.0712284 1.20244 2.64597 -1.00348</i>
                        <i>-0.0511296 -0.0620508 0.996762 -0.970312 0.239327 -0.0348742 -0.236389 -0.968954 -0.0724454 1.20625 2.66784 -1.00323</i>
                        <i>-0.0574108 -0.0607116 0.996503 -0.959971 0.277455 -0.0384023 -0.274153 -0.958819 -0.0742102 1.21176 2.70175 -1.00377</i>
                        <i>-0.0659682 -0.0582299 0.996121 -0.94498 0.324204 -0.0436295 -0.320406 -0.944193 -0.0764133 1.21918 2.74303 -1.00543</i>
                        <i>-0.0757327 -0.0546801 0.995628 -0.92625 0.373587 -0.049938 -0.369223 -0.925982 -0.0789401 1.22841 2.78711 -1.0085</i>
                        <i>-0.0857046 -0.050371 0.995047 -0.905779 0.419932 -0.0567582 -0.414993 -0.906157 -0.081615 1.23885 2.82961 -1.01334</i>
                        <i>-0.0844566 -0.0520909 0.995065 -0.899698 0.433198 -0.0536847 -0.428264 -0.899792 -0.0834526 1.25011 2.87092 -1.01883</i>
                        <i>-0.0735385 -0.0637651 0.995252 -0.903777 0.42618 -0.0394744 -0.421639 -0.902388 -0.08897 1.26552 2.91756 -1.02445</i>
                        <i>-0.0686198 -0.0764046 0.994713 -0.888762 0.457621 -0.0261606 -0.453203 -0.885858 -0.0993074 1.28973 2.97501 -1.03111</i>
                        <i>-0.0768762 -0.0727516 0.994383 -0.813478 0.581239 -0.0203655 -0.576492 -0.810474 -0.103865 1.33046 3.04857 -1.038</i>
                        <i>-0.0869588 -0.0455712 0.995169 -0.643167 0.765434 -0.0211494 -0.760772 -0.641899 -0.0958711 1.38838 3.11996 -1.03895</i>
                        <i>-0.0789847 -0.0217127 0.996639 -0.456066 0.889788 -0.0167588 -0.886434 -0.455857 -0.0801821 1.4276 3.15019 -1.02749</i>
                        <i>-0.058657 -0.0234003 0.998004 -0.292408 0.956279 0.00523587 -0.954493 -0.291517 -0.0629349 1.44772 3.14784 -1.00219</i>
                        <i>-0.0341529 -0.0454474 0.998383 -0.126151 0.991172 0.0408038 -0.991423 -0.124553 -0.0395845 1.47613 3.13467 -0.971937</i>
                        <i>-0.0161919 -0.0640472 0.997815 0.0547817 0.996391 0.0648447 -0.998367 0.055712 -0.0126249 1.52388 3.12321 -0.954806</i>
                        <i>-0.00790095 -0.0759256 0.997082 0.112721 0.99069 0.0763321 -0.993595 0.112995 0.000730989 1.5342 3.11046 -0.947562</i>
                        <i>-0.0010933 -0.0920314 0.995756 0.022877 0.995493 0.0920322 -0.999738 0.0228806 0.00101705 1.49055 3.09166 -0.936616</i>
                        <i>0.00114618 -0.104447 0.99453 -0.128969 0.986209 0.103722 -0.991648 -0.128382 -0.0123401 1.42923 3.06933 -0.927895</i>
                        <i>-0.00546249 -0.105164 0.99444 -0.274911 0.956295 0.0996201 -0.961454 -0.272839 -0.0341345 1.37849 3.05342 -0.927972</i>
                        <i>-0.0168689 -0.0977591 0.995067 -0.315667 0.94483 0.0874722 -0.94872 -0.312634 -0.0467975 1.36772 3.05321 -0.933113</i>
                        <i>-0.0250138 -0.0925174 0.995397 -0.277956 0.95709 0.0819721 -0.960268 -0.274626 -0.0496562 1.38157 3.05899 -0.935605</i>
                        <i>-0.0281283 -0.0905403 0.995495 -0.255769 0.963389 0.0803934 -0.966329 -0.252355 -0.0502559 1.38933 3.06155 -0.936348</i>
                        <i>-0.0281283 -0.0905403 0.995495 -0.255769 0.963389 0.0803934 -0.966329 -0.252355 -0.0502559 1.38933 3.06155 -0.936348</i>
                        <i>-0.0281283 -0.0905403 0.995495 -0.255769 0.963389 0.0803934 -0.966329 -0.252355 -0.0502559 1.38933 3.06155 -0.936348</i>
                        <i>-0.0281283 -0.0905403 0.995495 -0.255769 0.963389 0.0803934 -0.966329 -0.252355 -0.0502559 1.38933 3.06155 -0.936348</i>
                        <i>-0.0281283 -0.0905403 0.995495 -0.255769 0.963389 0.0803934 -0.966329 -0.252355 -0.0502559 1.38933 3.06155 -0.936348</i>
                        <i>-0.0281283 -0.0905403 0.995495 -0.255769 0.963389 0.0803934 -0.966329 -0.252355 -0.0502559 1.38933 3.06155 -0.936348</i>
                        <i>-0.0281283 -0.0905403 0.995495 -0.255769 0.963389 0.0803934 -0.966329 -0.252355 -0.0502559 1.38933 3.06155 -0.936348</i>
                        <i>-0.0281283 -0.0905403 0.995495 -0.255769 0.963389 0.0803934 -0.966329 -0.252355 -0.0502559 1.38933 3.06155 -0.936348</i>
                        <i>-0.0281283 -0.0905403 0.995495 -0.255769 0.963389 0.0803934 -0.966329 -0.252355 -0.0502559 1.38933 3.06155 -0.936348</i>
                        <i>-0.0281283 -0.0905403 0.995495 -0.255769 0.963389 0.0803934 -0.966329 -0.252355 -0.0502559 1.38933 3.06155 -0.936348</i>
                        <i>-0.0281283 -0.0905403 0.995495 -0.255769 0.963389 0.0803934 -0.966329 -0.252355 -0.0502559 1.38933 3.06155 -0.936348</i>
                    </KeyFrames>
                </p>
            </i>
            <i>
                <p>
                    <Name><![CDATA[l_clav]]></Name>
                    <Exclude>0</Exclude>
                    <Additive>0</Additive>
                    <IKPriority>0</IKPriority>
                    <IKRotLimits>-1e+010 -1e+010 -1e+010 1e+010 1e+010 1e+010</IKRotLimits>
                    <IKRotLimitOrder>0</IKRotLimitOrder>
                    <KeyFrames count="40">
                        <i>0.128504 0.502502 0.854973 -0.713132 0.645922 -0.272449 -0.689152 -0.574697 0.441354 1.62496 2.61597 -0.877073</i>
                        <i>-0.0997235 0.54249 0.834122 -0.694821 0.562092 -0.448639 -0.712236 -0.624305 0.320879 1.63421 2.58194 -0.881452</i>
                        <i>-0.359245 0.55164 0.752752 -0.618794 0.462994 -0.634611 -0.698597 -0.693779 0.175023 1.6547 2.51228 -0.887106</i>
                        <i>-0.402576 0.539516 0.739496 -0.593668 0.461037 -0.659548 -0.696772 -0.704533 0.134691 1.67224 2.45655 -0.88552</i>
                        <i>-0.364944 0.572063 0.734547 -0.54539 0.508067 -0.666646 -0.754563 -0.643903 0.126582 1.66754 2.48601 -0.888782</i>
                        <i>-0.38044 0.559111 0.736655 -0.566606 0.488624 -0.663479 -0.730906 -0.669807 0.130904 1.6662 2.47833 -0.888878</i>
                        <i>-0.40112 0.539694 0.740158 -0.595783 0.460051 -0.658328 -0.695806 -0.705042 0.137005 1.66716 2.46566 -0.888464</i>
                        <i>-0.416892 0.522632 0.743678 -0.619253 0.435613 -0.653275 -0.665378 -0.73287 0.142037 1.6689 2.45562 -0.887864</i>
                        <i>-0.419076 0.51819 0.745557 -0.625476 0.430454 -0.65076 -0.658145 -0.739046 0.143723 1.67001 2.45561 -0.887357</i>
                        <i>-0.40758 0.527431 0.74545 -0.614021 0.445942 -0.65124 -0.675911 -0.723155 0.142097 1.66895 2.4662 -0.88662</i>
                        <i>-0.389346 0.54256 0.744338 -0.593413 0.470298 -0.653208 -0.704465 -0.696023 0.138853 1.66568 2.48193 -0.885563</i>
                        <i>-0.366492 0.560693 0.7425 -0.565928 0.499094 -0.656224 -0.738518 -0.660703 0.134398 1.66111 2.50117 -0.884806</i>
                        <i>-0.341465 0.579233 0.740197 -0.534337 0.528251 -0.659875 -0.77323 -0.620839 0.129126 1.65613 2.52228 -0.884968</i>
