<?xml version="1.0" encoding="ISO-8859-1" ?>
<Animl Version="1">
    <ModellingPackage><![CDATA[Maya.2010]]></ModellingPackage>
    <SrcFile><![CDATA[anims\turrets\artillery\blue\~src\artillery_m270\artillery_m270_aim_low_crewman_c.mb]]></SrcFile>
    <FramesPerSecond>30</FramesPerSecond>
    <TotalFrames>30</TotalFrames>
    <Skeleton>
        <RefFrame>
            <Name><![CDATA[soldier_ref_frame]]></Name>
            <Exclude>0</Exclude>
            <Additive>0</Additive>
            <IKPriority>0</IKPriority>
            <IKRotLimits>-1e+010 -1e+010 -1e+010 1e+010 1e+010 1e+010</IKRotLimits>
            <IKRotLimitOrder>0</IKRotLimitOrder>
            <KeyFrames count="30">
                <i>1 0 0 0 1 0 0 0 1 2.22 5.41 1.52</i>
                <i>1 0 0 0 1 0 0 0 1 2.22 5.41 1.52</i>
                <i>1 0 0 0 1 0 0 0 1 2.22 5.41 1.52</i>
                <i>1 0 0 0 1 0 0 0 1 2.22 5.41 1.52</i>
                <i>1 0 0 0 1 0 0 0 1 2.22 5.41 1.52</i>
                <i>1 0 0 0 1 0 0 0 1 2.22 5.41 1.52</i>
                <i>1 0 0 0 1 0 0 0 1 2.22 5.41 1.52</i>
                <i>1 0 0 0 1 0 0 0 1 2.22 5.41 1.52</i>
                <i>1 0 0 0 1 0 0 0 1 2.22 5.41 1.52</i>
                <i>1 0 0 0 1 0 0 0 1 2.22 5.41 1.52</i>
                <i>1 0 0 0 1 0 0 0 1 2.22 5.41 1.52</i>
                <i>1 0 0 0 1 0 0 0 1 2.22 5.41 1.52</i>
                <i>1 0 0 0 1 0 0 0 1 2.22 5.41 1.52</i>
                <i>1 0 0 0 1 0 0 0 1 2.22 5.41 1.52</i>
                <i>1 0 0 0 1 0 0 0 1 2.22 5.41 1.52</i>
                <i>1 0 0 0 1 0 0 0 1 2.22 5.41 1.52</i>
                <i>1 0 0 0 1 0 0 0 1 2.22 5.41 1.52</i>
                <i>1 0 0 0 1 0 0 0 1 2.22 5.41 1.52</i>
                <i>1 0 0 0 1 0 0 0 1 2.22 5.41 1.52</i>
                <i>1 0 0 0 1 0 0 0 1 2.22 5.41 1.52</i>
                <i>1 0 0 0 1 0 0 0 1 2.22 5.41 1.52</i>
                <i>1 0 0 0 1 0 0 0 1 2.22 5.41 1.52</i>
                <i>1 0 0 0 1 0 0 0 1 2.22 5.41 1.52</i>
                <i>1 0 0 0 1 0 0 0 1 2.22 5.41 1.52</i>
                <i>1 0 0 0 1 0 0 0 1 2.22 5.41 1.52</i>
                <i>1 0 0 0 1 0 0 0 1 2.22 5.41 1.52</i>
                <i>1 0 0 0 1 0 0 0 1 2.22 5.41 1.52</i>
                <i>1 0 0 0 1 0 0 0 1 2.22 5.41 1.52</i>
                <i>1 0 0 0 1 0 0 0 1 2.22 5.41 1.52</i>
                <i>1 0 0 0 1 0 0 0 1 2.22 5.41 1.52</i>
            </KeyFrames>
        </RefFrame>
        <Bones count="23">
            <i>
                <p>
                    <Name><![CDATA[pelvis]]></Name>
                    <Exclude>0</Exclude>
                    <Additive>0</Additive>
                    <IKPriority>0</IKPriority>
                    <IKRotLimits>-1e+010 -1e+010 -1e+010 1e+010 1e+010 1e+010</IKRotLimits>
                    <IKRotLimitOrder>2</IKRotLimitOrder>
                    <KeyFrames count="30">
                        <i>1 0 0 0 1 0 0 0 1 2.24429 6.00107 1.67587</i>
                        <i>1 0 0 0 1 0 0 0 1 2.24429 6.00048 1.67587</i>
                        <i>1 0 0 0 1 0 0 0 1 2.24429 5.99983 1.67587</i>
                        <i>1 0 0 0 1 0 0 0 1 2.24429 5.99912 1.67587</i>
                        <i>1 0 0 0 1 0 0 0 1 2.24429 5.9984 1.67587</i>
                        <i>1 0 0 0 1 0 0 0 1 2.24429 5.99769 1.67587</i>
                        <i>1 0 0 0 1 0 0 0 1 2.24429 5.99701 1.67587</i>
                        <i>1 0 0 0 1 0 0 0 1 2.24429 5.9964 1.67587</i>
                        <i>1 0 0 0 1 0 0 0 1 2.24429 5.99588 1.67587</i>
                        <i>1 0 0 0 1 0 0 0 1 2.24429 5.99547 1.67587</i>
                        <i>1 0 0 0 1 0 0 0 1 2.24429 5.9952 1.67587</i>
                        <i>1 0 0 0 1 0 0 0 1 2.24429 5.99511 1.67587</i>
                        <i>1 0 0 0 1 0 0 0 1 2.24429 5.99519 1.67587</i>
                        <i>1 0 0 0 1 0 0 0 1 2.24429 5.99542 1.67587</i>
                        <i>1 0 0 0 1 0 0 0 1 2.24429 5.99578 1.67587</i>
                        <i>1 0 0 0 1 0 0 0 1 2.24429 5.99624 1.67587</i>
                        <i>1 0 0 0 1 0 0 0 1 2.24429 5.99678 1.67587</i>
                        <i>1 0 0 0 1 0 0 0 1 2.24429 5.99738 1.67587</i>
                        <i>1 0 0 0 1 0 0 0 1 2.24429 5.99801 1.67587</i>
                        <i>1 0 0 0 1 0 0 0 1 2.24429 5.99867 1.67587</i>
                        <i>1 0 0 0 1 0 0 0 1 2.24429 5.99931 1.67587</i>
                        <i>1 0 0 0 1 0 0 0 1 2.24429 5.99992 1.67587</i>
                        <i>1 0 0 0 1 0 0 0 1 2.24429 6.00048 1.67587</i>
                        <i>1 0 0 0 1 0 0 0 1 2.24429 6.00097 1.67587</i>
                        <i>1 0 0 0 1 0 0 0 1 2.24429 6.00136 1.67587</i>
                        <i>1 0 0 0 1 0 0 0 1 2.24429 6.00163 1.67587</i>
                        <i>1 0 0 0 1 0 0 0 1 2.24429 6.00176 1.67587</i>
                        <i>1 0 0 0 1 0 0 0 1 2.24429 6.00172 1.67587</i>
                        <i>1 0 0 0 1 0 0 0 1 2.24429 6.0015 1.67587</i>
                        <i>1 0 0 0 1 0 0 0 1 2.24429 6.00107 1.67587</i>
                    </KeyFrames>
                </p>
            </i>
            <i>
                <p>
                    <Name><![CDATA[spine0]]></Name>
                    <Exclude>0</Exclude>
                    <Additive>0</Additive>
                    <IKPriority>0</IKPriority>
                    <IKRotLimits>-1e+010 -1e+010 -1e+010 1e+010 1e+010 1e+010</IKRotLimits>
                    <IKRotLimitOrder>0</IKRotLimitOrder>
                    <KeyFrames count="30">
                        <i>0.0147872 0.985642 0.168198 -0.991052 -0.00786974 0.133246 0.132656 -0.168663 0.976706 2.23462 6.14208 1.64905</i>
                        <i>0.0140004 0.98643 0.163585 -0.991063 -0.00801563 0.133155 0.132659 -0.163987 0.977502 2.23459 6.14144 1.64878</i>
                        <i>0.0131808 0.987259 0.158575 -0.991089 -0.00812354 0.132955 0.132549 -0.158914 0.978354 2.23451 6.14064 1.64806</i>
                        <i>0.0123675 0.988081 0.153437 -0.991126 -0.00819735 0.132675 0.132352 -0.153717 0.979211 2.23438 6.13971 1.64701</i>
                        <i>0.0115998 0.988853 0.148445 -0.99117 -0.00823992 0.132342 0.13209 -0.148669 0.980025 2.23423 6.13871 1.64572</i>
                        <i>0.0109166 0.989537 0.143866 -0.991218 -0.00825336 0.131983 0.131789 -0.144043 0.980756 2.23406 6.13768 1.64432</i>
                        <i>0.0103556 0.990102 0.139967 -0.991266 -0.00823925 0.131623 0.131473 -0.140108 0.981369 2.23389 6.13666 1.6429</i>
                        <i>0.00995321 0.99052 0.13701 -0.99131 -0.00819884 0.131288 0.131167 -0.137126 0.981831 2.23373 6.13571 1.64158</i>
                        <i>0.00974497 0.990763 0.135252 -0.991348 -0.00813332 0.131006 0.130896 -0.135359 0.982112 2.2336 6.1349 1.64045</i>
                        <i>0.0097285 0.990834 0.134738 -0.991376 -0.00805307 0.130801 0.130687 -0.134848 0.98221 2.2335 6.13427 1.63963</i>
                        <i>0.00987929 0.990744 0.135385 -0.99139 -0.00797438 0.1307 0.13057 -0.13551 0.982135 2.23346 6.13389 1.63921</i>
                        <i>0.0101711 0.990518 0.137009 -0.991392 -0.00789631 0.130685 0.130528 -0.137158 0.981911 2.23345 6.13378 1.63913</i>
                        <i>0.0105652 0.990193 0.139308 -0.991389 -0.00781243 0.130717 0.130524 -0.13949 0.981584 2.23346 6.13389 1.63923</i>
                        <i>0.0110448 0.989779 0.142178 -0.99138 -0.00772503 0.130791 0.130553 -0.142397 0.981162 2.23349 6.13419 1.63949</i>
                        <i>0.0115931 0.989289 0.14551 -0.991366 -0.00763647 0.130903 0.130612 -0.145771 0.980659 2.23354 6.13465 1.63989</i>
                        <i>0.0121926 0.988733 0.149195 -0.991348 -0.00754921 0.131045 0.130695 -0.149502 0.980086 2.2336 6.13525 1.64041</i>
                        <i>0.0128258 0.988124 0.15312 -0.991326 -0.00746571 0.131215 0.1308 -0.153474 0.979457 2.23367 6.13595 1.64104</i>
                        <i>0.0134743 0.98748 0.15717 -0.991301 -0.00738846 0.131405 0.130921 -0.157574 0.97879 2.23375 6.13673 1.64174</i>
                        <i>0.0141196 0.986816 0.16123 -0.991274 -0.00731987 0.131612 0.131057 -0.161681 0.978102 2.23384 6.13756 1.6425</i>
                        <i>0.0147425 0.986153 0.165179 -0.991246 -0.00726227 0.131828 0.131202 -0.165676 0.977414 2.23394 6.13841 1.64331</i>
                        <i>0.0153239 0.985515 0.168896 -0.991217 -0.00721788 0.132049 0.131355 -0.169436 0.976748 2.23404 6.13925 1.64413</i>
                        <i>0.0158441 0.984924 0.172262 -0.991188 -0.00718875 0.132268 0.131513 -0.17284 0.976131 2.23413 6.14006 1.64496</i>
                        <i>0.0162443 0.984447 0.174931 -0.99116 -0.00718581 0.13248 0.131676 -0.175536 0.975627 2.23423 6.1408 1.64576</i>
                        <i>0.0164819 0.984136 0.17665 -0.991133 -0.00721595 0.132676 0.131846 -0.177271 0.975291 2.23432 6.14145 1.64652</i>
                        <i>0.016562 0.983992 0.177441 -0.991109 -0.00727504 0.132851 0.132016 -0.178064 0.975123 2.2344 6.14199 1.64722</i>
                        <i>0.0164901 0.984014 0.177325 -0.991089 -0.00735898 0.133001 0.13218 -0.177938 0.975124 2.23448 6.14239 1.64784</i>
                        <i>0.0162717 0.984198 0.176324 -0.991072 -0.00746386 0.133121 0.132333 -0.176915 0.975289 2.23454 6.14263 1.64835</i>
                        <i>0.015912 0.984536 0.174457 -0.99106 -0.00758604 0.133204 0.132468 -0.175017 0.975613 2.23459 6.14267 1.64874</i>
                        <i>0.0154158 0.985021 0.171744 -0.991053 -0.00772227 0.133248 0.132578 -0.172262 0.976089 2.23462 6.1425 1.64898</i>
                        <i>0.0147872 0.985642 0.168198 -0.991052 -0.00786974 0.133246 0.132656 -0.168663 0.976706 2.23462 6.14208 1.64905</i>
                    </KeyFrames>
                </p>
            </i>
            <i>
                <p>
                    <Name><![CDATA[spine1]]></Name>
                    <Exclude>0</Exclude>
                    <Additive>0</Additive>
                    <IKPriority>0</IKPriority>
                    <IKRotLimits>-1e+010 -1e+010 -1e+010 1e+010 1e+010 1e+010</IKRotLimits>
                    <IKRotLimitOrder>0</IKRotLimitOrder>
                    <KeyFrames count="30">
                        <i>0.0983631 0.915377 0.390396 -0.985842 0.0361 0.163745 0.135795 -0.400975 0.905968 2.23717 6.31202 1.67805</i>
                        <i>0.0976626 0.916843 0.387118 -0.985856 0.0358922 0.163706 0.136199 -0.397631 0.907381 2.23701 6.31175 1.67702</i>
                        <i>0.0972206 0.917335 0.386063 -0.985896 0.0356717 0.163513 0.136225 -0.396515 0.907865 2.23678 6.31145 1.67549</i>
                        <i>0.0970026 0.917029 0.386843 -0.985956 0.0354486 0.1632 0.135946 -0.397241 0.907589 2.23652 6.31111 1.67361</i>
                        <i>0.0969717 0.916094 0.389061 -0.986029 0.0352331 0.162802 0.135434 -0.399413 0.906712 2.23624 6.31074 1.67153</i>
                        <i>0.0970914 0.91469 0.392321 -0.98611 0.0350364 0.162355 0.134759 -0.402635 0.905386 2.23596 6.31035 1.6694</i>
                        <i>0.097327 0.912975 0.396237 -0.986192 0.0348696 0.161893 0.133988 -0.406523 0.903762 2.2357 6.30994 1.66737</i>
                        <i>0.0976464 0.911107 0.400436 -0.986269 0.0347438 0.16145 0.133185 -0.410703 0.901989 2.23548 6.30951 1.66559</i>
                        <i>0.0980206 0.909243 0.40456 -0.986336 0.0346702 0.161058 0.132415 -0.414819 0.900218 2.23531 6.3091 1.6642</i>
                        <i>0.0983728 0.907673 0.407987 -0.986387 0.0346493 0.160749 0.131771 -0.418246 0.898725 2.23521 6.30871 1.66332</i>
                        <i>0.0986145 0.906725 0.410031 -0.986417 0.0346757 0.160558 0.131364 -0.420295 0.897828 2.23519 6.30838 1.66303</i>
                        <i>0.0987757 0.906271 0.410994 -0.98643 0.0347422 0.160463 0.131144 -0.421267 0.897405 2.23523 6.30817 1.66322</i>
                        <i>0.0989197 0.906018 0.411517 -0.986434 0.0348371 0.160418 0.131005 -0.421803 0.897173 2.23531 6.30808 1.66371</i>
                        <i>0.0990513 0.905935 0.411669 -0.98643 0.0349561 0.160418 0.130938 -0.421972 0.897104 2.23543 6.30811 1.66445</i>
                        <i>0.099175 0.905991 0.411514 -0.986418 0.0350949 0.160462 0.130935 -0.421839 0.897167 2.23557 6.30823 1.6654</i>
                        <i>0.0992951 0.906157 0.41112 -0.986399 0.0352493 0.160545 0.130987 -0.42147 0.897332 2.23573 6.30844 1.66653</i>
                        <i>0.0994163 0.906401 0.410553 -0.986373 0.0354147 0.160665 0.131088 -0.420932 0.89757 2.23591 6.30872 1.66779</i>
                        <i>0.0995433 0.906691 0.409881 -0.986342 0.0355868 0.160821 0.131229 -0.420291 0.89785 2.2361 6.30905 1.66915</i>
                        <i>0.0996812 0.906996 0.409172 -0.986305 0.0357611 0.16101 0.131403 -0.419618 0.898139 2.2363 6.30942 1.67057</i>
                        <i>0.0998353 0.907284 0.408496 -0.986262 0.035933 0.161231 0.131604 -0.418981 0.898407 2.2365 6.30981 1.672</i>
                        <i>0.100011 0.907522 0.407924 -0.986215 0.036098 0.161483 0.131824 -0.418451 0.898622 2.23669 6.31021 1.67342</i>
                        <i>0.100214 0.907677 0.407529 -0.986164 0.0362515 0.161763 0.132055 -0.418102 0.898751 2.23688 6.31061 1.67478</i>
                        <i>0.100393 0.907866 0.407064 -0.986109 0.0363774 0.162069 0.132329 -0.41768 0.898906 2.23704 6.31099 1.67599</i>
                        <i>0.100482 0.908241 0.406204 -0.986053 0.0364624 0.16239 0.132679 -0.416856 0.899237 2.23717 6.31136 1.67701</i>
                        <i>0.100467 0.908822 0.404906 -0.985998 0.0365059 0.162711 0.133094 -0.415584 0.899765 2.23726 6.3117 1.67782</i>
                        <i>0.100334 0.909627 0.403127 -0.985948 0.0365077 0.163015 0.133566 -0.413818 0.900508 2.23732 6.31198 1.67839</i>
                        <i>0.10007 0.910673 0.400826 -0.985904 0.0364678 0.163287 0.134084 -0.411516 0.901486 2.23734 6.31217 1.67872</i>
                        <i>0.099662 0.911973 0.397962 -0.985871 0.0363863 0.16351 0.134636 -0.408634 0.902713 2.23733 6.31226 1.67878</i>
                        <i>0.0990969 0.913538 0.394497 -0.985849 0.0362636 0.163667 0.135211 -0.405133 0.904204 2.23727 6.31222 1.67856</i>
                        <i>0.0983631 0.915377 0.390396 -0.985842 0.0361 0.163745 0.135795 -0.400975 0.905968 2.23717 6.31202 1.67805</i>
                    </KeyFrames>
                </p>
            </i>
            <i>
                <p>
                    <Name><![CDATA[spine2]]></Name>
                    <Exclude>0</Exclude>
                    <Additive>0</Additive>
                    <IKPriority>0</IKPriority>
                    <IKRotLimits>-1e+010 -1e+010 -1e+010 1e+010 1e+010 1e+010</IKRotLimits>
                    <IKRotLimitOrder>0</IKRotLimitOrder>
                    <KeyFrames count="30">
                        <i>0.128402 0.778293 0.614632 -0.983158 0.0186262 0.181805 0.130049 -0.627625 0.767577 2.25281 6.45721 1.74001</i>
                        <i>0.128852 0.776001 0.61743 -0.983139 0.0185013 0.18192 0.129747 -0.630461 0.765301 2.25255 6.45737 1.73855</i>
                        <i>0.129329 0.773105 0.620953 -0.983132 0.0182988 0.181979 0.129326 -0.634014 0.762431 2.25229 6.45744 1.73698</i>
                        <i>0.129795 0.769872 0.62486 -0.983135 0.0180411 0.181987 0.128833 -0.637943 0.759231 2.25204 6.45743 1.73539</i>
                        <i>0.130214 0.766573 0.628817 -0.983148 0.0177504 0.181948 0.128315 -0.641912 0.755966 2.2518 6.45732 1.73386</i>
                        <i>0.130553 0.763477 0.632502 -0.983168 0.017449 0.18187 0.127817 -0.6456 0.752904 2.25158 6.45714 1.73245</i>
                        <i>0.130783 0.76085 0.635613 -0.983193 0.017159 0.181761 0.127386 -0.648701 0.750306 2.2514 6.45687 1.73123</i>
                        <i>0.130878 0.75895 0.63786 -0.983222 0.0169029 0.181629 0.127066 -0.65093 0.748428 2.25127 6.45651 1.7303</i>
                        <i>0.130815 0.758026 0.638971 -0.983252 0.0167034 0.181483 0.126896 -0.652011 0.747516 2.2512 6.45609 1.72971</i>
                        <i>0.130573 0.758308 0.638686 -0.983281 0.0165814 0.181336 0.126918 -0.651685 0.747796 2.25118 6.45563 1.72947</i>
                        <i>0.130162 0.759874 0.636905 -0.983306 0.0165543 0.181205 0.127149 -0.649859 0.749344 2.2512 6.45521 1.72954</i>
                        <i>0.129619 0.762448 0.633933 -0.983327 0.0166051 0.181088 0.127544 -0.646836 0.751888 2.25127 6.45487 1.72987</i>
                        <i>0.128988 0.765623 0.630225 -0.983346 0.0167003 0.180973 0.128032 -0.643073 0.755027 2.25136 6.45463 1.73038</i>
                        <i>0.128298 0.769218 0.625974 -0.983364 0.0168325 0.180863 0.128586 -0.638765 0.758581 2.25147 6.45447 1.73107</i>
                        <i>0.127578 0.773056 0.621376 -0.98338 0.0169946 0.18076 0.129178 -0.63411 0.762376 2.25161 6.4544 1.73189</i>
                        <i>0.12686 0.776962 0.616633 -0.983394 0.0171792 0.180667 0.129778 -0.629313 0.76624 2.25176 6.4544 1.73284</i>
                        <i>0.126174 0.780768 0.611949 -0.983405 0.0173793 0.180588 0.130362 -0.624579 0.770004 2.25193 6.45446 1.73389</i>
                        <i>0.125552 0.784306 0.607537 -0.983413 0.0175875 0.180525 0.130902 -0.620125 0.773505 2.25211 6.45456 1.73501</i>
                        <i>0.12503 0.787412 0.603615 -0.983417 0.0177966 0.180484 0.131373 -0.616171 0.776579 2.2523 6.45469 1.73618</i>
                        <i>0.12464 0.789922 0.600406 -0.983416 0.0179992 0.180469 0.131749 -0.612943 0.779066 2.25249 6.45485 1.73737</i>
                        <i>0.124418 0.791674 0.59814 -0.98341 0.0181878 0.180484 0.132006 -0.610672 0.780803 2.25268 6.45501 1.73857</i>
                        <i>0.1244 0.792502 0.597047 -0.983397 0.018355 0.180535 0.132116 -0.609593 0.781628 2.25287 6.45517 1.73974</i>
                        <i>0.124613 0.792276 0.597302 -0.983377 0.018492 0.180631 0.132064 -0.609883 0.78141 2.25303 6.45536 1.74078</i>
                        <i>0.125024 0.791135 0.598727 -0.98335 0.018596 0.180768 0.131878 -0.611359 0.780288 2.25315 6.4556 1.74157</i>
                        <i>0.125575 0.789311 0.601015 -0.983318 0.0186684 0.180935 0.131594 -0.61371 0.778488 2.25323 6.45588 1.7421</i>
                        <i>0.126207 0.787038 0.603857 -0.983283 0.0187107 0.181121 0.131251 -0.616621 0.776242 2.25326 6.45618 1.74234</i>
                        <i>0.126864 0.784553 0.606946 -0.983247 0.0187251 0.181314 0.130885 -0.619779 0.773785 2.25323 6.45648 1.74227</i>
                        <i>0.127486 0.7821 0.609973 -0.983213 0.0187139 0.1815 0.130536 -0.622872 0.771356 2.25315 6.45676 1.74188</i>
                        <i>0.128018 0.779929 0.612636 -0.983182 0.0186799 0.181668 0.130244 -0.62559 0.769204 2.25301 6.45702 1.74113</i>
                        <i>0.128402 0.778293 0.614632 -0.983158 0.0186262 0.181805 0.130049 -0.627625 0.767577 2.25281 6.45721 1.74001</i>
                    </KeyFrames>
                </p>
            </i>
            <i>
                <p>
                    <Name><![CDATA[head]]></Name>
                    <Exclude>0</Exclude>
                    <Additive>0</Additive>
                    <IKPriority>0</IKPriority>
                    <IKRotLimits>-1e+010 -1e+010 -1e+010 1e+010 1e+010 1e+010</IKRotLimits>
                    <IKRotLimitOrder>0</IKRotLimitOrder>
                    <KeyFrames count="30">
                        <i>0.0254874 0.988995 0.145737 -0.170376 0.147949 -0.974209 -0.985049 -1.68915e-009 0.172272 2.28229 6.66257 1.89318</i>
                        <i>0.0259199 0.988616 0.14821 -0.17031 0.150459 -0.973836 -0.985049 1.83101e-010 0.172272 2.28226 6.66198 1.89295</i>
                        <i>0.02556 0.988932 0.146152 -0.170365 0.148371 -0.974147 -0.985049 1.15755e-009 0.172272 2.28221 6.66132 1.8927</i>
                        <i>0.0246159 0.989739 0.140754 -0.170504 0.14289 -0.974942 -0.985049 2.08403e-009 0.172272 2.28216 6.66065 1.89243</i>
                        <i>0.023295 0.990815 0.133201 -0.170689 0.135223 -0.976002 -0.985049 -1.71577e-009 0.172272 2.28211 6.65998 1.89213</i>
                        <i>0.0218055 0.991957 0.124684 -0.170886 0.126576 -0.977127 -0.985049 5.47772e-010 0.172272 2.28205 6.65937 1.8918</i>
                        <i>0.0203564 0.992994 0.116398 -0.171065 0.118164 -0.978148 -0.985049 -2.67964e-009 0.172272 2.28199 6.65885 1.89143</i>
                        <i>0.0191574 0.993798 0.109542 -0.171203 0.111204 -0.97894 -0.985049 1.86012e-009 0.172272 2.28192 6.65845 1.89102</i>
                        <i>0.0184189 0.994268 0.105319 -0.171284 0.106918 -0.979403 -0.98505 5.95135e-010 0.172272 2.28184 6.65822 1.89057</i>
                        <i>0.0180314 0.994507 0.103104 -0.171325 0.104668 -0.979639 -0.985049 2.046e-009 0.172272 2.28174 6.65822 1.89001</i>
                        <i>0.0177384 0.994685 0.101428 -0.171356 0.102968 -0.979814 -0.985049 -2.49091e-009 0.172272 2.28162 6.65846 1.88933</i>
                        <i>0.01753 0.994809 0.100237 -0.171377 0.101758 -0.979936 -0.985049 8.03183e-010 0.172272 2.28149 6.65895 1.88856</i>
                        <i>0.0173962 0.994888 0.0994715 -0.171391 0.100981 -0.980014 -0.985049 -5.95318e-010 0.172272 2.28134 6.65966 1.88774</i>
                        <i>0.017327 0.994929 0.0990759 -0.171398 0.10058 -0.980054 -0.985049 -4.15016e-010 0.172272 2.2812 6.66051 1.88693</i>
                        <i>0.0173125 0.994938 0.0989928 -0.171399 0.100495 -0.980063 -0.985049 4.51064e-009 0.172272 2.28107 6.66147 1.88615</i>
                        <i>0.0173426 0.99492 0.0991649 -0.171396 0.10067 -0.980045 -0.985049 1.82928e-009 0.172272 2.28095 6.66247 1.88546</i>
                        <i>0.0174073 0.994882 0.0995351 -0.17139 0.101046 -0.980008 -0.985049 7.83064e-011 0.172272 2.28085 6.66346 1.88491</i>
                        <i>0.0174967 0.994829 0.100046 -0.171381 0.101565 -0.979956 -0.985049 -3.81521e-010 0.172272 2.28078 6.66439 1.88453</i>
                        <i>0.0176007 0.994767 0.100641 -0.17137 0.102169 -0.979895 -0.98505 2.04524e-010 0.172272 2.28075 6.6652 1.88437</i>
                        <i>0.0177094 0.994702 0.101262 -0.171359 0.102799 -0.979831 -0.98505 -3.57055e-010 0.172272 2.28077 6.66586 1.88448</i>
                        <i>0.0178127 0.99464 0.101853 -0.171348 0.103399 -0.97977 -0.985049 1.73293e-010 0.172272 2.28085 6.66629 1.88491</i>
                        <i>0.0180184 0.994515 0.103029 -0.171327 0.104593 -0.979647 -0.98505 -1.38771e-010 0.172272 2.28099 6.66647 1.8857</i>
                        <i>0.0185163 0.994207 0.105877 -0.171274 0.107484 -0.979343 -0.98505 1.62935e-009 0.172272 2.28118 6.66636 1.88682</i>
                        <i>0.0193019 0.993703 0.110368 -0.171187 0.112043 -0.978847 -0.985049 -8.76275e-010 0.172272 2.28141 6.66604 1.88814</i>
                        <i>0.0202932 0.993038 0.116037 -0.171072 0.117798 -0.978191 -0.985049 5.2545e-010 0.172272 2.28166 6.66555 1.88952</i>
                        <i>0.0214088 0.992248 0.122416 -0.170936 0.124274 -0.977413 -0.985049 -3.85619e-009 0.172272 2.28189 6.66496 1.89084</i>
                        <i>0.0225671 0.991383 0.129039 -0.170787 0.130997 -0.976561 -0.98505 -1.58771e-009 0.172272 2.28209 6.6643 1.89199</i>
                        <i>0.0236869 0.990502 0.135442 -0.170635 0.137497 -0.975694 -0.98505 2.91763e-009 0.172272 2.28224 6.66365 1.89284</i>
                        <i>0.0246872 0.989679 0.141162 -0.170493 0.143304 -0.974883 -0.985049 3.78211e-009 0.172272 2.28231 6.66305 1.89328</i>
                        <i>0.0254874 0.988995 0.145737 -0.170376 0.147949 -0.974209 -0.985049 -1.68915e-009 0.172272 2.28229 6.66257 1.89318</i>
                    </KeyFrames>
                </p>
            </i>
            <i>
                <p>
                    <Name><![CDATA[head_prop]]></Name>
                    <Exclude>0</Exclude>
                    <Additive>0</Additive>
                    <IKPriority>0</IKPriority>
                    <IKRotLimits>-1e+010 -1e+010 -1e+010 1e+010 1e+010 1e+010</IKRotLimits>
                    <IKRotLimitOrder>0</IKRotLimitOrder>
                    <KeyFrames count="30">
                        <i>0.985049 1.68915e-009 -0.172272 0.0254874 0.988995 0.145737 0.170376 -0.147949 0.974209 2.2906 6.98489 1.94067</i>
                        <i>0.985049 -1.83101e-010 -0.172272 0.0259199 0.988616 0.14821 0.17031 -0.150459 0.973836 2.2907 6.98418 1.94125</i>
                        <i>0.985049 -1.15755e-009 -0.172272 0.02556 0.988932 0.146152 0.170365 -0.148371 0.974147 2.29054 6.98363 1.94034</i>
                        <i>0.985049 -2.08403e-009 -0.172272 0.0246159 0.989739 0.140754 0.170504 -0.14289 0.974942 2.29019 6.98321 1.9383</i>
                        <i>0.985049 1.71577e-009 -0.172272 0.023295 0.990815 0.133201 0.170689 -0.135223 0.976002 2.2897 6.9829 1.93554</i>
                        <i>0.985049 -5.47772e-010 -0.172272 0.0218055 0.991957 0.124684 0.170886 -0.126576 0.977127 2.28916 6.98266 1.93243</i>
                        <i>0.985049 2.67965e-009 -0.172272 0.0203564 0.992994 0.116398 0.171065 -0.118164 0.978148 2.28862 6.98247 1.92937</i>
                        <i>0.985049 -1.86012e-009 -0.172272 0.0191574 0.993798 0.109542 0.171203 -0.111204 0.97894 2.28816 6.98234 1.92672</i>
                        <i>0.98505 -5.95135e-010 -0.172272 0.0184189 0.994268 0.105319 0.171284 -0.106918 0.979403 2.28784 6.98226 1.92489</i>
                        <i>0.985049 -2.046e-009 -0.172272 0.0180314 0.994507 0.103104 0.171325 -0.104668 0.979639 2.28762 6.98234 1.92361</i>
                        <i>0.985049 2.49091e-009 -0.172272 0.0177384 0.994685 0.101428 0.171356 -0.102968 0.979814 2.2874 6.98264 1.92238</i>
                        <i>0.985049 -8.03183e-010 -0.172272 0.01753 0.994809 0.100237 0.171377 -0.101758 0.979936 2.2872 6.98317 1.92123</i>
                        <i>0.985049 5.95318e-010 -0.172272 0.0173962 0.994888 0.0994715 0.171391 -0.100981 0.980014 2.28701 6.9839 1.92016</i>
                        <i>0.985049 4.15016e-010 -0.172272 0.017327 0.994929 0.0990759 0.171398 -0.10058 0.980054 2.28685 6.98477 1.91922</i>
                        <i>0.985049 -4.51064e-009 -0.172272 0.0173125 0.994938 0.0989928 0.171399 -0.100495 0.980063 2.28671 6.98573 1.91841</i>
                        <i>0.985049 -1.82928e-009 -0.172272 0.0173426 0.99492 0.0991649 0.171396 -0.10067 0.980045 2.2866 6.98672 1.91778</i>
                        <i>0.985049 -7.83062e-011 -0.172272 0.0174073 0.994882 0.0995351 0.17139 -0.101046 0.980008 2.28652 6.9877 1.91735</i>
                        <i>0.985049 3.81521e-010 -0.172272 0.0174967 0.994829 0.100046 0.171381 -0.101565 0.979956 2.28648 6.98861 1.91713</i>
                        <i>0.98505 -2.04524e-010 -0.172272 0.0176007 0.994767 0.100641 0.17137 -0.102169 0.979895 2.28649 6.98941 1.91717</i>
                        <i>0.98505 3.57055e-010 -0.172272 0.0177094 0.994702 0.101262 0.171359 -0.102799 0.979831 2.28655 6.99004 1.91748</i>
                        <i>0.985049 -1.73293e-010 -0.172272 0.0178127 0.99464 0.101853 0.171348 -0.103399 0.97977 2.28665 6.99046 1.9181</i>
                        <i>0.98505 1.38772e-010 -0.172272 0.0180184 0.994515 0.103029 0.171327 -0.104593 0.979647 2.28686 6.99059 1.91928</i>
                        <i>0.98505 -1.62935e-009 -0.172272 0.0185163 0.994207 0.105877 0.171274 -0.107484 0.979343 2.28722 6.99038 1.92133</i>
                        <i>0.985049 8.76275e-010 -0.172272 0.0193019 0.993703 0.110368 0.171187 -0.112043 0.978847 2.2877 6.9899 1.92411</i>
                        <i>0.985049 -5.2545e-010 -0.172272 0.0202932 0.993038 0.116037 0.171072 -0.117798 0.978191 2.28827 6.98919 1.92733</i>
                        <i>0.985049 3.85619e-009 -0.172272 0.0214088 0.992248 0.122416 0.170936 -0.124274 0.977413 2.28886 6.98834 1.93074</i>
                        <i>0.98505 1.58771e-009 -0.172272 0.0225671 0.991383 0.129039 0.170787 -0.130997 0.976561 2.28944 6.9874 1.93405</i>
                        <i>0.98505 -2.91763e-009 -0.172272 0.0236869 0.990502 0.135442 0.170635 -0.137497 0.975694 2.28996 6.98646 1.93698</i>
                        <i>0.985049 -3.78211e-009 -0.172272 0.0246872 0.989679 0.141162 0.170493 -0.143304 0.974883 2.29036 6.9856 1.93928</i>
                        <i>0.985049 1.68915e-009 -0.172272 0.0254874 0.988995 0.145737 0.170376 -0.147949 0.974209 2.2906 6.98489 1.94067</i>
                    </KeyFrames>
                </p>
            </i>
            <i>
                <p>
                    <Name><![CDATA[l_clav]]></Name>
                    <Exclude>0</Exclude>
                    <Additive>0</Additive>
                    <IKPriority>0</IKPriority>
                    <IKRotLimits>-1e+010 -1e+010 -1e+010 1e+010 1e+010 1e+010</IKRotLimits>
                    <IKRotLimitOrder>0</IKRotLimitOrder>
                    <KeyFrames count="30">
                        <i>0.896487 0.41918 0.143522 -0.435983 0.776879 0.454288 0.0789291 -0.469837 0.879218 2.35102 6.48433 1.78677</i>
                        <i>0.897042 0.416889 0.146694 -0.434954 0.773988 0.460171 0.0783012 -0.476598 0.875627 2.35074 6.48446 1.78519</i>
                        <i>0.89755 0.414756 0.149602 -0.434009 0.771283 0.465574 0.0777146 -0.482804 0.872273 2.35048 6.48448 1.78371</i>
                        <i>0.897996 0.412861 0.152149 -0.43318 0.768869 0.470315 0.0771919 -0.488249 0.869284 2.35025 6.48441 1.78235</i>
                        <i>0.898362 0.411285 0.154242 -0.432498 0.766854 0.474215 0.0767561 -0.492727 0.866792 2.35004 6.48424 1.78115</i>
                        <i>0.898632 0.410111 0.155787 -0.431994 0.76535 0.477097 0.0764309 -0.496034 0.864933 2.34986 6.48401 1.78016</i>
                        <i>0.89879 0.40942 0.156689 -0.431699 0.764463 0.478781 0.0762395 -0.497967 0.863838 2.34973 6.4837 1.77941</i>
                        <i>0.898819 0.409294 0.156854 -0.431646 0.764301 0.479088 0.0762045 -0.498319 0.863638 2.34965 6.48335 1.77893</i>
                        <i>0.898701 0.409809 0.156182 -0.431865 0.764962 0.477834 0.0763473 -0.49688 0.864455 2.34962 6.48295 1.77876</i>
                        <i>0.898436 0.410964 0.154666 -0.43236 0.766443 0.475005 0.0766673 -0.493633 0.866285 2.34963 6.48258 1.77885</i>
                        <i>0.898049 0.412633 0.152453 -0.433081 0.768578 0.470881 0.0771289 -0.488899 0.868924 2.34968 6.48229 1.77911</i>
                        <i>0.897564 0.414699 0.149679 -0.433984 0.77121 0.465718 0.0776989 -0.48297 0.872183 2.34975 6.48213 1.77953</i>
                        <i>0.897004 0.417046 0.146479 -0.435024 0.774186 0.459773 0.0783442 -0.47614 0.875873 2.34985 6.48209 1.78008</i>
                        <i>0.896394 0.41956 0.142991 -0.436155 0.777357 0.453304 0.079033 -0.468706 0.879812 2.34996 6.48216 1.78074</i>
                        <i>0.895759 0.422133 0.139357 -0.437331 0.780583 0.446577 0.0797351 -0.460971 0.883826 2.3501 6.48231 1.78151</i>
                        <i>0.895123 0.424659 0.13572 -0.438506 0.783733 0.439858 0.0804218 -0.453241 0.887753 2.35025 6.48252 1.78237</i>
                        <i>0.894512 0.427041 0.132228 -0.439632 0.786683 0.43342 0.0810664 -0.445832 0.891438 2.35041 6.48277 1.78329</i>
                        <i>0.893953 0.429183 0.129033 -0.440661 0.789321 0.427539 0.0816439 -0.43906 0.89474 2.35058 6.48303 1.78426</i>
                        <i>0.893473 0.430995 0.126288 -0.441543 0.791542 0.422494 0.0821307 -0.433249 0.897524 2.35075 6.48329 1.78526</i>
                        <i>0.893099 0.432391 0.124148 -0.44223 0.793243 0.418566 0.0825043 -0.428723 0.899661 2.35093 6.48352 1.78628</i>
                        <i>0.892858 0.433282 0.122769 -0.442672 0.794327 0.416036 0.0827425 -0.425808 0.901022 2.35111 6.48368 1.78729</i>
                        <i>0.892776 0.43358 0.122304 -0.442821 0.794689 0.415185 0.0828222 -0.424826 0.901478 2.35128 6.48376 1.78827</i>
                        <i>0.892892 0.433155 0.122966 -0.442609 0.794173 0.416398 0.0827086 -0.426224 0.900829 2.35143 6.48379 1.78912</i>
                        <i>0.893195 0.432034 0.124697 -0.442054 0.79281 0.419573 0.0824091 -0.429883 0.899116 2.35153 6.48381 1.7897</i>
                        <i>0.89364 0.430367 0.127245 -0.441236 0.790773 0.424251 0.0819621 -0.435273 0.89656 2.35158 6.48383 1.79001</i>
                        <i>0.894185 0.4283 0.130357 -0.440235 0.788235 0.429975 0.081406 -0.441864 0.893381 2.35159 6.48388 1.79002</i>
                        <i>0.894784 0.425985 0.133784 -0.439131 0.785377 0.436287 0.0807809 -0.449132 0.889806 2.35153 6.48394 1.78971</i>
                        <i>0.895395 0.423581 0.13728 -0.438003 0.782391 0.442739 0.0801291 -0.456555 0.886079 2.35142 6.48403 1.78908</i>
                        <i>0.895977 0.421255 0.140605 -0.436928 0.779485 0.448885 0.0794959 -0.463625 0.882458 2.35125 6.48416 1.78811</i>
                        <i>0.896487 0.41918 0.143522 -0.435983 0.776879 0.454288 0.0789291 -0.469837 0.879218 2.35102 6.48433 1.78677</i>
                    </KeyFrames>
                </p>
            </i>
            <i>
                <p>
                    <Name><![CDATA[l_shoulder]]></Name>
                    <Exclude>0</Exclude>
                    <Additive>0</Additive>
                    <IKPriority>0</IKPriority>
                    <IKRotLimits>-1e+010 -1e+010 -1e+010 1e+010 1e+010 1e+010</IKRotLimits>
                    <IKRotLimitOrder>0</IKRotLimitOrder>
                    <KeyFrames count="30">
                        <i>0.683836 0.0680571 0.726455 0.379836 0.816884 -0.434081 -0.622971 0.572774 0.532764 2.52814 6.56715 1.81512</i>
                        <i>0.685995 0.0686671 0.724359 0.3793 0.815816 -0.436549 -0.62092 0.57422 0.533601 2.52798 6.56683 1.81418</i>
                        <i>0.688923 0.0696087 0.721484 0.377694 0.815091 -0.439288 -0.618654 0.575136 0.535244 2.52782 6.56643 1.81326</i>
                        <i>0.69232 0.0708581 0.718103 0.375222 0.814691 -0.442139 -0.616361 0.57555 0.537439 2.52767 6.56598 1.81241</i>
                        <i>0.695899 0.0723924 0.714482 0.37208 0.814608 -0.44494 -0.614233 0.575477 0.539949 2.52753 6.56551 1.81163</i>
                        <i>0.699381 0.0741883 0.710888 0.368447 0.814845 -0.447521 -0.612464 0.574912 0.542553 2.52741 6.56503 1.81094</i>
                        <i>0.702503 0.0762227 0.707587 0.364492 0.815417 -0.449711 -0.611257 0.573833 0.545051 2.52731 6.5646 1.81037</i>
                        <i>0.705007 0.0784743 0.704845 0.360366 0.816352 -0.451338 -0.61082 0.572199 0.547254 2.52723 6.56422 1.80992</i>
                        <i>0.706679 0.0810199 0.70288 0.356037 0.81776 -0.452224 -0.611426 0.569829 0.549048 2.52718 6.56392 1.80962</i>
                        <i>0.707777 0.0836854 0.701461 0.351449 0.819646 -0.452399 -0.612809 0.566726 0.550715 2.52715 6.56378 1.80941</i>
                        <i>0.708705 0.086172 0.700223 0.346676 0.821884 -0.45202 -0.614453 0.5631 0.552599 2.52711 6.56382 1.80924</i>
                        <i>0.709472 0.0883895 0.699168 0.341845 0.824406 -0.451106 -0.616272 0.559054 0.554678 2.52709 6.56406 1.8091</i>
                        <i>0.710075 0.0902879 0.698313 0.337086 0.827126 -0.449706 -0.618196 0.554716 0.556887 2.52708 6.56449 1.80902</i>
                        <i>0.710486 0.0918764 0.697688 0.332529 0.829934 -0.447921 -0.620189 0.550243 0.559105 2.52707 6.56505 1.809</i>
                        <i>0.71068 0.0931422 0.697322 0.328331 0.832718 -0.445847 -0.6222 0.545807 0.561214 2.52708 6.56571 1.80905</i>
                        <i>0.710631 0.0940606 0.697249 0.324663 0.83536 -0.443586 -0.624178 0.541596 0.563095 2.52711 6.56642 1.80918</i>
                        <i>0.710313 0.0945958 0.6975 0.321715 0.837739 -0.44124 -0.626063 0.537815 0.564624 2.52715 6.56714 1.80941</i>
                        <i>0.7097 0.0947041 0.698109 0.319693 0.839731 -0.438917 -0.627791 0.53468 0.565681 2.52721 6.56783 1.80975</i>
                        <i>0.708767 0.0943366 0.699107 0.318808 0.841209 -0.436725 -0.629295 0.532416 0.566146 2.52729 6.56845 1.81021</i>
                        <i>0.707485 0.0934447 0.700523 0.319272 0.842046 -0.434768 -0.6305 0.531249 0.565901 2.52739 6.56895 1.8108</i>
                        <i>0.705701 0.0916495 0.702557 0.321906 0.841867 -0.43317 -0.631159 0.531846 0.564604 2.52752 6.56929 1.81154</i>
                        <i>0.703216 0.0889772 0.705387 0.326965 0.840527 -0.431983 -0.631333 0.534414 0.561979 2.52767 6.56943 1.81244</i>
                        <i>0.700067 0.0858627 0.708896 0.333788 0.838263 -0.431162 -0.631262 0.538463 0.55818 2.52784 6.56937 1.81341</i>
                        <i>0.69648 0.0825386 0.712813 0.341733 0.835331 -0.430628 -0.630978 0.543516 0.553585 2.52801 6.56917 1.81434</i>
                        <i>0.692771 0.0792141 0.716793 0.350172 0.831958 -0.430378 -0.630434 0.549155 0.548618 2.52815 6.56887 1.81515</i>
                        <i>0.689265 0.0760741 0.720505 0.358498 0.828383 -0.430418 -0.629598 0.554972 0.543703 2.52826 6.5685 1.81577</i>
                        <i>0.686289 0.0732727 0.723628 0.366141 0.82485 -0.430771 -0.628449 0.560584 0.539257 2.52832 6.5681 1.81615</i>
                        <i>0.684177 0.070935 0.725858 0.372571 0.8216 -0.431468 -0.626972 0.565634 0.535691 2.52833 6.56772 1.81621</i>
                        <i>0.683254 0.0691645 0.726898 0.377291 0.81887 -0.432554 -0.625152 0.569796 0.533401 2.52828 6.56739 1.81589</i>
                        <i>0.683836 0.0680571 0.726455 0.379836 0.816884 -0.434081 -0.622971 0.572774 0.532764 2.52814 6.56715 1.81512</i>
                    </KeyFrames>
                </p>
            </i>
            <i>
                <p>
                    <Name><![CDATA[l_elbow]]></Name>
                    <Exclude>0</Exclude>
                    <Additive>0</Additive>
                    <IKPriority>0</IKPriority>
                    <IKRotLimits>-1e+010 -1e+010 -1e+010 1e+010 1e+010 1e+010</IKRotLimits>
                    <IKRotLimitOrder>0</IKRotLimitOrder>
                    <KeyFrames count="30">
                        <i>-0.392554 0.565233 0.725544 0.378246 0.818283 -0.432832 -0.838351 0.104525 -0.535017 2.75058 6.58929 2.05142</i>
                        <i>-0.394208 0.567319 0.723014 0.377716 0.817219 -0.435297 -0.837813 0.101496 -0.53644 2.75112 6.58917 2.04979</i>
                        <i>-0.396687 0.569122 0.720236 0.376115 0.816496 -0.438032 -0.837363 0.0971299 -0.537949 2.75191 6.58907 2.04795</i>
                        <i>-0.399683 0.570569 0.717429 0.373649 0.816097 -0.440877 -0.837042 0.0918553 -0.539373 2.75287 6.58903 2.04599</i>
                        <i>-0.402899 0.571586 0.714816 0.370511 0.816013 -0.443671 -0.836895 0.086093 -0.54055 2.75389 6.58905 2.04403</i>
                        <i>-0.406049 0.572099 0.71262 0.366883 0.816249 -0.446245 -0.836971 0.0802509 -0.541331 2.75491 6.58917 2.04218</i>
                        <i>-0.408859 0.572035 0.711063 0.362931 0.816819 -0.448429 -0.837327 0.0747225 -0.541572 2.75582 6.58939 2.04053</i>
                        <i>-0.411062 0.571316 0.71037 0.358806 0.817749 -0.450049 -0.838025 0.0698867 -0.541138 2.75656 6.58974 2.03919</i>
                        <i>-0.412437 0.56977 0.710815 0.354476 0.819151 -0.450931 -0.839192 0.0659858 -0.539818 2.75705 6.59028 2.03825</i>
                        <i>-0.413211 0.567422 0.712242 0.349884 0.821029 -0.451102 -0.840736 0.0628019 -0.53779 2.75737 6.591 2.03758</i>
                        <i>-0.413779 0.564488 0.714241 0.345107 0.823258 -0.450718 -0.84243 0.0599917 -0.535456 2.75764 6.59185 2.037</i>
                        <i>-0.414173 0.56106 0.716709 0.340272 0.82577 -0.449799 -0.844201 0.0575813 -0.532925 2.75787 6.59281 2.03652</i>
