<?xml version="1.0" encoding="ISO-8859-1" ?>
<Animl Version="1">
    <ModellingPackage><![CDATA[Maya.2010]]></ModellingPackage>
    <SrcFile><![CDATA[anims\turrets\artillery\blue\~src\artillery_m270\artillery_m270_aim_random_crewman_c.mb]]></SrcFile>
    <FramesPerSecond>30</FramesPerSecond>
    <TotalFrames>60</TotalFrames>
    <Skeleton>
        <RefFrame>
            <Name><![CDATA[soldier_ref_frame]]></Name>
            <Exclude>0</Exclude>
            <Additive>0</Additive>
            <IKPriority>0</IKPriority>
            <IKRotLimits>-1e+010 -1e+010 -1e+010 1e+010 1e+010 1e+010</IKRotLimits>
            <IKRotLimitOrder>0</IKRotLimitOrder>
            <KeyFrames count="60">
                <i>1 0 0 0 1 0 0 0 1 2.22 5.41 1.52</i>
                <i>1 0 0 0 1 0 0 0 1 2.22 5.41 1.52</i>
                <i>1 0 0 0 1 0 0 0 1 2.22 5.41 1.52</i>
                <i>1 0 0 0 1 0 0 0 1 2.22 5.41 1.52</i>
                <i>1 0 0 0 1 0 0 0 1 2.22 5.41 1.52</i>
                <i>1 0 0 0 1 0 0 0 1 2.22 5.41 1.52</i>
                <i>1 0 0 0 1 0 0 0 1 2.22 5.41 1.52</i>
                <i>1 0 0 0 1 0 0 0 1 2.22 5.41 1.52</i>
                <i>1 0 0 0 1 0 0 0 1 2.22 5.41 1.52</i>
                <i>1 0 0 0 1 0 0 0 1 2.22 5.41 1.52</i>
                <i>1 0 0 0 1 0 0 0 1 2.22 5.41 1.52</i>
                <i>1 0 0 0 1 0 0 0 1 2.22 5.41 1.52</i>
                <i>1 0 0 0 1 0 0 0 1 2.22 5.41 1.52</i>
                <i>1 0 0 0 1 0 0 0 1 2.22 5.41 1.52</i>
                <i>1 0 0 0 1 0 0 0 1 2.22 5.41 1.52</i>
                <i>1 0 0 0 1 0 0 0 1 2.22 5.41 1.52</i>
                <i>1 0 0 0 1 0 0 0 1 2.22 5.41 1.52</i>
                <i>1 0 0 0 1 0 0 0 1 2.22 5.41 1.52</i>
                <i>1 0 0 0 1 0 0 0 1 2.22 5.41 1.52</i>
                <i>1 0 0 0 1 0 0 0 1 2.22 5.41 1.52</i>
                <i>1 0 0 0 1 0 0 0 1 2.22 5.41 1.52</i>
                <i>1 0 0 0 1 0 0 0 1 2.22 5.41 1.52</i>
                <i>1 0 0 0 1 0 0 0 1 2.22 5.41 1.52</i>
                <i>1 0 0 0 1 0 0 0 1 2.22 5.41 1.52</i>
                <i>1 0 0 0 1 0 0 0 1 2.22 5.41 1.52</i>
                <i>1 0 0 0 1 0 0 0 1 2.22 5.41 1.52</i>
                <i>1 0 0 0 1 0 0 0 1 2.22 5.41 1.52</i>
                <i>1 0 0 0 1 0 0 0 1 2.22 5.41 1.52</i>
                <i>1 0 0 0 1 0 0 0 1 2.22 5.41 1.52</i>
                <i>1 0 0 0 1 0 0 0 1 2.22 5.41 1.52</i>
                <i>1 0 0 0 1 0 0 0 1 2.22 5.41 1.52</i>
                <i>1 0 0 0 1 0 0 0 1 2.22 5.41 1.52</i>
                <i>1 0 0 0 1 0 0 0 1 2.22 5.41 1.52</i>
                <i>1 0 0 0 1 0 0 0 1 2.22 5.41 1.52</i>
                <i>1 0 0 0 1 0 0 0 1 2.22 5.41 1.52</i>
                <i>1 0 0 0 1 0 0 0 1 2.22 5.41 1.52</i>
                <i>1 0 0 0 1 0 0 0 1 2.22 5.41 1.52</i>
                <i>1 0 0 0 1 0 0 0 1 2.22 5.41 1.52</i>
                <i>1 0 0 0 1 0 0 0 1 2.22 5.41 1.52</i>
                <i>1 0 0 0 1 0 0 0 1 2.22 5.41 1.52</i>
                <i>1 0 0 0 1 0 0 0 1 2.22 5.41 1.52</i>
                <i>1 0 0 0 1 0 0 0 1 2.22 5.41 1.52</i>
                <i>1 0 0 0 1 0 0 0 1 2.22 5.41 1.52</i>
                <i>1 0 0 0 1 0 0 0 1 2.22 5.41 1.52</i>
                <i>1 0 0 0 1 0 0 0 1 2.22 5.41 1.52</i>
                <i>1 0 0 0 1 0 0 0 1 2.22 5.41 1.52</i>
                <i>1 0 0 0 1 0 0 0 1 2.22 5.41 1.52</i>
                <i>1 0 0 0 1 0 0 0 1 2.22 5.41 1.52</i>
                <i>1 0 0 0 1 0 0 0 1 2.22 5.41 1.52</i>
                <i>1 0 0 0 1 0 0 0 1 2.22 5.41 1.52</i>
                <i>1 0 0 0 1 0 0 0 1 2.22 5.41 1.52</i>
                <i>1 0 0 0 1 0 0 0 1 2.22 5.41 1.52</i>
                <i>1 0 0 0 1 0 0 0 1 2.22 5.41 1.52</i>
                <i>1 0 0 0 1 0 0 0 1 2.22 5.41 1.52</i>
                <i>1 0 0 0 1 0 0 0 1 2.22 5.41 1.52</i>
                <i>1 0 0 0 1 0 0 0 1 2.22 5.41 1.52</i>
                <i>1 0 0 0 1 0 0 0 1 2.22 5.41 1.52</i>
                <i>1 0 0 0 1 0 0 0 1 2.22 5.41 1.52</i>
                <i>1 0 0 0 1 0 0 0 1 2.22 5.41 1.52</i>
                <i>1 0 0 0 1 0 0 0 1 2.22 5.41 1.52</i>
            </KeyFrames>
        </RefFrame>
        <Bones count="23">
            <i>
                <p>
                    <Name><![CDATA[pelvis]]></Name>
                    <Exclude>0</Exclude>
                    <Additive>0</Additive>
                    <IKPriority>0</IKPriority>
                    <IKRotLimits>-1e+010 -1e+010 -1e+010 1e+010 1e+010 1e+010</IKRotLimits>
                    <IKRotLimitOrder>2</IKRotLimitOrder>
                    <KeyFrames count="60">
                        <i>1 0 0 0 1 0 0 0 1 2.24429 6.00107 1.67587</i>
                        <i>1 0 0 0 1 0 0 0 1 2.24429 6.00107 1.67587</i>
                        <i>1 0 0 0 1 0 0 0 1 2.24429 6.00107 1.67587</i>
                        <i>1 0 0 0 1 0 0 0 1 2.24429 6.00107 1.67587</i>
                        <i>1 0 0 0 1 0 0 0 1 2.24429 6.00107 1.67587</i>
                        <i>1 0 0 0 1 0 0 0 1 2.24429 6.00107 1.67587</i>
                        <i>1 0 0 0 1 0 0 0 1 2.24429 6.00107 1.67587</i>
                        <i>1 0 0 0 1 0 0 0 1 2.24429 6.00107 1.67587</i>
                        <i>1 0 0 0 1 0 0 0 1 2.24429 6.00107 1.67587</i>
                        <i>1 0 0 0 1 0 0 0 1 2.24429 6.00107 1.67587</i>
                        <i>1 0 0 0 1 0 0 0 1 2.24429 6.00107 1.67587</i>
                        <i>1 0 0 0 1 0 0 0 1 2.24429 6.00107 1.67587</i>
                        <i>1 0 0 0 1 0 0 0 1 2.24429 6.00107 1.67587</i>
                        <i>1 0 0 0 1 0 0 0 1 2.24429 6.00107 1.67587</i>
                        <i>1 0 0 0 1 0 0 0 1 2.24429 6.00107 1.67587</i>
                        <i>1 0 0 0 1 0 0 0 1 2.24429 6.00107 1.67587</i>
                        <i>1 0 0 0 1 0 0 0 1 2.24429 6.00107 1.67587</i>
                        <i>1 0 0 0 1 0 0 0 1 2.24429 6.00107 1.67587</i>
                        <i>1 0 0 0 1 0 0 0 1 2.24429 6.00107 1.67587</i>
                        <i>1 0 0 0 1 0 0 0 1 2.24429 6.00107 1.67587</i>
                        <i>1 0 0 0 1 0 0 0 1 2.24429 6.00107 1.67587</i>
                        <i>1 0 0 0 1 0 0 0 1 2.24429 6.00107 1.67587</i>
                        <i>1 0 0 0 1 0 0 0 1 2.24429 6.00107 1.67587</i>
                        <i>1 0 0 0 1 0 0 0 1 2.24429 6.00107 1.67587</i>
                        <i>1 0 0 0 1 0 0 0 1 2.24429 6.00107 1.67587</i>
                        <i>1 0 0 0 1 0 0 0 1 2.24429 6.00107 1.67587</i>
                        <i>1 0 0 0 1 0 0 0 1 2.24429 6.00107 1.67587</i>
                        <i>1 0 0 0 1 0 0 0 1 2.24429 6.00107 1.67587</i>
                        <i>1 0 0 0 1 0 0 0 1 2.24429 6.00107 1.67587</i>
                        <i>1 0 0 0 1 0 0 0 1 2.24429 6.00107 1.67587</i>
                        <i>1 0 0 0 1 0 0 0 1 2.24429 6.00107 1.67587</i>
                        <i>1 0 0 0 1 0 0 0 1 2.24429 6.00107 1.67587</i>
                        <i>1 0 0 0 1 0 0 0 1 2.24429 6.00107 1.67587</i>
                        <i>1 0 0 0 1 0 0 0 1 2.24429 6.00107 1.67587</i>
                        <i>1 0 0 0 1 0 0 0 1 2.24429 6.00107 1.67587</i>
                        <i>1 0 0 0 1 0 0 0 1 2.24429 6.00107 1.67587</i>
                        <i>1 0 0 0 1 0 0 0 1 2.24429 6.00107 1.67587</i>
                        <i>1 0 0 0 1 0 0 0 1 2.24429 6.00107 1.67587</i>
                        <i>1 0 0 0 1 0 0 0 1 2.24429 6.00107 1.67587</i>
                        <i>1 0 0 0 1 0 0 0 1 2.24429 6.00107 1.67587</i>
                        <i>1 0 0 0 1 0 0 0 1 2.24429 6.00107 1.67587</i>
                        <i>1 0 0 0 1 0 0 0 1 2.24429 6.00107 1.67587</i>
                        <i>1 0 0 0 1 0 0 0 1 2.24429 6.00107 1.67587</i>
                        <i>1 0 0 0 1 0 0 0 1 2.24429 6.00107 1.67587</i>
                        <i>1 0 0 0 1 0 0 0 1 2.24429 6.00107 1.67587</i>
                        <i>1 0 0 0 1 0 0 0 1 2.24429 6.00107 1.67587</i>
                        <i>1 0 0 0 1 0 0 0 1 2.24429 6.00107 1.67587</i>
                        <i>1 0 0 0 1 0 0 0 1 2.24429 6.00107 1.67587</i>
                        <i>1 0 0 0 1 0 0 0 1 2.24429 6.00107 1.67587</i>
                        <i>1 0 0 0 1 0 0 0 1 2.24429 6.00107 1.67587</i>
                        <i>1 0 0 0 1 0 0 0 1 2.24429 6.00107 1.67587</i>
                        <i>1 0 0 0 1 0 0 0 1 2.24429 6.00107 1.67587</i>
                        <i>1 0 0 0 1 0 0 0 1 2.24429 6.00107 1.67587</i>
                        <i>1 0 0 0 1 0 0 0 1 2.24429 6.00107 1.67587</i>
                        <i>1 0 0 0 1 0 0 0 1 2.24429 6.00107 1.67587</i>
                        <i>1 0 0 0 1 0 0 0 1 2.24429 6.00107 1.67587</i>
                        <i>1 0 0 0 1 0 0 0 1 2.24429 6.00107 1.67587</i>
                        <i>1 0 0 0 1 0 0 0 1 2.24429 6.00107 1.67587</i>
                        <i>1 0 0 0 1 0 0 0 1 2.24429 6.00107 1.67587</i>
                        <i>1 0 0 0 1 0 0 0 1 2.24429 6.00107 1.67587</i>
                    </KeyFrames>
                </p>
            </i>
            <i>
                <p>
                    <Name><![CDATA[spine0]]></Name>
                    <Exclude>0</Exclude>
                    <Additive>0</Additive>
                    <IKPriority>0</IKPriority>
                    <IKRotLimits>-1e+010 -1e+010 -1e+010 1e+010 1e+010 1e+010</IKRotLimits>
                    <IKRotLimitOrder>0</IKRotLimitOrder>
                    <KeyFrames count="60">
                        <i>0.0147872 0.985642 0.168198 -0.991052 -0.00786974 0.133246 0.132656 -0.168663 0.976706 2.23462 6.14208 1.64905</i>
                        <i>0.0139916 0.986414 0.163684 -0.991057 -0.00804553 0.1332 0.132707 -0.164084 0.977479 2.23461 6.14207 1.64897</i>
                        <i>0.0118623 0.988371 0.151597 -0.991069 -0.00851672 0.133077 0.132821 -0.151821 0.979443 2.23459 6.14202 1.64876</i>
                        <i>0.00878614 0.990927 0.134113 -0.991086 -0.00919955 0.132902 0.13293 -0.134086 0.982014 2.23455 6.14196 1.64845</i>
                        <i>0.00514817 0.993535 0.113407 -0.991106 -0.0100111 0.132698 0.132975 -0.113081 0.984647 2.23451 6.14188 1.64808</i>
                        <i>0.00132924 0.995792 0.0916361 -0.991125 -0.0108689 0.132487 0.132926 -0.0909989 0.98694 2.23446 6.1418 1.64769</i>
                        <i>-0.0022935 0.997477 0.0709536 -0.991142 -0.0116892 0.132291 0.132787 -0.0700216 0.988668 2.23442 6.14173 1.64732</i>
                        <i>-0.00534512 0.998553 0.0535097 -0.991155 -0.0123859 0.132128 0.1326 -0.0523302 0.989787 2.23438 6.14166 1.64701</i>
                        <i>-0.00745122 0.999112 0.0414595 -0.991164 -0.0128702 0.132017 0.132433 -0.0401094 0.99038 2.23435 6.14161 1.6468</i>
                        <i>-0.00823677 0.999283 0.0369625 -0.991167 -0.0130515 0.131976 0.132364 -0.035549 0.990564 2.23434 6.1416 1.64672</i>
                        <i>-0.00836352 0.999311 0.0361688 -0.991172 -0.0130706 0.131933 0.132315 -0.0347461 0.990598 2.23432 6.14156 1.64654</i>
                        <i>-0.00870356 0.999383 0.0340357 -0.991187 -0.0131215 0.131818 0.132183 -0.0325885 0.990689 2.23426 6.14145 1.64604</i>
                        <i>-0.00919594 0.999479 0.0309382 -0.991209 -0.013195 0.131649 0.131989 -0.0294556 0.990813 2.23418 6.14129 1.64531</i>
                        <i>-0.00977994 0.999581 0.0272499 -0.991234 -0.0132817 0.131446 0.131753 -0.0257255 0.990949 2.23407 6.14108 1.64443</i>
                        <i>-0.0103962 0.999674 0.0233391 -0.991262 -0.0133724 0.131227 0.131496 -0.021771 0.991078 2.23396 6.14086 1.64347</i>
                        <i>-0.0109869 0.999748 0.019566 -0.99129 -0.013458 0.131009 0.13124 -0.0179561 0.991188 2.23384 6.14062 1.64252</i>
                        <i>-0.0114966 0.999801 0.0162819 -0.991315 -0.0135293 0.130812 0.131006 -0.0146366 0.991274 2.23374 6.1404 1.64164</i>
                        <i>-0.0118711 0.999834 0.0138316 -0.991335 -0.0135776 0.130651 0.130817 -0.0121608 0.991332 2.23366 6.14022 1.64091</i>
                        <i>-0.0120569 0.999848 0.0125572 -0.991349 -0.0135939 0.130543 0.130694 -0.0108746 0.991363 2.2336 6.14009 1.64042</i>
                        <i>-0.0120393 0.999848 0.0125791 -0.991355 -0.0135789 0.130505 0.130656 -0.0108992 0.991368 2.23358 6.14004 1.64024</i>
                        <i>-0.0118481 0.999835 0.0137508 -0.99135 -0.013543 0.130548 0.130712 -0.0120851 0.991347 2.2336 6.14009 1.64042</i>
                        <i>-0.0115145 0.999808 0.0158695 -0.991336 -0.0134909 0.130658 0.130847 -0.0142276 0.9913 2.23366 6.14022 1.64091</i>
                        <i>-0.011075 0.999764 0.0186915 -0.991315 -0.0134272 0.130821 0.131041 -0.0170803 0.99123 2.23374 6.1404 1.64164</i>
                        <i>-0.010566 0.999703 0.0219707 -0.99129 -0.0133566 0.13102 0.131274 -0.020395 0.991136 2.23384 6.14062 1.64252</i>
                        <i>-0.0100253 0.999626 0.0254573 -0.991262 -0.0132836 0.131236 0.131525 -0.0239191 0.991024 2.23396 6.14086 1.64347</i>
                        <i>-0.00949159 0.999537 0.0288967 -0.991234 -0.0132131 0.131454 0.131775 -0.0273957 0.990901 2.23407 6.14108 1.64443</i>
                        <i>-0.00900472 0.999446 0.03203 -0.991208 -0.0131497 0.131655 0.132003 -0.0305629 0.990778 2.23418 6.14129 1.64531</i>
                        <i>-0.00860563 0.999364 0.0345948 -0.991187 -0.0130984 0.131821 0.13219 -0.0331555 0.99067 2.23426 6.14145 1.64604</i>
                        <i>-0.00833582 0.999305 0.0363269 -0.991172 -0.0130641 0.131934 0.132317 -0.0349065 0.990593 2.23432 6.14156 1.64654</i>
                        <i>-0.00823677 0.999283 0.0369625 -0.991167 -0.0130515 0.131976 0.132364 -0.035549 0.990564 2.23434 6.1416 1.64672</i>
                        <i>-0.0107517 0.999266 0.0367568 -0.991185 -0.0155045 0.131573 0.132046 -0.0350182 0.990625 2.23341 6.14148 1.64647</i>
                        <i>-0.0158528 0.99927 0.0347548 -0.991226 -0.0202681 0.130616 0.131225 -0.0323792 0.990824 2.23158 6.14114 1.64563</i>
                        <i>-0.0217973 0.999258 0.0317449 -0.99127 -0.025731 0.129309 0.130029 -0.0286492 0.991096 2.22944 6.14069 1.64455</i>
                        <i>-0.0268828 0.999231 0.0285458 -0.991308 -0.0303268 0.128016 0.128783 -0.0248562 0.991361 2.22759 6.14026 1.64357</i>
                        <i>-0.0294978 0.999227 0.0260029 -0.991332 -0.0325769 0.127279 0.128027 -0.0220231 0.991526 2.22659 6.14001 1.64304</i>
                        <i>-0.029454 0.999237 0.0256531 -0.991334 -0.0324888 0.127287 0.128024 -0.0216816 0.991534 2.22659 6.14001 1.64304</i>
                        <i>-0.0293301 0.999265 0.0246691 -0.991339 -0.0322404 0.127312 0.128014 -0.0207213 0.991556 2.22659 6.14001 1.64304</i>
                        <i>-0.0291367 0.999307 0.0231499 -0.991346 -0.0318548 0.12735 0.127999 -0.019239 0.991588 2.22659 6.14001 1.64304</i>
                        <i>-0.028884 0.999358 0.0211948 -0.991356 -0.0313547 0.127399 0.127982 -0.0173318 0.991625 2.22659 6.14001 1.64304</i>
                        <i>-0.0285824 0.999413 0.018903 -0.991367 -0.030763 0.127458 0.127964 -0.0150968 0.991664 2.22659 6.14001 1.64304</i>
                        <i>-0.0282425 0.999467 0.0163734 -0.991379 -0.0301031 0.127523 0.127948 -0.0126307 0.9917 2.22659 6.14001 1.64304</i>
                        <i>-0.0278761 0.999517 0.0137043 -0.991391 -0.0293988 0.127592 0.127933 -0.0100295 0.991732 2.22659 6.14001 1.64304</i>
                        <i>-0.0274956 0.999561 0.010993 -0.991403 -0.0286752 0.127663 0.127923 -0.00738834 0.991757 2.22659 6.14001 1.64304</i>
                        <i>-0.0271147 0.999598 0.00833631 -0.991414 -0.027958 0.127734 0.127916 -0.00480127 0.991773 2.22659 6.14001 1.64304</i>
                        <i>-0.0267481 0.999625 0.00582982 -0.991425 -0.027274 0.127801 0.127912 -0.0023614 0.991783 2.22659 6.14001 1.64304</i>
                        <i>-0.0264111 0.999645 0.00356844 -0.991434 -0.0266506 0.127862 0.127912 -0.000160887 0.991786 2.22659 6.14001 1.64304</i>
                        <i>-0.0261201 0.999657 0.00164632 -0.991441 -0.0261161 0.127915 0.127914 0.00170892 0.991784 2.22659 6.14001 1.64304</i>
                        <i>-0.0258918 0.999665 0.000157231 -0.991447 -0.0256991 0.127955 0.127917 0.00315712 0.99178 2.22659 6.14001 1.64304</i>
                        <i>-0.0257429 0.999668 -0.000805204 -0.99145 -0.0254282 0.127982 0.127919 0.00409295 0.991776 2.22659 6.14001 1.64304</i>
                        <i>-0.0256898 0.999669 -0.00114702 -0.991452 -0.0253318 0.127991 0.12792 0.00442529 0.991775 2.22659 6.14001 1.64304</i>
                        <i>-0.0239659 0.999679 0.00826039 -0.991417 -0.0248285 0.12836 0.128524 -0.00511324 0.991693 2.22707 6.14016 1.6434</i>
                        <i>-0.0211892 0.99949 0.0238769 -0.991365 -0.0240962 0.128898 0.129407 -0.0209395 0.99137 2.22782 6.14038 1.64397</i>
                        <i>-0.0173756 0.998881 0.0439975 -0.991308 -0.0229498 0.129541 0.130406 -0.0413642 0.990597 2.22877 6.14065 1.64469</i>
                        <i>-0.012599 0.997679 0.0669147 -0.991255 -0.021253 0.130237 0.131357 -0.0646887 0.989222 2.22984 6.14095 1.6455</i>
                        <i>-0.00705535 0.995833 0.0909212 -0.991208 -0.0189779 0.130943 0.132123 -0.0891979 0.987212 2.23097 6.14124 1.64635</i>
                        <i>-0.00109808 0.993444 0.114314 -0.991167 -0.0162415 0.131625 0.132619 -0.11316 0.984686 2.23207 6.14151 1.64717</i>
                        <i>0.00475569 0.990779 0.135405 -0.991128 -0.013316 0.132246 0.132829 -0.134833 0.981925 2.23307 6.14174 1.64791</i>
                        <i>0.0098491 0.988251 0.15252 -0.991091 -0.010612 0.132761 0.132819 -0.152469 0.979343 2.23388 6.14192 1.64851</i>
                        <i>0.0134402 0.986368 0.164002 -0.991063 -0.00862854 0.133114 0.132715 -0.164325 0.977437 2.23442 6.14204 1.64891</i>
                        <i>0.0147872 0.985642 0.168198 -0.991052 -0.00786974 0.133246 0.132656 -0.168663 0.976706 2.23462 6.14208 1.64905</i>
                    </KeyFrames>
                </p>
            </i>
            <i>
                <p>
                    <Name><![CDATA[spine1]]></Name>
                    <Exclude>0</Exclude>
                    <Additive>0</Additive>
                    <IKPriority>0</IKPriority>
                    <IKRotLimits>-1e+010 -1e+010 -1e+010 1e+010 1e+010 1e+010</IKRotLimits>
                    <IKRotLimitOrder>0</IKRotLimitOrder>
                    <KeyFrames count="60">
                        <i>0.0983631 0.915377 0.390396 -0.985842 0.0361 0.163745 0.135795 -0.400975 0.905968 2.23717 6.31202 1.67805</i>
                        <i>0.0968714 0.91902 0.382123 -0.985874 0.0358943 0.1636 0.136636 -0.392573 0.909515 2.23703 6.31217 1.67719</i>
                        <i>0.0928498 0.928391 0.359818 -0.985957 0.0353483 0.163218 0.138811 -0.369919 0.918635 2.23663 6.31255 1.67491</i>
                        <i>0.0869707 0.940943 0.327202 -0.986073 0.0345714 0.162681 0.141762 -0.336794 0.930845 2.23607 6.31304 1.6716</i>
                        <i>0.0799243 0.954258 0.288102 -0.986205 0.0336698 0.162068 0.144954 -0.297081 0.943786 2.2354 6.31355 1.66767</i>
                        <i>0.0724361 0.966422 0.246538 -0.986338 0.0327429 0.161448 0.147954 -0.254865 0.955591 2.23469 6.31401 1.66353</i>
                        <i>0.0652635 0.976222 0.206715 -0.986459 0.0318811 0.160882 0.150466 -0.214416 0.965083 2.23402 6.31436 1.65959</i>
                        <i>0.0591819 0.983153 0.172941 -0.986556 0.031168 0.160421 0.152328 -0.18011 0.97178 2.23345 6.31459 1.65627</i>
                        <i>0.0549689 0.987227 0.149539 -0.986622 0.0306825 0.160112 0.153478 -0.15634 0.975706 2.23306 6.31472 1.65397</i>
                        <i>0.0533949 0.988598 0.140796 -0.986646 0.0305027 0.159998 0.153879 -0.147459 0.977025 2.23292 6.31477 1.65311</i>
                        <i>0.0534487 0.988504 0.14143 -0.986654 0.0304627 0.159958 0.153811 -0.148092 0.97694 2.23287 6.31479 1.6528</i>
                        <i>0.0535959 0.988248 0.143158 -0.986675 0.0303547 0.15985 0.153626 -0.149817 0.976706 2.23275 6.31486 1.65194</i>
                        <i>0.0538143 0.987862 0.145714 -0.986706 0.0301965 0.159689 0.15335 -0.15237 0.976354 2.23258 6.31495 1.65068</i>
                        <i>0.0540822 0.987382 0.148834 -0.986744 0.0300064 0.15949 0.153011 -0.155487 0.975916 2.23237 6.31506 1.64916</i>
                        <i>0.0543787 0.986844 0.152258 -0.986785 0.0298023 0.159269 0.152636 -0.158907 0.975424 2.23214 6.31517 1.64753</i>
                        <i>0.0546844 0.986285 0.15573 -0.986828 0.0296022 0.159043 0.152252 -0.162376 0.974912 2.23192 6.31528 1.64591</i>
                        <i>0.0549812 0.985746 0.159003 -0.986867 0.0294243 0.158829 0.151887 -0.165648 0.974418 2.23173 6.31536 1.64446</i>
                        <i>0.0552525 0.98527 0.161834 -0.986901 0.0292862 0.158644 0.151568 -0.168479 0.973982 2.23157 6.31542 1.64332</i>
                        <i>0.0554822 0.984902 0.163982 -0.986926 0.0292056 0.158506 0.151324 -0.170632 0.973646 2.23148 6.31544 1.6426</i>
                        <i>0.0556266 0.984712 0.165071 -0.986937 0.0291926 0.158439 0.151198 -0.171728 0.973472 2.23146 6.31541 1.64243</i>
                        <i>0.0556278 0.984773 0.164706 -0.986931 0.0292458 0.158466 0.151236 -0.171369 0.97353 2.23152 6.31537 1.64281</i>
                        <i>0.0554999 0.985053 0.163064 -0.98691 0.0293542 0.158575 0.151419 -0.169731 0.973788 2.23164 6.31531 1.64367</i>
                        <i>0.0552716 0.985496 0.160447 -0.986878 0.0295039 0.158746 0.15171 -0.167116 0.974195 2.2318 6.31523 1.64488</i>
                        <i>0.0549715 0.986042 0.157157 -0.986839 0.0296807 0.158959 0.152076 -0.163827 0.974697 2.232 6.31515 1.64633</i>
                        <i>0.054629 0.986637 0.153501 -0.986795 0.0298703 0.159194 0.152481 -0.160171 0.975241 2.23221 6.31506 1.64789</i>
                        <i>0.0542747 0.987227 0.14979 -0.986752 0.0300585 0.15943 0.152891 -0.156459 0.975779 2.23242 6.31497 1.64944</i>
                        <i>0.0539407 0.987762 0.146342 -0.986711 0.0302306 0.159648 0.153271 -0.153008 0.976267 2.23261 6.31489 1.65086</i>
                        <i>0.0536601 0.988198 0.143476 -0.986677 0.0303719 0.159829 0.153585 -0.150141 0.976662 2.23277 6.31483 1.65203</i>
                        <i>0.0534668 0.988491 0.14152 -0.986654 0.0304675 0.159952 0.1538 -0.148183 0.976928 2.23288 6.31478 1.65282</i>
                        <i>0.0533949 0.988598 0.140796 -0.986646 0.0305027 0.159998 0.153879 -0.147459 0.977025 2.23292 6.31477 1.65311</i>
                        <i>0.0568525 0.988342 0.141237 -0.987528 0.0348651 0.153535 0.146821 -0.148204 0.977997 2.23155 6.31471 1.65283</i>
                        <i>0.063641 0.987633 0.143284 -0.989086 0.0433026 0.140834 0.132888 -0.150683 0.97961 2.22882 6.31465 1.65165</i>
                        <i>0.0716064 0.986729 0.145734 -0.990634 0.0533251 0.125697 0.116257 -0.15337 0.981306 2.22564 6.31457 1.65005</i>
                        <i>0.0786004 0.985948 0.147407 -0.991737 0.0622956 0.112143 0.101385 -0.155004 0.982698 2.2229 6.31449 1.64853</i>
                        <i>0.0824771 0.98567 0.147144 -0.992242 0.0674359 0.10444 0.0930205 -0.154617 0.983586 2.22144 6.31446 1.64756</i>
                        <i>0.0825121 0.985741 0.146653 -0.992248 0.0675363 0.104322 0.0929303 -0.154124 0.983672 2.22145 6.31447 1.6475</i>
                        <i>0.0826112 0.985937 0.145271 -0.992263 0.0678188 0.103992 0.0926774 -0.152738 0.983912 2.22147 6.31449 1.64733</i>
                        <i>0.0827656 0.986237 0.143133 -0.992287 0.0682549 0.103482 0.0922883 -0.150594 0.984279 2.2215 6.31452 1.64706</i>
                        <i>0.0829672 0.986616 0.140377 -0.992316 0.0688162 0.102827 0.0917904 -0.14783 0.984744 2.22154 6.31456 1.64672</i>
                        <i>0.0832075 0.987051 0.137138 -0.992349 0.0694742 0.10206 0.0912108 -0.144581 0.98528 2.22159 6.3146 1.64632</i>
                        <i>0.0834777 0.98752 0.133554 -0.992385 0.0702005 0.101215 0.0905761 -0.140986 0.98586 2.22165 6.31465 1.64588</i>
                        <i>0.0837687 0.988001 0.12976 -0.992421 0.0709672 0.100325 0.0899124 -0.13718 0.986457 2.22172 6.3147 1.64541</i>
                        <i>0.0840703 0.988475 0.125894 -0.992455 0.0717462 0.0994227 0.0892445 -0.133302 0.987049 2.22178 6.31476 1.64494</i>
                        <i>0.0843718 0.988926 0.122094 -0.992488 0.0725098 0.0985406 0.0885964 -0.129491 0.987615 2.22185 6.31481 1.64447</i>
                        <i>0.0846618 0.989338 0.118498 -0.992517 0.0732306 0.0977102 0.0879908 -0.125884 0.988135 2.22191 6.31485 1.64404</i>
                        <i>0.0849281 0.9897 0.115245 -0.992542 0.0738812 0.0969625 0.0874493 -0.12262 0.988593 2.22197 6.31489 1.64364</i>
                        <i>0.0851578 0.989999 0.112473 -0.992563 0.0744345 0.0963281 0.0869928 -0.11984 0.988975 2.22202 6.31493 1.6433</i>
                        <i>0.085338 0.990226 0.110321 -0.992578 0.0748634 0.0958374 0.0866416 -0.117681 0.989265 2.22206 6.31496 1.64304</i>
                        <i>0.0854554 0.99037 0.108929 -0.992587 0.0751407 0.0955206 0.0864157 -0.116284 0.98945 2.22208 6.31497 1.64287</i>
                        <i>0.0854973 0.99042 0.108434 -0.992591 0.0752392 0.0954082 0.0863357 -0.115788 0.989515 2.22209 6.31498 1.64282</i>
                        <i>0.0852983 0.988535 0.124594 -0.992339 0.0730705 0.0996209 0.0893746 -0.132137 0.987194 2.22287 6.315 1.64483</i>
                        <i>0.085154 0.984832 0.151175 -0.991894 0.0694276 0.106427 0.0943175 -0.159013 0.982761 2.22411 6.31496 1.64812</i>
                        <i>0.0854129 0.978973 0.185249 -0.991255 0.0647236 0.114999 0.100591 -0.193451 0.97594 2.22573 6.31484 1.65235</i>
                        <i>0.0863388 0.970793 0.223844 -0.990438 0.059373 0.124526 0.107599 -0.232456 0.966637 2.22765 6.31458 1.65713</i>
                        <i>0.0880299 0.960501 0.263987 -0.989487 0.0537895 0.134248 0.114745 -0.273029 0.955138 2.22974 6.31418 1.66213</i>
                        <i>0.0903803 0.948772 0.302759 -0.988472 0.0483804 0.143468 0.121471 -0.312236 0.942207 2.23188 6.31367 1.66697</i>
                        <i>0.0930843 0.93676 0.337368 -0.987488 0.0435396 0.151566 0.127292 -0.347255 0.929092 2.23389 6.31311 1.67132</i>
                        <i>0.0956786 0.92601 0.365173 -0.986645 0.0396421 0.157985 0.13182 -0.375412 0.917436 2.23558 6.31257 1.67484</i>
                        <i>0.0976163 0.918296 0.38367 -0.98606 0.0370452 0.162215 0.134748 -0.394157 0.909111 2.23674 6.31217 1.67719</i>
                        <i>0.0983631 0.915377 0.390396 -0.985842 0.0361 0.163745 0.135795 -0.400975 0.905968 2.23717 6.31202 1.67805</i>
                    </KeyFrames>
                </p>
            </i>
            <i>
                <p>
                    <Name><![CDATA[spine2]]></Name>
                    <Exclude>0</Exclude>
                    <Additive>0</Additive>
                    <IKPriority>0</IKPriority>
                    <IKRotLimits>-1e+010 -1e+010 -1e+010 1e+010 1e+010 1e+010</IKRotLimits>
                    <IKRotLimitOrder>0</IKRotLimitOrder>
                    <KeyFrames count="60">
                        <i>0.128402 0.778293 0.614632 -0.983158 0.0186262 0.181805 0.130049 -0.627625 0.767577 2.25281 6.45721 1.74001</i>
                        <i>0.127535 0.782414 0.609559 -0.98317 0.0186695 0.181739 0.130815 -0.622478 0.771627 2.25243 6.45797 1.73786</i>
                        <i>0.12518 0.793314 0.595804 -0.9832 0.0187838 0.181562 0.132844 -0.608523 0.782338 2.2514 6.45991 1.73206</i>
                        <i>0.121697 0.808706 0.575486 -0.983245 0.0189446 0.181303 0.135718 -0.587908 0.797462 2.24992 6.46252 1.72361</i>
                        <i>0.117457 0.826334 0.550796 -0.983299 0.0191281 0.180991 0.139023 -0.562856 0.81478 2.24814 6.46529 1.71351</i>
                        <i>0.112871 0.844118 0.524142 -0.983356 0.0193125 0.180658 0.142374 -0.535809 0.832249 2.24625 6.46784 1.7028</i>
                        <i>0.108399 0.860261 0.498197 -0.983412 0.0194796 0.180337 0.145432 -0.509481 0.848103 2.24445 6.46989 1.69256</i>
                        <i>0.104545 0.873278 0.475873 -0.98346 0.019614 0.180062 0.147911 -0.486827 0.860885 2.24292 6.47135 1.68387</i>
                        <i>0.10184 0.881939 0.46023 -0.983493 0.0197034 0.179871 0.149567 -0.470951 0.869388 2.24186 6.47222 1.67785</i>
                        <i>0.100823 0.885101 0.454347 -0.983505 0.0197361 0.1798 0.150174 -0.464981 0.872491 2.24147 6.47251 1.6756</i>
                        <i>0.101044 0.884322 0.455812 -0.983502 0.0196893 0.179822 0.150046 -0.466462 0.871722 2.24144 6.47257 1.6754</i>
                        <i>0.101636 0.882216 0.459745 -0.983494 0.0195624 0.179882 0.149701 -0.470439 0.869642 2.24135 6.47274 1.67484</i>
                        <i>0.10249 0.879124 0.465444 -0.983482 0.0193752 0.179965 0.149194 -0.4762 0.866588 2.24122 6.47298 1.67402</i>
                        <i>0.103498 0.875389 0.47221 -0.983469 0.0191475 0.180059 0.14858 -0.48304 0.8629 2.24107 6.47328 1.67305</i>
                        <i>0.104555 0.871369 0.479359 -0.983457 0.0189 0.180151 0.147918 -0.490265 0.85893 2.24091 6.47359 1.67201</i>
                        <i>0.10556 0.867435 0.486224 -0.983448 0.0186536 0.18023 0.147268 -0.497201 0.855046 2.24075 6.4739 1.67101</i>
                        <i>0.106416 0.863974 0.492163 -0.983441 0.0184303 0.180288 0.146693 -0.503198 0.851629 2.24062 6.47416 1.67013</i>
                        <i>0.10703 0.861385 0.496548 -0.98344 0.018252 0.180315 0.146258 -0.507625 0.849074 2.24052 6.47434 1.66948</i>
                        <i>0.10731 0.860068 0.498766 -0.983443 0.0181411 0.180306 0.146027 -0.509857 0.847775 2.24048 6.47442 1.66914</i>
                        <i>0.107242 0.860154 0.498632 -0.983451 0.0181136 0.180267 0.146025 -0.509712 0.847862 2.24048 6.47439 1.66914</i>
                        <i>0.106896 0.861452 0.496461 -0.983458 0.0181734 0.180221 0.146229 -0.507513 0.849145 2.24053 6.47428 1.66945</i>
                        <i>0.106324 0.863728 0.492614 -0.983465 0.0183067 0.18017 0.1466 -0.503625 0.851393 2.24062 6.4741 1.67002</i>
                        <i>0.105583 0.866707 0.487516 -0.983472 0.0184941 0.180115 0.147091 -0.498475 0.854334 2.24074 6.47387 1.67077</i>
                        <i>0.10473 0.870114 0.481594 -0.983478 0.0187163 0.180058 0.147657 -0.492495 0.857698 2.24087 6.47361 1.67164</i>
                        <i>0.103825 0.873683 0.475288 -0.983484 0.0189541 0.179998 0.148253 -0.486126 0.861221 2.24101 6.47335 1.67256</i>
                        <i>0.102932 0.877153 0.46905 -0.98349 0.0191888 0.17994 0.148834 -0.479828 0.864646 2.24115 6.47309 1.67347</i>
                        <i>0.102115 0.880271 0.463352 -0.983496 0.019402 0.179886 0.149358 -0.474074 0.867725 2.24127 6.47286 1.6743</i>
                        <i>0.101444 0.882795 0.458675 -0.983501 0.0195759 0.179841 0.149784 -0.469351 0.870215 2.24137 6.47268 1.67498</i>
                        <i>0.10099 0.884484 0.45551 -0.983504 0.0196931 0.179811 0.150069 -0.466155 0.871882 2.24144 6.47256 1.67544</i>
                        <i>0.100823 0.885101 0.454347 -0.983505 0.0197361 0.1798 0.150174 -0.464981 0.872491 2.24147 6.47251 1.6756</i>
                        <i>0.102711 0.885688 0.452777 -0.985404 0.0284761 0.167833 0.135754 -0.463407 0.875685 2.24065 6.47248 1.6754</i>
                        <i>0.106826 0.885258 0.452667 -0.988447 0.0453225 0.14463 0.107519 -0.462887 0.879872 2.23901 6.47254 1.67459</i>
                        <i>0.111699 0.884307 0.453347 -0.990966 0.0650443 0.117286 0.0742289 -0.462352 0.883584 2.23712 6.47265 1.67344</i>
                        <i>0.115885 0.883332 0.454198 -0.992252 0.0823321 0.093045 0.0447946 -0.461461 0.886029 2.2355 6.47277 1.67224</i>
                        <i>0.118023 0.882815 0.454651 -0.99261 0.0918773 0.0792697 0.0282084 -0.460647 0.887135 2.23467 6.47289 1.67126</i>
                        <i>0.117979 0.882811 0.454671 -0.992623 0.0919593 0.0790161 0.027945 -0.460639 0.887147 2.23469 6.47291 1.67112</i>
                        <i>0.117856 0.882798 0.454728 -0.992658 0.0921892 0.0783024 0.0272042 -0.460618 0.887182 2.23473 6.47297 1.67073</i>
                        <i>0.117663 0.882779 0.454815 -0.992712 0.092542 0.0771997 0.0260608 -0.460583 0.887234 2.23478 6.47307 1.67013</i>
                        <i>0.117411 0.882756 0.454925 -0.992779 0.0929921 0.0757792 0.0245901 -0.460538 0.887299 2.23486 6.4732 1.66935</i>
                        <i>0.117109 0.88273 0.455054 -0.992856 0.093514 0.074112 0.0228669 -0.460482 0.887374 2.23495 6.47335 1.66843</i>
                        <i>0.116769 0.882703 0.455193 -0.992938 0.0940831 0.0722692 0.0209662 -0.460418 0.887455 2.23506 6.47352 1.66742</i>
                        <i>0.1164 0.882676 0.455339 -0.993021 0.0946755 0.0703216 0.0189618 -0.460347 0.887537 2.23517 6.47368 1.66635</i>
                        <i>0.116017 0.882652 0.455484 -0.993103 0.0952687 0.06834 0.0169271 -0.460271 0.887617 2.23529 6.47385 1.66526</i>
                        <i>0.115633 0.88263 0.455623 -0.99318 0.0958416 0.0663951 0.0149346 -0.460193 0.887693 2.2354 6.47402 1.66419</i>
                        <i>0.115262 0.882612 0.455753 -0.993249 0.0963745 0.0645572 0.013056 -0.460117 0.887762 2.23552 6.47417 1.66318</i>
                        <i>0.11492 0.882597 0.455868 -0.99331 0.0968489 0.0628965 0.011362 -0.460046 0.887822 2.23562 6.47431 1.66226</i>
                        <i>0.114624 0.882586 0.455964 -0.993359 0.0972474 0.0614831 0.00992282 -0.459983 0.887872 2.23571 6.47442 1.66148</i>
                        <i>0.114392 0.882578 0.456038 -0.993397 0.0975531 0.0603869 0.00880831 -0.459934 0.887909 2.23578 6.47451 1.66088</i>
                        <i>0.114241 0.882574 0.456085 -0.99342 0.0977492 0.0596779 0.00808819 -0.459901 0.887933 2.23582 6.47456 1.66049</i>
                        <i>0.114187 0.882572 0.456101 -0.993428 0.0978186 0.0594259 0.00783246 -0.45989 0.887942 2.23584 6.47458 1.66035</i>
                        <i>0.114856 0.87708 0.46641 -0.993269 0.0943099 0.0672488 0.0149954 -0.470995 0.882008 2.23658 6.47417 1.66495</i>
                        <i>0.116071 0.868235 0.482385 -0.99288 0.0883298 0.0799221 0.0267821 -0.488227 0.872306 2.23779 6.47333 1.67249</i>
                        <i>0.117706 0.856692 0.502219 -0.992168 0.0801665 0.0957875 0.0417993 -0.50956 0.859419 2.23943 6.47197 1.68214</i>
                        <i>0.119625 0.843186 0.524145 -0.991084 0.0702187 0.113233 0.0586717 -0.533017 0.844068 2.24147 6.47008 1.69304</i>
                        <i>0.121676 0.828578 0.546492 -0.98965 0.0590758 0.130775 0.0760729 -0.556748 0.827191 2.24382 6.46769 1.70436</i>
                        <i>0.123701 0.813879 0.567714 -0.987976 0.0475391 0.147121 0.0927497 -0.579087 0.809973 2.2463 6.46497 1.71529</i>
                        <i>0.125539 0.800234 0.586401 -0.986243 0.0365949 0.1612 0.107538 -0.598571 0.793819 2.24872 6.46217 1.72505</i>
                        <i>0.127034 0.78889 0.601261 -0.98469 0.0273557 0.172153 0.119362 -0.613925 0.780287 2.2508 6.45968 1.73289</i>
                        <i>0.128036 0.781147 0.611077 -0.983578 0.0209866 0.179258 0.127202 -0.623994 0.771007 2.25226 6.45789 1.73811</i>
                        <i>0.128402 0.778293 0.614632 -0.983158 0.0186262 0.181805 0.130049 -0.627625 0.767577 2.25281 6.45721 1.74001</i>
                    </KeyFrames>
                </p>
            </i>
            <i>
                <p>
                    <Name><![CDATA[head]]></Name>
                    <Exclude>0</Exclude>
                    <Additive>0</Additive>
                    <IKPriority>0</IKPriority>
                    <IKRotLimits>-1e+010 -1e+010 -1e+010 1e+010 1e+010 1e+010</IKRotLimits>
                    <IKRotLimitOrder>0</IKRotLimitOrder>
                    <KeyFrames count="60">
                        <i>0.0254874 0.988995 0.145737 -0.170376 0.147949 -0.974209 -0.985049 -1.68915e-009 0.172272 2.28229 6.66257 1.89318</i>
                        <i>0.028484 0.991333 0.128247 -0.170364 0.131237 -0.976603 -0.984969 0.00596883 0.172626 2.28174 6.66417 1.88999</i>
                        <i>0.034766 0.99553 0.08782 -0.17074 0.0924978 -0.980965 -0.984703 0.0191098 0.173193 2.28024 6.66834 1.88141</i>
                        <i>0.0402482 0.998275 0.0427487 -0.171646 0.0490551 -0.983937 -0.984336 0.0322641 0.173324 2.27804 6.67409 1.86885</i>
                        <i>0.0408896 0.999095 0.011713 -0.172242 0.0185956 -0.984879 -0.984206 0.0382539 0.172846 2.2754 6.68047 1.85377</i>
                        <i>0.0353502 0.99937 0.00313274 -0.171968 0.00917082 -0.98506 -0.984468 0.0342833 0.172184 2.27259 6.68666 1.83768</i>
                        <i>0.0266196 0.999611 0.00833372 -0.171534 0.0127807 -0.985095 -0.984819 0.0247933 0.171807 2.26988 6.69203 1.8222</i>
                        <i>0.0172321 0.999642 0.0204533 -0.171502 0.0231083 -0.984913 -0.985033 0.0134643 0.171839 2.26758 6.69617 1.80902</i>
                        <i>0.00974435 0.999418 0.0326796 -0.171878 0.0338689 -0.984536 -0.98507 0.00397676 0.172108 2.26597 6.69882 1.79985</i>
                        <i>0.0066901 0.999246 0.038254 -0.172142 0.0388346 -0.984307 -0.98505 1.53323e-009 0.172272 2.26537 6.69977 1.79642</i>
                        <i>0.00659042 0.999268 0.0376841 -0.172145 0.038256 -0.984328 -0.98505 -1.29975e-010 0.172272 2.26541 6.69965 1.79662</i>
                        <i>0.00630916 0.999329 0.0360758 -0.172156 0.0366233 -0.984389 -0.98505 -7.58894e-010 0.172272 2.2655 6.69933 1.79715</i>
                        <i>0.00587291 0.999419 0.0335814 -0.172171 0.0340911 -0.984477 -0.98505 -1.56118e-009 0.172272 2.26563 6.69887 1.79791</i>
                        <i>0.00530832 0.999525 0.030353 -0.17219 0.0308137 -0.984582 -0.98505 9.05787e-010 0.172272 2.26579 6.69831 1.79881</i>
                        <i>0.004642 0.999637 0.026543 -0.172209 0.0269458 -0.984692 -0.985049 5.75316e-010 0.172272 2.26596 6.69772 1.79976</i>
                        <i>0.00390057 0.999744 0.0223035 -0.172227 0.022642 -0.984797 -0.985049 9.70151e-010 0.172272 2.26611 6.69714 1.80065</i>
                        <i>0.00311071 0.999837 0.017787 -0.172243 0.018057 -0.984889 -0.985049 -7.81111e-010 0.172272 2.26624 6.69665 1.8014</i>
                        <i>0.00229907 0.999911 0.0131461 -0.172256 0.0133456 -0.984962 -0.98505 3.38039e-009 0.172272 2.26633 6.69631 1.80191</i>
                        <i>0.00149233 0.999963 0.00853318 -0.172265 0.0086626 -0.985013 -0.985049 -1.05196e-009 0.172272 2.26637 6.69618 1.80211</i>
                        <i>0.000867535 0.999987 0.00496059 -0.172269 0.00503587 -0.985037 -0.985049 -1.28352e-009 0.172272 2.26635 6.69627 1.80198</i>
                        <i>0.000697679 0.999992 0.00398934 -0.17227 0.00404985 -0.985041 -0.985049 -1.45466e-009 0.172272 2.26628 6.69651 1.80162</i>
                        <i>0.00094714 0.999985 0.00541571 -0.172269 0.0054979 -0.985035 -0.98505 -1.5557e-009 0.172272 2.26619 6.69686 1.80108</i>
                        <i>0.00152133 0.999961 0.00869896 -0.172265 0.00883101 -0.985011 -0.985049 1.79448e-009 0.172272 2.26607 6.69729 1.80042</i>
                        <i>0.00232572 0.999909 0.0132984 -0.172256 0.0135003 -0.98496 -0.985049 3.2985e-010 0.172272 2.26594 6.69777 1.79967</i>
                        <i>0.00326566 0.99982 0.0186731 -0.172241 0.0189565 -0.984872 -0.98505 1.6165e-009 0.172272 2.26581 6.69826 1.7989</i>
                        <i>0.00424662 0.999696 0.0242822 -0.172219 0.0246507 -0.98475 -0.98505 -5.79583e-010 0.172272 2.26568 6.69872 1.79815</i>
                        <i>0.00517401 0.999549 0.0295851 -0.172194 0.0300341 -0.984605 -0.985049 3.31417e-009 0.172272 2.26556 6.69914 1.79747</i>
