<?xml version="1.0" encoding="ISO-8859-1" ?>
<Animl Version="1">
    <ModellingPackage><![CDATA[Maya.2010]]></ModellingPackage>
    <SrcFile><![CDATA[anims\turrets\artillery\blue\~src\artillery_m270\artillery_m270_aim_low_crewman_d.mb]]></SrcFile>
    <FramesPerSecond>30</FramesPerSecond>
    <TotalFrames>30</TotalFrames>
    <Skeleton>
        <RefFrame>
            <Name><![CDATA[soldier_ref_frame]]></Name>
            <Exclude>0</Exclude>
            <Additive>0</Additive>
            <IKPriority>0</IKPriority>
            <IKRotLimits>-1e+010 -1e+010 -1e+010 1e+010 1e+010 1e+010</IKRotLimits>
            <IKRotLimitOrder>0</IKRotLimitOrder>
            <KeyFrames count="30">
                <i>1 0 0 0 1 0 0 0 1 -0.34 1.33 3.84</i>
                <i>1 0 0 0 1 0 0 0 1 -0.34 1.33 3.84</i>
                <i>1 0 0 0 1 0 0 0 1 -0.34 1.33 3.84</i>
                <i>1 0 0 0 1 0 0 0 1 -0.34 1.33 3.84</i>
                <i>1 0 0 0 1 0 0 0 1 -0.34 1.33 3.84</i>
                <i>1 0 0 0 1 0 0 0 1 -0.34 1.33 3.84</i>
                <i>1 0 0 0 1 0 0 0 1 -0.34 1.33 3.84</i>
                <i>1 0 0 0 1 0 0 0 1 -0.34 1.33 3.84</i>
                <i>1 0 0 0 1 0 0 0 1 -0.34 1.33 3.84</i>
                <i>1 0 0 0 1 0 0 0 1 -0.34 1.33 3.84</i>
                <i>1 0 0 0 1 0 0 0 1 -0.34 1.33 3.84</i>
                <i>1 0 0 0 1 0 0 0 1 -0.34 1.33 3.84</i>
                <i>1 0 0 0 1 0 0 0 1 -0.34 1.33 3.84</i>
                <i>1 0 0 0 1 0 0 0 1 -0.34 1.33 3.84</i>
                <i>1 0 0 0 1 0 0 0 1 -0.34 1.33 3.84</i>
                <i>1 0 0 0 1 0 0 0 1 -0.34 1.33 3.84</i>
                <i>1 0 0 0 1 0 0 0 1 -0.34 1.33 3.84</i>
                <i>1 0 0 0 1 0 0 0 1 -0.34 1.33 3.84</i>
                <i>1 0 0 0 1 0 0 0 1 -0.34 1.33 3.84</i>
                <i>1 0 0 0 1 0 0 0 1 -0.34 1.33 3.84</i>
                <i>1 0 0 0 1 0 0 0 1 -0.34 1.33 3.84</i>
                <i>1 0 0 0 1 0 0 0 1 -0.34 1.33 3.84</i>
                <i>1 0 0 0 1 0 0 0 1 -0.34 1.33 3.84</i>
                <i>1 0 0 0 1 0 0 0 1 -0.34 1.33 3.84</i>
                <i>1 0 0 0 1 0 0 0 1 -0.34 1.33 3.84</i>
                <i>1 0 0 0 1 0 0 0 1 -0.34 1.33 3.84</i>
                <i>1 0 0 0 1 0 0 0 1 -0.34 1.33 3.84</i>
                <i>1 0 0 0 1 0 0 0 1 -0.34 1.33 3.84</i>
                <i>1 0 0 0 1 0 0 0 1 -0.34 1.33 3.84</i>
                <i>1 0 0 0 1 0 0 0 1 -0.34 1.33 3.84</i>
            </KeyFrames>
        </RefFrame>
        <Bones count="23">
            <i>
                <p>
                    <Name><![CDATA[pelvis]]></Name>
                    <Exclude>0</Exclude>
                    <Additive>0</Additive>
                    <IKPriority>0</IKPriority>
                    <IKRotLimits>-1e+010 -1e+010 -1e+010 1e+010 1e+010 1e+010</IKRotLimits>
                    <IKRotLimitOrder>2</IKRotLimitOrder>
                    <KeyFrames count="30">
                        <i>1 0 0 0 1 0 0 0 1 -0.34692 1.94619 3.85729</i>
                        <i>1 0 0 0 1 0 0 0 1 -0.34692 1.94633 3.85729</i>
                        <i>1 0 0 0 1 0 0 0 1 -0.34692 1.9467 3.85729</i>
                        <i>1 0 0 0 1 0 0 0 1 -0.34692 1.94727 3.85729</i>
                        <i>1 0 0 0 1 0 0 0 1 -0.34692 1.94801 3.85729</i>
                        <i>1 0 0 0 1 0 0 0 1 -0.34692 1.94887 3.85729</i>
                        <i>1 0 0 0 1 0 0 0 1 -0.34692 1.9498 3.85729</i>
                        <i>1 0 0 0 1 0 0 0 1 -0.34692 1.95078 3.85729</i>
                        <i>1 0 0 0 1 0 0 0 1 -0.34692 1.95175 3.85729</i>
                        <i>1 0 0 0 1 0 0 0 1 -0.34692 1.95269 3.85729</i>
                        <i>1 0 0 0 1 0 0 0 1 -0.34692 1.95354 3.85729</i>
                        <i>1 0 0 0 1 0 0 0 1 -0.34692 1.95428 3.85729</i>
                        <i>1 0 0 0 1 0 0 0 1 -0.34692 1.95485 3.85729</i>
                        <i>1 0 0 0 1 0 0 0 1 -0.34692 1.95523 3.85729</i>
                        <i>1 0 0 0 1 0 0 0 1 -0.34692 1.95536 3.85729</i>
                        <i>1 0 0 0 1 0 0 0 1 -0.34692 1.95525 3.85729</i>
                        <i>1 0 0 0 1 0 0 0 1 -0.34692 1.95492 3.85729</i>
                        <i>1 0 0 0 1 0 0 0 1 -0.34692 1.95441 3.85729</i>
                        <i>1 0 0 0 1 0 0 0 1 -0.34692 1.95375 3.85729</i>
                        <i>1 0 0 0 1 0 0 0 1 -0.34692 1.95298 3.85729</i>
                        <i>1 0 0 0 1 0 0 0 1 -0.34692 1.95213 3.85729</i>
                        <i>1 0 0 0 1 0 0 0 1 -0.34692 1.95123 3.85729</i>
                        <i>1 0 0 0 1 0 0 0 1 -0.34692 1.95032 3.85729</i>
                        <i>1 0 0 0 1 0 0 0 1 -0.34692 1.94942 3.85729</i>
                        <i>1 0 0 0 1 0 0 0 1 -0.34692 1.94857 3.85729</i>
                        <i>1 0 0 0 1 0 0 0 1 -0.34692 1.9478 3.85729</i>
                        <i>1 0 0 0 1 0 0 0 1 -0.34692 1.94715 3.85729</i>
                        <i>1 0 0 0 1 0 0 0 1 -0.34692 1.94664 3.85729</i>
                        <i>1 0 0 0 1 0 0 0 1 -0.34692 1.94631 3.85729</i>
                        <i>1 0 0 0 1 0 0 0 1 -0.34692 1.94619 3.85729</i>
                    </KeyFrames>
                </p>
            </i>
            <i>
                <p>
                    <Name><![CDATA[spine0]]></Name>
                    <Exclude>0</Exclude>
                    <Additive>0</Additive>
                    <IKPriority>0</IKPriority>
                    <IKRotLimits>-1e+010 -1e+010 -1e+010 1e+010 1e+010 1e+010</IKRotLimits>
                    <IKRotLimitOrder>0</IKRotLimitOrder>
                    <KeyFrames count="30">
                        <i>-0.0693735 0.996289 0.0509561 -0.970418 -0.0555551 -0.234954 -0.231251 -0.0657482 0.97067 -0.347735 2.08633 3.8248</i>
                        <i>-0.0701053 0.996361 0.0484863 -0.970312 -0.0568324 -0.235086 -0.231475 -0.0635276 0.970764 -0.347735 2.08647 3.8248</i>
                        <i>-0.0707442 0.996418 0.0463314 -0.970218 -0.0579477 -0.235201 -0.231674 -0.0615906 0.970842 -0.347735 2.08684 3.8248</i>
                        <i>-0.0712923 0.996463 0.044484 -0.970136 -0.0589045 -0.2353 -0.231847 -0.0599306 0.970904 -0.347735 2.08742 3.8248</i>
                        <i>-0.0717513 0.996498 0.0429374 -0.970067 -0.059706 -0.235382 -0.231994 -0.0585411 0.970954 -0.347735 2.08815 3.8248</i>
                        <i>-0.0721233 0.996524 0.0416847 -0.970011 -0.0603555 -0.235449 -0.232115 -0.057416 0.970992 -0.347735 2.08901 3.8248</i>
                        <i>-0.0724098 0.996543 0.0407199 -0.969967 -0.060856 -0.2355 -0.232208 -0.0565495 0.971021 -0.347735 2.08994 3.8248</i>
                        <i>-0.0726127 0.996556 0.0400372 -0.969936 -0.0612102 -0.235537 -0.232275 -0.0559364 0.97104 -0.347735 2.09092 3.8248</i>
                        <i>-0.0727333 0.996564 0.0396311 -0.969917 -0.061421 -0.235558 -0.232315 -0.0555718 0.971052 -0.347735 2.09189 3.8248</i>
                        <i>-0.0727733 0.996566 0.0394968 -0.969911 -0.0614907 -0.235565 -0.232328 -0.0554512 0.971056 -0.347735 2.09283 3.8248</i>
                        <i>-0.0726615 0.996559 0.0398729 -0.969929 -0.0612955 -0.235545 -0.232291 -0.0557889 0.971045 -0.347735 2.09368 3.8248</i>
                        <i>-0.0723521 0.99654 0.0409141 -0.969976 -0.0607552 -0.23549 -0.232189 -0.0567239 0.971015 -0.347735 2.09442 3.8248</i>
                        <i>-0.0718839 0.996508 0.0424908 -0.970047 -0.0599375 -0.235406 -0.232037 -0.05814 0.970968 -0.347735 2.095 3.8248</i>
                        <i>-0.0712954 0.996463 0.0444734 -0.970136 -0.05891 -0.2353 -0.231848 -0.0599211 0.970905 -0.347735 2.09537 3.8248</i>
                        <i>-0.0706256 0.996408 0.0467315 -0.970235 -0.0577405 -0.23518 -0.231637 -0.0619502 0.970828 -0.347735 2.0955 3.8248</i>
                        <i>-0.0699137 0.996342 0.0491328 -0.97034 -0.0564979 -0.235051 -0.231416 -0.0641088 0.97074 -0.347735 2.09539 3.8248</i>
                        <i>-0.0691996 0.99627 0.0515432 -0.970443 -0.0552516 -0.234922 -0.231198 -0.0662762 0.970647 -0.347735 2.09506 3.8248</i>
                        <i>-0.0685236 0.996196 0.0538263 -0.970539 -0.054072 -0.2348 -0.230996 -0.0683298 0.970552 -0.347735 2.09455 3.8248</i>
                        <i>-0.0679264 0.996126 0.0558444 -0.970622 -0.0530301 -0.234691 -0.23082 -0.0701455 0.970465 -0.347735 2.09389 3.8248</i>
                        <i>-0.067449 0.996067 0.0574583 -0.970689 -0.0521974 -0.234604 -0.230682 -0.0715979 0.970391 -0.347735 2.09313 3.8248</i>
                        <i>-0.0671326 0.996026 0.0585285 -0.970732 -0.0516454 -0.234546 -0.230591 -0.0725612 0.970341 -0.347735 2.09227 3.8248</i>
                        <i>-0.0670181 0.996011 0.058916 -0.970748 -0.0514456 -0.234525 -0.230559 -0.07291 0.970323 -0.347735 2.09138 3.8248</i>
                        <i>-0.0670337 0.996013 0.058863 -0.970746 -0.0514729 -0.234528 -0.230563 -0.0728623 0.970326 -0.347735 2.09046 3.8248</i>
                        <i>-0.0670929 0.996021 0.0586627 -0.970738 -0.0515762 -0.234539 -0.23058 -0.072682 0.970335 -0.347735 2.08956 3.8248</i>
                        <i>-0.0672139 0.996037 0.0582537 -0.970721 -0.0517871 -0.234561 -0.230615 -0.0723139 0.970354 -0.347735 2.08871 3.8248</i>
                        <i>-0.0674146 0.996062 0.0575747 -0.970693 -0.0521373 -0.234598 -0.230672 -0.0717027 0.970386 -0.347735 2.08794 3.8248</i>
                        <i>-0.0677133 0.9961 0.0565648 -0.970652 -0.0526583 -0.234652 -0.230758 -0.0707939 0.970432 -0.347735 2.08729 3.8248</i>
                        <i>-0.0681277 0.99615 0.0551641 -0.970594 -0.0533813 -0.234728 -0.230879 -0.0695334 0.970495 -0.347735 2.08678 3.8248</i>
                        <i>-0.0686753 0.996213 0.0533137 -0.970517 -0.0543368 -0.234827 -0.231041 -0.0678686 0.970574 -0.347735 2.08645 3.8248</i>
                        <i>-0.0693735 0.996289 0.0509561 -0.970418 -0.0555551 -0.234954 -0.231251 -0.0657482 0.97067 -0.347735 2.08633 3.8248</i>
                    </KeyFrames>
                </p>
            </i>
            <i>
                <p>
                    <Name><![CDATA[spine1]]></Name>
                    <Exclude>0</Exclude>
                    <Additive>0</Additive>
                    <IKPriority>0</IKPriority>
                    <IKRotLimits>-1e+010 -1e+010 -1e+010 1e+010 1e+010 1e+010</IKRotLimits>
                    <IKRotLimitOrder>0</IKRotLimitOrder>
                    <KeyFrames count="30">
                        <i>-0.0453509 0.992465 0.113822 -0.998599 -0.0481502 0.0219647 0.0272798 -0.112667 0.993258 -0.359578 2.2564 3.8335</i>
                        <i>-0.0456896 0.99258 0.112683 -0.998581 -0.0484715 0.0220712 0.0273694 -0.111515 0.993386 -0.359707 2.2566 3.83308</i>
                        <i>-0.0459869 0.992679 0.111683 -0.998565 -0.0487522 0.0221553 0.0274378 -0.110504 0.993497 -0.35982 2.25704 3.83271</i>
                        <i>-0.046243 0.992764 0.11082 -0.998552 -0.048993 0.0222206 0.0274892 -0.109632 0.993592 -0.359917 2.25767 3.8324</i>
                        <i>-0.0464584 0.992835 0.110094 -0.998541 -0.049195 0.0222705 0.027527 -0.108898 0.993672 -0.359998 2.25845 3.83214</i>
                        <i>-0.0466336 0.992892 0.109503 -0.998532 -0.0493587 0.0223077 0.0275541 -0.108302 0.993736 -0.360064 2.25934 3.83192</i>
                        <i>-0.0467689 0.992936 0.109047 -0.998525 -0.049485 0.0223344 0.0275728 -0.107841 0.993786 -0.360115 2.26031 3.83176</i>
                        <i>-0.0468649 0.992967 0.108723 -0.99852 -0.0495744 0.0223522 0.0275848 -0.107514 0.993821 -0.360151 2.2613 3.83165</i>
                        <i>-0.0469221 0.992985 0.10853 -0.998517 -0.0496276 0.0223624 0.0275916 -0.10732 0.993842 -0.360172 2.26229 3.83158</i>
                        <i>-0.046941 0.992991 0.108466 -0.998516 -0.0496452 0.0223657 0.0275937 -0.107255 0.993849 -0.360179 2.26323 3.83155</i>
                        <i>-0.046888 0.992974 0.108645 -0.998519 -0.0495959 0.0223563 0.0275876 -0.107436 0.993829 -0.360159 2.26407 3.83162</i>
                        <i>-0.0467416 0.992927 0.109139 -0.998527 -0.0494596 0.0223292 0.0275692 -0.107934 0.993776 -0.360104 2.26478 3.83179</i>
                        <i>-0.0465208 0.992855 0.109884 -0.998538 -0.0492533 0.0222841 0.027537 -0.108686 0.993695 -0.360021 2.26531 3.83206</i>
                        <i>-0.0462445 0.992765 0.110815 -0.998552 -0.0489944 0.022221 0.0274895 -0.109627 0.993593 -0.359917 2.26562 3.8324</i>
                        <i>-0.0459316 0.992661 0.111869 -0.998568 -0.0487 0.0221403 0.0274258 -0.110692 0.993476 -0.359799 2.26569 3.83278</i>
                        <i>-0.0456008 0.99255 0.112982 -0.998585 -0.0483874 0.0220444 0.0273471 -0.111817 0.993352 -0.359673 2.2655 3.83319</i>
                        <i>-0.0452707 0.992438 0.114092 -0.998603 -0.0480739 0.0219378 0.0272567 -0.11294 0.993228 -0.359547 2.2651 3.8336</i>
                        <i>-0.0449598 0.992332 0.115137 -0.99862 -0.0477772 0.0218273 0.0271608 -0.113996 0.99311 -0.359429 2.26453 3.83399</i>
                        <i>-0.0446863 0.992237 0.116055 -0.998634 -0.047515 0.021722 0.0270677 -0.114926 0.993005 -0.359324 2.26382 3.83433</i>
                        <i>-0.0444684 0.992161 0.116786 -0.998646 -0.0473054 0.0216327 0.0269877 -0.115666 0.992921 -0.35924 2.26301 3.8346</i>
                        <i>-0.0443243 0.992111 0.117269 -0.998654 -0.0471663 0.021571 0.026932 -0.116155 0.992866 -0.359185 2.26213 3.83478</i>
                        <i>-0.0442722 0.992092 0.117444 -0.998657 -0.047116 0.0215482 0.0269113 -0.116332 0.992846 -0.359164 2.26122 3.83485</i>
                        <i>-0.0442793 0.992095 0.11742 -0.998657 -0.0471229 0.0215513 0.0269141 -0.116308 0.992848 -0.359167 2.2603 3.83484</i>
                        <i>-0.0443062 0.992104 0.11733 -0.998655 -0.0471489 0.0215631 0.0269248 -0.116217 0.992859 -0.359178 2.25941 3.83481</i>
                        <i>-0.0443612 0.992123 0.117145 -0.998652 -0.047202 0.021587 0.0269465 -0.11603 0.99288 -0.359199 2.25857 3.83474</i>
                        <i>-0.0444527 0.992156 0.116839 -0.998647 -0.0472903 0.0216261 0.0269818 -0.115719 0.992915 -0.359234 2.25782 3.83462</i>
                        <i>-0.0445889 0.992203 0.116382 -0.99864 -0.0474214 0.0216827 0.0270326 -0.115257 0.992968 -0.359286 2.25719 3.83445</i>
                        <i>-0.0447783 0.992269 0.115746 -0.998629 -0.0476034 0.0217583 0.0271 -0.114613 0.993041 -0.359359 2.25672 3.83421</i>
                        <i>-0.0450294 0.992356 0.114903 -0.998616 -0.0478438 0.0218529 0.0271832 -0.11376 0.993136 -0.359455 2.25644 3.8339</i>
                        <i>-0.0453509 0.992465 0.113822 -0.998599 -0.0481502 0.0219647 0.0272798 -0.112667 0.993258 -0.359578 2.2564 3.8335</i>
                    </KeyFrames>
                </p>
            </i>
            <i>
                <p>
                    <Name><![CDATA[spine2]]></Name>
                    <Exclude>0</Exclude>
                    <Additive>0</Additive>
                    <IKPriority>0</IKPriority>
                    <IKRotLimits>-1e+010 -1e+010 -1e+010 1e+010 1e+010 1e+010</IKRotLimits>
                    <IKRotLimitOrder>0</IKRotLimitOrder>
                    <KeyFrames count="30">
                        <i>-0.0170782 0.952781 0.303177 -0.957414 -0.102988 0.269724 0.288212 -0.28566 0.913965 -0.366441 2.41246 3.85141</i>
                        <i>-0.0156339 0.951357 0.307693 -0.957386 -0.103 0.26982 0.288388 -0.290363 0.912426 -0.366625 2.41273 3.85082</i>
                        <i>-0.0143688 0.950092 0.31164 -0.957361 -0.10301 0.269904 0.288536 -0.294474 0.911061 -0.366787 2.41323 3.8503</i>
                        <i>-0.0132805 0.948989 0.315029 -0.95734 -0.103019 0.269976 0.288659 -0.298004 0.909873 -0.366926 2.41392 3.84986</i>
                        <i>-0.0123665 0.948054 0.31787 -0.957322 -0.103027 0.270037 0.288759 -0.300964 0.908867 -0.367043 2.41475 3.84949</i>
                        <i>-0.0116244 0.947287 0.320174 -0.957307 -0.103034 0.270086 0.288838 -0.303365 0.908043 -0.367137 2.41568 3.84919</i>
                        <i>-0.0110516 0.946692 0.32195 -0.957296 -0.103039 0.270124 0.288898 -0.305216 0.907404 -0.367211 2.41667 3.84895</i>
                        <i>-0.0106456 0.946268 0.323208 -0.957288 -0.103043 0.270151 0.288939 -0.306527 0.906948 -0.367262 2.41769 3.84879</i>
                        <i>-0.0104039 0.946015 0.323956 -0.957283 -0.103045 0.270167 0.288964 -0.307307 0.906676 -0.367293 2.41869 3.84869</i>
                        <i>-0.0103239 0.945931 0.324204 -0.957282 -0.103045 0.270172 0.288972 -0.307565 0.906586 -0.367304 2.41964 3.84866</i>
                        <i>-0.0105479 0.946166 0.323511 -0.957286 -0.103043 0.270157 0.288949 -0.306843 0.906838 -0.367275 2.42047 3.84875</i>
                        <i>-0.011167 0.946812 0.321592 -0.957299 -0.103038 0.270116 0.288886 -0.304843 0.907533 -0.367196 2.42114 3.849</i>
                        <i>-0.0121022 0.947781 0.318691 -0.957317 -0.10303 0.270054 0.288787 -0.30182 0.908574 -0.367076 2.42162 3.84938</i>
                        <i>-0.0132742 0.948983 0.315048 -0.95734 -0.103019 0.269977 0.288659 -0.298025 0.909867 -0.366927 2.42187 3.84986</i>
                        <i>-0.0146041 0.950328 0.310907 -0.957366 -0.103008 0.269888 0.288509 -0.29371 0.911316 -0.366757 2.42187 3.8504</i>
                        <i>-0.0160126 0.951733 0.30651 -0.957394 -0.102997 0.269795 0.288342 -0.289131 0.912832 -0.366577 2.42162 3.85098</i>
                        <i>-0.0174206 0.953116 0.302105 -0.957421 -0.102985 0.269701 0.288169 -0.284543 0.914327 -0.366397 2.42115 3.85155</i>
                        <i>-0.0187493 0.954401 0.297938 -0.957447 -0.102975 0.269613 0.287999 -0.280205 0.915719 -0.366228 2.42051 3.8521</i>
                        <i>-0.0199197 0.955518 0.29426 -0.95747 -0.102966 0.269535 0.287844 -0.276376 0.916931 -0.366078 2.41975 3.85258</i>
                        <i>-0.0208531 0.956398 0.291322 -0.957488 -0.102959 0.269473 0.287717 -0.273318 0.917887 -0.365959 2.41889 3.85296</i>
                        <i>-0.0214708 0.956975 0.289375 -0.9575 -0.102955 0.269432 0.287632 -0.271291 0.918514 -0.36588 2.41798 3.85322</i>
                        <i>-0.0216942 0.957183 0.28867 -0.957505 -0.102953 0.269417 0.287601 -0.270558 0.918741 -0.365852 2.41706 3.85331</i>
                        <i>-0.0216637 0.957154 0.288767 -0.957504 -0.102953 0.269419 0.287605 -0.270659 0.91871 -0.365856 2.41615 3.8533</i>
                        <i>-0.0215482 0.957047 0.289131 -0.957502 -0.102954 0.269426 0.287621 -0.271037 0.918593 -0.365871 2.41526 3.85325</i>
                        <i>-0.0213123 0.956827 0.289875 -0.957497 -0.102956 0.269442 0.287654 -0.271812 0.918354 -0.365901 2.41443 3.85315</i>
                        <i>-0.0209203 0.956461 0.29111 -0.95749 -0.102959 0.269468 0.287708 -0.273097 0.917955 -0.365951 2.4137 3.85299</i>
                        <i>-0.0203366 0.955912 0.292948 -0.957478 -0.102963 0.269507 0.287788 -0.27501 0.917359 -0.366025 2.4131 3.85275</i>
                        <i>-0.0195256 0.955143 0.295499 -0.957462 -0.102969 0.269561 0.287897 -0.277666 0.916524 -0.366129 2.41267 3.85242</i>
                        <i>-0.0184514 0.954114 0.298873 -0.957441 -0.102977 0.269633 0.288038 -0.281178 0.915409 -0.366266 2.41244 3.85198</i>
                        <i>-0.0170782 0.952781 0.303177 -0.957414 -0.102988 0.269724 0.288212 -0.28566 0.913965 -0.366441 2.41246 3.85141</i>
                    </KeyFrames>
                </p>
            </i>
            <i>
                <p>
                    <Name><![CDATA[head]]></Name>
                    <Exclude>0</Exclude>
                    <Additive>0</Additive>
                    <IKPriority>0</IKPriority>
                    <IKRotLimits>-1e+010 -1e+010 -1e+010 1e+010 1e+010 1e+010</IKRotLimits>
                    <IKRotLimitOrder>0</IKRotLimitOrder>
                    <KeyFrames count="30">
                        <i>-0.0085864 0.992241 0.124034 0.138148 0.124026 -0.982615 -0.990374 0.00869797 -0.138141 -0.374166 2.65878 3.92517</i>
                        <i>-0.00340197 0.993803 0.111103 0.137606 0.110512 -0.984303 -0.990481 0.0119399 -0.137129 -0.373862 2.65863 3.92613</i>
                        <i>0.000805588 0.994782 0.10202 0.137019 0.100948 -0.985411 -0.990568 0.0147725 -0.136222 -0.373596 2.65875 3.92697</i>
                        <i>0.0041097 0.995336 0.0963798 0.136453 0.094921 -0.986088 -0.990638 0.0172039 -0.135427 -0.373367 2.6591 3.92769</i>
                        <i>0.00658273 0.995572 0.0937695 0.135955 0.0920098 -0.986433 -0.990693 0.0192419 -0.134748 -0.373174 2.65965 3.9283</i>
                        <i>0.0082949 0.995559 0.0937725 0.135552 0.0917906 -0.986509 -0.990735 0.0208941 -0.134189 -0.373018 2.66034 3.92879</i>
                        <i>0.00931422 0.995341 0.0959688 0.135258 0.0938369 -0.986357 -0.990767 0.0221677 -0.133753 -0.372897 2.66116 3.92917</i>
                        <i>0.00970651 0.994947 0.099937 0.135073 0.0977211 -0.986005 -0.990788 0.0230695 -0.133442 -0.372812 2.66205 3.92944</i>
                        <i>0.00953584 0.9944 0.105254 0.134994 0.103015 -0.985477 -0.9908 0.0236061 -0.133256 -0.372761 2.66297 3.92959</i>
                        <i>0.00873676 0.993621 0.112433 0.135019 0.110236 -0.984692 -0.990805 0.0237836 -0.133194 -0.372744 2.66389 3.92965</i>
                        <i>0.00702891 0.992616 0.121097 0.135202 0.119045 -0.98364 -0.990793 0.0232865 -0.133367 -0.372791 2.66479 3.9295</i>
                        <i>0.00434514 0.991485 0.130152 0.135554 0.128367 -0.982419 -0.990761 0.0219112 -0.133841 -0.372922 2.66566 3.92909</i>
                        <i>0.00088709 0.990234 0.139415 0.136 0.138 -0.98105 -0.990708 0.0198307 -0.13455 -0.373119 2.66643 3.92847</i>
                        <i>-0.00314135 0.988876 0.148707 0.136476 0.147741 -0.979565 -0.990638 0.0172179 -0.135422 -0.373366 2.66705 3.9277</i>
                        <i>-0.0075336 0.987434 0.157851 0.136927 0.157387 -0.977998 -0.990552 0.0142463 -0.136393 -0.373646 2.66746 3.92682</i>
                        <i>-0.0120803 0.985939 0.166669 0.137314 0.166738 -0.976393 -0.990454 0.0110908 -0.137397 -0.373942 2.66762 3.92588</i>
                        <i>-0.0165698 0.984431 0.174988 0.13761 0.175592 -0.974798 -0.990348 0.00792799 -0.138377 -0.374238 2.66757 3.92494</i>
                        <i>-0.0207889 0.98296 0.182638 0.137809 0.183751 -0.973265 -0.990241 0.00493599 -0.139281 -0.374517 2.66731 3.92405</i>
                        <i>-0.0245234 0.981585 0.189447 0.137914 0.191014 -0.97185 -0.990141 0.00229435 -0.140059 -0.374763 2.66687 3.92326</i>
                        <i>-0.0275592 0.980366 0.195249 0.137941 0.197185 -0.970613 -0.990057 0.000183571 -0.140667 -0.374959 2.66627 3.92264</i>
                        <i>-0.0296826 0.979371 0.199877 0.137911 0.202066 -0.969613 -0.99 -0.00121529 -0.141064 -0.375089 2.66552 3.92222</i>
                        <i>-0.0306804 0.978664 0.203164 0.137844 0.20546 -0.968909 -0.989979 -0.00172159 -0.141207 -0.375136 2.66466 3.92207</i>
                        <i>-0.0306364 0.978624 0.203365 0.137833 0.205653 -0.96887 -0.989982 -0.00165227 -0.141187 -0.375129 2.66374 3.92209</i>
                        <i>-0.0297856 0.979484 0.199311 0.137941 0.201519 -0.969723 -0.989992 -0.00139064 -0.141113 -0.375105 2.66282 3.92217</i>
                        <i>-0.0281417 0.981052 0.191687 0.138128 0.19374 -0.97128 -0.990014 -0.000856149 -0.140963 -0.375055 2.66193 3.92233</i>
                        <i>-0.0257187 0.983114 0.181178 0.13834 0.182995 -0.973332 -0.990051 3.14152e-005 -0.140711 -0.374973 2.66109 3.92259</i>
                        <i>-0.0225321 0.98545 0.168467 0.138518 0.169962 -0.975667 -0.990104 0.00135187 -0.140332 -0.374851 2.66033 3.92298</i>
                        <i>-0.0185998 0.987858 0.154242 0.138592 0.155327 -0.978093 -0.990175 0.00318446 -0.139798 -0.37468 2.65968 3.92353</i>
                        <i>-0.0139429 0.990166 0.139197 0.138493 0.139782 -0.980449 -0.990265 0.0056075 -0.13908 -0.374455 2.65915 3.92425</i>
                        <i>-0.0085864 0.992241 0.124034 0.138148 0.124026 -0.982615 -0.990374 0.00869797 -0.138141 -0.374166 2.65878 3.92517</i>
                    </KeyFrames>
                </p>
            </i>
            <i>
                <p>
                    <Name><![CDATA[head_prop]]></Name>
                    <Exclude>0</Exclude>
                    <Additive>0</Additive>
                    <IKPriority>0</IKPriority>
                    <IKRotLimits>-1e+010 -1e+010 -1e+010 1e+010 1e+010 1e+010</IKRotLimits>
                    <IKRotLimitOrder>0</IKRotLimitOrder>
                    <KeyFrames count="30">
                        <i>0.990374 -0.00869797 0.138141 -0.0085864 0.992241 0.124034 -0.138148 -0.124026 0.982615 -0.376965 2.98216 3.96559</i>
                        <i>0.990481 -0.0119399 0.137129 -0.00340197 0.993803 0.111103 -0.137606 -0.110512 0.984303 -0.374971 2.98252 3.96234</i>
                        <i>0.990568 -0.0147725 0.136222 0.000805588 0.994782 0.10202 -0.137019 -0.100948 0.985411 -0.373334 2.98296 3.96022</i>
                        <i>0.990638 -0.0172039 0.135427 0.0041097 0.995336 0.0963798 -0.136453 -0.094921 0.986088 -0.372028 2.98349 3.95911</i>
                        <i>0.990693 -0.0192419 0.134748 0.00658273 0.995572 0.0937695 -0.135955 -0.0920098 0.986433 -0.371029 2.98411 3.95886</i>
                        <i>0.990735 -0.0208941 0.134189 0.0082949 0.995559 0.0937725 -0.135552 -0.0917906 0.986509 -0.370315 2.98481 3.95935</i>
                        <i>0.990767 -0.0221677 0.133753 0.00931422 0.995341 0.0959688 -0.135258 -0.0938369 0.986357 -0.369862 2.98555 3.96044</i>
                        <i>0.990788 -0.0230695 0.133442 0.00970651 0.994947 0.099937 -0.135073 -0.0977211 0.986005 -0.369648 2.98631 3.96201</i>
                        <i>0.9908 -0.0236061 0.133256 0.00953584 0.9944 0.105254 -0.134994 -0.103015 0.985477 -0.369653 2.98705 3.9639</i>
                        <i>0.990805 -0.0237836 0.133194 0.00873676 0.993621 0.112433 -0.135019 -0.110236 0.984692 -0.369897 2.98772 3.96629</i>
                        <i>0.990793 -0.0232865 0.133367 0.00702891 0.992616 0.121097 -0.135202 -0.119045 0.98364 -0.3705 2.98829 3.96897</i>
                        <i>0.990761 -0.0219112 0.133841 0.00434514 0.991485 0.130152 -0.135554 -0.128367 0.982419 -0.371506 2.98879 3.97151</i>
                        <i>0.990708 -0.0198307 0.13455 0.00088709 0.990234 0.139415 -0.136 -0.138 0.98105 -0.37283 2.98916 3.97391</i>
                        <i>0.990638 -0.0172179 0.135422 -0.00314135 0.988876 0.148707 -0.136476 -0.147741 0.979565 -0.374389 2.98934 3.97616</i>
                        <i>0.990552 -0.0142463 0.136393 -0.0075336 0.987434 0.157851 -0.136927 -0.157387 0.977998 -0.376101 2.98927 3.97826</i>
                        <i>0.990454 -0.0110908 0.137397 -0.0120803 0.985939 0.166669 -0.137314 -0.166738 0.976393 -0.377879 2.98895 3.9802</i>
                        <i>0.990348 -0.00792799 0.138377 -0.0165698 0.984431 0.174988 -0.13761 -0.175592 0.974798 -0.379638 2.9884 3.98197</i>
                        <i>0.990241 -0.00493599 0.139281 -0.0207889 0.98296 0.182638 -0.137809 -0.183751 0.973265 -0.381293 2.98766 3.98357</i>
                        <i>0.990141 -0.00229435 0.140059 -0.0245234 0.981585 0.189447 -0.137914 -0.191014 0.97185 -0.382756 2.98677 3.98501</i>
                        <i>0.990057 -0.000183571 0.140667 -0.0275592 0.980366 0.195249 -0.137941 -0.197185 0.970613 -0.383941 2.98578 3.98627</i>
                        <i>0.99 0.00121529 0.141064 -0.0296826 0.979371 0.199877 -0.137911 -0.202066 0.969613 -0.384763 2.98471 3.98736</i>
                        <i>0.989979 0.00172159 0.141207 -0.0306804 0.978664 0.203164 -0.137844 -0.20546 0.968909 -0.385135 2.98362 3.98828</i>
                        <i>0.989982 0.00165227 0.141187 -0.0306364 0.978624 0.203365 -0.137833 -0.205653 0.96887 -0.385114 2.98268 3.98837</i>
                        <i>0.989992 0.00139064 0.141113 -0.0297856 0.979484 0.199311 -0.137941 -0.201519 0.969723 -0.384812 2.98205 3.98713</i>
                        <i>0.990014 0.000856149 0.140963 -0.0281417 0.981052 0.191687 -0.138128 -0.19374 0.97128 -0.384227 2.98167 3.9848</i>
                        <i>0.990051 -3.14152e-005 0.140711 -0.0257187 0.983114 0.181178 -0.13834 -0.182995 0.973332 -0.383355 2.9815 3.98164</i>
                        <i>0.990104 -0.00135187 0.140332 -0.0225321 0.98545 0.168467 -0.138518 -0.169962 0.975667 -0.382194 2.9815 3.97789</i>
                        <i>0.990175 -0.00318446 0.139798 -0.0185998 0.987858 0.154242 -0.138592 -0.155327 0.978093 -0.380742 2.98163 3.9738</i>
                        <i>0.990265 -0.0056075 0.13908 -0.0139429 0.990166 0.139197 -0.138493 -0.139782 0.980449 -0.378999 2.98186 3.96962</i>
                        <i>0.990374 -0.00869797 0.138141 -0.0085864 0.992241 0.124034 -0.138148 -0.124026 0.982615 -0.376965 2.98216 3.96559</i>
                    </KeyFrames>
                </p>
            </i>
            <i>
                <p>
                    <Name><![CDATA[l_clav]]></Name>
                    <Exclude>0</Exclude>
                    <Additive>0</Additive>
                    <IKPriority>0</IKPriority>
                    <IKRotLimits>-1e+010 -1e+010 -1e+010 1e+010 1e+010 1e+010</IKRotLimits>
                    <IKRotLimitOrder>0</IKRotLimitOrder>
                    <KeyFrames count="30">
                        <i>0.755555 0.561857 -0.336828 -0.480212 0.824766 0.298592 0.44557 -0.0638542 0.892967 -0.275766 2.47023 3.87434</i>
                        <i>0.756471 0.562818 -0.333148 -0.478125 0.823456 0.305478 0.446261 -0.0717989 0.892018 -0.275923 2.47027 3.87374</i>
                        <i>0.757277 0.563635 -0.32992 -0.476294 0.822261 0.311497 0.446851 -0.0787511 0.891136 -0.276061 2.47057 3.87322</i>
                        <i>0.757974 0.564319 -0.327139 -0.474717 0.821198 0.316667 0.447347 -0.0847264 0.890338 -0.276181 2.47108 3.87276</i>
                        <i>0.758561 0.564879 -0.324802 -0.473392 0.820279 0.321002 0.447756 -0.0897407 0.889641 -0.276281 2.47177 3.87238</i>
                        <i>0.75904 0.565325 -0.322903 -0.472315 0.819517 0.324517 0.448082 -0.0938095 0.889057 -0.276363 2.47258 3.87207</i>
                        <i>0.75941 0.565663 -0.321436 -0.471483 0.818918 0.327228 0.44833 -0.0969483 0.888595 -0.276426 2.47349 3.87183</i>
                        <i>0.759673 0.565901 -0.320396 -0.470893 0.818487 0.329147 0.448505 -0.0991721 0.888261 -0.276471 2.47444 3.87166</i>
                        <i>0.75983 0.56604 -0.319776 -0.470542 0.818229 0.33029 0.448608 -0.100496 0.888061 -0.276498 2.47541 3.87156</i>
                        <i>0.759882 0.566086 -0.319571 -0.470426 0.818143 0.330668 0.448642 -0.100934 0.887994 -0.276507 2.47634 3.87153</i>
                        <i>0.759736 0.565957 -0.320145 -0.470751 0.818383 0.329609 0.448546 -0.0997075 0.88818 -0.276482 2.4772 3.87162</i>
                        <i>0.759336 0.565596 -0.321732 -0.471651 0.819039 0.326682 0.44828 -0.0963162 0.888689 -0.276414 2.47797 3.87188</i>
                        <i>0.758732 0.565039 -0.324126 -0.473008 0.820009 0.322254 0.447872 -0.0911904 0.889435 -0.27631 2.4786 3.87227</i>
                        <i>0.757978 0.564323 -0.327123 -0.474708 0.821192 0.316696 0.44735 -0.0847609 0.890334 -0.276181 2.47903 3.87276</i>
                        <i>0.757127 0.563485 -0.33052 -0.476634 0.822487 0.310379 0.446742 -0.0774588 0.891303 -0.276036 2.47925 3.87331</i>
                        <i>0.75623 0.562569 -0.334113 -0.478672 0.823805 0.303674 0.446082 -0.0697168 0.892273 -0.275882 2.47922 3.8739</i>
                        <i>0.755339 0.561624 -0.3377 -0.480706 0.825068 0.296957 0.445404 -0.0619691 0.893183 -0.275729 2.47898 3.87449</i>
                        <i>0.754502 0.560706 -0.341079 -0.482623 0.82621 0.290607 0.444748 -0.0546511 0.893987 -0.275585 2.47856 3.87504</i>
                        <i>0.753769 0.559875 -0.344052 -0.48431 0.827174 0.285003 0.444157 -0.0481991 0.894651 -0.275459 2.47799 3.87552</i>
                        <i>0.753187 0.559197 -0.34642 -0.485653 0.827916 0.280528 0.443678 -0.0430497 0.895152 -0.275359 2.47729 3.87591</i>
                        <i>0.752803 0.558742 -0.347987 -0.486542 0.828394 0.277563 0.443356 -0.03964 0.895469 -0.275293 2.47649 3.87617</i>
                        <i>0.752665 0.558576 -0.348553 -0.486863 0.828564 0.276489 0.443239 -0.0384065 0.895581 -0.275269 2.47561 3.87626</i>
                        <i>0.752684 0.558599 -0.348475 -0.486819 0.828541 0.276636 0.443255 -0.0385754 0.895565 -0.275272 2.47469 3.87625</i>
                        <i>0.752755 0.558684 -0.348183 -0.486653 0.828453 0.277191 0.443315 -0.0392128 0.895508 -0.275284 2.47378 3.8762</i>
                        <i>0.752902 0.558859 -0.347585 -0.486314 0.828272 0.278324 0.443439 -0.0405152 0.895389 -0.27531 2.47291 3.8761</i>
                        <i>0.753145 0.559148 -0.346591 -0.48575 0.827969 0.280205 0.443643 -0.0426787 0.895187 -0.275352 2.47211 3.87594</i>
                        <i>0.753509 0.559574 -0.34511 -0.48491 0.827509 0.283005 0.443944 -0.0458992 0.894878 -0.275414 2.47142 3.8757</i>
                        <i>0.754016 0.560157 -0.343052 -0.483742 0.826854 0.286891 0.444358 -0.0503722 0.894432 -0.275501 2.47085 3.87536</i>
                        <i>0.75469 0.560914 -0.340322 -0.482194 0.825958 0.292032 0.444896 -0.0562926 0.893811 -0.275617 2.47044 3.87491</i>
                        <i>0.755555 0.561857 -0.336828 -0.480212 0.824766 0.298592 0.44557 -0.0638542 0.892967 -0.275766 2.47023 3.87434</i>
                    </KeyFrames>
                </p>
            </i>
            <i>
                <p>
                    <Name><![CDATA[l_shoulder]]></Name>
                    <Exclude>0</Exclude>
                    <Additive>0</Additive>
                    <IKPriority>0</IKPriority>
                    <IKRotLimits>-1e+010 -1e+010 -1e+010 1e+010 1e+010 1e+010</IKRotLimits>
                    <IKRotLimitOrder>0</IKRotLimitOrder>
                    <KeyFrames count="30">
                        <i>0.749949 -0.290114 0.594483 0.535977 0.793208 -0.28905 -0.387692 0.535402 0.75036 -0.126485 2.58124 3.80779</i>
                        <i>0.749865 -0.296385 0.591488 0.537445 0.794268 -0.283356 -0.385818 0.530371 0.754885 -0.126461 2.58147 3.80792</i>
                        <i>0.749778 -0.301857 0.588825 0.538736 0.795158 -0.278365 -0.384183 0.525934 0.758813 -0.12644 2.58193 3.80803</i>
                        <i>0.749693 -0.306549 0.586505 0.539852 0.795894 -0.274069 -0.382781 0.522093 0.762167 -0.126421 2.58258 3.80813</i>
                        <i>0.749614 -0.310478 0.584536 0.540792 0.79649 -0.270458 -0.381606 0.518851 0.764964 -0.126406 2.58337 3.80821</i>
                        <i>0.749545 -0.31366 0.582923 0.541557 0.796961 -0.267525 -0.380655 0.516208 0.767223 -0.126393 2.58428 3.80827</i>
                        <i>0.749489 -0.316112 0.58167 0.542149 0.797315 -0.265261 -0.379922 0.514161 0.768959 -0.126383 2.58525 3.80832</i>
                        <i>0.749448 -0.317847 0.580777 0.542569 0.797562 -0.263655 -0.379403 0.512707 0.770185 -0.126376 2.58625 3.80836</i>
                        <i>0.749423 -0.318879 0.580243 0.542819 0.797707 -0.262699 -0.379095 0.51184 0.770913 -0.126372 2.58724 3.80838</i>
                        <i>0.749414 -0.31922 0.580066 0.542902 0.797755 -0.262383 -0.378993 0.511553 0.771154 -0.126371 2.58818 3.80839</i>
                        <i>0.749438 -0.318264 0.580561 0.54267 0.797621 -0.263268 -0.379278 0.512356 0.77048 -0.126375 2.58902 3.80837</i>
                        <i>0.749501 -0.315618 0.581923 0.54203 0.797244 -0.265717 -0.38007 0.514574 0.76861 -0.126385 2.58972 3.80831</i>
                        <i>0.74959 -0.311612 0.583963 0.541064 0.796659 -0.269413 -0.381267 0.517911 0.76577 -0.126401 2.59023 3.80823</i>
                        <i>0.749692 -0.306576 0.586492 0.539858 0.795898 -0.274044 -0.382772 0.522071 0.762186 -0.126421 2.59053 3.80813</i>
                        <i>0.749795 -0.300841 0.589323 0.538496 0.794995 -0.279294 -0.384486 0.526761 0.758085 -0.126444 2.59058 3.80801</i>
                        <i>0.749889 -0.294743 0.592278 0.537059 0.793995 -0.284849 -0.386308 0.531694 0.753703 -0.126467 2.59037 3.80789</i>
                        <i>0.749967 -0.288623 0.595186 0.53563 0.79295 -0.290399 -0.388137 0.536589 0.749281 -0.12649 2.58995 3.80776</i>
                        <i>0.750026 -0.282826 0.597889 0.534288 0.791921 -0.295631 -0.389869 0.541175 0.745072 -0.126512 2.58935 3.80765</i>
                        <i>0.750067 -0.277701 0.600235 0.53311 0.790982 -0.300235 -0.391399 0.545188 0.741334 -0.126531 2.58861 3.80755</i>
                        <i>0.750091 -0.273602 0.602084 0.532175 0.79021 -0.303905 -0.392624 0.548371 0.738333 -0.126545 2.58778 3.80747</i>
                        <i>0.750103 -0.270884 0.603297 0.531558 0.789688 -0.306333 -0.393435 0.550468 0.736338 -0.126555 2.58689 3.80741</i>
                        <i>0.750107 -0.269899 0.603733 0.531335 0.789497 -0.307211 -0.393729 0.551225 0.735614 -0.126558 2.58597 3.80739</i>
                        <i>0.750107 -0.270034 0.603673 0.531365 0.789523 -0.307091 -0.393689 0.551122 0.735713 -0.126558 2.58506 3.8074</i>
                        <i>0.750105 -0.270543 0.603448 0.53148 0.789622 -0.306637 -0.393537 0.550731 0.736087 -0.126556 2.58417 3.80741</i>
                        <i>0.750101 -0.271582 0.602986 0.531716 0.789822 -0.30571 -0.393227 0.549931 0.736851 -0.126552 2.58333 3.80743</i>
                        <i>0.750093 -0.273306 0.602216 0.532108 0.790153 -0.30417 -0.392712 0.548599 0.738117 -0.126546 2.58259 3.80746</i>
                        <i>0.750078 -0.275871 0.601064 0.532692 0.790639 -0.301875 -0.391946 0.546612 0.739996 -0.126537 2.58198 3.80751</i>
                        <i>0.750054 -0.279428 0.599449 0.533506 0.791302 -0.298685 -0.390883 0.54384 0.742596 -0.126524 2.58152 3.80758</i>
                        <i>0.750014 -0.284127 0.597286 0.534588 0.792155 -0.294458 -0.38948 0.54015 0.746019 -0.126507 2.58127 3.80767</i>
                        <i>0.749949 -0.290114 0.594483 0.535977 0.793208 -0.28905 -0.387692 0.535402 0.75036 -0.126485 2.58124 3.80779</i>
                    </KeyFrames>
                </p>
            </i>
            <i>
                <p>
                    <Name><![CDATA[l_elbow]]></Name>
                    <Exclude>0</Exclude>
                    <Additive>0</Additive>
                    <IKPriority>0</IKPriority>
                    <IKRotLimits>-1e+010 -1e+010 -1e+010 1e+010 1e+010 1e+010</IKRotLimits>
                    <IKRotLimitOrder>0</IKRotLimitOrder>
                    <KeyFrames count="30">
                        <i>-0.218664 0.458616 0.861311 0.534962 0.794545 -0.287253 -0.816089 0.397957 -0.419081 0.117456 2.48688 4.00116</i>
                        <i>-0.216856 0.452352 0.865073 0.536435 0.795593 -0.281548 -0.815605 0.403 -0.415186 0.117453 2.48507 4.00032</i>
                        <i>-0.215281 0.44684 0.868325 0.53773 0.796472 -0.276547 -0.815169 0.407389 -0.411744 0.117446 2.48375 3.99956</i>
                        <i>-0.213932 0.442079 0.871091 0.538849 0.797199 -0.272242 -0.814785 0.411145 -0.40876 0.117436 2.48287 3.9989</i>
                        <i>-0.212805 0.438067 0.873391 0.539792 0.797788 -0.268625 -0.814456 0.414285 -0.406238 0.117426 2.48238 3.99834</i>
                        <i>-0.211892 0.4348 0.875243 0.540559 0.798252 -0.265686 -0.814185 0.416824 -0.404179 0.117416 2.48225 3.99788</i>
                        <i>-0.21119 0.432273 0.876664 0.541153 0.798602 -0.263417 -0.813973 0.418778 -0.402583 0.117408 2.48243 3.99753</i>
