<?xml version="1.0" encoding="ISO-8859-1" ?>
<Animl Version="1">
    <ModellingPackage><![CDATA[Maya.2010]]></ModellingPackage>
    <SrcFile><![CDATA[anims\turrets\artillery\blue\~src\artillery_m198\artillery_m198_idle_crewman_d.mb]]></SrcFile>
    <FramesPerSecond>30</FramesPerSecond>
    <TotalFrames>91</TotalFrames>
    <Skeleton>
        <RefFrame>
            <Name><![CDATA[soldier_ref_frame]]></Name>
            <Exclude>0</Exclude>
            <Additive>0</Additive>
            <IKPriority>0</IKPriority>
            <IKRotLimits>-1e+010 -1e+010 -1e+010 1e+010 1e+010 1e+010</IKRotLimits>
            <IKRotLimitOrder>0</IKRotLimitOrder>
            <KeyFrames count="91">
                <i>1 0 0 0 1 0 0 0 1 -3.06 1.34 2.39</i>
                <i>1 0 0 0 1 0 0 0 1 -3.06 1.34 2.39</i>
                <i>1 0 0 0 1 0 0 0 1 -3.06 1.34 2.39</i>
                <i>1 0 0 0 1 0 0 0 1 -3.06 1.34 2.39</i>
                <i>1 0 0 0 1 0 0 0 1 -3.06 1.34 2.39</i>
                <i>1 0 0 0 1 0 0 0 1 -3.06 1.34 2.39</i>
                <i>1 0 0 0 1 0 0 0 1 -3.06 1.34 2.39</i>
                <i>1 0 0 0 1 0 0 0 1 -3.06 1.34 2.39</i>
                <i>1 0 0 0 1 0 0 0 1 -3.06 1.34 2.39</i>
                <i>1 0 0 0 1 0 0 0 1 -3.06 1.34 2.39</i>
                <i>1 0 0 0 1 0 0 0 1 -3.06 1.34 2.39</i>
                <i>1 0 0 0 1 0 0 0 1 -3.06 1.34 2.39</i>
                <i>1 0 0 0 1 0 0 0 1 -3.06 1.34 2.39</i>
                <i>1 0 0 0 1 0 0 0 1 -3.06 1.34 2.39</i>
                <i>1 0 0 0 1 0 0 0 1 -3.06 1.34 2.39</i>
                <i>1 0 0 0 1 0 0 0 1 -3.06 1.34 2.39</i>
                <i>1 0 0 0 1 0 0 0 1 -3.06 1.34 2.39</i>
                <i>1 0 0 0 1 0 0 0 1 -3.06 1.34 2.39</i>
                <i>1 0 0 0 1 0 0 0 1 -3.06 1.34 2.39</i>
                <i>1 0 0 0 1 0 0 0 1 -3.06 1.34 2.39</i>
                <i>1 0 0 0 1 0 0 0 1 -3.06 1.34 2.39</i>
                <i>1 0 0 0 1 0 0 0 1 -3.06 1.34 2.39</i>
                <i>1 0 0 0 1 0 0 0 1 -3.06 1.34 2.39</i>
                <i>1 0 0 0 1 0 0 0 1 -3.06 1.34 2.39</i>
                <i>1 0 0 0 1 0 0 0 1 -3.06 1.34 2.39</i>
                <i>1 0 0 0 1 0 0 0 1 -3.06 1.34 2.39</i>
                <i>1 0 0 0 1 0 0 0 1 -3.06 1.34 2.39</i>
                <i>1 0 0 0 1 0 0 0 1 -3.06 1.34 2.39</i>
                <i>1 0 0 0 1 0 0 0 1 -3.06 1.34 2.39</i>
                <i>1 0 0 0 1 0 0 0 1 -3.06 1.34 2.39</i>
                <i>1 0 0 0 1 0 0 0 1 -3.06 1.34 2.39</i>
                <i>1 0 0 0 1 0 0 0 1 -3.06 1.34 2.39</i>
                <i>1 0 0 0 1 0 0 0 1 -3.06 1.34 2.39</i>
                <i>1 0 0 0 1 0 0 0 1 -3.06 1.34 2.39</i>
                <i>1 0 0 0 1 0 0 0 1 -3.06 1.34 2.39</i>
                <i>1 0 0 0 1 0 0 0 1 -3.06 1.34 2.39</i>
                <i>1 0 0 0 1 0 0 0 1 -3.06 1.34 2.39</i>
                <i>1 0 0 0 1 0 0 0 1 -3.06 1.34 2.39</i>
                <i>1 0 0 0 1 0 0 0 1 -3.06 1.34 2.39</i>
                <i>1 0 0 0 1 0 0 0 1 -3.06 1.34 2.39</i>
                <i>1 0 0 0 1 0 0 0 1 -3.06 1.34 2.39</i>
                <i>1 0 0 0 1 0 0 0 1 -3.06 1.34 2.39</i>
                <i>1 0 0 0 1 0 0 0 1 -3.06 1.34 2.39</i>
                <i>1 0 0 0 1 0 0 0 1 -3.06 1.34 2.39</i>
                <i>1 0 0 0 1 0 0 0 1 -3.06 1.34 2.39</i>
                <i>1 0 0 0 1 0 0 0 1 -3.06 1.34 2.39</i>
                <i>1 0 0 0 1 0 0 0 1 -3.06 1.34 2.39</i>
                <i>1 0 0 0 1 0 0 0 1 -3.06 1.34 2.39</i>
                <i>1 0 0 0 1 0 0 0 1 -3.06 1.34 2.39</i>
                <i>1 0 0 0 1 0 0 0 1 -3.06 1.34 2.39</i>
                <i>1 0 0 0 1 0 0 0 1 -3.06 1.34 2.39</i>
                <i>1 0 0 0 1 0 0 0 1 -3.06 1.34 2.39</i>
                <i>1 0 0 0 1 0 0 0 1 -3.06 1.34 2.39</i>
                <i>1 0 0 0 1 0 0 0 1 -3.06 1.34 2.39</i>
                <i>1 0 0 0 1 0 0 0 1 -3.06 1.34 2.39</i>
                <i>1 0 0 0 1 0 0 0 1 -3.06 1.34 2.39</i>
                <i>1 0 0 0 1 0 0 0 1 -3.06 1.34 2.39</i>
                <i>1 0 0 0 1 0 0 0 1 -3.06 1.34 2.39</i>
                <i>1 0 0 0 1 0 0 0 1 -3.06 1.34 2.39</i>
                <i>1 0 0 0 1 0 0 0 1 -3.06 1.34 2.39</i>
                <i>1 0 0 0 1 0 0 0 1 -3.06 1.34 2.39</i>
                <i>1 0 0 0 1 0 0 0 1 -3.06 1.34 2.39</i>
                <i>1 0 0 0 1 0 0 0 1 -3.06 1.34 2.39</i>
                <i>1 0 0 0 1 0 0 0 1 -3.06 1.34 2.39</i>
                <i>1 0 0 0 1 0 0 0 1 -3.06 1.34 2.39</i>
                <i>1 0 0 0 1 0 0 0 1 -3.06 1.34 2.39</i>
                <i>1 0 0 0 1 0 0 0 1 -3.06 1.34 2.39</i>
                <i>1 0 0 0 1 0 0 0 1 -3.06 1.34 2.39</i>
                <i>1 0 0 0 1 0 0 0 1 -3.06 1.34 2.39</i>
                <i>1 0 0 0 1 0 0 0 1 -3.06 1.34 2.39</i>
                <i>1 0 0 0 1 0 0 0 1 -3.06 1.34 2.39</i>
                <i>1 0 0 0 1 0 0 0 1 -3.06 1.34 2.39</i>
                <i>1 0 0 0 1 0 0 0 1 -3.06 1.34 2.39</i>
                <i>1 0 0 0 1 0 0 0 1 -3.06 1.34 2.39</i>
                <i>1 0 0 0 1 0 0 0 1 -3.06 1.34 2.39</i>
                <i>1 0 0 0 1 0 0 0 1 -3.06 1.34 2.39</i>
                <i>1 0 0 0 1 0 0 0 1 -3.06 1.34 2.39</i>
                <i>1 0 0 0 1 0 0 0 1 -3.06 1.34 2.39</i>
                <i>1 0 0 0 1 0 0 0 1 -3.06 1.34 2.39</i>
                <i>1 0 0 0 1 0 0 0 1 -3.06 1.34 2.39</i>
                <i>1 0 0 0 1 0 0 0 1 -3.06 1.34 2.39</i>
                <i>1 0 0 0 1 0 0 0 1 -3.06 1.34 2.39</i>
                <i>1 0 0 0 1 0 0 0 1 -3.06 1.34 2.39</i>
                <i>1 0 0 0 1 0 0 0 1 -3.06 1.34 2.39</i>
                <i>1 0 0 0 1 0 0 0 1 -3.06 1.34 2.39</i>
                <i>1 0 0 0 1 0 0 0 1 -3.06 1.34 2.39</i>
                <i>1 0 0 0 1 0 0 0 1 -3.06 1.34 2.39</i>
                <i>1 0 0 0 1 0 0 0 1 -3.06 1.34 2.39</i>
                <i>1 0 0 0 1 0 0 0 1 -3.06 1.34 2.39</i>
                <i>1 0 0 0 1 0 0 0 1 -3.06 1.34 2.39</i>
                <i>1 0 0 0 1 0 0 0 1 -3.06 1.34 2.39</i>
            </KeyFrames>
        </RefFrame>
        <Bones count="23">
            <i>
                <p>
                    <Name><![CDATA[pelvis]]></Name>
                    <Exclude>0</Exclude>
                    <Additive>0</Additive>
                    <IKPriority>0</IKPriority>
                    <IKRotLimits>-1e+010 -1e+010 -1e+010 1e+010 1e+010 1e+010</IKRotLimits>
                    <IKRotLimitOrder>2</IKRotLimitOrder>
                    <KeyFrames count="91">
                        <i>1 0 0 0 1 0 0 0 1 -3.0563 2.48698 2.38654</i>
                        <i>1 0 0 0 1 0 0 0 1 -3.0563 2.48608 2.38654</i>
                        <i>1 0 0 0 1 0 0 0 1 -3.0563 2.48503 2.38654</i>
                        <i>1 0 0 0 1 0 0 0 1 -3.0563 2.48389 2.38654</i>
                        <i>1 0 0 0 1 0 0 0 1 -3.0563 2.48272 2.38654</i>
                        <i>1 0 0 0 1 0 0 0 1 -3.0563 2.4816 2.38654</i>
                        <i>1 0 0 0 1 0 0 0 1 -3.0563 2.48059 2.38654</i>
                        <i>1 0 0 0 1 0 0 0 1 -3.0563 2.47976 2.38654</i>
                        <i>1 0 0 0 1 0 0 0 1 -3.0563 2.47917 2.38654</i>
                        <i>1 0 0 0 1 0 0 0 1 -3.0563 2.47888 2.38654</i>
                        <i>1 0 0 0 1 0 0 0 1 -3.0563 2.47896 2.38654</i>
                        <i>1 0 0 0 1 0 0 0 1 -3.0563 2.47941 2.38654</i>
                        <i>1 0 0 0 1 0 0 0 1 -3.0563 2.48014 2.38654</i>
                        <i>1 0 0 0 1 0 0 0 1 -3.0563 2.4811 2.38654</i>
                        <i>1 0 0 0 1 0 0 0 1 -3.0563 2.48226 2.38654</i>
                        <i>1 0 0 0 1 0 0 0 1 -3.0563 2.48355 2.38654</i>
                        <i>1 0 0 0 1 0 0 0 1 -3.0563 2.48495 2.38654</i>
                        <i>1 0 0 0 1 0 0 0 1 -3.0563 2.48639 2.38654</i>
                        <i>1 0 0 0 1 0 0 0 1 -3.0563 2.48784 2.38654</i>
                        <i>1 0 0 0 1 0 0 0 1 -3.0563 2.48925 2.38654</i>
                        <i>1 0 0 0 1 0 0 0 1 -3.0563 2.49058 2.38654</i>
                        <i>1 0 0 0 1 0 0 0 1 -3.0563 2.49177 2.38654</i>
                        <i>1 0 0 0 1 0 0 0 1 -3.0563 2.49278 2.38654</i>
                        <i>1 0 0 0 1 0 0 0 1 -3.0563 2.49358 2.38654</i>
                        <i>1 0 0 0 1 0 0 0 1 -3.0563 2.4941 2.38654</i>
                        <i>1 0 0 0 1 0 0 0 1 -3.0563 2.49431 2.38654</i>
                        <i>1 0 0 0 1 0 0 0 1 -3.0563 2.49423 2.38654</i>
                        <i>1 0 0 0 1 0 0 0 1 -3.0563 2.49394 2.38654</i>
                        <i>1 0 0 0 1 0 0 0 1 -3.0563 2.49346 2.38654</i>
                        <i>1 0 0 0 1 0 0 0 1 -3.0563 2.49281 2.38654</i>
                        <i>1 0 0 0 1 0 0 0 1 -3.0563 2.49203 2.38654</i>
                        <i>1 0 0 0 1 0 0 0 1 -3.0563 2.49113 2.38654</i>
                        <i>1 0 0 0 1 0 0 0 1 -3.0563 2.49014 2.38654</i>
                        <i>1 0 0 0 1 0 0 0 1 -3.0563 2.48908 2.38654</i>
                        <i>1 0 0 0 1 0 0 0 1 -3.0563 2.48799 2.38654</i>
                        <i>1 0 0 0 1 0 0 0 1 -3.0563 2.48688 2.38654</i>
                        <i>1 0 0 0 1 0 0 0 1 -3.0563 2.48577 2.38654</i>
                        <i>1 0 0 0 1 0 0 0 1 -3.0563 2.4847 2.38654</i>
                        <i>1 0 0 0 1 0 0 0 1 -3.0563 2.48369 2.38654</i>
                        <i>1 0 0 0 1 0 0 0 1 -3.0563 2.48275 2.38654</i>
                        <i>1 0 0 0 1 0 0 0 1 -3.0563 2.48193 2.38654</i>
                        <i>1 0 0 0 1 0 0 0 1 -3.0563 2.48124 2.38654</i>
                        <i>1 0 0 0 1 0 0 0 1 -3.0563 2.4807 2.38654</i>
                        <i>1 0 0 0 1 0 0 0 1 -3.0563 2.48034 2.38654</i>
                        <i>1 0 0 0 1 0 0 0 1 -3.0563 2.48019 2.38654</i>
                        <i>1 0 0 0 1 0 0 0 1 -3.0563 2.4803 2.38654</i>
                        <i>1 0 0 0 1 0 0 0 1 -3.0563 2.48068 2.38654</i>
                        <i>1 0 0 0 1 0 0 0 1 -3.0563 2.48131 2.38654</i>
                        <i>1 0 0 0 1 0 0 0 1 -3.0563 2.48213 2.38654</i>
                        <i>1 0 0 0 1 0 0 0 1 -3.0563 2.48311 2.38654</i>
                        <i>1 0 0 0 1 0 0 0 1 -3.0563 2.48421 2.38654</i>
                        <i>1 0 0 0 1 0 0 0 1 -3.0563 2.48538 2.38654</i>
                        <i>1 0 0 0 1 0 0 0 1 -3.0563 2.48659 2.38654</i>
                        <i>1 0 0 0 1 0 0 0 1 -3.0563 2.4878 2.38654</i>
                        <i>1 0 0 0 1 0 0 0 1 -3.0563 2.48897 2.38654</i>
                        <i>1 0 0 0 1 0 0 0 1 -3.0563 2.49005 2.38654</i>
                        <i>1 0 0 0 1 0 0 0 1 -3.0563 2.49102 2.38654</i>
                        <i>1 0 0 0 1 0 0 0 1 -3.0563 2.49182 2.38654</i>
                        <i>1 0 0 0 1 0 0 0 1 -3.0563 2.49241 2.38654</i>
                        <i>1 0 0 0 1 0 0 0 1 -3.0563 2.49277 2.38654</i>
                        <i>1 0 0 0 1 0 0 0 1 -3.0563 2.49284 2.38654</i>
                        <i>1 0 0 0 1 0 0 0 1 -3.0563 2.49259 2.38654</i>
                        <i>1 0 0 0 1 0 0 0 1 -3.0563 2.49203 2.38654</i>
                        <i>1 0 0 0 1 0 0 0 1 -3.0563 2.4912 2.38654</i>
                        <i>1 0 0 0 1 0 0 0 1 -3.0563 2.49016 2.38654</i>
                        <i>1 0 0 0 1 0 0 0 1 -3.0563 2.48894 2.38654</i>
                        <i>1 0 0 0 1 0 0 0 1 -3.0563 2.4876 2.38654</i>
                        <i>1 0 0 0 1 0 0 0 1 -3.0563 2.48619 2.38654</i>
                        <i>1 0 0 0 1 0 0 0 1 -3.0563 2.48474 2.38654</i>
                        <i>1 0 0 0 1 0 0 0 1 -3.0563 2.48331 2.38654</i>
                        <i>1 0 0 0 1 0 0 0 1 -3.0563 2.48194 2.38654</i>
                        <i>1 0 0 0 1 0 0 0 1 -3.0563 2.48068 2.38654</i>
                        <i>1 0 0 0 1 0 0 0 1 -3.0563 2.47957 2.38654</i>
                        <i>1 0 0 0 1 0 0 0 1 -3.0563 2.47867 2.38654</i>
                        <i>1 0 0 0 1 0 0 0 1 -3.0563 2.47802 2.38654</i>
                        <i>1 0 0 0 1 0 0 0 1 -3.0563 2.47766 2.38654</i>
                        <i>1 0 0 0 1 0 0 0 1 -3.0563 2.47762 2.38654</i>
                        <i>1 0 0 0 1 0 0 0 1 -3.0563 2.47788 2.38654</i>
                        <i>1 0 0 0 1 0 0 0 1 -3.0563 2.47838 2.38654</i>
                        <i>1 0 0 0 1 0 0 0 1 -3.0563 2.47909 2.38654</i>
                        <i>1 0 0 0 1 0 0 0 1 -3.0563 2.47994 2.38654</i>
                        <i>1 0 0 0 1 0 0 0 1 -3.0563 2.48091 2.38654</i>
                        <i>1 0 0 0 1 0 0 0 1 -3.0563 2.48194 2.38654</i>
                        <i>1 0 0 0 1 0 0 0 1 -3.0563 2.48298 2.38654</i>
                        <i>1 0 0 0 1 0 0 0 1 -3.0563 2.484 2.38654</i>
                        <i>1 0 0 0 1 0 0 0 1 -3.0563 2.48495 2.38654</i>
                        <i>1 0 0 0 1 0 0 0 1 -3.0563 2.48578 2.38654</i>
                        <i>1 0 0 0 1 0 0 0 1 -3.0563 2.48644 2.38654</i>
                        <i>1 0 0 0 1 0 0 0 1 -3.0563 2.48689 2.38654</i>
                        <i>1 0 0 0 1 0 0 0 1 -3.0563 2.48709 2.38654</i>
                        <i>1 0 0 0 1 0 0 0 1 -3.0563 2.48698 2.38654</i>
                    </KeyFrames>
                </p>
            </i>
            <i>
                <p>
                    <Name><![CDATA[spine0]]></Name>
                    <Exclude>0</Exclude>
                    <Additive>0</Additive>
                    <IKPriority>0</IKPriority>
                    <IKRotLimits>-1e+010 -1e+010 -1e+010 1e+010 1e+010 1e+010</IKRotLimits>
                    <IKRotLimitOrder>0</IKRotLimitOrder>
                    <KeyFrames count="91">
                        <i>-0.000602892 0.999999 0.00109337 -0.875696 -2.22045e-016 -0.482863 -0.482863 -0.00124858 0.875695 -3.03317 2.62263 2.34459</i>
                        <i>0.000623204 1 0.000295861 -0.875695 0.000688598 -0.482864 -0.482864 4.18382e-005 0.875695 -3.03308 2.62167 2.34443</i>
                        <i>0.00232712 0.999996 -0.00133481 -0.875692 0.00139331 -0.482869 -0.482865 0.00229258 0.875692 -3.03284 2.62043 2.34399</i>
                        <i>0.00442695 0.999984 -0.00357538 -0.875683 0.00215015 -0.482882 -0.482867 0.00526859 0.875678 -3.03248 2.61902 2.34333</i>
                        <i>0.00682448 0.999957 -0.00620967 -0.875667 0.00297741 -0.482906 -0.482867 0.00873319 0.87565 -3.03204 2.61753 2.34254</i>
                        <i>0.00940795 0.999915 -0.00903008 -0.875643 0.00387732 -0.482943 -0.482867 0.0124506 0.875605 -3.03157 2.61604 2.34168</i>
                        <i>0.0120547 0.999857 -0.0118385 -0.875611 0.00483796 -0.482993 -0.482867 0.0161882 0.875544 -3.0311 2.61465 2.34082</i>
                        <i>0.0146333 0.999789 -0.0144466 -0.875572 0.00583527 -0.483052 -0.482866 0.0197176 0.875472 -3.03066 2.61346 2.34004</i>
                        <i>0.017006 0.999716 -0.0166751 -0.87553 0.00683515 -0.483116 -0.482865 0.0228154 0.875397 -3.03031 2.61257 2.33939</i>
                        <i>0.01903 0.99965 -0.0183531 -0.875489 0.00779548 -0.483176 -0.482864 0.0252627 0.875331 -3.03007 2.61208 2.33896</i>
                        <i>0.0205587 0.999602 -0.0193154 -0.875457 0.00866814 -0.483219 -0.482859 0.0268442 0.875286 -3.02998 2.61209 2.3388</i>
                        <i>0.0215475 0.999576 -0.0195913 -0.875436 0.00940007 -0.483242 -0.482853 0.0275636 0.875267 -3.03002 2.61258 2.33887</i>
                        <i>0.0219861 0.999572 -0.0192887 -0.875428 0.00993029 -0.483247 -0.482849 0.0275106 0.875271 -3.03013 2.6134 2.33907</i>
                        <i>0.0218055 0.999593 -0.0184016 -0.875433 0.0102011 -0.483232 -0.482848 0.0266465 0.875299 -3.03031 2.61451 2.33939</i>
                        <i>0.0208927 0.999639 -0.0168988 -0.875452 0.0101287 -0.483199 -0.482853 0.0248894 0.875348 -3.03053 2.61585 2.3398</i>
                        <i>0.0192465 0.999705 -0.0148382 -0.875484 0.00968381 -0.48315 -0.482864 0.0222896 0.875412 -3.0308 2.61737 2.34029</i>
                        <i>0.0170028 0.999779 -0.0123747 -0.875524 0.00891019 -0.483093 -0.482876 0.0190483 0.875482 -3.0311 2.619 2.34082</i>
                        <i>0.0143056 0.999851 -0.00965199 -0.875566 0.00786441 -0.483035 -0.482887 0.015361 0.875548 -3.03141 2.6207 2.34139</i>
                        <i>0.0113056 0.999913 -0.00680528 -0.875606 0.006613 -0.482981 -0.482894 0.0114191 0.875604 -3.03173 2.6224 2.34197</i>
                        <i>0.00815811 0.999959 -0.00396401 -0.87564 0.00522942 -0.482936 -0.482895 0.00741089 0.875647 -3.03204 2.62405 2.34254</i>
                        <i>0.00502096 0.999987 -0.0012547 -0.875666 0.00379083 -0.482902 -0.482891 0.00352333 0.875673 -3.03234 2.62561 2.34308</i>
                        <i>0.00205235 0.999997 0.00119606 -0.875683 0.00237477 -0.48288 -0.482881 -5.63355e-005 0.875686 -3.03261 2.627 2.34357</i>
                        <i>-0.000591597 0.999995 0.00325867 -0.875693 0.00105546 -0.482868 -0.482868 -0.00313926 0.875687 -3.03284 2.62819 2.34399</i>
                        <i>-0.00275944 0.999985 0.00479749 -0.875696 -9.99013e-005 -0.482863 -0.482855 -0.00553357 0.875683 -3.03302 2.62912 2.34431</i>
                        <i>-0.00430742 0.999975 0.005668 -0.875696 -0.00103515 -0.482862 -0.482844 -0.00704334 0.875678 -3.03313 2.62972 2.34452</i>
                        <i>-0.00510276 0.999971 0.00571413 -0.875695 -0.00170937 -0.482862 -0.482838 -0.00746777 0.875678 -3.03317 2.62996 2.34459</i>
                        <i>-0.00530215 0.999973 0.00504252 -0.875823 -0.00221014 -0.482628 -0.482604 -0.00697532 0.875811 -3.03315 2.62986 2.34453</i>
                        <i>-0.00519006 0.999979 0.00390936 -0.876198 -0.00266348 -0.481944 -0.481923 -0.00592669 0.876194 -3.03309 2.6295 2.34434</i>
                        <i>-0.00483675 0.999986 0.00237314 -0.876806 -0.00309985 -0.480835 -0.48082 -0.00440647 0.876808 -3.03301 2.62892 2.34406</i>
                        <i>-0.00431279 0.999991 0.000493797 -0.877629 -0.00354837 -0.479327 -0.479321 -0.00250061 0.877636 -3.0329 2.62813 2.34369</i>
                        <i>-0.0036877 0.999992 -0.00166636 -0.878652 -0.00403584 -0.477446 -0.477449 -0.000296526 0.878659 -3.03278 2.62719 2.34325</i>
                        <i>-0.0030288 0.999987 -0.00404186 -0.879857 -0.00458573 -0.475217 -0.47523 0.00211692 0.879859 -3.03265 2.62611 2.34276</i>
                        <i>-0.00239998 0.999976 -0.00656354 -0.881227 -0.00521741 -0.472665 -0.472688 0.00464957 0.881218 -3.03253 2.62493 2.34224</i>
                        <i>-0.00186059 0.999956 -0.00915818 -0.882745 -0.00594534 -0.469816 -0.46985 0.0072102 0.882717 -3.03243 2.62368 2.3417</i>
                        <i>-0.00146447 0.99993 -0.0117484 -0.884393 -0.00677856 -0.466693 -0.46674 0.00970678 0.884341 -3.03234 2.62239 2.34116</i>
                        <i>-0.00125895 0.999898 -0.0142529 -0.886155 -0.00772011 -0.463324 -0.463387 0.012047 0.886074 -3.03229 2.62109 2.34064</i>
                        <i>-0.00128415 0.999862 -0.0165861 -0.888013 -0.00876678 -0.459735 -0.459816 0.0141383 0.887901 -3.03227 2.61981 2.34015</i>
                        <i>-0.00157229 0.999825 -0.0186595 -0.889949 -0.00990883 -0.455953 -0.456058 0.0158891 0.889808 -3.03229 2.6186 2.33972</i>
                        <i>-0.00214729 0.99979 -0.020381 -0.891945 -0.01113 -0.452008 -0.45214 0.0172082 0.891781 -3.03237 2.61747 2.33936</i>
                        <i>-0.00302443 0.999761 -0.0216567 -0.893982 -0.0124075 -0.44793 -0.448092 0.018006 0.893806 -3.0325 2.61646 2.33908</i>
                        <i>-0.00421032 0.99974 -0.0223905 -0.896044 -0.0137121 -0.443753 -0.443944 0.0181946 0.89587 -3.03268 2.61561 2.33891</i>
                        <i>-0.00571773 0.999732 -0.0224243 -0.898112 -0.0149949 -0.439512 -0.43973 0.0176265 0.897957 -3.03295 2.61496 2.33889</i>
                        <i>-0.00750338 0.999736 -0.0217048 -0.900167 -0.0162054 -0.435244 -0.43548 0.0162721 0.900051 -3.0333 2.61453 2.33904</i>
                        <i>-0.0094873 0.999749 -0.0202965 -0.902196 -0.0173111 -0.430979 -0.431222 0.0142226 0.902134 -3.03372 2.61435 2.33934</i>
                        <i>-0.0115955 0.999766 -0.0182694 -0.904186 -0.0182852 -0.426747 -0.426981 0.0115706 0.904186 -3.0342 2.61443 2.33977</i>
                        <i>-0.0137604 0.999782 -0.0156986 -0.906126 -0.0191067 -0.422575 -0.422783 0.00841013 0.906192 -3.03472 2.61481 2.34031</i>
                        <i>-0.0159218 0.999793 -0.0126641 -0.908007 -0.019761 -0.418489 -0.418653 0.00483598 0.908133 -3.03527 2.6155 2.34095</i>
                        <i>-0.0180271 0.999795 -0.00925042 -0.909818 -0.02024 -0.414514 -0.414616 0.000943699 0.909996 -3.03584 2.61645 2.34165</i>
                        <i>-0.0200315 0.999784 -0.00554591 -0.911552 -0.0205418 -0.410671 -0.410697 -0.00317099 0.911767 -3.03642 2.61761 2.34241</i>
                        <i>-0.0218983 0.999759 -0.00164215 -0.913201 -0.0206709 -0.406986 -0.406922 -0.00741269 0.913433 -3.03699 2.61893 2.34321</i>
                        <i>-0.0235987 0.999719 0.00236692 -0.914756 -0.0206379 -0.403479 -0.403317 -0.0116868 0.914986 -3.03756 2.62035 2.34401</i>
                        <i>-0.0251118 0.999664 0.00638572 -0.91621 -0.0204591 -0.400175 -0.39991 -0.0158998 0.916417 -3.03809 2.62185 2.3448</i>
                        <i>-0.0264236 0.999598 0.0103178 -0.917555 -0.0201561 -0.397097 -0.396729 -0.0199599 0.917719 -3.03859 2.62336 2.34556</i>
                        <i>-0.0275272 0.999522 0.0140664 -0.918782 -0.019755 -0.39427 -0.393803 -0.0237771 0.918887 -3.03905 2.62483 2.34627</i>
                        <i>-0.028421 0.999442 0.0175356 -0.919883 -0.0192857 -0.391719 -0.391163 -0.0272637 0.919918 -3.03945 2.62623 2.3469</i>
                        <i>-0.0291085 0.999363 0.0206299 -0.920846 -0.0187816 -0.389473 -0.388838 -0.030334 0.920807 -3.0398 2.62751 2.34743</i>
                        <i>-0.0295964 0.999291 0.0232554 -0.921663 -0.018278 -0.38756 -0.386861 -0.0329041 0.921551 -3.04007 2.62862 2.34784</i>
                        <i>-0.0298938 0.999232 0.0253197 -0.922323 -0.0178117 -0.38601 -0.385262 -0.0348922 0.922147 -3.04025 2.62952 2.3481</i>
                        <i>-0.0300101 0.999192 0.0267319 -0.922814 -0.01742 -0.384851 -0.384074 -0.0362179 0.922592 -3.04035 2.63015 2.3482</i>
                        <i>-0.029943 0.999177 0.0273774 -0.923128 -0.0171393 -0.384112 -0.383326 -0.0367743 0.922881 -3.04034 2.63047 2.34809</i>
                        <i>-0.0297126 0.999188 0.0272036 -0.92325 -0.0170046 -0.383823 -0.383049 -0.0365202 0.923006 -3.04022 2.63045 2.34778</i>
                        <i>-0.0293069 0.999224 0.0263037 -0.923138 -0.0169644 -0.384094 -0.38335 -0.0355386 0.922919 -3.04 2.63003 2.34729</i>
                        <i>-0.0287065 0.999279 0.0248343 -0.922768 -0.0169409 -0.384982 -0.384284 -0.0339678 0.92259 -3.03969 2.62925 2.34666</i>
                        <i>-0.0279371 0.999347 0.0228947 -0.922157 -0.0169259 -0.386445 -0.385806 -0.0319087 0.922028 -3.03931 2.62816 2.34593</i>
                        <i>-0.027021 0.999423 0.0205852 -0.921319 -0.0169086 -0.38844 -0.387868 -0.0294615 0.921244 -3.03886 2.62682 2.34511</i>
                        <i>-0.0259781 0.9995 0.0180059 -0.920268 -0.0168763 -0.390923 -0.390424 -0.0267257 0.920247 -3.03835 2.62527 2.34425</i>
                        <i>-0.0248275 0.999575 0.0152572 -0.91902 -0.016815 -0.393853 -0.393429 -0.0238001 0.919047 -3.03781 2.62358 2.34337</i>
                        <i>-0.0235883 0.999644 0.012439 -0.917586 -0.0167097 -0.397185 -0.396836 -0.0207828 0.917654 -3.03724 2.62181 2.34251</i>
                        <i>-0.0222804 0.999705 0.00965065 -0.915982 -0.0165446 -0.400879 -0.400601 -0.0177716 0.91608 -3.03666 2.62001 2.34168</i>
                        <i>-0.020926 0.999757 0.00699105 -0.914219 -0.0163043 -0.404891 -0.404679 -0.0148641 0.914338 -3.03609 2.61824 2.34093</i>
                        <i>-0.0195499 0.999798 0.00455837 -0.912313 -0.0159737 -0.409181 -0.409026 -0.0121581 0.912442 -3.03554 2.61657 2.34028</i>
                        <i>-0.0181806 0.999832 0.00245011 -0.910278 -0.0155384 -0.413706 -0.413598 -0.00975169 0.910407 -3.03501 2.61504 2.33975</i>
                        <i>-0.0168509 0.999858 0.000763116 -0.908129 -0.0149856 -0.418423 -0.418352 -0.0077438 0.908252 -3.03455 2.61373 2.33938</i>
                        <i>-0.0155987 0.999878 -0.000406255 -0.905881 -0.0143043 -0.42329 -0.423244 -0.00623476 0.905994 -3.03415 2.6127 2.33918</i>
                        <i>-0.0144679 0.999895 -0.000962088 -0.903554 -0.013486 -0.428262 -0.42823 -0.00532675 0.903654 -3.03384 2.612 2.33919</i>
                        <i>-0.0134468 0.999909 -0.000936237 -0.901169 -0.0125247 -0.433286 -0.433259 -0.00498262 0.901256 -3.0336 2.61166 2.33936</i>
                        <i>-0.0125183 0.999921 -0.000657372 -0.898753 -0.0115399 -0.438304 -0.438277 -0.00489601 0.898826 -3.0334 2.61168 2.33962</i>
                        <i>-0.0116855 0.999932 -0.000373443 -0.896327 -0.0106403 -0.443265 -0.443239 -0.00484506 0.89639 -3.03324 2.61202 2.33994</i>
                        <i>-0.0109231 0.99994 -9.25401e-005 -0.893918 -0.00980638 -0.448124 -0.448098 -0.00481217 0.893971 -3.03312 2.61263 2.34032</i>
                        <i>-0.0102062 0.999948 0.0001784 -0.891548 -0.00901897 -0.452837 -0.452811 -0.00478078 0.891593 -3.03303 2.61347 2.34075</i>
                        <i>-0.00951147 0.999955 0.000433599 -0.889244 -0.00826008 -0.457359 -0.457335 -0.00473574 0.889282 -3.03297 2.61447 2.3412</i>
                        <i>-0.00881745 0.999961 0.000668279 -0.887031 -0.00751313 -0.461649 -0.461626 -0.00466335 0.887062 -3.03295 2.61559 2.34168</i>
                        <i>-0.00810501 0.999967 0.00087844 -0.884936 -0.00676358 -0.465664 -0.465642 -0.00455157 0.884961 -3.03294 2.61677 2.34215</i>
                        <i>-0.00735796 0.999972 0.00106052 -0.882986 -0.00599937 -0.46936 -0.469341 -0.00438996 0.883006 -3.03295 2.61797 2.34262</i>
                        <i>-0.00656347 0.999978 0.00121092 -0.881209 -0.0052115 -0.472698 -0.472681 -0.00416961 0.881224 -3.03298 2.61914 2.34307</i>
                        <i>-0.00571254 0.999983 0.00132551 -0.879632 -0.00439455 -0.475634 -0.47562 -0.00388304 0.879642 -3.03302 2.62023 2.34348</i>
                        <i>-0.00480032 0.999987 0.00139897 -0.878283 -0.0035472 -0.478128 -0.478117 -0.00352386 0.878289 -3.03306 2.62118 2.34385</i>
                        <i>-0.00382645 0.999992 0.00142411 -0.877189 -0.00267277 -0.480138 -0.480131 -0.00308644 0.877192 -3.0331 2.62194 2.34416</i>
                        <i>-0.00279528 0.999995 0.00139111 -0.876376 -0.00177973 -0.481625 -0.48162 -0.00256542 0.876376 -3.03314 2.62247 2.34439</i>
                        <i>-0.00171604 0.999998 0.00128672 -0.87587 -0.000882129 -0.482547 -0.482545 -0.00195507 0.875869 -3.03316 2.62272 2.34454</i>
                        <i>-0.000602892 0.999999 0.00109337 -0.875696 -2.22045e-016 -0.482863 -0.482863 -0.00124858 0.875695 -3.03317 2.62263 2.34459</i>
                    </KeyFrames>
                </p>
            </i>
            <i>
                <p>
                    <Name><![CDATA[spine1]]></Name>
                    <Exclude>0</Exclude>
                    <Additive>0</Additive>
                    <IKPriority>0</IKPriority>
                    <IKRotLimits>-1e+010 -1e+010 -1e+010 1e+010 1e+010 1e+010</IKRotLimits>
                    <IKRotLimitOrder>0</IKRotLimitOrder>
                    <KeyFrames count="91">
                        <i>-0.0283611 0.998274 0.0514342 -0.875696 -2.22045e-016 -0.482863 -0.482029 -0.0587352 0.874184 -3.03328 2.7938 2.34478</i>
                        <i>-0.0273741 0.998385 0.0497727 -0.865672 0.00122176 -0.500611 -0.499863 -0.0567906 0.864241 -3.03298 2.79287 2.34448</i>
                        <i>-0.0270674 0.998409 0.0494614 -0.855794 0.00242668 -0.517311 -0.516608 -0.056331 0.854367 -3.03244 2.79174 2.34376</i>
                        <i>-0.0272681 0.998366 0.0502126 -0.846122 0.00369604 -0.532977 -0.532292 -0.0570192 0.844639 -3.03172 2.79048 2.34272</i>
                        <i>-0.0278127 0.998274 0.0517334 -0.836711 0.00506788 -0.547622 -0.546938 -0.0585167 0.835125 -3.03087 2.78917 2.34147</i>
                        <i>-0.0285468 0.998147 0.0537281 -0.827617 0.00654143 -0.561255 -0.560566 -0.0604884 0.825897 -3.02995 2.78788 2.34013</i>
                        <i>-0.0293254 0.998006 0.0559005 -0.818897 0.00808197 -0.573883 -0.57319 -0.0626061 0.817027 -3.02902 2.7867 2.33878</i>
                        <i>-0.0300117 0.997868 0.0579548 -0.810608 0.00962586 -0.58551 -0.584819 -0.0645508 0.808591 -3.02814 2.7857 2.33755</i>
                        <i>-0.0304759 0.997757 0.0595958 -0.802808 0.0110856 -0.596134 -0.595458 -0.0660117 0.80067 -3.02737 2.78497 2.33651</i>
                        <i>-0.0305932 0.997698 0.0605278 -0.795556 0.0123548 -0.605754 -0.605107 -0.0666852 0.793346 -3.02678 2.78459 2.33578</i>
                        <i>-0.030241 0.997713 0.0604524 -0.78891 0.0133128 -0.614365 -0.613765 -0.0662705 0.786703 -3.02642 2.78465 2.33545</i>
                        <i>-0.029612 0.997781 0.0596339 -0.782913 0.0139381 -0.621975 -0.621426 -0.065106 0.780763 -3.02629 2.78513 2.33548</i>
                        <i>-0.0291418 0.997848 0.0587333 -0.777597 0.0142899 -0.6286 -0.628087 -0.0639894 0.775508 -3.02633 2.78591 2.33574</i>
                        <i>-0.0289702 0.997902 0.057903 -0.772995 0.0143612 -0.63425 -0.63375 -0.063133 0.770957 -3.02654 2.78695 2.33621</i>
                        <i>-0.0291573 0.997938 0.0571837 -0.769133 0.0141398 -0.638932 -0.638423 -0.0626114 0.767135 -3.02693 2.7882 2.33689</i>
                        <i>-0.0297107 0.997956 0.0565817 -0.766036 0.0136307 -0.642653 -0.64211 -0.0624373 0.764066 -3.02748 2.7896 2.33773</i>
                        <i>-0.0305753 0.997959 0.0560649 -0.763728 0.0128599 -0.64541 -0.644814 -0.062552 0.761776 -3.02817 2.79111 2.33869</i>
                        <i>-0.0316885 0.99795 0.0556099 -0.762227 0.0118613 -0.647202 -0.646534 -0.0628961 0.760288 -3.02895 2.79266 2.33973</i>
                        <i>-0.0329815 0.99793 0.0552002 -0.761549 0.0106759 -0.64802 -0.647268 -0.0634103 0.75962 -3.02978 2.79421 2.3408</i>
                        <i>-0.0343813 0.997904 0.0548255 -0.761705 0.00935029 -0.647857 -0.647012 -0.0640351 0.759786 -3.03064 2.79571 2.34186</i>
                        <i>-0.0358121 0.997872 0.0544797 -0.762702 0.00793506 -0.646701 -0.645758 -0.0647115 0.760795 -3.03148 2.79712 2.34286</i>
                        <i>-0.0371967 0.997839 0.0541589 -0.764543 0.00648311 -0.64454 -0.643498 -0.0653816 0.76265 -3.03226 2.79838 2.34377</i>
                        <i>-0.0384586 0.997808 0.0538593 -0.767226 0.00504758 -0.641357 -0.640222 -0.065988 0.76535 -3.03294 2.79946 2.34454</i>
                        <i>-0.0395239 0.997781 0.0535748 -0.770745 0.0036796 -0.637133 -0.635916 -0.0664745 0.76889 -3.03349 2.80029 2.34513</i>
                        <i>-0.040323 0.997764 0.053295 -0.77509 0.00242573 -0.631846 -0.630563 -0.0667864 0.77326 -3.03387 2.80084 2.34549</i>
                        <i>-0.0407933 0.997761 0.0530022 -0.780248 0.00132538 -0.625469 -0.624139 -0.0668698 0.778446 -3.03405 2.80106 2.34557</i>
                        <i>-0.0410611 0.997758 0.0528477 -0.786198 0.000377213 -0.617974 -0.616608 -0.0669235 0.78442 -3.03406 2.80097 2.34539</i>
                        <i>-0.0412964 0.997742 0.05297 -0.792879 -0.000465341 -0.609379 -0.607978 -0.067164 0.791108 -3.03398 2.80065 2.34501</i>
                        <i>-0.0415089 0.997714 0.0533242 -0.800204 -0.00123853 -0.599726 -0.59829 -0.0675642 0.798426 -3.03383 2.80013 2.34447</i>
                        <i>-0.0417078 0.997677 0.0538655 -0.808087 -0.00197813 -0.58906 -0.587585 -0.0680964 0.806292 -3.03364 2.79943 2.34377</i>
                        <i>-0.0419015 0.997631 0.05455 -0.81644 -0.00271806 -0.577424 -0.575908 -0.0687317 0.81462 -3.03341 2.79859 2.34296</i>
                        <i>-0.0420975 0.99758 0.0553356 -0.825176 -0.00348914 -0.564865 -0.563305 -0.069441 0.823326 -3.03317 2.79762 2.34207</i>
                        <i>-0.0423013 0.997524 0.0561824 -0.834209 -0.00431805 -0.551432 -0.549824 -0.0701942 0.832326 -3.03295 2.79655 2.34111</i>
                        <i>-0.0425169 0.997465 0.0570535 -0.843453 -0.00522641 -0.537177 -0.535518 -0.070961 0.841537 -3.03275 2.79541 2.34012</i>
                        <i>-0.0427454 0.997406 0.0579147 -0.852827 -0.00623008 -0.522157 -0.520441 -0.071711 0.850881 -3.0326 2.79424 2.33914</i>
                        <i>-0.0429855 0.997348 0.0587351 -0.862251 -0.0073386 -0.506429 -0.504655 -0.0724135 0.860279 -3.0325 2.79305 2.33818</i>
                        <i>-0.0432325 0.997292 0.0594868 -0.871648 -0.00855476 -0.490058 -0.488222 -0.073038 0.869658 -3.03249 2.79187 2.33729</i>
                        <i>-0.0434783 0.997242 0.0601445 -0.880948 -0.00987434 -0.473111 -0.471212 -0.0735543 0.878948 -3.03256 2.79074 2.3365</i>
                        <i>-0.043711 0.997199 0.0606854 -0.890082 -0.011286 -0.455661 -0.4537 -0.0739324 0.888083 -3.03274 2.78968 2.33584</i>
                        <i>-0.0439143 0.997166 0.0610884 -0.89899 -0.0127712 -0.437783 -0.435763 -0.0741428 0.897003 -3.03301 2.78872 2.33535</i>
                        <i>-0.044068 0.997144 0.0613338 -0.907615 -0.0143044 -0.41956 -0.417485 -0.0741566 0.905653 -3.03341 2.78788 2.33505</i>
                        <i>-0.0440754 0.997148 0.0612693 -0.915907 -0.0158404 -0.401078 -0.398964 -0.0737947 0.913992 -3.03394 2.78721 2.33503</i>
                        <i>-0.0438632 0.997186 0.0607992 -0.923822 -0.0173191 -0.382429 -0.3803 -0.0729423 0.921982 -3.03459 2.78672 2.3353</i>
                        <i>-0.0434432 0.997253 0.0599857 -0.931326 -0.0186939 -0.363707 -0.361587 -0.0716668 0.92958 -3.03535 2.78644 2.33584</i>
                        <i>-0.0428283 0.997345 0.0588878 -0.938389 -0.0199259 -0.345005 -0.342916 -0.0700357 0.936752 -3.03619 2.78639 2.33663</i>
                        <i>-0.0420333 0.997457 0.0575624 -0.944992 -0.020985 -0.326419 -0.324381 -0.0681165 0.943471 -3.03708 2.78662 2.33761</i>
                        <i>-0.0410755 0.997582 0.0560643 -0.95112 -0.0218502 -0.308046 -0.306076 -0.0659771 0.949718 -3.038 2.78714 2.33877</i>
                        <i>-0.0399754 0.997716 0.0544475 -0.956767 -0.0225098 -0.289981 -0.288094 -0.0636857 0.955482 -3.03893 2.7879 2.34007</i>
                        <i>-0.0387567 0.997855 0.0527654 -0.961932 -0.0229614 -0.272322 -0.270526 -0.0613111 0.960758 -3.03985 2.78887 2.34147</i>
                        <i>-0.0374472 0.997993 0.0510716 -0.966619 -0.0232121 -0.255164 -0.253467 -0.058922 0.965548 -3.04074 2.78998 2.34293</i>
                        <i>-0.0360784 0.998126 0.0494201 -0.970838 -0.023278 -0.238605 -0.237008 -0.0565874 0.969858 -3.04159 2.79121 2.34442</i>
                        <i>-0.0346864 0.998251 0.0478658 -0.974602 -0.0231843 -0.22274 -0.221241 -0.0543762 0.973702 -3.04238 2.79251 2.3459</i>
                        <i>-0.0333109 0.998364 0.0464651 -0.97793 -0.022964 -0.207667 -0.20626 -0.0523572 0.977095 -3.0431 2.79383 2.34733</i>
                        <i>-0.0319957 0.998462 0.0452753 -0.980842 -0.0226577 -0.193481 -0.192157 -0.0505985 0.980059 -3.04374 2.79514 2.34867</i>
                        <i>-0.0307881 0.998541 0.0443553 -0.983363 -0.0223121 -0.180278 -0.179025 -0.0491678 0.982615 -3.0443 2.79639 2.34989</i>
                        <i>-0.0297382 0.998599 0.0437651 -0.985516 -0.0219789 -0.168155 -0.166957 -0.0481318 0.984789 -3.04475 2.79754 2.35095</i>
                        <i>-0.0288988 0.998632 0.0435654 -0.987327 -0.0217135 -0.157206 -0.156045 -0.0475563 0.986604 -3.0451 2.79855 2.3518</i>
                        <i>-0.0283245 0.998638 0.0438172 -0.988823 -0.0215732 -0.147525 -0.146379 -0.047506 0.988087 -3.04534 2.79937 2.35241</i>
                        <i>-0.0280708 0.998611 0.0445813 -0.990028 -0.0216149 -0.139205 -0.138048 -0.0480443 0.98926 -3.04545 2.79997 2.35275</i>
                        <i>-0.0282248 0.998543 0.0459931 -0.990963 -0.0219152 -0.132334 -0.131133 -0.0493126 0.990138 -3.04543 2.8003 2.35275</i>
                        <i>-0.0287978 0.998432 0.0480043 -0.991647 -0.0224959 -0.127001 -0.125722 -0.0512607 0.99074 -3.04528 2.80032 2.35241</i>
                        <i>-0.029665 0.998289 0.0503805 -0.992101 -0.0232602 -0.123269 -0.121886 -0.0536393 0.991094 -3.04499 2.79999 2.35177</i>
                        <i>-0.0307178 0.998123 0.0529773 -0.992346 -0.024112 -0.121108 -0.119603 -0.056292 0.991225 -3.04458 2.79934 2.3509</i>
                        <i>-0.0319197 0.997936 0.0557123 -0.992402 -0.0250174 -0.120466 -0.118823 -0.0591343 0.991153 -3.04407 2.7984 2.34984</i>
                        <i>-0.033232 0.997734 0.0585048 -0.992278 -0.025938 -0.121292 -0.119499 -0.0620838 0.990891 -3.04347 2.79723 2.34863</i>
                        <i>-0.0346133 0.997521 0.0612761 -0.991977 -0.0268324 -0.123534 -0.121584 -0.0650605 0.990447 -3.04279 2.79588 2.34733</i>
                        <i>-0.0360203 0.997303 0.0639505 -0.991498 -0.0276576 -0.127145 -0.125034 -0.0679866 0.98982 -3.04205 2.7944 2.34598</i>
                        <i>-0.0374077 0.997088 0.0664555 -0.990833 -0.0283701 -0.132077 -0.129807 -0.070787 0.989009 -3.04128 2.79284 2.34464</i>
                        <i>-0.0387285 0.996884 0.0687225 -0.98997 -0.0289269 -0.138285 -0.135866 -0.0733888 0.988005 -3.04048 2.79124 2.34334</i>
                        <i>-0.0399343 0.996699 0.0706866 -0.988892 -0.0292867 -0.145724 -0.143172 -0.0757208 0.986797 -3.03968 2.78967 2.34213</i>
                        <i>-0.0409755 0.996542 0.0722864 -0.987578 -0.0294109 -0.15435 -0.15169 -0.0777131 0.985368 -3.03889 2.78816 2.34106</i>
                        <i>-0.0418015 0.996421 0.0734635 -0.986006 -0.0292645 -0.16412 -0.161383 -0.0792959 0.983701 -3.03814 2.78679 2.34017</i>
                        <i>-0.042361 0.996346 0.0741619 -0.984149 -0.0288173 -0.174989 -0.172212 -0.080399 0.981773 -3.03744 2.78559 2.33951</i>
                        <i>-0.042602 0.996324 0.0743266 -0.981977 -0.028045 -0.186908 -0.184136 -0.0809497 0.979562 -3.03683 2.78463 2.33911</i>
                        <i>-0.0424719 0.996361 0.073903 -0.979461 -0.0269298 -0.199827 -0.19711 -0.0808721 0.97704 -3.03632 2.78396 2.33903</i>
                        <i>-0.0420986 0.996427 0.0732128 -0.976571 -0.0255601 -0.213671 -0.211037 -0.0804928 0.974158 -3.03591 2.78361 2.3392</i>
                        <i>-0.0416723 0.996494 0.0725522 -0.973279 -0.0240751 -0.228361 -0.225813 -0.0801298 0.97087 -3.03555 2.7836 2.3395</i>
                        <i>-0.0411965 0.996568 0.0718044 -0.969558 -0.0225121 -0.243823 -0.24137 -0.0796632 0.967158 -3.03525 2.78389 2.33988</i>
                        <i>-0.0406661 0.99665 0.0709617 -0.965387 -0.0208796 -0.259984 -0.257631 -0.079078 0.963002 -3.03499 2.78445 2.34031</i>
                        <i>-0.0400765 0.99674 0.0700163 -0.960745 -0.0191876 -0.276769 -0.274523 -0.0783597 0.958382 -3.03478 2.78522 2.34078</i>
                        <i>-0.0394232 0.99684 0.0689611 -0.955614 -0.0174468 -0.294104 -0.291972 -0.0774947 0.953282 -3.03461 2.78615 2.34128</i>
                        <i>-0.038702 0.996949 0.0677893 -0.949979 -0.0156691 -0.31192 -0.309906 -0.0764704 0.947687 -3.03446 2.78719 2.34179</i>
                        <i>-0.0379085 0.997066 0.0664954 -0.943829 -0.0138668 -0.330144 -0.328254 -0.0752755 0.941585 -3.03433 2.7883 2.3423</i>
                        <i>-0.0370387 0.997193 0.0650744 -0.937153 -0.0120527 -0.34871 -0.346946 -0.0739005 0.934969 -3.03421 2.78943 2.3428</i>
                        <i>-0.0360882 0.997328 0.063523 -0.929947 -0.0102397 -0.36755 -0.365917 -0.0723373 0.927832 -3.03411 2.79053 2.34328</i>
                        <i>-0.0350522 0.99747 0.0618387 -0.922209 -0.00844004 -0.3866 -0.3851 -0.0705794 0.920172 -3.034 2.79154 2.34371</i>
