<?xml version="1.0" encoding="ISO-8859-1" ?>
<Animl Version="1">
    <ModellingPackage><![CDATA[Maya.2010]]></ModellingPackage>
    <SrcFile><![CDATA[anims\turrets\artillery\blue\~src\artillery_m102\artillery_m102_reload_crewman_b.mb]]></SrcFile>
    <FramesPerSecond>30</FramesPerSecond>
    <TotalFrames>100</TotalFrames>
    <Skeleton>
        <RefFrame>
            <Name><![CDATA[soldier_ref_frame]]></Name>
            <Exclude>0</Exclude>
            <Additive>0</Additive>
            <IKPriority>0</IKPriority>
            <IKRotLimits>-1e+010 -1e+010 -1e+010 1e+010 1e+010 1e+010</IKRotLimits>
            <IKRotLimitOrder>0</IKRotLimitOrder>
            <KeyFrames count="100">
                <i>1 0 0 0 1 0 0 0 1 -0.72 1.59 -1.73</i>
                <i>1 0 0 0 1 0 0 0 1 -0.72 1.59 -1.73</i>
                <i>1 0 0 0 1 0 0 0 1 -0.72 1.59 -1.73</i>
                <i>1 0 0 0 1 0 0 0 1 -0.72 1.59 -1.73</i>
                <i>1 0 0 0 1 0 0 0 1 -0.72 1.59 -1.73</i>
                <i>1 0 0 0 1 0 0 0 1 -0.72 1.59 -1.73</i>
                <i>1 0 0 0 1 0 0 0 1 -0.72 1.59 -1.73</i>
                <i>1 0 0 0 1 0 0 0 1 -0.72 1.59 -1.73</i>
                <i>1 0 0 0 1 0 0 0 1 -0.72 1.59 -1.73</i>
                <i>1 0 0 0 1 0 0 0 1 -0.72 1.59 -1.73</i>
                <i>1 0 0 0 1 0 0 0 1 -0.72 1.59 -1.73</i>
                <i>1 0 0 0 1 0 0 0 1 -0.72 1.59 -1.73</i>
                <i>1 0 0 0 1 0 0 0 1 -0.72 1.59 -1.73</i>
                <i>1 0 0 0 1 0 0 0 1 -0.72 1.59 -1.73</i>
                <i>1 0 0 0 1 0 0 0 1 -0.72 1.59 -1.73</i>
                <i>1 0 0 0 1 0 0 0 1 -0.72 1.59 -1.73</i>
                <i>1 0 0 0 1 0 0 0 1 -0.72 1.59 -1.73</i>
                <i>1 0 0 0 1 0 0 0 1 -0.72 1.59 -1.73</i>
                <i>1 0 0 0 1 0 0 0 1 -0.72 1.59 -1.73</i>
                <i>1 0 0 0 1 0 0 0 1 -0.72 1.59 -1.73</i>
                <i>1 0 0 0 1 0 0 0 1 -0.72 1.59 -1.73</i>
                <i>1 0 0 0 1 0 0 0 1 -0.72 1.59 -1.73</i>
                <i>1 0 0 0 1 0 0 0 1 -0.72 1.59 -1.73</i>
                <i>1 0 0 0 1 0 0 0 1 -0.72 1.59 -1.73</i>
                <i>1 0 0 0 1 0 0 0 1 -0.72 1.59 -1.73</i>
                <i>1 0 0 0 1 0 0 0 1 -0.72 1.59 -1.73</i>
                <i>1 0 0 0 1 0 0 0 1 -0.72 1.59 -1.73</i>
                <i>1 0 0 0 1 0 0 0 1 -0.72 1.59 -1.73</i>
                <i>1 0 0 0 1 0 0 0 1 -0.72 1.59 -1.73</i>
                <i>1 0 0 0 1 0 0 0 1 -0.72 1.59 -1.73</i>
                <i>1 0 0 0 1 0 0 0 1 -0.72 1.59 -1.73</i>
                <i>1 0 0 0 1 0 0 0 1 -0.72 1.59 -1.73</i>
                <i>1 0 0 0 1 0 0 0 1 -0.72 1.59 -1.73</i>
                <i>1 0 0 0 1 0 0 0 1 -0.72 1.59 -1.73</i>
                <i>1 0 0 0 1 0 0 0 1 -0.72 1.59 -1.73</i>
                <i>1 0 0 0 1 0 0 0 1 -0.72 1.59 -1.73</i>
                <i>1 0 0 0 1 0 0 0 1 -0.72 1.59 -1.73</i>
                <i>1 0 0 0 1 0 0 0 1 -0.72 1.59 -1.73</i>
                <i>1 0 0 0 1 0 0 0 1 -0.72 1.59 -1.73</i>
                <i>1 0 0 0 1 0 0 0 1 -0.72 1.59 -1.73</i>
                <i>1 0 0 0 1 0 0 0 1 -0.72 1.59 -1.73</i>
                <i>1 0 0 0 1 0 0 0 1 -0.72 1.59 -1.73</i>
                <i>1 0 0 0 1 0 0 0 1 -0.72 1.59 -1.73</i>
                <i>1 0 0 0 1 0 0 0 1 -0.72 1.59 -1.73</i>
                <i>1 0 0 0 1 0 0 0 1 -0.72 1.59 -1.73</i>
                <i>1 0 0 0 1 0 0 0 1 -0.72 1.59 -1.73</i>
                <i>1 0 0 0 1 0 0 0 1 -0.72 1.59 -1.73</i>
                <i>1 0 0 0 1 0 0 0 1 -0.72 1.59 -1.73</i>
                <i>1 0 0 0 1 0 0 0 1 -0.72 1.59 -1.73</i>
                <i>1 0 0 0 1 0 0 0 1 -0.72 1.59 -1.73</i>
                <i>1 0 0 0 1 0 0 0 1 -0.72 1.59 -1.73</i>
                <i>1 0 0 0 1 0 0 0 1 -0.72 1.59 -1.73</i>
                <i>1 0 0 0 1 0 0 0 1 -0.72 1.59 -1.73</i>
                <i>1 0 0 0 1 0 0 0 1 -0.72 1.59 -1.73</i>
                <i>1 0 0 0 1 0 0 0 1 -0.72 1.59 -1.73</i>
                <i>1 0 0 0 1 0 0 0 1 -0.72 1.59 -1.73</i>
                <i>1 0 0 0 1 0 0 0 1 -0.72 1.59 -1.73</i>
                <i>1 0 0 0 1 0 0 0 1 -0.72 1.59 -1.73</i>
                <i>1 0 0 0 1 0 0 0 1 -0.72 1.59 -1.73</i>
                <i>1 0 0 0 1 0 0 0 1 -0.72 1.59 -1.73</i>
                <i>1 0 0 0 1 0 0 0 1 -0.72 1.59 -1.73</i>
                <i>1 0 0 0 1 0 0 0 1 -0.72 1.59 -1.73</i>
                <i>1 0 0 0 1 0 0 0 1 -0.72 1.59 -1.73</i>
                <i>1 0 0 0 1 0 0 0 1 -0.72 1.59 -1.73</i>
                <i>1 0 0 0 1 0 0 0 1 -0.72 1.59 -1.73</i>
                <i>1 0 0 0 1 0 0 0 1 -0.72 1.59 -1.73</i>
                <i>1 0 0 0 1 0 0 0 1 -0.72 1.59 -1.73</i>
                <i>1 0 0 0 1 0 0 0 1 -0.72 1.59 -1.73</i>
                <i>1 0 0 0 1 0 0 0 1 -0.72 1.59 -1.73</i>
                <i>1 0 0 0 1 0 0 0 1 -0.72 1.59 -1.73</i>
                <i>1 0 0 0 1 0 0 0 1 -0.72 1.59 -1.73</i>
                <i>1 0 0 0 1 0 0 0 1 -0.72 1.59 -1.73</i>
                <i>1 0 0 0 1 0 0 0 1 -0.72 1.59 -1.73</i>
                <i>1 0 0 0 1 0 0 0 1 -0.72 1.59 -1.73</i>
                <i>1 0 0 0 1 0 0 0 1 -0.72 1.59 -1.73</i>
                <i>1 0 0 0 1 0 0 0 1 -0.72 1.59 -1.73</i>
                <i>1 0 0 0 1 0 0 0 1 -0.72 1.59 -1.73</i>
                <i>1 0 0 0 1 0 0 0 1 -0.72 1.59 -1.73</i>
                <i>1 0 0 0 1 0 0 0 1 -0.72 1.59 -1.73</i>
                <i>1 0 0 0 1 0 0 0 1 -0.72 1.59 -1.73</i>
                <i>1 0 0 0 1 0 0 0 1 -0.72 1.59 -1.73</i>
                <i>1 0 0 0 1 0 0 0 1 -0.72 1.59 -1.73</i>
                <i>1 0 0 0 1 0 0 0 1 -0.72 1.59 -1.73</i>
                <i>1 0 0 0 1 0 0 0 1 -0.72 1.59 -1.73</i>
                <i>1 0 0 0 1 0 0 0 1 -0.72 1.59 -1.73</i>
                <i>1 0 0 0 1 0 0 0 1 -0.72 1.59 -1.73</i>
                <i>1 0 0 0 1 0 0 0 1 -0.72 1.59 -1.73</i>
                <i>1 0 0 0 1 0 0 0 1 -0.72 1.59 -1.73</i>
                <i>1 0 0 0 1 0 0 0 1 -0.72 1.59 -1.73</i>
                <i>1 0 0 0 1 0 0 0 1 -0.72 1.59 -1.73</i>
                <i>1 0 0 0 1 0 0 0 1 -0.72 1.59 -1.73</i>
                <i>1 0 0 0 1 0 0 0 1 -0.72 1.59 -1.73</i>
                <i>1 0 0 0 1 0 0 0 1 -0.72 1.59 -1.73</i>
                <i>1 0 0 0 1 0 0 0 1 -0.72 1.59 -1.73</i>
                <i>1 0 0 0 1 0 0 0 1 -0.72 1.59 -1.73</i>
                <i>1 0 0 0 1 0 0 0 1 -0.72 1.59 -1.73</i>
                <i>1 0 0 0 1 0 0 0 1 -0.72 1.59 -1.73</i>
                <i>1 0 0 0 1 0 0 0 1 -0.72 1.59 -1.73</i>
                <i>1 0 0 0 1 0 0 0 1 -0.72 1.59 -1.73</i>
                <i>1 0 0 0 1 0 0 0 1 -0.72 1.59 -1.73</i>
            </KeyFrames>
        </RefFrame>
        <Bones count="23">
            <i>
                <p>
                    <Name><![CDATA[pelvis]]></Name>
                    <Exclude>0</Exclude>
                    <Additive>0</Additive>
                    <IKPriority>0</IKPriority>
                    <IKRotLimits>-1e+010 -1e+010 -1e+010 1e+010 1e+010 1e+010</IKRotLimits>
                    <IKRotLimitOrder>2</IKRotLimitOrder>
                    <KeyFrames count="100">
                        <i>1 0 0 0 1 0 0 0 1 -1.31388 2.81402 -1.4542</i>
                        <i>1 0 0 0 1 0 0 0 1 -1.31337 2.79809 -1.45294</i>
                        <i>1 0 0 0 1 0 0 0 1 -1.31251 2.7661 -1.45084</i>
                        <i>1 0 0 0 1 0 0 0 1 -1.31234 2.74176 -1.45042</i>
                        <i>1 0 0 0 1 0 0 0 1 -1.31388 2.74878 -1.4542</i>
                        <i>1 0 0 0 1 0 0 0 1 -1.30178 2.81362 -1.51519</i>
                        <i>1 0 0 0 1 0 0 0 1 -1.25963 2.91979 -1.66308</i>
                        <i>1 0 0 0 1 0 0 0 1 -1.18596 3.02688 -1.86067</i>
                        <i>1 0 0 0 1 0 0 0 1 -1.08471 3.09669 -2.06577</i>
                        <i>1 0 0 0 1 0 0 0 1 -0.970709 3.09298 -2.23779</i>
                        <i>1 0 0 0 1 0 0 0 1 -0.854121 2.98064 -2.34655</i>
                        <i>1 0 0 0 1 0 0 0 1 -0.746095 2.78357 -2.39221</i>
                        <i>1 0 0 0 1 0 0 0 1 -0.661819 2.55427 -2.39362</i>
                        <i>1 0 0 0 1 0 0 0 1 -0.603938 2.34722 -2.36929</i>
                        <i>1 0 0 0 1 0 0 0 1 -0.568066 2.21943 -2.33136</i>
                        <i>1 0 0 0 1 0 0 0 1 -0.545323 2.19315 -2.30386</i>
                        <i>1 0 0 0 1 0 0 0 1 -0.529581 2.23097 -2.29773</i>
                        <i>1 0 0 0 1 0 0 0 1 -0.519914 2.30127 -2.3016</i>
                        <i>1 0 0 0 1 0 0 0 1 -0.515395 2.37243 -2.30413</i>
                        <i>1 0 0 0 1 0 0 0 1 -0.515097 2.41283 -2.29397</i>
                        <i>1 0 0 0 1 0 0 0 1 -0.478426 2.41382 -2.21015</i>
                        <i>1 0 0 0 1 0 0 0 1 -0.399989 2.40117 -2.09268</i>
                        <i>1 0 0 0 1 0 0 0 1 -0.280162 2.39518 -2.05573</i>
                        <i>1 0 0 0 1 0 0 0 1 -0.118498 2.39591 -2.09003</i>
                        <i>1 0 0 0 1 0 0 0 1 -0.0261192 2.39331 -2.11751</i>
                        <i>1 0 0 0 1 0 0 0 1 -0.00690364 2.38985 -2.12123</i>
                        <i>1 0 0 0 1 0 0 0 1 0.036294 2.38819 -2.1217</i>
                        <i>1 0 0 0 1 0 0 0 1 0.0897844 2.38707 -2.1203</i>
                        <i>1 0 0 0 1 0 0 0 1 0.139878 2.38524 -2.11844</i>
                        <i>1 0 0 0 1 0 0 0 1 0.172885 2.38142 -2.11751</i>
                        <i>1 0 0 0 1 0 0 0 1 0.185895 2.37452 -2.1211</i>
                        <i>1 0 0 0 1 0 0 0 1 0.188035 2.36535 -2.12828</i>
                        <i>1 0 0 0 1 0 0 0 1 0.18367 2.35561 -2.13367</i>
                        <i>1 0 0 0 1 0 0 0 1 0.177165 2.34695 -2.13187</i>
                        <i>1 0 0 0 1 0 0 0 1 0.172885 2.34106 -2.11751</i>
                        <i>1 0 0 0 1 0 0 0 1 0.170281 2.33732 -2.04577</i>
                        <i>1 0 0 0 1 0 0 0 1 0.166443 2.33462 -1.90593</i>
                        <i>1 0 0 0 1 0 0 0 1 0.162194 2.33388 -1.74373</i>
                        <i>1 0 0 0 1 0 0 0 1 0.158357 2.33599 -1.60491</i>
                        <i>1 0 0 0 1 0 0 0 1 0.155753 2.34187 -1.53522</i>
                        <i>1 0 0 0 1 0 0 0 1 0.158211 2.35473 -1.52268</i>
                        <i>1 0 0 0 1 0 0 0 1 0.165184 2.37397 -1.52248</i>
                        <i>1 0 0 0 1 0 0 0 1 0.170928 2.39476 -1.53111</i>
                        <i>1 0 0 0 1 0 0 0 1 0.169698 2.41228 -1.54506</i>
                        <i>1 0 0 0 1 0 0 0 1 0.155753 2.42171 -1.56082</i>
                        <i>1 0 0 0 1 0 0 0 1 0.122803 2.42092 -1.5819</i>
                        <i>1 0 0 0 1 0 0 0 1 0.0746777 2.41312 -1.61062</i>
                        <i>1 0 0 0 1 0 0 0 1 0.0208093 2.40151 -1.64174</i>
                        <i>1 0 0 0 1 0 0 0 1 -0.0293705 2.38928 -1.67002</i>
                        <i>1 0 0 0 1 0 0 0 1 -0.0664299 2.37963 -1.69019</i>
                        <i>1 0 0 0 1 0 0 0 1 -0.0879888 2.37147 -1.69998</i>
                        <i>1 0 0 0 1 0 0 0 1 -0.0985661 2.36321 -1.70192</i>
                        <i>1 0 0 0 1 0 0 0 1 -0.0990789 2.35726 -1.69799</i>
                        <i>1 0 0 0 1 0 0 0 1 -0.0904444 2.35608 -1.69019</i>
                        <i>1 0 0 0 1 0 0 0 1 -0.0928192 2.36098 -1.67423</i>
                        <i>1 0 0 0 1 0 0 0 1 -0.119339 2.37004 -1.64777</i>
                        <i>1 0 0 0 1 0 0 0 1 -0.159868 2.38079 -1.61617</i>
                        <i>1 0 0 0 1 0 0 0 1 -0.20358 2.39067 -1.58558</i>
                        <i>1 0 0 0 1 0 0 0 1 -0.239743 2.39711 -1.56298</i>
                        <i>1 0 0 0 1 0 0 0 1 -0.259465 2.39748 -1.55593</i>
                        <i>1 0 0 0 1 0 0 0 1 -0.276776 2.37749 -1.57596</i>
                        <i>1 0 0 0 1 0 0 0 1 -0.311971 2.33856 -1.62208</i>
                        <i>1 0 0 0 1 0 0 0 1 -0.366487 2.30167 -1.68264</i>
                        <i>1 0 0 0 1 0 0 0 1 -0.438082 2.28783 -1.74703</i>
                        <i>1 0 0 0 1 0 0 0 1 -0.52055 2.31823 -1.80747</i>
                        <i>1 0 0 0 1 0 0 0 1 -0.617616 2.41513 -1.87569</i>
                        <i>1 0 0 0 1 0 0 0 1 -0.741785 2.56285 -1.95034</i>
                        <i>1 0 0 0 1 0 0 0 1 -0.889176 2.72598 -2.00738</i>
                        <i>1 0 0 0 1 0 0 0 1 -1.04489 2.86919 -2.02672</i>
                        <i>1 0 0 0 1 0 0 0 1 -1.18466 2.95698 -1.99655</i>
                        <i>1 0 0 0 1 0 0 0 1 -1.28544 2.97759 -1.92453</i>
                        <i>1 0 0 0 1 0 0 0 1 -1.34583 2.95456 -1.83467</i>
                        <i>1 0 0 0 1 0 0 0 1 -1.37386 2.90519 -1.74399</i>
                        <i>1 0 0 0 1 0 0 0 1 -1.38226 2.8469 -1.66279</i>
                        <i>1 0 0 0 1 0 0 0 1 -1.38592 2.79717 -1.5943</i>
                        <i>1 0 0 0 1 0 0 0 1 -1.3819 2.77654 -1.53883</i>
                        <i>1 0 0 0 1 0 0 0 1 -1.3638 2.78482 -1.49848</i>
                        <i>1 0 0 0 1 0 0 0 1 -1.341 2.80816 -1.47241</i>
                        <i>1 0 0 0 1 0 0 0 1 -1.32185 2.83254 -1.45844</i>
                        <i>1 0 0 0 1 0 0 0 1 -1.31388 2.84382 -1.4542</i>
                        <i>1 0 0 0 1 0 0 0 1 -1.31388 2.84072 -1.4542</i>
                        <i>1 0 0 0 1 0 0 0 1 -1.31388 2.83333 -1.4542</i>
                        <i>1 0 0 0 1 0 0 0 1 -1.31388 2.82451 -1.4542</i>
                        <i>1 0 0 0 1 0 0 0 1 -1.31388 2.81712 -1.4542</i>
                        <i>1 0 0 0 1 0 0 0 1 -1.31388 2.81402 -1.4542</i>
                        <i>1 0 0 0 1 0 0 0 1 -1.31388 2.81402 -1.4542</i>
                        <i>1 0 0 0 1 0 0 0 1 -1.31388 2.81402 -1.4542</i>
                        <i>1 0 0 0 1 0 0 0 1 -1.31388 2.81402 -1.4542</i>
                        <i>1 0 0 0 1 0 0 0 1 -1.31388 2.81402 -1.4542</i>
                        <i>1 0 0 0 1 0 0 0 1 -1.31388 2.81402 -1.4542</i>
                        <i>1 0 0 0 1 0 0 0 1 -1.31388 2.81402 -1.4542</i>
                        <i>1 0 0 0 1 0 0 0 1 -1.31388 2.81402 -1.4542</i>
                        <i>1 0 0 0 1 0 0 0 1 -1.31388 2.81402 -1.4542</i>
                        <i>1 0 0 0 1 0 0 0 1 -1.31388 2.81402 -1.4542</i>
                        <i>1 0 0 0 1 0 0 0 1 -1.31388 2.81402 -1.4542</i>
                        <i>1 0 0 0 1 0 0 0 1 -1.31388 2.81402 -1.4542</i>
                        <i>1 0 0 0 1 0 0 0 1 -1.31388 2.81402 -1.4542</i>
                        <i>1 0 0 0 1 0 0 0 1 -1.31388 2.81402 -1.4542</i>
                        <i>1 0 0 0 1 0 0 0 1 -1.31388 2.81402 -1.4542</i>
                        <i>1 0 0 0 1 0 0 0 1 -1.31388 2.81402 -1.4542</i>
                    </KeyFrames>
                </p>
            </i>
            <i>
                <p>
                    <Name><![CDATA[spine0]]></Name>
                    <Exclude>0</Exclude>
                    <Additive>0</Additive>
                    <IKPriority>0</IKPriority>
                    <IKRotLimits>-1e+010 -1e+010 -1e+010 1e+010 1e+010 1e+010</IKRotLimits>
                    <IKRotLimitOrder>0</IKRotLimitOrder>
                    <KeyFrames count="100">
                        <i>-0.155842 0.983755 0.0891025 0.37047 -0.0254093 0.928497 0.915678 0.177709 -0.360492 -1.4056 2.91764 -1.41486</i>
                        <i>-0.155842 0.983755 0.0891025 0.37047 -0.0254093 0.928497 0.915678 0.177709 -0.360492 -1.40508 2.9017 -1.4136</i>
                        <i>-0.155842 0.983755 0.0891025 0.37047 -0.0254093 0.928497 0.915678 0.177709 -0.360492 -1.40423 2.86971 -1.4115</i>
                        <i>-0.155842 0.983755 0.0891025 0.37047 -0.0254093 0.928497 0.915678 0.177709 -0.360492 -1.40406 2.84537 -1.41108</i>
                        <i>-0.155842 0.983755 0.0891025 0.37047 -0.0254093 0.928497 0.915678 0.177709 -0.360492 -1.4056 2.8524 -1.41486</i>
                        <i>-0.132549 0.989536 0.0569954 0.393284 -0.000276059 0.919417 0.909812 0.144283 -0.389132 -1.39064 2.91999 -1.47663</i>
                        <i>-0.0792191 0.996616 -0.0219418 0.439959 0.0547058 0.89635 0.894517 0.0613545 -0.442803 -1.34161 3.03285 -1.62855</i>
                        <i>-0.0215674 0.9936 -0.110874 0.477672 0.107664 0.871916 0.878273 -0.0341566 -0.476937 -1.25961 3.14774 -1.8349</i>
                        <i>0.00734981 0.98674 -0.162143 0.472531 0.139474 0.870207 0.881283 -0.0830135 -0.465241 -1.15139 3.2234 -2.0519</i>
                        <i>-0.000211896 0.986916 -0.161236 0.387448 0.148723 0.909816 0.921891 -0.0622778 -0.38241 -1.03502 3.22165 -2.2358</i>
                        <i>-0.0189812 0.990663 -0.135009 0.192808 0.136125 0.971748 0.981053 -0.00758573 -0.193591 -0.918775 3.10868 -2.35763</i>
                        <i>-0.0149618 0.993838 -0.109832 -0.0809299 0.10828 0.990821 0.996607 0.0237131 0.0788112 -0.807532 2.91108 -2.41798</i>
                        <i>0.0396977 0.996396 -0.0749565 -0.366667 0.0843087 0.926524 0.929505 -0.00929684 0.368693 -0.715438 2.68206 -2.43225</i>
                        <i>0.121239 0.992613 -0.00459055 -0.593447 0.0761897 0.801259 0.795689 -0.0944192 0.598301 -0.647479 2.47587 -2.41672</i>
                        <i>0.157052 0.986147 0.0533749 -0.722123 0.0778003 0.687376 0.673701 -0.146497 0.724338 -0.603609 2.34843 -2.3842</i>
                        <i>0.144472 0.988244 0.050008 -0.775199 0.0816284 0.626421 0.614975 -0.129267 0.777879 -0.576618 2.32118 -2.36155</i>
                        <i>0.129736 0.991257 0.0240586 -0.797091 0.0898305 0.59714 0.589757 -0.0966475 0.801776 -0.558559 2.35692 -2.36092</i>
                        <i>0.114559 0.993346 -0.0117964 -0.804992 0.0997816 0.584834 0.58212 -0.0575017 0.811067 -0.547812 2.42435 -2.37065</i>
                        <i>0.0984647 0.994079 -0.0459619 -0.812895 0.106988 0.572499 0.574026 -0.0190087 0.818616 -0.542624 2.49226 -2.37894</i>
                        <i>0.0814066 0.994315 -0.0686403 -0.833389 0.105681 0.54249 0.546659 0.0130418 0.837254 -0.541021 2.52954 -2.37399</i>
                        <i>0.0667155 0.997234 -0.0327665 -0.937482 0.0738929 0.3401 0.34158 0.00802808 0.939818 -0.488472 2.53219 -2.29129</i>
                        <i>0.0318863 0.998836 0.0362042 -0.991513 0.0361788 -0.124875 -0.126039 -0.0319152 0.991512 -0.378952 2.52557 -2.16179</i>
                        <i>-0.0231164 0.998443 0.0507602 -0.779743 0.0137698 -0.625948 -0.625672 -0.0540496 0.778211 -0.234942 2.52411 -2.10077</i>
                        <i>-0.0509354 0.998669 0.00806214 -0.426321 -0.0144422 -0.904457 -0.903137 -0.0495059 0.426489 -0.0643664 2.52697 -2.11429</i>
                        <i>-0.0465495 0.998717 -0.0199379 -0.249881 -0.0309671 -0.967781 -0.967157 -0.0400676 0.251002 0.0292075 2.52505 -2.13425</i>
                        <i>-0.0219515 0.999622 -0.0165286 -0.249318 -0.0214837 -0.968183 -0.968173 -0.0171322 0.249696 0.050666 2.52055 -2.13853</i>
                        <i>0.0221514 0.999667 -0.0132464 -0.247656 -0.00734995 -0.96882 -0.968595 0.0247412 0.247411 0.0991813 2.51623 -2.14031</i>
                        <i>0.0709354 0.997394 -0.0131859 -0.244945 0.00460316 -0.969526 -0.966938 0.0720036 0.244633 0.15888 2.51164 -2.14045</i>
                        <i>0.110816 0.993733 -0.0146424 -0.242128 0.0127058 -0.970161 -0.963895 0.111055 0.242018 0.214043 2.50664 -2.13983</i>
                        <i>0.132186 0.991151 -0.012129 -0.239741 0.0200956 -0.970629 -0.961796 0.131212 0.240276 0.249137 2.50143 -2.13941</i>
                        <i>0.136843 0.990589 0.00273941 -0.246939 0.0367908 -0.968332 -0.95932 0.131833 0.249649 0.262195 2.49434 -2.14384</i>
                        <i>0.132904 0.990797 0.0256319 -0.273067 0.0614647 -0.960029 -0.95277 0.120593 0.278723 0.264229 2.48475 -2.15346</i>
                        <i>0.124687 0.991189 0.044688 -0.318576 0.0826489 -0.944287 -0.939661 0.103504 0.326075 0.259172 2.47458 -2.16268</i>
                        <i>0.119257 0.991422 0.0534852 -0.38219 0.0955584 -0.919129 -0.916356 0.089171 0.390308 0.250913 2.46571 -2.16583</i>
                        <i>0.12224 0.991315 0.0484909 -0.46063 0.0999418 -0.881948 -0.879134 0.0854728 0.468847 0.243345 2.46003 -2.15723</i>
                        <i>0.136813 0.990393 0.0200824 -0.569748 0.0952568 -0.81628 -0.810351 0.100236 0.577307 0.233683 2.45782 -2.09219</i>
                        <i>0.131375 0.990755 -0.0338391 -0.703315 0.0690952 -0.707512 -0.698633 0.116749 0.70589 0.218716 2.45817 -1.95788</i>
                        <i>0.0704542 0.994977 -0.0711087 -0.821736 0.017479 -0.5696 -0.565496 0.0985633 0.818841 0.202383 2.46096 -1.79787</i>
                        <i>-0.0109682 0.998779 -0.0481636 -0.898375 -0.0309935 -0.438134 -0.439092 0.0384635 0.897618 0.188562 2.46604 -1.65849</i>
                        <i>-0.0584671 0.998281 -0.00412282 -0.934145 -0.0561664 -0.352445 -0.352071 -0.0167552 0.935823 0.179979 2.47344 -1.58813</i>
                        <i>-0.0722451 0.997382 0.00308022 -0.939297 -0.0669986 -0.336499 -0.335412 -0.0272037 0.941679 0.181578 2.4863 -1.57597</i>
                        <i>-0.0678721 0.99748 -0.0206694 -0.925732 -0.0706885 -0.371514 -0.372039 -0.00608113 0.928197 0.191638 2.50476 -1.57624</i>
                        <i>-0.0493331 0.997327 -0.0539037 -0.902335 -0.0676423 -0.425695 -0.428203 0.0276384 0.90326 0.202158 2.52438 -1.58513</i>
                        <i>-0.0269642 0.996506 -0.0790521 -0.881307 -0.0610198 -0.468587 -0.471773 0.0570341 0.879873 0.204969 2.5408 -1.59923</i>
                        <i>-0.0175516 0.995777 -0.0901138 -0.880012 -0.0581688 -0.471376 -0.474627 0.0710278 0.877316 0.191737 2.54975 -1.61566</i>
                        <i>-0.0216399 0.995383 -0.0935163 -0.905011 -0.0592508 -0.421241 -0.424836 0.0755177 0.902115 0.155447 2.54897 -1.63875</i>
                        <i>-0.0283729 0.995031 -0.095436 -0.940262 -0.0589711 -0.335305 -0.339267 0.0802213 0.937263 0.101595 2.54119 -1.67037</i>
                        <i>-0.0366637 0.994864 -0.0943477 -0.971225 -0.0577058 -0.231068 -0.235325 0.083161 0.968352 0.0407076 2.52958 -1.70416</i>
                        <i>-0.0450008 0.994846 -0.090863 -0.990018 -0.0565726 -0.129089 -0.133564 0.0841469 0.987461 -0.0164308 2.51736 -1.73424</i>
                        <i>-0.0527115 0.994777 -0.0874099 -0.99702 -0.0573621 -0.0515742 -0.0563188 0.0844309 0.994836 -0.0588719 2.5077 -1.75529</i>
                        <i>-0.0574161 0.994671 -0.085637 -0.998186 -0.0587514 -0.0131526 -0.0181138 0.0847265 0.99624 -0.0831189 2.49953 -1.76536</i>
                        <i>-0.0586235 0.994655 -0.0849954 -0.998266 -0.0588633 -0.000315711 -0.00531713 0.0848295 0.996381 -0.0945512 2.49125 -1.76736</i>
                        <i>-0.0591416 0.994657 -0.0846127 -0.998247 -0.0587533 0.00707384 0.00206477 0.0848827 0.996389 -0.0955344 2.48531 -1.76348</i>
                        <i>-0.0617181 0.994599 -0.0834508 -0.997804 -0.0594697 0.029168 0.0240476 0.0850677 0.996085 -0.0884421 2.48411 -1.75576</i>
                        <i>-0.0619854 0.995184 -0.075941 -0.995724 -0.056438 0.0731376 0.0684994 0.0801497 0.994426 -0.0939713 2.48919 -1.73947</i>
                        <i>-0.0542171 0.996689 -0.0605868 -0.990359 -0.0459282 0.130692 0.127476 0.0670884 0.98957 -0.124566 2.49872 -1.71188</i>
                        <i>-0.0394387 0.998324 -0.0423498 -0.979614 -0.030275 0.198594 0.196979 0.0493187 0.979166 -0.16971 2.51007 -1.6785</i>
                        <i>-0.0205204 0.999453 -0.0259339 -0.961849 -0.0126571 0.273288 0.27281 0.0305524 0.961583 -0.218254 2.52057 -1.64564</i>
                        <i>-0.00294881 0.999883 -0.0150205 -0.936397 0.00251025 0.350934 0.350931 0.0151 0.93628 -0.259229 2.5275 -1.62056</i>
                        <i>0.00559962 0.999921 -0.0112726 -0.903869 0.00988334 0.427695 0.427772 0.00779402 0.903853 -0.283624 2.52813 -1.6111</i>
                        <i>-0.00719604 0.999668 -0.0247584 -0.862482 0.00632456 0.506048 0.506036 0.0249952 0.86215 -0.308742 2.50633 -1.63141</i>
                        <i>-0.0427897 0.997592 -0.0545897 -0.810087 -0.00266371 0.586303 0.584746 0.0693101 0.80825 -0.356849 2.46218 -1.6804</i>
                        <i>-0.0903054 0.992117 -0.0868809 -0.748882 -0.0101386 0.662625 0.656521 0.124902 0.743895 -0.42669 2.41733 -1.74341</i>
                        <i>-0.136264 0.98425 -0.112626 -0.681293 -0.0105678 0.731934 0.719216 0.176468 0.672003 -0.512894 2.39447 -1.80809</i>
                        <i>-0.166278 0.9777 -0.128277 -0.608259 0.000693416 0.793738 0.776127 0.210007 0.594579 -0.606374 2.41752 -1.86639</i>
                        <i>-0.178267 0.975077 -0.132081 -0.527886 0.0185087 0.849114 0.830396 0.221093 0.51143 -0.711519 2.50922 -1.93069</i>
                        <i>-0.181995 0.975121 -0.126557 -0.43908 0.0345702 0.897782 0.879822 0.218961 0.421865 -0.843019 2.65238 -1.99964</i>
                        <i>-0.182465 0.976202 -0.117205 -0.343544 0.0483924 0.937889 0.921241 0.211397 0.326538 -0.996701 2.8119 -2.04924</i>
                        <i>-0.187048 0.97657 -0.106417 -0.243386 0.0588811 0.968141 0.951723 0.206989 0.22667 -1.1573 2.95275 -2.05953</i>
                        <i>-0.203879 0.974574 -0.0929448 -0.1408 0.0647622 0.987918 0.968818 0.214503 0.124017 -1.30016 3.03977 -2.01893</i>
                        <i>-0.23913 0.968248 -0.0728856 -0.0419777 0.0646843 0.997022 0.97008 0.241477 0.0251769 -1.40205 3.06105 -1.93604</i>
                        <i>-0.282937 0.958179 -0.042903 0.0473155 0.0586199 0.997158 0.957971 0.280103 -0.0619224 -1.46184 3.03962 -1.83592</i>
                        <i>-0.320301 0.947303 -0.00482347 0.126091 0.0476791 0.990872 0.938887 0.31677 -0.134718 -1.48785 2.99258 -1.73587</i>
                        <i>-0.341143 0.939332 0.035729 0.19394 0.0331411 0.980454 0.919787 0.341404 -0.19348 -1.4931 2.93713 -1.6464</i>
                        <i>-0.340209 0.937602 0.0718329 0.250629 0.0167839 0.967938 0.906335 0.347305 -0.240701 -1.49288 2.89048 -1.57085</i>
                        <i>-0.310525 0.945706 0.0959908 0.296283 0.000340899 0.9551 0.903211 0.325023 -0.280303 -1.48462 2.87293 -1.50962</i>
                        <i>-0.258369 0.960198 0.106136 0.331464 -0.0150829 0.943347 0.907401 0.278912 -0.314374 -1.4624 2.88402 -1.46482</i>
                        <i>-0.199677 0.974185 0.105322 0.356433 -0.0279094 0.933904 0.912735 0.22402 -0.341659 -1.43606 2.90966 -1.43559</i>
                        <i>-0.151146 0.983517 0.0992476 0.371353 -0.0365534 0.927772 0.916107 0.177085 -0.359707 -1.41447 2.93559 -1.41973</i>
                        <i>-0.130872 0.986789 0.0954961 0.376318 -0.0396698 0.925641 0.917201 0.157077 -0.366154 -1.4056 2.94743 -1.41486</i>
                        <i>-0.134631 0.986394 0.0943524 0.375374 -0.037353 0.926121 0.917044 0.160102 -0.365237 -1.4056 2.94434 -1.41486</i>
                        <i>-0.142427 0.985579 0.0913658 0.373193 -0.0320237 0.927201 0.916756 0.166155 -0.36325 -1.4056 2.93695 -1.41486</i>
                        <i>-0.149043 0.984975 0.0872444 0.370766 -0.0261268 0.928359 0.916689 0.170712 -0.361301 -1.4056 2.92813 -1.41486</i>
                        <i>-0.151231 0.984995 0.0831471 0.36897 -0.0217863 0.929186 0.917055 0.1712 -0.360139 -1.4056 2.92074 -1.41486</i>
                        <i>-0.148752 0.985564 0.0808468 0.368487 -0.0206238 0.929404 0.917655 0.168042 -0.3601 -1.4056 2.91764 -1.41486</i>
                        <i>-0.146626 0.985851 0.0812291 0.36893 -0.0216906 0.929204 0.917819 0.166213 -0.36053 -1.4056 2.91764 -1.41486</i>
                        <i>-0.14808 0.985467 0.0832243 0.369447 -0.0229385 0.928968 0.917377 0.168308 -0.360682 -1.4056 2.91764 -1.41486</i>
                        <i>-0.151269 0.984757 0.0858515 0.369945 -0.0241403 0.92874 0.916656 0.17225 -0.360654 -1.4056 2.91764 -1.41486</i>
                        <i>-0.154421 0.984067 0.0881311 0.370321 -0.0250493 0.928566 0.915978 0.176027 -0.360552 -1.4056 2.91764 -1.41486</i>
                        <i>-0.155842 0.983755 0.0891025 0.37047 -0.0254093 0.928497 0.915678 0.177709 -0.360492 -1.4056 2.91764 -1.41486</i>
                        <i>-0.155842 0.983755 0.0891025 0.37047 -0.0254093 0.928497 0.915678 0.177709 -0.360492 -1.4056 2.91764 -1.41486</i>
                        <i>-0.155842 0.983755 0.0891025 0.37047 -0.0254093 0.928497 0.915678 0.177709 -0.360492 -1.4056 2.91764 -1.41486</i>
                        <i>-0.155842 0.983755 0.0891025 0.37047 -0.0254093 0.928497 0.915678 0.177709 -0.360492 -1.4056 2.91764 -1.41486</i>
                        <i>-0.155842 0.983755 0.0891025 0.37047 -0.0254093 0.928497 0.915678 0.177709 -0.360492 -1.4056 2.91764 -1.41486</i>
                        <i>-0.155842 0.983755 0.0891025 0.37047 -0.0254093 0.928497 0.915678 0.177709 -0.360492 -1.4056 2.91764 -1.41486</i>
                        <i>-0.155842 0.983755 0.0891025 0.37047 -0.0254093 0.928497 0.915678 0.177709 -0.360492 -1.4056 2.91764 -1.41486</i>
                        <i>-0.155842 0.983755 0.0891025 0.37047 -0.0254093 0.928497 0.915678 0.177709 -0.360492 -1.4056 2.91764 -1.41486</i>
                        <i>-0.155842 0.983755 0.0891025 0.37047 -0.0254093 0.928497 0.915678 0.177709 -0.360492 -1.4056 2.91764 -1.41486</i>
                        <i>-0.155842 0.983755 0.0891025 0.37047 -0.0254093 0.928497 0.915678 0.177709 -0.360492 -1.4056 2.91764 -1.41486</i>
                        <i>-0.155842 0.983755 0.0891025 0.37047 -0.0254093 0.928497 0.915678 0.177709 -0.360492 -1.4056 2.91764 -1.41486</i>
                    </KeyFrames>
                </p>
            </i>
            <i>
                <p>
                    <Name><![CDATA[spine1]]></Name>
                    <Exclude>0</Exclude>
                    <Additive>0</Additive>
                    <IKPriority>0</IKPriority>
                    <IKRotLimits>-1e+010 -1e+010 -1e+010 1e+010 1e+010 1e+010</IKRotLimits>
                    <IKRotLimitOrder>0</IKRotLimitOrder>
                    <KeyFrames count="100">
                        <i>0.36022 0.929148 -0.0832148 0.233932 -0.00361807 0.972246 0.90306 -0.369689 -0.218661 -1.43568 3.10682 -1.39767</i>
                        <i>0.36022 0.929148 -0.0832148 0.233932 -0.00361807 0.972246 0.90306 -0.369689 -0.218661 -1.43517 3.09089 -1.39642</i>
                        <i>0.36022 0.929148 -0.0832148 0.233932 -0.00361807 0.972246 0.90306 -0.369689 -0.218661 -1.43432 3.0589 -1.39432</i>
                        <i>0.36022 0.929148 -0.0832148 0.233932 -0.00361807 0.972246 0.90306 -0.369689 -0.218661 -1.43415 3.03456 -1.3939</i>
                        <i>0.36022 0.929148 -0.0832148 0.233932 -0.00361807 0.972246 0.90306 -0.369689 -0.218661 -1.43568 3.04158 -1.39767</i>
                        <i>0.393582 0.910418 -0.127406 0.261725 0.0218841 0.964894 0.881245 -0.413111 -0.229666 -1.41647 3.11183 -1.46552</i>
                        <i>0.454696 0.862267 -0.223039 0.31925 0.0759912 0.944619 0.831463 -0.50072 -0.240726 -1.35731 3.22865 -1.6328</i>
                        <i>0.498259 0.811268 -0.305912 0.362953 0.125259 0.92335 0.787403 -0.571099 -0.232041 -1.26399 3.34313 -1.85663</i>
                        <i>0.476698 0.823787 -0.306812 0.353064 0.140214 0.925033 0.805049 -0.549286 -0.22401 -1.15009 3.41282 -2.08296</i>
                        <i>0.373831 0.903486 -0.209674 0.256937 0.116338 0.9594 0.891198 -0.412526 -0.188649 -1.03513 3.40416 -2.26558</i>
                        <i>0.222218 0.971748 -0.0795272 0.0529355 0.0694216 0.996182 0.973559 -0.225579 -0.0360133 -0.922228 3.28642 -2.38184</i>
                        <i>0.12854 0.9917 0.00288789 -0.220674 0.0257635 0.975007 0.966841 -0.125965 0.222154 -0.810221 3.08734 -2.43746</i>
                        <i>0.24626 0.964279 0.0975808 -0.49478 0.038504 0.868165 0.833396 -0.262076 0.486588 -0.708339 2.86146 -2.44577</i>
                        <i>0.428968 0.853306 0.296405 -0.695726 0.102808 0.710912 0.576152 -0.511175 0.637768 -0.624881 2.66151 -2.41764</i>
                        <i>0.462458 0.767264 0.444341 -0.799949 0.144933 0.582302 0.38238 -0.62474 0.680798 -0.573634 2.53718 -2.37407</i>
                        <i>0.402934 0.790722 0.460871 -0.853094 0.14211 0.502031 0.331473 -0.595452 0.731821 -0.54915 2.50957 -2.3521</i>
                        <i>0.340191 0.837159 0.428293 -0.888679 0.137306 0.43749 0.307442 -0.529445 0.790675 -0.53413 2.54406 -2.35646</i>
                        <i>0.282978 0.887332 0.364095 -0.913606 0.133812 0.383951 0.291971 -0.441289 0.848538 -0.526505 2.60957 -2.37293</i>
                        <i>0.234724 0.926657 0.293618 -0.933358 0.130465 0.334398 0.271566 -0.352542 0.895526 -0.524515 2.67554 -2.38748</i>
                        <i>0.194918 0.949054 0.247597 -0.95214 0.12249 0.280047 0.235451 -0.290333 0.927507 -0.526147 2.71168 -2.38662</i>
                        <i>0.109171 0.956197 0.271606 -0.993508 0.096169 0.0607711 0.031989 -0.276477 0.960488 -0.476374 2.71334 -2.2973</i>
                        <i>-0.0426109 0.957243 0.286129 -0.921928 0.0726901 -0.38048 -0.38501 -0.280003 0.879412 -0.373241 2.70429 -2.15536</i>
                        <i>-0.17001 0.964786 0.200712 -0.606459 0.0581042 -0.792989 -0.776727 -0.25654 0.575225 -0.238994 2.69984 -2.09186</i>
                        <i>-0.205521 0.975628 0.0768869 -0.216256 0.0313476 -0.975833 -0.95446 -0.217182 0.204543 -0.0732044 2.70049 -2.1129</i>
                        <i>-0.196607 0.980264 0.0206783 -0.0377943 0.0134974 -0.999194 -0.979754 -0.19723 0.0343947 0.0211677 2.69772 -2.1377</i>
                        <i>-0.199185 0.979644 0.024961 -0.0460937 0.0160773 -0.998808 -0.978877 -0.200098 0.041953 0.0468649 2.69425 -2.1414</i>
                        <i>-0.210455 0.97705 0.0328797 -0.0672928 0.0190748 -0.997551 -0.975285 -0.212152 0.061734 0.103112 2.69236 -2.14265</i>
                        <i>-0.223241 0.973933 0.0402226 -0.0922082 0.0199794 -0.995539 -0.970392 -0.225954 0.0853444 0.171681 2.69094 -2.14283</i>
                        <i>-0.231533 0.971768 0.045384 -0.108913 0.0204652 -0.993841 -0.966711 -0.23505 0.1011 0.23444 2.68892 -2.14253</i>
                        <i>-0.231145 0.97169 0.0488832 -0.104345 0.0251952 -0.994222 -0.967308 -0.234911 0.0955671 0.273737 2.68526 -2.14168</i>
                        <i>-0.226098 0.972286 0.0594934 -0.0688718 0.0449662 -0.996612 -0.971667 -0.229429 0.0567963 0.28769 2.67828 -2.14335</i>
                        <i>-0.222441 0.971614 0.0805387 -0.0194908 0.0781601 -0.99675 -0.974751 -0.223288 0.00155149 0.28894 2.66836 -2.14873</i>
                        <i>-0.21848 0.970103 0.10567 0.0161616 0.111868 -0.993592 -0.975708 -0.215372 -0.0401193 0.282286 2.65771 -2.15445</i>
                        <i>-0.211639 0.968525 0.131027 0.00726813 0.135619 -0.990734 -0.977321 -0.208725 -0.0357417 0.27297 2.64847 -2.156</i>
                        <i>-0.200133 0.967641 0.153683 -0.079319 0.14034 -0.986921 -0.976553 -0.209705 0.0486656 0.265946 2.64274 -2.14833</i>
                        <i>-0.168034 0.968536 0.183581 -0.317594 0.12311 -0.940201 -0.933219 -0.21629 0.286915 0.25898 2.64048 -2.08853</i>
                        <i>-0.113151 0.969615 0.216897 -0.65218 0.0922074 -0.752435 -0.749572 -0.226595 0.62193 0.242986 2.64078 -1.96417</i>
                        <i>-0.0613448 0.967634 0.24479 -0.906575 0.0485841 -0.419238 -0.417562 -0.247639 0.874252 0.215395 2.64409 -1.81103</i>
                        <i>-0.0250819 0.961157 0.274861 -0.997114 -0.00434491 -0.0757962 -0.0716578 -0.275968 0.958492 0.186579 2.64962 -1.66741</i>
                        <i>-0.00843079 0.954143 0.299232 -0.990024 -0.0500532 0.131708 0.140646 -0.295136 0.945047 0.169269 2.65675 -1.58895</i>
                        <i>-0.0212956 0.95217 0.304826 -0.985086 -0.0720528 0.156248 0.170739 -0.296952 0.939504 0.16833 2.66954 -1.57547</i>
                        <i>-0.0554431 0.953909 0.294929 -0.995399 -0.0759251 0.0584467 0.0781454 -0.290332 0.95373 0.179173 2.68837 -1.58011</i>
                        <i>-0.0959394 0.957017 0.273705 -0.993057 -0.07322 -0.0920719 -0.0680737 -0.280638 0.957397 0.19309 2.70839 -1.59515</i>
                        <i>-0.126834 0.95997 0.249741 -0.972515 -0.0707843 -0.221818 -0.195261 -0.271011 0.942564 0.200024 2.72497 -1.61391</i>
                        <i>-0.133632 0.962713 0.235214 -0.963027 -0.0701229 -0.260118 -0.233925 -0.261278 0.93649 0.188531 2.73382 -1.63239</i>
                        <i>-0.115276 0.967791 0.223812 -0.976863 -0.0695883 -0.202229 -0.180141 -0.241946 0.953421 0.151495 2.73228 -1.65604</i>
                        <i>-0.0876528 0.975242 0.203029 -0.992375 -0.0677593 -0.102955 -0.0866488 -0.210505 0.973745 0.0964337 2.723 -1.68787</i>
                        <i>-0.0617395 0.982255 0.177096 -0.997766 -0.0652734 0.0141936 0.0255014 -0.175824 0.984091 0.0340814 2.70975 -1.72131</i>
                        <i>-0.0438074 0.987055 0.154282 -0.990204 -0.0633923 0.124405 0.132575 -0.14732 0.980164 -0.0245158 2.69624 -1.75063</i>
                        <i>-0.0342978 0.988799 0.145258 -0.976912 -0.0638365 0.203883 0.210872 -0.134911 0.968159 -0.0683202 2.68606 -1.771</i>
                        <i>-0.0300549 0.988806 0.146152 -0.968253 -0.0651024 0.241344 0.248157 -0.134258 0.959371 -0.0934125 2.67786 -1.78076</i>
                        <i>-0.0282847 0.988818 0.146423 -0.965064 -0.0651841 0.253776 0.260482 -0.13413 0.956116 -0.105062 2.66959 -1.78265</i>
                        <i>-0.027092 0.988828 0.146575 -0.963167 -0.0650644 0.260913 0.267535 -0.134108 0.95417 -0.106138 2.66364 -1.77869</i>
                        <i>-0.0245572 0.988836 0.146972 -0.957111 -0.0657088 0.28217 0.288677 -0.13374 0.94804 -0.0995091 2.66244 -1.77077</i>
                        <i>-0.00824361 0.987056 0.160161 -0.948043 -0.0586552 0.312689 0.318036 -0.149262 0.936255 -0.105117 2.66809 -1.75317</i>
                        <i>0.0298324 0.981399 0.189647 -0.940004 -0.0369646 0.339155 0.339856 -0.188386 0.921417 -0.134384 2.67906 -1.7229</i>
                        <i>0.0837646 0.97137 0.222314 -0.92991 -0.00397971 0.367765 0.358121 -0.237538 0.902954 -0.176922 2.69229 -1.68629</i>
                        <i>0.144796 0.95816 0.24691 -0.914422 0.0342562 0.40331 0.377978 -0.284177 0.881122 -0.222053 2.7046 -1.65049</i>
                        <i>0.200987 0.945566 0.255948 -0.891166 0.0680094 0.448551 0.406727 -0.318245 0.856325 -0.259805 2.71286 -1.62342</i>
                        <i>0.238088 0.939341 0.246886 -0.859012 0.08504 0.504843 0.453225 -0.332275 0.827152 -0.28262 2.71398 -1.61328</i>
                        <i>0.252309 0.941679 0.22267 -0.814378 0.0823635 0.57446 0.522617 -0.326278 0.787664 -0.310135 2.69329 -1.63612</i>
                        <i>0.254373 0.948343 0.189581 -0.754706 0.0720761 0.652092 0.604742 -0.308952 0.734054 -0.36504 2.65159 -1.69085</i>
                        <i>0.251191 0.955939 0.151931 -0.682334 0.0635491 0.728273 0.686529 -0.286603 0.668233 -0.444257 2.60933 -1.76033</i>
                        <i>0.249546 0.961735 0.113108 -0.602335 0.0627011 0.795777 0.758234 -0.266712 0.594933 -0.539874 2.58851 -1.8304</i>
                        <i>0.257117 0.96339 0.0759671 -0.521241 0.0720586 0.850362 0.813756 -0.25824 0.520685 -0.639761 2.613 -1.89215</i>
                        <i>0.283603 0.957806 0.0466649 -0.443537 0.087874 0.891938 0.850203 -0.273654 0.449744 -0.747831 2.70692 -1.95758</i>
                        <i>0.322886 0.946202 0.0211455 -0.369133 0.105329 0.923389 0.871485 -0.305955 0.383283 -0.88076 2.85355 -2.02585</i>
                        <i>0.359473 0.933114 -0.00882337 -0.297301 0.123485 0.946765 0.884529 -0.337713 0.321805 -1.03515 3.01641 -2.07388</i>
                        <i>0.3781 0.924686 -0.0446714 -0.224745 0.138493 0.964526 0.89807 -0.354648 0.260183 -1.19706 3.15907 -2.08208</i>
                        <i>0.363961 0.927788 -0.0821062 -0.146028 0.143902 0.978758 0.919896 -0.34424 0.187858 -1.34333 3.24497 -2.03853</i>
                        <i>0.303086 0.946556 -0.110322 -0.0662905 0.136429 0.988429 0.950655 -0.292265 0.104097 -1.4517 3.2612 -1.95112</i>
