<?xml version="1.0" encoding="ISO-8859-1" ?>
<Animl Version="1">
    <ModellingPackage><![CDATA[Maya.2010]]></ModellingPackage>
    <SrcFile><![CDATA[anims\turrets\artillery\blue\~src\artillery_m198\artillery_m198_fire_crewman_a.mb]]></SrcFile>
    <FramesPerSecond>30</FramesPerSecond>
    <TotalFrames>41</TotalFrames>
    <Skeleton>
        <RefFrame>
            <Name><![CDATA[soldier_ref_frame]]></Name>
            <Exclude>0</Exclude>
            <Additive>0</Additive>
            <IKPriority>0</IKPriority>
            <IKRotLimits>-1e+010 -1e+010 -1e+010 1e+010 1e+010 1e+010</IKRotLimits>
            <IKRotLimitOrder>0</IKRotLimitOrder>
            <KeyFrames count="41">
                <i>1 0 0 0 1 0 0 0 1 1.79 1.37 0.12</i>
                <i>1 0 0 0 1 0 0 0 1 1.79 1.37 0.12</i>
                <i>1 0 0 0 1 0 0 0 1 1.79 1.37 0.12</i>
                <i>1 0 0 0 1 0 0 0 1 1.79 1.37 0.12</i>
                <i>1 0 0 0 1 0 0 0 1 1.79 1.37 0.12</i>
                <i>1 0 0 0 1 0 0 0 1 1.79 1.37 0.12</i>
                <i>1 0 0 0 1 0 0 0 1 1.79 1.37 0.12</i>
                <i>1 0 0 0 1 0 0 0 1 1.79 1.37 0.12</i>
                <i>1 0 0 0 1 0 0 0 1 1.79 1.37 0.12</i>
                <i>1 0 0 0 1 0 0 0 1 1.79 1.37 0.12</i>
                <i>1 0 0 0 1 0 0 0 1 1.79 1.37 0.12</i>
                <i>1 0 0 0 1 0 0 0 1 1.79 1.37 0.12</i>
                <i>1 0 0 0 1 0 0 0 1 1.79 1.37 0.12</i>
                <i>1 0 0 0 1 0 0 0 1 1.79 1.37 0.12</i>
                <i>1 0 0 0 1 0 0 0 1 1.79 1.37 0.12</i>
                <i>1 0 0 0 1 0 0 0 1 1.79 1.37 0.12</i>
                <i>1 0 0 0 1 0 0 0 1 1.79 1.37 0.12</i>
                <i>1 0 0 0 1 0 0 0 1 1.79 1.37 0.12</i>
                <i>1 0 0 0 1 0 0 0 1 1.79 1.37 0.12</i>
                <i>1 0 0 0 1 0 0 0 1 1.79 1.37 0.12</i>
                <i>1 0 0 0 1 0 0 0 1 1.79 1.37 0.12</i>
                <i>1 0 0 0 1 0 0 0 1 1.79 1.37 0.12</i>
                <i>1 0 0 0 1 0 0 0 1 1.79 1.37 0.12</i>
                <i>1 0 0 0 1 0 0 0 1 1.79 1.37 0.12</i>
                <i>1 0 0 0 1 0 0 0 1 1.79 1.37 0.12</i>
                <i>1 0 0 0 1 0 0 0 1 1.79 1.37 0.12</i>
                <i>1 0 0 0 1 0 0 0 1 1.79 1.37 0.12</i>
                <i>1 0 0 0 1 0 0 0 1 1.79 1.37 0.12</i>
                <i>1 0 0 0 1 0 0 0 1 1.79 1.37 0.12</i>
                <i>1 0 0 0 1 0 0 0 1 1.79 1.37 0.12</i>
                <i>1 0 0 0 1 0 0 0 1 1.79 1.37 0.12</i>
                <i>1 0 0 0 1 0 0 0 1 1.79 1.37 0.12</i>
                <i>1 0 0 0 1 0 0 0 1 1.79 1.37 0.12</i>
                <i>1 0 0 0 1 0 0 0 1 1.79 1.37 0.12</i>
                <i>1 0 0 0 1 0 0 0 1 1.79 1.37 0.12</i>
                <i>1 0 0 0 1 0 0 0 1 1.79 1.37 0.12</i>
                <i>1 0 0 0 1 0 0 0 1 1.79 1.37 0.12</i>
                <i>1 0 0 0 1 0 0 0 1 1.79 1.37 0.12</i>
                <i>1 0 0 0 1 0 0 0 1 1.79 1.37 0.12</i>
                <i>1 0 0 0 1 0 0 0 1 1.79 1.37 0.12</i>
                <i>1 0 0 0 1 0 0 0 1 1.79 1.37 0.12</i>
            </KeyFrames>
        </RefFrame>
        <Bones count="23">
            <i>
                <p>
                    <Name><![CDATA[pelvis]]></Name>
                    <Exclude>0</Exclude>
                    <Additive>0</Additive>
                    <IKPriority>0</IKPriority>
                    <IKRotLimits>-1e+010 -1e+010 -1e+010 1e+010 1e+010 1e+010</IKRotLimits>
                    <IKRotLimitOrder>2</IKRotLimitOrder>
                    <KeyFrames count="41">
                        <i>1 0 0 0 1 0 0 0 1 1.84645 2.44605 0.00594802</i>
                        <i>1 0 0 0 1 0 0 0 1 1.84645 2.38555 -0.0224537</i>
                        <i>1 0 0 0 1 0 0 0 1 1.84645 2.27863 -0.0785485</i>
                        <i>1 0 0 0 1 0 0 0 1 1.84645 2.23714 -0.11867</i>
                        <i>1 0 0 0 1 0 0 0 1 1.84645 2.3101 -0.129819</i>
                        <i>1 0 0 0 1 0 0 0 1 1.84645 2.43721 -0.13069</i>
                        <i>1 0 0 0 1 0 0 0 1 1.84645 2.56643 -0.125162</i>
                        <i>1 0 0 0 1 0 0 0 1 1.84645 2.64571 -0.117114</i>
                        <i>1 0 0 0 1 0 0 0 1 1.84645 2.6713 -0.104117</i>
                        <i>1 0 0 0 1 0 0 0 1 1.84645 2.67509 -0.0849179</i>
                        <i>1 0 0 0 1 0 0 0 1 1.84645 2.65849 -0.0651591</i>
                        <i>1 0 0 0 1 0 0 0 1 1.84645 2.62291 -0.0504818</i>
                        <i>1 0 0 0 1 0 0 0 1 1.84645 2.56974 -0.0465278</i>
                        <i>1 0 0 0 1 0 0 0 1 1.84645 2.43781 -0.0740061</i>
                        <i>1 0 0 0 1 0 0 0 1 1.84645 2.25444 -0.120824</i>
                        <i>1 0 0 0 1 0 0 0 1 1.84645 2.15378 -0.143419</i>
                        <i>1 0 0 0 1 0 0 0 1 1.84645 2.17134 -0.135967</i>
                        <i>1 0 0 0 1 0 0 0 1 1.84645 2.23595 -0.122718</i>
                        <i>1 0 0 0 1 0 0 0 1 1.84645 2.3217 -0.105222</i>
                        <i>1 0 0 0 1 0 0 0 1 1.84645 2.40266 -0.085029</i>
                        <i>1 0 0 0 1 0 0 0 1 1.84645 2.45293 -0.0636897</i>
                        <i>1 0 0 0 1 0 0 0 1 1.84645 2.46607 -0.042754</i>
                        <i>1 0 0 0 1 0 0 0 1 1.84645 2.45937 -0.0237722</i>
                        <i>1 0 0 0 1 0 0 0 1 1.84645 2.44245 -0.00829442</i>
                        <i>1 0 0 0 1 0 0 0 1 1.84645 2.42496 0.00212905</i>
                        <i>1 0 0 0 1 0 0 0 1 1.84645 2.41653 0.00594802</i>
                        <i>1 0 0 0 1 0 0 0 1 1.84645 2.41916 0.00594802</i>
                        <i>1 0 0 0 1 0 0 0 1 1.84645 2.42643 0.00594802</i>
                        <i>1 0 0 0 1 0 0 0 1 1.84645 2.43533 0.00594802</i>
                        <i>1 0 0 0 1 0 0 0 1 1.84645 2.44287 0.00594802</i>
                        <i>1 0 0 0 1 0 0 0 1 1.84645 2.44605 0.00594802</i>
                        <i>1 0 0 0 1 0 0 0 1 1.84645 2.44605 0.00594802</i>
                        <i>1 0 0 0 1 0 0 0 1 1.84645 2.44605 0.00594802</i>
                        <i>1 0 0 0 1 0 0 0 1 1.84645 2.44605 0.00594802</i>
                        <i>1 0 0 0 1 0 0 0 1 1.84645 2.44605 0.00594802</i>
                        <i>1 0 0 0 1 0 0 0 1 1.84645 2.44605 0.00594802</i>
                        <i>1 0 0 0 1 0 0 0 1 1.84645 2.44605 0.00594802</i>
                        <i>1 0 0 0 1 0 0 0 1 1.84645 2.44605 0.00594802</i>
                        <i>1 0 0 0 1 0 0 0 1 1.84645 2.44605 0.00594802</i>
                        <i>1 0 0 0 1 0 0 0 1 1.84645 2.44605 0.00594802</i>
                        <i>1 0 0 0 1 0 0 0 1 1.84645 2.44605 0.00594802</i>
                    </KeyFrames>
                </p>
            </i>
            <i>
                <p>
                    <Name><![CDATA[spine0]]></Name>
                    <Exclude>0</Exclude>
                    <Additive>0</Additive>
                    <IKPriority>0</IKPriority>
                    <IKRotLimits>-1e+010 -1e+010 -1e+010 1e+010 1e+010 1e+010</IKRotLimits>
                    <IKRotLimitOrder>0</IKRotLimitOrder>
                    <KeyFrames count="41">
                        <i>-0.00657941 0.999146 -0.0407988 -0.53182 -0.0380475 -0.846002 -0.846832 0.0161314 0.531616 1.87621 2.581 -0.0340378</i>
                        <i>0.0398196 0.996239 -0.0769524 -0.532542 -0.0440046 -0.845259 -0.845467 0.0746382 0.528786 1.87132 2.5227 -0.0580707</i>
                        <i>0.0856463 0.990031 -0.111819 -0.530855 -0.0496284 -0.846008 -0.843124 0.131817 0.521312 1.86298 2.41874 -0.106687</i>
                        <i>0.0732015 0.992028 -0.102581 -0.528105 -0.0486962 -0.847782 -0.846018 0.116232 0.52033 1.861 2.37778 -0.145242</i>
                        <i>0.025793 0.998127 -0.0554692 -0.524471 -0.0337264 -0.85076 -0.851038 0.0510357 0.522619 1.86914 2.44829 -0.162732</i>
                        <i>-0.0446031 0.998697 0.0247952 -0.513138 -0.00160781 -0.858305 -0.857146 -0.0510064 0.512541 1.88187 2.57033 -0.172178</i>
                        <i>-0.100406 0.990217 0.0968962 -0.490019 0.0355419 -0.870987 -0.86591 -0.134934 0.481657 1.89531 2.69212 -0.17527</i>
                        <i>-0.0425518 0.996578 0.0708666 -0.464914 0.0430323 -0.884309 -0.884332 -0.0705759 0.461492 1.90594 2.76359 -0.174222</i>
                        <i>0.00899002 0.999567 0.0280115 -0.440791 0.0291055 -0.897138 -0.897565 -0.00428191 0.440862 1.91575 2.77972 -0.168442</i>
                        <i>0.0964731 0.993884 -0.0537427 -0.418726 -0.0084583 -0.908073 -0.902974 0.110108 0.415349 1.92628 2.77039 -0.157313</i>
                        <i>0.191998 0.969718 -0.150944 -0.405126 -0.0617736 -0.912171 -0.893873 0.236286 0.380998 1.93445 2.74022 -0.144359</i>
                        <i>0.267051 0.933592 -0.238935 -0.402116 -0.11737 -0.908035 -0.875778 0.338571 0.344069 1.93822 2.69511 -0.134507</i>
                        <i>0.296094 0.908062 -0.29623 -0.404558 -0.161717 -0.9001 -0.865252 0.386357 0.319481 1.93696 2.63966 -0.133789</i>
                        <i>0.236436 0.920962 -0.309721 -0.395652 -0.199881 -0.896385 -0.887444 0.334479 0.317122 1.92995 2.51345 -0.163461</i>
                        <i>0.0985689 0.954332 -0.282019 -0.379205 -0.225996 -0.89729 -0.920048 0.195388 0.339611 1.9182 2.3397 -0.211812</i>
                        <i>-0.032807 0.973458 -0.226502 -0.377067 -0.221932 -0.899203 -0.925605 0.0559061 0.374339 1.907 2.24722 -0.234509</i>
                        <i>-0.103792 0.979545 -0.172394 -0.389812 -0.199526 -0.899019 -0.915027 -0.0261102 0.402547 1.89947 2.27072 -0.225462</i>
                        <i>-0.118162 0.981755 -0.148978 -0.410801 -0.184919 -0.892775 -0.904036 -0.0442921 0.425156 1.89195 2.34149 -0.209251</i>
                        <i>-0.0891008 0.984432 -0.15151 -0.436658 -0.175325 -0.882378 -0.895204 -0.0124623 0.445482 1.88395 2.43385 -0.187156</i>
                        <i>-0.0449973 0.986005 -0.16053 -0.458715 -0.163143 -0.873479 -0.887443 0.0343332 0.459636 1.87806 2.52034 -0.161512</i>
                        <i>-0.0105101 0.987374 -0.158056 -0.472572 -0.144203 -0.869414 -0.881229 0.0655551 0.468121 1.8769 2.57393 -0.135297</i>
                        <i>0.0100654 0.989598 -0.143509 -0.481241 -0.121009 -0.868196 -0.876531 0.077801 0.475017 1.87922 2.58876 -0.110339</i>
                        <i>0.0212749 0.992099 -0.123637 -0.489302 -0.0975103 -0.866646 -0.871855 0.0789336 0.483361 1.88192 2.58338 -0.0874716</i>
                        <i>0.0241242 0.994559 -0.101347 -0.496501 -0.0760704 -0.864697 -0.867701 0.0711788 0.491964 1.88465 2.56742 -0.0684511</i>
                        <i>0.0213111 0.996492 -0.0809341 -0.502628 -0.0592995 -0.862467 -0.86424 0.0590599 0.499601 1.88709 2.55057 -0.0550222</i>
                        <i>0.0185858 0.997431 -0.0691765 -0.50751 -0.0502008 -0.860182 -0.861445 0.051095 0.505273 1.88892 2.54256 -0.0489163</i>
                        <i>0.0161405 0.99785 -0.0635268 -0.513165 -0.0462619 -0.857042 -0.858138 0.0464328 0.511315 1.88851 2.54645 -0.0462569</i>
                        <i>0.0101201 0.998357 -0.0563953 -0.519978 -0.0429191 -0.853101 -0.85412 0.0379578 0.518689 1.8855 2.55613 -0.0425197</i>
                        <i>0.00266053 0.998792 -0.0490642 -0.526041 -0.0403293 -0.849502 -0.850455 0.0280699 0.525299 1.88141 2.5676 -0.0385495</i>
                        <i>-0.00380912 0.999059 -0.0432031 -0.53024 -0.0386476 -0.846966 -0.847839 0.0196818 0.529888 1.87778 2.57707 -0.0353519</i>
                        <i>-0.00657941 0.999146 -0.0407988 -0.53182 -0.0380475 -0.846002 -0.846832 0.0161314 0.531616 1.87621 2.581 -0.0340378</i>
                        <i>-0.00657941 0.999146 -0.0407988 -0.53182 -0.0380475 -0.846002 -0.846832 0.0161314 0.531616 1.87621 2.581 -0.0340378</i>
                        <i>-0.00657941 0.999146 -0.0407988 -0.53182 -0.0380475 -0.846002 -0.846832 0.0161314 0.531616 1.87621 2.581 -0.0340378</i>
                        <i>-0.00657941 0.999146 -0.0407988 -0.53182 -0.0380475 -0.846002 -0.846832 0.0161314 0.531616 1.87621 2.581 -0.0340378</i>
                        <i>-0.00657941 0.999146 -0.0407988 -0.53182 -0.0380475 -0.846002 -0.846832 0.0161314 0.531616 1.87621 2.581 -0.0340378</i>
                        <i>-0.00657941 0.999146 -0.0407988 -0.53182 -0.0380475 -0.846002 -0.846832 0.0161314 0.531616 1.87621 2.581 -0.0340378</i>
                        <i>-0.00657941 0.999146 -0.0407988 -0.53182 -0.0380475 -0.846002 -0.846832 0.0161314 0.531616 1.87621 2.581 -0.0340378</i>
                        <i>-0.00657941 0.999146 -0.0407988 -0.53182 -0.0380475 -0.846002 -0.846832 0.0161314 0.531616 1.87621 2.581 -0.0340378</i>
                        <i>-0.00657941 0.999146 -0.0407988 -0.53182 -0.0380475 -0.846002 -0.846832 0.0161314 0.531616 1.87621 2.581 -0.0340378</i>
                        <i>-0.00657941 0.999146 -0.0407988 -0.53182 -0.0380475 -0.846002 -0.846832 0.0161314 0.531616 1.87621 2.581 -0.0340378</i>
                        <i>-0.00657941 0.999146 -0.0407988 -0.53182 -0.0380475 -0.846002 -0.846832 0.0161314 0.531616 1.87621 2.581 -0.0340378</i>
                    </KeyFrames>
                </p>
            </i>
            <i>
                <p>
                    <Name><![CDATA[spine1]]></Name>
                    <Exclude>0</Exclude>
                    <Additive>0</Additive>
                    <IKPriority>0</IKPriority>
                    <IKRotLimits>-1e+010 -1e+010 -1e+010 1e+010 1e+010 1e+010</IKRotLimits>
                    <IKRotLimitOrder>0</IKRotLimitOrder>
                    <KeyFrames count="41">
                        <i>-0.0911668 0.981321 0.169406 -0.573848 0.0872617 -0.8143 -0.813872 -0.171451 0.555173 1.87508 2.75526 -0.041163</i>
                        <i>0.0704157 0.997264 0.0225095 -0.573418 0.0589323 -0.817141 -0.816231 0.0446322 0.575999 1.87819 2.69436 -0.0713333</i>
                        <i>0.250782 0.954871 -0.159156 -0.573605 0.0141377 -0.81901 -0.779798 0.296685 0.551264 1.8777 2.58894 -0.125911</i>
                        <i>0.238246 0.957147 -0.164649 -0.571046 0.000925263 -0.820918 -0.785586 0.289602 0.546795 1.87355 2.54794 -0.162837</i>
                        <i>0.0999808 0.99494 -0.00987424 -0.565993 0.0487087 -0.82297 -0.818325 0.0878699 0.567999 1.87356 2.61934 -0.172238</i>
                        <i>-0.103483 0.967879 0.229132 -0.551891 0.135777 -0.822789 -0.827471 -0.2116 0.520113 1.8741 2.74469 -0.167859</i>
                        <i>-0.2687 0.867149 0.419348 -0.52973 0.230576 -0.816224 -0.804479 -0.441461 0.397399 1.87713 2.87194 -0.157704</i>
                        <i>-0.332456 0.80917 0.484475 -0.522339 0.269736 -0.808953 -0.785261 -0.522002 0.332986 1.89788 2.95505 -0.160666</i>
                        <i>-0.326387 0.823131 0.464679 -0.50204 0.26557 -0.82306 -0.800892 -0.501924 0.326566 1.9177 2.97894 -0.162934</i>
                        <i>-0.26438 0.880152 0.394254 -0.475164 0.236861 -0.847417 -0.839239 -0.411375 0.355596 1.94622 2.97396 -0.168407</i>
                        <i>-0.170411 0.940404 0.294279 -0.451849 0.190821 -0.871447 -0.875667 -0.281474 0.392403 1.97444 2.94119 -0.175733</i>
                        <i>-0.0709659 0.979081 0.190695 -0.43868 0.141062 -0.887503 -0.895837 -0.146636 0.419492 1.99342 2.88736 -0.1838</i>
                        <i>0.00101003 0.993493 0.113886 -0.435308 0.102966 -0.894374 -0.900281 -0.048672 0.43258 1.99692 2.82298 -0.193673</i>
                        <i>-0.00705865 0.996693 0.0809454 -0.432186 0.069956 -0.899067 -0.901757 -0.0413296 0.430263 1.97657 2.69445 -0.224398</i>
                        <i>-0.0850816 0.992312 0.0898743 -0.425284 0.0454044 -0.90392 -0.901052 -0.115129 0.418152 1.93727 2.52317 -0.26608</i>
                        <i>-0.164108 0.97723 0.134502 -0.422312 0.053622 -0.904863 -0.891472 -0.205297 0.403896 1.90087 2.43225 -0.277603</i>
                        <i>-0.216346 0.956459 0.19591 -0.432982 0.0858551 -0.897305 -0.875055 -0.278954 0.395555 1.87997 2.45566 -0.258053</i>
                        <i>-0.245855 0.937265 0.247162 -0.46714 0.108854 -0.877457 -0.849315 -0.331186 0.411072 1.86993 2.52517 -0.237163</i>
                        <i>-0.234783 0.93377 0.270095 -0.508827 0.118692 -0.852647 -0.828234 -0.337619 0.44726 1.86749 2.61649 -0.215304</i>
                        <i>-0.189699 0.946517 0.260999 -0.539721 0.121534 -0.833025 -0.820192 -0.298891 0.4878 1.86981 2.70292 -0.191277</i>
                        <i>-0.147283 0.958302 0.244877 -0.552851 0.125531 -0.823771 -0.820161 -0.256707 0.51131 1.87503 2.75692 -0.16463</i>
                        <i>-0.120901 0.964255 0.235787 -0.553311 0.131746 -0.82249 -0.824154 -0.229903 0.517605 1.88115 2.77149 -0.136877</i>
                        <i>-0.0996963 0.968611 0.227712 -0.551003 0.136817 -0.823211 -0.828527 -0.207541 0.520068 1.88587 2.76506 -0.110147</i>
                        <i>-0.0873848 0.971349 0.221009 -0.548338 0.138321 -0.824738 -0.831679 -0.193257 0.520541 1.88908 2.74788 -0.08687</i>
                        <i>-0.0879252 0.97227 0.216705 -0.547338 0.13461 -0.826015 -0.83228 -0.191239 0.520325 1.89098 2.73014 -0.0696332</i>
                        <i>-0.100215 0.971983 0.212615 -0.549048 0.124186 -0.826513 -0.829761 -0.199565 0.52122 1.8923 2.72174 -0.0613687</i>
                        <i>-0.109175 0.972767 0.204461 -0.554024 0.111231 -0.825036 -0.825311 -0.20335 0.526793 1.89144 2.72502 -0.0576486</i>
                        <i>-0.108489 0.974998 0.19393 -0.560849 0.101038 -0.82173 -0.820779 -0.197915 0.535865 1.88733 2.73343 -0.0525546</i>
                        <i>-0.102206 0.977851 0.182652 -0.567315 0.0935298 -0.818173 -0.817134 -0.187244 0.54519 1.8819 2.74347 -0.0472037</i>
                        <i>-0.0947773 0.980296 0.173314 -0.572014 0.0888603 -0.815417 -0.81475 -0.176421 0.55232 1.87713 2.75179 -0.0429187</i>
                        <i>-0.0911668 0.981321 0.169406 -0.573848 0.0872617 -0.8143 -0.813872 -0.171451 0.555173 1.87508 2.75526 -0.041163</i>
                        <i>-0.0911668 0.981321 0.169406 -0.573848 0.0872617 -0.8143 -0.813872 -0.171451 0.555173 1.87508 2.75526 -0.041163</i>
                        <i>-0.0911668 0.981321 0.169406 -0.573848 0.0872617 -0.8143 -0.813872 -0.171451 0.555173 1.87508 2.75526 -0.041163</i>
                        <i>-0.0911668 0.981321 0.169406 -0.573848 0.0872617 -0.8143 -0.813872 -0.171451 0.555173 1.87508 2.75526 -0.041163</i>
                        <i>-0.0911668 0.981321 0.169406 -0.573848 0.0872617 -0.8143 -0.813872 -0.171451 0.555173 1.87508 2.75526 -0.041163</i>
                        <i>-0.0911668 0.981321 0.169406 -0.573848 0.0872617 -0.8143 -0.813872 -0.171451 0.555173 1.87508 2.75526 -0.041163</i>
                        <i>-0.0911668 0.981321 0.169406 -0.573848 0.0872617 -0.8143 -0.813872 -0.171451 0.555173 1.87508 2.75526 -0.041163</i>
                        <i>-0.0911668 0.981321 0.169406 -0.573848 0.0872617 -0.8143 -0.813872 -0.171451 0.555173 1.87508 2.75526 -0.041163</i>
                        <i>-0.0911668 0.981321 0.169406 -0.573848 0.0872617 -0.8143 -0.813872 -0.171451 0.555173 1.87508 2.75526 -0.041163</i>
                        <i>-0.0911668 0.981321 0.169406 -0.573848 0.0872617 -0.8143 -0.813872 -0.171451 0.555173 1.87508 2.75526 -0.041163</i>
                        <i>-0.0911668 0.981321 0.169406 -0.573848 0.0872617 -0.8143 -0.813872 -0.171451 0.555173 1.87508 2.75526 -0.041163</i>
                    </KeyFrames>
                </p>
            </i>
            <i>
                <p>
                    <Name><![CDATA[spine2]]></Name>
                    <Exclude>0</Exclude>
                    <Additive>0</Additive>
                    <IKPriority>0</IKPriority>
                    <IKRotLimits>-1e+010 -1e+010 -1e+010 1e+010 1e+010 1e+010</IKRotLimits>
                    <IKRotLimitOrder>0</IKRotLimitOrder>
                    <KeyFrames count="41">
                        <i>-0.329998 0.889005 0.317445 -0.610246 0.0556602 -0.790255 -0.720209 -0.454502 0.524144 1.86043 2.91277 -0.0138898</i>
                        <i>-0.185332 0.968043 0.168954 -0.605592 0.0228897 -0.795446 -0.773893 -0.249739 0.581996 1.88939 2.85268 -0.0677044</i>
                        <i>-0.011535 0.999067 -0.0416167 -0.60885 -0.0400323 -0.792275 -0.793202 0.0161994 0.608744 1.91749 2.74037 -0.151091</i>
                        <i>-0.0292115 0.99766 -0.0618181 -0.606729 -0.0668456 -0.792093 -0.794372 0.0143685 0.607262 1.91128 2.6994 -0.188835</i>
                        <i>-0.10923 0.991881 0.0651279 -0.601757 -0.0138336 -0.79856 -0.791175 -0.126418 0.598382 1.88938 2.7765 -0.173752</i>
                        <i>-0.195669 0.949893 0.243756 -0.599501 0.080845 -0.79628 -0.776087 -0.30194 0.553643 1.85745 2.90022 -0.130967</i>
                        <i>-0.285425 0.869283 0.403585 -0.605575 0.162811 -0.778956 -0.742841 -0.466734 0.479945 1.83212 3.01665 -0.0875671</i>
                        <i>-0.453838 0.705672 0.544112 -0.62467 0.183505 -0.759021 -0.635467 -0.684363 0.357531 1.8389 3.09765 -0.0749433</i>
                        <i>-0.475789 0.691165 0.543981 -0.623763 0.170895 -0.762703 -0.620117 -0.702201 0.349813 1.85754 3.12938 -0.0775886</i>
                        <i>-0.444716 0.743139 0.499973 -0.616036 0.151427 -0.773026 -0.650175 -0.651778 0.390459 1.89599 3.13934 -0.0938873</i>
                        <i>-0.378066 0.822345 0.425223 -0.606528 0.126992 -0.784855 -0.699421 -0.554637 0.450764 1.94147 3.12012 -0.119311</i>
                        <i>-0.294173 0.89484 0.335745 -0.598388 0.101477 -0.794755 -0.745248 -0.434701 0.505609 1.97949 3.07262 -0.147318</i>
                        <i>-0.21799 0.942307 0.254042 -0.592758 0.0789552 -0.801501 -0.775319 -0.325304 0.541349 1.99668 3.00737 -0.172174</i>
                        <i>-0.169351 0.970157 0.17354 -0.584173 0.0430052 -0.810489 -0.793764 -0.238634 0.559457 1.97496 2.87459 -0.209462</i>
                        <i>-0.151369 0.982971 0.104187 -0.570289 -0.000753204 -0.821444 -0.807377 -0.183758 0.560692 1.92195 2.69862 -0.249951</i>
                        <i>-0.148391 0.985615 0.0808953 -0.559337 -0.0161888 -0.828782 -0.81555 -0.168231 0.553693 1.87193 2.60307 -0.253908</i>
                        <i>-0.179744 0.976513 0.118801 -0.561171 -0.00259703 -0.827695 -0.807947 -0.215441 0.548458 1.84216 2.62173 -0.22388</i>
                        <i>-0.274283 0.938358 0.210363 -0.579703 0.0131985 -0.814721 -0.767277 -0.345412 0.540349 1.82742 2.68637 -0.194477</i>
                        <i>-0.36935 0.875737 0.310911 -0.604356 0.0277916 -0.79623 -0.705929 -0.481988 0.518992 1.82726 2.77572 -0.169038</i>
                        <i>-0.425947 0.819554 0.383277 -0.624549 0.0401598 -0.779953 -0.654606 -0.571593 0.494745 1.83735 2.86403 -0.146617</i>
                        <i>-0.438983 0.79729 0.414274 -0.633272 0.0525329 -0.772144 -0.637386 -0.601307 0.48184 1.84978 2.92019 -0.122664</i>
                        <i>-0.411867 0.815703 0.406195 -0.63044 0.0667859 -0.77336 -0.65796 -0.574602 0.486745 1.86048 2.9352 -0.0966157</i>
                        <i>-0.363834 0.850954 0.378817 -0.623211 0.0798642 -0.777965 -0.692266 -0.519133 0.501267 1.86896 2.92817 -0.071598</i>
                        <i>-0.311573 0.885723 0.344119 -0.615163 0.0879963 -0.783473 -0.724221 -0.455798 0.517447 1.87439 2.90998 -0.0498145</i>
                        <i>-0.275636 0.907961 0.315645 -0.609282 0.0889593 -0.787948 -0.743505 -0.409504 0.528684 1.87631 2.8913 -0.0335634</i>
                        <i>-0.271995 0.913247 0.303313 -0.606954 0.0817808 -0.790518 -0.746744 -0.399114 0.532055 1.87565 2.88236 -0.0260958</i>
                        <i>-0.287251 0.908699 0.302908 -0.606983 0.0719502 -0.791451 -0.740985 -0.411205 0.530897 1.87338 2.88515 -0.023861</i>
                        <i>-0.302875 0.902401 0.306495 -0.607814 0.0648027 -0.791431 -0.734049 -0.425997 0.528865 1.86954 2.89273 -0.0207537</i>
                        <i>-0.316633 0.89596 0.311446 -0.608902 0.0597705 -0.79099 -0.727311 -0.440094 0.526627 1.8653 2.9019 -0.0175109</i>
                        <i>-0.326339 0.890987 0.315665 -0.609838 0.0566986 -0.790495 -0.722219 -0.450474 0.524855 1.86186 2.90956 -0.0149382</i>
                        <i>-0.329998 0.889005 0.317445 -0.610246 0.0556602 -0.790255 -0.720209 -0.454502 0.524144 1.86043 2.91277 -0.0138898</i>
                        <i>-0.329998 0.889005 0.317445 -0.610246 0.0556602 -0.790255 -0.720209 -0.454502 0.524144 1.86043 2.91277 -0.0138898</i>
                        <i>-0.329998 0.889005 0.317445 -0.610246 0.0556602 -0.790255 -0.720209 -0.454502 0.524144 1.86043 2.91277 -0.0138898</i>
                        <i>-0.329998 0.889005 0.317445 -0.610246 0.0556602 -0.790255 -0.720209 -0.454502 0.524144 1.86043 2.91277 -0.0138898</i>
                        <i>-0.329998 0.889005 0.317445 -0.610246 0.0556602 -0.790255 -0.720209 -0.454502 0.524144 1.86043 2.91277 -0.0138898</i>
                        <i>-0.329998 0.889005 0.317445 -0.610246 0.0556602 -0.790255 -0.720209 -0.454502 0.524144 1.86043 2.91277 -0.0138898</i>
                        <i>-0.329998 0.889005 0.317445 -0.610246 0.0556602 -0.790255 -0.720209 -0.454502 0.524144 1.86043 2.91277 -0.0138898</i>
                        <i>-0.329998 0.889005 0.317445 -0.610246 0.0556602 -0.790255 -0.720209 -0.454502 0.524144 1.86043 2.91277 -0.0138898</i>
                        <i>-0.329998 0.889005 0.317445 -0.610246 0.0556602 -0.790255 -0.720209 -0.454502 0.524144 1.86043 2.91277 -0.0138898</i>
                        <i>-0.329998 0.889005 0.317445 -0.610246 0.0556602 -0.790255 -0.720209 -0.454502 0.524144 1.86043 2.91277 -0.0138898</i>
                        <i>-0.329998 0.889005 0.317445 -0.610246 0.0556602 -0.790255 -0.720209 -0.454502 0.524144 1.86043 2.91277 -0.0138898</i>
                    </KeyFrames>
                </p>
            </i>
            <i>
                <p>
                    <Name><![CDATA[head]]></Name>
                    <Exclude>0</Exclude>
                    <Additive>0</Additive>
                    <IKPriority>0</IKPriority>
                    <IKRotLimits>-1e+010 -1e+010 -1e+010 1e+010 1e+010 1e+010</IKRotLimits>
                    <IKRotLimitOrder>0</IKRotLimitOrder>
                    <KeyFrames count="41">
                        <i>-0.0318747 0.998738 0.0388168 0.226188 0.0450369 -0.973042 -0.973562 -0.0222355 -0.227338 1.77245 3.14475 0.0610034</i>
                        <i>-0.0156479 0.999724 -0.0174996 0.240816 -0.0132185 -0.970481 -0.970445 -0.0194002 -0.240542 1.83379 3.10099 -0.0279936</i>
                        <i>-0.0239593 0.994713 -0.0998553 0.233203 -0.0915674 -0.968107 -0.972133 -0.0464817 -0.229776 1.89935 2.99519 -0.160203</i>
                        <i>-0.098216 0.990513 -0.0961084 0.232874 -0.0710182 -0.96991 -0.967535 -0.117642 -0.22369 1.88844 2.95325 -0.203491</i>
                        <i>-0.138023 0.990134 -0.0241646 0.236738 0.00929032 -0.971529 -0.96172 -0.139814 -0.235685 1.85496 3.03105 -0.163707</i>
                        <i>-0.0968765 0.994076 0.0492696 0.243817 0.0716968 -0.967167 -0.964971 -0.081683 -0.249318 1.8154 3.15156 -0.0857058</i>
                        <i>-0.0479293 0.989253 0.138138 0.246787 0.145737 -0.958048 -0.967884 -0.0118279 -0.25112 1.77596 3.25672 -0.00478022</i>
                        <i>-0.220177 0.9127 0.34424 0.221902 0.390512 -0.893454 -0.949885 -0.12033 -0.288512 1.72557 3.30019 0.0579767</i>
                        <i>-0.16728 0.929209 0.329528 0.23299 0.362028 -0.90258 -0.957984 -0.0742071 -0.277056 1.73374 3.32874 0.059957</i>
                        <i>-0.0513 0.970782 0.234417 0.262219 0.239584 -0.934795 -0.963644 0.0135136 -0.266848 1.77732 3.35269 0.0348309</i>
                        <i>0.087978 0.993282 0.0751743 0.298262 0.045737 -0.953388 -0.950421 0.106299 -0.292234 1.83944 3.35475 -0.00989305</i>
                        <i>0.252536 0.962675 -0.0973798 0.362431 -0.187427 -0.91297 -0.897145 0.195264 -0.396235 1.9006 3.32584 -0.0634674</i>
                        <i>0.417952 0.8818 -0.218507 0.417574 -0.400079 -0.815824 -0.806814 0.249733 -0.53543 1.94011 3.27111 -0.113504</i>
                        <i>0.528436 0.787148 -0.318046 0.410369 -0.564781 -0.715975 -0.743205 0.247831 -0.621472 1.93689 3.14246 -0.178639</i>
                        <i>0.558022 0.711136 -0.427665 0.339255 -0.665834 -0.664508 -0.75731 0.225722 -0.612806 1.89684 2.96539 -0.24548</i>
                        <i>0.52379 0.682117 -0.510255 0.248045 -0.695172 -0.674692 -0.814935 0.226831 -0.533319 1.85428 2.8667 -0.261744</i>
                        <i>0.417172 0.749828 -0.513541 0.202823 -0.627621 -0.751635 -0.885906 0.209403 -0.413909 1.81758 2.88293 -0.223945</i>
                        <i>0.209502 0.898187 -0.386484 0.259788 -0.432179 -0.863558 -0.942666 0.0805129 -0.323881 1.77114 2.94143 -0.167021</i>
                        <i>-0.107094 0.988609 -0.10575 0.309623 -0.0679113 -0.948431 -0.944809 -0.134314 -0.298823 1.73475 3.01515 -0.108129</i>
                        <i>-0.405472 0.89071 0.205497 0.202636 0.306795 -0.929954 -0.891365 -0.335429 -0.304887 1.72024 3.08489 -0.0599155</i>
                        <i>-0.511701 0.784328 0.350701 0.104782 0.462112 -0.88061 -0.852751 -0.413861 -0.318646 1.7249 3.13191 -0.0241633</i>
                        <i>-0.479222 0.804532 0.35082 0.120466 0.456216 -0.881677 -0.869387 -0.380257 -0.315548 1.74338 3.1519 0.000270203</i>
                        <i>-0.408161 0.852398 0.326838 0.15536 0.417652 -0.895226 -0.899593 -0.314619 -0.302897 1.76731 3.15525 0.0171195</i>
                        <i>-0.323545 0.899704 0.293003 0.191082 0.365405 -0.911025 -0.926718 -0.23877 -0.290143 1.7904 3.14715 0.0281243</i>
                        <i>-0.25664 0.929007 0.266614 0.215542 0.323919 -0.921205 -0.942167 -0.178951 -0.28337 1.80541 3.13469 0.0354915</i>
                        <i>-0.234962 0.935972 0.262199 0.223965 0.314625 -0.922416 -0.94585 -0.15801 -0.28355 1.80769 3.12721 0.0395482</i>
                        <i>-0.250263 0.928562 0.27412 0.219991 0.330263 -0.917895 -0.942853 -0.169411 -0.286928 1.80132 3.12822 0.0427156</i>
                        <i>-0.229047 0.941564 0.246971 0.229393 0.298781 -0.926342 -0.946 -0.155522 -0.284423 1.79219 3.13265 0.0481912</i>
                        <i>-0.150825 0.974257 0.167557 0.243815 0.20092 -0.948781 -0.958022 -0.102247 -0.267842 1.78276 3.13819 0.0542014</i>
                        <i>-0.0684055 0.994398 0.0805786 0.236753 0.0946408 -0.966949 -0.969159 -0.0470674 -0.241901 1.77541 3.14282 0.0590273</i>
                        <i>-0.0318747 0.998738 0.0388168 0.226188 0.0450369 -0.973042 -0.973562 -0.0222355 -0.227338 1.77245 3.14475 0.0610034</i>
                        <i>-0.0318747 0.998738 0.0388168 0.226188 0.0450369 -0.973042 -0.973562 -0.0222355 -0.227338 1.77245 3.14475 0.0610034</i>
                        <i>-0.0318747 0.998738 0.0388168 0.226188 0.0450369 -0.973042 -0.973562 -0.0222355 -0.227338 1.77245 3.14475 0.0610034</i>
                        <i>-0.0318747 0.998738 0.0388168 0.226188 0.0450369 -0.973042 -0.973562 -0.0222355 -0.227338 1.77245 3.14475 0.0610034</i>
                        <i>-0.0318747 0.998738 0.0388168 0.226188 0.0450369 -0.973042 -0.973562 -0.0222355 -0.227338 1.77245 3.14475 0.0610034</i>
                        <i>-0.0318747 0.998738 0.0388168 0.226188 0.0450369 -0.973042 -0.973562 -0.0222355 -0.227338 1.77245 3.14475 0.0610034</i>
                        <i>-0.0318747 0.998738 0.0388168 0.226188 0.0450369 -0.973042 -0.973562 -0.0222355 -0.227338 1.77245 3.14475 0.0610034</i>
                        <i>-0.0318747 0.998738 0.0388168 0.226188 0.0450369 -0.973042 -0.973562 -0.0222355 -0.227338 1.77245 3.14475 0.0610034</i>
                        <i>-0.0318747 0.998738 0.0388168 0.226188 0.0450369 -0.973042 -0.973562 -0.0222355 -0.227338 1.77245 3.14475 0.0610034</i>
                        <i>-0.0318747 0.998738 0.0388168 0.226188 0.0450369 -0.973042 -0.973562 -0.0222355 -0.227338 1.77245 3.14475 0.0610034</i>
                        <i>-0.0318747 0.998738 0.0388168 0.226188 0.0450369 -0.973042 -0.973562 -0.0222355 -0.227338 1.77245 3.14475 0.0610034</i>
                    </KeyFrames>
                </p>
            </i>
            <i>
                <p>
                    <Name><![CDATA[head_prop]]></Name>
                    <Exclude>0</Exclude>
                    <Additive>0</Additive>
                    <IKPriority>0</IKPriority>
                    <IKRotLimits>-1e+010 -1e+010 -1e+010 1e+010 1e+010 1e+010</IKRotLimits>
                    <IKRotLimitOrder>0</IKRotLimitOrder>
                    <KeyFrames count="41">
                        <i>0.973562 0.0222355 0.227338 -0.0318747 0.998738 0.0388168 -0.226188 -0.0450369 0.973042 1.76206 3.47025 0.0736541</i>
                        <i>0.968451 -0.0627797 0.241167 0.0873712 0.991857 -0.0926587 -0.233386 0.110807 0.96605 1.85899 3.52993 -0.0662433</i>
                        <i>0.962939 -0.116999 0.243024 0.173755 0.958233 -0.227153 -0.206297 0.260961 0.943049 1.95009 3.52092 -0.272239</i>
                        <i>0.972302 -0.00347015 0.233703 0.0316587 0.99263 -0.116974 -0.231575 0.121133 0.965246 1.88934 3.43534 -0.286604</i>
                        <i>0.966704 0.0977374 0.236497 -0.127329 0.985375 0.113242 -0.22197 -0.139585 0.965011 1.82065 3.42249 -0.170809</i>
                        <i>0.964971 0.081683 0.249318 -0.148753 0.95313 0.26347 -0.216112 -0.291328 0.931893 1.78459 3.48051 -0.039286</i>
                        <i>0.968594 -0.0317585 0.246613 -0.0585521 0.934787 0.35035 -0.241657 -0.353786 0.903569 1.76637 3.59747 0.0795272</i>
                        <i>0.968683 0.00397956 0.24827 -0.143336 0.825415 0.546027 -0.202753 -0.564513 0.800135 1.66133 3.65807 0.22665</i>
                        <i>0.970772 -0.0847239 0.224553 -0.049944 0.843824 0.53429 -0.23475 -0.529889 0.81493 1.69529 3.72275 0.222956</i>
                        <i>0.961158 -0.135114 0.240666 0.0394122 0.930233 0.364847 -0.273172 -0.34119 0.899426 1.78326 3.74233 0.133286</i>
                        <i>0.945136 -0.14951 0.290458 0.143613 0.988757 0.0416421 -0.293418 0.00235593 0.955981 1.88487 3.70613 -0.00259896</i>
                        <i>0.897145 -0.195264 0.396235 0.303182 0.924551 -0.23084 -0.321265 0.327228 0.888657 1.98911 3.62873 -0.127042</i>
                        <i>0.806814 -0.249733 0.53543 0.472135 0.81734 -0.330218 -0.355162 0.51922 0.777349 2.07732 3.53718 -0.20957</i>
                        <i>0.743205 -0.247831 0.621472 0.562269 0.734794 -0.379384 -0.362631 0.631394 0.68545 2.10721 3.38239 -0.294919</i>
                        <i>0.75731 -0.225722 0.612806 0.56736 0.69209 -0.446221 -0.323395 0.685609 0.652193 2.07724 3.19129 -0.388114</i>
                        <i>0.814935 -0.226831 0.533319 0.52379 0.682117 -0.510255 -0.248045 0.695172 0.674692 2.02499 3.08901 -0.428041</i>
                        <i>0.885906 -0.209403 0.413909 0.417172 0.749828 -0.513541 -0.202823 0.627621 0.751635 1.95354 3.12731 -0.391312</i>
                        <i>0.942666 -0.0805129 0.323881 0.209502 0.898187 -0.386484 -0.259788 0.432179 0.863558 1.83941 3.23416 -0.29298</i>
                        <i>0.944809 0.134314 0.298823 -0.107094 0.988609 -0.10575 -0.309623 0.0679113 0.948431 1.69985 3.33735 -0.142594</i>
                        <i>0.891365 0.335429 0.304887 -0.405472 0.89071 0.205497 -0.202636 -0.306795 0.929954 1.58809 3.37518 0.00705762</i>
                        <i>0.852751 0.413861 0.318646 -0.511701 0.784328 0.350701 -0.104782 -0.462112 0.88061 1.55814 3.38753 0.0901335</i>
                        <i>0.869387 0.380257 0.315548 -0.479222 0.804532 0.35082 -0.120466 -0.456216 0.881677 1.58719 3.4141 0.114606</i>
                        <i>0.899593 0.314619 0.302897 -0.408161 0.852398 0.326838 -0.15536 -0.417652 0.895226 1.63429 3.43306 0.123639</i>
                        <i>0.926718 0.23877 0.290143 -0.323545 0.899704 0.293003 -0.191082 -0.365405 0.911025 1.68495 3.44037 0.123617</i>
                        <i>0.942167 0.178951 0.28337 -0.25664 0.929007 0.266614 -0.215542 -0.323919 0.921205 1.72177 3.43746 0.122383</i>
                        <i>0.94585 0.15801 0.28355 -0.234962 0.935972 0.262199 -0.223965 -0.314625 0.922416 1.73111 3.43226 0.125001</i>
                        <i>0.942853 0.169411 0.286928 -0.250263 0.928562 0.27412 -0.219991 -0.330263 0.917895 1.71976 3.43084 0.132054</i>
                        <i>0.946 0.155522 0.284423 -0.229047 0.941564 0.246971 -0.229393 -0.298781 0.926342 1.71754 3.43952 0.128681</i>
                        <i>0.958022 0.102247 0.267842 -0.150825 0.974257 0.167557 -0.243815 -0.20092 0.948781 1.7336 3.45571 0.10881</i>
                        <i>0.969159 0.0470674 0.241901 -0.0684055 0.994398 0.0805786 -0.236753 -0.0946408 0.966949 1.75311 3.4669 0.0852886</i>
                        <i>0.973562 0.0222355 0.227338 -0.0318747 0.998738 0.0388168 -0.226188 -0.0450369 0.973042 1.76206 3.47025 0.0736541</i>
                        <i>0.973562 0.0222355 0.227338 -0.0318747 0.998738 0.0388168 -0.226188 -0.0450369 0.973042 1.76206 3.47025 0.0736541</i>
                        <i>0.973562 0.0222355 0.227338 -0.0318747 0.998738 0.0388168 -0.226188 -0.0450369 0.973042 1.76206 3.47025 0.0736541</i>
                        <i>0.973562 0.0222355 0.227338 -0.0318747 0.998738 0.0388168 -0.226188 -0.0450369 0.973042 1.76206 3.47025 0.0736541</i>
                        <i>0.973562 0.0222355 0.227338 -0.0318747 0.998738 0.0388168 -0.226188 -0.0450369 0.973042 1.76206 3.47025 0.0736541</i>
                        <i>0.973562 0.0222355 0.227338 -0.0318747 0.998738 0.0388168 -0.226188 -0.0450369 0.973042 1.76206 3.47025 0.0736541</i>
                        <i>0.973562 0.0222355 0.227338 -0.0318747 0.998738 0.0388168 -0.226188 -0.0450369 0.973042 1.76206 3.47025 0.0736541</i>
                        <i>0.973562 0.0222355 0.227338 -0.0318747 0.998738 0.0388168 -0.226188 -0.0450369 0.973042 1.76206 3.47025 0.0736541</i>
                        <i>0.973562 0.0222355 0.227338 -0.0318747 0.998738 0.0388168 -0.226188 -0.0450369 0.973042 1.76206 3.47025 0.0736541</i>
                        <i>0.973562 0.0222355 0.227338 -0.0318747 0.998738 0.0388168 -0.226188 -0.0450369 0.973042 1.76206 3.47025 0.0736541</i>
                        <i>0.973562 0.0222355 0.227338 -0.0318747 0.998738 0.0388168 -0.226188 -0.0450369 0.973042 1.76206 3.47025 0.0736541</i>
                    </KeyFrames>
                </p>
            </i>
            <i>
                <p>
                    <Name><![CDATA[l_clav]]></Name>
                    <Exclude>0</Exclude>
                    <Additive>0</Additive>
                    <IKPriority>0</IKPriority>
                    <IKRotLimits>-1e+010 -1e+010 -1e+010 1e+010 1e+010 1e+010</IKRotLimits>
                    <IKRotLimitOrder>0</IKRotLimitOrder>
                    <KeyFrames count="41">
                        <i>0.444227 0.240615 0.862999 -0.415465 0.908751 -0.0395116 -0.793758 -0.340993 0.503659 1.87321 2.95338 0.0932628</i>
                        <i>0.447882 0.375238 0.811541 -0.343886 0.910144 -0.231042 -0.825315 -0.175598 0.536676 1.91317 2.90549 0.0293828</i>
                        <i>0.457609 0.583896 0.670567 -0.297637 0.811247 -0.50328 -0.837858 0.0307196 0.545023 1.95627 2.80447 -0.0696373</i>
                        <i>0.415804 0.673319 0.61135 -0.340529 0.738581 -0.58184 -0.843296 0.0337489 0.536389 1.9489 2.76584 -0.108422</i>
                        <i>0.405555 0.614294 0.676881 -0.335091 0.788874 -0.515161 -0.850435 -0.0178906 0.525777 1.91624 2.83817 -0.0809111</i>
                        <i>0.418215 0.477227 0.772885 -0.285887 0.876781 -0.386683 -0.862186 -0.0592415 0.503116 1.87028 2.95005 -0.0209301</i>
                        <i>0.411258 0.304594 0.859121 -0.268942 0.941105 -0.204919 -0.87094 -0.146779 0.468955 1.83364 3.04959 0.0349923</i>
