<?xml version="1.0" encoding="ISO-8859-1" ?>
<Animl Version="1">
    <ModellingPackage><![CDATA[Maya.2010]]></ModellingPackage>
    <SrcFile><![CDATA[anims\turrets\artillery\blue\~src\artillery_m198\artillery_m198_idle_crewman_c.mb]]></SrcFile>
    <FramesPerSecond>30</FramesPerSecond>
    <TotalFrames>91</TotalFrames>
    <Skeleton>
        <RefFrame>
            <Name><![CDATA[soldier_ref_frame]]></Name>
            <Exclude>0</Exclude>
            <Additive>0</Additive>
            <IKPriority>0</IKPriority>
            <IKRotLimits>-1e+010 -1e+010 -1e+010 1e+010 1e+010 1e+010</IKRotLimits>
            <IKRotLimitOrder>0</IKRotLimitOrder>
            <KeyFrames count="91">
                <i>1 0 0 0 1 0 0 0 1 3.27 1.33 1.34</i>
                <i>1 0 0 0 1 0 0 0 1 3.27 1.33 1.34</i>
                <i>1 0 0 0 1 0 0 0 1 3.27 1.33 1.34</i>
                <i>1 0 0 0 1 0 0 0 1 3.27 1.33 1.34</i>
                <i>1 0 0 0 1 0 0 0 1 3.27 1.33 1.34</i>
                <i>1 0 0 0 1 0 0 0 1 3.27 1.33 1.34</i>
                <i>1 0 0 0 1 0 0 0 1 3.27 1.33 1.34</i>
                <i>1 0 0 0 1 0 0 0 1 3.27 1.33 1.34</i>
                <i>1 0 0 0 1 0 0 0 1 3.27 1.33 1.34</i>
                <i>1 0 0 0 1 0 0 0 1 3.27 1.33 1.34</i>
                <i>1 0 0 0 1 0 0 0 1 3.27 1.33 1.34</i>
                <i>1 0 0 0 1 0 0 0 1 3.27 1.33 1.34</i>
                <i>1 0 0 0 1 0 0 0 1 3.27 1.33 1.34</i>
                <i>1 0 0 0 1 0 0 0 1 3.27 1.33 1.34</i>
                <i>1 0 0 0 1 0 0 0 1 3.27 1.33 1.34</i>
                <i>1 0 0 0 1 0 0 0 1 3.27 1.33 1.34</i>
                <i>1 0 0 0 1 0 0 0 1 3.27 1.33 1.34</i>
                <i>1 0 0 0 1 0 0 0 1 3.27 1.33 1.34</i>
                <i>1 0 0 0 1 0 0 0 1 3.27 1.33 1.34</i>
                <i>1 0 0 0 1 0 0 0 1 3.27 1.33 1.34</i>
                <i>1 0 0 0 1 0 0 0 1 3.27 1.33 1.34</i>
                <i>1 0 0 0 1 0 0 0 1 3.27 1.33 1.34</i>
                <i>1 0 0 0 1 0 0 0 1 3.27 1.33 1.34</i>
                <i>1 0 0 0 1 0 0 0 1 3.27 1.33 1.34</i>
                <i>1 0 0 0 1 0 0 0 1 3.27 1.33 1.34</i>
                <i>1 0 0 0 1 0 0 0 1 3.27 1.33 1.34</i>
                <i>1 0 0 0 1 0 0 0 1 3.27 1.33 1.34</i>
                <i>1 0 0 0 1 0 0 0 1 3.27 1.33 1.34</i>
                <i>1 0 0 0 1 0 0 0 1 3.27 1.33 1.34</i>
                <i>1 0 0 0 1 0 0 0 1 3.27 1.33 1.34</i>
                <i>1 0 0 0 1 0 0 0 1 3.27 1.33 1.34</i>
                <i>1 0 0 0 1 0 0 0 1 3.27 1.33 1.34</i>
                <i>1 0 0 0 1 0 0 0 1 3.27 1.33 1.34</i>
                <i>1 0 0 0 1 0 0 0 1 3.27 1.33 1.34</i>
                <i>1 0 0 0 1 0 0 0 1 3.27 1.33 1.34</i>
                <i>1 0 0 0 1 0 0 0 1 3.27 1.33 1.34</i>
                <i>1 0 0 0 1 0 0 0 1 3.27 1.33 1.34</i>
                <i>1 0 0 0 1 0 0 0 1 3.27 1.33 1.34</i>
                <i>1 0 0 0 1 0 0 0 1 3.27 1.33 1.34</i>
                <i>1 0 0 0 1 0 0 0 1 3.27 1.33 1.34</i>
                <i>1 0 0 0 1 0 0 0 1 3.27 1.33 1.34</i>
                <i>1 0 0 0 1 0 0 0 1 3.27 1.33 1.34</i>
                <i>1 0 0 0 1 0 0 0 1 3.27 1.33 1.34</i>
                <i>1 0 0 0 1 0 0 0 1 3.27 1.33 1.34</i>
                <i>1 0 0 0 1 0 0 0 1 3.27 1.33 1.34</i>
                <i>1 0 0 0 1 0 0 0 1 3.27 1.33 1.34</i>
                <i>1 0 0 0 1 0 0 0 1 3.27 1.33 1.34</i>
                <i>1 0 0 0 1 0 0 0 1 3.27 1.33 1.34</i>
                <i>1 0 0 0 1 0 0 0 1 3.27 1.33 1.34</i>
                <i>1 0 0 0 1 0 0 0 1 3.27 1.33 1.34</i>
                <i>1 0 0 0 1 0 0 0 1 3.27 1.33 1.34</i>
                <i>1 0 0 0 1 0 0 0 1 3.27 1.33 1.34</i>
                <i>1 0 0 0 1 0 0 0 1 3.27 1.33 1.34</i>
                <i>1 0 0 0 1 0 0 0 1 3.27 1.33 1.34</i>
                <i>1 0 0 0 1 0 0 0 1 3.27 1.33 1.34</i>
                <i>1 0 0 0 1 0 0 0 1 3.27 1.33 1.34</i>
                <i>1 0 0 0 1 0 0 0 1 3.27 1.33 1.34</i>
                <i>1 0 0 0 1 0 0 0 1 3.27 1.33 1.34</i>
                <i>1 0 0 0 1 0 0 0 1 3.27 1.33 1.34</i>
                <i>1 0 0 0 1 0 0 0 1 3.27 1.33 1.34</i>
                <i>1 0 0 0 1 0 0 0 1 3.27 1.33 1.34</i>
                <i>1 0 0 0 1 0 0 0 1 3.27 1.33 1.34</i>
                <i>1 0 0 0 1 0 0 0 1 3.27 1.33 1.34</i>
                <i>1 0 0 0 1 0 0 0 1 3.27 1.33 1.34</i>
                <i>1 0 0 0 1 0 0 0 1 3.27 1.33 1.34</i>
                <i>1 0 0 0 1 0 0 0 1 3.27 1.33 1.34</i>
                <i>1 0 0 0 1 0 0 0 1 3.27 1.33 1.34</i>
                <i>1 0 0 0 1 0 0 0 1 3.27 1.33 1.34</i>
                <i>1 0 0 0 1 0 0 0 1 3.27 1.33 1.34</i>
                <i>1 0 0 0 1 0 0 0 1 3.27 1.33 1.34</i>
                <i>1 0 0 0 1 0 0 0 1 3.27 1.33 1.34</i>
                <i>1 0 0 0 1 0 0 0 1 3.27 1.33 1.34</i>
                <i>1 0 0 0 1 0 0 0 1 3.27 1.33 1.34</i>
                <i>1 0 0 0 1 0 0 0 1 3.27 1.33 1.34</i>
                <i>1 0 0 0 1 0 0 0 1 3.27 1.33 1.34</i>
                <i>1 0 0 0 1 0 0 0 1 3.27 1.33 1.34</i>
                <i>1 0 0 0 1 0 0 0 1 3.27 1.33 1.34</i>
                <i>1 0 0 0 1 0 0 0 1 3.27 1.33 1.34</i>
                <i>1 0 0 0 1 0 0 0 1 3.27 1.33 1.34</i>
                <i>1 0 0 0 1 0 0 0 1 3.27 1.33 1.34</i>
                <i>1 0 0 0 1 0 0 0 1 3.27 1.33 1.34</i>
                <i>1 0 0 0 1 0 0 0 1 3.27 1.33 1.34</i>
                <i>1 0 0 0 1 0 0 0 1 3.27 1.33 1.34</i>
                <i>1 0 0 0 1 0 0 0 1 3.27 1.33 1.34</i>
                <i>1 0 0 0 1 0 0 0 1 3.27 1.33 1.34</i>
                <i>1 0 0 0 1 0 0 0 1 3.27 1.33 1.34</i>
                <i>1 0 0 0 1 0 0 0 1 3.27 1.33 1.34</i>
                <i>1 0 0 0 1 0 0 0 1 3.27 1.33 1.34</i>
                <i>1 0 0 0 1 0 0 0 1 3.27 1.33 1.34</i>
                <i>1 0 0 0 1 0 0 0 1 3.27 1.33 1.34</i>
                <i>1 0 0 0 1 0 0 0 1 3.27 1.33 1.34</i>
            </KeyFrames>
        </RefFrame>
        <Bones count="23">
            <i>
                <p>
                    <Name><![CDATA[pelvis]]></Name>
                    <Exclude>0</Exclude>
                    <Additive>0</Additive>
                    <IKPriority>0</IKPriority>
                    <IKRotLimits>-1e+010 -1e+010 -1e+010 1e+010 1e+010 1e+010</IKRotLimits>
                    <IKRotLimitOrder>2</IKRotLimitOrder>
                    <KeyFrames count="91">
                        <i>1 0 0 0 1 0 0 0 1 3.27405 2.4597 1.34014</i>
                        <i>1 0 0 0 1 0 0 0 1 3.27405 2.46141 1.34014</i>
                        <i>1 0 0 0 1 0 0 0 1 3.27405 2.46337 1.34014</i>
                        <i>1 0 0 0 1 0 0 0 1 3.27405 2.46542 1.34014</i>
                        <i>1 0 0 0 1 0 0 0 1 3.27405 2.46743 1.34014</i>
                        <i>1 0 0 0 1 0 0 0 1 3.27405 2.46924 1.34014</i>
                        <i>1 0 0 0 1 0 0 0 1 3.27405 2.47071 1.34014</i>
                        <i>1 0 0 0 1 0 0 0 1 3.27405 2.47171 1.34014</i>
                        <i>1 0 0 0 1 0 0 0 1 3.27405 2.47207 1.34014</i>
                        <i>1 0 0 0 1 0 0 0 1 3.27405 2.47175 1.34014</i>
                        <i>1 0 0 0 1 0 0 0 1 3.27405 2.47084 1.34014</i>
                        <i>1 0 0 0 1 0 0 0 1 3.27405 2.4694 1.34014</i>
                        <i>1 0 0 0 1 0 0 0 1 3.27405 2.4675 1.34014</i>
                        <i>1 0 0 0 1 0 0 0 1 3.27405 2.46521 1.34014</i>
                        <i>1 0 0 0 1 0 0 0 1 3.27405 2.46258 1.34014</i>
                        <i>1 0 0 0 1 0 0 0 1 3.27405 2.4597 1.34014</i>
                        <i>1 0 0 0 1 0 0 0 1 3.27405 2.4553 1.34105</i>
                        <i>1 0 0 0 1 0 0 0 1 3.27405 2.44917 1.34352</i>
                        <i>1 0 0 0 1 0 0 0 1 3.27405 2.44287 1.34716</i>
                        <i>1 0 0 0 1 0 0 0 1 3.27405 2.43799 1.35158</i>
                        <i>1 0 0 0 1 0 0 0 1 3.27405 2.4361 1.3564</i>
                        <i>1 0 0 0 1 0 0 0 1 3.27405 2.43849 1.36121</i>
                        <i>1 0 0 0 1 0 0 0 1 3.27405 2.44412 1.36563</i>
                        <i>1 0 0 0 1 0 0 0 1 3.27405 2.45104 1.36928</i>
                        <i>1 0 0 0 1 0 0 0 1 3.27405 2.45731 1.37175</i>
                        <i>1 0 0 0 1 0 0 0 1 3.27405 2.46099 1.37266</i>
                        <i>1 0 0 0 1 0 0 0 1 3.27405 2.46266 1.37266</i>
                        <i>1 0 0 0 1 0 0 0 1 3.27405 2.46419 1.37266</i>
                        <i>1 0 0 0 1 0 0 0 1 3.27405 2.4656 1.37266</i>
                        <i>1 0 0 0 1 0 0 0 1 3.27405 2.46689 1.37266</i>
                        <i>1 0 0 0 1 0 0 0 1 3.27405 2.46807 1.37266</i>
                        <i>1 0 0 0 1 0 0 0 1 3.27405 2.46912 1.37266</i>
                        <i>1 0 0 0 1 0 0 0 1 3.27405 2.47007 1.37266</i>
                        <i>1 0 0 0 1 0 0 0 1 3.27405 2.4709 1.37266</i>
                        <i>1 0 0 0 1 0 0 0 1 3.27405 2.47164 1.37266</i>
                        <i>1 0 0 0 1 0 0 0 1 3.27405 2.47227 1.37266</i>
                        <i>1 0 0 0 1 0 0 0 1 3.27405 2.47281 1.37266</i>
                        <i>1 0 0 0 1 0 0 0 1 3.27405 2.47325 1.37266</i>
                        <i>1 0 0 0 1 0 0 0 1 3.27405 2.47361 1.37266</i>
                        <i>1 0 0 0 1 0 0 0 1 3.27405 2.47388 1.37266</i>
                        <i>1 0 0 0 1 0 0 0 1 3.27405 2.47407 1.37266</i>
                        <i>1 0 0 0 1 0 0 0 1 3.27405 2.47418 1.37266</i>
                        <i>1 0 0 0 1 0 0 0 1 3.27405 2.47421 1.37266</i>
                        <i>1 0 0 0 1 0 0 0 1 3.27405 2.47418 1.37266</i>
                        <i>1 0 0 0 1 0 0 0 1 3.27405 2.47409 1.37266</i>
                        <i>1 0 0 0 1 0 0 0 1 3.27405 2.47393 1.37266</i>
                        <i>1 0 0 0 1 0 0 0 1 3.27405 2.47369 1.37266</i>
                        <i>1 0 0 0 1 0 0 0 1 3.27405 2.47338 1.37266</i>
                        <i>1 0 0 0 1 0 0 0 1 3.27405 2.473 1.37266</i>
                        <i>1 0 0 0 1 0 0 0 1 3.27405 2.47253 1.37266</i>
                        <i>1 0 0 0 1 0 0 0 1 3.27405 2.47197 1.37266</i>
                        <i>1 0 0 0 1 0 0 0 1 3.27405 2.47133 1.37266</i>
                        <i>1 0 0 0 1 0 0 0 1 3.27405 2.4706 1.37266</i>
                        <i>1 0 0 0 1 0 0 0 1 3.27405 2.46977 1.37266</i>
                        <i>1 0 0 0 1 0 0 0 1 3.27405 2.46884 1.37266</i>
                        <i>1 0 0 0 1 0 0 0 1 3.27405 2.46781 1.37266</i>
                        <i>1 0 0 0 1 0 0 0 1 3.27405 2.46667 1.37266</i>
                        <i>1 0 0 0 1 0 0 0 1 3.27405 2.46542 1.37266</i>
                        <i>1 0 0 0 1 0 0 0 1 3.27405 2.46406 1.37266</i>
                        <i>1 0 0 0 1 0 0 0 1 3.27405 2.46259 1.37266</i>
                        <i>1 0 0 0 1 0 0 0 1 3.27405 2.46099 1.37266</i>
                        <i>1 0 0 0 1 0 0 0 1 3.27405 2.45736 1.37149</i>
                        <i>1 0 0 0 1 0 0 0 1 3.27405 2.4511 1.3685</i>
                        <i>1 0 0 0 1 0 0 0 1 3.27405 2.44416 1.36446</i>
                        <i>1 0 0 0 1 0 0 0 1 3.27405 2.4385 1.36017</i>
                        <i>1 0 0 0 1 0 0 0 1 3.27405 2.4361 1.3564</i>
                        <i>1 0 0 0 1 0 0 0 1 3.27405 2.43802 1.35262</i>
                        <i>1 0 0 0 1 0 0 0 1 3.27405 2.44297 1.34833</i>
                        <i>1 0 0 0 1 0 0 0 1 3.27405 2.44931 1.3443</i>
                        <i>1 0 0 0 1 0 0 0 1 3.27405 2.45543 1.34131</i>
                        <i>1 0 0 0 1 0 0 0 1 3.27405 2.4597 1.34014</i>
                        <i>1 0 0 0 1 0 0 0 1 3.27405 2.46248 1.34014</i>
                        <i>1 0 0 0 1 0 0 0 1 3.27405 2.46519 1.34014</i>
                        <i>1 0 0 0 1 0 0 0 1 3.27405 2.46779 1.34014</i>
                        <i>1 0 0 0 1 0 0 0 1 3.27405 2.47021 1.34014</i>
                        <i>1 0 0 0 1 0 0 0 1 3.27405 2.4724 1.34014</i>
                        <i>1 0 0 0 1 0 0 0 1 3.27405 2.47432 1.34014</i>
                        <i>1 0 0 0 1 0 0 0 1 3.27405 2.47589 1.34014</i>
                        <i>1 0 0 0 1 0 0 0 1 3.27405 2.47709 1.34014</i>
                        <i>1 0 0 0 1 0 0 0 1 3.27405 2.47784 1.34014</i>
                        <i>1 0 0 0 1 0 0 0 1 3.27405 2.47811 1.34014</i>
                        <i>1 0 0 0 1 0 0 0 1 3.27405 2.47745 1.34014</i>
                        <i>1 0 0 0 1 0 0 0 1 3.27405 2.4757 1.34014</i>
                        <i>1 0 0 0 1 0 0 0 1 3.27405 2.47316 1.34014</i>
                        <i>1 0 0 0 1 0 0 0 1 3.27405 2.47014 1.34014</i>
                        <i>1 0 0 0 1 0 0 0 1 3.27405 2.46697 1.34014</i>
                        <i>1 0 0 0 1 0 0 0 1 3.27405 2.46395 1.34014</i>
                        <i>1 0 0 0 1 0 0 0 1 3.27405 2.4614 1.34014</i>
                        <i>1 0 0 0 1 0 0 0 1 3.27405 2.45963 1.34014</i>
                        <i>1 0 0 0 1 0 0 0 1 3.27405 2.45896 1.34014</i>
                        <i>1 0 0 0 1 0 0 0 1 3.27405 2.4597 1.34014</i>
                    </KeyFrames>
                </p>
            </i>
            <i>
                <p>
                    <Name><![CDATA[spine0]]></Name>
                    <Exclude>0</Exclude>
                    <Additive>0</Additive>
                    <IKPriority>0</IKPriority>
                    <IKRotLimits>-1e+010 -1e+010 -1e+010 1e+010 1e+010 1e+010</IKRotLimits>
                    <IKRotLimitOrder>0</IKRotLimitOrder>
                    <KeyFrames count="91">
                        <i>-0.0063285 0.997851 -0.0652163 -0.0780225 0.0645261 0.994861 0.996931 0.0113843 0.0774465 3.22694 2.5952 1.32942</i>
                        <i>-0.00783658 0.997727 -0.0669277 -0.0780071 0.0661159 0.994758 0.996922 0.0130163 0.0773117 3.227 2.59694 1.32941</i>
                        <i>-0.00938812 0.997579 -0.0689029 -0.0779774 0.0679657 0.994636 0.996911 0.0147106 0.0771506 3.22716 2.59895 1.32937</i>
                        <i>-0.0108991 0.997418 -0.070985 -0.0779354 0.0699259 0.994503 0.996899 0.0163714 0.076972 3.22738 2.60107 1.32931</i>
                        <i>-0.012289 0.997255 -0.0730227 -0.0778852 0.0718517 0.99437 0.996887 0.0179072 0.0767883 3.22764 2.60316 1.32922</i>
                        <i>-0.0134807 0.997102 -0.0748704 -0.0778331 0.0736036 0.994246 0.996875 0.0192305 0.0766154 3.22791 2.60506 1.32913</i>
                        <i>-0.0144004 0.996974 -0.076388 -0.0777874 0.0750474 0.994141 0.996866 0.020258 0.0764713 3.22814 2.6066 1.32901</i>
                        <i>-0.0149762 0.996885 -0.0774389 -0.0777569 0.0760519 0.994067 0.99686 0.0209088 0.0763757 3.22831 2.60764 1.32889</i>
                        <i>-0.0151366 0.996847 -0.0778878 -0.07775 0.0764874 0.994035 0.996858 0.0211021 0.0763471 3.22839 2.60802 1.32876</i>
                        <i>-0.0150293 0.996854 -0.0778248 -0.0777705 0.0764324 0.994037 0.996858 0.0209921 0.0763771 3.22833 2.60767 1.32862</i>
                        <i>-0.0147591 0.996892 -0.0773872 -0.0778109 0.0760158 0.994066 0.996859 0.0206931 0.0764471 3.22814 2.60668 1.32849</i>
                        <i>-0.0142342 0.996956 -0.0766562 -0.077859 0.0753261 0.994115 0.996863 0.0201188 0.0765498 3.22788 2.60514 1.32836</i>
                        <i>-0.0133187 0.997051 -0.075581 -0.0779065 0.0743232 0.994186 0.996872 0.0191295 0.0766869 3.22759 2.60313 1.32824</i>
                        <i>-0.0118034 0.997197 -0.0738898 -0.0779488 0.0727524 0.994299 0.996888 0.0174957 0.0768716 3.22732 2.60074 1.32815</i>
                        <i>-0.00947485 0.997409 -0.0713074 -0.0779827 0.0703564 0.994469 0.99691 0.0149832 0.077114 3.22712 2.59804 1.32809</i>
                        <i>-0.00613077 0.997696 -0.06757 -0.0780088 0.0668881 0.994706 0.996934 0.0113694 0.0774189 3.22704 2.59512 1.32807</i>
                        <i>-0.00362607 0.998162 -0.0604941 -0.0645999 0.0601344 0.996098 0.997905 0.00751983 0.0642631 3.22542 2.59021 1.32959</i>
                        <i>-0.00274893 0.998741 -0.0500842 -0.0277308 0.049989 0.998365 0.999612 0.00413331 0.0275585 3.22155 2.58277 1.33394</i>
                        <i>-0.00202407 0.999221 -0.0394022 0.0271379 0.0394427 0.998853 0.99963 0.000952461 -0.0271966 3.21702 2.57479 1.34078</i>
                        <i>-0.00125207 0.999509 -0.0313186 0.0936684 0.0312982 0.995111 0.995603 -0.00168762 -0.0936616 3.21337 2.56841 1.34953</i>
                        <i>-0.00187432 0.999608 -0.0279388 0.16485 0.0278654 0.985925 0.986317 -0.00275776 -0.164837 3.21202 2.56587 1.35913</i>
                        <i>-0.00626636 0.999542 -0.0296102 0.234019 0.0302543 0.971761 0.972212 -0.000839923 -0.234101 3.21378 2.56893 1.36818</i>
                        <i>-0.0144314 0.999337 -0.0334316 0.296016 0.0362062 0.954496 0.955074 0.00387843 -0.296342 3.21763 2.57608 1.37563</i>
                        <i>-0.0243539 0.999023 -0.0368754 0.346207 0.0430321 0.937171 0.937842 0.0100572 -0.346916 3.22212 2.5847 1.38093</i>
                        <i>-0.0335222 0.998677 -0.0389944 0.379898 0.0488203 0.923739 0.924421 0.0161518 -0.381032 3.22581 2.59229 1.38401</i>
                        <i>-0.0395441 0.998421 -0.0398857 0.392232 0.0522233 0.918383 0.919016 0.0206721 -0.393678 3.22734 2.59649 1.385</i>
                        <i>-0.0430356 0.998264 -0.0402016 0.392199 0.0538892 0.9183 0.918873 0.0237526 -0.393838 3.22738 2.59818 1.38498</i>
                        <i>-0.0460877 0.998119 -0.0404322 0.392174 0.0553044 0.918227 0.918736 0.0264626 -0.393985 3.22751 2.59976 1.38492</i>
                        <i>-0.0487293 0.997987 -0.0405882 0.392157 0.0564897 0.918162 0.918607 0.0288244 -0.39412 3.2277 2.60125 1.38484</i>
                        <i>-0.0509916 0.99787 -0.0406788 0.392149 0.0574661 0.918105 0.918487 0.0308634 -0.394244 3.22795 2.60263 1.38472</i>
                        <i>-0.0529079 0.997769 -0.0407127 0.39215 0.0582543 0.918055 0.918379 0.0326069 -0.394357 3.22825 2.60392 1.38459</i>
                        <i>-0.0545126 0.997683 -0.0406973 0.392158 0.0588745 0.918012 0.918281 0.0340834 -0.394459 3.22857 2.60509 1.38445</i>
                        <i>-0.0558405 0.997612 -0.0406391 0.392171 0.0593465 0.917976 0.918196 0.0353228 -0.394549 3.22892 2.60617 1.38429</i>
                        <i>-0.0569269 0.997555 -0.0405442 0.392189 0.0596894 0.917946 0.918122 0.0363549 -0.394627 3.22927 2.60714 1.38413</i>
                        <i>-0.0578066 0.997509 -0.0404176 0.392208 0.0599217 0.917923 0.918059 0.0372099 -0.394695 3.22961 2.608 1.38398</i>
                        <i>-0.058514 0.997474 -0.040264 0.392227 0.060061 0.917905 0.918005 0.0379176 -0.394751 3.22994 2.60875 1.38383</i>
                        <i>-0.0590829 0.997448 -0.0400876 0.392246 0.0601246 0.917893 0.917961 0.0385076 -0.394797 3.23024 2.60939 1.3837</i>
                        <i>-0.0595464 0.997428 -0.0398921 0.392262 0.0601288 0.917886 0.917924 0.0390087 -0.394833 3.23049 2.60993 1.38359</i>
                        <i>-0.0599368 0.997413 -0.0396811 0.392274 0.0600897 0.917884 0.917894 0.0394491 -0.394861 3.23068 2.61035 1.3835</i>
                        <i>-0.0602857 0.997401 -0.0394579 0.392282 0.0600228 0.917885 0.917867 0.0398567 -0.394881 3.23081 2.61066 1.38344</i>
                        <i>-0.0606242 0.99739 -0.0392259 0.392284 0.0599434 0.917889 0.917844 0.0402586 -0.394894 3.23086 2.61087 1.38342</i>
                        <i>-0.0609452 0.997379 -0.0390047 0.392283 0.0598669 0.917894 0.917824 0.0406404 -0.394903 3.23083 2.61097 1.38344</i>
                        <i>-0.0612227 0.997369 -0.0388225 0.392278 0.0598088 0.9179 0.917807 0.0409671 -0.394907 3.23076 2.61098 1.38347</i>
                        <i>-0.0614591 0.997359 -0.038695 0.392271 0.0597848 0.917905 0.917794 0.0412346 -0.394909 3.23064 2.61091 1.38352</i>
                        <i>-0.0616367 0.997351 -0.0386384 0.392262 0.0598026 0.917908 0.917786 0.0414204 -0.394908 3.23049 2.61076 1.38359</i>
                        <i>-0.0617258 0.997344 -0.0386505 0.39225 0.0598486 0.917909 0.917785 0.041498 -0.394903 3.2303 2.61053 1.38367</i>
                        <i>-0.0617096 0.997343 -0.0387208 0.392237 0.0599063 0.917911 0.917792 0.0414562 -0.394892 3.23009 2.61022 1.38376</i>
                        <i>-0.0615708 0.997347 -0.0388393 0.392223 0.0599597 0.917914 0.917807 0.041283 -0.394874 3.22986 2.60983 1.38387</i>
                        <i>-0.0612909 0.997358 -0.0389962 0.392207 0.0599926 0.917918 0.917833 0.0409654 -0.394848 3.22961 2.60935 1.38398</i>
                        <i>-0.0608507 0.997378 -0.0391821 0.392191 0.0599887 0.917926 0.917869 0.0404895 -0.394813 3.22936 2.60879 1.38409</i>
                        <i>-0.0602303 0.997407 -0.0393872 0.392176 0.0599312 0.917936 0.917916 0.0398409 -0.394768 3.22909 2.60814 1.38421</i>
                        <i>-0.0594091 0.997448 -0.0396015 0.392161 0.0598028 0.917951 0.917976 0.0390045 -0.394713 3.22883 2.6074 1.38433</i>
                        <i>-0.058366 0.997501 -0.0398143 0.392148 0.0595854 0.91797 0.918049 0.0379651 -0.394646 3.22857 2.60657 1.38445</i>
                        <i>-0.0570795 0.997567 -0.0400144 0.392139 0.0592602 0.917995 0.918134 0.0367076 -0.394567 3.22833 2.60565 1.38456</i>
                        <i>-0.0555282 0.997648 -0.0401893 0.392133 0.0588076 0.918027 0.918231 0.0352168 -0.394476 3.2281 2.60463 1.38466</i>
                        <i>-0.0536908 0.997743 -0.0403259 0.392133 0.0582071 0.918065 0.91834 0.0334785 -0.394373 3.22789 2.60352 1.38475</i>
                        <i>-0.0515467 0.997853 -0.0404096 0.392139 0.0574373 0.918111 0.918461 0.0314794 -0.394257 3.2277 2.60231 1.38484</i>
                        <i>-0.0490766 0.997977 -0.0404249 0.392152 0.0564765 0.918165 0.918591 0.0292077 -0.39413 3.22755 2.60101 1.3849</i>
                        <i>-0.0462627 0.998114 -0.0403549 0.392172 0.0553022 0.918228 0.918728 0.0266537 -0.39399 3.22744 2.5996 1.38496</i>
                        <i>-0.0430894 0.998263 -0.0401815 0.392199 0.0538919 0.9183 0.918871 0.0238098 -0.39384 3.22736 2.5981 1.38499</i>
                        <i>-0.0395441 0.998421 -0.0398857 0.392232 0.0522233 0.918383 0.919016 0.0206721 -0.393678 3.22734 2.59649 1.385</i>
                        <i>-0.0336042 0.998623 -0.0402787 0.375983 0.0499724 0.925278 0.926017 0.0159491 -0.377145 3.2258 2.5924 1.38293</i>
                        <i>-0.0245881 0.998857 -0.0409973 0.334311 0.0468643 0.941297 0.942142 0.0094389 -0.335081 3.2222 2.58499 1.37744</i>
                        <i>-0.0147212 0.999065 -0.040645 0.277854 0.0431358 0.959654 0.96051 0.00283386 -0.27823 3.21808 2.57658 1.36969</i>
                        <i>-0.00648155 0.999208 -0.0392538 0.217224 0.0397242 0.975313 0.9761 -0.00220534 -0.21731 3.21484 2.56961 1.36114</i>
                        <i>-0.00206717 0.999254 -0.0385658 0.162951 0.038387 0.985887 0.986632 -0.00424634 -0.162909 3.21365 2.56663 1.35371</i>
                        <i>-0.00156398 0.999171 -0.0406749 0.106981 0.0406087 0.993431 0.99426 -0.00279772 -0.106956 3.21511 2.56913 1.34698</i>
                        <i>-0.00258829 0.998949 -0.045757 0.042595 0.0458257 0.998041 0.999089 0.000634205 -0.0426688 3.21843 2.57539 1.34016</i>
                        <i>-0.00361558 0.998596 -0.052848 -0.0174285 0.0527774 0.998454 0.999842 0.00453105 0.0172132 3.22236 2.5832 1.33448</i>
                        <i>-0.00446046 0.998183 -0.0600881 -0.0611827 0.0597037 0.996339 0.998117 0.00812049 0.0608053 3.2256 2.59047 1.33075</i>
                        <i>-0.0063285 0.997851 -0.0652163 -0.0780225 0.0645261 0.994861 0.996931 0.0113843 0.0774465 3.22694 2.5952 1.32942</i>
                        <i>-0.0088317 0.997634 -0.0681844 -0.0779943 0.0672921 0.99468 0.996915 0.0141027 0.0772154 3.22704 2.59802 1.32943</i>
                        <i>-0.01054 0.997454 -0.0705274 -0.0779418 0.0694972 0.994533 0.996902 0.0159794 0.0770109 3.22733 2.60084 1.32944</i>
                        <i>-0.0115801 0.997314 -0.0723187 -0.077866 0.0712046 0.994418 0.996897 0.0171466 0.0768323 3.22775 2.60358 1.32947</i>
                        <i>-0.012081 0.997212 -0.0736339 -0.0777722 0.0724791 0.994333 0.996898 0.0177392 0.0766798 3.22825 2.60617 1.3295</i>
                        <i>-0.0121712 0.997143 -0.0745483 -0.0776689 0.0733858 0.994275 0.996905 0.0178916 0.0765538 3.22881 2.60855 1.32953</i>
                        <i>-0.0119769 0.997101 -0.0751367 -0.0775655 0.0739892 0.994238 0.996915 0.0177359 0.0764545 3.22936 2.61065 1.32957</i>
                        <i>-0.0116211 0.99708 -0.075472 -0.0774714 0.0743524 0.994218 0.996927 0.0174008 0.0763812 3.22987 2.6124 1.3296</i>
                        <i>-0.0112231 0.997073 -0.0756258 -0.0773955 0.0745375 0.99421 0.996937 0.0170112 0.0763324 3.23029 2.61373 1.32962</i>
                        <i>-0.0108996 0.997074 -0.0756679 -0.0773452 0.074605 0.994209 0.996945 0.0166891 0.0763057 3.23058 2.61458 1.32964</i>
                        <i>-0.0107661 0.997075 -0.0756668 -0.0773272 0.0746144 0.99421 0.996948 0.0165549 0.0762977 3.23069 2.61488 1.32965</i>
                        <i>-0.0106503 0.997096 -0.0754006 -0.0773535 0.0743574 0.994227 0.996947 0.0164213 0.0763369 3.23058 2.61419 1.32964</i>
                        <i>-0.010334 0.997155 -0.0746721 -0.077423 0.073654 0.994274 0.996945 0.0160562 0.0764416 3.23029 2.61234 1.32962</i>
                        <i>-0.00986309 0.99724 -0.0735842 -0.0775204 0.0726038 0.994344 0.996942 0.0155116 0.0765904 3.22987 2.60966 1.3296</i>
                        <i>-0.00928348 0.997344 -0.0722407 -0.0776304 0.071307 0.994429 0.996939 0.0148398 0.0767622 3.22936 2.60648 1.32957</i>
                        <i>-0.00864263 0.997457 -0.0707489 -0.0777394 0.0698672 0.994523 0.996936 0.0140953 0.0769378 3.22881 2.60312 1.32953</i>
                        <i>-0.00799008 0.997569 -0.0692219 -0.0778371 0.0683936 0.994617 0.996934 0.0133351 0.0771014 3.22825 2.59991 1.3295</i>
                        <i>-0.00737778 0.997673 -0.067779 -0.0779165 0.0670013 0.994706 0.996933 0.0126198 0.0772409 3.22775 2.59719 1.32947</i>
                        <i>-0.00685976 0.99776 -0.0665452 -0.0779744 0.0658105 0.994781 0.996932 0.0120128 0.0773483 3.22733 2.59527 1.32944</i>
                        <i>-0.00649145 0.997822 -0.0656484 -0.0780098 0.0649444 0.994835 0.996931 0.0115791 0.0774183 3.22704 2.5945 1.32943</i>
                        <i>-0.0063285 0.997851 -0.0652163 -0.0780225 0.0645261 0.994861 0.996931 0.0113843 0.0774465 3.22694 2.5952 1.32942</i>
                    </KeyFrames>
                </p>
            </i>
            <i>
                <p>
                    <Name><![CDATA[spine1]]></Name>
                    <Exclude>0</Exclude>
                    <Additive>0</Additive>
                    <IKPriority>0</IKPriority>
                    <IKRotLimits>-1e+010 -1e+010 -1e+010 1e+010 1e+010 1e+010</IKRotLimits>
                    <IKRotLimitOrder>0</IKRotLimitOrder>
                    <KeyFrames count="91">
                        <i>0.0559612 0.998427 0.00349817 -0.44969 0.0220763 0.892912 0.89143 -0.0515415 0.450218 3.22585 2.76677 1.31821</i>
                        <i>0.0545818 0.998506 0.00264374 -0.449526 0.0222083 0.892991 0.891598 -0.0499295 0.450067 3.22564 2.76904 1.31786</i>
                        <i>0.0525585 0.998616 0.00179042 -0.449344 0.0220484 0.893087 0.891812 -0.0477439 0.449881 3.22552 2.77164 1.31744</i>
                        <i>0.0501447 0.998741 0.000999695 -0.449153 0.021657 0.893192 0.892047 -0.0452379 0.449674 3.22548 2.77439 1.31697</i>
                        <i>0.0475894 0.998867 0.000332768 -0.448969 0.0210928 0.893299 0.892279 -0.0426609 0.449464 3.22548 2.77711 1.31649</i>
                        <i>0.0451369 0.998981 -0.000149095 -0.448807 0.0204118 0.893395 0.892488 -0.0402582 0.449271 3.22553 2.77961 1.31602</i>
                        <i>0.0430262 0.999074 -0.000384653 -0.448686 0.0196671 0.893473 0.892653 -0.0382702 0.449117 3.22559 2.78172 1.31559</i>
                        <i>0.041492 0.999139 -0.000312399 -0.448621 0.0189096 0.893522 0.892758 -0.0369339 0.449019 3.22565 2.78324 1.31525</i>
                        <i>0.0407657 0.999169 0.000129131 -0.448627 0.0181883 0.893534 0.892789 -0.0364835 0.448995 3.22569 2.784 1.31501</i>
                        <i>0.0410358 0.999157 0.000896603 -0.448678 0.0176256 0.89352 0.892751 -0.0370686 0.449023 3.22564 2.78391 1.31486</i>
                        <i>0.0421973 0.999107 0.00189979 -0.448753 0.0172541 0.893489 0.892659 -0.0385554 0.449081 3.2255 2.78304 1.31479</i>
                        <i>0.0442395 0.999016 0.00318244 -0.448865 0.017031 0.893437 0.892504 -0.0409537 0.449177 3.22534 2.78104 1.31483</i>
                        <i>0.0470265 0.998882 0.0047636 -0.449027 0.0168794 0.893359 0.89228 -0.0441505 0.449319 3.22523 2.77788 1.31499</i>
                        <i>0.0501413 0.99872 0.00658688 -0.449247 0.0166634 0.893252 0.891999 -0.0477479 0.449508 3.22525 2.77409 1.31531</i>
                        <i>0.0531137 0.998552 0.00857142 -0.449526 0.0162442 0.89312 0.891687 -0.0512899 0.449738 3.22548 2.7702 1.31578</i>
                        <i>0.0554168 0.998407 0.0106066 -0.449849 0.0154825 0.89297 0.891384 -0.0542569 0.44999 3.22599 2.76673 1.31645</i>
                        <i>0.0657304 0.997748 0.0133608 -0.434619 0.0165742 0.900462 0.898213 -0.0649946 0.43473 3.22479 2.76197 1.31918</i>
                        <i>0.0877815 0.996021 0.0153959 -0.392186 0.0203487 0.919661 0.915688 -0.0867672 0.392412 3.22107 2.75507 1.3253</i>
                        <i>0.113351 0.993463 0.0135599 -0.328214 0.0245595 0.944284 0.937778 -0.111486 0.328852 3.21666 2.74788 1.33396</i>
                        <i>0.134142 0.99094 0.00661837 -0.248537 0.0271774 0.968241 0.959289 -0.131527 0.249931 3.21314 2.74224 1.34408</i>
                        <i>0.142291 0.989818 -0.00367208 -0.159638 0.0266097 0.986817 0.976867 -0.139829 0.161799 3.21168 2.74003 1.35426</i>
                        <i>0.132697 0.991071 -0.0130405 -0.0690067 0.0223628 0.997365 0.988752 -0.131447 0.071358 3.21267 2.74275 1.36303</i>
                        <i>0.11035 0.993732 -0.0178531 0.0149005 0.0163067 0.999756 0.993781 -0.110589 -0.0130076 3.21513 2.74915 1.36984</i>
                        <i>0.0833013 0.996373 -0.0173982 0.0838119 0.0103921 0.996427 0.992994 -0.0844619 -0.0826422 3.21792 2.757 1.37457</i>
                        <i>0.0600953 0.998094 -0.0140434 0.130255 0.00610748 0.991462 0.989658 -0.0614114 -0.129639 3.22005 2.76406 1.3773</i>
                        <i>0.0493419 0.998709 -0.0120789 0.147366 0.00468158 0.989071 0.98785 -0.0505826 -0.146945 3.22054 2.76811 1.37814</i>
                        <i>0.0474227 0.998801 -0.0121213 0.147444 0.00500243 0.989058 0.987933 -0.048691 -0.14703 3.21998 2.76992 1.37806</i>
                        <i>0.0450997 0.998911 -0.0119201 0.147342 0.00515035 0.989072 0.988057 -0.0463632 -0.146949 3.21956 2.77177 1.37796</i>
                        <i>0.0424564 0.999032 -0.0115135 0.147072 0.00514895 0.989112 0.988214 -0.0436875 -0.146711 3.21928 2.77365 1.37783</i>
                        <i>0.0395762 0.999157 -0.0109397 0.14665 0.00502168 0.989176 0.988396 -0.0407522 -0.146328 3.21911 2.77552 1.37768</i>
                        <i>0.0365419 0.99928 -0.0102366 0.146093 0.00479157 0.989259 0.988596 -0.0376449 -0.145812 3.21904 2.77739 1.37752</i>
                        <i>0.033434 0.999396 -0.00944106 0.14542 0.00448135 0.98936 0.988805 -0.0344511 -0.145182 3.21904 2.77921 1.37735</i>
                        <i>0.0303303 0.999503 -0.00858909 0.144654 0.00411333 0.989474 0.989017 -0.0312535 -0.144457 3.21911 2.78099 1.37718</i>
                        <i>0.0273057 0.999597 -0.00771522 0.143817 0.00370943 0.989597 0.989227 -0.0281312 -0.143658 3.21922 2.78269 1.37701</i>
                        <i>0.0244314 0.999678 -0.00685268 0.142936 0.0032912 0.989726 0.98943 -0.0251599 -0.14281 3.21937 2.78431 1.37685</i>
                        <i>0.0217754 0.999745 -0.00603324 0.142037 0.00287988 0.989857 0.989622 -0.0224114 -0.141938 3.21952 2.78582 1.3767</i>
                        <i>0.0194021 0.999798 -0.00528741 0.141148 0.0024964 0.989985 0.989798 -0.0199541 -0.141071 3.21967 2.7872 1.37657</i>
                        <i>0.0173737 0.999838 -0.00464453 0.140298 0.00216145 0.990107 0.989957 -0.0178534 -0.140237 3.21979 2.78844 1.37647</i>
                        <i>0.0157495 0.999867 -0.00413306 0.139516 0.00189558 0.990218 0.990095 -0.0161721 -0.139467 3.21987 2.78952 1.37639</i>
                        <i>0.014588 0.999887 -0.00378085 0.138831 0.00171914 0.990314 0.990209 -0.0149716 -0.138791 3.2199 2.79042 1.37635</i>
                        <i>0.0139468 0.999896 -0.00361553 0.138275 0.00165247 0.990392 0.990296 -0.0143127 -0.138238 3.21985 2.79112 1.37636</i>
                        <i>0.0137688 0.999899 -0.0036152 0.137868 0.00168257 0.990449 0.990355 -0.0141357 -0.137831 3.21974 2.79161 1.37639</i>
                        <i>0.0139419 0.999896 -0.00373404 0.137626 0.00177993 0.990483 0.990386 -0.0143231 -0.137587 3.2196 2.79187 1.37645</i>
                        <i>0.0144427 0.999888 -0.00396463 0.137571 0.00194025 0.99049 0.990387 -0.0148507 -0.137527 3.21943 2.79191 1.37652</i>
                        <i>0.0152614 0.999874 -0.0043001 0.137727 0.00215748 0.990468 0.990353 -0.0157082 -0.137677 3.21925 2.79169 1.3766</i>
                        <i>0.0163844 0.999855 -0.00472848 0.138084 0.0024211 0.990418 0.990285 -0.0168803 -0.138024 3.21907 2.79122 1.37669</i>
                        <i>0.0177846 0.999828 -0.00523591 0.138611 0.00272068 0.990343 0.990187 -0.0183386 -0.138539 3.21889 2.79052 1.37679</i>
                        <i>0.0194356 0.999794 -0.00580887 0.139277 0.00304591 0.990249 0.990063 -0.0200552 -0.139189 3.21871 2.78961 1.37689</i>
                        <i>0.021311 0.999752 -0.00643377 0.140052 0.00338652 0.990138 0.989915 -0.0220019 -0.139945 3.21856 2.78851 1.37699</i>
                        <i>0.0233835 0.999701 -0.00709671 0.140904 0.00373213 0.990016 0.989747 -0.02415 -0.140775 3.21843 2.78724 1.3771</i>
                        <i>0.0256244 0.999641 -0.00778319 0.141803 0.0040723 0.989886 0.989563 -0.0264689 -0.141648 3.21833 2.78582 1.37721</i>
                        <i>0.0280033 0.999572 -0.00847793 0.14272 0.00439632 0.989753 0.989367 -0.0289263 -0.142535 3.21826 2.78428 1.37732</i>
                        <i>0.0304873 0.999493 -0.00916473 0.143624 0.00469328 0.989621 0.989163 -0.0314871 -0.143408 3.21824 2.78263 1.37743</i>
                        <i>0.033041 0.999406 -0.00982629 0.144488 0.00495198 0.989494 0.988955 -0.0341136 -0.144238 3.21828 2.78089 1.37754</i>
                        <i>0.0356263 0.999311 -0.0104442 0.145285 0.00516086 0.989376 0.988748 -0.0367652 -0.145001 3.21837 2.7791 1.37764</i>
                        <i>0.0382022 0.999209 -0.010999 0.145989 0.00530806 0.989272 0.988548 -0.0393981 -0.145671 3.21852 2.77725 1.37774</i>
                        <i>0.0407251 0.999105 -0.01147 0.146578 0.00538137 0.989184 0.98836 -0.0419659 -0.146227 3.21875 2.77539 1.37783</i>
                        <i>0.0431489 0.998999 -0.0118358 0.147028 0.00536828 0.989118 0.988191 -0.0444195 -0.14665 3.21906 2.77352 1.37792</i>
                        <i>0.0454257 0.998895 -0.0120742 0.147321 0.00525595 0.989075 0.988045 -0.0467082 -0.14692 3.21946 2.77167 1.378</i>
                        <i>0.0475065 0.998797 -0.0121627 0.147439 0.00503142 0.989058 0.98793 -0.0487799 -0.147023 3.21995 2.76986 1.37808</i>
                        <i>0.0493419 0.998709 -0.0120789 0.147366 0.00468158 0.989071 0.98785 -0.0505826 -0.146945 3.22054 2.76811 1.37814</i>
                        <i>0.0598441 0.998151 -0.0106312 0.125185 0.00306166 0.992129 0.990327 -0.0607039 -0.12477 3.22002 2.76415 1.376</i>
                        <i>0.0820006 0.996615 -0.00579964 0.068942 0.000133003 0.997621 0.994245 -0.0822053 -0.0686977 3.21795 2.75719 1.37038</i>
                        <i>0.106788 0.994277 0.00318857 -0.00647612 -0.00251129 0.999976 0.994261 -0.106806 0.0061709 3.21552 2.74944 1.36266</i>
                        <i>0.125959 0.991929 0.0145569 -0.0864077 -0.00364795 0.996253 0.988265 -0.126745 0.0852508 3.21371 2.74312 1.35433</i>
                        <i>0.132922 0.990845 0.0236052 -0.156732 -0.00250325 0.987638 0.978656 -0.134978 0.154964 3.21327 2.74043 1.347</i>
                        <i>0.124115 0.991895 0.0272022 -0.227547 0.00176764 0.973766 0.965825 -0.127048 0.225922 3.21482 2.74263 1.33992</i>
                        <i>0.104759 0.994176 0.0252914 -0.306903 0.00812816 0.951706 0.945958 -0.107462 0.305967 3.21797 2.74824 1.33224</i>
                        <i>0.082446 0.996432 0.0180658 -0.378976 0.0145809 0.925292 0.921727 -0.0831331 0.378825 3.22173 2.75538 1.32537</i>
                        <i>0.0641851 0.997898 0.00889913 -0.430337 0.0196314 0.902455 0.900383 -0.0617537 0.430693 3.22483 2.76218 1.32042</i>
                        <i>0.0559612 0.998427 0.00349817 -0.44969 0.0220763 0.892912 0.89143 -0.0515415 0.450218 3.22585 2.76677 1.31821</i>
                        <i>0.054103 0.998533 0.00204756 -0.449411 0.022519 0.893041 0.891685 -0.0492364 0.44997 3.22552 2.76976 1.31769</i>
                        <i>0.0513976 0.998678 0.00073155 -0.449186 0.0224634 0.893156 0.891959 -0.0462347 0.449746 3.2255 2.77293 1.31728</i>
                        <i>0.0481082 0.998842 -0.000440593 -0.449023 0.0220207 0.893249 0.892224 -0.0427747 0.449562 3.22573 2.77616 1.31695</i>
                        <i>0.044494 0.999009 -0.0014619 -0.448924 0.0213015 0.893316 0.892462 -0.0390909 0.449426 3.22614 2.77934 1.31671</i>
                        <i>0.0408064 0.999164 -0.00232773 -0.448884 0.0204139 0.893357 0.892658 -0.0354098 0.449342 3.22667 2.78234 1.31654</i>
                        <i>0.0372867 0.9993 -0.00303549 -0.448892 0.0194632 0.893374 0.892808 -0.0319484 0.449304 3.22725 2.78506 1.31642</i>
                        <i>0.0341661 0.99941 -0.00358456 -0.448933 0.0185516 0.893373 0.892912 -0.0289138 0.449302 3.22781 2.78738 1.31635</i>
                        <i>0.0316673 0.999491 -0.0039755 -0.448988 0.0177788 0.893361 0.892976 -0.0265053 0.449323 3.22829 2.78918 1.31631</i>
                        <i>0.0300078 0.999541 -0.00420949 -0.449037 0.0172431 0.893347 0.893009 -0.0249172 0.449348 3.22863 2.79034 1.3163</i>
                        <i>0.0294055 0.999558 -0.00428742 -0.449057 0.0170424 0.89334 0.893019 -0.0243438 0.44936 3.22876 2.79075 1.3163</i>
                        <i>0.0301447 0.999537 -0.0040702 -0.449075 0.0171812 0.893329 0.892985 -0.0251013 0.449385 3.22867 2.7899 1.31635</i>
                        <i>0.0321568 0.999477 -0.00347931 -0.449124 0.0175597 0.893297 0.89289 -0.027163 0.449454 3.22845 2.78761 1.3165</i>
                        <i>0.0351391 0.999379 -0.00260474 -0.449196 0.0181223 0.893249 0.892742 -0.030218 0.449554 3.22812 2.7843 1.31671</i>
                        <i>0.0387862 0.999246 -0.00153718 -0.449282 0.0188131 0.893192 0.892547 -0.0339529 0.449673 3.22773 2.78037 1.31697</i>
                        <i>0.0427823 0.999084 -0.000369754 -0.449375 0.0195735 0.893129 0.892318 -0.0380439 0.449801 3.2273 2.77624 1.31725</i>
                        <i>0.0467966 0.998904 0.000801143 -0.449468 0.0203404 0.893065 0.89207 -0.0421525 0.449927 3.22686 2.7723 1.31754</i>
                        <i>0.0504823 0.998723 0.00187574 -0.449553 0.0210463 0.893006 0.891826 -0.0459243 0.450041 3.22647 2.76898 1.3178</i>
                        <i>0.0534804 0.998565 0.00275186 -0.449623 0.0216197 0.892957 0.891616 -0.048993 0.450134 3.22615 2.76668 1.31801</i>
                        <i>0.0554261 0.998457 0.00332646 -0.449671 0.0219872 0.892924 0.891473 -0.0509871 0.450196 3.22593 2.7658 1.31816</i>
                        <i>0.0559612 0.998427 0.00349817 -0.44969 0.0220763 0.892912 0.89143 -0.0515415 0.450218 3.22585 2.76677 1.31821</i>
                    </KeyFrames>
                </p>
            </i>
            <i>
                <p>
