<?xml version="1.0" encoding="ISO-8859-1" ?>
<Animl Version="1">
    <ModellingPackage><![CDATA[Maya.2010]]></ModellingPackage>
    <SrcFile><![CDATA[anims\turrets\artillery\blue\~src\artillery_m270\artillery_m270_aim_low_crewman_a.mb]]></SrcFile>
    <FramesPerSecond>30</FramesPerSecond>
    <TotalFrames>30</TotalFrames>
    <Skeleton>
        <RefFrame>
            <Name><![CDATA[soldier_ref_frame]]></Name>
            <Exclude>0</Exclude>
            <Additive>0</Additive>
            <IKPriority>0</IKPriority>
            <IKRotLimits>-1e+010 -1e+010 -1e+010 1e+010 1e+010 1e+010</IKRotLimits>
            <IKRotLimitOrder>0</IKRotLimitOrder>
            <KeyFrames count="30">
                <i>1 0 0 0 1 0 0 0 1 3.55 1.33 -1.18</i>
                <i>1 0 0 0 1 0 0 0 1 3.55 1.33 -1.18</i>
                <i>1 0 0 0 1 0 0 0 1 3.55 1.33 -1.18</i>
                <i>1 0 0 0 1 0 0 0 1 3.55 1.33 -1.18</i>
                <i>1 0 0 0 1 0 0 0 1 3.55 1.33 -1.18</i>
                <i>1 0 0 0 1 0 0 0 1 3.55 1.33 -1.18</i>
                <i>1 0 0 0 1 0 0 0 1 3.55 1.33 -1.18</i>
                <i>1 0 0 0 1 0 0 0 1 3.55 1.33 -1.18</i>
                <i>1 0 0 0 1 0 0 0 1 3.55 1.33 -1.18</i>
                <i>1 0 0 0 1 0 0 0 1 3.55 1.33 -1.18</i>
                <i>1 0 0 0 1 0 0 0 1 3.55 1.33 -1.18</i>
                <i>1 0 0 0 1 0 0 0 1 3.55 1.33 -1.18</i>
                <i>1 0 0 0 1 0 0 0 1 3.55 1.33 -1.18</i>
                <i>1 0 0 0 1 0 0 0 1 3.55 1.33 -1.18</i>
                <i>1 0 0 0 1 0 0 0 1 3.55 1.33 -1.18</i>
                <i>1 0 0 0 1 0 0 0 1 3.55 1.33 -1.18</i>
                <i>1 0 0 0 1 0 0 0 1 3.55 1.33 -1.18</i>
                <i>1 0 0 0 1 0 0 0 1 3.55 1.33 -1.18</i>
                <i>1 0 0 0 1 0 0 0 1 3.55 1.33 -1.18</i>
                <i>1 0 0 0 1 0 0 0 1 3.55 1.33 -1.18</i>
                <i>1 0 0 0 1 0 0 0 1 3.55 1.33 -1.18</i>
                <i>1 0 0 0 1 0 0 0 1 3.55 1.33 -1.18</i>
                <i>1 0 0 0 1 0 0 0 1 3.55 1.33 -1.18</i>
                <i>1 0 0 0 1 0 0 0 1 3.55 1.33 -1.18</i>
                <i>1 0 0 0 1 0 0 0 1 3.55 1.33 -1.18</i>
                <i>1 0 0 0 1 0 0 0 1 3.55 1.33 -1.18</i>
                <i>1 0 0 0 1 0 0 0 1 3.55 1.33 -1.18</i>
                <i>1 0 0 0 1 0 0 0 1 3.55 1.33 -1.18</i>
                <i>1 0 0 0 1 0 0 0 1 3.55 1.33 -1.18</i>
                <i>1 0 0 0 1 0 0 0 1 3.55 1.33 -1.18</i>
            </KeyFrames>
        </RefFrame>
        <Bones count="23">
            <i>
                <p>
                    <Name><![CDATA[pelvis]]></Name>
                    <Exclude>0</Exclude>
                    <Additive>0</Additive>
                    <IKPriority>0</IKPriority>
                    <IKRotLimits>-1e+010 -1e+010 -1e+010 1e+010 1e+010 1e+010</IKRotLimits>
                    <IKRotLimitOrder>2</IKRotLimitOrder>
                    <KeyFrames count="30">
                        <i>1 0 0 0 1 0 0 0 1 3.54598 2.49292 -1.17634</i>
                        <i>1 0 0 0 1 0 0 0 1 3.54598 2.49275 -1.17634</i>
                        <i>1 0 0 0 1 0 0 0 1 3.54598 2.49226 -1.17634</i>
                        <i>1 0 0 0 1 0 0 0 1 3.54598 2.49149 -1.17634</i>
                        <i>1 0 0 0 1 0 0 0 1 3.54598 2.49051 -1.17634</i>
                        <i>1 0 0 0 1 0 0 0 1 3.54598 2.48936 -1.17634</i>
                        <i>1 0 0 0 1 0 0 0 1 3.54598 2.48808 -1.17634</i>
                        <i>1 0 0 0 1 0 0 0 1 3.54598 2.48673 -1.17634</i>
                        <i>1 0 0 0 1 0 0 0 1 3.54598 2.48535 -1.17634</i>
                        <i>1 0 0 0 1 0 0 0 1 3.54598 2.484 -1.17634</i>
                        <i>1 0 0 0 1 0 0 0 1 3.54598 2.48273 -1.17634</i>
                        <i>1 0 0 0 1 0 0 0 1 3.54598 2.48157 -1.17634</i>
                        <i>1 0 0 0 1 0 0 0 1 3.54598 2.48059 -1.17634</i>
                        <i>1 0 0 0 1 0 0 0 1 3.54598 2.47983 -1.17634</i>
                        <i>1 0 0 0 1 0 0 0 1 3.54598 2.47933 -1.17634</i>
                        <i>1 0 0 0 1 0 0 0 1 3.54598 2.47916 -1.17634</i>
                        <i>1 0 0 0 1 0 0 0 1 3.54598 2.47936 -1.17634</i>
                        <i>1 0 0 0 1 0 0 0 1 3.54598 2.47992 -1.17634</i>
                        <i>1 0 0 0 1 0 0 0 1 3.54598 2.48078 -1.17634</i>
                        <i>1 0 0 0 1 0 0 0 1 3.54598 2.48189 -1.17634</i>
                        <i>1 0 0 0 1 0 0 0 1 3.54598 2.48317 -1.17634</i>
                        <i>1 0 0 0 1 0 0 0 1 3.54598 2.48458 -1.17634</i>
                        <i>1 0 0 0 1 0 0 0 1 3.54598 2.48604 -1.17634</i>
                        <i>1 0 0 0 1 0 0 0 1 3.54598 2.48751 -1.17634</i>
                        <i>1 0 0 0 1 0 0 0 1 3.54598 2.48891 -1.17634</i>
                        <i>1 0 0 0 1 0 0 0 1 3.54598 2.4902 -1.17634</i>
                        <i>1 0 0 0 1 0 0 0 1 3.54598 2.4913 -1.17634</i>
                        <i>1 0 0 0 1 0 0 0 1 3.54598 2.49216 -1.17634</i>
                        <i>1 0 0 0 1 0 0 0 1 3.54598 2.49272 -1.17634</i>
                        <i>1 0 0 0 1 0 0 0 1 3.54598 2.49292 -1.17634</i>
                    </KeyFrames>
                </p>
            </i>
            <i>
                <p>
                    <Name><![CDATA[spine0]]></Name>
                    <Exclude>0</Exclude>
                    <Additive>0</Additive>
                    <IKPriority>0</IKPriority>
                    <IKRotLimits>-1e+010 -1e+010 -1e+010 1e+010 1e+010 1e+010</IKRotLimits>
                    <IKRotLimitOrder>0</IKRotLimitOrder>
                    <KeyFrames count="30">
                        <i>0.00706553 0.999968 0.00363875 -0.807645 0.00785216 -0.589617 -0.589626 0.00122714 0.807675 3.57422 2.62858 -1.21503</i>
                        <i>0.00913116 0.999957 0.00159484 -0.807681 0.00831568 -0.589561 -0.589549 0.00409526 0.807722 3.57359 2.62878 -1.21417</i>
                        <i>0.0110016 0.999939 -0.000279431 -0.807717 0.00872195 -0.589506 -0.589468 0.00671118 0.807764 3.57301 2.62862 -1.21337</i>
                        <i>0.0126621 0.999918 -0.00197232 -0.807752 0.00906599 -0.589453 -0.589387 0.00905687 0.8078 3.5725 2.62814 -1.21267</i>
                        <i>0.0140982 0.999895 -0.00347215 -0.807782 0.00934277 -0.589407 -0.589312 0.0111143 0.807829 3.57207 2.6274 -1.21208</i>
                        <i>0.015295 0.999872 -0.00476696 -0.807807 0.00954711 -0.58937 -0.589249 0.0128652 0.807849 3.57174 2.62642 -1.21163</i>
                        <i>0.0162369 0.999851 -0.00584415 -0.807823 0.00967378 -0.589346 -0.589202 0.0142902 0.80786 3.57153 2.62526 -1.21135</i>
                        <i>0.016908 0.999835 -0.00669041 -0.807829 0.00971746 -0.589337 -0.589175 0.0153692 0.807859 3.57146 2.62394 -1.21125</i>
                        <i>0.0172534 0.999825 -0.00724871 -0.807823 0.00966736 -0.589346 -0.589173 0.0160239 0.807848 3.57153 2.62253 -1.21135</i>
                        <i>0.0172382 0.999824 -0.00746639 -0.807807 0.00952634 -0.58937 -0.589195 0.0161911 0.807829 3.57173 2.62107 -1.21162</i>
                        <i>0.0168576 0.999831 -0.0073114 -0.807784 0.00930952 -0.589405 -0.589238 0.015842 0.807805 3.57204 2.61963 -1.21204</i>
                        <i>0.0161423 0.999847 -0.00680017 -0.807756 0.00903211 -0.589448 -0.589296 0.015008 0.807778 3.57243 2.61826 -1.21258</i>
                        <i>0.0151586 0.999867 -0.00599792 -0.807725 0.00870941 -0.589496 -0.589365 0.0137806 0.807749 3.57289 2.61702 -1.21321</i>
                        <i>0.0139733 0.99989 -0.00497033 -0.807693 0.00835678 -0.589544 -0.589438 0.0122524 0.807721 3.57339 2.61597 -1.21389</i>
                        <i>0.0126536 0.999913 -0.00378379 -0.807663 0.00798963 -0.589591 -0.589509 0.0105165 0.807693 3.57391 2.61517 -1.2146</i>
                        <i>0.0112676 0.999933 -0.00250541 -0.807635 0.00762338 -0.589633 -0.589575 0.00866723 0.807667 3.57443 2.61469 -1.21531</i>
                        <i>0.00988412 0.99995 -0.00120306 -0.807611 0.00727347 -0.589671 -0.589633 0.00679998 0.807643 3.57492 2.61459 -1.21599</i>
                        <i>0.0085722 0.999963 5.47243e-005 -0.807591 0.00695536 -0.589702 -0.58968 0.00501085 0.807621 3.57537 2.61487 -1.21661</i>
                        <i>0.00740153 0.999972 0.00119891 -0.807576 0.00668451 -0.589726 -0.589717 0.00339667 0.807603 3.57576 2.61549 -1.21714</i>
                        <i>0.006442 0.999977 0.0021601 -0.807565 0.00647638 -0.589743 -0.589744 0.00205471 0.807588 3.57606 2.6164 -1.21755</i>
                        <i>0.00576356 0.999979 0.00286877 -0.807558 0.00634641 -0.589754 -0.58976 0.00108239 0.807578 3.57626 2.61755 -1.21782</i>
                        <i>0.00518724 0.99998 0.00355762 -0.807556 0.00628725 -0.589758 -0.589768 0.000186236 0.807572 3.57633 2.61891 -1.21792</i>
                        <i>0.00461416 0.99998 0.00433328 -0.807557 0.0062819 -0.589756 -0.589771 -0.000778148 0.80757 3.5763 2.6204 -1.21788</i>
                        <i>0.00420542 0.999979 0.004977 -0.807561 0.00633145 -0.589751 -0.58977 -0.00153908 0.80757 3.57621 2.62192 -1.21775</i>
                        <i>0.00399462 0.999977 0.00544496 -0.807566 0.00643719 -0.589742 -0.589764 -0.00204137 0.807573 3.57606 2.62342 -1.21754</i>
                        <i>0.00401521 0.999976 0.00569354 -0.807574 0.00660039 -0.58973 -0.589753 -0.00223006 0.80758 3.57584 2.62485 -1.21724</i>
                        <i>0.00430031 0.999975 0.00567949 -0.807584 0.0068223 -0.589713 -0.589736 -0.00205072 0.807593 3.57555 2.62614 -1.21684</i>
                        <i>0.00488255 0.999974 0.0053601 -0.807599 0.00710412 -0.589689 -0.589711 -0.00144962 0.807613 3.57518 2.62723 -1.21635</i>
                        <i>0.00579391 0.999972 0.00469347 -0.807619 0.00744702 -0.589658 -0.589676 -0.000374114 0.80764 3.57474 2.62806 -1.21574</i>
                        <i>0.00706553 0.999968 0.00363875 -0.807645 0.00785216 -0.589617 -0.589626 0.00122714 0.807675 3.57422 2.62858 -1.21503</i>
                    </KeyFrames>
                </p>
            </i>
            <i>
                <p>
                    <Name><![CDATA[spine1]]></Name>
                    <Exclude>0</Exclude>
                    <Additive>0</Additive>
                    <IKPriority>0</IKPriority>
                    <IKRotLimits>-1e+010 -1e+010 -1e+010 1e+010 1e+010 1e+010</IKRotLimits>
                    <IKRotLimitOrder>0</IKRotLimitOrder>
                    <KeyFrames count="30">
                        <i>-0.0293921 0.998311 0.0501131 -0.760856 0.0101694 -0.648841 -0.648254 -0.0571997 0.759272 3.57543 2.79977 -1.21441</i>
                        <i>-0.0236618 0.998811 0.0426192 -0.760935 0.00965584 -0.648757 -0.648397 -0.0477812 0.759802 3.57515 2.79978 -1.21389</i>
                        <i>-0.0181965 0.999206 0.0354466 -0.760999 0.00915359 -0.648689 -0.648498 -0.0387787 0.760228 3.57489 2.79946 -1.21341</i>
                        <i>-0.0131481 0.999499 0.0287987 -0.761049 0.00867786 -0.648636 -0.648561 -0.0304456 0.760553 3.57466 2.79885 -1.213</i>
                        <i>-0.00866906 0.999701 0.0228792 -0.761086 0.00824397 -0.648599 -0.648593 -0.0230357 0.760787 3.57447 2.79799 -1.21267</i>
                        <i>-0.0049111 0.999828 0.0178913 -0.76111 0.00786733 -0.648575 -0.648604 -0.0168025 0.760941 3.57435 2.79693 -1.21244</i>
                        <i>-0.00202486 0.999899 0.0140371 -0.761123 0.00756353 -0.648564 -0.648605 -0.0119972 0.761031 3.5743 2.79571 -1.21234</i>
                        <i>-0.00015928 0.999934 0.0115162 -0.761124 0.00734824 -0.648565 -0.648606 -0.00886855 0.761072 3.57434 2.79437 -1.21238</i>
                        <i>0.000563964 0.999945 0.0104873 -0.761114 0.00723149 -0.648578 -0.648618 -0.00761627 0.761076 3.57447 2.79297 -1.21258</i>
                        <i>0.000187202 0.999941 0.0108952 -0.761092 0.00720955 -0.648603 -0.648643 -0.00817081 0.761049 3.57467 2.79155 -1.21289</i>
                        <i>-0.00118454 0.99992 0.0126076 -0.761061 0.00727687 -0.64864 -0.64868 -0.0103635 0.760991 3.57491 2.79018 -1.21329</i>
                        <i>-0.00339291 0.999875 0.0154197 -0.761019 0.00742142 -0.648687 -0.648721 -0.0139356 0.760899 3.57519 2.7889 -1.21374</i>
                        <i>-0.006258 0.999798 0.0190972 -0.760968 0.00762863 -0.648744 -0.648759 -0.0185922 0.760767 3.57548 2.78778 -1.21423</i>
                        <i>-0.00960066 0.99968 0.0234069 -0.760909 0.00788394 -0.64881 -0.648787 -0.0240396 0.76059 3.57578 2.78687 -1.21474</i>
                        <i>-0.0132431 0.999517 0.0281172 -0.760844 0.00817279 -0.648883 -0.648799 -0.0299861 0.760369 3.57607 2.78622 -1.21525</i>
                        <i>-0.0170097 0.999311 0.0329994 -0.760775 0.00848055 -0.64896 -0.648792 -0.0361438 0.760107 3.57635 2.78589 -1.21574</i>
                        <i>-0.0207275 0.999069 0.0378281 -0.760705 0.00879251 -0.649038 -0.648767 -0.042229 0.759815 3.57662 2.78594 -1.21619</i>
                        <i>-0.0242264 0.998808 0.0423817 -0.760638 0.00909385 -0.649113 -0.648724 -0.0479628 0.75951 3.57684 2.78637 -1.2166</i>
                        <i>-0.0273391 0.998547 0.0464424 -0.760577 0.00936961 -0.64918 -0.648672 -0.053071 0.759216 3.57703 2.78711 -1.21693</i>
                        <i>-0.0299004 0.998312 0.0497949 -0.760528 0.00960471 -0.649234 -0.648616 -0.0572828 0.758957 3.57717 2.78813 -1.21718</i>
                        <i>-0.0317463 0.998131 0.0522259 -0.760496 0.00978401 -0.649269 -0.648566 -0.0603294 0.758763 3.57725 2.78935 -1.21733</i>
                        <i>-0.0331065 0.99799 0.0540441 -0.760484 0.00993283 -0.649281 -0.648512 -0.062595 0.758626 3.57722 2.79074 -1.21731</i>
                        <i>-0.0342819 0.997862 0.055649 -0.760489 0.0100819 -0.649273 -0.648445 -0.0645787 0.758517 3.5771 2.79222 -1.21713</i>
                        <i>-0.035185 0.997759 0.0569209 -0.760506 0.0102204 -0.649251 -0.648377 -0.0661325 0.758442 3.57693 2.79372 -1.2169</i>
                        <i>-0.0357193 0.997693 0.0577288 -0.760536 0.0103364 -0.649214 -0.648313 -0.0670943 0.758412 3.57674 2.79518 -1.21661</i>
                        <i>-0.0357873 0.997678 0.0579406 -0.760578 0.0104181 -0.649163 -0.64826 -0.0673002 0.758439 3.57653 2.79654 -1.21627</i>
                        <i>-0.0352902 0.997726 0.0574224 -0.760632 0.0104538 -0.649099 -0.648224 -0.0665841 0.758533 3.57628 2.79774 -1.21587</i>
                        <i>-0.0341273 0.997845 0.056038 -0.760697 0.0104319 -0.649023 -0.648209 -0.0647773 0.758702 3.57602 2.79872 -1.21543</i>
                        <i>-0.0321962 0.998041 0.0536487 -0.760772 0.0103409 -0.648936 -0.64822 -0.0617078 0.758949 3.57573 2.79942 -1.21494</i>
                        <i>-0.0293921 0.998311 0.0501131 -0.760856 0.0101694 -0.648841 -0.648254 -0.0571997 0.759272 3.57543 2.79977 -1.21441</i>
                    </KeyFrames>
                </p>
            </i>
            <i>
                <p>
                    <Name><![CDATA[spine2]]></Name>
                    <Exclude>0</Exclude>
                    <Additive>0</Additive>
                    <IKPriority>0</IKPriority>
                    <IKRotLimits>-1e+010 -1e+010 -1e+010 1e+010 1e+010 1e+010</IKRotLimits>
                    <IKRotLimitOrder>0</IKRotLimitOrder>
                    <KeyFrames count="30">
                        <i>-0.112464 0.986443 0.11951 -0.709933 0.00438352 -0.704255 -0.695231 -0.164048 0.699816 3.57074 2.9572 -1.20656</i>
                        <i>-0.113791 0.986248 0.119864 -0.710044 0.00365523 -0.704148 -0.694902 -0.165234 0.699863 3.57137 2.95713 -1.20723</i>
                        <i>-0.114577 0.986182 0.119651 -0.710132 0.00291758 -0.704062 -0.694683 -0.165638 0.699986 3.57197 2.95673 -1.20789</i>
                        <i>-0.114873 0.986231 0.118963 -0.7102 0.00219672 -0.703996 -0.694565 -0.165358 0.700169 3.57254 2.95604 -1.20853</i>
                        <i>-0.114733 0.986376 0.117889 -0.71025 0.00151882 -0.703948 -0.694537 -0.164496 0.7004 3.57306 2.95512 -1.20913</i>
                        <i>-0.11421 0.9866 0.116519 -0.710285 0.000910085 -0.703914 -0.694587 -0.163155 0.700663 3.57352 2.95401 -1.20969</i>
                        <i>-0.113356 0.986883 0.114945 -0.710306 0.000396707 -0.703893 -0.694706 -0.161437 0.700944 3.57393 2.95276 -1.2102</i>
                        <i>-0.112227 0.987207 0.113259 -0.710314 4.79975e-006 -0.703885 -0.694881 -0.159444 0.701226 3.57426 2.95141 -1.21064</i>
                        <i>-0.110803 0.987572 0.111468 -0.710309 -0.000246145 -0.70389 -0.695115 -0.157169 0.701508 3.57451 2.95002 -1.21099</i>
                        <i>-0.109094 0.987973 0.109577 -0.710289 -0.00036059 -0.70391 -0.695405 -0.154624 0.701786 3.57465 2.94864 -1.21124</i>
                        <i>-0.107141 0.988405 0.107592 -0.710256 -0.00036339 -0.703943 -0.695742 -0.151839 0.70206 3.57468 2.94733 -1.21137</i>
                        <i>-0.104973 0.988863 0.105504 -0.710209 -0.000282243 -0.703991 -0.696121 -0.14883 0.702329 3.5746 2.94613 -1.21137</i>
                        <i>-0.102674 0.989329 0.103378 -0.710147 -0.000131299 -0.704053 -0.696526 -0.145702 0.702582 3.57444 2.9451 -1.21128</i>
                        <i>-0.100328 0.989786 0.101281 -0.710072 7.53068e-005 -0.70413 -0.696945 -0.142561 0.702811 3.57421 2.94429 -1.21111</i>
                        <i>-0.0980196 0.99022 0.0992771 -0.709984 0.000323553 -0.704218 -0.697363 -0.139512 0.703009 3.57393 2.94374 -1.21087</i>
                        <i>-0.0958312 0.990618 0.0974325 -0.709887 0.000599563 -0.704316 -0.697766 -0.136661 0.703169 3.57361 2.94351 -1.21059</i>
                        <i>-0.0938469 0.990965 0.0958136 -0.709785 0.000889613 -0.704417 -0.698139 -0.134114 0.703289 3.57328 2.94366 -1.21027</i>
                        <i>-0.0921503 0.991252 0.0944867 -0.709685 0.00118017 -0.704518 -0.698466 -0.131977 0.703368 3.57295 2.94417 -1.20995</i>
                        <i>-0.090825 0.991466 0.0935188 -0.709594 0.00145788 -0.70461 -0.698733 -0.130356 0.703406 3.57265 2.94498 -1.20964</i>
                        <i>-0.0899546 0.991596 0.0929771 -0.709519 0.00170949 -0.704685 -0.698922 -0.129359 0.703402 3.57238 2.94605 -1.20935</i>
                        <i>-0.089623 0.991631 0.0929292 -0.709468 0.00192184 -0.704735 -0.699015 -0.129091 0.703358 3.57216 2.94731 -1.20911</i>
                        <i>-0.0900611 0.991517 0.0937146 -0.709445 0.00217109 -0.704757 -0.698983 -0.129957 0.703231 3.57192 2.9487 -1.2088</i>
                        <i>-0.0913026 0.99124 0.095433 -0.709443 0.00250514 -0.704758 -0.698823 -0.132051 0.703 3.5716 2.95016 -1.20837</i>
                        <i>-0.0931378 0.990839 0.0977941 -0.70946 0.0028681 -0.70474 -0.698564 -0.135019 0.702694 3.5713 2.95162 -1.20794</i>
                        <i>-0.0954923 0.990324 0.100692 -0.709497 0.00323736 -0.704701 -0.698209 -0.138734 0.702323 3.57103 2.95303 -1.20752</i>
                        <i>-0.098292 0.989706 0.104019 -0.709552 0.00359026 -0.704644 -0.697764 -0.143068 0.701895 3.5708 2.95433 -1.20715</i>
                        <i>-0.101463 0.988996 0.107671 -0.709626 0.00390407 -0.704568 -0.697235 -0.147894 0.70142 3.57064 2.95545 -1.20684</i>
                        <i>-0.104931 0.988204 0.111541 -0.709716 0.00415607 -0.704476 -0.69663 -0.153084 0.700908 3.57057 2.95635 -1.20662</i>
                        <i>-0.108623 0.987348 0.115523 -0.70982 0.00432348 -0.70437 -0.695958 -0.158511 0.700369 3.57059 2.95695 -1.20652</i>
                        <i>-0.112464 0.986443 0.11951 -0.709933 0.00438352 -0.704255 -0.695231 -0.164048 0.699816 3.57074 2.9572 -1.20656</i>
                    </KeyFrames>
                </p>
            </i>
            <i>
                <p>
                    <Name><![CDATA[head]]></Name>
                    <Exclude>0</Exclude>
                    <Additive>0</Additive>
                    <IKPriority>0</IKPriority>
                    <IKRotLimits>-1e+010 -1e+010 -1e+010 1e+010 1e+010 1e+010</IKRotLimits>
                    <IKRotLimitOrder>0</IKRotLimitOrder>
                    <KeyFrames count="30">
                        <i>0.234151 0.960497 -0.150398 0.957532 -0.254613 -0.135293 -0.168242 -0.112332 -0.979324 3.54886 3.21294 -1.1848</i>
                        <i>0.225495 0.96366 -0.143216 0.959731 -0.245002 -0.137444 -0.167537 -0.106455 -0.980101 3.54843 3.2126 -1.18452</i>
                        <i>0.214509 0.967112 -0.136678 0.962343 -0.233195 -0.139698 -0.166976 -0.101565 -0.980716 3.54819 3.21196 -1.18445</i>
                        <i>0.201849 0.970629 -0.130905 0.965153 -0.219852 -0.141935 -0.166546 -0.0976942 -0.981182 3.54812 3.21108 -1.18458</i>
                        <i>0.188178 0.974016 -0.126025 0.967964 -0.205648 -0.144065 -0.166238 -0.0948774 -0.981511 3.54821 3.21001 -1.18489</i>
                        <i>0.174166 0.977108 -0.122169 0.970616 -0.191266 -0.146022 -0.166046 -0.093147 -0.981709 3.54845 3.20881 -1.18536</i>
                        <i>0.160493 0.979779 -0.119477 0.972984 -0.177397 -0.147758 -0.165965 -0.0925347 -0.981781 3.54883 3.20753 -1.18597</i>
                        <i>0.147842 0.981936 -0.11809 0.974981 -0.164742 -0.149238 -0.165996 -0.0930715 -0.981724 3.54935 3.20621 -1.1867</i>
                        <i>0.136981 0.983492 -0.118232 0.97654 -0.154095 -0.150415 -0.166151 -0.094854 -0.981528 3.55 3.20492 -1.18755</i>
                        <i>0.128484 0.984433 -0.119931 0.977647 -0.146028 -0.151272 -0.16643 -0.0978139 -0.98119 3.55075 3.20369 -1.18849</i>
                        <i>0.12283 0.984758 -0.123147 0.978305 -0.141005 -0.151778 -0.166829 -0.101833 -0.980713 3.55158 3.20258 -1.18949</i>
                        <i>0.12047 0.984455 -0.12781 0.97851 -0.139461 -0.151881 -0.167345 -0.106766 -0.9801 3.55247 3.20162 -1.19052</i>
                        <i>0.121762 0.983511 -0.133716 0.978245 -0.141709 -0.151512 -0.167963 -0.112358 -0.979369 3.55338 3.20085 -1.19156</i>
                        <i>0.126635 0.981936 -0.140592 0.977505 -0.14763 -0.150629 -0.168663 -0.118354 -0.978542 3.5543 3.2003 -1.19258</i>
                        <i>0.134371 0.979807 -0.148062 0.97634 -0.156453 -0.149273 -0.169423 -0.124501 -0.977648 3.55518 3.20001 -1.19355</i>
                        <i>0.144352 0.97719 -0.155764 0.974777 -0.167504 -0.147485 -0.170212 -0.130545 -0.976722 3.55601 3.20002 -1.19444</i>
                        <i>0.155959 0.974165 -0.163338 0.972851 -0.180116 -0.145328 -0.170993 -0.136238 -0.975808 3.55675 3.20038 -1.19522</i>
                        <i>0.168579 0.970843 -0.170427 0.970614 -0.193623 -0.142891 -0.171724 -0.141331 -0.974955 3.55737 3.20107 -1.19586</i>
                        <i>0.1816 0.96737 -0.176683 0.96815 -0.20737 -0.140296 -0.172357 -0.145578 -0.974218 3.55785 3.20203 -1.19634</i>
                        <i>0.194419 0.963932 -0.181762 0.965571 -0.220713 -0.137693 -0.172844 -0.148734 -0.973655 3.55816 3.20319 -1.19661</i>
                        <i>0.206439 0.960748 -0.18533 0.96302 -0.233018 -0.135258 -0.173134 -0.150554 -0.973323 3.55826 3.20451 -1.19667</i>
                        <i>0.217129 0.958059 -0.187025 0.960657 -0.243718 -0.13319 -0.173185 -0.150748 -0.973284 3.55801 3.2059 -1.19629</i>
                        <i>0.22637 0.955922 -0.187 0.958551 -0.252729 -0.13156 -0.173022 -0.149468 -0.973511 3.55739 3.20732 -1.19544</i>
                        <i>0.234147 0.954313 -0.185641 0.95674 -0.260102 -0.130367 -0.172697 -0.147086 -0.973931 3.55656 3.2087 -1.19434</i>
                        <i>0.240177 0.95333 -0.18297 0.95533 -0.26557 -0.129683 -0.172222 -0.14365 -0.974528 3.55555 3.21 -1.19302</i>
                        <i>0.244178 0.953066 -0.179004 0.954424 -0.268862 -0.129568 -0.171614 -0.139208 -0.975279 3.55438 3.21115 -1.19153</i>
                        <i>0.245868 0.953602 -0.173759 0.95412 -0.2697 -0.130062 -0.17089 -0.133809 -0.976162 3.5531 3.21208 -1.18991</i>
                        <i>0.244957 0.955001 -0.167243 0.954501 -0.267803 -0.131188 -0.170072 -0.127498 -0.977149 3.55173 3.21273 -1.18822</i>
                        <i>0.241152 0.957298 -0.159458 0.955627 -0.262875 -0.132941 -0.169182 -0.120323 -0.978213 3.5503 3.21304 -1.1865</i>
                        <i>0.234151 0.960497 -0.150398 0.957532 -0.254613 -0.135293 -0.168242 -0.112332 -0.979324 3.54886 3.21294 -1.1848</i>
                    </KeyFrames>
                </p>
            </i>
            <i>
                <p>
                    <Name><![CDATA[head_prop]]></Name>
                    <Exclude>0</Exclude>
                    <Additive>0</Additive>
                    <IKPriority>0</IKPriority>
                    <IKRotLimits>-1e+010 -1e+010 -1e+010 1e+010 1e+010 1e+010</IKRotLimits>
                    <IKRotLimitOrder>0</IKRotLimitOrder>
                    <KeyFrames count="30">
                        <i>0.168242 0.112332 0.979324 0.234151 0.960497 -0.150398 -0.957532 0.254613 0.135293 3.62517 3.52598 -1.23381</i>
                        <i>0.167537 0.106455 0.980101 0.225495 0.96366 -0.143216 -0.959731 0.245002 0.137444 3.62193 3.52666 -1.23119</i>
                        <i>0.166976 0.101565 0.980716 0.214509 0.967112 -0.136678 -0.962343 0.233195 0.139698 3.6181 3.52715 -1.229</i>
                        <i>0.166546 0.0976942 0.981182 0.201849 0.970629 -0.130905 -0.965153 0.219852 0.141935 3.6139 3.52742 -1.22725</i>
                        <i>0.166238 0.0948774 0.981511 0.188178 0.974016 -0.126025 -0.967964 0.205648 0.144065 3.60954 3.52745 -1.22596</i>
                        <i>0.166046 0.093147 0.981709 0.174166 0.977108 -0.122169 -0.970616 0.191266 0.146022 3.60521 3.52726 -1.22517</i>
                        <i>0.165965 0.0925347 0.981781 0.160493 0.979779 -0.119477 -0.972984 0.177397 0.147758 3.60114 3.52685 -1.2249</i>
                        <i>0.165996 0.0930715 0.981724 0.147842 0.981936 -0.11809 -0.974981 0.164742 0.149238 3.59753 3.52624 -1.22519</i>
                        <i>0.166151 0.094854 0.981528 0.136981 0.983492 -0.118232 -0.97654 0.154095 0.150415 3.59464 3.52545 -1.22609</i>
                        <i>0.16643 0.0978139 0.98119 0.128484 0.984433 -0.119931 -0.977647 0.146028 0.151272 3.59263 3.52453 -1.22758</i>
                        <i>0.166829 0.101833 0.980713 0.12283 0.984758 -0.123147 -0.978305 0.141005 0.151778 3.59161 3.52352 -1.22962</i>
                        <i>0.167345 0.106766 0.9801 0.12047 0.984455 -0.12781 -0.97851 0.139461 0.151881 3.59173 3.52246 -1.23217</i>
                        <i>0.167963 0.112358 0.979369 0.121762 0.983511 -0.133716 -0.978245 0.141709 0.151512 3.59307 3.52139 -1.23514</i>
                        <i>0.168663 0.118354 0.978542 0.126635 0.981936 -0.140592 -0.977505 0.14763 0.150629 3.59557 3.52032 -1.2384</i>
                        <i>0.169423 0.124501 0.977648 0.134371 0.979807 -0.148062 -0.97634 0.156453 0.149273 3.59898 3.51934 -1.2418</i>
                        <i>0.170212 0.130545 0.976722 0.144352 0.97719 -0.155764 -0.974777 0.167504 0.147485 3.60306 3.5185 -1.2452</i>
                        <i>0.170993 0.136238 0.975808 0.155959 0.974165 -0.163338 -0.972851 0.180116 0.145328 3.60758 3.51787 -1.24845</i>
                        <i>0.171724 0.141331 0.974955 0.168579 0.970843 -0.170427 -0.970614 0.193623 0.142891 3.61231 3.51747 -1.2514</i>
                        <i>0.172357 0.145578 0.974218 0.1816 0.96737 -0.176683 -0.96815 0.20737 0.140296 3.61704 3.5173 -1.25392</i>
                        <i>0.172844 0.148734 0.973655 0.194419 0.963932 -0.181762 -0.965571 0.220713 0.137693 3.62152 3.51735 -1.25585</i>
                        <i>0.173134 0.150554 0.973323 0.206439 0.960748 -0.18533 -0.96302 0.233018 0.135258 3.62554 3.51762 -1.25707</i>
                        <i>0.173185 0.150748 0.973284 0.217129 0.958059 -0.187025 -0.960657 0.243718 0.13319 3.62877 3.51814 -1.25724</i>
                        <i>0.173022 0.149468 0.973511 0.22637 0.955922 -0.187 -0.958551 0.252729 0.13156 3.63117 3.51886 -1.25639</i>
                        <i>0.172697 0.147086 0.973931 0.234147 0.954313 -0.185641 -0.95674 0.260102 0.130367 3.63287 3.51972 -1.25484</i>
                        <i>0.172222 0.14365 0.974528 0.240177 0.95333 -0.18297 -0.95533 0.26557 0.129683 3.63383 3.5207 -1.25265</i>
                        <i>0.171614 0.139208 0.975279 0.244178 0.953066 -0.179004 -0.954424 0.268862 0.129568 3.63396 3.52176 -1.24987</i>
                        <i>0.17089 0.133809 0.976162 0.245868 0.953602 -0.173759 -0.95412 0.2697 0.130062 3.63323 3.52287 -1.24654</i>
                        <i>0.170072 0.127498 0.977149 0.244957 0.955001 -0.167243 -0.954501 0.267803 0.131188 3.63156 3.52397 -1.24273</i>
                        <i>0.169182 0.120323 0.978213 0.241152 0.957298 -0.159458 -0.955627 0.262875 0.132941 3.6289 3.52503 -1.23847</i>
                        <i>0.168242 0.112332 0.979324 0.234151 0.960497 -0.150398 -0.957532 0.254613 0.135293 3.62517 3.52598 -1.23381</i>
                    </KeyFrames>
                </p>
            </i>
            <i>
                <p>
                    <Name><![CDATA[l_clav]]></Name>
                    <Exclude>0</Exclude>
                    <Additive>0</Additive>
                    <IKPriority>0</IKPriority>
                    <IKRotLimits>-1e+010 -1e+010 -1e+010 1e+010 1e+010 1e+010</IKRotLimits>
                    <IKRotLimitOrder>0</IKRotLimitOrder>
                    <KeyFrames count="30">
                        <i>0.714718 0.27691 0.642261 -0.172723 0.959725 -0.221576 -0.677751 0.0474308 0.733761 3.60179 3.01293 -1.11403</i>
                        <i>0.712437 0.279325 0.643748 -0.18083 0.95946 -0.216188 -0.678037 0.0376113 0.734065 3.60277 3.01246 -1.1152</i>
                        <i>0.709728 0.285289 0.644124 -0.190245 0.957978 -0.214676 -0.678302 0.0298207 0.734178 3.60372 3.01173 -1.11634</i>
                        <i>0.706665 0.294072 0.643542 -0.200421 0.955481 -0.216535 -0.678569 0.0240381 0.734143 3.60461 3.0108 -1.11742</i>
                        <i>0.703353 0.304938 0.642111 -0.210825 0.952157 -0.221246 -0.678857 0.020241 0.733991 3.60542 3.0097 -1.11843</i>
                        <i>0.699937 0.317154 0.639923 -0.220931 0.948195 -0.228286 -0.679174 0.0184068 0.733746 3.60614 3.00849 -1.11933</i>
                        <i>0.696601 0.329988 0.637067 -0.230228 0.943804 -0.237129 -0.679516 0.0185138 0.733427 3.60674 3.00722 -1.1201</i>
                        <i>0.693569 0.34272 0.633644 -0.238215 0.939213 -0.247251 -0.679865 0.020542 0.73305 3.6072 3.00593 -1.12072</i>
                        <i>0.691119 0.354634 0.629753 -0.244329 0.934682 -0.258212 -0.68019 0.0245884 0.732624 3.6075 3.00468 -1.12115</i>
                        <i>0.689481 0.365034 0.625593 -0.248202 0.930495 -0.269396 -0.68045 0.0304705 0.732161 3.60763 3.00351 -1.12138</i>
                        <i>0.688846 0.373256 0.621427 -0.249554 0.926954 -0.28014 -0.680598 0.0378937 0.731676 3.60758 3.00247 -1.1214</i>
                        <i>0.689374 0.378638 0.617573 -0.248121 0.924375 -0.289772 -0.680588 0.0465283 0.731188 3.60739 3.00163 -1.12124</i>
                        <i>0.691151 0.380503 0.614433 -0.243706 0.92309 -0.297512 -0.680381 0.0558849 0.730725 3.60706 3.00099 -1.12092</i>
                        <i>0.693896 0.379366 0.612037 -0.23689 0.922918 -0.30349 -0.679994 0.065605 0.730277 3.60665 3.00061 -1.12049</i>
                        <i>0.697156 0.376358 0.610187 -0.228665 0.923401 -0.308289 -0.679475 0.0753976 0.729815 3.60616 3.00051 -1.11996</i>
                        <i>0.700718 0.371726 0.608945 -0.219436 0.924455 -0.31182 -0.678854 0.0848735 0.729352 3.60563 3.00073 -1.11938</i>
                        <i>0.704377 0.365724 0.608357 -0.209612 0.926 -0.313984 -0.678171 0.0936445 0.728914 3.60509 3.0013 -1.11877</i>
                        <i>0.707945 0.358609 0.608452 -0.199608 0.927972 -0.31468 -0.677474 0.101324 0.728535 3.60456 3.00219 -1.11817</i>
                        <i>0.71125 0.350642 0.60924 -0.189848 0.930316 -0.313799 -0.676817 0.107527 0.728256 3.60408 3.00333 -1.11761</i>
                        <i>0.714146 0.342084 0.610717 -0.180759 0.932987 -0.311227 -0.676256 0.111868 0.728123 3.60366 3.00464 -1.11711</i>
                        <i>0.716506 0.333196 0.612861 -0.172781 0.935945 -0.306846 -0.675844 0.113966 0.72818 3.60333 3.00604 -1.11672</i>
                        <i>0.718246 0.324171 0.615659 -0.1663 0.939171 -0.300504 -0.675623 0.113452 0.728465 3.603 3.00743 -1.11628</i>
                        <i>0.719429 0.31522 0.618917 -0.161305 0.942548 -0.292548 -0.675576 0.110633 0.728942 3.6026 3.00878 -1.11574</i>
                        <i>0.720151 0.306628 0.622384 -0.157683 0.945901 -0.283563 -0.675661 0.106069 0.729542 3.60222 3.01004 -1.1152</i>
                        <i>0.72042 0.298649 0.625943 -0.155579 0.949125 -0.273783 -0.675863 0.0998548 0.730232 3.60188 3.01117 -1.1147</i>
                        <i>0.720237 0.291536 0.629496 -0.155137 0.952117 -0.26345 -0.676159 0.0920879 0.730978 3.60162 3.01211 -1.11428</i>
                        <i>0.7196 0.285546 0.63296 -0.156497 0.954776 -0.252808 -0.676524 0.0828647 0.731744 3.60145 3.01281 -1.11396</i>
                        <i>0.718492 0.28094 0.636272 -0.159794 0.957 -0.242111 -0.67693 0.0722823 0.732489 3.60141 3.01322 -1.11379</i>
                        <i>0.716882 0.277975 0.639382 -0.165161 0.958685 -0.231613 -0.677349 0.0604382 0.733175 3.60151 3.01327 -1.1138</i>
                        <i>0.714718 0.27691 0.642261 -0.172723 0.959725 -0.221576 -0.677751 0.0474308 0.733761 3.60179 3.01293 -1.11403</i>
                    </KeyFrames>
                </p>
            </i>
            <i>
                <p>
                    <Name><![CDATA[l_shoulder]]></Name>
                    <Exclude>0</Exclude>
                    <Additive>0</Additive>
                    <IKPriority>0</IKPriority>
                    <IKRotLimits>-1e+010 -1e+010 -1e+010 1e+010 1e+010 1e+010</IKRotLimits>
                    <IKRotLimitOrder>0</IKRotLimitOrder>
                    <KeyFrames count="30">
                        <i>0.632271 -0.733254 0.250145 0.68656 0.679897 0.257633 -0.358983 0.00884583 0.933302 3.743 3.06764 -0.987133</i>
                        <i>0.632751 -0.731596 0.253761 0.68426 0.68167 0.259065 -0.362512 0.00971468 0.931929 3.74353 3.06765 -0.988006</i>
                        <i>0.632495 -0.730671 0.257041 0.682721 0.682646 0.260552 -0.365846 0.0106894 0.930614 3.74395 3.0681 -0.98907</i>
                        <i>0.63163 -0.730398 0.259928 0.681899 0.68292 0.261981 -0.368861 0.0117694 0.92941 3.74423 3.0689 -0.990271</i>
                        <i>0.63026 -0.730687 0.262429 0.681744 0.682589 0.263244 -0.37148 0.0129977 0.92835 3.74439 3.06995 -0.99156</i>
                        <i>0.62848 -0.73145 0.264562 0.682205 0.681743 0.26424 -0.373642 0.0144158 0.927461 3.74443 3.07116 -0.992894</i>
                        <i>0.626374 -0.732606 0.266353 0.68323 0.680463 0.26489 -0.375303 0.0160604 0.926763 3.74437 3.07242 -0.99423</i>
                        <i>0.624013 -0.734083 0.267825 0.684769 0.678822 0.265127 -0.376431 0.0179555 0.926271 3.74424 3.07364 -0.995523</i>
                        <i>0.621441 -0.73584 0.268981 0.686801 0.676856 0.264897 -0.376983 0.0201184 0.926002 3.74405 3.07475 -0.996723</i>
                        <i>0.61875 -0.737794 0.269832 0.689242 0.674651 0.264183 -0.376955 0.0225162 0.925958 3.74385 3.07563 -0.997774</i>
                        <i>0.61607 -0.739824 0.270402 0.691941 0.672333 0.263033 -0.376398 0.0250556 0.926119 3.74368 3.07622 -0.99862</i>
                        <i>0.613514 -0.741813 0.270767 0.694744 0.670036 0.2615 -0.375408 0.0276795 0.926446 3.74359 3.07644 -0.999219</i>
                        <i>0.611202 -0.743634 0.270999 0.697508 0.667897 0.259606 -0.374051 0.0303521 0.926911 3.74362 3.07617 -0.999523</i>
                        <i>0.609202 -0.745256 0.271047 0.700102 0.665969 0.25757 -0.372465 0.0328487 0.927465 3.74374 3.07557 -0.99956</i>
                        <i>0.607553 -0.746683 0.270821 0.702397 0.664265 0.255716 -0.370835 0.0348627 0.928044 3.7439 3.07487 -0.9994</i>
                        <i>0.606345 -0.747847 0.270315 0.70425 0.662881 0.254206 -0.369294 0.0362334 0.928606 3.74408 3.07417 -0.999064</i>
                        <i>0.605679 -0.748669 0.269531 0.705504 0.661922 0.253225 -0.36799 0.0367823 0.929102 3.74426 3.07356 -0.998574</i>
                        <i>0.605596 -0.749102 0.268515 0.706101 0.661448 0.252799 -0.366981 0.0365048 0.929512 3.74444 3.07305 -0.997954</i>
                        <i>0.606087 -0.749121 0.26735 0.706052 0.66148 0.252852 -0.366263 0.0355127 0.929833 3.7446 3.07261 -0.997235</i>
                        <i>0.60713 -0.74871 0.266132 0.705373 0.662028 0.253312 -0.365844 0.0339294 0.930057 3.74476 3.07223 -0.996448</i>
                        <i>0.608686 -0.747859 0.26497 0.704087 0.663092 0.254108 -0.365736 0.0318903 0.930172 3.7449 3.07187 -0.995628</i>
                        <i>0.610816 -0.746695 0.263345 0.702448 0.664522 0.254908 -0.365337 0.0292841 0.930414 3.74491 3.07148 -0.994641</i>
                        <i>0.613433 -0.745351 0.261058 0.700667 0.666158 0.255536 -0.36437 0.0261608 0.930887 3.74474 3.07106 -0.993452</i>
                        <i>0.616294 -0.743832 0.258642 0.698718 0.667975 0.256129 -0.363284 0.0228671 0.931398 3.7445 3.07062 -0.992228</i>
                        <i>0.619277 -0.742176 0.256264 0.696658 0.669919 0.256662 -0.362164 0.0195829 0.931909 3.74422 3.07018 -0.991027</i>
                        <i>0.622268 -0.740422 0.254081 0.694543 0.67194 0.257111 -0.361098 0.0164782 0.932382 3.74392 3.06971 -0.989901</i>
                        <i>0.625158 -0.738613 0.252245 0.692427 0.67399 0.257454 -0.36017 0.0137117 0.932786 3.74363 3.06923 -0.988903</i>
                        <i>0.627846 -0.73679 0.250896 0.69036 0.676024 0.257671 -0.359462 0.0114307 0.93309 3.74337 3.06872 -0.988081</i>
                        <i>0.630246 -0.734993 0.250151 0.688389 0.678005 0.257739 -0.35904 0.00976221 0.933271 3.74315 3.0682 -0.987477</i>
                        <i>0.632271 -0.733254 0.250145 0.68656 0.679897 0.257633 -0.358983 0.00884583 0.933302 3.743 3.06764 -0.987133</i>
                    </KeyFrames>
                </p>
            </i>
            <i>
                <p>
                    <Name><![CDATA[l_elbow]]></Name>
                    <Exclude>0</Exclude>
                    <Additive>0</Additive>
                    <IKPriority>0</IKPriority>
                    <IKRotLimits>-1e+010 -1e+010 -1e+010 1e+010 1e+010 1e+010</IKRotLimits>
                    <IKRotLimitOrder>0</IKRotLimitOrder>
                    <KeyFrames count="30">
                        <i>-0.544972 0.242757 0.802543 0.68564 0.679959 0.259911 -0.482601 0.691899 -0.537003 3.94867 2.82913 -0.905767</i>
                        <i>-0.547087 0.241075 0.80161 0.683331 0.681734 0.26134 -0.483482 0.69074 -0.537702 3.94935 2.82968 -0.905463</i>
                        <i>-0.548095 0.238752 0.801617 0.681783 0.682712 0.262823 -0.484524 0.690581 -0.536968 3.94968 2.83043 -0.905461</i>
                        <i>-0.548106 0.236016 0.802419 0.680953 0.68299 0.264249 -0.485677 0.691246 -0.535067 3.94969 2.83132 -0.905722</i>
                        <i>-0.547226 0.233073 0.803879 0.680792 0.682662 0.265509 -0.486894 0.692568 -0.532244 3.9494 2.83228 -0.906197</i>
                        <i>-0.545574 0.230135 0.805846 0.681248 0.681819 0.266503 -0.488109 0.694378 -0.528761 3.94886 2.83323 -0.906838</i>
                        <i>-0.543284 0.227414 0.808162 0.682269 0.680544 0.26715 -0.489236 0.696522 -0.524886 3.94812 2.83412 -0.907592</i>
                        <i>-0.540503 0.225123 0.810664 0.683804 0.678908 0.267387 -0.490171 0.698859 -0.520892 3.94721 2.83486 -0.908406</i>
