<?xml version="1.0" encoding="ISO-8859-1" ?>
<Animl Version="1">
    <ModellingPackage><![CDATA[Maya.2010]]></ModellingPackage>
    <SrcFile><![CDATA[anims\turrets\artillery\blue\~src\artillery_m102\artillery_m102_aim_random_crewman_a.mb]]></SrcFile>
    <FramesPerSecond>30</FramesPerSecond>
    <TotalFrames>60</TotalFrames>
    <Skeleton>
        <RefFrame>
            <Name><![CDATA[soldier_ref_frame]]></Name>
            <Exclude>0</Exclude>
            <Additive>0</Additive>
            <IKPriority>0</IKPriority>
            <IKRotLimits>-1e+010 -1e+010 -1e+010 1e+010 1e+010 1e+010</IKRotLimits>
            <IKRotLimitOrder>0</IKRotLimitOrder>
            <KeyFrames count="60">
                <i>1 0 0 0 1 0 0 0 1 1.91 1.34 -1.08</i>
                <i>1 0 0 0 1 0 0 0 1 1.91 1.34 -1.08</i>
                <i>1 0 0 0 1 0 0 0 1 1.91 1.34 -1.08</i>
                <i>1 0 0 0 1 0 0 0 1 1.91 1.34 -1.08</i>
                <i>1 0 0 0 1 0 0 0 1 1.91 1.34 -1.08</i>
                <i>1 0 0 0 1 0 0 0 1 1.91 1.34 -1.08</i>
                <i>1 0 0 0 1 0 0 0 1 1.91 1.34 -1.08</i>
                <i>1 0 0 0 1 0 0 0 1 1.91 1.34 -1.08</i>
                <i>1 0 0 0 1 0 0 0 1 1.91 1.34 -1.08</i>
                <i>1 0 0 0 1 0 0 0 1 1.91 1.34 -1.08</i>
                <i>1 0 0 0 1 0 0 0 1 1.91 1.34 -1.08</i>
                <i>1 0 0 0 1 0 0 0 1 1.91 1.34 -1.08</i>
                <i>1 0 0 0 1 0 0 0 1 1.91 1.34 -1.08</i>
                <i>1 0 0 0 1 0 0 0 1 1.91 1.34 -1.08</i>
                <i>1 0 0 0 1 0 0 0 1 1.91 1.34 -1.08</i>
                <i>1 0 0 0 1 0 0 0 1 1.91 1.34 -1.08</i>
                <i>1 0 0 0 1 0 0 0 1 1.91 1.34 -1.08</i>
                <i>1 0 0 0 1 0 0 0 1 1.91 1.34 -1.08</i>
                <i>1 0 0 0 1 0 0 0 1 1.91 1.34 -1.08</i>
                <i>1 0 0 0 1 0 0 0 1 1.91 1.34 -1.08</i>
                <i>1 0 0 0 1 0 0 0 1 1.91 1.34 -1.08</i>
                <i>1 0 0 0 1 0 0 0 1 1.91 1.34 -1.08</i>
                <i>1 0 0 0 1 0 0 0 1 1.91 1.34 -1.08</i>
                <i>1 0 0 0 1 0 0 0 1 1.91 1.34 -1.08</i>
                <i>1 0 0 0 1 0 0 0 1 1.91 1.34 -1.08</i>
                <i>1 0 0 0 1 0 0 0 1 1.91 1.34 -1.08</i>
                <i>1 0 0 0 1 0 0 0 1 1.91 1.34 -1.08</i>
                <i>1 0 0 0 1 0 0 0 1 1.91 1.34 -1.08</i>
                <i>1 0 0 0 1 0 0 0 1 1.91 1.34 -1.08</i>
                <i>1 0 0 0 1 0 0 0 1 1.91 1.34 -1.08</i>
                <i>1 0 0 0 1 0 0 0 1 1.91 1.34 -1.08</i>
                <i>1 0 0 0 1 0 0 0 1 1.91 1.34 -1.08</i>
                <i>1 0 0 0 1 0 0 0 1 1.91 1.34 -1.08</i>
                <i>1 0 0 0 1 0 0 0 1 1.91 1.34 -1.08</i>
                <i>1 0 0 0 1 0 0 0 1 1.91 1.34 -1.08</i>
                <i>1 0 0 0 1 0 0 0 1 1.91 1.34 -1.08</i>
                <i>1 0 0 0 1 0 0 0 1 1.91 1.34 -1.08</i>
                <i>1 0 0 0 1 0 0 0 1 1.91 1.34 -1.08</i>
                <i>1 0 0 0 1 0 0 0 1 1.91 1.34 -1.08</i>
                <i>1 0 0 0 1 0 0 0 1 1.91 1.34 -1.08</i>
                <i>1 0 0 0 1 0 0 0 1 1.91 1.34 -1.08</i>
                <i>1 0 0 0 1 0 0 0 1 1.91 1.34 -1.08</i>
                <i>1 0 0 0 1 0 0 0 1 1.91 1.34 -1.08</i>
                <i>1 0 0 0 1 0 0 0 1 1.91 1.34 -1.08</i>
                <i>1 0 0 0 1 0 0 0 1 1.91 1.34 -1.08</i>
                <i>1 0 0 0 1 0 0 0 1 1.91 1.34 -1.08</i>
                <i>1 0 0 0 1 0 0 0 1 1.91 1.34 -1.08</i>
                <i>1 0 0 0 1 0 0 0 1 1.91 1.34 -1.08</i>
                <i>1 0 0 0 1 0 0 0 1 1.91 1.34 -1.08</i>
                <i>1 0 0 0 1 0 0 0 1 1.91 1.34 -1.08</i>
                <i>1 0 0 0 1 0 0 0 1 1.91 1.34 -1.08</i>
                <i>1 0 0 0 1 0 0 0 1 1.91 1.34 -1.08</i>
                <i>1 0 0 0 1 0 0 0 1 1.91 1.34 -1.08</i>
                <i>1 0 0 0 1 0 0 0 1 1.91 1.34 -1.08</i>
                <i>1 0 0 0 1 0 0 0 1 1.91 1.34 -1.08</i>
                <i>1 0 0 0 1 0 0 0 1 1.91 1.34 -1.08</i>
                <i>1 0 0 0 1 0 0 0 1 1.91 1.34 -1.08</i>
                <i>1 0 0 0 1 0 0 0 1 1.91 1.34 -1.08</i>
                <i>1 0 0 0 1 0 0 0 1 1.91 1.34 -1.08</i>
                <i>1 0 0 0 1 0 0 0 1 1.91 1.34 -1.08</i>
            </KeyFrames>
        </RefFrame>
        <Bones count="23">
            <i>
                <p>
                    <Name><![CDATA[pelvis]]></Name>
                    <Exclude>0</Exclude>
                    <Additive>0</Additive>
                    <IKPriority>0</IKPriority>
                    <IKRotLimits>-1e+010 -1e+010 -1e+010 1e+010 1e+010 1e+010</IKRotLimits>
                    <IKRotLimitOrder>2</IKRotLimitOrder>
                    <KeyFrames count="60">
                        <i>1 0 0 0 1 0 0 0 1 1.8817 2.24043 -1.03912</i>
                        <i>1 0 0 0 1 0 0 0 1 1.87906 2.24728 -1.04103</i>
                        <i>1 0 0 0 1 0 0 0 1 1.87197 2.26576 -1.04618</i>
                        <i>1 0 0 0 1 0 0 0 1 1.86163 2.29277 -1.05368</i>
                        <i>1 0 0 0 1 0 0 0 1 1.84928 2.3252 -1.06264</i>
                        <i>1 0 0 0 1 0 0 0 1 1.83613 2.35994 -1.07218</i>
                        <i>1 0 0 0 1 0 0 0 1 1.82341 2.3939 -1.08141</i>
                        <i>1 0 0 0 1 0 0 0 1 1.81233 2.42396 -1.08944</i>
                        <i>1 0 0 0 1 0 0 0 1 1.80412 2.44703 -1.0954</i>
                        <i>1 0 0 0 1 0 0 0 1 1.8 2.46 -1.09838</i>
                        <i>1 0 0 0 1 0 0 0 1 1.8 2.45986 -1.09838</i>
                        <i>1 0 0 0 1 0 0 0 1 1.8 2.45944 -1.09838</i>
                        <i>1 0 0 0 1 0 0 0 1 1.8 2.45878 -1.09838</i>
                        <i>1 0 0 0 1 0 0 0 1 1.8 2.45792 -1.09838</i>
                        <i>1 0 0 0 1 0 0 0 1 1.8 2.45687 -1.09838</i>
                        <i>1 0 0 0 1 0 0 0 1 1.8 2.45568 -1.09838</i>
                        <i>1 0 0 0 1 0 0 0 1 1.8 2.45436 -1.09838</i>
                        <i>1 0 0 0 1 0 0 0 1 1.8 2.45296 -1.09838</i>
                        <i>1 0 0 0 1 0 0 0 1 1.8 2.45149 -1.09838</i>
                        <i>1 0 0 0 1 0 0 0 1 1.8 2.45 -1.09838</i>
                        <i>1 0 0 0 1 0 0 0 1 1.8 2.4485 -1.09838</i>
                        <i>1 0 0 0 1 0 0 0 1 1.8 2.44704 -1.09838</i>
                        <i>1 0 0 0 1 0 0 0 1 1.8 2.44564 -1.09838</i>
                        <i>1 0 0 0 1 0 0 0 1 1.8 2.44432 -1.09838</i>
                        <i>1 0 0 0 1 0 0 0 1 1.8 2.44313 -1.09838</i>
                        <i>1 0 0 0 1 0 0 0 1 1.8 2.44208 -1.09838</i>
                        <i>1 0 0 0 1 0 0 0 1 1.8 2.44122 -1.09838</i>
                        <i>1 0 0 0 1 0 0 0 1 1.8 2.44056 -1.09838</i>
                        <i>1 0 0 0 1 0 0 0 1 1.8 2.44015 -1.09838</i>
                        <i>1 0 0 0 1 0 0 0 1 1.8 2.44 -1.09838</i>
                        <i>1 0 0 0 1 0 0 0 1 1.8 2.44015 -1.09838</i>
                        <i>1 0 0 0 1 0 0 0 1 1.8 2.44056 -1.09838</i>
                        <i>1 0 0 0 1 0 0 0 1 1.8 2.44122 -1.09838</i>
                        <i>1 0 0 0 1 0 0 0 1 1.8 2.44208 -1.09838</i>
                        <i>1 0 0 0 1 0 0 0 1 1.8 2.44313 -1.09838</i>
                        <i>1 0 0 0 1 0 0 0 1 1.8 2.44432 -1.09838</i>
                        <i>1 0 0 0 1 0 0 0 1 1.8 2.44564 -1.09838</i>
                        <i>1 0 0 0 1 0 0 0 1 1.8 2.44704 -1.09838</i>
                        <i>1 0 0 0 1 0 0 0 1 1.8 2.4485 -1.09838</i>
                        <i>1 0 0 0 1 0 0 0 1 1.8 2.45 -1.09838</i>
                        <i>1 0 0 0 1 0 0 0 1 1.8 2.45149 -1.09838</i>
                        <i>1 0 0 0 1 0 0 0 1 1.8 2.45296 -1.09838</i>
                        <i>1 0 0 0 1 0 0 0 1 1.8 2.45436 -1.09838</i>
                        <i>1 0 0 0 1 0 0 0 1 1.8 2.45568 -1.09838</i>
                        <i>1 0 0 0 1 0 0 0 1 1.8 2.45687 -1.09838</i>
                        <i>1 0 0 0 1 0 0 0 1 1.8 2.45792 -1.09838</i>
                        <i>1 0 0 0 1 0 0 0 1 1.8 2.45878 -1.09838</i>
                        <i>1 0 0 0 1 0 0 0 1 1.8 2.45944 -1.09838</i>
                        <i>1 0 0 0 1 0 0 0 1 1.8 2.45986 -1.09838</i>
                        <i>1 0 0 0 1 0 0 0 1 1.8 2.46 -1.09838</i>
                        <i>1 0 0 0 1 0 0 0 1 1.80361 2.44846 -1.09576</i>
                        <i>1 0 0 0 1 0 0 0 1 1.81059 2.42865 -1.0907</i>
                        <i>1 0 0 0 1 0 0 0 1 1.82005 2.40279 -1.08384</i>
                        <i>1 0 0 0 1 0 0 0 1 1.83111 2.37313 -1.07582</i>
                        <i>1 0 0 0 1 0 0 0 1 1.84289 2.3419 -1.06727</i>
                        <i>1 0 0 0 1 0 0 0 1 1.85451 2.31134 -1.05884</i>
                        <i>1 0 0 0 1 0 0 0 1 1.86508 2.28367 -1.05117</i>
                        <i>1 0 0 0 1 0 0 0 1 1.87373 2.26114 -1.0449</i>
                        <i>1 0 0 0 1 0 0 0 1 1.87956 2.24598 -1.04067</i>
                        <i>1 0 0 0 1 0 0 0 1 1.8817 2.24043 -1.03912</i>
                    </KeyFrames>
                </p>
            </i>
            <i>
                <p>
                    <Name><![CDATA[spine0]]></Name>
                    <Exclude>0</Exclude>
                    <Additive>0</Additive>
                    <IKPriority>0</IKPriority>
                    <IKRotLimits>-1e+010 -1e+010 -1e+010 1e+010 1e+010 1e+010</IKRotLimits>
                    <IKRotLimitOrder>0</IKRotLimitOrder>
                    <KeyFrames count="60">
                        <i>-0.49018 0.861385 0.133191 -0.0346449 0.133433 -0.990452 -0.870933 -0.490114 -0.0355635 1.90842 2.38136 -1.05013</i>
                        <i>-0.485351 0.863743 0.13558 -0.0346966 0.135919 -0.990112 -0.873631 -0.485256 -0.0359994 1.90622 2.38813 -1.05199</i>
                        <i>-0.471282 0.870876 0.139527 -0.0343652 0.139945 -0.989563 -0.881313 -0.471158 -0.0360256 1.90031 2.40639 -1.057</i>
                        <i>-0.448635 0.882634 0.140298 -0.0330346 0.140498 -0.98953 -0.893104 -0.448572 -0.0338749 1.89169 2.43306 -1.06429</i>
                        <i>-0.418217 0.898485 0.133486 -0.0304364 0.133011 -0.990647 -0.907837 -0.418368 -0.0282807 1.88141 2.46504 -1.07301</i>
                        <i>-0.380498 0.917229 0.11795 -0.0270001 0.116471 -0.992827 -0.924388 -0.380953 -0.0195518 1.87048 2.49928 -1.08228</i>
                        <i>-0.339139 0.935604 0.0981333 -0.0237061 0.0957828 -0.99512 -0.940438 -0.33981 -0.0103041 1.85993 2.5327 -1.09124</i>
                        <i>-0.299775 0.950816 0.0780063 -0.0211123 0.075135 -0.99695 -0.953776 -0.300507 -0.00244967 1.85078 2.56226 -1.09905</i>
                        <i>-0.267893 0.961509 0.061097 -0.0194149 0.0580144 -0.998127 -0.963253 -0.268578 0.00312597 1.84408 2.58491 -1.10483</i>
                        <i>-0.248865 0.967213 0.0506376 -0.0186005 0.0475 -0.998698 -0.968359 -0.249483 0.00616956 1.84084 2.59762 -1.10774</i>
                        <i>-0.246485 0.967856 0.0500037 -0.01849 0.0468899 -0.998729 -0.96897 -0.247096 0.00633802 1.84097 2.59744 -1.10774</i>
                        <i>-0.240701 0.969383 0.0485799 -0.0182048 0.0455337 -0.998797 -0.970429 -0.241296 0.00668745 1.84131 2.59693 -1.10774</i>
                        <i>-0.233558 0.971203 0.0470736 -0.017813 0.0441308 -0.998867 -0.97218 -0.234132 0.00699289 1.84183 2.59611 -1.10774</i>
                        <i>-0.22717 0.972767 0.0460265 -0.0173665 0.0432081 -0.998915 -0.9737 -0.227723 0.00707801 1.8425 2.59504 -1.10775</i>
                        <i>-0.22372 0.973579 0.0457433 -0.0168967 0.0430516 -0.99893 -0.974507 -0.224253 0.00681873 1.84328 2.59375 -1.10775</i>
                        <i>-0.225442 0.973153 0.046365 -0.0164201 0.0437881 -0.998906 -0.974118 -0.225957 0.00610761 1.84414 2.59228 -1.10775</i>
                        <i>-0.231693 0.971618 0.0477205 -0.0159424 0.0452563 -0.998848 -0.972658 -0.232187 0.00500434 1.84503 2.59067 -1.10776</i>
                        <i>-0.239448 0.969657 0.0492876 -0.0154684 0.046948 -0.998778 -0.970786 -0.239918 0.00375743 1.84593 2.58897 -1.10777</i>
                        <i>-0.247119 0.967663 0.0506086 -0.0150179 0.0483974 -0.998715 -0.968869 -0.247562 0.00257237 1.84679 2.58721 -1.10778</i>
                        <i>-0.254529 0.965683 0.0516853 -0.0146242 0.0495959 -0.998662 -0.966955 -0.254945 0.00149879 1.84759 2.58544 -1.10779</i>
                        <i>-0.262069 0.96361 0.0526882 -0.0143207 0.0507072 -0.998611 -0.964943 -0.262459 0.000510835 1.84828 2.5837 -1.1078</i>
                        <i>-0.269476 0.961515 0.0535924 -0.0141399 0.0516945 -0.998563 -0.962903 -0.269846 -0.00033471 1.84883 2.58203 -1.10781</i>
                        <i>-0.276486 0.959479 0.0543688 -0.0141153 0.0525136 -0.99852 -0.960914 -0.276844 -0.000975969 1.84921 2.58049 -1.10783</i>
                        <i>-0.282839 0.95759 0.0549815 -0.0142811 0.0531115 -0.998486 -0.959061 -0.283196 -0.00134662 1.84939 2.57911 -1.10785</i>
                        <i>-0.288284 0.955942 0.0553865 -0.0146706 0.053426 -0.998464 -0.957433 -0.288653 -0.00137763 1.84932 2.57794 -1.10787</i>
                        <i>-0.292508 0.954649 0.0555375 -0.0152418 0.0534158 -0.998456 -0.956141 -0.292903 -0.00107397 1.84906 2.57698 -1.1079</i>
                        <i>-0.295189 0.953832 0.0553833 -0.0159231 0.053047 -0.998465 -0.955306 -0.295618 -0.000470899 1.84868 2.57625 -1.10792</i>
                        <i>-0.295905 0.953636 0.0549423 -0.0166995 0.0523448 -0.998489 -0.955071 -0.296375 0.000436208 1.8482 2.57577 -1.10795</i>
                        <i>-0.294683 0.954051 0.0542988 -0.0175551 0.0514075 -0.998523 -0.955434 -0.295202 0.00159953 1.84762 2.57556 -1.10798</i>
                        <i>-0.291947 0.954938 0.0534787 -0.0184744 0.0502738 -0.998565 -0.956256 -0.292516 0.00296458 1.84696 2.57564 -1.108</i>
                        <i>-0.288 0.956191 0.0524795 -0.0194418 0.0489519 -0.998612 -0.957433 -0.28862 0.00449196 1.84623 2.57604 -1.10803</i>
                        <i>-0.283459 0.957607 0.0513824 -0.0204433 0.0475339 -0.99866 -0.958766 -0.28413 0.00610271 1.84543 2.57672 -1.10806</i>
                        <i>-0.279322 0.958875 0.0503678 -0.0214688 0.0462059 -0.998701 -0.959957 -0.280041 0.00767959 1.84458 2.57765 -1.10808</i>
                        <i>-0.276229 0.959814 0.0495404 -0.0225112 0.0450705 -0.99873 -0.960828 -0.276993 0.00915678 1.84369 2.5788 -1.1081</i>
                        <i>-0.273778 0.960551 0.0488609 -0.0235614 0.0440884 -0.99875 -0.961504 -0.274587 0.0105614 1.84277 2.58014 -1.10812</i>
                        <i>-0.271458 0.961237 0.0483036 -0.0246107 0.043239 -0.998762 -0.962135 -0.272311 0.0119192 1.84182 2.58162 -1.10814</i>
                        <i>-0.269435 0.961825 0.0479235 -0.0256541 0.0425775 -0.998764 -0.962677 -0.270331 0.0132028 1.84087 2.58322 -1.10816</i>
                        <i>-0.26788 0.962268 0.0477647 -0.0266873 0.0421465 -0.998755 -0.963083 -0.268821 0.0143901 1.83991 2.58491 -1.10818</i>
                        <i>-0.266969 0.962516 0.0478607 -0.0277068 0.0419768 -0.998734 -0.963307 -0.267957 0.0154617 1.83897 2.58664 -1.10819</i>
                        <i>-0.26688 0.962522 0.0482369 -0.0287091 0.0420899 -0.998701 -0.963302 -0.267918 0.0164002 1.83805 2.58839 -1.10821</i>
                        <i>-0.26779 0.962235 0.0489148 -0.0296907 0.0425033 -0.998655 -0.96302 -0.268882 0.0171875 1.83716 2.59012 -1.10822</i>
                        <i>-0.269882 0.961599 0.0499204 -0.0306483 0.0432392 -0.998595 -0.962406 -0.271033 0.0178019 1.83632 2.59181 -1.10823</i>
                        <i>-0.273342 0.960543 0.0513838 -0.0315875 0.0444261 -0.998513 -0.961398 -0.274559 0.0181976 1.83554 2.59342 -1.10824</i>
                        <i>-0.278018 0.959093 0.0533608 -0.0325091 0.0461245 -0.998407 -0.960026 -0.27931 0.0183558 1.83483 2.59491 -1.10824</i>
                        <i>-0.283351 0.957397 0.0557021 -0.0333942 0.0481974 -0.998279 -0.958435 -0.284724 0.0183147 1.83419 2.59627 -1.10825</i>
                        <i>-0.288805 0.955615 0.058231 -0.0342164 0.0504813 -0.998139 -0.956776 -0.29026 0.0181185 1.83364 2.59744 -1.10825</i>
                        <i>-0.293867 0.953916 0.060723 -0.0349406 0.052765 -0.997995 -0.955208 -0.295399 0.0178245 1.8332 2.59841 -1.10825</i>
                        <i>-0.298052 0.952475 0.0629016 -0.0355219 0.0547836 -0.997866 -0.953889 -0.29965 0.0175053 1.83287 2.59915 -1.10826</i>
                        <i>-0.300898 0.951476 0.0644499 -0.0359089 0.0562299 -0.997772 -0.95298 -0.302541 0.0172471 1.83266 2.59961 -1.10826</i>
                        <i>-0.301949 0.951103 0.0650367 -0.0360489 0.0567809 -0.997736 -0.952642 -0.30361 0.0171413 1.83259 2.59977 -1.10826</i>
                        <i>-0.313474 0.947002 0.0701485 -0.0365612 0.0617807 -0.99742 -0.948893 -0.31523 0.0152568 1.83565 2.58836 -1.10571</i>
                        <i>-0.331257 0.940392 0.0770189 -0.0367149 0.0687189 -0.99696 -0.942826 -0.333078 0.0117627 1.84195 2.56869 -1.10077</i>
                        <i>-0.353614 0.931505 0.0851847 -0.036605 0.0772181 -0.996342 -0.934675 -0.355439 0.00679235 1.85066 2.54299 -1.09406</i>
                        <i>-0.378842 0.920659 0.0941625 -0.0363192 0.0868779 -0.995557 -0.924748 -0.380579 0.000524585 1.86094 2.51348 -1.08621</i>
                        <i>-0.405198 0.908359 0.103433 -0.0359397 0.0972227 -0.994614 -0.913522 -0.406733 -0.00674829 1.87195 2.4824 -1.07783</i>
                        <i>-0.430889 0.895373 0.112431 -0.0355404 0.107656 -0.993553 -0.901705 -0.432107 -0.0145659 1.88284 2.45197 -1.06955</i>
                        <i>-0.45408 0.882768 0.12055 -0.0351799 0.117433 -0.992458 -0.890266 -0.454896 -0.0222683 1.89277 2.42443 -1.06201</i>
                        <i>-0.472919 0.871883 0.127149 -0.0348969 0.125658 -0.99146 -0.880414 -0.473317 -0.0290002 1.90091 2.40199 -1.05583</i>
                        <i>-0.485562 0.864244 0.131576 -0.0347127 0.131331 -0.990731 -0.873513 -0.485628 -0.0337689 1.9064 2.38689 -1.05166</i>
                        <i>-0.49018 0.861385 0.133191 -0.0346449 0.133433 -0.990452 -0.870933 -0.490114 -0.0355635 1.90842 2.38136 -1.05013</i>
                    </KeyFrames>
                </p>
            </i>
            <i>
                <p>
                    <Name><![CDATA[spine1]]></Name>
                    <Exclude>0</Exclude>
                    <Additive>0</Additive>
                    <IKPriority>0</IKPriority>
                    <IKRotLimits>-1e+010 -1e+010 -1e+010 1e+010 1e+010 1e+010</IKRotLimits>
                    <IKRotLimitOrder>0</IKRotLimitOrder>
                    <KeyFrames count="60">
                        <i>-0.84185 0.476141 0.254124 -0.217344 0.1319 -0.967142 -0.494015 -0.869421 -0.00755373 1.82183 2.5336 -1.02659</i>
                        <i>-0.838727 0.482433 0.252576 -0.208781 0.143494 -0.967378 -0.502939 -0.864099 -0.0196293 1.82048 2.54079 -1.02803</i>
                        <i>-0.82866 0.502159 0.247304 -0.188196 0.16615 -0.967975 -0.527168 -0.848664 -0.0431777 1.81708 2.56025 -1.03235</i>
                        <i>-0.810033 0.536272 0.23719 -0.16343 0.181999 -0.969622 -0.56315 -0.82419 -0.059782 1.81256 2.5888 -1.03954</i>
                        <i>-0.780383 0.585087 0.220626 -0.143673 0.175619 -0.973918 -0.608573 -0.791727 -0.0529891 1.80786 2.62312 -1.04952</i>
                        <i>-0.735971 0.647928 0.196305 -0.134376 0.144387 -0.980355 -0.663544 -0.747891 -0.0191989 1.8039 2.65983 -1.06163</i>
                        <i>-0.678732 0.71529 0.166383 -0.133927 0.102203 -0.985707 -0.722071 -0.691314 0.0264278 1.80094 2.69548 -1.07417</i>
                        <i>-0.61686 0.775406 0.135017 -0.140741 0.0601088 -0.98822 -0.774387 -0.628596 0.0720526 1.79892 2.72679 -1.08555</i>
                        <i>-0.562158 0.819992 0.107665 -0.150195 0.0267954 -0.988293 -0.813277 -0.571748 0.108095 1.7979 2.75068 -1.0943</i>
                        <i>-0.528529 0.844085 0.0904233 -0.155665 0.00834565 -0.987775 -0.834521 -0.536144 0.126983 1.79799 2.76418 -1.09902</i>
                        <i>-0.527464 0.844822 0.089763 -0.153609 0.00907974 -0.98809 -0.835575 -0.53497 0.124983 1.79849 2.76424 -1.09912</i>
                        <i>-0.525179 0.846413 0.0881604 -0.14837 0.0109385 -0.988871 -0.837958 -0.532415 0.119838 1.79975 2.76433 -1.09935</i>
                        <i>-0.52305 0.847933 0.086183 -0.14135 0.0134167 -0.989869 -0.840499 -0.529933 0.112838 1.80139 2.76432 -1.09959</i>
                        <i>-0.522486 0.848467 0.0843266 -0.133962 0.0159847 -0.990858 -0.842058 -0.529006 0.10531 1.80304 2.76408 -1.09975</i>
                        <i>-0.52492 0.847098 0.0829746 -0.127599 0.018066 -0.991661 -0.841533 -0.53113 0.0986052 1.8043 2.76349 -1.09978</i>
                        <i>-0.531747 0.842884 0.0824131 -0.123624 0.0190173 -0.992147 -0.837832 -0.537759 0.0940881 1.80475 2.76242 -1.09965</i>
                        <i>-0.543358 0.8354 0.082882 -0.121676 0.0193164 -0.992382 -0.830637 -0.549303 0.0911525 1.80445 2.76096 -1.0994</i>
                        <i>-0.557216 0.826122 0.0838602 -0.12035 0.0195777 -0.992538 -0.8216 -0.563151 0.0885149 1.8039 2.75928 -1.09911</i>
                        <i>-0.569735 0.817491 0.0843313 -0.119377 0.0192046 -0.992663 -0.813112 -0.575622 0.0866479 1.80334 2.75748 -1.09887</i>
                        <i>-0.580626 0.809792 0.0843188 -0.118722 0.0182459 -0.99276 -0.805468 -0.586433 0.085546 1.80277 2.75558 -1.09868</i>
                        <i>-0.590611 0.802557 0.084144 -0.118395 0.0169643 -0.992822 -0.798224 -0.596334 0.0849992 1.8021 2.75361 -1.09851</i>
                        <i>-0.599264 0.796155 0.0837844 -0.118341 0.0154092 -0.992853 -0.791757 -0.604896 0.0849837 1.80133 2.75164 -1.09836</i>
                        <i>-0.606175 0.790965 0.083225 -0.118502 0.0136515 -0.99286 -0.786453 -0.61171 0.0854556 1.80048 2.74971 -1.09824</i>
                        <i>-0.610947 0.787366 0.0824551 -0.118814 0.0117813 -0.992847 -0.782705 -0.616373 0.0863524 1.79957 2.74787 -1.09816</i>
                        <i>-0.61317 0.785739 0.0814634 -0.119211 0.00990376 -0.992819 -0.780904 -0.618478 0.0875962 1.79861 2.74618 -1.09813</i>
                        <i>-0.612648 0.786276 0.0801964 -0.119598 0.00807193 -0.99279 -0.781254 -0.617822 0.0890916 1.79769 2.7447 -1.09814</i>
                        <i>-0.609237 0.789085 0.0785795 -0.119871 0.0063129 -0.992769 -0.783876 -0.614251 0.0907425 1.79694 2.7435 -1.09821</i>
                        <i>-0.602183 0.794663 0.0767256 -0.120232 0.00474012 -0.992735 -0.789253 -0.607032 0.0926892 1.79644 2.74266 -1.09834</i>
                        <i>-0.59182 0.802585 0.0748809 -0.120813 0.00352876 -0.992669 -0.796965 -0.596528 0.0948747 1.79617 2.74221 -1.09849</i>
                        <i>-0.579432 0.811729 0.0731697 -0.121438 0.00278769 -0.992595 -0.805923 -0.584027 0.0969595 1.79607 2.74215 -1.09868</i>
                        <i>-0.566322 0.82106 0.0716965 -0.121995 0.00252393 -0.992528 -0.815105 -0.570837 0.0987358 1.79611 2.74249 -1.09889</i>
                        <i>-0.553935 0.829561 0.0706041 -0.12245 0.00270389 -0.992471 -0.823506 -0.55841 0.100082 1.79618 2.74316 -1.09913</i>
                        <i>-0.544101 0.836082 0.0701419 -0.122727 0.00339106 -0.992435 -0.829995 -0.548594 0.100765 1.79612 2.74407 -1.09934</i>
                        <i>-0.538097 0.839934 0.0704459 -0.122727 0.00461202 -0.99243 -0.833901 -0.542669 0.100601 1.79582 2.74517 -1.09952</i>
                        <i>-0.534582 0.842104 0.0712965 -0.12256 0.00622153 -0.992442 -0.836182 -0.53928 0.0998824 1.79538 2.74644 -1.09967</i>
                        <i>-0.531833 0.843742 0.0724819 -0.122476 0.00805611 -0.992439 -0.837946 -0.536689 0.0990533 1.79488 2.74786 -1.09979</i>
                        <i>-0.52999 0.844765 0.0740385 -0.122579 0.0100748 -0.992408 -0.839098 -0.535042 0.0982107 1.79432 2.74941 -1.09988</i>
                        <i>-0.529198 0.845088 0.0759989 -0.122973 0.0122343 -0.992335 -0.83954 -0.534487 0.097449 1.79368 2.75101 -1.09993</i>
                        <i>-0.529601 0.844617 0.078391 -0.123761 0.0144873 -0.992206 -0.83917 -0.535175 0.0968581 1.79293 2.75264 -1.09994</i>
                        <i>-0.531341 0.843254 0.0812393 -0.125038 0.0167833 -0.99201 -0.83788 -0.537254 0.0965207 1.79207 2.75424 -1.0999</i>
                        <i>-0.53456 0.840889 0.0845669 -0.126894 0.0190691 -0.991733 -0.83555 -0.540872 0.0965105 1.79107 2.75577 -1.0998</i>
                        <i>-0.539418 0.837384 0.0884062 -0.12942 0.0212936 -0.991361 -0.832033 -0.5462 0.0968882 1.78992 2.75716 -1.09964</i>
                        <i>-0.545571 0.832905 0.0928493 -0.133304 0.0231345 -0.990805 -0.827395 -0.552932 0.098408 1.7886 2.75838 -1.09941</i>
                        <i>-0.552627 0.827654 0.097938 -0.138794 0.0244777 -0.990019 -0.821791 -0.560704 0.101347 1.78715 2.75939 -1.09909</i>
                        <i>-0.559976 0.82203 0.103406 -0.145246 0.025475 -0.989068 -0.815678 -0.568874 0.105131 1.78567 2.76019 -1.09871</i>
                        <i>-0.567049 0.816451 0.10892 -0.152007 0.0262367 -0.988031 -0.809536 -0.576819 0.109229 1.78427 2.76081 -1.0983</i>
                        <i>-0.573325 0.811348 0.114074 -0.15842 0.0268264 -0.987007 -0.803867 -0.583947 0.113153 1.78303 2.76125 -1.09789</i>
                        <i>-0.578337 0.807162 0.118393 -0.16382 0.0272634 -0.986113 -0.799181 -0.589701 0.116462 1.78204 2.76154 -1.09753</i>
                        <i>-0.581654 0.804331 0.121363 -0.167544 0.0275363 -0.98548 -0.795995 -0.593542 0.118744 1.78139 2.7617 -1.09728</i>
                        <i>-0.582858 0.803293 0.122463 -0.168931 0.0276275 -0.985241 -0.79482 -0.594943 0.119598 1.78116 2.76175 -1.09718</i>
                        <i>-0.603471 0.785922 0.134722 -0.173319 0.0356311 -0.984221 -0.778321 -0.617299 0.114712 1.78222 2.74974 -1.09375</i>
                        <i>-0.634094 0.758411 0.150792 -0.178149 0.0464808 -0.982905 -0.752455 -0.650117 0.105637 1.78537 2.72931 -1.08761</i>
                        <i>-0.670527 0.722371 0.169038 -0.183477 0.0593037 -0.981233 -0.718839 -0.688958 0.092774 1.79004 2.70268 -1.07946</i>
                        <i>-0.708819 0.679908 0.187882 -0.189289 0.0732445 -0.979186 -0.679518 -0.72963 0.076782 1.79568 2.67209 -1.06998</i>
                        <i>-0.745592 0.633787 0.205931 -0.195454 0.0874515 -0.976806 -0.637096 -0.768548 0.0586729 1.80177 2.63975 -1.05991</i>
                        <i>-0.778254 0.587375 0.222061 -0.201699 0.101064 -0.974219 -0.594675 -0.80298 0.0398193 1.80778 2.60797 -1.04996</i>
                        <i>-0.805066 0.544457 0.235447 -0.207602 0.113208 -0.971641 -0.555671 -0.831114 0.0218902 1.81325 2.57907 -1.04089</i>
                        <i>-0.825006 0.509002 0.245525 -0.212604 0.122994 -0.969367 -0.523608 -0.851933 0.0067448 1.81771 2.55542 -1.03346</i>
                        <i>-0.837475 0.484962 0.251886 -0.216064 0.129524 -0.96775 -0.501947 -0.86489 -0.00369066 1.82072 2.53946 -1.02844</i>
                        <i>-0.84185 0.476141 0.254124 -0.217344 0.1319 -0.967142 -0.494015 -0.869421 -0.00755373 1.82183 2.5336 -1.02659</i>
                    </KeyFrames>
                </p>
            </i>
            <i>
                <p>
                    <Name><![CDATA[spine2]]></Name>
                    <Exclude>0</Exclude>
                    <Additive>0</Additive>
                    <IKPriority>0</IKPriority>
                    <IKRotLimits>-1e+010 -1e+010 -1e+010 1e+010 1e+010 1e+010</IKRotLimits>
                    <IKRotLimitOrder>0</IKRotLimitOrder>
                    <KeyFrames count="60">
                        <i>-0.885171 0.440269 0.150451 -0.229087 -0.130973 -0.964554 -0.404959 -0.888262 0.216793 1.6851 2.61068 -0.98518</i>
                        <i>-0.883811 0.446155 0.1408 -0.212895 -0.115549 -0.970219 -0.416599 -0.887465 0.197107 1.68425 2.61889 -0.986885</i>
                        <i>-0.87758 0.464764 0.117677 -0.175863 -0.0837206 -0.980848 -0.446011 -0.881468 0.155206 1.68252 2.64154 -0.992104</i>
                        <i>-0.862848 0.497454 0.0896261 -0.135933 -0.0575836 -0.989043 -0.486842 -0.865577 0.117306 1.68118 2.67553 -1.00101</i>
                        <i>-0.835421 0.545777 0.0648034 -0.114194 -0.0570322 -0.99182 -0.537617 -0.835987 0.10997 1.68163 2.71752 -1.01379</i>
                        <i>-0.790621 0.610651 0.0449825 -0.121873 -0.084946 -0.988904 -0.600054 -0.787331 0.141582 1.68543 2.76391 -1.02997</i>
                        <i>-0.730716 0.682184 0.0260748 -0.14998 -0.123154 -0.980989 -0.666004 -0.720735 0.192305 1.69233 2.80977 -1.04745</i>
                        <i>-0.66455 0.747198 0.00833056 -0.189688 -0.157902 -0.969064 -0.722767 -0.645571 0.246668 1.70073 2.85008 -1.06394</i>
                        <i>-0.605581 0.795758 -0.00641959 -0.227712 -0.18101 -0.956756 -0.762508 -0.577931 0.29082 1.70874 2.88063 -1.07708</i>
                        <i>-0.570235 0.821333 -0.0155926 -0.248581 -0.190614 -0.94967 -0.782968 -0.53766 0.312862 1.71426 2.89782 -1.08455</i>
                        <i>-0.572499 0.819756 -0.0156663 -0.243968 -0.188561 -0.951275 -0.782767 -0.540782 0.307945 1.71486 2.89809 -1.08474</i>
                        <i>-0.578281 0.815679 -0.0161256 -0.232261 -0.183546 -0.955178 -0.782078 -0.548616 0.295592 1.7163 2.89871 -1.0852</i>
                        <i>-0.586046 0.810093 -0.0173057 -0.216667 -0.177252 -0.960019 -0.780772 -0.558866 0.279399 1.71803 2.89933 -1.08572</i>
                        <i>-0.5942 0.804087 -0.0192464 -0.200426 -0.171199 -0.964635 -0.778945 -0.569329 0.262886 1.71949 2.89961 -1.08614</i>
                        <i>-0.601103 0.79888 -0.0215843 -0.1868 -0.166712 -0.968149 -0.777033 -0.577926 0.249442 1.72008 2.89923 -1.08635</i>
                        <i>-0.605118 0.795783 -0.0237043 -0.17905 -0.165042 -0.969898 -0.775741 -0.582658 0.242355 1.71918 2.89786 -1.08628</i>
                        <i>-0.608901 0.79286 -0.0247613 -0.175753 -0.165283 -0.97046 -0.773531 -0.586562 0.239989 1.71681 2.8955 -1.08592</i>
                        <i>-0.614312 0.788667 -0.024996 -0.173385 -0.165822 -0.970794 -0.769778 -0.592036 0.238609 1.71382 2.89262 -1.08544</i>
                        <i>-0.61785 0.785877 -0.0256654 -0.172121 -0.167025 -0.970813 -0.767226 -0.595399 0.238462 1.71108 2.88964 -1.08511</i>
                        <i>-0.619456 0.784573 -0.026821 -0.171847 -0.168859 -0.970544 -0.765992 -0.5966 0.239427 1.70863 2.88665 -1.0849</i>
                        <i>-0.619977 0.784112 -0.0282087 -0.172348 -0.171169 -0.97005 -0.765457 -0.596547 0.241261 1.70625 2.88363 -1.08474</i>
                        <i>-0.619197 0.784666 -0.0299141 -0.17352 -0.173883 -0.969358 -0.765824 -0.595033 0.243823 1.70405 2.88066 -1.08465</i>
                        <i>-0.61689 0.786398 -0.0320001 -0.175258 -0.176891 -0.968501 -0.767288 -0.591851 0.246945 1.7021 2.87786 -1.08462</i>
                        <i>-0.612818 0.789471 -0.0345054 -0.177463 -0.180041 -0.967519 -0.77004 -0.586789 0.250434 1.70049 2.87534 -1.08467</i>
                        <i>-0.606716 0.794037 -0.037446 -0.180039 -0.183143 -0.96646 -0.774262 -0.579624 0.254073 1.69931 2.87321 -1.08482</i>
                        <i>-0.598426 0.800137 -0.0408209 -0.18288 -0.186028 -0.965375 -0.780026 -0.57024 0.257653 1.69866 2.87161 -1.08506</i>
                        <i>-0.587813 0.807766 -0.0446133 -0.185876 -0.188522 -0.964318 -0.787354 -0.558546 0.26096 1.69865 2.87063 -1.08542</i>
                        <i>-0.57417 0.817291 -0.0486347 -0.189549 -0.190482 -0.963217 -0.796493 -0.543831 0.264286 1.69946 2.87045 -1.08586</i>
                        <i>-0.558208 0.828041 -0.0524685 -0.193942 -0.191705 -0.9621 -0.806716 -0.526876 0.267603 1.70104 2.87105 -1.08634</i>
                        <i>-0.541867 0.838612 -0.0557589 -0.198195 -0.191972 -0.961179 -0.816761 -0.50978 0.270232 1.7031 2.87224 -1.08682</i>
                        <i>-0.527385 0.847637 -0.0581033 -0.201506 -0.191223 -0.96064 -0.825385 -0.494919 0.271652 1.70539 2.87387 -1.08729</i>
                        <i>-0.516592 0.85418 -0.0592359 -0.203402 -0.189626 -0.960557 -0.831722 -0.484167 0.271701 1.70758 2.87571 -1.08772</i>
                        <i>-0.511184 0.857447 -0.058948 -0.203461 -0.187363 -0.960988 -0.835041 -0.479249 0.270234 1.70921 2.87749 -1.08802</i>
                        <i>-0.512243 0.856935 -0.057186 -0.201362 -0.184562 -0.961972 -0.834902 -0.481248 0.267094 1.70999 2.87903 -1.08817</i>
                        <i>-0.517576 0.853903 -0.0544617 -0.197897 -0.18139 -0.963294 -0.832438 -0.487799 0.262868 1.71021 2.88049 -1.0882</i>
                        <i>-0.524522 0.849851 -0.0512812 -0.194195 -0.178065 -0.964667 -0.828954 -0.49603 0.258435 1.71024 2.88204 -1.08815</i>
                        <i>-0.532848 0.844865 -0.047706 -0.190554 -0.174727 -0.966002 -0.824477 -0.505641 0.254095 1.71006 2.88362 -1.088</i>
                        <i>-0.542313 0.839036 -0.0437734 -0.187268 -0.171502 -0.967222 -0.819041 -0.51634 0.250132 1.70962 2.88515 -1.08776</i>
                        <i>-0.552671 0.832463 -0.0394988 -0.184616 -0.168508 -0.968257 -0.812694 -0.527836 0.246815 1.70889 2.88658 -1.0874</i>
                        <i>-0.563673 0.825261 -0.0348794 -0.182866 -0.165858 -0.969047 -0.805501 -0.539847 0.244402 1.70783 2.88785 -1.08691</i>
                        <i>-0.57507 0.817558 -0.0299003 -0.182271 -0.163668 -0.969531 -0.797541 -0.552098 0.243138 1.7064 2.88886 -1.0863</i>
                        <i>-0.586646 0.809472 -0.0245341 -0.183071 -0.162065 -0.969649 -0.78888 -0.56435 0.243265 1.70458 2.88956 -1.08555</i>
                        <i>-0.597232 0.801848 -0.0187996 -0.186861 -0.161895 -0.968955 -0.779998 -0.575178 0.246523 1.7024 2.88989 -1.08463</i>
                        <i>-0.606356 0.795092 -0.0126986 -0.194173 -0.163529 -0.967241 -0.771122 -0.584027 0.253542 1.69997 2.88988 -1.08353</i>
                        <i>-0.613984 0.789292 -0.00651651 -0.203724 -0.166441 -0.964777 -0.762575 -0.59103 0.262989 1.69747 2.8896 -1.0823</i>
                        <i>-0.620112 0.784513 -0.000605643 -0.214254 -0.170098 -0.961853 -0.754689 -0.596327 0.273565 1.6951 2.88913 -1.08104</i>
                        <i>-0.624771 0.780794 0.00464941 -0.224527 -0.173952 -0.958816 -0.747829 -0.600085 0.28399 1.69301 2.88859 -1.07985</i>
                        <i>-0.628018 0.778148 0.00885828 -0.233334 -0.177432 -0.956072 -0.742394 -0.602497 0.292999 1.69136 2.88806 -1.07883</i>
                        <i>-0.629921 0.776572 0.0116431 -0.239485 -0.179955 -0.954077 -0.738814 -0.603782 0.299334 1.69026 2.88767 -1.07812</i>
                        <i>-0.630545 0.776049 0.0126469 -0.241798 -0.180927 -0.953309 -0.737527 -0.604163 0.30173 1.68987 2.88752 -1.07786</i>
                        <i>-0.652326 0.757502 0.0257023 -0.243502 -0.177338 -0.95355 -0.717758 -0.628285 0.300135 1.68765 2.87284 -1.07249</i>
                        <i>-0.683654 0.728555 0.0427103 -0.243279 -0.172328 -0.954525 -0.688064 -0.662956 0.295054 1.68578 2.84835 -1.06378</i>
                        <i>-0.720203 0.690995 0.0619226 -0.24175 -0.1663 -0.955982 -0.65028 -0.703471 0.286818 1.68434 2.81646 -1.05266</i>
                        <i>-0.758008 0.647112 0.0816725 -0.23948 -0.159649 -0.957686 -0.606691 -0.745492 0.275986 1.68341 2.77964 -1.04008</i>
                        <i>-0.793799 0.599818 0.100508 -0.236933 -0.152789 -0.959436 -0.56013 -0.785414 0.263401 1.68303 2.74052 -1.02697</i>
                        <i>-0.825188 0.552549 0.117278 -0.234458 -0.146157 -0.961076 -0.513901 -0.820566 0.250156 1.68314 2.70185 -1.01426</i>
                        <i>-0.850668 0.509081 0.131153 -0.232296 -0.140202 -0.962487 -0.471596 -0.849223 0.237523 1.68362 2.66651 -1.00284</i>
                        <i>-0.869441 0.473317 0.141574 -0.230604 -0.135381 -0.963584 -0.436914 -0.870427 0.226854 1.68428 2.63751 -0.99361</i>
                        <i>-0.881098 0.449132 0.148142 -0.229494 -0.132152 -0.964297 -0.413519 -0.883638 0.219512 1.68486 2.61788 -0.987434</i>
                        <i>-0.885171 0.440269 0.150451 -0.229087 -0.130973 -0.964554 -0.404959 -0.888262 0.216793 1.6851 2.61068 -0.98518</i>
                    </KeyFrames>
                </p>
            </i>
            <i>
                <p>
                    <Name><![CDATA[head]]></Name>
                    <Exclude>0</Exclude>
                    <Additive>0</Additive>
                    <IKPriority>0</IKPriority>
                    <IKRotLimits>-1e+010 -1e+010 -1e+010 1e+010 1e+010 1e+010</IKRotLimits>
                    <IKRotLimitOrder>0</IKRotLimitOrder>
                    <KeyFrames count="60">
                        <i>-0.255769 0.963389 0.0803934 0.966329 0.252355 0.0502559 0.0281283 0.0905403 -0.995495 1.47269 2.74757 -0.962549</i>
                        <i>-0.255038 0.965831 0.0461031 0.964046 0.250308 0.0892217 0.0746331 0.0672005 -0.994944 1.47243 2.75714 -0.96699</i>
                        <i>-0.239459 0.970128 -0.0388716 0.95374 0.242532 0.177646 0.181767 0.00546543 -0.983326 1.47296 2.78408 -0.978722</i>
                        <i>-0.194265 0.970089 -0.145564 0.93494 0.228016 0.271838 0.296898 -0.0832852 -0.95127 1.4764 2.82558 -0.99543</i>
                        <i>-0.125238 0.961246 -0.245604 0.92197 0.204195 0.329053 0.366452 -0.18523 -0.911813 1.48517 2.87868 -1.01491</i>
                        <i>-0.0529466 0.948644 -0.311883 0.93096 0.159879 0.328256 0.361261 -0.272971 -0.891615 1.50202 2.93992 -1.0361</i>
                        <i>0.00587847 0.951481 -0.307652 0.956976 0.0839025 0.277772 0.290108 -0.296048 -0.910051 1.52581 3.00185 -1.05804</i>
                        <i>0.0569099 0.968472 -0.242536 0.979585 -0.00725147 0.2009 0.192807 -0.249017 -0.949113 1.5523 3.0564 -1.07844</i>
                        <i>0.0971105 0.983085 -0.155287 0.988717 -0.0774097 0.128243 0.114053 -0.165988 -0.97951 1.57596 3.09735 -1.09464</i>
                        <i>0.099824 0.99069 -0.0925627 0.991984 -0.0918457 0.0867863 0.0774769 -0.100484 -0.991917 1.59057 3.11996 -1.10389</i>
                        <i>0.0504042 0.993948 -0.0976086 0.995258 -0.0418479 0.0878065 0.0831904 -0.101572 -0.991344 1.59026 3.11991 -1.104</i>
                        <i>0.0140098 0.994655 -0.102294 0.995142 -0.00389915 0.0983767 0.0974521 -0.103176 -0.989878 1.58941 3.11966 -1.10433</i>
                        <i>-0.0197719 0.994191 -0.105795 0.993074 0.0317862 0.113111 0.115816 -0.102826 -0.987934 1.58814 3.1191 -1.10487</i>
                        <i>-0.0615168 0.992359 -0.106959 0.989146 0.0749404 0.126392 0.133442 -0.0980229 -0.986197 1.5866 3.11814 -1.10556</i>
                        <i>-0.109342 0.988082 -0.108347 0.983053 0.123629 0.135361 0.147142 -0.0917106 -0.984854 1.58491 3.1168 -1.10626</i>
                        <i>-0.149263 0.982291 -0.113249 0.976568 0.164404 0.138878 0.155037 -0.089866 -0.983813 1.58319 3.11512 -1.10675</i>
                        <i>-0.18286 0.975914 -0.118971 0.970307 0.198635 0.138019 0.158326 -0.0901998 -0.983258 1.58054 3.11262 -1.10676</i>
                        <i>-0.212622 0.969311 -0.123399 0.963876 0.228791 0.136375 0.160422 -0.0899446 -0.982942 1.57694 3.10931 -1.10643</i>
                        <i>-0.231632 0.964449 -0.12722 0.959308 0.248165 0.134694 0.161477 -0.0908439 -0.982686 1.57415 3.10617 -1.10634</i>
                        <i>-0.237013 0.962765 -0.130033 0.957967 0.253875 0.133592 0.16163 -0.0929045 -0.982469 1.57222 3.10331 -1.1065</i>
                        <i>-0.226755 0.965076 -0.13119 0.960545 0.243868 0.133725 0.161048 -0.0956915 -0.982297 1.57069 3.10052 -1.10678</i>
                        <i>-0.199647 0.971123 -0.130616 0.966738 0.216962 0.135441 0.159869 -0.0992314 -0.982138 1.56971 3.09795 -1.10721</i>
                        <i>-0.158201 0.978984 -0.128695 0.974647 0.17571 0.138525 0.158227 -0.103518 -0.981961 1.56939 3.09571 -1.10781</i>
