<?xml version="1.0" encoding="ISO-8859-1" ?>
<Animl Version="1">
    <ModellingPackage><![CDATA[Maya.2010]]></ModellingPackage>
    <SrcFile><![CDATA[anims\turrets\artillery\blue\~src\artillery_m102\artillery_m102_idle_crewman_a.mb]]></SrcFile>
    <FramesPerSecond>30</FramesPerSecond>
    <TotalFrames>240</TotalFrames>
    <Skeleton>
        <RefFrame>
            <Name><![CDATA[soldier_ref_frame]]></Name>
            <Exclude>0</Exclude>
            <Additive>0</Additive>
            <IKPriority>0</IKPriority>
            <IKRotLimits>-1e+010 -1e+010 -1e+010 1e+010 1e+010 1e+010</IKRotLimits>
            <IKRotLimitOrder>0</IKRotLimitOrder>
            <KeyFrames count="240">
                <i>1 0 0 0 1 0 0 0 1 1.91 1.34 -1.08</i>
                <i>1 0 0 0 1 0 0 0 1 1.91 1.34 -1.08</i>
                <i>1 0 0 0 1 0 0 0 1 1.91 1.34 -1.08</i>
                <i>1 0 0 0 1 0 0 0 1 1.91 1.34 -1.08</i>
                <i>1 0 0 0 1 0 0 0 1 1.91 1.34 -1.08</i>
                <i>1 0 0 0 1 0 0 0 1 1.91 1.34 -1.08</i>
                <i>1 0 0 0 1 0 0 0 1 1.91 1.34 -1.08</i>
                <i>1 0 0 0 1 0 0 0 1 1.91 1.34 -1.08</i>
                <i>1 0 0 0 1 0 0 0 1 1.91 1.34 -1.08</i>
                <i>1 0 0 0 1 0 0 0 1 1.91 1.34 -1.08</i>
                <i>1 0 0 0 1 0 0 0 1 1.91 1.34 -1.08</i>
                <i>1 0 0 0 1 0 0 0 1 1.91 1.34 -1.08</i>
                <i>1 0 0 0 1 0 0 0 1 1.91 1.34 -1.08</i>
                <i>1 0 0 0 1 0 0 0 1 1.91 1.34 -1.08</i>
                <i>1 0 0 0 1 0 0 0 1 1.91 1.34 -1.08</i>
                <i>1 0 0 0 1 0 0 0 1 1.91 1.34 -1.08</i>
                <i>1 0 0 0 1 0 0 0 1 1.91 1.34 -1.08</i>
                <i>1 0 0 0 1 0 0 0 1 1.91 1.34 -1.08</i>
                <i>1 0 0 0 1 0 0 0 1 1.91 1.34 -1.08</i>
                <i>1 0 0 0 1 0 0 0 1 1.91 1.34 -1.08</i>
                <i>1 0 0 0 1 0 0 0 1 1.91 1.34 -1.08</i>
                <i>1 0 0 0 1 0 0 0 1 1.91 1.34 -1.08</i>
                <i>1 0 0 0 1 0 0 0 1 1.91 1.34 -1.08</i>
                <i>1 0 0 0 1 0 0 0 1 1.91 1.34 -1.08</i>
                <i>1 0 0 0 1 0 0 0 1 1.91 1.34 -1.08</i>
                <i>1 0 0 0 1 0 0 0 1 1.91 1.34 -1.08</i>
                <i>1 0 0 0 1 0 0 0 1 1.91 1.34 -1.08</i>
                <i>1 0 0 0 1 0 0 0 1 1.91 1.34 -1.08</i>
                <i>1 0 0 0 1 0 0 0 1 1.91 1.34 -1.08</i>
                <i>1 0 0 0 1 0 0 0 1 1.91 1.34 -1.08</i>
                <i>1 0 0 0 1 0 0 0 1 1.91 1.34 -1.08</i>
                <i>1 0 0 0 1 0 0 0 1 1.91 1.34 -1.08</i>
                <i>1 0 0 0 1 0 0 0 1 1.91 1.34 -1.08</i>
                <i>1 0 0 0 1 0 0 0 1 1.91 1.34 -1.08</i>
                <i>1 0 0 0 1 0 0 0 1 1.91 1.34 -1.08</i>
                <i>1 0 0 0 1 0 0 0 1 1.91 1.34 -1.08</i>
                <i>1 0 0 0 1 0 0 0 1 1.91 1.34 -1.08</i>
                <i>1 0 0 0 1 0 0 0 1 1.91 1.34 -1.08</i>
                <i>1 0 0 0 1 0 0 0 1 1.91 1.34 -1.08</i>
                <i>1 0 0 0 1 0 0 0 1 1.91 1.34 -1.08</i>
                <i>1 0 0 0 1 0 0 0 1 1.91 1.34 -1.08</i>
                <i>1 0 0 0 1 0 0 0 1 1.91 1.34 -1.08</i>
                <i>1 0 0 0 1 0 0 0 1 1.91 1.34 -1.08</i>
                <i>1 0 0 0 1 0 0 0 1 1.91 1.34 -1.08</i>
                <i>1 0 0 0 1 0 0 0 1 1.91 1.34 -1.08</i>
                <i>1 0 0 0 1 0 0 0 1 1.91 1.34 -1.08</i>
                <i>1 0 0 0 1 0 0 0 1 1.91 1.34 -1.08</i>
                <i>1 0 0 0 1 0 0 0 1 1.91 1.34 -1.08</i>
                <i>1 0 0 0 1 0 0 0 1 1.91 1.34 -1.08</i>
                <i>1 0 0 0 1 0 0 0 1 1.91 1.34 -1.08</i>
                <i>1 0 0 0 1 0 0 0 1 1.91 1.34 -1.08</i>
                <i>1 0 0 0 1 0 0 0 1 1.91 1.34 -1.08</i>
                <i>1 0 0 0 1 0 0 0 1 1.91 1.34 -1.08</i>
                <i>1 0 0 0 1 0 0 0 1 1.91 1.34 -1.08</i>
                <i>1 0 0 0 1 0 0 0 1 1.91 1.34 -1.08</i>
                <i>1 0 0 0 1 0 0 0 1 1.91 1.34 -1.08</i>
                <i>1 0 0 0 1 0 0 0 1 1.91 1.34 -1.08</i>
                <i>1 0 0 0 1 0 0 0 1 1.91 1.34 -1.08</i>
                <i>1 0 0 0 1 0 0 0 1 1.91 1.34 -1.08</i>
                <i>1 0 0 0 1 0 0 0 1 1.91 1.34 -1.08</i>
                <i>1 0 0 0 1 0 0 0 1 1.91 1.34 -1.08</i>
                <i>1 0 0 0 1 0 0 0 1 1.91 1.34 -1.08</i>
                <i>1 0 0 0 1 0 0 0 1 1.91 1.34 -1.08</i>
                <i>1 0 0 0 1 0 0 0 1 1.91 1.34 -1.08</i>
                <i>1 0 0 0 1 0 0 0 1 1.91 1.34 -1.08</i>
                <i>1 0 0 0 1 0 0 0 1 1.91 1.34 -1.08</i>
                <i>1 0 0 0 1 0 0 0 1 1.91 1.34 -1.08</i>
                <i>1 0 0 0 1 0 0 0 1 1.91 1.34 -1.08</i>
                <i>1 0 0 0 1 0 0 0 1 1.91 1.34 -1.08</i>
                <i>1 0 0 0 1 0 0 0 1 1.91 1.34 -1.08</i>
                <i>1 0 0 0 1 0 0 0 1 1.91 1.34 -1.08</i>
                <i>1 0 0 0 1 0 0 0 1 1.91 1.34 -1.08</i>
                <i>1 0 0 0 1 0 0 0 1 1.91 1.34 -1.08</i>
                <i>1 0 0 0 1 0 0 0 1 1.91 1.34 -1.08</i>
                <i>1 0 0 0 1 0 0 0 1 1.91 1.34 -1.08</i>
                <i>1 0 0 0 1 0 0 0 1 1.91 1.34 -1.08</i>
                <i>1 0 0 0 1 0 0 0 1 1.91 1.34 -1.08</i>
                <i>1 0 0 0 1 0 0 0 1 1.91 1.34 -1.08</i>
                <i>1 0 0 0 1 0 0 0 1 1.91 1.34 -1.08</i>
                <i>1 0 0 0 1 0 0 0 1 1.91 1.34 -1.08</i>
                <i>1 0 0 0 1 0 0 0 1 1.91 1.34 -1.08</i>
                <i>1 0 0 0 1 0 0 0 1 1.91 1.34 -1.08</i>
                <i>1 0 0 0 1 0 0 0 1 1.91 1.34 -1.08</i>
                <i>1 0 0 0 1 0 0 0 1 1.91 1.34 -1.08</i>
                <i>1 0 0 0 1 0 0 0 1 1.91 1.34 -1.08</i>
                <i>1 0 0 0 1 0 0 0 1 1.91 1.34 -1.08</i>
                <i>1 0 0 0 1 0 0 0 1 1.91 1.34 -1.08</i>
                <i>1 0 0 0 1 0 0 0 1 1.91 1.34 -1.08</i>
                <i>1 0 0 0 1 0 0 0 1 1.91 1.34 -1.08</i>
                <i>1 0 0 0 1 0 0 0 1 1.91 1.34 -1.08</i>
                <i>1 0 0 0 1 0 0 0 1 1.91 1.34 -1.08</i>
                <i>1 0 0 0 1 0 0 0 1 1.91 1.34 -1.08</i>
                <i>1 0 0 0 1 0 0 0 1 1.91 1.34 -1.08</i>
                <i>1 0 0 0 1 0 0 0 1 1.91 1.34 -1.08</i>
                <i>1 0 0 0 1 0 0 0 1 1.91 1.34 -1.08</i>
                <i>1 0 0 0 1 0 0 0 1 1.91 1.34 -1.08</i>
                <i>1 0 0 0 1 0 0 0 1 1.91 1.34 -1.08</i>
                <i>1 0 0 0 1 0 0 0 1 1.91 1.34 -1.08</i>
                <i>1 0 0 0 1 0 0 0 1 1.91 1.34 -1.08</i>
                <i>1 0 0 0 1 0 0 0 1 1.91 1.34 -1.08</i>
                <i>1 0 0 0 1 0 0 0 1 1.91 1.34 -1.08</i>
                <i>1 0 0 0 1 0 0 0 1 1.91 1.34 -1.08</i>
                <i>1 0 0 0 1 0 0 0 1 1.91 1.34 -1.08</i>
                <i>1 0 0 0 1 0 0 0 1 1.91 1.34 -1.08</i>
                <i>1 0 0 0 1 0 0 0 1 1.91 1.34 -1.08</i>
                <i>1 0 0 0 1 0 0 0 1 1.91 1.34 -1.08</i>
                <i>1 0 0 0 1 0 0 0 1 1.91 1.34 -1.08</i>
                <i>1 0 0 0 1 0 0 0 1 1.91 1.34 -1.08</i>
                <i>1 0 0 0 1 0 0 0 1 1.91 1.34 -1.08</i>
                <i>1 0 0 0 1 0 0 0 1 1.91 1.34 -1.08</i>
                <i>1 0 0 0 1 0 0 0 1 1.91 1.34 -1.08</i>
                <i>1 0 0 0 1 0 0 0 1 1.91 1.34 -1.08</i>
                <i>1 0 0 0 1 0 0 0 1 1.91 1.34 -1.08</i>
                <i>1 0 0 0 1 0 0 0 1 1.91 1.34 -1.08</i>
                <i>1 0 0 0 1 0 0 0 1 1.91 1.34 -1.08</i>
                <i>1 0 0 0 1 0 0 0 1 1.91 1.34 -1.08</i>
                <i>1 0 0 0 1 0 0 0 1 1.91 1.34 -1.08</i>
                <i>1 0 0 0 1 0 0 0 1 1.91 1.34 -1.08</i>
                <i>1 0 0 0 1 0 0 0 1 1.91 1.34 -1.08</i>
                <i>1 0 0 0 1 0 0 0 1 1.91 1.34 -1.08</i>
                <i>1 0 0 0 1 0 0 0 1 1.91 1.34 -1.08</i>
                <i>1 0 0 0 1 0 0 0 1 1.91 1.34 -1.08</i>
                <i>1 0 0 0 1 0 0 0 1 1.91 1.34 -1.08</i>
                <i>1 0 0 0 1 0 0 0 1 1.91 1.34 -1.08</i>
                <i>1 0 0 0 1 0 0 0 1 1.91 1.34 -1.08</i>
                <i>1 0 0 0 1 0 0 0 1 1.91 1.34 -1.08</i>
                <i>1 0 0 0 1 0 0 0 1 1.91 1.34 -1.08</i>
                <i>1 0 0 0 1 0 0 0 1 1.91 1.34 -1.08</i>
                <i>1 0 0 0 1 0 0 0 1 1.91 1.34 -1.08</i>
                <i>1 0 0 0 1 0 0 0 1 1.91 1.34 -1.08</i>
                <i>1 0 0 0 1 0 0 0 1 1.91 1.34 -1.08</i>
                <i>1 0 0 0 1 0 0 0 1 1.91 1.34 -1.08</i>
                <i>1 0 0 0 1 0 0 0 1 1.91 1.34 -1.08</i>
                <i>1 0 0 0 1 0 0 0 1 1.91 1.34 -1.08</i>
                <i>1 0 0 0 1 0 0 0 1 1.91 1.34 -1.08</i>
                <i>1 0 0 0 1 0 0 0 1 1.91 1.34 -1.08</i>
                <i>1 0 0 0 1 0 0 0 1 1.91 1.34 -1.08</i>
                <i>1 0 0 0 1 0 0 0 1 1.91 1.34 -1.08</i>
                <i>1 0 0 0 1 0 0 0 1 1.91 1.34 -1.08</i>
                <i>1 0 0 0 1 0 0 0 1 1.91 1.34 -1.08</i>
                <i>1 0 0 0 1 0 0 0 1 1.91 1.34 -1.08</i>
                <i>1 0 0 0 1 0 0 0 1 1.91 1.34 -1.08</i>
                <i>1 0 0 0 1 0 0 0 1 1.91 1.34 -1.08</i>
                <i>1 0 0 0 1 0 0 0 1 1.91 1.34 -1.08</i>
                <i>1 0 0 0 1 0 0 0 1 1.91 1.34 -1.08</i>
                <i>1 0 0 0 1 0 0 0 1 1.91 1.34 -1.08</i>
                <i>1 0 0 0 1 0 0 0 1 1.91 1.34 -1.08</i>
                <i>1 0 0 0 1 0 0 0 1 1.91 1.34 -1.08</i>
                <i>1 0 0 0 1 0 0 0 1 1.91 1.34 -1.08</i>
                <i>1 0 0 0 1 0 0 0 1 1.91 1.34 -1.08</i>
                <i>1 0 0 0 1 0 0 0 1 1.91 1.34 -1.08</i>
                <i>1 0 0 0 1 0 0 0 1 1.91 1.34 -1.08</i>
                <i>1 0 0 0 1 0 0 0 1 1.91 1.34 -1.08</i>
                <i>1 0 0 0 1 0 0 0 1 1.91 1.34 -1.08</i>
                <i>1 0 0 0 1 0 0 0 1 1.91 1.34 -1.08</i>
                <i>1 0 0 0 1 0 0 0 1 1.91 1.34 -1.08</i>
                <i>1 0 0 0 1 0 0 0 1 1.91 1.34 -1.08</i>
                <i>1 0 0 0 1 0 0 0 1 1.91 1.34 -1.08</i>
                <i>1 0 0 0 1 0 0 0 1 1.91 1.34 -1.08</i>
                <i>1 0 0 0 1 0 0 0 1 1.91 1.34 -1.08</i>
                <i>1 0 0 0 1 0 0 0 1 1.91 1.34 -1.08</i>
                <i>1 0 0 0 1 0 0 0 1 1.91 1.34 -1.08</i>
                <i>1 0 0 0 1 0 0 0 1 1.91 1.34 -1.08</i>
                <i>1 0 0 0 1 0 0 0 1 1.91 1.34 -1.08</i>
                <i>1 0 0 0 1 0 0 0 1 1.91 1.34 -1.08</i>
                <i>1 0 0 0 1 0 0 0 1 1.91 1.34 -1.08</i>
                <i>1 0 0 0 1 0 0 0 1 1.91 1.34 -1.08</i>
                <i>1 0 0 0 1 0 0 0 1 1.91 1.34 -1.08</i>
                <i>1 0 0 0 1 0 0 0 1 1.91 1.34 -1.08</i>
                <i>1 0 0 0 1 0 0 0 1 1.91 1.34 -1.08</i>
                <i>1 0 0 0 1 0 0 0 1 1.91 1.34 -1.08</i>
                <i>1 0 0 0 1 0 0 0 1 1.91 1.34 -1.08</i>
                <i>1 0 0 0 1 0 0 0 1 1.91 1.34 -1.08</i>
                <i>1 0 0 0 1 0 0 0 1 1.91 1.34 -1.08</i>
                <i>1 0 0 0 1 0 0 0 1 1.91 1.34 -1.08</i>
                <i>1 0 0 0 1 0 0 0 1 1.91 1.34 -1.08</i>
                <i>1 0 0 0 1 0 0 0 1 1.91 1.34 -1.08</i>
                <i>1 0 0 0 1 0 0 0 1 1.91 1.34 -1.08</i>
                <i>1 0 0 0 1 0 0 0 1 1.91 1.34 -1.08</i>
                <i>1 0 0 0 1 0 0 0 1 1.91 1.34 -1.08</i>
                <i>1 0 0 0 1 0 0 0 1 1.91 1.34 -1.08</i>
                <i>1 0 0 0 1 0 0 0 1 1.91 1.34 -1.08</i>
                <i>1 0 0 0 1 0 0 0 1 1.91 1.34 -1.08</i>
                <i>1 0 0 0 1 0 0 0 1 1.91 1.34 -1.08</i>
                <i>1 0 0 0 1 0 0 0 1 1.91 1.34 -1.08</i>
                <i>1 0 0 0 1 0 0 0 1 1.91 1.34 -1.08</i>
                <i>1 0 0 0 1 0 0 0 1 1.91 1.34 -1.08</i>
                <i>1 0 0 0 1 0 0 0 1 1.91 1.34 -1.08</i>
                <i>1 0 0 0 1 0 0 0 1 1.91 1.34 -1.08</i>
                <i>1 0 0 0 1 0 0 0 1 1.91 1.34 -1.08</i>
                <i>1 0 0 0 1 0 0 0 1 1.91 1.34 -1.08</i>
                <i>1 0 0 0 1 0 0 0 1 1.91 1.34 -1.08</i>
                <i>1 0 0 0 1 0 0 0 1 1.91 1.34 -1.08</i>
                <i>1 0 0 0 1 0 0 0 1 1.91 1.34 -1.08</i>
                <i>1 0 0 0 1 0 0 0 1 1.91 1.34 -1.08</i>
                <i>1 0 0 0 1 0 0 0 1 1.91 1.34 -1.08</i>
                <i>1 0 0 0 1 0 0 0 1 1.91 1.34 -1.08</i>
                <i>1 0 0 0 1 0 0 0 1 1.91 1.34 -1.08</i>
                <i>1 0 0 0 1 0 0 0 1 1.91 1.34 -1.08</i>
                <i>1 0 0 0 1 0 0 0 1 1.91 1.34 -1.08</i>
                <i>1 0 0 0 1 0 0 0 1 1.91 1.34 -1.08</i>
                <i>1 0 0 0 1 0 0 0 1 1.91 1.34 -1.08</i>
                <i>1 0 0 0 1 0 0 0 1 1.91 1.34 -1.08</i>
                <i>1 0 0 0 1 0 0 0 1 1.91 1.34 -1.08</i>
                <i>1 0 0 0 1 0 0 0 1 1.91 1.34 -1.08</i>
                <i>1 0 0 0 1 0 0 0 1 1.91 1.34 -1.08</i>
                <i>1 0 0 0 1 0 0 0 1 1.91 1.34 -1.08</i>
                <i>1 0 0 0 1 0 0 0 1 1.91 1.34 -1.08</i>
                <i>1 0 0 0 1 0 0 0 1 1.91 1.34 -1.08</i>
                <i>1 0 0 0 1 0 0 0 1 1.91 1.34 -1.08</i>
                <i>1 0 0 0 1 0 0 0 1 1.91 1.34 -1.08</i>
                <i>1 0 0 0 1 0 0 0 1 1.91 1.34 -1.08</i>
                <i>1 0 0 0 1 0 0 0 1 1.91 1.34 -1.08</i>
                <i>1 0 0 0 1 0 0 0 1 1.91 1.34 -1.08</i>
                <i>1 0 0 0 1 0 0 0 1 1.91 1.34 -1.08</i>
                <i>1 0 0 0 1 0 0 0 1 1.91 1.34 -1.08</i>
                <i>1 0 0 0 1 0 0 0 1 1.91 1.34 -1.08</i>
                <i>1 0 0 0 1 0 0 0 1 1.91 1.34 -1.08</i>
                <i>1 0 0 0 1 0 0 0 1 1.91 1.34 -1.08</i>
                <i>1 0 0 0 1 0 0 0 1 1.91 1.34 -1.08</i>
                <i>1 0 0 0 1 0 0 0 1 1.91 1.34 -1.08</i>
                <i>1 0 0 0 1 0 0 0 1 1.91 1.34 -1.08</i>
                <i>1 0 0 0 1 0 0 0 1 1.91 1.34 -1.08</i>
                <i>1 0 0 0 1 0 0 0 1 1.91 1.34 -1.08</i>
                <i>1 0 0 0 1 0 0 0 1 1.91 1.34 -1.08</i>
                <i>1 0 0 0 1 0 0 0 1 1.91 1.34 -1.08</i>
                <i>1 0 0 0 1 0 0 0 1 1.91 1.34 -1.08</i>
                <i>1 0 0 0 1 0 0 0 1 1.91 1.34 -1.08</i>
                <i>1 0 0 0 1 0 0 0 1 1.91 1.34 -1.08</i>
                <i>1 0 0 0 1 0 0 0 1 1.91 1.34 -1.08</i>
                <i>1 0 0 0 1 0 0 0 1 1.91 1.34 -1.08</i>
                <i>1 0 0 0 1 0 0 0 1 1.91 1.34 -1.08</i>
                <i>1 0 0 0 1 0 0 0 1 1.91 1.34 -1.08</i>
                <i>1 0 0 0 1 0 0 0 1 1.91 1.34 -1.08</i>
                <i>1 0 0 0 1 0 0 0 1 1.91 1.34 -1.08</i>
                <i>1 0 0 0 1 0 0 0 1 1.91 1.34 -1.08</i>
                <i>1 0 0 0 1 0 0 0 1 1.91 1.34 -1.08</i>
                <i>1 0 0 0 1 0 0 0 1 1.91 1.34 -1.08</i>
                <i>1 0 0 0 1 0 0 0 1 1.91 1.34 -1.08</i>
                <i>1 0 0 0 1 0 0 0 1 1.91 1.34 -1.08</i>
            </KeyFrames>
        </RefFrame>
        <Bones count="23">
            <i>
                <p>
                    <Name><![CDATA[pelvis]]></Name>
                    <Exclude>0</Exclude>
                    <Additive>0</Additive>
                    <IKPriority>0</IKPriority>
                    <IKRotLimits>-1e+010 -1e+010 -1e+010 1e+010 1e+010 1e+010</IKRotLimits>
                    <IKRotLimitOrder>2</IKRotLimitOrder>
                    <KeyFrames count="240">
                        <i>1 0 0 0 1 0 0 0 1 1.8817 2.24043 -1.03912</i>
                        <i>1 0 0 0 1 0 0 0 1 1.8817 2.22941 -1.05902</i>
                        <i>1 0 0 0 1 0 0 0 1 1.8817 2.20603 -1.08101</i>
                        <i>1 0 0 0 1 0 0 0 1 1.8817 2.18497 -1.09882</i>
                        <i>1 0 0 0 1 0 0 0 1 1.8817 2.1809 -1.10615</i>
                        <i>1 0 0 0 1 0 0 0 1 1.8817 2.20117 -1.10615</i>
                        <i>1 0 0 0 1 0 0 0 1 1.8817 2.23627 -1.10615</i>
                        <i>1 0 0 0 1 0 0 0 1 1.8817 2.27558 -1.10615</i>
                        <i>1 0 0 0 1 0 0 0 1 1.8817 2.30846 -1.10615</i>
                        <i>1 0 0 0 1 0 0 0 1 1.8817 2.32428 -1.10615</i>
                        <i>1 0 0 0 1 0 0 0 1 1.8817 2.33032 -1.10615</i>
                        <i>1 0 0 0 1 0 0 0 1 1.8817 2.33296 -1.10615</i>
                        <i>1 0 0 0 1 0 0 0 1 1.88843 2.32021 -1.11733</i>
                        <i>1 0 0 0 1 0 0 0 1 1.90764 2.28013 -1.14908</i>
                        <i>1 0 0 0 1 0 0 0 1 1.93793 2.20073 -1.19862</i>
                        <i>1 0 0 0 1 0 0 0 1 1.97684 2.26113 -1.26365</i>
                        <i>1 0 0 0 1 0 0 0 1 2.02242 2.33052 -1.3423</i>
                        <i>1 0 0 0 1 0 0 0 1 2.07414 2.39825 -1.43225</i>
                        <i>1 0 0 0 1 0 0 0 1 2.13158 2.45369 -1.53088</i>
                        <i>1 0 0 0 1 0 0 0 1 2.19423 2.48622 -1.63517</i>
                        <i>1 0 0 0 1 0 0 0 1 2.26127 2.49503 -1.74172</i>
                        <i>1 0 0 0 1 0 0 0 1 2.33136 2.48793 -1.84693</i>
                        <i>1 0 0 0 1 0 0 0 1 2.40255 2.46711 -1.94731</i>
                        <i>1 0 0 0 1 0 0 0 1 2.47241 2.43478 -2.03977</i>
                        <i>1 0 0 0 1 0 0 0 1 2.53825 2.39316 -2.12182</i>
                        <i>1 0 0 0 1 0 0 0 1 2.59736 2.34443 -2.19167</i>
                        <i>1 0 0 0 1 0 0 0 1 2.6473 2.29083 -2.24812</i>
                        <i>1 0 0 0 1 0 0 0 1 2.68594 2.23454 -2.29031</i>
                        <i>1 0 0 0 1 0 0 0 1 2.71144 2.17778 -2.31752</i>
                        <i>1 0 0 0 1 0 0 0 1 2.7214 2.22893 -2.32791</i>
                        <i>1 0 0 0 1 0 0 0 1 2.72191 2.2739 -2.32833</i>
                        <i>1 0 0 0 1 0 0 0 1 2.72115 2.31158 -2.32757</i>
                        <i>1 0 0 0 1 0 0 0 1 2.72002 2.34086 -2.32647</i>
                        <i>1 0 0 0 1 0 0 0 1 2.71945 2.36065 -2.32592</i>
                        <i>1 0 0 0 1 0 0 0 1 2.71945 2.36273 -2.32592</i>
                        <i>1 0 0 0 1 0 0 0 1 2.71945 2.34727 -2.32592</i>
                        <i>1 0 0 0 1 0 0 0 1 2.71945 2.32582 -2.32592</i>
                        <i>1 0 0 0 1 0 0 0 1 2.71945 2.30988 -2.32592</i>
                        <i>1 0 0 0 1 0 0 0 1 2.71945 2.30242 -2.32592</i>
                        <i>1 0 0 0 1 0 0 0 1 2.71945 2.29852 -2.32592</i>
                        <i>1 0 0 0 1 0 0 0 1 2.71945 2.2979 -2.32592</i>
                        <i>1 0 0 0 1 0 0 0 1 2.71945 2.30026 -2.32592</i>
                        <i>1 0 0 0 1 0 0 0 1 2.71945 2.30531 -2.32592</i>
                        <i>1 0 0 0 1 0 0 0 1 2.71945 2.31276 -2.32592</i>
                        <i>1 0 0 0 1 0 0 0 1 2.71945 2.32231 -2.32592</i>
                        <i>1 0 0 0 1 0 0 0 1 2.71945 2.33367 -2.32592</i>
                        <i>1 0 0 0 1 0 0 0 1 2.71945 2.34655 -2.32592</i>
                        <i>1 0 0 0 1 0 0 0 1 2.71945 2.36065 -2.32592</i>
                        <i>1 0 0 0 1 0 0 0 1 2.73514 2.37588 -2.33009</i>
                        <i>1 0 0 0 1 0 0 0 1 2.76787 2.38362 -2.33398</i>
                        <i>1 0 0 0 1 0 0 0 1 2.79611 2.37085 -2.32462</i>
                        <i>1 0 0 0 1 0 0 0 1 2.82435 2.3159 -2.29411</i>
                        <i>1 0 0 0 1 0 0 0 1 2.85708 2.24044 -2.25869</i>
                        <i>1 0 0 0 1 0 0 0 1 2.87277 2.19639 -2.2417</i>
                        <i>1 0 0 0 1 0 0 0 1 2.87277 2.2174 -2.2417</i>
                        <i>1 0 0 0 1 0 0 0 1 2.87277 2.26981 -2.2417</i>
                        <i>1 0 0 0 1 0 0 0 1 2.87277 2.30463 -2.2417</i>
                        <i>1 0 0 0 1 0 0 0 1 2.87277 2.30979 -2.2417</i>
                        <i>1 0 0 0 1 0 0 0 1 2.87277 2.30776 -2.2417</i>
                        <i>1 0 0 0 1 0 0 0 1 2.87277 2.30134 -2.2417</i>
                        <i>1 0 0 0 1 0 0 0 1 2.87277 2.2933 -2.2417</i>
                        <i>1 0 0 0 1 0 0 0 1 2.87277 2.28643 -2.2417</i>
                        <i>1 0 0 0 1 0 0 0 1 2.87277 2.28353 -2.2417</i>
                        <i>1 0 0 0 1 0 0 0 1 2.87277 2.28572 -2.2417</i>
                        <i>1 0 0 0 1 0 0 0 1 2.87277 2.29095 -2.2417</i>
                        <i>1 0 0 0 1 0 0 0 1 2.87277 2.2972 -2.2417</i>
                        <i>1 0 0 0 1 0 0 0 1 2.87277 2.30243 -2.2417</i>
                        <i>1 0 0 0 1 0 0 0 1 2.87277 2.30463 -2.2417</i>
                        <i>1 0 0 0 1 0 0 0 1 2.86447 2.30458 -2.25708</i>
                        <i>1 0 0 0 1 0 0 0 1 2.84905 2.30449 -2.29432</i>
                        <i>1 0 0 0 1 0 0 0 1 2.84074 2.30445 -2.34006</i>
                        <i>1 0 0 0 1 0 0 0 1 2.84252 2.2908 -2.39329</i>
                        <i>1 0 0 0 1 0 0 0 1 2.84709 2.26136 -2.45731</i>
                        <i>1 0 0 0 1 0 0 0 1 2.85335 2.23339 -2.52518</i>
                        <i>1 0 0 0 1 0 0 0 1 2.86017 2.22415 -2.59001</i>
                        <i>1 0 0 0 1 0 0 0 1 2.86642 2.25527 -2.64488</i>
                        <i>1 0 0 0 1 0 0 0 1 2.871 2.30946 -2.68287</i>
                        <i>1 0 0 0 1 0 0 0 1 2.87277 2.3456 -2.69707</i>
                        <i>1 0 0 0 1 0 0 0 1 2.87277 2.34222 -2.69707</i>
                        <i>1 0 0 0 1 0 0 0 1 2.87277 2.3208 -2.69707</i>
                        <i>1 0 0 0 1 0 0 0 1 2.87277 2.30463 -2.69707</i>
                        <i>1 0 0 0 1 0 0 0 1 2.87277 2.29981 -2.69707</i>
                        <i>1 0 0 0 1 0 0 0 1 2.87277 2.29666 -2.69707</i>
                        <i>1 0 0 0 1 0 0 0 1 2.87277 2.29482 -2.69707</i>
                        <i>1 0 0 0 1 0 0 0 1 2.87277 2.29394 -2.69707</i>
                        <i>1 0 0 0 1 0 0 0 1 2.87277 2.29368 -2.69707</i>
                        <i>1 0 0 0 1 0 0 0 1 2.87277 2.29367 -2.69707</i>
                        <i>1 0 0 0 1 0 0 0 1 2.87277 2.29448 -2.69707</i>
                        <i>1 0 0 0 1 0 0 0 1 2.87277 2.29651 -2.69707</i>
                        <i>1 0 0 0 1 0 0 0 1 2.87277 2.29915 -2.69707</i>
                        <i>1 0 0 0 1 0 0 0 1 2.87277 2.30179 -2.69707</i>
                        <i>1 0 0 0 1 0 0 0 1 2.87277 2.30382 -2.69707</i>
                        <i>1 0 0 0 1 0 0 0 1 2.87277 2.30463 -2.69707</i>
                        <i>1 0 0 0 1 0 0 0 1 2.87277 2.30463 -2.69707</i>
                        <i>1 0 0 0 1 0 0 0 1 2.87277 2.30463 -2.69707</i>
                        <i>1 0 0 0 1 0 0 0 1 2.87277 2.30463 -2.69707</i>
                        <i>1 0 0 0 1 0 0 0 1 2.87277 2.30463 -2.69707</i>
                        <i>1 0 0 0 1 0 0 0 1 2.87277 2.30463 -2.69707</i>
                        <i>1 0 0 0 1 0 0 0 1 2.79483 2.28641 -2.60233</i>
                        <i>1 0 0 0 1 0 0 0 1 2.69226 2.28251 -2.46405</i>
                        <i>1 0 0 0 1 0 0 0 1 2.65577 2.33409 -2.38052</i>
                        <i>1 0 0 0 1 0 0 0 1 2.63751 2.40331 -2.31008</i>
                        <i>1 0 0 0 1 0 0 0 1 2.6265 2.44783 -2.26176</i>
                        <i>1 0 0 0 1 0 0 0 1 2.62145 2.44348 -2.24573</i>
                        <i>1 0 0 0 1 0 0 0 1 2.62366 2.41443 -2.25182</i>
                        <i>1 0 0 0 1 0 0 0 1 2.62598 2.39085 -2.25862</i>
                        <i>1 0 0 0 1 0 0 0 1 2.62598 2.38208 -2.25862</i>
                        <i>1 0 0 0 1 0 0 0 1 2.62598 2.37633 -2.25862</i>
                        <i>1 0 0 0 1 0 0 0 1 2.62598 2.37209 -2.25862</i>
                        <i>1 0 0 0 1 0 0 0 1 2.62598 2.36785 -2.25862</i>
                        <i>1 0 0 0 1 0 0 0 1 2.62598 2.36208 -2.25862</i>
                        <i>1 0 0 0 1 0 0 0 1 2.62598 2.35328 -2.25862</i>
                        <i>1 0 0 0 1 0 0 0 1 2.62598 2.33992 -2.25862</i>
                        <i>1 0 0 0 1 0 0 0 1 2.62574 2.31324 -2.25723</i>
                        <i>1 0 0 0 1 0 0 0 1 2.62523 2.27353 -2.2542</i>
                        <i>1 0 0 0 1 0 0 0 1 2.62474 2.23289 -2.25128</i>
                        <i>1 0 0 0 1 0 0 0 1 2.62456 2.2034 -2.25019</i>
                        <i>1 0 0 0 1 0 0 0 1 2.625 2.19715 -2.25266</i>
                        <i>1 0 0 0 1 0 0 0 1 2.62653 2.21534 -2.25891</i>
                        <i>1 0 0 0 1 0 0 0 1 2.62909 2.24776 -2.26746</i>
                        <i>1 0 0 0 1 0 0 0 1 2.62632 2.28944 -2.26145</i>
                        <i>1 0 0 0 1 0 0 0 1 2.61399 2.33539 -2.22564</i>
                        <i>1 0 0 0 1 0 0 0 1 2.5891 2.38062 -2.16241</i>
                        <i>1 0 0 0 1 0 0 0 1 2.54648 2.42014 -2.07944</i>
                        <i>1 0 0 0 1 0 0 0 1 2.48827 2.44897 -1.98883</i>
                        <i>1 0 0 0 1 0 0 0 1 2.42593 2.46212 -1.89803</i>
                        <i>1 0 0 0 1 0 0 0 1 2.36502 2.45629 -1.80728</i>
                        <i>1 0 0 0 1 0 0 0 1 2.30428 2.43461 -1.71592</i>
                        <i>1 0 0 0 1 0 0 0 1 2.246 2.40176 -1.62364</i>
                        <i>1 0 0 0 1 0 0 0 1 2.19093 2.36239 -1.53059</i>
                        <i>1 0 0 0 1 0 0 0 1 2.13873 2.32117 -1.43795</i>
                        <i>1 0 0 0 1 0 0 0 1 2.08868 2.28276 -1.34808</i>
                        <i>1 0 0 0 1 0 0 0 1 2.04013 2.25183 -1.26442</i>
                        <i>1 0 0 0 1 0 0 0 1 1.99318 2.2249 -1.18974</i>
                        <i>1 0 0 0 1 0 0 0 1 1.95027 2.1979 -1.12698</i>
                        <i>1 0 0 0 1 0 0 0 1 1.91492 2.17463 -1.07946</i>
                        <i>1 0 0 0 1 0 0 0 1 1.89084 2.1589 -1.04954</i>
                        <i>1 0 0 0 1 0 0 0 1 1.8817 2.15449 -1.03912</i>
                        <i>1 0 0 0 1 0 0 0 1 1.88133 2.16002 -1.03911</i>
                        <i>1 0 0 0 1 0 0 0 1 1.8811 2.17071 -1.0391</i>
                        <i>1 0 0 0 1 0 0 0 1 1.881 2.18529 -1.0391</i>
                        <i>1 0 0 0 1 0 0 0 1 1.88101 2.2025 -1.03911</i>
                        <i>1 0 0 0 1 0 0 0 1 1.88112 2.22106 -1.03912</i>
                        <i>1 0 0 0 1 0 0 0 1 1.88132 2.2397 -1.03913</i>
                        <i>1 0 0 0 1 0 0 0 1 1.8816 2.25715 -1.03915</i>
                        <i>1 0 0 0 1 0 0 0 1 1.88193 2.27215 -1.03917</i>
                        <i>1 0 0 0 1 0 0 0 1 1.88232 2.28341 -1.03919</i>
                        <i>1 0 0 0 1 0 0 0 1 1.88273 2.28968 -1.03921</i>
                        <i>1 0 0 0 1 0 0 0 1 1.88317 2.29058 -1.03923</i>
                        <i>1 0 0 0 1 0 0 0 1 1.88362 2.28721 -1.03926</i>
                        <i>1 0 0 0 1 0 0 0 1 1.88406 2.28054 -1.03928</i>
                        <i>1 0 0 0 1 0 0 0 1 1.88448 2.27151 -1.0393</i>
                        <i>1 0 0 0 1 0 0 0 1 1.88487 2.26108 -1.03932</i>
                        <i>1 0 0 0 1 0 0 0 1 1.88521 2.25022 -1.03933</i>
                        <i>1 0 0 0 1 0 0 0 1 1.88549 2.23986 -1.03935</i>
                        <i>1 0 0 0 1 0 0 0 1 1.8857 2.23098 -1.03936</i>
                        <i>1 0 0 0 1 0 0 0 1 1.88583 2.22452 -1.03936</i>
                        <i>1 0 0 0 1 0 0 0 1 1.88585 2.22145 -1.03937</i>
                        <i>1 0 0 0 1 0 0 0 1 1.88581 2.22053 -1.03936</i>
                        <i>1 0 0 0 1 0 0 0 1 1.88574 2.21989 -1.03936</i>
                        <i>1 0 0 0 1 0 0 0 1 1.88564 2.21953 -1.03935</i>
                        <i>1 0 0 0 1 0 0 0 1 1.88551 2.21941 -1.03935</i>
                        <i>1 0 0 0 1 0 0 0 1 1.88536 2.21952 -1.03934</i>
                        <i>1 0 0 0 1 0 0 0 1 1.8852 2.21985 -1.03933</i>
                        <i>1 0 0 0 1 0 0 0 1 1.88501 2.22037 -1.03932</i>
                        <i>1 0 0 0 1 0 0 0 1 1.88481 2.22107 -1.0393</i>
                        <i>1 0 0 0 1 0 0 0 1 1.88459 2.22194 -1.03929</i>
                        <i>1 0 0 0 1 0 0 0 1 1.88436 2.22295 -1.03928</i>
                        <i>1 0 0 0 1 0 0 0 1 1.88412 2.22409 -1.03926</i>
                        <i>1 0 0 0 1 0 0 0 1 1.88387 2.22534 -1.03924</i>
                        <i>1 0 0 0 1 0 0 0 1 1.88361 2.22669 -1.03923</i>
                        <i>1 0 0 0 1 0 0 0 1 1.88335 2.22811 -1.03921</i>
                        <i>1 0 0 0 1 0 0 0 1 1.88309 2.22959 -1.03919</i>
                        <i>1 0 0 0 1 0 0 0 1 1.88283 2.23111 -1.03918</i>
                        <i>1 0 0 0 1 0 0 0 1 1.88257 2.23265 -1.03916</i>
                        <i>1 0 0 0 1 0 0 0 1 1.88231 2.2342 -1.03915</i>
                        <i>1 0 0 0 1 0 0 0 1 1.88206 2.23574 -1.03913</i>
                        <i>1 0 0 0 1 0 0 0 1 1.88182 2.23725 -1.03911</i>
                        <i>1 0 0 0 1 0 0 0 1 1.88158 2.23872 -1.0391</i>
                        <i>1 0 0 0 1 0 0 0 1 1.88136 2.24012 -1.03909</i>
                        <i>1 0 0 0 1 0 0 0 1 1.88115 2.24145 -1.03907</i>
                        <i>1 0 0 0 1 0 0 0 1 1.88096 2.24267 -1.03906</i>
                        <i>1 0 0 0 1 0 0 0 1 1.88079 2.24379 -1.03905</i>
                        <i>1 0 0 0 1 0 0 0 1 1.88063 2.24476 -1.03904</i>
                        <i>1 0 0 0 1 0 0 0 1 1.8805 2.2456 -1.03903</i>
                        <i>1 0 0 0 1 0 0 0 1 1.8804 2.24626 -1.03903</i>
                        <i>1 0 0 0 1 0 0 0 1 1.88032 2.24674 -1.03902</i>
                        <i>1 0 0 0 1 0 0 0 1 1.88026 2.24702 -1.03902</i>
                        <i>1 0 0 0 1 0 0 0 1 1.88024 2.24713 -1.03902</i>
                        <i>1 0 0 0 1 0 0 0 1 1.88024 2.24714 -1.03902</i>
                        <i>1 0 0 0 1 0 0 0 1 1.88026 2.24704 -1.03903</i>
                        <i>1 0 0 0 1 0 0 0 1 1.8803 2.24685 -1.03903</i>
                        <i>1 0 0 0 1 0 0 0 1 1.88036 2.24657 -1.03903</i>
                        <i>1 0 0 0 1 0 0 0 1 1.88044 2.24621 -1.03904</i>
                        <i>1 0 0 0 1 0 0 0 1 1.88053 2.24578 -1.03905</i>
                        <i>1 0 0 0 1 0 0 0 1 1.88064 2.24528 -1.03905</i>
                        <i>1 0 0 0 1 0 0 0 1 1.88076 2.24472 -1.03906</i>
                        <i>1 0 0 0 1 0 0 0 1 1.8809 2.24411 -1.03907</i>
                        <i>1 0 0 0 1 0 0 0 1 1.88104 2.24346 -1.03908</i>
                        <i>1 0 0 0 1 0 0 0 1 1.88119 2.24276 -1.03909</i>
                        <i>1 0 0 0 1 0 0 0 1 1.88135 2.24203 -1.0391</i>
                        <i>1 0 0 0 1 0 0 0 1 1.88152 2.24128 -1.03911</i>
                        <i>1 0 0 0 1 0 0 0 1 1.88168 2.24052 -1.03912</i>
                        <i>1 0 0 0 1 0 0 0 1 1.88185 2.23974 -1.03914</i>
                        <i>1 0 0 0 1 0 0 0 1 1.88202 2.23896 -1.03915</i>
                        <i>1 0 0 0 1 0 0 0 1 1.88219 2.23818 -1.03916</i>
                        <i>1 0 0 0 1 0 0 0 1 1.88236 2.23742 -1.03917</i>
                        <i>1 0 0 0 1 0 0 0 1 1.88252 2.23667 -1.03918</i>
                        <i>1 0 0 0 1 0 0 0 1 1.88268 2.23595 -1.03919</i>
                        <i>1 0 0 0 1 0 0 0 1 1.88283 2.23526 -1.0392</i>
                        <i>1 0 0 0 1 0 0 0 1 1.88297 2.23461 -1.03921</i>
                        <i>1 0 0 0 1 0 0 0 1 1.88311 2.23401 -1.03921</i>
                        <i>1 0 0 0 1 0 0 0 1 1.88323 2.23346 -1.03922</i>
                        <i>1 0 0 0 1 0 0 0 1 1.88333 2.23298 -1.03923</i>
                        <i>1 0 0 0 1 0 0 0 1 1.88342 2.23256 -1.03923</i>
                        <i>1 0 0 0 1 0 0 0 1 1.8835 2.23221 -1.03924</i>
                        <i>1 0 0 0 1 0 0 0 1 1.88356 2.23195 -1.03924</i>
                        <i>1 0 0 0 1 0 0 0 1 1.88359 2.23178 -1.03924</i>
                        <i>1 0 0 0 1 0 0 0 1 1.88361 2.23169 -1.03924</i>
                        <i>1 0 0 0 1 0 0 0 1 1.88361 2.2317 -1.03924</i>
                        <i>1 0 0 0 1 0 0 0 1 1.88359 2.23179 -1.03924</i>
                        <i>1 0 0 0 1 0 0 0 1 1.88355 2.23196 -1.03923</i>
                        <i>1 0 0 0 1 0 0 0 1 1.8835 2.23219 -1.03923</i>
                        <i>1 0 0 0 1 0 0 0 1 1.88344 2.23249 -1.03922</i>
                        <i>1 0 0 0 1 0 0 0 1 1.88336 2.23284 -1.03922</i>
                        <i>1 0 0 0 1 0 0 0 1 1.88327 2.23324 -1.03921</i>
                        <i>1 0 0 0 1 0 0 0 1 1.88318 2.23368 -1.0392</i>
                        <i>1 0 0 0 1 0 0 0 1 1.88307 2.23416 -1.0392</i>
                        <i>1 0 0 0 1 0 0 0 1 1.88296 2.23467 -1.03919</i>
                        <i>1 0 0 0 1 0 0 0 1 1.88284 2.23521 -1.03918</i>
                        <i>1 0 0 0 1 0 0 0 1 1.88272 2.23576 -1.03917</i>
                        <i>1 0 0 0 1 0 0 0 1 1.8826 2.23632 -1.03916</i>
                        <i>1 0 0 0 1 0 0 0 1 1.88248 2.23689 -1.03916</i>
                        <i>1 0 0 0 1 0 0 0 1 1.88235 2.23745 -1.03915</i>
                        <i>1 0 0 0 1 0 0 0 1 1.88223 2.23801 -1.03914</i>
                        <i>1 0 0 0 1 0 0 0 1 1.88211 2.23855 -1.03914</i>
                        <i>1 0 0 0 1 0 0 0 1 1.882 2.23907 -1.03913</i>
                        <i>1 0 0 0 1 0 0 0 1 1.88189 2.23956 -1.03912</i>
                        <i>1 0 0 0 1 0 0 0 1 1.88179 2.24002 -1.03912</i>
                        <i>1 0 0 0 1 0 0 0 1 1.8817 2.24043 -1.03912</i>
                    </KeyFrames>
                </p>
            </i>
            <i>
                <p>
                    <Name><![CDATA[spine0]]></Name>
                    <Exclude>0</Exclude>
                    <Additive>0</Additive>
                    <IKPriority>0</IKPriority>
                    <IKRotLimits>-1e+010 -1e+010 -1e+010 1e+010 1e+010 1e+010</IKRotLimits>
                    <IKRotLimitOrder>0</IKRotLimitOrder>
                    <KeyFrames count="240">
                        <i>-0.49018 0.861385 0.133191 -0.0346449 0.133433 -0.990452 -0.870933 -0.490114 -0.0355635 1.90842 2.38136 -1.05013</i>
                        <i>-0.501367 0.859784 0.096965 0.0899124 0.163233 -0.982482 -0.86055 -0.483866 -0.159145 1.91127 2.37016 -1.06256</i>
                        <i>-0.503093 0.862226 0.0588583 0.219756 0.193495 -0.956173 -0.835826 -0.468109 -0.286825 1.91365 2.34621 -1.07594</i>
                        <i>-0.492867 0.869792 0.0233026 0.333532 0.213596 -0.918223 -0.80364 -0.44479 -0.395378 1.91549 2.32422 -1.08597</i>
                        <i>-0.473595 0.880731 -0.00451539 0.41265 0.217359 -0.884576 -0.778092 -0.420795 -0.466374 1.91707 2.31922 -1.08843</i>
                        <i>-0.448851 0.893459 -0.0162348 0.454979 0.212858 -0.864688 -0.769108 -0.395503 -0.502046 1.91915 2.33857 -1.08577</i>
                        <i>-0.422008 0.906515 -0.0118073 0.475667 0.210311 -0.854114 -0.771784 -0.366059 -0.519952 1.92181 2.37254 -1.0834</i>
                        <i>-0.397409 0.917641 -0.000504993 0.483975 0.209131 -0.849725 -0.779637 -0.337933 -0.527226 1.92444 2.41071 -1.08147</i>
                        <i>-0.379291 0.925233 0.00908934 0.488708 0.208664 -0.847127 -0.785686 -0.316866 -0.531313 1.92637 2.44269 -1.08005</i>
                        <i>-0.372144 0.92813 0.009128 0.49855 0.208175 -0.841493 -0.782916 -0.308606 -0.54019 1.92689 2.45816 -1.0791</i>
                        <i>-0.377828 0.925874 0.00204766 0.510002 0.209965 -0.834153 -0.772751 -0.314122 -0.551529 1.92566 2.46451 -1.07863</i>
                        <i>-0.392186 0.919867 -0.00594526 0.517426 0.215252 -0.828213 -0.760566 -0.32789 -0.560382 1.92321 2.4679 -1.07851</i>
                        <i>-0.406609 0.913197 -0.0272081 0.53578 0.214226 -0.816729 -0.740006 -0.346667 -0.576379 1.9247 2.45647 -1.08878</i>
                        <i>-0.411657 0.908467 -0.0722973 0.580724 0.200351 -0.789062 -0.702352 -0.366808 -0.610044 1.93474 2.41808 -1.11856</i>
                        <i>-0.399331 0.90635 -0.138072 0.656026 0.177282 -0.733622 -0.640441 -0.383537 -0.665383 1.95306 2.34017 -1.16662</i>
                        <i>-0.361942 0.907264 -0.214172 0.766371 0.158794 -0.622463 -0.530729 -0.38943 -0.752775 1.97733 2.40125 -1.23106</i>
                        <i>-0.297376 0.911676 -0.283573 0.88455 0.151285 -0.44123 -0.359358 -0.382046 -0.851412 2.00669 2.47029 -1.3121</i>
                        <i>-0.212662 0.919294 -0.331169 0.9663 0.14755 -0.210933 -0.145046 -0.364866 -0.919693 2.04425 2.53708 -1.40925</i>
                        <i>-0.12565 0.927467 -0.35216 0.989181 0.144218 0.0268808 0.0757187 -0.344972 -0.935554 2.09261 2.5916 -1.51825</i>
                        <i>-0.0541287 0.932187 -0.357906 0.964045 0.142177 0.224508 0.260169 -0.332885 -0.906366 2.15215 2.62376 -1.63246</i>
                        <i>0.0010632 0.935307 -0.353835 0.917979 0.139428 0.371315 0.396628 -0.325207 -0.858444 2.22031 2.63288 -1.74588</i>
                        <i>0.0458038 0.940658 -0.336251 0.863142 0.132182 0.487355 0.50288 -0.312555 -0.805867 2.29344 2.62649 -1.85467</i>
                        <i>0.082374 0.947411 -0.309237 0.806716 0.118805 0.578874 0.58517 -0.297151 -0.754505 2.36849 2.60665 -1.9553</i>
                        <i>0.113515 0.954314 -0.276403 0.751876 0.099343 0.651777 0.649459 -0.281808 -0.706249 2.44216 2.57533 -2.04506</i>
                        <i>0.141521 0.959758 -0.242561 0.699495 0.0764313 0.710539 0.700485 -0.270226 -0.660529 2.51108 2.53443 -2.12222</i>
                        <i>0.168131 0.962244 -0.214051 0.64958 0.055181 0.758288 0.74147 -0.266535 -0.615777 2.57214 2.48595 -2.18602</i>
                        <i>0.192481 0.957502 -0.214802 0.603342 0.0571574 0.795432 0.773905 -0.282705 -0.5667 2.62278 2.43211 -2.23651</i>
                        <i>0.208847 0.947564 -0.24188 0.559299 0.0871618 0.824371 0.802227 -0.307451 -0.511768 2.66102 2.37529 -2.27408</i>
                        <i>0.218508 0.93738 -0.271243 0.514383 0.125566 0.848318 0.829255 -0.324887 -0.454735 2.68533 2.31805 -2.29911</i>
                        <i>0.21698 0.934864 -0.280978 0.492107 0.143831 0.858571 0.84306 -0.324564 -0.428844 2.69457 2.36901 -2.30909</i>
                        <i>0.215108 0.935018 -0.281903 0.495601 0.144212 0.856495 0.841492 -0.32395 -0.432375 2.69521 2.41398 -2.30929</i>
                        <i>0.228153 0.927253 -0.296898 0.499883 0.15012 0.852983 0.835502 -0.343025 -0.429268 2.69461 2.45165 -2.30826</i>
                        <i>0.244556 0.917022 -0.31506 0.503483 0.157594 0.849511 0.828672 -0.366381 -0.423164 2.69362 2.48092 -2.30695</i>
                        <i>0.253629 0.911082 -0.324963 0.504993 0.161817 0.847819 0.825018 -0.379136 -0.419049 2.6931 2.50071 -2.3063</i>
                        <i>0.257218 0.908929 -0.328157 0.505011 0.163089 0.847565 0.823895 -0.383731 -0.41707 2.6931 2.50279 -2.3063</i>
                        <i>0.262911 0.905604 -0.332806 0.505033 0.164737 0.847233 0.822083 -0.390825 -0.414048 2.6931 2.48733 -2.3063</i>
                        <i>0.268601 0.902337 -0.337107 0.505049 0.16608 0.846961 0.820231 -0.39775 -0.411115 2.6931 2.46588 -2.3063</i>
                        <i>0.271234 0.90084 -0.338998 0.505056 0.166614 0.846852 0.81936 -0.400908 -0.409783 2.6931 2.44994 -2.3063</i>
                        <i>0.270815 0.900915 -0.339134 0.505059 0.166937 0.846786 0.819496 -0.400605 -0.409806 2.6931 2.44248 -2.3063</i>
                        <i>0.269653 0.901116 -0.339526 0.50507 0.167847 0.8466 0.819873 -0.399772 -0.409866 2.6931 2.43858 -2.3063</i>
                        <i>0.267884 0.901408 -0.34015 0.505085 0.169256 0.846311 0.820443 -0.398518 -0.409947 2.6931 2.43796 -2.3063</i>
                        <i>0.265649 0.901757 -0.340978 0.505103 0.171071 0.845935 0.821159 -0.396951 -0.410035 2.6931 2.44033 -2.3063</i>
                        <i>0.263089 0.902125 -0.341985 0.505122 0.173205 0.845489 0.821971 -0.395183 -0.410115 2.6931 2.44538 -2.3063</i>
                        <i>0.260349 0.902477 -0.343153 0.50514 0.175571 0.84499 0.822832 -0.393332 -0.410167 2.6931 2.45282 -2.3063</i>
                        <i>0.257574 0.902772 -0.344468 0.505156 0.178088 0.844454 0.823695 -0.391519 -0.41017 2.6931 2.46237 -2.3063</i>
                        <i>0.254913 0.902971 -0.345922 0.505169 0.180679 0.843895 0.824514 -0.389869 -0.410096 2.6931 2.47373 -2.3063</i>
                        <i>0.252515 0.903033 -0.347515 0.505179 0.183275 0.84333 0.825246 -0.388511 -0.409913 2.6931 2.48661 -2.3063</i>
                        <i>0.250529 0.902918 -0.349249 0.505184 0.185812 0.842771 0.825847 -0.387574 -0.409589 2.6931 2.50071 -2.3063</i>
                        <i>0.256509 0.903321 -0.343823 0.504817 0.178141 0.844646 0.824235 -0.390227 -0.410317 2.70895 2.51597 -2.31053</i>
