<?xml version="1.0" encoding="ISO-8859-1" ?>
<Animl Version="1">
    <ModellingPackage><![CDATA[Maya.2010]]></ModellingPackage>
    <SrcFile><![CDATA[anims\turrets\artillery\blue\~src\artillery_m198\artillery_m198_reload_high_crewman_a.mb]]></SrcFile>
    <FramesPerSecond>30</FramesPerSecond>
    <TotalFrames>101</TotalFrames>
    <Skeleton>
        <RefFrame>
            <Name><![CDATA[soldier_ref_frame]]></Name>
            <Exclude>0</Exclude>
            <Additive>0</Additive>
            <IKPriority>0</IKPriority>
            <IKRotLimits>-1e+010 -1e+010 -1e+010 1e+010 1e+010 1e+010</IKRotLimits>
            <IKRotLimitOrder>0</IKRotLimitOrder>
            <KeyFrames count="101">
                <i>1 0 0 0 1 0 0 0 1 1.79 1.37 0.12</i>
                <i>1 0 0 0 1 0 0 0 1 1.79 1.37 0.12</i>
                <i>1 0 0 0 1 0 0 0 1 1.79 1.37 0.12</i>
                <i>1 0 0 0 1 0 0 0 1 1.79 1.37 0.12</i>
                <i>1 0 0 0 1 0 0 0 1 1.79 1.37 0.12</i>
                <i>1 0 0 0 1 0 0 0 1 1.79 1.37 0.12</i>
                <i>1 0 0 0 1 0 0 0 1 1.79 1.37 0.12</i>
                <i>1 0 0 0 1 0 0 0 1 1.79 1.37 0.12</i>
                <i>1 0 0 0 1 0 0 0 1 1.79 1.37 0.12</i>
                <i>1 0 0 0 1 0 0 0 1 1.79 1.37 0.12</i>
                <i>1 0 0 0 1 0 0 0 1 1.79 1.37 0.12</i>
                <i>1 0 0 0 1 0 0 0 1 1.79 1.37 0.12</i>
                <i>1 0 0 0 1 0 0 0 1 1.79 1.37 0.12</i>
                <i>1 0 0 0 1 0 0 0 1 1.79 1.37 0.12</i>
                <i>1 0 0 0 1 0 0 0 1 1.79 1.37 0.12</i>
                <i>1 0 0 0 1 0 0 0 1 1.79 1.37 0.12</i>
                <i>1 0 0 0 1 0 0 0 1 1.79 1.37 0.12</i>
                <i>1 0 0 0 1 0 0 0 1 1.79 1.37 0.12</i>
                <i>1 0 0 0 1 0 0 0 1 1.79 1.37 0.12</i>
                <i>1 0 0 0 1 0 0 0 1 1.79 1.37 0.12</i>
                <i>1 0 0 0 1 0 0 0 1 1.79 1.37 0.12</i>
                <i>1 0 0 0 1 0 0 0 1 1.79 1.37 0.12</i>
                <i>1 0 0 0 1 0 0 0 1 1.79 1.37 0.12</i>
                <i>1 0 0 0 1 0 0 0 1 1.79 1.37 0.12</i>
                <i>1 0 0 0 1 0 0 0 1 1.79 1.37 0.12</i>
                <i>1 0 0 0 1 0 0 0 1 1.79 1.37 0.12</i>
                <i>1 0 0 0 1 0 0 0 1 1.79 1.37 0.12</i>
                <i>1 0 0 0 1 0 0 0 1 1.79 1.37 0.12</i>
                <i>1 0 0 0 1 0 0 0 1 1.79 1.37 0.12</i>
                <i>1 0 0 0 1 0 0 0 1 1.79 1.37 0.12</i>
                <i>1 0 0 0 1 0 0 0 1 1.79 1.37 0.12</i>
                <i>1 0 0 0 1 0 0 0 1 1.79 1.37 0.12</i>
                <i>1 0 0 0 1 0 0 0 1 1.79 1.37 0.12</i>
                <i>1 0 0 0 1 0 0 0 1 1.79 1.37 0.12</i>
                <i>1 0 0 0 1 0 0 0 1 1.79 1.37 0.12</i>
                <i>1 0 0 0 1 0 0 0 1 1.79 1.37 0.12</i>
                <i>1 0 0 0 1 0 0 0 1 1.79 1.37 0.12</i>
                <i>1 0 0 0 1 0 0 0 1 1.79 1.37 0.12</i>
                <i>1 0 0 0 1 0 0 0 1 1.79 1.37 0.12</i>
                <i>1 0 0 0 1 0 0 0 1 1.79 1.37 0.12</i>
                <i>1 0 0 0 1 0 0 0 1 1.79 1.37 0.12</i>
                <i>1 0 0 0 1 0 0 0 1 1.79 1.37 0.12</i>
                <i>1 0 0 0 1 0 0 0 1 1.79 1.37 0.12</i>
                <i>1 0 0 0 1 0 0 0 1 1.79 1.37 0.12</i>
                <i>1 0 0 0 1 0 0 0 1 1.79 1.37 0.12</i>
                <i>1 0 0 0 1 0 0 0 1 1.79 1.37 0.12</i>
                <i>1 0 0 0 1 0 0 0 1 1.79 1.37 0.12</i>
                <i>1 0 0 0 1 0 0 0 1 1.79 1.37 0.12</i>
                <i>1 0 0 0 1 0 0 0 1 1.79 1.37 0.12</i>
                <i>1 0 0 0 1 0 0 0 1 1.79 1.37 0.12</i>
                <i>1 0 0 0 1 0 0 0 1 1.79 1.37 0.12</i>
                <i>1 0 0 0 1 0 0 0 1 1.79 1.37 0.12</i>
                <i>1 0 0 0 1 0 0 0 1 1.79 1.37 0.12</i>
                <i>1 0 0 0 1 0 0 0 1 1.79 1.37 0.12</i>
                <i>1 0 0 0 1 0 0 0 1 1.79 1.37 0.12</i>
                <i>1 0 0 0 1 0 0 0 1 1.79 1.37 0.12</i>
                <i>1 0 0 0 1 0 0 0 1 1.79 1.37 0.12</i>
                <i>1 0 0 0 1 0 0 0 1 1.79 1.37 0.12</i>
                <i>1 0 0 0 1 0 0 0 1 1.79 1.37 0.12</i>
                <i>1 0 0 0 1 0 0 0 1 1.79 1.37 0.12</i>
                <i>1 0 0 0 1 0 0 0 1 1.79 1.37 0.12</i>
                <i>1 0 0 0 1 0 0 0 1 1.79 1.37 0.12</i>
                <i>1 0 0 0 1 0 0 0 1 1.79 1.37 0.12</i>
                <i>1 0 0 0 1 0 0 0 1 1.79 1.37 0.12</i>
                <i>1 0 0 0 1 0 0 0 1 1.79 1.37 0.12</i>
                <i>1 0 0 0 1 0 0 0 1 1.79 1.37 0.12</i>
                <i>1 0 0 0 1 0 0 0 1 1.79 1.37 0.12</i>
                <i>1 0 0 0 1 0 0 0 1 1.79 1.37 0.12</i>
                <i>1 0 0 0 1 0 0 0 1 1.79 1.37 0.12</i>
                <i>1 0 0 0 1 0 0 0 1 1.79 1.37 0.12</i>
                <i>1 0 0 0 1 0 0 0 1 1.79 1.37 0.12</i>
                <i>1 0 0 0 1 0 0 0 1 1.79 1.37 0.12</i>
                <i>1 0 0 0 1 0 0 0 1 1.79 1.37 0.12</i>
                <i>1 0 0 0 1 0 0 0 1 1.79 1.37 0.12</i>
                <i>1 0 0 0 1 0 0 0 1 1.79 1.37 0.12</i>
                <i>1 0 0 0 1 0 0 0 1 1.79 1.37 0.12</i>
                <i>1 0 0 0 1 0 0 0 1 1.79 1.37 0.12</i>
                <i>1 0 0 0 1 0 0 0 1 1.79 1.37 0.12</i>
                <i>1 0 0 0 1 0 0 0 1 1.79 1.37 0.12</i>
                <i>1 0 0 0 1 0 0 0 1 1.79 1.37 0.12</i>
                <i>1 0 0 0 1 0 0 0 1 1.79 1.37 0.12</i>
                <i>1 0 0 0 1 0 0 0 1 1.79 1.37 0.12</i>
                <i>1 0 0 0 1 0 0 0 1 1.79 1.37 0.12</i>
                <i>1 0 0 0 1 0 0 0 1 1.79 1.37 0.12</i>
                <i>1 0 0 0 1 0 0 0 1 1.79 1.37 0.12</i>
                <i>1 0 0 0 1 0 0 0 1 1.79 1.37 0.12</i>
                <i>1 0 0 0 1 0 0 0 1 1.79 1.37 0.12</i>
                <i>1 0 0 0 1 0 0 0 1 1.79 1.37 0.12</i>
                <i>1 0 0 0 1 0 0 0 1 1.79 1.37 0.12</i>
                <i>1 0 0 0 1 0 0 0 1 1.79 1.37 0.12</i>
                <i>1 0 0 0 1 0 0 0 1 1.79 1.37 0.12</i>
                <i>1 0 0 0 1 0 0 0 1 1.79 1.37 0.12</i>
                <i>1 0 0 0 1 0 0 0 1 1.79 1.37 0.12</i>
                <i>1 0 0 0 1 0 0 0 1 1.79 1.37 0.12</i>
                <i>1 0 0 0 1 0 0 0 1 1.79 1.37 0.12</i>
                <i>1 0 0 0 1 0 0 0 1 1.79 1.37 0.12</i>
                <i>1 0 0 0 1 0 0 0 1 1.79 1.37 0.12</i>
                <i>1 0 0 0 1 0 0 0 1 1.79 1.37 0.12</i>
                <i>1 0 0 0 1 0 0 0 1 1.79 1.37 0.12</i>
                <i>1 0 0 0 1 0 0 0 1 1.79 1.37 0.12</i>
                <i>1 0 0 0 1 0 0 0 1 1.79 1.37 0.12</i>
            </KeyFrames>
        </RefFrame>
        <Bones count="23">
            <i>
                <p>
                    <Name><![CDATA[pelvis]]></Name>
                    <Exclude>0</Exclude>
                    <Additive>0</Additive>
                    <IKPriority>0</IKPriority>
                    <IKRotLimits>-1e+010 -1e+010 -1e+010 1e+010 1e+010 1e+010</IKRotLimits>
                    <IKRotLimitOrder>2</IKRotLimitOrder>
                    <KeyFrames count="101">
                        <i>1 0 0 0 1 0 0 0 1 1.84645 2.44605 0.00594802</i>
                        <i>1 0 0 0 1 0 0 0 1 1.83517 2.46908 -0.00665913</i>
                        <i>1 0 0 0 1 0 0 0 1 1.80552 2.492 -0.0390678</i>
                        <i>1 0 0 0 1 0 0 0 1 1.76373 2.4839 -0.0831587</i>
                        <i>1 0 0 0 1 0 0 0 1 1.71606 2.4667 -0.130813</i>
                        <i>1 0 0 0 1 0 0 0 1 1.66874 2.4503 -0.17391</i>
                        <i>1 0 0 0 1 0 0 0 1 1.62804 2.44461 -0.204333</i>
                        <i>1 0 0 0 1 0 0 0 1 1.6124 2.45429 -0.178176</i>
                        <i>1 0 0 0 1 0 0 0 1 1.56392 2.47335 -0.165078</i>
                        <i>1 0 0 0 1 0 0 0 1 1.43873 2.4957 -0.234528</i>
                        <i>1 0 0 0 1 0 0 0 1 1.28595 2.51526 -0.329801</i>
                        <i>1 0 0 0 1 0 0 0 1 1.13664 2.52596 -0.423771</i>
                        <i>1 0 0 0 1 0 0 0 1 1.02188 2.52171 -0.489311</i>
                        <i>1 0 0 0 1 0 0 0 1 0.93797 2.50064 -0.528613</i>
                        <i>1 0 0 0 1 0 0 0 1 0.860415 2.46768 -0.562271</i>
                        <i>1 0 0 0 1 0 0 0 1 0.789028 2.42697 -0.590763</i>
                        <i>1 0 0 0 1 0 0 0 1 0.723626 2.38265 -0.614568</i>
                        <i>1 0 0 0 1 0 0 0 1 0.664026 2.33887 -0.634164</i>
                        <i>1 0 0 0 1 0 0 0 1 0.610044 2.29978 -0.650028</i>
                        <i>1 0 0 0 1 0 0 0 1 0.561498 2.26951 -0.662638</i>
                        <i>1 0 0 0 1 0 0 0 1 0.518204 2.2522 -0.672473</i>
                        <i>1 0 0 0 1 0 0 0 1 0.490005 2.25838 -0.672037</i>
                        <i>1 0 0 0 1 0 0 0 1 0.481448 2.28794 -0.657987</i>
                        <i>1 0 0 0 1 0 0 0 1 0.484411 2.32908 -0.637026</i>
                        <i>1 0 0 0 1 0 0 0 1 0.490771 2.37003 -0.615861</i>
                        <i>1 0 0 0 1 0 0 0 1 0.492406 2.39899 -0.601196</i>
                        <i>1 0 0 0 1 0 0 0 1 0.492775 2.41785 -0.592792</i>
                        <i>1 0 0 0 1 0 0 0 1 0.497291 2.43447 -0.586181</i>
                        <i>1 0 0 0 1 0 0 0 1 0.500768 2.44601 -0.581718</i>
                        <i>1 0 0 0 1 0 0 0 1 0.498018 2.44964 -0.579763</i>
                        <i>1 0 0 0 1 0 0 0 1 0.483855 2.44251 -0.580673</i>
                        <i>1 0 0 0 1 0 0 0 1 0.459 2.42658 -0.584046</i>
                        <i>1 0 0 0 1 0 0 0 1 0.428638 2.40631 -0.588983</i>
                        <i>1 0 0 0 1 0 0 0 1 0.394278 2.3826 -0.595093</i>
                        <i>1 0 0 0 1 0 0 0 1 0.357426 2.35637 -0.60199</i>
                        <i>1 0 0 0 1 0 0 0 1 0.31959 2.32853 -0.609285</i>
                        <i>1 0 0 0 1 0 0 0 1 0.282278 2.3 -0.616589</i>
                        <i>1 0 0 0 1 0 0 0 1 0.246997 2.27168 -0.623514</i>
                        <i>1 0 0 0 1 0 0 0 1 0.215255 2.2445 -0.629671</i>
                        <i>1 0 0 0 1 0 0 0 1 0.188559 2.21936 -0.634672</i>
                        <i>1 0 0 0 1 0 0 0 1 0.168417 2.19718 -0.638128</i>
                        <i>1 0 0 0 1 0 0 0 1 0.165224 2.17455 -0.637774</i>
                        <i>1 0 0 0 1 0 0 0 1 0.181274 2.15136 -0.633234</i>
                        <i>1 0 0 0 1 0 0 0 1 0.20592 2.13341 -0.626958</i>
                        <i>1 0 0 0 1 0 0 0 1 0.228515 2.12652 -0.621396</i>
                        <i>1 0 0 0 1 0 0 0 1 0.238413 2.13652 -0.618997</i>
                        <i>1 0 0 0 1 0 0 0 1 0.238413 2.17254 -0.618997</i>
                        <i>1 0 0 0 1 0 0 0 1 0.238413 2.2307 -0.618997</i>
                        <i>1 0 0 0 1 0 0 0 1 0.238413 2.29729 -0.618997</i>
                        <i>1 0 0 0 1 0 0 0 1 0.238413 2.35861 -0.618997</i>
                        <i>1 0 0 0 1 0 0 0 1 0.238413 2.40095 -0.618997</i>
                        <i>1 0 0 0 1 0 0 0 1 0.237206 2.42096 -0.634958</i>
                        <i>1 0 0 0 1 0 0 0 1 0.234083 2.42778 -0.671832</i>
                        <i>1 0 0 0 1 0 0 0 1 0.229791 2.42643 -0.713107</i>
                        <i>1 0 0 0 1 0 0 0 1 0.225079 2.42194 -0.742269</i>
                        <i>1 0 0 0 1 0 0 0 1 0.220693 2.41933 -0.742806</i>
                        <i>1 0 0 0 1 0 0 0 1 0.216305 2.41884 -0.681355</i>
                        <i>1 0 0 0 1 0 0 0 1 0.211441 2.41712 -0.570969</i>
                        <i>1 0 0 0 1 0 0 0 1 0.206631 2.41381 -0.464762</i>
                        <i>1 0 0 0 1 0 0 0 1 0.201891 2.40854 -0.368844</i>
                        <i>1 0 0 0 1 0 0 0 1 0.197664 2.40095 -0.310735</i>
                        <i>1 0 0 0 1 0 0 0 1 0.195505 2.38609 -0.310862</i>
                        <i>1 0 0 0 1 0 0 0 1 0.19484 2.36419 -0.327209</i>
                        <i>1 0 0 0 1 0 0 0 1 0.193644 2.34268 -0.351337</i>
                        <i>1 0 0 0 1 0 0 0 1 0.189897 2.32901 -0.374808</i>
                        <i>1 0 0 0 1 0 0 0 1 0.181575 2.33058 -0.38918</i>
                        <i>1 0 0 0 1 0 0 0 1 0.173782 2.35676 -0.379043</i>
                        <i>1 0 0 0 1 0 0 0 1 0.171737 2.4026 -0.34482</i>
                        <i>1 0 0 0 1 0 0 0 1 0.173589 2.45406 -0.301827</i>
                        <i>1 0 0 0 1 0 0 0 1 0.177485 2.49712 -0.265379</i>
                        <i>1 0 0 0 1 0 0 0 1 0.181575 2.51777 -0.250793</i>
                        <i>1 0 0 0 1 0 0 0 1 0.185617 2.50683 -0.262279</i>
                        <i>1 0 0 0 1 0 0 0 1 0.190848 2.47366 -0.289626</i>
                        <i>1 0 0 0 1 0 0 0 1 0.197625 2.432 -0.326518</i>
                        <i>1 0 0 0 1 0 0 0 1 0.206309 2.3956 -0.366643</i>
                        <i>1 0 0 0 1 0 0 0 1 0.217258 2.3782 -0.403684</i>
                        <i>1 0 0 0 1 0 0 0 1 0.217226 2.38626 -0.444189</i>
                        <i>1 0 0 0 1 0 0 0 1 0.205972 2.41061 -0.492368</i>
                        <i>1 0 0 0 1 0 0 0 1 0.203368 2.44157 -0.5384</i>
                        <i>1 0 0 0 1 0 0 0 1 0.229284 2.46945 -0.572465</i>
                        <i>1 0 0 0 1 0 0 0 1 0.30359 2.48455 -0.584741</i>
                        <i>1 0 0 0 1 0 0 0 1 0.446535 2.48332 -0.572184</i>
                        <i>1 0 0 0 1 0 0 0 1 0.644872 2.47221 -0.541341</i>
                        <i>1 0 0 0 1 0 0 0 1 0.868228 2.45657 -0.496779</i>
                        <i>1 0 0 0 1 0 0 0 1 1.08623 2.44173 -0.443065</i>
                        <i>1 0 0 0 1 0 0 0 1 1.2685 2.43303 -0.384767</i>
                        <i>1 0 0 0 1 0 0 0 1 1.42735 2.43192 -0.306328</i>
                        <i>1 0 0 0 1 0 0 0 1 1.58303 2.43484 -0.204705</i>
                        <i>1 0 0 0 1 0 0 0 1 1.71707 2.43962 -0.10323</i>
                        <i>1 0 0 0 1 0 0 0 1 1.81103 2.44408 -0.0252352</i>
                        <i>1 0 0 0 1 0 0 0 1 1.84645 2.44605 0.00594802</i>
                        <i>1 0 0 0 1 0 0 0 1 1.84645 2.44605 0.00594802</i>
                        <i>1 0 0 0 1 0 0 0 1 1.84645 2.44605 0.00594802</i>
                        <i>1 0 0 0 1 0 0 0 1 1.84645 2.44605 0.00594802</i>
                        <i>1 0 0 0 1 0 0 0 1 1.84645 2.44605 0.00594802</i>
                        <i>1 0 0 0 1 0 0 0 1 1.84645 2.44605 0.00594802</i>
                        <i>1 0 0 0 1 0 0 0 1 1.84645 2.44605 0.00594802</i>
                        <i>1 0 0 0 1 0 0 0 1 1.84645 2.44605 0.00594802</i>
                        <i>1 0 0 0 1 0 0 0 1 1.84645 2.44605 0.00594802</i>
                        <i>1 0 0 0 1 0 0 0 1 1.84645 2.44605 0.00594802</i>
                        <i>1 0 0 0 1 0 0 0 1 1.84645 2.44605 0.00594802</i>
                    </KeyFrames>
                </p>
            </i>
            <i>
                <p>
                    <Name><![CDATA[spine0]]></Name>
                    <Exclude>0</Exclude>
                    <Additive>0</Additive>
                    <IKPriority>0</IKPriority>
                    <IKRotLimits>-1e+010 -1e+010 -1e+010 1e+010 1e+010 1e+010</IKRotLimits>
                    <IKRotLimitOrder>0</IKRotLimitOrder>
                    <KeyFrames count="101">
                        <i>-0.00657941 0.999146 -0.0407988 -0.53182 -0.0380475 -0.846002 -0.846832 0.0161314 0.531616 1.87621 2.581 -0.0340378</i>
                        <i>-0.00467016 0.999162 -0.0406745 -0.526365 -0.0370403 -0.849452 -0.850246 0.0174425 0.526096 1.86543 2.60432 -0.0453031</i>
                        <i>2.85118e-005 0.999177 -0.0405517 -0.511137 -0.0348396 -0.858793 -0.859499 0.020752 0.510716 1.83703 2.62787 -0.0742897</i>
                        <i>0.0060027 0.999153 -0.0407084 -0.487774 -0.0326121 -0.872361 -0.872949 0.025093 0.487165 1.79694 2.62049 -0.113775</i>
                        <i>0.0121978 0.999084 -0.0410055 -0.458035 -0.0308705 -0.888398 -0.88885 0.0296185 0.457239 1.75105 2.60384 -0.156541</i>
                        <i>0.0182178 0.999 -0.0408393 -0.423954 -0.029274 -0.90521 -0.9055 0.0338049 0.422997 1.7053 2.58777 -0.195382</i>
                        <i>0.0240137 0.998939 -0.0393039 -0.38782 -0.0269279 -0.921342 -0.921422 0.0373677 0.386762 1.66571 2.58217 -0.223117</i>
                        <i>0.0326124 0.998957 -0.0319533 -0.271689 -0.0219058 -0.962136 -0.961832 0.0400589 0.270691 1.65223 2.59182 -0.192202</i>
                        <i>0.0370398 0.999087 -0.0212702 -0.182373 -0.0141692 -0.983127 -0.982531 0.040294 0.181682 1.60498 2.61082 -0.175585</i>
                        <i>0.0623695 0.997975 -0.0125013 -0.205356 0.000574224 -0.978687 -0.976698 0.0636074 0.204976 1.48347 2.63193 -0.246131</i>
                        <i>0.117501 0.993064 -0.00409466 -0.225467 0.0226616 -0.973987 -0.967139 0.115367 0.226566 1.33882 2.64847 -0.342297</i>
                        <i>0.170154 0.985417 0.00111354 -0.239456 0.0424433 -0.969979 -0.955881 0.164779 0.243186 1.19746 2.65567 -0.436912</i>
                        <i>0.18932 0.981914 0.00169266 -0.244986 0.0489042 -0.968292 -0.950863 0.182903 0.249814 1.0862 2.64969 -0.502768</i>
                        <i>0.171822 0.985114 -0.00533664 -0.26043 0.0401979 -0.964656 -0.950081 0.167139 0.26346 1.00292 2.62806 -0.54416</i>
                        <i>0.141441 0.989792 -0.0174877 -0.299441 0.0259389 -0.953762 -0.943573 0.140138 0.300053 0.926875 2.59354 -0.583228</i>
                        <i>0.10834 0.993723 -0.0278767 -0.351812 0.0120989 -0.935993 -0.92978 0.111213 0.350914 0.857107 2.55041 -0.619469</i>
                        <i>0.0825179 0.995994 -0.0344613 -0.407754 0.00218955 -0.913089 -0.909356 0.089398 0.406301 0.792792 2.50304 -0.652253</i>
                        <i>0.0711524 0.996629 -0.0408387 -0.459346 -0.00360352 -0.88825 -0.885403 0.0819602 0.457542 0.733442 2.45593 -0.680816</i>
                        <i>0.0709127 0.996213 -0.0503175 -0.501365 -0.00801189 -0.865199 -0.862325 0.086581 0.498898 0.678953 2.41377 -0.704363</i>
                        <i>0.0757306 0.995236 -0.0614 -0.529882 -0.0119952 -0.847986 -0.844683 0.0967533 0.52645 0.629508 2.38142 -0.722177</i>
                        <i>0.0814164 0.994337 -0.0683002 -0.540637 -0.0135103 -0.841147 -0.837307 0.105409 0.536476 0.58536 2.36376 -0.733632</i>
                        <i>0.0891383 0.993259 -0.0741054 -0.54185 -0.0140704 -0.840358 -0.835735 0.115062 0.536943 0.555822 2.37111 -0.732506</i>
                        <i>0.0974772 0.991696 -0.0838897 -0.544954 -0.0173471 -0.838287 -0.832781 0.12743 0.538737 0.544804 2.4026 -0.717448</i>
                        <i>0.0991696 0.990767 -0.0924457 -0.549513 -0.0229245 -0.83517 -0.829579 0.133624 0.542166 0.544329 2.44625 -0.695153</i>
                        <i>0.0915706 0.991105 -0.0965734 -0.554943 -0.029735 -0.831357 -0.826833 0.129721 0.547284 0.546426 2.49008 -0.672316</i>
                        <i>0.0777155 0.992328 -0.0961538 -0.560673 -0.0362476 -0.827243 -0.824382 0.118201 0.553555 0.543133 2.52211 -0.655634</i>
                        <i>0.0579754 0.994827 -0.0834183 -0.565843 -0.0360953 -0.823722 -0.822472 0.0949573 0.560823 0.538087 2.54407 -0.644868</i>
                        <i>0.0267562 0.998455 -0.0487056 -0.570618 -0.0247503 -0.820843 -0.82078 0.0497549 0.569074 0.536897 2.56365 -0.635562</i>
                        <i>-0.0157385 0.999875 0.00180435 -0.575903 -0.00758977 -0.817482 -0.817366 -0.0139051 0.575951 0.534585 2.57792 -0.62811</i>
                        <i>-0.0581271 0.997124 0.0486251 -0.581732 0.00575188 -0.81336 -0.811301 -0.075565 0.579725 0.52618 2.58396 -0.622922</i>
                        <i>-0.0896801 0.992906 0.0780708 -0.586971 0.0106371 -0.809538 -0.804626 -0.118425 0.581853 0.506717 2.57887 -0.620429</i>
                        <i>-0.119701 0.988063 0.0969714 -0.573783 0.0108608 -0.818935 -0.810213 -0.153668 0.565634 0.47711 2.56501 -0.618783</i>
                        <i>-0.159747 0.980922 0.110787 -0.527213 0.0101046 -0.849673 -0.834582 -0.19414 0.515541 0.442589 2.54677 -0.616763</i>
                        <i>-0.20582 0.972053 0.11292 -0.449444 0.00860377 -0.893267 -0.869275 -0.234603 0.435113 0.404773 2.52461 -0.615571</i>
                        <i>-0.251187 0.962847 0.0991556 -0.343975 0.00695894 -0.938953 -0.904757 -0.26996 0.329448 0.36577 2.49931 -0.615951</i>
                        <i>-0.287546 0.95522 0.0697946 -0.217784 0.00575287 -0.97598 -0.932678 -0.295839 0.206377 0.328271 2.47187 -0.617887</i>
                        <i>-0.306672 0.951343 0.0299783 -0.081685 0.00507409 -0.996645 -0.948304 -0.308092 0.0761544 0.296044 2.44315 -0.620463</i>
                        <i>-0.309141 0.950942 -0.0118741 0.0507027 0.00401238 -0.998706 -0.949664 -0.309343 -0.0494558 0.270033 2.41368 -0.621711</i>
                        <i>-0.301893 0.95205 -0.0496081 0.167754 0.00182621 -0.985827 -0.938467 -0.305936 -0.160261 0.248897 2.38408 -0.620612</i>
                        <i>-0.289804 0.953779 -0.0794939 0.262002 -0.000825749 -0.965067 -0.920526 -0.300508 -0.249653 0.231627 2.35558 -0.617758</i>
                        <i>-0.273922 0.956788 -0.0975906 0.329613 -0.00193188 -0.944114 -0.903505 -0.290781 -0.31484 0.21797 2.33021 -0.614806</i>
                        <i>-0.257266 0.96083 -0.103058 0.363696 -0.00253294 -0.931514 -0.895287 -0.277128 -0.348799 0.21895 2.30527 -0.610892</i>
                        <i>-0.243913 0.964599 -0.100276 0.364946 -0.00450281 -0.931018 -0.89851 -0.263683 -0.350929 0.238377 2.28044 -0.605404</i>
                        <i>-0.234319 0.967745 -0.0925448 0.34137 -0.00722677 -0.939901 -0.910254 -0.251829 -0.328665 0.265459 2.26168 -0.600529</i>
                        <i>-0.229204 0.969889 -0.082344 0.300305 -0.0100091 -0.953791 -0.925895 -0.243341 -0.288969 0.289135 2.2549 -0.598152</i>
                        <i>-0.230126 0.970579 -0.0708458 0.249201 -0.0115995 -0.968382 -0.940713 -0.240505 -0.2392 0.298213 2.26596 -0.59987</i>
                        <i>-0.204243 0.977869 -0.0453632 0.173149 -0.00952211 -0.98485 -0.963485 -0.209003 -0.167372 0.296222 2.30358 -0.605436</i>
                        <i>-0.134453 0.990818 -0.01422 0.0654257 -0.00544259 -0.997843 -0.988758 -0.135094 -0.0640932 0.293786 2.36331 -0.612376</i>
                        <i>-0.0502326 0.998738 4.92597e-005 -0.0514988 -0.00254093 -0.99867 -0.997409 -0.0501683 0.0515615 0.290848 2.43126 -0.619006</i>
                        <i>0.0212309 0.999764 -0.00450343 -0.15325 -0.00119687 -0.988187 -0.987959 0.0216703 0.153189 0.288095 2.49352 -0.624158</i>
                        <i>0.0601393 0.998102 -0.0132538 -0.216378 7.31985e-005 -0.97631 -0.974456 0.0615824 0.215972 0.286705 2.53622 -0.627193</i>
                        <i>0.0752985 0.99686 -0.0245042 -0.223112 -0.00710822 -0.974767 -0.97188 0.0788656 0.221877 0.285401 2.55627 -0.643037</i>
                        <i>0.0875396 0.995237 -0.0428986 -0.188399 -0.0257461 -0.981755 -0.978183 0.0940245 0.185248 0.282406 2.56318 -0.677135</i>
                        <i>0.0974253 0.993295 -0.0622324 -0.139321 -0.0483026 -0.989069 -0.985443 0.105031 0.133681 0.278185 2.5619 -0.714806</i>
                        <i>0.102439 0.991523 -0.0799288 -0.103895 -0.0692474 -0.992175 -0.989299 0.109942 0.0959203 0.273415 2.55743 -0.741289</i>
                        <i>0.0972765 0.990868 -0.0933727 -0.110516 -0.0824832 -0.990446 -0.989102 0.106666 0.101483 0.268964 2.55484 -0.741729</i>
                        <i>0.0766132 0.992057 -0.0997671 -0.172658 -0.0853492 -0.981277 -0.981998 0.0924044 0.164748 0.264496 2.55437 -0.68355</i>
                        <i>0.0433491 0.994907 -0.0910048 -0.270446 -0.0760036 -0.95973 -0.961759 0.0662154 0.265774 0.259162 2.55261 -0.578699</i>
                        <i>0.0113259 0.998153 -0.0596797 -0.381398 -0.0508592 -0.923011 -0.924341 0.0332157 0.380118 0.253135 2.5492 -0.479008</i>
                        <i>-0.00626571 0.999847 -0.0163342 -0.483593 -0.0173271 -0.875122 -0.875271 0.00241582 0.483627 0.246503 2.54379 -0.389187</i>
                        <i>-0.0148139 0.999766 0.015749 -0.558992 0.00477871 -0.82916 -0.829041 -0.0210866 0.55879 0.240302 2.53612 -0.335366</i>
                        <i>-0.0288812 0.999134 0.0299549 -0.610956 0.00607362 -0.791641 -0.791138 -0.0411646 0.610251 0.235975 2.52131 -0.338652</i>
                        <i>-0.0471994 0.998162 0.0380032 -0.652444 -0.00199858 -0.757834 -0.756365 -0.0605643 0.65134 0.232618 2.49948 -0.358283</i>
                        <i>-0.0658026 0.996888 0.0434064 -0.684143 -0.0134071 -0.729225 -0.726374 -0.077681 0.682896 0.22875 2.47797 -0.385407</i>
                        <i>-0.080196 0.995632 0.0477974 -0.706744 -0.0229811 -0.707096 -0.702909 -0.0904867 0.705501 0.222857 2.46423 -0.411178</i>
                        <i>-0.0858501 0.994981 0.0514001 -0.720882 -0.0264231 -0.692554 -0.68772 -0.0965092 0.719533 0.213402 2.46575 -0.426754</i>
                        <i>-0.0750362 0.996097 0.046478 -0.722604 -0.0221961 -0.690906 -0.687178 -0.0854281 0.721449 0.20669 2.49188 -0.415885</i>
                        <i>-0.0532044 0.998095 0.0312431 -0.711999 -0.0159793 -0.701999 -0.700162 -0.0595945 0.711492 0.207852 2.53756 -0.379126</i>
                        <i>-0.0333206 0.999327 0.0153438 -0.695514 -0.01216 -0.71841 -0.71774 -0.0346097 0.695451 0.21356 2.58873 -0.332822</i>
                        <i>-0.0211559 0.999761 0.0054939 -0.68 -0.0103607 -0.733139 -0.732907 -0.019246 0.680057 0.220582 2.63147 -0.29347</i>
                        <i>-0.0176474 0.999839 0.00311906 -0.672815 -0.00956762 -0.739749 -0.7396 -0.0151532 0.672876 0.22583 2.65197 -0.277736</i>
                        <i>-0.0251067 0.999641 -0.00930583 -0.658461 -0.0235405 -0.752246 -0.752196 -0.0127589 0.658816 0.229518 2.64066 -0.29157</i>
                        <i>-0.0402999 0.998484 -0.0374939 -0.627565 -0.0544933 -0.776655 -0.777521 -0.00776929 0.628809 0.2344 2.60636 -0.32411</i>
                        <i>-0.0566742 0.996284 -0.0648527 -0.598688 -0.0858956 -0.796363 -0.798975 -0.00630671 0.601332 0.241032 2.56306 -0.366973</i>
                        <i>-0.067499 0.994616 -0.0786363 -0.594398 -0.10339 -0.797497 -0.801333 -0.007089 0.598176 0.249472 2.52502 -0.412294</i>
                        <i>-0.0636113 0.995522 -0.0699247 -0.637795 -0.0944439 -0.764394 -0.767575 -0.00402646 0.640947 0.259397 2.50677 -0.452565</i>
                        <i>-0.0203551 0.998645 -0.0478895 -0.743615 -0.0471398 -0.666945 -0.668299 0.0220356 0.743567 0.258769 2.5137 -0.496416</i>
                        <i>0.0466405 0.998365 -0.0330601 -0.869992 0.0243357 -0.492465 -0.490855 0.0517308 0.869704 0.245209 2.53657 -0.549743</i>
                        <i>0.0961496 0.995055 -0.0249318 -0.960051 0.0860963 -0.26625 -0.262787 0.0495357 0.963582 0.235284 2.56776 -0.599675</i>
                        <i>0.112668 0.993545 -0.013167 -0.992727 0.111989 -0.0441712 -0.0424115 0.0180479 0.998937 0.250155 2.59788 -0.633836</i>
                        <i>0.105622 0.994369 0.0085801 -0.988218 0.104 0.112287 0.110762 -0.020339 0.993639 0.313856 2.61575 -0.642862</i>
                        <i>0.0757151 0.996751 0.0274811 -0.975071 0.0682472 0.211135 0.208574 -0.0427822 0.977071 0.447266 2.61688 -0.625641</i>
                        <i>0.032011 0.998919 0.0337208 -0.957657 0.0209955 0.287146 0.286128 -0.0414848 0.957293 0.637562 2.60734 -0.590146</i>
                        <i>-0.011465 0.999452 0.0310531 -0.94465 -0.0210089 0.327406 0.327879 -0.0255806 0.944373 0.85646 2.5925 -0.542387</i>
                        <i>-0.0536367 0.998224 0.0259262 -0.946879 -0.059088 0.316114 0.317084 -0.00759372 0.948367 1.07336 2.57811 -0.487008</i>
                        <i>-0.0918328 0.995444 0.0256385 -0.967061 -0.0952936 0.236033 0.237401 -0.00311844 0.971407 1.25686 2.56986 -0.427629</i>
                        <i>-0.136725 0.99035 0.0226685 -0.990503 -0.13701 0.0115193 0.014514 -0.0208783 0.999677 1.41504 2.56895 -0.348362</i>
                        <i>-0.165952 0.986069 -0.0112908 -0.92695 -0.159888 -0.33941 -0.336487 -0.0458596 0.940571 1.57287 2.57109 -0.249731</i>
                        <i>-0.125278 0.990776 -0.0516527 -0.744007 -0.128262 -0.655746 -0.656323 -0.0437207 0.753213 1.72203 2.57571 -0.149614</i>
                        <i>-0.0458733 0.997579 -0.0522694 -0.58169 -0.0692139 -0.810461 -0.812116 -0.00677388 0.583456 1.83359 2.5798 -0.0672638</i>
                        <i>-0.00657941 0.999146 -0.0407988 -0.53182 -0.0380475 -0.846002 -0.846832 0.0161314 0.531616 1.87621 2.581 -0.0340378</i>
                        <i>-0.00657941 0.999146 -0.0407988 -0.53182 -0.0380475 -0.846002 -0.846832 0.0161314 0.531616 1.87621 2.581 -0.0340378</i>
                        <i>-0.00657941 0.999146 -0.0407988 -0.53182 -0.0380475 -0.846002 -0.846832 0.0161314 0.531616 1.87621 2.581 -0.0340378</i>
                        <i>-0.00657941 0.999146 -0.0407988 -0.53182 -0.0380475 -0.846002 -0.846832 0.0161314 0.531616 1.87621 2.581 -0.0340378</i>
                        <i>-0.00657941 0.999146 -0.0407988 -0.53182 -0.0380475 -0.846002 -0.846832 0.0161314 0.531616 1.87621 2.581 -0.0340378</i>
                        <i>-0.00657941 0.999146 -0.0407988 -0.53182 -0.0380475 -0.846002 -0.846832 0.0161314 0.531616 1.87621 2.581 -0.0340378</i>
                        <i>-0.00657941 0.999146 -0.0407988 -0.53182 -0.0380475 -0.846002 -0.846832 0.0161314 0.531616 1.87621 2.581 -0.0340378</i>
                        <i>-0.00657941 0.999146 -0.0407988 -0.53182 -0.0380475 -0.846002 -0.846832 0.0161314 0.531616 1.87621 2.581 -0.0340378</i>
                        <i>-0.00657941 0.999146 -0.0407988 -0.53182 -0.0380475 -0.846002 -0.846832 0.0161314 0.531616 1.87621 2.581 -0.0340378</i>
                        <i>-0.00657941 0.999146 -0.0407988 -0.53182 -0.0380475 -0.846002 -0.846832 0.0161314 0.531616 1.87621 2.581 -0.0340378</i>
                        <i>-0.00657941 0.999146 -0.0407988 -0.53182 -0.0380475 -0.846002 -0.846832 0.0161314 0.531616 1.87621 2.581 -0.0340378</i>
                    </KeyFrames>
                </p>
            </i>
            <i>
                <p>
                    <Name><![CDATA[spine1]]></Name>
                    <Exclude>0</Exclude>
                    <Additive>0</Additive>
                    <IKPriority>0</IKPriority>
                    <IKRotLimits>-1e+010 -1e+010 -1e+010 1e+010 1e+010 1e+010</IKRotLimits>
                    <IKRotLimitOrder>0</IKRotLimitOrder>
                    <KeyFrames count="101">
                        <i>-0.0911668 0.981321 0.169406 -0.573848 0.0872617 -0.8143 -0.813872 -0.171451 0.555173 1.87508 2.75526 -0.041163</i>
                        <i>-0.0915837 0.982195 0.164025 -0.576259 0.0820602 -0.813137 -0.812119 -0.168991 0.558484 1.86463 2.77842 -0.0523994</i>
                        <i>-0.0928467 0.984391 0.149513 -0.579834 0.0686157 -0.81184 -0.809427 -0.162069 0.564412 1.83705 2.80157 -0.0813464</i>
                        <i>-0.0948875 0.987179 0.128349 -0.57911 0.0501308 -0.813707 -0.809709 -0.151539 0.566929 1.79799 2.79365 -0.120836</i>
                        <i>-0.0972284 0.989817 0.10397 -0.569134 0.0304039 -0.821682 -0.816476 -0.139064 0.560382 1.75317 2.77648 -0.16363</i>
                        <i>-0.0987886 0.991793 0.0811672 -0.545566 0.014235 -0.837947 -0.832225 -0.127062 0.539682 1.70844 2.76002 -0.202426</i>
                        <i>-0.098201 0.992989 0.0657915 -0.50414 0.00736145 -0.863591 -0.858021 -0.117974 0.499883 1.66985 2.75429 -0.229891</i>
                        <i>-0.0959701 0.99447 0.0426407 -0.359083 0.00536458 -0.93329 -0.928358 -0.10488 0.356582 1.65785 2.76382 -0.197705</i>
                        <i>-0.0797684 0.996628 0.0192273 -0.210123 0.00204378 -0.977673 -0.974415 -0.0820275 0.209251 1.61135 2.78252 -0.179241</i>
                        <i>-0.0241822 0.999657 0.0100566 -0.157628 0.00612097 -0.98748 -0.987202 -0.0254646 0.157426 1.49416 2.80303 -0.248275</i>
                        <i>0.0689808 0.997584 0.00828398 -0.103427 0.0154102 -0.994518 -0.992242 0.0677459 0.10424 1.35892 2.81838 -0.342997</i>
                        <i>0.161046 0.986862 0.0129479 -0.0587593 0.0226832 -0.998014 -0.985196 0.159965 0.0616404 1.22653 2.82409 -0.436721</i>
                        <i>0.214633 0.976509 0.0190429 -0.034276 0.0270161 -0.999047 -0.976093 0.213776 0.0392694 1.11855 2.81749 -0.502478</i>
                        <i>0.214638 0.976351 0.0258767 -0.0479109 0.0369875 -0.998167 -0.975518 0.213005 0.0547168 1.03234 2.79677 -0.545074</i>
                        <i>0.179336 0.983081 0.0372752 -0.101222 0.056127 -0.993279 -0.978567 0.174358 0.109575 0.951243 2.76404 -0.586242</i>
                        <i>0.124594 0.99066 0.0554045 -0.179403 0.0774121 -0.980725 -0.975854 0.112253 0.187372 0.875957 2.72318 -0.624321</i>
                        <i>0.0665608 0.994515 0.0806859 -0.268458 0.0957331 -0.958523 -0.960989 0.0421393 0.273357 0.807328 2.67819 -0.658325</i>
                        <i>0.0235448 0.99389 0.107832 -0.356465 0.109119 -0.927915 -0.934012 -0.0165908 0.356856 0.746134 2.63322 -0.688099</i>
                        <i>-0.00273753 0.991468 0.130321 -0.433192 0.116283 -0.893769 -0.901298 -0.0589007 0.429178 0.691738 2.59278 -0.713429</i>
                        <i>-0.0224558 0.988731 0.148009 -0.488534 0.118315 -0.864486 -0.872256 -0.0917201 0.480372 0.643277 2.56172 -0.733332</i>
                        <i>-0.0441018 0.985497 0.163862 -0.512068 0.118538 -0.850726 -0.857812 -0.121427 0.499414 0.600263 2.54509 -0.746123</i>
                        <i>-0.0769032 0.980568 0.180477 -0.521039 0.114804 -0.845777 -0.850062 -0.159078 0.502085 0.572271 2.55369 -0.746169</i>
                        <i>-0.117137 0.973366 0.19707 -0.537248 0.104785 -0.83689 -0.835251 -0.203907 0.510665 0.562999 2.58695 -0.733091</i>
                        <i>-0.152717 0.965567 0.210615 -0.55707 0.0919257 -0.825362 -0.816303 -0.243374 0.523849 0.56304 2.63234 -0.712572</i>
                        <i>-0.173562 0.960337 0.218243 -0.577521 0.0802526 -0.812422 -0.797713 -0.267045 0.540685 0.563765 2.67681 -0.690569</i>
                        <i>-0.172054 0.961037 0.216348 -0.596502 0.0731403 -0.799272 -0.783953 -0.266569 0.560676 0.557712 2.70729 -0.673629</i>
                        <i>-0.145095 0.96815 0.204041 -0.61134 0.0744237 -0.787861 -0.777953 -0.239053 0.58107 0.548688 2.72507 -0.660081</i>
                        <i>-0.10045 0.977834 0.183712 -0.616391 0.0837815 -0.782971 -0.781007 -0.191888 0.594312 0.54164 2.73974 -0.644169</i>
                        <i>-0.050211 0.986129 0.158206 -0.607986 0.0954925 -0.788184 -0.792358 -0.135763 0.594758 0.531873 2.75059 -0.627802</i>
                        <i>-0.0111925 0.990442 0.137479 -0.591889 0.104251 -0.799249 -0.805941 -0.0903178 0.585065 0.516201 2.75516 -0.614574</i>
                        <i>0.00311538 0.99125 0.131965 -0.583875 0.108938 -0.804502 -0.811838 -0.0745445 0.579105 0.491329 2.74924 -0.607033</i>
                        <i>-0.0100039 0.990214 0.139202 -0.569857 0.108746 -0.814517 -0.821683 -0.0874734 0.563192 0.456661 2.73378 -0.602217</i>
                        <i>-0.047992 0.987706 0.148775 -0.524493 0.10184 -0.845302 -0.850061 -0.118599 0.513157 0.415488 2.71311 -0.597969</i>
                        <i>-0.111998 0.981731 0.153823 -0.447808 0.0883248 -0.889756 -0.887088 -0.168534 0.429735 0.370157 2.688 -0.59658</i>
                        <i>-0.201202 0.968792 0.144773 -0.340165 0.0694937 -0.937794 -0.918589 -0.237933 0.315567 0.323869 2.65981 -0.599412</i>
                        <i>-0.310664 0.943916 0.111854 -0.205849 0.0480726 -0.977402 -0.927962 -0.326668 0.17937 0.280501 2.63045 -0.606293</i>
                        <i>-0.433388 0.899865 0.0491696 -0.055475 0.0278182 -0.998073 -0.899498 -0.43528 0.037864 0.244752 2.60218 -0.615449</i>
                        <i>-0.545643 0.836976 -0.0417786 0.0944477 0.0118831 -0.995459 -0.832679 -0.547111 -0.0855344 0.217161 2.5763 -0.623742</i>
                        <i>-0.622745 0.76896 -0.144528 0.227992 0.00163852 -0.973662 -0.74847 -0.639294 -0.176337 0.195475 2.55266 -0.62939</i>
                        <i>-0.659165 0.714099 -0.23572 0.333838 -0.00299925 -0.942626 -0.673835 -0.700038 -0.236416 0.178473 2.53076 -0.632338</i>
                        <i>-0.664042 0.686453 -0.296363 0.405074 -0.00287343 -0.914279 -0.628461 -0.727169 -0.276156 0.166391 2.51073 -0.633183</i>
                        <i>-0.657751 0.680869 -0.322149 0.438238 -0.00193113 -0.898857 -0.612626 -0.732403 -0.297112 0.169775 2.48937 -0.630593</i>
                        <i>-0.654863 0.683517 -0.322428 0.439293 -0.00288579 -0.898339 -0.61496 -0.729929 -0.298374 0.191334 2.46698 -0.624746</i>
                        <i>-0.655802 0.69098 -0.304089 0.416129 -0.00522071 -0.909291 -0.629889 -0.722855 -0.284113 0.220117 2.4495 -0.618442</i>
                        <i>-0.659296 0.700294 -0.273708 0.375838 -0.00834208 -0.926648 -0.651209 -0.713805 -0.257698 0.24486 2.44282 -0.614064</i>
                        <i>-0.664436 0.708707 -0.23719 0.325666 -0.0110911 -0.94542 -0.672656 -0.705416 -0.223432 0.254035 2.45282 -0.613477</i>
                        <i>-0.632793 0.755719 -0.168704 0.239858 -0.0158474 -0.970679 -0.736234 -0.654704 -0.171238 0.257767 2.4882 -0.613982</i>
                        <i>-0.520496 0.850745 -0.0729116 0.106537 -0.0200174 -0.994107 -0.847192 -0.525197 -0.0802172 0.269299 2.54426 -0.614968</i>
                        <i>-0.340799 0.940134 -0.00193162 -0.0411569 -0.016972 -0.999009 -0.939235 -0.340382 0.044477 0.282004 2.60771 -0.618999</i>
                        <i>-0.156098 0.987565 0.0186751 -0.166095 -0.00760644 -0.98608 -0.973677 -0.157027 0.165217 0.291773 2.66635 -0.624937</i>
                        <i>-0.0495539 0.998701 0.0118716 -0.233693 -3.76177e-005 -0.97231 -0.971047 -0.0509561 0.233392 0.297021 2.70744 -0.629466</i>
                        <i>-0.0128844 0.999571 -0.0262942 -0.216584 -0.028462 -0.975849 -0.976179 -0.00687828 0.216858 0.298304 2.7271 -0.647236</i>
                        <i>0.0147701 0.994587 -0.102852 -0.136213 -0.099903 -0.985629 -0.990569 0.0285676 0.134 0.297413 2.7338 -0.684489</i>
                        <i>0.0382366 0.981794 -0.186062 -0.0364219 -0.184705 -0.982119 -0.998605 0.0443296 0.0286963 0.294926 2.73256 -0.725498</i>
                        <i>0.0512088 0.965761 -0.254328 0.0361285 -0.256287 -0.965925 -0.998034 0.0402754 -0.0480157 0.291074 2.72831 -0.755065</i>
                        <i>0.0381428 0.956348 -0.289731 0.0368582 -0.291091 -0.955985 -0.998592 0.0257849 -0.0463523 0.285769 2.72595 -0.757854</i>
                        <i>-0.0218128 0.961744 -0.273079 -0.0633203 -0.273924 -0.959665 -0.997755 -0.00364158 0.066873 0.277734 2.72569 -0.70078</i>
                        <i>-0.110311 0.97653 -0.184988 -0.235578 -0.20651 -0.949661 -0.965575 -0.0611787 0.25283 0.266652 2.72436 -0.594411</i>
                        <i>-0.171639 0.984794 -0.0268492 -0.429705 -0.0993616 -0.897486 -0.886507 -0.142506 0.440225 0.2551 2.72172 -0.489326</i>
                        <i>-0.175247 0.974006 0.143531 -0.591114 0.0124905 -0.806491 -0.78732 -0.226179 0.573559 0.245427 2.71716 -0.392025</i>
                        <i>-0.161188 0.955646 0.246495 -0.683292 0.0721582 -0.726571 -0.712131 -0.285542 0.641354 0.237741 2.70967 -0.33264</i>
                        <i>-0.162056 0.946551 0.27889 -0.731638 0.0743917 -0.677622 -0.66215 -0.31386 0.680477 0.230997 2.6937 -0.333487</i>
                        <i>-0.159687 0.944807 0.286078 -0.771224 0.0614943 -0.633586 -0.616209 -0.321806 0.718838 0.224566 2.66967 -0.351799</i>
                        <i>-0.156993 0.947646 0.278064 -0.801649 0.0421654 -0.596306 -0.576812 -0.316525 0.75306 0.217666 2.64567 -0.378091</i>
                        <i>-0.154648 0.951524 0.265867 -0.822976 0.02482 -0.567534 -0.546621 -0.306571 0.779243 0.20949 2.62991 -0.403202</i>
                        <i>-0.151663 0.953326 0.261091 -0.835518 0.0174863 -0.549185 -0.528117 -0.301437 0.793869 0.199157 2.63056 -0.418214</i>
                        <i>-0.124899 0.959576 0.252218 -0.848981 0.0281907 -0.527671 -0.51345 -0.280034 0.811141 0.194195 2.65745 -0.408136</i>
