<?xml version="1.0" encoding="ISO-8859-1" ?>
<Animl Version="1">
    <ModellingPackage><![CDATA[Maya.2010]]></ModellingPackage>
    <SrcFile><![CDATA[anims\turrets\artillery\blue\~src\artillery_m198\artillery_m198_aim_low_crewman_d.mb]]></SrcFile>
    <FramesPerSecond>30</FramesPerSecond>
    <TotalFrames>31</TotalFrames>
    <Skeleton>
        <RefFrame>
            <Name><![CDATA[soldier_ref_frame]]></Name>
            <Exclude>0</Exclude>
            <Additive>0</Additive>
            <IKPriority>0</IKPriority>
            <IKRotLimits>-1e+010 -1e+010 -1e+010 1e+010 1e+010 1e+010</IKRotLimits>
            <IKRotLimitOrder>0</IKRotLimitOrder>
            <KeyFrames count="31">
                <i>1 0 0 0 1 0 0 0 1 -3.06 1.34 2.39</i>
                <i>1 0 0 0 1 0 0 0 1 -3.06 1.34 2.39</i>
                <i>1 0 0 0 1 0 0 0 1 -3.06 1.34 2.39</i>
                <i>1 0 0 0 1 0 0 0 1 -3.06 1.34 2.39</i>
                <i>1 0 0 0 1 0 0 0 1 -3.06 1.34 2.39</i>
                <i>1 0 0 0 1 0 0 0 1 -3.06 1.34 2.39</i>
                <i>1 0 0 0 1 0 0 0 1 -3.06 1.34 2.39</i>
                <i>1 0 0 0 1 0 0 0 1 -3.06 1.34 2.39</i>
                <i>1 0 0 0 1 0 0 0 1 -3.06 1.34 2.39</i>
                <i>1 0 0 0 1 0 0 0 1 -3.06 1.34 2.39</i>
                <i>1 0 0 0 1 0 0 0 1 -3.06 1.34 2.39</i>
                <i>1 0 0 0 1 0 0 0 1 -3.06 1.34 2.39</i>
                <i>1 0 0 0 1 0 0 0 1 -3.06 1.34 2.39</i>
                <i>1 0 0 0 1 0 0 0 1 -3.06 1.34 2.39</i>
                <i>1 0 0 0 1 0 0 0 1 -3.06 1.34 2.39</i>
                <i>1 0 0 0 1 0 0 0 1 -3.06 1.34 2.39</i>
                <i>1 0 0 0 1 0 0 0 1 -3.06 1.34 2.39</i>
                <i>1 0 0 0 1 0 0 0 1 -3.06 1.34 2.39</i>
                <i>1 0 0 0 1 0 0 0 1 -3.06 1.34 2.39</i>
                <i>1 0 0 0 1 0 0 0 1 -3.06 1.34 2.39</i>
                <i>1 0 0 0 1 0 0 0 1 -3.06 1.34 2.39</i>
                <i>1 0 0 0 1 0 0 0 1 -3.06 1.34 2.39</i>
                <i>1 0 0 0 1 0 0 0 1 -3.06 1.34 2.39</i>
                <i>1 0 0 0 1 0 0 0 1 -3.06 1.34 2.39</i>
                <i>1 0 0 0 1 0 0 0 1 -3.06 1.34 2.39</i>
                <i>1 0 0 0 1 0 0 0 1 -3.06 1.34 2.39</i>
                <i>1 0 0 0 1 0 0 0 1 -3.06 1.34 2.39</i>
                <i>1 0 0 0 1 0 0 0 1 -3.06 1.34 2.39</i>
                <i>1 0 0 0 1 0 0 0 1 -3.06 1.34 2.39</i>
                <i>1 0 0 0 1 0 0 0 1 -3.06 1.34 2.39</i>
                <i>1 0 0 0 1 0 0 0 1 -3.06 1.34 2.39</i>
            </KeyFrames>
        </RefFrame>
        <Bones count="23">
            <i>
                <p>
                    <Name><![CDATA[pelvis]]></Name>
                    <Exclude>0</Exclude>
                    <Additive>0</Additive>
                    <IKPriority>0</IKPriority>
                    <IKRotLimits>-1e+010 -1e+010 -1e+010 1e+010 1e+010 1e+010</IKRotLimits>
                    <IKRotLimitOrder>2</IKRotLimitOrder>
                    <KeyFrames count="31">
                        <i>1 0 0 0 1 0 0 0 1 -3.0563 2.48665 2.38654</i>
                        <i>1 0 0 0 1 0 0 0 1 -3.0563 2.48679 2.38654</i>
                        <i>1 0 0 0 1 0 0 0 1 -3.0563 2.48713 2.38654</i>
                        <i>1 0 0 0 1 0 0 0 1 -3.0563 2.48766 2.38654</i>
                        <i>1 0 0 0 1 0 0 0 1 -3.0563 2.48834 2.38654</i>
                        <i>1 0 0 0 1 0 0 0 1 -3.0563 2.48914 2.38654</i>
                        <i>1 0 0 0 1 0 0 0 1 -3.0563 2.49002 2.38654</i>
                        <i>1 0 0 0 1 0 0 0 1 -3.0563 2.49095 2.38654</i>
                        <i>1 0 0 0 1 0 0 0 1 -3.0563 2.49189 2.38654</i>
                        <i>1 0 0 0 1 0 0 0 1 -3.0563 2.49282 2.38654</i>
                        <i>1 0 0 0 1 0 0 0 1 -3.0563 2.49369 2.38654</i>
                        <i>1 0 0 0 1 0 0 0 1 -3.0563 2.49448 2.38654</i>
                        <i>1 0 0 0 1 0 0 0 1 -3.0563 2.49516 2.38654</i>
                        <i>1 0 0 0 1 0 0 0 1 -3.0563 2.49568 2.38654</i>
                        <i>1 0 0 0 1 0 0 0 1 -3.0563 2.49602 2.38654</i>
                        <i>1 0 0 0 1 0 0 0 1 -3.0563 2.49614 2.38654</i>
                        <i>1 0 0 0 1 0 0 0 1 -3.0563 2.49601 2.38654</i>
                        <i>1 0 0 0 1 0 0 0 1 -3.0563 2.49567 2.38654</i>
                        <i>1 0 0 0 1 0 0 0 1 -3.0563 2.49514 2.38654</i>
                        <i>1 0 0 0 1 0 0 0 1 -3.0563 2.49446 2.38654</i>
                        <i>1 0 0 0 1 0 0 0 1 -3.0563 2.49366 2.38654</i>
                        <i>1 0 0 0 1 0 0 0 1 -3.0563 2.49278 2.38654</i>
                        <i>1 0 0 0 1 0 0 0 1 -3.0563 2.49185 2.38654</i>
                        <i>1 0 0 0 1 0 0 0 1 -3.0563 2.4909 2.38654</i>
                        <i>1 0 0 0 1 0 0 0 1 -3.0563 2.48996 2.38654</i>
                        <i>1 0 0 0 1 0 0 0 1 -3.0563 2.48908 2.38654</i>
                        <i>1 0 0 0 1 0 0 0 1 -3.0563 2.48829 2.38654</i>
                        <i>1 0 0 0 1 0 0 0 1 -3.0563 2.48762 2.38654</i>
                        <i>1 0 0 0 1 0 0 0 1 -3.0563 2.4871 2.38654</i>
                        <i>1 0 0 0 1 0 0 0 1 -3.0563 2.48676 2.38654</i>
                        <i>1 0 0 0 1 0 0 0 1 -3.0563 2.48665 2.38654</i>
                    </KeyFrames>
                </p>
            </i>
            <i>
                <p>
                    <Name><![CDATA[spine0]]></Name>
                    <Exclude>0</Exclude>
                    <Additive>0</Additive>
                    <IKPriority>0</IKPriority>
                    <IKRotLimits>-1e+010 -1e+010 -1e+010 1e+010 1e+010 1e+010</IKRotLimits>
                    <IKRotLimitOrder>0</IKRotLimitOrder>
                    <KeyFrames count="31">
                        <i>-0.0207307 0.999781 -0.00277343 -0.932948 -0.020342 -0.359435 -0.359413 -0.00486389 0.933166 -3.03908 2.62231 2.34184</i>
                        <i>-0.0212717 0.999774 -0.000227433 -0.932913 -0.0199309 -0.359551 -0.359474 -0.00743607 0.933126 -3.03938 2.62273 2.34261</i>
                        <i>-0.0217581 0.999761 0.00203335 -0.932882 -0.0195711 -0.35965 -0.359525 -0.00972218 0.933085 -3.03964 2.62333 2.3433</i>
                        <i>-0.0221842 0.999746 0.00397731 -0.932856 -0.0192688 -0.359735 -0.359567 -0.0116907 0.933046 -3.03988 2.62408 2.3439</i>
                        <i>-0.0225442 0.99973 0.00557305 -0.932834 -0.0190299 -0.359804 -0.359601 -0.0133102 0.933011 -3.04007 2.62494 2.34441</i>
                        <i>-0.0228325 0.999716 0.00678934 -0.932816 -0.0188606 -0.359859 -0.359629 -0.0145497 0.932982 -3.04023 2.62588 2.34483</i>
                        <i>-0.0230433 0.999706 0.00759516 -0.932802 -0.0187668 -0.3599 -0.359651 -0.015378 0.93296 -3.04035 2.62687 2.34513</i>
                        <i>-0.023171 0.9997 0.00795971 -0.932793 -0.0187545 -0.359925 -0.359668 -0.0157646 0.932947 -3.04042 2.62786 2.34532</i>
                        <i>-0.0232084 0.999701 0.00776165 -0.932786 -0.0188604 -0.359936 -0.359682 -0.0155935 0.932945 -3.04045 2.62883 2.34538</i>
                        <i>-0.0231174 0.999709 0.00685567 -0.932786 -0.0191016 -0.359925 -0.359689 -0.0147154 0.932956 -3.0404 2.62971 2.34527</i>
                        <i>-0.0228815 0.999724 0.0052643 -0.932793 -0.0194545 -0.359886 -0.359684 -0.0131452 0.932981 -3.04028 2.63048 2.34495</i>
                        <i>-0.022525 0.999741 0.00311543 -0.932809 -0.0198957 -0.359822 -0.359667 -0.0110111 0.933016 -3.04009 2.6311 2.34446</i>
                        <i>-0.0220727 0.999756 0.000537146 -0.932832 -0.0204019 -0.359734 -0.359636 -0.00844139 0.933055 -3.03985 2.63155 2.34384</i>
                        <i>-0.0215492 0.999765 -0.00234254 -0.932861 -0.0209498 -0.359627 -0.359591 -0.00556441 0.933093 -3.03957 2.63181 2.34311</i>
                        <i>-0.0209792 0.999765 -0.00539597 -0.932896 -0.0215163 -0.359502 -0.359534 -0.00250818 0.933129 -3.03927 2.63185 2.34232</i>
                        <i>-0.0203872 0.999756 -0.00849607 -0.932936 -0.0220786 -0.359366 -0.359466 0.000599815 0.933158 -3.03895 2.63166 2.3415</i>
                        <i>-0.019798 0.999738 -0.0115166 -0.932978 -0.0226141 -0.359223 -0.359389 0.00363286 0.933181 -3.03863 2.63122 2.34067</i>
                        <i>-0.0192359 0.999712 -0.0143324 -0.933021 -0.0231007 -0.35908 -0.359308 0.00646523 0.933197 -3.03833 2.63057 2.33989</i>
                        <i>-0.0187251 0.999683 -0.0168193 -0.933062 -0.0235163 -0.358945 -0.359227 0.00897222 0.933207 -3.03805 2.62975 2.33917</i>
                        <i>-0.0182893 0.999655 -0.0188541 -0.9331 -0.0238394 -0.358827 -0.359152 0.0110301 0.933214 -3.03782 2.62882 2.33855</i>
                        <i>-0.0179524 0.999632 -0.0203143 -0.93313 -0.0240482 -0.358734 -0.35909 0.0125158 0.933219 -3.03763 2.62782 2.33807</i>
                        <i>-0.0177378 0.99962 -0.0210776 -0.933151 -0.0241212 -0.358675 -0.359047 0.0133064 0.933225 -3.03751 2.62681 2.33776</i>
                        <i>-0.0176692 0.999623 -0.0210138 -0.93316 -0.024034 -0.358658 -0.359028 0.0132721 0.933232 -3.03747 2.62583 2.33765</i>
                        <i>-0.0177343 0.999639 -0.0201816 -0.933157 -0.0237962 -0.35868 -0.359031 0.0124716 0.933242 -3.03749 2.62491 2.33772</i>
                        <i>-0.0179019 0.999664 -0.0187419 -0.933146 -0.0234363 -0.358732 -0.359051 0.0110669 0.933253 -3.03758 2.62407 2.33793</i>
                        <i>-0.0181659 0.999694 -0.0167916 -0.933128 -0.0229832 -0.358808 -0.359084 0.00915067 0.93326 -3.03771 2.62333 2.33828</i>
                        <i>-0.0185205 0.999724 -0.0144275 -0.933103 -0.0224658 -0.358906 -0.359131 0.00681525 0.933262 -3.03789 2.62273 2.33876</i>
                        <i>-0.0189597 0.999751 -0.0117463 -0.933072 -0.0219134 -0.359021 -0.359189 0.00415317 0.933256 -3.03813 2.6223 2.33936</i>
                        <i>-0.0194781 0.999771 -0.00884501 -0.933036 -0.0213554 -0.359149 -0.359256 0.00125715 0.933238 -3.0384 2.62207 2.34008</i>
                        <i>-0.0200703 0.999782 -0.00582135 -0.932994 -0.0208215 -0.359288 -0.359331 -0.00177971 0.933209 -3.03872 2.62206 2.34091</i>
                        <i>-0.0207307 0.999781 -0.00277343 -0.932948 -0.020342 -0.359435 -0.359413 -0.00486389 0.933166 -3.03908 2.62231 2.34184</i>
                    </KeyFrames>
                </p>
            </i>
            <i>
                <p>
                    <Name><![CDATA[spine1]]></Name>
                    <Exclude>0</Exclude>
                    <Additive>0</Additive>
                    <IKPriority>0</IKPriority>
                    <IKRotLimits>-1e+010 -1e+010 -1e+010 1e+010 1e+010 1e+010</IKRotLimits>
                    <IKRotLimitOrder>0</IKRotLimitOrder>
                    <KeyFrames count="31">
                        <i>-0.0353682 0.998034 0.0517407 -0.981726 -0.0250102 -0.188649 -0.186984 -0.0574674 0.980681 -3.04263 2.79347 2.34137</i>
                        <i>-0.0338755 0.998258 0.0483003 -0.98174 -0.0241855 -0.188684 -0.187187 -0.0538101 0.980849 -3.04302 2.79372 2.34257</i>
                        <i>-0.0325275 0.998449 0.0451839 -0.981752 -0.0234435 -0.188714 -0.187362 -0.0504978 0.980992 -3.04336 2.79418 2.34365</i>
                        <i>-0.0313412 0.998608 0.0424273 -0.981763 -0.0227937 -0.188739 -0.187509 -0.0475688 0.98111 -3.04367 2.79481 2.34458</i>
                        <i>-0.0303334 0.998736 0.0400659 -0.981771 -0.0222457 -0.188761 -0.187631 -0.0450613 0.981205 -3.04392 2.79557 2.34537</i>
                        <i>-0.0295206 0.998836 0.0381354 -0.981777 -0.0218088 -0.18878 -0.187728 -0.0430134 0.981279 -3.04413 2.79644 2.34599</i>
                        <i>-0.0289193 0.998909 0.0366706 -0.981781 -0.0214926 -0.188797 -0.187803 -0.0414624 0.981331 -3.04428 2.79736 2.34643</i>
                        <i>-0.0285457 0.998955 0.0357062 -0.981782 -0.0213061 -0.188814 -0.187856 -0.0404455 0.981364 -3.04438 2.79832 2.34668</i>
                        <i>-0.0284145 0.998975 0.0352367 -0.981779 -0.0212646 -0.188834 -0.187892 -0.0399602 0.981377 -3.04441 2.79928 2.34671</i>
                        <i>-0.0286335 0.998958 0.0355245 -0.981771 -0.0214249 -0.188857 -0.187899 -0.0402845 0.981362 -3.04435 2.8002 2.34645</i>
                        <i>-0.0292556 0.998897 0.0367361 -0.981759 -0.0218074 -0.188876 -0.187867 -0.0415917 0.981314 -3.04419 2.80103 2.34586</i>
                        <i>-0.0302117 0.998793 0.0387197 -0.981743 -0.0223732 -0.188892 -0.187798 -0.0437195 0.981234 -3.04394 2.80175 2.345</i>
                        <i>-0.0314322 0.998651 0.0413224 -0.981724 -0.0230829 -0.188903 -0.187695 -0.0465048 0.981126 -3.04362 2.80233 2.34393</i>
                        <i>-0.0328479 0.998474 0.0443916 -0.981704 -0.0238974 -0.18891 -0.187561 -0.0497847 0.980991 -3.04326 2.80274 2.34272</i>
                        <i>-0.0343902 0.998266 0.0477759 -0.981682 -0.0247778 -0.18891 -0.187398 -0.0533973 0.980832 -3.04286 2.80295 2.3414</i>
                        <i>-0.0359912 0.998033 0.0513253 -0.98166 -0.0256862 -0.188903 -0.187213 -0.0571828 0.980654 -3.04244 2.80294 2.34004</i>
                        <i>-0.0375846 0.997785 0.0548921 -0.981639 -0.0265849 -0.188888 -0.18701 -0.0609835 0.980463 -3.04203 2.80269 2.3387</i>
                        <i>-0.0391053 0.997531 0.0583307 -0.981619 -0.0274376 -0.188867 -0.1868 -0.0646442 0.980269 -3.04163 2.80221 2.33743</i>
                        <i>-0.0404896 0.997286 0.061498 -0.981603 -0.0282081 -0.188838 -0.186591 -0.0680126 0.980081 -3.04127 2.80156 2.33628</i>
                        <i>-0.041675 0.997063 0.0642529 -0.98159 -0.0288613 -0.188805 -0.186396 -0.0709384 0.97991 -3.04096 2.80078 2.33531</i>
                        <i>-0.0425998 0.99688 0.0664556 -0.981583 -0.0293622 -0.188768 -0.186227 -0.0732732 0.979771 -3.04072 2.79989 2.33457</i>
                        <i>-0.0432026 0.996752 0.0679673 -0.981581 -0.0296758 -0.188729 -0.186099 -0.074869 0.979674 -3.04056 2.79895 2.33413</i>
                        <i>-0.0434217 0.996695 0.0686512 -0.981585 -0.0297666 -0.18869 -0.186023 -0.0755803 0.979634 -3.04051 2.79799 2.33403</i>
                        <i>-0.0432903 0.996706 0.0685837 -0.981596 -0.0296528 -0.188652 -0.185997 -0.0754883 0.979646 -3.04055 2.79705 2.33424</i>
                        <i>-0.0428907 0.996766 0.0679495 -0.981612 -0.0293808 -0.188614 -0.186007 -0.0747898 0.979698 -3.04066 2.79614 2.33471</i>
                        <i>-0.0422326 0.996876 0.0667409 -0.981631 -0.0289612 -0.188581 -0.186059 -0.0734792 0.979787 -3.04083 2.79531 2.33539</i>
                        <i>-0.041325 0.997033 0.064949 -0.981651 -0.0284042 -0.18856 -0.186156 -0.0715495 0.979912 -3.04108 2.79459 2.33628</i>
                        <i>-0.0401765 0.997232 0.0625641 -0.981672 -0.0277201 -0.188554 -0.186298 -0.0689928 0.980068 -3.04138 2.79402 2.33734</i>
                        <i>-0.0387954 0.99747 0.0595755 -0.981692 -0.0269193 -0.188566 -0.186485 -0.0658002 0.980252 -3.04174 2.79361 2.33856</i>
                        <i>-0.0371899 0.997739 0.0559717 -0.98171 -0.0260124 -0.188597 -0.186715 -0.0619619 0.980458 -3.04216 2.79342 2.33991</i>
                        <i>-0.0353682 0.998034 0.0517407 -0.981726 -0.0250102 -0.188649 -0.186984 -0.0574674 0.980681 -3.04263 2.79347 2.34137</i>
                    </KeyFrames>
                </p>
            </i>
            <i>
                <p>
                    <Name><![CDATA[spine2]]></Name>
                    <Exclude>0</Exclude>
                    <Additive>0</Additive>
                    <IKPriority>0</IKPriority>
                    <IKRotLimits>-1e+010 -1e+010 -1e+010 1e+010 1e+010 1e+010</IKRotLimits>
                    <IKRotLimitOrder>0</IKRotLimitOrder>
                    <KeyFrames count="31">
                        <i>-0.00612628 0.987407 0.158081 -0.999907 -0.00412207 -0.013003 -0.0121877 -0.158146 0.987341 -3.04803 2.95086 2.34957</i>
                        <i>-0.0050224 0.988187 0.153169 -0.999911 -0.00307196 -0.0129679 -0.0123442 -0.15322 0.988115 -3.04817 2.95101 2.35022</i>
                        <i>-0.00402802 0.98886 0.148796 -0.999914 -0.00212505 -0.0129459 -0.0124855 -0.148835 0.988783 -3.0483 2.95138 2.3508</i>
                        <i>-0.00315554 0.989423 0.145026 -0.999916 -0.00129301 -0.0129352 -0.0126109 -0.145054 0.989343 -3.04842 2.95192 2.3513</i>
                        <i>-0.00241719 0.989875 0.141921 -0.999916 -0.000587318 -0.012934 -0.0127197 -0.141941 0.989793 -3.04851 2.95262 2.35171</i>
                        <i>-0.00182509 0.990214 0.139545 -0.999916 -1.93222e-005 -0.0129407 -0.0128114 -0.139557 0.990131 -3.04859 2.95343 2.35202</i>
                        <i>-0.00139126 0.990437 0.137958 -0.999916 0.000399771 -0.0129539 -0.0128852 -0.137964 0.990353 -3.04864 2.95433 2.35223</i>
                        <i>-0.00112748 0.99054 0.137221 -0.999916 0.000658989 -0.0129728 -0.0129405 -0.137224 0.990455 -3.04868 2.95526 2.35233</i>
                        <i>-0.00104871 0.990493 0.137562 -0.999915 0.000747373 -0.0130042 -0.0129834 -0.137564 0.990408 -3.04869 2.95622 2.35228</i>
                        <i>-0.00123279 0.990254 0.139266 -0.999915 0.000589932 -0.0130461 -0.0130011 -0.13927 0.990169 -3.04866 2.95715 2.35206</i>
                        <i>-0.00171412 0.989822 0.1423 -0.999914 0.000150617 -0.0130924 -0.0129806 -0.14231 0.989737 -3.0486 2.95803 2.35167</i>
                        <i>-0.00244182 0.98922 0.146414 -0.999914 -0.000522567 -0.0131454 -0.0129272 -0.146434 0.989136 -3.04851 2.95882 2.35113</i>
                        <i>-0.00336478 0.988473 0.151358 -0.999912 -0.00138142 -0.0132071 -0.0128458 -0.151389 0.988391 -3.04839 2.95949 2.35048</i>
                        <i>-0.00443179 0.987608 0.15688 -0.999909 -0.00237768 -0.0132788 -0.0127412 -0.156924 0.987529 -3.04825 2.96 2.34975</i>
                        <i>-0.0055919 0.986654 0.162732 -0.999905 -0.00346339 -0.0133606 -0.0126187 -0.162791 0.98658 -3.0481 2.96033 2.34898</i>
                        <i>-0.00679453 0.985649 0.168669 -0.999899 -0.00459103 -0.0134506 -0.0124832 -0.168743 0.985581 -3.04794 2.96045 2.34819</i>
                        <i>-0.00798975 0.984634 0.174447 -0.999892 -0.00571374 -0.0135453 -0.0123404 -0.174537 0.984573 -3.04779 2.96032 2.34742</i>
                        <i>-0.00912842 0.983655 0.179829 -0.999884 -0.00678555 -0.0136391 -0.012196 -0.179933 0.983603 -3.04764 2.95996 2.3467</i>
                        <i>-0.0101622 0.982765 0.18458 -0.999876 -0.00776133 -0.0137249 -0.0120557 -0.184697 0.982722 -3.0475 2.95943 2.34607</i>
                        <i>-0.0110434 0.982017 0.188469 -0.999868 -0.0085968 -0.0137942 -0.0119259 -0.188596 0.981982 -3.04739 2.95873 2.34555</i>
                        <i>-0.0117253 0.981468 0.191265 -0.999861 -0.00924827 -0.0138381 -0.0118128 -0.191401 0.981441 -3.0473 2.95792 2.34517</i>
                        <i>-0.0121609 0.981174 0.192741 -0.999857 -0.00967226 -0.0138475 -0.0117225 -0.192882 0.981152 -3.04724 2.95703 2.34497</i>
                        <i>-0.0123032 0.98119 0.192655 -0.999856 -0.00982498 -0.0138139 -0.0116612 -0.192797 0.981169 -3.04722 2.95608 2.34498</i>
                        <i>-0.0121772 0.981492 0.191116 -0.999858 -0.0097297 -0.0137394 -0.0116256 -0.191256 0.981471 -3.04724 2.95511 2.34518</i>
                        <i>-0.0118451 0.982015 0.188431 -0.999862 -0.00944436 -0.0136333 -0.0116085 -0.188567 0.981992 -3.04728 2.95416 2.34554</i>
                        <i>-0.0113181 0.982715 0.184776 -0.999869 -0.00897592 -0.0135075 -0.0116155 -0.184905 0.982688 -3.04735 2.95326 2.34602</i>
                        <i>-0.0106071 0.98355 0.180326 -0.999876 -0.00833107 -0.0133743 -0.011652 -0.180445 0.983516 -3.04744 2.95246 2.34662</i>
                        <i>-0.00972232 0.984475 0.175255 -0.999884 -0.00751643 -0.0132461 -0.0117232 -0.175364 0.984434 -3.04756 2.95178 2.34729</i>
                        <i>-0.00867399 0.985451 0.16974 -0.999892 -0.00653871 -0.0131347 -0.0118337 -0.169836 0.985401 -3.0477 2.95126 2.34803</i>
                        <i>-0.00747199 0.986439 0.163956 -0.9999 -0.00540482 -0.0130506 -0.0119874 -0.164037 0.986381 -3.04785 2.95094 2.34879</i>
                        <i>-0.00612628 0.987407 0.158081 -0.999907 -0.00412207 -0.013003 -0.0121877 -0.158146 0.987341 -3.04803 2.95086 2.34957</i>
                    </KeyFrames>
                </p>
            </i>
            <i>
                <p>
                    <Name><![CDATA[head]]></Name>
                    <Exclude>0</Exclude>
                    <Additive>0</Additive>
                    <IKPriority>0</IKPriority>
                    <IKRotLimits>-1e+010 -1e+010 -1e+010 1e+010 1e+010 1e+010</IKRotLimits>
                    <IKRotLimitOrder>0</IKRotLimitOrder>
                    <KeyFrames count="31">
                        <i>0.0240293 0.993567 0.110671 0.0178685 0.110258 -0.993742 -0.999551 0.0258565 -0.0151041 -3.0459 3.20669 2.379</i>
                        <i>0.0240054 0.993418 0.112002 0.0179006 0.111589 -0.993593 -0.999552 0.0258565 -0.0151041 -3.04589 3.20686 2.37852</i>
                        <i>0.0239491 0.993063 0.11512 0.0179759 0.114707 -0.993237 -0.999552 0.0258565 -0.0151041 -3.04588 3.20725 2.3781</i>
                        <i>0.0238689 0.992543 0.119536 0.0180822 0.119122 -0.992715 -0.999552 0.0258565 -0.0151041 -3.04588 3.20781 2.37775</i>
                        <i>0.0237734 0.991902 0.124758 0.0182076 0.124343 -0.992072 -0.999551 0.0258565 -0.0151041 -3.04587 3.20851 2.37747</i>
                        <i>0.0236713 0.991192 0.130299 0.0183401 0.129883 -0.99136 -0.999552 0.0258565 -0.0151041 -3.04587 3.20932 2.37728</i>
                        <i>0.0235716 0.990474 0.13567 0.0184681 0.135253 -0.990639 -0.999551 0.0258565 -0.0151041 -3.04587 3.21021 2.37717</i>
                        <i>0.0234834 0.989819 0.140384 0.0185801 0.139966 -0.989982 -0.999552 0.0258565 -0.0151041 -3.04587 3.21113 2.37715</i>
                        <i>0.023411 0.989267 0.144231 0.0186713 0.143813 -0.989429 -0.999552 0.0258565 -0.0151041 -3.04587 3.21207 2.37727</i>
                        <i>0.0233487 0.988783 0.147525 0.0187492 0.147106 -0.988943 -0.999552 0.0258565 -0.0151041 -3.04587 3.21297 2.37755</i>
                        <i>0.0232891 0.988311 0.150663 0.0188232 0.150244 -0.98847 -0.999552 0.0258565 -0.0151041 -3.04588 3.21382 2.37796</i>
                        <i>0.0232336 0.987865 0.153568 0.0188915 0.153148 -0.988023 -0.999552 0.0258565 -0.0151041 -3.04589 3.21457 2.37847</i>
                        <i>0.023184 0.987459 0.156162 0.0189525 0.155742 -0.987616 -0.999552 0.0258565 -0.0151041 -3.0459 3.21519 2.37905</i>
                        <i>0.0231415 0.987109 0.158368 0.0190042 0.157948 -0.987265 -0.999552 0.0258565 -0.0151041 -3.04591 3.21565 2.37969</i>
                        <i>0.023108 0.986829 0.16011 0.019045 0.15969 -0.986984 -0.999551 0.0258565 -0.0151041 -3.04592 3.21593 2.38035</i>
                        <i>0.0230848 0.986634 0.161311 0.0190732 0.16089 -0.986788 -0.999552 0.0258565 -0.0151041 -3.04593 3.21598 2.38101</i>
                        <i>0.0230736 0.986539 0.161892 0.0190867 0.161471 -0.986693 -0.999552 0.0258565 -0.0151041 -3.04595 3.21579 2.38164</i>
                        <i>0.0230758 0.986557 0.161777 0.0190841 0.161356 -0.986712 -0.999552 0.0258565 -0.0151041 -3.04596 3.21539 2.38221</i>
                        <i>0.0230929 0.986702 0.160889 0.0190633 0.160469 -0.986857 -0.999552 0.0258565 -0.0151041 -3.04597 3.2148 2.3827</i>
                        <i>0.0231265 0.986983 0.15915 0.0190226 0.15873 -0.987139 -0.999552 0.0258565 -0.0151041 -3.04597 3.21407 2.38309</i>
                        <i>0.0231778 0.987409 0.156482 0.01896 0.156061 -0.987565 -0.999551 0.0258565 -0.0151041 -3.04598 3.21324 2.38334</i>
                        <i>0.0232482 0.987983 0.152805 0.0188736 0.152385 -0.988141 -0.999552 0.0258565 -0.0151041 -3.04598 3.21235 2.38343</i>
                        <i>0.0233393 0.988709 0.148019 0.0187608 0.1476 -0.988869 -0.999551 0.0258565 -0.0151041 -3.04598 3.21143 2.38332</i>
                        <i>0.0234467 0.989541 0.142337 0.0186265 0.141919 -0.989703 -0.999552 0.0258565 -0.0151041 -3.04597 3.21051 2.38305</i>
                        <i>0.0235626 0.990408 0.136153 0.0184796 0.135736 -0.990573 -0.999552 0.0258565 -0.0151041 -3.04596 3.20963 2.38262</i>
                        <i>0.0236794 0.991249 0.129861 0.0183297 0.129445 -0.991417 -0.999552 0.0258565 -0.0151041 -3.04595 3.20881 2.38209</i>
                        <i>0.0237899 0.992015 0.123857 0.018186 0.123442 -0.992185 -0.999552 0.0258565 -0.0151041 -3.04594 3.20808 2.38149</i>
                        <i>0.0238871 0.992662 0.118538 0.0180582 0.118124 -0.992835 -0.999552 0.0258565 -0.0151041 -3.04593 3.20748 2.38084</i>
                        <i>0.0239639 0.993157 0.114302 0.0179561 0.113888 -0.993331 -0.999552 0.0258565 -0.0151041 -3.04592 3.20702 2.38019</i>
                        <i>0.0240136 0.993469 0.111546 0.0178896 0.111134 -0.993644 -0.999552 0.0258565 -0.0151041 -3.04591 3.20675 2.37956</i>
                        <i>0.0240293 0.993567 0.110671 0.0178685 0.110258 -0.993742 -0.999551 0.0258565 -0.0151041 -3.0459 3.20669 2.379</i>
                    </KeyFrames>
                </p>
            </i>
            <i>
                <p>
                    <Name><![CDATA[head_prop]]></Name>
                    <Exclude>0</Exclude>
                    <Additive>0</Additive>
                    <IKPriority>0</IKPriority>
                    <IKRotLimits>-1e+010 -1e+010 -1e+010 1e+010 1e+010 1e+010</IKRotLimits>
                    <IKRotLimitOrder>0</IKRotLimitOrder>
                    <KeyFrames count="31">
                        <i>0.999551 -0.0258565 0.0151041 0.0240293 0.993567 0.110671 -0.0178685 -0.110258 0.993742 -3.03807 3.5305 2.41507</i>
                        <i>0.999552 -0.0258565 0.0151041 0.0240054 0.993418 0.112002 -0.0179006 -0.111589 0.993593 -3.03807 3.53063 2.41502</i>
                        <i>0.999552 -0.0258565 0.0151041 0.0239491 0.993063 0.11512 -0.0179759 -0.114707 0.993237 -3.03808 3.5309 2.41562</i>
                        <i>0.999552 -0.0258565 0.0151041 0.0238689 0.992543 0.119536 -0.0180822 -0.119122 0.992715 -3.0381 3.53128 2.41671</i>
                        <i>0.999551 -0.0258565 0.0151041 0.0237734 0.991902 0.124758 -0.0182076 -0.124343 0.992072 -3.03813 3.53178 2.41813</i>
                        <i>0.999552 -0.0258565 0.0151041 0.0236713 0.991192 0.130299 -0.0183401 -0.129883 0.99136 -3.03815 3.53236 2.41974</i>
                        <i>0.999551 -0.0258565 0.0151041 0.0235716 0.990474 0.13567 -0.0184681 -0.135253 0.990639 -3.03819 3.53301 2.42138</i>
                        <i>0.999552 -0.0258565 0.0151041 0.0234834 0.989819 0.140384 -0.0185801 -0.139966 0.989982 -3.03821 3.53373 2.4229</i>
                        <i>0.999552 -0.0258565 0.0151041 0.023411 0.989267 0.144231 -0.0186713 -0.143813 0.989429 -3.03824 3.53448 2.42428</i>
                        <i>0.999552 -0.0258565 0.0151041 0.0233487 0.988783 0.147525 -0.0187492 -0.147106 0.988943 -3.03826 3.53523 2.42563</i>
                        <i>0.999552 -0.0258565 0.0151041 0.0232891 0.988311 0.150663 -0.0188232 -0.150244 0.98847 -3.03829 3.53592 2.42706</i>
                        <i>0.999552 -0.0258565 0.0151041 0.0232336 0.987865 0.153568 -0.0188915 -0.153148 0.988023 -3.03832 3.53652 2.42852</i>
                        <i>0.999552 -0.0258565 0.0151041 0.023184 0.987459 0.156162 -0.0189525 -0.155742 0.987616 -3.03834 3.53701 2.42995</i>
                        <i>0.999552 -0.0258565 0.0151041 0.0231415 0.987109 0.158368 -0.0190042 -0.157948 0.987265 -3.03837 3.53736 2.4313</i>
                        <i>0.999551 -0.0258565 0.0151041 0.023108 0.986829 0.16011 -0.019045 -0.15969 0.986984 -3.03839 3.53754 2.43253</i>
                        <i>0.999552 -0.0258565 0.0151041 0.0230848 0.986634 0.161311 -0.0190732 -0.16089 0.986788 -3.03841 3.53753 2.43358</i>
                        <i>0.999552 -0.0258565 0.0151041 0.0230736 0.986539 0.161892 -0.0190867 -0.161471 0.986693 -3.03843 3.53731 2.4344</i>
                        <i>0.999552 -0.0258565 0.0151041 0.0230758 0.986557 0.161777 -0.0190841 -0.161356 0.986712 -3.03844 3.53691 2.43494</i>
                        <i>0.999552 -0.0258565 0.0151041 0.0230929 0.986702 0.160889 -0.0190633 -0.160469 0.986857 -3.03844 3.53638 2.43514</i>
                        <i>0.999552 -0.0258565 0.0151041 0.0231265 0.986983 0.15915 -0.0190226 -0.15873 0.987139 -3.03844 3.53574 2.43496</i>
                        <i>0.999551 -0.0258565 0.0151041 0.0231778 0.987409 0.156482 -0.01896 -0.156061 0.987565 -3.03842 3.53505 2.43433</i>
                        <i>0.999552 -0.0258565 0.0151041 0.0232482 0.987983 0.152805 -0.0188736 -0.152385 0.988141 -3.0384 3.53434 2.43323</i>
                        <i>0.999551 -0.0258565 0.0151041 0.0233393 0.988709 0.148019 -0.0187608 -0.1476 0.988869 -3.03837 3.53366 2.43157</i>
                        <i>0.999552 -0.0258565 0.0151041 0.0234467 0.989541 0.142337 -0.0186265 -0.141919 0.989703 -3.03833 3.53301 2.42943</i>
                        <i>0.999552 -0.0258565 0.0151041 0.0235626 0.990408 0.136153 -0.0184796 -0.135736 0.990573 -3.03828 3.53241 2.427</i>
                        <i>0.999552 -0.0258565 0.0151041 0.0236794 0.991249 0.129861 -0.0183297 -0.129445 0.991417 -3.03824 3.53187 2.42441</i>
                        <i>0.999552 -0.0258565 0.0151041 0.0237899 0.992015 0.123857 -0.018186 -0.123442 0.992185 -3.03819 3.53139 2.42185</i>
                        <i>0.999552 -0.0258565 0.0151041 0.0238871 0.992662 0.118538 -0.0180582 -0.118124 0.992835 -3.03815 3.531 2.41947</i>
                        <i>0.999552 -0.0258565 0.0151041 0.0239639 0.993157 0.114302 -0.0179561 -0.113888 0.993331 -3.03811 3.5307 2.41744</i>
                        <i>0.999552 -0.0258565 0.0151041 0.0240136 0.993469 0.111546 -0.0178896 -0.111134 0.993644 -3.03808 3.53053 2.41592</i>
                        <i>0.999551 -0.0258565 0.0151041 0.0240293 0.993567 0.110671 -0.0178685 -0.110258 0.993742 -3.03807 3.5305 2.41507</i>
                    </KeyFrames>
                </p>
            </i>
            <i>
                <p>
                    <Name><![CDATA[l_clav]]></Name>
                    <Exclude>0</Exclude>
                    <Additive>0</Additive>
                    <IKPriority>0</IKPriority>
                    <IKRotLimits>-1e+010 -1e+010 -1e+010 1e+010 1e+010 1e+010</IKRotLimits>
                    <IKRotLimitOrder>0</IKRotLimitOrder>
                    <KeyFrames count="31">
                        <i>0.929137 0.35634 -0.0986204 -0.332963 0.92238 0.195833 0.160749 -0.149119 0.975666 -2.96531 3.004 2.39431</i>
                        <i>0.932012 0.347725 -0.102177 -0.324428 0.926123 0.192462 0.161552 -0.146228 0.97597 -2.96531 3.00423 2.39458</i>
                        <i>0.935214 0.337994 -0.105517 -0.314755 0.930067 0.189488 0.162183 -0.144 0.976197 -2.96531 3.00466 2.39482</i>
                        <i>0.938518 0.327719 -0.108554 -0.304509 0.93398 0.186966 0.16266 -0.142416 0.97635 -2.96531 3.00526 2.39502</i>
                        <i>0.941721 0.317479 -0.111214 -0.294266 0.937656 0.184956 0.163001 -0.141451 0.976434 -2.96531 3.006 2.39517</i>
                        <i>0.944645 0.307862 -0.113431 -0.284609 0.940914 0.183518 0.163227 -0.141075 0.97645 -2.96531 3.00683 2.39529</i>
                        <i>0.947136 0.299459 -0.115143 -0.276128 0.943595 0.182709 0.163362 -0.141256 0.976401 -2.96531 3.00773 2.39535</i>
                        <i>0.949055 0.292869 -0.116287 -0.269417 0.945556 0.182588 0.16343 -0.141957 0.976288 -2.96531 3.00866 2.39536</i>
                        <i>0.950272 0.288725 -0.116708 -0.265079 0.946611 0.183471 0.16345 -0.14341 0.976073 -2.96531 3.00958 2.39529</i>
                        <i>0.950654 0.287632 -0.116299 -0.26371 0.946596 0.185505 0.163445 -0.145682 0.975737 -2.96531 3.01045 2.39513</i>
                        <i>0.950331 0.289158 -0.115143 -0.264904 0.945674 0.188486 0.163389 -0.148622 0.975303 -2.96531 3.01125 2.3949</i>
                        <i>0.94957 0.292335 -0.113391 -0.26771 0.944134 0.192205 0.163245 -0.152156 0.974782 -2.96531 3.01193 2.39461</i>
                        <i>0.948417 0.29691 -0.111132 -0.271898 0.942058 0.196464 0.163025 -0.156113 0.974193 -2.96531 3.01249 2.39428</i>
                        <i>0.946918 0.30263 -0.108454 -0.277239 0.939528 0.201063 0.162743 -0.160322 0.973556 -2.96531 3.01289 2.39392</i>
                        <i>0.945118 0.309243 -0.105452 -0.283503 0.936627 0.205804 0.162412 -0.164613 0.972895 -2.9653 3.0131 2.39354</i>
                        <i>0.943067 0.316503 -0.102228 -0.290458 0.933449 0.210493 0.162046 -0.168817 0.972236 -2.9653 3.01309 2.39316</i>
                        <i>0.940817 0.324165 -0.0988964 -0.297876 0.930092 0.214941 0.161659 -0.172761 0.971607 -2.9653 3.01285 2.3928</i>
                        <i>0.938427 0.331993 -0.0955811 -0.30553 0.926665 0.218959 0.161264 -0.176274 0.971041 -2.9653 3.0124 2.39248</i>
                        <i>0.935963 0.339752 -0.0924171 -0.313195 0.923289 0.222367 0.160877 -0.179183 0.970573 -2.96529 3.01178 2.39219</i>
                        <i>0.933499 0.347217 -0.0895491 -0.320647 0.92009 0.224987 0.160513 -0.181311 0.970238 -2.96529 3.01103 2.39197</i>
                        <i>0.931115 0.354166 -0.0871298 -0.327667 0.917206 0.226644 0.160186 -0.182482 0.970072 -2.96529 3.01019 2.39183</i>
                        <i>0.928896 0.36038 -0.0853165 -0.334037 0.914776 0.227168 0.159912 -0.182516 0.970111 -2.96529 3.00929 2.39178</i>
                        <i>0.926934 0.365638 -0.0842767 -0.339539 0.912947 0.226365 0.159708 -0.18121 0.97039 -2.96529 3.00837 2.39184</i>
                        <i>0.92535 0.369704 -0.0839407 -0.343942 0.911802 0.224324 0.159471 -0.178708 0.970893 -2.96529 3.00747 2.392</i>
                        <i>0.924232 0.372432 -0.0842034 -0.347081 0.911354 0.22129 0.159154 -0.175298 0.971566 -2.9653 3.00662 2.39224</i>
                        <i>0.92362 0.373748 -0.0850794 -0.348844 0.911591 0.217508 0.158851 -0.171216 0.972343 -2.9653 3.00584 2.39254</i>
                        <i>0.92355 0.373577 -0.0865729 -0.349119 0.912498 0.213223 0.158653 -0.166698 0.97316 -2.9653 3.00515 2.39289</i>
                        <i>0.924052 0.371838 -0.0886806 -0.347789 0.914056 0.208672 0.158651 -0.161982 0.973957 -2.9653 3.0046 2.39326</i>
                        <i>0.925146 0.368445 -0.0913952 -0.344736 0.916243 0.204097 0.158938 -0.157312 0.974675 -2.9653 3.00421 2.39363</i>
                        <i>0.926842 0.363309 -0.0947093 -0.339837 0.91903 0.199736 0.159607 -0.152938 0.975262 -2.96531 3.004 2.39399</i>
                        <i>0.929137 0.35634 -0.0986204 -0.332963 0.92238 0.195833 0.160749 -0.149119 0.975666 -2.96531 3.004 2.39431</i>
                    </KeyFrames>
                </p>
            </i>
            <i>
                <p>
                    <Name><![CDATA[l_shoulder]]></Name>
                    <Exclude>0</Exclude>
                    <Additive>0</Additive>
                    <IKPriority>0</IKPriority>
                    <IKRotLimits>-1e+010 -1e+010 -1e+010 1e+010 1e+010 1e+010</IKRotLimits>
                    <IKRotLimitOrder>0</IKRotLimitOrder>
                    <KeyFrames count="31">
                        <i>0.555417 -0.641351 0.529321 0.780195 0.62217 -0.0648079 -0.287763 0.448969 0.845943 -2.78173 3.0744 2.37482</i>
                        <i>0.554673 -0.636398 0.536036 0.780008 0.621988 -0.0686849 -0.289697 0.45621 0.841396 -2.78116 3.07293 2.37439</i>
                        <i>0.553871 -0.631243 0.542917 0.779779 0.621843 -0.072503 -0.291842 0.463512 0.836651 -2.78053 3.07144 2.37397</i>
                        <i>0.55306 -0.626107 0.54965 0.779519 0.621733 -0.0761383 -0.294065 0.470572 0.831918 -2.77988 3.07001 2.37357</i>
                        <i>0.552285 -0.621224 0.555933 0.779244 0.621664 -0.0794552 -0.296244 0.47709 0.827421 -2.77925 3.06872 2.3732</i>
                        <i>0.551584 -0.616848 0.561474 0.77897 0.621636 -0.0823052 -0.298263 0.48277 0.823391 -2.77867 3.06766 2.37287</i>
                        <i>0.550991 -0.613241 0.56599 0.778717 0.621654 -0.0845284 -0.300014 0.48732 0.820068 -2.77818 3.0669 2.3726</i>
                        <i>0.550534 -0.610674 0.569201 0.778508 0.621721 -0.0859564 -0.301393 0.490449 0.817693 -2.7778 3.06653 2.37238</i>
                        <i>0.550239 -0.609572 0.570666 0.778361 0.621865 -0.0862387 -0.302309 0.491636 0.816642 -2.77756 3.06663 2.37223</i>
                        <i>0.550131 -0.610256 0.570038 0.778301 0.622093 -0.0851374 -0.302661 0.490498 0.817195 -2.77748 3.06728 2.37215</i>
                        <i>0.550186 -0.612457 0.567619 0.778314 0.622383 -0.0828629 -0.302527 0.487376 0.819111 -2.77755 3.06838 2.37215</i>
                        <i>0.550348 -0.615694 0.563949 0.778372 0.622717 -0.0797452 -0.302082 0.48285 0.821951 -2.7777 3.06969 2.37221</i>
                        <i>0.550607 -0.619747 0.559237 0.778468 0.62307 -0.0759675 -0.301363 0.477176 0.82552 -2.77792 3.07115 2.37232</i>
                        <i>0.550952 -0.624396 0.553698 0.778593 0.623417 -0.0717151 -0.300406 0.470617 0.829624 -2.77822 3.07268 2.37249</i>
                        <i>0.551374 -0.629427 0.547547 0.778742 0.623738 -0.0671732 -0.299245 0.463435 0.834074 -2.77857 3.0742 2.3727</i>
                        <i>0.551862 -0.634632 0.541009 0.778906 0.624017 -0.0625263 -0.297917 0.4559 0.83869 -2.77897 3.07562 2.37297</i>
                        <i>0.552402 -0.639813 0.534314 0.779079 0.624241 -0.057957 -0.296459 0.448288 0.843297 -2.77941 3.0769 2.37326</i>
                        <i>0.552981 -0.644782 0.527701 0.779256 0.624405 -0.053645 -0.29491 0.440879 0.847735 -2.77988 3.078 2.37359</i>
                        <i>0.553581 -0.649362 0.521418 0.779433 0.624505 -0.049767 -0.293312 0.433961 0.851849 -2.78037 3.07891 2.37393</i>
                        <i>0.554185 -0.653386 0.515719 0.779606 0.624542 -0.0464958 -0.291708 0.427825 0.855495 -2.78085 3.07964 2.37428</i>
                        <i>0.554773 -0.656696 0.51086 0.779771 0.624517 -0.0440009 -0.290145 0.422764 0.858537 -2.78132 3.08016 2.37461</i>
                        <i>0.555323 -0.659137 0.507104 0.779926 0.62443 -0.042448 -0.288672 0.419076 0.860839 -2.78176 3.08049 2.37492</i>
                        <i>0.555814 -0.660548 0.504725 0.780069 0.624281 -0.0420145 -0.287338 0.417073 0.862257 -2.78215 3.08062 2.37518</i>
                        <i>0.55623 -0.660923 0.503775 0.780195 0.624079 -0.0426761 -0.28619 0.41678 0.86278 -2.78246 3.08052 2.37541</i>
                        <i>0.556554 -0.660354 0.504164 0.780298 0.623838 -0.0442802 -0.285276 0.418042 0.862472 -2.78269 3.0802 2.3756</i>
                        <i>0.556764 -0.658923 0.505801 0.780376 0.623567 -0.0466635 -0.284653 0.420695 0.861387 -2.78281 3.07968 2.37573</i>
                        <i>0.556839 -0.656707 0.508592 0.780422 0.623277 -0.0496658 -0.284378 0.424573 0.859574 -2.78283 3.07896 2.37579</i>
                        <i>0.556759 -0.653777 0.512441 0.780434 0.622977 -0.0531305 -0.284503 0.429507 0.857077 -2.78273 3.07807 2.37574</i>
                        <i>0.556506 -0.650198 0.517246 0.780404 0.62268 -0.0569056 -0.285079 0.43533 0.853943 -2.78252 3.077 2.37558</i>
                        <i>0.556063 -0.646035 0.522908 0.780327 0.622404 -0.0608446 -0.286152 0.441873 0.850215 -2.78218 3.07578 2.37528</i>
                        <i>0.555417 -0.641351 0.529321 0.780195 0.62217 -0.0648079 -0.287763 0.448969 0.845943 -2.78173 3.0744 2.37482</i>
                    </KeyFrames>
                </p>
            </i>
            <i>
                <p>
                    <Name><![CDATA[l_elbow]]></Name>
                    <Exclude>0</Exclude>
                    <Additive>0</Additive>
