<?xml version="1.0" encoding="ISO-8859-1" ?>
<Animl Version="1">
    <ModellingPackage><![CDATA[Maya.2010]]></ModellingPackage>
    <SrcFile><![CDATA[anims\turrets\artillery\blue\~src\artillery_m270\artillery_m270_idle_crewman_d.mb]]></SrcFile>
    <FramesPerSecond>30</FramesPerSecond>
    <TotalFrames>60</TotalFrames>
    <Skeleton>
        <RefFrame>
            <Name><![CDATA[soldier_ref_frame]]></Name>
            <Exclude>0</Exclude>
            <Additive>0</Additive>
            <IKPriority>0</IKPriority>
            <IKRotLimits>-1e+010 -1e+010 -1e+010 1e+010 1e+010 1e+010</IKRotLimits>
            <IKRotLimitOrder>0</IKRotLimitOrder>
            <KeyFrames count="60">
                <i>1 0 0 0 1 0 0 0 1 -0.34 1.33 3.84</i>
                <i>1 0 0 0 1 0 0 0 1 -0.34 1.33 3.84</i>
                <i>1 0 0 0 1 0 0 0 1 -0.34 1.33 3.84</i>
                <i>1 0 0 0 1 0 0 0 1 -0.34 1.33 3.84</i>
                <i>1 0 0 0 1 0 0 0 1 -0.34 1.33 3.84</i>
                <i>1 0 0 0 1 0 0 0 1 -0.34 1.33 3.84</i>
                <i>1 0 0 0 1 0 0 0 1 -0.34 1.33 3.84</i>
                <i>1 0 0 0 1 0 0 0 1 -0.34 1.33 3.84</i>
                <i>1 0 0 0 1 0 0 0 1 -0.34 1.33 3.84</i>
                <i>1 0 0 0 1 0 0 0 1 -0.34 1.33 3.84</i>
                <i>1 0 0 0 1 0 0 0 1 -0.34 1.33 3.84</i>
                <i>1 0 0 0 1 0 0 0 1 -0.34 1.33 3.84</i>
                <i>1 0 0 0 1 0 0 0 1 -0.34 1.33 3.84</i>
                <i>1 0 0 0 1 0 0 0 1 -0.34 1.33 3.84</i>
                <i>1 0 0 0 1 0 0 0 1 -0.34 1.33 3.84</i>
                <i>1 0 0 0 1 0 0 0 1 -0.34 1.33 3.84</i>
                <i>1 0 0 0 1 0 0 0 1 -0.34 1.33 3.84</i>
                <i>1 0 0 0 1 0 0 0 1 -0.34 1.33 3.84</i>
                <i>1 0 0 0 1 0 0 0 1 -0.34 1.33 3.84</i>
                <i>1 0 0 0 1 0 0 0 1 -0.34 1.33 3.84</i>
                <i>1 0 0 0 1 0 0 0 1 -0.34 1.33 3.84</i>
                <i>1 0 0 0 1 0 0 0 1 -0.34 1.33 3.84</i>
                <i>1 0 0 0 1 0 0 0 1 -0.34 1.33 3.84</i>
                <i>1 0 0 0 1 0 0 0 1 -0.34 1.33 3.84</i>
                <i>1 0 0 0 1 0 0 0 1 -0.34 1.33 3.84</i>
                <i>1 0 0 0 1 0 0 0 1 -0.34 1.33 3.84</i>
                <i>1 0 0 0 1 0 0 0 1 -0.34 1.33 3.84</i>
                <i>1 0 0 0 1 0 0 0 1 -0.34 1.33 3.84</i>
                <i>1 0 0 0 1 0 0 0 1 -0.34 1.33 3.84</i>
                <i>1 0 0 0 1 0 0 0 1 -0.34 1.33 3.84</i>
                <i>1 0 0 0 1 0 0 0 1 -0.34 1.33 3.84</i>
                <i>1 0 0 0 1 0 0 0 1 -0.34 1.33 3.84</i>
                <i>1 0 0 0 1 0 0 0 1 -0.34 1.33 3.84</i>
                <i>1 0 0 0 1 0 0 0 1 -0.34 1.33 3.84</i>
                <i>1 0 0 0 1 0 0 0 1 -0.34 1.33 3.84</i>
                <i>1 0 0 0 1 0 0 0 1 -0.34 1.33 3.84</i>
                <i>1 0 0 0 1 0 0 0 1 -0.34 1.33 3.84</i>
                <i>1 0 0 0 1 0 0 0 1 -0.34 1.33 3.84</i>
                <i>1 0 0 0 1 0 0 0 1 -0.34 1.33 3.84</i>
                <i>1 0 0 0 1 0 0 0 1 -0.34 1.33 3.84</i>
                <i>1 0 0 0 1 0 0 0 1 -0.34 1.33 3.84</i>
                <i>1 0 0 0 1 0 0 0 1 -0.34 1.33 3.84</i>
                <i>1 0 0 0 1 0 0 0 1 -0.34 1.33 3.84</i>
                <i>1 0 0 0 1 0 0 0 1 -0.34 1.33 3.84</i>
                <i>1 0 0 0 1 0 0 0 1 -0.34 1.33 3.84</i>
                <i>1 0 0 0 1 0 0 0 1 -0.34 1.33 3.84</i>
                <i>1 0 0 0 1 0 0 0 1 -0.34 1.33 3.84</i>
                <i>1 0 0 0 1 0 0 0 1 -0.34 1.33 3.84</i>
                <i>1 0 0 0 1 0 0 0 1 -0.34 1.33 3.84</i>
                <i>1 0 0 0 1 0 0 0 1 -0.34 1.33 3.84</i>
                <i>1 0 0 0 1 0 0 0 1 -0.34 1.33 3.84</i>
                <i>1 0 0 0 1 0 0 0 1 -0.34 1.33 3.84</i>
                <i>1 0 0 0 1 0 0 0 1 -0.34 1.33 3.84</i>
                <i>1 0 0 0 1 0 0 0 1 -0.34 1.33 3.84</i>
                <i>1 0 0 0 1 0 0 0 1 -0.34 1.33 3.84</i>
                <i>1 0 0 0 1 0 0 0 1 -0.34 1.33 3.84</i>
                <i>1 0 0 0 1 0 0 0 1 -0.34 1.33 3.84</i>
                <i>1 0 0 0 1 0 0 0 1 -0.34 1.33 3.84</i>
                <i>1 0 0 0 1 0 0 0 1 -0.34 1.33 3.84</i>
                <i>1 0 0 0 1 0 0 0 1 -0.34 1.33 3.84</i>
            </KeyFrames>
        </RefFrame>
        <Bones count="23">
            <i>
                <p>
                    <Name><![CDATA[pelvis]]></Name>
                    <Exclude>0</Exclude>
                    <Additive>0</Additive>
                    <IKPriority>0</IKPriority>
                    <IKRotLimits>-1e+010 -1e+010 -1e+010 1e+010 1e+010 1e+010</IKRotLimits>
                    <IKRotLimitOrder>2</IKRotLimitOrder>
                    <KeyFrames count="60">
                        <i>1 0 0 0 1 0 0 0 1 -0.34692 1.94619 3.85729</i>
                        <i>1 0 0 0 1 0 0 0 1 -0.34692 1.94191 3.85729</i>
                        <i>1 0 0 0 1 0 0 0 1 -0.34692 1.93965 3.85729</i>
                        <i>1 0 0 0 1 0 0 0 1 -0.34692 1.94506 3.85729</i>
                        <i>1 0 0 0 1 0 0 0 1 -0.34692 1.94931 3.85729</i>
                        <i>1 0 0 0 1 0 0 0 1 -0.34692 1.94104 3.85729</i>
                        <i>1 0 0 0 1 0 0 0 1 -0.34692 1.93356 3.85729</i>
                        <i>1 0 0 0 1 0 0 0 1 -0.34692 1.94157 3.85729</i>
                        <i>1 0 0 0 1 0 0 0 1 -0.34692 1.94959 3.85729</i>
                        <i>1 0 0 0 1 0 0 0 1 -0.34692 1.9423 3.85729</i>
                        <i>1 0 0 0 1 0 0 0 1 -0.34692 1.93402 3.85729</i>
                        <i>1 0 0 0 1 0 0 0 1 -0.34692 1.93621 3.85729</i>
                        <i>1 0 0 0 1 0 0 0 1 -0.34692 1.94213 3.85729</i>
                        <i>1 0 0 0 1 0 0 0 1 -0.34692 1.95082 3.85729</i>
                        <i>1 0 0 0 1 0 0 0 1 -0.34692 1.95648 3.85729</i>
                        <i>1 0 0 0 1 0 0 0 1 -0.34692 1.94847 3.85729</i>
                        <i>1 0 0 0 1 0 0 0 1 -0.34692 1.9403 3.85729</i>
                        <i>1 0 0 0 1 0 0 0 1 -0.34692 1.94268 3.85729</i>
                        <i>1 0 0 0 1 0 0 0 1 -0.34692 1.94829 3.85729</i>
                        <i>1 0 0 0 1 0 0 0 1 -0.34692 1.95257 3.85729</i>
                        <i>1 0 0 0 1 0 0 0 1 -0.34692 1.95182 3.85729</i>
                        <i>1 0 0 0 1 0 0 0 1 -0.34692 1.95071 3.85729</i>
                        <i>1 0 0 0 1 0 0 0 1 -0.34692 1.95291 3.85729</i>
                        <i>1 0 0 0 1 0 0 0 1 -0.34692 1.95612 3.85729</i>
                        <i>1 0 0 0 1 0 0 0 1 -0.34692 1.9594 3.85729</i>
                        <i>1 0 0 0 1 0 0 0 1 -0.34692 1.96331 3.85729</i>
                        <i>1 0 0 0 1 0 0 0 1 -0.34692 1.96813 3.85729</i>
                        <i>1 0 0 0 1 0 0 0 1 -0.34692 1.97254 3.85729</i>
                        <i>1 0 0 0 1 0 0 0 1 -0.34692 1.97518 3.85729</i>
                        <i>1 0 0 0 1 0 0 0 1 -0.34692 1.97472 3.85729</i>
                        <i>1 0 0 0 1 0 0 0 1 -0.34692 1.96565 3.85729</i>
                        <i>1 0 0 0 1 0 0 0 1 -0.34692 1.95045 3.85729</i>
                        <i>1 0 0 0 1 0 0 0 1 -0.34692 1.93977 3.85729</i>
                        <i>1 0 0 0 1 0 0 0 1 -0.34692 1.94382 3.85729</i>
                        <i>1 0 0 0 1 0 0 0 1 -0.34692 1.95047 3.85729</i>
                        <i>1 0 0 0 1 0 0 0 1 -0.34692 1.94532 3.85729</i>
                        <i>1 0 0 0 1 0 0 0 1 -0.34692 1.94121 3.85729</i>
                        <i>1 0 0 0 1 0 0 0 1 -0.34692 1.95116 3.85729</i>
                        <i>1 0 0 0 1 0 0 0 1 -0.34692 1.96017 3.85729</i>
                        <i>1 0 0 0 1 0 0 0 1 -0.34692 1.95234 3.85729</i>
                        <i>1 0 0 0 1 0 0 0 1 -0.34692 1.94353 3.85729</i>
                        <i>1 0 0 0 1 0 0 0 1 -0.34692 1.94934 3.85729</i>
                        <i>1 0 0 0 1 0 0 0 1 -0.34692 1.95458 3.85729</i>
                        <i>1 0 0 0 1 0 0 0 1 -0.34692 1.94396 3.85729</i>
                        <i>1 0 0 0 1 0 0 0 1 -0.34692 1.93343 3.85729</i>
                        <i>1 0 0 0 1 0 0 0 1 -0.34692 1.93808 3.85729</i>
                        <i>1 0 0 0 1 0 0 0 1 -0.34692 1.94519 3.85729</i>
                        <i>1 0 0 0 1 0 0 0 1 -0.34692 1.94548 3.85729</i>
                        <i>1 0 0 0 1 0 0 0 1 -0.34692 1.94429 3.85729</i>
                        <i>1 0 0 0 1 0 0 0 1 -0.34692 1.94619 3.85729</i>
                        <i>1 0 0 0 1 0 0 0 1 -0.347015 1.95342 3.85752</i>
                        <i>1 0 0 0 1 0 0 0 1 -0.347243 1.96346 3.85807</i>
                        <i>1 0 0 0 1 0 0 0 1 -0.347515 1.97377 3.85873</i>
                        <i>1 0 0 0 1 0 0 0 1 -0.347743 1.98181 3.85928</i>
                        <i>1 0 0 0 1 0 0 0 1 -0.347838 1.98506 3.85951</i>
                        <i>1 0 0 0 1 0 0 0 1 -0.347743 1.98101 3.85928</i>
                        <i>1 0 0 0 1 0 0 0 1 -0.347515 1.97138 3.85873</i>
                        <i>1 0 0 0 1 0 0 0 1 -0.347243 1.95987 3.85807</i>
                        <i>1 0 0 0 1 0 0 0 1 -0.347015 1.95023 3.85752</i>
                        <i>1 0 0 0 1 0 0 0 1 -0.34692 1.94619 3.85729</i>
                    </KeyFrames>
                </p>
            </i>
            <i>
                <p>
                    <Name><![CDATA[spine0]]></Name>
                    <Exclude>0</Exclude>
                    <Additive>0</Additive>
                    <IKPriority>0</IKPriority>
                    <IKRotLimits>-1e+010 -1e+010 -1e+010 1e+010 1e+010 1e+010</IKRotLimits>
                    <IKRotLimitOrder>0</IKRotLimitOrder>
                    <KeyFrames count="60">
                        <i>-0.0693735 0.996289 0.0509561 -0.970418 -0.0555551 -0.234954 -0.231251 -0.0657482 0.97067 -0.347735 2.08633 3.8248</i>
                        <i>-0.0679533 0.996936 0.0387391 -0.970264 -0.0569943 -0.235242 -0.232313 -0.0535727 0.971165 -0.346212 2.08055 3.8189</i>
                        <i>-0.0669224 0.997454 0.0246256 -0.970084 -0.0592739 -0.23542 -0.233361 -0.0396438 0.971582 -0.344689 2.07653 3.81308</i>
                        <i>-0.0665137 0.997631 0.017548 -0.970003 -0.0605304 -0.235436 -0.233816 -0.0326814 0.971731 -0.343999 2.08105 3.81046</i>
                        <i>-0.0681091 0.997414 0.0229353 -0.969981 -0.0608216 -0.235451 -0.233448 -0.0382832 0.971615 -0.344966 2.08654 3.81413</i>
                        <i>-0.0707653 0.99685 0.0358094 -0.970008 -0.0604019 -0.235449 -0.232545 -0.051397 0.971227 -0.346766 2.08026 3.82104</i>
                        <i>-0.0721798 0.996431 0.0437577 -0.970048 -0.0599309 -0.235405 -0.231943 -0.0594385 0.970912 -0.347735 2.07371 3.8248</i>
                        <i>-0.0705837 0.996841 0.0364235 -0.970033 -0.0600833 -0.235425 -0.232493 -0.0519492 0.97121 -0.346766 2.08078 3.82104</i>
                        <i>-0.067753 0.99741 0.0241456 -0.970024 -0.0601932 -0.235436 -0.233373 -0.0393733 0.97159 -0.344966 2.08681 3.81413</i>
                        <i>-0.0657147 0.997633 0.020252 -0.970089 -0.0591209 -0.235439 -0.233684 -0.0351181 0.971678 -0.343999 2.07829 3.81046</i>
                        <i>-0.0666986 0.99736 0.0286993 -0.970164 -0.0581066 -0.235383 -0.233094 -0.0435428 0.971479 -0.344966 2.07124 3.81413</i>
                        <i>-0.0686814 0.996718 0.0428609 -0.970296 -0.0567479 -0.235173 -0.231968 -0.0577397 0.971008 -0.346766 2.07543 3.82104</i>
                        <i>-0.0692844 0.996275 0.0513467 -0.970432 -0.055379 -0.234935 -0.231217 -0.0661059 0.970654 -0.347735 2.08228 3.8248</i>
                        <i>-0.0682133 0.99668 0.0444468 -0.970358 -0.0559271 -0.23511 -0.231844 -0.0591669 0.970952 -0.346766 2.09004 3.82104</i>
                        <i>-0.0657585 0.997325 0.0319035 -0.970272 -0.0564465 -0.235341 -0.23291 -0.0464308 0.971389 -0.344966 2.0937 3.81413</i>
                        <i>-0.0638489 0.997604 0.0266268 -0.970284 -0.0558162 -0.235444 -0.233393 -0.0408684 0.971523 -0.343999 2.08447 3.81046</i>
                        <i>-0.0649753 0.997321 0.0335968 -0.970346 -0.055291 -0.23531 -0.232823 -0.0478899 0.971339 -0.344966 2.07753 3.81413</i>
                        <i>-0.0682133 0.99668 0.0444468 -0.970358 -0.0559271 -0.23511 -0.231844 -0.0591669 0.970952 -0.346766 2.08189 3.82104</i>
                        <i>-0.0702372 0.99626 0.0503169 -0.970336 -0.0565378 -0.235055 -0.231332 -0.0653339 0.970679 -0.347735 2.08843 3.8248</i>
                        <i>-0.068488 0.996665 0.0443614 -0.970338 -0.0562133 -0.235128 -0.23185 -0.059149 0.970952 -0.3468 2.09182 3.82117</i>
                        <i>-0.0651747 0.997325 0.0330853 -0.970329 -0.0556044 -0.23531 -0.232841 -0.0474398 0.971357 -0.345035 2.08913 3.8144</i>
                        <i>-0.0630684 0.997678 0.0257022 -0.970315 -0.0552731 -0.235444 -0.233477 -0.0397883 0.971548 -0.343999 2.08671 3.81046</i>
                        <i>-0.0648278 0.997507 0.0278864 -0.970154 -0.0564573 -0.235827 -0.233665 -0.0423422 0.971395 -0.343954 2.08891 3.81048</i>
                        <i>-0.0696315 0.99691 0.0363502 -0.969739 -0.0590962 -0.236884 -0.234004 -0.0517448 0.970858 -0.344084 2.09246 3.81148</i>
                        <i>-0.0748238 0.996128 0.0461527 -0.969166 -0.0617462 -0.238546 -0.234773 -0.0625785 0.970034 -0.344315 2.09629 3.81312</i>
                        <i>-0.0776163 0.995621 0.0521003 -0.968565 -0.0629128 -0.240673 -0.236341 -0.0691427 0.969207 -0.344577 2.10081 3.81504</i>
                        <i>-0.0731872 0.99586 0.0539121 -0.968322 -0.0580152 -0.242871 -0.238738 -0.0699794 0.968559 -0.344794 2.10619 3.81691</i>
                        <i>-0.0623637 0.99638 0.0577771 -0.968477 -0.0464257 -0.244737 -0.241169 -0.0712185 0.967866 -0.344888 2.11101 3.81835</i>
                        <i>-0.0509318 0.996678 0.0635463 -0.968578 -0.0337857 -0.246403 -0.243437 -0.0740993 0.967082 -0.344776 2.11384 3.81901</i>
                        <i>-0.0438957 0.997223 0.0601636 -0.968108 -0.0275911 -0.24901 -0.246658 -0.0691753 0.966631 -0.343512 2.11231 3.81541</i>
                        <i>-0.0421506 0.997665 0.0537346 -0.967423 -0.027317 -0.251687 -0.249632 -0.0625929 0.966316 -0.342246 2.10203 3.81176</i>
                        <i>-0.0430619 0.997417 0.0574971 -0.967107 -0.0271738 -0.252915 -0.2507 -0.0664968 0.965778 -0.342677 2.08758 3.81403</i>
                        <i>-0.0448123 0.996872 0.065094 -0.967001 -0.0269265 -0.253346 -0.250801 -0.0742989 0.965183 -0.343628 2.0781 3.81791</i>
                        <i>-0.045249 0.996692 0.0675168 -0.966945 -0.0267206 -0.253582 -0.250939 -0.0767594 0.964955 -0.343831 2.0824 3.81881</i>
                        <i>-0.0425089 0.997504 0.0563798 -0.96668 -0.0268061 -0.254582 -0.252436 -0.0653232 0.965406 -0.342136 2.08717 3.81275</i>
                        <i>-0.0384507 0.998439 0.0405118 -0.966289 -0.0268229 -0.25606 -0.254573 -0.0489918 0.965812 -0.339631 2.07871 3.8039</i>
                        <i>-0.0367299 0.998716 0.0348789 -0.966088 -0.02656 -0.256843 -0.255587 -0.0431299 0.965824 -0.338355 2.07265 3.79944</i>
                        <i>-0.0390083 0.998272 0.0439358 -0.966314 -0.0264926 -0.255997 -0.254391 -0.0524418 0.965679 -0.339761 2.08473 3.80436</i>
                        <i>-0.0429236 0.997396 0.057951 -0.96672 -0.0268206 -0.254428 -0.252211 -0.0669433 0.965354 -0.3424 2.09719 3.81369</i>
                        <i>-0.0451292 0.996821 0.0656659 -0.966929 -0.0270696 -0.253604 -0.25102 -0.0749393 0.965077 -0.343831 2.09093 3.81881</i>
                        <i>-0.0429236 0.997396 0.057951 -0.96672 -0.0268206 -0.254428 -0.252211 -0.0669434 0.965354 -0.3424 2.08055 3.81369</i>
                        <i>-0.0390083 0.998272 0.0439358 -0.966314 -0.0264926 -0.255997 -0.254391 -0.0524418 0.965679 -0.339761 2.08292 3.80436</i>
                        <i>-0.0367299 0.998716 0.0348789 -0.966088 -0.02656 -0.256843 -0.255587 -0.0431299 0.965824 -0.338355 2.08602 3.79944</i>
                        <i>-0.0384854 0.998432 0.0406399 -0.966292 -0.0268245 -0.256046 -0.254555 -0.0491241 0.96581 -0.339653 2.07738 3.80398</i>
                        <i>-0.0425804 0.997486 0.0566505 -0.966686 -0.0268086 -0.254556 -0.252397 -0.0656024 0.965397 -0.342182 2.07019 3.81291</i>
                        <i>-0.045249 0.996692 0.0675168 -0.966945 -0.0267206 -0.253582 -0.250939 -0.0767594 0.964955 -0.343831 2.07667 3.81881</i>
                        <i>-0.0450725 0.996822 0.0656846 -0.967715 -0.0272453 -0.25057 -0.247984 -0.0748578 0.965868 -0.344028 2.08361 3.81818</i>
                        <i>-0.0438672 0.997293 0.0590182 -0.969275 -0.0281739 -0.244362 -0.242037 -0.0679243 0.967887 -0.343907 2.08286 3.81472</i>
                        <i>-0.0428331 0.997621 0.0540234 -0.970774 -0.028778 -0.238263 -0.236141 -0.0626501 0.969697 -0.343842 2.08058 3.81134</i>
                        <i>-0.0428439 0.997624 0.0539572 -0.971494 -0.0289962 -0.235284 -0.233161 -0.0624996 0.970428 -0.344115 2.08234 3.8109</i>
                        <i>-0.0443313 0.997208 0.0600848 -0.971696 -0.0290716 -0.234437 -0.232036 -0.0687771 0.970273 -0.345185 2.09079 3.81484</i>
                        <i>-0.0467645 0.99643 0.0702944 -0.972024 -0.0291775 -0.233061 -0.230178 -0.0792269 0.969918 -0.347001 2.10259 3.82148</i>
                        <i>-0.0494585 0.995414 0.0818844 -0.972389 -0.0292692 -0.231521 -0.228063 -0.0910742 0.969378 -0.349043 2.11452 3.82901</i>
                        <i>-0.0517216 0.994426 0.0918808 -0.972706 -0.029324 -0.230182 -0.226205 -0.101278 0.9688 -0.35079 2.12367 3.83554</i>
                        <i>-0.0529422 0.993838 0.097385 -0.972883 -0.0293443 -0.22943 -0.225159 -0.106891 0.968441 -0.351726 2.12741 3.83911</i>
                        <i>-0.0533143 0.994203 0.0933719 -0.972768 -0.0305874 -0.229753 -0.225565 -0.103078 0.96876 -0.351542 2.12332 3.83853</i>
                        <i>-0.0550858 0.995212 0.0807385 -0.972284 -0.0350635 -0.231159 -0.227221 -0.0912343 0.96956 -0.350583 2.11325 3.83507</i>
                        <i>-0.0599096 0.996017 0.0660403 -0.971523 -0.0429864 -0.233015 -0.229248 -0.0781195 0.970228 -0.349315 2.10105 3.83049</i>
                        <i>-0.0661227 0.996294 0.0550047 -0.970767 -0.0514855 -0.234436 -0.230735 -0.0688983 0.970574 -0.348209 2.09071 3.8265</i>
                        <i>-0.0693735 0.996289 0.0509561 -0.970418 -0.0555551 -0.234954 -0.231251 -0.0657482 0.97067 -0.347735 2.08633 3.8248</i>
                    </KeyFrames>
                </p>
            </i>
            <i>
                <p>
                    <Name><![CDATA[spine1]]></Name>
                    <Exclude>0</Exclude>
                    <Additive>0</Additive>
                    <IKPriority>0</IKPriority>
                    <IKRotLimits>-1e+010 -1e+010 -1e+010 1e+010 1e+010 1e+010</IKRotLimits>
                    <IKRotLimitOrder>0</IKRotLimitOrder>
                    <KeyFrames count="60">
                        <i>-0.0453509 0.992465 0.113822 -0.998599 -0.0481502 0.0219647 0.0272798 -0.112667 0.993258 -0.359578 2.2564 3.8335</i>
                        <i>-0.0532779 0.988007 0.144924 -0.998176 -0.0568178 0.0203946 0.0283843 -0.143573 0.989233 -0.357713 2.24924 3.82547</i>
                        <i>-0.061376 0.982758 0.174413 -0.997646 -0.0657562 0.0194417 0.0305752 -0.17281 0.984481 -0.356012 2.24524 3.81726</i>
                        <i>-0.0644268 0.980927 0.183389 -0.997423 -0.0691114 0.0192624 0.0315693 -0.181675 0.982852 -0.355469 2.25312 3.81348</i>
                        <i>-0.0597092 0.984954 0.162172 -0.997771 -0.0637379 0.0197492 0.0297885 -0.160631 0.986565 -0.356817 2.26014 3.81811</i>
                        <i>-0.0515149 0.990147 0.130214 -0.998279 -0.0547137 0.0211062 0.0280227 -0.128903 0.991261 -0.358797 2.24972 3.82713</i>
                        <i>-0.0468332 0.99249 0.113007 -0.998522 -0.049638 0.0221336 0.0275768 -0.111803 0.993348 -0.359776 2.23984 3.83212</i>
                        <i>-0.0514303 0.990113 0.130503 -0.998284 -0.0546348 0.0210923 0.0280138 -0.129194 0.991224 -0.358765 2.25022 3.82724</i>
                        <i>-0.0595486 0.984872 0.162731 -0.997781 -0.0635907 0.0197395 0.0297891 -0.161195 0.986473 -0.356753 2.26038 3.81832</i>
                        <i>-0.0640781 0.98071 0.184667 -0.997445 -0.0687961 0.0192491 0.0315822 -0.182962 0.982613 -0.355323 2.25022 3.81395</i>
                        <i>-0.0597777 0.983617 0.17007 -0.997757 -0.064016 0.0195426 0.0301096 -0.16852 0.985238 -0.35623 2.23962 3.819</i>
                        <i>-0.0505515 0.989759 0.133497 -0.998332 -0.0538092 0.0209063 0.0278756 -0.132217 0.990829 -0.358431 2.24468 3.82833</i>
                        <i>-0.0453954 0.992468 0.113779 -0.998597 -0.0481932 0.0219595 0.0272775 -0.112622 0.993263 -0.359625 2.25325 3.83361</i>
                        <i>-0.0503371 0.989672 0.134225 -0.998344 -0.0536059 0.0208492 0.0278291 -0.132954 0.990731 -0.358349 2.25925 3.82859</i>
                        <i>-0.0593575 0.983391 0.171522 -0.997784 -0.0636232 0.0194758 0.0300651 -0.169985 0.984988 -0.356066 2.26199 3.81953</i>
                        <i>-0.0632616 0.980223 0.187514 -0.997498 -0.0680432 0.0191672 0.0315472 -0.185832 0.982075 -0.35499 2.25622 3.81504</i>
                        <i>-0.0583097 0.984227 0.167024 -0.997857 -0.0624383 0.0195704 0.0296904 -0.165525 0.985759 -0.356253 2.25083 3.81996</i>
                        <i>-0.0503371 0.989672 0.134225 -0.998344 -0.0536059 0.0208492 0.0278291 -0.132954 0.990731 -0.358349 2.2511 3.82859</i>
                        <i>-0.0459223 0.992178 0.116075 -0.99857 -0.0487789 0.0218887 0.0273795 -0.114904 0.992999 -0.359441 2.25438 3.83321</i>
                        <i>-0.0503434 0.989662 0.134292 -0.998344 -0.053616 0.0208627 0.0278472 -0.133019 0.990722 -0.358345 2.25977 3.82867</i>
                        <i>-0.0578461 0.984599 0.164981 -0.997888 -0.0619161 0.01963 0.0295426 -0.163497 0.986101 -0.356268 2.26102 3.8201</i>
                        <i>-0.0611983 0.982085 0.178222 -0.997652 -0.0656852 0.0193798 0.0307392 -0.176617 0.9838 -0.35501 2.26097 3.81493</i>
                        <i>-0.0608251 0.982989 0.173302 -0.997693 -0.0651157 0.0191754 0.0301338 -0.171736 0.984682 -0.355263 2.26298 3.81533</i>
                        <i>-0.0606615 0.98437 0.165334 -0.997727 -0.0646661 0.0189421 0.0293375 -0.163809 0.986056 -0.35618 2.26569 3.81778</i>
                        <i>-0.0602503 0.986075 0.155004 -0.99777 -0.0639603 0.0190556 0.0287044 -0.15351 0.98773 -0.357236 2.26833 3.82108</i>
                        <i>-0.0590161 0.987959 0.143016 -0.99788 -0.0623216 0.0187404 0.0274277 -0.141607 0.989543 -0.357892 2.27161 3.82398</i>
                        <i>-0.0539375 0.989773 0.132058 -0.998299 -0.0505222 -0.0290803 -0.022111 -0.133402 0.990815 -0.357264 2.27585 3.8261</i>
                        <i>-0.0469302 0.989865 0.134032 -0.990703 -0.0289718 -0.132922 -0.127692 -0.139024 0.982022 -0.355443 2.27959 3.82814</i>
                        <i>-0.0422723 0.988004 0.14853 -0.971987 -0.006266 -0.234951 -0.231202 -0.154301 0.960592 -0.353348 2.2815 3.82972</i>
                        <i>-0.046369 0.983113 0.177026 -0.959515 0.00545181 -0.281605 -0.277815 -0.182917 0.943059 -0.350906 2.28018 3.82556</i>
                        <i>-0.0525094 0.979212 0.195925 -0.958996 0.0052731 -0.283372 -0.278514 -0.202771 0.938783 -0.349365 2.27044 3.82084</i>
                        <i>-0.0503634 0.981513 0.184651 -0.95888 0.00418536 -0.283782 -0.279308 -0.19135 0.940942 -0.349921 2.25524 3.82372</i>
                        <i>-0.0455688 0.985466 0.163646 -0.958915 0.00276685 -0.283681 -0.280011 -0.16985 0.944852 -0.351237 2.24731 3.82897</i>
                        <i>-0.0445304 0.986427 0.158047 -0.958894 0.00217649 -0.283757 -0.280249 -0.164186 0.945782 -0.351616 2.25391 3.83042</i>
                        <i>-0.0527516 0.980482 0.189402 -0.958583 0.00344049 -0.284792 -0.279885 -0.196581 0.939692 -0.349403 2.25767 3.82239</i>
                        <i>-0.0648763 0.969882 0.234776 -0.958068 0.00526442 -0.286493 -0.2791 -0.243518 0.928871 -0.346201 2.24929 3.81083</i>
                        <i>-0.0701811 0.964919 0.252994 -0.957782 0.00570265 -0.28744 -0.278799 -0.262486 0.923781 -0.344768 2.24719 3.80552</i>
                        <i>-0.0634492 0.971686 0.227597 -0.958097 0.00452359 -0.28641 -0.27933 -0.236233 0.930682 -0.346609 2.26014 3.81205</i>
                        <i>-0.0514914 0.981434 0.184761 -0.958634 0.00328677 -0.284623 -0.279946 -0.191774 0.940666 -0.349728 2.26745 3.82359</i>
                        <i>-0.0445824 0.986071 0.160242 -0.958904 0.00275145 -0.283718 -0.280206 -0.166305 0.945424 -0.351376 2.25743 3.8298</i>
                        <i>-0.0514913 0.981434 0.184761 -0.958634 0.00328677 -0.284623 -0.279946 -0.191773 0.940666 -0.349728 2.2508 3.82359</i>
                        <i>-0.0634492 0.971686 0.227597 -0.958097 0.00452358 -0.28641 -0.27933 -0.236232 0.930682 -0.346609 2.25833 3.81205</i>
                        <i>-0.0701811 0.964919 0.252994 -0.957782 0.00570265 -0.28744 -0.278799 -0.262486 0.923781 -0.344768 2.26056 3.80552</i>
                        <i>-0.0647718 0.969981 0.234396 -0.958073 0.00525061 -0.286477 -0.279108 -0.243124 0.928972 -0.346228 2.24793 3.81093</i>
                        <i>-0.0525344 0.980647 0.188603 -0.958592 0.00341392 -0.284762 -0.279895 -0.195753 0.939861 -0.349459 2.24064 3.8226</i>
                        <i>-0.0445304 0.986427 0.158047 -0.958894 0.00217649 -0.283757 -0.280249 -0.164186 0.945782 -0.351616 2.24817 3.83042</i>
                        <i>-0.043747 0.985789 0.162192 -0.959351 0.00385503 -0.28219 -0.278805 -0.167944 0.945549 -0.35168 2.25278 3.82934</i>
                        <i>-0.0446758 0.982473 0.180973 -0.960193 0.00777192 -0.279229 -0.275742 -0.186244 0.943016 -0.351277 2.2503 3.82465</i>
                        <i>-0.0450928 0.979658 0.19554 -0.96096 0.0109516 -0.276471 -0.272989 -0.200373 0.940919 -0.351159 2.25098 3.82057</i>
                        <i>-0.0437598 0.979779 0.195239 -0.961369 0.0118628 -0.275008 -0.271763 -0.199731 0.94141 -0.35153 2.25505 3.82023</i>
                        <i>-0.0391592 0.983401 0.177167 -0.961638 0.0110883 -0.274099 -0.271513 -0.181104 0.945242 -0.352819 2.26254 3.82518</i>
                        <i>-0.0315222 0.988652 0.146881 -0.96205 0.00983951 -0.272694 -0.271045 -0.149903 0.950823 -0.354996 2.27294 3.8335</i>
                        <i>-0.0228356 0.993444 0.112017 -0.962476 0.00845979 -0.271236 -0.270406 -0.114007 0.955972 -0.357443 2.28353 3.84293</i>
                        <i>-0.0152704 0.996573 0.0812993 -0.962813 0.00727914 -0.270072 -0.269738 -0.0824001 0.959402 -0.359535 2.29175 3.85109</i>
                        <i>-0.0110544 0.997886 0.0640391 -0.962988 0.0066248 -0.269462 -0.269316 -0.0646477 0.960879 -0.36066 2.29505 3.85555</i>
                        <i>-0.012734 0.997869 0.0639871 -0.970903 0.0029648 -0.239454 -0.239133 -0.0651745 0.968797 -0.360551 2.29124 3.85431</i>
                        <i>-0.020087 0.996993 0.0748472 -0.985832 -0.00728156 -0.167578 -0.166529 -0.0771529 0.983014 -0.359928 2.28202 3.84878</i>
                        <i>-0.0307246 0.99538 0.0909665 -0.996432 -0.0233444 -0.0811112 -0.0786128 -0.093134 0.992545 -0.359527 2.2708 3.84175</i>
                        <i>-0.0407796 0.993496 0.106314 -0.99916 -0.0401066 -0.00846152 -0.00414261 -0.106569 0.994297 -0.359515 2.26105 3.83591</i>
                        <i>-0.0453509 0.992465 0.113822 -0.998599 -0.0481502 0.0219647 0.0272798 -0.112667 0.993258 -0.359578 2.2564 3.8335</i>
                    </KeyFrames>
                </p>
            </i>
            <i>
                <p>
                    <Name><![CDATA[spine2]]></Name>
                    <Exclude>0</Exclude>
                    <Additive>0</Additive>
                    <IKPriority>0</IKPriority>
                    <IKRotLimits>-1e+010 -1e+010 -1e+010 1e+010 1e+010 1e+010</IKRotLimits>
                    <IKRotLimitOrder>0</IKRotLimitOrder>
                    <KeyFrames count="60">
                        <i>-0.0170782 0.952781 0.303177 -0.957414 -0.102988 0.269724 0.288212 -0.28566 0.913965 -0.366441 2.41246 3.85141</i>
                        <i>-0.0209683 0.944552 0.327692 -0.95657 -0.114271 0.268172 0.290748 -0.307837 0.905926 -0.365749 2.40321 3.84805</i>
                        <i>-0.0236602 0.934909 0.354099 -0.955691 -0.125109 0.266462 0.293419 -0.332105 0.896444 -0.365303 2.39828 3.84442</i>
                        <i>-0.0237873 0.930312 0.365996 -0.955399 -0.128949 0.265677 0.294357 -0.343353 0.891887 -0.36543 2.40886 3.84265</i>
                        <i>-0.0198902 0.934501 0.355404 -0.956 -0.121841 0.266867 0.29269 -0.334459 0.895807 -0.366117 2.41799 3.84417</i>
                        <i>-0.0151847 0.942932 0.33264 -0.956847 -0.110256 0.268863 0.290195 -0.314203 0.903915 -0.366595 2.40474 3.84753</i>
                        <i>-0.0130863 0.947651 0.31904 -0.957274 -0.104055 0.269812 0.288885 -0.301878 0.908524 -0.366702 2.39228 3.84944</i>
                        <i>-0.015547 0.943321 0.331518 -0.95685 -0.110255 0.268854 0.290167 -0.313033 0.90433 -0.366549 2.40523 3.84768</i>
                        <i>-0.0205988 0.935312 0.353223 -0.955992 -0.121847 0.266893 0.292667 -0.332181 0.896661 -0.366025 2.41818 3.84447</i>
                        <i>-0.0253731 0.93216 0.361157 -0.955362 -0.128985 0.265795 0.294347 -0.338292 0.893822 -0.36522 2.40581 3.8433</i>
                        <i>-0.0241026 0.937634 0.346789 -0.955833 -0.123254 0.266818 0.292921 -0.325041 0.899192 -0.365255 2.39252 3.84543</i>
                        <i>-0.0193217 0.947292 0.319789 -0.95688 -0.110243 0.268752 0.289841 -0.300807 0.908574 -0.36607 2.39948 3.84921</i>
                        <i>-0.0171851 0.952982 0.30254 -0.957421 -0.102897 0.269736 0.288184 -0.285022 0.914173 -0.366533 2.41015 3.85162</i>
                        <i>-0.0202455 0.94824 0.316908 -0.956887 -0.11024 0.268727 0.289754 -0.297804 0.909591 -0.365952 2.414 3.84959</i>
                        <i>-0.0259585 0.939688 0.341045 -0.955808 -0.12327 0.266898 0.292842 -0.319046 0.901362 -0.365022 2.41478 3.84618</i>
                        <i>-0.0290503 0.936365 0.349824 -0.955277 -0.129041 0.266072 0.294282 -0.326449 0.898237 -0.364749 2.41157 3.84481</i>
                        <i>-0.026084 0.941408 0.336259 -0.955931 -0.121889 0.267095 0.292431 -0.314474 0.9031 -0.365314 2.4083 3.84675</i>
                        <i>-0.0202455 0.94824 0.316908 -0.956887 -0.11024 0.268727 0.289754 -0.297804 0.909591 -0.365952 2.40586 3.84959</i>
                        <i>-0.0169451 0.951555 0.307011 -0.957342 -0.104026 0.269582 0.28846 -0.289346 0.912727 -0.366221 2.40662 3.85097</i>
                        <i>-0.0200812 0.94801 0.317606 -0.956883 -0.110297 0.26872 0.28978 -0.298515 0.90935 -0.365892 2.41337 3.84949</i>
                        <i>-0.025297 0.942145 0.334248 -0.956026 -0.120526 0.267371 0.292188 -0.312787 0.903765 -0.36518 2.41727 3.84632</i>
                        <i>-0.0272013 0.94051 0.338676 -0.955663 -0.123841 0.267153 0.293202 -0.316394 0.902179 -0.364582 2.41889 3.84367</i>
                        <i>-0.021614 0.946183 0.32291 -0.956467 -0.113593 0.268827 0.29104 -0.303042 0.907448 -0.364767 2.42092 3.84325</i>
                        <i>-0.0104541 0.955521 0.294739 -0.957711 -0.0943265 0.27183 0.287541 -0.279433 0.916099 -0.365616 2.42318 3.8443</i>
                        <i>0.00120347 0.96424 0.265028 -0.958552 -0.0743981 0.275032 0.284915 -0.254374 0.924185 -0.366548 2.42516 3.84578</i>
                        <i>0.00782467 0.969412 0.245315 -0.958938 -0.0622786 0.276693 0.283508 -0.237407 0.929119 -0.366946 2.42771 3.84661</i>
                        <i>-0.00374433 0.970916 0.239391 -0.981409 -0.0495055 0.185433 0.191891 -0.234246 0.953051 -0.365505 2.43117 3.84683</i>
                        <i>-0.0360786 0.967806 0.2491 -0.999275 -0.0319129 -0.0207427 -0.0121254 -0.249667 0.968256 -0.362637 2.43386 3.84902</i>
                        <i>-0.0725384 0.960908 0.267196 -0.974166 -0.0108144 -0.225575 -0.213867 -0.276656 0.936868 -0.359877 2.43458 3.85269</i>
                        <i>-0.0934068 0.952887 0.288586 -0.948918 0.0025367 -0.315513 -0.30138 -0.303316 0.903974 -0.358119 2.43258 3.85295</i>
                        <i>-0.0972726 0.948797 0.300536 -0.94892 0.00265238 -0.315505 -0.300147 -0.315874 0.900075 -0.357551 2.42262 3.85125</i>
                        <i>-0.0959843 0.951138 0.293468 -0.9489 0.0016099 -0.315573 -0.300626 -0.308762 0.90238 -0.357738 2.40716 3.85224</i>
                        <i>-0.092625 0.955632 0.27962 -0.948875 0.000390654 -0.315652 -0.301757 -0.294562 0.906739 -0.358387 2.40136 3.85452</i>
                        <i>-0.0915697 0.956962 0.275387 -0.948868 4.72228e-005 -0.315675 -0.302102 -0.290212 0.908026 -0.358709 2.41022 3.85547</i>
                        <i>-0.0971351 0.950206 0.296098 -0.948895 0.00134157 -0.315591 -0.300273 -0.311621 0.901515 -0.357737 2.41197 3.85219</i>
                        <i>-0.104883 0.939989 0.324686 -0.948928 0.00308937 -0.315476 -0.297547 -0.341192 0.891658 -0.356437 2.40177 3.84774</i>
                        <i>-0.107913 0.93565 0.336026 -0.948942 0.00383554 -0.315427 -0.296418 -0.352907 0.887464 -0.356106 2.40233 3.84626</i>
                        <i>-0.103552 0.941674 0.320197 -0.948925 0.00292557 -0.315487 -0.298023 -0.336513 0.893276 -0.356924 2.41727 3.84892</i>
                        <i>-0.0963463 0.951203 0.293139 -0.948891 0.00114968 -0.315603 -0.30054 -0.308564 0.902477 -0.357852 2.42169 3.85261</i>
                        <i>-0.0924155 0.956109 0.278056 -0.948868 8.81468e-005 -0.315672 -0.301841 -0.293011 0.907213 -0.35825 2.40913 3.85438</i>
                        <i>-0.0963463 0.951203 0.293139 -0.948891 0.00114967 -0.315603 -0.30054 -0.308564 0.902477 -0.357852 2.40505 3.85261</i>
                        <i>-0.103552 0.941674 0.320197 -0.948925 0.00292558 -0.315487 -0.298023 -0.336513 0.893276 -0.356924 2.41545 3.84892</i>
                        <i>-0.107913 0.93565 0.336026 -0.948942 0.00383553 -0.315427 -0.296418 -0.352907 0.887464 -0.356106 2.4157 3.84626</i>
                        <i>-0.10482 0.940076 0.324452 -0.948928 0.00307491 -0.315477 -0.29757 -0.34095 0.891743 -0.356446 2.40041 3.84777</i>
                        <i>-0.0969992 0.950378 0.295589 -0.948894 0.0013086 -0.315593 -0.300319 -0.311094 0.901681 -0.357757 2.39493 3.85226</i>
                        <i>-0.0915697 0.956962 0.275387 -0.948868 4.72228e-005 -0.315675 -0.302102 -0.290212 0.908026 -0.358709 2.40449 3.85547</i>
                        <i>-0.0914587 0.956021 0.278673 -0.948892 0.001218 -0.315599 -0.302058 -0.293295 0.907049 -0.358546 2.40686 3.85466</i>
                        <i>-0.0924161 0.952203 0.291152 -0.948951 0.00433649 -0.315394 -0.301582 -0.305436 0.903193 -0.35821 2.40219 3.85257</i>
                        <i>-0.0922978 0.949402 0.300196 -0.949 0.00740278 -0.31519 -0.301464 -0.313978 0.900299 -0.358292 2.40503 3.85131</i>
                        <i>-0.0911061 0.949616 0.299881 -0.949015 0.0084633 -0.315119 -0.30178 -0.3133 0.900429 -0.358556 2.4112 3.85137</i>
                        <i>-0.0882075 0.953488 0.288236 -0.949001 0.00748677 -0.315184 -0.302682 -0.301338 0.904201 -0.359077 2.4185 3.85328</i>
                        <i>-0.0833688 0.959648 0.268563 -0.948975 0.00579618 -0.315297 -0.304131 -0.281146 0.910199 -0.360002 2.42861 3.85661</i>
                        <i>-0.0778378 0.966208 0.24573 -0.948941 0.00377492 -0.315431 -0.3057 -0.257736 0.916581 -0.361053 2.43895 3.86041</i>
                        <i>-0.0730115 0.971501 0.225512 -0.948906 0.00193477 -0.315552 -0.306995 -0.237029 0.921722 -0.361949 2.44699 3.8637</i>
                        <i>-0.0703234 0.97427 0.214133 -0.948885 0.00087845 -0.315621 -0.307688 -0.225383 0.924408 -0.362413 2.45022 3.86546</i>
                        <i>-0.0671802 0.972706 0.222102 -0.966564 -0.00823571 -0.256293 -0.247469 -0.231893 0.940736 -0.362537 2.44659 3.86423</i>
                        <i>-0.058173 0.967279 0.246957 -0.993304 -0.0313494 -0.111192 -0.0998121 -0.251772 0.962626 -0.362998 2.43784 3.86046</i>
                        <i>-0.0423257 0.960545 0.274885 -0.995955 -0.0623917 0.0646657 0.0792649 -0.271036 0.9593 -0.364193 2.4271 3.85604</i>
                        <i>-0.0251729 0.955113 0.295169 -0.973463 -0.0906009 0.210148 0.227458 -0.282046 0.932048 -0.365703 2.41754 3.85267</i>
                        <i>-0.0170782 0.952781 0.303177 -0.957414 -0.102988 0.269724 0.288212 -0.28566 0.913965 -0.366441 2.41246 3.85141</i>
                    </KeyFrames>
                </p>
            </i>
            <i>
                <p>
                    <Name><![CDATA[head]]></Name>
                    <Exclude>0</Exclude>
                    <Additive>0</Additive>
                    <IKPriority>0</IKPriority>
                    <IKRotLimits>-1e+010 -1e+010 -1e+010 1e+010 1e+010 1e+010</IKRotLimits>
                    <IKRotLimitOrder>0</IKRotLimitOrder>
                    <KeyFrames count="60">
                        <i>0.262663 0.933031 0.245888 -0.475258 0.346883 -0.80858 -0.839725 0.0955244 0.534544 -0.374166 2.65878 3.92517</i>
                        <i>0.280836 0.918304 0.279013 -0.465625 0.384571 -0.797056 -0.83924 0.0939269 0.535587 -0.373742 2.64723 3.9253</i>
                        <i>0.294049 0.905459 0.306072 -0.459336 0.414698 -0.785516 -0.83818 0.0903904 0.537851 -0.373187 2.64053 3.92645</i>
                        <i>0.284364 0.912501 0.294075 -0.467284 0.399755 -0.78857 -0.837128 0.0868241 0.540073 -0.372957 2.6524 3.92847</i>
                        <i>0.272598 0.921567 0.276414 -0.475082 0.378756 -0.794255 -0.836653 0.0851934 0.541068 -0.372961 2.66305 3.92967</i>
                        <i>0.283922 0.913066 0.292743 -0.467309 0.398361 -0.78926 -0.837264 0.0872869 0.539788 -0.373009 2.64829 3.92827</i>
                        <i>0.295026 0.904147 0.308995 -0.459262 0.417769 -0.783931 -0.837877 0.0893704 0.538493 -0.373056 2.63432 3.92686</i>
                        <i>0.283354 0.913791 0.291027 -0.467341 0.396564 -0.790145 -0.837438 0.0878819 0.53942 -0.373085 2.64889 3.92803</i>
                        <i>0.271461 0.922936 0.272943 -0.47512 0.375134 -0.795949 -0.837001 0.0863883 0.54034 -0.373113 2.66348 3.9292</i>
                        <i>0.281832 0.915715 0.286421 -0.46742 0.39174 -0.792501 -0.837908 0.0894729 0.538429 -0.373289 2.64982 3.92739</i>
                        <i>0.291986 0.908192 0.299886 -0.459482 0.408197 -0.788829 -0.838821 0.0925354 0.536485 -0.373464 2.63517 3.92558</i>
                        <i>0.277437 0.921122 0.273062 -0.467601 0.377746 -0.79916 -0.839272 0.0940326 0.535519 -0.373877 2.64429 3.92553</i>
                        <i>0.262663 0.933031 0.245888 -0.475258 0.346883 -0.80858 -0.839725 0.0955244 0.534544 -0.374289 2.65716 3.92549</i>
                        <i>0.275989 0.922856 0.268639 -0.467645 0.373111 -0.801309 -0.839725 0.0955244 0.534544 -0.37407 2.65909 3.92492</i>
                        <i>0.289094 0.911944 0.291176 -0.459659 0.399041 -0.793397 -0.839725 0.0955244 0.534544 -0.373851 2.65798 3.92435</i>
                        <i>0.275989 0.922856 0.268639 -0.467645 0.373111 -0.801309 -0.839725 0.0955244 0.534544 -0.37407 2.65674 3.92492</i>
                        <i>0.262663 0.933031 0.245888 -0.475258 0.346883 -0.80858 -0.839725 0.0955244 0.534544 -0.374289 2.65533 3.92549</i>
                        <i>0.275989 0.922856 0.268639 -0.467645 0.373111 -0.801309 -0.839725 0.0955244 0.534544 -0.37407 2.65094 3.92492</i>
                        <i>0.289094 0.911943 0.291176 -0.459659 0.399041 -0.793397 -0.839725 0.0955243 0.534544 -0.373851 2.6498 3.92435</i>
                        <i>0.282388 0.917643 0.279623 -0.463809 0.385755 -0.797542 -0.839725 0.0955244 0.534544 -0.373962 2.65752 3.92464</i>
