<?xml version="1.0" encoding="ISO-8859-1" ?>
<Animl Version="1">
    <ModellingPackage>
        <![CDATA[Maya.2010]]>
</ModellingPackage>
    <SrcFile>
        <![CDATA[anims\turrets\artillery\blue\~src\artillery_m102\artillery_m102_aim_high_crewman_c.mb]]>
</SrcFile>
    <FramesPerSecond>30</FramesPerSecond>
    <TotalFrames>30</TotalFrames>
    <Skeleton>
        <RefFrame>
            <Name>
                <![CDATA[soldier_ref_frame]]>
</Name>
            <Exclude>0</Exclude>
            <Additive>0</Additive>
            <IKPriority>0</IKPriority>
            <IKRotLimits>-1e+010 -1e+010 -1e+010 1e+010 1e+010 1e+010</IKRotLimits>
            <IKRotLimitOrder>0</IKRotLimitOrder>
            <KeyFrames count="30">
                <i>1 0 0 0 1 0 0 0 1 -2.69 1.33 -1.56</i>
                <i>1 0 0 0 1 0 0 0 1 -2.69 1.33 -1.56</i>
                <i>1 0 0 0 1 0 0 0 1 -2.69 1.33 -1.56</i>
                <i>1 0 0 0 1 0 0 0 1 -2.69 1.33 -1.56</i>
                <i>1 0 0 0 1 0 0 0 1 -2.69 1.33 -1.56</i>
                <i>1 0 0 0 1 0 0 0 1 -2.69 1.33 -1.56</i>
                <i>1 0 0 0 1 0 0 0 1 -2.69 1.33 -1.56</i>
                <i>1 0 0 0 1 0 0 0 1 -2.69 1.33 -1.56</i>
                <i>1 0 0 0 1 0 0 0 1 -2.69 1.33 -1.56</i>
                <i>1 0 0 0 1 0 0 0 1 -2.69 1.33 -1.56</i>
                <i>1 0 0 0 1 0 0 0 1 -2.69 1.33 -1.56</i>
                <i>1 0 0 0 1 0 0 0 1 -2.69 1.33 -1.56</i>
                <i>1 0 0 0 1 0 0 0 1 -2.69 1.33 -1.56</i>
                <i>1 0 0 0 1 0 0 0 1 -2.69 1.33 -1.56</i>
                <i>1 0 0 0 1 0 0 0 1 -2.69 1.33 -1.56</i>
                <i>1 0 0 0 1 0 0 0 1 -2.69 1.33 -1.56</i>
                <i>1 0 0 0 1 0 0 0 1 -2.69 1.33 -1.56</i>
                <i>1 0 0 0 1 0 0 0 1 -2.69 1.33 -1.56</i>
                <i>1 0 0 0 1 0 0 0 1 -2.69 1.33 -1.56</i>
                <i>1 0 0 0 1 0 0 0 1 -2.69 1.33 -1.56</i>
                <i>1 0 0 0 1 0 0 0 1 -2.69 1.33 -1.56</i>
                <i>1 0 0 0 1 0 0 0 1 -2.69 1.33 -1.56</i>
                <i>1 0 0 0 1 0 0 0 1 -2.69 1.33 -1.56</i>
                <i>1 0 0 0 1 0 0 0 1 -2.69 1.33 -1.56</i>
                <i>1 0 0 0 1 0 0 0 1 -2.69 1.33 -1.56</i>
                <i>1 0 0 0 1 0 0 0 1 -2.69 1.33 -1.56</i>
                <i>1 0 0 0 1 0 0 0 1 -2.69 1.33 -1.56</i>
                <i>1 0 0 0 1 0 0 0 1 -2.69 1.33 -1.56</i>
                <i>1 0 0 0 1 0 0 0 1 -2.69 1.33 -1.56</i>
                <i>1 0 0 0 1 0 0 0 1 -2.69 1.33 -1.56</i>
            </KeyFrames>
        </RefFrame>
        <Bones count="23">
            <i>
                <p>
                    <Name>
                        <![CDATA[pelvis]]>
</Name>
                    <Exclude>0</Exclude>
                    <Additive>0</Additive>
                    <IKPriority>0</IKPriority>
                    <IKRotLimits>-1e+010 -1e+010 -1e+010 1e+010 1e+010 1e+010</IKRotLimits>
                    <IKRotLimitOrder>2</IKRotLimitOrder>
                    <KeyFrames count="30">
                        <i>1 0 0 0 1 0 0 0 1 -2.69454 2.42474 -1.52346</i>
                        <i>1 0 0 0 1 0 0 0 1 -2.69454 2.42448 -1.52346</i>
                        <i>1 0 0 0 1 0 0 0 1 -2.69454 2.42376 -1.52346</i>
                        <i>1 0 0 0 1 0 0 0 1 -2.69454 2.42265 -1.52346</i>
                        <i>1 0 0 0 1 0 0 0 1 -2.69454 2.42121 -1.52346</i>
                        <i>1 0 0 0 1 0 0 0 1 -2.69454 2.41951 -1.52346</i>
                        <i>1 0 0 0 1 0 0 0 1 -2.69454 2.41762 -1.52346</i>
                        <i>1 0 0 0 1 0 0 0 1 -2.69454 2.4156 -1.52346</i>
                        <i>1 0 0 0 1 0 0 0 1 -2.69454 2.41351 -1.52346</i>
                        <i>1 0 0 0 1 0 0 0 1 -2.69454 2.41142 -1.52346</i>
                        <i>1 0 0 0 1 0 0 0 1 -2.69454 2.40939 -1.52346</i>
                        <i>1 0 0 0 1 0 0 0 1 -2.69454 2.4075 -1.52346</i>
                        <i>1 0 0 0 1 0 0 0 1 -2.69454 2.40581 -1.52346</i>
                        <i>1 0 0 0 1 0 0 0 1 -2.69454 2.40438 -1.52346</i>
                        <i>1 0 0 0 1 0 0 0 1 -2.69454 2.40327 -1.52346</i>
                        <i>1 0 0 0 1 0 0 0 1 -2.69454 2.40256 -1.52346</i>
                        <i>1 0 0 0 1 0 0 0 1 -2.69454 2.40231 -1.52346</i>
                        <i>1 0 0 0 1 0 0 0 1 -2.69454 2.40269 -1.52346</i>
                        <i>1 0 0 0 1 0 0 0 1 -2.69454 2.40374 -1.52346</i>
                        <i>1 0 0 0 1 0 0 0 1 -2.69454 2.40535 -1.52346</i>
                        <i>1 0 0 0 1 0 0 0 1 -2.69454 2.40738 -1.52346</i>
                        <i>1 0 0 0 1 0 0 0 1 -2.69454 2.40972 -1.52346</i>
                        <i>1 0 0 0 1 0 0 0 1 -2.69454 2.41225 -1.52346</i>
                        <i>1 0 0 0 1 0 0 0 1 -2.69454 2.41483 -1.52346</i>
                        <i>1 0 0 0 1 0 0 0 1 -2.69454 2.41736 -1.52346</i>
                        <i>1 0 0 0 1 0 0 0 1 -2.69454 2.4197 -1.52346</i>
                        <i>1 0 0 0 1 0 0 0 1 -2.69454 2.42173 -1.52346</i>
                        <i>1 0 0 0 1 0 0 0 1 -2.69454 2.42333 -1.52346</i>
                        <i>1 0 0 0 1 0 0 0 1 -2.69454 2.42437 -1.52346</i>
                        <i>1 0 0 0 1 0 0 0 1 -2.69454 2.42474 -1.52346</i>
                    </KeyFrames>
                </p>
            </i>
            <i>
                <p>
                    <Name>
                        <![CDATA[spine0]]>
</Name>
                    <Exclude>0</Exclude>
                    <Additive>0</Additive>
                    <IKPriority>0</IKPriority>
                    <IKRotLimits>-1e+010 -1e+010 -1e+010 1e+010 1e+010 1e+010</IKRotLimits>
                    <IKRotLimitOrder>0</IKRotLimitOrder>
                    <KeyFrames count="30">
                        <i>-0.00704003 0.999819 0.0176594 -0.991727 -0.00924445 0.128034 0.128174 -0.0166119 0.991613 -2.70543 2.56159 -1.56645</i>
                        <i>-0.0067773 0.999783 0.019712 -0.991699 -0.00925104 0.128246 0.1284 -0.0186793 0.991546 -2.70532 2.56165 -1.56547</i>
                        <i>-0.00648656 0.999738 0.0219709 -0.991668 -0.00925799 0.12849 0.12866 -0.0209544 0.991467 -2.70519 2.56128 -1.56433</i>
                        <i>-0.00618445 0.999686 0.0243022 -0.991634 -0.00926455 0.128751 0.128936 -0.0233027 0.991379 -2.70505 2.56054 -1.56312</i>
                        <i>-0.00588843 0.99963 0.0265699 -0.9916 -0.00927024 0.129012 0.12921 -0.0255871 0.991287 -2.70491 2.55945 -1.56191</i>
                        <i>-0.00561674 0.999574 0.0286362 -0.991568 -0.00927474 0.129257 0.129467 -0.0276687 0.991198 -2.70477 2.55808 -1.56077</i>
                        <i>-0.00538821 0.999524 0.0303623 -0.99154 -0.00927803 0.12947 0.12969 -0.0294078 0.991118 -2.70466 2.55645 -1.55977</i>
                        <i>-0.00522204 0.999487 0.0316095 -0.991518 -0.0092802 0.129635 0.129861 -0.0306645 0.991058 -2.70457 2.55464 -1.559</i>
                        <i>-0.00513752 0.999467 0.0322399 -0.991505 -0.00928148 0.129735 0.129965 -0.0312996 0.991024 -2.70451 2.55267 -1.55853</i>
                        <i>-0.00515364 0.999471 0.0321167 -0.991503 -0.00928207 0.129755 0.129985 -0.0311751 0.991026 -2.7045 2.5506 -1.55844</i>
                        <i>-0.00525287 0.999494 0.0313736 -0.99151 -0.00928216 0.129701 0.129926 -0.0304259 0.991057 -2.70453 2.54852 -1.55869</i>
                        <i>-0.00542301 0.999532 0.0300994 -0.991524 -0.00928211 0.129595 0.129813 -0.0291415 0.99111 -2.70459 2.54649 -1.55919</i>
                        <i>-0.00566998 0.999585 0.0282442 -0.991543 -0.00928193 0.129444 0.129653 -0.0272714 0.991184 -2.70467 2.54461 -1.55989</i>
                        <i>-0.00597562 0.999646 0.025939 -0.991567 -0.00928136 0.129259 0.129454 -0.0249478 0.991272 -2.70477 2.54294 -1.56076</i>
                        <i>-0.00632194 0.999708 0.0233144 -0.991595 -0.00928016 0.129047 0.129225 -0.0223027 0.991364 -2.70489 2.54156 -1.56174</i>
                        <i>-0.00669134 0.999767 0.0204997 -0.991625 -0.00927814 0.128816 0.128976 -0.0194661 0.991457 -2.70501 2.54054 -1.56282</i>
                        <i>-0.00706687 0.99982 0.0176211 -0.991656 -0.0092752 0.128575 0.128715 -0.0165654 0.991543 -2.70514 2.53995 -1.56394</i>
                        <i>-0.00743239 0.999863 0.0148011 -0.991688 -0.00927132 0.128331 0.128451 -0.0137243 0.991621 -2.70527 2.53998 -1.56507</i>
                        <i>-0.00777258 0.999896 0.0121583 -0.991719 -0.00926658 0.128094 0.128193 -0.011062 0.991688 -2.7054 2.54069 -1.56617</i>
                        <i>-0.00807298 0.999919 0.0098071 -0.991748 -0.00926114 0.127871 0.127952 -0.00869387 0.991742 -2.70552 2.54196 -1.5672</i>
                        <i>-0.00831972 0.999934 0.00785904 -0.991773 -0.00925525 0.127671 0.127735 -0.00673221 0.991786 -2.70563 2.54369 -1.56812</i>
                        <i>-0.00849931 0.999943 0.00642421 -0.991795 -0.00924919 0.127501 0.127553 -0.00528784 0.991818 -2.70572 2.54576 -1.5689</i>
                        <i>-0.00858071 0.999947 0.00574802 -0.991811 -0.00924311 0.127377 0.127423 -0.00460796 0.991838 -2.70578 2.54809 -1.56947</i>
                        <i>-0.00855364 0.999946 0.00591621 -0.99182 -0.00923736 0.127308 0.127356 -0.00477886 0.991846 -2.70582 2.55056 -1.56979</i>
                        <i>-0.00843519 0.999941 0.00680243 -0.991822 -0.00923266 0.127295 0.12735 -0.00567304 0.991842 -2.70582 2.55307 -1.56985</i>
                        <i>-0.00824189 0.999932 0.00828238 -0.991817 -0.00922971 0.127335 0.127403 -0.00716512 0.991825 -2.7058 2.55547 -1.56966</i>
                        <i>-0.00798989 0.999916 0.0102325 -0.991805 -0.00922911 0.12743 0.127514 -0.00913044 0.991795 -2.70575 2.55765 -1.56923</i>
                        <i>-0.0076951 0.999892 0.0125288 -0.991786 -0.00923128 0.127578 0.12768 -0.0114441 0.991749 -2.70568 2.55948 -1.56855</i>
                        <i>-0.00737327 0.99986 0.0150464 -0.99176 -0.00923644 0.12778 0.127901 -0.0139803 0.991688 -2.70557 2.56084 -1.56762</i>
                        <i>-0.00704003 0.999819 0.0176594 -0.991727 -0.00924445 0.128034 0.128174 -0.0166119 0.991613 -2.70543 2.56159 -1.56645</i>
                    </KeyFrames>
                </p>
            </i>
            <i>
                <p>
                    <Name>
                        <![CDATA[spine1]]>
</Name>
                    <Exclude>0</Exclude>
                    <Additive>0</Additive>
                    <IKPriority>0</IKPriority>
                    <IKRotLimits>-1e+010 -1e+010 -1e+010 1e+010 1e+010 1e+010</IKRotLimits>
                    <IKRotLimitOrder>0</IKRotLimitOrder>
                    <KeyFrames count="30">
                        <i>0.0469398 0.987625 0.149646 -0.990864 0.027075 0.132118 0.126432 -0.154481 0.979873 -2.70666 2.73546 -1.56339</i>
                        <i>0.0460976 0.988718 0.142521 -0.990844 0.0271322 0.132258 0.126898 -0.147313 0.980916 -2.7065 2.73523 -1.56206</i>
                        <i>0.0451948 0.989833 0.134866 -0.990817 0.027194 0.132445 0.127431 -0.139613 0.981972 -2.70631 2.73456 -1.56054</i>
                        <i>0.044272 0.990908 0.127046 -0.990786 0.0272575 0.132663 0.127994 -0.131749 0.982985 -2.70612 2.73351 -1.55893</i>
                        <i>0.0433716 0.991894 0.119435 -0.990754 0.0273198 0.132894 0.128554 -0.124094 0.983908 -2.70592 2.73213 -1.55733</i>
                        <i>0.0425383 0.992751 0.112413 -0.990721 0.0273776 0.133121 0.129079 -0.117032 0.984704 -2.70574 2.7305 -1.55584</i>
                        <i>0.0418183 0.993447 0.106367 -0.990693 0.0274272 0.133326 0.129535 -0.110953 0.985348 -2.70558 2.72867 -1.55455</i>
                        <i>0.0412588 0.99396 0.101691 -0.990669 0.0274649 0.133491 0.129892 -0.10625 0.985819 -2.70546 2.72669 -1.55357</i>
                        <i>0.0409078 0.994268 0.0987773 -0.990654 0.0274866 0.133597 0.130116 -0.103319 0.986101 -2.70539 2.72464 -1.55299</i>
                        <i>0.0408122 0.994348 0.0980155 -0.99065 0.0274885 0.133627 0.130178 -0.102553 0.986173 -2.70539 2.72256 -1.55292</i>
                        <i>0.0410022 0.994181 0.0996161 -0.990655 0.0274707 0.133595 0.130081 -0.104163 0.986017 -2.70543 2.72054 -1.5533</i>
                        <i>0.0414341 0.993797 0.103204 -0.990664 0.027436 0.133537 0.129877 -0.107773 0.985656 -2.70552 2.71864 -1.55401</i>
                        <i>0.0420531 0.993222 0.108355 -0.990676 0.0273855 0.133461 0.129589 -0.112957 0.985113 -2.70565 2.71694 -1.55503</i>
                        <i>0.0428169 0.992474 0.114727 -0.99069 0.0273227 0.13337 0.129232 -0.119369 0.984403 -2.7058 2.7155 -1.55628</i>
                        <i>0.043683 0.991571 0.12198 -0.990706 0.0272511 0.133264 0.128816 -0.126668 0.983545 -2.70598 2.71439 -1.55772</i>
                        <i>0.0446099 0.990539 0.129777 -0.990724 0.0271742 0.133144 0.128358 -0.134513 0.982563 -2.70617 2.71368 -1.55928</i>
                        <i>0.0455569 0.989414 0.137782 -0.990744 0.0270955 0.133011 0.12787 -0.142566 0.981491 -2.70637 2.71342 -1.5609</i>
                        <i>0.0464847 0.988241 0.145668 -0.990765 0.0270186 0.132868 0.12737 -0.150499 0.980371 -2.70657 2.71379 -1.56251</i>
                        <i>0.047355 0.987074 0.15311 -0.990788 0.0269471 0.132715 0.126874 -0.157984 0.979257 -2.70676 2.71483 -1.56407</i>
                        <i>0.0481309 0.985977 0.159792 -0.990811 0.0268845 0.132554 0.1264 -0.164704 0.978211 -2.70693 2.71641 -1.5655</i>
                        <i>0.0487765 0.985019 0.165402 -0.990835 0.0268343 0.132387 0.125966 -0.170344 0.9773 -2.70708 2.71841 -1.56677</i>
                        <i>0.0492567 0.984276 0.169632 -0.990859 0.0267997 0.132216 0.125591 -0.174594 0.976598 -2.70721 2.7207 -1.5678</i>
                        <i>0.0495625 0.983788 0.172352 -0.99088 0.0267846 0.132056 0.125299 -0.177325 0.976143 -2.70729 2.72317 -1.56849</i>
                        <i>0.0497069 0.983556 0.173627 -0.990897 0.0267889 0.131927 0.125107 -0.178604 0.975935 -2.70732 2.72569 -1.56877</i>
                        <i>0.0496869 0.98359 0.17344 -0.990909 0.0268097 0.131835 0.125022 -0.178414 0.975981 -2.7073 2.72815 -1.56868</i>
                        <i>0.0494984 0.983893 0.17177 -0.990915 0.0268444 0.131785 0.125051 -0.176733 0.976283 -2.70725 2.73043 -1.56823</i>
                        <i>0.0491361 0.984461 0.16859 -0.990914 0.0268903 0.131782 0.125201 -0.173534 0.976837 -2.70715 2.73242 -1.56746</i>
                        <i>0.0485939 0.985285 0.163868 -0.990906 0.0269452 0.131833 0.125477 -0.168784 0.977634 -2.70702 2.734 -1.56638</i>
                        <i>0.0478645 0.986348 0.157568 -0.990889 0.0270072 0.131943 0.125886 -0.162447 0.978654 -2.70686 2.73505 -1.56502</i>
                        <i>0.0469398 0.987625 0.149646 -0.990864 0.027075 0.132118 0.126432 -0.154481 0.979873 -2.70666 2.73546 -1.56339</i>
                    </KeyFrames>
                </p>
            </i>
            <i>
                <p>
                    <Name>
                        <![CDATA[spine2]]>
</Name>
                    <Exclude>0</Exclude>
                    <Additive>0</Additive>
                    <IKPriority>0</IKPriority>
                    <IKRotLimits>-1e+010 -1e+010 -1e+010 1e+010 1e+010 1e+010</IKRotLimits>
                    <IKRotLimitOrder>0</IKRotLimitOrder>
                    <KeyFrames count="30">
                        <i>0.0659482 0.931673 0.357262 -0.990829 0.0188272 0.133803 0.117934 -0.36281 0.92437 -2.69914 2.89357 -1.53939</i>
                        <i>0.064866 0.935068 0.348483 -0.990845 0.0189194 0.133669 0.118396 -0.353963 0.927735 -2.69912 2.89327 -1.53924</i>
                        <i>0.0638085 0.938318 0.339836 -0.99086 0.0190127 0.133551 0.118852 -0.345251 0.930954 -2.69909 2.89251 -1.53898</i>
                        <i>0.0628031 0.941337 0.331574 -0.990871 0.019102 0.13345 0.119287 -0.336928 0.933943 -2.69906 2.89138 -1.53866</i>
                        <i>0.0618798 0.944044 0.323964 -0.990881 0.0191835 0.133365 0.119688 -0.329262 0.936622 -2.69902 2.88992 -1.53831</i>
                        <i>0.0610706 0.946363 0.317282 -0.990889 0.0192537 0.133298 0.12004 -0.322532 0.938916 -2.69898 2.88821 -1.53796</i>
                        <i>0.0604094 0.948221 0.311813 -0.990894 0.0193102 0.13325 0.120329 -0.317023 0.940753 -2.69894 2.88631 -1.53766</i>
                        <i>0.0599311 0.949547 0.307846 -0.990898 0.0193508 0.13322 0.120541 -0.313028 0.942063 -2.69892 2.88429 -1.53743</i>
                        <i>0.0596711 0.950267 0.305668 -0.990898 0.0193735 0.13321 0.120663 -0.310835 0.942774 -2.69891 2.88221 -1.53733</i>
                        <i>0.0596633 0.950301 0.305562 -0.990897 0.019376 0.13322 0.120679 -0.310729 0.942806 -2.69891 2.88014 -1.53738</i>
                        <i>0.0599621 0.949518 0.307929 -0.990892 0.0193581 0.133262 0.120573 -0.313115 0.94203 -2.69893 2.87813 -1.5375</i>
                        <i>0.0606029 0.947818 0.312998 -0.990881 0.0193206 0.133349 0.120343 -0.318225 0.940346 -2.69894 2.87628 -1.53763</i>
                        <i>0.061552 0.945247 0.320499 -0.990864 0.0192639 0.133481 0.119998 -0.325787 0.937797 -2.69897 2.87463 -1.53781</i>
                        <i>0.0627303 0.941955 0.329827 -0.990843 0.0191896 0.133646 0.119559 -0.335191 0.934533 -2.69899 2.87327 -1.53803</i>
                        <i>0.0640599 0.938103 0.340381 -0.99082 0.0191001 0.133832 0.119047 -0.34583 0.930714 -2.69902 2.87224 -1.53828</i>
                        <i>0.065464 0.93387 0.351569 -0.990796 0.0189981 0.134027 0.118485 -0.357107 0.926518 -2.69905 2.87162 -1.53856</i>
                        <i>0.0668685 0.92946 0.362811 -0.990772 0.0188877 0.134219 0.117898 -0.368438 0.922146 -2.69908 2.87147 -1.53885</i>
                        <i>0.068202 0.9251 0.373548 -0.99075 0.0187737 0.134396 0.117317 -0.379259 0.917823 -2.69912 2.87194 -1.53916</i>
                        <i>0.0693962 0.921039 0.383238 -0.990731 0.0186621 0.134549 0.116773 -0.389023 0.913797 -2.69915 2.87308 -1.53947</i>
                        <i>0.0703858 0.917543 0.391357 -0.990717 0.0185597 0.134667 0.1163 -0.397203 0.910332 -2.69919 2.87476 -1.53979</i>
                        <i>0.0711075 0.914888 0.397397 -0.990709 0.0184737 0.134741 0.115931 -0.403285 0.907701 -2.69923 2.87684 -1.54011</i>
                        <i>0.0714994 0.913348 0.400853 -0.990707 0.0184115 0.13476 0.115702 -0.406764 0.906177 -2.69926 2.8792 -1.54042</i>
                        <i>0.0715493 0.913021 0.401589 -0.990713 0.0183794 0.134725 0.115626 -0.407499 0.905856 -2.69929 2.8817 -1.54065</i>
                        <i>0.0713134 0.913736 0.400002 -0.990723 0.0183775 0.134648 0.115682 -0.405893 0.90657 -2.69929 2.88422 -1.54072</i>
                        <i>0.0708305 0.91535 0.396381 -0.990737 0.0184032 0.13454 0.115856 -0.402239 0.908175 -2.69928 2.88665 -1.54067</i>
                        <i>0.0701372 0.917713 0.391004 -0.990754 0.0184534 0.134407 0.116132 -0.396816 0.910522 -2.69926 2.88888 -1.54051</i>
                        <i>0.0692686 0.920673 0.38414 -0.990773 0.0185247 0.134259 0.116492 -0.389896 0.913461 -2.69924 2.8908 -1.54028</i>
                        <i>0.0682586 0.924081 0.376053 -0.990793 0.0186134 0.134103 0.116922 -0.381744 0.916843 -2.6992 2.8923 -1.54</i>
                        <i>0.0671407 0.927793 0.367005 -0.990812 0.0187155 0.133948 0.117407 -0.372627 0.920524 -2.69917 2.89326 -1.5397</i>
                        <i>0.0659482 0.931673 0.357262 -0.990829 0.0188272 0.133803 0.117934 -0.36281 0.92437 -2.69914 2.89357 -1.53939</i>
                    </KeyFrames>
                </p>
            </i>
            <i>
                <p>
                    <Name>
                        <![CDATA[head]]>
</Name>
                    <Exclude>0</Exclude>
                    <Additive>0</Additive>
                    <IKPriority>0</IKPriority>
                    <IKRotLimits>-1e+010 -1e+010 -1e+010 1e+010 1e+010 1e+010</IKRotLimits>
                    <IKRotLimitOrder>0</IKRotLimitOrder>
                    <KeyFrames count="30">
                        <i>0.0307108 0.971877 0.233476 -0.126747 0.235487 -0.963577 -0.99146 4.54662e-009 0.130414 -2.68521 3.13765 -1.45248</i>
                        <i>0.031996 0.969437 0.243246 -0.126428 0.245342 -0.961157 -0.99146 -2.03933e-009 0.130414 -2.68547 3.13793 -1.45448</i>
                        <i>0.0323933 0.968661 0.246266 -0.126327 0.248388 -0.960388 -0.99146 1.27837e-009 0.130414 -2.6857 3.13768 -1.45626</i>
                        <i>0.0320199 0.96939 0.243428 -0.126422 0.245525 -0.961111 -0.99146 -1.55166e-009 0.130414 -2.68591 3.13696 -1.4578</i>
                        <i>0.0309898 0.971357 0.235597 -0.126679 0.237626 -0.963061 -0.99146 1.74435e-009 0.130414 -2.68608 3.13586 -1.45911</i>
                        <i>0.0294148 0.974232 0.223623 -0.127054 0.225549 -0.965911 -0.99146 -1.16626e-009 0.130414 -2.68622 3.13442 -1.46017</i>
                        <i>0.0274066 0.977669 0.208356 -0.127502 0.210151 -0.969319 -0.99146 6.95117e-010 0.130414 -2.68633 3.13272 -1.46098</i>
                        <i>0.025078 0.981337 0.190653 -0.12798 0.192295 -0.972956 -0.99146 2.95696e-009 0.130414 -2.6864 3.13083 -1.46153</i>
                        <i>0.0225433 0.984947 0.171383 -0.128451 0.17286 -0.976535 -0.99146 -1.90838e-009 0.130414 -2.68643 3.1288 -1.46181</i>
                        <i>0.0199189 0.988267 0.151431 -0.128884 0.152735 -0.979827 -0.99146 3.72685e-010 0.130414 -2.68644 3.1267 -1.46181</i>
                        <i>0.0173842 0.991076 0.132161 -0.12925 0.1333 -0.982612 -0.99146 -6.05666e-010 0.130414 -2.68637 3.12456 -1.46134</i>
                        <i>0.0151568 0.993223 0.115228 -0.12953 0.11622 -0.984741 -0.99146 -3.99285e-010 0.130414 -2.68623 3.12238 -1.46021</i>
                        <i>0.013348 0.994748 0.101477 -0.129729 0.102351 -0.986253 -0.99146 1.22983e-009 0.130414 -2.686 3.12025 -1.45851</i>
                        <i>0.0119931 0.995763 0.0911761 -0.129861 0.0919615 -0.987258 -0.99146 -3.05274e-011 0.130414 -2.68572 3.11825 -1.45637</i>
                        <i>0.0111263 0.996354 0.0845865 -0.129939 0.0853151 -0.987845 -0.99146 -2.9435e-010 0.130414 -2.6854 3.11649 -1.45395</i>
                        <i>0.0107814 0.996577 0.0819648 -0.129968 0.0826709 -0.988066 -0.99146 -9.26401e-010 0.130414 -2.68506 3.11506 -1.45138</i>
                        <i>0.0109917 0.996442 0.0835635 -0.12995 0.0842833 -0.987932 -0.99146 1.04459e-009 0.130414 -2.68473 3.11408 -1.44882</i>
                        <i>0.0117897 0.995905 0.0896302 -0.12988 0.0904023 -0.9874 -0.99146 -2.11674e-009 0.130414 -2.68441 3.11374 -1.44641</i>
                        <i>0.0130578 0.994975 0.0992707 -0.129759 0.100126 -0.986477 -0.99146 -2.10372e-010 0.130414 -2.68413 3.11415 -1.4443</i>
                        <i>0.0145727 0.993737 0.110788 -0.129597 0.111742 -0.98525 -0.99146 -1.91837e-010 0.130414 -2.68391 3.11523 -1.44261</i>
                        <i>0.0162082 0.992247 0.123221 -0.129403 0.124283 -0.983773 -0.99146 1.38437e-009 0.130414 -2.68376 3.11691 -1.44149</i>
                        <i>0.0178386 0.990601 0.135616 -0.129188 0.136784 -0.982141 -0.99146 1.81818e-009 0.130414 -2.68371 3.11913 -1.44109</i>
                        <i>0.0194059 0.988867 0.147531 -0.128962 0.148802 -0.980422 -0.99146 -6.46151e-010 0.130414 -2.68374 3.12174 -1.44135</i>
                        <i>0.0209483 0.987015 0.159257 -0.128721 0.160629 -0.978585 -0.99146 4.56927e-010 0.130414 -2.68384 3.12458 -1.44208</i>
                        <i>0.0224843 0.985026 0.170935 -0.128461 0.172407 -0.976613 -0.99146 -2.32827e-009 0.130414 -2.68399 3.12748 -1.44322</i>
                        <i>0.0240325 0.982874 0.182705 -0.128181 0.184279 -0.97448 -0.99146 1.74626e-009 0.130414 -2.68418 3.1303 -1.44469</i>
                        <i>0.0256113 0.980527 0.194707 -0.127875 0.196385 -0.972153 -0.99146 4.14698e-010 0.130414 -2.68441 3.13287 -1.44642</i>
                        <i>0.0272387 0.977945 0.20708 -0.127538 0.208863 -0.969593 -0.99146 1.83673e-009 0.130414 -2.68466 3.13506 -1.44834</i>
                        <i>0.0289327 0.97508 0.219958 -0.127164 0.221853 -0.966753 -0.991459 -1.5086e-009 0.130414 -2.68493 3.1367 -1.45039</i>
                        <i>0.0307108 0.971877 0.233476 -0.126747 0.235487 -0.963577 -0.99146 4.54662e-009 0.130414 -2.68521 3.13765 -1.45248</i>
                    </KeyFrames>
                </p>
            </i>
            <i>
                <p>
                    <Name>
                        <![CDATA[head_prop]]>
</Name>
                    <Exclude>0</Exclude>
                    <Additive>0</Additive>
                    <IKPriority>0</IKPriority>
                    <IKRotLimits>-1e+010 -1e+010 -1e+010 1e+010 1e+010 1e+010</IKRotLimits>
                    <IKRotLimitOrder>0</IKRotLimitOrder>
                    <KeyFrames count="30">
                        <i>0.99146 -4.54662e-009 -0.130414 0.0307108 0.971877 0.233476 0.126747 -0.235487 0.963577 -2.6752 3.4544 -1.37639</i>
                        <i>0.99146 2.03933e-009 -0.130414 0.031996 0.969437 0.243246 0.126428 -0.245342 0.961157 -2.67504 3.45388 -1.3752</i>
                        <i>0.99146 -1.27837e-009 -0.130414 0.0323933 0.968661 0.246266 0.126327 -0.248388 0.960388 -2.67515 3.45337 -1.376</i>
                        <i>0.99146 1.55166e-009 -0.130414 0.0320199 0.96939 0.243428 0.126422 -0.245525 0.961111 -2.67547 3.4529 -1.37847</i>
                        <i>0.99146 -1.74435e-009 -0.130414 0.0309898 0.971357 0.235597 0.126679 -0.237626 0.963061 -2.67598 3.45243 -1.38233</i>
                        <i>0.99146 1.16626e-009 -0.130414 0.0294148 0.974232 0.223623 0.127054 -0.225549 0.965911 -2.67663 3.45193 -1.38729</i>
                        <i>0.99146 -6.95117e-010 -0.130414 0.0274066 0.977669 0.208356 0.127502 -0.210151 0.969319 -2.67739 3.45135 -1.39307</i>
                        <i>0.99146 -2.95696e-009 -0.130414 0.025078 0.981337 0.190653 0.12798 -0.192295 0.972956 -2.67822 3.45065 -1.39939</i>
                        <i>0.99146 1.90838e-009 -0.130414 0.0225433 0.984947 0.171383 0.128451 -0.17286 0.976535 -2.67909 3.4498 -1.40595</i>
                        <i>0.99146 -3.72685e-010 -0.130414 0.0199189 0.988267 0.151431 0.128884 -0.152735 0.979827 -2.67994 3.44879 -1.41246</i>
                        <i>0.99146 6.05666e-010 -0.130414 0.0173842 0.991076 0.132161 0.12925 -0.1333 0.982612 -2.68071 3.44756 -1.41827</i>
                        <i>0.99146 3.99285e-010 -0.130414 0.0151568 0.993223 0.115228 0.12953 -0.11622 0.984741 -2.68129 3.44608 -1.42266</i>
                        <i>0.99146 -1.22983e-009 -0.130414 0.013348 0.994748 0.101477 0.129729 -0.102351 0.986253 -2.68165 3.44444 -1.42544</i>
                        <i>0.99146 3.05276e-011 -0.130414 0.0119931 0.995763 0.0911761 0.129861 -0.0919615 0.987258 -2.68181 3.44278 -1.42666</i>
                        <i>0.99146 2.9435e-010 -0.130414 0.0111263 0.996354 0.0845865 0.129939 -0.0853151 0.987845 -2.68177 3.44121 -1.42638</i>
                        <i>0.99146 9.26401e-010 -0.130414 0.0107814 0.996577 0.0819648 0.129968 -0.0826709 0.988066 -2.68155 3.43986 -1.42467</i>
                        <i>0.99146 -1.04459e-009 -0.130414 0.0109917 0.996442 0.0835635 0.12995 -0.0842833 0.987932 -2.68114 3.43882 -1.42159</i>
                        <i>0.99146 2.11674e-009 -0.130414 0.0117897 0.995905 0.0896302 0.12988 -0.0904023 0.9874 -2.68057 3.43831 -1.4172</i>
                        <i>0.99146 2.10372e-010 -0.130414 0.0130578 0.994975 0.0992707 0.129759 -0.100126 0.986477 -2.67988 3.43842 -1.41194</i>
                        <i>0.99146 1.91837e-010 -0.130414 0.0145727 0.993737 0.110788 0.129597 -0.111742 0.98525 -2.67916 3.4391 -1.4065</i>
                        <i>0.99146 -1.38437e-009 -0.130414 0.0162082 0.992247 0.123221 0.129403 -0.124283 0.983773 -2.67848 3.44029 -1.40133</i>
                        <i>0.99146 -1.81818e-009 -0.130414 0.0178386 0.990601 0.135616 0.129188 -0.136784 0.982141 -2.6779 3.44197 -1.39689</i>
                        <i>0.99146 6.46152e-010 -0.130414 0.0194059 0.988867 0.147531 0.128962 -0.148802 0.980422 -2.67742 3.44402 -1.39327</i>
                        <i>0.99146 -4.56926e-010 -0.130414 0.0209483 0.987015 0.159257 0.128721 -0.160629 0.978585 -2.67701 3.44625 -1.39018</i>
                        <i>0.99146 2.32827e-009 -0.130414 0.0224843 0.985026 0.170935 0.128461 -0.172407 0.976613 -2.67666 3.44851 -1.38751</i>
                        <i>0.99146 -1.74626e-009 -0.130414 0.0240325 0.982874 0.182705 0.128181 -0.184279 0.97448 -2.67635 3.45062 -1.38514</i>
                        <i>0.99146 -4.14698e-010 -0.130414 0.0256113 0.980527 0.194707 0.127875 -0.196385 0.972153 -2.67606 3.45243 -1.38296</i>
                        <i>0.99146 -1.83673e-009 -0.130414 0.0272387 0.977945 0.20708 0.127538 -0.208863 0.969593 -2.67579 3.45378 -1.38085</i>
                        <i>0.991459 1.5086e-009 -0.130414 0.0289327 0.97508 0.219958 0.127164 -0.221853 0.966753 -2.6755 3.45449 -1.3787</i>
                        <i>0.99146 -4.54662e-009 -0.130414 0.0307108 0.971877 0.233476 0.126747 -0.235487 0.963577 -2.6752 3.4544 -1.37639</i>
                    </KeyFrames>
                </p>
            </i>
            <i>
                <p>
                    <Name>
                        <![CDATA[l_clav]]>
</Name>
                    <Exclude>0</Exclude>
                    <Additive>0</Additive>
                    <IKPriority>0</IKPriority>
                    <IKRotLimits>-1e+010 -1e+010 -1e+010 1e+010 1e+010 1e+010</IKRotLimits>
                    <IKRotLimitOrder>0</IKRotLimitOrder>
                    <KeyFrames count="30">
                        <i>0.892713 0.425393 -0.148676 -0.384412 0.891059 0.241332 0.23514 -0.158288 0.958986 -2.60463 2.9399 -1.49954</i>
                        <i>0.889287 0.432 -0.150146 -0.392381 0.889333 0.234787 0.234958 -0.149878 0.960381 -2.60469 2.9399 -1.50002</i>
                        <i>0.885914 0.438454 -0.151373 -0.400059 0.887409 0.229037 0.234752 -0.142349 0.961576 -2.60475 2.93941 -1.50044</i>
                        <i>0.882742 0.444457 -0.152393 -0.407133 0.88545 0.224102 0.23454 -0.13578 0.962577 -2.6048 2.93851 -1.50081</i>
                        <i>0.87993 0.449713 -0.153238 -0.413289 0.883625 0.219998 0.234341 -0.130251 0.963389 -2.60484 2.93724 -1.50114</i>
                        <i>0.87764 0.453928 -0.153938 -0.418222 0.882108 0.21674 0.234175 -0.12584 0.964016 -2.60488 2.93568 -1.50142</i>
                        <i>0.876041 0.456809 -0.154523 -0.421625 0.881072 0.214346 0.234061 -0.122625 0.964458 -2.60491 2.9339 -1.50165</i>
                        <i>0.875297 0.458063 -0.155024 -0.423191 0.880689 0.21283 0.234018 -0.120684 0.964713 -2.60493 2.93195 -1.50184</i>
                        <i>0.875566 0.457394 -0.155483 -0.42261 0.881117 0.21221 0.234063 -0.120095 0.964776 -2.60495 2.9299 -1.50199</i>
                        <i>0.876986 0.454505 -0.155951 -0.419571 0.882497 0.212508 0.234212 -0.120934 0.964634 -2.60497 2.92782 -1.50209</i>
                        <i>0.87947 0.449608 -0.156159 -0.414209 0.884621 0.214189 0.234443 -0.12369 0.964229 -2.60496 2.92574 -1.50206</i>
                        <i>0.882818 0.443164 -0.155686 -0.406869 0.887096 0.217987 0.234713 -0.129099 0.963454 -2.60494 2.92371 -1.50187</i>
                        <i>0.886782 0.435599 -0.154502 -0.397991 0.889643 0.223918 0.23499 -0.137076 0.962284 -2.6049 2.9218 -1.50158</i>
                        <i>0.891091 0.427317 -0.152831 -0.38809 0.892078 0.231479 0.235252 -0.146957 0.96076 -2.60485 2.9201 -1.50122</i>
                        <i>0.895489 0.418732 -0.150873 -0.377688 0.894245 0.24016 0.235481 -0.158078 0.958937 -2.6048 2.9187 -1.50082</i>
                        <i>0.899745 0.410267 -0.148796 -0.367318 0.896023 0.249441 0.235662 -0.169778 0.95689 -2.60474 2.91768 -1.50039</i>
                        <i>0.903649 0.402355 -0.146726 -0.357522 0.897332 0.258792 0.235788 -0.181399 0.954724 -2.60469 2.91712 -1.49997</i>
                        <i>0.907015 0.395437 -0.144753 -0.348849 0.89814 0.267675 0.235857 -0.192288 0.952574 -2.60464 2.91721 -1.49957</i>
                        <i>0.909671 0.38996 -0.142933 -0.341853 0.898448 0.275549 0.235871 -0.201797 0.950601 -2.60459 2.91801 -1.49923</i>
                        <i>0.911455 0.386372 -0.141301 -0.337091 0.898286 0.281872 0.235837 -0.209283 0.94899 -2.60455 2.91942 -1.49895</i>
                        <i>0.912202 0.385121 -0.139889 -0.335118 0.897686 0.286104 0.235761 -0.214105 0.947932 -2.60453 2.92132 -1.49877</i>
                        <i>0.911985 0.385969 -0.138963 -0.335766 0.89694 0.287681 0.235678 -0.215702 0.947591 -2.60452 2.92362 -1.4987</i>
                        <i>0.911052 0.388234 -0.138776 -0.33833 0.896355 0.286496 0.23562 -0.21406 0.947977 -2.60452 2.92616 -1.49869</i>
                        <i>0.909506 0.391701 -0.139175 -0.342495 0.895847 0.283118 0.235577 -0.20983 0.948933 -2.60451 2.92882 -1.49865</i>
                        <i>0.907439 0.39615 -0.140074 -0.347961 0.895348 0.277985 0.235538 -0.203514 0.950318 -2.60451 2.93145 -1.49863</i>
                        <i>0.904943 0.401358 -0.141387 -0.35443 0.894789 0.271536 0.235495 -0.195613 0.951986 -2.60451 2.93394 -1.49864</i>
                        <i>0.902115 0.407104 -0.143021 -0.361604 0.894111 0.264211 0.235438 -0.186631 0.953802 -2.60452 2.93616 -1.49871</i>
                        <i>0.899058 0.413168 -0.144868 -0.369187 0.893273 0.256445 0.235361 -0.177076 0.955641 -2.60454 2.93797 -1.49887</i>
                        <i>0.895884 0.419334 -0.146802 -0.376887 0.892254 0.248675 0.235262 -0.167456 0.957398 -2.60458 2.93927 -1.49914</i>
                        <i>0.892713 0.425393 -0.148676 -0.384412 0.891059 0.241332 0.23514 -0.158288 0.958986 -2.60463 2.9399 -1.49954</i>
                    </KeyFrames>
                </p>
            </i>
            <i>
                <p>
                    <Name>
                        <![CDATA[l_shoulder]]>
</Name>
                    <Exclude>0</Exclude>
                    <Additive>0</Additive>
                    <IKPriority>0</IKPriority>
                    <IKRotLimits>-1e+010 -1e+010 -1e+010 1e+010 1e+010 1e+010</IKRotLimits>
                    <IKRotLimitOrder>0</IKRotLimitOrder>
                    <KeyFrames count="30">
                        <i>0.447758 -0.825337 -0.343993 0.888071 0.455285 0.0635993 0.104124 -0.333967 0.936816 -2.42825 3.02395 -1.52892</i>
                        <i>0.449517 -0.830748 -0.328318 0.887646 0.456606 0.0599629 0.100098 -0.318384 0.942662 -2.42899 3.02525 -1.52968</i>
                        <i>0.451142 -0.834897 -0.315305 0.887161 0.457961 0.0567238 0.097039 -0.305317 0.947294 -2.42971 3.02604 -1.53035</i>
                        <i>0.45259 -0.837736 -0.30555 0.886623 0.459341 0.0539042 0.0951942 -0.295304 0.950649 -2.43039 3.02632 -1.53092</i>
                        <i>0.453811 -0.839221 -0.299607 0.886041 0.460734 0.0515255 0.0947978 -0.288847 0.95267 -2.43099 3.0261 -1.53141</i>
                        <i>0.454755 -0.839318 -0.297899 0.885424 0.462129 0.0496097 0.0960293 -0.286327 0.953308 -2.43147 3.02537 -1.53183</i>
                        <i>0.455374 -0.838002 -0.300644 0.884781 0.463509 0.0481792 0.098977 -0.287944 0.952519 -2.43182 3.02415 -1.53218</i>
                        <i>0.455623 -0.835256 -0.307824 0.884121 0.464861 0.0472582 0.103623 -0.293685 0.950269 -2.43199 3.02245 -1.53247</i>
                        <i>0.45546 -0.831058 -0.319216 0.883452 0.466171 0.0468738 0.109855 -0.303362 0.946522 -2.43196 3.02027 -1.53271</i>
                        <i>0.454858 -0.825374 -0.334459 0.882779 0.467425 0.0470567 0.117495 -0.316658 0.941235 -2.43169 3.01762 -1.5329</i>
                        <i>0.453778 -0.818231 -0.352964 0.882156 0.468498 0.0480595 0.126039 -0.333178 0.934402 -2.4312 3.01457 -1.53291</i>
                        <i>0.452193 -0.809597 -0.374264 0.881658 0.469205 0.0502654 0.134912 -0.352703 0.925959 -2.43051 3.01127 -1.53263</i>
                        <i>0.450202 -0.799615 -0.39741 0.881292 0.469515 0.0536684 0.143676 -0.374396 0.916071 -2.42969 3.00786 -1.5321</i>
                        <i>0.447958 -0.788614 -0.421215 0.881035 0.469485 0.0579848 0.152026 -0.397079 0.905106 -2.42879 3.00453 -1.53142</i>
                        <i>0.445605 -0.776978 -0.444681 0.880863 0.469171 0.0629237 0.159741 -0.419742 0.893476 -2.42787 3.00143 -1.53063</i>
                        <i>0.443274 -0.765158 -0.466949 0.880758 0.468632 0.0681877 0.166653 -0.441495 0.881651 -2.42697 2.99874 -1.52979</i>
                        <i>0.441085 -0.753668 -0.487266 0.880706 0.467931 0.0734736 0.172632 -0.461546 0.870157 -2.42615 2.99662 -1.52896</i>
                        <i>0.439142 -0.743087 -0.504952 0.880695 0.467139 0.0784734 0.17757 -0.479169 0.859573 -2.42543 2.99534 -1.52817</i>
                        <i>0.437542 -0.734037 -0.519372 0.880717 0.466336 0.082876 0.181368 -0.493681 0.85052 -2.42486 2.99506 -1.52747</i>
                        <i>0.436376 -0.727173 -0.529902 0.880766 0.465608 0.0863701 0.18392 -0.504409 0.843649 -2.42447 2.99576 -1.52687</i>
                        <i>0.435733 -0.723161 -0.535887 0.880836 0.465049 0.0886461 0.185108 -0.510655 0.839623 -2.4243 2.99741 -1.52641</i>
                        <i>0.43564 -0.722328 -0.537084 0.880897 0.464783 0.0894239 0.185034 -0.512073 0.838775 -2.42433 2.99988 -1.52616</i>
                        <i>0.4361 -0.726634 -0.530867 0.881306 0.464154 0.0886617 0.181979 -0.506522 0.842804 -2.42451 3.00287 -1.52611</i>
                        <i>0.437068 -0.736904 -0.515698 0.882295 0.46265 0.0866678 0.174722 -0.492877 0.852376 -2.42481 3.00621 -1.52615</i>
                        <i>0.43844 -0.75141 -0.493107 0.883627 0.460646 0.0837208 0.164239 -0.472429 0.865931 -2.42522 3.00972 -1.52631</i>
                        <i>0.440112 -0.76841 -0.464593 0.885074 0.458507 0.0800939 0.151474 -0.44645 0.881895 -2.42571 3.01324 -1.52658</i>
                        <i>0.441986 -0.786146 -0.431999 0.886427 0.456579 0.0760442 0.13746 -0.416546 0.898663 -2.42628 3.01659 -1.52697</i>
                        <i>0.443959 -0.802816 -0.397978 0.887494 0.455189 0.0718069 0.123508 -0.385083 0.91458 -2.42691 3.01961 -1.52749</i>
                        <i>0.445924 -0.81654 -0.366627 0.8881 0.454654 0.0675943 0.111495 -0.355743 0.927909 -2.42757 3.02212 -1.52814</i>
                        <i>0.447758 -0.825337 -0.343993 0.888071 0.455285 0.0635993 0.104124 -0.333967 0.936816 -2.42825 3.02395 -1.52892</i>
                    </KeyFrames>
                </p>
            </i>
            <i>
                <p>
                    <Name>
                        <![CDATA[l_elbow]]>
</Name>
                    <Exclude>0</Exclude>
                    <Additive>0</Additive>
                    <IKPriority>0</IKPriority>
                    <IKRotLimits>-1e+010 -1e+010 -1e+010 1e+010 1e+010 1e+010</IKRotLimits>
                    <IKRotLimitOrder>0</IKRotLimitOrder>
                    <KeyFrames count="30">
                        <i>0.450538 -0.890201 0.067507 0.888271 0.454562 0.0659423 -0.089388 0.0302549 0.995537 -2.2826 2.75549 -1.64081</i>
                        <i>0.452313 -0.889558 0.06403 0.887835 0.455923 0.0623187 -0.0846288 0.0286605 0.996 -2.28277 2.75503 -1.63648</i>
                        <i>0.453975 -0.888864 0.0618642 0.887342 0.457311 0.0590897 -0.0808138 0.0280694 0.996334 -2.28296 2.75447 -1.63291</i>
                        <i>0.455489 -0.888112 0.0615375 0.886799 0.458716 0.0562772 -0.0782086 0.0289377 0.996517 -2.28317 2.75383 -1.63031</i>
                        <i>0.456817 -0.887288 0.0635405 0.886216 0.460125 0.0539029 -0.077064 0.0316868 0.996523 -2.28337 2.75312 -1.62887</i>
