<?xml version="1.0" encoding="ISO-8859-1" ?>
<Animl Version="1">
    <ModellingPackage><![CDATA[Maya.2010]]></ModellingPackage>
    <SrcFile><![CDATA[anims\turrets\artillery\blue\~src\artillery_m270\artillery_m270_fire_crewman_d.mb]]></SrcFile>
    <FramesPerSecond>30</FramesPerSecond>
    <TotalFrames>40</TotalFrames>
    <Skeleton>
        <RefFrame>
            <Name><![CDATA[soldier_ref_frame]]></Name>
            <Exclude>0</Exclude>
            <Additive>0</Additive>
            <IKPriority>0</IKPriority>
            <IKRotLimits>-1e+010 -1e+010 -1e+010 1e+010 1e+010 1e+010</IKRotLimits>
            <IKRotLimitOrder>0</IKRotLimitOrder>
            <KeyFrames count="40">
                <i>1 0 0 0 1 0 0 0 1 -0.34 1.33 3.84</i>
                <i>1 0 0 0 1 0 0 0 1 -0.34 1.33 3.84</i>
                <i>1 0 0 0 1 0 0 0 1 -0.34 1.33 3.84</i>
                <i>1 0 0 0 1 0 0 0 1 -0.34 1.33 3.84</i>
                <i>1 0 0 0 1 0 0 0 1 -0.34 1.33 3.84</i>
                <i>1 0 0 0 1 0 0 0 1 -0.34 1.33 3.84</i>
                <i>1 0 0 0 1 0 0 0 1 -0.34 1.33 3.84</i>
                <i>1 0 0 0 1 0 0 0 1 -0.34 1.33 3.84</i>
                <i>1 0 0 0 1 0 0 0 1 -0.34 1.33 3.84</i>
                <i>1 0 0 0 1 0 0 0 1 -0.34 1.33 3.84</i>
                <i>1 0 0 0 1 0 0 0 1 -0.34 1.33 3.84</i>
                <i>1 0 0 0 1 0 0 0 1 -0.34 1.33 3.84</i>
                <i>1 0 0 0 1 0 0 0 1 -0.34 1.33 3.84</i>
                <i>1 0 0 0 1 0 0 0 1 -0.34 1.33 3.84</i>
                <i>1 0 0 0 1 0 0 0 1 -0.34 1.33 3.84</i>
                <i>1 0 0 0 1 0 0 0 1 -0.34 1.33 3.84</i>
                <i>1 0 0 0 1 0 0 0 1 -0.34 1.33 3.84</i>
                <i>1 0 0 0 1 0 0 0 1 -0.34 1.33 3.84</i>
                <i>1 0 0 0 1 0 0 0 1 -0.34 1.33 3.84</i>
                <i>1 0 0 0 1 0 0 0 1 -0.34 1.33 3.84</i>
                <i>1 0 0 0 1 0 0 0 1 -0.34 1.33 3.84</i>
                <i>1 0 0 0 1 0 0 0 1 -0.34 1.33 3.84</i>
                <i>1 0 0 0 1 0 0 0 1 -0.34 1.33 3.84</i>
                <i>1 0 0 0 1 0 0 0 1 -0.34 1.33 3.84</i>
                <i>1 0 0 0 1 0 0 0 1 -0.34 1.33 3.84</i>
                <i>1 0 0 0 1 0 0 0 1 -0.34 1.33 3.84</i>
                <i>1 0 0 0 1 0 0 0 1 -0.34 1.33 3.84</i>
                <i>1 0 0 0 1 0 0 0 1 -0.34 1.33 3.84</i>
                <i>1 0 0 0 1 0 0 0 1 -0.34 1.33 3.84</i>
                <i>1 0 0 0 1 0 0 0 1 -0.34 1.33 3.84</i>
                <i>1 0 0 0 1 0 0 0 1 -0.34 1.33 3.84</i>
                <i>1 0 0 0 1 0 0 0 1 -0.34 1.33 3.84</i>
                <i>1 0 0 0 1 0 0 0 1 -0.34 1.33 3.84</i>
                <i>1 0 0 0 1 0 0 0 1 -0.34 1.33 3.84</i>
                <i>1 0 0 0 1 0 0 0 1 -0.34 1.33 3.84</i>
                <i>1 0 0 0 1 0 0 0 1 -0.34 1.33 3.84</i>
                <i>1 0 0 0 1 0 0 0 1 -0.34 1.33 3.84</i>
                <i>1 0 0 0 1 0 0 0 1 -0.34 1.33 3.84</i>
                <i>1 0 0 0 1 0 0 0 1 -0.34 1.33 3.84</i>
                <i>1 0 0 0 1 0 0 0 1 -0.34 1.33 3.84</i>
            </KeyFrames>
        </RefFrame>
        <Bones count="23">
            <i>
                <p>
                    <Name><![CDATA[pelvis]]></Name>
                    <Exclude>0</Exclude>
                    <Additive>0</Additive>
                    <IKPriority>0</IKPriority>
                    <IKRotLimits>-1e+010 -1e+010 -1e+010 1e+010 1e+010 1e+010</IKRotLimits>
                    <IKRotLimitOrder>2</IKRotLimitOrder>
                    <KeyFrames count="40">
                        <i>1 0 0 0 1 0 0 0 1 -0.34692 1.91995 3.85729</i>
                        <i>1 0 0 0 1 0 0 0 1 -0.34692 1.93336 3.85729</i>
                        <i>1 0 0 0 1 0 0 0 1 -0.34692 1.96284 3.85729</i>
                        <i>1 0 0 0 1 0 0 0 1 -0.34692 1.99233 3.85729</i>
                        <i>1 0 0 0 1 0 0 0 1 -0.34692 2.00573 3.85729</i>
                        <i>1 0 0 0 1 0 0 0 1 -0.34692 1.99803 3.85729</i>
                        <i>1 0 0 0 1 0 0 0 1 -0.34692 1.97921 3.85729</i>
                        <i>1 0 0 0 1 0 0 0 1 -0.34692 1.95566 3.85729</i>
                        <i>1 0 0 0 1 0 0 0 1 -0.34692 1.93378 3.85729</i>
                        <i>1 0 0 0 1 0 0 0 1 -0.34692 1.91995 3.85729</i>
                        <i>1 0 0 0 1 0 0 0 1 -0.34692 1.916 3.85729</i>
                        <i>1 0 0 0 1 0 0 0 1 -0.34692 1.91766 3.85729</i>
                        <i>1 0 0 0 1 0 0 0 1 -0.34692 1.92222 3.85729</i>
                        <i>1 0 0 0 1 0 0 0 1 -0.34692 1.92694 3.85729</i>
                        <i>1 0 0 0 1 0 0 0 1 -0.34692 1.92912 3.85729</i>
                        <i>1 0 0 0 1 0 0 0 1 -0.34692 1.92897 3.85729</i>
                        <i>1 0 0 0 1 0 0 0 1 -0.34692 1.92853 3.85729</i>
                        <i>1 0 0 0 1 0 0 0 1 -0.34692 1.92787 3.85729</i>
                        <i>1 0 0 0 1 0 0 0 1 -0.34692 1.92703 3.85729</i>
                        <i>1 0 0 0 1 0 0 0 1 -0.34692 1.92606 3.85729</i>
                        <i>1 0 0 0 1 0 0 0 1 -0.34692 1.925 3.85729</i>
                        <i>1 0 0 0 1 0 0 0 1 -0.34692 1.92392 3.85729</i>
                        <i>1 0 0 0 1 0 0 0 1 -0.34692 1.92285 3.85729</i>
                        <i>1 0 0 0 1 0 0 0 1 -0.34692 1.92184 3.85729</i>
                        <i>1 0 0 0 1 0 0 0 1 -0.34692 1.92096 3.85729</i>
                        <i>1 0 0 0 1 0 0 0 1 -0.34692 1.92023 3.85729</i>
                        <i>1 0 0 0 1 0 0 0 1 -0.34692 1.91972 3.85729</i>
                        <i>1 0 0 0 1 0 0 0 1 -0.34692 1.91947 3.85729</i>
                        <i>1 0 0 0 1 0 0 0 1 -0.34692 1.91953 3.85729</i>
                        <i>1 0 0 0 1 0 0 0 1 -0.34692 1.91995 3.85729</i>
                        <i>1 0 0 0 1 0 0 0 1 -0.34692 1.92048 3.85729</i>
                        <i>1 0 0 0 1 0 0 0 1 -0.34692 1.92079 3.85729</i>
                        <i>1 0 0 0 1 0 0 0 1 -0.34692 1.92092 3.85729</i>
                        <i>1 0 0 0 1 0 0 0 1 -0.34692 1.9209 3.85729</i>
                        <i>1 0 0 0 1 0 0 0 1 -0.34692 1.92077 3.85729</i>
                        <i>1 0 0 0 1 0 0 0 1 -0.34692 1.92058 3.85729</i>
                        <i>1 0 0 0 1 0 0 0 1 -0.34692 1.92036 3.85729</i>
                        <i>1 0 0 0 1 0 0 0 1 -0.34692 1.92016 3.85729</i>
                        <i>1 0 0 0 1 0 0 0 1 -0.34692 1.92001 3.85729</i>
                        <i>1 0 0 0 1 0 0 0 1 -0.34692 1.91995 3.85729</i>
                    </KeyFrames>
                </p>
            </i>
            <i>
                <p>
                    <Name><![CDATA[spine0]]></Name>
                    <Exclude>0</Exclude>
                    <Additive>0</Additive>
                    <IKPriority>0</IKPriority>
                    <IKRotLimits>-1e+010 -1e+010 -1e+010 1e+010 1e+010 1e+010</IKRotLimits>
                    <IKRotLimitOrder>0</IKRotLimitOrder>
                    <KeyFrames count="40">
                        <i>-0.128688 0.989672 0.063164 -0.964447 -0.110073 -0.240261 -0.230827 -0.091837 0.968651 -0.347735 2.06009 3.8248</i>
                        <i>-0.122755 0.988623 0.0869221 -0.965166 -0.0985322 -0.242375 -0.231053 -0.113647 0.966281 -0.348946 2.07433 3.82869</i>
                        <i>-0.113359 0.985005 0.130057 -0.966036 -0.078677 -0.246139 -0.232216 -0.153542 0.960469 -0.35135 2.10499 3.83557</i>
                        <i>-0.10985 0.983197 0.145799 -0.965036 -0.0703786 -0.252493 -0.237989 -0.168437 0.956551 -0.353001 2.13478 3.83816</i>
                        <i>-0.110379 0.987698 0.110769 -0.961492 -0.077892 -0.263566 -0.251695 -0.135596 0.958261 -0.353257 2.1477 3.83493</i>
                        <i>-0.108741 0.992524 0.055429 -0.956923 -0.0894139 -0.276229 -0.269208 -0.0830787 0.959492 -0.352948 2.13913 3.82985</i>
                        <i>-0.104577 0.994498 0.00604186 -0.952403 -0.0983978 -0.288523 -0.286341 -0.0359272 0.957454 -0.352148 2.11903 3.82381</i>
                        <i>-0.0998076 0.994813 -0.0196522 -0.948687 -0.101099 -0.29962 -0.300053 -0.0112606 0.953856 -0.351009 2.0939 3.81769</i>
                        <i>-0.0968162 0.995085 -0.0207721 -0.945897 -0.0984841 -0.309161 -0.309687 -0.0102835 0.950783 -0.349764 2.07038 3.81228</i>
                        <i>-0.0958797 0.995375 -0.00603231 -0.944138 -0.0928606 -0.316197 -0.315294 -0.0246215 0.948674 -0.348713 2.05521 3.80833</i>
                        <i>-0.0981729 0.995075 0.0137393 -0.943566 -0.0886853 -0.31909 -0.316299 -0.0442899 0.947625 -0.348175 2.05061 3.80655</i>
                        <i>-0.104174 0.994102 0.0301589 -0.943836 -0.0892548 -0.318132 -0.313564 -0.0616061 0.947567 -0.348501 2.05263 3.8075</i>
                        <i>-0.112339 0.992704 0.0438115 -0.944409 -0.0929558 -0.315359 -0.308985 -0.0768031 0.947961 -0.349608 2.05831 3.81072</i>
                        <i>-0.120574 0.991263 0.0534716 -0.945146 -0.0981589 -0.311549 -0.303579 -0.0881034 0.948724 -0.351139 2.0645 3.81538</i>
                        <i>-0.127093 0.99014 0.0589152 -0.946011 -0.103145 -0.307286 -0.29818 -0.0947884 0.949792 -0.352739 2.06811 3.82063</i>
                        <i>-0.130587 0.98955 0.0611382 -0.947126 -0.106284 -0.302746 -0.293085 -0.0974404 0.951108 -0.354074 2.06911 3.82558</i>
                        <i>-0.131214 0.989527 0.0601677 -0.948499 -0.107658 -0.297925 -0.288328 -0.0961609 0.952691 -0.354839 2.06942 3.82927</i>
                        <i>-0.130096 0.989935 0.0557179 -0.949997 -0.108365 -0.292853 -0.283867 -0.0910308 0.954533 -0.354769 2.06905 3.83076</i>
                        <i>-0.128018 0.990523 0.0497509 -0.951631 -0.108555 -0.287426 -0.279302 -0.0841402 0.95651 -0.354144 2.06823 3.83069</i>
                        <i>-0.126102 0.990977 0.0454122 -0.953353 -0.108404 -0.281722 -0.274258 -0.0788196 0.958421 -0.353431 2.06723 3.8304</i>
                        <i>-0.124804 0.991218 0.0437134 -0.955097 -0.10809 -0.275873 -0.268725 -0.0761806 0.9602 -0.352662 2.06612 3.82993</i>
                        <i>-0.124286 0.99126 0.0442337 -0.956785 -0.107914 -0.270033 -0.2629 -0.0758835 0.961834 -0.351868 2.06495 3.82932</i>
                        <i>-0.124315 0.991187 0.0457532 -0.958364 -0.107996 -0.264341 -0.25707 -0.0767096 0.963344 -0.351078 2.06376 3.82862</i>
                        <i>-0.124718 0.991021 0.0481989 -0.959822 -0.108199 -0.25891 -0.25137 -0.078553 0.964698 -0.35032 2.06262 3.82787</i>
                        <i>-0.125393 0.990783 0.0512404 -0.961129 -0.10851 -0.253883 -0.245983 -0.0810839 0.965877 -0.349618 2.06159 3.82712</i>
                        <i>-0.12623 0.990501 0.0545407 -0.962256 -0.108897 -0.249411 -0.241102 -0.0839653 0.966861 -0.348996 2.06072 3.8264</i>
                        <i>-0.127108 0.990206 0.0577506 -0.963176 -0.109311 -0.24565 -0.236931 -0.086848 0.967637 -0.348476 2.06007 3.82576</i>
                        <i>-0.127898 0.98994 0.0605073 -0.963864 -0.109691 -0.242762 -0.233683 -0.0893697 0.968197 -0.348079 2.05971 3.82526</i>
                        <i>-0.128469 0.989746 0.0624373 -0.964297 -0.109968 -0.240913 -0.231576 -0.0911579 0.968536 -0.347825 2.0597 3.82492</i>
                        <i>-0.128688 0.989672 0.063164 -0.964447 -0.110073 -0.240261 -0.230827 -0.091837 0.968651 -0.347735 2.06009 3.8248</i>
                        <i>-0.128688 0.989672 0.063164 -0.964447 -0.110073 -0.240261 -0.230827 -0.091837 0.968651 -0.347735 2.06062 3.8248</i>
                        <i>-0.128688 0.989672 0.063164 -0.964447 -0.110073 -0.240261 -0.230827 -0.091837 0.968651 -0.347735 2.06093 3.8248</i>
                        <i>-0.128688 0.989672 0.063164 -0.964447 -0.110073 -0.240261 -0.230827 -0.091837 0.968651 -0.347735 2.06106 3.8248</i>
                        <i>-0.128688 0.989672 0.063164 -0.964447 -0.110073 -0.240261 -0.230827 -0.091837 0.968651 -0.347735 2.06104 3.8248</i>
                        <i>-0.128688 0.989672 0.063164 -0.964447 -0.110073 -0.240261 -0.230827 -0.091837 0.968651 -0.347735 2.06091 3.8248</i>
                        <i>-0.128688 0.989672 0.063164 -0.964447 -0.110073 -0.240261 -0.230827 -0.091837 0.968651 -0.347735 2.06072 3.8248</i>
                        <i>-0.128688 0.989672 0.063164 -0.964447 -0.110073 -0.240261 -0.230827 -0.091837 0.968651 -0.347735 2.06051 3.8248</i>
                        <i>-0.128688 0.989672 0.063164 -0.964447 -0.110073 -0.240261 -0.230827 -0.091837 0.968651 -0.347735 2.0603 3.8248</i>
                        <i>-0.128688 0.989672 0.063164 -0.964447 -0.110073 -0.240261 -0.230827 -0.091837 0.968651 -0.347735 2.06015 3.8248</i>
                        <i>-0.128688 0.989672 0.063164 -0.964447 -0.110073 -0.240261 -0.230827 -0.091837 0.968651 -0.347735 2.06009 3.8248</i>
                    </KeyFrames>
                </p>
            </i>
            <i>
                <p>
                    <Name><![CDATA[spine1]]></Name>
                    <Exclude>0</Exclude>
                    <Additive>0</Additive>
                    <IKPriority>0</IKPriority>
                    <IKRotLimits>-1e+010 -1e+010 -1e+010 1e+010 1e+010 1e+010</IKRotLimits>
                    <IKRotLimitOrder>0</IKRotLimitOrder>
                    <KeyFrames count="40">
                        <i>-0.129114 0.926764 0.352757 -0.990651 -0.136351 -0.00437049 0.0440483 -0.350023 0.935705 -0.370709 2.23685 3.83604</i>
                        <i>-0.125183 0.919146 0.373497 -0.991824 -0.125345 -0.0239614 0.0247919 -0.373443 0.927322 -0.370662 2.24929 3.84404</i>
                        <i>-0.116911 0.904759 0.409566 -0.99304 -0.10057 -0.0612989 -0.0142709 -0.413881 0.910219 -0.371072 2.27639 3.85819</i>
                        <i>-0.107815 0.900671 0.420913 -0.993373 -0.0806371 -0.0819014 -0.039825 -0.426954 0.903396 -0.371988 2.30474 3.86336</i>
                        <i>-0.0963898 0.919675 0.380666 -0.994089 -0.0697512 -0.0832006 -0.0499657 -0.386435 0.920962 -0.372559 2.32047 3.85429</i>
                        <i>-0.0819863 0.946178 0.31309 -0.994554 -0.0573915 -0.0869952 -0.0643443 -0.318517 0.945731 -0.372296 2.31582 3.83968</i>
                        <i>-0.0679847 0.964305 0.255918 -0.994656 -0.0455321 -0.0926644 -0.0777043 -0.26085 0.962247 -0.370983 2.29828 3.82485</i>
                        <i>-0.0586201 0.969377 0.238478 -0.994636 -0.0363202 -0.0968546 -0.0852271 -0.242876 0.966306 -0.369041 2.27381 3.81408</i>
                        <i>-0.0565812 0.964572 0.25768 -0.994529 -0.0317535 -0.0995157 -0.0878078 -0.261901 0.961092 -0.367256 2.25035 3.80847</i>
                        <i>-0.0600033 0.953763 0.29451 -0.994448 -0.0315667 -0.10038 -0.0864424 -0.298898 0.950362 -0.366036 2.23524 3.80719</i>
                        <i>-0.067851 0.938878 0.337496 -0.994458 -0.0364151 -0.098625 -0.0803069 -0.342318 0.936146 -0.365952 2.23099 3.80899</i>
                        <i>-0.0765643 0.924486 0.373448 -0.994569 -0.0443272 -0.0941725 -0.0705072 -0.37863 0.922858 -0.367417 2.23332 3.81293</i>
                        <i>-0.0833712 0.914113 0.396795 -0.994727 -0.0524775 -0.0881091 -0.0597189 -0.402048 0.913669 -0.370018 2.23884 3.81863</i>
                        <i>-0.0870669 0.911636 0.401671 -0.994951 -0.0593696 -0.0809215 -0.0499239 -0.406689 0.912202 -0.372993 2.24432 3.82502</i>
                        <i>-0.0870619 0.918188 0.386459 -0.995314 -0.0637846 -0.0726794 -0.0420832 -0.390976 0.919438 -0.375647 2.24671 3.83121</i>
                        <i>-0.0834427 0.930784 0.355919 -0.995872 -0.0650824 -0.0632745 -0.0357308 -0.35973 0.932372 -0.377419 2.24612 3.83647</i>
                        <i>-0.0786106 0.943861 0.320853 -0.99646 -0.0647709 -0.0535994 -0.0298085 -0.323931 0.945611 -0.378108 2.24498 3.83991</i>
                        <i>-0.07661 0.952461 0.29487 -0.996775 -0.0660783 -0.0455317 -0.0238826 -0.297408 0.954452 -0.377735 2.24388 3.84057</i>
                        <i>-0.0770914 0.957466 0.278057 -0.996864 -0.0690177 -0.0387243 -0.0178863 -0.280171 0.959784 -0.376698 2.2428 3.83943</i>
                        <i>-0.078897 0.960485 0.266914 -0.996816 -0.0729226 -0.0322377 -0.0114997 -0.268608 0.963181 -0.375615 2.24163 3.83837</i>
                        <i>-0.0826262 0.960947 0.26411 -0.99657 -0.0784386 -0.026381 -0.00463424 -0.265384 0.964132 -0.374607 2.24048 3.83759</i>
                        <i>-0.0881569 0.959129 0.268886 -0.996103 -0.0855747 -0.0213331 0.00254863 -0.269719 0.962936 -0.373735 2.23941 3.83708</i>
                        <i>-0.094639 0.955938 0.277895 -0.995464 -0.0936031 -0.0170243 0.00973762 -0.278245 0.960461 -0.372982 2.23847 3.83666</i>
                        <i>-0.101552 0.951621 0.290008 -0.994687 -0.102068 -0.0133897 0.0168585 -0.289827 0.95693 -0.372338 2.23765 3.83635</i>
                        <i>-0.108458 0.946525 0.303854 -0.993818 -0.110532 -0.01042 0.0237226 -0.303106 0.952662 -0.371808 2.23698 3.83615</i>
                        <i>-0.114939 0.941071 0.318079 -0.992917 -0.118536 -0.00809395 0.0300867 -0.316756 0.94803 -0.371389 2.2365 3.83604</i>
                        <i>-0.120607 0.935764 0.33136 -0.99206 -0.125605 -0.0063769 0.0356532 -0.329498 0.943483 -0.371078 2.23622 3.836</i>
                        <i>-0.125094 0.931186 0.342408 -0.991335 -0.131255 -0.00522212 0.0400798 -0.340094 0.939537 -0.370868 2.23618 3.836</i>
                        <i>-0.128048 0.927972 0.349958 -0.990835 -0.134998 -0.00457352 0.0429994 -0.347337 0.936754 -0.370748 2.23638 3.83602</i>
                        <i>-0.129114 0.926764 0.352757 -0.990651 -0.136351 -0.00437049 0.0440483 -0.350023 0.935705 -0.370709 2.23685 3.83604</i>
                        <i>-0.129114 0.926764 0.352757 -0.990651 -0.136351 -0.00437049 0.0440483 -0.350023 0.935705 -0.370709 2.23738 3.83604</i>
                        <i>-0.129114 0.926764 0.352757 -0.990651 -0.136351 -0.00437049 0.0440483 -0.350023 0.935705 -0.370709 2.23769 3.83604</i>
                        <i>-0.129114 0.926764 0.352757 -0.990651 -0.136351 -0.00437049 0.0440483 -0.350023 0.935705 -0.370709 2.23782 3.83604</i>
                        <i>-0.129114 0.926764 0.352757 -0.990651 -0.136351 -0.00437049 0.0440483 -0.350023 0.935705 -0.370709 2.2378 3.83604</i>
                        <i>-0.129114 0.926764 0.352757 -0.990651 -0.136351 -0.00437049 0.0440483 -0.350023 0.935705 -0.370709 2.23767 3.83604</i>
                        <i>-0.129114 0.926764 0.352757 -0.990651 -0.136351 -0.00437049 0.0440483 -0.350023 0.935705 -0.370709 2.23748 3.83604</i>
                        <i>-0.129114 0.926764 0.352757 -0.990651 -0.136351 -0.00437049 0.0440483 -0.350023 0.935705 -0.370709 2.23727 3.83604</i>
                        <i>-0.129114 0.926764 0.352757 -0.990651 -0.136351 -0.00437049 0.0440483 -0.350023 0.935705 -0.370709 2.23706 3.83604</i>
                        <i>-0.129114 0.926764 0.352757 -0.990651 -0.136351 -0.00437049 0.0440483 -0.350023 0.935705 -0.370709 2.23691 3.83604</i>
                        <i>-0.129114 0.926764 0.352757 -0.990651 -0.136351 -0.00437049 0.0440483 -0.350023 0.935705 -0.370709 2.23685 3.83604</i>
                    </KeyFrames>
                </p>
            </i>
            <i>
                <p>
                    <Name><![CDATA[spine2]]></Name>
                    <Exclude>0</Exclude>
                    <Additive>0</Additive>
                    <IKPriority>0</IKPriority>
                    <IKRotLimits>-1e+010 -1e+010 -1e+010 1e+010 1e+010 1e+010</IKRotLimits>
                    <IKRotLimitOrder>0</IKRotLimitOrder>
                    <KeyFrames count="40">
                        <i>0.00136574 0.627508 0.778609 -0.942807 -0.25873 0.210174 0.333335 -0.734365 0.591266 -0.391666 2.38907 3.89415</i>
                        <i>-0.0271493 0.612455 0.790039 -0.954015 -0.251895 0.16249 0.298525 -0.749298 0.59113 -0.390807 2.39889 3.90497</i>
                        <i>-0.0759965 0.586968 0.806035 -0.970611 -0.228667 0.0750059 0.22834 -0.776646 0.587096 -0.389591 2.42117 3.92384</i>
                        <i>-0.0958405 0.580376 0.808689 -0.97782 -0.206893 0.0325968 0.18623 -0.787629 0.587332 -0.388956 2.44794 3.93037</i>
                        <i>-0.0783498 0.590208 0.80344 -0.980114 -0.192983 0.0461869 0.18231 -0.783844 0.593592 -0.387886 2.46842 3.91565</i>
                        <i>-0.053057 0.607687 0.792402 -0.982964 -0.171618 0.0657957 0.175973 -0.775412 0.60644 -0.385536 2.47076 3.89111</i>
                        <i>-0.0333618 0.647861 0.761028 -0.985495 -0.148096 0.0828717 0.166394 -0.747224 0.643404 -0.382065 2.45818 3.86748</i>
                        <i>-0.0263265 0.702665 0.711033 -0.98714 -0.130465 0.0923801 0.157677 -0.699457 0.697064 -0.378596 2.43507 3.85396</i>
                        <i>-0.028712 0.745547 0.665834 -0.987512 -0.124381 0.0966885 0.154903 -0.654744 0.739808 -0.376464 2.4108 3.85155</i>
                        <i>-0.0358376 0.768911 0.63835 -0.98668 -0.128647 0.0995653 0.158678 -0.626279 0.76328 -0.375808 2.39387 3.8564</i>
                        <i>-0.043553 0.761926 0.646199 -0.984553 -0.142527 0.101695 0.169585 -0.631787 0.756363 -0.377049 2.38746 3.86548</i>
                        <i>-0.0468449 0.727145 0.684884 -0.981498 -0.160936 0.103734 0.185652 -0.667353 0.721231 -0.379996 2.38778 3.87558</i>
                        <i>-0.044733 0.679878 0.731959 -0.978001 -0.179239 0.106716 0.203749 -0.711083 0.672939 -0.383737 2.39162 3.88522</i>
                        <i>-0.0372748 0.635363 0.771314 -0.974559 -0.193817 0.112558 0.221009 -0.747495 0.626423 -0.387287 2.39631 3.89225</i>
                        <i>-0.0263142 0.609027 0.792713 -0.97165 -0.201963 0.12291 0.234954 -0.767006 0.597075 -0.389854 2.39896 3.89552</i>
                        <i>-0.0153032 0.612524 0.790304 -0.96964 -0.202014 0.137795 0.244056 -0.764202 0.59702 -0.390907 2.39922 3.89521</i>
                        <i>-0.00644013 0.63604 0.771629 -0.968208 -0.196929 0.154244 0.250062 -0.746105 0.617087 -0.390691 2.39902 3.89244</i>
                        <i>-0.00053113 0.658036 0.752987 -0.966642 -0.193202 0.168158 0.256132 -0.727779 0.636187 -0.389932 2.39864 3.88862</i>
                        <i>0.00292854 0.676207 0.736706 -0.964915 -0.19151 0.179618 0.262545 -0.711385 0.651921 -0.388945 2.39807 3.88465</i>
                        <i>0.00516642 0.690107 0.723689 -0.96297 -0.191647 0.189629 0.269557 -0.697871 0.663563 -0.388135 2.39718 3.88172</i>
                        <i>0.00603888 0.696886 0.717157 -0.960712 -0.194961 0.19754 0.277481 -0.690174 0.668329 -0.387723 2.39602 3.88047</i>
                        <i>0.00600848 0.696154 0.717867 -0.958172 -0.201403 0.203331 0.286131 -0.689062 0.665825 -0.387754 2.39475 3.88075</i>
                        <i>0.00567649 0.690418 0.723388 -0.955515 -0.209581 0.207527 0.294889 -0.692386 0.658515 -0.388073 2.3935 3.88185</i>
                        <i>0.00500848 0.681426 0.73187 -0.952847 -0.218811 0.21025 0.303411 -0.698413 0.648198 -0.388583 2.39228 3.88361</i>
                        <i>0.00417796 0.670358 0.742026 -0.950271 -0.228407 0.211697 0.311397 -0.70601 0.636068 -0.389215 2.39113 3.88578</i>
                        <i>0.00332432 0.658424 0.75264 -0.947898 -0.237686 0.212119 0.318556 -0.714131 0.623329 -0.389899 2.39012 3.88812</i>
                        <i>0.00255105 0.646874 0.762593 -0.945846 -0.245983 0.21182 0.324606 -0.721836 0.611215 -0.39056 2.38933 3.89038</i>
                        <i>0.00193126 0.636993 0.770867 -0.944234 -0.252662 0.211149 0.32927 -0.728287 0.600983 -0.391125 2.38884 3.8923</i>
                        <i>0.00151861 0.630097 0.776515 -0.943182 -0.257112 0.210476 0.332272 -0.732715 0.593906 -0.391518 2.38872 3.89365</i>
                        <i>0.00136574 0.627508 0.778609 -0.942807 -0.25873 0.210174 0.333335 -0.734365 0.591266 -0.391666 2.38907 3.89415</i>
                        <i>0.00136574 0.627508 0.778609 -0.942807 -0.25873 0.210174 0.333335 -0.734365 0.591266 -0.391666 2.3896 3.89415</i>
                        <i>0.00136574 0.627508 0.778609 -0.942807 -0.25873 0.210174 0.333335 -0.734365 0.591266 -0.391666 2.38991 3.89415</i>
                        <i>0.00136574 0.627508 0.778609 -0.942807 -0.25873 0.210174 0.333335 -0.734365 0.591266 -0.391666 2.39004 3.89415</i>
                        <i>0.00136574 0.627508 0.778609 -0.942807 -0.25873 0.210174 0.333335 -0.734365 0.591266 -0.391666 2.39002 3.89415</i>
                        <i>0.00136574 0.627508 0.778609 -0.942807 -0.25873 0.210174 0.333335 -0.734365 0.591266 -0.391666 2.38989 3.89415</i>
                        <i>0.00136574 0.627508 0.778609 -0.942807 -0.25873 0.210174 0.333335 -0.734365 0.591266 -0.391666 2.3897 3.89415</i>
                        <i>0.00136574 0.627508 0.778609 -0.942807 -0.25873 0.210174 0.333335 -0.734365 0.591266 -0.391666 2.38949 3.89415</i>
                        <i>0.00136574 0.627508 0.778609 -0.942807 -0.25873 0.210174 0.333335 -0.734365 0.591266 -0.391666 2.38928 3.89415</i>
                        <i>0.00136574 0.627508 0.778609 -0.942807 -0.25873 0.210174 0.333335 -0.734365 0.591266 -0.391666 2.38913 3.89415</i>
                        <i>0.00136574 0.627508 0.778609 -0.942807 -0.25873 0.210174 0.333335 -0.734365 0.591266 -0.391666 2.38907 3.89415</i>
                    </KeyFrames>
                </p>
            </i>
            <i>
                <p>
                    <Name><![CDATA[head]]></Name>
                    <Exclude>0</Exclude>
                    <Additive>0</Additive>
                    <IKPriority>0</IKPriority>
                    <IKRotLimits>-1e+010 -1e+010 -1e+010 1e+010 1e+010 1e+010</IKRotLimits>
                    <IKRotLimitOrder>0</IKRotLimitOrder>
                    <KeyFrames count="40">
                        <i>0.0331008 0.942908 0.331405 0.0556819 0.329332 -0.942571 -0.9979 0.0496531 -0.0416018 -0.386604 2.545 4.10246</i>
                        <i>0.0172992 0.939922 0.34095 0.108071 0.337246 -0.935193 -0.993993 0.0530248 -0.095744 -0.395021 2.55087 4.11498</i>
                        <i>-0.00199092 0.935358 0.353696 0.20503 0.346565 -0.915345 -0.978754 0.0706958 -0.192466 -0.40947 2.56646 4.13536</i>
                        <i>-0.00252781 0.936853 0.349716 0.256206 0.338651 -0.905359 -0.966619 0.0873107 -0.240883 -0.415564 2.59142 4.14146</i>
                        <i>0.0164625 0.936016 0.351572 0.247978 0.336811 -0.908331 -0.968626 0.102136 -0.226567 -0.410092 2.61276 4.12804</i>
                        <i>0.0457437 0.93228 0.358834 0.23569 0.338997 -0.910786 -0.970751 0.126237 -0.204222 -0.400965 2.61682 4.10478</i>
                        <i>0.0710412 0.945514 0.317737 0.231538 0.294209 -0.927271 -0.970228 0.139443 -0.198021 -0.39237 2.6145 4.07579</i>
                        <i>0.0823728 0.972795 0.21653 0.235943 0.192056 -0.952599 -0.968269 0.129557 -0.213704 -0.387364 2.60976 4.04884</i>
                        <i>0.0815005 0.990628 0.109606 0.241711 0.0870438 -0.966436 -0.96692 0.105258 -0.232352 -0.386087 2.6021 4.03154</i>
                        <i>0.0724336 0.996809 0.0335305 0.245763 0.0147439 -0.969218 -0.96662 0.0784445 -0.243911 -0.387434 2.59575 4.02522</i>
                        <i>0.0588138 0.997902 0.0270559 0.243644 0.011934 -0.969791 -0.96808 0.0636292 -0.242432 -0.390633 2.58987 4.03408</i>
                        <i>0.0451615 0.994695 0.0924248 0.232617 0.0795051 -0.969313 -0.971519 0.0652753 -0.227793 -0.394186 2.58101 4.05483</i>
                        <i>0.0339483 0.981053 0.190743 0.215267 0.179196 -0.959973 -0.975965 0.0736501 -0.205105 -0.397047 2.57049 4.07853</i>
                        <i>0.0277304 0.956633 0.289972 0.194853 0.279346 -0.940212 -0.98044 0.0825742 -0.178656 -0.398278 2.56018 4.09761</i>
                        <i>0.0264928 0.931109 0.363778 0.175921 0.353883 -0.918596 -0.984048 0.0883323 -0.154427 -0.397708 2.55222 4.1076</i>
                        <i>0.0273446 0.918924 0.393487 0.16271 0.384293 -0.90876 -0.986295 0.0888739 -0.13901 -0.395884 2.55054 4.10715</i>
                        <i>0.0280347 0.920071 0.390746 0.154095 0.382249 -0.91112 -0.987658 0.0857548 -0.131062 -0.393485 2.55478 4.09978</i>
                        <i>0.028477 0.923605 0.382287 0.146131 0.374487 -0.915645 -0.988855 0.0819388 -0.124303 -0.391073 2.55944 4.09138</i>
                        <i>0.0285456 0.927929 0.371663 0.138325 0.36457 -0.920845 -0.989975 0.0776964 -0.117949 -0.388868 2.56362 4.0833</i>
                        <i>0.0281752 0.931571 0.362466 0.13025 0.356097 -0.925327 -0.991081 0.0732823 -0.111304 -0.387093 2.56655 4.07699</i>
                        <i>0.027356 0.933196 0.358325 0.121528 0.352695 -0.927813 -0.992211 0.0689279 -0.103761 -0.385968 2.56749 4.07391</i>
                        <i>0.026689 0.932437 0.360347 0.112064 0.355412 -0.927968 -0.993343 0.0651485 -0.0950073 -0.38541 2.5664 4.07419</i>
                        <i>0.0269332 0.931288 0.363286 0.102211 0.358948 -0.927744 -0.994398 0.0621189 -0.0855202 -0.38515 2.56401 4.07654</i>
                        <i>0.0277581 0.931212 0.363419 0.0924257 0.359611 -0.928513 -0.995333 0.059363 -0.0760858 -0.385154 2.56082 4.08031</i>
                        <i>0.0288597 0.932043 0.361198 0.0830591 0.357862 -0.930073 -0.996127 0.0568423 -0.0670868 -0.385341 2.55715 4.08495</i>
                        <i>0.0300105 0.93359 0.357084 0.0744709 0.354163 -0.932214 -0.996771 0.0545686 -0.0588967 -0.385636 2.55338 4.08991</i>
                        <i>0.031062 0.935652 0.351555 0.0670386 0.348982 -0.934728 -0.997267 0.0526023 -0.0518847 -0.385971 2.54987 4.09465</i>
                        <i>0.0319378 0.938023 0.345099 0.0611573 0.342794 -0.937418 -0.997617 0.0510443 -0.0464188 -0.386283 2.54703 4.09866</i>
                        <i>0.032616 0.940504 0.338214 0.0572343 0.336082 -0.940092 -0.997828 0.0500195 -0.0428675 -0.386514 2.54527 4.10143</i>
                        <i>0.0331008 0.942908 0.331405 0.0556819 0.329332 -0.942571 -0.9979 0.0496531 -0.0416018 -0.386604 2.545 4.10246</i>
                        <i>0.0334131 0.944743 0.326104 0.0554951 0.324029 -0.944418 -0.9979 0.0496531 -0.0416018 -0.386604 2.54553 4.10246</i>
                        <i>0.0335939 0.945795 0.323023 0.0553858 0.320947 -0.945476 -0.9979 0.0496531 -0.0416018 -0.386604 2.54584 4.10246</i>
                        <i>0.0336668 0.946217 0.321777 0.0553415 0.319701 -0.945901 -0.9979 0.0496531 -0.0416018 -0.386604 2.54596 4.10246</i>
                        <i>0.0336553 0.94615 0.321974 0.0553485 0.319898 -0.945834 -0.9979 0.0496531 -0.0416018 -0.386604 2.54594 4.10246</i>
                        <i>0.0335823 0.945728 0.32322 0.0553928 0.321144 -0.945409 -0.9979 0.0496531 -0.0416018 -0.386604 2.54582 4.10246</i>
                        <i>0.0334708 0.94508 0.325121 0.0554603 0.323046 -0.944757 -0.9979 0.0496531 -0.0416018 -0.386604 2.54563 4.10246</i>
                        <i>0.0333438 0.944338 0.327283 0.0555367 0.325208 -0.94401 -0.9979 0.0496531 -0.0416018 -0.386604 2.54541 4.10246</i>
                        <i>0.0332243 0.943636 0.329312 0.0556083 0.327238 -0.943304 -0.9979 0.0496531 -0.0416018 -0.386604 2.54521 4.10246</i>
                        <i>0.0331355 0.943113 0.330816 0.0556613 0.328743 -0.942778 -0.9979 0.0496531 -0.0416018 -0.386604 2.54506 4.10246</i>
                        <i>0.0331008 0.942908 0.331405 0.0556819 0.329332 -0.942571 -0.9979 0.0496531 -0.0416018 -0.386604 2.545 4.10246</i>
                    </KeyFrames>
                </p>
            </i>
            <i>
                <p>
                    <Name><![CDATA[head_prop]]></Name>
                    <Exclude>0</Exclude>
                    <Additive>0</Additive>
                    <IKPriority>0</IKPriority>
                    <IKRotLimits>-1e+010 -1e+010 -1e+010 1e+010 1e+010 1e+010</IKRotLimits>
                    <IKRotLimitOrder>0</IKRotLimitOrder>
                    <KeyFrames count="40">
                        <i>0.9979 -0.0496531 0.0416018 0.0331008 0.942908 0.331405 -0.0556819 -0.329332 0.942571 -0.375816 2.8523 4.21047</i>
                        <i>0.993993 -0.0530248 0.095744 0.0172992 0.939922 0.34095 -0.108071 -0.337246 0.935193 -0.389383 2.8572 4.2261</i>
                        <i>0.978754 -0.0706958 0.192466 -0.00199092 0.935358 0.353696 -0.20503 -0.346565 0.915345 -0.410118 2.87131 4.25063</i>
                        <i>0.966619 -0.0873107 0.240883 -0.00252781 0.936853 0.349716 -0.256206 -0.338651 0.905359 -0.416388 2.89675 4.25543</i>
                        <i>0.968626 -0.102136 0.226567 0.0164625 0.936016 0.351572 -0.247978 -0.336811 0.908331 -0.404727 2.91781 4.24262</i>
                        <i>0.970751 -0.126237 0.204222 0.0457437 0.93228 0.358834 -0.23569 -0.338997 0.910786 -0.386057 2.92065 4.22172</i>
                        <i>0.970228 -0.139443 0.198021 0.0710412 0.945514 0.317737 -0.231538 -0.294209 0.927271 -0.369217 2.92265 4.17935</i>
                        <i>0.968269 -0.129557 0.213704 0.0823728 0.972795 0.21653 -0.235943 -0.192056 0.952599 -0.360518 2.9268 4.11941</i>
                        <i>0.96692 -0.105258 0.232352 0.0815005 0.990628 0.109606 -0.241711 -0.0870438 0.966436 -0.359525 2.92495 4.06726</i>
                        <i>0.96662 -0.0784445 0.243911 0.0724336 0.996809 0.0335305 -0.245763 -0.0147439 0.969218 -0.363827 2.92062 4.03615</i>
                        <i>0.96808 -0.0636292 0.242432 0.0588138 0.997902 0.0270559 -0.243644 -0.011934 0.969791 -0.371465 2.91509 4.0429</i>
                        <i>0.971519 -0.0652753 0.227793 0.0451615 0.994695 0.0924248 -0.232617 -0.0795051 0.969313 -0.379467 2.90519 4.08495</i>
                        <i>0.975965 -0.0736501 0.205105 0.0339483 0.981053 0.190743 -0.215267 -0.179196 0.959973 -0.385983 2.89022 4.14069</i>
                        <i>0.98044 -0.0825742 0.178656 0.0277304 0.956633 0.289972 -0.194853 -0.279346 0.940212 -0.38924 2.87196 4.19211</i>
                        <i>0.984048 -0.0883323 0.154427 0.0264928 0.931109 0.363778 -0.175921 -0.353883 0.918596 -0.389074 2.85568 4.22616</i>
                        <i>0.986295 -0.0888739 0.13901 0.0273446 0.918924 0.393487 -0.16271 -0.384293 0.90876 -0.386972 2.85002 4.23539</i>
                        <i>0.987658 -0.0857548 0.131062 0.0280347 0.920071 0.390746 -0.154095 -0.382249 0.91112 -0.384348 2.85464 4.22713</i>
                        <i>0.988855 -0.0819388 0.124303 0.028477 0.923605 0.382287 -0.146131 -0.374487 0.915645 -0.381792 2.86045 4.21597</i>
                        <i>0.989975 -0.0776964 0.117949 0.0285456 0.927929 0.371663 -0.138325 -0.36457 0.920845 -0.379565 2.86604 4.20443</i>
                        <i>0.991081 -0.0732823 0.111304 0.0281752 0.931571 0.362466 -0.13025 -0.356097 0.925327 -0.37791 2.87016 4.19512</i>
                        <i>0.992211 -0.0689279 0.103761 0.027356 0.933196 0.358325 -0.121528 -0.352695 0.927813 -0.377052 2.87162 4.19069</i>
                        <i>0.993343 -0.0651485 0.0950073 0.026689 0.932437 0.360347 -0.112064 -0.355412 0.927968 -0.376712 2.87029 4.19163</i>
                        <i>0.994398 -0.0621189 0.0855202 0.0269332 0.931288 0.363286 -0.102211 -0.358948 0.927744 -0.376372 2.86753 4.19494</i>
                        <i>0.995333 -0.059363 0.0760858 0.0277581 0.931212 0.363419 -0.0924257 -0.359611 0.928513 -0.376108 2.86431 4.19876</i>
                        <i>0.996127 -0.0568423 0.0670868 0.0288597 0.932043 0.361198 -0.0830591 -0.357862 0.930073 -0.375936 2.86091 4.20267</i>
                        <i>0.996771 -0.0545686 0.0588967 0.0300105 0.93359 0.357084 -0.0744709 -0.354163 0.932214 -0.375856 2.85764 4.20628</i>
                        <i>0.997267 -0.0526023 0.0518847 0.031062 0.935652 0.351555 -0.0670386 -0.348982 0.934728 -0.375848 2.85481 4.20922</i>
                        <i>0.997617 -0.0510443 0.0464188 0.0319378 0.938023 0.345099 -0.0611573 -0.342794 0.937418 -0.375875 2.85274 4.21113</i>
                        <i>0.997828 -0.0500195 0.0428675 0.032616 0.940504 0.338214 -0.0572343 -0.336082 0.940092 -0.375884 2.85179 4.21166</i>
                        <i>0.9979 -0.0496531 0.0416018 0.0331008 0.942908 0.331405 -0.0556819 -0.329332 0.942571 -0.375816 2.8523 4.21047</i>
                        <i>0.9979 -0.0496531 0.0416018 0.0334131 0.944743 0.326104 -0.0554951 -0.324029 0.944418 -0.375714 2.85343 4.20875</i>
                        <i>0.9979 -0.0496531 0.0416018 0.0335939 0.945795 0.323023 -0.0553858 -0.320947 0.945476 -0.375655 2.85408 4.20774</i>
                        <i>0.9979 -0.0496531 0.0416018 0.0336668 0.946217 0.321777 -0.0553415 -0.319701 0.945901 -0.375632 2.85434 4.20733</i>
                        <i>0.9979 -0.0496531 0.0416018 0.0336553 0.94615 0.321974 -0.0553485 -0.319898 0.945834 -0.375635 2.8543 4.2074</i>
                        <i>0.9979 -0.0496531 0.0416018 0.0335823 0.945728 0.32322 -0.0553928 -0.321144 0.945409 -0.375659 2.85404 4.20781</i>
                        <i>0.9979 -0.0496531 0.0416018 0.0334708 0.94508 0.325121 -0.0554603 -0.323046 0.944757 -0.375695 2.85364 4.20842</i>
                        <i>0.9979 -0.0496531 0.0416018 0.0333438 0.944338 0.327283 -0.0555367 -0.325208 0.94401 -0.375737 2.85318 4.20913</i>
                        <i>0.9979 -0.0496531 0.0416018 0.0332243 0.943636 0.329312 -0.0556083 -0.327238 0.943304 -0.375776 2.85275 4.20979</i>
                        <i>0.9979 -0.0496531 0.0416018 0.0331355 0.943113 0.330816 -0.0556613 -0.328743 0.942778 -0.375805 2.85243 4.21028</i>
                        <i>0.9979 -0.0496531 0.0416018 0.0331008 0.942908 0.331405 -0.0556819 -0.329332 0.942571 -0.375816 2.8523 4.21047</i>
                    </KeyFrames>
                </p>
            </i>
            <i>
                <p>
                    <Name><![CDATA[l_clav]]></Name>
                    <Exclude>0</Exclude>
                    <Additive>0</Additive>
                    <IKPriority>0</IKPriority>
                    <IKRotLimits>-1e+010 -1e+010 -1e+010 1e+010 1e+010 1e+010</IKRotLimits>
                    <IKRotLimitOrder>0</IKRotLimitOrder>
                    <KeyFrames count="40">
                        <i>0.769088 0.638376 0.0312973 -0.402357 0.445533 0.799755 0.496601 -0.627675 0.59951 -0.304831 2.43208 3.93401</i>
                        <i>0.767646 0.635738 0.0809676 -0.444678 0.437395 0.781631 0.461498 -0.636021 0.618464 -0.304372 2.43968 3.94996</i>
                        <i>0.764581 0.621738 0.169876 -0.513923 0.429031 0.742843 0.388972 -0.655266 0.647555 -0.304448 2.45709 3.97781</i>
                        <i>0.764645 0.608551 0.212093 -0.543896 0.432855 0.718897 0.34568 -0.665058 0.661969 -0.304465 2.48131 3.98867</i>
                        <i>0.774772 0.596423 0.20978 -0.528902 0.429627 0.731904 0.346397 -0.678012 0.648312 -0.3024 2.50338 3.9723</i>
                        <i>0.791152 0.576323 0.204771 -0.504687 0.426027 0.750861 0.3455 -0.69739 0.627915 -0.298797 2.50831 3.94477</i>
                        <i>0.805147 0.566329 0.176096 -0.487153 0.462175 0.740997 0.338261 -0.682397 0.648008 -0.294302 2.49842 3.91856</i>
                        <i>0.811278 0.572186 0.120131 -0.482995 0.540121 0.689191 0.32946 -0.617148 0.714551 -0.290382 2.47729 3.90441</i>
                        <i>0.811007 0.581861 0.0608731 -0.486555 0.61305 0.622441 0.324856 -0.534423 0.780296 -0.288374 2.45446 3.9032</i>
                        <i>0.806659 0.590823 0.0151335 -0.493498 0.659248 0.56732 0.325209 -0.465103 0.823358 -0.288141 2.43865 3.91001</i>
                        <i>0.799968 0.600032 0.00339694 -0.499428 0.662683 0.558052 0.332598 -0.448121 0.829799 -0.289873 2.43206 3.92113</i>
                        <i>0.793265 0.608285 0.0268262 -0.500106 0.625792 0.598564 0.34731 -0.488236 0.800626 -0.293027 2.4307 3.9324</i>
                        <i>0.787642 0.612615 0.0657494 -0.495586 0.566516 0.658372 0.366081 -0.551146 0.749815 -0.296595 2.43238 3.94197</i>
                        <i>0.784423 0.611527 0.103515 -0.486108 0.502521 0.714963 0.385201 -0.611152 0.691458 -0.299644 2.4354 3.94756</i>
