<?xml version="1.0" encoding="ISO-8859-1" ?>
<Animl Version="1">
    <ModellingPackage><![CDATA[Maya.2010]]></ModellingPackage>
    <SrcFile><![CDATA[anims\turrets\artillery\blue\~src\artillery_m102\artillery_m102_reload_crewman_c.mb]]></SrcFile>
    <FramesPerSecond>30</FramesPerSecond>
    <TotalFrames>100</TotalFrames>
    <Skeleton>
        <RefFrame>
            <Name><![CDATA[soldier_ref_frame]]></Name>
            <Exclude>0</Exclude>
            <Additive>0</Additive>
            <IKPriority>0</IKPriority>
            <IKRotLimits>-1e+010 -1e+010 -1e+010 1e+010 1e+010 1e+010</IKRotLimits>
            <IKRotLimitOrder>0</IKRotLimitOrder>
            <KeyFrames count="100">
                <i>1 0 0 0 1 0 0 0 1 -2.69 1.33 -1.56</i>
                <i>1 0 0 0 1 0 0 0 1 -2.69 1.33 -1.56</i>
                <i>1 0 0 0 1 0 0 0 1 -2.69 1.33 -1.56</i>
                <i>1 0 0 0 1 0 0 0 1 -2.69 1.33 -1.56</i>
                <i>1 0 0 0 1 0 0 0 1 -2.69 1.33 -1.56</i>
                <i>1 0 0 0 1 0 0 0 1 -2.69 1.33 -1.56</i>
                <i>1 0 0 0 1 0 0 0 1 -2.69 1.33 -1.56</i>
                <i>1 0 0 0 1 0 0 0 1 -2.69 1.33 -1.56</i>
                <i>1 0 0 0 1 0 0 0 1 -2.69 1.33 -1.56</i>
                <i>1 0 0 0 1 0 0 0 1 -2.69 1.33 -1.56</i>
                <i>1 0 0 0 1 0 0 0 1 -2.69 1.33 -1.56</i>
                <i>1 0 0 0 1 0 0 0 1 -2.69 1.33 -1.56</i>
                <i>1 0 0 0 1 0 0 0 1 -2.69 1.33 -1.56</i>
                <i>1 0 0 0 1 0 0 0 1 -2.69 1.33 -1.56</i>
                <i>1 0 0 0 1 0 0 0 1 -2.69 1.33 -1.56</i>
                <i>1 0 0 0 1 0 0 0 1 -2.69 1.33 -1.56</i>
                <i>1 0 0 0 1 0 0 0 1 -2.69 1.33 -1.56</i>
                <i>1 0 0 0 1 0 0 0 1 -2.69 1.33 -1.56</i>
                <i>1 0 0 0 1 0 0 0 1 -2.69 1.33 -1.56</i>
                <i>1 0 0 0 1 0 0 0 1 -2.69 1.33 -1.56</i>
                <i>1 0 0 0 1 0 0 0 1 -2.69 1.33 -1.56</i>
                <i>1 0 0 0 1 0 0 0 1 -2.69 1.33 -1.56</i>
                <i>1 0 0 0 1 0 0 0 1 -2.69 1.33 -1.56</i>
                <i>1 0 0 0 1 0 0 0 1 -2.69 1.33 -1.56</i>
                <i>1 0 0 0 1 0 0 0 1 -2.69 1.33 -1.56</i>
                <i>1 0 0 0 1 0 0 0 1 -2.69 1.33 -1.56</i>
                <i>1 0 0 0 1 0 0 0 1 -2.69 1.33 -1.56</i>
                <i>1 0 0 0 1 0 0 0 1 -2.69 1.33 -1.56</i>
                <i>1 0 0 0 1 0 0 0 1 -2.69 1.33 -1.56</i>
                <i>1 0 0 0 1 0 0 0 1 -2.69 1.33 -1.56</i>
                <i>1 0 0 0 1 0 0 0 1 -2.69 1.33 -1.56</i>
                <i>1 0 0 0 1 0 0 0 1 -2.69 1.33 -1.56</i>
                <i>1 0 0 0 1 0 0 0 1 -2.69 1.33 -1.56</i>
                <i>1 0 0 0 1 0 0 0 1 -2.69 1.33 -1.56</i>
                <i>1 0 0 0 1 0 0 0 1 -2.69 1.33 -1.56</i>
                <i>1 0 0 0 1 0 0 0 1 -2.69 1.33 -1.56</i>
                <i>1 0 0 0 1 0 0 0 1 -2.69 1.33 -1.56</i>
                <i>1 0 0 0 1 0 0 0 1 -2.69 1.33 -1.56</i>
                <i>1 0 0 0 1 0 0 0 1 -2.69 1.33 -1.56</i>
                <i>1 0 0 0 1 0 0 0 1 -2.69 1.33 -1.56</i>
                <i>1 0 0 0 1 0 0 0 1 -2.69 1.33 -1.56</i>
                <i>1 0 0 0 1 0 0 0 1 -2.69 1.33 -1.56</i>
                <i>1 0 0 0 1 0 0 0 1 -2.69 1.33 -1.56</i>
                <i>1 0 0 0 1 0 0 0 1 -2.69 1.33 -1.56</i>
                <i>1 0 0 0 1 0 0 0 1 -2.69 1.33 -1.56</i>
                <i>1 0 0 0 1 0 0 0 1 -2.69 1.33 -1.56</i>
                <i>1 0 0 0 1 0 0 0 1 -2.69 1.33 -1.56</i>
                <i>1 0 0 0 1 0 0 0 1 -2.69 1.33 -1.56</i>
                <i>1 0 0 0 1 0 0 0 1 -2.69 1.33 -1.56</i>
                <i>1 0 0 0 1 0 0 0 1 -2.69 1.33 -1.56</i>
                <i>1 0 0 0 1 0 0 0 1 -2.69 1.33 -1.56</i>
                <i>1 0 0 0 1 0 0 0 1 -2.69 1.33 -1.56</i>
                <i>1 0 0 0 1 0 0 0 1 -2.69 1.33 -1.56</i>
                <i>1 0 0 0 1 0 0 0 1 -2.69 1.33 -1.56</i>
                <i>1 0 0 0 1 0 0 0 1 -2.69 1.33 -1.56</i>
                <i>1 0 0 0 1 0 0 0 1 -2.69 1.33 -1.56</i>
                <i>1 0 0 0 1 0 0 0 1 -2.69 1.33 -1.56</i>
                <i>1 0 0 0 1 0 0 0 1 -2.69 1.33 -1.56</i>
                <i>1 0 0 0 1 0 0 0 1 -2.69 1.33 -1.56</i>
                <i>1 0 0 0 1 0 0 0 1 -2.69 1.33 -1.56</i>
                <i>1 0 0 0 1 0 0 0 1 -2.69 1.33 -1.56</i>
                <i>1 0 0 0 1 0 0 0 1 -2.69 1.33 -1.56</i>
                <i>1 0 0 0 1 0 0 0 1 -2.69 1.33 -1.56</i>
                <i>1 0 0 0 1 0 0 0 1 -2.69 1.33 -1.56</i>
                <i>1 0 0 0 1 0 0 0 1 -2.69 1.33 -1.56</i>
                <i>1 0 0 0 1 0 0 0 1 -2.69 1.33 -1.56</i>
                <i>1 0 0 0 1 0 0 0 1 -2.69 1.33 -1.56</i>
                <i>1 0 0 0 1 0 0 0 1 -2.69 1.33 -1.56</i>
                <i>1 0 0 0 1 0 0 0 1 -2.69 1.33 -1.56</i>
                <i>1 0 0 0 1 0 0 0 1 -2.69 1.33 -1.56</i>
                <i>1 0 0 0 1 0 0 0 1 -2.69 1.33 -1.56</i>
                <i>1 0 0 0 1 0 0 0 1 -2.69 1.33 -1.56</i>
                <i>1 0 0 0 1 0 0 0 1 -2.69 1.33 -1.56</i>
                <i>1 0 0 0 1 0 0 0 1 -2.69 1.33 -1.56</i>
                <i>1 0 0 0 1 0 0 0 1 -2.69 1.33 -1.56</i>
                <i>1 0 0 0 1 0 0 0 1 -2.69 1.33 -1.56</i>
                <i>1 0 0 0 1 0 0 0 1 -2.69 1.33 -1.56</i>
                <i>1 0 0 0 1 0 0 0 1 -2.69 1.33 -1.56</i>
                <i>1 0 0 0 1 0 0 0 1 -2.69 1.33 -1.56</i>
                <i>1 0 0 0 1 0 0 0 1 -2.69 1.33 -1.56</i>
                <i>1 0 0 0 1 0 0 0 1 -2.69 1.33 -1.56</i>
                <i>1 0 0 0 1 0 0 0 1 -2.69 1.33 -1.56</i>
                <i>1 0 0 0 1 0 0 0 1 -2.69 1.33 -1.56</i>
                <i>1 0 0 0 1 0 0 0 1 -2.69 1.33 -1.56</i>
                <i>1 0 0 0 1 0 0 0 1 -2.69 1.33 -1.56</i>
                <i>1 0 0 0 1 0 0 0 1 -2.69 1.33 -1.56</i>
                <i>1 0 0 0 1 0 0 0 1 -2.69 1.33 -1.56</i>
                <i>1 0 0 0 1 0 0 0 1 -2.69 1.33 -1.56</i>
                <i>1 0 0 0 1 0 0 0 1 -2.69 1.33 -1.56</i>
                <i>1 0 0 0 1 0 0 0 1 -2.69 1.33 -1.56</i>
                <i>1 0 0 0 1 0 0 0 1 -2.69 1.33 -1.56</i>
                <i>1 0 0 0 1 0 0 0 1 -2.69 1.33 -1.56</i>
                <i>1 0 0 0 1 0 0 0 1 -2.69 1.33 -1.56</i>
                <i>1 0 0 0 1 0 0 0 1 -2.69 1.33 -1.56</i>
                <i>1 0 0 0 1 0 0 0 1 -2.69 1.33 -1.56</i>
                <i>1 0 0 0 1 0 0 0 1 -2.69 1.33 -1.56</i>
                <i>1 0 0 0 1 0 0 0 1 -2.69 1.33 -1.56</i>
                <i>1 0 0 0 1 0 0 0 1 -2.69 1.33 -1.56</i>
                <i>1 0 0 0 1 0 0 0 1 -2.69 1.33 -1.56</i>
                <i>1 0 0 0 1 0 0 0 1 -2.69 1.33 -1.56</i>
            </KeyFrames>
        </RefFrame>
        <Bones count="23">
            <i>
                <p>
                    <Name><![CDATA[pelvis]]></Name>
                    <Exclude>0</Exclude>
                    <Additive>0</Additive>
                    <IKPriority>0</IKPriority>
                    <IKRotLimits>-1e+010 -1e+010 -1e+010 1e+010 1e+010 1e+010</IKRotLimits>
                    <IKRotLimitOrder>2</IKRotLimitOrder>
                    <KeyFrames count="100">
                        <i>1 0 0 0 1 0 0 0 1 -2.69454 2.42474 -1.52346</i>
                        <i>1 0 0 0 1 0 0 0 1 -2.68993 2.42845 -1.52088</i>
                        <i>1 0 0 0 1 0 0 0 1 -2.67931 2.42307 -1.51495</i>
                        <i>1 0 0 0 1 0 0 0 1 -2.66749 2.3838 -1.50835</i>
                        <i>1 0 0 0 1 0 0 0 1 -2.65289 2.27701 -1.50018</i>
                        <i>1 0 0 0 1 0 0 0 1 -2.63708 2.13634 -1.49136</i>
                        <i>1 0 0 0 1 0 0 0 1 -2.62968 2.03794 -1.48722</i>
                        <i>1 0 0 0 1 0 0 0 1 -2.62968 2.02146 -1.48722</i>
                        <i>1 0 0 0 1 0 0 0 1 -2.62968 2.04725 -1.48722</i>
                        <i>1 0 0 0 1 0 0 0 1 -2.62968 2.07259 -1.48722</i>
                        <i>1 0 0 0 1 0 0 0 1 -2.62968 2.07791 -1.48722</i>
                        <i>1 0 0 0 1 0 0 0 1 -2.62968 2.07761 -1.48722</i>
                        <i>1 0 0 0 1 0 0 0 1 -2.62968 2.07987 -1.48722</i>
                        <i>1 0 0 0 1 0 0 0 1 -2.62968 2.09292 -1.48722</i>
                        <i>1 0 0 0 1 0 0 0 1 -2.62968 2.12495 -1.48722</i>
                        <i>1 0 0 0 1 0 0 0 1 -2.58447 2.19113 -1.51626</i>
                        <i>1 0 0 0 1 0 0 0 1 -2.47956 2.28598 -1.59212</i>
                        <i>1 0 0 0 1 0 0 0 1 -2.36065 2.38678 -1.69416</i>
                        <i>1 0 0 0 1 0 0 0 1 -2.26167 2.47077 -1.79163</i>
                        <i>1 0 0 0 1 0 0 0 1 -2.19876 2.51522 -1.84958</i>
                        <i>1 0 0 0 1 0 0 0 1 -2.15478 2.50642 -1.87325</i>
                        <i>1 0 0 0 1 0 0 0 1 -2.10743 2.45953 -1.89032</i>
                        <i>1 0 0 0 1 0 0 0 1 -2.0567 2.39511 -1.90204</i>
                        <i>1 0 0 0 1 0 0 0 1 -2.00336 2.33373 -1.90971</i>
                        <i>1 0 0 0 1 0 0 0 1 -1.94907 2.29597 -1.91446</i>
                        <i>1 0 0 0 1 0 0 0 1 -1.89623 2.28557 -1.917</i>
                        <i>1 0 0 0 1 0 0 0 1 -1.84787 2.28882 -1.91751</i>
                        <i>1 0 0 0 1 0 0 0 1 -1.80739 2.30009 -1.9156</i>
                        <i>1 0 0 0 1 0 0 0 1 -1.77843 2.31376 -1.91049</i>
                        <i>1 0 0 0 1 0 0 0 1 -1.76467 2.32419 -1.90128</i>
                        <i>1 0 0 0 1 0 0 0 1 -1.76506 2.33124 -1.89311</i>
                        <i>1 0 0 0 1 0 0 0 1 -1.77499 2.33864 -1.89056</i>
                        <i>1 0 0 0 1 0 0 0 1 -1.79278 2.34664 -1.8921</i>
                        <i>1 0 0 0 1 0 0 0 1 -1.81671 2.35547 -1.89618</i>
                        <i>1 0 0 0 1 0 0 0 1 -1.84509 2.36538 -1.90128</i>
                        <i>1 0 0 0 1 0 0 0 1 -1.88314 2.37737 -1.90903</i>
                        <i>1 0 0 0 1 0 0 0 1 -1.93199 2.39127 -1.92043</i>
                        <i>1 0 0 0 1 0 0 0 1 -1.98382 2.40558 -1.93306</i>
                        <i>1 0 0 0 1 0 0 0 1 -2.03078 2.41882 -1.94447</i>
                        <i>1 0 0 0 1 0 0 0 1 -2.06504 2.42947 -1.95221</i>
                        <i>1 0 0 0 1 0 0 0 1 -2.08304 2.43842 -1.9568</i>
                        <i>1 0 0 0 1 0 0 0 1 -2.09 2.44667 -1.95987</i>
                        <i>1 0 0 0 1 0 0 0 1 -2.09127 2.4529 -1.96064</i>
                        <i>1 0 0 0 1 0 0 0 1 -2.09219 2.45579 -1.95835</i>
                        <i>1 0 0 0 1 0 0 0 1 -2.0981 2.454 -1.95221</i>
                        <i>1 0 0 0 1 0 0 0 1 -2.12374 2.44334 -1.93622</i>
                        <i>1 0 0 0 1 0 0 0 1 -2.17407 2.4247 -1.91119</i>
                        <i>1 0 0 0 1 0 0 0 1 -2.23911 2.40436 -1.88614</i>
                        <i>1 0 0 0 1 0 0 0 1 -2.30673 2.38865 -1.86756</i>
                        <i>1 0 0 0 1 0 0 0 1 -2.36235 2.38386 -1.857</i>
                        <i>1 0 0 0 1 0 0 0 1 -2.38999 2.39616 -1.84881</i>
                        <i>1 0 0 0 1 0 0 0 1 -2.3933 2.42135 -1.82942</i>
                        <i>1 0 0 0 1 0 0 0 1 -2.38876 2.45017 -1.7903</i>
                        <i>1 0 0 0 1 0 0 0 1 -2.39418 2.47339 -1.73327</i>
                        <i>1 0 0 0 1 0 0 0 1 -2.42508 2.48176 -1.67031</i>
                        <i>1 0 0 0 1 0 0 0 1 -2.48412 2.46836 -1.6138</i>
                        <i>1 0 0 0 1 0 0 0 1 -2.55573 2.43935 -1.56961</i>
                        <i>1 0 0 0 1 0 0 0 1 -2.62421 2.40512 -1.54129</i>
                        <i>1 0 0 0 1 0 0 0 1 -2.67488 2.37602 -1.52726</i>
                        <i>1 0 0 0 1 0 0 0 1 -2.69454 2.36244 -1.52346</i>
                        <i>1 0 0 0 1 0 0 0 1 -2.69454 2.36987 -1.52346</i>
                        <i>1 0 0 0 1 0 0 0 1 -2.69454 2.39141 -1.52346</i>
                        <i>1 0 0 0 1 0 0 0 1 -2.69454 2.4188 -1.52346</i>
                        <i>1 0 0 0 1 0 0 0 1 -2.69454 2.44377 -1.52346</i>
                        <i>1 0 0 0 1 0 0 0 1 -2.69454 2.45809 -1.52346</i>
                        <i>1 0 0 0 1 0 0 0 1 -2.69454 2.45877 -1.52346</i>
                        <i>1 0 0 0 1 0 0 0 1 -2.69454 2.45132 -1.52346</i>
                        <i>1 0 0 0 1 0 0 0 1 -2.69454 2.4402 -1.52346</i>
                        <i>1 0 0 0 1 0 0 0 1 -2.69454 2.42986 -1.52346</i>
                        <i>1 0 0 0 1 0 0 0 1 -2.69454 2.42474 -1.52346</i>
                        <i>1 0 0 0 1 0 0 0 1 -2.69454 2.42442 -1.52346</i>
                        <i>1 0 0 0 1 0 0 0 1 -2.69454 2.42532 -1.52346</i>
                        <i>1 0 0 0 1 0 0 0 1 -2.69454 2.42715 -1.52346</i>
                        <i>1 0 0 0 1 0 0 0 1 -2.69454 2.42964 -1.52346</i>
                        <i>1 0 0 0 1 0 0 0 1 -2.69454 2.43252 -1.52346</i>
                        <i>1 0 0 0 1 0 0 0 1 -2.69454 2.43549 -1.52346</i>
                        <i>1 0 0 0 1 0 0 0 1 -2.69454 2.43828 -1.52346</i>
                        <i>1 0 0 0 1 0 0 0 1 -2.69454 2.44063 -1.52346</i>
                        <i>1 0 0 0 1 0 0 0 1 -2.69454 2.44223 -1.52346</i>
                        <i>1 0 0 0 1 0 0 0 1 -2.69454 2.44283 -1.52346</i>
                        <i>1 0 0 0 1 0 0 0 1 -2.69454 2.44233 -1.52346</i>
                        <i>1 0 0 0 1 0 0 0 1 -2.69454 2.44095 -1.52346</i>
                        <i>1 0 0 0 1 0 0 0 1 -2.69454 2.43892 -1.52346</i>
                        <i>1 0 0 0 1 0 0 0 1 -2.69454 2.43646 -1.52346</i>
                        <i>1 0 0 0 1 0 0 0 1 -2.69454 2.43379 -1.52346</i>
                        <i>1 0 0 0 1 0 0 0 1 -2.69454 2.43111 -1.52346</i>
                        <i>1 0 0 0 1 0 0 0 1 -2.69454 2.42865 -1.52346</i>
                        <i>1 0 0 0 1 0 0 0 1 -2.69454 2.42662 -1.52346</i>
                        <i>1 0 0 0 1 0 0 0 1 -2.69454 2.42525 -1.52346</i>
                        <i>1 0 0 0 1 0 0 0 1 -2.69454 2.42474 -1.52346</i>
                        <i>1 0 0 0 1 0 0 0 1 -2.69454 2.42474 -1.52346</i>
                        <i>1 0 0 0 1 0 0 0 1 -2.69454 2.42474 -1.52346</i>
                        <i>1 0 0 0 1 0 0 0 1 -2.69454 2.42474 -1.52346</i>
                        <i>1 0 0 0 1 0 0 0 1 -2.69454 2.42474 -1.52346</i>
                        <i>1 0 0 0 1 0 0 0 1 -2.69454 2.42474 -1.52346</i>
                        <i>1 0 0 0 1 0 0 0 1 -2.69454 2.42474 -1.52346</i>
                        <i>1 0 0 0 1 0 0 0 1 -2.69454 2.42474 -1.52346</i>
                        <i>1 0 0 0 1 0 0 0 1 -2.69454 2.42474 -1.52346</i>
                        <i>1 0 0 0 1 0 0 0 1 -2.69454 2.42474 -1.52346</i>
                        <i>1 0 0 0 1 0 0 0 1 -2.69454 2.42474 -1.52346</i>
                    </KeyFrames>
                </p>
            </i>
            <i>
                <p>
                    <Name><![CDATA[spine0]]></Name>
                    <Exclude>0</Exclude>
                    <Additive>0</Additive>
                    <IKPriority>0</IKPriority>
                    <IKRotLimits>-1e+010 -1e+010 -1e+010 1e+010 1e+010 1e+010</IKRotLimits>
                    <IKRotLimitOrder>0</IKRotLimitOrder>
                    <KeyFrames count="100">
                        <i>-0.00704003 0.999819 0.0176594 -0.991727 -0.00924445 0.128034 0.128174 -0.0166119 0.991613 -2.70543 2.56159 -1.56645</i>
                        <i>-0.00159392 0.998521 0.0543433 -0.990677 -0.00897962 0.135937 0.136224 -0.05362 0.989226 -2.70113 2.56563 -1.56274</i>
                        <i>0.0112069 0.989614 0.14331 -0.988044 -0.0110792 0.153773 0.153763 -0.14332 0.977659 -2.69143 2.56105 -1.5538</i>
                        <i>0.0261763 0.967541 0.251356 -0.984864 -0.0181365 0.172377 0.17134 -0.252064 0.952421 -2.68096 2.52279 -1.54295</i>
                        <i>0.0460523 0.916141 0.398201 -0.980765 -0.0342246 0.192167 0.18968 -0.399391 0.896944 -2.66831 2.41737 -1.52768</i>
                        <i>0.0675996 0.826632 0.558668 -0.976315 -0.0605383 0.207711 0.205521 -0.559477 0.802961 -2.65509 2.27779 -1.51037</i>
                        <i>0.0773289 0.771766 0.631187 -0.974266 -0.0759471 0.212223 0.211723 -0.631355 0.746032 -2.64906 2.17971 -1.50211</i>
                        <i>0.0786228 0.763483 0.641024 -0.974395 -0.077018 0.211242 0.21065 -0.641219 0.737879 -2.64882 2.16344 -1.50029</i>
                        <i>0.0809882 0.747764 0.659007 -0.974639 -0.0789725 0.209386 0.208615 -0.659252 0.722404 -2.64838 2.18956 -1.49691</i>
                        <i>0.0822413 0.739121 0.668534 -0.974773 -0.0800062 0.208368 0.207496 -0.668805 0.713895 -2.64813 2.21505 -1.49508</i>
                        <i>0.0771099 0.770968 0.632189 -0.974544 -0.0756024 0.211066 0.21052 -0.632371 0.745512 -2.64865 2.22004 -1.49898</i>
                        <i>0.0638162 0.840886 0.537437 -0.97403 -0.0647489 0.216965 0.217242 -0.537326 0.814915 -2.64994 2.21839 -1.5088</i>
                        <i>0.0458895 0.911535 0.408654 -0.973491 -0.0509551 0.222977 0.224074 -0.408054 0.885033 -2.65163 2.21781 -1.52167</i>
                        <i>0.0279623 0.959977 0.278678 -0.973083 -0.0376571 0.227358 0.228753 -0.277534 0.933085 -2.65335 2.22662 -1.53474</i>
                        <i>0.0152618 0.982649 0.184844 -0.972798 -0.0281448 0.22994 0.231152 -0.183326 0.95549 -2.65475 2.25412 -1.54537</i>
                        <i>0.0136597 0.993055 0.116851 -0.955336 -0.0215401 0.294735 0.295205 -0.115658 0.948408 -2.61482 2.31722 -1.57853</i>
                        <i>0.00545541 0.998655 0.0515652 -0.894349 -0.0181951 0.447 0.447337 -0.0485559 0.893046 -2.52151 2.41087 -1.64992</i>
                        <i>-0.0195123 0.999782 0.00747033 -0.780419 -0.0199006 0.62494 0.624952 0.00636405 0.780637 -2.41517 2.51176 -1.74001</i>
                        <i>-0.0472115 0.998856 -0.0076204 -0.634765 -0.0241103 0.772329 0.771262 0.0413 0.635177 -2.32475 2.59636 -1.82235</i>
                        <i>-0.0571269 0.99836 -0.00384362 -0.513174 -0.0260614 0.857889 0.856381 0.050981 0.513821 -2.26548 2.64116 -1.86914</i>
                        <i>-0.070306 0.997515 0.00460305 -0.424752 -0.0341116 0.904667 0.902576 0.0616484 0.426094 -2.22302 2.63238 -1.88638</i>
                        <i>-0.103273 0.994419 0.0215879 -0.334759 -0.055187 0.940687 0.936628 0.0899208 0.338589 -2.17637 2.58557 -1.89774</i>
                        <i>-0.132277 0.990078 0.0474233 -0.247328 -0.0792984 0.965681 0.95986 0.116008 0.255363 -2.12569 2.52132 -1.9045</i>
                        <i>-0.137108 0.988277 0.0671595 -0.167864 -0.0900006 0.981693 0.976229 0.123324 0.178236 -2.07188 2.46022 -1.908</i>
                        <i>-0.110981 0.991369 0.0697847 -0.0995313 -0.0809527 0.991736 0.988826 0.103118 0.107656 -2.01668 2.42285 -1.90938</i>
                        <i>-0.0528666 0.996743 0.0608913 -0.0426502 -0.0631746 0.997091 0.99769 0.0501158 0.0458511 -1.96118 2.4137 -1.90928</i>
                        <i>0.0309093 0.998532 0.0444701 0.00313341 -0.0445879 0.999001 0.999517 -0.030739 -0.00450699 -1.90803 2.41915 -1.90803</i>
                        <i>0.118913 0.992563 0.0260619 0.0378734 -0.0307633 0.998809 0.992182 -0.117784 -0.0412499 -1.86218 2.43271 -1.90527</i>
                        <i>0.188846 0.981937 0.0117427 0.0600661 -0.0234858 0.997918 0.980168 -0.187747 -0.0634163 -1.82883 2.44809 -1.89994</i>
                        <i>0.218426 0.975835 0.00609168 0.0678198 -0.0214072 0.997468 0.973494 -0.21746 -0.0708568 -1.81327 2.45919 -1.89074</i>
                        <i>0.18895 0.98195 0.00850825 0.0679066 -0.0217094 0.997455 0.979636 -0.187892 -0.0707829 -1.81535 2.4656 -1.88245</i>
                        <i>0.114577 0.993308 0.0145663 0.0681395 -0.0224864 0.997422 0.991075 -0.113289 -0.0702599 -1.82923 2.47143 -1.87962</i>
                        <i>0.0229287 0.999497 0.0218942 0.0684698 -0.0234185 0.997378 0.99739 -0.0213695 -0.0689723 -1.85165 2.47742 -1.88084</i>
                        <i>-0.0588077 0.997868 0.0283055 0.0687954 -0.0242361 0.997336 0.995896 0.0605983 -0.0672235 -1.8794 2.48444 -1.88467</i>
                        <i>-0.105034 0.993957 0.0318971 0.0689626 -0.0247173 0.997313 0.992075 0.106952 -0.0659497 -1.90936 2.49356 -1.88966</i>
                        <i>-0.123396 0.991807 0.0330519 0.0616788 -0.0255767 0.997768 0.990439 0.125159 -0.0580175 -1.94646 2.50606 -1.89785</i>
                        <i>-0.137566 0.989944 0.0329667 0.0431943 -0.0272557 0.998695 0.98955 0.138811 -0.0390105 -1.99301 2.52115 -1.91032</i>
                        <i>-0.147324 0.988584 0.0315951 0.0186729 -0.0291581 0.9994 0.988912 0.147826 -0.014164 -2.04205 2.53684 -1.92425</i>
                        <i>-0.152868 0.987811 0.0293311 -0.00668388 -0.0307127 0.999506 0.988224 0.152596 0.0112974 -2.08664 2.55117 -1.93689</i>
                        <i>-0.15467 0.987605 0.0267265 -0.0276601 -0.0313701 0.999125 0.987579 0.153795 0.0321692 -2.11994 2.56228 -1.94567</i>
                        <i>-0.15295 0.987908 0.0253927 -0.0324705 -0.030705 0.999001 0.9877 0.151972 0.0367742 -2.13841 2.57106 -1.95063</i>
                        <i>-0.148207 0.988637 0.025139 -0.0245178 -0.029085 0.999276 0.988652 0.147484 0.0285498 -2.14643 2.57885 -1.9535</i>
                        <i>-0.141354 0.989671 0.0238634 -0.0213743 -0.0271509 0.999403 0.989728 0.140759 0.0249914 -2.14898 2.58453 -1.95438</i>
                        <i>-0.133273 0.990879 0.019912 -0.0406116 -0.0255344 0.998849 0.990247 0.132311 0.0436442 -2.15104 2.58697 -1.95344</i>
                        <i>-0.124536 0.992139 0.0122857 -0.0996724 -0.0248287 0.994711 0.987196 0.122653 0.101981 -2.15747 2.58503 -1.95092</i>
                        <i>-0.110561 0.993812 -0.010706 -0.249288 -0.0173022 0.968275 0.962098 0.109722 0.249659 -2.18206 2.57456 -1.94505</i>
                        <i>-0.086341 0.995072 -0.0487535 -0.478666 0.00148414 0.877996 0.873741 0.0991437 0.476179 -2.22742 2.55586 -1.9366</i>
                        <i>-0.0537149 0.994887 -0.0855262 -0.705162 0.0228496 0.708678 0.707008 0.0983764 0.700329 -2.28232 2.53488 -1.92849</i>
                        <i>-0.0199423 0.99378 -0.109564 -0.864062 0.0380004 0.501949 0.502991 0.10468 0.857929 -2.33701 2.51831 -1.92202</i>
                        <i>0.00374501 0.993176 -0.116566 -0.939715 0.0433544 0.3392 0.341939 0.108269 0.933464 -2.38204 2.51332 -1.91658</i>
                        <i>0.017366 0.993839 -0.109468 -0.969501 0.0435073 0.241194 0.244471 0.10194 0.964283 -2.40311 2.52626 -1.90881</i>
                        <i>0.0275053 0.995233 -0.0935634 -0.984448 0.0432155 0.17028 0.173512 0.0874247 0.980944 -2.40178 2.55245 -1.88806</i>
                        <i>0.0325183 0.996813 -0.0728397 -0.991439 0.0413923 0.123839 0.12646 0.068189 0.989625 -2.3945 2.58247 -1.84654</i>
                        <i>0.0320919 0.998168 -0.0512948 -0.994493 0.0370127 0.0980544 0.0997733 0.0478656 0.993858 -2.39888 2.6069 -1.78666</i>
                        <i>0.0270261 0.999102 -0.0326187 -0.995622 0.029824 0.0885799 0.0894732 0.0300819 0.995535 -2.43004 2.61636 -1.72084</i>
                        <i>0.0179863 0.999705 -0.0162898 -0.995671 0.019395 0.0909055 0.0911947 0.0145843 0.995726 -2.49023 2.60385 -1.66176</i>
                        <i>0.00657805 0.999978 -0.00107253 -0.99492 0.00665252 0.10045 0.100455 0.000406314 0.994942 -2.56341 2.57549 -1.61547</i>
                        <i>-0.00448955 0.999925 0.0113801 -0.993612 -0.00574389 0.112704 0.112761 -0.0108014 0.993563 -2.63346 2.54167 -1.58559</i>
                        <i>-0.0126624 0.999722 0.0199025 -0.992261 -0.0150218 0.123261 0.123526 -0.0181877 0.992175 -2.68531 2.5128 -1.57059</i>
                        <i>-0.015662 0.999604 0.0233792 -0.991633 -0.0185251 0.127756 0.128139 -0.0211826 0.99153 -2.70543 2.49929 -1.56645</i>
                        <i>-0.0152427 0.999607 0.0235338 -0.991638 -0.0181293 0.127768 0.128144 -0.0213895 0.991525 -2.70543 2.50673 -1.56645</i>
                        <i>-0.0145964 0.999626 0.0231366 -0.991648 -0.0174376 0.127789 0.128145 -0.0210781 0.991531 -2.70543 2.52827 -1.56645</i>
                        <i>-0.013744 0.999656 0.0223596 -0.991661 -0.016493 0.127818 0.128142 -0.0204164 0.991546 -2.70543 2.55565 -1.56645</i>
                        <i>-0.0127062 0.999691 0.0213683 -0.991675 -0.0153371 0.127853 0.128141 -0.0195659 0.991563 -2.70543 2.58063 -1.56645</i>
                        <i>-0.0115271 0.999727 0.0203134 -0.991689 -0.014033 0.127892 0.128142 -0.0186704 0.99158 -2.70543 2.59494 -1.56645</i>
                        <i>-0.0102834 0.99976 0.0193226 -0.991702 -0.0126731 0.127932 0.128147 -0.0178467 0.991595 -2.70543 2.59562 -1.56645</i>
                        <i>-0.00908255 0.999788 0.0184958 -0.991713 -0.0113766 0.127971 0.128154 -0.0171802 0.991605 -2.70543 2.58818 -1.56645</i>
                        <i>-0.00805231 0.999807 0.0179065 -0.99172 -0.0102797 0.128003 0.128163 -0.0167275 0.991612 -2.70543 2.57705 -1.56645</i>
                        <i>-0.0073284 0.999818 0.0176101 -0.991725 -0.00952403 0.128025 0.12817 -0.0165261 0.991615 -2.70543 2.56671 -1.56645</i>
                        <i>-0.00704003 0.999819 0.0176594 -0.991727 -0.00924445 0.128034 0.128174 -0.0166119 0.991613 -2.70543 2.56159 -1.56645</i>
                        <i>-0.00708254 0.999825 0.0173392 -0.991727 -0.00924557 0.128034 0.128171 -0.0162889 0.991618 -2.70543 2.56128 -1.56645</i>
                        <i>-0.00725344 0.999845 0.0160526 -0.991727 -0.00925013 0.128034 0.128162 -0.0149911 0.99164 -2.70543 2.56217 -1.56645</i>
                        <i>-0.00752066 0.999873 0.0140411 -0.991727 -0.00925734 0.128033 0.128147 -0.012962 0.99167 -2.70543 2.56401 -1.56645</i>
                        <i>-0.00785212 0.999902 0.0115469 -0.991727 -0.00926645 0.128033 0.128128 -0.0104461 0.991703 -2.70543 2.5665 -1.56645</i>
                        <i>-0.008216 0.999927 0.00880985 -0.991727 -0.00927664 0.128033 0.128105 -0.00768505 0.991731 -2.70543 2.56937 -1.56645</i>
                        <i>-0.008581 0.999945 0.00606527 -0.991727 -0.00928707 0.128032 0.128082 -0.00491644 0.991751 -2.70543 2.57234 -1.56645</i>
                        <i>-0.00891654 0.999954 0.0035432 -0.991726 -0.00929684 0.128032 0.128059 -0.00237228 0.991764 -2.70543 2.57514 -1.56645</i>
                        <i>-0.00919266 0.999957 0.00146841 -0.991726 -0.00930501 0.128032 0.12804 -0.000279306 0.991769 -2.70543 2.57748 -1.56645</i>
                        <i>-0.0093799 0.999956 6.18219e-005 -0.991726 -0.00931062 0.128032 0.128027 0.00113961 0.99177 -2.70543 2.57909 -1.56645</i>
                        <i>-0.00944889 0.999955 -0.000456387 -0.991726 -0.0093127 0.128032 0.128022 0.00166237 0.99177 -2.70543 2.57969 -1.56645</i>
                        <i>-0.0093827 0.999956 4.07905e-005 -0.991726 -0.0093107 0.128032 0.128026 0.00116083 0.99177 -2.70543 2.57918 -1.56645</i>
                        <i>-0.00920265 0.999957 0.00139336 -0.991726 -0.00930531 0.128032 0.128039 -0.000203598 0.991769 -2.70543 2.57781 -1.56645</i>
                        <i>-0.00893629 0.999954 0.00339474 -0.991726 -0.00929742 0.128032 0.128058 -0.00222252 0.991764 -2.70543 2.57578 -1.56645</i>
                        <i>-0.00861127 0.999946 0.00583773 -0.991727 -0.00928795 0.128032 0.12808 -0.00468691 0.991753 -2.70543 2.57332 -1.56645</i>
                        <i>-0.00825563 0.99993 0.0085118 -0.991727 -0.00927777 0.128033 0.128103 -0.00738439 0.991733 -2.70543 2.57064 -1.56645</i>
                        <i>-0.00789802 0.999906 0.0112016 -0.991727 -0.00926772 0.128033 0.128125 -0.0100977 0.991707 -2.70543 2.56796 -1.56645</i>
                        <i>-0.00756774 0.999878 0.0136868 -0.991727 -0.00925863 0.128033 0.128144 -0.0126046 0.991675 -2.70543 2.5655 -1.56645</i>
                        <i>-0.00729459 0.999849 0.0157428 -0.991727 -0.00925123 0.128033 0.12816 -0.0146786 0.991645 -2.70543 2.56348 -1.56645</i>
                        <i>-0.00710865 0.999828 0.0171427 -0.991727 -0.00924627 0.128034 0.12817 -0.0160907 0.991622 -2.70543 2.5621 -1.56645</i>
                        <i>-0.00704003 0.999819 0.0176594 -0.991727 -0.00924445 0.128034 0.128174 -0.0166119 0.991613 -2.70543 2.56159 -1.56645</i>
                        <i>-0.00704003 0.999819 0.0176594 -0.991727 -0.00924445 0.128034 0.128174 -0.0166119 0.991613 -2.70543 2.56159 -1.56645</i>
                        <i>-0.00704003 0.999819 0.0176594 -0.991727 -0.00924445 0.128034 0.128174 -0.0166119 0.991613 -2.70543 2.56159 -1.56645</i>
                        <i>-0.00704003 0.999819 0.0176594 -0.991727 -0.00924445 0.128034 0.128174 -0.0166119 0.991613 -2.70543 2.56159 -1.56645</i>
                        <i>-0.00704003 0.999819 0.0176594 -0.991727 -0.00924445 0.128034 0.128174 -0.0166119 0.991613 -2.70543 2.56159 -1.56645</i>
                        <i>-0.00704003 0.999819 0.0176594 -0.991727 -0.00924445 0.128034 0.128174 -0.0166119 0.991613 -2.70543 2.56159 -1.56645</i>
                        <i>-0.00704003 0.999819 0.0176594 -0.991727 -0.00924445 0.128034 0.128174 -0.0166119 0.991613 -2.70543 2.56159 -1.56645</i>
                        <i>-0.00704003 0.999819 0.0176594 -0.991727 -0.00924445 0.128034 0.128174 -0.0166119 0.991613 -2.70543 2.56159 -1.56645</i>
                        <i>-0.00704003 0.999819 0.0176594 -0.991727 -0.00924445 0.128034 0.128174 -0.0166119 0.991613 -2.70543 2.56159 -1.56645</i>
                        <i>-0.00704003 0.999819 0.0176594 -0.991727 -0.00924445 0.128034 0.128174 -0.0166119 0.991613 -2.70543 2.56159 -1.56645</i>
                        <i>-0.00704003 0.999819 0.0176594 -0.991727 -0.00924445 0.128034 0.128174 -0.0166119 0.991613 -2.70543 2.56159 -1.56645</i>
                    </KeyFrames>
                </p>
            </i>
            <i>
                <p>
                    <Name><![CDATA[spine1]]></Name>
                    <Exclude>0</Exclude>
                    <Additive>0</Additive>
                    <IKPriority>0</IKPriority>
                    <IKRotLimits>-1e+010 -1e+010 -1e+010 1e+010 1e+010 1e+010</IKRotLimits>
                    <IKRotLimitOrder>0</IKRotLimitOrder>
                    <KeyFrames count="100">
                        <i>0.0469398 0.987625 0.149646 -0.990864 0.027075 0.132118 0.126432 -0.154481 0.979873 -2.70666 2.73546 -1.56339</i>
                        <i>0.0597739 0.969589 0.237326 -0.990108 0.027355 0.137614 0.126937 -0.243204 0.961633 -2.70141 2.74084 -1.55323</i>
                        <i>0.0889992 0.89921 0.42837 -0.988272 0.0261412 0.150452 0.124089 -0.436736 0.89099 -2.68941 2.73928 -1.52805</i>
                        <i>0.119661 0.779299 0.615122 -0.986122 0.0214757 0.164625 0.115082 -0.626285 0.771054 -2.67609 2.70329 -1.49615</i>
                        <i>0.152877 0.580062 0.800098 -0.983435 0.00951085 0.181013 0.0973892 -0.814516 0.571908 -2.65931 2.59692 -1.4498</i>
                        <i>0.180078 0.327772 0.927436 -0.980792 -0.012019 0.194685 0.0749593 -0.94468 0.319312 -2.64113 2.44916 -1.39481</i>
                        <i>0.189461 0.204746 0.960304 -0.979743 -0.0251969 0.198668 0.0648732 -0.978491 0.195824 -2.63267 2.34392 -1.36813</i>
                        <i>0.189796 0.192104 0.962847 -0.979786 -0.0260892 0.19834 0.0632218 -0.981028 0.183269 -2.63216 2.32589 -1.36421</i>
                        <i>0.19036 0.168544 0.967138 -0.97987 -0.0277345 0.197699 0.0601441 -0.985304 0.159871 -2.63121 2.34868 -1.35701</i>
                        <i>0.190633 0.155816 0.969216 -0.979918 -0.0286139 0.197338 0.0584815 -0.987372 0.147232 -2.63071 2.37233 -1.35315</i>
                        <i>0.189624 0.218583 0.957217 -0.979682 -0.0227252 0.199263 0.0653085 -0.975554 0.209833 -2.63242 2.38299 -1.36567</i>
                        <i>0.184898 0.369853 0.910506 -0.979315 -0.00814307 0.202179 0.0821907 -0.929055 0.360697 -2.63674 2.39308 -1.3974</i>
                        <i>0.17443 0.549516 0.817072 -0.979285 0.0101515 0.202232 0.102835 -0.835422 0.539903 -2.64236 2.40295 -1.43887</i>
                        <i>0.160023 0.701424 0.694548 -0.979738 0.02701 0.198453 0.12044 -0.712232 0.691534 -2.64783 2.41741 -1.47952</i>
                        <i>0.147808 0.79083 0.59392 -0.98042 0.0381597 0.193184 0.130112 -0.610845 0.780986 -2.65179 2.44677 -1.50928</i>
                        <i>0.168726 0.853988 0.492175 -0.96295 0.0362399 0.267235 0.21038 -0.519029 0.828462 -2.61222 2.50858 -1.55614</i>
                        <i>0.19596 0.919701 0.34022 -0.893285 0.0242973 0.448833 0.404526 -0.391867 0.826316 -2.52053 2.59775 -1.64035</i>
                        <i>0.175303 0.967216 0.183745 -0.756344 0.0128321 0.654048 0.630248 -0.253631 0.733797 -2.41876 2.69342 -1.7387</i>
                        <i>0.119169 0.989791 0.0781777 -0.583822 0.00616742 0.811858 0.803088 -0.142391 0.578597 -2.33319 2.7742 -1.82373</i>
                        <i>0.0936855 0.994707 0.0421987 -0.447922 0.00425804 0.894063 0.889151 -0.102662 0.44595 -2.27561 2.81773 -1.86983</i>
                        <i>0.0925966 0.994613 0.0465947 -0.338551 -0.0125583 0.940864 0.936381 -0.102896 0.335564 -2.23549 2.80899 -1.88558</i>
                        <i>0.0772295 0.994752 0.0671055 -0.208138 -0.0497375 0.976834 0.975046 -0.0894076 0.203205 -2.1947 2.76171 -1.89392</i>
                        <i>0.0676502 0.993391 0.0927195 -0.0863994 -0.0867503 0.992477 0.993961 -0.0751521 0.0799598 -2.14914 2.69665 -1.89611</i>
                        <i>0.0803197 0.991444 0.102893 -0.00064991 -0.103175 0.994663 0.996769 -0.0799579 -0.00764259 -2.09622 2.63547 -1.8961</i>
                        <i>0.136929 0.986903 0.0852833 0.0462306 -0.0923671 0.994651 0.989502 -0.132253 -0.0582728 -2.03651 2.59965 -1.89694</i>
                        <i>0.244588 0.96836 0.0495618 0.0704338 -0.0687229 0.995146 0.967066 -0.23991 -0.085014 -1.97075 2.59316 -1.89832</i>
                        <i>0.381095 0.924509 0.00702857 0.0802142 -0.040637 0.995949 0.92105 -0.378987 -0.0896453 -1.90247 2.60103 -1.89992</i>
                        <i>0.511135 0.858975 -0.0300471 0.0825993 -0.0142938 0.99648 0.855523 -0.511817 -0.0782568 -1.84034 2.61563 -1.90046</i>
                        <i>0.606486 0.793289 -0.053545 0.0818325 0.00470757 0.996635 0.790872 -0.608827 -0.0620618 -1.79378 2.6308 -1.89775</i>
                        <i>0.647902 0.759222 -0.0616827 0.0810253 0.0118267 0.996642 0.757402 -0.650724 -0.0538537 -1.77249 2.64181 -1.8896</i>
                        <i>0.618302 0.783716 -0.0590905 0.0806224 0.0115414 0.996678 0.781795 -0.621011 -0.056049 -1.7801 2.64932 -1.88085</i>
                        <i>0.526905 0.848372 -0.0513434 0.0792287 0.0111187 0.996794 0.846224 -0.529284 -0.061357 -1.808 2.65627 -1.87691</i>
                        <i>0.39864 0.9162 -0.0407955 0.0774871 0.0106756 0.996936 0.913828 -0.40058 -0.0667379 -1.84749 2.66187 -1.8768</i>
                        <i>0.269828 0.962425 -0.0305095 0.0759316 0.010319 0.99706 0.95991 -0.271351 -0.0702941 -1.89022 2.66701 -1.87949</i>
                        <i>0.185737 0.982307 -0.0239621 0.0750113 0.0101404 0.997131 0.979732 -0.187001 -0.0718007 -1.92851 2.67422 -1.88386</i>
                        <i>0.129417 0.991424 -0.0181445 0.0671223 0.00949746 0.9977 0.989316 -0.130337 -0.0653175 -1.96879 2.6851 -1.89188</i>
                        <i>0.0613915 0.998053 -0.0110282 0.0479012 0.00809021 0.998819 0.996964 -0.0618473 -0.0473112 -2.01767 2.69828 -1.90442</i>
                        <i>-0.00472755 0.999969 -0.00637433 0.0226549 0.00647987 0.999722 0.999732 0.00458182 -0.0226848 -2.06822 2.71222 -1.91864</i>
                        <i>-0.0546437 0.998492 -0.00534171 -0.00326169 0.00517118 0.999981 0.998501 0.0546601 0.0029742 -2.11362 2.72532 -1.93172</i>
                        <i>-0.0740883 0.997231 -0.00641911 -0.0244617 0.00461758 0.99969 0.996952 0.0742224 0.0240519 -2.14716 2.73597 -1.94098</i>
                        <i>-0.0658939 0.997801 -0.00717971 -0.0293076 0.00525689 0.999557 0.997396 0.0660751 0.0288968 -2.16535 2.74487 -1.94616</i>
                        <i>-0.0455333 0.998932 -0.00779284 -0.0214282 0.00682246 0.999747 0.998733 0.0456887 0.0210947 -2.17257 2.75299 -1.94907</i>
                        <i>-0.0179569 0.999798 -0.0090303 -0.0183373 0.00870091 0.999794 0.999671 0.0181188 0.0181773 -2.17394 2.75908 -1.95017</i>
                        <i>0.0117953 0.999882 -0.00983261 -0.0375494 0.0102693 0.999242 0.999225 -0.0114171 0.0376661 -2.17462 2.76199 -1.94993</i>
                        <i>0.0385163 0.999232 -0.00723042 -0.0964611 0.01092 0.995277 0.994591 -0.0376369 0.0968076 -2.17953 2.76055 -1.94875</i>
                        <i>0.068817 0.997578 -0.0101412 -0.222237 0.0252391 0.974666 0.972561 -0.0648198 0.223436 -2.20168 2.75065 -1.94696</i>
                        <i>0.108219 0.993963 -0.0180573 -0.400329 0.0601979 0.914392 0.909959 -0.0917256 0.404427 -2.24277 2.73242 -1.94527</i>
                        <i>0.148022 0.988819 -0.0180417 -0.58257 0.101921 0.806365 0.799188 -0.108849 0.591143 -2.29189 2.71154 -1.9437</i>
                        <i>0.177824 0.98404 -0.00663579 -0.728755 0.136218 0.67109 0.661283 -0.1145 0.741347 -2.34057 2.69475 -1.94151</i>
                        <i>0.188236 0.982068 0.0105023 -0.819832 0.151234 0.552271 0.540779 -0.112567 0.833599 -2.38139 2.68947 -1.93728</i>
                        <i>0.177696 0.983503 0.0338596 -0.872074 0.141435 0.46849 0.455972 -0.112777 0.88282 -2.40005 2.70212 -1.92821</i>
                        <i>0.153155 0.986138 0.0638398 -0.907532 0.114794 0.40399 0.391062 -0.11981 0.912533 -2.39693 2.72801 -1.90459</i>
                        <i>0.121552 0.988179 0.0934227 -0.930504 0.0806798 0.357286 0.345526 -0.130359 0.929311 -2.38878 2.75779 -1.85937</i>
                        <i>0.0919736 0.988766 0.117827 -0.943541 0.0487218 0.327653 0.318231 -0.14131 0.937422 -2.39325 2.78207 -1.79568</i>
                        <i>0.0744054 0.988314 0.133041 -0.948453 0.028921 0.315595 0.308059 -0.149665 0.939521 -2.42531 2.79139 -1.72657</i>
                        <i>0.0718784 0.986444 0.14752 -0.948748 0.0219845 0.315267 0.30775 -0.16262 0.937467 -2.48708 2.77882 -1.66463</i>
                        <i>0.0775117 0.982675 0.168353 -0.947658 0.0201582 0.31865 0.309736 -0.18424 0.932802 -2.56226 2.75053 -1.61568</i>
                        <i>0.0866435 0.978001 0.189753 -0.946078 0.0210976 0.323251 0.312137 -0.207529 0.927093 -2.63424 2.71684 -1.58362</i>
                        <i>0.0950312 0.973822 0.206495 -0.94474 0.0228492 0.327023 0.313744 -0.226162 0.92218 -2.68753 2.68811 -1.56712</i>
                        <i>0.098874 0.971906 0.213594 -0.94418 0.0238452 0.328565 0.314241 -0.234158 0.920012 -2.70818 2.67465 -1.56237</i>
                        <i>0.0969886 0.972281 0.212749 -0.946021 0.023639 0.323242 0.309253 -0.232616 0.922091 -2.70811 2.68202 -1.56235</i>
                        <i>0.0914834 0.973556 0.209331 -0.950882 0.0229773 0.308699 0.295726 -0.22729 0.927839 -2.70799 2.70344 -1.56242</i>
                        <i>0.0836875 0.97548 0.203556 -0.95764 0.0222457 0.287106 0.275538 -0.218961 0.936021 -2.70784 2.73065 -1.56256</i>
                        <i>0.0749584 0.977793 0.195708 -0.965184 0.0218198 0.260661 0.250602 -0.208433 0.945386 -2.70766 2.75542 -1.56273</i>
                        <i>0.0664986 0.980241 0.186296 -0.972555 0.0219548 0.231635 0.222968 -0.196586 0.954798 -2.70745 2.76952 -1.56292</i>
                        <i>0.0592079 0.982588 0.176111 -0.979042 0.02272 0.202387 0.194862 -0.184403 0.96334 -2.70723 2.76998 -1.5631</i>
                        <i>0.0535961 0.984638 0.16618 -0.984215 0.0239798 0.175344 0.168665 -0.172955 0.970381 -2.70702 2.76235 -1.56324</i>
                        <i>0.0497879 0.986236 0.157669 -0.987904 0.0254166 0.152971 0.146858 -0.163378 0.975572 -2.70684 2.75107 -1.56335</i>
                        <i>0.0476351 0.987267 0.151775 -0.990111 0.0265967 0.137743 0.131953 -0.156835 0.97877 -2.70671 2.74062 -1.5634</i>
                        <i>0.0469398 0.987625 0.149646 -0.990864 0.027075 0.132118 0.126432 -0.154481 0.979873 -2.70666 2.73546 -1.56339</i>
