<?xml version="1.0" encoding="ISO-8859-1" ?>
<Animl Version="1">
    <ModellingPackage><![CDATA[Maya.2010]]></ModellingPackage>
    <SrcFile><![CDATA[anims\turrets\artillery\blue\~src\artillery_m198\artillery_m198_aim_random_crewman_a.mb]]></SrcFile>
    <FramesPerSecond>30</FramesPerSecond>
    <TotalFrames>60</TotalFrames>
    <Skeleton>
        <RefFrame>
            <Name><![CDATA[soldier_ref_frame]]></Name>
            <Exclude>0</Exclude>
            <Additive>0</Additive>
            <IKPriority>0</IKPriority>
            <IKRotLimits>-1e+010 -1e+010 -1e+010 1e+010 1e+010 1e+010</IKRotLimits>
            <IKRotLimitOrder>0</IKRotLimitOrder>
            <KeyFrames count="60">
                <i>1 0 0 0 1 0 0 0 1 1.79 1.37 0.12</i>
                <i>1 0 0 0 1 0 0 0 1 1.79 1.37 0.12</i>
                <i>1 0 0 0 1 0 0 0 1 1.79 1.37 0.12</i>
                <i>1 0 0 0 1 0 0 0 1 1.79 1.37 0.12</i>
                <i>1 0 0 0 1 0 0 0 1 1.79 1.37 0.12</i>
                <i>1 0 0 0 1 0 0 0 1 1.79 1.37 0.12</i>
                <i>1 0 0 0 1 0 0 0 1 1.79 1.37 0.12</i>
                <i>1 0 0 0 1 0 0 0 1 1.79 1.37 0.12</i>
                <i>1 0 0 0 1 0 0 0 1 1.79 1.37 0.12</i>
                <i>1 0 0 0 1 0 0 0 1 1.79 1.37 0.12</i>
                <i>1 0 0 0 1 0 0 0 1 1.79 1.37 0.12</i>
                <i>1 0 0 0 1 0 0 0 1 1.79 1.37 0.12</i>
                <i>1 0 0 0 1 0 0 0 1 1.79 1.37 0.12</i>
                <i>1 0 0 0 1 0 0 0 1 1.79 1.37 0.12</i>
                <i>1 0 0 0 1 0 0 0 1 1.79 1.37 0.12</i>
                <i>1 0 0 0 1 0 0 0 1 1.79 1.37 0.12</i>
                <i>1 0 0 0 1 0 0 0 1 1.79 1.37 0.12</i>
                <i>1 0 0 0 1 0 0 0 1 1.79 1.37 0.12</i>
                <i>1 0 0 0 1 0 0 0 1 1.79 1.37 0.12</i>
                <i>1 0 0 0 1 0 0 0 1 1.79 1.37 0.12</i>
                <i>1 0 0 0 1 0 0 0 1 1.79 1.37 0.12</i>
                <i>1 0 0 0 1 0 0 0 1 1.79 1.37 0.12</i>
                <i>1 0 0 0 1 0 0 0 1 1.79 1.37 0.12</i>
                <i>1 0 0 0 1 0 0 0 1 1.79 1.37 0.12</i>
                <i>1 0 0 0 1 0 0 0 1 1.79 1.37 0.12</i>
                <i>1 0 0 0 1 0 0 0 1 1.79 1.37 0.12</i>
                <i>1 0 0 0 1 0 0 0 1 1.79 1.37 0.12</i>
                <i>1 0 0 0 1 0 0 0 1 1.79 1.37 0.12</i>
                <i>1 0 0 0 1 0 0 0 1 1.79 1.37 0.12</i>
                <i>1 0 0 0 1 0 0 0 1 1.79 1.37 0.12</i>
                <i>1 0 0 0 1 0 0 0 1 1.79 1.37 0.12</i>
                <i>1 0 0 0 1 0 0 0 1 1.79 1.37 0.12</i>
                <i>1 0 0 0 1 0 0 0 1 1.79 1.37 0.12</i>
                <i>1 0 0 0 1 0 0 0 1 1.79 1.37 0.12</i>
                <i>1 0 0 0 1 0 0 0 1 1.79 1.37 0.12</i>
                <i>1 0 0 0 1 0 0 0 1 1.79 1.37 0.12</i>
                <i>1 0 0 0 1 0 0 0 1 1.79 1.37 0.12</i>
                <i>1 0 0 0 1 0 0 0 1 1.79 1.37 0.12</i>
                <i>1 0 0 0 1 0 0 0 1 1.79 1.37 0.12</i>
                <i>1 0 0 0 1 0 0 0 1 1.79 1.37 0.12</i>
                <i>1 0 0 0 1 0 0 0 1 1.79 1.37 0.12</i>
                <i>1 0 0 0 1 0 0 0 1 1.79 1.37 0.12</i>
                <i>1 0 0 0 1 0 0 0 1 1.79 1.37 0.12</i>
                <i>1 0 0 0 1 0 0 0 1 1.79 1.37 0.12</i>
                <i>1 0 0 0 1 0 0 0 1 1.79 1.37 0.12</i>
                <i>1 0 0 0 1 0 0 0 1 1.79 1.37 0.12</i>
                <i>1 0 0 0 1 0 0 0 1 1.79 1.37 0.12</i>
                <i>1 0 0 0 1 0 0 0 1 1.79 1.37 0.12</i>
                <i>1 0 0 0 1 0 0 0 1 1.79 1.37 0.12</i>
                <i>1 0 0 0 1 0 0 0 1 1.79 1.37 0.12</i>
                <i>1 0 0 0 1 0 0 0 1 1.79 1.37 0.12</i>
                <i>1 0 0 0 1 0 0 0 1 1.79 1.37 0.12</i>
                <i>1 0 0 0 1 0 0 0 1 1.79 1.37 0.12</i>
                <i>1 0 0 0 1 0 0 0 1 1.79 1.37 0.12</i>
                <i>1 0 0 0 1 0 0 0 1 1.79 1.37 0.12</i>
                <i>1 0 0 0 1 0 0 0 1 1.79 1.37 0.12</i>
                <i>1 0 0 0 1 0 0 0 1 1.79 1.37 0.12</i>
                <i>1 0 0 0 1 0 0 0 1 1.79 1.37 0.12</i>
                <i>1 0 0 0 1 0 0 0 1 1.79 1.37 0.12</i>
                <i>1 0 0 0 1 0 0 0 1 1.79 1.37 0.12</i>
            </KeyFrames>
        </RefFrame>
        <Bones count="23">
            <i>
                <p>
                    <Name><![CDATA[pelvis]]></Name>
                    <Exclude>0</Exclude>
                    <Additive>0</Additive>
                    <IKPriority>0</IKPriority>
                    <IKRotLimits>-1e+010 -1e+010 -1e+010 1e+010 1e+010 1e+010</IKRotLimits>
                    <IKRotLimitOrder>2</IKRotLimitOrder>
                    <KeyFrames count="60">
                        <i>1 0 0 0 1 0 0 0 1 1.85231 2.42306 -0.0267952</i>
                        <i>1 0 0 0 1 0 0 0 1 1.8665 2.39206 -0.0808602</i>
                        <i>1 0 0 0 1 0 0 0 1 1.88394 2.41 -0.09</i>
                        <i>1 0 0 0 1 0 0 0 1 1.9035 2.48584 -0.0412437</i>
                        <i>1 0 0 0 1 0 0 0 1 1.92621 2.58393 0.0280646</i>
                        <i>1 0 0 0 1 0 0 0 1 1.95014 2.69432 0.1087</i>
                        <i>1 0 0 0 1 0 0 0 1 1.9734 2.80708 0.191436</i>
                        <i>1 0 0 0 1 0 0 0 1 1.99407 2.91224 0.267048</i>
                        <i>1 0 0 0 1 0 0 0 1 2.01024 2.99986 0.326311</i>
                        <i>1 0 0 0 1 0 0 0 1 2.02 3.06 0.36</i>
                        <i>1 0 0 0 1 0 0 0 1 2.02 3.05385 0.359618</i>
                        <i>1 0 0 0 1 0 0 0 1 2.02 3.03833 0.358531</i>
                        <i>1 0 0 0 1 0 0 0 1 2.02 3.01781 0.356831</i>
                        <i>1 0 0 0 1 0 0 0 1 2.02 2.99667 0.354607</i>
                        <i>1 0 0 0 1 0 0 0 1 2.02 2.97927 0.35195</i>
                        <i>1 0 0 0 1 0 0 0 1 2.02 2.97 0.348951</i>
                        <i>1 0 0 0 1 0 0 0 1 2.02 2.96762 0.345699</i>
                        <i>1 0 0 0 1 0 0 0 1 2.02 2.96766 0.342286</i>
                        <i>1 0 0 0 1 0 0 0 1 2.02 2.96966 0.338801</i>
                        <i>1 0 0 0 1 0 0 0 1 2.02 2.97317 0.335335</i>
                        <i>1 0 0 0 1 0 0 0 1 2.02 2.97773 0.331978</i>
                        <i>1 0 0 0 1 0 0 0 1 2.02 2.98286 0.328821</i>
                        <i>1 0 0 0 1 0 0 0 1 2.02 2.98812 0.325955</i>
                        <i>1 0 0 0 1 0 0 0 1 2.02 2.99303 0.323469</i>
                        <i>1 0 0 0 1 0 0 0 1 2.02 2.99715 0.321454</i>
                        <i>1 0 0 0 1 0 0 0 1 2.02 3 0.32</i>
                        <i>1 0 0 0 1 0 0 0 1 2.02 3.0021 0.318974</i>
                        <i>1 0 0 0 1 0 0 0 1 2.02 3.00424 0.31817</i>
                        <i>1 0 0 0 1 0 0 0 1 2.02 3.00641 0.317569</i>
                        <i>1 0 0 0 1 0 0 0 1 2.02 3.00859 0.317151</i>
                        <i>1 0 0 0 1 0 0 0 1 2.02 3.01076 0.316898</i>
                        <i>1 0 0 0 1 0 0 0 1 2.02 3.0129 0.31679</i>
                        <i>1 0 0 0 1 0 0 0 1 2.02 3.01499 0.316809</i>
                        <i>1 0 0 0 1 0 0 0 1 2.02 3.01702 0.316935</i>
                        <i>1 0 0 0 1 0 0 0 1 2.02 3.01897 0.317151</i>
                        <i>1 0 0 0 1 0 0 0 1 2.02 3.02083 0.317436</i>
                        <i>1 0 0 0 1 0 0 0 1 2.02 3.02256 0.317771</i>
                        <i>1 0 0 0 1 0 0 0 1 2.02 3.02415 0.318139</i>
                        <i>1 0 0 0 1 0 0 0 1 2.02 3.0256 0.318518</i>
                        <i>1 0 0 0 1 0 0 0 1 2.02 3.02687 0.318892</i>
                        <i>1 0 0 0 1 0 0 0 1 2.02 3.02795 0.31924</i>
                        <i>1 0 0 0 1 0 0 0 1 2.02 3.02882 0.319544</i>
                        <i>1 0 0 0 1 0 0 0 1 2.02 3.02946 0.319785</i>
                        <i>1 0 0 0 1 0 0 0 1 2.02 3.02986 0.319943</i>
                        <i>1 0 0 0 1 0 0 0 1 2.02 3.03 0.32</i>
                        <i>1 0 0 0 1 0 0 0 1 2.02898 3.01482 0.310999</i>
                        <i>1 0 0 0 1 0 0 0 1 2.04634 2.98465 0.294016</i>
                        <i>1 0 0 0 1 0 0 0 1 2.06521 2.94507 0.271339</i>
                        <i>1 0 0 0 1 0 0 0 1 2.07872 2.90166 0.245256</i>
                        <i>1 0 0 0 1 0 0 0 1 2.08 2.86 0.218053</i>
                        <i>1 0 0 0 1 0 0 0 1 2.06553 2.81688 0.186689</i>
                        <i>1 0 0 0 1 0 0 0 1 2.03989 2.76712 0.149639</i>
                        <i>1 0 0 0 1 0 0 0 1 2.00835 2.71336 0.111466</i>
                        <i>1 0 0 0 1 0 0 0 1 1.97622 2.65823 0.0767323</i>
                        <i>1 0 0 0 1 0 0 0 1 1.94876 2.60436 0.05</i>
                        <i>1 0 0 0 1 0 0 0 1 1.92317 2.55439 0.0318439</i>
                        <i>1 0 0 0 1 0 0 0 1 1.89593 2.51094 0.0192222</i>
                        <i>1 0 0 0 1 0 0 0 1 1.87125 2.47664 0.0112733</i>
                        <i>1 0 0 0 1 0 0 0 1 1.85335 2.45414 0.00713575</i>
                        <i>1 0 0 0 1 0 0 0 1 1.84645 2.44605 0.00594802</i>
                    </KeyFrames>
                </p>
            </i>
            <i>
                <p>
                    <Name><![CDATA[spine0]]></Name>
                    <Exclude>0</Exclude>
                    <Additive>0</Additive>
                    <IKPriority>0</IKPriority>
                    <IKRotLimits>-1e+010 -1e+010 -1e+010 1e+010 1e+010 1e+010</IKRotLimits>
                    <IKRotLimitOrder>0</IKRotLimitOrder>
                    <KeyFrames count="60">
                        <i>0.0151905 0.996337 -0.0841591 -0.523961 -0.063755 -0.849353 -0.851607 0.0569982 0.521073 1.88374 2.5552 -0.0742015</i>
                        <i>0.0579749 0.985175 -0.161461 -0.500461 -0.111263 -0.85858 -0.863816 0.130581 0.486591 1.90145 2.51759 -0.14184</i>
                        <i>0.0875918 0.975912 -0.199808 -0.465941 -0.137148 -0.874122 -0.88047 0.169665 0.442704 1.92166 2.53035 -0.159202</i>
                        <i>0.0981356 0.976938 -0.189637 -0.423831 -0.131383 -0.896162 -0.900409 0.16832 0.401164 1.94283 2.60524 -0.111191</i>
                        <i>0.106102 0.980846 -0.163351 -0.374266 -0.112804 -0.920435 -0.921231 0.158797 0.355129 1.96782 2.70435 -0.0387424</i>
                        <i>0.113789 0.985296 -0.127455 -0.322901 -0.0846462 -0.94264 -0.939568 0.148417 0.308521 1.99429 2.81757 0.0490495</i>
                        <i>0.128703 0.987512 -0.0908549 -0.273977 -0.052643 -0.960294 -0.953085 0.148485 0.263781 2.01964 2.93377 0.141372</i>
                        <i>0.147795 0.987379 -0.0569079 -0.230751 -0.0215264 -0.972775 -0.961723 0.156903 0.224657 2.04178 3.0419 0.226936</i>
                        <i>0.162792 0.986238 -0.0288752 -0.196797 0.0037786 -0.980437 -0.966835 0.165289 0.194704 2.0591 3.13135 0.29436</i>
                        <i>0.170249 0.985321 -0.0125802 -0.175765 0.0178029 -0.984271 -0.969599 0.169783 0.176216 2.07034 3.19188 0.33227</i>
                        <i>0.171891 0.985023 -0.0135503 -0.175027 0.017001 -0.984417 -0.969443 0.171584 0.175328 2.07129 3.18522 0.331209</i>
                        <i>0.176124 0.984238 -0.0159869 -0.172852 0.0149342 -0.984835 -0.969073 0.176216 0.172758 2.07375 3.16833 0.328381</i>
                        <i>0.181882 0.983134 -0.0191501 -0.169234 0.0121123 -0.985502 -0.968648 0.182486 0.168582 2.0771 3.14579 0.324328</i>
                        <i>0.188108 0.981894 -0.0223322 -0.164366 0.00905507 -0.986358 -0.968297 0.189213 0.163094 2.08075 3.12228 0.319577</i>
                        <i>0.193826 0.980719 -0.0249377 -0.158873 0.00629462 -0.987279 -0.968086 0.195322 0.15703 2.08412 3.10252 0.31462</i>
                        <i>0.198185 0.979806 -0.0265248 -0.153862 0.00437289 -0.988083 -0.968013 0.199905 0.151622 2.08668 3.09135 0.309896</i>
                        <i>0.200448 0.979339 -0.0267709 -0.150775 0.00383711 -0.988561 -0.968033 0.202191 0.148429 2.08789 3.08801 0.305807</i>
                        <i>0.20073 0.9793 -0.0260486 -0.149841 0.00441475 -0.9887 -0.968119 0.202365 0.147625 2.08781 3.08805 0.302254</i>
                        <i>0.199823 0.979513 -0.0250067 -0.150109 0.00538252 -0.988655 -0.968266 0.201309 0.14811 2.08697 3.09058 0.298906</i>
                        <i>0.198 0.979914 -0.0237482 -0.151258 0.00660733 -0.988472 -0.968461 0.19931 0.149528 2.08555 3.09498 0.295809</i>
                        <i>0.195536 0.980441 -0.0223699 -0.152933 0.00795341 -0.988204 -0.968699 0.19665 0.151497 2.08375 3.10067 0.29301</i>
                        <i>0.192714 0.981031 -0.020975 -0.15478 0.00928317 -0.987905 -0.968971 0.19363 0.153633 2.08176 3.10703 0.290556</i>
                        <i>0.189839 0.981618 -0.0196795 -0.156459 0.0104582 -0.987629 -0.969269 0.19057 0.155568 2.0798 3.11348 0.288491</i>
                        <i>0.187231 0.98214 -0.0186152 -0.157659 0.0113401 -0.987428 -0.969581 0.187812 0.156967 2.07806 3.11946 0.286852</i>
                        <i>0.185222 0.982533 -0.0179258 -0.158111 0.0117926 -0.987351 -0.969894 0.185713 0.157534 2.07678 3.12439 0.285674</i>
                        <i>0.184153 0.982737 -0.0177593 -0.157586 0.0116854 -0.987436 -0.970183 0.184638 0.157017 2.07616 3.12774 0.284991</i>
                        <i>0.184048 0.982754 -0.0179042 -0.156067 0.0112339 -0.987683 -0.970448 0.184575 0.155443 2.07621 3.13003 0.284793</i>
                        <i>0.184614 0.982645 -0.0180434 -0.153828 0.0107579 -0.988039 -0.970698 0.185182 0.153144 2.07673 3.13222 0.284993</i>
                        <i>0.185722 0.982435 -0.0181634 -0.151105 0.0102903 -0.988464 -0.970914 0.186324 0.150361 2.07759 3.13428 0.285509</i>
                        <i>0.187235 0.982145 -0.018257 -0.148126 0.00985562 -0.988919 -0.971083 0.187865 0.147326 2.07871 3.13624 0.286258</i>
                        <i>0.189014 0.981803 -0.0183274 -0.145093 0.00946413 -0.989373 -0.971196 0.189664 0.144242 2.07997 3.13809 0.287157</i>
                        <i>0.190974 0.981426 -0.0182438 -0.142153 0.00926168 -0.989801 -0.971247 0.191619 0.141281 2.08127 3.13986 0.288124</i>
                        <i>0.192998 0.981035 -0.0179569 -0.139421 0.00930371 -0.990189 -0.971243 0.193608 0.138572 2.08251 3.14156 0.289075</i>
                        <i>0.194884 0.980668 -0.0176052 -0.137007 0.00944463 -0.990525 -0.97121 0.19545 0.136199 2.08359 3.14321 0.289927</i>
                        <i>0.196429 0.980365 -0.0173318 -0.135002 0.00953307 -0.990799 -0.97118 0.196961 0.134224 2.0844 3.14485 0.2906</i>
                        <i>0.197762 0.9801 -0.0171488 -0.133255 0.0095477 -0.991036 -0.97115 0.198275 0.132491 2.08505 3.14641 0.291104</i>
                        <i>0.199112 0.97983 -0.0169715 -0.131566 0.0095661 -0.991261 -0.971105 0.199605 0.130817 2.0857 3.14782 0.291514</i>
                        <i>0.200426 0.979565 -0.0168002 -0.129953 0.00958502 -0.991474 -0.971052 0.200901 0.129219 2.08634 3.14907 0.291841</i>
                        <i>0.201659 0.979314 -0.0166362 -0.128439 0.00960201 -0.991671 -0.970998 0.202116 0.127719 2.08694 3.15016 0.292094</i>
                        <i>0.202773 0.979087 -0.0164826 -0.127052 0.00961541 -0.991849 -0.970949 0.203214 0.126344 2.0875 3.15109 0.292284</i>
                        <i>0.203735 0.97889 -0.0163439 -0.125823 0.00962445 -0.992006 -0.970907 0.204163 0.125128 2.08799 3.15186 0.29242</i>
                        <i>0.204521 0.978728 -0.0162256 -0.124791 0.00962925 -0.992136 -0.970875 0.204937 0.124106 2.08839 3.15246 0.292511</i>
                        <i>0.205109 0.978606 -0.016134 -0.123999 0.00963066 -0.992236 -0.970852 0.205517 0.123322 2.0887 3.15289 0.292565</i>
                        <i>0.205478 0.97853 -0.0160752 -0.123491 0.00963019 -0.992299 -0.970839 0.205881 0.122819 2.0889 3.15315 0.292591</i>
                        <i>0.205607 0.978503 -0.0160547 -0.123313 0.00962963 -0.992321 -0.970834 0.206008 0.122642 2.08897 3.15324 0.292597</i>
                        <i>0.191609 0.981071 -0.0280174 -0.135921 -0.00174658 -0.990718 -0.972014 0.193639 0.133014 2.09787 3.13751 0.281073</i>
                        <i>0.164912 0.985201 -0.0467131 -0.153952 -0.0210688 -0.987854 -0.974219 0.170101 0.1482 2.11468 3.10665 0.260241</i>
                        <i>0.13112 0.989 -0.0684509 -0.178576 -0.0443552 -0.982926 -0.97515 0.141105 0.170796 2.13228 3.06634 0.232721</i>
                        <i>0.0965356 0.991235 -0.0901923 -0.21156 -0.0681105 -0.974989 -0.972586 0.113202 0.20313 2.14352 3.02227 0.201082</i>
                        <i>0.0682438 0.991591 -0.109951 -0.25537 -0.089175 -0.962722 -0.964432 0.0937781 0.247137 2.14125 2.98012 0.167897</i>
                        <i>0.0511516 0.99025 -0.129568 -0.313178 -0.107289 -0.943615 -0.948316 0.0888453 0.304636 2.12202 2.9363 0.129736</i>
                        <i>0.0420035 0.987831 -0.149749 -0.381087 -0.12271 -0.91636 -0.923584 0.0955576 0.371296 2.0907 2.88538 0.0853928</i>
                        <i>0.0363225 0.985246 -0.167248 -0.45115 -0.133167 -0.882457 -0.891709 0.107507 0.439657 2.05276 2.83052 0.0407674</i>
                        <i>0.0299506 0.98349 -0.178464 -0.515476 -0.137773 -0.845756 -0.856381 0.117325 0.502839 2.01392 2.77492 0.0015161</i>
                        <i>0.0189042 0.983563 -0.179573 -0.566787 -0.137416 -0.812323 -0.823647 0.117136 0.554873 1.97996 2.72181 -0.0270001</i>
                        <i>0.00630004 0.986576 -0.163181 -0.601887 -0.126573 -0.788487 -0.798556 0.103184 0.59301 1.94925 2.67428 -0.0432696</i>
                        <i>-0.0017566 0.991532 -0.129848 -0.607212 -0.104227 -0.787674 -0.794538 0.0774616 0.602253 1.92041 2.63557 -0.0483267</i>
                        <i>-0.00570634 0.99597 -0.0895023 -0.582753 -0.0760467 -0.809084 -0.81263 0.0475408 0.580838 1.89724 2.60669 -0.0444743</i>
                        <i>-0.00669242 0.998451 -0.0552292 -0.549115 -0.0498276 -0.83426 -0.83572 0.024744 0.548598 1.88183 2.58785 -0.0376641</i>
                        <i>-0.00657941 0.999146 -0.0407988 -0.53182 -0.0380475 -0.846002 -0.846832 0.0161314 0.531616 1.87621 2.581 -0.0340378</i>
                    </KeyFrames>
                </p>
            </i>
            <i>
                <p>
                    <Name><![CDATA[spine1]]></Name>
                    <Exclude>0</Exclude>
                    <Additive>0</Additive>
                    <IKPriority>0</IKPriority>
                    <IKRotLimits>-1e+010 -1e+010 -1e+010 1e+010 1e+010 1e+010</IKRotLimits>
                    <IKRotLimitOrder>0</IKRotLimitOrder>
                    <KeyFrames count="60">
                        <i>-0.0737935 0.985004 0.155955 -0.565365 0.0875043 -0.820186 -0.821533 -0.148696 0.55043 1.88642 2.72965 -0.0889487</i>
                        <i>-0.0388821 0.990041 0.135305 -0.538817 0.093262 -0.837244 -0.841525 -0.105459 0.529825 1.91171 2.69153 -0.170364</i>
                        <i>-0.00977078 0.990517 0.137044 -0.499843 0.113862 -0.858599 -0.866061 -0.0768896 0.49399 1.93728 2.70406 -0.194786</i>
                        <i>0.0338144 0.988347 0.148414 -0.447256 0.147764 -0.882116 -0.893767 -0.036551 0.44704 1.96039 2.77961 -0.145057</i>
                        <i>0.0962491 0.983478 0.153319 -0.380085 0.178677 -0.90753 -0.91993 0.0290744 0.391003 1.98676 2.87912 -0.0678642</i>
                        <i>0.131418 0.977391 0.165638 -0.319137 0.199905 -0.926385 -0.938553 0.068882 0.338192 2.01453 2.99254 0.0264037</i>
                        <i>0.12658 0.974995 0.182655 -0.27468 0.211387 -0.938012 -0.953167 0.0685622 0.294569 2.04249 3.10879 0.12526</i>
                        <i>0.109372 0.975045 0.193195 -0.240095 0.21452 -0.94675 -0.964568 0.057163 0.257566 2.06803 3.21708 0.216831</i>
                        <i>0.0891934 0.97607 0.198322 -0.213083 0.213206 -0.953488 -0.972954 0.0427857 0.227 2.08815 3.3071 0.289206</i>
                        <i>0.0726503 0.976396 0.203401 -0.195707 0.213931 -0.957043 -0.977968 0.0297224 0.20663 2.10086 3.36828 0.33001</i>
                        <i>0.0675843 0.975998 0.207026 -0.195187 0.216425 -0.956589 -0.978435 0.0242416 0.205129 2.10217 3.36189 0.32877</i>
                        <i>0.0545339 0.974787 0.216369 -0.193706 0.222903 -0.955402 -0.979543 0.01019 0.200978 2.10555 3.34574 0.32549</i>
                        <i>0.0367657 0.97272 0.229053 -0.191328 0.231819 -0.953758 -0.980837 -0.0087586 0.194632 2.11019 3.3243 0.32084</i>
                        <i>0.0175401 0.969914 0.242815 -0.188345 0.24171 -0.951894 -0.981946 -0.0290366 0.186918 2.11527 3.3021 0.315476</i>
                        <i>-1.03894e-005 0.966751 0.25572 -0.185478 0.251281 -0.949977 -0.982648 -0.0474402 0.179308 2.12 3.28367 0.310001</i>
                        <i>-0.0129765 0.963816 0.266251 -0.183885 0.259432 -0.948094 -0.982862 -0.0612624 0.173865 2.12363 3.27359 0.304948</i>
                        <i>-0.0186401 0.961774 0.273209 -0.184991 0.265221 -0.946275 -0.982563 -0.06818 0.172976 2.12541 3.27085 0.300794</i>
                        <i>-0.0173943 0.960581 0.277456 -0.1889 0.269343 -0.944336 -0.981842 -0.0688374 0.176769 2.12541 3.271 0.297374</i>
                        <i>-0.0121274 0.959734 0.280648 -0.194469 0.273046 -0.94214 -0.980834 -0.066003 0.183327 2.12435 3.27338 0.294225</i>
                        <i>-0.00386722 0.959169 0.282808 -0.201246 0.276278 -0.939771 -0.979533 -0.0605485 0.191961 2.12251 3.27746 0.291373</i>
                        <i>0.00636237 0.958822 0.283935 -0.208757 0.278958 -0.937338 -0.977947 -0.0533099 0.201936 2.12013 3.28269 0.288844</i>
                        <i>0.0175114 0.958654 0.284037 -0.216517 0.280975 -0.934972 -0.976122 -0.0451261 0.212485 2.1175 3.28854 0.286663</i>
                        <i>0.0284905 0.958652 0.283151 -0.224044 0.282183 -0.932833 -0.974163 -0.0368614 0.222819 2.11488 3.29448 0.28485</i>
                        <i>0.0381733 0.958844 0.281355 -0.230867 0.282405 -0.9311 -0.972236 -0.0294125 0.232146 2.11255 3.29998 0.283418</i>
                        <i>0.0454073 0.959287 0.278759 -0.236535 0.281437 -0.92997 -0.970561 -0.0237089 0.239684 2.11081 3.30453 0.282376</i>
                        <i>0.0490286 0.960052 0.275494 -0.240622 0.279055 -0.929639 -0.96938 -0.0207112 0.244692 2.10994 3.30761 0.281729</i>
                        <i>0.0490904 0.9613 0.271095 -0.243035 0.274761 -0.93029 -0.968774 -0.0202173 0.247118 2.10993 3.30972 0.281508</i>
                        <i>0.046755 0.963045 0.265252 -0.244042 0.268509 -0.931851 -0.968637 -0.021164 0.247578 2.11052 3.31174 0.281686</i>
                        <i>0.0425265 0.96512 0.25833 -0.243798 0.260772 -0.93411 -0.968893 -0.0232557 0.246384 2.11157 3.31368 0.282182</i>
                        <i>0.0369169 0.967361 0.250699 -0.242455 0.252045 -0.936851 -0.96946 -0.0261975 0.243846 2.11296 3.31554 0.282915</i>
                        <i>0.0304465 0.969612 0.242746 -0.240147 0.242841 -0.939871 -0.970259 -0.029679 0.240244 2.11454 3.31733 0.283801</i>
                        <i>0.0236791 0.971721 0.23494 -0.236453 0.233782 -0.943099 -0.971354 -0.0332207 0.235302 2.11621 3.31907 0.284783</i>
                        <i>0.0171675 0.973573 0.22773 -0.231173 0.225457 -0.946429 -0.972761 -0.0363971 0.228934 2.11783 3.32076 0.285785</i>
                        <i>0.0114193 0.975099 0.221474 -0.224734 0.218325 -0.949647 -0.974353 -0.0389285 0.221631 2.11927 3.32243 0.286701</i>
                        <i>0.00693973 0.97625 0.216534 -0.217547 0.212827 -0.952564 -0.976025 -0.0404959 0.213858 2.12038 3.32409 0.287422</i>
                        <i>0.00320778 0.97709 0.212804 -0.209731 0.20873 -0.95522 -0.977754 -0.0415676 0.205596 2.1213 3.32569 0.287958</i>
                        <i>-0.000567797 0.977728 0.209877 -0.201346 0.205467 -0.957728 -0.97952 -0.0428016 0.196745 2.12222 3.32717 0.288398</i>
                        <i>-0.00428849 0.978193 0.207654 -0.192708 0.202955 -0.960038 -0.981247 -0.0441336 0.187635 2.12313 3.32851 0.288754</i>
                        <i>-0.0078539 0.978513 0.206036 -0.184139 0.201104 -0.962107 -0.982869 -0.0454955 0.178603 2.12399 3.32972 0.289035</i>
                        <i>-0.0111615 0.978714 0.204926 -0.175965 0.199818 -0.963903 -0.984333 -0.0468183 0.169989 2.12478 3.33076 0.28925</i>
                        <i>-0.0141069 0.978822 0.204226 -0.168517 0.198998 -0.965403 -0.985598 -0.0480344 0.162141 2.12548 3.33165 0.289409</i>
                        <i>-0.0165841 0.978863 0.203843 -0.16213 0.19854 -0.96659 -0.98663 -0.0490791 0.155411 2.12606 3.33235 0.289519</i>
                        <i>-0.0184858 0.978863 0.203682 -0.157146 0.19834 -0.967454 -0.987402 -0.049892 0.150158 2.1265 3.33286 0.289588</i>
                        <i>-0.0197048 0.978845 0.203653 -0.153905 0.198295 -0.967984 -0.987889 -0.0504171 0.146742 2.12678 3.33318 0.289623</i>
                        <i>-0.0201345 0.978834 0.203664 -0.152749 0.198302 -0.968165 -0.98806 -0.050603 0.145523 2.12688 3.33329 0.289633</i>
                        <i>-0.0462878 0.978193 0.202474 -0.163412 0.192546 -0.967586 -0.985471 -0.077874 0.150936 2.13336 3.31885 0.275883</i>
                        <i>-0.0907387 0.974959 0.203029 -0.182243 0.184171 -0.965851 -0.979058 -0.124641 0.160968 2.14548 3.29013 0.251528</i>
                        <i>-0.139579 0.968655 0.205489 -0.209435 0.173947 -0.962226 -0.967809 -0.177344 0.178591 2.157 3.25211 0.219845</i>
                        <i>-0.179846 0.961215 0.209097 -0.245146 0.162061 -0.955845 -0.952659 -0.223164 0.206492 2.16189 3.20978 0.183997</i>
                        <i>-0.200007 0.956729 0.211344 -0.289361 0.148404 -0.945646 -0.936091 -0.250291 0.247159 2.1543 3.1682 0.147013</i>
                        <i>-0.193858 0.958099 0.210866 -0.341067 0.135714 -0.930191 -0.919833 -0.252244 0.300467 2.13181 3.1237 0.10518</i>
                        <i>-0.168662 0.963594 0.207459 -0.396389 0.126396 -0.90934 -0.902457 -0.235606 0.36064 2.0987 3.07139 0.0571564</i>
                        <i>-0.134125 0.970578 0.199971 -0.450994 0.1199 -0.884437 -0.882392 -0.208811 0.421643 2.05964 3.0147 0.00945887</i>
                        <i>-0.100147 0.976709 0.189762 -0.501052 0.115266 -0.857706 -0.859603 -0.180978 0.477839 2.01954 2.95719 -0.0316019</i>
                        <i>-0.0764721 0.98055 0.180761 -0.543356 0.111024 -0.832129 -0.836012 -0.161852 0.524297 1.98349 2.90236 -0.0600058</i>
                        <i>-0.0643144 0.981124 0.182371 -0.576472 0.112647 -0.809315 -0.814582 -0.157182 0.558345 1.95045 2.85362 -0.0729709</i>
                        <i>-0.0637469 0.980646 0.18512 -0.593229 0.11193 -0.797215 -0.802506 -0.160639 0.574612 1.92013 2.8135 -0.0716563</i>
                        <i>-0.0734697 0.980876 0.180234 -0.591739 0.102597 -0.799574 -0.802774 -0.165396 0.572885 1.89626 2.78284 -0.0603229</i>
                        <i>-0.0853973 0.981198 0.173085 -0.580794 0.0921287 -0.80882 -0.809559 -0.169598 0.562007 1.88068 2.76263 -0.047344</i>
                        <i>-0.0911668 0.981321 0.169406 -0.573848 0.0872617 -0.8143 -0.813872 -0.171451 0.555173 1.87508 2.75526 -0.041163</i>
                    </KeyFrames>
                </p>
            </i>
            <i>
                <p>
                    <Name><![CDATA[spine2]]></Name>
                    <Exclude>0</Exclude>
                    <Additive>0</Additive>
                    <IKPriority>0</IKPriority>
                    <IKRotLimits>-1e+010 -1e+010 -1e+010 1e+010 1e+010 1e+010</IKRotLimits>
                    <IKRotLimitOrder>0</IKRotLimitOrder>
                    <KeyFrames count="60">
                        <i>-0.337256 0.886832 0.315892 -0.604227 0.0534053 -0.79502 -0.721919 -0.458996 0.517837 1.8745 2.88836 -0.0637277</i>
                        <i>-0.348882 0.884839 0.308773 -0.584194 0.0522907 -0.809928 -0.732802 -0.462953 0.498674 1.90535 2.85236 -0.148267</i>
                        <i>-0.344197 0.890611 0.297221 -0.551422 0.0644617 -0.831732 -0.759909 -0.450174 0.468915 1.93562 2.86626 -0.172208</i>
                        <i>-0.26613 0.929 0.257166 -0.498092 0.0958773 -0.861807 -0.825275 -0.357446 0.437212 1.96587 2.94195 -0.120554</i>
                        <i>-0.135704 0.969443 0.204366 -0.423174 0.129796 -0.896704 -0.895828 -0.208169 0.392629 2.00248 3.04047 -0.0426149</i>
                        <i>-0.0642813 0.979717 0.189796 -0.352835 0.155592 -0.922658 -0.933475 -0.126276 0.335677 2.03596 3.1524 0.0535695</i>
                        <i>-0.104541 0.971409 0.213158 -0.302818 0.173064 -0.937203 -0.947297 -0.162525 0.276068 2.06308 3.26795 0.155147</i>
                        <i>-0.194214 0.95161 0.238157 -0.265629 0.182693 -0.946607 -0.944311 -0.247106 0.217293 2.08583 3.37638 0.248473</i>
                        <i>-0.287387 0.923975 0.252348 -0.238386 0.186172 -0.953159 -0.927675 -0.334081 0.16676 2.1027 3.46725 0.321829</i>
                        <i>-0.33978 0.904495 0.257754 -0.223184 0.188688 -0.95634 -0.91364 -0.382472 0.137756 2.11274 3.52922 0.36362</i>
                        <i>-0.342417 0.902796 0.260212 -0.224518 0.190306 -0.955707 -0.912328 -0.385672 0.13753 2.11322 3.52305 0.363042</i>
                        <i>-0.349065 0.898381 0.266581 -0.228182 0.194427 -0.954008 -0.908893 -0.393839 0.137127 2.11448 3.50748 0.361485</i>
                        <i>-0.357785 0.892303 0.275291 -0.233651 0.199885 -0.951553 -0.9041 -0.404773 0.136972 2.11619 3.48685 0.359221</i>
                        <i>-0.366772 0.885607 0.284919 -0.240431 0.205623 -0.948637 -0.898705 -0.416437 0.13751 2.11805 3.46555 0.35651</i>
                        <i>-0.374511 0.879257 0.294363 -0.248119 0.210858 -0.945503 -0.893408 -0.427138 0.139192 2.1198 3.44796 0.353585</i>
                        <i>-0.379789 0.874079 0.302895 -0.256416 0.21513 -0.942322 -0.888826 -0.435551 0.142423 2.12119 3.43851 0.350645</i>
                        <i>-0.381579 0.870786 0.310046 -0.265101 0.218237 -0.939199 -0.885505 -0.440572 0.147572 2.12198 3.43603 0.347864</i>
                        <i>-0.380108 0.869161 0.316349 -0.274196 0.22076 -0.935992 -0.883366 -0.44252 0.154407 2.12219 3.43608 0.34521</i>
                        <i>-0.376645 0.868396 0.322533 -0.283722 0.223301 -0.932544 -0.881839 -0.442747 0.162278 2.12205 3.43815 0.34257</i>
                        <i>-0.371687 0.868315 0.328449 -0.29349 0.225745 -0.928926 -0.880745 -0.441666 0.170935 2.12163 3.44177 0.339989</i>
                        <i>-0.365734 0.868755 0.333921 -0.303299 0.227944 -0.925231 -0.879914 -0.439667 0.180126 2.12102 3.44645 0.337514</i>
                        <i>-0.359317 0.869555 0.33877 -0.312945 0.229721 -0.921571 -0.87918 -0.437153 0.18958 2.12029 3.45173 0.335194</i>
                        <i>-0.353019 0.870544 0.342827 -0.322221 0.230881 -0.918078 -0.87838 -0.434565 0.199002 2.11954 3.45712 0.333073</i>
                        <i>-0.34748 0.871541 0.34594 -0.330917 0.231213 -0.914896 -0.877355 -0.432385 0.208066 2.11885 3.46216 0.331194</i>
                        <i>-0.343385 0.872353 0.347974 -0.338822 0.23049 -0.912181 -0.875949 -0.431131 0.216426 2.11832 3.46638 0.3296</i>
                        <i>-0.341447 0.872781 0.348809 -0.345722 0.22847 -0.910098 -0.874008 -0.431341 0.223729 2.11805 3.46932 0.328329</i>
                        <i>-0.341763 0.872938 0.348104 -0.351345 0.224867 -0.908841 -0.871639 -0.432913 0.229851 2.11805 3.47148 0.327323</i>
                        <i>-0.343743 0.873095 0.345754 -0.355502 0.219797 -0.908464 -0.869171 -0.435195 0.234834 2.11824 3.47367 0.326483</i>
                        <i>-0.347061 0.873268 0.341983 -0.358103 0.213623 -0.908916 -0.866782 -0.437914 0.23858 2.11858 3.47586 0.325792</i>
                        <i>-0.351379 0.873468 0.337025 -0.359061 0.206728 -0.910131 -0.864643 -0.440814 0.240988 2.11902 3.47805 0.32523</i>
                        <i>-0.356357 0.873708 0.331124 -0.358295 0.199515 -0.912041 -0.862922 -0.443652 0.241946 2.11952 3.48022 0.324778</i>
                        <i>-0.361803 0.874055 0.324232 -0.354709 0.192568 -0.914931 -0.862137 -0.446033 0.240364 2.12004 3.48234 0.324452</i>
                        <i>-0.367463 0.874544 0.316455 -0.347708 0.186401 -0.918887 -0.862595 -0.447691 0.235591 2.12057 3.4844 0.32425</i>
                        <i>-0.372904 0.875158 0.308287 -0.337963 0.18132 -0.923528 -0.864132 -0.448577 0.228156 2.12104 3.48639 0.324124</i>
                        <i>-0.377706 0.875899 0.300231 -0.326147 0.177614 -0.928483 -0.866583 -0.448613 0.218586 2.12139 3.48831 0.324022</i>
                        <i>-0.382073 0.87666 0.292383 -0.312774 0.175044 -0.933559 -0.869593 -0.448137 0.207317 2.12167 3.49013 0.323939</i>
                        <i>-0.386388 0.877324 0.284618 -0.298291 0.173138 -0.93864 -0.87277 -0.447578 0.194799 2.12196 3.49183 0.323902</i>
                        <i>-0.390523 0.877898 0.277106 -0.283273 0.17181 -0.943524 -0.875927 -0.446964 0.181589 2.12223 3.49338 0.323901</i>
                        <i>-0.394362 0.878388 0.270023 -0.268309 0.170974 -0.948039 -0.878913 -0.44632 0.168253 2.12249 3.49478 0.32393</i>
                        <i>-0.397807 0.878803 0.263544 -0.253991 0.170536 -0.952053 -0.881611 -0.445672 0.155368 2.12271 3.496 0.32398</i>
                        <i>-0.400775 0.879145 0.257844 -0.240922 0.170401 -0.955469 -0.883932 -0.445049 0.143513 2.12291 3.49704 0.324041</i>
                        <i>-0.403194 0.879416 0.253103 -0.229705 0.170468 -0.958215 -0.885816 -0.444486 0.133274 2.12306 3.49787 0.324105</i>
                        <i>-0.405002 0.879616 0.249498 -0.220945 0.170638 -0.960243 -0.887219 -0.444025 0.125238 2.12318 3.49848 0.324162</i>
                        <i>-0.406136 0.87974 0.247207 -0.215249 0.170812 -0.961505 -0.8881 -0.443712 0.11999 2.12325 3.49886 0.324203</i>
                        <i>-0.406531 0.879783 0.246404 -0.213217 0.170891 -0.961943 -0.888409 -0.443597 0.118112 2.12328 3.49899 0.324219</i>
                        <i>-0.419685 0.871132 0.25494 -0.226007 0.171733 -0.958868 -0.879082 -0.460041 0.124808 2.12528 3.48516 0.310418</i>
                        <i>-0.44039 0.85506 0.273731 -0.252572 0.174583 -0.951698 -0.861548 -0.488255 0.13908 2.1297 3.45712 0.286419</i>
                        <i>-0.460214 0.836595 0.297172 -0.28942 0.175067 -0.941056 -0.839308 -0.519095 0.161559 2.13263 3.41941 0.255465</i>
                        <i>-0.47253 0.821405 0.319389 -0.332216 0.169653 -0.92782 -0.816301 -0.544529 0.192717 2.13032 3.37692 0.220502</i>
                        <i>-0.472871 0.815437 0.333849 -0.375956 0.155948 -0.913421 -0.7969 -0.557443 0.232825 2.11913 3.33499 0.184017</i>
                        <i>-0.456655 0.822448 0.339183 -0.417395 0.138625 -0.89809 -0.785651 -0.55169 0.279982 2.0978 3.29037 0.142026</i>
                        <i>-0.426726 0.838814 0.338075 -0.455995 0.123265 -0.881405 -0.781008 -0.530279 0.329895 2.06925 3.23818 0.0932285</i>
                        <i>-0.391049 0.858966 0.330542 -0.490838 0.10917 -0.864384 -0.778562 -0.500259 0.378923 2.03635 3.18152 0.0439812</i>
                        <i>-0.357625 0.877733 0.318888 -0.521404 0.0956198 -0.847935 -0.774752 -0.469513 0.423458 2.00227 3.12364 0.000873218</i>
                        <i>-0.334339 0.89081 0.307692 -0.547465 0.0821742 -0.832784 -0.767137 -0.446883 0.460214 1.9704 3.0679 -0.0293712</i>
                        <i>-0.32091 0.895935 0.307112 -0.570479 0.0759879 -0.817789 -0.756023 -0.437637 0.486727 1.93954 3.01767 -0.0423767</i>
                        <i>-0.31642 0.895574 0.312771 -0.589234 0.0728393 -0.804673 -0.743426 -0.438909 0.504655 1.90949 2.97538 -0.0410107</i>
                        <i>-0.320325 0.892981 0.316192 -0.601731 0.0659919 -0.795968 -0.73165 -0.445231 0.516195 1.88424 2.94246 -0.0309147</i>
                        <i>-0.326714 0.890244 0.317371 -0.608346 0.0589043 -0.791483 -0.723307 -0.45166 0.522331 1.86689 2.92069 -0.0193823</i>
                        <i>-0.329998 0.889005 0.317445 -0.610246 0.0556602 -0.790255 -0.720209 -0.454502 0.524144 1.86043 2.91277 -0.0138898</i>
                    </KeyFrames>
                </p>
            </i>
            <i>
                <p>
                    <Name><![CDATA[head]]></Name>
                    <Exclude>0</Exclude>
                    <Additive>0</Additive>
                    <IKPriority>0</IKPriority>
                    <IKRotLimits>-1e+010 -1e+010 -1e+010 1e+010 1e+010 1e+010</IKRotLimits>
                    <IKRotLimitOrder>0</IKRotLimitOrder>
                    <KeyFrames count="60">
                        <i>-0.00771076 0.996752 -0.0801574 0.333083 -0.0730221 -0.940066 -0.942866 -0.0339477 -0.331438 1.78285 3.11933 0.010469</i>
                        <i>0.105787 0.960407 -0.257736 0.533727 -0.273531 -0.800198 -0.839014 -0.0529106 -0.541531 1.80739 3.08195 -0.0769717</i>
                        <i>0.235527 0.926938 -0.292085 0.668156 -0.372686 -0.643951 -0.705758 -0.04349 -0.707117 1.83695 3.09742 -0.105819</i>
                        <i>0.339825 0.913266 -0.224641 0.725797 -0.406563 -0.554911 -0.598112 0.025529 -0.801006 1.88906 3.18498 -0.0675928</i>
                        <i>0.429103 0.895056 -0.121426 0.77004 -0.432765 -0.468778 -0.472132 0.107651 -0.87493 1.96363 3.2953 -0.0062187</i>
                        <i>0.39623 0.918096 0.0101023 0.85056 -0.362895 -0.380599 -0.34576 0.159397 -0.924685 2.01819 3.40993 0.0857954</i>
                        <i>0.21634 0.969275 0.117062 0.944686 -0.177547 -0.275765 -0.246508 0.170246 -0.95407 2.03316 3.52316 0.195518</i>
                        <i>-0.0309654 0.994352 0.101513 0.985822 0.0471401 -0.161038 -0.164914 0.0950873 -0.981714 2.02869 3.62538 0.297989</i>
                        <i>-0.260905 0.965332 -0.00794786 0.96257 0.259515 -0.0781704 -0.0733978 -0.0280454 -0.996908 2.01759 3.70714 0.377005</i>
                        <i>-0.369848 0.925022 -0.0868723 0.92906 0.367434 -0.0428964 -0.0077602 -0.0965748 -0.995295 2.01247 3.76305 0.420978</i>
                        <i>-0.370493 0.924808 -0.0863991 0.928787 0.36792 -0.0446061 -0.00946414 -0.0967726 -0.995262 2.01253 3.75687 0.420876</i>
                        <i>-0.372243 0.924233 -0.0850179 0.928027 0.369237 -0.0492894 -0.0141632 -0.0972466 -0.99516 2.01268 3.74127 0.420581</i>
                        <i>-0.374814 0.923397 -0.0827807 0.926857 0.371174 -0.0562738 -0.021237 -0.0978181 -0.994978 2.01292 3.72061 0.420116</i>
                        <i>-0.377922 0.922397 -0.0797401 0.925349 0.373522 -0.0648844 -0.0300644 -0.0983087 -0.994702 2.01324 3.69928 0.419499</i>
                        <i>-0.381281 0.921333 -0.075958 0.923592 0.376078 -0.0744478 -0.0400251 -0.0985398 -0.994328 2.01361 3.68166 0.418751</i>
                        <i>-0.384605 0.920307 -0.0715109 0.921699 0.378637 -0.0842949 -0.0505006 -0.0983317 -0.993872 2.01403 3.67214 0.417893</i>
                        <i>-0.387608 0.919423 -0.0664906 0.919812 0.380991 -0.093764 -0.0608764 -0.0975026 -0.993372 2.01448 3.66947 0.416945</i>
                        <i>-0.390007 0.918789 -0.0610034 0.918106 0.382931 -0.102203 -0.070543 -0.0958675 -0.992891 2.01495 3.66921 0.415927</i>
                        <i>-0.391517 0.918516 -0.0551636 0.916782 0.384234 -0.108971 -0.078896 -0.0932371 -0.992513 2.01543 3.67089 0.41486</i>
                        <i>-0.391856 0.918716 -0.0490858 0.91606 0.384662 -0.113439 -0.0853367 -0.0894173 -0.992332 2.01589 3.67408 0.413765</i>
                        <i>-0.390737 0.919504 -0.0428722 0.916164 0.383956 -0.114987 -0.0892702 -0.0842077 -0.992441 2.01633 3.67831 0.412661</i>
                        <i>-0.387868 0.920988 -0.0365978 0.9173 0.381824 -0.113006 -0.090103 -0.0774025 -0.99292 2.01672 3.68314 0.41157</i>
                        <i>-0.378734 0.925038 -0.0293977 0.922037 0.374378 -0.0984326 -0.0800481 -0.0643856 -0.994709 2.01706 3.68811 0.410512</i>
                        <i>-0.361398 0.932192 -0.0202391 0.930728 0.359356 -0.0678856 -0.0560094 -0.0433708 -0.997488 2.01733 3.69279 0.409507</i>
                        <i>-0.339561 0.94054 -0.00910964 0.940267 0.339179 -0.0292543 -0.0244251 -0.0184991 -0.99953 2.01751 3.69671 0.408578</i>
