<?xml version="1.0" encoding="ISO-8859-1" ?>
<Animl Version="1">
    <ModellingPackage><![CDATA[Maya.2010]]></ModellingPackage>
    <SrcFile><![CDATA[anims\turrets\artillery\blue\~src\artillery_m270\artillery_m270_fire_crewman_f.mb]]></SrcFile>
    <FramesPerSecond>30</FramesPerSecond>
    <TotalFrames>40</TotalFrames>
    <Skeleton>
        <RefFrame>
            <Name><![CDATA[soldier_ref_frame]]></Name>
            <Exclude>0</Exclude>
            <Additive>0</Additive>
            <IKPriority>0</IKPriority>
            <IKRotLimits>-1e+010 -1e+010 -1e+010 1e+010 1e+010 1e+010</IKRotLimits>
            <IKRotLimitOrder>0</IKRotLimitOrder>
            <KeyFrames count="40">
                <i>1 0 0 0 1 0 0 0 1 -0.72 1.33 2.57</i>
                <i>1 0 0 0 1 0 0 0 1 -0.72 1.33 2.57</i>
                <i>1 0 0 0 1 0 0 0 1 -0.72 1.33 2.57</i>
                <i>1 0 0 0 1 0 0 0 1 -0.72 1.33 2.57</i>
                <i>1 0 0 0 1 0 0 0 1 -0.72 1.33 2.57</i>
                <i>1 0 0 0 1 0 0 0 1 -0.72 1.33 2.57</i>
                <i>1 0 0 0 1 0 0 0 1 -0.72 1.33 2.57</i>
                <i>1 0 0 0 1 0 0 0 1 -0.72 1.33 2.57</i>
                <i>1 0 0 0 1 0 0 0 1 -0.72 1.33 2.57</i>
                <i>1 0 0 0 1 0 0 0 1 -0.72 1.33 2.57</i>
                <i>1 0 0 0 1 0 0 0 1 -0.72 1.33 2.57</i>
                <i>1 0 0 0 1 0 0 0 1 -0.72 1.33 2.57</i>
                <i>1 0 0 0 1 0 0 0 1 -0.72 1.33 2.57</i>
                <i>1 0 0 0 1 0 0 0 1 -0.72 1.33 2.57</i>
                <i>1 0 0 0 1 0 0 0 1 -0.72 1.33 2.57</i>
                <i>1 0 0 0 1 0 0 0 1 -0.72 1.33 2.57</i>
                <i>1 0 0 0 1 0 0 0 1 -0.72 1.33 2.57</i>
                <i>1 0 0 0 1 0 0 0 1 -0.72 1.33 2.57</i>
                <i>1 0 0 0 1 0 0 0 1 -0.72 1.33 2.57</i>
                <i>1 0 0 0 1 0 0 0 1 -0.72 1.33 2.57</i>
                <i>1 0 0 0 1 0 0 0 1 -0.72 1.33 2.57</i>
                <i>1 0 0 0 1 0 0 0 1 -0.72 1.33 2.57</i>
                <i>1 0 0 0 1 0 0 0 1 -0.72 1.33 2.57</i>
                <i>1 0 0 0 1 0 0 0 1 -0.72 1.33 2.57</i>
                <i>1 0 0 0 1 0 0 0 1 -0.72 1.33 2.57</i>
                <i>1 0 0 0 1 0 0 0 1 -0.72 1.33 2.57</i>
                <i>1 0 0 0 1 0 0 0 1 -0.72 1.33 2.57</i>
                <i>1 0 0 0 1 0 0 0 1 -0.72 1.33 2.57</i>
                <i>1 0 0 0 1 0 0 0 1 -0.72 1.33 2.57</i>
                <i>1 0 0 0 1 0 0 0 1 -0.72 1.33 2.57</i>
                <i>1 0 0 0 1 0 0 0 1 -0.72 1.33 2.57</i>
                <i>1 0 0 0 1 0 0 0 1 -0.72 1.33 2.57</i>
                <i>1 0 0 0 1 0 0 0 1 -0.72 1.33 2.57</i>
                <i>1 0 0 0 1 0 0 0 1 -0.72 1.33 2.57</i>
                <i>1 0 0 0 1 0 0 0 1 -0.72 1.33 2.57</i>
                <i>1 0 0 0 1 0 0 0 1 -0.72 1.33 2.57</i>
                <i>1 0 0 0 1 0 0 0 1 -0.72 1.33 2.57</i>
                <i>1 0 0 0 1 0 0 0 1 -0.72 1.33 2.57</i>
                <i>1 0 0 0 1 0 0 0 1 -0.72 1.33 2.57</i>
                <i>1 0 0 0 1 0 0 0 1 -0.72 1.33 2.57</i>
            </KeyFrames>
        </RefFrame>
        <Bones count="23">
            <i>
                <p>
                    <Name><![CDATA[pelvis]]></Name>
                    <Exclude>0</Exclude>
                    <Additive>0</Additive>
                    <IKPriority>0</IKPriority>
                    <IKRotLimits>-1e+010 -1e+010 -1e+010 1e+010 1e+010 1e+010</IKRotLimits>
                    <IKRotLimitOrder>2</IKRotLimitOrder>
                    <KeyFrames count="40">
                        <i>1 0 0 0 1 0 0 0 1 -0.625555 2.49165 2.39449</i>
                        <i>1 0 0 0 1 0 0 0 1 -0.625555 2.47876 2.39449</i>
                        <i>1 0 0 0 1 0 0 0 1 -0.625555 2.45551 2.39449</i>
                        <i>1 0 0 0 1 0 0 0 1 -0.625555 2.44497 2.39449</i>
                        <i>1 0 0 0 1 0 0 0 1 -0.625555 2.46273 2.39449</i>
                        <i>1 0 0 0 1 0 0 0 1 -0.625555 2.49322 2.39449</i>
                        <i>1 0 0 0 1 0 0 0 1 -0.625555 2.51273 2.39449</i>
                        <i>1 0 0 0 1 0 0 0 1 -0.625555 2.49675 2.39449</i>
                        <i>1 0 0 0 1 0 0 0 1 -0.625555 2.47568 2.39449</i>
                        <i>1 0 0 0 1 0 0 0 1 -0.625555 2.47793 2.39449</i>
                        <i>1 0 0 0 1 0 0 0 1 -0.625555 2.48662 2.39449</i>
                        <i>1 0 0 0 1 0 0 0 1 -0.625555 2.49247 2.39449</i>
                        <i>1 0 0 0 1 0 0 0 1 -0.625555 2.49349 2.39449</i>
                        <i>1 0 0 0 1 0 0 0 1 -0.625555 2.49397 2.39449</i>
                        <i>1 0 0 0 1 0 0 0 1 -0.625555 2.49403 2.39449</i>
                        <i>1 0 0 0 1 0 0 0 1 -0.625555 2.49377 2.39449</i>
                        <i>1 0 0 0 1 0 0 0 1 -0.625555 2.4933 2.39449</i>
                        <i>1 0 0 0 1 0 0 0 1 -0.625555 2.49275 2.39449</i>
                        <i>1 0 0 0 1 0 0 0 1 -0.625555 2.49221 2.39449</i>
                        <i>1 0 0 0 1 0 0 0 1 -0.625555 2.49181 2.39449</i>
                        <i>1 0 0 0 1 0 0 0 1 -0.625555 2.49165 2.39449</i>
                        <i>1 0 0 0 1 0 0 0 1 -0.625555 2.49165 2.39449</i>
                        <i>1 0 0 0 1 0 0 0 1 -0.625555 2.49165 2.39449</i>
                        <i>1 0 0 0 1 0 0 0 1 -0.625555 2.49165 2.39449</i>
                        <i>1 0 0 0 1 0 0 0 1 -0.625555 2.49165 2.39449</i>
                        <i>1 0 0 0 1 0 0 0 1 -0.625555 2.49165 2.39449</i>
                        <i>1 0 0 0 1 0 0 0 1 -0.625555 2.49165 2.39449</i>
                        <i>1 0 0 0 1 0 0 0 1 -0.625555 2.49165 2.39449</i>
                        <i>1 0 0 0 1 0 0 0 1 -0.625555 2.49165 2.39449</i>
                        <i>1 0 0 0 1 0 0 0 1 -0.625555 2.49165 2.39449</i>
                        <i>1 0 0 0 1 0 0 0 1 -0.625555 2.49165 2.39449</i>
                        <i>1 0 0 0 1 0 0 0 1 -0.625555 2.49165 2.39449</i>
                        <i>1 0 0 0 1 0 0 0 1 -0.625555 2.49165 2.39449</i>
                        <i>1 0 0 0 1 0 0 0 1 -0.625555 2.49165 2.39449</i>
                        <i>1 0 0 0 1 0 0 0 1 -0.625555 2.49165 2.39449</i>
                        <i>1 0 0 0 1 0 0 0 1 -0.625555 2.49165 2.39449</i>
                        <i>1 0 0 0 1 0 0 0 1 -0.625555 2.49165 2.39449</i>
                        <i>1 0 0 0 1 0 0 0 1 -0.625555 2.49165 2.39449</i>
                        <i>1 0 0 0 1 0 0 0 1 -0.625555 2.49165 2.39449</i>
                        <i>1 0 0 0 1 0 0 0 1 -0.625555 2.49165 2.39449</i>
                    </KeyFrames>
                </p>
            </i>
            <i>
                <p>
                    <Name><![CDATA[spine0]]></Name>
                    <Exclude>0</Exclude>
                    <Additive>0</Additive>
                    <IKPriority>0</IKPriority>
                    <IKRotLimits>-1e+010 -1e+010 -1e+010 1e+010 1e+010 1e+010</IKRotLimits>
                    <IKRotLimitOrder>0</IKRotLimitOrder>
                    <KeyFrames count="40">
                        <i>-0.0194061 0.999171 0.0357809 -0.879037 -2.22045e-016 -0.476754 -0.476359 -0.0407046 0.878308 -0.609984 2.63175 2.36578</i>
                        <i>-0.0210176 0.999043 0.0383704 -0.879027 -0.000181341 -0.476772 -0.476308 -0.0437492 0.878189 -0.608286 2.61794 2.36243</i>
                        <i>-0.0244717 0.998745 0.0437052 -0.878947 -0.000666379 -0.476918 -0.47629 -0.0500856 0.87786 -0.605196 2.59266 2.35616</i>
                        <i>-0.026738 0.998567 0.0463576 -0.878785 -0.00137632 -0.477215 -0.476468 -0.0534982 0.877563 -0.603654 2.5808 2.35246</i>
                        <i>-0.025625 0.998773 0.0423888 -0.878658 -0.00228012 -0.477446 -0.476763 -0.0494798 0.877638 -0.604767 2.59904 2.35343</i>
                        <i>-0.0230982 0.999101 0.0355515 -0.878632 -0.00332247 -0.477487 -0.47694 -0.0422658 0.877919 -0.60707 2.63072 2.35644</i>
                        <i>-0.0211239 0.999337 0.0296404 -0.8787 -0.00441555 -0.477354 -0.476907 -0.0361286 0.878211 -0.609538 2.6514 2.35968</i>
                        <i>-0.0211676 0.999397 0.0275428 -0.87875 -0.0054595 -0.477251 -0.476813 -0.0343055 0.878335 -0.611103 2.63599 2.36131</i>
                        <i>-0.0242857 0.999212 0.0313798 -0.878637 -0.00636106 -0.477448 -0.476872 -0.0391666 0.8781 -0.611132 2.61466 2.36027</i>
                        <i>-0.0294486 0.998789 0.0394016 -0.878384 -0.00704553 -0.477904 -0.477048 -0.0486833 0.877528 -0.610234 2.61619 2.35779</i>
                        <i>-0.0345517 0.998257 0.0478486 -0.878114 -0.00746292 -0.478393 -0.477202 -0.0585458 0.876841 -0.609194 2.62408 2.35535</i>
                        <i>-0.0370578 0.997953 0.052127 -0.878004 -0.00760485 -0.478593 -0.477217 -0.0635034 0.876488 -0.608792 2.62961 2.35442</i>
                        <i>-0.0365461 0.997935 0.0528185 -0.878215 -0.00685076 -0.478218 -0.476868 -0.0638629 0.876652 -0.609034 2.63105 2.35578</i>
                        <i>-0.0346829 0.997975 0.0533246 -0.878591 -0.0050171 -0.47755 -0.476315 -0.0634132 0.876985 -0.609351 2.63233 2.35857</i>
                        <i>-0.0319106 0.998086 0.0529634 -0.878886 -0.00278631 -0.477023 -0.475963 -0.0617709 0.877294 -0.609658 2.63323 2.36182</i>
                        <i>-0.0286454 0.99829 0.0509481 -0.879014 -0.000889428 -0.476795 -0.475934 -0.058442 0.877537 -0.609887 2.6336 2.36453</i>
                        <i>-0.0252684 0.998603 0.0464057 -0.879036 -8.77924e-005 -0.476756 -0.476086 -0.0528391 0.87781 -0.609976 2.63338 2.36566</i>
                        <i>-0.0222731 0.998916 0.0408858 -0.879036 -8.64017e-005 -0.476756 -0.476235 -0.0465589 0.878084 -0.609976 2.63283 2.36566</i>
                        <i>-0.0201833 0.99911 0.0370412 -0.879036 -8.23459e-005 -0.476756 -0.476328 -0.042183 0.878255 -0.609976 2.63229 2.36567</i>
                        <i>-0.0193976 0.999178 0.0356055 -0.879036 -7.60847e-005 -0.476756 -0.476361 -0.0405464 0.878314 -0.609977 2.63189 2.36568</i>
                        <i>-0.0193984 0.999177 0.0356239 -0.879036 -6.81164e-005 -0.476755 -0.476361 -0.040563 0.878314 -0.609978 2.63173 2.36569</i>
                        <i>-0.0193995 0.999176 0.035645 -0.879036 -5.89468e-005 -0.476755 -0.47636 -0.040582 0.878313 -0.609979 2.63173 2.3657</i>
                        <i>-0.0194006 0.999175 0.0356678 -0.879036 -4.90561e-005 -0.476755 -0.47636 -0.0406026 0.878312 -0.60998 2.63174 2.36572</i>
                        <i>-0.0194017 0.999175 0.0356912 -0.879036 -3.8925e-005 -0.476755 -0.47636 -0.0406237 0.878312 -0.60998 2.63174 2.36573</i>
                        <i>-0.0194028 0.999174 0.035714 -0.879037 -2.90339e-005 -0.476754 -0.476359 -0.0406443 0.878311 -0.609981 2.63174 2.36574</i>
                        <i>-0.0194039 0.999173 0.0357351 -0.879037 -1.98634e-005 -0.476754 -0.476359 -0.0406633 0.87831 -0.609982 2.63175 2.36576</i>
                        <i>-0.0194047 0.999172 0.0357535 -0.879037 -1.18941e-005 -0.476754 -0.476359 -0.0406799 0.878309 -0.609983 2.63175 2.36577</i>
                        <i>-0.0194055 0.999172 0.035768 -0.879037 -5.60669e-006 -0.476754 -0.476359 -0.040693 0.878309 -0.609984 2.63175 2.36577</i>
                        <i>-0.0194059 0.999171 0.0357775 -0.879037 -1.48179e-006 -0.476754 -0.476359 -0.0407015 0.878309 -0.609984 2.63175 2.36578</i>
                        <i>-0.0194061 0.999171 0.0357809 -0.879037 -2.22045e-016 -0.476754 -0.476359 -0.0407046 0.878308 -0.609984 2.63175 2.36578</i>
                        <i>-0.0194061 0.999171 0.0357809 -0.879037 -2.22045e-016 -0.476754 -0.476359 -0.0407046 0.878308 -0.609984 2.63175 2.36578</i>
                        <i>-0.0194061 0.999171 0.0357809 -0.879037 -2.22045e-016 -0.476754 -0.476359 -0.0407046 0.878308 -0.609984 2.63175 2.36578</i>
                        <i>-0.0194061 0.999171 0.0357809 -0.879037 -2.22045e-016 -0.476754 -0.476359 -0.0407046 0.878308 -0.609984 2.63175 2.36578</i>
                        <i>-0.0194061 0.999171 0.0357809 -0.879037 -2.22045e-016 -0.476754 -0.476359 -0.0407046 0.878308 -0.609984 2.63175 2.36578</i>
                        <i>-0.0194061 0.999171 0.0357809 -0.879037 -2.22045e-016 -0.476754 -0.476359 -0.0407046 0.878308 -0.609984 2.63175 2.36578</i>
                        <i>-0.0194061 0.999171 0.0357809 -0.879037 -2.22045e-016 -0.476754 -0.476359 -0.0407046 0.878308 -0.609984 2.63175 2.36578</i>
                        <i>-0.0194061 0.999171 0.0357809 -0.879037 -2.22045e-016 -0.476754 -0.476359 -0.0407046 0.878308 -0.609984 2.63175 2.36578</i>
                        <i>-0.0194061 0.999171 0.0357809 -0.879037 -2.22045e-016 -0.476754 -0.476359 -0.0407046 0.878308 -0.609984 2.63175 2.36578</i>
                        <i>-0.0194061 0.999171 0.0357809 -0.879037 -2.22045e-016 -0.476754 -0.476359 -0.0407046 0.878308 -0.609984 2.63175 2.36578</i>
                        <i>-0.0194061 0.999171 0.0357809 -0.879037 -2.22045e-016 -0.476754 -0.476359 -0.0407046 0.878308 -0.609984 2.63175 2.36578</i>
                    </KeyFrames>
                </p>
            </i>
            <i>
                <p>
                    <Name><![CDATA[spine1]]></Name>
                    <Exclude>0</Exclude>
                    <Additive>0</Additive>
                    <IKPriority>0</IKPriority>
                    <IKRotLimits>-1e+010 -1e+010 -1e+010 1e+010 1e+010 1e+010</IKRotLimits>
                    <IKRotLimitOrder>0</IKRotLimitOrder>
                    <KeyFrames count="40">
                        <i>-0.0768406 0.986926 0.141678 -0.879037 -2.22045e-016 -0.476754 -0.470521 -0.161175 0.867544 -0.61334 2.80476 2.37197</i>
                        <i>-0.087575 0.982798 0.162597 -0.879084 0.000527684 -0.476667 -0.468553 -0.18468 0.863916 -0.611928 2.79138 2.36908</i>
                        <i>-0.106656 0.973809 0.200798 -0.879124 0.00198572 -0.476588 -0.464505 -0.227357 0.855888 -0.609462 2.76714 2.36377</i>
                        <i>-0.115894 0.968075 0.22226 -0.879114 0.00417712 -0.476593 -0.462306 -0.250626 0.850564 -0.608334 2.75603 2.36057</i>
                        <i>-0.109122 0.970416 0.215371 -0.879229 0.00685143 -0.476351 -0.463734 -0.241341 0.85247 -0.609248 2.77411 2.36084</i>
                        <i>-0.0949685 0.97606 0.195674 -0.879557 0.00978481 -0.475693 -0.466219 -0.217282 0.857571 -0.611097 2.80529 2.36263</i>
                        <i>-0.0797603 0.981451 0.174334 -0.880057 0.0127995 -0.474696 -0.468122 -0.191286 0.862712 -0.61321 2.82551 2.36483</i>
                        <i>-0.0705708 0.98396 0.163834 -0.880491 0.0157403 -0.473801 -0.46878 -0.177691 0.865258 -0.614778 2.80984 2.36608</i>
                        <i>-0.0718848 0.982481 0.171939 -0.880548 0.0184551 -0.473597 -0.468473 -0.185445 0.863796 -0.615348 2.78844 2.36572</i>
                        <i>-0.0794156 0.978512 0.190283 -0.880247 0.0207467 -0.474063 -0.467824 -0.205144 0.859684 -0.615351 2.79 2.36463</i>
                        <i>-0.0874659 0.974217 0.207966 -0.879825 0.0223584 -0.474772 -0.467181 -0.2245 0.855185 -0.615207 2.79802 2.36367</i>
                        <i>-0.0907342 0.972388 0.215008 -0.879627 0.0229744 -0.475109 -0.46693 -0.232236 0.853254 -0.615244 2.80356 2.36349</i>
                        <i>-0.0893776 0.974083 0.207782 -0.879729 0.0206083 -0.475028 -0.466999 -0.225249 0.855088 -0.615386 2.80471 2.36496</i>
                        <i>-0.0872125 0.977457 0.192279 -0.879797 0.0149625 -0.475115 -0.467282 -0.210602 0.858659 -0.615362 2.80546 2.36781</i>
                        <i>-0.0846262 0.98119 0.173507 -0.879627 0.00823402 -0.475592 -0.468075 -0.192869 0.862385 -0.615174 2.80587 2.37098</i>
                        <i>-0.0820441 0.98421 0.156845 -0.879274 0.00260874 -0.476309 -0.469197 -0.176988 0.865176 -0.614829 2.80597 2.37332</i>
                        <i>-0.0799452 0.985758 0.147951 -0.879063 0.000255992 -0.476705 -0.469954 -0.168169 0.866523 -0.614336 2.80584 2.37367</i>
                        <i>-0.0783998 0.986307 0.145092 -0.879064 0.000250683 -0.476704 -0.470213 -0.164918 0.867007 -0.613824 2.80557 2.37273</i>
                        <i>-0.0772941 0.986696 0.143026 -0.879063 0.000238049 -0.476705 -0.470397 -0.162576 0.86735 -0.613466 2.80524 2.37207</i>
                        <i>-0.0768703 0.986848 0.142206 -0.879062 0.000219642 -0.476708 -0.470469 -0.161652 0.867483 -0.613331 2.80492 2.37183</i>
                        <i>-0.0768672 0.986856 0.14215 -0.879059 0.00019664 -0.476713 -0.470475 -0.161602 0.86749 -0.613332 2.80476 2.37185</i>
                        <i>-0.0768636 0.986865 0.142087 -0.879056 0.000170169 -0.476718 -0.470481 -0.161545 0.867497 -0.613333 2.80476 2.37187</i>
                        <i>-0.0768597 0.986876 0.142018 -0.879053 0.000141617 -0.476724 -0.470487 -0.161482 0.867505 -0.613334 2.80476 2.37188</i>
                        <i>-0.0768558 0.986886 0.141948 -0.87905 0.000112371 -0.47673 -0.470494 -0.161419 0.867513 -0.613335 2.80476 2.3719</i>
                        <i>-0.0768519 0.986896 0.14188 -0.879046 8.3817e-005 -0.476736 -0.470501 -0.161357 0.867521 -0.613336 2.80476 2.37192</i>
                        <i>-0.0768483 0.986906 0.141816 -0.879043 5.73432e-005 -0.476742 -0.470507 -0.161299 0.867528 -0.613337 2.80476 2.37193</i>
                        <i>-0.0768452 0.986914 0.141761 -0.879041 3.4337e-005 -0.476746 -0.470512 -0.161249 0.867535 -0.613338 2.80476 2.37195</i>
                        <i>-0.0768428 0.98692 0.141717 -0.879039 1.6186e-005 -0.47675 -0.470517 -0.16121 0.86754 -0.613339 2.80476 2.37196</i>
                        <i>-0.0768411 0.986924 0.141689 -0.879037 4.27775e-006 -0.476753 -0.47052 -0.161184 0.867543 -0.613339 2.80476 2.37197</i>
                        <i>-0.0768406 0.986926 0.141678 -0.879037 -2.22045e-016 -0.476754 -0.470521 -0.161175 0.867544 -0.61334 2.80476 2.37197</i>
                        <i>-0.0768406 0.986926 0.141678 -0.879037 -2.22045e-016 -0.476754 -0.470521 -0.161175 0.867544 -0.61334 2.80476 2.37197</i>
                        <i>-0.0768406 0.986926 0.141678 -0.879037 -2.22045e-016 -0.476754 -0.470521 -0.161175 0.867544 -0.61334 2.80476 2.37197</i>
                        <i>-0.0768406 0.986926 0.141678 -0.879037 -2.22045e-016 -0.476754 -0.470521 -0.161175 0.867544 -0.61334 2.80476 2.37197</i>
                        <i>-0.0768406 0.986926 0.141678 -0.879037 -2.22045e-016 -0.476754 -0.470521 -0.161175 0.867544 -0.61334 2.80476 2.37197</i>
                        <i>-0.0768406 0.986926 0.141678 -0.879037 -2.22045e-016 -0.476754 -0.470521 -0.161175 0.867544 -0.61334 2.80476 2.37197</i>
                        <i>-0.0768406 0.986926 0.141678 -0.879037 -2.22045e-016 -0.476754 -0.470521 -0.161175 0.867544 -0.61334 2.80476 2.37197</i>
                        <i>-0.0768406 0.986926 0.141678 -0.879037 -2.22045e-016 -0.476754 -0.470521 -0.161175 0.867544 -0.61334 2.80476 2.37197</i>
                        <i>-0.0768406 0.986926 0.141678 -0.879037 -2.22045e-016 -0.476754 -0.470521 -0.161175 0.867544 -0.61334 2.80476 2.37197</i>
                        <i>-0.0768406 0.986926 0.141678 -0.879037 -2.22045e-016 -0.476754 -0.470521 -0.161175 0.867544 -0.61334 2.80476 2.37197</i>
                        <i>-0.0768406 0.986926 0.141678 -0.879037 -2.22045e-016 -0.476754 -0.470521 -0.161175 0.867544 -0.61334 2.80476 2.37197</i>
                    </KeyFrames>
                </p>
            </i>
            <i>
                <p>
                    <Name><![CDATA[spine2]]></Name>
                    <Exclude>0</Exclude>
                    <Additive>0</Additive>
                    <IKPriority>0</IKPriority>
                    <IKRotLimits>-1e+010 -1e+010 -1e+010 1e+010 1e+010 1e+010</IKRotLimits>
                    <IKRotLimitOrder>0</IKRotLimitOrder>
                    <KeyFrames count="40">
                        <i>-0.213377 0.894253 0.393423 -0.879037 -2.22045e-016 -0.476754 -0.426338 -0.447562 0.786081 -0.625604 2.9621 2.39458</i>
                        <i>-0.210022 0.8974 0.388026 -0.87909 0.000363953 -0.476656 -0.427892 -0.441217 0.788819 -0.625943 2.94845 2.3951</i>
                        <i>-0.203384 0.903247 0.377862 -0.879193 0.0013544 -0.476464 -0.430876 -0.429119 0.793853 -0.626639 2.9237 2.39611</i>
                        <i>-0.199255 0.906072 0.373271 -0.879315 0.00282082 -0.476232 -0.432553 -0.423114 0.796161 -0.627085 2.91235 2.39653</i>
                        <i>-0.200955 0.902778 0.380276 -0.879538 0.00464117 -0.475807 -0.431313 -0.430083 0.793094 -0.626884 2.93064 2.39565</i>
                        <i>-0.205243 0.896472 0.3927 -0.879898 0.00667644 -0.475116 -0.42855 -0.44305 0.787434 -0.626397 2.96226 2.39416</i>
                        <i>-0.208812 0.890551 0.404124 -0.880357 0.00877981 -0.474231 -0.425875 -0.454798 0.782169 -0.626023 2.98291 2.39283</i>
                        <i>-0.208703 0.888547 0.408567 -0.88076 0.0108209 -0.473439 -0.425094 -0.458658 0.780338 -0.626097 2.9674 2.39236</i>
                        <i>-0.202705 0.893202 0.401374 -0.8809 0.0126962 -0.473132 -0.427698 -0.449476 0.784248 -0.626874 2.94572 2.39328</i>
                        <i>-0.193114 0.901835 0.386523 -0.880776 0.0142573 -0.473318 -0.432366 -0.431844 0.791562 -0.628093 2.94675 2.39516</i>
                        <i>-0.183999 0.910041 0.371443 -0.880541 0.0153197 -0.473722 -0.436797 -0.414235 0.79851 -0.629256 2.95425 2.39707</i>
                        <i>-0.17962 0.913924 0.363977 -0.880413 0.0157199 -0.473947 -0.438874 -0.405581 0.801807 -0.629824 2.95956 2.39804</i>
                        <i>-0.180639 0.914251 0.36265 -0.880324 0.0141465 -0.474162 -0.438633 -0.404902 0.802282 -0.629723 2.96072 2.39828</i>
                        <i>-0.184282 0.913974 0.361513 -0.880072 0.0103272 -0.474729 -0.437623 -0.405641 0.802459 -0.629306 2.96156 2.39855</i>
                        <i>-0.189718 0.912699 0.361922 -0.879682 0.00571043 -0.475527 -0.43608 -0.408593 0.801802 -0.628663 2.96212 2.39863</i>
                        <i>-0.196086 0.909952 0.365429 -0.879268 0.00181346 -0.476324 -0.434095 -0.41471 0.799736 -0.627883 2.96244 2.39828</i>
                        <i>-0.20248 0.905173 0.373716 -0.879062 0.000177835 -0.476707 -0.431569 -0.425043 0.795667 -0.627059 2.9626 2.39722</i>
                        <i>-0.20801 0.899637 0.383908 -0.879063 0.00017377 -0.476705 -0.428928 -0.436639 0.790802 -0.626319 2.96262 2.39585</i>
                        <i>-0.211898 0.895641 0.391058 -0.879063 0.00016474 -0.476705 -0.427021 -0.444778 0.78729 -0.625799 2.96251 2.39489</i>
                        <i>-0.213368 0.894115 0.393741 -0.879062 0.000151903 -0.476708 -0.426292 -0.447837 0.78595 -0.625602 2.96227 2.39453</i>
                        <i>-0.213369 0.89413 0.393708 -0.879059 0.000135997 -0.476713 -0.426297 -0.447808 0.785964 -0.625602 2.96211 2.39454</i>
                        <i>-0.21337 0.894146 0.39367 -0.879056 0.000117692 -0.476718 -0.426302 -0.447775 0.78598 -0.625602 2.96211 2.39455</i>
                        <i>-0.213371 0.894164 0.393628 -0.879053 9.79467e-005 -0.476724 -0.426308 -0.447739 0.785997 -0.625602 2.96211 2.39455</i>
                        <i>-0.213372 0.894183 0.393586 -0.87905 7.77204e-005 -0.47673 -0.426314 -0.447703 0.786014 -0.625603 2.9621 2.39456</i>
                        <i>-0.213373 0.8942 0.393545 -0.879046 5.79725e-005 -0.476736 -0.426321 -0.447667 0.786031 -0.625603 2.9621 2.39456</i>
                        <i>-0.213375 0.894217 0.393506 -0.879043 3.96624e-005 -0.476742 -0.426326 -0.447634 0.786047 -0.625603 2.9621 2.39457</i>
                        <i>-0.213375 0.894231 0.393473 -0.879041 2.37501e-005 -0.476747 -0.426331 -0.447605 0.786061 -0.625603 2.9621 2.39457</i>
                        <i>-0.213376 0.894243 0.393447 -0.879039 1.11956e-005 -0.47675 -0.426335 -0.447582 0.786072 -0.625604 2.9621 2.39458</i>
                        <i>-0.213377 0.89425 0.39343 -0.879037 2.95879e-006 -0.476753 -0.426337 -0.447567 0.786079 -0.625604 2.9621 2.39458</i>
                        <i>-0.213377 0.894253 0.393423 -0.879037 -2.22045e-016 -0.476754 -0.426338 -0.447562 0.786081 -0.625604 2.9621 2.39458</i>
                        <i>-0.213377 0.894253 0.393423 -0.879037 -2.22045e-016 -0.476754 -0.426338 -0.447562 0.786081 -0.625604 2.9621 2.39458</i>
                        <i>-0.213377 0.894253 0.393423 -0.879037 -2.22045e-016 -0.476754 -0.426338 -0.447562 0.786081 -0.625604 2.9621 2.39458</i>
                        <i>-0.213377 0.894253 0.393423 -0.879037 -2.22045e-016 -0.476754 -0.426338 -0.447562 0.786081 -0.625604 2.9621 2.39458</i>
                        <i>-0.213377 0.894253 0.393423 -0.879037 -2.22045e-016 -0.476754 -0.426338 -0.447562 0.786081 -0.625604 2.9621 2.39458</i>
                        <i>-0.213377 0.894253 0.393423 -0.879037 -2.22045e-016 -0.476754 -0.426338 -0.447562 0.786081 -0.625604 2.9621 2.39458</i>
                        <i>-0.213377 0.894253 0.393423 -0.879037 -2.22045e-016 -0.476754 -0.426338 -0.447562 0.786081 -0.625604 2.9621 2.39458</i>
                        <i>-0.213377 0.894253 0.393423 -0.879037 -2.22045e-016 -0.476754 -0.426338 -0.447562 0.786081 -0.625604 2.9621 2.39458</i>
                        <i>-0.213377 0.894253 0.393423 -0.879037 -2.22045e-016 -0.476754 -0.426338 -0.447562 0.786081 -0.625604 2.9621 2.39458</i>
                        <i>-0.213377 0.894253 0.393423 -0.879037 -2.22045e-016 -0.476754 -0.426338 -0.447562 0.786081 -0.625604 2.9621 2.39458</i>
                        <i>-0.213377 0.894253 0.393423 -0.879037 -2.22045e-016 -0.476754 -0.426338 -0.447562 0.786081 -0.625604 2.9621 2.39458</i>
                    </KeyFrames>
                </p>
            </i>
            <i>
                <p>
                    <Name><![CDATA[head]]></Name>
                    <Exclude>0</Exclude>
                    <Additive>0</Additive>
                    <IKPriority>0</IKPriority>
                    <IKRotLimits>-1e+010 -1e+010 -1e+010 1e+010 1e+010 1e+010</IKRotLimits>
                    <IKRotLimitOrder>0</IKRotLimitOrder>
                    <KeyFrames count="40">
                        <i>-0.0509736 0.987514 0.149058 -0.0666079 0.145558 -0.987105 -0.996476 -0.0602448 0.0583566 -0.681037 3.19316 2.49679</i>
                        <i>-0.0383455 0.995796 0.0831897 -0.0631711 0.0806687 -0.994737 -0.997266 -0.0433989 0.0598122 -0.679295 3.18214 2.49358</i>
                        <i>-0.0142142 0.999285 -0.0350312 -0.060791 -0.0358336 -0.997507 -0.998049 -0.0120491 0.0612568 -0.675992 3.16203 2.48749</i>
                        <i>-0.000445103 0.99645 -0.0841845 -0.0615397 -0.0840522 -0.994559 -0.998105 0.00473801 0.0613587 -0.674191 3.153 2.48417</i>
                        <i>-0.00645472 0.999942 -0.00861627 -0.0612938 -0.00899595 -0.998079 -0.998099 -0.00591417 0.0613483 -0.675336 3.16983 2.48628</i>
                        <i>-0.0211598 0.991809 0.125962 -0.0638345 0.124392 -0.990178 -0.997736 -0.0289927 0.0606795 -0.677787 3.19809 2.4908</i>
                        <i>-0.0349679 0.965937 0.256402 -0.0704111 0.253541 -0.964759 -0.996905 -0.0517892 0.0591469 -0.680165 3.2152 2.49518</i>
                        <i>-0.0396568 0.945453 0.323335 -0.0749831 0.319861 -0.944493 -0.996396 -0.0617002 0.0582084 -0.681186 3.1981 2.49707</i>
                        <i>-0.0297383 0.952018 0.304594 -0.0717084 0.301911 -0.950635 -0.996982 -0.0501122 0.0592893 -0.679992 3.17833 2.49486</i>
                        <i>-0.0103119 0.971432 0.237095 -0.065134 0.235952 -0.969579 -0.997823 -0.0254412 0.06084 -0.677412 3.18317 2.49011</i>
                        <i>0.00874379 0.987714 0.156029 -0.0607568 0.156272 -0.985844 -0.998114 -0.000859833 0.0613767 -0.674794 3.19417 2.48528</i>
                        <i>0.0164091 0.994945 0.0990768 -0.0599523 0.0998909 -0.993191 -0.998066 0.0103575 0.0612883 -0.673583 3.20098 2.48305</i>
                        <i>0.0125723 0.996371 0.0841836 -0.0604851 0.0847939 -0.994561 -0.99809 0.00741209 0.0613318 -0.673902 3.20175 2.48363</i>
                        <i>0.00577791 0.994667 0.10298 -0.0611071 0.10314 -0.992788 -0.998115 -0.00055659 0.061377 -0.674761 3.20154 2.48522</i>
                        <i>-0.00306269 0.989857 0.142035 -0.062326 0.14157 -0.987964 -0.998051 -0.0118783 0.0612602 -0.675973 3.20057 2.48745</i>
                        <i>-0.0129748 0.981959 0.188648 -0.0644587 0.18745 -0.980157 -0.997836 -0.0248774 0.0608636 -0.677353 3.19906 2.49</i>
                        <i>-0.0230442 0.972841 0.230323 -0.0672749 0.228353 -0.971251 -0.997468 -0.0378766 0.0601857 -0.678719 3.19727 2.49252</i>
                        <i>-0.032513 0.966399 0.254983 -0.0699164 0.252293 -0.965122 -0.997023 -0.0492065 0.0593643 -0.679898 3.1955 2.49469</i>
                        <i>-0.0402057 0.965225 0.25831 -0.0713925 0.255083 -0.96428 -0.996638 -0.0572109 0.0586541 -0.680725 3.19407 2.49621</i>
                        <i>-0.0442346 0.96861 0.244616 -0.0712617 0.241173 -0.967862 -0.996476 -0.0602448 0.0583566 -0.681037 3.19332 2.49679</i>
                        <i>-0.0459752 0.974253 0.22072 -0.0701514 0.217259 -0.97359 -0.996476 -0.0602448 0.0583566 -0.681037 3.19316 2.49679</i>
                        <i>-0.0477856 0.979578 0.195303 -0.0689308 0.191826 -0.979005 -0.996476 -0.0602448 0.0583566 -0.681037 3.19316 2.49679</i>
                        <i>-0.0493916 0.983814 0.172252 -0.0677894 0.168763 -0.983323 -0.996476 -0.0602448 0.0583566 -0.681037 3.19316 2.49679</i>
                        <i>-0.0505366 0.98654 0.155515 -0.0669401 0.152018 -0.986108 -0.996476 -0.0602448 0.0583566 -0.681037 3.19316 2.49679</i>
                        <i>-0.0509736 0.987514 0.149058 -0.0666079 0.145558 -0.987105 -0.996476 -0.0602448 0.0583566 -0.681037 3.19316 2.49679</i>
                        <i>-0.0509736 0.987514 0.149058 -0.066608 0.145558 -0.987105 -0.996476 -0.0602448 0.0583566 -0.681037 3.19316 2.49679</i>
                        <i>-0.0509737 0.987514 0.149058 -0.066608 0.145558 -0.987105 -0.996476 -0.0602448 0.0583566 -0.681037 3.19316 2.49679</i>
                        <i>-0.0509736 0.987514 0.149058 -0.066608 0.145558 -0.987105 -0.996476 -0.0602448 0.0583566 -0.681037 3.19316 2.49679</i>
                        <i>-0.0509737 0.987514 0.149058 -0.0666079 0.145558 -0.987105 -0.996476 -0.0602448 0.0583566 -0.681037 3.19316 2.49679</i>
                        <i>-0.0509736 0.987514 0.149058 -0.0666079 0.145558 -0.987105 -0.996476 -0.0602448 0.0583566 -0.681037 3.19316 2.49679</i>
                        <i>-0.0509736 0.987514 0.149058 -0.0666079 0.145558 -0.987105 -0.996476 -0.0602448 0.0583566 -0.681037 3.19316 2.49679</i>
                        <i>-0.0509736 0.987514 0.149058 -0.0666079 0.145558 -0.987105 -0.996476 -0.0602448 0.0583566 -0.681037 3.19316 2.49679</i>
                        <i>-0.0509736 0.987514 0.149058 -0.0666079 0.145558 -0.987105 -0.996476 -0.0602448 0.0583566 -0.681037 3.19316 2.49679</i>
                        <i>-0.0509736 0.987514 0.149058 -0.0666079 0.145558 -0.987105 -0.996476 -0.0602448 0.0583566 -0.681037 3.19316 2.49679</i>
                        <i>-0.0509736 0.987514 0.149058 -0.0666079 0.145558 -0.987105 -0.996476 -0.0602448 0.0583566 -0.681037 3.19316 2.49679</i>
                        <i>-0.0509736 0.987514 0.149058 -0.0666079 0.145558 -0.987105 -0.996476 -0.0602448 0.0583566 -0.681037 3.19316 2.49679</i>
                        <i>-0.0509736 0.987514 0.149058 -0.0666079 0.145558 -0.987105 -0.996476 -0.0602448 0.0583566 -0.681037 3.19316 2.49679</i>
                        <i>-0.0509736 0.987514 0.149058 -0.0666079 0.145558 -0.987105 -0.996476 -0.0602448 0.0583566 -0.681037 3.19316 2.49679</i>
                        <i>-0.0509736 0.987514 0.149058 -0.0666079 0.145558 -0.987105 -0.996476 -0.0602448 0.0583566 -0.681037 3.19316 2.49679</i>
                        <i>-0.0509736 0.987514 0.149058 -0.0666079 0.145558 -0.987105 -0.996476 -0.0602448 0.0583566 -0.681037 3.19316 2.49679</i>
                    </KeyFrames>
                </p>
            </i>
            <i>
                <p>
                    <Name><![CDATA[head_prop]]></Name>
                    <Exclude>0</Exclude>
                    <Additive>0</Additive>
                    <IKPriority>0</IKPriority>
                    <IKRotLimits>-1e+010 -1e+010 -1e+010 1e+010 1e+010 1e+010</IKRotLimits>
                    <IKRotLimitOrder>0</IKRotLimitOrder>
                    <KeyFrames count="40">
                        <i>0.996476 0.0602448 -0.0583566 -0.0509736 0.987514 0.149058 0.0666079 -0.145558 0.987105 -0.69765 3.515 2.54537</i>
                        <i>0.997266 0.0433989 -0.0598122 -0.0383455 0.995796 0.0831897 0.0631711 -0.0806687 0.994737 -0.691792 3.50668 2.52069</i>
                        <i>0.998049 0.0120491 -0.0612568 -0.0142142 0.999285 -0.0350312 0.060791 0.0358336 0.997507 -0.680624 3.48771 2.47607</i>
                        <i>0.998105 -0.00473801 -0.0613587 -0.000445103 0.99645 -0.0841845 0.0615397 0.0840522 0.994559 -0.674336 3.47776 2.45673</i>
                        <i>0.998099 0.00591417 -0.0613483 -0.00645472 0.999942 -0.00861627 0.0612938 0.00899595 0.998079 -0.67744 3.49572 2.48347</i>
                        <i>0.997736 0.0289927 -0.0606795 -0.0211598 0.991809 0.125962 0.0638345 -0.124392 0.990178 -0.684683 3.52133 2.53185</i>
                        <i>0.996905 0.0517892 -0.0591469 -0.0349679 0.965937 0.256402 0.0704111 -0.253541 0.964759 -0.691562 3.53001 2.57875</i>
                        <i>0.996396 0.0617002 -0.0582084 -0.0396568 0.945453 0.323335 0.0749831 -0.319861 0.944493 -0.694111 3.50624 2.60244</i>
                        <i>0.996982 0.0501122 -0.0592893 -0.0297383 0.952018 0.304594 0.0717084 -0.301911 0.950635 -0.689684 3.4886 2.59413</i>
                        <i>0.997823 0.0254412 -0.06084 -0.0103119 0.971432 0.237095 0.065134 -0.235952 0.969579 -0.680773 3.49976 2.56738</i>
                        <i>0.998114 0.000859833 -0.0613767 0.00874379 0.987714 0.156029 0.0607568 -0.156272 0.985844 -0.671944 3.51607 2.53613</i>
                        <i>0.998066 -0.0103575 -0.0612883 0.0164091 0.994945 0.0990768 0.0599523 -0.0998909 0.993191 -0.668235 3.52524 2.51534</i>
                        <i>0.99809 -0.00741209 -0.0613318 0.0125723 0.996371 0.0841836 0.0604851 -0.0847939 0.994561 -0.669804 3.52648 2.51107</i>
                        <i>0.998115 0.00055659 -0.061377 0.00577791 0.994667 0.10298 0.0611071 -0.10314 0.992788 -0.672878 3.52572 2.51878</i>
                        <i>0.998051 0.0118783 -0.0612602 -0.00306269 0.989857 0.142035 0.062326 -0.14157 0.987964 -0.676971 3.52317 2.53374</i>
                        <i>0.997836 0.0248774 -0.0608636 -0.0129748 0.981959 0.188648 0.0644587 -0.18745 0.980157 -0.681581 3.51908 2.55148</i>
                        <i>0.997468 0.0378766 -0.0601857 -0.0230442 0.972841 0.230323 0.0672749 -0.228353 0.971251 -0.686229 3.51432 2.56758</i>
                        <i>0.997023 0.0492065 -0.0593643 -0.032513 0.966399 0.254983 0.0699164 -0.252293 0.965122 -0.690494 3.51046 2.57779</i>
                        <i>0.996638 0.0572109 -0.0586541 -0.0402057 0.965225 0.25831 0.0713925 -0.255083 0.96428 -0.693828 3.50865 2.5804</i>
                        <i>0.996476 0.0602448 -0.0583566 -0.0442346 0.96861 0.244616 0.0712617 -0.241173 0.967862 -0.695454 3.509 2.57651</i>
                        <i>0.996476 0.0602448 -0.0583566 -0.0459752 0.974253 0.22072 0.0701514 -0.217259 0.97359 -0.696021 3.51068 2.56872</i>
                        <i>0.996476 0.0602448 -0.0583566 -0.0477856 0.979578 0.195303 0.0689308 -0.191826 0.979005 -0.696611 3.51242 2.56044</i>
                        <i>0.996476 0.0602448 -0.0583566 -0.0493916 0.983814 0.172252 0.0677894 -0.168763 0.983323 -0.697134 3.5138 2.55293</i>
                        <i>0.996476 0.0602448 -0.0583566 -0.0505366 0.98654 0.155515 0.0669401 -0.152018 0.986108 -0.697507 3.51469 2.54747</i>
                        <i>0.996476 0.0602448 -0.0583566 -0.0509736 0.987514 0.149058 0.0666079 -0.145558 0.987105 -0.69765 3.515 2.54537</i>
                        <i>0.996476 0.0602448 -0.0583566 -0.0509736 0.987514 0.149058 0.066608 -0.145558 0.987105 -0.69765 3.515 2.54537</i>
                        <i>0.996476 0.0602448 -0.0583566 -0.0509737 0.987514 0.149058 0.066608 -0.145558 0.987105 -0.69765 3.515 2.54537</i>
                        <i>0.996476 0.0602448 -0.0583566 -0.0509736 0.987514 0.149058 0.066608 -0.145558 0.987105 -0.69765 3.515 2.54537</i>
                        <i>0.996476 0.0602448 -0.0583566 -0.0509737 0.987514 0.149058 0.0666079 -0.145558 0.987105 -0.69765 3.515 2.54537</i>
                        <i>0.996476 0.0602448 -0.0583566 -0.0509736 0.987514 0.149058 0.0666079 -0.145558 0.987105 -0.69765 3.515 2.54537</i>
                        <i>0.996476 0.0602448 -0.0583566 -0.0509736 0.987514 0.149058 0.0666079 -0.145558 0.987105 -0.69765 3.515 2.54537</i>
                        <i>0.996476 0.0602448 -0.0583566 -0.0509736 0.987514 0.149058 0.0666079 -0.145558 0.987105 -0.69765 3.515 2.54537</i>
                        <i>0.996476 0.0602448 -0.0583566 -0.0509736 0.987514 0.149058 0.0666079 -0.145558 0.987105 -0.69765 3.515 2.54537</i>
                        <i>0.996476 0.0602448 -0.0583566 -0.0509736 0.987514 0.149058 0.0666079 -0.145558 0.987105 -0.69765 3.515 2.54537</i>
                        <i>0.996476 0.0602448 -0.0583566 -0.0509736 0.987514 0.149058 0.0666079 -0.145558 0.987105 -0.69765 3.515 2.54537</i>
                        <i>0.996476 0.0602448 -0.0583566 -0.0509736 0.987514 0.149058 0.0666079 -0.145558 0.987105 -0.69765 3.515 2.54537</i>
                        <i>0.996476 0.0602448 -0.0583566 -0.0509736 0.987514 0.149058 0.0666079 -0.145558 0.987105 -0.69765 3.515 2.54537</i>
                        <i>0.996476 0.0602448 -0.0583566 -0.0509736 0.987514 0.149058 0.0666079 -0.145558 0.987105 -0.69765 3.515 2.54537</i>
                        <i>0.996476 0.0602448 -0.0583566 -0.0509736 0.987514 0.149058 0.0666079 -0.145558 0.987105 -0.69765 3.515 2.54537</i>
                        <i>0.996476 0.0602448 -0.0583566 -0.0509736 0.987514 0.149058 0.0666079 -0.145558 0.987105 -0.69765 3.515 2.54537</i>
                    </KeyFrames>
                </p>
            </i>
            <i>
                <p>
                    <Name><![CDATA[l_clav]]></Name>
                    <Exclude>0</Exclude>
                    <Additive>0</Additive>
                    <IKPriority>0</IKPriority>
                    <IKRotLimits>-1e+010 -1e+010 -1e+010 1e+010 1e+010 1e+010</IKRotLimits>
                    <IKRotLimitOrder>0</IKRotLimitOrder>
                    <KeyFrames count="40">
                        <i>0.869606 0.465787 0.163791 -0.487527 0.862515 0.13559 -0.0781165 -0.197762 0.977132 -0.574395 3.00295 2.48061</i>
                        <i>0.865973 0.475948 0.153508 -0.493292 0.863406 0.105801 -0.0821838 -0.167345 0.982467 -0.575566 2.98995 2.48277</i>
                        <i>0.858782 0.495167 0.131544 -0.504674 0.861825 0.0506115 -0.088307 -0.109851 0.990017 -0.577739 2.96669 2.48677</i>
                        <i>0.853341 0.5078 0.1181 -0.513303 0.857978 0.0198246 -0.0912601 -0.0775381 0.992804 -0.5789 2.95625 2.48891</i>
                        <i>0.851016 0.509589 0.126851 -0.517273 0.855098 0.0351545 -0.0905552 -0.0955334 0.991299 -0.578163 2.97394 2.48755</i>
                        <i>0.849687 0.506823 0.14547 -0.520047 0.851059 0.0724576 -0.0870807 -0.137218 0.986706 -0.576565 3.00437 2.48461</i>
                        <i>0.849164 0.502364 0.162945 -0.521651 0.846004 0.110259 -0.0824623 -0.178628 0.980455 -0.574983 3.02397 2.48169</i>
                        <i>0.849004 0.500213 0.170232 -0.522267 0.843318 0.126699 -0.0801836 -0.196475 0.977225 -0.574294 3.00808 2.48042</i>
                        <i>0.849047 0.502952 0.161733 -0.521768 0.846316 0.107273 -0.0829241 -0.175467 0.980987 -0.5751 2.98691 2.48191</i>
                        <i>0.849598 0.507728 0.142815 -0.520089 0.851497 0.066782 -0.0876991 -0.131014 0.987494 -0.576811 2.98908 2.48506</i>
