<?xml version="1.0" encoding="ISO-8859-1" ?>
<Animl Version="1">
    <ModellingPackage><![CDATA[Maya.2010]]></ModellingPackage>
    <SrcFile><![CDATA[anims\turrets\artillery\blue\~src\artillery_m198\artillery_m198_aim_low_crewman_c.mb]]></SrcFile>
    <FramesPerSecond>30</FramesPerSecond>
    <TotalFrames>31</TotalFrames>
    <Skeleton>
        <RefFrame>
            <Name><![CDATA[soldier_ref_frame]]></Name>
            <Exclude>0</Exclude>
            <Additive>0</Additive>
            <IKPriority>0</IKPriority>
            <IKRotLimits>-1e+010 -1e+010 -1e+010 1e+010 1e+010 1e+010</IKRotLimits>
            <IKRotLimitOrder>0</IKRotLimitOrder>
            <KeyFrames count="31">
                <i>1 0 0 0 1 0 0 0 1 3.27 1.33 1.34</i>
                <i>1 0 0 0 1 0 0 0 1 3.27 1.33 1.34</i>
                <i>1 0 0 0 1 0 0 0 1 3.27 1.33 1.34</i>
                <i>1 0 0 0 1 0 0 0 1 3.27 1.33 1.34</i>
                <i>1 0 0 0 1 0 0 0 1 3.27 1.33 1.34</i>
                <i>1 0 0 0 1 0 0 0 1 3.27 1.33 1.34</i>
                <i>1 0 0 0 1 0 0 0 1 3.27 1.33 1.34</i>
                <i>1 0 0 0 1 0 0 0 1 3.27 1.33 1.34</i>
                <i>1 0 0 0 1 0 0 0 1 3.27 1.33 1.34</i>
                <i>1 0 0 0 1 0 0 0 1 3.27 1.33 1.34</i>
                <i>1 0 0 0 1 0 0 0 1 3.27 1.33 1.34</i>
                <i>1 0 0 0 1 0 0 0 1 3.27 1.33 1.34</i>
                <i>1 0 0 0 1 0 0 0 1 3.27 1.33 1.34</i>
                <i>1 0 0 0 1 0 0 0 1 3.27 1.33 1.34</i>
                <i>1 0 0 0 1 0 0 0 1 3.27 1.33 1.34</i>
                <i>1 0 0 0 1 0 0 0 1 3.27 1.33 1.34</i>
                <i>1 0 0 0 1 0 0 0 1 3.27 1.33 1.34</i>
                <i>1 0 0 0 1 0 0 0 1 3.27 1.33 1.34</i>
                <i>1 0 0 0 1 0 0 0 1 3.27 1.33 1.34</i>
                <i>1 0 0 0 1 0 0 0 1 3.27 1.33 1.34</i>
                <i>1 0 0 0 1 0 0 0 1 3.27 1.33 1.34</i>
                <i>1 0 0 0 1 0 0 0 1 3.27 1.33 1.34</i>
                <i>1 0 0 0 1 0 0 0 1 3.27 1.33 1.34</i>
                <i>1 0 0 0 1 0 0 0 1 3.27 1.33 1.34</i>
                <i>1 0 0 0 1 0 0 0 1 3.27 1.33 1.34</i>
                <i>1 0 0 0 1 0 0 0 1 3.27 1.33 1.34</i>
                <i>1 0 0 0 1 0 0 0 1 3.27 1.33 1.34</i>
                <i>1 0 0 0 1 0 0 0 1 3.27 1.33 1.34</i>
                <i>1 0 0 0 1 0 0 0 1 3.27 1.33 1.34</i>
                <i>1 0 0 0 1 0 0 0 1 3.27 1.33 1.34</i>
                <i>1 0 0 0 1 0 0 0 1 3.27 1.33 1.34</i>
            </KeyFrames>
        </RefFrame>
        <Bones count="23">
            <i>
                <p>
                    <Name><![CDATA[pelvis]]></Name>
                    <Exclude>0</Exclude>
                    <Additive>0</Additive>
                    <IKPriority>0</IKPriority>
                    <IKRotLimits>-1e+010 -1e+010 -1e+010 1e+010 1e+010 1e+010</IKRotLimits>
                    <IKRotLimitOrder>2</IKRotLimitOrder>
                    <KeyFrames count="31">
                        <i>1 0 0 0 1 0 0 0 1 3.27405 2.4597 1.34014</i>
                        <i>1 0 0 0 1 0 0 0 1 3.27405 2.45933 1.34014</i>
                        <i>1 0 0 0 1 0 0 0 1 3.27405 2.45892 1.34014</i>
                        <i>1 0 0 0 1 0 0 0 1 3.27405 2.45849 1.34014</i>
                        <i>1 0 0 0 1 0 0 0 1 3.27405 2.45804 1.34014</i>
                        <i>1 0 0 0 1 0 0 0 1 3.27405 2.45758 1.34014</i>
                        <i>1 0 0 0 1 0 0 0 1 3.27405 2.45713 1.34014</i>
                        <i>1 0 0 0 1 0 0 0 1 3.27405 2.45668 1.34014</i>
                        <i>1 0 0 0 1 0 0 0 1 3.27405 2.45624 1.34014</i>
                        <i>1 0 0 0 1 0 0 0 1 3.27405 2.45584 1.34014</i>
                        <i>1 0 0 0 1 0 0 0 1 3.27405 2.45547 1.34014</i>
                        <i>1 0 0 0 1 0 0 0 1 3.27405 2.45515 1.34014</i>
                        <i>1 0 0 0 1 0 0 0 1 3.27405 2.45489 1.34014</i>
                        <i>1 0 0 0 1 0 0 0 1 3.27405 2.45469 1.34014</i>
                        <i>1 0 0 0 1 0 0 0 1 3.27405 2.45456 1.34014</i>
                        <i>1 0 0 0 1 0 0 0 1 3.27405 2.45452 1.34014</i>
                        <i>1 0 0 0 1 0 0 0 1 3.27405 2.4546 1.34014</i>
                        <i>1 0 0 0 1 0 0 0 1 3.27405 2.45485 1.34014</i>
                        <i>1 0 0 0 1 0 0 0 1 3.27405 2.45522 1.34014</i>
                        <i>1 0 0 0 1 0 0 0 1 3.27405 2.45569 1.34014</i>
                        <i>1 0 0 0 1 0 0 0 1 3.27405 2.45624 1.34014</i>
                        <i>1 0 0 0 1 0 0 0 1 3.27405 2.45684 1.34014</i>
                        <i>1 0 0 0 1 0 0 0 1 3.27405 2.45745 1.34014</i>
                        <i>1 0 0 0 1 0 0 0 1 3.27405 2.45805 1.34014</i>
                        <i>1 0 0 0 1 0 0 0 1 3.27405 2.45862 1.34014</i>
                        <i>1 0 0 0 1 0 0 0 1 3.27405 2.45912 1.34014</i>
                        <i>1 0 0 0 1 0 0 0 1 3.27405 2.45953 1.34014</i>
                        <i>1 0 0 0 1 0 0 0 1 3.27405 2.45982 1.34014</i>
                        <i>1 0 0 0 1 0 0 0 1 3.27405 2.45996 1.34014</i>
                        <i>1 0 0 0 1 0 0 0 1 3.27405 2.45993 1.34014</i>
                        <i>1 0 0 0 1 0 0 0 1 3.27405 2.4597 1.34014</i>
                    </KeyFrames>
                </p>
            </i>
            <i>
                <p>
                    <Name><![CDATA[spine0]]></Name>
                    <Exclude>0</Exclude>
                    <Additive>0</Additive>
                    <IKPriority>0</IKPriority>
                    <IKRotLimits>-1e+010 -1e+010 -1e+010 1e+010 1e+010 1e+010</IKRotLimits>
                    <IKRotLimitOrder>0</IKRotLimitOrder>
                    <KeyFrames count="31">
                        <i>-0.00471758 0.998595 -0.0527806 -0.179544 0.0510777 0.982423 0.983739 0.0141111 0.179051 3.22828 2.5952 1.32466</i>
                        <i>-0.0035018 0.998616 -0.0524711 -0.179548 0.0509909 0.982427 0.983743 0.0128613 0.179121 3.22896 2.59507 1.32477</i>
                        <i>-0.00222495 0.998646 -0.0519784 -0.179556 0.0507348 0.982439 0.983745 0.0115189 0.1792 3.2296 2.59489 1.32487</i>
                        <i>-0.000943489 0.998681 -0.051344 -0.179569 0.0503402 0.982457 0.983745 0.0101467 0.179284 3.23021 2.59467 1.32497</i>
                        <i>0.000286053 0.998719 -0.0506093 -0.179588 0.0498378 0.982479 0.983742 0.00880776 0.179372 3.23074 2.5944 1.32506</i>
                        <i>0.00140699 0.998757 -0.0498162 -0.179611 0.0492585 0.982504 0.983737 0.00756517 0.179457 3.23119 2.59409 1.32514</i>
                        <i>0.00236244 0.998796 -0.0490069 -0.179638 0.0486337 0.98253 0.98373 0.00648231 0.179536 3.23153 2.59374 1.32519</i>
                        <i>0.00309535 0.998832 -0.048224 -0.179664 0.047995 0.982556 0.983723 0.00562278 0.179603 3.23174 2.59336 1.32523</i>
                        <i>0.00354844 0.998864 -0.0475104 -0.179688 0.0473743 0.982582 0.983717 0.00505041 0.179652 3.23181 2.59295 1.32524</i>
                        <i>0.00366432 0.998892 -0.0469095 -0.179704 0.0468039 0.982607 0.983714 0.00482925 0.179677 3.2317 2.59252 1.32522</i>
                        <i>0.003331 0.998914 -0.0464745 -0.179708 0.0463161 0.982629 0.983714 0.0050787 0.179667 3.23137 2.59204 1.32517</i>
                        <i>0.00251591 0.998927 -0.0462442 -0.179697 0.0459432 0.982649 0.983719 0.00583769 0.17962 3.23081 2.59154 1.32507</i>
                        <i>0.00128086 0.99893 -0.0462404 -0.179672 0.0457178 0.982664 0.983726 0.00704943 0.179538 3.23008 2.59102 1.32495</i>
                        <i>-0.000312018 0.998919 -0.0464844 -0.179635 0.0456723 0.982672 0.983733 0.00865686 0.179427 3.22922 2.59052 1.32481</i>
                        <i>-0.00214207 0.998896 -0.0469274 -0.179594 0.0457803 0.982675 0.983739 0.0105328 0.179297 3.22828 2.59006 1.32466</i>
                        <i>-0.00405329 0.998864 -0.0474779 -0.179552 0.0459797 0.982673 0.98374 0.0125078 0.179162 3.22731 2.58967 1.3245</i>
                        <i>-0.00593536 0.998825 -0.0480959 -0.179514 0.0462511 0.982668 0.983738 0.0144664 0.179029 3.22636 2.58941 1.32434</i>
                        <i>-0.00769788 0.998781 -0.0487517 -0.179483 0.0465813 0.982658 0.983731 0.0163145 0.178906 3.22548 2.58932 1.3242</i>
                        <i>-0.00925628 0.998735 -0.0494184 -0.179461 0.046959 0.982644 0.983722 0.0179643 0.178799 3.22471 2.5894 1.32407</i>
                        <i>-0.010527 0.99869 -0.0500699 -0.179449 0.0473729 0.982626 0.983711 0.0193291 0.178715 3.2241 2.58963 1.32397</i>
                        <i>-0.0114274 0.99865 -0.05068 -0.179447 0.0478124 0.982605 0.983701 0.020323 0.178659 3.2237 2.59002 1.32391</i>
                        <i>-0.011875 0.998617 -0.0512232 -0.179455 0.0482667 0.982581 0.983694 0.0208605 0.178634 3.22356 2.59056 1.32389</i>
                        <i>-0.0119326 0.998591 -0.0516988 -0.179468 0.0487241 0.982556 0.983691 0.0210028 0.178634 3.22363 2.5912 1.3239</i>
                        <i>-0.0117312 0.998572 -0.0521179 -0.179483 0.0491721 0.982531 0.983691 0.0208806 0.17865 3.22385 2.59189 1.32393</i>
                        <i>-0.0112905 0.998559 -0.0524722 -0.179498 0.0495992 0.982507 0.983693 0.0205117 0.17868 3.22419 2.59259 1.32399</i>
                        <i>-0.0106302 0.998551 -0.0527537 -0.179512 0.0499939 0.982485 0.983698 0.0199139 0.17872 3.22465 2.59327 1.32406</i>
                        <i>-0.00976966 0.998549 -0.052954 -0.179523 0.0503446 0.982465 0.983705 0.0191048 0.178771 3.22522 2.5939 1.32416</i>
                        <i>-0.00872845 0.998553 -0.0530651 -0.179532 0.05064 0.982448 0.983714 0.0181021 0.17883 3.22588 2.59444 1.32426</i>
                        <i>-0.00752618 0.998562 -0.0530787 -0.179537 0.0508683 0.982435 0.983722 0.0169236 0.178896 3.22662 2.59486 1.32438</i>
                        <i>-0.00618258 0.998576 -0.0529867 -0.179541 0.0510181 0.982427 0.983731 0.0155872 0.17897 3.22742 2.59513 1.32452</i>
                        <i>-0.00471758 0.998595 -0.0527806 -0.179544 0.0510777 0.982423 0.983739 0.0141111 0.179051 3.22828 2.5952 1.32466</i>
                    </KeyFrames>
                </p>
            </i>
            <i>
                <p>
                    <Name><![CDATA[spine1]]></Name>
                    <Exclude>0</Exclude>
                    <Additive>0</Additive>
                    <IKPriority>0</IKPriority>
                    <IKRotLimits>-1e+010 -1e+010 -1e+010 1e+010 1e+010 1e+010</IKRotLimits>
                    <IKRotLimitOrder>0</IKRotLimitOrder>
                    <KeyFrames count="31">
                        <i>0.0471695 0.998451 0.0295168 -0.508401 -0.0014387 0.861119 0.859828 -0.0556249 0.507546 3.22747 2.76687 1.31558</i>
                        <i>0.0435448 0.998634 0.0288803 -0.508542 -0.00272627 0.861033 0.859935 -0.0521804 0.507729 3.22835 2.76662 1.31575</i>
                        <i>0.0397827 0.998811 0.0281912 -0.508695 -0.00403837 0.860937 0.860027 -0.0485911 0.507929 3.22922 2.76632 1.31595</i>
                        <i>0.0360275 0.998973 0.0274762 -0.50885 -0.00532548 0.860839 0.860101 -0.0449951 0.508135 3.23004 2.76598 1.31617</i>
                        <i>0.0324246 0.999116 0.0267623 -0.508995 -0.0065373 0.860744 0.860158 -0.0415311 0.508333 3.23079 2.76561 1.31639</i>
                        <i>0.0291201 0.999236 0.0260762 -0.509123 -0.00762284 0.86066 0.860201 -0.0383385 0.508511 3.23143 2.76521 1.3166</i>
                        <i>0.026261 0.999331 0.0254448 -0.509223 -0.00853059 0.860593 0.860234 -0.0355571 0.508658 3.23194 2.76479 1.3168</i>
                        <i>0.0239942 0.999402 0.0248948 -0.509288 -0.00920872 0.860547 0.860262 -0.0333268 0.508762 3.23227 2.76437 1.31697</i>
                        <i>0.0224665 0.999448 0.0244531 -0.509313 -0.0096054 0.860528 0.860288 -0.0317874 0.508816 3.23241 2.76393 1.31711</i>
                        <i>0.021824 0.99947 0.0241463 -0.509294 -0.00966915 0.860538 0.860316 -0.031078 0.508813 3.23233 2.7635 1.31719</i>
                        <i>0.0223762 0.999461 0.024029 -0.509223 -0.00928952 0.860585 0.860344 -0.0314928 0.50874 3.23194 2.76306 1.31721</i>
                        <i>0.0241897 0.999416 0.0241142 -0.509105 -0.00844401 0.860663 0.860364 -0.0330959 0.508604 3.23125 2.76264 1.31715</i>
                        <i>0.0270434 0.999337 0.0243659 -0.508959 -0.00721405 0.860761 0.860366 -0.0356791 0.508426 3.2303 2.76223 1.31703</i>
                        <i>0.0307157 0.999222 0.0247486 -0.5088 -0.00568149 0.860866 0.860336 -0.0390342 0.50823 3.22917 2.76187 1.31684</i>
                        <i>0.035012 0.999068 0.0252581 -0.508642 -0.00394156 0.860969 0.860266 -0.0429916 0.50803 3.22791 2.76157 1.3166</i>
                        <i>0.0397554 0.998873 0.0259097 -0.508495 -0.00209679 0.861062 0.860147 -0.0474068 0.507839 3.22661 2.76135 1.31634</i>
                        <i>0.0447363 0.998642 0.026688 -0.508364 -0.000240133 0.861142 0.85998 -0.0520915 0.507663 3.22534 2.76126 1.31607</i>
                        <i>0.0496769 0.998386 0.0275409 -0.508251 0.00153231 0.861208 0.859775 -0.0567798 0.507506 3.22415 2.76135 1.3158</i>
                        <i>0.0542854 0.998121 0.0284079 -0.508155 0.00312468 0.86126 0.859553 -0.0611894 0.50737 3.22311 2.76158 1.31555</i>
                        <i>0.0582739 0.997873 0.0292289 -0.508077 0.00444218 0.8613 0.859338 -0.0650419 0.507255 3.22228 2.76195 1.31533</i>
                        <i>0.0613569 0.997667 0.0299441 -0.508013 0.0053909 0.861332 0.859161 -0.0680606 0.507159 3.22172 2.76244 1.31516</i>
                        <i>0.0632488 0.997532 0.0304934 -0.507967 0.00587707 0.861357 0.859051 -0.0699694 0.507085 3.2215 2.76302 1.31504</i>
                        <i>0.0640961 0.997465 0.0308899 -0.507935 0.00596395 0.861375 0.859008 -0.0709008 0.50703 3.22156 2.76367 1.31497</i>
                        <i>0.0642485 0.997447 0.0311811 -0.507915 0.00578852 0.861388 0.859008 -0.0711803 0.50699 3.22181 2.76433 1.31493</i>
                        <i>0.0637227 0.997475 0.031358 -0.50791 0.00536735 0.861393 0.85905 -0.0708173 0.50697 3.22224 2.76498 1.31493</i>
                        <i>0.0625341 0.997548 0.0314116 -0.507925 0.00471659 0.861389 0.859129 -0.0698209 0.506974 3.22281 2.76559 1.31496</i>
                        <i>0.0606978 0.997664 0.0313328 -0.507962 0.00385202 0.861371 0.859238 -0.0681992 0.50701 3.22353 2.76612 1.31502</i>
                        <i>0.0582285 0.997818 0.0311127 -0.508026 0.00278915 0.861337 0.859371 -0.0659604 0.50708 3.22437 2.76654 1.31512</i>
                        <i>0.0551406 0.998005 0.0307424 -0.50812 0.00154316 0.861285 0.859519 -0.0631126 0.507191 3.22532 2.76683 1.31524</i>
                        <i>0.0514491 0.998218 0.0302132 -0.508245 0.000128972 0.861213 0.859675 -0.0596644 0.507346 3.22635 2.76695 1.3154</i>
                        <i>0.0471695 0.998451 0.0295168 -0.508401 -0.0014387 0.861119 0.859828 -0.0556249 0.507546 3.22747 2.76687 1.31558</i>
                    </KeyFrames>
                </p>
            </i>
            <i>
                <p>
                    <Name><![CDATA[spine2]]></Name>
                    <Exclude>0</Exclude>
                    <Additive>0</Additive>
                    <IKPriority>0</IKPriority>
                    <IKRotLimits>-1e+010 -1e+010 -1e+010 1e+010 1e+010 1e+010</IKRotLimits>
                    <IKRotLimitOrder>0</IKRotLimitOrder>
                    <KeyFrames count="31">
                        <i>0.142762 0.974148 0.175083 -0.774526 -0.000179318 0.632542 0.616221 -0.225909 0.754478 3.23481 2.92496 1.3206</i>
                        <i>0.139959 0.974679 0.174392 -0.774559 -0.00194491 0.632499 0.616822 -0.223601 0.754674 3.23512 2.92463 1.32067</i>
                        <i>0.1364 0.975428 0.17302 -0.774594 -0.003866 0.632448 0.617576 -0.220286 0.755033 3.23538 2.92425 1.32075</i>
                        <i>0.132293 0.976333 0.171093 -0.774623 -0.00585964 0.632396 0.618431 -0.216194 0.755515 3.23561 2.92383 1.32085</i>
                        <i>0.127848 0.977334 0.168738 -0.774644 -0.00784228 0.632349 0.619339 -0.211556 0.756084 3.23578 2.92338 1.32096</i>
                        <i>0.123276 0.978376 0.166083 -0.774654 -0.00972987 0.63231 0.620253 -0.206606 0.756703 3.23589 2.92292 1.32106</i>
                        <i>0.118792 0.979406 0.163258 -0.774654 -0.011438 0.632282 0.621128 -0.201579 0.757341 3.23595 2.92245 1.32116</i>
                        <i>0.11461 0.980377 0.160394 -0.774646 -0.0128822 0.632264 0.621923 -0.196712 0.757968 3.23592 2.92199 1.32124</i>
                        <i>0.110944 0.981247 0.157622 -0.774636 -0.0139781 0.632253 0.6226 -0.192245 0.758558 3.23582 2.92154 1.3213</i>
                        <i>0.108011 0.98198 0.155075 -0.774629 -0.0146412 0.632247 0.623125 -0.188415 0.759089 3.23563 2.92111 1.32134</i>
                        <i>0.106137 0.982525 0.152901 -0.774633 -0.0147098 0.63224 0.623441 -0.185547 0.759535 3.23534 2.92071 1.32134</i>
                        <i>0.105485 0.982855 0.151224 -0.774652 -0.0141362 0.632229 0.623528 -0.183837 0.75988 3.23493 2.92034 1.3213</i>
                        <i>0.10602 0.982964 0.150137 -0.774686 -0.0130078 0.632212 0.623395 -0.183336 0.76011 3.23444 2.92002 1.32122</i>
                        <i>0.107707 0.982842 0.149733 -0.774728 -0.0114125 0.632191 0.623053 -0.184094 0.760207 3.23389 2.91977 1.32109</i>
                        <i>0.110401 0.982507 0.149974 -0.774772 -0.00943834 0.63217 0.622527 -0.185988 0.760177 3.23332 2.91959 1.32094</i>
                        <i>0.113896 0.98199 0.150742 -0.774811 -0.0071729 0.632152 0.621848 -0.188797 0.76004 3.23278 2.91949 1.32079</i>
                        <i>0.118036 0.981307 0.152 -0.77484 -0.00471437 0.63214 0.62104 -0.192391 0.759799 3.2323 2.91953 1.32064</i>
                        <i>0.12257 0.980492 0.153661 -0.774851 -0.00220443 0.63214 0.620147 -0.196546 0.759465 3.23191 2.91973 1.32052</i>
                        <i>0.127228 0.979588 0.155626 -0.774841 0.000205604 0.632157 0.619221 -0.201013 0.759051 3.23161 2.92007 1.32041</i>
                        <i>0.131744 0.978643 0.157802 -0.774809 0.00236591 0.632191 0.618316 -0.205553 0.758573 3.23142 2.92052 1.32033</i>
                        <i>0.135854 0.977708 0.160094 -0.774761 0.00412804 0.632241 0.617487 -0.209927 0.758051 3.23136 2.92107 1.32027</i>
                        <i>0.139298 0.976841 0.162412 -0.774701 0.00534412 0.632305 0.616794 -0.213899 0.757504 3.23144 2.92167 1.32024</i>
                        <i>0.142107 0.976053 0.164702 -0.774639 0.00607363 0.632374 0.61623 -0.217449 0.756952 3.23164 2.92232 1.32024</i>
                        <i>0.144447 0.975331 0.166928 -0.77458 0.00647344 0.632443 0.61576 -0.220654 0.756407 3.23192 2.92296 1.32024</i>
                        <i>0.146262 0.974699 0.169024 -0.774529 0.00654152 0.632504 0.615396 -0.223425 0.75589 3.23225 2.92357 1.32027</i>
                        <i>0.147492 0.974182 0.170923 -0.77449 0.00627535 0.632554 0.615151 -0.225675 0.755421 3.23264 2.92412 1.3203</i>
                        <i>0.148078 0.973805 0.172557 -0.774467 0.00567202 0.632589 0.61504 -0.227312 0.75502 3.23305 2.92458 1.32035</i>
                        <i>0.147959 0.973592 0.17386 -0.774459 0.00472836 0.632606 0.615078 -0.228247 0.754707 3.23349 2.92493 1.32041</i>
                        <i>0.147074 0.973564 0.174761 -0.774468 0.00344097 0.632604 0.615279 -0.228387 0.754501 3.23394 2.92512 1.32047</i>
                        <i>0.145363 0.973744 0.175192 -0.774492 0.00180628 0.632582 0.615656 -0.227639 0.754419 3.23439 2.92515 1.32053</i>
                        <i>0.142762 0.974148 0.175083 -0.774526 -0.000179318 0.632542 0.616221 -0.225909 0.754478 3.23481 2.92496 1.3206</i>
                    </KeyFrames>
                </p>
            </i>
            <i>
                <p>
                    <Name><![CDATA[head]]></Name>
                    <Exclude>0</Exclude>
                    <Additive>0</Additive>
                    <IKPriority>0</IKPriority>
                    <IKRotLimits>-1e+010 -1e+010 -1e+010 1e+010 1e+010 1e+010</IKRotLimits>
                    <IKRotLimitOrder>0</IKRotLimitOrder>
                    <KeyFrames count="31">
                        <i>0.0455698 0.984618 0.168674 -0.391803 0.172937 -0.90365 -0.91892 -0.0249077 0.393657 3.26556 3.17803 1.36094</i>
                        <i>0.0480548 0.983354 0.175231 -0.391532 0.179939 -0.902399 -0.918909 -0.0252441 0.393662 3.26541 3.1777 1.36084</i>
                        <i>0.0499011 0.982069 0.181797 -0.391379 0.186694 -0.901093 -0.918876 -0.0261861 0.393678 3.26498 3.17737 1.36053</i>
                        <i>0.051033 0.980853 0.187943 -0.391359 0.192778 -0.899819 -0.918822 -0.0276328 0.393704 3.26434 3.17706 1.36007</i>
                        <i>0.0513748 0.979805 0.193245 -0.391486 0.197772 -0.898679 -0.918749 -0.0294834 0.39374 3.2635 3.17676 1.35947</i>
                        <i>0.0508492 0.979028 0.19728 -0.391771 0.201256 -0.897782 -0.918657 -0.031637 0.393788 3.26253 3.17647 1.35878</i>
                        <i>0.049377 0.978628 0.199625 -0.392214 0.202812 -0.897238 -0.918548 -0.0339927 0.393846 3.26146 3.17619 1.35802</i>
                        <i>0.046877 0.978703 0.199858 -0.392808 0.20202 -0.897156 -0.918425 -0.0364498 0.393913 3.26034 3.17592 1.35723</i>
                        <i>0.0432648 0.979337 0.197553 -0.393531 0.198457 -0.897634 -0.918292 -0.0389073 0.393986 3.25921 3.17567 1.35644</i>
                        <i>0.0389412 0.980349 0.193391 -0.394299 0.192909 -0.898507 -0.918157 -0.0412649 0.394062 3.25812 3.17543 1.35569</i>
                        <i>0.0345244 0.981458 0.188541 -0.395016 0.186693 -0.899505 -0.918025 -0.0434219 0.394137 3.2571 3.17521 1.355</i>
                        <i>0.0302557 0.982589 0.18331 -0.39564 0.180189 -0.900556 -0.917907 -0.045278 0.394204 3.25621 3.17501 1.35441</i>
                        <i>0.026378 0.983676 0.178006 -0.39614 0.173776 -0.901596 -0.917811 -0.046733 0.394257 3.25549 3.17484 1.35395</i>
                        <i>0.0231357 0.984661 0.172938 -0.396491 0.167835 -0.902566 -0.917747 -0.0476867 0.394292 3.25498 3.1747 1.35366</i>
                        <i>0.0205961 0.985538 0.1682 -0.396696 0.162481 -0.903456 -0.917719 -0.0481166 0.394306 3.25471 3.17459 1.35353</i>
                        <i>0.0187187 0.986323 0.163756 -0.396775 0.157664 -0.904274 -0.917725 -0.0480476 0.3943 3.25468 3.17455 1.35357</i>
                        <i>0.017563 0.987008 0.159709 -0.396733 0.1535 -0.905009 -0.917766 -0.0474671 0.394275 3.2549 3.1746 1.35377</i>
                        <i>0.0170932 0.987592 0.15611 -0.39659 0.150022 -0.905654 -0.917837 -0.0464312 0.394234 3.25535 3.17478 1.3541</i>
                        <i>0.0172495 0.988075 0.153002 -0.396367 0.147244 -0.906208 -0.91793 -0.0450131 0.39418 3.256 3.17506 1.35456</i>
                        <i>0.0179713 0.988458 0.150424 -0.396081 0.145178 -0.906666 -0.91804 -0.0432862 0.394119 3.2568 3.17542 1.35512</i>
                        <i>0.0191977 0.988738 0.148418 -0.395749 0.143836 -0.907025 -0.918158 -0.0413236 0.394053 3.25772 3.17583 1.35575</i>
                        <i>0.0208672 0.988913 0.147025 -0.395382 0.143232 -0.90728 -0.91828 -0.0391988 0.393987 3.25872 3.17628 1.35642</i>
                        <i>0.0229179 0.988977 0.146285 -0.394991 0.143376 -0.907428 -0.918399 -0.0369851 0.393923 3.25977 3.17673 1.35713</i>
                        <i>0.0252877 0.988926 0.146239 -0.394584 0.144282 -0.907461 -0.918512 -0.0347561 0.393863 3.26083 3.17717 1.35783</i>
                        <i>0.0279143 0.988753 0.146927 -0.394168 0.145962 -0.907373 -0.918614 -0.0325853 0.39381 3.26187 3.17757 1.35852</i>
                        <i>0.0307351 0.988451 0.148389 -0.393749 0.148428 -0.907156 -0.918704 -0.0305463 0.393763 3.26285 3.17792 1.35917</i>
                        <i>0.0336877 0.988011 0.150664 -0.393331 0.15169 -0.906797 -0.918779 -0.0287128 0.393725 3.26373 3.17818 1.35974</i>
                        <i>0.0367094 0.987421 0.153791 -0.39292 0.155762 -0.906285 -0.91884 -0.0271586 0.393696 3.26447 3.17834 1.36023</i>
                        <i>0.0397382 0.98667 0.157811 -0.392523 0.160653 -0.905603 -0.918884 -0.0259572 0.393674 3.26505 3.17839 1.36061</i>
                        <i>0.0427121 0.985741 0.162759 -0.392146 0.166375 -0.904732 -0.918911 -0.0251823 0.393661 3.26542 3.17829 1.36086</i>
                        <i>0.0455698 0.984618 0.168674 -0.391803 0.172937 -0.90365 -0.91892 -0.0249077 0.393657 3.26556 3.17803 1.36094</i>
                    </KeyFrames>
                </p>
            </i>
            <i>
                <p>
                    <Name><![CDATA[head_prop]]></Name>
                    <Exclude>0</Exclude>
                    <Additive>0</Additive>
                    <IKPriority>0</IKPriority>
                    <IKRotLimits>-1e+010 -1e+010 -1e+010 1e+010 1e+010 1e+010</IKRotLimits>
                    <IKRotLimitOrder>0</IKRotLimitOrder>
                    <KeyFrames count="31">
                        <i>0.91892 0.0249077 -0.393657 0.0455698 0.984618 0.168674 0.391803 -0.172937 0.90365 3.28041 3.49893 1.41592</i>
                        <i>0.918909 0.0252441 -0.393662 0.0480548 0.983354 0.175231 0.391532 -0.179939 0.902399 3.28107 3.49818 1.41795</i>
                        <i>0.918876 0.0261861 -0.393678 0.0499011 0.982069 0.181797 0.391379 -0.186694 0.901093 3.28125 3.49744 1.41978</i>
                        <i>0.918822 0.0276328 -0.393704 0.051033 0.980853 0.187943 0.391359 -0.192778 0.899819 3.28097 3.49673 1.42132</i>
                        <i>0.918749 0.0294834 -0.39374 0.0513748 0.979805 0.193245 0.391486 -0.197772 0.898679 3.28025 3.49609 1.42245</i>
                        <i>0.918657 0.031637 -0.393788 0.0508492 0.979028 0.19728 0.391771 -0.201256 0.897782 3.2791 3.49554 1.42307</i>
                        <i>0.918548 0.0339927 -0.393846 0.049377 0.978628 0.199625 0.392214 -0.202812 0.897238 3.27755 3.49513 1.42308</i>
                        <i>0.918425 0.0364498 -0.393913 0.046877 0.978703 0.199858 0.392808 -0.20202 0.897156 3.27562 3.49489 1.42237</i>
                        <i>0.918292 0.0389073 -0.393986 0.0432648 0.979337 0.197553 0.393531 -0.198457 0.897634 3.27331 3.49484 1.42083</i>
                        <i>0.918157 0.0412649 -0.394062 0.0389412 0.980349 0.193391 0.394299 -0.192909 0.898507 3.27081 3.49493 1.41871</i>
                        <i>0.918025 0.0434219 -0.394137 0.0345244 0.981458 0.188541 0.395016 -0.186693 0.899505 3.26835 3.49507 1.41644</i>
                        <i>0.917907 0.045278 -0.394204 0.0302557 0.982589 0.18331 0.39564 -0.180189 0.900556 3.26607 3.49524 1.41415</i>
                        <i>0.917811 0.046733 -0.394257 0.026378 0.983676 0.178006 0.39614 -0.173776 0.901596 3.26409 3.49542 1.41196</i>
                        <i>0.917747 0.0476867 -0.394292 0.0231357 0.984661 0.172938 0.396491 -0.167835 0.902566 3.26252 3.49561 1.41002</i>
                        <i>0.917719 0.0481166 -0.394306 0.0205961 0.985538 0.1682 0.396696 -0.162481 0.903456 3.26142 3.49579 1.40835</i>
                        <i>0.917725 0.0480476 -0.3943 0.0187187 0.986323 0.163756 0.396775 -0.157664 0.904274 3.26078 3.496 1.40694</i>
                        <i>0.917766 0.0474671 -0.394275 0.017563 0.987008 0.159709 0.396733 -0.1535 0.905009 3.26062 3.49627 1.40582</i>
                        <i>0.917837 0.0464312 -0.394234 0.0170932 0.987592 0.15611 0.39659 -0.150022 0.905654 3.26092 3.49664 1.40498</i>
                        <i>0.91793 0.0450131 -0.39418 0.0172495 0.988075 0.153002 0.396367 -0.147244 0.906208 3.26162 3.49708 1.40443</i>
                        <i>0.91804 0.0432862 -0.394119 0.0179713 0.988458 0.150424 0.396081 -0.145178 0.906666 3.26265 3.49756 1.40414</i>
                        <i>0.918158 0.0413236 -0.394053 0.0191977 0.988738 0.148418 0.395749 -0.143836 0.907025 3.26397 3.49807 1.40412</i>
                        <i>0.91828 0.0391988 -0.393987 0.0208672 0.988913 0.147025 0.395382 -0.143232 0.90728 3.26552 3.49857 1.40434</i>
                        <i>0.918399 0.0369851 -0.393923 0.0229179 0.988977 0.146285 0.394991 -0.143376 0.907428 3.26724 3.49905 1.4048</i>
                        <i>0.918512 0.0347561 -0.393863 0.0252877 0.988926 0.146239 0.394584 -0.144282 0.907461 3.26908 3.49947 1.40549</i>
                        <i>0.918614 0.0325853 -0.39381 0.0279143 0.988753 0.146927 0.394168 -0.145962 0.907373 3.27097 3.49982 1.40641</i>
                        <i>0.918704 0.0305463 -0.393763 0.0307351 0.988451 0.148389 0.393749 -0.148428 0.907156 3.27286 3.50006 1.40753</i>
                        <i>0.918779 0.0287128 -0.393725 0.0336877 0.988011 0.150664 0.393331 -0.15169 0.906797 3.27471 3.50018 1.40885</i>
                        <i>0.91884 0.0271586 -0.393696 0.0367094 0.987421 0.153791 0.39292 -0.155762 0.906285 3.27644 3.50015 1.41036</i>
                        <i>0.918884 0.0259572 -0.393674 0.0397382 0.98667 0.157811 0.392523 -0.160653 0.905603 3.278 3.49995 1.41205</i>
                        <i>0.918911 0.0251823 -0.393661 0.0427121 0.985741 0.162759 0.392146 -0.166375 0.904732 3.27934 3.49955 1.4139</i>
                        <i>0.91892 0.0249077 -0.393657 0.0455698 0.984618 0.168674 0.391803 -0.172937 0.90365 3.28041 3.49893 1.41592</i>
                    </KeyFrames>
                </p>
            </i>
            <i>
                <p>
                    <Name><![CDATA[l_clav]]></Name>
                    <Exclude>0</Exclude>
                    <Additive>0</Additive>
                    <IKPriority>0</IKPriority>
                    <IKRotLimits>-1e+010 -1e+010 -1e+010 1e+010 1e+010 1e+010</IKRotLimits>
                    <IKRotLimitOrder>0</IKRotLimitOrder>
                    <KeyFrames count="31">
                        <i>0.617128 0.322753 -0.717624 -0.229415 0.946185 0.228261 0.752677 0.0237677 0.657961 3.3313 2.97858 1.30002</i>
                        <i>0.616939 0.322726 -0.717798 -0.22999 0.946173 0.22773 0.752656 0.0245907 0.657955 3.33127 2.97825 1.30002</i>
                        <i>0.616412 0.32265 -0.718285 -0.231598 0.946136 0.22625 0.752595 0.0268901 0.657935 3.33118 2.97794 1.30003</i>
                        <i>0.615604 0.322537 -0.719028 -0.234063 0.946068 0.223985 0.752493 0.0304117 0.657898 3.33106 2.97766 1.30004</i>
                        <i>0.614575 0.322392 -0.719973 -0.23721 0.945962 0.221103 0.752349 0.0349007 0.65784 3.33089 2.9774 1.30006</i>
                        <i>0.613382 0.322227 -0.721064 -0.240864 0.945813 0.217769 0.752162 0.0401028 0.657757 3.33069 2.97717 1.30007</i>
                        <i>0.612082 0.322051 -0.722246 -0.244849 0.945616 0.21415 0.751934 0.0457633 0.657648 3.33046 2.97695 1.30007</i>
                        <i>0.610734 0.321875 -0.723464 -0.248989 0.945373 0.210413 0.75167 0.0516278 0.657515 3.33021 2.97676 1.30007</i>
                        <i>0.609395 0.321713 -0.724665 -0.253109 0.945093 0.206724 0.751381 0.0574423 0.657363 3.32995 2.97659 1.30006</i>
                        <i>0.60812 0.32158 -0.725794 -0.257033 0.944788 0.20325 0.751082 0.0629527 0.657201 3.32968 2.97644 1.30004</i>
                        <i>0.606965 0.321492 -0.726799 -0.260586 0.944474 0.200157 0.750791 0.0679055 0.65704 3.32942 2.97631 1.3</i>
                        <i>0.605986 0.321467 -0.727626 -0.263594 0.944176 0.197611 0.750532 0.0720478 0.656895 3.32916 2.97619 1.29995</i>
                        <i>0.605238 0.321524 -0.728223 -0.26588 0.943916 0.19578 0.75033 0.0751266 0.656781 3.32892 2.97609 1.29988</i>
                        <i>0.604775 0.321683 -0.728537 -0.267271 0.94372 0.194829 0.750209 0.0768891 0.656715 3.32871 2.97601 1.29978</i>
                        <i>0.604602 0.321909 -0.728582 -0.267761 0.943605 0.194715 0.750174 0.0773608 0.656699 3.32854 2.97594 1.29969</i>
                        <i>0.604689 0.322135 -0.72841 -0.26745 0.943579 0.19527 0.750215 0.0767355 0.656726 3.32844 2.9759 1.2996</i>
                        <i>0.605038 0.322337 -0.72803 -0.266339 0.943646 0.196457 0.750328 0.0750391 0.656793 3.32843 2.97593 1.29955</i>
                        <i>0.605619 0.322509 -0.72747 -0.264523 0.943793 0.198196 0.750501 0.0724017 0.656891 3.3285 2.97607 1.29952</i>
                        <i>0.606396 0.322651 -0.726759 -0.262117 0.944001 0.200391 0.750718 0.0689797 0.657011 3.32863 2.97629 1.29952</i>
                        <i>0.607331 0.322764 -0.725928 -0.259237 0.94425 0.20295 0.750963 0.0649293 0.657145 3.32883 2.97658 1.29953</i>
                        <i>0.608386 0.322848 -0.725007 -0.255998 0.944521 0.205779 0.75122 0.060407 0.657282 3.32906 2.97692 1.29956</i>
                        <i>0.609523 0.322904 -0.724027 -0.252516 0.944799 0.208784 0.751477 0.0555694 0.657415 3.32933 2.97728 1.29961</i>
                        <i>0.610705 0.322934 -0.723017 -0.248907 0.945069 0.211871 0.751721 0.0505734 0.657539 3.32962 2.97765 1.29966</i>
                        <i>0.611893 0.322941 -0.722009 -0.245288 0.945321 0.214946 0.751945 0.0455759 0.657649 3.32992 2.97801 1.29972</i>
                        <i>0.613048 0.322928 -0.721034 -0.241774 0.945547 0.217916 0.752142 0.0407343 0.657741 3.33022 2.97834 1.29978</i>
                        <i>0.614133 0.322901 -0.720122 -0.238482 0.94574 0.220686 0.752308 0.0362057 0.657816 3.3305 2.97862 1.29984</i>
                        <i>0.615107 0.322864 -0.719307 -0.235528 0.945899 0.223163 0.752443 0.0321476 0.657873 3.33076 2.97883 1.29989</i>
                        <i>0.615933 0.322825 -0.718617 -0.233028 0.946023 0.225252 0.752546 0.0287173 0.657914 3.33098 2.97895 1.29994</i>
                        <i>0.616571 0.322789 -0.718086 -0.231098 0.946112 0.226861 0.752618 0.0260724 0.657941 3.33115 2.97897 1.29998</i>
                        <i>0.616982 0.322763 -0.717745 -0.229855 0.946166 0.227895 0.752662 0.0243701 0.657956 3.33126 2.97885 1.30001</i>
                        <i>0.617128 0.322753 -0.717624 -0.229415 0.946185 0.228261 0.752677 0.0237677 0.657961 3.3313 2.97858 1.30002</i>
                    </KeyFrames>
                </p>
            </i>
            <i>
                <p>
                    <Name><![CDATA[l_shoulder]]></Name>
                    <Exclude>0</Exclude>
                    <Additive>0</Additive>
                    <IKPriority>0</IKPriority>
                    <IKRotLimits>-1e+010 -1e+010 -1e+010 1e+010 1e+010 1e+010</IKRotLimits>
                    <IKRotLimitOrder>0</IKRotLimitOrder>
                    <KeyFrames count="31">
                        <i>0.751118 -0.653992 0.0900904 0.642739 0.693295 -0.325928 0.150695 0.302715 0.941092 3.45323 3.04235 1.15823</i>
                        <i>0.751512 -0.653487 0.0904624 0.642322 0.693502 -0.326309 0.150503 0.303331 0.940925 3.45316 3.04202 1.1582</i>
                        <i>0.752615 -0.652072 0.0914998 0.641157 0.694079 -0.327373 0.149963 0.305052 0.940454 3.45297 3.04169 1.15811</i>
                        <i>0.754301 -0.649897 0.0930826 0.639367 0.694958 -0.329002 0.149129 0.30768 0.93973 3.45269 3.04139 1.15798</i>
                        <i>0.756445 -0.647108 0.0950908 0.63708 0.696072 -0.331077 0.148052 0.311022 0.9388 3.45231 3.0411 1.15781</i>
                        <i>0.758923 -0.643855 0.0974042 0.634421 0.697353 -0.33348 0.146787 0.314881 0.937712 3.45188 3.04083 1.1576</i>
                        <i>0.76161 -0.640289 0.0999045 0.631516 0.698735 -0.336091 0.145389 0.319062 0.936516 3.45139 3.04058 1.15737</i>
                        <i>0.764386 -0.636563 0.102474 0.628492 0.700155 -0.338793 0.143915 0.323373 0.935264 3.45088 3.04036 1.15713</i>
                        <i>0.767133 -0.632836 0.104999 0.625476 0.701557 -0.341463 0.142428 0.327622 0.934012 3.45035 3.04016 1.15688</i>
                        <i>0.769736 -0.629269 0.107365 0.622598 0.702885 -0.343983 0.140993 0.331621 0.932818 3.44983 3.03998 1.15664</i>
                        <i>0.77208 -0.626028 0.109461 0.619986 0.70409 -0.34623 0.139679 0.335182 0.931742 3.44934 3.03983 1.1564</i>
                        <i>0.774056 -0.623279 0.111179 0.61777 0.705123 -0.348083 0.138558 0.338119 0.930848 3.44889 3.03971 1.15619</i>
                        <i>0.775553 -0.621193 0.112409 0.61608 0.705939 -0.349421 0.137704 0.340248 0.930198 3.4485 3.03962 1.156</i>
                        <i>0.776464 -0.619939 0.113043 0.615047 0.706493 -0.350121 0.13719 0.341383 0.929858 3.4482 3.03957 1.15584</i>
                        <i>0.776788 -0.619521 0.113113 0.614675 0.706771 -0.350213 0.13702 0.341569 0.929815 3.44799 3.03954 1.15573</i>
                        <i>0.77659 -0.619838 0.112734 0.614896 0.706774 -0.349818 0.137153 0.340984 0.93001 3.44791 3.03954 1.15569</i>
                        <i>0.775869 -0.620886 0.11193 0.615709 0.706491 -0.348959 0.137586 0.339663 0.93043 3.44797 3.03962 1.15571</i>
                        <i>0.774684 -0.622573 0.110756 0.617044 0.705948 -0.347698 0.138279 0.337697 0.931042 3.44815 3.03979 1.15579</i>
                        <i>0.773108 -0.624791 0.109271 0.618814 0.705182 -0.346103 0.139186 0.335193 0.931811 3.44844 3.04004 1.15593</i>
                        <i>0.771213 -0.627428 0.107536 0.620933 0.704229 -0.344244 0.140258 0.332258 0.932701 3.44882 3.04035 1.1561</i>
                        <i>0.769072 -0.630376 0.105613 0.623314 0.703126 -0.34219 0.141449 0.328999 0.933677 3.44927 3.0407 1.15632</i>
                        <i>0.766759 -0.633526 0.103563 0.625871 0.701911 -0.340009 0.142712 0.325522 0.934702 3.44976 3.04108 1.15655</i>
                        <i>0.764349 -0.636772 0.10145 0.628517 0.700626 -0.337771 0.144005 0.321938 0.935745 3.45029 3.04146 1.15681</i>
                        <i>0.761919 -0.640009 0.0993361 0.631167 0.699313 -0.335543 0.145284 0.318355 0.936773 3.45082 3.04182 1.15706</i>
                        <i>0.759549 -0.643134 0.0972874 0.633736 0.698017 -0.333395 0.146509 0.314884 0.937754 3.45134 3.04215 1.15732</i>
                        <i>0.757317 -0.646046 0.0953693 0.636139 0.696783 -0.331392 0.147643 0.311637 0.938661 3.45184 3.04242 1.15756</i>
                        <i>0.755305 -0.648647 0.0936488 0.638292 0.695661 -0.329604 0.148649 0.308727 0.939463 3.45229 3.04262 1.15777</i>
                        <i>0.753597 -0.65084 0.0921929 0.640112 0.694701 -0.328096 0.149491 0.306266 0.940135 3.45267 3.04274 1.15796</i>
                        <i>0.752274 -0.652526 0.0910695 0.641516 0.693953 -0.326936 0.150136 0.304368 0.940648 3.45297 3.04274 1.1581</i>
                        <i>0.75142 -0.653609 0.0903462 0.642419 0.693467 -0.326191 0.150549 0.303147 0.940977 3.45316 3.04262 1.1582</i>
                        <i>0.751118 -0.653992 0.0900904 0.642739 0.693295 -0.325928 0.150695 0.302715 0.941092 3.45323 3.04235 1.15823</i>
                    </KeyFrames>
                </p>
            </i>
            <i>
                <p>
                    <Name><![CDATA[l_elbow]]></Name>
                    <Exclude>0</Exclude>
                    <Additive>0</Additive>
                    <IKPriority>0</IKPriority>
                    <IKRotLimits>-1e+010 -1e+010 -1e+010 1e+010 1e+010 1e+010</IKRotLimits>
                    <IKRotLimitOrder>0</IKRotLimitOrder>
                    <KeyFrames count="31">
                        <i>0.118976 0.326904 0.937538 0.643055 0.694082 -0.32362 -0.756522 0.641392 -0.127638 3.69755 2.82963 1.18754</i>
                        <i>0.118769 0.3275 0.937357 0.642638 0.694291 -0.324002 -0.756909 0.640862 -0.128003 3.69761 2.82945 1.18763</i>
                        <i>0.118188 0.329161 0.936848 0.641471 0.694872 -0.325067 -0.757989 0.63938 -0.129021 3.69778 2.82959 1.18788</i>
                        <i>0.117292 0.331698 0.936066 0.639679 0.695758 -0.326698 -0.75964 0.637101 -0.130574 3.69804 2.82999 1.18826</i>
