<?xml version="1.0" encoding="ISO-8859-1" ?>
<Animl Version="1">
    <ModellingPackage><![CDATA[Maya.2010]]></ModellingPackage>
    <SrcFile><![CDATA[anims\turrets\artillery\blue\~src\artillery_m270\artillery_m270_idle_crewman_f.mb]]></SrcFile>
    <FramesPerSecond>30</FramesPerSecond>
    <TotalFrames>60</TotalFrames>
    <Skeleton>
        <RefFrame>
            <Name><![CDATA[soldier_ref_frame]]></Name>
            <Exclude>0</Exclude>
            <Additive>0</Additive>
            <IKPriority>0</IKPriority>
            <IKRotLimits>-1e+010 -1e+010 -1e+010 1e+010 1e+010 1e+010</IKRotLimits>
            <IKRotLimitOrder>0</IKRotLimitOrder>
            <KeyFrames count="60">
                <i>1 0 0 0 1 0 0 0 1 -0.72 1.33 2.57</i>
                <i>1 0 0 0 1 0 0 0 1 -0.72 1.33 2.57</i>
                <i>1 0 0 0 1 0 0 0 1 -0.72 1.33 2.57</i>
                <i>1 0 0 0 1 0 0 0 1 -0.72 1.33 2.57</i>
                <i>1 0 0 0 1 0 0 0 1 -0.72 1.33 2.57</i>
                <i>1 0 0 0 1 0 0 0 1 -0.72 1.33 2.57</i>
                <i>1 0 0 0 1 0 0 0 1 -0.72 1.33 2.57</i>
                <i>1 0 0 0 1 0 0 0 1 -0.72 1.33 2.57</i>
                <i>1 0 0 0 1 0 0 0 1 -0.72 1.33 2.57</i>
                <i>1 0 0 0 1 0 0 0 1 -0.72 1.33 2.57</i>
                <i>1 0 0 0 1 0 0 0 1 -0.72 1.33 2.57</i>
                <i>1 0 0 0 1 0 0 0 1 -0.72 1.33 2.57</i>
                <i>1 0 0 0 1 0 0 0 1 -0.72 1.33 2.57</i>
                <i>1 0 0 0 1 0 0 0 1 -0.72 1.33 2.57</i>
                <i>1 0 0 0 1 0 0 0 1 -0.72 1.33 2.57</i>
                <i>1 0 0 0 1 0 0 0 1 -0.72 1.33 2.57</i>
                <i>1 0 0 0 1 0 0 0 1 -0.72 1.33 2.57</i>
                <i>1 0 0 0 1 0 0 0 1 -0.72 1.33 2.57</i>
                <i>1 0 0 0 1 0 0 0 1 -0.72 1.33 2.57</i>
                <i>1 0 0 0 1 0 0 0 1 -0.72 1.33 2.57</i>
                <i>1 0 0 0 1 0 0 0 1 -0.72 1.33 2.57</i>
                <i>1 0 0 0 1 0 0 0 1 -0.72 1.33 2.57</i>
                <i>1 0 0 0 1 0 0 0 1 -0.72 1.33 2.57</i>
                <i>1 0 0 0 1 0 0 0 1 -0.72 1.33 2.57</i>
                <i>1 0 0 0 1 0 0 0 1 -0.72 1.33 2.57</i>
                <i>1 0 0 0 1 0 0 0 1 -0.72 1.33 2.57</i>
                <i>1 0 0 0 1 0 0 0 1 -0.72 1.33 2.57</i>
                <i>1 0 0 0 1 0 0 0 1 -0.72 1.33 2.57</i>
                <i>1 0 0 0 1 0 0 0 1 -0.72 1.33 2.57</i>
                <i>1 0 0 0 1 0 0 0 1 -0.72 1.33 2.57</i>
                <i>1 0 0 0 1 0 0 0 1 -0.72 1.33 2.57</i>
                <i>1 0 0 0 1 0 0 0 1 -0.72 1.33 2.57</i>
                <i>1 0 0 0 1 0 0 0 1 -0.72 1.33 2.57</i>
                <i>1 0 0 0 1 0 0 0 1 -0.72 1.33 2.57</i>
                <i>1 0 0 0 1 0 0 0 1 -0.72 1.33 2.57</i>
                <i>1 0 0 0 1 0 0 0 1 -0.72 1.33 2.57</i>
                <i>1 0 0 0 1 0 0 0 1 -0.72 1.33 2.57</i>
                <i>1 0 0 0 1 0 0 0 1 -0.72 1.33 2.57</i>
                <i>1 0 0 0 1 0 0 0 1 -0.72 1.33 2.57</i>
                <i>1 0 0 0 1 0 0 0 1 -0.72 1.33 2.57</i>
                <i>1 0 0 0 1 0 0 0 1 -0.72 1.33 2.57</i>
                <i>1 0 0 0 1 0 0 0 1 -0.72 1.33 2.57</i>
                <i>1 0 0 0 1 0 0 0 1 -0.72 1.33 2.57</i>
                <i>1 0 0 0 1 0 0 0 1 -0.72 1.33 2.57</i>
                <i>1 0 0 0 1 0 0 0 1 -0.72 1.33 2.57</i>
                <i>1 0 0 0 1 0 0 0 1 -0.72 1.33 2.57</i>
                <i>1 0 0 0 1 0 0 0 1 -0.72 1.33 2.57</i>
                <i>1 0 0 0 1 0 0 0 1 -0.72 1.33 2.57</i>
                <i>1 0 0 0 1 0 0 0 1 -0.72 1.33 2.57</i>
                <i>1 0 0 0 1 0 0 0 1 -0.72 1.33 2.57</i>
                <i>1 0 0 0 1 0 0 0 1 -0.72 1.33 2.57</i>
                <i>1 0 0 0 1 0 0 0 1 -0.72 1.33 2.57</i>
                <i>1 0 0 0 1 0 0 0 1 -0.72 1.33 2.57</i>
                <i>1 0 0 0 1 0 0 0 1 -0.72 1.33 2.57</i>
                <i>1 0 0 0 1 0 0 0 1 -0.72 1.33 2.57</i>
                <i>1 0 0 0 1 0 0 0 1 -0.72 1.33 2.57</i>
                <i>1 0 0 0 1 0 0 0 1 -0.72 1.33 2.57</i>
                <i>1 0 0 0 1 0 0 0 1 -0.72 1.33 2.57</i>
                <i>1 0 0 0 1 0 0 0 1 -0.72 1.33 2.57</i>
                <i>1 0 0 0 1 0 0 0 1 -0.72 1.33 2.57</i>
            </KeyFrames>
        </RefFrame>
        <Bones count="23">
            <i>
                <p>
                    <Name><![CDATA[pelvis]]></Name>
                    <Exclude>0</Exclude>
                    <Additive>0</Additive>
                    <IKPriority>0</IKPriority>
                    <IKRotLimits>-1e+010 -1e+010 -1e+010 1e+010 1e+010 1e+010</IKRotLimits>
                    <IKRotLimitOrder>2</IKRotLimitOrder>
                    <KeyFrames count="60">
                        <i>1 0 0 0 1 0 0 0 1 -0.625555 2.49165 2.39449</i>
                        <i>1 0 0 0 1 0 0 0 1 -0.625555 2.49029 2.39449</i>
                        <i>1 0 0 0 1 0 0 0 1 -0.625555 2.48925 2.39449</i>
                        <i>1 0 0 0 1 0 0 0 1 -0.625555 2.48851 2.39449</i>
                        <i>1 0 0 0 1 0 0 0 1 -0.625555 2.48805 2.39449</i>
                        <i>1 0 0 0 1 0 0 0 1 -0.625555 2.48786 2.39449</i>
                        <i>1 0 0 0 1 0 0 0 1 -0.625555 2.48792 2.39449</i>
                        <i>1 0 0 0 1 0 0 0 1 -0.625555 2.48823 2.39449</i>
                        <i>1 0 0 0 1 0 0 0 1 -0.625555 2.48875 2.39449</i>
                        <i>1 0 0 0 1 0 0 0 1 -0.625555 2.48949 2.39449</i>
                        <i>1 0 0 0 1 0 0 0 1 -0.625555 2.49154 2.39449</i>
                        <i>1 0 0 0 1 0 0 0 1 -0.625555 2.49517 2.39449</i>
                        <i>1 0 0 0 1 0 0 0 1 -0.625555 2.49918 2.39449</i>
                        <i>1 0 0 0 1 0 0 0 1 -0.625555 2.50233 2.39449</i>
                        <i>1 0 0 0 1 0 0 0 1 -0.625555 2.5034 2.39449</i>
                        <i>1 0 0 0 1 0 0 0 1 -0.625555 2.50155 2.39449</i>
                        <i>1 0 0 0 1 0 0 0 1 -0.625555 2.49758 2.39449</i>
                        <i>1 0 0 0 1 0 0 0 1 -0.625555 2.49278 2.39449</i>
                        <i>1 0 0 0 1 0 0 0 1 -0.625555 2.48842 2.39449</i>
                        <i>1 0 0 0 1 0 0 0 1 -0.625555 2.48577 2.39449</i>
                        <i>1 0 0 0 1 0 0 0 1 -0.625555 2.48505 2.39449</i>
                        <i>1 0 0 0 1 0 0 0 1 -0.625555 2.48541 2.39449</i>
                        <i>1 0 0 0 1 0 0 0 1 -0.625555 2.48653 2.39449</i>
                        <i>1 0 0 0 1 0 0 0 1 -0.625555 2.48807 2.39449</i>
                        <i>1 0 0 0 1 0 0 0 1 -0.625555 2.48969 2.39449</i>
                        <i>1 0 0 0 1 0 0 0 1 -0.625555 2.49113 2.39449</i>
                        <i>1 0 0 0 1 0 0 0 1 -0.625555 2.4922 2.39449</i>
                        <i>1 0 0 0 1 0 0 0 1 -0.625555 2.49276 2.39449</i>
                        <i>1 0 0 0 1 0 0 0 1 -0.625555 2.49262 2.39449</i>
                        <i>1 0 0 0 1 0 0 0 1 -0.625555 2.49165 2.39449</i>
                        <i>1 0 0 0 1 0 0 0 1 -0.625555 2.48735 2.39449</i>
                        <i>1 0 0 0 1 0 0 0 1 -0.625555 2.48131 2.39449</i>
                        <i>1 0 0 0 1 0 0 0 1 -0.625555 2.47949 2.39449</i>
                        <i>1 0 0 0 1 0 0 0 1 -0.625555 2.48475 2.39449</i>
                        <i>1 0 0 0 1 0 0 0 1 -0.625555 2.49361 2.39449</i>
                        <i>1 0 0 0 1 0 0 0 1 -0.625555 2.50239 2.39449</i>
                        <i>1 0 0 0 1 0 0 0 1 -0.625555 2.50744 2.39449</i>
                        <i>1 0 0 0 1 0 0 0 1 -0.625555 2.50886 2.39449</i>
                        <i>1 0 0 0 1 0 0 0 1 -0.625555 2.50928 2.39449</i>
                        <i>1 0 0 0 1 0 0 0 1 -0.625555 2.50885 2.39449</i>
                        <i>1 0 0 0 1 0 0 0 1 -0.625555 2.5077 2.39449</i>
                        <i>1 0 0 0 1 0 0 0 1 -0.625555 2.50598 2.39449</i>
                        <i>1 0 0 0 1 0 0 0 1 -0.625555 2.50383 2.39449</i>
                        <i>1 0 0 0 1 0 0 0 1 -0.625555 2.50139 2.39449</i>
                        <i>1 0 0 0 1 0 0 0 1 -0.625555 2.4988 2.39449</i>
                        <i>1 0 0 0 1 0 0 0 1 -0.625555 2.4962 2.39449</i>
                        <i>1 0 0 0 1 0 0 0 1 -0.625555 2.49374 2.39449</i>
                        <i>1 0 0 0 1 0 0 0 1 -0.625555 2.49156 2.39449</i>
                        <i>1 0 0 0 1 0 0 0 1 -0.625555 2.48979 2.39449</i>
                        <i>1 0 0 0 1 0 0 0 1 -0.625555 2.48859 2.39449</i>
                        <i>1 0 0 0 1 0 0 0 1 -0.625555 2.48802 2.39449</i>
                        <i>1 0 0 0 1 0 0 0 1 -0.625555 2.48807 2.39449</i>
                        <i>1 0 0 0 1 0 0 0 1 -0.625555 2.48871 2.39449</i>
                        <i>1 0 0 0 1 0 0 0 1 -0.625555 2.48991 2.39449</i>
                        <i>1 0 0 0 1 0 0 0 1 -0.625555 2.49165 2.39449</i>
                        <i>1 0 0 0 1 0 0 0 1 -0.625555 2.49317 2.39449</i>
                        <i>1 0 0 0 1 0 0 0 1 -0.625555 2.49382 2.39449</i>
                        <i>1 0 0 0 1 0 0 0 1 -0.625555 2.4937 2.39449</i>
                        <i>1 0 0 0 1 0 0 0 1 -0.625555 2.49294 2.39449</i>
                        <i>1 0 0 0 1 0 0 0 1 -0.625555 2.49165 2.39449</i>
                    </KeyFrames>
                </p>
            </i>
            <i>
                <p>
                    <Name><![CDATA[spine0]]></Name>
                    <Exclude>0</Exclude>
                    <Additive>0</Additive>
                    <IKPriority>0</IKPriority>
                    <IKRotLimits>-1e+010 -1e+010 -1e+010 1e+010 1e+010 1e+010</IKRotLimits>
                    <IKRotLimitOrder>0</IKRotLimitOrder>
                    <KeyFrames count="60">
                        <i>-0.0235955 0.999153 0.0337162 -0.878782 -0.00464984 -0.477202 -0.476641 -0.040889 0.878147 -0.609984 2.63175 2.36578</i>
                        <i>-0.023636 0.999149 0.0338094 -0.878782 -0.00464095 -0.477201 -0.476638 -0.0409902 0.878144 -0.609984 2.6304 2.36578</i>
                        <i>-0.0237454 0.999138 0.0340613 -0.878783 -0.00461702 -0.477198 -0.47663 -0.0412637 0.878135 -0.609984 2.62935 2.36578</i>
                        <i>-0.0239042 0.999121 0.0344268 -0.878785 -0.00458234 -0.477195 -0.476618 -0.0416607 0.878123 -0.609984 2.62861 2.36578</i>
                        <i>-0.0240928 0.999102 0.034861 -0.878788 -0.00454118 -0.477191 -0.476604 -0.0421323 0.878108 -0.609984 2.62815 2.36578</i>
                        <i>-0.0242917 0.999081 0.0353186 -0.87879 -0.00449782 -0.477187 -0.47659 -0.0426293 0.878092 -0.609984 2.62796 2.36578</i>
                        <i>-0.024481 0.999061 0.0357542 -0.878793 -0.00445657 -0.477183 -0.476576 -0.0431024 0.878076 -0.609984 2.62803 2.36578</i>
                        <i>-0.0246409 0.999044 0.0361221 -0.878795 -0.00442175 -0.47718 -0.476564 -0.0435021 0.878063 -0.609984 2.62833 2.36578</i>
                        <i>-0.0247515 0.999032 0.0363765 -0.878796 -0.00439768 -0.477178 -0.476555 -0.0437784 0.878054 -0.609984 2.62886 2.36578</i>
                        <i>-0.0247927 0.999027 0.0364715 -0.878796 -0.0043887 -0.477177 -0.476552 -0.0438816 0.87805 -0.609984 2.6296 2.36578</i>
                        <i>-0.0243412 0.999068 0.0356321 -0.878796 -0.00439224 -0.477177 -0.476576 -0.0429285 0.878085 -0.609984 2.63164 2.36578</i>
                        <i>-0.0232716 0.999163 0.033653 -0.878796 -0.00439625 -0.477177 -0.47663 -0.0406789 0.878162 -0.609984 2.63528 2.36578</i>
                        <i>-0.0220084 0.999267 0.0313325 -0.878796 -0.00439295 -0.477177 -0.47669 -0.0380368 0.878248 -0.609984 2.63928 2.36578</i>
                        <i>-0.0209615 0.999347 0.0294235 -0.878797 -0.00438356 -0.477176 -0.476736 -0.0358595 0.878315 -0.609984 2.64243 2.36578</i>
                        <i>-0.0205256 0.999379 0.0286324 -0.878797 -0.00437786 -0.477176 -0.476754 -0.0349564 0.878341 -0.609984 2.64351 2.36578</i>
                        <i>-0.020597 0.999373 0.0287956 -0.878798 -0.00436278 -0.477174 -0.476749 -0.0351339 0.878337 -0.609984 2.64165 2.36578</i>
                        <i>-0.0207909 0.999356 0.029239 -0.8788 -0.00432184 -0.47717 -0.476737 -0.035616 0.878324 -0.609984 2.63769 2.36578</i>
                        <i>-0.0210773 0.999331 0.0298937 -0.878804 -0.00426142 -0.477165 -0.476718 -0.036328 0.878305 -0.609984 2.63289 2.36578</i>
                        <i>-0.0214259 0.999299 0.0306906 -0.878808 -0.00418793 -0.477158 -0.476695 -0.0371947 0.878282 -0.609984 2.62852 2.36578</i>
                        <i>-0.0218065 0.999264 0.0315603 -0.878812 -0.00410782 -0.47715 -0.476669 -0.0381406 0.878255 -0.609984 2.62587 2.36578</i>
                        <i>-0.0221883 0.999228 0.0324326 -0.878817 -0.00402757 -0.477142 -0.476643 -0.0390893 0.878227 -0.609984 2.62515 2.36578</i>
                        <i>-0.0225401 0.999193 0.0332364 -0.878821 -0.00395369 -0.477135 -0.476619 -0.0399635 0.878201 -0.609984 2.62552 2.36578</i>
                        <i>-0.0228306 0.999164 0.0338999 -0.878824 -0.00389275 -0.477129 -0.476599 -0.0406852 0.878179 -0.609984 2.62663 2.36578</i>
                        <i>-0.0230282 0.999144 0.0343509 -0.878827 -0.00385136 -0.477125 -0.476585 -0.0411758 0.878164 -0.609984 2.62817 2.36578</i>
                        <i>-0.023101 0.999137 0.0345173 -0.878828 -0.0038361 -0.477124 -0.47658 -0.0413568 0.878158 -0.609984 2.6298 2.36578</i>
                        <i>-0.0228995 0.999142 0.0345198 -0.878838 -0.00365845 -0.477107 -0.476571 -0.0412628 0.878167 -0.609984 2.63124 2.36578</i>
                        <i>-0.0224344 0.999152 0.0345356 -0.878861 -0.00324369 -0.477067 -0.47655 -0.0410548 0.878188 -0.609984 2.63231 2.36578</i>
                        <i>-0.0219101 0.999162 0.0345763 -0.878887 -0.00276524 -0.477021 -0.476526 -0.0408403 0.878211 -0.609984 2.63286 2.36578</i>
                        <i>-0.0215078 0.999168 0.0346485 -0.878909 -0.00237854 -0.476984 -0.476505 -0.0407117 0.878229 -0.609984 2.63273 2.36578</i>
                        <i>-0.0213848 0.999167 0.034755 -0.878917 -0.00222029 -0.476969 -0.476494 -0.0407466 0.878233 -0.609984 2.63175 2.36578</i>
                        <i>-0.0220481 0.999104 0.0361212 -0.878921 -0.00215201 -0.476962 -0.476457 -0.0422637 0.878181 -0.609984 2.62745 2.36578</i>
                        <i>-0.0235586 0.998951 0.0392578 -0.87893 -0.00198462 -0.476946 -0.476368 -0.0457411 0.878055 -0.609984 2.62142 2.36578</i>
                        <i>-0.025396 0.998749 0.0430847 -0.878942 -0.00177561 -0.476926 -0.476253 -0.049981 0.877887 -0.609984 2.61959 2.36578</i>
                        <i>-0.0270206 0.998553 0.046493 -0.878952 -0.00157926 -0.476907 -0.476144 -0.0537514 0.877723 -0.609984 2.62486 2.36578</i>
                        <i>-0.0278707 0.998441 0.0483518 -0.87896 -0.00144081 -0.476894 -0.476081 -0.0557907 0.87763 -0.609984 2.63371 2.36578</i>
                        <i>-0.0285582 0.998346 0.0499022 -0.878967 -0.00130649 -0.476881 -0.476026 -0.0574812 0.87755 -0.609984 2.64249 2.36578</i>
                        <i>-0.0298073 0.998172 0.0525802 -0.878977 -0.00112838 -0.476863 -0.475932 -0.0604308 0.877403 -0.609984 2.64754 2.36578</i>
                        <i>-0.0312089 0.997968 0.0555518 -0.878987 -0.000944489 -0.476846 -0.475824 -0.0637111 0.87723 -0.609984 2.64896 2.36578</i>
                        <i>-0.0323386 0.997794 0.0579748 -0.878995 -0.0007831 -0.47683 -0.475733 -0.0663795 0.877082 -0.609984 2.64939 2.36578</i>
                        <i>-0.0327553 0.99772 0.0589998 -0.879002 -0.000661337 -0.476818 -0.475692 -0.0674793 0.87702 -0.609984 2.64895 2.36578</i>
                        <i>-0.0324811 0.997747 0.0586933 -0.879007 -0.000566948 -0.476809 -0.475702 -0.0670791 0.877045 -0.609984 2.64781 2.36578</i>
                        <i>-0.0318898 0.997819 0.0577879 -0.879012 -0.000479319 -0.4768 -0.475733 -0.0660013 0.87711 -0.609984 2.64609 2.36578</i>
                        <i>-0.0310596 0.997923 0.0564339 -0.879016 -0.000395485 -0.476792 -0.47578 -0.0644153 0.877203 -0.609984 2.64393 2.36578</i>
                        <i>-0.0300702 0.998046 0.0547811 -0.87902 -0.000314203 -0.476784 -0.475835 -0.0624907 0.877312 -0.609984 2.64149 2.36578</i>
                        <i>-0.0290029 0.998174 0.0529781 -0.879024 -0.000235958 -0.476777 -0.475894 -0.060397 0.877427 -0.609984 2.6389 2.36578</i>
                        <i>-0.0279404 0.998299 0.0511733 -0.879028 -0.000162827 -0.47677 -0.47595 -0.0583039 0.877538 -0.609984 2.63631 2.36578</i>
                        <i>-0.0269666 0.998409 0.0495139 -0.879032 -9.8213e-005 -0.476763 -0.476 -0.056381 0.877636 -0.609984 2.63385 2.36578</i>
                        <i>-0.0261661 0.998497 0.048147 -0.879034 -4.6444e-005 -0.476758 -0.47604 -0.0547978 0.877715 -0.609984 2.63166 2.36578</i>
                        <i>-0.0256238 0.998556 0.0472192 -0.879036 -1.22325e-005 -0.476755 -0.476066 -0.0537237 0.877767 -0.609984 2.6299 2.36578</i>
                        <i>-0.0254243 0.998577 0.0468773 -0.879037 0 -0.476754 -0.476075 -0.053328 0.877786 -0.609984 2.62869 2.36578</i>
                        <i>-0.025119 0.998648 0.0455108 -0.879017 -0.000381391 -0.476791 -0.476129 -0.0519812 0.877838 -0.609984 2.62813 2.36578</i>
                        <i>-0.0244987 0.998807 0.0422472 -0.878963 -0.00138788 -0.476888 -0.476261 -0.0488169 0.877948 -0.609984 2.62818 2.36578</i>
                        <i>-0.0239574 0.998977 0.0383481 -0.878887 -0.00276582 -0.477021 -0.476427 -0.0451319 0.878055 -0.609984 2.62881 2.36578</i>
                        <i>-0.0236706 0.999104 0.0350835 -0.878815 -0.0040658 -0.477146 -0.476576 -0.0421262 0.878124 -0.609984 2.63001 2.36578</i>
                        <i>-0.0235955 0.999153 0.0337162 -0.878782 -0.00464984 -0.477202 -0.476641 -0.040889 0.878147 -0.609984 2.63175 2.36578</i>
                        <i>-0.0235955 0.999153 0.0337162 -0.878782 -0.00464984 -0.477202 -0.476641 -0.040889 0.878147 -0.609984 2.63328 2.36578</i>
                        <i>-0.0235955 0.999153 0.0337162 -0.878782 -0.00464984 -0.477202 -0.476641 -0.040889 0.878147 -0.609984 2.63392 2.36578</i>
                        <i>-0.0235955 0.999153 0.0337162 -0.878782 -0.00464984 -0.477202 -0.476641 -0.040889 0.878147 -0.609984 2.63381 2.36578</i>
                        <i>-0.0235955 0.999153 0.0337162 -0.878782 -0.00464984 -0.477202 -0.476641 -0.040889 0.878147 -0.609984 2.63304 2.36578</i>
                        <i>-0.0235955 0.999153 0.0337162 -0.878782 -0.00464984 -0.477202 -0.476641 -0.040889 0.878147 -0.609984 2.63175 2.36578</i>
                    </KeyFrames>
                </p>
            </i>
            <i>
                <p>
                    <Name><![CDATA[spine1]]></Name>
                    <Exclude>0</Exclude>
                    <Additive>0</Additive>
                    <IKPriority>0</IKPriority>
                    <IKRotLimits>-1e+010 -1e+010 -1e+010 1e+010 1e+010 1e+010</IKRotLimits>
                    <IKRotLimitOrder>0</IKRotLimitOrder>
                    <KeyFrames count="60">
                        <i>-0.0799409 0.986899 0.140144 -0.897299 -0.0100152 -0.441309 -0.434124 -0.16103 0.886344 -0.614065 2.80475 2.37161</i>
                        <i>-0.0799636 0.98689 0.140195 -0.897299 -0.0100131 -0.441309 -0.43412 -0.161086 0.886336 -0.614072 2.80339 2.37163</i>
                        <i>-0.0800237 0.986866 0.140331 -0.897299 -0.0100074 -0.44131 -0.434109 -0.161234 0.886314 -0.614091 2.80234 2.37167</i>
                        <i>-0.0801105 0.986831 0.140526 -0.897299 -0.00999918 -0.44131 -0.434093 -0.161447 0.886283 -0.614118 2.80157 2.37173</i>
                        <i>-0.0802133 0.986789 0.140757 -0.897298 -0.00998938 -0.441311 -0.434075 -0.1617 0.886246 -0.61415 2.80109 2.37181</i>
                        <i>-0.0803212 0.986746 0.141001 -0.897298 -0.00997906 -0.441312 -0.434056 -0.161966 0.886207 -0.614184 2.80088 2.37189</i>
                        <i>-0.0804237 0.986704 0.141231 -0.897298 -0.00996923 -0.441313 -0.434038 -0.162219 0.886169 -0.614216 2.80092 2.37196</i>
                        <i>-0.08051 0.98667 0.141426 -0.897297 -0.00996093 -0.441314 -0.434022 -0.162431 0.886138 -0.614244 2.80121 2.37203</i>
                        <i>-0.0805696 0.986645 0.14156 -0.897297 -0.00995519 -0.441315 -0.434012 -0.162578 0.886116 -0.614263 2.80172 2.37207</i>
                        <i>-0.0805918 0.986636 0.14161 -0.897297 -0.00995305 -0.441315 -0.434008 -0.162633 0.886108 -0.61427 2.80246 2.37208</i>
                        <i>-0.0804215 0.986694 0.141303 -0.897216 -0.00990453 -0.441481 -0.434207 -0.162284 0.886075 -0.614197 2.80476 2.37195</i>
                        <i>-0.0800124 0.986832 0.14057 -0.897024 -0.00978804 -0.441873 -0.434678 -0.16145 0.885996 -0.614024 2.80901 2.37162</i>
                        <i>-0.079519 0.986997 0.139691 -0.896798 -0.00964762 -0.442335 -0.435236 -0.160449 0.885904 -0.613818 2.81375 2.37124</i>
                        <i>-0.0791014 0.987135 0.138953 -0.89661 -0.00952887 -0.442718 -0.435699 -0.159606 0.885829 -0.613646 2.81752 2.37092</i>
                        <i>-0.0789252 0.987193 0.138642 -0.896532 -0.00947877 -0.442878 -0.435891 -0.159252 0.885798 -0.613574 2.81885 2.37078</i>
                        <i>-0.0789659 0.987177 0.138733 -0.896532 -0.00947509 -0.442878 -0.435885 -0.159351 0.885783 -0.613586 2.81699 2.37081</i>
                        <i>-0.0790762 0.987133 0.138979 -0.896531 -0.00946509 -0.44288 -0.435866 -0.15962 0.885744 -0.61362 2.813 2.37089</i>
                        <i>-0.0792385 0.987069 0.139341 -0.89653 -0.00945034 -0.442883 -0.435839 -0.160016 0.885686 -0.61367 2.80816 2.371</i>
                        <i>-0.0794353 0.986991 0.139779 -0.896528 -0.00943239 -0.442886 -0.435806 -0.160497 0.885615 -0.61373 2.80375 2.37114</i>
                        <i>-0.0796491 0.986906 0.140256 -0.896527 -0.00941284 -0.44289 -0.435771 -0.161019 0.885537 -0.613796 2.80105 2.37129</i>
                        <i>-0.0798625 0.986821 0.140732 -0.896525 -0.00939325 -0.442894 -0.435736 -0.16154 0.88546 -0.613862 2.80029 2.37145</i>
                        <i>-0.0800582 0.986743 0.141168 -0.896523 -0.00937522 -0.442898 -0.435704 -0.162018 0.885388 -0.613923 2.80061 2.37159</i>
                        <i>-0.0802191 0.986679 0.141527 -0.896521 -0.00936035 -0.442902 -0.435677 -0.162411 0.885329 -0.613973 2.80169 2.3717</i>
                        <i>-0.0803282 0.986635 0.14177 -0.89652 -0.00935025 -0.442905 -0.43566 -0.162677 0.885289 -0.614008 2.8032 2.37178</i>
                        <i>-0.0803684 0.986619 0.14186 -0.89652 -0.00934653 -0.442905 -0.435653 -0.162775 0.885274 -0.61402 2.80482 2.37181</i>
                        <i>-0.0801308 0.986657 0.141727 -0.895643 -0.008863 -0.444685 -0.437496 -0.16257 0.884403 -0.613981 2.80605 2.3718</i>
                        <i>-0.0795751 0.986746 0.141424 -0.893538 -0.00771765 -0.448921 -0.441879 -0.16209 0.882309 -0.61389 2.80662 2.37179</i>
                        <i>-0.0789358 0.986845 0.141092 -0.890998 -0.00636477 -0.453963 -0.447093 -0.161547 0.879779 -0.613787 2.80658 2.37178</i>
                        <i>-0.0784396 0.986915 0.140875 -0.888846 -0.0052437 -0.458176 -0.451442 -0.161155 0.877627 -0.613707 2.80595 2.37178</i>
                        <i>-0.0783055 0.98692 0.140918 -0.887937 -0.00477928 -0.45994 -0.45325 -0.161142 0.876697 -0.613682 2.80476 2.37179</i>
                        <i>-0.0787822 0.986744 0.141876 -0.887873 -0.00473939 -0.460065 -0.453294 -0.162212 0.876477 -0.613797 2.80045 2.37203</i>
                        <i>-0.0797674 0.986374 0.143889 -0.887689 -0.00462232 -0.46042 -0.453482 -0.164455 0.875962 -0.614059 2.79442 2.37257</i>
                        <i>-0.0809523 0.985919 0.146326 -0.887399 -0.00444634 -0.460981 -0.453839 -0.167167 0.875263 -0.614379 2.79263 2.37324</i>
                        <i>-0.0820345 0.985493 0.148572 -0.887017 -0.00422891 -0.461718 -0.454392 -0.169663 0.874496 -0.614664 2.79801 2.37383</i>
                        <i>-0.0827164 0.985215 0.150034 -0.886556 -0.00398549 -0.462603 -0.455166 -0.171278 0.873778 -0.614817 2.80708 2.37417</i>
                        <i>-0.0832999 0.984969 0.151319 -0.88603 -0.00370836 -0.463614 -0.456084 -0.172692 0.873021 -0.614943 2.81609 2.37445</i>
                        <i>-0.0841323 0.984621 0.153113 -0.885448 -0.00339159 -0.464725 -0.457059 -0.174672 0.872116 -0.615165 2.8213 2.37492</i>
                        <i>-0.0849852 0.984259 0.154954 -0.884826 -0.00305006 -0.465912 -0.458105 -0.176703 0.871157 -0.615413 2.8228 2.37544</i>
                        <i>-0.0856315 0.983975 0.156396 -0.884176 -0.00269682 -0.467146 -0.459238 -0.178284 0.870239 -0.615612 2.82327 2.37587</i>
                        <i>-0.0858437 0.983861 0.157 -0.883513 -0.00234278 -0.4684 -0.460473 -0.178921 0.869455 -0.615685 2.82284 2.37605</i>
                        <i>-0.0856181 0.983917 0.156771 -0.88285 -0.0019922 -0.469651 -0.461786 -0.178616 0.868821 -0.615636 2.82166 2.37599</i>
                        <i>-0.0851452 0.984068 0.156077 -0.882198 -0.00164826 -0.470876 -0.463117 -0.177784 0.868283 -0.615529 2.81982 2.37583</i>
                        <i>-0.0844852 0.98429 0.155031 -0.881571 -0.00131838 -0.472049 -0.464429 -0.176552 0.867833 -0.615379 2.81751 2.37559</i>
                        <i>-0.0836996 0.984559 0.153744 -0.880983 -0.00100984 -0.473147 -0.465686 -0.175048 0.867464 -0.615201 2.81487 2.37529</i>
                        <i>-0.082851 0.984851 0.152331 -0.880447 -0.000729792 -0.474145 -0.46685 -0.173403 0.867169 -0.61501 2.81206 2.37496</i>
                        <i>-0.082004 0.985141 0.150907 -0.879977 -0.000485275 -0.475017 -0.467885 -0.171748 0.866941 -0.614819 2.80925 2.37464</i>
                        <i>-0.0812253 0.985406 0.14959 -0.879586 -0.000283207 -0.475739 -0.468754 -0.170219 0.866773 -0.614645 2.80659 2.37434</i>
                        <i>-0.0805833 0.985624 0.148498 -0.87929 -0.000130433 -0.476286 -0.46942 -0.168954 0.86666 -0.614503 2.80424 2.3741</i>
                        <i>-0.0801473 0.985771 0.147754 -0.879103 -3.37552e-005 -0.476633 -0.469846 -0.168092 0.866597 -0.614406 2.80236 2.37393</i>
                        <i>-0.0799867 0.985826 0.147479 -0.879037 0 -0.476754 -0.469996 -0.167774 0.866577 -0.614371 2.80112 2.37387</i>
                        <i>-0.0799326 0.985942 0.146728 -0.881004 -0.00101726 -0.473107 -0.466307 -0.167085 0.8687 -0.614319 2.80061 2.37364</i>
                        <i>-0.0798494 0.986215 0.144924 -0.885633 -0.00346613 -0.464373 -0.457469 -0.16543 0.873702 -0.614215 2.80081 2.37308</i>
                        <i>-0.0798352 0.986533 0.142752 -0.89104 -0.00643099 -0.453879 -0.446849 -0.163433 0.879554 -0.614124 2.80161 2.37241</i>
                        <i>-0.0798957 0.986792 0.140917 -0.89547 -0.00894967 -0.445033 -0.437894 -0.161743 0.884358 -0.614077 2.80295 2.37185</i>
                        <i>-0.0799409 0.986899 0.140144 -0.897299 -0.0100152 -0.441309 -0.434124 -0.16103 0.886344 -0.614065 2.80475 2.37161</i>
                        <i>-0.0799409 0.986899 0.140144 -0.897299 -0.0100152 -0.441309 -0.434124 -0.16103 0.886344 -0.614065 2.80628 2.37161</i>
                        <i>-0.0799409 0.986899 0.140144 -0.897299 -0.0100152 -0.441309 -0.434124 -0.16103 0.886344 -0.614065 2.80692 2.37161</i>
                        <i>-0.0799409 0.986899 0.140144 -0.897299 -0.0100152 -0.441309 -0.434124 -0.16103 0.886344 -0.614065 2.80681 2.37161</i>
                        <i>-0.0799409 0.986899 0.140144 -0.897299 -0.0100152 -0.441309 -0.434124 -0.16103 0.886344 -0.614065 2.80605 2.37161</i>
                        <i>-0.0799409 0.986899 0.140144 -0.897299 -0.0100152 -0.441309 -0.434124 -0.16103 0.886344 -0.614065 2.80475 2.37161</i>
                    </KeyFrames>
                </p>
            </i>
            <i>
                <p>
                    <Name><![CDATA[spine2]]></Name>
                    <Exclude>0</Exclude>
                    <Additive>0</Additive>
                    <IKPriority>0</IKPriority>
                    <IKRotLimits>-1e+010 -1e+010 -1e+010 1e+010 1e+010 1e+010</IKRotLimits>
                    <IKRotLimitOrder>0</IKRotLimitOrder>
                    <KeyFrames count="60">
                        <i>-0.202556 0.894406 0.39876 -0.913094 -0.0253499 -0.40696 -0.353879 -0.446538 0.821811 -0.626784 2.96209 2.394</i>
                        <i>-0.202481 0.8945 0.398586 -0.913094 -0.02535 -0.406961 -0.353922 -0.446348 0.821896 -0.626794 2.96072 2.39402</i>
                        <i>-0.202278 0.894756 0.398114 -0.913093 -0.0253498 -0.406962 -0.354039 -0.445835 0.822124 -0.626822 2.95965 2.39409</i>
                        <i>-0.201984 0.895127 0.397429 -0.913093 -0.0253496 -0.406963 -0.354209 -0.44509 0.822454 -0.626861 2.95887 2.39418</i>
                        <i>-0.201635 0.895566 0.396617 -0.913092 -0.0253493 -0.406965 -0.35441 -0.444206 0.822845 -0.626909 2.95836 2.39429</i>
                        <i>-0.201267 0.896027 0.395761 -0.913091 -0.025349 -0.406967 -0.354621 -0.443275 0.823257 -0.626958 2.95812 2.3944</i>
                        <i>-0.200917 0.896465 0.394947 -0.91309 -0.0253486 -0.406968 -0.354822 -0.442389 0.823647 -0.627005 2.95814 2.39451</i>
                        <i>-0.200621 0.896834 0.39426 -0.91309 -0.0253483 -0.40697 -0.35499 -0.441641 0.823975 -0.627045 2.95841 2.3946</i>
                        <i>-0.200417 0.897088 0.393785 -0.913089 -0.0253481 -0.406971 -0.355107 -0.441124 0.824202 -0.627073 2.95891 2.39467</i>
                        <i>-0.20034 0.897183 0.393607 -0.913089 -0.0253481 -0.406971 -0.35515 -0.440932 0.824286 -0.627083 2.95964 2.39469</i>
                        <i>-0.201462 0.896027 0.395663 -0.912916 -0.0253801 -0.407357 -0.354961 -0.443274 0.82311 -0.627004 2.96218 2.39454</i>
                        <i>-0.204125 0.893257 0.400531 -0.912505 -0.025456 -0.408274 -0.354497 -0.448825 0.820297 -0.626813 2.96699 2.39418</i>
                        <i>-0.207286 0.889928 0.406278 -0.912015 -0.0255459 -0.40936 -0.353922 -0.455386 0.816923 -0.626586 2.97241 2.39376</i>
                        <i>-0.209919 0.887119 0.411039 -0.911606 -0.0256207 -0.410265 -0.353423 -0.460829 0.814082 -0.626395 2.97674 2.3934</i>
                        <i>-0.211019 0.885937 0.413022 -0.911436 -0.025652 -0.410643 -0.353208 -0.463096 0.812887 -0.626315 2.97831 2.39326</i>
                        <i>-0.210885 0.886113 0.412713 -0.911435 -0.0256517 -0.410644 -0.35329 -0.462759 0.813044 -0.626333 2.97644 2.3933</i>
                        <i>-0.210521 0.88659 0.411873 -0.911434 -0.0256509 -0.410647 -0.353511 -0.461845 0.813468 -0.626383 2.97243 2.39341</i>
                        <i>-0.209984 0.887292 0.410634 -0.911431 -0.0256497 -0.410652 -0.353835 -0.460495 0.814091 -0.626456 2.96755 2.39358</i>
                        <i>-0.209332 0.888141 0.409128 -0.911429 -0.0256483 -0.410658 -0.354229 -0.458855 0.814846 -0.626545 2.9631 2.39378</i>
                        <i>-0.20862 0.889062 0.407487 -0.911426 -0.0256467 -0.410664 -0.354655 -0.457067 0.815665 -0.626643 2.96035 2.39401</i>
                        <i>-0.207908 0.88998 0.405844 -0.911423 -0.0256452 -0.41067 -0.355081 -0.455277 0.816481 -0.62674 2.95953 2.39423</i>
                        <i>-0.207252 0.890821 0.404332 -0.91142 -0.0256438 -0.410676 -0.355471 -0.45363 0.817227 -0.62683 2.9598 2.39443</i>
                        <i>-0.206711 0.891511 0.403086 -0.911418 -0.0256426 -0.410681 -0.355791 -0.452272 0.81784 -0.626903 2.96085 2.3946</i>
                        <i>-0.206344 0.891979 0.402239 -0.911417 -0.0256418 -0.410684 -0.356008 -0.45135 0.818255 -0.626953 2.96233 2.39472</i>
                        <i>-0.206209 0.89215 0.401927 -0.911416 -0.0256415 -0.410686 -0.356087 -0.45101 0.818408 -0.626972 2.96394 2.39476</i>
                        <i>-0.20644 0.892373 0.401315 -0.90988 -0.0242345 -0.414163 -0.359862 -0.450648 0.816955 -0.626879 2.96499 2.3947</i>
                        <i>-0.206972 0.892907 0.399849 -0.906157 -0.020878 -0.422426 -0.36884 -0.449756 0.813435 -0.626664 2.96512 2.39457</i>
                        <i>-0.207569 0.893553 0.398094 -0.901603 -0.0168699 -0.432236 -0.379509 -0.448641 0.809131 -0.626416 2.96455 2.39442</i>
                        <i>-0.208045 0.894091 0.396634 -0.897696 -0.0135112 -0.440408 -0.388406 -0.447682 0.805433 -0.626223 2.96348 2.3943</i>
                        <i>-0.208265 0.894288 0.396075 -0.896032 -0.0121049 -0.443824 -0.392112 -0.447329 0.803832 -0.626162 2.9621 2.39429</i>
                        <i>-0.20733 0.8954 0.394048 -0.895912 -0.0120227 -0.444069 -0.392882 -0.445101 0.804692 -0.626353 2.95777 2.39468</i>
                        <i>-0.205037 0.898099 0.389072 -0.895569 -0.011779 -0.444766 -0.394862 -0.439635 0.806725 -0.626774 2.9517 2.39555</i>
                        <i>-0.20231 0.901283 0.383092 -0.895029 -0.0113912 -0.445863 -0.397485 -0.43308 0.808979 -0.62729 2.94991 2.39662</i>
                        <i>-0.200089 0.903897 0.378067 -0.894315 -0.0108764 -0.447306 -0.400206 -0.427613 0.810545 -0.627761 2.95535 2.39759</i>
                        <i>-0.199342 0.904938 0.375965 -0.893452 -0.0102521 -0.449043 -0.402501 -0.42542 0.810562 -0.628043 2.9646 2.39819</i>
                        <i>-0.198885 0.905689 0.374395 -0.892461 -0.00953502 -0.451025 -0.404918 -0.423835 0.810188 -0.628284 2.9738 2.39872</i>
                        <i>-0.197345 0.907571 0.370634 -0.891365 -0.00874251 -0.453203 -0.408074 -0.419807 0.810702 -0.628656 2.97911 2.39951</i>
                        <i>-0.195421 0.909814 0.366127 -0.890187 -0.00789256 -0.455526 -0.411554 -0.414941 0.811448 -0.629052 2.98067 2.40034</i>
                        <i>-0.193828 0.911679 0.362314 -0.888954 -0.00700345 -0.457943 -0.41496 -0.410843 0.811798 -0.629362 2.98115 2.40101</i>
                        <i>-0.193309 0.912455 0.360636 -0.887689 -0.00609368 -0.460404 -0.4179 -0.409132 0.811154 -0.629473 2.98073 2.40129</i>
                        <i>-0.193769 0.912264 0.360871 -0.886417 -0.00518184 -0.462859 -0.420379 -0.40957 0.80965 -0.629385 2.97951 2.40119</i>
                        <i>-0.194554 0.911752 0.36174 -0.885163 -0.00428716 -0.465261 -0.422652 -0.410718 0.807884 -0.629193 2.97759 2.40089</i>
                        <i>-0.195585 0.910997 0.363086 -0.883955 -0.00342901 -0.46756 -0.424701 -0.412399 0.80595 -0.628924 2.97514 2.40045</i>
                        <i>-0.196777 0.910074 0.364752 -0.882817 -0.00262642 -0.46971 -0.426513 -0.414437 0.803946 -0.628602 2.97235 2.39991</i>
                        <i>-0.198042 0.909063 0.366584 -0.881778 -0.00189801 -0.471661 -0.428074 -0.416654 0.801968 -0.628256 2.96937 2.39932</i>
                        <i>-0.199289 0.908044 0.368428 -0.880865 -0.00126206 -0.473365 -0.429372 -0.418872 0.800116 -0.627912 2.96639 2.39874</i>
                        <i>-0.200427 0.907101 0.370131 -0.880107 -0.000736532 -0.474775 -0.430396 -0.420912 0.798494 -0.627597 2.96357 2.3982</i>
                        <i>-0.201358 0.906319 0.371538 -0.879531 -0.000339214 -0.475842 -0.431139 -0.422594 0.797204 -0.627338 2.96109 2.39775</i>
                        <i>-0.201987 0.905786 0.372495 -0.879165 -8.77869e-005 -0.476518 -0.43159 -0.423735 0.796353 -0.627162 2.95913 2.39745</i>
                        <i>-0.202218 0.905589 0.372849 -0.879037 0 -0.476754 -0.431743 -0.424156 0.796046 -0.627098 2.95785 2.39734</i>
                        <i>-0.202471 0.904424 0.37553 -0.882854 -0.0026405 -0.46964 -0.423762 -0.426626 0.799009 -0.627038 2.95741 2.39699</i>
                        <i>-0.20287 0.901646 0.381941 -0.891701 -0.00893585 -0.452537 -0.404615 -0.432383 0.805811 -0.62692 2.95775 2.39617</i>
                        <i>-0.20297 0.898333 0.389616 -0.901785 -0.0164426 -0.431873 -0.381559 -0.439007 0.81344 -0.626827 2.95873 2.39518</i>
                        <i>-0.202739 0.895564 0.396058 -0.90983 -0.0227211 -0.414358 -0.362085 -0.444352 0.819418 -0.626789 2.96023 2.39435</i>
                        <i>-0.202556 0.894406 0.39876 -0.913094 -0.0253499 -0.40696 -0.353879 -0.446538 0.821811 -0.626784 2.96209 2.394</i>
                        <i>-0.202556 0.894406 0.39876 -0.913094 -0.0253499 -0.40696 -0.353879 -0.446538 0.821811 -0.626784 2.96361 2.394</i>
                        <i>-0.202556 0.894406 0.39876 -0.913094 -0.0253499 -0.40696 -0.353879 -0.446538 0.821811 -0.626784 2.96426 2.394</i>
                        <i>-0.202556 0.894406 0.39876 -0.913094 -0.0253499 -0.40696 -0.353879 -0.446538 0.821811 -0.626784 2.96414 2.394</i>
                        <i>-0.202556 0.894406 0.39876 -0.913094 -0.0253499 -0.40696 -0.353879 -0.446538 0.821811 -0.626784 2.96338 2.394</i>
                        <i>-0.202556 0.894406 0.39876 -0.913094 -0.0253499 -0.40696 -0.353879 -0.446538 0.821811 -0.626784 2.96209 2.394</i>
                    </KeyFrames>
                </p>
            </i>
            <i>
                <p>
                    <Name><![CDATA[head]]></Name>
                    <Exclude>0</Exclude>
                    <Additive>0</Additive>
                    <IKPriority>0</IKPriority>
                    <IKRotLimits>-1e+010 -1e+010 -1e+010 1e+010 1e+010 1e+010</IKRotLimits>
                    <IKRotLimitOrder>0</IKRotLimitOrder>
                    <KeyFrames count="60">
                        <i>-0.0627308 0.988021 0.140995 -0.145924 0.130675 -0.980627 -0.987305 -0.0820901 0.135979 -0.679557 3.19318 2.49752</i>
                        <i>-0.0625877 0.988076 0.14067 -0.145896 0.130375 -0.980672 -0.987318 -0.0819012 0.135997 -0.67954 3.19185 2.49748</i>
                        <i>-0.0622041 0.988224 0.139801 -0.14582 0.129571 -0.980789 -0.987354 -0.0813949 0.136043 -0.679497 3.19086 2.49738</i>
                        <i>-0.0616485 0.988436 0.138542 -0.145711 0.128406 -0.980959 -0.987405 -0.0806617 0.13611 -0.679434 3.1902 2.49724</i>
                        <i>-0.0609896 0.988685 0.137049 -0.145582 0.127025 -0.981158 -0.987464 -0.0797924 0.136188 -0.679361 3.18984 2.49706</i>
                        <i>-0.0602961 0.988944 0.135478 -0.145448 0.125571 -0.981365 -0.987527 -0.0788775 0.136268 -0.679282 3.18975 2.49688</i>
                        <i>-0.0596368 0.989187 0.133984 -0.145321 0.12419 -0.981559 -0.987586 -0.0780078 0.136343 -0.679208 3.18992 2.49671</i>
                        <i>-0.0590805 0.989391 0.132724 -0.145215 0.123024 -0.981722 -0.987635 -0.0772741 0.136406 -0.679146 3.19031 2.49656</i>
                        <i>-0.0586962 0.98953 0.131853 -0.145142 0.122218 -0.981833 -0.987668 -0.0767673 0.136448 -0.679102 3.19089 2.49646</i>
                        <i>-0.0585527 0.989582 0.131529 -0.145115 0.121918 -0.981875 -0.987681 -0.0765782 0.136464 -0.679086 3.19165 2.49643</i>
                        <i>-0.076064 0.981571 0.17531 -0.132939 0.164266 -0.977417 -0.988201 -0.0976518 0.117995 -0.679424 3.19394 2.49706</i>
                        <i>-0.122682 0.952643 0.278245 -0.111684 0.26533 -0.957667 -0.986142 -0.148564 0.0738438 -0.680229 3.19815 2.49857</i>
                        <i>-0.184758 0.899325 0.396332 -0.102288 0.383488 -0.917864 -0.977447 -0.210122 0.0211374 -0.681188 3.20281 2.50036</i>
                        <i>-0.239248 0.838667 0.489284 -0.109005 0.477533 -0.871826 -0.96482 -0.261917 -0.0228297 -0.681991 3.2065 2.50185</i>
                        <i>-0.26207 0.808946 0.526237 -0.115935 0.514956 -0.84934 -0.95806 -0.283596 -0.0411695 -0.682327 3.2078 2.50247</i>
                        <i>-0.261864 0.809324 0.525758 -0.115783 0.514488 -0.849645 -0.958134 -0.283366 -0.04102 -0.682298 3.20599 2.5024</i>
                        <i>-0.261307 0.81035 0.524454 -0.115372 0.513216 -0.85047 -0.958336 -0.282741 -0.0406151 -0.682221 3.20213 2.50222</i>
                        <i>-0.260484 0.811856 0.52253 -0.114768 0.511339 -0.851681 -0.958633 -0.281819 -0.0400202 -0.682107 3.1975 2.50196</i>
                        <i>-0.259482 0.813678 0.520189 -0.114038 0.509054 -0.853147 -0.958991 -0.280698 -0.0393007 -0.681967 3.19333 2.50164</i>
