<?xml version="1.0" encoding="ISO-8859-1" ?>
<Animl Version="1">
    <ModellingPackage><![CDATA[Maya.2010]]></ModellingPackage>
    <SrcFile><![CDATA[anims\turrets\artillery\blue\~src\artillery_m198\artillery_m198_fire_crewman_d.mb]]></SrcFile>
    <FramesPerSecond>30</FramesPerSecond>
    <TotalFrames>41</TotalFrames>
    <Skeleton>
        <RefFrame>
            <Name><![CDATA[soldier_ref_frame]]></Name>
            <Exclude>0</Exclude>
            <Additive>0</Additive>
            <IKPriority>0</IKPriority>
            <IKRotLimits>-1e+010 -1e+010 -1e+010 1e+010 1e+010 1e+010</IKRotLimits>
            <IKRotLimitOrder>0</IKRotLimitOrder>
            <KeyFrames count="41">
                <i>1 0 0 0 1 0 0 0 1 -3.06 1.34 2.39</i>
                <i>1 0 0 0 1 0 0 0 1 -3.06 1.34 2.39</i>
                <i>1 0 0 0 1 0 0 0 1 -3.06 1.34 2.39</i>
                <i>1 0 0 0 1 0 0 0 1 -3.06 1.34 2.39</i>
                <i>1 0 0 0 1 0 0 0 1 -3.06 1.34 2.39</i>
                <i>1 0 0 0 1 0 0 0 1 -3.06 1.34 2.39</i>
                <i>1 0 0 0 1 0 0 0 1 -3.06 1.34 2.39</i>
                <i>1 0 0 0 1 0 0 0 1 -3.06 1.34 2.39</i>
                <i>1 0 0 0 1 0 0 0 1 -3.06 1.34 2.39</i>
                <i>1 0 0 0 1 0 0 0 1 -3.06 1.34 2.39</i>
                <i>1 0 0 0 1 0 0 0 1 -3.06 1.34 2.39</i>
                <i>1 0 0 0 1 0 0 0 1 -3.06 1.34 2.39</i>
                <i>1 0 0 0 1 0 0 0 1 -3.06 1.34 2.39</i>
                <i>1 0 0 0 1 0 0 0 1 -3.06 1.34 2.39</i>
                <i>1 0 0 0 1 0 0 0 1 -3.06 1.34 2.39</i>
                <i>1 0 0 0 1 0 0 0 1 -3.06 1.34 2.39</i>
                <i>1 0 0 0 1 0 0 0 1 -3.06 1.34 2.39</i>
                <i>1 0 0 0 1 0 0 0 1 -3.06 1.34 2.39</i>
                <i>1 0 0 0 1 0 0 0 1 -3.06 1.34 2.39</i>
                <i>1 0 0 0 1 0 0 0 1 -3.06 1.34 2.39</i>
                <i>1 0 0 0 1 0 0 0 1 -3.06 1.34 2.39</i>
                <i>1 0 0 0 1 0 0 0 1 -3.06 1.34 2.39</i>
                <i>1 0 0 0 1 0 0 0 1 -3.06 1.34 2.39</i>
                <i>1 0 0 0 1 0 0 0 1 -3.06 1.34 2.39</i>
                <i>1 0 0 0 1 0 0 0 1 -3.06 1.34 2.39</i>
                <i>1 0 0 0 1 0 0 0 1 -3.06 1.34 2.39</i>
                <i>1 0 0 0 1 0 0 0 1 -3.06 1.34 2.39</i>
                <i>1 0 0 0 1 0 0 0 1 -3.06 1.34 2.39</i>
                <i>1 0 0 0 1 0 0 0 1 -3.06 1.34 2.39</i>
                <i>1 0 0 0 1 0 0 0 1 -3.06 1.34 2.39</i>
                <i>1 0 0 0 1 0 0 0 1 -3.06 1.34 2.39</i>
                <i>1 0 0 0 1 0 0 0 1 -3.06 1.34 2.39</i>
                <i>1 0 0 0 1 0 0 0 1 -3.06 1.34 2.39</i>
                <i>1 0 0 0 1 0 0 0 1 -3.06 1.34 2.39</i>
                <i>1 0 0 0 1 0 0 0 1 -3.06 1.34 2.39</i>
                <i>1 0 0 0 1 0 0 0 1 -3.06 1.34 2.39</i>
                <i>1 0 0 0 1 0 0 0 1 -3.06 1.34 2.39</i>
                <i>1 0 0 0 1 0 0 0 1 -3.06 1.34 2.39</i>
                <i>1 0 0 0 1 0 0 0 1 -3.06 1.34 2.39</i>
                <i>1 0 0 0 1 0 0 0 1 -3.06 1.34 2.39</i>
                <i>1 0 0 0 1 0 0 0 1 -3.06 1.34 2.39</i>
            </KeyFrames>
        </RefFrame>
        <Bones count="23">
            <i>
                <p>
                    <Name><![CDATA[pelvis]]></Name>
                    <Exclude>0</Exclude>
                    <Additive>0</Additive>
                    <IKPriority>0</IKPriority>
                    <IKRotLimits>-1e+010 -1e+010 -1e+010 1e+010 1e+010 1e+010</IKRotLimits>
                    <IKRotLimitOrder>2</IKRotLimitOrder>
                    <KeyFrames count="41">
                        <i>1 0 0 0 1 0 0 0 1 -3.0563 2.48665 2.38654</i>
                        <i>1 0 0 0 1 0 0 0 1 -3.06211 2.56537 2.38711</i>
                        <i>1 0 0 0 1 0 0 0 1 -3.07656 2.62615 2.38826</i>
                        <i>1 0 0 0 1 0 0 0 1 -3.09519 2.53429 2.38913</i>
                        <i>1 0 0 0 1 0 0 0 1 -3.11353 2.3955 2.38884</i>
                        <i>1 0 0 0 1 0 0 0 1 -3.12714 2.3073 2.38654</i>
                        <i>1 0 0 0 1 0 0 0 1 -3.13664 2.29401 2.38091</i>
                        <i>1 0 0 0 1 0 0 0 1 -3.14499 2.30694 2.37253</i>
                        <i>1 0 0 0 1 0 0 0 1 -3.15126 2.33409 2.36337</i>
                        <i>1 0 0 0 1 0 0 0 1 -3.15451 2.36345 2.35539</i>
                        <i>1 0 0 0 1 0 0 0 1 -3.15379 2.38303 2.35057</i>
                        <i>1 0 0 0 1 0 0 0 1 -3.14552 2.39359 2.35042</i>
                        <i>1 0 0 0 1 0 0 0 1 -3.13027 2.40386 2.35381</i>
                        <i>1 0 0 0 1 0 0 0 1 -3.11333 2.41376 2.35874</i>
                        <i>1 0 0 0 1 0 0 0 1 -3.10001 2.42324 2.36323</i>
                        <i>1 0 0 0 1 0 0 0 1 -3.09 2.43224 2.36745</i>
                        <i>1 0 0 0 1 0 0 0 1 -3.08001 2.44068 2.37247</i>
                        <i>1 0 0 0 1 0 0 0 1 -3.07084 2.44851 2.37758</i>
                        <i>1 0 0 0 1 0 0 0 1 -3.0633 2.45566 2.38209</i>
                        <i>1 0 0 0 1 0 0 0 1 -3.05819 2.46206 2.38531</i>
                        <i>1 0 0 0 1 0 0 0 1 -3.0563 2.46767 2.38654</i>
                        <i>1 0 0 0 1 0 0 0 1 -3.0563 2.4724 2.38654</i>
                        <i>1 0 0 0 1 0 0 0 1 -3.0563 2.47627 2.38654</i>
                        <i>1 0 0 0 1 0 0 0 1 -3.0563 2.47939 2.38654</i>
                        <i>1 0 0 0 1 0 0 0 1 -3.0563 2.48181 2.38654</i>
                        <i>1 0 0 0 1 0 0 0 1 -3.0563 2.48364 2.38654</i>
                        <i>1 0 0 0 1 0 0 0 1 -3.0563 2.48495 2.38654</i>
                        <i>1 0 0 0 1 0 0 0 1 -3.0563 2.48582 2.38654</i>
                        <i>1 0 0 0 1 0 0 0 1 -3.0563 2.48634 2.38654</i>
                        <i>1 0 0 0 1 0 0 0 1 -3.0563 2.48659 2.38654</i>
                        <i>1 0 0 0 1 0 0 0 1 -3.0563 2.48665 2.38654</i>
                        <i>1 0 0 0 1 0 0 0 1 -3.0563 2.48665 2.38654</i>
                        <i>1 0 0 0 1 0 0 0 1 -3.0563 2.48665 2.38654</i>
                        <i>1 0 0 0 1 0 0 0 1 -3.0563 2.48665 2.38654</i>
                        <i>1 0 0 0 1 0 0 0 1 -3.0563 2.48665 2.38654</i>
                        <i>1 0 0 0 1 0 0 0 1 -3.0563 2.48665 2.38654</i>
                        <i>1 0 0 0 1 0 0 0 1 -3.0563 2.48665 2.38654</i>
                        <i>1 0 0 0 1 0 0 0 1 -3.0563 2.48665 2.38654</i>
                        <i>1 0 0 0 1 0 0 0 1 -3.0563 2.48665 2.38654</i>
                        <i>1 0 0 0 1 0 0 0 1 -3.0563 2.48665 2.38654</i>
                        <i>1 0 0 0 1 0 0 0 1 -3.0563 2.48665 2.38654</i>
                    </KeyFrames>
                </p>
            </i>
            <i>
                <p>
                    <Name><![CDATA[spine0]]></Name>
                    <Exclude>0</Exclude>
                    <Additive>0</Additive>
                    <IKPriority>0</IKPriority>
                    <IKRotLimits>-1e+010 -1e+010 -1e+010 1e+010 1e+010 1e+010</IKRotLimits>
                    <IKRotLimitOrder>0</IKRotLimitOrder>
                    <KeyFrames count="41">
                        <i>-0.0207307 0.999781 -0.00277343 -0.932948 -0.020342 -0.359435 -0.359413 -0.00486389 0.933166 -3.03908 2.62231 2.34184</i>
                        <i>-0.0373869 0.999273 -0.0074036 -0.929167 -0.0374887 -0.367754 -0.367764 -0.00687002 0.929894 -3.04972 2.70522 2.35574</i>
                        <i>-0.048698 0.998753 -0.011022 -0.919708 -0.0491424 -0.389516 -0.389572 -0.00883162 0.920954 -3.07168 2.76951 2.37736</i>
                        <i>-0.020791 0.999246 -0.0328023 -0.913318 -0.0323296 -0.405962 -0.406716 0.0215186 0.913301 -3.09045 2.6778 2.38027</i>
                        <i>0.0349796 0.995996 -0.0822723 -0.907214 -0.00288609 -0.420659 -0.419212 0.0893531 0.903481 -3.09829 2.53541 2.35902</i>
                        <i>0.0874763 0.988811 -0.120834 -0.895066 0.0247736 -0.445245 -0.43727 0.147102 0.887218 -3.0973 2.43629 2.33027</i>
                        <i>0.103291 0.988111 -0.113879 -0.879985 0.0374152 -0.473525 -0.463635 0.149123 0.873387 -3.09493 2.40994 2.30662</i>
                        <i>0.0579339 0.99769 -0.0354761 -0.868822 0.0328838 -0.494032 -0.491724 0.0594436 0.86872 -3.0982 2.41819 2.29424</i>
                        <i>-0.0284763 0.996179 0.0825594 -0.861979 0.0173488 -0.506647 -0.506144 -0.0855919 0.858191 -3.10501 2.44922 2.29056</i>
                        <i>-0.101038 0.982002 0.159571 -0.857903 -0.00478097 -0.513789 -0.503779 -0.188809 0.842946 -3.11006 2.48282 2.28853</i>
                        <i>-0.133569 0.975423 0.175241 -0.856533 -0.0246759 -0.515503 -0.498509 -0.218955 0.838777 -3.11153 2.50568 2.28839</i>
                        <i>-0.139893 0.975599 0.169221 -0.858867 -0.0345138 -0.511035 -0.492725 -0.216829 0.842738 -3.10574 2.51866 2.2915</i>
                        <i>-0.133143 0.978487 0.157596 -0.864896 -0.0370622 -0.500581 -0.483971 -0.202953 0.851224 -3.09362 2.53122 2.29784</i>
                        <i>-0.121628 0.982755 0.139279 -0.874001 -0.0395307 -0.484313 -0.470456 -0.180636 0.863737 -3.08018 2.54322 2.30547</i>
                        <i>-0.108011 0.98726 0.116838 -0.884911 -0.041917 -0.46387 -0.453063 -0.153494 0.878165 -3.07047 2.55456 2.31245</i>
                        <i>-0.0943523 0.991225 0.0925794 -0.896421 -0.0441391 -0.441001 -0.433044 -0.1246 0.892719 -3.06395 2.56515 2.31896</i>
                        <i>-0.0819706 0.994274 0.0685522 -0.90747 -0.0460227 -0.417589 -0.412043 -0.0964391 0.906046 -3.05714 2.5749 2.32601</i>
                        <i>-0.0715198 0.996348 0.0466505 -0.917183 -0.0473125 -0.395646 -0.391994 -0.0710836 0.917217 -3.05067 2.58374 2.33286</i>
                        <i>-0.0631991 0.997585 0.0288024 -0.92487 -0.0476996 -0.37728 -0.374995 -0.0504823 0.925651 -3.04521 2.59162 2.33872</i>
                        <i>-0.0570174 0.998226 0.0171369 -0.929961 -0.046858 -0.36466 -0.36321 -0.0367287 0.930983 -3.04144 2.59848 2.3428</i>
                        <i>-0.0522732 0.998562 0.0119099 -0.931904 -0.0444903 -0.359967 -0.35892 -0.0299155 0.932889 -3.04004 2.60423 2.34433</i>
                        <i>-0.0478468 0.998809 0.00954357 -0.932066 -0.0412103 -0.359937 -0.359115 -0.026117 0.932928 -3.04001 2.60894 2.34426</i>
                        <i>-0.0433957 0.999031 0.00729339 -0.932233 -0.0378668 -0.359872 -0.359247 -0.022416 0.932973 -3.03994 2.61275 2.34407</i>
                        <i>-0.0390336 0.999224 0.00519071 -0.932393 -0.0345539 -0.35979 -0.359332 -0.0188837 0.933019 -3.03983 2.61576 2.34379</i>
                        <i>-0.0348757 0.999386 0.00326682 -0.932539 -0.0313671 -0.359704 -0.359381 -0.0155914 0.933061 -3.0397 2.61806 2.34345</i>
                        <i>-0.0310378 0.999517 0.00155295 -0.932665 -0.0284031 -0.359624 -0.359407 -0.0126104 0.933096 -3.03956 2.61975 2.34308</i>
                        <i>-0.0276367 0.999618 8.02427e-005 -0.932768 -0.0257596 -0.359556 -0.359417 -0.0100118 0.933123 -3.03942 2.62093 2.34272</i>
                        <i>-0.024789 0.999692 -0.00112019 -0.932847 -0.0235343 -0.359503 -0.359419 -0.00786676 0.933143 -3.03929 2.62167 2.34238</i>
                        <i>-0.0226114 0.999742 -0.00201708 -0.932903 -0.0218249 -0.359466 -0.359417 -0.00624626 0.933156 -3.03918 2.62209 2.3421</i>
                        <i>-0.0212201 0.999771 -0.00257888 -0.932937 -0.0207287 -0.359443 -0.359414 -0.00522147 0.933163 -3.03911 2.62227 2.34191</i>
                        <i>-0.0207307 0.999781 -0.00277343 -0.932948 -0.020342 -0.359435 -0.359413 -0.00486389 0.933166 -3.03908 2.62231 2.34184</i>
                        <i>-0.0207307 0.999781 -0.00277343 -0.932948 -0.020342 -0.359435 -0.359413 -0.00486389 0.933166 -3.03908 2.62231 2.34184</i>
                        <i>-0.0207307 0.999781 -0.00277343 -0.932948 -0.020342 -0.359435 -0.359413 -0.00486389 0.933166 -3.03908 2.62231 2.34184</i>
                        <i>-0.0207307 0.999781 -0.00277343 -0.932948 -0.020342 -0.359435 -0.359413 -0.00486389 0.933166 -3.03908 2.62231 2.34184</i>
                        <i>-0.0207307 0.999781 -0.00277343 -0.932948 -0.020342 -0.359435 -0.359413 -0.00486389 0.933166 -3.03908 2.62231 2.34184</i>
                        <i>-0.0207307 0.999781 -0.00277343 -0.932948 -0.020342 -0.359435 -0.359413 -0.00486389 0.933166 -3.03908 2.62231 2.34184</i>
                        <i>-0.0207307 0.999781 -0.00277343 -0.932948 -0.020342 -0.359435 -0.359413 -0.00486389 0.933166 -3.03908 2.62231 2.34184</i>
                        <i>-0.0207307 0.999781 -0.00277343 -0.932948 -0.020342 -0.359435 -0.359413 -0.00486389 0.933166 -3.03908 2.62231 2.34184</i>
                        <i>-0.0207307 0.999781 -0.00277343 -0.932948 -0.020342 -0.359435 -0.359413 -0.00486389 0.933166 -3.03908 2.62231 2.34184</i>
                        <i>-0.0207307 0.999781 -0.00277343 -0.932948 -0.020342 -0.359435 -0.359413 -0.00486389 0.933166 -3.03908 2.62231 2.34184</i>
                        <i>-0.0207307 0.999781 -0.00277343 -0.932948 -0.020342 -0.359435 -0.359413 -0.00486389 0.933166 -3.03908 2.62231 2.34184</i>
                    </KeyFrames>
                </p>
            </i>
            <i>
                <p>
                    <Name><![CDATA[spine1]]></Name>
                    <Exclude>0</Exclude>
                    <Additive>0</Additive>
                    <IKPriority>0</IKPriority>
                    <IKRotLimits>-1e+010 -1e+010 -1e+010 1e+010 1e+010 1e+010</IKRotLimits>
                    <IKRotLimitOrder>0</IKRotLimitOrder>
                    <KeyFrames count="41">
                        <i>-0.0353682 0.998034 0.0517407 -0.981726 -0.0250102 -0.188649 -0.186984 -0.0574674 0.980681 -3.04263 2.79347 2.34137</i>
                        <i>-0.0023624 0.998551 -0.053762 -0.975643 -0.0140944 -0.218912 -0.219353 0.0519354 0.974262 -3.0561 2.87546 2.35449</i>
                        <i>0.0564499 0.976788 -0.206635 -0.966643 0.00168205 -0.256123 -0.24983 0.2142 0.9443 -3.08003 2.94072 2.37548</i>
                        <i>0.100922 0.953413 -0.284286 -0.963179 0.0220573 -0.267956 -0.249202 0.300861 0.920533 -3.09403 2.85008 2.37461</i>
                        <i>0.11331 0.955127 -0.273665 -0.956979 0.0308647 -0.288511 -0.267118 0.294583 0.917534 -3.09229 2.70627 2.34491</i>
                        <i>0.0811988 0.982849 -0.165573 -0.949799 0.0259446 -0.311783 -0.30214 0.182578 0.935616 -3.0822 2.60696 2.30941</i>
                        <i>-0.00152432 0.999881 0.0153484 -0.94428 0.00361255 -0.329122 -0.329138 -0.0149949 0.944163 -3.07648 2.5863 2.28626</i>
                        <i>-0.124098 0.965142 0.230434 -0.936838 -0.0374302 -0.347754 -0.327007 -0.259035 0.908827 -3.08736 2.60403 2.28755</i>
                        <i>-0.251 0.86767 0.429125 -0.921867 -0.0790607 -0.379355 -0.295228 -0.490814 0.819721 -3.1104 2.64015 2.30627</i>
                        <i>-0.330611 0.772794 0.541743 -0.90593 -0.0989577 -0.411702 -0.264552 -0.626894 0.732814 -3.12959 2.67337 2.31937</i>
                        <i>-0.352237 0.745521 0.565798 -0.897305 -0.0971687 -0.430583 -0.266031 -0.65936 0.703187 -3.13725 2.69402 2.32211</i>
                        <i>-0.344882 0.75703 0.554943 -0.89755 -0.0929488 -0.431005 -0.274702 -0.646735 0.711528 -3.13238 2.70486 2.32369</i>
                        <i>-0.321884 0.785748 0.528195 -0.904235 -0.0897752 -0.417493 -0.280626 -0.611997 0.739398 -3.11858 2.71503 2.32735</i>
                        <i>-0.287425 0.825947 0.484973 -0.914204 -0.0855452 -0.396123 -0.285689 -0.55722 0.779672 -3.10258 2.72455 2.3311</i>
                        <i>-0.245451 0.870703 0.42618 -0.925911 -0.0803549 -0.369095 -0.287127 -0.4852 0.825917 -3.09001 2.73339 2.33356</i>
                        <i>-0.200438 0.913183 0.354855 -0.937954 -0.0742531 -0.338716 -0.282961 -0.400729 0.871406 -3.08073 2.74161 2.3354</i>
                        <i>-0.15697 0.947995 0.276885 -0.949189 -0.0673818 -0.307408 -0.272764 -0.31107 0.910404 -3.07151 2.74933 2.33802</i>
                        <i>-0.119098 0.97238 0.200729 -0.958795 -0.0601152 -0.277667 -0.257931 -0.225528 0.939473 -3.06307 2.7566 2.34094</i>
                        <i>-0.089848 0.986576 0.136367 -0.966264 -0.0531651 -0.252007 -0.241374 -0.154409 0.958069 -3.05609 2.7634 2.34367</i>
                        <i>-0.0712312 0.993016 0.0940532 -0.971335 -0.0476171 -0.232898 -0.226793 -0.107947 0.967942 -3.05122 2.76964 2.34574</i>
                        <i>-0.0619434 0.995221 0.0754808 -0.973935 -0.043738 -0.222571 -0.218206 -0.0873002 0.97199 -3.04899 2.77517 2.34637</i>
                        <i>-0.0565875 0.996079 0.0680022 -0.975246 -0.0405643 -0.217368 -0.213757 -0.0786193 0.973718 -3.0482 2.77987 2.3459</i>
                        <i>-0.0518809 0.996712 0.0622427 -0.97648 -0.0375695 -0.212309 -0.209273 -0.0717936 0.975218 -3.04737 2.78369 2.34532</i>
                        <i>-0.0478102 0.997172 0.057985 -0.977616 -0.0348067 -0.207498 -0.204893 -0.0666075 0.976515 -3.04651 2.78673 2.34468</i>
                        <i>-0.0443581 0.9975 0.0550094 -0.978639 -0.0323227 -0.203032 -0.200746 -0.0628405 0.977626 -3.04567 2.78907 2.34401</i>
                        <i>-0.0415043 0.997727 0.0530957 -0.979534 -0.0301571 -0.199007 -0.196953 -0.0602687 0.978559 -3.04487 2.79079 2.34335</i>
                        <i>-0.0392262 0.997875 0.0520229 -0.980291 -0.028342 -0.195515 -0.193625 -0.0586669 0.97932 -3.04415 2.792 2.34273</i>
                        <i>-0.0374993 0.997965 0.0515708 -0.9809 -0.0269029 -0.192645 -0.190866 -0.0578098 0.979912 -3.04353 2.79278 2.34219</i>
                        <i>-0.0362981 0.998012 0.0515192 -0.981349 -0.0258589 -0.190485 -0.188775 -0.0574726 0.980337 -3.04305 2.79322 2.34176</i>
                        <i>-0.0355964 0.998031 0.0516488 -0.981629 -0.0252241 -0.189124 -0.187448 -0.0574321 0.980594 -3.04274 2.79342 2.34147</i>
                        <i>-0.0353682 0.998034 0.0517407 -0.981726 -0.0250102 -0.188649 -0.186984 -0.0574674 0.980681 -3.04263 2.79347 2.34137</i>
                        <i>-0.0353682 0.998034 0.0517407 -0.981726 -0.0250102 -0.188649 -0.186984 -0.0574674 0.980681 -3.04263 2.79347 2.34137</i>
                        <i>-0.0353682 0.998034 0.0517407 -0.981726 -0.0250102 -0.188649 -0.186984 -0.0574674 0.980681 -3.04263 2.79347 2.34137</i>
                        <i>-0.0353682 0.998034 0.0517407 -0.981726 -0.0250102 -0.188649 -0.186984 -0.0574674 0.980681 -3.04263 2.79347 2.34137</i>
                        <i>-0.0353682 0.998034 0.0517407 -0.981726 -0.0250102 -0.188649 -0.186984 -0.0574674 0.980681 -3.04263 2.79347 2.34137</i>
                        <i>-0.0353682 0.998034 0.0517407 -0.981726 -0.0250102 -0.188649 -0.186984 -0.0574674 0.980681 -3.04263 2.79347 2.34137</i>
                        <i>-0.0353682 0.998034 0.0517407 -0.981726 -0.0250102 -0.188649 -0.186984 -0.0574674 0.980681 -3.04263 2.79347 2.34137</i>
                        <i>-0.0353682 0.998034 0.0517407 -0.981726 -0.0250102 -0.188649 -0.186984 -0.0574674 0.980681 -3.04263 2.79347 2.34137</i>
                        <i>-0.0353682 0.998034 0.0517407 -0.981726 -0.0250102 -0.188649 -0.186984 -0.0574674 0.980681 -3.04263 2.79347 2.34137</i>
                        <i>-0.0353682 0.998034 0.0517407 -0.981726 -0.0250102 -0.188649 -0.186984 -0.0574674 0.980681 -3.04263 2.79347 2.34137</i>
                        <i>-0.0353682 0.998034 0.0517407 -0.981726 -0.0250102 -0.188649 -0.186984 -0.0574674 0.980681 -3.04263 2.79347 2.34137</i>
                    </KeyFrames>
                </p>
            </i>
            <i>
                <p>
                    <Name><![CDATA[spine2]]></Name>
                    <Exclude>0</Exclude>
                    <Additive>0</Additive>
                    <IKPriority>0</IKPriority>
                    <IKRotLimits>-1e+010 -1e+010 -1e+010 1e+010 1e+010 1e+010</IKRotLimits>
                    <IKRotLimitOrder>0</IKRotLimitOrder>
                    <KeyFrames count="41">
                        <i>-0.00612628 0.987407 0.158081 -0.999907 -0.00412207 -0.013003 -0.0121877 -0.158146 0.987341 -3.04803 2.95086 2.34957</i>
                        <i>0.0440568 0.992948 0.110059 -0.996132 0.0520452 -0.0707968 -0.0760256 -0.106515 0.9914 -3.05631 3.03229 2.34608</i>
                        <i>0.0996501 0.994813 0.0204414 -0.985078 0.101531 -0.13897 -0.140324 -0.00628802 0.990086 -3.07097 3.09525 2.34286</i>
                        <i>0.109218 0.990792 -0.0800163 -0.983627 0.0961171 -0.152444 -0.14335 0.0953559 0.985068 -3.07784 3.00184 2.32946</i>
                        <i>0.0908081 0.984077 -0.152792 -0.98502 0.0661707 -0.159241 -0.146595 0.164964 0.975345 -3.07422 2.85747 2.30166</i>
                        <i>0.0399521 0.989505 -0.138868 -0.98724 0.0176508 -0.158256 -0.154144 0.143419 0.977584 -3.06914 2.76333 2.28314</i>
                        <i>-0.0429774 0.999071 -0.00318217 -0.984849 -0.0429008 -0.168025 -0.168005 -0.00408732 0.985778 -3.07662 2.75058 2.28895</i>
                        <i>-0.150291 0.96193 0.228262 -0.971201 -0.100474 -0.21604 -0.184881 -0.254158 0.949328 -3.10856 2.7693 2.32734</i>
                        <i>-0.254957 0.84893 0.462942 -0.949621 -0.129587 -0.285354 -0.182254 -0.512373 0.839201 -3.1546 2.79282 2.38225</i>
                        <i>-0.306829 0.732868 0.607256 -0.935955 -0.116528 -0.33228 -0.172755 -0.670318 0.721686 -3.18853 2.81087 2.41634</i>
                        <i>-0.303913 0.69003 0.656883 -0.934766 -0.0828221 -0.345476 -0.183985 -0.719026 0.670187 -3.19975 2.82598 2.42284</i>
                        <i>-0.283674 0.695582 0.660072 -0.939026 -0.0620139 -0.338208 -0.194318 -0.715765 0.670761 -3.19287 2.83734 2.42133</i>
                        <i>-0.257611 0.723697 0.640234 -0.946317 -0.0550754 -0.318514 -0.195246 -0.687917 0.699034 -3.17414 2.85046 2.41883</i>
                        <i>-0.220041 0.766515 0.603354 -0.955778 -0.0456937 -0.290518 -0.195117 -0.640598 0.742673 -3.15131 2.86447 2.4136</i>
                        <i>-0.174891 0.816862 0.549681 -0.965829 -0.0338728 -0.256959 -0.191281 -0.575838 0.794873 -3.13084 2.8783 2.40475</i>
                        <i>-0.126768 0.867267 0.481433 -0.975144 -0.0200417 -0.220665 -0.181727 -0.49744 0.848251 -3.11348 2.89109 2.39367</i>
                        <i>-0.0806716 0.911162 0.404073 -0.982839 -0.00524465 -0.184394 -0.165893 -0.412014 0.895949 -3.09675 2.90234 2.38283</i>
                        <i>-0.0413249 0.944286 0.326521 -0.988557 0.00880866 -0.150587 -0.145073 -0.329008 0.933117 -3.08198 2.91189 2.37308</i>
                        <i>-0.01247 0.965499 0.260108 -0.992428 0.0198377 -0.121214 -0.122192 -0.25965 0.957941 -3.07021 2.91984 2.36535</i>
                        <i>0.00332931 0.976207 0.216815 -0.994881 0.0251322 -0.0978805 -0.101001 -0.215379 0.971293 -3.06233 2.92646 2.36064</i>
                        <i>0.00802133 0.980345 0.197128 -0.996271 0.0247708 -0.0826493 -0.0859079 -0.19573 0.976888 -3.05861 2.93211 2.35831</i>
                        <i>0.00819104 0.982276 0.18726 -0.997134 0.022108 -0.0723521 -0.0752097 -0.18613 0.979642 -3.05697 2.9369 2.35666</i>
                        <i>0.00745881 0.983785 0.179196 -0.997885 0.0188947 -0.0621963 -0.0645736 -0.178353 0.981845 -3.05539 2.9408 2.35517</i>
                        <i>0.00602337 0.984946 0.17276 -0.998508 0.0152993 -0.0524113 -0.0542653 -0.172186 0.983569 -3.05389 2.9439 2.35386</i>
                        <i>0.00408901 0.985817 0.167772 -0.998999 0.0115 -0.0432254 -0.0445417 -0.167427 0.984878 -3.0525 2.9463 2.35273</i>
                        <i>0.00186442 0.98645 0.164051 -0.999362 0.00768688 -0.0348642 -0.0356528 -0.163881 0.985836 -3.05125 2.94807 2.35176</i>
                        <i>-0.000438241 0.986887 0.161415 -0.999612 0.00406193 -0.0275485 -0.0278429 -0.161364 0.986502 -3.05016 2.94932 2.35098</i>
                        <i>-0.0026044 0.987165 0.159682 -0.999769 0.000839296 -0.0214948 -0.0213529 -0.159701 0.986935 -3.04927 2.95013 2.35036</i>
                        <i>-0.00441822 0.987322 0.15867 -0.999855 -0.00175603 -0.0169144 -0.0164213 -0.158722 0.987187 -3.0486 2.95059 2.34993</i>
                        <i>-0.00566376 0.987391 0.158198 -0.999896 -0.00349001 -0.0140152 -0.0132864 -0.15826 0.987308 -3.04818 2.9508 2.34966</i>
                        <i>-0.00612628 0.987407 0.158081 -0.999907 -0.00412207 -0.013003 -0.0121877 -0.158146 0.987341 -3.04803 2.95086 2.34957</i>
                        <i>-0.00612628 0.987407 0.158081 -0.999907 -0.00412207 -0.013003 -0.0121877 -0.158146 0.987341 -3.04803 2.95086 2.34957</i>
                        <i>-0.00612628 0.987407 0.158081 -0.999907 -0.00412207 -0.013003 -0.0121877 -0.158146 0.987341 -3.04803 2.95086 2.34957</i>
                        <i>-0.00612628 0.987407 0.158081 -0.999907 -0.00412207 -0.013003 -0.0121877 -0.158146 0.987341 -3.04803 2.95086 2.34957</i>
                        <i>-0.00612628 0.987407 0.158081 -0.999907 -0.00412207 -0.013003 -0.0121877 -0.158146 0.987341 -3.04803 2.95086 2.34957</i>
                        <i>-0.00612628 0.987407 0.158081 -0.999907 -0.00412207 -0.013003 -0.0121877 -0.158146 0.987341 -3.04803 2.95086 2.34957</i>
                        <i>-0.00612628 0.987407 0.158081 -0.999907 -0.00412207 -0.013003 -0.0121877 -0.158146 0.987341 -3.04803 2.95086 2.34957</i>
                        <i>-0.00612628 0.987407 0.158081 -0.999907 -0.00412207 -0.013003 -0.0121877 -0.158146 0.987341 -3.04803 2.95086 2.34957</i>
                        <i>-0.00612628 0.987407 0.158081 -0.999907 -0.00412207 -0.013003 -0.0121877 -0.158146 0.987341 -3.04803 2.95086 2.34957</i>
                        <i>-0.00612628 0.987407 0.158081 -0.999907 -0.00412207 -0.013003 -0.0121877 -0.158146 0.987341 -3.04803 2.95086 2.34957</i>
                        <i>-0.00612628 0.987407 0.158081 -0.999907 -0.00412207 -0.013003 -0.0121877 -0.158146 0.987341 -3.04803 2.95086 2.34957</i>
                    </KeyFrames>
                </p>
            </i>
            <i>
                <p>
                    <Name><![CDATA[head]]></Name>
                    <Exclude>0</Exclude>
                    <Additive>0</Additive>
                    <IKPriority>0</IKPriority>
                    <IKRotLimits>-1e+010 -1e+010 -1e+010 1e+010 1e+010 1e+010</IKRotLimits>
                    <IKRotLimitOrder>0</IKRotLimitOrder>
                    <KeyFrames count="41">
                        <i>0.0240293 0.993567 0.110671 0.0178685 0.110258 -0.993742 -0.999551 0.0258565 -0.0151041 -3.0459 3.20669 2.379</i>
                        <i>0.0687352 0.97851 0.194405 0.0870598 0.188239 -0.978257 -0.993829 0.0841655 -0.0722503 -3.04139 3.28735 2.37234</i>
                        <i>0.0952608 0.960727 0.260634 0.169901 0.242291 -0.955211 -0.980846 0.135276 -0.140147 -3.04442 3.34924 2.35827</i>
                        <i>0.0901822 0.979784 0.178579 0.173216 0.161146 -0.971611 -0.980746 0.118555 -0.155182 -3.05209 3.2563 2.31998</i>
                        <i>0.0826329 0.995384 0.0488197 0.169171 0.034266 -0.984991 -0.982116 0.0896515 -0.165559 -3.05359 3.11092 2.26434</i>
                        <i>0.0679498 0.996798 -0.0421515 0.171201 -0.0532721 -0.983795 -0.98289 0.0596323 -0.174272 -3.05886 3.01713 2.23466</i>
                        <i>0.0587844 0.990496 -0.124349 0.187972 -0.133319 -0.973084 -0.980414 0.0338279 -0.194023 -3.08306 3.01054 2.26285</i>
                        <i>0.0610289 0.980481 -0.186902 0.22304 -0.195912 -0.95492 -0.972897 0.0165912 -0.230642 -3.13933 3.0303 2.35905</i>
                        <i>0.0653307 0.982111 -0.176608 0.25585 -0.187556 -0.948348 -0.964506 0.0167709 -0.263526 -3.21144 3.03367 2.48157</i>
                        <i>0.0723411 0.993602 -0.0867249 0.265805 -0.103014 -0.958507 -0.961309 0.0462876 -0.271557 -3.25773 3.02482 2.56049</i>
                        <i>0.0550382 0.992222 0.111651 0.274089 0.0925119 -0.957244 -0.960128 0.0832874 -0.266865 -3.26591 3.02827 2.58329</i>
                        <i>-0.00980718 0.933667 0.358007 0.279881 0.346277 -0.89541 -0.959985 0.091418 -0.264712 -3.25214 3.03971 2.58287</i>
                        <i>-0.0808769 0.828187 0.554586 0.258907 0.554765 -0.790698 -0.96251 0.079637 -0.259291 -3.22609 3.05827 2.57398</i>
                        <i>-0.0906667 0.777782 0.62196 0.238912 0.623282 -0.744608 -0.966799 0.0810822 -0.242332 -3.19317 3.08075 2.55758</i>
                        <i>-0.055924 0.803394 0.592816 0.23013 0.58813 -0.775334 -0.971552 0.0930647 -0.217775 -3.16113 3.10428 2.53337</i>
                        <i>-0.0186488 0.836435 0.547748 0.217567 0.538111 -0.81431 -0.975867 0.103986 -0.192016 -3.13203 3.12637 2.50385</i>
                        <i>0.0167175 0.870467 0.491942 0.200178 0.479136 -0.85461 -0.979617 0.112763 -0.166239 -3.10459 3.14532 2.4731</i>
                        <i>0.0462545 0.900557 0.43227 0.178512 0.418316 -0.890587 -0.98285 0.118359 -0.141412 -3.08113 3.16035 2.44417</i>
                        <i>0.0668396 0.923747 0.377126 0.154567 0.363823 -0.918554 -0.985719 0.119687 -0.118463 -3.0634 3.17161 2.42049</i>
                        <i>0.0761514 0.938856 0.335785 0.13127 0.324391 -0.93677 -0.988418 0.115415 -0.0985404 -3.05269 3.17979 2.40562</i>
                        <i>0.0759302 0.948463 0.307657 0.113058 0.298369 -0.947731 -0.990683 0.106744 -0.0845758 -3.04862 3.18608 2.39865</i>
                        <i>0.0718281 0.956607 0.282388 0.0988648 0.274897 -0.956377 -0.992505 0.096613 -0.0748294 -3.04758 3.19129 2.39447</i>
                        <i>0.0666266 0.964382 0.255986 0.0846729 0.250166 -0.964493 -0.994179 0.085936 -0.0649893 -3.0468 3.19554 2.39088</i>
                        <i>0.0605117 0.97147 0.229311 0.070967 0.224963 -0.971779 -0.995641 0.0750776 -0.0553295 -3.04626 3.19894 2.38783</i>
                        <i>0.0537615 0.97765 0.203251 0.0581846 0.200133 -0.97804 -0.996857 0.064407 -0.0461247 -3.04592 3.20157 2.38529</i>
                        <i>0.0467398 0.982791 0.178712 0.0467026 0.176562 -0.983181 -0.997815 0.0543 -0.0376465 -3.04575 3.20353 2.38323</i>
                        <i>0.0398815 0.986856 0.156606 0.0368321 0.155172 -0.987201 -0.998525 0.0451392 -0.0301594 -3.04569 3.20492 2.38162</i>
                        <i>0.0336727 0.989881 0.137846 0.0288214 0.136905 -0.990165 -0.999017 0.0373145 -0.0239198 -3.04572 3.20584 2.38042</i>
                        <i>0.0286256 0.991952 0.12334 0.0228706 0.122708 -0.992179 -0.999329 0.0312226 -0.0191739 -3.04579 3.20637 2.37961</i>
                        <i>0.0252512 0.993162 0.113985 0.0191565 0.11352 -0.993351 -0.999498 0.0272668 -0.016159 -3.04587 3.20663 2.37915</i>
                        <i>0.0240293 0.993567 0.110671 0.0178685 0.110258 -0.993742 -0.999551 0.0258565 -0.0151041 -3.0459 3.20669 2.379</i>
                        <i>0.0240293 0.993567 0.110671 0.0178685 0.110258 -0.993742 -0.999551 0.0258565 -0.0151041 -3.0459 3.20669 2.379</i>
                        <i>0.0240293 0.993567 0.110671 0.0178685 0.110258 -0.993742 -0.999551 0.0258565 -0.0151041 -3.0459 3.20669 2.379</i>
                        <i>0.0240293 0.993567 0.110671 0.0178685 0.110258 -0.993742 -0.999551 0.0258565 -0.0151041 -3.0459 3.20669 2.379</i>
                        <i>0.0240293 0.993567 0.110671 0.0178685 0.110258 -0.993742 -0.999551 0.0258565 -0.0151041 -3.0459 3.20669 2.379</i>
                        <i>0.0240293 0.993567 0.110671 0.0178685 0.110258 -0.993742 -0.999551 0.0258565 -0.0151041 -3.0459 3.20669 2.379</i>
                        <i>0.0240293 0.993567 0.110671 0.0178685 0.110258 -0.993742 -0.999551 0.0258565 -0.0151041 -3.0459 3.20669 2.379</i>
                        <i>0.0240293 0.993567 0.110671 0.0178685 0.110258 -0.993742 -0.999551 0.0258565 -0.0151041 -3.0459 3.20669 2.379</i>
                        <i>0.0240293 0.993567 0.110671 0.0178685 0.110258 -0.993742 -0.999551 0.0258565 -0.0151041 -3.0459 3.20669 2.379</i>
                        <i>0.0240293 0.993567 0.110671 0.0178685 0.110258 -0.993742 -0.999551 0.0258565 -0.0151041 -3.0459 3.20669 2.379</i>
                        <i>0.0240293 0.993567 0.110671 0.0178685 0.110258 -0.993742 -0.999551 0.0258565 -0.0151041 -3.0459 3.20669 2.379</i>
                    </KeyFrames>
                </p>
            </i>
            <i>
                <p>
                    <Name><![CDATA[head_prop]]></Name>
                    <Exclude>0</Exclude>
                    <Additive>0</Additive>
                    <IKPriority>0</IKPriority>
                    <IKRotLimits>-1e+010 -1e+010 -1e+010 1e+010 1e+010 1e+010</IKRotLimits>
                    <IKRotLimitOrder>0</IKRotLimitOrder>
                    <KeyFrames count="41">
                        <i>0.999551 -0.0258565 0.0151041 0.0240293 0.993567 0.110671 -0.0178685 -0.110258 0.993742 -3.03807 3.5305 2.41507</i>
                        <i>0.993829 -0.0841655 0.0722503 0.0546402 0.938309 0.341455 -0.0965318 -0.3354 0.937117 -3.01952 3.59182 2.45051</i>
                        <i>0.980846 -0.135276 0.140147 0.042605 0.851074 0.523314 -0.190068 -0.507319 0.840536 -3.01395 3.6606 2.47461</i>
                        <i>0.977937 -0.145106 0.150277 0.0875039 0.937766 0.336062 -0.189689 -0.315498 0.929773 -3.00966 3.6779 2.40643</i>
                        <i>0.972761 -0.16651 0.161278 0.166321 0.985961 0.014772 -0.161474 0.0124543 0.986799 -2.99813 3.66533 2.26935</i>
                        <i>0.970405 -0.163491 0.177723 0.195404 0.964044 -0.180102 -0.141888 0.209499 0.967459 -3.00459 3.62872 2.17021</i>
                        <i>0.971298 -0.121802 0.204315 0.156092 0.974517 -0.161094 -0.179487 0.188362 0.965559 -3.04001 3.5508 2.17102</i>
                        <i>0.968613 -0.0657325 0.239724 0.0767554 0.996366 -0.0369287 -0.236425 0.0541697 0.970139 -3.10903 3.44012 2.28701</i>
                        <i>0.964506 -0.0167709 0.263526 -0.000369593 0.997894 0.0648589 -0.264059 -0.0626541 0.962469 -3.19578 3.34828 2.45361</i>
                        <i>0.959156 0.0450333 0.27927 -0.0799578 0.990148 0.114951 -0.271342 -0.132586 0.953307 -3.25658 3.33839 2.56055</i>
                        <i>0.947089 0.0668427 0.313932 -0.157842 0.948629 0.274205 -0.279477 -0.309248 0.908988 -3.27976 3.36273 2.63897</i>
                        <i>0.945093 0.00667687 0.326734 -0.166927 0.86939 0.465077 -0.280954 -0.494081 0.822769 -3.27904 3.34877 2.71279</i>
                        <i>0.956138 -0.051468 0.288361 -0.134331 0.797776 0.5878 -0.2603 -0.600754 0.75587 -3.26082 3.32852 2.7592</i>
                        <i>0.966799 -0.0810822 0.242332 -0.0906667 0.777782 0.62196 -0.238912 -0.623282 0.744608 -3.22272 3.33423 2.76028</i>
                        <i>0.971552 -0.0930647 0.217775 -0.055924 0.803394 0.592816 -0.23013 -0.58813 0.775334 -3.17936 3.36611 2.72658</i>
                        <i>0.975867 -0.103986 0.192016 -0.0186488 0.836435 0.547748 -0.217567 -0.538111 0.81431 -3.1381 3.39897 2.68236</i>
                        <i>0.979617 -0.112763 0.166239 0.0167175 0.870467 0.491942 -0.200178 -0.479136 0.85461 -3.09914 3.42901 2.63343</i>
                        <i>0.98285 -0.118359 0.141412 0.0462545 0.900557 0.43227 -0.178512 -0.418316 0.890587 -3.06606 3.45385 2.58505</i>
                        <i>0.985719 -0.119687 0.118463 0.0668396 0.923747 0.377126 -0.154567 -0.363823 0.918554 -3.04161 3.47267 2.5434</i>
                        <i>0.988418 -0.115415 0.0985404 0.0761514 0.938856 0.335785 -0.13127 -0.324391 0.93677 -3.02787 3.48577 2.51506</i>
                        <i>0.990683 -0.106744 0.0845758 0.0759302 0.948463 0.307657 -0.113058 -0.298369 0.947731 -3.02388 3.49519 2.49892</i>
                        <i>0.992505 -0.096613 0.0748294 0.0718281 0.956607 0.282388 -0.0988648 -0.274897 0.956377 -3.02417 3.50306 2.48651</i>
                        <i>0.994179 -0.085936 0.0649893 0.0666266 0.964382 0.255986 -0.0846729 -0.250166 0.964493 -3.02509 3.50984 2.47431</i>
                        <i>0.995641 -0.0750776 0.0553295 0.0605117 0.97147 0.229311 -0.070967 -0.224963 0.971779 -3.02654 3.51555 2.46256</i>
                        <i>0.996857 -0.064407 0.0461247 0.0537615 0.97765 0.203251 -0.0581846 -0.200133 0.97804 -3.0284 3.52019 2.45153</i>
                        <i>0.997815 -0.0543 0.0376465 0.0467398 0.982791 0.178712 -0.0467026 -0.176562 0.983181 -3.03051 3.52383 2.44147</i>
                        <i>0.998525 -0.0451392 0.0301594 0.0398815 0.986856 0.156606 -0.0368321 -0.155172 0.987201 -3.0327 3.52655 2.43266</i>
                        <i>0.999017 -0.0373145 0.0239198 0.0336727 0.989881 0.137846 -0.0288214 -0.136905 0.990165 -3.03475 3.52845 2.42535</i>
                        <i>0.999329 -0.0312226 0.0191739 0.0286256 0.991952 0.12334 -0.0228706 -0.122708 0.992179 -3.03646 3.52966 2.41981</i>
                        <i>0.999498 -0.0272668 0.016159 0.0252512 0.993162 0.113985 -0.0191565 -0.11352 0.993351 -3.03764 3.53031 2.4163</i>
                        <i>0.999551 -0.0258565 0.0151041 0.0240293 0.993567 0.110671 -0.0178685 -0.110258 0.993742 -3.03807 3.5305 2.41507</i>
                        <i>0.999551 -0.0258565 0.0151041 0.0240293 0.993567 0.110671 -0.0178685 -0.110258 0.993742 -3.03807 3.5305 2.41507</i>
                        <i>0.999551 -0.0258565 0.0151041 0.0240293 0.993567 0.110671 -0.0178685 -0.110258 0.993742 -3.03807 3.5305 2.41507</i>
                        <i>0.999551 -0.0258565 0.0151041 0.0240293 0.993567 0.110671 -0.0178685 -0.110258 0.993742 -3.03807 3.5305 2.41507</i>
                        <i>0.999551 -0.0258565 0.0151041 0.0240293 0.993567 0.110671 -0.0178685 -0.110258 0.993742 -3.03807 3.5305 2.41507</i>
                        <i>0.999551 -0.0258565 0.0151041 0.0240293 0.993567 0.110671 -0.0178685 -0.110258 0.993742 -3.03807 3.5305 2.41507</i>
                        <i>0.999551 -0.0258565 0.0151041 0.0240293 0.993567 0.110671 -0.0178685 -0.110258 0.993742 -3.03807 3.5305 2.41507</i>
                        <i>0.999551 -0.0258565 0.0151041 0.0240293 0.993567 0.110671 -0.0178685 -0.110258 0.993742 -3.03807 3.5305 2.41507</i>
                        <i>0.999551 -0.0258565 0.0151041 0.0240293 0.993567 0.110671 -0.0178685 -0.110258 0.993742 -3.03807 3.5305 2.41507</i>
                        <i>0.999551 -0.0258565 0.0151041 0.0240293 0.993567 0.110671 -0.0178685 -0.110258 0.993742 -3.03807 3.5305 2.41507</i>
                        <i>0.999551 -0.0258565 0.0151041 0.0240293 0.993567 0.110671 -0.0178685 -0.110258 0.993742 -3.03807 3.5305 2.41507</i>
                    </KeyFrames>
                </p>
            </i>
            <i>
                <p>
                    <Name><![CDATA[l_clav]]></Name>
                    <Exclude>0</Exclude>
                    <Additive>0</Additive>
                    <IKPriority>0</IKPriority>
                    <IKRotLimits>-1e+010 -1e+010 -1e+010 1e+010 1e+010 1e+010</IKRotLimits>
                    <IKRotLimitOrder>0</IKRotLimitOrder>
                    <KeyFrames count="41">
                        <i>0.929137 0.35634 -0.0986204 -0.332963 0.92238 0.195833 0.160749 -0.149119 0.975666 -2.96531 3.004 2.39431</i>
                        <i>0.98611 0.150898 -0.0694083 -0.133943 0.969569 0.204929 0.0982195 -0.192786 0.976313 -2.97279 3.08029 2.38754</i>
                        <i>0.999454 -0.0170176 -0.0283122 0.0226556 0.976877 0.212599 0.0240396 -0.213125 0.976729 -2.98584 3.13945 2.37753</i>
                        <i>0.983271 0.182081 -0.00492386 -0.18085 0.979131 0.0927148 0.0217027 -0.0902734 0.995681 -2.99015 3.05024 2.35889</i>
                        <i>0.883482 0.465168 -0.0554907 -0.468133 0.881102 -0.0671587 0.0176529 0.0853105 0.996198 -2.9869 2.91406 2.33225</i>
                        <i>0.779845 0.61261 -0.128649 -0.625879 0.766628 -0.143376 0.0107923 0.19233 0.981271 -2.98616 2.83015 2.32165</i>
                        <i>0.76816 0.633744 -0.0910996 -0.640174 0.757935 -0.125343 -0.0103875 0.154603 0.987922 -3.00252 2.82417 2.34406</i>
