<?xml version="1.0" encoding="ISO-8859-1" ?>
<Animl Version="1">
    <ModellingPackage><![CDATA[Maya.2010]]></ModellingPackage>
    <SrcFile><![CDATA[anims\turrets\artillery\blue\~src\artillery_m270\artillery_m270_aim_low_crewman_f.mb]]></SrcFile>
    <FramesPerSecond>30</FramesPerSecond>
    <TotalFrames>30</TotalFrames>
    <Skeleton>
        <RefFrame>
            <Name><![CDATA[soldier_ref_frame]]></Name>
            <Exclude>0</Exclude>
            <Additive>0</Additive>
            <IKPriority>0</IKPriority>
            <IKRotLimits>-1e+010 -1e+010 -1e+010 1e+010 1e+010 1e+010</IKRotLimits>
            <IKRotLimitOrder>0</IKRotLimitOrder>
            <KeyFrames count="30">
                <i>1 0 0 0 1 0 0 0 1 -0.72 1.33 2.57</i>
                <i>1 0 0 0 1 0 0 0 1 -0.72 1.33 2.57</i>
                <i>1 0 0 0 1 0 0 0 1 -0.72 1.33 2.57</i>
                <i>1 0 0 0 1 0 0 0 1 -0.72 1.33 2.57</i>
                <i>1 0 0 0 1 0 0 0 1 -0.72 1.33 2.57</i>
                <i>1 0 0 0 1 0 0 0 1 -0.72 1.33 2.57</i>
                <i>1 0 0 0 1 0 0 0 1 -0.72 1.33 2.57</i>
                <i>1 0 0 0 1 0 0 0 1 -0.72 1.33 2.57</i>
                <i>1 0 0 0 1 0 0 0 1 -0.72 1.33 2.57</i>
                <i>1 0 0 0 1 0 0 0 1 -0.72 1.33 2.57</i>
                <i>1 0 0 0 1 0 0 0 1 -0.72 1.33 2.57</i>
                <i>1 0 0 0 1 0 0 0 1 -0.72 1.33 2.57</i>
                <i>1 0 0 0 1 0 0 0 1 -0.72 1.33 2.57</i>
                <i>1 0 0 0 1 0 0 0 1 -0.72 1.33 2.57</i>
                <i>1 0 0 0 1 0 0 0 1 -0.72 1.33 2.57</i>
                <i>1 0 0 0 1 0 0 0 1 -0.72 1.33 2.57</i>
                <i>1 0 0 0 1 0 0 0 1 -0.72 1.33 2.57</i>
                <i>1 0 0 0 1 0 0 0 1 -0.72 1.33 2.57</i>
                <i>1 0 0 0 1 0 0 0 1 -0.72 1.33 2.57</i>
                <i>1 0 0 0 1 0 0 0 1 -0.72 1.33 2.57</i>
                <i>1 0 0 0 1 0 0 0 1 -0.72 1.33 2.57</i>
                <i>1 0 0 0 1 0 0 0 1 -0.72 1.33 2.57</i>
                <i>1 0 0 0 1 0 0 0 1 -0.72 1.33 2.57</i>
                <i>1 0 0 0 1 0 0 0 1 -0.72 1.33 2.57</i>
                <i>1 0 0 0 1 0 0 0 1 -0.72 1.33 2.57</i>
                <i>1 0 0 0 1 0 0 0 1 -0.72 1.33 2.57</i>
                <i>1 0 0 0 1 0 0 0 1 -0.72 1.33 2.57</i>
                <i>1 0 0 0 1 0 0 0 1 -0.72 1.33 2.57</i>
                <i>1 0 0 0 1 0 0 0 1 -0.72 1.33 2.57</i>
                <i>1 0 0 0 1 0 0 0 1 -0.72 1.33 2.57</i>
            </KeyFrames>
        </RefFrame>
        <Bones count="23">
            <i>
                <p>
                    <Name><![CDATA[pelvis]]></Name>
                    <Exclude>0</Exclude>
                    <Additive>0</Additive>
                    <IKPriority>0</IKPriority>
                    <IKRotLimits>-1e+010 -1e+010 -1e+010 1e+010 1e+010 1e+010</IKRotLimits>
                    <IKRotLimitOrder>2</IKRotLimitOrder>
                    <KeyFrames count="30">
                        <i>1 0 0 0 1 0 0 0 1 -0.625555 2.49165 2.39449</i>
                        <i>1 0 0 0 1 0 0 0 1 -0.625555 2.49151 2.39449</i>
                        <i>1 0 0 0 1 0 0 0 1 -0.625555 2.49112 2.39449</i>
                        <i>1 0 0 0 1 0 0 0 1 -0.625555 2.49053 2.39449</i>
                        <i>1 0 0 0 1 0 0 0 1 -0.625555 2.48977 2.39449</i>
                        <i>1 0 0 0 1 0 0 0 1 -0.625555 2.48888 2.39449</i>
                        <i>1 0 0 0 1 0 0 0 1 -0.625555 2.48791 2.39449</i>
                        <i>1 0 0 0 1 0 0 0 1 -0.625555 2.48691 2.39449</i>
                        <i>1 0 0 0 1 0 0 0 1 -0.625555 2.4859 2.39449</i>
                        <i>1 0 0 0 1 0 0 0 1 -0.625555 2.48493 2.39449</i>
                        <i>1 0 0 0 1 0 0 0 1 -0.625555 2.48404 2.39449</i>
                        <i>1 0 0 0 1 0 0 0 1 -0.625555 2.48328 2.39449</i>
                        <i>1 0 0 0 1 0 0 0 1 -0.625555 2.48269 2.39449</i>
                        <i>1 0 0 0 1 0 0 0 1 -0.625555 2.4823 2.39449</i>
                        <i>1 0 0 0 1 0 0 0 1 -0.625555 2.48216 2.39449</i>
                        <i>1 0 0 0 1 0 0 0 1 -0.625555 2.48228 2.39449</i>
                        <i>1 0 0 0 1 0 0 0 1 -0.625555 2.48262 2.39449</i>
                        <i>1 0 0 0 1 0 0 0 1 -0.625555 2.48315 2.39449</i>
                        <i>1 0 0 0 1 0 0 0 1 -0.625555 2.48383 2.39449</i>
                        <i>1 0 0 0 1 0 0 0 1 -0.625555 2.48462 2.39449</i>
                        <i>1 0 0 0 1 0 0 0 1 -0.625555 2.4855 2.39449</i>
                        <i>1 0 0 0 1 0 0 0 1 -0.625555 2.48643 2.39449</i>
                        <i>1 0 0 0 1 0 0 0 1 -0.625555 2.48738 2.39449</i>
                        <i>1 0 0 0 1 0 0 0 1 -0.625555 2.48831 2.39449</i>
                        <i>1 0 0 0 1 0 0 0 1 -0.625555 2.48919 2.39449</i>
                        <i>1 0 0 0 1 0 0 0 1 -0.625555 2.48998 2.39449</i>
                        <i>1 0 0 0 1 0 0 0 1 -0.625555 2.49066 2.39449</i>
                        <i>1 0 0 0 1 0 0 0 1 -0.625555 2.49119 2.39449</i>
                        <i>1 0 0 0 1 0 0 0 1 -0.625555 2.49153 2.39449</i>
                        <i>1 0 0 0 1 0 0 0 1 -0.625555 2.49165 2.39449</i>
                    </KeyFrames>
                </p>
            </i>
            <i>
                <p>
                    <Name><![CDATA[spine0]]></Name>
                    <Exclude>0</Exclude>
                    <Additive>0</Additive>
                    <IKPriority>0</IKPriority>
                    <IKRotLimits>-1e+010 -1e+010 -1e+010 1e+010 1e+010 1e+010</IKRotLimits>
                    <IKRotLimitOrder>0</IKRotLimitOrder>
                    <KeyFrames count="30">
                        <i>-0.0251399 0.999153 0.0325671 -0.911389 -0.009521 -0.411436 -0.410778 -0.0400248 0.910856 -0.619014 2.63141 2.36104</i>
                        <i>-0.0249232 0.999184 0.0317924 -0.911165 -0.00962081 -0.411929 -0.411287 -0.0392348 0.910661 -0.618349 2.6309 2.35964</i>
                        <i>-0.0248063 0.999204 0.0312276 -0.91095 -0.00972668 -0.412402 -0.411771 -0.0386769 0.910466 -0.617708 2.63013 2.35829</i>
                        <i>-0.0247576 0.999218 0.0308244 -0.910751 -0.00983019 -0.41284 -0.412214 -0.0382942 0.910282 -0.617114 2.62917 2.35704</i>
                        <i>-0.0247438 0.999228 0.0305296 -0.910575 -0.0099232 -0.413224 -0.412602 -0.0380242 0.910117 -0.616588 2.62808 2.35594</i>
                        <i>-0.0247296 0.999235 0.0302856 -0.91043 -0.00999783 -0.413541 -0.412922 -0.0377997 0.909981 -0.616154 2.62691 2.35503</i>
                        <i>-0.0246782 0.999244 0.0300319 -0.910324 -0.0100463 -0.413775 -0.41316 -0.03755 0.909884 -0.615833 2.62572 2.35436</i>
                        <i>-0.0245529 0.999257 0.0297074 -0.910263 -0.0100609 -0.413909 -0.413303 -0.0372042 0.909833 -0.615647 2.62459 2.35397</i>
                        <i>-0.0244244 0.999268 0.0294534 -0.910254 -0.0100481 -0.413929 -0.41333 -0.03692 0.909832 -0.615618 2.62356 2.35391</i>
                        <i>-0.0243557 0.999272 0.029376 -0.910289 -0.0100207 -0.413852 -0.413256 -0.0368203 0.90987 -0.615724 2.62266 2.35413</i>
                        <i>-0.0242982 0.999273 0.0293622 -0.910353 -0.00997974 -0.413712 -0.413118 -0.0367825 0.909934 -0.615916 2.62191 2.35453</i>
                        <i>-0.0242569 0.999273 0.0294161 -0.910442 -0.00992763 -0.413517 -0.412924 -0.0368123 0.910021 -0.616183 2.62133 2.35509</i>
                        <i>-0.0242365 0.99927 0.0295418 -0.910552 -0.00986683 -0.413277 -0.412684 -0.0369157 0.910126 -0.616511 2.62095 2.35578</i>
                        <i>-0.0242416 0.999264 0.0297425 -0.910678 -0.00979981 -0.413001 -0.412406 -0.0370977 0.910245 -0.616887 2.6208 2.35657</i>
                        <i>-0.0242764 0.999254 0.0300205 -0.910815 -0.00972911 -0.412699 -0.412099 -0.037362 0.910373 -0.617299 2.62092 2.35743</i>
                        <i>-0.0243443 0.999242 0.0303765 -0.910961 -0.00965736 -0.412379 -0.411773 -0.0377109 0.910506 -0.617733 2.62131 2.35834</i>
                        <i>-0.0244483 0.999226 0.0308096 -0.91111 -0.00958734 -0.412052 -0.411438 -0.0381449 0.910639 -0.618176 2.62191 2.35928</i>
                        <i>-0.0245909 0.999207 0.0313175 -0.911258 -0.00952198 -0.411727 -0.411102 -0.038663 0.910769 -0.618615 2.62269 2.3602</i>
                        <i>-0.0247743 0.999184 0.0318966 -0.9114 -0.00946436 -0.411413 -0.410776 -0.0392631 0.910891 -0.619038 2.62361 2.36109</i>
                        <i>-0.0250005 0.999158 0.0325425 -0.911532 -0.00941768 -0.411122 -0.41047 -0.0399418 0.910999 -0.61943 2.62461 2.36192</i>
                        <i>-0.0252443 0.99913 0.0331999 -0.911649 -0.00938146 -0.410863 -0.410194 -0.0406386 0.911092 -0.619779 2.62568 2.36266</i>
                        <i>-0.0254692 0.999104 0.0337914 -0.911747 -0.00935355 -0.410646 -0.409963 -0.0412681 0.911168 -0.62007 2.62676 2.36327</i>
                        <i>-0.02566 0.999083 0.0342793 -0.911821 -0.00933483 -0.410481 -0.409785 -0.0417896 0.911224 -0.620292 2.62782 2.36374</i>
                        <i>-0.0257781 0.99907 0.034574 -0.911863 -0.00932593 -0.410389 -0.409685 -0.0421058 0.911255 -0.620416 2.62881 2.36401</i>
                        <i>-0.0258058 0.999067 0.0346326 -0.911866 -0.0093276 -0.410381 -0.409675 -0.0421705 0.911256 -0.620427 2.62969 2.36403</i>
                        <i>-0.0257589 0.999073 0.034488 -0.911834 -0.00934078 -0.410453 -0.40975 -0.0420201 0.911229 -0.620332 2.63044 2.36383</i>
                        <i>-0.0256528 0.999087 0.0341739 -0.911768 -0.00936621 -0.410599 -0.409904 -0.0416917 0.911175 -0.620136 2.63102 2.36341</i>
                        <i>-0.0255035 0.999106 0.033725 -0.91167 -0.00940445 -0.410816 -0.410131 -0.0412233 0.911094 -0.619847 2.6314 2.3628</i>
                        <i>-0.025327 0.999129 0.0331771 -0.911543 -0.00945593 -0.411096 -0.410424 -0.0406542 0.910988 -0.619471 2.63154 2.36201</i>
                        <i>-0.0251399 0.999153 0.0325671 -0.911389 -0.009521 -0.411436 -0.410778 -0.0400248 0.910856 -0.619014 2.63141 2.36104</i>
                    </KeyFrames>
                </p>
            </i>
            <i>
                <p>
                    <Name><![CDATA[spine1]]></Name>
                    <Exclude>0</Exclude>
                    <Additive>0</Additive>
                    <IKPriority>0</IKPriority>
                    <IKRotLimits>-1e+010 -1e+010 -1e+010 1e+010 1e+010 1e+010</IKRotLimits>
                    <IKRotLimitOrder>0</IKRotLimitOrder>
                    <KeyFrames count="30">
                        <i>-0.0364406 0.985986 0.162803 -0.899556 0.0385954 -0.435097 -0.435282 -0.162305 0.885543 -0.623368 2.80464 2.36668</i>
                        <i>-0.0401794 0.984518 0.170613 -0.899266 0.0388012 -0.435678 -0.435553 -0.170932 0.883785 -0.622671 2.80439 2.36515</i>
                        <i>-0.0438155 0.983021 0.178184 -0.898977 0.0390067 -0.436254 -0.435798 -0.179298 0.882005 -0.622016 2.80388 2.36371</i>
                        <i>-0.0472029 0.981564 0.185215 -0.898704 0.0392033 -0.4368 -0.436008 -0.187072 0.880285 -0.621418 2.80317 2.3624</i>
                        <i>-0.0501991 0.980224 0.191418 -0.898459 0.0393816 -0.437288 -0.436179 -0.193932 0.878714 -0.620895 2.8023 2.36125</i>
                        <i>-0.0526647 0.979086 0.196511 -0.898256 0.0395317 -0.437692 -0.436306 -0.199568 0.877388 -0.620463 2.80132 2.3603</i>
                        <i>-0.0544621 0.978236 0.20022 -0.898108 0.0396429 -0.437984 -0.436389 -0.203673 0.876403 -0.620136 2.80028 2.35959</i>
                        <i>-0.0554548 0.977759 0.202269 -0.898031 0.0397048 -0.438138 -0.436424 -0.205941 0.875855 -0.61993 2.79924 2.35914</i>
                        <i>-0.0555548 0.977709 0.20248 -0.898027 0.0397108 -0.438144 -0.436418 -0.206174 0.875804 -0.619879 2.79824 2.35904</i>
                        <i>-0.0549253 0.978012 0.201186 -0.898083 0.0396712 -0.438034 -0.436383 -0.204741 0.876157 -0.619972 2.7973 2.35925</i>
                        <i>-0.0538066 0.978545 0.198883 -0.898178 0.0396015 -0.437844 -0.436326 -0.202191 0.876777 -0.620153 2.79647 2.35964</i>
                        <i>-0.0522717 0.979266 0.195719 -0.898308 0.039507 -0.437587 -0.436247 -0.198689 0.877617 -0.62041 2.79577 2.36021</i>
                        <i>-0.0503938 0.980131 0.191841 -0.898464 0.0393931 -0.437277 -0.436146 -0.194398 0.878627 -0.620731 2.79525 2.36091</i>
                        <i>-0.0482465 0.981098 0.187398 -0.89864 0.039265 -0.436926 -0.436026 -0.189484 0.87976 -0.621105 2.79495 2.36174</i>
                        <i>-0.0459042 0.982126 0.182543 -0.89883 0.0391278 -0.436547 -0.435887 -0.184114 0.880968 -0.621519 2.79489 2.36264</i>
                        <i>-0.0434427 0.983174 0.177429 -0.899027 0.0389862 -0.436153 -0.435732 -0.178461 0.882207 -0.621961 2.7951 2.36361</i>
                        <i>-0.0409385 0.984208 0.172216 -0.899225 0.0388449 -0.435758 -0.435566 -0.1727 0.883435 -0.622418 2.79552 2.36462</i>
                        <i>-0.0384697 0.985195 0.167064 -0.899418 0.038708 -0.435373 -0.435394 -0.167009 0.884613 -0.622878 2.79612 2.36563</i>
                        <i>-0.0361149 0.986107 0.162139 -0.899598 0.0385794 -0.435011 -0.435223 -0.16157 0.885707 -0.623329 2.79686 2.36661</i>
                        <i>-0.0339533 0.986918 0.157607 -0.899761 0.038463 -0.434686 -0.435061 -0.156568 0.886684 -0.623757 2.79771 2.36755</i>
                        <i>-0.0320508 0.987612 0.15361 -0.899901 0.0383616 -0.434404 -0.434916 -0.152157 0.887523 -0.624144 2.79863 2.36839</i>
                        <i>-0.0304671 0.988174 0.150277 -0.900016 0.0382779 -0.434173 -0.434791 -0.14848 0.888206 -0.624473 2.79959 2.36911</i>
                        <i>-0.0292724 0.98859 0.147758 -0.900102 0.0382151 -0.434001 -0.434696 -0.145702 0.888713 -0.624726 2.80056 2.36966</i>
                        <i>-0.0286107 0.988817 0.146362 -0.900148 0.0381805 -0.433907 -0.434643 -0.144162 0.88899 -0.624869 2.8015 2.36997</i>
                        <i>-0.0285604 0.988835 0.146254 -0.900151 0.0381777 -0.433902 -0.434641 -0.144043 0.88901 -0.624885 2.80238 2.37001</i>
                        <i>-0.0290924 0.988653 0.147375 -0.900111 0.0382052 -0.433982 -0.434688 -0.14528 0.888786 -0.624782 2.80316 2.36978</i>
                        <i>-0.0301772 0.988277 0.149659 -0.90003 0.0382617 -0.434144 -0.434781 -0.147799 0.888325 -0.62457 2.80382 2.36932</i>
                        <i>-0.0317844 0.987709 0.153039 -0.89991 0.0383461 -0.434386 -0.434915 -0.151528 0.88763 -0.624257 2.8043 2.36863</i>
                        <i>-0.0338828 0.986946 0.157444 -0.899752 0.0384575 -0.434705 -0.435085 -0.15639 0.886704 -0.623853 2.80459 2.36774</i>
                        <i>-0.0364406 0.985986 0.162803 -0.899556 0.0385954 -0.435097 -0.435282 -0.162305 0.885543 -0.623368 2.80464 2.36668</i>
                    </KeyFrames>
                </p>
            </i>
            <i>
                <p>
                    <Name><![CDATA[spine2]]></Name>
                    <Exclude>0</Exclude>
                    <Additive>0</Additive>
                    <IKPriority>0</IKPriority>
                    <IKRotLimits>-1e+010 -1e+010 -1e+010 1e+010 1e+010 1e+010</IKRotLimits>
                    <IKRotLimitOrder>0</IKRotLimitOrder>
                    <KeyFrames count="30">
                        <i>-0.186022 0.894075 0.407463 -0.8834 0.0293468 -0.4677 -0.430116 -0.446956 0.784366 -0.629226 2.96203 2.39268</i>
                        <i>-0.186358 0.893498 0.408574 -0.883347 0.0296626 -0.46778 -0.43008 -0.448087 0.783741 -0.629137 2.96177 2.39244</i>
                        <i>-0.18651 0.893131 0.409306 -0.883284 0.0299675 -0.467879 -0.430143 -0.448798 0.783299 -0.629075 2.96125 2.39226</i>
                        <i>-0.18654 0.892912 0.409769 -0.883218 0.0302496 -0.467986 -0.430266 -0.449213 0.782993 -0.629033 2.96051 2.39212</i>
                        <i>-0.186516 0.892778 0.410071 -0.883155 0.030497 -0.468089 -0.430405 -0.449463 0.782774 -0.629002 2.95961 2.392</i>
                        <i>-0.186503 0.892663 0.410328 -0.883103 0.0306986 -0.468174 -0.430518 -0.449678 0.782588 -0.628975 2.95861 2.39191</i>
                        <i>-0.186569 0.8925 0.410654 -0.883068 0.0308432 -0.468231 -0.430562 -0.449993 0.782383 -0.628946 2.95757 2.39182</i>
                        <i>-0.186781 0.89222 0.411164 -0.883058 0.0309196 -0.468245 -0.430491 -0.450541 0.782107 -0.628905 2.95653 2.39172</i>
                        <i>-0.187011 0.891966 0.41161 -0.883068 0.0309237 -0.468226 -0.43037 -0.451043 0.781883 -0.628872 2.95554 2.39166</i>
                        <i>-0.187145 0.891854 0.411793 -0.883088 0.0308708 -0.46819 -0.43027 -0.451269 0.781808 -0.628861 2.95462 2.39165</i>
                        <i>-0.187266 0.891779 0.411899 -0.883119 0.0307786 -0.468139 -0.430154 -0.451422 0.781783 -0.628857 2.9538 2.39166</i>
                        <i>-0.187366 0.89175 0.411917 -0.883156 0.0306527 -0.468076 -0.430033 -0.451489 0.781812 -0.62886 2.95312 2.3917</i>
                        <i>-0.187436 0.891773 0.411835 -0.883199 0.0304986 -0.468005 -0.429915 -0.451454 0.781897 -0.628873 2.95262 2.39175</i>
                        <i>-0.187465 0.891856 0.411643 -0.883245 0.0303219 -0.46793 -0.429808 -0.451303 0.782043 -0.628893 2.95233 2.39183</i>
                        <i>-0.187445 0.892004 0.41133 -0.883291 0.0301285 -0.467856 -0.429722 -0.451022 0.782252 -0.628923 2.95229 2.39193</i>
                        <i>-0.187367 0.892224 0.410888 -0.883336 0.0299243 -0.467784 -0.429664 -0.4506 0.782527 -0.628962 2.95251 2.39205</i>
                        <i>-0.187223 0.89252 0.41031 -0.883377 0.0297155 -0.46772 -0.429642 -0.450027 0.782869 -0.62901 2.95295 2.39219</i>
                        <i>-0.187006 0.892896 0.409592 -0.883413 0.0295087 -0.467666 -0.429663 -0.449295 0.783277 -0.629068 2.95355 2.39234</i>
                        <i>-0.18671 0.893353 0.40873 -0.883441 0.0293105 -0.467624 -0.429734 -0.448399 0.783752 -0.629136 2.9543 2.39252</i>
                        <i>-0.186328 0.893893 0.407723 -0.883461 0.0291281 -0.467598 -0.429859 -0.447334 0.784292 -0.629212 2.95514 2.3927</i>
                        <i>-0.185904 0.894461 0.406668 -0.883474 0.028967 -0.467584 -0.430016 -0.446206 0.784848 -0.629292 2.95605 2.39289</i>
                        <i>-0.185509 0.894982 0.405703 -0.883482 0.0288322 -0.467578 -0.430171 -0.445171 0.785351 -0.629363 2.957 2.39306</i>
                        <i>-0.185169 0.895418 0.404894 -0.883485 0.0287302 -0.467577 -0.43031 -0.444299 0.785769 -0.629423 2.95796 2.3932</i>
                        <i>-0.184956 0.895685 0.404399 -0.883486 0.0286737 -0.467579 -0.4304 -0.443763 0.786022 -0.629459 2.9589 2.39328</i>
                        <i>-0.184905 0.895744 0.404294 -0.883484 0.0286697 -0.467583 -0.430425 -0.443646 0.786074 -0.629467 2.95977 2.3933</i>
                        <i>-0.184985 0.895625 0.40452 -0.883479 0.0287161 -0.46759 -0.430401 -0.443882 0.785954 -0.62945 2.96055 2.39325</i>
                        <i>-0.185168 0.895364 0.405014 -0.883469 0.0288101 -0.467602 -0.430343 -0.444402 0.785692 -0.629413 2.96121 2.39316</i>
                        <i>-0.185422 0.894994 0.405714 -0.883454 0.0289489 -0.467623 -0.430265 -0.445137 0.785319 -0.62936 2.9617 2.39303</i>
                        <i>-0.185718 0.894552 0.406553 -0.883431 0.0291289 -0.467654 -0.430184 -0.446013 0.784866 -0.629296 2.96198 2.39287</i>
                        <i>-0.186022 0.894075 0.407463 -0.8834 0.0293468 -0.4677 -0.430116 -0.446956 0.784366 -0.629226 2.96203 2.39268</i>
                    </KeyFrames>
                </p>
            </i>
            <i>
                <p>
                    <Name><![CDATA[head]]></Name>
                    <Exclude>0</Exclude>
                    <Additive>0</Additive>
                    <IKPriority>0</IKPriority>
                    <IKRotLimits>-1e+010 -1e+010 -1e+010 1e+010 1e+010 1e+010</IKRotLimits>
                    <IKRotLimitOrder>0</IKRotLimitOrder>
                    <KeyFrames count="30">
                        <i>-0.0509736 0.987514 0.149058 -0.0666079 0.145558 -0.987105 -0.996476 -0.0602448 0.0583566 -0.681037 3.19316 2.49679</i>
                        <i>-0.0485129 0.989377 0.137035 -0.0658618 0.133729 -0.988827 -0.996649 -0.0569962 0.0586745 -0.680703 3.19339 2.49617</i>
                        <i>-0.0457685 0.991008 0.125731 -0.0651937 0.122631 -0.990309 -0.996822 -0.0535218 0.0589948 -0.680344 3.1934 2.49551</i>
                        <i>-0.0429793 0.992367 0.115587 -0.0646283 0.11269 -0.991526 -0.996983 -0.0500853 0.0592916 -0.679989 3.19318 2.49486</i>
                        <i>-0.0403849 0.993433 0.107047 -0.0641799 0.104334 -0.992469 -0.997121 -0.0469511 0.059545 -0.679664 3.19276 2.49426</i>
                        <i>-0.0382255 0.994197 0.100553 -0.0638565 0.0979907 -0.993137 -0.997227 -0.0443841 0.0597402 -0.679397 3.19216 2.49377</i>
                        <i>-0.0367409 0.99465 0.0965482 -0.0636633 0.0940875 -0.993526 -0.997295 -0.0426496 0.0598659 -0.679217 3.19138 2.49343</i>
                        <i>-0.0361701 0.994775 0.0954731 -0.0636088 0.0930502 -0.993627 -0.997319 -0.0420126 0.0599107 -0.67915 3.19043 2.49331</i>
                        <i>-0.0363863 0.99461 0.0970939 -0.0636757 0.0946533 -0.993472 -0.997307 -0.0423313 0.0598884 -0.679184 3.18939 2.49337</i>
                        <i>-0.0370474 0.994219 0.10078 -0.0638351 0.0982887 -0.993108 -0.997272 -0.0432254 0.0598247 -0.679277 3.18833 2.49354</i>
                        <i>-0.0380343 0.993541 0.106914 -0.0641069 0.104345 -0.992473 -0.997218 -0.0446019 0.0597241 -0.67942 3.1873 2.49381</i>
                        <i>-0.0392462 0.992523 0.115572 -0.0645036 0.112903 -0.99151 -0.997145 -0.0463677 0.0595903 -0.679603 3.18634 2.49415</i>
                        <i>-0.0406261 0.99118 0.126139 -0.0650123 0.123354 -0.990231 -0.997057 -0.0484299 0.0594275 -0.679817 3.18553 2.49454</i>
                        <i>-0.0421176 0.989536 0.138003 -0.0656166 0.135087 -0.988659 -0.996956 -0.0506953 0.0592404 -0.680052 3.18489 2.49497</i>
                        <i>-0.043665 0.987638 0.150549 -0.0662949 0.147496 -0.986838 -0.996844 -0.0530709 0.0590349 -0.680298 3.18449 2.49543</i>
                        <i>-0.0452141 0.985562 0.163168 -0.067019 0.159975 -0.984843 -0.996727 -0.0554641 0.0588183 -0.680545 3.18434 2.49588</i>
                        <i>-0.0467124 0.983414 0.175257 -0.0677541 0.171925 -0.982777 -0.996608 -0.0577823 0.0585992 -0.680784 3.18442 2.49632</i>
                        <i>-0.0481099 0.98133 0.186216 -0.0684583 0.182754 -0.980772 -0.996493 -0.0599329 0.0583879 -0.681005 3.1847 2.49673</i>
                        <i>-0.0493583 0.979471 0.195451 -0.0690844 0.191872 -0.978985 -0.996389 -0.0618236 0.0581956 -0.681199 3.18516 2.49709</i>
                        <i>-0.0504111 0.978011 0.202371 -0.0695813 0.198697 -0.977588 -0.996302 -0.0633625 0.0580347 -0.681357 3.18578 2.49738</i>
                        <i>-0.0513159 0.977087 0.206561 -0.0699158 0.202812 -0.976719 -0.996232 -0.0645631 0.0579063 -0.68148 3.18652 2.49761</i>
                        <i>-0.0521501 0.976772 0.20784 -0.070074 0.204031 -0.976453 -0.996178 -0.0654863 0.057806 -0.681574 3.18734 2.49778</i>
                        <i>-0.052877 0.977031 0.20643 -0.0700584 0.202581 -0.976756 -0.99614 -0.0661101 0.0577373 -0.681638 3.18822 2.4979</i>
                        <i>-0.0534503 0.977788 0.202665 -0.0698816 0.198795 -0.977547 -0.996122 -0.0664127 0.0577038 -0.681669 3.18911 2.49796</i>
                        <i>-0.0538222 0.978951 0.196873 -0.0695605 0.193004 -0.978729 -0.996125 -0.066372 0.0577084 -0.681665 3.19 2.49795</i>
                        <i>-0.0539446 0.98042 0.189384 -0.0691154 0.185539 -0.980203 -0.996149 -0.065966 0.0577532 -0.681624 3.19084 2.49787</i>
                        <i>-0.0537689 0.982099 0.180526 -0.0685702 0.176729 -0.981868 -0.996196 -0.0651726 0.0578403 -0.681542 3.19161 2.49772</i>
                        <i>-0.0532467 0.983896 0.17063 -0.0679517 0.166906 -0.983628 -0.996267 -0.0639696 0.0579701 -0.681419 3.19227 2.49749</i>
                        <i>-0.0523306 0.985724 0.160029 -0.067288 0.156404 -0.985398 -0.99636 -0.0623345 0.0581427 -0.681252 3.1928 2.49719</i>
                        <i>-0.0509736 0.987514 0.149058 -0.0666079 0.145558 -0.987105 -0.996476 -0.0602448 0.0583566 -0.681037 3.19316 2.49679</i>
                    </KeyFrames>
                </p>
            </i>
            <i>
                <p>
                    <Name><![CDATA[head_prop]]></Name>
                    <Exclude>0</Exclude>
                    <Additive>0</Additive>
                    <IKPriority>0</IKPriority>
                    <IKRotLimits>-1e+010 -1e+010 -1e+010 1e+010 1e+010 1e+010</IKRotLimits>
                    <IKRotLimitOrder>0</IKRotLimitOrder>
                    <KeyFrames count="30">
                        <i>0.996476 0.0602448 -0.0583566 -0.0509736 0.987514 0.149058 0.0666079 -0.145558 0.987105 -0.69765 3.515 2.54537</i>
                        <i>0.996649 0.0569962 -0.0586745 -0.0485129 0.989377 0.137035 0.0658618 -0.133729 0.988827 -0.696514 3.51584 2.54083</i>
                        <i>0.996822 0.0535218 -0.0589948 -0.0457685 0.991008 0.125731 0.0651937 -0.122631 0.990309 -0.695261 3.51637 2.53649</i>
                        <i>0.996983 0.0500853 -0.0592916 -0.0429793 0.992367 0.115587 0.0646283 -0.11269 0.991526 -0.693996 3.5166 2.53253</i>
                        <i>0.997121 0.0469511 -0.059545 -0.0403849 0.993433 0.107047 0.0641799 -0.104334 0.992469 -0.692826 3.51653 2.52915</i>
                        <i>0.997227 0.0443841 -0.0597402 -0.0382255 0.994197 0.100553 0.0638565 -0.0979907 0.993137 -0.691855 3.51617 2.52654</i>
                        <i>0.997295 0.0426496 -0.0598659 -0.0367409 0.99465 0.0965482 0.0636633 -0.0940875 0.993526 -0.691191 3.51554 2.5249</i>
                        <i>0.997319 0.0420126 -0.0599107 -0.0361701 0.994775 0.0954731 0.0636088 -0.0930502 0.993627 -0.690939 3.51464 2.52443</i>
                        <i>0.997307 0.0423313 -0.0598884 -0.0363863 0.99461 0.0970939 0.0636757 -0.0946533 0.993472 -0.691042 3.51354 2.52502</i>
                        <i>0.997272 0.0432254 -0.0598247 -0.0370474 0.994219 0.10078 0.0638351 -0.0982887 0.993108 -0.691351 3.51235 2.52639</i>
                        <i>0.997218 0.0446019 -0.0597241 -0.0380343 0.993541 0.106914 0.0641069 -0.104345 0.992473 -0.691816 3.5111 2.52865</i>
                        <i>0.997145 0.0463677 -0.0595903 -0.0392462 0.992523 0.115572 0.0645036 -0.112903 0.99151 -0.692394 3.50982 2.53181</i>
                        <i>0.997057 0.0484299 -0.0594275 -0.0406261 0.99118 0.126139 0.0650123 -0.123354 0.990231 -0.693058 3.50856 2.53565</i>
                        <i>0.996956 0.0506953 -0.0592404 -0.0421176 0.989536 0.138003 0.0656166 -0.135087 0.988659 -0.693779 3.50739 2.53995</i>
                        <i>0.996844 0.0530709 -0.0590349 -0.043665 0.987638 0.150549 0.0662949 -0.147496 0.986838 -0.694529 3.50637 2.54449</i>
                        <i>0.996727 0.0554641 -0.0588183 -0.0452141 0.985562 0.163168 0.067019 -0.159975 0.984843 -0.695281 3.50555 2.54906</i>
                        <i>0.996608 0.0577823 -0.0585992 -0.0467124 0.983414 0.175257 0.0677541 -0.171925 0.982777 -0.696008 3.50492 2.55344</i>
                        <i>0.996493 0.0599329 -0.0583879 -0.0481099 0.98133 0.186216 0.0684583 -0.182754 0.980772 -0.696684 3.50453 2.55742</i>
                        <i>0.996389 0.0618236 -0.0581956 -0.0493583 0.979471 0.195451 0.0690844 -0.191872 0.978985 -0.697286 3.50438 2.56079</i>
                        <i>0.996302 0.0633625 -0.0580347 -0.0504111 0.978011 0.202371 0.0695813 -0.198697 0.977588 -0.697786 3.50452 2.56333</i>
                        <i>0.996232 0.0645631 -0.0579063 -0.0513159 0.977087 0.206561 0.0699158 -0.202812 0.976719 -0.698204 3.50496 2.56493</i>
                        <i>0.996178 0.0654863 -0.057806 -0.0521501 0.976772 0.20784 0.070074 -0.204031 0.976453 -0.698571 3.50568 2.56552</i>
                        <i>0.99614 0.0661101 -0.0577373 -0.052877 0.977031 0.20643 0.0700584 -0.202581 0.976756 -0.698871 3.50664 2.56518</i>
                        <i>0.996122 0.0664127 -0.0577038 -0.0534503 0.977788 0.202665 0.0698816 -0.198795 0.977547 -0.699089 3.50778 2.56401</i>
                        <i>0.996125 0.066372 -0.0577084 -0.0538222 0.978951 0.196873 0.0695605 -0.193004 0.978729 -0.699206 3.50904 2.56211</i>
                        <i>0.996149 0.065966 -0.0577532 -0.0539446 0.98042 0.189384 0.0691154 -0.185539 0.980203 -0.699205 3.51037 2.55959</i>
                        <i>0.996196 0.0651726 -0.0578403 -0.0537689 0.982099 0.180526 0.0685702 -0.176729 0.981868 -0.699066 3.51168 2.55656</i>
                        <i>0.996267 0.0639696 -0.0579701 -0.0532467 0.983896 0.17063 0.0679517 -0.166906 0.983628 -0.698773 3.51293 2.5531</i>
                        <i>0.99636 0.0623345 -0.0581427 -0.0523306 0.985724 0.160029 0.067288 -0.156404 0.985398 -0.698307 3.51406 2.54934</i>
                        <i>0.996476 0.0602448 -0.0583566 -0.0509736 0.987514 0.149058 0.0666079 -0.145558 0.987105 -0.69765 3.515 2.54537</i>
                    </KeyFrames>
                </p>
            </i>
            <i>
                <p>
                    <Name><![CDATA[l_clav]]></Name>
                    <Exclude>0</Exclude>
                    <Additive>0</Additive>
                    <IKPriority>0</IKPriority>
                    <IKRotLimits>-1e+010 -1e+010 -1e+010 1e+010 1e+010 1e+010</IKRotLimits>
                    <IKRotLimitOrder>0</IKRotLimitOrder>
                    <KeyFrames count="30">
                        <i>0.869606 0.465787 0.163791 -0.487527 0.862515 0.13559 -0.0781165 -0.197762 0.977133 -0.574395 3.00295 2.48061</i>
                        <i>0.870227 0.46543 0.161492 -0.486309 0.863989 0.130487 -0.078795 -0.192088 0.978209 -0.574621 3.00279 2.48102</i>
                        <i>0.869609 0.467306 0.159391 -0.48727 0.864358 0.124314 -0.0796781 -0.185771 0.979357 -0.574863 3.00237 2.48147</i>
                        <i>0.867878 0.471127 0.157567 -0.490183 0.863649 0.117603 -0.0806768 -0.179302 0.980481 -0.575102 3.00175 2.48191</i>
                        <i>0.865147 0.476601 0.156114 -0.494817 0.861894 0.11088 -0.0817078 -0.173176 0.981496 -0.575319 3.00097 2.48231</i>
                        <i>0.861524 0.483431 0.155149 -0.500938 0.859131 0.104664 -0.0826954 -0.167891 0.982331 -0.575498 3.00008 2.48264</i>
                        <i>0.857111 0.491316 0.154824 -0.508308 0.855412 0.0994613 -0.0835713 -0.163948 0.982923 -0.575618 2.9991 2.48286</i>
                        <i>0.852013 0.499948 0.155326 -0.516694 0.850798 0.0957658 -0.0842726 -0.161849 0.98321 -0.575662 2.99809 2.48294</i>
                        <i>0.846526 0.508814 0.156532 -0.52555 0.84561 0.0934862 -0.0847978 -0.161404 0.983239 -0.57564 2.99708 2.4829</i>
                        <i>0.841078 0.517288 0.158119 -0.534165 0.840337 0.0922006 -0.0851788 -0.16201 0.983106 -0.575578 2.99612 2.48279</i>
                        <i>0.835989 0.524903 0.159999 -0.542059 0.8353 0.0919021 -0.0854074 -0.163558 0.98283 -0.575482 2.99524 2.48261</i>
                        <i>0.831596 0.531204 0.162079 -0.548764 0.830834 0.0925907 -0.0854761 -0.165941 0.982424 -0.57536 2.99449 2.48239</i>
                        <i>0.828248 0.535747 0.164255 -0.553819 0.827283 0.0942753 -0.0853777 -0.169051 0.981903 -0.575217 2.99391 2.48212</i>
                        <i>0.826297 0.538091 0.166407 -0.556768 0.824988 0.0969732 -0.0851039 -0.172779 0.981277 -0.575059 2.99353 2.48183</i>
                        <i>0.825711 0.538354 0.168453 -0.557702 0.823932 0.100521 -0.0846773 -0.176948 0.980571 -0.574894 2.99341 2.48153</i>
                        <i>0.826158 0.537072 0.170341 -0.55712 0.823816 0.104615 -0.0841438 -0.181329 0.979816 -0.574728 2.99355 2.48122</i>
                        <i>0.827533 0.534425 0.171988 -0.555169 0.824556 0.109062 -0.083528 -0.185735 0.979043 -0.574567 2.99391 2.48092</i>
                        <i>0.829722 0.530589 0.173312 -0.551993 0.826065 0.113667 -0.0828561 -0.189979 0.978286 -0.574417 2.99445 2.48065</i>
                        <i>0.832609 0.52574 0.174239 -0.547733 0.828257 0.118232 -0.0821553 -0.193877 0.97758 -0.574286 2.99515 2.4804</i>
                        <i>0.836078 0.520051 0.174704 -0.54253 0.831049 0.12255 -0.0814551 -0.197244 0.976965 -0.574179 2.99596 2.48021</i>
                        <i>0.839959 0.513744 0.174746 -0.536606 0.834288 0.126563 -0.0807677 -0.200077 0.976445 -0.574095 2.99685 2.48005</i>
                        <i>0.844068 0.507065 0.174451 -0.53022 0.837793 0.130271 -0.0800978 -0.202456 0.97601 -0.574031 2.99779 2.47994</i>
                        <i>0.848266 0.500224 0.173842 -0.523574 0.841445 0.133564 -0.0794661 -0.204317 0.975674 -0.573988 2.99874 2.47986</i>
                        <i>0.852417 0.493431 0.172947 -0.516876 0.845136 0.136328 -0.0788952 -0.2056 0.975451 -0.573967 2.99968 2.47982</i>
                        <i>0.856395 0.4869 0.171804 -0.510333 0.848759 0.13845 -0.0784088 -0.206245 0.975354 -0.573969 3.00056 2.47982</i>
                        <i>0.860077 0.480846 0.170453 -0.504161 0.852216 0.139819 -0.0780318 -0.206191 0.975395 -0.573998 3.00135 2.47987</i>
                        <i>0.863349 0.475487 0.168938 -0.498575 0.855414 0.140324 -0.0777897 -0.205377 0.975587 -0.574053 3.00202 2.47998</i>
                        <i>0.8661 0.471043 0.1673 -0.493794 0.858258 0.139858 -0.0777075 -0.203743 0.975936 -0.574136 3.00253 2.48013</i>
                        <i>0.868221 0.467736 0.165575 -0.490038 0.860658 0.138314 -0.0778092 -0.201225 0.97645 -0.57425 3.00285 2.48034</i>
                        <i>0.869606 0.465787 0.163791 -0.487527 0.862515 0.13559 -0.0781165 -0.197762 0.977133 -0.574395 3.00295 2.48061</i>
                    </KeyFrames>
                </p>
            </i>
            <i>
                <p>
                    <Name><![CDATA[l_shoulder]]></Name>
                    <Exclude>0</Exclude>
                    <Additive>0</Additive>
                    <IKPriority>0</IKPriority>
                    <IKRotLimits>-1e+010 -1e+010 -1e+010 1e+010 1e+010 1e+010</IKRotLimits>
                    <IKRotLimitOrder>0</IKRotLimitOrder>
                    <KeyFrames count="30">
                        <i>0.977899 -0.131201 0.162787 0.0451235 0.892688 0.448411 -0.20415 -0.431155 0.878879 -0.40258 3.09498 2.51297</i>
                        <i>0.977796 -0.133907 0.161193 0.0491817 0.894362 0.444632 -0.203705 -0.426832 0.88109 -0.402683 3.09475 2.51293</i>
                        <i>0.97761 -0.13739 0.159383 0.0541053 0.896086 0.440571 -0.203351 -0.422083 0.883456 -0.403047 3.0947 2.51296</i>
                        <i>0.977345 -0.141339 0.157541 0.0594599 0.897726 0.436524 -0.203126 -0.417267 0.885792 -0.403628 3.09484 2.51304</i>
                        <i>0.977017 -0.145435 0.15584 0.064813 0.899161 0.432792 -0.203069 -0.412745 0.887922 -0.404385 3.09514 2.51316</i>
                        <i>0.976648 -0.149361 0.154431 0.0697393 0.900283 0.429683 -0.20321 -0.40888 0.889676 -0.405279 3.09559 2.51329</i>
                        <i>0.976273 -0.152797 0.153439 0.0738224 0.90099 0.427512 -0.20357 -0.406042 0.890893 -0.406271 3.09617 2.51345</i>
                        <i>0.975933 -0.155424 0.152963 0.0766568 0.901186 0.426599 -0.204152 -0.404607 0.891412 -0.407323 3.09687 2.51363</i>
                        <i>0.97565 -0.157231 0.152919 0.0783021 0.900958 0.426783 -0.204878 -0.404417 0.891332 -0.408385 3.09761 2.51383</i>
                        <i>0.97543 -0.158388 0.153131 0.0790893 0.900493 0.427617 -0.205623 -0.405 0.890895 -0.409399 3.09832 2.51403</i>
                        <i>0.97529 -0.158856 0.153537 0.0790306 0.899842 0.428998 -0.206308 -0.406263 0.890161 -0.410309 3.09895 2.51422</i>
                        <i>0.975246 -0.158599 0.154081 0.0781414 0.899049 0.430819 -0.206854 -0.408115 0.889187 -0.411054 3.09944 2.51441</i>
                        <i>0.975311 -0.157584 0.15471 0.0764368 0.898158 0.432977 -0.207185 -0.410462 0.888029 -0.411573 3.09976 2.51457</i>
                        <i>0.975494 -0.155777 0.155384 0.0739277 0.897214 0.435365 -0.207232 -0.413209 0.886743 -0.411801 3.09985 2.51471</i>
                        <i>0.975756 -0.153388 0.156117 0.070817 0.896214 0.437933 -0.207088 -0.41626 0.885349 -0.411751 3.09978 2.51481</i>
                        <i>0.976033 -0.150763 0.15694 0.067417 0.895149 0.44064 -0.206917 -0.419498 0.883859 -0.411497 3.09966 2.51488</i>
                        <i>0.976314 -0.147995 0.157826 0.0638577 0.89407 0.443351 -0.206721 -0.422772 0.882344 -0.411064 3.0995 2.5149</i>
                        <i>0.976586 -0.145188 0.158748 0.060276 0.89303 0.445941 -0.206512 -0.425931 0.880872 -0.410482 3.09929 2.51489</i>
                        <i>0.976838 -0.142446 0.159674 0.0568102 0.892084 0.448285 -0.206299 -0.428831 0.879514 -0.40978 3.09902 2.51483</i>
                        <i>0.977065 -0.139873 0.160561 0.0536018 0.891287 0.45026 -0.206085 -0.431326 0.878343 -0.408988 3.09871 2.51473</i>
                        <i>0.977264 -0.137493 0.161405 0.0506758 0.890644 0.451869 -0.205884 -0.433416 0.877361 -0.408137 3.09836 2.51458</i>
                        <i>0.977436 -0.135301 0.162214 0.0480074 0.890129 0.453173 -0.205706 -0.43516 0.876539 -0.407261 3.09798 2.5144</i>
                        <i>0.977581 -0.133348 0.162956 0.0456685 0.889762 0.454134 -0.20555 -0.436511 0.875904 -0.406388 3.09758 2.5142</i>
                        <i>0.977699 -0.131692 0.163593 0.0437342 0.889561 0.454719 -0.205409 -0.437423 0.875482 -0.405547 3.09717 2.51399</i>
                        <i>0.977791 -0.130387 0.164085 0.042283 0.889542 0.454893 -0.205272 -0.437852 0.875299 -0.404764 3.09676 2.51377</i>
                        <i>0.97786 -0.129492 0.164385 0.0413955 0.889722 0.454622 -0.205127 -0.437752 0.875384 -0.404065 3.09635 2.51355</i>
                        <i>0.977905 -0.129065 0.164448 0.041154 0.890115 0.453874 -0.204957 -0.437078 0.87576 -0.403474 3.09596 2.51335</i>
                        <i>0.977929 -0.129167 0.164228 0.041641 0.890734 0.452613 -0.204746 -0.435785 0.876453 -0.403014 3.0956 2.51318</i>
                        <i>0.977928 -0.129859 0.163685 0.0429381 0.891589 0.450805 -0.204481 -0.433827 0.877486 -0.402708 3.09527 2.51305</i>
                        <i>0.977899 -0.131201 0.162787 0.0451235 0.892688 0.448411 -0.20415 -0.431155 0.878879 -0.40258 3.09498 2.51297</i>
                    </KeyFrames>
                </p>
            </i>
            <i>
                <p>
                    <Name><![CDATA[l_elbow]]></Name>
                    <Exclude>0</Exclude>
                    <Additive>0</Additive>
                    <IKPriority>0</IKPriority>
                    <IKRotLimits>-1e+010 -1e+010 -1e+010 1e+010 1e+010 1e+010</IKRotLimits>
                    <IKRotLimitOrder>0</IKRotLimitOrder>
                    <KeyFrames count="30">
                        <i>0.0653171 -0.452638 0.889299 0.0445408 0.891636 0.450556 -0.99687 0.010181 0.0784 -0.084492 3.05231 2.56592</i>
                        <i>0.0657374 -0.449202 0.891008 0.0486 0.893322 0.446782 -0.996653 0.0139327 0.0805558 -0.0846287 3.05119 2.56536</i>
                        <i>0.0670416 -0.445584 0.892727 0.0535244 0.895057 0.442728 -0.996313 0.0181014 0.0838557 -0.0850529 3.05001 2.5648</i>
                        <i>0.0690915 -0.442055 0.894323 0.0588795 0.896709 0.438686 -0.995871 0.0223477 0.087983 -0.0857197 3.04886 2.56429</i>
                        <i>0.0717477 -0.438888 0.895673 0.0642327 0.898156 0.43496 -0.995352 0.0263241 0.0926316 -0.0865837 3.04783 2.56385</i>
