<?xml version="1.0" encoding="ISO-8859-1" ?>
<Animl Version="1">
    <ModellingPackage><![CDATA[Maya.2010]]></ModellingPackage>
    <SrcFile><![CDATA[anims\turrets\artillery\blue\~src\artillery_m270\artillery_m270_fire_crewman_e.mb]]></SrcFile>
    <FramesPerSecond>30</FramesPerSecond>
    <TotalFrames>40</TotalFrames>
    <Skeleton>
        <RefFrame>
            <Name><![CDATA[soldier_ref_frame]]></Name>
            <Exclude>0</Exclude>
            <Additive>0</Additive>
            <IKPriority>0</IKPriority>
            <IKRotLimits>-1e+010 -1e+010 -1e+010 1e+010 1e+010 1e+010</IKRotLimits>
            <IKRotLimitOrder>0</IKRotLimitOrder>
            <KeyFrames count="40">
                <i>1 0 0 0 1 0 0 0 1 1.76 1.34 -2.22</i>
                <i>1 0 0 0 1 0 0 0 1 1.76 1.34 -2.22</i>
                <i>1 0 0 0 1 0 0 0 1 1.76 1.34 -2.22</i>
                <i>1 0 0 0 1 0 0 0 1 1.76 1.34 -2.22</i>
                <i>1 0 0 0 1 0 0 0 1 1.76 1.34 -2.22</i>
                <i>1 0 0 0 1 0 0 0 1 1.76 1.34 -2.22</i>
                <i>1 0 0 0 1 0 0 0 1 1.76 1.34 -2.22</i>
                <i>1 0 0 0 1 0 0 0 1 1.76 1.34 -2.22</i>
                <i>1 0 0 0 1 0 0 0 1 1.76 1.34 -2.22</i>
                <i>1 0 0 0 1 0 0 0 1 1.76 1.34 -2.22</i>
                <i>1 0 0 0 1 0 0 0 1 1.76 1.34 -2.22</i>
                <i>1 0 0 0 1 0 0 0 1 1.76 1.34 -2.22</i>
                <i>1 0 0 0 1 0 0 0 1 1.76 1.34 -2.22</i>
                <i>1 0 0 0 1 0 0 0 1 1.76 1.34 -2.22</i>
                <i>1 0 0 0 1 0 0 0 1 1.76 1.34 -2.22</i>
                <i>1 0 0 0 1 0 0 0 1 1.76 1.34 -2.22</i>
                <i>1 0 0 0 1 0 0 0 1 1.76 1.34 -2.22</i>
                <i>1 0 0 0 1 0 0 0 1 1.76 1.34 -2.22</i>
                <i>1 0 0 0 1 0 0 0 1 1.76 1.34 -2.22</i>
                <i>1 0 0 0 1 0 0 0 1 1.76 1.34 -2.22</i>
                <i>1 0 0 0 1 0 0 0 1 1.76 1.34 -2.22</i>
                <i>1 0 0 0 1 0 0 0 1 1.76 1.34 -2.22</i>
                <i>1 0 0 0 1 0 0 0 1 1.76 1.34 -2.22</i>
                <i>1 0 0 0 1 0 0 0 1 1.76 1.34 -2.22</i>
                <i>1 0 0 0 1 0 0 0 1 1.76 1.34 -2.22</i>
                <i>1 0 0 0 1 0 0 0 1 1.76 1.34 -2.22</i>
                <i>1 0 0 0 1 0 0 0 1 1.76 1.34 -2.22</i>
                <i>1 0 0 0 1 0 0 0 1 1.76 1.34 -2.22</i>
                <i>1 0 0 0 1 0 0 0 1 1.76 1.34 -2.22</i>
                <i>1 0 0 0 1 0 0 0 1 1.76 1.34 -2.22</i>
                <i>1 0 0 0 1 0 0 0 1 1.76 1.34 -2.22</i>
                <i>1 0 0 0 1 0 0 0 1 1.76 1.34 -2.22</i>
                <i>1 0 0 0 1 0 0 0 1 1.76 1.34 -2.22</i>
                <i>1 0 0 0 1 0 0 0 1 1.76 1.34 -2.22</i>
                <i>1 0 0 0 1 0 0 0 1 1.76 1.34 -2.22</i>
                <i>1 0 0 0 1 0 0 0 1 1.76 1.34 -2.22</i>
                <i>1 0 0 0 1 0 0 0 1 1.76 1.34 -2.22</i>
                <i>1 0 0 0 1 0 0 0 1 1.76 1.34 -2.22</i>
                <i>1 0 0 0 1 0 0 0 1 1.76 1.34 -2.22</i>
                <i>1 0 0 0 1 0 0 0 1 1.76 1.34 -2.22</i>
            </KeyFrames>
        </RefFrame>
        <Bones count="23">
            <i>
                <p>
                    <Name><![CDATA[pelvis]]></Name>
                    <Exclude>0</Exclude>
                    <Additive>0</Additive>
                    <IKPriority>0</IKPriority>
                    <IKRotLimits>-1e+010 -1e+010 -1e+010 1e+010 1e+010 1e+010</IKRotLimits>
                    <IKRotLimitOrder>2</IKRotLimitOrder>
                    <KeyFrames count="40">
                        <i>1 0 0 0 1 0 0 0 1 1.59607 2.46615 -1.88814</i>
                        <i>1 0 0 0 1 0 0 0 1 1.59607 2.45008 -1.88814</i>
                        <i>1 0 0 0 1 0 0 0 1 1.59607 2.43402 -1.88814</i>
                        <i>1 0 0 0 1 0 0 0 1 1.59607 2.42678 -1.88814</i>
                        <i>1 0 0 0 1 0 0 0 1 1.59607 2.43721 -1.88814</i>
                        <i>1 0 0 0 1 0 0 0 1 1.59607 2.45646 -1.88814</i>
                        <i>1 0 0 0 1 0 0 0 1 1.59607 2.46681 -1.88814</i>
                        <i>1 0 0 0 1 0 0 0 1 1.59607 2.45807 -1.88814</i>
                        <i>1 0 0 0 1 0 0 0 1 1.59607 2.44043 -1.88814</i>
                        <i>1 0 0 0 1 0 0 0 1 1.59607 2.42678 -1.88814</i>
                        <i>1 0 0 0 1 0 0 0 1 1.59607 2.42084 -1.88814</i>
                        <i>1 0 0 0 1 0 0 0 1 1.59607 2.41735 -1.88814</i>
                        <i>1 0 0 0 1 0 0 0 1 1.59607 2.41569 -1.88814</i>
                        <i>1 0 0 0 1 0 0 0 1 1.59607 2.41527 -1.88814</i>
                        <i>1 0 0 0 1 0 0 0 1 1.59607 2.41612 -1.88814</i>
                        <i>1 0 0 0 1 0 0 0 1 1.59607 2.41826 -1.88814</i>
                        <i>1 0 0 0 1 0 0 0 1 1.59607 2.42103 -1.88814</i>
                        <i>1 0 0 0 1 0 0 0 1 1.59607 2.4238 -1.88814</i>
                        <i>1 0 0 0 1 0 0 0 1 1.59607 2.42593 -1.88814</i>
                        <i>1 0 0 0 1 0 0 0 1 1.59607 2.42678 -1.88814</i>
                        <i>1 0 0 0 1 0 0 0 1 1.59607 2.42678 -1.88814</i>
                        <i>1 0 0 0 1 0 0 0 1 1.59607 2.42678 -1.88814</i>
                        <i>1 0 0 0 1 0 0 0 1 1.59607 2.42678 -1.88814</i>
                        <i>1 0 0 0 1 0 0 0 1 1.59607 2.42678 -1.88814</i>
                        <i>1 0 0 0 1 0 0 0 1 1.59607 2.42678 -1.88814</i>
                        <i>1 0 0 0 1 0 0 0 1 1.59607 2.42961 -1.88814</i>
                        <i>1 0 0 0 1 0 0 0 1 1.59607 2.43686 -1.88814</i>
                        <i>1 0 0 0 1 0 0 0 1 1.59607 2.44662 -1.88814</i>
                        <i>1 0 0 0 1 0 0 0 1 1.59607 2.45701 -1.88814</i>
                        <i>1 0 0 0 1 0 0 0 1 1.59607 2.46615 -1.88814</i>
                        <i>1 0 0 0 1 0 0 0 1 1.59607 2.46615 -1.88814</i>
                        <i>1 0 0 0 1 0 0 0 1 1.59607 2.46615 -1.88814</i>
                        <i>1 0 0 0 1 0 0 0 1 1.59607 2.46615 -1.88814</i>
                        <i>1 0 0 0 1 0 0 0 1 1.59607 2.46615 -1.88814</i>
                        <i>1 0 0 0 1 0 0 0 1 1.59607 2.46615 -1.88814</i>
                        <i>1 0 0 0 1 0 0 0 1 1.59607 2.46615 -1.88814</i>
                        <i>1 0 0 0 1 0 0 0 1 1.59607 2.46615 -1.88814</i>
                        <i>1 0 0 0 1 0 0 0 1 1.59607 2.46615 -1.88814</i>
                        <i>1 0 0 0 1 0 0 0 1 1.59607 2.46615 -1.88814</i>
                        <i>1 0 0 0 1 0 0 0 1 1.59607 2.46615 -1.88814</i>
                    </KeyFrames>
                </p>
            </i>
            <i>
                <p>
                    <Name><![CDATA[spine0]]></Name>
                    <Exclude>0</Exclude>
                    <Additive>0</Additive>
                    <IKPriority>0</IKPriority>
                    <IKRotLimits>-1e+010 -1e+010 -1e+010 1e+010 1e+010 1e+010</IKRotLimits>
                    <IKRotLimitOrder>0</IKRotLimitOrder>
                    <KeyFrames count="40">
                        <i>0.00295055 0.999978 -0.00586841 0.89343 -2.22045e-016 0.449203 0.449193 -0.00656841 -0.893411 1.5801 2.60555 -1.85638</i>
                        <i>0.0261025 0.99938 -0.0236147 0.892778 -0.0126775 0.450318 0.449739 -0.0328371 -0.892556 1.58083 2.58989 -1.85782</i>
                        <i>0.0509259 0.997772 -0.0431087 0.89178 -0.0259995 0.451722 0.449594 -0.0614478 -0.891117 1.58166 2.57426 -1.85948</i>
                        <i>0.0657431 0.996108 -0.0587041 0.891105 -0.0321363 0.452657 0.449009 -0.0820706 -0.88975 1.5825 2.56743 -1.86115</i>
                        <i>0.0665265 0.995919 -0.0609883 0.890967 -0.0317776 0.452955 0.449169 -0.0844721 -0.889445 1.58323 2.5782 -1.8626</i>
                        <i>0.06196 0.996642 -0.0535334 0.890916 -0.0310491 0.453105 0.449922 -0.0757682 -0.889848 1.58375 2.59768 -1.86363</i>
                        <i>0.0589919 0.997073 -0.0486369 0.890914 -0.030607 0.45314 0.450325 -0.0700629 -0.890112 1.58394 2.60812 -1.86402</i>
                        <i>0.0562284 0.997528 -0.0421432 0.891094 -0.0311012 0.452752 0.450323 -0.0630111 -0.89064 1.58294 2.59893 -1.86203</i>
                        <i>0.051268 0.998214 -0.0306563 0.891452 -0.0319036 0.451991 0.450206 -0.0505013 -0.891496 1.58109 2.58037 -1.85835</i>
                        <i>0.0486738 0.998508 -0.0247545 0.891656 -0.0322703 0.451561 0.450088 -0.0440517 -0.891897 1.5801 2.56618 -1.85638</i>
                        <i>0.049617 0.998443 -0.0254813 0.891605 -0.0327817 0.451626 0.450088 -0.0451276 -0.891843 1.58017 2.56028 -1.85651</i>
                        <i>0.0519373 0.99827 -0.0275699 0.891481 -0.033904 0.451789 0.450072 -0.0480428 -0.891699 1.58035 2.55689 -1.85687</i>
                        <i>0.0548714 0.998016 -0.0308816 0.891331 -0.0350195 0.451999 0.450021 -0.0523276 -0.891483 1.58062 2.55538 -1.8574</i>
                        <i>0.0576575 0.997713 -0.0352767 0.891209 -0.035514 0.452201 0.449914 -0.0575117 -0.891218 1.58094 2.55514 -1.85805</i>
                        <i>0.0599643 0.997382 -0.0404081 0.891139 -0.0352498 0.45236 0.449751 -0.0631347 -0.89092 1.5813 2.55618 -1.85876</i>
                        <i>0.0619404 0.997033 -0.0456975 0.8911 -0.0346204 0.452485 0.44956 -0.0687481 -0.890601 1.58165 2.55849 -1.85946</i>
                        <i>0.0635457 0.996692 -0.0506582 0.891086 -0.0338101 0.452572 0.449363 -0.0738999 -0.890288 1.58198 2.56143 -1.86011</i>
                        <i>0.0647406 0.996396 -0.0548038 0.89109 -0.033003 0.452625 0.449186 -0.0781383 -0.890015 1.58225 2.56433 -1.86065</i>
                        <i>0.065486 0.996187 -0.0576479 0.8911 -0.0323837 0.452651 0.449058 -0.0810123 -0.889822 1.58243 2.56655 -1.86101</i>
                        <i>0.0657431 0.996108 -0.0587041 0.891105 -0.0321363 0.452657 0.449009 -0.0820706 -0.88975 1.5825 2.56743 -1.86115</i>
                        <i>0.0650742 0.996202 -0.0578522 0.891124 -0.0319244 0.452636 0.44907 -0.0810083 -0.889817 1.5825 2.56743 -1.86115</i>
                        <i>0.0633648 0.996439 -0.0556222 0.891168 -0.0314068 0.452584 0.449226 -0.0782467 -0.889985 1.5825 2.56743 -1.86115</i>
                        <i>0.0610631 0.996752 -0.0525067 0.891224 -0.0307605 0.452519 0.449434 -0.0744274 -0.890208 1.5825 2.56743 -1.86115</i>
                        <i>0.0586189 0.997078 -0.048989 0.891275 -0.0301681 0.452459 0.449659 -0.0701853 -0.890438 1.5825 2.56743 -1.86115</i>
                        <i>0.0564823 0.997365 -0.0455322 0.891304 -0.0298216 0.452424 0.449874 -0.066137 -0.89064 1.5825 2.56743 -1.86115</i>
                        <i>0.0508397 0.997926 -0.0394974 0.891546 -0.0275266 0.452092 0.450067 -0.058198 -0.891096 1.58225 2.57015 -1.86065</i>
                        <i>0.0396173 0.998771 -0.0297678 0.89208 -0.0219332 0.451345 0.450138 -0.0444363 -0.891853 1.58165 2.57709 -1.85946</i>
                        <i>0.0258678 0.999483 -0.019085 0.892661 -0.014501 0.450496 0.449987 -0.0286898 -0.892574 1.58094 2.58649 -1.85805</i>
                        <i>0.0126391 0.999868 -0.0102009 0.893127 -0.00670126 0.449755 0.449628 -0.0147952 -0.893094 1.58035 2.59655 -1.85687</i>
                        <i>0.00295055 0.999978 -0.00586841 0.89343 -2.22045e-016 0.449203 0.449193 -0.00656841 -0.893411 1.5801 2.60555 -1.85638</i>
                        <i>0.00295055 0.999978 -0.00586841 0.89343 -2.22045e-016 0.449203 0.449193 -0.00656841 -0.893411 1.5801 2.60555 -1.85638</i>
                        <i>0.00295055 0.999978 -0.00586841 0.89343 -2.22045e-016 0.449203 0.449193 -0.00656841 -0.893411 1.5801 2.60555 -1.85638</i>
                        <i>0.00295055 0.999978 -0.00586841 0.89343 -2.22045e-016 0.449203 0.449193 -0.00656841 -0.893411 1.5801 2.60555 -1.85638</i>
                        <i>0.00295055 0.999978 -0.00586841 0.89343 -2.22045e-016 0.449203 0.449193 -0.00656841 -0.893411 1.5801 2.60555 -1.85638</i>
                        <i>0.00295055 0.999978 -0.00586841 0.89343 -2.22045e-016 0.449203 0.449193 -0.00656841 -0.893411 1.5801 2.60555 -1.85638</i>
                        <i>0.00295055 0.999978 -0.00586841 0.89343 -2.22045e-016 0.449203 0.449193 -0.00656841 -0.893411 1.5801 2.60555 -1.85638</i>
                        <i>0.00295055 0.999978 -0.00586841 0.89343 -2.22045e-016 0.449203 0.449193 -0.00656841 -0.893411 1.5801 2.60555 -1.85638</i>
                        <i>0.00295055 0.999978 -0.00586841 0.89343 -2.22045e-016 0.449203 0.449193 -0.00656841 -0.893411 1.5801 2.60555 -1.85638</i>
                        <i>0.00295055 0.999978 -0.00586841 0.89343 -2.22045e-016 0.449203 0.449193 -0.00656841 -0.893411 1.5801 2.60555 -1.85638</i>
                        <i>0.00295055 0.999978 -0.00586841 0.89343 -2.22045e-016 0.449203 0.449193 -0.00656841 -0.893411 1.5801 2.60555 -1.85638</i>
                    </KeyFrames>
                </p>
            </i>
            <i>
                <p>
                    <Name><![CDATA[spine1]]></Name>
                    <Exclude>0</Exclude>
                    <Additive>0</Additive>
                    <IKPriority>0</IKPriority>
                    <IKRotLimits>-1e+010 -1e+010 -1e+010 1e+010 1e+010 1e+010</IKRotLimits>
                    <IKRotLimitOrder>0</IKRotLimitOrder>
                    <KeyFrames count="40">
                        <i>0.0579818 0.991635 -0.115321 0.89343 -2.22045e-016 0.449203 0.445445 -0.129077 -0.885956 1.58061 2.7792 -1.85739</i>
                        <i>0.0717561 0.988891 -0.130177 0.891882 -0.00518471 0.452237 0.446539 -0.148553 -0.882346 1.58534 2.76283 -1.8619</i>
                        <i>0.0863131 0.985499 -0.146091 0.891789 -0.0110539 0.452316 0.444142 -0.169323 -0.879811 1.59045 2.74646 -1.86691</i>
                        <i>0.0961661 0.982478 -0.159656 0.892125 -0.0139401 0.451574 0.441435 -0.185859 -0.877833 1.59383 2.73917 -1.87126</i>
                        <i>0.0992113 0.981156 -0.165801 0.891275 -0.0135284 0.453261 0.442476 -0.192743 -0.875822 1.59471 2.75019 -1.87313</i>
                        <i>0.0988073 0.9813 -0.165189 0.889731 -0.0127739 0.456307 0.445664 -0.19206 -0.874355 1.59448 2.77042 -1.8729</i>
                        <i>0.0979506 0.981651 -0.163605 0.888895 -0.0123727 0.457945 0.447518 -0.190284 -0.873796 1.59419 2.78131 -1.87246</i>
                        <i>0.0931807 0.983667 -0.153999 0.889796 -0.0128711 0.456177 0.446745 -0.179535 -0.876462 1.59268 2.77183 -1.86933</i>
                        <i>0.0841965 0.987133 -0.13594 0.891466 -0.0136698 0.452881 0.445195 -0.159317 -0.881146 1.58994 2.75277 -1.86364</i>
                        <i>0.0792962 0.988843 -0.126103 0.892364 -0.014033 0.451097 0.444295 -0.1483 -0.883521 1.58849 2.73833 -1.86064</i>
                        <i>0.0799719 0.988682 -0.126935 0.892339 -0.0142579 0.451141 0.444225 -0.149347 -0.88338 1.58872 2.73242 -1.8609</i>
                        <i>0.0817018 0.988241 -0.129248 0.892278 -0.0147515 0.451245 0.444033 -0.152193 -0.882991 1.5893 2.72901 -1.86162</i>
                        <i>0.0840396 0.987578 -0.13277 0.892206 -0.0152415 0.451371 0.44374 -0.156391 -0.882404 1.59007 2.72747 -1.86272</i>
                        <i>0.086539 0.986752 -0.137228 0.89215 -0.0154556 0.451474 0.443372 -0.161498 -0.881669 1.59088 2.72718 -1.86413</i>
                        <i>0.0889414 0.985827 -0.142249 0.892121 -0.0153331 0.451536 0.442955 -0.167064 -0.880841 1.59163 2.72816 -1.86572</i>
                        <i>0.0911977 0.984872 -0.147345 0.892108 -0.015049 0.451572 0.442523 -0.17263 -0.879984 1.59233 2.73041 -1.86734</i>
                        <i>0.0931778 0.983967 -0.152073 0.892107 -0.0146859 0.451586 0.442113 -0.177743 -0.879172 1.59293 2.73328 -1.86884</i>
                        <i>0.0947519 0.983203 -0.155993 0.892113 -0.0143257 0.451585 0.441765 -0.181952 -0.878486 1.59341 2.73612 -1.87009</i>
                        <i>0.0957911 0.982674 -0.158667 0.892121 -0.01405 0.451578 0.441525 -0.184807 -0.87801 1.59372 2.7383 -1.87095</i>
                        <i>0.0961661 0.982478 -0.159656 0.892125 -0.0139401 0.451574 0.441435 -0.185859 -0.877833 1.59383 2.73917 -1.87126</i>
                        <i>0.095855 0.982576 -0.159239 0.891958 -0.0137771 0.451908 0.44184 -0.185353 -0.877737 1.59371 2.73921 -1.87112</i>
                        <i>0.0950565 0.982831 -0.15814 0.891543 -0.0133807 0.452738 0.442848 -0.184025 -0.877508 1.59343 2.73934 -1.87074</i>
                        <i>0.0939731 0.983184 -0.156582 0.891009 -0.01289 0.453803 0.444154 -0.182162 -0.877237 1.59303 2.73951 -1.8702</i>
                        <i>0.0928103 0.983578 -0.154792 0.890478 -0.0124417 0.454857 0.445462 -0.180054 -0.877009 1.59262 2.7397 -1.8696</i>
                        <i>0.0917801 0.983955 -0.152998 0.890065 -0.0121691 0.455671 0.446498 -0.177999 -0.876901 1.59226 2.7399 -1.86901</i>
                        <i>0.088233 0.98502 -0.148161 0.889986 -0.0111538 0.455852 0.447371 -0.172082 -0.877637 1.59104 2.74283 -1.86747</i>
                        <i>0.0808541 0.986982 -0.139029 0.890366 -0.00882436 0.45516 0.448008 -0.160588 -0.879489 1.58851 2.75005 -1.86461</i>
                        <i>0.0718634 0.989099 -0.128524 0.891146 -0.00579534 0.453679 0.447989 -0.147137 -0.881849 1.58542 2.7597 -1.86135</i>
                        <i>0.0634908 0.990788 -0.119614 0.89222 -0.00265513 0.451594 0.447116 -0.135394 -0.884169 1.58254 2.77 -1.85863</i>
                        <i>0.0579818 0.991635 -0.115321 0.89343 -2.22045e-016 0.449203 0.445445 -0.129077 -0.885956 1.58061 2.7792 -1.85739</i>
                        <i>0.0579818 0.991635 -0.115321 0.89343 -2.22045e-016 0.449203 0.445445 -0.129077 -0.885956 1.58061 2.7792 -1.85739</i>
                        <i>0.0579818 0.991635 -0.115321 0.89343 -2.22045e-016 0.449203 0.445445 -0.129077 -0.885956 1.58061 2.7792 -1.85739</i>
                        <i>0.0579818 0.991635 -0.115321 0.89343 -2.22045e-016 0.449203 0.445445 -0.129077 -0.885956 1.58061 2.7792 -1.85739</i>
                        <i>0.0579818 0.991635 -0.115321 0.89343 -2.22045e-016 0.449203 0.445445 -0.129077 -0.885956 1.58061 2.7792 -1.85739</i>
                        <i>0.0579818 0.991635 -0.115321 0.89343 -2.22045e-016 0.449203 0.445445 -0.129077 -0.885956 1.58061 2.7792 -1.85739</i>
                        <i>0.0579818 0.991635 -0.115321 0.89343 -2.22045e-016 0.449203 0.445445 -0.129077 -0.885956 1.58061 2.7792 -1.85739</i>
                        <i>0.0579818 0.991635 -0.115321 0.89343 -2.22045e-016 0.449203 0.445445 -0.129077 -0.885956 1.58061 2.7792 -1.85739</i>
                        <i>0.0579818 0.991635 -0.115321 0.89343 -2.22045e-016 0.449203 0.445445 -0.129077 -0.885956 1.58061 2.7792 -1.85739</i>
                        <i>0.0579818 0.991635 -0.115321 0.89343 -2.22045e-016 0.449203 0.445445 -0.129077 -0.885956 1.58061 2.7792 -1.85739</i>
                        <i>0.0579818 0.991635 -0.115321 0.89343 -2.22045e-016 0.449203 0.445445 -0.129077 -0.885956 1.58061 2.7792 -1.85739</i>
                    </KeyFrames>
                </p>
            </i>
            <i>
                <p>
                    <Name><![CDATA[spine2]]></Name>
                    <Exclude>0</Exclude>
                    <Additive>0</Additive>
                    <IKPriority>0</IKPriority>
                    <IKRotLimits>-1e+010 -1e+010 -1e+010 1e+010 1e+010 1e+010</IKRotLimits>
                    <IKRotLimitOrder>0</IKRotLimitOrder>
                    <KeyFrames count="40">
                        <i>0.200211 0.895181 -0.398204 0.89343 -2.22045e-016 0.449203 0.402118 -0.445703 -0.799781 1.58989 2.93775 -1.87586</i>
                        <i>0.171156 0.903358 -0.393257 0.894511 0.0248311 0.446355 0.412984 -0.428169 -0.803813 1.59679 2.92041 -1.88267</i>
                        <i>0.141571 0.909894 -0.389937 0.89702 0.0486946 0.439299 0.418703 -0.411974 -0.809299 1.60417 2.90307 -1.89015</i>
                        <i>0.130635 0.909799 -0.393954 0.898695 0.0591338 0.43457 0.418667 -0.410815 -0.809907 1.6091 2.89514 -1.89662</i>
                        <i>0.143166 0.897141 -0.417902 0.898461 0.0592694 0.435034 0.415055 -0.437751 -0.797561 1.6105 2.90622 -1.89951</i>
                        <i>0.161182 0.877552 -0.451578 0.897648 0.0598144 0.436635 0.410181 -0.475736 -0.778092 1.61027 2.92703 -1.89929</i>
                        <i>0.170288 0.866972 -0.46836 0.897172 0.0601638 0.437565 0.407535 -0.494712 -0.767578 1.60987 2.93831 -1.89866</i>
                        <i>0.156238 0.883438 -0.441733 0.897301 0.0599799 0.437325 0.412845 -0.464694 -0.783338 1.60757 2.92882 -1.89393</i>
                        <i>0.129571 0.911292 -0.390842 0.897545 0.0597463 0.436857 0.421456 -0.407402 -0.810184 1.60334 2.90975 -1.88527</i>
                        <i>0.114935 0.92478 -0.362729 0.897678 0.059679 0.436592 0.425399 -0.375793 -0.823295 1.60108 2.89531 -1.88068</i>
                        <i>0.114509 0.924319 -0.364035 0.897748 0.0606227 0.436318 0.425366 -0.376774 -0.822864 1.60142 2.88938 -1.88107</i>
                        <i>0.113799 0.923091 -0.367359 0.897917 0.062689 0.435677 0.425199 -0.379438 -0.821725 1.60228 2.88591 -1.88216</i>
                        <i>0.113656 0.921326 -0.371809 0.898128 0.0647312 0.434944 0.424792 -0.383365 -0.820111 1.60343 2.88428 -1.88382</i>
                        <i>0.114929 0.919263 -0.376493 0.89832 0.0656079 0.434414 0.424042 -0.388138 -0.818253 1.60463 2.88386 -1.88593</i>
                        <i>0.117666 0.917091 -0.380917 0.898466 0.0650681 0.434195 0.422983 -0.393331 -0.816319 1.60576 2.88469 -1.88832</i>
                        <i>0.121016 0.914936 -0.38503 0.898574 0.0638504 0.434152 0.421805 -0.398517 -0.814411 1.60682 2.88678 -1.89075</i>
                        <i>0.124483 0.912955 -0.388608 0.898645 0.0623027 0.434231 0.420645 -0.403275 -0.812667 1.60773 2.8895 -1.893</i>
                        <i>0.127571 0.911321 -0.391433 0.898681 0.0607713 0.434372 0.41964 -0.407187 -0.811234 1.60846 2.89222 -1.89487</i>
                        <i>0.129786 0.910209 -0.393288 0.898693 0.0596005 0.434509 0.418934 -0.409838 -0.810263 1.60893 2.8943 -1.89615</i>
                        <i>0.130635 0.909799 -0.393954 0.898695 0.0591338 0.43457 0.418667 -0.410815 -0.809907 1.6091 2.89514 -1.89662</i>
                        <i>0.131856 0.908955 -0.395493 0.898445 0.0589865 0.435106 0.418821 -0.4127 -0.808868 1.60894 2.89523 -1.89641</i>
                        <i>0.134975 0.906728 -0.399531 0.897836 0.058642 0.436407 0.419132 -0.417618 -0.806178 1.60853 2.89546 -1.89587</i>
                        <i>0.139173 0.903574 -0.405197 0.897081 0.0582475 0.43801 0.419376 -0.424454 -0.802473 1.60798 2.8958 -1.89511</i>
                        <i>0.143624 0.899961 -0.411633 0.896389 0.0579518 0.439463 0.419354 -0.432101 -0.798393 1.6074 2.89618 -1.89425</i>
                        <i>0.147497 0.896391 -0.418004 0.895967 0.0579059 0.440329 0.418912 -0.439465 -0.794596 1.60689 2.89656 -1.89339</i>
                        <i>0.153028 0.89479 -0.419444 0.8955 0.0539403 0.44178 0.417925 -0.443217 -0.793031 1.60511 2.89978 -1.8911</i>
                        <i>0.162218 0.895587 -0.414258 0.894763 0.0434995 0.444418 0.416035 -0.442755 -0.794281 1.60142 2.90742 -1.8868</i>
                        <i>0.173894 0.897008 -0.406371 0.894041 0.0292003 0.447032 0.412858 -0.441049 -0.796884 1.5969 2.91754 -1.88188</i>
                        <i>0.186921 0.897379 -0.399714 0.893548 0.0137643 0.448757 0.408207 -0.441045 -0.799278 1.59269 2.92825 -1.87776</i>
                        <i>0.200211 0.895181 -0.398204 0.89343 -2.22045e-016 0.449203 0.402118 -0.445703 -0.799781 1.58989 2.93775 -1.87586</i>
                        <i>0.200211 0.895181 -0.398204 0.89343 -2.22045e-016 0.449203 0.402118 -0.445703 -0.799781 1.58989 2.93775 -1.87586</i>
                        <i>0.200211 0.895181 -0.398204 0.89343 -2.22045e-016 0.449203 0.402118 -0.445703 -0.799781 1.58989 2.93775 -1.87586</i>
                        <i>0.200211 0.895181 -0.398204 0.89343 -2.22045e-016 0.449203 0.402118 -0.445703 -0.799781 1.58989 2.93775 -1.87586</i>
                        <i>0.200211 0.895181 -0.398204 0.89343 -2.22045e-016 0.449203 0.402118 -0.445703 -0.799781 1.58989 2.93775 -1.87586</i>
                        <i>0.200211 0.895181 -0.398204 0.89343 -2.22045e-016 0.449203 0.402118 -0.445703 -0.799781 1.58989 2.93775 -1.87586</i>
                        <i>0.200211 0.895181 -0.398204 0.89343 -2.22045e-016 0.449203 0.402118 -0.445703 -0.799781 1.58989 2.93775 -1.87586</i>
                        <i>0.200211 0.895181 -0.398204 0.89343 -2.22045e-016 0.449203 0.402118 -0.445703 -0.799781 1.58989 2.93775 -1.87586</i>
                        <i>0.200211 0.895181 -0.398204 0.89343 -2.22045e-016 0.449203 0.402118 -0.445703 -0.799781 1.58989 2.93775 -1.87586</i>
                        <i>0.200211 0.895181 -0.398204 0.89343 -2.22045e-016 0.449203 0.402118 -0.445703 -0.799781 1.58989 2.93775 -1.87586</i>
                        <i>0.200211 0.895181 -0.398204 0.89343 -2.22045e-016 0.449203 0.402118 -0.445703 -0.799781 1.58989 2.93775 -1.87586</i>
                    </KeyFrames>
                </p>
            </i>
            <i>
                <p>
                    <Name><![CDATA[head]]></Name>
                    <Exclude>0</Exclude>
                    <Additive>0</Additive>
                    <IKPriority>0</IKPriority>
                    <IKRotLimits>-1e+010 -1e+010 -1e+010 1e+010 1e+010 1e+010</IKRotLimits>
                    <IKRotLimitOrder>0</IKRotLimitOrder>
                    <KeyFrames count="40">
                        <i>0.15841 0.94546 -0.284626 -0.986859 0.142306 -0.0765341 -0.031856 0.293009 0.955579 1.64282 3.16821 -1.98113</i>
                        <i>0.245108 0.920503 -0.304295 -0.886695 0.339766 0.313577 0.392038 0.192957 0.899485 1.63923 3.15392 -1.98541</i>
                        <i>0.25982 0.864646 -0.429978 -0.608231 0.492376 0.622592 0.750033 0.0997641 0.653833 1.63594 3.13895 -1.99072</i>
                        <i>0.249914 0.799756 -0.545833 -0.426859 0.596986 0.679264 0.8691 0.0632369 0.490578 1.63665 3.13126 -1.99759</i>
                        <i>0.298635 0.720649 -0.625685 -0.394975 0.690147 0.606376 0.868799 0.0660452 0.49074 1.64195 3.13864 -2.00799</i>
                        <i>0.340536 0.635649 -0.69281 -0.361563 0.768721 0.527579 0.867933 0.0708346 0.491605 1.64762 3.1533 -2.01891</i>
                        <i>0.357826 0.595045 -0.71964 -0.345608 0.800333 0.48992 0.867477 0.0734072 0.492032 1.65024 3.16115 -2.02388</i>
                        <i>0.32918 0.661101 -0.674229 -0.372883 0.747003 0.550405 0.867525 0.0702262 0.492412 1.64366 3.15662 -2.01102</i>
                        <i>0.270349 0.770769 -0.576912 -0.416947 0.63385 0.651452 0.867794 0.0644222 0.492731 1.63129 3.14575 -1.98678</i>
                        <i>0.236035 0.822025 -0.51823 -0.436813 0.566135 0.699061 0.868033 0.0613668 0.492699 1.62456 3.13517 -1.97354</i>
                        <i>0.235068 0.821382 -0.519687 -0.437105 0.566887 0.698268 0.868149 0.0630173 0.492287 1.62471 3.12911 -1.97431</i>
                        <i>0.233141 0.81964 -0.523292 -0.437606 0.568986 0.696245 0.868416 0.066672 0.491333 1.62522 3.12531 -1.97633</i>
                        <i>0.231716 0.817091 -0.527893 -0.437751 0.572196 0.693517 0.868724 0.0703866 0.490269 1.62616 3.12321 -1.97923</i>
                        <i>0.232253 0.814047 -0.53234 -0.436977 0.576291 0.690608 0.86897 0.072225 0.489565 1.62762 3.12226 -1.98259</i>
                        <i>0.234956 0.810788 -0.536114 -0.435245 0.580927 0.687812 0.869113 0.0717355 0.489384 1.6295 3.12256 -1.98611</i>
                        <i>0.238619 0.807537 -0.539394 -0.433099 0.585635 0.685169 0.869187 0.0701169 0.489487 1.63151 3.12413 -1.98956</i>
                        <i>0.242592 0.804542 -0.542089 -0.430862 0.589999 0.682832 0.869199 0.0679157 0.489776 1.63344 3.12637 -1.99269</i>
                        <i>0.24623 0.802066 -0.544115 -0.428857 0.593614 0.680959 0.869168 0.0656755 0.490137 1.63508 3.1287 -1.99524</i>
                        <i>0.248885 0.800379 -0.54539 -0.427413 0.596076 0.679714 0.869123 0.0639363 0.490447 1.63622 3.13052 -1.99696</i>
                        <i>0.249914 0.799756 -0.545833 -0.426859 0.596986 0.679264 0.8691 0.0632369 0.490578 1.63665 3.13126 -1.99759</i>
                        <i>0.249295 0.786718 -0.564736 -0.470196 0.608129 0.639605 0.846621 0.106086 0.521515 1.6369 3.13109 -1.99792</i>
                        <i>0.253763 0.759265 -0.599268 -0.574802 0.61666 0.537897 0.777951 0.207962 0.592912 1.63755 3.13063 -1.9988</i>
                        <i>0.266611 0.738454 -0.619358 -0.698065 0.59104 0.404199 0.664548 0.324588 0.673067 1.63843 3.12996 -2.00002</i>
                        <i>0.278065 0.740785 -0.611488 -0.802587 0.52894 0.275818 0.527763 0.414077 0.741624 1.63937 3.12919 -2.00141</i>
                        <i>0.275819 0.767059 -0.579262 -0.870412 0.454994 0.188052 0.407807 0.452328 0.793153 1.64018 3.12842 -2.00277</i>
                        <i>0.261805 0.81072 -0.523633 -0.911525 0.385995 0.141877 0.317142 0.440161 0.840047 1.64045 3.13102 -2.00128</i>
                        <i>0.241694 0.85954 -0.450305 -0.941951 0.319281 0.103867 0.233052 0.399061 0.886813 1.64027 3.1387 -1.99588</i>
                        <i>0.216626 0.901234 -0.3753 -0.964891 0.256136 0.0581347 0.148521 0.34953 0.925078 1.6402 3.14899 -1.98904</i>
                        <i>0.188109 0.930187 -0.315226 -0.980307 0.197465 -0.00230031 0.0601064 0.309451 0.949014 1.64085 3.15957 -1.98329</i>
                        <i>0.15841 0.94546 -0.284626 -0.986859 0.142306 -0.0765341 -0.031856 0.293009 0.955579 1.64282 3.16821 -1.98113</i>
                        <i>0.15841 0.94546 -0.284626 -0.986859 0.142306 -0.0765341 -0.031856 0.293009 0.955579 1.64282 3.16821 -1.98113</i>
                        <i>0.15841 0.94546 -0.284626 -0.986859 0.142306 -0.0765341 -0.031856 0.293009 0.955579 1.64282 3.16821 -1.98113</i>
                        <i>0.15841 0.94546 -0.284626 -0.986859 0.142306 -0.0765341 -0.031856 0.293009 0.955579 1.64282 3.16821 -1.98113</i>
                        <i>0.15841 0.94546 -0.284626 -0.986859 0.142306 -0.0765341 -0.031856 0.293009 0.955579 1.64282 3.16821 -1.98113</i>
                        <i>0.15841 0.94546 -0.284626 -0.986859 0.142306 -0.0765341 -0.031856 0.293009 0.955579 1.64282 3.16821 -1.98113</i>
                        <i>0.15841 0.94546 -0.284626 -0.986859 0.142306 -0.0765341 -0.031856 0.293009 0.955579 1.64282 3.16821 -1.98113</i>
                        <i>0.15841 0.94546 -0.284626 -0.986859 0.142306 -0.0765341 -0.031856 0.293009 0.955579 1.64282 3.16821 -1.98113</i>
                        <i>0.15841 0.94546 -0.284626 -0.986859 0.142306 -0.0765341 -0.031856 0.293009 0.955579 1.64282 3.16821 -1.98113</i>
                        <i>0.15841 0.94546 -0.284626 -0.986859 0.142306 -0.0765341 -0.031856 0.293009 0.955579 1.64282 3.16821 -1.98113</i>
                        <i>0.15841 0.94546 -0.284626 -0.986859 0.142306 -0.0765341 -0.031856 0.293009 0.955579 1.64282 3.16821 -1.98113</i>
                    </KeyFrames>
                </p>
            </i>
            <i>
                <p>
                    <Name><![CDATA[head_prop]]></Name>
                    <Exclude>0</Exclude>
                    <Additive>0</Additive>
                    <IKPriority>0</IKPriority>
                    <IKRotLimits>-1e+010 -1e+010 -1e+010 1e+010 1e+010 1e+010</IKRotLimits>
                    <IKRotLimitOrder>0</IKRotLimitOrder>
                    <KeyFrames count="40">
                        <i>0.031856 -0.293009 -0.955579 0.15841 0.94546 -0.284626 0.986859 -0.142306 0.0765341 1.69445 3.47634 -2.07389</i>
                        <i>-0.392038 -0.192957 -0.899485 0.245108 0.920503 -0.304295 0.886695 -0.339766 -0.313577 1.71911 3.45392 -2.08458</i>
                        <i>-0.750033 -0.0997641 -0.653833 0.25982 0.864646 -0.429978 0.608231 -0.492376 -0.622592 1.72062 3.42075 -2.13086</i>
                        <i>-0.8691 -0.0632369 -0.490578 0.249914 0.799756 -0.545833 0.426859 -0.596986 -0.679264 1.71809 3.39191 -2.17548</i>
                        <i>-0.868799 -0.0660452 -0.49074 0.298635 0.720649 -0.625685 0.394975 -0.690147 -0.606376 1.73928 3.3735 -2.21191</i>
                        <i>-0.867933 -0.0708346 -0.491605 0.340536 0.635649 -0.69281 0.361563 -0.768721 -0.527579 1.75861 3.36047 -2.2447</i>
                        <i>-0.867477 -0.0734072 -0.492032 0.357826 0.595045 -0.71964 0.345608 -0.800333 -0.48992 1.76686 3.35508 -2.25842</i>
                        <i>-0.867525 -0.0702262 -0.492412 0.32918 0.661101 -0.674229 0.372883 -0.747003 -0.550405 1.75094 3.37208 -2.23076</i>
                        <i>-0.867794 -0.0644222 -0.492731 0.270349 0.770769 -0.576912 0.416947 -0.63385 -0.651452 1.7194 3.39695 -2.1748</i>
                        <i>-0.868033 -0.0613668 -0.492699 0.236035 0.822025 -0.51823 0.436813 -0.566135 -0.699061 1.70148 3.40307 -2.14244</i>
                        <i>-0.868149 -0.0630173 -0.492287 0.235068 0.821382 -0.519687 0.437105 -0.566887 -0.698268 1.70132 3.39681 -2.14368</i>
                        <i>-0.868416 -0.066672 -0.491333 0.233141 0.81964 -0.523292 0.437606 -0.568986 -0.696245 1.7012 3.39244 -2.14688</i>
                        <i>-0.868724 -0.0703866 -0.490269 0.231716 0.817091 -0.527893 0.437751 -0.572196 -0.693517 1.70168 3.3895 -2.15127</i>
                        <i>-0.86897 -0.072225 -0.489565 0.232253 0.814047 -0.53234 0.436977 -0.576291 -0.690608 1.70331 3.38757 -2.15608</i>
                        <i>-0.869113 -0.0717355 -0.489384 0.234956 0.810788 -0.536114 0.435245 -0.580927 -0.687812 1.70607 3.3868 -2.16083</i>
                        <i>-0.869187 -0.0701169 -0.489487 0.238619 0.807537 -0.539394 0.433099 -0.585635 -0.685169 1.70928 3.38731 -2.16535</i>
                        <i>-0.869199 -0.0679157 -0.489776 0.242592 0.804542 -0.542089 0.430862 -0.589999 -0.682832 1.7125 3.38858 -2.16936</i>
                        <i>-0.869168 -0.0656755 -0.490137 0.24623 0.802066 -0.544115 0.428857 -0.593614 -0.680959 1.71533 3.3901 -2.17257</i>
                        <i>-0.869123 -0.0639363 -0.490447 0.248885 0.800379 -0.54539 0.427413 -0.596076 -0.679714 1.71733 3.39137 -2.17471</i>
                        <i>-0.8691 -0.0632369 -0.490578 0.249914 0.799756 -0.545833 0.426859 -0.596986 -0.679264 1.71809 3.39191 -2.17548</i>
                        <i>-0.846621 -0.106086 -0.521515 0.249295 0.786718 -0.564736 0.470196 -0.608129 -0.639605 1.71815 3.38749 -2.18198</i>
                        <i>-0.777951 -0.207962 -0.592912 0.253763 0.759265 -0.599268 0.574802 -0.61666 -0.537897 1.72026 3.37808 -2.19411</i>
                        <i>-0.664548 -0.324588 -0.673067 0.266611 0.738454 -0.619358 0.698065 -0.59104 -0.404199 1.72532 3.37063 -2.20188</i>
                        <i>-0.527763 -0.414077 -0.741624 0.278065 0.740785 -0.611488 0.802587 -0.52894 -0.275818 1.72999 3.37062 -2.2007</i>
                        <i>-0.407807 -0.452328 -0.793153 0.275819 0.767059 -0.579262 0.870412 -0.454994 -0.188052 1.73007 3.37841 -2.19156</i>
                        <i>-0.317142 -0.440161 -0.840047 0.261805 0.81072 -0.523633 0.911525 -0.385995 -0.141877 1.72578 3.39525 -2.17194</i>
                        <i>-0.233052 -0.399061 -0.886813 0.241694 0.85954 -0.450305 0.941951 -0.319281 -0.103867 1.71904 3.41883 -2.14263</i>
                        <i>-0.148521 -0.34953 -0.925078 0.216626 0.901234 -0.3753 0.964891 -0.256136 -0.0581347 1.7108 3.44271 -2.11136</i>
                        <i>-0.0601064 -0.309451 -0.949014 0.188109 0.930187 -0.315226 0.980307 -0.197465 0.00230031 1.70216 3.46273 -2.08603</i>
                        <i>0.031856 -0.293009 -0.955579 0.15841 0.94546 -0.284626 0.986859 -0.142306 0.0765341 1.69445 3.47634 -2.07389</i>
                        <i>0.031856 -0.293009 -0.955579 0.15841 0.94546 -0.284626 0.986859 -0.142306 0.0765341 1.69445 3.47634 -2.07389</i>
                        <i>0.031856 -0.293009 -0.955579 0.15841 0.94546 -0.284626 0.986859 -0.142306 0.0765341 1.69445 3.47634 -2.07389</i>
                        <i>0.031856 -0.293009 -0.955579 0.15841 0.94546 -0.284626 0.986859 -0.142306 0.0765341 1.69445 3.47634 -2.07389</i>
                        <i>0.031856 -0.293009 -0.955579 0.15841 0.94546 -0.284626 0.986859 -0.142306 0.0765341 1.69445 3.47634 -2.07389</i>
                        <i>0.031856 -0.293009 -0.955579 0.15841 0.94546 -0.284626 0.986859 -0.142306 0.0765341 1.69445 3.47634 -2.07389</i>
                        <i>0.031856 -0.293009 -0.955579 0.15841 0.94546 -0.284626 0.986859 -0.142306 0.0765341 1.69445 3.47634 -2.07389</i>
                        <i>0.031856 -0.293009 -0.955579 0.15841 0.94546 -0.284626 0.986859 -0.142306 0.0765341 1.69445 3.47634 -2.07389</i>
                        <i>0.031856 -0.293009 -0.955579 0.15841 0.94546 -0.284626 0.986859 -0.142306 0.0765341 1.69445 3.47634 -2.07389</i>
                        <i>0.031856 -0.293009 -0.955579 0.15841 0.94546 -0.284626 0.986859 -0.142306 0.0765341 1.69445 3.47634 -2.07389</i>
                        <i>0.031856 -0.293009 -0.955579 0.15841 0.94546 -0.284626 0.986859 -0.142306 0.0765341 1.69445 3.47634 -2.07389</i>
                    </KeyFrames>
                </p>
            </i>
            <i>
                <p>
                    <Name><![CDATA[l_clav]]></Name>
                    <Exclude>0</Exclude>
                    <Additive>0</Additive>
                    <IKPriority>0</IKPriority>
                    <IKRotLimits>-1e+010 -1e+010 -1e+010 1e+010 1e+010 1e+010</IKRotLimits>
                    <IKRotLimitOrder>0</IKRotLimitOrder>
                    <KeyFrames count="40">
                        <i>-0.847297 0.520978 -0.103296 0.531084 0.828782 -0.17627 -0.0062232 -0.204212 -0.978907 1.53542 2.97903 -1.95902</i>
                        <i>-0.787546 0.563814 -0.248766 0.604089 0.78612 -0.130737 0.121848 -0.253238 -0.9597 1.54245 2.95882 -1.96583</i>
                        <i>-0.697704 0.61005 -0.375564 0.681644 0.726606 -0.0860562 0.220388 -0.316042 -0.922793 1.5498 2.93874 -1.97315</i>
                        <i>-0.646917 0.629708 -0.430077 0.719282 0.691192 -0.069911 0.253242 -0.354573 -0.900081 1.55479 2.92929 -1.97973</i>
                        <i>-0.634248 0.624573 -0.455672 0.731881 0.674984 -0.0935272 0.249157 -0.392817 -0.885221 1.5564 2.93899 -1.9828</i>
                        <i>-0.614084 0.61381 -0.496123 0.751154 0.647458 -0.128709 0.242216 -0.451703 -0.858659 1.55633 2.95798 -1.98245</i>
                        <i>-0.603593 0.606992 -0.516949 0.76094 0.632123 -0.146252 0.238002 -0.481644 -0.84343 1.55599 2.96841 -1.98168</i>
                        <i>-0.617495 0.61583 -0.489339 0.747534 0.653018 -0.121491 0.244729 -0.440818 -0.863589 1.55346 2.9604 -1.97673</i>
                        <i>-0.643585 0.628279 -0.437109 0.721697 0.688324 -0.0732401 0.254857 -0.362596 -0.896421 1.54873 2.94418 -1.96754</i>
                        <i>-0.657722 0.632818 -0.408588 0.707331 0.705376 -0.0461406 0.259009 -0.319354 -0.911552 1.54617 2.93133 -1.96259</i>
                        <i>-0.658469 0.631507 -0.409411 0.706642 0.705971 -0.0475713 0.258991 -0.320631 -0.911109 1.54652 2.92522 -1.96298</i>
                        <i>-0.659956 0.628578 -0.411519 0.705297 0.707069 -0.0510725 0.25887 -0.323949 -0.909969 1.54742 2.92132 -1.9641</i>
                        <i>-0.661057 0.625539 -0.414373 0.704386 0.707648 -0.0554519 0.258543 -0.328536 -0.908416 1.54862 2.91919 -1.96583</i>
                        <i>-0.660649 0.623909 -0.417469 0.705001 0.706707 -0.0594952 0.257909 -0.333621 -0.906741 1.5499 2.91839 -1.96807</i>
                        <i>-0.658571 0.624057 -0.420519 0.707275 0.704154 -0.0626816 0.256993 -0.338703 -0.905116 1.55113 2.91901 -1.97064</i>
                        <i>-0.655741 0.625064 -0.423437 0.71027 0.700894 -0.0652973 0.25597 -0.343573 -0.903569 1.55227 2.92098 -1.97328</i>
