<?xml version="1.0" encoding="ISO-8859-1" ?>
<Animl Version="1">
    <ModellingPackage><![CDATA[Maya.2010]]></ModellingPackage>
    <SrcFile><![CDATA[anims\turrets\artillery\blue\~src\artillery_m198\artillery_m198_reload_high_crewman_c.mb]]></SrcFile>
    <FramesPerSecond>30</FramesPerSecond>
    <TotalFrames>101</TotalFrames>
    <Skeleton>
        <RefFrame>
            <Name><![CDATA[soldier_ref_frame]]></Name>
            <Exclude>0</Exclude>
            <Additive>0</Additive>
            <IKPriority>0</IKPriority>
            <IKRotLimits>-1e+010 -1e+010 -1e+010 1e+010 1e+010 1e+010</IKRotLimits>
            <IKRotLimitOrder>0</IKRotLimitOrder>
            <KeyFrames count="101">
                <i>1 0 0 0 1 0 0 0 1 3.27 1.33 1.34</i>
                <i>1 0 0 0 1 0 0 0 1 3.27 1.33 1.34</i>
                <i>1 0 0 0 1 0 0 0 1 3.27 1.33 1.34</i>
                <i>1 0 0 0 1 0 0 0 1 3.27 1.33 1.34</i>
                <i>1 0 0 0 1 0 0 0 1 3.27 1.33 1.34</i>
                <i>1 0 0 0 1 0 0 0 1 3.27 1.33 1.34</i>
                <i>1 0 0 0 1 0 0 0 1 3.27 1.33 1.34</i>
                <i>1 0 0 0 1 0 0 0 1 3.27 1.33 1.34</i>
                <i>1 0 0 0 1 0 0 0 1 3.27 1.33 1.34</i>
                <i>1 0 0 0 1 0 0 0 1 3.27 1.33 1.34</i>
                <i>1 0 0 0 1 0 0 0 1 3.27 1.33 1.34</i>
                <i>1 0 0 0 1 0 0 0 1 3.27 1.33 1.34</i>
                <i>1 0 0 0 1 0 0 0 1 3.27 1.33 1.34</i>
                <i>1 0 0 0 1 0 0 0 1 3.27 1.33 1.34</i>
                <i>1 0 0 0 1 0 0 0 1 3.27 1.33 1.34</i>
                <i>1 0 0 0 1 0 0 0 1 3.27 1.33 1.34</i>
                <i>1 0 0 0 1 0 0 0 1 3.27 1.33 1.34</i>
                <i>1 0 0 0 1 0 0 0 1 3.27 1.33 1.34</i>
                <i>1 0 0 0 1 0 0 0 1 3.27 1.33 1.34</i>
                <i>1 0 0 0 1 0 0 0 1 3.27 1.33 1.34</i>
                <i>1 0 0 0 1 0 0 0 1 3.27 1.33 1.34</i>
                <i>1 0 0 0 1 0 0 0 1 3.27 1.33 1.34</i>
                <i>1 0 0 0 1 0 0 0 1 3.27 1.33 1.34</i>
                <i>1 0 0 0 1 0 0 0 1 3.27 1.33 1.34</i>
                <i>1 0 0 0 1 0 0 0 1 3.27 1.33 1.34</i>
                <i>1 0 0 0 1 0 0 0 1 3.27 1.33 1.34</i>
                <i>1 0 0 0 1 0 0 0 1 3.27 1.33 1.34</i>
                <i>1 0 0 0 1 0 0 0 1 3.27 1.33 1.34</i>
                <i>1 0 0 0 1 0 0 0 1 3.27 1.33 1.34</i>
                <i>1 0 0 0 1 0 0 0 1 3.27 1.33 1.34</i>
                <i>1 0 0 0 1 0 0 0 1 3.27 1.33 1.34</i>
                <i>1 0 0 0 1 0 0 0 1 3.27 1.33 1.34</i>
                <i>1 0 0 0 1 0 0 0 1 3.27 1.33 1.34</i>
                <i>1 0 0 0 1 0 0 0 1 3.27 1.33 1.34</i>
                <i>1 0 0 0 1 0 0 0 1 3.27 1.33 1.34</i>
                <i>1 0 0 0 1 0 0 0 1 3.27 1.33 1.34</i>
                <i>1 0 0 0 1 0 0 0 1 3.27 1.33 1.34</i>
                <i>1 0 0 0 1 0 0 0 1 3.27 1.33 1.34</i>
                <i>1 0 0 0 1 0 0 0 1 3.27 1.33 1.34</i>
                <i>1 0 0 0 1 0 0 0 1 3.27 1.33 1.34</i>
                <i>1 0 0 0 1 0 0 0 1 3.27 1.33 1.34</i>
                <i>1 0 0 0 1 0 0 0 1 3.27 1.33 1.34</i>
                <i>1 0 0 0 1 0 0 0 1 3.27 1.33 1.34</i>
                <i>1 0 0 0 1 0 0 0 1 3.27 1.33 1.34</i>
                <i>1 0 0 0 1 0 0 0 1 3.27 1.33 1.34</i>
                <i>1 0 0 0 1 0 0 0 1 3.27 1.33 1.34</i>
                <i>1 0 0 0 1 0 0 0 1 3.27 1.33 1.34</i>
                <i>1 0 0 0 1 0 0 0 1 3.27 1.33 1.34</i>
                <i>1 0 0 0 1 0 0 0 1 3.27 1.33 1.34</i>
                <i>1 0 0 0 1 0 0 0 1 3.27 1.33 1.34</i>
                <i>1 0 0 0 1 0 0 0 1 3.27 1.33 1.34</i>
                <i>1 0 0 0 1 0 0 0 1 3.27 1.33 1.34</i>
                <i>1 0 0 0 1 0 0 0 1 3.27 1.33 1.34</i>
                <i>1 0 0 0 1 0 0 0 1 3.27 1.33 1.34</i>
                <i>1 0 0 0 1 0 0 0 1 3.27 1.33 1.34</i>
                <i>1 0 0 0 1 0 0 0 1 3.27 1.33 1.34</i>
                <i>1 0 0 0 1 0 0 0 1 3.27 1.33 1.34</i>
                <i>1 0 0 0 1 0 0 0 1 3.27 1.33 1.34</i>
                <i>1 0 0 0 1 0 0 0 1 3.27 1.33 1.34</i>
                <i>1 0 0 0 1 0 0 0 1 3.27 1.33 1.34</i>
                <i>1 0 0 0 1 0 0 0 1 3.27 1.33 1.34</i>
                <i>1 0 0 0 1 0 0 0 1 3.27 1.33 1.34</i>
                <i>1 0 0 0 1 0 0 0 1 3.27 1.33 1.34</i>
                <i>1 0 0 0 1 0 0 0 1 3.27 1.33 1.34</i>
                <i>1 0 0 0 1 0 0 0 1 3.27 1.33 1.34</i>
                <i>1 0 0 0 1 0 0 0 1 3.27 1.33 1.34</i>
                <i>1 0 0 0 1 0 0 0 1 3.27 1.33 1.34</i>
                <i>1 0 0 0 1 0 0 0 1 3.27 1.33 1.34</i>
                <i>1 0 0 0 1 0 0 0 1 3.27 1.33 1.34</i>
                <i>1 0 0 0 1 0 0 0 1 3.27 1.33 1.34</i>
                <i>1 0 0 0 1 0 0 0 1 3.27 1.33 1.34</i>
                <i>1 0 0 0 1 0 0 0 1 3.27 1.33 1.34</i>
                <i>1 0 0 0 1 0 0 0 1 3.27 1.33 1.34</i>
                <i>1 0 0 0 1 0 0 0 1 3.27 1.33 1.34</i>
                <i>1 0 0 0 1 0 0 0 1 3.27 1.33 1.34</i>
                <i>1 0 0 0 1 0 0 0 1 3.27 1.33 1.34</i>
                <i>1 0 0 0 1 0 0 0 1 3.27 1.33 1.34</i>
                <i>1 0 0 0 1 0 0 0 1 3.27 1.33 1.34</i>
                <i>1 0 0 0 1 0 0 0 1 3.27 1.33 1.34</i>
                <i>1 0 0 0 1 0 0 0 1 3.27 1.33 1.34</i>
                <i>1 0 0 0 1 0 0 0 1 3.27 1.33 1.34</i>
                <i>1 0 0 0 1 0 0 0 1 3.27 1.33 1.34</i>
                <i>1 0 0 0 1 0 0 0 1 3.27 1.33 1.34</i>
                <i>1 0 0 0 1 0 0 0 1 3.27 1.33 1.34</i>
                <i>1 0 0 0 1 0 0 0 1 3.27 1.33 1.34</i>
                <i>1 0 0 0 1 0 0 0 1 3.27 1.33 1.34</i>
                <i>1 0 0 0 1 0 0 0 1 3.27 1.33 1.34</i>
                <i>1 0 0 0 1 0 0 0 1 3.27 1.33 1.34</i>
                <i>1 0 0 0 1 0 0 0 1 3.27 1.33 1.34</i>
                <i>1 0 0 0 1 0 0 0 1 3.27 1.33 1.34</i>
                <i>1 0 0 0 1 0 0 0 1 3.27 1.33 1.34</i>
                <i>1 0 0 0 1 0 0 0 1 3.27 1.33 1.34</i>
                <i>1 0 0 0 1 0 0 0 1 3.27 1.33 1.34</i>
                <i>1 0 0 0 1 0 0 0 1 3.27 1.33 1.34</i>
                <i>1 0 0 0 1 0 0 0 1 3.27 1.33 1.34</i>
                <i>1 0 0 0 1 0 0 0 1 3.27 1.33 1.34</i>
                <i>1 0 0 0 1 0 0 0 1 3.27 1.33 1.34</i>
                <i>1 0 0 0 1 0 0 0 1 3.27 1.33 1.34</i>
                <i>1 0 0 0 1 0 0 0 1 3.27 1.33 1.34</i>
                <i>1 0 0 0 1 0 0 0 1 3.27 1.33 1.34</i>
                <i>1 0 0 0 1 0 0 0 1 3.27 1.33 1.34</i>
            </KeyFrames>
        </RefFrame>
        <Bones count="23">
            <i>
                <p>
                    <Name><![CDATA[pelvis]]></Name>
                    <Exclude>0</Exclude>
                    <Additive>0</Additive>
                    <IKPriority>0</IKPriority>
                    <IKRotLimits>-1e+010 -1e+010 -1e+010 1e+010 1e+010 1e+010</IKRotLimits>
                    <IKRotLimitOrder>2</IKRotLimitOrder>
                    <KeyFrames count="101">
                        <i>1 0 0 0 1 0 0 0 1 3.27405 2.4597 1.34014</i>
                        <i>1 0 0 0 1 0 0 0 1 3.27196 2.46202 1.33955</i>
                        <i>1 0 0 0 1 0 0 0 1 3.26628 2.46745 1.33798</i>
                        <i>1 0 0 0 1 0 0 0 1 3.25791 2.47362 1.33565</i>
                        <i>1 0 0 0 1 0 0 0 1 3.24774 2.47819 1.33283</i>
                        <i>1 0 0 0 1 0 0 0 1 3.23668 2.47881 1.32975</i>
                        <i>1 0 0 0 1 0 0 0 1 3.22562 2.47429 1.32668</i>
                        <i>1 0 0 0 1 0 0 0 1 3.21546 2.46618 1.32386</i>
                        <i>1 0 0 0 1 0 0 0 1 3.20709 2.4563 1.32153</i>
                        <i>1 0 0 0 1 0 0 0 1 3.20141 2.44642 1.31995</i>
                        <i>1 0 0 0 1 0 0 0 1 3.19931 2.43836 1.31937</i>
                        <i>1 0 0 0 1 0 0 0 1 3.19931 2.43547 1.31937</i>
                        <i>1 0 0 0 1 0 0 0 1 3.19931 2.4329 1.31937</i>
                        <i>1 0 0 0 1 0 0 0 1 3.19931 2.42415 1.31937</i>
                        <i>1 0 0 0 1 0 0 0 1 3.19931 2.41399 1.31937</i>
                        <i>1 0 0 0 1 0 0 0 1 3.19931 2.40885 1.31937</i>
                        <i>1 0 0 0 1 0 0 0 1 3.19931 2.41045 1.31937</i>
                        <i>1 0 0 0 1 0 0 0 1 3.19931 2.41505 1.31937</i>
                        <i>1 0 0 0 1 0 0 0 1 3.19931 2.42086 1.31937</i>
                        <i>1 0 0 0 1 0 0 0 1 3.19931 2.42609 1.31937</i>
                        <i>1 0 0 0 1 0 0 0 1 3.19931 2.42894 1.31937</i>
                        <i>1 0 0 0 1 0 0 0 1 3.19931 2.4229 1.31937</i>
                        <i>1 0 0 0 1 0 0 0 1 3.19931 2.41632 1.31937</i>
                        <i>1 0 0 0 1 0 0 0 1 3.19931 2.42263 1.31937</i>
                        <i>1 0 0 0 1 0 0 0 1 3.19931 2.42894 1.31937</i>
                        <i>1 0 0 0 1 0 0 0 1 3.19931 2.42263 1.31937</i>
                        <i>1 0 0 0 1 0 0 0 1 3.19931 2.41632 1.31937</i>
                        <i>1 0 0 0 1 0 0 0 1 3.19931 2.42263 1.31937</i>
                        <i>1 0 0 0 1 0 0 0 1 3.19931 2.42894 1.31937</i>
                        <i>1 0 0 0 1 0 0 0 1 3.19931 2.42263 1.31937</i>
                        <i>1 0 0 0 1 0 0 0 1 3.19931 2.41632 1.31937</i>
                        <i>1 0 0 0 1 0 0 0 1 3.19931 2.42263 1.31937</i>
                        <i>1 0 0 0 1 0 0 0 1 3.19931 2.42894 1.31937</i>
                        <i>1 0 0 0 1 0 0 0 1 3.19931 2.42263 1.31937</i>
                        <i>1 0 0 0 1 0 0 0 1 3.19931 2.41632 1.31937</i>
                        <i>1 0 0 0 1 0 0 0 1 3.19931 2.42263 1.31937</i>
                        <i>1 0 0 0 1 0 0 0 1 3.19931 2.42894 1.31937</i>
                        <i>1 0 0 0 1 0 0 0 1 3.19931 2.42388 1.31937</i>
                        <i>1 0 0 0 1 0 0 0 1 3.19931 2.41632 1.31937</i>
                        <i>1 0 0 0 1 0 0 0 1 3.19931 2.41133 1.31937</i>
                        <i>1 0 0 0 1 0 0 0 1 3.19931 2.40885 1.31937</i>
                        <i>1 0 0 0 1 0 0 0 1 3.19931 2.41258 1.31937</i>
                        <i>1 0 0 0 1 0 0 0 1 3.19931 2.41632 1.31937</i>
                        <i>1 0 0 0 1 0 0 0 1 3.19931 2.41258 1.31937</i>
                        <i>1 0 0 0 1 0 0 0 1 3.19931 2.40885 1.31937</i>
                        <i>1 0 0 0 1 0 0 0 1 3.19931 2.41258 1.31937</i>
                        <i>1 0 0 0 1 0 0 0 1 3.19931 2.41632 1.31937</i>
                        <i>1 0 0 0 1 0 0 0 1 3.19931 2.41258 1.31937</i>
                        <i>1 0 0 0 1 0 0 0 1 3.19931 2.40885 1.31937</i>
                        <i>1 0 0 0 1 0 0 0 1 3.19931 2.41258 1.31937</i>
                        <i>1 0 0 0 1 0 0 0 1 3.19931 2.41632 1.31937</i>
                        <i>1 0 0 0 1 0 0 0 1 3.19931 2.41258 1.31937</i>
                        <i>1 0 0 0 1 0 0 0 1 3.19931 2.40885 1.31937</i>
                        <i>1 0 0 0 1 0 0 0 1 3.19931 2.41258 1.31937</i>
                        <i>1 0 0 0 1 0 0 0 1 3.19931 2.41632 1.31937</i>
                        <i>1 0 0 0 1 0 0 0 1 3.19931 2.41258 1.31937</i>
                        <i>1 0 0 0 1 0 0 0 1 3.19931 2.40885 1.31937</i>
                        <i>1 0 0 0 1 0 0 0 1 3.19931 2.41258 1.31937</i>
                        <i>1 0 0 0 1 0 0 0 1 3.19931 2.41632 1.31937</i>
                        <i>1 0 0 0 1 0 0 0 1 3.19931 2.41258 1.31937</i>
                        <i>1 0 0 0 1 0 0 0 1 3.19931 2.40885 1.31937</i>
                        <i>1 0 0 0 1 0 0 0 1 3.19931 2.41258 1.31937</i>
                        <i>1 0 0 0 1 0 0 0 1 3.19931 2.41632 1.31937</i>
                        <i>1 0 0 0 1 0 0 0 1 3.19931 2.41258 1.31937</i>
                        <i>1 0 0 0 1 0 0 0 1 3.19931 2.40885 1.31937</i>
                        <i>1 0 0 0 1 0 0 0 1 3.19931 2.41258 1.31937</i>
                        <i>1 0 0 0 1 0 0 0 1 3.19931 2.41632 1.31937</i>
                        <i>1 0 0 0 1 0 0 0 1 3.19931 2.41258 1.31937</i>
                        <i>1 0 0 0 1 0 0 0 1 3.19931 2.40885 1.31937</i>
                        <i>1 0 0 0 1 0 0 0 1 3.19931 2.41258 1.31937</i>
                        <i>1 0 0 0 1 0 0 0 1 3.19931 2.41632 1.31937</i>
                        <i>1 0 0 0 1 0 0 0 1 3.19931 2.41148 1.31937</i>
                        <i>1 0 0 0 1 0 0 0 1 3.19931 2.40885 1.31937</i>
                        <i>1 0 0 0 1 0 0 0 1 3.19931 2.41726 1.31937</i>
                        <i>1 0 0 0 1 0 0 0 1 3.19931 2.4293 1.31937</i>
                        <i>1 0 0 0 1 0 0 0 1 3.19931 2.43836 1.31937</i>
                        <i>1 0 0 0 1 0 0 0 1 3.19991 2.44372 1.31954</i>
                        <i>1 0 0 0 1 0 0 0 1 3.20161 2.449 1.32001</i>
                        <i>1 0 0 0 1 0 0 0 1 3.20425 2.45411 1.32074</i>
                        <i>1 0 0 0 1 0 0 0 1 3.20768 2.45898 1.3217</i>
                        <i>1 0 0 0 1 0 0 0 1 3.21177 2.46353 1.32283</i>
                        <i>1 0 0 0 1 0 0 0 1 3.21635 2.46769 1.32411</i>
                        <i>1 0 0 0 1 0 0 0 1 3.22129 2.47137 1.32548</i>
                        <i>1 0 0 0 1 0 0 0 1 3.22642 2.4745 1.3269</i>
                        <i>1 0 0 0 1 0 0 0 1 3.2316 2.47701 1.32834</i>
                        <i>1 0 0 0 1 0 0 0 1 3.23668 2.47881 1.32975</i>
                        <i>1 0 0 0 1 0 0 0 1 3.24376 2.47773 1.33172</i>
                        <i>1 0 0 0 1 0 0 0 1 3.25342 2.47311 1.3344</i>
                        <i>1 0 0 0 1 0 0 0 1 3.26329 2.46711 1.33715</i>
                        <i>1 0 0 0 1 0 0 0 1 3.27096 2.46191 1.33928</i>
                        <i>1 0 0 0 1 0 0 0 1 3.27405 2.4597 1.34014</i>
                        <i>1 0 0 0 1 0 0 0 1 3.27405 2.4597 1.34014</i>
                        <i>1 0 0 0 1 0 0 0 1 3.27405 2.4597 1.34014</i>
                        <i>1 0 0 0 1 0 0 0 1 3.27405 2.4597 1.34014</i>
                        <i>1 0 0 0 1 0 0 0 1 3.27405 2.4597 1.34014</i>
                        <i>1 0 0 0 1 0 0 0 1 3.27405 2.4597 1.34014</i>
                        <i>1 0 0 0 1 0 0 0 1 3.27405 2.4597 1.34014</i>
                        <i>1 0 0 0 1 0 0 0 1 3.27405 2.4597 1.34014</i>
                        <i>1 0 0 0 1 0 0 0 1 3.27405 2.4597 1.34014</i>
                        <i>1 0 0 0 1 0 0 0 1 3.27405 2.4597 1.34014</i>
                        <i>1 0 0 0 1 0 0 0 1 3.27405 2.4597 1.34014</i>
                    </KeyFrames>
                </p>
            </i>
            <i>
                <p>
                    <Name><![CDATA[spine0]]></Name>
                    <Exclude>0</Exclude>
                    <Additive>0</Additive>
                    <IKPriority>0</IKPriority>
                    <IKRotLimits>-1e+010 -1e+010 -1e+010 1e+010 1e+010 1e+010</IKRotLimits>
                    <IKRotLimitOrder>0</IKRotLimitOrder>
                    <KeyFrames count="101">
                        <i>-0.00471758 0.998595 -0.0527806 -0.179544 0.0510777 0.982423 0.983739 0.0141111 0.179051 3.22828 2.5952 1.32466</i>
                        <i>-0.00594341 0.998625 -0.0520769 -0.168515 0.0503329 0.984413 0.985681 0.0146265 0.167984 3.22606 2.59754 1.32453</i>
                        <i>-0.00903758 0.998711 -0.0499389 -0.138473 0.0482099 0.989192 0.990325 0.0158551 0.137859 3.22005 2.60298 1.32419</i>
                        <i>-0.0129276 0.998846 -0.0462488 -0.0939672 0.0448344 0.994565 0.995491 0.0172032 0.0932792 3.21127 2.60918 1.3237</i>
                        <i>-0.0164799 0.99902 -0.0410774 -0.0396699 0.0403973 0.998396 0.999077 0.018083 0.0389653 3.20071 2.6138 1.32313</i>
                        <i>-0.0187777 0.999215 -0.0348691 0.019554 0.0352356 0.999188 0.999632 0.0180806 -0.0202003 3.18937 2.61448 1.32253</i>
                        <i>-0.0193744 0.999409 -0.0283869 0.0787103 0.0298288 0.996451 0.996709 0.0170713 -0.0792417 3.17818 2.61002 1.32194</i>
                        <i>-0.0184163 0.999578 -0.0224837 0.132826 0.0247342 0.990831 0.990968 0.015261 -0.133225 3.16803 2.60198 1.3214</i>
                        <i>-0.0165725 0.999703 -0.0178517 0.177095 0.0205067 0.98398 0.984054 0.0131456 -0.177382 3.15977 2.59215 1.32095</i>
                        <i>-0.0148025 0.999779 -0.0149037 0.206931 0.0176458 0.978196 0.978244 0.0113957 -0.207146 3.15422 2.58232 1.32064</i>
                        <i>-0.014049 0.999805 -0.0138675 0.217875 0.0165966 0.975836 0.975876 0.0106881 -0.218066 3.15218 2.57428 1.32052</i>
                        <i>-0.0313471 0.999419 -0.0133898 0.218388 0.0199213 0.975659 0.975358 0.0276599 -0.218885 3.15079 2.57089 1.32087</i>
                        <i>-0.0519687 0.998575 -0.0121456 0.219471 0.0232849 0.975341 0.974234 0.0480216 -0.220368 3.14746 2.56707 1.3217</i>
                        <i>-0.0440435 0.998974 -0.0104964 0.221004 0.019989 0.975068 0.974278 0.0406257 -0.221658 3.14342 2.55667 1.32272</i>
                        <i>-0.0350349 0.999345 -0.00901416 0.222575 0.0165956 0.974774 0.974286 0.0321448 -0.223011 3.13988 2.54493 1.32362</i>
                        <i>-0.0533015 0.998544 -0.00829408 0.222985 0.0199981 0.974617 0.973364 0.0500991 -0.223727 3.13798 2.53889 1.32411</i>
                        <i>-0.0651773 0.997832 -0.00908542 0.222025 0.0233778 0.974761 0.97286 0.0615151 -0.223068 3.13981 2.54135 1.32364</i>
                        <i>-0.0430952 0.999013 -0.0107175 0.220806 0.0199862 0.975113 0.974365 0.0396562 -0.221449 3.14398 2.5478 1.32258</i>
                        <i>-0.0241124 0.999642 -0.0115925 0.220088 0.0166194 0.975338 0.975182 0.0209664 -0.22041 3.14632 2.55458 1.32199</i>
                        <i>-0.0407164 0.999107 -0.0112686 0.220311 0.0199775 0.975225 0.97458 0.037225 -0.220927 3.14536 2.55941 1.32223</i>
                        <i>-0.0592368 0.998189 -0.0104803 0.220864 0.0233441 0.975025 0.973504 0.0554426 -0.221847 3.14326 2.56138 1.32276</i>
                        <i>-0.0478961 0.998806 -0.00958959 0.221819 0.0199968 0.974883 0.973911 0.0445659 -0.222512 3.14117 2.55443 1.32329</i>
                        <i>-0.0344581 0.999364 -0.00915324 0.222441 0.0165981 0.974805 0.974337 0.0315539 -0.222871 3.14023 2.54742 1.32353</i>
                        <i>-0.0468743 0.998852 -0.00983141 0.221601 0.0199953 0.974932 0.97401 0.0435206 -0.222284 3.14177 2.55443 1.32314</i>
                        <i>-0.0568211 0.998323 -0.0110388 0.220398 0.0233267 0.975131 0.973754 0.0529751 -0.221354 3.14465 2.56198 1.32241</i>
                        <i>-0.0392329 0.999163 -0.0116097 0.220004 0.019971 0.975295 0.97471 0.0357095 -0.220603 3.14622 2.55631 1.32201</i>
                        <i>-0.0250546 0.999621 -0.0113746 0.220298 0.0166193 0.975291 0.975111 0.0219297 -0.220631 3.14577 2.54982 1.32213</i>
                        <i>-0.0418631 0.999063 -0.0110036 0.220549 0.019982 0.975171 0.974477 0.0383968 -0.221179 3.14469 2.55568 1.3224</i>
                        <i>-0.0589674 0.998204 -0.0105428 0.220812 0.0233423 0.975037 0.973532 0.0551675 -0.221792 3.14341 2.56145 1.32272</i>
                        <i>-0.0458882 0.998896 -0.0100639 0.221393 0.0199935 0.97498 0.974104 0.042512 -0.222066 3.14235 2.55468 1.32299</i>
                        <i>-0.0316371 0.999451 -0.00982867 0.221788 0.0166083 0.974953 0.974581 0.0286648 -0.222192 3.1419 2.54817 1.32311</i>
                        <i>-0.0435804 0.998994 -0.0106045 0.220907 0.0199877 0.97509 0.974321 0.0401522 -0.221556 3.14369 2.55526 1.32265</i>
                        <i>-0.0526543 0.998541 -0.0119904 0.219602 0.0232913 0.975312 0.974168 0.0487212 -0.220508 3.14706 2.56295 1.3218</i>
                        <i>-0.0345716 0.999322 -0.0126687 0.219046 0.0199447 0.975511 0.975102 0.03095 -0.219587 3.14892 2.55736 1.32133</i>
                        <i>-0.0226828 0.999672 -0.0119215 0.21977 0.0166188 0.97541 0.975288 0.019505 -0.220075 3.14715 2.55037 1.32178</i>
                        <i>-0.0432685 0.999006 -0.0106771 0.220842 0.0199867 0.975105 0.974349 0.0398334 -0.221488 3.14387 2.55534 1.32261</i>
                        <i>-0.0610143 0.998086 -0.0100661 0.221209 0.0233555 0.974947 0.973316 0.057259 -0.222211 3.14223 2.56094 1.32302</i>
                        <i>-0.042546 0.999036 -0.0108452 0.220691 0.0199844 0.975139 0.974415 0.0390949 -0.221329 3.14429 2.55677 1.3225</i>
                        <i>-0.0212236 0.9997 -0.0122553 0.219447 0.0166173 0.975483 0.975393 0.0180138 -0.219734 3.148 2.5507 1.32156</i>
                        <i>-0.0325075 0.999385 -0.0131313 0.218624 0.0199302 0.975606 0.975267 0.0288437 -0.219138 3.15012 2.5465 1.32104</i>
                        <i>-0.0502117 0.99866 -0.0125414 0.219137 0.0232675 0.975417 0.974401 0.046229 -0.220012 3.14847 2.54341 1.32145</i>
                        <i>-0.0409558 0.999098 -0.0112134 0.22036 0.0199785 0.975214 0.974558 0.0374697 -0.22098 3.14522 2.54586 1.32227</i>
                        <i>-0.0289878 0.999525 -0.0104559 0.221184 0.016615 0.975091 0.974801 0.0259531 -0.22156 3.14346 2.54885 1.32271</i>
                        <i>-0.041655 0.999071 -0.0110518 0.220506 0.0199812 0.975181 0.974496 0.0381842 -0.221133 3.14481 2.54569 1.32237</i>
                        <i>-0.0521728 0.998565 -0.0120994 0.21951 0.0232868 0.975332 0.974214 0.0482299 -0.22041 3.14734 2.54297 1.32173</i>
                        <i>-0.0349409 0.99931 -0.0125855 0.219121 0.0199471 0.975494 0.975072 0.0313269 -0.219667 3.14871 2.54723 1.32139</i>
                        <i>-0.0226562 0.999672 -0.0119276 0.219764 0.0166188 0.975411 0.97529 0.0194778 -0.220069 3.14717 2.55038 1.32177</i>
                        <i>-0.042486 0.999038 -0.0108591 0.220679 0.0199842 0.975142 0.974421 0.0390335 -0.221315 3.14433 2.54549 1.32249</i>
                        <i>-0.0600056 0.998145 -0.0103015 0.221013 0.0233492 0.974991 0.973423 0.0562282 -0.222004 3.14281 2.5411 1.32287</i>
                        <i>-0.0400182 0.999134 -0.0114294 0.220166 0.0199746 0.975258 0.974641 0.0365117 -0.220775 3.14576 2.54608 1.32213</i>
                        <i>-0.0199521 0.999722 -0.0125446 0.219167 0.0166153 0.975546 0.975483 0.0167148 -0.219438 3.14875 2.55099 1.32138</i>
                        <i>-0.0384727 0.99919 -0.0117838 0.219847 0.0199673 0.97533 0.974775 0.034933 -0.220437 3.14666 2.54644 1.3219</i>
                        <i>-0.0598185 0.998156 -0.010345 0.220977 0.023348 0.975 0.973443 0.056037 -0.221966 3.14292 2.54115 1.32285</i>
                        <i>-0.047851 0.998808 -0.00960026 0.221809 0.0199968 0.974885 0.973915 0.0445198 -0.222502 3.1412 2.54412 1.32329</i>
                        <i>-0.0242137 0.99964 -0.0115691 0.220111 0.0166194 0.975333 0.975174 0.02107 -0.220434 3.14626 2.55002 1.322</i>
                        <i>-0.030599 0.99944 -0.0135558 0.218236 0.0199152 0.975693 0.975416 0.0268968 -0.218723 3.15122 2.54816 1.32076</i>
                        <i>-0.0535108 0.998498 -0.011796 0.219765 0.0232992 0.975275 0.974084 0.0495954 -0.220681 3.14657 2.54266 1.32193</i>
                        <i>-0.0469606 0.998849 -0.00981102 0.22162 0.0199955 0.974928 0.974002 0.0436089 -0.222304 3.14172 2.54436 1.32315</i>
                        <i>-0.025429 0.999613 -0.0112878 0.220382 0.0166192 0.975272 0.975082 0.0223126 -0.220719 3.14555 2.54973 1.32218</i>
                        <i>-0.0333582 0.99936 -0.0129411 0.218798 0.0199364 0.975567 0.9752 0.0297116 -0.219323 3.14963 2.54758 1.32116</i>
                        <i>-0.0552009 0.99841 -0.0114106 0.220088 0.0233137 0.975201 0.973917 0.0513207 -0.221025 3.14559 2.54227 1.32217</i>
                        <i>-0.0469782 0.998848 -0.00980687 0.221623 0.0199955 0.974927 0.974 0.0436269 -0.222307 3.14171 2.54435 1.32316</i>
                        <i>-0.0244749 0.999634 -0.0115088 0.220169 0.0166194 0.97532 0.975155 0.021337 -0.220495 3.14611 2.54995 1.32204</i>
                        <i>-0.0319644 0.999401 -0.0132524 0.218514 0.0199261 0.97563 0.97531 0.0282896 -0.21902 3.15043 2.54788 1.32096</i>
                        <i>-0.0509577 0.998624 -0.0123737 0.219279 0.0232751 0.975385 0.974331 0.0469901 -0.220163 3.14804 2.54324 1.32156</i>
                        <i>-0.0435564 0.998995 -0.0106101 0.220902 0.0199876 0.975091 0.974323 0.0401277 -0.221551 3.14371 2.54522 1.32265</i>
                        <i>-0.0325315 0.999424 -0.00961538 0.221994 0.0166055 0.974907 0.974505 0.0295806 -0.222407 3.14137 2.54794 1.32324</i>
                        <i>-0.0401205 0.99913 -0.0114059 0.220187 0.019975 0.975253 0.974632 0.0366162 -0.220797 3.1457 2.54605 1.32214</i>
                        <i>-0.0473631 0.998791 -0.0131775 0.218598 0.0232367 0.975538 0.974665 0.0433239 -0.219434 3.15012 2.54402 1.32104</i>
                        <i>-0.0498879 0.99868 -0.0122393 0.219398 0.0229133 0.975366 0.974359 0.0459737 -0.220251 3.14771 2.54685 1.32164</i>
                        <i>-0.0531382 0.998532 -0.010507 0.220904 0.0220156 0.975047 0.973847 0.0494912 -0.22175 3.14337 2.54882 1.32273</i>
                        <i>-0.0509895 0.998653 -0.00962272 0.221745 0.0207156 0.974885 0.973771 0.0475751 -0.222503 3.14122 2.54303 1.32328</i>
                        <i>-0.0414587 0.999087 -0.0103447 0.221174 0.0192737 0.975044 0.974353 0.0381361 -0.221771 3.14307 2.54121 1.32281</i>
                        <i>-0.0292228 0.999503 -0.0118053 0.219863 0.0179484 0.975366 0.975093 0.0259074 -0.220278 3.1468 2.55117 1.32187</i>
                        <i>-0.0185948 0.99974 -0.01323 0.218504 0.0169759 0.975688 0.975659 0.0152519 -0.218763 3.1505 2.56461 1.32094</i>
                        <i>-0.014049 0.999805 -0.0138675 0.217875 0.0165966 0.975836 0.975876 0.0106881 -0.218066 3.15218 2.57428 1.32052</i>
                        <i>-0.0143545 0.999798 -0.0141024 0.21475 0.0168573 0.976524 0.976564 0.010989 -0.214948 3.15276 2.57964 1.32057</i>
                        <i>-0.0151742 0.999775 -0.0148003 0.205883 0.017609 0.978418 0.978459 0.0117996 -0.206104 3.15442 2.5849 1.3207</i>
                        <i>-0.0163386 0.999739 -0.0159641 0.192028 0.0188065 0.981209 0.981254 0.0129661 -0.192285 3.15701 2.59 1.32089</i>
                        <i>-0.0176566 0.999689 -0.0175983 0.173932 0.0204037 0.984546 0.984599 0.0143228 -0.174238 3.16039 2.59485 1.32113</i>
                        <i>-0.0189288 0.999627 -0.0196934 0.152349 0.0223506 0.988074 0.988145 0.0157028 -0.152715 3.16442 2.59937 1.3214</i>
                        <i>-0.019962 0.999554 -0.0222145 0.128047 0.0245919 0.991463 0.991567 0.0169471 -0.128481 3.16897 2.6035 1.32168</i>
                        <i>-0.0205824 0.999473 -0.0250963 0.10181 0.0270664 0.994436 0.994591 0.0179128 -0.102314 3.17388 2.60715 1.32194</i>
                        <i>-0.0206491 0.999388 -0.0282448 0.0744384 0.0297092 0.996783 0.997012 0.0184802 -0.0750063 3.17902 2.61025 1.32219</i>
                        <i>-0.020064 0.999301 -0.0315443 0.0467458 0.0324538 0.998379 0.998705 0.0185569 -0.0473643 3.18423 2.61272 1.32239</i>
                        <i>-0.0187777 0.999215 -0.0348691 0.019554 0.0352356 0.999188 0.999632 0.0180806 -0.0202003 3.18937 2.61448 1.32253</i>
                        <i>-0.0168723 0.999092 -0.0391286 -0.0183265 0.0388186 0.999078 0.99969 0.0175738 0.0176549 3.1966 2.61335 1.3228</i>
                        <i>-0.0139603 0.998922 -0.0442708 -0.0700314 0.0431896 0.996609 0.997447 0.0170133 0.069353 3.20658 2.60868 1.32332</i>
                        <i>-0.010065 0.998757 -0.0488119 -0.122602 0.0472135 0.991332 0.992405 0.0159622 0.121975 3.2169 2.60264 1.32393</i>
                        <i>-0.00636207 0.998639 -0.0517598 -0.163254 0.0500292 0.985315 0.986564 0.0147186 0.162713 3.225 2.59742 1.32444</i>
                        <i>-0.00471758 0.998595 -0.0527806 -0.179544 0.0510777 0.982423 0.983739 0.0141111 0.179051 3.22828 2.5952 1.32466</i>
                        <i>-0.00471758 0.998595 -0.0527806 -0.179544 0.0510777 0.982423 0.983739 0.0141111 0.179051 3.22828 2.5952 1.32466</i>
                        <i>-0.00471758 0.998595 -0.0527806 -0.179544 0.0510777 0.982423 0.983739 0.0141111 0.179051 3.22828 2.5952 1.32466</i>
                        <i>-0.00471758 0.998595 -0.0527806 -0.179544 0.0510777 0.982423 0.983739 0.0141111 0.179051 3.22828 2.5952 1.32466</i>
                        <i>-0.00471758 0.998595 -0.0527806 -0.179544 0.0510777 0.982423 0.983739 0.0141111 0.179051 3.22828 2.5952 1.32466</i>
                        <i>-0.00471758 0.998595 -0.0527806 -0.179544 0.0510777 0.982423 0.983739 0.0141111 0.179051 3.22828 2.5952 1.32466</i>
                        <i>-0.00471758 0.998595 -0.0527806 -0.179544 0.0510777 0.982423 0.983739 0.0141111 0.179051 3.22828 2.5952 1.32466</i>
                        <i>-0.00471758 0.998595 -0.0527806 -0.179544 0.0510777 0.982423 0.983739 0.0141111 0.179051 3.22828 2.5952 1.32466</i>
                        <i>-0.00471758 0.998595 -0.0527806 -0.179544 0.0510777 0.982423 0.983739 0.0141111 0.179051 3.22828 2.5952 1.32466</i>
                        <i>-0.00471758 0.998595 -0.0527806 -0.179544 0.0510777 0.982423 0.983739 0.0141111 0.179051 3.22828 2.5952 1.32466</i>
                        <i>-0.00471758 0.998595 -0.0527806 -0.179544 0.0510777 0.982423 0.983739 0.0141111 0.179051 3.22828 2.5952 1.32466</i>
                    </KeyFrames>
                </p>
            </i>
            <i>
                <p>
                    <Name><![CDATA[spine1]]></Name>
                    <Exclude>0</Exclude>
                    <Additive>0</Additive>
                    <IKPriority>0</IKPriority>
                    <IKRotLimits>-1e+010 -1e+010 -1e+010 1e+010 1e+010 1e+010</IKRotLimits>
                    <IKRotLimitOrder>0</IKRotLimitOrder>
                    <KeyFrames count="101">
                        <i>0.0471695 0.998451 0.0295168 -0.508401 -0.0014387 0.861119 0.859828 -0.0556249 0.507546 3.22747 2.76687 1.31558</i>
                        <i>0.0471935 0.99844 0.0298349 -0.488898 -0.00295788 0.872336 0.871064 -0.0557548 0.487996 3.22503 2.7692 1.31557</i>
                        <i>0.0473889 0.998402 0.0308007 -0.434739 -0.00714656 0.900528 0.899309 -0.0560653 0.433705 3.21849 2.77464 1.3156</i>
                        <i>0.0480512 0.998317 0.0324572 -0.352024 -0.013484 0.935894 0.934757 -0.0563966 0.350784 3.20904 2.78083 1.31575</i>
                        <i>0.0495105 0.998169 0.0347418 -0.247823 -0.0214192 0.968569 0.967539 -0.0565641 0.246309 3.19788 2.78543 1.31607</i>
                        <i>0.0519743 0.997948 0.0374051 -0.131129 -0.0303117 0.990902 0.990002 -0.0564063 0.129284 3.18615 2.78608 1.31654</i>
                        <i>0.0553851 0.997661 0.0400596 -0.0126215 -0.0394184 0.999143 0.998385 -0.0558433 0.0104087 3.17486 2.78158 1.31706</i>
                        <i>0.0593533 0.99734 0.0423184 0.0964209 -0.0479228 0.994186 0.993569 -0.0549279 -0.0990088 3.16487 2.77349 1.31754</i>
                        <i>0.0632006 0.997033 0.043937 0.185363 -0.0549862 0.98113 0.980636 -0.0538637 -0.188288 3.15693 2.76361 1.31789</i>
                        <i>0.0660938 0.996804 0.0448659 0.244874 -0.0597929 0.967709 0.9673 -0.0529731 -0.248043 3.15168 2.75374 1.31808</i>
                        <i>0.0672146 0.996716 0.0451677 0.266573 -0.0615642 0.961846 0.961468 -0.0526096 -0.269836 3.14977 2.74568 1.31815</i>
                        <i>0.0491383 0.997849 0.0433942 0.267319 -0.0550007 0.962037 0.962354 -0.0356727 -0.269447 3.14541 2.74231 1.31857</i>
                        <i>0.0412392 0.998385 0.0390632 0.268826 -0.0487419 0.961955 0.962305 -0.029169 -0.270402 3.13852 2.73884 1.31961</i>
                        <i>0.0873353 0.995607 0.033739 0.270701 -0.0563128 0.961015 0.958694 -0.0747973 -0.27443 3.13579 2.72956 1.32091</i>
                        <i>0.130069 0.99108 0.0290207 0.272583 -0.0638845 0.960009 0.9533 -0.116957 -0.278461 3.13376 2.71907 1.32205</i>
                        <i>0.115116 0.992998 0.026538 0.273351 -0.0573505 0.960203 0.955001 -0.10328 -0.278039 3.12867 2.7131 1.32267</i>
                        <i>0.0810451 0.996289 0.0289811 0.272259 -0.0500997 0.960919 0.958805 -0.0699874 -0.275309 3.12847 2.71472 1.32207</i>
                        <i>0.0844896 0.995828 0.0344679 0.270439 -0.0562108 0.961095 0.959023 -0.071881 -0.27406 3.13651 2.72058 1.32073</i>
                        <i>0.0974126 0.994537 0.0375148 0.269355 -0.0626325 0.961002 0.958102 -0.083509 -0.273985 3.14215 2.72717 1.31999</i>
                        <i>0.077349 0.996343 0.03629 0.26979 -0.0559579 0.961292 0.959808 -0.0645643 -0.273132 3.13832 2.73189 1.32029</i>
                        <i>0.063161 0.99744 0.033545 0.270679 -0.0494732 0.961397 0.960595 -0.0516429 -0.273111 3.13301 2.73398 1.32095</i>
                        <i>0.0988921 0.994623 0.0307624 0.271782 -0.0567351 0.960685 0.957264 -0.0866435 -0.275931 3.13284 2.72784 1.32163</i>
                        <i>0.128343 0.991292 0.0294754 0.272406 -0.0638156 0.960064 0.953584 -0.115189 -0.278224 3.13421 2.72146 1.32194</i>
                        <i>0.0958272 0.994898 0.0315544 0.271492 -0.0566219 0.960774 0.957658 -0.0835014 -0.275533 3.13363 2.7277 1.32144</i>
                        <i>0.0558829 0.99781 0.0353862 0.270055 -0.0492261 0.961586 0.961222 -0.04418 -0.272214 3.13484 2.73429 1.3205</i>
                        <i>0.0728927 0.996637 0.0374222 0.26939 -0.0558024 0.961413 0.960268 -0.0599988 -0.272552 3.13945 2.7286 1.32001</i>
                        <i>0.100231 0.994284 0.0367907 0.269624 -0.0627364 0.96092 0.957735 -0.0863948 -0.274371 3.14143 2.72253 1.32016</i>
                        <i>0.0807918 0.996102 0.0354128 0.270102 -0.0560793 0.961197 0.959436 -0.0680918 -0.27358 3.13745 2.7283 1.3205</i>
                        <i>0.0623499 0.997483 0.0337507 0.270609 -0.0494454 0.961419 0.960668 -0.0508111 -0.273011 3.13321 2.73402 1.3209</i>
                        <i>0.0928693 0.995154 0.032317 0.271215 -0.0565135 0.960858 0.958028 -0.0804694 -0.275149 3.13438 2.72782 1.32125</i>
                        <i>0.119909 0.992279 0.0316886 0.271551 -0.0634831 0.960328 0.954925 -0.106547 -0.277067 3.13639 2.7218 1.3214</i>
                        <i>0.085946 0.995716 0.0340951 0.270573 -0.0562629 0.961054 0.958855 -0.0733735 -0.27425 3.13614 2.7281 1.32082</i>
                        <i>0.0433109 0.998318 0.0385452 0.268998 -0.0488094 0.961903 0.962167 -0.0312923 -0.270659 3.138 2.7348 1.31974</i>
                        <i>0.0588679 0.997425 0.0409608 0.268156 -0.0553237 0.961786 0.961575 -0.0456344 -0.270722 3.14298 2.72912 1.31916</i>
                        <i>0.0931341 0.994905 0.0386105 0.26895 -0.0624763 0.961126 0.958641 -0.0791292 -0.273399 3.14324 2.72278 1.31972</i>
                        <i>0.0850101 0.995788 0.0343348 0.270487 -0.0562294 0.96108 0.958963 -0.0724145 -0.274128 3.13638 2.72813 1.32076</i>
                        <i>0.0685133 0.997131 0.0321851 0.271145 -0.0496577 0.961257 0.960097 -0.0571321 -0.27377 3.13165 2.73376 1.32128</i>
                        <i>0.0828417 0.995952 0.0348893 0.270289 -0.056152 0.96114 0.959209 -0.0701924 -0.273846 3.13693 2.72948 1.32063</i>
                        <i>0.0887638 0.99526 0.0397258 0.268541 -0.0623185 0.96125 0.95917 -0.0746563 -0.272799 3.14434 2.72293 1.31945</i>
                        <i>0.052643 0.997708 0.0425196 0.267619 -0.0551162 0.961947 0.962086 -0.0392607 -0.269907 3.14454 2.71804 1.31878</i>
                        <i>0.0359257 0.998538 0.0403884 0.26839 -0.0485702 0.962085 0.96264 -0.0237238 -0.269742 3.13984 2.71499 1.31929</i>
                        <i>0.078068 0.996294 0.036107 0.269855 -0.0559832 0.961272 0.959731 -0.0653009 -0.273226 3.13814 2.71836 1.32033</i>
                        <i>0.111991 0.993136 0.0337519 0.270765 -0.0631779 0.96057 0.956109 -0.0984362 -0.275982 3.13843 2.7221 1.3209</i>
                        <i>0.0801675 0.996147 0.035572 0.270045 -0.0560572 0.961214 0.959504 -0.0674521 -0.273499 3.13761 2.71828 1.32046</i>
                        <i>0.041856 0.998366 0.038909 0.268877 -0.0487619 0.961939 0.962265 -0.0298012 -0.270479 3.13836 2.71476 1.31965</i>
                        <i>0.0599805 0.99737 0.0406814 0.268252 -0.0553611 0.961757 0.96148 -0.0467738 -0.270867 3.1427 2.71904 1.31923</i>
                        <i>0.0930544 0.994911 0.0386309 0.268943 -0.0624734 0.961128 0.95865 -0.0790477 -0.273388 3.14326 2.72278 1.31972</i>
                        <i>0.0826614 0.995965 0.0349354 0.270272 -0.0561456 0.961146 0.959229 -0.0700075 -0.273823 3.13698 2.71818 1.32061</i>
                        <i>0.0654764 0.99731 0.0329574 0.27088 -0.0495527 0.961337 0.960384 -0.0540173 -0.273396 3.13242 2.71379 1.32109</i>
                        <i>0.0752521 0.996484 0.0368232 0.269601 -0.0558845 0.961349 0.960027 -0.0624159 -0.272859 3.13885 2.71847 1.32016</i>
                        <i>0.0849529 0.995554 0.0406951 0.268186 -0.0621823 0.961358 0.959614 -0.0707563 -0.272276 3.14531 2.72306 1.31922</i>
                        <i>0.0706078 0.99678 0.0380012 0.269187 -0.0557233 0.961475 0.960496 -0.0576582 -0.272254 3.14003 2.71864 1.31987</i>
                        <i>0.064913 0.997342 0.0331005 0.270831 -0.0495333 0.961352 0.960436 -0.0534396 -0.273327 3.13256 2.71382 1.32106</i>
                        <i>0.0987571 0.994635 0.0307974 0.271769 -0.0567301 0.960689 0.957282 -0.0865051 -0.275913 3.13288 2.71753 1.32162</i>
                        <i>0.0977159 0.99451 0.037437 0.269384 -0.0626437 0.960993 0.958063 -0.0838194 -0.274026 3.14207 2.72262 1.32001</i>
                        <i>0.0468767 0.997933 0.0439573 0.267127 -0.0549266 0.962095 0.96252 -0.0333576 -0.26915 3.14598 2.7195 1.31844</i>
                        <i>0.0458974 0.998227 0.0378975 0.269213 -0.0488941 0.961839 0.961986 -0.0339434 -0.27098 3.13735 2.7146 1.3199</i>
                        <i>0.096086 0.994875 0.0314876 0.271516 -0.0566314 0.960766 0.957625 -0.0837668 -0.275566 3.13356 2.71764 1.32145</i>
                        <i>0.101351 0.994181 0.0365026 0.269731 -0.0627779 0.960887 0.957587 -0.0875413 -0.274524 3.14115 2.72249 1.32023</i>
                        <i>0.0552094 0.997596 0.0418778 0.267839 -0.0552014 0.961881 0.96188 -0.0418884 -0.270243 3.1439 2.71921 1.31894</i>
                        <i>0.0509978 0.998027 0.0366169 0.269641 -0.0490627 0.96171 0.96161 -0.0391717 -0.271611 3.13607 2.7144 1.32021</i>
                        <i>0.0961388 0.99487 0.031474 0.271521 -0.0566334 0.960765 0.957619 -0.0838209 -0.275573 3.13355 2.71764 1.32146</i>
                        <i>0.0984972 0.99444 0.0372364 0.269458 -0.0626724 0.96097 0.957962 -0.0846192 -0.274133 3.14187 2.72259 1.32006</i>
                        <i>0.0510035 0.997775 0.042929 0.267478 -0.0550621 0.961989 0.962213 -0.0375822 -0.269692 3.14495 2.71936 1.31868</i>
                        <i>0.0381826 0.998477 0.0398261 0.268574 -0.0486428 0.96203 0.962502 -0.0260366 -0.270023 3.13928 2.71491 1.31943</i>
                        <i>0.0858739 0.995722 0.0341136 0.270566 -0.0562603 0.961056 0.958864 -0.0732996 -0.27424 3.13616 2.71805 1.32081</i>
                        <i>0.122583 0.991974 0.0309888 0.27182 -0.0635876 0.960245 0.954509 -0.109286 -0.277433 3.1357 2.72169 1.32157</i>
                        <i>0.0755594 0.996464 0.0367451 0.269629 -0.0558953 0.961341 0.959995 -0.0627307 -0.272899 3.13878 2.71846 1.32018</i>
                        <i>0.0272943 0.998722 0.0425311 0.26769 -0.0482956 0.962294 0.963118 -0.01488 -0.268666 3.14199 2.71533 1.31878</i>
                        <i>0.0427208 0.99831 0.0393921 0.268717 -0.0494566 0.961949 0.962271 -0.0305099 -0.270375 3.13913 2.7186 1.31953</i>
                        <i>0.0725098 0.996799 0.0336881 0.270668 -0.0521761 0.961258 0.959938 -0.0605823 -0.273585 3.13417 2.72152 1.32092</i>
                        <i>0.0933274 0.995158 0.0308413 0.271724 -0.0552588 0.960788 0.957839 -0.0812875 -0.275565 3.13236 2.71636 1.32161</i>
                        <i>0.0944364 0.994975 0.0332703 0.270888 -0.0578408 0.960872 0.957967 -0.0817287 -0.274989 3.13588 2.71426 1.32102</i>
                        <i>0.0850339 0.995647 0.0381628 0.269124 -0.0598289 0.961246 0.959344 -0.0714679 -0.27304 3.14175 2.72353 1.31983</i>
