<?xml version="1.0" encoding="ISO-8859-1" ?>
<Animl Version="1">
    <ModellingPackage><![CDATA[Maya.2010]]></ModellingPackage>
    <SrcFile><![CDATA[anims\turrets\artillery\blue\~src\artillery_m198\artillery_m198_fire_crewman_c.mb]]></SrcFile>
    <FramesPerSecond>30</FramesPerSecond>
    <TotalFrames>41</TotalFrames>
    <Skeleton>
        <RefFrame>
            <Name><![CDATA[soldier_ref_frame]]></Name>
            <Exclude>0</Exclude>
            <Additive>0</Additive>
            <IKPriority>0</IKPriority>
            <IKRotLimits>-1e+010 -1e+010 -1e+010 1e+010 1e+010 1e+010</IKRotLimits>
            <IKRotLimitOrder>0</IKRotLimitOrder>
            <KeyFrames count="41">
                <i>1 0 0 0 1 0 0 0 1 3.27 1.33 1.34</i>
                <i>1 0 0 0 1 0 0 0 1 3.27 1.33 1.34</i>
                <i>1 0 0 0 1 0 0 0 1 3.27 1.33 1.34</i>
                <i>1 0 0 0 1 0 0 0 1 3.27 1.33 1.34</i>
                <i>1 0 0 0 1 0 0 0 1 3.27 1.33 1.34</i>
                <i>1 0 0 0 1 0 0 0 1 3.27 1.33 1.34</i>
                <i>1 0 0 0 1 0 0 0 1 3.27 1.33 1.34</i>
                <i>1 0 0 0 1 0 0 0 1 3.27 1.33 1.34</i>
                <i>1 0 0 0 1 0 0 0 1 3.27 1.33 1.34</i>
                <i>1 0 0 0 1 0 0 0 1 3.27 1.33 1.34</i>
                <i>1 0 0 0 1 0 0 0 1 3.27 1.33 1.34</i>
                <i>1 0 0 0 1 0 0 0 1 3.27 1.33 1.34</i>
                <i>1 0 0 0 1 0 0 0 1 3.27 1.33 1.34</i>
                <i>1 0 0 0 1 0 0 0 1 3.27 1.33 1.34</i>
                <i>1 0 0 0 1 0 0 0 1 3.27 1.33 1.34</i>
                <i>1 0 0 0 1 0 0 0 1 3.27 1.33 1.34</i>
                <i>1 0 0 0 1 0 0 0 1 3.27 1.33 1.34</i>
                <i>1 0 0 0 1 0 0 0 1 3.27 1.33 1.34</i>
                <i>1 0 0 0 1 0 0 0 1 3.27 1.33 1.34</i>
                <i>1 0 0 0 1 0 0 0 1 3.27 1.33 1.34</i>
                <i>1 0 0 0 1 0 0 0 1 3.27 1.33 1.34</i>
                <i>1 0 0 0 1 0 0 0 1 3.27 1.33 1.34</i>
                <i>1 0 0 0 1 0 0 0 1 3.27 1.33 1.34</i>
                <i>1 0 0 0 1 0 0 0 1 3.27 1.33 1.34</i>
                <i>1 0 0 0 1 0 0 0 1 3.27 1.33 1.34</i>
                <i>1 0 0 0 1 0 0 0 1 3.27 1.33 1.34</i>
                <i>1 0 0 0 1 0 0 0 1 3.27 1.33 1.34</i>
                <i>1 0 0 0 1 0 0 0 1 3.27 1.33 1.34</i>
                <i>1 0 0 0 1 0 0 0 1 3.27 1.33 1.34</i>
                <i>1 0 0 0 1 0 0 0 1 3.27 1.33 1.34</i>
                <i>1 0 0 0 1 0 0 0 1 3.27 1.33 1.34</i>
                <i>1 0 0 0 1 0 0 0 1 3.27 1.33 1.34</i>
                <i>1 0 0 0 1 0 0 0 1 3.27 1.33 1.34</i>
                <i>1 0 0 0 1 0 0 0 1 3.27 1.33 1.34</i>
                <i>1 0 0 0 1 0 0 0 1 3.27 1.33 1.34</i>
                <i>1 0 0 0 1 0 0 0 1 3.27 1.33 1.34</i>
                <i>1 0 0 0 1 0 0 0 1 3.27 1.33 1.34</i>
                <i>1 0 0 0 1 0 0 0 1 3.27 1.33 1.34</i>
                <i>1 0 0 0 1 0 0 0 1 3.27 1.33 1.34</i>
                <i>1 0 0 0 1 0 0 0 1 3.27 1.33 1.34</i>
                <i>1 0 0 0 1 0 0 0 1 3.27 1.33 1.34</i>
            </KeyFrames>
        </RefFrame>
        <Bones count="23">
            <i>
                <p>
                    <Name><![CDATA[pelvis]]></Name>
                    <Exclude>0</Exclude>
                    <Additive>0</Additive>
                    <IKPriority>0</IKPriority>
                    <IKRotLimits>-1e+010 -1e+010 -1e+010 1e+010 1e+010 1e+010</IKRotLimits>
                    <IKRotLimitOrder>2</IKRotLimitOrder>
                    <KeyFrames count="41">
                        <i>1 0 0 0 1 0 0 0 1 3.27405 2.4597 1.34014</i>
                        <i>1 0 0 0 1 0 0 0 1 3.26084 2.47299 1.33689</i>
                        <i>1 0 0 0 1 0 0 0 1 3.24301 2.44163 1.33443</i>
                        <i>1 0 0 0 1 0 0 0 1 3.23091 2.37639 1.3313</i>
                        <i>1 0 0 0 1 0 0 0 1 3.22302 2.29809 1.32769</i>
                        <i>1 0 0 0 1 0 0 0 1 3.21904 2.24199 1.32329</i>
                        <i>1 0 0 0 1 0 0 0 1 3.21574 2.23793 1.31849</i>
                        <i>1 0 0 0 1 0 0 0 1 3.21306 2.25121 1.31361</i>
                        <i>1 0 0 0 1 0 0 0 1 3.21097 2.27463 1.30897</i>
                        <i>1 0 0 0 1 0 0 0 1 3.20943 2.30097 1.30489</i>
                        <i>1 0 0 0 1 0 0 0 1 3.20841 2.32301 1.30167</i>
                        <i>1 0 0 0 1 0 0 0 1 3.20758 2.34296 1.29948</i>
                        <i>1 0 0 0 1 0 0 0 1 3.20667 2.36561 1.29812</i>
                        <i>1 0 0 0 1 0 0 0 1 3.20573 2.38768 1.29736</i>
                        <i>1 0 0 0 1 0 0 0 1 3.20482 2.40588 1.29698</i>
                        <i>1 0 0 0 1 0 0 0 1 3.20401 2.41693 1.29678</i>
                        <i>1 0 0 0 1 0 0 0 1 3.2034 2.42221 1.2966</i>
                        <i>1 0 0 0 1 0 0 0 1 3.20307 2.42582 1.29647</i>
                        <i>1 0 0 0 1 0 0 0 1 3.2031 2.42795 1.29647</i>
                        <i>1 0 0 0 1 0 0 0 1 3.20355 2.42877 1.29664</i>
                        <i>1 0 0 0 1 0 0 0 1 3.20448 2.42848 1.29706</i>
                        <i>1 0 0 0 1 0 0 0 1 3.20594 2.42727 1.29778</i>
                        <i>1 0 0 0 1 0 0 0 1 3.20801 2.42532 1.29888</i>
                        <i>1 0 0 0 1 0 0 0 1 3.21075 2.42282 1.30041</i>
                        <i>1 0 0 0 1 0 0 0 1 3.21421 2.41996 1.30243</i>
                        <i>1 0 0 0 1 0 0 0 1 3.21847 2.41693 1.30502</i>
                        <i>1 0 0 0 1 0 0 0 1 3.22563 2.40068 1.30935</i>
                        <i>1 0 0 0 1 0 0 0 1 3.23657 2.39054 1.31594</i>
                        <i>1 0 0 0 1 0 0 0 1 3.24949 2.40729 1.32388</i>
                        <i>1 0 0 0 1 0 0 0 1 3.26258 2.43371 1.33225</i>
                        <i>1 0 0 0 1 0 0 0 1 3.27405 2.4597 1.34014</i>
                        <i>1 0 0 0 1 0 0 0 1 3.27405 2.4597 1.34014</i>
                        <i>1 0 0 0 1 0 0 0 1 3.27405 2.4597 1.34014</i>
                        <i>1 0 0 0 1 0 0 0 1 3.27405 2.4597 1.34014</i>
                        <i>1 0 0 0 1 0 0 0 1 3.27405 2.4597 1.34014</i>
                        <i>1 0 0 0 1 0 0 0 1 3.27405 2.4597 1.34014</i>
                        <i>1 0 0 0 1 0 0 0 1 3.27405 2.4597 1.34014</i>
                        <i>1 0 0 0 1 0 0 0 1 3.27405 2.4597 1.34014</i>
                        <i>1 0 0 0 1 0 0 0 1 3.27405 2.4597 1.34014</i>
                        <i>1 0 0 0 1 0 0 0 1 3.27405 2.4597 1.34014</i>
                        <i>1 0 0 0 1 0 0 0 1 3.27405 2.4597 1.34014</i>
                    </KeyFrames>
                </p>
            </i>
            <i>
                <p>
                    <Name><![CDATA[spine0]]></Name>
                    <Exclude>0</Exclude>
                    <Additive>0</Additive>
                    <IKPriority>0</IKPriority>
                    <IKRotLimits>-1e+010 -1e+010 -1e+010 1e+010 1e+010 1e+010</IKRotLimits>
                    <IKRotLimitOrder>0</IKRotLimitOrder>
                    <KeyFrames count="41">
                        <i>-0.00471758 0.998595 -0.0527806 -0.179544 0.0510777 0.982423 0.983739 0.0141111 0.179051 3.22828 2.5952 1.32466</i>
                        <i>-0.0238122 0.998066 -0.0574158 -0.116884 0.0542588 0.991662 0.99286 0.0303247 0.115366 3.21413 2.60847 1.32415</i>
                        <i>-0.0414225 0.997978 -0.0482069 0.0382022 0.049795 0.998029 0.998411 0.0394992 -0.0401876 3.19481 2.57705 1.32864</i>
                        <i>0.0358338 0.998382 -0.044156 0.194911 0.0363538 0.980147 0.980166 -0.0437288 -0.193293 3.19351 2.51531 1.33108</i>
                        <i>0.129393 0.989802 -0.0595785 0.257046 0.0245484 0.966087 0.957698 -0.140319 -0.251248 3.1974 2.43965 1.32707</i>
                        <i>0.141947 0.988131 -0.0587235 0.241146 0.0230178 0.970216 0.960052 -0.15188 -0.235016 3.18897 2.38267 1.32324</i>
                        <i>0.125738 0.990288 -0.05932 0.224207 0.0298814 0.974083 0.966396 -0.135779 -0.218272 3.17361 2.37546 1.3208</i>
                        <i>0.0895942 0.993938 -0.0637137 0.201609 0.0445479 0.978453 0.97536 -0.100509 -0.196395 3.15598 2.38318 1.31827</i>
                        <i>0.0563151 0.99597 -0.0697983 0.173164 0.0591064 0.983118 0.983282 -0.0674509 -0.169137 3.14055 2.39994 1.31482</i>
                        <i>0.0389782 0.996445 -0.0746811 0.142832 0.0684145 0.98738 0.988979 -0.0491531 -0.139657 3.13114 2.42154 1.3102</i>
                        <i>0.0347977 0.996542 -0.0754487 0.115036 0.0709986 0.990821 0.992752 -0.0431576 -0.112168 3.12771 2.44206 1.30526</i>
                        <i>0.0340518 0.996755 -0.0729341 0.0912653 0.0695702 0.993393 0.995244 -0.0404832 -0.0886001 3.12714 2.46222 1.3011</i>
                        <i>0.0329651 0.997005 -0.0699581 0.0722532 0.0674357 0.995104 0.996841 -0.0378584 -0.0698138 3.12834 2.48628 1.29792</i>
                        <i>0.0316779 0.997251 -0.0669777 0.0594289 0.0650135 0.996113 0.99773 -0.0355352 -0.057206 3.1306 2.51036 1.29578</i>
                        <i>0.0289178 0.99747 -0.064947 0.05418 0.0633145 0.996522 0.998112 -0.032336 -0.052212 3.13315 2.53059 1.29465</i>
                        <i>0.0218211 0.997637 -0.0651518 0.0579762 0.0637949 0.996278 0.998079 -0.0255172 -0.0564471 3.13516 2.54322 1.2944</i>
                        <i>0.014388 0.997679 -0.0665592 0.0678332 0.0654388 0.995548 0.997593 -0.0188388 -0.0667342 3.13729 2.54997 1.29459</i>
                        <i>0.0121946 0.997636 -0.0676348 0.0785693 0.0664747 0.99469 0.996834 -0.0174438 -0.0775729 3.14059 2.5554 1.29476</i>
                        <i>0.0143557 0.997542 -0.0685827 0.0890565 0.0670416 0.993768 0.995923 -0.0203739 -0.0878752 3.14486 2.55948 1.29491</i>
                        <i>0.0199028 0.997383 -0.0695096 0.0981672 0.067238 0.992896 0.994971 -0.0265849 -0.0965721 3.1499 2.56224 1.29505</i>
                        <i>0.0277975 0.997131 -0.0703997 0.104777 0.0671326 0.992227 0.994107 -0.0349577 -0.10261 3.15545 2.56372 1.29525</i>
                        <i>0.0369535 0.996783 -0.071114 0.107761 0.0667729 0.991932 0.99349 -0.0443187 -0.104947 3.16129 2.56401 1.29557</i>
                        <i>0.0462594 0.996373 -0.0714164 0.105999 0.0661931 0.992161 0.99329 -0.0534668 -0.102553 3.16717 2.56323 1.29613</i>
                        <i>0.0545945 0.995979 -0.0710237 0.0983651 0.0654192 0.992998 0.993652 -0.0611985 -0.0943981 3.17281 2.56155 1.29702</i>
                        <i>0.0608309 0.995713 -0.0696804 0.0837372 0.0644728 0.9944 0.994629 -0.0663251 -0.0794563 3.17798 2.55912 1.2983</i>
                        <i>0.0638265 0.995692 -0.0672539 0.0610033 0.0633725 0.996124 0.996095 -0.0676818 -0.0566957 3.18243 2.55611 1.30001</i>
                        <i>0.059784 0.99625 -0.0625453 0.0217134 0.0613446 0.99788 0.997975 -0.0610153 -0.0179645 3.18831 2.53947 1.30295</i>
                        <i>0.0477173 0.997265 -0.056447 -0.0332804 0.0580673 0.997758 0.998306 -0.0457317 0.0359602 3.19718 2.52865 1.30749</i>
                        <i>0.0305984 0.998191 -0.0517603 -0.092621 0.0543933 0.994215 0.995231 -0.0256273 0.0941178 3.20774 2.54453 1.31292</i>
                        <i>0.0118706 0.99866 -0.0503682 -0.145012 0.0515585 0.988086 0.989359 -0.00442514 0.14543 3.21862 2.57002 1.31875</i>
                        <i>-0.00471758 0.998595 -0.0527806 -0.179544 0.0510777 0.982423 0.983739 0.0141111 0.179051 3.22828 2.5952 1.32466</i>
                        <i>-0.00471758 0.998595 -0.0527806 -0.179544 0.0510777 0.982423 0.983739 0.0141111 0.179051 3.22828 2.5952 1.32466</i>
                        <i>-0.00471758 0.998595 -0.0527806 -0.179544 0.0510777 0.982423 0.983739 0.0141111 0.179051 3.22828 2.5952 1.32466</i>
                        <i>-0.00471758 0.998595 -0.0527806 -0.179544 0.0510777 0.982423 0.983739 0.0141111 0.179051 3.22828 2.5952 1.32466</i>
                        <i>-0.00471758 0.998595 -0.0527806 -0.179544 0.0510777 0.982423 0.983739 0.0141111 0.179051 3.22828 2.5952 1.32466</i>
                        <i>-0.00471758 0.998595 -0.0527806 -0.179544 0.0510777 0.982423 0.983739 0.0141111 0.179051 3.22828 2.5952 1.32466</i>
                        <i>-0.00471758 0.998595 -0.0527806 -0.179544 0.0510777 0.982423 0.983739 0.0141111 0.179051 3.22828 2.5952 1.32466</i>
                        <i>-0.00471758 0.998595 -0.0527806 -0.179544 0.0510777 0.982423 0.983739 0.0141111 0.179051 3.22828 2.5952 1.32466</i>
                        <i>-0.00471758 0.998595 -0.0527806 -0.179544 0.0510777 0.982423 0.983739 0.0141111 0.179051 3.22828 2.5952 1.32466</i>
                        <i>-0.00471758 0.998595 -0.0527806 -0.179544 0.0510777 0.982423 0.983739 0.0141111 0.179051 3.22828 2.5952 1.32466</i>
                        <i>-0.00471758 0.998595 -0.0527806 -0.179544 0.0510777 0.982423 0.983739 0.0141111 0.179051 3.22828 2.5952 1.32466</i>
                    </KeyFrames>
                </p>
            </i>
            <i>
                <p>
                    <Name><![CDATA[spine1]]></Name>
                    <Exclude>0</Exclude>
                    <Additive>0</Additive>
                    <IKPriority>0</IKPriority>
                    <IKRotLimits>-1e+010 -1e+010 -1e+010 1e+010 1e+010 1e+010</IKRotLimits>
                    <IKRotLimitOrder>0</IKRotLimitOrder>
                    <KeyFrames count="41">
                        <i>0.0471695 0.998451 0.0295168 -0.508401 -0.0014387 0.861119 0.859828 -0.0556249 0.507546 3.22747 2.76687 1.31558</i>
                        <i>-0.00667364 0.999946 0.00795546 -0.436085 -0.0100695 0.899849 0.899881 0.00253602 0.436129 3.21003 2.77997 1.31428</i>
                        <i>-0.0681534 0.997622 0.0103101 -0.258142 -0.0276155 0.965712 0.9637 0.0631551 0.25941 3.1877 2.74827 1.32037</i>
                        <i>-0.0270126 0.999234 0.0283166 -0.0699725 -0.0301475 0.997093 0.997183 0.0249527 0.0707333 3.19965 2.68645 1.32351</i>
                        <i>0.0548638 0.998172 0.0253417 0.0217475 -0.0265685 0.99941 0.998257 -0.0542803 -0.0231654 3.21959 2.6094 1.31685</i>
                        <i>0.116708 0.993069 0.0139292 0.0285396 -0.0173727 0.999442 0.992756 -0.116246 -0.0303693 3.2134 2.55274 1.31313</i>
                        <i>0.228231 0.973511 -0.0136682 0.0212681 0.00905028 0.999733 0.973375 -0.228461 -0.0186392 3.19553 2.54826 1.31045</i>
                        <i>0.354897 0.934024 -0.0405858 0.0119335 0.0388823 0.999173 0.934829 -0.355088 0.00265303 3.17209 2.56259 1.30678</i>
                        <i>0.461484 0.885419 -0.0553714 0.00145868 0.0616577 0.998096 0.887148 -0.460686 0.0271625 3.1511 2.58849 1.30162</i>
                        <i>0.52704 0.847991 -0.0560454 -0.0113814 0.0729852 0.997268 0.849764 -0.524962 0.0481174 3.13866 2.61752 1.29553</i>
                        <i>0.551582 0.832824 -0.0464873 -0.0297062 0.0753101 0.996718 0.833592 -0.54839 0.0662798 3.13448 2.64069 1.29024</i>
                        <i>0.546308 0.836966 -0.0321881 -0.0550604 0.0742327 0.99572 0.835773 -0.542197 0.0866375 3.13372 2.65974 1.28666</i>
                        <i>0.52119 0.85324 -0.0185024 -0.082361 0.071864 0.994008 0.849457 -0.516543 0.107728 3.13463 2.68085 1.28428</i>
                        <i>0.483328 0.875397 -0.00863207 -0.105408 0.0679812 0.992103 0.86907 -0.478601 0.125131 3.13655 2.70128 1.28297</i>
                        <i>0.4415 0.89725 -0.0044668 -0.118099 0.0630454 0.990998 0.889455 -0.436999 0.133799 3.13849 2.7182 1.28244</i>
                        <i>0.40666 0.913555 -0.00667633 -0.11449 0.0582116 0.991717 0.906377 -0.402527 0.128265 3.13913 2.7287 1.2823</i>
                        <i>0.379605 0.925075 -0.0116748 -0.10119 0.0540606 0.993397 0.919598 -0.375918 0.11413 3.13986 2.73402 1.28232</i>
                        <i>0.353044 0.935482 -0.0152717 -0.0896659 0.0500779 0.994712 0.9313 -0.349808 0.101561 3.14275 2.73782 1.2824</i>
                        <i>0.327238 0.944783 -0.0173072 -0.0808157 0.0462307 0.995656 0.94148 -0.324418 0.0914818 3.14741 2.74021 1.28249</i>
                        <i>0.302592 0.952955 -0.0177236 -0.0755063 0.0425042 0.996239 0.950125 -0.300116 0.0848156 3.15342 2.74129 1.28258</i>
                        <i>0.279626 0.959966 -0.0165584 -0.0745649 0.0389076 0.996457 0.957209 -0.2774 0.0824593 3.16036 2.74119 1.28272</i>
                        <i>0.258932 0.965795 -0.0139228 -0.0787694 0.0354802 0.996261 0.962678 -0.256867 0.0852621 3.16779 2.74006 1.28302</i>
                        <i>0.241125 0.970443 -0.00996318 -0.0888407 0.0322949 0.995522 0.966419 -0.239161 0.094002 3.17526 2.73809 1.2836</i>
                        <i>0.226799 0.97393 -0.00480745 -0.105437 0.0294596 0.99399 0.968217 -0.224929 0.10937 3.18233 2.73546 1.28462</i>
                        <i>0.216484 0.976285 0.00150097 -0.129157 0.0271156 0.991253 0.967705 -0.214784 0.131964 3.18855 2.73238 1.28618</i>
                        <i>0.210612 0.977528 0.00907579 -0.16055 0.0254301 0.9867 0.964296 -0.209268 0.162298 3.1935 2.72904 1.28833</i>
                        <i>0.196069 0.980383 0.0201387 -0.214358 0.0228112 0.976489 0.956874 -0.195776 0.214626 3.19867 2.71221 1.29211</i>
                        <i>0.164448 0.985874 0.0317715 -0.292354 0.0179525 0.956142 0.942065 -0.166524 0.291177 3.20542 2.70115 1.29773</i>
                        <i>0.123478 0.991617 0.0380585 -0.377414 0.0114572 0.925974 0.917775 -0.128701 0.375665 3.21302 2.71674 1.30399</i>
                        <i>0.081694 0.995983 0.0366486 -0.453832 0.00443657 0.891076 0.887334 -0.0894279 0.452372 3.22066 2.74194 1.31008</i>
                        <i>0.0471695 0.998451 0.0295168 -0.508401 -0.0014387 0.861119 0.859828 -0.0556249 0.507546 3.22747 2.76687 1.31558</i>
                        <i>0.0471695 0.998451 0.0295168 -0.508401 -0.0014387 0.861119 0.859828 -0.0556249 0.507546 3.22747 2.76687 1.31558</i>
                        <i>0.0471695 0.998451 0.0295168 -0.508401 -0.0014387 0.861119 0.859828 -0.0556249 0.507546 3.22747 2.76687 1.31558</i>
                        <i>0.0471695 0.998451 0.0295168 -0.508401 -0.0014387 0.861119 0.859828 -0.0556249 0.507546 3.22747 2.76687 1.31558</i>
                        <i>0.0471695 0.998451 0.0295168 -0.508401 -0.0014387 0.861119 0.859828 -0.0556249 0.507546 3.22747 2.76687 1.31558</i>
                        <i>0.0471695 0.998451 0.0295168 -0.508401 -0.0014387 0.861119 0.859828 -0.0556249 0.507546 3.22747 2.76687 1.31558</i>
                        <i>0.0471695 0.998451 0.0295168 -0.508401 -0.0014387 0.861119 0.859828 -0.0556249 0.507546 3.22747 2.76687 1.31558</i>
                        <i>0.0471695 0.998451 0.0295168 -0.508401 -0.0014387 0.861119 0.859828 -0.0556249 0.507546 3.22747 2.76687 1.31558</i>
                        <i>0.0471695 0.998451 0.0295168 -0.508401 -0.0014387 0.861119 0.859828 -0.0556249 0.507546 3.22747 2.76687 1.31558</i>
                        <i>0.0471695 0.998451 0.0295168 -0.508401 -0.0014387 0.861119 0.859828 -0.0556249 0.507546 3.22747 2.76687 1.31558</i>
                        <i>0.0471695 0.998451 0.0295168 -0.508401 -0.0014387 0.861119 0.859828 -0.0556249 0.507546 3.22747 2.76687 1.31558</i>
                    </KeyFrames>
                </p>
            </i>
            <i>
                <p>
                    <Name><![CDATA[spine2]]></Name>
                    <Exclude>0</Exclude>
                    <Additive>0</Additive>
                    <IKPriority>0</IKPriority>
                    <IKRotLimits>-1e+010 -1e+010 -1e+010 1e+010 1e+010 1e+010</IKRotLimits>
                    <IKRotLimitOrder>0</IKRotLimitOrder>
                    <KeyFrames count="41">
                        <i>0.142762 0.974148 0.175083 -0.774526 -0.000179318 0.632542 0.616221 -0.225909 0.754478 3.23481 2.92496 1.3206</i>
                        <i>0.0825246 0.987144 0.136878 -0.705792 -0.0390768 0.707341 0.703596 -0.154981 0.693494 3.20888 2.93828 1.31588</i>
                        <i>-0.00262751 0.994756 0.102237 -0.524919 -0.0883918 0.84655 0.851148 -0.051442 0.522399 3.17689 2.90601 1.32232</i>
                        <i>-0.00189024 0.99532 0.0966116 -0.315995 -0.0922559 0.944265 0.948759 -0.0287439 0.31469 3.1954 2.84435 1.32826</i>
                        <i>0.0440284 0.995209 0.0872988 -0.197198 -0.0770068 0.977335 0.979374 -0.0602456 0.192863 3.2283 2.76724 1.3211</i>
                        <i>0.0893521 0.993227 0.074274 -0.173989 -0.0578604 0.983046 0.980685 -0.10076 0.167641 3.23195 2.71027 1.31555</i>
                        <i>0.236898 0.970105 0.0526777 -0.180771 -0.00926019 0.983482 0.954569 -0.242507 0.173173 3.23228 2.70469 1.30846</i>
                        <i>0.445181 0.894577 0.039309 -0.179588 0.0461918 0.982657 0.877247 -0.44452 0.18122 3.23119 2.71762 1.30024</i>
                        <i>0.627908 0.777228 0.0405908 -0.171843 0.0875846 0.981223 0.759079 -0.623093 0.188557 3.23173 2.74241 1.29218</i>
                        <i>0.743513 0.666506 0.05439 -0.169408 0.10905 0.979494 0.646907 -0.737481 0.193992 3.23432 2.7705 1.28559</i>
                        <i>0.786661 0.613163 0.0720884 -0.179625 0.115596 0.97692 0.590677 -0.781453 0.201075 3.23594 2.79289 1.28192</i>
                        <i>0.775724 0.624747 0.0891258 -0.204135 0.114775 0.972191 0.597144 -0.772346 0.216566 3.23363 2.81184 1.281</i>
                        <i>0.73775 0.666936 0.1045 -0.236947 0.110876 0.965175 0.632124 -0.736819 0.239827 3.22849 2.83361 1.28117</i>
                        <i>0.684254 0.720298 0.113873 -0.268369 0.103529 0.957737 0.678066 -0.685896 0.264146 3.22192 2.8551 1.28167</i>
                        <i>0.631216 0.766901 0.115882 -0.288476 0.0934478 0.952916 0.719964 -0.634925 0.280218 3.2151 2.87317 1.28189</i>
                        <i>0.600431 0.791806 0.111923 -0.287444 0.0830942 0.954186 0.74623 -0.605094 0.277492 3.20888 2.88473 1.28137</i>
                        <i>0.588554 0.801489 0.105924 -0.274061 0.0745337 0.95882 0.760588 -0.593347 0.263524 3.20448 2.89084 1.28054</i>
                        <i>0.575586 0.81143 0.101404 -0.264173 0.0671533 0.962135 0.773895 -0.58058 0.25301 3.20232 2.89505 1.28003</i>
                        <i>0.561374 0.821651 0.0987393 -0.258435 0.0607099 0.964119 0.786175 -0.566749 0.246424 3.20211 2.89757 1.2798</i>
                        <i>0.545879 0.83209 0.098201 -0.257453 0.0550439 0.964722 0.79733 -0.551903 0.244271 3.20353 2.8986 1.27985</i>
                        <i>0.529186 0.842598 0.0999534 -0.261774 0.0500706 0.963829 0.807116 -0.53621 0.247067 3.20627 2.89834 1.28021</i>
                        <i>0.511499 0.85296 0.10406 -0.271884 0.0457719 0.961241 0.815137 -0.519966 0.255319 3.20997 2.897 1.28096</i>
                        <i>0.493107 0.862922 0.110502 -0.288202 0.0421869 0.95664 0.820844 -0.503572 0.269499 3.21428 2.89481 1.2822</i>
                        <i>0.474342 0.872233 0.119204 -0.31108 0.0394004 0.949567 0.823547 -0.487501 0.290024 3.21883 2.89199 1.28406</i>
                        <i>0.455523 0.88067 0.130075 -0.340798 0.0375287 0.939387 0.822409 -0.472241 0.317226 3.22327 2.88876 1.28665</i>
                        <i>0.436896 0.888065 0.143045 -0.377552 0.0367057 0.925261 0.816441 -0.45825 0.351327 3.2272 2.88534 1.29002</i>
                        <i>0.401676 0.901488 0.161167 -0.440168 0.0357251 0.897204 0.803062 -0.431326 0.411157 3.22998 2.86871 1.29558</i>
                        <i>0.34135 0.922716 0.179095 -0.531361 0.0322635 0.846531 0.77533 -0.384127 0.501308 3.23159 2.85816 1.30306</i>
                        <i>0.268905 0.944735 0.187527 -0.629046 0.0248224 0.776971 0.729377 -0.326894 0.600957 3.23258 2.87428 1.31034</i>
                        <i>0.198476 0.962627 0.184271 -0.714403 0.0133752 0.699606 0.670995 -0.270499 0.690359 3.23352 2.89986 1.31622</i>
                        <i>0.142762 0.974148 0.175083 -0.774526 -0.000179318 0.632542 0.616221 -0.225909 0.754478 3.23481 2.92496 1.3206</i>
                        <i>0.142762 0.974148 0.175083 -0.774526 -0.000179318 0.632542 0.616221 -0.225909 0.754478 3.23481 2.92496 1.3206</i>
                        <i>0.142762 0.974148 0.175083 -0.774526 -0.000179318 0.632542 0.616221 -0.225909 0.754478 3.23481 2.92496 1.3206</i>
                        <i>0.142762 0.974148 0.175083 -0.774526 -0.000179318 0.632542 0.616221 -0.225909 0.754478 3.23481 2.92496 1.3206</i>
                        <i>0.142762 0.974148 0.175083 -0.774526 -0.000179318 0.632542 0.616221 -0.225909 0.754478 3.23481 2.92496 1.3206</i>
                        <i>0.142762 0.974148 0.175083 -0.774526 -0.000179318 0.632542 0.616221 -0.225909 0.754478 3.23481 2.92496 1.3206</i>
                        <i>0.142762 0.974148 0.175083 -0.774526 -0.000179318 0.632542 0.616221 -0.225909 0.754478 3.23481 2.92496 1.3206</i>
                        <i>0.142762 0.974148 0.175083 -0.774526 -0.000179318 0.632542 0.616221 -0.225909 0.754478 3.23481 2.92496 1.3206</i>
                        <i>0.142762 0.974148 0.175083 -0.774526 -0.000179318 0.632542 0.616221 -0.225909 0.754478 3.23481 2.92496 1.3206</i>
                        <i>0.142762 0.974148 0.175083 -0.774526 -0.000179318 0.632542 0.616221 -0.225909 0.754478 3.23481 2.92496 1.3206</i>
                        <i>0.142762 0.974148 0.175083 -0.774526 -0.000179318 0.632542 0.616221 -0.225909 0.754478 3.23481 2.92496 1.3206</i>
                    </KeyFrames>
                </p>
            </i>
            <i>
                <p>
                    <Name><![CDATA[head]]></Name>
                    <Exclude>0</Exclude>
                    <Additive>0</Additive>
                    <IKPriority>0</IKPriority>
                    <IKRotLimits>-1e+010 -1e+010 -1e+010 1e+010 1e+010 1e+010</IKRotLimits>
                    <IKRotLimitOrder>0</IKRotLimitOrder>
                    <KeyFrames count="41">
                        <i>0.0455698 0.984618 0.168674 -0.391803 0.172937 -0.90365 -0.91892 -0.0249077 0.393657 3.26556 3.17803 1.36094</i>
                        <i>-0.111734 0.988499 -0.10191 -0.598889 -0.148819 -0.786883 -0.792999 -0.0268889 0.60863 3.22383 3.19408 1.34691</i>
                        <i>-0.325634 0.919079 -0.221937 -0.724152 -0.393357 -0.566458 -0.60792 -0.0237415 0.793643 3.16775 3.16276 1.34474</i>
                        <i>-0.367231 0.930025 0.0139868 -0.843059 -0.326464 -0.427403 -0.392929 -0.168748 0.903953 3.18342 3.10078 1.3502</i>
                        <i>-0.0973629 0.95358 0.284967 -0.957457 -0.0115912 -0.288341 -0.271653 -0.300918 0.914141 3.22538 3.02393 1.34155</i>
                        <i>0.312281 0.911683 0.267049 -0.903147 0.372094 -0.214178 -0.294629 -0.1743 0.939581 3.23689 2.96734 1.33354</i>
                        <i>0.60824 0.771005 0.188664 -0.726009 0.636468 -0.260421 -0.320865 0.0214266 0.946883 3.27249 2.96024 1.32289</i>
                        <i>0.817145 0.563242 0.122611 -0.516081 0.809602 -0.279652 -0.256777 0.165239 0.95224 3.32881 2.9612 1.31389</i>
                        <i>0.894317 0.43633 0.0990635 -0.406371 0.884736 -0.228264 -0.187243 0.163884 0.968546 3.38681 2.96054 1.30861</i>
                        <i>0.919419 0.375769 0.116048 -0.349854 0.916263 -0.195101 -0.179644 0.138779 0.973893 3.42967 2.9592 1.30741</i>
                        <i>0.902795 0.399949 0.158119 -0.362764 0.905652 -0.219538 -0.231005 0.140837 0.962705 3.44665 2.96574 1.30903</i>
                        <i>0.840629 0.501491 0.204572 -0.420258 0.842221 -0.337708 -0.341652 0.197914 0.918751 3.44012 2.98793 1.31225</i>
                        <i>0.736481 0.636238 0.229777 -0.458429 0.71921 -0.522091 -0.497432 0.279174 0.821355 3.4215 3.02138 1.31565</i>
                        <i>0.612543 0.7596 0.218632 -0.437618 0.556235 -0.706465 -0.658241 0.337063 0.673132 3.39676 3.0569 1.31745</i>
                        <i>0.506072 0.842369 0.185217 -0.365651 0.404036 -0.838483 -0.781147 0.356608 0.512485 3.37288 3.08629 1.31711</i>
                        <i>0.454088 0.876449 0.16013 -0.294429 0.317247 -0.90148 -0.840902 0.362204 0.40211 3.35779 3.10299 1.31509</i>
                        <i>0.443684 0.882359 0.156803 -0.249463 0.289651 -0.924051 -0.860763 0.37087 0.348629 3.35094 3.1101 1.31264</i>
                        <i>0.437409 0.884011 0.164918 -0.213053 0.280045 -0.936046 -0.87366 0.374299 0.310836 3.34599 3.11527 1.31079</i>
                        <i>0.432554 0.883586 0.179368 -0.186741 0.282428 -0.940937 -0.882057 0.373511 0.287167 3.34265 3.11878 1.30961</i>
                        <i>0.427579 0.88282 0.194435 -0.171543 0.290419 -0.941398 -0.887553 0.369168 0.275619 3.34061 3.12087 1.30918</i>
                        <i>0.421351 0.8836 0.204241 -0.168192 0.297437 -0.93981 -0.891165 0.361638 0.27394 3.33954 3.12179 1.3096</i>
                        <i>0.412193 0.888516 0.201585 -0.177793 0.295444 -0.938671 -0.893581 0.351073 0.279752 3.33912 3.12178 1.31098</i>
                        <i>0.399483 0.897039 0.189038 -0.196887 0.285347 -0.937983 -0.895349 0.337489 0.290606 3.339 3.12107 1.31343</i>
                        <i>0.383389 0.907058 0.17395 -0.219963 0.272597 -0.936647 -0.897011 0.320838 0.30403 3.33882 3.11989 1.3171</i>
                        <i>0.364664 0.916664 0.163548 -0.241846 0.262857 -0.934032 -0.899183 0.301054 0.317546 3.33821 3.11845 1.32206</i>
                        <i>0.344757 0.924108 0.164827 -0.2579 0.262083 -0.929946 -0.902569 0.278097 0.328682 3.33676 3.11697 1.32837</i>
                        <i>0.309842 0.933577 0.180087 -0.275182 0.269354 -0.922888 -0.910095 0.236393 0.340361 3.32949 3.10399 1.33786</i>
                        <i>0.252501 0.947541 0.195982 -0.301931 0.269589 -0.914417 -0.919283 0.171718 0.354164 3.31456 3.09892 1.34868</i>
                        <i>0.183526 0.962309 0.200698 -0.334443 0.25311 -0.90779 -0.924373 0.0994809 0.36829 3.29613 3.12053 1.35651</i>
                        <i>0.112473 0.975295 0.190129 -0.366432 0.218568 -0.904409 -0.923622 0.0320525 0.381963 3.27861 3.15035 1.35998</i>
                        <i>0.0455698 0.984618 0.168674 -0.391803 0.172937 -0.90365 -0.91892 -0.0249077 0.393657 3.26556 3.17803 1.36094</i>
                        <i>0.0455698 0.984618 0.168674 -0.391803 0.172937 -0.90365 -0.91892 -0.0249077 0.393657 3.26556 3.17803 1.36094</i>
                        <i>0.0455698 0.984618 0.168674 -0.391803 0.172937 -0.90365 -0.91892 -0.0249077 0.393657 3.26556 3.17803 1.36094</i>
                        <i>0.0455698 0.984618 0.168674 -0.391803 0.172937 -0.90365 -0.91892 -0.0249077 0.393657 3.26556 3.17803 1.36094</i>
                        <i>0.0455698 0.984618 0.168674 -0.391803 0.172937 -0.90365 -0.91892 -0.0249077 0.393657 3.26556 3.17803 1.36094</i>
                        <i>0.0455698 0.984618 0.168674 -0.391803 0.172937 -0.90365 -0.91892 -0.0249077 0.393657 3.26556 3.17803 1.36094</i>
                        <i>0.0455698 0.984618 0.168674 -0.391803 0.172937 -0.90365 -0.91892 -0.0249077 0.393657 3.26556 3.17803 1.36094</i>
                        <i>0.0455698 0.984618 0.168674 -0.391803 0.172937 -0.90365 -0.91892 -0.0249077 0.393657 3.26556 3.17803 1.36094</i>
                        <i>0.0455698 0.984618 0.168674 -0.391803 0.172937 -0.90365 -0.91892 -0.0249077 0.393657 3.26556 3.17803 1.36094</i>
                        <i>0.0455698 0.984618 0.168674 -0.391803 0.172937 -0.90365 -0.91892 -0.0249077 0.393657 3.26556 3.17803 1.36094</i>
                        <i>0.0455698 0.984618 0.168674 -0.391803 0.172937 -0.90365 -0.91892 -0.0249077 0.393657 3.26556 3.17803 1.36094</i>
                    </KeyFrames>
                </p>
            </i>
            <i>
                <p>
                    <Name><![CDATA[head_prop]]></Name>
                    <Exclude>0</Exclude>
                    <Additive>0</Additive>
                    <IKPriority>0</IKPriority>
                    <IKRotLimits>-1e+010 -1e+010 -1e+010 1e+010 1e+010 1e+010</IKRotLimits>
                    <IKRotLimitOrder>0</IKRotLimitOrder>
                    <KeyFrames count="41">
                        <i>0.91892 0.0249077 -0.393657 0.0455698 0.984618 0.168674 0.391803 -0.172937 0.90365 3.28041 3.49893 1.41592</i>
                        <i>0.792999 0.0268889 -0.60863 -0.111734 0.988499 -0.10191 0.598889 0.148819 0.786883 3.18742 3.51624 1.31369</i>
                        <i>0.60792 0.0237415 -0.793643 -0.325634 0.919079 -0.221937 0.724152 0.393357 0.566458 3.06162 3.4623 1.27241</i>
                        <i>0.392929 0.168748 -0.903953 -0.367231 0.930025 0.0139868 0.843059 0.326464 0.427403 3.06373 3.40388 1.35476</i>
                        <i>0.271653 0.300918 -0.914141 -0.0973629 0.95358 0.284967 0.957457 0.0115912 0.288341 3.19365 3.33471 1.43443</i>
                        <i>0.294629 0.1743 -0.939581 0.312281 0.911683 0.267049 0.903147 -0.372094 0.214178 3.33867 3.26447 1.42057</i>
                        <i>0.320865 -0.0214266 -0.946883 0.60824 0.771005 0.188664 0.726009 -0.636468 0.260421 3.47072 3.21152 1.38437</i>
                        <i>0.256777 -0.165239 -0.95224 0.817145 0.563242 0.122611 0.516081 -0.809602 0.279652 3.59512 3.14477 1.35385</i>
                        <i>0.187243 -0.163884 -0.968546 0.894317 0.43633 0.0990635 0.406371 -0.884736 0.228264 3.67827 3.10275 1.34089</i>
                        <i>0.179644 -0.138779 -0.973893 0.919419 0.375769 0.116048 0.349854 -0.916263 0.195101 3.72931 3.08166 1.34523</i>
                        <i>0.231005 -0.140837 -0.962705 0.902795 0.399949 0.158119 0.362764 -0.905652 0.219538 3.74088 3.09609 1.36056</i>
                        <i>0.341652 -0.197914 -0.918751 0.840629 0.501491 0.204572 0.420258 -0.842221 0.337708 3.71409 3.15137 1.37892</i>
                        <i>0.497432 -0.279174 -0.821355 0.736481 0.636238 0.229777 0.458429 -0.71921 0.522091 3.66153 3.22874 1.39053</i>
                        <i>0.658241 -0.337063 -0.673132 0.612543 0.7596 0.218632 0.437618 -0.556235 0.706465 3.59639 3.30446 1.38871</i>
                        <i>0.781147 -0.356608 -0.512485 0.506072 0.842369 0.185217 0.365651 -0.404036 0.838483 3.53781 3.36083 1.37747</i>
                        <i>0.840902 -0.362204 -0.40211 0.454088 0.876449 0.16013 0.294429 -0.317247 0.90148 3.50578 3.38863 1.36728</i>
                        <i>0.860763 -0.37087 -0.348629 0.443684 0.882359 0.156803 0.249463 -0.289651 0.924051 3.49554 3.39767 1.36375</i>
                        <i>0.87366 -0.374299 -0.310836 0.437409 0.884011 0.164918 0.213053 -0.280045 0.936046 3.48855 3.40338 1.36454</i>
                        <i>0.882057 -0.373511 -0.287167 0.432554 0.883586 0.179368 0.186741 -0.282428 0.940937 3.48363 3.40675 1.36807</i>
                        <i>0.887553 -0.369168 -0.275619 0.427579 0.88282 0.194435 0.171543 -0.290419 0.941398 3.47996 3.40859 1.37255</i>
                        <i>0.891165 -0.361638 -0.27394 0.421351 0.8836 0.204241 0.168192 -0.297437 0.93981 3.47686 3.40977 1.37617</i>
                        <i>0.893581 -0.351073 -0.279752 0.412193 0.888516 0.201585 0.177793 -0.295444 0.938671 3.47345 3.41136 1.37668</i>
                        <i>0.895349 -0.337489 -0.290606 0.399483 0.897039 0.189038 0.196887 -0.285347 0.937983 3.46919 3.41343 1.37504</i>
                        <i>0.897011 -0.320838 -0.30403 0.383389 0.907058 0.17395 0.219963 -0.272597 0.936647 3.46377 3.41551 1.37379</i>
                        <i>0.899183 -0.301054 -0.317546 0.364664 0.916664 0.163548 0.241846 -0.262857 0.934032 3.45706 3.4172 1.37536</i>
                        <i>0.902569 -0.278097 -0.328682 0.344757 0.924108 0.164827 0.2579 -0.262083 0.929946 3.44912 3.41814 1.38209</i>
                        <i>0.910095 -0.236393 -0.340361 0.309842 0.933577 0.180087 0.275182 -0.269354 0.922888 3.43048 3.40826 1.39656</i>
                        <i>0.919283 -0.171718 -0.354164 0.252501 0.947541 0.195982 0.301931 -0.269589 0.914417 3.39685 3.40774 1.41256</i>
                        <i>0.924373 -0.0994809 -0.36829 0.183526 0.962309 0.200698 0.334443 -0.25311 0.90779 3.35594 3.43415 1.42192</i>
                        <i>0.923622 -0.0320525 -0.381963 0.112473 0.975295 0.190129 0.366432 -0.218568 0.904409 3.31526 3.46821 1.42195</i>
                        <i>0.91892 0.0249077 -0.393657 0.0455698 0.984618 0.168674 0.391803 -0.172937 0.90365 3.28041 3.49893 1.41592</i>
                        <i>0.91892 0.0249077 -0.393657 0.0455698 0.984618 0.168674 0.391803 -0.172937 0.90365 3.28041 3.49893 1.41592</i>
                        <i>0.91892 0.0249077 -0.393657 0.0455698 0.984618 0.168674 0.391803 -0.172937 0.90365 3.28041 3.49893 1.41592</i>
                        <i>0.91892 0.0249077 -0.393657 0.0455698 0.984618 0.168674 0.391803 -0.172937 0.90365 3.28041 3.49893 1.41592</i>
                        <i>0.91892 0.0249077 -0.393657 0.0455698 0.984618 0.168674 0.391803 -0.172937 0.90365 3.28041 3.49893 1.41592</i>
                        <i>0.91892 0.0249077 -0.393657 0.0455698 0.984618 0.168674 0.391803 -0.172937 0.90365 3.28041 3.49893 1.41592</i>
                        <i>0.91892 0.0249077 -0.393657 0.0455698 0.984618 0.168674 0.391803 -0.172937 0.90365 3.28041 3.49893 1.41592</i>
                        <i>0.91892 0.0249077 -0.393657 0.0455698 0.984618 0.168674 0.391803 -0.172937 0.90365 3.28041 3.49893 1.41592</i>
                        <i>0.91892 0.0249077 -0.393657 0.0455698 0.984618 0.168674 0.391803 -0.172937 0.90365 3.28041 3.49893 1.41592</i>
                        <i>0.91892 0.0249077 -0.393657 0.0455698 0.984618 0.168674 0.391803 -0.172937 0.90365 3.28041 3.49893 1.41592</i>
                        <i>0.91892 0.0249077 -0.393657 0.0455698 0.984618 0.168674 0.391803 -0.172937 0.90365 3.28041 3.49893 1.41592</i>
                    </KeyFrames>
                </p>
            </i>
            <i>
                <p>
                    <Name><![CDATA[l_clav]]></Name>
                    <Exclude>0</Exclude>
                    <Additive>0</Additive>
                    <IKPriority>0</IKPriority>
                    <IKRotLimits>-1e+010 -1e+010 -1e+010 1e+010 1e+010 1e+010</IKRotLimits>
                    <IKRotLimitOrder>0</IKRotLimitOrder>
                    <KeyFrames count="41">
                        <i>0.617128 0.322753 -0.717624 -0.229415 0.946185 0.228261 0.752677 0.0237677 0.657961 3.3313 2.97858 1.30002</i>
                        <i>0.51686 0.344168 -0.783839 -0.276851 0.933623 0.227381 0.810067 0.0994828 0.577836 3.29817 2.99815 1.28448</i>
                        <i>0.288223 0.362643 -0.886238 -0.33416 0.905422 0.261817 0.897365 0.220683 0.382144 3.25041 2.9739 1.27187</i>
                        <i>0.0659199 0.354328 -0.932795 -0.303373 0.897691 0.319555 0.950589 0.26192 0.16667 3.2552 2.91362 1.26283</i>
                        <i>-0.0455082 0.342435 -0.938439 -0.24815 0.906091 0.342666 0.967652 0.248468 0.0437408 3.283 2.83464 1.24846</i>
                        <i>-0.0701056 0.338728 -0.938269 -0.226475 0.910617 0.345667 0.971491 0.236727 0.0128739 3.28947 2.77655 1.24055</i>
                        <i>-0.0394312 0.348879 -0.936338 -0.112823 0.92952 0.35109 0.992832 0.119484 0.00270938 3.30128 2.76385 1.23114</i>
                        <i>0.031462 0.372581 -0.927466 0.095526 0.922557 0.37385 0.99493 -0.100359 -0.00656569 3.31331 2.76391 1.2209</i>
                        <i>0.12879 0.390693 -0.911467 0.316605 0.854821 0.411148 0.939773 -0.341527 -0.0136031 3.32327 2.77494 1.21203</i>
                        <i>0.223012 0.398137 -0.889805 0.474113 0.75326 0.455868 0.851753 -0.523532 -0.0207763 3.33051 2.79277 1.20599</i>
                        <i>0.275481 0.412165 -0.868464 0.526749 0.691 0.495029 0.804143 -0.593834 -0.0267497 3.33397 2.81059 1.20393</i>
                        <i>0.280754 0.44269 -0.851588 0.492896 0.694832 0.523701 0.823548 -0.566775 -0.0231235 3.33295 2.83005 1.20546</i>
                        <i>0.262712 0.476317 -0.83911 0.42044 0.72624 0.54388 0.868454 -0.495679 -0.00947089 3.32868 2.8549 1.2085</i>
                        <i>0.228871 0.503771 -0.832966 0.333937 0.763125 0.553286 0.914387 -0.404789 0.00642895 3.32196 2.88085 1.2115</i>
