<?xml version="1.0" encoding="ISO-8859-1" ?>
<Animl Version="1">
    <ModellingPackage>
        <![CDATA[Maya.2010]]>
</ModellingPackage>
    <SrcFile>
        <![CDATA[anims\turrets\artillery\blue\~src\artillery_m102\artillery_m102_fire_crewman_b.mb]]>
</SrcFile>
    <FramesPerSecond>30</FramesPerSecond>
    <TotalFrames>40</TotalFrames>
    <Skeleton>
        <RefFrame>
            <Name>
                <![CDATA[soldier_ref_frame]]>
</Name>
            <Exclude>0</Exclude>
            <Additive>0</Additive>
            <IKPriority>0</IKPriority>
            <IKRotLimits>-1e+010 -1e+010 -1e+010 1e+010 1e+010 1e+010</IKRotLimits>
            <IKRotLimitOrder>0</IKRotLimitOrder>
            <KeyFrames count="40">
                <i>1 0 0 0 1 0 0 0 1 -0.72 1.59 -1.73</i>
                <i>1 0 0 0 1 0 0 0 1 -0.72 1.59 -1.73</i>
                <i>1 0 0 0 1 0 0 0 1 -0.72 1.59 -1.73</i>
                <i>1 0 0 0 1 0 0 0 1 -0.72 1.59 -1.73</i>
                <i>1 0 0 0 1 0 0 0 1 -0.72 1.59 -1.73</i>
                <i>1 0 0 0 1 0 0 0 1 -0.72 1.59 -1.73</i>
                <i>1 0 0 0 1 0 0 0 1 -0.72 1.59 -1.73</i>
                <i>1 0 0 0 1 0 0 0 1 -0.72 1.59 -1.73</i>
                <i>1 0 0 0 1 0 0 0 1 -0.72 1.59 -1.73</i>
                <i>1 0 0 0 1 0 0 0 1 -0.72 1.59 -1.73</i>
                <i>1 0 0 0 1 0 0 0 1 -0.72 1.59 -1.73</i>
                <i>1 0 0 0 1 0 0 0 1 -0.72 1.59 -1.73</i>
                <i>1 0 0 0 1 0 0 0 1 -0.72 1.59 -1.73</i>
                <i>1 0 0 0 1 0 0 0 1 -0.72 1.59 -1.73</i>
                <i>1 0 0 0 1 0 0 0 1 -0.72 1.59 -1.73</i>
                <i>1 0 0 0 1 0 0 0 1 -0.72 1.59 -1.73</i>
                <i>1 0 0 0 1 0 0 0 1 -0.72 1.59 -1.73</i>
                <i>1 0 0 0 1 0 0 0 1 -0.72 1.59 -1.73</i>
                <i>1 0 0 0 1 0 0 0 1 -0.72 1.59 -1.73</i>
                <i>1 0 0 0 1 0 0 0 1 -0.72 1.59 -1.73</i>
                <i>1 0 0 0 1 0 0 0 1 -0.72 1.59 -1.73</i>
                <i>1 0 0 0 1 0 0 0 1 -0.72 1.59 -1.73</i>
                <i>1 0 0 0 1 0 0 0 1 -0.72 1.59 -1.73</i>
                <i>1 0 0 0 1 0 0 0 1 -0.72 1.59 -1.73</i>
                <i>1 0 0 0 1 0 0 0 1 -0.72 1.59 -1.73</i>
                <i>1 0 0 0 1 0 0 0 1 -0.72 1.59 -1.73</i>
                <i>1 0 0 0 1 0 0 0 1 -0.72 1.59 -1.73</i>
                <i>1 0 0 0 1 0 0 0 1 -0.72 1.59 -1.73</i>
                <i>1 0 0 0 1 0 0 0 1 -0.72 1.59 -1.73</i>
                <i>1 0 0 0 1 0 0 0 1 -0.72 1.59 -1.73</i>
                <i>1 0 0 0 1 0 0 0 1 -0.72 1.59 -1.73</i>
                <i>1 0 0 0 1 0 0 0 1 -0.72 1.59 -1.73</i>
                <i>1 0 0 0 1 0 0 0 1 -0.72 1.59 -1.73</i>
                <i>1 0 0 0 1 0 0 0 1 -0.72 1.59 -1.73</i>
                <i>1 0 0 0 1 0 0 0 1 -0.72 1.59 -1.73</i>
                <i>1 0 0 0 1 0 0 0 1 -0.72 1.59 -1.73</i>
                <i>1 0 0 0 1 0 0 0 1 -0.72 1.59 -1.73</i>
                <i>1 0 0 0 1 0 0 0 1 -0.72 1.59 -1.73</i>
                <i>1 0 0 0 1 0 0 0 1 -0.72 1.59 -1.73</i>
                <i>1 0 0 0 1 0 0 0 1 -0.72 1.59 -1.73</i>
            </KeyFrames>
        </RefFrame>
        <Bones count="23">
            <i>
                <p>
                    <Name>
                        <![CDATA[pelvis]]>
</Name>
                    <Exclude>0</Exclude>
                    <Additive>0</Additive>
                    <IKPriority>0</IKPriority>
                    <IKRotLimits>-1e+010 -1e+010 -1e+010 1e+010 1e+010 1e+010</IKRotLimits>
                    <IKRotLimitOrder>2</IKRotLimitOrder>
                    <KeyFrames count="40">
                        <i>1 0 0 0 1 0 0 0 1 -1.31388 2.81402 -1.4542</i>
                        <i>1 0 0 0 1 0 0 0 1 -1.31397 2.8145 -1.45445</i>
                        <i>1 0 0 0 1 0 0 0 1 -1.31388 2.85791 -1.4542</i>
                        <i>1 0 0 0 1 0 0 0 1 -1.31402 2.92926 -1.45599</i>
                        <i>1 0 0 0 1 0 0 0 1 -1.31465 3.00612 -1.45833</i>
                        <i>1 0 0 0 1 0 0 0 1 -1.31353 3.14025 -1.45434</i>
                        <i>1 0 0 0 1 0 0 0 1 -1.31133 3.15765 -1.44961</i>
                        <i>1 0 0 0 1 0 0 0 1 -1.31057 2.97593 -1.45135</i>
                        <i>1 0 0 0 1 0 0 0 1 -1.31078 2.78428 -1.45549</i>
                        <i>1 0 0 0 1 0 0 0 1 -1.30962 2.77829 -1.45439</i>
                        <i>1 0 0 0 1 0 0 0 1 -1.30891 2.77177 -1.45492</i>
                        <i>1 0 0 0 1 0 0 0 1 -1.30858 2.76642 -1.45602</i>
                        <i>1 0 0 0 1 0 0 0 1 -1.30849 2.76395 -1.45665</i>
                        <i>1 0 0 0 1 0 0 0 1 -1.30847 2.7637 -1.45668</i>
                        <i>1 0 0 0 1 0 0 0 1 -1.30849 2.76388 -1.45666</i>
                        <i>1 0 0 0 1 0 0 0 1 -1.30857 2.76449 -1.45661</i>
                        <i>1 0 0 0 1 0 0 0 1 -1.30872 2.76556 -1.45652</i>
                        <i>1 0 0 0 1 0 0 0 1 -1.30894 2.7671 -1.4564</i>
                        <i>1 0 0 0 1 0 0 0 1 -1.30926 2.76914 -1.45627</i>
                        <i>1 0 0 0 1 0 0 0 1 -1.30967 2.77169 -1.45612</i>
                        <i>1 0 0 0 1 0 0 0 1 -1.31018 2.77477 -1.45598</i>
                        <i>1 0 0 0 1 0 0 0 1 -1.31078 2.77838 -1.45585</i>
                        <i>1 0 0 0 1 0 0 0 1 -1.31191 2.78618 -1.4554</i>
                        <i>1 0 0 0 1 0 0 0 1 -1.31316 2.79821 -1.45475</i>
                        <i>1 0 0 0 1 0 0 0 1 -1.31377 2.80921 -1.45433</i>
                        <i>1 0 0 0 1 0 0 0 1 -1.31388 2.81402 -1.4542</i>
                        <i>1 0 0 0 1 0 0 0 1 -1.31388 2.81402 -1.4542</i>
                        <i>1 0 0 0 1 0 0 0 1 -1.31388 2.81402 -1.4542</i>
                        <i>1 0 0 0 1 0 0 0 1 -1.31388 2.81402 -1.4542</i>
                        <i>1 0 0 0 1 0 0 0 1 -1.31388 2.81402 -1.4542</i>
                        <i>1 0 0 0 1 0 0 0 1 -1.31388 2.81402 -1.4542</i>
                        <i>1 0 0 0 1 0 0 0 1 -1.31388 2.81402 -1.4542</i>
                        <i>1 0 0 0 1 0 0 0 1 -1.31388 2.81402 -1.4542</i>
                        <i>1 0 0 0 1 0 0 0 1 -1.31388 2.81402 -1.4542</i>
                        <i>1 0 0 0 1 0 0 0 1 -1.31388 2.81402 -1.4542</i>
                        <i>1 0 0 0 1 0 0 0 1 -1.31388 2.81402 -1.4542</i>
                        <i>1 0 0 0 1 0 0 0 1 -1.31388 2.81402 -1.4542</i>
                        <i>1 0 0 0 1 0 0 0 1 -1.31388 2.81402 -1.4542</i>
                        <i>1 0 0 0 1 0 0 0 1 -1.31388 2.81402 -1.4542</i>
                        <i>1 0 0 0 1 0 0 0 1 -1.31388 2.81402 -1.4542</i>
                    </KeyFrames>
                </p>
            </i>
            <i>
                <p>
                    <Name>
                        <![CDATA[spine0]]>
</Name>
                    <Exclude>0</Exclude>
                    <Additive>0</Additive>
                    <IKPriority>0</IKPriority>
                    <IKRotLimits>-1e+010 -1e+010 -1e+010 1e+010 1e+010 1e+010</IKRotLimits>
                    <IKRotLimitOrder>0</IKRotLimitOrder>
                    <KeyFrames count="40">
                        <i>-0.155842 0.983755 0.0891025 0.37047 -0.0254093 0.928497 0.915678 0.177709 -0.360492 -1.4056 2.91764 -1.41486</i>
                        <i>-0.113121 0.989117 0.0940795 0.378512 -0.0446464 0.924519 0.918658 0.140193 -0.369342 -1.40644 2.91734 -1.41482</i>
                        <i>-0.0460413 0.994591 0.0931035 0.388448 -0.0680413 0.918955 0.92032 0.0784758 -0.383214 -1.40711 2.95995 -1.4143</i>
                        <i>-0.0271493 0.997253 0.0689121 0.380786 -0.0534227 0.923119 0.924264 0.0513028 -0.37829 -1.40138 3.03716 -1.41826</i>
                        <i>-0.0063272 0.999355 0.0353366 0.372398 -0.0304407 0.927574 0.928052 0.0190282 -0.371965 -1.38989 3.12416 -1.42514</i>
                        <i>-0.000306358 0.999766 0.0216402 0.370417 -0.0199874 0.928651 0.928866 0.00830041 -0.370324 -1.38056 3.26394 -1.42428</i>
                        <i>-0.0279477 0.998218 0.0527166 0.373917 -0.038469 0.926664 0.927041 0.0456098 -0.372176 -1.37686 3.28228 -1.42011</i>
                        <i>-0.0582624 0.994239 0.0899699 0.378581 -0.0613865 0.92353 0.923732 0.087868 -0.372824 -1.37661 3.10024 -1.42161</i>
                        <i>-0.0991264 0.988719 0.112289 0.381419 -0.0664723 0.922009 0.919072 0.134224 -0.370527 -1.38002 2.90652 -1.42449</i>
                        <i>-0.119589 0.986303 0.113596 0.38323 -0.0596913 0.921722 0.915878 0.153761 -0.370843 -1.38607 2.89537 -1.42057</i>
                        <i>-0.0939984 0.991969 0.084629 0.381517 -0.042625 0.923379 0.91957 0.119084 -0.374446 -1.39473 2.88099 -1.41746</i>
                        <i>-0.0417002 0.998303 0.0406537 0.374904 -0.0220818 0.926801 0.926125 0.053889 -0.373347 -1.40229 2.86778 -1.41552</i>
                        <i>-0.00586411 0.999876 0.0146185 0.369932 -0.0114125 0.928989 0.92904 0.0108556 -0.369819 -1.40585 2.86122 -1.41475</i>
                        <i>-0.00110272 0.999921 0.0124961 0.369838 -0.0112023 0.929029 0.929096 0.005646 -0.369796 -1.40596 2.86082 -1.41472</i>
                        <i>-0.00567396 0.999882 0.014277 0.36994 -0.0111655 0.928989 0.929038 0.0105527 -0.369833 -1.40508 2.86204 -1.41505</i>
                        <i>-0.0170516 0.999674 0.018976 0.370196 -0.0113178 0.928885 0.928797 0.0228638 -0.369883 -1.40344 2.86458 -1.41565</i>
                        <i>-0.0325849 0.999142 0.0255536 0.370552 -0.0116682 0.928738 0.92824 0.0397317 -0.369854 -1.40126 2.86816 -1.41645</i>
                        <i>-0.0497262 0.998217 0.0330132 0.370951 -0.012231 0.928572 0.92732 0.0584206 -0.369681 -1.39879 2.87246 -1.41737</i>
                        <i>-0.066221 0.996984 0.0404804 0.371344 -0.0130307 0.928404 0.926131 0.076512 -0.369361 -1.39629 2.87723 -1.41833</i>
                        <i>-0.0802329 0.995655 0.0472527 0.371694 -0.0141015 0.928248 0.924882 0.0920396 -0.368948 -1.39405 2.88222 -1.41922</i>
                        <i>-0.0903712 0.994507 0.0528091 0.371977 -0.0154818 0.928113 0.923832 0.103518 -0.368534 -1.39235 2.88722 -1.41994</i>
                        <i>-0.0956212 0.993797 0.0567801 0.372188 -0.0172096 0.927998 0.923219 0.109869 -0.368234 -1.39152 2.89205 -1.42039</i>
                        <i>-0.101116 0.992977 0.0614231 0.371952 -0.0195305 0.928046 0.922728 0.116686 -0.367365 -1.39307 2.89952 -1.41984</i>
                        <i>-0.111158 0.991468 0.0680777 0.371264 -0.022114 0.928264 0.92185 0.128458 -0.365638 -1.3964 2.90979 -1.41848</i>
                        <i>-0.121881 0.989751 0.0744224 0.370595 -0.0241791 0.92848 0.920763 0.140744 -0.363849 -1.39922 2.91886 -1.41729</i>
                        <i>-0.126229 0.989006 0.0770256 0.370312 -0.025055 0.92857 0.920291 0.145736 -0.363078 -1.40018 2.9229 -1.41687</i>
                        <i>-0.129923 0.988404 0.0785993 0.37035 -0.0251583 0.928551 0.919761 0.149749 -0.362787 -1.40088 2.92225 -1.41661</i>
                        <i>-0.140204 0.986655 0.082793 0.370403 -0.0252808 0.928527 0.918229 0.16085 -0.361916 -1.40278 2.92045 -1.41591</i>
                        <i>-0.150903 0.984703 0.0871162 0.37045 -0.025374 0.928506 0.916512 0.172387 -0.360954 -1.40471 2.91853 -1.41519</i>
                        <i>-0.155842 0.983755 0.0891025 0.37047 -0.0254093 0.928497 0.915678 0.177709 -0.360492 -1.4056 2.91764 -1.41486</i>
                        <i>-0.155842 0.983755 0.0891025 0.37047 -0.0254093 0.928497 0.915678 0.177709 -0.360492 -1.4056 2.91764 -1.41486</i>
                        <i>-0.155842 0.983755 0.0891025 0.37047 -0.0254093 0.928497 0.915678 0.177709 -0.360492 -1.4056 2.91764 -1.41486</i>
                        <i>-0.155842 0.983755 0.0891025 0.37047 -0.0254093 0.928497 0.915678 0.177709 -0.360492 -1.4056 2.91764 -1.41486</i>
                        <i>-0.155842 0.983755 0.0891025 0.37047 -0.0254093 0.928497 0.915678 0.177709 -0.360492 -1.4056 2.91764 -1.41486</i>
                        <i>-0.155842 0.983755 0.0891025 0.37047 -0.0254093 0.928497 0.915678 0.177709 -0.360492 -1.4056 2.91764 -1.41486</i>
                        <i>-0.155842 0.983755 0.0891025 0.37047 -0.0254093 0.928497 0.915678 0.177709 -0.360492 -1.4056 2.91764 -1.41486</i>
                        <i>-0.155842 0.983755 0.0891025 0.37047 -0.0254093 0.928497 0.915678 0.177709 -0.360492 -1.4056 2.91764 -1.41486</i>
                        <i>-0.155842 0.983755 0.0891025 0.37047 -0.0254093 0.928497 0.915678 0.177709 -0.360492 -1.4056 2.91764 -1.41486</i>
                        <i>-0.155842 0.983755 0.0891025 0.37047 -0.0254093 0.928497 0.915678 0.177709 -0.360492 -1.4056 2.91764 -1.41486</i>
                        <i>-0.155842 0.983755 0.0891025 0.37047 -0.0254093 0.928497 0.915678 0.177709 -0.360492 -1.4056 2.91764 -1.41486</i>
                    </KeyFrames>
                </p>
            </i>
            <i>
                <p>
                    <Name>
                        <![CDATA[spine1]]>
</Name>
                    <Exclude>0</Exclude>
                    <Additive>0</Additive>
                    <IKPriority>0</IKPriority>
                    <IKRotLimits>-1e+010 -1e+010 -1e+010 1e+010 1e+010 1e+010</IKRotLimits>
                    <IKRotLimitOrder>0</IKRotLimitOrder>
                    <KeyFrames count="40">
                        <i>0.36022 0.929148 -0.0832148 0.233932 -0.00361807 0.972246 0.90306 -0.369689 -0.218661 -1.43568 3.10682 -1.39767</i>
                        <i>0.382876 0.92027 -0.0806834 0.235919 -0.0129622 0.971686 0.893168 -0.39107 -0.222072 -1.42678 3.09481 -1.39793</i>
                        <i>0.403893 0.911351 -0.0794359 0.240597 -0.0220473 0.970375 0.8826 -0.41104 -0.228173 -1.41489 3.12841 -1.39853</i>
                        <i>0.437226 0.893441 -0.102946 0.238703 -0.00492306 0.97108 0.867096 -0.449154 -0.215419 -1.40626 3.21513 -1.40594</i>
                        <i>0.455515 0.881375 -0.125239 0.240533 0.013597 0.970546 0.857117 -0.472222 -0.205806 -1.39123 3.31626 -1.4183</i>
                        <i>0.420218 0.899509 -0.119585 0.242257 0.0157941 0.970084 0.874487 -0.436617 -0.211275 -1.3808 3.46524 -1.41985</i>
                        <i>0.29726 0.952998 -0.0585812 0.272504 -0.0258769 0.961807 0.915084 -0.30187 -0.267388 -1.38259 3.48137 -1.40953</i>
                        <i>0.126184 0.991658 0.0263248 0.339528 -0.068107 0.938127 0.932094 -0.109438 -0.345289 -1.38803 3.29302 -1.40412</i>
                        <i>0.0440989 0.99696 0.0642298 0.374854 -0.0761074 0.923954 0.926034 -0.0166686 -0.377071 -1.39918 3.09649 -1.40286</i>
                        <i>0.145995 0.989126 0.0177738 0.34819 -0.0681932 0.93494 0.925985 -0.130308 -0.35436 -1.40975 3.08945 -1.39816</i>
                        <i>0.334648 0.939647 -0.0712293 0.299444 -0.0343658 0.953495 0.893501 -0.340415 -0.292872 -1.41436 3.08607 -1.39989</i>
                        <i>0.497445 0.854397 -0.15018 0.253579 0.0223452 0.967057 0.829606 -0.51914 -0.205541 -1.41161 3.0847 -1.40658</i>
                        <i>0.572032 0.798845 -0.18608 0.232439 0.0596857 0.970778 0.786608 -0.598568 -0.151541 -1.40744 3.08321 -1.41139</i>
                        <i>0.582635 0.790071 -0.19059 0.23234 0.0628022 0.970605 0.778816 -0.609791 -0.146974 -1.40649 3.08241 -1.41184</i>
                        <i>0.577826 0.794075 -0.188581 0.232962 0.0609767 0.970572 0.782206 -0.604754 -0.149756 -1.4066 3.08201 -1.4118</i>
                        <i>0.56067 0.807944 -0.181316 0.234027 0.0554275 0.970649 0.79428 -0.586647 -0.158004 -1.40741 3.08197 -1.41142</i>
                        <i>0.533669 0.828463 -0.16984 0.235234 0.0474855 0.970778 0.812319 -0.558027 -0.169541 -1.40849 3.08222 -1.41088</i>
                        <i>0.499539 0.852262 -0.155276 0.236339 0.0383665 0.970913 0.833429 -0.521707 -0.182257 -1.40949 3.08271 -1.41033</i>
                        <i>0.46176 0.876041 -0.139035 0.23719 0.0290879 0.971028 0.854704 -0.481359 -0.194357 -1.41019 3.08348 -1.40988</i>
                        <i>0.424851 0.896879 -0.122925 0.237713 0.0204954 0.971119 0.873495 -0.441801 -0.204492 -1.41053 3.08458 -1.40954</i>
                        <i>0.394293 0.912484 -0.109112 0.237886 0.0133404 0.971201 0.887661 -0.408894 -0.211808 -1.41059 3.08612 -1.40932</i>
                        <i>0.37612 0.921161 -0.0999776 0.237709 0.00836037 0.9713 0.89556 -0.389091 -0.215824 -1.41053 3.08813 -1.40912</i>
                        <i>0.374676 0.922093 -0.096756 0.237033 0.00562457 0.971485 0.896344 -0.386927 -0.216459 -1.41291 3.09307 -1.40781</i>
                        <i>0.383608 0.918361 -0.0972524 0.236052 0.00430317 0.971731 0.892818 -0.39572 -0.21513 -1.41793 3.10073 -1.40532</i>
                        <i>0.394091 0.91372 -0.0990402 0.235177 0.00391848 0.971945 0.888473 -0.406326 -0.213342 -1.42256 3.1075 -1.40307</i>
                        <i>0.399896 0.911043 -0.100424 0.234827 0.0040713 0.972029 0.885968 -0.412292 -0.212309 -1.42422 3.11045 -1.40223</i>
                        <i>0.394687 0.913561 -0.0981299 0.234715 0.00300935 0.97206 0.888331 -0.406692 -0.213238 -1.42567 3.11003 -1.40164</i>
                        <i>0.380939 0.919996 -0.0921592 0.234395 0.000327557 0.972141 0.894396 -0.391928 -0.215518 -1.42966 3.10883 -1.40005</i>
                        <i>0.36675 0.926334 -0.0860277 0.234076 -0.00238536 0.972215 0.900391 -0.376697 -0.217707 -1.43379 3.10748 -1.39842</i>
                        <i>0.36022 0.929148 -0.0832148 0.233932 -0.00361807 0.972246 0.90306 -0.369689 -0.218661 -1.43568 3.10682 -1.39767</i>
                        <i>0.36022 0.929148 -0.0832148 0.233932 -0.00361807 0.972246 0.90306 -0.369689 -0.218661 -1.43568 3.10682 -1.39767</i>
                        <i>0.36022 0.929148 -0.0832148 0.233932 -0.00361807 0.972246 0.90306 -0.369689 -0.218661 -1.43568 3.10682 -1.39767</i>
                        <i>0.36022 0.929148 -0.0832148 0.233932 -0.00361807 0.972246 0.90306 -0.369689 -0.218661 -1.43568 3.10682 -1.39767</i>
                        <i>0.36022 0.929148 -0.0832148 0.233932 -0.00361807 0.972246 0.90306 -0.369689 -0.218661 -1.43568 3.10682 -1.39767</i>
                        <i>0.36022 0.929148 -0.0832148 0.233932 -0.00361807 0.972246 0.90306 -0.369689 -0.218661 -1.43568 3.10682 -1.39767</i>
                        <i>0.36022 0.929148 -0.0832148 0.233932 -0.00361807 0.972246 0.90306 -0.369689 -0.218661 -1.43568 3.10682 -1.39767</i>
                        <i>0.36022 0.929148 -0.0832148 0.233932 -0.00361807 0.972246 0.90306 -0.369689 -0.218661 -1.43568 3.10682 -1.39767</i>
                        <i>0.36022 0.929148 -0.0832148 0.233932 -0.00361807 0.972246 0.90306 -0.369689 -0.218661 -1.43568 3.10682 -1.39767</i>
                        <i>0.36022 0.929148 -0.0832148 0.233932 -0.00361807 0.972246 0.90306 -0.369689 -0.218661 -1.43568 3.10682 -1.39767</i>
                        <i>0.36022 0.929148 -0.0832148 0.233932 -0.00361807 0.972246 0.90306 -0.369689 -0.218661 -1.43568 3.10682 -1.39767</i>
                    </KeyFrames>
                </p>
            </i>
            <i>
                <p>
                    <Name>
                        <![CDATA[spine2]]>
</Name>
                    <Exclude>0</Exclude>
                    <Additive>0</Additive>
                    <IKPriority>0</IKPriority>
                    <IKRotLimits>-1e+010 -1e+010 -1e+010 1e+010 1e+010 1e+010</IKRotLimits>
                    <IKRotLimitOrder>0</IKRotLimitOrder>
                    <KeyFrames count="40">
                        <i>0.648262 0.747128 -0.146819 0.139518 0.0730044 0.987525 0.748526 -0.660658 -0.0569118 -1.37159 3.2708 -1.41234</i>
                        <i>0.524219 0.842829 -0.121788 0.130275 0.0619599 0.98954 0.84156 -0.534602 -0.0773188 -1.3634 3.24637 -1.41114</i>
                        <i>0.383244 0.91868 -0.0956621 0.120243 0.053065 0.991325 0.915787 -0.391422 -0.0901283 -1.35192 3.27015 -1.41076</i>
                        <i>0.512145 0.84847 -0.133442 0.13323 0.0750053 0.988243 0.848503 -0.523902 -0.0746281 -1.33433 3.36149 -1.42272</i>
                        <i>0.679953 0.711217 -0.178423 0.152262 0.101076 0.983158 0.717273 -0.695668 -0.0395644 -1.31037 3.47171 -1.44037</i>
                        <i>0.726416 0.661683 -0.18573 0.155199 0.105329 0.982252 0.669502 -0.742349 -0.0261799 -1.30252 3.63148 -1.44196</i>
                        <i>0.556026 0.817995 -0.147376 0.193819 0.0448185 0.980013 0.80825 -0.573477 -0.133623 -1.32761 3.65604 -1.42029</i>
                        <i>0.247344 0.966927 -0.0622374 0.30067 -0.015533 0.953602 0.921096 -0.254581 -0.294568 -1.36518 3.46996 -1.3995</i>
                        <i>0.133206 0.990707 -0.0274922 0.361669 -0.0227645 0.932029 0.922741 -0.134095 -0.36134 -1.39109 3.27285 -1.39161</i>
                        <i>0.33678 0.936406 -0.0986065 0.31968 -0.0152089 0.947403 0.885655 -0.350589 -0.304472 -1.38293 3.26848 -1.39504</i>
                        <i>0.595831 0.784033 -0.174006 0.246092 0.0280026 0.968842 0.764476 -0.620088 -0.176259 -1.35019 3.26443 -1.41352</i>
                        <i>0.774013 0.596783 -0.211552 0.192839 0.0960554 0.976517 0.60309 -0.796633 -0.0407352 -1.31157 3.25482 -1.43661</i>
                        <i>0.841468 0.492722 -0.221714 0.177716 0.135118 0.974762 0.510244 -0.859633 0.0261329 -1.29 3.24555 -1.44933</i>
                        <i>0.84952 0.477093 -0.225164 0.180457 0.138267 0.973816 0.495734 -0.867908 0.0313658 -1.28713 3.24264 -1.45063</i>
                        <i>0.847607 0.480862 -0.224353 0.17974 0.137626 0.974039 0.499255 -0.865928 0.0302226 -1.28909 3.24191 -1.4499</i>
                        <i>0.8376 0.499977 -0.220111 0.176299 0.133964 0.975178 0.517053 -0.855615 0.0240627 -1.29468 3.24284 -1.44763</i>
                        <i>0.820653 0.530254 -0.212975 0.1709 0.127896 0.976952 0.545272 -0.838136 0.0143383 -1.30275 3.24481 -1.4443</i>
                        <i>0.797898 0.567404 -0.203498 0.164338 0.120045 0.979072 0.579958 -0.814642 0.00253807 -1.31217 3.24723 -1.44038</i>
                        <i>0.771002 0.607049 -0.192478 0.157433 0.111174 0.981252 0.617066 -0.78685 -0.00985391 -1.32181 3.24965 -1.43629</i>
                        <i>0.742586 0.644795 -0.181121 0.150996 0.102289 0.983228 0.652507 -0.75748 -0.0214032 -1.33062 3.2518 -1.43249</i>
                        <i>0.716411 0.676376 -0.17109 0.14579 0.0946802 0.984775 0.682276 -0.730446 -0.0307789 -1.3376 3.25358 -1.42935</i>
                        <i>0.697189 0.697782 -0.164399 0.1425 0.0898564 0.985708 0.702582 -0.710652 -0.0367869 -1.34185 3.25494 -1.42722</i>
                        <i>0.690085 0.705148 -0.162938 0.142306 0.0885357 0.985855 0.7096 -0.703511 -0.0392493 -1.34534 3.25804 -1.42511</i>
                        <i>0.692727 0.701961 -0.165471 0.144727 0.0894662 0.985419 0.706529 -0.706574 -0.0396172 -1.34961 3.26304 -1.42248</i>
                        <i>0.6989 0.694887 -0.169325 0.147862 0.0912511 0.984789 0.699768 -0.713306 -0.0389721 -1.35313 3.2673 -1.42036</i>
                        <i>0.703272 0.689831 -0.171877 0.149684 0.0926664 0.984382 0.694984 -0.718016 -0.0380867 -1.35415 3.26896 -1.41967</i>
                        <i>0.695935 0.698028 -0.168617 0.148244 0.090101 0.984838 0.702637 -0.710379 -0.0407738 -1.35637 3.26927 -1.41872</i>
                        <i>0.677107 0.718279 -0.160003 0.144611 0.083313 0.985975 0.721536 -0.690749 -0.0474596 -1.36241 3.27002 -1.41618</i>
                        <i>0.657421 0.738238 -0.151 0.141075 0.076263 0.987057 0.740199 -0.670215 -0.05401 -1.36869 3.2706 -1.41355</i>
                        <i>0.648262 0.747128 -0.146819 0.139518 0.0730044 0.987525 0.748526 -0.660658 -0.0569118 -1.37159 3.2708 -1.41234</i>
                        <i>0.648262 0.747128 -0.146819 0.139518 0.0730044 0.987525 0.748526 -0.660658 -0.0569118 -1.37159 3.2708 -1.41234</i>
                        <i>0.648262 0.747128 -0.146819 0.139518 0.0730044 0.987525 0.748526 -0.660658 -0.0569118 -1.37159 3.2708 -1.41234</i>
                        <i>0.648262 0.747128 -0.146819 0.139518 0.0730044 0.987525 0.748526 -0.660658 -0.0569118 -1.37159 3.2708 -1.41234</i>
                        <i>0.648262 0.747128 -0.146819 0.139518 0.0730044 0.987525 0.748526 -0.660658 -0.0569118 -1.37159 3.2708 -1.41234</i>
                        <i>0.648262 0.747128 -0.146819 0.139518 0.0730044 0.987525 0.748526 -0.660658 -0.0569118 -1.37159 3.2708 -1.41234</i>
                        <i>0.648262 0.747128 -0.146819 0.139518 0.0730044 0.987525 0.748526 -0.660658 -0.0569118 -1.37159 3.2708 -1.41234</i>
                        <i>0.648262 0.747128 -0.146819 0.139518 0.0730044 0.987525 0.748526 -0.660658 -0.0569118 -1.37159 3.2708 -1.41234</i>
                        <i>0.648262 0.747128 -0.146819 0.139518 0.0730044 0.987525 0.748526 -0.660658 -0.0569118 -1.37159 3.2708 -1.41234</i>
                        <i>0.648262 0.747128 -0.146819 0.139518 0.0730044 0.987525 0.748526 -0.660658 -0.0569118 -1.37159 3.2708 -1.41234</i>
                        <i>0.648262 0.747128 -0.146819 0.139518 0.0730044 0.987525 0.748526 -0.660658 -0.0569118 -1.37159 3.2708 -1.41234</i>
                    </KeyFrames>
                </p>
            </i>
            <i>
                <p>
                    <Name>
                        <![CDATA[head]]>
</Name>
                    <Exclude>0</Exclude>
                    <Additive>0</Additive>
                    <IKPriority>0</IKPriority>
                    <IKRotLimits>-1e+010 -1e+010 -1e+010 1e+010 1e+010 1e+010</IKRotLimits>
                    <IKRotLimitOrder>0</IKRotLimitOrder>
                    <KeyFrames count="40">
                        <i>0.359047 0.931729 -0.0544555 -0.564344 0.170261 -0.807791 -0.743371 0.320767 0.586948 -1.20126 3.47611 -1.4502</i>
                        <i>0.13973 0.988217 0.0624692 -0.696924 0.142966 -0.702751 -0.703401 0.0546588 0.708688 -1.2451 3.47536 -1.43899</i>
                        <i>-0.00488013 0.986519 0.163573 -0.844487 0.0835383 -0.52902 -0.535553 -0.140717 0.832695 -1.28706 3.5102 -1.4288</i>
                        <i>0.284815 0.950074 0.127433 -0.82053 0.310363 -0.480006 -0.495592 0.0321502 0.86796 -1.22479 3.59275 -1.45273</i>
                        <i>0.648537 0.75819 0.0674367 -0.637934 0.589722 -0.495246 -0.41526 0.278165 0.866131 -1.1341 3.67073 -1.48686</i>
                        <i>0.775397 0.63086 0.0278597 -0.560728 0.708146 -0.429085 -0.290421 0.31709 0.902834 -1.10059 3.8141 -1.49313</i>
                        <i>0.519578 0.854407 -0.00528515 -0.853576 0.518778 -0.0477107 -0.0380225 0.0293007 0.998847 -1.1774 3.88523 -1.46213</i>
                        <i>-0.0156247 0.990804 0.134399 -0.893831 -0.074084 0.442241 0.448131 -0.11322 0.886769 -1.31206 3.73822 -1.4166</i>
                        <i>-0.220598 0.927618 0.301434 -0.658047 -0.369659 0.655993 0.719938 -0.0536474 0.691962 -1.37082 3.54481 -1.399</i>
                        <i>-0.0918635 0.956151 0.278095 -0.651348 -0.268942 0.709518 0.753197 -0.115958 0.647493 -1.30044 3.53003 -1.42353</i>
                        <i>0.0918849 0.98261 0.161352 -0.690852 -0.0537902 0.720992 0.717134 -0.177719 0.673896 -1.18694 3.48764 -1.46324</i>
                        <i>0.277179 0.96065 0.0179846 -0.686377 0.184875 0.703354 0.672352 -0.207299 0.710612 -1.08958 3.42384 -1.49605</i>
                        <i>0.38041 0.920583 -0.0884011 -0.654259 0.335446 0.677806 0.653631 -0.200007 0.729907 -1.04614 3.3824 -1.51074</i>
                        <i>0.460298 0.867325 -0.1894 -0.637264 0.471344 0.609697 0.618078 -0.159944 0.769674 -1.04144 3.37452 -1.51292</i>
                        <i>0.598219 0.749437 -0.283687 -0.605195 0.65458 0.45306 0.525235 -0.099343 0.845138 -1.04476 3.37463 -1.51179</i>
                        <i>0.735993 0.610475 -0.292634 -0.548747 0.791109 0.270228 0.396473 -0.0383037 0.917247 -1.05433 3.38094 -1.50812</i>
                        <i>0.798949 0.55335 -0.235552 -0.53484 0.83286 0.142446 0.275004 0.0121761 0.961366 -1.06863 3.39145 -1.50253</i>
                        <i>0.762529 0.625267 -0.166102 -0.625515 0.778094 0.0574545 0.165167 0.0600884 0.984433 -1.08616 3.40419 -1.4957</i>
                        <i>0.651634 0.75101 -0.106569 -0.757295 0.652144 -0.0348402 0.0433329 0.103407 0.993695 -1.10521 3.41737 -1.48831</i>
                        <i>0.492981 0.866327 -0.0802935 -0.866953 0.481368 -0.129141 -0.0732273 0.133275 0.98837 -1.12386 3.42951 -1.48117</i>
                        <i>0.341882 0.936087 -0.0828155 -0.925038 0.319694 -0.205182 -0.165592 0.146755 0.975214 -1.13998 3.43946 -1.47512</i>
                        <i>0.260718 0.961607 -0.0856569 -0.940899 0.233228 -0.245587 -0.216181 0.144624 0.965583 -1.15136 3.44628 -1.47104</i>
                        <i>0.300034 0.951982 -0.0609177 -0.938908 0.283418 -0.195259 -0.168618 0.11578 0.978858 -1.15885 3.45103 -1.46833</i>
                        <i>0.428149 0.902457 -0.0475465 -0.902961 0.425063 -0.0631199 -0.0367527 0.0699573 0.996873 -1.16461 3.45466 -1.46615</i>
                        <i>0.561334 0.824164 -0.0752234 -0.823482 0.56528 0.0483259 0.0823508 0.0348182 0.995995 -1.16826 3.45644 -1.46485</i>
                        <i>0.625261 0.775532 -0.0871761 -0.775273 0.630056 0.044513 0.0894471 0.039753 0.995198 -1.1689 3.45641 -1.46476</i>
                        <i>0.57817 0.815381 -0.0295345 -0.808836 0.568019 -0.152114 -0.107255 0.111836 0.987922 -1.1731 3.45926 -1.46288</i>
                        <i>0.460511 0.887617 0.00810398 -0.782311 0.410156 -0.468788 -0.419428 0.209542 0.883273 -1.18418 3.46632 -1.45787</i>
                        <i>0.377206 0.925799 -0.0247354 -0.648872 0.24513 -0.72033 -0.660818 0.287763 0.69319 -1.19583 3.47313 -1.45264</i>
                        <i>0.359047 0.931729 -0.0544555 -0.564344 0.170261 -0.807791 -0.743371 0.320767 0.586948 -1.20126 3.47611 -1.4502</i>
                        <i>0.359047 0.931729 -0.0544555 -0.564344 0.170261 -0.807791 -0.743371 0.320767 0.586948 -1.20126 3.47611 -1.4502</i>
                        <i>0.359047 0.931729 -0.0544555 -0.564344 0.170261 -0.807791 -0.743371 0.320767 0.586948 -1.20126 3.47611 -1.4502</i>
                        <i>0.359047 0.931729 -0.0544555 -0.564344 0.170261 -0.807791 -0.743371 0.320767 0.586948 -1.20126 3.47611 -1.4502</i>
                        <i>0.359047 0.931729 -0.0544555 -0.564344 0.170261 -0.807791 -0.743371 0.320767 0.586948 -1.20126 3.47611 -1.4502</i>
                        <i>0.359047 0.931729 -0.0544555 -0.564344 0.170261 -0.807791 -0.743371 0.320767 0.586948 -1.20126 3.47611 -1.4502</i>
                        <i>0.359047 0.931729 -0.0544555 -0.564344 0.170261 -0.807791 -0.743371 0.320767 0.586948 -1.20126 3.47611 -1.4502</i>
                        <i>0.359047 0.931729 -0.0544555 -0.564344 0.170261 -0.807791 -0.743371 0.320767 0.586948 -1.20126 3.47611 -1.4502</i>
                        <i>0.359047 0.931729 -0.0544555 -0.564344 0.170261 -0.807791 -0.743371 0.320767 0.586948 -1.20126 3.47611 -1.4502</i>
                        <i>0.359047 0.931729 -0.0544555 -0.564344 0.170261 -0.807791 -0.743371 0.320767 0.586948 -1.20126 3.47611 -1.4502</i>
                        <i>0.359047 0.931729 -0.0544555 -0.564344 0.170261 -0.807791 -0.743371 0.320767 0.586948 -1.20126 3.47611 -1.4502</i>
                    </KeyFrames>
                </p>
            </i>
            <i>
                <p>
                    <Name>
                        <![CDATA[head_prop]]>
</Name>
                    <Exclude>0</Exclude>
                    <Additive>0</Additive>
                    <IKPriority>0</IKPriority>
                    <IKRotLimits>-1e+010 -1e+010 -1e+010 1e+010 1e+010 1e+010</IKRotLimits>
                    <IKRotLimitOrder>0</IKRotLimitOrder>
                    <KeyFrames count="40">
                        <i>0.743371 -0.320767 -0.586948 0.359047 0.931729 -0.0544555 0.564344 -0.170261 0.807791 -1.08424 3.77977 -1.46795</i>
                        <i>0.703401 -0.0546588 -0.708688 0.13973 0.988217 0.0624692 0.696924 -0.142966 0.702751 -1.19956 3.79743 -1.41863</i>
                        <i>0.535553 0.140717 -0.832695 -0.00488013 0.986519 0.163573 0.844487 -0.0835383 0.52902 -1.28865 3.83172 -1.3755</i>
                        <i>0.495592 -0.0321502 -0.86796 0.284815 0.950074 0.127433 0.82053 -0.310363 0.480006 -1.13197 3.90239 -1.4112</i>
                        <i>0.41526 -0.278165 -0.866131 0.648537 0.75819 0.0674367 0.637934 -0.589722 0.495246 -0.922739 3.91783 -1.46488</i>
                        <i>0.290421 -0.31709 -0.902834 0.775397 0.63086 0.0278597 0.560728 -0.708146 0.429085 -0.847881 4.01971 -1.48405</i>
                        <i>0.0878353 0.0020226 -0.996133 0.624952 0.778602 0.0566869 0.775706 -0.627515 0.0671247 -0.938661 4.2136 -1.46267</i>
                        <i>-0.376781 0.265331 -0.887488 0.380311 0.917933 0.112972 0.84463 -0.294956 -0.446768 -1.23713 4.29076 -1.38392</i>
                        <i>-0.678861 0.276048 -0.680401 0.259928 0.956983 0.128922 0.686721 -0.0893348 -0.721411 -1.43073 4.17272 -1.28797</i>
                        <i>-0.699135 0.299419 -0.649275 0.240735 0.953648 0.180561 0.673243 -0.0300662 -0.73881 -1.29815 4.11553 -1.32134</i>
                        <i>-0.668045 0.278827 -0.689907 0.162517 0.959432 0.230389 0.726157 0.0417885 -0.686258 -1.12413 3.97477 -1.40161</i>
                        <i>-0.652211 0.234714 -0.720784 0.0882981 0.967907 0.235288 0.752877 0.0898138 -0.652004 -1.00653 3.80698 -1.46286</i>
                        <i>-0.653631 0.200007 -0.729907 0.069125 0.976193 0.205592 0.75365 0.0839267 -0.651895 -0.971302 3.70493 -1.48938</i>
                        <i>-0.618078 0.159944 -0.769674 0.200862 0.978715 0.0420849 0.760023 -0.128586 -0.637049 -0.947545 3.67319 -1.5282</i>
                        <i>-0.525235 0.099343 -0.845138 0.488734 0.848239 -0.204031 0.696611 -0.520212 -0.494078 -0.889039 3.63994 -1.58308</i>
                        <i>-0.396473 0.0383037 -0.917247 0.763651 0.56832 -0.306349 0.509555 -0.821916 -0.254574 -0.825101 3.59514 -1.6071</i>
                        <i>-0.275004 -0.0121761 -0.961366 0.88272 0.393073 -0.257486 0.381022 -0.919427 -0.0973487 -0.800289 3.57623 -1.59164</i>
                        <i>-0.165167 -0.0600884 -0.984433 0.869003 0.463177 -0.174072 0.466427 -0.884226 -0.0242848 -0.826352 3.60843 -1.56051</i>
                        <i>-0.0433329 -0.103407 -0.993695 0.759455 0.642826 -0.100013 0.649115 -0.759 0.0506775 -0.882432 3.66251 -1.52981</i>
                        <i>0.0732273 -0.133275 -0.98837 0.566795 0.820989 -0.0687112 0.820598 -0.555171 0.135658 -0.956733 3.71281 -1.51042</i>
                        <i>0.165592 -0.146755 -0.975214 0.366464 0.927215 -0.0773064 0.915578 -0.344579 0.20732 -1.02652 3.74508 -1.50288</i>
                        <i>0.216181 -0.144624 -0.965583 0.260718 0.961607 -0.0856569 0.940899 -0.233228 0.245587 -1.06639 3.75967 -1.49895</i>
                        <i>0.168618 -0.11578 -0.978858 0.300034 0.951982 -0.0609177 0.938908 -0.283418 0.195259 -1.06107 3.76129 -1.48819</i>
                        <i>0.0367527 -0.0699573 -0.996873 0.428149 0.902457 -0.0475465 0.902961 -0.425063 0.0631199 -1.02507 3.74878 -1.48165</i>
                        <i>-0.0823508 -0.0348182 -0.995995 0.561334 0.824164 -0.0752234 0.823482 -0.56528 -0.0483259 -0.98532 3.72505 -1.48937</i>
                        <i>-0.0894471 -0.039753 -0.995198 0.625261 0.775532 -0.0871761 0.775273 -0.630056 -0.044513 -0.965123 3.70916 -1.49317</i>
                        <i>0.107255 -0.111836 -0.987922 0.57817 0.815381 -0.0295345 0.808836 -0.568019 0.152114 -0.984671 3.725 -1.47251</i>
                        <i>0.419428 -0.209542 -0.883273 0.460511 0.887617 0.00810398 0.782311 -0.410156 0.468788 -1.0341 3.7556 -1.45523</i>
                        <i>0.660818 -0.287763 -0.69319 0.377206 0.925799 -0.0247354 0.648872 -0.24513 0.72033 -1.07289 3.77486 -1.4607</i>
                        <i>0.743371 -0.320767 -0.586948 0.359047 0.931729 -0.0544555 0.564344 -0.170261 0.807791 -1.08424 3.77977 -1.46795</i>
                        <i>0.743371 -0.320767 -0.586948 0.359047 0.931729 -0.0544555 0.564344 -0.170261 0.807791 -1.08424 3.77977 -1.46795</i>
                        <i>0.743371 -0.320767 -0.586948 0.359047 0.931729 -0.0544555 0.564344 -0.170261 0.807791 -1.08424 3.77977 -1.46795</i>
                        <i>0.743371 -0.320767 -0.586948 0.359047 0.931729 -0.0544555 0.564344 -0.170261 0.807791 -1.08424 3.77977 -1.46795</i>
                        <i>0.743371 -0.320767 -0.586948 0.359047 0.931729 -0.0544555 0.564344 -0.170261 0.807791 -1.08424 3.77977 -1.46795</i>
                        <i>0.743371 -0.320767 -0.586948 0.359047 0.931729 -0.0544555 0.564344 -0.170261 0.807791 -1.08424 3.77977 -1.46795</i>
                        <i>0.743371 -0.320767 -0.586948 0.359047 0.931729 -0.0544555 0.564344 -0.170261 0.807791 -1.08424 3.77977 -1.46795</i>
                        <i>0.743371 -0.320767 -0.586948 0.359047 0.931729 -0.0544555 0.564344 -0.170261 0.807791 -1.08424 3.77977 -1.46795</i>
                        <i>0.743371 -0.320767 -0.586948 0.359047 0.931729 -0.0544555 0.564344 -0.170261 0.807791 -1.08424 3.77977 -1.46795</i>
                        <i>0.743371 -0.320767 -0.586948 0.359047 0.931729 -0.0544555 0.564344 -0.170261 0.807791 -1.08424 3.77977 -1.46795</i>
                        <i>0.743371 -0.320767 -0.586948 0.359047 0.931729 -0.0544555 0.564344 -0.170261 0.807791 -1.08424 3.77977 -1.46795</i>
                    </KeyFrames>
                </p>
            </i>
            <i>
                <p>
                    <Name>
                        <![CDATA[l_clav]]>
</Name>
                    <Exclude>0</Exclude>
                    <Additive>0</Additive>
                    <IKPriority>0</IKPriority>
                    <IKRotLimits>-1e+010 -1e+010 -1e+010 1e+010 1e+010 1e+010</IKRotLimits>
                    <IKRotLimitOrder>0</IKRotLimitOrder>
                    <KeyFrames count="40">
                        <i>-0.134712 -0.0196774 -0.990689 0.555308 0.826549 -0.091927 0.820662 -0.562521 -0.100419 -1.31413 3.29891 -1.51081</i>
                        <i>-0.161428 0.0378733 -0.986157 0.322494 0.946429 -0.0164429 0.932705 -0.320684 -0.164994 -1.30648 3.27755 -1.50912</i>
                        <i>-0.233631 0.106712 -0.966452 0.0847457 0.992412 0.0890919 0.968625 -0.061088 -0.240902 -1.2959 3.30671 -1.50834</i>
                        <i>-0.261677 0.17952 -0.948313 0.300239 0.948941 0.0967911 0.917269 -0.259392 -0.302215 -1.27532 3.39153 -1.52179</i>
                        <i>-0.210024 0.273236 -0.93874 0.617719 0.781322 0.0892146 0.757835 -0.56114 -0.332879 -1.24977 3.4931 -1.54054</i>
                        <i>-0.123584 0.353707 -0.927156 0.733425 0.661919 0.154759 0.668442 -0.660874 -0.34122 -1.24211 3.65476 -1.54207</i>
                        <i>-0.221549 0.514303 -0.828498 0.567185 0.759076 0.319537 0.793232 -0.399119 -0.459877 -1.27695 3.69913 -1.51929</i>
                        <i>-0.507531 0.607825 -0.610706 0.335776 0.792266 0.50948 0.793516 0.0535169 -0.606192 -1.33857 3.53555 -1.49429</i>
                        <i>-0.61323 0.610535 -0.501194 0.299239 0.766766 0.567914 0.73103 0.198285 -0.6529 -1.37747 3.34336 -1.48378</i>
                        <i>-0.452079 0.630285 -0.631162 0.421236 0.774581 0.471788 0.786247 -0.0525833 -0.61567 -1.35452 3.32938 -1.49157</i>
                        <i>-0.255432 0.52831 -0.809718 0.584115 0.751702 0.306193 0.770432 -0.394757 -0.500602 -1.30004 3.3079 -1.51534</i>
                        <i>-0.150036 0.353082 -0.923484 0.742025 0.657483 0.130825 0.653367 -0.66562 -0.360641 -1.24696 3.27876 -1.54074</i>
                        <i>-0.148743 0.248516 -0.957139 0.817882 0.574959 0.022183 0.555828 -0.779527 -0.288778 -1.22127 3.25868 -1.5536</i>
                        <i>-0.176235 0.22453 -0.958398 0.828987 0.558855 -0.0215115 0.530775 -0.79829 -0.284622 -1.21888 3.25381 -1.55482</i>
