<?xml version="1.0" encoding="ISO-8859-1" ?>
<Animl Version="1">
    <ModellingPackage><![CDATA[Maya.2010]]></ModellingPackage>
    <SrcFile><![CDATA[anims\turrets\artillery\blue\~src\artillery_m198\artillery_m198_aim_random_crewman_c.mb]]></SrcFile>
    <FramesPerSecond>30</FramesPerSecond>
    <TotalFrames>61</TotalFrames>
    <Skeleton>
        <RefFrame>
            <Name><![CDATA[soldier_ref_frame]]></Name>
            <Exclude>0</Exclude>
            <Additive>0</Additive>
            <IKPriority>0</IKPriority>
            <IKRotLimits>-1e+010 -1e+010 -1e+010 1e+010 1e+010 1e+010</IKRotLimits>
            <IKRotLimitOrder>0</IKRotLimitOrder>
            <KeyFrames count="61">
                <i>1 0 0 0 1 0 0 0 1 3.27 1.33 1.34</i>
                <i>1 0 0 0 1 0 0 0 1 3.27 1.33 1.34</i>
                <i>1 0 0 0 1 0 0 0 1 3.27 1.33 1.34</i>
                <i>1 0 0 0 1 0 0 0 1 3.27 1.33 1.34</i>
                <i>1 0 0 0 1 0 0 0 1 3.27 1.33 1.34</i>
                <i>1 0 0 0 1 0 0 0 1 3.27 1.33 1.34</i>
                <i>1 0 0 0 1 0 0 0 1 3.27 1.33 1.34</i>
                <i>1 0 0 0 1 0 0 0 1 3.27 1.33 1.34</i>
                <i>1 0 0 0 1 0 0 0 1 3.27 1.33 1.34</i>
                <i>1 0 0 0 1 0 0 0 1 3.27 1.33 1.34</i>
                <i>1 0 0 0 1 0 0 0 1 3.27 1.33 1.34</i>
                <i>1 0 0 0 1 0 0 0 1 3.27 1.33 1.34</i>
                <i>1 0 0 0 1 0 0 0 1 3.27 1.33 1.34</i>
                <i>1 0 0 0 1 0 0 0 1 3.27 1.33 1.34</i>
                <i>1 0 0 0 1 0 0 0 1 3.27 1.33 1.34</i>
                <i>1 0 0 0 1 0 0 0 1 3.27 1.33 1.34</i>
                <i>1 0 0 0 1 0 0 0 1 3.27 1.33 1.34</i>
                <i>1 0 0 0 1 0 0 0 1 3.27 1.33 1.34</i>
                <i>1 0 0 0 1 0 0 0 1 3.27 1.33 1.34</i>
                <i>1 0 0 0 1 0 0 0 1 3.27 1.33 1.34</i>
                <i>1 0 0 0 1 0 0 0 1 3.27 1.33 1.34</i>
                <i>1 0 0 0 1 0 0 0 1 3.27 1.33 1.34</i>
                <i>1 0 0 0 1 0 0 0 1 3.27 1.33 1.34</i>
                <i>1 0 0 0 1 0 0 0 1 3.27 1.33 1.34</i>
                <i>1 0 0 0 1 0 0 0 1 3.27 1.33 1.34</i>
                <i>1 0 0 0 1 0 0 0 1 3.27 1.33 1.34</i>
                <i>1 0 0 0 1 0 0 0 1 3.27 1.33 1.34</i>
                <i>1 0 0 0 1 0 0 0 1 3.27 1.33 1.34</i>
                <i>1 0 0 0 1 0 0 0 1 3.27 1.33 1.34</i>
                <i>1 0 0 0 1 0 0 0 1 3.27 1.33 1.34</i>
                <i>1 0 0 0 1 0 0 0 1 3.27 1.33 1.34</i>
                <i>1 0 0 0 1 0 0 0 1 3.27 1.33 1.34</i>
                <i>1 0 0 0 1 0 0 0 1 3.27 1.33 1.34</i>
                <i>1 0 0 0 1 0 0 0 1 3.27 1.33 1.34</i>
                <i>1 0 0 0 1 0 0 0 1 3.27 1.33 1.34</i>
                <i>1 0 0 0 1 0 0 0 1 3.27 1.33 1.34</i>
                <i>1 0 0 0 1 0 0 0 1 3.27 1.33 1.34</i>
                <i>1 0 0 0 1 0 0 0 1 3.27 1.33 1.34</i>
                <i>1 0 0 0 1 0 0 0 1 3.27 1.33 1.34</i>
                <i>1 0 0 0 1 0 0 0 1 3.27 1.33 1.34</i>
                <i>1 0 0 0 1 0 0 0 1 3.27 1.33 1.34</i>
                <i>1 0 0 0 1 0 0 0 1 3.27 1.33 1.34</i>
                <i>1 0 0 0 1 0 0 0 1 3.27 1.33 1.34</i>
                <i>1 0 0 0 1 0 0 0 1 3.27 1.33 1.34</i>
                <i>1 0 0 0 1 0 0 0 1 3.27 1.33 1.34</i>
                <i>1 0 0 0 1 0 0 0 1 3.27 1.33 1.34</i>
                <i>1 0 0 0 1 0 0 0 1 3.27 1.33 1.34</i>
                <i>1 0 0 0 1 0 0 0 1 3.27 1.33 1.34</i>
                <i>1 0 0 0 1 0 0 0 1 3.27 1.33 1.34</i>
                <i>1 0 0 0 1 0 0 0 1 3.27 1.33 1.34</i>
                <i>1 0 0 0 1 0 0 0 1 3.27 1.33 1.34</i>
                <i>1 0 0 0 1 0 0 0 1 3.27 1.33 1.34</i>
                <i>1 0 0 0 1 0 0 0 1 3.27 1.33 1.34</i>
                <i>1 0 0 0 1 0 0 0 1 3.27 1.33 1.34</i>
                <i>1 0 0 0 1 0 0 0 1 3.27 1.33 1.34</i>
                <i>1 0 0 0 1 0 0 0 1 3.27 1.33 1.34</i>
                <i>1 0 0 0 1 0 0 0 1 3.27 1.33 1.34</i>
                <i>1 0 0 0 1 0 0 0 1 3.27 1.33 1.34</i>
                <i>1 0 0 0 1 0 0 0 1 3.27 1.33 1.34</i>
                <i>1 0 0 0 1 0 0 0 1 3.27 1.33 1.34</i>
                <i>1 0 0 0 1 0 0 0 1 3.27 1.33 1.34</i>
            </KeyFrames>
        </RefFrame>
        <Bones count="23">
            <i>
                <p>
                    <Name><![CDATA[pelvis]]></Name>
                    <Exclude>0</Exclude>
                    <Additive>0</Additive>
                    <IKPriority>0</IKPriority>
                    <IKRotLimits>-1e+010 -1e+010 -1e+010 1e+010 1e+010 1e+010</IKRotLimits>
                    <IKRotLimitOrder>2</IKRotLimitOrder>
                    <KeyFrames count="61">
                        <i>1 0 0 0 1 0 0 0 1 3.27405 2.4597 1.34014</i>
                        <i>1 0 0 0 1 0 0 0 1 3.27523 2.45506 1.33884</i>
                        <i>1 0 0 0 1 0 0 0 1 3.27846 2.44485 1.33532</i>
                        <i>1 0 0 0 1 0 0 0 1 3.28325 2.43464 1.3301</i>
                        <i>1 0 0 0 1 0 0 0 1 3.28912 2.43 1.32369</i>
                        <i>1 0 0 0 1 0 0 0 1 3.29559 2.43199 1.31663</i>
                        <i>1 0 0 0 1 0 0 0 1 3.30217 2.43701 1.30945</i>
                        <i>1 0 0 0 1 0 0 0 1 3.30839 2.44369 1.30267</i>
                        <i>1 0 0 0 1 0 0 0 1 3.31375 2.45063 1.29682</i>
                        <i>1 0 0 0 1 0 0 0 1 3.31778 2.45643 1.29242</i>
                        <i>1 0 0 0 1 0 0 0 1 3.32 2.4597 1.29</i>
                        <i>1 0 0 0 1 0 0 0 1 3.32 2.45907 1.29</i>
                        <i>1 0 0 0 1 0 0 0 1 3.32 2.45749 1.29</i>
                        <i>1 0 0 0 1 0 0 0 1 3.32 2.45537 1.29</i>
                        <i>1 0 0 0 1 0 0 0 1 3.32 2.45314 1.29</i>
                        <i>1 0 0 0 1 0 0 0 1 3.32 2.45122 1.29</i>
                        <i>1 0 0 0 1 0 0 0 1 3.32 2.45003 1.29</i>
                        <i>1 0 0 0 1 0 0 0 1 3.32 2.45 1.29</i>
                        <i>1 0 0 0 1 0 0 0 1 3.32 2.45146 1.29</i>
                        <i>1 0 0 0 1 0 0 0 1 3.32 2.45415 1.29</i>
                        <i>1 0 0 0 1 0 0 0 1 3.32 2.4576 1.29</i>
                        <i>1 0 0 0 1 0 0 0 1 3.32 2.46135 1.29</i>
                        <i>1 0 0 0 1 0 0 0 1 3.32 2.46494 1.29</i>
                        <i>1 0 0 0 1 0 0 0 1 3.32 2.46788 1.29</i>
                        <i>1 0 0 0 1 0 0 0 1 3.32 2.46973 1.29</i>
                        <i>1 0 0 0 1 0 0 0 1 3.32 2.47 1.29</i>
                        <i>1 0 0 0 1 0 0 0 1 3.32 2.46777 1.29</i>
                        <i>1 0 0 0 1 0 0 0 1 3.32 2.4631 1.29</i>
                        <i>1 0 0 0 1 0 0 0 1 3.32 2.45705 1.29</i>
                        <i>1 0 0 0 1 0 0 0 1 3.32 2.45066 1.29</i>
                        <i>1 0 0 0 1 0 0 0 1 3.32 2.445 1.29</i>
                        <i>1 0 0 0 1 0 0 0 1 3.32 2.44109 1.29</i>
                        <i>1 0 0 0 1 0 0 0 1 3.32 2.44 1.29</i>
                        <i>1 0 0 0 1 0 0 0 1 3.32 2.44223 1.29</i>
                        <i>1 0 0 0 1 0 0 0 1 3.32 2.447 1.29</i>
                        <i>1 0 0 0 1 0 0 0 1 3.32 2.45344 1.29</i>
                        <i>1 0 0 0 1 0 0 0 1 3.32 2.46067 1.29</i>
                        <i>1 0 0 0 1 0 0 0 1 3.32 2.46781 1.29</i>
                        <i>1 0 0 0 1 0 0 0 1 3.32 2.474 1.29</i>
                        <i>1 0 0 0 1 0 0 0 1 3.32 2.47835 1.29</i>
                        <i>1 0 0 0 1 0 0 0 1 3.32 2.48 1.29</i>
                        <i>1 0 0 0 1 0 0 0 1 3.32021 2.4797 1.28977</i>
                        <i>1 0 0 0 1 0 0 0 1 3.32073 2.47792 1.2892</i>
                        <i>1 0 0 0 1 0 0 0 1 3.32145 2.47498 1.28842</i>
                        <i>1 0 0 0 1 0 0 0 1 3.32221 2.47121 1.28759</i>
                        <i>1 0 0 0 1 0 0 0 1 3.32287 2.46696 1.28687</i>
                        <i>1 0 0 0 1 0 0 0 1 3.32331 2.46256 1.28639</i>
                        <i>1 0 0 0 1 0 0 0 1 3.32338 2.45832 1.28631</i>
                        <i>1 0 0 0 1 0 0 0 1 3.32294 2.4546 1.28679</i>
                        <i>1 0 0 0 1 0 0 0 1 3.32186 2.45171 1.28797</i>
                        <i>1 0 0 0 1 0 0 0 1 3.32 2.45 1.29</i>
                        <i>1 0 0 0 1 0 0 0 1 3.31685 2.44945 1.29343</i>
                        <i>1 0 0 0 1 0 0 0 1 3.31228 2.44971 1.29842</i>
                        <i>1 0 0 0 1 0 0 0 1 3.3067 2.4506 1.30451</i>
                        <i>1 0 0 0 1 0 0 0 1 3.30052 2.45195 1.31126</i>
                        <i>1 0 0 0 1 0 0 0 1 3.29415 2.45358 1.3182</i>
                        <i>1 0 0 0 1 0 0 0 1 3.28802 2.45531 1.32489</i>
                        <i>1 0 0 0 1 0 0 0 1 3.28253 2.45696 1.33089</i>
                        <i>1 0 0 0 1 0 0 0 1 3.2781 2.45836 1.33572</i>
                        <i>1 0 0 0 1 0 0 0 1 3.27513 2.45933 1.33896</i>
                        <i>1 0 0 0 1 0 0 0 1 3.27405 2.4597 1.34014</i>
                    </KeyFrames>
                </p>
            </i>
            <i>
                <p>
                    <Name><![CDATA[spine0]]></Name>
                    <Exclude>0</Exclude>
                    <Additive>0</Additive>
                    <IKPriority>0</IKPriority>
                    <IKRotLimits>-1e+010 -1e+010 -1e+010 1e+010 1e+010 1e+010</IKRotLimits>
                    <IKRotLimitOrder>0</IKRotLimitOrder>
                    <KeyFrames count="61">
                        <i>-0.00471758 0.998595 -0.0527806 -0.179544 0.0510777 0.982423 0.983739 0.0141111 0.179051 3.22828 2.5952 1.32466</i>
                        <i>-0.0049623 0.998568 -0.0532646 -0.183011 0.0514588 0.981763 0.983098 0.0146198 0.182494 3.22904 2.59026 1.32209</i>
                        <i>-0.00536925 0.998535 -0.0538453 -0.192045 0.0518141 0.980017 0.981371 0.0156027 0.191486 3.2313 2.5793 1.31549</i>
                        <i>-0.00552124 0.998569 -0.0531841 -0.204693 0.0509301 0.9775 0.978811 0.0162834 0.204119 3.23506 2.56811 1.30647</i>
                        <i>-0.00513632 0.998737 -0.0499877 -0.219575 0.0476419 0.974432 0.975582 0.015981 0.219053 3.24028 2.56259 1.29665</i>
                        <i>-0.00405113 0.999063 -0.043099 -0.23597 0.0409272 0.970898 0.971752 0.0141033 0.235583 3.24681 2.56418 1.28764</i>
                        <i>-0.0023174 0.999483 -0.0320731 -0.253224 0.0304413 0.966929 0.967405 0.0103624 0.253022 3.2543 2.56959 1.28066</i>
                        <i>-0.000571228 0.999827 -0.0186049 -0.269834 0.0177606 0.962743 0.962907 0.00557017 0.269777 3.26189 2.57713 1.27569</i>
                        <i>0.000661022 0.999988 -0.00488296 -0.284073 0.00486957 0.95879 0.958802 0.000753336 0.284073 3.26866 2.58504 1.27237</i>
                        <i>0.00108593 0.999976 0.00678997 -0.294532 -0.00616895 0.955622 0.955641 -0.0030376 0.294518 3.27379 2.5916 1.27029</i>
                        <i>0.000552034 0.999901 0.0140607 -0.300164 -0.0132467 0.953796 0.953887 -0.00474705 0.300127 3.2765 2.5952 1.26897</i>
                        <i>-0.00154295 0.999898 0.014178 -0.300009 -0.0139878 0.953834 0.953935 -0.00278182 0.3 3.27618 2.59446 1.26888</i>
                        <i>-0.00683454 0.999873 0.014423 -0.299596 -0.0158082 0.953935 0.954042 0.00219863 0.299666 3.27537 2.59258 1.26864</i>
                        <i>-0.013831 0.999797 0.0146344 -0.299006 -0.0181016 0.954079 0.954151 0.00882005 0.299196 3.27428 2.59004 1.26832</i>
                        <i>-0.0210372 0.999671 0.0146505 -0.298344 -0.0202632 0.954243 0.954227 0.0157037 0.298672 3.27311 2.58736 1.26798</i>
                        <i>-0.0269584 0.999534 0.0143112 -0.297745 -0.0216955 0.954399 0.954265 0.021468 0.298192 3.27209 2.58502 1.26768</i>
                        <i>-0.0301038 0.999456 0.0134594 -0.297374 -0.0218111 0.954512 0.954286 0.024732 0.297869 3.27142 2.58356 1.26748</i>
                        <i>-0.0294597 0.999493 0.0120842 -0.297376 -0.0203058 0.954545 0.954306 0.0245271 0.297823 3.2713 2.58348 1.26745</i>
                        <i>-0.0255089 0.999619 0.0105661 -0.297777 -0.0176878 0.954472 0.954295 0.0212012 0.298115 3.27186 2.58517 1.26761</i>
                        <i>-0.0193918 0.99977 0.00921452 -0.298432 -0.0145841 0.954319 0.954234 0.015756 0.298646 3.27295 2.5883 1.26793</i>
                        <i>-0.0123355 0.999889 0.00831662 -0.29919 -0.011627 0.954123 0.954114 0.0092813 0.299301 3.27439 2.59231 1.26835</i>
                        <i>-0.0055698 0.999951 0.00816958 -0.299944 -0.00946414 0.95391 0.953941 0.00286268 0.299982 3.27598 2.59667 1.26882</i>
                        <i>-0.0004021 0.99996 0.00895467 -0.300634 -0.00866131 0.9537 0.95374 -0.00230859 0.300625 3.27754 2.60082 1.26928</i>
                        <i>0.00278435 0.999941 0.0104583 -0.30122 -0.00913394 0.953511 0.953551 -0.00580516 0.301177 3.27885 2.60423 1.26967</i>
                        <i>0.00442095 0.999916 0.0121879 -0.301636 -0.0102869 0.953368 0.953413 -0.00789108 0.301565 3.27974 2.60637 1.26993</i>
                        <i>0.00438134 0.999895 0.0138391 -0.301785 -0.0118719 0.953302 0.953366 -0.00835318 0.301701 3.27999 2.60673 1.27001</i>
                        <i>0.00194489 0.999887 0.0149129 -0.301385 -0.0136334 0.953405 0.953501 -0.00634879 0.301324 3.27906 2.60418 1.26973</i>
                        <i>-0.00267022 0.99988 0.0152341 -0.300388 -0.0153326 0.953694 0.953813 -0.00202958 0.300393 3.27697 2.59878 1.26911</i>
                        <i>-0.0081732 0.999854 0.0149868 -0.299073 -0.0167455 0.954083 0.954195 0.00331577 0.299166 3.27435 2.59175 1.26834</i>
                        <i>-0.013273 0.999809 0.0143386 -0.297763 -0.0176415 0.954477 0.954548 0.00839928 0.29794 3.27183 2.58436 1.2676</i>
                        <i>-0.0167251 0.99977 0.0133929 -0.296823 -0.0177555 0.954768 0.954786 0.0119933 0.297051 3.27002 2.57793 1.26708</i>
                        <i>-0.0171771 0.999776 0.0123967 -0.29661 -0.0169357 0.954849 0.954844 0.0127246 0.296834 3.26952 2.57382 1.26693</i>
                        <i>-0.0146595 0.999826 0.0115551 -0.297107 -0.01539 0.95472 0.954732 0.0105626 0.297281 3.27034 2.57308 1.26717</i>
                        <i>-0.0103961 0.999887 0.010869 -0.297977 -0.0134735 0.954478 0.954517 0.00668409 0.298083 3.27194 2.57597 1.26764</i>
                        <i>-0.00506699 0.999932 0.0105103 -0.299053 -0.0115447 0.954167 0.954223 0.0016916 0.299091 3.27409 2.5816 1.26827</i>
                        <i>0.000633566 0.999943 0.0106428 -0.300206 -0.00996169 0.953822 0.953874 -0.00379934 0.300183 3.27657 2.58897 1.269</i>
                        <i>0.00599743 0.999917 0.0114196 -0.301347 -0.0090817 0.953471 0.953496 -0.00915964 0.301267 3.27914 2.59711 1.26976</i>
                        <i>0.0103377 0.999858 0.01328 -0.302432 -0.00953232 0.953123 0.953115 -0.0138694 0.30229 3.28157 2.60506 1.27048</i>
                        <i>0.0134351 0.999784 0.0158807 -0.303408 -0.0110572 0.952797 0.952766 -0.0176192 0.303194 3.28361 2.61189 1.27108</i>
                        <i>0.0152877 0.999718 0.0181941 -0.304138 -0.0126847 0.952544 0.952505 -0.0200957 0.303858 3.28501 2.61667 1.2715</i>
                        <i>0.0159035 0.999689 0.019193 -0.304427 -0.013443 0.952441 0.952403 -0.02099 0.304119 3.28554 2.61846 1.27166</i>
                        <i>0.01525 0.999716 0.0182979 -0.3047 -0.0127832 0.952363 0.952326 -0.0200989 0.304419 3.28528 2.61803 1.27127</i>
                        <i>0.0139434 0.999755 0.0171917 -0.305464 -0.0121124 0.952127 0.952102 -0.0185273 0.30522 3.28463 2.61588 1.27028</i>
                        <i>0.0121258 0.999801 0.0158665 -0.306454 -0.0113883 0.951817 0.951808 -0.0164039 0.306254 3.28361 2.61239 1.2689</i>
                        <i>0.00995471 0.999848 0.0143156 -0.307403 -0.0105631 0.951521 0.951527 -0.0138728 0.307251 3.28226 2.60793 1.26735</i>
                        <i>0.00760768 0.999893 0.0125305 -0.308047 -0.00957805 0.951323 0.951341 -0.0110973 0.307941 3.28062 2.60286 1.26583</i>
                        <i>0.00527621 0.999931 0.0104974 -0.308118 -0.00836119 0.951311 0.951333 -0.00825377 0.308053 3.2787 2.59758 1.26458</i>
                        <i>0.00315171 0.999961 0.00819287 -0.307352 -0.00682769 0.951571 0.951591 -0.00551717 0.307318 3.27655 2.59248 1.26382</i>
                        <i>0.00140905 0.999983 0.00558067 -0.305477 -0.00488349 0.952187 0.952198 -0.00304645 0.305465 3.27417 2.58797 1.26378</i>
                        <i>0.000192196 0.999997 0.00261206 -0.302215 -0.00243184 0.953237 0.95324 -0.000972613 0.302214 3.27157 2.58447 1.26467</i>
                        <i>-0.000394697 1 -0.000769129 -0.297265 0.000617031 0.954795 0.954795 0.00060549 0.297265 3.26879 2.5824 1.26672</i>
                        <i>-0.000360083 0.999986 -0.00519565 -0.289327 0.00486925 0.957218 0.95723 0.00184792 0.289321 3.2653 2.58179 1.27055</i>
                        <i>-1.19997e-005 0.99994 -0.0109842 -0.27792 0.0105481 0.960546 0.960604 0.00306424 0.277903 3.26083 2.58222 1.27627</i>
                        <i>0.000294976 0.999843 -0.0176933 -0.26395 0.0171437 0.964384 0.964536 0.00438567 0.263914 3.2557 2.58344 1.28334</i>
                        <i>0.000291469 0.999691 -0.0248536 -0.248351 0.0241473 0.968369 0.96867 0.00589016 0.248281 3.25024 2.58524 1.29119</i>
                        <i>-0.00016042 0.999488 -0.0319857 -0.232108 0.031075 0.972193 0.97269 0.00758012 0.231985 3.24478 2.58737 1.29927</i>
                        <i>-0.00104917 0.999253 -0.0386285 -0.216271 0.0374876 0.975613 0.976333 0.0093778 0.21607 3.23964 2.58961 1.30705</i>
                        <i>-0.00222398 0.999013 -0.0443659 -0.201942 0.0430033 0.978453 0.979395 0.0111354 0.201647 3.23512 2.59173 1.31399</i>
                        <i>-0.00342909 0.998801 -0.0488403 -0.190268 0.0472966 0.980592 0.981726 0.0126553 0.189878 3.23152 2.59351 1.31957</i>
                        <i>-0.00435716 0.998651 -0.0517431 -0.182415 0.0500816 0.981945 0.983212 0.0137172 0.181951 3.22914 2.59474 1.3233</i>
                        <i>-0.00471758 0.998595 -0.0527806 -0.179544 0.0510777 0.982423 0.983739 0.0141111 0.179051 3.22828 2.5952 1.32466</i>
                    </KeyFrames>
                </p>
            </i>
            <i>
                <p>
                    <Name><![CDATA[spine1]]></Name>
                    <Exclude>0</Exclude>
                    <Additive>0</Additive>
                    <IKPriority>0</IKPriority>
                    <IKRotLimits>-1e+010 -1e+010 -1e+010 1e+010 1e+010 1e+010</IKRotLimits>
                    <IKRotLimitOrder>0</IKRotLimitOrder>
                    <KeyFrames count="61">
                        <i>0.0471695 0.998451 0.0295168 -0.508401 -0.0014387 0.861119 0.859828 -0.0556249 0.507546 3.22747 2.76687 1.31558</i>
                        <i>0.0483052 0.998129 0.0374921 -0.514241 -0.00732693 0.857614 0.856284 -0.0607072 0.512925 3.22818 2.76209 1.31293</i>
                        <i>0.0502579 0.997106 0.0570352 -0.529597 -0.0218107 0.847969 0.846759 -0.0728229 0.526969 3.23037 2.75153 1.3062</i>
                        <i>0.0508234 0.99538 0.0814607 -0.551235 -0.0400578 0.833388 0.832801 -0.0872596 0.546653 3.2341 2.7409 1.29727</i>
                        <i>0.0481644 0.993388 0.104209 -0.576562 -0.0575437 0.815025 0.815633 -0.0993381 0.569978 3.23937 2.73587 1.28798</i>
                        <i>0.0410524 0.992033 0.1191 -0.603824 -0.0703386 0.794008 0.79606 -0.104512 0.596126 3.24609 2.73768 1.28015</i>
                        <i>0.0294358 0.992071 0.122182 -0.63149 -0.0762944 0.771621 0.774825 -0.0998698 0.624237 3.25389 2.74281 1.2751</i>
                        <i>0.0157302 0.993102 0.116191 -0.65716 -0.0773131 0.749775 0.753587 -0.0881501 0.651411 3.26178 2.74977 1.27248</i>
                        <i>0.00254004 0.994416 0.105497 -0.678343 -0.0757999 0.730825 0.734741 -0.0734194 0.674363 3.26877 2.75702 1.27153</i>
                        <i>-0.00790656 0.995449 0.0949659 -0.692907 -0.073927 0.717227 0.720983 -0.0601317 0.690338 3.27397 2.76306 1.27145</i>
                        <i>-0.0136556 0.995863 0.08984 -0.698993 -0.0737549 0.711315 0.714998 -0.0530842 0.697108 3.27659 2.76642 1.27138</i>
                        <i>-0.0130269 0.995869 0.089858 -0.698346 -0.0733783 0.711989 0.715641 -0.053477 0.696418 3.27592 2.76573 1.27131</i>
                        <i>-0.0114542 0.995895 0.0897854 -0.696717 -0.072356 0.713687 0.717254 -0.0543803 0.694686 3.2742 2.76397 1.27111</i>
                        <i>-0.0094095 0.995948 0.0894324 -0.694575 -0.0708494 0.715924 0.719359 -0.055381 0.692427 3.2719 2.7616 1.27083</i>
                        <i>-0.00735869 0.996038 0.0886182 -0.692368 -0.0690171 0.718236 0.721507 -0.0560712 0.690133 3.2695 2.7591 1.2705</i>
                        <i>-0.00575479 0.996176 0.0871748 -0.690518 -0.0670137 0.720204 0.723292 -0.0560512 0.688264 3.26745 2.75693 1.27014</i>
                        <i>-0.00503693 0.996373 0.0849436 -0.689415 -0.0649904 0.721445 0.724349 -0.0549276 0.687242 3.26624 2.75558 1.2698</i>
                        <i>-0.00584878 0.996629 0.0818313 -0.689085 -0.0633185 0.721909 0.724657 -0.0521665 0.687133 3.26623 2.75552 1.26953</i>
                        <i>-0.00896361 0.99691 0.0780406 -0.689204 -0.0627051 0.721849 0.724512 -0.0473156 0.687636 3.26747 2.75713 1.26943</i>
                        <i>-0.0138516 0.997149 0.0741721 -0.689652 -0.0632389 0.721374 0.724008 -0.0411608 0.688562 3.26962 2.76009 1.26952</i>
                        <i>-0.0197428 0.997288 0.0709038 -0.690317 -0.0648974 0.720591 0.723238 -0.0347195 0.689726 3.27227 2.76391 1.26978</i>
                        <i>-0.0258427 0.997284 0.0689631 -0.691067 -0.0676698 0.719616 0.722329 -0.0290613 0.690939 3.27503 2.76804 1.27022</i>
                        <i>-0.0316203 0.997139 0.0686629 -0.691744 -0.0714188 0.718603 0.721451 -0.0247747 0.692023 3.27747 2.77198 1.27081</i>
                        <i>-0.0362714 0.996892 0.0699385 -0.692344 -0.0755352 0.717603 0.720655 -0.022393 0.692932 3.27933 2.7752 1.27146</i>
                        <i>-0.038631 0.996612 0.0726086 -0.692953 -0.0790711 0.716634 0.719947 -0.02263 0.69366 3.2805 2.77721 1.27202</i>
                        <i>-0.03777 0.996349 0.0765694 -0.693505 -0.0813027 0.715849 0.719461 -0.0260636 0.694044 3.28074 2.77751 1.27237</i>
                        <i>-0.0309388 0.996134 0.082224 -0.693895 -0.0806153 0.71555 0.719412 -0.0349166 0.693706 3.2794 2.77505 1.27228</i>
                        <i>-0.018342 0.995854 0.0890963 -0.694157 -0.076818 0.715712 0.719589 -0.0487193 0.692689 3.27652 2.76992 1.27172</i>
                        <i>-0.00348826 0.995397 0.095772 -0.694452 -0.0713231 0.715995 0.719531 -0.0640115 0.691504 3.27295 2.76329 1.27091</i>
                        <i>0.0101905 0.994843 0.100918 -0.694864 -0.0655294 0.716149 0.719069 -0.0774223 0.690612 3.26954 2.75633 1.27007</i>
                        <i>0.0193115 0.994475 0.103178 -0.695364 -0.060791 0.716082 0.718398 -0.0855747 0.690349 3.26713 2.75025 1.26938</i>
                        <i>0.0210037 0.994575 0.101876 -0.695867 -0.0586225 0.715774 0.717864 -0.0859261 0.69086 3.26655 2.74623 1.26907</i>
                        <i>0.0155531 0.995103 0.0976129 -0.696327 -0.0592801 0.715272 0.717556 -0.0790952 0.691995 3.26781 2.74534 1.26916</i>
                        <i>0.00596609 0.995766 0.0917312 -0.696779 -0.0616579 0.714631 0.717261 -0.06818 0.693461 3.27015 2.74795 1.2695</i>
                        <i>-0.00640631 0.996349 0.0851353 -0.697261 -0.0654773 0.71382 0.716789 -0.0547886 0.695135 3.27322 2.75323 1.27007</i>
                        <i>-0.0201872 0.996689 0.0787606 -0.697804 -0.0704618 0.712815 0.716004 -0.0405697 0.696916 3.27668 2.76024 1.27082</i>
                        <i>-0.0339535 0.996711 0.0735858 -0.698416 -0.0763291 0.71161 0.714886 -0.0272318 0.69871 3.28017 2.76803 1.27171</i>
                        <i>-0.0456817 0.996386 0.0716051 -0.699093 -0.0830891 0.710187 0.71357 -0.0176161 0.700362 3.28334 2.77568 1.27274</i>
                        <i>-0.0542296 0.995874 0.0727656 -0.699785 -0.0898872 0.708675 0.712292 -0.0124891 0.701772 3.28591 2.78224 1.27379</i>
                        <i>-0.0594546 0.99541 0.0749942 -0.700347 -0.0951291 0.707435 0.711322 -0.0104617 0.702788 3.28762 2.78683 1.2746</i>
                        <i>-0.0612229 0.995211 0.0762035 -0.700577 -0.0972269 0.706922 0.710945 -0.0101066 0.703175 3.28825 2.78856 1.27493</i>
                        <i>-0.0563257 0.995359 0.0780284 -0.698415 -0.0951291 0.709343 0.713473 -0.014542 0.700532 3.28789 2.78816 1.27439</i>
                        <i>-0.0459731 0.995618 0.0814361 -0.695922 -0.0904053 0.712404 0.716644 -0.0239218 0.697029 3.28701 2.78613 1.27321</i>
                        <i>-0.0314952 0.995798 0.0859897 -0.693048 -0.0837491 0.71601 0.720203 -0.0370441 0.692774 3.28568 2.78284 1.27161</i>
                        <i>-0.0142133 0.995728 0.0912294 -0.689743 -0.0758193 0.720074 0.723915 -0.0526902 0.687874 3.28397 2.77867 1.26979</i>
                        <i>0.00458418 0.995306 0.0966653 -0.685938 -0.0672098 0.724549 0.727645 -0.0696279 0.682411 3.28192 2.77398 1.26798</i>
                        <i>0.0236623 0.994525 0.101781 -0.681542 -0.0584362 0.729442 0.731397 -0.086628 0.676428 3.27961 2.76914 1.26638</i>
                        <i>0.0418502 0.993481 0.106043 -0.676428 -0.0499388 0.734814 0.735319 -0.102483 0.669928 3.27709 2.76451 1.26523</i>
                        <i>0.0580345 0.992355 0.108921 -0.670444 -0.0420978 0.740765 0.739687 -0.116015 0.662875 3.2744 2.76045 1.26474</i>
                        <i>0.0711294 0.991394 0.109903 -0.663411 -0.0352596 0.747424 0.744866 -0.126075 0.655194 3.2716 2.75733 1.26512</i>
                        <i>0.0800188 0.990869 0.108519 -0.655137 -0.0297725 0.754924 0.751261 -0.131503 0.646772 3.26871 2.75551 1.26658</i>
                        <i>0.0848463 0.990958 0.103938 -0.644038 -0.0250517 0.764583 0.760274 -0.131812 0.636089 3.26523 2.75497 1.26964</i>
                        <i>0.0866744 0.991583 0.0961814 -0.62925 -0.0203583 0.776937 0.772355 -0.127863 0.622189 3.26081 2.75535 1.27437</i>
                        <i>0.0856598 0.99259 0.0861806 -0.611696 -0.0158831 0.790933 0.786441 -0.120468 0.605803 3.25574 2.75643 1.28028</i>
                        <i>0.0820431 0.993808 0.0749288 -0.592387 -0.0118321 0.805567 0.801465 -0.110478 0.587748 3.25028 2.758 1.28689</i>
                        <i>0.076268 0.995068 0.0634199 -0.572438 -0.008381 0.819906 0.816394 -0.0988364 0.568975 3.24475 2.75988 1.29375</i>
                        <i>0.0690392 0.996227 0.0525785 -0.55307 -0.00564174 0.833116 0.830269 -0.0865972 0.550594 3.23945 2.76187 1.30039</i>
                        <i>0.0613176 0.997183 0.0431965 -0.535599 -0.00364657 0.844465 0.842244 -0.0749166 0.533866 3.23473 2.76376 1.30635</i>
                        <i>0.0542623 0.997881 0.0359044 -0.521399 -0.00235019 0.85331 0.851586 -0.0650231 0.520167 3.23093 2.76535 1.31117</i>
                        <i>0.0491331 0.998305 0.0311959 -0.511873 -0.001652 0.85906 0.857655 -0.0581765 0.510924 3.22839 2.76646 1.3144</i>
                        <i>0.0471695 0.998451 0.0295168 -0.508401 -0.0014387 0.861119 0.859828 -0.0556249 0.507546 3.22747 2.76687 1.31558</i>
                    </KeyFrames>
                </p>
            </i>
            <i>
                <p>
                    <Name><![CDATA[spine2]]></Name>
                    <Exclude>0</Exclude>
                    <Additive>0</Additive>
                    <IKPriority>0</IKPriority>
                    <IKRotLimits>-1e+010 -1e+010 -1e+010 1e+010 1e+010 1e+010</IKRotLimits>
                    <IKRotLimitOrder>0</IKRotLimitOrder>
                    <KeyFrames count="61">
                        <i>0.142762 0.974148 0.175083 -0.774526 -0.000179318 0.632542 0.616221 -0.225909 0.754478 3.23481 2.92496 1.3206</i>
                        <i>0.139691 0.973749 0.179722 -0.780976 -0.0032357 0.624553 0.608739 -0.227603 0.760022 3.23571 2.92027 1.31922</i>
                        <i>0.130747 0.972946 0.190477 -0.79802 -0.0107208 0.602536 0.588277 -0.230784 0.775028 3.23822 2.90992 1.31562</i>
                        <i>0.116489 0.972352 0.202391 -0.821929 -0.0200163 0.569238 0.557551 -0.232661 0.796872 3.24206 2.89949 1.31063</i>
                        <i>0.0977891 0.972632 0.210771 -0.849077 -0.0289383 0.527477 0.51914 -0.230542 0.823009 3.24693 2.89458 1.30502</i>
                        <i>0.0757572 0.974428 0.211544 -0.876306 -0.0361629 0.480395 0.475761 -0.221771 0.851158 3.2525 2.8963 1.2996</i>
                        <i>0.0519249 0.977928 0.202387 -0.901105 -0.0414785 0.431612 0.43048 -0.204784 0.879062 3.2584 2.90113 1.29502</i>
                        <i>0.0290897 0.982192 0.185614 -0.921682 -0.0455097 0.385267 0.386853 -0.182284 0.903945 3.26408 2.90768 1.29137</i>
                        <i>0.00986117 0.986231 0.165077 -0.937025 -0.0485239 0.345875 0.349123 -0.158092 0.923645 3.26894 2.91453 1.28866</i>
                        <i>-0.00375175 0.98937 0.145374 -0.946728 -0.0503269 0.318076 0.322011 -0.136436 0.936853 3.27248 2.92029 1.28687</i>
                        <i>-0.0102198 0.991265 0.131492 -0.950564 -0.0504449 0.306405 0.310361 -0.12186 0.942776 3.27418 2.92352 1.28597</i>
                        <i>-0.0069719 0.991482 0.130061 -0.950422 -0.0470061 0.30739 0.310885 -0.12147 0.942654 3.27361 2.92287 1.2859</i>
                        <i>0.00108888 0.99199 0.126315 -0.950011 -0.0384112 0.309844 0.312213 -0.120338 0.94236 3.27214 2.92121 1.28571</i>
                        <i>0.0114366 0.992577 0.121076 -0.94936 -0.0272424 0.313007 0.313982 -0.118525 0.942002 3.27017 2.91901 1.28538</i>
                        <i>0.0215485 0.993112 0.11517 -0.948555 -0.0160882 0.316205 0.31588 -0.116059 0.941674 3.26809 2.9167 1.28494</i>
                        <i>0.0289113 0.993575 0.109425 -0.947757 -0.00754362 0.318904 0.31768 -0.112928 0.941449 3.2663 2.91473 1.28437</i>
                        <i>0.0310221 0.994024 0.104665 -0.947173 -0.00420728 0.320695 0.319219 -0.109084 0.941382 3.2652 2.91352 1.28368</i>
                        <i>0.0262795 0.994495 0.101431 -0.946725 -0.00781913 0.321949 0.32097 -0.104488 0.941308 3.26506 2.91353 1.28292</i>
                        <i>0.0158656 0.994908 0.0995342 -0.946141 -0.0172557 0.323294 0.323366 -0.0993027 0.941049 3.26581 2.91508 1.28221</i>
                        <i>0.00225204 0.995092 0.0989293 -0.945377 -0.0301296 0.324583 0.32597 -0.0942565 0.940669 3.26719 2.91793 1.28167</i>
                        <i>-0.0119048 0.994954 0.0996197 -0.944482 -0.0439032 0.325617 0.328348 -0.0902126 0.940239 3.26891 2.92157 1.2814</i>
                        <i>-0.0238964 0.994533 0.101649 -0.943628 -0.0560167 0.326233 0.330144 -0.0881228 0.939808 3.2707 2.92551 1.28152</i>
                        <i>-0.0313736 0.994033 0.10447 -0.943076 -0.0640634 0.326348 0.331093 -0.0882843 0.939459 3.27223 2.92923 1.28205</i>
                        <i>-0.0339688 0.993592 0.107805 -0.942993 -0.0675964 0.325876 0.331075 -0.0905893 0.939246 3.27337 2.93226 1.28288</i>
                        <i>-0.0328067 0.99318 0.111879 -0.943357 -0.0677473 0.324788 0.330152 -0.0948864 0.939146 3.27416 2.9341 1.28385</i>
                        <i>-0.0279877 0.992788 0.116566 -0.944138 -0.06456 0.323164 0.328359 -0.10101 0.939136 3.27454 2.93431 1.28483</i>
                        <i>-0.0183626 0.992348 0.122098 -0.945384 -0.0569818 0.320939 0.325441 -0.109536 0.939197 3.27427 2.93189 1.28563</i>
                        <i>-0.00480339 0.991752 0.128084 -0.946904 -0.0456885 0.318254 0.32148 -0.119755 0.939313 3.27337 2.92694 1.28618</i>
                        <i>0.00955153 0.991006 0.133478 -0.948354 -0.0333479 0.315455 0.317069 -0.129597 0.939506 3.27215 2.92058 1.28646</i>
                        <i>0.0216158 0.990294 0.137295 -0.94953 -0.0226487 0.312856 0.312929 -0.137129 0.939825 3.27092 2.91393 1.28648</i>
                        <i>0.0282913 0.989964 0.138459 -0.950348 -0.0163048 0.310762 0.3099 -0.140376 0.940349 3.26996 2.90809 1.28619</i>
                        <i>0.0270477 0.990231 0.13679 -0.950759 -0.0167815 0.309477 0.308749 -0.138425 0.941017 3.26965 2.90418 1.28568</i>
                        <i>0.0186211 0.990944 0.132977 -0.950771 -0.0235985 0.308994 0.309334 -0.132185 0.941722 3.27004 2.90324 1.28508</i>
                        <i>0.00613592 0.991747 0.128062 -0.950437 -0.0340266 0.309051 0.310858 -0.123611 0.942384 3.27085 2.9057 1.28446</i>
                        <i>-0.00840745 0.992398 0.122786 -0.949774 -0.0463379 0.309487 0.312823 -0.114016 0.942943 3.27196 2.91076 1.28395</i>
                        <i>-0.022964 0.992757 0.11792 -0.948886 -0.0587828 0.310098 0.314784 -0.104772 0.943363 3.27324 2.9175 1.28366</i>
                        <i>-0.0354408 0.992817 0.114275 -0.947975 -0.0695958 0.310644 0.316366 -0.0973205 0.943632 3.27457 2.92501 1.28371</i>
                        <i>-0.0426381 0.992576 0.113911 -0.947409 -0.0763642 0.310781 0.317173 -0.0946694 0.943631 3.27589 2.93235 1.28441</i>
                        <i>-0.0445106 0.992169 0.116706 -0.947283 -0.0790203 0.3105 0.31729 -0.0967334 0.943382 3.27713 2.93861 1.28562</i>
                        <i>-0.0436906 0.991788 0.1202 -0.947388 -0.0793177 0.310103 0.317091 -0.100327 0.943074 3.27803 2.94297 1.28677</i>
                        <i>-0.0428272 0.991616 0.121916 -0.947477 -0.0790229 0.309906 0.316942 -0.10224 0.942918 3.27838 2.94461 1.28728</i>
                        <i>-0.0359732 0.99135 0.126215 -0.945732 -0.0745844 0.316274 0.322952 -0.107988 0.940234 3.27879 2.94425 1.28702</i>
                        <i>-0.0246978 0.990987 0.131659 -0.943822 -0.0665265 0.323688 0.32953 -0.116269 0.936959 3.27954 2.94235 1.28639</i>
                        <i>-0.010039 0.990383 0.137987 -0.941556 -0.0558281 0.332198 0.336707 -0.126587 0.933062 3.28048 2.93926 1.28551</i>
                        <i>0.0069676 0.989421 0.144905 -0.938753 -0.043453 0.341839 0.344519 -0.138412 0.92852 3.28148 2.93532 1.28454</i>
                        <i>0.0253035 0.988043 0.152087 -0.93527 -0.0303282 0.352634 0.35303 -0.151165 0.923319 3.2824 2.93088 1.28361</i>
                        <i>0.0439863 0.98627 0.159178 -0.931005 -0.0173217 0.364594 0.362345 -0.164233 0.91746 3.28312 2.92629 1.28286</i>
                        <i>0.0620848 0.984202 0.165807 -0.925908 -0.00522535 0.377713 0.372613 -0.176973 0.910956 3.2835 2.9219 1.28243</i>
                        <i>0.0787215 0.982014 0.171613 -0.919963 0.00524811 0.39197 0.38402 -0.188734 0.90383 3.28341 2.91806 1.28243</i>
                        <i>0.0930544 0.979935 0.176262 -0.913183 0.0134493 0.407327 0.396783 -0.198863 0.896112 3.28272 2.91512 1.283</i>
                        <i>0.104234 0.978225 0.179478 -0.905594 0.0187515 0.423731 0.411139 -0.206701 0.887829 3.28127 2.91342 1.28427</i>
                        <i>0.112912 0.976928 0.181281 -0.895966 0.0212365 0.443615 0.42953 -0.212511 0.877692 3.27858 2.91297 1.28661</i>
                        <i>0.120406 0.975912 0.18193 -0.883357 0.0217051 0.468198 0.452971 -0.217083 0.864692 3.27446 2.91341 1.29009</i>
                        <i>0.126742 0.975163 0.181642 -0.868294 0.0205329 0.495626 0.479586 -0.220535 0.84933 3.26922 2.91454 1.29439</i>
                        <i>0.131911 0.974652 0.180699 -0.851456 0.0180677 0.524114 0.507564 -0.222994 0.832257 3.26319 2.91615 1.29919</i>
                        <i>0.13593 0.974339 0.179405 -0.833722 0.0146748 0.551989 0.535192 -0.224605 0.814323 3.25673 2.91804 1.3042</i>
                        <i>0.138866 0.974176 0.178037 -0.816173 0.0107637 0.577707 0.560872 -0.225533 0.796591 3.25027 2.92002 1.30909</i>
                        <i>0.140846 0.974115 0.176813 -0.800069 0.00679736 0.59987 0.58314 -0.225952 0.780316 3.24432 2.92189 1.31355</i>
                        <i>0.142032 0.974113 0.175874 -0.7868 0.00328726 0.617199 0.600643 -0.22604 0.766899 3.2394 2.92347 1.31721</i>
                        <i>0.142609 0.974134 0.175286 -0.777815 0.00077747 0.628493 0.6121 -0.225969 0.757807 3.23605 2.92456 1.31969</i>
                        <i>0.142762 0.974148 0.175083 -0.774526 -0.000179318 0.632542 0.616221 -0.225909 0.754478 3.23481 2.92496 1.3206</i>
                    </KeyFrames>
                </p>
            </i>
            <i>
                <p>
                    <Name><![CDATA[head]]></Name>
                    <Exclude>0</Exclude>
                    <Additive>0</Additive>
                    <IKPriority>0</IKPriority>
                    <IKRotLimits>-1e+010 -1e+010 -1e+010 1e+010 1e+010 1e+010</IKRotLimits>
                    <IKRotLimitOrder>0</IKRotLimitOrder>
                    <KeyFrames count="61">
                        <i>0.0455698 0.984618 0.168674 -0.391803 0.172937 -0.90365 -0.91892 -0.0249077 0.393657 3.26556 3.17803 1.36094</i>
                        <i>0.0467359 0.983475 0.174908 -0.385303 0.179297 -0.905204 -0.921606 -0.025087 0.387316 3.26542 3.1735 1.36004</i>
                        <i>0.0479485 0.980848 0.188779 -0.368024 0.193048 -0.909555 -0.928579 -0.0258634 0.370232 3.26507 3.16356 1.35744</i>
                        <i>0.0460724 0.978123 0.202861 -0.343261 0.206212 -0.916323 -0.938109 -0.0274169 0.345252 3.26459 3.1537 1.35318</i>
                        <i>0.0388291 0.977064 0.209375 -0.314354 0.210838 -0.925596 -0.948511 -0.0298777 0.315331 3.26415 3.14942 1.34735</i>
                        <i>0.0249974 0.979446 0.20015 -0.284563 0.198901 -0.937796 -0.958331 -0.0335128 0.283686 3.2639 3.15173 1.34016</i>
                        <i>0.0102536 0.985037 0.172038 -0.261564 0.168699 -0.950329 -0.965132 -0.0352547 0.25938 3.26397 3.157 1.33199</i>
                        <i>0.000485921 0.991311 0.131542 -0.24926 0.12751 -0.960006 -0.968436 -0.0323216 0.247156 3.26441 3.16383 1.32346</i>
                        <i>-0.0058667 0.996392 0.0846626 -0.245404 0.0806404 -0.966061 -0.969403 -0.0264441 0.244046 3.26513 3.17087 1.31534</i>
                        <i>-0.0115698 0.999239 0.0372383 -0.24785 0.0332128 -0.968229 -0.968729 -0.0204317 0.247277 3.26588 3.17673 1.30849</i>
                        <i>-0.0198114 0.999791 -0.00511274 -0.254162 -0.00998198 -0.96711 -0.966959 -0.0178604 0.254306 3.26632 3.18006 1.30378</i>
                        <i>-0.0212976 0.999651 -0.0156552 -0.254796 -0.0205688 -0.966776 -0.96676 -0.0166011 0.255145 3.26664 3.1795 1.30324</i>
                        <i>-0.026124 0.998708 -0.043586 -0.256329 -0.0488354 -0.965355 -0.966237 -0.0140466 0.257273 3.26741 3.17806 1.30181</i>
                        <i>-0.0348494 0.995915 -0.0833008 -0.258055 -0.0894921 -0.961977 -0.965502 -0.0120282 0.260119 3.26831 3.17611 1.29978</i>
                        <i>-0.0479671 0.990462 -0.129165 -0.259067 -0.137226 -0.956061 -0.964667 -0.0123969 0.263179 3.26901 3.17404 1.29746</i>
                        <i>-0.0658394 0.982253 -0.175622 -0.258321 -0.186783 -0.94783 -0.963813 -0.0170376 0.266035 3.2692 3.17225 1.29512</i>
                        <i>-0.0886871 0.972063 -0.217319 -0.254773 -0.233059 -0.938496 -0.962925 -0.0278653 0.268325 3.26854 3.17117 1.29308</i>
                        <i>-0.115419 0.96146 -0.249546 -0.248589 -0.271189 -0.929871 -0.961708 -0.0452907 0.270309 3.26691 3.17123 1.29156</i>
                        <i>-0.141191 0.952717 -0.269062 -0.241812 -0.296741 -0.923835 -0.959996 -0.0653752 0.272276 3.26468 3.17274 1.29062</i>
                        <i>-0.160723 0.948506 -0.272953 -0.236992 -0.305545 -0.922213 -0.958125 -0.0835336 0.273896 3.26233 3.17542 1.29031</i>
                        <i>-0.172658 0.949516 -0.261933 -0.235374 -0.297995 -0.925093 -0.956445 -0.0980728 0.274943 3.26033 3.17881 1.29065</i>
                        <i>-0.17746 0.954331 -0.240332 -0.236655 -0.278424 -0.930846 -0.95525 -0.108312 0.275257 3.25917 3.18245 1.2917</i>
