<?xml version="1.0" encoding="ISO-8859-1" ?>
<Animl Version="1">
    <ModellingPackage><![CDATA[Maya.2010]]></ModellingPackage>
    <SrcFile><![CDATA[anims\turrets\artillery\blue\~src\artillery_m270\artillery_m270_fire_crewman_c.mb]]></SrcFile>
    <FramesPerSecond>30</FramesPerSecond>
    <TotalFrames>40</TotalFrames>
    <Skeleton>
        <RefFrame>
            <Name><![CDATA[soldier_ref_frame]]></Name>
            <Exclude>0</Exclude>
            <Additive>0</Additive>
            <IKPriority>0</IKPriority>
            <IKRotLimits>-1e+010 -1e+010 -1e+010 1e+010 1e+010 1e+010</IKRotLimits>
            <IKRotLimitOrder>0</IKRotLimitOrder>
            <KeyFrames count="40">
                <i>1 0 0 0 1 0 0 0 1 2.22 5.41 1.52</i>
                <i>1 0 0 0 1 0 0 0 1 2.22 5.41 1.52</i>
                <i>1 0 0 0 1 0 0 0 1 2.22 5.41 1.52</i>
                <i>1 0 0 0 1 0 0 0 1 2.22 5.41 1.52</i>
                <i>1 0 0 0 1 0 0 0 1 2.22 5.41 1.52</i>
                <i>1 0 0 0 1 0 0 0 1 2.22 5.41 1.52</i>
                <i>1 0 0 0 1 0 0 0 1 2.22 5.41 1.52</i>
                <i>1 0 0 0 1 0 0 0 1 2.22 5.41 1.52</i>
                <i>1 0 0 0 1 0 0 0 1 2.22 5.41 1.52</i>
                <i>1 0 0 0 1 0 0 0 1 2.22 5.41 1.52</i>
                <i>1 0 0 0 1 0 0 0 1 2.22 5.41 1.52</i>
                <i>1 0 0 0 1 0 0 0 1 2.22 5.41 1.52</i>
                <i>1 0 0 0 1 0 0 0 1 2.22 5.41 1.52</i>
                <i>1 0 0 0 1 0 0 0 1 2.22 5.41 1.52</i>
                <i>1 0 0 0 1 0 0 0 1 2.22 5.41 1.52</i>
                <i>1 0 0 0 1 0 0 0 1 2.22 5.41 1.52</i>
                <i>1 0 0 0 1 0 0 0 1 2.22 5.41 1.52</i>
                <i>1 0 0 0 1 0 0 0 1 2.22 5.41 1.52</i>
                <i>1 0 0 0 1 0 0 0 1 2.22 5.41 1.52</i>
                <i>1 0 0 0 1 0 0 0 1 2.22 5.41 1.52</i>
                <i>1 0 0 0 1 0 0 0 1 2.22 5.41 1.52</i>
                <i>1 0 0 0 1 0 0 0 1 2.22 5.41 1.52</i>
                <i>1 0 0 0 1 0 0 0 1 2.22 5.41 1.52</i>
                <i>1 0 0 0 1 0 0 0 1 2.22 5.41 1.52</i>
                <i>1 0 0 0 1 0 0 0 1 2.22 5.41 1.52</i>
                <i>1 0 0 0 1 0 0 0 1 2.22 5.41 1.52</i>
                <i>1 0 0 0 1 0 0 0 1 2.22 5.41 1.52</i>
                <i>1 0 0 0 1 0 0 0 1 2.22 5.41 1.52</i>
                <i>1 0 0 0 1 0 0 0 1 2.22 5.41 1.52</i>
                <i>1 0 0 0 1 0 0 0 1 2.22 5.41 1.52</i>
                <i>1 0 0 0 1 0 0 0 1 2.22 5.41 1.52</i>
                <i>1 0 0 0 1 0 0 0 1 2.22 5.41 1.52</i>
                <i>1 0 0 0 1 0 0 0 1 2.22 5.41 1.52</i>
                <i>1 0 0 0 1 0 0 0 1 2.22 5.41 1.52</i>
                <i>1 0 0 0 1 0 0 0 1 2.22 5.41 1.52</i>
                <i>1 0 0 0 1 0 0 0 1 2.22 5.41 1.52</i>
                <i>1 0 0 0 1 0 0 0 1 2.22 5.41 1.52</i>
                <i>1 0 0 0 1 0 0 0 1 2.22 5.41 1.52</i>
                <i>1 0 0 0 1 0 0 0 1 2.22 5.41 1.52</i>
                <i>1 0 0 0 1 0 0 0 1 2.22 5.41 1.52</i>
            </KeyFrames>
        </RefFrame>
        <Bones count="23">
            <i>
                <p>
                    <Name><![CDATA[pelvis]]></Name>
                    <Exclude>0</Exclude>
                    <Additive>0</Additive>
                    <IKPriority>0</IKPriority>
                    <IKRotLimits>-1e+010 -1e+010 -1e+010 1e+010 1e+010 1e+010</IKRotLimits>
                    <IKRotLimitOrder>2</IKRotLimitOrder>
                    <KeyFrames count="40">
                        <i>1 0 0 0 1 0 0 0 1 2.24429 6.00107 1.67587</i>
                        <i>1 0 0 0 1 0 0 0 1 2.24413 5.99477 1.67497</i>
                        <i>1 0 0 0 1 0 0 0 1 2.24376 5.9795 1.67281</i>
                        <i>1 0 0 0 1 0 0 0 1 2.24409 5.97773 1.67077</i>
                        <i>1 0 0 0 1 0 0 0 1 2.24649 5.99185 1.67058</i>
                        <i>1 0 0 0 1 0 0 0 1 2.24919 5.99399 1.6711</i>
                        <i>1 0 0 0 1 0 0 0 1 2.25057 6.03582 1.67892</i>
                        <i>1 0 0 0 1 0 0 0 1 2.25078 6.13435 1.69431</i>
                        <i>1 0 0 0 1 0 0 0 1 2.24987 6.24051 1.70988</i>
                        <i>1 0 0 0 1 0 0 0 1 2.2486 6.28645 1.7165</i>
                        <i>1 0 0 0 1 0 0 0 1 2.24912 6.26259 1.71337</i>
                        <i>1 0 0 0 1 0 0 0 1 2.24957 6.20841 1.70514</i>
                        <i>1 0 0 0 1 0 0 0 1 2.24733 6.12879 1.69275</i>
                        <i>1 0 0 0 1 0 0 0 1 2.24537 6.03548 1.68125</i>
                        <i>1 0 0 0 1 0 0 0 1 2.24603 5.96612 1.6754</i>
                        <i>1 0 0 0 1 0 0 0 1 2.2466 5.93424 1.67239</i>
                        <i>1 0 0 0 1 0 0 0 1 2.24554 5.92585 1.6689</i>
                        <i>1 0 0 0 1 0 0 0 1 2.24409 5.93069 1.66704</i>
                        <i>1 0 0 0 1 0 0 0 1 2.24315 5.94016 1.66731</i>
                        <i>1 0 0 0 1 0 0 0 1 2.24292 5.94578 1.66802</i>
                        <i>1 0 0 0 1 0 0 0 1 2.24297 5.94772 1.66829</i>
                        <i>1 0 0 0 1 0 0 0 1 2.24305 5.95106 1.66877</i>
                        <i>1 0 0 0 1 0 0 0 1 2.24314 5.95483 1.6693</i>
                        <i>1 0 0 0 1 0 0 0 1 2.24322 5.95807 1.66976</i>
                        <i>1 0 0 0 1 0 0 0 1 2.24327 5.95981 1.67001</i>
                        <i>1 0 0 0 1 0 0 0 1 2.24338 5.96453 1.67068</i>
                        <i>1 0 0 0 1 0 0 0 1 2.24364 5.97482 1.67214</i>
                        <i>1 0 0 0 1 0 0 0 1 2.24394 5.98687 1.67385</i>
                        <i>1 0 0 0 1 0 0 0 1 2.24419 5.99689 1.67528</i>
                        <i>1 0 0 0 1 0 0 0 1 2.24429 6.00107 1.67587</i>
                        <i>1 0 0 0 1 0 0 0 1 2.24429 6.00107 1.67587</i>
                        <i>1 0 0 0 1 0 0 0 1 2.24429 6.00107 1.67587</i>
                        <i>1 0 0 0 1 0 0 0 1 2.24429 6.00107 1.67587</i>
                        <i>1 0 0 0 1 0 0 0 1 2.24429 6.00107 1.67587</i>
                        <i>1 0 0 0 1 0 0 0 1 2.24429 6.00107 1.67587</i>
                        <i>1 0 0 0 1 0 0 0 1 2.24429 6.00107 1.67587</i>
                        <i>1 0 0 0 1 0 0 0 1 2.24429 6.00107 1.67587</i>
                        <i>1 0 0 0 1 0 0 0 1 2.24429 6.00107 1.67587</i>
                        <i>1 0 0 0 1 0 0 0 1 2.24429 6.00107 1.67587</i>
                        <i>1 0 0 0 1 0 0 0 1 2.24429 6.00107 1.67587</i>
                    </KeyFrames>
                </p>
            </i>
            <i>
                <p>
                    <Name><![CDATA[spine0]]></Name>
                    <Exclude>0</Exclude>
                    <Additive>0</Additive>
                    <IKPriority>0</IKPriority>
                    <IKRotLimits>-1e+010 -1e+010 -1e+010 1e+010 1e+010 1e+010</IKRotLimits>
                    <IKRotLimitOrder>0</IKRotLimitOrder>
                    <KeyFrames count="40">
                        <i>0.0147872 0.985642 0.168198 -0.991052 -0.00786974 0.133246 0.132656 -0.168663 0.976706 2.23462 6.14208 1.64905</i>
                        <i>0.0175156 0.96811 0.249911 -0.990811 -0.0167203 0.134215 0.134113 -0.249966 0.958922 2.23666 6.13762 1.65972</i>
                        <i>0.0239328 0.91751 0.396993 -0.990993 -0.0305647 0.130382 0.13176 -0.396537 0.908514 2.23974 6.12322 1.66812</i>
                        <i>0.0399393 0.864107 0.50172 -0.990313 -0.0325945 0.134971 0.132982 -0.502251 0.854435 2.23866 6.12091 1.65793</i>
                        <i>0.0738171 0.816451 0.572677 -0.989467 -0.0117436 0.144283 0.124525 -0.577295 0.806984 2.23663 6.13295 1.64431</i>
                        <i>0.120805 0.778877 0.615432 -0.988284 0.036113 0.14829 0.0932744 -0.626136 0.774115 2.23845 6.13306 1.63586</i>
                        <i>0.164 0.785729 0.596434 -0.98429 0.0902519 0.151752 0.0654064 -0.611951 0.788186 2.24277 6.1742 1.64035</i>
                        <i>0.195503 0.809417 0.553735 -0.979289 0.130812 0.154538 0.0526505 -0.572479 0.818227 2.24574 6.27231 1.65384</i>
                        <i>0.215078 0.82974 0.515046 -0.975206 0.154335 0.158602 0.0521086 -0.536388 0.842362 2.24721 6.37876 1.67016</i>
                        <i>0.223039 0.849248 0.478572 -0.972799 0.162396 0.165195 0.0625737 -0.5024 0.862368 2.24777 6.42597 1.68143</i>
                        <i>0.203787 0.883052 0.422718 -0.973833 0.138472 0.180207 0.100598 -0.448381 0.888164 2.24859 6.40526 1.69485</i>
                        <i>0.1594 0.915871 0.368472 -0.97608 0.0903124 0.197768 0.147853 -0.391183 0.908359 2.24626 6.35219 1.70865</i>
                        <i>0.107481 0.943005 0.314943 -0.97817 0.0436334 0.203172 0.177851 -0.329905 0.927109 2.23746 6.27197 1.70263</i>
                        <i>0.0568004 0.967176 0.247678 -0.981336 0.00843476 0.192114 0.183719 -0.253968 0.949604 2.22747 6.17822 1.68025</i>
                        <i>0.031837 0.977286 0.20952 -0.983903 -0.00623627 0.178594 0.175844 -0.211834 0.961356 2.22364 6.10756 1.66159</i>
                        <i>0.0420962 0.968517 0.245361 -0.986024 0.000649956 0.166605 0.1612 -0.248945 0.955008 2.22339 6.07407 1.64782</i>
                        <i>0.0665932 0.950356 0.303957 -0.987637 0.0194569 0.155545 0.141909 -0.310557 0.939902 2.22293 6.06412 1.63624</i>
                        <i>0.0903931 0.939195 0.331274 -0.988382 0.0437909 0.145543 0.122187 -0.340582 0.932242 2.22296 6.06765 1.62839</i>
                        <i>0.111791 0.931105 0.347197 -0.988278 0.0676181 0.13687 0.103964 -0.358428 0.92775 2.22386 6.07606 1.62423</i>
                        <i>0.128738 0.92495 0.357622 -0.987706 0.0873459 0.129647 0.0886804 -0.369916 0.924823 2.22532 6.08077 1.62151</i>
                        <i>0.122431 0.926251 0.356467 -0.988547 0.0818799 0.126766 0.0882297 -0.367905 0.925668 2.22613 6.08344 1.62366</i>
                        <i>0.0922593 0.934442 0.343957 -0.990554 0.0509361 0.127315 0.101449 -0.352454 0.930314 2.22581 6.08938 1.63321</i>
                        <i>0.0537046 0.944062 0.325366 -0.991837 0.0126953 0.126876 0.115648 -0.329524 0.937037 2.22472 6.09557 1.64587</i>
                        <i>0.0208777 0.952327 0.304365 -0.991972 -0.018246 0.125134 0.124722 -0.304534 0.944301 2.22349 6.1 1.65699</i>
                        <i>0.00446688 0.960191 0.27931 -0.991789 -0.0314443 0.123958 0.127806 -0.27757 0.952166 2.22292 6.10199 1.66182</i>
                        <i>0.00176117 0.968667 0.248355 -0.991682 -0.0302711 0.125099 0.128698 -0.24651 0.960557 2.22413 6.10674 1.66058</i>
                        <i>0.003413 0.976174 0.216965 -0.991454 -0.0249922 0.128042 0.130413 -0.215547 0.967746 2.22702 6.11696 1.65744</i>
                        <i>0.00777668 0.981543 0.191081 -0.991236 -0.0176338 0.130923 0.131876 -0.190425 0.972804 2.23048 6.12867 1.65363</i>
                        <i>0.0125361 0.984628 0.174214 -0.991098 -0.0108593 0.132692 0.132544 -0.174327 0.975726 2.2334 6.13817 1.65041</i>
                        <i>0.0147872 0.985642 0.168198 -0.991052 -0.00786974 0.133246 0.132656 -0.168663 0.976706 2.23462 6.14208 1.64905</i>
                        <i>0.0147872 0.985642 0.168198 -0.991052 -0.00786974 0.133246 0.132656 -0.168663 0.976706 2.23462 6.14208 1.64905</i>
                        <i>0.0147872 0.985642 0.168198 -0.991052 -0.00786974 0.133246 0.132656 -0.168663 0.976706 2.23462 6.14208 1.64905</i>
                        <i>0.0147872 0.985642 0.168198 -0.991052 -0.00786974 0.133246 0.132656 -0.168663 0.976706 2.23462 6.14208 1.64905</i>
                        <i>0.0147872 0.985642 0.168198 -0.991052 -0.00786974 0.133246 0.132656 -0.168663 0.976706 2.23462 6.14208 1.64905</i>
                        <i>0.0147872 0.985642 0.168198 -0.991052 -0.00786974 0.133246 0.132656 -0.168663 0.976706 2.23462 6.14208 1.64905</i>
                        <i>0.0147872 0.985642 0.168198 -0.991052 -0.00786974 0.133246 0.132656 -0.168663 0.976706 2.23462 6.14208 1.64905</i>
                        <i>0.0147872 0.985642 0.168198 -0.991052 -0.00786974 0.133246 0.132656 -0.168663 0.976706 2.23462 6.14208 1.64905</i>
                        <i>0.0147872 0.985642 0.168198 -0.991052 -0.00786974 0.133246 0.132656 -0.168663 0.976706 2.23462 6.14208 1.64905</i>
                        <i>0.0147872 0.985642 0.168198 -0.991052 -0.00786974 0.133246 0.132656 -0.168663 0.976706 2.23462 6.14208 1.64905</i>
                        <i>0.0147872 0.985642 0.168198 -0.991052 -0.00786974 0.133246 0.132656 -0.168663 0.976706 2.23462 6.14208 1.64905</i>
                    </KeyFrames>
                </p>
            </i>
            <i>
                <p>
                    <Name><![CDATA[spine1]]></Name>
                    <Exclude>0</Exclude>
                    <Additive>0</Additive>
                    <IKPriority>0</IKPriority>
                    <IKRotLimits>-1e+010 -1e+010 -1e+010 1e+010 1e+010 1e+010</IKRotLimits>
                    <IKRotLimitOrder>0</IKRotLimitOrder>
                    <KeyFrames count="40">
                        <i>0.0983631 0.915377 0.390396 -0.985842 0.0361 0.163745 0.135795 -0.400975 0.905968 2.23717 6.31202 1.67805</i>
                        <i>0.102414 0.9089 0.404243 -0.986394 0.0402537 0.159395 0.128602 -0.415067 0.900656 2.23962 6.3015 1.70204</i>
                        <i>0.122468 0.853605 0.50632 -0.985719 0.0452041 0.162215 0.11558 -0.518955 0.846951 2.24375 6.27699 1.73468</i>
                        <i>0.186461 0.685607 0.703686 -0.980472 0.0842875 0.177681 0.0625077 -0.723075 0.687935 2.24534 6.2653 1.7418</i>
                        <i>0.264578 0.440462 0.8579 -0.96146 0.189469 0.199239 -0.0747878 -0.877551 0.473615 2.24912 6.27106 1.7412</i>
                        <i>0.295583 0.247404 0.922725 -0.934962 0.27324 0.226241 -0.196153 -0.929586 0.312079 2.25983 6.27089 1.74473</i>
                        <i>0.295027 0.164556 0.941212 -0.926851 0.28865 0.240059 -0.232178 -0.943187 0.237679 2.27359 6.32195 1.75239</i>
                        <i>0.295175 0.161122 0.94176 -0.928289 0.281685 0.242761 -0.226166 -0.945882 0.232714 2.28467 6.43362 1.76399</i>
                        <i>0.30053 0.20922 0.930542 -0.933881 0.262769 0.242528 -0.193776 -0.941902 0.274356 2.29152 6.54985 1.77611</i>
                        <i>0.30851 0.28774 0.906657 -0.940116 0.237452 0.244537 -0.144925 -0.927805 0.343766 2.29364 6.60079 1.7797</i>
                        <i>0.316518 0.458498 0.830419 -0.947283 0.198659 0.251376 -0.0497146 -0.866207 0.497207 2.28769 6.57482 1.77588</i>
                        <i>0.289887 0.713477 0.6379 -0.953485 0.157733 0.256881 0.0826606 -0.682694 0.726014 2.27367 6.50966 1.772</i>
                        <i>0.21483 0.883577 0.416101 -0.962631 0.119634 0.242959 0.164893 -0.452747 0.87626 2.25502 6.42602 1.75413</i>
                        <i>0.138685 0.948668 0.284245 -0.9746 0.0797745 0.209265 0.175847 -0.306047 0.935635 2.23702 6.34074 1.72189</i>
                        <i>0.100284 0.965034 0.242183 -0.982268 0.0572733 0.178522 0.158409 -0.255792 0.953665 2.22928 6.28077 1.69869</i>
                        <i>0.126616 0.938124 0.322323 -0.983875 0.077389 0.161249 0.126327 -0.337542 0.932795 2.23112 6.25218 1.69286</i>
                        <i>0.194435 0.868881 0.455236 -0.976353 0.126717 0.175151 0.0944995 -0.478527 0.872973 2.23531 6.24092 1.6927</i>
                        <i>0.275438 0.751475 0.599516 -0.959693 0.178692 0.21693 0.0558886 -0.635102 0.770404 2.23994 6.24418 1.69055</i>
                        <i>0.339893 0.600706 0.723619 -0.940334 0.229843 0.250885 -0.0156099 -0.765718 0.642987 2.24546 6.25615 1.69124</i>
                        <i>0.361663 0.496647 0.789013 -0.92911 0.262049 0.260932 -0.0771688 -0.827449 0.556213 2.25098 6.26531 1.69267</i>
                        <i>0.344983 0.480796 0.806115 -0.935492 0.246066 0.253588 -0.0764333 -0.841598 0.534669 2.25068 6.26936 1.69502</i>
                        <i>0.306949 0.534624 0.787375 -0.951409 0.193709 0.239368 -0.0245499 -0.82259 0.568105 2.24398 6.2736 1.70086</i>
                        <i>0.25413 0.630145 0.733713 -0.966235 0.132056 0.221251 0.0425289 -0.765166 0.642427 2.23497 6.27601 1.70793</i>
                        <i>0.199941 0.72995 0.653603 -0.975297 0.0843337 0.204165 0.0939092 -0.678278 0.72878 2.22735 6.27651 1.71332</i>
                        <i>0.168988 0.79904 0.577043 -0.978604 0.0662988 0.194781 0.11738 -0.597612 0.793147 2.22372 6.27681 1.7126</i>
                        <i>0.155564 0.840227 0.519441 -0.97993 0.0649117 0.188475 0.124644 -0.538336 0.833462 2.22444 6.28109 1.70522</i>
                        <i>0.137648 0.872573 0.468689 -0.982096 0.058793 0.178972 0.12861 -0.484933 0.865043 2.22762 6.29007 1.69588</i>
                        <i>0.119068 0.896007 0.427778 -0.984118 0.04937 0.170512 0.13166 -0.441286 0.887655 2.23184 6.30029 1.68702</i>
                        <i>0.104344 0.910398 0.40036 -0.98541 0.0402124 0.165381 0.134463 -0.411775 0.901311 2.23557 6.3086 1.68055</i>
                        <i>0.0983631 0.915377 0.390396 -0.985842 0.0361 0.163745 0.135795 -0.400975 0.905968 2.23717 6.31202 1.67805</i>
                        <i>0.0983631 0.915377 0.390396 -0.985842 0.0361 0.163745 0.135795 -0.400975 0.905968 2.23717 6.31202 1.67805</i>
                        <i>0.0983631 0.915377 0.390396 -0.985842 0.0361 0.163745 0.135795 -0.400975 0.905968 2.23717 6.31202 1.67805</i>
                        <i>0.0983631 0.915377 0.390396 -0.985842 0.0361 0.163745 0.135795 -0.400975 0.905968 2.23717 6.31202 1.67805</i>
                        <i>0.0983631 0.915377 0.390396 -0.985842 0.0361 0.163745 0.135795 -0.400975 0.905968 2.23717 6.31202 1.67805</i>
                        <i>0.0983631 0.915377 0.390396 -0.985842 0.0361 0.163745 0.135795 -0.400975 0.905968 2.23717 6.31202 1.67805</i>
                        <i>0.0983631 0.915377 0.390396 -0.985842 0.0361 0.163745 0.135795 -0.400975 0.905968 2.23717 6.31202 1.67805</i>
                        <i>0.0983631 0.915377 0.390396 -0.985842 0.0361 0.163745 0.135795 -0.400975 0.905968 2.23717 6.31202 1.67805</i>
                        <i>0.0983631 0.915377 0.390396 -0.985842 0.0361 0.163745 0.135795 -0.400975 0.905968 2.23717 6.31202 1.67805</i>
                        <i>0.0983631 0.915377 0.390396 -0.985842 0.0361 0.163745 0.135795 -0.400975 0.905968 2.23717 6.31202 1.67805</i>
                        <i>0.0983631 0.915377 0.390396 -0.985842 0.0361 0.163745 0.135795 -0.400975 0.905968 2.23717 6.31202 1.67805</i>
                    </KeyFrames>
                </p>
            </i>
            <i>
                <p>
                    <Name><![CDATA[spine2]]></Name>
                    <Exclude>0</Exclude>
                    <Additive>0</Additive>
                    <IKPriority>0</IKPriority>
                    <IKRotLimits>-1e+010 -1e+010 -1e+010 1e+010 1e+010 1e+010</IKRotLimits>
                    <IKRotLimitOrder>0</IKRotLimitOrder>
                    <KeyFrames count="40">
                        <i>0.128402 0.778293 0.614632 -0.983158 0.0186262 0.181805 0.130049 -0.627625 0.767577 2.25281 6.45721 1.74001</i>
                        <i>0.153507 0.81703 0.555786 -0.981632 0.0616058 0.180561 0.113284 -0.573295 0.81148 2.25559 6.44312 1.765</i>
                        <i>0.218092 0.839677 0.497371 -0.971603 0.138888 0.191564 0.0917736 -0.525026 0.846124 2.26265 6.40873 1.81276</i>
                        <i>0.293995 0.74658 0.596813 -0.954758 0.200137 0.219962 0.0447748 -0.634479 0.771642 2.27398 6.37069 1.84994</i>
                        <i>0.335984 0.534295 0.775657 -0.940903 0.227667 0.250738 -0.0426238 -0.814062 0.579212 2.29016 6.33944 1.87457</i>
                        <i>0.330918 0.289009 0.898313 -0.935303 0.226853 0.271561 -0.125301 -0.93006 0.345381 2.3077 6.31084 1.89471</i>
                        <i>0.291915 0.0626907 0.954388 -0.93815 0.213002 0.272957 -0.186174 -0.975039 0.120992 2.32432 6.34989 1.91489</i>
                        <i>0.248311 -0.093602 0.964147 -0.94432 0.198421 0.262468 -0.215874 -0.975637 -0.0391201 2.33846 6.46242 1.93631</i>
                        <i>0.220405 -0.147063 0.964258 -0.95213 0.182244 0.245428 -0.211824 -0.972193 -0.0998552 2.34823 6.58868 1.95233</i>
                        <i>0.212198 -0.098546 0.972245 -0.960439 0.162589 0.226101 -0.180358 -0.98176 -0.0601462 2.35184 6.65444 1.95119</i>
                        <i>0.221775 0.0976536 0.970196 -0.969833 0.125342 0.209076 -0.101189 -0.987296 0.122505 2.34351 6.65522 1.9225</i>
                        <i>0.202516 0.438547 0.875593 -0.978916 0.0663092 0.193203 0.0266685 -0.896259 0.442729 2.31953 6.6224 1.87288</i>
                        <i>0.117196 0.728552 0.674891 -0.984611 -0.00346852 0.174724 0.129636 -0.684982 0.716934 2.28733 6.55897 1.81662</i>
                        <i>0.0219297 0.873396 0.486518 -0.985479 -0.0630739 0.157651 0.168378 -0.48291 0.859329 2.25848 6.48761 1.76584</i>
                        <i>-0.0299725 0.929635 0.367262 -0.985559 -0.0887475 0.144211 0.166657 -0.357636 0.91887 2.24565 6.43831 1.73831</i>
                        <i>-0.00143273 0.939883 0.341493 -0.988302 -0.05341 0.142853 0.152504 -0.337293 0.928965 2.25255 6.41098 1.74761</i>
                        <i>0.099953 0.901184 0.421755 -0.982851 0.0234087 0.18291 0.154963 -0.432805 0.888069 2.2686 6.38957 1.77083</i>
                        <i>0.243516 0.734295 0.633649 -0.961145 0.0951309 0.259134 0.130001 -0.672132 0.72893 2.28758 6.37385 1.79438</i>
                        <i>0.350033 0.452276 0.820319 -0.936144 0.137724 0.323523 0.0333439 -0.88118 0.471604 2.30589 6.36251 1.82006</i>
                        <i>0.372909 0.228012 0.899416 -0.926189 0.149756 0.346044 -0.0557911 -0.962072 0.267028 2.31724 6.35577 1.8375</i>
                        <i>0.346353 0.145191 0.926801 -0.935002 0.133714 0.32847 -0.0762351 -0.980327 0.182066 2.31426 6.35741 1.84387</i>
                        <i>0.306159 0.150988 0.93993 -0.95064 0.10087 0.293444 -0.0505044 -0.983376 0.174418 2.29958 6.36989 1.84367</i>
                        <i>0.25782 0.220107 0.940788 -0.966189 0.0613871 0.250419 -0.00263325 -0.973542 0.228492 2.27965 6.3863 1.83699</i>
                        <i>0.208879 0.322379 0.923277 -0.977014 0.0276827 0.21137 0.0425825 -0.946206 0.320751 2.26148 6.40064 1.82485</i>
                        <i>0.181609 0.419119 0.889583 -0.981034 0.0148888 0.193264 0.0677558 -0.907809 0.413874 2.25208 6.41042 1.80935</i>
                        <i>0.173088 0.510562 0.842239 -0.981514 0.0185078 0.190491 0.0816697 -0.859642 0.504327 2.25025 6.42007 1.79133</i>
                        <i>0.160097 0.61014 0.77595 -0.982288 0.0209405 0.186203 0.0973613 -0.792017 0.602686 2.25012 6.43233 1.77243</i>
                        <i>0.145543 0.697088 0.702058 -0.982897 0.0209485 0.182963 0.112834 -0.71668 0.688214 2.25103 6.44437 1.7559</i>
                        <i>0.133439 0.756426 0.640323 -0.983136 0.019512 0.18183 0.125047 -0.653788 0.746274 2.25221 6.45354 1.74435</i>
                        <i>0.128402 0.778293 0.614632 -0.983158 0.0186262 0.181805 0.130049 -0.627625 0.767577 2.25281 6.45721 1.74001</i>
                        <i>0.128402 0.778293 0.614632 -0.983158 0.0186262 0.181805 0.130049 -0.627625 0.767577 2.25281 6.45721 1.74001</i>
                        <i>0.128402 0.778293 0.614632 -0.983158 0.0186262 0.181805 0.130049 -0.627625 0.767577 2.25281 6.45721 1.74001</i>
                        <i>0.128402 0.778293 0.614632 -0.983158 0.0186262 0.181805 0.130049 -0.627625 0.767577 2.25281 6.45721 1.74001</i>
                        <i>0.128402 0.778293 0.614632 -0.983158 0.0186262 0.181805 0.130049 -0.627625 0.767577 2.25281 6.45721 1.74001</i>
                        <i>0.128402 0.778293 0.614632 -0.983158 0.0186262 0.181805 0.130049 -0.627625 0.767577 2.25281 6.45721 1.74001</i>
                        <i>0.128402 0.778293 0.614632 -0.983158 0.0186262 0.181805 0.130049 -0.627625 0.767577 2.25281 6.45721 1.74001</i>
                        <i>0.128402 0.778293 0.614632 -0.983158 0.0186262 0.181805 0.130049 -0.627625 0.767577 2.25281 6.45721 1.74001</i>
                        <i>0.128402 0.778293 0.614632 -0.983158 0.0186262 0.181805 0.130049 -0.627625 0.767577 2.25281 6.45721 1.74001</i>
                        <i>0.128402 0.778293 0.614632 -0.983158 0.0186262 0.181805 0.130049 -0.627625 0.767577 2.25281 6.45721 1.74001</i>
                        <i>0.128402 0.778293 0.614632 -0.983158 0.0186262 0.181805 0.130049 -0.627625 0.767577 2.25281 6.45721 1.74001</i>
                    </KeyFrames>
                </p>
            </i>
            <i>
                <p>
                    <Name><![CDATA[head]]></Name>
                    <Exclude>0</Exclude>
                    <Additive>0</Additive>
                    <IKPriority>0</IKPriority>
                    <IKRotLimits>-1e+010 -1e+010 -1e+010 1e+010 1e+010 1e+010</IKRotLimits>
                    <IKRotLimitOrder>0</IKRotLimitOrder>
                    <KeyFrames count="40">
                        <i>0.0254874 0.988995 0.145737 -0.170376 0.147949 -0.974209 -0.985049 -1.68915e-009 0.172272 2.28229 6.66257 1.89318</i>
                        <i>0.0717135 0.994761 0.0728543 -0.173899 0.0843933 -0.981141 -0.982149 0.0576918 0.17904 2.29303 6.65834 1.89816</i>
                        <i>0.166333 0.985979 -0.0133556 -0.196757 0.0199145 -0.98025 -0.96624 0.165676 0.197311 2.31913 6.63216 1.91863</i>
                        <i>0.251594 0.963319 0.093365 -0.196447 0.145289 -0.96969 -0.947686 0.225627 0.225795 2.3481 6.57714 1.9682</i>
                        <i>0.316232 0.845142 0.430967 -0.11378 0.484788 -0.867199 -0.941834 0.225201 0.249465 2.37294 6.50083 2.03997</i>
                        <i>0.338721 0.535769 0.773447 0.0280517 0.815924 -0.577478 -0.940468 0.217301 0.261342 2.39122 6.41231 2.10416</i>
                        <i>0.283272 0.106007 0.953163 0.169528 0.972686 -0.158561 -0.943937 0.206504 0.257564 2.40086 6.38768 2.15621</i>
                        <i>0.182849 -0.265151 0.946711 0.248274 0.944188 0.216493 -0.951276 0.195458 0.238474 2.40382 6.448 2.1938</i>
                        <i>0.106586 -0.447947 0.887684 0.254998 0.875226 0.411042 -0.961049 0.182546 0.207513 2.40423 6.55097 2.21638</i>
                        <i>0.0867547 -0.426138 0.900489 0.217418 0.890207 0.400325 -0.972216 0.161052 0.16988 2.40334 6.62804 2.21916</i>
                        <i>0.114449 -0.170853 0.978627 0.125247 0.979721 0.156397 -0.985502 0.104671 0.133527 2.39375 6.68594 2.18376</i>
                        <i>0.112378 0.253425 0.960805 -0.0220387 0.967328 -0.252567 -0.993421 0.00720816 0.114292 2.359 6.73977 2.09687</i>
                        <i>0.0313184 0.607134 0.793982 -0.1446 0.788767 -0.597443 -0.988995 -0.0960986 0.112494 2.30246 6.74311 1.98569</i>
                        <i>-0.0734211 0.80189 0.592944 -0.198874 0.570835 -0.796616 -0.977271 -0.17641 0.117564 2.24824 6.71065 1.88726</i>
                        <i>-0.139294 0.887102 0.440053 -0.203675 0.409218 -0.889414 -0.969079 -0.213518 0.123679 2.22018 6.68276 1.82618</i>
                        <i>-0.122404 0.933694 0.3365 -0.188582 0.310993 -0.931515 -0.974399 -0.177479 0.138011 2.23309 6.66553 1.8183</i>
                        <i>-0.0108843 0.93085 0.36524 -0.194672 0.3563 -0.913867 -0.980808 -0.0810487 0.177332 2.27687 6.64011 1.85479</i>
                        <i>0.174678 0.762074 0.623483 -0.161007 0.646803 -0.745468 -0.971372 0.0298313 0.235681 2.33947 6.58768 1.94216</i>
                        <i>0.316141 0.398215 0.861092 -0.0232955 0.910628 -0.41257 -0.948426 0.110371 0.297163 2.39423 6.50076 2.03231</i>
                        <i>0.337937 0.0828146 0.937518 0.103433 0.98682 -0.124453 -0.935468 0.139028 0.324917 2.41593 6.42694 2.08018</i>
                        <i>0.299561 -0.0455622 0.952989 0.132958 0.991106 0.00559086 -0.944767 0.125032 0.302955 2.4055 6.40126 2.09668</i>
                        <i>0.250637 -0.0667368 0.965778 0.103256 0.993773 0.0418744 -0.962559 0.0892273 0.255967 2.3777 6.41183 2.09967</i>
                        <i>0.199504 -0.0163869 0.97976 0.0454225 0.99894 0.0074585 -0.978844 0.0430151 0.200036 2.3421 6.44375 2.09108</i>
                        <i>0.152615 0.0702356 0.985787 -0.0102103 0.99753 -0.0694916 -0.988233 0.000540302 0.152956 2.30898 6.48199 2.07209</i>
                        <i>0.128914 0.161611 0.978398 -0.0408739 0.986658 -0.15759 -0.990813 -0.0196755 0.133799 2.29168 6.51521 2.04694</i>
                        <i>0.0857594 0.698348 0.710603 -0.111218 0.715483 -0.689721 -0.990089 -0.0198816 0.139028 2.28799 6.54967 2.01555</i>
                        <i>-0.0035513 0.996421 0.0844522 -0.150229 0.0829626 -0.985164 -0.988645 -0.0161858 0.149397 2.28546 6.59023 1.97661</i>
                        <i>-0.0143228 0.99951 -0.0278239 -0.160169 -0.0297609 -0.986641 -0.986986 -0.00967497 0.160516 2.28372 6.62705 1.93696</i>
                        <i>0.00825633 0.997776 0.0661349 -0.168784 0.0665788 -0.983402 -0.985619 -0.00304323 0.168958 2.28265 6.65287 1.90577</i>
                        <i>0.0254874 0.988995 0.145737 -0.170376 0.147949 -0.974209 -0.985049 -1.68915e-009 0.172272 2.28229 6.66257 1.89318</i>
                        <i>0.0254874 0.988995 0.145737 -0.170376 0.147949 -0.974209 -0.985049 -1.68915e-009 0.172272 2.28229 6.66257 1.89318</i>
                        <i>0.0254874 0.988995 0.145737 -0.170376 0.147949 -0.974209 -0.985049 -1.68915e-009 0.172272 2.28229 6.66257 1.89318</i>
                        <i>0.0254874 0.988995 0.145737 -0.170376 0.147949 -0.974209 -0.985049 -1.68915e-009 0.172272 2.28229 6.66257 1.89318</i>
                        <i>0.0254874 0.988995 0.145737 -0.170376 0.147949 -0.974209 -0.985049 -1.68915e-009 0.172272 2.28229 6.66257 1.89318</i>
                        <i>0.0254874 0.988995 0.145737 -0.170376 0.147949 -0.974209 -0.985049 -1.68915e-009 0.172272 2.28229 6.66257 1.89318</i>
                        <i>0.0254874 0.988995 0.145737 -0.170376 0.147949 -0.974209 -0.985049 -1.68915e-009 0.172272 2.28229 6.66257 1.89318</i>
                        <i>0.0254874 0.988995 0.145737 -0.170376 0.147949 -0.974209 -0.985049 -1.68915e-009 0.172272 2.28229 6.66257 1.89318</i>
                        <i>0.0254874 0.988995 0.145737 -0.170376 0.147949 -0.974209 -0.985049 -1.68915e-009 0.172272 2.28229 6.66257 1.89318</i>
                        <i>0.0254874 0.988995 0.145737 -0.170376 0.147949 -0.974209 -0.985049 -1.68915e-009 0.172272 2.28229 6.66257 1.89318</i>
                        <i>0.0254874 0.988995 0.145737 -0.170376 0.147949 -0.974209 -0.985049 -1.68915e-009 0.172272 2.28229 6.66257 1.89318</i>
                    </KeyFrames>
                </p>
            </i>
            <i>
                <p>
                    <Name><![CDATA[head_prop]]></Name>
                    <Exclude>0</Exclude>
                    <Additive>0</Additive>
                    <IKPriority>0</IKPriority>
                    <IKRotLimits>-1e+010 -1e+010 -1e+010 1e+010 1e+010 1e+010</IKRotLimits>
                    <IKRotLimitOrder>0</IKRotLimitOrder>
                    <KeyFrames count="40">
                        <i>0.985049 1.68915e-009 -0.172272 0.0254874 0.988995 0.145737 0.170376 -0.147949 0.974209 2.2906 6.98489 1.94067</i>
                        <i>0.982149 -0.0576918 -0.17904 0.0717135 0.994761 0.0728543 0.173899 -0.0843933 0.981141 2.3164 6.98254 1.9219</i>
                        <i>0.96624 -0.165676 -0.197311 0.166333 0.985979 -0.0133556 0.196757 -0.0199145 0.98025 2.37334 6.9535 1.91428</i>
                        <i>0.947686 -0.225627 -0.225795 0.251594 0.963319 0.093365 0.196447 -0.145289 0.96969 2.4301 6.89109 1.99863</i>
                        <i>0.941834 -0.225201 -0.249465 0.316232 0.845142 0.430967 0.11378 -0.484788 0.867199 2.476 6.77627 2.18043</i>
                        <i>0.940468 -0.217301 -0.261342 0.338721 0.535769 0.773447 -0.0280517 -0.815924 0.577478 2.50161 6.58692 2.35624</i>
                        <i>0.943937 -0.206504 -0.257564 0.283272 0.106007 0.953163 -0.169528 -0.972686 0.158561 2.49318 6.42223 2.46686</i>
                        <i>0.951276 -0.195458 -0.238474 0.182849 -0.265151 0.946711 -0.248274 -0.944188 -0.216493 2.46342 6.36159 2.50234</i>
                        <i>0.961049 -0.182546 -0.207513 0.106586 -0.447947 0.887684 -0.254998 -0.875226 -0.411042 2.43897 6.40498 2.50568</i>
                        <i>0.972216 -0.161052 -0.16988 0.0867547 -0.426138 0.900489 -0.217418 -0.890207 -0.400325 2.43162 6.48916 2.51264</i>
                        <i>0.985502 -0.104671 -0.133527 0.114449 -0.170853 0.978627 -0.125247 -0.979721 -0.156397 2.43105 6.63026 2.5027</i>
                        <i>0.993421 -0.00720816 -0.114292 0.112378 0.253425 0.960805 0.0220387 -0.967328 0.252567 2.39563 6.82236 2.41</i>
                        <i>0.988995 0.0960986 -0.112494 0.0313184 0.607134 0.793982 0.1446 -0.788767 0.597443 2.31266 6.94098 2.24446</i>
                        <i>0.977271 0.17641 -0.117564 -0.0734211 0.80189 0.592944 0.198874 -0.570835 0.796616 2.22431 6.972 2.08051</i>
                        <i>0.969079 0.213518 -0.123679 -0.139294 0.887102 0.440053 0.203675 -0.409218 0.889414 2.17479 6.97187 1.9696</i>
                        <i>0.974399 0.177479 -0.138011 -0.122404 0.933694 0.3365 0.188582 -0.310993 0.931515 2.1932 6.96983 1.92797</i>
                        <i>0.980808 0.0810487 -0.177332 -0.0108843 0.93085 0.36524 0.194672 -0.3563 0.913867 2.27332 6.94348 1.97382</i>
                        <i>0.971372 -0.0298313 -0.235681 0.174678 0.762074 0.623483 0.161007 -0.646803 0.745468 2.3964 6.83604 2.14536</i>
                        <i>0.948426 -0.110371 -0.297163 0.316141 0.398215 0.861092 0.0232955 -0.910628 0.41257 2.49727 6.63054 2.31294</i>
                        <i>0.935468 -0.139028 -0.324917 0.337937 0.0828146 0.937518 -0.103433 -0.98682 0.124453 2.52606 6.45393 2.38573</i>
                        <i>0.944767 -0.125032 -0.302955 0.299561 -0.0455622 0.952989 -0.132958 -0.991106 -0.00559086 2.50313 6.38641 2.40727</i>
                        <i>0.962559 -0.0892273 -0.255967 0.250637 -0.0667368 0.965778 -0.103256 -0.993773 -0.0418744 2.45939 6.39008 2.41442</i>
                        <i>0.978844 -0.0430151 -0.200036 0.199504 -0.0163869 0.97976 -0.0454225 -0.99894 -0.0074585 2.40712 6.43841 2.41039</i>
                        <i>0.988233 -0.000540302 -0.152956 0.152615 0.0702356 0.985787 0.0102103 -0.99753 0.0694916 2.35872 6.50488 2.39336</i>
                        <i>0.990813 0.0196755 -0.133799 0.128914 0.161611 0.978398 0.0408739 -0.986658 0.15759 2.3337 6.56788 2.36581</i>
                        <i>0.990089 0.0198816 -0.139028 0.0857594 0.698348 0.710603 0.111218 -0.715483 0.689721 2.31594 6.77726 2.24715</i>
                        <i>0.988645 0.0161858 -0.149397 -0.0035513 0.996421 0.0844522 0.150229 -0.0829626 0.985164 2.28431 6.91497 2.00413</i>
                        <i>0.986986 0.00967497 -0.160516 -0.0143228 0.99951 -0.0278239 0.160169 0.0297609 0.986641 2.27905 6.9528 1.9279</i>
                        <i>0.985619 0.00304323 -0.168958 0.00825633 0.997776 0.0661349 0.168784 -0.0665788 0.983402 2.28534 6.97805 1.92732</i>
                        <i>0.985049 1.68915e-009 -0.172272 0.0254874 0.988995 0.145737 0.170376 -0.147949 0.974209 2.2906 6.98489 1.94067</i>
                        <i>0.985049 1.68915e-009 -0.172272 0.0254874 0.988995 0.145737 0.170376 -0.147949 0.974209 2.2906 6.98489 1.94067</i>
                        <i>0.985049 1.68915e-009 -0.172272 0.0254874 0.988995 0.145737 0.170376 -0.147949 0.974209 2.2906 6.98489 1.94067</i>
                        <i>0.985049 1.68915e-009 -0.172272 0.0254874 0.988995 0.145737 0.170376 -0.147949 0.974209 2.2906 6.98489 1.94067</i>
                        <i>0.985049 1.68915e-009 -0.172272 0.0254874 0.988995 0.145737 0.170376 -0.147949 0.974209 2.2906 6.98489 1.94067</i>
                        <i>0.985049 1.68915e-009 -0.172272 0.0254874 0.988995 0.145737 0.170376 -0.147949 0.974209 2.2906 6.98489 1.94067</i>
                        <i>0.985049 1.68915e-009 -0.172272 0.0254874 0.988995 0.145737 0.170376 -0.147949 0.974209 2.2906 6.98489 1.94067</i>
                        <i>0.985049 1.68915e-009 -0.172272 0.0254874 0.988995 0.145737 0.170376 -0.147949 0.974209 2.2906 6.98489 1.94067</i>
                        <i>0.985049 1.68915e-009 -0.172272 0.0254874 0.988995 0.145737 0.170376 -0.147949 0.974209 2.2906 6.98489 1.94067</i>
                        <i>0.985049 1.68915e-009 -0.172272 0.0254874 0.988995 0.145737 0.170376 -0.147949 0.974209 2.2906 6.98489 1.94067</i>
                        <i>0.985049 1.68915e-009 -0.172272 0.0254874 0.988995 0.145737 0.170376 -0.147949 0.974209 2.2906 6.98489 1.94067</i>
                    </KeyFrames>
                </p>
            </i>
            <i>
                <p>
                    <Name><![CDATA[l_clav]]></Name>
                    <Exclude>0</Exclude>
                    <Additive>0</Additive>
                    <IKPriority>0</IKPriority>
                    <IKRotLimits>-1e+010 -1e+010 -1e+010 1e+010 1e+010 1e+010</IKRotLimits>
                    <IKRotLimitOrder>0</IKRotLimitOrder>
                    <KeyFrames count="40">
                        <i>0.896487 0.41918 0.143522 -0.435983 0.776879 0.454288 0.0789291 -0.469837 0.879218 2.35102 6.48433 1.78677</i>
                        <i>0.903932 0.400309 0.150533 -0.427191 0.828362 0.362386 0.0203707 -0.391878 0.919791 2.3534 6.46738 1.81038</i>
                        <i>0.915866 0.366916 0.162976 -0.396291 0.89126 0.220475 -0.0643576 -0.266512 0.961681 2.36091 6.42546 1.86083</i>
                        <i>0.927855 0.313078 0.202652 -0.356635 0.903782 0.23662 -0.109073 -0.291821 0.950233 2.37456 6.36915 1.90609</i>
                        <i>0.934569 0.197728 0.295777 -0.316091 0.84303 0.435186 -0.1633 -0.500204 0.85037 2.39028 6.31201 1.93107</i>
                        <i>0.922106 0.0194861 0.386447 -0.290367 0.694968 0.657805 -0.25575 -0.718777 0.646492 2.4039 6.2645 1.94352</i>
                        <i>0.886056 -0.178604 0.427791 -0.300424 0.481571 0.823307 -0.353058 -0.858015 0.373042 2.41794 6.29567 1.95859</i>
                        <i>0.842072 -0.333349 0.424021 -0.341495 0.278998 0.897519 -0.417488 -0.900577 0.121099 2.43247 6.40701 1.98093</i>
                        <i>0.814936 -0.396534 0.422658 -0.387033 0.170459 0.906173 -0.431374 -0.902056 -0.0145582 2.44464 6.53611 2.00199</i>
                        <i>0.814387 -0.356358 0.458021 -0.419135 0.18469 0.888941 -0.401373 -0.915914 0.00104687 2.45138 6.60787 2.00679</i>
                        <i>0.839198 -0.166817 0.51761 -0.445407 0.335266 0.830186 -0.312026 -0.927237 0.207053 2.44699 6.62403 1.98091</i>
                        <i>0.845306 0.142237 0.515002 -0.503131 0.536243 0.677718 -0.17977 -0.831993 0.524853 2.42513 6.6197 1.9265</i>
                        <i>0.80152 0.417556 0.428033 -0.592614 0.650252 0.475374 -0.079834 -0.63468 0.76864 2.39075 6.58546 1.86256</i>
                        <i>0.737994 0.597394 0.313824 -0.673673 0.679191 0.291315 -0.0391168 -0.426404 0.903687 2.35789 6.53854 1.80872</i>
                        <i>0.696313 0.685528 0.212601 -0.716683 0.680139 0.154193 -0.0388947 -0.259734 0.964896 2.34203 6.50677 1.78152</i>
                        <i>0.71322 0.689595 0.125601 -0.69944 0.711892 0.0631945 -0.045836 -0.132922 0.990066 2.35159 6.48301 1.79689</i>
                        <i>0.786922 0.610249 0.0913806 -0.616962 0.78067 0.0995629 -0.01058 -0.134727 0.990826 2.3755 6.44696 1.82693</i>
                        <i>0.88928 0.422496 0.175149 -0.457136 0.809028 0.369459 0.0143943 -0.408619 0.912591 2.40056 6.39761 1.85296</i>
                        <i>0.955471 0.155666 0.250687 -0.288727 0.668583 0.685298 -0.0609275 -0.727162 0.683756 2.41777 6.35306 1.87279</i>
                        <i>0.962528 -0.0394327 0.268301 -0.218667 0.472305 0.853881 -0.160391 -0.880553 0.445984 2.42549 6.32987 1.88448</i>
