<?xml version="1.0" encoding="ISO-8859-1" ?>
<Animl Version="1">
    <ModellingPackage><![CDATA[Maya.2010]]></ModellingPackage>
    <SrcFile><![CDATA[anims\turrets\artillery\blue\~src\artillery_m198\artillery_m198_aim_random_crewman_d.mb]]></SrcFile>
    <FramesPerSecond>30</FramesPerSecond>
    <TotalFrames>61</TotalFrames>
    <Skeleton>
        <RefFrame>
            <Name><![CDATA[soldier_ref_frame]]></Name>
            <Exclude>0</Exclude>
            <Additive>0</Additive>
            <IKPriority>0</IKPriority>
            <IKRotLimits>-1e+010 -1e+010 -1e+010 1e+010 1e+010 1e+010</IKRotLimits>
            <IKRotLimitOrder>0</IKRotLimitOrder>
            <KeyFrames count="61">
                <i>1 0 0 0 1 0 0 0 1 -3.06 1.34 2.39</i>
                <i>1 0 0 0 1 0 0 0 1 -3.06 1.34 2.39</i>
                <i>1 0 0 0 1 0 0 0 1 -3.06 1.34 2.39</i>
                <i>1 0 0 0 1 0 0 0 1 -3.06 1.34 2.39</i>
                <i>1 0 0 0 1 0 0 0 1 -3.06 1.34 2.39</i>
                <i>1 0 0 0 1 0 0 0 1 -3.06 1.34 2.39</i>
                <i>1 0 0 0 1 0 0 0 1 -3.06 1.34 2.39</i>
                <i>1 0 0 0 1 0 0 0 1 -3.06 1.34 2.39</i>
                <i>1 0 0 0 1 0 0 0 1 -3.06 1.34 2.39</i>
                <i>1 0 0 0 1 0 0 0 1 -3.06 1.34 2.39</i>
                <i>1 0 0 0 1 0 0 0 1 -3.06 1.34 2.39</i>
                <i>1 0 0 0 1 0 0 0 1 -3.06 1.34 2.39</i>
                <i>1 0 0 0 1 0 0 0 1 -3.06 1.34 2.39</i>
                <i>1 0 0 0 1 0 0 0 1 -3.06 1.34 2.39</i>
                <i>1 0 0 0 1 0 0 0 1 -3.06 1.34 2.39</i>
                <i>1 0 0 0 1 0 0 0 1 -3.06 1.34 2.39</i>
                <i>1 0 0 0 1 0 0 0 1 -3.06 1.34 2.39</i>
                <i>1 0 0 0 1 0 0 0 1 -3.06 1.34 2.39</i>
                <i>1 0 0 0 1 0 0 0 1 -3.06 1.34 2.39</i>
                <i>1 0 0 0 1 0 0 0 1 -3.06 1.34 2.39</i>
                <i>1 0 0 0 1 0 0 0 1 -3.06 1.34 2.39</i>
                <i>1 0 0 0 1 0 0 0 1 -3.06 1.34 2.39</i>
                <i>1 0 0 0 1 0 0 0 1 -3.06 1.34 2.39</i>
                <i>1 0 0 0 1 0 0 0 1 -3.06 1.34 2.39</i>
                <i>1 0 0 0 1 0 0 0 1 -3.06 1.34 2.39</i>
                <i>1 0 0 0 1 0 0 0 1 -3.06 1.34 2.39</i>
                <i>1 0 0 0 1 0 0 0 1 -3.06 1.34 2.39</i>
                <i>1 0 0 0 1 0 0 0 1 -3.06 1.34 2.39</i>
                <i>1 0 0 0 1 0 0 0 1 -3.06 1.34 2.39</i>
                <i>1 0 0 0 1 0 0 0 1 -3.06 1.34 2.39</i>
                <i>1 0 0 0 1 0 0 0 1 -3.06 1.34 2.39</i>
                <i>1 0 0 0 1 0 0 0 1 -3.06 1.34 2.39</i>
                <i>1 0 0 0 1 0 0 0 1 -3.06 1.34 2.39</i>
                <i>1 0 0 0 1 0 0 0 1 -3.06 1.34 2.39</i>
                <i>1 0 0 0 1 0 0 0 1 -3.06 1.34 2.39</i>
                <i>1 0 0 0 1 0 0 0 1 -3.06 1.34 2.39</i>
                <i>1 0 0 0 1 0 0 0 1 -3.06 1.34 2.39</i>
                <i>1 0 0 0 1 0 0 0 1 -3.06 1.34 2.39</i>
                <i>1 0 0 0 1 0 0 0 1 -3.06 1.34 2.39</i>
                <i>1 0 0 0 1 0 0 0 1 -3.06 1.34 2.39</i>
                <i>1 0 0 0 1 0 0 0 1 -3.06 1.34 2.39</i>
                <i>1 0 0 0 1 0 0 0 1 -3.06 1.34 2.39</i>
                <i>1 0 0 0 1 0 0 0 1 -3.06 1.34 2.39</i>
                <i>1 0 0 0 1 0 0 0 1 -3.06 1.34 2.39</i>
                <i>1 0 0 0 1 0 0 0 1 -3.06 1.34 2.39</i>
                <i>1 0 0 0 1 0 0 0 1 -3.06 1.34 2.39</i>
                <i>1 0 0 0 1 0 0 0 1 -3.06 1.34 2.39</i>
                <i>1 0 0 0 1 0 0 0 1 -3.06 1.34 2.39</i>
                <i>1 0 0 0 1 0 0 0 1 -3.06 1.34 2.39</i>
                <i>1 0 0 0 1 0 0 0 1 -3.06 1.34 2.39</i>
                <i>1 0 0 0 1 0 0 0 1 -3.06 1.34 2.39</i>
                <i>1 0 0 0 1 0 0 0 1 -3.06 1.34 2.39</i>
                <i>1 0 0 0 1 0 0 0 1 -3.06 1.34 2.39</i>
                <i>1 0 0 0 1 0 0 0 1 -3.06 1.34 2.39</i>
                <i>1 0 0 0 1 0 0 0 1 -3.06 1.34 2.39</i>
                <i>1 0 0 0 1 0 0 0 1 -3.06 1.34 2.39</i>
                <i>1 0 0 0 1 0 0 0 1 -3.06 1.34 2.39</i>
                <i>1 0 0 0 1 0 0 0 1 -3.06 1.34 2.39</i>
                <i>1 0 0 0 1 0 0 0 1 -3.06 1.34 2.39</i>
                <i>1 0 0 0 1 0 0 0 1 -3.06 1.34 2.39</i>
                <i>1 0 0 0 1 0 0 0 1 -3.06 1.34 2.39</i>
            </KeyFrames>
        </RefFrame>
        <Bones count="23">
            <i>
                <p>
                    <Name><![CDATA[pelvis]]></Name>
                    <Exclude>0</Exclude>
                    <Additive>0</Additive>
                    <IKPriority>0</IKPriority>
                    <IKRotLimits>-1e+010 -1e+010 -1e+010 1e+010 1e+010 1e+010</IKRotLimits>
                    <IKRotLimitOrder>2</IKRotLimitOrder>
                    <KeyFrames count="61">
                        <i>1 0 0 0 1 0 0 0 1 -3.0563 2.48665 2.38654</i>
                        <i>1 0 0 0 1 0 0 0 1 -3.05632 2.48665 2.38655</i>
                        <i>1 0 0 0 1 0 0 0 1 -3.05639 2.48665 2.38663</i>
                        <i>1 0 0 0 1 0 0 0 1 -3.05657 2.48665 2.3868</i>
                        <i>1 0 0 0 1 0 0 0 1 -3.05689 2.48665 2.38712</i>
                        <i>1 0 0 0 1 0 0 0 1 -3.0574 2.48665 2.38762</i>
                        <i>1 0 0 0 1 0 0 0 1 -3.05796 2.48665 2.38817</i>
                        <i>1 0 0 0 1 0 0 0 1 -3.05853 2.48665 2.38875</i>
                        <i>1 0 0 0 1 0 0 0 1 -3.05934 2.48665 2.38954</i>
                        <i>1 0 0 0 1 0 0 0 1 -3.06057 2.48665 2.39077</i>
                        <i>1 0 0 0 1 0 0 0 1 -3.06245 2.48665 2.39262</i>
                        <i>1 0 0 0 1 0 0 0 1 -3.06572 2.48665 2.39586</i>
                        <i>1 0 0 0 1 0 0 0 1 -3.07025 2.48665 2.40035</i>
                        <i>1 0 0 0 1 0 0 0 1 -3.07491 2.48665 2.40496</i>
                        <i>1 0 0 0 1 0 0 0 1 -3.07854 2.48665 2.40855</i>
                        <i>1 0 0 0 1 0 0 0 1 -3.08 2.48665 2.41</i>
                        <i>1 0 0 0 1 0 0 0 1 -3.08 2.48653 2.41</i>
                        <i>1 0 0 0 1 0 0 0 1 -3.08 2.48617 2.41</i>
                        <i>1 0 0 0 1 0 0 0 1 -3.08 2.48562 2.41</i>
                        <i>1 0 0 0 1 0 0 0 1 -3.08 2.4849 2.41</i>
                        <i>1 0 0 0 1 0 0 0 1 -3.08 2.48407 2.41</i>
                        <i>1 0 0 0 1 0 0 0 1 -3.08 2.48314 2.41</i>
                        <i>1 0 0 0 1 0 0 0 1 -3.08 2.48216 2.41</i>
                        <i>1 0 0 0 1 0 0 0 1 -3.08 2.48116 2.41</i>
                        <i>1 0 0 0 1 0 0 0 1 -3.08 2.48018 2.41</i>
                        <i>1 0 0 0 1 0 0 0 1 -3.08 2.47925 2.41</i>
                        <i>1 0 0 0 1 0 0 0 1 -3.08 2.4784 2.41</i>
                        <i>1 0 0 0 1 0 0 0 1 -3.08 2.47768 2.41</i>
                        <i>1 0 0 0 1 0 0 0 1 -3.08 2.47712 2.41</i>
                        <i>1 0 0 0 1 0 0 0 1 -3.08 2.47675 2.41</i>
                        <i>1 0 0 0 1 0 0 0 1 -3.08 2.47661 2.41</i>
                        <i>1 0 0 0 1 0 0 0 1 -3.08 2.47687 2.41</i>
                        <i>1 0 0 0 1 0 0 0 1 -3.08 2.47763 2.41</i>
                        <i>1 0 0 0 1 0 0 0 1 -3.08 2.47875 2.41</i>
                        <i>1 0 0 0 1 0 0 0 1 -3.08 2.48012 2.41</i>
                        <i>1 0 0 0 1 0 0 0 1 -3.08 2.48161 2.41</i>
                        <i>1 0 0 0 1 0 0 0 1 -3.08 2.4831 2.41</i>
                        <i>1 0 0 0 1 0 0 0 1 -3.08 2.48447 2.41</i>
                        <i>1 0 0 0 1 0 0 0 1 -3.08 2.4856 2.41</i>
                        <i>1 0 0 0 1 0 0 0 1 -3.08 2.48637 2.41</i>
                        <i>1 0 0 0 1 0 0 0 1 -3.08 2.48665 2.41</i>
                        <i>1 0 0 0 1 0 0 0 1 -3.08019 2.48666 2.41019</i>
                        <i>1 0 0 0 1 0 0 0 1 -3.08057 2.48666 2.41056</i>
                        <i>1 0 0 0 1 0 0 0 1 -3.08085 2.48667 2.41084</i>
                        <i>1 0 0 0 1 0 0 0 1 -3.08076 2.48667 2.41075</i>
                        <i>1 0 0 0 1 0 0 0 1 -3.08 2.48665 2.41</i>
                        <i>1 0 0 0 1 0 0 0 1 -3.07867 2.48589 2.40868</i>
                        <i>1 0 0 0 1 0 0 0 1 -3.07707 2.48385 2.4071</i>
                        <i>1 0 0 0 1 0 0 0 1 -3.07526 2.48087 2.40531</i>
                        <i>1 0 0 0 1 0 0 0 1 -3.07329 2.47724 2.40336</i>
                        <i>1 0 0 0 1 0 0 0 1 -3.07122 2.4733 2.40131</i>
                        <i>1 0 0 0 1 0 0 0 1 -3.0691 2.46936 2.39921</i>
                        <i>1 0 0 0 1 0 0 0 1 -3.06697 2.46574 2.3971</i>
                        <i>1 0 0 0 1 0 0 0 1 -3.0649 2.46277 2.39505</i>
                        <i>1 0 0 0 1 0 0 0 1 -3.06294 2.46074 2.39311</i>
                        <i>1 0 0 0 1 0 0 0 1 -3.06113 2.46 2.39132</i>
                        <i>1 0 0 0 1 0 0 0 1 -3.05953 2.46277 2.38974</i>
                        <i>1 0 0 0 1 0 0 0 1 -3.0582 2.46938 2.38841</i>
                        <i>1 0 0 0 1 0 0 0 1 -3.05718 2.47727 2.38741</i>
                        <i>1 0 0 0 1 0 0 0 1 -3.05653 2.48388 2.38676</i>
                        <i>1 0 0 0 1 0 0 0 1 -3.0563 2.48665 2.38654</i>
                    </KeyFrames>
                </p>
            </i>
            <i>
                <p>
                    <Name><![CDATA[spine0]]></Name>
                    <Exclude>0</Exclude>
                    <Additive>0</Additive>
                    <IKPriority>0</IKPriority>
                    <IKRotLimits>-1e+010 -1e+010 -1e+010 1e+010 1e+010 1e+010</IKRotLimits>
                    <IKRotLimitOrder>0</IKRotLimitOrder>
                    <KeyFrames count="61">
                        <i>-0.0207307 0.999781 -0.00277343 -0.932948 -0.020342 -0.359435 -0.359413 -0.00486389 0.933166 -3.03908 2.62231 2.34184</i>
                        <i>-0.0207319 0.999781 -0.00280814 -0.932883 -0.0203547 -0.359605 -0.359583 -0.00483564 0.9331 -3.03909 2.62231 2.34186</i>
                        <i>-0.0207376 0.999781 -0.00297362 -0.932568 -0.0204155 -0.360416 -0.360397 -0.00470106 0.932787 -3.03913 2.62231 2.34194</i>
                        <i>-0.0207501 0.999779 -0.00336163 -0.931828 -0.0205581 -0.362319 -0.362308 -0.0043857 0.932048 -3.03922 2.6223 2.34214</i>
                        <i>-0.0207691 0.999776 -0.00406315 -0.930475 -0.0208159 -0.365763 -0.365766 -0.0038159 0.930699 -3.03939 2.6223 2.3425</i>
                        <i>-0.0207892 0.999771 -0.00516763 -0.928314 -0.021222 -0.371192 -0.371216 -0.0029196 0.928542 -3.03965 2.62229 2.34307</i>
                        <i>-0.020775 0.999764 -0.00638148 -0.925907 -0.0216475 -0.377131 -0.37718 -0.00192627 0.926138 -3.03994 2.62227 2.34369</i>
                        <i>-0.0208074 0.999756 -0.00744186 -0.923362 -0.0220706 -0.383296 -0.383367 -0.00110386 0.923595 -3.04029 2.6223 2.34445</i>
                        <i>-0.0208258 0.999743 -0.00897906 -0.919752 -0.0226788 -0.391844 -0.391947 9.802e-005 0.919988 -3.04075 2.62233 2.34547</i>
                        <i>-0.0207297 0.999718 -0.0116106 -0.914059 -0.0236559 -0.404891 -0.405051 0.00221948 0.914291 -3.04141 2.62231 2.34688</i>
                        <i>-0.0203389 0.999666 -0.0159262 -0.905092 -0.0251772 -0.42447 -0.424729 0.00578143 0.905302 -3.0423 2.6222 2.34882</i>
                        <i>-0.0214108 0.999581 -0.019477 -0.888216 -0.0279608 -0.458574 -0.458926 0.00748136 0.888443 -3.04501 2.62288 2.35451</i>
                        <i>-0.0228753 0.999453 -0.0238696 -0.86264 -0.0318003 -0.504818 -0.505301 0.009043 0.862895 -3.04919 2.62388 2.36264</i>
                        <i>-0.0240564 0.999316 -0.0280982 -0.833822 -0.035562 -0.550887 -0.551509 0.0101765 0.834107 -3.05391 2.62487 2.37104</i>
                        <i>-0.0245921 0.999211 -0.0311832 -0.809601 -0.038205 -0.585736 -0.586466 0.0108415 0.809901 -3.05787 2.62561 2.37757</i>
                        <i>-0.0243386 0.999187 -0.0321545 -0.799452 -0.038765 -0.599478 -0.600237 0.0111156 0.799745 -3.05952 2.62589 2.38017</i>
                        <i>-0.0231379 0.999207 -0.0324089 -0.799546 -0.037956 -0.599404 -0.600158 0.0120435 0.79979 -3.05938 2.6257 2.37998</i>
                        <i>-0.0212205 0.999202 -0.033831 -0.799667 -0.0372735 -0.599285 -0.600068 0.0143364 0.79982 -3.05904 2.6252 2.37953</i>
                        <i>-0.0185951 0.999169 -0.0362822 -0.799812 -0.0366408 -0.599131 -0.599962 0.017878 0.799829 -3.05854 2.62442 2.37886</i>
                        <i>-0.0152442 0.999102 -0.0395211 -0.799986 -0.0358983 -0.598944 -0.599826 0.0224859 0.799815 -3.0579 2.62341 2.37801</i>
                        <i>-0.0115539 0.999 -0.0431907 -0.800171 -0.0351403 -0.598742 -0.599661 0.0276421 0.799777 -3.05716 2.62222 2.37702</i>
                        <i>-0.00790922 0.998867 -0.0469349 -0.800356 -0.0344614 -0.598533 -0.599472 0.0328307 0.799722 -3.05634 2.6209 2.37594</i>
                        <i>-0.00469411 0.998718 -0.0503993 -0.800532 -0.0339566 -0.598327 -0.599272 0.0375377 0.799665 -3.05549 2.61948 2.3748</i>
                        <i>-0.00229174 0.99858 -0.0532308 -0.800691 -0.0337217 -0.598127 -0.599073 0.0412507 0.799631 -3.05462 2.61802 2.37365</i>
                        <i>-0.000563693 0.998458 -0.0555051 -0.800838 -0.0336917 -0.597933 -0.598881 0.0441135 0.799622 -3.05378 2.61658 2.37252</i>
                        <i>0.000847074 0.998347 -0.0574768 -0.800973 -0.033734 -0.597749 -0.5987 0.0465437 0.79962 -3.05298 2.61519 2.37147</i>
                        <i>0.00188583 0.998253 -0.0590624 -0.801094 -0.033843 -0.597581 -0.598536 0.0484415 0.79963 -3.05227 2.61393 2.37051</i>
                        <i>0.00249851 0.998184 -0.06018 -0.801196 -0.0340136 -0.597435 -0.598397 0.0497087 0.799656 -3.05166 2.61285 2.3697</i>
                        <i>0.00263199 0.99815 -0.0607496 -0.801274 -0.0342412 -0.597317 -0.598292 0.0502492 0.799701 -3.05119 2.612 2.36908</i>
                        <i>0.00223402 0.998154 -0.0606924 -0.801323 -0.0345211 -0.597235 -0.598227 0.0499684 0.799767 -3.05089 2.61144 2.36868</i>
                        <i>0.00125254 0.998202 -0.0599306 -0.801338 -0.0348493 -0.597196 -0.598211 0.0487727 0.799853 -3.05078 2.61123 2.36853</i>
                        <i>-6.30258e-005 0.998271 -0.0587844 -0.801326 -0.0352169 -0.59719 -0.598228 0.0470678 0.799942 -3.05081 2.61152 2.36858</i>
                        <i>-0.00142121 0.998337 -0.0576234 -0.801303 -0.0356106 -0.597198 -0.598257 0.0453251 0.800022 -3.0509 2.61233 2.36869</i>
                        <i>-0.00281147 0.998402 -0.0564437 -0.801272 -0.0360194 -0.597215 -0.598294 0.0435477 0.800092 -3.05103 2.61353 2.36886</i>
                        <i>-0.0042232 0.998464 -0.0552406 -0.801234 -0.0364317 -0.597241 -0.598336 0.0417384 0.800157 -3.05118 2.61499 2.36907</i>
                        <i>-0.00564536 0.998524 -0.054009 -0.801193 -0.0368354 -0.597272 -0.59838 0.0398998 0.800218 -3.05135 2.61659 2.3693</i>
                        <i>-0.00706633 0.998583 -0.0527442 -0.801151 -0.0372183 -0.597304 -0.598421 0.0380353 0.800278 -3.05152 2.61818 2.36952</i>
                        <i>-0.00847378 0.99864 -0.0514416 -0.801111 -0.0375674 -0.597336 -0.598456 0.0361487 0.80034 -3.05168 2.61965 2.36973</i>
                        <i>-0.00985469 0.998696 -0.050097 -0.801077 -0.0378698 -0.597362 -0.59848 0.0342448 0.800406 -3.05181 2.62086 2.3699</i>
                        <i>-0.0111955 0.99875 -0.0487068 -0.801053 -0.0381122 -0.597379 -0.598488 0.0323288 0.800479 -3.05189 2.62168 2.37002</i>
                        <i>-0.0124823 0.998804 -0.0472678 -0.801042 -0.0382816 -0.597383 -0.598478 0.0304068 0.800562 -3.05193 2.62198 2.37006</i>
                        <i>-0.013731 0.998844 -0.0460573 -0.799714 -0.0386202 -0.599138 -0.600225 0.0286059 0.79932 -3.05209 2.62201 2.37038</i>
                        <i>-0.0149269 0.998866 -0.0452027 -0.797047 -0.039183 -0.602645 -0.603733 0.0270331 0.796728 -3.05242 2.62209 2.37101</i>
                        <i>-0.0159869 0.998884 -0.0444529 -0.795035 -0.0396603 -0.605265 -0.606353 0.0256653 0.794782 -3.05268 2.62214 2.37148</i>
                        <i>-0.0168067 0.998911 -0.0435313 -0.7957 -0.0397261 -0.604386 -0.605457 0.0244801 0.795501 -3.05259 2.62212 2.37132</i>
                        <i>-0.0172633 0.998962 -0.0421493 -0.801021 -0.0390472 -0.597361 -0.598387 0.0234501 0.800864 -3.05193 2.62198 2.37006</i>
                        <i>-0.0171328 0.999021 -0.0407827 -0.810262 -0.0377708 -0.584849 -0.585817 0.0230246 0.810116 -3.05062 2.62089 2.36762</i>
                        <i>-0.0165069 0.999069 -0.0398697 -0.821094 -0.0362988 -0.569638 -0.570554 0.0233338 0.820928 -3.04892 2.61834 2.36446</i>
                        <i>-0.0157082 0.999114 -0.0390578 -0.832995 -0.034683 -0.552192 -0.553057 0.023861 0.832801 -3.04706 2.61475 2.36086</i>
                        <i>-0.0150294 0.999166 -0.0379782 -0.845475 -0.0329767 -0.532997 -0.533804 0.024099 0.845265 -3.04525 2.61056 2.35716</i>
                        <i>-0.0147189 0.999234 -0.0362459 -0.858084 -0.0312322 -0.512558 -0.513298 0.0235578 0.857887 -3.04368 2.60622 2.35366</i>
                        <i>-0.0149776 0.999328 -0.0334608 -0.870427 -0.0294998 -0.491412 -0.492069 0.021765 0.870284 -3.04248 2.60216 2.35071</i>
                        <i>-0.0156916 0.999435 -0.0297108 -0.88219 -0.0278249 -0.47007 -0.470631 0.0188344 0.882129 -3.04163 2.5987 2.34837</i>
                        <i>-0.016555 0.999538 -0.0254973 -0.893129 -0.026247 -0.449034 -0.449495 0.0153387 0.893151 -3.04096 2.59603 2.34645</i>
                        <i>-0.017465 0.999626 -0.0210356 -0.903028 -0.024802 -0.428865 -0.429227 0.0115056 0.903124 -3.04043 2.59441 2.34492</i>
                        <i>-0.0183424 0.999695 -0.0165553 -0.911716 -0.0235203 -0.410148 -0.410412 0.00757067 0.911869 -3.04001 2.59412 2.34376</i>
                        <i>-0.0191295 0.999741 -0.0123011 -0.919059 -0.0224272 -0.393481 -0.393655 0.00377837 0.919251 -3.03967 2.59735 2.34293</i>
                        <i>-0.0197873 0.999768 -0.0085298 -0.924953 -0.0215442 -0.379472 -0.379567 0.000380924 0.925164 -3.03941 2.60438 2.34238</i>
                        <i>-0.0202893 0.999779 -0.00550655 -0.929302 -0.02089 -0.368729 -0.368762 -0.002364 0.929521 -3.03923 2.61261 2.34205</i>
                        <i>-0.0206134 0.999781 -0.00349958 -0.93201 -0.0204827 -0.361854 -0.361847 -0.0041974 0.932228 -3.03912 2.61945 2.34189</i>
                        <i>-0.0207307 0.999781 -0.00277343 -0.932948 -0.020342 -0.359435 -0.359413 -0.00486389 0.933166 -3.03908 2.62231 2.34184</i>
                    </KeyFrames>
                </p>
            </i>
            <i>
                <p>
                    <Name><![CDATA[spine1]]></Name>
                    <Exclude>0</Exclude>
                    <Additive>0</Additive>
                    <IKPriority>0</IKPriority>
                    <IKRotLimits>-1e+010 -1e+010 -1e+010 1e+010 1e+010 1e+010</IKRotLimits>
                    <IKRotLimitOrder>0</IKRotLimitOrder>
                    <KeyFrames count="61">
                        <i>-0.0353682 0.998034 0.0517407 -0.981726 -0.0250102 -0.188649 -0.186984 -0.0574674 0.980681 -3.04263 2.79347 2.34137</i>
                        <i>-0.0353898 0.998037 0.0516791 -0.981668 -0.0250255 -0.188948 -0.187284 -0.0574186 0.980626 -3.04264 2.79346 2.34138</i>
                        <i>-0.0354925 0.998048 0.0513838 -0.98139 -0.0250987 -0.190378 -0.188716 -0.0571845 0.980365 -3.04268 2.79346 2.34144</i>
                        <i>-0.0357312 0.998075 0.0506887 -0.980729 -0.0252712 -0.193733 -0.192079 -0.0566342 0.979744 -3.04277 2.79345 2.34157</i>
                        <i>-0.0361562 0.998123 0.0494268 -0.979501 -0.0255872 -0.199807 -0.198168 -0.0556379 0.978588 -3.04294 2.79343 2.34181</i>
                        <i>-0.036808 0.998196 0.0474299 -0.977485 -0.0260954 -0.209383 -0.207768 -0.054069 0.976683 -3.04321 2.79341 2.34219</i>
                        <i>-0.0374932 0.998271 0.0452618 -0.975131 -0.0266482 -0.220022 -0.218436 -0.0523855 0.974444 -3.0435 2.79338 2.3426</i>
                        <i>-0.0379269 0.998379 0.0424324 -0.972527 -0.0271183 -0.231205 -0.229679 -0.0500355 0.971979 -3.04385 2.79336 2.34318</i>
                        <i>-0.0385701 0.998507 0.0386916 -0.96874 -0.0278682 -0.24651 -0.245063 -0.0469899 0.968368 -3.04432 2.79334 2.34394</i>
                        <i>-0.0398309 0.998635 0.0337771 -0.962571 -0.029279 -0.269444 -0.268087 -0.0432451 0.962424 -3.04495 2.79328 2.3449</i>
                        <i>-0.04203 0.998741 0.0274004 -0.952347 -0.031755 -0.303359 -0.302107 -0.0388449 0.952482 -3.04578 2.79314 2.3461</i>
                        <i>-0.0394007 0.999214 0.00443288 -0.932014 -0.0351507 -0.360714 -0.360275 -0.0183439 0.932666 -3.04867 2.79336 2.35119</i>
                        <i>-0.0320933 0.999083 -0.028339 -0.898328 -0.0412631 -0.437384 -0.438153 0.0114206 0.898828 -3.05309 2.79375 2.35859</i>
                        <i>-0.0205706 0.997894 -0.0615201 -0.856748 -0.0493104 -0.513372 -0.515325 0.0421469 0.855958 -3.058 2.79422 2.36629</i>
                        <i>-0.00881403 0.996211 -0.0865192 -0.818659 -0.0568732 -0.571457 -0.574212 0.0657929 0.816059 -3.06204 2.79463 2.3723</i>
                        <i>-0.00324826 0.995374 -0.0960228 -0.799702 -0.0602373 -0.597368 -0.600388 0.0748492 0.796198 -3.06364 2.7948 2.37474</i>
                        <i>-0.00249789 0.995419 -0.0955797 -0.796544 -0.0597661 -0.60162 -0.604576 0.0746306 0.793044 -3.0633 2.79464 2.37451</i>
                        <i>-0.00123503 0.995461 -0.0951656 -0.795465 -0.0586483 -0.603155 -0.605998 0.074956 0.791927 -3.06264 2.7942 2.37382</i>
                        <i>0.000181976 0.995525 -0.0944963 -0.795611 -0.0571025 -0.603111 -0.605808 0.0752921 0.79204 -3.06169 2.79353 2.37273</i>
                        <i>0.00142491 0.995644 -0.0932306 -0.7957 -0.0553401 -0.603158 -0.605689 0.0750431 0.792155 -3.06049 2.79264 2.37133</i>
                        <i>0.00193977 0.995847 -0.0910212 -0.79572 -0.0535911 -0.603289 -0.605661 0.0735977 0.792312 -3.05912 2.79159 2.36971</i>
                        <i>0.00117492 0.996162 -0.0875213 -0.795664 -0.0520837 -0.603495 -0.605737 0.0703466 0.792549 -3.05769 2.79042 2.36798</i>
                        <i>-0.00141933 0.9966 -0.0823835 -0.79553 -0.0510426 -0.603761 -0.605913 0.0646816 0.792897 -3.05629 2.78916 2.36625</i>
                        <i>-0.00639123 0.997144 -0.0752591 -0.795319 -0.0506895 -0.604069 -0.606158 0.0559942 0.793371 -3.05502 2.78788 2.3646</i>
                        <i>-0.012971 0.997677 -0.0668775 -0.795053 -0.0508519 -0.604405 -0.606402 0.0453314 0.793865 -3.05388 2.78663 2.36308</i>
                        <i>-0.0198379 0.998095 -0.0584232 -0.794758 -0.0511961 -0.604763 -0.606602 0.034435 0.79426 -3.05284 2.78544 2.36167</i>
                        <i>-0.0267166 0.99838 -0.0502253 -0.794445 -0.0517015 -0.605132 -0.606749 0.0237341 0.794539 -3.05195 2.78438 2.36043</i>
                        <i>-0.0333362 0.998535 -0.0426098 -0.794119 -0.05235 -0.605503 -0.606847 0.013652 0.794701 -3.05123 2.78349 2.35942</i>
                        <i>-0.0394304 0.998577 -0.0358993 -0.793789 -0.0531252 -0.605869 -0.606914 0.00460678 0.794754 -3.05074 2.7828 2.35869</i>
                        <i>-0.0447357 0.998536 -0.0304145 -0.79346 -0.054013 -0.606221 -0.606976 -0.00298704 0.794714 -3.0505 2.78236 2.35828</i>
                        <i>-0.0489901 0.998448 -0.0264762 -0.793138 -0.0550005 -0.606553 -0.607068 -0.00871586 0.794602 -3.05057 2.78221 2.35827</i>
                        <i>-0.0521291 0.998349 -0.0241267 -0.792843 -0.0560638 -0.606842 -0.607193 -0.0125055 0.794456 -3.05082 2.78249 2.35851</i>
                        <i>-0.0543645 0.998256 -0.023026 -0.792594 -0.0571669 -0.607064 -0.607321 -0.0147524 0.794319 -3.05114 2.78326 2.35883</i>
                        <i>-0.0558462 0.998176 -0.0229236 -0.792398 -0.0582782 -0.607214 -0.607443 -0.015746 0.794207 -3.05151 2.78438 2.35921</i>
                        <i>-0.0567233 0.998112 -0.0235691 -0.792261 -0.059365 -0.607287 -0.60754 -0.0157744 0.794133 -3.05191 2.78575 2.35962</i>
                        <i>-0.057144 0.99806 -0.0247123 -0.792191 -0.0603933 -0.607277 -0.607592 -0.0151254 0.794105 -3.05232 2.78723 2.36007</i>
                        <i>-0.0572564 0.998018 -0.0261017 -0.792194 -0.0613282 -0.60718 -0.607577 -0.0140873 0.794136 -3.05273 2.78871 2.36052</i>
                        <i>-0.0572092 0.997984 -0.0274853 -0.792278 -0.0621341 -0.606988 -0.607472 -0.0129493 0.794235 -3.05313 2.79007 2.36095</i>
                        <i>-0.0571512 0.997956 -0.0286099 -0.79245 -0.0627754 -0.606698 -0.607254 -0.0120017 0.794417 -3.05349 2.79118 2.36136</i>
                        <i>-0.0572319 0.997933 -0.0292216 -0.792716 -0.0632164 -0.606304 -0.606899 -0.0115355 0.794696 -3.05381 2.79194 2.36172</i>
                        <i>-0.0576005 0.997917 -0.0290665 -0.793084 -0.0634227 -0.605801 -0.606383 -0.0118423 0.795085 -3.05406 2.7922 2.36201</i>
                        <i>-0.0579318 0.997882 -0.0295778 -0.791613 -0.0639684 -0.607665 -0.60827 -0.0117889 0.793643 -3.05444 2.7922 2.36253</i>
                        <i>-0.0580008 0.997827 -0.0312686 -0.788283 -0.0649946 -0.61187 -0.612573 -0.0108405 0.79034 -3.05497 2.79222 2.36331</i>
                        <i>-0.0581214 0.99778 -0.0324971 -0.786014 -0.0658062 -0.614696 -0.61547 -0.0101838 0.788094 -3.0554 2.79222 2.36392</i>
                        <i>-0.0586301 0.997779 -0.031614 -0.787771 -0.0656951 -0.612455 -0.613172 -0.0110037 0.789873 -3.05546 2.79221 2.36391</i>
                        <i>-0.0598076 0.997846 -0.0269588 -0.796402 -0.0639811 -0.601374 -0.601803 -0.0144967 0.798513 -3.05487 2.79215 2.36289</i>
                        <i>-0.0622292 0.997901 -0.0178922 -0.810997 -0.0610064 -0.581861 -0.581732 -0.0216982 0.813091 -3.05354 2.79126 2.36067</i>
                        <i>-0.0656107 0.997828 -0.00583522 -0.82823 -0.0577187 -0.557409 -0.556535 -0.031739 0.830218 -3.05174 2.78902 2.35765</i>
                        <i>-0.0688791 0.997595 0.00776068 -0.847075 -0.0543736 -0.528685 -0.526991 -0.0429892 0.848783 -3.04975 2.78581 2.35418</i>
                        <i>-0.0711107 0.997239 0.0214026 -0.866571 -0.0511388 -0.496427 -0.493962 -0.0538481 0.867815 -3.04783 2.782 2.35064</i>
                        <i>-0.0715685 0.996871 0.0335619 -0.885856 -0.0480621 -0.461465 -0.458408 -0.0627574 0.886523 -3.04621 2.77796 2.34743</i>
                        <i>-0.0697063 0.996654 0.0426726 -0.904195 -0.0450542 -0.424736 -0.421393 -0.0681912 0.904311 -3.04506 2.77409 2.34495</i>
                        <i>-0.0659335 0.996638 0.0486367 -0.92103 -0.042035 -0.387218 -0.383871 -0.0703265 0.920705 -3.04433 2.77067 2.34325</i>
                        <i>-0.0612536 0.996736 0.0525895 -0.93597 -0.0390576 -0.349907 -0.346711 -0.0706552 0.935307 -3.04381 2.76796 2.34206</i>
                        <i>-0.0561119 0.996919 0.0548045 -0.94877 -0.0361458 -0.313894 -0.310946 -0.06961 0.947875 -3.04343 2.76624 2.3413</i>
                        <i>-0.0509123 0.997154 0.055598 -0.959332 -0.0333524 -0.280303 -0.277651 -0.0676078 0.9583 -3.04316 2.76582 2.34092</i>
                        <i>-0.0460156 0.997407 0.0553274 -0.967685 -0.0307611 -0.250278 -0.247927 -0.0650562 0.966592 -3.04295 2.76889 2.34082</i>
                        <i>-0.0417405 0.997647 0.054386 -0.97395 -0.0284851 -0.224968 -0.22289 -0.0623595 0.972847 -3.04281 2.77578 2.34091</i>
                        <i>-0.0383697 0.997847 0.0531911 -0.978291 -0.0266626 -0.205515 -0.203655 -0.0599219 0.977207 -3.04271 2.78389 2.3411</i>
                        <i>-0.0361618 0.997983 0.0521698 -0.98086 -0.0254499 -0.193044 -0.191327 -0.0581521 0.979802 -3.04265 2.79064 2.34129</i>
                        <i>-0.0353682 0.998034 0.0517407 -0.981726 -0.0250102 -0.188649 -0.186984 -0.0574674 0.980681 -3.04263 2.79347 2.34137</i>
                    </KeyFrames>
                </p>
            </i>
            <i>
                <p>
                    <Name><![CDATA[spine2]]></Name>
                    <Exclude>0</Exclude>
                    <Additive>0</Additive>
                    <IKPriority>0</IKPriority>
                    <IKRotLimits>-1e+010 -1e+010 -1e+010 1e+010 1e+010 1e+010</IKRotLimits>
                    <IKRotLimitOrder>0</IKRotLimitOrder>
                    <KeyFrames count="61">
                        <i>-0.00612628 0.987407 0.158081 -0.999907 -0.00412207 -0.013003 -0.0121877 -0.158146 0.987341 -3.04803 2.95086 2.34957</i>
                        <i>-0.00619991 0.987414 0.158034 -0.999901 -0.00412855 -0.013432 -0.0126105 -0.158101 0.987342 -3.04804 2.95085 2.34958</i>
                        <i>-0.00655128 0.987448 0.157807 -0.999871 -0.00415959 -0.0154814 -0.0146307 -0.157888 0.987349 -3.0481 2.95085 2.34959</i>
                        <i>-0.00737477 0.987528 0.15727 -0.999785 -0.00423426 -0.0202947 -0.0193757 -0.157385 0.987347 -3.04823 2.95084 2.34961</i>
                        <i>-0.008861 0.987672 0.156287 -0.999569 -0.00437654 -0.0290145 -0.0279728 -0.156477 0.987285 -3.04847 2.95082 2.34965</i>
                        <i>-0.011193 0.987896 0.154711 -0.999074 -0.00462007 -0.0427798 -0.0415473 -0.155047 0.987033 -3.04884 2.95079 2.34971</i>
                        <i>-0.0137844 0.988136 0.152963 -0.998293 -0.00491757 -0.0581948 -0.0567522 -0.153504 0.986517 -3.04924 2.95076 2.34978</i>
                        <i>-0.0163311 0.988442 0.150719 -0.997208 -0.00511568 -0.0745023 -0.0728701 -0.151515 0.985765 -3.04966 2.95073 2.34991</i>
                        <i>-0.0198248 0.988837 0.147676 -0.995294 -0.00550593 -0.0967458 -0.0948527 -0.148899 0.984293 -3.05024 2.95069 2.35008</i>
                        <i>-0.0252079 0.989336 0.143451 -0.991505 -0.00642672 -0.129909 -0.127602 -0.145507 0.981094 -3.05108 2.95061 2.35026</i>
                        <i>-0.033331 0.989938 0.137519 -0.983849 -0.00828626 -0.17881 -0.175871 -0.141258 0.974226 -3.05227 2.95047 2.35046</i>
                        <i>-0.0424026 0.992044 0.118537 -0.965376 -0.0101165 -0.260666 -0.257393 -0.125485 0.958124 -3.05475 2.95037 2.35192</i>
                        <i>-0.0517901 0.99458 0.0901624 -0.929037 -0.0148636 -0.369687 -0.366343 -0.10291 0.924771 -3.05803 2.95024 2.35417</i>
                        <i>-0.0581112 0.996533 0.0595371 -0.878452 -0.0227101 -0.477291 -0.474284 -0.0800365 0.876726 -3.06115 2.95009 2.35668</i>
                        <i>-0.0610065 0.997533 0.0347343 -0.828368 -0.0311854 -0.559315 -0.556852 -0.0628947 0.828227 -3.06338 2.94997 2.35879</i>
                        <i>-0.0625762 0.997752 0.0239795 -0.801178 -0.0358912 -0.59735 -0.595146 -0.0565917 0.801622 -3.06412 2.94992 2.35975</i>
                        <i>-0.0632604 0.997735 0.0228734 -0.794754 -0.0365017 -0.605833 -0.603626 -0.056504 0.795263 -3.06367 2.94979 2.35958</i>
                        <i>-0.0620818 0.997828 0.0220105 -0.792305 -0.0358597 -0.60907 -0.606958 -0.0552512 0.792811 -3.06281 2.94942 2.35895</i>
                        <i>-0.0602965 0.997938 0.0219917 -0.792215 -0.0344399 -0.60927 -0.607256 -0.054159 0.792658 -3.06165 2.94885 2.35796</i>
                        <i>-0.0592494 0.997974 0.0231913 -0.791977 -0.0328518 -0.609667 -0.60767 -0.0544894 0.792318 -3.06025 2.9481 2.35674</i>
                        <i>-0.0594074 0.997899 0.0258638 -0.791612 -0.0313107 -0.610222 -0.60813 -0.0567258 0.791808 -3.05881 2.94722 2.35546</i>
                        <i>-0.0612352 0.997664 0.0302618 -0.791142 -0.0300291 -0.610895 -0.608559 -0.0613497 0.791133 -3.0575 2.94624 2.35427</i>
                        <i>-0.0651942 0.9972 0.0366361 -0.790593 -0.0292156 -0.611645 -0.608862 -0.0688399 0.790284 -3.05651 2.94522 2.35332</i>
                        <i>-0.0717401 0.996397 0.0452348 -0.789986 -0.0290751 -0.612435 -0.608913 -0.079671 0.789226 -3.05601 2.94419 2.35278</i>
                        <i>-0.0800145 0.995263 0.0552195 -0.789337 -0.0294343 -0.613254 -0.608723 -0.0926559 0.787953 -3.05591 2.9432 2.35256</i>
                        <i>-0.088613 0.993923 0.0652996 -0.788658 -0.0299669 -0.614101 -0.608413 -0.105916 0.786521 -3.05596 2.94228 2.35247</i>
                        <i>-0.0971711 0.992434 0.0750474 -0.787965 -0.0306485 -0.614956 -0.608004 -0.118891 0.784982 -3.05615 2.94145 2.35251</i>
                        <i>-0.105331 0.990879 0.0840434 -0.787276 -0.0314577 -0.615798 -0.607538 -0.131028 0.783409 -3.05649 2.94075 2.35269</i>
                        <i>-0.112742 0.989367 0.0918765 -0.786607 -0.0323768 -0.616604 -0.607074 -0.141788 0.781894 -3.05696 2.94021 2.35301</i>
                        <i>-0.119061 0.988025 0.0981424 -0.785977 -0.0333904 -0.617354 -0.606684 -0.15064 0.78054 -3.05757 2.93987 2.35347</i>
                        <i>-0.123946 0.986987 0.10244 -0.785403 -0.0344859 -0.618023 -0.606448 -0.157058 0.779457 -3.0583 2.93974 2.35408</i>
                        <i>-0.127265 0.986333 0.104648 -0.784906 -0.0356437 -0.618589 -0.606405 -0.160864 0.778714 -3.05906 2.93999 2.35469</i>
                        <i>-0.129234 0.986027 0.105111 -0.784498 -0.0368308 -0.619037 -0.606516 -0.16246 0.778296 -3.05972 2.94069 2.35518</i>
                        <i>-0.130032 0.986028 0.10412 -0.784192 -0.038014 -0.619353 -0.606741 -0.162186 0.778178 -3.06032 2.94173 2.35558</i>
                        <i>-0.129835 0.986279 0.101965 -0.783999 -0.0391581 -0.619525 -0.607032 -0.160376 0.778326 -3.06085 2.94298 2.3559</i>
                        <i>-0.128819 0.986721 0.0989319 -0.783931 -0.0402266 -0.619543 -0.607337 -0.157365 0.778703 -3.06132 2.94435 2.35616</i>
                        <i>-0.12716 0.987293 0.0953096 -0.783997 -0.0411819 -0.619397 -0.607601 -0.153485 0.779271 -3.06174 2.94571 2.35639</i>
                        <i>-0.125036 0.987934 0.0913868 -0.784208 -0.0419856 -0.619076 -0.60777 -0.149073 0.779996 -3.06212 2.94696 2.35661</i>
                        <i>-0.122628 0.988592 0.0874542 -0.784572 -0.0425994 -0.618573 -0.607791 -0.144468 0.780845 -3.06247 2.94798 2.35685</i>
                        <i>-0.120115 0.989217 0.0838038 -0.785098 -0.0429851 -0.617878 -0.607613 -0.140011 0.781795 -3.0628 2.94866 2.35711</i>
                        <i>-0.117681 0.989765 0.0807294 -0.785794 -0.0431058 -0.616984 -0.607189 -0.136044 0.782824 -3.0631 2.94888 2.35742</i>
                        <i>-0.115775 0.990283 0.0770452 -0.784128 -0.0435083 -0.619072 -0.609704 -0.132086 0.781546 -3.06353 2.94884 2.35787</i>
                        <i>-0.114357 0.990787 0.0725512 -0.780092 -0.044339 -0.624091 -0.615125 -0.127966 0.777976 -3.06407 2.94879 2.35838</i>
                        <i>-0.112957 0.991202 0.0689926 -0.777536 -0.0449497 -0.627229 -0.618609 -0.124494 0.775773 -3.06452 2.94874 2.35879</i>
                        <i>-0.111184 0.991465 0.0680851 -0.780366 -0.0446788 -0.623725 -0.61536 -0.122479 0.778673 -3.06465 2.94873 2.35893</i>
                        <i>-0.108617 0.991509 0.071496 -0.792279 -0.0429028 -0.608649 -0.600414 -0.122754 0.790212 -3.06425 2.94875 2.35864</i>
                        <i>-0.105661 0.991224 0.0794356 -0.812107 -0.039916 -0.582141 -0.573862 -0.12602 0.809198 -3.06331 2.94804 2.35785</i>
                        <i>-0.102628 0.99062 0.0902243 -0.835445 -0.0366085 -0.548353 -0.539906 -0.131654 0.831365 -3.06205 2.94606 2.35673</i>
                        <i>-0.0988613 0.989796 0.102616 -0.860672 -0.0332907 -0.50807 -0.499469 -0.138547 0.855181 -3.06059 2.94313 2.35541</i>
                        <i>-0.0938163 0.988884 0.115358 -0.886245 -0.0301572 -0.462234 -0.453616 -0.1456 0.879223 -3.05903 2.93958 2.35405</i>
                        <i>-0.0870917 0.988046 0.127201 -0.910782 -0.0272419 -0.411987 -0.403597 -0.151733 0.902267 -3.05749 2.93576 2.35278</i>
                        <i>-0.0784385 0.987473 0.136909 -0.933141 -0.0243927 -0.358683 -0.350851 -0.15589 0.923365 -3.05604 2.93199 2.35176</i>
                        <i>-0.0682848 0.987181 0.144261 -0.952479 -0.0214823 -0.303845 -0.296851 -0.158154 0.941736 -3.05469 2.92859 2.35101</i>
                        <i>-0.0574974 0.987028 0.1499 -0.968298 -0.0185744 -0.249108 -0.243092 -0.15947 0.956805 -3.05341 2.92585 2.35044</i>
                        <i>-0.0465916 0.986983 0.15393 -0.980439 -0.0156835 -0.196198 -0.19123 -0.160061 0.968407 -3.05219 2.92407 2.35003</i>
                        <i>-0.0360783 0.987014 0.156531 -0.989072 -0.0128612 -0.146871 -0.14295 -0.160119 0.976692 -3.05108 2.92355 2.34977</i>
                        <i>-0.0264556 0.987093 0.157946 -0.994643 -0.0101985 -0.102864 -0.0999258 -0.159821 0.982075 -3.05008 2.92653 2.34962</i>
                        <i>-0.0182019 0.987195 0.158475 -0.997797 -0.00782325 -0.0658699 -0.0637867 -0.159325 0.985163 -3.04924 2.93332 2.34955</i>
                        <i>-0.0117739 0.987296 0.158453 -0.999278 -0.00589533 -0.0375187 -0.0361079 -0.15878 0.986654 -3.04859 2.94135 2.34954</i>
                        <i>-0.00760777 0.987375 0.158218 -0.999802 -0.00459727 -0.0193849 -0.0184127 -0.158334 0.987214 -3.04817 2.94805 2.34956</i>
                        <i>-0.00612628 0.987407 0.158081 -0.999907 -0.00412207 -0.013003 -0.0121877 -0.158146 0.987341 -3.04803 2.95086 2.34957</i>
                    </KeyFrames>
                </p>
            </i>
            <i>
                <p>
                    <Name><![CDATA[head]]></Name>
                    <Exclude>0</Exclude>
                    <Additive>0</Additive>
                    <IKPriority>0</IKPriority>
                    <IKRotLimits>-1e+010 -1e+010 -1e+010 1e+010 1e+010 1e+010</IKRotLimits>
                    <IKRotLimitOrder>0</IKRotLimitOrder>
                    <KeyFrames count="61">
                        <i>0.0240293 0.993567 0.110671 0.0178685 0.110258 -0.993742 -0.999551 0.0258565 -0.0151041 -3.0459 3.20669 2.379</i>
                        <i>0.024194 0.993447 0.1117 0.0512783 0.110352 -0.992569 -0.998391 0.029742 -0.0482725 -3.04593 3.20669 2.37899</i>
                        <i>0.0241824 0.993263 0.113329 0.133915 0.109122 -0.984967 -0.990698 0.0389954 -0.130374 -3.04606 3.20669 2.37896</i>
                        <i>0.0234304 0.993262 0.113494 0.238665 0.104685 -0.965443 -0.970819 0.0497077 -0.234604 -3.04636 3.20669 2.37887</i>
                        <i>0.0218962 0.993519 0.111534 0.338601 0.0975983 -0.935855 -0.940675 0.0582573 -0.334269 -3.0469 3.20669 2.3787</i>
                        <i>0.0197416 0.993877 0.10871 0.409469 0.0911571 -0.907758 -0.91211 0.062434 -0.405162 -3.04775 3.20669 2.37845</i>
                        <i>0.0175285 0.994033 0.107665 0.423367 0.0901729 -0.90146 -0.905789 0.0613831 -0.41926 -3.04868 3.20669 2.37816</i>
                        <i>0.0151906 0.994192 0.106541 0.437964 0.0891722 -0.894559 -0.898864 0.0602501 -0.434066 -3.04964 3.20669 2.37785</i>
                        <i>0.0120356 0.994407 0.104925 0.457726 0.0878139 -0.884746 -0.889012 0.0586753 -0.45411 -3.05095 3.20668 2.37742</i>
                        <i>0.00740773 0.994722 0.102335 0.486876 0.0858006 -0.869247 -0.87344 0.0562637 -0.483671 -3.0529 3.20666 2.37673</i>
                        <i>0.000728252 0.995169 0.09817 0.529145 0.0829169 -0.84447 -0.848531 0.0525612 -0.526529 -3.05572 3.20663 2.37567</i>
                        <i>-0.0102701 0.995694 0.0921337 0.547868 0.0826812 -0.832469 -0.836502 0.0419276 -0.546358 -3.06027 3.20652 2.37372</i>
                        <i>-0.0243242 0.996393 0.0813022 0.566195 0.0807562 -0.820306 -0.823912 0.0260796 -0.566117 -3.06588 3.20631 2.37091</i>
                        <i>-0.0371698 0.99707 0.0668538 0.581995 0.0759824 -0.809635 -0.812342 0.00881459 -0.583114 -3.07082 3.206 2.36793</i>
                        <i>-0.0460153 0.997538 0.052923 0.593261 0.0699138 -0.801969 -0.803694 -0.0055057 -0.595017 -3.07413 3.2057 2.36555</i>
                        <i>-0.0501455 0.997699 0.0456386 0.597844 0.0665904 -0.798841 -0.800042 -0.0127735 -0.599808 -3.07545 3.20556 2.36451</i>
