<?xml version="1.0" encoding="ISO-8859-1" ?>
<Animl Version="1">
    <ModellingPackage><![CDATA[Maya.2010]]></ModellingPackage>
    <SrcFile><![CDATA[anims\turrets\artillery\blue\~src\artillery_m102\artillery_m102_aim_random_crewman_b.mb]]></SrcFile>
    <FramesPerSecond>30</FramesPerSecond>
    <TotalFrames>60</TotalFrames>
    <Skeleton>
        <RefFrame>
            <Name><![CDATA[soldier_ref_frame]]></Name>
            <Exclude>0</Exclude>
            <Additive>0</Additive>
            <IKPriority>0</IKPriority>
            <IKRotLimits>-1e+010 -1e+010 -1e+010 1e+010 1e+010 1e+010</IKRotLimits>
            <IKRotLimitOrder>0</IKRotLimitOrder>
            <KeyFrames count="60">
                <i>1 0 0 0 1 0 0 0 1 -0.72 1.59 -1.73</i>
                <i>1 0 0 0 1 0 0 0 1 -0.72 1.59 -1.73</i>
                <i>1 0 0 0 1 0 0 0 1 -0.72 1.59 -1.73</i>
                <i>1 0 0 0 1 0 0 0 1 -0.72 1.59 -1.73</i>
                <i>1 0 0 0 1 0 0 0 1 -0.72 1.59 -1.73</i>
                <i>1 0 0 0 1 0 0 0 1 -0.72 1.59 -1.73</i>
                <i>1 0 0 0 1 0 0 0 1 -0.72 1.59 -1.73</i>
                <i>1 0 0 0 1 0 0 0 1 -0.72 1.59 -1.73</i>
                <i>1 0 0 0 1 0 0 0 1 -0.72 1.59 -1.73</i>
                <i>1 0 0 0 1 0 0 0 1 -0.72 1.59 -1.73</i>
                <i>1 0 0 0 1 0 0 0 1 -0.72 1.59 -1.73</i>
                <i>1 0 0 0 1 0 0 0 1 -0.72 1.59 -1.73</i>
                <i>1 0 0 0 1 0 0 0 1 -0.72 1.59 -1.73</i>
                <i>1 0 0 0 1 0 0 0 1 -0.72 1.59 -1.73</i>
                <i>1 0 0 0 1 0 0 0 1 -0.72 1.59 -1.73</i>
                <i>1 0 0 0 1 0 0 0 1 -0.72 1.59 -1.73</i>
                <i>1 0 0 0 1 0 0 0 1 -0.72 1.59 -1.73</i>
                <i>1 0 0 0 1 0 0 0 1 -0.72 1.59 -1.73</i>
                <i>1 0 0 0 1 0 0 0 1 -0.72 1.59 -1.73</i>
                <i>1 0 0 0 1 0 0 0 1 -0.72 1.59 -1.73</i>
                <i>1 0 0 0 1 0 0 0 1 -0.72 1.59 -1.73</i>
                <i>1 0 0 0 1 0 0 0 1 -0.72 1.59 -1.73</i>
                <i>1 0 0 0 1 0 0 0 1 -0.72 1.59 -1.73</i>
                <i>1 0 0 0 1 0 0 0 1 -0.72 1.59 -1.73</i>
                <i>1 0 0 0 1 0 0 0 1 -0.72 1.59 -1.73</i>
                <i>1 0 0 0 1 0 0 0 1 -0.72 1.59 -1.73</i>
                <i>1 0 0 0 1 0 0 0 1 -0.72 1.59 -1.73</i>
                <i>1 0 0 0 1 0 0 0 1 -0.72 1.59 -1.73</i>
                <i>1 0 0 0 1 0 0 0 1 -0.72 1.59 -1.73</i>
                <i>1 0 0 0 1 0 0 0 1 -0.72 1.59 -1.73</i>
                <i>1 0 0 0 1 0 0 0 1 -0.72 1.59 -1.73</i>
                <i>1 0 0 0 1 0 0 0 1 -0.72 1.59 -1.73</i>
                <i>1 0 0 0 1 0 0 0 1 -0.72 1.59 -1.73</i>
                <i>1 0 0 0 1 0 0 0 1 -0.72 1.59 -1.73</i>
                <i>1 0 0 0 1 0 0 0 1 -0.72 1.59 -1.73</i>
                <i>1 0 0 0 1 0 0 0 1 -0.72 1.59 -1.73</i>
                <i>1 0 0 0 1 0 0 0 1 -0.72 1.59 -1.73</i>
                <i>1 0 0 0 1 0 0 0 1 -0.72 1.59 -1.73</i>
                <i>1 0 0 0 1 0 0 0 1 -0.72 1.59 -1.73</i>
                <i>1 0 0 0 1 0 0 0 1 -0.72 1.59 -1.73</i>
                <i>1 0 0 0 1 0 0 0 1 -0.72 1.59 -1.73</i>
                <i>1 0 0 0 1 0 0 0 1 -0.72 1.59 -1.73</i>
                <i>1 0 0 0 1 0 0 0 1 -0.72 1.59 -1.73</i>
                <i>1 0 0 0 1 0 0 0 1 -0.72 1.59 -1.73</i>
                <i>1 0 0 0 1 0 0 0 1 -0.72 1.59 -1.73</i>
                <i>1 0 0 0 1 0 0 0 1 -0.72 1.59 -1.73</i>
                <i>1 0 0 0 1 0 0 0 1 -0.72 1.59 -1.73</i>
                <i>1 0 0 0 1 0 0 0 1 -0.72 1.59 -1.73</i>
                <i>1 0 0 0 1 0 0 0 1 -0.72 1.59 -1.73</i>
                <i>1 0 0 0 1 0 0 0 1 -0.72 1.59 -1.73</i>
                <i>1 0 0 0 1 0 0 0 1 -0.72 1.59 -1.73</i>
                <i>1 0 0 0 1 0 0 0 1 -0.72 1.59 -1.73</i>
                <i>1 0 0 0 1 0 0 0 1 -0.72 1.59 -1.73</i>
                <i>1 0 0 0 1 0 0 0 1 -0.72 1.59 -1.73</i>
                <i>1 0 0 0 1 0 0 0 1 -0.72 1.59 -1.73</i>
                <i>1 0 0 0 1 0 0 0 1 -0.72 1.59 -1.73</i>
                <i>1 0 0 0 1 0 0 0 1 -0.72 1.59 -1.73</i>
                <i>1 0 0 0 1 0 0 0 1 -0.72 1.59 -1.73</i>
                <i>1 0 0 0 1 0 0 0 1 -0.72 1.59 -1.73</i>
                <i>1 0 0 0 1 0 0 0 1 -0.72 1.59 -1.73</i>
            </KeyFrames>
        </RefFrame>
        <Bones count="23">
            <i>
                <p>
                    <Name><![CDATA[pelvis]]></Name>
                    <Exclude>0</Exclude>
                    <Additive>0</Additive>
                    <IKPriority>0</IKPriority>
                    <IKRotLimits>-1e+010 -1e+010 -1e+010 1e+010 1e+010 1e+010</IKRotLimits>
                    <IKRotLimitOrder>2</IKRotLimitOrder>
                    <KeyFrames count="60">
                        <i>1 0 0 0 1 0 0 0 1 -1.31388 2.81402 -1.4542</i>
                        <i>1 0 0 0 1 0 0 0 1 -1.31388 2.81402 -1.4542</i>
                        <i>1 0 0 0 1 0 0 0 1 -1.31388 2.81402 -1.4542</i>
                        <i>1 0 0 0 1 0 0 0 1 -1.31388 2.81402 -1.4542</i>
                        <i>1 0 0 0 1 0 0 0 1 -1.31388 2.81402 -1.4542</i>
                        <i>1 0 0 0 1 0 0 0 1 -1.31388 2.81402 -1.4542</i>
                        <i>1 0 0 0 1 0 0 0 1 -1.31388 2.81402 -1.4542</i>
                        <i>1 0 0 0 1 0 0 0 1 -1.31388 2.81402 -1.4542</i>
                        <i>1 0 0 0 1 0 0 0 1 -1.31388 2.81402 -1.4542</i>
                        <i>1 0 0 0 1 0 0 0 1 -1.31388 2.81402 -1.4542</i>
                        <i>1 0 0 0 1 0 0 0 1 -1.31388 2.81402 -1.4542</i>
                        <i>1 0 0 0 1 0 0 0 1 -1.31388 2.81402 -1.4542</i>
                        <i>1 0 0 0 1 0 0 0 1 -1.31388 2.81402 -1.4542</i>
                        <i>1 0 0 0 1 0 0 0 1 -1.31388 2.81402 -1.4542</i>
                        <i>1 0 0 0 1 0 0 0 1 -1.31388 2.81402 -1.4542</i>
                        <i>1 0 0 0 1 0 0 0 1 -1.31388 2.81402 -1.4542</i>
                        <i>1 0 0 0 1 0 0 0 1 -1.31388 2.81402 -1.4542</i>
                        <i>1 0 0 0 1 0 0 0 1 -1.31388 2.81402 -1.4542</i>
                        <i>1 0 0 0 1 0 0 0 1 -1.31388 2.81402 -1.4542</i>
                        <i>1 0 0 0 1 0 0 0 1 -1.31388 2.81402 -1.4542</i>
                        <i>1 0 0 0 1 0 0 0 1 -1.31388 2.81402 -1.4542</i>
                        <i>1 0 0 0 1 0 0 0 1 -1.31388 2.81402 -1.4542</i>
                        <i>1 0 0 0 1 0 0 0 1 -1.31388 2.81402 -1.4542</i>
                        <i>1 0 0 0 1 0 0 0 1 -1.31388 2.81402 -1.4542</i>
                        <i>1 0 0 0 1 0 0 0 1 -1.31388 2.81402 -1.4542</i>
                        <i>1 0 0 0 1 0 0 0 1 -1.31388 2.81402 -1.4542</i>
                        <i>1 0 0 0 1 0 0 0 1 -1.31388 2.81402 -1.4542</i>
                        <i>1 0 0 0 1 0 0 0 1 -1.31388 2.81402 -1.4542</i>
                        <i>1 0 0 0 1 0 0 0 1 -1.31388 2.81402 -1.4542</i>
                        <i>1 0 0 0 1 0 0 0 1 -1.31388 2.81402 -1.4542</i>
                        <i>1 0 0 0 1 0 0 0 1 -1.31388 2.81402 -1.4542</i>
                        <i>1 0 0 0 1 0 0 0 1 -1.31388 2.81402 -1.4542</i>
                        <i>1 0 0 0 1 0 0 0 1 -1.31388 2.81402 -1.4542</i>
                        <i>1 0 0 0 1 0 0 0 1 -1.31388 2.81402 -1.4542</i>
                        <i>1 0 0 0 1 0 0 0 1 -1.31388 2.81402 -1.4542</i>
                        <i>1 0 0 0 1 0 0 0 1 -1.31388 2.81402 -1.4542</i>
                        <i>1 0 0 0 1 0 0 0 1 -1.31388 2.81402 -1.4542</i>
                        <i>1 0 0 0 1 0 0 0 1 -1.31388 2.81402 -1.4542</i>
                        <i>1 0 0 0 1 0 0 0 1 -1.31388 2.81402 -1.4542</i>
                        <i>1 0 0 0 1 0 0 0 1 -1.31388 2.81402 -1.4542</i>
                        <i>1 0 0 0 1 0 0 0 1 -1.31388 2.81402 -1.4542</i>
                        <i>1 0 0 0 1 0 0 0 1 -1.31388 2.81402 -1.4542</i>
                        <i>1 0 0 0 1 0 0 0 1 -1.31388 2.81402 -1.4542</i>
                        <i>1 0 0 0 1 0 0 0 1 -1.31388 2.81402 -1.4542</i>
                        <i>1 0 0 0 1 0 0 0 1 -1.31388 2.81402 -1.4542</i>
                        <i>1 0 0 0 1 0 0 0 1 -1.31388 2.81402 -1.4542</i>
                        <i>1 0 0 0 1 0 0 0 1 -1.31388 2.81402 -1.4542</i>
                        <i>1 0 0 0 1 0 0 0 1 -1.31388 2.81402 -1.4542</i>
                        <i>1 0 0 0 1 0 0 0 1 -1.31388 2.81402 -1.4542</i>
                        <i>1 0 0 0 1 0 0 0 1 -1.31388 2.81402 -1.4542</i>
                        <i>1 0 0 0 1 0 0 0 1 -1.31388 2.81402 -1.4542</i>
                        <i>1 0 0 0 1 0 0 0 1 -1.31388 2.81402 -1.4542</i>
                        <i>1 0 0 0 1 0 0 0 1 -1.31388 2.81402 -1.4542</i>
                        <i>1 0 0 0 1 0 0 0 1 -1.31388 2.81402 -1.4542</i>
                        <i>1 0 0 0 1 0 0 0 1 -1.31388 2.81402 -1.4542</i>
                        <i>1 0 0 0 1 0 0 0 1 -1.31388 2.81402 -1.4542</i>
                        <i>1 0 0 0 1 0 0 0 1 -1.31388 2.81402 -1.4542</i>
                        <i>1 0 0 0 1 0 0 0 1 -1.31388 2.81402 -1.4542</i>
                        <i>1 0 0 0 1 0 0 0 1 -1.31388 2.81402 -1.4542</i>
                        <i>1 0 0 0 1 0 0 0 1 -1.31388 2.81402 -1.4542</i>
                    </KeyFrames>
                </p>
            </i>
            <i>
                <p>
                    <Name><![CDATA[spine0]]></Name>
                    <Exclude>0</Exclude>
                    <Additive>0</Additive>
                    <IKPriority>0</IKPriority>
                    <IKRotLimits>-1e+010 -1e+010 -1e+010 1e+010 1e+010 1e+010</IKRotLimits>
                    <IKRotLimitOrder>0</IKRotLimitOrder>
                    <KeyFrames count="60">
                        <i>-0.155842 0.983755 0.0891025 0.37047 -0.0254093 0.928497 0.915678 0.177709 -0.360492 -1.4056 2.91764 -1.41486</i>
                        <i>-0.151623 0.984402 0.089241 0.371128 -0.0269818 0.928189 0.916119 0.173855 -0.361248 -1.40487 2.91837 -1.41512</i>
                        <i>-0.139942 0.986124 0.0893112 0.372725 -0.0311006 0.927421 0.917329 0.163074 -0.3632 -1.40289 2.92034 -1.41586</i>
                        <i>-0.122178 0.988549 0.0885611 0.374579 -0.0367039 0.926468 0.91911 0.146367 -0.365806 -1.39992 2.92314 -1.41696</i>
                        <i>-0.0998179 0.991265 0.0861989 0.376082 -0.0426188 0.925606 0.921194 0.12481 -0.368543 -1.39623 2.9264 -1.41834</i>
                        <i>-0.0746385 0.993858 0.0816995 0.37688 -0.047738 0.925031 0.92325 0.0998338 -0.371002 -1.39212 2.92976 -1.41989</i>
                        <i>-0.048734 0.995988 0.0750546 0.376936 -0.0512481 0.92482 0.924956 0.073361 -0.372927 -1.38795 2.93292 -1.42146</i>
                        <i>-0.0244018 0.99746 0.0669149 0.376473 -0.0528385 0.92492 0.926106 0.0477613 -0.374227 -1.38408 2.93563 -1.42293</i>
                        <i>-0.0039524 0.998276 0.0585691 0.375825 -0.0527929 0.925186 0.926682 0.0256684 -0.374968 -1.38093 2.9377 -1.42413</i>
                        <i>0.0104582 0.998605 0.05175 0.375304 -0.0518893 0.925448 0.926843 0.00974351 -0.375324 -1.37893 2.93895 -1.4249</i>
                        <i>0.0161815 0.998686 0.0486262 0.375137 -0.0511438 0.925557 0.926828 0.00326459 -0.375472 -1.37848 2.93922 -1.42507</i>
                        <i>0.0142582 0.998684 0.0492608 0.375323 -0.0510089 0.925489 0.926784 0.00529287 -0.375557 -1.3794 2.93866 -1.42472</i>
                        <i>0.00815052 0.998616 0.0519638 0.375735 -0.051216 0.925311 0.926691 0.0119829 -0.375632 -1.38118 2.93754 -1.42403</i>
                        <i>0.0012332 0.998485 0.0550062 0.376237 -0.0514278 0.925095 0.926522 0.0195546 -0.375731 -1.38333 2.93614 -1.42321</i>
                        <i>-0.00320466 0.998375 0.0569009 0.37671 -0.051504 0.924898 0.926326 0.0243991 -0.375933 -1.38535 2.93476 -1.42244</i>
                        <i>-0.00440412 0.998339 0.0574496 0.377071 -0.0515514 0.924749 0.926174 0.0257353 -0.376217 -1.38684 2.93372 -1.42187</i>
                        <i>-0.00379835 0.998348 0.0573307 0.377235 -0.0516648 0.924675 0.92611 0.0251394 -0.376416 -1.38742 2.9333 -1.42165</i>
                        <i>-0.00122927 0.998406 0.0564186 0.377053 -0.0517917 0.924743 0.926191 0.0224095 -0.376388 -1.38655 2.93393 -1.42198</i>
                        <i>0.00265883 0.998487 0.0549259 0.376573 -0.0518826 0.924933 0.926383 0.0182244 -0.376141 -1.38445 2.93538 -1.42278</i>
                        <i>0.00652785 0.998554 0.0533638 0.375987 -0.0519001 0.92517 0.926602 0.0140248 -0.375782 -1.38192 2.93706 -1.42375</i>
                        <i>0.00903634 0.998593 0.0522548 0.375489 -0.0518213 0.925377 0.926783 0.0112591 -0.375429 -1.37979 2.93841 -1.42457</i>
                        <i>0.00928067 0.998604 0.051997 0.375273 -0.0516768 0.925473 0.926868 0.0109241 -0.375229 -1.37893 2.93895 -1.4249</i>
                        <i>0.0068313 0.998581 0.0528138 0.375469 -0.0515121 0.925402 0.92681 0.0135083 -0.375289 -1.37992 2.93833 -1.42452</i>
                        <i>0.00296653 0.998524 0.0542372 0.375957 -0.051372 0.925212 0.926632 0.0176462 -0.375554 -1.38219 2.93689 -1.42365</i>
                        <i>-0.000677052 0.998449 0.0556624 0.376554 -0.0513108 0.924972 0.926394 0.0215862 -0.375936 -1.38485 2.93511 -1.42263</i>
                        <i>-0.00283561 0.998392 0.0566183 0.37708 -0.0513714 0.924755 0.926176 0.0239719 -0.376328 -1.38704 2.93358 -1.4218</i>
                        <i>-0.00294201 0.99838 0.056828 0.37733 -0.051519 0.924645 0.926074 0.0241632 -0.376567 -1.38795 2.93292 -1.42145</i>
                        <i>-0.000853535 0.998421 0.0561625 0.377156 -0.0516935 0.924706 0.926149 0.0219713 -0.376516 -1.38706 2.93356 -1.42179</i>
                        <i>0.00254518 0.998487 0.0549248 0.376675 -0.0518368 0.924894 0.926342 0.0183348 -0.376237 -1.38492 2.93506 -1.42261</i>
                        <i>0.00605072 0.998546 0.0535601 0.376074 -0.0519013 0.925135 0.92657 0.0145448 -0.375841 -1.38229 2.93682 -1.42361</i>
                        <i>0.00825613 0.998579 0.0526417 0.375549 -0.0518862 0.925349 0.926766 0.0121297 -0.375444 -1.38001 2.93828 -1.42448</i>
                        <i>0.00821173 0.998582 0.0525926 0.375295 -0.0518274 0.925455 0.926869 0.0121382 -0.375189 -1.37893 2.93895 -1.4249</i>
                        <i>0.00407775 0.998523 0.0541757 0.375705 -0.0517369 0.925294 0.92673 0.0165809 -0.375361 -1.3808 2.93778 -1.42418</i>
                        <i>-0.00174886 0.998405 0.05643 0.376523 -0.0516198 0.924968 0.926406 0.0228648 -0.375832 -1.38445 2.93538 -1.42278</i>
                        <i>-0.00440669 0.998342 0.0573914 0.376958 -0.0514997 0.924797 0.92622 0.0257094 -0.376106 -1.38641 2.93403 -1.42204</i>
                        <i>-0.00346467 0.998371 0.0569558 0.376852 -0.0514533 0.924843 0.926267 0.0246682 -0.37606 -1.386 2.93431 -1.42219</i>
                        <i>-0.00101119 0.99844 0.0558221 0.376582 -0.0513325 0.92496 0.926383 0.0219569 -0.375942 -1.38495 2.93504 -1.42259</i>
                        <i>0.00239949 0.998525 0.0542482 0.376216 -0.0511642 0.925118 0.926529 0.0181892 -0.375784 -1.3835 2.93602 -1.42315</i>
                        <i>0.00618874 0.998602 0.0525023 0.375824 -0.0509769 0.925288 0.92667 0.0140052 -0.375614 -1.38191 2.93707 -1.42376</i>
                        <i>0.00973308 0.998658 0.0508716 0.37547 -0.0508014 0.925441 0.926784 0.0100934 -0.37546 -1.38043 2.93801 -1.42432</i>
                        <i>0.0123652 0.99869 0.0496621 0.375214 -0.0506709 0.925552 0.926856 0.00718929 -0.375349 -1.37935 2.93869 -1.42474</i>
                        <i>0.0133948 0.9987 0.0491893 0.375116 -0.0506198 0.925595 0.926881 0.0060535 -0.375306 -1.37893 2.93895 -1.4249</i>
                        <i>0.0102044 0.99865 0.0509317 0.37506 -0.0510383 0.925594 0.926944 0.00965734 -0.375075 -1.37836 2.93929 -1.42511</i>
                        <i>0.00422203 0.998521 0.0541982 0.375051 -0.0518235 0.925555 0.926995 0.0164194 -0.374715 -1.37775 2.93966 -1.42535</i>
                        <i>-0.00115947 0.998359 0.0572548 0.375054 -0.0526413 0.925507 0.927002 0.0225467 -0.374377 -1.37719 2.93999 -1.42556</i>
                        <i>-0.0028516 0.99829 0.0583845 0.375033 -0.0530557 0.925492 0.927007 0.0245353 -0.374241 -1.3768 2.94022 -1.42571</i>
                        <i>0.00240027 0.998447 0.0556507 0.374939 -0.0524896 0.925562 0.927046 0.018644 -0.374483 -1.37667 2.94029 -1.42576</i>
                        <i>0.0114948 0.998652 0.0506192 0.374826 -0.0512348 0.925678 0.927024 0.00833289 -0.37491 -1.37692 2.94015 -1.42567</i>
                        <i>0.0176008 0.998733 0.047137 0.374834 -0.050297 0.925726 0.926925 0.00137502 -0.375245 -1.37764 2.93972 -1.42539</i>
                        <i>0.0133948 0.9987 0.0491893 0.375116 -0.0506198 0.925595 0.926881 0.0060535 -0.375306 -1.37893 2.93895 -1.4249</i>
                        <i>-0.0036011 0.998349 0.0573216 0.375694 -0.051772 0.925296 0.926737 0.0248675 -0.374888 -1.38103 2.93764 -1.42409</i>
                        <i>-0.0285305 0.997295 0.0677451 0.376325 -0.0520699 0.925023 0.926048 0.0518856 -0.373821 -1.38393 2.93574 -1.42299</i>
                        <i>-0.0577304 0.995304 0.0776989 0.376655 -0.0503623 0.924984 0.924553 0.0826653 -0.371978 -1.38736 2.93335 -1.42169</i>
                        <i>-0.0875194 0.992505 0.0852861 0.376355 -0.0463255 0.925317 0.922332 0.113081 -0.36948 -1.39103 2.93061 -1.42029</i>
                        <i>-0.114595 0.989348 0.089764 0.375293 -0.0405483 0.926019 0.919795 0.139805 -0.366649 -1.39471 2.92768 -1.41891</i>
                        <i>-0.136267 0.986445 0.0914205 0.373653 -0.034289 0.926935 0.917505 0.16047 -0.363916 -1.39815 2.92473 -1.41762</i>
                        <i>-0.149604 0.984541 0.0910955 0.372036 -0.0293093 0.927755 0.916083 0.172687 -0.3619 -1.40114 2.92201 -1.41651</i>
                        <i>-0.155286 0.98375 0.0901279 0.370962 -0.0264885 0.92827 0.915573 0.177581 -0.360821 -1.40349 2.91975 -1.41563</i>
                        <i>-0.15628 0.983661 0.0893751 0.370523 -0.0254936 0.928473 0.915581 0.178217 -0.360485 -1.40504 2.9182 -1.41506</i>
                        <i>-0.155842 0.983755 0.0891025 0.37047 -0.0254093 0.928497 0.915678 0.177709 -0.360492 -1.4056 2.91764 -1.41486</i>
                    </KeyFrames>
                </p>
            </i>
            <i>
                <p>
                    <Name><![CDATA[spine1]]></Name>
                    <Exclude>0</Exclude>
                    <Additive>0</Additive>
                    <IKPriority>0</IKPriority>
                    <IKRotLimits>-1e+010 -1e+010 -1e+010 1e+010 1e+010 1e+010</IKRotLimits>
                    <IKRotLimitOrder>0</IKRotLimitOrder>
                    <KeyFrames count="60">
                        <i>0.36022 0.929148 -0.0832148 0.233932 -0.00361807 0.972246 0.90306 -0.369689 -0.218661 -1.43568 3.10682 -1.39767</i>
                        <i>0.359692 0.929375 -0.0829715 0.239435 -0.0059894 0.970894 0.901827 -0.369089 -0.224679 -1.43407 3.10715 -1.39796</i>
                        <i>0.358136 0.93003 -0.082357 0.254357 -0.0123144 0.967032 0.898354 -0.367277 -0.24097 -1.42963 3.10801 -1.39882</i>
                        <i>0.355462 0.931125 -0.0815681 0.276264 -0.0212935 0.960846 0.892931 -0.364078 -0.264805 -1.42301 3.10919 -1.40026</i>
                        <i>0.351576 0.932663 -0.0808312 0.302713 -0.031555 0.952559 0.885866 -0.359366 -0.293423 -1.41484 3.11049 -1.4023</i>
                        <i>0.346563 0.934576 -0.0803892 0.331324 -0.0417843 0.942591 0.877564 -0.353302 -0.324129 -1.40585 3.11172 -1.4049</i>
                        <i>0.340808 0.936683 -0.0804715 0.35984 -0.0508891 0.931625 0.868542 -0.346462 -0.354399 -1.3968 3.11278 -1.40789</i>
                        <i>0.335073 0.938682 -0.0812526 0.386158 -0.0581563 0.920597 0.859423 -0.339844 -0.381967 -1.38847 3.1136 -1.41098</i>
                        <i>0.330486 0.940171 -0.0828118 0.40835 -0.0633325 0.910626 0.850899 -0.334765 -0.404849 -1.38166 3.11416 -1.41376</i>
                        <i>0.32844 0.940682 -0.0851184 0.424627 -0.0665577 0.902919 0.843694 -0.332698 -0.421299 -1.37711 3.11449 -1.41579</i>
                        <i>0.330761 0.93957 -0.0883516 0.432694 -0.0677876 0.898989 0.838674 -0.33558 -0.428967 -1.37566 3.11462 -1.41652</i>
                        <i>0.33724 0.936875 -0.0923778 0.433576 -0.0674687 0.898588 0.835632 -0.343093 -0.42896 -1.37691 3.11464 -1.41602</i>
                        <i>0.34608 0.93321 -0.0966848 0.430412 -0.0663541 0.90019 0.833651 -0.353153 -0.424628 -1.37977 3.11455 -1.41481</i>
                        <i>0.355456 0.929238 -0.100832 0.426319 -0.0651771 0.902222 0.831807 -0.363687 -0.419319 -1.38315 3.11435 -1.41338</i>
                        <i>0.363709 0.925639 -0.104442 0.424484 -0.0648913 0.903107 0.829174 -0.372802 -0.41652 -1.38597 3.11405 -1.4122</i>
                        <i>0.368685 0.923454 -0.106317 0.424954 -0.0657188 0.902826 0.826732 -0.378039 -0.416655 -1.38768 3.11367 -1.4115</i>
                        <i>0.368836 0.923486 -0.105516 0.425457 -0.0668057 0.90251 0.826406 -0.37777 -0.417544 -1.38815 3.11335 -1.41129</i>
                        <i>0.36285 0.926273 -0.101776 0.425706 -0.0676168 0.902332 0.828923 -0.370738 -0.418855 -1.38681 3.11331 -1.41183</i>
                        <i>0.352319 0.930927 -0.0961595 0.425609 -0.0678675 0.902359 0.833504 -0.358844 -0.420122 -1.38401 3.11356 -1.41297</i>
                        <i>0.34108 0.935643 -0.090754 0.42523 -0.0674677 0.902567 0.838358 -0.346439 -0.420875 -1.3808 3.11396 -1.41428</i>
                        <i>0.333168 0.938789 -0.0876067 0.424689 -0.0664612 0.902897 0.841807 -0.338022 -0.420836 -1.37823 3.1144 -1.41535</i>
                        <i>0.331845 0.939227 -0.0879276 0.424238 -0.0653366 0.90319 0.842556 -0.337021 -0.420138 -1.37732 3.1147 -1.41574</i>
                        <i>0.338852 0.936318 -0.0921249 0.424077 -0.0645948 0.903319 0.839844 -0.34516 -0.418959 -1.37874 3.11472 -1.41518</i>
                        <i>0.350635 0.931341 -0.0982764 0.424208 -0.0643929 0.903272 0.834927 -0.358408 -0.417661 -1.3817 3.11449 -1.41398</i>
                        <i>0.362388 0.926217 -0.103912 0.424608 -0.0648172 0.903054 0.829689 -0.371377 -0.416768 -1.38501 3.11407 -1.41264</i>
                        <i>0.370106 0.922805 -0.107014 0.425212 -0.0658568 0.902695 0.825964 -0.379597 -0.416762 -1.3876 3.11356 -1.41157</i>
                        <i>0.371385 0.922326 -0.106713 0.42575 -0.0670309 0.902355 0.825112 -0.380554 -0.417574 -1.38853 3.11319 -1.41117</i>
                        <i>0.365211 0.925223 -0.102872 0.425938 -0.0678165 0.902207 0.827767 -0.373313 -0.418855 -1.38726 3.11317 -1.41166</i>
                        <i>0.354368 0.930051 -0.0970959 0.425765 -0.0680294 0.902273 0.832554 -0.361077 -0.420091 -1.3845 3.11345 -1.41278</i>
                        <i>0.342634 0.935008 -0.0914494 0.425309 -0.0675823 0.902522 0.837684 -0.348129 -0.420823 -1.38125 3.11389 -1.4141</i>
                        <i>0.333781 0.938552 -0.087812 0.424688 -0.0665579 0.90289 0.841564 -0.33866 -0.420807 -1.37858 3.11437 -1.41519</i>
                        <i>0.331005 0.939576 -0.087364 0.424147 -0.0654395 0.903226 0.842932 -0.336028 -0.420179 -1.37751 3.11472 -1.41563</i>
                        <i>0.341333 0.935336 -0.0929459 0.424106 -0.0650095 0.903276 0.838824 -0.347737 -0.418871 -1.38011 3.1146 -1.41457</i>
                        <i>0.358593 0.927951 -0.101575 0.424477 -0.0651795 0.90309 0.831402 -0.366958 -0.417267 -1.38481 3.11412 -1.41266</i>
                        <i>0.367907 0.923763 -0.106332 0.42471 -0.0652094 0.902978 0.827204 -0.377373 -0.416322 -1.38725 3.11384 -1.41168</i>
                        <i>0.366467 0.924408 -0.105699 0.424679 -0.0651065 0.903 0.827858 -0.375808 -0.416436 -1.38667 3.1139 -1.41193</i>
                        <i>0.362708 0.926076 -0.104048 0.424603 -0.0648386 0.903055 0.829551 -0.371725 -0.416732 -1.38517 3.11406 -1.41257</i>
                        <i>0.357465 0.928367 -0.101754 0.424504 -0.0644663 0.903128 0.831875 -0.366032 -0.417139 -1.38311 3.11427 -1.41345</i>
                        <i>0.351618 0.930872 -0.0992044 0.424402 -0.0640531 0.903205 0.834415 -0.359685 -0.417586 -1.38084 3.11449 -1.41441</i>
                        <i>0.346127 0.933179 -0.0968195 0.424315 -0.0636665 0.903274 0.836751 -0.353729 -0.417998 -1.37874 3.11467 -1.41531</i>
                        <i>0.342036 0.934868 -0.0950483 0.424255 -0.0633795 0.903322 0.838462 -0.349293 -0.418301 -1.37719 3.1148 -1.41597</i>
                        <i>0.340433 0.935523 -0.0943554 0.424233 -0.0632672 0.90334 0.839126 -0.347555 -0.418418 -1.37659 3.11485 -1.41622</i>
                        <i>0.336687 0.937035 -0.0927775 0.424709 -0.0631828 0.903123 0.840395 -0.343473 -0.41924 -1.37659 3.11513 -1.41614</i>
                        <i>0.331731 0.938989 -0.0908491 0.426279 -0.0632918 0.902375 0.84157 -0.338073 -0.421267 -1.37703 3.11557 -1.41579</i>
                        <i>0.327203 0.940733 -0.0892138 0.428472 -0.0635542 0.901317 0.842229 -0.333139 -0.423873 -1.37742 3.116 -1.41546</i>
                        <i>0.324896 0.941586 -0.0886501 0.430856 -0.0639184 0.900154 0.841906 -0.330652 -0.426455 -1.37733 3.11624 -1.41541</i>
                        <i>0.32673 0.940817 -0.0900541 0.433051 -0.0643334 0.899071 0.840068 -0.332752 -0.428442 -1.37628 3.11608 -1.41595</i>
                        <i>0.331588 0.93887 -0.0925878 0.433797 -0.0645819 0.898693 0.837776 -0.33816 -0.428693 -1.37492 3.11563 -1.41676</i>
                        <i>0.336928 0.936773 -0.0945272 0.431406 -0.0643608 0.899859 0.83688 -0.343967 -0.425814 -1.37457 3.11514 -1.4171</i>
                        <i>0.340433 0.935523 -0.0943554 0.424233 -0.0632672 0.90334 0.839126 -0.347555 -0.418418 -1.37659 3.11485 -1.41622</i>
                        <i>0.34206 0.935165 -0.0919882 0.41068 -0.060728 0.909755 0.845184 -0.348969 -0.404826 -1.3817 3.11473 -1.41391</i>
                        <i>0.343143 0.935079 -0.0887677 0.391337 -0.0564124 0.918517 0.853878 -0.349921 -0.385288 -1.38909 3.11453 -1.41082</i>
                        <i>0.343458 0.935272 -0.0854583 0.367894 -0.0502603 0.928509 0.864113 -0.350343 -0.361343 -1.3979 3.11419 -1.40754</i>
                        <i>0.343139 0.935638 -0.0826828 0.342184 -0.0425432 0.938669 0.874737 -0.350387 -0.334759 -1.40725 3.11363 -1.40454</i>
                        <i>0.342826 0.935912 -0.0808666 0.316053 -0.0338477 0.948138 0.884636 -0.350604 -0.307402 -1.41624 3.11278 -1.40208</i>
                        <i>0.343602 0.935685 -0.0801986 0.29118 -0.0249576 0.956343 0.892834 -0.351953 -0.281028 -1.42407 3.11161 -1.40026</i>
                        <i>0.347222 0.934301 -0.0807445 0.269032 -0.016759 0.962985 0.898365 -0.356092 -0.257176 -1.42983 3.11012 -1.39906</i>
                        <i>0.352869 0.932085 -0.0818607 0.250901 -0.00997469 0.967961 0.901406 -0.362102 -0.237381 -1.43341 3.10854 -1.39829</i>
                        <i>0.357994 0.930044 -0.0828207 0.238512 -0.00532955 0.971125 0.902747 -0.36741 -0.223735 -1.4352 3.10731 -1.39783</i>
                        <i>0.36022 0.929148 -0.0832148 0.233932 -0.00361807 0.972246 0.90306 -0.369689 -0.218661 -1.43568 3.10682 -1.39767</i>
                    </KeyFrames>
                </p>
            </i>
            <i>
                <p>
                    <Name><![CDATA[spine2]]></Name>
                    <Exclude>0</Exclude>
                    <Additive>0</Additive>
                    <IKPriority>0</IKPriority>
                    <IKRotLimits>-1e+010 -1e+010 -1e+010 1e+010 1e+010 1e+010</IKRotLimits>
                    <IKRotLimitOrder>0</IKRotLimitOrder>
                    <KeyFrames count="60">
                        <i>0.648262 0.747128 -0.146819 0.139518 0.0730044 0.987525 0.748526 -0.660658 -0.0569118 -1.37159 3.2708 -1.41234</i>
                        <i>0.643312 0.750807 -0.149796 0.148484 0.0695879 0.986464 0.751068 -0.656846 -0.0667158 -1.37025 3.27072 -1.41255</i>
                        <i>0.62949 0.760892 -0.157434 0.173058 0.0602325 0.983068 0.757492 -0.646077 -0.0937627 -1.3666 3.27047 -1.4132</i>
                        <i>0.608111 0.775997 -0.167421 0.209802 0.0462987 0.976647 0.765626 -0.629035 -0.134651 -1.36117 3.27006 -1.41436</i>
                        <i>0.580586 0.794644 -0.177371 0.255178 0.0292798 0.966451 0.773177 -0.606369 -0.185776 -1.35454 3.26952 -1.41612</i>
                        <i>0.548782 0.815168 -0.185309 0.305422 0.0108353 0.952155 0.778174 -0.579123 -0.243024 -1.34729 3.26886 -1.41847</i>
                        <i>0.515197 0.83573 -0.190073 0.356548 -0.00731974 0.934248 0.779388 -0.549092 -0.301749 -1.34003 3.26817 -1.42131</i>
                        <i>0.482939 0.854439 -0.191581 0.404484 -0.0236297 0.91424 0.776636 -0.519013 -0.357019 -1.33337 3.26749 -1.42438</i>
                        <i>0.455527 0.869521 -0.190862 0.445276 -0.0368983 0.894633 0.77086 -0.492515 -0.403985 -1.32784 3.26691 -1.42732</i>
                        <i>0.436597 0.879413 -0.189779 0.475247 -0.0463323 0.878632 0.763887 -0.4738 -0.438167 -1.32395 3.26648 -1.42965</i>
                        <i>0.431985 0.881263 -0.191738 0.490046 -0.0508818 0.87021 0.757128 -0.469879 -0.45384 -1.32217 3.26631 -1.4309</i>
                        <i>0.440696 0.875646 -0.197562 0.491584 -0.0512703 0.86932 0.751087 -0.480223 -0.453049 -1.32219 3.26637 -1.43111</i>
                        <i>0.455924 0.866145 -0.204756 0.48563 -0.0493041 0.872773 0.745853 -0.497354 -0.443105 -1.32327 3.26656 -1.43069</i>
                        <i>0.471008 0.856553 -0.210875 0.477854 -0.0468109 0.877191 0.741489 -0.513932 -0.431356 -1.3247 3.26675 -1.43005</i>
                        <i>0.479613 0.850962 -0.21409 0.473909 -0.0458615 0.879379 0.7385 -0.523221 -0.425275 -1.3258 3.26676 -1.42957</i>
                        <i>0.479356 0.851331 -0.2132 0.473874 -0.0466037 0.879358 0.738689 -0.522555 -0.425763 -1.32645 3.26658 -1.42925</i>
                        <i>0.473286 0.855757 -0.209 0.474041 -0.0474429 0.879223 0.742486 -0.515199 -0.428118 -1.32686 3.26636 -1.42892</i>
                        <i>0.463029 0.862829 -0.202808 0.474369 -0.0479523 0.879019 0.748718 -0.503217 -0.431503 -1.32674 3.26622 -1.42877</i>
                        <i>0.451527 0.870362 -0.19645 0.474746 -0.047931 0.878816 0.755473 -0.490074 -0.434844 -1.3261 3.2662 -1.42887</i>
                        <i>0.443012 0.87565 -0.192296 0.475032 -0.047366 0.878693 0.760319 -0.480618 -0.436945 -1.32514 3.2663 -1.42918</i>
                        <i>0.441151 0.876594 -0.192273 0.475133 -0.046381 0.878691 0.761337 -0.478991 -0.43696 -1.32415 3.26647 -1.42965</i>
                        <i>0.446092 0.873268 -0.195972 0.475051 -0.0454602 0.878783 0.758505 -0.485115 -0.435126 -1.32354 3.26663 -1.43007</i>
                        <i>0.456358 0.866542 -0.202095 0.474794 -0.0450599 0.878943 0.752534 -0.497066 -0.431993 -1.32362 3.26672 -1.43025</i>
                        <i>0.46775 0.85897 -0.20828 0.474456 -0.0451984 0.879118 0.745722 -0.510027 -0.428685 -1.32425 3.26672 -1.43017</i>
                        <i>0.475687 0.853668 -0.212069 0.474172 -0.0458009 0.87924 0.740866 -0.5188 -0.426573 -1.32517 3.2666 -1.42989</i>
                        <i>0.476966 0.85302 -0.211802 0.474068 -0.0467613 0.879246 0.74011 -0.519779 -0.426693 -1.32612 3.26638 -1.42944</i>
                        <i>0.472031 0.856661 -0.208132 0.474172 -0.0476813 0.87914 0.743201 -0.513672 -0.428712 -1.32674 3.26617 -1.42902</i>
                        <i>0.46251 0.863214 -0.202353 0.474446 -0.048163 0.878966 0.74899 -0.502536 -0.431824 -1.32673 3.26608 -1.42881</i>
                        <i>0.451754 0.870251 -0.196421 0.474766 -0.0481052 0.878796 0.755325 -0.490253 -0.434898 -1.32618 3.26613 -1.42885</i>
                        <i>0.443794 0.875187 -0.192602 0.475006 -0.0474925 0.8787 0.75988 -0.481449 -0.436795 -1.32529 3.26627 -1.42912</i>
                        <i>0.442114 0.876015 -0.192696 0.475065 -0.0464673 0.878723 0.760821 -0.480039 -0.436708 -1.32438 3.2665 -1.42953</i>
                        <i>0.446934 0.872755 -0.196339 0.474939 -0.045506 0.878841 0.758078 -0.486034 -0.434844 -1.32385 3.26673 -1.42987</i>
                        <i>0.459437 0.864621 -0.203343 0.474554 -0.0454284 0.879053 0.75081 -0.500367 -0.431181 -1.32444 3.26682 -1.42982</i>
                        <i>0.474027 0.854886 -0.210874 0.474062 -0.0459693 0.879291 0.742 -0.516775 -0.427059 -1.32566 3.26676 -1.42951</i>
                        <i>0.481507 0.849712 -0.214802 0.473826 -0.0461955 0.879406 0.737319 -0.525219 -0.424859 -1.32619 3.26668 -1.42942</i>
                        <i>0.480039 0.850716 -0.214115 0.473914 -0.0460928 0.879364 0.73822 -0.523601 -0.425292 -1.32593 3.26666 -1.42954</i>
                        <i>0.476208 0.853313 -0.212326 0.47414 -0.0458216 0.879257 0.740552 -0.519381 -0.42641 -1.32526 3.26661 -1.42985</i>
                        <i>0.470865 0.856888 -0.209834 0.474448 -0.0454362 0.87911 0.743765 -0.513497 -0.427943 -1.32433 3.26654 -1.43027</i>
                        <i>0.464903 0.860809 -0.207058 0.474783 -0.044997 0.878952 0.747293 -0.506935 -0.429616 -1.3233 3.26646 -1.43073</i>
                        <i>0.459302 0.86443 -0.204454 0.475089 -0.0445762 0.878808 0.750555 -0.500772 -0.431155 -1.32235 3.26638 -1.43117</i>
                        <i>0.455126 0.867091 -0.202516 0.475311 -0.0442577 0.878704 0.752953 -0.496179 -0.432281 -1.32165 3.26632 -1.43149</i>
                        <i>0.453489 0.868125 -0.201756 0.475398 -0.0441318 0.878663 0.753886 -0.494379 -0.432718 -1.32138 3.2663 -1.43161</i>
                        <i>0.45884 0.864413 -0.205564 0.476901 -0.0443888 0.877836 0.749688 -0.50082 -0.432607 -1.322 3.26677 -1.43126</i>
                        <i>0.469116 0.857028 -0.21315 0.48077 -0.045375 0.875672 0.740804 -0.513268 -0.43332 -1.32321 3.26761 -1.43061</i>
                        <i>0.478682 0.849746 -0.220896 0.485744 -0.0467285 0.872851 0.73138 -0.525117 -0.435127 -1.3243 3.26844 -1.43003</i>
                        <i>0.482226 0.846645 -0.225057 0.49058 -0.0481378 0.870066 0.725803 -0.529977 -0.43856 -1.32457 3.26883 -1.42989</i>
                        <i>0.474147 0.852136 -0.221471 0.494099 -0.0493331 0.868005 0.728732 -0.520991 -0.444431 -1.32331 3.26832 -1.43065</i>
                        <i>0.459383 0.862484 -0.21234 0.494364 -0.0496545 0.867836 0.737951 -0.503643 -0.449191 -1.32128 3.26726 -1.43184</i>
                        <i>0.448754 0.870117 -0.203754 0.488961 -0.0482224 0.870972 0.748022 -0.490479 -0.447094 -1.32008 3.26638 -1.43248</i>
                        <i>0.453489 0.868125 -0.201756 0.475398 -0.0441318 0.878663 0.753886 -0.494379 -0.432718 -1.32138 3.2663 -1.43161</i>
                        <i>0.476823 0.854468 -0.206212 0.450881 -0.0363758 0.891843 0.75455 -0.518228 -0.402608 -1.3258 3.26716 -1.42901</i>
                        <i>0.510804 0.833404 -0.210992 0.416261 -0.025026 0.9089 0.752201 -0.552098 -0.359697 -1.33238 3.26856 -1.42554</i>
                        <i>0.549935 0.807665 -0.212717 0.374611 -0.010893 0.927118 0.746484 -0.589541 -0.308551 -1.34034 3.27028 -1.42189</i>
                        <i>0.588873 0.780641 -0.20935 0.329116 0.00496625 0.944277 0.738181 -0.62496 -0.253997 -1.34883 3.27206 -1.41861</i>
                        <i>0.622778 0.756251 -0.20058 0.282927 0.0213369 0.958904 0.729452 -0.653934 -0.200676 -1.35697 3.27354 -1.41603</i>
                        <i>0.647512 0.738583 -0.187678 0.239007 0.0370242 0.970312 0.723604 -0.673145 -0.152553 -1.36388 3.27434 -1.41425</i>
                        <i>0.658298 0.732661 -0.17278 0.200045 0.0510043 0.978458 0.72569 -0.67868 -0.112989 -1.36847 3.27397 -1.41324</i>
                        <i>0.657407 0.736494 -0.159349 0.168542 0.062396 0.983718 0.734445 -0.67356 -0.0831103 -1.37076 3.27272 -1.41271</i>
                        <i>0.651721 0.743445 -0.150166 0.147314 0.0701412 0.9866 0.744015 -0.665109 -0.0638074 -1.37153 3.2714 -1.41243</i>
                        <i>0.648262 0.747128 -0.146819 0.139518 0.0730044 0.987525 0.748526 -0.660658 -0.0569118 -1.37159 3.2708 -1.41234</i>
                    </KeyFrames>
                </p>
            </i>
            <i>
                <p>
                    <Name><![CDATA[head]]></Name>
                    <Exclude>0</Exclude>
                    <Additive>0</Additive>
                    <IKPriority>0</IKPriority>
                    <IKRotLimits>-1e+010 -1e+010 -1e+010 1e+010 1e+010 1e+010</IKRotLimits>
                    <IKRotLimitOrder>0</IKRotLimitOrder>
                    <KeyFrames count="60">
                        <i>0.359047 0.931729 -0.0544555 -0.564344 0.170261 -0.807791 -0.743371 0.320767 0.586948 -1.20126 3.47611 -1.4502</i>
                        <i>0.455067 0.886954 0.0789114 -0.773355 0.437596 -0.458729 -0.441403 0.147726 0.885066 -1.20184 3.47704 -1.45129</i>
                        <i>0.629865 0.775395 -0.0450811 -0.764733 0.629263 0.138606 0.135842 -0.0528278 0.989321 -1.20349 3.47952 -1.45414</i>
                        <i>0.545627 0.822193 -0.162145 -0.726106 0.560423 0.398367 0.418405 -0.0996254 0.90278 -1.20613 3.48306 -1.45803</i>
                        <i>0.39367 0.898203 -0.19559 -0.67264 0.426486 0.604702 0.626562 -0.106492 0.772062 -1.20961 3.48716 -1.46224</i>
                        <i>0.241745 0.957668 -0.156304 -0.589159 0.272854 0.760553 0.771006 -0.0917719 0.63018 -1.21369 3.49136 -1.46617</i>
                        <i>0.137529 0.985456 -0.099811 -0.477458 0.154245 0.86501 0.867825 -0.0713081 0.491726 -1.21801 3.49527 -1.46941</i>
                        <i>0.0839651 0.994141 -0.0680717 -0.398323 0.0961032 0.912197 0.913394 -0.0494782 0.404058 -1.22211 3.49859 -1.47182</i>
                        <i>0.0527836 0.997282 -0.0513961 -0.378906 0.0676204 0.922961 0.923928 -0.029243 0.381446 -1.2255 3.50112 -1.47348</i>
                        <i>0.0334027 0.998674 -0.0391814 -0.368931 0.0487552 0.928177 0.928856 -0.0165484 0.37007 -1.2277 3.50273 -1.47463</i>
                        <i>0.0273377 0.999088 -0.0328022 -0.35336 0.0403543 0.934617 0.935088 -0.0139592 0.354141 -1.22754 3.50303 -1.47598</i>
                        <i>0.0375539 0.998565 -0.0381647 -0.35058 0.0489295 0.935254 0.935779 -0.0217426 0.351915 -1.22505 3.50212 -1.47784</i>
                        <i>0.0554881 0.997244 -0.0492483 -0.355042 0.0658075 0.932531 0.933202 -0.0342591 0.357715 -1.22156 3.50062 -1.47971</i>
                        <i>0.0726738 0.995554 -0.0599231 -0.361311 0.0822807 0.928808 0.929609 -0.0458492 0.365684 -1.21846 3.49917 -1.48109</i>
                        <i>0.0803747 0.994666 -0.0646435 -0.364449 0.0896885 0.926894 0.927748 -0.0509396 0.369714 -1.21712 3.49852 -1.48162</i>
                        <i>0.0758783 0.99514 -0.0627649 -0.36493 0.0862945 0.927027 0.927938 -0.0474365 0.369704 -1.2182 3.49897 -1.4809</i>
                        <i>0.0650021 0.996199 -0.0579888 -0.366055 0.0778652 0.92733 0.92832 -0.0390514 0.369725 -1.2208 3.50004 -1.47918</i>
                        <i>0.0516694 0.99733 -0.0516057 -0.367347 0.0670323 0.927665 0.928648 -0.0289747 0.36983 -1.22391 3.50128 -1.47712</i>
                        <i>0.0398185 0.998197 -0.0449066 -0.368402 0.0564421 0.927951 0.928813 -0.020406 0.369986 -1.22655 3.50229 -1.47538</i>
                        <i>0.0334027 0.998674 -0.0391814 -0.368931 0.0487552 0.928177 0.928856 -0.0165483 0.37007 -1.2277 3.50273 -1.47463</i>
                        <i>0.0343033 0.998841 -0.0337499 -0.3689 0.0440397 0.928425 0.928836 -0.0193978 0.369983 -1.22672 3.50237 -1.47529</i>
                        <i>0.0398951 0.998818 -0.0277523 -0.368629 0.0405277 0.928693 0.92872 -0.02682 0.36981 -1.22426 3.50144 -1.47693</i>
                        <i>0.0473706 0.99863 -0.0222087 -0.368369 0.0381317 0.928898 0.928472 -0.0358214 0.36967 -1.22132 3.50029 -1.47889</i>
