<?xml version="1.0" encoding="ISO-8859-1" ?>
<Animl Version="1">
    <ModellingPackage><![CDATA[Maya.2010]]></ModellingPackage>
    <SrcFile><![CDATA[anims\turrets\artillery\blue\~src\artillery_m102\artillery_m102_fire_crewman_c.mb]]></SrcFile>
    <FramesPerSecond>30</FramesPerSecond>
    <TotalFrames>40</TotalFrames>
    <Skeleton>
        <RefFrame>
            <Name><![CDATA[soldier_ref_frame]]></Name>
            <Exclude>0</Exclude>
            <Additive>0</Additive>
            <IKPriority>0</IKPriority>
            <IKRotLimits>-1e+010 -1e+010 -1e+010 1e+010 1e+010 1e+010</IKRotLimits>
            <IKRotLimitOrder>0</IKRotLimitOrder>
            <KeyFrames count="40">
                <i>1 0 0 0 1 0 0 0 1 -2.69 1.33 -1.56</i>
                <i>1 0 0 0 1 0 0 0 1 -2.69 1.33 -1.56</i>
                <i>1 0 0 0 1 0 0 0 1 -2.69 1.33 -1.56</i>
                <i>1 0 0 0 1 0 0 0 1 -2.69 1.33 -1.56</i>
                <i>1 0 0 0 1 0 0 0 1 -2.69 1.33 -1.56</i>
                <i>1 0 0 0 1 0 0 0 1 -2.69 1.33 -1.56</i>
                <i>1 0 0 0 1 0 0 0 1 -2.69 1.33 -1.56</i>
                <i>1 0 0 0 1 0 0 0 1 -2.69 1.33 -1.56</i>
                <i>1 0 0 0 1 0 0 0 1 -2.69 1.33 -1.56</i>
                <i>1 0 0 0 1 0 0 0 1 -2.69 1.33 -1.56</i>
                <i>1 0 0 0 1 0 0 0 1 -2.69 1.33 -1.56</i>
                <i>1 0 0 0 1 0 0 0 1 -2.69 1.33 -1.56</i>
                <i>1 0 0 0 1 0 0 0 1 -2.69 1.33 -1.56</i>
                <i>1 0 0 0 1 0 0 0 1 -2.69 1.33 -1.56</i>
                <i>1 0 0 0 1 0 0 0 1 -2.69 1.33 -1.56</i>
                <i>1 0 0 0 1 0 0 0 1 -2.69 1.33 -1.56</i>
                <i>1 0 0 0 1 0 0 0 1 -2.69 1.33 -1.56</i>
                <i>1 0 0 0 1 0 0 0 1 -2.69 1.33 -1.56</i>
                <i>1 0 0 0 1 0 0 0 1 -2.69 1.33 -1.56</i>
                <i>1 0 0 0 1 0 0 0 1 -2.69 1.33 -1.56</i>
                <i>1 0 0 0 1 0 0 0 1 -2.69 1.33 -1.56</i>
                <i>1 0 0 0 1 0 0 0 1 -2.69 1.33 -1.56</i>
                <i>1 0 0 0 1 0 0 0 1 -2.69 1.33 -1.56</i>
                <i>1 0 0 0 1 0 0 0 1 -2.69 1.33 -1.56</i>
                <i>1 0 0 0 1 0 0 0 1 -2.69 1.33 -1.56</i>
                <i>1 0 0 0 1 0 0 0 1 -2.69 1.33 -1.56</i>
                <i>1 0 0 0 1 0 0 0 1 -2.69 1.33 -1.56</i>
                <i>1 0 0 0 1 0 0 0 1 -2.69 1.33 -1.56</i>
                <i>1 0 0 0 1 0 0 0 1 -2.69 1.33 -1.56</i>
                <i>1 0 0 0 1 0 0 0 1 -2.69 1.33 -1.56</i>
                <i>1 0 0 0 1 0 0 0 1 -2.69 1.33 -1.56</i>
                <i>1 0 0 0 1 0 0 0 1 -2.69 1.33 -1.56</i>
                <i>1 0 0 0 1 0 0 0 1 -2.69 1.33 -1.56</i>
                <i>1 0 0 0 1 0 0 0 1 -2.69 1.33 -1.56</i>
                <i>1 0 0 0 1 0 0 0 1 -2.69 1.33 -1.56</i>
                <i>1 0 0 0 1 0 0 0 1 -2.69 1.33 -1.56</i>
                <i>1 0 0 0 1 0 0 0 1 -2.69 1.33 -1.56</i>
                <i>1 0 0 0 1 0 0 0 1 -2.69 1.33 -1.56</i>
                <i>1 0 0 0 1 0 0 0 1 -2.69 1.33 -1.56</i>
                <i>1 0 0 0 1 0 0 0 1 -2.69 1.33 -1.56</i>
            </KeyFrames>
        </RefFrame>
        <Bones count="23">
            <i>
                <p>
                    <Name><![CDATA[pelvis]]></Name>
                    <Exclude>0</Exclude>
                    <Additive>0</Additive>
                    <IKPriority>0</IKPriority>
                    <IKRotLimits>-1e+010 -1e+010 -1e+010 1e+010 1e+010 1e+010</IKRotLimits>
                    <IKRotLimitOrder>2</IKRotLimitOrder>
                    <KeyFrames count="40">
                        <i>1 0 0 0 1 0 0 0 1 -2.69454 2.42474 -1.52346</i>
                        <i>1 0 0 0 1 0 0 0 1 -2.70667 2.421 -1.52052</i>
                        <i>1 0 0 0 1 0 0 0 1 -2.73164 2.40972 -1.5149</i>
                        <i>1 0 0 0 1 0 0 0 1 -2.75232 2.39077 -1.51139</i>
                        <i>1 0 0 0 1 0 0 0 1 -2.76575 2.36405 -1.51063</i>
                        <i>1 0 0 0 1 0 0 0 1 -2.78009 2.32945 -1.51006</i>
                        <i>1 0 0 0 1 0 0 0 1 -2.79488 2.28686 -1.50968</i>
                        <i>1 0 0 0 1 0 0 0 1 -2.80965 2.23615 -1.50946</i>
                        <i>1 0 0 0 1 0 0 0 1 -2.82396 2.17723 -1.5094</i>
                        <i>1 0 0 0 1 0 0 0 1 -2.83733 2.22022 -1.50947</i>
                        <i>1 0 0 0 1 0 0 0 1 -2.84931 2.25714 -1.50966</i>
                        <i>1 0 0 0 1 0 0 0 1 -2.85943 2.28722 -1.50997</i>
                        <i>1 0 0 0 1 0 0 0 1 -2.86724 2.30967 -1.51036</i>
                        <i>1 0 0 0 1 0 0 0 1 -2.87228 2.3237 -1.51084</i>
                        <i>1 0 0 0 1 0 0 0 1 -2.87409 2.32853 -1.51139</i>
                        <i>1 0 0 0 1 0 0 0 1 -2.87181 2.32938 -1.51212</i>
                        <i>1 0 0 0 1 0 0 0 1 -2.86539 2.3317 -1.51312</i>
                        <i>1 0 0 0 1 0 0 0 1 -2.85556 2.3351 -1.51433</i>
                        <i>1 0 0 0 1 0 0 0 1 -2.84305 2.33917 -1.51569</i>
                        <i>1 0 0 0 1 0 0 0 1 -2.82861 2.34351 -1.51714</i>
                        <i>1 0 0 0 1 0 0 0 1 -2.81297 2.34793 -1.5186</i>
                        <i>1 0 0 0 1 0 0 0 1 -2.79686 2.35272 -1.52003</i>
                        <i>1 0 0 0 1 0 0 0 1 -2.78103 2.35814 -1.52136</i>
                        <i>1 0 0 0 1 0 0 0 1 -2.7662 2.36444 -1.52252</i>
                        <i>1 0 0 0 1 0 0 0 1 -2.75311 2.3719 -1.52346</i>
                        <i>1 0 0 0 1 0 0 0 1 -2.73936 2.38259 -1.52397</i>
                        <i>1 0 0 0 1 0 0 0 1 -2.72388 2.39635 -1.52404</i>
                        <i>1 0 0 0 1 0 0 0 1 -2.70941 2.41004 -1.52384</i>
                        <i>1 0 0 0 1 0 0 0 1 -2.69872 2.42054 -1.52359</i>
                        <i>1 0 0 0 1 0 0 0 1 -2.69454 2.42474 -1.52346</i>
                        <i>1 0 0 0 1 0 0 0 1 -2.69454 2.42474 -1.52346</i>
                        <i>1 0 0 0 1 0 0 0 1 -2.69454 2.42474 -1.52346</i>
                        <i>1 0 0 0 1 0 0 0 1 -2.69454 2.42474 -1.52346</i>
                        <i>1 0 0 0 1 0 0 0 1 -2.69454 2.42474 -1.52346</i>
                        <i>1 0 0 0 1 0 0 0 1 -2.69454 2.42474 -1.52346</i>
                        <i>1 0 0 0 1 0 0 0 1 -2.69454 2.42474 -1.52346</i>
                        <i>1 0 0 0 1 0 0 0 1 -2.69454 2.42474 -1.52346</i>
                        <i>1 0 0 0 1 0 0 0 1 -2.69454 2.42474 -1.52346</i>
                        <i>1 0 0 0 1 0 0 0 1 -2.69454 2.42474 -1.52346</i>
                        <i>1 0 0 0 1 0 0 0 1 -2.69454 2.42474 -1.52346</i>
                    </KeyFrames>
                </p>
            </i>
            <i>
                <p>
                    <Name><![CDATA[spine0]]></Name>
                    <Exclude>0</Exclude>
                    <Additive>0</Additive>
                    <IKPriority>0</IKPriority>
                    <IKRotLimits>-1e+010 -1e+010 -1e+010 1e+010 1e+010 1e+010</IKRotLimits>
                    <IKRotLimitOrder>0</IKRotLimitOrder>
                    <KeyFrames count="40">
                        <i>-0.00704003 0.999819 0.0176594 -0.991727 -0.00924445 0.128034 0.128174 -0.0166119 0.991613 -2.70543 2.56159 -1.56645</i>
                        <i>-0.00278336 0.99986 0.016524 -0.986589 -0.0054424 0.163132 0.163199 -0.0158483 0.986466 -2.71949 2.55785 -1.56302</i>
                        <i>0.00701977 0.999885 0.0134694 -0.973348 0.00374456 0.229302 0.229225 -0.01472 0.973262 -2.74805 2.54651 -1.55631</i>
                        <i>0.0152115 0.999784 0.0141942 -0.963084 0.0108343 0.268981 0.26877 -0.0177619 0.963041 -2.77082 2.52752 -1.55206</i>
                        <i>0.0258031 0.998969 0.0373413 -0.964243 0.0150156 0.264595 0.263762 -0.0428334 0.963636 -2.78337 2.50054 -1.55254</i>
                        <i>0.0427643 0.995448 0.0851782 -0.969719 0.0208376 0.243333 0.24045 -0.0930049 0.966196 -2.79507 2.46527 -1.55506</i>
                        <i>0.056676 0.987959 0.143959 -0.975962 0.0244313 0.216565 0.21044 -0.152773 0.965596 -2.80647 2.42177 -1.55827</i>
                        <i>0.0629171 0.978625 0.195791 -0.980617 0.0241439 0.19444 0.185557 -0.20423 0.961176 -2.81829 2.3702 -1.56096</i>
                        <i>0.0632668 0.973763 0.218595 -0.982416 0.0222143 0.185378 0.175659 -0.22648 0.958045 -2.83132 2.31089 -1.56209</i>
                        <i>0.0588474 0.973635 0.220392 -0.982325 0.0171805 0.186394 0.177693 -0.227465 0.957437 -2.84476 2.35388 -1.56215</i>
                        <i>0.0495528 0.973354 0.22389 -0.981987 0.00655668 0.188834 0.182335 -0.229215 0.956146 -2.85689 2.39081 -1.56232</i>
                        <i>0.0379457 0.972843 0.228334 -0.98138 -0.00677484 0.191956 0.18829 -0.231366 0.954472 -2.86723 2.42089 -1.56259</i>
                        <i>0.0265506 0.972178 0.232735 -0.980594 -0.0199097 0.195034 0.194241 -0.233397 0.952783 -2.87524 2.44333 -1.56295</i>
                        <i>0.0178406 0.971621 0.235869 -0.979872 -0.0299219 0.197373 0.19883 -0.234642 0.95153 -2.88044 2.45737 -1.5634</i>
                        <i>0.0142297 0.971548 0.236413 -0.979554 -0.0339073 0.198302 0.200677 -0.234402 0.951202 -2.88232 2.4622 -1.56394</i>
                        <i>0.0141648 0.974212 0.225189 -0.980114 -0.0310521 0.195989 0.197927 -0.223487 0.954399 -2.88008 2.46315 -1.5644</i>
                        <i>0.0132552 0.979835 0.199367 -0.981481 -0.0253563 0.189875 0.191101 -0.198191 0.961353 -2.87379 2.46575 -1.56466</i>
                        <i>0.0102955 0.985838 0.167382 -0.983231 -0.0204989 0.181211 0.182076 -0.166441 0.969095 -2.86417 2.46955 -1.56479</i>
                        <i>0.00585663 0.990603 0.136643 -0.985091 -0.0177794 0.171114 0.171936 -0.135608 0.97573 -2.85197 2.47408 -1.56484</i>
                        <i>0.00194934 0.993634 0.11264 -0.986893 -0.0162645 0.160554 0.161364 -0.111476 0.980579 -2.8379 2.4789 -1.56486</i>
                        <i>-0.000564969 0.995504 0.0947136 -0.988512 -0.0148714 0.150412 0.151144 -0.0935406 0.984076 -2.82269 2.48379 -1.56491</i>
                        <i>-0.00203058 0.996837 0.0794456 -0.989854 -0.0132907 0.141464 0.142072 -0.0783523 0.98675 -2.80701 2.48898 -1.56505</i>
                        <i>-0.00244815 0.997741 0.0671365 -0.990864 -0.0114732 0.134376 0.134842 -0.0661942 0.988654 -2.79155 2.49471 -1.56532</i>
                        <i>-0.00227579 0.998286 0.0584866 -0.991502 -0.00986016 0.129719 0.130073 -0.0576943 0.989824 -2.77699 2.50122 -1.56577</i>
                        <i>-0.00219736 0.998513 0.0544693 -0.991727 -0.00916684 0.128036 0.128345 -0.0537374 0.990273 -2.764 2.50875 -1.56645</i>
                        <i>-0.0028359 0.998763 0.0496419 -0.991727 -0.00917972 0.128036 0.128333 -0.0488681 0.990526 -2.75025 2.51945 -1.56696</i>
                        <i>-0.00408148 0.999186 0.0401375 -0.991727 -0.00919421 0.128035 0.1283 -0.0392829 0.990957 -2.73477 2.5332 -1.56703</i>
                        <i>-0.00548028 0.99955 0.0294834 -0.991727 -0.00921398 0.128035 0.128249 -0.0285378 0.991331 -2.7203 2.54689 -1.56684</i>
                        <i>-0.00659254 0.999757 0.0210447 -0.991727 -0.00923467 0.128034 0.128197 -0.0200265 0.991547 -2.70961 2.5574 -1.56658</i>
                        <i>-0.00704003 0.999819 0.0176594 -0.991727 -0.00924445 0.128034 0.128174 -0.0166119 0.991613 -2.70543 2.56159 -1.56645</i>
                        <i>-0.00704003 0.999819 0.0176594 -0.991727 -0.00924445 0.128034 0.128174 -0.0166119 0.991613 -2.70543 2.56159 -1.56645</i>
                        <i>-0.00704003 0.999819 0.0176594 -0.991727 -0.00924445 0.128034 0.128174 -0.0166119 0.991613 -2.70543 2.56159 -1.56645</i>
                        <i>-0.00704003 0.999819 0.0176594 -0.991727 -0.00924445 0.128034 0.128174 -0.0166119 0.991613 -2.70543 2.56159 -1.56645</i>
                        <i>-0.00704003 0.999819 0.0176594 -0.991727 -0.00924445 0.128034 0.128174 -0.0166119 0.991613 -2.70543 2.56159 -1.56645</i>
                        <i>-0.00704003 0.999819 0.0176594 -0.991727 -0.00924445 0.128034 0.128174 -0.0166119 0.991613 -2.70543 2.56159 -1.56645</i>
                        <i>-0.00704003 0.999819 0.0176594 -0.991727 -0.00924445 0.128034 0.128174 -0.0166119 0.991613 -2.70543 2.56159 -1.56645</i>
                        <i>-0.00704003 0.999819 0.0176594 -0.991727 -0.00924445 0.128034 0.128174 -0.0166119 0.991613 -2.70543 2.56159 -1.56645</i>
                        <i>-0.00704003 0.999819 0.0176594 -0.991727 -0.00924445 0.128034 0.128174 -0.0166119 0.991613 -2.70543 2.56159 -1.56645</i>
                        <i>-0.00704003 0.999819 0.0176594 -0.991727 -0.00924445 0.128034 0.128174 -0.0166119 0.991613 -2.70543 2.56159 -1.56645</i>
                        <i>-0.00704003 0.999819 0.0176594 -0.991727 -0.00924445 0.128034 0.128174 -0.0166119 0.991613 -2.70543 2.56159 -1.56645</i>
                    </KeyFrames>
                </p>
            </i>
            <i>
                <p>
                    <Name><![CDATA[spine1]]></Name>
                    <Exclude>0</Exclude>
                    <Additive>0</Additive>
                    <IKPriority>0</IKPriority>
                    <IKRotLimits>-1e+010 -1e+010 -1e+010 1e+010 1e+010 1e+010</IKRotLimits>
                    <IKRotLimitOrder>0</IKRotLimitOrder>
                    <KeyFrames count="40">
                        <i>0.0469398 0.987625 0.149646 -0.990864 0.027075 0.132118 0.126432 -0.154481 0.979873 -2.70666 2.73546 -1.56339</i>
                        <i>0.0587828 0.984595 0.164671 -0.986363 0.0318831 0.161468 0.153731 -0.171917 0.973042 -2.71998 2.7322 -1.56015</i>
                        <i>0.0897718 0.977373 0.19153 -0.974603 0.0465942 0.219037 0.205156 -0.206329 0.956734 -2.74682 2.722 -1.55397</i>
                        <i>0.118272 0.969653 0.213972 -0.964907 0.0613512 0.255324 0.234449 -0.236661 0.942882 -2.76815 2.70384 -1.54959</i>
                        <i>0.139254 0.948932 0.283083 -0.968096 0.0703189 0.240509 0.208321 -0.307543 0.92845 -2.7788 2.67794 -1.54594</i>
                        <i>0.158206 0.89624 0.414398 -0.977623 0.0832439 0.193194 0.138652 -0.435689 0.889354 -2.78736 2.64505 -1.53973</i>
                        <i>0.157529 0.817623 0.553784 -0.98605 0.0997067 0.133282 0.0537585 -0.567054 0.821924 -2.79602 2.60433 -1.53175</i>
                        <i>0.139627 0.74152 0.656241 -0.990074 0.115295 0.0803781 -0.0160591 -0.66095 0.750258 -2.80644 2.55489 -1.52412</i>
                        <i>0.123818 0.707539 0.695743 -0.991183 0.121514 0.0528216 -0.0471694 -0.696149 0.716346 -2.81929 2.49636 -1.52057</i>
                        <i>0.107643 0.707081 0.698891 -0.99325 0.107047 0.0446791 -0.0432223 -0.698983 0.713831 -2.83357 2.53933 -1.52029</i>
                        <i>0.0788656 0.705684 0.704124 -0.996593 0.0729176 0.0385446 -0.0241427 -0.704764 0.70903 -2.84748 2.57623 -1.51978</i>
                        <i>0.0449623 0.702757 0.710008 -0.998979 0.028537 0.0350164 0.0043465 -0.710858 0.703322 -2.86002 2.60626 -1.51919</i>
                        <i>0.0134091 0.698708 0.715281 -0.999252 -0.0165911 0.0349393 0.0362797 -0.715215 0.697963 -2.87021 2.62866 -1.5187</i>
                        <i>-0.00842718 0.695123 0.718842 -0.997813 -0.052973 0.0395274 0.0655556 -0.716937 0.694049 -2.87707 2.64266 -1.51854</i>
                        <i>-0.0133159 0.694232 0.719628 -0.996193 -0.0712209 0.0502742 0.0861545 -0.716219 0.692538 -2.87963 2.6475 -1.51897</i>
                        <i>-0.00193999 0.712659 0.701508 -0.99468 -0.0736255 0.0720451 0.102992 -0.697636 0.709011 -2.87741 2.6481 -1.52176</i>
                        <i>0.0145775 0.756604 0.65371 -0.99211 -0.0704726 0.103689 0.12452 -0.650064 0.749608 -2.87132 2.6496 -1.52735</i>
                        <i>0.0286281 0.811695 0.583379 -0.988399 -0.0641012 0.137692 0.149159 -0.580553 0.800444 -2.86229 2.6516 -1.53396</i>
                        <i>0.0363335 0.864943 0.500554 -0.984459 -0.0551377 0.166735 0.171815 -0.498833 0.849497 -2.85092 2.65394 -1.54009</i>
                        <i>0.0388443 0.907455 0.41835 -0.982097 -0.0425599 0.183507 0.184329 -0.417989 0.889555 -2.83756 2.65657 -1.54476</i>
                        <i>0.0384622 0.939194 0.341227 -0.982715 -0.0263307 0.183242 0.181084 -0.342377 0.921947 -2.82279 2.65956 -1.54822</i>
                        <i>0.0380937 0.962959 0.266945 -0.985294 -0.00833381 0.170667 0.16657 -0.26952 0.94848 -2.80736 2.66325 -1.55118</i>
                        <i>0.0400317 0.978712 0.201299 -0.988234 0.00901787 0.152683 0.147617 -0.205043 0.967557 -2.79197 2.66794 -1.55368</i>
                        <i>0.0431162 0.987525 0.151442 -0.990399 0.0223202 0.136426 0.131344 -0.15587 0.979006 -2.77738 2.67386 -1.55567</i>
                        <i>0.0438941 0.991212 0.124789 -0.991239 0.0276348 0.129159 0.124576 -0.129365 0.983741 -2.76438 2.68117 -1.55705</i>
                        <i>0.0431631 0.991921 0.119293 -0.991229 0.0275891 0.129247 0.124911 -0.123825 0.984411 -2.75074 2.69193 -1.5584</i>
                        <i>0.0438161 0.991247 0.124537 -0.991138 0.0274832 0.129963 0.125403 -0.129128 0.983667 -2.73548 2.70597 -1.5601</i>
                        <i>0.0451224 0.989821 0.134978 -0.991016 0.0273232 0.130925 0.125905 -0.139673 0.982161 -2.72126 2.7201 -1.56174</i>
                        <i>0.0463804 0.988327 0.145114 -0.990909 0.0271553 0.131762 0.126283 -0.149906 0.980602 -2.71076 2.73105 -1.56294</i>
                        <i>0.0469398 0.987625 0.149646 -0.990864 0.027075 0.132118 0.126432 -0.154481 0.979873 -2.70666 2.73546 -1.56339</i>
                        <i>0.0469398 0.987625 0.149646 -0.990864 0.027075 0.132118 0.126432 -0.154481 0.979873 -2.70666 2.73546 -1.56339</i>
                        <i>0.0469398 0.987625 0.149646 -0.990864 0.027075 0.132118 0.126432 -0.154481 0.979873 -2.70666 2.73546 -1.56339</i>
                        <i>0.0469398 0.987625 0.149646 -0.990864 0.027075 0.132118 0.126432 -0.154481 0.979873 -2.70666 2.73546 -1.56339</i>
                        <i>0.0469398 0.987625 0.149646 -0.990864 0.027075 0.132118 0.126432 -0.154481 0.979873 -2.70666 2.73546 -1.56339</i>
                        <i>0.0469398 0.987625 0.149646 -0.990864 0.027075 0.132118 0.126432 -0.154481 0.979873 -2.70666 2.73546 -1.56339</i>
                        <i>0.0469398 0.987625 0.149646 -0.990864 0.027075 0.132118 0.126432 -0.154481 0.979873 -2.70666 2.73546 -1.56339</i>
                        <i>0.0469398 0.987625 0.149646 -0.990864 0.027075 0.132118 0.126432 -0.154481 0.979873 -2.70666 2.73546 -1.56339</i>
                        <i>0.0469398 0.987625 0.149646 -0.990864 0.027075 0.132118 0.126432 -0.154481 0.979873 -2.70666 2.73546 -1.56339</i>
                        <i>0.0469398 0.987625 0.149646 -0.990864 0.027075 0.132118 0.126432 -0.154481 0.979873 -2.70666 2.73546 -1.56339</i>
                        <i>0.0469398 0.987625 0.149646 -0.990864 0.027075 0.132118 0.126432 -0.154481 0.979873 -2.70666 2.73546 -1.56339</i>
                    </KeyFrames>
                </p>
            </i>
            <i>
                <p>
                    <Name><![CDATA[spine2]]></Name>
                    <Exclude>0</Exclude>
                    <Additive>0</Additive>
                    <IKPriority>0</IKPriority>
                    <IKRotLimits>-1e+010 -1e+010 -1e+010 1e+010 1e+010 1e+010</IKRotLimits>
                    <IKRotLimitOrder>0</IKRotLimitOrder>
                    <KeyFrames count="40">
                        <i>0.0659482 0.931673 0.357262 -0.990829 0.0188272 0.133803 0.117934 -0.36281 0.92437 -2.69914 2.89357 -1.53939</i>
                        <i>0.0766244 0.915633 0.394645 -0.987776 0.0158228 0.155076 0.135748 -0.401703 0.905653 -2.71054 2.89024 -1.53367</i>
                        <i>0.110473 0.878364 0.465051 -0.980074 0.0185591 0.197763 0.165077 -0.477632 0.862912 -2.73232 2.87986 -1.52296</i>
                        <i>0.145686 0.845917 0.51303 -0.973522 0.0302449 0.226583 0.176154 -0.532456 0.827925 -2.74894 2.86118 -1.51477</i>
                        <i>0.165839 0.800949 0.575307 -0.9772 0.0550392 0.205063 0.132581 -0.596197 0.791815 -2.75605 2.83292 -1.49958</i>
                        <i>0.174425 0.711338 0.680862 -0.984098 0.102349 0.145178 0.0335856 -0.695358 0.717879 -2.76112 2.79378 -1.47073</i>
                        <i>0.158876 0.600789 0.78346 -0.984096 0.160226 0.0766949 -0.0794537 -0.783186 0.616691 -2.76935 2.74301 -1.43745</i>
                        <i>0.127495 0.50604 0.853035 -0.977295 0.210842 0.0209903 -0.169234 -0.836343 0.521431 -2.78237 2.68318 -1.41005</i>
                        <i>0.102845 0.466247 0.878656 -0.972099 0.234334 -0.0105635 -0.210824 -0.853054 0.477338 -2.79781 2.61983 -1.39854</i>
                        <i>0.0797627 0.466228 0.881061 -0.974322 0.223167 -0.0298868 -0.210558 -0.856054 0.472057 -2.81492 2.66274 -1.3977</i>
                        <i>0.0432009 0.465362 0.884065 -0.980553 0.189312 -0.051736 -0.19144 -0.864638 0.464491 -2.83386 2.69939 -1.39627</i>
                        <i>0.0022244 0.462585 0.886572 -0.987185 0.142481 -0.0718653 -0.159564 -0.875051 0.456974 -2.85232 2.72894 -1.39462</i>
                        <i>-0.034029 0.458234 0.88818 -0.99203 0.0923899 -0.0856742 -0.121318 -0.884017 0.451438 -2.86801 2.75068 -1.39315</i>
                        <i>-0.0564846 0.454204 0.889105 -0.994918 0.0487362 -0.0881041 -0.0833489 -0.889564 0.449143 -2.87867 2.76409 -1.39232</i>
                        <i>-0.0561457 0.453138 0.88967 -0.997051 0.0212435 -0.0737423 -0.0523152 -0.891187 0.450609 -2.88206 2.76878 -1.3926</i>
                        <i>-0.0317744 0.478708 0.877399 -0.999356 -0.0005898 -0.0358691 -0.0166534 -0.877974 0.478418 -2.87783 2.77207 -1.39913</i>
                        <i>0.00334418 0.542663 0.839944 -0.999353 -0.0282572 0.022235 0.0358006 -0.839475 0.542217 -2.86884 2.77978 -1.41439</i>
                        <i>0.0367609 0.628072 0.777287 -0.994526 -0.0531387 0.0899727 0.0978133 -0.776339 0.62268 -2.85742 2.78917 -1.43472</i>
                        <i>0.0592079 0.71764 0.693893 -0.985765 -0.0675403 0.153964 0.157357 -0.693132 0.703425 -2.84481 2.79819 -1.45636</i>
                        <i>0.0674249 0.796509 0.600856 -0.977935 -0.0665899 0.198012 0.197729 -0.600949 0.774444 -2.83112 2.80572 -1.47584</i>
                        <i>0.0634478 0.860591 0.50533 -0.976361 -0.0513069 0.209966 0.206622 -0.506707 0.836992 -2.81649 2.81208 -1.4927</i>
                        <i>0.055367 0.911097 0.408457 -0.980085 -0.0285426 0.196519 0.190706 -0.411203 0.891372 -2.80119 2.81816 -1.50818</i>
                        <i>0.0498535 0.946448 0.318983 -0.985525 -0.00519881 0.169452 0.162036 -0.322813 0.932489 -2.78555 2.82437 -1.52147</i>
                        <i>0.0478678 0.967582 0.24798 -0.989747 0.0124981 0.142286 0.134574 -0.252248 0.958259 -2.77051 2.83112 -1.53153</i>
                        <i>0.046183 0.977282 0.206852 -0.991372 0.0194101 0.129636 0.122675 -0.211054 0.969746 -2.7574 2.83881 -1.53719</i>
                        <i>0.0463897 0.976949 0.208371 -0.991356 0.0193978 0.129759 0.122726 -0.21259 0.969404 -2.74387 2.8497 -1.53941</i>
                        <i>0.0511387 0.968281 0.244573 -0.991225 0.0193206 0.130767 0.121894 -0.249114 0.960773 -2.72849 2.86381 -1.54024</i>
                        <i>0.0577182 0.953851 0.294683 -0.991048 0.0191511 0.132123 0.120382 -0.299671 0.946417 -2.71405 2.87803 -1.54017</i>
                        <i>0.0634859 0.938804 0.338551 -0.990895 0.0189376 0.133301 0.118732 -0.343931 0.931458 -2.70333 2.8891 -1.53969</i>
                        <i>0.0659482 0.931673 0.357262 -0.990829 0.0188272 0.133803 0.117934 -0.36281 0.92437 -2.69914 2.89357 -1.53939</i>
                        <i>0.0659482 0.931673 0.357262 -0.990829 0.0188272 0.133803 0.117934 -0.36281 0.92437 -2.69914 2.89357 -1.53939</i>
                        <i>0.0659482 0.931673 0.357262 -0.990829 0.0188272 0.133803 0.117934 -0.36281 0.92437 -2.69914 2.89357 -1.53939</i>
                        <i>0.0659482 0.931673 0.357262 -0.990829 0.0188272 0.133803 0.117934 -0.36281 0.92437 -2.69914 2.89357 -1.53939</i>
                        <i>0.0659482 0.931673 0.357262 -0.990829 0.0188272 0.133803 0.117934 -0.36281 0.92437 -2.69914 2.89357 -1.53939</i>
                        <i>0.0659482 0.931673 0.357262 -0.990829 0.0188272 0.133803 0.117934 -0.36281 0.92437 -2.69914 2.89357 -1.53939</i>
                        <i>0.0659482 0.931673 0.357262 -0.990829 0.0188272 0.133803 0.117934 -0.36281 0.92437 -2.69914 2.89357 -1.53939</i>
                        <i>0.0659482 0.931673 0.357262 -0.990829 0.0188272 0.133803 0.117934 -0.36281 0.92437 -2.69914 2.89357 -1.53939</i>
                        <i>0.0659482 0.931673 0.357262 -0.990829 0.0188272 0.133803 0.117934 -0.36281 0.92437 -2.69914 2.89357 -1.53939</i>
                        <i>0.0659482 0.931673 0.357262 -0.990829 0.0188272 0.133803 0.117934 -0.36281 0.92437 -2.69914 2.89357 -1.53939</i>
                        <i>0.0659482 0.931673 0.357262 -0.990829 0.0188272 0.133803 0.117934 -0.36281 0.92437 -2.69914 2.89357 -1.53939</i>
                    </KeyFrames>
                </p>
            </i>
            <i>
                <p>
                    <Name><![CDATA[head]]></Name>
                    <Exclude>0</Exclude>
                    <Additive>0</Additive>
                    <IKPriority>0</IKPriority>
                    <IKRotLimits>-1e+010 -1e+010 -1e+010 1e+010 1e+010 1e+010</IKRotLimits>
                    <IKRotLimitOrder>0</IKRotLimitOrder>
                    <KeyFrames count="40">
                        <i>0.0307108 0.971877 0.233476 -0.126747 0.235487 -0.963577 -0.99146 4.54662e-009 0.130414 -2.68521 3.13765 -1.45248</i>
                        <i>0.0230133 0.919045 0.39348 0.0267752 0.392877 -0.919201 -0.999376 0.0316894 -0.0155662 -2.69462 3.13023 -1.43562</i>
                        <i>-0.0683989 0.759326 0.647106 0.295809 0.634893 -0.713728 -0.952795 0.142602 -0.268042 -2.70894 3.10998 -1.40363</i>
                        <i>-0.14524 0.645365 0.74994 0.424244 0.725382 -0.542069 -0.893825 0.239427 -0.379147 -2.71701 3.08266 -1.38116</i>
                        <i>-0.132577 0.604545 0.785461 0.461759 0.738878 -0.490752 -0.877042 0.297631 -0.377112 -2.7183 3.04427 -1.35057</i>
                        <i>-0.13332 0.528816 0.8382 0.530759 0.752341 -0.390228 -0.836971 0.392857 -0.380975 -2.71943 2.98521 -1.29517</i>
                        <i>-0.149951 0.433756 0.888465 0.593698 0.758075 -0.269896 -0.790593 0.487009 -0.371195 -2.7294 2.909 -1.23443</i>
                        <i>-0.172938 0.346012 0.922154 0.625538 0.761775 -0.168523 -0.760785 0.547699 -0.348184 -2.74883 2.82639 -1.18703</i>
                        <i>-0.181681 0.3001 0.936446 0.614301 0.778252 -0.130223 -0.767871 0.551601 -0.325746 -2.77023 2.75318 -1.16779</i>
                        <i>-0.180793 0.283325 0.941829 0.56225 0.815475 -0.137386 -0.806963 0.504705 -0.306732 -2.79388 2.79616 -1.16631</i>
                        <i>-0.184549 0.261324 0.947445 0.481302 0.864528 -0.144703 -0.856907 0.429302 -0.285324 -2.82318 2.83277 -1.16417</i>
                        <i>-0.184235 0.23809 0.953609 0.377384 0.912987 -0.155038 -0.907546 0.331313 -0.258055 -2.85326 2.86179 -1.16199</i>
                        <i>-0.172012 0.217924 0.960688 0.258769 0.950971 -0.169387 -0.9505 0.21946 -0.219971 -2.87927 2.88254 -1.16024</i>
                        <i>-0.140781 0.204879 0.96861 0.135736 0.973109 -0.186102 -0.980692 0.105276 -0.164805 -2.89634 2.89499 -1.15926</i>
                        <i>-0.083622 0.201372 0.975939 0.0194223 0.979512 -0.200445 -0.996308 0.00219343 -0.0858199 -2.89966 2.89943 -1.15939</i>
                        <i>-0.0207191 0.189493 0.981663 -0.247036 0.950459 -0.188683 -0.968785 -0.246416 0.027119 -2.88855 2.90947 -1.16982</i>
                        <i>0.0743956 0.261328 0.962379 -0.606041 0.778243 -0.164478 -0.791947 -0.571005 0.216273 -2.86981 2.93382 -1.19686</i>
                        <i>0.146347 0.445297 0.883342 -0.802232 0.57589 -0.1574 -0.578797 -0.68561 0.441512 -2.84939 2.96489 -1.23634</i>
                        <i>0.143566 0.639317 0.755422 -0.839501 0.482884 -0.249122 -0.524049 -0.598412 0.606033 -2.83116 2.99592 -1.28265</i>
                        <i>0.108865 0.813588 0.571159 -0.81898 0.399059 -0.41234 -0.563401 -0.422878 0.709756 -2.81597 3.02219 -1.32888</i>
                        <i>0.0894498 0.924814 0.369753 -0.799382 0.288114 -0.527237 -0.594127 -0.248413 0.765052 -2.80313 3.04321 -1.37257</i>
                        <i>0.0961206 0.971371 0.217255 -0.816733 0.201729 -0.540604 -0.568953 -0.125477 0.812741 -2.79053 3.06029 -1.41455</i>
                        <i>0.122905 0.98707 0.102897 -0.842135 0.158588 -0.515421 -0.525075 -0.0233056 0.850737 -2.77667 3.0738 -1.45185</i>
                        <i>0.154024 0.987691 0.0272442 -0.853218 0.146858 -0.500452 -0.498293 0.0538363 0.865336 -2.7623 3.08465 -1.48076</i>
                        <i>0.167681 0.985777 -0.0112319 -0.833484 0.135673 -0.535628 -0.526487 0.0991765 0.844379 -2.74969 3.09412 -1.49743</i>
                        <i>0.151602 0.988435 0.00360794 -0.751816 0.117679 -0.648786 -0.641708 0.0956448 0.760962 -2.73603 3.10491 -1.49864</i>
                        <i>0.116895 0.990945 0.0660591 -0.592845 0.122989 -0.79587 -0.796788 0.0538703 0.601853 -2.71915 3.11712 -1.4881</i>
                        <i>0.076496 0.986712 0.143347 -0.387121 0.161881 -0.907707 -0.91885 0.0139434 0.39436 -2.70267 3.12787 -1.47253</i>
                        <i>0.0439062 0.977332 0.20711 -0.204408 0.211712 -0.955717 -0.977901 -0.000373069 0.20907 -2.69016 3.13508 -1.45853</i>
                        <i>0.0307108 0.971877 0.233476 -0.126747 0.235487 -0.963577 -0.99146 4.54662e-009 0.130414 -2.68521 3.13765 -1.45248</i>
                        <i>0.0307108 0.971877 0.233476 -0.126747 0.235487 -0.963577 -0.99146 4.54662e-009 0.130414 -2.68521 3.13765 -1.45248</i>
                        <i>0.0307108 0.971877 0.233476 -0.126747 0.235487 -0.963577 -0.99146 4.54662e-009 0.130414 -2.68521 3.13765 -1.45248</i>
                        <i>0.0307108 0.971877 0.233476 -0.126747 0.235487 -0.963577 -0.99146 4.54662e-009 0.130414 -2.68521 3.13765 -1.45248</i>
                        <i>0.0307108 0.971877 0.233476 -0.126747 0.235487 -0.963577 -0.99146 4.54662e-009 0.130414 -2.68521 3.13765 -1.45248</i>
                        <i>0.0307108 0.971877 0.233476 -0.126747 0.235487 -0.963577 -0.99146 4.54662e-009 0.130414 -2.68521 3.13765 -1.45248</i>
                        <i>0.0307108 0.971877 0.233476 -0.126747 0.235487 -0.963577 -0.99146 4.54662e-009 0.130414 -2.68521 3.13765 -1.45248</i>
                        <i>0.0307108 0.971877 0.233476 -0.126747 0.235487 -0.963577 -0.99146 4.54662e-009 0.130414 -2.68521 3.13765 -1.45248</i>
                        <i>0.0307108 0.971877 0.233476 -0.126747 0.235487 -0.963577 -0.99146 4.54662e-009 0.130414 -2.68521 3.13765 -1.45248</i>
                        <i>0.0307108 0.971877 0.233476 -0.126747 0.235487 -0.963577 -0.99146 4.54662e-009 0.130414 -2.68521 3.13765 -1.45248</i>
                        <i>0.0307108 0.971877 0.233476 -0.126747 0.235487 -0.963577 -0.99146 4.54662e-009 0.130414 -2.68521 3.13765 -1.45248</i>
                    </KeyFrames>
                </p>
            </i>
            <i>
                <p>
                    <Name><![CDATA[head_prop]]></Name>
                    <Exclude>0</Exclude>
                    <Additive>0</Additive>
                    <IKPriority>0</IKPriority>
                    <IKRotLimits>-1e+010 -1e+010 -1e+010 1e+010 1e+010 1e+010</IKRotLimits>
                    <IKRotLimitOrder>0</IKRotLimitOrder>
                    <KeyFrames count="40">
                        <i>0.99146 -4.54662e-009 -0.130414 0.0307108 0.971877 0.233476 0.126747 -0.235487 0.963577 -2.6752 3.4544 -1.37639</i>
                        <i>0.999376 -0.0316894 0.0155662 0.0230133 0.919045 0.39348 -0.0267752 -0.392877 0.919201 -2.68712 3.42975 -1.30738</i>
                        <i>0.952795 -0.142602 0.268042 -0.0683989 0.759326 0.647106 -0.295809 -0.634893 0.713728 -2.73123 3.35745 -1.19273</i>
                        <i>0.893825 -0.239427 0.379147 -0.14524 0.645365 0.74994 -0.424244 -0.725382 0.542069 -2.76434 3.29299 -1.13675</i>
                        <i>0.877042 -0.297631 0.377112 -0.132577 0.604545 0.785461 -0.461759 -0.738878 0.490752 -2.76151 3.2413 -1.09458</i>
                        <i>0.836971 -0.392857 0.380975 -0.13332 0.528816 0.8382 -0.530759 -0.752341 0.390228 -2.76288 3.15755 -1.02199</i>
                        <i>0.790593 -0.487009 0.371195 -0.149951 0.433756 0.888465 -0.593698 -0.758075 0.269896 -2.77827 3.05036 -0.944867</i>
                        <i>0.760785 -0.547699 0.348184 -0.172938 0.346012 0.922154 -0.625538 -0.761775 0.168523 -2.80519 2.93916 -0.886491</i>
                        <i>0.767871 -0.551601 0.325746 -0.181681 0.3001 0.936446 -0.614301 -0.778252 0.130223 -2.82944 2.85099 -0.86259</i>
                        <i>0.806963 -0.504705 0.306732 -0.180793 0.283325 0.941829 -0.56225 -0.815475 0.137386 -2.8528 2.8885 -0.859359</i>
                        <i>0.856907 -0.429302 0.285324 -0.184549 0.261324 0.947445 -0.481302 -0.864528 0.144703 -2.88332 2.91794 -0.855386</i>
                        <i>0.907546 -0.331313 0.258055 -0.184235 0.23809 0.953609 -0.377384 -0.912987 0.155038 -2.91331 2.93938 -0.851197</i>
                        <i>0.9505 -0.21946 0.219971 -0.172012 0.217924 0.960688 -0.258769 -0.950971 0.169387 -2.93533 2.95356 -0.847141</i>
                        <i>0.980692 -0.105276 0.164805 -0.140781 0.204879 0.96861 -0.135736 -0.973109 0.186102 -2.94222 2.96176 -0.843579</i>
                        <i>0.996308 -0.00219343 0.0858199 -0.083622 0.201372 0.975939 -0.0194223 -0.979512 0.200445 -2.92692 2.96506 -0.84132</i>
                        <i>0.968785 0.246416 -0.027119 -0.0207191 0.189493 0.981663 0.247036 -0.950459 0.188683 -2.8953 2.97122 -0.849884</i>
                        <i>0.791947 0.571005 -0.216273 0.0743956 0.261328 0.962379 0.606041 -0.778243 0.164478 -2.84556 3.01899 -0.883211</i>
                        <i>0.578797 0.68561 -0.441512 0.146347 0.445297 0.883342 0.802232 -0.57589 0.1574 -2.8017 3.11002 -0.948455</i>
                        <i>0.524049 0.598412 -0.606033 0.143566 0.639317 0.755422 0.839501 -0.482884 0.249122 -2.78437 3.20428 -1.03645</i>
                        <i>0.563401 0.422878 -0.709756 0.108865 0.813588 0.571159 0.81898 -0.399059 0.41234 -2.78049 3.28735 -1.14274</i>
                        <i>0.594127 0.248413 -0.765052 0.0894498 0.924814 0.369753 0.799382 -0.288114 0.527237 -2.77398 3.34461 -1.25206</i>
                        <i>0.568953 0.125477 -0.812741 0.0961206 0.971371 0.217255 0.816733 -0.201729 0.540604 -2.7592 3.37687 -1.34375</i>
                        <i>0.525075 0.0233056 -0.850737 0.122905 0.98707 0.102897 0.842135 -0.158588 0.515421 -2.73661 3.39549 -1.41832</i>
                        <i>0.498293 -0.0538363 -0.865336 0.154024 0.987691 0.0272442 0.853218 -0.146858 0.500452 -2.7121 3.40654 -1.47189</i>
                        <i>0.526487 -0.0991765 -0.844379 0.167681 0.985777 -0.0112319 0.833484 -0.135673 0.535628 -2.69504 3.4154 -1.50109</i>
                        <i>0.641708 -0.0956448 -0.760962 0.151602 0.988435 0.00360794 0.751816 -0.117679 0.648786 -2.68662 3.42705 -1.49746</i>
                        <i>0.796788 -0.0538703 -0.601853 0.116895 0.990945 0.0660591 0.592845 -0.122989 0.79587 -2.68105 3.44007 -1.46657</i>
                        <i>0.91885 -0.0139434 -0.39436 0.076496 0.986712 0.143347 0.387121 -0.161881 0.907707 -2.67773 3.44945 -1.42581</i>
                        <i>0.977901 0.000373069 -0.20907 0.0439062 0.977332 0.20711 0.204408 -0.211712 0.955717 -2.67585 3.4536 -1.39103</i>
                        <i>0.99146 -4.54662e-009 -0.130414 0.0307108 0.971877 0.233476 0.126747 -0.235487 0.963577 -2.6752 3.4544 -1.37639</i>
                        <i>0.99146 -4.54662e-009 -0.130414 0.0307108 0.971877 0.233476 0.126747 -0.235487 0.963577 -2.6752 3.4544 -1.37639</i>
                        <i>0.99146 -4.54662e-009 -0.130414 0.0307108 0.971877 0.233476 0.126747 -0.235487 0.963577 -2.6752 3.4544 -1.37639</i>
                        <i>0.99146 -4.54662e-009 -0.130414 0.0307108 0.971877 0.233476 0.126747 -0.235487 0.963577 -2.6752 3.4544 -1.37639</i>
                        <i>0.99146 -4.54662e-009 -0.130414 0.0307108 0.971877 0.233476 0.126747 -0.235487 0.963577 -2.6752 3.4544 -1.37639</i>
                        <i>0.99146 -4.54662e-009 -0.130414 0.0307108 0.971877 0.233476 0.126747 -0.235487 0.963577 -2.6752 3.4544 -1.37639</i>
                        <i>0.99146 -4.54662e-009 -0.130414 0.0307108 0.971877 0.233476 0.126747 -0.235487 0.963577 -2.6752 3.4544 -1.37639</i>
                        <i>0.99146 -4.54662e-009 -0.130414 0.0307108 0.971877 0.233476 0.126747 -0.235487 0.963577 -2.6752 3.4544 -1.37639</i>
                        <i>0.99146 -4.54662e-009 -0.130414 0.0307108 0.971877 0.233476 0.126747 -0.235487 0.963577 -2.6752 3.4544 -1.37639</i>
                        <i>0.99146 -4.54662e-009 -0.130414 0.0307108 0.971877 0.233476 0.126747 -0.235487 0.963577 -2.6752 3.4544 -1.37639</i>
                        <i>0.99146 -4.54662e-009 -0.130414 0.0307108 0.971877 0.233476 0.126747 -0.235487 0.963577 -2.6752 3.4544 -1.37639</i>
                    </KeyFrames>
                </p>
            </i>
            <i>
                <p>
                    <Name><![CDATA[l_clav]]></Name>
                    <Exclude>0</Exclude>
                    <Additive>0</Additive>
                    <IKPriority>0</IKPriority>
                    <IKRotLimits>-1e+010 -1e+010 -1e+010 1e+010 1e+010 1e+010</IKRotLimits>
                    <IKRotLimitOrder>0</IKRotLimitOrder>
                    <KeyFrames count="40">
                        <i>0.892713 0.425393 -0.148676 -0.384412 0.891059 0.241332 0.23514 -0.158288 0.958986 -2.60463 2.9399 -1.49954</i>
                        <i>0.870649 0.474415 -0.130002 -0.422594 0.856642 0.295937 0.251762 -0.20272 0.94632 -2.61461 2.9354 -1.49441</i>
                        <i>0.832815 0.547774 -0.0797744 -0.477158 0.783441 0.398171 0.280606 -0.293538 0.913836 -2.63316 2.9218 -1.48523</i>
                        <i>0.820754 0.56985 -0.0404201 -0.489882 0.738444 0.463375 0.293902 -0.360516 0.88524 -2.64726 2.89944 -1.478</i>
                        <i>0.84477 0.535 0.0118132 -0.46934 0.730126 0.496625 0.257069 -0.425078 0.867885 -2.65402 2.86429 -1.45681</i>
                        <i>0.877981 0.463759 0.118647 -0.448808 0.711274 0.540981 0.166494 -0.528221 0.832624 -2.66106 2.81226 -1.41556</i>
                        <i>0.896906 0.372548 0.238259 -0.438591 0.680503 0.586986 0.0565441 -0.63097 0.773744 -2.67413 2.74651 -1.36991</i>
                        <i>0.896531 0.290236 0.334655 -0.441451 0.648088 0.620566 -0.0367752 -0.704091 0.709157 -2.69301 2.67434 -1.33393</i>
                        <i>0.888396 0.253482 0.382751 -0.451484 0.63343 0.628434 -0.0831493 -0.731104 0.67718 -2.71195 2.60584 -1.31848</i>
                        <i>0.876111 0.265106 0.402677 -0.473931 0.626787 0.618488 -0.0884276 -0.732705 0.674777 -2.73026 2.64974 -1.31574</i>
                        <i>0.855204 0.29642 0.42516 -0.51233 0.607538 0.606973 -0.0783817 -0.736908 0.671434 -2.75041 2.68912 -1.3121</i>
                        <i>0.829281 0.337496 0.445409 -0.555899 0.579749 0.595707 -0.0571764 -0.741611 0.668389 -2.77002 2.72231 -1.30838</i>
                        <i>0.803452 0.379341 0.458873 -0.594663 0.548843 0.587492 -0.0289896 -0.744897 0.66655 -2.78658 2.74788 -1.30546</i>
                        <i>0.784723 0.414207 0.461132 -0.619843 0.521828 0.58608 0.00212715 -0.74574 0.666234 -2.79742 2.76461 -1.30427</i>
                        <i>0.781228 0.43509 0.447637 -0.623406 0.5066 0.595585 0.0323599 -0.744347 0.667008 -2.7998 2.77141 -1.30585</i>
