<?xml version="1.0" encoding="ISO-8859-1" ?>
<Animl Version="1">
    <ModellingPackage><![CDATA[Maya.2010]]></ModellingPackage>
    <SrcFile><![CDATA[anims\turrets\artillery\blue\~src\artillery_m270\artillery_m270_aim_random_crewman_e.mb]]></SrcFile>
    <FramesPerSecond>30</FramesPerSecond>
    <TotalFrames>60</TotalFrames>
    <Skeleton>
        <RefFrame>
            <Name><![CDATA[soldier_ref_frame]]></Name>
            <Exclude>0</Exclude>
            <Additive>0</Additive>
            <IKPriority>0</IKPriority>
            <IKRotLimits>-1e+010 -1e+010 -1e+010 1e+010 1e+010 1e+010</IKRotLimits>
            <IKRotLimitOrder>0</IKRotLimitOrder>
            <KeyFrames count="60">
                <i>1 0 0 0 1 0 0 0 1 1.76 1.34 -2.22</i>
                <i>1 0 0 0 1 0 0 0 1 1.76 1.34 -2.22</i>
                <i>1 0 0 0 1 0 0 0 1 1.76 1.34 -2.22</i>
                <i>1 0 0 0 1 0 0 0 1 1.76 1.34 -2.22</i>
                <i>1 0 0 0 1 0 0 0 1 1.76 1.34 -2.22</i>
                <i>1 0 0 0 1 0 0 0 1 1.76 1.34 -2.22</i>
                <i>1 0 0 0 1 0 0 0 1 1.76 1.34 -2.22</i>
                <i>1 0 0 0 1 0 0 0 1 1.76 1.34 -2.22</i>
                <i>1 0 0 0 1 0 0 0 1 1.76 1.34 -2.22</i>
                <i>1 0 0 0 1 0 0 0 1 1.76 1.34 -2.22</i>
                <i>1 0 0 0 1 0 0 0 1 1.76 1.34 -2.22</i>
                <i>1 0 0 0 1 0 0 0 1 1.76 1.34 -2.22</i>
                <i>1 0 0 0 1 0 0 0 1 1.76 1.34 -2.22</i>
                <i>1 0 0 0 1 0 0 0 1 1.76 1.34 -2.22</i>
                <i>1 0 0 0 1 0 0 0 1 1.76 1.34 -2.22</i>
                <i>1 0 0 0 1 0 0 0 1 1.76 1.34 -2.22</i>
                <i>1 0 0 0 1 0 0 0 1 1.76 1.34 -2.22</i>
                <i>1 0 0 0 1 0 0 0 1 1.76 1.34 -2.22</i>
                <i>1 0 0 0 1 0 0 0 1 1.76 1.34 -2.22</i>
                <i>1 0 0 0 1 0 0 0 1 1.76 1.34 -2.22</i>
                <i>1 0 0 0 1 0 0 0 1 1.76 1.34 -2.22</i>
                <i>1 0 0 0 1 0 0 0 1 1.76 1.34 -2.22</i>
                <i>1 0 0 0 1 0 0 0 1 1.76 1.34 -2.22</i>
                <i>1 0 0 0 1 0 0 0 1 1.76 1.34 -2.22</i>
                <i>1 0 0 0 1 0 0 0 1 1.76 1.34 -2.22</i>
                <i>1 0 0 0 1 0 0 0 1 1.76 1.34 -2.22</i>
                <i>1 0 0 0 1 0 0 0 1 1.76 1.34 -2.22</i>
                <i>1 0 0 0 1 0 0 0 1 1.76 1.34 -2.22</i>
                <i>1 0 0 0 1 0 0 0 1 1.76 1.34 -2.22</i>
                <i>1 0 0 0 1 0 0 0 1 1.76 1.34 -2.22</i>
                <i>1 0 0 0 1 0 0 0 1 1.76 1.34 -2.22</i>
                <i>1 0 0 0 1 0 0 0 1 1.76 1.34 -2.22</i>
                <i>1 0 0 0 1 0 0 0 1 1.76 1.34 -2.22</i>
                <i>1 0 0 0 1 0 0 0 1 1.76 1.34 -2.22</i>
                <i>1 0 0 0 1 0 0 0 1 1.76 1.34 -2.22</i>
                <i>1 0 0 0 1 0 0 0 1 1.76 1.34 -2.22</i>
                <i>1 0 0 0 1 0 0 0 1 1.76 1.34 -2.22</i>
                <i>1 0 0 0 1 0 0 0 1 1.76 1.34 -2.22</i>
                <i>1 0 0 0 1 0 0 0 1 1.76 1.34 -2.22</i>
                <i>1 0 0 0 1 0 0 0 1 1.76 1.34 -2.22</i>
                <i>1 0 0 0 1 0 0 0 1 1.76 1.34 -2.22</i>
                <i>1 0 0 0 1 0 0 0 1 1.76 1.34 -2.22</i>
                <i>1 0 0 0 1 0 0 0 1 1.76 1.34 -2.22</i>
                <i>1 0 0 0 1 0 0 0 1 1.76 1.34 -2.22</i>
                <i>1 0 0 0 1 0 0 0 1 1.76 1.34 -2.22</i>
                <i>1 0 0 0 1 0 0 0 1 1.76 1.34 -2.22</i>
                <i>1 0 0 0 1 0 0 0 1 1.76 1.34 -2.22</i>
                <i>1 0 0 0 1 0 0 0 1 1.76 1.34 -2.22</i>
                <i>1 0 0 0 1 0 0 0 1 1.76 1.34 -2.22</i>
                <i>1 0 0 0 1 0 0 0 1 1.76 1.34 -2.22</i>
                <i>1 0 0 0 1 0 0 0 1 1.76 1.34 -2.22</i>
                <i>1 0 0 0 1 0 0 0 1 1.76 1.34 -2.22</i>
                <i>1 0 0 0 1 0 0 0 1 1.76 1.34 -2.22</i>
                <i>1 0 0 0 1 0 0 0 1 1.76 1.34 -2.22</i>
                <i>1 0 0 0 1 0 0 0 1 1.76 1.34 -2.22</i>
                <i>1 0 0 0 1 0 0 0 1 1.76 1.34 -2.22</i>
                <i>1 0 0 0 1 0 0 0 1 1.76 1.34 -2.22</i>
                <i>1 0 0 0 1 0 0 0 1 1.76 1.34 -2.22</i>
                <i>1 0 0 0 1 0 0 0 1 1.76 1.34 -2.22</i>
                <i>1 0 0 0 1 0 0 0 1 1.76 1.34 -2.22</i>
            </KeyFrames>
        </RefFrame>
        <Bones count="23">
            <i>
                <p>
                    <Name><![CDATA[pelvis]]></Name>
                    <Exclude>0</Exclude>
                    <Additive>0</Additive>
                    <IKPriority>0</IKPriority>
                    <IKRotLimits>-1e+010 -1e+010 -1e+010 1e+010 1e+010 1e+010</IKRotLimits>
                    <IKRotLimitOrder>2</IKRotLimitOrder>
                    <KeyFrames count="60">
                        <i>1 0 0 0 1 0 0 0 1 1.59607 2.46615 -1.88814</i>
                        <i>1 0 0 0 1 0 0 0 1 1.59607 2.46831 -1.88814</i>
                        <i>1 0 0 0 1 0 0 0 1 1.59607 2.47307 -1.88814</i>
                        <i>1 0 0 0 1 0 0 0 1 1.59607 2.47784 -1.88814</i>
                        <i>1 0 0 0 1 0 0 0 1 1.59607 2.48 -1.88814</i>
                        <i>1 0 0 0 1 0 0 0 1 1.59607 2.47904 -1.88814</i>
                        <i>1 0 0 0 1 0 0 0 1 1.59607 2.47656 -1.88814</i>
                        <i>1 0 0 0 1 0 0 0 1 1.59607 2.47318 -1.88814</i>
                        <i>1 0 0 0 1 0 0 0 1 1.59607 2.46951 -1.88814</i>
                        <i>1 0 0 0 1 0 0 0 1 1.59607 2.46615 -1.88814</i>
                        <i>1 0 0 0 1 0 0 0 1 1.59607 2.46255 -1.88814</i>
                        <i>1 0 0 0 1 0 0 0 1 1.59607 2.4583 -1.88814</i>
                        <i>1 0 0 0 1 0 0 0 1 1.59607 2.45424 -1.88814</i>
                        <i>1 0 0 0 1 0 0 0 1 1.59607 2.4512 -1.88814</i>
                        <i>1 0 0 0 1 0 0 0 1 1.59607 2.45 -1.88814</i>
                        <i>1 0 0 0 1 0 0 0 1 1.59607 2.45015 -1.88814</i>
                        <i>1 0 0 0 1 0 0 0 1 1.59607 2.45059 -1.88814</i>
                        <i>1 0 0 0 1 0 0 0 1 1.59607 2.45128 -1.88814</i>
                        <i>1 0 0 0 1 0 0 0 1 1.59607 2.45218 -1.88814</i>
                        <i>1 0 0 0 1 0 0 0 1 1.59607 2.45326 -1.88814</i>
                        <i>1 0 0 0 1 0 0 0 1 1.59607 2.45448 -1.88814</i>
                        <i>1 0 0 0 1 0 0 0 1 1.59607 2.45582 -1.88814</i>
                        <i>1 0 0 0 1 0 0 0 1 1.59607 2.45722 -1.88814</i>
                        <i>1 0 0 0 1 0 0 0 1 1.59607 2.45866 -1.88814</i>
                        <i>1 0 0 0 1 0 0 0 1 1.59607 2.46011 -1.88814</i>
                        <i>1 0 0 0 1 0 0 0 1 1.59607 2.46152 -1.88814</i>
                        <i>1 0 0 0 1 0 0 0 1 1.59607 2.46287 -1.88814</i>
                        <i>1 0 0 0 1 0 0 0 1 1.59607 2.46411 -1.88814</i>
                        <i>1 0 0 0 1 0 0 0 1 1.59607 2.46522 -1.88814</i>
                        <i>1 0 0 0 1 0 0 0 1 1.59607 2.46615 -1.88814</i>
                        <i>1 0 0 0 1 0 0 0 1 1.59607 2.46673 -1.88814</i>
                        <i>1 0 0 0 1 0 0 0 1 1.59607 2.46693 -1.88814</i>
                        <i>1 0 0 0 1 0 0 0 1 1.59607 2.46693 -1.88814</i>
                        <i>1 0 0 0 1 0 0 0 1 1.59607 2.46691 -1.88814</i>
                        <i>1 0 0 0 1 0 0 0 1 1.59607 2.46704 -1.88814</i>
                        <i>1 0 0 0 1 0 0 0 1 1.59607 2.4675 -1.88814</i>
                        <i>1 0 0 0 1 0 0 0 1 1.59607 2.46769 -1.88814</i>
                        <i>1 0 0 0 1 0 0 0 1 1.59607 2.4682 -1.88814</i>
                        <i>1 0 0 0 1 0 0 0 1 1.59607 2.46898 -1.88814</i>
                        <i>1 0 0 0 1 0 0 0 1 1.59607 2.46998 -1.88814</i>
                        <i>1 0 0 0 1 0 0 0 1 1.59607 2.47115 -1.88814</i>
                        <i>1 0 0 0 1 0 0 0 1 1.59607 2.47242 -1.88814</i>
                        <i>1 0 0 0 1 0 0 0 1 1.59607 2.47375 -1.88814</i>
                        <i>1 0 0 0 1 0 0 0 1 1.59607 2.47508 -1.88814</i>
                        <i>1 0 0 0 1 0 0 0 1 1.59607 2.47636 -1.88814</i>
                        <i>1 0 0 0 1 0 0 0 1 1.59607 2.47752 -1.88814</i>
                        <i>1 0 0 0 1 0 0 0 1 1.59607 2.47852 -1.88814</i>
                        <i>1 0 0 0 1 0 0 0 1 1.59607 2.47931 -1.88814</i>
                        <i>1 0 0 0 1 0 0 0 1 1.59607 2.47982 -1.88814</i>
                        <i>1 0 0 0 1 0 0 0 1 1.59607 2.48 -1.88814</i>
                        <i>1 0 0 0 1 0 0 0 1 1.59607 2.47957 -1.88814</i>
                        <i>1 0 0 0 1 0 0 0 1 1.59607 2.47849 -1.88814</i>
                        <i>1 0 0 0 1 0 0 0 1 1.59607 2.47692 -1.88814</i>
                        <i>1 0 0 0 1 0 0 0 1 1.59607 2.47504 -1.88814</i>
                        <i>1 0 0 0 1 0 0 0 1 1.59607 2.473 -1.88814</i>
                        <i>1 0 0 0 1 0 0 0 1 1.59607 2.47097 -1.88814</i>
                        <i>1 0 0 0 1 0 0 0 1 1.59607 2.4691 -1.88814</i>
                        <i>1 0 0 0 1 0 0 0 1 1.59607 2.46757 -1.88814</i>
                        <i>1 0 0 0 1 0 0 0 1 1.59607 2.46653 -1.88814</i>
                        <i>1 0 0 0 1 0 0 0 1 1.59607 2.46615 -1.88814</i>
                    </KeyFrames>
                </p>
            </i>
            <i>
                <p>
                    <Name><![CDATA[spine0]]></Name>
                    <Exclude>0</Exclude>
                    <Additive>0</Additive>
                    <IKPriority>0</IKPriority>
                    <IKRotLimits>-1e+010 -1e+010 -1e+010 1e+010 1e+010 1e+010</IKRotLimits>
                    <IKRotLimitOrder>0</IKRotLimitOrder>
                    <KeyFrames count="60">
                        <i>0.0101428 0.999946 -0.0022095 0.907888 -0.00828286 0.419132 0.419091 -0.00625712 -0.907923 1.58684 2.60535 -1.853</i>
                        <i>0.00884612 0.99996 0.00120603 0.908836 -0.00854301 0.417067 0.41706 -0.00259334 -0.908875 1.58696 2.60752 -1.853</i>
                        <i>0.00638915 0.999942 0.00868456 0.911364 -0.00939704 0.411494 0.411552 0.0052857 -0.911371 1.58728 2.6123 -1.85299</i>
                        <i>0.00478398 0.999857 0.0162002 0.914985 -0.010913 0.40334 0.403459 0.0128934 -0.914907 1.58774 2.61708 -1.85296</i>
                        <i>0.00551727 0.999785 0.0199873 0.919228 -0.0129397 0.393513 0.393688 0.0162017 -0.919102 1.58829 2.61927 -1.85291</i>
                        <i>0.00854885 0.999787 0.0187843 0.923658 -0.0150923 0.382921 0.383123 0.0140767 -0.92359 1.58886 2.61832 -1.85284</i>
                        <i>0.0124361 0.999814 0.014734 0.927881 -0.0170306 0.372486 0.372668 0.00903914 -0.927921 1.5894 2.61584 -1.85273</i>
                        <i>0.0162639 0.999824 0.00933197 0.931541 -0.0185427 0.363162 0.363271 0.00278669 -0.931679 1.58985 2.61244 -1.85256</i>
                        <i>0.0192915 0.999805 0.00430732 0.93431 -0.0195611 0.355926 0.35594 -0.00284196 -0.934504 1.59017 2.60872 -1.85234</i>
                        <i>0.0209104 0.99978 0.00160063 0.93587 -0.0201369 0.351769 0.351724 -0.00585765 -0.936085 1.59028 2.60528 -1.85204</i>
                        <i>0.0212076 0.999774 0.00154503 0.936604 -0.0204082 0.349796 0.349748 -0.00597125 -0.936825 1.59012 2.6015 -1.85135</i>
                        <i>0.0208433 0.999779 0.0026972 0.937135 -0.0204772 0.348366 0.348344 -0.00473347 -0.937355 1.58975 2.59693 -1.85022</i>
                        <i>0.0201057 0.999788 0.0043997 0.937509 -0.0203819 0.347362 0.347379 -0.00285921 -0.937721 1.58931 2.59251 -1.84899</i>
                        <i>0.019273 0.999796 0.00599572 0.93777 -0.0201563 0.34667 0.34672 -0.00105876 -0.937968 1.58894 2.58917 -1.84801</i>
                        <i>0.0186173 0.999803 0.00683322 0.937962 -0.0198317 0.346172 0.346239 -3.54813e-005 -0.938146 1.58877 2.58784 -1.84761</i>
                        <i>0.0183406 0.999811 0.00644474 0.938116 -0.0194377 0.345775 0.345835 -0.000295823 -0.938295 1.58889 2.58813 -1.84804</i>
                        <i>0.0183611 0.999818 0.00512598 0.938226 -0.0190014 0.3455 0.345534 -0.00153444 -0.938405 1.58923 2.58887 -1.84905</i>
                        <i>0.0185251 0.999823 0.00337412 0.938275 -0.0185503 0.345393 0.345394 -0.00323257 -0.938452 1.58965 2.58993 -1.85031</i>
                        <i>0.0186788 0.999824 0.00169647 0.938243 -0.0181146 0.345503 0.345473 -0.00486188 -0.938416 1.59001 2.59115 -1.85145</i>
                        <i>0.0186681 0.999826 0.000608645 0.938111 -0.0177263 0.345881 0.345832 -0.00588595 -0.938278 1.59019 2.59242 -1.85212</i>
                        <i>0.0183775 0.999831 5.80369e-005 0.937904 -0.0172594 0.346464 0.346406 -0.00631271 -0.938063 1.59026 2.59371 -1.85237</i>
                        <i>0.0178764 0.99984 -0.000352283 0.937668 -0.0166425 0.347132 0.347071 -0.00653579 -0.937816 1.59035 2.59507 -1.85249</i>
                        <i>0.0172866 0.99985 -0.000621428 0.937412 -0.0159909 0.347855 0.347793 -0.00659574 -0.937548 1.59045 2.59649 -1.85251</i>
                        <i>0.01673 0.99986 -0.000748197 0.937145 -0.0154198 0.348601 0.34854 -0.00653326 -0.937271 1.59055 2.59792 -1.85246</i>
                        <i>0.0163286 0.999866 -0.000730888 0.936875 -0.0150445 0.349339 0.349282 -0.00638897 -0.936996 1.59063 2.59934 -1.85235</i>
                        <i>0.016204 0.999869 -0.000567265 0.936615 -0.0149803 0.35004 0.349985 -0.00620336 -0.936735 1.59068 2.60073 -1.85223</i>
                        <i>0.016478 0.999864 -0.000254703 0.936374 -0.0153423 0.350668 0.350617 -0.00601681 -0.9365 1.59069 2.60204 -1.85211</i>
                        <i>0.0172723 0.999851 0.00020948 0.936163 -0.0162457 0.35119 0.351141 -0.00586975 -0.936304 1.59063 2.60326 -1.85202</i>
                        <i>0.018709 0.999825 0.000827548 0.935993 -0.0178055 0.351568 0.351522 -0.0058029 -0.936162 1.5905 2.60435 -1.85199</i>
                        <i>0.0209104 0.99978 0.00160063 0.93587 -0.0201369 0.351769 0.351724 -0.00585765 -0.936085 1.59028 2.60528 -1.85204</i>
                        <i>0.026278 0.999649 0.00344192 0.93567 -0.0258079 0.351932 0.351897 -0.00602756 -0.936019 1.5899 2.60588 -1.85214</i>
                        <i>0.0357639 0.999337 0.00674573 0.935258 -0.0358477 0.352147 0.352155 -0.00628513 -0.93592 1.58936 2.60609 -1.85227</i>
                        <i>0.047309 0.998823 0.0107362 0.934643 -0.0480563 0.352326 0.352427 -0.00663368 -0.935816 1.58876 2.60609 -1.85241</i>
                        <i>0.058853 0.998159 0.0146535 0.933898 -0.0602379 0.352428 0.352661 -0.00705657 -0.935724 1.58818 2.60608 -1.85257</i>
                        <i>0.0683508 0.997503 0.0177639 0.933185 -0.0702205 0.35247 0.352837 -0.0075146 -0.935655 1.58774 2.60623 -1.85274</i>
                        <i>0.0737821 0.997086 0.019358 0.932729 -0.0758636 0.352508 0.352949 -0.007953 -0.935609 1.58752 2.60673 -1.85293</i>
                        <i>0.0738117 0.997086 0.0192813 0.932723 -0.075864 0.352523 0.352958 -0.00803613 -0.935605 1.58753 2.60692 -1.85298</i>
                        <i>0.0738945 0.997084 0.0190667 0.932707 -0.0758654 0.352565 0.352983 -0.00826894 -0.935593 1.58758 2.60747 -1.85311</i>
                        <i>0.0740217 0.997081 0.018737 0.932683 -0.0758674 0.352629 0.353021 -0.00862659 -0.935575 1.58766 2.60831 -1.85331</i>
                        <i>0.0741846 0.997076 0.018315 0.932651 -0.0758701 0.352712 0.35307 -0.00908429 -0.935553 1.58776 2.60938 -1.85356</i>
                        <i>0.0743743 0.997071 0.0178238 0.932614 -0.0758732 0.352808 0.353127 -0.00961718 -0.935526 1.58787 2.61062 -1.85385</i>
                        <i>0.0745821 0.997065 0.0172862 0.932574 -0.0758766 0.352914 0.353189 -0.0102004 -0.935496 1.58799 2.61198 -1.85418</i>
                        <i>0.074799 0.997058 0.0167253 0.932532 -0.0758801 0.353024 0.353254 -0.010809 -0.935465 1.58812 2.6134 -1.85451</i>
                        <i>0.0750162 0.997051 0.0161641 0.93249 -0.0758837 0.353134 0.353319 -0.0114179 -0.935433 1.58825 2.61482 -1.85485</i>
                        <i>0.0752246 0.997044 0.0156257 0.93245 -0.0758871 0.353239 0.353381 -0.0120021 -0.935403 1.58837 2.61618 -1.85517</i>
                        <i>0.0754154 0.997037 0.0151333 0.932413 -0.0758903 0.353336 0.353437 -0.0125365 -0.935374 1.58849 2.61742 -1.85547</i>
                        <i>0.0755794 0.997031 0.01471 0.932382 -0.075893 0.353419 0.353486 -0.0129959 -0.93535 1.58858 2.61849 -1.85572</i>
                        <i>0.0757078 0.997026 0.014379 0.932357 -0.0758951 0.353484 0.353524 -0.0133551 -0.93533 1.58866 2.61932 -1.85592</i>
                        <i>0.0757914 0.997023 0.0141634 0.932341 -0.0758965 0.353526 0.353548 -0.0135891 -0.935318 1.58871 2.61986 -1.85605</i>
                        <i>0.0758213 0.997022 0.0140864 0.932335 -0.075897 0.353541 0.353557 -0.0136727 -0.935313 1.58873 2.62006 -1.8561</i>
                        <i>0.0718549 0.997329 0.0131202 0.931103 -0.0717881 0.357621 0.357608 -0.0134806 -0.933774 1.58868 2.6196 -1.85603</i>
                        <i>0.0656382 0.997774 0.0117404 0.929139 -0.0654049 0.3639 0.363858 -0.0129772 -0.931364 1.58856 2.61847 -1.85582</i>
                        <i>0.0577895 0.998279 0.00999951 0.926555 -0.0573613 0.37176 0.371693 -0.0122187 -0.928275 1.58837 2.61682 -1.85549</i>
                        <i>0.0489336 0.99877 0.00796682 0.923484 -0.0482808 0.380586 0.380503 -0.0112662 -0.924711 1.58814 2.61483 -1.85508</i>
                        <i>0.0397027 0.999195 0.00574313 0.920097 -0.0388 0.389763 0.389672 -0.0101904 -0.920897 1.58787 2.61267 -1.85462</i>
                        <i>0.0307335 0.999522 0.00346786 0.916618 -0.0295676 0.39867 0.398582 -0.00907386 -0.917088 1.58758 2.6105 -1.85415</i>
                        <i>0.0226629 0.999742 0.00131883 0.913321 -0.0212404 0.406685 0.406608 -0.00801216 -0.913567 1.58731 2.60851 -1.85371</i>
                        <i>0.0161234 0.99987 -0.000494765 0.910533 -0.0144783 0.413183 0.413123 -0.00711241 -0.910648 1.58707 2.60687 -1.85334</i>
                        <i>0.011742 0.99993 -0.00174594 0.908604 -0.00994053 0.417541 0.417494 -0.00648913 -0.908657 1.5869 2.60576 -1.85309</i>
                        <i>0.0101428 0.999946 -0.0022095 0.907888 -0.00828286 0.419132 0.419091 -0.00625712 -0.907923 1.58684 2.60535 -1.853</i>
                    </KeyFrames>
                </p>
            </i>
            <i>
                <p>
                    <Name><![CDATA[spine1]]></Name>
                    <Exclude>0</Exclude>
                    <Additive>0</Additive>
                    <IKPriority>0</IKPriority>
                    <IKRotLimits>-1e+010 -1e+010 -1e+010 1e+010 1e+010 1e+010</IKRotLimits>
                    <IKRotLimitOrder>0</IKRotLimitOrder>
                    <KeyFrames count="60">
                        <i>0.0262354 0.991006 -0.131222 0.903776 0.0325829 0.426764 0.427202 -0.129791 -0.894792 1.5886 2.77913 -1.85337</i>
                        <i>0.0252583 0.991316 -0.129055 0.905437 0.0320336 0.42327 0.423728 -0.127543 -0.896765 1.58849 2.78148 -1.85277</i>
                        <i>0.0231519 0.991998 -0.124113 0.909809 0.0305512 0.413902 0.414382 -0.122502 -0.901821 1.58839 2.78663 -1.85146</i>
                        <i>0.021152 0.992692 -0.118804 0.915931 0.0283946 0.400329 0.400777 -0.117284 -0.908637 1.58857 2.7918 -1.85011</i>
                        <i>0.0203559 0.993068 -0.115766 0.922865 0.0258769 0.384252 0.384584 -0.114658 -0.915941 1.58925 2.79414 -1.8494</i>
                        <i>0.0209657 0.993015 -0.116107 0.929847 0.0233034 0.367207 0.367348 -0.115661 -0.922864 1.59035 2.79306 -1.84954</i>
                        <i>0.0222285 0.992706 -0.118497 0.936333 0.0208713 0.350494 0.35041 -0.118743 -0.929039 1.59156 2.7903 -1.85014</i>
                        <i>0.023704 0.992245 -0.122018 0.941848 0.0187587 0.335514 0.335201 -0.122876 -0.9341 1.59268 2.78657 -1.85092</i>
                        <i>0.0250936 0.991745 -0.125746 0.946006 0.0171061 0.323697 0.323176 -0.127079 -0.937768 1.59352 2.78259 -1.85157</i>
                        <i>0.0262141 0.991328 -0.128769 0.948467 0.0160272 0.31647 0.315789 -0.130429 -0.939822 1.59391 2.77904 -1.85174</i>
                        <i>0.0276973 0.990762 -0.132751 0.949707 0.0153569 0.312762 0.311911 -0.134737 -0.940509 1.5938 2.77535 -1.85107</i>
                        <i>0.0298335 0.989871 -0.138801 0.950498 0.0148743 0.310375 0.309296 -0.14119 -0.940426 1.59337 2.77101 -1.84974</i>
                        <i>0.0319859 0.988886 -0.145192 0.950939 0.0146147 0.309032 0.30772 -0.147953 -0.939903 1.59281 2.76687 -1.84821</i>
                        <i>0.0335335 0.988083 -0.150224 0.951125 0.0146178 0.308461 0.306981 -0.153225 -0.9393 1.5923 2.76377 -1.84694</i>
                        <i>0.0338643 0.987765 -0.152226 0.951143 0.0149177 0.308391 0.306889 -0.155232 -0.939001 1.59201 2.76256 -1.8464</i>
                        <i>0.0325784 0.988137 -0.150082 0.95107 0.0155132 0.308587 0.307254 -0.152792 -0.939281 1.59209 2.76277 -1.84689</i>
                        <i>0.0301551 0.988976 -0.144972 0.950938 0.0162931 0.308951 0.307907 -0.147176 -0.939964 1.59243 2.76329 -1.84814</i>
                        <i>0.0273007 0.989962 -0.138673 0.95077 0.0171239 0.309423 0.308692 -0.140294 -0.940759 1.59287 2.76408 -1.8497</i>
                        <i>0.0247299 0.990808 -0.132997 0.950585 0.0178786 0.309948 0.309476 -0.13409 -0.941405 1.59326 2.76506 -1.85114</i>
                        <i>0.0231693 0.991272 -0.129784 0.950404 0.018435 0.310472 0.310155 -0.130541 -0.941681 1.59343 2.76618 -1.852</i>
                        <i>0.0222085 0.991423 -0.128788 0.950219 0.0191134 0.310995 0.310789 -0.129284 -0.941645 1.59345 2.76742 -1.85234</i>
                        <i>0.0210643 0.991496 -0.128424 0.950018 0.0201696 0.311543 0.311484 -0.128567 -0.941514 1.59345 2.76876 -1.85254</i>
                        <i>0.019912 0.991506 -0.12853 0.949804 0.021385 0.312113 0.312211 -0.128293 -0.94131 1.59345 2.77017 -1.8526</i>
                        <i>0.0189265 0.991471 -0.128944 0.949583 0.022541 0.312703 0.312943 -0.128361 -0.941058 1.59345 2.77162 -1.85257</i>
                        <i>0.0182822 0.991411 -0.129502 0.949362 0.0234193 0.313311 0.313653 -0.128673 -0.940779 1.59346 2.77306 -1.85247</i>
                        <i>0.0181523 0.991342 -0.130044 0.949147 0.023802 0.313934 0.314311 -0.129129 -0.940497 1.59349 2.77447 -1.85232</i>
                        <i>0.018709 0.991284 -0.130404 0.948945 0.0234718 0.314568 0.314887 -0.129632 -0.940235 1.59354 2.7758 -1.85214</i>
                        <i>0.0201237 0.991254 -0.130421 0.948763 0.0222114 0.315207 0.315347 -0.130082 -0.940019 1.59363 2.77704 -1.85197</i>
                        <i>0.0225679 0.991266 -0.129931 0.948604 0.019803 0.315844 0.315659 -0.130381 -0.939873 1.59375 2.77813 -1.85183</i>
                        <i>0.0262141 0.991328 -0.128769 0.948467 0.0160272 0.31647 0.315789 -0.130429 -0.939822 1.59391 2.77904 -1.85174</i>
                        <i>0.0346041 0.991449 -0.125819 0.948216 0.00720242 0.317544 0.315735 -0.130292 -0.939859 1.59446 2.77959 -1.85153</i>
                        <i>0.0490955 0.991472 -0.120716 0.947648 -0.00805979 0.319214 0.315519 -0.130068 -0.939963 1.59557 2.77972 -1.85108</i>
                        <i>0.066578 0.991198 -0.114429 0.946694 -0.0265261 0.32104 0.315179 -0.129704 -0.940127 1.59697 2.77964 -1.85053</i>
                        <i>0.0839388 0.990605 -0.107967 0.945441 -0.0449429 0.322679 0.314795 -0.129161 -0.940331 1.5984 2.77953 -1.85001</i>
                        <i>0.0980813 0.989899 -0.102372 0.944181 -0.0600541 0.323906 0.314487 -0.128427 -0.940534 1.59961 2.7796 -1.84964</i>
                        <i>0.105935 0.989461 -0.0987131 0.943368 -0.0686195 0.324574 0.31438 -0.127507 -0.940695 1.60033 2.78003 -1.84955</i>
                        <i>0.105853 0.989493 -0.098479 0.943366 -0.0686151 0.324579 0.314412 -0.12726 -0.940718 1.60036 2.78021 -1.84961</i>
                        <i>0.105623 0.989583 -0.0978234 0.943362 -0.0686027 0.324594 0.314502 -0.126568 -0.940781 1.60042 2.78073 -1.84978</i>
                        <i>0.10527 0.98972 -0.0968159 0.943356 -0.0685836 0.324617 0.31464 -0.125504 -0.940878 1.60051 2.78152 -1.85004</i>
                        <i>0.104817 0.989893 -0.0955264 0.943348 -0.0685591 0.324646 0.314815 -0.124143 -0.940999 1.60063 2.78254 -1.85037</i>
                        <i>0.104288 0.990093 -0.0940246 0.943338 -0.0685304 0.324679 0.315019 -0.122557 -0.941139 1.60078 2.78372 -1.85075</i>
                        <i>0.10371 0.990308 -0.0923805 0.943328 -0.0684989 0.324716 0.31524 -0.120821 -0.941289 1.60093 2.78501 -1.85116</i>
                        <i>0.103105 0.99053 -0.0906642 0.943317 -0.0684658 0.324753 0.31547 -0.119009 -0.941443 1.60109 2.78635 -1.8516</i>
                        <i>0.102499 0.990748 -0.0889462 0.943307 -0.0684325 0.324791 0.315699 -0.117194 -0.941594 1.60125 2.7877 -1.85204</i>
                        <i>0.101917 0.990955 -0.0872973 0.943297 -0.0684003 0.324827 0.315917 -0.115453 -0.941736 1.60141 2.78899 -1.85245</i>
                        <i>0.101384 0.991142 -0.0857885 0.943288 -0.0683707 0.324859 0.316116 -0.113859 -0.941863 1.60155 2.79017 -1.85284</i>
                        <i>0.100925 0.9913 -0.0844908 0.94328 -0.0683451 0.324887 0.316286 -0.112488 -0.941971 1.60167 2.79118 -1.85316</i>
                        <i>0.100566 0.991422 -0.0834757 0.943274 -0.068325 0.324909 0.316418 -0.111415 -0.942054 1.60176 2.79197 -1.85342</i>
                        <i>0.100331 0.991502 -0.0828144 0.94327 -0.0683119 0.324923 0.316504 -0.110716 -0.942108 1.60183 2.79249 -1.85359</i>
                        <i>0.100248 0.99153 -0.0825782 0.943269 -0.0683072 0.324928 0.316535 -0.110467 -0.942127 1.60185 2.79267 -1.85365</i>
                        <i>0.0953279 0.991822 -0.0848688 0.941444 -0.0621289 0.331395 0.323412 -0.11149 -0.939667 1.60111 2.79227 -1.85375</i>
                        <i>0.0879294 0.992143 -0.0889936 0.938463 -0.0525526 0.341359 0.334 -0.113533 -0.935711 1.59992 2.79123 -1.85378</i>
                        <i>0.0788042 0.992399 -0.0945191 0.934447 -0.0405062 0.353792 0.347274 -0.116203 -0.930536 1.59838 2.78972 -1.85375</i>
                        <i>0.0686993 0.992512 -0.100993 0.929567 -0.0269303 0.367668 0.362195 -0.119139 -0.924457 1.59661 2.78789 -1.85369</i>
                        <i>0.0583432 0.992444 -0.107938 0.924084 -0.012781 0.381976 0.37771 -0.122029 -0.917848 1.59475 2.78589 -1.85361</i>
                        <i>0.0484363 0.992202 -0.114844 0.918366 0.000972626 0.395731 0.392757 -0.124636 -0.911157 1.59291 2.7839 -1.85354</i>
                        <i>0.0396455 0.991839 -0.121179 0.912891 0.0133562 0.407986 0.406275 -0.126798 -0.904911 1.59124 2.78206 -1.85347</i>
                        <i>0.0326062 0.991444 -0.126391 0.908224 0.0233965 0.41783 0.417212 -0.128415 -0.899691 1.58986 2.78054 -1.85342</i>
                        <i>0.0279322 0.991131 -0.129923 0.904982 0.0301262 0.424382 0.424532 -0.129432 -0.896114 1.58894 2.77951 -1.85338</i>
                        <i>0.0262354 0.991006 -0.131222 0.903776 0.0325829 0.426764 0.427202 -0.129791 -0.894792 1.5886 2.77913 -1.85337</i>
                    </KeyFrames>
                </p>
            </i>
            <i>
                <p>
                    <Name><![CDATA[spine2]]></Name>
                    <Exclude>0</Exclude>
                    <Additive>0</Additive>
                    <IKPriority>0</IKPriority>
                    <IKRotLimits>-1e+010 -1e+010 -1e+010 1e+010 1e+010 1e+010</IKRotLimits>
                    <IKRotLimitOrder>0</IKRotLimitOrder>
                    <KeyFrames count="60">
                        <i>0.178063 0.894978 -0.409034 0.896926 0.0233581 0.441564 0.404744 -0.445499 -0.798569 1.59282 2.93771 -1.8744</i>
                        <i>0.180068 0.8914 -0.415912 0.899217 0.0222216 0.436939 0.39873 -0.452673 -0.79756 1.59256 2.94025 -1.87348</i>
                        <i>0.183523 0.88336 -0.431272 0.905225 0.0191831 0.4245 0.383259 -0.468303 -0.796118 1.59213 2.94586 -1.87142</i>
                        <i>0.184757 0.875117 -0.447252 0.913586 0.0148099 0.406375 0.362249 -0.483684 -0.796759 1.59199 2.9515 -1.86927</i>
                        <i>0.180931 0.871394 -0.456001 0.922973 0.00969465 0.384742 0.339682 -0.490489 -0.802519 1.59254 2.95406 -1.8681</i>
                        <i>0.172264 0.873877 -0.454603 0.932307 0.00434915 0.361642 0.318008 -0.486128 -0.813973 1.59372 2.95285 -1.86828</i>
                        <i>0.16193 0.87956 -0.447384 0.940842 -0.000860322 0.338845 0.29765 -0.475786 -0.827666 1.59513 2.94978 -1.86923</i>
                        <i>0.152038 0.886315 -0.437414 0.94799 -0.0055538 0.318252 0.279642 -0.46305 -0.841062 1.59647 2.94569 -1.87054</i>
                        <i>0.144278 0.892141 -0.428099 0.953327 -0.00935531 0.301794 0.265238 -0.451661 -0.851852 1.59751 2.94138 -1.87176</i>
                        <i>0.140023 0.895201 -0.423094 0.956524 -0.0118857 0.291413 0.255844 -0.445504 -0.857945 1.59808 2.93767 -1.8724</i>
                        <i>0.138683 0.89546 -0.422987 0.958196 -0.0133975 0.285797 0.250253 -0.44494 -0.859885 1.59821 2.93396 -1.87237</i>
                        <i>0.138471 0.89449 -0.425104 0.959266 -0.014414 0.282137 0.246242 -0.446855 -0.86005 1.59813 2.92968 -1.87204</i>
                        <i>0.138876 0.892917 -0.428268 0.959852 -0.0149384 0.280109 0.243716 -0.449974 -0.859142 1.59792 2.92562 -1.87158</i>
                        <i>0.139415 0.891357 -0.431331 0.960063 -0.014966 0.279384 0.242575 -0.453055 -0.857845 1.59766 2.92261 -1.87116</i>
                        <i>0.139625 0.890429 -0.433176 0.959998 -0.0144988 0.279632 0.242712 -0.454891 -0.856834 1.59744 2.92145 -1.87095</i>
                        <i>0.139173 0.890585 -0.433001 0.959747 -0.0135843 0.280536 0.243959 -0.454615 -0.856627 1.59731 2.92165 -1.87109</i>
                        <i>0.138222 0.891575 -0.431265 0.959385 -0.0124124 0.281825 0.245915 -0.452704 -0.857079 1.59725 2.92212 -1.87148</i>
                        <i>0.137065 0.892963 -0.428755 0.958984 -0.0112017 0.283239 0.248119 -0.449991 -0.857872 1.59722 2.92282 -1.872</i>
                        <i>0.136 0.894304 -0.426292 0.958618 -0.0101592 0.284515 0.250112 -0.447345 -0.858677 1.59719 2.92373 -1.87249</i>
                        <i>0.135337 0.895143 -0.424738 0.958365 -0.00948154 0.285388 0.251436 -0.445678 -0.859157 1.59712 2.9248 -1.87282</i>
                        <i>0.135341 0.895487 -0.424012 0.958146 -0.00932915 0.286129 0.252269 -0.444991 -0.859269 1.59697 2.92602 -1.87299</i>
                        <i>0.135941 0.895665 -0.423445 0.957848 -0.00963924 0.287114 0.253076 -0.444626 -0.859221 1.59679 2.92735 -1.87312</i>
                        <i>0.136952 0.89571 -0.423022 0.957503 -0.0102713 0.288239 0.253834 -0.44452 -0.859052 1.59661 2.92876 -1.87321</i>
                        <i>0.138189 0.895657 -0.422731 0.957144 -0.0110845 0.289402 0.254519 -0.444607 -0.858804 1.59645 2.9302 -1.87325</i>
                        <i>0.139469 0.89554 -0.422561 0.956801 -0.0119383 0.290498 0.255108 -0.444822 -0.858518 1.59636 2.93165 -1.87323</i>
                        <i>0.140606 0.895392 -0.422497 0.956509 -0.0126916 0.291426 0.255578 -0.445098 -0.858235 1.59637 2.93307 -1.87317</i>
                        <i>0.141414 0.895249 -0.422529 0.956301 -0.0132036 0.292084 0.255909 -0.44537 -0.857995 1.59651 2.93442 -1.87306</i>
                        <i>0.14171 0.895147 -0.422646 0.956212 -0.0133334 0.29237 0.256079 -0.445571 -0.85784 1.59682 2.93566 -1.87289</i>
                        <i>0.141308 0.89512 -0.422838 0.956275 -0.0129407 0.292182 0.256066 -0.445637 -0.85781 1.59733 2.93675 -1.87267</i>
                        <i>0.140023 0.895201 -0.423094 0.956524 -0.0118857 0.291413 0.255844 -0.445504 -0.857945 1.59808 2.93767 -1.8724</i>
                        <i>0.137545 0.895443 -0.423394 0.957137 -0.0101575 0.289457 0.254892 -0.445059 -0.858459 1.59997 2.93821 -1.87171</i>
                        <i>0.134066 0.895825 -0.423702 0.95814 -0.00803383 0.286186 0.252969 -0.444334 -0.859403 1.6034 2.93833 -1.87044</i>
                        <i>0.130154 0.896271 -0.423979 0.959331 -0.00580565 0.282224 0.250487 -0.443469 -0.860576 1.6076 2.9382 -1.86888</i>
                        <i>0.12637 0.896724 -0.424167 0.960506 -0.0037495 0.278233 0.247908 -0.442575 -0.861783 1.61182 2.93802 -1.86733</i>
                        <i>0.123267 0.897146 -0.424186 0.961466 -0.0021197 0.274917 0.245741 -0.441728 -0.862837 1.61529 2.938 -1.86607</i>
                        <i>0.121382 0.897517 -0.423946 0.962012 -0.00115049 0.273004 0.244537 -0.440979 -0.863562 1.61727 2.93837 -1.8654</i>
                        <i>0.12133 0.897587 -0.423813 0.962014 -0.00113719 0.272999 0.244558 -0.440837 -0.863629 1.61728 2.93855 -1.86542</i>
                        <i>0.121184 0.897783 -0.423439 0.962017 -0.00110005 0.272986 0.244617 -0.440437 -0.863816 1.6173 2.93906 -1.86548</i>
                        <i>0.120958 0.898084 -0.422864 0.962023 -0.00104297 0.272967 0.244706 -0.439822 -0.864104 1.61733 2.93984 -1.86557</i>
                        <i>0.12067 0.898469 -0.422127 0.96203 -0.00096981 0.272942 0.244821 -0.439035 -0.864471 1.61738 2.94083 -1.86568</i>
                        <i>0.120333 0.898918 -0.421268 0.962038 -0.000884592 0.272913 0.244954 -0.438116 -0.8649 1.61743 2.94198 -1.86582</i>
                        <i>0.119964 0.899408 -0.420325 0.962047 -0.000791138 0.272882 0.2451 -0.437109 -0.865368 1.61748 2.94325 -1.86597</i>
                        <i>0.119577 0.89992 -0.419339 0.962057 -0.000693545 0.272849 0.245251 -0.436055 -0.865857 1.61754 2.94457 -1.86612</i>
                        <i>0.11919 0.900431 -0.41835 0.962066 -0.000595729 0.272815 0.245402 -0.434998 -0.866345 1.6176 2.94588 -1.86628</i>
                        <i>0.118818 0.900922 -0.4174 0.962075 -0.00050176 0.272784 0.245547 -0.433981 -0.866814 1.61765 2.94715 -1.86642</i>
                        <i>0.118477 0.90137 -0.416528 0.962084 -0.00041565 0.272754 0.245679 -0.43305 -0.867243 1.6177 2.9483 -1.86656</i>
                        <i>0.118183 0.901755 -0.415777 0.962091 -0.000341553 0.272729 0.245793 -0.432247 -0.867611 1.61775 2.94929 -1.86668</i>
                        <i>0.117953 0.902056 -0.415189 0.962096 -0.000283558 0.27271 0.245882 -0.431618 -0.867898 1.61778 2.95007 -1.86677</i>
                        <i>0.117802 0.902252 -0.414805 0.9621 -0.000245755 0.272697 0.245939 -0.431208 -0.868086 1.6178 2.95057 -1.86683</i>
                        <i>0.117749 0.902322 -0.414668 0.962101 -0.00023223 0.272692 0.24596 -0.431062 -0.868153 1.61781 2.95075 -1.86685</i>
                        <i>0.121395 0.90195 -0.414426 0.958976 0.00118424 0.283484 0.256179 -0.431838 -0.864805 1.61629 2.9504 -1.86731</i>
                        <i>0.127151 0.901238 -0.41425 0.953897 0.00336686 0.300117 0.271871 -0.433312 -0.85926 1.61392 2.94943 -1.868</i>
                        <i>0.134419 0.900299 -0.413996 0.947114 0.00612665 0.320839 0.291388 -0.435228 -0.851863 1.61094 2.948 -1.86886</i>
                        <i>0.1426 0.899244 -0.413553 0.938956 0.00926511 0.343914 0.313094 -0.43735 -0.843029 1.60757 2.94624 -1.86984</i>
                        <i>0.151097 0.898168 -0.412873 0.929881 0.012569 0.367646 0.335397 -0.439472 -0.83329 1.60407 2.94432 -1.87088</i>
                        <i>0.159319 0.897157 -0.41198 0.920507 0.0158108 0.390405 0.356768 -0.441429 -0.823321 1.60066 2.94239 -1.87191</i>
                        <i>0.166688 0.896279 -0.410974 0.911606 0.0187528 0.410637 0.375752 -0.443095 -0.813927 1.59759 2.94059 -1.87287</i>
                        <i>0.172638 0.89559 -0.410018 0.90407 0.0211524 0.426861 0.390965 -0.444378 -0.806024 1.5951 2.9391 -1.87366</i>
                        <i>0.176614 0.89514 -0.409307 0.89886 0.0227673 0.437645 0.401072 -0.445204 -0.800584 1.59343 2.93809 -1.8742</i>
                        <i>0.178063 0.894978 -0.409034 0.896926 0.0233581 0.441564 0.404744 -0.445499 -0.798569 1.59282 2.93771 -1.8744</i>
                    </KeyFrames>
                </p>
            </i>
            <i>
                <p>
                    <Name><![CDATA[head]]></Name>
                    <Exclude>0</Exclude>
                    <Additive>0</Additive>
                    <IKPriority>0</IKPriority>
                    <IKRotLimits>-1e+010 -1e+010 -1e+010 1e+010 1e+010 1e+010</IKRotLimits>
                    <IKRotLimitOrder>0</IKRotLimitOrder>
                    <KeyFrames count="60">
                        <i>0.15841 0.94546 -0.284626 -0.986859 0.142306 -0.0765341 -0.031856 0.293009 0.955579 1.64282 3.16821 -1.98112</i>
                        <i>0.173875 0.939827 -0.294096 -0.981152 0.190899 0.0299679 0.0843072 0.283342 0.955306 1.64337 3.16953 -1.98256</i>
                        <i>0.205987 0.923101 -0.324737 -0.911427 0.301776 0.279698 0.356187 0.23836 0.903502 1.64442 3.17235 -1.98573</i>
                        <i>0.228018 0.900192 -0.371027 -0.728164 0.410631 0.54878 0.646363 0.145037 0.749119 1.64513 3.17507 -1.98899</i>
                        <i>0.222753 0.887485 -0.403425 -0.496551 0.459407 0.736466 0.838939 0.0362706 0.543016 1.64486 3.17628 -1.99071</i>
                        <i>0.19708 0.894187 -0.401981 -0.250596 0.442348 0.861121 0.947819 -0.0689749 0.311258 1.6436 3.1759 -1.99031</i>
                        <i>0.169055 0.910631 -0.377056 0.0362792 0.376554 0.925684 0.984939 -0.170171 0.0306214 1.64197 3.17481 -1.98867</i>
                        <i>0.15182 0.927736 -0.340966 0.298725 0.285765 0.91055 0.942186 -0.240094 -0.233753 1.64036 3.17307 -1.98643</i>
                        <i>0.146026 0.939672 -0.309344 0.479833 0.206176 0.852791 0.865122 -0.272963 -0.420779 1.63906 3.17082 -1.98429</i>
                        <i>0.144358 0.944972 -0.293579 0.548743 0.170438 0.818432 0.823433 -0.279247 -0.493943 1.63833 3.16826 -1.98302</i>
                        <i>0.142609 0.94647 -0.28958 0.553498 0.166289 0.816081 0.82055 -0.276662 -0.500155 1.63798 3.16496 -1.98257</i>
                        <i>0.141403 0.947333 -0.287342 0.556636 0.163941 0.81442 0.818634 -0.275107 -0.504138 1.63768 3.16088 -1.98235</i>
                        <i>0.140629 0.947684 -0.286563 0.558413 0.163086 0.813374 0.817556 -0.274404 -0.506265 1.63742 3.15689 -1.98231</i>
                        <i>0.140192 0.947638 -0.286931 0.55908 0.16341 0.812851 0.817175 -0.274373 -0.506896 1.63719 3.15384 -1.98242</i>
                        <i>0.140016 0.947301 -0.288126 0.558882 0.164596 0.812748 0.817341 -0.274826 -0.506383 1.63698 3.15257 -1.98264</i>
                        <i>0.140024 0.946781 -0.289828 0.558064 0.166327 0.812957 0.817898 -0.275576 -0.505074 1.6368 3.15262 -1.98292</i>
                        <i>0.140143 0.946183 -0.291714 0.556871 0.168287 0.813372 0.818691 -0.276436 -0.503318 1.63663 3.15294 -1.98323</i>
                        <i>0.140296 0.945619 -0.293465 0.555549 0.170159 0.813887 0.819562 -0.27722 -0.501465 1.63647 3.15352 -1.98352</i>
                        <i>0.140402 0.945199 -0.294764 0.554344 0.17163 0.814399 0.82036 -0.277744 -0.499868 1.63631 3.15434 -1.98375</i>
                        <i>0.140377 0.945037 -0.295296 0.553504 0.172386 0.814811 0.820931 -0.277828 -0.498883 1.63615 3.15538 -1.98388</i>
                        <i>0.139491 0.944648 -0.296954 0.557286 0.172995 0.812099 0.81852 -0.278769 -0.502308 1.63609 3.1566 -1.98392</i>
                        <i>0.137364 0.943657 -0.301069 0.567786 0.174043 0.804567 0.811634 -0.281461 -0.511888 1.63621 3.15793 -1.9839</i>
                        <i>0.134418 0.942342 -0.306469 0.581997 0.175235 0.794086 0.802005 -0.285103 -0.524885 1.63646 3.15932 -1.98383</i>
                        <i>0.131166 0.940974 -0.312033 0.596983 0.176312 0.78264 0.791459 -0.288934 -0.538619 1.63682 3.16074 -1.98373</i>
