<?xml version="1.0" encoding="ISO-8859-1" ?>
<Animl Version="1">
    <ModellingPackage><![CDATA[Maya.2010]]></ModellingPackage>
    <SrcFile><![CDATA[anims\turrets\artillery\blue\~src\artillery_m102\artillery_m102_reload_crewman_a.mb]]></SrcFile>
    <FramesPerSecond>30</FramesPerSecond>
    <TotalFrames>100</TotalFrames>
    <Skeleton>
        <RefFrame>
            <Name><![CDATA[soldier_ref_frame]]></Name>
            <Exclude>0</Exclude>
            <Additive>0</Additive>
            <IKPriority>0</IKPriority>
            <IKRotLimits>-1e+010 -1e+010 -1e+010 1e+010 1e+010 1e+010</IKRotLimits>
            <IKRotLimitOrder>0</IKRotLimitOrder>
            <KeyFrames count="100">
                <i>1 0 0 0 1 0 0 0 1 1.91 1.34 -1.08</i>
                <i>1 0 0 0 1 0 0 0 1 1.91 1.34 -1.08</i>
                <i>1 0 0 0 1 0 0 0 1 1.91 1.34 -1.08</i>
                <i>1 0 0 0 1 0 0 0 1 1.91 1.34 -1.08</i>
                <i>1 0 0 0 1 0 0 0 1 1.91 1.34 -1.08</i>
                <i>1 0 0 0 1 0 0 0 1 1.91 1.34 -1.08</i>
                <i>1 0 0 0 1 0 0 0 1 1.91 1.34 -1.08</i>
                <i>1 0 0 0 1 0 0 0 1 1.91 1.34 -1.08</i>
                <i>1 0 0 0 1 0 0 0 1 1.91 1.34 -1.08</i>
                <i>1 0 0 0 1 0 0 0 1 1.91 1.34 -1.08</i>
                <i>1 0 0 0 1 0 0 0 1 1.91 1.34 -1.08</i>
                <i>1 0 0 0 1 0 0 0 1 1.91 1.34 -1.08</i>
                <i>1 0 0 0 1 0 0 0 1 1.91 1.34 -1.08</i>
                <i>1 0 0 0 1 0 0 0 1 1.91 1.34 -1.08</i>
                <i>1 0 0 0 1 0 0 0 1 1.91 1.34 -1.08</i>
                <i>1 0 0 0 1 0 0 0 1 1.91 1.34 -1.08</i>
                <i>1 0 0 0 1 0 0 0 1 1.91 1.34 -1.08</i>
                <i>1 0 0 0 1 0 0 0 1 1.91 1.34 -1.08</i>
                <i>1 0 0 0 1 0 0 0 1 1.91 1.34 -1.08</i>
                <i>1 0 0 0 1 0 0 0 1 1.91 1.34 -1.08</i>
                <i>1 0 0 0 1 0 0 0 1 1.91 1.34 -1.08</i>
                <i>1 0 0 0 1 0 0 0 1 1.91 1.34 -1.08</i>
                <i>1 0 0 0 1 0 0 0 1 1.91 1.34 -1.08</i>
                <i>1 0 0 0 1 0 0 0 1 1.91 1.34 -1.08</i>
                <i>1 0 0 0 1 0 0 0 1 1.91 1.34 -1.08</i>
                <i>1 0 0 0 1 0 0 0 1 1.91 1.34 -1.08</i>
                <i>1 0 0 0 1 0 0 0 1 1.91 1.34 -1.08</i>
                <i>1 0 0 0 1 0 0 0 1 1.91 1.34 -1.08</i>
                <i>1 0 0 0 1 0 0 0 1 1.91 1.34 -1.08</i>
                <i>1 0 0 0 1 0 0 0 1 1.91 1.34 -1.08</i>
                <i>1 0 0 0 1 0 0 0 1 1.91 1.34 -1.08</i>
                <i>1 0 0 0 1 0 0 0 1 1.91 1.34 -1.08</i>
                <i>1 0 0 0 1 0 0 0 1 1.91 1.34 -1.08</i>
                <i>1 0 0 0 1 0 0 0 1 1.91 1.34 -1.08</i>
                <i>1 0 0 0 1 0 0 0 1 1.91 1.34 -1.08</i>
                <i>1 0 0 0 1 0 0 0 1 1.91 1.34 -1.08</i>
                <i>1 0 0 0 1 0 0 0 1 1.91 1.34 -1.08</i>
                <i>1 0 0 0 1 0 0 0 1 1.91 1.34 -1.08</i>
                <i>1 0 0 0 1 0 0 0 1 1.91 1.34 -1.08</i>
                <i>1 0 0 0 1 0 0 0 1 1.91 1.34 -1.08</i>
                <i>1 0 0 0 1 0 0 0 1 1.91 1.34 -1.08</i>
                <i>1 0 0 0 1 0 0 0 1 1.91 1.34 -1.08</i>
                <i>1 0 0 0 1 0 0 0 1 1.91 1.34 -1.08</i>
                <i>1 0 0 0 1 0 0 0 1 1.91 1.34 -1.08</i>
                <i>1 0 0 0 1 0 0 0 1 1.91 1.34 -1.08</i>
                <i>1 0 0 0 1 0 0 0 1 1.91 1.34 -1.08</i>
                <i>1 0 0 0 1 0 0 0 1 1.91 1.34 -1.08</i>
                <i>1 0 0 0 1 0 0 0 1 1.91 1.34 -1.08</i>
                <i>1 0 0 0 1 0 0 0 1 1.91 1.34 -1.08</i>
                <i>1 0 0 0 1 0 0 0 1 1.91 1.34 -1.08</i>
                <i>1 0 0 0 1 0 0 0 1 1.91 1.34 -1.08</i>
                <i>1 0 0 0 1 0 0 0 1 1.91 1.34 -1.08</i>
                <i>1 0 0 0 1 0 0 0 1 1.91 1.34 -1.08</i>
                <i>1 0 0 0 1 0 0 0 1 1.91 1.34 -1.08</i>
                <i>1 0 0 0 1 0 0 0 1 1.91 1.34 -1.08</i>
                <i>1 0 0 0 1 0 0 0 1 1.91 1.34 -1.08</i>
                <i>1 0 0 0 1 0 0 0 1 1.91 1.34 -1.08</i>
                <i>1 0 0 0 1 0 0 0 1 1.91 1.34 -1.08</i>
                <i>1 0 0 0 1 0 0 0 1 1.91 1.34 -1.08</i>
                <i>1 0 0 0 1 0 0 0 1 1.91 1.34 -1.08</i>
                <i>1 0 0 0 1 0 0 0 1 1.91 1.34 -1.08</i>
                <i>1 0 0 0 1 0 0 0 1 1.91 1.34 -1.08</i>
                <i>1 0 0 0 1 0 0 0 1 1.91 1.34 -1.08</i>
                <i>1 0 0 0 1 0 0 0 1 1.91 1.34 -1.08</i>
                <i>1 0 0 0 1 0 0 0 1 1.91 1.34 -1.08</i>
                <i>1 0 0 0 1 0 0 0 1 1.91 1.34 -1.08</i>
                <i>1 0 0 0 1 0 0 0 1 1.91 1.34 -1.08</i>
                <i>1 0 0 0 1 0 0 0 1 1.91 1.34 -1.08</i>
                <i>1 0 0 0 1 0 0 0 1 1.91 1.34 -1.08</i>
                <i>1 0 0 0 1 0 0 0 1 1.91 1.34 -1.08</i>
                <i>1 0 0 0 1 0 0 0 1 1.91 1.34 -1.08</i>
                <i>1 0 0 0 1 0 0 0 1 1.91 1.34 -1.08</i>
                <i>1 0 0 0 1 0 0 0 1 1.91 1.34 -1.08</i>
                <i>1 0 0 0 1 0 0 0 1 1.91 1.34 -1.08</i>
                <i>1 0 0 0 1 0 0 0 1 1.91 1.34 -1.08</i>
                <i>1 0 0 0 1 0 0 0 1 1.91 1.34 -1.08</i>
                <i>1 0 0 0 1 0 0 0 1 1.91 1.34 -1.08</i>
                <i>1 0 0 0 1 0 0 0 1 1.91 1.34 -1.08</i>
                <i>1 0 0 0 1 0 0 0 1 1.91 1.34 -1.08</i>
                <i>1 0 0 0 1 0 0 0 1 1.91 1.34 -1.08</i>
                <i>1 0 0 0 1 0 0 0 1 1.91 1.34 -1.08</i>
                <i>1 0 0 0 1 0 0 0 1 1.91 1.34 -1.08</i>
                <i>1 0 0 0 1 0 0 0 1 1.91 1.34 -1.08</i>
                <i>1 0 0 0 1 0 0 0 1 1.91 1.34 -1.08</i>
                <i>1 0 0 0 1 0 0 0 1 1.91 1.34 -1.08</i>
                <i>1 0 0 0 1 0 0 0 1 1.91 1.34 -1.08</i>
                <i>1 0 0 0 1 0 0 0 1 1.91 1.34 -1.08</i>
                <i>1 0 0 0 1 0 0 0 1 1.91 1.34 -1.08</i>
                <i>1 0 0 0 1 0 0 0 1 1.91 1.34 -1.08</i>
                <i>1 0 0 0 1 0 0 0 1 1.91 1.34 -1.08</i>
                <i>1 0 0 0 1 0 0 0 1 1.91 1.34 -1.08</i>
                <i>1 0 0 0 1 0 0 0 1 1.91 1.34 -1.08</i>
                <i>1 0 0 0 1 0 0 0 1 1.91 1.34 -1.08</i>
                <i>1 0 0 0 1 0 0 0 1 1.91 1.34 -1.08</i>
                <i>1 0 0 0 1 0 0 0 1 1.91 1.34 -1.08</i>
                <i>1 0 0 0 1 0 0 0 1 1.91 1.34 -1.08</i>
                <i>1 0 0 0 1 0 0 0 1 1.91 1.34 -1.08</i>
                <i>1 0 0 0 1 0 0 0 1 1.91 1.34 -1.08</i>
                <i>1 0 0 0 1 0 0 0 1 1.91 1.34 -1.08</i>
                <i>1 0 0 0 1 0 0 0 1 1.91 1.34 -1.08</i>
            </KeyFrames>
        </RefFrame>
        <Bones count="23">
            <i>
                <p>
                    <Name><![CDATA[pelvis]]></Name>
                    <Exclude>0</Exclude>
                    <Additive>0</Additive>
                    <IKPriority>0</IKPriority>
                    <IKRotLimits>-1e+010 -1e+010 -1e+010 1e+010 1e+010 1e+010</IKRotLimits>
                    <IKRotLimitOrder>2</IKRotLimitOrder>
                    <KeyFrames count="100">
                        <i>1 0 0 0 1 0 0 0 1 1.8817 2.24043 -1.03912</i>
                        <i>1 0 0 0 1 0 0 0 1 1.89195 2.21542 -1.03912</i>
                        <i>1 0 0 0 1 0 0 0 1 1.91308 2.16407 -1.03912</i>
                        <i>1 0 0 0 1 0 0 0 1 1.93072 2.12198 -1.03912</i>
                        <i>1 0 0 0 1 0 0 0 1 1.93047 2.12471 -1.03912</i>
                        <i>1 0 0 0 1 0 0 0 1 1.9111 2.18019 -1.04502</i>
                        <i>1 0 0 0 1 0 0 0 1 1.88219 2.26471 -1.05684</i>
                        <i>1 0 0 0 1 0 0 0 1 1.84548 2.36635 -1.0657</i>
                        <i>1 0 0 0 1 0 0 0 1 1.80273 2.47322 -1.06274</i>
                        <i>1 0 0 0 1 0 0 0 1 1.75568 2.57343 -1.03912</i>
                        <i>1 0 0 0 1 0 0 0 1 1.70415 2.67079 -0.985712</i>
                        <i>1 0 0 0 1 0 0 0 1 1.64695 2.77325 -0.908433</i>
                        <i>1 0 0 0 1 0 0 0 1 1.5844 2.87505 -0.820943</i>
                        <i>1 0 0 0 1 0 0 0 1 1.5168 2.97047 -0.736905</i>
                        <i>1 0 0 0 1 0 0 0 1 1.44445 3.05377 -0.669984</i>
                        <i>1 0 0 0 1 0 0 0 1 1.3587 3.12507 -0.621564</i>
                        <i>1 0 0 0 1 0 0 0 1 1.25934 3.18821 -0.582538</i>
                        <i>1 0 0 0 1 0 0 0 1 1.15936 3.24298 -0.550826</i>
                        <i>1 0 0 0 1 0 0 0 1 1.07175 3.28919 -0.524349</i>
                        <i>1 0 0 0 1 0 0 0 1 1.00951 3.32665 -0.501028</i>
                        <i>1 0 0 0 1 0 0 0 1 0.967007 3.35845 -0.478917</i>
                        <i>1 0 0 0 1 0 0 0 1 0.92968 3.38786 -0.457564</i>
                        <i>1 0 0 0 1 0 0 0 1 0.8971 3.41498 -0.43713</i>
                        <i>1 0 0 0 1 0 0 0 1 0.868838 3.43991 -0.417777</i>
                        <i>1 0 0 0 1 0 0 0 1 0.844467 3.46275 -0.399668</i>
                        <i>1 0 0 0 1 0 0 0 1 0.823557 3.48361 -0.382965</i>
                        <i>1 0 0 0 1 0 0 0 1 0.805681 3.50257 -0.36783</i>
                        <i>1 0 0 0 1 0 0 0 1 0.790411 3.51974 -0.354424</i>
                        <i>1 0 0 0 1 0 0 0 1 0.777317 3.53521 -0.34291</i>
                        <i>1 0 0 0 1 0 0 0 1 0.765973 3.54909 -0.33345</i>
                        <i>1 0 0 0 1 0 0 0 1 0.756791 3.56173 -0.325658</i>
                        <i>1 0 0 0 1 0 0 0 1 0.750446 3.57321 -0.31915</i>
                        <i>1 0 0 0 1 0 0 0 1 0.746899 3.58324 -0.314095</i>
                        <i>1 0 0 0 1 0 0 0 1 0.746113 3.59155 -0.31066</i>
                        <i>1 0 0 0 1 0 0 0 1 0.748051 3.59784 -0.309012</i>
                        <i>1 0 0 0 1 0 0 0 1 0.752673 3.60183 -0.309319</i>
                        <i>1 0 0 0 1 0 0 0 1 0.759941 3.60322 -0.311749</i>
                        <i>1 0 0 0 1 0 0 0 1 0.769819 3.60173 -0.316469</i>
                        <i>1 0 0 0 1 0 0 0 1 0.782268 3.59708 -0.323647</i>
                        <i>1 0 0 0 1 0 0 0 1 0.79725 3.58897 -0.33345</i>
                        <i>1 0 0 0 1 0 0 0 1 0.824365 3.56532 -0.35484</i>
                        <i>1 0 0 0 1 0 0 0 1 0.867604 3.52238 -0.390917</i>
                        <i>1 0 0 0 1 0 0 0 1 0.91851 3.47239 -0.433057</i>
                        <i>1 0 0 0 1 0 0 0 1 0.96863 3.42755 -0.472635</i>
                        <i>1 0 0 0 1 0 0 0 1 1.00951 3.40009 -0.501028</i>
                        <i>1 0 0 0 1 0 0 0 1 1.03234 3.38609 -0.512053</i>
                        <i>1 0 0 0 1 0 0 0 1 1.04276 3.37739 -0.511458</i>
                        <i>1 0 0 0 1 0 0 0 1 1.05398 3.37988 -0.50852</i>
                        <i>1 0 0 0 1 0 0 0 1 1.0792 3.39948 -0.512511</i>
                        <i>1 0 0 0 1 0 0 0 1 1.13164 3.44207 -0.532706</i>
                        <i>1 0 0 0 1 0 0 0 1 1.22529 3.46564 -0.574042</i>
                        <i>1 0 0 0 1 0 0 0 1 1.35134 3.43352 -0.630335</i>
                        <i>1 0 0 0 1 0 0 0 1 1.48879 3.35967 -0.694181</i>
                        <i>1 0 0 0 1 0 0 0 1 1.61667 3.25803 -0.758176</i>
                        <i>1 0 0 0 1 0 0 0 1 1.71396 3.14253 -0.814914</i>
                        <i>1 0 0 0 1 0 0 0 1 1.77941 2.99316 -0.870641</i>
                        <i>1 0 0 0 1 0 0 0 1 1.82701 2.80062 -0.930295</i>
                        <i>1 0 0 0 1 0 0 0 1 1.85866 2.59495 -0.984505</i>
                        <i>1 0 0 0 1 0 0 0 1 1.87626 2.40616 -1.0239</i>
                        <i>1 0 0 0 1 0 0 0 1 1.8817 2.2643 -1.03912</i>
                        <i>1 0 0 0 1 0 0 0 1 1.8817 2.17259 -1.03912</i>
                        <i>1 0 0 0 1 0 0 0 1 1.8817 2.11103 -1.03912</i>
                        <i>1 0 0 0 1 0 0 0 1 1.8817 2.07475 -1.03912</i>
                        <i>1 0 0 0 1 0 0 0 1 1.8817 2.05887 -1.03912</i>
                        <i>1 0 0 0 1 0 0 0 1 1.8817 2.05855 -1.03912</i>
                        <i>1 0 0 0 1 0 0 0 1 1.8817 2.08975 -1.03912</i>
                        <i>1 0 0 0 1 0 0 0 1 1.8817 2.15571 -1.03912</i>
                        <i>1 0 0 0 1 0 0 0 1 1.8817 2.23247 -1.03912</i>
                        <i>1 0 0 0 1 0 0 0 1 1.8817 2.29609 -1.03912</i>
                        <i>1 0 0 0 1 0 0 0 1 1.8817 2.32262 -1.03912</i>
                        <i>1 0 0 0 1 0 0 0 1 1.8817 2.31912 -1.03912</i>
                        <i>1 0 0 0 1 0 0 0 1 1.8817 2.30956 -1.03912</i>
                        <i>1 0 0 0 1 0 0 0 1 1.8817 2.29534 -1.03912</i>
                        <i>1 0 0 0 1 0 0 0 1 1.8817 2.27789 -1.03912</i>
                        <i>1 0 0 0 1 0 0 0 1 1.8817 2.25862 -1.03912</i>
                        <i>1 0 0 0 1 0 0 0 1 1.8817 2.23893 -1.03912</i>
                        <i>1 0 0 0 1 0 0 0 1 1.8817 2.22025 -1.03912</i>
                        <i>1 0 0 0 1 0 0 0 1 1.8817 2.20398 -1.03912</i>
                        <i>1 0 0 0 1 0 0 0 1 1.8817 2.19154 -1.03912</i>
                        <i>1 0 0 0 1 0 0 0 1 1.8817 2.18434 -1.03912</i>
                        <i>1 0 0 0 1 0 0 0 1 1.8817 2.18258 -1.03912</i>
                        <i>1 0 0 0 1 0 0 0 1 1.8817 2.18491 -1.03912</i>
                        <i>1 0 0 0 1 0 0 0 1 1.8817 2.19041 -1.03912</i>
                        <i>1 0 0 0 1 0 0 0 1 1.8817 2.19817 -1.03912</i>
                        <i>1 0 0 0 1 0 0 0 1 1.8817 2.20725 -1.03912</i>
                        <i>1 0 0 0 1 0 0 0 1 1.8817 2.21674 -1.03912</i>
                        <i>1 0 0 0 1 0 0 0 1 1.8817 2.22573 -1.03912</i>
                        <i>1 0 0 0 1 0 0 0 1 1.8817 2.23328 -1.03912</i>
                        <i>1 0 0 0 1 0 0 0 1 1.8817 2.23849 -1.03912</i>
                        <i>1 0 0 0 1 0 0 0 1 1.8817 2.24043 -1.03912</i>
                        <i>1 0 0 0 1 0 0 0 1 1.8817 2.24043 -1.03912</i>
                        <i>1 0 0 0 1 0 0 0 1 1.8817 2.24043 -1.03912</i>
                        <i>1 0 0 0 1 0 0 0 1 1.8817 2.24043 -1.03912</i>
                        <i>1 0 0 0 1 0 0 0 1 1.8817 2.24043 -1.03912</i>
                        <i>1 0 0 0 1 0 0 0 1 1.8817 2.24043 -1.03912</i>
                        <i>1 0 0 0 1 0 0 0 1 1.8817 2.24043 -1.03912</i>
                        <i>1 0 0 0 1 0 0 0 1 1.8817 2.24043 -1.03912</i>
                        <i>1 0 0 0 1 0 0 0 1 1.8817 2.24043 -1.03912</i>
                        <i>1 0 0 0 1 0 0 0 1 1.8817 2.24043 -1.03912</i>
                        <i>1 0 0 0 1 0 0 0 1 1.8817 2.24043 -1.03912</i>
                    </KeyFrames>
                </p>
            </i>
            <i>
                <p>
                    <Name><![CDATA[spine0]]></Name>
                    <Exclude>0</Exclude>
                    <Additive>0</Additive>
                    <IKPriority>0</IKPriority>
                    <IKRotLimits>-1e+010 -1e+010 -1e+010 1e+010 1e+010 1e+010</IKRotLimits>
                    <IKRotLimitOrder>0</IKRotLimitOrder>
                    <KeyFrames count="100">
                        <i>-0.49018 0.861385 0.133191 -0.0346449 0.133433 -0.990452 -0.870933 -0.490114 -0.0355635 1.90842 2.38136 -1.05013</i>
                        <i>-0.461584 0.877727 0.128586 -0.0289669 0.129961 -0.991096 -0.886623 -0.461199 -0.034563 1.92361 2.35528 -1.05061</i>
                        <i>-0.397583 0.909905 0.118329 -0.0169813 0.121641 -0.992429 -0.917409 -0.396582 -0.0329109 1.95548 2.30098 -1.05163</i>
                        <i>-0.332855 0.936756 0.108145 -0.00573149 0.112672 -0.993616 -0.942961 -0.33135 -0.0321346 1.98358 2.2551 -1.0526</i>
                        <i>-0.305014 0.946622 0.104277 -0.000799086 0.10924 -0.994015 -0.952347 -0.303272 -0.0325634 1.98798 2.25584 -1.05303</i>
                        <i>-0.311707 0.944577 0.103018 -0.00820194 0.10574 -0.99436 -0.950143 -0.310794 -0.0252126 1.96321 2.31358 -1.05879</i>
                        <i>-0.328926 0.939173 0.0988011 -0.0243686 0.0961467 -0.995069 -0.944041 -0.329712 -0.00873885 1.9208 2.40265 -1.07016</i>
                        <i>-0.360005 0.928088 0.0951316 -0.0412754 0.0860245 -0.995438 -0.932037 -0.362289 0.00733791 1.86689 2.50805 -1.0783</i>
                        <i>-0.398471 0.912336 0.0941516 -0.054436 0.0789475 -0.995391 -0.915564 -0.40176 0.0182056 1.80827 2.61649 -1.07453</i>
                        <i>-0.430965 0.897235 0.0961133 -0.0613093 0.0771518 -0.995133 -0.900283 -0.43476 0.0217591 1.75196 2.71681 -1.05025</i>
                        <i>-0.450438 0.886859 0.102888 -0.0698314 0.0798917 -0.994354 -0.890072 -0.45508 0.0259443 1.6969 2.81409 -0.996199</i>
                        <i>-0.461838 0.879213 0.117001 -0.0883407 0.0856587 -0.9924 -0.882554 -0.468664 0.0381098 1.63752 2.91648 -0.917956</i>
                        <i>-0.470223 0.871543 0.138937 -0.115003 0.0955753 -0.988757 -0.875022 -0.480915 0.0552881 1.57392 3.01829 -0.829249</i>
                        <i>-0.48057 0.860621 0.168477 -0.147572 0.110013 -0.982914 -0.864451 -0.497221 0.0741349 1.50617 3.11377 -0.743864</i>
                        <i>-0.497487 0.842988 0.204643 -0.1833 0.128427 -0.974632 -0.847884 -0.522378 0.090629 1.43435 3.19717 -0.675597</i>
                        <i>-0.52278 0.815728 0.247565 -0.219903 0.151536 -0.96368 -0.823616 -0.558233 0.100161 1.34957 3.26858 -0.625945</i>
                        <i>-0.552092 0.780517 0.293237 -0.254127 0.17744 -0.950755 -0.794112 -0.599424 0.100387 1.25138 3.33181 -0.585874</i>
                        <i>-0.581079 0.74207 0.334185 -0.282104 0.20151 -0.937982 -0.76339 -0.639317 0.0922476 1.15251 3.38665 -0.553333</i>
                        <i>-0.605735 0.707501 0.364042 -0.300824 0.219932 -0.927974 -0.736607 -0.671619 0.079613 1.06573 3.43291 -0.526237</i>
                        <i>-0.622398 0.685464 0.377837 -0.307778 0.22951 -0.923362 -0.719648 -0.690988 0.0681243 1.00377 3.47039 -0.502484</i>
                        <i>-0.631103 0.677568 0.377637 -0.306573 0.229328 -0.923808 -0.712546 -0.698792 0.0629949 0.961135 3.50218 -0.480543</i>
                        <i>-0.636251 0.677281 0.369424 -0.302601 0.221391 -0.927048 -0.70966 -0.701624 0.0640857 0.923545 3.53156 -0.460226</i>
                        <i>-0.640827 0.680603 0.355134 -0.296258 0.20752 -0.932291 -0.708218 -0.702649 0.0686495 0.890589 3.55863 -0.441466</i>
                        <i>-0.646637 0.682793 0.340081 -0.289243 0.19306 -0.937585 -0.705832 -0.704643 0.0726533 0.861855 3.58346 -0.424198</i>
                        <i>-0.653752 0.679506 0.332986 -0.284662 0.18688 -0.940236 -0.701125 -0.709469 0.0712565 0.836927 3.60615 -0.408362</i>
                        <i>-0.663104 0.669426 0.334905 -0.283112 0.189882 -0.940102 -0.692922 -0.718201 0.063611 0.815376 3.62682 -0.393906</i>
                        <i>-0.674826 0.655321 0.33936 -0.282631 0.195293 -0.939138 -0.681711 -0.729668 0.0534253 0.796768 3.64557 -0.380779</i>
                        <i>-0.687141 0.639645 0.344516 -0.282939 0.20116 -0.937806 -0.669166 -0.741882 0.0427553 0.780654 3.66253 -0.368935</i>
                        <i>-0.69819 0.625147 0.348887 -0.283821 0.205696 -0.936555 -0.657249 -0.752915 0.0338151 0.766583 3.67784 -0.35833</i>
                        <i>-0.705908 0.614826 0.351685 -0.285223 0.207738 -0.935678 -0.648338 -0.760811 0.0287187 0.754099 3.69162 -0.348918</i>
                        <i>-0.711682 0.606975 0.353681 -0.28702 0.20829 -0.935005 -0.641193 -0.76694 0.0259784 0.743586 3.70419 -0.340636</i>
                        <i>-0.717999 0.598198 0.355861 -0.289019 0.208879 -0.934258 -0.633203 -0.773647 0.0229162 0.735765 3.71559 -0.333585</i>
                        <i>-0.72444 0.589037 0.358081 -0.291095 0.209463 -0.933482 -0.62486 -0.780487 0.0197217 0.730692 3.72551 -0.327969</i>
                        <i>-0.730611 0.580053 0.360204 -0.293119 0.210008 -0.932726 -0.616676 -0.787042 0.0165906 0.728423 3.7337 -0.323989</i>
                        <i>-0.736137 0.571826 0.362102 -0.294964 0.210481 -0.932038 -0.609179 -0.792914 0.0137245 0.729014 3.73986 -0.321846</i>
                        <i>-0.740667 0.564949 0.363655 -0.296499 0.21086 -0.931465 -0.60291 -0.797729 0.0113298 0.732518 3.74373 -0.321743</i>
                        <i>-0.743862 0.560025 0.364749 -0.297595 0.211121 -0.931056 -0.598421 -0.801124 0.0096156 0.738991 3.74503 -0.323881</i>
                        <i>-0.745383 0.557657 0.36527 -0.29812 0.211244 -0.93086 -0.596262 -0.802742 0.00879154 0.748488 3.7435 -0.328461</i>
                        <i>-0.744882 0.558439 0.365099 -0.297947 0.211203 -0.930925 -0.596975 -0.802209 0.00906378 0.761063 3.73886 -0.335685</i>
                        <i>-0.741974 0.562941 0.364103 -0.296946 0.210967 -0.931298 -0.60108 -0.799118 0.0106309 0.776771 3.73083 -0.345755</i>
                        <i>-0.722959 0.589815 0.35979 -0.297033 0.20483 -0.932639 -0.62378 -0.781129 0.0271109 0.80547 3.7075 -0.366007</i>
                        <i>-0.681157 0.642357 0.351287 -0.298713 0.194225 -0.93437 -0.668428 -0.741387 0.0595826 0.851282 3.6651 -0.39883</i>
                        <i>-0.628204 0.699255 0.341177 -0.299554 0.187332 -0.935507 -0.718071 -0.689891 0.0917819 0.905565 3.61561 -0.437098</i>
                        <i>-0.578702 0.744983 0.33182 -0.297954 0.185611 -0.936361 -0.759162 -0.640741 0.114557 0.959417 3.57111 -0.473914</i>
                        <i>-0.548765 0.770262 0.32489 -0.293579 0.186315 -0.937602 -0.782731 -0.609904 0.123889 1.00377 3.54383 -0.502484</i>
                        <i>-0.544174 0.780305 0.30822 -0.256465 0.195076 -0.946663 -0.798812 -0.594197 0.093966 1.03288 3.52984 -0.517591</i>
                        <i>-0.552848 0.786544 0.275152 -0.167747 0.218392 -0.961335 -0.816223 -0.577628 0.011203 1.05442 3.52038 -0.522099</i>
                        <i>-0.564807 0.791496 0.23351 -0.047237 0.251493 -0.966706 -0.82387 -0.557033 -0.104657 1.07881 3.52096 -0.521846</i>
                        <i>-0.57381 0.796809 0.189306 0.0738237 0.280528 -0.957003 -0.815655 -0.535162 -0.219793 1.11515 3.5382 -0.52521</i>
                        <i>-0.579135 0.801812 0.147311 0.156025 0.286372 -0.945329 -0.800162 -0.524489 -0.290951 1.17226 3.57965 -0.543577</i>
                        <i>-0.573597 0.813455 0.0963255 0.211972 0.26099 -0.941781 -0.791236 -0.519784 -0.322132 1.26547 3.60338 -0.584405</i>
                        <i>-0.550804 0.833997 0.032619 0.270667 0.215456 -0.938253 -0.789528 -0.507965 -0.344409 1.38989 3.57167 -0.64157</i>
                        <i>-0.516613 0.855731 -0.0289138 0.319371 0.161255 -0.933809 -0.794426 -0.491652 -0.356602 1.52454 3.49842 -0.707105</i>
                        <i>-0.479598 0.874379 -0.0738049 0.345355 0.110766 -0.931912 -0.80667 -0.472432 -0.355095 1.64862 3.39753 -0.772769</i>
                        <i>-0.449678 0.888836 -0.0880885 0.335005 0.0764139 -0.939113 -0.827986 -0.451809 -0.332126 1.74147 3.28293 -0.829968</i>
                        <i>-0.408619 0.910391 -0.0649518 0.271183 0.0531505 -0.961059 -0.871488 -0.410321 -0.2686 1.80376 3.13423 -0.884901</i>
                        <i>-0.346381 0.93777 -0.0246375 0.163055 0.0343221 -0.98602 -0.923815 -0.345555 -0.164797 1.85064 2.94191 -0.943566</i>
                        <i>-0.281119 0.959591 0.0125609 0.0390603 0.0245189 -0.998936 -0.958878 -0.280329 -0.0443746 1.88308 2.73615 -0.997237</i>
                        <i>-0.227561 0.973074 0.0366462 -0.06795 0.0216737 -0.997453 -0.97139 -0.229472 0.0611883 1.90173 2.54715 -1.03689</i>
                        <i>-0.205548 0.977494 0.0474848 -0.125337 0.0218275 -0.991874 -0.970588 -0.209829 0.11803 1.90726 2.40521 -1.05279</i>
                        <i>-0.222278 0.9732 0.0589381 -0.141418 0.0276293 -0.989564 -0.964673 -0.228294 0.131487 1.90713 2.31347 -1.05334</i>
                        <i>-0.260921 0.962142 0.0787604 -0.146383 0.0412102 -0.988369 -0.954197 -0.269416 0.130088 1.90807 2.2517 -1.05369</i>
                        <i>-0.311042 0.944921 0.101871 -0.141971 0.0597897 -0.988063 -0.939733 -0.321792 0.115554 1.90984 2.21506 -1.05386</i>
                        <i>-0.36292 0.923661 0.123039 -0.129987 0.0805671 -0.988237 -0.922709 -0.374645 0.0908243 1.91218 2.1987 -1.05386</i>
                        <i>-0.404612 0.904246 0.136484 -0.112326 0.0989743 -0.98873 -0.907564 -0.415382 0.0615244 1.91482 2.19779 -1.05367</i>
                        <i>-0.433454 0.889967 0.141692 -0.0914967 0.112957 -0.989378 -0.896519 -0.441814 0.0324675 1.91752 2.22836 -1.05331</i>
                        <i>-0.456533 0.878143 0.142979 -0.0704513 0.124518 -0.989713 -0.886913 -0.46191 0.00501944 1.92001 2.29369 -1.05285</i>
                        <i>-0.473354 0.86939 0.141763 -0.0519602 0.133096 -0.98974 -0.879339 -0.475863 -0.017828 1.92207 2.36991 -1.05237</i>
                        <i>-0.483506 0.864112 0.139754 -0.0388325 0.138325 -0.989625 -0.874479 -0.483917 -0.0333255 1.92347 2.43315 -1.05199</i>
                        <i>-0.486856 0.862397 0.13872 -0.0338507 0.140065 -0.989563 -0.872826 -0.48647 -0.0389988 1.92399 2.45954 -1.05184</i>
                        <i>-0.484495 0.86389 0.137691 -0.0343758 0.138476 -0.989769 -0.874118 -0.484271 -0.0373938 1.92353 2.45618 -1.05182</i>
                        <i>-0.478184 0.867835 0.134916 -0.035727 0.134269 -0.990301 -0.877533 -0.478366 -0.0331999 1.92228 2.44699 -1.05178</i>
                        <i>-0.469147 0.873369 0.130875 -0.0375432 0.128338 -0.99102 -0.882322 -0.469848 -0.0274203 1.92043 2.43332 -1.05172</i>
                        <i>-0.458606 0.879654 0.126054 -0.0394824 0.121541 -0.991801 -0.887762 -0.459823 -0.0210085 1.91817 2.41649 -1.05164</i>
                        <i>-0.447685 0.885977 0.120922 -0.0412621 0.114618 -0.992552 -0.893239 -0.44934 -0.0147557 1.9157 2.39785 -1.05154</i>
                        <i>-0.437341 0.891794 0.115916 -0.0426708 0.108173 -0.993216 -0.898283 -0.43932 -0.00925476 1.91322 2.37876 -1.05143</i>
                        <i>-0.428342 0.896721 0.111425 -0.0435596 0.102676 -0.993761 -0.902566 -0.430523 -0.00491961 1.91094 2.36058 -1.05131</i>
                        <i>-0.421289 0.900497 0.107799 -0.0438239 0.0985096 -0.994171 -0.905867 -0.423557 -0.00203766 1.90905 2.3447 -1.05119</i>
                        <i>-0.416681 0.902927 0.105352 -0.04338 0.0960104 -0.994435 -0.908017 -0.418933 -0.000836811 1.90777 2.33251 -1.05107</i>
                        <i>-0.415017 0.903804 0.1044 -0.0421405 0.0955297 -0.994534 -0.908837 -0.417148 -0.00155972 1.9073 2.32541 -1.05095</i>
                        <i>-0.417049 0.902787 0.105093 -0.0405651 0.0970249 -0.994455 -0.907978 -0.419 -0.00384249 1.90733 2.32365 -1.05083</i>
                        <i>-0.422595 0.899962 0.10715 -0.0391854 0.0999717 -0.994218 -0.905471 -0.42435 -0.0069821 1.90742 2.32598 -1.05071</i>
                        <i>-0.430818 0.895678 0.110254 -0.0380014 0.104059 -0.993845 -0.901638 -0.432356 -0.0107935 1.90755 2.33147 -1.0506</i>
                        <i>-0.440886 0.890283 0.114091 -0.0370118 0.10897 -0.993356 -0.8968 -0.442179 -0.0150925 1.9077 2.3392 -1.05049</i>
                        <i>-0.451947 0.884161 0.118336 -0.0362126 0.114363 -0.992779 -0.89131 -0.452968 -0.0196683 1.90787 2.34826 -1.05039</i>
                        <i>-0.463121 0.877767 0.122651 -0.0355959 0.119853 -0.992153 -0.88558 -0.463853 -0.0242617 1.90803 2.35773 -1.0503</i>
                        <i>-0.473494 0.87164 0.126676 -0.0351492 0.125007 -0.991533 -0.880095 -0.473937 -0.0285525 1.90818 2.36669 -1.05023</i>
                        <i>-0.482113 0.866405 0.130035 -0.0348555 0.129338 -0.990988 -0.875416 -0.4823 -0.0321566 1.90831 2.37423 -1.05018</i>
                        <i>-0.488002 0.862752 0.132338 -0.0346944 0.132324 -0.990599 -0.872153 -0.488005 -0.0346417 1.90839 2.37943 -1.05014</i>
                        <i>-0.49018 0.861385 0.133191 -0.0346449 0.133433 -0.990452 -0.870933 -0.490114 -0.0355635 1.90842 2.38136 -1.05013</i>
                        <i>-0.49018 0.861385 0.133191 -0.0346449 0.133433 -0.990452 -0.870933 -0.490114 -0.0355635 1.90842 2.38136 -1.05013</i>
                        <i>-0.49018 0.861385 0.133191 -0.0346449 0.133433 -0.990452 -0.870933 -0.490114 -0.0355635 1.90842 2.38136 -1.05013</i>
                        <i>-0.49018 0.861385 0.133191 -0.0346449 0.133433 -0.990452 -0.870933 -0.490114 -0.0355635 1.90842 2.38136 -1.05013</i>
                        <i>-0.49018 0.861385 0.133191 -0.0346449 0.133433 -0.990452 -0.870933 -0.490114 -0.0355635 1.90842 2.38136 -1.05013</i>
                        <i>-0.49018 0.861385 0.133191 -0.0346449 0.133433 -0.990452 -0.870933 -0.490114 -0.0355635 1.90842 2.38136 -1.05013</i>
                        <i>-0.49018 0.861385 0.133191 -0.0346449 0.133433 -0.990452 -0.870933 -0.490114 -0.0355635 1.90842 2.38136 -1.05013</i>
                        <i>-0.49018 0.861385 0.133191 -0.0346449 0.133433 -0.990452 -0.870933 -0.490114 -0.0355635 1.90842 2.38136 -1.05013</i>
                        <i>-0.49018 0.861385 0.133191 -0.0346449 0.133433 -0.990452 -0.870933 -0.490114 -0.0355635 1.90842 2.38136 -1.05013</i>
                        <i>-0.49018 0.861385 0.133191 -0.0346449 0.133433 -0.990452 -0.870933 -0.490114 -0.0355635 1.90842 2.38136 -1.05013</i>
                        <i>-0.49018 0.861385 0.133191 -0.0346449 0.133433 -0.990452 -0.870933 -0.490114 -0.0355635 1.90842 2.38136 -1.05013</i>
                    </KeyFrames>
                </p>
            </i>
            <i>
                <p>
                    <Name><![CDATA[spine1]]></Name>
                    <Exclude>0</Exclude>
                    <Additive>0</Additive>
                    <IKPriority>0</IKPriority>
                    <IKRotLimits>-1e+010 -1e+010 -1e+010 1e+010 1e+010 1e+010</IKRotLimits>
                    <IKRotLimitOrder>0</IKRotLimitOrder>
                    <KeyFrames count="100">
                        <i>-0.84185 0.476141 0.254124 -0.217344 0.1319 -0.967142 -0.494015 -0.869421 -0.00755373 1.82183 2.5336 -1.02659</i>
                        <i>-0.832557 0.493327 0.251947 -0.214857 0.131631 -0.967734 -0.510573 -0.859827 -0.00359568 1.84169 2.51114 -1.02777</i>
                        <i>-0.810777 0.530669 0.247044 -0.209304 0.131315 -0.968993 -0.546655 -0.837345 0.00460335 1.88417 2.4643 -1.03039</i>
                        <i>-0.787198 0.567237 0.241994 -0.203501 0.131494 -0.970204 -0.582157 -0.812989 0.0119218 1.92324 2.42509 -1.03298</i>
                        <i>-0.776141 0.58321 0.23973 -0.200324 0.132432 -0.970738 -0.597892 -0.801454 0.0140454 1.93245 2.42841 -1.03402</i>
                        <i>-0.760344 0.603675 0.239695 -0.201144 0.13205 -0.970621 -0.617591 -0.786219 0.0210221 1.9073 2.48314 -1.0403</i>
                        <i>-0.716569 0.655676 0.237944 -0.203961 0.129256 -0.970408 -0.66703 -0.743896 0.0411116 1.86375 2.56556 -1.05302</i>
                        <i>-0.654193 0.719739 0.232394 -0.206914 0.12523 -0.970311 -0.727474 -0.682856 0.0669996 1.80666 2.66325 -1.06239</i>
                        <i>-0.596693 0.770415 0.224541 -0.209255 0.120751 -0.970377 -0.774706 -0.626003 0.0891619 1.74323 2.7653 -1.05917</i>
                        <i>-0.580637 0.783457 0.221488 -0.211678 0.11742 -0.97026 -0.786164 -0.610253 0.0976624 1.68222 2.86187 -1.0347</i>
                        <i>-0.603249 0.763682 0.229959 -0.218715 0.118872 -0.968521 -0.766977 -0.634555 0.0953191 1.62393 2.95763 -0.979541</i>
                        <i>-0.634876 0.73108 0.249908 -0.233332 0.126926 -0.964078 -0.736538 -0.670382 0.0900022 1.56233 3.05951 -0.898917</i>
                        <i>-0.671782 0.685856 0.27984 -0.254606 0.140972 -0.956714 -0.695618 -0.713953 0.0799204 1.49668 3.16135 -0.806436</i>
                        <i>-0.710111 0.628521 0.317339 -0.281335 0.159878 -0.946198 -0.645441 -0.761184 0.0632939 1.42629 3.25675 -0.715868</i>
                        <i>-0.746566 0.560238 0.358848 -0.311546 0.182194 -0.932601 -0.587859 -0.808046 0.0385202 1.35061 3.33902 -0.641155</i>
                        <i>-0.777804 0.48422 0.40069 -0.339299 0.213144 -0.916212 -0.529053 -0.848587 -0.00148908 1.26058 3.40743 -0.583803</i>
                        <i>-0.800882 0.40808 0.438245 -0.361386 0.254175 -0.897104 -0.477481 -0.87685 -0.0560901 1.15645 3.46602 -0.535452</i>
                        <i>-0.816095 0.340096 0.467251 -0.3786 0.296232 -0.876874 -0.436637 -0.892514 -0.112993 1.0517 3.51542 -0.49535</i>
                        <i>-0.825937 0.287042 0.485216 -0.391485 0.327296 -0.86001 -0.405668 -0.900269 -0.157953 0.959808 3.55666 -0.462573</i>
                        <i>-0.833649 0.254011 0.490416 -0.400629 0.333094 -0.853548 -0.380165 -0.908035 -0.175919 0.894251 3.59105 -0.435989</i>
                        <i>-0.840016 0.233263 0.489859 -0.415664 0.303596 -0.857352 -0.348708 -0.923806 -0.158066 0.849397 3.6222 -0.413669</i>
                        <i>-0.844222 0.213694 0.491552 -0.43983 0.247939 -0.863178 -0.30633 -0.944914 -0.115326 0.810036 3.65245 -0.394306</i>
                        <i>-0.84663 0.194771 0.495259 -0.464876 0.182332 -0.866398 -0.259051 -0.963753 -0.0638238 0.775267 3.68118 -0.37754</i>
                        <i>-0.847307 0.17616 0.501037 -0.485414 0.12594 -0.865166 -0.215508 -0.976272 -0.0211995 0.744422 3.70755 -0.362418</i>
                        <i>-0.846172 0.157615 0.509068 -0.499484 0.0984247 -0.860714 -0.185766 -0.982583 -0.00455813 0.717214 3.73069 -0.347367</i>
                        <i>-0.843739 0.139207 0.518388 -0.507893 0.105366 -0.854952 -0.173636 -0.984642 -0.0181987 0.693185 3.75029 -0.33217</i>
                        <i>-0.840947 0.121791 0.527233 -0.512783 0.131789 -0.848342 -0.172804 -0.983768 -0.0483754 0.67187 3.76697 -0.317945</i>
                        <i>-0.838402 0.106144 0.534618 -0.515258 0.16551 -0.840902 -0.177742 -0.980479 -0.0840724 0.653119 3.78137 -0.304966</i>
                        <i>-0.83673 0.0928407 0.539689 -0.516438 0.194012 -0.834057 -0.18214 -0.976596 -0.114389 0.636799 3.79416 -0.293451</i>
                        <i>-0.836559 0.0823379 0.541655 -0.517663 0.204988 -0.830665 -0.179428 -0.975295 -0.128862 0.62282 3.80608 -0.283488</i>
                        <i>-0.83737 0.0726346 0.541789 -0.51944 0.203002 -0.830044 -0.170274 -0.976481 -0.132259 0.611232 3.81719 -0.274834</i>
                        <i>-0.838165 0.0618652 0.541897 -0.521388 0.200777 -0.829363 -0.160109 -0.977682 -0.136029 0.602235 3.82695 -0.267378</i>
                        <i>-0.838869 0.0507113 0.541966 -0.52338 0.198451 -0.828668 -0.149577 -0.978798 -0.139933 0.595963 3.83518 -0.261349</i>
                        <i>-0.839438 0.0398569 0.541991 -0.525293 0.196166 -0.828001 -0.139322 -0.97976 -0.143733 0.592546 3.84169 -0.256973</i>
                        <i>-0.839858 0.0299873 0.541977 -0.527011 0.194069 -0.827404 -0.129993 -0.980529 -0.147187 0.592107 3.84632 -0.254477</i>
                        <i>-0.840135 0.0217884 0.541939 -0.528422 0.192315 -0.826913 -0.12224 -0.981091 -0.150057 0.594768 3.84891 -0.254085</i>
                        <i>-0.840293 0.015946 0.541898 -0.52942 0.191057 -0.826566 -0.116714 -0.981449 -0.152101 0.600646 3.8493 -0.256019</i>
                        <i>-0.840357 0.013145 0.541873 -0.529895 0.190451 -0.826401 -0.114064 -0.981609 -0.153082 0.60986 3.84732 -0.260502</i>
                        <i>-0.840337 0.0140698 0.541882 -0.529739 0.190651 -0.826456 -0.114938 -0.981557 -0.152758 0.622528 3.84283 -0.267758</i>
                        <i>-0.840204 0.0194039 0.541924 -0.52883 0.191802 -0.826771 -0.119985 -0.981242 -0.150891 0.638777 3.83564 -0.278014</i>
                        <i>-0.841675 0.0573121 0.536934 -0.518842 0.189677 -0.833562 -0.149617 -0.980172 -0.12991 0.672051 3.81645 -0.299587</i>
                        <i>-0.841178 0.140377 0.522219 -0.496322 0.182951 -0.848642 -0.214671 -0.973048 -0.0842218 0.727804 3.78162 -0.335132</i>
                        <i>-0.831438 0.243857 0.499244 -0.468273 0.176071 -0.865863 -0.299049 -0.953694 -0.0322002 0.793912 3.73995 -0.376448</i>
                        <i>-0.812796 0.337561 0.474779 -0.441691 0.174295 -0.880074 -0.37983 -0.925026 0.00743186 0.857971 3.70174 -0.415738</i>
                        <i>-0.796925 0.389271 0.46193 -0.423641 0.184969 -0.886744 -0.430627 -0.90236 0.0175047 0.907701 3.67871 -0.4456</i>
                        <i>-0.802937 0.398569 0.44321 -0.376203 0.237894 -0.895476 -0.462346 -0.885748 -0.041071 0.935998 3.66883 -0.462704</i>
                        <i>-0.826826 0.397363 0.398072 -0.270667 0.339303 -0.900895 -0.49305 -0.852629 -0.172992 0.953094 3.66467 -0.471639</i>
                        <i>-0.852645 0.399747 0.336451 -0.133843 0.455345 -0.880197 -0.505057 -0.795527 -0.334744 0.972093 3.67069 -0.477679</i>
                        <i>-0.871845 0.40828 0.270541 -0.00498493 0.544947 -0.838456 -0.489756 -0.732353 -0.473074 1.00427 3.69239 -0.488565</i>
                        <i>-0.883439 0.417062 0.213529 0.0749338 0.575623 -0.814275 -0.462516 -0.703362 -0.53978 1.05955 3.73593 -0.514837</i>
                        <i>-0.890883 0.428282 0.151332 0.120841 0.544619 -0.829932 -0.437863 -0.721086 -0.536946 1.15436 3.76117 -0.565684</i>
                        <i>-0.891734 0.446433 0.0742119 0.167277 0.477514 -0.862554 -0.42051 -0.756755 -0.500493 1.28409 3.73208 -0.635255</i>
                        <i>-0.882353 0.470584 0.00202242 0.207191 0.392338 -0.896182 -0.422522 -0.79033 -0.443682 1.42651 3.66101 -0.712557</i>
                        <i>-0.862706 0.503631 -0.0457692 0.229045 0.308443 -0.923256 -0.450863 -0.806981 -0.38145 1.55912 3.56088 -0.78652</i>
                        <i>-0.833957 0.549487 -0.0507952 0.218139 0.243713 -0.944997 -0.506885 -0.799167 -0.32311 1.65944 3.4452 -0.846024</i>
                        <i>-0.760155 0.649741 0.00127652 0.163676 0.193391 -0.967373 -0.628789 -0.735144 -0.253354 1.73162 3.29501 -0.896362</i>
                        <i>-0.60238 0.794863 0.0730128 0.0697631 0.143548 -0.987181 -0.795155 -0.589565 -0.141922 1.79158 3.10178 -0.947767</i>
                        <i>-0.392247 0.913256 0.110027 -0.0471198 0.0995071 -0.993921 -0.918652 -0.395047 0.00400112 1.83613 2.8963 -0.995142</i>
                        <i>-0.20909 0.972592 0.101719 -0.155451 0.0696378 -0.985386 -0.965462 -0.221847 0.13663 1.86386 2.70896 -1.0308</i>
                        <i>-0.131247 0.987211 0.0904903 -0.218076 0.060293 -0.974068 -0.967066 -0.147577 0.207374 1.87299 2.56803 -1.04488</i>
                        <i>-0.176121 0.977724 0.114181 -0.241003 0.0696353 -0.968023 -0.95441 -0.198008 0.22337 1.87014 2.47527 -1.04354</i>
                        <i>-0.294006 0.941696 0.163613 -0.254288 0.0879448 -0.963122 -0.921357 -0.324768 0.213605 1.86471 2.41146 -1.04061</i>
                        <i>-0.443036 0.869392 0.218807 -0.260579 0.10865 -0.959319 -0.857798 -0.482029 0.17841 1.85791 2.37274 -1.03686</i>
                        <i>-0.583132 0.769469 0.260529 -0.261417 0.125905 -0.956979 -0.769167 -0.626152 0.127734 1.85079 2.35488 -1.03305</i>
                        <i>-0.685766 0.672589 0.278117 -0.256474 0.134295 -0.957176 -0.681135 -0.727729 0.0804071 1.84516 2.35348 -1.03017</i>
                        <i>-0.753924 0.595696 0.277027 -0.246539 0.134318 -0.95978 -0.608947 -0.791899 0.0455967 1.84148 2.38453 -1.02845</i>
                        <i>-0.803142 0.532097 0.268022 -0.234752 0.130843 -0.963209 -0.54759 -0.836512 0.0198254 1.83846 2.45065 -1.0273</i>
                        <i>-0.83616 0.484919 0.256299 -0.223279 0.125875 -0.966593 -0.500981 -0.865453 0.00302104 1.83622 2.52773 -1.02664</i>
                        <i>-0.855226 0.455891 0.24648 -0.214539 0.121501 -0.969129 -0.471765 -0.881703 -0.00610455 1.83486 2.59168 -1.02635</i>
                        <i>-0.861549 0.446032 0.242464 -0.211066 0.119667 -0.970119 -0.461719 -0.886981 -0.00895682 1.83442 2.61836 -1.02629</i>
                        <i>-0.858343 0.452483 0.24188 -0.210658 0.119064 -0.970282 -0.467835 -0.883789 -0.00687884 1.83452 2.61503 -1.02651</i>
                        <i>-0.849337 0.470028 0.240211 -0.209542 0.117453 -0.97072 -0.484479 -0.874802 -0.00126692 1.83479 2.60592 -1.02708</i>
