<?xml version="1.0" encoding="ISO-8859-1" ?>
<Animl Version="1">
    <ModellingPackage><![CDATA[Maya.2010]]></ModellingPackage>
    <SrcFile><![CDATA[anims\turrets\artillery\blue\~src\artillery_m102\artillery_m102_aim_high_crewman_b.mb]]></SrcFile>
    <FramesPerSecond>30</FramesPerSecond>
    <TotalFrames>30</TotalFrames>
    <Skeleton>
        <RefFrame>
            <Name><![CDATA[soldier_ref_frame]]></Name>
            <Exclude>0</Exclude>
            <Additive>0</Additive>
            <IKPriority>0</IKPriority>
            <IKRotLimits>-1e+010 -1e+010 -1e+010 1e+010 1e+010 1e+010</IKRotLimits>
            <IKRotLimitOrder>0</IKRotLimitOrder>
            <KeyFrames count="30">
                <i>1 0 0 0 1 0 0 0 1 -0.72 1.59 -1.73</i>
                <i>1 0 0 0 1 0 0 0 1 -0.72 1.59 -1.73</i>
                <i>1 0 0 0 1 0 0 0 1 -0.72 1.59 -1.73</i>
                <i>1 0 0 0 1 0 0 0 1 -0.72 1.59 -1.73</i>
                <i>1 0 0 0 1 0 0 0 1 -0.72 1.59 -1.73</i>
                <i>1 0 0 0 1 0 0 0 1 -0.72 1.59 -1.73</i>
                <i>1 0 0 0 1 0 0 0 1 -0.72 1.59 -1.73</i>
                <i>1 0 0 0 1 0 0 0 1 -0.72 1.59 -1.73</i>
                <i>1 0 0 0 1 0 0 0 1 -0.72 1.59 -1.73</i>
                <i>1 0 0 0 1 0 0 0 1 -0.72 1.59 -1.73</i>
                <i>1 0 0 0 1 0 0 0 1 -0.72 1.59 -1.73</i>
                <i>1 0 0 0 1 0 0 0 1 -0.72 1.59 -1.73</i>
                <i>1 0 0 0 1 0 0 0 1 -0.72 1.59 -1.73</i>
                <i>1 0 0 0 1 0 0 0 1 -0.72 1.59 -1.73</i>
                <i>1 0 0 0 1 0 0 0 1 -0.72 1.59 -1.73</i>
                <i>1 0 0 0 1 0 0 0 1 -0.72 1.59 -1.73</i>
                <i>1 0 0 0 1 0 0 0 1 -0.72 1.59 -1.73</i>
                <i>1 0 0 0 1 0 0 0 1 -0.72 1.59 -1.73</i>
                <i>1 0 0 0 1 0 0 0 1 -0.72 1.59 -1.73</i>
                <i>1 0 0 0 1 0 0 0 1 -0.72 1.59 -1.73</i>
                <i>1 0 0 0 1 0 0 0 1 -0.72 1.59 -1.73</i>
                <i>1 0 0 0 1 0 0 0 1 -0.72 1.59 -1.73</i>
                <i>1 0 0 0 1 0 0 0 1 -0.72 1.59 -1.73</i>
                <i>1 0 0 0 1 0 0 0 1 -0.72 1.59 -1.73</i>
                <i>1 0 0 0 1 0 0 0 1 -0.72 1.59 -1.73</i>
                <i>1 0 0 0 1 0 0 0 1 -0.72 1.59 -1.73</i>
                <i>1 0 0 0 1 0 0 0 1 -0.72 1.59 -1.73</i>
                <i>1 0 0 0 1 0 0 0 1 -0.72 1.59 -1.73</i>
                <i>1 0 0 0 1 0 0 0 1 -0.72 1.59 -1.73</i>
                <i>1 0 0 0 1 0 0 0 1 -0.72 1.59 -1.73</i>
            </KeyFrames>
        </RefFrame>
        <Bones count="23">
            <i>
                <p>
                    <Name><![CDATA[pelvis]]></Name>
                    <Exclude>0</Exclude>
                    <Additive>0</Additive>
                    <IKPriority>0</IKPriority>
                    <IKRotLimits>-1e+010 -1e+010 -1e+010 1e+010 1e+010 1e+010</IKRotLimits>
                    <IKRotLimitOrder>2</IKRotLimitOrder>
                    <KeyFrames count="30">
                        <i>1 0 0 0 1 0 0 0 1 -1.31388 2.81402 -1.4542</i>
                        <i>1 0 0 0 1 0 0 0 1 -1.31388 2.81402 -1.4542</i>
                        <i>1 0 0 0 1 0 0 0 1 -1.31388 2.81402 -1.4542</i>
                        <i>1 0 0 0 1 0 0 0 1 -1.31388 2.81402 -1.4542</i>
                        <i>1 0 0 0 1 0 0 0 1 -1.31388 2.81402 -1.4542</i>
                        <i>1 0 0 0 1 0 0 0 1 -1.31388 2.81402 -1.4542</i>
                        <i>1 0 0 0 1 0 0 0 1 -1.31388 2.81402 -1.4542</i>
                        <i>1 0 0 0 1 0 0 0 1 -1.31388 2.81402 -1.4542</i>
                        <i>1 0 0 0 1 0 0 0 1 -1.31388 2.81402 -1.4542</i>
                        <i>1 0 0 0 1 0 0 0 1 -1.31388 2.81402 -1.4542</i>
                        <i>1 0 0 0 1 0 0 0 1 -1.31388 2.81402 -1.4542</i>
                        <i>1 0 0 0 1 0 0 0 1 -1.31388 2.81402 -1.4542</i>
                        <i>1 0 0 0 1 0 0 0 1 -1.31388 2.81402 -1.4542</i>
                        <i>1 0 0 0 1 0 0 0 1 -1.31388 2.81402 -1.4542</i>
                        <i>1 0 0 0 1 0 0 0 1 -1.31388 2.81402 -1.4542</i>
                        <i>1 0 0 0 1 0 0 0 1 -1.31388 2.81402 -1.4542</i>
                        <i>1 0 0 0 1 0 0 0 1 -1.31388 2.81402 -1.4542</i>
                        <i>1 0 0 0 1 0 0 0 1 -1.31388 2.81402 -1.4542</i>
                        <i>1 0 0 0 1 0 0 0 1 -1.31388 2.81402 -1.4542</i>
                        <i>1 0 0 0 1 0 0 0 1 -1.31388 2.81402 -1.4542</i>
                        <i>1 0 0 0 1 0 0 0 1 -1.31388 2.81402 -1.4542</i>
                        <i>1 0 0 0 1 0 0 0 1 -1.31388 2.81402 -1.4542</i>
                        <i>1 0 0 0 1 0 0 0 1 -1.31388 2.81402 -1.4542</i>
                        <i>1 0 0 0 1 0 0 0 1 -1.31388 2.81402 -1.4542</i>
                        <i>1 0 0 0 1 0 0 0 1 -1.31388 2.81402 -1.4542</i>
                        <i>1 0 0 0 1 0 0 0 1 -1.31388 2.81402 -1.4542</i>
                        <i>1 0 0 0 1 0 0 0 1 -1.31388 2.81402 -1.4542</i>
                        <i>1 0 0 0 1 0 0 0 1 -1.31388 2.81402 -1.4542</i>
                        <i>1 0 0 0 1 0 0 0 1 -1.31388 2.81402 -1.4542</i>
                        <i>1 0 0 0 1 0 0 0 1 -1.31388 2.81402 -1.4542</i>
                    </KeyFrames>
                </p>
            </i>
            <i>
                <p>
                    <Name><![CDATA[spine0]]></Name>
                    <Exclude>0</Exclude>
                    <Additive>0</Additive>
                    <IKPriority>0</IKPriority>
                    <IKRotLimits>-1e+010 -1e+010 -1e+010 1e+010 1e+010 1e+010</IKRotLimits>
                    <IKRotLimitOrder>0</IKRotLimitOrder>
                    <KeyFrames count="30">
                        <i>-0.155842 0.983755 0.0891025 0.37047 -0.0254093 0.928497 0.915678 0.177709 -0.360492 -1.4056 2.91764 -1.41486</i>
                        <i>-0.151615 0.984432 0.0889165 0.371004 -0.0267026 0.928247 0.916171 0.173724 -0.36118 -1.4056 2.91764 -1.41486</i>
                        <i>-0.147543 0.985067 0.0887328 0.371517 -0.0279472 0.928005 0.916628 0.169886 -0.361846 -1.4056 2.91764 -1.41486</i>
                        <i>-0.143734 0.985646 0.0885527 0.371994 -0.0291067 0.927778 0.917039 0.166295 -0.362471 -1.4056 2.91764 -1.41486</i>
                        <i>-0.140301 0.986157 0.0883775 0.372421 -0.0301431 0.927574 0.917398 0.163053 -0.363036 -1.4056 2.91764 -1.41486</i>
                        <i>-0.137351 0.986587 0.088207 0.37278 -0.0310177 0.927401 0.917698 0.160261 -0.36352 -1.4056 2.91764 -1.41486</i>
                        <i>-0.13499 0.986928 0.0880401 0.373057 -0.0316919 0.927267 0.917936 0.158016 -0.363902 -1.4056 2.91764 -1.41486</i>
                        <i>-0.133316 0.98717 0.0878734 0.373236 -0.0321282 0.92718 0.918108 0.156406 -0.364164 -1.4056 2.91764 -1.41486</i>
                        <i>-0.132415 0.987307 0.0877012 0.373303 -0.0322911 0.927147 0.918211 0.155507 -0.364289 -1.4056 2.91764 -1.41486</i>
                        <i>-0.132344 0.98733 0.087549 0.373258 -0.0321822 0.927169 0.918239 0.155383 -0.36427 -1.4056 2.91764 -1.41486</i>
                        <i>-0.133056 0.987243 0.0874485 0.37312 -0.0318459 0.927236 0.918193 0.156003 -0.364123 -1.4056 2.91764 -1.41486</i>
                        <i>-0.134466 0.987056 0.0874013 0.372902 -0.0313136 0.927342 0.918076 0.157288 -0.363864 -1.4056 2.91764 -1.41486</i>
                        <i>-0.13649 0.986778 0.0874096 0.372616 -0.0306171 0.927481 0.917893 0.159162 -0.36351 -1.4056 2.91764 -1.41486</i>
                        <i>-0.139048 0.986414 0.0874762 0.372274 -0.0297874 0.927645 0.917648 0.161552 -0.363075 -1.4056 2.91764 -1.41486</i>
                        <i>-0.142002 0.985983 0.0875912 0.371895 -0.0288641 0.927826 0.917349 0.164328 -0.362583 -1.4056 2.91764 -1.41486</i>
                        <i>-0.145175 0.985508 0.0877357 0.371494 -0.0278926 0.928016 0.917015 0.167318 -0.362062 -1.4056 2.91764 -1.41486</i>
                        <i>-0.148435 0.985008 0.0879004 0.37109 -0.0269107 0.928207 0.916657 0.170397 -0.361532 -1.4056 2.91764 -1.41486</i>
                        <i>-0.151657 0.984501 0.0880774 0.370695 -0.0259542 0.928392 0.916289 0.173447 -0.361013 -1.4056 2.91764 -1.41486</i>
                        <i>-0.154725 0.984007 0.0882601 0.370324 -0.0250575 0.928564 0.915926 0.176357 -0.360525 -1.4056 2.91764 -1.41486</i>
                        <i>-0.157527 0.983546 0.0884424 0.369992 -0.0242534 0.928718 0.915582 0.179021 -0.360084 -1.4056 2.91764 -1.41486</i>
                        <i>-0.159953 0.983139 0.0886188 0.369711 -0.0235744 0.928848 0.915275 0.181336 -0.359706 -1.4056 2.91764 -1.41486</i>
                        <i>-0.161941 0.982798 0.0887855 0.369489 -0.0230381 0.92895 0.915015 0.183241 -0.359402 -1.4056 2.91764 -1.41486</i>
                        <i>-0.163449 0.982535 0.0889387 0.36933 -0.0226549 0.929022 0.914811 0.184696 -0.359177 -1.4056 2.91764 -1.41486</i>
                        <i>-0.164431 0.982359 0.0890738 0.36924 -0.0224365 0.929063 0.914672 0.185657 -0.359036 -1.4056 2.91764 -1.41486</i>
                        <i>-0.164835 0.982281 0.0891852 0.369223 -0.0223956 0.929071 0.914606 0.186072 -0.358989 -1.4056 2.91764 -1.41486</i>
                        <i>-0.164601 0.982313 0.0892661 0.369285 -0.0225461 0.929043 0.914623 0.185886 -0.359042 -1.4056 2.91764 -1.41486</i>
                        <i>-0.163664 0.982465 0.0893085 0.369433 -0.0229039 0.928975 0.914731 0.185034 -0.359207 -1.4056 2.91764 -1.41486</i>
                        <i>-0.16195 0.98275 0.089303 0.369675 -0.0234868 0.928864 0.914939 0.183443 -0.359494 -1.4056 2.91764 -1.41486</i>
                        <i>-0.159374 0.983177 0.0892386 0.370017 -0.0243145 0.928707 0.915253 0.181032 -0.359917 -1.4056 2.91764 -1.41486</i>
                        <i>-0.155842 0.983755 0.0891025 0.37047 -0.0254093 0.928497 0.915678 0.177709 -0.360492 -1.4056 2.91764 -1.41486</i>
                    </KeyFrames>
                </p>
            </i>
            <i>
                <p>
                    <Name><![CDATA[spine1]]></Name>
                    <Exclude>0</Exclude>
                    <Additive>0</Additive>
                    <IKPriority>0</IKPriority>
                    <IKRotLimits>-1e+010 -1e+010 -1e+010 1e+010 1e+010 1e+010</IKRotLimits>
                    <IKRotLimitOrder>0</IKRotLimitOrder>
                    <KeyFrames count="30">
                        <i>0.36022 0.929148 -0.0832148 0.233932 -0.00361807 0.972246 0.90306 -0.369689 -0.218661 -1.43568 3.10682 -1.39767</i>
                        <i>0.363128 0.927965 -0.0837823 0.233977 -0.00377988 0.972235 0.901883 -0.372649 -0.218495 -1.43481 3.10655 -1.39775</i>
                        <i>0.366788 0.926455 -0.0845381 0.234053 -0.0039489 0.972216 0.900381 -0.376384 -0.218288 -1.43395 3.1062 -1.39783</i>
                        <i>0.370939 0.92472 -0.085423 0.23415 -0.00411762 0.972192 0.898654 -0.380626 -0.21805 -1.43315 3.10581 -1.39791</i>
                        <i>0.375317 0.922863 -0.0863768 0.234258 -0.00427859 0.972165 0.896805 -0.385105 -0.217794 -1.43242 3.10542 -1.39799</i>
                        <i>0.37966 0.920994 -0.0873387 0.234368 -0.0044244 0.972138 0.894947 -0.389551 -0.217531 -1.43179 3.10506 -1.39806</i>
                        <i>0.383702 0.919231 -0.0882472 0.23447 -0.00454783 0.972113 0.893194 -0.393693 -0.217278 -1.4313 3.10478 -1.39812</i>
                        <i>0.387177 0.917696 -0.0890404 0.234558 -0.00464206 0.972091 0.891671 -0.397256 -0.21705 -1.43095 3.10461 -1.39817</i>
                        <i>0.389818 0.916517 -0.0896555 0.234623 -0.00470069 0.972075 0.890502 -0.399967 -0.216868 -1.43077 3.10459 -1.39821</i>
                        <i>0.391627 0.915703 -0.0900931 0.234663 -0.00472186 0.972065 0.889698 -0.401828 -0.216731 -1.43077 3.1047 -1.39823</i>
                        <i>0.392745 0.915195 -0.0903846 0.23468 -0.00470937 0.972061 0.8892 -0.402984 -0.216627 -1.43093 3.10485 -1.39823</i>
                        <i>0.393115 0.915024 -0.0905137 0.234675 -0.00466597 0.972063 0.889038 -0.403374 -0.216568 -1.43123 3.10503 -1.39822</i>
                        <i>0.392675 0.915217 -0.0904641 0.234652 -0.00459441 0.972068 0.889238 -0.402935 -0.216562 -1.43165 3.10524 -1.3982</i>
                        <i>0.391367 0.915801 -0.0902202 0.234612 -0.0044971 0.972079 0.889825 -0.401606 -0.216618 -1.43218 3.10547 -1.39816</i>
                        <i>0.38929 0.916727 -0.0898032 0.234561 -0.00437999 0.972092 0.89075 -0.399489 -0.216734 -1.43279 3.10571 -1.39811</i>
                        <i>0.386666 0.91789 -0.0892631 0.234506 -0.00425149 0.972105 0.891906 -0.396812 -0.216895 -1.43345 3.10595 -1.39805</i>
                        <i>0.383621 0.919228 -0.0886269 0.234452 -0.00411717 0.972119 0.893234 -0.393704 -0.217094 -1.43412 3.10619 -1.39799</i>
                        <i>0.380284 0.920681 -0.0879227 0.2344 -0.00398208 0.972132 0.894673 -0.390296 -0.217322 -1.43479 3.10642 -1.39792</i>
                        <i>0.376789 0.922187 -0.0871783 0.234352 -0.00385091 0.972144 0.896164 -0.386724 -0.217567 -1.43543 3.10664 -1.39786</i>
                        <i>0.373271 0.923688 -0.0864225 0.234306 -0.00372801 0.972156 0.897647 -0.383127 -0.217817 -1.43602 3.10683 -1.3978</i>
                        <i>0.369868 0.925125 -0.0856839 0.234262 -0.00361764 0.972167 0.899066 -0.379646 -0.218059 -1.43652 3.107 -1.39774</i>
                        <i>0.36669 0.926453 -0.0849861 0.234217 -0.00352245 0.972178 0.900378 -0.376393 -0.218283 -1.43694 3.10713 -1.39769</i>
                        <i>0.363831 0.927638 -0.0843491 0.23417 -0.0034445 0.972189 0.901549 -0.373465 -0.218479 -1.43726 3.10723 -1.39765</i>
                        <i>0.361384 0.928644 -0.0837928 0.234122 -0.00338607 0.972201 0.902546 -0.370956 -0.21864 -1.43746 3.10729 -1.39761</i>
                        <i>0.359439 0.92944 -0.083337 0.234072 -0.00334976 0.972213 0.903335 -0.368958 -0.21876 -1.43755 3.10731 -1.39759</i>
                        <i>0.358084 0.929993 -0.0830006 0.234023 -0.00333852 0.972225 0.903885 -0.367563 -0.218836 -1.4375 3.10729 -1.39757</i>
                        <i>0.357405 0.930272 -0.0828024 0.233979 -0.00335569 0.972236 0.904166 -0.366856 -0.218863 -1.4373 3.10724 -1.39757</i>
                        <i>0.357484 0.930245 -0.0827605 0.233943 -0.00340501 0.972244 0.904144 -0.366923 -0.218842 -1.43695 3.10714 -1.39759</i>
                        <i>0.358398 0.929882 -0.0828924 0.233924 -0.00349081 0.972248 0.903787 -0.367843 -0.218773 -1.43641 3.107 -1.39762</i>
                        <i>0.36022 0.929148 -0.0832148 0.233932 -0.00361807 0.972246 0.90306 -0.369689 -0.218661 -1.43568 3.10682 -1.39767</i>
                    </KeyFrames>
                </p>
            </i>
            <i>
                <p>
                    <Name><![CDATA[spine2]]></Name>
                    <Exclude>0</Exclude>
                    <Additive>0</Additive>
                    <IKPriority>0</IKPriority>
                    <IKRotLimits>-1e+010 -1e+010 -1e+010 1e+010 1e+010 1e+010</IKRotLimits>
                    <IKRotLimitOrder>0</IKRotLimitOrder>
                    <KeyFrames count="30">
                        <i>0.648262 0.747128 -0.146819 0.139518 0.0730044 0.987525 0.748526 -0.660658 -0.0569118 -1.37159 3.2708 -1.41234</i>
                        <i>0.641586 0.752958 -0.146362 0.139399 0.0731777 0.987529 0.754278 -0.653987 -0.0580119 -1.37034 3.26998 -1.41248</i>
                        <i>0.63644 0.757352 -0.146155 0.139401 0.073425 0.98751 0.758624 -0.648865 -0.0588454 -1.36901 3.26895 -1.41265</i>
                        <i>0.632761 0.760427 -0.146168 0.139507 0.0737249 0.987473 0.761677 -0.645225 -0.0594347 -1.36766 3.26782 -1.41285</i>
                        <i>0.63048 0.76228 -0.14637 0.139699 0.0740554 0.987421 0.76353 -0.642997 -0.0597994 -1.36634 3.26668 -1.41305</i>
                        <i>0.629529 0.762997 -0.146727 0.139961 0.0743943 0.987358 0.764267 -0.642107 -0.0599563 -1.36512 3.26561 -1.41325</i>
                        <i>0.629836 0.762652 -0.147206 0.140275 0.0747193 0.987289 0.763957 -0.642479 -0.0599199 -1.36404 3.26472 -1.41344</i>
                        <i>0.631322 0.761312 -0.147772 0.140622 0.0750084 0.987218 0.762665 -0.644033 -0.0597031 -1.36317 3.2641 -1.41362</i>
                        <i>0.633907 0.75904 -0.148388 0.140985 0.07524 0.987148 0.76045 -0.646681 -0.059318 -1.36255 3.26384 -1.41376</i>
                        <i>0.637505 0.755893 -0.149039 0.141347 0.0754127 0.987083 0.757369 -0.650337 -0.0587673 -1.3622 3.26388 -1.41386</i>
                        <i>0.641877 0.752053 -0.149698 0.141693 0.0755351 0.987025 0.753603 -0.65476 -0.0580764 -1.3621 3.26408 -1.41393</i>
                        <i>0.646704 0.747781 -0.150322 0.141999 0.0756009 0.986976 0.749406 -0.659627 -0.0572924 -1.36225 3.26442 -1.41396</i>
                        <i>0.651674 0.743344 -0.150865 0.142241 0.0756041 0.986941 0.745042 -0.664623 -0.0564646 -1.36265 3.26489 -1.41395</i>
                        <i>0.656482 0.739016 -0.151284 0.142397 0.0755387 0.986923 0.74078 -0.669439 -0.0556439 -1.36329 3.26547 -1.41389</i>
                        <i>0.660989 0.734928 -0.151575 0.142469 0.075412 0.986922 0.736747 -0.673939 -0.054858 -1.36415 3.26614 -1.4138</i>
                        <i>0.665181 0.731096 -0.151765 0.142478 0.0752414 0.986934 0.732963 -0.678113 -0.0541157 -1.36514 3.26688 -1.41367</i>
                        <i>0.668947 0.727632 -0.151857 0.142429 0.0750357 0.986957 0.729536 -0.681851 -0.0534409 -1.36622 3.26764 -1.41353</i>
                        <i>0.67218 0.724648 -0.151853 0.142329 0.0748038 0.986989 0.726579 -0.685047 -0.0528565 -1.36736 3.26841 -1.41337</i>
                        <i>0.674773 0.722254 -0.151757 0.142183 0.0745546 0.987029 0.7242 -0.687597 -0.0523849 -1.3685 3.26916 -1.4132</i>
                        <i>0.676622 0.720561 -0.151574 0.141998 0.0742971 0.987075 0.722509 -0.6894 -0.0520472 -1.3696 3.26987 -1.41303</i>
                        <i>0.677621 0.719678 -0.151306 0.14178 0.0740407 0.987125 0.721615 -0.690349 -0.0518641 -1.37062 3.2705 -1.41287</i>
                        <i>0.677743 0.719634 -0.150964 0.141535 0.0737933 0.987179 0.721548 -0.690421 -0.0518403 -1.37153 3.27104 -1.41271</i>
                        <i>0.677005 0.720414 -0.150558 0.141271 0.0735619 0.987234 0.722293 -0.689632 -0.0519722 -1.3723 3.27148 -1.41257</i>
                        <i>0.675417 0.721999 -0.150101 0.140997 0.0733538 0.987289 0.723832 -0.687995 -0.0522556 -1.37291 3.27181 -1.41244</i>
                        <i>0.672987 0.724367 -0.149603 0.14072 0.0731764 0.987341 0.726145 -0.68552 -0.0526861 -1.37332 3.27201 -1.41234</i>
                        <i>0.669721 0.727496 -0.149073 0.140446 0.073037 0.987391 0.729211 -0.682213 -0.0532594 -1.37352 3.27207 -1.41226</i>
                        <i>0.66562 0.731362 -0.148522 0.140182 0.0729429 0.987435 0.733006 -0.678077 -0.0539717 -1.37348 3.27199 -1.41222</i>
                        <i>0.660682 0.735941 -0.147957 0.139935 0.0729014 0.987473 0.737508 -0.67311 -0.0548193 -1.37316 3.27176 -1.41221</i>
                        <i>0.654899 0.741205 -0.147387 0.139711 0.0729196 0.987504 0.74269 -0.667307 -0.0557999 -1.37254 3.27136 -1.41225</i>
                        <i>0.648262 0.747128 -0.146819 0.139518 0.0730044 0.987525 0.748526 -0.660658 -0.0569118 -1.37159 3.2708 -1.41234</i>
                    </KeyFrames>
                </p>
            </i>
            <i>
                <p>
                    <Name><![CDATA[head]]></Name>
                    <Exclude>0</Exclude>
                    <Additive>0</Additive>
                    <IKPriority>0</IKPriority>
                    <IKRotLimits>-1e+010 -1e+010 -1e+010 1e+010 1e+010 1e+010</IKRotLimits>
                    <IKRotLimitOrder>0</IKRotLimitOrder>
                    <KeyFrames count="30">
                        <i>0.359047 0.931729 -0.0544555 -0.564344 0.170261 -0.807791 -0.743371 0.320767 0.586948 -1.20126 3.47611 -1.4502</i>
                        <i>0.349752 0.936021 -0.0392153 -0.562279 0.176251 -0.807946 -0.749343 0.304631 0.58795 -1.20276 3.47721 -1.45011</i>
                        <i>0.341345 0.939578 -0.0260129 -0.560844 0.181388 -0.807807 -0.75428 0.29033 0.588872 -1.20377 3.47762 -1.45011</i>
                        <i>0.334179 0.942397 -0.0145695 -0.559781 0.186017 -0.807492 -0.758268 0.278003 0.589699 -1.20429 3.47748 -1.45019</i>
                        <i>0.328594 0.94446 -0.00460361 -0.558852 0.1905 -0.80709 -0.761387 0.267777 0.59041 -1.20438 3.47692 -1.45033</i>
                        <i>0.324919 0.945733 0.00416799 -0.557832 0.195206 -0.806671 -0.763709 0.259778 0.590986 -1.20407 3.47608 -1.45054</i>
                        <i>0.323478 0.946159 0.0120298 -0.556504 0.200512 -0.806287 -0.765288 0.254121 0.591403 -1.20339 3.4751 -1.45079</i>
                        <i>0.324581 0.945661 0.0192676 -0.554651 0.206796 -0.805976 -0.766165 0.250918 0.591635 -1.20238 3.4741 -1.45107</i>
                        <i>0.327718 0.944445 0.0249812 -0.552533 0.21304 -0.805805 -0.76636 0.250274 0.591654 -1.20107 3.47321 -1.45138</i>
                        <i>0.332095 0.942822 0.0282865 -0.550508 0.218085 -0.805841 -0.765933 0.252044 0.591456 -1.19953 3.47236 -1.45169</i>
                        <i>0.337297 0.940935 0.0295284 -0.548611 0.221957 -0.806078 -0.765021 0.255688 0.591073 -1.19788 3.47144 -1.45199</i>
                        <i>0.342966 0.938899 0.0290445 -0.546879 0.224716 -0.80649 -0.763739 0.260715 0.590534 -1.19624 3.47051 -1.45226</i>
                        <i>0.348746 0.936823 0.0271716 -0.545359 0.226425 -0.807041 -0.762207 0.266634 0.58987 -1.19472 3.46963 -1.45247</i>
                        <i>0.354282 0.934824 0.0242454 -0.544104 0.227154 -0.807683 -0.760549 0.272956 0.589118 -1.19342 3.46885 -1.45261</i>
                        <i>0.359449 0.932938 0.0205496 -0.543114 0.22706 -0.808375 -0.758831 0.279409 0.588309 -1.19237 3.46821 -1.45268</i>
                        <i>0.364291 0.931142 0.0163283 -0.542347 0.22637 -0.809084 -0.757068 0.285886 0.587467 -1.19153 3.46768 -1.45269</i>
                        <i>0.368712 0.929468 0.0118579 -0.541785 0.225253 -0.809771 -0.755328 0.292148 0.586626 -1.1909 3.46727 -1.45265</i>
                        <i>0.372617 0.927955 0.00741513 -0.541404 0.223875 -0.810408 -0.753683 0.297958 0.585819 -1.1905 3.467 -1.45257</i>
                        <i>0.375911 0.92665 0.00327627 -0.541171 0.222402 -0.810969 -0.752213 0.303079 0.585079 -1.19033 3.46688 -1.45245</i>
                        <i>0.378499 0.925602 -0.000282331 -0.541047 0.220998 -0.811436 -0.751004 0.30728 0.584441 -1.19039 3.46693 -1.45229</i>
                        <i>0.380279 0.924867 -0.00298363 -0.54099 0.219821 -0.811793 -0.750145 0.310322 0.583937 -1.1907 3.46718 -1.4521</i>
                        <i>0.381338 0.924424 -0.00457127 -0.540901 0.219114 -0.812044 -0.749671 0.312136 0.583579 -1.19123 3.4676 -1.45189</i>
                        <i>0.382061 0.924097 -0.00865882 -0.541924 0.216445 -0.812077 -0.748564 0.314955 0.583486 -1.19197 3.46821 -1.45167</i>
                        <i>0.382448 0.923809 -0.0176076 -0.544847 0.210089 -0.811791 -0.746241 0.320061 0.583683 -1.1929 3.46897 -1.45143</i>
                        <i>0.382106 0.923654 -0.0292943 -0.54897 0.201375 -0.811221 -0.743389 0.326054 0.584005 -1.19399 3.46989 -1.4512</i>
                        <i>0.380673 0.923774 -0.0415945 -0.55358 0.19163 -0.810448 -0.7407 0.331542 0.584332 -1.19522 3.47094 -1.45096</i>
                        <i>0.377859 0.92438 -0.0523831 -0.557991 0.182211 -0.809596 -0.738829 0.335142 0.584646 -1.19658 3.4721 -1.45074</i>
                        <i>0.373439 0.925742 -0.0595375 -0.56158 0.174521 -0.808808 -0.738357 0.335476 0.585051 -1.19805 3.47337 -1.45054</i>
                        <i>0.367234 0.92813 -0.0609365 -0.563826 0.170027 -0.808203 -0.739757 0.331157 0.585743 -1.19962 3.47471 -1.45036</i>
                        <i>0.359047 0.931729 -0.0544555 -0.564344 0.170261 -0.807791 -0.743371 0.320767 0.586948 -1.20126 3.47611 -1.4502</i>
                    </KeyFrames>
                </p>
            </i>
            <i>
                <p>
                    <Name><![CDATA[head_prop]]></Name>
                    <Exclude>0</Exclude>
                    <Additive>0</Additive>
                    <IKPriority>0</IKPriority>
                    <IKRotLimits>-1e+010 -1e+010 -1e+010 1e+010 1e+010 1e+010</IKRotLimits>
                    <IKRotLimitOrder>0</IKRotLimitOrder>
                    <KeyFrames count="30">
                        <i>0.743371 -0.320767 -0.586948 0.359047 0.931729 -0.0544555 0.564344 -0.170261 0.807791 -1.08424 3.77977 -1.46795</i>
                        <i>0.749343 -0.304631 -0.58795 0.349752 0.936021 -0.0392153 0.562279 -0.176251 0.807946 -1.08878 3.78227 -1.46289</i>
                        <i>0.75428 -0.29033 -0.588872 0.341345 0.939578 -0.0260129 0.560844 -0.181388 0.807807 -1.09252 3.78384 -1.45858</i>
                        <i>0.758268 -0.278003 -0.589699 0.334179 0.942397 -0.0145695 0.559781 -0.186017 0.807492 -1.09538 3.78462 -1.45493</i>
                        <i>0.761387 -0.267777 -0.59041 0.328594 0.94446 -0.00460361 0.558852 -0.1905 0.80709 -1.09729 3.78473 -1.45183</i>
                        <i>0.763709 -0.259778 -0.590986 0.324919 0.945733 0.00416799 0.557832 -0.195206 0.806671 -1.09818 3.78431 -1.44918</i>
                        <i>0.765288 -0.254121 -0.591403 0.323478 0.946159 0.0120298 0.556504 -0.200512 0.806287 -1.09797 3.78346 -1.44687</i>
                        <i>0.766165 -0.250918 -0.591635 0.324581 0.945661 0.0192676 0.554651 -0.206796 0.805976 -1.0966 3.7823 -1.44479</i>
                        <i>0.76636 -0.250274 -0.591654 0.327718 0.944445 0.0249812 0.552533 -0.21304 0.805805 -1.09426 3.78101 -1.44324</i>
                        <i>0.765933 -0.252044 -0.591456 0.332095 0.942822 0.0282865 0.550508 -0.218085 0.805841 -1.0913 3.77964 -1.44247</i>
                        <i>0.765021 -0.255688 -0.591073 0.337297 0.940935 0.0295284 0.548611 -0.221957 0.806078 -1.08796 3.7781 -1.44237</i>
                        <i>0.763739 -0.260715 -0.590534 0.342966 0.938899 0.0290445 0.546879 -0.224716 0.80649 -1.08447 3.77651 -1.44279</i>
                        <i>0.762207 -0.266634 -0.58987 0.348746 0.936823 0.0271716 0.545359 -0.226425 0.807041 -1.08106 3.77495 -1.44361</i>
                        <i>0.760549 -0.272956 -0.589118 0.354282 0.934824 0.0242454 0.544104 -0.227154 0.807683 -1.07796 3.77352 -1.44471</i>
                        <i>0.758831 -0.279409 -0.588309 0.359449 0.932938 0.0205496 0.543114 -0.22706 0.808375 -1.07523 3.77226 -1.44598</i>
                        <i>0.757068 -0.285886 -0.587467 0.364291 0.931142 0.0163283 0.542347 -0.22637 0.809084 -1.07281 3.77114 -1.44737</i>
                        <i>0.755328 -0.292148 -0.586626 0.368712 0.929468 0.0118579 0.541785 -0.225253 0.809771 -1.07074 3.77019 -1.44879</i>
                        <i>0.753683 -0.297958 -0.585819 0.372617 0.927955 0.00741513 0.541404 -0.223875 0.810408 -1.06906 3.76942 -1.45016</i>
                        <i>0.752213 -0.303079 -0.585079 0.375911 0.92665 0.00327627 0.541171 -0.222402 0.810969 -1.06781 3.76888 -1.45138</i>
                        <i>0.751004 -0.30728 -0.584441 0.378499 0.925602 -0.000282331 0.541047 -0.220998 0.811436 -1.06703 3.7686 -1.45238</i>
                        <i>0.750145 -0.310322 -0.583937 0.380279 0.924867 -0.00298363 0.54099 -0.219821 0.811793 -1.06676 3.7686 -1.45308</i>
                        <i>0.749671 -0.312136 -0.583579 0.381338 0.924424 -0.00457127 0.540901 -0.219114 0.812044 -1.06695 3.76888 -1.45338</i>
                        <i>0.748564 -0.314955 -0.583486 0.382061 0.924097 -0.00865882 0.541924 -0.216445 0.812077 -1.06745 3.76938 -1.45449</i>
                        <i>0.746241 -0.320061 -0.583683 0.382448 0.923809 -0.0176076 0.544847 -0.210089 0.811791 -1.06825 3.77005 -1.45717</i>
                        <i>0.743389 -0.326054 -0.584005 0.382106 0.923654 -0.0292943 0.54897 -0.201375 0.811221 -1.06946 3.77092 -1.46074</i>
                        <i>0.7407 -0.331542 -0.584332 0.380673 0.923774 -0.0415945 0.55358 -0.19163 0.810448 -1.07116 3.772 -1.46452</i>
                        <i>0.738829 -0.335142 -0.584646 0.377859 0.92438 -0.0523831 0.557991 -0.182211 0.809596 -1.07344 3.77337 -1.46781</i>
                        <i>0.738357 -0.335476 -0.585051 0.373439 0.925742 -0.0595375 0.56158 -0.174521 0.808808 -1.07635 3.77507 -1.46994</i>
                        <i>0.739757 -0.331157 -0.585743 0.367234 0.92813 -0.0609365 0.563826 -0.170027 0.808203 -1.07993 3.7772 -1.47022</i>
                        <i>0.743371 -0.320767 -0.586948 0.359047 0.931729 -0.0544555 0.564344 -0.170261 0.807791 -1.08424 3.77977 -1.46795</i>
                    </KeyFrames>
                </p>
            </i>
            <i>
                <p>
                    <Name><![CDATA[l_clav]]></Name>
                    <Exclude>0</Exclude>
                    <Additive>0</Additive>
                    <IKPriority>0</IKPriority>
                    <IKRotLimits>-1e+010 -1e+010 -1e+010 1e+010 1e+010 1e+010</IKRotLimits>
                    <IKRotLimitOrder>0</IKRotLimitOrder>
                    <KeyFrames count="30">
                        <i>-0.134712 -0.0196774 -0.990689 0.555308 0.826549 -0.091927 0.820662 -0.562521 -0.100419 -1.31413 3.29891 -1.51081</i>
                        <i>-0.135191 -0.0193201 -0.990631 0.541457 0.835876 -0.0901942 0.829788 -0.548578 -0.102542 -1.31275 3.29829 -1.51098</i>
                        <i>-0.135225 -0.0183557 -0.990645 0.529741 0.843588 -0.0879414 0.83731 -0.536677 -0.10435 -1.31131 3.2973 -1.51118</i>
                        <i>-0.134984 -0.0170276 -0.990701 0.520272 0.849711 -0.085492 0.843265 -0.526974 -0.105839 -1.30988 3.29604 -1.5114</i>
                        <i>-0.13462 -0.0155932 -0.990775 0.513149 0.854261 -0.0831679 0.847677 -0.519611 -0.106999 -1.30849 3.29466 -1.51163</i>
                        <i>-0.134267 -0.0143194 -0.990842 0.508458 0.857241 -0.081289 0.850554 -0.514716 -0.107819 -1.30722 3.29328 -1.51185</i>
                        <i>-0.134057 -0.0134772 -0.990882 0.506278 0.858636 -0.0801732 0.851887 -0.512409 -0.108283 -1.3061 3.29204 -1.51206</i>
                        <i>-0.134121 -0.0133375 -0.990875 0.506668 0.858409 -0.0801352 0.851645 -0.512793 -0.108373 -1.30519 3.29106 -1.51224</i>
                        <i>-0.134353 -0.0137484 -0.990838 0.509697 0.856533 -0.0809975 0.849799 -0.51591 -0.108071 -1.30454 3.29049 -1.51239</i>
                        <i>-0.134544 -0.0143447 -0.990804 0.515177 0.853123 -0.0823084 0.846458 -0.521513 -0.107392 -1.30417 3.29024 -1.51251</i>
                        <i>-0.134692 -0.0150735 -0.990773 0.522503 0.848496 -0.0839411 0.841932 -0.528988 -0.106409 -1.30407 3.29015 -1.51258</i>
                        <i>-0.134794 -0.0158818 -0.990746 0.531123 0.842942 -0.0857734 0.836504 -0.53777 -0.105188 -1.30424 3.29021 -1.5126</i>
                        <i>-0.134846 -0.0167166 -0.990726 0.540493 0.836767 -0.0876842 0.830472 -0.547304 -0.103799 -1.30468 3.29044 -1.51258</i>
                        <i>-0.134838 -0.0175255 -0.990713 0.55008 0.830296 -0.089555 0.824155 -0.557046 -0.102316 -1.30539 3.29084 -1.51251</i>
                        <i>-0.134774 -0.0182755 -0.990708 0.559566 0.82374 -0.0913178 0.817754 -0.566673 -0.100792 -1.30633 3.29139 -1.51239</i>
                        <i>-0.134661 -0.0189492 -0.990711 0.568789 0.817215 -0.0929428 0.811385 -0.576021 -0.099269 -1.30741 3.29206 -1.51224</i>
                        <i>-0.134498 -0.0195181 -0.990722 0.577473 0.810937 -0.0943728 0.805255 -0.584808 -0.0977986 -1.30859 3.29281 -1.51207</i>
                        <i>-0.134283 -0.0199546 -0.990742 0.585347 0.805132 -0.0955528 0.799585 -0.592759 -0.0964351 -1.30982 3.29362 -1.51189</i>
                        <i>-0.134009 -0.0202322 -0.990773 0.59215 0.800037 -0.0964299 0.794607 -0.599609 -0.095232 -1.31105 3.29446 -1.51169</i>
                        <i>-0.133672 -0.0203247 -0.990817 0.597624 0.795893 -0.0969521 0.790555 -0.605096 -0.0942421 -1.31224 3.29529 -1.5115</i>
                        <i>-0.133265 -0.0202064 -0.990875 0.601507 0.792948 -0.0970681 0.787674 -0.608954 -0.0935176 -1.31334 3.2961 -1.51131</i>
                        <i>-0.13289 -0.0200044 -0.990929 0.603691 0.791304 -0.0969333 0.786065 -0.611096 -0.0930799 -1.31431 3.29685 -1.51114</i>
                        <i>-0.132658 -0.0198561 -0.990963 0.604146 0.790982 -0.0967245 0.785754 -0.611517 -0.0929338 -1.31512 3.29753 -1.51098</i>
                        <i>-0.132564 -0.0197526 -0.990978 0.602843 0.792011 -0.0964298 0.78677 -0.610187 -0.0930848 -1.31576 3.29812 -1.51084</i>
                        <i>-0.132607 -0.019686 -0.990973 0.599744 0.794408 -0.0960356 0.789128 -0.607065 -0.0935373 -1.31618 3.2986 -1.51074</i>
                        <i>-0.13278 -0.0196492 -0.990951 0.594801 0.798177 -0.0955257 0.792831 -0.602103 -0.0942946 -1.31637 3.29896 -1.51066</i>
                        <i>-0.133081 -0.019636 -0.990911 0.587958 0.803307 -0.094882 0.797869 -0.595241 -0.0953595 -1.31628 3.29919 -1.51063</i>
                        <i>-0.133504 -0.0196403 -0.990854 0.579148 0.809776 -0.0940836 0.804217 -0.586411 -0.096734 -1.3159 3.29926 -1.51063</i>
                        <i>-0.134049 -0.0196562 -0.99078 0.568293 0.817542 -0.0931072 0.811834 -0.575534 -0.09842 -1.31519 3.29917 -1.51069</i>
                        <i>-0.134712 -0.0196774 -0.990689 0.555308 0.826549 -0.091927 0.820662 -0.562521 -0.100419 -1.31413 3.29891 -1.51081</i>
                    </KeyFrames>
                </p>
            </i>
            <i>
                <p>
                    <Name><![CDATA[l_shoulder]]></Name>
                    <Exclude>0</Exclude>
                    <Additive>0</Additive>
                    <IKPriority>0</IKPriority>
                    <IKRotLimits>-1e+010 -1e+010 -1e+010 1e+010 1e+010 1e+010</IKRotLimits>
                    <IKRotLimitOrder>0</IKRotLimitOrder>
                    <KeyFrames count="30">
                        <i>-0.0801208 -0.893365 -0.44213 0.134099 0.429864 -0.89288 0.987724 -0.130827 0.0853581 -1.34074 3.29502 -1.70655</i>
                        <i>-0.0915932 -0.892087 -0.442483 0.128192 0.430091 -0.893638 0.987511 -0.138574 0.0749649 -1.33946 3.29448 -1.70671</i>
                        <i>-0.106041 -0.890222 -0.443013 0.122884 0.430377 -0.894245 0.986739 -0.149266 0.0637566 -1.33803 3.29367 -1.70691</i>
                        <i>-0.121506 -0.887984 -0.443533 0.118278 0.430707 -0.894708 0.985518 -0.161173 0.0526949 -1.33655 3.29268 -1.70714</i>
                        <i>-0.136712 -0.885547 -0.443979 0.114484 0.43106 -0.895031 0.983973 -0.17319 0.0424502 -1.33509 3.29158 -1.70738</i>
                        <i>-0.150801 -0.883066 -0.444358 0.111627 0.431412 -0.895222 0.982242 -0.184603 0.0335162 -1.33374 3.29045 -1.70762</i>
                        <i>-0.16314 -0.880692 -0.444711 0.109836 0.431735 -0.895288 0.98047 -0.194903 0.0262982 -1.33259 3.28938 -1.70783</i>
                        <i>-0.173188 -0.878578 -0.445092 0.109249 0.431995 -0.895235 0.978811 -0.20367 0.0211674 -1.33169 3.28843 -1.70802</i>
                        <i>-0.179868 -0.877045 -0.445466 0.109952 0.432088 -0.895103 0.977527 -0.20998 0.018714 -1.33108 3.28778 -1.70816</i>
                        <i>-0.18359 -0.876068 -0.44587 0.111812 0.432025 -0.894903 0.976623 -0.214149 0.0186395 -1.33075 3.28741 -1.70827</i>
                        <i>-0.185732 -0.875344 -0.446404 0.114545 0.431923 -0.894607 0.975901 -0.21729 0.020044 -1.33068 3.28717 -1.70833</i>
                        <i>-0.186195 -0.874929 -0.447024 0.117954 0.431784 -0.894231 0.975407 -0.21923 0.0228053 -1.33087 3.28707 -1.70835</i>
                        <i>-0.184862 -0.874876 -0.44768 0.121841 0.431614 -0.893792 0.975183 -0.219774 0.0268073 -1.33133 3.28714 -1.70833</i>
                        <i>-0.181592 -0.875239 -0.448309 0.126002 0.431422 -0.893308 0.975268 -0.218705 0.0319395 -1.33203 3.28738 -1.70825</i>
                        <i>-0.176528 -0.875993 -0.448858 0.130285 0.431212 -0.892794 0.975635 -0.216083 0.0380077 -1.33295 3.28778 -1.70813</i>
                        <i>-0.17003 -0.877058 -0.449288 0.134579 0.430988 -0.892265 0.976206 -0.212177 0.0447525 -1.33401 3.28832 -1.70799</i>
                        <i>-0.162266 -0.878392 -0.449552 0.138738 0.430755 -0.891741 0.976945 -0.207069 0.0519697 -1.33516 3.28895 -1.70782</i>
                        <i>-0.153406 -0.879953 -0.449611 0.142617 0.430517 -0.891244 0.977817 -0.200844 0.0594525 -1.33635 3.28968 -1.70764</i>
                        <i>-0.143625 -0.881693 -0.449433 0.14607 0.43028 -0.890799 0.978793 -0.193589 0.0669895 -1.33753 3.29046 -1.70745</i>
                        <i>-0.133111 -0.883563 -0.448996 0.14895 0.430048 -0.890434 0.979845 -0.185405 0.0743633 -1.33865 3.29128 -1.70726</i>
                        <i>-0.122069 -0.885513 -0.448293 0.151114 0.429823 -0.890178 0.98095 -0.176406 0.081345 -1.33967 3.29211 -1.70709</i>
                        <i>-0.11093 -0.887434 -0.447387 0.152512 0.429632 -0.890032 0.982056 -0.166963 0.087685 -1.34056 3.2929 -1.70692</i>
                        <i>-0.100226 -0.889217 -0.446371 0.153141 0.429497 -0.889989 0.983109 -0.157558 0.0931284 -1.34133 3.29361 -1.70677</i>
                        <i>-0.0903393 -0.890809 -0.445308 0.152976 0.429417 -0.890056 0.984092 -0.148528 0.0974788 -1.34195 3.29422 -1.70664</i>
                        <i>-0.0817651 -0.892153 -0.444272 0.151993 0.429389 -0.890238 0.984994 -0.140317 0.100492 -1.34238 3.29472 -1.70653</i>
                        <i>-0.0751259 -0.893192 -0.443355 0.150172 0.429407 -0.890538 0.985801 -0.133482 0.101873 -1.3426 3.29508 -1.70645</i>
                        <i>-0.0711297 -0.89387 -0.442648 0.147491 0.429468 -0.890956 0.986502 -0.12866 0.10129 -1.34258 3.29531 -1.70641</i>
                        <i>-0.0704333 -0.894139 -0.442216 0.143932 0.429568 -0.891491 0.987078 -0.126439 0.098439 -1.34228 3.29538 -1.70641</i>
                        <i>-0.0734324 -0.893972 -0.442066 0.139474 0.429701 -0.892134 0.987499 -0.127168 0.0931317 -1.34168 3.29528 -1.70645</i>
                        <i>-0.0801208 -0.893365 -0.44213 0.134099 0.429864 -0.89288 0.987724 -0.130827 0.0853581 -1.34074 3.29502 -1.70655</i>
                    </KeyFrames>
                </p>
            </i>
            <i>
                <p>
                    <Name><![CDATA[l_elbow]]></Name>
                    <Exclude>0</Exclude>
                    <Additive>0</Additive>
                    <IKPriority>0</IKPriority>
                    <IKRotLimits>-1e+010 -1e+010 -1e+010 1e+010 1e+010 1e+010</IKRotLimits>
                    <IKRotLimitOrder>0</IKRotLimitOrder>
                    <KeyFrames count="30">
                        <i>0.0908306 -0.902682 -0.420612 0.136536 0.429657 -0.89261 0.986462 0.0236478 0.162275 -1.3668 3.00443 -1.85036</i>
                        <i>0.0983609 -0.902289 -0.419762 0.13063 0.429864 -0.893394 0.98654 0.0330415 0.160148 -1.36925 3.0043 -1.85064</i>
                        <i>0.108415 -0.901674 -0.418604 0.125322 0.430123 -0.894029 0.986175 0.0444662 0.159632 -1.37252 3.0041 -1.85101</i>
                        <i>0.119314 -0.900867 -0.417375 0.120714 0.430422 -0.894519 0.985491 0.0563456 0.160103 -1.37607 3.00384 -1.85141</i>
                        <i>0.130044 -0.89993 -0.41619 0.116919 0.430744 -0.894868 0.98459 0.0677116 0.161235 -1.37956 3.00353 -1.8518</i>
                        <i>0.139998 -0.898945 -0.415088 0.114059 0.431068 -0.895082 0.98356 0.0779653 0.162881 -1.3828 3.00321 -1.85216</i>
                        <i>0.14878 -0.898003 -0.414072 0.112265 0.431364 -0.895166 0.982477 0.0866966 0.164993 -1.38565 3.00291 -1.85249</i>
