<?xml version="1.0" encoding="ISO-8859-1" ?>
<Animl Version="1">
    <ModellingPackage><![CDATA[Maya.2010]]></ModellingPackage>
    <SrcFile><![CDATA[anims\turrets\artillery\blue\~src\artillery_m198\artillery_m198_aim_random_crewman_b.mb]]></SrcFile>
    <FramesPerSecond>30</FramesPerSecond>
    <TotalFrames>60</TotalFrames>
    <Skeleton>
        <RefFrame>
            <Name><![CDATA[soldier_ref_frame]]></Name>
            <Exclude>0</Exclude>
            <Additive>0</Additive>
            <IKPriority>0</IKPriority>
            <IKRotLimits>-1e+010 -1e+010 -1e+010 1e+010 1e+010 1e+010</IKRotLimits>
            <IKRotLimitOrder>0</IKRotLimitOrder>
            <KeyFrames count="60">
                <i>1 0 0 0 1 0 0 0 1 -1.86 1.37 -1.86</i>
                <i>1 0 0 0 1 0 0 0 1 -1.86 1.37 -1.86</i>
                <i>1 0 0 0 1 0 0 0 1 -1.86 1.37 -1.86</i>
                <i>1 0 0 0 1 0 0 0 1 -1.86 1.37 -1.86</i>
                <i>1 0 0 0 1 0 0 0 1 -1.86 1.37 -1.86</i>
                <i>1 0 0 0 1 0 0 0 1 -1.86 1.37 -1.86</i>
                <i>1 0 0 0 1 0 0 0 1 -1.86 1.37 -1.86</i>
                <i>1 0 0 0 1 0 0 0 1 -1.86 1.37 -1.86</i>
                <i>1 0 0 0 1 0 0 0 1 -1.86 1.37 -1.86</i>
                <i>1 0 0 0 1 0 0 0 1 -1.86 1.37 -1.86</i>
                <i>1 0 0 0 1 0 0 0 1 -1.86 1.37 -1.86</i>
                <i>1 0 0 0 1 0 0 0 1 -1.86 1.37 -1.86</i>
                <i>1 0 0 0 1 0 0 0 1 -1.86 1.37 -1.86</i>
                <i>1 0 0 0 1 0 0 0 1 -1.86 1.37 -1.86</i>
                <i>1 0 0 0 1 0 0 0 1 -1.86 1.37 -1.86</i>
                <i>1 0 0 0 1 0 0 0 1 -1.86 1.37 -1.86</i>
                <i>1 0 0 0 1 0 0 0 1 -1.86 1.37 -1.86</i>
                <i>1 0 0 0 1 0 0 0 1 -1.86 1.37 -1.86</i>
                <i>1 0 0 0 1 0 0 0 1 -1.86 1.37 -1.86</i>
                <i>1 0 0 0 1 0 0 0 1 -1.86 1.37 -1.86</i>
                <i>1 0 0 0 1 0 0 0 1 -1.86 1.37 -1.86</i>
                <i>1 0 0 0 1 0 0 0 1 -1.86 1.37 -1.86</i>
                <i>1 0 0 0 1 0 0 0 1 -1.86 1.37 -1.86</i>
                <i>1 0 0 0 1 0 0 0 1 -1.86 1.37 -1.86</i>
                <i>1 0 0 0 1 0 0 0 1 -1.86 1.37 -1.86</i>
                <i>1 0 0 0 1 0 0 0 1 -1.86 1.37 -1.86</i>
                <i>1 0 0 0 1 0 0 0 1 -1.86 1.37 -1.86</i>
                <i>1 0 0 0 1 0 0 0 1 -1.86 1.37 -1.86</i>
                <i>1 0 0 0 1 0 0 0 1 -1.86 1.37 -1.86</i>
                <i>1 0 0 0 1 0 0 0 1 -1.86 1.37 -1.86</i>
                <i>1 0 0 0 1 0 0 0 1 -1.86 1.37 -1.86</i>
                <i>1 0 0 0 1 0 0 0 1 -1.86 1.37 -1.86</i>
                <i>1 0 0 0 1 0 0 0 1 -1.86 1.37 -1.86</i>
                <i>1 0 0 0 1 0 0 0 1 -1.86 1.37 -1.86</i>
                <i>1 0 0 0 1 0 0 0 1 -1.86 1.37 -1.86</i>
                <i>1 0 0 0 1 0 0 0 1 -1.86 1.37 -1.86</i>
                <i>1 0 0 0 1 0 0 0 1 -1.86 1.37 -1.86</i>
                <i>1 0 0 0 1 0 0 0 1 -1.86 1.37 -1.86</i>
                <i>1 0 0 0 1 0 0 0 1 -1.86 1.37 -1.86</i>
                <i>1 0 0 0 1 0 0 0 1 -1.86 1.37 -1.86</i>
                <i>1 0 0 0 1 0 0 0 1 -1.86 1.37 -1.86</i>
                <i>1 0 0 0 1 0 0 0 1 -1.86 1.37 -1.86</i>
                <i>1 0 0 0 1 0 0 0 1 -1.86 1.37 -1.86</i>
                <i>1 0 0 0 1 0 0 0 1 -1.86 1.37 -1.86</i>
                <i>1 0 0 0 1 0 0 0 1 -1.86 1.37 -1.86</i>
                <i>1 0 0 0 1 0 0 0 1 -1.86 1.37 -1.86</i>
                <i>1 0 0 0 1 0 0 0 1 -1.86 1.37 -1.86</i>
                <i>1 0 0 0 1 0 0 0 1 -1.86 1.37 -1.86</i>
                <i>1 0 0 0 1 0 0 0 1 -1.86 1.37 -1.86</i>
                <i>1 0 0 0 1 0 0 0 1 -1.86 1.37 -1.86</i>
                <i>1 0 0 0 1 0 0 0 1 -1.86 1.37 -1.86</i>
                <i>1 0 0 0 1 0 0 0 1 -1.86 1.37 -1.86</i>
                <i>1 0 0 0 1 0 0 0 1 -1.86 1.37 -1.86</i>
                <i>1 0 0 0 1 0 0 0 1 -1.86 1.37 -1.86</i>
                <i>1 0 0 0 1 0 0 0 1 -1.86 1.37 -1.86</i>
                <i>1 0 0 0 1 0 0 0 1 -1.86 1.37 -1.86</i>
                <i>1 0 0 0 1 0 0 0 1 -1.86 1.37 -1.86</i>
                <i>1 0 0 0 1 0 0 0 1 -1.86 1.37 -1.86</i>
                <i>1 0 0 0 1 0 0 0 1 -1.86 1.37 -1.86</i>
                <i>1 0 0 0 1 0 0 0 1 -1.86 1.37 -1.86</i>
            </KeyFrames>
        </RefFrame>
        <Bones count="23">
            <i>
                <p>
                    <Name><![CDATA[pelvis]]></Name>
                    <Exclude>0</Exclude>
                    <Additive>0</Additive>
                    <IKPriority>0</IKPriority>
                    <IKRotLimits>-1e+010 -1e+010 -1e+010 1e+010 1e+010 1e+010</IKRotLimits>
                    <IKRotLimitOrder>2</IKRotLimitOrder>
                    <KeyFrames count="60">
                        <i>1 0 0 0 1 0 0 0 1 -1.89874 1.91567 -1.72058</i>
                        <i>1 0 0 0 1 0 0 0 1 -1.89572 1.90771 -1.71139</i>
                        <i>1 0 0 0 1 0 0 0 1 -1.89116 1.90076 -1.69762</i>
                        <i>1 0 0 0 1 0 0 0 1 -1.88548 1.9 -1.68056</i>
                        <i>1 0 0 0 1 0 0 0 1 -1.87907 1.90688 -1.66146</i>
                        <i>1 0 0 0 1 0 0 0 1 -1.87233 1.91795 -1.6416</i>
                        <i>1 0 0 0 1 0 0 0 1 -1.86565 1.93099 -1.62225</i>
                        <i>1 0 0 0 1 0 0 0 1 -1.85944 1.94382 -1.60469</i>
                        <i>1 0 0 0 1 0 0 0 1 -1.85409 1.95422 -1.59018</i>
                        <i>1 0 0 0 1 0 0 0 1 -1.85 1.96 -1.58</i>
                        <i>1 0 0 0 1 0 0 0 1 -1.85 1.95757 -1.58312</i>
                        <i>1 0 0 0 1 0 0 0 1 -1.85 1.9515 -1.59056</i>
                        <i>1 0 0 0 1 0 0 0 1 -1.85 1.94365 -1.59944</i>
                        <i>1 0 0 0 1 0 0 0 1 -1.85 1.93586 -1.60688</i>
                        <i>1 0 0 0 1 0 0 0 1 -1.85 1.93 -1.61</i>
                        <i>1 0 0 0 1 0 0 0 1 -1.85 1.92573 -1.60912</i>
                        <i>1 0 0 0 1 0 0 0 1 -1.85 1.92155 -1.60673</i>
                        <i>1 0 0 0 1 0 0 0 1 -1.85 1.91751 -1.60322</i>
                        <i>1 0 0 0 1 0 0 0 1 -1.85 1.91368 -1.59897</i>
                        <i>1 0 0 0 1 0 0 0 1 -1.85 1.91013 -1.59436</i>
                        <i>1 0 0 0 1 0 0 0 1 -1.85 1.90692 -1.58978</i>
                        <i>1 0 0 0 1 0 0 0 1 -1.85 1.90412 -1.5856</i>
                        <i>1 0 0 0 1 0 0 0 1 -1.85 1.90179 -1.58221</i>
                        <i>1 0 0 0 1 0 0 0 1 -1.85 1.9 -1.58</i>
                        <i>1 0 0 0 1 0 0 0 1 -1.85 1.89876 -1.57876</i>
                        <i>1 0 0 0 1 0 0 0 1 -1.85 1.89799 -1.57799</i>
                        <i>1 0 0 0 1 0 0 0 1 -1.85 1.89762 -1.57762</i>
                        <i>1 0 0 0 1 0 0 0 1 -1.85 1.89757 -1.57757</i>
                        <i>1 0 0 0 1 0 0 0 1 -1.85 1.89777 -1.57777</i>
                        <i>1 0 0 0 1 0 0 0 1 -1.85 1.89814 -1.57814</i>
                        <i>1 0 0 0 1 0 0 0 1 -1.85 1.89861 -1.57861</i>
                        <i>1 0 0 0 1 0 0 0 1 -1.85 1.89911 -1.57911</i>
                        <i>1 0 0 0 1 0 0 0 1 -1.85 1.89955 -1.57955</i>
                        <i>1 0 0 0 1 0 0 0 1 -1.85 1.89988 -1.57988</i>
                        <i>1 0 0 0 1 0 0 0 1 -1.85 1.9 -1.58</i>
                        <i>1 0 0 0 1 0 0 0 1 -1.85 1.9 -1.58</i>
                        <i>1 0 0 0 1 0 0 0 1 -1.85 1.9 -1.58</i>
                        <i>1 0 0 0 1 0 0 0 1 -1.85 1.9 -1.58</i>
                        <i>1 0 0 0 1 0 0 0 1 -1.85 1.9 -1.58</i>
                        <i>1 0 0 0 1 0 0 0 1 -1.85 1.9 -1.58</i>
                        <i>1 0 0 0 1 0 0 0 1 -1.85 1.9 -1.58</i>
                        <i>1 0 0 0 1 0 0 0 1 -1.85 1.9 -1.58</i>
                        <i>1 0 0 0 1 0 0 0 1 -1.85 1.9 -1.58</i>
                        <i>1 0 0 0 1 0 0 0 1 -1.85 1.9 -1.58</i>
                        <i>1 0 0 0 1 0 0 0 1 -1.85 1.9 -1.58</i>
                        <i>1 0 0 0 1 0 0 0 1 -1.85 1.90104 -1.58</i>
                        <i>1 0 0 0 1 0 0 0 1 -1.85 1.90352 -1.58</i>
                        <i>1 0 0 0 1 0 0 0 1 -1.85 1.90648 -1.58</i>
                        <i>1 0 0 0 1 0 0 0 1 -1.85 1.90896 -1.58</i>
                        <i>1 0 0 0 1 0 0 0 1 -1.85 1.91 -1.58</i>
                        <i>1 0 0 0 1 0 0 0 1 -1.85409 1.91132 -1.5918</i>
                        <i>1 0 0 0 1 0 0 0 1 -1.85944 1.91265 -1.60725</i>
                        <i>1 0 0 0 1 0 0 0 1 -1.86565 1.91396 -1.62519</i>
                        <i>1 0 0 0 1 0 0 0 1 -1.87233 1.91521 -1.64448</i>
                        <i>1 0 0 0 1 0 0 0 1 -1.87907 1.91636 -1.66396</i>
                        <i>1 0 0 0 1 0 0 0 1 -1.88548 1.91739 -1.68248</i>
                        <i>1 0 0 0 1 0 0 0 1 -1.89116 1.91825 -1.69888</i>
                        <i>1 0 0 0 1 0 0 0 1 -1.89572 1.91891 -1.71203</i>
                        <i>1 0 0 0 1 0 0 0 1 -1.89874 1.91933 -1.72076</i>
                        <i>1 0 0 0 1 0 0 0 1 -1.89983 1.91948 -1.72393</i>
                    </KeyFrames>
                </p>
            </i>
            <i>
                <p>
                    <Name><![CDATA[spine0]]></Name>
                    <Exclude>0</Exclude>
                    <Additive>0</Additive>
                    <IKPriority>0</IKPriority>
                    <IKRotLimits>-1e+010 -1e+010 -1e+010 1e+010 1e+010 1e+010</IKRotLimits>
                    <IKRotLimitOrder>0</IKRotLimitOrder>
                    <KeyFrames count="60">
                        <i>0.117887 0.992815 -0.0205254 -0.155093 0.0388238 0.987137 0.980841 -0.113188 0.158555 -1.9411 2.05004 -1.74969</i>
                        <i>0.120252 0.992367 -0.0273436 -0.133481 0.0434559 0.990098 0.983729 -0.115412 0.137687 -1.9384 2.0422 -1.73943</i>
                        <i>0.121908 0.991849 -0.037082 -0.101094 0.0495744 0.993641 0.98738 -0.117384 0.106313 -1.93435 2.03542 -1.72407</i>
                        <i>0.12119 0.991468 -0.0480111 -0.0609793 0.0557125 0.996583 0.990754 -0.117848 0.0672108 -1.9293 2.03482 -1.70505</i>
                        <i>0.117338 0.991403 -0.0578932 -0.016301 0.0602109 0.998053 0.992958 -0.116166 0.0232259 -1.92364 2.04183 -1.68379</i>
                        <i>0.112351 0.991512 -0.0654229 0.0297268 0.0624565 0.997605 0.993224 -0.114027 -0.0224574 -1.91772 2.05297 -1.66171</i>
                        <i>0.107875 0.991598 -0.0713906 0.0739282 0.0636098 0.995233 0.991412 -0.112638 -0.0664452 -1.91191 2.06602 -1.64022</i>
                        <i>0.103511 0.991722 -0.0759799 0.113174 0.0641506 0.991502 0.988169 -0.11123 -0.105597 -1.90658 2.07879 -1.62074</i>
                        <i>0.0988748 0.99198 -0.078739 0.144433 0.0639827 0.987444 0.984562 -0.109006 -0.136948 -1.90208 2.08906 -1.60469</i>
                        <i>0.0936133 0.992484 -0.0788148 0.164778 0.0626258 0.98434 0.981878 -0.105134 -0.157677 -1.8988 2.09466 -1.59349</i>
                        <i>0.0918815 0.99276 -0.0773683 0.1649 0.0614545 0.984394 0.982021 -0.103206 -0.15806 -1.899 2.09215 -1.5966</i>
                        <i>0.087291 0.993463 -0.0735645 0.165259 0.0583818 0.984521 0.98238 -0.098097 -0.159083 -1.89958 2.08588 -1.604</i>
                        <i>0.0807481 0.994398 -0.0682055 0.165854 0.0540702 0.984667 0.982839 -0.0908221 -0.160559 -1.90044 2.07771 -1.61282</i>
                        <i>0.0731604 0.995385 -0.0620936 0.166681 0.0491813 0.984784 0.983293 -0.082397 -0.162313 -1.90152 2.06952 -1.62018</i>
                        <i>0.0654389 0.996282 -0.0560328 0.167713 0.0443731 0.984837 0.983662 -0.073844 -0.164186 -1.90275 2.06319 -1.6232</i>
                        <i>0.0584998 0.996993 -0.0508296 0.168892 0.0402986 0.98481 0.983897 -0.0661959 -0.166026 -1.90404 2.05841 -1.62222</i>
                        <i>0.0532669 0.99746 -0.0472935 0.170117 0.0376041 0.984706 0.983983 -0.0604977 -0.167682 -1.90532 2.05371 -1.61973</i>
                        <i>0.0497876 0.997728 -0.0453966 0.171288 0.0362497 0.984554 0.983962 -0.0567945 -0.169094 -1.90653 2.04917 -1.61612</i>
                        <i>0.0475238 0.997876 -0.0445579 0.172321 0.035749 0.984392 0.983894 -0.0544603 -0.170256 -1.90759 2.04489 -1.61178</i>
                        <i>0.0465215 0.997914 -0.04476 0.17312 0.036076 0.98424 0.983801 -0.0535371 -0.171081 -1.90844 2.04097 -1.6071</i>
                        <i>0.0467957 0.997844 -0.0460071 0.173592 0.0372331 0.984114 0.983705 -0.0540387 -0.171475 -1.90899 2.03751 -1.60247</i>
                        <i>0.048285 0.997672 -0.0481615 0.173664 0.0390979 0.984029 0.983621 -0.0558777 -0.171372 -1.9092 2.03462 -1.59827</i>
                        <i>0.0508353 0.997405 -0.0509873 0.173339 0.0414668 0.983989 0.983549 -0.0588594 -0.170781 -1.90902 2.03237 -1.5949</i>
                        <i>0.0541701 0.997057 -0.0542405 0.172716 0.0441456 0.983982 0.983481 -0.0626706 -0.169816 -1.90854 2.03079 -1.59273</i>
                        <i>0.0580321 0.996647 -0.0576765 0.171884 0.0469362 0.983998 0.983406 -0.0670172 -0.168584 -1.90781 2.02987 -1.59155</i>
                        <i>0.0623703 0.996172 -0.0612454 0.170919 0.0497974 0.984026 0.983309 -0.071842 -0.167159 -1.90688 2.0295 -1.59086</i>
                        <i>0.066989 0.99565 -0.0647559 0.169898 0.052571 0.984058 0.983182 -0.076923 -0.165637 -1.9058 2.02958 -1.59058</i>
                        <i>0.0715791 0.995121 -0.067897 0.168886 0.0549971 0.9841 0.983033 -0.0819078 -0.164125 -1.90464 2.03001 -1.59063</i>
                        <i>0.076127 0.994592 -0.0706486 0.167927 0.0570533 0.984147 0.982856 -0.086784 -0.162676 -1.90344 2.03069 -1.59092</i>
                        <i>0.0805536 0.99407 -0.0730455 0.167053 0.0587828 0.984194 0.982652 -0.0914828 -0.161327 -1.90226 2.03152 -1.59138</i>
                        <i>0.0846611 0.993579 -0.0750612 0.166291 0.0601862 0.984238 0.982436 -0.0958087 -0.160128 -1.90117 2.0324 -1.59193</i>
                        <i>0.0882413 0.993144 -0.0766698 0.165663 0.0612661 0.984278 0.982227 -0.0995552 -0.159121 -1.90022 2.03325 -1.5925</i>
                        <i>0.0910763 0.992797 -0.0778467 0.165188 0.0620274 0.98431 0.982048 -0.102507 -0.158349 -1.89947 2.03397 -1.593</i>
                        <i>0.0929421 0.992567 -0.078569 0.164885 0.0624777 0.984332 0.981924 -0.104441 -0.157853 -1.89897 2.03447 -1.59336</i>
                        <i>0.0936133 0.992484 -0.0788148 0.164778 0.0626258 0.98434 0.981878 -0.105134 -0.157677 -1.8988 2.03466 -1.59349</i>
                        <i>0.093332 0.992504 -0.0789035 0.164872 0.0627486 0.984317 0.981889 -0.104877 -0.157779 -1.89898 2.03459 -1.59354</i>
                        <i>0.0925716 0.992556 -0.0791436 0.165132 0.0630804 0.984252 0.981918 -0.104183 -0.158063 -1.89949 2.03439 -1.59366</i>
                        <i>0.0914588 0.992631 -0.0794958 0.165533 0.0635651 0.984154 0.981954 -0.103169 -0.158499 -1.90023 2.0341 -1.59384</i>
                        <i>0.0901205 0.992719 -0.0799206 0.166047 0.064147 0.984029 0.981991 -0.101952 -0.159057 -1.90113 2.03373 -1.59406</i>
                        <i>0.0886805 0.992812 -0.0803791 0.166641 0.0647718 0.983888 0.982022 -0.100646 -0.159699 -1.9021 2.03333 -1.59429</i>
                        <i>0.0872582 0.992901 -0.0808335 0.167272 0.0653876 0.98374 0.982042 -0.0993605 -0.160379 -1.90307 2.03292 -1.59452</i>
                        <i>0.0859669 0.99298 -0.0812474 0.167883 0.0659454 0.983599 0.982051 -0.098197 -0.161035 -1.90396 2.03254 -1.59473</i>
                        <i>0.0849151 0.993042 -0.0815855 0.16841 0.066399 0.983478 0.982053 -0.0972519 -0.1616 -1.9047 2.03222 -1.5949</i>
                        <i>0.0842074 0.993084 -0.0818135 0.16878 0.0667037 0.983394 0.98205 -0.0966175 -0.161995 -1.90519 2.032 -1.59502</i>
                        <i>0.0839479 0.993099 -0.0818972 0.168918 0.0668154 0.983363 0.982049 -0.0963851 -0.162143 -1.90537 2.03192 -1.59506</i>
                        <i>0.0819669 0.993333 -0.0810635 0.169044 0.0663019 0.983376 0.982194 -0.0943076 -0.162483 -1.90586 2.03267 -1.59577</i>
                        <i>0.0772724 0.993872 -0.079042 0.169488 0.0650305 0.983384 0.982498 -0.0893851 -0.163424 -1.90701 2.03445 -1.59745</i>
                        <i>0.0717238 0.994482 -0.0765582 0.170285 0.0634201 0.983352 0.982781 -0.0835665 -0.164797 -1.90838 2.03652 -1.59944</i>
                        <i>0.067121 0.994966 -0.0744082 0.171179 0.061987 0.983288 0.982951 -0.0787364 -0.166157 -1.90952 2.03822 -1.60108</i>
                        <i>0.0652032 0.995162 -0.0734859 0.171616 0.061362 0.983251 0.983004 -0.0767225 -0.166785 -1.91 2.03893 -1.60177</i>
                        <i>0.0689091 0.995261 -0.0686027 0.144606 0.0580752 0.987784 0.987087 -0.0779876 -0.139919 -1.91273 2.04064 -1.61489</i>
                        <i>0.0724258 0.995387 -0.0629249 0.108828 0.0548269 0.992547 0.991419 -0.078734 -0.104355 -1.91613 2.04258 -1.63173</i>
                        <i>0.0761667 0.995425 -0.057694 0.0669299 0.0526274 0.996369 0.994846 -0.0797516 -0.0626153 -1.92001 2.04463 -1.651</i>
                        <i>0.0811006 0.995288 -0.0531366 0.0217272 0.0515342 0.998435 0.996469 -0.0821281 -0.0174453 -1.92418 2.04666 -1.67146</i>
                        <i>0.0882462 0.994925 -0.0483374 -0.0238967 0.0506273 0.998432 0.995812 -0.0869527 0.0282431 -1.92844 2.04857 -1.69188</i>
                        <i>0.0969488 0.994404 -0.0419661 -0.0671147 0.0486005 0.996561 0.993024 -0.0937988 0.0714509 -1.93255 2.05029 -1.71109</i>
                        <i>0.104991 0.993885 -0.0341997 -0.105221 0.0452988 0.993417 0.988891 -0.100701 0.109333 -1.93626 2.05173 -1.72795</i>
                        <i>0.111277 0.993439 -0.0263906 -0.135598 0.041485 0.989895 0.984495 -0.106574 0.139324 -1.93929 2.05283 -1.74137</i>
                        <i>0.11529 0.993123 -0.0203539 -0.155691 0.0383035 0.987063 0.981055 -0.110629 0.159036 -1.94133 2.05354 -1.75023</i>
                        <i>0.116731 0.993001 -0.0179618 -0.16296 0.0369906 0.985939 0.979703 -0.112163 0.166137 -1.94208 2.05379 -1.75343</i>
                    </KeyFrames>
                </p>
            </i>
            <i>
                <p>
                    <Name><![CDATA[spine1]]></Name>
                    <Exclude>0</Exclude>
                    <Additive>0</Additive>
                    <IKPriority>0</IKPriority>
                    <IKRotLimits>-1e+010 -1e+010 -1e+010 1e+010 1e+010 1e+010</IKRotLimits>
                    <IKRotLimitOrder>0</IKRotLimitOrder>
                    <KeyFrames count="60">
                        <i>0.426396 0.889591 0.163751 -0.158409 -0.104796 0.981797 0.890558 -0.444574 0.0962343 -1.92004 2.22775 -1.75337</i>
                        <i>0.42777 0.892642 0.14214 -0.115848 -0.101814 0.988035 0.896433 -0.439118 0.0598575 -1.91698 2.21935 -1.74432</i>
                        <i>0.426542 0.897661 0.110758 -0.0523285 -0.0977593 0.993833 0.902953 -0.429708 0.00527478 -1.91271 2.2118 -1.73067</i>
                        <i>0.41996 0.904518 0.0740285 0.0258121 -0.0934419 0.99529 0.907175 -0.416072 -0.0625894 -1.90788 2.21034 -1.71356</i>
                        <i>0.406639 0.912847 0.0368027 0.111847 -0.0897237 0.989667 0.906716 -0.398321 -0.138585 -1.90299 2.21652 -1.69399</i>
                        <i>0.387834 0.921723 0.00337291 0.199173 -0.087378 0.976061 0.899953 -0.377878 -0.21747 -1.89804 2.22685 -1.67318</i>
                        <i>0.366126 0.930265 -0.0236231 0.281441 -0.0864988 0.955672 0.886985 -0.356545 -0.293484 -1.8931 2.23911 -1.65268</i>
                        <i>0.344235 0.937918 -0.0425671 0.352439 -0.087064 0.931776 0.870224 -0.335753 -0.360529 -1.88859 2.25125 -1.63395</i>
                        <i>0.32526 0.944149 -0.0528022 0.406558 -0.0892086 0.909259 0.853766 -0.317213 -0.412867 -1.88494 2.26115 -1.61835</i>
                        <i>0.312025 0.948521 -0.0543017 0.438756 -0.0931659 0.893764 0.842694 -0.302702 -0.445239 -1.88258 2.2667 -1.60715</i>
                        <i>0.309869 0.949411 -0.0509853 0.438697 -0.0951952 0.893579 0.84352 -0.29926 -0.446002 -1.88308 2.26431 -1.61001</i>
                        <i>0.304389 0.951607 -0.0423292 0.438575 -0.100562 0.89305 0.845576 -0.290399 -0.447961 -1.88444 2.25834 -1.61677</i>
                        <i>0.297063 0.954378 -0.0302831 0.438488 -0.108175 0.892203 0.848223 -0.278319 -0.450618 -1.88642 2.25061 -1.62467</i>
                        <i>0.289378 0.957068 -0.0167995 0.438518 -0.116949 0.891081 0.85086 -0.265226 -0.453534 -1.88879 2.24295 -1.63099</i>
                        <i>0.282829 0.959163 -0.00382159 0.438704 -0.125816 0.88978 0.852963 -0.253332 -0.456373 -1.89134 2.23717 -1.63299</i>
                        <i>0.278915 0.960292 0.00672911 0.439025 -0.13374 0.888465 0.854086 -0.244852 -0.458895 -1.89382 2.23295 -1.63112</i>
                        <i>0.279122 0.960168 0.0129613 0.439409 -0.139715 0.887355 0.853821 -0.241985 -0.460904 -1.896 2.22878 -1.62803</i>
                        <i>0.282886 0.959036 0.0150128 0.439802 -0.143606 0.886539 0.852379 -0.244187 -0.46241 -1.8978 2.22472 -1.62411</i>
                        <i>0.288313 0.957429 0.0143388 0.440201 -0.145828 0.885978 0.850352 -0.249127 -0.463506 -1.89924 2.22087 -1.61964</i>
                        <i>0.294895 0.955466 0.0110465 0.440579 -0.146221 0.885726 0.847896 -0.25633 -0.464077 -1.90025 2.2173 -1.61501</i>
                        <i>0.30205 0.953278 0.00514508 0.441025 -0.144521 0.885782 0.845141 -0.265281 -0.464072 -1.90075 2.21408 -1.6106</i>
                        <i>0.308977 0.951065 -0.00286875 0.441546 -0.140774 0.886126 0.84236 -0.275059 -0.463435 -1.90068 2.21129 -1.6068</i>
                        <i>0.315092 0.948983 -0.0121955 0.442056 -0.135381 0.886712 0.839824 -0.284787 -0.462161 -1.90006 2.20898 -1.60392</i>
                        <i>0.320177 0.947101 -0.0220744 0.442549 -0.128924 0.887428 0.837638 -0.293903 -0.460417 -1.89899 2.20721 -1.60232</i>
                        <i>0.323965 0.945536 -0.0317374 0.443007 -0.121973 0.888182 0.835937 -0.3018 -0.458394 -1.89759 2.20599 -1.60174</i>
                        <i>0.326277 0.944407 -0.040479 0.44346 -0.11511 0.888872 0.834797 -0.307969 -0.456364 -1.89591 2.20522 -1.60166</i>
                        <i>0.32687 0.943874 -0.0475249 0.443862 -0.108928 0.88945 0.834352 -0.311829 -0.454555 -1.89404 2.2048 -1.60197</i>
                        <i>0.325723 0.944017 -0.052321 0.444042 -0.103887 0.889963 0.834704 -0.313114 -0.453022 -1.8921 2.20468 -1.60254</i>
                        <i>0.323599 0.944588 -0.0551129 0.44377 -0.100069 0.890536 0.835674 -0.312634 -0.451562 -1.89013 2.2048 -1.60328</i>
                        <i>0.321118 0.945355 -0.0564501 0.443044 -0.0972763 0.891206 0.837016 -0.311192 -0.450072 -1.88822 2.2051 -1.60413</i>
                        <i>0.318522 0.946218 -0.0566977 0.442029 -0.0953545 0.891918 0.838543 -0.309157 -0.448629 -1.88644 2.20549 -1.60501</i>
                        <i>0.316061 0.947071 -0.0562269 0.4409 -0.0941457 0.892605 0.840067 -0.306908 -0.447319 -1.88489 2.20591 -1.60583</i>
                        <i>0.313987 0.947809 -0.0554149 0.439845 -0.0934887 0.893194 0.841397 -0.304826 -0.446243 -1.88367 2.2063 -1.60651</i>
                        <i>0.312557 0.948326 -0.0546445 0.439062 -0.0932183 0.893608 0.842337 -0.303296 -0.44551 -1.88287 2.20659 -1.60698</i>
                        <i>0.312025 0.948521 -0.0543017 0.438756 -0.0931659 0.893764 0.842694 -0.302702 -0.445239 -1.88258 2.2067 -1.60715</i>
                        <i>0.312858 0.948262 -0.0540235 0.438783 -0.0938525 0.893679 0.842372 -0.303299 -0.445443 -1.88281 2.20669 -1.60722</i>
                        <i>0.31511 0.947559 -0.0532707 0.438863 -0.0957153 0.893442 0.84149 -0.304911 -0.446009 -1.88343 2.20665 -1.6074</i>
                        <i>0.31841 0.946516 -0.0521683 0.439002 -0.0984587 0.893075 0.840174 -0.307266 -0.446873 -1.88435 2.2066 -1.60766</i>
                        <i>0.322386 0.945242 -0.0508408 0.439205 -0.101787 0.892602 0.83855 -0.310092 -0.44797 -1.88545 2.20654 -1.60797</i>
                        <i>0.326673 0.943845 -0.0494104 0.439468 -0.105405 0.892052 0.836751 -0.313124 -0.449223 -1.88665 2.20646 -1.60831</i>
                        <i>0.330918 0.942438 -0.0479953 0.439774 -0.109018 0.891467 0.83492 -0.31611 -0.450536 -1.88785 2.20638 -1.60864</i>
                        <i>0.334782 0.941137 -0.0467086 0.440094 -0.112335 0.890897 0.83321 -0.318812 -0.451797 -1.88894 2.20631 -1.60895</i>
                        <i>0.337937 0.940061 -0.0456592 0.440385 -0.115064 0.890405 0.831781 -0.321008 -0.452873 -1.88984 2.20625 -1.6092</i>
                        <i>0.340063 0.939327 -0.0449523 0.440596 -0.116914 0.89006 0.830802 -0.322483 -0.453622 -1.89044 2.2062 -1.60936</i>
                        <i>0.340844 0.939057 -0.044693 0.440676 -0.117595 0.88993 0.830439 -0.323023 -0.453902 -1.89067 2.20619 -1.60943</i>
                        <i>0.339657 0.939798 -0.0375845 0.440274 -0.123555 0.889322 0.831139 -0.318612 -0.455735 -1.89149 2.20715 -1.61</i>
                        <i>0.336758 0.941362 -0.0207532 0.439435 -0.137632 0.887668 0.832761 -0.308049 -0.460017 -1.89343 2.20943 -1.61136</i>
                        <i>0.333183 0.942862 -0.000903804 0.43866 -0.154163 0.885331 0.834605 -0.295374 -0.46496 -1.89574 2.21215 -1.61295</i>
                        <i>0.330097 0.94382 0.0155075 0.4382 -0.167768 0.883082 0.836072 -0.284708 -0.468961 -1.89767 2.21442 -1.61426</i>
                        <i>0.32878 0.944143 0.0223263 0.438058 -0.173404 0.882064 0.836665 -0.280225 -0.470601 -1.89848 2.21537 -1.61479</i>
                        <i>0.339299 0.940214 0.0295529 0.383621 -0.166988 0.908267 0.858901 -0.296837 -0.417345 -1.90053 2.21736 -1.62707</i>
                        <i>0.352535 0.935009 0.0384273 0.308963 -0.155056 0.938349 0.883324 -0.318928 -0.343546 -1.90328 2.21966 -1.64292</i>
                        <i>0.36736 0.928731 0.050053 0.22141 -0.139594 0.965138 0.90334 -0.343471 -0.256912 -1.90647 2.22212 -1.66129</i>
                        <i>0.382579 0.921615 0.065266 0.129363 -0.123377 0.983892 0.914822 -0.367973 -0.166424 -1.90973 2.22453 -1.68095</i>
                        <i>0.397027 0.913921 0.0843631 0.0416726 -0.109774 0.993083 0.91686 -0.390765 -0.0816687 -1.91268 2.2267 -1.70053</i>
                        <i>0.409237 0.906166 0.106717 -0.0336689 -0.101883 0.994226 0.911807 -0.410468 -0.0111846 -1.91522 2.2285 -1.71861</i>
                        <i>0.417802 0.899181 0.130054 -0.0937654 -0.0997071 0.990589 0.903686 -0.426065 0.0426542 -1.91749 2.22991 -1.73409</i>
                        <i>0.422702 0.893592 0.151047 -0.137725 -0.101395 0.985267 0.895743 -0.437278 0.0802101 -1.91939 2.23091 -1.7461</i>
                        <i>0.424859 0.889896 0.166075 -0.164736 -0.10439 0.980798 0.890145 -0.444059 0.102247 -1.92072 2.23151 -1.75388</i>
                        <i>0.425422 0.88855 0.171742 -0.173948 -0.105949 0.979039 0.888121 -0.446379 0.109488 -1.92121 2.23171 -1.75665</i>
                    </KeyFrames>
                </p>
            </i>
            <i>
                <p>
                    <Name><![CDATA[spine2]]></Name>
                    <Exclude>0</Exclude>
                    <Additive>0</Additive>
                    <IKPriority>0</IKPriority>
                    <IKRotLimits>-1e+010 -1e+010 -1e+010 1e+010 1e+010 1e+010</IKRotLimits>
                    <IKRotLimitOrder>0</IKRotLimitOrder>
                    <KeyFrames count="60">
                        <i>0.659602 0.736689 0.149044 -0.14252 -0.0721114 0.987161 0.737979 -0.672376 0.0574282 -1.84972 2.37407 -1.72642</i>
                        <i>0.654571 0.746656 0.118501 -0.0839432 -0.083995 0.992924 0.751326 -0.659886 0.00769598 -1.84662 2.3658 -1.72101</i>
                        <i>0.644138 0.761364 0.0735596 0.00439369 -0.0998491 0.994993 0.764896 -0.64059 -0.0676618 -1.84282 2.35853 -1.71263</i>
                        <i>0.626296 0.779343 0.0194393 0.114034 -0.11625 0.986652 0.7712 -0.615719 -0.161679 -1.83939 2.35755 -1.70162</i>
                        <i>0.599858 0.799155 -0.0390106 0.235383 -0.129663 0.963215 0.764699 -0.586975 -0.265886 -1.837 2.36442 -1.6882</i>
                        <i>0.562518 0.821213 -0.0958299 0.358239 -0.13763 0.92343 0.745143 -0.553776 -0.37161 -1.83542 2.3755 -1.67285</i>
                        <i>0.51581 0.844683 -0.143004 0.471703 -0.14068 0.870463 0.715147 -0.516449 -0.471004 -1.83428 2.38848 -1.65673</i>
                        <i>0.467277 0.866409 -0.176035 0.566179 -0.140325 0.81225 0.679038 -0.479213 -0.556113 -1.83353 2.40129 -1.64105</i>
                        <i>0.425811 0.883726 -0.194202 0.634834 -0.138858 0.760069 0.644726 -0.446932 -0.620146 -1.83307 2.41184 -1.62708</i>
                        <i>0.400029 0.894555 -0.199371 0.673098 -0.139114 0.726351 0.622026 -0.424758 -0.657773 -1.83286 2.418 -1.61614</i>
                        <i>0.398067 0.896115 -0.196267 0.672981 -0.139871 0.726314 0.623409 -0.421206 -0.658747 -1.83369 2.4158 -1.61847</i>
                        <i>0.393082 0.90004 -0.188186 0.672651 -0.141929 0.726221 0.626919 -0.412048 -0.661203 -1.83586 2.41035 -1.62385</i>
                        <i>0.386421 0.905183 -0.176982 0.672142 -0.14497 0.726092 0.631589 -0.399534 -0.664431 -1.83893 2.40332 -1.62984</i>
                        <i>0.379457 0.910464 -0.164525 0.67148 -0.148672 0.725956 0.636496 -0.385944 -0.667772 -1.84244 2.3964 -1.63401</i>
                        <i>0.373599 0.914934 -0.152708 0.670667 -0.152704 0.72587 0.640804 -0.373601 -0.670666 -1.84593 2.39132 -1.63393</i>
                        <i>0.370286 0.917777 -0.143436 0.669676 -0.156736 0.725926 0.643756 -0.364856 -0.67265 -1.84892 2.38767 -1.63036</i>
                        <i>0.37096 0.918248 -0.138599 0.66845 -0.160426 0.726249 0.644642 -0.362056 -0.673314 -1.85094 2.38386 -1.62626</i>
                        <i>0.375151 0.916616 -0.138121 0.667105 -0.163514 0.726797 0.643609 -0.3648 -0.672821 -1.85202 2.38 -1.62201</i>
                        <i>0.381147 0.913756 -0.140633 0.665897 -0.16581 0.727384 0.641333 -0.370887 -0.671665 -1.85247 2.37623 -1.61764</i>
                        <i>0.388504 0.909796 -0.146066 0.664972 -0.16709 0.727937 0.637869 -0.379936 -0.669904 -1.85231 2.37263 -1.61355</i>
                        <i>0.39665 0.904874 -0.154504 0.664679 -0.16702 0.728222 0.633144 -0.391544 -0.667699 -1.85158 2.36927 -1.61011</i>
                        <i>0.40477 0.899344 -0.165351 0.665188 -0.165517 0.7281 0.627444 -0.404702 -0.665229 -1.85035 2.36622 -1.60761</i>
                        <i>0.412223 0.893617 -0.177541 0.666367 -0.162831 0.727627 0.621311 -0.418252 -0.6626 -1.84873 2.36356 -1.60626</i>
                        <i>0.418602 0.888067 -0.190025 0.668033 -0.159354 0.726869 0.615227 -0.431212 -0.659964 -1.84688 2.36137 -1.60626</i>
                        <i>0.423492 0.883147 -0.201758 0.669997 -0.155445 0.725907 0.609721 -0.442593 -0.657535 -1.84493 2.35969 -1.60724</i>
                        <i>0.426157 0.879614 -0.211353 0.672122 -0.151481 0.724779 0.60551 -0.450925 -0.655763 -1.84297 2.35845 -1.60857</i>
                        <i>0.426121 0.878092 -0.217661 0.674203 -0.147812 0.723603 0.603217 -0.45509 -0.654998 -1.84114 2.3576 -1.61001</i>
                        <i>0.423657 0.878628 -0.22029 0.675902 -0.144725 0.722642 0.603052 -0.455046 -0.65518 -1.83952 2.35711 -1.61133</i>
                        <i>0.419833 0.880601 -0.219731 0.676774 -0.14243 0.722282 0.604746 -0.451946 -0.655765 -1.83804 2.35693 -1.6125</i>
                        <i>0.415512 0.883326 -0.216991 0.676788 -0.140855 0.722578 0.607707 -0.447096 -0.656351 -1.83667 2.35696 -1.61354</i>
                        <i>0.411063 0.886402 -0.212882 0.676195 -0.139864 0.723324 0.611382 -0.441282 -0.656874 -1.83543 2.35714 -1.61443</i>
                        <i>0.406875 0.889434 -0.208231 0.675257 -0.139328 0.724304 0.615208 -0.43531 -0.657285 -1.83438 2.35741 -1.61515</i>
                        <i>0.403356 0.892043 -0.203869 0.674243 -0.139115 0.725289 0.618628 -0.430007 -0.657567 -1.83357 2.35769 -1.61569</i>
                        <i>0.400931 0.893868 -0.200635 0.67343 -0.13909 0.726048 0.621085 -0.426209 -0.657723 -1.83305 2.35791 -1.61602</i>
                        <i>0.400029 0.894555 -0.199371 0.673098 -0.139114 0.726351 0.622026 -0.424758 -0.657773 -1.83286 2.358 -1.61614</i>
                        <i>0.400542 0.894375 -0.199148 0.672957 -0.13964 0.726381 0.621848 -0.424964 -0.657807 -1.83294 2.35799 -1.61616</i>
                        <i>0.401929 0.893887 -0.198544 0.672574 -0.141061 0.726461 0.621367 -0.425521 -0.657902 -1.83316 2.35798 -1.61623</i>
                        <i>0.403957 0.893169 -0.197658 0.672012 -0.143143 0.726574 0.62066 -0.426333 -0.658043 -1.83348 2.35795 -1.61633</i>
                        <i>0.406394 0.892298 -0.19659 0.67133 -0.145648 0.726707 0.619806 -0.427306 -0.658217 -1.83386 2.35792 -1.61644</i>
                        <i>0.409015 0.891353 -0.195438 0.67059 -0.148345 0.726844 0.618883 -0.428349 -0.658408 -1.83428 2.35789 -1.61657</i>
                        <i>0.411602 0.890412 -0.194297 0.669853 -0.151013 0.726974 0.617965 -0.429374 -0.658603 -1.83469 2.35786 -1.61669</i>
                        <i>0.413949 0.889549 -0.193258 0.669179 -0.153438 0.727088 0.617127 -0.430302 -0.658783 -1.83507 2.35783 -1.6168</i>
                        <i>0.415861 0.888841 -0.19241 0.668626 -0.155415 0.727177 0.616441 -0.431055 -0.658933 -1.83538 2.3578 -1.6169</i>
                        <i>0.417147 0.888362 -0.191838 0.668251 -0.156747 0.727235 0.615978 -0.43156 -0.659035 -1.83559 2.35778 -1.61696</i>
                        <i>0.417619 0.888185 -0.191628 0.668114 -0.157235 0.727256 0.615807 -0.431745 -0.659073 -1.83567 2.35777 -1.61698</i>
                        <i>0.415906 0.88993 -0.18721 0.667808 -0.159136 0.727124 0.617297 -0.427435 -0.660487 -1.83662 2.359 -1.61642</i>
                        <i>0.411754 0.893998 -0.17671 0.667104 -0.163596 0.726779 0.62083 -0.417138 -0.663751 -1.8389 2.36191 -1.61507</i>
                        <i>0.406679 0.898684 -0.164256 0.666316 -0.168774 0.726318 0.625008 -0.404824 -0.667445 -1.84162 2.36535 -1.61345</i>
                        <i>0.402328 0.902467 -0.153904 0.665701 -0.172984 0.725892 0.62847 -0.3945 -0.670369 -1.84389 2.3682 -1.61208</i>
                        <i>0.400477 0.904014 -0.149588 0.665455 -0.174713 0.725703 0.629911 -0.390172 -0.671549 -1.84485 2.36939 -1.6115</i>
                        <i>0.433507 0.889884 -0.142049 0.597449 -0.165807 0.784578 0.674631 -0.424987 -0.603539 -1.84507 2.37094 -1.62256</i>
                        <i>0.478685 0.868737 -0.127112 0.499048 -0.150103 0.853475 0.722366 -0.471981 -0.505393 -1.84553 2.37266 -1.6369</i>
                        <i>0.52889 0.842758 -0.100166 0.378738 -0.128753 0.916505 0.759495 -0.522667 -0.38728 -1.84612 2.3744 -1.65329</i>
                        <i>0.576137 0.815122 -0.0603507 0.249077 -0.104766 0.962801 0.778478 -0.569737 -0.263388 -1.84672 2.37597 -1.67038</i>
                        <i>0.613334 0.789741 -0.0114249 0.125061 -0.0828228 0.988686 0.779859 -0.607824 -0.149564 -1.84717 2.37712 -1.68674</i>
                        <i>0.637982 0.769032 0.0396051 0.0205804 -0.0684415 0.997443 0.769776 -0.635535 -0.0594914 -1.84763 2.37776 -1.70108</i>
                        <i>0.652314 0.752962 0.0868046 -0.0603729 -0.0625449 0.996214 0.75554 -0.655086 0.00465956 -1.84846 2.37806 -1.71267</i>
                        <i>0.658904 0.741711 0.125341 -0.117896 -0.0627423 0.991042 0.742931 -0.667779 0.0461035 -1.84957 2.37812 -1.72121</i>
                        <i>0.660876 0.735149 0.150991 -0.152279 -0.0656505 0.986155 0.734883 -0.674719 0.068561 -1.85056 2.37806 -1.72651</i>
                        <i>0.661086 0.733007 0.160206 -0.163719 -0.0674515 0.984198 0.732231 -0.676868 0.0754162 -1.85098 2.37801 -1.72835</i>
                    </KeyFrames>
                </p>
            </i>
            <i>
                <p>
                    <Name><![CDATA[head]]></Name>
                    <Exclude>0</Exclude>
                    <Additive>0</Additive>
                    <IKPriority>0</IKPriority>
                    <IKRotLimits>-1e+010 -1e+010 -1e+010 1e+010 1e+010 1e+010</IKRotLimits>
                    <IKRotLimitOrder>0</IKRotLimitOrder>
                    <KeyFrames count="60">
                        <i>0.0346431 0.996501 0.0760621 -0.60844 0.0814076 -0.789413 -0.792843 -0.0189315 0.609131 -1.68252 2.573 -1.69757</i>
                        <i>0.170976 0.965303 0.197378 -0.681749 0.260535 -0.683622 -0.711326 -0.0176796 0.702639 -1.68177 2.56728 -1.69955</i>
                        <i>0.341045 0.905402 0.252856 -0.760432 0.42385 -0.492032 -0.552659 -0.0244747 0.833048 -1.68208 2.56366 -1.70199</i>
                        <i>0.448268 0.876998 0.173007 -0.84527 0.478833 -0.237147 -0.290819 -0.0399323 0.955945 -1.68473 2.56702 -1.70399</i>
                        <i>0.344777 0.938356 -0.0248423 -0.920204 0.343096 0.188442 0.185349 -0.0421105 0.98177 -1.6905 2.57849 -1.70468</i>
                        <i>0.111015 0.988288 -0.104704 -0.700281 0.152547 0.697378 0.705182 -0.00409666 0.709014 -1.69997 2.59465 -1.70311</i>
                        <i>0.00575246 0.998422 -0.0558679 -0.342963 0.05445 0.937769 0.939331 0.0137661 0.342735 -1.71242 2.61309 -1.69818</i>
                        <i>-0.00829179 0.999958 0.00378829 -0.205901 -0.0054146 0.978558 0.978538 0.00733402 0.205938 -1.72556 2.63094 -1.68999</i>
                        <i>0.0122972 0.997677 0.0670094 -0.224456 -0.0625501 0.972475 0.974407 -0.0269993 0.223165 -1.73678 2.64547 -1.67984</i>
                        <i>0.04823 0.995276 0.0842569 -0.253558 -0.0693921 0.964828 0.966117 -0.0678978 0.249014 -1.74368 2.65413 -1.66978</i>
                        <i>0.061356 0.997636 0.0309376 -0.239068 -0.0154049 0.970881 0.969063 -0.0669656 0.237557 -1.74499 2.65233 -1.67141</i>
                        <i>0.0821466 0.993745 -0.0756512 -0.209646 0.0914395 0.973493 0.974321 -0.0641092 0.215846 -1.7484 2.64787 -1.67497</i>
                        <i>0.0915119 0.984056 -0.152512 -0.190761 0.167642 0.967216 0.977362 -0.0594183 0.203061 -1.75313 2.64217 -1.67844</i>
                        <i>0.0913073 0.979327 -0.180507 -0.187688 0.194939 0.96269 0.977976 -0.0540216 0.201608 -1.75839 2.63666 -1.67983</i>
                        <i>0.0894004 0.976661 -0.195296 -0.186533 0.20903 0.959954 0.978373 -0.0493911 0.200867 -1.76337 2.63285 -1.67713</i>
                        <i>0.0866043 0.976886 -0.195431 -0.186903 0.208617 0.959972 0.978554 -0.046611 0.20065 -1.76724 2.63012 -1.67156</i>
                        <i>0.0836378 0.980221 -0.179363 -0.188406 0.192302 0.96308 0.978523 -0.0467568 0.200763 -1.76918 2.62671 -1.66652</i>
                        <i>0.0765265 0.988752 -0.128504 -0.192428 0.141105 0.971113 0.978323 -0.0495882 0.201062 -1.76929 2.62277 -1.66236</i>
                        <i>0.0650645 0.996692 -0.0487096 -0.19814 0.060745 0.97829 0.978012 -0.0540006 0.201436 -1.7683 2.6186 -1.65883</i>
                        <i>0.0560723 0.998139 0.0239569 -0.202826 -0.0121068 0.97914 0.977608 -0.0597617 0.20177 -1.76631 2.61429 -1.65627</i>
                        <i>0.0569274 0.996971 0.0529842 -0.204635 -0.0402917 0.978009 0.977181 -0.0665179 0.201722 -1.76349 2.60989 -1.65511</i>
                        <i>0.072174 0.997279 0.0150106 -0.2018 -0.000137451 0.979427 0.976764 -0.0737184 0.201241 -1.76012 2.60556 -1.65548</i>
                        <i>0.0955821 0.9933 -0.0649483 -0.194037 0.0825875 0.977512 0.976327 -0.0808303 0.200631 -1.75649 2.60145 -1.65729</i>
                        <i>0.118491 0.981643 -0.149453 -0.183439 0.169564 0.968297 0.975864 -0.0873184 0.200163 -1.75287 2.59778 -1.66048</i>
                        <i>0.13353 0.970312 -0.201652 -0.175459 0.223406 0.958803 0.975389 -0.0926479 0.200081 -1.74953 2.59469 -1.66439</i>
