<?xml version="1.0" encoding="ISO-8859-1" ?>
<Animl Version="1">
    <ModellingPackage><![CDATA[Maya.2010]]></ModellingPackage>
    <SrcFile><![CDATA[anims\turrets\artillery\blue\~src\artillery_m270\artillery_m270_aim_random_crewman_a.mb]]></SrcFile>
    <FramesPerSecond>30</FramesPerSecond>
    <TotalFrames>60</TotalFrames>
    <Skeleton>
        <RefFrame>
            <Name><![CDATA[soldier_ref_frame]]></Name>
            <Exclude>0</Exclude>
            <Additive>0</Additive>
            <IKPriority>0</IKPriority>
            <IKRotLimits>-1e+010 -1e+010 -1e+010 1e+010 1e+010 1e+010</IKRotLimits>
            <IKRotLimitOrder>0</IKRotLimitOrder>
            <KeyFrames count="60">
                <i>1 0 0 0 1 0 0 0 1 3.55 1.33 -1.18</i>
                <i>1 0 0 0 1 0 0 0 1 3.55 1.33 -1.18</i>
                <i>1 0 0 0 1 0 0 0 1 3.55 1.33 -1.18</i>
                <i>1 0 0 0 1 0 0 0 1 3.55 1.33 -1.18</i>
                <i>1 0 0 0 1 0 0 0 1 3.55 1.33 -1.18</i>
                <i>1 0 0 0 1 0 0 0 1 3.55 1.33 -1.18</i>
                <i>1 0 0 0 1 0 0 0 1 3.55 1.33 -1.18</i>
                <i>1 0 0 0 1 0 0 0 1 3.55 1.33 -1.18</i>
                <i>1 0 0 0 1 0 0 0 1 3.55 1.33 -1.18</i>
                <i>1 0 0 0 1 0 0 0 1 3.55 1.33 -1.18</i>
                <i>1 0 0 0 1 0 0 0 1 3.55 1.33 -1.18</i>
                <i>1 0 0 0 1 0 0 0 1 3.55 1.33 -1.18</i>
                <i>1 0 0 0 1 0 0 0 1 3.55 1.33 -1.18</i>
                <i>1 0 0 0 1 0 0 0 1 3.55 1.33 -1.18</i>
                <i>1 0 0 0 1 0 0 0 1 3.55 1.33 -1.18</i>
                <i>1 0 0 0 1 0 0 0 1 3.55 1.33 -1.18</i>
                <i>1 0 0 0 1 0 0 0 1 3.55 1.33 -1.18</i>
                <i>1 0 0 0 1 0 0 0 1 3.55 1.33 -1.18</i>
                <i>1 0 0 0 1 0 0 0 1 3.55 1.33 -1.18</i>
                <i>1 0 0 0 1 0 0 0 1 3.55 1.33 -1.18</i>
                <i>1 0 0 0 1 0 0 0 1 3.55 1.33 -1.18</i>
                <i>1 0 0 0 1 0 0 0 1 3.55 1.33 -1.18</i>
                <i>1 0 0 0 1 0 0 0 1 3.55 1.33 -1.18</i>
                <i>1 0 0 0 1 0 0 0 1 3.55 1.33 -1.18</i>
                <i>1 0 0 0 1 0 0 0 1 3.55 1.33 -1.18</i>
                <i>1 0 0 0 1 0 0 0 1 3.55 1.33 -1.18</i>
                <i>1 0 0 0 1 0 0 0 1 3.55 1.33 -1.18</i>
                <i>1 0 0 0 1 0 0 0 1 3.55 1.33 -1.18</i>
                <i>1 0 0 0 1 0 0 0 1 3.55 1.33 -1.18</i>
                <i>1 0 0 0 1 0 0 0 1 3.55 1.33 -1.18</i>
                <i>1 0 0 0 1 0 0 0 1 3.55 1.33 -1.18</i>
                <i>1 0 0 0 1 0 0 0 1 3.55 1.33 -1.18</i>
                <i>1 0 0 0 1 0 0 0 1 3.55 1.33 -1.18</i>
                <i>1 0 0 0 1 0 0 0 1 3.55 1.33 -1.18</i>
                <i>1 0 0 0 1 0 0 0 1 3.55 1.33 -1.18</i>
                <i>1 0 0 0 1 0 0 0 1 3.55 1.33 -1.18</i>
                <i>1 0 0 0 1 0 0 0 1 3.55 1.33 -1.18</i>
                <i>1 0 0 0 1 0 0 0 1 3.55 1.33 -1.18</i>
                <i>1 0 0 0 1 0 0 0 1 3.55 1.33 -1.18</i>
                <i>1 0 0 0 1 0 0 0 1 3.55 1.33 -1.18</i>
                <i>1 0 0 0 1 0 0 0 1 3.55 1.33 -1.18</i>
                <i>1 0 0 0 1 0 0 0 1 3.55 1.33 -1.18</i>
                <i>1 0 0 0 1 0 0 0 1 3.55 1.33 -1.18</i>
                <i>1 0 0 0 1 0 0 0 1 3.55 1.33 -1.18</i>
                <i>1 0 0 0 1 0 0 0 1 3.55 1.33 -1.18</i>
                <i>1 0 0 0 1 0 0 0 1 3.55 1.33 -1.18</i>
                <i>1 0 0 0 1 0 0 0 1 3.55 1.33 -1.18</i>
                <i>1 0 0 0 1 0 0 0 1 3.55 1.33 -1.18</i>
                <i>1 0 0 0 1 0 0 0 1 3.55 1.33 -1.18</i>
                <i>1 0 0 0 1 0 0 0 1 3.55 1.33 -1.18</i>
                <i>1 0 0 0 1 0 0 0 1 3.55 1.33 -1.18</i>
                <i>1 0 0 0 1 0 0 0 1 3.55 1.33 -1.18</i>
                <i>1 0 0 0 1 0 0 0 1 3.55 1.33 -1.18</i>
                <i>1 0 0 0 1 0 0 0 1 3.55 1.33 -1.18</i>
                <i>1 0 0 0 1 0 0 0 1 3.55 1.33 -1.18</i>
                <i>1 0 0 0 1 0 0 0 1 3.55 1.33 -1.18</i>
                <i>1 0 0 0 1 0 0 0 1 3.55 1.33 -1.18</i>
                <i>1 0 0 0 1 0 0 0 1 3.55 1.33 -1.18</i>
                <i>1 0 0 0 1 0 0 0 1 3.55 1.33 -1.18</i>
                <i>1 0 0 0 1 0 0 0 1 3.55 1.33 -1.18</i>
            </KeyFrames>
        </RefFrame>
        <Bones count="23">
            <i>
                <p>
                    <Name><![CDATA[pelvis]]></Name>
                    <Exclude>0</Exclude>
                    <Additive>0</Additive>
                    <IKPriority>0</IKPriority>
                    <IKRotLimits>-1e+010 -1e+010 -1e+010 1e+010 1e+010 1e+010</IKRotLimits>
                    <IKRotLimitOrder>2</IKRotLimitOrder>
                    <KeyFrames count="60">
                        <i>1 0 0 0 1 0 0 0 1 3.54598 2.49292 -1.17634</i>
                        <i>1 0 0 0 1 0 0 0 1 3.54598 2.4892 -1.17634</i>
                        <i>1 0 0 0 1 0 0 0 1 3.54598 2.48107 -1.17634</i>
                        <i>1 0 0 0 1 0 0 0 1 3.54598 2.47314 -1.17634</i>
                        <i>1 0 0 0 1 0 0 0 1 3.54598 2.47 -1.17634</i>
                        <i>1 0 0 0 1 0 0 0 1 3.54598 2.47362 -1.17634</i>
                        <i>1 0 0 0 1 0 0 0 1 3.54598 2.48113 -1.17634</i>
                        <i>1 0 0 0 1 0 0 0 1 3.54598 2.48982 -1.17634</i>
                        <i>1 0 0 0 1 0 0 0 1 3.54598 2.49701 -1.17634</i>
                        <i>1 0 0 0 1 0 0 0 1 3.54598 2.5 -1.17634</i>
                        <i>1 0 0 0 1 0 0 0 1 3.54598 2.49985 -1.17634</i>
                        <i>1 0 0 0 1 0 0 0 1 3.54598 2.49944 -1.17634</i>
                        <i>1 0 0 0 1 0 0 0 1 3.54598 2.4988 -1.17634</i>
                        <i>1 0 0 0 1 0 0 0 1 3.54598 2.49799 -1.17634</i>
                        <i>1 0 0 0 1 0 0 0 1 3.54598 2.49704 -1.17634</i>
                        <i>1 0 0 0 1 0 0 0 1 3.54598 2.496 -1.17634</i>
                        <i>1 0 0 0 1 0 0 0 1 3.54598 2.49492 -1.17634</i>
                        <i>1 0 0 0 1 0 0 0 1 3.54598 2.49384 -1.17634</i>
                        <i>1 0 0 0 1 0 0 0 1 3.54598 2.4928 -1.17634</i>
                        <i>1 0 0 0 1 0 0 0 1 3.54598 2.49185 -1.17634</i>
                        <i>1 0 0 0 1 0 0 0 1 3.54598 2.49104 -1.17634</i>
                        <i>1 0 0 0 1 0 0 0 1 3.54598 2.4904 -1.17634</i>
                        <i>1 0 0 0 1 0 0 0 1 3.54598 2.48999 -1.17634</i>
                        <i>1 0 0 0 1 0 0 0 1 3.54598 2.48984 -1.17634</i>
                        <i>1 0 0 0 1 0 0 0 1 3.54598 2.49 -1.17634</i>
                        <i>1 0 0 0 1 0 0 0 1 3.54598 2.49052 -1.17634</i>
                        <i>1 0 0 0 1 0 0 0 1 3.54598 2.49138 -1.17634</i>
                        <i>1 0 0 0 1 0 0 0 1 3.54598 2.49253 -1.17634</i>
                        <i>1 0 0 0 1 0 0 0 1 3.54598 2.49391 -1.17634</i>
                        <i>1 0 0 0 1 0 0 0 1 3.54598 2.49548 -1.17634</i>
                        <i>1 0 0 0 1 0 0 0 1 3.54598 2.49718 -1.17634</i>
                        <i>1 0 0 0 1 0 0 0 1 3.54598 2.49897 -1.17634</i>
                        <i>1 0 0 0 1 0 0 0 1 3.54598 2.50078 -1.17634</i>
                        <i>1 0 0 0 1 0 0 0 1 3.54598 2.50258 -1.17634</i>
                        <i>1 0 0 0 1 0 0 0 1 3.54598 2.5043 -1.17634</i>
                        <i>1 0 0 0 1 0 0 0 1 3.54598 2.50589 -1.17634</i>
                        <i>1 0 0 0 1 0 0 0 1 3.54598 2.50731 -1.17634</i>
                        <i>1 0 0 0 1 0 0 0 1 3.54598 2.5085 -1.17634</i>
                        <i>1 0 0 0 1 0 0 0 1 3.54598 2.50942 -1.17634</i>
                        <i>1 0 0 0 1 0 0 0 1 3.54598 2.51 -1.17634</i>
                        <i>1 0 0 0 1 0 0 0 1 3.54598 2.51004 -1.17634</i>
                        <i>1 0 0 0 1 0 0 0 1 3.54598 2.50947 -1.17634</i>
                        <i>1 0 0 0 1 0 0 0 1 3.54598 2.50843 -1.17634</i>
                        <i>1 0 0 0 1 0 0 0 1 3.54598 2.50706 -1.17634</i>
                        <i>1 0 0 0 1 0 0 0 1 3.54598 2.5055 -1.17634</i>
                        <i>1 0 0 0 1 0 0 0 1 3.54598 2.5039 -1.17634</i>
                        <i>1 0 0 0 1 0 0 0 1 3.54598 2.50241 -1.17634</i>
                        <i>1 0 0 0 1 0 0 0 1 3.54598 2.50117 -1.17634</i>
                        <i>1 0 0 0 1 0 0 0 1 3.54598 2.50032 -1.17634</i>
                        <i>1 0 0 0 1 0 0 0 1 3.54598 2.5 -1.17634</i>
                        <i>1 0 0 0 1 0 0 0 1 3.54598 2.4998 -1.17634</i>
                        <i>1 0 0 0 1 0 0 0 1 3.54598 2.49926 -1.17634</i>
                        <i>1 0 0 0 1 0 0 0 1 3.54598 2.49847 -1.17634</i>
                        <i>1 0 0 0 1 0 0 0 1 3.54598 2.49751 -1.17634</i>
                        <i>1 0 0 0 1 0 0 0 1 3.54598 2.49646 -1.17634</i>
                        <i>1 0 0 0 1 0 0 0 1 3.54598 2.49542 -1.17634</i>
                        <i>1 0 0 0 1 0 0 0 1 3.54598 2.49445 -1.17634</i>
                        <i>1 0 0 0 1 0 0 0 1 3.54598 2.49366 -1.17634</i>
                        <i>1 0 0 0 1 0 0 0 1 3.54598 2.49312 -1.17634</i>
                        <i>1 0 0 0 1 0 0 0 1 3.54598 2.49292 -1.17634</i>
                    </KeyFrames>
                </p>
            </i>
            <i>
                <p>
                    <Name><![CDATA[spine0]]></Name>
                    <Exclude>0</Exclude>
                    <Additive>0</Additive>
                    <IKPriority>0</IKPriority>
                    <IKRotLimits>-1e+010 -1e+010 -1e+010 1e+010 1e+010 1e+010</IKRotLimits>
                    <IKRotLimitOrder>0</IKRotLimitOrder>
                    <KeyFrames count="60">
                        <i>0.00706553 0.999968 0.00363875 -0.807645 0.00785216 -0.589617 -0.589626 0.00122714 0.807675 3.57422 2.62858 -1.21503</i>
                        <i>0.0101687 0.999946 -0.00198691 -0.80923 0.00706196 -0.58745 -0.587405 0.00758145 0.809258 3.57459 2.62456 -1.21576</i>
                        <i>0.0164094 0.999754 -0.0149304 -0.813483 0.00466689 -0.58157 -0.581357 0.0216888 0.81336 3.57536 2.61577 -1.21744</i>
                        <i>0.0212456 0.999348 -0.0292063 -0.819637 0.000682356 -0.572883 -0.572489 0.0361098 0.819117 3.57601 2.60711 -1.21932</i>
                        <i>0.0206425 0.999046 -0.0384719 -0.826869 -0.00457144 -0.562376 -0.562016 0.0434201 0.825986 3.57609 2.60353 -1.2206</i>
                        <i>0.0140033 0.999105 -0.0399113 -0.834316 -0.0103247 -0.551189 -0.551108 0.0410171 0.833425 3.57554 2.60713 -1.22104</i>
                        <i>0.00485655 0.999319 -0.0365886 -0.841198 -0.0157015 -0.540499 -0.540705 0.0334032 0.840549 3.57473 2.61482 -1.22103</i>
                        <i>-0.00428798 0.999514 -0.0308716 -0.846838 -0.0200484 -0.531473 -0.531833 0.0238643 0.846513 3.57389 2.62378 -1.22075</i>
                        <i>-0.0112293 0.999614 -0.0254056 -0.850642 -0.0229051 -0.525246 -0.525626 0.0157129 0.850571 3.57324 2.6312 -1.22043</i>
                        <i>-0.0139794 0.999638 -0.0229711 -0.852041 -0.0239319 -0.522928 -0.523289 0.0122621 0.852067 3.57298 2.6343 -1.22028</i>
                        <i>-0.011046 0.999678 -0.0228226 -0.852066 -0.021355 -0.522999 -0.523318 0.0136693 0.852028 3.57306 2.6341 -1.2204</i>
                        <i>-0.00435289 0.99973 -0.0228175 -0.852095 -0.0156503 -0.523153 -0.523369 0.0171654 0.851933 3.57326 2.63353 -1.22073</i>
                        <i>0.00293158 0.999717 -0.0236183 -0.852086 -0.0098645 -0.523309 -0.523394 0.0216589 0.851816 3.57356 2.63267 -1.22122</i>
                        <i>0.00764813 0.999636 -0.0258837 -0.852073 -0.00703267 -0.523376 -0.523367 0.0260576 0.851709 3.57393 2.63157 -1.22182</i>
                        <i>0.00987541 0.999519 -0.0293928 -0.852094 -0.00697108 -0.523343 -0.523296 0.0302136 0.851615 3.57434 2.63031 -1.22249</i>
                        <i>0.0117051 0.99938 -0.0332133 -0.852125 -0.00741047 -0.523286 -0.523208 0.034427 0.851509 3.57476 2.62895 -1.22316</i>
                        <i>0.0130194 0.999233 -0.0369317 -0.852166 -0.00823451 -0.523206 -0.523109 0.0382838 0.851406 3.57515 2.62756 -1.2238</i>
                        <i>0.0137006 0.9991 -0.0401373 -0.852216 -0.00932862 -0.523108 -0.523011 0.0413725 0.851321 3.57549 2.6262 -1.22436</i>
                        <i>0.0136299 0.999007 -0.0424214 -0.852267 -0.0105806 -0.523 -0.522929 0.0432828 0.851277 3.57575 2.62495 -1.22478</i>
                        <i>0.012755 0.998971 -0.0435169 -0.852314 -0.0118957 -0.522895 -0.522875 0.0437596 0.851286 3.5759 2.62388 -1.22503</i>
                        <i>0.011142 0.998996 -0.0434006 -0.852349 -0.0132065 -0.522807 -0.522855 0.0428176 0.851345 3.57591 2.62306 -1.22504</i>
                        <i>0.00904255 0.999062 -0.0423448 -0.852368 -0.0144414 -0.522743 -0.522864 0.0408203 0.851438 3.57581 2.6225 -1.22488</i>
                        <i>0.00678903 0.999146 -0.040751 -0.852375 -0.015527 -0.522701 -0.522887 0.0382837 0.851542 3.57566 2.62221 -1.22464</i>
                        <i>0.00456138 0.999238 -0.0387707 -0.852368 -0.0163894 -0.522685 -0.522922 0.0354311 0.851644 3.57546 2.62222 -1.22432</i>
                        <i>0.00254058 0.999328 -0.0365561 -0.852348 -0.0169538 -0.522699 -0.522968 0.0324865 0.851733 3.57523 2.62258 -1.22393</i>
                        <i>0.00060344 0.999417 -0.0341302 -0.852319 -0.0173368 -0.522735 -0.523022 0.0294052 0.851812 3.57496 2.62331 -1.22349</i>
                        <i>-0.00147028 0.999504 -0.0314551 -0.852284 -0.0177059 -0.522779 -0.523077 0.02604 0.851888 3.57465 2.62441 -1.223</i>
                        <i>-0.00364452 0.999584 -0.0285922 -0.852244 -0.0180625 -0.522832 -0.523131 0.0224621 0.851956 3.57433 2.62581 -1.22247</i>
                        <i>-0.00588305 0.999655 -0.0256032 -0.8522 -0.0184076 -0.522892 -0.523183 0.0187428 0.852014 3.57399 2.62746 -1.22192</i>
                        <i>-0.00814949 0.999713 -0.0225498 -0.852153 -0.0187426 -0.522958 -0.52323 0.014954 0.85206 3.57364 2.6293 -1.22134</i>
                        <i>-0.0104073 0.999756 -0.0194941 -0.852103 -0.0190687 -0.523027 -0.523271 0.0111677 0.852093 3.57328 2.63127 -1.22076</i>
                        <i>-0.0126198 0.999784 -0.0164984 -0.852051 -0.0193872 -0.523099 -0.523306 0.00745604 0.852112 3.57292 2.63331 -1.22018</i>
                        <i>-0.0147502 0.999798 -0.0136252 -0.851999 -0.0196995 -0.523173 -0.523336 0.00389171 0.852118 3.57257 2.63538 -1.21961</i>
                        <i>-0.0167616 0.9998 -0.0109372 -0.851947 -0.0200068 -0.523246 -0.52336 0.000547453 0.852112 3.57223 2.63742 -1.21906</i>
                        <i>-0.0186169 0.999791 -0.00849718 -0.851897 -0.0203106 -0.523316 -0.523379 -0.00250379 0.852096 3.57192 2.63936 -1.21854</i>
                        <i>-0.020279 0.999774 -0.00636817 -0.851848 -0.0206123 -0.523382 -0.523396 -0.00518896 0.852074 3.57162 2.64116 -1.21806</i>
                        <i>-0.0217108 0.999754 -0.00461317 -0.851804 -0.0209133 -0.523443 -0.523411 -0.00743487 0.852048 3.57136 2.64276 -1.21764</i>
                        <i>-0.0228752 0.999733 -0.00329518 -0.851764 -0.021215 -0.523496 -0.523426 -0.00916836 0.852022 3.57114 2.64411 -1.21727</i>
                        <i>-0.0237104 0.999716 -0.00252704 -0.85173 -0.021524 -0.523538 -0.523444 -0.0102609 0.851998 3.57096 2.64514 -1.21698</i>
                        <i>-0.0241068 0.999706 -0.00248811 -0.851703 -0.021841 -0.523569 -0.52347 -0.0105025 0.851979 3.57083 2.64581 -1.21677</i>
                        <i>-0.0239453 0.999708 -0.00335714 -0.851693 -0.0221582 -0.523573 -0.523494 -0.00967784 0.851974 3.5708 2.64587 -1.21673</i>
                        <i>-0.0232455 0.999717 -0.00508783 -0.851706 -0.0224683 -0.523539 -0.523505 -0.00783656 0.851987 3.57092 2.64522 -1.21692</i>
                        <i>-0.0221383 0.999727 -0.00745486 -0.851737 -0.0227646 -0.523475 -0.523501 -0.00523925 0.852009 3.57114 2.64403 -1.21728</i>
                        <i>-0.020755 0.999732 -0.0102328 -0.851782 -0.0230406 -0.523389 -0.523484 -0.00214676 0.852033 3.57144 2.64245 -1.21777</i>
                        <i>-0.0192266 0.999728 -0.0131967 -0.851837 -0.0232899 -0.52329 -0.523455 0.00118033 0.852053 3.57178 2.64066 -1.21832</i>
                        <i>-0.0176841 0.999714 -0.0161219 -0.851894 -0.0235065 -0.523186 -0.523415 0.00448203 0.852066 3.57213 2.63882 -1.21889</i>
                        <i>-0.0162581 0.999691 -0.0187847 -0.851949 -0.0236844 -0.523088 -0.523372 0.00749921 0.852071 3.57245 2.6371 -1.21942</i>
                        <i>-0.0150787 0.999667 -0.0209622 -0.851996 -0.0238183 -0.523006 -0.523331 0.00997343 0.852071 3.57273 2.63566 -1.21986</i>
                        <i>-0.0142759 0.999646 -0.0224318 -0.852029 -0.0239026 -0.522949 -0.5233 0.0116469 0.852069 3.57291 2.63467 -1.22017</i>
                        <i>-0.0139794 0.999638 -0.0229711 -0.852041 -0.0239319 -0.522928 -0.523289 0.0122621 0.852067 3.57298 2.6343 -1.22028</i>
                        <i>-0.0132943 0.999663 -0.0222904 -0.850871 -0.0230191 -0.524871 -0.525207 0.0119884 0.85089 3.57303 2.63414 -1.22013</i>
                        <i>-0.0114608 0.999726 -0.0204208 -0.847672 -0.0205462 -0.530122 -0.530396 0.0112346 0.847676 3.57314 2.63371 -1.21973</i>
                        <i>-0.00882956 0.999806 -0.0176096 -0.842901 -0.0169162 -0.537803 -0.537996 0.0100946 0.842887 3.57331 2.63307 -1.21914</i>
                        <i>-0.00575081 0.999884 -0.0141108 -0.837015 -0.0125341 -0.547037 -0.54715 0.00866501 0.83699 3.5735 2.6323 -1.21843</i>
                        <i>-0.00254946 0.999945 -0.0102045 -0.830497 -0.00780131 -0.556969 -0.557018 0.0070548 0.830471 3.57369 2.63145 -1.21765</i>
                        <i>0.000492398 0.999981 -0.00620377 -0.823864 -0.00311056 -0.566779 -0.566787 0.00539015 0.823847 3.57386 2.6306 -1.21687</i>
                        <i>0.00314377 0.999992 -0.0024518 -0.817671 0.00115912 -0.575685 -0.575677 0.00381459 0.817668 3.57401 2.62982 -1.21616</i>
                        <i>0.005222 0.999986 0.00068743 -0.812501 0.00464368 -0.582941 -0.582937 0.00248558 0.812514 3.57412 2.62918 -1.21557</i>
                        <i>0.00657742 0.999974 0.00284091 -0.808958 0.00699099 -0.587825 -0.58783 0.0015682 0.808983 3.5742 2.62874 -1.21518</i>
                        <i>0.00706553 0.999968 0.00363875 -0.807645 0.00785216 -0.589617 -0.589626 0.00122714 0.807675 3.57422 2.62858 -1.21503</i>
                    </KeyFrames>
                </p>
            </i>
            <i>
                <p>
                    <Name><![CDATA[spine1]]></Name>
                    <Exclude>0</Exclude>
                    <Additive>0</Additive>
                    <IKPriority>0</IKPriority>
                    <IKRotLimits>-1e+010 -1e+010 -1e+010 1e+010 1e+010 1e+010</IKRotLimits>
                    <IKRotLimitOrder>0</IKRotLimitOrder>
                    <KeyFrames count="60">
                        <i>-0.0293921 0.998311 0.0501131 -0.760856 0.0101694 -0.648841 -0.648254 -0.0571997 0.759272 3.57543 2.79977 -1.21441</i>
                        <i>-0.0273654 0.998531 0.046771 -0.765464 0.00915936 -0.643413 -0.642896 -0.0534088 0.764089 3.57633 2.7959 -1.2161</i>
                        <i>-0.0233032 0.998953 0.0393564 -0.777611 0.00662999 -0.628711 -0.628314 -0.045255 0.776642 3.57818 2.78741 -1.22001</i>
                        <i>-0.0201916 0.999289 0.0318375 -0.794671 0.00328305 -0.607032 -0.606705 -0.0375573 0.794039 3.57967 2.77904 -1.22434</i>
                        <i>-0.020747 0.999382 0.0283862 -0.814108 -0.00040629 -0.580714 -0.580343 -0.0351575 0.813613 3.57965 2.77563 -1.22723</i>
                        <i>-0.0258678 0.999175 0.0313205 -0.833654 -0.00427093 -0.552271 -0.551681 -0.0403965 0.833076 3.57795 2.77929 -1.22792</i>
                        <i>-0.0332961 0.998707 0.0384012 -0.851346 -0.00821415 -0.52454 -0.523547 -0.0501579 0.850519 3.57557 2.78696 -1.22733</i>
                        <i>-0.0408894 0.998058 0.0469999 -0.865579 -0.0118864 -0.500632 -0.499101 -0.0611526 0.864383 3.57316 2.79587 -1.22607</i>
                        <i>-0.0467377 0.997431 0.0542962 -0.87503 -0.0146635 -0.483847 -0.481807 -0.0701247 0.873467 3.57131 2.80323 -1.22481</i>
                        <i>-0.0490778 0.997146 0.057373 -0.878476 -0.0157615 -0.477526 -0.475259 -0.0738367 0.876742 3.57058 2.80629 -1.22423</i>
                        <i>-0.0480529 0.997172 0.0577894 -0.878402 -0.0146454 -0.477697 -0.4755 -0.0737171 0.876622 3.57116 2.80612 -1.22433</i>
                        <i>-0.0458126 0.997222 0.0587376 -0.87827 -0.0121926 -0.47801 -0.475966 -0.0734863 0.876388 3.57251 2.80563 -1.22466</i>
                        <i>-0.0436028 0.997259 0.059777 -0.878184 -0.00973111 -0.478225 -0.476332 -0.0733472 0.876201 3.57407 2.8049 -1.2253</i>
                        <i>-0.0426557 0.997256 0.0605005 -0.878167 -0.00854613 -0.478278 -0.476449 -0.0735309 0.876122 3.57526 2.80395 -1.22629</i>
                        <i>-0.0428526 0.997225 0.0608789 -0.878173 -0.00853935 -0.478267 -0.47642 -0.0739572 0.876102 3.57605 2.80285 -1.22757</i>
                        <i>-0.0432403 0.99719 0.0611706 -0.878178 -0.00874223 -0.478254 -0.476375 -0.0743985 0.876089 3.57678 2.80165 -1.22891</i>
                        <i>-0.0437889 0.997151 0.0614206 -0.878179 -0.00910624 -0.478246 -0.476324 -0.0748801 0.876076 3.57741 2.80041 -1.2302</i>
                        <i>-0.0444703 0.997105 0.0616749 -0.878174 -0.00958472 -0.478245 -0.476269 -0.075429 0.876058 3.57787 2.79918 -1.23132</i>
                        <i>-0.0452588 0.997051 0.0619798 -0.87817 -0.0101335 -0.478242 -0.476204 -0.0760734 0.876038 3.57812 2.79803 -1.23214</i>
                        <i>-0.0461011 0.996991 0.062321 -0.87817 -0.0107132 -0.478228 -0.476121 -0.0767753 0.876022 3.57812 2.79701 -1.23258</i>
                        <i>-0.0468927 0.996938 0.0625781 -0.878177 -0.0112897 -0.478202 -0.476031 -0.0773788 0.876018 3.57785 2.79618 -1.23257</i>
                        <i>-0.0476313 0.996889 0.0628029 -0.878193 -0.0118364 -0.47816 -0.475929 -0.0779285 0.876024 3.57738 2.79559 -1.23223</i>
                        <i>-0.0483377 0.996837 0.0630891 -0.878218 -0.012327 -0.478101 -0.475811 -0.0785163 0.876036 3.57684 2.79523 -1.2317</i>
                        <i>-0.0489449 0.996788 0.063386 -0.878247 -0.0127257 -0.478037 -0.475695 -0.079066 0.87605 3.57626 2.79517 -1.23103</i>
                        <i>-0.0493853 0.99675 0.063643 -0.878272 -0.0129957 -0.477984 -0.475604 -0.0795013 0.87606 3.57567 2.79543 -1.23026</i>
                        <i>-0.0497182 0.996719 0.0638654 -0.878294 -0.0131866 -0.47794 -0.47553 -0.0798549 0.876068 3.57506 2.79607 -1.22939</i>
                        <i>-0.0500436 0.996689 0.0640837 -0.878318 -0.0133735 -0.47789 -0.47545 -0.0802012 0.876079 3.5744 2.79705 -1.22844</i>
                        <i>-0.0503545 0.99666 0.0642861 -0.878346 -0.0135559 -0.477834 -0.475367 -0.0805265 0.876095 3.5737 2.79833 -1.22741</i>
                        <i>-0.0506444 0.996634 0.0644609 -0.878376 -0.0137333 -0.477774 -0.47528 -0.0808174 0.876115 3.57298 2.79985 -1.22634</i>
                        <i>-0.0509063 0.996612 0.0645966 -0.878408 -0.0139052 -0.47771 -0.475193 -0.0810606 0.87614 3.57223 2.80155 -1.22523</i>
                        <i>-0.0511339 0.996595 0.0646819 -0.878441 -0.0140711 -0.477644 -0.475108 -0.081243 0.876169 3.57149 2.80338 -1.22412</i>
                        <i>-0.0513206 0.996584 0.0647056 -0.878474 -0.0142304 -0.477578 -0.475026 -0.0813518 0.876203 3.57075 2.80529 -1.22302</i>
                        <i>-0.0514601 0.99658 0.0646569 -0.878507 -0.0143827 -0.477514 -0.474951 -0.0813744 0.876242 3.57004 2.80722 -1.22195</i>
                        <i>-0.0515461 0.996584 0.0645249 -0.878537 -0.0145272 -0.477453 -0.474884 -0.0812984 0.876285 3.56936 2.80912 -1.22094</i>
                        <i>-0.0515725 0.996597 0.0642992 -0.878565 -0.0146634 -0.477397 -0.47483 -0.0811116 0.876332 3.56872 2.81094 -1.22</i>
                        <i>-0.0515333 0.99662 0.0639694 -0.878589 -0.0147908 -0.477349 -0.47479 -0.0808022 0.876382 3.56814 2.81263 -1.21916</i>
                        <i>-0.0514225 0.996655 0.0635254 -0.878608 -0.0149088 -0.477311 -0.474767 -0.0803584 0.876435 3.56764 2.81413 -1.21843</i>
                        <i>-0.0512345 0.9967 0.062957 -0.87862 -0.0150167 -0.477286 -0.474766 -0.0797688 0.87649 3.56722 2.81539 -1.21784</i>
                        <i>-0.0509527 0.99676 0.0622329 -0.878621 -0.0151145 -0.477281 -0.474794 -0.0789979 0.876544 3.56689 2.81636 -1.21741</i>
                        <i>-0.0503878 0.996862 0.0610438 -0.878611 -0.0151829 -0.477297 -0.474872 -0.0776837 0.876619 3.5667 2.81698 -1.21719</i>
                        <i>-0.0497291 0.996976 0.0597088 -0.878596 -0.0152376 -0.477322 -0.474969 -0.0761967 0.876697 3.5667 2.81704 -1.21731</i>
                        <i>-0.0492714 0.997058 0.0587178 -0.87858 -0.015305 -0.47735 -0.475047 -0.075108 0.876749 3.56694 2.81644 -1.21779</i>
                        <i>-0.0489832 0.997113 0.0580226 -0.878562 -0.0153804 -0.477381 -0.47511 -0.0743601 0.876779 3.56735 2.81533 -1.21856</i>
                        <i>-0.0488323 0.997146 0.057574 -0.878544 -0.015459 -0.477411 -0.475159 -0.0738944 0.876792 3.56788 2.81387 -1.21952</i>
                        <i>-0.0487867 0.997163 0.0573227 -0.878526 -0.0155363 -0.477441 -0.475196 -0.0736523 0.876792 3.56848 2.8122 -1.22058</i>
                        <i>-0.0488152 0.997167 0.0572205 -0.87851 -0.0156079 -0.477469 -0.475223 -0.0735765 0.876784 3.56909 2.81049 -1.22166</i>
                        <i>-0.0488875 0.997164 0.0572199 -0.878496 -0.0156698 -0.477492 -0.475241 -0.0736108 0.876771 3.56966 2.80889 -1.22265</i>
                        <i>-0.0489743 0.997157 0.0572751 -0.878485 -0.0157184 -0.477511 -0.475252 -0.0737011 0.876757 3.57014 2.80755 -1.22347</i>
                        <i>-0.0490471 0.997149 0.057341 -0.878478 -0.0157502 -0.477522 -0.475258 -0.0737939 0.876747 3.57046 2.80663 -1.22403</i>
                        <i>-0.0490778 0.997146 0.057373 -0.878476 -0.0157615 -0.477526 -0.475259 -0.0738367 0.876742 3.57058 2.80629 -1.22423</i>
                        <i>-0.048525 0.997188 0.0571138 -0.875696 -0.0149704 -0.48263 -0.480418 -0.073434 0.87396 3.57074 2.80611 -1.22397</i>
                        <i>-0.0470238 0.997299 0.0564271 -0.867996 -0.0128404 -0.496405 -0.49434 -0.0723213 0.866255 3.57117 2.80561 -1.22324</i>
                        <i>-0.0448107 0.997455 0.0554591 -0.856235 -0.00974893 -0.516495 -0.51464 -0.0706305 0.854492 3.57179 2.80487 -1.22217</i>
                        <i>-0.0421236 0.997633 0.0543537 -0.841303 -0.00607325 -0.54053 -0.53892 -0.068497 0.839567 3.57251 2.80398 -1.22085</i>
                        <i>-0.0392023 0.997812 0.0532372 -0.82426 -0.0021743 -0.566208 -0.564853 -0.0660779 0.822542 3.57325 2.80302 -1.2194</i>
                        <i>-0.0362867 0.997977 0.0522093 -0.80641 0.00161549 -0.591354 -0.590242 -0.0635605 0.80472 3.57395 2.80206 -1.21794</i>
                        <i>-0.0336151 0.998115 0.0513419 -0.789317 0.00499861 -0.613966 -0.613065 -0.0611636 0.787661 3.57455 2.80117 -1.21658</i>
                        <i>-0.031422 0.99822 0.0506822 -0.774757 0.00771127 -0.632212 -0.631478 -0.0591317 0.773136 3.57502 2.80045 -1.21545</i>
                        <i>-0.0299379 0.998287 0.0502623 -0.764634 0.00951344 -0.644394 -0.643769 -0.0577241 0.76304 3.57532 2.79995 -1.21469</i>
                        <i>-0.0293921 0.998311 0.0501131 -0.760856 0.0101694 -0.648841 -0.648254 -0.0571997 0.759272 3.57543 2.79977 -1.21441</i>
                    </KeyFrames>
                </p>
            </i>
            <i>
                <p>
                    <Name><![CDATA[spine2]]></Name>
                    <Exclude>0</Exclude>
                    <Additive>0</Additive>
                    <IKPriority>0</IKPriority>
                    <IKRotLimits>-1e+010 -1e+010 -1e+010 1e+010 1e+010 1e+010</IKRotLimits>
                    <IKRotLimitOrder>0</IKRotLimitOrder>
                    <KeyFrames count="60">
                        <i>-0.112464 0.986443 0.11951 -0.709933 0.00438352 -0.704255 -0.695231 -0.164048 0.699816 3.57074 2.9572 -1.20656</i>
                        <i>-0.110485 0.986534 0.120594 -0.71798 0.00467619 -0.696048 -0.687239 -0.163487 0.707795 3.57196 2.9535 -1.20877</i>
                        <i>-0.105005 0.986698 0.124101 -0.738998 0.0060868 -0.67368 -0.665474 -0.16245 0.728529 3.57444 2.94538 -1.21382</i>
                        <i>-0.0967187 0.986746 0.130301 -0.768041 0.00927512 -0.640334 -0.633055 -0.162009 0.756964 3.57643 2.93739 -1.21932</i>
                        <i>-0.0867145 0.98647 0.139132 -0.800422 0.0141614 -0.59927 -0.593132 -0.16333 0.788364 3.57633 2.93419 -1.22273</i>
                        <i>-0.0767897 0.985673 0.150176 -0.832184 0.0195981 -0.554153 -0.549157 -0.167527 0.818756 3.57384 2.93785 -1.22294</i>
                        <i>-0.0681622 0.984468 0.161791 -0.860159 0.02417 -0.509452 -0.50545 -0.173892 0.845152 3.57029 2.94541 -1.22122</i>
                        <i>-0.0614721 0.983165 0.17207 -0.882039 0.0271768 -0.470391 -0.467148 -0.180688 0.865519 3.5667 2.95413 -1.21859</i>
                        <i>-0.0572112 0.982117 0.179371 -0.896212 0.0286466 -0.4427 -0.439921 -0.186082 0.878546 3.56394 2.96131 -1.21617</i>
                        <i>-0.0557257 0.981689 0.182159 -0.901302 0.0290381 -0.432217 -0.429592 -0.188266 0.88318 3.56285 2.96429 -1.21511</i>
                        <i>-0.0606348 0.98159 0.181122 -0.901413 0.0240833 -0.432289 -0.428693 -0.189477 0.883358 3.56359 2.96414 -1.21514</i>
                        <i>-0.0716172 0.98123 0.179049 -0.901615 0.0130847 -0.432342 -0.42657 -0.192396 0.883755 3.56529 2.96373 -1.21531</i>
                        <i>-0.083063 0.980612 0.177486 -0.901762 0.00184779 -0.43223 -0.424178 -0.195953 0.884124 3.56719 2.96311 -1.21577</i>
                        <i>-0.0894107 0.97997 0.177946 -0.901813 -0.00381586 -0.43211 -0.422775 -0.199109 0.884091 3.56852 2.96231 -1.21664</i>
                        <i>-0.0910019 0.97939 0.180318 -0.901805 -0.00423365 -0.432123 -0.422453 -0.201936 0.883604 3.56928 2.96136 -1.21785</i>
                        <i>-0.0918355 0.978777 0.183202 -0.901781 -0.00371901 -0.432177 -0.422323 -0.204897 0.882984 3.56994 2.96032 -1.21913</i>
                        <i>-0.0918858 0.978216 0.186148 -0.901741 -0.00244402 -0.43227 -0.422398 -0.207577 0.882322 3.57047 2.95923 -1.22037</i>
                        <i>-0.0911262 0.977795 0.188716 -0.901685 -0.000580751 -0.432392 -0.422681 -0.209565 0.881716 3.57081 2.95814 -1.22143</i>
                        <i>-0.089528 0.977603 0.190467 -0.901621 0.00169874 -0.432523 -0.423159 -0.210452 0.881276 3.57093 2.95708 -1.2222</i>
                        <i>-0.0871828 0.977668 0.19122 -0.901558 0.00422311 -0.432638 -0.423784 -0.210115 0.881056 3.57079 2.9561 -1.22258</i>
                        <i>-0.0843968 0.977907 0.191244 -0.901501 0.00682247 -0.432723 -0.424468 -0.208927 0.881009 3.5704 2.95526 -1.22253</i>
                        <i>-0.0814592 0.978251 0.19076 -0.901457 0.00932543 -0.432767 -0.425134 -0.207215 0.881092 3.56982 2.95461 -1.22215</i>
                        <i>-0.0786484 0.978636 0.189965 -0.90143 0.0115621 -0.43277 -0.425721 -0.205277 0.881262 3.56917 2.95418 -1.22159</i>
                        <i>-0.0762396 0.979003 0.189051 -0.901421 0.0133658 -0.432737 -0.426178 -0.203406 0.881475 3.56849 2.95402 -1.22088</i>
                        <i>-0.0745106 0.979299 0.188208 -0.90143 0.0145695 -0.43268 -0.426465 -0.201896 0.881684 3.56784 2.95419 -1.22007</i>
                        <i>-0.0731862 0.979554 0.187396 -0.90145 0.0154102 -0.432608 -0.426651 -0.200589 0.881892 3.56719 2.95471 -1.21918</i>
                        <i>-0.0718145 0.979834 0.186461 -0.901478 0.0162364 -0.432521 -0.426826 -0.199151 0.882133 3.56648 2.95558 -1.2182</i>
                        <i>-0.0704094 0.980132 0.18543 -0.901511 0.0170478 -0.432421 -0.426991 -0.197614 0.882399 3.56574 2.95673 -1.21715</i>
                        <i>-0.068985 0.98044 0.184332 -0.901548 0.0178441 -0.43231 -0.427144 -0.196007 0.882683 3.56497 2.95811 -1.21606</i>
                        <i>-0.067556 0.980753 0.183193 -0.90159 0.0186252 -0.432191 -0.427285 -0.194362 0.882979 3.5642 2.95968 -1.21494</i>
                        <i>-0.066137 0.981064 0.182043 -0.901633 0.0193906 -0.432067 -0.427415 -0.192712 0.883277 3.56342 2.96138 -1.21383</i>
                        <i>-0.0647432 0.981366 0.18091 -0.901678 0.0201401 -0.43194 -0.427535 -0.191088 0.883572 3.56267 2.96316 -1.21273</i>
                        <i>-0.06339 0.981654 0.179824 -0.901721 0.0208732 -0.431814 -0.427646 -0.189523 0.883855 3.56194 2.96496 -1.21168</i>
                        <i>-0.062093 0.981922 0.178813 -0.901762 0.0215894 -0.431693 -0.427749 -0.188052 0.884119 3.56125 2.96675 -1.2107</i>
                        <i>-0.060868 0.982163 0.177908 -0.901799 0.0222883 -0.431581 -0.427848 -0.186706 0.884357 3.56062 2.96846 -1.20981</i>
                        <i>-0.0597312 0.982372 0.177139 -0.90183 0.0229694 -0.43148 -0.427943 -0.185522 0.88456 3.56005 2.97006 -1.20902</i>
                        <i>-0.0586987 0.982542 0.176536 -0.901853 0.023632 -0.431397 -0.428038 -0.184532 0.884721 3.55957 2.97147 -1.20837</i>
                        <i>-0.0577869 0.982669 0.17613 -0.901865 0.0242757 -0.431334 -0.428135 -0.183771 0.884833 3.55918 2.97267 -1.20788</i>
                        <i>-0.057057 0.982728 0.176043 -0.901864 0.0249 -0.431301 -0.428235 -0.183376 0.884866 3.55891 2.97359 -1.20757</i>
                        <i>-0.0563404 0.982776 0.176003 -0.901843 0.0255411 -0.431308 -0.428375 -0.183027 0.884871 3.5588 2.9742 -1.20754</i>
                        <i>-0.0556803 0.982806 0.176046 -0.901802 0.0261759 -0.431355 -0.428547 -0.182777 0.884839 3.55891 2.97427 -1.20786</i>
                        <i>-0.0552619 0.982758 0.176444 -0.901748 0.0267531 -0.431434 -0.428716 -0.18295 0.884722 3.55922 2.97372 -1.2085</i>
                        <i>-0.0550447 0.98265 0.177111 -0.901683 0.0272705 -0.431538 -0.42888 -0.183452 0.884538 3.55967 2.9727 -1.20938</i>
                        <i>-0.0549874 0.9825 0.17796 -0.901611 0.027726 -0.431658 -0.429038 -0.184187 0.884309 3.56022 2.97134 -1.2104</i>
                        <i>-0.0550489 0.982325 0.178906 -0.901537 0.0281174 -0.431787 -0.429185 -0.185059 0.884055 3.56082 2.96979 -1.2115</i>
                        <i>-0.0551881 0.982143 0.179862 -0.901466 0.0284427 -0.431915 -0.429317 -0.185976 0.883798 3.56142 2.9682 -1.21258</i>
                        <i>-0.0553649 0.98197 0.180746 -0.901402 0.0286997 -0.432032 -0.42943 -0.186845 0.883561 3.56197 2.96671 -1.21356</i>
                        <i>-0.0555394 0.981825 0.181478 -0.90135 0.0288861 -0.432128 -0.429516 -0.187575 0.883364 3.56242 2.96546 -1.21436</i>
                        <i>-0.0556726 0.981726 0.181975 -0.901315 0.0289998 -0.432193 -0.429572 -0.188078 0.88323 3.56273 2.96461 -1.21491</i>
                        <i>-0.0557257 0.981689 0.182159 -0.901302 0.0290381 -0.432217 -0.429592 -0.188266 0.88318 3.56285 2.96429 -1.21511</i>
                        <i>-0.0575294 0.981876 0.180579 -0.897239 0.0284663 -0.440627 -0.437782 -0.187372 0.87934 3.56309 2.96409 -1.21489</i>
                        <i>-0.0623667 0.98237 0.176235 -0.885812 0.026872 -0.463266 -0.459835 -0.185003 0.868519 3.56376 2.96354 -1.21428</i>
                        <i>-0.0693367 0.983056 0.169685 -0.867924 0.0244151 -0.496097 -0.491834 -0.181672 0.851525 3.56472 2.96273 -1.21337</i>
                        <i>-0.0775397 0.983821 0.161507 -0.844555 0.0212711 -0.535046 -0.529825 -0.177889 0.829241 3.56585 2.96176 -1.21225</i>
                        <i>-0.0861325 0.984568 0.152338 -0.817122 0.0176679 -0.576194 -0.569993 -0.174108 0.802991 3.56704 2.9607 -1.21099</i>
                        <i>-0.0943675 0.985227 0.142905 -0.787668 0.0138965 -0.615943 -0.608829 -0.170687 0.774721 3.56819 2.95966 -1.20971</i>
                        <i>-0.101611 0.985756 0.134019 -0.758883 0.0103018 -0.651145 -0.643251 -0.167869 0.747026 3.56921 2.95871 -1.20851</i>
                        <i>-0.10734 0.986135 0.126554 -0.733984 0.00726166 -0.679127 -0.67063 -0.165786 0.723028 3.57001 2.95793 -1.2075</i>
                        <i>-0.111103 0.986364 0.121417 -0.716495 0.00516314 -0.697573 -0.688688 -0.164497 0.706151 3.57054 2.9574 -1.20681</i>
                        <i>-0.112464 0.986443 0.11951 -0.709933 0.00438352 -0.704255 -0.695231 -0.164048 0.699816 3.57074 2.9572 -1.20656</i>
                    </KeyFrames>
                </p>
            </i>
            <i>
                <p>
                    <Name><![CDATA[head]]></Name>
                    <Exclude>0</Exclude>
                    <Additive>0</Additive>
                    <IKPriority>0</IKPriority>
                    <IKRotLimits>-1e+010 -1e+010 -1e+010 1e+010 1e+010 1e+010</IKRotLimits>
                    <IKRotLimitOrder>0</IKRotLimitOrder>
                    <KeyFrames count="60">
                        <i>0.234151 0.960497 -0.150398 0.957532 -0.254613 -0.135293 -0.168242 -0.112332 -0.979324 3.54886 3.21294 -1.1848</i>
                        <i>0.150282 0.977947 -0.145036 0.944266 -0.185442 -0.271981 -0.292879 -0.0960784 -0.95131 3.55049 3.20935 -1.1866</i>
                        <i>-0.023218 0.998751 -0.0442436 0.82623 -0.00574631 -0.563303 -0.562854 -0.0496342 -0.825065 3.55421 3.20149 -1.19044</i>
                        <i>-0.126184 0.974811 0.183907 0.572172 0.222963 -0.789244 -0.810368 0.00563675 -0.585894 3.55827 3.19374 -1.19398</i>
                        <i>-0.108363 0.920795 0.374693 0.331765 0.3888 -0.859515 -0.937118 0.0311698 -0.347619 3.56093 3.19063 -1.19489</i>
                        <i>-0.0697324 0.888767 0.453024 0.162625 0.458182 -0.873855 -0.984221 0.0127368 -0.176486 3.56142 3.19413 -1.1923</i>
                        <i>-0.0410851 0.87483 0.482684 0.012497 0.483504 -0.875253 -0.999077 -0.0299278 -0.0307976 3.56061 3.2014 -1.18783</i>
                        <i>-0.029972 0.874927 0.483326 -0.108544 0.477835 -0.871718 -0.99364 -0.0785895 0.0806468 3.5592 3.20978 -1.18291</i>
                        <i>-0.0328371 0.88041 0.473076 -0.189066 0.459313 -0.86792 -0.981415 -0.117942 0.151373 3.55786 3.21667 -1.17892</i>
                        <i>-0.0372938 0.883578 0.466798 -0.218225 0.448647 -0.866657 -0.975186 -0.134188 0.176087 3.55727 3.21954 -1.17728</i>
                        <i>-0.043585 0.885266 0.463039 -0.221777 0.443342 -0.868483 -0.974123 -0.140544 0.177008 3.55633 3.21944 -1.1777</i>
                        <i>-0.0571915 0.889289 0.453756 -0.229488 0.430619 -0.87287 -0.97163 -0.154052 0.179453 3.5543 3.21909 -1.17868</i>
                        <i>-0.0702099 0.894292 0.441941 -0.237035 0.415388 -0.878218 -0.968961 -0.166415 0.182814 3.55233 3.21849 -1.17982</i>
                        <i>-0.0746653 0.899437 0.430625 -0.24041 0.402858 -0.883125 -0.967795 -0.169465 0.186154 3.55157 3.21768 -1.1807</i>
                        <i>-0.0713014 0.9045 0.420471 -0.240191 0.39357 -0.887362 -0.968104 -0.164263 0.18919 3.55189 3.21674 -1.18128</i>
                        <i>-0.06643 0.909592 0.410159 -0.239542 0.384507 -0.891501 -0.968611 -0.157473 0.192343 3.55239 3.21571 -1.18175</i>
                        <i>-0.0603217 0.914622 0.399785 -0.238579 0.375695 -0.895507 -0.969248 -0.149399 0.195547 3.55302 3.21463 -1.18215</i>
                        <i>-0.0532437 0.919509 0.389446 -0.237374 0.367166 -0.899357 -0.969958 -0.140329 0.198718 3.55374 3.21355 -1.18249</i>
                        <i>-0.045459 0.924185 0.379231 -0.235962 0.358947 -0.903039 -0.970698 -0.130535 0.201755 3.5545 3.21253 -1.18278</i>
                        <i>-0.037425 0.928423 0.369635 -0.234406 0.351417 -0.906399 -0.971418 -0.120567 0.204476 3.55524 3.21161 -1.18298</i>
