<?xml version="1.0" encoding="ISO-8859-1" ?>
<Animl Version="1">
    <ModellingPackage><![CDATA[Maya.2010]]></ModellingPackage>
    <SrcFile><![CDATA[anims\turrets\artillery\blue\~src\artillery_m198\artillery_m198_aim_low_crewman_a.mb]]></SrcFile>
    <FramesPerSecond>30</FramesPerSecond>
    <TotalFrames>31</TotalFrames>
    <Skeleton>
        <RefFrame>
            <Name><![CDATA[soldier_ref_frame]]></Name>
            <Exclude>0</Exclude>
            <Additive>0</Additive>
            <IKPriority>0</IKPriority>
            <IKRotLimits>-1e+010 -1e+010 -1e+010 1e+010 1e+010 1e+010</IKRotLimits>
            <IKRotLimitOrder>0</IKRotLimitOrder>
            <KeyFrames count="31">
                <i>1 0 0 0 1 0 0 0 1 1.79 1.37 0.12</i>
                <i>1 0 0 0 1 0 0 0 1 1.79 1.37 0.12</i>
                <i>1 0 0 0 1 0 0 0 1 1.79 1.37 0.12</i>
                <i>1 0 0 0 1 0 0 0 1 1.79 1.37 0.12</i>
                <i>1 0 0 0 1 0 0 0 1 1.79 1.37 0.12</i>
                <i>1 0 0 0 1 0 0 0 1 1.79 1.37 0.12</i>
                <i>1 0 0 0 1 0 0 0 1 1.79 1.37 0.12</i>
                <i>1 0 0 0 1 0 0 0 1 1.79 1.37 0.12</i>
                <i>1 0 0 0 1 0 0 0 1 1.79 1.37 0.12</i>
                <i>1 0 0 0 1 0 0 0 1 1.79 1.37 0.12</i>
                <i>1 0 0 0 1 0 0 0 1 1.79 1.37 0.12</i>
                <i>1 0 0 0 1 0 0 0 1 1.79 1.37 0.12</i>
                <i>1 0 0 0 1 0 0 0 1 1.79 1.37 0.12</i>
                <i>1 0 0 0 1 0 0 0 1 1.79 1.37 0.12</i>
                <i>1 0 0 0 1 0 0 0 1 1.79 1.37 0.12</i>
                <i>1 0 0 0 1 0 0 0 1 1.79 1.37 0.12</i>
                <i>1 0 0 0 1 0 0 0 1 1.79 1.37 0.12</i>
                <i>1 0 0 0 1 0 0 0 1 1.79 1.37 0.12</i>
                <i>1 0 0 0 1 0 0 0 1 1.79 1.37 0.12</i>
                <i>1 0 0 0 1 0 0 0 1 1.79 1.37 0.12</i>
                <i>1 0 0 0 1 0 0 0 1 1.79 1.37 0.12</i>
                <i>1 0 0 0 1 0 0 0 1 1.79 1.37 0.12</i>
                <i>1 0 0 0 1 0 0 0 1 1.79 1.37 0.12</i>
                <i>1 0 0 0 1 0 0 0 1 1.79 1.37 0.12</i>
                <i>1 0 0 0 1 0 0 0 1 1.79 1.37 0.12</i>
                <i>1 0 0 0 1 0 0 0 1 1.79 1.37 0.12</i>
                <i>1 0 0 0 1 0 0 0 1 1.79 1.37 0.12</i>
                <i>1 0 0 0 1 0 0 0 1 1.79 1.37 0.12</i>
                <i>1 0 0 0 1 0 0 0 1 1.79 1.37 0.12</i>
                <i>1 0 0 0 1 0 0 0 1 1.79 1.37 0.12</i>
                <i>1 0 0 0 1 0 0 0 1 1.79 1.37 0.12</i>
            </KeyFrames>
        </RefFrame>
        <Bones count="23">
            <i>
                <p>
                    <Name><![CDATA[pelvis]]></Name>
                    <Exclude>0</Exclude>
                    <Additive>0</Additive>
                    <IKPriority>0</IKPriority>
                    <IKRotLimits>-1e+010 -1e+010 -1e+010 1e+010 1e+010 1e+010</IKRotLimits>
                    <IKRotLimitOrder>2</IKRotLimitOrder>
                    <KeyFrames count="31">
                        <i>1 0 0 0 1 0 0 0 1 1.84645 2.44605 0.00594802</i>
                        <i>1 0 0 0 1 0 0 0 1 1.84645 2.4462 0.00594802</i>
                        <i>1 0 0 0 1 0 0 0 1 1.84645 2.44658 0.00594802</i>
                        <i>1 0 0 0 1 0 0 0 1 1.84645 2.44715 0.00594802</i>
                        <i>1 0 0 0 1 0 0 0 1 1.84645 2.44789 0.00594802</i>
                        <i>1 0 0 0 1 0 0 0 1 1.84645 2.44877 0.00594802</i>
                        <i>1 0 0 0 1 0 0 0 1 1.84645 2.44974 0.00594802</i>
                        <i>1 0 0 0 1 0 0 0 1 1.84645 2.45077 0.00594802</i>
                        <i>1 0 0 0 1 0 0 0 1 1.84645 2.45184 0.00594802</i>
                        <i>1 0 0 0 1 0 0 0 1 1.84645 2.45291 0.00594802</i>
                        <i>1 0 0 0 1 0 0 0 1 1.84645 2.45394 0.00594802</i>
                        <i>1 0 0 0 1 0 0 0 1 1.84645 2.45491 0.00594802</i>
                        <i>1 0 0 0 1 0 0 0 1 1.84645 2.45578 0.00594802</i>
                        <i>1 0 0 0 1 0 0 0 1 1.84645 2.45651 0.00594802</i>
                        <i>1 0 0 0 1 0 0 0 1 1.84645 2.45707 0.00594802</i>
                        <i>1 0 0 0 1 0 0 0 1 1.84645 2.45743 0.00594802</i>
                        <i>1 0 0 0 1 0 0 0 1 1.84645 2.45756 0.00594802</i>
                        <i>1 0 0 0 1 0 0 0 1 1.84645 2.45739 0.00594802</i>
                        <i>1 0 0 0 1 0 0 0 1 1.84645 2.45693 0.00594802</i>
                        <i>1 0 0 0 1 0 0 0 1 1.84645 2.45621 0.00594802</i>
                        <i>1 0 0 0 1 0 0 0 1 1.84645 2.45529 0.00594802</i>
                        <i>1 0 0 0 1 0 0 0 1 1.84645 2.45422 0.00594802</i>
                        <i>1 0 0 0 1 0 0 0 1 1.84645 2.45306 0.00594802</i>
                        <i>1 0 0 0 1 0 0 0 1 1.84645 2.45184 0.00594802</i>
                        <i>1 0 0 0 1 0 0 0 1 1.84645 2.45062 0.00594802</i>
                        <i>1 0 0 0 1 0 0 0 1 1.84645 2.44944 0.00594802</i>
                        <i>1 0 0 0 1 0 0 0 1 1.84645 2.44837 0.00594802</i>
                        <i>1 0 0 0 1 0 0 0 1 1.84645 2.44744 0.00594802</i>
                        <i>1 0 0 0 1 0 0 0 1 1.84645 2.44671 0.00594802</i>
                        <i>1 0 0 0 1 0 0 0 1 1.84645 2.44623 0.00594802</i>
                        <i>1 0 0 0 1 0 0 0 1 1.84645 2.44605 0.00594802</i>
                    </KeyFrames>
                </p>
            </i>
            <i>
                <p>
                    <Name><![CDATA[spine0]]></Name>
                    <Exclude>0</Exclude>
                    <Additive>0</Additive>
                    <IKPriority>0</IKPriority>
                    <IKRotLimits>-1e+010 -1e+010 -1e+010 1e+010 1e+010 1e+010</IKRotLimits>
                    <IKRotLimitOrder>0</IKRotLimitOrder>
                    <KeyFrames count="31">
                        <i>-0.00657941 0.999146 -0.0407988 -0.53182 -0.0380475 -0.846002 -0.846832 0.0161314 0.531616 1.87621 2.581 -0.0340378</i>
                        <i>-0.00700272 0.999155 -0.0405006 -0.531875 -0.0380189 -0.845969 -0.846794 0.0156172 0.531692 1.87613 2.58118 -0.0339922</i>
                        <i>-0.00814208 0.999179 -0.0396965 -0.532021 -0.0379414 -0.845881 -0.846692 0.0142322 0.531893 1.87592 2.58164 -0.0338722</i>
                        <i>-0.0098454 0.99921 -0.0384957 -0.532245 -0.0378276 -0.845745 -0.846533 0.0121624 0.532197 1.8756 2.58234 -0.0336884</i>
                        <i>-0.0119604 0.999243 -0.0370072 -0.532533 -0.0376899 -0.84557 -0.846325 0.00959419 0.532581 1.87518 2.58324 -0.033451</i>
                        <i>-0.014333 0.999273 -0.0353415 -0.532873 -0.0375413 -0.845362 -0.846074 0.00671597 0.533024 1.87469 2.5843 -0.0331706</i>
                        <i>-0.0168064 0.999294 -0.0336111 -0.533252 -0.0373941 -0.845129 -0.845789 0.00371965 0.533504 1.87414 2.58547 -0.0328576</i>
                        <i>-0.0192208 0.999305 -0.031931 -0.533658 -0.037261 -0.844879 -0.845482 0.000800928 0.534003 1.87355 2.58672 -0.0325224</i>
                        <i>-0.021414 0.999308 -0.0304182 -0.534075 -0.0371542 -0.84462 -0.845166 -0.00184111 0.534501 1.87294 2.58801 -0.0321759</i>
                        <i>-0.0232218 0.999304 -0.0291913 -0.534491 -0.0370856 -0.84436 -0.844855 -0.00400505 0.53498 1.87233 2.58929 -0.0318286</i>
                        <i>-0.0244798 0.999298 -0.0283697 -0.534891 -0.0370671 -0.844108 -0.844567 -0.00548893 0.535422 1.87174 2.59053 -0.0314916</i>
                        <i>-0.025294 0.999291 -0.0278703 -0.535263 -0.0370842 -0.843871 -0.844307 -0.00642689 0.535821 1.87119 2.59168 -0.0311758</i>
                        <i>-0.0258692 0.999286 -0.0275366 -0.535595 -0.0371135 -0.843659 -0.844079 -0.00707635 0.536172 1.8707 2.59271 -0.0308924</i>
                        <i>-0.026191 0.999282 -0.0273764 -0.535874 -0.0371532 -0.84348 -0.843892 -0.0074213 0.536462 1.87028 2.59358 -0.0306524</i>
                        <i>-0.0262448 0.99928 -0.0273976 -0.536088 -0.0372019 -0.843342 -0.843754 -0.00744581 0.536678 1.86996 2.59424 -0.0304671</i>
                        <i>-0.0260161 0.99928 -0.027608 -0.536224 -0.0372578 -0.843253 -0.843675 -0.00713408 0.536807 1.86975 2.59467 -0.0303478</i>
                        <i>-0.0254906 0.999282 -0.0280153 -0.536269 -0.0373197 -0.843222 -0.843662 -0.00647046 0.536835 1.86968 2.59482 -0.0303056</i>
                        <i>-0.0246267 0.999286 -0.028644 -0.536199 -0.0373859 -0.843264 -0.843733 -0.0054079 0.536737 1.86978 2.59463 -0.0303611</i>
                        <i>-0.023435 0.99929 -0.0294851 -0.536012 -0.0374551 -0.843379 -0.843885 -0.00396021 0.536509 1.87005 2.59407 -0.0305165</i>
                        <i>-0.0219792 0.999293 -0.0304955 -0.535728 -0.0375261 -0.843556 -0.844104 -0.00220343 0.536174 1.87046 2.59322 -0.0307547</i>
                        <i>-0.0203232 0.999293 -0.0316321 -0.535367 -0.0375975 -0.843782 -0.844375 -0.000213574 0.535753 1.87099 2.59213 -0.0310587</i>
                        <i>-0.0185304 0.999288 -0.0328518 -0.534949 -0.037668 -0.844044 -0.844681 0.00193351 0.535266 1.8716 2.59085 -0.0314113</i>
                        <i>-0.0166644 0.999279 -0.0341121 -0.534493 -0.037736 -0.84433 -0.845009 0.00416242 0.534736 1.87228 2.58945 -0.0317956</i>
                        <i>-0.0147882 0.999265 -0.0353711 -0.534019 -0.0378003 -0.844627 -0.845343 0.00639837 0.534185 1.87297 2.58799 -0.0321948</i>
                        <i>-0.0129645 0.999246 -0.0365879 -0.533546 -0.0378597 -0.844923 -0.845672 0.00856734 0.533635 1.87367 2.58652 -0.0325924</i>
                        <i>-0.0112556 0.999225 -0.0377222 -0.533094 -0.0379127 -0.845206 -0.845981 0.0105962 0.533108 1.87434 2.5851 -0.032972</i>
                        <i>-0.00972324 0.999202 -0.0387347 -0.532682 -0.0379585 -0.845464 -0.84626 0.0124126 0.532626 1.87494 2.5838 -0.0333173</i>
                        <i>-0.00842859 0.999181 -0.0395867 -0.532329 -0.0379958 -0.845684 -0.846495 0.0139453 0.532214 1.87546 2.58268 -0.0336124</i>
                        <i>-0.00743253 0.999162 -0.0402402 -0.532055 -0.0380237 -0.845855 -0.846677 0.0151232 0.531892 1.87587 2.5818 -0.0338414</i>
                        <i>-0.00679582 0.99915 -0.040657 -0.531879 -0.0380413 -0.845966 -0.846793 0.0158756 0.531685 1.87613 2.58122 -0.0339885</i>
                        <i>-0.00657941 0.999146 -0.0407988 -0.53182 -0.0380475 -0.846002 -0.846832 0.0161314 0.531616 1.87621 2.581 -0.0340378</i>
                    </KeyFrames>
                </p>
            </i>
            <i>
                <p>
                    <Name><![CDATA[spine1]]></Name>
                    <Exclude>0</Exclude>
                    <Additive>0</Additive>
                    <IKPriority>0</IKPriority>
                    <IKRotLimits>-1e+010 -1e+010 -1e+010 1e+010 1e+010 1e+010</IKRotLimits>
                    <IKRotLimitOrder>0</IKRotLimitOrder>
                    <KeyFrames count="31">
                        <i>-0.0911668 0.981321 0.169406 -0.573848 0.0872617 -0.8143 -0.813872 -0.171451 0.555173 1.87508 2.75526 -0.041163</i>
                        <i>-0.0909083 0.981362 0.169304 -0.573875 0.0873175 -0.814275 -0.813882 -0.171184 0.555241 1.87493 2.7554 -0.0410636</i>
                        <i>-0.0902416 0.981468 0.169045 -0.573941 0.0874665 -0.814212 -0.813909 -0.170498 0.555412 1.87452 2.75576 -0.0407988</i>
                        <i>-0.0891958 0.981636 0.168627 -0.574047 0.0876896 -0.814113 -0.81395 -0.169416 0.555684 1.8739 2.7563 -0.040399</i>
                        <i>-0.0878 0.981861 0.168047 -0.574194 0.0879683 -0.81398 -0.813998 -0.167959 0.556055 1.87311 2.75701 -0.0398946</i>
                        <i>-0.0860836 0.98214 0.167301 -0.574382 0.0882838 -0.813813 -0.814048 -0.166151 0.556524 1.87221 2.75785 -0.0393159</i>
                        <i>-0.084077 0.982469 0.166389 -0.574614 0.0886177 -0.813613 -0.814094 -0.164015 0.55709 1.87123 2.7588 -0.0386936</i>
                        <i>-0.0818115 0.982843 0.165308 -0.574891 0.0889521 -0.81338 -0.81413 -0.161578 0.55775 1.87023 2.75981 -0.0380588</i>
                        <i>-0.0793199 0.983256 0.164061 -0.575216 0.0892693 -0.813116 -0.814147 -0.158867 0.558504 1.86924 2.76088 -0.0374426</i>
                        <i>-0.0766358 0.983703 0.162648 -0.575593 0.089552 -0.812818 -0.814137 -0.15591 0.55935 1.86833 2.76195 -0.0368766</i>
                        <i>-0.0737932 0.98418 0.161073 -0.576024 0.0897832 -0.812487 -0.814095 -0.152738 0.560286 1.86752 2.76302 -0.0363923</i>
                        <i>-0.0709561 0.984653 0.159446 -0.576478 0.089969 -0.812145 -0.814026 -0.149543 0.561247 1.86684 2.76403 -0.035986</i>
                        <i>-0.0683357 0.985085 0.157919 -0.576905 0.0901233 -0.811824 -0.813948 -0.146581 0.562142 1.86625 2.76495 -0.0356415</i>
                        <i>-0.0660385 0.985459 0.156557 -0.57729 0.0902404 -0.811538 -0.813864 -0.143971 0.562936 1.86578 2.76573 -0.0353712</i>
                        <i>-0.0641711 0.985761 0.155423 -0.577613 0.0903147 -0.811299 -0.813784 -0.141837 0.563593 1.86545 2.76634 -0.0351878</i>
                        <i>-0.0628402 0.985979 0.154584 -0.577858 0.0903404 -0.811122 -0.813715 -0.140299 0.564079 1.86528 2.76674 -0.035104</i>
                        <i>-0.0621521 0.986098 0.154102 -0.578005 0.0903115 -0.811021 -0.813663 -0.139479 0.564356 1.8653 2.76691 -0.0351323</i>
                        <i>-0.0622979 0.986091 0.154091 -0.578023 0.0902161 -0.811018 -0.813639 -0.139593 0.564363 1.86554 2.76677 -0.035298</i>
                        <i>-0.063304 0.985952 0.154568 -0.577907 0.0900542 -0.811119 -0.813644 -0.140673 0.564088 1.86601 2.76632 -0.0356017</i>
                        <i>-0.0650283 0.985701 0.155451 -0.577678 0.0898375 -0.811306 -0.81367 -0.142559 0.563576 1.86667 2.76561 -0.0360189</i>
                        <i>-0.0673282 0.985355 0.15666 -0.577358 0.0895784 -0.811562 -0.81371 -0.14509 0.562872 1.86749 2.76469 -0.036525</i>
                        <i>-0.0700613 0.984932 0.158112 -0.576968 0.0892888 -0.811871 -0.813756 -0.148106 0.562019 1.86841 2.76362 -0.0370954</i>
                        <i>-0.0730858 0.984452 0.159728 -0.57653 0.088981 -0.812216 -0.813801 -0.15145 0.561063 1.8694 2.76243 -0.0377057</i>
                        <i>-0.0762608 0.983934 0.161428 -0.576066 0.0886669 -0.81258 -0.813838 -0.154961 0.560049 1.87042 2.76119 -0.0383317</i>
                        <i>-0.0794469 0.9834 0.163136 -0.575596 0.0883584 -0.812946 -0.813865 -0.158487 0.559021 1.87143 2.75995 -0.0389492</i>
                        <i>-0.0825062 0.982874 0.164775 -0.575143 0.088067 -0.813299 -0.813882 -0.161872 0.558027 1.87239 2.75875 -0.0395346</i>
                        <i>-0.0853023 0.982383 0.166273 -0.574726 0.0878042 -0.813622 -0.813888 -0.164965 0.557112 1.87327 2.75764 -0.0400644</i>
                        <i>-0.0877002 0.981954 0.167555 -0.574368 0.0875812 -0.813899 -0.813886 -0.167617 0.556322 1.87401 2.75669 -0.0405152</i>
                        <i>-0.0895661 0.981615 0.168552 -0.574088 0.0874091 -0.814114 -0.81388 -0.169681 0.555705 1.87459 2.75594 -0.040864</i>
                        <i>-0.0907663 0.981394 0.169193 -0.573908 0.0872989 -0.814253 -0.813874 -0.171008 0.555306 1.87496 2.75545 -0.0410876</i>
                        <i>-0.0911668 0.981321 0.169406 -0.573848 0.0872617 -0.8143 -0.813872 -0.171451 0.555173 1.87508 2.75526 -0.041163</i>
                    </KeyFrames>
                </p>
            </i>
            <i>
                <p>
                    <Name><![CDATA[spine2]]></Name>
                    <Exclude>0</Exclude>
                    <Additive>0</Additive>
                    <IKPriority>0</IKPriority>
                    <IKRotLimits>-1e+010 -1e+010 -1e+010 1e+010 1e+010 1e+010</IKRotLimits>
                    <IKRotLimitOrder>0</IKRotLimitOrder>
                    <KeyFrames count="31">
                        <i>-0.329998 0.889005 0.317445 -0.610246 0.0556602 -0.790255 -0.720209 -0.454502 0.524144 1.86043 2.91277 -0.0138898</i>
                        <i>-0.329226 0.889478 0.316922 -0.610198 0.0557252 -0.790287 -0.720603 -0.453568 0.524411 1.86032 2.91288 -0.0138135</i>
                        <i>-0.327148 0.890746 0.31551 -0.610066 0.0558974 -0.790377 -0.721661 -0.451052 0.525127 1.86003 2.91316 -0.0136077</i>
                        <i>-0.32404 0.892623 0.313405 -0.609872 0.0561564 -0.790508 -0.723225 -0.447293 0.526188 1.85959 2.9136 -0.0133011</i>
                        <i>-0.320182 0.894922 0.310802 -0.609636 0.0564814 -0.790667 -0.72514 -0.442634 0.527492 1.85905 2.91417 -0.012922</i>
                        <i>-0.315854 0.897461 0.307898 -0.60938 0.0568521 -0.790838 -0.72725 -0.437416 0.528937 1.85844 2.91486 -0.012499</i>
                        <i>-0.311339 0.90006 0.304892 -0.609125 0.0572486 -0.791005 -0.729407 -0.431988 0.530426 1.85781 2.91564 -0.0120607</i>
                        <i>-0.306927 0.902551 0.30199 -0.608896 0.0576517 -0.791152 -0.731465 -0.426707 0.531865 1.85718 2.91651 -0.0116362</i>
                        <i>-0.302914 0.904767 0.2994 -0.608716 0.0580428 -0.791262 -0.733286 -0.421934 0.533164 1.85662 2.91744 -0.0112545</i>
                        <i>-0.2996 0.90655 0.297334 -0.608609 0.0584043 -0.791318 -0.734734 -0.418039 0.534236 1.85614 2.91842 -0.0109451</i>
                        <i>-0.297288 0.907744 0.296009 -0.608602 0.0587187 -0.7913 -0.735679 -0.415395 0.534999 1.85581 2.91941 -0.0107375</i>
                        <i>-0.295786 0.908476 0.295266 -0.608667 0.0589867 -0.79123 -0.73623 -0.413753 0.535512 1.85558 2.92038 -0.0106109</i>
                        <i>-0.294721 0.90897 0.294811 -0.608756 0.0592149 -0.791144 -0.736584 -0.412634 0.53589 1.85542 2.92126 -0.010526</i>
                        <i>-0.294122 0.909215 0.294653 -0.608865 0.0593958 -0.791047 -0.736733 -0.412068 0.53612 1.85532 2.92203 -0.0104849</i>
                        <i>-0.294019 0.9092 0.294802 -0.608989 0.0595216 -0.790943 -0.736672 -0.412083 0.536192 1.85529 2.92263 -0.0104897</i>
                        <i>-0.294442 0.908912 0.295268 -0.609122 0.0595847 -0.790835 -0.736393 -0.412709 0.536094 1.85533 2.92305 -0.0105423</i>
                        <i>-0.295417 0.908338 0.296058 -0.60926 0.0595772 -0.790729 -0.735888 -0.413971 0.535814 1.85546 2.92325 -0.0106448</i>
                        <i>-0.297022 0.90744 0.297206 -0.609395 0.0594828 -0.790632 -0.735129 -0.415951 0.535322 1.85567 2.92316 -0.0108033</i>
                        <i>-0.299234 0.906224 0.298692 -0.609524 0.0593001 -0.790546 -0.734125 -0.418619 0.534621 1.85598 2.92278 -0.0110158</i>
                        <i>-0.301932 0.904749 0.300442 -0.609645 0.0590434 -0.790473 -0.732919 -0.421832 0.533749 1.85636 2.92216 -0.0112713</i>
                        <i>-0.304994 0.903074 0.302383 -0.609755 0.0587269 -0.790411 -0.731558 -0.42545 0.532743 1.85679 2.92134 -0.011559</i>
                        <i>-0.308298 0.901259 0.304442 -0.609855 0.0583651 -0.790361 -0.730088 -0.429332 0.531644 1.85726 2.92037 -0.011868</i>
                        <i>-0.311724 0.899364 0.306549 -0.609944 0.0579727 -0.790321 -0.728558 -0.43334 0.53049 1.85776 2.9193 -0.0121877</i>
                        <i>-0.315155 0.897453 0.308636 -0.61002 0.057565 -0.790292 -0.727016 -0.437339 0.529322 1.85825 2.91818 -0.0125074</i>
                        <i>-0.318476 0.895588 0.310636 -0.610084 0.0571579 -0.790272 -0.725514 -0.441198 0.528181 1.85874 2.91704 -0.0128166</i>
                        <i>-0.321577 0.893834 0.312488 -0.610136 0.0567676 -0.79026 -0.724101 -0.444789 0.527106 1.85919 2.91595 -0.0131053</i>
                        <i>-0.324347 0.892257 0.314129 -0.610177 0.0564107 -0.790254 -0.72283 -0.447991 0.526138 1.8596 2.91495 -0.0133632</i>
                        <i>-0.326679 0.89092 0.315502 -0.610208 0.0561044 -0.790252 -0.721753 -0.450681 0.525318 1.85994 2.91408 -0.0135804</i>
                        <i>-0.328469 0.88989 0.316551 -0.610229 0.0558658 -0.790253 -0.720923 -0.452742 0.524686 1.86021 2.9134 -0.0137472</i>
                        <i>-0.32961 0.88923 0.317217 -0.610241 0.055712 -0.790255 -0.720391 -0.454055 0.524281 1.86038 2.91295 -0.0138536</i>
                        <i>-0.329998 0.889005 0.317445 -0.610246 0.0556602 -0.790255 -0.720209 -0.454502 0.524144 1.86043 2.91277 -0.0138898</i>
                    </KeyFrames>
                </p>
            </i>
            <i>
                <p>
                    <Name><![CDATA[head]]></Name>
                    <Exclude>0</Exclude>
                    <Additive>0</Additive>
                    <IKPriority>0</IKPriority>
                    <IKRotLimits>-1e+010 -1e+010 -1e+010 1e+010 1e+010 1e+010</IKRotLimits>
                    <IKRotLimitOrder>0</IKRotLimitOrder>
                    <KeyFrames count="31">
                        <i>-0.0318747 0.998738 0.0388168 0.226188 0.0450369 -0.973042 -0.973562 -0.0222355 -0.227338 1.77245 3.14475 0.0610034</i>
                        <i>-0.0340977 0.998063 0.052044 0.225767 0.0584204 -0.972428 -0.973585 -0.0214078 -0.227321 1.77256 3.14497 0.0609157</i>
                        <i>-0.0349728 0.997223 0.0657482 0.225388 0.0719637 -0.971608 -0.973641 -0.019161 -0.227279 1.77288 3.14555 0.0606774</i>
                        <i>-0.0347643 0.99623 0.0794835 0.225109 0.0852935 -0.970593 -0.973713 -0.0158495 -0.227225 1.77336 3.14642 0.0603255</i>
                        <i>-0.0337377 0.995112 0.0928059 0.224966 0.0980371 -0.969422 -0.973782 -0.0118279 -0.227174 1.77393 3.14751 0.0598969</i>
                        <i>-0.0321584 0.993923 0.105274 0.22497 0.109823 -0.968157 -0.973835 -0.00745091 -0.227135 1.77456 3.14876 0.0594291</i>
                        <i>-0.0302897 0.992735 0.116448 0.225106 0.120283 -0.966881 -0.973863 -0.00307358 -0.227114 1.77519 3.15011 0.0589597</i>
                        <i>-0.0283922 0.991638 0.125892 0.22533 0.129051 -0.965698 -0.973869 0.000948974 -0.22711 1.77577 3.15148 0.0585271</i>
                        <i>-0.0267227 0.990732 0.133174 0.22558 0.135762 -0.964719 -0.973858 0.00426164 -0.227118 1.77625 3.15283 0.0581699</i>
                        <i>-0.025535 0.990122 0.137861 0.225783 0.140055 -0.964057 -0.973843 0.00650945 -0.227129 1.77658 3.15408 0.057927</i>
                        <i>-0.0250826 0.989901 0.13952 0.225864 0.141567 -0.963817 -0.973836 0.00733757 -0.227134 1.7767 3.15518 0.0578374</i>
                        <i>-0.0249887 0.99009 0.13819 0.225866 0.14025 -0.964009 -0.973838 0.00712318 -0.227133 1.77667 3.15613 0.0578606</i>
                        <i>-0.0247304 0.990615 0.134425 0.225872 0.136526 -0.964543 -0.973843 0.00650947 -0.227129 1.77658 3.15694 0.057927</i>
                        <i>-0.0243433 0.991402 0.128564 0.225883 0.130731 -0.965343 -0.97385 0.00554083 -0.227123 1.77644 3.1576 0.0580317</i>
                        <i>-0.023863 0.992373 0.120943 0.225901 0.123201 -0.966328 -0.973858 0.00426166 -0.227118 1.77625 3.15805 0.0581699</i>
                        <i>-0.0233248 0.993446 0.111899 0.225928 0.114272 -0.967418 -0.973865 0.00271622 -0.227113 1.77603 3.15829 0.0583366</i>
                        <i>-0.0227643 0.994547 0.101771 0.225968 0.104282 -0.968537 -0.973869 0.000948974 -0.22711 1.77577 3.15827 0.0585271</i>
                        <i>-0.0222161 0.995612 0.0908996 0.226023 0.0935699 -0.969618 -0.973869 -0.000995749 -0.22711 1.77549 3.15794 0.0587364</i>
                        <i>-0.021715 0.996588 0.0796271 0.226094 0.0824777 -0.970608 -0.973863 -0.00307358 -0.227114 1.77519 3.1573 0.0589597</i>
                        <i>-0.0212953 0.997438 0.0682973 0.226182 0.0713481 -0.971469 -0.973852 -0.00524007 -0.227122 1.77488 3.1564 0.0591922</i>
                        <i>-0.020991 0.998139 0.0572557 0.226286 0.0605254 -0.972179 -0.973835 -0.00745091 -0.227135 1.77456 3.15529 0.0594291</i>
                        <i>-0.0208363 0.998685 0.0468485 0.226401 0.0503546 -0.972732 -0.973811 -0.00966164 -0.227152 1.77424 3.15403 0.0596656</i>
                        <i>-0.0208654 0.999082 0.0374223 0.226523 0.0411813 -0.973135 -0.973782 -0.0118279 -0.227174 1.77393 3.15268 0.0598969</i>
                        <i>-0.0211127 0.999347 0.0293236 0.226643 0.0333506 -0.973407 -0.973749 -0.0139053 -0.227199 1.77363 3.15127 0.0601184</i>
                        <i>-0.0216129 0.999504 0.0228986 0.22675 0.0272077 -0.973573 -0.973713 -0.0158495 -0.227226 1.77336 3.14988 0.0603255</i>
                        <i>-0.022401 0.999578 0.0184928 0.226831 0.0230967 -0.97366 -0.973676 -0.0176162 -0.227253 1.7731 3.14855 0.0605133</i>
                        <i>-0.023512 0.999588 0.0164516 0.22687 0.0213617 -0.973691 -0.973641 -0.019161 -0.227279 1.77288 3.14734 0.0606774</i>
                        <i>-0.0249808 0.999541 0.0171195 0.226848 0.0223459 -0.973674 -0.97361 -0.0204396 -0.227302 1.7727 3.1463 0.0608131</i>
                        <i>-0.0268421 0.999422 0.0208409 0.226744 0.0263922 -0.973597 -0.973585 -0.0214078 -0.227321 1.77256 3.14549 0.0609157</i>
                        <i>-0.0291293 0.999185 0.0279594 0.226532 0.0338424 -0.973416 -0.973568 -0.0220212 -0.227334 1.77248 3.14495 0.0609807</i>
                        <i>-0.0318747 0.998738 0.0388168 0.226188 0.0450369 -0.973042 -0.973562 -0.0222355 -0.227338 1.77245 3.14475 0.0610034</i>
                    </KeyFrames>
                </p>
            </i>
            <i>
                <p>
                    <Name><![CDATA[head_prop]]></Name>
                    <Exclude>0</Exclude>
                    <Additive>0</Additive>
                    <IKPriority>0</IKPriority>
                    <IKRotLimits>-1e+010 -1e+010 -1e+010 1e+010 1e+010 1e+010</IKRotLimits>
                    <IKRotLimitOrder>0</IKRotLimitOrder>
                    <KeyFrames count="31">
                        <i>0.973562 0.0222355 0.227338 -0.0318747 0.998738 0.0388168 -0.226188 -0.0450369 0.973042 1.76206 3.47025 0.0736541</i>
                        <i>0.973585 0.0214078 0.227321 -0.0340977 0.998063 0.052044 -0.225767 -0.0584204 0.972428 1.76145 3.47025 0.0778773</i>
                        <i>0.973641 0.019161 0.227279 -0.0349728 0.997223 0.0657482 -0.225388 -0.0719637 0.971608 1.76149 3.47055 0.0821053</i>
                        <i>0.973713 0.0158495 0.227225 -0.0347643 0.99623 0.0794835 -0.225109 -0.0852935 0.970593 1.76203 3.4711 0.0862299</i>
                        <i>0.973782 0.0118279 0.227174 -0.0337377 0.995112 0.0928059 -0.224966 -0.0980371 0.969422 1.76294 3.47183 0.0901432</i>
                        <i>0.973835 0.00745091 0.227135 -0.0321584 0.993923 0.105274 -0.22497 -0.109823 0.968157 1.76408 3.47269 0.0937387</i>
                        <i>0.973863 0.00307358 0.227114 -0.0302897 0.992735 0.116448 -0.225106 -0.120283 0.966881 1.76532 3.47365 0.096911</i>
                        <i>0.973869 -0.000948974 0.22711 -0.0283922 0.991638 0.125892 -0.22533 -0.129051 0.965698 1.76652 3.47467 0.0995565</i>
                        <i>0.973858 -0.00426164 0.227118 -0.0267227 0.990732 0.133174 -0.22558 -0.135762 0.964719 1.76754 3.47572 0.101573</i>
                        <i>0.973843 -0.00650945 0.227129 -0.025535 0.990122 0.137861 -0.225783 -0.140055 0.964057 1.76826 3.47677 0.102857</i>
                        <i>0.973836 -0.00733757 0.227134 -0.0250826 0.989901 0.13952 -0.225864 -0.141567 0.963817 1.76853 3.4778 0.103308</i>
                        <i>0.973838 -0.00712318 0.227133 -0.0249887 0.99009 0.13819 -0.225866 -0.14025 0.964009 1.76853 3.47881 0.102898</i>
                        <i>0.973843 -0.00650947 0.227129 -0.0247304 0.990615 0.134425 -0.225872 -0.136526 0.964543 1.76852 3.47979 0.101737</i>
                        <i>0.97385 -0.00554083 0.227123 -0.0243433 0.991402 0.128564 -0.225883 -0.130731 0.965343 1.76851 3.4807 0.0999319</i>
                        <i>0.973858 -0.00426166 0.227118 -0.023863 0.992373 0.120943 -0.225901 -0.123201 0.966328 1.76848 3.48148 0.0975862</i>
                        <i>0.973865 -0.00271622 0.227113 -0.0233248 0.993446 0.111899 -0.225928 -0.114272 0.967418 1.76843 3.48206 0.0948055</i>
                        <i>0.973869 -0.000948974 0.22711 -0.0227643 0.994547 0.101771 -0.225968 -0.104282 0.968537 1.76835 3.4824 0.0916952</i>
                        <i>0.973869 0.000995749 0.22711 -0.0222161 0.995612 0.0908996 -0.226023 -0.0935699 0.969618 1.76825 3.48242 0.0883614</i>
                        <i>0.973863 0.00307358 0.227114 -0.021715 0.996588 0.0796271 -0.226094 -0.0824777 0.970608 1.76812 3.48209 0.0849109</i>
                        <i>0.973852 0.00524007 0.227122 -0.0212953 0.997438 0.0682973 -0.226182 -0.0713481 0.971469 1.76794 3.48147 0.0814509</i>
                        <i>0.973835 0.00745091 0.227135 -0.020991 0.998139 0.0572557 -0.226286 -0.0605254 0.972179 1.76772 3.48059 0.0780892</i>
                        <i>0.973811 0.00966164 0.227152 -0.0208363 0.998685 0.0468485 -0.226401 -0.0503546 0.972732 1.76745 3.47951 0.0749339</i>
                        <i>0.973782 0.0118279 0.227174 -0.0208654 0.999082 0.0374223 -0.226523 -0.0411813 0.973135 1.76713 3.47828 0.0720932</i>
                        <i>0.973749 0.0139053 0.227199 -0.0211127 0.999347 0.0293236 -0.226643 -0.0333506 0.973407 1.76675 3.47697 0.0696753</i>
                        <i>0.973713 0.0158495 0.227226 -0.0216129 0.999504 0.0228986 -0.22675 -0.0272077 0.973573 1.76631 3.47563 0.0677883</i>
                        <i>0.973676 0.0176162 0.227253 -0.022401 0.999578 0.0184928 -0.226831 -0.0230967 0.97366 1.7658 3.47433 0.0665403</i>
                        <i>0.973641 0.019161 0.227279 -0.023512 0.999588 0.0164516 -0.22687 -0.0213617 0.973691 1.76522 3.47312 0.0660391</i>
                        <i>0.97361 0.0204396 0.227302 -0.0249808 0.999541 0.0171195 -0.226848 -0.0223459 0.973674 1.76456 3.47206 0.0663925</i>
                        <i>0.973585 0.0214078 0.227321 -0.0268421 0.999422 0.0208409 -0.226744 -0.0263922 0.973597 1.76382 3.47121 0.067708</i>
                        <i>0.973568 0.0220212 0.227334 -0.0291293 0.999185 0.0279594 -0.226532 -0.0338424 0.973416 1.76298 3.47059 0.0700929</i>
                        <i>0.973562 0.0222355 0.227338 -0.0318747 0.998738 0.0388168 -0.226188 -0.0450369 0.973042 1.76206 3.47025 0.0736541</i>
                    </KeyFrames>
                </p>
            </i>
            <i>
                <p>
                    <Name><![CDATA[l_clav]]></Name>
                    <Exclude>0</Exclude>
                    <Additive>0</Additive>
                    <IKPriority>0</IKPriority>
                    <IKRotLimits>-1e+010 -1e+010 -1e+010 1e+010 1e+010 1e+010</IKRotLimits>
                    <IKRotLimitOrder>0</IKRotLimitOrder>
                    <KeyFrames count="31">
                        <i>0.444227 0.240615 0.862999 -0.415465 0.908751 -0.0395116 -0.793758 -0.340993 0.503659 1.87321 2.95338 0.0932628</i>
                        <i>0.4496 0.229719 0.863185 -0.408457 0.912283 -0.0300358 -0.794369 -0.33907 0.503993 1.87313 2.95353 0.0933216</i>
                        <i>0.454729 0.220272 0.862961 -0.400664 0.915945 -0.0226702 -0.795418 -0.335448 0.504762 1.87291 2.95389 0.0934813</i>
                        <i>0.459443 0.212322 0.862457 -0.392519 0.919582 -0.0172852 -0.796769 -0.330589 0.505835 1.8726 2.95445 0.0937167</i>
                        <i>0.463597 0.205931 0.861783 -0.384466 0.923037 -0.0137443 -0.798288 -0.324954 0.50709 1.87221 2.95518 0.0940025</i>
                        <i>0.46707 0.20117 0.861032 -0.376954 0.926156 -0.011905 -0.799845 -0.319009 0.508411 1.8718 2.95604 0.0943137</i>
                        <i>0.469757 0.198119 0.860278 -0.370436 0.928786 -0.011619 -0.801315 -0.313219 0.509694 1.87138 2.957 0.0946248</i>
                        <i>0.471556 0.196865 0.859581 -0.365367 0.930776 -0.0127349 -0.802585 -0.308057 0.510841 1.87099 2.95803 0.0949108</i>
                        <i>0.472365 0.197495 0.858992 -0.362201 0.931978 -0.0150986 -0.803543 -0.303996 0.511766 1.87068 2.9591 0.0951463</i>
                        <i>0.472064 0.200089 0.858557 -0.361386 0.932232 -0.0185564 -0.804087 -0.301511 0.512383 1.87046 2.96017 0.0953062</i>
                        <i>0.470511 0.20472 0.858318 -0.36336 0.931366 -0.0229575 -0.804108 -0.301076 0.512605 1.87038 2.9612 0.0953651</i>
                        <i>0.467712 0.211597 0.85818 -0.367697 0.9295 -0.028786 -0.803769 -0.302087 0.512542 1.8704 2.96216 0.0953498</i>
                        <i>0.463906 0.220604 0.857977 -0.373228 0.927019 -0.0365529 -0.803425 -0.303264 0.512385 1.87046 2.96303 0.0953062</i>
                        <i>0.459332 0.231097 0.857676 -0.379369 0.92411 -0.0458246 -0.803177 -0.304327 0.512144 1.87055 2.96376 0.0952373</i>
                        <i>0.454134 0.242608 0.857265 -0.385919 0.920822 -0.0561555 -0.803012 -0.305332 0.511804 1.87068 2.96432 0.0951463</i>
                        <i>0.448471 0.254674 0.856746 -0.39268 0.917224 -0.0671001 -0.802917 -0.306335 0.511354 1.87082 2.96469 0.0950365</i>
                        <i>0.442518 0.266839 0.85614 -0.399467 0.913405 -0.0782127 -0.802872 -0.307389 0.510792 1.87099 2.96482 0.0949108</i>
                        <i>0.43647 0.278656 0.85548 -0.406105 0.909477 -0.089048 -0.802853 -0.308548 0.510123 1.87118 2.96465 0.0947726</i>
                        <i>0.430542 0.289688 0.854818 -0.412432 0.905575 -0.0991616 -0.802828 -0.309861 0.509365 1.87138 2.96419 0.0946248</i>
                        <i>0.42497 0.299511 0.854221 -0.4183 0.901852 -0.10811 -0.802761 -0.311377 0.508546 1.87158 2.96348 0.0944708</i>
                        <i>0.420005 0.307709 0.853763 -0.423571 0.898476 -0.11545 -0.802611 -0.313139 0.507701 1.8718 2.96257 0.0943137</i>
                        <i>0.415911 0.313874 0.853523 -0.428115 0.895622 -0.12074 -0.802331 -0.315189 0.506874 1.87201 2.9615 0.0941565</i>
                        <i>0.41296 0.317602 0.853577 -0.431808 0.893465 -0.123536 -0.801876 -0.317566 0.506109 1.87221 2.96034 0.0940025</i>
                        <i>0.41142 0.318492 0.853988 -0.434523 0.892168 -0.123393 -0.801201 -0.320312 0.505448 1.87241 2.95913 0.0938548</i>
                        <i>0.41179 0.31559 0.854887 -0.436136 0.891952 -0.119191 -0.800134 -0.323765 0.504937 1.8726 2.95792 0.0937167</i>
                        <i>0.41418 0.308718 0.85624 -0.436529 0.892846 -0.110759 -0.798684 -0.3279 0.504564 1.87277 2.95675 0.0935911</i>
                        <i>0.418253 0.298617 0.857842 -0.435567 0.894687 -0.0990755 -0.797086 -0.332209 0.504273 1.87291 2.95569 0.0934813</i>
                        <i>0.423652 0.286016 0.859484 -0.433108 0.897314 -0.0851202 -0.795573 -0.336188 0.504025 1.87304 2.95477 0.0933904</i>
                        <i>0.430016 0.271652 0.860983 -0.429014 0.900591 -0.0698787 -0.794376 -0.339325 0.503811 1.87313 2.95404 0.0933216</i>
                        <i>0.436988 0.256267 0.862188 -0.423167 0.904421 -0.0543432 -0.793707 -0.341102 0.503665 1.87319 2.95357 0.093278</i>
                        <i>0.444227 0.240615 0.862999 -0.415465 0.908751 -0.0395116 -0.793758 -0.340993 0.503659 1.87321 2.95338 0.0932628</i>
                    </KeyFrames>
                </p>
            </i>
            <i>
                <p>
                    <Name><![CDATA[l_shoulder]]></Name>
                    <Exclude>0</Exclude>
                    <Additive>0</Additive>
                    <IKPriority>0</IKPriority>
                    <IKRotLimits>-1e+010 -1e+010 -1e+010 1e+010 1e+010 1e+010</IKRotLimits>
                    <IKRotLimitOrder>0</IKRotLimitOrder>
                    <KeyFrames count="31">
                        <i>-0.215934 -0.758013 0.615459 -0.0671887 0.640371 0.765122 -0.974093 0.123864 -0.189208 1.96098 3.00092 0.263773</i>
                        <i>-0.219465 -0.755154 0.61772 -0.066575 0.643272 0.762738 -0.973346 0.126269 -0.19145 1.96196 2.99891 0.263868</i>
                        <i>-0.222423 -0.752031 0.620466 -0.0674265 0.646749 0.759716 -0.972616 0.127143 -0.194559 1.96276 2.99741 0.263984</i>
                        <i>-0.224789 -0.748816 0.623493 -0.0694847 0.650559 0.756271 -0.971927 0.126678 -0.19827 1.96337 2.9964 0.26412</i>
                        <i>-0.226565 -0.74568 0.626601 -0.0724948 0.654456 0.752616 -0.971294 0.125091 -0.202335 1.96381 2.99587 0.264272</i>
                        <i>-0.227767 -0.742793 0.629587 -0.0761979 0.658196 0.74898 -0.97073 0.12262 -0.206515 1.96408 2.99579 0.264435</i>
                        <i>-0.228417 -0.740331 0.632247 -0.0803249 0.661532 0.745603 -0.970244 0.119523 -0.210572 1.96419 2.99615 0.264597</i>
                        <i>-0.228536 -0.738473 0.634373 -0.0845937 0.664216 0.742738 -0.969853 0.116078 -0.214267 1.96416 2.99693 0.264745</i>
                        <i>-0.228139 -0.737405 0.635757 -0.0887073 0.666004 0.740655 -0.969579 0.112576 -0.217355 1.96401 2.99812 0.264865</i>
                        <i>-0.227228 -0.737311 0.636192 -0.0923545 0.666652 0.739626 -0.969453 0.109308 -0.219576 1.96373 2.9997 0.264938</i>
                        <i>-0.225787 -0.738373 0.635473 -0.0952126 0.665921 0.739921 -0.969513 0.106559 -0.220659 1.96334 3.00165 0.26495</i>
                        <i>-0.223742 -0.740436 0.633793 -0.0975036 0.664021 0.741329 -0.969759 0.104069 -0.220765 1.96281 3.00397 0.264908</i>
                        <i>-0.221124 -0.743122 0.631565 -0.099603 0.661418 0.743375 -0.970146 0.101472 -0.220272 1.96212 3.00662 0.264824</i>
                        <i>-0.218101 -0.746223 0.628954 -0.101391 0.658307 0.74589 -0.970645 0.0989092 -0.219238 1.96131 3.00942 0.264696</i>
                        <i>-0.214775 -0.749587 0.626091 -0.10278 0.654839 0.748747 -0.97124 0.096463 -0.217685 1.9604 3.01226 0.264523</i>
                        <i>-0.21125 -0.753072 0.623102 -0.10369 0.651158 0.751826 -0.971917 0.0942141 -0.215643 1.95943 3.015 0.264311</i>
                        <i>-0.207635 -0.756544 0.620104 -0.10405 0.647404 0.755011 -0.972657 0.092245 -0.213142 1.95842 3.01754 0.264066</i>
                        <i>-0.204045 -0.759874 0.617217 -0.103755 0.643716 0.758198 -0.973448 0.0906678 -0.210188 1.95742 3.01971 0.263797</i>
                        <i>-0.200605 -0.762962 0.61453 -0.102791 0.640211 0.761291 -0.974265 0.0895503 -0.206855 1.95644 3.02143 0.263518</i>
                        <i>-0.197447 -0.765729 0.612106 -0.101234 0.636987 0.764198 -0.975072 0.0889227 -0.203289 1.95555 3.02265 0.263246</i>
                        <i>-0.194719 -0.768105 0.61 -0.0991594 0.634133 0.76684 -0.975834 0.0888314 -0.199643 1.95478 3.02336 0.262999</i>
                        <i>-0.192579 -0.770021 0.608261 -0.0966414 0.631733 0.769139 -0.976511 0.0893366 -0.196074 1.95418 3.02352 0.262794</i>
                        <i>-0.191191 -0.771409 0.606938 -0.0937533 0.62987 0.771021 -0.977065 0.0905095 -0.192747 1.95381 3.02309 0.262651</i>
                        <i>-0.190725 -0.772194 0.606086 -0.0905631 0.628628 0.772415 -0.977457 0.0924299 -0.189827 1.9537 3.02206 0.262585</i>
                        <i>-0.191511 -0.772195 0.605838 -0.0870762 0.628196 0.773167 -0.97762 0.0953159 -0.187546 1.95396 3.02027 0.262624</i>
                        <i>-0.19363 -0.771352 0.606237 -0.0833678 0.628633 0.77322 -0.977526 0.0991783 -0.186028 1.9546 3.01775 0.262766</i>
                        <i>-0.196865 -0.769762 0.607215 -0.0795997 0.62984 0.772636 -0.977194 0.103771 -0.185266 1.95555 3.01469 0.262972</i>
                        <i>-0.200976 -0.76752 0.608705 -0.0759306 0.63172 0.771469 -0.976649 0.108828 -0.185239 1.95674 3.01128 0.263206</i>
                        <i>-0.205705 -0.764728 0.610635 -0.0725231 0.634177 0.769779 -0.975923 0.114062 -0.185914 1.95809 3.00772 0.263433</i>
                        <i>-0.210782 -0.761511 0.612921 -0.0695481 0.637101 0.767636 -0.975056 0.119177 -0.187251 1.95953 3.0042 0.263628</i>
                        <i>-0.215934 -0.758013 0.615459 -0.0671887 0.640371 0.765122 -0.974093 0.123864 -0.189208 1.96098 3.00092 0.263773</i>
                    </KeyFrames>
                </p>
