<?xml version="1.0" encoding="ISO-8859-1" ?>
<Animl Version="1">
    <ModellingPackage><![CDATA[Maya.2010]]></ModellingPackage>
    <SrcFile><![CDATA[anims\turrets\artillery\blue\~src\artillery_m270\artillery_m270_fire_crewman_b.mb]]></SrcFile>
    <FramesPerSecond>30</FramesPerSecond>
    <TotalFrames>40</TotalFrames>
    <Skeleton>
        <RefFrame>
            <Name><![CDATA[soldier_ref_frame]]></Name>
            <Exclude>0</Exclude>
            <Additive>0</Additive>
            <IKPriority>0</IKPriority>
            <IKRotLimits>-1e+010 -1e+010 -1e+010 1e+010 1e+010 1e+010</IKRotLimits>
            <IKRotLimitOrder>0</IKRotLimitOrder>
            <KeyFrames count="40">
                <i>1 0 0 0 1 0 0 0 1 2.92 5.4 0.95</i>
                <i>1 0 0 0 1 0 0 0 1 2.92 5.4 0.95</i>
                <i>1 0 0 0 1 0 0 0 1 2.92 5.4 0.95</i>
                <i>1 0 0 0 1 0 0 0 1 2.92 5.4 0.95</i>
                <i>1 0 0 0 1 0 0 0 1 2.92 5.4 0.95</i>
                <i>1 0 0 0 1 0 0 0 1 2.92 5.4 0.95</i>
                <i>1 0 0 0 1 0 0 0 1 2.92 5.4 0.95</i>
                <i>1 0 0 0 1 0 0 0 1 2.92 5.4 0.95</i>
                <i>1 0 0 0 1 0 0 0 1 2.92 5.4 0.95</i>
                <i>1 0 0 0 1 0 0 0 1 2.92 5.4 0.95</i>
                <i>1 0 0 0 1 0 0 0 1 2.92 5.4 0.95</i>
                <i>1 0 0 0 1 0 0 0 1 2.92 5.4 0.95</i>
                <i>1 0 0 0 1 0 0 0 1 2.92 5.4 0.95</i>
                <i>1 0 0 0 1 0 0 0 1 2.92 5.4 0.95</i>
                <i>1 0 0 0 1 0 0 0 1 2.92 5.4 0.95</i>
                <i>1 0 0 0 1 0 0 0 1 2.92 5.4 0.95</i>
                <i>1 0 0 0 1 0 0 0 1 2.92 5.4 0.95</i>
                <i>1 0 0 0 1 0 0 0 1 2.92 5.4 0.95</i>
                <i>1 0 0 0 1 0 0 0 1 2.92 5.4 0.95</i>
                <i>1 0 0 0 1 0 0 0 1 2.92 5.4 0.95</i>
                <i>1 0 0 0 1 0 0 0 1 2.92 5.4 0.95</i>
                <i>1 0 0 0 1 0 0 0 1 2.92 5.4 0.95</i>
                <i>1 0 0 0 1 0 0 0 1 2.92 5.4 0.95</i>
                <i>1 0 0 0 1 0 0 0 1 2.92 5.4 0.95</i>
                <i>1 0 0 0 1 0 0 0 1 2.92 5.4 0.95</i>
                <i>1 0 0 0 1 0 0 0 1 2.92 5.4 0.95</i>
                <i>1 0 0 0 1 0 0 0 1 2.92 5.4 0.95</i>
                <i>1 0 0 0 1 0 0 0 1 2.92 5.4 0.95</i>
                <i>1 0 0 0 1 0 0 0 1 2.92 5.4 0.95</i>
                <i>1 0 0 0 1 0 0 0 1 2.92 5.4 0.95</i>
                <i>1 0 0 0 1 0 0 0 1 2.92 5.4 0.95</i>
                <i>1 0 0 0 1 0 0 0 1 2.92 5.4 0.95</i>
                <i>1 0 0 0 1 0 0 0 1 2.92 5.4 0.95</i>
                <i>1 0 0 0 1 0 0 0 1 2.92 5.4 0.95</i>
                <i>1 0 0 0 1 0 0 0 1 2.92 5.4 0.95</i>
                <i>1 0 0 0 1 0 0 0 1 2.92 5.4 0.95</i>
                <i>1 0 0 0 1 0 0 0 1 2.92 5.4 0.95</i>
                <i>1 0 0 0 1 0 0 0 1 2.92 5.4 0.95</i>
                <i>1 0 0 0 1 0 0 0 1 2.92 5.4 0.95</i>
                <i>1 0 0 0 1 0 0 0 1 2.92 5.4 0.95</i>
            </KeyFrames>
        </RefFrame>
        <Bones count="23">
            <i>
                <p>
                    <Name><![CDATA[pelvis]]></Name>
                    <Exclude>0</Exclude>
                    <Additive>0</Additive>
                    <IKPriority>0</IKPriority>
                    <IKRotLimits>-1e+010 -1e+010 -1e+010 1e+010 1e+010 1e+010</IKRotLimits>
                    <IKRotLimitOrder>2</IKRotLimitOrder>
                    <KeyFrames count="40">
                        <i>1 0 0 0 1 0 0 0 1 2.92034 6.40087 0.987897</i>
                        <i>1 0 0 0 1 0 0 0 1 2.92034 6.3982 0.987897</i>
                        <i>1 0 0 0 1 0 0 0 1 2.92034 6.38711 0.987897</i>
                        <i>1 0 0 0 1 0 0 0 1 2.9207 6.36298 0.985523</i>
                        <i>1 0 0 0 1 0 0 0 1 2.92149 6.32119 0.980248</i>
                        <i>1 0 0 0 1 0 0 0 1 2.92233 6.25713 0.974846</i>
                        <i>1 0 0 0 1 0 0 0 1 2.92279 6.16617 0.972091</i>
                        <i>1 0 0 0 1 0 0 0 1 2.92248 6.0437 0.974756</i>
                        <i>1 0 0 0 1 0 0 0 1 2.92049 6.29579 0.989285</i>
                        <i>1 0 0 0 1 0 0 0 1 2.91722 6.52155 1.01302</i>
                        <i>1 0 0 0 1 0 0 0 1 2.91415 6.70191 1.03508</i>
                        <i>1 0 0 0 1 0 0 0 1 2.9128 6.81781 1.04459</i>
                        <i>1 0 0 0 1 0 0 0 1 2.91329 6.84359 1.04058</i>
                        <i>1 0 0 0 1 0 0 0 1 2.91456 6.78357 1.03077</i>
                        <i>1 0 0 0 1 0 0 0 1 2.91632 6.66366 1.01733</i>
                        <i>1 0 0 0 1 0 0 0 1 2.91828 6.50977 1.00241</i>
                        <i>1 0 0 0 1 0 0 0 1 2.92016 6.34779 0.988177</i>
                        <i>1 0 0 0 1 0 0 0 1 2.92167 6.20364 0.976793</i>
                        <i>1 0 0 0 1 0 0 0 1 2.92251 6.10322 0.970419</i>
                        <i>1 0 0 0 1 0 0 0 1 2.92281 6.06944 0.968223</i>
                        <i>1 0 0 0 1 0 0 0 1 2.92288 6.0926 0.967726</i>
                        <i>1 0 0 0 1 0 0 0 1 2.92278 6.14962 0.968612</i>
                        <i>1 0 0 0 1 0 0 0 1 2.92254 6.21743 0.97057</i>
                        <i>1 0 0 0 1 0 0 0 1 2.9222 6.27573 0.973284</i>
                        <i>1 0 0 0 1 0 0 0 1 2.9218 6.32066 0.976442</i>
                        <i>1 0 0 0 1 0 0 0 1 2.92138 6.35382 0.979729</i>
                        <i>1 0 0 0 1 0 0 0 1 2.92099 6.37681 0.982832</i>
                        <i>1 0 0 0 1 0 0 0 1 2.92065 6.39125 0.985437</i>
                        <i>1 0 0 0 1 0 0 0 1 2.92043 6.39873 0.98723</i>
                        <i>1 0 0 0 1 0 0 0 1 2.92034 6.40087 0.987897</i>
                        <i>1 0 0 0 1 0 0 0 1 2.92034 6.40087 0.987897</i>
                        <i>1 0 0 0 1 0 0 0 1 2.92034 6.40087 0.987897</i>
                        <i>1 0 0 0 1 0 0 0 1 2.92034 6.40087 0.987897</i>
                        <i>1 0 0 0 1 0 0 0 1 2.92034 6.40087 0.987897</i>
                        <i>1 0 0 0 1 0 0 0 1 2.92034 6.40087 0.987897</i>
                        <i>1 0 0 0 1 0 0 0 1 2.92034 6.40087 0.987897</i>
                        <i>1 0 0 0 1 0 0 0 1 2.92034 6.40087 0.987897</i>
                        <i>1 0 0 0 1 0 0 0 1 2.92034 6.40087 0.987897</i>
                        <i>1 0 0 0 1 0 0 0 1 2.92034 6.40087 0.987897</i>
                        <i>1 0 0 0 1 0 0 0 1 2.92034 6.40087 0.987897</i>
                    </KeyFrames>
                </p>
            </i>
            <i>
                <p>
                    <Name><![CDATA[spine0]]></Name>
                    <Exclude>0</Exclude>
                    <Additive>0</Additive>
                    <IKPriority>0</IKPriority>
                    <IKRotLimits>-1e+010 -1e+010 -1e+010 1e+010 1e+010 1e+010</IKRotLimits>
                    <IKRotLimitOrder>0</IKRotLimitOrder>
                    <KeyFrames count="40">
                        <i>-0.0325202 0.982828 0.181636 -0.998483 -0.0238695 -0.0496117 -0.0444242 -0.182974 0.982114 2.91409 6.54107 0.956247</i>
                        <i>-0.0297024 0.96242 0.269937 -0.99857 -0.0165586 -0.0508399 -0.0444595 -0.271061 0.961535 2.91465 6.53841 0.956216</i>
                        <i>-0.0261475 0.933599 0.357365 -0.998562 -0.00765897 -0.0530536 -0.0467937 -0.358238 0.932457 2.91552 6.52635 0.952081</i>
                        <i>-0.0368859 0.960241 0.276726 -0.998229 -0.0224694 -0.055089 -0.0466808 -0.278268 0.959368 2.91792 6.49919 0.939329</i>
                        <i>-0.0489745 0.989936 0.132768 -0.997865 -0.0427447 -0.0493751 -0.0432031 -0.134903 0.989917 2.92239 6.45241 0.92129</i>
                        <i>-0.0372024 0.998722 0.0342076 -0.998602 -0.0358682 -0.0388233 -0.0375467 -0.0356041 0.99866 2.92685 6.38202 0.903599</i>
                        <i>-0.0207503 0.999126 0.0362783 -0.999341 -0.019646 -0.0305357 -0.0297963 -0.036888 0.998875 2.92962 6.28513 0.891475</i>
                        <i>-0.0139651 0.994652 0.102335 -0.99953 -0.0110949 -0.0285634 -0.0272752 -0.102686 0.99434 2.9295 6.1595 0.889678</i>
                        <i>-0.0125639 0.98925 0.14569 -0.999139 -0.00665704 -0.040961 -0.0395508 -0.146079 0.988482 2.92414 6.41272 0.90556</i>
                        <i>-0.00550009 0.991364 0.131025 -0.998131 0.00253212 -0.0610576 -0.0608621 -0.131116 0.989497 2.91444 6.64229 0.934853</i>
                        <i>-0.00311028 0.99592 0.0901865 -0.997475 0.00330962 -0.0709479 -0.0709569 -0.0901794 0.993395 2.90441 6.82703 0.964756</i>
                        <i>-0.0178641 0.999155 0.037016 -0.997673 -0.0153767 -0.0664276 -0.0658023 -0.0381165 0.997104 2.89883 6.9467 0.982233</i>
                        <i>-0.0451595 0.998939 -0.00903653 -0.997202 -0.0456167 -0.0592291 -0.0595785 0.00633649 0.998204 2.8981 6.97462 0.983158</i>
                        <i>-0.0689343 0.995907 -0.0584588 -0.995777 -0.0722502 -0.0566435 -0.0606353 0.0543073 0.996682 2.89898 6.91418 0.972504</i>
                        <i>-0.0815136 0.992053 -0.0958495 -0.994517 -0.0872818 -0.0576061 -0.0655142 0.0906283 0.993728 2.90145 6.79026 0.950627</i>
                        <i>-0.0756585 0.992026 -0.100799 -0.994598 -0.0822838 -0.0632729 -0.0710625 0.095467 0.992893 2.90511 6.62868 0.92252</i>
                        <i>-0.0549869 0.995981 -0.0707007 -0.995221 -0.0603922 -0.0767362 -0.0806976 0.0661433 0.994542 2.90915 6.45712 0.895318</i>
                        <i>-0.0302963 0.999345 -0.0197753 -0.994941 -0.0320469 -0.0952147 -0.0957861 0.0167906 0.99526 2.91261 6.30495 0.875054</i>
                        <i>-0.0112977 0.999376 0.033461 -0.994248 -0.00766276 -0.106832 -0.106509 -0.0344755 0.993714 2.91453 6.20259 0.866704</i>
                        <i>-0.00345901 0.992048 0.125815 -0.994832 0.00935321 -0.101101 -0.101473 -0.125515 0.986889 2.91502 6.17661 0.872568</i>
                        <i>-0.00193248 0.965971 0.258643 -0.996137 0.0208472 -0.0853019 -0.0877911 -0.257809 0.962199 2.91524 6.21222 0.888171</i>
                        <i>-0.0021171 0.927759 0.373175 -0.997184 0.0260166 -0.0703376 -0.0749651 -0.372273 0.925091 2.91565 6.27921 0.906561</i>
                        <i>-0.00136817 0.909184 0.416392 -0.997614 0.0274977 -0.0633188 -0.0690183 -0.415485 0.906978 2.91625 6.35128 0.918218</i>
                        <i>-0.000729961 0.919104 0.394013 -0.997671 0.0262038 -0.0629731 -0.0682035 -0.393142 0.916945 2.91684 6.40962 0.920925</i>
                        <i>-0.00384308 0.935439 0.353468 -0.997885 0.0193517 -0.0620629 -0.0648963 -0.352958 0.933386 2.91699 6.45453 0.923985</i>
                        <i>-0.00974115 0.953316 0.301819 -0.998225 0.00846239 -0.0589466 -0.0587489 -0.301857 0.951541 2.91656 6.48893 0.930578</i>
                        <i>-0.0170522 0.967676 0.251621 -0.998462 -0.00320344 -0.0553457 -0.0527506 -0.252177 0.966242 2.91581 6.51371 0.938941</i>
                        <i>-0.0244221 0.97679 0.212801 -0.998539 -0.0135704 -0.0523071 -0.0482053 -0.213767 0.975695 2.915 6.52984 0.947269</i>
                        <i>-0.030189 0.981426 0.18945 -0.998512 -0.0210002 -0.0503246 -0.0454115 -0.190687 0.9806 2.91435 6.53849 0.953681</i>
                        <i>-0.0325202 0.982828 0.181636 -0.998483 -0.0238695 -0.0496117 -0.0444242 -0.182974 0.982114 2.91409 6.54107 0.956247</i>
                        <i>-0.0325202 0.982828 0.181636 -0.998483 -0.0238695 -0.0496117 -0.0444242 -0.182974 0.982114 2.91409 6.54107 0.956247</i>
                        <i>-0.0325202 0.982828 0.181636 -0.998483 -0.0238695 -0.0496117 -0.0444242 -0.182974 0.982114 2.91409 6.54107 0.956247</i>
                        <i>-0.0325202 0.982828 0.181636 -0.998483 -0.0238695 -0.0496117 -0.0444242 -0.182974 0.982114 2.91409 6.54107 0.956247</i>
                        <i>-0.0325202 0.982828 0.181636 -0.998483 -0.0238695 -0.0496117 -0.0444242 -0.182974 0.982114 2.91409 6.54107 0.956247</i>
                        <i>-0.0325202 0.982828 0.181636 -0.998483 -0.0238695 -0.0496117 -0.0444242 -0.182974 0.982114 2.91409 6.54107 0.956247</i>
                        <i>-0.0325202 0.982828 0.181636 -0.998483 -0.0238695 -0.0496117 -0.0444242 -0.182974 0.982114 2.91409 6.54107 0.956247</i>
                        <i>-0.0325202 0.982828 0.181636 -0.998483 -0.0238695 -0.0496117 -0.0444242 -0.182974 0.982114 2.91409 6.54107 0.956247</i>
                        <i>-0.0325202 0.982828 0.181636 -0.998483 -0.0238695 -0.0496117 -0.0444242 -0.182974 0.982114 2.91409 6.54107 0.956247</i>
                        <i>-0.0325202 0.982828 0.181636 -0.998483 -0.0238695 -0.0496117 -0.0444242 -0.182974 0.982114 2.91409 6.54107 0.956247</i>
                        <i>-0.0325202 0.982828 0.181636 -0.998483 -0.0238695 -0.0496117 -0.0444242 -0.182974 0.982114 2.91409 6.54107 0.956247</i>
                    </KeyFrames>
                </p>
            </i>
            <i>
                <p>
                    <Name><![CDATA[spine1]]></Name>
                    <Exclude>0</Exclude>
                    <Additive>0</Additive>
                    <IKPriority>0</IKPriority>
                    <IKRotLimits>-1e+010 -1e+010 -1e+010 1e+010 1e+010 1e+010</IKRotLimits>
                    <IKRotLimitOrder>0</IKRotLimitOrder>
                    <KeyFrames count="40">
                        <i>0.0101969 0.876375 0.481521 -0.999873 0.0148527 -0.00585836 -0.012286 -0.4814 0.876415 2.9084 6.71305 0.988009</i>
                        <i>0.0112995 0.79696 0.603926 -0.999812 0.0185352 -0.0057532 -0.015779 -0.603747 0.79702 2.90941 6.7081 1.00378</i>
                        <i>0.0113007 0.68137 0.731852 -0.999718 0.0229741 -0.00595253 -0.0208695 -0.731578 0.681438 2.91081 6.69475 1.01648</i>
                        <i>-0.00189971 0.699854 0.714284 -0.999959 0.00501136 -0.00756961 -0.00887715 -0.714269 0.699815 2.91109 6.67728 0.990562</i>
                        <i>-0.0205474 0.784701 0.619533 -0.999773 -0.0126804 -0.0170974 -0.00556041 -0.619744 0.784784 2.91304 6.64152 0.946533</i>
                        <i>-0.0169348 0.841961 0.539273 -0.999758 -0.00667414 -0.0209751 -0.014061 -0.539498 0.84187 2.91959 6.57712 0.910136</i>
                        <i>-0.0207781 0.838038 0.545216 -0.999601 -0.027861 0.0047298 0.019154 -0.5449 0.838283 2.92553 6.48252 0.898483</i>
                        <i>-0.0518683 0.824241 0.563859 -0.995453 -0.0878396 0.0368328 0.0798882 -0.559385 0.82505 2.92675 6.35536 0.909673</i>
                        <i>-0.0757997 0.853574 0.515428 -0.992207 -0.115833 0.0459086 0.0988897 -0.507932 0.855702 2.92173 6.60294 0.933447</i>
                        <i>-0.0300581 0.909449 0.414727 -0.998531 -0.0460367 0.0285828 0.0450873 -0.413259 0.909497 2.91343 6.82675 0.959144</i>
                        <i>0.0602776 0.928914 0.365358 -0.998161 0.0537637 0.0279863 0.00635388 -0.366373 0.930446 2.90384 7.0088 0.981149</i>
                        <i>0.109728 0.924445 0.365186 -0.993941 0.0996683 0.0463458 0.00644663 -0.368059 0.92978 2.89558 7.12917 0.988926</i>
                        <i>0.0917694 0.940178 0.328092 -0.99567 0.081738 0.0442676 0.0148019 -0.330734 0.943608 2.88985 7.15724 0.981437</i>
                        <i>0.0615335 0.973674 0.219483 -0.998038 0.0574813 0.0248072 0.011538 -0.220579 0.975301 2.88655 7.09368 0.961914</i>
                        <i>0.0436141 0.990014 0.13405 -0.999046 0.0429352 0.00795315 0.00211828 -0.134269 0.990943 2.88691 6.96724 0.933486</i>
                        <i>0.0491637 0.990356 0.129531 -0.998758 0.0497928 -0.00162087 -0.00805495 -0.12929 0.991574 2.89155 6.80649 0.904406</i>
                        <i>0.0667942 0.976128 0.206671 -0.997365 0.0711969 -0.0139307 -0.0283125 -0.205196 0.978311 2.89907 6.63963 0.88229</i>
                        <i>0.0853946 0.94784 0.307094 -0.994397 0.100352 -0.0332196 -0.0623043 -0.302536 0.951099 2.90691 6.49311 0.871229</i>
                        <i>0.0981339 0.910544 0.401597 -0.990553 0.128213 -0.0486469 -0.0957849 -0.393029 0.914524 2.91238 6.39389 0.872989</i>
                        <i>0.0944673 0.83216 0.54643 -0.989783 0.137392 -0.03812 -0.106797 -0.537246 0.836637 2.91436 6.36839 0.896757</i>
                        <i>0.0761923 0.686786 0.722856 -0.992571 0.121208 -0.010538 -0.094853 -0.716683 0.690919 2.91487 6.4019 0.938802</i>
                        <i>0.05526 0.524896 0.849371 -0.995887 0.0901523 0.00907979 -0.0718068 -0.846379 0.527719 2.91524 6.46506 0.981128</i>
                        <i>0.0409279 0.442524 0.895822 -0.9978 0.0648976 0.0135285 -0.05215 -0.894405 0.444207 2.91599 6.53662 1.00288</i>
                        <i>0.0322864 0.456555 0.889109 -0.99869 0.0500754 0.0105521 -0.0397049 -0.888285 0.457574 2.9167 6.59861 1.00172</i>
                        <i>0.0247735 0.512655 0.858237 -0.999246 0.0383593 0.00593047 -0.0298811 -0.857737 0.513219 2.91622 6.64492 0.99572</i>
                        <i>0.0196595 0.601354 0.798741 -0.99953 0.030604 0.00156052 -0.0235062 -0.798396 0.601673 2.91465 6.67705 0.98997</i>
                        <i>0.0159606 0.702307 0.711695 -0.999688 0.0248979 -0.00215034 -0.0192299 -0.711439 0.702485 2.91259 6.69692 0.986467</i>
                        <i>0.0130677 0.792922 0.609183 -0.999789 0.0200237 -0.00461642 -0.0158585 -0.608994 0.793016 2.91056 6.70751 0.985912</i>
                        <i>0.0109895 0.854308 0.519651 -0.999851 0.0163109 -0.00567038 -0.0133202 -0.519511 0.85436 2.90902 6.71203 0.987146</i>
                        <i>0.0101969 0.876375 0.481521 -0.999873 0.0148527 -0.00585836 -0.012286 -0.4814 0.876415 2.9084 6.71305 0.988009</i>
                        <i>0.0101969 0.876375 0.481521 -0.999873 0.0148527 -0.00585836 -0.012286 -0.4814 0.876415 2.9084 6.71305 0.988009</i>
                        <i>0.0101969 0.876375 0.481521 -0.999873 0.0148527 -0.00585836 -0.012286 -0.4814 0.876415 2.9084 6.71305 0.988009</i>
                        <i>0.0101969 0.876375 0.481521 -0.999873 0.0148527 -0.00585836 -0.012286 -0.4814 0.876415 2.9084 6.71305 0.988009</i>
                        <i>0.0101969 0.876375 0.481521 -0.999873 0.0148527 -0.00585836 -0.012286 -0.4814 0.876415 2.9084 6.71305 0.988009</i>
                        <i>0.0101969 0.876375 0.481521 -0.999873 0.0148527 -0.00585836 -0.012286 -0.4814 0.876415 2.9084 6.71305 0.988009</i>
                        <i>0.0101969 0.876375 0.481521 -0.999873 0.0148527 -0.00585836 -0.012286 -0.4814 0.876415 2.9084 6.71305 0.988009</i>
                        <i>0.0101969 0.876375 0.481521 -0.999873 0.0148527 -0.00585836 -0.012286 -0.4814 0.876415 2.9084 6.71305 0.988009</i>
                        <i>0.0101969 0.876375 0.481521 -0.999873 0.0148527 -0.00585836 -0.012286 -0.4814 0.876415 2.9084 6.71305 0.988009</i>
                        <i>0.0101969 0.876375 0.481521 -0.999873 0.0148527 -0.00585836 -0.012286 -0.4814 0.876415 2.9084 6.71305 0.988009</i>
                        <i>0.0101969 0.876375 0.481521 -0.999873 0.0148527 -0.00585836 -0.012286 -0.4814 0.876415 2.9084 6.71305 0.988009</i>
                    </KeyFrames>
                </p>
            </i>
            <i>
                <p>
                    <Name><![CDATA[spine2]]></Name>
                    <Exclude>0</Exclude>
                    <Additive>0</Additive>
                    <IKPriority>0</IKPriority>
                    <IKRotLimits>-1e+010 -1e+010 -1e+010 1e+010 1e+010 1e+010</IKRotLimits>
                    <IKRotLimitOrder>0</IKRotLimitOrder>
                    <KeyFrames count="40">
                        <i>0.0118665 0.703454 0.710642 -0.999646 -0.00857611 0.0251817 0.0238087 -0.710689 0.703103 2.91008 6.85403 1.06558</i>
                        <i>0.011126 0.663193 0.748366 -0.999661 -0.0102351 0.0239323 0.0235313 -0.748379 0.662854 2.91128 6.83719 1.10178</i>
                        <i>0.0103992 0.586103 0.81017 -0.99966 -0.0132733 0.0224337 0.0239021 -0.810128 0.585766 2.91271 6.8075 1.13793</i>
                        <i>0.0297303 0.524974 0.850599 -0.999062 -0.01121 0.0418381 0.0314992 -0.851044 0.524148 2.9108 6.79626 1.11248</i>
                        <i>0.0650882 0.5045 0.860955 -0.99762 0.0132239 0.0676712 0.0227549 -0.863311 0.50416 2.90947 6.77895 1.05558</i>
                        <i>0.0859523 0.544013 0.834663 -0.996295 0.0445057 0.0735892 0.00288626 -0.837896 0.545823 2.91656 6.72795 1.00732</i>
                        <i>0.0579252 0.636752 0.76889 -0.997419 0.00417289 0.0716859 0.0424377 -0.771057 0.63535 2.9218 6.63435 0.997878</i>
                        <i>-0.0203818 0.751555 0.659355 -0.992499 -0.0947227 0.0772882 0.120542 -0.652834 0.747848 2.91748 6.50422 1.01209</i>
                        <i>-0.107599 0.869522 0.48203 -0.980255 -0.173692 0.0945067 0.165901 -0.462344 0.871043 2.90848 6.75364 1.02488</i>
                        <i>-0.0996494 0.94594 0.308654 -0.982242 -0.143075 0.121368 0.158968 -0.291079 0.943399 2.90839 6.9823 1.03035</i>
                        <i>0.00904162 0.934659 0.355431 -0.9897 -0.0424202 0.136727 0.14287 -0.353006 0.924649 2.91406 7.16467 1.04267</i>
                        <i>0.0992105 0.832675 0.544803 -0.988535 0.0198462 0.149683 0.113825 -0.553407 0.825097 2.91412 7.28434 1.05046</i>
                        <i>0.118642 0.761753 0.636911 -0.988931 0.0330881 0.144642 0.0891069 -0.647022 0.757247 2.90539 7.31521 1.0368</i>
                        <i>0.11275 0.835157 0.538331 -0.990939 0.0547131 0.122666 0.0729913 -0.547283 0.833758 2.89685 7.25508 0.998465</i>
                        <i>0.107876 0.928663 0.35489 -0.992193 0.0781004 0.0972262 0.0625733 -0.362608 0.929839 2.89415 7.12974 0.955615</i>
                        <i>0.114593 0.972783 0.201399 -0.99142 0.0991539 0.0851783 0.0628905 -0.209432 0.975799 2.89974 6.96981 0.925906</i>
                        <i>0.121189 0.980577 0.154212 -0.990471 0.109217 0.0838986 0.0654264 -0.16291 0.984469 2.9104 6.80414 0.917334</i>
                        <i>0.125238 0.974807 0.184573 -0.99046 0.112067 0.0801829 0.0574783 -0.192854 0.979543 2.92175 6.65715 0.924689</i>
                        <i>0.123168 0.951164 0.283048 -0.991735 0.107649 0.0698044 0.0359258 -0.289306 0.956562 2.92968 6.55401 0.943998</i>
                        <i>0.102566 0.857574 0.50403 -0.994644 0.081922 0.063017 0.0127506 -0.507794 0.861384 2.93115 6.51602 0.994186</i>
                        <i>0.0671655 0.639406 0.76593 -0.997734 0.0399381 0.054152 0.00403533 -0.767832 0.640639 2.92861 6.5254 1.06952</i>
                        <i>0.0333327 0.357069 0.933483 -0.999396 0.00274434 0.0346365 0.00980585 -0.934074 0.356945 2.92541 6.56107 1.13765</i>
                        <i>0.0113615 0.163306 0.98651 -0.999732 -0.0180217 0.0144971 0.0201461 -0.986411 0.163057 2.92367 6.61878 1.17079</i>
                        <i>-0.000134093 0.120402 0.992725 -0.999569 -0.029168 0.00340261 0.0293655 -0.992297 0.120354 2.92283 6.68412 1.16983</i>
                        <i>-0.00552288 0.171404 0.985185 -0.999356 -0.0358823 0.000640534 0.0354605 -0.984547 0.171492 2.92089 6.74011 1.15641</i>
                        <i>-0.00559371 0.281687 0.95949 -0.999358 -0.0355297 0.00460467 0.0353875 -0.958848 0.281705 2.91825 6.78555 1.13502</i>
                        <i>-0.00199457 0.422714 0.906261 -0.999491 -0.0296904 0.0116489 0.0318314 -0.905777 0.422558 2.9154 6.81876 1.11051</i>
                        <i>0.00373834 0.561558 0.827429 -0.999611 -0.0207795 0.0186188 0.0276491 -0.827177 0.561261 2.91278 6.8399 1.08793</i>
                        <i>0.00933377 0.664196 0.7475 -0.999649 -0.0123292 0.0234375 0.0247832 -0.747456 0.663848 2.91084 6.85084 1.07174</i>
                        <i>0.0118665 0.703454 0.710642 -0.999646 -0.00857611 0.0251817 0.0238087 -0.710689 0.703103 2.91008 6.85403 1.06558</i>
                        <i>0.0118665 0.703454 0.710642 -0.999646 -0.00857611 0.0251817 0.0238087 -0.710689 0.703103 2.91008 6.85403 1.06558</i>
                        <i>0.0118665 0.703454 0.710642 -0.999646 -0.00857611 0.0251817 0.0238087 -0.710689 0.703103 2.91008 6.85403 1.06558</i>
                        <i>0.0118665 0.703454 0.710642 -0.999646 -0.00857611 0.0251817 0.0238087 -0.710689 0.703103 2.91008 6.85403 1.06558</i>
                        <i>0.0118665 0.703454 0.710642 -0.999646 -0.00857611 0.0251817 0.0238087 -0.710689 0.703103 2.91008 6.85403 1.06558</i>
                        <i>0.0118665 0.703454 0.710642 -0.999646 -0.00857611 0.0251817 0.0238087 -0.710689 0.703103 2.91008 6.85403 1.06558</i>
                        <i>0.0118665 0.703454 0.710642 -0.999646 -0.00857611 0.0251817 0.0238087 -0.710689 0.703103 2.91008 6.85403 1.06558</i>
                        <i>0.0118665 0.703454 0.710642 -0.999646 -0.00857611 0.0251817 0.0238087 -0.710689 0.703103 2.91008 6.85403 1.06558</i>
                        <i>0.0118665 0.703454 0.710642 -0.999646 -0.00857611 0.0251817 0.0238087 -0.710689 0.703103 2.91008 6.85403 1.06558</i>
                        <i>0.0118665 0.703454 0.710642 -0.999646 -0.00857611 0.0251817 0.0238087 -0.710689 0.703103 2.91008 6.85403 1.06558</i>
                        <i>0.0118665 0.703454 0.710642 -0.999646 -0.00857611 0.0251817 0.0238087 -0.710689 0.703103 2.91008 6.85403 1.06558</i>
                    </KeyFrames>
                </p>
            </i>
            <i>
                <p>
                    <Name><![CDATA[head]]></Name>
                    <Exclude>0</Exclude>
                    <Additive>0</Additive>
                    <IKPriority>0</IKPriority>
                    <IKRotLimits>-1e+010 -1e+010 -1e+010 1e+010 1e+010 1e+010</IKRotLimits>
                    <IKRotLimitOrder>0</IKRotLimitOrder>
                    <KeyFrames count="40">
                        <i>-0.0289015 0.985065 0.169742 0.0542681 0.171108 -0.983757 -0.998108 -0.0192205 -0.0584028 2.911 7.0422 1.24404</i>
                        <i>-0.0592767 0.957108 0.283601 0.0716367 0.287447 -0.955114 -0.995668 -0.0362998 -0.085603 2.91207 7.02122 1.28483</i>
                        <i>-0.0973939 0.866506 0.489572 0.0756101 0.496931 -0.86449 -0.99237 -0.0471795 -0.113915 2.91357 6.97855 1.3344</i>
                        <i>-0.0637281 0.71403 0.697209 0.0514899 0.700051 -0.712234 -0.996638 -0.00949017 -0.0813782 2.91981 6.94872 1.32839</i>
                        <i>0.00938115 0.520041 0.85409 0.0593708 0.852331 -0.519622 -0.998192 0.0555826 -0.0228794 2.93345 6.91821 1.28399</i>
                        <i>0.0411653 0.423779 0.90483 0.0901916 0.900324 -0.425772 -0.995073 0.0991351 -0.00115916 2.94888 6.87506 1.23294</i>
                        <i>0.00418139 0.507185 0.861827 0.0403767 0.861046 -0.506921 -0.999176 0.0369174 -0.0168781 2.94498 6.81451 1.20147</i>
                        <i>-0.0902978 0.693879 0.714408 -0.0590372 0.712348 -0.699339 -0.994164 -0.105325 -0.0233588 2.91437 6.7226 1.17204</i>
                        <i>-0.209499 0.861747 0.462063 -0.111241 0.448477 -0.886845 -0.97146 -0.237194 0.00190631 2.87634 6.99956 1.1196</i>
                        <i>-0.230232 0.934402 0.27182 -0.116202 0.250928 -0.961006 -0.966173 -0.25284 0.0508074 2.87458 7.23826 1.0712</i>
                        <i>-0.133963 0.904311 0.405309 -0.117756 0.391571 -0.912582 -0.983965 -0.169979 0.0540324 2.90662 7.41866 1.1061</i>
                        <i>-0.0375369 0.718296 0.694724 -0.0740674 0.691302 -0.71876 -0.996546 -0.0784365 0.027253 2.93215 7.51245 1.18257</i>
                        <i>-0.00410559 0.561864 0.827219 -0.0286203 0.826822 -0.561736 -0.999582 -0.0259815 0.0126861 2.93147 7.51874 1.20374</i>
                        <i>0.00469601 0.66471 0.747087 -0.00659904 0.747099 -0.66468 -0.999967 -0.00180869 0.00789485 2.92344 7.47587 1.13909</i>
                        <i>0.0145678 0.854105 0.519897 0.00164336 0.519931 -0.854206 -0.999892 0.0132983 0.00617067 2.92111 7.3765 1.0404</i>
                        <i>0.0300475 0.972636 0.230385 -0.00741698 0.2307 -0.972997 -0.999521 0.0275274 0.014146 2.92893 7.22828 0.957149</i>
                        <i>0.0340885 0.997422 -0.0631378 -0.0263305 -0.0622563 -0.997713 -0.999072 0.0356729 0.0241404 2.94078 7.06402 0.923185</i>
                        <i>0.0290211 0.9556 -0.293234 -0.0345475 -0.292224 -0.955726 -0.998982 0.0378667 0.024533 2.95252 6.91657 0.930532</i>
                        <i>0.0277837 0.95699 -0.288787 -0.0192689 -0.288332 -0.957336 -0.999428 0.032163 0.0104292 2.95959 6.81193 0.97574</i>
                        <i>0.0155506 0.993519 0.112596 0.0169099 0.112332 -0.993527 -0.999736 0.0173539 -0.0150535 2.95568 6.75877 1.09372</i>
                        <i>-0.0259323 0.729121 0.683893 0.037955 0.684348 -0.728167 -0.998943 0.00707406 -0.0454205 2.94352 6.71655 1.25498</i>
                        <i>-0.0689104 0.204176 0.976506 0.0241462 0.978887 -0.20297 -0.997331 0.00959215 -0.0723856 2.93061 6.67379 1.38342</i>
                        <i>-0.0905083 -0.108478 0.98997 0.00565684 0.993978 0.109434 -0.99588 0.0155048 -0.0893497 2.92228 6.6718 1.43903</i>
                        <i>-0.0973803 0.0224637 0.994994 0.0138626 0.999679 -0.0212128 -0.995151 0.0117275 -0.0976604 2.918 6.72083 1.44234</i>
                        <i>-0.0884337 0.434542 0.8963 0.0430326 0.900652 -0.432406 -0.995152 0.000330869 -0.0983474 2.91476 6.79029 1.42616</i>
                        <i>-0.0605424 0.823835 0.563588 0.0699748 0.566737 -0.820922 -0.99571 -0.0102636 -0.0919593 2.91258 6.86678 1.39417</i>
                        <i>-0.0318987 0.982954 0.181063 0.0768531 0.183031 -0.980099 -0.996532 -0.0173486 -0.0813816 2.91136 6.93821 1.34983</i>
                        <i>-0.0232329 0.998756 0.04413 0.0692221 0.0456431 -0.996557 -0.997331 -0.0200981 -0.0701964 2.91091 6.99458 1.30108</i>
                        <i>-0.0263253 0.994034 0.105845 0.0592371 0.107247 -0.992466 -0.997897 -0.019857 -0.061707 2.91091 7.02999 1.26076</i>
                        <i>-0.0289015 0.985065 0.169742 0.0542681 0.171108 -0.983757 -0.998108 -0.0192205 -0.0584028 2.911 7.0422 1.24404</i>
                        <i>-0.0289015 0.985065 0.169742 0.0542681 0.171108 -0.983757 -0.998108 -0.0192205 -0.0584028 2.911 7.0422 1.24404</i>
                        <i>-0.0289015 0.985065 0.169742 0.0542681 0.171108 -0.983757 -0.998108 -0.0192205 -0.0584028 2.911 7.0422 1.24404</i>
                        <i>-0.0289015 0.985065 0.169742 0.0542681 0.171108 -0.983757 -0.998108 -0.0192205 -0.0584028 2.911 7.0422 1.24404</i>
                        <i>-0.0289015 0.985065 0.169742 0.0542681 0.171108 -0.983757 -0.998108 -0.0192205 -0.0584028 2.911 7.0422 1.24404</i>
                        <i>-0.0289015 0.985065 0.169742 0.0542681 0.171108 -0.983757 -0.998108 -0.0192205 -0.0584028 2.911 7.0422 1.24404</i>
                        <i>-0.0289015 0.985065 0.169742 0.0542681 0.171108 -0.983757 -0.998108 -0.0192205 -0.0584028 2.911 7.0422 1.24404</i>
                        <i>-0.0289015 0.985065 0.169742 0.0542681 0.171108 -0.983757 -0.998108 -0.0192205 -0.0584028 2.911 7.0422 1.24404</i>
                        <i>-0.0289015 0.985065 0.169742 0.0542681 0.171108 -0.983757 -0.998108 -0.0192205 -0.0584028 2.911 7.0422 1.24404</i>
                        <i>-0.0289015 0.985065 0.169742 0.0542681 0.171108 -0.983757 -0.998108 -0.0192205 -0.0584028 2.911 7.0422 1.24404</i>
                        <i>-0.0289015 0.985065 0.169742 0.0542681 0.171108 -0.983757 -0.998108 -0.0192205 -0.0584028 2.911 7.0422 1.24404</i>
                    </KeyFrames>
                </p>
            </i>
            <i>
                <p>
                    <Name><![CDATA[head_prop]]></Name>
                    <Exclude>0</Exclude>
                    <Additive>0</Additive>
                    <IKPriority>0</IKPriority>
                    <IKRotLimits>-1e+010 -1e+010 -1e+010 1e+010 1e+010 1e+010</IKRotLimits>
                    <IKRotLimitOrder>0</IKRotLimitOrder>
                    <KeyFrames count="40">
                        <i>0.998108 0.0192205 0.0584028 -0.0289015 0.985065 0.169742 -0.0542681 -0.171108 0.983757 2.90158 7.36324 1.29936</i>
                        <i>0.995668 0.0362998 0.085603 -0.0592767 0.957108 0.283601 -0.0716367 -0.287447 0.955114 2.89275 7.33315 1.37725</i>
                        <i>0.99237 0.0471795 0.113915 -0.0973939 0.866506 0.489572 -0.0756101 -0.496931 0.86449 2.88183 7.26095 1.49396</i>
                        <i>0.996638 0.00949017 0.0813782 -0.0637281 0.71403 0.697209 -0.0514899 -0.700051 0.712234 2.89904 7.18143 1.55561</i>
                        <i>0.998192 -0.0555826 0.0228794 0.00938115 0.520041 0.85409 -0.0593708 -0.852331 0.519622 2.93651 7.0877 1.56235</i>
                        <i>0.995073 -0.0991351 0.00115916 0.0411653 0.423779 0.90483 -0.0901916 -0.900324 0.425772 2.9623 7.01318 1.52783</i>
                        <i>0.999176 -0.0369174 0.0168781 0.00418139 0.507185 0.861827 -0.0403767 -0.861046 0.506921 2.94634 6.97981 1.48234</i>
                        <i>0.994164 0.105325 0.0233588 -0.0902978 0.693879 0.714408 0.0590372 -0.712348 0.699339 2.88494 6.94874 1.40487</i>
                        <i>0.97146 0.237194 -0.00190631 -0.209499 0.861747 0.462063 0.111241 -0.448477 0.886845 2.80807 7.28041 1.27019</i>
                        <i>0.966173 0.25284 -0.0508074 -0.230232 0.934402 0.27182 0.116202 -0.250928 0.961006 2.79955 7.54279 1.15978</i>
                        <i>0.983965 0.169979 -0.0540324 -0.133963 0.904311 0.405309 0.117756 -0.391571 0.912582 2.86296 7.71338 1.23819</i>
                        <i>0.996546 0.0784365 -0.027253 -0.0375369 0.718296 0.694724 0.0740674 -0.691302 0.71876 2.91991 7.74655 1.40899</i>
                        <i>0.999582 0.0259815 -0.0126861 -0.00410559 0.561864 0.827219 0.0286203 -0.826822 0.561736 2.93013 7.70186 1.47334</i>
                        <i>0.999967 0.00180869 -0.00789485 0.00469601 0.66471 0.747087 0.00659904 -0.747099 0.66468 2.92497 7.6925 1.38258</i>
                        <i>0.999892 -0.0132983 -0.00617067 0.0145678 0.854105 0.519897 -0.00164336 -0.519931 0.854206 2.92585 7.65486 1.20984</i>
                        <i>0.999521 -0.0275274 -0.014146 0.0300475 0.972636 0.230385 0.00741698 -0.2307 0.972997 2.93872 7.54527 1.03223</i>
                        <i>0.999072 -0.0356729 -0.0241404 0.0340885 0.997422 -0.0631378 0.0263305 0.0622563 0.997713 2.95189 7.38909 0.902608</i>
                        <i>0.998982 -0.0378667 -0.024533 0.0290211 0.9556 -0.293234 0.0345475 0.292224 0.955726 2.96198 7.22801 0.834965</i>
                        <i>0.999428 -0.032163 -0.0104292 0.0277837 0.95699 -0.288787 0.0192689 0.288332 0.957336 2.96865 7.12383 0.881621</i>
                        <i>0.999736 -0.0173539 0.0150535 0.0155506 0.993519 0.112596 -0.0169099 -0.112332 0.993527 2.96075 7.08257 1.13042</i>
                        <i>0.998943 -0.00707406 0.0454205 -0.0259323 0.729121 0.683893 -0.037955 -0.684348 0.728167 2.93506 6.95418 1.47787</i>
                        <i>0.997331 -0.00959215 0.0723856 -0.0689104 0.204176 0.976506 -0.0241462 -0.978887 0.20297 2.90816 6.74033 1.70167</i>
                        <i>0.99588 -0.0155048 0.0893497 -0.0905083 -0.108478 0.98997 -0.00565684 -0.993978 -0.109434 2.89278 6.63645 1.76167</i>
                        <i>0.995151 -0.0117275 0.0976604 -0.0973803 0.0224637 0.994994 -0.0138626 -0.999679 0.0212128 2.88627 6.72815 1.76662</i>
                        <i>0.995152 -0.000330869 0.0983474 -0.0884337 0.434542 0.8963 -0.0430326 -0.900652 0.432406 2.88594 6.93191 1.71827</i>
                        <i>0.99571 0.0102636 0.0919593 -0.0605424 0.823835 0.563588 -0.0699748 -0.566737 0.820922 2.89285 7.13527 1.57785</i>
                        <i>0.996532 0.0173486 0.0813816 -0.0318987 0.982954 0.181063 -0.0768531 -0.183031 0.980099 2.90096 7.25856 1.40884</i>
                        <i>0.997331 0.0200981 0.0701964 -0.0232329 0.998756 0.04413 -0.0692221 -0.0456431 0.996557 2.90333 7.32008 1.31546</i>
                        <i>0.997897 0.019857 0.061707 -0.0263253 0.994034 0.105845 -0.0592371 -0.107247 0.992466 2.90233 7.35395 1.29525</i>
                        <i>0.998108 0.0192205 0.0584028 -0.0289015 0.985065 0.169742 -0.0542681 -0.171108 0.983757 2.90158 7.36324 1.29936</i>
                        <i>0.998108 0.0192205 0.0584028 -0.0289015 0.985065 0.169742 -0.0542681 -0.171108 0.983757 2.90158 7.36324 1.29936</i>
                        <i>0.998108 0.0192205 0.0584028 -0.0289015 0.985065 0.169742 -0.0542681 -0.171108 0.983757 2.90158 7.36324 1.29936</i>
                        <i>0.998108 0.0192205 0.0584028 -0.0289015 0.985065 0.169742 -0.0542681 -0.171108 0.983757 2.90158 7.36324 1.29936</i>
                        <i>0.998108 0.0192205 0.0584028 -0.0289015 0.985065 0.169742 -0.0542681 -0.171108 0.983757 2.90158 7.36324 1.29936</i>
                        <i>0.998108 0.0192205 0.0584028 -0.0289015 0.985065 0.169742 -0.0542681 -0.171108 0.983757 2.90158 7.36324 1.29936</i>
                        <i>0.998108 0.0192205 0.0584028 -0.0289015 0.985065 0.169742 -0.0542681 -0.171108 0.983757 2.90158 7.36324 1.29936</i>
                        <i>0.998108 0.0192205 0.0584028 -0.0289015 0.985065 0.169742 -0.0542681 -0.171108 0.983757 2.90158 7.36324 1.29936</i>
                        <i>0.998108 0.0192205 0.0584028 -0.0289015 0.985065 0.169742 -0.0542681 -0.171108 0.983757 2.90158 7.36324 1.29936</i>
                        <i>0.998108 0.0192205 0.0584028 -0.0289015 0.985065 0.169742 -0.0542681 -0.171108 0.983757 2.90158 7.36324 1.29936</i>
                        <i>0.998108 0.0192205 0.0584028 -0.0289015 0.985065 0.169742 -0.0542681 -0.171108 0.983757 2.90158 7.36324 1.29936</i>
                    </KeyFrames>
                </p>
            </i>
            <i>
                <p>
                    <Name><![CDATA[l_clav]]></Name>
                    <Exclude>0</Exclude>
                    <Additive>0</Additive>
                    <IKPriority>0</IKPriority>
                    <IKRotLimits>-1e+010 -1e+010 -1e+010 1e+010 1e+010 1e+010</IKRotLimits>
                    <IKRotLimitOrder>0</IKRotLimitOrder>
                    <KeyFrames count="40">
                        <i>0.933015 0.356496 0.0489291 -0.324091 0.773438 0.544755 0.156359 -0.524122 0.837166 2.99868 6.87675 1.13111</i>
                        <i>0.837777 0.54387 -0.048321 -0.458462 0.748749 0.478736 0.29655 -0.378921 0.876628 2.9998 6.85475 1.17344</i>
                        <i>0.705572 0.697567 -0.12477 -0.59198 0.676993 0.437309 0.389521 -0.234692 0.890614 3.00109 6.81679 1.21614</i>
                        <i>0.720696 0.690778 -0.0585111 -0.556897 0.627143 0.544571 0.412873 -0.359886 0.836671 2.99878 6.80198 1.18681</i>
                        <i>0.761322 0.648083 -0.0194454 -0.484926 0.589053 0.646424 0.43039 -0.482707 0.762731 2.9958 6.78508 1.12211</i>
                        <i>0.793107 0.607638 -0.041934 -0.439213 0.618256 0.651807 0.421988 -0.498534 0.757225 3.00185 6.73744 1.07148</i>
                        <i>0.762512 0.630206 -0.146341 -0.475253 0.699085 0.534243 0.438988 -0.337817 0.832568 3.00782 6.65376 1.06722</i>
                        <i>0.686701 0.65911 -0.306619 -0.574385 0.750491 0.326871 0.445559 -0.0483449 0.893946 3.00276 6.54172 1.0867</i>
                        <i>0.62704 0.611411 -0.482698 -0.670182 0.739273 0.0658151 0.397086 0.282227 0.87331 2.99073 6.81452 1.0974</i>
                        <i>0.630369 0.503217 -0.591107 -0.678368 0.727284 -0.104281 0.377426 0.466724 0.799824 2.99351 7.05589 1.09147</i>
                        <i>0.672857 0.515693 -0.5304 -0.600407 0.79954 0.0157033 0.432174 0.30789 0.847602 3.00897 7.22557 1.09844</i>
                        <i>0.738543 0.586752 -0.332079 -0.500982 0.807223 0.312102 0.451188 -0.064135 0.890121 3.01394 7.32471 1.1059</i>
                        <i>0.786773 0.586314 -0.192934 -0.446316 0.75631 0.478327 0.426368 -0.290225 0.856726 3.00401 7.34683 1.08974</i>
                        <i>0.814517 0.528011 -0.240347 -0.418643 0.821768 0.38657 0.401622 -0.214248 0.890392 2.99318 7.2903 1.04681</i>
                        <i>0.834072 0.424554 -0.352247 -0.394572 0.905366 0.156925 0.385536 0.00810017 0.922657 2.98893 7.17242 1.00084</i>
