<?xml version="1.0" encoding="ISO-8859-1" ?>
<Animl Version="1">
    <ModellingPackage><![CDATA[Maya.2010]]></ModellingPackage>
    <SrcFile><![CDATA[anims\turrets\artillery\blue\~src\artillery_m270\artillery_m270_aim_random_crewman_b.mb]]></SrcFile>
    <FramesPerSecond>30</FramesPerSecond>
    <TotalFrames>60</TotalFrames>
    <Skeleton>
        <RefFrame>
            <Name><![CDATA[soldier_ref_frame]]></Name>
            <Exclude>0</Exclude>
            <Additive>0</Additive>
            <IKPriority>0</IKPriority>
            <IKRotLimits>-1e+010 -1e+010 -1e+010 1e+010 1e+010 1e+010</IKRotLimits>
            <IKRotLimitOrder>0</IKRotLimitOrder>
            <KeyFrames count="60">
                <i>1 0 0 0 1 0 0 0 1 2.92 5.4 0.95</i>
                <i>1 0 0 0 1 0 0 0 1 2.92 5.4 0.95</i>
                <i>1 0 0 0 1 0 0 0 1 2.92 5.4 0.95</i>
                <i>1 0 0 0 1 0 0 0 1 2.92 5.4 0.95</i>
                <i>1 0 0 0 1 0 0 0 1 2.92 5.4 0.95</i>
                <i>1 0 0 0 1 0 0 0 1 2.92 5.4 0.95</i>
                <i>1 0 0 0 1 0 0 0 1 2.92 5.4 0.95</i>
                <i>1 0 0 0 1 0 0 0 1 2.92 5.4 0.95</i>
                <i>1 0 0 0 1 0 0 0 1 2.92 5.4 0.95</i>
                <i>1 0 0 0 1 0 0 0 1 2.92 5.4 0.95</i>
                <i>1 0 0 0 1 0 0 0 1 2.92 5.4 0.95</i>
                <i>1 0 0 0 1 0 0 0 1 2.92 5.4 0.95</i>
                <i>1 0 0 0 1 0 0 0 1 2.92 5.4 0.95</i>
                <i>1 0 0 0 1 0 0 0 1 2.92 5.4 0.95</i>
                <i>1 0 0 0 1 0 0 0 1 2.92 5.4 0.95</i>
                <i>1 0 0 0 1 0 0 0 1 2.92 5.4 0.95</i>
                <i>1 0 0 0 1 0 0 0 1 2.92 5.4 0.95</i>
                <i>1 0 0 0 1 0 0 0 1 2.92 5.4 0.95</i>
                <i>1 0 0 0 1 0 0 0 1 2.92 5.4 0.95</i>
                <i>1 0 0 0 1 0 0 0 1 2.92 5.4 0.95</i>
                <i>1 0 0 0 1 0 0 0 1 2.92 5.4 0.95</i>
                <i>1 0 0 0 1 0 0 0 1 2.92 5.4 0.95</i>
                <i>1 0 0 0 1 0 0 0 1 2.92 5.4 0.95</i>
                <i>1 0 0 0 1 0 0 0 1 2.92 5.4 0.95</i>
                <i>1 0 0 0 1 0 0 0 1 2.92 5.4 0.95</i>
                <i>1 0 0 0 1 0 0 0 1 2.92 5.4 0.95</i>
                <i>1 0 0 0 1 0 0 0 1 2.92 5.4 0.95</i>
                <i>1 0 0 0 1 0 0 0 1 2.92 5.4 0.95</i>
                <i>1 0 0 0 1 0 0 0 1 2.92 5.4 0.95</i>
                <i>1 0 0 0 1 0 0 0 1 2.92 5.4 0.95</i>
                <i>1 0 0 0 1 0 0 0 1 2.92 5.4 0.95</i>
                <i>1 0 0 0 1 0 0 0 1 2.92 5.4 0.95</i>
                <i>1 0 0 0 1 0 0 0 1 2.92 5.4 0.95</i>
                <i>1 0 0 0 1 0 0 0 1 2.92 5.4 0.95</i>
                <i>1 0 0 0 1 0 0 0 1 2.92 5.4 0.95</i>
                <i>1 0 0 0 1 0 0 0 1 2.92 5.4 0.95</i>
                <i>1 0 0 0 1 0 0 0 1 2.92 5.4 0.95</i>
                <i>1 0 0 0 1 0 0 0 1 2.92 5.4 0.95</i>
                <i>1 0 0 0 1 0 0 0 1 2.92 5.4 0.95</i>
                <i>1 0 0 0 1 0 0 0 1 2.92 5.4 0.95</i>
                <i>1 0 0 0 1 0 0 0 1 2.92 5.4 0.95</i>
                <i>1 0 0 0 1 0 0 0 1 2.92 5.4 0.95</i>
                <i>1 0 0 0 1 0 0 0 1 2.92 5.4 0.95</i>
                <i>1 0 0 0 1 0 0 0 1 2.92 5.4 0.95</i>
                <i>1 0 0 0 1 0 0 0 1 2.92 5.4 0.95</i>
                <i>1 0 0 0 1 0 0 0 1 2.92 5.4 0.95</i>
                <i>1 0 0 0 1 0 0 0 1 2.92 5.4 0.95</i>
                <i>1 0 0 0 1 0 0 0 1 2.92 5.4 0.95</i>
                <i>1 0 0 0 1 0 0 0 1 2.92 5.4 0.95</i>
                <i>1 0 0 0 1 0 0 0 1 2.92 5.4 0.95</i>
                <i>1 0 0 0 1 0 0 0 1 2.92 5.4 0.95</i>
                <i>1 0 0 0 1 0 0 0 1 2.92 5.4 0.95</i>
                <i>1 0 0 0 1 0 0 0 1 2.92 5.4 0.95</i>
                <i>1 0 0 0 1 0 0 0 1 2.92 5.4 0.95</i>
                <i>1 0 0 0 1 0 0 0 1 2.92 5.4 0.95</i>
                <i>1 0 0 0 1 0 0 0 1 2.92 5.4 0.95</i>
                <i>1 0 0 0 1 0 0 0 1 2.92 5.4 0.95</i>
                <i>1 0 0 0 1 0 0 0 1 2.92 5.4 0.95</i>
                <i>1 0 0 0 1 0 0 0 1 2.92 5.4 0.95</i>
                <i>1 0 0 0 1 0 0 0 1 2.92 5.4 0.95</i>
            </KeyFrames>
        </RefFrame>
        <Bones count="23">
            <i>
                <p>
                    <Name><![CDATA[pelvis]]></Name>
                    <Exclude>0</Exclude>
                    <Additive>0</Additive>
                    <IKPriority>0</IKPriority>
                    <IKRotLimits>-1e+010 -1e+010 -1e+010 1e+010 1e+010 1e+010</IKRotLimits>
                    <IKRotLimitOrder>2</IKRotLimitOrder>
                    <KeyFrames count="60">
                        <i>1 0 0 0 1 0 0 0 1 2.92034 6.40087 0.987897</i>
                        <i>1 0 0 0 1 0 0 0 1 2.91719 6.40617 1.00101</i>
                        <i>1 0 0 0 1 0 0 0 1 2.90966 6.41874 1.03333</i>
                        <i>1 0 0 0 1 0 0 0 1 2.90068 6.43358 1.07429</i>
                        <i>1 0 0 0 1 0 0 0 1 2.89316 6.44566 1.11337</i>
                        <i>1 0 0 0 1 0 0 0 1 2.89 6.45 1.14</i>
                        <i>1 0 0 0 1 0 0 0 1 2.89444 6.44043 1.14951</i>
                        <i>1 0 0 0 1 0 0 0 1 2.90437 6.42069 1.14845</i>
                        <i>1 0 0 0 1 0 0 0 1 2.9147 6.4006 1.14317</i>
                        <i>1 0 0 0 1 0 0 0 1 2.92034 6.39 1.14</i>
                        <i>1 0 0 0 1 0 0 0 1 2.92173 6.38786 1.14004</i>
                        <i>1 0 0 0 1 0 0 0 1 2.92274 6.38654 1.14014</i>
                        <i>1 0 0 0 1 0 0 0 1 2.92341 6.38594 1.14029</i>
                        <i>1 0 0 0 1 0 0 0 1 2.92378 6.38598 1.14047</i>
                        <i>1 0 0 0 1 0 0 0 1 2.92389 6.38656 1.14067</i>
                        <i>1 0 0 0 1 0 0 0 1 2.92379 6.38758 1.14087</i>
                        <i>1 0 0 0 1 0 0 0 1 2.92352 6.38894 1.14105</i>
                        <i>1 0 0 0 1 0 0 0 1 2.92312 6.39055 1.1412</i>
                        <i>1 0 0 0 1 0 0 0 1 2.92264 6.39232 1.1413</i>
                        <i>1 0 0 0 1 0 0 0 1 2.92211 6.39415 1.14134</i>
                        <i>1 0 0 0 1 0 0 0 1 2.92159 6.39595 1.1413</i>
                        <i>1 0 0 0 1 0 0 0 1 2.92111 6.39761 1.14116</i>
                        <i>1 0 0 0 1 0 0 0 1 2.92071 6.39905 1.1409</i>
                        <i>1 0 0 0 1 0 0 0 1 2.92044 6.40017 1.14052</i>
                        <i>1 0 0 0 1 0 0 0 1 2.92034 6.40087 1.14</i>
                        <i>1 0 0 0 1 0 0 0 1 2.92034 6.40126 1.13918</i>
                        <i>1 0 0 0 1 0 0 0 1 2.92034 6.40152 1.13799</i>
                        <i>1 0 0 0 1 0 0 0 1 2.92034 6.40167 1.1365</i>
                        <i>1 0 0 0 1 0 0 0 1 2.92034 6.40173 1.1348</i>
                        <i>1 0 0 0 1 0 0 0 1 2.92034 6.40173 1.13298</i>
                        <i>1 0 0 0 1 0 0 0 1 2.92034 6.40169 1.13111</i>
                        <i>1 0 0 0 1 0 0 0 1 2.92034 6.40163 1.1293</i>
                        <i>1 0 0 0 1 0 0 0 1 2.92034 6.40157 1.12761</i>
                        <i>1 0 0 0 1 0 0 0 1 2.92034 6.40154 1.12613</i>
                        <i>1 0 0 0 1 0 0 0 1 2.92034 6.40155 1.12495</i>
                        <i>1 0 0 0 1 0 0 0 1 2.92034 6.40158 1.12431</i>
                        <i>1 0 0 0 1 0 0 0 1 2.92034 6.40158 1.12423</i>
                        <i>1 0 0 0 1 0 0 0 1 2.92034 6.40157 1.12447</i>
                        <i>1 0 0 0 1 0 0 0 1 2.92034 6.40156 1.12479</i>
                        <i>1 0 0 0 1 0 0 0 1 2.92034 6.40155 1.12495</i>
                        <i>1 0 0 0 1 0 0 0 1 2.92052 6.4012 1.12557</i>
                        <i>1 0 0 0 1 0 0 0 1 2.92099 6.4003 1.12714</i>
                        <i>1 0 0 0 1 0 0 0 1 2.92161 6.3991 1.12927</i>
                        <i>1 0 0 0 1 0 0 0 1 2.92228 6.39781 1.13153</i>
                        <i>1 0 0 0 1 0 0 0 1 2.92287 6.39668 1.13351</i>
                        <i>1 0 0 0 1 0 0 0 1 2.92325 6.39594 1.13482</i>
                        <i>1 0 0 0 1 0 0 0 1 2.92331 6.39582 1.13502</i>
                        <i>1 0 0 0 1 0 0 0 1 2.92293 6.39656 1.13372</i>
                        <i>1 0 0 0 1 0 0 0 1 2.92198 6.3984 1.1305</i>
                        <i>1 0 0 0 1 0 0 0 1 2.92034 6.40155 1.12495</i>
                        <i>1 0 0 0 1 0 0 0 1 2.91589 6.41013 1.11556</i>
                        <i>1 0 0 0 1 0 0 0 1 2.9082 6.42496 1.10192</i>
                        <i>1 0 0 0 1 0 0 0 1 2.89971 6.44135 1.08527</i>
                        <i>1 0 0 0 1 0 0 0 1 2.89283 6.45459 1.06684</i>
                        <i>1 0 0 0 1 0 0 0 1 2.89 6.46 1.04786</i>
                        <i>1 0 0 0 1 0 0 0 1 2.89316 6.45381 1.02956</i>
                        <i>1 0 0 0 1 0 0 0 1 2.90068 6.43914 1.01318</i>
                        <i>1 0 0 0 1 0 0 0 1 2.90966 6.42165 0.999958</i>
                        <i>1 0 0 0 1 0 0 0 1 2.91719 6.40701 0.991118</i>
                        <i>1 0 0 0 1 0 0 0 1 2.92034 6.40087 0.987897</i>
                    </KeyFrames>
                </p>
            </i>
            <i>
                <p>
                    <Name><![CDATA[spine0]]></Name>
                    <Exclude>0</Exclude>
                    <Additive>0</Additive>
                    <IKPriority>0</IKPriority>
                    <IKRotLimits>-1e+010 -1e+010 -1e+010 1e+010 1e+010 1e+010</IKRotLimits>
                    <IKRotLimitOrder>0</IKRotLimitOrder>
                    <KeyFrames count="60">
                        <i>-0.0325202 0.982828 0.181636 -0.998483 -0.0238695 -0.0496117 -0.0444242 -0.182974 0.982114 2.91409 6.54107 0.956247</i>
                        <i>-0.0307206 0.981635 0.188281 -0.998325 -0.0208944 -0.0539538 -0.0490289 -0.189623 0.980632 2.91106 6.54659 0.970342</i>
                        <i>-0.0270078 0.978307 0.205392 -0.997782 -0.0138782 -0.0650985 -0.0608358 -0.206695 0.976512 2.90376 6.55967 1.00504</i>
                        <i>-0.0239987 0.973215 0.228642 -0.996754 -0.00571364 -0.0803011 -0.0768439 -0.229827 0.970193 2.89497 6.57507 1.04894</i>
                        <i>-0.0240027 0.967031 0.253524 -0.995277 0.000745242 -0.0970714 -0.09406 -0.254657 0.962446 2.88746 6.58761 1.09065</i>
                        <i>-0.0286874 0.960878 0.275482 -0.993574 0.00277532 -0.113146 -0.109484 -0.276958 0.954624 2.88414 6.59217 1.11878</i>
                        <i>-0.039045 0.954799 0.294677 -0.991279 0.000134556 -0.131782 -0.125865 -0.297252 0.946467 2.88871 6.58256 1.12802</i>
                        <i>-0.0528044 0.94845 0.312496 -0.988112 -0.00438102 -0.153671 -0.14438 -0.316896 0.937407 2.89929 6.56262 1.12552</i>
                        <i>-0.0657706 0.942962 0.326339 -0.984937 -0.00893659 -0.172682 -0.159917 -0.332781 0.929346 2.91038 6.54228 1.11857</i>
                        <i>-0.0732803 0.939995 0.333226 -0.983065 -0.0118093 -0.182875 -0.167966 -0.340984 0.924942 2.91638 6.53152 1.11447</i>
                        <i>-0.0759874 0.939153 0.334988 -0.982414 -0.0130497 -0.186261 -0.170557 -0.343251 0.923628 2.91776 6.52934 1.11429</i>
                        <i>-0.0777806 0.93875 0.335707 -0.981923 -0.0138508 -0.188772 -0.17256 -0.344322 0.922857 2.91876 6.52799 1.11424</i>
                        <i>-0.0787529 0.938741 0.335506 -0.981585 -0.0142648 -0.190494 -0.174038 -0.344329 0.922577 2.91942 6.52738 1.11429</i>
                        <i>-0.0790049 0.939076 0.334505 -0.981385 -0.0143457 -0.191514 -0.175048 -0.343409 0.922729 2.91979 6.52741 1.11442</i>
                        <i>-0.0786424 0.939703 0.332827 -0.981308 -0.0141482 -0.191923 -0.175642 -0.341699 0.923251 2.9199 6.52798 1.11461</i>
                        <i>-0.0777738 0.940564 0.330591 -0.981336 -0.0137268 -0.191812 -0.175873 -0.339339 0.924077 2.91981 6.529 1.11483</i>
                        <i>-0.0765088 0.941603 0.327919 -0.98145 -0.0131358 -0.191269 -0.175792 -0.33647 0.925141 2.91954 6.53038 1.11506</i>
                        <i>-0.0749564 0.942764 0.324928 -0.98163 -0.0124285 -0.190388 -0.175452 -0.33323 0.926377 2.91915 6.532 1.11527</i>
                        <i>-0.073224 0.943993 0.321739 -0.981858 -0.011657 -0.189257 -0.174907 -0.32976 0.927721 2.91867 6.53379 1.11546</i>
                        <i>-0.0714164 0.945239 0.31847 -0.982115 -0.010872 -0.187969 -0.174213 -0.326198 0.92911 2.91815 6.53563 1.11558</i>
                        <i>-0.0696359 0.946454 0.31524 -0.982381 -0.010123 -0.186614 -0.17343 -0.322681 0.930483 2.91763 6.53744 1.11562</i>
                        <i>-0.0679815 0.947591 0.312169 -0.98264 -0.00945808 -0.185281 -0.172618 -0.319345 0.931784 2.91715 6.53912 1.11555</i>
                        <i>-0.0665498 0.948608 0.309376 -0.982874 -0.00892474 -0.184061 -0.17184 -0.316327 0.932957 2.91676 6.54057 1.11535</i>
                        <i>-0.0654356 0.949462 0.306984 -0.983068 -0.00856968 -0.183042 -0.171161 -0.313764 0.933947 2.91649 6.54169 1.115</i>
                        <i>-0.0647326 0.950113 0.305115 -0.983204 -0.00843953 -0.182314 -0.170644 -0.311792 0.934701 2.91638 6.54239 1.11447</i>
                        <i>-0.0643155 0.950678 0.303439 -0.983338 -0.00856643 -0.181585 -0.170029 -0.310062 0.935388 2.91637 6.54278 1.11362</i>
                        <i>-0.0639975 0.951277 0.301622 -0.983526 -0.00892081 -0.180547 -0.16906 -0.308207 0.936177 2.91636 6.54303 1.11239</i>
                        <i>-0.0637794 0.951875 0.299778 -0.983754 -0.00945666 -0.179272 -0.167809 -0.306342 0.937014 2.91634 6.54317 1.11084</i>
                        <i>-0.0636554 0.952435 0.29802 -0.98401 -0.0101229 -0.177827 -0.166352 -0.304574 0.937849 2.91632 6.54322 1.10909</i>
                        <i>-0.0636076 0.952927 0.296454 -0.98428 -0.0108598 -0.17628 -0.164763 -0.303007 0.938637 2.9163 6.54321 1.1072</i>
                        <i>-0.0636052 0.953323 0.295176 -0.984554 -0.0115975 -0.174698 -0.16312 -0.301729 0.939336 2.91627 6.54315 1.10527</i>
                        <i>-0.0636051 0.953603 0.294272 -0.98482 -0.0122571 -0.173143 -0.161503 -0.300818 0.939907 2.91625 6.54308 1.10339</i>
                        <i>-0.0635558 0.953746 0.29382 -0.98507 -0.012754 -0.17168 -0.159991 -0.300344 0.940317 2.91623 6.54301 1.10164</i>
                        <i>-0.0634042 0.953734 0.293891 -0.985294 -0.0130028 -0.170371 -0.158667 -0.300371 0.940533 2.91621 6.54297 1.10011</i>
                        <i>-0.0631034 0.953547 0.294561 -0.985483 -0.0129241 -0.169281 -0.157611 -0.300967 0.94052 2.9162 6.54297 1.09889</i>
                        <i>-0.0623248 0.952663 0.29757 -0.985627 -0.011843 -0.16852 -0.157019 -0.303796 0.939709 2.91619 6.543 1.09822</i>
                        <i>-0.0612572 0.950866 0.303482 -0.985717 -0.00984366 -0.168123 -0.156875 -0.309446 0.937888 2.91619 6.543 1.09814</i>
                        <i>-0.0605446 0.94862 0.310572 -0.985751 -0.00790351 -0.168027 -0.156939 -0.31632 0.935581 2.91619 6.54299 1.09839</i>
                        <i>-0.0604545 0.946511 0.316956 -0.985744 -0.0066632 -0.168117 -0.157013 -0.322601 0.933421 2.9162 6.54298 1.09872</i>
                        <i>-0.0608392 0.945257 0.320606 -0.985729 -0.00638882 -0.168219 -0.156962 -0.326265 0.932156 2.9162 6.54297 1.09889</i>
                        <i>-0.0617851 0.944763 0.321877 -0.985614 -0.00692406 -0.168868 -0.157312 -0.32768 0.9316 2.91639 6.54262 1.09952</i>
                        <i>-0.0633667 0.94442 0.322578 -0.985333 -0.00788827 -0.170462 -0.158443 -0.328648 0.931067 2.91687 6.54174 1.10116</i>
                        <i>-0.0653068 0.944208 0.322809 -0.984949 -0.009115 -0.172602 -0.16003 -0.329223 0.930593 2.91753 6.54055 1.10336</i>
                        <i>-0.0673288 0.944115 0.322666 -0.984533 -0.0104411 -0.174886 -0.161744 -0.329451 0.930216 2.91822 6.53928 1.1057</i>
                        <i>-0.0691153 0.944133 0.322237 -0.984159 -0.0116667 -0.176906 -0.163263 -0.329359 0.929983 2.91883 6.53816 1.10776</i>
                        <i>-0.0703026 0.944263 0.321597 -0.983907 -0.0125483 -0.178243 -0.164273 -0.328952 0.929949 2.91923 6.53743 1.10911</i>
                        <i>-0.0704472 0.944739 0.320165 -0.983858 -0.0128769 -0.178485 -0.164499 -0.327571 0.930396 2.9193 6.53731 1.10932</i>
                        <i>-0.0695145 0.945769 0.317313 -0.984075 -0.0128484 -0.177288 -0.163597 -0.324584 0.931601 2.9189 6.53804 1.10797</i>
                        <i>-0.0677487 0.94732 0.313041 -0.984603 -0.0128067 -0.174333 -0.16114 -0.320032 0.933602 2.91791 6.53985 1.10464</i>
                        <i>-0.0654317 0.949351 0.30733 -0.985475 -0.0131109 -0.169311 -0.156706 -0.313945 0.93642 2.9162 6.54297 1.09889</i>
                        <i>-0.0620946 0.952307 0.298756 -0.986876 -0.0138771 -0.160882 -0.149063 -0.304825 0.940671 2.91163 6.55149 1.08916</i>
                        <i>-0.0575305 0.956343 0.286527 -0.988772 -0.0149346 -0.148684 -0.137914 -0.291864 0.946465 2.90377 6.56622 1.07501</i>
                        <i>-0.0524157 0.960987 0.271582 -0.990865 -0.0162103 -0.133878 -0.124253 -0.276119 0.953058 2.89504 6.58247 1.05772</i>
                        <i>-0.0473406 0.965805 0.254911 -0.992903 -0.0176263 -0.117614 -0.109099 -0.25867 0.959785 2.8879 6.59556 1.03856</i>
                        <i>-0.0427565 0.970429 0.237568 -0.994702 -0.0190977 -0.101011 -0.0934869 -0.240628 0.966105 2.88478 6.6008 1.01881</i>
                        <i>-0.038952 0.974568 0.220679 -0.996156 -0.0205328 -0.0851537 -0.0784569 -0.223148 0.971622 2.88764 6.59444 0.99974</i>
                        <i>-0.0360553 0.978009 0.205423 -0.997231 -0.0218328 -0.0710863 -0.0650381 -0.207417 0.976088 2.89489 6.5796 0.982656</i>
                        <i>-0.0340651 0.980604 0.193014 -0.997947 -0.0228937 -0.0598167 -0.0542377 -0.194655 0.979371 2.90364 6.56198 0.968848</i>
                        <i>-0.0329077 0.982248 0.184679 -0.998351 -0.0236082 -0.0523301 -0.0470412 -0.186097 0.981405 2.911 6.54724 0.959613</i>
                        <i>-0.0325202 0.982828 0.181636 -0.998483 -0.0238695 -0.0496117 -0.0444242 -0.182974 0.982114 2.91409 6.54107 0.956247</i>
                    </KeyFrames>
                </p>
            </i>
            <i>
                <p>
                    <Name><![CDATA[spine1]]></Name>
                    <Exclude>0</Exclude>
                    <Additive>0</Additive>
                    <IKPriority>0</IKPriority>
                    <IKRotLimits>-1e+010 -1e+010 -1e+010 1e+010 1e+010 1e+010</IKRotLimits>
                    <IKRotLimitOrder>0</IKRotLimitOrder>
                    <KeyFrames count="60">
                        <i>0.0101969 0.876375 0.481521 -0.999873 0.0148527 -0.00585836 -0.012286 -0.4814 0.876415 2.9084 6.71305 0.988009</i>
                        <i>0.00921359 0.874061 0.485728 -0.999787 0.017027 -0.0116753 -0.0184754 -0.485517 0.874032 2.90568 6.71823 1.00324</i>
                        <i>0.00603932 0.867188 0.497944 -0.999388 0.0223959 -0.0268822 -0.0344639 -0.497477 0.866792 2.89905 6.73044 1.04087</i>
                        <i>0.000129279 0.855718 0.517442 -0.998418 0.0292092 -0.0480552 -0.0562357 -0.516617 0.854368 2.89078 6.74471 1.08878</i>
                        <i>-0.00906576 0.839418 0.543411 -0.996798 0.0355883 -0.0716036 -0.0794444 -0.54232 0.836408 2.88328 6.75615 1.13482</i>
                        <i>-0.0217482 0.817878 0.574981 -0.994803 0.0395174 -0.0938388 -0.0994704 -0.574033 0.812768 2.87913 6.76 1.16688</i>
                        <i>-0.0398871 0.784443 0.618917 -0.992229 0.0419662 -0.117136 -0.11786 -0.618779 0.776673 2.88184 6.7505 1.17982</i>
                        <i>-0.0625632 0.740307 0.669352 -0.988731 0.0454189 -0.142649 -0.136005 -0.670733 0.729123 2.8899 6.73133 1.18106</i>
                        <i>-0.0835947 0.699271 0.709953 -0.985103 0.0494538 -0.164702 -0.150281 -0.713144 0.684719 2.89855 6.71195 1.17724</i>
                        <i>-0.0956057 0.677351 0.729421 -0.982753 0.0522984 -0.177375 -0.158293 -0.733799 0.660668 2.90312 6.70178 1.17477</i>
                        <i>-0.0999117 0.671846 0.733922 -0.981662 0.0537963 -0.182884 -0.162352 -0.738735 0.65415 2.90398 6.6998 1.17503</i>
                        <i>-0.10287 0.66901 0.7361 -0.980704 0.0554644 -0.187463 -0.166242 -0.741181 0.650395 2.90463 6.69863 1.1752</i>
                        <i>-0.104614 0.668529 0.736291 -0.979881 0.0572414 -0.191197 -0.169967 -0.74148 0.649091 2.9051 6.69819 1.17527</i>
                        <i>-0.105284 0.670073 0.734791 -0.979188 0.05907 -0.194169 -0.173512 -0.739942 0.649908 2.90542 6.69837 1.17525</i>
                        <i>-0.105029 0.673301 0.731871 -0.978618 0.0608979 -0.196463 -0.176848 -0.736857 0.652508 2.90559 6.69909 1.17514</i>
                        <i>-0.104002 0.67787 0.727788 -0.978163 0.0626787 -0.19816 -0.179944 -0.732505 0.656549 2.90566 6.70025 1.17495</i>
                        <i>-0.102358 0.683438 0.722796 -0.977814 0.0643723 -0.19934 -0.182764 -0.727164 0.661687 2.90563 6.70174 1.17467</i>
                        <i>-0.100256 0.689669 0.717151 -0.977558 0.065945 -0.200078 -0.18528 -0.721116 0.66758 2.90553 6.70348 1.17431</i>
                        <i>-0.0978525 0.69623 0.711118 -0.977385 0.0673693 -0.200451 -0.187467 -0.71465 0.673892 2.90537 6.70538 1.17387</i>
                        <i>-0.0953041 0.702801 0.704974 -0.977281 0.0686235 -0.200529 -0.18931 -0.708069 0.680294 2.90519 6.70732 1.17336</i>
                        <i>-0.0927656 0.70907 0.69901 -0.977236 0.0696912 -0.200383 -0.190801 -0.701686 0.686464 2.905 6.70924 1.17277</i>
                        <i>-0.090389 0.714735 0.69353 -0.977235 0.0705604 -0.200083 -0.191942 -0.695827 0.692086 2.90483 6.71102 1.17211</i>
                        <i>-0.0883238 0.719501 0.688852 -0.977266 0.071222 -0.199695 -0.192742 -0.69083 0.696854 2.9047 6.71257 1.17139</i>
                        <i>-0.0867167 0.723081 0.685298 -0.977317 0.0716687 -0.199288 -0.193216 -0.687035 0.700465 2.90464 6.71381 1.17059</i>
                        <i>-0.0857128 0.725188 0.683195 -0.977373 0.0718933 -0.198932 -0.19338 -0.684787 0.702617 2.90466 6.71464 1.16973</i>
                        <i>-0.0850655 0.725974 0.682441 -0.97763 0.0714209 -0.197837 -0.192365 -0.684003 0.703658 2.90472 6.7152 1.1686</i>
                        <i>-0.0844333 0.725889 0.68261 -0.978224 0.0699694 -0.195404 -0.189603 -0.684244 0.704174 2.90476 6.71566 1.16706</i>
                        <i>-0.0838166 0.725079 0.683546 -0.979052 0.0678149 -0.191987 -0.18556 -0.685318 0.704206 2.90477 6.71605 1.16523</i>
                        <i>-0.0832135 0.72369 0.68509 -0.980012 0.0652307 -0.187942 -0.180701 -0.687035 0.703797 2.90476 6.71635 1.1632</i>
                        <i>-0.08262 0.721863 0.687087 -0.981009 0.062492 -0.183618 -0.175485 -0.689209 0.702991 2.90474 6.71659 1.16107</i>
                        <i>-0.0820306 0.719736 0.689384 -0.98196 0.0598787 -0.179359 -0.170371 -0.691661 0.70184 2.9047 6.71675 1.15896</i>
                        <i>-0.0814392 0.717449 0.691834 -0.982788 0.0576765 -0.175501 -0.165816 -0.694219 0.700404 2.90467 6.71685 1.15695</i>
                        <i>-0.0808407 0.715142 0.694289 -0.983429 0.0561768 -0.172371 -0.162273 -0.696718 0.69875 2.90466 6.7169 1.15514</i>
                        <i>-0.0802327 0.712955 0.696604 -0.983819 0.0556753 -0.170295 -0.160197 -0.698996 0.696952 2.90466 6.71689 1.15363</i>
                        <i>-0.0796177 0.711036 0.698634 -0.983894 0.0564685 -0.169597 -0.160041 -0.700885 0.695088 2.9047 6.71683 1.15253</i>
                        <i>-0.0789402 0.70856 0.701222 -0.983004 0.0616254 -0.172932 -0.165746 -0.702955 0.691652 2.90485 6.71649 1.15235</i>
                        <i>-0.0782948 0.705231 0.704641 -0.980922 0.071661 -0.180714 -0.177941 -0.705347 0.686166 2.90507 6.71576 1.15321</i>
                        <i>-0.077866 0.701999 0.707908 -0.978286 0.0830003 -0.189914 -0.192076 -0.707324 0.680293 2.90523 6.71487 1.1546</i>
                        <i>-0.0776894 0.699792 0.71011 -0.975978 0.092035 -0.197474 -0.203546 -0.708393 0.675831 2.90528 6.71404 1.15594</i>
                        <i>-0.0776617 0.699474 0.710425 -0.975101 0.0951723 -0.200301 -0.207718 -0.708292 0.674667 2.90523 6.71353 1.15668</i>
                        <i>-0.0783261 0.700194 0.709643 -0.975876 0.0916629 -0.198154 -0.203794 -0.708044 0.676122 2.90526 6.71299 1.15751</i>
                        <i>-0.0800109 0.700688 0.708968 -0.977466 0.0842303 -0.193559 -0.195341 -0.708479 0.678159 2.90546 6.71203 1.15927</i>
                        <i>-0.0822661 0.701165 0.708237 -0.979427 0.0745143 -0.187537 -0.184268 -0.709095 0.68061 2.90576 6.71086 1.16153</i>
                        <i>-0.0846409 0.701848 0.70728 -0.981367 0.064164 -0.181112 -0.172495 -0.709431 0.68334 2.90608 6.70965 1.16387</i>
                        <i>-0.086669 0.70297 0.705919 -0.982984 0.0548543 -0.175311 -0.161961 -0.709101 0.686254 2.90636 6.70861 1.16587</i>
                        <i>-0.0878676 0.704776 0.703967 -0.98406 0.0482747 -0.171158 -0.154612 -0.707785 0.6893 2.90655 6.70792 1.16711</i>
                        <i>-0.0877323 0.707768 0.700976 -0.984439 0.045955 -0.16961 -0.152258 -0.704949 0.692722 2.90659 6.70788 1.16706</i>
                        <i>-0.086011 0.712429 0.696453 -0.984461 0.0466428 -0.169293 -0.153094 -0.700192 0.697348 2.90636 6.70875 1.16519</i>
                        <i>-0.082614 0.71897 0.690114 -0.984669 0.0478625 -0.167739 -0.15363 -0.693391 0.703993 2.9057 6.71072 1.16104</i>
                        <i>-0.0774964 0.727584 0.681627 -0.985588 0.047206 -0.162443 -0.150368 -0.684392 0.71344 2.90442 6.71398 1.15419</i>
                        <i>-0.0695264 0.740055 0.668943 -0.987453 0.0442532 -0.151588 -0.141787 -0.671089 0.727693 2.90048 6.72265 1.1428</i>
                        <i>-0.0585206 0.756939 0.65086 -0.98989 0.0403829 -0.135968 -0.129203 -0.652237 0.746923 2.89346 6.73757 1.1263</i>
                        <i>-0.0458824 0.776578 0.628348 -0.992487 0.0359807 -0.116941 -0.113422 -0.628993 0.769092 2.88569 6.75403 1.10616</i>
                        <i>-0.0329026 0.797376 0.602585 -0.994897 0.0314094 -0.0958866 -0.0953845 -0.602665 0.792273 2.87949 6.76729 1.08385</i>
                        <i>-0.0206626 0.817858 0.575049 -0.996877 0.0269914 -0.074208 -0.076213 -0.574786 0.814747 2.87721 6.77267 1.06085</i>
                        <i>-0.00997029 0.836724 0.547535 -0.998313 0.022996 -0.0533204 -0.0572055 -0.547142 0.835083 2.88077 6.76639 1.03865</i>
                        <i>-0.00134074 0.852871 0.522121 -0.999207 0.0196355 -0.0346399 -0.0397954 -0.521753 0.852168 2.88855 6.7516 1.01875</i>
                        <i>0.00496678 0.865386 0.501081 -0.999663 0.0170714 -0.0195741 -0.0254933 -0.500815 0.865179 2.89766 6.73398 1.00268</i>
                        <i>0.00884917 0.873482 0.486776 -0.999836 0.0154336 -0.0095182 -0.0158267 -0.486612 0.873475 2.90524 6.71923 0.991927</i>
                        <i>0.0101969 0.876375 0.481521 -0.999873 0.0148527 -0.00585836 -0.012286 -0.4814 0.876415 2.9084 6.71305 0.988009</i>
                    </KeyFrames>
                </p>
            </i>
            <i>
                <p>
                    <Name><![CDATA[spine2]]></Name>
                    <Exclude>0</Exclude>
                    <Additive>0</Additive>
                    <IKPriority>0</IKPriority>
                    <IKRotLimits>-1e+010 -1e+010 -1e+010 1e+010 1e+010 1e+010</IKRotLimits>
                    <IKRotLimitOrder>0</IKRotLimitOrder>
                    <KeyFrames count="60">
                        <i>0.0118665 0.703454 0.710642 -0.999646 -0.00857611 0.0251817 0.0238087 -0.710689 0.703103 2.91008 6.85403 1.06558</i>
                        <i>0.00351129 0.701833 0.712333 -0.999838 -0.0100996 0.0148792 0.017637 -0.71227 0.701684 2.9072 6.85872 1.08143</i>
                        <i>-0.0176212 0.696027 0.717799 -0.999844 -0.0133019 -0.0116466 0.00144169 -0.717892 0.696153 2.90005 6.8696 1.12089</i>
                        <i>-0.0457655 0.684556 0.727522 -0.998731 -0.0160328 -0.0477401 -0.0210166 -0.728784 0.684421 2.89082 6.88183 1.1718</i>
                        <i>-0.0752435 0.665787 0.742338 -0.996136 -0.0163634 -0.0862924 -0.0453051 -0.745963 0.664445 2.88184 6.89063 1.22199</i>
                        <i>-0.100336 0.637856 0.763592 -0.992732 -0.0129197 -0.119652 -0.0664556 -0.770048 0.634516 2.87564 6.8913 1.25931</i>
                        <i>-0.118567 0.590081 0.79859 -0.989252 -0.000891963 -0.146215 -0.0855667 -0.807344 0.583845 2.87538 6.87725 1.28</i>
                        <i>-0.133116 0.525987 0.840011 -0.98566 0.0184296 -0.167737 -0.103708 -0.850293 0.515991 2.87964 6.85224 1.29062</i>
                        <i>-0.144671 0.466806 0.872446 -0.982462 0.0370565 -0.182742 -0.117635 -0.883583 0.453259 2.88469 6.8274 1.29477</i>
                        <i>-0.152049 0.435195 0.887404 -0.98032 0.0479729 -0.191496 -0.12591 -0.899057 0.419336 2.88715 6.81431 1.29631</i>
                        <i>-0.1563 0.42688 0.890699 -0.978969 0.0527483 -0.19707 -0.131108 -0.902769 0.409658 2.88726 6.81163 1.29757</i>
                        <i>-0.159595 0.422224 0.892332 -0.977713 0.0572958 -0.201976 -0.136406 -0.904679 0.403669 2.88738 6.81015 1.29828</i>
                        <i>-0.162013 0.420764 0.892586 -0.976551 0.061593 -0.206289 -0.141776 -0.905077 0.400919 2.88754 6.80974 1.29851</i>
                        <i>-0.16364 0.422033 0.891689 -0.975482 0.0656134 -0.210072 -0.147164 -0.904203 0.400949 2.88773 6.81024 1.29831</i>
                        <i>-0.164565 0.425557 0.889843 -0.974507 0.0693298 -0.213379 -0.152497 -0.902272 0.403299 2.88795 6.81152 1.29774</i>
                        <i>-0.164882 0.430862 0.887227 -0.973626 0.072718 -0.216252 -0.157692 -0.899483 0.407508 2.88818 6.81343 1.29685</i>
                        <i>-0.164689 0.437474 0.884022 -0.972841 0.0757592 -0.218726 -0.16266 -0.896034 0.413116 2.88843 6.81582 1.29569</i>
                        <i>-0.164086 0.444922 0.880409 -0.972154 0.0784429 -0.220826 -0.167312 -0.892127 0.419661 2.88869 6.81855 1.29432</i>
                        <i>-0.163175 0.452738 0.876585 -0.971565 0.0807677 -0.222571 -0.171566 -0.887978 0.426685 2.88895 6.82147 1.2928</i>
                        <i>-0.162062 0.460458 0.872762 -0.971077 0.0827421 -0.223971 -0.175344 -0.883817 0.433731 2.8892 6.82444 1.29118</i>
                        <i>-0.160849 0.467622 0.86917 -0.970689 0.0843849 -0.225036 -0.178577 -0.879891 0.440343 2.88944 6.82732 1.28952</i>
                        <i>-0.15964 0.473774 0.866056 -0.970402 0.0857234 -0.225769 -0.181205 -0.876464 0.446066 2.88968 6.82998 1.28788</i>
                        <i>-0.158538 0.478462 0.863678 -0.970213 0.0867915 -0.226174 -0.183176 -0.873809 0.45045 2.8899 6.83229 1.28632</i>
                        <i>-0.157641 0.481232 0.862302 -0.970119 0.0876267 -0.226254 -0.184442 -0.872202 0.453039 2.8901 6.8341 1.2849</i>
                        <i>-0.157048 0.481632 0.862187 -0.970117 0.0882655 -0.226014 -0.184957 -0.871917 0.453377 2.89029 6.83529 1.2837</i>
                        <i>-0.156298 0.479019 0.863778 -0.970553 0.0878078 -0.224313 -0.183297 -0.873402 0.451189 2.89045 6.83602 1.28249</i>
                        <i>-0.154935 0.473521 0.867048 -0.971642 0.0856482 -0.2204 -0.178625 -0.876608 0.446823 2.89059 6.83655 1.28106</i>
                        <i>-0.153062 0.46583 0.871536 -0.973172 0.0822504 -0.214874 -0.171779 -0.881043 0.440743 2.8907 6.83689 1.27947</i>
                        <i>-0.150791 0.456642 0.876778 -0.974936 0.0780742 -0.208335 -0.163588 -0.886218 0.433424 2.89078 6.83706 1.2778</i>
                        <i>-0.14826 0.446661 0.882334 -0.976746 0.0735859 -0.201376 -0.154874 -0.891672 0.425365 2.89085 6.83709 1.27611</i>
                        <i>-0.145637 0.436607 0.887786 -0.978439 0.069265 -0.194573 -0.146444 -0.896982 0.417105 2.89091 6.837 1.27448</i>
                        <i>-0.143122 0.427209 0.892753 -0.979882 0.0656071 -0.188485 -0.139093 -0.90177 0.409225 2.89097 6.8368 1.27296</i>
                        <i>-0.140937 0.419211 0.896883 -0.980962 0.0631228 -0.183653 -0.133603 -0.905692 0.402334 2.89105 6.83651 1.27162</i>
                        <i>-0.139316 0.413364 0.899845 -0.981579 0.0623343 -0.180604 -0.130747 -0.90843 0.397065 2.89116 6.83615 1.27053</i>
                        <i>-0.138484 0.410423 0.901318 -0.981623 0.0637689 -0.179861 -0.131295 -0.909663 0.39405 2.8913 6.83576 1.26974</i>
                        <i>-0.139904 0.413977 0.899472 -0.97987 0.0727684 -0.1859 -0.142411 -0.907374 0.395463 2.89157 6.83486 1.26985</i>
                        <i>-0.14338 0.424759 0.89388 -0.975761 0.0902096 -0.19938 -0.165325 -0.900801 0.401529 2.89192 6.83331 1.27101</i>
                        <i>-0.146827 0.439183 0.886318 -0.970377 0.109842 -0.21518 -0.191858 -0.891658 0.410045 2.89217 6.83156 1.2726</i>
                        <i>-0.14886 0.453591 0.87869 -0.965498 0.125334 -0.228266 -0.213669 -0.882353 0.419284 2.89227 6.83008 1.27401</i>
                        <i>-0.14884 0.464364 0.873048 -0.963554 0.130356 -0.233605 -0.222285 -0.875999 0.428037 2.89224 6.82933 1.2746</i>
                        <i>-0.147694 0.470273 0.870075 -0.96521 0.123385 -0.230532 -0.215767 -0.873853 0.435689 2.89217 6.82883 1.27523</i>
                        <i>-0.146608 0.473267 0.868633 -0.968699 0.109139 -0.222961 -0.200322 -0.874132 0.442453 2.8921 6.82796 1.27687</i>
                        <i>-0.14553 0.474553 0.868113 -0.972907 0.0906834 -0.21267 -0.179646 -0.875543 0.448499 2.89204 6.8269 1.27905</i>
                        <i>-0.144402 0.475284 0.867902 -0.976907 0.071113 -0.201482 -0.15748 -0.876954 0.454039 2.89198 6.82586 1.2813</i>
                        <i>-0.143237 0.476548 0.867401 -0.980075 0.0535594 -0.191268 -0.137606 -0.877515 0.459382 2.89193 6.82505 1.28313</i>
                        <i>-0.142129 0.479373 0.866026 -0.982073 0.0411564 -0.183956 -0.123826 -0.876646 0.464929 2.89192 6.82468 1.28406</i>
                        <i>-0.141237 0.483488 0.863881 -0.982734 0.0368826 -0.181311 -0.119524 -0.874573 0.469931 2.89199 6.82513 1.28351</i>
                        <i>-0.139759 0.488685 0.861194 -0.982672 0.0384862 -0.181312 -0.121748 -0.871611 0.474838 2.89205 6.82674 1.28085</i>
                        <i>-0.136399 0.496053 0.857512 -0.982766 0.0412601 -0.180191 -0.124765 -0.867311 0.481876 2.89196 6.82972 1.27558</i>
                        <i>-0.129862 0.506663 0.852307 -0.983899 0.0406046 -0.17405 -0.122792 -0.861187 0.493233 2.89155 6.83427 1.26717</i>
                        <i>-0.118461 0.52256 0.844333 -0.986377 0.0358164 -0.160556 -0.114141 -0.85185 0.511198 2.88896 6.84475 1.25344</i>
                        <i>-0.102495 0.543895 0.832871 -0.989551 0.0296092 -0.141112 -0.101411 -0.838631 0.535177 2.8838 6.86209 1.23363</i>
                        <i>-0.0836766 0.568872 0.818158 -0.992841 0.0226377 -0.117282 -0.0852399 -0.822114 0.562905 2.87814 6.88134 1.20941</i>
                        <i>-0.0636564 0.595703 0.800678 -0.995756 0.0155162 -0.0907098 -0.0664596 -0.803055 0.592188 2.8741 6.89753 1.18247</i>
                        <i>-0.0439425 0.622635 0.781278 -0.997967 0.00877788 -0.0631256 -0.0461621 -0.782463 0.620983 2.87385 6.90575 1.15459</i>
                        <i>-0.0258404 0.647985 0.761215 -0.999335 0.00284215 -0.0363431 -0.0257133 -0.761648 0.647481 2.87917 6.90205 1.12758</i>
                        <i>-0.010419 0.670176 0.742129 -0.999923 -0.00200065 -0.0122316 -0.00671254 -0.7422 0.670145 2.88836 6.88944 1.10328</i>
                        <i>0.00147339 0.687738 0.725957 -0.999958 -0.00557963 0.00731537 0.00908163 -0.725937 0.687701 2.89849 6.8735 1.08359</i>
                        <i>0.00913404 0.699288 0.714782 -0.999761 -0.00780179 0.0204084 0.0198479 -0.714798 0.69905 2.9067 6.85982 1.0704</i>
                        <i>0.0118665 0.703454 0.710642 -0.999646 -0.00857611 0.0251817 0.0238087 -0.710689 0.703103 2.91008 6.85403 1.06558</i>
                    </KeyFrames>
                </p>
            </i>
            <i>
                <p>
                    <Name><![CDATA[head]]></Name>
                    <Exclude>0</Exclude>
                    <Additive>0</Additive>
                    <IKPriority>0</IKPriority>
                    <IKRotLimits>-1e+010 -1e+010 -1e+010 1e+010 1e+010 1e+010</IKRotLimits>
                    <IKRotLimitOrder>0</IKRotLimitOrder>
                    <KeyFrames count="60">
                        <i>-0.0289015 0.985065 0.169742 0.0542681 0.171108 -0.983757 -0.998108 -0.0192205 -0.0584028 2.911 7.0422 1.24404</i>
                        <i>-0.03765 0.979903 0.195888 0.126266 0.19912 -0.971807 -0.991282 -0.0118546 -0.131225 2.90557 7.0465 1.26016</i>
                        <i>-0.0698304 0.963212 0.259511 0.287577 0.268539 -0.91934 -0.955208 0.0104316 -0.29575 2.89205 7.05596 1.30061</i>
                        <i>-0.12417 0.935224 0.33157 0.453779 0.350687 -0.819209 -0.882421 0.0487383 -0.467929 2.87449 7.06544 1.35348</i>
                        <i>-0.167058 0.907635 0.385085 0.560942 0.408697 -0.719938 -0.810824 0.0957387 -0.577407 2.85702 7.06979 1.40697</i>
                        <i>-0.167785 0.888194 0.427738 0.610444 0.434303 -0.662374 -0.774084 0.149974 -0.615062 2.84394 7.06392 1.44954</i>
                        <i>-0.134454 0.861874 0.488973 0.637518 0.453008 -0.623181 -0.758613 0.22794 -0.610369 2.83936 7.03873 1.47987</i>
                        <i>-0.083065 0.822874 0.56212 0.65121 0.471795 -0.59442 -0.754338 0.316683 -0.575053 2.84078 6.99847 1.50272</i>
                        <i>-0.0328408 0.78152 0.623015 0.656214 0.487033 -0.576352 -0.75386 0.389903 -0.52884 2.84374 6.95916 1.51708</i>
                        <i>-0.000629715 0.757981 0.652276 0.660301 0.490175 -0.568973 -0.751001 0.43034 -0.500804 2.84474 6.93816 1.5236</i>
                        <i>0.0103546 0.754604 0.656099 0.666678 0.483817 -0.566977 -0.745274 0.443278 -0.498068 2.84379 6.93335 1.52605</i>
                        <i>0.011332 0.757603 0.652618 0.67257 0.477189 -0.565632 -0.739947 0.445341 -0.504133 2.8431 6.93067 1.52744</i>
                        <i>0.00798769 0.765565 0.643309 0.678274 0.468564 -0.566032 -0.734766 0.440861 -0.51552 2.84265 6.92985 1.5279</i>
                        <i>0.00594246 0.776845 0.629663 0.683869 0.456249 -0.56935 -0.729581 0.433991 -0.528549 2.84242 6.93064 1.52757</i>
                        <i>0.0107353 0.789721 0.613372 0.689145 0.438623 -0.576792 -0.724544 0.428894 -0.539523 2.84238 6.93278 1.52656</i>
                        <i>0.0276862 0.807701 0.588941 0.693892 0.408567 -0.592948 -0.719546 0.425078 -0.549146 2.84251 6.93599 1.52498</i>
                        <i>0.0521965 0.829084 0.556682 0.697501 0.368669 -0.614472 -0.71468 0.420359 -0.559044 2.84278 6.94 1.52295</i>
                        <i>0.074505 0.845963 0.52801 0.699595 0.332982 -0.632211 -0.710645 0.416496 -0.567023 2.84315 6.94455 1.52059</i>
                        <i>0.0845645 0.852746 0.515434 0.700964 0.31673 -0.639008 -0.708165 0.415338 -0.570961 2.84361 6.94937 1.518</i>
                        <i>0.0791299 0.848211 0.523713 0.702654 0.325202 -0.632868 -0.707118 0.418068 -0.570266 2.8441 6.9542 1.51532</i>
                        <i>0.0647141 0.836136 0.544692 0.704425 0.348343 -0.618419 -0.706822 0.423715 -0.566452 2.84462 6.95878 1.51268</i>
                        <i>0.0459467 0.81913 0.571765 0.705563 0.378572 -0.599053 -0.707156 0.43094 -0.560553 2.84512 6.96287 1.51021</i>
                        <i>0.027518 0.800486 0.598719 0.705573 0.408722 -0.578889 -0.708102 0.43837 -0.553555 2.84559 6.96622 1.50805</i>
                        <i>0.0141171 0.784487 0.619985 0.704306 0.432324 -0.563071 -0.709756 0.444608 -0.546416 2.84599 6.96858 1.50635</i>
                        <i>0.0103464 0.776134 0.630483 0.701804 0.443501 -0.557474 -0.712295 0.448243 -0.540105 2.8463 6.96971 1.50524</i>
                        <i>0.0305427 0.783899 0.620137 0.696465 0.428325 -0.575737 -0.71694 0.449488 -0.532876 2.84663 6.96954 1.50466</i>
