<?xml version="1.0" encoding="ISO-8859-1" ?>
<Animl Version="1">
    <ModellingPackage><![CDATA[Maya.2010]]></ModellingPackage>
    <SrcFile><![CDATA[anims\turrets\artillery\blue\~src\artillery_m270\artillery_m270_fire_crewman_a.mb]]></SrcFile>
    <FramesPerSecond>30</FramesPerSecond>
    <TotalFrames>40</TotalFrames>
    <Skeleton>
        <RefFrame>
            <Name><![CDATA[soldier_ref_frame]]></Name>
            <Exclude>0</Exclude>
            <Additive>0</Additive>
            <IKPriority>0</IKPriority>
            <IKRotLimits>-1e+010 -1e+010 -1e+010 1e+010 1e+010 1e+010</IKRotLimits>
            <IKRotLimitOrder>0</IKRotLimitOrder>
            <KeyFrames count="40">
                <i>1 0 0 0 1 0 0 0 1 3.55 1.33 -1.18</i>
                <i>1 0 0 0 1 0 0 0 1 3.55 1.33 -1.18</i>
                <i>1 0 0 0 1 0 0 0 1 3.55 1.33 -1.18</i>
                <i>1 0 0 0 1 0 0 0 1 3.55 1.33 -1.18</i>
                <i>1 0 0 0 1 0 0 0 1 3.55 1.33 -1.18</i>
                <i>1 0 0 0 1 0 0 0 1 3.55 1.33 -1.18</i>
                <i>1 0 0 0 1 0 0 0 1 3.55 1.33 -1.18</i>
                <i>1 0 0 0 1 0 0 0 1 3.55 1.33 -1.18</i>
                <i>1 0 0 0 1 0 0 0 1 3.55 1.33 -1.18</i>
                <i>1 0 0 0 1 0 0 0 1 3.55 1.33 -1.18</i>
                <i>1 0 0 0 1 0 0 0 1 3.55 1.33 -1.18</i>
                <i>1 0 0 0 1 0 0 0 1 3.55 1.33 -1.18</i>
                <i>1 0 0 0 1 0 0 0 1 3.55 1.33 -1.18</i>
                <i>1 0 0 0 1 0 0 0 1 3.55 1.33 -1.18</i>
                <i>1 0 0 0 1 0 0 0 1 3.55 1.33 -1.18</i>
                <i>1 0 0 0 1 0 0 0 1 3.55 1.33 -1.18</i>
                <i>1 0 0 0 1 0 0 0 1 3.55 1.33 -1.18</i>
                <i>1 0 0 0 1 0 0 0 1 3.55 1.33 -1.18</i>
                <i>1 0 0 0 1 0 0 0 1 3.55 1.33 -1.18</i>
                <i>1 0 0 0 1 0 0 0 1 3.55 1.33 -1.18</i>
                <i>1 0 0 0 1 0 0 0 1 3.55 1.33 -1.18</i>
                <i>1 0 0 0 1 0 0 0 1 3.55 1.33 -1.18</i>
                <i>1 0 0 0 1 0 0 0 1 3.55 1.33 -1.18</i>
                <i>1 0 0 0 1 0 0 0 1 3.55 1.33 -1.18</i>
                <i>1 0 0 0 1 0 0 0 1 3.55 1.33 -1.18</i>
                <i>1 0 0 0 1 0 0 0 1 3.55 1.33 -1.18</i>
                <i>1 0 0 0 1 0 0 0 1 3.55 1.33 -1.18</i>
                <i>1 0 0 0 1 0 0 0 1 3.55 1.33 -1.18</i>
                <i>1 0 0 0 1 0 0 0 1 3.55 1.33 -1.18</i>
                <i>1 0 0 0 1 0 0 0 1 3.55 1.33 -1.18</i>
                <i>1 0 0 0 1 0 0 0 1 3.55 1.33 -1.18</i>
                <i>1 0 0 0 1 0 0 0 1 3.55 1.33 -1.18</i>
                <i>1 0 0 0 1 0 0 0 1 3.55 1.33 -1.18</i>
                <i>1 0 0 0 1 0 0 0 1 3.55 1.33 -1.18</i>
                <i>1 0 0 0 1 0 0 0 1 3.55 1.33 -1.18</i>
                <i>1 0 0 0 1 0 0 0 1 3.55 1.33 -1.18</i>
                <i>1 0 0 0 1 0 0 0 1 3.55 1.33 -1.18</i>
                <i>1 0 0 0 1 0 0 0 1 3.55 1.33 -1.18</i>
                <i>1 0 0 0 1 0 0 0 1 3.55 1.33 -1.18</i>
                <i>1 0 0 0 1 0 0 0 1 3.55 1.33 -1.18</i>
            </KeyFrames>
        </RefFrame>
        <Bones count="23">
            <i>
                <p>
                    <Name><![CDATA[pelvis]]></Name>
                    <Exclude>0</Exclude>
                    <Additive>0</Additive>
                    <IKPriority>0</IKPriority>
                    <IKRotLimits>-1e+010 -1e+010 -1e+010 1e+010 1e+010 1e+010</IKRotLimits>
                    <IKRotLimitOrder>2</IKRotLimitOrder>
                    <KeyFrames count="40">
                        <i>1 0 0 0 1 0 0 0 1 3.54598 2.49292 -1.17634</i>
                        <i>1 0 0 0 1 0 0 0 1 3.54598 2.48616 -1.17634</i>
                        <i>1 0 0 0 1 0 0 0 1 3.54598 2.46941 -1.17634</i>
                        <i>1 0 0 0 1 0 0 0 1 3.54598 2.44799 -1.17634</i>
                        <i>1 0 0 0 1 0 0 0 1 3.54598 2.42721 -1.17634</i>
                        <i>1 0 0 0 1 0 0 0 1 3.54598 2.41237 -1.17634</i>
                        <i>1 0 0 0 1 0 0 0 1 3.54598 2.40206 -1.17634</i>
                        <i>1 0 0 0 1 0 0 0 1 3.54598 2.42228 -1.17634</i>
                        <i>1 0 0 0 1 0 0 0 1 3.54598 2.4979 -1.17634</i>
                        <i>1 0 0 0 1 0 0 0 1 3.54598 2.59762 -1.17634</i>
                        <i>1 0 0 0 1 0 0 0 1 3.54598 2.68365 -1.17634</i>
                        <i>1 0 0 0 1 0 0 0 1 3.54598 2.71818 -1.17634</i>
                        <i>1 0 0 0 1 0 0 0 1 3.54598 2.6851 -1.17634</i>
                        <i>1 0 0 0 1 0 0 0 1 3.54598 2.61033 -1.17634</i>
                        <i>1 0 0 0 1 0 0 0 1 3.54598 2.51906 -1.17634</i>
                        <i>1 0 0 0 1 0 0 0 1 3.54598 2.4365 -1.17634</i>
                        <i>1 0 0 0 1 0 0 0 1 3.54598 2.38786 -1.17634</i>
                        <i>1 0 0 0 1 0 0 0 1 3.54598 2.38181 -1.17634</i>
                        <i>1 0 0 0 1 0 0 0 1 3.54598 2.40155 -1.17634</i>
                        <i>1 0 0 0 1 0 0 0 1 3.54598 2.43407 -1.17634</i>
                        <i>1 0 0 0 1 0 0 0 1 3.54598 2.46635 -1.17634</i>
                        <i>1 0 0 0 1 0 0 0 1 3.54598 2.48539 -1.17634</i>
                        <i>1 0 0 0 1 0 0 0 1 3.54598 2.4919 -1.17634</i>
                        <i>1 0 0 0 1 0 0 0 1 3.54598 2.49566 -1.17634</i>
                        <i>1 0 0 0 1 0 0 0 1 3.54598 2.49724 -1.17634</i>
                        <i>1 0 0 0 1 0 0 0 1 3.54598 2.49724 -1.17634</i>
                        <i>1 0 0 0 1 0 0 0 1 3.54598 2.49622 -1.17634</i>
                        <i>1 0 0 0 1 0 0 0 1 3.54598 2.49478 -1.17634</i>
                        <i>1 0 0 0 1 0 0 0 1 3.54598 2.49348 -1.17634</i>
                        <i>1 0 0 0 1 0 0 0 1 3.54598 2.49292 -1.17634</i>
                        <i>1 0 0 0 1 0 0 0 1 3.54598 2.49292 -1.17634</i>
                        <i>1 0 0 0 1 0 0 0 1 3.54598 2.49292 -1.17634</i>
                        <i>1 0 0 0 1 0 0 0 1 3.54598 2.49292 -1.17634</i>
                        <i>1 0 0 0 1 0 0 0 1 3.54598 2.49292 -1.17634</i>
                        <i>1 0 0 0 1 0 0 0 1 3.54598 2.49292 -1.17634</i>
                        <i>1 0 0 0 1 0 0 0 1 3.54598 2.49292 -1.17634</i>
                        <i>1 0 0 0 1 0 0 0 1 3.54598 2.49292 -1.17634</i>
                        <i>1 0 0 0 1 0 0 0 1 3.54598 2.49292 -1.17634</i>
                        <i>1 0 0 0 1 0 0 0 1 3.54598 2.49292 -1.17634</i>
                        <i>1 0 0 0 1 0 0 0 1 3.54598 2.49292 -1.17634</i>
                    </KeyFrames>
                </p>
            </i>
            <i>
                <p>
                    <Name><![CDATA[spine0]]></Name>
                    <Exclude>0</Exclude>
                    <Additive>0</Additive>
                    <IKPriority>0</IKPriority>
                    <IKRotLimits>-1e+010 -1e+010 -1e+010 1e+010 1e+010 1e+010</IKRotLimits>
                    <IKRotLimitOrder>0</IKRotLimitOrder>
                    <KeyFrames count="40">
                        <i>0.00706553 0.999968 0.00363875 -0.807645 0.00785216 -0.589617 -0.589626 0.00122714 0.807675 3.57422 2.62858 -1.21503</i>
                        <i>-0.0140073 0.999808 0.0136716 -0.807712 -0.00325414 -0.589568 -0.589411 -0.019301 0.807603 3.57614 2.62062 -1.21766</i>
                        <i>-0.0527673 0.998117 0.0312751 -0.808606 -0.0243287 -0.587847 -0.58598 -0.0563084 0.808367 3.58067 2.6007 -1.22386</i>
                        <i>-0.0712383 0.996689 0.0391877 -0.810304 -0.0349167 -0.584968 -0.581663 -0.0734261 0.810109 3.58595 2.57488 -1.2311</i>
                        <i>-0.056178 0.998042 0.0274811 -0.811026 -0.0295635 -0.584263 -0.582307 -0.0551106 0.811099 3.59031 2.54986 -1.23707</i>
                        <i>-0.0176907 0.999815 -0.00753773 -0.81043 -0.0187541 -0.585536 -0.585569 -0.00424972 0.810612 3.59366 2.53136 -1.24165</i>
                        <i>0.0265084 0.998599 -0.045789 -0.808605 -0.00551174 -0.588326 -0.587754 0.0526208 0.807326 3.5955 2.51887 -1.24417</i>
                        <i>0.0650834 0.994962 -0.0762505 -0.806346 0.00742281 -0.591398 -0.587852 0.0999745 0.802767 3.59582 2.53868 -1.24462</i>
                        <i>0.0996628 0.98969 -0.102865 -0.804087 0.0192132 -0.594201 -0.586098 0.141932 0.797712 3.59613 2.61392 -1.24505</i>
                        <i>0.127384 0.984156 -0.123326 -0.801887 0.0290102 -0.59677 -0.583738 0.174913 0.792878 3.59702 2.71253 -1.24626</i>
                        <i>0.158791 0.97508 -0.154935 -0.800087 0.0351388 -0.598853 -0.578486 0.219054 0.785729 3.59841 2.79673 -1.24817</i>
                        <i>0.178167 0.967942 -0.177047 -0.799812 0.037644 -0.599069 -0.573199 0.248338 0.780879 3.59759 2.83235 -1.24704</i>
                        <i>0.165685 0.971867 -0.167398 -0.801898 0.0339665 -0.596495 -0.574028 0.233066 0.784966 3.59366 2.80409 -1.24165</i>
                        <i>0.133941 0.980513 -0.143715 -0.804764 0.0229947 -0.593149 -0.578286 0.195103 0.792162 3.58922 2.7341 -1.23557</i>
                        <i>0.103406 0.98638 -0.127914 -0.806926 0.00800398 -0.590599 -0.581531 0.164288 0.796763 3.58593 2.64596 -1.23107</i>
                        <i>0.0818344 0.988959 -0.123543 -0.808233 -0.00667804 -0.588825 -0.583149 0.148038 0.798763 3.5856 2.56371 -1.23061</i>
                        <i>0.0749967 0.988691 -0.12987 -0.809613 -0.0156609 -0.586755 -0.582153 0.149149 0.799283 3.59086 2.50993 -1.23783</i>
                        <i>0.061738 0.990689 -0.12134 -0.811706 -0.0209067 -0.583692 -0.580795 0.134528 0.802857 3.59867 2.49456 -1.24852</i>
                        <i>0.0300892 0.995974 -0.0844385 -0.813815 -0.0246372 -0.580601 -0.580344 0.0861872 0.809798 3.60421 2.50616 -1.25611</i>
                        <i>0.00131833 0.999206 -0.0398177 -0.813369 -0.0220924 -0.581328 -0.581747 0.0331529 0.812694 3.60485 2.53764 -1.25698</i>
                        <i>-0.00996172 0.999918 -0.00803335 -0.810593 -0.0127792 -0.585471 -0.585526 0.000679475 0.810654 3.6018 2.57467 -1.2528</i>
                        <i>-0.00425108 0.999983 0.00396314 -0.807894 -0.00109885 -0.589327 -0.589313 -0.00570708 0.807885 3.59883 2.59791 -1.24874</i>
                        <i>0.00892643 0.999949 0.00469044 -0.80587 0.00997083 -0.592008 -0.592025 0.00150463 0.805918 3.59593 2.60817 -1.24477</i>
                        <i>0.0175283 0.999825 0.00654709 -0.804946 0.0179954 -0.593075 -0.593089 0.00512555 0.80512 3.59236 2.61611 -1.23987</i>
                        <i>0.0197837 0.999767 0.00860931 -0.805178 0.0210367 -0.59266 -0.592703 0.004793 0.805407 3.58837 2.62185 -1.23441</i>
                        <i>0.0168102 0.999806 0.010276 -0.806008 0.019632 -0.591578 -0.591665 0.00166204 0.806182 3.58429 2.62559 -1.22882</i>
                        <i>0.0134467 0.999866 0.00930963 -0.806797 0.0163492 -0.590602 -0.590675 0.000430654 0.806909 3.58045 2.62767 -1.22356</i>
                        <i>0.0102628 0.999922 0.00707606 -0.807328 0.0124611 -0.589972 -0.590014 0.000342074 0.807393 3.57724 2.62851 -1.21917</i>
                        <i>0.00794216 0.999957 0.00474676 -0.80758 0.00921342 -0.589686 -0.589704 0.000849989 0.807619 3.57504 2.62864 -1.21615</i>
                        <i>0.00706553 0.999968 0.00363875 -0.807645 0.00785216 -0.589617 -0.589626 0.00122714 0.807675 3.57422 2.62858 -1.21503</i>
                        <i>0.00706553 0.999968 0.00363875 -0.807645 0.00785216 -0.589617 -0.589626 0.00122714 0.807675 3.57422 2.62858 -1.21503</i>
                        <i>0.00706553 0.999968 0.00363875 -0.807645 0.00785216 -0.589617 -0.589626 0.00122714 0.807675 3.57422 2.62858 -1.21503</i>
                        <i>0.00706553 0.999968 0.00363875 -0.807645 0.00785216 -0.589617 -0.589626 0.00122714 0.807675 3.57422 2.62858 -1.21503</i>
                        <i>0.00706553 0.999968 0.00363875 -0.807645 0.00785216 -0.589617 -0.589626 0.00122714 0.807675 3.57422 2.62858 -1.21503</i>
                        <i>0.00706553 0.999968 0.00363875 -0.807645 0.00785216 -0.589617 -0.589626 0.00122714 0.807675 3.57422 2.62858 -1.21503</i>
                        <i>0.00706553 0.999968 0.00363875 -0.807645 0.00785216 -0.589617 -0.589626 0.00122714 0.807675 3.57422 2.62858 -1.21503</i>
                        <i>0.00706553 0.999968 0.00363875 -0.807645 0.00785216 -0.589617 -0.589626 0.00122714 0.807675 3.57422 2.62858 -1.21503</i>
                        <i>0.00706553 0.999968 0.00363875 -0.807645 0.00785216 -0.589617 -0.589626 0.00122714 0.807675 3.57422 2.62858 -1.21503</i>
                        <i>0.00706553 0.999968 0.00363875 -0.807645 0.00785216 -0.589617 -0.589626 0.00122714 0.807675 3.57422 2.62858 -1.21503</i>
                        <i>0.00706553 0.999968 0.00363875 -0.807645 0.00785216 -0.589617 -0.589626 0.00122714 0.807675 3.57422 2.62858 -1.21503</i>
                    </KeyFrames>
                </p>
            </i>
            <i>
                <p>
                    <Name><![CDATA[spine1]]></Name>
                    <Exclude>0</Exclude>
                    <Additive>0</Additive>
                    <IKPriority>0</IKPriority>
                    <IKRotLimits>-1e+010 -1e+010 -1e+010 1e+010 1e+010 1e+010</IKRotLimits>
                    <IKRotLimitOrder>0</IKRotLimitOrder>
                    <KeyFrames count="40">
                        <i>-0.0293921 0.998311 0.0501131 -0.760856 0.0101694 -0.648841 -0.648254 -0.0571997 0.759272 3.57543 2.79977 -1.21441</i>
                        <i>-0.0568064 0.995184 0.079892 -0.759384 0.00888123 -0.650582 -0.648158 -0.097626 0.755222 3.57374 2.79227 -1.21531</i>
                        <i>-0.113029 0.983285 0.142738 -0.759538 0.00710923 -0.650424 -0.640567 -0.181932 0.746039 3.57152 2.77389 -1.21844</i>
                        <i>-0.159887 0.966394 0.201293 -0.760247 0.00951958 -0.649565 -0.629651 -0.256889 0.733176 3.57341 2.75057 -1.22421</i>
                        <i>-0.176515 0.957245 0.229182 -0.757228 0.0166933 -0.652937 -0.628847 -0.288797 0.721906 3.58031 2.7281 -1.2322</i>
                        <i>-0.163024 0.962335 0.217563 -0.754114 0.020652 -0.656418 -0.636188 -0.271079 0.722344 3.5905 2.71139 -1.24305</i>
                        <i>-0.140044 0.971065 0.193443 -0.752846 0.022468 -0.657814 -0.643126 -0.237755 0.727916 3.60032 2.69941 -1.25249</i>
                        <i>-0.116317 0.978864 0.168211 -0.75393 0.0232345 -0.656544 -0.646576 -0.203187 0.735292 3.6076 2.71824 -1.25843</i>
                        <i>-0.0974318 0.983943 0.149545 -0.756527 0.0244106 -0.653507 -0.646664 -0.176807 0.742001 3.61411 2.79209 -1.26361</i>
                        <i>-0.0889854 0.98552 0.144333 -0.760169 0.0264382 -0.649188 -0.643603 -0.167486 0.746809 3.62009 2.89049 -1.26861</i>
                        <i>-0.0451255 0.995001 0.0890914 -0.76364 0.0231404 -0.645228 -0.644064 -0.09715 0.758778 3.6273 2.97389 -1.27637</i>
                        <i>0.0209246 0.99978 0.0016414 -0.765632 0.0170798 -0.643052 -0.642938 0.0121989 0.765821 3.62964 3.0063 -1.2789</i>
                        <i>0.0538159 0.997532 -0.0451058 -0.76291 0.0119301 -0.646394 -0.64426 0.069198 0.761669 3.62289 2.97543 -1.27119</i>
                        <i>0.0466023 0.998011 -0.0424618 -0.755173 0.00737434 -0.655484 -0.653867 0.0626131 0.754014 3.61256 2.90488 -1.26061</i>
                        <i>0.0366799 0.998567 -0.0389585 -0.74594 0.00141622 -0.666011 -0.665002 0.05349 0.744923 3.6038 2.81634 -1.25317</i>
                        <i>0.0199235 0.999463 -0.0260173 -0.738809 -0.00281516 -0.673909 -0.673621 0.0326484 0.738356 3.59972 2.7343 -1.25193</i>
                        <i>-0.0219396 0.999432 0.0255621 -0.735721 0.00117202 -0.677283 -0.676929 -0.0336659 0.735278 3.60399 2.68282 -1.26055</i>
                        <i>-0.0836256 0.990621 0.108062 -0.735748 0.0117575 -0.677153 -0.672073 -0.136134 0.727864 3.6098 2.67278 -1.27039</i>
                        <i>-0.143331 0.971299 0.18983 -0.73641 0.023473 -0.676129 -0.661179 -0.236702 0.711909 3.60984 2.69098 -1.27185</i>
                        <i>-0.182461 0.952014 0.245718 -0.737538 0.0327385 -0.674512 -0.650189 -0.304299 0.696173 3.60516 2.72576 -1.26456</i>
                        <i>-0.20058 0.940404 0.274604 -0.739809 0.0383524 -0.671722 -0.642223 -0.337888 0.688028 3.59999 2.76212 -1.25439</i>
                        <i>-0.203945 0.936822 0.284202 -0.742645 0.0411055 -0.668423 -0.637876 -0.347382 0.687343 3.5981 2.78378 -1.24808</i>
                        <i>-0.197599 0.939254 0.280635 -0.7462 0.0415352 -0.664425 -0.63572 -0.340699 0.692664 3.59762 2.79206 -1.24397</i>
                        <i>-0.185956 0.944983 0.269124 -0.749885 0.0404928 -0.660328 -0.634896 -0.324604 0.701099 3.59557 2.79765 -1.23873</i>
                        <i>-0.163306 0.956767 0.240683 -0.752138 0.0371368 -0.657959 -0.638451 -0.288475 0.713556 3.59193 2.80061 -1.23291</i>
                        <i>-0.132307 0.971166 0.198323 -0.753758 0.0313567 -0.656403 -0.643695 -0.236334 0.727876 3.58726 2.8016 -1.22703</i>
                        <i>-0.0970149 0.984149 0.148452 -0.756022 0.0241398 -0.654101 -0.647317 -0.17569 0.741697 3.5828 2.80146 -1.22196</i>
                        <i>-0.0637161 0.992904 0.100407 -0.758325 0.0172348 -0.651649 -0.648755 -0.117662 0.751846 3.57901 2.8008 -1.21795</i>
                        <i>-0.0390135 0.997168 0.0642892 -0.760123 0.0121458 -0.649665 -0.648606 -0.0742134 0.757497 3.5764 2.8001 -1.21533</i>
                        <i>-0.0293921 0.998311 0.0501131 -0.760856 0.0101694 -0.648841 -0.648254 -0.0571997 0.759272 3.57543 2.79977 -1.21441</i>
                        <i>-0.0293921 0.998311 0.0501131 -0.760856 0.0101694 -0.648841 -0.648254 -0.0571997 0.759272 3.57543 2.79977 -1.21441</i>
                        <i>-0.0293921 0.998311 0.0501131 -0.760856 0.0101694 -0.648841 -0.648254 -0.0571997 0.759272 3.57543 2.79977 -1.21441</i>
                        <i>-0.0293921 0.998311 0.0501131 -0.760856 0.0101694 -0.648841 -0.648254 -0.0571997 0.759272 3.57543 2.79977 -1.21441</i>
                        <i>-0.0293921 0.998311 0.0501131 -0.760856 0.0101694 -0.648841 -0.648254 -0.0571997 0.759272 3.57543 2.79977 -1.21441</i>
                        <i>-0.0293921 0.998311 0.0501131 -0.760856 0.0101694 -0.648841 -0.648254 -0.0571997 0.759272 3.57543 2.79977 -1.21441</i>
                        <i>-0.0293921 0.998311 0.0501131 -0.760856 0.0101694 -0.648841 -0.648254 -0.0571997 0.759272 3.57543 2.79977 -1.21441</i>
                        <i>-0.0293921 0.998311 0.0501131 -0.760856 0.0101694 -0.648841 -0.648254 -0.0571997 0.759272 3.57543 2.79977 -1.21441</i>
                        <i>-0.0293921 0.998311 0.0501131 -0.760856 0.0101694 -0.648841 -0.648254 -0.0571997 0.759272 3.57543 2.79977 -1.21441</i>
                        <i>-0.0293921 0.998311 0.0501131 -0.760856 0.0101694 -0.648841 -0.648254 -0.0571997 0.759272 3.57543 2.79977 -1.21441</i>
                        <i>-0.0293921 0.998311 0.0501131 -0.760856 0.0101694 -0.648841 -0.648254 -0.0571997 0.759272 3.57543 2.79977 -1.21441</i>
                    </KeyFrames>
                </p>
            </i>
            <i>
                <p>
                    <Name><![CDATA[spine2]]></Name>
                    <Exclude>0</Exclude>
                    <Additive>0</Additive>
                    <IKPriority>0</IKPriority>
                    <IKRotLimits>-1e+010 -1e+010 -1e+010 1e+010 1e+010 1e+010</IKRotLimits>
                    <IKRotLimitOrder>0</IKRotLimitOrder>
                    <KeyFrames count="40">
                        <i>-0.112464 0.986443 0.11951 -0.709933 0.00438352 -0.704255 -0.695231 -0.164048 0.699816 3.57074 2.9572 -1.20656</i>
                        <i>-0.0899919 0.988347 0.122763 -0.704868 0.0238772 -0.708937 -0.703607 -0.15033 0.694505 3.56469 2.94963 -1.20273</i>
                        <i>-0.0533002 0.989174 0.136723 -0.696268 0.0613307 -0.715157 -0.7158 -0.133314 0.685462 3.55337 2.93097 -1.19566</i>
                        <i>-0.0505509 0.985147 0.164105 -0.691406 0.0840526 -0.717561 -0.720696 -0.149736 0.676887 3.54735 2.90734 -1.19155</i>
                        <i>-0.0849949 0.977411 0.193504 -0.69117 0.0820469 -0.71802 -0.717677 -0.194772 0.668584 3.55115 2.88535 -1.1945</i>
                        <i>-0.117947 0.971402 0.206076 -0.692885 0.0681509 -0.71782 -0.711336 -0.227451 0.665032 3.56332 2.87075 -1.20696</i>
                        <i>-0.155511 0.963425 0.21824 -0.696845 0.0495987 -0.715505 -0.70016 -0.263349 0.663644 3.57685 2.86085 -1.22026</i>
                        <i>-0.19314 0.953612 0.230916 -0.701985 0.0301252 -0.711554 -0.685502 -0.299529 0.663603 3.58812 2.88067 -1.23043</i>
                        <i>-0.234074 0.939372 0.250577 -0.707339 0.0122745 -0.706768 -0.666994 -0.342679 0.661582 3.5978 2.95498 -1.23877</i>
                        <i>-0.277583 0.919316 0.278938 -0.712698 -0.00235756 -0.701467 -0.644212 -0.393514 0.655849 3.60512 3.05433 -1.24451</i>
                        <i>-0.257157 0.938557 0.230175 -0.718607 -0.02647 -0.694912 -0.646122 -0.344107 0.681261 3.61959 3.14013 -1.26137</i>
                        <i>-0.183939 0.975427 0.121276 -0.725077 -0.051345 -0.686751 -0.663648 -0.214255 0.716705 3.63296 3.17163 -1.27856</i>
                        <i>-0.131405 0.989417 0.0615329 -0.720082 -0.0526051 -0.691892 -0.681333 -0.135227 0.719374 3.63151 3.13733 -1.27849</i>
                        <i>-0.117267 0.99015 0.0764931 -0.700689 -0.027909 -0.712921 -0.703764 -0.1372 0.69706 3.61993 3.06493 -1.26744</i>
                        <i>-0.0969344 0.990804 0.0943964 -0.677751 0.003745 -0.735282 -0.728874 -0.135251 0.671156 3.60954 2.97516 -1.25941</i>
                        <i>-0.0776961 0.990585 0.11272 -0.658931 0.0338243 -0.751442 -0.74818 -0.132659 0.650099 3.60278 2.89305 -1.25612</i>
                        <i>-0.0810603 0.986127 0.144857 -0.650546 0.0577634 -0.757267 -0.755129 -0.15562 0.636838 3.60033 2.84367 -1.25647</i>
                        <i>-0.0865566 0.981896 0.168488 -0.65175 0.0721 -0.754999 -0.753478 -0.175162 0.63371 3.59577 2.8367 -1.25246</i>
                        <i>-0.0881349 0.979444 0.181443 -0.656539 0.0798692 -0.750052 -0.749125 -0.18523 0.636004 3.58512 2.85669 -1.23935</i>
                        <i>-0.110332 0.972919 0.203113 -0.664466 0.0797716 -0.743049 -0.739129 -0.216944 0.637671 3.57328 2.89049 -1.22189</i>
                        <i>-0.154598 0.959416 0.235841 -0.674132 0.0720696 -0.735087 -0.722251 -0.272631 0.635631 3.56514 2.92413 -1.20693</i>
                        <i>-0.199335 0.943855 0.263444 -0.682842 0.0590336 -0.728177 -0.702846 -0.325042 0.632737 3.56298 2.9438 -1.19939</i>
                        <i>-0.238177 0.928512 0.284847 -0.690007 0.0446269 -0.722426 -0.683493 -0.368612 0.63005 3.56398 2.9508 -1.19641</i>
                        <i>-0.264595 0.917305 0.297559 -0.694933 0.0325648 -0.718337 -0.668624 -0.396852 0.628849 3.56433 2.95536 -1.19371</i>
                        <i>-0.261817 0.922328 0.284189 -0.696458 0.0232908 -0.71722 -0.668131 -0.385706 0.636265 3.56492 2.95791 -1.19328</i>
                        <i>-0.23399 0.939636 0.249664 -0.697586 0.0166113 -0.716309 -0.677217 -0.341771 0.65159 3.56571 2.95888 -1.1949</i>
                        <i>-0.195863 0.958501 0.207157 -0.700938 0.0108968 -0.713139 -0.685802 -0.284882 0.669715 3.56718 2.95891 -1.19823</i>
                        <i>-0.156233 0.97386 0.164887 -0.705062 0.0069509 -0.709112 -0.691722 -0.227042 0.685546 3.56883 2.95832 -1.20206</i>
                        <i>-0.125045 0.983276 0.132412 -0.708505 0.00492933 -0.705688 -0.694539 -0.182058 0.69604 3.57018 2.95757 -1.20523</i>
                        <i>-0.112464 0.986443 0.11951 -0.709933 0.00438352 -0.704255 -0.695231 -0.164048 0.699816 3.57074 2.9572 -1.20656</i>
                        <i>-0.112464 0.986443 0.11951 -0.709933 0.00438352 -0.704255 -0.695231 -0.164048 0.699816 3.57074 2.9572 -1.20656</i>
                        <i>-0.112464 0.986443 0.11951 -0.709933 0.00438352 -0.704255 -0.695231 -0.164048 0.699816 3.57074 2.9572 -1.20656</i>
                        <i>-0.112464 0.986443 0.11951 -0.709933 0.00438352 -0.704255 -0.695231 -0.164048 0.699816 3.57074 2.9572 -1.20656</i>
                        <i>-0.112464 0.986443 0.11951 -0.709933 0.00438352 -0.704255 -0.695231 -0.164048 0.699816 3.57074 2.9572 -1.20656</i>
                        <i>-0.112464 0.986443 0.11951 -0.709933 0.00438352 -0.704255 -0.695231 -0.164048 0.699816 3.57074 2.9572 -1.20656</i>
                        <i>-0.112464 0.986443 0.11951 -0.709933 0.00438352 -0.704255 -0.695231 -0.164048 0.699816 3.57074 2.9572 -1.20656</i>
                        <i>-0.112464 0.986443 0.11951 -0.709933 0.00438352 -0.704255 -0.695231 -0.164048 0.699816 3.57074 2.9572 -1.20656</i>
                        <i>-0.112464 0.986443 0.11951 -0.709933 0.00438352 -0.704255 -0.695231 -0.164048 0.699816 3.57074 2.9572 -1.20656</i>
                        <i>-0.112464 0.986443 0.11951 -0.709933 0.00438352 -0.704255 -0.695231 -0.164048 0.699816 3.57074 2.9572 -1.20656</i>
                        <i>-0.112464 0.986443 0.11951 -0.709933 0.00438352 -0.704255 -0.695231 -0.164048 0.699816 3.57074 2.9572 -1.20656</i>
                    </KeyFrames>
                </p>
            </i>
            <i>
                <p>
                    <Name><![CDATA[head]]></Name>
                    <Exclude>0</Exclude>
                    <Additive>0</Additive>
                    <IKPriority>0</IKPriority>
                    <IKRotLimits>-1e+010 -1e+010 -1e+010 1e+010 1e+010 1e+010</IKRotLimits>
                    <IKRotLimitOrder>0</IKRotLimitOrder>
                    <KeyFrames count="40">
                        <i>0.234151 0.960497 -0.150398 0.957532 -0.254613 -0.135293 -0.168242 -0.112332 -0.979324 3.54886 3.21294 -1.1848</i>
                        <i>0.273526 0.947521 -0.165491 0.947095 -0.295346 -0.12563 -0.167914 -0.122373 -0.978177 3.55302 3.20624 -1.18308</i>
                        <i>0.33529 0.922484 -0.19132 0.926181 -0.359942 -0.112387 -0.172539 -0.139515 -0.975072 3.55983 3.18781 -1.1785</i>
                        <i>0.337984 0.91981 -0.199289 0.924585 -0.364061 -0.112259 -0.17581 -0.146317 -0.973489 3.56027 3.16386 -1.17231</i>
                        <i>0.273741 0.944838 -0.17985 0.947062 -0.297404 -0.120929 -0.167746 -0.137226 -0.976233 3.55518 3.14261 -1.16891</i>
                        <i>0.211079 0.964882 -0.15636 0.964891 -0.231259 -0.124519 -0.156306 -0.124587 -0.97982 3.55559 3.12902 -1.17635</i>
                        <i>0.159039 0.97926 -0.125528 0.976499 -0.174759 -0.126128 -0.145449 -0.102518 -0.98404 3.55433 3.11903 -1.18328</i>
                        <i>0.120767 0.988207 -0.0941359 0.982999 -0.132263 -0.127353 -0.138302 -0.0771553 -0.98738 3.55047 3.13674 -1.18677</i>
                        <i>0.0911435 0.994094 -0.0589035 0.986717 -0.0981377 -0.129454 -0.13447 -0.0463222 -0.989834 3.54451 3.20689 -1.1869</i>
                        <i>0.067399 0.997513 -0.0206072 0.988648 -0.0695513 -0.133183 -0.134285 -0.0113969 -0.990877 3.53619 3.30082 -1.18271</i>
                        <i>0.121844 0.989608 -0.0763562 0.982954 -0.13098 -0.129019 -0.137679 -0.0593344 -0.988698 3.55369 3.39107 -1.21164</i>
                        <i>0.232022 0.953196 -0.193864 0.961529 -0.254886 -0.102448 -0.147066 -0.162636 -0.975664 3.58609 3.42983 -1.25787</i>
                        <i>0.323697 0.915247 -0.239882 0.935244 -0.34791 -0.0653982 -0.143313 -0.203179 -0.968597 3.59909 3.39633 -1.27238</i>
                        <i>0.388497 0.899745 -0.198817 0.914053 -0.403585 -0.0403188 -0.116516 -0.166066 -0.979207 3.59254 3.32288 -1.25519</i>
                        <i>0.456771 0.876353 -0.152861 0.885296 -0.46466 -0.0185019 -0.0872426 -0.126876 -0.988074 3.5895 3.23241 -1.24047</i>
                        <i>0.513126 0.849696 -0.121317 0.855794 -0.517304 -0.00347108 -0.0657073 -0.102041 -0.992608 3.59071 3.15017 -1.23204</i>
                        <i>0.537032 0.835824 -0.113995 0.841452 -0.540327 0.00235084 -0.0596299 -0.0971842 -0.993478 3.59202 3.10174 -1.22761</i>
                        <i>0.54233 0.826862 -0.148924 0.836956 -0.547182 0.0098185 -0.0733699 -0.129968 -0.9888 3.59261 3.09698 -1.22472</i>
                        <i>0.526357 0.826748 -0.198587 0.844689 -0.535145 0.0109648 -0.0972078 -0.173516 -0.980022 3.58776 3.11838 -1.2157</i>
                        <i>0.451644 0.866857 -0.211131 0.88521 -0.46494 -0.0153294 -0.111451 -0.179972 -0.977338 3.57187 3.15207 -1.19606</i>
                        <i>0.321493 0.9304 -0.176064 0.940224 -0.335716 -0.0572218 -0.112347 -0.147143 -0.982714 3.54955 3.18423 -1.17189</i>
                        <i>0.186109 0.97408 -0.128577 0.976082 -0.198264 -0.0891895 -0.11237 -0.108903 -0.987681 3.53163 3.20119 -1.15505</i>
                        <i>0.0763512 0.99383 -0.0804537 0.990445 -0.0848894 -0.108684 -0.114843 -0.0713868 -0.990815 3.51808 3.20433 -1.14381</i>
                        <i>0.0119528 0.999013 -0.0427745 0.992717 -0.0169841 -0.119268 -0.119876 -0.0410373 -0.99194 3.50792 3.2049 -1.13526</i>
                        <i>0.0082236 0.999224 -0.0385237 0.992071 -0.0129841 -0.125003 -0.125407 -0.0371903 -0.991408 3.50736 3.2064 -1.13656</i>
                        <i>0.0510115 0.996889 -0.0600887 0.989817 -0.0584724 -0.12978 -0.13289 -0.0528566 -0.98972 3.51466 3.20902 -1.14567</i>
                        <i>0.109857 0.989941 -0.0891531 0.983484 -0.121243 -0.134384 -0.143842 -0.0729177 -0.986911 3.52529 3.21126 -1.15809</i>
                        <i>0.169649 0.978339 -0.118629 0.973177 -0.185289 -0.136364 -0.155391 -0.0923131 -0.98353 3.53645 3.21255 -1.17083</i>
                        <i>0.215733 0.966169 -0.141338 0.962491 -0.234799 -0.135945 -0.164532 -0.106708 -0.980583 3.54528 3.21294 -1.18078</i>
                        <i>0.234151 0.960497 -0.150398 0.957532 -0.254613 -0.135293 -0.168242 -0.112332 -0.979324 3.54886 3.21294 -1.1848</i>
                        <i>0.234151 0.960497 -0.150398 0.957532 -0.254613 -0.135293 -0.168242 -0.112332 -0.979324 3.54886 3.21294 -1.1848</i>
                        <i>0.234151 0.960497 -0.150398 0.957532 -0.254613 -0.135293 -0.168242 -0.112332 -0.979324 3.54886 3.21294 -1.1848</i>
                        <i>0.234151 0.960497 -0.150398 0.957532 -0.254613 -0.135293 -0.168242 -0.112332 -0.979324 3.54886 3.21294 -1.1848</i>
                        <i>0.234151 0.960497 -0.150398 0.957532 -0.254613 -0.135293 -0.168242 -0.112332 -0.979324 3.54886 3.21294 -1.1848</i>
                        <i>0.234151 0.960497 -0.150398 0.957532 -0.254613 -0.135293 -0.168242 -0.112332 -0.979324 3.54886 3.21294 -1.1848</i>
                        <i>0.234151 0.960497 -0.150398 0.957532 -0.254613 -0.135293 -0.168242 -0.112332 -0.979324 3.54886 3.21294 -1.1848</i>
                        <i>0.234151 0.960497 -0.150398 0.957532 -0.254613 -0.135293 -0.168242 -0.112332 -0.979324 3.54886 3.21294 -1.1848</i>
                        <i>0.234151 0.960497 -0.150398 0.957532 -0.254613 -0.135293 -0.168242 -0.112332 -0.979324 3.54886 3.21294 -1.1848</i>
                        <i>0.234151 0.960497 -0.150398 0.957532 -0.254613 -0.135293 -0.168242 -0.112332 -0.979324 3.54886 3.21294 -1.1848</i>
                        <i>0.234151 0.960497 -0.150398 0.957532 -0.254613 -0.135293 -0.168242 -0.112332 -0.979324 3.54886 3.21294 -1.1848</i>
                    </KeyFrames>
                </p>
            </i>
            <i>
                <p>
                    <Name><![CDATA[head_prop]]></Name>
                    <Exclude>0</Exclude>
                    <Additive>0</Additive>
                    <IKPriority>0</IKPriority>
                    <IKRotLimits>-1e+010 -1e+010 -1e+010 1e+010 1e+010 1e+010</IKRotLimits>
                    <IKRotLimitOrder>0</IKRotLimitOrder>
                    <KeyFrames count="40">
                        <i>0.168242 0.112332 0.979324 0.234151 0.960497 -0.150398 -0.957532 0.254613 0.135293 3.62517 3.52598 -1.23381</i>
                        <i>0.167914 0.122373 0.978177 0.273526 0.947521 -0.165491 -0.947095 0.295346 0.12563 3.64216 3.51504 -1.23702</i>
                        <i>0.172539 0.139515 0.975072 0.33529 0.922484 -0.19132 -0.926181 0.359942 0.112387 3.66911 3.48846 -1.24085</i>
                        <i>0.17581 0.146317 0.973489 0.337984 0.91981 -0.199289 -0.924585 0.364061 0.112259 3.67043 3.46364 -1.23726</i>
                        <i>0.167746 0.137226 0.976233 0.273741 0.944838 -0.17985 -0.947062 0.297404 0.120929 3.64439 3.45054 -1.22753</i>
                        <i>0.156306 0.124587 0.97982 0.211079 0.964882 -0.15636 -0.964891 0.231259 0.124519 3.62438 3.44349 -1.22731</i>
                        <i>0.145449 0.102518 0.98404 0.159039 0.97926 -0.125528 -0.976499 0.174759 0.126128 3.60616 3.43818 -1.22419</i>
                        <i>0.138302 0.0771553 0.98738 0.120767 0.988207 -0.0941359 -0.982999 0.132263 0.127353 3.58983 3.4588 -1.21745</i>
                        <i>0.13447 0.0463222 0.989834 0.0911435 0.994094 -0.0589035 -0.986717 0.0981377 0.129454 3.57422 3.53088 -1.20609</i>
                        <i>0.134285 0.0113969 0.990877 0.067399 0.997513 -0.0206072 -0.988648 0.0695513 0.133183 3.55816 3.62592 -1.18943</i>
                        <i>0.137679 0.0593344 0.988698 0.176328 0.980791 -0.0834141 -0.974655 0.185819 0.124572 3.5934 3.71359 -1.23653</i>
                        <i>0.147066 0.162636 0.975664 0.302491 0.931738 -0.200909 -0.941738 0.324676 0.0878311 3.66171 3.74049 -1.32106</i>
                        <i>0.149228 0.183896 0.971552 0.284822 0.932915 -0.220331 -0.946894 0.309598 0.0868392 3.69626 3.7649 -1.35284</i>
                        <i>0.131906 0.0992065 0.986285 0.194961 0.972949 -0.123939 -0.971901 0.208636 0.108996 3.708 3.81812 -1.32118</i>
                        <i>0.106344 0.00162323 0.994328 0.111018 0.993727 -0.0134957 -0.988112 0.111824 0.105496 3.74201 3.79102 -1.28321</i>
                        <i>0.081299 -0.0724573 0.994052 -0.012675 0.997198 0.0737232 -0.996609 -0.0185932 0.0801528 3.77473 3.65666 -1.26063</i>
                        <i>0.0717506 -0.0978554 0.992611 -0.0552785 0.993256 0.101915 -0.99589 -0.0621825 0.0658574 3.78062 3.50984 -1.25774</i>
                        <i>0.0787066 0.0324733 0.996369 0.284895 0.957053 -0.0536968 -0.955322 0.288087 0.066075 3.77398 3.40888 -1.27254</i>
                        <i>0.0972078 0.173516 0.980022 0.526357 0.826748 -0.198587 -0.844689 0.535145 -0.0109648 3.7593 3.38783 -1.28042</i>
                        <i>0.111451 0.179972 0.977338 0.451644 0.866857 -0.211131 -0.88521 0.46494 0.0153294 3.71906 3.43459 -1.26487</i>
                        <i>0.112347 0.147143 0.982714 0.321493 0.9304 -0.176064 -0.940224 0.335716 0.0572218 3.65433 3.48746 -1.22927</i>
                        <i>0.11237 0.108903 0.987681 0.186109 0.97408 -0.128577 -0.976082 0.198264 0.0891895 3.59228 3.51865 -1.19696</i>
                        <i>0.114843 0.0713868 0.990815 0.0763512 0.99383 -0.0804537 -0.990445 0.0848894 0.108684 3.54296 3.52823 -1.17003</i>
                        <i>0.119876 0.0410373 0.99194 0.0119528 0.999013 -0.0427745 -0.992717 0.0169841 0.119268 3.51181 3.53048 -1.1492</i>
                        <i>0.125407 0.0371903 0.991408 0.0082236 0.999224 -0.0385237 -0.992071 0.0129841 0.125003 3.51004 3.53206 -1.14912</i>
                        <i>0.13289 0.0528566 0.98972 0.0510115 0.996889 -0.0600887 -0.989817 0.0584724 0.12978 3.53128 3.53391 -1.16525</i>
                        <i>0.143842 0.0729177 0.986911 0.109857 0.989941 -0.0891531 -0.983484 0.121243 0.134384 3.56109 3.53389 -1.18715</i>
                        <i>0.155391 0.0923131 0.98353 0.169649 0.978339 -0.118629 -0.973177 0.185289 0.136364 3.59174 3.5314 -1.2095</i>
                        <i>0.164532 0.106708 0.980583 0.215733 0.966169 -0.141338 -0.962491 0.234799 0.135945 3.61559 3.52782 -1.22685</i>
                        <i>0.168242 0.112332 0.979324 0.234151 0.960497 -0.150398 -0.957532 0.254613 0.135293 3.62517 3.52598 -1.23381</i>
                        <i>0.168242 0.112332 0.979324 0.234151 0.960497 -0.150398 -0.957532 0.254613 0.135293 3.62517 3.52598 -1.23381</i>
                        <i>0.168242 0.112332 0.979324 0.234151 0.960497 -0.150398 -0.957532 0.254613 0.135293 3.62517 3.52598 -1.23381</i>
                        <i>0.168242 0.112332 0.979324 0.234151 0.960497 -0.150398 -0.957532 0.254613 0.135293 3.62517 3.52598 -1.23381</i>
                        <i>0.168242 0.112332 0.979324 0.234151 0.960497 -0.150398 -0.957532 0.254613 0.135293 3.62517 3.52598 -1.23381</i>
                        <i>0.168242 0.112332 0.979324 0.234151 0.960497 -0.150398 -0.957532 0.254613 0.135293 3.62517 3.52598 -1.23381</i>
                        <i>0.168242 0.112332 0.979324 0.234151 0.960497 -0.150398 -0.957532 0.254613 0.135293 3.62517 3.52598 -1.23381</i>
                        <i>0.168242 0.112332 0.979324 0.234151 0.960497 -0.150398 -0.957532 0.254613 0.135293 3.62517 3.52598 -1.23381</i>
                        <i>0.168242 0.112332 0.979324 0.234151 0.960497 -0.150398 -0.957532 0.254613 0.135293 3.62517 3.52598 -1.23381</i>
                        <i>0.168242 0.112332 0.979324 0.234151 0.960497 -0.150398 -0.957532 0.254613 0.135293 3.62517 3.52598 -1.23381</i>
                        <i>0.168242 0.112332 0.979324 0.234151 0.960497 -0.150398 -0.957532 0.254613 0.135293 3.62517 3.52598 -1.23381</i>
                    </KeyFrames>
                </p>
            </i>
            <i>
                <p>
                    <Name><![CDATA[l_clav]]></Name>
                    <Exclude>0</Exclude>
                    <Additive>0</Additive>
                    <IKPriority>0</IKPriority>
                    <IKRotLimits>-1e+010 -1e+010 -1e+010 1e+010 1e+010 1e+010</IKRotLimits>
                    <IKRotLimitOrder>0</IKRotLimitOrder>
                    <KeyFrames count="40">
                        <i>0.714718 0.27691 0.642261 -0.172723 0.959725 -0.221576 -0.677751 0.0474308 0.733761 3.60179 3.01293 -1.11403</i>
                        <i>0.738708 0.281943 0.612225 -0.142223 0.95306 -0.2673 -0.65885 0.110384 0.744132 3.59396 3.00498 -1.10802</i>
                        <i>0.78633 0.291403 0.544766 -0.0984051 0.929592 -0.35521 -0.60992 0.225705 0.759641 3.57902 2.98616 -1.09614</i>
                        <i>0.808236 0.325322 0.490836 -0.109423 0.901994 -0.417653 -0.578602 0.283854 0.764622 3.56938 2.96272 -1.08704</i>
                        <i>0.781627 0.418435 0.462571 -0.198764 0.87003 -0.451155 -0.59123 0.260692 0.763208 3.57084 2.94045 -1.08705</i>
                        <i>0.727213 0.533975 0.431315 -0.313275 0.817291 -0.483626 -0.610754 0.216579 0.761626 3.58272 2.92614 -1.09942</i>
                        <i>0.658333 0.623703 0.421417 -0.414795 0.767776 -0.488329 -0.628126 0.146681 0.764161 3.59689 2.91614 -1.11372</i>
                        <i>0.614159 0.647985 0.450471 -0.470622 0.758925 -0.450053 -0.633501 0.0644023 0.771057 3.60929 2.93531 -1.1253</i>
                        <i>0.626185 0.575067 0.526489 -0.467137 0.817366 -0.337189 -0.62424 -0.0347995 0.780457 3.61991 3.00842 -1.13457</i>
                        <i>0.681284 0.417609 0.601211 -0.41443 0.897047 -0.153475 -0.603407 -0.1446 0.784214 3.62748 3.10673 -1.14019</i>
                        <i>0.762345 0.228762 0.605391 -0.261826 0.964489 -0.0347495 -0.591842 -0.132016 0.795169 3.64487 3.19899 -1.16058</i>
                        <i>0.803598 0.0579976 0.59234 -0.0582427 0.998127 -0.0187143 -0.592316 -0.0194607 0.805471 3.66394 3.2388 -1.18535</i>
                        <i>0.796893 -0.0342742 0.603148 0.0543564 0.998408 -0.0150819 -0.60167 0.0448036 0.797487 3.66532 3.20504 -1.18971</i>
                        <i>0.788623 -0.0183227 0.614604 0.0354502 0.999248 -0.0156979 -0.613854 0.0341675 0.788679 3.65185 3.12721 -1.17768</i>
                        <i>0.788998 0.0728541 0.610061 -0.0317337 0.996452 -0.0779557 -0.613576 0.0421474 0.78851 3.63896 3.03195 -1.16846</i>
