<?xml version="1.0" encoding="ISO-8859-1" ?>
<Animl Version="1">
    <ModellingPackage><![CDATA[Maya.2010]]></ModellingPackage>
    <SrcFile><![CDATA[anims\turrets\artillery\blue\~src\artillery_m102\artillery_m102_idle_crewman_c.mb]]></SrcFile>
    <FramesPerSecond>30</FramesPerSecond>
    <TotalFrames>240</TotalFrames>
    <Skeleton>
        <RefFrame>
            <Name><![CDATA[soldier_ref_frame]]></Name>
            <Exclude>0</Exclude>
            <Additive>0</Additive>
            <IKPriority>0</IKPriority>
            <IKRotLimits>-1e+010 -1e+010 -1e+010 1e+010 1e+010 1e+010</IKRotLimits>
            <IKRotLimitOrder>0</IKRotLimitOrder>
            <KeyFrames count="240">
                <i>1 0 0 0 1 0 0 0 1 -2.69 1.33 -1.56</i>
                <i>1 0 0 0 1 0 0 0 1 -2.69 1.33 -1.56</i>
                <i>1 0 0 0 1 0 0 0 1 -2.69 1.33 -1.56</i>
                <i>1 0 0 0 1 0 0 0 1 -2.69 1.33 -1.56</i>
                <i>1 0 0 0 1 0 0 0 1 -2.69 1.33 -1.56</i>
                <i>1 0 0 0 1 0 0 0 1 -2.69 1.33 -1.56</i>
                <i>1 0 0 0 1 0 0 0 1 -2.69 1.33 -1.56</i>
                <i>1 0 0 0 1 0 0 0 1 -2.69 1.33 -1.56</i>
                <i>1 0 0 0 1 0 0 0 1 -2.69 1.33 -1.56</i>
                <i>1 0 0 0 1 0 0 0 1 -2.69 1.33 -1.56</i>
                <i>1 0 0 0 1 0 0 0 1 -2.69 1.33 -1.56</i>
                <i>1 0 0 0 1 0 0 0 1 -2.69 1.33 -1.56</i>
                <i>1 0 0 0 1 0 0 0 1 -2.69 1.33 -1.56</i>
                <i>1 0 0 0 1 0 0 0 1 -2.69 1.33 -1.56</i>
                <i>1 0 0 0 1 0 0 0 1 -2.69 1.33 -1.56</i>
                <i>1 0 0 0 1 0 0 0 1 -2.69 1.33 -1.56</i>
                <i>1 0 0 0 1 0 0 0 1 -2.69 1.33 -1.56</i>
                <i>1 0 0 0 1 0 0 0 1 -2.69 1.33 -1.56</i>
                <i>1 0 0 0 1 0 0 0 1 -2.69 1.33 -1.56</i>
                <i>1 0 0 0 1 0 0 0 1 -2.69 1.33 -1.56</i>
                <i>1 0 0 0 1 0 0 0 1 -2.69 1.33 -1.56</i>
                <i>1 0 0 0 1 0 0 0 1 -2.69 1.33 -1.56</i>
                <i>1 0 0 0 1 0 0 0 1 -2.69 1.33 -1.56</i>
                <i>1 0 0 0 1 0 0 0 1 -2.69 1.33 -1.56</i>
                <i>1 0 0 0 1 0 0 0 1 -2.69 1.33 -1.56</i>
                <i>1 0 0 0 1 0 0 0 1 -2.69 1.33 -1.56</i>
                <i>1 0 0 0 1 0 0 0 1 -2.69 1.33 -1.56</i>
                <i>1 0 0 0 1 0 0 0 1 -2.69 1.33 -1.56</i>
                <i>1 0 0 0 1 0 0 0 1 -2.69 1.33 -1.56</i>
                <i>1 0 0 0 1 0 0 0 1 -2.69 1.33 -1.56</i>
                <i>1 0 0 0 1 0 0 0 1 -2.69 1.33 -1.56</i>
                <i>1 0 0 0 1 0 0 0 1 -2.69 1.33 -1.56</i>
                <i>1 0 0 0 1 0 0 0 1 -2.69 1.33 -1.56</i>
                <i>1 0 0 0 1 0 0 0 1 -2.69 1.33 -1.56</i>
                <i>1 0 0 0 1 0 0 0 1 -2.69 1.33 -1.56</i>
                <i>1 0 0 0 1 0 0 0 1 -2.69 1.33 -1.56</i>
                <i>1 0 0 0 1 0 0 0 1 -2.69 1.33 -1.56</i>
                <i>1 0 0 0 1 0 0 0 1 -2.69 1.33 -1.56</i>
                <i>1 0 0 0 1 0 0 0 1 -2.69 1.33 -1.56</i>
                <i>1 0 0 0 1 0 0 0 1 -2.69 1.33 -1.56</i>
                <i>1 0 0 0 1 0 0 0 1 -2.69 1.33 -1.56</i>
                <i>1 0 0 0 1 0 0 0 1 -2.69 1.33 -1.56</i>
                <i>1 0 0 0 1 0 0 0 1 -2.69 1.33 -1.56</i>
                <i>1 0 0 0 1 0 0 0 1 -2.69 1.33 -1.56</i>
                <i>1 0 0 0 1 0 0 0 1 -2.69 1.33 -1.56</i>
                <i>1 0 0 0 1 0 0 0 1 -2.69 1.33 -1.56</i>
                <i>1 0 0 0 1 0 0 0 1 -2.69 1.33 -1.56</i>
                <i>1 0 0 0 1 0 0 0 1 -2.69 1.33 -1.56</i>
                <i>1 0 0 0 1 0 0 0 1 -2.69 1.33 -1.56</i>
                <i>1 0 0 0 1 0 0 0 1 -2.69 1.33 -1.56</i>
                <i>1 0 0 0 1 0 0 0 1 -2.69 1.33 -1.56</i>
                <i>1 0 0 0 1 0 0 0 1 -2.69 1.33 -1.56</i>
                <i>1 0 0 0 1 0 0 0 1 -2.69 1.33 -1.56</i>
                <i>1 0 0 0 1 0 0 0 1 -2.69 1.33 -1.56</i>
                <i>1 0 0 0 1 0 0 0 1 -2.69 1.33 -1.56</i>
                <i>1 0 0 0 1 0 0 0 1 -2.69 1.33 -1.56</i>
                <i>1 0 0 0 1 0 0 0 1 -2.69 1.33 -1.56</i>
                <i>1 0 0 0 1 0 0 0 1 -2.69 1.33 -1.56</i>
                <i>1 0 0 0 1 0 0 0 1 -2.69 1.33 -1.56</i>
                <i>1 0 0 0 1 0 0 0 1 -2.69 1.33 -1.56</i>
                <i>1 0 0 0 1 0 0 0 1 -2.69 1.33 -1.56</i>
                <i>1 0 0 0 1 0 0 0 1 -2.69 1.33 -1.56</i>
                <i>1 0 0 0 1 0 0 0 1 -2.69 1.33 -1.56</i>
                <i>1 0 0 0 1 0 0 0 1 -2.69 1.33 -1.56</i>
                <i>1 0 0 0 1 0 0 0 1 -2.69 1.33 -1.56</i>
                <i>1 0 0 0 1 0 0 0 1 -2.69 1.33 -1.56</i>
                <i>1 0 0 0 1 0 0 0 1 -2.69 1.33 -1.56</i>
                <i>1 0 0 0 1 0 0 0 1 -2.69 1.33 -1.56</i>
                <i>1 0 0 0 1 0 0 0 1 -2.69 1.33 -1.56</i>
                <i>1 0 0 0 1 0 0 0 1 -2.69 1.33 -1.56</i>
                <i>1 0 0 0 1 0 0 0 1 -2.69 1.33 -1.56</i>
                <i>1 0 0 0 1 0 0 0 1 -2.69 1.33 -1.56</i>
                <i>1 0 0 0 1 0 0 0 1 -2.69 1.33 -1.56</i>
                <i>1 0 0 0 1 0 0 0 1 -2.69 1.33 -1.56</i>
                <i>1 0 0 0 1 0 0 0 1 -2.69 1.33 -1.56</i>
                <i>1 0 0 0 1 0 0 0 1 -2.69 1.33 -1.56</i>
                <i>1 0 0 0 1 0 0 0 1 -2.69 1.33 -1.56</i>
                <i>1 0 0 0 1 0 0 0 1 -2.69 1.33 -1.56</i>
                <i>1 0 0 0 1 0 0 0 1 -2.69 1.33 -1.56</i>
                <i>1 0 0 0 1 0 0 0 1 -2.69 1.33 -1.56</i>
                <i>1 0 0 0 1 0 0 0 1 -2.69 1.33 -1.56</i>
                <i>1 0 0 0 1 0 0 0 1 -2.69 1.33 -1.56</i>
                <i>1 0 0 0 1 0 0 0 1 -2.69 1.33 -1.56</i>
                <i>1 0 0 0 1 0 0 0 1 -2.69 1.33 -1.56</i>
                <i>1 0 0 0 1 0 0 0 1 -2.69 1.33 -1.56</i>
                <i>1 0 0 0 1 0 0 0 1 -2.69 1.33 -1.56</i>
                <i>1 0 0 0 1 0 0 0 1 -2.69 1.33 -1.56</i>
                <i>1 0 0 0 1 0 0 0 1 -2.69 1.33 -1.56</i>
                <i>1 0 0 0 1 0 0 0 1 -2.69 1.33 -1.56</i>
                <i>1 0 0 0 1 0 0 0 1 -2.69 1.33 -1.56</i>
                <i>1 0 0 0 1 0 0 0 1 -2.69 1.33 -1.56</i>
                <i>1 0 0 0 1 0 0 0 1 -2.69 1.33 -1.56</i>
                <i>1 0 0 0 1 0 0 0 1 -2.69 1.33 -1.56</i>
                <i>1 0 0 0 1 0 0 0 1 -2.69 1.33 -1.56</i>
                <i>1 0 0 0 1 0 0 0 1 -2.69 1.33 -1.56</i>
                <i>1 0 0 0 1 0 0 0 1 -2.69 1.33 -1.56</i>
                <i>1 0 0 0 1 0 0 0 1 -2.69 1.33 -1.56</i>
                <i>1 0 0 0 1 0 0 0 1 -2.69 1.33 -1.56</i>
                <i>1 0 0 0 1 0 0 0 1 -2.69 1.33 -1.56</i>
                <i>1 0 0 0 1 0 0 0 1 -2.69 1.33 -1.56</i>
                <i>1 0 0 0 1 0 0 0 1 -2.69 1.33 -1.56</i>
                <i>1 0 0 0 1 0 0 0 1 -2.69 1.33 -1.56</i>
                <i>1 0 0 0 1 0 0 0 1 -2.69 1.33 -1.56</i>
                <i>1 0 0 0 1 0 0 0 1 -2.69 1.33 -1.56</i>
                <i>1 0 0 0 1 0 0 0 1 -2.69 1.33 -1.56</i>
                <i>1 0 0 0 1 0 0 0 1 -2.69 1.33 -1.56</i>
                <i>1 0 0 0 1 0 0 0 1 -2.69 1.33 -1.56</i>
                <i>1 0 0 0 1 0 0 0 1 -2.69 1.33 -1.56</i>
                <i>1 0 0 0 1 0 0 0 1 -2.69 1.33 -1.56</i>
                <i>1 0 0 0 1 0 0 0 1 -2.69 1.33 -1.56</i>
                <i>1 0 0 0 1 0 0 0 1 -2.69 1.33 -1.56</i>
                <i>1 0 0 0 1 0 0 0 1 -2.69 1.33 -1.56</i>
                <i>1 0 0 0 1 0 0 0 1 -2.69 1.33 -1.56</i>
                <i>1 0 0 0 1 0 0 0 1 -2.69 1.33 -1.56</i>
                <i>1 0 0 0 1 0 0 0 1 -2.69 1.33 -1.56</i>
                <i>1 0 0 0 1 0 0 0 1 -2.69 1.33 -1.56</i>
                <i>1 0 0 0 1 0 0 0 1 -2.69 1.33 -1.56</i>
                <i>1 0 0 0 1 0 0 0 1 -2.69 1.33 -1.56</i>
                <i>1 0 0 0 1 0 0 0 1 -2.69 1.33 -1.56</i>
                <i>1 0 0 0 1 0 0 0 1 -2.69 1.33 -1.56</i>
                <i>1 0 0 0 1 0 0 0 1 -2.69 1.33 -1.56</i>
                <i>1 0 0 0 1 0 0 0 1 -2.69 1.33 -1.56</i>
                <i>1 0 0 0 1 0 0 0 1 -2.69 1.33 -1.56</i>
                <i>1 0 0 0 1 0 0 0 1 -2.69 1.33 -1.56</i>
                <i>1 0 0 0 1 0 0 0 1 -2.69 1.33 -1.56</i>
                <i>1 0 0 0 1 0 0 0 1 -2.69 1.33 -1.56</i>
                <i>1 0 0 0 1 0 0 0 1 -2.69 1.33 -1.56</i>
                <i>1 0 0 0 1 0 0 0 1 -2.69 1.33 -1.56</i>
                <i>1 0 0 0 1 0 0 0 1 -2.69 1.33 -1.56</i>
                <i>1 0 0 0 1 0 0 0 1 -2.69 1.33 -1.56</i>
                <i>1 0 0 0 1 0 0 0 1 -2.69 1.33 -1.56</i>
                <i>1 0 0 0 1 0 0 0 1 -2.69 1.33 -1.56</i>
                <i>1 0 0 0 1 0 0 0 1 -2.69 1.33 -1.56</i>
                <i>1 0 0 0 1 0 0 0 1 -2.69 1.33 -1.56</i>
                <i>1 0 0 0 1 0 0 0 1 -2.69 1.33 -1.56</i>
                <i>1 0 0 0 1 0 0 0 1 -2.69 1.33 -1.56</i>
                <i>1 0 0 0 1 0 0 0 1 -2.69 1.33 -1.56</i>
                <i>1 0 0 0 1 0 0 0 1 -2.69 1.33 -1.56</i>
                <i>1 0 0 0 1 0 0 0 1 -2.69 1.33 -1.56</i>
                <i>1 0 0 0 1 0 0 0 1 -2.69 1.33 -1.56</i>
                <i>1 0 0 0 1 0 0 0 1 -2.69 1.33 -1.56</i>
                <i>1 0 0 0 1 0 0 0 1 -2.69 1.33 -1.56</i>
                <i>1 0 0 0 1 0 0 0 1 -2.69 1.33 -1.56</i>
                <i>1 0 0 0 1 0 0 0 1 -2.69 1.33 -1.56</i>
                <i>1 0 0 0 1 0 0 0 1 -2.69 1.33 -1.56</i>
                <i>1 0 0 0 1 0 0 0 1 -2.69 1.33 -1.56</i>
                <i>1 0 0 0 1 0 0 0 1 -2.69 1.33 -1.56</i>
                <i>1 0 0 0 1 0 0 0 1 -2.69 1.33 -1.56</i>
                <i>1 0 0 0 1 0 0 0 1 -2.69 1.33 -1.56</i>
                <i>1 0 0 0 1 0 0 0 1 -2.69 1.33 -1.56</i>
                <i>1 0 0 0 1 0 0 0 1 -2.69 1.33 -1.56</i>
                <i>1 0 0 0 1 0 0 0 1 -2.69 1.33 -1.56</i>
                <i>1 0 0 0 1 0 0 0 1 -2.69 1.33 -1.56</i>
                <i>1 0 0 0 1 0 0 0 1 -2.69 1.33 -1.56</i>
                <i>1 0 0 0 1 0 0 0 1 -2.69 1.33 -1.56</i>
                <i>1 0 0 0 1 0 0 0 1 -2.69 1.33 -1.56</i>
                <i>1 0 0 0 1 0 0 0 1 -2.69 1.33 -1.56</i>
                <i>1 0 0 0 1 0 0 0 1 -2.69 1.33 -1.56</i>
                <i>1 0 0 0 1 0 0 0 1 -2.69 1.33 -1.56</i>
                <i>1 0 0 0 1 0 0 0 1 -2.69 1.33 -1.56</i>
                <i>1 0 0 0 1 0 0 0 1 -2.69 1.33 -1.56</i>
                <i>1 0 0 0 1 0 0 0 1 -2.69 1.33 -1.56</i>
                <i>1 0 0 0 1 0 0 0 1 -2.69 1.33 -1.56</i>
                <i>1 0 0 0 1 0 0 0 1 -2.69 1.33 -1.56</i>
                <i>1 0 0 0 1 0 0 0 1 -2.69 1.33 -1.56</i>
                <i>1 0 0 0 1 0 0 0 1 -2.69 1.33 -1.56</i>
                <i>1 0 0 0 1 0 0 0 1 -2.69 1.33 -1.56</i>
                <i>1 0 0 0 1 0 0 0 1 -2.69 1.33 -1.56</i>
                <i>1 0 0 0 1 0 0 0 1 -2.69 1.33 -1.56</i>
                <i>1 0 0 0 1 0 0 0 1 -2.69 1.33 -1.56</i>
                <i>1 0 0 0 1 0 0 0 1 -2.69 1.33 -1.56</i>
                <i>1 0 0 0 1 0 0 0 1 -2.69 1.33 -1.56</i>
                <i>1 0 0 0 1 0 0 0 1 -2.69 1.33 -1.56</i>
                <i>1 0 0 0 1 0 0 0 1 -2.69 1.33 -1.56</i>
                <i>1 0 0 0 1 0 0 0 1 -2.69 1.33 -1.56</i>
                <i>1 0 0 0 1 0 0 0 1 -2.69 1.33 -1.56</i>
                <i>1 0 0 0 1 0 0 0 1 -2.69 1.33 -1.56</i>
                <i>1 0 0 0 1 0 0 0 1 -2.69 1.33 -1.56</i>
                <i>1 0 0 0 1 0 0 0 1 -2.69 1.33 -1.56</i>
                <i>1 0 0 0 1 0 0 0 1 -2.69 1.33 -1.56</i>
                <i>1 0 0 0 1 0 0 0 1 -2.69 1.33 -1.56</i>
                <i>1 0 0 0 1 0 0 0 1 -2.69 1.33 -1.56</i>
                <i>1 0 0 0 1 0 0 0 1 -2.69 1.33 -1.56</i>
                <i>1 0 0 0 1 0 0 0 1 -2.69 1.33 -1.56</i>
                <i>1 0 0 0 1 0 0 0 1 -2.69 1.33 -1.56</i>
                <i>1 0 0 0 1 0 0 0 1 -2.69 1.33 -1.56</i>
                <i>1 0 0 0 1 0 0 0 1 -2.69 1.33 -1.56</i>
                <i>1 0 0 0 1 0 0 0 1 -2.69 1.33 -1.56</i>
                <i>1 0 0 0 1 0 0 0 1 -2.69 1.33 -1.56</i>
                <i>1 0 0 0 1 0 0 0 1 -2.69 1.33 -1.56</i>
                <i>1 0 0 0 1 0 0 0 1 -2.69 1.33 -1.56</i>
                <i>1 0 0 0 1 0 0 0 1 -2.69 1.33 -1.56</i>
                <i>1 0 0 0 1 0 0 0 1 -2.69 1.33 -1.56</i>
                <i>1 0 0 0 1 0 0 0 1 -2.69 1.33 -1.56</i>
                <i>1 0 0 0 1 0 0 0 1 -2.69 1.33 -1.56</i>
                <i>1 0 0 0 1 0 0 0 1 -2.69 1.33 -1.56</i>
                <i>1 0 0 0 1 0 0 0 1 -2.69 1.33 -1.56</i>
                <i>1 0 0 0 1 0 0 0 1 -2.69 1.33 -1.56</i>
                <i>1 0 0 0 1 0 0 0 1 -2.69 1.33 -1.56</i>
                <i>1 0 0 0 1 0 0 0 1 -2.69 1.33 -1.56</i>
                <i>1 0 0 0 1 0 0 0 1 -2.69 1.33 -1.56</i>
                <i>1 0 0 0 1 0 0 0 1 -2.69 1.33 -1.56</i>
                <i>1 0 0 0 1 0 0 0 1 -2.69 1.33 -1.56</i>
                <i>1 0 0 0 1 0 0 0 1 -2.69 1.33 -1.56</i>
                <i>1 0 0 0 1 0 0 0 1 -2.69 1.33 -1.56</i>
                <i>1 0 0 0 1 0 0 0 1 -2.69 1.33 -1.56</i>
                <i>1 0 0 0 1 0 0 0 1 -2.69 1.33 -1.56</i>
                <i>1 0 0 0 1 0 0 0 1 -2.69 1.33 -1.56</i>
                <i>1 0 0 0 1 0 0 0 1 -2.69 1.33 -1.56</i>
                <i>1 0 0 0 1 0 0 0 1 -2.69 1.33 -1.56</i>
                <i>1 0 0 0 1 0 0 0 1 -2.69 1.33 -1.56</i>
                <i>1 0 0 0 1 0 0 0 1 -2.69 1.33 -1.56</i>
                <i>1 0 0 0 1 0 0 0 1 -2.69 1.33 -1.56</i>
                <i>1 0 0 0 1 0 0 0 1 -2.69 1.33 -1.56</i>
                <i>1 0 0 0 1 0 0 0 1 -2.69 1.33 -1.56</i>
                <i>1 0 0 0 1 0 0 0 1 -2.69 1.33 -1.56</i>
                <i>1 0 0 0 1 0 0 0 1 -2.69 1.33 -1.56</i>
                <i>1 0 0 0 1 0 0 0 1 -2.69 1.33 -1.56</i>
                <i>1 0 0 0 1 0 0 0 1 -2.69 1.33 -1.56</i>
                <i>1 0 0 0 1 0 0 0 1 -2.69 1.33 -1.56</i>
                <i>1 0 0 0 1 0 0 0 1 -2.69 1.33 -1.56</i>
                <i>1 0 0 0 1 0 0 0 1 -2.69 1.33 -1.56</i>
                <i>1 0 0 0 1 0 0 0 1 -2.69 1.33 -1.56</i>
                <i>1 0 0 0 1 0 0 0 1 -2.69 1.33 -1.56</i>
                <i>1 0 0 0 1 0 0 0 1 -2.69 1.33 -1.56</i>
                <i>1 0 0 0 1 0 0 0 1 -2.69 1.33 -1.56</i>
                <i>1 0 0 0 1 0 0 0 1 -2.69 1.33 -1.56</i>
                <i>1 0 0 0 1 0 0 0 1 -2.69 1.33 -1.56</i>
                <i>1 0 0 0 1 0 0 0 1 -2.69 1.33 -1.56</i>
                <i>1 0 0 0 1 0 0 0 1 -2.69 1.33 -1.56</i>
                <i>1 0 0 0 1 0 0 0 1 -2.69 1.33 -1.56</i>
                <i>1 0 0 0 1 0 0 0 1 -2.69 1.33 -1.56</i>
                <i>1 0 0 0 1 0 0 0 1 -2.69 1.33 -1.56</i>
                <i>1 0 0 0 1 0 0 0 1 -2.69 1.33 -1.56</i>
                <i>1 0 0 0 1 0 0 0 1 -2.69 1.33 -1.56</i>
                <i>1 0 0 0 1 0 0 0 1 -2.69 1.33 -1.56</i>
                <i>1 0 0 0 1 0 0 0 1 -2.69 1.33 -1.56</i>
                <i>1 0 0 0 1 0 0 0 1 -2.69 1.33 -1.56</i>
                <i>1 0 0 0 1 0 0 0 1 -2.69 1.33 -1.56</i>
                <i>1 0 0 0 1 0 0 0 1 -2.69 1.33 -1.56</i>
            </KeyFrames>
        </RefFrame>
        <Bones count="23">
            <i>
                <p>
                    <Name><![CDATA[pelvis]]></Name>
                    <Exclude>0</Exclude>
                    <Additive>0</Additive>
                    <IKPriority>0</IKPriority>
                    <IKRotLimits>-1e+010 -1e+010 -1e+010 1e+010 1e+010 1e+010</IKRotLimits>
                    <IKRotLimitOrder>2</IKRotLimitOrder>
                    <KeyFrames count="240">
                        <i>1 0 0 0 1 0 0 0 1 -2.69454 2.42474 -1.52346</i>
                        <i>1 0 0 0 1 0 0 0 1 -2.65538 2.42783 -1.51878</i>
                        <i>1 0 0 0 1 0 0 0 1 -2.56516 2.43541 -1.50654</i>
                        <i>1 0 0 0 1 0 0 0 1 -2.46071 2.44488 -1.48916</i>
                        <i>1 0 0 0 1 0 0 0 1 -2.37885 2.45366 -1.46907</i>
                        <i>1 0 0 0 1 0 0 0 1 -2.3321 2.4615 -1.44828</i>
                        <i>1 0 0 0 1 0 0 0 1 -2.30997 2.46926 -1.42768</i>
                        <i>1 0 0 0 1 0 0 0 1 -2.3148 2.47596 -1.40801</i>
                        <i>1 0 0 0 1 0 0 0 1 -2.34893 2.48066 -1.39003</i>
                        <i>1 0 0 0 1 0 0 0 1 -2.4147 2.4824 -1.37448</i>
                        <i>1 0 0 0 1 0 0 0 1 -2.4664 2.47849 -1.48494</i>
                        <i>1 0 0 0 1 0 0 0 1 -2.53797 2.47127 -1.51735</i>
                        <i>1 0 0 0 1 0 0 0 1 -2.51351 2.46733 -1.56682</i>
                        <i>1 0 0 0 1 0 0 0 1 -2.46542 2.4728 -1.69253</i>
                        <i>1 0 0 0 1 0 0 0 1 -2.45306 2.48534 -1.7998</i>
                        <i>1 0 0 0 1 0 0 0 1 -2.4348 2.49883 -1.87297</i>
                        <i>1 0 0 0 1 0 0 0 1 -2.3773 2.50714 -1.94173</i>
                        <i>1 0 0 0 1 0 0 0 1 -2.33181 2.50997 -2.00898</i>
                        <i>1 0 0 0 1 0 0 0 1 -2.28629 2.51137 -2.08258</i>
                        <i>1 0 0 0 1 0 0 0 1 -2.24986 2.51173 -2.16092</i>
                        <i>1 0 0 0 1 0 0 0 1 -2.21915 2.51143 -2.24207</i>
                        <i>1 0 0 0 1 0 0 0 1 -2.18509 2.51086 -2.32396</i>
                        <i>1 0 0 0 1 0 0 0 1 -2.14834 2.51042 -2.40456</i>
                        <i>1 0 0 0 1 0 0 0 1 -2.11008 2.51048 -2.48207</i>
                        <i>1 0 0 0 1 0 0 0 1 -2.07201 2.51143 -2.55518</i>
                        <i>1 0 0 0 1 0 0 0 1 -2.03308 2.51539 -2.62512</i>
                        <i>1 0 0 0 1 0 0 0 1 -1.99113 2.5221 -2.69178</i>
                        <i>1 0 0 0 1 0 0 0 1 -1.94711 2.52839 -2.75262</i>
                        <i>1 0 0 0 1 0 0 0 1 -1.90263 2.53107 -2.80565</i>
                        <i>1 0 0 0 1 0 0 0 1 -1.85975 2.52696 -2.84961</i>
                        <i>1 0 0 0 1 0 0 0 1 -1.82065 2.512 -2.88409</i>
                        <i>1 0 0 0 1 0 0 0 1 -1.78741 2.48832 -2.90942</i>
                        <i>1 0 0 0 1 0 0 0 1 -1.76185 2.46199 -2.92644</i>
                        <i>1 0 0 0 1 0 0 0 1 -1.74548 2.43912 -2.93616</i>
                        <i>1 0 0 0 1 0 0 0 1 -1.7397 2.42577 -2.93932</i>
                        <i>1 0 0 0 1 0 0 0 1 -1.7397 2.42493 -2.93932</i>
                        <i>1 0 0 0 1 0 0 0 1 -1.7397 2.43255 -2.93932</i>
                        <i>1 0 0 0 1 0 0 0 1 -1.7397 2.44416 -2.93932</i>
                        <i>1 0 0 0 1 0 0 0 1 -1.7397 2.45527 -2.93932</i>
                        <i>1 0 0 0 1 0 0 0 1 -1.7397 2.46141 -2.93932</i>
                        <i>1 0 0 0 1 0 0 0 1 -1.7397 2.46274 -2.93932</i>
                        <i>1 0 0 0 1 0 0 0 1 -1.7397 2.46266 -2.93932</i>
                        <i>1 0 0 0 1 0 0 0 1 -1.7397 2.46156 -2.93932</i>
                        <i>1 0 0 0 1 0 0 0 1 -1.7397 2.4598 -2.93932</i>
                        <i>1 0 0 0 1 0 0 0 1 -1.7397 2.45777 -2.93932</i>
                        <i>1 0 0 0 1 0 0 0 1 -1.7397 2.45586 -2.93932</i>
                        <i>1 0 0 0 1 0 0 0 1 -1.7397 2.45443 -2.93932</i>
                        <i>1 0 0 0 1 0 0 0 1 -1.7397 2.45387 -2.93932</i>
                        <i>1 0 0 0 1 0 0 0 1 -1.7397 2.45423 -2.93932</i>
                        <i>1 0 0 0 1 0 0 0 1 -1.7397 2.45517 -2.93932</i>
                        <i>1 0 0 0 1 0 0 0 1 -1.7397 2.45648 -2.93932</i>
                        <i>1 0 0 0 1 0 0 0 1 -1.7397 2.45796 -2.93932</i>
                        <i>1 0 0 0 1 0 0 0 1 -1.7397 2.45942 -2.93932</i>
                        <i>1 0 0 0 1 0 0 0 1 -1.7397 2.46063 -2.93932</i>
                        <i>1 0 0 0 1 0 0 0 1 -1.7397 2.46141 -2.93932</i>
                        <i>1 0 0 0 1 0 0 0 1 -1.7397 2.46169 -2.93932</i>
                        <i>1 0 0 0 1 0 0 0 1 -1.7397 2.4616 -2.93932</i>
                        <i>1 0 0 0 1 0 0 0 1 -1.7397 2.4612 -2.93932</i>
                        <i>1 0 0 0 1 0 0 0 1 -1.7397 2.46054 -2.93932</i>
                        <i>1 0 0 0 1 0 0 0 1 -1.7397 2.4597 -2.93932</i>
                        <i>1 0 0 0 1 0 0 0 1 -1.7397 2.45851 -2.93932</i>
                        <i>1 0 0 0 1 0 0 0 1 -1.7397 2.45695 -2.93932</i>
                        <i>1 0 0 0 1 0 0 0 1 -1.7397 2.45522 -2.93932</i>
                        <i>1 0 0 0 1 0 0 0 1 -1.7397 2.45357 -2.93932</i>
                        <i>1 0 0 0 1 0 0 0 1 -1.7397 2.45222 -2.93932</i>
                        <i>1 0 0 0 1 0 0 0 1 -1.7397 2.45108 -2.93932</i>
                        <i>1 0 0 0 1 0 0 0 1 -1.7397 2.45 -2.93932</i>
                        <i>1 0 0 0 1 0 0 0 1 -1.7397 2.4491 -2.93932</i>
                        <i>1 0 0 0 1 0 0 0 1 -1.7397 2.44854 -2.93932</i>
                        <i>1 0 0 0 1 0 0 0 1 -1.7397 2.44846 -2.93932</i>
                        <i>1 0 0 0 1 0 0 0 1 -1.7397 2.44871 -2.93932</i>
                        <i>1 0 0 0 1 0 0 0 1 -1.7397 2.44908 -2.93932</i>
                        <i>1 0 0 0 1 0 0 0 1 -1.7397 2.44955 -2.93932</i>
                        <i>1 0 0 0 1 0 0 0 1 -1.7397 2.4501 -2.93932</i>
                        <i>1 0 0 0 1 0 0 0 1 -1.7397 2.4507 -2.93932</i>
                        <i>1 0 0 0 1 0 0 0 1 -1.7397 2.45135 -2.93932</i>
                        <i>1 0 0 0 1 0 0 0 1 -1.7397 2.45202 -2.93932</i>
                        <i>1 0 0 0 1 0 0 0 1 -1.7397 2.4527 -2.93932</i>
                        <i>1 0 0 0 1 0 0 0 1 -1.7397 2.45336 -2.93932</i>
                        <i>1 0 0 0 1 0 0 0 1 -1.7397 2.454 -2.93932</i>
                        <i>1 0 0 0 1 0 0 0 1 -1.7397 2.45459 -2.93932</i>
                        <i>1 0 0 0 1 0 0 0 1 -1.7397 2.45511 -2.93932</i>
                        <i>1 0 0 0 1 0 0 0 1 -1.7397 2.45555 -2.93932</i>
                        <i>1 0 0 0 1 0 0 0 1 -1.7397 2.45588 -2.93932</i>
                        <i>1 0 0 0 1 0 0 0 1 -1.7397 2.4561 -2.93932</i>
                        <i>1 0 0 0 1 0 0 0 1 -1.7397 2.45634 -2.93932</i>
                        <i>1 0 0 0 1 0 0 0 1 -1.7397 2.45668 -2.93932</i>
                        <i>1 0 0 0 1 0 0 0 1 -1.7397 2.45704 -2.93932</i>
                        <i>1 0 0 0 1 0 0 0 1 -1.7397 2.45733 -2.93932</i>
                        <i>1 0 0 0 1 0 0 0 1 -1.7397 2.45744 -2.93932</i>
                        <i>1 0 0 0 1 0 0 0 1 -1.7397 2.45729 -2.93932</i>
                        <i>1 0 0 0 1 0 0 0 1 -1.7397 2.45679 -2.93932</i>
                        <i>1 0 0 0 1 0 0 0 1 -1.7397 2.45584 -2.93932</i>
                        <i>1 0 0 0 1 0 0 0 1 -1.7397 2.45435 -2.93932</i>
                        <i>1 0 0 0 1 0 0 0 1 -1.7397 2.45222 -2.93932</i>
                        <i>1 0 0 0 1 0 0 0 1 -1.75231 2.44014 -2.92632</i>
                        <i>1 0 0 0 1 0 0 0 1 -1.78815 2.42342 -2.89176</i>
                        <i>1 0 0 0 1 0 0 0 1 -1.84437 2.42397 -2.84389</i>
                        <i>1 0 0 0 1 0 0 0 1 -1.9169 2.47855 -2.79125</i>
                        <i>1 0 0 0 1 0 0 0 1 -1.99982 2.5346 -2.74068</i>
                        <i>1 0 0 0 1 0 0 0 1 -2.08588 2.54065 -2.6957</i>
                        <i>1 0 0 0 1 0 0 0 1 -2.16794 2.53075 -2.65585</i>
                        <i>1 0 0 0 1 0 0 0 1 -2.24067 2.52101 -2.61717</i>
                        <i>1 0 0 0 1 0 0 0 1 -2.30671 2.51641 -2.58728</i>
                        <i>1 0 0 0 1 0 0 0 1 -2.34841 2.51139 -2.55469</i>
                        <i>1 0 0 0 1 0 0 0 1 -2.36371 2.5063 -2.51439</i>
                        <i>1 0 0 0 1 0 0 0 1 -2.37 2.50145 -2.47723</i>
                        <i>1 0 0 0 1 0 0 0 1 -2.37075 2.49719 -2.42968</i>
                        <i>1 0 0 0 1 0 0 0 1 -2.37124 2.49383 -2.35894</i>
                        <i>1 0 0 0 1 0 0 0 1 -2.37783 2.49172 -2.25278</i>
                        <i>1 0 0 0 1 0 0 0 1 -2.39921 2.49755 -2.03768</i>
                        <i>1 0 0 0 1 0 0 0 1 -2.43625 2.50773 -1.7552</i>
                        <i>1 0 0 0 1 0 0 0 1 -2.47495 2.50714 -1.56537</i>
                        <i>1 0 0 0 1 0 0 0 1 -2.5173 2.48636 -1.53196</i>
                        <i>1 0 0 0 1 0 0 0 1 -2.56013 2.45503 -1.50683</i>
                        <i>1 0 0 0 1 0 0 0 1 -2.60097 2.4266 -1.49054</i>
                        <i>1 0 0 0 1 0 0 0 1 -2.63738 2.4145 -1.48358</i>
                        <i>1 0 0 0 1 0 0 0 1 -2.66683 2.41719 -1.48642</i>
                        <i>1 0 0 0 1 0 0 0 1 -2.68676 2.42059 -1.49955</i>
                        <i>1 0 0 0 1 0 0 0 1 -2.69454 2.42474 -1.52346</i>
                        <i>1 0 0 0 1 0 0 0 1 -2.69232 2.42771 -1.53665</i>
                        <i>1 0 0 0 1 0 0 0 1 -2.687 2.43247 -1.54594</i>
                        <i>1 0 0 0 1 0 0 0 1 -2.67927 2.43821 -1.55191</i>
                        <i>1 0 0 0 1 0 0 0 1 -2.66982 2.44412 -1.55514</i>
                        <i>1 0 0 0 1 0 0 0 1 -2.65934 2.4494 -1.55621</i>
                        <i>1 0 0 0 1 0 0 0 1 -2.64851 2.45323 -1.5557</i>
                        <i>1 0 0 0 1 0 0 0 1 -2.63803 2.45482 -1.55418</i>
                        <i>1 0 0 0 1 0 0 0 1 -2.62858 2.45334 -1.55223</i>
                        <i>1 0 0 0 1 0 0 0 1 -2.62085 2.44801 -1.55044</i>
                        <i>1 0 0 0 1 0 0 0 1 -2.61553 2.438 -1.54938</i>
                        <i>1 0 0 0 1 0 0 0 1 -2.61482 2.41686 -1.54641</i>
                        <i>1 0 0 0 1 0 0 0 1 -2.6189 2.3816 -1.53974</i>
                        <i>1 0 0 0 1 0 0 0 1 -2.6254 2.33668 -1.5312</i>
                        <i>1 0 0 0 1 0 0 0 1 -2.63197 2.28651 -1.52265</i>
                        <i>1 0 0 0 1 0 0 0 1 -2.63625 2.23554 -1.51592</i>
                        <i>1 0 0 0 1 0 0 0 1 -2.63806 2.17277 -1.51066</i>
                        <i>1 0 0 0 1 0 0 0 1 -2.63896 2.09524 -1.50563</i>
                        <i>1 0 0 0 1 0 0 0 1 -2.63924 2.01944 -1.50138</i>
                        <i>1 0 0 0 1 0 0 0 1 -2.63919 1.96188 -1.49843</i>
                        <i>1 0 0 0 1 0 0 0 1 -2.63911 1.93902 -1.49733</i>
                        <i>1 0 0 0 1 0 0 0 1 -2.63911 1.93902 -1.49733</i>
                        <i>1 0 0 0 1 0 0 0 1 -2.63911 1.93902 -1.49733</i>
                        <i>1 0 0 0 1 0 0 0 1 -2.63911 1.93902 -1.49733</i>
                        <i>1 0 0 0 1 0 0 0 1 -2.63911 1.93902 -1.49733</i>
                        <i>1 0 0 0 1 0 0 0 1 -2.63911 1.93902 -1.49733</i>
                        <i>1 0 0 0 1 0 0 0 1 -2.63911 1.93902 -1.49733</i>
                        <i>1 0 0 0 1 0 0 0 1 -2.63911 1.93902 -1.49733</i>
                        <i>1 0 0 0 1 0 0 0 1 -2.63911 1.93902 -1.49733</i>
                        <i>1 0 0 0 1 0 0 0 1 -2.63911 1.93902 -1.49733</i>
                        <i>1 0 0 0 1 0 0 0 1 -2.63911 1.93902 -1.49733</i>
                        <i>1 0 0 0 1 0 0 0 1 -2.63911 1.93902 -1.49733</i>
                        <i>1 0 0 0 1 0 0 0 1 -2.63911 1.93902 -1.49733</i>
                        <i>1 0 0 0 1 0 0 0 1 -2.63911 1.93902 -1.49733</i>
                        <i>1 0 0 0 1 0 0 0 1 -2.63911 1.93902 -1.49733</i>
                        <i>1 0 0 0 1 0 0 0 1 -2.63911 1.93902 -1.49733</i>
                        <i>1 0 0 0 1 0 0 0 1 -2.63911 1.93902 -1.49733</i>
                        <i>1 0 0 0 1 0 0 0 1 -2.63911 1.93902 -1.49733</i>
                        <i>1 0 0 0 1 0 0 0 1 -2.63911 1.93902 -1.49733</i>
                        <i>1 0 0 0 1 0 0 0 1 -2.63911 1.93902 -1.49733</i>
                        <i>1 0 0 0 1 0 0 0 1 -2.63911 1.93902 -1.49733</i>
                        <i>1 0 0 0 1 0 0 0 1 -2.63911 1.93902 -1.49733</i>
                        <i>1 0 0 0 1 0 0 0 1 -2.63911 1.93902 -1.49733</i>
                        <i>1 0 0 0 1 0 0 0 1 -2.63911 1.93902 -1.49733</i>
                        <i>1 0 0 0 1 0 0 0 1 -2.63911 1.93902 -1.49733</i>
                        <i>1 0 0 0 1 0 0 0 1 -2.63911 1.93902 -1.49733</i>
                        <i>1 0 0 0 1 0 0 0 1 -2.63911 1.93902 -1.49733</i>
                        <i>1 0 0 0 1 0 0 0 1 -2.63911 1.93902 -1.49733</i>
                        <i>1 0 0 0 1 0 0 0 1 -2.63911 1.93902 -1.49733</i>
                        <i>1 0 0 0 1 0 0 0 1 -2.63911 1.93902 -1.49733</i>
                        <i>1 0 0 0 1 0 0 0 1 -2.63911 1.93902 -1.49733</i>
                        <i>1 0 0 0 1 0 0 0 1 -2.63911 1.93902 -1.49733</i>
                        <i>1 0 0 0 1 0 0 0 1 -2.63911 1.93902 -1.49733</i>
                        <i>1 0 0 0 1 0 0 0 1 -2.63911 1.93902 -1.49733</i>
                        <i>1 0 0 0 1 0 0 0 1 -2.63911 1.93902 -1.49733</i>
                        <i>1 0 0 0 1 0 0 0 1 -2.63911 1.93902 -1.49733</i>
                        <i>1 0 0 0 1 0 0 0 1 -2.63911 1.93902 -1.49733</i>
                        <i>1 0 0 0 1 0 0 0 1 -2.63911 1.93902 -1.49733</i>
                        <i>1 0 0 0 1 0 0 0 1 -2.63911 1.93902 -1.49733</i>
                        <i>1 0 0 0 1 0 0 0 1 -2.63911 1.93902 -1.49733</i>
                        <i>1 0 0 0 1 0 0 0 1 -2.63911 1.93902 -1.49733</i>
                        <i>1 0 0 0 1 0 0 0 1 -2.63911 1.93902 -1.49733</i>
                        <i>1 0 0 0 1 0 0 0 1 -2.63911 1.93902 -1.49733</i>
                        <i>1 0 0 0 1 0 0 0 1 -2.63911 1.93902 -1.49733</i>
                        <i>1 0 0 0 1 0 0 0 1 -2.63911 1.93902 -1.49733</i>
                        <i>1 0 0 0 1 0 0 0 1 -2.63911 1.93902 -1.49733</i>
                        <i>1 0 0 0 1 0 0 0 1 -2.63911 1.93902 -1.49733</i>
                        <i>1 0 0 0 1 0 0 0 1 -2.63911 1.93902 -1.49733</i>
                        <i>1 0 0 0 1 0 0 0 1 -2.63911 1.93902 -1.49733</i>
                        <i>1 0 0 0 1 0 0 0 1 -2.63911 1.93902 -1.49733</i>
                        <i>1 0 0 0 1 0 0 0 1 -2.63911 1.93902 -1.49733</i>
                        <i>1 0 0 0 1 0 0 0 1 -2.63911 1.93902 -1.49733</i>
                        <i>1 0 0 0 1 0 0 0 1 -2.63911 1.93902 -1.49733</i>
                        <i>1 0 0 0 1 0 0 0 1 -2.63911 1.93902 -1.49733</i>
                        <i>1 0 0 0 1 0 0 0 1 -2.63911 1.93902 -1.49733</i>
                        <i>1 0 0 0 1 0 0 0 1 -2.63911 1.93902 -1.49733</i>
                        <i>1 0 0 0 1 0 0 0 1 -2.63911 1.93902 -1.49733</i>
                        <i>1 0 0 0 1 0 0 0 1 -2.63911 1.93902 -1.49733</i>
                        <i>1 0 0 0 1 0 0 0 1 -2.63911 1.93902 -1.49733</i>
                        <i>1 0 0 0 1 0 0 0 1 -2.63911 1.93902 -1.49733</i>
                        <i>1 0 0 0 1 0 0 0 1 -2.63911 1.93902 -1.49733</i>
                        <i>1 0 0 0 1 0 0 0 1 -2.63911 1.93902 -1.49733</i>
                        <i>1 0 0 0 1 0 0 0 1 -2.63911 1.93902 -1.49733</i>
                        <i>1 0 0 0 1 0 0 0 1 -2.63911 1.93902 -1.49733</i>
                        <i>1 0 0 0 1 0 0 0 1 -2.63911 1.93902 -1.49733</i>
                        <i>1 0 0 0 1 0 0 0 1 -2.63911 1.93902 -1.49733</i>
                        <i>1 0 0 0 1 0 0 0 1 -2.63911 1.93902 -1.49733</i>
                        <i>1 0 0 0 1 0 0 0 1 -2.63911 1.93902 -1.49733</i>
                        <i>1 0 0 0 1 0 0 0 1 -2.63911 1.93902 -1.49733</i>
                        <i>1 0 0 0 1 0 0 0 1 -2.63911 1.93902 -1.49733</i>
                        <i>1 0 0 0 1 0 0 0 1 -2.63911 1.93902 -1.49733</i>
                        <i>1 0 0 0 1 0 0 0 1 -2.63827 1.9432 -1.49645</i>
                        <i>1 0 0 0 1 0 0 0 1 -2.63602 1.95486 -1.49408</i>
                        <i>1 0 0 0 1 0 0 0 1 -2.63278 1.97273 -1.49063</i>
                        <i>1 0 0 0 1 0 0 0 1 -2.62897 1.99551 -1.48649</i>
                        <i>1 0 0 0 1 0 0 0 1 -2.62503 2.02192 -1.48208</i>
                        <i>1 0 0 0 1 0 0 0 1 -2.62136 2.05066 -1.4778</i>
                        <i>1 0 0 0 1 0 0 0 1 -2.61838 2.08045 -1.47406</i>
                        <i>1 0 0 0 1 0 0 0 1 -2.61653 2.10999 -1.47125</i>
                        <i>1 0 0 0 1 0 0 0 1 -2.61622 2.13801 -1.4698</i>
                        <i>1 0 0 0 1 0 0 0 1 -2.61787 2.1632 -1.47009</i>
                        <i>1 0 0 0 1 0 0 0 1 -2.62226 2.18775 -1.47265</i>
                        <i>1 0 0 0 1 0 0 0 1 -2.62939 2.21418 -1.47731</i>
                        <i>1 0 0 0 1 0 0 0 1 -2.63851 2.24177 -1.48354</i>
                        <i>1 0 0 0 1 0 0 0 1 -2.64885 2.26979 -1.49076</i>
                        <i>1 0 0 0 1 0 0 0 1 -2.65967 2.29752 -1.49841</i>
                        <i>1 0 0 0 1 0 0 0 1 -2.67022 2.32422 -1.50593</i>
                        <i>1 0 0 0 1 0 0 0 1 -2.67973 2.34915 -1.51275</i>
                        <i>1 0 0 0 1 0 0 0 1 -2.68746 2.37161 -1.51832</i>
                        <i>1 0 0 0 1 0 0 0 1 -2.69265 2.39085 -1.52208</i>
                        <i>1 0 0 0 1 0 0 0 1 -2.69454 2.40614 -1.52346</i>
                        <i>1 0 0 0 1 0 0 0 1 -2.69454 2.41708 -1.52346</i>
                        <i>1 0 0 0 1 0 0 0 1 -2.69454 2.42422 -1.52346</i>
                        <i>1 0 0 0 1 0 0 0 1 -2.69454 2.42821 -1.52346</i>
                        <i>1 0 0 0 1 0 0 0 1 -2.69454 2.42973 -1.52346</i>
                        <i>1 0 0 0 1 0 0 0 1 -2.69454 2.42946 -1.52346</i>
                        <i>1 0 0 0 1 0 0 0 1 -2.69454 2.42807 -1.52346</i>
                        <i>1 0 0 0 1 0 0 0 1 -2.69454 2.42623 -1.52346</i>
                        <i>1 0 0 0 1 0 0 0 1 -2.69454 2.42461 -1.52346</i>
                        <i>1 0 0 0 1 0 0 0 1 -2.69454 2.42389 -1.52346</i>
                        <i>1 0 0 0 1 0 0 0 1 -2.69454 2.42474 -1.52346</i>
                    </KeyFrames>
                </p>
            </i>
            <i>
                <p>
                    <Name><![CDATA[spine0]]></Name>
                    <Exclude>0</Exclude>
                    <Additive>0</Additive>
                    <IKPriority>0</IKPriority>
                    <IKRotLimits>-1e+010 -1e+010 -1e+010 1e+010 1e+010 1e+010</IKRotLimits>
                    <IKRotLimitOrder>0</IKRotLimitOrder>
                    <KeyFrames count="240">
                        <i>-0.00704003 0.999819 0.0176594 -0.991727 -0.00924445 0.128034 0.128174 -0.0166119 0.991613 -2.70543 2.56159 -1.56645</i>
                        <i>-0.00558418 0.999774 0.0204974 -0.925882 -0.0129128 0.377591 0.37777 -0.0168696 0.925746 -2.67712 2.5647 -1.55739</i>
                        <i>-0.00491455 0.999699 0.0240565 -0.791075 -0.0186024 0.611437 0.6117 -0.0160256 0.790928 -2.59738 2.57219 -1.53735</i>
                        <i>-0.00302383 0.999613 0.0276654 -0.618182 -0.0236146 0.78568 0.786029 -0.0147265 0.618014 -2.5002 2.58157 -1.51044</i>
                        <i>0.000545649 0.999563 0.029558 -0.463174 -0.0259437 0.885888 0.886267 -0.0141739 0.462957 -2.42165 2.59035 -1.48251</i>
                        <i>0.00465272 0.998894 0.0467831 -0.344507 -0.0423185 0.93783 0.938772 -0.0204805 0.343929 -2.37544 2.59851 -1.4552</i>
                        <i>0.010065 0.9982 0.0591248 -0.244821 -0.0548683 0.968015 0.969516 -0.0242181 0.243828 -2.35266 2.60659 -1.43145</i>
                        <i>0.0126341 0.998773 0.0478849 -0.175201 -0.0449368 0.983507 0.984452 -0.0208152 0.174418 -2.35706 2.61335 -1.41391</i>
                        <i>0.0119528 0.999446 0.0310583 -0.143739 -0.0290206 0.98919 0.989543 -0.0162879 0.143313 -2.39116 2.61783 -1.39992</i>
                        <i>0.0122031 0.999289 0.0356607 -0.14754 -0.0334735 0.988489 0.988981 -0.0173241 0.147027 -2.45662 2.6196 -1.38516</i>
                        <i>0.0508307 0.994535 0.0911959 0.0724129 -0.0947438 0.992865 0.996079 -0.0438642 -0.076833 -2.50544 2.6168 -1.47844</i>
                        <i>0.101574 0.988578 0.111334 0.186499 -0.128851 0.973969 0.97719 -0.0781667 -0.197456 -2.57055 2.6107 -1.50333</i>
                        <i>0.094723 0.993648 0.0607582 0.301925 -0.0868328 0.949369 0.948614 -0.0715826 -0.308232 -2.54702 2.6067 -1.55453</i>
                        <i>0.0578398 0.997599 0.038087 0.415421 -0.0587416 0.907731 0.907788 -0.0366808 -0.417821 -2.50216 2.61076 -1.67477</i>
                        <i>0.000808636 0.999067 0.0431881 0.501828 -0.0377617 0.864142 0.864967 0.0209743 -0.501391 -2.4935 2.6204 -1.77117</i>
                        <i>-0.0431411 0.996723 0.068433 0.63428 -0.0255971 0.77268 0.771899 0.0767399 -0.631097 -2.47342 2.63026 -1.82902</i>
                        <i>-0.0406872 0.994754 0.0938557 0.841776 -0.0164793 0.539576 0.538292 0.100959 -0.836689 -2.40052 2.63654 -1.88332</i>
                        <i>-0.0432485 0.995058 0.0893846 0.888105 -0.00268823 0.459634 0.457602 0.0992614 -0.883599 -2.35087 2.63928 -1.9489</i>
                        <i>-0.0497961 0.995663 0.0785805 0.920192 0.0151491 0.391173 0.388286 0.091788 -0.916956 -2.30335 2.64102 -2.02262</i>
                        <i>-0.0586128 0.996345 0.0621318 0.940143 0.0341626 0.339064 0.335702 0.0782863 -0.938709 -2.26685 2.64216 -2.10266</i>
                        <i>-0.0672981 0.996885 0.0411295 0.950066 0.051439 0.307781 0.304707 0.0597889 -0.950568 -2.23762 2.64303 -2.18697</i>
                        <i>-0.0733512 0.997154 0.0174195 0.951293 0.0647121 0.301418 0.299433 0.0386804 -0.953333 -2.20609 2.64388 -2.27334</i>
                        <i>-0.0732642 0.997307 -0.00321427 0.943594 0.070361 0.323543 0.322898 0.0206712 -0.946208 -2.17239 2.6449 -2.35948</i>
                        <i>-0.0691032 0.997373 -0.0217082 0.923479 0.0721846 0.376797 0.377375 0.00599083 -0.926041 -2.13715 2.64632 -2.44321</i>
                        <i>-0.0579744 0.997476 -0.0409888 0.884251 0.0703652 0.46168 0.463399 -0.00947884 -0.886099 -2.10165 2.64841 -2.52271</i>
                        <i>-0.0317209 0.997715 -0.0596513 0.817425 0.0602399 0.572876 0.575161 -0.0305883 -0.817468 -2.06385 2.6537 -2.60025</i>
                        <i>0.00618929 0.997327 -0.0728094 0.718037 0.0462432 0.694467 0.695978 -0.0565781 -0.715831 -2.02062 2.66197 -2.67553</i>
                        <i>0.0479773 0.996072 -0.0744267 0.586886 0.0321826 0.80903 0.808247 -0.082495 -0.583036 -1.97354 2.66952 -2.7437</i>
                        <i>0.0832035 0.994537 -0.0630288 0.431889 0.021012 0.901682 0.898081 -0.102245 -0.427782 -1.92613 2.67293 -2.80132</i>
                        <i>0.100958 0.99398 -0.0425625 0.266172 0.014236 0.96382 0.958624 -0.108635 -0.263133 -1.88323 2.66887 -2.84722</i>
                        <i>0.122197 0.992315 -0.0194831 0.103909 0.00673162 0.994564 0.987052 -0.123558 -0.102287 -1.84705 2.65341 -2.88239</i>
                        <i>0.167903 0.985781 0.00663512 -0.0424627 0.000507688 0.999098 0.984889 -0.168033 0.0419441 -1.81702 2.6291 -2.90896</i>
                        <i>0.229973 0.972543 0.0356821 -0.160451 0.00172695 0.987042 0.959879 -0.232718 0.156442 -1.79345 2.60233 -2.92822</i>
                        <i>0.295726 0.953144 0.063738 -0.238202 0.00896185 0.971174 0.925098 -0.302384 0.229691 -1.77668 2.5795 -2.93997</i>
                        <i>0.345566 0.934813 0.0819025 -0.265916 0.0138487 0.963897 0.899929 -0.354869 0.253367 -1.7674 2.56688 -2.94319</i>
                        <i>0.376648 0.921934 0.090411 -0.265804 0.0140632 0.963924 0.887403 -0.387092 0.250351 -1.76262 2.56693 -2.94191</i>
                        <i>0.399881 0.911448 0.0967373 -0.265729 0.014275 0.963942 0.877202 -0.411168 0.247906 -1.75894 2.57511 -2.94092</i>
                        <i>0.415533 0.903958 0.100956 -0.265692 0.0144775 0.963949 0.869908 -0.427376 0.24619 -1.75638 2.58705 -2.94024</i>
                        <i>0.423808 0.899862 0.103128 -0.265696 0.0146628 0.963945 0.865906 -0.435929 0.245304 -1.75497 2.59832 -2.93987</i>
                        <i>0.424834 0.899359 0.103293 -0.265744 0.0148217 0.96393 0.865388 -0.436959 0.245296 -1.75473 2.60448 -2.93981</i>
                        <i>0.422268 0.900661 0.102467 -0.265823 0.0149664 0.963906 0.866619 -0.434265 0.245736 -1.75511 2.60577 -2.93992</i>
                        <i>0.419859 0.901874 0.101692 -0.265913 0.0151104 0.963879 0.867761 -0.431734 0.246165 -1.75552 2.60565 -2.94004</i>
                        <i>0.417798 0.902905 0.101027 -0.266015 0.0152458 0.963848 0.868724 -0.429569 0.246556 -1.75596 2.60449 -2.94017</i>
                        <i>0.416279 0.903662 0.100536 -0.266127 0.015365 0.963816 0.869418 -0.427972 0.246885 -1.75642 2.60268 -2.9403</i>
                        <i>0.415496 0.904051 0.100279 -0.266247 0.0154606 0.963781 0.869756 -0.427146 0.247125 -1.75689 2.6006 -2.94043</i>
