<?xml version="1.0" encoding="ISO-8859-1" ?>
<Animl Version="1">
    <ModellingPackage><![CDATA[Maya.2010]]></ModellingPackage>
    <SrcFile><![CDATA[anims\turrets\artillery\blue\~src\artillery_m102\artillery_m102_idle_crewman_b.mb]]></SrcFile>
    <FramesPerSecond>30</FramesPerSecond>
    <TotalFrames>240</TotalFrames>
    <Skeleton>
        <RefFrame>
            <Name><![CDATA[soldier_ref_frame]]></Name>
            <Exclude>0</Exclude>
            <Additive>0</Additive>
            <IKPriority>0</IKPriority>
            <IKRotLimits>-1e+010 -1e+010 -1e+010 1e+010 1e+010 1e+010</IKRotLimits>
            <IKRotLimitOrder>0</IKRotLimitOrder>
            <KeyFrames count="240">
                <i>1 0 0 0 1 0 0 0 1 -0.72 1.59 -1.73</i>
                <i>1 0 0 0 1 0 0 0 1 -0.72 1.59 -1.73</i>
                <i>1 0 0 0 1 0 0 0 1 -0.72 1.59 -1.73</i>
                <i>1 0 0 0 1 0 0 0 1 -0.72 1.59 -1.73</i>
                <i>1 0 0 0 1 0 0 0 1 -0.72 1.59 -1.73</i>
                <i>1 0 0 0 1 0 0 0 1 -0.72 1.59 -1.73</i>
                <i>1 0 0 0 1 0 0 0 1 -0.72 1.59 -1.73</i>
                <i>1 0 0 0 1 0 0 0 1 -0.72 1.59 -1.73</i>
                <i>1 0 0 0 1 0 0 0 1 -0.72 1.59 -1.73</i>
                <i>1 0 0 0 1 0 0 0 1 -0.72 1.59 -1.73</i>
                <i>1 0 0 0 1 0 0 0 1 -0.72 1.59 -1.73</i>
                <i>1 0 0 0 1 0 0 0 1 -0.72 1.59 -1.73</i>
                <i>1 0 0 0 1 0 0 0 1 -0.72 1.59 -1.73</i>
                <i>1 0 0 0 1 0 0 0 1 -0.72 1.59 -1.73</i>
                <i>1 0 0 0 1 0 0 0 1 -0.72 1.59 -1.73</i>
                <i>1 0 0 0 1 0 0 0 1 -0.72 1.59 -1.73</i>
                <i>1 0 0 0 1 0 0 0 1 -0.72 1.59 -1.73</i>
                <i>1 0 0 0 1 0 0 0 1 -0.72 1.59 -1.73</i>
                <i>1 0 0 0 1 0 0 0 1 -0.72 1.59 -1.73</i>
                <i>1 0 0 0 1 0 0 0 1 -0.72 1.59 -1.73</i>
                <i>1 0 0 0 1 0 0 0 1 -0.72 1.59 -1.73</i>
                <i>1 0 0 0 1 0 0 0 1 -0.72 1.59 -1.73</i>
                <i>1 0 0 0 1 0 0 0 1 -0.72 1.59 -1.73</i>
                <i>1 0 0 0 1 0 0 0 1 -0.72 1.59 -1.73</i>
                <i>1 0 0 0 1 0 0 0 1 -0.72 1.59 -1.73</i>
                <i>1 0 0 0 1 0 0 0 1 -0.72 1.59 -1.73</i>
                <i>1 0 0 0 1 0 0 0 1 -0.72 1.59 -1.73</i>
                <i>1 0 0 0 1 0 0 0 1 -0.72 1.59 -1.73</i>
                <i>1 0 0 0 1 0 0 0 1 -0.72 1.59 -1.73</i>
                <i>1 0 0 0 1 0 0 0 1 -0.72 1.59 -1.73</i>
                <i>1 0 0 0 1 0 0 0 1 -0.72 1.59 -1.73</i>
                <i>1 0 0 0 1 0 0 0 1 -0.72 1.59 -1.73</i>
                <i>1 0 0 0 1 0 0 0 1 -0.72 1.59 -1.73</i>
                <i>1 0 0 0 1 0 0 0 1 -0.72 1.59 -1.73</i>
                <i>1 0 0 0 1 0 0 0 1 -0.72 1.59 -1.73</i>
                <i>1 0 0 0 1 0 0 0 1 -0.72 1.59 -1.73</i>
                <i>1 0 0 0 1 0 0 0 1 -0.72 1.59 -1.73</i>
                <i>1 0 0 0 1 0 0 0 1 -0.72 1.59 -1.73</i>
                <i>1 0 0 0 1 0 0 0 1 -0.72 1.59 -1.73</i>
                <i>1 0 0 0 1 0 0 0 1 -0.72 1.59 -1.73</i>
                <i>1 0 0 0 1 0 0 0 1 -0.72 1.59 -1.73</i>
                <i>1 0 0 0 1 0 0 0 1 -0.72 1.59 -1.73</i>
                <i>1 0 0 0 1 0 0 0 1 -0.72 1.59 -1.73</i>
                <i>1 0 0 0 1 0 0 0 1 -0.72 1.59 -1.73</i>
                <i>1 0 0 0 1 0 0 0 1 -0.72 1.59 -1.73</i>
                <i>1 0 0 0 1 0 0 0 1 -0.72 1.59 -1.73</i>
                <i>1 0 0 0 1 0 0 0 1 -0.72 1.59 -1.73</i>
                <i>1 0 0 0 1 0 0 0 1 -0.72 1.59 -1.73</i>
                <i>1 0 0 0 1 0 0 0 1 -0.72 1.59 -1.73</i>
                <i>1 0 0 0 1 0 0 0 1 -0.72 1.59 -1.73</i>
                <i>1 0 0 0 1 0 0 0 1 -0.72 1.59 -1.73</i>
                <i>1 0 0 0 1 0 0 0 1 -0.72 1.59 -1.73</i>
                <i>1 0 0 0 1 0 0 0 1 -0.72 1.59 -1.73</i>
                <i>1 0 0 0 1 0 0 0 1 -0.72 1.59 -1.73</i>
                <i>1 0 0 0 1 0 0 0 1 -0.72 1.59 -1.73</i>
                <i>1 0 0 0 1 0 0 0 1 -0.72 1.59 -1.73</i>
                <i>1 0 0 0 1 0 0 0 1 -0.72 1.59 -1.73</i>
                <i>1 0 0 0 1 0 0 0 1 -0.72 1.59 -1.73</i>
                <i>1 0 0 0 1 0 0 0 1 -0.72 1.59 -1.73</i>
                <i>1 0 0 0 1 0 0 0 1 -0.72 1.59 -1.73</i>
                <i>1 0 0 0 1 0 0 0 1 -0.72 1.59 -1.73</i>
                <i>1 0 0 0 1 0 0 0 1 -0.72 1.59 -1.73</i>
                <i>1 0 0 0 1 0 0 0 1 -0.72 1.59 -1.73</i>
                <i>1 0 0 0 1 0 0 0 1 -0.72 1.59 -1.73</i>
                <i>1 0 0 0 1 0 0 0 1 -0.72 1.59 -1.73</i>
                <i>1 0 0 0 1 0 0 0 1 -0.72 1.59 -1.73</i>
                <i>1 0 0 0 1 0 0 0 1 -0.72 1.59 -1.73</i>
                <i>1 0 0 0 1 0 0 0 1 -0.72 1.59 -1.73</i>
                <i>1 0 0 0 1 0 0 0 1 -0.72 1.59 -1.73</i>
                <i>1 0 0 0 1 0 0 0 1 -0.72 1.59 -1.73</i>
                <i>1 0 0 0 1 0 0 0 1 -0.72 1.59 -1.73</i>
                <i>1 0 0 0 1 0 0 0 1 -0.72 1.59 -1.73</i>
                <i>1 0 0 0 1 0 0 0 1 -0.72 1.59 -1.73</i>
                <i>1 0 0 0 1 0 0 0 1 -0.72 1.59 -1.73</i>
                <i>1 0 0 0 1 0 0 0 1 -0.72 1.59 -1.73</i>
                <i>1 0 0 0 1 0 0 0 1 -0.72 1.59 -1.73</i>
                <i>1 0 0 0 1 0 0 0 1 -0.72 1.59 -1.73</i>
                <i>1 0 0 0 1 0 0 0 1 -0.72 1.59 -1.73</i>
                <i>1 0 0 0 1 0 0 0 1 -0.72 1.59 -1.73</i>
                <i>1 0 0 0 1 0 0 0 1 -0.72 1.59 -1.73</i>
                <i>1 0 0 0 1 0 0 0 1 -0.72 1.59 -1.73</i>
                <i>1 0 0 0 1 0 0 0 1 -0.72 1.59 -1.73</i>
                <i>1 0 0 0 1 0 0 0 1 -0.72 1.59 -1.73</i>
                <i>1 0 0 0 1 0 0 0 1 -0.72 1.59 -1.73</i>
                <i>1 0 0 0 1 0 0 0 1 -0.72 1.59 -1.73</i>
                <i>1 0 0 0 1 0 0 0 1 -0.72 1.59 -1.73</i>
                <i>1 0 0 0 1 0 0 0 1 -0.72 1.59 -1.73</i>
                <i>1 0 0 0 1 0 0 0 1 -0.72 1.59 -1.73</i>
                <i>1 0 0 0 1 0 0 0 1 -0.72 1.59 -1.73</i>
                <i>1 0 0 0 1 0 0 0 1 -0.72 1.59 -1.73</i>
                <i>1 0 0 0 1 0 0 0 1 -0.72 1.59 -1.73</i>
                <i>1 0 0 0 1 0 0 0 1 -0.72 1.59 -1.73</i>
                <i>1 0 0 0 1 0 0 0 1 -0.72 1.59 -1.73</i>
                <i>1 0 0 0 1 0 0 0 1 -0.72 1.59 -1.73</i>
                <i>1 0 0 0 1 0 0 0 1 -0.72 1.59 -1.73</i>
                <i>1 0 0 0 1 0 0 0 1 -0.72 1.59 -1.73</i>
                <i>1 0 0 0 1 0 0 0 1 -0.72 1.59 -1.73</i>
                <i>1 0 0 0 1 0 0 0 1 -0.72 1.59 -1.73</i>
                <i>1 0 0 0 1 0 0 0 1 -0.72 1.59 -1.73</i>
                <i>1 0 0 0 1 0 0 0 1 -0.72 1.59 -1.73</i>
                <i>1 0 0 0 1 0 0 0 1 -0.72 1.59 -1.73</i>
                <i>1 0 0 0 1 0 0 0 1 -0.72 1.59 -1.73</i>
                <i>1 0 0 0 1 0 0 0 1 -0.72 1.59 -1.73</i>
                <i>1 0 0 0 1 0 0 0 1 -0.72 1.59 -1.73</i>
                <i>1 0 0 0 1 0 0 0 1 -0.72 1.59 -1.73</i>
                <i>1 0 0 0 1 0 0 0 1 -0.72 1.59 -1.73</i>
                <i>1 0 0 0 1 0 0 0 1 -0.72 1.59 -1.73</i>
                <i>1 0 0 0 1 0 0 0 1 -0.72 1.59 -1.73</i>
                <i>1 0 0 0 1 0 0 0 1 -0.72 1.59 -1.73</i>
                <i>1 0 0 0 1 0 0 0 1 -0.72 1.59 -1.73</i>
                <i>1 0 0 0 1 0 0 0 1 -0.72 1.59 -1.73</i>
                <i>1 0 0 0 1 0 0 0 1 -0.72 1.59 -1.73</i>
                <i>1 0 0 0 1 0 0 0 1 -0.72 1.59 -1.73</i>
                <i>1 0 0 0 1 0 0 0 1 -0.72 1.59 -1.73</i>
                <i>1 0 0 0 1 0 0 0 1 -0.72 1.59 -1.73</i>
                <i>1 0 0 0 1 0 0 0 1 -0.72 1.59 -1.73</i>
                <i>1 0 0 0 1 0 0 0 1 -0.72 1.59 -1.73</i>
                <i>1 0 0 0 1 0 0 0 1 -0.72 1.59 -1.73</i>
                <i>1 0 0 0 1 0 0 0 1 -0.72 1.59 -1.73</i>
                <i>1 0 0 0 1 0 0 0 1 -0.72 1.59 -1.73</i>
                <i>1 0 0 0 1 0 0 0 1 -0.72 1.59 -1.73</i>
                <i>1 0 0 0 1 0 0 0 1 -0.72 1.59 -1.73</i>
                <i>1 0 0 0 1 0 0 0 1 -0.72 1.59 -1.73</i>
                <i>1 0 0 0 1 0 0 0 1 -0.72 1.59 -1.73</i>
                <i>1 0 0 0 1 0 0 0 1 -0.72 1.59 -1.73</i>
                <i>1 0 0 0 1 0 0 0 1 -0.72 1.59 -1.73</i>
                <i>1 0 0 0 1 0 0 0 1 -0.72 1.59 -1.73</i>
                <i>1 0 0 0 1 0 0 0 1 -0.72 1.59 -1.73</i>
                <i>1 0 0 0 1 0 0 0 1 -0.72 1.59 -1.73</i>
                <i>1 0 0 0 1 0 0 0 1 -0.72 1.59 -1.73</i>
                <i>1 0 0 0 1 0 0 0 1 -0.72 1.59 -1.73</i>
                <i>1 0 0 0 1 0 0 0 1 -0.72 1.59 -1.73</i>
                <i>1 0 0 0 1 0 0 0 1 -0.72 1.59 -1.73</i>
                <i>1 0 0 0 1 0 0 0 1 -0.72 1.59 -1.73</i>
                <i>1 0 0 0 1 0 0 0 1 -0.72 1.59 -1.73</i>
                <i>1 0 0 0 1 0 0 0 1 -0.72 1.59 -1.73</i>
                <i>1 0 0 0 1 0 0 0 1 -0.72 1.59 -1.73</i>
                <i>1 0 0 0 1 0 0 0 1 -0.72 1.59 -1.73</i>
                <i>1 0 0 0 1 0 0 0 1 -0.72 1.59 -1.73</i>
                <i>1 0 0 0 1 0 0 0 1 -0.72 1.59 -1.73</i>
                <i>1 0 0 0 1 0 0 0 1 -0.72 1.59 -1.73</i>
                <i>1 0 0 0 1 0 0 0 1 -0.72 1.59 -1.73</i>
                <i>1 0 0 0 1 0 0 0 1 -0.72 1.59 -1.73</i>
                <i>1 0 0 0 1 0 0 0 1 -0.72 1.59 -1.73</i>
                <i>1 0 0 0 1 0 0 0 1 -0.72 1.59 -1.73</i>
                <i>1 0 0 0 1 0 0 0 1 -0.72 1.59 -1.73</i>
                <i>1 0 0 0 1 0 0 0 1 -0.72 1.59 -1.73</i>
                <i>1 0 0 0 1 0 0 0 1 -0.72 1.59 -1.73</i>
                <i>1 0 0 0 1 0 0 0 1 -0.72 1.59 -1.73</i>
                <i>1 0 0 0 1 0 0 0 1 -0.72 1.59 -1.73</i>
                <i>1 0 0 0 1 0 0 0 1 -0.72 1.59 -1.73</i>
                <i>1 0 0 0 1 0 0 0 1 -0.72 1.59 -1.73</i>
                <i>1 0 0 0 1 0 0 0 1 -0.72 1.59 -1.73</i>
                <i>1 0 0 0 1 0 0 0 1 -0.72 1.59 -1.73</i>
                <i>1 0 0 0 1 0 0 0 1 -0.72 1.59 -1.73</i>
                <i>1 0 0 0 1 0 0 0 1 -0.72 1.59 -1.73</i>
                <i>1 0 0 0 1 0 0 0 1 -0.72 1.59 -1.73</i>
                <i>1 0 0 0 1 0 0 0 1 -0.72 1.59 -1.73</i>
                <i>1 0 0 0 1 0 0 0 1 -0.72 1.59 -1.73</i>
                <i>1 0 0 0 1 0 0 0 1 -0.72 1.59 -1.73</i>
                <i>1 0 0 0 1 0 0 0 1 -0.72 1.59 -1.73</i>
                <i>1 0 0 0 1 0 0 0 1 -0.72 1.59 -1.73</i>
                <i>1 0 0 0 1 0 0 0 1 -0.72 1.59 -1.73</i>
                <i>1 0 0 0 1 0 0 0 1 -0.72 1.59 -1.73</i>
                <i>1 0 0 0 1 0 0 0 1 -0.72 1.59 -1.73</i>
                <i>1 0 0 0 1 0 0 0 1 -0.72 1.59 -1.73</i>
                <i>1 0 0 0 1 0 0 0 1 -0.72 1.59 -1.73</i>
                <i>1 0 0 0 1 0 0 0 1 -0.72 1.59 -1.73</i>
                <i>1 0 0 0 1 0 0 0 1 -0.72 1.59 -1.73</i>
                <i>1 0 0 0 1 0 0 0 1 -0.72 1.59 -1.73</i>
                <i>1 0 0 0 1 0 0 0 1 -0.72 1.59 -1.73</i>
                <i>1 0 0 0 1 0 0 0 1 -0.72 1.59 -1.73</i>
                <i>1 0 0 0 1 0 0 0 1 -0.72 1.59 -1.73</i>
                <i>1 0 0 0 1 0 0 0 1 -0.72 1.59 -1.73</i>
                <i>1 0 0 0 1 0 0 0 1 -0.72 1.59 -1.73</i>
                <i>1 0 0 0 1 0 0 0 1 -0.72 1.59 -1.73</i>
                <i>1 0 0 0 1 0 0 0 1 -0.72 1.59 -1.73</i>
                <i>1 0 0 0 1 0 0 0 1 -0.72 1.59 -1.73</i>
                <i>1 0 0 0 1 0 0 0 1 -0.72 1.59 -1.73</i>
                <i>1 0 0 0 1 0 0 0 1 -0.72 1.59 -1.73</i>
                <i>1 0 0 0 1 0 0 0 1 -0.72 1.59 -1.73</i>
                <i>1 0 0 0 1 0 0 0 1 -0.72 1.59 -1.73</i>
                <i>1 0 0 0 1 0 0 0 1 -0.72 1.59 -1.73</i>
                <i>1 0 0 0 1 0 0 0 1 -0.72 1.59 -1.73</i>
                <i>1 0 0 0 1 0 0 0 1 -0.72 1.59 -1.73</i>
                <i>1 0 0 0 1 0 0 0 1 -0.72 1.59 -1.73</i>
                <i>1 0 0 0 1 0 0 0 1 -0.72 1.59 -1.73</i>
                <i>1 0 0 0 1 0 0 0 1 -0.72 1.59 -1.73</i>
                <i>1 0 0 0 1 0 0 0 1 -0.72 1.59 -1.73</i>
                <i>1 0 0 0 1 0 0 0 1 -0.72 1.59 -1.73</i>
                <i>1 0 0 0 1 0 0 0 1 -0.72 1.59 -1.73</i>
                <i>1 0 0 0 1 0 0 0 1 -0.72 1.59 -1.73</i>
                <i>1 0 0 0 1 0 0 0 1 -0.72 1.59 -1.73</i>
                <i>1 0 0 0 1 0 0 0 1 -0.72 1.59 -1.73</i>
                <i>1 0 0 0 1 0 0 0 1 -0.72 1.59 -1.73</i>
                <i>1 0 0 0 1 0 0 0 1 -0.72 1.59 -1.73</i>
                <i>1 0 0 0 1 0 0 0 1 -0.72 1.59 -1.73</i>
                <i>1 0 0 0 1 0 0 0 1 -0.72 1.59 -1.73</i>
                <i>1 0 0 0 1 0 0 0 1 -0.72 1.59 -1.73</i>
                <i>1 0 0 0 1 0 0 0 1 -0.72 1.59 -1.73</i>
                <i>1 0 0 0 1 0 0 0 1 -0.72 1.59 -1.73</i>
                <i>1 0 0 0 1 0 0 0 1 -0.72 1.59 -1.73</i>
                <i>1 0 0 0 1 0 0 0 1 -0.72 1.59 -1.73</i>
                <i>1 0 0 0 1 0 0 0 1 -0.72 1.59 -1.73</i>
                <i>1 0 0 0 1 0 0 0 1 -0.72 1.59 -1.73</i>
                <i>1 0 0 0 1 0 0 0 1 -0.72 1.59 -1.73</i>
                <i>1 0 0 0 1 0 0 0 1 -0.72 1.59 -1.73</i>
                <i>1 0 0 0 1 0 0 0 1 -0.72 1.59 -1.73</i>
                <i>1 0 0 0 1 0 0 0 1 -0.72 1.59 -1.73</i>
                <i>1 0 0 0 1 0 0 0 1 -0.72 1.59 -1.73</i>
                <i>1 0 0 0 1 0 0 0 1 -0.72 1.59 -1.73</i>
                <i>1 0 0 0 1 0 0 0 1 -0.72 1.59 -1.73</i>
                <i>1 0 0 0 1 0 0 0 1 -0.72 1.59 -1.73</i>
                <i>1 0 0 0 1 0 0 0 1 -0.72 1.59 -1.73</i>
                <i>1 0 0 0 1 0 0 0 1 -0.72 1.59 -1.73</i>
                <i>1 0 0 0 1 0 0 0 1 -0.72 1.59 -1.73</i>
                <i>1 0 0 0 1 0 0 0 1 -0.72 1.59 -1.73</i>
                <i>1 0 0 0 1 0 0 0 1 -0.72 1.59 -1.73</i>
                <i>1 0 0 0 1 0 0 0 1 -0.72 1.59 -1.73</i>
                <i>1 0 0 0 1 0 0 0 1 -0.72 1.59 -1.73</i>
                <i>1 0 0 0 1 0 0 0 1 -0.72 1.59 -1.73</i>
                <i>1 0 0 0 1 0 0 0 1 -0.72 1.59 -1.73</i>
                <i>1 0 0 0 1 0 0 0 1 -0.72 1.59 -1.73</i>
                <i>1 0 0 0 1 0 0 0 1 -0.72 1.59 -1.73</i>
                <i>1 0 0 0 1 0 0 0 1 -0.72 1.59 -1.73</i>
                <i>1 0 0 0 1 0 0 0 1 -0.72 1.59 -1.73</i>
                <i>1 0 0 0 1 0 0 0 1 -0.72 1.59 -1.73</i>
                <i>1 0 0 0 1 0 0 0 1 -0.72 1.59 -1.73</i>
                <i>1 0 0 0 1 0 0 0 1 -0.72 1.59 -1.73</i>
                <i>1 0 0 0 1 0 0 0 1 -0.72 1.59 -1.73</i>
                <i>1 0 0 0 1 0 0 0 1 -0.72 1.59 -1.73</i>
                <i>1 0 0 0 1 0 0 0 1 -0.72 1.59 -1.73</i>
                <i>1 0 0 0 1 0 0 0 1 -0.72 1.59 -1.73</i>
                <i>1 0 0 0 1 0 0 0 1 -0.72 1.59 -1.73</i>
                <i>1 0 0 0 1 0 0 0 1 -0.72 1.59 -1.73</i>
                <i>1 0 0 0 1 0 0 0 1 -0.72 1.59 -1.73</i>
                <i>1 0 0 0 1 0 0 0 1 -0.72 1.59 -1.73</i>
                <i>1 0 0 0 1 0 0 0 1 -0.72 1.59 -1.73</i>
                <i>1 0 0 0 1 0 0 0 1 -0.72 1.59 -1.73</i>
                <i>1 0 0 0 1 0 0 0 1 -0.72 1.59 -1.73</i>
            </KeyFrames>
        </RefFrame>
        <Bones count="23">
            <i>
                <p>
                    <Name><![CDATA[pelvis]]></Name>
                    <Exclude>0</Exclude>
                    <Additive>0</Additive>
                    <IKPriority>0</IKPriority>
                    <IKRotLimits>-1e+010 -1e+010 -1e+010 1e+010 1e+010 1e+010</IKRotLimits>
                    <IKRotLimitOrder>2</IKRotLimitOrder>
                    <KeyFrames count="240">
                        <i>1 0 0 0 1 0 0 0 1 -1.31388 2.81402 -1.4542</i>
                        <i>1 0 0 0 1 0 0 0 1 -1.31388 2.81402 -1.4542</i>
                        <i>1 0 0 0 1 0 0 0 1 -1.31388 2.81402 -1.4542</i>
                        <i>1 0 0 0 1 0 0 0 1 -1.31388 2.81402 -1.4542</i>
                        <i>1 0 0 0 1 0 0 0 1 -1.31388 2.81402 -1.4542</i>
                        <i>1 0 0 0 1 0 0 0 1 -1.31388 2.81402 -1.4542</i>
                        <i>1 0 0 0 1 0 0 0 1 -1.31388 2.81402 -1.4542</i>
                        <i>1 0 0 0 1 0 0 0 1 -1.31388 2.81402 -1.4542</i>
                        <i>1 0 0 0 1 0 0 0 1 -1.31388 2.81402 -1.4542</i>
                        <i>1 0 0 0 1 0 0 0 1 -1.31388 2.81402 -1.4542</i>
                        <i>1 0 0 0 1 0 0 0 1 -1.31388 2.81402 -1.4542</i>
                        <i>1 0 0 0 1 0 0 0 1 -1.31388 2.81402 -1.4542</i>
                        <i>1 0 0 0 1 0 0 0 1 -1.31388 2.81402 -1.4542</i>
                        <i>1 0 0 0 1 0 0 0 1 -1.31388 2.81402 -1.4542</i>
                        <i>1 0 0 0 1 0 0 0 1 -1.31388 2.81402 -1.4542</i>
                        <i>1 0 0 0 1 0 0 0 1 -1.31388 2.81402 -1.4542</i>
                        <i>1 0 0 0 1 0 0 0 1 -1.31388 2.81402 -1.4542</i>
                        <i>1 0 0 0 1 0 0 0 1 -1.31388 2.81402 -1.4542</i>
                        <i>1 0 0 0 1 0 0 0 1 -1.31388 2.81402 -1.4542</i>
                        <i>1 0 0 0 1 0 0 0 1 -1.31388 2.81402 -1.4542</i>
                        <i>1 0 0 0 1 0 0 0 1 -1.31388 2.81402 -1.4542</i>
                        <i>1 0 0 0 1 0 0 0 1 -1.31388 2.81402 -1.4542</i>
                        <i>1 0 0 0 1 0 0 0 1 -1.31388 2.81402 -1.4542</i>
                        <i>1 0 0 0 1 0 0 0 1 -1.31388 2.81402 -1.4542</i>
                        <i>1 0 0 0 1 0 0 0 1 -1.31388 2.81402 -1.4542</i>
                        <i>1 0 0 0 1 0 0 0 1 -1.31388 2.81402 -1.4542</i>
                        <i>1 0 0 0 1 0 0 0 1 -1.31388 2.81402 -1.4542</i>
                        <i>1 0 0 0 1 0 0 0 1 -1.31388 2.81402 -1.4542</i>
                        <i>1 0 0 0 1 0 0 0 1 -1.31388 2.81402 -1.4542</i>
                        <i>1 0 0 0 1 0 0 0 1 -1.31388 2.81402 -1.4542</i>
                        <i>1 0 0 0 1 0 0 0 1 -1.31388 2.81402 -1.4542</i>
                        <i>1 0 0 0 1 0 0 0 1 -1.31388 2.81402 -1.4542</i>
                        <i>1 0 0 0 1 0 0 0 1 -1.31388 2.81402 -1.4542</i>
                        <i>1 0 0 0 1 0 0 0 1 -1.31388 2.81402 -1.4542</i>
                        <i>1 0 0 0 1 0 0 0 1 -1.31388 2.81402 -1.4542</i>
                        <i>1 0 0 0 1 0 0 0 1 -1.31388 2.81402 -1.4542</i>
                        <i>1 0 0 0 1 0 0 0 1 -1.31388 2.81402 -1.4542</i>
                        <i>1 0 0 0 1 0 0 0 1 -1.31388 2.81402 -1.4542</i>
                        <i>1 0 0 0 1 0 0 0 1 -1.31388 2.81402 -1.4542</i>
                        <i>1 0 0 0 1 0 0 0 1 -1.31388 2.81402 -1.4542</i>
                        <i>1 0 0 0 1 0 0 0 1 -1.31388 2.81402 -1.4542</i>
                        <i>1 0 0 0 1 0 0 0 1 -1.31388 2.81402 -1.4542</i>
                        <i>1 0 0 0 1 0 0 0 1 -1.31388 2.81402 -1.4542</i>
                        <i>1 0 0 0 1 0 0 0 1 -1.31388 2.81402 -1.4542</i>
                        <i>1 0 0 0 1 0 0 0 1 -1.31388 2.81402 -1.4542</i>
                        <i>1 0 0 0 1 0 0 0 1 -1.31388 2.81402 -1.4542</i>
                        <i>1 0 0 0 1 0 0 0 1 -1.31388 2.81402 -1.4542</i>
                        <i>1 0 0 0 1 0 0 0 1 -1.31388 2.81402 -1.4542</i>
                        <i>1 0 0 0 1 0 0 0 1 -1.31388 2.81402 -1.4542</i>
                        <i>1 0 0 0 1 0 0 0 1 -1.31388 2.81402 -1.4542</i>
                        <i>1 0 0 0 1 0 0 0 1 -1.31388 2.81402 -1.4542</i>
                        <i>1 0 0 0 1 0 0 0 1 -1.31388 2.81402 -1.4542</i>
                        <i>1 0 0 0 1 0 0 0 1 -1.31388 2.81402 -1.4542</i>
                        <i>1 0 0 0 1 0 0 0 1 -1.31388 2.81402 -1.4542</i>
                        <i>1 0 0 0 1 0 0 0 1 -1.31388 2.81402 -1.4542</i>
                        <i>1 0 0 0 1 0 0 0 1 -1.31388 2.81402 -1.4542</i>
                        <i>1 0 0 0 1 0 0 0 1 -1.31388 2.81402 -1.4542</i>
                        <i>1 0 0 0 1 0 0 0 1 -1.31388 2.81402 -1.4542</i>
                        <i>1 0 0 0 1 0 0 0 1 -1.31388 2.81402 -1.4542</i>
                        <i>1 0 0 0 1 0 0 0 1 -1.31388 2.81402 -1.4542</i>
                        <i>1 0 0 0 1 0 0 0 1 -1.31388 2.81402 -1.4542</i>
                        <i>1 0 0 0 1 0 0 0 1 -1.31388 2.81402 -1.4542</i>
                        <i>1 0 0 0 1 0 0 0 1 -1.31388 2.81402 -1.4542</i>
                        <i>1 0 0 0 1 0 0 0 1 -1.31388 2.81402 -1.4542</i>
                        <i>1 0 0 0 1 0 0 0 1 -1.31388 2.81402 -1.4542</i>
                        <i>1 0 0 0 1 0 0 0 1 -1.31388 2.81402 -1.4542</i>
                        <i>1 0 0 0 1 0 0 0 1 -1.31388 2.81402 -1.4542</i>
                        <i>1 0 0 0 1 0 0 0 1 -1.31388 2.81402 -1.4542</i>
                        <i>1 0 0 0 1 0 0 0 1 -1.31388 2.81402 -1.4542</i>
                        <i>1 0 0 0 1 0 0 0 1 -1.31388 2.81402 -1.4542</i>
                        <i>1 0 0 0 1 0 0 0 1 -1.31388 2.81402 -1.4542</i>
                        <i>1 0 0 0 1 0 0 0 1 -1.31388 2.81402 -1.4542</i>
                        <i>1 0 0 0 1 0 0 0 1 -1.31388 2.81402 -1.4542</i>
                        <i>1 0 0 0 1 0 0 0 1 -1.31388 2.81402 -1.4542</i>
                        <i>1 0 0 0 1 0 0 0 1 -1.31388 2.81402 -1.4542</i>
                        <i>1 0 0 0 1 0 0 0 1 -1.31388 2.81402 -1.4542</i>
                        <i>1 0 0 0 1 0 0 0 1 -1.31388 2.81402 -1.4542</i>
                        <i>1 0 0 0 1 0 0 0 1 -1.31388 2.81402 -1.4542</i>
                        <i>1 0 0 0 1 0 0 0 1 -1.31388 2.81402 -1.4542</i>
                        <i>1 0 0 0 1 0 0 0 1 -1.31388 2.81402 -1.4542</i>
                        <i>1 0 0 0 1 0 0 0 1 -1.31388 2.81402 -1.4542</i>
                        <i>1 0 0 0 1 0 0 0 1 -1.31388 2.81402 -1.4542</i>
                        <i>1 0 0 0 1 0 0 0 1 -1.31388 2.81402 -1.4542</i>
                        <i>1 0 0 0 1 0 0 0 1 -1.31388 2.81402 -1.4542</i>
                        <i>1 0 0 0 1 0 0 0 1 -1.31388 2.81402 -1.4542</i>
                        <i>1 0 0 0 1 0 0 0 1 -1.31388 2.81402 -1.4542</i>
                        <i>1 0 0 0 1 0 0 0 1 -1.31388 2.81402 -1.4542</i>
                        <i>1 0 0 0 1 0 0 0 1 -1.31388 2.81402 -1.4542</i>
                        <i>1 0 0 0 1 0 0 0 1 -1.31388 2.81402 -1.4542</i>
                        <i>1 0 0 0 1 0 0 0 1 -1.31388 2.81402 -1.4542</i>
                        <i>1 0 0 0 1 0 0 0 1 -1.31388 2.81402 -1.4542</i>
                        <i>1 0 0 0 1 0 0 0 1 -1.31388 2.81402 -1.4542</i>
                        <i>1 0 0 0 1 0 0 0 1 -1.31388 2.81402 -1.4542</i>
                        <i>1 0 0 0 1 0 0 0 1 -1.31388 2.81402 -1.4542</i>
                        <i>1 0 0 0 1 0 0 0 1 -1.31388 2.81402 -1.4542</i>
                        <i>1 0 0 0 1 0 0 0 1 -1.31388 2.81402 -1.4542</i>
                        <i>1 0 0 0 1 0 0 0 1 -1.31388 2.81402 -1.4542</i>
                        <i>1 0 0 0 1 0 0 0 1 -1.31388 2.81402 -1.4542</i>
                        <i>1 0 0 0 1 0 0 0 1 -1.31388 2.81402 -1.4542</i>
                        <i>1 0 0 0 1 0 0 0 1 -1.31388 2.81402 -1.4542</i>
                        <i>1 0 0 0 1 0 0 0 1 -1.31388 2.81402 -1.4542</i>
                        <i>1 0 0 0 1 0 0 0 1 -1.31388 2.81402 -1.4542</i>
                        <i>1 0 0 0 1 0 0 0 1 -1.31388 2.81402 -1.4542</i>
                        <i>1 0 0 0 1 0 0 0 1 -1.31388 2.81402 -1.4542</i>
                        <i>1 0 0 0 1 0 0 0 1 -1.31388 2.81402 -1.4542</i>
                        <i>1 0 0 0 1 0 0 0 1 -1.31388 2.81402 -1.4542</i>
                        <i>1 0 0 0 1 0 0 0 1 -1.31388 2.81402 -1.4542</i>
                        <i>1 0 0 0 1 0 0 0 1 -1.31388 2.81402 -1.4542</i>
                        <i>1 0 0 0 1 0 0 0 1 -1.31388 2.81402 -1.4542</i>
                        <i>1 0 0 0 1 0 0 0 1 -1.31388 2.81402 -1.4542</i>
                        <i>1 0 0 0 1 0 0 0 1 -1.31388 2.81402 -1.4542</i>
                        <i>1 0 0 0 1 0 0 0 1 -1.31388 2.81402 -1.4542</i>
                        <i>1 0 0 0 1 0 0 0 1 -1.31388 2.81402 -1.4542</i>
                        <i>1 0 0 0 1 0 0 0 1 -1.31388 2.81402 -1.4542</i>
                        <i>1 0 0 0 1 0 0 0 1 -1.31388 2.81402 -1.4542</i>
                        <i>1 0 0 0 1 0 0 0 1 -1.31388 2.81402 -1.4542</i>
                        <i>1 0 0 0 1 0 0 0 1 -1.31388 2.81402 -1.4542</i>
                        <i>1 0 0 0 1 0 0 0 1 -1.31388 2.81402 -1.4542</i>
                        <i>1 0 0 0 1 0 0 0 1 -1.31388 2.81402 -1.4542</i>
                        <i>1 0 0 0 1 0 0 0 1 -1.31388 2.81402 -1.4542</i>
                        <i>1 0 0 0 1 0 0 0 1 -1.31388 2.81402 -1.4542</i>
                        <i>1 0 0 0 1 0 0 0 1 -1.31388 2.81402 -1.4542</i>
                        <i>1 0 0 0 1 0 0 0 1 -1.31388 2.81402 -1.4542</i>
                        <i>1 0 0 0 1 0 0 0 1 -1.31388 2.81402 -1.4542</i>
                        <i>1 0 0 0 1 0 0 0 1 -1.31388 2.81402 -1.4542</i>
                        <i>1 0 0 0 1 0 0 0 1 -1.31388 2.81402 -1.4542</i>
                        <i>1 0 0 0 1 0 0 0 1 -1.31388 2.81402 -1.4542</i>
                        <i>1 0 0 0 1 0 0 0 1 -1.31388 2.81402 -1.4542</i>
                        <i>1 0 0 0 1 0 0 0 1 -1.31388 2.81402 -1.4542</i>
                        <i>1 0 0 0 1 0 0 0 1 -1.31388 2.81402 -1.4542</i>
                        <i>1 0 0 0 1 0 0 0 1 -1.31388 2.81402 -1.4542</i>
                        <i>1 0 0 0 1 0 0 0 1 -1.31388 2.81402 -1.4542</i>
                        <i>1 0 0 0 1 0 0 0 1 -1.31388 2.81402 -1.4542</i>
                        <i>1 0 0 0 1 0 0 0 1 -1.31388 2.81402 -1.4542</i>
                        <i>1 0 0 0 1 0 0 0 1 -1.31388 2.81402 -1.4542</i>
                        <i>1 0 0 0 1 0 0 0 1 -1.31388 2.81402 -1.4542</i>
                        <i>1 0 0 0 1 0 0 0 1 -1.31388 2.81402 -1.4542</i>
                        <i>1 0 0 0 1 0 0 0 1 -1.31388 2.81402 -1.4542</i>
                        <i>1 0 0 0 1 0 0 0 1 -1.31388 2.81402 -1.4542</i>
                        <i>1 0 0 0 1 0 0 0 1 -1.31388 2.81402 -1.4542</i>
                        <i>1 0 0 0 1 0 0 0 1 -1.31388 2.81402 -1.4542</i>
                        <i>1 0 0 0 1 0 0 0 1 -1.31388 2.81402 -1.4542</i>
                        <i>1 0 0 0 1 0 0 0 1 -1.31388 2.81402 -1.4542</i>
                        <i>1 0 0 0 1 0 0 0 1 -1.31388 2.81402 -1.4542</i>
                        <i>1 0 0 0 1 0 0 0 1 -1.31388 2.81402 -1.4542</i>
                        <i>1 0 0 0 1 0 0 0 1 -1.31388 2.81402 -1.4542</i>
                        <i>1 0 0 0 1 0 0 0 1 -1.31388 2.81402 -1.4542</i>
                        <i>1 0 0 0 1 0 0 0 1 -1.31388 2.81402 -1.4542</i>
                        <i>1 0 0 0 1 0 0 0 1 -1.31388 2.81402 -1.4542</i>
                        <i>1 0 0 0 1 0 0 0 1 -1.31388 2.81402 -1.4542</i>
                        <i>1 0 0 0 1 0 0 0 1 -1.31388 2.81402 -1.4542</i>
                        <i>1 0 0 0 1 0 0 0 1 -1.31388 2.81402 -1.4542</i>
                        <i>1 0 0 0 1 0 0 0 1 -1.31388 2.81402 -1.4542</i>
                        <i>1 0 0 0 1 0 0 0 1 -1.31388 2.81402 -1.4542</i>
                        <i>1 0 0 0 1 0 0 0 1 -1.31388 2.81402 -1.4542</i>
                        <i>1 0 0 0 1 0 0 0 1 -1.31388 2.81402 -1.4542</i>
                        <i>1 0 0 0 1 0 0 0 1 -1.31388 2.81402 -1.4542</i>
                        <i>1 0 0 0 1 0 0 0 1 -1.31388 2.81402 -1.4542</i>
                        <i>1 0 0 0 1 0 0 0 1 -1.31388 2.81402 -1.4542</i>
                        <i>1 0 0 0 1 0 0 0 1 -1.31388 2.81402 -1.4542</i>
                        <i>1 0 0 0 1 0 0 0 1 -1.31388 2.81402 -1.4542</i>
                        <i>1 0 0 0 1 0 0 0 1 -1.31388 2.81402 -1.4542</i>
                        <i>1 0 0 0 1 0 0 0 1 -1.31388 2.81402 -1.4542</i>
                        <i>1 0 0 0 1 0 0 0 1 -1.31388 2.81402 -1.4542</i>
                        <i>1 0 0 0 1 0 0 0 1 -1.31388 2.81402 -1.4542</i>
                        <i>1 0 0 0 1 0 0 0 1 -1.31388 2.81402 -1.4542</i>
                        <i>1 0 0 0 1 0 0 0 1 -1.31388 2.81402 -1.4542</i>
                        <i>1 0 0 0 1 0 0 0 1 -1.31388 2.81402 -1.4542</i>
                        <i>1 0 0 0 1 0 0 0 1 -1.31388 2.81402 -1.4542</i>
                        <i>1 0 0 0 1 0 0 0 1 -1.31388 2.81402 -1.4542</i>
                        <i>1 0 0 0 1 0 0 0 1 -1.31388 2.81402 -1.4542</i>
                        <i>1 0 0 0 1 0 0 0 1 -1.31388 2.81402 -1.4542</i>
                        <i>1 0 0 0 1 0 0 0 1 -1.31388 2.81402 -1.4542</i>
                        <i>1 0 0 0 1 0 0 0 1 -1.31388 2.81402 -1.4542</i>
                        <i>1 0 0 0 1 0 0 0 1 -1.31388 2.81402 -1.4542</i>
                        <i>1 0 0 0 1 0 0 0 1 -1.31388 2.81402 -1.4542</i>
                        <i>1 0 0 0 1 0 0 0 1 -1.31388 2.81402 -1.4542</i>
                        <i>1 0 0 0 1 0 0 0 1 -1.31388 2.81402 -1.4542</i>
                        <i>1 0 0 0 1 0 0 0 1 -1.31388 2.81402 -1.4542</i>
                        <i>1 0 0 0 1 0 0 0 1 -1.31388 2.81402 -1.4542</i>
                        <i>1 0 0 0 1 0 0 0 1 -1.31388 2.81402 -1.4542</i>
                        <i>1 0 0 0 1 0 0 0 1 -1.31388 2.81402 -1.4542</i>
                        <i>1 0 0 0 1 0 0 0 1 -1.31388 2.81402 -1.4542</i>
                        <i>1 0 0 0 1 0 0 0 1 -1.31388 2.81402 -1.4542</i>
                        <i>1 0 0 0 1 0 0 0 1 -1.31388 2.81402 -1.4542</i>
                        <i>1 0 0 0 1 0 0 0 1 -1.31388 2.81402 -1.4542</i>
                        <i>1 0 0 0 1 0 0 0 1 -1.31388 2.81402 -1.4542</i>
                        <i>1 0 0 0 1 0 0 0 1 -1.31388 2.81402 -1.4542</i>
                        <i>1 0 0 0 1 0 0 0 1 -1.31388 2.81402 -1.4542</i>
                        <i>1 0 0 0 1 0 0 0 1 -1.31388 2.81402 -1.4542</i>
                        <i>1 0 0 0 1 0 0 0 1 -1.31388 2.81402 -1.4542</i>
                        <i>1 0 0 0 1 0 0 0 1 -1.31388 2.81402 -1.4542</i>
                        <i>1 0 0 0 1 0 0 0 1 -1.31388 2.81402 -1.4542</i>
                        <i>1 0 0 0 1 0 0 0 1 -1.31388 2.81402 -1.4542</i>
                        <i>1 0 0 0 1 0 0 0 1 -1.31388 2.81402 -1.4542</i>
                        <i>1 0 0 0 1 0 0 0 1 -1.31388 2.81402 -1.4542</i>
                        <i>1 0 0 0 1 0 0 0 1 -1.31388 2.81402 -1.4542</i>
                        <i>1 0 0 0 1 0 0 0 1 -1.31388 2.81402 -1.4542</i>
                        <i>1 0 0 0 1 0 0 0 1 -1.31388 2.81402 -1.4542</i>
                        <i>1 0 0 0 1 0 0 0 1 -1.31388 2.81402 -1.4542</i>
                        <i>1 0 0 0 1 0 0 0 1 -1.31388 2.81402 -1.4542</i>
                        <i>1 0 0 0 1 0 0 0 1 -1.31388 2.81402 -1.4542</i>
                        <i>1 0 0 0 1 0 0 0 1 -1.31388 2.81402 -1.4542</i>
                        <i>1 0 0 0 1 0 0 0 1 -1.31388 2.81402 -1.4542</i>
                        <i>1 0 0 0 1 0 0 0 1 -1.31388 2.81402 -1.4542</i>
                        <i>1 0 0 0 1 0 0 0 1 -1.31388 2.81402 -1.4542</i>
                        <i>1 0 0 0 1 0 0 0 1 -1.31388 2.81402 -1.4542</i>
                        <i>1 0 0 0 1 0 0 0 1 -1.31388 2.81402 -1.4542</i>
                        <i>1 0 0 0 1 0 0 0 1 -1.31388 2.81402 -1.4542</i>
                        <i>1 0 0 0 1 0 0 0 1 -1.31388 2.81402 -1.4542</i>
                        <i>1 0 0 0 1 0 0 0 1 -1.31388 2.81402 -1.4542</i>
                        <i>1 0 0 0 1 0 0 0 1 -1.31388 2.81402 -1.4542</i>
                        <i>1 0 0 0 1 0 0 0 1 -1.31388 2.81402 -1.4542</i>
                        <i>1 0 0 0 1 0 0 0 1 -1.31388 2.81402 -1.4542</i>
                        <i>1 0 0 0 1 0 0 0 1 -1.31388 2.81402 -1.4542</i>
                        <i>1 0 0 0 1 0 0 0 1 -1.31388 2.81402 -1.4542</i>
                        <i>1 0 0 0 1 0 0 0 1 -1.31388 2.81402 -1.4542</i>
                        <i>1 0 0 0 1 0 0 0 1 -1.31388 2.81402 -1.4542</i>
                        <i>1 0 0 0 1 0 0 0 1 -1.31388 2.81402 -1.4542</i>
                        <i>1 0 0 0 1 0 0 0 1 -1.31388 2.81402 -1.4542</i>
                        <i>1 0 0 0 1 0 0 0 1 -1.31388 2.81402 -1.4542</i>
                        <i>1 0 0 0 1 0 0 0 1 -1.31388 2.81402 -1.4542</i>
                        <i>1 0 0 0 1 0 0 0 1 -1.31388 2.81402 -1.4542</i>
                        <i>1 0 0 0 1 0 0 0 1 -1.31388 2.81402 -1.4542</i>
                        <i>1 0 0 0 1 0 0 0 1 -1.31388 2.81402 -1.4542</i>
                        <i>1 0 0 0 1 0 0 0 1 -1.31388 2.81402 -1.4542</i>
                        <i>1 0 0 0 1 0 0 0 1 -1.31388 2.81402 -1.4542</i>
                        <i>1 0 0 0 1 0 0 0 1 -1.31388 2.81402 -1.4542</i>
                        <i>1 0 0 0 1 0 0 0 1 -1.31388 2.81402 -1.4542</i>
                        <i>1 0 0 0 1 0 0 0 1 -1.31388 2.81402 -1.4542</i>
                        <i>1 0 0 0 1 0 0 0 1 -1.31388 2.81402 -1.4542</i>
                        <i>1 0 0 0 1 0 0 0 1 -1.31388 2.81402 -1.4542</i>
                        <i>1 0 0 0 1 0 0 0 1 -1.31388 2.81402 -1.4542</i>
                        <i>1 0 0 0 1 0 0 0 1 -1.31388 2.81402 -1.4542</i>
                        <i>1 0 0 0 1 0 0 0 1 -1.31388 2.81402 -1.4542</i>
                        <i>1 0 0 0 1 0 0 0 1 -1.31388 2.81402 -1.4542</i>
                        <i>1 0 0 0 1 0 0 0 1 -1.31388 2.81402 -1.4542</i>
                        <i>1 0 0 0 1 0 0 0 1 -1.31388 2.81402 -1.4542</i>
                        <i>1 0 0 0 1 0 0 0 1 -1.31388 2.81402 -1.4542</i>
                        <i>1 0 0 0 1 0 0 0 1 -1.31388 2.81402 -1.4542</i>
                    </KeyFrames>
                </p>
            </i>
            <i>
                <p>
                    <Name><![CDATA[spine0]]></Name>
                    <Exclude>0</Exclude>
                    <Additive>0</Additive>
                    <IKPriority>0</IKPriority>
                    <IKRotLimits>-1e+010 -1e+010 -1e+010 1e+010 1e+010 1e+010</IKRotLimits>
                    <IKRotLimitOrder>0</IKRotLimitOrder>
                    <KeyFrames count="240">
                        <i>-0.155842 0.983755 0.0891025 0.37047 -0.0254093 0.928497 0.915678 0.177709 -0.360492 -1.4056 2.91764 -1.41486</i>
                        <i>-0.143049 0.985957 0.0861769 0.389836 -0.023902 0.920574 0.909706 0.165282 -0.380943 -1.40491 2.91751 -1.41299</i>
                        <i>-0.129365 0.988293 0.0808849 0.411683 -0.0206785 0.911093 0.902099 0.151162 -0.404188 -1.40416 2.91737 -1.41103</i>
                        <i>-0.118787 0.990032 0.0756727 0.434786 -0.0166534 0.90038 0.892665 0.139855 -0.428474 -1.40336 2.91724 -1.40909</i>
                        <i>-0.115311 0.99058 0.0738588 0.458051 -0.0129519 0.888831 0.881415 0.136323 -0.452243 -1.40254 2.91712 -1.40724</i>
                        <i>-0.117669 0.990137 0.0760462 0.480273 -0.0102852 0.877059 0.86919 0.139726 -0.474326 -1.40173 2.91704 -1.40556</i>
                        <i>-0.121179 0.989439 0.0795411 0.499926 -0.00839276 0.866027 0.857548 0.144709 -0.49363 -1.40099 2.91698 -1.40413</i>
                        <i>-0.124644 0.988704 0.0832319 0.515605 -0.00712623 0.856797 0.847712 0.149709 -0.508893 -1.40038 2.91695 -1.40303</i>
                        <i>-0.127202 0.988133 0.0860971 0.525976 -0.00639417 0.850475 0.840933 0.153467 -0.518921 -1.39997 2.91694 -1.40232</i>
                        <i>-0.128201 0.987903 0.087243 0.529732 -0.00615675 0.848143 0.838421 0.154948 -0.522534 -1.39982 2.91693 -1.40206</i>
                        <i>-0.124511 0.988545 0.0852985 0.529843 -0.00644178 0.848072 0.838906 0.150789 -0.522971 -1.39982 2.91693 -1.40206</i>
                        <i>-0.120776 0.989176 0.0833331 0.529956 -0.00673329 0.847998 0.83938 0.146581 -0.523407 -1.39982 2.91693 -1.40206</i>
                        <i>-0.122889 0.988817 0.084491 0.529906 -0.00660497 0.848031 0.839105 0.148986 -0.523169 -1.39982 2.91693 -1.40206</i>
                        <i>-0.126684 0.98816 0.0865478 0.52981 -0.00635762 0.848093 0.838602 0.153293 -0.522732 -1.39982 2.91693 -1.40206</i>
                        <i>-0.128806 0.987782 0.0877242 0.529764 -0.00624032 0.848122 0.838307 0.155716 -0.522488 -1.39982 2.91693 -1.40206</i>
                        <i>-0.128998 0.987742 0.0878899 0.529778 -0.00627692 0.848113 0.838269 0.155967 -0.522475 -1.39982 2.91693 -1.40206</i>
                        <i>-0.129132 0.987712 0.088032 0.529797 -0.00632421 0.848101 0.838236 0.156156 -0.52247 -1.39982 2.91693 -1.40206</i>
                        <i>-0.129208 0.987692 0.0881507 0.529819 -0.00638099 0.848087 0.838211 0.156284 -0.522473 -1.39982 2.91693 -1.40206</i>
                        <i>-0.129231 0.98768 0.0882462 0.529844 -0.00644601 0.84807 0.838191 0.156354 -0.522484 -1.39982 2.91693 -1.40206</i>
                        <i>-0.129203 0.987677 0.0883187 0.529872 -0.00651805 0.848052 0.838178 0.156369 -0.522501 -1.39982 2.91693 -1.40206</i>
                        <i>-0.129127 0.987683 0.0883682 0.529903 -0.00659589 0.848033 0.83817 0.15633 -0.522524 -1.39982 2.91693 -1.40206</i>
                        <i>-0.129004 0.987696 0.0883951 0.529935 -0.00667831 0.848012 0.838169 0.156241 -0.522553 -1.39982 2.91693 -1.40206</i>
                        <i>-0.128839 0.987718 0.0883994 0.529968 -0.00676411 0.847991 0.838173 0.156103 -0.522587 -1.39982 2.91693 -1.40206</i>
                        <i>-0.128634 0.987746 0.0883815 0.530003 -0.00685208 0.847968 0.838183 0.15592 -0.522626 -1.39982 2.91693 -1.40206</i>
                        <i>-0.128393 0.987781 0.0883418 0.530037 -0.00694102 0.847946 0.838198 0.155695 -0.522669 -1.39982 2.91693 -1.40206</i>
                        <i>-0.128117 0.987822 0.0882808 0.530072 -0.00702975 0.847924 0.838218 0.155429 -0.522716 -1.39982 2.91693 -1.40206</i>
                        <i>-0.127811 0.987869 0.0881991 0.530106 -0.00711708 0.847902 0.838243 0.155126 -0.522765 -1.39982 2.91693 -1.40206</i>
                        <i>-0.127478 0.987921 0.0880974 0.530139 -0.00720185 0.84788 0.838273 0.15479 -0.522817 -1.39982 2.91693 -1.40206</i>
                        <i>-0.127122 0.987978 0.0879764 0.53017 -0.00728289 0.84786 0.838307 0.154424 -0.522871 -1.39982 2.91693 -1.40206</i>
                        <i>-0.126746 0.988038 0.0878372 0.5302 -0.00735904 0.847841 0.838346 0.154032 -0.522925 -1.39982 2.91693 -1.40206</i>
                        <i>-0.126355 0.988102 0.0876807 0.530227 -0.00742913 0.847823 0.838387 0.153618 -0.52298 -1.39982 2.91693 -1.40206</i>
                        <i>-0.125952 0.988169 0.087508 0.530252 -0.00749203 0.847807 0.838432 0.153185 -0.523035 -1.39982 2.91693 -1.40206</i>
                        <i>-0.125542 0.988238 0.0873203 0.530273 -0.00754658 0.847793 0.838481 0.152738 -0.523088 -1.39982 2.91693 -1.40206</i>
                        <i>-0.125129 0.988308 0.0871188 0.53029 -0.00759163 0.847782 0.838531 0.152281 -0.52314 -1.39982 2.91693 -1.40206</i>
                        <i>-0.124717 0.988379 0.0869048 0.530304 -0.00762604 0.847773 0.838584 0.151818 -0.52319 -1.39982 2.91693 -1.40206</i>
                        <i>-0.1243 0.988452 0.0866704 0.530312 -0.00764707 0.847768 0.838641 0.15134 -0.523238 -1.39982 2.91693 -1.40206</i>
                        <i>-0.123875 0.988528 0.086413 0.530314 -0.00765291 0.847767 0.838702 0.150843 -0.523283 -1.39982 2.91693 -1.40206</i>
                        <i>-0.123459 0.988604 0.0861415 0.530311 -0.00764372 0.847769 0.838766 0.150346 -0.523324 -1.39982 2.91693 -1.40206</i>
                        <i>-0.123064 0.988677 0.0858649 0.530301 -0.00761964 0.847775 0.83883 0.149864 -0.523359 -1.39982 2.91693 -1.40206</i>
                        <i>-0.122704 0.988746 0.0855919 0.530286 -0.00758082 0.847785 0.838892 0.149414 -0.523388 -1.39982 2.91693 -1.40206</i>
                        <i>-0.122279 0.988826 0.0852704 0.530269 -0.00753532 0.847796 0.838965 0.148884 -0.523422 -1.39982 2.91693 -1.40206</i>
                        <i>-0.121693 0.988934 0.0848497 0.530251 -0.007491 0.847807 0.839061 0.148164 -0.523472 -1.39982 2.91693 -1.40206</i>
                        <i>-0.120964 0.989067 0.0843406 0.530235 -0.00744775 0.847818 0.839178 0.147276 -0.523537 -1.39982 2.91693 -1.40206</i>
                        <i>-0.120108 0.989222 0.0837542 0.530218 -0.00740545 0.847829 0.839311 0.146239 -0.523614 -1.39982 2.91693 -1.40206</i>
                        <i>-0.119144 0.989393 0.0831012 0.530202 -0.00736396 0.847839 0.839458 0.145076 -0.523701 -1.39982 2.91693 -1.40206</i>
                        <i>-0.11809 0.989579 0.0823924 0.530186 -0.00732316 0.84785 0.839618 0.143806 -0.523796 -1.39982 2.91693 -1.40206</i>
