<?xml version="1.0" encoding="ISO-8859-1" ?>
<Animl Version="1">
    <ModellingPackage><![CDATA[Maya.2010]]></ModellingPackage>
    <SrcFile><![CDATA[anims\turrets\artillery\blue\~src\artillery_m198\artillery_m198_reload_high_crewman_b.mb]]></SrcFile>
    <FramesPerSecond>30</FramesPerSecond>
    <TotalFrames>101</TotalFrames>
    <Skeleton>
        <RefFrame>
            <Name><![CDATA[soldier_ref_frame]]></Name>
            <Exclude>0</Exclude>
            <Additive>0</Additive>
            <IKPriority>0</IKPriority>
            <IKRotLimits>-1e+010 -1e+010 -1e+010 1e+010 1e+010 1e+010</IKRotLimits>
            <IKRotLimitOrder>0</IKRotLimitOrder>
            <KeyFrames count="101">
                <i>1 0 0 0 1 0 0 0 1 -1.86 1.37 -1.86</i>
                <i>1 0 0 0 1 0 0 0 1 -1.86 1.37 -1.86</i>
                <i>1 0 0 0 1 0 0 0 1 -1.86 1.37 -1.86</i>
                <i>1 0 0 0 1 0 0 0 1 -1.86 1.37 -1.86</i>
                <i>1 0 0 0 1 0 0 0 1 -1.86 1.37 -1.86</i>
                <i>1 0 0 0 1 0 0 0 1 -1.86 1.37 -1.86</i>
                <i>1 0 0 0 1 0 0 0 1 -1.86 1.37 -1.86</i>
                <i>1 0 0 0 1 0 0 0 1 -1.86 1.37 -1.86</i>
                <i>1 0 0 0 1 0 0 0 1 -1.86 1.37 -1.86</i>
                <i>1 0 0 0 1 0 0 0 1 -1.86 1.37 -1.86</i>
                <i>1 0 0 0 1 0 0 0 1 -1.86 1.37 -1.86</i>
                <i>1 0 0 0 1 0 0 0 1 -1.86 1.37 -1.86</i>
                <i>1 0 0 0 1 0 0 0 1 -1.86 1.37 -1.86</i>
                <i>1 0 0 0 1 0 0 0 1 -1.86 1.37 -1.86</i>
                <i>1 0 0 0 1 0 0 0 1 -1.86 1.37 -1.86</i>
                <i>1 0 0 0 1 0 0 0 1 -1.86 1.37 -1.86</i>
                <i>1 0 0 0 1 0 0 0 1 -1.86 1.37 -1.86</i>
                <i>1 0 0 0 1 0 0 0 1 -1.86 1.37 -1.86</i>
                <i>1 0 0 0 1 0 0 0 1 -1.86 1.37 -1.86</i>
                <i>1 0 0 0 1 0 0 0 1 -1.86 1.37 -1.86</i>
                <i>1 0 0 0 1 0 0 0 1 -1.86 1.37 -1.86</i>
                <i>1 0 0 0 1 0 0 0 1 -1.86 1.37 -1.86</i>
                <i>1 0 0 0 1 0 0 0 1 -1.86 1.37 -1.86</i>
                <i>1 0 0 0 1 0 0 0 1 -1.86 1.37 -1.86</i>
                <i>1 0 0 0 1 0 0 0 1 -1.86 1.37 -1.86</i>
                <i>1 0 0 0 1 0 0 0 1 -1.86 1.37 -1.86</i>
                <i>1 0 0 0 1 0 0 0 1 -1.86 1.37 -1.86</i>
                <i>1 0 0 0 1 0 0 0 1 -1.86 1.37 -1.86</i>
                <i>1 0 0 0 1 0 0 0 1 -1.86 1.37 -1.86</i>
                <i>1 0 0 0 1 0 0 0 1 -1.86 1.37 -1.86</i>
                <i>1 0 0 0 1 0 0 0 1 -1.86 1.37 -1.86</i>
                <i>1 0 0 0 1 0 0 0 1 -1.86 1.37 -1.86</i>
                <i>1 0 0 0 1 0 0 0 1 -1.86 1.37 -1.86</i>
                <i>1 0 0 0 1 0 0 0 1 -1.86 1.37 -1.86</i>
                <i>1 0 0 0 1 0 0 0 1 -1.86 1.37 -1.86</i>
                <i>1 0 0 0 1 0 0 0 1 -1.86 1.37 -1.86</i>
                <i>1 0 0 0 1 0 0 0 1 -1.86 1.37 -1.86</i>
                <i>1 0 0 0 1 0 0 0 1 -1.86 1.37 -1.86</i>
                <i>1 0 0 0 1 0 0 0 1 -1.86 1.37 -1.86</i>
                <i>1 0 0 0 1 0 0 0 1 -1.86 1.37 -1.86</i>
                <i>1 0 0 0 1 0 0 0 1 -1.86 1.37 -1.86</i>
                <i>1 0 0 0 1 0 0 0 1 -1.86 1.37 -1.86</i>
                <i>1 0 0 0 1 0 0 0 1 -1.86 1.37 -1.86</i>
                <i>1 0 0 0 1 0 0 0 1 -1.86 1.37 -1.86</i>
                <i>1 0 0 0 1 0 0 0 1 -1.86 1.37 -1.86</i>
                <i>1 0 0 0 1 0 0 0 1 -1.86 1.37 -1.86</i>
                <i>1 0 0 0 1 0 0 0 1 -1.86 1.37 -1.86</i>
                <i>1 0 0 0 1 0 0 0 1 -1.86 1.37 -1.86</i>
                <i>1 0 0 0 1 0 0 0 1 -1.86 1.37 -1.86</i>
                <i>1 0 0 0 1 0 0 0 1 -1.86 1.37 -1.86</i>
                <i>1 0 0 0 1 0 0 0 1 -1.86 1.37 -1.86</i>
                <i>1 0 0 0 1 0 0 0 1 -1.86 1.37 -1.86</i>
                <i>1 0 0 0 1 0 0 0 1 -1.86 1.37 -1.86</i>
                <i>1 0 0 0 1 0 0 0 1 -1.86 1.37 -1.86</i>
                <i>1 0 0 0 1 0 0 0 1 -1.86 1.37 -1.86</i>
                <i>1 0 0 0 1 0 0 0 1 -1.86 1.37 -1.86</i>
                <i>1 0 0 0 1 0 0 0 1 -1.86 1.37 -1.86</i>
                <i>1 0 0 0 1 0 0 0 1 -1.86 1.37 -1.86</i>
                <i>1 0 0 0 1 0 0 0 1 -1.86 1.37 -1.86</i>
                <i>1 0 0 0 1 0 0 0 1 -1.86 1.37 -1.86</i>
                <i>1 0 0 0 1 0 0 0 1 -1.86 1.37 -1.86</i>
                <i>1 0 0 0 1 0 0 0 1 -1.86 1.37 -1.86</i>
                <i>1 0 0 0 1 0 0 0 1 -1.86 1.37 -1.86</i>
                <i>1 0 0 0 1 0 0 0 1 -1.86 1.37 -1.86</i>
                <i>1 0 0 0 1 0 0 0 1 -1.86 1.37 -1.86</i>
                <i>1 0 0 0 1 0 0 0 1 -1.86 1.37 -1.86</i>
                <i>1 0 0 0 1 0 0 0 1 -1.86 1.37 -1.86</i>
                <i>1 0 0 0 1 0 0 0 1 -1.86 1.37 -1.86</i>
                <i>1 0 0 0 1 0 0 0 1 -1.86 1.37 -1.86</i>
                <i>1 0 0 0 1 0 0 0 1 -1.86 1.37 -1.86</i>
                <i>1 0 0 0 1 0 0 0 1 -1.86 1.37 -1.86</i>
                <i>1 0 0 0 1 0 0 0 1 -1.86 1.37 -1.86</i>
                <i>1 0 0 0 1 0 0 0 1 -1.86 1.37 -1.86</i>
                <i>1 0 0 0 1 0 0 0 1 -1.86 1.37 -1.86</i>
                <i>1 0 0 0 1 0 0 0 1 -1.86 1.37 -1.86</i>
                <i>1 0 0 0 1 0 0 0 1 -1.86 1.37 -1.86</i>
                <i>1 0 0 0 1 0 0 0 1 -1.86 1.37 -1.86</i>
                <i>1 0 0 0 1 0 0 0 1 -1.86 1.37 -1.86</i>
                <i>1 0 0 0 1 0 0 0 1 -1.86 1.37 -1.86</i>
                <i>1 0 0 0 1 0 0 0 1 -1.86 1.37 -1.86</i>
                <i>1 0 0 0 1 0 0 0 1 -1.86 1.37 -1.86</i>
                <i>1 0 0 0 1 0 0 0 1 -1.86 1.37 -1.86</i>
                <i>1 0 0 0 1 0 0 0 1 -1.86 1.37 -1.86</i>
                <i>1 0 0 0 1 0 0 0 1 -1.86 1.37 -1.86</i>
                <i>1 0 0 0 1 0 0 0 1 -1.86 1.37 -1.86</i>
                <i>1 0 0 0 1 0 0 0 1 -1.86 1.37 -1.86</i>
                <i>1 0 0 0 1 0 0 0 1 -1.86 1.37 -1.86</i>
                <i>1 0 0 0 1 0 0 0 1 -1.86 1.37 -1.86</i>
                <i>1 0 0 0 1 0 0 0 1 -1.86 1.37 -1.86</i>
                <i>1 0 0 0 1 0 0 0 1 -1.86 1.37 -1.86</i>
                <i>1 0 0 0 1 0 0 0 1 -1.86 1.37 -1.86</i>
                <i>1 0 0 0 1 0 0 0 1 -1.86 1.37 -1.86</i>
                <i>1 0 0 0 1 0 0 0 1 -1.86 1.37 -1.86</i>
                <i>1 0 0 0 1 0 0 0 1 -1.86 1.37 -1.86</i>
                <i>1 0 0 0 1 0 0 0 1 -1.86 1.37 -1.86</i>
                <i>1 0 0 0 1 0 0 0 1 -1.86 1.37 -1.86</i>
                <i>1 0 0 0 1 0 0 0 1 -1.86 1.37 -1.86</i>
                <i>1 0 0 0 1 0 0 0 1 -1.86 1.37 -1.86</i>
                <i>1 0 0 0 1 0 0 0 1 -1.86 1.37 -1.86</i>
                <i>1 0 0 0 1 0 0 0 1 -1.86 1.37 -1.86</i>
                <i>1 0 0 0 1 0 0 0 1 -1.86 1.37 -1.86</i>
            </KeyFrames>
        </RefFrame>
        <Bones count="23">
            <i>
                <p>
                    <Name><![CDATA[pelvis]]></Name>
                    <Exclude>0</Exclude>
                    <Additive>0</Additive>
                    <IKPriority>0</IKPriority>
                    <IKRotLimits>-1e+010 -1e+010 -1e+010 1e+010 1e+010 1e+010</IKRotLimits>
                    <IKRotLimitOrder>2</IKRotLimitOrder>
                    <KeyFrames count="101">
                        <i>1 0 0 0 1 0 0 0 1 -1.89983 1.91948 -1.72393</i>
                        <i>1 0 0 0 1 0 0 0 1 -1.89983 1.91568 -1.72393</i>
                        <i>1 0 0 0 1 0 0 0 1 -1.89983 1.90694 -1.72393</i>
                        <i>1 0 0 0 1 0 0 0 1 -1.89983 1.89721 -1.72393</i>
                        <i>1 0 0 0 1 0 0 0 1 -1.89983 1.89046 -1.72393</i>
                        <i>1 0 0 0 1 0 0 0 1 -1.89983 1.89064 -1.72393</i>
                        <i>1 0 0 0 1 0 0 0 1 -1.89983 1.90172 -1.72393</i>
                        <i>1 0 0 0 1 0 0 0 1 -1.88788 1.92885 -1.72013</i>
                        <i>1 0 0 0 1 0 0 0 1 -1.85393 1.97026 -1.71017</i>
                        <i>1 0 0 0 1 0 0 0 1 -1.80084 2.01951 -1.69618</i>
                        <i>1 0 0 0 1 0 0 0 1 -1.73146 2.07015 -1.68031</i>
                        <i>1 0 0 0 1 0 0 0 1 -1.64867 2.11573 -1.66471</i>
                        <i>1 0 0 0 1 0 0 0 1 -1.53713 2.1638 -1.64806</i>
                        <i>1 0 0 0 1 0 0 0 1 -1.39493 2.21864 -1.62896</i>
                        <i>1 0 0 0 1 0 0 0 1 -1.24508 2.26895 -1.60934</i>
                        <i>1 0 0 0 1 0 0 0 1 -1.11054 2.30345 -1.59113</i>
                        <i>1 0 0 0 1 0 0 0 1 -1.01433 2.31082 -1.57626</i>
                        <i>1 0 0 0 1 0 0 0 1 -0.964398 2.28029 -1.56404</i>
                        <i>1 0 0 0 1 0 0 0 1 -0.945428 2.21939 -1.55318</i>
                        <i>1 0 0 0 1 0 0 0 1 -0.945463 2.14429 -1.54473</i>
                        <i>1 0 0 0 1 0 0 0 1 -0.952549 2.07118 -1.53974</i>
                        <i>1 0 0 0 1 0 0 0 1 -0.954729 2.01623 -1.53928</i>
                        <i>1 0 0 0 1 0 0 0 1 -0.949206 1.9801 -1.54245</i>
                        <i>1 0 0 0 1 0 0 0 1 -0.94202 1.95245 -1.54744</i>
                        <i>1 0 0 0 1 0 0 0 1 -0.934476 1.93303 -1.55393</i>
                        <i>1 0 0 0 1 0 0 0 1 -0.927878 1.92153 -1.5616</i>
                        <i>1 0 0 0 1 0 0 0 1 -0.92353 1.9177 -1.57013</i>
                        <i>1 0 0 0 1 0 0 0 1 -0.922737 1.92125 -1.57919</i>
                        <i>1 0 0 0 1 0 0 0 1 -0.926803 1.93189 -1.58846</i>
                        <i>1 0 0 0 1 0 0 0 1 -0.937032 1.94936 -1.59762</i>
                        <i>1 0 0 0 1 0 0 0 1 -0.954729 1.97338 -1.60634</i>
                        <i>1 0 0 0 1 0 0 0 1 -0.992989 2.01012 -1.61563</i>
                        <i>1 0 0 0 1 0 0 0 1 -1.05552 2.05988 -1.62615</i>
                        <i>1 0 0 0 1 0 0 0 1 -1.12952 2.11356 -1.63707</i>
                        <i>1 0 0 0 1 0 0 0 1 -1.20223 2.16205 -1.64758</i>
                        <i>1 0 0 0 1 0 0 0 1 -1.26085 2.19626 -1.65683</i>
                        <i>1 0 0 0 1 0 0 0 1 -1.3064 2.21221 -1.66547</i>
                        <i>1 0 0 0 1 0 0 0 1 -1.34742 2.21595 -1.67403</i>
                        <i>1 0 0 0 1 0 0 0 1 -1.38236 2.21346 -1.68158</i>
                        <i>1 0 0 0 1 0 0 0 1 -1.40968 2.21073 -1.6872</i>
                        <i>1 0 0 0 1 0 0 0 1 -1.42784 2.21374 -1.68995</i>
                        <i>1 0 0 0 1 0 0 0 1 -1.43354 2.22343 -1.68896</i>
                        <i>1 0 0 0 1 0 0 0 1 -1.42782 2.23581 -1.68485</i>
                        <i>1 0 0 0 1 0 0 0 1 -1.4156 2.24947 -1.67892</i>
                        <i>1 0 0 0 1 0 0 0 1 -1.40183 2.26298 -1.6725</i>
                        <i>1 0 0 0 1 0 0 0 1 -1.39142 2.27494 -1.66688</i>
                        <i>1 0 0 0 1 0 0 0 1 -1.38501 2.28415 -1.66058</i>
                        <i>1 0 0 0 1 0 0 0 1 -1.37933 2.29158 -1.65273</i>
                        <i>1 0 0 0 1 0 0 0 1 -1.3734 2.29897 -1.64555</i>
                        <i>1 0 0 0 1 0 0 0 1 -1.36628 2.30811 -1.64128</i>
                        <i>1 0 0 0 1 0 0 0 1 -1.35699 2.32074 -1.64214</i>
                        <i>1 0 0 0 1 0 0 0 1 -1.34488 2.33767 -1.6475</i>
                        <i>1 0 0 0 1 0 0 0 1 -1.33046 2.3578 -1.65494</i>
                        <i>1 0 0 0 1 0 0 0 1 -1.31456 2.37999 -1.66394</i>
                        <i>1 0 0 0 1 0 0 0 1 -1.29801 2.40314 -1.67402</i>
                        <i>1 0 0 0 1 0 0 0 1 -1.28163 2.42613 -1.68468</i>
                        <i>1 0 0 0 1 0 0 0 1 -1.26624 2.44783 -1.69543</i>
                        <i>1 0 0 0 1 0 0 0 1 -1.25267 2.46713 -1.70577</i>
                        <i>1 0 0 0 1 0 0 0 1 -1.24176 2.48291 -1.7152</i>
                        <i>1 0 0 0 1 0 0 0 1 -1.23431 2.49406 -1.72324</i>
                        <i>1 0 0 0 1 0 0 0 1 -1.23117 2.49944 -1.72938</i>
                        <i>1 0 0 0 1 0 0 0 1 -1.23065 2.50091 -1.73344</i>
                        <i>1 0 0 0 1 0 0 0 1 -1.23046 2.50121 -1.73577</i>
                        <i>1 0 0 0 1 0 0 0 1 -1.23053 2.50056 -1.73667</i>
                        <i>1 0 0 0 1 0 0 0 1 -1.23079 2.4992 -1.73646</i>
                        <i>1 0 0 0 1 0 0 0 1 -1.23115 2.49737 -1.73544</i>
                        <i>1 0 0 0 1 0 0 0 1 -1.23154 2.49532 -1.7339</i>
                        <i>1 0 0 0 1 0 0 0 1 -1.23187 2.49326 -1.73217</i>
                        <i>1 0 0 0 1 0 0 0 1 -1.23208 2.49144 -1.73053</i>
                        <i>1 0 0 0 1 0 0 0 1 -1.23207 2.4901 -1.7293</i>
                        <i>1 0 0 0 1 0 0 0 1 -1.23178 2.48946 -1.72879</i>
                        <i>1 0 0 0 1 0 0 0 1 -1.23149 2.48934 -1.72875</i>
                        <i>1 0 0 0 1 0 0 0 1 -1.23145 2.48932 -1.72875</i>
                        <i>1 0 0 0 1 0 0 0 1 -1.23156 2.48937 -1.72876</i>
                        <i>1 0 0 0 1 0 0 0 1 -1.23171 2.48943 -1.72878</i>
                        <i>1 0 0 0 1 0 0 0 1 -1.23178 2.48946 -1.72879</i>
                        <i>1 0 0 0 1 0 0 0 1 -1.2605 2.47614 -1.72349</i>
                        <i>1 0 0 0 1 0 0 0 1 -1.3331 2.43944 -1.71082</i>
                        <i>1 0 0 0 1 0 0 0 1 -1.42923 2.38425 -1.69564</i>
                        <i>1 0 0 0 1 0 0 0 1 -1.52855 2.31547 -1.68278</i>
                        <i>1 0 0 0 1 0 0 0 1 -1.61072 2.23799 -1.67709</i>
                        <i>1 0 0 0 1 0 0 0 1 -1.68354 2.15672 -1.68165</i>
                        <i>1 0 0 0 1 0 0 0 1 -1.76059 2.07654 -1.69323</i>
                        <i>1 0 0 0 1 0 0 0 1 -1.83013 2.00235 -1.70721</i>
                        <i>1 0 0 0 1 0 0 0 1 -1.88046 1.93905 -1.71898</i>
                        <i>1 0 0 0 1 0 0 0 1 -1.89983 1.89153 -1.72393</i>
                        <i>1 0 0 0 1 0 0 0 1 -1.89983 1.87012 -1.72393</i>
                        <i>1 0 0 0 1 0 0 0 1 -1.89983 1.87401 -1.72393</i>
                        <i>1 0 0 0 1 0 0 0 1 -1.89983 1.8914 -1.72393</i>
                        <i>1 0 0 0 1 0 0 0 1 -1.89983 1.91049 -1.72393</i>
                        <i>1 0 0 0 1 0 0 0 1 -1.89983 1.91948 -1.72393</i>
                        <i>1 0 0 0 1 0 0 0 1 -1.89983 1.91948 -1.72393</i>
                        <i>1 0 0 0 1 0 0 0 1 -1.89983 1.91948 -1.72393</i>
                        <i>1 0 0 0 1 0 0 0 1 -1.89983 1.91948 -1.72393</i>
                        <i>1 0 0 0 1 0 0 0 1 -1.89983 1.91948 -1.72393</i>
                        <i>1 0 0 0 1 0 0 0 1 -1.89983 1.91948 -1.72393</i>
                        <i>1 0 0 0 1 0 0 0 1 -1.89983 1.91948 -1.72393</i>
                        <i>1 0 0 0 1 0 0 0 1 -1.89983 1.91948 -1.72393</i>
                        <i>1 0 0 0 1 0 0 0 1 -1.89983 1.91948 -1.72393</i>
                        <i>1 0 0 0 1 0 0 0 1 -1.89983 1.91948 -1.72393</i>
                        <i>1 0 0 0 1 0 0 0 1 -1.89983 1.91948 -1.72393</i>
                    </KeyFrames>
                </p>
            </i>
            <i>
                <p>
                    <Name><![CDATA[spine0]]></Name>
                    <Exclude>0</Exclude>
                    <Additive>0</Additive>
                    <IKPriority>0</IKPriority>
                    <IKRotLimits>-1e+010 -1e+010 -1e+010 1e+010 1e+010 1e+010</IKRotLimits>
                    <IKRotLimitOrder>0</IKRotLimitOrder>
                    <KeyFrames count="101">
                        <i>0.116731 0.993001 -0.0179618 -0.16296 0.0369906 0.985939 0.979703 -0.112163 0.166137 -1.94208 2.05379 -1.75343</i>
                        <i>0.104333 0.994351 -0.0195171 -0.159807 0.0361306 0.986487 0.981619 -0.099804 0.162674 -1.94547 2.04881 -1.75378</i>
                        <i>0.0816725 0.99641 -0.022275 -0.153834 0.0346848 0.987488 0.984716 -0.077224 0.156114 -1.95168 2.03763 -1.75439</i>
                        <i>0.0696742 0.997288 -0.0236918 -0.150555 0.0339898 0.988017 0.986143 -0.0652724 0.152515 -1.95499 2.02647 -1.75469</i>
                        <i>0.0805664 0.996504 -0.0220872 -0.151206 0.0341217 0.987913 0.985214 -0.0762528 0.153427 -1.95434 2.02001 -1.75463</i>
                        <i>0.100908 0.994713 -0.0190835 -0.152414 0.0344109 0.987717 0.983152 -0.0967602 0.155081 -1.95313 2.02072 -1.75452</i>
                        <i>0.111922 0.993564 -0.0174532 -0.153063 0.0345908 0.987611 0.981858 -0.107864 0.15595 -1.95247 2.03207 -1.75446</i>
                        <i>0.131003 0.991206 -0.0186633 -0.155782 0.0391734 0.987014 0.979066 -0.126394 0.159544 -1.93898 2.05969 -1.75122</i>
                        <i>0.176417 0.984119 -0.0196916 -0.168426 0.0498909 0.984451 0.969799 -0.170357 0.174553 -1.90113 2.10217 -1.74286</i>
                        <i>0.229984 0.973072 -0.0154551 -0.197671 0.062257 0.97829 0.952908 -0.221936 0.206666 -1.8429 2.15254 -1.73127</i>
                        <i>0.273053 0.961998 -0.00117388 -0.249921 0.0721158 0.965577 0.928968 -0.263361 0.260115 -1.76825 2.20395 -1.71827</i>
                        <i>0.287104 0.957601 0.0239241 -0.330679 0.0756406 0.940707 0.899012 -0.277992 0.338375 -1.68108 2.24972 -1.70585</i>
                        <i>0.261124 0.962597 0.0722516 -0.471162 0.0617694 0.879881 0.842508 -0.2638 0.469669 -1.56468 2.29854 -1.69028</i>
                        <i>0.205148 0.969287 0.135638 -0.651279 0.0317464 0.758174 0.730582 -0.243876 0.637789 -1.41705 2.35525 -1.66827</i>
                        <i>0.140074 0.972314 0.187044 -0.805315 0.00197004 0.592844 0.576061 -0.233671 0.783295 -1.26344 2.40742 -1.64378</i>
                        <i>0.0892378 0.97183 0.218134 -0.897703 -0.0163964 0.440295 0.431469 -0.235111 0.870952 -1.12741 2.44309 -1.62133</i>
                        <i>0.0704898 0.969684 0.233976 -0.927395 -0.0226812 0.373394 0.367381 -0.243309 0.897681 -1.03139 2.45083 -1.60458</i>
                        <i>0.0895445 0.955335 0.281633 -0.929328 -0.0215637 0.368625 0.358233 -0.294737 0.885889 -0.979588 2.42064 -1.59176</i>
                        <i>0.129295 0.913804 0.385027 -0.93269 -0.019775 0.360138 0.336709 -0.405674 0.849738 -0.95498 2.36042 -1.57993</i>
                        <i>0.171101 0.841357 0.512683 -0.935542 -0.0244616 0.352368 0.309008 -0.539926 0.782939 -0.948105 2.28584 -1.57029</i>
                        <i>0.201496 0.75248 0.627036 -0.937029 -0.038356 0.34714 0.285266 -0.657498 0.697366 -0.949398 2.21292 -1.56414</i>
                        <i>0.21772 0.688358 0.691926 -0.937036 -0.0509183 0.345502 0.273061 -0.723582 0.63393 -0.949017 2.15805 -1.56278</i>
                        <i>0.222257 0.669761 0.708536 -0.93667 -0.0550532 0.345859 0.27065 -0.740534 0.615109 -0.943884 2.12158 -1.56792</i>
                        <i>0.216581 0.680812 0.699706 -0.936664 -0.0571505 0.345535 0.275233 -0.730226 0.625314 -0.938223 2.09268 -1.57933</i>
                        <i>0.201832 0.717664 0.6665 -0.936931 -0.0567862 0.34487 0.285349 -0.69407 0.66094 -0.932953 2.07081 -1.59529</i>
                        <i>0.178425 0.773656 0.607965 -0.937568 -0.053799 0.343617 0.298549 -0.631318 0.715755 -0.928985 2.05549 -1.61406</i>
                        <i>0.147207 0.838584 0.524506 -0.938694 -0.0486875 0.341295 0.311742 -0.542592 0.780007 -0.927248 2.04659 -1.63392</i>
                        <i>0.111923 0.897572 0.426424 -0.9402 -0.0432753 0.337862 0.321709 -0.438739 0.839054 -0.928739 2.04442 -1.65327</i>
                        <i>0.0782926 0.940652 0.330217 -0.941763 -0.0388745 0.334024 0.327038 -0.337138 0.882828 -0.934551 2.04966 -1.67072</i>
                        <i>0.0526729 0.965604 0.254626 -0.942988 -0.0358159 0.330893 0.328631 -0.257538 0.908667 -0.945865 2.06322 -1.68511</i>
                        <i>0.0411536 0.975041 0.218178 -0.943493 -0.0339412 0.32965 0.328827 -0.219415 0.918548 -0.9639 2.08604 -1.69533</i>
                        <i>0.0458944 0.978363 0.201739 -0.933864 -0.0296815 0.356393 0.35467 -0.204753 0.912297 -1.00429 2.12381 -1.70305</i>
                        <i>0.0614813 0.981998 0.178606 -0.906361 -0.0200129 0.42203 0.418007 -0.187828 0.888814 -1.0717 2.17559 -1.71008</i>
                        <i>0.0834964 0.984456 0.154514 -0.863427 -0.00594218 0.50444 0.497517 -0.17553 0.849509 -1.15074 2.23221 -1.7156</i>
                        <i>0.109109 0.984726 0.135685 -0.812453 0.00969707 0.582946 0.572726 -0.173843 0.801101 -1.22647 2.28439 -1.71929</i>
                        <i>0.136358 0.982153 0.129547 -0.767542 0.0220636 0.640619 0.626328 -0.186786 0.756852 -1.28483 2.32273 -1.72107</i>
                        <i>0.16744 0.977848 0.125607 -0.733442 0.038413 0.678666 0.658808 -0.205761 0.723626 -1.32637 2.34278 -1.72247</i>
                        <i>0.202565 0.972895 0.111551 -0.7037 0.0653972 0.707481 0.681009 -0.221809 0.697873 -1.36041 2.34985 -1.725</i>
                        <i>0.235709 0.967332 0.0933292 -0.679913 0.0955281 0.727043 0.694377 -0.234826 0.680219 -1.38733 2.34948 -1.72816</i>
                        <i>0.259755 0.962647 0.0764089 -0.664089 0.120627 0.737859 0.70108 -0.242405 0.670616 -1.40791 2.34771 -1.73114</i>
                        <i>0.267138 0.961428 0.0655243 -0.658275 0.132401 0.741043 0.703784 -0.241093 0.668253 -1.42298 2.35093 -1.73299</i>
                        <i>0.249199 0.966734 0.0576624 -0.659913 0.125928 0.740714 0.708812 -0.222638 0.669342 -1.43005 2.36106 -1.73068</i>
                        <i>0.210621 0.976385 0.0480673 -0.664049 0.106815 0.74002 0.71741 -0.187783 0.670865 -1.42833 2.3744 -1.72345</i>
                        <i>0.164075 0.985716 0.0379835 -0.668842 0.0828629 0.738772 0.725072 -0.146619 0.672884 -1.42109 2.38893 -1.7138</i>
                        <i>0.122482 0.992075 0.0280246 -0.672673 0.0622203 0.737319 0.729732 -0.10916 0.674963 -1.41158 2.40296 -1.70426</i>
                        <i>0.0989294 0.99492 0.0186098 -0.674224 0.0532631 0.736603 0.731871 -0.0854189 0.676069 -1.40298 2.41507 -1.69731</i>
                        <i>0.0897278 0.995963 0.00257059 -0.690445 0.0603427 0.720864 0.717798 -0.0664563 0.693072 -1.39515 2.42388 -1.69328</i>
                        <i>0.0838392 0.99622 -0.0227321 -0.727697 0.0767937 0.681586 0.680756 -0.0406016 0.731384 -1.38584 2.43018 -1.69072</i>
                        <i>0.082074 0.995407 -0.0492748 -0.769406 0.0947101 0.631699 0.633465 -0.0139337 0.773646 -1.37523 2.43597 -1.68943</i>
                        <i>0.0831633 0.994129 -0.069226 -0.80193 0.108001 0.587575 0.591601 0.00664978 0.806203 -1.36392 2.44356 -1.68969</i>
                        <i>0.0847191 0.993523 -0.0757248 -0.814895 0.112819 0.568523 0.573384 0.013543 0.819175 -1.35282 2.45551 -1.69229</i>
                        <i>0.0834338 0.993773 -0.0738584 -0.815882 0.110678 0.567527 0.572167 0.0129088 0.820035 -1.34116 2.47237 -1.69789</i>
                        <i>0.0781951 0.994275 -0.0728158 -0.818519 0.105726 0.564667 0.569133 0.015447 0.822101 -1.32796 2.49222 -1.70611</i>
                        <i>0.0701938 0.994912 -0.0722653 -0.822351 0.0987201 0.56035 0.564633 0.0200944 0.825097 -1.31382 2.51397 -1.71634</i>
                        <i>0.0605794 0.995568 -0.07193 -0.826926 0.0904161 0.554993 0.559037 0.0258597 0.828739 -1.29934 2.53651 -1.72795</i>
                        <i>0.050394 0.996158 -0.0716222 -0.831811 0.0815547 0.549035 0.552767 0.0319081 0.832725 -1.28515 2.55875 -1.7403</i>
                        <i>0.0405402 0.996634 -0.0712562 -0.836598 0.0728497 0.542952 0.546315 0.0376014 0.836735 -1.27189 2.57965 -1.75277</i>
                        <i>0.0317826 0.996981 -0.0708377 -0.840913 0.0649804 0.537255 0.540236 0.042493 0.84044 -1.26022 2.59814 -1.76472</i>
                        <i>0.0247778 0.997209 -0.0704357 -0.844407 0.0585923 0.532489 0.535129 0.0462825 0.843501 -1.25081 2.61322 -1.77549</i>
                        <i>0.0201243 0.997334 -0.0701434 -0.846747 0.054306 0.529217 0.531615 0.0487436 0.845582 -1.24436 2.62386 -1.78443</i>
                        <i>0.0184274 0.997374 -0.0700371 -0.847603 0.0527374 0.528004 0.530311 0.0496339 0.846349 -1.24158 2.62906 -1.79091</i>
                        <i>0.0177837 0.997414 -0.0696387 -0.84761 0.051982 0.528068 0.530322 0.0496355 0.846342 -1.24116 2.63058 -1.79486</i>
                        <i>0.0160434 0.997518 -0.0685602 -0.847628 0.0499387 0.528236 0.530349 0.0496388 0.846325 -1.24125 2.63099 -1.79689</i>
                        <i>0.0134973 0.997663 -0.0669778 -0.847652 0.0469466 0.528472 0.530381 0.049641 0.846305 -1.24173 2.63051 -1.79736</i>
                        <i>0.0104355 0.997826 -0.0650674 -0.847679 0.0433436 0.528736 0.530407 0.0496387 0.846288 -1.24248 2.62936 -1.79661</i>
                        <i>0.007141 0.997988 -0.0630015 -0.847705 0.0394606 0.528999 0.53042 0.0496291 0.846281 -1.24337 2.62776 -1.795</i>
                        <i>0.0038859 0.998133 -0.0609485 -0.847728 0.0356167 0.529235 0.530418 0.0496112 0.846284 -1.2443 2.62591 -1.79288</i>
                        <i>0.000929642 0.998253 -0.0590726 -0.847746 0.0321189 0.529428 0.530401 0.0495864 0.846295 -1.24512 2.62405 -1.7906</i>
                        <i>-0.00147968 0.998342 -0.0575351 -0.84776 0.029263 0.529572 0.530378 0.0495595 0.846312 -1.24573 2.62239 -1.78852</i>
                        <i>-0.00310154 0.998398 -0.0564953 -0.847769 0.0273377 0.529661 0.530357 0.0495377 0.846326 -1.246 2.62115 -1.78699</i>
                        <i>-0.00369641 0.998418 -0.0561129 -0.847772 0.026631 0.529692 0.530348 0.0495289 0.846332 -1.24581 2.62055 -1.78637</i>
                        <i>-0.00293206 0.998611 -0.0525994 -0.847758 0.0254154 0.529774 0.530375 0.0461449 0.846506 -1.24552 2.62043 -1.78633</i>
                        <i>-0.000441892 0.999014 -0.0443956 -0.84773 0.0231745 0.529922 0.530428 0.0378697 0.846884 -1.24548 2.62041 -1.78632</i>
                        <i>0.00369875 0.999379 -0.0350351 -0.847709 0.0217181 0.530017 0.530449 0.0277391 0.847263 -1.24559 2.62046 -1.78634</i>
                        <i>0.00810613 0.999581 -0.027804 -0.847707 0.0216175 0.530024 0.530402 0.0192732 0.847527 -1.24574 2.62052 -1.78636</i>
                        <i>0.0103256 0.99962 -0.0255505 -0.847717 0.0223029 0.529979 0.530348 0.0161872 0.847626 -1.24581 2.62055 -1.78637</i>
                        <i>0.0217924 0.99921 -0.0332344 -0.838673 0.0363656 0.54342 0.5442 0.0160303 0.838803 -1.27415 2.60687 -1.78198</i>
                        <i>0.0511819 0.99739 -0.0509208 -0.812908 0.0712253 0.578021 0.580139 0.0118097 0.814432 -1.34585 2.56928 -1.77145</i>
                        <i>0.0914912 0.993052 -0.0740077 -0.77195 0.117677 0.624697 0.629065 -2.39992e-005 0.777353 -1.4409 2.51299 -1.75876</i>
                        <i>0.1326 0.986502 -0.0960818 -0.718246 0.162437 0.676563 0.683038 -0.020702 0.73009 -1.53963 2.44333 -1.74777</i>
                        <i>0.160603 0.981105 -0.107886 -0.656394 0.187796 0.73067 0.737125 -0.0465323 0.674153 -1.62289 2.36578 -1.74204</i>
                        <i>0.166727 0.980674 -0.102375 -0.56869 0.18046 0.802512 0.805477 -0.0755813 0.587787 -1.70048 2.28587 -1.74272</i>
                        <i>0.155319 0.984285 -0.0840193 -0.445475 0.145699 0.88336 0.881719 -0.0997737 0.461104 -1.78536 2.20791 -1.74638</i>
                        <i>0.131777 0.989571 -0.0581753 -0.313028 0.0972251 0.944754 0.940557 -0.106286 0.322576 -1.86329 2.1356 -1.75012</i>
                        <i>0.105974 0.993818 -0.0331018 -0.206422 0.0545511 0.976941 0.972707 -0.0966973 0.210927 -1.92012 2.07319 -1.75257</i>
                        <i>0.0914251 0.995573 -0.0218054 -0.162967 0.0365602 0.985954 0.982387 -0.0865874 0.165588 -1.94208 2.02585 -1.75343</i>
                        <i>0.0912093 0.995593 -0.0218217 -0.162967 0.0365404 0.985955 0.982407 -0.086372 0.165581 -1.94208 2.00443 -1.75343</i>
                        <i>0.0969627 0.995068 -0.0209326 -0.162966 0.0366208 0.985952 0.981856 -0.0921892 0.165713 -1.94208 2.00832 -1.75343</i>
                        <i>0.105468 0.994229 -0.0196429 -0.162963 0.0367664 0.985947 0.980979 -0.100784 0.1659 -1.94208 2.02572 -1.75343</i>
                        <i>0.113288 0.99339 -0.0184729 -0.162961 0.0369187 0.985942 0.980107 -0.108685 0.166066 -1.94208 2.04481 -1.75343</i>
                        <i>0.116731 0.993001 -0.0179618 -0.16296 0.0369906 0.985939 0.979703 -0.112163 0.166137 -1.94208 2.05379 -1.75343</i>
                        <i>0.116731 0.993001 -0.0179618 -0.16296 0.0369906 0.985939 0.979703 -0.112163 0.166137 -1.94208 2.05379 -1.75343</i>
                        <i>0.116731 0.993001 -0.0179618 -0.16296 0.0369906 0.985939 0.979703 -0.112163 0.166137 -1.94208 2.05379 -1.75343</i>
                        <i>0.116731 0.993001 -0.0179618 -0.16296 0.0369906 0.985939 0.979703 -0.112163 0.166137 -1.94208 2.05379 -1.75343</i>
                        <i>0.116731 0.993001 -0.0179618 -0.16296 0.0369906 0.985939 0.979703 -0.112163 0.166137 -1.94208 2.05379 -1.75343</i>
                        <i>0.116731 0.993001 -0.0179618 -0.16296 0.0369906 0.985939 0.979703 -0.112163 0.166137 -1.94208 2.05379 -1.75343</i>
                        <i>0.116731 0.993001 -0.0179618 -0.16296 0.0369906 0.985939 0.979703 -0.112163 0.166137 -1.94208 2.05379 -1.75343</i>
                        <i>0.116731 0.993001 -0.0179618 -0.16296 0.0369906 0.985939 0.979703 -0.112163 0.166137 -1.94208 2.05379 -1.75343</i>
                        <i>0.116731 0.993001 -0.0179618 -0.16296 0.0369906 0.985939 0.979703 -0.112163 0.166137 -1.94208 2.05379 -1.75343</i>
                        <i>0.116731 0.993001 -0.0179618 -0.16296 0.0369906 0.985939 0.979703 -0.112163 0.166137 -1.94208 2.05379 -1.75343</i>
                        <i>0.116731 0.993001 -0.0179618 -0.16296 0.0369906 0.985939 0.979703 -0.112163 0.166137 -1.94208 2.05379 -1.75343</i>
                    </KeyFrames>
                </p>
            </i>
            <i>
                <p>
                    <Name><![CDATA[spine1]]></Name>
                    <Exclude>0</Exclude>
                    <Additive>0</Additive>
                    <IKPriority>0</IKPriority>
                    <IKRotLimits>-1e+010 -1e+010 -1e+010 1e+010 1e+010 1e+010</IKRotLimits>
                    <IKRotLimitOrder>0</IKRotLimitOrder>
                    <KeyFrames count="101">
                        <i>0.425422 0.88855 0.171742 -0.173948 -0.105949 0.979039 0.888121 -0.446379 0.109488 -1.92121 2.23171 -1.75665</i>
                        <i>0.428544 0.887162 0.171154 -0.170832 -0.106454 0.979532 0.887224 -0.449012 0.105936 -1.92669 2.22831 -1.75731</i>
                        <i>0.433791 0.884871 0.169789 -0.164967 -0.107256 0.98045 0.885783 -0.45332 0.0994478 -1.9368 2.22006 -1.75848</i>
                        <i>0.436315 0.883797 0.168912 -0.161767 -0.107617 0.980943 0.885133 -0.455325 0.0960142 -1.94221 2.21047 -1.75908</i>
                        <i>0.454816 0.87398 0.171176 -0.163764 -0.106855 0.980695 0.875399 -0.474068 0.0945271 -1.93953 2.2041 -1.75873</i>
                        <i>0.488715 0.854647 0.175321 -0.167444 -0.105335 0.980238 0.856225 -0.508413 0.0916268 -1.93452 2.2049 -1.75807</i>
                        <i>0.506704 0.843646 0.177517 -0.169408 -0.104459 0.979995 0.845312 -0.52664 0.0899911 -1.93181 2.21627 -1.75771</i>
                        <i>0.526068 0.831482 0.178576 -0.17497 -0.0996675 0.979516 0.832248 -0.546538 0.0930527 -1.91474 2.24369 -1.7547</i>
                        <i>0.569404 0.800838 0.185573 -0.194337 -0.088209 0.976961 0.798757 -0.592349 0.105406 -1.86836 2.28545 -1.74654</i>
                        <i>0.614573 0.761724 0.205126 -0.231394 -0.0745198 0.970002 0.754159 -0.643602 0.130461 -1.79999 2.33448 -1.73417</i>
                        <i>0.641434 0.727771 0.242718 -0.289646 -0.0632312 0.955043 0.7104 -0.6829 0.170237 -1.71712 2.38443 -1.71852</i>
                        <i>0.631994 0.7149 0.299168 -0.371683 -0.0591279 0.926475 0.680026 -0.696722 0.228348 -1.62723 2.42964 -1.70139</i>
                        <i>0.56379 0.733486 0.379655 -0.503777 -0.0588591 0.861826 0.654484 -0.677151 0.336329 -1.51591 2.47864 -1.67681</i>
                        <i>0.447192 0.767591 0.459156 -0.669236 -0.0534333 0.741126 0.593415 -0.638709 0.489805 -1.3791 2.53487 -1.64319</i>
                        <i>0.325954 0.798706 0.505789 -0.810977 -0.0387316 0.583795 0.48587 -0.600473 0.635108 -1.23779 2.58578 -1.60953</i>
                        <i>0.24204 0.816879 0.52357 -0.896779 -0.0176628 0.442127 0.370412 -0.576539 0.728285 -1.11118 2.62015 -1.58164</i>
                        <i>0.218211 0.815666 0.535793 -0.924131 -0.00373634 0.382057 0.313632 -0.578512 0.752967 -1.01859 2.62732 -1.56206</i>
                        <i>0.236211 0.751978 0.615413 -0.928431 -0.0122339 0.371304 0.286741 -0.659075 0.69527 -0.963127 2.59658 -1.53997</i>
                        <i>0.25099 0.596448 0.7624 -0.939581 -0.0392973 0.340063 0.23279 -0.801689 0.550548 -0.930541 2.53344 -1.50714</i>
                        <i>0.245113 0.384377 0.890042 -0.953019 -0.0730024 0.293983 0.177976 -0.920285 0.348425 -0.914568 2.45106 -1.46978</i>
                        <i>0.224419 0.184767 0.956816 -0.963983 -0.101719 0.245742 0.142731 -0.977504 0.155285 -0.908559 2.36577 -1.43701</i>
                        <i>0.213602 0.0656738 0.974711 -0.9689 -0.113349 0.219966 0.124928 -0.991382 0.0394198 -0.904007 2.3007 -1.41968</i>
                        <i>0.214527 0.025753 0.976379 -0.969515 -0.115565 0.216067 0.1184 -0.992966 0.000176157 -0.8975 2.26172 -1.42</i>
                        <i>0.211693 0.0278645 0.976939 -0.96913 -0.123277 0.213517 0.126383 -0.991981 0.000907575 -0.892676 2.23624 -1.43212</i>
                        <i>0.205762 0.0724707 0.975915 -0.967482 -0.134846 0.213997 0.147107 -0.988213 0.0423679 -0.890283 2.22295 -1.45431</i>
                        <i>0.195289 0.159514 0.967687 -0.964372 -0.148308 0.219067 0.17846 -0.975992 0.124868 -0.891154 2.22 -1.48508</i>
                        <i>0.177345 0.283496 0.942433 -0.959862 -0.161603 0.229237 0.217287 -0.945259 0.243457 -0.896036 2.22498 -1.52262</i>
                        <i>0.151008 0.419896 0.894921 -0.954562 -0.173349 0.242407 0.25692 -0.890863 0.374639 -0.90509 2.23483 -1.56307</i>
                        <i>0.120018 0.541814 0.831885 -0.949366 -0.182425 0.255783 0.290344 -0.820462 0.492485 -0.918121 2.24808 -1.60131</i>
                        <i>0.0924035 0.629334 0.771622 -0.94537 -0.18786 0.266428 0.312629 -0.754087 0.577595 -0.934912 2.26546 -1.63201</i>
                        <i>0.0783008 0.669619 0.738566 -0.943764 -0.188914 0.271333 0.321215 -0.718277 0.61717 -0.955407 2.28905 -1.65012</i>
                        <i>0.0960439 0.686871 0.720406 -0.935783 -0.18436 0.300536 0.339244 -0.703008 0.625055 -0.994886 2.32593 -1.66158</i>
                        <i>0.145102 0.709284 0.689827 -0.912412 -0.173742 0.370564 0.382687 -0.683176 0.621949 -1.05925 2.37578 -1.67385</i>
                        <i>0.207772 0.731781 0.649097 -0.874826 -0.157861 0.457996 0.43762 -0.663005 0.607382 -1.13409 2.42956 -1.68478</i>
                        <i>0.268518 0.749567 0.605019 -0.829444 -0.13946 0.5409 0.489817 -0.647071 0.584276 -1.20508 2.47827 -1.6927</i>
                        <i>0.315559 0.758403 0.570305 -0.789651 -0.123395 0.60102 0.526188 -0.639999 0.559935 -1.25853 2.51285 -1.6961</i>
                        <i>0.349014 0.767663 0.537478 -0.760423 -0.103196 0.641176 0.547673 -0.63249 0.547732 -1.29463 2.52857 -1.69869</i>
                        <i>0.373234 0.786008 0.492836 -0.735624 -0.0729515 0.67345 0.565291 -0.613897 0.550978 -1.32279 2.53081 -1.70431</i>
                        <i>0.386826 0.808044 0.444332 -0.716233 -0.040232 0.696701 0.580841 -0.587747 0.563185 -1.34439 2.52588 -1.71119</i>
                        <i>0.389915 0.828581 0.401771 -0.703532 -0.0134624 0.710536 0.594145 -0.559707 0.577684 -1.36126 2.52071 -1.71744</i>
                        <i>0.383638 0.843341 0.376296 -0.6988 -0.00128524 0.715316 0.603739 -0.537378 0.588834 -1.37532 2.52259 -1.72132</i>
                        <i>0.359273 0.86531 0.349515 -0.696437 -0.000701499 0.717618 0.621207 -0.501236 0.602382 -1.38573 2.5331 -1.72045</i>
                        <i>0.313738 0.899816 0.30315 -0.691985 -0.00193915 0.72191 0.650174 -0.436265 0.62205 -1.39107 2.54724 -1.71496</i>
                        <i>0.258367 0.933298 0.249403 -0.687838 -0.00355272 0.725856 0.678325 -0.359086 0.641039 -1.39221 2.56255 -1.70713</i>
                        <i>0.207776 0.957132 0.201809 -0.685308 -0.0047798 0.728238 0.697984 -0.289612 0.654937 -1.39009 2.57713 -1.69936</i>
                        <i>0.178494 0.968295 0.174774 -0.684663 -0.00534334 0.72884 0.706665 -0.249754 0.662002 -1.38563 2.58969 -1.69406</i>
                        <i>0.161737 0.972321 0.168622 -0.703021 -0.00638645 0.71114 0.692533 -0.233562 0.682529 -1.37936 2.59932 -1.69285</i>
                        <i>0.139853 0.975534 0.169629 -0.744712 -0.00927355 0.667322 0.652568 -0.219652 0.725195 -1.37099 2.60687 -1.69477</i>
                        <i>0.11617 0.978117 0.172602 -0.791032 -0.0139775 0.611616 0.600644 -0.207585 0.772098 -1.36058 2.61398 -1.69828</i>
                        <i>0.0963223 0.979821 0.175136 -0.826653 -0.0192569 0.562383 0.554407 -0.198947 0.808117 -1.34897 2.62259 -1.7022</i>
                        <i>0.0882601 0.980189 0.177313 -0.840518 -0.0222411 0.541327 0.534547 -0.196813 0.821903 -1.33755 2.63487 -1.706</i>
                        <i>0.0865634 0.979939 0.179516 -0.840522 -0.0248959 0.541205 0.534817 -0.197736 0.821505 -1.32616 2.65148 -1.71124</i>
                        <i>0.0807739 0.98003 0.181703 -0.840992 -0.030836 0.540169 0.534985 -0.196442 0.821707 -1.31393 2.67094 -1.71924</i>
                        <i>0.0719261 0.980347 0.183702 -0.841772 -0.039131 0.538413 0.53502 -0.193361 0.822414 -1.30127 2.69217 -1.72932</i>
                        <i>0.0610554 0.980775 0.185347 -0.842716 -0.0488582 0.536136 0.534884 -0.188929 0.823532 -1.28856 2.71413 -1.74082</i>
                        <i>0.0491853 0.981218 0.186525 -0.843698 -0.0591337 0.533551 0.53456 -0.183613 0.824943 -1.27622 2.73577 -1.75306</i>
                        <i>0.0373215 0.981613 0.1872 -0.844618 -0.069131 0.530887 0.534067 -0.177926 0.826508 -1.26473 2.75607 -1.76542</i>
                        <i>0.0264469 0.981922 0.187432 -0.845406 -0.0780893 0.528384 0.533468 -0.17243 0.828058 -1.25462 2.77404 -1.77724</i>
                        <i>0.0175202 0.982135 0.18736 -0.846015 -0.0853073 0.526291 0.532872 -0.16773 0.829406 -1.24646 2.78869 -1.7879</i>
                        <i>0.0114799 0.982259 0.187178 -0.846407 -0.0901232 0.524855 0.532413 -0.164454 0.830356 -1.24084 2.79905 -1.79678</i>
                        <i>0.00925768 0.982301 0.187081 -0.846548 -0.09188 0.524323 0.532232 -0.163227 0.830714 -1.23836 2.80415 -1.80323</i>
                        <i>0.00876246 0.982206 0.187602 -0.847153 -0.0923846 0.523256 0.531277 -0.163512 0.831269 -1.23805 2.80568 -1.80711</i>
                        <i>0.00741784 0.981947 0.189009 -0.848787 -0.0937484 0.520358 0.528683 -0.164288 0.832769 -1.23845 2.80614 -1.80895</i>
                        <i>0.00543522 0.981562 0.191066 -0.851177 -0.0957428 0.516074 0.524851 -0.165435 0.834962 -1.23937 2.80573 -1.80914</i>
                        <i>0.00302634 0.981088 0.193537 -0.854048 -0.0981399 0.510852 0.520185 -0.166836 0.8376 -1.24066 2.80467 -1.80806</i>
                        <i>0.000403484 0.980565 0.196192 -0.857136 -0.100718 0.505147 0.51509 -0.168367 0.840437 -1.24213 2.80315 -1.80609</i>
                        <i>-0.00222041 0.980035 0.198813 -0.860185 -0.103263 0.499419 0.509978 -0.169907 0.84324 -1.24363 2.80139 -1.80362</i>
                        <i>-0.00463206 0.979541 0.201191 -0.862952 -0.105573 0.494135 0.505266 -0.17133 0.845785 -1.24497 2.7996 -1.80101</i>
                        <i>-0.00661822 0.97913 0.203128 -0.865205 -0.107454 0.489769 0.501374 -0.172506 0.847859 -1.246 2.798 -1.79867</i>
                        <i>-0.0079659 0.978849 0.204431 -0.866721 -0.108721 0.4868 0.498729 -0.173307 0.849255 -1.24656 2.7968 -1.79696</i>
                        <i>-0.0084624 0.978745 0.204908 -0.867277 -0.109185 0.485704 0.497753 -0.173602 0.849767 -1.24647 2.79622 -1.79626</i>
