<?xml version="1.0" encoding="ISO-8859-1" ?>
<Animl Version="1">
    <ModellingPackage><![CDATA[Maya.2010]]></ModellingPackage>
    <SrcFile><![CDATA[anims\turrets\artillery\blue\~src\artillery_m198\artillery_m198_idle_crewman_b.mb]]></SrcFile>
    <FramesPerSecond>30</FramesPerSecond>
    <TotalFrames>91</TotalFrames>
    <Skeleton>
        <RefFrame>
            <Name><![CDATA[soldier_ref_frame]]></Name>
            <Exclude>0</Exclude>
            <Additive>0</Additive>
            <IKPriority>0</IKPriority>
            <IKRotLimits>-1e+010 -1e+010 -1e+010 1e+010 1e+010 1e+010</IKRotLimits>
            <IKRotLimitOrder>0</IKRotLimitOrder>
            <KeyFrames count="91">
                <i>1 0 0 0 1 0 0 0 1 -1.86 1.37 -1.86</i>
                <i>1 0 0 0 1 0 0 0 1 -1.86 1.37 -1.86</i>
                <i>1 0 0 0 1 0 0 0 1 -1.86 1.37 -1.86</i>
                <i>1 0 0 0 1 0 0 0 1 -1.86 1.37 -1.86</i>
                <i>1 0 0 0 1 0 0 0 1 -1.86 1.37 -1.86</i>
                <i>1 0 0 0 1 0 0 0 1 -1.86 1.37 -1.86</i>
                <i>1 0 0 0 1 0 0 0 1 -1.86 1.37 -1.86</i>
                <i>1 0 0 0 1 0 0 0 1 -1.86 1.37 -1.86</i>
                <i>1 0 0 0 1 0 0 0 1 -1.86 1.37 -1.86</i>
                <i>1 0 0 0 1 0 0 0 1 -1.86 1.37 -1.86</i>
                <i>1 0 0 0 1 0 0 0 1 -1.86 1.37 -1.86</i>
                <i>1 0 0 0 1 0 0 0 1 -1.86 1.37 -1.86</i>
                <i>1 0 0 0 1 0 0 0 1 -1.86 1.37 -1.86</i>
                <i>1 0 0 0 1 0 0 0 1 -1.86 1.37 -1.86</i>
                <i>1 0 0 0 1 0 0 0 1 -1.86 1.37 -1.86</i>
                <i>1 0 0 0 1 0 0 0 1 -1.86 1.37 -1.86</i>
                <i>1 0 0 0 1 0 0 0 1 -1.86 1.37 -1.86</i>
                <i>1 0 0 0 1 0 0 0 1 -1.86 1.37 -1.86</i>
                <i>1 0 0 0 1 0 0 0 1 -1.86 1.37 -1.86</i>
                <i>1 0 0 0 1 0 0 0 1 -1.86 1.37 -1.86</i>
                <i>1 0 0 0 1 0 0 0 1 -1.86 1.37 -1.86</i>
                <i>1 0 0 0 1 0 0 0 1 -1.86 1.37 -1.86</i>
                <i>1 0 0 0 1 0 0 0 1 -1.86 1.37 -1.86</i>
                <i>1 0 0 0 1 0 0 0 1 -1.86 1.37 -1.86</i>
                <i>1 0 0 0 1 0 0 0 1 -1.86 1.37 -1.86</i>
                <i>1 0 0 0 1 0 0 0 1 -1.86 1.37 -1.86</i>
                <i>1 0 0 0 1 0 0 0 1 -1.86 1.37 -1.86</i>
                <i>1 0 0 0 1 0 0 0 1 -1.86 1.37 -1.86</i>
                <i>1 0 0 0 1 0 0 0 1 -1.86 1.37 -1.86</i>
                <i>1 0 0 0 1 0 0 0 1 -1.86 1.37 -1.86</i>
                <i>1 0 0 0 1 0 0 0 1 -1.86 1.37 -1.86</i>
                <i>1 0 0 0 1 0 0 0 1 -1.86 1.37 -1.86</i>
                <i>1 0 0 0 1 0 0 0 1 -1.86 1.37 -1.86</i>
                <i>1 0 0 0 1 0 0 0 1 -1.86 1.37 -1.86</i>
                <i>1 0 0 0 1 0 0 0 1 -1.86 1.37 -1.86</i>
                <i>1 0 0 0 1 0 0 0 1 -1.86 1.37 -1.86</i>
                <i>1 0 0 0 1 0 0 0 1 -1.86 1.37 -1.86</i>
                <i>1 0 0 0 1 0 0 0 1 -1.86 1.37 -1.86</i>
                <i>1 0 0 0 1 0 0 0 1 -1.86 1.37 -1.86</i>
                <i>1 0 0 0 1 0 0 0 1 -1.86 1.37 -1.86</i>
                <i>1 0 0 0 1 0 0 0 1 -1.86 1.37 -1.86</i>
                <i>1 0 0 0 1 0 0 0 1 -1.86 1.37 -1.86</i>
                <i>1 0 0 0 1 0 0 0 1 -1.86 1.37 -1.86</i>
                <i>1 0 0 0 1 0 0 0 1 -1.86 1.37 -1.86</i>
                <i>1 0 0 0 1 0 0 0 1 -1.86 1.37 -1.86</i>
                <i>1 0 0 0 1 0 0 0 1 -1.86 1.37 -1.86</i>
                <i>1 0 0 0 1 0 0 0 1 -1.86 1.37 -1.86</i>
                <i>1 0 0 0 1 0 0 0 1 -1.86 1.37 -1.86</i>
                <i>1 0 0 0 1 0 0 0 1 -1.86 1.37 -1.86</i>
                <i>1 0 0 0 1 0 0 0 1 -1.86 1.37 -1.86</i>
                <i>1 0 0 0 1 0 0 0 1 -1.86 1.37 -1.86</i>
                <i>1 0 0 0 1 0 0 0 1 -1.86 1.37 -1.86</i>
                <i>1 0 0 0 1 0 0 0 1 -1.86 1.37 -1.86</i>
                <i>1 0 0 0 1 0 0 0 1 -1.86 1.37 -1.86</i>
                <i>1 0 0 0 1 0 0 0 1 -1.86 1.37 -1.86</i>
                <i>1 0 0 0 1 0 0 0 1 -1.86 1.37 -1.86</i>
                <i>1 0 0 0 1 0 0 0 1 -1.86 1.37 -1.86</i>
                <i>1 0 0 0 1 0 0 0 1 -1.86 1.37 -1.86</i>
                <i>1 0 0 0 1 0 0 0 1 -1.86 1.37 -1.86</i>
                <i>1 0 0 0 1 0 0 0 1 -1.86 1.37 -1.86</i>
                <i>1 0 0 0 1 0 0 0 1 -1.86 1.37 -1.86</i>
                <i>1 0 0 0 1 0 0 0 1 -1.86 1.37 -1.86</i>
                <i>1 0 0 0 1 0 0 0 1 -1.86 1.37 -1.86</i>
                <i>1 0 0 0 1 0 0 0 1 -1.86 1.37 -1.86</i>
                <i>1 0 0 0 1 0 0 0 1 -1.86 1.37 -1.86</i>
                <i>1 0 0 0 1 0 0 0 1 -1.86 1.37 -1.86</i>
                <i>1 0 0 0 1 0 0 0 1 -1.86 1.37 -1.86</i>
                <i>1 0 0 0 1 0 0 0 1 -1.86 1.37 -1.86</i>
                <i>1 0 0 0 1 0 0 0 1 -1.86 1.37 -1.86</i>
                <i>1 0 0 0 1 0 0 0 1 -1.86 1.37 -1.86</i>
                <i>1 0 0 0 1 0 0 0 1 -1.86 1.37 -1.86</i>
                <i>1 0 0 0 1 0 0 0 1 -1.86 1.37 -1.86</i>
                <i>1 0 0 0 1 0 0 0 1 -1.86 1.37 -1.86</i>
                <i>1 0 0 0 1 0 0 0 1 -1.86 1.37 -1.86</i>
                <i>1 0 0 0 1 0 0 0 1 -1.86 1.37 -1.86</i>
                <i>1 0 0 0 1 0 0 0 1 -1.86 1.37 -1.86</i>
                <i>1 0 0 0 1 0 0 0 1 -1.86 1.37 -1.86</i>
                <i>1 0 0 0 1 0 0 0 1 -1.86 1.37 -1.86</i>
                <i>1 0 0 0 1 0 0 0 1 -1.86 1.37 -1.86</i>
                <i>1 0 0 0 1 0 0 0 1 -1.86 1.37 -1.86</i>
                <i>1 0 0 0 1 0 0 0 1 -1.86 1.37 -1.86</i>
                <i>1 0 0 0 1 0 0 0 1 -1.86 1.37 -1.86</i>
                <i>1 0 0 0 1 0 0 0 1 -1.86 1.37 -1.86</i>
                <i>1 0 0 0 1 0 0 0 1 -1.86 1.37 -1.86</i>
                <i>1 0 0 0 1 0 0 0 1 -1.86 1.37 -1.86</i>
                <i>1 0 0 0 1 0 0 0 1 -1.86 1.37 -1.86</i>
                <i>1 0 0 0 1 0 0 0 1 -1.86 1.37 -1.86</i>
                <i>1 0 0 0 1 0 0 0 1 -1.86 1.37 -1.86</i>
                <i>1 0 0 0 1 0 0 0 1 -1.86 1.37 -1.86</i>
                <i>1 0 0 0 1 0 0 0 1 -1.86 1.37 -1.86</i>
                <i>1 0 0 0 1 0 0 0 1 -1.86 1.37 -1.86</i>
            </KeyFrames>
        </RefFrame>
        <Bones count="23">
            <i>
                <p>
                    <Name><![CDATA[pelvis]]></Name>
                    <Exclude>0</Exclude>
                    <Additive>0</Additive>
                    <IKPriority>0</IKPriority>
                    <IKRotLimits>-1e+010 -1e+010 -1e+010 1e+010 1e+010 1e+010</IKRotLimits>
                    <IKRotLimitOrder>2</IKRotLimitOrder>
                    <KeyFrames count="91">
                        <i>1 0 0 0 1 0 0 0 1 -1.89983 1.91948 -1.72393</i>
                        <i>1 0 0 0 1 0 0 0 1 -1.89983 1.91948 -1.72393</i>
                        <i>1 0 0 0 1 0 0 0 1 -1.89983 1.91948 -1.72393</i>
                        <i>1 0 0 0 1 0 0 0 1 -1.89983 1.91948 -1.72393</i>
                        <i>1 0 0 0 1 0 0 0 1 -1.89983 1.91948 -1.72393</i>
                        <i>1 0 0 0 1 0 0 0 1 -1.89983 1.91948 -1.72393</i>
                        <i>1 0 0 0 1 0 0 0 1 -1.89983 1.91948 -1.72393</i>
                        <i>1 0 0 0 1 0 0 0 1 -1.89983 1.91948 -1.72393</i>
                        <i>1 0 0 0 1 0 0 0 1 -1.89983 1.91948 -1.72393</i>
                        <i>1 0 0 0 1 0 0 0 1 -1.89983 1.91948 -1.72393</i>
                        <i>1 0 0 0 1 0 0 0 1 -1.89983 1.91948 -1.72393</i>
                        <i>1 0 0 0 1 0 0 0 1 -1.89983 1.91948 -1.72393</i>
                        <i>1 0 0 0 1 0 0 0 1 -1.89983 1.91948 -1.72393</i>
                        <i>1 0 0 0 1 0 0 0 1 -1.89983 1.91948 -1.72393</i>
                        <i>1 0 0 0 1 0 0 0 1 -1.89983 1.91948 -1.72393</i>
                        <i>1 0 0 0 1 0 0 0 1 -1.89983 1.91948 -1.72393</i>
                        <i>1 0 0 0 1 0 0 0 1 -1.89983 1.91948 -1.72393</i>
                        <i>1 0 0 0 1 0 0 0 1 -1.89983 1.91948 -1.72393</i>
                        <i>1 0 0 0 1 0 0 0 1 -1.89983 1.91948 -1.72393</i>
                        <i>1 0 0 0 1 0 0 0 1 -1.89983 1.91948 -1.72393</i>
                        <i>1 0 0 0 1 0 0 0 1 -1.89983 1.91948 -1.72393</i>
                        <i>1 0 0 0 1 0 0 0 1 -1.89983 1.91948 -1.72393</i>
                        <i>1 0 0 0 1 0 0 0 1 -1.89983 1.91948 -1.72393</i>
                        <i>1 0 0 0 1 0 0 0 1 -1.89983 1.91948 -1.72393</i>
                        <i>1 0 0 0 1 0 0 0 1 -1.89983 1.91948 -1.72393</i>
                        <i>1 0 0 0 1 0 0 0 1 -1.89983 1.91948 -1.72393</i>
                        <i>1 0 0 0 1 0 0 0 1 -1.89983 1.91948 -1.72393</i>
                        <i>1 0 0 0 1 0 0 0 1 -1.89983 1.91948 -1.72393</i>
                        <i>1 0 0 0 1 0 0 0 1 -1.89983 1.91948 -1.72393</i>
                        <i>1 0 0 0 1 0 0 0 1 -1.89983 1.91948 -1.72393</i>
                        <i>1 0 0 0 1 0 0 0 1 -1.89983 1.91948 -1.72393</i>
                        <i>1 0 0 0 1 0 0 0 1 -1.89983 1.91948 -1.72393</i>
                        <i>1 0 0 0 1 0 0 0 1 -1.89983 1.91948 -1.72393</i>
                        <i>1 0 0 0 1 0 0 0 1 -1.89983 1.91948 -1.72393</i>
                        <i>1 0 0 0 1 0 0 0 1 -1.89983 1.91948 -1.72393</i>
                        <i>1 0 0 0 1 0 0 0 1 -1.89983 1.91948 -1.72393</i>
                        <i>1 0 0 0 1 0 0 0 1 -1.89983 1.91948 -1.72393</i>
                        <i>1 0 0 0 1 0 0 0 1 -1.89983 1.91948 -1.72393</i>
                        <i>1 0 0 0 1 0 0 0 1 -1.89983 1.91948 -1.72393</i>
                        <i>1 0 0 0 1 0 0 0 1 -1.89983 1.91948 -1.72393</i>
                        <i>1 0 0 0 1 0 0 0 1 -1.89983 1.91948 -1.72393</i>
                        <i>1 0 0 0 1 0 0 0 1 -1.89983 1.91948 -1.72393</i>
                        <i>1 0 0 0 1 0 0 0 1 -1.89983 1.91948 -1.72393</i>
                        <i>1 0 0 0 1 0 0 0 1 -1.89983 1.91948 -1.72393</i>
                        <i>1 0 0 0 1 0 0 0 1 -1.89983 1.91948 -1.72393</i>
                        <i>1 0 0 0 1 0 0 0 1 -1.89983 1.91948 -1.72393</i>
                        <i>1 0 0 0 1 0 0 0 1 -1.89983 1.91948 -1.72393</i>
                        <i>1 0 0 0 1 0 0 0 1 -1.89983 1.91948 -1.72393</i>
                        <i>1 0 0 0 1 0 0 0 1 -1.89983 1.91948 -1.72393</i>
                        <i>1 0 0 0 1 0 0 0 1 -1.89983 1.91948 -1.72393</i>
                        <i>1 0 0 0 1 0 0 0 1 -1.89983 1.91948 -1.72393</i>
                        <i>1 0 0 0 1 0 0 0 1 -1.89983 1.91948 -1.72393</i>
                        <i>1 0 0 0 1 0 0 0 1 -1.89983 1.91948 -1.72393</i>
                        <i>1 0 0 0 1 0 0 0 1 -1.89983 1.91948 -1.72393</i>
                        <i>1 0 0 0 1 0 0 0 1 -1.89983 1.91948 -1.72393</i>
                        <i>1 0 0 0 1 0 0 0 1 -1.89983 1.91948 -1.72393</i>
                        <i>1 0 0 0 1 0 0 0 1 -1.89983 1.91948 -1.72393</i>
                        <i>1 0 0 0 1 0 0 0 1 -1.89983 1.91948 -1.72393</i>
                        <i>1 0 0 0 1 0 0 0 1 -1.89983 1.91948 -1.72393</i>
                        <i>1 0 0 0 1 0 0 0 1 -1.89983 1.91948 -1.72393</i>
                        <i>1 0 0 0 1 0 0 0 1 -1.89983 1.91948 -1.72393</i>
                        <i>1 0 0 0 1 0 0 0 1 -1.89983 1.91948 -1.72393</i>
                        <i>1 0 0 0 1 0 0 0 1 -1.89983 1.91948 -1.72393</i>
                        <i>1 0 0 0 1 0 0 0 1 -1.89983 1.91948 -1.72393</i>
                        <i>1 0 0 0 1 0 0 0 1 -1.89983 1.91948 -1.72393</i>
                        <i>1 0 0 0 1 0 0 0 1 -1.89983 1.91948 -1.72393</i>
                        <i>1 0 0 0 1 0 0 0 1 -1.89983 1.91948 -1.72393</i>
                        <i>1 0 0 0 1 0 0 0 1 -1.89983 1.91948 -1.72393</i>
                        <i>1 0 0 0 1 0 0 0 1 -1.89983 1.91948 -1.72393</i>
                        <i>1 0 0 0 1 0 0 0 1 -1.89983 1.91948 -1.72393</i>
                        <i>1 0 0 0 1 0 0 0 1 -1.89983 1.91948 -1.72393</i>
                        <i>1 0 0 0 1 0 0 0 1 -1.89983 1.91948 -1.72393</i>
                        <i>1 0 0 0 1 0 0 0 1 -1.89983 1.91948 -1.72393</i>
                        <i>1 0 0 0 1 0 0 0 1 -1.89983 1.91948 -1.72393</i>
                        <i>1 0 0 0 1 0 0 0 1 -1.89983 1.91948 -1.72393</i>
                        <i>1 0 0 0 1 0 0 0 1 -1.89983 1.91948 -1.72393</i>
                        <i>1 0 0 0 1 0 0 0 1 -1.89983 1.91948 -1.72393</i>
                        <i>1 0 0 0 1 0 0 0 1 -1.89983 1.91948 -1.72393</i>
                        <i>1 0 0 0 1 0 0 0 1 -1.89983 1.91948 -1.72393</i>
                        <i>1 0 0 0 1 0 0 0 1 -1.89983 1.91948 -1.72393</i>
                        <i>1 0 0 0 1 0 0 0 1 -1.89983 1.91948 -1.72393</i>
                        <i>1 0 0 0 1 0 0 0 1 -1.89983 1.91948 -1.72393</i>
                        <i>1 0 0 0 1 0 0 0 1 -1.89983 1.91948 -1.72393</i>
                        <i>1 0 0 0 1 0 0 0 1 -1.89983 1.91948 -1.72393</i>
                        <i>1 0 0 0 1 0 0 0 1 -1.89983 1.91948 -1.72393</i>
                        <i>1 0 0 0 1 0 0 0 1 -1.89983 1.91948 -1.72393</i>
                        <i>1 0 0 0 1 0 0 0 1 -1.89983 1.91948 -1.72393</i>
                        <i>1 0 0 0 1 0 0 0 1 -1.89983 1.91948 -1.72393</i>
                        <i>1 0 0 0 1 0 0 0 1 -1.89983 1.91948 -1.72393</i>
                        <i>1 0 0 0 1 0 0 0 1 -1.89983 1.91948 -1.72393</i>
                        <i>1 0 0 0 1 0 0 0 1 -1.89983 1.91948 -1.72393</i>
                    </KeyFrames>
                </p>
            </i>
            <i>
                <p>
                    <Name><![CDATA[spine0]]></Name>
                    <Exclude>0</Exclude>
                    <Additive>0</Additive>
                    <IKPriority>0</IKPriority>
                    <IKRotLimits>-1e+010 -1e+010 -1e+010 1e+010 1e+010 1e+010</IKRotLimits>
                    <IKRotLimitOrder>0</IKRotLimitOrder>
                    <KeyFrames count="91">
                        <i>0.116731 0.993001 -0.0179618 -0.16296 0.0369906 0.985939 0.979703 -0.112163 0.166137 -1.94208 2.05379 -1.75343</i>
                        <i>0.116224 0.993061 -0.0179537 -0.162906 0.0368911 0.985952 0.979772 -0.111667 0.166063 -1.94214 2.05377 -1.75343</i>
                        <i>0.115382 0.993158 -0.0179812 -0.162754 0.0367595 0.985982 0.979897 -0.110838 0.165881 -1.94231 2.05372 -1.75345</i>
                        <i>0.114256 0.993288 -0.0180401 -0.162516 0.0366022 0.986027 0.980068 -0.109728 0.165607 -1.94257 2.05363 -1.75348</i>
                        <i>0.112895 0.993442 -0.0181263 -0.16221 0.0364257 0.986084 0.980277 -0.108384 0.165258 -1.9429 2.05351 -1.75351</i>
                        <i>0.111345 0.993614 -0.0182361 -0.161848 0.0362359 0.98615 0.980514 -0.106851 0.164849 -1.94329 2.05338 -1.75356</i>
                        <i>0.109644 0.993801 -0.0183666 -0.161447 0.0360387 0.986223 0.980772 -0.105169 0.164397 -1.94372 2.05323 -1.7536</i>
                        <i>0.107829 0.993997 -0.0185152 -0.161021 0.0358395 0.9863 0.981043 -0.103371 0.163919 -1.94417 2.05307 -1.75365</i>
                        <i>0.105931 0.994198 -0.01868 -0.160586 0.0356434 0.986378 0.981321 -0.101488 0.16343 -1.94464 2.0529 -1.7537</i>
                        <i>0.103977 0.994401 -0.0188595 -0.160158 0.0354552 0.986454 0.9816 -0.0995478 0.162948 -1.94509 2.05274 -1.75374</i>
                        <i>0.101991 0.994603 -0.0190526 -0.159752 0.0352795 0.986527 0.981874 -0.0975727 0.162488 -1.94552 2.05258 -1.75379</i>
                        <i>0.0999951 0.994802 -0.0192586 -0.159384 0.0351205 0.986592 0.982139 -0.0955848 0.162067 -1.94591 2.05244 -1.75383</i>
                        <i>0.0980122 0.994995 -0.0194766 -0.159069 0.0349824 0.986647 0.98239 -0.0936054 0.161702 -1.94624 2.05232 -1.75386</i>
                        <i>0.0960649 0.99518 -0.019706 -0.158825 0.0348692 0.986691 0.982622 -0.0916566 0.161409 -1.94649 2.05222 -1.75389</i>
                        <i>0.0942293 0.995351 -0.0199381 -0.158666 0.034786 0.986719 0.982826 -0.0898144 0.161206 -1.94666 2.05216 -1.7539</i>
                        <i>0.0926526 0.995494 -0.0201546 -0.158609 0.0347392 0.98673 0.982985 -0.0882265 0.161113 -1.94672 2.05214 -1.75391</i>
                        <i>0.091554 0.995593 -0.0203309 -0.158683 0.034742 0.986718 0.983075 -0.0871118 0.161165 -1.94664 2.05217 -1.7539</i>
                        <i>0.0912331 0.99562 -0.020425 -0.158893 0.0348017 0.986682 0.983072 -0.0867727 0.161372 -1.94642 2.05225 -1.75388</i>
                        <i>0.091777 0.99557 -0.0204195 -0.159217 0.0349135 0.986626 0.982968 -0.0872984 0.161716 -1.94608 2.05238 -1.75384</i>
                        <i>0.0930632 0.995453 -0.0203278 -0.159633 0.03507 0.986553 0.98278 -0.0885668 0.162171 -1.94564 2.05254 -1.7538</i>
                        <i>0.0949668 0.995276 -0.020164 -0.160121 0.0352639 0.986467 0.982518 -0.090453 0.162714 -1.94513 2.05273 -1.75375</i>
                        <i>0.0973582 0.99505 -0.0199423 -0.160659 0.0354877 0.986372 0.982197 -0.0928275 0.163319 -1.94456 2.05293 -1.75369</i>
                        <i>0.100102 0.994783 -0.0196779 -0.161226 0.0357332 0.98627 0.981828 -0.0955549 0.163962 -1.94396 2.05314 -1.75363</i>
                        <i>0.103055 0.994487 -0.0193869 -0.1618 0.0359915 0.986167 0.981428 -0.0984931 0.164617 -1.94334 2.05336 -1.75356</i>
                        <i>0.10607 0.994175 -0.0190859 -0.162362 0.0362528 0.986065 0.981014 -0.101493 0.165262 -1.94274 2.05357 -1.7535</i>
                        <i>0.108988 0.993865 -0.0187926 -0.162892 0.0365061 0.985968 0.980606 -0.104398 0.165871 -1.94216 2.05377 -1.75344</i>
                        <i>0.111649 0.993575 -0.0185253 -0.163368 0.0367396 0.985881 0.980227 -0.107046 0.16642 -1.94164 2.05394 -1.75338</i>
                        <i>0.113883 0.993326 -0.018303 -0.163772 0.0369407 0.985806 0.979903 -0.109269 0.166886 -1.9412 2.05409 -1.75333</i>
                        <i>0.115522 0.993139 -0.0181449 -0.164085 0.0370963 0.985748 0.979658 -0.110898 0.167245 -1.94086 2.0542 -1.7533</i>
                        <i>0.116393 0.993039 -0.0180704 -0.164287 0.037193 0.985711 0.979521 -0.111761 0.167473 -1.94064 2.05427 -1.75327</i>
                        <i>0.116327 0.993046 -0.0180986 -0.16436 0.037218 0.985698 0.979517 -0.111689 0.167546 -1.94056 2.0543 -1.75326</i>
                        <i>0.115596 0.99313 -0.0181962 -0.164309 0.037185 0.985708 0.979612 -0.110954 0.167479 -1.94061 2.05428 -1.75327</i>
                        <i>0.114543 0.993249 -0.0183278 -0.164165 0.0371208 0.985734 0.97976 -0.1099 0.167308 -1.94077 2.05423 -1.75329</i>
                        <i>0.113121 0.993409 -0.0185078 -0.163936 0.0370332 0.985776 0.979964 -0.108478 0.167044 -1.94102 2.05415 -1.75331</i>
                        <i>0.111244 0.993616 -0.0187537 -0.163633 0.0369268 0.98583 0.980229 -0.106599 0.166696 -1.94135 2.05404 -1.75335</i>
                        <i>0.108756 0.993885 -0.0190889 -0.163266 0.0368009 0.985896 0.980569 -0.104106 0.16627 -1.94175 2.0539 -1.75339</i>
                        <i>0.105434 0.994234 -0.019544 -0.162846 0.0366506 0.985971 0.981002 -0.100773 0.165771 -1.94221 2.05375 -1.75344</i>
                        <i>0.102772 0.994506 -0.0199007 -0.162382 0.036512 0.986052 0.981361 -0.0981067 0.165242 -1.94271 2.05358 -1.75349</i>
                        <i>0.103383 0.994445 -0.0197795 -0.161885 0.0364438 0.986137 0.981379 -0.0987477 0.164753 -1.94325 2.05339 -1.75355</i>
                        <i>0.106866 0.994087 -0.0192395 -0.161365 0.0364343 0.986222 0.981092 -0.102289 0.164305 -1.9438 2.0532 -1.75361</i>
                        <i>0.11136 0.993607 -0.0185522 -0.160835 0.0364418 0.986308 0.980679 -0.106852 0.163865 -1.94437 2.053 -1.75367</i>
                        <i>0.114898 0.993214 -0.0180032 -0.160305 0.0364241 0.986395 0.980358 -0.110449 0.163402 -1.94494 2.05279 -1.75373</i>
                        <i>0.11541 0.993157 -0.0178908 -0.159784 0.0363384 0.986483 0.980382 -0.110992 0.162884 -1.9455 2.05259 -1.75378</i>
                        <i>0.112336 0.993502 -0.0182976 -0.159283 0.0361801 0.98657 0.980821 -0.107913 0.162312 -1.94603 2.0524 -1.75384</i>
                        <i>0.107107 0.994066 -0.0190194 -0.158812 0.0359889 0.986653 0.981482 -0.102657 0.161725 -1.94652 2.05221 -1.75389</i>
                        <i>0.100742 0.994713 -0.0199101 -0.158383 0.0357909 0.986729 0.982225 -0.0962516 0.161151 -1.94698 2.05204 -1.75393</i>
                        <i>0.0941037 0.995344 -0.0208462 -0.158006 0.0356057 0.986796 0.982944 -0.0895673 0.160621 -1.94737 2.05189 -1.75397</i>
                        <i>0.0880224 0.995882 -0.0217077 -0.157693 0.0354487 0.986852 0.983557 -0.083442 0.160164 -1.9477 2.05177 -1.75401</i>
                        <i>0.0832949 0.996274 -0.0223786 -0.157455 0.0353322 0.986894 0.984007 -0.0786796 0.159811 -1.94794 2.05167 -1.75403</i>
                        <i>0.0806976 0.996479 -0.022746 -0.157305 0.0352667 0.98692 0.984248 -0.076064 0.159597 -1.9481 2.05161 -1.75405</i>
                        <i>0.0810164 0.996454 -0.0226953 -0.157253 0.0352638 0.986929 0.98423 -0.0763885 0.159552 -1.94815 2.05159 -1.75405</i>
                        <i>0.0848569 0.996164 -0.0213903 -0.157307 0.0345924 0.986944 0.983897 -0.0803842 0.159639 -1.94808 2.05162 -1.75404</i>
                        <i>0.0914568 0.995635 -0.0186208 -0.15747 0.0329237 0.986975 0.98328 -0.0873333 0.159794 -1.94786 2.0517 -1.75402</i>
                        <i>0.0995224 0.994919 -0.0152393 -0.157745 0.0308974 0.986996 0.982452 -0.0958243 0.160019 -1.94753 2.05183 -1.75399</i>
                        <i>0.107587 0.994121 -0.0121789 -0.158133 0.0292052 0.986986 0.981539 -0.104261 0.160346 -1.94709 2.052 -1.75395</i>
                        <i>0.113996 0.993426 -0.0104439 -0.158626 0.0285778 0.986925 0.980736 -0.110848 0.160841 -1.94659 2.05219 -1.7539</i>
                        <i>0.11893 0.992839 -0.0112288 -0.159207 0.0302313 0.986782 0.980056 -0.11557 0.161663 -1.94603 2.0524 -1.75384</i>
                        <i>0.123669 0.992215 -0.0146611 -0.159829 0.0344982 0.986542 0.979367 -0.119661 0.162851 -1.94543 2.05261 -1.75378</i>
                        <i>0.128109 0.991555 -0.0201436 -0.160426 0.040762 0.986206 0.978699 -0.123111 0.164294 -1.94483 2.05283 -1.75372</i>
                        <i>0.132142 0.990862 -0.0270508 -0.160949 0.0483763 0.985776 0.978077 -0.125908 0.165871 -1.94423 2.05305 -1.75365</i>
                        <i>0.135656 0.990147 -0.0347366 -0.161366 0.0566734 0.985266 0.977527 -0.128052 0.167464 -1.94366 2.05325 -1.75359</i>
                        <i>0.138541 0.989442 -0.0425466 -0.161663 0.0649789 0.984704 0.977073 -0.129544 0.168959 -1.94315 2.05343 -1.75354</i>
                        <i>0.140692 0.988798 -0.049832 -0.161849 0.0726261 0.984139 0.976735 -0.130396 0.170254 -1.94272 2.05358 -1.75349</i>
                        <i>0.142009 0.988282 -0.0559611 -0.161945 0.0789682 0.983635 0.976528 -0.130622 0.171261 -1.94238 2.05369 -1.75346</i>
                        <i>0.142397 0.98797 -0.060323 -0.161979 0.083382 0.983265 0.976466 -0.130243 0.171904 -1.94216 2.05377 -1.75344</i>
                        <i>0.141768 0.987936 -0.0623217 -0.161979 0.0852609 0.983104 0.976557 -0.129278 0.172113 -1.94208 2.05379 -1.75343</i>
                        <i>0.139697 0.988274 -0.0616454 -0.162098 0.0842405 0.983172 0.976836 -0.127354 0.171965 -1.94192 2.05385 -1.75341</i>
                        <i>0.13612 0.98895 -0.058723 -0.16245 0.0807536 0.983407 0.977283 -0.124321 0.171647 -1.94148 2.05399 -1.75336</i>
                        <i>0.131496 0.989841 -0.0540734 -0.163013 0.0753957 0.983739 0.977822 -0.120543 0.171271 -1.94084 2.05421 -1.75329</i>
                        <i>0.126297 0.990819 -0.0482316 -0.163762 0.0687787 0.984099 0.978382 -0.11639 0.170945 -1.94005 2.05446 -1.75321</i>
                        <i>0.120988 0.991775 -0.0417559 -0.164656 0.0615331 0.98443 0.978903 -0.112228 0.170746 -1.9392 2.05473 -1.75311</i>
                        <i>0.116007 0.992624 -0.0352195 -0.16563 0.0542951 0.984692 0.979341 -0.108398 0.170707 -1.93834 2.055 -1.75302</i>
                        <i>0.11174 0.993309 -0.0291924 -0.166594 0.0476852 0.984872 0.979674 -0.105187 0.170808 -1.93755 2.05524 -1.75293</i>
                        <i>0.108504 0.993801 -0.0242258 -0.167436 0.0422915 0.984975 0.979894 -0.102818 0.170987 -1.9369 2.05544 -1.75285</i>
                        <i>0.106558 0.994088 -0.0208456 -0.168031 0.0386671 0.985023 0.980006 -0.101459 0.171158 -1.93646 2.05557 -1.7528</i>
                        <i>0.106144 0.994158 -0.0195639 -0.168255 0.0373486 0.985036 0.980012 -0.101264 0.171237 -1.9363 2.05561 -1.75279</i>
                        <i>0.106662 0.994104 -0.0195036 -0.168186 0.0373714 0.985047 0.979968 -0.101787 0.171181 -1.93637 2.05559 -1.75279</i>
                        <i>0.10732 0.994034 -0.019442 -0.167994 0.0374041 0.985078 0.979929 -0.102453 0.171006 -1.93658 2.05553 -1.75282</i>
                        <i>0.108099 0.993951 -0.0193749 -0.167698 0.0374412 0.985127 0.979894 -0.103242 0.170731 -1.9369 2.05544 -1.75285</i>
                        <i>0.108979 0.993857 -0.0192978 -0.167318 0.0374763 0.98519 0.979861 -0.104136 0.170374 -1.93732 2.05531 -1.7529</i>
                        <i>0.109941 0.993753 -0.0192062 -0.166872 0.0375036 0.985265 0.97983 -0.105116 0.169953 -1.9378 2.05517 -1.75296</i>
                        <i>0.110961 0.993641 -0.0190976 -0.16638 0.0375181 0.985348 0.979798 -0.106158 0.169486 -1.93834 2.055 -1.75302</i>
                        <i>0.112012 0.993526 -0.018971 -0.165861 0.0375161 0.985435 0.979767 -0.107234 0.16899 -1.93891 2.05483 -1.75308</i>
                        <i>0.113061 0.99341 -0.0188283 -0.165333 0.0374956 0.985525 0.979736 -0.108311 0.168483 -1.93949 2.05464 -1.75314</i>
                        <i>0.114067 0.993298 -0.0186738 -0.164816 0.0374562 0.985613 0.979706 -0.109348 0.167983 -1.94005 2.05446 -1.75321</i>
                        <i>0.114988 0.993194 -0.0185142 -0.164326 0.0373994 0.985697 0.979681 -0.110301 0.167508 -1.94059 2.05429 -1.75327</i>
                        <i>0.115777 0.993106 -0.0183581 -0.163884 0.0373283 0.985773 0.979662 -0.111121 0.167075 -1.94107 2.05413 -1.75332</i>
                        <i>0.116388 0.993037 -0.0182155 -0.163507 0.0372471 0.985839 0.979653 -0.111761 0.166703 -1.94148 2.05399 -1.75336</i>
                        <i>0.116775 0.992993 -0.0180964 -0.163215 0.0371608 0.985891 0.979655 -0.112174 0.166411 -1.9418 2.05389 -1.7534</i>
                        <i>0.116899 0.99298 -0.0180098 -0.163026 0.0370741 0.985925 0.979672 -0.112318 0.166215 -1.94201 2.05382 -1.75342</i>
                        <i>0.116731 0.993001 -0.0179618 -0.16296 0.0369906 0.985939 0.979703 -0.112163 0.166137 -1.94208 2.05379 -1.75343</i>
                    </KeyFrames>
                </p>
            </i>
            <i>
                <p>
                    <Name><![CDATA[spine1]]></Name>
                    <Exclude>0</Exclude>
                    <Additive>0</Additive>
                    <IKPriority>0</IKPriority>
                    <IKRotLimits>-1e+010 -1e+010 -1e+010 1e+010 1e+010 1e+010</IKRotLimits>
                    <IKRotLimitOrder>0</IKRotLimitOrder>
                    <KeyFrames count="91">
                        <i>0.425422 0.88855 0.171742 -0.173948 -0.105949 0.979039 0.888121 -0.446379 0.109488 -1.92121 2.23171 -1.75665</i>
                        <i>0.426545 0.888063 0.171473 -0.174247 -0.105349 0.97905 0.887523 -0.447487 0.109806 -1.92131 2.23218 -1.75667</i>
                        <i>0.427871 0.887484 0.171168 -0.174462 -0.104722 0.979079 0.886842 -0.448782 0.110025 -1.92157 2.2327 -1.7567</i>
                        <i>0.429317 0.886851 0.17083 -0.174599 -0.104082 0.979123 0.886116 -0.450181 0.11016 -1.92196 2.23326 -1.75675</i>
                        <i>0.430797 0.886203 0.170463 -0.174664 -0.10344 0.97918 0.885385 -0.451601 0.110226 -1.92247 2.23385 -1.75681</i>
                        <i>0.432225 0.885584 0.170069 -0.174661 -0.10281 0.979247 0.884689 -0.452959 0.11024 -1.92306 2.23444 -1.75689</i>
                        <i>0.433514 0.885033 0.169652 -0.174597 -0.102203 0.979321 0.884071 -0.454171 0.110217 -1.92373 2.23504 -1.75697</i>
                        <i>0.43458 0.884594 0.169213 -0.174478 -0.101632 0.979402 0.883571 -0.455152 0.110175 -1.92444 2.23563 -1.75706</i>
                        <i>0.435335 0.88431 0.168756 -0.174311 -0.101108 0.979486 0.883232 -0.455821 0.110129 -1.92519 2.23619 -1.75715</i>
                        <i>0.435695 0.884223 0.168282 -0.174102 -0.100641 0.979571 0.883096 -0.456092 0.110096 -1.92594 2.23672 -1.75725</i>
                        <i>0.435573 0.884376 0.167795 -0.173858 -0.100244 0.979655 0.883204 -0.455884 0.110093 -1.92667 2.23719 -1.75734</i>
                        <i>0.434883 0.88481 0.167295 -0.173586 -0.0999252 0.979736 0.883597 -0.455111 0.110135 -1.92738 2.2376 -1.75743</i>
                        <i>0.433541 0.885565 0.166785 -0.173294 -0.0996968 0.979811 0.884314 -0.453691 0.11024 -1.92804 2.23793 -1.75751</i>
                        <i>0.431458 0.886679 0.166267 -0.172986 -0.0995688 0.979878 0.885392 -0.451539 0.110424 -1.92864 2.23817 -1.75758</i>
                        <i>0.428678 0.888121 0.16576 -0.172681 -0.0995466 0.979935 0.886801 -0.4487 0.110688 -1.92913 2.23832 -1.75765</i>
                        <i>0.425412 0.889775 0.165302 -0.172408 -0.099629 0.979974 0.888426 -0.445392 0.111021 -1.92948 2.23835 -1.75769</i>
                        <i>0.421869 0.891525 0.164954 -0.172197 -0.0998387 0.97999 0.890154 -0.441832 0.111399 -1.92962 2.23824 -1.75772</i>
                        <i>0.418591 0.893099 0.164792 -0.172077 -0.100171 0.979977 0.891724 -0.438567 0.111751 -1.92949 2.23798 -1.7577</i>
                        <i>0.415915 0.894341 0.164833 -0.172049 -0.100597 0.979938 0.89298 -0.43593 0.112031 -1.92909 2.23759 -1.75766</i>
                        <i>0.413771 0.895295 0.165045 -0.172098 -0.101101 0.979878 0.893966 -0.433849 0.112246 -1.92847 2.2371 -1.75758</i>
                        <i>0.41209 0.896005 0.165398 -0.172209 -0.101663 0.9798 0.894721 -0.432249 0.112406 -1.92767 2.23654 -1.75748</i>
                        <i>0.410801 0.896512 0.165859 -0.172367 -0.102269 0.97971 0.895283 -0.431054 0.112517 -1.92673 2.23591 -1.75737</i>
                        <i>0.409831 0.896856 0.166397 -0.172557 -0.102898 0.97961 0.895691 -0.430188 0.112588 -1.9257 2.23525 -1.75724</i>
                        <i>0.409108 0.897078 0.166979 -0.172765 -0.103533 0.979507 0.895982 -0.429572 0.112628 -1.92463 2.23457 -1.7571</i>
                        <i>0.408554 0.89722 0.167571 -0.172977 -0.104154 0.979403 0.896193 -0.429125 0.112646 -1.92355 2.23391 -1.75697</i>
                        <i>0.408092 0.897324 0.168141 -0.17318 -0.104743 0.979305 0.896365 -0.428765 0.112654 -1.92253 2.23328 -1.75684</i>
                        <i>0.407642 0.897432 0.168654 -0.17336 -0.105278 0.979215 0.896535 -0.428407 0.112663 -1.92161 2.23272 -1.75672</i>
                        <i>0.407124 0.897588 0.169075 -0.173504 -0.105739 0.97914 0.896742 -0.427966 0.112687 -1.92083 2.23223 -1.75662</i>
                        <i>0.406454 0.897836 0.169368 -0.1736 -0.106105 0.979084 0.897027 -0.427355 0.112737 -1.92024 2.23185 -1.75655</i>
                        <i>0.405551 0.89822 0.169499 -0.173633 -0.106356 0.979051 0.89743 -0.426486 0.112828 -1.91989 2.23161 -1.75651</i>
                        <i>0.404332 0.898781 0.169432 -0.173591 -0.10647 0.979046 0.897987 -0.425272 0.112971 -1.91984 2.23152 -1.7565</i>
                        <i>0.405662 0.898163 0.169537 -0.173896 -0.106257 0.979015 0.897329 -0.42663 0.113083 -1.92001 2.23162 -1.75652</i>
                        <i>0.411058 0.895608 0.170051 -0.174774 -0.105654 0.978924 0.894699 -0.432115 0.113099 -1.92033 2.23187 -1.75657</i>
                        <i>0.418418 0.892061 0.170743 -0.175918 -0.104833 0.978807 0.891055 -0.439587 0.113065 -1.92079 2.23221 -1.75664</i>
                        <i>0.425665 0.888502 0.171387 -0.177026 -0.103976 0.978699 0.887396 -0.446938 0.113029 -1.92141 2.23258 -1.75673</i>
                        <i>0.430769 0.885966 0.171763 -0.177804 -0.103278 0.978631 0.884773 -0.452105 0.113039 -1.92222 2.23291 -1.75684</i>
                        <i>0.431742 0.885512 0.17166 -0.177964 -0.102944 0.978638 0.884267 -0.453068 0.113144 -1.92324 2.23315 -1.75698</i>
                        <i>0.431485 0.885674 0.171469 -0.177614 -0.102949 0.978701 0.884463 -0.45275 0.112887 -1.9242 2.23325 -1.7571</i>
                        <i>0.434324 0.884223 0.171794 -0.176813 -0.103321 0.978806 0.883232 -0.455495 0.111468 -1.92462 2.23313 -1.75714</i>
                        <i>0.439415 0.881564 0.17251 -0.175572 -0.104054 0.978952 0.880959 -0.460455 0.109055 -1.92455 2.23281 -1.75709</i>
                        <i>0.445175 0.878507 0.173333 -0.174181 -0.104917 0.979108 0.87834 -0.466066 0.106313 -1.92432 2.23242 -1.75703</i>
                        <i>0.450087 0.875869 0.173997 -0.172935 -0.105668 0.979249 0.87608 -0.470837 0.103909 -1.92425 2.23209 -1.75699</i>
                        <i>0.452706 0.874466 0.17426 -0.172128 -0.106051 0.979349 0.874888 -0.473352 0.10251 -1.92471 2.23198 -1.75703</i>
                        <i>0.452272 0.874738 0.174023 -0.171776 -0.106033 0.979413 0.875182 -0.472854 0.102303 -1.92577 2.23209 -1.75716</i>
                        <i>0.449476 0.876295 0.17343 -0.171648 -0.105804 0.97946 0.876646 -0.470013 0.102858 -1.92718 2.23232 -1.75734</i>
                        <i>0.445378 0.878541 0.172639 -0.171697 -0.105435 0.979492 0.878726 -0.465886 0.103884 -1.92875 2.23262 -1.75756</i>
                        <i>0.440646 0.881095 0.171764 -0.171841 -0.10501 0.979512 0.88108 -0.461134 0.105136 -1.93032 2.23294 -1.75778</i>
                        <i>0.435965 0.883584 0.17092 -0.172 -0.104613 0.979526 0.883374 -0.456438 0.106369 -1.93172 2.23323 -1.75797</i>
                        <i>0.432039 0.885643 0.170229 -0.172098 -0.104324 0.97954 0.885282 -0.452496 0.107345 -1.93281 2.23345 -1.75812</i>
                        <i>0.429585 0.886915 0.169818 -0.172053 -0.104221 0.979559 0.886484 -0.450021 0.107825 -1.93343 2.23354 -1.75821</i>
                        <i>0.429315 0.887048 0.16981 -0.171789 -0.104383 0.979588 0.886666 -0.449723 0.107572 -1.93343 2.23347 -1.75821</i>
                        <i>0.430387 0.886416 0.170396 -0.171285 -0.105143 0.979595 0.886244 -0.450791 0.106578 -1.93268 2.23317 -1.75795</i>
                        <i>0.43113 0.885856 0.171423 -0.170491 -0.106584 0.979578 0.886036 -0.451551 0.105079 -1.9313 2.23267 -1.75742</i>
                        <i>0.431019 0.8857 0.172507 -0.16934 -0.108384 0.97958 0.886311 -0.45143 0.103268 -1.92955 2.23211 -1.75676</i>
                        <i>0.429601 0.886236 0.173286 -0.167956 -0.11013 0.979624 0.887262 -0.449952 0.101537 -1.92771 2.23159 -1.75616</i>
                        <i>0.426502 0.887706 0.173419 -0.166688 -0.111306 0.979707 0.888995 -0.446754 0.100498 -1.9261 2.23122 -1.75579</i>
                        <i>0.422165 0.88994 0.172579 -0.165509 -0.111508 0.979884 0.891282 -0.442236 0.100218 -1.92468 2.231 -1.75587</i>
                        <i>0.417389 0.892534 0.170793 -0.164281 -0.110739 0.980178 0.893755 -0.437173 0.100406 -1.92327 2.23082 -1.75642</i>
                        <i>0.412365 0.895344 0.168269 -0.163219 -0.109107 0.980538 0.896278 -0.431804 0.101145 -1.92189 2.23069 -1.75734</i>
                        <i>0.407292 0.898229 0.165222 -0.162432 -0.10678 0.980925 0.898737 -0.42636 0.102411 -1.9206 2.2306 -1.75851</i>
                        <i>0.402382 0.901046 0.161878 -0.161945 -0.103977 0.981306 0.901034 -0.421076 0.104082 -1.91942 2.23056 -1.75982</i>
                        <i>0.397861 0.903654 0.158483 -0.161716 -0.100963 0.981659 0.903081 -0.416193 0.105967 -1.9184 2.23056 -1.76117</i>
                        <i>0.393969 0.905909 0.155298 -0.16166 -0.098032 0.981965 0.904795 -0.41197 0.107828 -1.91758 2.23059 -1.76242</i>
                        <i>0.390957 0.907669 0.152606 -0.161675 -0.0955014 0.982212 0.906098 -0.408676 0.10941 -1.917 2.23065 -1.76349</i>
                        <i>0.38908 0.908794 0.150702 -0.161671 -0.0936901 0.982387 0.906907 -0.406591 0.110473 -1.9167 2.23073 -1.76425</i>
                        <i>0.38859 0.909139 0.149881 -0.161603 -0.092898 0.982474 0.907129 -0.406001 0.11082 -1.91672 2.23082 -1.7646</i>
                        <i>0.388917 0.908935 0.150272 -0.161336 -0.0933964 0.98247 0.907036 -0.406343 0.11032 -1.91694 2.23093 -1.76446</i>
                        <i>0.389295 0.908545 0.151643 -0.160909 -0.0950209 0.982385 0.90695 -0.406838 0.109202 -1.91716 2.23106 -1.76388</i>
                        <i>0.389665 0.908033 0.153744 -0.160642 -0.0973651 0.982199 0.906838 -0.407426 0.107928 -1.91737 2.23122 -1.76297</i>
                        <i>0.389966 0.907462 0.156328 -0.160829 -0.100038 0.981899 0.906675 -0.40805 0.106934 -1.91754 2.23139 -1.76183</i>
                        <i>0.390165 0.906885 0.159159 -0.161644 -0.102708 0.98149 0.906445 -0.40867 0.10652 -1.91767 2.23158 -1.76057</i>
                        <i>0.390273 0.906334 0.162006 -0.163092 -0.105123 0.980995 0.906139 -0.409277 0.106789 -1.91772 2.23176 -1.7593</i>
                        <i>0.390367 0.905817 0.164647 -0.164982 -0.107115 0.980463 0.905757 -0.409904 0.107629 -1.91771 2.23192 -1.75813</i>
                        <i>0.390584 0.905319 0.16686 -0.166954 -0.108589 0.979967 0.905301 -0.410617 0.108734 -1.91766 2.23206 -1.75717</i>
                        <i>0.391107 0.904804 0.16842 -0.168531 -0.109493 0.979596 0.904783 -0.411511 0.109664 -1.91757 2.23215 -1.75651</i>
                        <i>0.392126 0.904235 0.169104 -0.169223 -0.109784 0.979444 0.904213 -0.412682 0.109968 -1.91748 2.23219 -1.75627</i>
                        <i>0.393651 0.903535 0.169303 -0.16936 -0.109736 0.979426 0.903524 -0.414225 0.109825 -1.91746 2.23216 -1.75626</i>
                        <i>0.39554 0.902663 0.169552 -0.169548 -0.109671 0.979401 0.902664 -0.416139 0.109665 -1.91756 2.23207 -1.75628</i>
                        <i>0.397729 0.901647 0.169837 -0.169779 -0.109586 0.97937 0.901658 -0.418359 0.109495 -1.91774 2.23195 -1.7563</i>
                        <i>0.400157 0.900513 0.170148 -0.170047 -0.109478 0.979336 0.900532 -0.420821 0.109322 -1.918 2.23179 -1.75633</i>
                        <i>0.40276 0.899291 0.170471 -0.170347 -0.109345 0.979299 0.899314 -0.423461 0.109151 -1.91832 2.23161 -1.75637</i>
                        <i>0.405477 0.898008 0.170793 -0.17067 -0.109184 0.97926 0.898031 -0.426216 0.108991 -1.91868 2.23143 -1.75641</i>
                        <i>0.408244 0.896694 0.171102 -0.171012 -0.108992 0.979222 0.896711 -0.429022 0.10885 -1.91905 2.23125 -1.75646</i>
                        <i>0.411003 0.895379 0.171387 -0.171368 -0.108766 0.979185 0.895382 -0.431818 0.108736 -1.91944 2.23109 -1.7565</i>
                        <i>0.413694 0.894091 0.171635 -0.171735 -0.108503 0.97915 0.894072 -0.434544 0.10866 -1.91982 2.23097 -1.75653</i>
                        <i>0.416259 0.892861 0.171835 -0.172107 -0.108198 0.979118 0.892809 -0.437141 0.108629 -1.92018 2.23089 -1.75656</i>
                        <i>0.418646 0.891717 0.171976 -0.172483 -0.107849 0.979091 0.891619 -0.439555 0.108655 -1.92051 2.23088 -1.75659</i>
                        <i>0.420802 0.890688 0.172047 -0.172859 -0.107452 0.979068 0.890531 -0.441734 0.108747 -1.92078 2.23094 -1.75662</i>
                        <i>0.42268 0.8898 0.172038 -0.173231 -0.107004 0.979051 0.889569 -0.443627 0.108913 -1.92101 2.23108 -1.75663</i>
                        <i>0.424233 0.88908 0.171939 -0.173596 -0.106504 0.979041 0.888758 -0.44519 0.109158 -1.92115 2.23134 -1.75665</i>
                        <i>0.425422 0.88855 0.171742 -0.173948 -0.105949 0.979039 0.888121 -0.446379 0.109488 -1.92121 2.23171 -1.75665</i>
                    </KeyFrames>
                </p>
            </i>
            <i>
