<?xml version="1.0" encoding="ISO-8859-1" ?>
<Animl Version="1">
    <ModellingPackage><![CDATA[Maya.2010]]></ModellingPackage>
    <SrcFile><![CDATA[anims\turrets\artillery\blue\~src\artillery_m270\artillery_m270_idle_crewman_a.mb]]></SrcFile>
    <FramesPerSecond>30</FramesPerSecond>
    <TotalFrames>60</TotalFrames>
    <Skeleton>
        <RefFrame>
            <Name><![CDATA[soldier_ref_frame]]></Name>
            <Exclude>0</Exclude>
            <Additive>0</Additive>
            <IKPriority>0</IKPriority>
            <IKRotLimits>-1e+010 -1e+010 -1e+010 1e+010 1e+010 1e+010</IKRotLimits>
            <IKRotLimitOrder>0</IKRotLimitOrder>
            <KeyFrames count="60">
                <i>1 0 0 0 1 0 0 0 1 3.55 1.33 -1.18</i>
                <i>1 0 0 0 1 0 0 0 1 3.55 1.33 -1.18</i>
                <i>1 0 0 0 1 0 0 0 1 3.55 1.33 -1.18</i>
                <i>1 0 0 0 1 0 0 0 1 3.55 1.33 -1.18</i>
                <i>1 0 0 0 1 0 0 0 1 3.55 1.33 -1.18</i>
                <i>1 0 0 0 1 0 0 0 1 3.55 1.33 -1.18</i>
                <i>1 0 0 0 1 0 0 0 1 3.55 1.33 -1.18</i>
                <i>1 0 0 0 1 0 0 0 1 3.55 1.33 -1.18</i>
                <i>1 0 0 0 1 0 0 0 1 3.55 1.33 -1.18</i>
                <i>1 0 0 0 1 0 0 0 1 3.55 1.33 -1.18</i>
                <i>1 0 0 0 1 0 0 0 1 3.55 1.33 -1.18</i>
                <i>1 0 0 0 1 0 0 0 1 3.55 1.33 -1.18</i>
                <i>1 0 0 0 1 0 0 0 1 3.55 1.33 -1.18</i>
                <i>1 0 0 0 1 0 0 0 1 3.55 1.33 -1.18</i>
                <i>1 0 0 0 1 0 0 0 1 3.55 1.33 -1.18</i>
                <i>1 0 0 0 1 0 0 0 1 3.55 1.33 -1.18</i>
                <i>1 0 0 0 1 0 0 0 1 3.55 1.33 -1.18</i>
                <i>1 0 0 0 1 0 0 0 1 3.55 1.33 -1.18</i>
                <i>1 0 0 0 1 0 0 0 1 3.55 1.33 -1.18</i>
                <i>1 0 0 0 1 0 0 0 1 3.55 1.33 -1.18</i>
                <i>1 0 0 0 1 0 0 0 1 3.55 1.33 -1.18</i>
                <i>1 0 0 0 1 0 0 0 1 3.55 1.33 -1.18</i>
                <i>1 0 0 0 1 0 0 0 1 3.55 1.33 -1.18</i>
                <i>1 0 0 0 1 0 0 0 1 3.55 1.33 -1.18</i>
                <i>1 0 0 0 1 0 0 0 1 3.55 1.33 -1.18</i>
                <i>1 0 0 0 1 0 0 0 1 3.55 1.33 -1.18</i>
                <i>1 0 0 0 1 0 0 0 1 3.55 1.33 -1.18</i>
                <i>1 0 0 0 1 0 0 0 1 3.55 1.33 -1.18</i>
                <i>1 0 0 0 1 0 0 0 1 3.55 1.33 -1.18</i>
                <i>1 0 0 0 1 0 0 0 1 3.55 1.33 -1.18</i>
                <i>1 0 0 0 1 0 0 0 1 3.55 1.33 -1.18</i>
                <i>1 0 0 0 1 0 0 0 1 3.55 1.33 -1.18</i>
                <i>1 0 0 0 1 0 0 0 1 3.55 1.33 -1.18</i>
                <i>1 0 0 0 1 0 0 0 1 3.55 1.33 -1.18</i>
                <i>1 0 0 0 1 0 0 0 1 3.55 1.33 -1.18</i>
                <i>1 0 0 0 1 0 0 0 1 3.55 1.33 -1.18</i>
                <i>1 0 0 0 1 0 0 0 1 3.55 1.33 -1.18</i>
                <i>1 0 0 0 1 0 0 0 1 3.55 1.33 -1.18</i>
                <i>1 0 0 0 1 0 0 0 1 3.55 1.33 -1.18</i>
                <i>1 0 0 0 1 0 0 0 1 3.55 1.33 -1.18</i>
                <i>1 0 0 0 1 0 0 0 1 3.55 1.33 -1.18</i>
                <i>1 0 0 0 1 0 0 0 1 3.55 1.33 -1.18</i>
                <i>1 0 0 0 1 0 0 0 1 3.55 1.33 -1.18</i>
                <i>1 0 0 0 1 0 0 0 1 3.55 1.33 -1.18</i>
                <i>1 0 0 0 1 0 0 0 1 3.55 1.33 -1.18</i>
                <i>1 0 0 0 1 0 0 0 1 3.55 1.33 -1.18</i>
                <i>1 0 0 0 1 0 0 0 1 3.55 1.33 -1.18</i>
                <i>1 0 0 0 1 0 0 0 1 3.55 1.33 -1.18</i>
                <i>1 0 0 0 1 0 0 0 1 3.55 1.33 -1.18</i>
                <i>1 0 0 0 1 0 0 0 1 3.55 1.33 -1.18</i>
                <i>1 0 0 0 1 0 0 0 1 3.55 1.33 -1.18</i>
                <i>1 0 0 0 1 0 0 0 1 3.55 1.33 -1.18</i>
                <i>1 0 0 0 1 0 0 0 1 3.55 1.33 -1.18</i>
                <i>1 0 0 0 1 0 0 0 1 3.55 1.33 -1.18</i>
                <i>1 0 0 0 1 0 0 0 1 3.55 1.33 -1.18</i>
                <i>1 0 0 0 1 0 0 0 1 3.55 1.33 -1.18</i>
                <i>1 0 0 0 1 0 0 0 1 3.55 1.33 -1.18</i>
                <i>1 0 0 0 1 0 0 0 1 3.55 1.33 -1.18</i>
                <i>1 0 0 0 1 0 0 0 1 3.55 1.33 -1.18</i>
                <i>1 0 0 0 1 0 0 0 1 3.55 1.33 -1.18</i>
            </KeyFrames>
        </RefFrame>
        <Bones count="23">
            <i>
                <p>
                    <Name><![CDATA[pelvis]]></Name>
                    <Exclude>0</Exclude>
                    <Additive>0</Additive>
                    <IKPriority>0</IKPriority>
                    <IKRotLimits>-1e+010 -1e+010 -1e+010 1e+010 1e+010 1e+010</IKRotLimits>
                    <IKRotLimitOrder>2</IKRotLimitOrder>
                    <KeyFrames count="60">
                        <i>1 0 0 0 1 0 0 0 1 3.53796 2.49282 -1.16337</i>
                        <i>1 0 0 0 1 0 0 0 1 3.53795 2.49473 -1.16335</i>
                        <i>1 0 0 0 1 0 0 0 1 3.53793 2.49702 -1.16332</i>
                        <i>1 0 0 0 1 0 0 0 1 3.53792 2.49853 -1.16331</i>
                        <i>1 0 0 0 1 0 0 0 1 3.53793 2.49808 -1.16331</i>
                        <i>1 0 0 0 1 0 0 0 1 3.53795 2.49468 -1.16335</i>
                        <i>1 0 0 0 1 0 0 0 1 3.53799 2.48918 -1.16341</i>
                        <i>1 0 0 0 1 0 0 0 1 3.53803 2.48322 -1.16348</i>
                        <i>1 0 0 0 1 0 0 0 1 3.53806 2.47845 -1.16353</i>
                        <i>1 0 0 0 1 0 0 0 1 3.53808 2.47649 -1.16355</i>
                        <i>1 0 0 0 1 0 0 0 1 3.53808 2.47649 -1.16355</i>
                        <i>1 0 0 0 1 0 0 0 1 3.53808 2.47649 -1.16355</i>
                        <i>1 0 0 0 1 0 0 0 1 3.53808 2.47649 -1.16355</i>
                        <i>1 0 0 0 1 0 0 0 1 3.53808 2.47649 -1.16355</i>
                        <i>1 0 0 0 1 0 0 0 1 3.53808 2.47649 -1.16355</i>
                        <i>1 0 0 0 1 0 0 0 1 3.53808 2.47649 -1.16355</i>
                        <i>1 0 0 0 1 0 0 0 1 3.53808 2.47649 -1.16355</i>
                        <i>1 0 0 0 1 0 0 0 1 3.53808 2.47649 -1.16355</i>
                        <i>1 0 0 0 1 0 0 0 1 3.53808 2.47649 -1.16355</i>
                        <i>1 0 0 0 1 0 0 0 1 3.53808 2.47649 -1.16355</i>
                        <i>1 0 0 0 1 0 0 0 1 3.53807 2.47731 -1.16354</i>
                        <i>1 0 0 0 1 0 0 0 1 3.53806 2.47955 -1.16352</i>
                        <i>1 0 0 0 1 0 0 0 1 3.53803 2.48288 -1.16348</i>
                        <i>1 0 0 0 1 0 0 0 1 3.538 2.48697 -1.16344</i>
                        <i>1 0 0 0 1 0 0 0 1 3.53797 2.4915 -1.16339</i>
                        <i>1 0 0 0 1 0 0 0 1 3.53794 2.49614 -1.16333</i>
                        <i>1 0 0 0 1 0 0 0 1 3.53791 2.50057 -1.16328</i>
                        <i>1 0 0 0 1 0 0 0 1 3.53788 2.50445 -1.16324</i>
                        <i>1 0 0 0 1 0 0 0 1 3.53786 2.50746 -1.16321</i>
                        <i>1 0 0 0 1 0 0 0 1 3.53785 2.50927 -1.16319</i>
                        <i>1 0 0 0 1 0 0 0 1 3.53785 2.50989 -1.16318</i>
                        <i>1 0 0 0 1 0 0 0 1 3.53785 2.50966 -1.16318</i>
                        <i>1 0 0 0 1 0 0 0 1 3.53785 2.50876 -1.16319</i>
                        <i>1 0 0 0 1 0 0 0 1 3.53786 2.50737 -1.16321</i>
                        <i>1 0 0 0 1 0 0 0 1 3.53788 2.50565 -1.16323</i>
                        <i>1 0 0 0 1 0 0 0 1 3.53789 2.5038 -1.16325</i>
                        <i>1 0 0 0 1 0 0 0 1 3.5379 2.502 -1.16327</i>
                        <i>1 0 0 0 1 0 0 0 1 3.53791 2.50041 -1.16329</i>
                        <i>1 0 0 0 1 0 0 0 1 3.53792 2.49921 -1.1633</i>
                        <i>1 0 0 0 1 0 0 0 1 3.53792 2.4986 -1.16331</i>
                        <i>1 0 0 0 1 0 0 0 1 3.53792 2.49855 -1.16331</i>
                        <i>1 0 0 0 1 0 0 0 1 3.53792 2.49889 -1.1633</i>
                        <i>1 0 0 0 1 0 0 0 1 3.53792 2.49952 -1.1633</i>
                        <i>1 0 0 0 1 0 0 0 1 3.53791 2.50034 -1.16329</i>
                        <i>1 0 0 0 1 0 0 0 1 3.53791 2.50126 -1.16328</i>
                        <i>1 0 0 0 1 0 0 0 1 3.5379 2.50217 -1.16327</i>
                        <i>1 0 0 0 1 0 0 0 1 3.53789 2.50298 -1.16326</i>
                        <i>1 0 0 0 1 0 0 0 1 3.53789 2.5036 -1.16325</i>
                        <i>1 0 0 0 1 0 0 0 1 3.53789 2.50393 -1.16325</i>
                        <i>1 0 0 0 1 0 0 0 1 3.53789 2.50387 -1.16325</i>
                        <i>1 0 0 0 1 0 0 0 1 3.53789 2.50321 -1.16325</i>
                        <i>1 0 0 0 1 0 0 0 1 3.5379 2.50193 -1.16327</i>
                        <i>1 0 0 0 1 0 0 0 1 3.53791 2.50023 -1.16329</i>
                        <i>1 0 0 0 1 0 0 0 1 3.53793 2.4983 -1.16331</i>
                        <i>1 0 0 0 1 0 0 0 1 3.53794 2.49634 -1.16333</i>
                        <i>1 0 0 0 1 0 0 0 1 3.53795 2.49454 -1.16335</i>
                        <i>1 0 0 0 1 0 0 0 1 3.53796 2.4931 -1.16337</i>
                        <i>1 0 0 0 1 0 0 0 1 3.53797 2.4922 -1.16338</i>
                        <i>1 0 0 0 1 0 0 0 1 3.53797 2.49204 -1.16338</i>
                        <i>1 0 0 0 1 0 0 0 1 3.53796 2.49282 -1.16337</i>
                    </KeyFrames>
                </p>
            </i>
            <i>
                <p>
                    <Name><![CDATA[spine0]]></Name>
                    <Exclude>0</Exclude>
                    <Additive>0</Additive>
                    <IKPriority>0</IKPriority>
                    <IKRotLimits>-1e+010 -1e+010 -1e+010 1e+010 1e+010 1e+010</IKRotLimits>
                    <IKRotLimitOrder>0</IKRotLimitOrder>
                    <KeyFrames count="60">
                        <i>-0.00262851 0.999987 0.00425401 -0.850705 -2.22045e-016 -0.525643 -0.525636 -0.00500057 0.850695 3.5622 2.6291 -1.2026</i>
                        <i>-0.00759166 0.99991 0.0110561 -0.850701 -0.00064665 -0.52565 -0.525596 -0.013396 0.850629 3.56219 2.631 -1.20258</i>
                        <i>-0.0132812 0.99974 0.0185146 -0.850693 -0.00156629 -0.52566 -0.525494 -0.0227317 0.850493 3.56217 2.63329 -1.20255</i>
                        <i>-0.0181712 0.999538 0.0243744 -0.850684 -0.00264629 -0.525671 -0.525363 -0.030287 0.850339 3.56216 2.6348 -1.20253</i>
                        <i>-0.0208722 0.999436 0.0262884 -0.850671 -0.00393829 -0.525683 -0.525283 -0.033335 0.850274 3.56217 2.63435 -1.20254</i>
                        <i>-0.0206277 0.999528 0.022765 -0.850653 -0.00558219 -0.525697 -0.525322 -0.030209 0.850367 3.56219 2.63095 -1.20258</i>
                        <i>-0.0184337 0.999709 0.0155595 -0.850629 -0.00750263 -0.525712 -0.525442 -0.0229262 0.85052 3.56223 2.62545 -1.20264</i>
                        <i>-0.0155295 0.999853 0.00721572 -0.850602 -0.00941733 -0.525725 -0.52558 -0.014302 0.850624 3.56227 2.61949 -1.2027</i>
                        <i>-0.0130263 0.999915 0.000324679 -0.850579 -0.0109102 -0.525734 -0.525686 -0.00712455 0.850649 3.5623 2.61472 -1.20276</i>
                        <i>-0.0119612 0.999925 -0.00253893 -0.850569 -0.0115095 -0.525737 -0.525727 -0.00412893 0.850643 3.56231 2.61277 -1.20278</i>
                        <i>-0.0112553 0.99993 -0.00368149 -0.850577 -0.0115097 -0.525724 -0.525729 -0.00278577 0.850647 3.56241 2.6127 -1.20294</i>
                        <i>-0.00933904 0.999933 -0.00678273 -0.8506 -0.0115102 -0.525688 -0.525731 0.000859965 0.85065 3.56267 2.61253 -1.20336</i>
                        <i>-0.00651514 0.999914 -0.011353 -0.850632 -0.0115105 -0.525635 -0.525721 0.00623259 0.850634 3.56306 2.61228 -1.20398</i>
                        <i>-0.00308626 0.999852 -0.0169023 -0.850671 -0.0115105 -0.525572 -0.525689 0.0127562 0.850581 3.56352 2.61197 -1.20473</i>
                        <i>0.000644843 0.999737 -0.0229407 -0.850714 -0.0115099 -0.525502 -0.525628 0.0198549 0.850483 3.56403 2.61162 -1.20555</i>
                        <i>0.00437542 0.99957 -0.0289783 -0.850757 -0.0115087 -0.525433 -0.52554 0.0269525 0.850342 3.56453 2.61127 -1.20636</i>
                        <i>0.00780289 0.999373 -0.0345254 -0.850797 -0.0115071 -0.525369 -0.525437 0.0334735 0.850174 3.56499 2.61094 -1.20711</i>
                        <i>0.010625 0.999179 -0.0390927 -0.850829 -0.0115054 -0.525316 -0.525335 0.0388426 0.850009 3.56537 2.61066 -1.20773</i>
                        <i>0.0125396 0.999031 -0.0421913 -0.850851 -0.0115041 -0.52528 -0.525257 0.0424854 0.849883 3.56563 2.61047 -1.20814</i>
                        <i>0.0132449 0.998973 -0.0433328 -0.85086 -0.0115036 -0.525267 -0.525226 0.0438273 0.849833 3.56572 2.6104 -1.20829</i>
                        <i>0.0109571 0.999195 -0.0385801 -0.850846 -0.0109522 -0.525301 -0.525301 0.0385815 0.850041 3.56561 2.6113 -1.20811</i>
                        <i>0.00566516 0.999611 -0.0273247 -0.850815 -0.0095395 -0.525378 -0.525434 0.0262246 0.85043 3.56534 2.61372 -1.20767</i>
                        <i>-0.000261189 0.9999 -0.0141124 -0.850782 -0.00763851 -0.525463 -0.525519 0.0118693 0.850699 3.56501 2.61728 -1.20713</i>
                        <i>-0.00447104 0.999984 -0.00358189 -0.850756 -0.00568625 -0.52553 -0.525542 0.000697651 0.850768 3.56472 2.62156 -1.20667</i>
                        <i>-0.00467759 0.999989 -0.000417437 -0.850742 -0.00419886 -0.525567 -0.525563 -0.00210325 0.850752 3.56458 2.62617 -1.20645</i>
                        <i>-0.00164257 0.999989 -0.00443634 -0.850732 -0.00372911 -0.525587 -0.525597 0.00291082 0.850729 3.5643 2.63098 -1.206</i>
                        <i>0.00184028 0.999938 -0.0109905 -0.850716 -0.00421142 -0.525608 -0.525622 0.0103171 0.850656 3.56369 2.63582 -1.205</i>
                        <i>0.00499716 0.999826 -0.0179961 -0.85069 -0.00520937 -0.525642 -0.525644 0.0179358 0.850515 3.56296 2.64017 -1.20382</i>
                        <i>0.00719791 0.999699 -0.0234494 -0.850657 -0.00620589 -0.525684 -0.525671 0.0237312 0.850357 3.56235 2.64357 -1.20283</i>
                        <i>0.00801369 0.99964 -0.0256231 -0.85064 -0.00665587 -0.525706 -0.525687 0.0260089 0.85028 3.56209 2.64555 -1.20241</i>
                        <i>0.00954406 0.999646 -0.0248359 -0.850661 -0.00493904 -0.525692 -0.525628 0.0261442 0.850312 3.56208 2.64617 -1.20241</i>
                        <i>0.0131927 0.99965 -0.0229504 -0.850699 -0.000841207 -0.525652 -0.525487 0.0264587 0.85039 3.56209 2.64594 -1.20241</i>
                        <i>0.0175445 0.999632 -0.0206855 -0.850726 0.00405489 -0.525593 -0.525316 0.026819 0.850484 3.56209 2.64503 -1.20242</i>
                        <i>0.0211862 0.999599 -0.0187766 -0.850733 0.00815934 -0.525534 -0.52517 0.027108 0.850565 3.5621 2.64364 -1.20243</i>
                        <i>0.0227118 0.999581 -0.0179733 -0.850732 0.00988075 -0.525507 -0.525109 0.0272256 0.8506 3.56211 2.64193 -1.20245</i>
                        <i>0.0211862 0.999599 -0.0187766 -0.850733 0.00815933 -0.525534 -0.52517 0.027108 0.850565 3.56213 2.64008 -1.20247</i>
                        <i>0.0175445 0.999632 -0.0206855 -0.850726 0.00405488 -0.525593 -0.525316 0.026819 0.850484 3.56214 2.63827 -1.20249</i>
                        <i>0.0131927 0.99965 -0.0229504 -0.850699 -0.000841213 -0.525652 -0.525487 0.0264587 0.85039 3.56215 2.63668 -1.20251</i>
                        <i>0.00954407 0.999646 -0.0248359 -0.850661 -0.00493903 -0.525692 -0.525628 0.0261442 0.850312 3.56216 2.63548 -1.20253</i>
                        <i>0.00801369 0.99964 -0.0256231 -0.85064 -0.00665587 -0.525706 -0.525687 0.0260089 0.85028 3.56216 2.63487 -1.20253</i>
                        <i>0.00687036 0.999746 -0.0214832 -0.850655 -0.00545069 -0.525696 -0.52568 0.0218865 0.850401 3.56216 2.63482 -1.20253</i>
                        <i>0.00373341 0.999926 -0.0115393 -0.850682 -0.00289018 -0.525673 -0.525668 0.0117788 0.850608 3.56216 2.63516 -1.20253</i>
                        <i>-0.000801001 1 0.000458699 -0.850702 -0.0004403 -0.525648 -0.525648 -0.000811261 0.850702 3.56216 2.63579 -1.20252</i>
                        <i>-0.00542388 0.999927 0.0108384 -0.850712 0.00108294 -0.525631 -0.525604 -0.0120714 0.850644 3.56215 2.63661 -1.20251</i>
                        <i>-0.00810934 0.999837 0.0161604 -0.850715 0.00159583 -0.525625 -0.525564 -0.0180104 0.850563 3.56214 2.63753 -1.2025</i>
                        <i>-0.00783807 0.999862 0.0146543 -0.850712 0.00103495 -0.525631 -0.525574 -0.0165865 0.850586 3.56214 2.63844 -1.20249</i>
                        <i>-0.00595998 0.999946 0.00854358 -0.850701 -0.000579264 -0.525649 -0.525616 -0.0104009 0.850658 3.56213 2.63926 -1.20248</i>
                        <i>-0.00376523 0.999993 0.000547831 -0.850681 -0.00291505 -0.525673 -0.525668 -0.00244531 0.850686 3.56213 2.63988 -1.20248</i>
                        <i>-0.00213262 0.999977 -0.0064439 -0.850658 -0.00520177 -0.525694 -0.525716 0.00436044 0.850649 3.56212 2.6402 -1.20247</i>
                        <i>-0.00148241 0.999954 -0.00942518 -0.850646 -0.00621613 -0.525702 -0.525737 0.00723818 0.850616 3.56213 2.64014 -1.20247</i>
                        <i>-0.00111341 0.999954 -0.00955305 -0.850649 -0.00596943 -0.5257 -0.525733 0.00754097 0.850616 3.56213 2.63948 -1.20248</i>
                        <i>-0.000253903 0.999951 -0.00985263 -0.850656 -0.00539573 -0.525696 -0.525723 0.00824772 0.850616 3.56214 2.6382 -1.2025</i>
                        <i>0.000893117 0.999948 -0.0101154 -0.850665 -0.00455802 -0.525689 -0.525708 0.00907428 0.850617 3.56215 2.6365 -1.20251</i>
                        <i>0.00211193 0.999946 -0.0101416 -0.850675 -0.00353483 -0.525679 -0.525687 0.00973737 0.850622 3.56216 2.63458 -1.20254</i>
                        <i>0.00316851 0.999947 -0.00974807 -0.850686 -0.00242897 -0.525669 -0.525665 0.00995813 0.850634 3.56218 2.63261 -1.20256</i>
                        <i>0.00381269 0.999954 -0.00876935 -0.850695 -0.00136631 -0.525658 -0.525646 0.00946421 0.850651 3.56219 2.63081 -1.20258</i>
                        <i>0.00378701 0.999968 -0.00705135 -0.850702 -0.000484931 -0.525648 -0.525635 0.00798924 0.850673 3.5622 2.62937 -1.20259</i>
                        <i>0.00284186 0.999986 -0.00443737 -0.850706 8.51184e-005 -0.525642 -0.525634 0.0052687 0.850694 3.56221 2.62847 -1.2026</i>
                        <i>0.000756988 0.999999 -0.000746417 -0.850707 0.000251629 -0.52564 -0.52564 0.00103289 0.850707 3.56221 2.62831 -1.20261</i>
                        <i>-0.00262851 0.999987 0.00425401 -0.850705 -2.22045e-016 -0.525643 -0.525636 -0.00500057 0.850695 3.5622 2.6291 -1.2026</i>
                    </KeyFrames>
                </p>
            </i>
            <i>
                <p>
                    <Name><![CDATA[spine1]]></Name>
                    <Exclude>0</Exclude>
                    <Additive>0</Additive>
                    <IKPriority>0</IKPriority>
                    <IKRotLimits>-1e+010 -1e+010 -1e+010 1e+010 1e+010 1e+010</IKRotLimits>
                    <IKRotLimitOrder>0</IKRotLimitOrder>
                    <KeyFrames count="60">
                        <i>-0.0356462 0.997698 0.0576901 -0.850705 -2.22045e-016 -0.525643 -0.524433 -0.0678144 0.848747 3.56175 2.80037 -1.20187</i>
                        <i>-0.0379329 0.997446 0.0605245 -0.853588 -0.000851179 -0.520948 -0.519566 -0.071424 0.85144 3.56089 2.80215 -1.20068</i>
                        <i>-0.0405344 0.997152 0.0636 -0.856879 -0.00195195 -0.515514 -0.513922 -0.0753936 0.854517 3.5599 2.80433 -1.19938</i>
                        <i>-0.0427991 0.996903 0.0659733 -0.86038 -0.00321065 -0.509642 -0.507852 -0.0785743 0.857853 3.55905 2.80575 -1.19836</i>
                        <i>-0.0441357 0.996798 0.0666719 -0.863865 -0.00455903 -0.503703 -0.501787 -0.0798268 0.8613 3.55859 2.80527 -1.19804</i>
                        <i>-0.0442124 0.9969 0.065077 -0.867079 -0.00593687 -0.498136 -0.496205 -0.0784507 0.864654 3.55866 2.8019 -1.19868</i>
                        <i>-0.0434358 0.997135 0.0619321 -0.869802 -0.0072473 -0.493347 -0.491485 -0.0752976 0.867625 3.55907 2.79649 -1.19997</i>
                        <i>-0.0423155 0.997402 0.0583051 -0.871868 -0.00836505 -0.48967 -0.487909 -0.0715549 0.869956 3.55961 2.79064 -1.20147</i>
                        <i>-0.0413146 0.997615 0.055298 -0.873164 -0.00914731 -0.48734 -0.485672 -0.0684185 0.87146 3.56007 2.78597 -1.2027</i>
                        <i>-0.0408801 0.997701 0.0540428 -0.873614 -0.00944178 -0.486528 -0.484899 -0.0671018 0.871992 3.56026 2.78406 -1.20321</i>
                        <i>-0.0401756 0.997791 0.0529027 -0.873621 -0.00938091 -0.486517 -0.484946 -0.0657631 0.872068 3.56048 2.784 -1.20357</i>
                        <i>-0.0382633 0.998026 0.0498078 -0.873638 -0.00921558 -0.486488 -0.485069 -0.0621286 0.872266 3.56107 2.78383 -1.20452</i>
                        <i>-0.0354443 0.998347 0.0452455 -0.873664 -0.00897173 -0.486447 -0.485237 -0.0567711 0.872538 3.56194 2.78357 -1.20592</i>
                        <i>-0.0320201 0.998698 0.0397037 -0.873694 -0.00867527 -0.486398 -0.48542 -0.0502634 0.872835 3.56299 2.78325 -1.20763</i>
                        <i>-0.0282925 0.999032 0.0336709 -0.873726 -0.00835223 -0.486346 -0.485595 -0.043179 0.873117 3.56414 2.78288 -1.20948</i>
                        <i>-0.0245637 0.999316 0.0276362 -0.873757 -0.00802877 -0.486297 -0.485743 -0.0360925 0.873356 3.56528 2.7825 -1.21133</i>
                        <i>-0.0211364 0.999533 0.0220894 -0.873784 -0.00773119 -0.486253 -0.485855 -0.029579 0.873539 3.56633 2.78214 -1.21302</i>
                        <i>-0.0183133 0.999679 0.0175206 -0.873805 -0.00748587 -0.486218 -0.485931 -0.0242139 0.873662 3.56719 2.78183 -1.21442</i>
                        <i>-0.0163975 0.999762 0.01442 -0.873819 -0.00731928 -0.486195 -0.485974 -0.0205729 0.873731 3.56777 2.78161 -1.21537</i>
                        <i>-0.0156917 0.999789 0.0132776 -0.873825 -0.00725788 -0.486187 -0.485988 -0.0192314 0.873754 3.56799 2.78153 -1.21572</i>
                        <i>-0.0171537 0.999724 0.0160706 -0.874056 -0.00718867 -0.485772 -0.485522 -0.0223794 0.873938 3.56748 2.78242 -1.21472</i>
                        <i>-0.0205604 0.999532 0.0226658 -0.874627 -0.00699877 -0.484747 -0.484361 -0.0297907 0.874361 3.5663 2.78481 -1.21234</i>
                        <i>-0.0244501 0.999239 0.0304006 -0.875354 -0.00671079 -0.483437 -0.482865 -0.0384314 0.874851 3.56496 2.78832 -1.20955</i>
                        <i>-0.027393 0.998954 0.036628 -0.876106 -0.0063483 -0.482078 -0.48134 -0.0452956 0.875363 3.56395 2.79256 -1.20728</i>
                        <i>-0.0279944 0.998859 0.0386928 -0.876828 -0.00595084 -0.480767 -0.479988 -0.0473857 0.875994 3.56378 2.79717 -1.20651</i>
                        <i>-0.0277997 0.998866 0.0386556 -0.877511 -0.00586505 -0.479521 -0.47875 -0.0472513 0.876679 3.56402 2.80203 -1.20675</i>
                        <i>-0.0288389 0.998789 0.0398477 -0.878153 -0.00627184 -0.478339 -0.477511 -0.0487871 0.877271 3.564 2.807 -1.20688</i>
                        <i>-0.030424 0.998675 0.0415017 -0.878705 -0.00693354 -0.477314 -0.476394 -0.0509896 0.877752 3.56381 2.8116 -1.20691</i>
                        <i>-0.0318561 0.998571 0.0429147 -0.879087 -0.00756193 -0.476601 -0.475595 -0.0529084 0.878072 3.56358 2.81525 -1.20686</i>
                        <i>-0.0324748 0.998525 0.0435052 -0.879227 -0.00784112 -0.476339 -0.475295 -0.0537199 0.878185 3.56347 2.81734 -1.20682</i>
                        <i>-0.0317529 0.998532 0.0438775 -0.878205 -0.00691193 -0.478234 -0.477229 -0.0537188 0.877135 3.56372 2.81796 -1.20668</i>
                        <i>-0.0300288 0.998546 0.0447643 -0.875749 -0.00469489 -0.482743 -0.481831 -0.0536985 0.874617 3.56435 2.81773 -1.20636</i>
                        <i>-0.0279662 0.998558 0.0458208 -0.872785 -0.00204628 -0.4881 -0.487303 -0.0536421 0.871584 3.56511 2.81684 -1.20598</i>
                        <i>-0.0262335 0.998564 0.0467047 -0.870275 0.000175009 -0.492565 -0.491866 -0.0535677 0.869021 3.56574 2.81545 -1.20566</i>
                        <i>-0.0255055 0.998566 0.047075 -0.869216 0.00110714 -0.494431 -0.493774 -0.0535291 0.867941 3.56602 2.81374 -1.20555</i>
                        <i>-0.0262335 0.998564 0.0467047 -0.870275 0.000175003 -0.492565 -0.491866 -0.0535677 0.869021 3.56577 2.81189 -1.2057</i>
                        <i>-0.0279662 0.998558 0.0458208 -0.872785 -0.00204629 -0.4881 -0.487303 -0.0536421 0.871584 3.56515 2.81007 -1.20605</i>
                        <i>-0.0300288 0.998546 0.0447643 -0.875749 -0.00469489 -0.482743 -0.481831 -0.0536985 0.874617 3.56442 2.80848 -1.20646</i>
                        <i>-0.0317529 0.998532 0.0438775 -0.878205 -0.00691192 -0.478234 -0.477229 -0.0537188 0.877135 3.5638 2.80728 -1.2068</i>
                        <i>-0.0324748 0.998525 0.0435052 -0.879227 -0.00784112 -0.476339 -0.475295 -0.0537199 0.878185 3.56354 2.80666 -1.20694</i>
                        <i>-0.0328766 0.998425 0.0454685 -0.876864 -0.0069831 -0.480689 -0.479614 -0.0556731 0.875712 3.56334 2.80654 -1.20622</i>
                        <i>-0.033982 0.998165 0.0501141 -0.87109 -0.00499956 -0.491098 -0.489947 -0.0603423 0.869661 3.5628 2.8067 -1.20451</i>
                        <i>-0.0355878 0.997818 0.0556093 -0.863947 -0.00274847 -0.503576 -0.502324 -0.0659647 0.862159 3.56202 2.80713 -1.20244</i>
                        <i>-0.0372446 0.997486 0.0602871 -0.857726 -0.000954093 -0.514106 -0.512756 -0.0708575 0.855605 3.56122 2.80779 -1.20066</i>
                        <i>-0.0382421 0.997302 0.0626521 -0.85494 -0.00019591 -0.518727 -0.517315 -0.073401 0.852641 3.56075 2.80862 -1.19974</i>
                        <i>-0.0382533 0.997347 0.0619341 -0.85729 -0.000910793 -0.514833 -0.513411 -0.0727895 0.85505 3.56079 2.80956 -1.19998</i>
                        <i>-0.0377664 0.997535 0.0591337 -0.86309 -0.00273751 -0.505043 -0.503636 -0.0701113 0.861066 3.56111 2.81045 -1.20102</i>
                        <i>-0.0371948 0.997767 0.0554715 -0.869851 -0.00500167 -0.493289 -0.49191 -0.0665998 0.868095 3.56148 2.81119 -1.20238</i>
                        <i>-0.0367877 0.997956 0.0522543 -0.875296 -0.00694749 -0.483537 -0.482186 -0.0635262 0.873763 3.56176 2.81162 -1.20358</i>
                        <i>-0.0366179 0.998033 0.0508797 -0.877377 -0.00773388 -0.47974 -0.478403 -0.0622078 0.875934 3.56187 2.81161 -1.20409</i>
                        <i>-0.0363884 0.998043 0.0508578 -0.876229 -0.00739388 -0.481837 -0.480518 -0.0620964 0.874784 3.56194 2.81095 -1.20412</i>
                        <i>-0.0358575 0.998065 0.0508048 -0.873596 -0.0066158 -0.486607 -0.485329 -0.0618314 0.872143 3.56209 2.80968 -1.20419</i>
                        <i>-0.0351408 0.99809 0.050801 -0.869879 -0.00552192 -0.493235 -0.492012 -0.0615234 0.868412 3.5623 2.808 -1.20425</i>
                        <i>-0.0343595 0.998111 0.050923 -0.865487 -0.00423773 -0.500914 -0.499752 -0.0612843 0.863998 3.56253 2.80608 -1.20428</i>
                        <i>-0.0336428 0.99812 0.0512394 -0.860851 -0.00289378 -0.508849 -0.507743 -0.0612285 0.85933 3.56272 2.80412 -1.20423</i>
                        <i>-0.0331257 0.998107 0.0518096 -0.856428 -0.00162539 -0.516264 -0.515203 -0.0614728 0.854861 3.56284 2.80231 -1.20408</i>
                        <i>-0.0329453 0.998068 0.052686 -0.8527 -0.000570356 -0.522401 -0.521362 -0.062136 0.851071 3.56285 2.80084 -1.2038</i>
                        <i>-0.0332329 0.997992 0.0539179 -0.850167 0.000135171 -0.526512 -0.525462 -0.0633368 0.848456 3.56269 2.7999 -1.20336</i>
                        <i>-0.0341041 0.997873 0.0555614 -0.849339 0.00036281 -0.527848 -0.526745 -0.0651923 0.847519 3.56234 2.79968 -1.20273</i>
                        <i>-0.0356462 0.997698 0.0576901 -0.850705 -2.22045e-016 -0.525643 -0.524433 -0.0678144 0.848747 3.56175 2.80037 -1.20187</i>
                    </KeyFrames>
                </p>
            </i>
            <i>
                <p>
                    <Name><![CDATA[spine2]]></Name>
                    <Exclude>0</Exclude>
                    <Additive>0</Additive>
                    <IKPriority>0</IKPriority>
                    <IKRotLimits>-1e+010 -1e+010 -1e+010 1e+010 1e+010 1e+010</IKRotLimits>
                    <IKRotLimitOrder>0</IKRotLimitOrder>
                    <KeyFrames count="60">
                        <i>-0.0992767 0.982003 0.16067 -0.850705 -2.22045e-016 -0.525643 -0.516183 -0.188867 0.835395 3.55613 2.95777 -1.19277</i>
                        <i>-0.0898426 0.984825 0.148489 -0.856439 -0.000292106 -0.516248 -0.50837 -0.173553 0.843469 3.55491 2.95943 -1.19114</i>
                        <i>-0.0790365 0.987667 0.135154 -0.862879 0.000110746 -0.50541 -0.499192 -0.156568 0.852229 3.55353 2.96147 -1.18936</i>
                        <i>-0.0696518 0.989741 0.124744 -0.869608 0.0010319 -0.493741 -0.488805 -0.142868 0.860615 3.55233 2.96281 -1.18797</i>
                        <i>-0.064248 0.990508 0.121518 -0.876196 0.00229375 -0.48195 -0.477654 -0.137438 0.867731 3.55167 2.9623 -1.18753</i>
                        <i>-0.0642434 0.989667 0.128191 -0.882217 0.00371776 -0.470828 -0.46644 -0.14334 0.872862 3.55173 2.95897 -1.18842</i>
                        <i>-0.0678452 0.987605 0.141538 -0.887323 0.00512914 -0.461121 -0.456131 -0.156875 0.875976 3.55226 2.95364 -1.1902</i>
                        <i>-0.0728186 0.984924 0.156916 -0.89124 0.00635631 -0.453488 -0.447648 -0.172872 0.877341 3.55298 2.94791 -1.19226</i>
                        <i>-0.0771705 0.982487 0.169603 -0.893746 0.00722501 -0.448515 -0.441885 -0.186194 0.877536 3.55359 2.94335 -1.19396</i>
                        <i>-0.0790372 0.981413 0.174876 -0.894632 0.00755516 -0.44674 -0.439757 -0.191759 0.877406 3.55386 2.94149 -1.19467</i>
                        <i>-0.0783443 0.981668 0.173754 -0.894627 0.00767632 -0.446748 -0.439892 -0.190445 0.877625 3.55418 2.94145 -1.1952</i>
                        <i>-0.0764624 0.98235 0.170709 -0.894612 0.00800513 -0.446773 -0.440254 -0.186879 0.87821 3.55508 2.94131 -1.19664</i>
                        <i>-0.0736867 0.983332 0.166217 -0.894588 0.00848949 -0.44681 -0.440774 -0.181619 0.879052 3.55639 2.94111 -1.19876</i>
                        <i>-0.0703126 0.984487 0.160756 -0.894558 0.00907731 -0.446859 -0.441386 -0.175225 0.880042 3.55798 2.94084 -1.20134</i>
                        <i>-0.0666364 0.985695 0.154806 -0.894523 0.00971656 -0.446916 -0.442027 -0.168259 0.88108 3.55971 2.94053 -1.20414</i>
                        <i>-0.0629557 0.986854 0.148849 -0.894486 0.0103553 -0.446977 -0.442642 -0.161283 0.882075 3.56144 2.94019 -1.20695</i>
                        <i>-0.0595698 0.987875 0.14337 -0.894449 0.0109418 -0.447036 -0.443184 -0.154867 0.882952 3.56303 2.93986 -1.20952</i>
                        <i>-0.0567788 0.988684 0.138853 -0.894418 0.0114245 -0.447087 -0.443614 -0.149577 0.883648 3.56434 2.93957 -1.21164</i>
                        <i>-0.0548836 0.989217 0.135785 -0.894395 0.0117518 -0.447123 -0.443897 -0.145985 0.884106 3.56523 2.93937 -1.21307</i>
                        <i>-0.0541851 0.98941 0.134655 -0.894387 0.0118724 -0.447136 -0.444 -0.144662 0.884272 3.56556 2.93929 -1.2136</i>
                        <i>-0.0522166 0.990192 0.129592 -0.894784 0.011232 -0.446358 -0.443436 -0.139264 0.885421 3.56482 2.94012 -1.21216</i>
                        <i>-0.0478353 0.991895 0.117713 -0.89581 0.00953011 -0.444336 -0.441856 -0.126704 0.888093 3.56311 2.94239 -1.20875</i>
                        <i>-0.0433274 0.993632 0.104006 -0.897215 0.00709379 -0.441536 -0.439463 -0.112447 0.891195 3.56115 2.94578 -1.20474</i>
                        <i>-0.0409099 0.994774 0.0935449 -0.898781 0.00426122 -0.438378 -0.436486 -0.10201 0.893909 3.55969 2.94994 -1.20149</i>
                        <i>-0.0426805 0.994891 0.0914852 -0.900335 0.00139423 -0.435195 -0.433099 -0.100942 0.895676 3.55942 2.95452 -1.2004</i>
                        <i>-0.053255 0.992809 0.10721 -0.901761 -0.00169576 -0.432232 -0.428942 -0.119696 0.895367 3.55969 2.95942 -1.20064</i>
                        <i>-0.0717371 0.987684 0.139049 -0.902998 -0.00510406 -0.429614 -0.423613 -0.15638 0.892243 3.5595 2.96451 -1.20057</i>
                        <i>-0.0919973 0.98016 0.175564 -0.903986 -0.00827793 -0.427483 -0.417548 -0.198034 0.886812 3.55906 2.96931 -1.20032</i>
                        <i>-0.108201 0.972661 0.205482 -0.904642 -0.0106303 -0.426039 -0.412207 -0.231985 0.881061 3.5586 2.97318 -1.20004</i>
                        <i>-0.114816 0.969203 0.217858 -0.904881 -0.0115503 -0.425509 -0.409888 -0.245991 0.878339 3.55838 2.97539 -1.1999</i>
                        <i>-0.117795 0.969188 0.216329 -0.902916 -0.0138524 -0.429594 -0.413361 -0.245931 0.876727 3.55875 2.97601 -1.1997</i>
                        <i>-0.124899 0.969108 0.212671 -0.898139 -0.0193511 -0.439286 -0.4216 -0.245875 0.872811 3.55964 2.97579 -1.19924</i>
                        <i>-0.133377 0.968932 0.208283 -0.892269 -0.0259283 -0.450759 -0.431354 -0.245965 0.868006 3.56072 2.9749 -1.1987</i>
                        <i>-0.140478 0.968716 0.204587 -0.887211 -0.0314477 -0.46029 -0.439457 -0.246172 0.863873 3.56162 2.97353 -1.19824</i>
                        <i>-0.143454 0.968607 0.203032 -0.885053 -0.033764 -0.464265 -0.442835 -0.246295 0.862112 3.56201 2.97183 -1.19807</i>
                        <i>-0.140478 0.968716 0.204587 -0.887211 -0.0314477 -0.46029 -0.439457 -0.246172 0.863873 3.56165 2.96997 -1.19828</i>
                        <i>-0.133377 0.968932 0.208283 -0.892269 -0.0259283 -0.450759 -0.431354 -0.245965 0.868006 3.56076 2.96814 -1.19877</i>
                        <i>-0.124899 0.969108 0.212671 -0.898139 -0.0193511 -0.439286 -0.4216 -0.245875 0.872811 3.55971 2.96653 -1.19934</i>
                        <i>-0.117795 0.969188 0.216329 -0.902916 -0.0138524 -0.429594 -0.413361 -0.245931 0.876727 3.55882 2.96533 -1.19982</i>
                        <i>-0.114816 0.969203 0.217858 -0.904881 -0.0115503 -0.425509 -0.409888 -0.245991 0.878339 3.55845 2.96471 -1.20002</i>
                        <i>-0.113052 0.971144 0.209997 -0.90062 -0.010894 -0.434472 -0.419647 -0.238245 0.875863 3.55819 2.96448 -1.199</i>
                        <i>-0.108119 0.975578 0.191202 -0.89005 -0.00931532 -0.455768 -0.442856 -0.219457 0.86932 3.55747 2.96441 -1.19657</i>
                        <i>-0.100828 0.980505 0.16865 -0.876662 -0.00740774 -0.48105 -0.470423 -0.196352 0.860319 3.55643 2.9646 -1.19366</i>
                        <i>-0.0932436 0.984399 0.149212 -0.864725 -0.00578417 -0.502212 -0.493514 -0.175855 0.851774 3.55536 2.96508 -1.19115</i>
                        <i>-0.0887206 0.986269 0.139291 -0.859301 -0.00506765 -0.511445 -0.503716 -0.165069 0.847952 3.55474 2.96583 -1.18986</i>
                        <i>-0.0889003 0.985835 0.142222 -0.863896 -0.005246 -0.503643 -0.495763 -0.167639 0.852125 3.55478 2.96678 -1.19022</i>
                        <i>-0.0915281 0.983851 0.153816 -0.875071 -0.00574519 -0.483961 -0.475262 -0.178896 0.861465 3.55518 2.96777 -1.19169</i>
                        <i>-0.0945682 0.98108 0.168936 -0.887821 -0.00634436 -0.460145 -0.450367 -0.1935 0.871623 3.55565 2.96863 -1.19361</i>
                        <i>-0.0967453 0.9785 0.182148 -0.897866 -0.00682686 -0.440216 -0.429508 -0.206133 0.879222 3.556 2.96919 -1.1953</i>
                        <i>-0.09762 0.977349 0.187773 -0.90165 -0.00698201 -0.432411 -0.421305 -0.211518 0.881908 3.55614 2.96923 -1.19603</i>
                        <i>-0.098469 0.977235 0.187925 -0.899573 -0.00666106 -0.43672 -0.425527 -0.212055 0.87975 3.55624 2.96858 -1.19606</i>
                        <i>-0.100437 0.976966 0.188282 -0.894761 -0.00593455 -0.446506 -0.435104 -0.213313 0.874747 3.55647 2.96733 -1.19614</i>
                        <i>-0.103084 0.97665 0.188489 -0.887871 -0.00492264 -0.460067 -0.448397 -0.214779 0.867647 3.55679 2.96566 -1.1962</i>
                        <i>-0.105947 0.976398 0.188205 -0.879589 -0.00374581 -0.475719 -0.463786 -0.215945 0.859226 3.55712 2.96375 -1.19622</i>
                        <i>-0.108532 0.976322 0.187126 -0.870691 -0.00252493 -0.491823 -0.479705 -0.216307 0.850349 3.55742 2.9618 -1.19612</i>
                        <i>-0.110314 0.976531 0.184981 -0.862061 -0.00138112 -0.506803 -0.494653 -0.215373 0.841981 3.55762 2.95998 -1.19589</i>
                        <i>-0.110761 0.977128 0.18153 -0.854686 -0.000435472 -0.519145 -0.507192 -0.212652 0.835186 3.55765 2.95848 -1.19548</i>
                        <i>-0.109357 0.978202 0.176531 -0.849628 0.000190907 -0.527382 -0.51592 -0.207658 0.831086 3.55745 2.95748 -1.19485</i>
                        <i>-0.105644 0.979817 0.169702 -0.847964 0.000376701 -0.530054 -0.51942 -0.199898 0.830809 3.55695 2.95718 -1.19397</i>
                        <i>-0.0992767 0.982003 0.16067 -0.850705 -2.22045e-016 -0.525643 -0.516183 -0.188867 0.835395 3.55613 2.95777 -1.19277</i>
                    </KeyFrames>
                </p>
            </i>
            <i>
                <p>
                    <Name><![CDATA[head]]></Name>
                    <Exclude>0</Exclude>
                    <Additive>0</Additive>
                    <IKPriority>0</IKPriority>
                    <IKRotLimits>-1e+010 -1e+010 -1e+010 1e+010 1e+010 1e+010</IKRotLimits>
                    <IKRotLimitOrder>0</IKRotLimitOrder>
                    <KeyFrames count="60">
                        <i>0.0110762 0.999778 -0.0179258 0.525526 -0.0210717 -0.850516 -0.850705 -2.15757e-016 -0.525643 3.53606 3.21261 -1.16029</i>
                        <i>0.0036798 0.999981 -0.00484985 0.516282 -0.00605331 -0.856397 -0.856411 0.000647483 -0.516295 3.53797 3.21488 -1.16295</i>
                        <i>-0.00309091 0.999941 0.0104253 0.505593 0.0105574 -0.862707 -0.862767 0.00260443 -0.505596 3.54014 3.21748 -1.16586</i>
                        <i>-0.00716502 0.999693 0.0237294 0.494141 0.0241699 -0.869046 -0.869352 0.00549892 -0.494162 3.54201 3.21917 -1.16814</i>
                        <i>-0.00672294 0.999504 0.0307522 0.482665 0.0301769 -0.875285 -0.875779 0.00895854 -0.482629 3.54303 3.21877 -1.16891</i>
                        <i>-0.00779394 0.999117 0.0412853 0.471756 0.0400771 -0.880818 -0.881695 0.0126116 -0.471652 3.54293 3.2153 -1.16759</i>
                        <i>-0.0147387 0.997901 0.063053 0.461952 0.0627222 -0.884684 -0.886782 0.0160884 -0.461907 3.54209 3.20962 -1.16486</i>
                        <i>-0.0237738 0.995806 0.0883514 0.453862 0.0894948 -0.886567 -0.890755 0.0190222 -0.454085 3.54098 3.20336 -1.16167</i>
                        <i>-0.0315176 0.993508 0.109312 0.44827 0.111801 -0.886879 -0.893342 0.021049 -0.448884 3.54003 3.19827 -1.15903</i>
                        <i>-0.0348052 0.992398 0.118043 0.446174 0.12112 -0.886713 -0.894269 0.0218055 -0.446997 3.53962 3.19616 -1.15793</i>
                        <i>-0.0341045 0.992557 0.116909 0.446259 0.119792 -0.88685 -0.894254 0.0219261 -0.447022 3.54013 3.19617 -1.15876</i>
                        <i>-0.032202 0.992978 0.11383 0.446485 0.116185 -0.887216 -0.894212 0.0222533 -0.447091 3.54151 3.19617 -1.16099</i>
                        <i>-0.0293968 0.993575 0.10929 0.446805 0.110868 -0.887735 -0.894148 0.0227348 -0.447194 3.54354 3.19616 -1.16428</i>
                        <i>-0.0259884 0.994261 0.103774 0.447174 0.104406 -0.888332 -0.894069 0.0233187 -0.447322 3.54601 3.19613 -1.16827</i>
                        <i>-0.0222767 0.99496 0.0977669 0.447551 0.0973697 -0.888942 -0.893981 0.023953 -0.447464 3.54869 3.19605 -1.17262</i>
                        <i>-0.00828496 0.997802 0.0657385 0.457379 0.0622422 -0.887091 -0.889234 0.0227178 -0.456889 3.55138 3.19594 -1.17696</i>
                        <i>0.0217377 0.999763 -0.000993743 0.478778 -0.0112826 -0.877864 -0.877667 0.0186069 -0.47891 3.55384 3.1958 -1.18096</i>
                        <i>0.0599687 0.995264 -0.0765124 0.501301 -0.0963112 -0.859896 -0.863192 0.013211 -0.504703 3.55588 3.19567 -1.18424</i>
                        <i>0.0943944 0.986089 -0.136812 0.517448 -0.166001 -0.839459 -0.850492 0.00844736 -0.52592 3.55725 3.19557 -1.18647</i>
