<?xml version="1.0" encoding="ISO-8859-1" ?>
<Animl Version="1">
    <ModellingPackage><![CDATA[Maya.2010]]></ModellingPackage>
    <SrcFile><![CDATA[anims\turrets\artillery\blue\~src\artillery_m270\artillery_m270_aim_low_crewman_e.mb]]></SrcFile>
    <FramesPerSecond>30</FramesPerSecond>
    <TotalFrames>30</TotalFrames>
    <Skeleton>
        <RefFrame>
            <Name><![CDATA[soldier_ref_frame]]></Name>
            <Exclude>0</Exclude>
            <Additive>0</Additive>
            <IKPriority>0</IKPriority>
            <IKRotLimits>-1e+010 -1e+010 -1e+010 1e+010 1e+010 1e+010</IKRotLimits>
            <IKRotLimitOrder>0</IKRotLimitOrder>
            <KeyFrames count="30">
                <i>1 0 0 0 1 0 0 0 1 1.76 1.34 -2.22</i>
                <i>1 0 0 0 1 0 0 0 1 1.76 1.34 -2.22</i>
                <i>1 0 0 0 1 0 0 0 1 1.76 1.34 -2.22</i>
                <i>1 0 0 0 1 0 0 0 1 1.76 1.34 -2.22</i>
                <i>1 0 0 0 1 0 0 0 1 1.76 1.34 -2.22</i>
                <i>1 0 0 0 1 0 0 0 1 1.76 1.34 -2.22</i>
                <i>1 0 0 0 1 0 0 0 1 1.76 1.34 -2.22</i>
                <i>1 0 0 0 1 0 0 0 1 1.76 1.34 -2.22</i>
                <i>1 0 0 0 1 0 0 0 1 1.76 1.34 -2.22</i>
                <i>1 0 0 0 1 0 0 0 1 1.76 1.34 -2.22</i>
                <i>1 0 0 0 1 0 0 0 1 1.76 1.34 -2.22</i>
                <i>1 0 0 0 1 0 0 0 1 1.76 1.34 -2.22</i>
                <i>1 0 0 0 1 0 0 0 1 1.76 1.34 -2.22</i>
                <i>1 0 0 0 1 0 0 0 1 1.76 1.34 -2.22</i>
                <i>1 0 0 0 1 0 0 0 1 1.76 1.34 -2.22</i>
                <i>1 0 0 0 1 0 0 0 1 1.76 1.34 -2.22</i>
                <i>1 0 0 0 1 0 0 0 1 1.76 1.34 -2.22</i>
                <i>1 0 0 0 1 0 0 0 1 1.76 1.34 -2.22</i>
                <i>1 0 0 0 1 0 0 0 1 1.76 1.34 -2.22</i>
                <i>1 0 0 0 1 0 0 0 1 1.76 1.34 -2.22</i>
                <i>1 0 0 0 1 0 0 0 1 1.76 1.34 -2.22</i>
                <i>1 0 0 0 1 0 0 0 1 1.76 1.34 -2.22</i>
                <i>1 0 0 0 1 0 0 0 1 1.76 1.34 -2.22</i>
                <i>1 0 0 0 1 0 0 0 1 1.76 1.34 -2.22</i>
                <i>1 0 0 0 1 0 0 0 1 1.76 1.34 -2.22</i>
                <i>1 0 0 0 1 0 0 0 1 1.76 1.34 -2.22</i>
                <i>1 0 0 0 1 0 0 0 1 1.76 1.34 -2.22</i>
                <i>1 0 0 0 1 0 0 0 1 1.76 1.34 -2.22</i>
                <i>1 0 0 0 1 0 0 0 1 1.76 1.34 -2.22</i>
                <i>1 0 0 0 1 0 0 0 1 1.76 1.34 -2.22</i>
            </KeyFrames>
        </RefFrame>
        <Bones count="23">
            <i>
                <p>
                    <Name><![CDATA[pelvis]]></Name>
                    <Exclude>0</Exclude>
                    <Additive>0</Additive>
                    <IKPriority>0</IKPriority>
                    <IKRotLimits>-1e+010 -1e+010 -1e+010 1e+010 1e+010 1e+010</IKRotLimits>
                    <IKRotLimitOrder>2</IKRotLimitOrder>
                    <KeyFrames count="30">
                        <i>1 0 0 0 1 0 0 0 1 1.59607 2.46615 -1.88814</i>
                        <i>1 0 0 0 1 0 0 0 1 1.59607 2.46626 -1.88814</i>
                        <i>1 0 0 0 1 0 0 0 1 1.59607 2.46659 -1.88814</i>
                        <i>1 0 0 0 1 0 0 0 1 1.59607 2.4671 -1.88814</i>
                        <i>1 0 0 0 1 0 0 0 1 1.59607 2.46775 -1.88814</i>
                        <i>1 0 0 0 1 0 0 0 1 1.59607 2.4685 -1.88814</i>
                        <i>1 0 0 0 1 0 0 0 1 1.59607 2.46932 -1.88814</i>
                        <i>1 0 0 0 1 0 0 0 1 1.59607 2.47018 -1.88814</i>
                        <i>1 0 0 0 1 0 0 0 1 1.59607 2.47104 -1.88814</i>
                        <i>1 0 0 0 1 0 0 0 1 1.59607 2.47186 -1.88814</i>
                        <i>1 0 0 0 1 0 0 0 1 1.59607 2.47261 -1.88814</i>
                        <i>1 0 0 0 1 0 0 0 1 1.59607 2.47326 -1.88814</i>
                        <i>1 0 0 0 1 0 0 0 1 1.59607 2.47377 -1.88814</i>
                        <i>1 0 0 0 1 0 0 0 1 1.59607 2.4741 -1.88814</i>
                        <i>1 0 0 0 1 0 0 0 1 1.59607 2.47421 -1.88814</i>
                        <i>1 0 0 0 1 0 0 0 1 1.59607 2.47411 -1.88814</i>
                        <i>1 0 0 0 1 0 0 0 1 1.59607 2.47382 -1.88814</i>
                        <i>1 0 0 0 1 0 0 0 1 1.59607 2.47337 -1.88814</i>
                        <i>1 0 0 0 1 0 0 0 1 1.59607 2.4728 -1.88814</i>
                        <i>1 0 0 0 1 0 0 0 1 1.59607 2.47212 -1.88814</i>
                        <i>1 0 0 0 1 0 0 0 1 1.59607 2.47138 -1.88814</i>
                        <i>1 0 0 0 1 0 0 0 1 1.59607 2.47058 -1.88814</i>
                        <i>1 0 0 0 1 0 0 0 1 1.59607 2.46978 -1.88814</i>
                        <i>1 0 0 0 1 0 0 0 1 1.59607 2.46899 -1.88814</i>
                        <i>1 0 0 0 1 0 0 0 1 1.59607 2.46824 -1.88814</i>
                        <i>1 0 0 0 1 0 0 0 1 1.59607 2.46756 -1.88814</i>
                        <i>1 0 0 0 1 0 0 0 1 1.59607 2.46699 -1.88814</i>
                        <i>1 0 0 0 1 0 0 0 1 1.59607 2.46654 -1.88814</i>
                        <i>1 0 0 0 1 0 0 0 1 1.59607 2.46625 -1.88814</i>
                        <i>1 0 0 0 1 0 0 0 1 1.59607 2.46615 -1.88814</i>
                    </KeyFrames>
                </p>
            </i>
            <i>
                <p>
                    <Name><![CDATA[spine0]]></Name>
                    <Exclude>0</Exclude>
                    <Additive>0</Additive>
                    <IKPriority>0</IKPriority>
                    <IKRotLimits>-1e+010 -1e+010 -1e+010 1e+010 1e+010 1e+010</IKRotLimits>
                    <IKRotLimitOrder>0</IKRotLimitOrder>
                    <KeyFrames count="30">
                        <i>0.0101428 0.999946 -0.0022095 0.907888 -0.00828286 0.419132 0.419091 -0.00625712 -0.907923 1.58684 2.60535 -1.853</i>
                        <i>0.00989189 0.999949 -0.00183642 0.908022 -0.00821329 0.418842 0.418806 -0.00581066 -0.908057 1.58733 2.60575 -1.85402</i>
                        <i>0.00966462 0.999952 -0.00150306 0.908145 -0.00814811 0.418577 0.418545 -0.00541038 -0.90818 1.58778 2.60633 -1.85495</i>
                        <i>0.00946101 0.999955 -0.00120652 0.908254 -0.00808863 0.41834 0.418311 -0.00505375 -0.90829 1.58817 2.60705 -1.85578</i>
                        <i>0.00928115 0.999956 -0.000943846 0.908349 -0.00803621 0.418136 0.41811 -0.00473812 -0.908384 1.58852 2.60788 -1.85649</i>
                        <i>0.00912519 0.999958 -0.000712237 0.908426 -0.0079922 0.417969 0.417946 -0.00446106 -0.908461 1.58879 2.60878 -1.85707</i>
                        <i>0.00899346 0.999959 -0.000509303 0.908484 -0.00795792 0.417845 0.417824 -0.00422056 -0.908518 1.589 2.6097 -1.85751</i>
                        <i>0.00888652 0.99996 -0.00033331 0.90852 -0.00793465 0.417766 0.417747 -0.00401531 -0.908554 1.58913 2.61063 -1.85778</i>
                        <i>0.00880529 0.999961 -0.000183449 0.908533 -0.00792357 0.417739 0.417721 -0.00384499 -0.908567 1.58917 2.61151 -1.85787</i>
                        <i>0.00871067 0.999962 2.89806e-005 0.908513 -0.00792617 0.417782 0.417766 -0.00361283 -0.908547 1.5891 2.6123 -1.85772</i>
                        <i>0.00860651 0.999963 0.000299374 0.908457 -0.00794405 0.417902 0.417889 -0.00332471 -0.908492 1.5889 2.61295 -1.8573</i>
                        <i>0.00852383 0.999964 0.000556963 0.908373 -0.00797596 0.418085 0.418074 -0.00305775 -0.908408 1.58859 2.61344 -1.85665</i>
                        <i>0.00846894 0.999964 0.000780475 0.908266 -0.00801883 0.418316 0.418307 -0.00283382 -0.908301 1.5882 2.61373 -1.85584</i>
                        <i>0.00844854 0.999964 0.000948183 0.908143 -0.00806967 0.418582 0.418574 -0.00267532 -0.908179 1.58776 2.61382 -1.85491</i>
                        <i>0.00846927 0.999964 0.00103889 0.908011 -0.00812565 0.418867 0.41886 -0.00260417 -0.908047 1.58728 2.61367 -1.85391</i>
                        <i>0.00853744 0.999963 0.00103289 0.907877 -0.00818419 0.419157 0.41915 -0.00264079 -0.907913 1.58678 2.61327 -1.85288</i>
                        <i>0.00865863 0.999962 0.000912786 0.907746 -0.00824301 0.41944 0.419432 -0.0028032 -0.907783 1.5863 2.6127 -1.85188</i>
                        <i>0.00883742 0.999961 0.000664012 0.907624 -0.00830007 0.419701 0.41969 -0.0031064 -0.907662 1.58586 2.61197 -1.85096</i>
                        <i>0.00907722 0.999959 0.000275128 0.907519 -0.00835363 0.419928 0.419913 -0.00356209 -0.907558 1.58547 2.61115 -1.85016</i>
                        <i>0.0093803 0.999956 -0.000262485 0.907436 -0.00840212 0.420106 0.420085 -0.00417891 -0.907475 1.58517 2.61028 -1.84952</i>
                        <i>0.00974798 0.999952 -0.000955319 0.907382 -0.00844409 0.420223 0.420195 -0.00496316 -0.90742 1.58497 2.6094 -1.84911</i>
                        <i>0.010181 0.999947 -0.00180904 0.907361 -0.00847806 0.420266 0.420228 -0.0059202 -0.907399 1.5849 2.60856 -1.84896</i>
                        <i>0.0105603 0.999941 -0.00257298 0.907363 -0.00850117 0.420261 0.420215 -0.0067727 -0.907399 1.58491 2.60776 -1.84898</i>
                        <i>0.0107808 0.999937 -0.00302524 0.907374 -0.00851143 0.420239 0.420187 -0.00727553 -0.907409 1.58495 2.60699 -1.84906</i>
                        <i>0.0108658 0.999936 -0.00321635 0.907398 -0.00850865 0.420187 0.420133 -0.00748417 -0.907432 1.58504 2.60631 -1.84925</i>
                        <i>0.0108392 0.999936 -0.00319917 0.90744 -0.00849254 0.420097 0.420043 -0.00745658 -0.907474 1.58519 2.60573 -1.84957</i>
                        <i>0.0107265 0.999938 -0.00302925 0.907505 -0.00846272 0.419957 0.419905 -0.00725372 -0.907539 1.58543 2.60531 -1.85007</i>
                        <i>0.0105541 0.99994 -0.00276538 0.907598 -0.00841855 0.419757 0.419709 -0.00693999 -0.907632 1.58577 2.60509 -1.85078</i>
                        <i>0.0103498 0.999943 -0.00247002 0.907723 -0.00835908 0.419486 0.419441 -0.00658368 -0.907759 1.58624 2.60509 -1.85175</i>
                        <i>0.0101428 0.999946 -0.0022095 0.907888 -0.00828286 0.419132 0.419091 -0.00625712 -0.907923 1.58684 2.60535 -1.853</i>
                    </KeyFrames>
                </p>
            </i>
            <i>
                <p>
                    <Name><![CDATA[spine1]]></Name>
                    <Exclude>0</Exclude>
                    <Additive>0</Additive>
                    <IKPriority>0</IKPriority>
                    <IKRotLimits>-1e+010 -1e+010 -1e+010 1e+010 1e+010 1e+010</IKRotLimits>
                    <IKRotLimitOrder>0</IKRotLimitOrder>
                    <KeyFrames count="30">
                        <i>0.0262354 0.991006 -0.131222 0.903776 0.0325829 0.426764 0.427202 -0.129791 -0.894792 1.5886 2.77913 -1.85337</i>
                        <i>0.0231989 0.991902 -0.124868 0.903985 0.0325263 0.426326 0.426935 -0.122769 -0.89591 1.58904 2.77941 -1.85433</i>
                        <i>0.0204195 0.992679 -0.119041 0.904176 0.0324772 0.425924 0.426672 -0.116331 -0.896894 1.58945 2.77988 -1.8552</i>
                        <i>0.0179418 0.993337 -0.113838 0.904347 0.0324357 0.425564 0.426421 -0.110584 -0.897739 1.58981 2.78052 -1.85598</i>
                        <i>0.0158102 0.993877 -0.109354 0.904494 0.0324015 0.425253 0.426193 -0.105634 -0.898444 1.59012 2.78127 -1.85665</i>
                        <i>0.0140684 0.9943 -0.105686 0.904615 0.0323746 0.424998 0.425997 -0.101585 -0.899003 1.59037 2.78212 -1.85719</i>
                        <i>0.01276 0.994607 -0.102928 0.904707 0.0323547 0.424805 0.425844 -0.09854 -0.899415 1.59055 2.78301 -1.85758</i>
                        <i>0.011928 0.994797 -0.101172 0.904766 0.032342 0.42468 0.425743 -0.0966025 -0.899673 1.59066 2.78391 -1.85782</i>
                        <i>0.0116152 0.994868 -0.10051 0.904789 0.0323364 0.42463 0.425701 -0.0958729 -0.89977 1.5907 2.78479 -1.85789</i>
                        <i>0.011993 0.994783 -0.101304 0.904768 0.0323392 0.424676 0.425737 -0.0967498 -0.89966 1.59061 2.78561 -1.8577</i>
                        <i>0.013136 0.994521 -0.103709 0.904695 0.0323517 0.42483 0.425857 -0.0994053 -0.899313 1.59039 2.78632 -1.85723</i>
                        <i>0.0149205 0.994097 -0.107462 0.904579 0.0323736 0.425075 0.426044 -0.10355 -0.898757 1.59007 2.7869 -1.85655</i>
                        <i>0.017208 0.993529 -0.112268 0.904429 0.0324043 0.425392 0.426277 -0.108859 -0.898019 1.58967 2.7873 -1.8557</i>
                        <i>0.0198595 0.992835 -0.117832 0.904254 0.0324427 0.425761 0.426534 -0.115005 -0.89713 1.58922 2.78751 -1.85473</i>
                        <i>0.0227362 0.992039 -0.123859 0.904062 0.0324879 0.426165 0.426796 -0.121665 -0.896126 1.58874 2.7875 -1.85371</i>
                        <i>0.0256995 0.991174 -0.130057 0.903863 0.0325382 0.426582 0.427049 -0.128516 -0.895049 1.58826 2.78725 -1.85269</i>
                        <i>0.0286116 0.990277 -0.136137 0.903666 0.0325917 0.426996 0.427281 -0.13524 -0.893947 1.5878 2.78682 -1.85171</i>
                        <i>0.0313365 0.989396 -0.141819 0.903479 0.0326459 0.427387 0.427485 -0.141523 -0.892876 1.58739 2.78622 -1.85083</i>
                        <i>0.0337396 0.988587 -0.146824 0.903312 0.0326976 0.427736 0.427656 -0.147059 -0.891899 1.58705 2.78551 -1.85009</i>
                        <i>0.0356882 0.987908 -0.150879 0.903173 0.0327436 0.428027 0.427791 -0.151545 -0.891083 1.5868 2.78472 -1.84955</i>
                        <i>0.0370506 0.98742 -0.153716 0.903071 0.0327802 0.428239 0.427891 -0.154683 -0.890496 1.58666 2.78388 -1.84926</i>
                        <i>0.0376954 0.987185 -0.155065 0.903014 0.0328039 0.428356 0.427953 -0.156173 -0.890206 1.58667 2.78302 -1.84926</i>
                        <i>0.0378364 0.987132 -0.155368 0.902993 0.0328157 0.4284 0.427985 -0.156505 -0.890132 1.58674 2.78218 -1.84941</i>
                        <i>0.0377144 0.987175 -0.155121 0.902995 0.0328182 0.428396 0.427993 -0.15623 -0.890176 1.58682 2.78138 -1.84958</i>
                        <i>0.0372374 0.987348 -0.154135 0.903024 0.0328101 0.428336 0.427973 -0.155137 -0.890377 1.58692 2.78065 -1.84979</i>
                        <i>0.0363128 0.98768 -0.152216 0.903086 0.0327902 0.428206 0.427921 -0.153014 -0.890769 1.58707 2.78002 -1.85011</i>
                        <i>0.0348467 0.988197 -0.14917 0.903187 0.0327577 0.427996 0.42783 -0.149643 -0.891385 1.58729 2.77952 -1.85058</i>
                        <i>0.0327435 0.98892 -0.144795 0.903332 0.032712 0.427693 0.427691 -0.144802 -0.892252 1.58761 2.77919 -1.85125</i>
                        <i>0.0299061 0.989857 -0.138884 0.903526 0.0326534 0.427287 0.427488 -0.138263 -0.893385 1.58803 2.77905 -1.85216</i>
                        <i>0.0262354 0.991006 -0.131222 0.903776 0.0325829 0.426764 0.427202 -0.129791 -0.894792 1.5886 2.77913 -1.85337</i>
                    </KeyFrames>
                </p>
            </i>
            <i>
                <p>
                    <Name><![CDATA[spine2]]></Name>
                    <Exclude>0</Exclude>
                    <Additive>0</Additive>
                    <IKPriority>0</IKPriority>
                    <IKRotLimits>-1e+010 -1e+010 -1e+010 1e+010 1e+010 1e+010</IKRotLimits>
                    <IKRotLimitOrder>0</IKRotLimitOrder>
                    <KeyFrames count="30">
                        <i>0.178063 0.894978 -0.409034 0.896926 0.0233581 0.441564 0.404744 -0.445499 -0.798569 1.59282 2.93771 -1.8744</i>
                        <i>0.178641 0.894362 -0.410127 0.897008 0.0232442 0.441402 0.404306 -0.44674 -0.798097 1.59278 2.93803 -1.87432</i>
                        <i>0.179172 0.893795 -0.41113 0.897083 0.0231381 0.441255 0.403904 -0.447878 -0.797663 1.59274 2.93853 -1.87425</i>
                        <i>0.179652 0.893282 -0.412035 0.89715 0.023042 0.441124 0.403542 -0.448906 -0.797269 1.5927 2.93919 -1.87419</i>
                        <i>0.180079 0.892825 -0.412837 0.897208 0.022958 0.44101 0.403223 -0.449818 -0.796916 1.59267 2.93998 -1.87413</i>
                        <i>0.180447 0.892429 -0.413533 0.897256 0.0228883 0.440917 0.402952 -0.450607 -0.796607 1.59264 2.94084 -1.87408</i>
                        <i>0.180755 0.892096 -0.414116 0.897293 0.0228348 0.440844 0.402731 -0.451268 -0.796344 1.59261 2.94175 -1.87403</i>
                        <i>0.180996 0.891831 -0.414581 0.897319 0.0227998 0.440794 0.402566 -0.451794 -0.79613 1.59259 2.94267 -1.87399</i>
                        <i>0.181168 0.891638 -0.414921 0.897331 0.022785 0.440769 0.40246 -0.452175 -0.795967 1.59257 2.94356 -1.87395</i>
                        <i>0.181341 0.891435 -0.415282 0.897331 0.0227956 0.440769 0.402383 -0.452575 -0.795778 1.59254 2.94438 -1.87389</i>
                        <i>0.181502 0.891234 -0.415644 0.897316 0.0228341 0.440798 0.402345 -0.45297 -0.795573 1.5925 2.94511 -1.87382</i>
                        <i>0.181595 0.891102 -0.415885 0.897285 0.0228965 0.440857 0.402371 -0.453225 -0.795415 1.59247 2.94569 -1.87374</i>
                        <i>0.181613 0.891051 -0.415986 0.897242 0.0229773 0.44094 0.402459 -0.45332 -0.795316 1.59244 2.9461 -1.87367</i>
                        <i>0.181549 0.891092 -0.415927 0.897188 0.0230709 0.441045 0.402607 -0.453236 -0.795289 1.59242 2.94631 -1.87361</i>
                        <i>0.181398 0.891232 -0.415692 0.897126 0.0231722 0.441166 0.402814 -0.452955 -0.795345 1.59241 2.94629 -1.87357</i>
                        <i>0.181155 0.891479 -0.415268 0.897059 0.0232763 0.441298 0.403074 -0.452463 -0.795493 1.5924 2.94602 -1.87355</i>
                        <i>0.180816 0.891838 -0.414645 0.896988 0.0233787 0.441437 0.403384 -0.45175 -0.795741 1.59242 2.94557 -1.87357</i>
                        <i>0.180379 0.892311 -0.413817 0.896916 0.0234753 0.441578 0.403739 -0.45081 -0.796094 1.59245 2.94495 -1.87362</i>
                        <i>0.179844 0.892898 -0.412781 0.896846 0.0235624 0.441714 0.404132 -0.449641 -0.796555 1.59249 2.9442 -1.8737</i>
                        <i>0.179211 0.893599 -0.411538 0.896782 0.0236365 0.441841 0.404556 -0.448243 -0.797128 1.59256 2.94337 -1.87383</i>
                        <i>0.17848 0.894412 -0.410088 0.896725 0.0236942 0.441953 0.405005 -0.446616 -0.797812 1.59264 2.94248 -1.87399</i>
                        <i>0.177652 0.895335 -0.408431 0.896679 0.0237319 0.442045 0.405471 -0.444761 -0.798612 1.59275 2.94157 -1.87421</i>
                        <i>0.17694 0.896127 -0.406999 0.896648 0.0237516 0.442107 0.405851 -0.443161 -0.799308 1.59285 2.94069 -1.8744</i>
                        <i>0.176531 0.896582 -0.406175 0.896634 0.0237567 0.442134 0.406059 -0.442241 -0.799712 1.59291 2.93986 -1.87452</i>
                        <i>0.176385 0.896748 -0.405872 0.896638 0.0237452 0.442127 0.406114 -0.441905 -0.79987 1.59293 2.93912 -1.87457</i>
                        <i>0.176458 0.896674 -0.406003 0.89666 0.0237151 0.442084 0.406034 -0.442056 -0.799827 1.59293 2.9385 -1.87458</i>
                        <i>0.176708 0.896408 -0.40648 0.8967 0.0236643 0.442007 0.405838 -0.442597 -0.799627 1.59291 2.93801 -1.87455</i>
                        <i>0.17709 0.896002 -0.40721 0.896757 0.02359 0.441894 0.405544 -0.443423 -0.799319 1.59288 2.93771 -1.8745</i>
                        <i>0.177558 0.895506 -0.408095 0.896833 0.0234891 0.441746 0.405172 -0.444429 -0.798949 1.59285 2.9376 -1.87444</i>
                        <i>0.178063 0.894978 -0.409034 0.896926 0.0233581 0.441564 0.404744 -0.445499 -0.798569 1.59282 2.93771 -1.8744</i>
                    </KeyFrames>
                </p>
            </i>
            <i>
                <p>
                    <Name><![CDATA[head]]></Name>
                    <Exclude>0</Exclude>
                    <Additive>0</Additive>
                    <IKPriority>0</IKPriority>
                    <IKRotLimits>-1e+010 -1e+010 -1e+010 1e+010 1e+010 1e+010</IKRotLimits>
                    <IKRotLimitOrder>0</IKRotLimitOrder>
                    <KeyFrames count="30">
                        <i>0.15841 0.94546 -0.284626 -0.986859 0.142306 -0.0765341 -0.031856 0.293009 0.955579 1.64282 3.16821 -1.98113</i>
                        <i>0.164034 0.942372 -0.291597 -0.985976 0.147419 -0.0782239 -0.0307292 0.300339 0.953338 1.64325 3.1678 -1.98197</i>
                        <i>0.172897 0.938883 -0.297667 -0.984493 0.155633 -0.0809444 -0.0296706 0.307046 0.951232 1.64364 3.16764 -1.98275</i>
                        <i>0.184155 0.935097 -0.302788 -0.982478 0.166129 -0.0844874 -0.028702 0.313041 0.949306 1.64398 3.1677 -1.98344</i>
                        <i>0.196967 0.931132 -0.306916 -0.980015 0.1781 -0.0886101 -0.0278457 0.318236 0.947603 1.64428 3.16795 -1.98404</i>
                        <i>0.210495 0.927135 -0.310019 -0.977219 0.190754 -0.0930407 -0.0271238 0.322541 0.946167 1.64453 3.16838 -1.98453</i>
                        <i>0.223908 0.923295 -0.312077 -0.974248 0.203314 -0.0974857 -0.0265583 0.325868 0.945042 1.64473 3.16894 -1.98491</i>
                        <i>0.236387 0.919836 -0.313086 -0.971307 0.215019 -0.101638 -0.0261704 0.328128 0.944271 1.64486 3.16963 -1.98517</i>
                        <i>0.24712 0.917021 -0.313056 -0.968637 0.225121 -0.105184 -0.0259802 0.32923 0.943892 1.64492 3.1704 -1.9853</i>
                        <i>0.255304 0.915135 -0.312007 -0.966511 0.232878 -0.107815 -0.0260056 0.329083 0.943943 1.64491 3.17123 -1.98528</i>
                        <i>0.260104 0.914503 -0.309888 -0.965223 0.237521 -0.109218 -0.0262753 0.327519 0.944479 1.64482 3.17211 -1.9851</i>
                        <i>0.261573 0.915138 -0.30676 -0.964812 0.239097 -0.109407 -0.0267775 0.324584 0.945478 1.64465 3.17298 -1.98477</i>
                        <i>0.260494 0.916773 -0.302771 -0.965085 0.238333 -0.108671 -0.0274662 0.320508 0.946848 1.64442 3.1738 -1.9843</i>
                        <i>0.257187 0.91923 -0.298112 -0.965947 0.235506 -0.107158 -0.0282953 0.31552 0.948497 1.64413 3.17451 -1.98372</i>
                        <i>0.251966 0.922323 -0.292972 -0.967295 0.230892 -0.105022 -0.0292199 0.309852 0.950336 1.6438 3.17505 -1.98307</i>
                        <i>0.245148 0.925865 -0.287537 -0.969015 0.224767 -0.102418 -0.0301964 0.303735 0.952278 1.64344 3.1754 -1.98237</i>
                        <i>0.237048 0.92967 -0.281998 -0.970997 0.217408 -0.0994898 -0.0311843 0.297403 0.954243 1.64308 3.17557 -1.98163</i>
                        <i>0.227986 0.933564 -0.27655 -0.973134 0.2091 -0.0963748 -0.0321456 0.291093 0.956155 1.64271 3.17557 -1.9809</i>
                        <i>0.218283 0.937388 -0.271396 -0.975326 0.200134 -0.0931966 -0.0330456 0.285043 0.957945 1.64236 3.17542 -1.9802</i>
                        <i>0.208266 0.940996 -0.266744 -0.977486 0.190811 -0.0900646 -0.0338527 0.279496 0.95955 1.64203 3.17513 -1.97956</i>
                        <i>0.198264 0.944259 -0.262806 -0.97954 0.181438 -0.0870739 -0.0345373 0.274692 0.960912 1.64175 3.17471 -1.979</i>
                        <i>0.188611 0.947063 -0.259802 -0.981425 0.172327 -0.0843058 -0.0350718 0.270877 0.961975 1.64153 3.17418 -1.97856</i>
                        <i>0.179668 0.94929 -0.258009 -0.983089 0.163822 -0.0818391 -0.0354215 0.268349 0.96267 1.64138 3.17355 -1.97826</i>
                        <i>0.171733 0.950876 -0.25757 -0.984501 0.156211 -0.0797213 -0.0355698 0.267269 0.962965 1.64132 3.17283 -1.97814</i>
                        <i>0.16504 0.951805 -0.258513 -0.985647 0.149729 -0.0779796 -0.0355146 0.267672 0.962855 1.64134 3.17205 -1.97818</i>
                        <i>0.159827 0.952055 -0.260859 -0.986515 0.144611 -0.076648 -0.0352501 0.269592 0.962329 1.64145 3.17125 -1.97841</i>
                        <i>0.156327 0.951595 -0.264629 -0.987093 0.141087 -0.0757706 -0.0347672 0.273059 0.961369 1.64166 3.17044 -1.97881</i>
                        <i>0.154771 0.950385 -0.269841 -0.987363 0.139384 -0.0754053 -0.0340527 0.278102 0.959948 1.64195 3.16965 -1.9794</i>
                        <i>0.155391 0.948367 -0.276505 -0.987299 0.13972 -0.0756276 -0.0330895 0.284745 0.958032 1.64234 3.1689 -1.98017</i>
                        <i>0.15841 0.94546 -0.284626 -0.986859 0.142306 -0.0765341 -0.031856 0.293009 0.955579 1.64282 3.16821 -1.98113</i>
                    </KeyFrames>
                </p>
            </i>
            <i>
                <p>
                    <Name><![CDATA[head_prop]]></Name>
                    <Exclude>0</Exclude>
                    <Additive>0</Additive>
                    <IKPriority>0</IKPriority>
                    <IKRotLimits>-1e+010 -1e+010 -1e+010 1e+010 1e+010 1e+010</IKRotLimits>
                    <IKRotLimitOrder>0</IKRotLimitOrder>
                    <KeyFrames count="30">
                        <i>0.031856 -0.293009 -0.955579 0.15841 0.94546 -0.284626 0.986859 -0.142306 0.0765341 1.69445 3.47634 -2.07389</i>
                        <i>0.0307292 -0.300339 -0.953338 0.164034 0.942372 -0.291597 0.985976 -0.147419 0.0782239 1.69671 3.47493 -2.07701</i>
                        <i>0.0296706 -0.307046 -0.951232 0.172897 0.938883 -0.297667 0.984493 -0.155633 0.0809444 1.69998 3.47363 -2.07976</i>
                        <i>0.028702 -0.313041 -0.949306 0.184155 0.935097 -0.302788 0.982478 -0.166129 0.0844874 1.704 3.47245 -2.08212</i>
                        <i>0.0278457 -0.318236 -0.947603 0.196967 0.931132 -0.306916 0.980015 -0.1781 0.0886101 1.70848 3.47142 -2.08406</i>
                        <i>0.0271238 -0.322541 -0.946167 0.210495 0.927135 -0.310019 0.977219 -0.190754 0.0930407 1.71314 3.47054 -2.08557</i>
                        <i>0.0265583 -0.325868 -0.945042 0.223908 0.923295 -0.312077 0.974248 -0.203314 0.0974857 1.7177 3.46985 -2.08662</i>
                        <i>0.0261704 -0.328128 -0.944271 0.236387 0.919836 -0.313086 0.971307 -0.215019 0.101638 1.7219 3.46941 -2.08721</i>
                        <i>0.0259802 -0.32923 -0.943892 0.24712 0.917021 -0.313056 0.968637 -0.225121 0.105184 1.72546 3.46926 -2.08733</i>
                        <i>0.0260056 -0.329083 -0.943943 0.255304 0.915135 -0.312007 0.966511 -0.232878 0.107815 1.72812 3.46948 -2.08697</i>
                        <i>0.0262753 -0.327519 -0.944479 0.260104 0.914503 -0.309888 0.965223 -0.237521 0.109218 1.72959 3.47015 -2.0861</i>
                        <i>0.0267775 -0.324584 -0.945478 0.261573 0.915138 -0.30676 0.964812 -0.239097 0.109407 1.7299 3.47123 -2.08474</i>
                        <i>0.0274662 -0.320508 -0.946848 0.260494 0.916773 -0.302771 0.965085 -0.238333 0.108671 1.72931 3.47258 -2.08297</i>
                        <i>0.0282953 -0.31552 -0.948497 0.257187 0.91923 -0.298112 0.965947 -0.235506 0.107158 1.72795 3.47409 -2.08088</i>
                        <i>0.0292199 -0.309852 -0.950336 0.251966 0.922323 -0.292972 0.967295 -0.230892 0.105022 1.72592 3.47564 -2.07855</i>
                        <i>0.0301964 -0.303735 -0.952278 0.245148 0.925865 -0.287537 0.969015 -0.224767 0.102418 1.72334 3.47714 -2.07608</i>
                        <i>0.0311843 -0.297403 -0.954243 0.237048 0.92967 -0.281998 0.970997 -0.217408 0.0994898 1.72033 3.47856 -2.07354</i>
                        <i>0.0321456 -0.291093 -0.956155 0.227986 0.933564 -0.27655 0.973134 -0.2091 0.0963748 1.71701 3.47983 -2.07103</i>
                        <i>0.0330456 -0.285043 -0.957945 0.218283 0.937388 -0.271396 0.975326 -0.200134 0.0931966 1.7135 3.48093 -2.06865</i>
                        <i>0.0338527 -0.279496 -0.95955 0.208266 0.940996 -0.266744 0.977486 -0.190811 0.0900646 1.70991 3.48181 -2.06649</i>
                        <i>0.0345373 -0.274692 -0.960912 0.198264 0.944259 -0.262806 0.97954 -0.181438 0.0870739 1.70637 3.48246 -2.06465</i>
                        <i>0.0350718 -0.270877 -0.961975 0.188611 0.947063 -0.259802 0.981425 -0.172327 0.0843058 1.703 3.48284 -2.06323</i>
                        <i>0.0354215 -0.268349 -0.96267 0.179668 0.94929 -0.258009 0.983089 -0.163822 0.0818391 1.69994 3.48293 -2.06235</i>
                        <i>0.0355698 -0.267269 -0.962965 0.171733 0.950876 -0.25757 0.984501 -0.156211 0.0797213 1.69729 3.48273 -2.06208</i>
                        <i>0.0355146 -0.267672 -0.962855 0.16504 0.951805 -0.258513 0.985647 -0.149729 0.0779796 1.69513 3.48226 -2.06243</i>
                        <i>0.0352501 -0.269592 -0.962329 0.159827 0.952055 -0.260859 0.986515 -0.144611 0.076648 1.69354 3.48153 -2.06342</i>
                        <i>0.0347672 -0.273059 -0.961369 0.156327 0.951595 -0.264629 0.987093 -0.141087 0.0757706 1.6926 3.48057 -2.06505</i>
                        <i>0.0340527 -0.278102 -0.959948 0.154771 0.950385 -0.269841 0.987363 -0.139384 0.0754053 1.69239 3.47939 -2.06734</i>
                        <i>0.0330895 -0.284745 -0.958032 0.155391 0.948367 -0.276505 0.987299 -0.13972 0.0756276 1.69298 3.47798 -2.07028</i>
                        <i>0.031856 -0.293009 -0.955579 0.15841 0.94546 -0.284626 0.986859 -0.142306 0.0765341 1.69445 3.47634 -2.07389</i>
                    </KeyFrames>
                </p>
            </i>
            <i>
                <p>
                    <Name><![CDATA[l_clav]]></Name>
                    <Exclude>0</Exclude>
                    <Additive>0</Additive>
                    <IKPriority>0</IKPriority>
                    <IKRotLimits>-1e+010 -1e+010 -1e+010 1e+010 1e+010 1e+010</IKRotLimits>
                    <IKRotLimitOrder>0</IKRotLimitOrder>
                    <KeyFrames count="30">
                        <i>-0.847297 0.520978 -0.103296 0.531084 0.828782 -0.17627 -0.00622315 -0.204212 -0.978907 1.53542 2.97903 -1.95902</i>
                        <i>-0.845041 0.523817 -0.107337 0.534656 0.825149 -0.182407 -0.00697891 -0.21153 -0.977347 1.53513 2.9792 -1.95844</i>
                        <i>-0.842444 0.527172 -0.111253 0.538729 0.821281 -0.1878 -0.00763291 -0.218146 -0.975886 1.53486 2.97958 -1.95791</i>
                        <i>-0.839608 0.530887 -0.114968 0.543132 0.817307 -0.1924 -0.00817824 -0.223983 -0.974559 1.53462 2.98014 -1.95744</i>
                        <i>-0.836635 0.534812 -0.1184 0.547694 0.813358 -0.196162 -0.00860802 -0.228963 -0.973397 1.53441 2.98083 -1.95702</i>
                        <i>-0.833633 0.538798 -0.121461 0.552247 0.80957 -0.199048 -0.00891546 -0.23301 -0.972433 1.53424 2.98163 -1.95668</i>
                        <i>-0.830713 0.542702 -0.124058 0.556627 0.806075 -0.201021 -0.00909408 -0.236045 -0.9717 1.53411 2.98249 -1.95642</i>
                        <i>-0.82799 0.546382 -0.126095 0.560669 0.803012 -0.202046 -0.00913801 -0.23799 -0.971225 1.53402 2.98337 -1.95624</i>
                        <i>-0.82558 0.549697 -0.127476 0.564212 0.800515 -0.202091 -0.00904213 -0.238766 -0.971035 1.53397 2.98424 -1.95615</i>
                        <i>-0.823605 0.552507 -0.128104 0.567095 0.798719 -0.201123 -0.00880275 -0.238293 -0.971153 1.53398 2.98506 -1.95616</i>
                        <i>-0.822207 0.554645 -0.127842 0.569126 0.797795 -0.199046 -0.00840867 -0.236415 -0.971616 1.53404 2.9858 -1.95628</i>
                        <i>-0.821466 0.556009 -0.126683 0.570204 0.797794 -0.195941 -0.0078785 -0.233194 -0.972398 1.53416 2.98641 -1.95652</i>
                        <i>-0.821403 0.556541 -0.124734 0.570302 0.798672 -0.192038 -0.00725522 -0.228877 -0.973428 1.53432 2.98688 -1.95684</i>
                        <i>-0.822041 0.556182 -0.122112 0.569391 0.800384 -0.187561 -0.00658155 -0.223712 -0.974633 1.53452 2.98716 -1.95724</i>
                        <i>-0.823393 0.554867 -0.118936 0.56744 0.802883 -0.18273 -0.00589896 -0.217947 -0.975943 1.53475 2.98723 -1.95769</i>
                        <i>-0.825408 0.552626 -0.115353 0.564512 0.806062 -0.177737 -0.00524071 -0.211824 -0.977294 1.53499 2.98707 -1.95817</i>
                        <i>-0.827925 0.549636 -0.111538 0.56082 0.809718 -0.172735 -0.0046272 -0.205564 -0.978633 1.53524 2.98673 -1.95867</i>
                        <i>-0.830797 0.546064 -0.107658 0.55656 0.813668 -0.167885 -0.00407777 -0.199397 -0.97991 1.53549 2.98624 -1.95917</i>
                        <i>-0.833881 0.542081 -0.103875 0.551932 0.817732 -0.163353 -0.00360899 -0.193549 -0.981084 1.53573 2.98563 -1.95965</i>
                        <i>-0.837036 0.537868 -0.100342 0.547138 0.821741 -0.159313 -0.00323486 -0.188252 -0.982116 1.53595 2.98492 -1.96009</i>
                        <i>-0.840126 0.53361 -0.0972055 0.542384 0.825531 -0.155944 -0.00296695 -0.183735 -0.982971 1.53614 2.98414 -1.96046</i>
                        <i>-0.843019 0.529499 -0.0946075 0.537877 0.828944 -0.153428 -0.00281543 -0.18023 -0.98362 1.53629 2.98333 -1.96076</i>
                        <i>-0.845573 0.525748 -0.0927129 0.533853 0.831804 -0.151999 -0.0027944 -0.178022 -0.984023 1.53639 2.98252 -1.96096</i>
                        <i>-0.847687 0.522527 -0.09161 0.530489 0.833993 -0.151779 -0.00290644 -0.177259 -0.98416 1.53644 2.98172 -1.96105</i>
                        <i>-0.849294 0.519962 -0.091322 0.527911 0.835445 -0.15278 -0.0031449 -0.177965 -0.984032 1.53642 2.98098 -1.96101</i>
                        <i>-0.850327 0.518173 -0.0918764 0.526243 0.836086 -0.155012 -0.00350619 -0.18016 -0.983631 1.53634 2.98031 -1.96086</i>
                        <i>-0.850717 0.517276 -0.093306 0.525609 0.835835 -0.158481 -0.00398984 -0.183865 -0.982943 1.53621 2.97975 -1.96059</i>
                        <i>-0.850394 0.51738 -0.0956512 0.526127 0.834602 -0.163187 -0.0045987 -0.189098 -0.981948 1.53601 2.97933 -1.9602</i>
                        <i>-0.849281 0.518584 -0.0989614 0.527915 0.832288 -0.169122 -0.00533957 -0.195875 -0.980614 1.53575 2.97908 -1.95967</i>
                        <i>-0.847297 0.520978 -0.103296 0.531084 0.828782 -0.17627 -0.00622315 -0.204212 -0.978907 1.53542 2.97903 -1.95902</i>
                    </KeyFrames>
                </p>
            </i>
            <i>
                <p>
                    <Name><![CDATA[l_shoulder]]></Name>
                    <Exclude>0</Exclude>
                    <Additive>0</Additive>
                    <IKPriority>0</IKPriority>
                    <IKRotLimits>-1e+010 -1e+010 -1e+010 1e+010 1e+010 1e+010</IKRotLimits>
                    <IKRotLimitOrder>0</IKRotLimitOrder>
                    <KeyFrames count="30">
                        <i>-0.986873 -0.145134 -0.0708363 -0.092494 0.867494 -0.488774 0.132388 -0.475806 -0.86953 1.36801 3.08196 -1.97943</i>
                        <i>-0.987068 -0.142711 -0.0730143 -0.0884337 0.86466 -0.494512 0.133705 -0.48166 -0.866098 1.36817 3.08269 -1.97965</i>
                        <i>-0.987105 -0.141286 -0.0752441 -0.0852344 0.861801 -0.500035 0.135493 -0.487173 -0.86273 1.36841 3.08374 -1.97989</i>
                        <i>-0.987007 -0.140772 -0.0774563 -0.0828674 0.859 -0.505225 0.137657 -0.492242 -0.859505 1.36873 3.08503 -1.98015</i>
                        <i>-0.986794 -0.141083 -0.079586 -0.0813027 0.856342 -0.509969 0.140101 -0.496764 -0.856503 1.36911 3.0865 -1.98042</i>
                        <i>-0.986482 -0.142126 -0.0815719 -0.0805101 0.853909 -0.514158 0.14273 -0.50064 -0.853808 1.36953 3.08808 -1.98068</i>
                        <i>-0.986089 -0.143806 -0.0833546 -0.0804598 0.851782 -0.517681 0.145446 -0.503773 -0.851504 1.36998 3.08971 -1.98093</i>
                        <i>-0.985633 -0.146027 -0.0848763 -0.0811226 0.850041 -0.520431 0.148146 -0.506069 -0.849675 1.37042 3.09132 -1.98115</i>
                        <i>-0.98513 -0.148692 -0.0860795 -0.0824711 0.848764 -0.522301 0.150723 -0.507436 -0.848405 1.37086 3.09285 -1.98133</i>
                        <i>-0.984598 -0.151701 -0.0869069 -0.0844784 0.848022 -0.523185 0.153066 -0.507785 -0.847777 1.37125 3.09422 -1.98147</i>
                        <i>-0.984054 -0.154985 -0.0872788 -0.0871643 0.847916 -0.522916 0.155049 -0.50697 -0.847904 1.37159 3.09538 -1.98154</i>
                        <i>-0.98352 -0.158394 -0.0871753 -0.0904181 0.848452 -0.521492 0.156565 -0.505016 -0.848791 1.37186 3.09627 -1.98155</i>
                        <i>-0.983029 -0.161714 -0.0866231 -0.09402 0.849561 -0.519044 0.157528 -0.50209 -0.850347 1.37203 3.09684 -1.98149</i>
                        <i>-0.982613 -0.164734 -0.0856441 -0.0977508 0.851175 -0.515699 0.157852 -0.498361 -0.852478 1.37211 3.09705 -1.98137</i>
                        <i>-0.982308 -0.167249 -0.0842558 -0.101392 0.853228 -0.511587 0.157452 -0.493993 -0.855091 1.37206 3.09686 -1.98119</i>
                        <i>-0.982131 -0.16915 -0.082504 -0.104784 0.855634 -0.506864 0.156329 -0.489162 -0.858069 1.37191 3.09626 -1.98096</i>
                        <i>-0.982069 -0.170477 -0.0804858 -0.107865 0.858265 -0.501743 0.154614 -0.484065 -0.861264 1.37166 3.09533 -1.98071</i>
                        <i>-0.982111 -0.171253 -0.0782935 -0.11056 0.861006 -0.496432 0.152426 -0.478895 -0.864538 1.37135 3.09413 -1.98044</i>
                        <i>-0.982248 -0.171494 -0.0760221 -0.112792 0.863747 -0.491141 0.149891 -0.473848 -0.867756 1.37098 3.09273 -1.98017</i>
                        <i>-0.982469 -0.171213 -0.0737676 -0.114485 0.866379 -0.486088 0.147135 -0.469121 -0.870791 1.37057 3.09119 -1.97991</i>
                        <i>-0.982765 -0.17042 -0.0716278 -0.115564 0.868798 -0.481492 0.144286 -0.464915 -0.873519 1.37015 3.08957 -1.97967</i>
                        <i>-0.983128 -0.169119 -0.0697014 -0.115955 0.870904 -0.477577 0.141471 -0.461437 -0.87582 1.36973 3.08795 -1.97945</i>
                        <i>-0.983553 -0.167291 -0.0681024 -0.115552 0.872576 -0.474614 0.138823 -0.458938 -0.877556 1.36933 3.08639 -1.97928</i>
                        <i>-0.984027 -0.164965 -0.0669099 -0.11433 0.87374 -0.472766 0.136452 -0.457565 -0.878644 1.36895 3.08496 -1.97915</i>
                        <i>-0.984533 -0.16222 -0.0661704 -0.112336 0.874356 -0.472104 0.134441 -0.457369 -0.879056 1.36862 3.08371 -1.97906</i>
                        <i>-0.985053 -0.159136 -0.0659299 -0.109619 0.874381 -0.472695 0.132871 -0.458402 -0.878756 1.36834 3.08269 -1.97902</i>
                        <i>-0.985566 -0.155795 -0.0662334 -0.106227 0.873767 -0.474602 0.131813 -0.460716 -0.877705 1.36812 3.08195 -1.97903</i>
                        <i>-0.986055 -0.152285 -0.0671244 -0.10221 0.872457 -0.477883 0.131338 -0.464358 -0.875855 1.36799 3.08155 -1.97909</i>
                        <i>-0.986497 -0.148698 -0.0686452 -0.0976159 0.870389 -0.482592 0.131509 -0.469375 -0.873151 1.36795 3.08154 -1.97923</i>
                        <i>-0.986873 -0.145134 -0.0708363 -0.092494 0.867494 -0.488774 0.132388 -0.475806 -0.86953 1.36801 3.08196 -1.97943</i>
                    </KeyFrames>
                </p>
            </i>
            <i>
                <p>
                    <Name><![CDATA[l_elbow]]></Name>
                    <Exclude>0</Exclude>
                    <Additive>0</Additive>
                    <IKPriority>0</IKPriority>
                    <IKRotLimits>-1e+010 -1e+010 -1e+010 1e+010 1e+010 1e+010</IKRotLimits>
                    <IKRotLimitOrder>0</IKRotLimitOrder>
                    <KeyFrames count="30">
                        <i>-0.202471 -0.498989 -0.842624 -0.0920839 0.866334 -0.490903 0.974949 -0.0218014 -0.221356 1.047 3.03475 -2.00247</i>
                        <i>-0.202751 -0.503662 -0.839772 -0.0880203 0.863486 -0.496633 0.975266 -0.026776 -0.219405 1.0471 3.03627 -2.0034</i>
                        <i>-0.20347 -0.508303 -0.836796 -0.0848165 0.860613 -0.502147 0.9754 -0.0311976 -0.218221 1.04733 3.03778 -2.00437</i>
                        <i>-0.204556 -0.512788 -0.83379 -0.082444 0.8578 -0.507329 0.975377 -0.0350359 -0.217744 1.04768 3.03924 -2.00535</i>
                        <i>-0.205937 -0.516999 -0.830844 -0.0808733 0.85513 -0.512066 0.975218 -0.0382603 -0.217915 1.04813 3.04061 -2.0063</i>
                        <i>-0.207543 -0.520822 -0.828052 -0.080074 0.852688 -0.516247 0.974943 -0.040838 -0.218674 1.04865 3.04185 -2.00721</i>
                        <i>-0.209299 -0.524149 -0.825507 -0.0800169 0.850554 -0.519765 0.974572 -0.0427319 -0.219961 1.04923 3.04294 -2.00804</i>
