<?xml version="1.0" encoding="ISO-8859-1" ?>
<Animl Version="1">
    <ModellingPackage><![CDATA[Maya.2010]]></ModellingPackage>
    <SrcFile><![CDATA[anims\turrets\artillery\blue\~src\artillery_m270\artillery_m270_idle_crewman_b.mb]]></SrcFile>
    <FramesPerSecond>30</FramesPerSecond>
    <TotalFrames>60</TotalFrames>
    <Skeleton>
        <RefFrame>
            <Name><![CDATA[soldier_ref_frame]]></Name>
            <Exclude>0</Exclude>
            <Additive>0</Additive>
            <IKPriority>0</IKPriority>
            <IKRotLimits>-1e+010 -1e+010 -1e+010 1e+010 1e+010 1e+010</IKRotLimits>
            <IKRotLimitOrder>0</IKRotLimitOrder>
            <KeyFrames count="60">
                <i>1 0 0 0 1 0 0 0 1 2.92 5.4 0.95</i>
                <i>1 0 0 0 1 0 0 0 1 2.92 5.4 0.95</i>
                <i>1 0 0 0 1 0 0 0 1 2.92 5.4 0.95</i>
                <i>1 0 0 0 1 0 0 0 1 2.92 5.4 0.95</i>
                <i>1 0 0 0 1 0 0 0 1 2.92 5.4 0.95</i>
                <i>1 0 0 0 1 0 0 0 1 2.92 5.4 0.95</i>
                <i>1 0 0 0 1 0 0 0 1 2.92 5.4 0.95</i>
                <i>1 0 0 0 1 0 0 0 1 2.92 5.4 0.95</i>
                <i>1 0 0 0 1 0 0 0 1 2.92 5.4 0.95</i>
                <i>1 0 0 0 1 0 0 0 1 2.92 5.4 0.95</i>
                <i>1 0 0 0 1 0 0 0 1 2.92 5.4 0.95</i>
                <i>1 0 0 0 1 0 0 0 1 2.92 5.4 0.95</i>
                <i>1 0 0 0 1 0 0 0 1 2.92 5.4 0.95</i>
                <i>1 0 0 0 1 0 0 0 1 2.92 5.4 0.95</i>
                <i>1 0 0 0 1 0 0 0 1 2.92 5.4 0.95</i>
                <i>1 0 0 0 1 0 0 0 1 2.92 5.4 0.95</i>
                <i>1 0 0 0 1 0 0 0 1 2.92 5.4 0.95</i>
                <i>1 0 0 0 1 0 0 0 1 2.92 5.4 0.95</i>
                <i>1 0 0 0 1 0 0 0 1 2.92 5.4 0.95</i>
                <i>1 0 0 0 1 0 0 0 1 2.92 5.4 0.95</i>
                <i>1 0 0 0 1 0 0 0 1 2.92 5.4 0.95</i>
                <i>1 0 0 0 1 0 0 0 1 2.92 5.4 0.95</i>
                <i>1 0 0 0 1 0 0 0 1 2.92 5.4 0.95</i>
                <i>1 0 0 0 1 0 0 0 1 2.92 5.4 0.95</i>
                <i>1 0 0 0 1 0 0 0 1 2.92 5.4 0.95</i>
                <i>1 0 0 0 1 0 0 0 1 2.92 5.4 0.95</i>
                <i>1 0 0 0 1 0 0 0 1 2.92 5.4 0.95</i>
                <i>1 0 0 0 1 0 0 0 1 2.92 5.4 0.95</i>
                <i>1 0 0 0 1 0 0 0 1 2.92 5.4 0.95</i>
                <i>1 0 0 0 1 0 0 0 1 2.92 5.4 0.95</i>
                <i>1 0 0 0 1 0 0 0 1 2.92 5.4 0.95</i>
                <i>1 0 0 0 1 0 0 0 1 2.92 5.4 0.95</i>
                <i>1 0 0 0 1 0 0 0 1 2.92 5.4 0.95</i>
                <i>1 0 0 0 1 0 0 0 1 2.92 5.4 0.95</i>
                <i>1 0 0 0 1 0 0 0 1 2.92 5.4 0.95</i>
                <i>1 0 0 0 1 0 0 0 1 2.92 5.4 0.95</i>
                <i>1 0 0 0 1 0 0 0 1 2.92 5.4 0.95</i>
                <i>1 0 0 0 1 0 0 0 1 2.92 5.4 0.95</i>
                <i>1 0 0 0 1 0 0 0 1 2.92 5.4 0.95</i>
                <i>1 0 0 0 1 0 0 0 1 2.92 5.4 0.95</i>
                <i>1 0 0 0 1 0 0 0 1 2.92 5.4 0.95</i>
                <i>1 0 0 0 1 0 0 0 1 2.92 5.4 0.95</i>
                <i>1 0 0 0 1 0 0 0 1 2.92 5.4 0.95</i>
                <i>1 0 0 0 1 0 0 0 1 2.92 5.4 0.95</i>
                <i>1 0 0 0 1 0 0 0 1 2.92 5.4 0.95</i>
                <i>1 0 0 0 1 0 0 0 1 2.92 5.4 0.95</i>
                <i>1 0 0 0 1 0 0 0 1 2.92 5.4 0.95</i>
                <i>1 0 0 0 1 0 0 0 1 2.92 5.4 0.95</i>
                <i>1 0 0 0 1 0 0 0 1 2.92 5.4 0.95</i>
                <i>1 0 0 0 1 0 0 0 1 2.92 5.4 0.95</i>
                <i>1 0 0 0 1 0 0 0 1 2.92 5.4 0.95</i>
                <i>1 0 0 0 1 0 0 0 1 2.92 5.4 0.95</i>
                <i>1 0 0 0 1 0 0 0 1 2.92 5.4 0.95</i>
                <i>1 0 0 0 1 0 0 0 1 2.92 5.4 0.95</i>
                <i>1 0 0 0 1 0 0 0 1 2.92 5.4 0.95</i>
                <i>1 0 0 0 1 0 0 0 1 2.92 5.4 0.95</i>
                <i>1 0 0 0 1 0 0 0 1 2.92 5.4 0.95</i>
                <i>1 0 0 0 1 0 0 0 1 2.92 5.4 0.95</i>
                <i>1 0 0 0 1 0 0 0 1 2.92 5.4 0.95</i>
                <i>1 0 0 0 1 0 0 0 1 2.92 5.4 0.95</i>
            </KeyFrames>
        </RefFrame>
        <Bones count="23">
            <i>
                <p>
                    <Name><![CDATA[pelvis]]></Name>
                    <Exclude>0</Exclude>
                    <Additive>0</Additive>
                    <IKPriority>0</IKPriority>
                    <IKRotLimits>-1e+010 -1e+010 -1e+010 1e+010 1e+010 1e+010</IKRotLimits>
                    <IKRotLimitOrder>2</IKRotLimitOrder>
                    <KeyFrames count="60">
                        <i>1 0 0 0 1 0 0 0 1 2.92034 6.40087 0.987897</i>
                        <i>1 0 0 0 1 0 0 0 1 2.926 6.40461 0.989051</i>
                        <i>1 0 0 0 1 0 0 0 1 2.9315 6.40915 0.990827</i>
                        <i>1 0 0 0 1 0 0 0 1 2.93588 6.41328 0.993111</i>
                        <i>1 0 0 0 1 0 0 0 1 2.93818 6.41584 0.995791</i>
                        <i>1 0 0 0 1 0 0 0 1 2.93746 6.41564 0.998755</i>
                        <i>1 0 0 0 1 0 0 0 1 2.93409 6.41286 1.00189</i>
                        <i>1 0 0 0 1 0 0 0 1 2.92929 6.40872 1.00508</i>
                        <i>1 0 0 0 1 0 0 0 1 2.92342 6.40361 1.00822</i>
                        <i>1 0 0 0 1 0 0 0 1 2.91682 6.39789 1.01119</i>
                        <i>1 0 0 0 1 0 0 0 1 2.90981 6.39193 1.01388</i>
                        <i>1 0 0 0 1 0 0 0 1 2.90274 6.3861 1.01618</i>
                        <i>1 0 0 0 1 0 0 0 1 2.89595 6.38077 1.01798</i>
                        <i>1 0 0 0 1 0 0 0 1 2.88978 6.37632 1.01915</i>
                        <i>1 0 0 0 1 0 0 0 1 2.88457 6.3731 1.0196</i>
                        <i>1 0 0 0 1 0 0 0 1 2.88017 6.37085 1.01837</i>
                        <i>1 0 0 0 1 0 0 0 1 2.87619 6.36905 1.01506</i>
                        <i>1 0 0 0 1 0 0 0 1 2.87261 6.36765 1.01033</i>
                        <i>1 0 0 0 1 0 0 0 1 2.86941 6.36665 1.00485</i>
                        <i>1 0 0 0 1 0 0 0 1 2.86658 6.366 0.999296</i>
                        <i>1 0 0 0 1 0 0 0 1 2.86411 6.36568 0.994327</i>
                        <i>1 0 0 0 1 0 0 0 1 2.86196 6.36566 0.990619</i>
                        <i>1 0 0 0 1 0 0 0 1 2.86013 6.36592 0.988839</i>
                        <i>1 0 0 0 1 0 0 0 1 2.85859 6.36643 0.988475</i>
                        <i>1 0 0 0 1 0 0 0 1 2.85733 6.36715 0.988533</i>
                        <i>1 0 0 0 1 0 0 0 1 2.85633 6.36807 0.98896</i>
                        <i>1 0 0 0 1 0 0 0 1 2.85558 6.36916 0.989706</i>
                        <i>1 0 0 0 1 0 0 0 1 2.85505 6.37038 0.990719</i>
                        <i>1 0 0 0 1 0 0 0 1 2.85473 6.37171 0.991946</i>
                        <i>1 0 0 0 1 0 0 0 1 2.8546 6.37312 0.993335</i>
                        <i>1 0 0 0 1 0 0 0 1 2.85464 6.37459 0.994836</i>
                        <i>1 0 0 0 1 0 0 0 1 2.85484 6.37609 0.996396</i>
                        <i>1 0 0 0 1 0 0 0 1 2.85517 6.37758 0.997964</i>
                        <i>1 0 0 0 1 0 0 0 1 2.85562 6.37905 0.999487</i>
                        <i>1 0 0 0 1 0 0 0 1 2.85617 6.38046 1.00091</i>
                        <i>1 0 0 0 1 0 0 0 1 2.85681 6.38179 1.00219</i>
                        <i>1 0 0 0 1 0 0 0 1 2.85751 6.38301 1.00327</i>
                        <i>1 0 0 0 1 0 0 0 1 2.85826 6.38409 1.0041</i>
                        <i>1 0 0 0 1 0 0 0 1 2.85905 6.38501 1.00462</i>
                        <i>1 0 0 0 1 0 0 0 1 2.85984 6.38573 1.00479</i>
                        <i>1 0 0 0 1 0 0 0 1 2.86075 6.38624 1.00459</i>
                        <i>1 0 0 0 1 0 0 0 1 2.86189 6.38656 1.00406</i>
                        <i>1 0 0 0 1 0 0 0 1 2.86327 6.38671 1.00326</i>
                        <i>1 0 0 0 1 0 0 0 1 2.86487 6.38675 1.00221</i>
                        <i>1 0 0 0 1 0 0 0 1 2.86669 6.38671 1.00096</i>
                        <i>1 0 0 0 1 0 0 0 1 2.86875 6.38662 0.999568</i>
                        <i>1 0 0 0 1 0 0 0 1 2.87102 6.38652 0.99806</i>
                        <i>1 0 0 0 1 0 0 0 1 2.87352 6.38644 0.996485</i>
                        <i>1 0 0 0 1 0 0 0 1 2.87624 6.38643 0.994884</i>
                        <i>1 0 0 0 1 0 0 0 1 2.87918 6.38652 0.993302</i>
                        <i>1 0 0 0 1 0 0 0 1 2.88234 6.38674 0.991781</i>
                        <i>1 0 0 0 1 0 0 0 1 2.88571 6.38714 0.990364</i>
                        <i>1 0 0 0 1 0 0 0 1 2.8893 6.38774 0.989093</i>
                        <i>1 0 0 0 1 0 0 0 1 2.89311 6.38859 0.988011</i>
                        <i>1 0 0 0 1 0 0 0 1 2.89712 6.38972 0.987161</i>
                        <i>1 0 0 0 1 0 0 0 1 2.90135 6.39116 0.986587</i>
                        <i>1 0 0 0 1 0 0 0 1 2.90579 6.39297 0.986331</i>
                        <i>1 0 0 0 1 0 0 0 1 2.91043 6.39516 0.986435</i>
                        <i>1 0 0 0 1 0 0 0 1 2.91528 6.39778 0.986943</i>
                        <i>1 0 0 0 1 0 0 0 1 2.92034 6.40087 0.987897</i>
                    </KeyFrames>
                </p>
            </i>
            <i>
                <p>
                    <Name><![CDATA[spine0]]></Name>
                    <Exclude>0</Exclude>
                    <Additive>0</Additive>
                    <IKPriority>0</IKPriority>
                    <IKRotLimits>-1e+010 -1e+010 -1e+010 1e+010 1e+010 1e+010</IKRotLimits>
                    <IKRotLimitOrder>0</IKRotLimitOrder>
                    <KeyFrames count="60">
                        <i>-0.0473074 0.982305 0.181217 -0.994955 -0.0302722 -0.0956432 -0.0884649 -0.184828 0.978781 2.90934 6.54073 0.956032</i>
                        <i>-0.0477006 0.982552 0.179768 -0.994962 -0.03085 -0.0953922 -0.0881819 -0.183413 0.979073 2.91454 6.54446 0.957322</i>
                        <i>-0.0490855 0.983525 0.17398 -0.994956 -0.0328921 -0.0947674 -0.0874836 -0.177754 0.980179 2.91894 6.54897 0.959421</i>
                        <i>-0.0507219 0.985041 0.164687 -0.994952 -0.0355415 -0.093851 -0.0865939 -0.168616 0.981871 2.922 6.55307 0.962093</i>
                        <i>-0.0518968 0.98692 0.15263 -0.994948 -0.0379451 -0.0929426 -0.0859353 -0.156683 0.983903 2.9232 6.55559 0.965098</i>
                        <i>-0.0518917 0.988748 0.140302 -0.994942 -0.0390862 -0.0925349 -0.0860098 -0.144395 0.985775 2.92201 6.55536 0.968199</i>
                        <i>-0.0508121 0.990216 0.129961 -0.994966 -0.0389373 -0.0923358 -0.0863721 -0.133998 0.98721 2.91873 6.55255 0.971116</i>
                        <i>-0.0494113 0.991423 0.120991 -0.995042 -0.0383946 -0.0917501 -0.0863178 -0.124925 0.988404 2.91421 6.5483 0.973678</i>
                        <i>-0.0479376 0.992323 0.114004 -0.995155 -0.0376398 -0.0908261 -0.0858378 -0.117806 0.98932 2.90874 6.543 0.975805</i>
                        <i>-0.0466257 0.992874 0.109667 -0.995296 -0.0368421 -0.0896062 -0.0849273 -0.113329 0.989921 2.90262 6.53701 0.977417</i>
                        <i>-0.0460818 0.99289 0.109758 -0.995438 -0.0364535 -0.088169 -0.083541 -0.11332 0.99004 2.89616 6.53069 0.978434</i>
                        <i>-0.0464075 0.992252 0.115253 -0.995578 -0.036509 -0.0865586 -0.0816802 -0.11876 0.989558 2.88965 6.5244 0.978778</i>
                        <i>-0.0470358 0.991053 0.124905 -0.995726 -0.0365684 -0.0848126 -0.0794862 -0.12836 0.988537 2.8834 6.51851 0.97837</i>
                        <i>-0.0475299 0.989518 0.136363 -0.995882 -0.0363924 -0.0830377 -0.0772047 -0.139748 0.987173 2.87773 6.51338 0.977133</i>
                        <i>-0.0476326 0.987785 0.148367 -0.996039 -0.0358058 -0.0813897 -0.0750831 -0.151656 0.985578 2.87295 6.50937 0.974989</i>
                        <i>-0.0473205 0.985931 0.160315 -0.996181 -0.0347902 -0.0800864 -0.0733823 -0.163492 0.983812 2.86889 6.50631 0.971251</i>
                        <i>-0.0467603 0.984196 0.170796 -0.996282 -0.0335646 -0.0793477 -0.0723611 -0.173871 0.982106 2.86516 6.50378 0.965861</i>
                        <i>-0.0462103 0.982898 0.178258 -0.996319 -0.0324525 -0.0793382 -0.0721964 -0.181268 0.98078 2.86172 6.50186 0.959678</i>
                        <i>-0.0454063 0.98218 0.182377 -0.996335 -0.031278 -0.0796113 -0.0724882 -0.185323 0.98 2.8588 6.50056 0.953356</i>
                        <i>-0.0440018 0.982257 0.182306 -0.996376 -0.029852 -0.0796464 -0.072791 -0.18515 0.980011 2.85657 6.4998 0.947403</i>
                        <i>-0.0421017 0.983123 0.178033 -0.996433 -0.0282741 -0.0795055 -0.07313 -0.180746 0.980807 2.85496 6.49955 0.942454</i>
                        <i>-0.0398182 0.98462 0.17011 -0.996498 -0.0266024 -0.0792746 -0.07353 -0.172671 0.982231 2.85388 6.49976 0.939146</i>
                        <i>-0.0372821 0.986349 0.160395 -0.996562 -0.0248147 -0.079042 -0.0739828 -0.16279 0.983883 2.85325 6.50037 0.938118</i>
                        <i>-0.034688 0.987921 0.151028 -0.996621 -0.0229353 -0.0788765 -0.0744598 -0.153253 0.985378 2.85299 6.50131 0.938752</i>
                        <i>-0.0323346 0.989244 0.142658 -0.996663 -0.0212108 -0.0788183 -0.0749446 -0.14473 0.986629 2.85301 6.50248 0.939922</i>
                        <i>-0.0303071 0.990317 0.135474 -0.996689 -0.0197114 -0.07888 -0.0754459 -0.137416 0.987636 2.85321 6.50385 0.941504</i>
                        <i>-0.0285766 0.991223 0.129075 -0.996701 -0.0184423 -0.0790382 -0.075964 -0.130908 0.98848 2.85352 6.50534 0.943373</i>
                        <i>-0.0272852 0.991954 0.123624 -0.996701 -0.0175405 -0.0792382 -0.0764322 -0.125379 0.98916 2.85383 6.50691 0.945403</i>
                        <i>-0.0265679 0.992508 0.119257 -0.996695 -0.017139 -0.0794043 -0.0767654 -0.120972 0.989683 2.85406 6.50852 0.947467</i>
                        <i>-0.0265495 0.992885 0.116079 -0.996687 -0.0173623 -0.079452 -0.0768713 -0.117804 0.990057 2.85411 6.51012 0.94944</i>
                        <i>-0.0270469 0.993119 0.11394 -0.996673 -0.0180238 -0.0794901 -0.0768895 -0.115711 0.990303 2.8541 6.51173 0.951383</i>
                        <i>-0.0277821 0.993247 0.112647 -0.996643 -0.0188413 -0.0796718 -0.0770114 -0.114482 0.990436 2.85418 6.51337 0.953405</i>
                        <i>-0.0287225 0.993268 0.112219 -0.9966 -0.0197824 -0.0799832 -0.0772248 -0.114135 0.990459 2.85434 6.51502 0.955452</i>
                        <i>-0.0298386 0.99317 0.112793 -0.996545 -0.0208079 -0.0804098 -0.0775136 -0.114803 0.990359 2.85457 6.51663 0.95747</i>
                        <i>-0.0310757 0.99293 0.114559 -0.99648 -0.0218488 -0.0809357 -0.0778605 -0.116671 0.990114 2.85485 6.5182 0.959405</i>
                        <i>-0.0323658 0.992533 0.117604 -0.996408 -0.0228301 -0.081544 -0.0782502 -0.119821 0.989707 2.85517 6.51968 0.961202</i>
                        <i>-0.0336497 0.991958 0.122008 -0.996333 -0.0236855 -0.0822177 -0.0786667 -0.124328 0.989118 2.85552 6.52105 0.962808</i>
                        <i>-0.0348875 0.991241 0.127375 -0.996255 -0.0244058 -0.0829426 -0.0791074 -0.129792 0.988381 2.85588 6.52228 0.964168</i>
                        <i>-0.0360541 0.990443 0.133124 -0.996176 -0.0250119 -0.0837069 -0.0795772 -0.135633 0.987558 2.85624 6.52334 0.965227</i>
                        <i>-0.0371277 0.989587 0.139062 -0.996097 -0.0254979 -0.0844977 -0.080072 -0.141657 0.986672 2.85658 6.52421 0.965932</i>
                        <i>-0.0380964 0.988699 0.144996 -0.996019 -0.0258684 -0.0853036 -0.0805887 -0.147668 0.985748 2.85702 6.52485 0.966263</i>
                        <i>-0.0389561 0.987807 0.150732 -0.995942 -0.0261365 -0.0861147 -0.0811251 -0.153475 0.984817 2.85768 6.5253 0.966266</i>
                        <i>-0.0397085 0.986946 0.15608 -0.995867 -0.0263211 -0.0869224 -0.0816795 -0.158887 0.983912 2.85854 6.52558 0.965979</i>
                        <i>-0.0403577 0.986153 0.160854 -0.995794 -0.0264441 -0.0877194 -0.0822511 -0.163718 0.983072 2.85963 6.52574 0.965444</i>
                        <i>-0.0409479 0.985404 0.165231 -0.995723 -0.0265371 -0.0885005 -0.082824 -0.168148 0.982276 2.86093 6.52581 0.964702</i>
                        <i>-0.0415245 0.98466 0.16947 -0.995652 -0.0266254 -0.089261 -0.0833795 -0.17244 0.981485 2.86247 6.52582 0.963791</i>
                        <i>-0.0420914 0.983932 0.173511 -0.995584 -0.0267196 -0.0899959 -0.0839137 -0.176533 0.980711 2.86423 6.52581 0.962753</i>
                        <i>-0.0426508 0.983233 0.177295 -0.995517 -0.0268286 -0.090701 -0.0844236 -0.180369 0.979969 2.86622 6.52583 0.961628</i>
                        <i>-0.0432033 0.982577 0.180762 -0.995452 -0.0269598 -0.0913724 -0.0849072 -0.183888 0.979273 2.86844 6.52589 0.960456</i>
                        <i>-0.0437477 0.981979 0.183855 -0.995389 -0.0271188 -0.092007 -0.085363 -0.187032 0.978638 2.87091 6.52605 0.959278</i>
                        <i>-0.0442815 0.981454 0.186513 -0.995329 -0.0273098 -0.0926016 -0.0857906 -0.189742 0.978079 2.87361 6.52634 0.958134</i>
                        <i>-0.0448002 0.981017 0.188678 -0.995271 -0.0275351 -0.0931535 -0.0861899 -0.191959 0.977611 2.87656 6.52679 0.957064</i>
                        <i>-0.0452978 0.980682 0.190291 -0.995216 -0.0277954 -0.0936599 -0.0865614 -0.193624 0.97725 2.87975 6.52744 0.956109</i>
                        <i>-0.0457664 0.980465 0.191295 -0.995165 -0.0280895 -0.094118 -0.0869061 -0.194677 0.97701 2.8832 6.52833 0.95531</i>
                        <i>-0.0461966 0.98038 0.19163 -0.995117 -0.0284147 -0.0945247 -0.087225 -0.195061 0.976905 2.8869 6.5295 0.954706</i>
                        <i>-0.0465768 0.980438 0.191237 -0.995073 -0.0287662 -0.0948766 -0.0875195 -0.194713 0.976948 2.89086 6.53097 0.954337</i>
                        <i>-0.0468941 0.980652 0.190057 -0.995035 -0.0291373 -0.0951695 -0.0877905 -0.193577 0.977149 2.89508 6.5328 0.954246</i>
                        <i>-0.0471331 0.981031 0.188033 -0.995001 -0.0295193 -0.0953988 -0.0880386 -0.19159 0.977519 2.89957 6.53501 0.954471</i>
                        <i>-0.0472772 0.981581 0.185106 -0.994975 -0.0299018 -0.0955589 -0.0882637 -0.188694 0.978061 2.90432 6.53764 0.955053</i>
                        <i>-0.0473074 0.982305 0.181217 -0.994955 -0.0302722 -0.0956432 -0.0884649 -0.184828 0.978781 2.90934 6.54073 0.956032</i>
                    </KeyFrames>
                </p>
            </i>
            <i>
                <p>
                    <Name><![CDATA[spine1]]></Name>
                    <Exclude>0</Exclude>
                    <Additive>0</Additive>
                    <IKPriority>0</IKPriority>
                    <IKRotLimits>-1e+010 -1e+010 -1e+010 1e+010 1e+010 1e+010</IKRotLimits>
                    <IKRotLimitOrder>0</IKRotLimitOrder>
                    <KeyFrames count="60">
                        <i>0.0393699 0.875298 0.481979 -0.998432 0.0536659 -0.0159042 -0.0397868 -0.480597 0.876039 2.90105 6.71291 0.987774</i>
                        <i>0.0423065 0.870496 0.490354 -0.998124 0.0585626 -0.017847 -0.0442522 -0.48868 0.87134 2.90618 6.71676 0.988821</i>
                        <i>0.0485328 0.870245 0.490222 -0.997541 0.0670792 -0.0203212 -0.0505681 -0.48803 0.871361 2.91035 6.72123 0.989869</i>
                        <i>0.05579 0.875006 0.480888 -0.996772 0.0766613 -0.0238498 -0.0577342 -0.478005 0.876458 2.91314 6.72526 0.990859</i>
                        <i>0.061717 0.884955 0.461569 -0.995971 0.0847491 -0.0293148 -0.0650598 -0.457901 0.88662 2.91414 6.72782 0.991716</i>
                        <i>0.0640984 0.896955 0.437451 -0.995305 0.0893149 -0.0372933 -0.0725213 -0.433007 0.898468 2.91295 6.72786 0.992658</i>
                        <i>0.0634768 0.907034 0.416245 -0.994777 0.090913 -0.0464051 -0.0799331 -0.411125 0.908067 2.90985 6.72553 0.9938</i>
                        <i>0.061836 0.915215 0.398192 -0.994346 0.0909945 -0.0547301 -0.0863232 -0.392557 0.915668 2.90556 6.7219 0.994842</i>
                        <i>0.059399 0.920927 0.385182 -0.994078 0.0897439 -0.0612704 -0.0909933 -0.379262 0.920804 2.90032 6.71727 0.995801</i>
                        <i>0.0563716 0.923678 0.379 -0.994049 0.0873632 -0.0650641 -0.0932089 -0.373077 0.923107 2.89441 6.71194 0.99671</i>
                        <i>0.0527791 0.922688 0.381919 -0.994418 0.0835543 -0.064438 -0.0913671 -0.376386 0.921947 2.88801 6.70617 0.9978</i>
                        <i>0.0488598 0.917177 0.395474 -0.995151 0.0785442 -0.0592101 -0.0853683 -0.390663 0.916567 2.88142 6.7003 0.999173</i>
                        <i>0.0450755 0.907269 0.418128 -0.996036 0.0729463 -0.0509057 -0.076686 -0.414176 0.906961 2.87504 6.69477 1.00055</i>
                        <i>0.0417395 0.894315 0.445486 -0.996892 0.0670941 -0.0412888 -0.0668147 -0.442378 0.894336 2.86925 6.69002 1.00143</i>
                        <i>0.0391142 0.878495 0.476149 -0.997579 0.061751 -0.0319823 -0.057499 -0.473745 0.878783 2.86441 6.68648 1.00154</i>
                        <i>0.0373407 0.860174 0.508632 -0.998024 0.0578413 -0.0245494 -0.0505367 -0.50671 0.860634 2.86037 6.68397 1.00009</i>
                        <i>0.0364341 0.841148 0.539576 -0.998195 0.0564306 -0.0205683 -0.0477495 -0.537852 0.841686 2.85669 6.68208 0.996743</i>
                        <i>0.0363186 0.823939 0.565514 -0.998132 0.0577304 -0.0200092 -0.0491337 -0.563731 0.824496 2.85332 6.68081 0.992066</i>
                        <i>0.0356004 0.81061 0.584504 -0.997993 0.0594833 -0.0217087 -0.0523655 -0.582558 0.811101 2.85051 6.68008 0.98662</i>
                        <i>0.0331251 0.803119 0.594897 -0.997867 0.0600714 -0.0255338 -0.056243 -0.592783 0.803396 2.84851 6.67984 0.980745</i>
                        <i>0.0291857 0.802425 0.596039 -0.99775 0.0593887 -0.0310967 -0.0603508 -0.593791 0.802353 2.84724 6.67999 0.975056</i>
                        <i>0.0240939 0.808271 0.588317 -0.997636 0.0573243 -0.037899 -0.0643576 -0.586013 0.807741 2.84658 6.68043 0.970287</i>
                        <i>0.0181906 0.818807 0.573781 -0.997517 0.0539127 -0.0453111 -0.0680351 -0.571532 0.817754 2.84643 6.68105 0.967428</i>
                        <i>0.011831 0.831371 0.555592 -0.997394 0.0493576 -0.0526183 -0.071168 -0.553522 0.829789 2.84666 6.68176 0.966271</i>
                        <i>0.00528518 0.84499 0.534755 -0.997292 0.0436817 -0.0591668 -0.0733544 -0.532995 0.842933 2.84713 6.68247 0.965814</i>
                        <i>-0.00107272 0.858768 0.512364 -0.997187 0.0374784 -0.0649049 -0.0749409 -0.510992 0.856312 2.84773 6.68319 0.965979</i>
                        <i>-0.00679798 0.87207 0.489335 -0.997042 0.031554 -0.0700852 -0.0765597 -0.488364 0.869275 2.84837 6.68397 0.966581</i>
                        <i>-0.0114962 0.884206 0.466955 -0.996877 0.0263534 -0.0744444 -0.0781301 -0.466352 0.881142 2.84894 6.68483 0.967528</i>
                        <i>-0.0147583 0.89461 0.446604 -0.996723 0.0223654 -0.0777384 -0.0795341 -0.446287 0.891348 2.84932 6.68576 0.968721</i>
                        <i>-0.0161656 0.902817 0.42972 -0.996612 0.020113 -0.0797479 -0.0806408 -0.429553 0.899434 2.84939 6.68677 0.970053</i>
                        <i>-0.0163676 0.909492 0.4154 -0.996562 0.0189102 -0.0806692 -0.0812232 -0.415292 0.906055 2.84931 6.68782 0.97155</i>
                        <i>-0.0162983 0.915483 0.402027 -0.996575 0.0177271 -0.0807692 -0.0810696 -0.401966 0.912059 2.84927 6.68891 0.973281</i>
                        <i>-0.0159606 0.920676 0.390001 -0.99666 0.0165911 -0.0799546 -0.0800828 -0.389975 0.917337 2.84928 6.69002 0.975195</i>
                        <i>-0.0153577 0.924945 0.37979 -0.99682 0.0155392 -0.0781529 -0.0781888 -0.379783 0.921765 2.84933 6.69112 0.977261</i>
                        <i>-0.0144775 0.928162 0.371893 -0.997042 0.0146788 -0.075449 -0.0754879 -0.371886 0.925204 2.84941 6.69219 0.979457</i>
                        <i>-0.0133021 0.930219 0.366764 -0.997306 0.0141219 -0.0719883 -0.0721443 -0.366733 0.927525 2.84951 6.6932 0.981742</i>
                        <i>-0.0118174 0.930992 0.364849 -0.997593 0.0139538 -0.0679178 -0.0683219 -0.364774 0.928586 2.84965 6.69413 0.984078</i>
                        <i>-0.0100426 0.930752 0.365513 -0.997888 0.0141334 -0.0634071 -0.0641822 -0.365378 0.928644 2.8498 6.69494 0.986339</i>
                        <i>-0.00801291 0.929913 0.367692 -0.998173 0.0145819 -0.0586311 -0.0598835 -0.36749 0.928097 2.84997 6.69562 0.988367</i>
                        <i>-0.00574544 0.928539 0.371191 -0.998438 0.015306 -0.0537423 -0.0555833 -0.37092 0.927 2.85014 6.69612 0.990077</i>
                        <i>-0.00326198 0.926691 0.375811 -0.998671 0.0163109 -0.0488883 -0.0514342 -0.375471 0.925406 2.85041 6.69644 0.991415</i>
                        <i>-0.000588205 0.924429 0.381353 -0.998867 0.0176031 -0.0442119 -0.0475837 -0.380947 0.923372 2.85092 6.6966 0.992393</i>
                        <i>0.00224731 0.921818 0.387616 -0.999021 0.0191922 -0.0398501 -0.0441738 -0.387147 0.920959 2.85166 6.69664 0.99302</i>
                        <i>0.00521433 0.918923 0.394402 -0.999132 0.0210927 -0.0359348 -0.0413403 -0.393872 0.918235 2.85264 6.69661 0.993304</i>
                        <i>0.00826212 0.915754 0.401655 -0.999206 0.0232212 -0.0323895 -0.0389877 -0.401068 0.915218 2.85384 6.69653 0.993317</i>
                        <i>0.0113374 0.912306 0.409353 -0.999254 0.0254564 -0.0290582 -0.0369306 -0.408718 0.911913 2.85527 6.69642 0.993141</i>
                        <i>0.0144062 0.908634 0.417345 -0.999278 0.027763 -0.0259512 -0.0351669 -0.416669 0.908378 2.85693 6.69631 0.992808</i>
                        <i>0.0174347 0.9048 0.42548 -0.99928 0.0301093 -0.0230816 -0.0336951 -0.424771 0.904673 2.85883 6.69625 0.992347</i>
                        <i>0.02039 0.900869 0.433611 -0.999263 0.0324674 -0.020465 -0.0325145 -0.432874 0.900868 2.86095 6.69628 0.991789</i>
                        <i>0.0232397 0.896916 0.44159 -0.99923 0.0348122 -0.0181204 -0.0316252 -0.440829 0.897034 2.86332 6.69642 0.991163</i>
                        <i>0.0259522 0.893017 0.449274 -0.999182 0.037122 -0.0160696 -0.0310284 -0.44849 0.893249 2.86592 6.69672 0.9905</i>
                        <i>0.0284963 0.889257 0.45652 -0.999122 0.0393775 -0.0143376 -0.0307264 -0.45571 0.889598 2.86878 6.69723 0.98983</i>
                        <i>0.030842 0.885724 0.463186 -0.999052 0.0415618 -0.0129526 -0.0307232 -0.462348 0.886166 2.87188 6.69796 0.989183</i>
                        <i>0.03296 0.882512 0.469134 -0.998975 0.0436598 -0.0119454 -0.0310243 -0.46826 0.883046 2.87524 6.69898 0.988588</i>
                        <i>0.0348219 0.879715 0.474225 -0.998893 0.0456578 -0.01135 -0.0316369 -0.473305 0.88033 2.87886 6.7003 0.988075</i>
                        <i>0.0364004 0.87743 0.478322 -0.998806 0.0475428 -0.0112029 -0.0325705 -0.477343 0.878113 2.88274 6.70198 0.987674</i>
                        <i>0.0376689 0.875754 0.481286 -0.998717 0.0493015 -0.0115428 -0.0338367 -0.480234 0.876488 2.88689 6.70404 0.987415</i>
                        <i>0.0386025 0.874781 0.482978 -0.998626 0.0509196 -0.0124108 -0.0354498 -0.481835 0.875544 2.89133 6.70653 0.987325</i>
                        <i>0.039177 0.874601 0.483257 -0.998531 0.0523809 -0.0138498 -0.0374265 -0.482005 0.875369 2.89604 6.70947 0.987436</i>
                        <i>0.0393699 0.875298 0.481979 -0.998432 0.0536659 -0.0159042 -0.0397868 -0.480597 0.876039 2.90105 6.71291 0.987774</i>
                    </KeyFrames>
                </p>
            </i>
            <i>
                <p>
                    <Name><![CDATA[spine2]]></Name>
                    <Exclude>0</Exclude>
                    <Additive>0</Additive>
                    <IKPriority>0</IKPriority>
                    <IKRotLimits>-1e+010 -1e+010 -1e+010 1e+010 1e+010 1e+010</IKRotLimits>
                    <IKRotLimitOrder>0</IKRotLimitOrder>
                    <KeyFrames count="60">
                        <i>0.0318728 0.703272 0.710206 -0.999298 0.00842984 0.0364992 0.0196819 -0.710871 0.703047 2.90746 6.85396 1.06556</i>
                        <i>0.033085 0.683457 0.72924 -0.999394 0.0147312 0.0315353 0.0108104 -0.729842 0.68353 2.91306 6.85707 1.06799</i>
                        <i>0.0359021 0.66711 0.744094 -0.999352 0.0260056 0.024903 -0.00273758 -0.744505 0.667611 2.91822 6.86132 1.06891</i>
                        <i>0.038771 0.658346 0.751716 -0.999063 0.0400192 0.0164798 -0.0192336 -0.751651 0.659281 2.92215 6.86585 1.06824</i>
                        <i>0.0401858 0.661441 0.74892 -0.998505 0.0543682 0.00556056 -0.0370394 -0.748024 0.662637 2.92409 6.8698 1.06588</i>
                        <i>0.0388567 0.67388 0.737819 -0.997751 0.0665267 -0.00821563 -0.054621 -0.73584 0.674949 2.92327 6.87174 1.06293</i>
                        <i>0.0354049 0.688699 0.724182 -0.996868 0.075613 -0.0231718 -0.0707159 -0.721094 0.689219 2.92008 6.87122 1.06076</i>
                        <i>0.0315085 0.704961 0.708546 -0.995956 0.0818201 -0.0371168 -0.0841392 -0.704511 0.704687 2.91553 6.86926 1.05906</i>
                        <i>0.0277589 0.720622 0.692772 -0.99523 0.0847624 -0.0482918 -0.0935212 -0.688127 0.719538 2.90992 6.86599 1.05811</i>
                        <i>0.0247313 0.733871 0.678838 -0.994931 0.0842795 -0.0548649 -0.0974759 -0.67404 0.732235 2.90355 6.86161 1.05823</i>
                        <i>0.0237405 0.744715 0.66696 -0.995392 0.0796049 -0.0534541 -0.0929014 -0.662618 0.743173 2.8966 6.85614 1.06</i>
                        <i>0.0250327 0.751885 0.658819 -0.996507 0.0712865 -0.043493 -0.0796667 -0.655429 0.751043 2.88939 6.8498 1.06377</i>
                        <i>0.0274129 0.753935 0.656377 -0.997772 0.0605885 -0.0279229 -0.060821 -0.654149 0.753916 2.88242 6.84312 1.06907</i>
                        <i>0.0298133 0.752074 0.658403 -0.998773 0.0484658 -0.0101354 -0.0395326 -0.657294 0.752597 2.87612 6.83676 1.0747</i>
                        <i>0.0316387 0.745212 0.666076 -0.999316 0.0363463 0.00680299 -0.0191398 -0.665836 0.745853 2.87088 6.83122 1.08019</i>
                        <i>0.0327402 0.732144 0.680363 -0.999459 0.0261241 0.0199833 -0.00314323 -0.680649 0.732603 2.86659 6.82637 1.08451</i>
                        <i>0.0332052 0.712947 0.700431 -0.999437 0.020294 0.0267236 0.00483796 -0.700924 0.71322 2.8628 6.82203 1.08678</i>
                        <i>0.0333234 0.689889 0.723148 -0.999433 0.0194502 0.0274992 0.00490601 -0.723654 0.690145 2.85943 6.81854 1.08689</i>
                        <i>0.0325235 0.667201 0.744167 -0.999471 0.021323 0.0245638 0.0005211 -0.744572 0.667542 2.85651 6.81608 1.08501</i>
                        <i>0.0300506 0.648806 0.76036 -0.999524 0.02487 0.0182815 -0.00704905 -0.760547 0.649244 2.85412 6.81494 1.08116</i>
                        <i>0.0260853 0.637148 0.7703 -0.99952 0.0295265 0.00942492 -0.0167392 -0.770176 0.637612 2.85218 6.81516 1.0758</i>
                        <i>0.020891 0.633103 0.773786 -0.999404 0.034493 -0.00123946 -0.0274749 -0.773299 0.633446 2.85066 6.81656 1.06971</i>
                        <i>0.0148571 0.636136 0.771434 -0.999159 0.0389321 -0.0128611 -0.038215 -0.770595 0.636179 2.8495 6.81873 1.06423</i>
                        <i>0.00852602 0.64469 0.764397 -0.998813 0.0421456 -0.0244047 -0.0479494 -0.763282 0.644284 2.84864 6.82118 1.05975</i>
                        <i>0.00250399 0.659092 0.752058 -0.998446 0.0435234 -0.0348188 -0.0556809 -0.750802 0.658176 2.84801 6.82365 1.05544</i>
                        <i>-0.00298168 0.677789 0.73525 -0.998081 0.043455 -0.0441065 -0.0618452 -0.733971 0.676359 2.84754 6.82603 1.05145</i>
                        <i>-0.00791126 0.698296 0.715765 -0.997691 0.0427714 -0.0527549 -0.0674528 -0.71453 0.696346 2.84723 6.82835 1.04782</i>
                        <i>-0.0119189 0.719128 0.694776 -0.997307 0.0417362 -0.0603079 -0.0723664 -0.693623 0.716694 2.84703 6.83055 1.04469</i>
                        <i>-0.0146451 0.73889 0.673667 -0.996966 0.0407187 -0.0663346 -0.0764448 -0.672594 0.736052 2.84688 6.83258 1.04219</i>
                        <i>-0.0157467 0.756313 0.65402 -0.996707 0.0401631 -0.0704423 -0.0795439 -0.652976 0.75319 2.84673 6.8344 1.04048</i>
                        <i>-0.0156501 0.771983 0.63545 -0.99656 0.0396834 -0.0727535 -0.0813814 -0.634403 0.768707 2.84662 6.83607 1.03941</i>
                        <i>-0.0150095 0.786914 0.61688 -0.996549 0.0385976 -0.0734838 -0.0816355 -0.615854 0.783619 2.84661 6.83767 1.03874</i>
                        <i>-0.0138508 0.800618 0.599016 -0.996691 0.0369349 -0.0724115 -0.0800985 -0.598036 0.797456 2.84668 6.83918 1.0385</i>
                        <i>-0.0122013 0.812806 0.582406 -0.996986 0.0347402 -0.0693702 -0.0766175 -0.581497 0.809933 2.84684 6.84056 1.03873</i>
                        <i>-0.0101491 0.82329 0.56753 -0.997398 0.0321764 -0.0645133 -0.0713742 -0.566708 0.820822 2.84707 6.84177 1.03949</i>
                        <i>-0.00780945 0.831786 0.555041 -0.997876 0.0294118 -0.0581167 -0.0646654 -0.554317 0.82979 2.84737 6.84278 1.0408</i>
                        <i>-0.00528245 0.838025 0.545606 -0.998372 0.0265683 -0.0504737 -0.0567941 -0.544985 0.83652 2.84776 6.84355 1.04271</i>
                        <i>-0.00267757 0.842336 0.538946 -0.99884 0.0236563 -0.0419356 -0.0480734 -0.538433 0.841296 2.84821 6.84408 1.04498</i>
                        <i>-9.41006e-005 0.845241 0.534386 -0.999246 0.020667 -0.032865 -0.038823 -0.533986 0.844602 2.8487 6.84441 1.04727</i>
                        <i>0.00241071 0.846748 0.531989 -0.999566 0.0176603 -0.0235797 -0.0293611 -0.531702 0.846423 2.84924 6.84451 1.04946</i>
                        <i>0.00479726 0.84685 0.531811 -0.999788 0.014702 -0.0143925 -0.020007 -0.531629 0.846741 2.84992 6.84439 1.05148</i>
                        <i>0.00704052 0.845523 0.533892 -0.999914 0.0118678 -0.00560897 -0.0110786 -0.533807 0.845534 2.85086 6.84407 1.05329</i>
                        <i>0.00912547 0.842727 0.538263 -0.999954 0.00924713 0.00247509 -0.00289157 -0.538261 0.842773 2.85206 6.84362 1.05488</i>
                        <i>0.0110413 0.838401 0.544942 -0.99993 0.00694499 0.00957503 0.00424309 -0.545009 0.838419 2.85351 6.84308 1.05623</i>
                        <i>0.0128619 0.832847 0.553354 -0.999863 0.00492413 0.0158292 0.0104585 -0.553482 0.832796 2.85521 6.84247 1.05739</i>
                        <i>0.0146698 0.826461 0.562802 -0.999763 0.00307286 0.021547 0.0160784 -0.562985 0.826311 2.85713 6.84181 1.05844</i>
                        <i>0.0164631 0.819318 0.573104 -0.999642 0.00140199 0.0267116 0.0210818 -0.573338 0.819047 2.85928 6.84114 1.05939</i>
                        <i>0.018237 0.811493 0.584078 -0.99951 -7.15323e-005 0.0313077 0.0254477 -0.584362 0.811094 2.86166 6.8405 1.06025</i>
                        <i>0.0199834 0.803071 0.595548 -0.999375 -0.00132548 0.035321 0.0291546 -0.595882 0.802543 2.86426 6.83995 1.06101</i>
                        <i>0.0216909 0.794144 0.607342 -0.999247 -0.00233303 0.0387381 0.0321806 -0.607725 0.793495 2.86709 6.83953 1.0617</i>
                        <i>0.023345 0.784812 0.619294 -0.999132 -0.00306373 0.0415459 0.0345031 -0.619727 0.784059 2.87013 6.8393 1.06231</i>
                        <i>0.024928 0.775183 0.631245 -0.999037 -0.00348427 0.043731 0.0360989 -0.631728 0.77435 2.8734 6.8393 1.06285</i>
                        <i>0.0264192 0.765375 0.643043 -0.998968 -0.00355952 0.0452789 0.0369443 -0.643575 0.764491 2.87688 6.83958 1.06333</i>
                        <i>0.0277945 0.755514 0.654543 -0.998928 -0.00325351 0.0461738 0.0370145 -0.655125 0.754613 2.88058 6.84021 1.06376</i>
                        <i>0.0290268 0.745734 0.665611 -0.99892 -0.00253042 0.0463971 0.0362842 -0.666238 0.744855 2.8845 6.84122 1.06414</i>
                        <i>0.0300858 0.736179 0.676117 -0.998944 -0.00135577 0.0459271 0.0347273 -0.676785 0.735361 2.88865 6.84268 1.06448</i>
                        <i>0.0309382 0.726998 0.685942 -0.998999 0.000302348 0.0447376 0.0323168 -0.686639 0.726279 2.89301 6.84464 1.06479</i>
                        <i>0.0315473 0.718345 0.694971 -0.999081 0.00247199 0.0427968 0.0290249 -0.695682 0.717763 2.8976 6.84713 1.06507</i>
                        <i>0.0318732 0.710382 0.703094 -0.999184 0.00517589 0.0400661 0.0248231 -0.703797 0.709967 2.90242 6.85023 1.06533</i>
                        <i>0.0318728 0.703272 0.710206 -0.999298 0.00842984 0.0364992 0.0196819 -0.710871 0.703047 2.90746 6.85396 1.06556</i>
                    </KeyFrames>
                </p>
            </i>
            <i>
                <p>
                    <Name><![CDATA[head]]></Name>
                    <Exclude>0</Exclude>
                    <Additive>0</Additive>
                    <IKPriority>0</IKPriority>
                    <IKRotLimits>-1e+010 -1e+010 -1e+010 1e+010 1e+010 1e+010</IKRotLimits>
                    <IKRotLimitOrder>0</IKRotLimitOrder>
                    <KeyFrames count="60">
                        <i>-0.0841512 0.931993 0.352574 0.271706 0.361883 -0.891749 -0.958694 0.0207547 -0.283681 2.911 7.0422 1.24404</i>
                        <i>-0.0733467 0.929843 0.360572 0.281693 0.366139 -0.8869 -0.956697 0.0365192 -0.288785 2.91679 7.03964 1.25217</i>
                        <i>-0.0499999 0.941081 0.334465 0.297339 0.333725 -0.894549 -0.953462 0.0547222 -0.296506 2.92228 7.03862 1.25778</i>
                        <i>-0.0213191 0.956383 0.291337 0.314127 0.283054 -0.906203 -0.949142 0.0721976 -0.30646 2.92646 7.03961 1.25988</i>
                        <i>0.00370691 0.968604 0.248581 0.330017 0.23347 -0.914648 -0.943968 0.0854264 -0.31879 2.92832 7.04312 1.25755</i>
                        <i>0.0144438 0.972531 0.232326 0.345456 0.213188 -0.913899 -0.938324 0.0934585 -0.332888 2.92698 7.04736 1.25246</i>
                        <i>-0.00589381 0.958283 0.28576 0.360498 0.268585 -0.893254 -0.932742 0.097751 -0.347042 2.92294 7.05025 1.24738</i>
                        <i>-0.0528327 0.920828 0.386372 0.369269 0.377502 -0.849195 -0.927819 0.0978103 -0.359978 2.91751 7.0525 1.24208</i>
                        <i>-0.102025 0.873283 0.476411 0.367954 0.478073 -0.797531 -0.92423 0.0939289 -0.370103 2.91112 7.05371 1.23724</i>
                        <i>-0.127386 0.851234 0.509091 0.363978 0.517582 -0.774357 -0.922655 0.0866553 -0.375763 2.90421 7.05354 1.2336</i>
                        <i>-0.119518 0.874064 0.470879 0.361929 0.48 -0.79913 -0.924512 0.0749143 -0.373717 2.89734 7.05215 1.23159</i>
                        <i>-0.0939621 0.915201 0.39189 0.355989 0.398493 -0.845266 -0.929754 0.0600856 -0.363245 2.89089 7.04935 1.23196</i>
                        <i>-0.0640084 0.953026 0.296047 0.344103 0.299539 -0.889871 -0.936748 0.0449111 -0.347112 2.88496 7.04512 1.23495</i>
                        <i>-0.0414103 0.976983 0.20926 0.327417 0.211144 -0.920986 -0.943972 0.030377 -0.328625 2.87963 7.04023 1.23935</i>
                        <i>-0.0342509 0.98586 0.164032 0.309602 0.166521 -0.936172 -0.950249 0.01872 -0.310928 2.87513 7.03478 1.24523</i>
                        <i>-0.0422754 0.983213 0.177499 0.294313 0.18203 -0.938214 -0.954774 0.0125771 -0.297068 2.8713 7.02822 1.25214</i>
                        <i>-0.0560887 0.970683 0.233727 0.284688 0.239926 -0.92811 -0.956978 0.014483 -0.289799 2.86778 7.02021 1.25926</i>
                        <i>-0.0703853 0.947585 0.311653 0.280883 0.318614 -0.905312 -0.957157 0.0238175 -0.288587 2.86458 7.01152 1.26571</i>
                        <i>-0.0821039 0.918781 0.386134 0.281205 0.393057 -0.87546 -0.956129 0.0367043 -0.290637 2.86165 7.00346 1.27017</i>
                        <i>-0.0872937 0.89582 0.43576 0.286561 0.441521 -0.85026 -0.954077 0.0506495 -0.295249 2.8589 6.99742 1.27158</i>
                        <i>-0.0829145 0.8896 0.449151 0.297239 0.452264 -0.840896 -0.951196 0.0637826 -0.301923 2.8563 6.99413 1.26985</i>
                        <i>-0.0718173 0.897157 0.435835 0.310862 0.435332 -0.844897 -0.947738 0.074806 -0.310156 2.85383 6.99371 1.26558</i>
                        <i>-0.0586902 0.910351 0.409653 0.324605 0.405464 -0.854536 -0.944027 0.0828225 -0.319301 2.85154 6.99576 1.26019</i>
