<?xml version="1.0" encoding="ISO-8859-1" ?>
<Animl Version="1">
    <ModellingPackage><![CDATA[Maya.2010]]></ModellingPackage>
    <SrcFile><![CDATA[anims\turrets\artillery\blue\~src\artillery_m198\artillery_m198_reload_high_crewman_d.mb]]></SrcFile>
    <FramesPerSecond>30</FramesPerSecond>
    <TotalFrames>101</TotalFrames>
    <Skeleton>
        <RefFrame>
            <Name><![CDATA[soldier_ref_frame]]></Name>
            <Exclude>0</Exclude>
            <Additive>0</Additive>
            <IKPriority>0</IKPriority>
            <IKRotLimits>-1e+010 -1e+010 -1e+010 1e+010 1e+010 1e+010</IKRotLimits>
            <IKRotLimitOrder>0</IKRotLimitOrder>
            <KeyFrames count="101">
                <i>1 0 0 0 1 0 0 0 1 -3.06 1.34 2.39</i>
                <i>1 0 0 0 1 0 0 0 1 -3.06 1.34 2.39</i>
                <i>1 0 0 0 1 0 0 0 1 -3.06 1.34 2.39</i>
                <i>1 0 0 0 1 0 0 0 1 -3.06 1.34 2.39</i>
                <i>1 0 0 0 1 0 0 0 1 -3.06 1.34 2.39</i>
                <i>1 0 0 0 1 0 0 0 1 -3.06 1.34 2.39</i>
                <i>1 0 0 0 1 0 0 0 1 -3.06 1.34 2.39</i>
                <i>1 0 0 0 1 0 0 0 1 -3.06 1.34 2.39</i>
                <i>1 0 0 0 1 0 0 0 1 -3.06 1.34 2.39</i>
                <i>1 0 0 0 1 0 0 0 1 -3.06 1.34 2.39</i>
                <i>1 0 0 0 1 0 0 0 1 -3.06 1.34 2.39</i>
                <i>1 0 0 0 1 0 0 0 1 -3.06 1.34 2.39</i>
                <i>1 0 0 0 1 0 0 0 1 -3.06 1.34 2.39</i>
                <i>1 0 0 0 1 0 0 0 1 -3.06 1.34 2.39</i>
                <i>1 0 0 0 1 0 0 0 1 -3.06 1.34 2.39</i>
                <i>1 0 0 0 1 0 0 0 1 -3.06 1.34 2.39</i>
                <i>1 0 0 0 1 0 0 0 1 -3.06 1.34 2.39</i>
                <i>1 0 0 0 1 0 0 0 1 -3.06 1.34 2.39</i>
                <i>1 0 0 0 1 0 0 0 1 -3.06 1.34 2.39</i>
                <i>1 0 0 0 1 0 0 0 1 -3.06 1.34 2.39</i>
                <i>1 0 0 0 1 0 0 0 1 -3.06 1.34 2.39</i>
                <i>1 0 0 0 1 0 0 0 1 -3.06 1.34 2.39</i>
                <i>1 0 0 0 1 0 0 0 1 -3.06 1.34 2.39</i>
                <i>1 0 0 0 1 0 0 0 1 -3.06 1.34 2.39</i>
                <i>1 0 0 0 1 0 0 0 1 -3.06 1.34 2.39</i>
                <i>1 0 0 0 1 0 0 0 1 -3.06 1.34 2.39</i>
                <i>1 0 0 0 1 0 0 0 1 -3.06 1.34 2.39</i>
                <i>1 0 0 0 1 0 0 0 1 -3.06 1.34 2.39</i>
                <i>1 0 0 0 1 0 0 0 1 -3.06 1.34 2.39</i>
                <i>1 0 0 0 1 0 0 0 1 -3.06 1.34 2.39</i>
                <i>1 0 0 0 1 0 0 0 1 -3.06 1.34 2.39</i>
                <i>1 0 0 0 1 0 0 0 1 -3.06 1.34 2.39</i>
                <i>1 0 0 0 1 0 0 0 1 -3.06 1.34 2.39</i>
                <i>1 0 0 0 1 0 0 0 1 -3.06 1.34 2.39</i>
                <i>1 0 0 0 1 0 0 0 1 -3.06 1.34 2.39</i>
                <i>1 0 0 0 1 0 0 0 1 -3.06 1.34 2.39</i>
                <i>1 0 0 0 1 0 0 0 1 -3.06 1.34 2.39</i>
                <i>1 0 0 0 1 0 0 0 1 -3.06 1.34 2.39</i>
                <i>1 0 0 0 1 0 0 0 1 -3.06 1.34 2.39</i>
                <i>1 0 0 0 1 0 0 0 1 -3.06 1.34 2.39</i>
                <i>1 0 0 0 1 0 0 0 1 -3.06 1.34 2.39</i>
                <i>1 0 0 0 1 0 0 0 1 -3.06 1.34 2.39</i>
                <i>1 0 0 0 1 0 0 0 1 -3.06 1.34 2.39</i>
                <i>1 0 0 0 1 0 0 0 1 -3.06 1.34 2.39</i>
                <i>1 0 0 0 1 0 0 0 1 -3.06 1.34 2.39</i>
                <i>1 0 0 0 1 0 0 0 1 -3.06 1.34 2.39</i>
                <i>1 0 0 0 1 0 0 0 1 -3.06 1.34 2.39</i>
                <i>1 0 0 0 1 0 0 0 1 -3.06 1.34 2.39</i>
                <i>1 0 0 0 1 0 0 0 1 -3.06 1.34 2.39</i>
                <i>1 0 0 0 1 0 0 0 1 -3.06 1.34 2.39</i>
                <i>1 0 0 0 1 0 0 0 1 -3.06 1.34 2.39</i>
                <i>1 0 0 0 1 0 0 0 1 -3.06 1.34 2.39</i>
                <i>1 0 0 0 1 0 0 0 1 -3.06 1.34 2.39</i>
                <i>1 0 0 0 1 0 0 0 1 -3.06 1.34 2.39</i>
                <i>1 0 0 0 1 0 0 0 1 -3.06 1.34 2.39</i>
                <i>1 0 0 0 1 0 0 0 1 -3.06 1.34 2.39</i>
                <i>1 0 0 0 1 0 0 0 1 -3.06 1.34 2.39</i>
                <i>1 0 0 0 1 0 0 0 1 -3.06 1.34 2.39</i>
                <i>1 0 0 0 1 0 0 0 1 -3.06 1.34 2.39</i>
                <i>1 0 0 0 1 0 0 0 1 -3.06 1.34 2.39</i>
                <i>1 0 0 0 1 0 0 0 1 -3.06 1.34 2.39</i>
                <i>1 0 0 0 1 0 0 0 1 -3.06 1.34 2.39</i>
                <i>1 0 0 0 1 0 0 0 1 -3.06 1.34 2.39</i>
                <i>1 0 0 0 1 0 0 0 1 -3.06 1.34 2.39</i>
                <i>1 0 0 0 1 0 0 0 1 -3.06 1.34 2.39</i>
                <i>1 0 0 0 1 0 0 0 1 -3.06 1.34 2.39</i>
                <i>1 0 0 0 1 0 0 0 1 -3.06 1.34 2.39</i>
                <i>1 0 0 0 1 0 0 0 1 -3.06 1.34 2.39</i>
                <i>1 0 0 0 1 0 0 0 1 -3.06 1.34 2.39</i>
                <i>1 0 0 0 1 0 0 0 1 -3.06 1.34 2.39</i>
                <i>1 0 0 0 1 0 0 0 1 -3.06 1.34 2.39</i>
                <i>1 0 0 0 1 0 0 0 1 -3.06 1.34 2.39</i>
                <i>1 0 0 0 1 0 0 0 1 -3.06 1.34 2.39</i>
                <i>1 0 0 0 1 0 0 0 1 -3.06 1.34 2.39</i>
                <i>1 0 0 0 1 0 0 0 1 -3.06 1.34 2.39</i>
                <i>1 0 0 0 1 0 0 0 1 -3.06 1.34 2.39</i>
                <i>1 0 0 0 1 0 0 0 1 -3.06 1.34 2.39</i>
                <i>1 0 0 0 1 0 0 0 1 -3.06 1.34 2.39</i>
                <i>1 0 0 0 1 0 0 0 1 -3.06 1.34 2.39</i>
                <i>1 0 0 0 1 0 0 0 1 -3.06 1.34 2.39</i>
                <i>1 0 0 0 1 0 0 0 1 -3.06 1.34 2.39</i>
                <i>1 0 0 0 1 0 0 0 1 -3.06 1.34 2.39</i>
                <i>1 0 0 0 1 0 0 0 1 -3.06 1.34 2.39</i>
                <i>1 0 0 0 1 0 0 0 1 -3.06 1.34 2.39</i>
                <i>1 0 0 0 1 0 0 0 1 -3.06 1.34 2.39</i>
                <i>1 0 0 0 1 0 0 0 1 -3.06 1.34 2.39</i>
                <i>1 0 0 0 1 0 0 0 1 -3.06 1.34 2.39</i>
                <i>1 0 0 0 1 0 0 0 1 -3.06 1.34 2.39</i>
                <i>1 0 0 0 1 0 0 0 1 -3.06 1.34 2.39</i>
                <i>1 0 0 0 1 0 0 0 1 -3.06 1.34 2.39</i>
                <i>1 0 0 0 1 0 0 0 1 -3.06 1.34 2.39</i>
                <i>1 0 0 0 1 0 0 0 1 -3.06 1.34 2.39</i>
                <i>1 0 0 0 1 0 0 0 1 -3.06 1.34 2.39</i>
                <i>1 0 0 0 1 0 0 0 1 -3.06 1.34 2.39</i>
                <i>1 0 0 0 1 0 0 0 1 -3.06 1.34 2.39</i>
                <i>1 0 0 0 1 0 0 0 1 -3.06 1.34 2.39</i>
                <i>1 0 0 0 1 0 0 0 1 -3.06 1.34 2.39</i>
                <i>1 0 0 0 1 0 0 0 1 -3.06 1.34 2.39</i>
                <i>1 0 0 0 1 0 0 0 1 -3.06 1.34 2.39</i>
                <i>1 0 0 0 1 0 0 0 1 -3.06 1.34 2.39</i>
                <i>1 0 0 0 1 0 0 0 1 -3.06 1.34 2.39</i>
            </KeyFrames>
        </RefFrame>
        <Bones count="23">
            <i>
                <p>
                    <Name><![CDATA[pelvis]]></Name>
                    <Exclude>0</Exclude>
                    <Additive>0</Additive>
                    <IKPriority>0</IKPriority>
                    <IKRotLimits>-1e+010 -1e+010 -1e+010 1e+010 1e+010 1e+010</IKRotLimits>
                    <IKRotLimitOrder>2</IKRotLimitOrder>
                    <KeyFrames count="101">
                        <i>1 0 0 0 1 0 0 0 1 -3.0563 2.48665 2.38654</i>
                        <i>1 0 0 0 1 0 0 0 1 -3.0563 2.48652 2.38654</i>
                        <i>1 0 0 0 1 0 0 0 1 -3.0563 2.48614 2.38654</i>
                        <i>1 0 0 0 1 0 0 0 1 -3.0563 2.48555 2.38654</i>
                        <i>1 0 0 0 1 0 0 0 1 -3.0563 2.48477 2.38654</i>
                        <i>1 0 0 0 1 0 0 0 1 -3.0563 2.48384 2.38654</i>
                        <i>1 0 0 0 1 0 0 0 1 -3.0563 2.48277 2.38654</i>
                        <i>1 0 0 0 1 0 0 0 1 -3.0563 2.48161 2.38654</i>
                        <i>1 0 0 0 1 0 0 0 1 -3.0563 2.48039 2.38654</i>
                        <i>1 0 0 0 1 0 0 0 1 -3.0563 2.47912 2.38654</i>
                        <i>1 0 0 0 1 0 0 0 1 -3.0563 2.47784 2.38654</i>
                        <i>1 0 0 0 1 0 0 0 1 -3.06688 2.4763 2.37252</i>
                        <i>1 0 0 0 1 0 0 0 1 -3.09212 2.47433 2.33784</i>
                        <i>1 0 0 0 1 0 0 0 1 -3.12223 2.47211 2.29358</i>
                        <i>1 0 0 0 1 0 0 0 1 -3.14746 2.46981 2.2508</i>
                        <i>1 0 0 0 1 0 0 0 1 -3.15805 2.46759 2.22056</i>
                        <i>1 0 0 0 1 0 0 0 1 -3.14746 2.4644 2.20375</i>
                        <i>1 0 0 0 1 0 0 0 1 -3.12223 2.46011 2.19301</i>
                        <i>1 0 0 0 1 0 0 0 1 -3.09212 2.45634 2.18698</i>
                        <i>1 0 0 0 1 0 0 0 1 -3.06688 2.45468 2.18435</i>
                        <i>1 0 0 0 1 0 0 0 1 -3.0563 2.45674 2.18377</i>
                        <i>1 0 0 0 1 0 0 0 1 -3.0563 2.46509 2.18377</i>
                        <i>1 0 0 0 1 0 0 0 1 -3.0563 2.47867 2.18377</i>
                        <i>1 0 0 0 1 0 0 0 1 -3.0563 2.49361 2.18377</i>
                        <i>1 0 0 0 1 0 0 0 1 -3.0563 2.50606 2.18377</i>
                        <i>1 0 0 0 1 0 0 0 1 -3.0563 2.51216 2.18377</i>
                        <i>1 0 0 0 1 0 0 0 1 -3.0563 2.51342 2.18377</i>
                        <i>1 0 0 0 1 0 0 0 1 -3.0563 2.51396 2.18377</i>
                        <i>1 0 0 0 1 0 0 0 1 -3.0563 2.51387 2.18377</i>
                        <i>1 0 0 0 1 0 0 0 1 -3.0563 2.51323 2.18377</i>
                        <i>1 0 0 0 1 0 0 0 1 -3.0563 2.51213 2.18377</i>
                        <i>1 0 0 0 1 0 0 0 1 -3.0563 2.51064 2.18377</i>
                        <i>1 0 0 0 1 0 0 0 1 -3.0563 2.50886 2.18377</i>
                        <i>1 0 0 0 1 0 0 0 1 -3.0563 2.50685 2.18377</i>
                        <i>1 0 0 0 1 0 0 0 1 -3.0563 2.50472 2.18377</i>
                        <i>1 0 0 0 1 0 0 0 1 -3.0563 2.50254 2.18377</i>
                        <i>1 0 0 0 1 0 0 0 1 -3.0563 2.50039 2.18377</i>
                        <i>1 0 0 0 1 0 0 0 1 -3.0563 2.49836 2.18377</i>
                        <i>1 0 0 0 1 0 0 0 1 -3.0563 2.49654 2.18377</i>
                        <i>1 0 0 0 1 0 0 0 1 -3.0563 2.49499 2.18377</i>
                        <i>1 0 0 0 1 0 0 0 1 -3.0563 2.49382 2.18377</i>
                        <i>1 0 0 0 1 0 0 0 1 -3.0563 2.4931 2.18377</i>
                        <i>1 0 0 0 1 0 0 0 1 -3.0563 2.49291 2.18377</i>
                        <i>1 0 0 0 1 0 0 0 1 -3.0563 2.49322 2.18377</i>
                        <i>1 0 0 0 1 0 0 0 1 -3.0563 2.49388 2.18377</i>
                        <i>1 0 0 0 1 0 0 0 1 -3.0563 2.49486 2.18377</i>
                        <i>1 0 0 0 1 0 0 0 1 -3.0563 2.4961 2.18377</i>
                        <i>1 0 0 0 1 0 0 0 1 -3.0563 2.49757 2.18377</i>
                        <i>1 0 0 0 1 0 0 0 1 -3.0563 2.49921 2.18377</i>
                        <i>1 0 0 0 1 0 0 0 1 -3.0563 2.50098 2.18377</i>
                        <i>1 0 0 0 1 0 0 0 1 -3.0563 2.50284 2.18377</i>
                        <i>1 0 0 0 1 0 0 0 1 -3.0563 2.50473 2.18377</i>
                        <i>1 0 0 0 1 0 0 0 1 -3.0563 2.50662 2.18377</i>
                        <i>1 0 0 0 1 0 0 0 1 -3.0563 2.50846 2.18377</i>
                        <i>1 0 0 0 1 0 0 0 1 -3.0563 2.51019 2.18377</i>
                        <i>1 0 0 0 1 0 0 0 1 -3.0563 2.51179 2.18377</i>
                        <i>1 0 0 0 1 0 0 0 1 -3.0563 2.51319 2.18377</i>
                        <i>1 0 0 0 1 0 0 0 1 -3.0563 2.51436 2.18377</i>
                        <i>1 0 0 0 1 0 0 0 1 -3.0563 2.51524 2.18377</i>
                        <i>1 0 0 0 1 0 0 0 1 -3.0563 2.5158 2.18377</i>
                        <i>1 0 0 0 1 0 0 0 1 -3.0563 2.51599 2.18377</i>
                        <i>1 0 0 0 1 0 0 0 1 -3.0563 2.51587 2.18377</i>
                        <i>1 0 0 0 1 0 0 0 1 -3.0563 2.51555 2.18377</i>
                        <i>1 0 0 0 1 0 0 0 1 -3.0563 2.51503 2.18377</i>
                        <i>1 0 0 0 1 0 0 0 1 -3.0563 2.51431 2.18377</i>
                        <i>1 0 0 0 1 0 0 0 1 -3.0563 2.51337 2.18377</i>
                        <i>1 0 0 0 1 0 0 0 1 -3.0563 2.51223 2.18377</i>
                        <i>1 0 0 0 1 0 0 0 1 -3.0563 2.51088 2.18377</i>
                        <i>1 0 0 0 1 0 0 0 1 -3.0563 2.50932 2.18377</i>
                        <i>1 0 0 0 1 0 0 0 1 -3.0563 2.50755 2.18377</i>
                        <i>1 0 0 0 1 0 0 0 1 -3.0563 2.50557 2.18377</i>
                        <i>1 0 0 0 1 0 0 0 1 -3.0563 2.50337 2.18377</i>
                        <i>1 0 0 0 1 0 0 0 1 -3.0563 2.50095 2.18377</i>
                        <i>1 0 0 0 1 0 0 0 1 -3.0563 2.49832 2.18377</i>
                        <i>1 0 0 0 1 0 0 0 1 -3.0563 2.49546 2.18377</i>
                        <i>1 0 0 0 1 0 0 0 1 -3.0563 2.49239 2.18377</i>
                        <i>1 0 0 0 1 0 0 0 1 -3.06485 2.48696 2.18602</i>
                        <i>1 0 0 0 1 0 0 0 1 -3.08549 2.47832 2.19209</i>
                        <i>1 0 0 0 1 0 0 0 1 -3.11076 2.46839 2.20092</i>
                        <i>1 0 0 0 1 0 0 0 1 -3.13317 2.45907 2.21145</i>
                        <i>1 0 0 0 1 0 0 0 1 -3.14524 2.45229 2.22263</i>
                        <i>1 0 0 0 1 0 0 0 1 -3.14482 2.44773 2.2347</i>
                        <i>1 0 0 0 1 0 0 0 1 -3.1369 2.4441 2.24836</i>
                        <i>1 0 0 0 1 0 0 0 1 -3.1247 2.44189 2.26326</i>
                        <i>1 0 0 0 1 0 0 0 1 -3.11146 2.44159 2.27902</i>
                        <i>1 0 0 0 1 0 0 0 1 -3.1004 2.44367 2.29528</i>
                        <i>1 0 0 0 1 0 0 0 1 -3.09012 2.45034 2.31526</i>
                        <i>1 0 0 0 1 0 0 0 1 -3.07847 2.46127 2.33921</i>
                        <i>1 0 0 0 1 0 0 0 1 -3.06755 2.47317 2.36228</i>
                        <i>1 0 0 0 1 0 0 0 1 -3.05946 2.48273 2.37967</i>
                        <i>1 0 0 0 1 0 0 0 1 -3.0563 2.48665 2.38654</i>
                        <i>1 0 0 0 1 0 0 0 1 -3.0563 2.48665 2.38654</i>
                        <i>1 0 0 0 1 0 0 0 1 -3.0563 2.48665 2.38654</i>
                        <i>1 0 0 0 1 0 0 0 1 -3.0563 2.48665 2.38654</i>
                        <i>1 0 0 0 1 0 0 0 1 -3.0563 2.48665 2.38654</i>
                        <i>1 0 0 0 1 0 0 0 1 -3.0563 2.48665 2.38654</i>
                        <i>1 0 0 0 1 0 0 0 1 -3.0563 2.48665 2.38654</i>
                        <i>1 0 0 0 1 0 0 0 1 -3.0563 2.48665 2.38654</i>
                        <i>1 0 0 0 1 0 0 0 1 -3.0563 2.48665 2.38654</i>
                        <i>1 0 0 0 1 0 0 0 1 -3.0563 2.48665 2.38654</i>
                        <i>1 0 0 0 1 0 0 0 1 -3.0563 2.48665 2.38654</i>
                    </KeyFrames>
                </p>
            </i>
            <i>
                <p>
                    <Name><![CDATA[spine0]]></Name>
                    <Exclude>0</Exclude>
                    <Additive>0</Additive>
                    <IKPriority>0</IKPriority>
                    <IKRotLimits>-1e+010 -1e+010 -1e+010 1e+010 1e+010 1e+010</IKRotLimits>
                    <IKRotLimitOrder>0</IKRotLimitOrder>
                    <KeyFrames count="101">
                        <i>-0.0207307 0.999781 -0.00277343 -0.932948 -0.020342 -0.359435 -0.359413 -0.00486389 0.933166 -3.03908 2.62231 2.34184</i>
                        <i>-0.0207164 0.999783 -0.0021127 -0.932953 -0.0200912 -0.359437 -0.359402 -0.00547519 0.933167 -3.03908 2.62218 2.34184</i>
                        <i>-0.0206763 0.999786 -0.000353182 -0.932965 -0.0194214 -0.359442 -0.359372 -0.00710242 0.933167 -3.03908 2.6218 2.34184</i>
                        <i>-0.0206145 0.999785 0.0021715 -0.932982 -0.0184563 -0.359448 -0.359331 -0.00943581 0.933162 -3.03908 2.6212 2.34184</i>
                        <i>-0.020535 0.999776 0.00512638 -0.933001 -0.0173204 -0.359456 -0.359286 -0.0121644 0.933148 -3.03908 2.62043 2.34184</i>
                        <i>-0.0204429 0.999758 0.00817417 -0.93302 -0.0161393 -0.359463 -0.359244 -0.0149751 0.933124 -3.03908 2.61949 2.34184</i>
                        <i>-0.0203439 0.999733 0.0109758 -0.933036 -0.0150402 -0.359469 -0.359208 -0.0175538 0.933092 -3.03908 2.61843 2.34184</i>
                        <i>-0.0202448 0.999708 0.0131914 -0.933048 -0.0141515 -0.359474 -0.359182 -0.0195857 0.933062 -3.03908 2.61727 2.34184</i>
                        <i>-0.020153 0.999692 0.0144819 -0.933055 -0.0136021 -0.359476 -0.359169 -0.0207569 0.933042 -3.03908 2.61604 2.34184</i>
                        <i>-0.020076 0.999693 0.0145085 -0.933056 -0.0135207 -0.359477 -0.35917 -0.0207541 0.933041 -3.03908 2.61477 2.34184</i>
                        <i>-0.0200205 0.999716 0.0129331 -0.933049 -0.014035 -0.359474 -0.359191 -0.0192641 0.933065 -3.03908 2.6135 2.34184</i>
                        <i>-0.0199335 0.999775 0.00729599 -0.947247 -0.0165504 -0.320077 -0.319884 -0.0132914 0.947363 -3.05084 2.61164 2.32646</i>
                        <i>-0.0218769 0.999759 -0.00181435 -0.976724 -0.0217601 -0.213394 -0.213382 -0.00289627 0.976965 -3.07977 2.60892 2.28854</i>
                        <i>-0.0278522 0.999568 -0.0093789 -0.99792 -0.0283495 -0.0578893 -0.0581302 0.00774705 0.998279 -3.11632 2.60577 2.24069</i>
                        <i>-0.0357597 0.9993 -0.0109857 -0.991919 -0.0341523 0.122189 0.121728 0.0152664 0.992446 -3.15029 2.60266 2.19568</i>
                        <i>-0.0399846 0.999184 -0.00567671 -0.953864 -0.0364779 0.298016 0.297566 0.0173309 0.954544 -3.1705 2.60011 2.16596</i>
                        <i>-0.0372968 0.999289 0.00543084 -0.894355 -0.0358038 0.445924 0.445801 0.0117744 0.895055 -3.1685 2.59726 2.15273</i>
                        <i>-0.0286279 0.999424 0.0182511 -0.827976 -0.0339386 0.559736 0.560033 0.000912631 0.82847 -3.14964 2.59377 2.14738</i>
                        <i>-0.0160924 0.999474 0.0281548 -0.768039 -0.0303857 0.639681 0.6402 -0.01133 0.768124 -3.12344 2.59092 2.14696</i>
                        <i>-0.00393857 0.999429 0.0335695 -0.72589 -0.0259468 0.687321 0.6878 -0.0216607 0.725577 -3.10008 2.59002 2.14862</i>
                        <i>0.00300527 0.999368 0.0354288 -0.7104 -0.0228011 0.703429 0.703792 -0.0272826 0.709882 -3.09 2.59239 2.14973</i>
                        <i>0.00270393 0.999344 0.0361232 -0.710389 -0.0235043 0.703417 0.703804 -0.0275635 0.709859 -3.09 2.60075 2.14973</i>
                        <i>-0.00218724 0.999314 0.036964 -0.710315 -0.027571 0.703344 0.703881 -0.0247177 0.709888 -3.09 2.61432 2.14973</i>
                        <i>-0.00902248 0.999247 0.0377479 -0.710198 -0.032978 0.703229 0.703944 -0.0204636 0.709961 -3.09 2.62926 2.14973</i>
                        <i>-0.0151823 0.999151 0.0382944 -0.710079 -0.0377378 0.70311 0.703959 -0.0165172 0.710049 -3.09 2.64171 2.14973</i>
                        <i>-0.0181314 0.999096 0.0384421 -0.710018 -0.0399365 0.70305 0.70395 -0.0145473 0.7101 -3.09 2.64782 2.14973</i>
                        <i>-0.0172716 0.999121 0.0381873 -0.710009 -0.039147 0.703103 0.70398 -0.0149696 0.710062 -3.09011 2.64902 2.14962</i>
                        <i>-0.0142463 0.999187 0.0377104 -0.709997 -0.0366645 0.70325 0.704061 -0.0167556 0.709942 -3.09041 2.64941 2.14932</i>
                        <i>-0.0099308 0.999261 0.0371368 -0.70998 -0.0331987 0.703439 0.704152 -0.0193806 0.709785 -3.09087 2.64908 2.14885</i>
                        <i>-0.0051763 0.999318 0.0365561 -0.709958 -0.029417 0.703629 0.704225 -0.0223111 0.709626 -3.09147 2.64813 2.14825</i>
                        <i>-0.000791137 0.999352 0.0359938 -0.709931 -0.0259107 0.703795 0.704271 -0.0249963 0.709491 -3.09217 2.64666 2.14754</i>
                        <i>0.00245675 0.99937 0.0354119 -0.709888 -0.0231982 0.703932 0.70431 -0.0268679 0.709384 -3.09294 2.64475 2.14677</i>
                        <i>0.00596779 0.999368 0.0350458 -0.709867 -0.0204502 0.704039 0.704311 -0.0290794 0.709296 -3.09375 2.64251 2.14595</i>
                        <i>0.0102492 0.99934 0.0348358 -0.709891 -0.0172635 0.7041 0.704237 -0.0319461 0.709246 -3.09458 2.64004 2.14511</i>
                        <i>0.0130706 0.999328 0.0342556 -0.709911 -0.0148516 0.704135 0.704171 -0.0335219 0.709239 -3.09538 2.63743 2.1443</i>
                        <i>0.0120333 0.999391 0.0327433 -0.709843 -0.0145253 0.70421 0.704257 -0.0317165 0.709237 -3.09614 2.63479 2.14353</i>
                        <i>0.0053449 0.999539 0.0298704 -0.709597 -0.0172558 0.704396 0.704587 -0.0249608 0.709178 -3.09683 2.63222 2.14284</i>
                        <i>-0.00504447 0.999646 0.0261078 -0.709192 -0.0219827 0.704673 0.704998 -0.0149607 0.709052 -3.09741 2.62983 2.14225</i>
                        <i>-0.0159998 0.999624 0.022265 -0.708728 -0.0270457 0.704963 0.7053 -0.0045006 0.708894 -3.09786 2.62772 2.1418</i>
                        <i>-0.0246343 0.999512 0.0191878 -0.708344 -0.0309956 0.705187 0.705438 0.00378021 0.708762 -3.09815 2.62599 2.14151</i>
                        <i>-0.0283148 0.999442 0.0177217 -0.708186 -0.032569 0.705275 0.705458 0.00741944 0.708713 -3.09825 2.62475 2.1414</i>
                        <i>-0.0285486 0.99944 0.0174674 -0.708201 -0.0325555 0.70526 0.705434 0.00776376 0.708733 -3.0982 2.62406 2.14146</i>
                        <i>-0.0285727 0.999439 0.0174541 -0.70824 -0.0325635 0.705221 0.705394 0.00778837 0.708773 -3.09804 2.62398 2.14162</i>
                        <i>-0.0284056 0.99944 0.0176588 -0.7083 -0.0325902 0.705159 0.70534 0.00752276 0.708829 -3.09779 2.62444 2.14187</i>
                        <i>-0.0280656 0.999443 0.018059 -0.708379 -0.0326323 0.705077 0.705274 0.0069958 0.708901 -3.09746 2.62531 2.1422</i>
                        <i>-0.0275707 0.999446 0.0186324 -0.708476 -0.0326867 0.704978 0.705196 0.0062361 0.708984 -3.09706 2.62654 2.14261</i>
                        <i>-0.0269388 0.99945 0.0193564 -0.708586 -0.0327501 0.704864 0.70511 0.00527252 0.709079 -3.0966 2.62807 2.14307</i>
                        <i>-0.0261886 0.999453 0.0202082 -0.708709 -0.0328195 0.704737 0.705015 0.00413436 0.709181 -3.09609 2.62985 2.14359</i>
                        <i>-0.0253392 0.999455 0.0211647 -0.708841 -0.0328921 0.704601 0.704913 0.00285164 0.709288 -3.09554 2.63182 2.14414</i>
                        <i>-0.0244107 0.999455 0.0222023 -0.70898 -0.0329652 0.704457 0.704806 0.00145527 0.709399 -3.09496 2.63394 2.14473</i>
                        <i>-0.0234238 0.999454 0.0232971 -0.709124 -0.0330368 0.70431 0.704695 -2.28664e-005 0.709511 -3.09437 2.63614 2.14533</i>
                        <i>-0.0224006 0.999451 0.0244243 -0.709269 -0.0331048 0.70416 0.704582 -0.00154981 0.709621 -3.09377 2.63838 2.14593</i>
                        <i>-0.0213637 0.999445 0.0255591 -0.709413 -0.033168 0.704012 0.704469 -0.00309163 0.709728 -3.09317 2.6406 2.14653</i>
                        <i>-0.020337 0.999437 0.0266759 -0.709554 -0.0332252 0.703868 0.704358 -0.0046134 0.70983 -3.0926 2.64275 2.14711</i>
                        <i>-0.019345 0.999428 0.0277489 -0.709687 -0.0332757 0.703731 0.704251 -0.00607937 0.709925 -3.09205 2.64478 2.14767</i>
                        <i>-0.0184128 0.999417 0.0287519 -0.709811 -0.033319 0.703603 0.704151 -0.00745307 0.710011 -3.09154 2.64665 2.14818</i>
                        <i>-0.0175662 0.999406 0.0296584 -0.709923 -0.0333549 0.703489 0.70406 -0.00869754 0.710087 -3.09108 2.64829 2.14864</i>
                        <i>-0.0168312 0.999395 0.0304419 -0.710019 -0.0333833 0.70339 0.703981 -0.00977545 0.710152 -3.09069 2.64966 2.14904</i>
                        <i>-0.0162339 0.999385 0.0310759 -0.710098 -0.0334041 0.70331 0.703916 -0.0106495 0.710203 -3.09037 2.65071 2.14936</i>
                        <i>-0.0158001 0.999378 0.0315336 -0.710155 -0.0334174 0.703252 0.703868 -0.0112823 0.710241 -3.09014 2.65139 2.1496</i>
                        <i>-0.0155554 0.999374 0.0317887 -0.710188 -0.0334226 0.703218 0.70384 -0.0116371 0.710263 -3.09 2.65164 2.14973</i>
                        <i>-0.015731 0.999372 0.0317561 -0.710186 -0.0335243 0.703216 0.703838 -0.0114905 0.710267 -3.09 2.65153 2.14973</i>
                        <i>-0.0164831 0.999371 0.0314002 -0.710143 -0.0338087 0.703245 0.703865 -0.010707 0.710253 -3.09015 2.65113 2.14959</i>
                        <i>-0.0177237 0.999369 0.0307697 -0.710064 -0.034247 0.703304 0.703915 -0.00938333 0.710223 -3.09042 2.65048 2.14931</i>
                        <i>-0.0193644 0.999365 0.0299135 -0.709952 -0.0348107 0.703389 0.703984 -0.00761648 0.710175 -3.09079 2.64956 2.14894</i>
                        <i>-0.0213166 0.999356 0.0288806 -0.709812 -0.035471 0.703497 0.704068 -0.00550363 0.710111 -3.09124 2.64839 2.14848</i>
                        <i>-0.023492 0.99934 0.0277198 -0.709649 -0.0361993 0.703624 0.704163 -0.00314182 0.710031 -3.09176 2.64698 2.14796</i>
                        <i>-0.0258025 0.999316 0.02648 -0.709468 -0.0369671 0.703767 0.704265 -0.000627772 0.709937 -3.09231 2.64534 2.14741</i>
                        <i>-0.0281608 0.999285 0.0252098 -0.709275 -0.0377464 0.70392 0.704369 0.00194228 0.709832 -3.09287 2.64347 2.14684</i>
                        <i>-0.03048 0.999248 0.0239571 -0.709078 -0.0385093 0.704078 0.704471 0.00447285 0.709719 -3.09343 2.64139 2.14627</i>
                        <i>-0.0326742 0.999207 0.0227696 -0.708884 -0.0392284 0.704234 0.704568 0.00686926 0.709603 -3.09396 2.6391 2.14574</i>
                        <i>-0.0346581 0.999164 0.0216942 -0.708702 -0.0398766 0.70438 0.704656 0.00903769 0.709492 -3.09444 2.63663 2.14525</i>
                        <i>-0.0363473 0.999123 0.0207776 -0.708543 -0.040427 0.704508 0.704731 0.0108851 0.709391 -3.09485 2.63397 2.14484</i>
                        <i>-0.0376577 0.999089 0.0200658 -0.708417 -0.0408531 0.704611 0.704789 0.0123191 0.70931 -3.09517 2.63115 2.14452</i>
                        <i>-0.0385057 0.999066 0.0196048 -0.708334 -0.0411284 0.704678 0.704826 0.0132474 0.709256 -3.09537 2.62817 2.14431</i>
                        <i>-0.0388072 0.999058 0.0194408 -0.708304 -0.0412261 0.704702 0.70484 0.0135775 0.709237 -3.09545 2.62506 2.14423</i>
                        <i>-0.0387431 0.999072 0.0188181 -0.718578 -0.0409422 0.69424 0.694366 0.0133747 0.719497 -3.10334 2.61967 2.14599</i>
                        <i>-0.0385087 0.999112 0.0171039 -0.746649 -0.0401453 0.664005 0.664102 0.0127994 0.747532 -3.12213 2.61114 2.15072</i>
                        <i>-0.0379987 0.999172 0.014572 -0.78751 -0.0389194 0.615071 0.615129 0.0118963 0.788337 -3.14443 2.60138 2.15763</i>
                        <i>-0.0371031 0.999245 0.0115362 -0.835418 -0.0373506 0.548344 0.548361 0.0107077 0.836173 -3.16288 2.59229 2.16601</i>
                        <i>-0.0357603 0.999326 0.00832379 -0.884441 -0.0355249 0.465297 0.465279 0.00927726 0.885115 -3.17015 2.58578 2.17511</i>
                        <i>-0.033988 0.999408 0.00524223 -0.929047 -0.0335278 0.368438 0.368396 0.00765221 0.929637 -3.16428 2.5815 2.18547</i>
                        <i>-0.0318878 0.999488 0.00254179 -0.964698 -0.0314428 0.261477 0.261423 0.00588584 0.965206 -3.1505 2.57817 2.19799</i>
                        <i>-0.0296241 0.999561 0.000385398 -0.988375 -0.0293501 0.149175 0.149121 0.00403827 0.988811 -3.13234 2.57626 2.21243</i>
                        <i>-0.0273878 0.999624 -0.0011657 -0.998943 -0.0273261 0.0369603 0.0369145 0.00217673 0.999316 -3.1133 2.57624 2.22841</i>
                        <i>-0.0253543 0.999676 -0.00214556 -0.997251 -0.0254422 -0.0695988 -0.0696308 0.000375026 0.997573 -3.0969 2.57859 2.24549</i>
                        <i>-0.023651 0.999717 -0.00265903 -0.985959 -0.0237651 -0.165288 -0.165304 -0.00128753 0.986242 -3.08196 2.5855 2.26668</i>
                        <i>-0.0223425 0.999746 -0.00284739 -0.969115 -0.0223574 -0.245593 -0.245594 -0.0027277 0.969369 -3.0665 2.59664 2.29199</i>
                        <i>-0.0214365 0.999766 -0.0028546 -0.95154 -0.0212784 -0.306787 -0.306776 -0.00386017 0.951774 -3.05274 2.60869 2.31634</i>
                        <i>-0.0209073 0.999777 -0.002802 -0.938107 -0.0205866 -0.345733 -0.345714 -0.00459978 0.938329 -3.04287 2.61835 2.33463</i>
                        <i>-0.0207307 0.999781 -0.00277343 -0.932948 -0.020342 -0.359435 -0.359413 -0.00486389 0.933166 -3.03908 2.62231 2.34184</i>
                        <i>-0.0207307 0.999781 -0.00277343 -0.932948 -0.020342 -0.359435 -0.359413 -0.00486389 0.933166 -3.03908 2.62231 2.34184</i>
                        <i>-0.0207307 0.999781 -0.00277343 -0.932948 -0.020342 -0.359435 -0.359413 -0.00486389 0.933166 -3.03908 2.62231 2.34184</i>
                        <i>-0.0207307 0.999781 -0.00277343 -0.932948 -0.020342 -0.359435 -0.359413 -0.00486389 0.933166 -3.03908 2.62231 2.34184</i>
                        <i>-0.0207307 0.999781 -0.00277343 -0.932948 -0.020342 -0.359435 -0.359413 -0.00486389 0.933166 -3.03908 2.62231 2.34184</i>
                        <i>-0.0207307 0.999781 -0.00277343 -0.932948 -0.020342 -0.359435 -0.359413 -0.00486389 0.933166 -3.03908 2.62231 2.34184</i>
                        <i>-0.0207307 0.999781 -0.00277343 -0.932948 -0.020342 -0.359435 -0.359413 -0.00486389 0.933166 -3.03908 2.62231 2.34184</i>
                        <i>-0.0207307 0.999781 -0.00277343 -0.932948 -0.020342 -0.359435 -0.359413 -0.00486389 0.933166 -3.03908 2.62231 2.34184</i>
                        <i>-0.0207307 0.999781 -0.00277343 -0.932948 -0.020342 -0.359435 -0.359413 -0.00486389 0.933166 -3.03908 2.62231 2.34184</i>
                        <i>-0.0207307 0.999781 -0.00277343 -0.932948 -0.020342 -0.359435 -0.359413 -0.00486389 0.933166 -3.03908 2.62231 2.34184</i>
                        <i>-0.0207307 0.999781 -0.00277343 -0.932948 -0.020342 -0.359435 -0.359413 -0.00486389 0.933166 -3.03908 2.62231 2.34184</i>
                    </KeyFrames>
                </p>
            </i>
            <i>
                <p>
                    <Name><![CDATA[spine1]]></Name>
                    <Exclude>0</Exclude>
                    <Additive>0</Additive>
                    <IKPriority>0</IKPriority>
                    <IKRotLimits>-1e+010 -1e+010 -1e+010 1e+010 1e+010 1e+010</IKRotLimits>
                    <IKRotLimitOrder>0</IKRotLimitOrder>
                    <KeyFrames count="101">
                        <i>-0.0353682 0.998034 0.0517407 -0.981726 -0.0250102 -0.188649 -0.186984 -0.0574674 0.980681 -3.04263 2.79347 2.34137</i>
                        <i>-0.0352637 0.998037 0.0517649 -0.981737 -0.0249056 -0.188603 -0.186944 -0.0574704 0.980688 -3.04263 2.79333 2.34148</i>
                        <i>-0.0349795 0.998044 0.0518151 -0.981768 -0.0246237 -0.188483 -0.186838 -0.0574634 0.980709 -3.04262 2.79293 2.34178</i>
                        <i>-0.0345594 0.998056 0.0518572 -0.98181 -0.0242123 -0.188316 -0.186695 -0.057422 0.980738 -3.04261 2.79231 2.34222</i>
                        <i>-0.0340474 0.998074 0.0518577 -0.981858 -0.0237194 -0.18813 -0.186538 -0.0573222 0.980774 -3.0426 2.79151 2.34272</i>
                        <i>-0.0334877 0.998097 0.0517841 -0.981905 -0.0231932 -0.187947 -0.186388 -0.057141 0.980813 -3.04258 2.79055 2.34324</i>
                        <i>-0.0329248 0.998125 0.0516042 -0.981948 -0.0226824 -0.187786 -0.186263 -0.0568554 0.980853 -3.04256 2.78946 2.34372</i>
                        <i>-0.0324036 0.998158 0.0512859 -0.981982 -0.0222364 -0.18766 -0.186174 -0.0564427 0.980894 -3.04255 2.78829 2.3441</i>
                        <i>-0.0319693 0.998197 0.0507968 -0.982005 -0.021905 -0.187581 -0.18613 -0.0558795 0.980935 -3.04253 2.78706 2.34432</i>
                        <i>-0.0316667 0.998242 0.050104 -0.982013 -0.0217379 -0.187558 -0.186139 -0.0551422 0.980975 -3.04252 2.78579 2.34433</i>
                        <i>-0.0315406 0.998292 0.0491747 -0.982002 -0.0217846 -0.187607 -0.186216 -0.054207 0.981012 -3.04251 2.78453 2.34406</i>
                        <i>-0.0368923 0.997721 0.0564873 -0.989998 -0.0287871 -0.138115 -0.136174 -0.0610177 0.988804 -3.05426 2.78289 2.32771</i>
                        <i>-0.0457704 0.99591 0.0779053 -0.99894 -0.0452498 -0.00843641 -0.00487669 -0.0782089 0.996925 -3.08353 2.78073 2.28823</i>
                        <i>-0.0467206 0.993067 0.107863 -0.983341 -0.0647126 0.16986 0.175663 -0.0981303 0.979547 -3.12113 2.77838 2.23906</i>
                        <i>-0.0332779 0.990102 0.136346 -0.929461 -0.0808096 0.359962 0.367417 -0.114749 0.92295 -3.1565 2.77605 2.19376</i>
                        <i>-0.00825108 0.98844 0.151387 -0.84556 -0.0877148 0.526625 0.533817 -0.123661 0.836509 -3.17745 2.77385 2.16496</i>
                        <i>0.017052 0.989059 0.146532 -0.74759 -0.0847051 0.658736 0.663941 -0.120779 0.737967 -3.17498 2.77065 2.15367</i>
                        <i>0.0330622 0.991445 0.126271 -0.644924 -0.0753537 0.760523 0.763531 -0.106579 0.636915 -3.15459 2.76637 2.15053</i>
                        <i>0.0385861 0.994331 0.0990793 -0.553547 -0.0612796 0.83056 0.831924 -0.0868931 0.548044 -3.12621 2.7627 2.1518</i>
                        <i>0.0377329 0.996468 0.0750216 -0.489104 -0.0470514 0.870956 0.871409 -0.069557 0.485601 -3.10076 2.76122 2.15438</i>
                        <i>0.0369061 0.997217 0.0647741 -0.465055 -0.0402327 0.884367 0.884512 -0.0627621 0.462276 -3.08949 2.76337 2.15579</i>
                        <i>0.0386844 0.997004 0.0669835 -0.465134 -0.0413622 0.884273 0.884395 -0.0653639 0.46214 -3.08954 2.77173 2.15591</i>
                        <i>0.0411479 0.996563 0.0718902 -0.465625 -0.0445345 0.883861 0.884025 -0.0698429 0.462192 -3.09038 2.78538 2.15606</i>
                        <i>0.0436449 0.996026 0.0776415 -0.466433 -0.0484103 0.883231 0.883479 -0.0747631 0.462466 -3.09155 2.80044 2.1562</i>
                        <i>0.0455198 0.995559 0.0823998 -0.467295 -0.0516835 0.88259 0.882929 -0.0786803 0.462867 -3.09261 2.81301 2.1563</i>
                        <i>0.0461338 0.995367 0.0843542 -0.46774 -0.0530905 0.88227 0.882662 -0.0801583 0.463123 -3.09311 2.81918 2.15633</i>
                        <i>0.0468993 0.995316 0.0845359 -0.468802 -0.0527982 0.881724 0.882058 -0.0809828 0.46413 -3.09308 2.82084 2.15619</i>
                        <i>0.0493551 0.995138 0.085235 -0.471355 -0.0520308 0.880408 0.880562 -0.0836285 0.466495 -3.09288 2.82234 2.15584</i>
                        <i>0.0530513 0.994836 0.0865322 -0.47463 -0.0511201 0.8787 0.878585 -0.0876869 0.469467 -3.09262 2.82344 2.15532</i>
                        <i>0.0575671 0.994412 0.0884958 -0.477838 -0.0503848 0.877002 0.87656 -0.0927731 0.472267 -3.0924 2.82389 2.15466</i>
                        <i>0.0625478 0.993867 0.0911905 -0.48015 -0.0501354 0.875752 0.874953 -0.0985616 0.47407 -3.09233 2.82345 2.15389</i>
                        <i>0.0677194 0.9932 0.0947002 -0.480696 -0.0506948 0.875421 0.874269 -0.104805 0.473994 -3.09253 2.82186 2.15302</i>
                        <i>0.0741546 0.992258 0.0996222 -0.480354 -0.0520045 0.875531 0.873934 -0.112779 0.472779 -3.09272 2.8183 2.15209</i>
                        <i>0.0819759 0.991008 0.105755 -0.480605 -0.0536509 0.875295 0.873097 -0.122579 0.471885 -3.09281 2.81311 2.15114</i>
                        <i>0.0892933 0.98971 0.111809 -0.481432 -0.0553839 0.874732 0.871923 -0.131936 0.471532 -3.09315 2.80785 2.15015</i>
                        <i>0.0937992 0.988796 0.116125 -0.482831 -0.0568254 0.873868 0.870676 -0.138037 0.472091 -3.09409 2.80403 2.14909</i>
                        <i>0.0939925 0.98859 0.117709 -0.484792 -0.0578196 0.872716 0.869564 -0.139093 0.473826 -3.09591 2.80226 2.14793</i>
                        <i>0.09116 0.988903 0.117306 -0.487105 -0.0584632 0.871384 0.868573 -0.136576 0.47637 -3.09828 2.80174 2.14674</i>
                        <i>0.0869626 0.989469 0.115711 -0.489426 -0.0587332 0.870065 0.867698 -0.132295 0.479164 -3.10066 2.80188 2.14567</i>
                        <i>0.0829676 0.990039 0.113753 -0.491262 -0.0586805 0.869033 0.867051 -0.127984 0.4815 -3.10251 2.80207 2.14487</i>
                        <i>0.0806469 0.990403 0.112242 -0.492014 -0.0583769 0.868628 0.866844 -0.125277 0.482585 -3.10329 2.80172 2.14452</i>
                        <i>0.0794043 0.990643 0.111 -0.491839 -0.0579197 0.868757 0.867058 -0.123577 0.482638 -3.10328 2.80111 2.14453</i>
                        <i>0.0777145 0.99096 0.109355 -0.491325 -0.0573748 0.869085 0.867502 -0.12127 0.482424 -3.10312 2.80099 2.14468</i>
                        <i>0.0756269 0.991341 0.107352 -0.490507 -0.0567482 0.869587 0.868149 -0.118421 0.481968 -3.10284 2.80133 2.14497</i>
                        <i>0.0731899 0.991772 0.105033 -0.489424 -0.0560449 0.870243 0.868969 -0.115099 0.481294 -3.10244 2.80199 2.14537</i>
                        <i>0.0704513 0.992241 0.10244 -0.48811 -0.0552695 0.871031 0.869934 -0.111367 0.480429 -3.10195 2.80294 2.14587</i>
                        <i>0.0674588 0.992737 0.0996154 -0.486602 -0.0544271 0.871927 0.871015 -0.107292 0.479396 -3.10136 2.80413 2.14646</i>
                        <i>0.0642611 0.993247 0.0966016 -0.484937 -0.0535234 0.87291 0.872185 -0.10294 0.478222 -3.10071 2.80553 2.14712</i>
                        <i>0.0609077 0.99376 0.0934432 -0.483151 -0.0525658 0.873958 0.873416 -0.098378 0.476934 -3.1 2.80708 2.14784</i>
                        <i>0.0574501 0.994267 0.0901864 -0.481281 -0.0515635 0.875048 0.874681 -0.0936766 0.47556 -3.09924 2.80874 2.14859</i>
                        <i>0.053941 0.994757 0.0868793 -0.479366 -0.0505276 0.876159 0.875956 -0.0889079 0.474127 -3.09847 2.81049 2.14938</i>
                        <i>0.0504353 0.995225 0.0835722 -0.477442 -0.0494716 0.87727 0.877215 -0.0841462 0.472667 -3.09768 2.81226 2.15017</i>
                        <i>0.04699 0.995661 0.0803178 -0.475549 -0.0484116 0.878356 0.878433 -0.079469 0.471211 -3.09689 2.81402 2.15096</i>
                        <i>0.0436637 0.996061 0.0771712 -0.473726 -0.0473661 0.879397 0.879589 -0.0749558 0.469792 -3.09612 2.81574 2.15172</i>
                        <i>0.0405172 0.996421 0.0741897 -0.472014 -0.0463557 0.880371 0.880659 -0.0706888 0.468447 -3.0954 2.81736 2.15245</i>
                        <i>0.0376126 0.996736 0.0714324 -0.470454 -0.0454034 0.881256 0.881623 -0.066752 0.46721 -3.09472 2.81884 2.15313</i>
                        <i>0.0350136 0.997005 0.0689602 -0.469087 -0.0445338 0.882029 0.882458 -0.0632313 0.466122 -3.09411 2.82015 2.15374</i>
                        <i>0.0327846 0.997225 0.0668349 -0.467955 -0.0437728 0.882668 0.883144 -0.0602136 0.465221 -3.09358 2.82124 2.15426</i>
                        <i>0.0309905 0.997396 0.065119 -0.467102 -0.0431465 0.88315 0.88366 -0.0577864 0.464548 -3.09315 2.82207 2.15469</i>
                        <i>0.0296959 0.997516 0.0638746 -0.466569 -0.0426811 0.883455 0.883986 -0.0560369 0.464142 -3.09284 2.8226 2.155</i>
                        <i>0.0289649 0.997583 0.0631629 -0.466399 -0.0424014 0.883558 0.8841 -0.0550513 0.464043 -3.09267 2.82279 2.15518</i>
                        <i>0.0288792 0.997587 0.0631385 -0.466415 -0.0424185 0.883548 0.884094 -0.0549649 0.464065 -3.09269 2.82268 2.15517</i>
                        <i>0.0294174 0.997526 0.0638433 -0.466415 -0.0427927 0.883531 0.884077 -0.0557686 0.464002 -3.09297 2.82233 2.15497</i>
                        <i>0.0304865 0.997409 0.0651673 -0.466399 -0.0434695 0.883506 0.884049 -0.0573289 0.463865 -3.09345 2.82175 2.15459</i>
                        <i>0.0319928 0.99724 0.0669992 -0.466369 -0.0443942 0.883476 0.884012 -0.0595112 0.463661 -3.09411 2.82095 2.15407</i>
                        <i>0.0338424 0.997027 0.0692272 -0.466326 -0.0455119 0.883442 0.883965 -0.0621802 0.463399 -3.0949 2.81991 2.15344</i>
                        <i>0.0359417 0.996776 0.0717402 -0.466271 -0.0467679 0.883405 0.883912 -0.0652014 0.463086 -3.09579 2.81866 2.15272</i>
                        <i>0.0381978 0.996494 0.0744285 -0.466205 -0.0481083 0.883368 0.883852 -0.0684417 0.462733 -3.09675 2.81719 2.15196</i>
                        <i>0.0405191 0.996193 0.0771838 -0.466131 -0.04948 0.883331 0.883787 -0.0717696 0.462352 -3.09772 2.8155 2.15117</i>
                        <i>0.0428149 0.995883 0.0799 -0.466052 -0.0508306 0.883296 0.883721 -0.0750558 0.461957 -3.09869 2.8136 2.1504</i>
