<?xml version="1.0" encoding="ISO-8859-1" ?>
<Animl Version="1">
    <ModellingPackage>
        <![CDATA[Maya.2010]]>
</ModellingPackage>
    <SrcFile>
        <![CDATA[anims\turrets\artillery\blue\~src\artillery_m102\artillery_m102_aim_low_crewman_a.mb]]>
</SrcFile>
    <FramesPerSecond>30</FramesPerSecond>
    <TotalFrames>30</TotalFrames>
    <Skeleton>
        <RefFrame>
            <Name>
                <![CDATA[soldier_ref_frame]]>
</Name>
            <Exclude>0</Exclude>
            <Additive>0</Additive>
            <IKPriority>0</IKPriority>
            <IKRotLimits>-1e+010 -1e+010 -1e+010 1e+010 1e+010 1e+010</IKRotLimits>
            <IKRotLimitOrder>0</IKRotLimitOrder>
            <KeyFrames count="30">
                <i>1 0 0 0 1 0 0 0 1 1.91 1.34 -1.08</i>
                <i>1 0 0 0 1 0 0 0 1 1.91 1.34 -1.08</i>
                <i>1 0 0 0 1 0 0 0 1 1.91 1.34 -1.08</i>
                <i>1 0 0 0 1 0 0 0 1 1.91 1.34 -1.08</i>
                <i>1 0 0 0 1 0 0 0 1 1.91 1.34 -1.08</i>
                <i>1 0 0 0 1 0 0 0 1 1.91 1.34 -1.08</i>
                <i>1 0 0 0 1 0 0 0 1 1.91 1.34 -1.08</i>
                <i>1 0 0 0 1 0 0 0 1 1.91 1.34 -1.08</i>
                <i>1 0 0 0 1 0 0 0 1 1.91 1.34 -1.08</i>
                <i>1 0 0 0 1 0 0 0 1 1.91 1.34 -1.08</i>
                <i>1 0 0 0 1 0 0 0 1 1.91 1.34 -1.08</i>
                <i>1 0 0 0 1 0 0 0 1 1.91 1.34 -1.08</i>
                <i>1 0 0 0 1 0 0 0 1 1.91 1.34 -1.08</i>
                <i>1 0 0 0 1 0 0 0 1 1.91 1.34 -1.08</i>
                <i>1 0 0 0 1 0 0 0 1 1.91 1.34 -1.08</i>
                <i>1 0 0 0 1 0 0 0 1 1.91 1.34 -1.08</i>
                <i>1 0 0 0 1 0 0 0 1 1.91 1.34 -1.08</i>
                <i>1 0 0 0 1 0 0 0 1 1.91 1.34 -1.08</i>
                <i>1 0 0 0 1 0 0 0 1 1.91 1.34 -1.08</i>
                <i>1 0 0 0 1 0 0 0 1 1.91 1.34 -1.08</i>
                <i>1 0 0 0 1 0 0 0 1 1.91 1.34 -1.08</i>
                <i>1 0 0 0 1 0 0 0 1 1.91 1.34 -1.08</i>
                <i>1 0 0 0 1 0 0 0 1 1.91 1.34 -1.08</i>
                <i>1 0 0 0 1 0 0 0 1 1.91 1.34 -1.08</i>
                <i>1 0 0 0 1 0 0 0 1 1.91 1.34 -1.08</i>
                <i>1 0 0 0 1 0 0 0 1 1.91 1.34 -1.08</i>
                <i>1 0 0 0 1 0 0 0 1 1.91 1.34 -1.08</i>
                <i>1 0 0 0 1 0 0 0 1 1.91 1.34 -1.08</i>
                <i>1 0 0 0 1 0 0 0 1 1.91 1.34 -1.08</i>
                <i>1 0 0 0 1 0 0 0 1 1.91 1.34 -1.08</i>
            </KeyFrames>
        </RefFrame>
        <Bones count="23">
            <i>
                <p>
                    <Name>
                        <![CDATA[pelvis]]>
</Name>
                    <Exclude>0</Exclude>
                    <Additive>0</Additive>
                    <IKPriority>0</IKPriority>
                    <IKRotLimits>-1e+010 -1e+010 -1e+010 1e+010 1e+010 1e+010</IKRotLimits>
                    <IKRotLimitOrder>2</IKRotLimitOrder>
                    <KeyFrames count="30">
                        <i>1 0 0 0 1 0 0 0 1 1.8817 2.24043 -1.03912</i>
                        <i>1 0 0 0 1 0 0 0 1 1.8817 2.24085 -1.03912</i>
                        <i>1 0 0 0 1 0 0 0 1 1.8817 2.24193 -1.03912</i>
                        <i>1 0 0 0 1 0 0 0 1 1.8817 2.24356 -1.03912</i>
                        <i>1 0 0 0 1 0 0 0 1 1.8817 2.24566 -1.03912</i>
                        <i>1 0 0 0 1 0 0 0 1 1.8817 2.24811 -1.03912</i>
                        <i>1 0 0 0 1 0 0 0 1 1.8817 2.2508 -1.03912</i>
                        <i>1 0 0 0 1 0 0 0 1 1.8817 2.25365 -1.03912</i>
                        <i>1 0 0 0 1 0 0 0 1 1.8817 2.25655 -1.03912</i>
                        <i>1 0 0 0 1 0 0 0 1 1.8817 2.25939 -1.03912</i>
                        <i>1 0 0 0 1 0 0 0 1 1.8817 2.26208 -1.03912</i>
                        <i>1 0 0 0 1 0 0 0 1 1.8817 2.26451 -1.03912</i>
                        <i>1 0 0 0 1 0 0 0 1 1.8817 2.26657 -1.03912</i>
                        <i>1 0 0 0 1 0 0 0 1 1.8817 2.26817 -1.03912</i>
                        <i>1 0 0 0 1 0 0 0 1 1.8817 2.26921 -1.03912</i>
                        <i>1 0 0 0 1 0 0 0 1 1.8817 2.26958 -1.03912</i>
                        <i>1 0 0 0 1 0 0 0 1 1.8817 2.26916 -1.03912</i>
                        <i>1 0 0 0 1 0 0 0 1 1.8817 2.26797 -1.03912</i>
                        <i>1 0 0 0 1 0 0 0 1 1.8817 2.26616 -1.03912</i>
                        <i>1 0 0 0 1 0 0 0 1 1.8817 2.26383 -1.03912</i>
                        <i>1 0 0 0 1 0 0 0 1 1.8817 2.26113 -1.03912</i>
                        <i>1 0 0 0 1 0 0 0 1 1.8817 2.25817 -1.03912</i>
                        <i>1 0 0 0 1 0 0 0 1 1.8817 2.25507 -1.03912</i>
                        <i>1 0 0 0 1 0 0 0 1 1.8817 2.25198 -1.03912</i>
                        <i>1 0 0 0 1 0 0 0 1 1.8817 2.24901 -1.03912</i>
                        <i>1 0 0 0 1 0 0 0 1 1.8817 2.24629 -1.03912</i>
                        <i>1 0 0 0 1 0 0 0 1 1.8817 2.24395 -1.03912</i>
                        <i>1 0 0 0 1 0 0 0 1 1.8817 2.24211 -1.03912</i>
                        <i>1 0 0 0 1 0 0 0 1 1.8817 2.24089 -1.03912</i>
                        <i>1 0 0 0 1 0 0 0 1 1.8817 2.24043 -1.03912</i>
                    </KeyFrames>
                </p>
            </i>
            <i>
                <p>
                    <Name>
                        <![CDATA[spine0]]>
</Name>
                    <Exclude>0</Exclude>
                    <Additive>0</Additive>
                    <IKPriority>0</IKPriority>
                    <IKRotLimits>-1e+010 -1e+010 -1e+010 1e+010 1e+010 1e+010</IKRotLimits>
                    <IKRotLimitOrder>0</IKRotLimitOrder>
                    <KeyFrames count="30">
                        <i>-0.49018 0.861385 0.133191 -0.0346449 0.133433 -0.990452 -0.870933 -0.490114 -0.0355635 1.90842 2.38136 -1.05013</i>
                        <i>-0.488814 0.862232 0.132731 -0.0342985 0.133035 -0.990518 -0.871714 -0.488731 -0.0354559 1.90861 2.38174 -1.05013</i>
                        <i>-0.486942 0.863373 0.132189 -0.0334852 0.13278 -0.99058 -0.872792 -0.486782 -0.0357461 1.90913 2.38272 -1.05012</i>
                        <i>-0.484693 0.864731 0.13158 -0.0323219 0.132622 -0.99064 -0.874087 -0.484409 -0.036331 1.90988 2.38421 -1.05011</i>
                        <i>-0.482186 0.866232 0.130917 -0.0309252 0.132513 -0.990699 -0.875523 -0.48175 -0.0371078 1.91079 2.38612 -1.0501</i>
                        <i>-0.479538 0.867806 0.130214 -0.0294114 0.132411 -0.990758 -0.877028 -0.478936 -0.0379724 1.91179 2.38836 -1.05009</i>
                        <i>-0.476852 0.869394 0.129487 -0.0278974 0.132271 -0.990821 -0.878541 -0.476088 -0.0388198 1.91278 2.39084 -1.05007</i>
                        <i>-0.47435 0.870863 0.1288 -0.0265067 0.132112 -0.99088 -0.879937 -0.473438 -0.0395838 1.91369 2.39349 -1.05006</i>
                        <i>-0.472317 0.872049 0.128246 -0.0253653 0.13199 -0.990926 -0.881064 -0.471285 -0.0402214 1.91444 2.39621 -1.05005</i>
                        <i>-0.470868 0.872891 0.127845 -0.0245887 0.131873 -0.990962 -0.881861 -0.469755 -0.0406316 1.91495 2.39893 -1.05004</i>
                        <i>-0.469977 0.873414 0.127555 -0.0242854 0.13166 -0.990997 -0.882344 -0.468844 -0.0406659 1.91514 2.40158 -1.05004</i>
                        <i>-0.469599 0.873641 0.127388 -0.024341 0.131421 -0.991028 -0.882544 -0.468486 -0.0404497 1.91508 2.40402 -1.05004</i>
                        <i>-0.469671 0.873606 0.127367 -0.0245565 0.131287 -0.99104 -0.8825 -0.46859 -0.0402089 1.91493 2.40612 -1.05004</i>
                        <i>-0.470164 0.873323 0.127484 -0.0249139 0.131254 -0.991036 -0.882227 -0.469126 -0.0399531 1.91469 2.40778 -1.05004</i>
                        <i>-0.471052 0.872809 0.127727 -0.0253959 0.131319 -0.991015 -0.88174 -0.470063 -0.039692 1.91437 2.40889 -1.05005</i>
                        <i>-0.472302 0.872081 0.128086 -0.0259854 0.131476 -0.990979 -0.881054 -0.47137 -0.039435 1.91399 2.40934 -1.05005</i>
                        <i>-0.473885 0.871153 0.128553 -0.0266654 0.131722 -0.990928 -0.880183 -0.473014 -0.0391915 1.91356 2.40902 -1.05006</i>
                        <i>-0.475768 0.870043 0.129117 -0.0274192 0.132054 -0.990863 -0.879144 -0.474961 -0.0389709 1.91308 2.40794 -1.05007</i>
                        <i>-0.477914 0.868768 0.129771 -0.0282301 0.132468 -0.990785 -0.877953 -0.477174 -0.0387828 1.91258 2.40624 -1.05007</i>
                        <i>-0.48029 0.867346 0.130507 -0.0290814 0.132963 -0.990694 -0.876628 -0.479616 -0.038637 1.91205 2.40403 -1.05008</i>
                        <i>-0.482847 0.865803 0.131313 -0.0299557 0.133533 -0.990592 -0.875192 -0.482238 -0.0385403 1.91152 2.40143 -1.05009</i>
                        <i>-0.485244 0.864348 0.132061 -0.0308169 0.134034 -0.990497 -0.873836 -0.484703 -0.0384026 1.911 2.39858 -1.0501</i>
                        <i>-0.487209 0.863152 0.13265 -0.0316313 0.134355 -0.990428 -0.872712 -0.486741 -0.0381564 1.91049 2.3956 -1.0501</i>
                        <i>-0.488756 0.862209 0.133091 -0.0323819 0.13452 -0.990382 -0.871819 -0.488365 -0.0378275 1.91002 2.3926 -1.05011</i>
                        <i>-0.489901 0.861512 0.133396 -0.0330523 0.134551 -0.990355 -0.871151 -0.489585 -0.0374418 1.90958 2.38972 -1.05012</i>
                        <i>-0.490659 0.861053 0.133574 -0.0336261 0.134469 -0.990347 -0.870702 -0.490415 -0.0370248 1.90919 2.38707 -1.05012</i>
                        <i>-0.491048 0.860822 0.133632 -0.0340875 0.134296 -0.990355 -0.870465 -0.490867 -0.0366025 1.90888 2.38479 -1.05012</i>
                        <i>-0.491085 0.860809 0.133582 -0.034421 0.134051 -0.990376 -0.870431 -0.490957 -0.0362008 1.90863 2.38299 -1.05013</i>
                        <i>-0.490789 0.861001 0.133431 -0.0346116 0.133757 -0.99041 -0.870591 -0.4907 -0.0358457 1.90848 2.38181 -1.05013</i>
                        <i>-0.49018 0.861385 0.133191 -0.0346449 0.133433 -0.990452 -0.870933 -0.490114 -0.0355635 1.90842 2.38136 -1.05013</i>
                    </KeyFrames>
                </p>
            </i>
            <i>
                <p>
                    <Name>
                        <![CDATA[spine1]]>
</Name>
                    <Exclude>0</Exclude>
                    <Additive>0</Additive>
                    <IKPriority>0</IKPriority>
                    <IKRotLimits>-1e+010 -1e+010 -1e+010 1e+010 1e+010 1e+010</IKRotLimits>
                    <IKRotLimitOrder>0</IKRotLimitOrder>
                    <KeyFrames count="30">
                        <i>-0.84185 0.476141 0.254124 -0.217344 0.1319 -0.967142 -0.494015 -0.869421 -0.00755373 1.82183 2.5336 -1.02659</i>
                        <i>-0.843436 0.473168 0.254414 -0.218174 0.131073 -0.967068 -0.490933 -0.871167 -0.00731903 1.82218 2.53426 -1.02665</i>
                        <i>-0.845232 0.470066 0.254207 -0.218606 0.129932 -0.967124 -0.487642 -0.873015 -0.00706381 1.82288 2.53572 -1.0267</i>
                        <i>-0.847025 0.467175 0.253568 -0.218666 0.128557 -0.967294 -0.484493 -0.874769 -0.00673599 1.82382 2.53782 -1.02674</i>
                        <i>-0.848611 0.464834 0.252564 -0.218387 0.127026 -0.96756 -0.481837 -0.876238 -0.00628169 1.82494 2.54044 -1.02678</i>
                        <i>-0.849795 0.463374 0.251265 -0.217803 0.125411 -0.967902 -0.480012 -0.877244 -0.00564984 1.82614 2.54344 -1.02682</i>
                        <i>-0.850389 0.463109 0.249737 -0.216952 0.123788 -0.968302 -0.479344 -0.877614 -0.00479533 1.82736 2.54668 -1.02686</i>
                        <i>-0.850398 0.463958 0.248125 -0.215932 0.122287 -0.96872 -0.479788 -0.877376 -0.0038097 1.82849 2.55001 -1.02691</i>
                        <i>-0.849932 0.465617 0.246611 -0.214863 0.121074 -0.96911 -0.481093 -0.876665 -0.0028607 1.82942 2.55329 -1.02695</i>
                        <i>-0.84895 0.468085 0.245315 -0.213842 0.12023 -0.969441 -0.483275 -0.875466 -0.00197326 1.83007 2.55639 -1.02698</i>
                        <i>-0.847396 0.471395 0.244349 -0.212988 0.119766 -0.969687 -0.48637 -0.873752 -0.00108778 1.83038 2.5592 -1.02702</i>
                        <i>-0.845439 0.47526 0.243642 -0.212247 0.119636 -0.969865 -0.490086 -0.871674 -0.000272996 1.83042 2.56163 -1.02706</i>
                        <i>-0.843339 0.479273 0.243056 -0.211498 0.119769 -0.970012 -0.494011 -0.869455 0.000359951 1.83031 2.56362 -1.02708</i>
                        <i>-0.841173 0.483294 0.242601 -0.210764 0.120144 -0.970126 -0.498003 -0.867175 0.000799235 1.83006 2.56508 -1.02708</i>
                        <i>-0.839016 0.487182 0.242292 -0.210065 0.120744 -0.970203 -0.501921 -0.864913 0.00103418 1.82969 2.56591 -1.02707</i>
                        <i>-0.836951 0.490798 0.242139 -0.209424 0.121548 -0.970241 -0.505623 -0.862754 0.00105552 1.8292 2.56602 -1.02704</i>
                        <i>-0.835059 0.494 0.242157 -0.208867 0.122536 -0.970237 -0.50897 -0.860784 0.000855432 1.82861 2.56528 -1.027</i>
                        <i>-0.833428 0.496649 0.242358 -0.208421 0.123687 -0.970187 -0.511819 -0.859093 0.000427405 1.82794 2.56375 -1.02695</i>
                        <i>-0.832144 0.498604 0.242757 -0.208114 0.124979 -0.970087 -0.514028 -0.857773 -0.000234064 1.82719 2.56154 -1.02688</i>
                        <i>-0.831297 0.499719 0.243366 -0.207978 0.126386 -0.969934 -0.515452 -0.856917 -0.00113394 1.8264 2.5588 -1.0268</i>
                        <i>-0.830959 0.499877 0.244193 -0.208043 0.127881 -0.969724 -0.515971 -0.856603 -0.00226812 1.82556 2.55566 -1.0267</i>
                        <i>-0.831079 0.499187 0.245192 -0.208373 0.129273 -0.969468 -0.515643 -0.856797 -0.00341937 1.82475 2.5523 -1.02661</i>
                        <i>-0.831583 0.497797 0.246309 -0.209 0.13041 -0.969181 -0.514576 -0.857433 -0.00440723 1.82402 2.54886 -1.02655</i>
                        <i>-0.832423 0.495796 0.247504 -0.209875 0.131295 -0.968873 -0.512859 -0.858457 -0.00523811 1.82339 2.54549 -1.02651</i>
                        <i>-0.833552 0.493276 0.248739 -0.210947 0.131937 -0.968553 -0.510581 -0.859809 -0.0059218 1.82285 2.54231 -1.02649</i>
                        <i>-0.834921 0.490327 0.249973 -0.212162 0.132347 -0.968231 -0.507833 -0.861431 -0.00647011 1.82241 2.53944 -1.02649</i>
                        <i>-0.836482 0.487043 0.251169 -0.213466 0.132535 -0.967919 -0.504707 -0.863263 -0.00689567 1.82208 2.537 -1.0265</i>
                        <i>-0.838189 0.483519 0.252286 -0.214802 0.132514 -0.967626 -0.501297 -0.865245 -0.00721088 1.82187 2.53514 -1.02652</i>
                        <i>-0.839994 0.479852 0.253284 -0.216114 0.132298 -0.967363 -0.4977 -0.867317 -0.00742705 1.82179 2.53396 -1.02655</i>
                        <i>-0.84185 0.476141 0.254124 -0.217344 0.1319 -0.967142 -0.494015 -0.869421 -0.00755373 1.82183 2.5336 -1.02659</i>
                    </KeyFrames>
                </p>
            </i>
            <i>
                <p>
                    <Name>
                        <![CDATA[spine2]]>
</Name>
                    <Exclude>0</Exclude>
                    <Additive>0</Additive>
                    <IKPriority>0</IKPriority>
                    <IKRotLimits>-1e+010 -1e+010 -1e+010 1e+010 1e+010 1e+010</IKRotLimits>
                    <IKRotLimitOrder>0</IKRotLimitOrder>
                    <KeyFrames count="30">
                        <i>-0.885171 0.440269 0.150451 -0.229087 -0.130973 -0.964554 -0.404959 -0.888262 0.216793 1.6851 2.61068 -0.98518</i>
                        <i>-0.888738 0.432419 0.15218 -0.229045 -0.13131 -0.964518 -0.397094 -0.89206 0.215744 1.68508 2.61092 -0.985156</i>
                        <i>-0.892312 0.424447 0.153701 -0.228884 -0.131925 -0.964473 -0.389091 -0.89579 0.214867 1.68524 2.61199 -0.985164</i>
                        <i>-0.895635 0.416928 0.154948 -0.228641 -0.132743 -0.964418 -0.381524 -0.899194 0.214216 1.68556 2.6138 -0.985208</i>
                        <i>-0.898472 0.410434 0.155858 -0.228361 -0.133695 -0.964353 -0.374966 -0.902036 0.213849 1.68601 2.61624 -0.98529</i>
                        <i>-0.900607 0.40553 0.156373 -0.228089 -0.134718 -0.964275 -0.369976 -0.9041 0.213825 1.6866 2.61922 -0.985414</i>
                        <i>-0.901837 0.402765 0.156433 -0.227875 -0.135754 -0.96418 -0.367102 -0.90518 0.214208 1.68729 2.62264 -0.985584</i>
                        <i>-0.902149 0.402206 0.156069 -0.227737 -0.136721 -0.964076 -0.366419 -0.905283 0.21494 1.68803 2.62632 -0.985783</i>
                        <i>-0.901626 0.403651 0.155358 -0.227671 -0.137525 -0.963978 -0.367745 -0.904518 0.215895 1.68873 2.63004 -0.98598</i>
                        <i>-0.90026 0.407072 0.15435 -0.227705 -0.138104 -0.963887 -0.371055 -0.902895 0.217022 1.68934 2.63365 -0.986169</i>
                        <i>-0.898135 0.412185 0.15316 -0.227884 -0.138419 -0.963799 -0.376063 -0.900524 0.218249 1.68985 2.63704 -0.986349</i>
                        <i>-0.895384 0.418619 0.151805 -0.228153 -0.138519 -0.963721 -0.382404 -0.897536 0.219537 1.69025 2.6401 -0.986516</i>
                        <i>-0.892174 0.425963 0.150268 -0.228427 -0.138486 -0.963661 -0.389674 -0.894079 0.220856 1.69057 2.64271 -0.98666</i>
                        <i>-0.888618 0.433906 0.148606 -0.228694 -0.138328 -0.963621 -0.397564 -0.890276 0.222152 1.69081 2.64476 -0.986778</i>
                        <i>-0.884838 0.44214 0.146883 -0.22894 -0.138052 -0.963602 -0.405769 -0.886259 0.223377 1.69095 2.64615 -0.986866</i>
                        <i>-0.880968 0.45036 0.145161 -0.229154 -0.137666 -0.963606 -0.413986 -0.88217 0.224482 1.691 2.64675 -0.986921</i>
                        <i>-0.877152 0.458268 0.143508 -0.229327 -0.137181 -0.963634 -0.421916 -0.878164 0.225422 1.69094 2.64642 -0.98694</i>
                        <i>-0.873549 0.465565 0.141992 -0.229448 -0.136605 -0.963687 -0.429262 -0.874407 0.226154 1.69076 2.6452 -0.986919</i>
                        <i>-0.870325 0.471957 0.140684 -0.22951 -0.13595 -0.963765 -0.435729 -0.871077 0.22664 1.69046 2.64318 -0.986854</i>
                        <i>-0.867654 0.47715 0.139655 -0.229507 -0.135227 -0.963867 -0.441024 -0.868356 0.226839 1.69005 2.64049 -0.986743</i>
                        <i>-0.8657 0.480885 0.138971 -0.229436 -0.13445 -0.963993 -0.444885 -0.866414 0.226725 1.68951 2.63724 -0.986583</i>
                        <i>-0.864725 0.482695 0.138767 -0.229344 -0.13369 -0.96412 -0.446824 -0.865525 0.226308 1.68891 2.63362 -0.986401</i>
                        <i>-0.864867 0.48234 0.139114 -0.229274 -0.133005 -0.964232 -0.446585 -0.865828 0.22562 1.6883 2.62984 -0.986219</i>
                        <i>-0.865995 0.480074 0.139935 -0.229224 -0.132405 -0.964326 -0.44442 -0.867178 0.224706 1.68772 2.62604 -0.986039</i>
                        <i>-0.867965 0.476144 0.141153 -0.229191 -0.131897 -0.964404 -0.440577 -0.869419 0.22361 1.68715 2.62235 -0.985864</i>
                        <i>-0.870627 0.470796 0.142688 -0.229171 -0.13149 -0.964464 -0.435304 -0.872388 0.222371 1.68663 2.61893 -0.985699</i>
                        <i>-0.873828 0.464279 0.144464 -0.229158 -0.131189 -0.964508 -0.428849 -0.875919 0.22103 1.68615 2.6159 -0.985544</i>
                        <i>-0.877416 0.456846 0.1464 -0.229144 -0.131 -0.964537 -0.421466 -0.879847 0.219625 1.68572 2.61342 -0.985405</i>
                        <i>-0.881244 0.448754 0.148421 -0.229123 -0.130927 -0.964552 -0.413415 -0.884012 0.218198 1.68537 2.61163 -0.985282</i>
                        <i>-0.885171 0.440269 0.150451 -0.229087 -0.130973 -0.964554 -0.404959 -0.888262 0.216793 1.6851 2.61068 -0.98518</i>
                    </KeyFrames>
                </p>
            </i>
            <i>
                <p>
                    <Name>
                        <![CDATA[head]]>
</Name>
                    <Exclude>0</Exclude>
                    <Additive>0</Additive>
                    <IKPriority>0</IKPriority>
                    <IKRotLimits>-1e+010 -1e+010 -1e+010 1e+010 1e+010 1e+010</IKRotLimits>
                    <IKRotLimitOrder>0</IKRotLimitOrder>
                    <KeyFrames count="30">
                        <i>-0.255769 0.963389 0.0803934 0.966329 0.252355 0.0502559 0.0281283 0.0905403 -0.995495 1.47269 2.74757 -0.962549</i>
                        <i>-0.27539 0.957678 0.0837445 0.96104 0.272112 0.0485478 0.0237053 0.0938515 -0.995304 1.47123 2.74571 -0.961913</i>
                        <i>-0.295385 0.951267 0.0885358 0.955238 0.292484 0.0444236 0.0163633 0.0976948 -0.995082 1.46988 2.74468 -0.961321</i>
                        <i>-0.314656 0.944514 0.0942628 0.94918 0.312353 0.0386479 0.00706021 0.101633 -0.994797 1.46873 2.74453 -0.960811</i>
                        <i>-0.332138 0.937874 0.100382 0.943225 0.330614 0.0319476 -0.00322494 0.105294 -0.994436 1.46785 2.74529 -0.96042</i>
                        <i>-0.346804 0.931894 0.106304 0.93784 0.346165 0.0250078 -0.0134939 0.108369 -0.994019 1.46733 2.74702 -0.960184</i>
                        <i>-0.357661 0.927185 0.111389 0.933575 0.357906 0.018476 -0.022736 0.110598 -0.993605 1.46725 2.74975 -0.960142</i>
                        <i>-0.364231 0.924166 0.115124 0.930824 0.365237 0.01299 -0.0300425 0.111891 -0.993266 1.46758 2.75332 -0.960282</i>
                        <i>-0.366303 0.923103 0.117061 0.929853 0.367816 0.00919337 -0.0345706 0.112217 -0.993082 1.46824 2.75747 -0.960568</i>
                        <i>-0.363538 0.924241 0.116702 0.930903 0.365186 0.00770394 -0.0354976 0.111439 -0.993137 1.4692 2.76203 -0.96099</i>
                        <i>-0.356376 0.927288 0.114598 0.933733 0.357884 0.00783961 -0.0337432 0.109798 -0.993381 1.4704 2.7668 -0.96152</i>
                        <i>-0.34564 0.931701 0.111649 0.937862 0.346905 0.00851539 -0.0307978 0.107655 -0.993711 1.47179 2.77158 -0.962135</i>
                        <i>-0.331972 0.937083 0.108023 0.942907 0.332915 0.00971924 -0.0268548 0.105083 -0.994101 1.47333 2.77615 -0.962809</i>
                        <i>-0.316024 0.943046 0.103892 0.948494 0.31659 0.0114361 -0.0221065 0.102155 -0.994523 1.47495 2.78032 -0.963516</i>
                        <i>-0.298461 0.949229 0.0994298 0.954275 0.298618 0.0136418 -0.0167423 0.098955 -0.994951 1.47659 2.7839 -0.96423</i>
                        <i>-0.279966 0.955317 0.0948088 0.959948 0.279706 0.0162992 -0.0109476 0.0955746 -0.995362 1.4782 2.78667 -0.964924</i>
                        <i>-0.261246 0.961049 0.0901978 0.96526 0.260574 0.0193548 -0.00490229 0.0921206 -0.995736 1.47971 2.78844 -0.965571</i>
                        <i>-0.243022 0.966222 0.0857592 0.97002 0.241959 0.0227381 0.00121987 0.088714 -0.996056 1.48105 2.78913 -0.966141</i>
                        <i>-0.226036 0.970691 0.0816467 0.974092 0.22461 0.0263629 0.0072515 0.0854903 -0.996313 1.48215 2.78879 -0.966608</i>
                        <i>-0.211036 0.974361 0.078004 0.977391 0.209281 0.0301286 0.0130314 0.0825986 -0.996498 1.48295 2.78745 -0.966942</i>
                        <i>-0.19874 0.977182 0.0749524 0.979879 0.196686 0.0339262 0.01841 0.0801867 -0.99661 1.48338 2.78517 -0.96712</i>
                        <i>-0.190354 0.97902 0.072699 0.981444 0.188039 0.0375297 0.0230721 0.0784939 -0.996648 1.48337 2.78202 -0.967115</i>
                        <i>-0.186367 0.979885 0.0713615 0.982115 0.183824 0.0407368 0.0267994 0.0776772 -0.996618 1.48292 2.77811 -0.966922</i>
                        <i>-0.186281 0.979938 0.0708565 0.98205 0.183537 0.0434957 0.0296183 0.077687 -0.996538 1.48208 2.77368 -0.966567</i>
                        <i>-0.189894 0.979227 0.071092 0.981298 0.186971 0.0457898 0.0315465 0.0784576 -0.996418 1.48093 2.76891 -0.966078</i>
                        <i>-0.196995 0.977759 0.0719788 0.979863 0.193914 0.0476121 0.0325955 0.0799087 -0.996269 1.47952 2.76403 -0.965481</i>
                        <i>-0.207364 0.975504 0.0734315 0.977715 0.204148 0.0489629 0.0327727 0.0819482 -0.996098 1.47793 2.75925 -0.964804</i>
                        <i>-0.220774 0.972409 0.0753683 0.974797 0.217452 0.0498477 0.0320833 0.0844739 -0.995909 1.47622 2.75477 -0.964072</i>
                        <i>-0.236989 0.968399 0.0777126 0.971032 0.233599 0.0502751 0.0305328 0.0873761 -0.995707 1.47445 2.7508 -0.963312</i>
                        <i>-0.255769 0.963389 0.0803934 0.966329 0.252355 0.0502559 0.0281283 0.0905403 -0.995495 1.47269 2.74757 -0.962549</i>
                    </KeyFrames>
                </p>
            </i>
            <i>
                <p>
                    <Name>
                        <![CDATA[head_prop]]>
</Name>
                    <Exclude>0</Exclude>
                    <Additive>0</Additive>
                    <IKPriority>0</IKPriority>
                    <IKRotLimits>-1e+010 -1e+010 -1e+010 1e+010 1e+010 1e+010</IKRotLimits>
                    <IKRotLimitOrder>0</IKRotLimitOrder>
                    <KeyFrames count="30">
                        <i>-0.0281283 -0.0905403 0.995495 -0.255769 0.963389 0.0803934 -0.966329 -0.252355 -0.0502559 1.38933 3.06155 -0.936348</i>
                        <i>-0.0237053 -0.0938515 0.995304 -0.27539 0.957678 0.0837445 -0.96104 -0.272112 -0.0485478 1.38147 3.05782 -0.93462</i>
                        <i>-0.0163633 -0.0976948 0.995082 -0.295385 0.951267 0.0885358 -0.955238 -0.292484 -0.0444236 1.37361 3.05471 -0.932467</i>
                        <i>-0.00706021 -0.101633 0.994797 -0.314656 0.944514 0.0942628 -0.94918 -0.312353 -0.0386479 1.36618 3.05235 -0.93009</i>
                        <i>0.00322494 -0.105294 0.994436 -0.332138 0.937874 0.100382 -0.943225 -0.330614 -0.0319476 1.3596 3.05096 -0.927704</i>
                        <i>0.0134939 -0.108369 0.994019 -0.346804 0.931894 0.106304 -0.93784 -0.346165 -0.0250078 1.35431 3.05073 -0.925538</i>
                        <i>0.022736 -0.110598 0.993605 -0.357661 0.927185 0.111389 -0.933575 -0.357906 -0.018476 1.35069 3.05193 -0.923839</i>
                        <i>0.0300425 -0.111891 0.993266 -0.364231 0.924166 0.115124 -0.930824 -0.365237 -0.01299 1.34888 3.05452 -0.922762</i>
                        <i>0.0345706 -0.112217 0.993082 -0.366303 0.923103 0.117061 -0.929853 -0.367816 -0.00919337 1.34886 3.05832 -0.922417</i>
                        <i>0.0354976 -0.111439 0.993137 -0.363538 0.924241 0.116702 -0.930903 -0.365186 -0.00770394 1.35072 3.06325 -0.922956</i>
                        <i>0.0337432 -0.109798 0.993381 -0.356376 0.927288 0.114598 -0.933733 -0.357884 -0.00783961 1.35425 3.06901 -0.924172</i>
                        <i>0.0307978 -0.107655 0.993711 -0.34564 0.931701 0.111649 -0.937862 -0.346905 -0.00851539 1.35915 3.07523 -0.925748</i>
                        <i>0.0268548 -0.105083 0.994101 -0.331972 0.937083 0.108023 -0.942907 -0.332915 -0.00971924 1.36514 3.08155 -0.927603</i>
                        <i>0.0221065 -0.102155 0.994523 -0.316024 0.943046 0.103892 -0.948494 -0.31659 -0.0114361 1.37195 3.08767 -0.929657</i>
                        <i>0.0167423 -0.098955 0.994951 -0.298461 0.949229 0.0994298 -0.954275 -0.298618 -0.0136418 1.37932 3.09326 -0.931825</i>
                        <i>0.0109476 -0.0955746 0.995362 -0.279966 0.955317 0.0948088 -0.959948 -0.279706 -0.0162992 1.38696 3.09802 -0.934025</i>
                        <i>0.00490229 -0.0921206 0.995736 -0.261246 0.961049 0.0901978 -0.96526 -0.260574 -0.0193548 1.39457 3.10166 -0.936174</i>
                        <i>-0.00121987 -0.088714 0.996056 -0.243022 0.966222 0.0857592 -0.97002 -0.241959 -0.0227381 1.40184 3.10403 -0.938192</i>
                        <i>-0.0072515 -0.0854903 0.996313 -0.226036 0.970691 0.0816467 -0.974092 -0.22461 -0.0263629 1.40848 3.10515 -0.939999</i>
                        <i>-0.0130314 -0.0825986 0.996498 -0.211036 0.974361 0.078004 -0.977391 -0.209281 -0.0301286 1.41417 3.10501 -0.94152</i>
                        <i>-0.01841 -0.0801867 0.99661 -0.19874 0.977182 0.0749524 -0.979879 -0.196686 -0.0339262 1.4186 3.10364 -0.942692</i>
                        <i>-0.0230721 -0.0784939 0.996648 -0.190354 0.97902 0.072699 -0.981444 -0.188039 -0.0375297 1.42133 3.10109 -0.943422</i>
                        <i>-0.0267994 -0.0776772 0.996618 -0.186367 0.979885 0.0713615 -0.982115 -0.183824 -0.0407368 1.42218 3.09747 -0.943664</i>
                        <i>-0.0296183 -0.077687 0.996538 -0.186281 0.979938 0.0708565 -0.98205 -0.183537 -0.0434957 1.42137 3.09305 -0.943474</i>
                        <i>-0.0315465 -0.0784576 0.996418 -0.189894 0.979227 0.071092 -0.981298 -0.186971 -0.0457898 1.41904 3.08805 -0.942908</i>
                        <i>-0.0325955 -0.0799087 0.996269 -0.196995 0.977759 0.0719788 -0.979863 -0.193914 -0.0476121 1.41532 3.08269 -0.942023</i>
                        <i>-0.0327727 -0.0819482 0.996098 -0.207364 0.975504 0.0734315 -0.977715 -0.204148 -0.0489629 1.41035 3.07717 -0.940872</i>
                        <i>-0.0320833 -0.0844739 0.995909 -0.220774 0.972409 0.0753683 -0.974797 -0.217452 -0.0498477 1.40426 3.07168 -0.939509</i>
                        <i>-0.0305328 -0.0873761 0.995707 -0.236989 0.968399 0.0777126 -0.971032 -0.233599 -0.0502751 1.39721 3.06641 -0.937985</i>
                        <i>-0.0281283 -0.0905403 0.995495 -0.255769 0.963389 0.0803934 -0.966329 -0.252355 -0.0502559 1.38933 3.06155 -0.936348</i>
                    </KeyFrames>
                </p>
            </i>
            <i>
                <p>
                    <Name>
                        <![CDATA[l_clav]]>
</Name>
                    <Exclude>0</Exclude>
                    <Additive>0</Additive>
                    <IKPriority>0</IKPriority>
                    <IKRotLimits>-1e+010 -1e+010 -1e+010 1e+010 1e+010 1e+010</IKRotLimits>
                    <IKRotLimitOrder>0</IKRotLimitOrder>
                    <KeyFrames count="30">
                        <i>0.128504 0.502502 0.854973 -0.713132 0.645922 -0.272449 -0.689152 -0.574697 0.441354 1.62496 2.61597 -0.877073</i>
                        <i>0.126376 0.499797 0.856874 -0.720801 0.639724 -0.26683 -0.681524 -0.583915 0.4411 1.62515 2.61564 -0.877041</i>
                        <i>0.128361 0.493636 0.860144 -0.728167 0.635725 -0.256176 -0.673273 -0.593445 0.441052 1.62544 2.61618 -0.877054</i>
                        <i>0.133835 0.485014 0.864205 -0.734773 0.633725 -0.241872 -0.664979 -0.602623 0.441189 1.62582 2.61752 -0.877113</i>
                        <i>0.142097 0.474869 0.868509 -0.740152 0.633568 -0.225315 -0.657254 -0.610812 0.441504 1.62627 2.61962 -0.87722</i>
                        <i>0.152366 0.464092 0.872584 -0.74386 0.635167 -0.20793 -0.650735 -0.6174 0.441997 1.62679 2.62239 -0.877374</i>
                        <i>0.163789 0.453524 0.876065 -0.745496 0.638507 -0.191166 -0.646072 -0.621792 0.442681 1.62735 2.62579 -0.877578</i>
                        <i>0.17526 0.443935 0.878752 -0.745067 0.64325 -0.176365 -0.643552 -0.62382 0.443497 1.62792 2.6296 -0.877811</i>
                        <i>0.185567 0.436083 0.880566 -0.74283 0.648879 -0.164803 -0.643249 -0.623529 0.444346 1.62842 2.63359 -0.87804</i>
                        <i>0.193604 0.430806 0.881433 -0.739017 0.654948 -0.157787 -0.645268 -0.620846 0.445173 1.62883 2.63759 -0.878255</i>
                        <i>0.198199 0.429012 0.881287 -0.734192 0.660661 -0.156493 -0.649369 -0.616016 0.445919 1.62915 2.64146 -0.878452</i>
                        <i>0.200297 0.429839 0.880409 -0.728507 0.666206 -0.159521 -0.655102 -0.609433 0.44658 1.62939 2.64507 -0.87863</i>
                        <i>0.201602 0.431716 0.879192 -0.721943 0.672117 -0.16449 -0.661933 -0.601565 0.447174 1.62955 2.64829 -0.878785</i>
                        <i>0.202159 0.434534 0.877674 -0.714751 0.678125 -0.171105 -0.669524 -0.592728 0.447673 1.62962 2.65097 -0.878913</i>
                        <i>0.20201 0.438185 0.875891 -0.707192 0.683969 -0.179069 -0.677548 -0.583249 0.44805 1.62961 2.65298 -0.87901</i>
                        <i>0.201191 0.442558 0.873879 -0.699534 0.689403 -0.188083 -0.685693 -0.573468 0.448286 1.6295 2.65419 -0.879072</i>
                        <i>0.199723 0.447533 0.871679 -0.692058 0.6942 -0.197845 -0.693661 -0.563739 0.448367 1.62931 2.65444 -0.879096</i>
                        <i>0.197617 0.452983 0.869341 -0.685055 0.69815 -0.208056 -0.701176 -0.554431 0.448284 1.62902 2.65372 -0.879076</i>
                        <i>0.194864 0.458771 0.866924 -0.678823 0.701066 -0.218417 -0.707974 -0.545927 0.448037 1.62864 2.65211 -0.87901</i>
                        <i>0.191438 0.464752 0.864498 -0.673671 0.702777 -0.228631 -0.713806 -0.538619 0.447628 1.62817 2.64972 -0.878892</i>
                        <i>0.187312 0.470772 0.862142 -0.669877 0.703152 -0.238416 -0.718456 -0.53287 0.447068 1.62761 2.64662 -0.87872</i>
                        <i>0.182311 0.476698 0.859955 -0.668109 0.701744 -0.247357 -0.721382 -0.529448 0.446422 1.62704 2.643 -0.878519</i>
                        <i>0.176365 0.48238 0.858024 -0.668746 0.69834 -0.255147 -0.722271 -0.528801 0.445752 1.62653 2.63905 -0.878312</i>
                        <i>0.169685 0.487648 0.856391 -0.671459 0.693283 -0.261728 -0.721353 -0.53062 0.445076 1.62609 2.63493 -0.878103</i>
                        <i>0.162505 0.49234 0.855099 -0.675918 0.686895 -0.267041 -0.718838 -0.534581 0.444405 1.62572 2.63081 -0.877897</i>
                        <i>0.155072 0.496305 0.854186 -0.68179 0.67949 -0.271027 -0.714923 -0.540347 0.443746 1.62542 2.62685 -0.877698</i>
                        <i>0.147658 0.499409 0.853691 -0.688754 0.671377 -0.273626 -0.7098 -0.547579 0.443104 1.6252 2.62321 -0.877513</i>
                        <i>0.140552 0.501537 0.853643 -0.696495 0.662867 -0.274774 -0.703661 -0.555938 0.442486 1.62505 2.62008 -0.877344</i>
                        <i>0.13406 0.502594 0.854065 -0.704716 0.654275 -0.274406 -0.696708 -0.565087 0.441898 1.62497 2.61761 -0.877196</i>
                        <i>0.128504 0.502502 0.854973 -0.713132 0.645922 -0.272449 -0.689152 -0.574697 0.441354 1.62496 2.61597 -0.877073</i>
                    </KeyFrames>
                </p>
            </i>
            <i>
                <p>
                    <Name>
                        <![CDATA[l_shoulder]]>
</Name>
                    <Exclude>0</Exclude>
                    <Additive>0</Additive>
                    <IKPriority>0</IKPriority>
                    <IKRotLimits>-1e+010 -1e+010 -1e+010 1e+010 1e+010 1e+010</IKRotLimits>
                    <IKRotLimitOrder>0</IKRotLimitOrder>
                    <KeyFrames count="30">
                        <i>-0.142084 -0.581702 0.800896 -0.52735 0.729204 0.436076 -0.837683 -0.360394 -0.410369 1.65035 2.71525 -0.708149</i>
                        <i>-0.135219 -0.588267 0.797281 -0.516088 0.728712 0.450146 -0.845795 -0.350599 -0.402133 1.65012 2.71439 -0.707741</i>
                        <i>-0.130943 -0.595874 0.79233 -0.50405 0.72822 0.464359 -0.85369 -0.33857 -0.395706 1.6508 2.71371 -0.707108</i>
                        <i>-0.129311 -0.604154 0.786306 -0.491959 0.727579 0.478127 -0.860961 -0.325003 -0.391303 1.65226 2.71335 -0.706365</i>
                        <i>-0.130301 -0.612687 0.77951 -0.480568 0.726714 0.490859 -0.867223 -0.310648 -0.389129 1.65435 2.71344 -0.705621</i>
                        <i>-0.133813 -0.621039 0.772273 -0.470643 0.725617 0.501971 -0.872118 -0.296295 -0.389384 1.65689 2.71409 -0.70497</i>
                        <i>-0.13967 -0.62879 0.764928 -0.462957 0.724336 0.51089 -0.875307 -0.282773 -0.392271 1.65971 2.71539 -0.704487</i>
                        <i>-0.14721 -0.635548 0.757897 -0.457994 0.722951 0.517285 -0.876681 -0.270963 -0.397503 1.66254 2.71732 -0.704189</i>
                        <i>-0.155519 -0.640989 0.75163 -0.456074 0.721529 0.520953 -0.876248 -0.261781 -0.40455 1.66508 2.71975 -0.704059</i>
                        <i>-0.164014 -0.644938 0.746428 -0.457635 0.720068 0.521605 -0.873882 -0.256041 -0.413247 1.66708 2.7227 -0.704103</i>
                        <i>-0.172155 -0.647391 0.74246 -0.462964 0.718459 0.519116 -0.869498 -0.254364 -0.423405 1.66831 2.72622 -0.704329</i>
                        <i>-0.179858 -0.648695 0.73949 -0.470838 0.716813 0.514286 -0.863692 -0.255681 -0.434354 1.66897 2.73 -0.704681</i>
                        <i>-0.18719 -0.64919 0.737233 -0.479585 0.715375 0.508171 -0.857297 -0.258441 -0.445253 1.66938 2.73358 -0.705076</i>
                        <i>-0.193909 -0.648872 0.735774 -0.488801 0.714185 0.501012 -0.850572 -0.262497 -0.455656 1.66956 2.73682 -0.705503</i>
                        <i>-0.199717 -0.64771 0.735245 -0.49808 0.713295 0.493078 -0.843818 -0.267735 -0.465068 1.66952 2.73956 -0.705953</i>
                        <i>-0.204328 -0.645657 0.735783 -0.50701 0.71277 0.484665 -0.837371 -0.274019 -0.472993 1.66925 2.74163 -0.706413</i>
                        <i>-0.207404 -0.642626 0.737574 -0.51515 0.712705 0.476101 -0.831627 -0.281216 -0.478867 1.66877 2.74286 -0.706871</i>
                        <i>-0.208802 -0.638658 0.74062 -0.522272 0.713097 0.467681 -0.826822 -0.289152 -0.482449 1.66807 2.74322 -0.707313</i>
                        <i>-0.208511 -0.633883 0.744792 -0.528281 0.713876 0.459674 -0.823069 -0.297613 -0.483719 1.66714 2.74276 -0.707724</i>
                        <i>-0.206514 -0.628439 0.749944 -0.533086 0.714984 0.452346 -0.82047 -0.306369 -0.482667 1.66599 2.74154 -0.708086</i>
                        <i>-0.202835 -0.622475 0.755899 -0.53662 0.71637 0.445929 -0.819083 -0.315181 -0.479337 1.66461 2.73963 -0.708379</i>
                        <i>-0.197636 -0.616373 0.76225 -0.538696 0.717941 0.440871 -0.818991 -0.323489 -0.473928 1.66306 2.73718 -0.708611</i>
                        <i>-0.191198 -0.610465 0.768619 -0.539291 0.719618 0.437395 -0.820127 -0.330881 -0.466808 1.66138 2.73436 -0.708785</i>
                        <i>-0.183872 -0.604827 0.774839 -0.538708 0.721358 0.435244 -0.822183 -0.337383 -0.458462 1.65962 2.73128 -0.708898</i>
                        <i>-0.176025 -0.599541 0.780747 -0.537251 0.723102 0.434148 -0.824849 -0.343036 -0.449388 1.65783 2.72808 -0.708948</i>
                        <i>-0.168032 -0.594693 0.786197 -0.535228 0.724782 0.433845 -0.827826 -0.347895 -0.440083 1.65606 2.72491 -0.70893</i>
                        <i>-0.160267 -0.590378 0.791055 -0.53294 0.72632 0.434091 -0.830837 -0.352014 -0.431041 1.65437 2.72189 -0.708842</i>
                        <i>-0.153107 -0.586696 0.795202 -0.530679 0.72763 0.434665 -0.833629 -0.355447 -0.422753 1.65282 2.71917 -0.708683</i>
                        <i>-0.146923 -0.583762 0.798521 -0.528728 0.728623 0.43538 -0.835978 -0.358233 -0.415703 1.65146 2.71691 -0.708451</i>
                        <i>-0.142084 -0.581702 0.800896 -0.52735 0.729204 0.436076 -0.837683 -0.360394 -0.410369 1.65035 2.71525 -0.708149</i>
                    </KeyFrames>
                </p>
            </i>
            <i>
                <p>
                    <Name>
                        <![CDATA[l_elbow]]>
</Name>
                    <Exclude>0</Exclude>
                    <Additive>0</Additive>
                    <IKPriority>0</IKPriority>
                    <IKRotLimits>-1e+010 -1e+010 -1e+010 1e+010 1e+010 1e+010</IKRotLimits>
                    <IKRotLimitOrder>0</IKRotLimitOrder>
                    <KeyFrames count="30">
                        <i>-0.836944 -0.532272 -0.127324 -0.529395 0.728366 0.434998 -0.138799 0.431474 -0.891384 1.60414 2.52603 -0.447636</i>
                        <i>-0.843089 -0.523053 -0.124964 -0.518153 0.727899 0.449088 -0.143936 0.443372 -0.884705 1.60614 2.52304 -0.448404</i>
                        <i>-0.849463 -0.513361 -0.121959 -0.506135 0.727437 0.463318 -0.149131 0.455299 -0.87776 1.60821 2.51988 -0.449381</i>
                        <i>-0.855584 -0.503984 -0.118219 -0.494062 0.726829 0.477097 -0.154524 0.466604 -0.870863 1.6102 2.51683 -0.450598</i>
                        <i>-0.861004 -0.495724 -0.11371 -0.482686 0.726 0.489834 -0.160269 0.476635 -0.864368 1.61196 2.51415 -0.452065</i>
