<?xml version="1.0" encoding="ISO-8859-1" ?>
<Animl Version="1">
    <ModellingPackage><![CDATA[Maya.2010]]></ModellingPackage>
    <SrcFile><![CDATA[anims\turrets\artillery\blue\~src\artillery_m102\artillery_m102_aim_random_crewman_c.mb]]></SrcFile>
    <FramesPerSecond>30</FramesPerSecond>
    <TotalFrames>60</TotalFrames>
    <Skeleton>
        <RefFrame>
            <Name><![CDATA[soldier_ref_frame]]></Name>
            <Exclude>0</Exclude>
            <Additive>0</Additive>
            <IKPriority>0</IKPriority>
            <IKRotLimits>-1e+010 -1e+010 -1e+010 1e+010 1e+010 1e+010</IKRotLimits>
            <IKRotLimitOrder>0</IKRotLimitOrder>
            <KeyFrames count="60">
                <i>1 0 0 0 1 0 0 0 1 -2.69 1.33 -1.56</i>
                <i>1 0 0 0 1 0 0 0 1 -2.69 1.33 -1.56</i>
                <i>1 0 0 0 1 0 0 0 1 -2.69 1.33 -1.56</i>
                <i>1 0 0 0 1 0 0 0 1 -2.69 1.33 -1.56</i>
                <i>1 0 0 0 1 0 0 0 1 -2.69 1.33 -1.56</i>
                <i>1 0 0 0 1 0 0 0 1 -2.69 1.33 -1.56</i>
                <i>1 0 0 0 1 0 0 0 1 -2.69 1.33 -1.56</i>
                <i>1 0 0 0 1 0 0 0 1 -2.69 1.33 -1.56</i>
                <i>1 0 0 0 1 0 0 0 1 -2.69 1.33 -1.56</i>
                <i>1 0 0 0 1 0 0 0 1 -2.69 1.33 -1.56</i>
                <i>1 0 0 0 1 0 0 0 1 -2.69 1.33 -1.56</i>
                <i>1 0 0 0 1 0 0 0 1 -2.69 1.33 -1.56</i>
                <i>1 0 0 0 1 0 0 0 1 -2.69 1.33 -1.56</i>
                <i>1 0 0 0 1 0 0 0 1 -2.69 1.33 -1.56</i>
                <i>1 0 0 0 1 0 0 0 1 -2.69 1.33 -1.56</i>
                <i>1 0 0 0 1 0 0 0 1 -2.69 1.33 -1.56</i>
                <i>1 0 0 0 1 0 0 0 1 -2.69 1.33 -1.56</i>
                <i>1 0 0 0 1 0 0 0 1 -2.69 1.33 -1.56</i>
                <i>1 0 0 0 1 0 0 0 1 -2.69 1.33 -1.56</i>
                <i>1 0 0 0 1 0 0 0 1 -2.69 1.33 -1.56</i>
                <i>1 0 0 0 1 0 0 0 1 -2.69 1.33 -1.56</i>
                <i>1 0 0 0 1 0 0 0 1 -2.69 1.33 -1.56</i>
                <i>1 0 0 0 1 0 0 0 1 -2.69 1.33 -1.56</i>
                <i>1 0 0 0 1 0 0 0 1 -2.69 1.33 -1.56</i>
                <i>1 0 0 0 1 0 0 0 1 -2.69 1.33 -1.56</i>
                <i>1 0 0 0 1 0 0 0 1 -2.69 1.33 -1.56</i>
                <i>1 0 0 0 1 0 0 0 1 -2.69 1.33 -1.56</i>
                <i>1 0 0 0 1 0 0 0 1 -2.69 1.33 -1.56</i>
                <i>1 0 0 0 1 0 0 0 1 -2.69 1.33 -1.56</i>
                <i>1 0 0 0 1 0 0 0 1 -2.69 1.33 -1.56</i>
                <i>1 0 0 0 1 0 0 0 1 -2.69 1.33 -1.56</i>
                <i>1 0 0 0 1 0 0 0 1 -2.69 1.33 -1.56</i>
                <i>1 0 0 0 1 0 0 0 1 -2.69 1.33 -1.56</i>
                <i>1 0 0 0 1 0 0 0 1 -2.69 1.33 -1.56</i>
                <i>1 0 0 0 1 0 0 0 1 -2.69 1.33 -1.56</i>
                <i>1 0 0 0 1 0 0 0 1 -2.69 1.33 -1.56</i>
                <i>1 0 0 0 1 0 0 0 1 -2.69 1.33 -1.56</i>
                <i>1 0 0 0 1 0 0 0 1 -2.69 1.33 -1.56</i>
                <i>1 0 0 0 1 0 0 0 1 -2.69 1.33 -1.56</i>
                <i>1 0 0 0 1 0 0 0 1 -2.69 1.33 -1.56</i>
                <i>1 0 0 0 1 0 0 0 1 -2.69 1.33 -1.56</i>
                <i>1 0 0 0 1 0 0 0 1 -2.69 1.33 -1.56</i>
                <i>1 0 0 0 1 0 0 0 1 -2.69 1.33 -1.56</i>
                <i>1 0 0 0 1 0 0 0 1 -2.69 1.33 -1.56</i>
                <i>1 0 0 0 1 0 0 0 1 -2.69 1.33 -1.56</i>
                <i>1 0 0 0 1 0 0 0 1 -2.69 1.33 -1.56</i>
                <i>1 0 0 0 1 0 0 0 1 -2.69 1.33 -1.56</i>
                <i>1 0 0 0 1 0 0 0 1 -2.69 1.33 -1.56</i>
                <i>1 0 0 0 1 0 0 0 1 -2.69 1.33 -1.56</i>
                <i>1 0 0 0 1 0 0 0 1 -2.69 1.33 -1.56</i>
                <i>1 0 0 0 1 0 0 0 1 -2.69 1.33 -1.56</i>
                <i>1 0 0 0 1 0 0 0 1 -2.69 1.33 -1.56</i>
                <i>1 0 0 0 1 0 0 0 1 -2.69 1.33 -1.56</i>
                <i>1 0 0 0 1 0 0 0 1 -2.69 1.33 -1.56</i>
                <i>1 0 0 0 1 0 0 0 1 -2.69 1.33 -1.56</i>
                <i>1 0 0 0 1 0 0 0 1 -2.69 1.33 -1.56</i>
                <i>1 0 0 0 1 0 0 0 1 -2.69 1.33 -1.56</i>
                <i>1 0 0 0 1 0 0 0 1 -2.69 1.33 -1.56</i>
                <i>1 0 0 0 1 0 0 0 1 -2.69 1.33 -1.56</i>
                <i>1 0 0 0 1 0 0 0 1 -2.69 1.33 -1.56</i>
            </KeyFrames>
        </RefFrame>
        <Bones count="23">
            <i>
                <p>
                    <Name><![CDATA[pelvis]]></Name>
                    <Exclude>0</Exclude>
                    <Additive>0</Additive>
                    <IKPriority>0</IKPriority>
                    <IKRotLimits>-1e+010 -1e+010 -1e+010 1e+010 1e+010 1e+010</IKRotLimits>
                    <IKRotLimitOrder>2</IKRotLimitOrder>
                    <KeyFrames count="60">
                        <i>1 0 0 0 1 0 0 0 1 -2.69454 2.42474 -1.52346</i>
                        <i>1 0 0 0 1 0 0 0 1 -2.69454 2.42306 -1.52346</i>
                        <i>1 0 0 0 1 0 0 0 1 -2.69454 2.41986 -1.52346</i>
                        <i>1 0 0 0 1 0 0 0 1 -2.69454 2.41791 -1.52346</i>
                        <i>1 0 0 0 1 0 0 0 1 -2.69454 2.42 -1.52346</i>
                        <i>1 0 0 0 1 0 0 0 1 -2.69454 2.42778 -1.52346</i>
                        <i>1 0 0 0 1 0 0 0 1 -2.69454 2.4393 -1.52346</i>
                        <i>1 0 0 0 1 0 0 0 1 -2.69454 2.45193 -1.52346</i>
                        <i>1 0 0 0 1 0 0 0 1 -2.69454 2.46304 -1.52346</i>
                        <i>1 0 0 0 1 0 0 0 1 -2.69454 2.47 -1.52346</i>
                        <i>1 0 0 0 1 0 0 0 1 -2.69454 2.47028 -1.52346</i>
                        <i>1 0 0 0 1 0 0 0 1 -2.69454 2.47104 -1.52346</i>
                        <i>1 0 0 0 1 0 0 0 1 -2.69454 2.47216 -1.52346</i>
                        <i>1 0 0 0 1 0 0 0 1 -2.69454 2.47352 -1.52346</i>
                        <i>1 0 0 0 1 0 0 0 1 -2.69454 2.475 -1.52346</i>
                        <i>1 0 0 0 1 0 0 0 1 -2.69454 2.47648 -1.52346</i>
                        <i>1 0 0 0 1 0 0 0 1 -2.69454 2.47784 -1.52346</i>
                        <i>1 0 0 0 1 0 0 0 1 -2.69454 2.47896 -1.52346</i>
                        <i>1 0 0 0 1 0 0 0 1 -2.69454 2.47972 -1.52346</i>
                        <i>1 0 0 0 1 0 0 0 1 -2.69454 2.48 -1.52346</i>
                        <i>1 0 0 0 1 0 0 0 1 -2.69454 2.47972 -1.52346</i>
                        <i>1 0 0 0 1 0 0 0 1 -2.69454 2.47896 -1.52346</i>
                        <i>1 0 0 0 1 0 0 0 1 -2.69454 2.47784 -1.52346</i>
                        <i>1 0 0 0 1 0 0 0 1 -2.69454 2.47648 -1.52346</i>
                        <i>1 0 0 0 1 0 0 0 1 -2.69454 2.475 -1.52346</i>
                        <i>1 0 0 0 1 0 0 0 1 -2.69454 2.47352 -1.52346</i>
                        <i>1 0 0 0 1 0 0 0 1 -2.69454 2.47216 -1.52346</i>
                        <i>1 0 0 0 1 0 0 0 1 -2.69454 2.47104 -1.52346</i>
                        <i>1 0 0 0 1 0 0 0 1 -2.69454 2.47028 -1.52346</i>
                        <i>1 0 0 0 1 0 0 0 1 -2.69454 2.47 -1.52346</i>
                        <i>1 0 0 0 1 0 0 0 1 -2.69225 2.46632 -1.52346</i>
                        <i>1 0 0 0 1 0 0 0 1 -2.68858 2.46056 -1.52346</i>
                        <i>1 0 0 0 1 0 0 0 1 -2.68386 2.45464 -1.52346</i>
                        <i>1 0 0 0 1 0 0 0 1 -2.67844 2.45048 -1.52346</i>
                        <i>1 0 0 0 1 0 0 0 1 -2.67264 2.45 -1.52346</i>
                        <i>1 0 0 0 1 0 0 0 1 -2.66682 2.45504 -1.52346</i>
                        <i>1 0 0 0 1 0 0 0 1 -2.66131 2.46432 -1.52346</i>
                        <i>1 0 0 0 1 0 0 0 1 -2.65644 2.47508 -1.52346</i>
                        <i>1 0 0 0 1 0 0 0 1 -2.65256 2.48456 -1.52346</i>
                        <i>1 0 0 0 1 0 0 0 1 -2.65 2.49 -1.52346</i>
                        <i>1 0 0 0 1 0 0 0 1 -2.65 2.48945 -1.52346</i>
                        <i>1 0 0 0 1 0 0 0 1 -2.65 2.48802 -1.52346</i>
                        <i>1 0 0 0 1 0 0 0 1 -2.65 2.48606 -1.52346</i>
                        <i>1 0 0 0 1 0 0 0 1 -2.65 2.48394 -1.52346</i>
                        <i>1 0 0 0 1 0 0 0 1 -2.65 2.48198 -1.52346</i>
                        <i>1 0 0 0 1 0 0 0 1 -2.65 2.48055 -1.52346</i>
                        <i>1 0 0 0 1 0 0 0 1 -2.65 2.48 -1.52346</i>
                        <i>1 0 0 0 1 0 0 0 1 -2.65 2.48043 -1.52346</i>
                        <i>1 0 0 0 1 0 0 0 1 -2.65 2.48156 -1.52346</i>
                        <i>1 0 0 0 1 0 0 0 1 -2.65 2.48316 -1.52346</i>
                        <i>1 0 0 0 1 0 0 0 1 -2.65 2.485 -1.52346</i>
                        <i>1 0 0 0 1 0 0 0 1 -2.65 2.48684 -1.52346</i>
                        <i>1 0 0 0 1 0 0 0 1 -2.65 2.48844 -1.52346</i>
                        <i>1 0 0 0 1 0 0 0 1 -2.65 2.48957 -1.52346</i>
                        <i>1 0 0 0 1 0 0 0 1 -2.65 2.49 -1.52346</i>
                        <i>1 0 0 0 1 0 0 0 1 -2.65606 2.48049 -1.52346</i>
                        <i>1 0 0 0 1 0 0 0 1 -2.66728 2.46397 -1.52346</i>
                        <i>1 0 0 0 1 0 0 0 1 -2.67993 2.44567 -1.52346</i>
                        <i>1 0 0 0 1 0 0 0 1 -2.69027 2.43085 -1.52346</i>
                        <i>1 0 0 0 1 0 0 0 1 -2.69454 2.42474 -1.52346</i>
                    </KeyFrames>
                </p>
            </i>
            <i>
                <p>
                    <Name><![CDATA[spine0]]></Name>
                    <Exclude>0</Exclude>
                    <Additive>0</Additive>
                    <IKPriority>0</IKPriority>
                    <IKRotLimits>-1e+010 -1e+010 -1e+010 1e+010 1e+010 1e+010</IKRotLimits>
                    <IKRotLimitOrder>0</IKRotLimitOrder>
                    <KeyFrames count="60">
                        <i>-0.00704003 0.999819 0.0176594 -0.991727 -0.00924445 0.128034 0.128174 -0.0166119 0.991613 -2.70543 2.56159 -1.56645</i>
                        <i>-0.00672883 0.99989 0.0132242 -0.992636 -0.00827841 0.120856 0.120952 -0.0123136 0.992582 -2.70502 2.55931 -1.56843</i>
                        <i>-0.00553166 0.999981 0.00274793 -0.994795 -0.00578253 0.101733 0.101747 -0.00217088 0.994808 -2.70371 2.55465 -1.57288</i>
                        <i>-0.00313654 0.99995 -0.00954612 -0.997239 -0.00241948 0.0742214 0.0741945 0.00975256 0.997196 -2.70142 2.55102 -1.57759</i>
                        <i>0.000372486 0.999807 -0.0196434 -0.999134 0.00118952 0.0415981 0.0416134 0.0196109 0.998941 -2.69827 2.55206 -1.5804</i>
                        <i>0.0043936 0.999661 -0.0256516 -0.999967 0.00456572 0.00665515 0.00677001 0.0256215 0.999649 -2.69472 2.55987 -1.58046</i>
                        <i>0.00818584 0.999554 -0.0287033 -0.999583 0.007384 -0.0279308 -0.0277064 0.02892 0.999198 -2.69129 2.57205 -1.5788</i>
                        <i>0.0112425 0.999499 -0.0295854 -0.998204 0.00947688 -0.0591557 -0.0588457 0.0301973 0.99781 -2.68838 2.58563 -1.57622</i>
                        <i>0.0133222 0.999484 -0.0292437 -0.99643 0.0108319 -0.0837207 -0.0833607 0.0302546 0.99606 -2.68627 2.59765 -1.57356</i>
                        <i>0.0144202 0.999484 -0.0286872 -0.995108 0.0115409 -0.0981162 -0.0977345 0.0299617 0.994761 -2.68513 2.60521 -1.57168</i>
                        <i>0.0145664 0.999478 -0.0288297 -0.995103 0.0116716 -0.0981499 -0.0977622 0.0301182 0.994754 -2.68515 2.60556 -1.57149</i>
                        <i>0.0149578 0.999462 -0.0292022 -0.99509 0.012022 -0.0982393 -0.0978354 0.0305282 0.994734 -2.6852 2.60651 -1.57095</i>
                        <i>0.0155226 0.999438 -0.0297216 -0.995071 0.0125296 -0.0983662 -0.0979385 0.031102 0.994706 -2.68527 2.60791 -1.57016</i>
                        <i>0.0161898 0.99941 -0.030306 -0.995049 0.0131319 -0.0985124 -0.0980562 0.0317508 0.994674 -2.68535 2.60961 -1.56919</i>
                        <i>0.0168886 0.999381 -0.0308755 -0.995026 0.0137669 -0.0986622 -0.098176 0.0323882 0.994642 -2.68544 2.61144 -1.56814</i>
                        <i>0.0175495 0.999354 -0.0313527 -0.995003 0.0143733 -0.0988029 -0.0982885 0.03293 0.994613 -2.68553 2.61327 -1.56708</i>
                        <i>0.0181035 0.999335 -0.0316614 -0.994983 0.0148905 -0.0989255 -0.0983882 0.0332935 0.994591 -2.68562 2.61494 -1.56611</i>
                        <i>0.0184825 0.999326 -0.0317257 -0.994968 0.0152582 -0.0990233 -0.0984724 0.0333963 0.994579 -2.68569 2.61631 -1.56531</i>
                        <i>0.0186468 0.999327 -0.0315742 -0.994959 0.0154345 -0.0990905 -0.0985365 0.0332627 0.994577 -2.68574 2.61724 -1.56476</i>
                        <i>0.018634 0.999332 -0.0314328 -0.994956 0.0154347 -0.0991179 -0.0985665 0.0331212 0.994579 -2.68576 2.61758 -1.56456</i>
                        <i>0.0185226 0.99933 -0.031563 -0.99496 0.0153117 -0.099096 -0.0985463 0.0332394 0.994577 -2.68574 2.61724 -1.56476</i>
                        <i>0.0183371 0.999321 -0.031948 -0.99497 0.0150913 -0.0990301 -0.0984807 0.0336032 0.994571 -2.68569 2.61631 -1.56531</i>
                        <i>0.0180971 0.999307 -0.0325232 -0.994984 0.0147991 -0.0989287 -0.0983788 0.0341504 0.994563 -2.68562 2.61494 -1.56611</i>
                        <i>0.0178219 0.999289 -0.033224 -0.995002 0.0144606 -0.0988005 -0.0982499 0.0348188 0.994552 -2.68553 2.61327 -1.56708</i>
                        <i>0.0175315 0.999269 -0.0339866 -0.995022 0.0141015 -0.0986555 -0.0981041 0.035547 0.994541 -2.68544 2.61144 -1.56814</i>
                        <i>0.0172461 0.999247 -0.0347478 -0.995042 0.0137481 -0.0985049 -0.097953 0.0362743 0.99453 -2.68535 2.60961 -1.56919</i>
                        <i>0.0169866 0.999227 -0.0354451 -0.99506 0.0134266 -0.0983617 -0.0978097 0.0369409 0.994519 -2.68527 2.60791 -1.57016</i>
                        <i>0.0167744 0.99921 -0.0360176 -0.995076 0.0131639 -0.0982403 -0.0976886 0.0374882 0.994511 -2.6852 2.60651 -1.57095</i>
                        <i>0.0166312 0.999199 -0.0364051 -0.995086 0.0129865 -0.0981562 -0.0976048 0.0378586 0.994505 -2.68515 2.60556 -1.57149</i>
                        <i>0.0165787 0.999194 -0.0365476 -0.99509 0.0129215 -0.0981249 -0.0975736 0.037995 0.994503 -2.68513 2.60521 -1.57168</i>
                        <i>0.0174928 0.998967 -0.0419311 -0.996867 0.0141896 -0.0778173 -0.077142 0.043161 0.996085 -2.68364 2.60104 -1.57318</i>
                        <i>0.0190059 0.998514 -0.0510838 -0.998925 0.0168038 -0.0431966 -0.042274 0.0518499 0.99776 -2.68145 2.59458 -1.57527</i>
                        <i>0.0196599 0.997935 -0.0611526 -0.999806 0.0196665 -0.000493803 0.000709878 0.0611505 0.998128 -2.67876 2.58795 -1.57729</i>
                        <i>0.018553 0.997432 -0.0691732 -0.998796 0.0216315 0.0440242 0.0454075 0.0682732 0.996633 -2.67564 2.58332 -1.5786</i>
                        <i>0.0155033 0.997277 -0.0720949 -0.996224 0.0215668 0.0841019 0.0854278 0.0705188 0.993846 -2.672 2.58285 -1.57865</i>
                        <i>0.0111961 0.997669 -0.067314 -0.993196 0.0188991 0.114911 0.115915 0.0655695 0.991093 -2.66774 2.58865 -1.57679</i>
                        <i>0.00699119 0.998374 -0.0565802 -0.990453 0.0147035 0.137065 0.137674 0.0550817 0.988945 -2.66312 2.59922 -1.57341</i>
                        <i>0.00369386 0.999047 -0.0434958 -0.988239 0.0102965 0.152572 0.152874 0.0424207 0.987335 -2.65866 2.61135 -1.56953</i>
                        <i>0.00154216 0.99949 -0.0318922 -0.98651 0.00674125 0.163565 0.163697 0.0312097 0.986017 -2.65494 2.62191 -1.56618</i>
                        <i>0.000420387 0.99967 -0.025703 -0.98504 0.00484322 0.172257 0.172325 0.025246 0.984717 -2.65257 2.62788 -1.56444</i>
                        <i>0.000301401 0.999651 -0.0264105 -0.985025 0.00485027 0.172344 0.172412 0.0259631 0.984683 -2.65265 2.6272 -1.56486</i>
                        <i>-6.79629e-006 0.999601 -0.0282362 -0.984986 0.00486787 0.172566 0.172635 0.0278135 0.984593 -2.65285 2.62544 -1.56593</i>
                        <i>-0.000431121 0.999528 -0.0307334 -0.984932 0.00489057 0.17287 0.172939 0.0303448 0.984465 -2.65312 2.62302 -1.56739</i>
                        <i>-0.000896848 0.99944 -0.033453 -0.984874 0.00491353 0.1732 0.173268 0.0331023 0.984318 -2.65342 2.62036 -1.56898</i>
                        <i>-0.00132699 0.999353 -0.0359457 -0.984821 0.00493302 0.173503 0.173568 0.0356303 0.984177 -2.65369 2.61791 -1.57043</i>
                        <i>-0.00164296 0.999285 -0.0377655 -0.984782 0.00494634 0.173724 0.173786 0.0374762 0.98407 -2.65389 2.61611 -1.57148</i>
                        <i>-0.00176577 0.999258 -0.0384703 -0.984767 0.00495129 0.173809 0.173871 0.0381912 0.984028 -2.65397 2.6154 -1.57189</i>
                        <i>-0.0016705 0.999279 -0.0379237 -0.984779 0.00494746 0.173743 0.173805 0.0376367 0.984061 -2.65391 2.61595 -1.57158</i>
                        <i>-0.00141977 0.999333 -0.0364811 -0.98481 0.00493702 0.173568 0.173632 0.0361733 0.984146 -2.65375 2.61738 -1.57074</i>
                        <i>-0.00106652 0.999406 -0.0344384 -0.984853 0.00492141 0.17332 0.173386 0.0341016 0.984263 -2.65353 2.6194 -1.56955</i>
                        <i>-0.000663573 0.999485 -0.0320935 -0.984903 0.00490228 0.173035 0.173103 0.0317238 0.984393 -2.65327 2.62169 -1.56818</i>
                        <i>-0.000263084 0.999557 -0.0297467 -0.984954 0.00488179 0.17275 0.172819 0.0293446 0.984516 -2.65302 2.62398 -1.56681</i>
                        <i>8.40099e-005 0.999616 -0.0276994 -0.984997 0.00486279 0.172501 0.172569 0.0272693 0.98462 -2.65279 2.62596 -1.56561</i>
                        <i>0.000328115 0.999655 -0.0262518 -0.985028 0.0048487 0.172324 0.172392 0.0258022 0.98469 -2.65263 2.62735 -1.56476</i>
                        <i>0.000420387 0.99967 -0.025703 -0.98504 0.00484322 0.172257 0.172325 0.025246 0.984717 -2.65257 2.62788 -1.56444</i>
                        <i>0.000444067 0.999807 -0.0196647 -0.985937 0.00372401 0.167074 0.167115 0.019314 0.985748 -2.65971 2.61833 -1.56449</i>
                        <i>-0.00044445 0.999961 -0.00879813 -0.987626 0.000940848 0.156824 0.156827 0.00875896 0.987587 -2.673 2.60162 -1.56487</i>
                        <i>-0.00275795 0.99999 0.00343255 -0.989548 -0.00322402 0.144167 0.144177 -0.00299907 0.989547 -2.68804 2.58301 -1.5655</i>
                        <i>-0.00561545 0.999893 0.0134799 -0.991099 -0.00735808 0.132927 0.133012 -0.0126134 0.991034 -2.70034 2.56786 -1.56615</i>
                        <i>-0.00704003 0.999819 0.0176594 -0.991727 -0.00924445 0.128034 0.128174 -0.0166119 0.991613 -2.70543 2.56159 -1.56645</i>
                    </KeyFrames>
                </p>
            </i>
            <i>
                <p>
                    <Name><![CDATA[spine1]]></Name>
                    <Exclude>0</Exclude>
                    <Additive>0</Additive>
                    <IKPriority>0</IKPriority>
                    <IKRotLimits>-1e+010 -1e+010 -1e+010 1e+010 1e+010 1e+010</IKRotLimits>
                    <IKRotLimitOrder>0</IKRotLimitOrder>
                    <KeyFrames count="60">
                        <i>0.0469398 0.987625 0.149646 -0.990864 0.027075 0.132118 0.126432 -0.154481 0.979873 -2.70666 2.73546 -1.56339</i>
                        <i>0.0448761 0.986773 0.155774 -0.992397 0.0261466 0.120265 0.114602 -0.159987 0.980444 -2.7062 2.73352 -1.56614</i>
                        <i>0.0384698 0.985065 0.16783 -0.995783 0.0237938 0.0885969 0.0832804 -0.17053 0.981827 -2.70468 2.72962 -1.57242</i>
                        <i>0.0276933 0.983921 0.176447 -0.998872 0.0204265 0.0428681 0.0385746 -0.177435 0.983376 -2.70197 2.72672 -1.57929</i>
                        <i>0.0135491 0.984866 0.17279 -0.99981 0.0157611 -0.0114362 -0.0139865 -0.172602 0.984892 -2.69821 2.72791 -1.58388</i>
                        <i>-0.00169213 0.988033 0.154233 -0.997558 0.00910117 -0.0692476 -0.0698226 -0.153973 0.985605 -2.69395 2.73511 -1.58498</i>
                        <i>-0.0155743 0.991754 0.127207 -0.992069 0.000542251 -0.12569 -0.124722 -0.128156 0.98388 -2.68986 2.74634 -1.58383</i>
                        <i>-0.026466 0.994923 0.0970961 -0.984388 -0.00903125 -0.175779 -0.17401 -0.100232 0.97963 -2.68643 2.75892 -1.58136</i>
                        <i>-0.0336038 0.996991 0.0698512 -0.976554 -0.0178848 -0.214526 -0.212632 -0.0754224 0.974217 -2.68397 2.77012 -1.57861</i>
                        <i>-0.0369654 0.997974 0.0517908 -0.971236 -0.0236788 -0.23694 -0.235234 -0.0590597 0.970143 -2.68265 2.77719 -1.57662</i>
                        <i>-0.0366898 0.998067 0.0501576 -0.971219 -0.0237928 -0.236995 -0.235344 -0.0574094 0.970215 -2.68264 2.77751 -1.57645</i>
                        <i>-0.0359426 0.998307 0.0457256 -0.971175 -0.0241038 -0.237144 -0.235641 -0.0529312 0.970398 -2.68263 2.77838 -1.57597</i>
                        <i>-0.0348421 0.998624 0.0391928 -0.971109 -0.0245662 -0.237367 -0.236078 -0.0463309 0.970629 -2.6826 2.77966 -1.57526</i>
                        <i>-0.0335074 0.998949 0.0312598 -0.971028 -0.0251344 -0.237642 -0.236607 -0.0383169 0.97085 -2.68257 2.78121 -1.57439</i>
                        <i>-0.0320596 0.99923 0.0226344 -0.970937 -0.0257619 -0.237946 -0.237179 -0.029605 0.971015 -2.68254 2.78289 -1.57343</i>
                        <i>-0.0306224 0.999433 0.0140331 -0.970844 -0.0264012 -0.238254 -0.237748 -0.0209199 0.971102 -2.68253 2.78457 -1.57246</i>
                        <i>-0.0293225 0.999551 0.00618015 -0.970758 -0.027003 -0.238538 -0.238264 -0.012994 0.971114 -2.68252 2.78612 -1.57153</i>
                        <i>-0.028288 0.9996 -0.000195681 -0.970687 -0.0275165 -0.238767 -0.238677 -0.00656431 0.971077 -2.68253 2.78739 -1.57074</i>
                        <i>-0.0275401 0.999609 -0.00475637 -0.970643 -0.0278788 -0.238902 -0.238942 -0.00196265 0.971032 -2.68255 2.78824 -1.57016</i>
                        <i>-0.0270393 0.999607 -0.00734291 -0.970638 -0.0280106 -0.238909 -0.239021 0.000667383 0.971014 -2.68257 2.78855 -1.56994</i>
                        <i>-0.0267919 0.999611 -0.00768867 -0.970674 -0.0278529 -0.238781 -0.238902 0.00106579 0.971043 -2.68257 2.78823 -1.57016</i>
                        <i>-0.0267645 0.999623 -0.00609469 -0.970744 -0.0274457 -0.238544 -0.238621 -0.000468138 0.971113 -2.68255 2.78735 -1.57077</i>
                        <i>-0.0269093 0.999633 -0.00301532 -0.970837 -0.0268528 -0.238233 -0.238226 -0.0034833 0.971204 -2.68252 2.78607 -1.57168</i>
                        <i>-0.0271787 0.99963 0.0010947 -0.970943 -0.0261382 -0.237881 -0.237764 -0.00752819 0.971294 -2.68248 2.78451 -1.57277</i>
                        <i>-0.0275257 0.999604 0.00578255 -0.971051 -0.0253655 -0.23752 -0.23728 -0.0121531 0.971365 -2.68244 2.78282 -1.57397</i>
                        <i>-0.0279049 0.999554 0.0105996 -0.971155 -0.024597 -0.237179 -0.236813 -0.0169123 0.971408 -2.68239 2.78112 -1.57516</i>
                        <i>-0.0282724 0.999486 0.0151026 -0.971245 -0.0238942 -0.23688 -0.236398 -0.0213655 0.971421 -2.68235 2.77956 -1.57625</i>
                        <i>-0.0285858 0.999413 0.0188544 -0.971316 -0.0233178 -0.236645 -0.236066 -0.0250783 0.971413 -2.68231 2.77827 -1.57714</i>
                        <i>-0.028804 0.999355 0.0214223 -0.971363 -0.0229278 -0.23649 -0.235847 -0.0276207 0.971398 -2.68229 2.7774 -1.57775</i>
                        <i>-0.028886 0.999332 0.0223746 -0.97138 -0.0227844 -0.236434 -0.235767 -0.0285638 0.97139 -2.68228 2.77707 -1.57797</i>
                        <i>-0.0282584 0.999205 0.0281152 -0.97609 -0.0215185 -0.216301 -0.215524 -0.0335552 0.975922 -2.68063 2.77316 -1.58041</i>
                        <i>-0.0265087 0.999005 0.0358522 -0.982937 -0.0195183 -0.182902 -0.182021 -0.040089 0.982477 -2.67816 2.7671 -1.5841</i>
                        <i>-0.0238731 0.998784 0.0431432 -0.989914 -0.0175891 -0.14057 -0.13964 -0.0460639 0.98913 -2.67535 2.7609 -1.58789</i>
                        <i>-0.0211438 0.998637 0.0477102 -0.995449 -0.0165928 -0.0938449 -0.0929254 -0.0494772 0.994443 -2.67241 2.75657 -1.59063</i>
                        <i>-0.0196222 0.998678 0.0475124 -0.998721 -0.017364 -0.0474821 -0.0465943 -0.0483833 0.997741 -2.66931 2.75613 -1.59119</i>
                        <i>-0.0206634 0.998998 0.0397102 -0.999775 -0.0204552 -0.0056434 -0.00482545 -0.0398178 0.999195 -2.6658 2.76154 -1.58846</i>
                        <i>-0.0240536 0.999383 0.0255971 -0.99923 -0.0248282 0.0303864 0.0310032 -0.0248465 0.99921 -2.66192 2.77143 -1.58317</i>
                        <i>-0.0285315 0.999548 0.00942464 -0.997767 -0.0290477 0.0601489 0.0603955 -0.00768746 0.998145 -2.65803 2.78286 -1.57699</i>
                        <i>-0.0326361 0.999457 -0.00443153 -0.996011 -0.0321546 0.0832303 0.0830427 0.00713017 0.99652 -2.65468 2.79287 -1.57164</i>
                        <i>-0.0349527 0.999324 -0.0114378 -0.994498 -0.0336484 0.0992095 0.0987575 0.0148425 0.995001 -2.6525 2.79858 -1.56882</i>
                        <i>-0.0345458 0.99936 -0.00925591 -0.994493 -0.0334577 0.099322 0.0989487 0.0126361 0.995012 -2.6526 2.79795 -1.56936</i>
                        <i>-0.0334962 0.999432 -0.00363922 -0.994481 -0.0329676 0.0996076 0.099431 0.00695561 0.99502 -2.65285 2.79633 -1.57075</i>
                        <i>-0.0320603 0.999478 0.00401533 -0.994464 -0.0323011 0.099988 0.100065 -0.000787469 0.994981 -2.6532 2.79411 -1.57265</i>
                        <i>-0.0304954 0.999459 0.0123188 -0.994447 -0.0315798 0.100389 0.100724 -0.00918901 0.994872 -2.65358 2.79169 -1.57471</i>
                        <i>-0.0290595 0.99938 0.0199031 -0.994432 -0.030922 0.100745 0.101298 -0.0168647 0.994713 -2.65392 2.78947 -1.5766</i>
                        <i>-0.0280098 0.999284 0.0254259 -0.994421 -0.0304433 0.100999 0.1017 -0.0224551 0.994562 -2.65418 2.78784 -1.57798</i>
                        <i>-0.027603 0.999239 0.0275617 -0.994416 -0.0302583 0.101095 0.101852 -0.0246172 0.994495 -2.65427 2.7872 -1.57851</i>
                        <i>-0.0279186 0.999274 0.0259052 -0.99442 -0.0304018 0.10102 0.101735 -0.0229403 0.994547 -2.6542 2.78769 -1.5781</i>
                        <i>-0.0287508 0.999355 0.021529 -0.994428 -0.030781 0.10082 0.101418 -0.0185104 0.994672 -2.654 2.78899 -1.577</i>
                        <i>-0.0299279 0.999435 0.0153199 -0.994441 -0.0313194 0.100531 0.100954 -0.012226 0.994816 -2.65371 2.79081 -1.57546</i>
                        <i>-0.0312778 0.999477 0.00817209 -0.994455 -0.0319399 0.10019 0.100399 -0.00499305 0.994935 -2.65339 2.7929 -1.57368</i>
                        <i>-0.0326277 0.999467 0.000994599 -0.994471 -0.0325639 0.0998391 0.0998183 0.00226842 0.995003 -2.65306 2.79499 -1.5719</i>
                        <i>-0.0338049 0.999414 -0.00528897 -0.994484 -0.0331114 0.0995243 0.0992909 0.0086242 0.995021 -2.65278 2.79681 -1.57034</i>
                        <i>-0.0346371 0.999352 -0.0097451 -0.994494 -0.0335004 0.0992968 0.0989061 0.0131308 0.99501 -2.65258 2.79809 -1.56924</i>
                        <i>-0.0349527 0.999324 -0.0114378 -0.994498 -0.0336484 0.0992095 0.0987575 0.0148425 0.995001 -2.6525 2.79858 -1.56882</i>
                        <i>-0.0227765 0.999698 0.00925374 -0.994347 -0.0236128 0.103518 0.103705 -0.00684367 0.994585 -2.65963 2.7893 -1.56785</i>
                        <i>-0.000882343 0.998783 0.0493204 -0.993716 -0.00639586 0.111744 0.111924 -0.0489119 0.992512 -2.67308 2.77323 -1.56638</i>
                        <i>0.0223297 0.995177 0.0955196 -0.992572 0.0106391 0.121191 0.11959 -0.0975163 0.988023 -2.68851 2.75554 -1.56491</i>
                        <i>0.0399949 0.990208 0.133748 -0.991395 0.0226281 0.128932 0.124643 -0.137753 0.982593 -2.70132 2.7413 -1.56382</i>
                        <i>0.0469398 0.987625 0.149646 -0.990864 0.027075 0.132118 0.126432 -0.154481 0.979873 -2.70666 2.73546 -1.56339</i>
                    </KeyFrames>
                </p>
            </i>
            <i>
                <p>
                    <Name><![CDATA[spine2]]></Name>
                    <Exclude>0</Exclude>
                    <Additive>0</Additive>
                    <IKPriority>0</IKPriority>
                    <IKRotLimits>-1e+010 -1e+010 -1e+010 1e+010 1e+010 1e+010</IKRotLimits>
                    <IKRotLimitOrder>0</IKRotLimitOrder>
                    <KeyFrames count="60">
                        <i>0.0659482 0.931673 0.357262 -0.990829 0.0188272 0.133803 0.117934 -0.36281 0.92437 -2.69914 2.89357 -1.53939</i>
                        <i>0.060765 0.931238 0.359309 -0.992827 0.0192567 0.117995 0.102962 -0.363902 0.925729 -2.69899 2.89178 -1.54111</i>
                        <i>0.0465487 0.931107 0.361763 -0.996951 0.0205996 0.0752601 0.062623 -0.364163 0.929227 -2.69849 2.88827 -1.54533</i>
                        <i>0.0256404 0.932946 0.359102 -0.999664 0.0226085 0.0126407 0.00367429 -0.359306 0.933213 -2.69752 2.88583 -1.55068</i>
                        <i>0.000912321 0.938102 0.346357 -0.997743 0.024109 -0.0626708 -0.0671419 -0.345518 0.936007 -2.69607 2.88732 -1.55583</i>
                        <i>-0.0243413 0.946249 0.322521 -0.989418 0.0233571 -0.143201 -0.143037 -0.322593 0.935668 -2.69431 2.89452 -1.56003</i>
                        <i>-0.0470648 0.955144 0.292378 -0.975013 0.0196897 -0.221273 -0.217104 -0.295487 0.930351 -2.69247 2.90552 -1.56336</i>
                        <i>-0.0651463 0.963238 0.260632 -0.957072 0.0136111 -0.289529 -0.282433 -0.268305 0.921002 -2.69078 2.91773 -1.56585</i>
                        <i>-0.0774813 0.969435 0.232792 -0.939917 0.00684302 -0.341334 -0.332495 -0.245252 0.910658 -2.68945 2.92854 -1.56751</i>
                        <i>-0.0837614 0.973056 0.214815 -0.928717 0.00191072 -0.370783 -0.361203 -0.23056 0.903534 -2.68866 2.93534 -1.56843</i>
                        <i>-0.0838228 0.973181 0.214226 -0.92871 0.00163249 -0.370804 -0.361209 -0.230035 0.903666 -2.68861 2.93565 -1.56852</i>
                        <i>-0.0839799 0.973524 0.212599 -0.928688 0.000876883 -0.370862 -0.361229 -0.228583 0.904026 -2.68847 2.93648 -1.56875</i>
                        <i>-0.0841915 0.974038 0.210146 -0.928654 -0.000237751 -0.370947 -0.361267 -0.226384 0.904564 -2.68826 2.9377 -1.56908</i>
                        <i>-0.0844167 0.974675 0.20708 -0.92861 -0.00159288 -0.371053 -0.361326 -0.22362 0.905228 -2.68802 2.93918 -1.56947</i>
                        <i>-0.0846148 0.975387 0.203617 -0.92856 -0.00306929 -0.371168 -0.361408 -0.220477 0.905966 -2.68776 2.94079 -1.56988</i>
                        <i>-0.0847467 0.976128 0.199981 -0.928509 -0.00454696 -0.371283 -0.361511 -0.217149 0.906728 -2.68751 2.94238 -1.57027</i>
                        <i>-0.0847739 0.976852 0.196403 -0.928461 -0.00590508 -0.371384 -0.361627 -0.213836 0.907469 -2.68729 2.94384 -1.57059</i>
                        <i>-0.0846594 0.977516 0.193119 -0.928424 -0.00702237 -0.371457 -0.361749 -0.210743 0.908144 -2.68713 2.94503 -1.5708</i>
                        <i>-0.0842217 0.978196 0.189841 -0.928407 -0.00784057 -0.371482 -0.361893 -0.207536 0.908824 -2.68704 2.94583 -1.57095</i>
                        <i>-0.0833746 0.978916 0.186472 -0.928416 -0.00831674 -0.37145 -0.362067 -0.204093 0.909535 -2.68698 2.94611 -1.57113</i>
                        <i>-0.0822872 0.979549 0.183611 -0.928446 -0.00838243 -0.371373 -0.362239 -0.201032 0.910148 -2.68694 2.9458 -1.5714</i>
                        <i>-0.0810343 0.980084 0.1813 -0.928491 -0.00809013 -0.371267 -0.362406 -0.198421 0.910654 -2.68692 2.94498 -1.57177</i>
                        <i>-0.0796824 0.98053 0.179478 -0.928544 -0.00752257 -0.371146 -0.36257 -0.196227 0.911064 -2.68691 2.94378 -1.57218</i>
                        <i>-0.0782976 0.980895 0.178084 -0.928598 -0.00676273 -0.371025 -0.362732 -0.194419 0.911387 -2.68692 2.94232 -1.57263</i>
                        <i>-0.0769454 0.981188 0.177056 -0.928648 -0.00589363 -0.370914 -0.362893 -0.192963 0.911633 -2.68693 2.94074 -1.57308</i>
                        <i>-0.0756914 0.981416 0.176335 -0.928691 -0.00499816 -0.370821 -0.363048 -0.191829 0.91181 -2.68695 2.93916 -1.5735</i>
                        <i>-0.0746013 0.981583 0.175865 -0.928724 -0.00415894 -0.370749 -0.363189 -0.190988 0.91193 -2.68697 2.93771 -1.57388</i>
                        <i>-0.0737408 0.981697 0.175592 -0.928747 -0.00345821 -0.370698 -0.363306 -0.190416 0.912003 -2.68699 2.93651 -1.57418</i>
                        <i>-0.0731761 0.981762 0.175465 -0.92876 -0.00297782 -0.370669 -0.363386 -0.190089 0.91204 -2.687 2.9357 -1.57437</i>
                        <i>-0.0729731 0.981783 0.175435 -0.928765 -0.00279952 -0.370659 -0.363415 -0.189986 0.91205 -2.68701 2.9354 -1.57445</i>
                        <i>-0.0712898 0.980031 0.185628 -0.93628 -0.00157701 -0.35125 -0.343943 -0.19884 0.917696 -2.68526 2.93173 -1.57596</i>
                        <i>-0.0684993 0.976627 0.203733 -0.947487 0.000256537 -0.319795 -0.312373 -0.21494 0.925324 -2.68253 2.92606 -1.5784</i>
                        <i>-0.0630004 0.972581 0.223868 -0.960351 0.00196243 -0.278785 -0.271581 -0.232556 0.933896 -2.67932 2.92029 -1.58099</i>
                        <i>-0.0542707 0.969216 0.240156 -0.972965 0.00274112 -0.230934 -0.224484 -0.246196 0.942865 -2.67595 2.91628 -1.58297</i>
                        <i>-0.0431531 0.968107 0.246793 -0.983809 0.00183144 -0.179209 -0.173945 -0.25053 0.952354 -2.67259 2.9159 -1.58355</i>
                        <i>-0.0318089 0.970523 0.2389 -0.99194 -0.00132179 -0.126705 -0.122654 -0.241005 0.962742 -2.66923 2.92095 -1.58209</i>
                        <i>-0.0223933 0.975322 0.219647 -0.997053 -0.00566194 -0.0765095 -0.0733778 -0.220713 0.972575 -2.66585 2.9302 -1.57908</i>
                        <i>-0.0157198 0.980547 0.195652 -0.999447 -0.00967516 -0.0318124 -0.0293006 -0.196044 0.980157 -2.66264 2.94093 -1.57549</i>
                        <i>-0.011559 0.984659 0.174105 -0.999914 -0.0124519 0.00403678 0.00614278 -0.174044 0.984719 -2.65991 2.95038 -1.57233</i>
                        <i>-0.00901076 0.986658 0.162556 -0.999524 -0.0136831 0.0276464 0.0295018 -0.162229 0.986312 -2.65808 2.95582 -1.57063</i>
                        <i>-0.0087345 0.98642 0.164012 -0.999527 -0.013447 0.0276444 0.0294744 -0.163693 0.986071 -2.65811 2.95524 -1.57082</i>
                        <i>-0.00802193 0.985796 0.167757 -0.999536 -0.0128372 0.0276392 0.0294001 -0.167458 0.985441 -2.65821 2.95376 -1.57133</i>
                        <i>-0.00704756 0.984922 0.172853 -0.999546 -0.0120016 0.027632 0.0292899 -0.172579 0.98456 -2.65833 2.95174 -1.57201</i>
                        <i>-0.00598653 0.983946 0.178368 -0.999557 -0.0110892 0.0276242 0.0291587 -0.178123 0.983576 -2.65847 2.94953 -1.57276</i>
                        <i>-0.00501382 0.983027 0.183393 -0.999566 -0.0102504 0.027617 0.0290281 -0.183174 0.982652 -2.6586 2.9475 -1.57344</i>
                        <i>-0.00430345 0.982342 0.187044 -0.999572 -0.00963637 0.0276117 0.0289266 -0.186845 0.981963 -2.65869 2.94602 -1.57394</i>
                        <i>-0.00402828 0.982074 0.188454 -0.999575 -0.0093982 0.0276097 0.0288859 -0.188263 0.981694 -2.65872 2.94544 -1.57413</i>
                        <i>-0.00424171 0.982282 0.18736 -0.999573 -0.00958295 0.0276113 0.0289175 -0.187163 0.981903 -2.6587 2.94589 -1.57398</i>
                        <i>-0.00480486 0.982827 0.184468 -0.999568 -0.0100699 0.0276155 0.0289988 -0.184256 0.98245 -2.65862 2.94707 -1.57359</i>
                        <i>-0.00560202 0.983585 0.180357 -0.999561 -0.0107579 0.0276214 0.0291083 -0.180123 0.983213 -2.65852 2.94873 -1.57303</i>
                        <i>-0.00651692 0.984437 0.175615 -0.999552 -0.0115456 0.0276281 0.0292258 -0.175356 0.984071 -2.6584 2.95064 -1.57239</i>
                        <i>-0.00743252 0.98527 0.170843 -0.999542 -0.012332 0.0276349 0.0293346 -0.170559 0.984911 -2.65828 2.95254 -1.57174</i>
                        <i>-0.00823144 0.98598 0.166658 -0.999533 -0.0130166 0.0276407 0.0294225 -0.166352 0.985627 -2.65818 2.9542 -1.57118</i>
                        <i>-0.00879647 0.986473 0.163685 -0.999527 -0.0135 0.0276448 0.0294806 -0.163365 0.986125 -2.65811 2.95537 -1.57078</i>
                        <i>-0.00901076 0.986658 0.162556 -0.999524 -0.0136831 0.0276464 0.0295018 -0.162229 0.986312 -2.65808 2.95582 -1.57063</i>
                        <i>0.00140242 0.981967 0.189047 -0.999125 -0.00652733 0.0413168 0.0418057 -0.188939 0.981098 -2.66329 2.9468 -1.56639</i>
                        <i>0.0206822 0.97086 0.238752 -0.997713 0.00467228 0.0674288 0.0643485 -0.239601 0.968737 -2.67327 2.93112 -1.55858</i>
                        <i>0.0420431 0.954766 0.294372 -0.995108 0.0136533 0.0978413 0.0893964 -0.297046 0.950669 -2.68499 2.91367 -1.54972</i>
                        <i>0.0590525 0.938913 0.33905 -0.992218 0.0179101 0.123218 0.109618 -0.343688 0.932664 -2.69493 2.89945 -1.54243</i>
                        <i>0.0659482 0.931673 0.357262 -0.990829 0.0188272 0.133803 0.117934 -0.36281 0.92437 -2.69914 2.89357 -1.53939</i>
                    </KeyFrames>
                </p>
            </i>
            <i>
                <p>
                    <Name><![CDATA[head]]></Name>
                    <Exclude>0</Exclude>
                    <Additive>0</Additive>
                    <IKPriority>0</IKPriority>
                    <IKRotLimits>-1e+010 -1e+010 -1e+010 1e+010 1e+010 1e+010</IKRotLimits>
                    <IKRotLimitOrder>0</IKRotLimitOrder>
                    <KeyFrames count="60">
                        <i>0.0307108 0.971877 0.233476 -0.126747 0.235487 -0.963577 -0.99146 4.54662e-009 0.130414 -2.68521 3.13765 -1.45248</i>
                        <i>0.0267758 0.961065 0.275022 -0.153724 0.275807 -0.948841 -0.987751 -0.0168715 0.155124 -2.68626 3.13623 -1.45433</i>
                        <i>0.0209151 0.937419 0.347575 -0.168759 0.345973 -0.922943 -0.985435 -0.0393532 0.165434 -2.68899 3.13369 -1.45941</i>
                        <i>-0.0027334 0.92431 0.381634 -0.0705967 0.380504 -0.922081 -0.997501 -0.0294625 0.0642132 -2.69264 3.13265 -1.46705</i>
                        <i>-0.0447276 0.941835 0.333086 0.234823 0.33399 -0.912858 -0.971009 0.0373864 -0.236103 -2.69648 3.13571 -1.47653</i>
                        <i>-0.0456976 0.970986 0.234729 0.607595 0.21353 -0.765005 -0.792931 0.107662 -0.599724 -2.69992 3.14438 -1.48703</i>
                        <i>-0.0192145 0.98683 0.160618 0.832296 0.104802 -0.544334 -0.553998 0.123223 -0.823348 -2.70257 3.15664 -1.49762</i>
                        <i>-0.038075 0.9917 0.122805 0.906053 0.0860926 -0.414315 -0.421449 0.0954931 -0.90181 -2.70431 3.1698 -1.50728</i>
                        <i>-0.0822452 0.992048 0.0952665 0.92452 0.111642 -0.364416 -0.372154 0.0581043 -0.92635 -2.70523 3.18125 -1.51498</i>
                        <i>-0.108743 0.990941 0.0788105 0.928392 0.129578 -0.34828 -0.355337 0.0352941 -0.934072 -2.70554 3.18839 -1.51966</i>
                        <i>-0.109036 0.990865 0.0793572 0.928359 0.130044 -0.348192 -0.355331 0.0357066 -0.934058 -2.70553 3.18868 -1.51976</i>
                        <i>-0.109816 0.990662 0.0808035 0.928273 0.131281 -0.347958 -0.355317 0.0367964 -0.934022 -2.7055 3.18945 -1.52003</i>
                        <i>-0.110934 0.990368 0.082859 0.928147 0.133049 -0.347622 -0.355298 0.0383421 -0.933966 -2.70546 3.19059 -1.52044</i>
                        <i>-0.112243 0.990018 0.0852334 0.927997 0.135106 -0.34723 -0.355279 0.0401221 -0.933899 -2.70541 3.19197 -1.52095</i>
                        <i>-0.113595 0.989654 0.0876365 0.927839 0.137212 -0.346826 -0.355263 0.041915 -0.933826 -2.70534 3.19348 -1.52153</i>
                        <i>-0.11484 0.989319 0.0897788 0.92769 0.139127 -0.346461 -0.355251 0.0434994 -0.933758 -2.70525 3.19499 -1.52214</i>
                        <i>-0.115831 0.989057 0.0913707 0.92757 0.140611 -0.346181 -0.355241 0.0446543 -0.933708 -2.70516 3.19638 -1.52274</i>
                        <i>-0.11642 0.988918 0.0921232 0.9275 0.141425 -0.346039 -0.355232 0.0451583 -0.933687 -2.70506 3.19755 -1.5233</i>
