<?xml version="1.0" encoding="ISO-8859-1" ?>
<Animl Version="1">
    <ModellingPackage><![CDATA[Maya.2010]]></ModellingPackage>
    <SrcFile><![CDATA[anims\turrets\artillery\blue\~src\artillery_m198\artillery_m198_aim_low_crewman_b.mb]]></SrcFile>
    <FramesPerSecond>30</FramesPerSecond>
    <TotalFrames>31</TotalFrames>
    <Skeleton>
        <RefFrame>
            <Name><![CDATA[soldier_ref_frame]]></Name>
            <Exclude>0</Exclude>
            <Additive>0</Additive>
            <IKPriority>0</IKPriority>
            <IKRotLimits>-1e+010 -1e+010 -1e+010 1e+010 1e+010 1e+010</IKRotLimits>
            <IKRotLimitOrder>0</IKRotLimitOrder>
            <KeyFrames count="31">
                <i>1 0 0 0 1 0 0 0 1 -1.86 1.37 -1.86</i>
                <i>1 0 0 0 1 0 0 0 1 -1.86 1.37 -1.86</i>
                <i>1 0 0 0 1 0 0 0 1 -1.86 1.37 -1.86</i>
                <i>1 0 0 0 1 0 0 0 1 -1.86 1.37 -1.86</i>
                <i>1 0 0 0 1 0 0 0 1 -1.86 1.37 -1.86</i>
                <i>1 0 0 0 1 0 0 0 1 -1.86 1.37 -1.86</i>
                <i>1 0 0 0 1 0 0 0 1 -1.86 1.37 -1.86</i>
                <i>1 0 0 0 1 0 0 0 1 -1.86 1.37 -1.86</i>
                <i>1 0 0 0 1 0 0 0 1 -1.86 1.37 -1.86</i>
                <i>1 0 0 0 1 0 0 0 1 -1.86 1.37 -1.86</i>
                <i>1 0 0 0 1 0 0 0 1 -1.86 1.37 -1.86</i>
                <i>1 0 0 0 1 0 0 0 1 -1.86 1.37 -1.86</i>
                <i>1 0 0 0 1 0 0 0 1 -1.86 1.37 -1.86</i>
                <i>1 0 0 0 1 0 0 0 1 -1.86 1.37 -1.86</i>
                <i>1 0 0 0 1 0 0 0 1 -1.86 1.37 -1.86</i>
                <i>1 0 0 0 1 0 0 0 1 -1.86 1.37 -1.86</i>
                <i>1 0 0 0 1 0 0 0 1 -1.86 1.37 -1.86</i>
                <i>1 0 0 0 1 0 0 0 1 -1.86 1.37 -1.86</i>
                <i>1 0 0 0 1 0 0 0 1 -1.86 1.37 -1.86</i>
                <i>1 0 0 0 1 0 0 0 1 -1.86 1.37 -1.86</i>
                <i>1 0 0 0 1 0 0 0 1 -1.86 1.37 -1.86</i>
                <i>1 0 0 0 1 0 0 0 1 -1.86 1.37 -1.86</i>
                <i>1 0 0 0 1 0 0 0 1 -1.86 1.37 -1.86</i>
                <i>1 0 0 0 1 0 0 0 1 -1.86 1.37 -1.86</i>
                <i>1 0 0 0 1 0 0 0 1 -1.86 1.37 -1.86</i>
                <i>1 0 0 0 1 0 0 0 1 -1.86 1.37 -1.86</i>
                <i>1 0 0 0 1 0 0 0 1 -1.86 1.37 -1.86</i>
                <i>1 0 0 0 1 0 0 0 1 -1.86 1.37 -1.86</i>
                <i>1 0 0 0 1 0 0 0 1 -1.86 1.37 -1.86</i>
                <i>1 0 0 0 1 0 0 0 1 -1.86 1.37 -1.86</i>
                <i>1 0 0 0 1 0 0 0 1 -1.86 1.37 -1.86</i>
            </KeyFrames>
        </RefFrame>
        <Bones count="23">
            <i>
                <p>
                    <Name><![CDATA[pelvis]]></Name>
                    <Exclude>0</Exclude>
                    <Additive>0</Additive>
                    <IKPriority>0</IKPriority>
                    <IKRotLimits>-1e+010 -1e+010 -1e+010 1e+010 1e+010 1e+010</IKRotLimits>
                    <IKRotLimitOrder>2</IKRotLimitOrder>
                    <KeyFrames count="31">
                        <i>1 0 0 0 1 0 0 0 1 -1.89983 1.91948 -1.72393</i>
                        <i>1 0 0 0 1 0 0 0 1 -1.89983 1.91918 -1.72393</i>
                        <i>1 0 0 0 1 0 0 0 1 -1.89983 1.91885 -1.72393</i>
                        <i>1 0 0 0 1 0 0 0 1 -1.89983 1.91849 -1.72393</i>
                        <i>1 0 0 0 1 0 0 0 1 -1.89983 1.91813 -1.72393</i>
                        <i>1 0 0 0 1 0 0 0 1 -1.89983 1.91775 -1.72393</i>
                        <i>1 0 0 0 1 0 0 0 1 -1.89983 1.91738 -1.72393</i>
                        <i>1 0 0 0 1 0 0 0 1 -1.89983 1.91701 -1.72393</i>
                        <i>1 0 0 0 1 0 0 0 1 -1.89983 1.91666 -1.72393</i>
                        <i>1 0 0 0 1 0 0 0 1 -1.89983 1.91633 -1.72393</i>
                        <i>1 0 0 0 1 0 0 0 1 -1.89983 1.91603 -1.72393</i>
                        <i>1 0 0 0 1 0 0 0 1 -1.89983 1.91577 -1.72393</i>
                        <i>1 0 0 0 1 0 0 0 1 -1.89983 1.91555 -1.72393</i>
                        <i>1 0 0 0 1 0 0 0 1 -1.89983 1.91539 -1.72393</i>
                        <i>1 0 0 0 1 0 0 0 1 -1.89983 1.91528 -1.72393</i>
                        <i>1 0 0 0 1 0 0 0 1 -1.89983 1.91525 -1.72393</i>
                        <i>1 0 0 0 1 0 0 0 1 -1.89983 1.91532 -1.72393</i>
                        <i>1 0 0 0 1 0 0 0 1 -1.89983 1.91552 -1.72393</i>
                        <i>1 0 0 0 1 0 0 0 1 -1.89983 1.91582 -1.72393</i>
                        <i>1 0 0 0 1 0 0 0 1 -1.89983 1.91621 -1.72393</i>
                        <i>1 0 0 0 1 0 0 0 1 -1.89983 1.91666 -1.72393</i>
                        <i>1 0 0 0 1 0 0 0 1 -1.89983 1.91714 -1.72393</i>
                        <i>1 0 0 0 1 0 0 0 1 -1.89983 1.91764 -1.72393</i>
                        <i>1 0 0 0 1 0 0 0 1 -1.89983 1.91813 -1.72393</i>
                        <i>1 0 0 0 1 0 0 0 1 -1.89983 1.9186 -1.72393</i>
                        <i>1 0 0 0 1 0 0 0 1 -1.89983 1.91901 -1.72393</i>
                        <i>1 0 0 0 1 0 0 0 1 -1.89983 1.91934 -1.72393</i>
                        <i>1 0 0 0 1 0 0 0 1 -1.89983 1.91958 -1.72393</i>
                        <i>1 0 0 0 1 0 0 0 1 -1.89983 1.91969 -1.72393</i>
                        <i>1 0 0 0 1 0 0 0 1 -1.89983 1.91967 -1.72393</i>
                        <i>1 0 0 0 1 0 0 0 1 -1.89983 1.91948 -1.72393</i>
                    </KeyFrames>
                </p>
            </i>
            <i>
                <p>
                    <Name><![CDATA[spine0]]></Name>
                    <Exclude>0</Exclude>
                    <Additive>0</Additive>
                    <IKPriority>0</IKPriority>
                    <IKRotLimits>-1e+010 -1e+010 -1e+010 1e+010 1e+010 1e+010</IKRotLimits>
                    <IKRotLimitOrder>0</IKRotLimitOrder>
                    <KeyFrames count="31">
                        <i>0.116731 0.993001 -0.0179618 -0.16296 0.0369906 0.985939 0.979703 -0.112163 0.166137 -1.94208 2.05379 -1.75343</i>
                        <i>0.119703 0.992654 -0.0175895 -0.163665 0.0372044 0.985814 0.979227 -0.115126 0.166916 -1.94131 2.05375 -1.75334</i>
                        <i>0.122438 0.992326 -0.0172466 -0.164337 0.037408 0.985695 0.978776 -0.117853 0.167656 -1.94058 2.05366 -1.75326</i>
                        <i>0.124837 0.992032 -0.0169454 -0.164945 0.037592 0.985586 0.97837 -0.120243 0.168324 -1.93991 2.05353 -1.75319</i>
                        <i>0.126799 0.991788 -0.0166989 -0.165459 0.0377467 0.985494 0.978031 -0.122197 0.168886 -1.93934 2.05334 -1.75313</i>
                        <i>0.128223 0.991608 -0.01652 -0.165849 0.0378626 0.985424 0.97778 -0.123614 0.169312 -1.93891 2.0531 -1.75308</i>
                        <i>0.129011 0.991507 -0.0164215 -0.166085 0.0379303 0.985382 0.977636 -0.124397 0.169568 -1.93865 2.05281 -1.75305</i>
                        <i>0.129096 0.991496 -0.0164125 -0.166158 0.0379454 0.985369 0.977612 -0.12448 0.169644 -1.93856 2.05247 -1.75304</i>
                        <i>0.128552 0.991566 -0.0164843 -0.16609 0.0379144 0.985381 0.977695 -0.123935 0.169564 -1.93864 2.05209 -1.75305</i>
                        <i>0.127513 0.991698 -0.0166191 -0.165901 0.0378455 0.985416 0.977864 -0.122896 0.169349 -1.93885 2.0517 -1.75307</i>
                        <i>0.126056 0.991881 -0.0168069 -0.165608 0.0377451 0.985469 0.978102 -0.121441 0.169022 -1.93918 2.0513 -1.75311</i>
                        <i>0.124259 0.992103 -0.0170375 -0.165231 0.0376196 0.985537 0.978396 -0.119647 0.168601 -1.93959 2.0509 -1.75316</i>
                        <i>0.1222 0.992355 -0.0173008 -0.164787 0.0374754 0.985617 0.97873 -0.117591 0.168106 -1.94008 2.05053 -1.75321</i>
                        <i>0.119952 0.992624 -0.0175874 -0.164295 0.0373187 0.985705 0.979091 -0.115348 0.167559 -1.94062 2.05019 -1.75327</i>
                        <i>0.117586 0.992902 -0.0178884 -0.163774 0.0371555 0.985798 0.979465 -0.112986 0.16698 -1.9412 2.0499 -1.75333</i>
                        <i>0.115183 0.993178 -0.0181934 -0.163242 0.0369918 0.985892 0.979839 -0.110588 0.166389 -1.94177 2.04967 -1.75339</i>
                        <i>0.112834 0.993442 -0.0184908 -0.16272 0.0368335 0.985985 0.980199 -0.108244 0.165808 -1.94234 2.04955 -1.75346</i>
                        <i>0.110629 0.993685 -0.0187691 -0.162225 0.0366862 0.986072 0.980533 -0.106043 0.165259 -1.94288 2.04956 -1.75351</i>
                        <i>0.108657 0.993897 -0.0190175 -0.161778 0.0365554 0.98615 0.980827 -0.104075 0.164762 -1.94336 2.0497 -1.75356</i>
                        <i>0.107005 0.994073 -0.0192248 -0.161397 0.0364462 0.986216 0.981071 -0.102427 0.164341 -1.94377 2.04994 -1.75361</i>
                        <i>0.105762 0.994203 -0.0193802 -0.161104 0.0363635 0.986267 0.981254 -0.101187 0.164016 -1.94408 2.05028 -1.75364</i>
                        <i>0.105003 0.994281 -0.0194738 -0.160908 0.0363105 0.986301 0.981368 -0.100431 0.1638 -1.94429 2.05069 -1.75366</i>
                        <i>0.104705 0.994312 -0.0195088 -0.160805 0.0362855 0.986319 0.981417 -0.100136 0.16369 -1.9444 2.05115 -1.75367</i>
                        <i>0.104805 0.994302 -0.0194942 -0.160793 0.0362862 0.986321 0.981408 -0.100237 0.163679 -1.94442 2.05164 -1.75367</i>
                        <i>0.105303 0.99425 -0.0194296 -0.160867 0.0363121 0.986308 0.981342 -0.100735 0.163766 -1.94434 2.05213 -1.75367</i>
                        <i>0.106199 0.994157 -0.0193147 -0.161026 0.0363629 0.98628 0.98122 -0.101631 0.163947 -1.94417 2.0526 -1.75365</i>
                        <i>0.107495 0.994021 -0.019149 -0.161265 0.0364385 0.986238 0.981039 -0.102928 0.164218 -1.94391 2.05303 -1.75362</i>
                        <i>0.109194 0.99384 -0.0189316 -0.161582 0.0365388 0.986183 0.9808 -0.104626 0.164577 -1.94357 2.05338 -1.75359</i>
                        <i>0.111298 0.993612 -0.0186618 -0.161972 0.036664 0.986114 0.980499 -0.106729 0.165018 -1.94315 2.05364 -1.75354</i>
                        <i>0.113809 0.993333 -0.0183388 -0.162433 0.0368144 0.986033 0.980134 -0.109241 0.16554 -1.94265 2.05379 -1.75349</i>
                        <i>0.116731 0.993001 -0.0179618 -0.16296 0.0369906 0.985939 0.979703 -0.112163 0.166137 -1.94208 2.05379 -1.75343</i>
                    </KeyFrames>
                </p>
            </i>
            <i>
                <p>
                    <Name><![CDATA[spine1]]></Name>
                    <Exclude>0</Exclude>
                    <Additive>0</Additive>
                    <IKPriority>0</IKPriority>
                    <IKRotLimits>-1e+010 -1e+010 -1e+010 1e+010 1e+010 1e+010</IKRotLimits>
                    <IKRotLimitOrder>0</IKRotLimitOrder>
                    <KeyFrames count="31">
                        <i>0.425422 0.88855 0.171742 -0.173948 -0.105949 0.979039 0.888121 -0.446379 0.109488 -1.92121 2.23171 -1.75665</i>
                        <i>0.423286 0.88957 0.17174 -0.174359 -0.106032 0.978957 0.88906 -0.444323 0.110223 -1.91995 2.23122 -1.7565</i>
                        <i>0.421367 0.89048 0.171741 -0.174805 -0.106072 0.978873 0.889884 -0.442486 0.110965 -1.91877 2.23073 -1.75635</i>
                        <i>0.419755 0.89124 0.171747 -0.175258 -0.106076 0.978791 0.890556 -0.440952 0.111671 -1.91771 2.23024 -1.75622</i>
                        <i>0.418541 0.891808 0.171762 -0.175688 -0.106047 0.978717 0.891043 -0.43981 0.112295 -1.91682 2.22976 -1.75611</i>
                        <i>0.417818 0.892141 0.171791 -0.176069 -0.105991 0.978655 0.891307 -0.439147 0.112793 -1.91616 2.22931 -1.75602</i>
                        <i>0.417679 0.892198 0.171837 -0.17637 -0.105913 0.978609 0.891313 -0.439051 0.113119 -1.91577 2.22891 -1.75597</i>
                        <i>0.418119 0.89198 0.171897 -0.176585 -0.105812 0.978581 0.891064 -0.439518 0.113268 -1.91567 2.22856 -1.75596</i>
                        <i>0.419019 0.891544 0.171964 -0.176726 -0.10569 0.978569 0.890612 -0.44043 0.113273 -1.91584 2.22827 -1.75599</i>
                        <i>0.420307 0.890924 0.172037 -0.17679 -0.105559 0.978572 0.889993 -0.441715 0.11314 -1.91621 2.22804 -1.75604</i>
                        <i>0.421882 0.890165 0.17211 -0.176783 -0.105422 0.978588 0.889249 -0.443274 0.112891 -1.91678 2.22786 -1.75611</i>
                        <i>0.423644 0.889315 0.172176 -0.176711 -0.105284 0.978615 0.888425 -0.44501 0.112549 -1.91749 2.22774 -1.7562</i>
                        <i>0.425496 0.888421 0.172228 -0.17658 -0.10515 0.978654 0.887566 -0.446825 0.112137 -1.91831 2.22769 -1.75631</i>
                        <i>0.427339 0.887529 0.172261 -0.176397 -0.105022 0.9787 0.886716 -0.448623 0.111678 -1.91922 2.22769 -1.75642</i>
                        <i>0.429066 0.886694 0.172269 -0.176168 -0.104908 0.978754 0.885927 -0.450299 0.111194 -1.92018 2.22775 -1.75654</i>
                        <i>0.430617 0.885945 0.17225 -0.175901 -0.104809 0.978813 0.885228 -0.451792 0.110706 -1.92115 2.22788 -1.75667</i>
                        <i>0.431961 0.885299 0.17221 -0.175609 -0.104728 0.978874 0.884631 -0.453077 0.110228 -1.92211 2.2281 -1.75679</i>
                        <i>0.43307 0.884767 0.172153 -0.175306 -0.104668 0.978934 0.884148 -0.454127 0.109776 -1.92301 2.22844 -1.7569</i>
                        <i>0.433919 0.884365 0.172084 -0.175002 -0.104631 0.978993 0.883792 -0.454919 0.109364 -1.92383 2.22886 -1.757</i>
                        <i>0.434481 0.884104 0.172008 -0.174711 -0.10462 0.979046 0.883573 -0.455429 0.109007 -1.92451 2.22934 -1.75708</i>
                        <i>0.43473 0.883996 0.171932 -0.174446 -0.104638 0.979091 0.883503 -0.455633 0.10872 -1.92504 2.22984 -1.75715</i>
                        <i>0.434678 0.884036 0.171862 -0.17421 -0.10469 0.979128 0.883576 -0.455545 0.108502 -1.92538 2.23035 -1.75719</i>
                        <i>0.434357 0.884205 0.1718 -0.174006 -0.10477 0.979155 0.883774 -0.455198 0.108349 -1.92554 2.23084 -1.75721</i>
                        <i>0.433777 0.8845 0.171745 -0.173846 -0.10487 0.979173 0.88409 -0.4546 0.108276 -1.92554 2.23129 -1.75721</i>
                        <i>0.432974 0.884903 0.171698 -0.173729 -0.104987 0.979181 0.884506 -0.453789 0.108277 -1.92537 2.23169 -1.75718</i>
                        <i>0.431982 0.885394 0.171663 -0.173657 -0.105119 0.97918 0.885005 -0.452799 0.108345 -1.92506 2.23202 -1.75714</i>
                        <i>0.430838 0.885956 0.171641 -0.173628 -0.105265 0.979169 0.885569 -0.451665 0.108475 -1.92458 2.23224 -1.75708</i>
                        <i>0.429575 0.88657 0.171637 -0.173643 -0.105423 0.97915 0.886179 -0.450422 0.10866 -1.92396 2.23234 -1.757</i>
                        <i>0.428229 0.887218 0.171651 -0.173702 -0.105591 0.979121 0.886819 -0.449104 0.108894 -1.92319 2.23231 -1.7569</i>
                        <i>0.426833 0.887884 0.171685 -0.173803 -0.105767 0.979084 0.887472 -0.447745 0.109172 -1.92227 2.2321 -1.75679</i>
                        <i>0.425422 0.88855 0.171742 -0.173948 -0.105949 0.979039 0.888121 -0.446379 0.109488 -1.92121 2.23171 -1.75665</i>
                    </KeyFrames>
                </p>
            </i>
            <i>
                <p>
                    <Name><![CDATA[spine2]]></Name>
                    <Exclude>0</Exclude>
                    <Additive>0</Additive>
                    <IKPriority>0</IKPriority>
                    <IKRotLimits>-1e+010 -1e+010 -1e+010 1e+010 1e+010 1e+010</IKRotLimits>
                    <IKRotLimitOrder>0</IKRotLimitOrder>
                    <KeyFrames count="31">
                        <i>0.661086 0.733007 0.160206 -0.163719 -0.0674515 0.984198 0.732231 -0.676868 0.0754162 -1.85098 2.37801 -1.72835</i>
                        <i>0.65699 0.736758 0.159847 -0.163359 -0.0678668 0.98423 0.735988 -0.672742 0.0757682 -1.85023 2.37738 -1.72825</i>
                        <i>0.653586 0.739841 0.159564 -0.163077 -0.0682123 0.984252 0.739074 -0.669315 0.0760684 -1.8495 2.37676 -1.72816</i>
                        <i>0.650966 0.742191 0.159361 -0.162878 -0.068481 0.984267 0.741427 -0.66668 0.0763075 -1.84882 2.37614 -1.72808</i>
                        <i>0.649221 0.743743 0.159245 -0.162765 -0.0686661 0.984273 0.74298 -0.66493 0.0764756 -1.84823 2.37556 -1.728</i>
                        <i>0.648443 0.744426 0.159221 -0.162742 -0.0687605 0.98427 0.743665 -0.664155 0.0765625 -1.84776 2.37503 -1.72794</i>
                        <i>0.648717 0.744171 0.159295 -0.162814 -0.0687575 0.984258 0.743409 -0.664441 0.0765574 -1.84743 2.37456 -1.7279</i>
                        <i>0.650084 0.742939 0.159472 -0.162985 -0.0686528 0.984237 0.742177 -0.665829 0.0764575 -1.84726 2.37417 -1.72788</i>
                        <i>0.652378 0.740869 0.159737 -0.16324 -0.0684601 0.984208 0.740105 -0.668151 0.076278 -1.84725 2.37387 -1.72788</i>
                        <i>0.655338 0.738182 0.16006 -0.163552 -0.0682013 0.984174 0.737417 -0.671145 0.0760367 -1.84736 2.37365 -1.7279</i>
                        <i>0.658789 0.735025 0.160424 -0.163904 -0.0678899 0.984137 0.734257 -0.674633 0.0757487 -1.84759 2.3735 -1.72793</i>
                        <i>0.662557 0.731545 0.16081 -0.16428 -0.0675397 0.984099 0.730774 -0.678439 0.0754292 -1.84791 2.37343 -1.72797</i>
                        <i>0.666472 0.727894 0.161202 -0.164663 -0.067165 0.98406 0.727119 -0.682392 0.0750937 -1.84832 2.37344 -1.72802</i>
                        <i>0.670368 0.724223 0.161582 -0.165039 -0.0667802 0.984024 0.723443 -0.686325 0.0747576 -1.84881 2.37353 -1.72808</i>
                        <i>0.674073 0.720696 0.161934 -0.165392 -0.0664015 0.98399 0.719911 -0.690063 0.0744377 -1.84936 2.37371 -1.72816</i>
                        <i>0.677465 0.717438 0.162246 -0.16571 -0.0660421 0.983961 0.716646 -0.693484 0.0741456 -1.84996 2.37396 -1.72823</i>
                        <i>0.680459 0.714539 0.162512 -0.165986 -0.0657129 0.983936 0.713739 -0.696503 0.0738886 -1.85057 2.37431 -1.72831</i>
                        <i>0.682974 0.712087 0.162724 -0.166212 -0.0654252 0.983917 0.711281 -0.699037 0.0736739 -1.85117 2.37478 -1.72839</i>
                        <i>0.684929 0.710171 0.162878 -0.166381 -0.0651907 0.983904 0.709359 -0.701004 0.0735084 -1.85175 2.37533 -1.72846</i>
                        <i>0.686244 0.70888 0.162966 -0.166486 -0.0650207 0.983898 0.708062 -0.702326 0.0733987 -1.85226 2.37592 -1.72853</i>
                        <i>0.68684 0.708299 0.162984 -0.16652 -0.0649266 0.983898 0.707476 -0.702921 0.0733514 -1.85268 2.37653 -1.72858</i>
                        <i>0.686647 0.708499 0.162924 -0.166473 -0.0649182 0.983907 0.707674 -0.702719 0.0733699 -1.85299 2.37711 -1.72862</i>
                        <i>0.685745 0.709402 0.162796 -0.166354 -0.0649878 0.983922 0.708576 -0.701802 0.0734469 -1.8532 2.37764 -1.72864</i>
                        <i>0.684269 0.710867 0.162617 -0.166182 -0.065121 0.983943 0.710042 -0.700306 0.0735729 -1.8533 2.37812 -1.72865</i>
                        <i>0.68226 0.712847 0.16239 -0.165959 -0.0653136 0.983967 0.712024 -0.698272 0.0737429 -1.85331 2.37853 -1.72865</i>
                        <i>0.679755 0.715297 0.162118 -0.165689 -0.0655609 0.983996 0.714479 -0.695738 0.0739518 -1.85321 2.37883 -1.72864</i>
                        <i>0.676793 0.718172 0.161806 -0.165375 -0.0658583 0.98403 0.717358 -0.692743 0.0741949 -1.853 2.379 -1.72861</i>
                        <i>0.673408 0.721425 0.161456 -0.165017 -0.0662009 0.984066 0.720618 -0.689321 0.0744674 -1.85268 2.37903 -1.72857</i>
                        <i>0.669638 0.725011 0.16107 -0.164621 -0.0665839 0.984107 0.724213 -0.685511 0.0747648 -1.85223 2.37889 -1.72851</i>
                        <i>0.665518 0.728887 0.160653 -0.164187 -0.0670024 0.984151 0.728099 -0.681348 0.0750826 -1.85167 2.37856 -1.72844</i>
                        <i>0.661086 0.733007 0.160206 -0.163719 -0.0674515 0.984198 0.732231 -0.676868 0.0754162 -1.85098 2.37801 -1.72835</i>
                    </KeyFrames>
                </p>
            </i>
            <i>
                <p>
                    <Name><![CDATA[head]]></Name>
                    <Exclude>0</Exclude>
                    <Additive>0</Additive>
                    <IKPriority>0</IKPriority>
                    <IKRotLimits>-1e+010 -1e+010 -1e+010 1e+010 1e+010 1e+010</IKRotLimits>
                    <IKRotLimitOrder>0</IKRotLimitOrder>
                    <KeyFrames count="31">
                        <i>-0.0195255 0.999757 0.0102557 -0.575376 -0.00284727 -0.817884 -0.817656 -0.0218705 0.575292 -1.68298 2.57598 -1.6968</i>
                        <i>-0.0257529 0.999619 0.00994999 -0.575359 -0.00668181 -0.817874 -0.817496 -0.0267874 0.575312 -1.68359 2.5762 -1.69688</i>
                        <i>-0.0300162 0.999492 0.0107145 -0.575367 -0.00851184 -0.817851 -0.817344 -0.0307136 0.57533 -1.68398 2.57624 -1.69692</i>
                        <i>-0.032381 0.999399 0.0123578 -0.575416 -0.00853124 -0.817817 -0.81722 -0.0335925 0.575346 -1.68416 2.5761 -1.69695</i>
                        <i>-0.0329123 0.99935 0.0146882 -0.575502 -0.00693396 -0.817771 -0.817138 -0.0353678 0.575356 -1.68415 2.57579 -1.69695</i>
                        <i>-0.0316751 0.999345 0.0175145 -0.575613 -0.0039133 -0.817713 -0.817108 -0.0359827 0.57536 -1.68393 2.57532 -1.69692</i>
                        <i>-0.0287345 0.999374 0.0206452 -0.575727 0.000337392 -0.817642 -0.817137 -0.0353805 0.575356 -1.68352 2.57471 -1.69687</i>
                        <i>-0.0241556 0.999423 0.0238889 -0.575814 0.00562484 -0.817561 -0.817224 -0.0335042 0.575346 -1.68292 2.57396 -1.69679</i>
                        <i>-0.0183065 0.999467 0.0270165 -0.575848 0.0115498 -0.817475 -0.817352 -0.0305225 0.57533 -1.68218 2.57309 -1.6967</i>
                        <i>-0.0117784 0.999487 0.0297711 -0.575814 0.0175615 -0.817392 -0.817496 -0.0267702 0.575312 -1.68134 2.57217 -1.69659</i>
                        <i>-0.00496971 0.999478 0.0319197 -0.57571 0.0232397 -0.817324 -0.817639 -0.0224384 0.575294 -1.68046 2.57123 -1.69648</i>
                        <i>0.00172093 0.999446 0.0332296 -0.575548 0.0281641 -0.817283 -0.817766 -0.0177187 0.575278 -1.67957 2.57029 -1.69637</i>
                        <i>0.00818208 0.999393 0.033875 -0.575349 0.0324121 -0.817265 -0.817867 -0.012803 0.575265 -1.6787 2.56941 -1.69626</i>
                        <i>0.0144145 0.999311 0.0341899 -0.57513 0.0362572 -0.817258 -0.817935 -0.0078832 0.575257 -1.67791 2.5686 -1.69616</i>
                        <i>0.0201725 0.999212 0.0341789 -0.574907 0.0395616 -0.817262 -0.81797 -0.00316341 0.575252 -1.67722 2.56792 -1.69608</i>
                        <i>0.0252733 0.999107 0.0338547 -0.574697 0.0422308 -0.817276 -0.817976 0.00119905 0.575252 -1.67667 2.56739 -1.69601</i>
                        <i>0.0295818 0.99901 0.0332359 -0.574515 0.0442027 -0.8173 -0.817959 0.00508268 0.575254 -1.67626 2.56706 -1.69596</i>
                        <i>0.0329631 0.998933 0.0323411 -0.574373 0.045415 -0.817333 -0.81793 0.00836593 0.575257 -1.67599 2.56696 -1.69593</i>
                        <i>0.0352821 0.998891 0.031189 -0.574282 0.0458058 -0.817375 -0.817897 0.0109274 0.575261 -1.67587 2.56707 -1.69591</i>
                        <i>0.0364037 0.998893 0.0297982 -0.574251 0.0453128 -0.817424 -0.817869 0.0126457 0.575265 -1.6759 2.56739 -1.69591</i>
                        <i>0.0361928 0.998947 0.0281872 -0.574283 0.0438736 -0.81748 -0.817856 0.0133995 0.575266 -1.67608 2.5679 -1.69594</i>
                        <i>0.034514 0.999056 0.0263747 -0.574378 0.0414255 -0.817541 -0.817862 0.0130675 0.575266 -1.67643 2.56858 -1.69598</i>
                        <i>0.0315358 0.999204 0.0244174 -0.574518 0.038112 -0.817604 -0.817884 0.0117556 0.575263 -1.67691 2.5694 -1.69604</i>
                        <i>0.0275806 0.999369 0.022391 -0.574679 0.0341799 -0.817665 -0.817914 0.00968403 0.575259 -1.67749 2.57031 -1.69611</i>
                        <i>0.0227424 0.999534 0.020343 -0.574847 0.0297222 -0.817721 -0.817945 0.00690287 0.575255 -1.67815 2.57126 -1.6962</i>
                        <i>0.0171159 0.999686 0.0183207 -0.575008 0.0248318 -0.817771 -0.817969 0.00346229 0.575252 -1.67888 2.57222 -1.69629</i>
                        <i>0.0107954 0.999808 0.0163716 -0.57515 0.0196017 -0.817813 -0.817976 -0.000587467 0.575252 -1.67966 2.57316 -1.69638</i>
                        <i>0.00387601 0.999887 0.0145431 -0.575264 0.0141254 -0.817846 -0.817959 -0.00519616 0.575254 -1.68048 2.57404 -1.69649</i>
                        <i>-0.00354743 0.999911 0.0128826 -0.575342 0.00849604 -0.817869 -0.817905 -0.0103133 0.57526 -1.68132 2.57482 -1.69659</i>
                        <i>-0.0113797 0.99987 0.0114376 -0.575379 0.00280732 -0.817882 -0.817807 -0.0158883 0.575273 -1.68216 2.57549 -1.6967</i>
                        <i>-0.0195255 0.999757 0.0102557 -0.575376 -0.00284727 -0.817884 -0.817656 -0.0218705 0.575292 -1.68298 2.57598 -1.6968</i>
                    </KeyFrames>
                </p>
            </i>
            <i>
                <p>
                    <Name><![CDATA[head_prop]]></Name>
                    <Exclude>0</Exclude>
                    <Additive>0</Additive>
                    <IKPriority>0</IKPriority>
                    <IKRotLimits>-1e+010 -1e+010 -1e+010 1e+010 1e+010 1e+010</IKRotLimits>
                    <IKRotLimitOrder>0</IKRotLimitOrder>
                    <KeyFrames count="31">
                        <i>0.817656 0.0218705 -0.575292 -0.0195255 0.999757 0.0102557 0.575376 0.00284727 0.817884 -1.68935 2.90181 -1.69346</i>
                        <i>0.817496 0.0267874 -0.575312 -0.0257529 0.999619 0.00994999 0.575359 0.00668181 0.817874 -1.69198 2.90199 -1.69363</i>
                        <i>0.817344 0.0307136 -0.57533 -0.0300162 0.999492 0.0107145 0.575367 0.00851184 0.817851 -1.69376 2.90198 -1.69343</i>
                        <i>0.81722 0.0335925 -0.575346 -0.032381 0.999399 0.0123578 0.575416 0.00853124 0.817817 -1.69472 2.90181 -1.69292</i>
                        <i>0.817138 0.0353678 -0.575356 -0.0329123 0.99935 0.0146882 0.575502 0.00693396 0.817771 -1.69487 2.90149 -1.69216</i>
                        <i>0.817108 0.0359827 -0.57536 -0.0316751 0.999345 0.0175145 0.575613 0.0039133 0.817713 -1.69425 2.90102 -1.69121</i>
                        <i>0.817137 0.0353805 -0.575356 -0.0287345 0.999374 0.0206452 0.575727 -0.000337392 0.817642 -1.69288 2.90042 -1.69014</i>
                        <i>0.817224 0.0335042 -0.575346 -0.0241556 0.999423 0.0238889 0.575814 -0.00562484 0.817561 -1.6908 2.89968 -1.68901</i>
                        <i>0.817352 0.0305225 -0.57533 -0.0183065 0.999467 0.0270165 0.575848 -0.0115498 0.817475 -1.68814 2.89883 -1.68789</i>
                        <i>0.817496 0.0267702 -0.575312 -0.0117784 0.999487 0.0297711 0.575814 -0.0175615 0.817392 -1.68518 2.89792 -1.68689</i>
                        <i>0.817639 0.0224384 -0.575294 -0.00496971 0.999478 0.0319197 0.57571 -0.0232397 0.817324 -1.68208 2.89697 -1.68608</i>
                        <i>0.817766 0.0177187 -0.575278 0.00172093 0.999446 0.0332296 0.575548 -0.0281641 0.817283 -1.679 2.89602 -1.68554</i>
                        <i>0.817867 0.012803 -0.575265 0.00818208 0.999393 0.033875 0.575349 -0.0324121 0.817265 -1.67603 2.89512 -1.68522</i>
                        <i>0.817935 0.0078832 -0.575257 0.0144145 0.999311 0.0341899 0.57513 -0.0362572 0.817258 -1.67321 2.89429 -1.68502</i>
                        <i>0.81797 0.00316341 -0.575252 0.0201725 0.999212 0.0341789 0.574907 -0.0395616 0.817262 -1.67065 2.89357 -1.68494</i>
                        <i>0.817976 -0.00119905 -0.575252 0.0252733 0.999107 0.0338547 0.574697 -0.0422308 0.817276 -1.66844 2.89301 -1.68498</i>
                        <i>0.817959 -0.00508268 -0.575254 0.0295818 0.99901 0.0332359 0.574515 -0.0442027 0.8173 -1.66662 2.89264 -1.68513</i>
                        <i>0.81793 -0.00836593 -0.575257 0.0329631 0.998933 0.0323411 0.574373 -0.045415 0.817333 -1.66525 2.89252 -1.68539</i>
                        <i>0.817897 -0.0109274 -0.575261 0.0352821 0.998891 0.031189 0.574282 -0.0458058 0.817375 -1.66437 2.89262 -1.68575</i>
                        <i>0.817869 -0.0126457 -0.575265 0.0364037 0.998893 0.0297982 0.574251 -0.0453128 0.817424 -1.66404 2.89294 -1.6862</i>
                        <i>0.817856 -0.0133995 -0.575266 0.0361928 0.998947 0.0281872 0.574283 -0.0438736 0.81748 -1.66429 2.89346 -1.68675</i>
                        <i>0.817862 -0.0130675 -0.575266 0.034514 0.999056 0.0263747 0.574378 -0.0414255 0.817541 -1.66518 2.89418 -1.68738</i>
                        <i>0.817884 -0.0117556 -0.575263 0.0315358 0.999204 0.0244174 0.574518 -0.038112 0.817604 -1.66663 2.89505 -1.68808</i>
                        <i>0.817914 -0.00968403 -0.575259 0.0275806 0.999369 0.022391 0.574679 -0.0341799 0.817665 -1.6685 2.89601 -1.68882</i>
                        <i>0.817945 -0.00690287 -0.575255 0.0227424 0.999534 0.020343 0.574847 -0.0297222 0.817721 -1.67074 2.89701 -1.68957</i>
                        <i>0.817969 -0.00346229 -0.575252 0.0171159 0.999686 0.0183207 0.575008 -0.0248318 0.817771 -1.67331 2.89802 -1.69032</i>
                        <i>0.817976 0.000587467 -0.575252 0.0107954 0.999808 0.0163716 0.57515 -0.0196017 0.817813 -1.67615 2.899 -1.69105</i>
                        <i>0.817959 0.00519616 -0.575254 0.00387601 0.999887 0.0145431 0.575264 -0.0141254 0.817846 -1.67922 2.89991 -1.69175</i>
                        <i>0.817905 0.0103133 -0.57526 -0.00354743 0.999911 0.0128826 0.575342 -0.00849604 0.817869 -1.68247 2.9007 -1.69239</i>
                        <i>0.817807 0.0158883 -0.575273 -0.0113797 0.99987 0.0114376 0.575379 -0.00280732 0.817882 -1.68586 2.90135 -1.69297</i>
                        <i>0.817656 0.0218705 -0.575292 -0.0195255 0.999757 0.0102557 0.575376 0.00284727 0.817884 -1.68935 2.90181 -1.69346</i>
                    </KeyFrames>
                </p>
            </i>
            <i>
                <p>
                    <Name><![CDATA[l_clav]]></Name>
                    <Exclude>0</Exclude>
                    <Additive>0</Additive>
                    <IKPriority>0</IKPriority>
                    <IKRotLimits>-1e+010 -1e+010 -1e+010 1e+010 1e+010 1e+010</IKRotLimits>
                    <IKRotLimitOrder>0</IKRotLimitOrder>
                    <KeyFrames count="31">
                        <i>0.0489892 0.266328 -0.962637 0.480507 0.838649 0.256479 0.875621 -0.475118 -0.086888 -1.77459 2.40339 -1.79496</i>
                        <i>0.0468952 0.265247 -0.96304 0.475071 0.842163 0.255088 0.878697 -0.469474 -0.0865176 -1.77405 2.40293 -1.79489</i>
                        <i>0.0445527 0.263148 -0.963726 0.470921 0.845248 0.252567 0.88105 -0.465091 -0.0862637 -1.77353 2.40243 -1.79482</i>
                        <i>0.0420826 0.260206 -0.964636 0.468097 0.847835 0.24912 0.882674 -0.462027 -0.0861226 -1.77304 2.4019 -1.79476</i>
                        <i>0.0395938 0.2566 -0.965706 0.466641 0.849851 0.244948 0.88356 -0.460337 -0.0860915 -1.77261 2.40135 -1.79471</i>
                        <i>0.0371859 0.252514 -0.966878 0.466593 0.851217 0.240253 0.88369 -0.460072 -0.086168 -1.77225 2.4008 -1.79466</i>
                        <i>0.0349519 0.248135 -0.968095 0.46799 0.85185 0.235236 0.883042 -0.461281 -0.0863509 -1.77198 2.40027 -1.79463</i>
                        <i>0.0329804 0.24365 -0.969302 0.470873 0.851664 0.230102 0.881585 -0.464007 -0.08664 -1.77182 2.39977 -1.79461</i>
                        <i>0.0312866 0.239222 -0.970461 0.475017 0.850721 0.22502 0.87942 -0.468025 -0.0870183 -1.77177 2.39931 -1.7946</i>
                        <i>0.0298401 0.234988 -0.97154 0.48001 0.849193 0.220139 0.876755 -0.472918 -0.0874565 -1.77181 2.3989 -1.79461</i>
                        <i>0.0286678 0.231098 -0.972508 0.485605 0.847167 0.215628 0.873708 -0.478436 -0.0879358 -1.77193 2.39856 -1.79462</i>
                        <i>0.0278065 0.227699 -0.973334 0.491555 0.844734 0.211657 0.870403 -0.484333 -0.0884373 -1.77213 2.39828 -1.79465</i>
                        <i>0.0273027 0.224933 -0.973992 0.497616 0.841991 0.208397 0.866967 -0.490364 -0.0889415 -1.7724 2.39809 -1.79468</i>
                        <i>0.0272119 0.222938 -0.974453 0.503548 0.839044 0.20602 0.863539 -0.49629 -0.0894278 -1.77273 2.39799 -1.79472</i>
                        <i>0.0275925 0.221847 -0.974691 0.509097 0.836014 0.204695 0.860267 -0.501861 -0.0898741 -1.77312 2.39799 -1.79477</i>
                        <i>0.028521 0.221798 -0.974675 0.514067 0.832991 0.204599 0.857276 -0.506883 -0.0902613 -1.77357 2.39809 -1.79483</i>
                        <i>0.0300479 0.222872 -0.974384 0.518306 0.830053 0.205843 0.854667 -0.511215 -0.0905748 -1.77403 2.39833 -1.79489</i>
                        <i>0.0320805 0.224932 -0.973846 0.5217 0.827316 0.208273 0.852526 -0.514737 -0.0908064 -1.77451 2.39872 -1.79495</i>
                        <i>0.034485 0.227795 -0.973098 0.524139 0.824907 0.211679 0.850934 -0.517338 -0.090949 -1.77496 2.39921 -1.795</i>
                        <i>0.0371182 0.231283 -0.972178 0.525513 0.82295 0.215846 0.849975 -0.518904 -0.0909958 -1.77538 2.39979 -1.79506</i>
                        <i>0.0398283 0.235225 -0.971124 0.525717 0.821568 0.220561 0.849727 -0.519321 -0.0909403 -1.77573 2.40041 -1.7951</i>
                        <i>0.0424565 0.239455 -0.969979 0.524642 0.820883 0.225612 0.850263 -0.51847 -0.0907764 -1.776 2.40105 -1.79513</i>
                        <i>0.0449133 0.243831 -0.968777 0.522433 0.820845 0.230819 0.851497 -0.516488 -0.0905187 -1.77619 2.40167 -1.79516</i>
                        <i>0.0471492 0.248223 -0.967555 0.519357 0.821319 0.236015 0.853255 -0.513635 -0.0901922 -1.7763 2.40226 -1.79517</i>
                        <i>0.0490646 0.25248 -0.966357 0.515498 0.822298 0.241015 0.855485 -0.509981 -0.0898074 -1.77634 2.4028 -1.79518</i>
                        <i>0.0505648 0.256449 -0.965234 0.510938 0.823777 0.245631 0.858129 -0.505595 -0.0893751 -1.77629 2.40325 -1.79517</i>
                        <i>0.0515608 0.259972 -0.964239 0.505759 0.825753 0.249679 0.861133 -0.500546 -0.0889064 -1.77615 2.4036 -1.79515</i>
                        <i>0.0519711 0.262888 -0.963425 0.500045 0.828227 0.252972 0.864438 -0.494903 -0.0884123 -1.77592 2.40381 -1.79512</i>
                        <i>0.0517216 0.265034 -0.962851 0.493879 0.831199 0.255326 0.867991 -0.488737 -0.0879039 -1.77558 2.40386 -1.79508</i>
                        <i>0.0507467 0.266239 -0.96257 0.48734 0.834673 0.256557 0.871737 -0.482118 -0.0873922 -1.77514 2.40373 -1.79503</i>
                        <i>0.0489892 0.266328 -0.962637 0.480507 0.838649 0.256479 0.875621 -0.475118 -0.086888 -1.77459 2.40339 -1.79496</i>
                    </KeyFrames>
                </p>
            </i>
            <i>
                <p>
                    <Name><![CDATA[l_shoulder]]></Name>
                    <Exclude>0</Exclude>
                    <Additive>0</Additive>
                    <IKPriority>0</IKPriority>
                    <IKRotLimits>-1e+010 -1e+010 -1e+010 1e+010 1e+010 1e+010</IKRotLimits>
                    <IKRotLimitOrder>0</IKRotLimitOrder>
                    <KeyFrames count="31">
                        <i>-0.169874 -0.873332 -0.456545 0.608387 0.271512 -0.745752 0.775247 -0.40444 0.485201 -1.76491 2.45601 -1.98515</i>
                        <i>-0.1695 -0.873695 -0.45599 0.608091 0.271393 -0.746037 0.775561 -0.403737 0.485285 -1.76479 2.45534 -1.98517</i>
                        <i>-0.169283 -0.873926 -0.455627 0.608028 0.271231 -0.746147 0.775657 -0.403344 0.485457 -1.76473 2.45442 -1.98524</i>
                        <i>-0.169219 -0.874032 -0.455449 0.608175 0.271037 -0.746098 0.775557 -0.403246 0.485699 -1.76473 2.45331 -1.98535</i>
                        <i>-0.169287 -0.87402 -0.455445 0.608506 0.270825 -0.745905 0.775282 -0.403413 0.485999 -1.76479 2.45205 -1.98551</i>
                        <i>-0.169457 -0.873906 -0.455601 0.609 0.27061 -0.74558 0.774857 -0.403804 0.486352 -1.7649 2.45069 -1.9857</i>
                        <i>-0.169686 -0.873707 -0.455898 0.609638 0.270407 -0.745132 0.774305 -0.404371 0.48676 -1.76507 2.44929 -1.98591</i>
                        <i>-0.169872 -0.873475 -0.456272 0.610405 0.270227 -0.74457 0.77366 -0.404992 0.487269 -1.76531 2.44791 -1.98612</i>
                        <i>-0.169883 -0.873288 -0.456626 0.611274 0.270066 -0.743914 0.772971 -0.405502 0.487939 -1.76559 2.44658 -1.98635</i>
                        <i>-0.169658 -0.873192 -0.456894 0.612206 0.269926 -0.743199 0.772283 -0.405803 0.488777 -1.76592 2.44533 -1.98656</i>
                        <i>-0.169105 -0.873247 -0.456993 0.613169 0.269802 -0.742449 0.771639 -0.405766 0.489823 -1.76627 2.44422 -1.98677</i>
                        <i>-0.168139 -0.873514 -0.45684 0.614132 0.269687 -0.741695 0.771085 -0.405268 0.491107 -1.76664 2.44327 -1.98696</i>
                        <i>-0.166688 -0.874046 -0.456353 0.615058 0.269574 -0.740968 0.770661 -0.404194 0.492655 -1.767 2.44253 -1.98712</i>
                        <i>-0.164682 -0.874896 -0.455452 0.61591 0.269453 -0.740304 0.770412 -0.402432 0.494483 -1.76735 2.44204 -1.98726</i>
                        <i>-0.162042 -0.87612 -0.454045 0.616643 0.269317 -0.739743 0.770385 -0.399853 0.496613 -1.76767 2.44182 -1.98735</i>
                        <i>-0.15873 -0.877751 -0.452059 0.617221 0.269149 -0.739322 0.770612 -0.396373 0.499044 -1.76793 2.44192 -1.9874</i>
                        <i>-0.154775 -0.879783 -0.449474 0.617616 0.268931 -0.739071 0.7711 -0.391992 0.501745 -1.7681 2.44237 -1.9874</i>
                        <i>-0.15036 -0.882103 -0.446415 0.617825 0.268676 -0.73899 0.771806 -0.38692 0.504587 -1.76817 2.44316 -1.98736</i>
                        <i>-0.145708 -0.884575 -0.443052 0.617846 0.268402 -0.739071 0.772681 -0.381427 0.507423 -1.76815 2.44422 -1.98727</i>
                        <i>-0.141058 -0.887063 -0.43957 0.617682 0.26813 -0.739307 0.773674 -0.3758 0.510101 -1.76804 2.44549 -1.98714</i>
                        <i>-0.136665 -0.889427 -0.436168 0.617335 0.26788 -0.739687 0.774739 -0.370352 0.512464 -1.76786 2.44689 -1.98697</i>
                        <i>-0.134295 -0.890763 -0.434173 0.616769 0.267794 -0.74019 0.775603 -0.367188 0.513432 -1.76761 2.44836 -1.98678</i>
                        <i>-0.135114 -0.890494 -0.434471 0.615989 0.267961 -0.740779 0.776081 -0.367719 0.51233 -1.76731 2.44985 -1.98657</i>
                        <i>-0.138373 -0.888989 -0.436521 0.615062 0.268324 -0.741418 0.776242 -0.37108 0.509655 -1.76699 2.45131 -1.98634</i>
                        <i>-0.1433 -0.886612 -0.439754 0.614033 0.268827 -0.742088 0.776163 -0.376365 0.505886 -1.76664 2.45269 -1.98611</i>
                        <i>-0.149133 -0.883724 -0.443611 0.612949 0.269417 -0.742771 0.775921 -0.382683 0.501498 -1.7663 2.45392 -1.98588</i>
                        <i>-0.155173 -0.880674 -0.447587 0.611855 0.270036 -0.743448 0.7756 -0.389221 0.496943 -1.76597 2.45496 -1.98567</i>
                        <i>-0.1608 -0.877797 -0.451239 0.6108 0.270622 -0.744101 0.775285 -0.395268 0.492643 -1.76565 2.45575 -1.98548</i>
                        <i>-0.16546 -0.87541 -0.454181 0.609835 0.27111 -0.744715 0.775064 -0.400196 0.488998 -1.76537 2.45623 -1.98532</i>
                        <i>-0.168648 -0.873821 -0.456064 0.609012 0.271431 -0.745271 0.775024 -0.403437 0.486391 -1.76512 2.45634 -1.98521</i>
                        <i>-0.169874 -0.873332 -0.456545 0.608387 0.271512 -0.745752 0.775247 -0.40444 0.485201 -1.76491 2.45601 -1.98515</i>
                    </KeyFrames>
                </p>
            </i>
            <i>
                <p>
                    <Name><![CDATA[l_elbow]]></Name>
                    <Exclude>0</Exclude>
                    <Additive>0</Additive>
                    <IKPriority>0</IKPriority>
                    <IKRotLimits>-1e+010 -1e+010 -1e+010 1e+010 1e+010 1e+010</IKRotLimits>
                    <IKRotLimitOrder>0</IKRotLimitOrder>
