<?xml version="1.0" encoding="ISO-8859-1" ?>
<Animl Version="1">
    <ModellingPackage><![CDATA[Maya.2010]]></ModellingPackage>
    <SrcFile><![CDATA[anims\turrets\special\blue\~src\bugspray\bugspray_idle_crewmana.mb]]></SrcFile>
    <FramesPerSecond>30</FramesPerSecond>
    <TotalFrames>61</TotalFrames>
    <Skeleton>
        <RefFrame>
            <Name><![CDATA[soldier_ref_frame]]></Name>
            <Exclude>0</Exclude>
            <Additive>0</Additive>
            <IKPriority>0</IKPriority>
            <IKRotLimits>-1e+010 -1e+010 -1e+010 1e+010 1e+010 1e+010</IKRotLimits>
            <IKRotLimitOrder>0</IKRotLimitOrder>
            <KeyFrames count="61">
                <i>1 0 0 0 1 0 0 0 1 1.15 0.9 -1.9</i>
                <i>1 0 0 0 1 0 0 0 1 1.15 0.9 -1.9</i>
                <i>1 0 0 0 1 0 0 0 1 1.15 0.9 -1.9</i>
                <i>1 0 0 0 1 0 0 0 1 1.15 0.9 -1.9</i>
                <i>1 0 0 0 1 0 0 0 1 1.15 0.9 -1.9</i>
                <i>1 0 0 0 1 0 0 0 1 1.15 0.9 -1.9</i>
                <i>1 0 0 0 1 0 0 0 1 1.15 0.9 -1.9</i>
                <i>1 0 0 0 1 0 0 0 1 1.15 0.9 -1.9</i>
                <i>1 0 0 0 1 0 0 0 1 1.15 0.9 -1.9</i>
                <i>1 0 0 0 1 0 0 0 1 1.15 0.9 -1.9</i>
                <i>1 0 0 0 1 0 0 0 1 1.15 0.9 -1.9</i>
                <i>1 0 0 0 1 0 0 0 1 1.15 0.9 -1.9</i>
                <i>1 0 0 0 1 0 0 0 1 1.15 0.9 -1.9</i>
                <i>1 0 0 0 1 0 0 0 1 1.15 0.9 -1.9</i>
                <i>1 0 0 0 1 0 0 0 1 1.15 0.9 -1.9</i>
                <i>1 0 0 0 1 0 0 0 1 1.15 0.9 -1.9</i>
                <i>1 0 0 0 1 0 0 0 1 1.15 0.9 -1.9</i>
                <i>1 0 0 0 1 0 0 0 1 1.15 0.9 -1.9</i>
                <i>1 0 0 0 1 0 0 0 1 1.15 0.9 -1.9</i>
                <i>1 0 0 0 1 0 0 0 1 1.15 0.9 -1.9</i>
                <i>1 0 0 0 1 0 0 0 1 1.15 0.9 -1.9</i>
                <i>1 0 0 0 1 0 0 0 1 1.15 0.9 -1.9</i>
                <i>1 0 0 0 1 0 0 0 1 1.15 0.9 -1.9</i>
                <i>1 0 0 0 1 0 0 0 1 1.15 0.9 -1.9</i>
                <i>1 0 0 0 1 0 0 0 1 1.15 0.9 -1.9</i>
                <i>1 0 0 0 1 0 0 0 1 1.15 0.9 -1.9</i>
                <i>1 0 0 0 1 0 0 0 1 1.15 0.9 -1.9</i>
                <i>1 0 0 0 1 0 0 0 1 1.15 0.9 -1.9</i>
                <i>1 0 0 0 1 0 0 0 1 1.15 0.9 -1.9</i>
                <i>1 0 0 0 1 0 0 0 1 1.15 0.9 -1.9</i>
                <i>1 0 0 0 1 0 0 0 1 1.15 0.9 -1.9</i>
                <i>1 0 0 0 1 0 0 0 1 1.15 0.9 -1.9</i>
                <i>1 0 0 0 1 0 0 0 1 1.15 0.9 -1.9</i>
                <i>1 0 0 0 1 0 0 0 1 1.15 0.9 -1.9</i>
                <i>1 0 0 0 1 0 0 0 1 1.15 0.9 -1.9</i>
                <i>1 0 0 0 1 0 0 0 1 1.15 0.9 -1.9</i>
                <i>1 0 0 0 1 0 0 0 1 1.15 0.9 -1.9</i>
                <i>1 0 0 0 1 0 0 0 1 1.15 0.9 -1.9</i>
                <i>1 0 0 0 1 0 0 0 1 1.15 0.9 -1.9</i>
                <i>1 0 0 0 1 0 0 0 1 1.15 0.9 -1.9</i>
                <i>1 0 0 0 1 0 0 0 1 1.15 0.9 -1.9</i>
                <i>1 0 0 0 1 0 0 0 1 1.15 0.9 -1.9</i>
                <i>1 0 0 0 1 0 0 0 1 1.15 0.9 -1.9</i>
                <i>1 0 0 0 1 0 0 0 1 1.15 0.9 -1.9</i>
                <i>1 0 0 0 1 0 0 0 1 1.15 0.9 -1.9</i>
                <i>1 0 0 0 1 0 0 0 1 1.15 0.9 -1.9</i>
                <i>1 0 0 0 1 0 0 0 1 1.15 0.9 -1.9</i>
                <i>1 0 0 0 1 0 0 0 1 1.15 0.9 -1.9</i>
                <i>1 0 0 0 1 0 0 0 1 1.15 0.9 -1.9</i>
                <i>1 0 0 0 1 0 0 0 1 1.15 0.9 -1.9</i>
                <i>1 0 0 0 1 0 0 0 1 1.15 0.9 -1.9</i>
                <i>1 0 0 0 1 0 0 0 1 1.15 0.9 -1.9</i>
                <i>1 0 0 0 1 0 0 0 1 1.15 0.9 -1.9</i>
                <i>1 0 0 0 1 0 0 0 1 1.15 0.9 -1.9</i>
                <i>1 0 0 0 1 0 0 0 1 1.15 0.9 -1.9</i>
                <i>1 0 0 0 1 0 0 0 1 1.15 0.9 -1.9</i>
                <i>1 0 0 0 1 0 0 0 1 1.15 0.9 -1.9</i>
                <i>1 0 0 0 1 0 0 0 1 1.15 0.9 -1.9</i>
                <i>1 0 0 0 1 0 0 0 1 1.15 0.9 -1.9</i>
                <i>1 0 0 0 1 0 0 0 1 1.15 0.9 -1.9</i>
                <i>1 0 0 0 1 0 0 0 1 1.15 0.9 -1.9</i>
            </KeyFrames>
        </RefFrame>
        <Bones count="23">
            <i>
                <p>
                    <Name><![CDATA[pelvis]]></Name>
                    <Exclude>0</Exclude>
                    <Additive>0</Additive>
                    <IKPriority>0</IKPriority>
                    <IKRotLimits>-1e+010 -1e+010 -1e+010 1e+010 1e+010 1e+010</IKRotLimits>
                    <IKRotLimitOrder>2</IKRotLimitOrder>
                    <KeyFrames count="61">
                        <i>1 0 0 0 1 0 0 0 1 1.23597 1.93951 -1.77276</i>
                        <i>1 0 0 0 1 0 0 0 1 1.23476 1.93831 -1.77341</i>
                        <i>1 0 0 0 1 0 0 0 1 1.23341 1.93699 -1.77414</i>
                        <i>1 0 0 0 1 0 0 0 1 1.23193 1.93557 -1.77494</i>
                        <i>1 0 0 0 1 0 0 0 1 1.23037 1.93408 -1.77578</i>
                        <i>1 0 0 0 1 0 0 0 1 1.22876 1.93253 -1.77665</i>
                        <i>1 0 0 0 1 0 0 0 1 1.22713 1.93094 -1.77755</i>
                        <i>1 0 0 0 1 0 0 0 1 1.22551 1.92934 -1.77845</i>
                        <i>1 0 0 0 1 0 0 0 1 1.22393 1.92775 -1.77934</i>
                        <i>1 0 0 0 1 0 0 0 1 1.22242 1.92618 -1.78021</i>
                        <i>1 0 0 0 1 0 0 0 1 1.22102 1.92467 -1.78103</i>
                        <i>1 0 0 0 1 0 0 0 1 1.21976 1.92322 -1.78181</i>
                        <i>1 0 0 0 1 0 0 0 1 1.21867 1.92186 -1.78251</i>
                        <i>1 0 0 0 1 0 0 0 1 1.21777 1.92062 -1.78313</i>
                        <i>1 0 0 0 1 0 0 0 1 1.21711 1.91951 -1.78366</i>
                        <i>1 0 0 0 1 0 0 0 1 1.2167 1.91856 -1.78407</i>
                        <i>1 0 0 0 1 0 0 0 1 1.2166 1.91778 -1.78436</i>
                        <i>1 0 0 0 1 0 0 0 1 1.21682 1.9172 -1.7845</i>
                        <i>1 0 0 0 1 0 0 0 1 1.21728 1.91683 -1.78449</i>
                        <i>1 0 0 0 1 0 0 0 1 1.21789 1.91671 -1.78431</i>
                        <i>1 0 0 0 1 0 0 0 1 1.21862 1.91684 -1.78393</i>
                        <i>1 0 0 0 1 0 0 0 1 1.21947 1.91724 -1.78334</i>
                        <i>1 0 0 0 1 0 0 0 1 1.22044 1.91785 -1.78257</i>
                        <i>1 0 0 0 1 0 0 0 1 1.22151 1.91868 -1.78164</i>
                        <i>1 0 0 0 1 0 0 0 1 1.22267 1.9197 -1.78056</i>
                        <i>1 0 0 0 1 0 0 0 1 1.22391 1.92089 -1.77937</i>
                        <i>1 0 0 0 1 0 0 0 1 1.22523 1.92223 -1.77808</i>
                        <i>1 0 0 0 1 0 0 0 1 1.22662 1.9237 -1.77671</i>
                        <i>1 0 0 0 1 0 0 0 1 1.22806 1.92529 -1.7753</i>
                        <i>1 0 0 0 1 0 0 0 1 1.22955 1.92698 -1.77384</i>
                        <i>1 0 0 0 1 0 0 0 1 1.23108 1.92874 -1.77238</i>
                        <i>1 0 0 0 1 0 0 0 1 1.23264 1.93057 -1.77093</i>
                        <i>1 0 0 0 1 0 0 0 1 1.23421 1.93243 -1.7695</i>
                        <i>1 0 0 0 1 0 0 0 1 1.2358 1.93431 -1.76814</i>
                        <i>1 0 0 0 1 0 0 0 1 1.23739 1.9362 -1.76684</i>
                        <i>1 0 0 0 1 0 0 0 1 1.23897 1.93807 -1.76565</i>
                        <i>1 0 0 0 1 0 0 0 1 1.24054 1.9399 -1.76457</i>
                        <i>1 0 0 0 1 0 0 0 1 1.24208 1.94168 -1.76363</i>
                        <i>1 0 0 0 1 0 0 0 1 1.24358 1.94339 -1.76285</i>
                        <i>1 0 0 0 1 0 0 0 1 1.24504 1.945 -1.76226</i>
                        <i>1 0 0 0 1 0 0 0 1 1.24645 1.94651 -1.76187</i>
                        <i>1 0 0 0 1 0 0 0 1 1.24779 1.94789 -1.76167</i>
                        <i>1 0 0 0 1 0 0 0 1 1.24907 1.94912 -1.76162</i>
                        <i>1 0 0 0 1 0 0 0 1 1.25026 1.95018 -1.76171</i>
                        <i>1 0 0 0 1 0 0 0 1 1.25136 1.95106 -1.76193</i>
                        <i>1 0 0 0 1 0 0 0 1 1.25237 1.95174 -1.76227</i>
                        <i>1 0 0 0 1 0 0 0 1 1.25326 1.95214 -1.76271</i>
                        <i>1 0 0 0 1 0 0 0 1 1.25404 1.95226 -1.76324</i>
                        <i>1 0 0 0 1 0 0 0 1 1.25469 1.9521 -1.76384</i>
                        <i>1 0 0 0 1 0 0 0 1 1.25521 1.95171 -1.76452</i>
                        <i>1 0 0 0 1 0 0 0 1 1.25527 1.9511 -1.76525</i>
                        <i>1 0 0 0 1 0 0 0 1 1.25465 1.95031 -1.76602</i>
                        <i>1 0 0 0 1 0 0 0 1 1.25345 1.94936 -1.76682</i>
                        <i>1 0 0 0 1 0 0 0 1 1.25177 1.94829 -1.76763</i>
                        <i>1 0 0 0 1 0 0 0 1 1.24973 1.94711 -1.76845</i>
                        <i>1 0 0 0 1 0 0 0 1 1.24744 1.94586 -1.76926</i>
                        <i>1 0 0 0 1 0 0 0 1 1.245 1.94457 -1.77005</i>
                        <i>1 0 0 0 1 0 0 0 1 1.24253 1.94326 -1.77081</i>
                        <i>1 0 0 0 1 0 0 0 1 1.24012 1.94196 -1.77152</i>
                        <i>1 0 0 0 1 0 0 0 1 1.2379 1.9407 -1.77218</i>
                        <i>1 0 0 0 1 0 0 0 1 1.23597 1.93951 -1.77276</i>
                    </KeyFrames>
                </p>
            </i>
            <i>
                <p>
                    <Name><![CDATA[spine0]]></Name>
                    <Exclude>0</Exclude>
                    <Additive>0</Additive>
                    <IKPriority>0</IKPriority>
                    <IKRotLimits>-1e+010 -1e+010 -1e+010 1e+010 1e+010 1e+010</IKRotLimits>
                    <IKRotLimitOrder>0</IKRotLimitOrder>
                    <KeyFrames count="61">
                        <i>-0.0745424 0.992473 -0.0971671 -0.213689 -0.111072 -0.970567 -0.974054 -0.0515849 0.22036 1.29637 2.06997 -1.76747</i>
                        <i>-0.0736279 0.99256 -0.0969695 -0.214903 -0.11074 -0.970337 -0.973856 -0.0506048 0.221458 1.29575 2.06849 -1.76785</i>
                        <i>-0.0726236 0.992657 -0.0967374 -0.216245 -0.110358 -0.970082 -0.973634 -0.0495319 0.222672 1.29502 2.06686 -1.76827</i>
                        <i>-0.0715412 0.99276 -0.0964861 -0.217706 -0.109943 -0.969802 -0.973389 -0.0483752 0.223995 1.29422 2.0651 -1.76872</i>
                        <i>-0.070392 0.992867 -0.0962304 -0.219276 -0.109512 -0.969497 -0.97312 -0.0471438 0.225421 1.29336 2.06325 -1.76921</i>
                        <i>-0.0691863 0.992975 -0.0959842 -0.220943 -0.109077 -0.969168 -0.97283 -0.0458461 0.226938 1.29248 2.06132 -1.76972</i>
                        <i>-0.0679339 0.993084 -0.0957608 -0.222693 -0.108654 -0.968815 -0.972519 -0.0444901 0.228534 1.29159 2.05935 -1.77027</i>
                        <i>-0.0666434 0.993189 -0.0955729 -0.224509 -0.108256 -0.96844 -0.97219 -0.0430831 0.230195 1.29073 2.05734 -1.77084</i>
                        <i>-0.0653227 0.99329 -0.0954322 -0.226373 -0.107894 -0.968046 -0.971848 -0.0416321 0.231902 1.28992 2.05534 -1.77144</i>
                        <i>-0.0639788 0.993386 -0.0953502 -0.228263 -0.10758 -0.967638 -0.971495 -0.0401434 0.233636 1.28918 2.05335 -1.77205</i>
                        <i>-0.0626176 0.993474 -0.0953373 -0.230155 -0.107324 -0.967218 -0.971137 -0.0386225 0.235373 1.28855 2.05142 -1.77269</i>
                        <i>-0.0612444 0.993553 -0.0954042 -0.232023 -0.107137 -0.966792 -0.97078 -0.0370747 0.237088 1.28804 2.04956 -1.77334</i>
                        <i>-0.0598637 0.993622 -0.095561 -0.233837 -0.107028 -0.966367 -0.970431 -0.0355046 0.238752 1.28768 2.0478 -1.774</i>
                        <i>-0.0584795 0.99368 -0.0958181 -0.235566 -0.107008 -0.965949 -0.970097 -0.0339167 0.240335 1.28751 2.04617 -1.77467</i>
                        <i>-0.0570954 0.993724 -0.0961865 -0.237178 -0.107086 -0.965546 -0.969787 -0.0323149 0.241804 1.28754 2.04468 -1.77535</i>
                        <i>-0.055715 0.993755 -0.0966775 -0.238637 -0.107275 -0.965165 -0.969509 -0.0307034 0.243124 1.28779 2.04337 -1.77602</i>
                        <i>-0.0543612 0.993774 -0.0972488 -0.239952 -0.10754 -0.96481 -0.969261 -0.0291131 0.244305 1.28831 2.04225 -1.77665</i>
                        <i>-0.0530617 0.993786 -0.0978461 -0.241149 -0.107836 -0.964478 -0.969037 -0.0275813 0.245372 1.28912 2.04135 -1.77716</i>
                        <i>-0.0518262 0.99379 -0.0984637 -0.242214 -0.108161 -0.964175 -0.968838 -0.0261203 0.246316 1.29013 2.04069 -1.77754</i>
                        <i>-0.0506648 0.993787 -0.0990957 -0.243138 -0.108511 -0.963903 -0.968668 -0.024742 0.247125 1.29124 2.04029 -1.77777</i>
                        <i>-0.0495869 0.993778 -0.0997367 -0.243909 -0.108885 -0.963666 -0.96853 -0.0234585 0.247791 1.29243 2.04018 -1.77782</i>
                        <i>-0.0486022 0.993761 -0.100381 -0.24452 -0.109279 -0.963467 -0.968425 -0.0222815 0.248306 1.29368 2.04035 -1.77767</i>
                        <i>-0.0477203 0.993739 -0.101022 -0.244962 -0.109692 -0.963307 -0.968358 -0.0212226 0.248663 1.29499 2.04078 -1.77735</i>
                        <i>-0.0469508 0.993711 -0.101656 -0.245229 -0.11012 -0.963191 -0.968328 -0.0202937 0.248857 1.29634 2.04146 -1.77687</i>
                        <i>-0.0463037 0.993678 -0.102275 -0.245314 -0.110561 -0.963119 -0.968337 -0.0195065 0.248882 1.29771 2.04236 -1.77625</i>
                        <i>-0.0457888 0.99364 -0.102875 -0.245212 -0.111012 -0.963093 -0.968388 -0.0188727 0.248735 1.2991 2.04348 -1.77551</i>
                        <i>-0.0454168 0.993597 -0.103449 -0.24492 -0.111471 -0.963114 -0.968479 -0.0184047 0.248415 1.30048 2.0448 -1.77466</i>
                        <i>-0.0451983 0.993551 -0.103992 -0.244435 -0.111934 -0.963183 -0.968612 -0.0181148 0.247918 1.30185 2.04629 -1.77373</i>
                        <i>-0.0451513 0.9935 -0.104498 -0.243756 -0.1124 -0.963301 -0.968785 -0.0180222 0.247247 1.30319 2.04795 -1.77273</i>
                        <i>-0.0453265 0.993446 -0.104935 -0.242784 -0.112848 -0.963494 -0.969021 -0.0181953 0.246308 1.30445 2.04979 -1.77167</i>
                        <i>-0.045754 0.99339 -0.105279 -0.241456 -0.113262 -0.96378 -0.969333 -0.0186767 0.245042 1.30557 2.05181 -1.77055</i>
                        <i>-0.0464192 0.993331 -0.105537 -0.239821 -0.113643 -0.964143 -0.969707 -0.0194447 0.243497 1.30656 2.05397 -1.76941</i>
                        <i>-0.0473086 0.99327 -0.105718 -0.237929 -0.113995 -0.96457 -0.97013 -0.0204792 0.241721 1.30743 2.05626 -1.76826</i>
                        <i>-0.0484094 0.993206 -0.105827 -0.235828 -0.114321 -0.965047 -0.970588 -0.0217604 0.23976 1.30818 2.05863 -1.76714</i>
                        <i>-0.0497086 0.993137 -0.105872 -0.233562 -0.114623 -0.965562 -0.971071 -0.0232691 0.237656 1.30882 2.06107 -1.76606</i>
                        <i>-0.0511926 0.993062 -0.105859 -0.231173 -0.114903 -0.966104 -0.971565 -0.0249855 0.235452 1.30935 2.06353 -1.76505</i>
                        <i>-0.0528466 0.992983 -0.105796 -0.228703 -0.115163 -0.96666 -0.972061 -0.0268889 0.233184 1.30978 2.066 -1.76413</i>
                        <i>-0.0546542 0.992896 -0.105688 -0.226187 -0.115406 -0.967223 -0.972549 -0.0289576 0.230887 1.31012 2.06843 -1.76332</i>
                        <i>-0.0565972 0.992803 -0.105542 -0.223659 -0.115633 -0.967784 -0.973023 -0.0311684 0.228594 1.31037 2.07081 -1.76266</i>
                        <i>-0.0586549 0.992702 -0.105364 -0.221152 -0.115844 -0.968335 -0.973474 -0.0334963 0.226333 1.31054 2.07309 -1.76215</i>
                        <i>-0.0608042 0.992595 -0.105159 -0.218692 -0.116042 -0.968869 -0.973898 -0.035914 0.224129 1.31063 2.07526 -1.76184</i>
                        <i>-0.0630195 0.992481 -0.104933 -0.216306 -0.116226 -0.969383 -0.97429 -0.0383924 0.222004 1.31065 2.07729 -1.76169</i>
                        <i>-0.0652727 0.99236 -0.104691 -0.214018 -0.116395 -0.96987 -0.974647 -0.0409003 0.21998 1.31062 2.07915 -1.76168</i>
                        <i>-0.0675332 0.992236 -0.104438 -0.211847 -0.116551 -0.970328 -0.974967 -0.0434044 0.218074 1.31053 2.08081 -1.76179</i>
                        <i>-0.0697683 0.992108 -0.104179 -0.209815 -0.116691 -0.970753 -0.975249 -0.0458696 0.2163 1.31041 2.08225 -1.76202</i>
                        <i>-0.0719432 0.991981 -0.103917 -0.207938 -0.116814 -0.971142 -0.975493 -0.0482588 0.214674 1.31024 2.08344 -1.76235</i>
                        <i>-0.0740215 0.991855 -0.103656 -0.206233 -0.116919 -0.971492 -0.975699 -0.0505339 0.213208 1.31006 2.08432 -1.76277</i>
                        <i>-0.0759656 0.991735 -0.103401 -0.204719 -0.117004 -0.971803 -0.975869 -0.0526555 0.211915 1.30985 2.08485 -1.76326</i>
                        <i>-0.0777372 0.991623 -0.103154 -0.203411 -0.117066 -0.97207 -0.976003 -0.0545834 0.210807 1.30964 2.08506 -1.76382</i>
                        <i>-0.079315 0.991534 -0.102804 -0.202338 -0.116996 -0.972302 -0.976099 -0.056317 0.209904 1.30944 2.08496 -1.76435</i>
                        <i>-0.0806732 0.99148 -0.10227 -0.201519 -0.11671 -0.972506 -0.976157 -0.0578459 0.209218 1.30895 2.08457 -1.76477</i>
                        <i>-0.081599 0.991468 -0.101654 -0.201154 -0.116278 -0.972634 -0.976155 -0.0589179 0.208925 1.30807 2.08388 -1.76513</i>
                        <i>-0.0819368 0.991503 -0.101038 -0.201375 -0.115758 -0.97265 -0.976081 -0.0593494 0.209149 1.30701 2.08287 -1.76547</i>
                        <i>-0.0817579 0.991579 -0.100433 -0.202102 -0.115171 -0.972569 -0.975946 -0.0592176 0.209816 1.3058 2.0816 -1.76578</i>
                        <i>-0.081167 0.991687 -0.0998485 -0.203257 -0.114543 -0.972403 -0.975755 -0.0586321 0.210864 1.30447 2.08013 -1.76607</i>
                        <i>-0.0802692 0.991815 -0.0992953 -0.204756 -0.113899 -0.972164 -0.975516 -0.0577035 0.212222 1.30308 2.0785 -1.76635</i>
                        <i>-0.0791667 0.991955 -0.0987805 -0.206507 -0.113261 -0.971868 -0.975237 -0.0565407 0.213812 1.30164 2.07676 -1.76661</i>
                        <i>-0.0779565 0.992098 -0.0983095 -0.208404 -0.112648 -0.971534 -0.974931 -0.0552493 0.215539 1.30022 2.07499 -1.76685</i>
                        <i>-0.0767283 0.992236 -0.0978844 -0.210326 -0.112072 -0.971186 -0.974616 -0.0539298 0.217292 1.29884 2.07322 -1.76708</i>
                        <i>-0.0755649 0.992362 -0.0975046 -0.212138 -0.111545 -0.970853 -0.974314 -0.052678 0.218946 1.29754 2.07153 -1.76728</i>
                        <i>-0.0745424 0.992473 -0.0971671 -0.213689 -0.111072 -0.970567 -0.974054 -0.0515849 0.22036 1.29637 2.06997 -1.76747</i>
                    </KeyFrames>
                </p>
            </i>
            <i>
                <p>
                    <Name><![CDATA[spine1]]></Name>
                    <Exclude>0</Exclude>
                    <Additive>0</Additive>
                    <IKPriority>0</IKPriority>
                    <IKRotLimits>-1e+010 -1e+010 -1e+010 1e+010 1e+010 1e+010</IKRotLimits>
                    <IKRotLimitOrder>0</IKRotLimitOrder>
                    <KeyFrames count="61">
                        <i>-0.43182 0.831829 -0.3487 -0.0900491 -0.424431 -0.900971 -0.897453 -0.357657 0.258183 1.28291 2.24996 -1.7851</i>
                        <i>-0.434983 0.829971 -0.349195 -0.0906719 -0.426208 -0.900069 -0.895862 -0.359853 0.260649 1.28243 2.24878 -1.78548</i>
                        <i>-0.438475 0.827879 -0.349796 -0.0913062 -0.428225 -0.899048 -0.894094 -0.362271 0.263356 1.28187 2.2475 -1.78589</i>
                        <i>-0.442253 0.825589 -0.350449 -0.0919596 -0.430418 -0.897933 -0.892163 -0.364887 0.266275 1.28124 2.24612 -1.78633</i>
                        <i>-0.446279 0.823141 -0.351103 -0.0926394 -0.432727 -0.896752 -0.890086 -0.367676 0.269372 1.28057 2.24466 -1.7868</i>
                        <i>-0.450512 0.820572 -0.35171 -0.093352 -0.435092 -0.895533 -0.887876 -0.370616 0.272617 1.27988 2.24315 -1.78731</i>
                        <i>-0.454916 0.817919 -0.352222 -0.0941031 -0.437455 -0.894303 -0.885548 -0.373688 0.275974 1.2792 2.24159 -1.78786</i>
                        <i>-0.459454 0.815218 -0.352593 -0.0948978 -0.439757 -0.893089 -0.883117 -0.376873 0.279411 1.27855 2.24002 -1.78844</i>
                        <i>-0.464091 0.812507 -0.352778 -0.0957406 -0.441944 -0.891919 -0.880598 -0.380156 0.282892 1.27795 2.23844 -1.78905</i>
                        <i>-0.468794 0.80982 -0.352738 -0.0966353 -0.44396 -0.89082 -0.878006 -0.383524 0.286383 1.27744 2.23689 -1.78969</i>
                        <i>-0.47353 0.807194 -0.35243 -0.097585 -0.445753 -0.889821 -0.875355 -0.386965 0.289848 1.27703 2.23537 -1.79036</i>
                        <i>-0.478271 0.804662 -0.351818 -0.0985923 -0.44727 -0.888948 -0.872661 -0.390471 0.29325 1.27676 2.23391 -1.79106</i>
                        <i>-0.482985 0.80226 -0.350862 -0.0996591 -0.448458 -0.88823 -0.869939 -0.394035 0.296551 1.27664 2.23253 -1.79179</i>
                        <i>-0.487646 0.80002 -0.349527 -0.100787 -0.449265 -0.887695 -0.867204 -0.397653 0.299714 1.2767 2.23125 -1.79254</i>
                        <i>-0.492226 0.797976 -0.347774 -0.101976 -0.449637 -0.887371 -0.864473 -0.401323 0.302698 1.27697 2.23009 -1.79332</i>
                        <i>-0.496699 0.796161 -0.345568 -0.103227 -0.44952 -0.887286 -0.861762 -0.405042 0.305461 1.27747 2.22906 -1.79411</i>
                        <i>-0.501015 0.794533 -0.343075 -0.104498 -0.449057 -0.887371 -0.859106 -0.408736 0.308012 1.27823 2.2282 -1.79487</i>
                        <i>-0.505123 0.793036 -0.340505 -0.105741 -0.448434 -0.887539 -0.856545 -0.412311 0.310371 1.27927 2.22753 -1.79552</i>
                        <i>-0.508991 0.791683 -0.337884 -0.106945 -0.447658 -0.887787 -0.854102 -0.41574 0.31252 1.28051 2.22708 -1.79603</i>
                        <i>-0.512587 0.790487 -0.335239 -0.108097 -0.446736 -0.888112 -0.851804 -0.418996 0.31444 1.28183 2.22687 -1.7964</i>
                        <i>-0.515882 0.78946 -0.332595 -0.109186 -0.445674 -0.888512 -0.849673 -0.422052 0.316113 1.28321 2.22691 -1.79658</i>
                        <i>-0.518845 0.788616 -0.329978 -0.1102 -0.444478 -0.888985 -0.847736 -0.424882 0.317521 1.28464 2.22721 -1.79657</i>
                        <i>-0.521446 0.787968 -0.327414 -0.111128 -0.443155 -0.88953 -0.846017 -0.427458 0.318647 1.28611 2.22774 -1.79638</i>
                        <i>-0.523657 0.787532 -0.324927 -0.111959 -0.441709 -0.890145 -0.84454 -0.429752 0.319475 1.2876 2.22848 -1.79603</i>
                        <i>-0.525446 0.78732 -0.322542 -0.112681 -0.440147 -0.890827 -0.843332 -0.431738 0.31999 1.28909 2.22942 -1.79553</i>
                        <i>-0.526784 0.787348 -0.320283 -0.113284 -0.438475 -0.891575 -0.842416 -0.433385 0.320176 1.29057 2.23053 -1.7949</i>
                        <i>-0.527639 0.787631 -0.318174 -0.113758 -0.436699 -0.892386 -0.841817 -0.434663 0.320019 1.29203 2.2318 -1.79416</i>
                        <i>-0.527979 0.788183 -0.316239 -0.114093 -0.434825 -0.893258 -0.841559 -0.43554 0.319504 1.29345 2.23321 -1.79332</i>
                        <i>-0.52775 0.78903 -0.314503 -0.114284 -0.432859 -0.894188 -0.841676 -0.435965 0.318615 1.2948 2.23475 -1.7924</i>
                        <i>-0.52677 0.790243 -0.313097 -0.114211 -0.430808 -0.895187 -0.8423 -0.435798 0.317192 1.29603 2.23639 -1.7914</i>
                        <i>-0.524927 0.791859 -0.312106 -0.11379 -0.428686 -0.896259 -0.843506 -0.434956 0.315135 1.29708 2.23813 -1.79032</i>
                        <i>-0.522284 0.793845 -0.311495 -0.113059 -0.426508 -0.89739 -0.845244 -0.433475 0.312509 1.29796 2.23995 -1.78919</i>
                        <i>-0.518897 0.796167 -0.31123 -0.112057 -0.424291 -0.898566 -0.84746 -0.431388 0.30938 1.29868 2.24183 -1.78804</i>
                        <i>-0.514825 0.798788 -0.311275 -0.110822 -0.422053 -0.899772 -0.850102 -0.428729 0.305807 1.29925 2.24374 -1.78688</i>
                        <i>-0.510124 0.801673 -0.311598 -0.109392 -0.419811 -0.900995 -0.853116 -0.425533 0.301852 1.29967 2.24566 -1.78576</i>
                        <i>-0.504852 0.804784 -0.312165 -0.1078 -0.417584 -0.902221 -0.856448 -0.421837 0.297574 1.29995 2.24756 -1.78468</i>
                        <i>-0.499069 0.808082 -0.312944 -0.106082 -0.415388 -0.903438 -0.860045 -0.41768 0.29303 1.3001 2.24944 -1.78369</i>
                        <i>-0.492838 0.811526 -0.313904 -0.104269 -0.41324 -0.904633 -0.863851 -0.413107 0.288278 1.30013 2.25126 -1.7828</i>
                        <i>-0.486228 0.815075 -0.315016 -0.102391 -0.411159 -0.905795 -0.867812 -0.408168 0.283374 1.30005 2.25301 -1.78204</i>
                        <i>-0.479311 0.818686 -0.31625 -0.100478 -0.409158 -0.906914 -0.871874 -0.402918 0.278374 1.29988 2.25467 -1.78144</i>
                        <i>-0.472165 0.822316 -0.31758 -0.0985567 -0.407254 -0.907982 -0.875983 -0.397418 0.273336 1.29961 2.25621 -1.78102</i>
                        <i>-0.464873 0.825921 -0.318979 -0.0966521 -0.405461 -0.908988 -0.880086 -0.391734 0.268315 1.29926 2.25762 -1.78077</i>
                        <i>-0.457525 0.829458 -0.320422 -0.094789 -0.403792 -0.909927 -0.88413 -0.385942 0.263368 1.29886 2.25888 -1.78065</i>
                        <i>-0.450214 0.832885 -0.321885 -0.0929905 -0.402259 -0.910791 -0.888065 -0.380118 0.258553 1.2984 2.25996 -1.78066</i>
                        <i>-0.44304 0.836159 -0.323348 -0.0912786 -0.400875 -0.911574 -0.891843 -0.374349 0.253927 1.2979 2.26085 -1.78079</i>
                        <i>-0.436108 0.839239 -0.324788 -0.0896749 -0.39965 -0.912271 -0.895415 -0.368724 0.24955 1.29738 2.26154 -1.78102</i>
                        <i>-0.429526 0.842087 -0.326186 -0.0882002 -0.398595 -0.912876 -0.898737 -0.363334 0.245479 1.29684 2.26196 -1.78134</i>
                        <i>-0.423404 0.844664 -0.327522 -0.0868753 -0.397717 -0.913386 -0.901766 -0.358278 0.241776 1.29632 2.26208 -1.78175</i>
                        <i>-0.417857 0.846935 -0.32878 -0.0857207 -0.397027 -0.913795 -0.90446 -0.353652 0.238501 1.29582 2.26192 -1.78223</i>
                        <i>-0.412979 0.848721 -0.330336 -0.0846573 -0.396915 -0.913943 -0.906798 -0.349474 0.235768 1.29535 2.26155 -1.78267</i>
                        <i>-0.408869 0.849875 -0.332475 -0.0836278 -0.397679 -0.913706 -0.908754 -0.345781 0.233671 1.29463 2.26098 -1.78297</i>
                        <i>-0.406178 0.850255 -0.334793 -0.0829301 -0.399164 -0.913122 -0.910023 -0.343125 0.232643 1.2936 2.26025 -1.78322</i>
                        <i>-0.40538 0.849772 -0.336978 -0.0827588 -0.401226 -0.912233 -0.910394 -0.341913 0.232975 1.29246 2.25937 -1.78346</i>
                        <i>-0.406244 0.84855 -0.339012 -0.0830276 -0.403749 -0.911094 -0.909985 -0.341979 0.234474 1.29126 2.25836 -1.78369</i>
                        <i>-0.408442 0.846743 -0.340884 -0.0836622 -0.40661 -0.909763 -0.908942 -0.343066 0.236917 1.29002 2.25725 -1.78392</i>
                        <i>-0.411645 0.844502 -0.342585 -0.0845829 -0.409692 -0.908294 -0.907411 -0.344918 0.240078 1.28875 2.25607 -1.78414</i>
                        <i>-0.415529 0.841975 -0.344113 -0.0857017 -0.412879 -0.906745 -0.905534 -0.347287 0.243722 1.28748 2.25483 -1.78435</i>
                        <i>-0.419781 0.839306 -0.345471 -0.0869205 -0.416057 -0.905175 -0.903454 -0.349946 0.247606 1.28624 2.25357 -1.78456</i>
                        <i>-0.424101 0.836634 -0.346672 -0.0881313 -0.419115 -0.903646 -0.901316 -0.352685 0.251481 1.28504 2.25232 -1.78476</i>
                        <i>-0.428205 0.834097 -0.347739 -0.089216 -0.421942 -0.902222 -0.899267 -0.355312 0.255093 1.28392 2.25111 -1.78494</i>
                        <i>-0.43182 0.831829 -0.3487 -0.0900491 -0.424431 -0.900971 -0.897453 -0.357657 0.258183 1.28291 2.24996 -1.7851</i>
                    </KeyFrames>
                </p>
            </i>
            <i>
                <p>
                    <Name><![CDATA[spine2]]></Name>
                    <Exclude>0</Exclude>
                    <Additive>0</Additive>
                    <IKPriority>0</IKPriority>
                    <IKRotLimits>-1e+010 -1e+010 -1e+010 1e+010 1e+010 1e+010</IKRotLimits>
                    <IKRotLimitOrder>0</IKRotLimitOrder>
                    <KeyFrames count="61">
                        <i>-0.596691 0.736171 -0.319392 0.029291 -0.377765 -0.925438 -0.801936 -0.561556 0.203846 1.21071 2.38858 -1.8433</i>
                        <i>-0.600121 0.733546 -0.319006 0.0298104 -0.378017 -0.925319 -0.799353 -0.564813 0.204989 1.20958 2.38733 -1.84385</i>
                        <i>-0.604069 0.730489 -0.318569 0.0304325 -0.378309 -0.925179 -0.796351 -0.568567 0.206294 1.20829 2.38594 -1.84446</i>
                        <i>-0.608474 0.727047 -0.31806 0.0311385 -0.378612 -0.925032 -0.792962 -0.572762 0.207736 1.20688 2.38444 -1.84512</i>
                        <i>-0.613278 0.723265 -0.317456 0.0319097 -0.378896 -0.924889 -0.789222 -0.577344 0.20929 1.20538 2.38285 -1.84583</i>
                        <i>-0.618422 0.719187 -0.31674 0.0327269 -0.379136 -0.924762 -0.785165 -0.582259 0.210929 1.20381 2.3812 -1.84656</i>
                        <i>-0.62385 0.714859 -0.315891 0.0335706 -0.379305 -0.924663 -0.780822 -0.587456 0.212631 1.20221 2.37949 -1.84732</i>
                        <i>-0.62951 0.710324 -0.314894 0.0344206 -0.37938 -0.9246 -0.77623 -0.592884 0.214374 1.20062 2.37776 -1.84809</i>
                        <i>-0.635348 0.705624 -0.313732 0.0352564 -0.37934 -0.924585 -0.771421 -0.598494 0.216135 1.19906 2.37603 -1.84887</i>
                        <i>-0.641315 0.700805 -0.312391 0.036057 -0.379166 -0.924626 -0.76643 -0.60424 0.217896 1.19757 2.37432 -1.84963</i>
                        <i>-0.647363 0.695908 -0.310859 0.0368009 -0.37884 -0.92473 -0.761293 -0.610076 0.219637 1.19618 2.37265 -1.85038</i>
                        <i>-0.653449 0.690976 -0.309123 0.0374661 -0.378345 -0.924906 -0.756043 -0.61596 0.221341 1.19492 2.37104 -1.85109</i>
                        <i>-0.659528 0.686053 -0.307172 0.0380305 -0.377669 -0.925159 -0.750718 -0.62185 0.222992 1.19383 2.36951 -1.85177</i>
                        <i>-0.66556 0.681182 -0.304995 0.0384713 -0.376796 -0.925497 -0.745353 -0.627707 0.224574 1.19294 2.36809 -1.8524</i>
                        <i>-0.671505 0.676407 -0.302581 0.0387654 -0.375714 -0.925924 -0.739985 -0.633493 0.226073 1.19228 2.3668 -1.85298</i>
                        <i>-0.677327 0.671771 -0.299919 0.0388893 -0.374411 -0.926447 -0.734653 -0.639171 0.227474 1.19188 2.36566 -1.85348</i>
                        <i>-0.682958 0.667298 -0.297121 0.0388818 -0.372974 -0.927027 -0.729422 -0.644673 0.22878 1.19178 2.3647 -1.85389</i>
                        <i>-0.688327 0.663006 -0.294326 0.0387989 -0.371513 -0.927617 -0.724362 -0.649924 0.229999 1.192 2.36394 -1.85416</i>
                        <i>-0.693392 0.658938 -0.291561 0.0386429 -0.370043 -0.928211 -0.719523 -0.654881 0.231122 1.19247 2.3634 -1.85429</i>
                        <i>-0.698112 0.655135 -0.288854 0.0384167 -0.368579 -0.928802 -0.714957 -0.659505 0.232141 1.19308 2.3631 -1.85425</i>
                        <i>-0.702448 0.651642 -0.286233 0.0381243 -0.367135 -0.929386 -0.710713 -0.663758 0.23305 1.19381 2.36308 -1.85403</i>
                        <i>-0.706361 0.648501 -0.283725 0.03777 -0.365725 -0.929956 -0.706843 -0.667601 0.23384 1.19467 2.36333 -1.8536</i>
                        <i>-0.709813 0.645757 -0.281358 0.0373587 -0.364361 -0.930508 -0.703398 -0.670998 0.234503 1.19564 2.36382 -1.85299</i>
                        <i>-0.712767 0.643454 -0.27916 0.0368959 -0.363056 -0.931037 -0.70043 -0.673912 0.235033 1.19671 2.36453 -1.85223</i>
                        <i>-0.715183 0.641637 -0.277157 0.0363871 -0.361822 -0.931537 -0.69799 -0.676304 0.235421 1.19788 2.36545 -1.85132</i>
                        <i>-0.717022 0.640349 -0.275376 0.0358383 -0.36067 -0.932005 -0.696128 -0.678137 0.235659 1.19913 2.36657 -1.8503</i>
                        <i>-0.718245 0.639636 -0.273843 0.0352551 -0.35961 -0.932436 -0.694896 -0.679372 0.235738 1.20046 2.36786 -1.84919</i>
                        <i>-0.718809 0.63954 -0.272585 0.0346433 -0.358654 -0.932828 -0.694344 -0.679968 0.235647 1.20185 2.36931 -1.84799</i>
                        <i>-0.718625 0.640147 -0.271642 0.0340037 -0.357814 -0.933174 -0.694566 -0.679839 0.235366 1.20331 2.3709 -1.84674</i>
                        <i>-0.71761 0.641511 -0.271108 0.0333771 -0.357147 -0.933451 -0.695645 -0.678903 0.234881 1.2048 2.37263 -1.84544</i>
                        <i>-0.71576 0.643607 -0.27103 0.0327998 -0.356692 -0.933646 -0.697575 -0.677157 0.234196 1.2063 2.37446 -1.84412</i>
                        <i>-0.71313 0.646377 -0.271371 0.0322672 -0.356428 -0.933766 -0.700289 -0.674653 0.233322 1.2078 2.37638 -1.84279</i>
                        <i>-0.709769 0.649763 -0.272094 0.031774 -0.356336 -0.933817 -0.703717 -0.67144 0.232271 1.2093 2.37837 -1.84148</i>
                        <i>-0.705726 0.653708 -0.273161 0.0313141 -0.356399 -0.933809 -0.707792 -0.667567 0.23105 1.21078 2.38039 -1.8402</i>
                        <i>-0.701047 0.658151 -0.274535 0.0308813 -0.3566 -0.933747 -0.712446 -0.663079 0.229669 1.21225 2.38244 -1.83899</i>
                        <i>-0.695781 0.663034 -0.27618 0.0304697 -0.356923 -0.933637 -0.717608 -0.658021 0.228138 1.21369 2.38449 -1.83787</i>
                        <i>-0.689975 0.668294 -0.278061 0.0300736 -0.357351 -0.933486 -0.723208 -0.652444 0.226465 1.2151 2.38651 -1.83684</i>
                        <i>-0.683683 0.673869 -0.28014 0.0296878 -0.35787 -0.933299 -0.729175 -0.646398 0.224664 1.21647 2.38849 -1.83595</i>
                        <i>-0.676961 0.679694 -0.282383 0.0293081 -0.358465 -0.933083 -0.735435 -0.639937 0.222746 1.21779 2.39039 -1.83521</i>
                        <i>-0.669869 0.685704 -0.284754 0.028931 -0.359121 -0.932842 -0.741915 -0.633121 0.220726 1.21906 2.3922 -1.83465</i>
                        <i>-0.662476 0.691831 -0.287219 0.0285541 -0.359826 -0.932582 -0.748539 -0.626015 0.218622 1.22026 2.39391 -1.83428</i>
                        <i>-0.654854 0.698008 -0.289743 0.0281761 -0.360567 -0.932308 -0.75523 -0.618689 0.216451 1.22141 2.39547 -1.83409</i>
                        <i>-0.647082 0.704166 -0.292293 0.0277968 -0.361332 -0.932023 -0.761913 -0.61122 0.214238 1.22248 2.39689 -1.83405</i>
                        <i>-0.639249 0.710234 -0.294836 0.0274169 -0.362108 -0.931733 -0.768511 -0.603692 0.212005 1.22347 2.39813 -1.83414</i>
                        <i>-0.631447 0.716145 -0.297338 0.0270386 -0.362887 -0.931441 -0.774947 -0.596195 0.20978 1.22438 2.39917 -1.83436</i>
                        <i>-0.623779 0.72183 -0.29977 0.0266646 -0.363657 -0.931151 -0.781146 -0.588825 0.207594 1.22521 2.4 -1.83468</i>
                        <i>-0.616349 0.727221 -0.3021 0.026299 -0.364409 -0.930868 -0.787034 -0.581684 0.205478 1.22594 2.40056 -1.83511</i>
                        <i>-0.609271 0.732251 -0.304298 0.0259464 -0.365134 -0.930593 -0.792538 -0.574879 0.203466 1.22659 2.40081 -1.83562</i>
                        <i>-0.60266 0.736857 -0.306337 0.0256121 -0.365823 -0.930332 -0.797587 -0.56852 0.201594 1.22713 2.40077 -1.83621</i>
                        <i>-0.596594 0.74091 -0.308429 0.0254027 -0.366688 -0.929997 -0.802141 -0.562665 0.199943 1.22757 2.40049 -1.83683</i>
                        <i>-0.59116 0.744296 -0.310732 0.0253953 -0.367891 -0.929522 -0.806155 -0.557387 0.198581 1.22758 2.39999 -1.83744</i>
                        <i>-0.586752 0.746852 -0.312943 0.0255018 -0.369227 -0.928989 -0.809365 -0.553067 0.197599 1.227 2.3993 -1.83805</i>
                        <i>-0.583817 0.748369 -0.314804 0.0256804 -0.370529 -0.928466 -0.811479 -0.550138 0.197102 1.22596 2.39843 -1.83869</i>
                        <i>-0.582376 0.748861 -0.3163 0.0259442 -0.371771 -0.927962 -0.812506 -0.548629 0.197082 1.22452 2.39741 -1.83933</i>
                        <i>-0.582225 0.748487 -0.317461 0.0262822 -0.372936 -0.927485 -0.812603 -0.548348 0.197461 1.22278 2.39628 -1.83997</i>
                        <i>-0.583152 0.7474 -0.318319 0.0266829 -0.374009 -0.927041 -0.811925 -0.5491 0.198162 1.22082 2.39505 -1.8406</i>
                        <i>-0.584942 0.745748 -0.318908 0.0271354 -0.374978 -0.926637 -0.810621 -0.550683 0.199104 1.21872 2.39376 -1.84122</i>
                        <i>-0.587386 0.743671 -0.319265 0.0276299 -0.375835 -0.926275 -0.808835 -0.552902 0.200213 1.21657 2.39244 -1.8418</i>
                        <i>-0.590284 0.741301 -0.319433 0.0281583 -0.376581 -0.925956 -0.806704 -0.555572 0.201416 1.21446 2.39112 -1.84235</i>
                        <i>-0.593445 0.738762 -0.319458 0.0287136 -0.37722 -0.925678 -0.804362 -0.558512 0.202647 1.21248 2.38982 -1.84285</i>
                        <i>-0.596691 0.736171 -0.319392 0.029291 -0.377765 -0.925438 -0.801936 -0.561556 0.203846 1.21071 2.38858 -1.8433</i>
                    </KeyFrames>
                </p>
            </i>
            <i>
                <p>
                    <Name><![CDATA[head]]></Name>
                    <Exclude>0</Exclude>
                    <Additive>0</Additive>
                    <IKPriority>0</IKPriority>
                    <IKRotLimits>-1e+010 -1e+010 -1e+010 1e+010 1e+010 1e+010</IKRotLimits>
                    <IKRotLimitOrder>0</IKRotLimitOrder>
                    <KeyFrames count="61">
                        <i>-0.00363727 0.999778 0.0207465 0.172647 0.0210629 -0.984758 -0.984977 4.02072e-008 -0.172686 1.06601 2.59289 -1.91954</i>
                        <i>-0.00336385 0.999806 0.019384 0.170949 0.0196737 -0.985083 -0.985274 -4.63334e-008 -0.170982 1.06386 2.59112 -1.92001</i>
                        <i>-0.00305945 0.999836 0.0178403 0.168996 0.0181006 -0.985451 -0.985612 -2.96447e-008 -0.169024 1.06138 2.58912 -1.92052</i>
                        <i>-0.00273075 0.999866 0.016137 0.166828 0.0163665 -0.98585 -0.985982 -3.63052e-009 -0.16685 1.05862 2.58691 -1.92106</i>
                        <i>-0.00238429 0.999895 0.0142963 0.164485 0.0144938 -0.986273 -0.986377 1.67355e-008 -0.164502 1.05564 2.58453 -1.92161</i>
                        <i>-0.00202612 0.999922 0.0123403 0.162006 0.0125055 -0.986711 -0.986788 -7.86463e-008 -0.162018 1.05249 2.58199 -1.92217</i>
                        <i>-0.0016621 0.999946 0.0102912 0.15943 0.0104246 -0.987154 -0.987208 -2.90388e-008 -0.159439 1.04921 2.57934 -1.92272</i>
                        <i>-0.00129741 0.999966 0.00817183 0.156798 0.00827417 -0.987596 -0.98763 2.68813e-008 -0.156803 1.04585 2.57661 -1.92325</i>
                        <i>-0.00093692 0.999982 0.00600528 0.154148 0.00607793 -0.988029 -0.988047 -2.34907e-008 -0.154151 1.04247 2.57381 -1.92375</i>
                        <i>-0.000584829 0.999993 0.00381511 0.15152 0.00385967 -0.988447 -0.988454 3.71567e-008 -0.151521 1.03911 2.57099 -1.92421</i>
                        <i>-0.000244831 0.999999 0.00162528 0.148952 0.0016437 -0.988843 -0.988844 3.11168e-009 -0.148952 1.03583 2.56816 -1.92462</i>
                        <i>7.9904e-005 1 -0.000539519 0.146483 -0.000545387 -0.989213 -0.989213 -1.04016e-008 -0.146483 1.03267 2.56538 -1.92496</i>
                        <i>0.000386728 0.999996 -0.00265438 0.144152 -0.00268235 -0.989552 -0.989556 -3.58758e-008 -0.144152 1.02967 2.56266 -1.92522</i>
                        <i>0.000673338 0.999989 -0.00469365 0.141996 -0.00474169 -0.989856 -0.989867 2.14316e-008 -0.141998 1.0269 2.56004 -1.9254</i>
                        <i>0.00093801 0.999978 -0.00663145 0.140054 -0.00669745 -0.990121 -0.990143 -8.53323e-010 -0.140058 1.02439 2.55755 -1.92548</i>
                        <i>0.00117937 0.999964 -0.00844122 0.138364 -0.00852323 -0.990345 -0.990381 1.63974e-008 -0.138369 1.0222 2.55523 -1.92545</i>
                        <i>0.00139604 0.999948 -0.0100961 0.136962 -0.0101922 -0.990524 -0.990575 -8.07126e-009 -0.136969 1.02036 2.55311 -1.92531</i>
                        <i>0.00158681 0.999932 -0.0115687 0.135885 -0.011677 -0.990656 -0.990723 2.98353e-008 -0.135894 1.01893 2.55123 -1.92503</i>
