<?xml version="1.0" encoding="ISO-8859-1" ?>
<Animl Version="1">
    <ModellingPackage><![CDATA[Maya.2010]]></ModellingPackage>
    <SrcFile><![CDATA[anims\turrets\special\blue\~src\bugspray\bugspray_reload_crewmana.mb]]></SrcFile>
    <FramesPerSecond>30</FramesPerSecond>
    <TotalFrames>91</TotalFrames>
    <Skeleton>
        <RefFrame>
            <Name><![CDATA[soldier_ref_frame]]></Name>
            <Exclude>0</Exclude>
            <Additive>0</Additive>
            <IKPriority>0</IKPriority>
            <IKRotLimits>-1e+010 -1e+010 -1e+010 1e+010 1e+010 1e+010</IKRotLimits>
            <IKRotLimitOrder>0</IKRotLimitOrder>
            <KeyFrames count="91">
                <i>1 0 0 0 1 0 0 0 1 1.15 0.9 -1.9</i>
                <i>1 0 0 0 1 0 0 0 1 1.15 0.9 -1.9</i>
                <i>1 0 0 0 1 0 0 0 1 1.15 0.9 -1.9</i>
                <i>1 0 0 0 1 0 0 0 1 1.15 0.9 -1.9</i>
                <i>1 0 0 0 1 0 0 0 1 1.15 0.9 -1.9</i>
                <i>1 0 0 0 1 0 0 0 1 1.15 0.9 -1.9</i>
                <i>1 0 0 0 1 0 0 0 1 1.15 0.9 -1.9</i>
                <i>1 0 0 0 1 0 0 0 1 1.15 0.9 -1.9</i>
                <i>1 0 0 0 1 0 0 0 1 1.15 0.9 -1.9</i>
                <i>1 0 0 0 1 0 0 0 1 1.15 0.9 -1.9</i>
                <i>1 0 0 0 1 0 0 0 1 1.15 0.9 -1.9</i>
                <i>1 0 0 0 1 0 0 0 1 1.15 0.9 -1.9</i>
                <i>1 0 0 0 1 0 0 0 1 1.15 0.9 -1.9</i>
                <i>1 0 0 0 1 0 0 0 1 1.15 0.9 -1.9</i>
                <i>1 0 0 0 1 0 0 0 1 1.15 0.9 -1.9</i>
                <i>1 0 0 0 1 0 0 0 1 1.15 0.9 -1.9</i>
                <i>1 0 0 0 1 0 0 0 1 1.15 0.9 -1.9</i>
                <i>1 0 0 0 1 0 0 0 1 1.15 0.9 -1.9</i>
                <i>1 0 0 0 1 0 0 0 1 1.15 0.9 -1.9</i>
                <i>1 0 0 0 1 0 0 0 1 1.15 0.9 -1.9</i>
                <i>1 0 0 0 1 0 0 0 1 1.15 0.9 -1.9</i>
                <i>1 0 0 0 1 0 0 0 1 1.15 0.9 -1.9</i>
                <i>1 0 0 0 1 0 0 0 1 1.15 0.9 -1.9</i>
                <i>1 0 0 0 1 0 0 0 1 1.15 0.9 -1.9</i>
                <i>1 0 0 0 1 0 0 0 1 1.15 0.9 -1.9</i>
                <i>1 0 0 0 1 0 0 0 1 1.15 0.9 -1.9</i>
                <i>1 0 0 0 1 0 0 0 1 1.15 0.9 -1.9</i>
                <i>1 0 0 0 1 0 0 0 1 1.15 0.9 -1.9</i>
                <i>1 0 0 0 1 0 0 0 1 1.15 0.9 -1.9</i>
                <i>1 0 0 0 1 0 0 0 1 1.15 0.9 -1.9</i>
                <i>1 0 0 0 1 0 0 0 1 1.15 0.9 -1.9</i>
                <i>1 0 0 0 1 0 0 0 1 1.15 0.9 -1.9</i>
                <i>1 0 0 0 1 0 0 0 1 1.15 0.9 -1.9</i>
                <i>1 0 0 0 1 0 0 0 1 1.15 0.9 -1.9</i>
                <i>1 0 0 0 1 0 0 0 1 1.15 0.9 -1.9</i>
                <i>1 0 0 0 1 0 0 0 1 1.15 0.9 -1.9</i>
                <i>1 0 0 0 1 0 0 0 1 1.15 0.9 -1.9</i>
                <i>1 0 0 0 1 0 0 0 1 1.15 0.9 -1.9</i>
                <i>1 0 0 0 1 0 0 0 1 1.15 0.9 -1.9</i>
                <i>1 0 0 0 1 0 0 0 1 1.15 0.9 -1.9</i>
                <i>1 0 0 0 1 0 0 0 1 1.15 0.9 -1.9</i>
                <i>1 0 0 0 1 0 0 0 1 1.15 0.9 -1.9</i>
                <i>1 0 0 0 1 0 0 0 1 1.15 0.9 -1.9</i>
                <i>1 0 0 0 1 0 0 0 1 1.15 0.9 -1.9</i>
                <i>1 0 0 0 1 0 0 0 1 1.15 0.9 -1.9</i>
                <i>1 0 0 0 1 0 0 0 1 1.15 0.9 -1.9</i>
                <i>1 0 0 0 1 0 0 0 1 1.15 0.9 -1.9</i>
                <i>1 0 0 0 1 0 0 0 1 1.15 0.9 -1.9</i>
                <i>1 0 0 0 1 0 0 0 1 1.15 0.9 -1.9</i>
                <i>1 0 0 0 1 0 0 0 1 1.15 0.9 -1.9</i>
                <i>1 0 0 0 1 0 0 0 1 1.15 0.9 -1.9</i>
                <i>1 0 0 0 1 0 0 0 1 1.15 0.9 -1.9</i>
                <i>1 0 0 0 1 0 0 0 1 1.15 0.9 -1.9</i>
                <i>1 0 0 0 1 0 0 0 1 1.15 0.9 -1.9</i>
                <i>1 0 0 0 1 0 0 0 1 1.15 0.9 -1.9</i>
                <i>1 0 0 0 1 0 0 0 1 1.15 0.9 -1.9</i>
                <i>1 0 0 0 1 0 0 0 1 1.15 0.9 -1.9</i>
                <i>1 0 0 0 1 0 0 0 1 1.15 0.9 -1.9</i>
                <i>1 0 0 0 1 0 0 0 1 1.15 0.9 -1.9</i>
                <i>1 0 0 0 1 0 0 0 1 1.15 0.9 -1.9</i>
                <i>1 0 0 0 1 0 0 0 1 1.15 0.9 -1.9</i>
                <i>1 0 0 0 1 0 0 0 1 1.15 0.9 -1.9</i>
                <i>1 0 0 0 1 0 0 0 1 1.15 0.9 -1.9</i>
                <i>1 0 0 0 1 0 0 0 1 1.15 0.9 -1.9</i>
                <i>1 0 0 0 1 0 0 0 1 1.15 0.9 -1.9</i>
                <i>1 0 0 0 1 0 0 0 1 1.15 0.9 -1.9</i>
                <i>1 0 0 0 1 0 0 0 1 1.15 0.9 -1.9</i>
                <i>1 0 0 0 1 0 0 0 1 1.15 0.9 -1.9</i>
                <i>1 0 0 0 1 0 0 0 1 1.15 0.9 -1.9</i>
                <i>1 0 0 0 1 0 0 0 1 1.15 0.9 -1.9</i>
                <i>1 0 0 0 1 0 0 0 1 1.15 0.9 -1.9</i>
                <i>1 0 0 0 1 0 0 0 1 1.15 0.9 -1.9</i>
                <i>1 0 0 0 1 0 0 0 1 1.15 0.9 -1.9</i>
                <i>1 0 0 0 1 0 0 0 1 1.15 0.9 -1.9</i>
                <i>1 0 0 0 1 0 0 0 1 1.15 0.9 -1.9</i>
                <i>1 0 0 0 1 0 0 0 1 1.15 0.9 -1.9</i>
                <i>1 0 0 0 1 0 0 0 1 1.15 0.9 -1.9</i>
                <i>1 0 0 0 1 0 0 0 1 1.15 0.9 -1.9</i>
                <i>1 0 0 0 1 0 0 0 1 1.15 0.9 -1.9</i>
                <i>1 0 0 0 1 0 0 0 1 1.15 0.9 -1.9</i>
                <i>1 0 0 0 1 0 0 0 1 1.15 0.9 -1.9</i>
                <i>1 0 0 0 1 0 0 0 1 1.15 0.9 -1.9</i>
                <i>1 0 0 0 1 0 0 0 1 1.15 0.9 -1.9</i>
                <i>1 0 0 0 1 0 0 0 1 1.15 0.9 -1.9</i>
                <i>1 0 0 0 1 0 0 0 1 1.15 0.9 -1.9</i>
                <i>1 0 0 0 1 0 0 0 1 1.15 0.9 -1.9</i>
                <i>1 0 0 0 1 0 0 0 1 1.15 0.9 -1.9</i>
                <i>1 0 0 0 1 0 0 0 1 1.15 0.9 -1.9</i>
                <i>1 0 0 0 1 0 0 0 1 1.15 0.9 -1.9</i>
                <i>1 0 0 0 1 0 0 0 1 1.15 0.9 -1.9</i>
                <i>1 0 0 0 1 0 0 0 1 1.15 0.9 -1.9</i>
            </KeyFrames>
        </RefFrame>
        <Bones count="23">
            <i>
                <p>
                    <Name><![CDATA[pelvis]]></Name>
                    <Exclude>0</Exclude>
                    <Additive>0</Additive>
                    <IKPriority>0</IKPriority>
                    <IKRotLimits>-1e+010 -1e+010 -1e+010 1e+010 1e+010 1e+010</IKRotLimits>
                    <IKRotLimitOrder>2</IKRotLimitOrder>
                    <KeyFrames count="91">
                        <i>1 0 0 0 1 0 0 0 1 1.23597 1.93951 -1.77276</i>
                        <i>1 0 0 0 1 0 0 0 1 1.23621 1.94018 -1.77291</i>
                        <i>1 0 0 0 1 0 0 0 1 1.2369 1.94211 -1.77331</i>
                        <i>1 0 0 0 1 0 0 0 1 1.23787 1.94484 -1.77386</i>
                        <i>1 0 0 0 1 0 0 0 1 1.23897 1.94787 -1.77447</i>
                        <i>1 0 0 0 1 0 0 0 1 1.24 1.95075 -1.77505</i>
                        <i>1 0 0 0 1 0 0 0 1 1.24081 1.953 -1.77551</i>
                        <i>1 0 0 0 1 0 0 0 1 1.24121 1.95414 -1.77575</i>
                        <i>1 0 0 0 1 0 0 0 1 1.24104 1.95371 -1.77568</i>
                        <i>1 0 0 0 1 0 0 0 1 1.24013 1.95122 -1.77522</i>
                        <i>1 0 0 0 1 0 0 0 1 1.2383 1.94621 -1.77426</i>
                        <i>1 0 0 0 1 0 0 0 1 1.23538 1.9382 -1.77272</i>
                        <i>1 0 0 0 1 0 0 0 1 1.23137 1.9272 -1.77059</i>
                        <i>1 0 0 0 1 0 0 0 1 1.22649 1.91379 -1.768</i>
                        <i>1 0 0 0 1 0 0 0 1 1.22086 1.8983 -1.765</i>
                        <i>1 0 0 0 1 0 0 0 1 1.21459 1.88108 -1.76166</i>
                        <i>1 0 0 0 1 0 0 0 1 1.20782 1.86247 -1.75806</i>
                        <i>1 0 0 0 1 0 0 0 1 1.20068 1.84282 -1.75425</i>
                        <i>1 0 0 0 1 0 0 0 1 1.19328 1.82248 -1.75031</i>
                        <i>1 0 0 0 1 0 0 0 1 1.18575 1.80178 -1.7463</i>
                        <i>1 0 0 0 1 0 0 0 1 1.17822 1.78108 -1.74229</i>
                        <i>1 0 0 0 1 0 0 0 1 1.17081 1.76071 -1.73834</i>
                        <i>1 0 0 0 1 0 0 0 1 1.16365 1.74103 -1.73452</i>
                        <i>1 0 0 0 1 0 0 0 1 1.15687 1.72236 -1.7309</i>
                        <i>1 0 0 0 1 0 0 0 1 1.15058 1.70507 -1.72755</i>
                        <i>1 0 0 0 1 0 0 0 1 1.14492 1.6895 -1.72453</i>
                        <i>1 0 0 0 1 0 0 0 1 1.14 1.67598 -1.72191</i>
                        <i>1 0 0 0 1 0 0 0 1 1.13596 1.66487 -1.71975</i>
                        <i>1 0 0 0 1 0 0 0 1 1.13292 1.65651 -1.71813</i>
                        <i>1 0 0 0 1 0 0 0 1 1.131 1.65124 -1.71711</i>
                        <i>1 0 0 0 1 0 0 0 1 1.13033 1.6494 -1.71675</i>
                        <i>1 0 0 0 1 0 0 0 1 1.13033 1.6494 -1.71675</i>
                        <i>1 0 0 0 1 0 0 0 1 1.13033 1.6494 -1.71675</i>
                        <i>1 0 0 0 1 0 0 0 1 1.13033 1.6494 -1.71675</i>
                        <i>1 0 0 0 1 0 0 0 1 1.13033 1.6494 -1.71675</i>
                        <i>1 0 0 0 1 0 0 0 1 1.13033 1.6494 -1.71675</i>
                        <i>1 0 0 0 1 0 0 0 1 1.13033 1.6494 -1.71675</i>
                        <i>1 0 0 0 1 0 0 0 1 1.13033 1.6494 -1.71675</i>
                        <i>1 0 0 0 1 0 0 0 1 1.13033 1.6494 -1.71675</i>
                        <i>1 0 0 0 1 0 0 0 1 1.13033 1.6494 -1.71675</i>
                        <i>1 0 0 0 1 0 0 0 1 1.13033 1.6494 -1.71675</i>
                        <i>1 0 0 0 1 0 0 0 1 1.13033 1.6494 -1.71675</i>
                        <i>1 0 0 0 1 0 0 0 1 1.13033 1.6494 -1.71675</i>
                        <i>1 0 0 0 1 0 0 0 1 1.13033 1.6494 -1.71675</i>
                        <i>1 0 0 0 1 0 0 0 1 1.13033 1.6494 -1.71675</i>
                        <i>1 0 0 0 1 0 0 0 1 1.13033 1.6494 -1.71675</i>
                        <i>1 0 0 0 1 0 0 0 1 1.13033 1.6494 -1.71675</i>
                        <i>1 0 0 0 1 0 0 0 1 1.13033 1.6494 -1.71675</i>
                        <i>1 0 0 0 1 0 0 0 1 1.13033 1.6494 -1.71675</i>
                        <i>1 0 0 0 1 0 0 0 1 1.13033 1.6494 -1.71675</i>
                        <i>1 0 0 0 1 0 0 0 1 1.13033 1.6494 -1.71675</i>
                        <i>1 0 0 0 1 0 0 0 1 1.13033 1.6494 -1.71675</i>
                        <i>1 0 0 0 1 0 0 0 1 1.13033 1.6494 -1.71675</i>
                        <i>1 0 0 0 1 0 0 0 1 1.13033 1.6494 -1.71675</i>
                        <i>1 0 0 0 1 0 0 0 1 1.13033 1.6494 -1.71675</i>
                        <i>1 0 0 0 1 0 0 0 1 1.13033 1.6494 -1.71675</i>
                        <i>1 0 0 0 1 0 0 0 1 1.13033 1.6494 -1.71675</i>
                        <i>1 0 0 0 1 0 0 0 1 1.13033 1.6494 -1.71675</i>
                        <i>1 0 0 0 1 0 0 0 1 1.13033 1.6494 -1.71675</i>
                        <i>1 0 0 0 1 0 0 0 1 1.13033 1.6494 -1.71675</i>
                        <i>1 0 0 0 1 0 0 0 1 1.13033 1.6494 -1.71675</i>
                        <i>1 0 0 0 1 0 0 0 1 1.13033 1.6494 -1.71675</i>
                        <i>1 0 0 0 1 0 0 0 1 1.13033 1.6494 -1.71675</i>
                        <i>1 0 0 0 1 0 0 0 1 1.13033 1.6494 -1.71675</i>
                        <i>1 0 0 0 1 0 0 0 1 1.13033 1.64838 -1.71675</i>
                        <i>1 0 0 0 1 0 0 0 1 1.13033 1.64583 -1.71675</i>
                        <i>1 0 0 0 1 0 0 0 1 1.13033 1.6425 -1.71675</i>
                        <i>1 0 0 0 1 0 0 0 1 1.13033 1.63918 -1.71675</i>
                        <i>1 0 0 0 1 0 0 0 1 1.13033 1.63663 -1.71675</i>
                        <i>1 0 0 0 1 0 0 0 1 1.13033 1.63561 -1.71675</i>
                        <i>1 0 0 0 1 0 0 0 1 1.13033 1.63688 -1.71675</i>
                        <i>1 0 0 0 1 0 0 0 1 1.13033 1.64123 -1.71675</i>
                        <i>1 0 0 0 1 0 0 0 1 1.13088 1.6494 -1.71705</i>
                        <i>1 0 0 0 1 0 0 0 1 1.13245 1.66031 -1.71792</i>
                        <i>1 0 0 0 1 0 0 0 1 1.13496 1.67226 -1.7193</i>
                        <i>1 0 0 0 1 0 0 0 1 1.13832 1.68518 -1.72116</i>
                        <i>1 0 0 0 1 0 0 0 1 1.14245 1.69896 -1.72344</i>
                        <i>1 0 0 0 1 0 0 0 1 1.14726 1.71351 -1.72609</i>
                        <i>1 0 0 0 1 0 0 0 1 1.15265 1.72872 -1.72907</i>
                        <i>1 0 0 0 1 0 0 0 1 1.15854 1.74451 -1.73232</i>
                        <i>1 0 0 0 1 0 0 0 1 1.16484 1.76078 -1.7358</i>
                        <i>1 0 0 0 1 0 0 0 1 1.17146 1.77743 -1.73946</i>
                        <i>1 0 0 0 1 0 0 0 1 1.17832 1.79437 -1.74325</i>
                        <i>1 0 0 0 1 0 0 0 1 1.18533 1.8115 -1.74712</i>
                        <i>1 0 0 0 1 0 0 0 1 1.19239 1.82873 -1.75102</i>
                        <i>1 0 0 0 1 0 0 0 1 1.19943 1.84596 -1.7549</i>
                        <i>1 0 0 0 1 0 0 0 1 1.20634 1.86309 -1.75872</i>
                        <i>1 0 0 0 1 0 0 0 1 1.21306 1.88003 -1.76243</i>
                        <i>1 0 0 0 1 0 0 0 1 1.21948 1.89668 -1.76597</i>
                        <i>1 0 0 0 1 0 0 0 1 1.22551 1.91295 -1.76931</i>
                        <i>1 0 0 0 1 0 0 0 1 1.23108 1.92874 -1.77238</i>
                    </KeyFrames>
                </p>
            </i>
            <i>
                <p>
                    <Name><![CDATA[spine0]]></Name>
                    <Exclude>0</Exclude>
                    <Additive>0</Additive>
                    <IKPriority>0</IKPriority>
                    <IKRotLimits>-1e+010 -1e+010 -1e+010 1e+010 1e+010 1e+010</IKRotLimits>
                    <IKRotLimitOrder>0</IKRotLimitOrder>
                    <KeyFrames count="91">
                        <i>-0.0745424 0.992473 -0.0971671 -0.213689 -0.111072 -0.970567 -0.974054 -0.0515849 0.22036 1.29637 2.06997 -1.76747</i>
                        <i>-0.0737317 0.992603 -0.0964549 -0.214514 -0.11024 -0.97048 -0.973934 -0.0508641 0.221056 1.29677 2.07056 -1.76758</i>
                        <i>-0.0724384 0.99289 -0.0944562 -0.21615 -0.108083 -0.970359 -0.973669 -0.0498746 0.222442 1.29764 2.07241 -1.76783</i>
                        <i>-0.0708414 0.993266 -0.0916751 -0.218218 -0.105112 -0.970223 -0.973325 -0.0487268 0.224195 1.2988 2.07503 -1.76816</i>
                        <i>-0.0691223 0.993665 -0.0886092 -0.220373 -0.101836 -0.970085 -0.972963 -0.0475275 0.226016 1.30008 2.07797 -1.76851</i>
                        <i>-0.0674663 0.994031 -0.0857388 -0.222329 -0.0987522 -0.969958 -0.972635 -0.0463773 0.227664 1.3013 2.08076 -1.76885</i>
                        <i>-0.0660616 0.994314 -0.083522 -0.223864 -0.0963401 -0.969847 -0.972379 -0.0453721 0.228955 1.30228 2.08291 -1.76913</i>
                        <i>-0.0650975 0.994471 -0.0823991 -0.224796 -0.0950663 -0.969757 -0.972229 -0.0446058 0.229742 1.30285 2.08397 -1.76929</i>
                        <i>-0.0647634 0.994459 -0.0828095 -0.224937 -0.095396 -0.969692 -0.972219 -0.0441737 0.229869 1.30284 2.08346 -1.76929</i>
                        <i>-0.0652472 0.994223 -0.0852202 -0.224024 -0.0978168 -0.969662 -0.972397 -0.0441764 0.229113 1.30207 2.08092 -1.76909</i>
                        <i>-0.0667314 0.993689 -0.0901573 -0.22162 -0.102863 -0.969693 -0.972847 -0.0447283 0.227086 1.30036 2.07587 -1.76863</i>
                        <i>-0.0693832 0.992743 -0.0982228 -0.216981 -0.111121 -0.969831 -0.973707 -0.0459774 0.223117 1.29754 2.06784 -1.76784</i>
                        <i>-0.0730843 0.991292 -0.10954 -0.209474 -0.122641 -0.970093 -0.975079 -0.0479528 0.216613 1.2936 2.05685 -1.76669</i>
                        <i>-0.0774682 0.989311 -0.123539 -0.198604 -0.136741 -0.970494 -0.977013 -0.0506471 0.207074 1.28875 2.04345 -1.76517</i>
                        <i>-0.0822667 0.98678 -0.139635 -0.183503 -0.152713 -0.971085 -0.979571 -0.0542646 0.19364 1.28311 2.02798 -1.76319</i>
                        <i>-0.0871717 0.983753 -0.156943 -0.163424 -0.16953 -0.971881 -0.982697 -0.0590721 0.175548 1.27679 2.01079 -1.76064</i>
                        <i>-0.0918727 0.9804 -0.174286 -0.137907 -0.185867 -0.972849 -0.986175 -0.0653429 0.15228 1.26992 1.99224 -1.75739</i>
                        <i>-0.0961207 0.977014 -0.190275 -0.106923 -0.200189 -0.973906 -0.98961 -0.0732677 0.123707 1.2626 1.97267 -1.75331</i>
                        <i>-0.0997993 0.973986 -0.20345 -0.0709776 -0.210918 -0.974923 -0.992473 -0.0828563 0.0901807 1.25493 1.95244 -1.74829</i>
                        <i>-0.102977 0.971726 -0.212474 -0.0311366 -0.216654 -0.975752 -0.994196 -0.0938644 0.0525666 1.247 1.93189 -1.74229</i>
                        <i>-0.105909 0.970558 -0.216332 0.0110536 -0.216393 -0.976244 -0.994314 -0.105784 0.0121898 1.23889 1.91134 -1.73538</i>
                        <i>-0.108971 0.970626 -0.214499 0.0537355 -0.209716 -0.976285 -0.992591 -0.117913 -0.0293041 1.23071 1.89107 -1.72768</i>
                        <i>-0.11255 0.971836 -0.207043 0.094979 -0.196891 -0.975814 -0.989096 -0.129492 -0.070144 1.22259 1.87139 -1.71943</i>
                        <i>-0.116908 0.973882 -0.194644 0.133039 -0.178865 -0.974837 -0.984192 -0.139862 -0.108654 1.21468 1.85257 -1.71093</i>
                        <i>-0.122094 0.976332 -0.17852 0.166579 -0.157157 -0.973423 -0.97844 -0.148587 -0.143448 1.20719 1.83494 -1.70253</i>
                        <i>-0.127909 0.978747 -0.16029 0.194805 -0.133676 -0.97169 -0.972466 -0.155513 -0.173567 1.20033 1.81884 -1.69459</i>
                        <i>-0.133944 0.980792 -0.141793 0.217501 -0.110498 -0.969785 -0.966826 -0.160737 -0.198523 1.19432 1.80466 -1.68745</i>
                        <i>-0.139669 0.982288 -0.124912 0.234941 -0.0896724 -0.967864 -0.961923 -0.164528 -0.218255 1.18935 1.79284 -1.68143</i>
                        <i>-0.144527 0.983208 -0.111421 0.247715 -0.0730659 -0.966074 -0.957992 -0.167224 -0.232995 1.1856 1.78383 -1.67679</i>
                        <i>-0.148012 0.983622 -0.102864 0.256486 -0.062273 -0.96454 -0.955148 -0.169147 -0.243068 1.18324 1.77808 -1.67376</i>
                        <i>-0.149724 0.98361 -0.100473 0.261715 -0.058567 -0.963367 -0.953461 -0.170535 -0.248657 1.1824 1.77601 -1.67254</i>
                        <i>-0.150147 0.983468 -0.101222 0.264985 -0.0586051 -0.96247 -0.952491 -0.171334 -0.251805 1.18238 1.77594 -1.67231</i>
                        <i>-0.150042 0.983454 -0.10152 0.267781 -0.0584203 -0.961707 -0.951725 -0.171481 -0.254585 1.18237 1.77588 -1.67211</i>
                        <i>-0.149529 0.983536 -0.101476 0.270108 -0.0580936 -0.961076 -0.951148 -0.171118 -0.256975 1.18236 1.77582 -1.67195</i>
                        <i>-0.148727 0.983686 -0.101207 0.271969 -0.0577095 -0.960574 -0.950744 -0.170388 -0.258949 1.18235 1.77578 -1.67181</i>
                        <i>-0.147756 0.98387 -0.100832 0.273364 -0.0573525 -0.960199 -0.950495 -0.169439 -0.260481 1.18235 1.77574 -1.67171</i>
                        <i>-0.146736 0.98406 -0.100469 0.274297 -0.0571058 -0.959948 -0.950384 -0.168417 -0.261546 1.18236 1.77571 -1.67164</i>
                        <i>-0.145786 0.984225 -0.100239 0.274769 -0.0570535 -0.959816 -0.950394 -0.16747 -0.262117 1.18237 1.7757 -1.6716</i>
                        <i>-0.145 0.984331 -0.10034 0.274771 -0.0573632 -0.959797 -0.950513 -0.166741 -0.262148 1.18239 1.77569 -1.67159</i>
                        <i>-0.144315 0.984389 -0.100751 0.274315 -0.0580281 -0.959887 -0.950749 -0.166163 -0.261659 1.18241 1.77568 -1.67161</i>
                        <i>-0.14361 0.98444 -0.101262 0.273437 -0.0588677 -0.960087 -0.951109 -0.165567 -0.260728 1.18244 1.77569 -1.67166</i>
                        <i>-0.142768 0.984523 -0.101646 0.272173 -0.0596871 -0.960395 -0.951598 -0.164779 -0.259439 1.18247 1.7757 -1.67173</i>
                        <i>-0.141671 0.984679 -0.101665 0.270561 -0.0602744 -0.960814 -0.952222 -0.163626 -0.257877 1.18251 1.77572 -1.67183</i>
                        <i>-0.140203 0.984951 -0.101069 0.268643 -0.0604062 -0.961344 -0.952982 -0.161935 -0.256131 1.18255 1.77575 -1.67196</i>
                        <i>-0.13843 0.985316 -0.0999435 0.26642 -0.0601463 -0.961979 -0.953865 -0.159793 -0.254182 1.1826 1.77578 -1.67211</i>
                        <i>-0.136509 0.985722 -0.0985743 0.263874 -0.0597297 -0.962706 -0.954849 -0.157429 -0.251953 1.18265 1.77582 -1.67228</i>
                        <i>-0.134464 0.986159 -0.0970057 0.261011 -0.0591895 -0.963519 -0.955925 -0.154878 -0.24944 1.1827 1.77587 -1.67248</i>
                        <i>-0.132316 0.986619 -0.0952663 0.257645 -0.058574 -0.964463 -0.957137 -0.152159 -0.246447 1.18277 1.77592 -1.67271</i>
                        <i>-0.13009 0.987094 -0.0933882 0.253624 -0.0579263 -0.965567 -0.958515 -0.149296 -0.242816 1.18284 1.77599 -1.67298</i>
                        <i>-0.127807 0.987577 -0.0914201 0.249011 -0.0572716 -0.966806 -0.960031 -0.146329 -0.238598 1.18292 1.77606 -1.6733</i>
                        <i>-0.125492 0.988058 -0.0894097 0.243868 -0.0566352 -0.968153 -0.961655 -0.143299 -0.233848 1.18301 1.77614 -1.67365</i>
                        <i>-0.123169 0.988529 -0.0874033 0.238257 -0.0560419 -0.969584 -0.96336 -0.140247 -0.228622 1.1831 1.77623 -1.67403</i>
                        <i>-0.120862 0.988985 -0.085446 0.232244 -0.0555161 -0.971072 -0.965119 -0.13721 -0.222976 1.1832 1.77633 -1.67444</i>
                        <i>-0.1186 0.989418 -0.0835811 0.225891 -0.0550828 -0.972594 -0.966906 -0.13423 -0.216968 1.1833 1.77643 -1.67487</i>
                        <i>-0.116407 0.989823 -0.0818512 0.219263 -0.0547671 -0.974127 -0.968697 -0.131342 -0.210657 1.1834 1.77654 -1.67531</i>
                        <i>-0.114317 0.990175 -0.0805341 0.212401 -0.0548302 -0.975643 -0.970473 -0.128638 -0.204046 1.18349 1.77665 -1.67577</i>
                        <i>-0.112327 0.990474 -0.0796438 0.205373 -0.0552793 -0.977121 -0.972216 -0.126114 -0.197207 1.18359 1.77676 -1.67624</i>
                        <i>-0.110407 0.990756 -0.078826 0.198287 -0.055759 -0.978557 -0.973906 -0.123669 -0.190298 1.18368 1.77687 -1.67671</i>
                        <i>-0.108516 0.991052 -0.0777218 0.19125 -0.0559098 -0.979948 -0.975524 -0.121205 -0.183471 1.18377 1.77698 -1.67719</i>
                        <i>-0.106665 0.991343 -0.076559 0.184307 -0.0559506 -0.981275 -0.977064 -0.118778 -0.176743 1.18386 1.77708 -1.67765</i>
                        <i>-0.104898 0.991603 -0.0756365 0.177498 -0.0561667 -0.982517 -0.978515 -0.116489 -0.170116 1.18393 1.77719 -1.67811</i>
                        <i>-0.103218 0.99185 -0.0747004 0.170919 -0.0562979 -0.983675 -0.979864 -0.1143 -0.163715 1.18401 1.77729 -1.67855</i>
                        <i>-0.101626 0.992104 -0.073499 0.164666 -0.056087 -0.984753 -0.9811 -0.112179 -0.157666 1.18407 1.77739 -1.67897</i>
                        <i>-0.100121 0.992382 -0.0717838 0.158829 -0.0552804 -0.985757 -0.982216 -0.110096 -0.152085 1.18413 1.77748 -1.67937</i>
                        <i>-0.0986978 0.992701 -0.0693108 0.153501 -0.0536297 -0.986692 -0.983207 -0.108024 -0.147088 1.18418 1.77654 -1.67973</i>
                        <i>-0.0973307 0.993087 -0.0656147 0.14879 -0.0506675 -0.98757 -0.984067 -0.105884 -0.14283 1.18423 1.77407 -1.68007</i>
                        <i>-0.0960245 0.993519 -0.0608234 0.14475 -0.0465182 -0.988374 -0.984798 -0.103712 -0.139345 1.18427 1.77081 -1.68036</i>
                        <i>-0.0948287 0.993941 -0.0555755 0.141393 -0.0418134 -0.98907 -0.985401 -0.10165 -0.136571 1.1843 1.76755 -1.68062</i>
                        <i>-0.0938005 0.99431 -0.0504872 0.138735 -0.0371618 -0.989632 -0.985877 -0.0998323 -0.13446 1.18433 1.76504 -1.68082</i>
                        <i>-0.0929993 0.994596 -0.0461492 0.136802 -0.0331464 -0.990044 -0.986223 -0.0983867 -0.132981 1.18435 1.76406 -1.68097</i>
                        <i>-0.0924811 0.99478 -0.0431322 0.135622 -0.0303295 -0.990296 -0.986435 -0.0974334 -0.132109 1.18436 1.76535 -1.68107</i>
                        <i>-0.0922973 0.994845 -0.0419997 0.135223 -0.0292659 -0.990383 -0.986507 -0.097089 -0.131825 1.18436 1.7697 -1.6811</i>
                        <i>-0.091515 0.994774 -0.045266 0.13399 -0.0327424 -0.990442 -0.986748 -0.0967055 -0.130293 1.18508 1.77794 -1.6819</i>
                        <i>-0.0893034 0.994509 -0.0545561 0.130192 -0.0426493 -0.990571 -0.987459 -0.0955641 -0.125668 1.18715 1.78902 -1.6842</i>
                        <i>-0.0859348 0.993915 -0.0689037 0.123426 -0.0580063 -0.990657 -0.988626 -0.0936364 -0.11769 1.19046 1.80121 -1.68786</i>
                        <i>-0.0817667 0.992838 -0.0871008 0.113105 -0.0775851 -0.990549 -0.990213 -0.0908455 -0.105951 1.1949 1.81435 -1.69271</i>
                        <i>-0.0772231 0.991176 -0.107736 0.0986424 -0.0999333 -0.990092 -0.992122 -0.0870854 -0.0900548 1.20034 1.82829 -1.69858</i>
                        <i>-0.0727547 0.988939 -0.129253 0.0796298 -0.123422 -0.989154 -0.994166 -0.082258 -0.0697695 1.20661 1.84288 -1.70523</i>
                        <i>-0.0687761 0.986286 -0.150031 0.0559818 -0.146335 -0.98765 -0.99606 -0.0763257 -0.0451498 1.21358 1.85798 -1.71244</i>
                        <i>-0.0655915 0.983515 -0.168509 0.0280294 -0.16699 -0.98556 -0.997453 -0.0693676 -0.0166142 1.22106 1.87348 -1.71993</i>
                        <i>-0.0633322 0.981012 -0.183313 -0.00345565 -0.183896 -0.98294 -0.997986 -0.0616183 0.0150366 1.22892 1.88931 -1.72743</i>
                        <i>-0.0619277 0.979166 -0.193389 -0.0373077 -0.195897 -0.979915 -0.997383 -0.053469 0.0486619 1.23701 1.90541 -1.73469</i>
                        <i>-0.0611275 0.978272 -0.198111 -0.0720823 -0.202291 -0.976669 -0.995524 -0.045421 0.0828816 1.24521 1.92173 -1.74149</i>
                        <i>-0.06057 0.978462 -0.197343 -0.106218 -0.202901 -0.973421 -0.992496 -0.0379987 0.11622 1.25343 1.93822 -1.74763</i>
                        <i>-0.0598789 0.979677 -0.191435 -0.138217 -0.198069 -0.970394 -0.98859 -0.0316466 0.147268 1.26161 1.95483 -1.75303</i>
                        <i>-0.0587561 0.981695 -0.181169 -0.16681 -0.188586 -0.967786 -0.984237 -0.0266426 0.174837 1.26968 1.97147 -1.75762</i>
                        <i>-0.057042 0.984197 -0.167635 -0.191086 -0.175567 -0.965744 -0.979914 -0.0230551 0.198081 1.27756 1.98806 -1.76143</i>
                        <i>-0.0547309 0.98685 -0.152092 -0.21056 -0.160301 -0.964348 -0.976048 -0.0207553 0.216564 1.28518 2.00449 -1.76452</i>
                        <i>-0.0519443 0.989374 -0.135801 -0.225177 -0.144086 -0.963605 -0.972932 -0.0194746 0.230268 1.29246 2.02065 -1.76699</i>
                        <i>-0.0488791 0.991583 -0.119896 -0.235267 -0.128092 -0.963453 -0.970701 -0.0188852 0.239548 1.29928 2.03646 -1.76897</i>
                        <i>-0.045754 0.99339 -0.105279 -0.241456 -0.113262 -0.96378 -0.969333 -0.0186767 0.245042 1.30557 2.05181 -1.77055</i>
                    </KeyFrames>
                </p>
            </i>
            <i>
                <p>
                    <Name><![CDATA[spine1]]></Name>
                    <Exclude>0</Exclude>
                    <Additive>0</Additive>
                    <IKPriority>0</IKPriority>
                    <IKRotLimits>-1e+010 -1e+010 -1e+010 1e+010 1e+010 1e+010</IKRotLimits>
                    <IKRotLimitOrder>0</IKRotLimitOrder>
                    <KeyFrames count="91">
                        <i>-0.43182 0.831829 -0.3487 -0.0900491 -0.424431 -0.900971 -0.897453 -0.357657 0.258183 1.28291 2.24996 -1.7851</i>
                        <i>-0.432807 0.831853 -0.347418 -0.0914189 -0.423897 -0.901085 -0.896839 -0.358235 0.259513 1.28346 2.25062 -1.78509</i>
                        <i>-0.432813 0.832923 -0.344837 -0.0947028 -0.422415 -0.901442 -0.896496 -0.357499 0.261707 1.28456 2.25255 -1.78498</i>
                        <i>-0.432172 0.834636 -0.341483 -0.0991156 -0.420341 -0.901937 -0.896328 -0.355945 0.264385 1.28601 2.25526 -1.78481</i>
                        <i>-0.431228 0.836592 -0.337871 -0.103901 -0.418034 -0.90247 -0.89624 -0.354065 0.267191 1.2876 2.25829 -1.78461</i>
                        <i>-0.430349 0.838405 -0.33448 -0.108361 -0.415853 -0.902953 -0.896135 -0.352341 0.269812 1.28911 2.26115 -1.78443</i>
                        <i>-0.429926 0.839706 -0.33175 -0.111855 -0.414149 -0.90331 -0.895908 -0.351249 0.271979 1.29035 2.26338 -1.7843</i>
                        <i>-0.430361 0.840136 -0.330093 -0.113784 -0.413265 -0.903474 -0.895457 -0.35126 0.273447 1.29109 2.26451 -1.78426</i>
                        <i>-0.432053 0.839333 -0.329926 -0.113541 -0.413547 -0.903376 -0.894672 -0.352846 0.273973 1.29114 2.26408 -1.78435</i>
                        <i>-0.435371 0.836907 -0.331721 -0.110448 -0.415348 -0.902933 -0.89345 -0.356473 0.273265 1.29027 2.2616 -1.78459</i>
                        <i>-0.440616 0.832413 -0.336075 -0.103657 -0.419049 -0.902027 -0.891691 -0.362612 0.270925 1.28829 2.25661 -1.78504</i>
                        <i>-0.447966 0.825316 -0.343774 -0.0920293 -0.425036 -0.900486 -0.889302 -0.37175 0.266355 1.28497 2.24862 -1.78574</i>
                        <i>-0.45688 0.815535 -0.355196 -0.0753633 -0.433361 -0.898064 -0.88633 -0.383538 0.259455 1.28034 2.23763 -1.78668</i>
                        <i>-0.466347 0.803452 -0.370116 -0.0540122 -0.44348 -0.894655 -0.882951 -0.397229 0.250212 1.27467 2.22418 -1.78775</i>
                        <i>-0.475637 0.789226 -0.388448 -0.0273727 -0.454664 -0.890242 -0.879216 -0.4128 0.237858 1.26812 2.20861 -1.78876</i>
                        <i>-0.48398 0.77317 -0.409843 0.00501508 -0.465891 -0.884828 -0.875065 -0.430294 0.221605 1.26087 2.19126 -1.78945</i>
                        <i>-0.490633 0.755804 -0.433635 0.0433121 -0.475881 -0.878442 -0.870289 -0.449775 0.200748 1.2531 2.17251 -1.78945</i>
                        <i>-0.494983 0.737868 -0.458849 0.0872476 -0.483203 -0.87115 -0.864511 -0.471238 0.1748 1.24496 2.15276 -1.78839</i>
                        <i>-0.496654 0.720291 -0.484268 0.13604 -0.486448 -0.863054 -0.857221 -0.494519 0.143608 1.23657 2.13244 -1.78589</i>
                        <i>-0.49561 0.704087 -0.508559 0.188403 -0.484437 -0.854298 -0.847865 -0.519213 0.107439 1.228 2.11195 -1.78167</i>
                        <i>-0.49219 0.690205 -0.530439 0.242645 -0.476424 -0.84507 -0.835986 -0.544643 0.0670161 1.2193 2.09166 -1.77557</i>
                        <i>-0.487071 0.679357 -0.548849 0.296848 -0.462242 -0.835592 -0.821367 -0.569917 0.023479 1.2105 2.0719 -1.76764</i>
                        <i>-0.48114 0.671877 -0.563104 0.349097 -0.442367 -0.826101 -0.804136 -0.594048 -0.0217096 1.20166 2.05292 -1.75809</i>
                        <i>-0.47531 0.667655 -0.57299 0.397709 -0.417879 -0.816826 -0.784798 -0.616129 -0.0669104 1.19289 2.03495 -1.74737</i>
                        <i>-0.470329 0.666173 -0.578795 0.44141 -0.390338 -0.807956 -0.764164 -0.635492 -0.110468 1.18437 2.01822 -1.73603</i>
                        <i>-0.466647 0.666619 -0.581257 0.479435 -0.361608 -0.799614 -0.743225 -0.651812 -0.150857 1.17637 2.00299 -1.72473</i>
                        <i>-0.464355 0.668039 -0.581463 0.511524 -0.333661 -0.791842 -0.722992 -0.665128 -0.186781 1.16917 1.98958 -1.71416</i>
                        <i>-0.463231 0.669483 -0.580697 0.537838 -0.308412 -0.78461 -0.704377 -0.675777 -0.217207 1.16307 1.97838 -1.705</i>
                        <i>-0.462854 0.67011 -0.580274 0.558796 -0.287595 -0.777841 -0.688123 -0.684282 -0.24134 1.15837 1.96983 -1.69784</i>
                        <i>-0.462755 0.669223 -0.581375 0.57487 -0.272689 -0.77147 -0.67482 -0.691217 -0.258528 1.15531 1.96438 -1.69322</i>
                        <i>-0.462597 0.666273 -0.584879 0.586366 -0.26488 -0.765515 -0.664965 -0.697079 -0.268148 1.15413 1.96248 -1.69156</i>
                        <i>-0.462302 0.663217 -0.588575 0.593517 -0.26171 -0.761082 -0.658798 -0.701179 -0.272641 1.15401 1.96249 -1.69148</i>
                        <i>-0.461886 0.661964 -0.590309 0.597306 -0.259849 -0.758752 -0.655657 -0.703052 -0.275375 1.15401 1.96249 -1.69134</i>
                        <i>-0.461284 0.662002 -0.590737 0.598877 -0.258944 -0.757823 -0.654648 -0.70335 -0.277011 1.15409 1.96249 -1.69117</i>
                        <i>-0.460385 0.662818 -0.590523 0.599341 -0.258637 -0.75756 -0.654856 -0.702694 -0.278182 1.15423 1.96249 -1.69099</i>
                        <i>-0.459063 0.663899 -0.590339 0.599805 -0.258571 -0.757215 -0.655359 -0.701698 -0.279509 1.15442 1.96248 -1.69082</i>
                        <i>-0.457191 0.66473 -0.590856 0.601371 -0.258396 -0.756032 -0.655232 -0.700975 -0.281613 1.15462 1.96248 -1.69068</i>
                        <i>-0.454633 0.664801 -0.592747 0.60513 -0.257774 -0.75324 -0.653549 -0.701137 -0.285099 1.15481 1.96249 -1.6906</i>
                        <i>-0.450808 0.663649 -0.596944 0.612424 -0.256568 -0.747736 -0.649392 -0.702668 -0.290772 1.15498 1.9625 -1.69061</i>
                        <i>-0.445588 0.661587 -0.60312 0.622602 -0.255087 -0.739796 -0.643287 -0.705148 -0.298241 1.15513 1.96251 -1.6907</i>
                        <i>-0.439536 0.659262 -0.610067 0.633789 -0.253652 -0.730734 -0.63649 -0.707838 -0.306344 1.15529 1.96252 -1.69085</i>
                        <i>-0.433314 0.657307 -0.616593 0.644199 -0.252565 -0.721955 -0.630275 -0.710042 -0.313997 1.15549 1.96252 -1.69099</i>
                        <i>-0.42769 0.656334 -0.621536 0.652137 -0.252095 -0.714958 -0.625938 -0.711107 -0.320201 1.15574 1.96251 -1.69109</i>
                        <i>-0.423504 0.656946 -0.623752 0.655979 -0.252479 -0.711299 -0.624769 -0.710406 -0.324017 1.15607 1.9625 -1.69109</i>
                        <i>-0.420634 0.658847 -0.623688 0.656387 -0.253557 -0.710538 -0.626277 -0.708258 -0.325804 1.15647 1.9625 -1.69102</i>
                        <i>-0.418319 0.661286 -0.622664 0.655287 -0.254989 -0.711041 -0.628974 -0.705466 -0.326665 1.1569 1.96249 -1.69092</i>
                        <i>-0.416436 0.664174 -0.620849 0.652948 -0.256697 -0.712577 -0.632645 -0.702125 -0.326773 1.15736 1.96249 -1.69081</i>
                        <i>-0.414879 0.667438 -0.618387 0.649558 -0.258654 -0.714963 -0.637141 -0.698302 -0.32623 1.15785 1.96248 -1.69069</i>
                        <i>-0.413538 0.671 -0.615423 0.645321 -0.260823 -0.718005 -0.642298 -0.694068 -0.32515 1.15837 1.96247 -1.6906</i>
                        <i>-0.412278 0.674769 -0.612138 0.640523 -0.263132 -0.721451 -0.647886 -0.689527 -0.323722 1.1589 1.96247 -1.69053</i>
                        <i>-0.410972 0.678652 -0.608715 0.635457 -0.265516 -0.725049 -0.653679 -0.684787 -0.322135 1.15945 1.96245 -1.69048</i>
                        <i>-0.409496 0.682551 -0.60534 0.630421 -0.267918 -0.728553 -0.659456 -0.679959 -0.320583 1.16 1.96244 -1.69047</i>
                        <i>-0.407733 0.686371 -0.602203 0.625717 -0.270293 -0.731724 -0.665005 -0.675157 -0.319266 1.16056 1.96242 -1.69049</i>
                        <i>-0.405571 0.690011 -0.599498 0.621656 -0.272604 -0.734324 -0.670117 -0.670501 -0.318389 1.1611 1.96241 -1.69055</i>
                        <i>-0.402899 0.693373 -0.597416 0.618548 -0.274825 -0.736118 -0.674589 -0.666112 -0.318158 1.16164 1.96239 -1.69066</i>
                        <i>-0.398031 0.69618 -0.597415 0.619088 -0.27673 -0.734949 -0.67698 -0.662385 -0.32085 1.16215 1.96237 -1.69086</i>
                        <i>-0.390817 0.698478 -0.599492 0.623396 -0.278333 -0.73069 -0.677229 -0.659287 -0.326651 1.16264 1.96234 -1.69115</i>
                        <i>-0.383475 0.700656 -0.601688 0.627936 -0.27993 -0.726178 -0.677232 -0.656293 -0.332622 1.16311 1.96231 -1.69145</i>
                        <i>-0.378268 0.703093 -0.602141 0.629233 -0.281798 -0.724331 -0.678954 -0.652878 -0.335815 1.16357 1.96228 -1.6917</i>
                        <i>-0.374666 0.705293 -0.60182 0.627477 -0.284975 -0.724612 -0.682567 -0.649116 -0.335784 1.16402 1.96226 -1.69194</i>
                        <i>-0.371076 0.706874 -0.602189 0.62507 -0.289434 -0.724924 -0.686724 -0.645413 -0.334444 1.16445 1.96223 -1.69221</i>
                        <i>-0.368174 0.708397 -0.602181 0.621884 -0.293841 -0.725891 -0.691164 -0.641741 -0.332357 1.16485 1.96221 -1.69246</i>
                        <i>-0.366623 0.710441 -0.600717 0.617792 -0.296877 -0.728147 -0.695644 -0.638073 -0.330063 1.16523 1.96218 -1.69264</i>
                        <i>-0.367064 0.713591 -0.596701 0.612658 -0.297226 -0.73233 -0.699939 -0.634385 -0.328086 1.16559 1.96216 -1.69271</i>
                        <i>-0.370112 0.718403 -0.588994 0.606324 -0.293553 -0.739052 -0.703839 -0.630653 -0.326937 1.16592 1.96111 -1.69261</i>
                        <i>-0.37721 0.725772 -0.575298 0.59765 -0.283771 -0.749859 -0.70748 -0.626681 -0.326716 1.16624 1.95852 -1.69224</i>
                        <i>-0.388061 0.735222 -0.555749 0.586381 -0.26825 -0.764329 -0.711032 -0.622487 -0.327023 1.16654 1.95513 -1.69164</i>
                        <i>-0.400708 0.745265 -0.532929 0.573737 -0.249391 -0.780147 -0.714325 -0.618372 -0.327653 1.16682 1.95169 -1.6909</i>
                        <i>-0.413317 0.754596 -0.50966 0.561095 -0.229769 -0.795222 -0.717176 -0.614647 -0.328433 1.16706 1.94898 -1.69015</i>
                        <i>-0.42421 0.762179 -0.489008 0.549998 -0.212146 -0.807773 -0.719408 -0.611619 -0.329202 1.16725 1.94779 -1.68949</i>
                        <i>-0.431842 0.767225 -0.474213 0.542102 -0.19942 -0.816307 -0.720859 -0.609588 -0.329796 1.16737 1.94893 -1.68902</i>
                        <i>-0.434725 0.769066 -0.468563 0.539103 -0.194534 -0.819466 -0.721375 -0.608846 -0.330037 1.16741 1.95321 -1.68884</i>
                        <i>-0.43486 0.76793 -0.470299 0.536522 -0.198497 -0.820209 -0.723216 -0.609002 -0.325692 1.16827 1.96145 -1.69024</i>
                        <i>-0.435371 0.764679 -0.475098 0.52884 -0.209847 -0.82237 -0.728547 -0.609287 -0.313032 1.17075 1.97253 -1.69425</i>
                        <i>-0.436549 0.759618 -0.482084 0.515911 -0.227624 -0.825847 -0.737062 -0.609235 -0.292526 1.17468 1.98469 -1.70057</i>
                        <i>-0.438796 0.753161 -0.490109 0.497394 -0.250665 -0.830521 -0.748369 -0.608207 -0.264627 1.17988 1.99774 -1.70879</i>
                        <i>-0.44252 0.745859 -0.497866 0.47292 -0.277606 -0.836231 -0.761921 -0.6055 -0.229885 1.18614 2.0115 -1.71848</i>
                        <i>-0.448036 0.738402 -0.50401 0.442245 -0.306898 -0.842753 -0.776971 -0.600479 -0.189054 1.19324 2.02583 -1.72914</i>
                        <i>-0.455463 0.731585 -0.507284 0.4054 -0.336869 -0.849806 -0.792593 -0.592708 -0.143153 1.20093 2.0406 -1.74021</i>
                        <i>-0.464659 0.726217 -0.506656 0.362792 -0.365817 -0.857065 -0.807759 -0.582054 -0.0934854 1.20899 2.05577 -1.75116</i>
                        <i>-0.475194 0.723016 -0.501437 0.315261 -0.392147 -0.864194 -0.821463 -0.568743 -0.0415928 1.21726 2.07133 -1.76145</i>
                        <i>-0.486395 0.72248 -0.491367 0.264066 -0.414522 -0.870885 -0.83288 -0.553348 0.0108389 1.22559 2.08729 -1.77062</i>
                        <i>-0.497451 0.724804 -0.476657 0.210798 -0.432 -0.876892 -0.841491 -0.536689 0.062112 1.23393 2.10365 -1.77833</i>
                        <i>-0.507547 0.729841 -0.457961 0.15723 -0.444133 -0.882057 -0.847157 -0.51969 0.110665 1.24225 2.12039 -1.78439</i>
                        <i>-0.516002 0.737145 -0.436302 0.105139 -0.450994 -0.886313 -0.850111 -0.503211 0.155211 1.25054 2.13744 -1.78872</i>
                        <i>-0.522373 0.746064 -0.412935 0.0561136 -0.453133 -0.889675 -0.850869 -0.487914 0.19484 1.2588 2.15467 -1.79144</i>
                        <i>-0.526498 0.755861 -0.389197 0.0114129 -0.451459 -0.892219 -0.8501 -0.474193 0.229066 1.26699 2.17193 -1.79276</i>
                        <i>-0.528471 0.765837 -0.366349 -0.0281285 -0.44709 -0.894046 -0.848485 -0.462173 0.257816 1.27504 2.18906 -1.79298</i>
                        <i>-0.528586 0.775414 -0.345441 -0.0621197 -0.441181 -0.895266 -0.846604 -0.451767 0.28137 1.28282 2.20589 -1.79244</i>
                        <i>-0.527254 0.784173 -0.327223 -0.0905686 -0.434772 -0.895975 -0.844867 -0.44277 0.300257 1.29022 2.22228 -1.79146</i>
                        <i>-0.524927 0.791859 -0.312106 -0.11379 -0.428686 -0.896259 -0.843506 -0.434956 0.315135 1.29708 2.23813 -1.79032</i>
