<?xml version="1.0" encoding="ISO-8859-1" ?>
<Animl Version="1">
    <ModellingPackage><![CDATA[Maya.2010]]></ModellingPackage>
    <SrcFile><![CDATA[anims\turrets\special\blue\~src\bugspray\bugspray_fire_crewmanc.mb]]></SrcFile>
    <FramesPerSecond>30</FramesPerSecond>
    <TotalFrames>91</TotalFrames>
    <Skeleton>
        <RefFrame>
            <Name><![CDATA[soldier_ref_frame]]></Name>
            <Exclude>0</Exclude>
            <Additive>0</Additive>
            <IKPriority>0</IKPriority>
            <IKRotLimits>-1e+010 -1e+010 -1e+010 1e+010 1e+010 1e+010</IKRotLimits>
            <IKRotLimitOrder>0</IKRotLimitOrder>
            <KeyFrames count="91">
                <i>1 0 0 0 1 0 0 0 1 -0.95 0.9 1.65</i>
                <i>1 0 0 0 1 0 0 0 1 -0.95 0.9 1.65</i>
                <i>1 0 0 0 1 0 0 0 1 -0.95 0.9 1.65</i>
                <i>1 0 0 0 1 0 0 0 1 -0.95 0.9 1.65</i>
                <i>1 0 0 0 1 0 0 0 1 -0.95 0.9 1.65</i>
                <i>1 0 0 0 1 0 0 0 1 -0.95 0.9 1.65</i>
                <i>1 0 0 0 1 0 0 0 1 -0.95 0.9 1.65</i>
                <i>1 0 0 0 1 0 0 0 1 -0.95 0.9 1.65</i>
                <i>1 0 0 0 1 0 0 0 1 -0.95 0.9 1.65</i>
                <i>1 0 0 0 1 0 0 0 1 -0.95 0.9 1.65</i>
                <i>1 0 0 0 1 0 0 0 1 -0.95 0.9 1.65</i>
                <i>1 0 0 0 1 0 0 0 1 -0.95 0.9 1.65</i>
                <i>1 0 0 0 1 0 0 0 1 -0.95 0.9 1.65</i>
                <i>1 0 0 0 1 0 0 0 1 -0.95 0.9 1.65</i>
                <i>1 0 0 0 1 0 0 0 1 -0.95 0.9 1.65</i>
                <i>1 0 0 0 1 0 0 0 1 -0.95 0.9 1.65</i>
                <i>1 0 0 0 1 0 0 0 1 -0.95 0.9 1.65</i>
                <i>1 0 0 0 1 0 0 0 1 -0.95 0.9 1.65</i>
                <i>1 0 0 0 1 0 0 0 1 -0.95 0.9 1.65</i>
                <i>1 0 0 0 1 0 0 0 1 -0.95 0.9 1.65</i>
                <i>1 0 0 0 1 0 0 0 1 -0.95 0.9 1.65</i>
                <i>1 0 0 0 1 0 0 0 1 -0.95 0.9 1.65</i>
                <i>1 0 0 0 1 0 0 0 1 -0.95 0.9 1.65</i>
                <i>1 0 0 0 1 0 0 0 1 -0.95 0.9 1.65</i>
                <i>1 0 0 0 1 0 0 0 1 -0.95 0.9 1.65</i>
                <i>1 0 0 0 1 0 0 0 1 -0.95 0.9 1.65</i>
                <i>1 0 0 0 1 0 0 0 1 -0.95 0.9 1.65</i>
                <i>1 0 0 0 1 0 0 0 1 -0.95 0.9 1.65</i>
                <i>1 0 0 0 1 0 0 0 1 -0.95 0.9 1.65</i>
                <i>1 0 0 0 1 0 0 0 1 -0.95 0.9 1.65</i>
                <i>1 0 0 0 1 0 0 0 1 -0.95 0.9 1.65</i>
                <i>1 0 0 0 1 0 0 0 1 -0.95 0.9 1.65</i>
                <i>1 0 0 0 1 0 0 0 1 -0.95 0.9 1.65</i>
                <i>1 0 0 0 1 0 0 0 1 -0.95 0.9 1.65</i>
                <i>1 0 0 0 1 0 0 0 1 -0.95 0.9 1.65</i>
                <i>1 0 0 0 1 0 0 0 1 -0.95 0.9 1.65</i>
                <i>1 0 0 0 1 0 0 0 1 -0.95 0.9 1.65</i>
                <i>1 0 0 0 1 0 0 0 1 -0.95 0.9 1.65</i>
                <i>1 0 0 0 1 0 0 0 1 -0.95 0.9 1.65</i>
                <i>1 0 0 0 1 0 0 0 1 -0.95 0.9 1.65</i>
                <i>1 0 0 0 1 0 0 0 1 -0.95 0.9 1.65</i>
                <i>1 0 0 0 1 0 0 0 1 -0.95 0.9 1.65</i>
                <i>1 0 0 0 1 0 0 0 1 -0.95 0.9 1.65</i>
                <i>1 0 0 0 1 0 0 0 1 -0.95 0.9 1.65</i>
                <i>1 0 0 0 1 0 0 0 1 -0.95 0.9 1.65</i>
                <i>1 0 0 0 1 0 0 0 1 -0.95 0.9 1.65</i>
                <i>1 0 0 0 1 0 0 0 1 -0.95 0.9 1.65</i>
                <i>1 0 0 0 1 0 0 0 1 -0.95 0.9 1.65</i>
                <i>1 0 0 0 1 0 0 0 1 -0.95 0.9 1.65</i>
                <i>1 0 0 0 1 0 0 0 1 -0.95 0.9 1.65</i>
                <i>1 0 0 0 1 0 0 0 1 -0.95 0.9 1.65</i>
                <i>1 0 0 0 1 0 0 0 1 -0.95 0.9 1.65</i>
                <i>1 0 0 0 1 0 0 0 1 -0.95 0.9 1.65</i>
                <i>1 0 0 0 1 0 0 0 1 -0.95 0.9 1.65</i>
                <i>1 0 0 0 1 0 0 0 1 -0.95 0.9 1.65</i>
                <i>1 0 0 0 1 0 0 0 1 -0.95 0.9 1.65</i>
                <i>1 0 0 0 1 0 0 0 1 -0.95 0.9 1.65</i>
                <i>1 0 0 0 1 0 0 0 1 -0.95 0.9 1.65</i>
                <i>1 0 0 0 1 0 0 0 1 -0.95 0.9 1.65</i>
                <i>1 0 0 0 1 0 0 0 1 -0.95 0.9 1.65</i>
                <i>1 0 0 0 1 0 0 0 1 -0.95 0.9 1.65</i>
                <i>1 0 0 0 1 0 0 0 1 -0.95 0.9 1.65</i>
                <i>1 0 0 0 1 0 0 0 1 -0.95 0.9 1.65</i>
                <i>1 0 0 0 1 0 0 0 1 -0.95 0.9 1.65</i>
                <i>1 0 0 0 1 0 0 0 1 -0.95 0.9 1.65</i>
                <i>1 0 0 0 1 0 0 0 1 -0.95 0.9 1.65</i>
                <i>1 0 0 0 1 0 0 0 1 -0.95 0.9 1.65</i>
                <i>1 0 0 0 1 0 0 0 1 -0.95 0.9 1.65</i>
                <i>1 0 0 0 1 0 0 0 1 -0.95 0.9 1.65</i>
                <i>1 0 0 0 1 0 0 0 1 -0.95 0.9 1.65</i>
                <i>1 0 0 0 1 0 0 0 1 -0.95 0.9 1.65</i>
                <i>1 0 0 0 1 0 0 0 1 -0.95 0.9 1.65</i>
                <i>1 0 0 0 1 0 0 0 1 -0.95 0.9 1.65</i>
                <i>1 0 0 0 1 0 0 0 1 -0.95 0.9 1.65</i>
                <i>1 0 0 0 1 0 0 0 1 -0.95 0.9 1.65</i>
                <i>1 0 0 0 1 0 0 0 1 -0.95 0.9 1.65</i>
                <i>1 0 0 0 1 0 0 0 1 -0.95 0.9 1.65</i>
                <i>1 0 0 0 1 0 0 0 1 -0.95 0.9 1.65</i>
                <i>1 0 0 0 1 0 0 0 1 -0.95 0.9 1.65</i>
                <i>1 0 0 0 1 0 0 0 1 -0.95 0.9 1.65</i>
                <i>1 0 0 0 1 0 0 0 1 -0.95 0.9 1.65</i>
                <i>1 0 0 0 1 0 0 0 1 -0.95 0.9 1.65</i>
                <i>1 0 0 0 1 0 0 0 1 -0.95 0.9 1.65</i>
                <i>1 0 0 0 1 0 0 0 1 -0.95 0.9 1.65</i>
                <i>1 0 0 0 1 0 0 0 1 -0.95 0.9 1.65</i>
                <i>1 0 0 0 1 0 0 0 1 -0.95 0.9 1.65</i>
                <i>1 0 0 0 1 0 0 0 1 -0.95 0.9 1.65</i>
                <i>1 0 0 0 1 0 0 0 1 -0.95 0.9 1.65</i>
                <i>1 0 0 0 1 0 0 0 1 -0.95 0.9 1.65</i>
                <i>1 0 0 0 1 0 0 0 1 -0.95 0.9 1.65</i>
                <i>1 0 0 0 1 0 0 0 1 -0.95 0.9 1.65</i>
            </KeyFrames>
        </RefFrame>
        <Bones count="23">
            <i>
                <p>
                    <Name><![CDATA[pelvis]]></Name>
                    <Exclude>0</Exclude>
                    <Additive>0</Additive>
                    <IKPriority>0</IKPriority>
                    <IKRotLimits>-1e+010 -1e+010 -1e+010 1e+010 1e+010 1e+010</IKRotLimits>
                    <IKRotLimitOrder>2</IKRotLimitOrder>
                    <KeyFrames count="91">
                        <i>1 0 0 0 1 0 0 0 1 -0.974791 2.0655 1.70741</i>
                        <i>1 0 0 0 1 0 0 0 1 -0.964077 2.06673 1.6999</i>
                        <i>1 0 0 0 1 0 0 0 1 -0.952825 2.068 1.69201</i>
                        <i>1 0 0 0 1 0 0 0 1 -0.941237 2.06929 1.68389</i>
                        <i>1 0 0 0 1 0 0 0 1 -0.929513 2.07058 1.67567</i>
                        <i>1 0 0 0 1 0 0 0 1 -0.917857 2.07185 1.6675</i>
                        <i>1 0 0 0 1 0 0 0 1 -0.906471 2.07308 1.65952</i>
                        <i>1 0 0 0 1 0 0 0 1 -0.895555 2.07426 1.65186</i>
                        <i>1 0 0 0 1 0 0 0 1 -0.885313 2.07536 1.64468</i>
                        <i>1 0 0 0 1 0 0 0 1 -0.875946 2.07637 1.63812</i>
                        <i>1 0 0 0 1 0 0 0 1 -0.867656 2.07727 1.6323</i>
                        <i>1 0 0 0 1 0 0 0 1 -0.860645 2.07803 1.62739</i>
                        <i>1 0 0 0 1 0 0 0 1 -0.855577 2.07859 1.62384</i>
                        <i>1 0 0 0 1 0 0 0 1 -0.852674 2.0789 1.6218</i>
                        <i>1 0 0 0 1 0 0 0 1 -0.851477 2.07904 1.62096</i>
                        <i>1 0 0 0 1 0 0 0 1 -0.851527 2.07903 1.621</i>
                        <i>1 0 0 0 1 0 0 0 1 -0.852365 2.07894 1.62158</i>
                        <i>1 0 0 0 1 0 0 0 1 -0.853532 2.07881 1.6224</i>
                        <i>1 0 0 0 1 0 0 0 1 -0.854569 2.0787 1.62313</i>
                        <i>1 0 0 0 1 0 0 0 1 -0.855017 2.07865 1.62344</i>
                        <i>1 0 0 0 1 0 0 0 1 -0.855329 2.07548 1.62366</i>
                        <i>1 0 0 0 1 0 0 0 1 -0.856133 2.06732 1.62423</i>
                        <i>1 0 0 0 1 0 0 0 1 -0.857232 2.05615 1.625</i>
                        <i>1 0 0 0 1 0 0 0 1 -0.85843 2.04398 1.62584</i>
                        <i>1 0 0 0 1 0 0 0 1 -0.859529 2.03282 1.62661</i>
                        <i>1 0 0 0 1 0 0 0 1 -0.860333 2.02465 1.62717</i>
                        <i>1 0 0 0 1 0 0 0 1 -0.860645 2.02149 1.62739</i>
                        <i>1 0 0 0 1 0 0 0 1 -0.860226 2.02724 1.63912</i>
                        <i>1 0 0 0 1 0 0 0 1 -0.859075 2.0431 1.67176</i>
                        <i>1 0 0 0 1 0 0 0 1 -0.857349 2.06698 1.72151</i>
                        <i>1 0 0 0 1 0 0 0 1 -0.855205 2.09676 1.78455</i>
                        <i>1 0 0 0 1 0 0 0 1 -0.852796 2.13034 1.85707</i>
                        <i>1 0 0 0 1 0 0 0 1 -0.850268 2.16562 1.93525</i>
                        <i>1 0 0 0 1 0 0 0 1 -0.847764 2.20048 2.01527</i>
                        <i>1 0 0 0 1 0 0 0 1 -0.845426 2.23282 2.09328</i>
                        <i>1 0 0 0 1 0 0 0 1 -0.8434 2.26053 2.16543</i>
                        <i>1 0 0 0 1 0 0 0 1 -0.841841 2.28151 2.22787</i>
                        <i>1 0 0 0 1 0 0 0 1 -0.840906 2.29366 2.27672</i>
                        <i>1 0 0 0 1 0 0 0 1 -0.840358 2.30037 2.3113</i>
                        <i>1 0 0 0 1 0 0 0 1 -0.839852 2.30642 2.3349</i>
                        <i>1 0 0 0 1 0 0 0 1 -0.839387 2.31182 2.34957</i>
                        <i>1 0 0 0 1 0 0 0 1 -0.83896 2.31663 2.35739</i>
                        <i>1 0 0 0 1 0 0 0 1 -0.838572 2.32087 2.36041</i>
                        <i>1 0 0 0 1 0 0 0 1 -0.838221 2.32457 2.36072</i>
                        <i>1 0 0 0 1 0 0 0 1 -0.837905 2.32777 2.36036</i>
                        <i>1 0 0 0 1 0 0 0 1 -0.837624 2.33048 2.36037</i>
                        <i>1 0 0 0 1 0 0 0 1 -0.837374 2.33273 2.36037</i>
                        <i>1 0 0 0 1 0 0 0 1 -0.837154 2.33456 2.36038</i>
                        <i>1 0 0 0 1 0 0 0 1 -0.836963 2.33599 2.36038</i>
                        <i>1 0 0 0 1 0 0 0 1 -0.836799 2.33705 2.36037</i>
                        <i>1 0 0 0 1 0 0 0 1 -0.83666 2.33777 2.36037</i>
                        <i>1 0 0 0 1 0 0 0 1 -0.836544 2.33818 2.36037</i>
                        <i>1 0 0 0 1 0 0 0 1 -0.83645 2.33831 2.36036</i>
                        <i>1 0 0 0 1 0 0 0 1 -0.836375 2.33818 2.36035</i>
                        <i>1 0 0 0 1 0 0 0 1 -0.836318 2.33784 2.36034</i>
                        <i>1 0 0 0 1 0 0 0 1 -0.836278 2.33731 2.36034</i>
                        <i>1 0 0 0 1 0 0 0 1 -0.836252 2.33661 2.36033</i>
                        <i>1 0 0 0 1 0 0 0 1 -0.836239 2.33578 2.36032</i>
                        <i>1 0 0 0 1 0 0 0 1 -0.836237 2.33484 2.36031</i>
                        <i>1 0 0 0 1 0 0 0 1 -0.836244 2.33384 2.3603</i>
                        <i>1 0 0 0 1 0 0 0 1 -0.836259 2.33279 2.36029</i>
                        <i>1 0 0 0 1 0 0 0 1 -0.83628 2.33172 2.36028</i>
                        <i>1 0 0 0 1 0 0 0 1 -0.836304 2.33067 2.36027</i>
                        <i>1 0 0 0 1 0 0 0 1 -0.836331 2.32966 2.36026</i>
                        <i>1 0 0 0 1 0 0 0 1 -0.836359 2.32873 2.36025</i>
                        <i>1 0 0 0 1 0 0 0 1 -0.836385 2.3279 2.36024</i>
                        <i>1 0 0 0 1 0 0 0 1 -0.836409 2.3272 2.36024</i>
                        <i>1 0 0 0 1 0 0 0 1 -0.836428 2.32667 2.36023</i>
                        <i>1 0 0 0 1 0 0 0 1 -0.836441 2.32632 2.36023</i>
                        <i>1 0 0 0 1 0 0 0 1 -0.836445 2.3262 2.36023</i>
                        <i>1 0 0 0 1 0 0 0 1 -0.837059 2.32408 2.35733</i>
                        <i>1 0 0 0 1 0 0 0 1 -0.83884 2.31804 2.34892</i>
                        <i>1 0 0 0 1 0 0 0 1 -0.841698 2.30855 2.33542</i>
                        <i>1 0 0 0 1 0 0 0 1 -0.845543 2.29609 2.31725</i>
                        <i>1 0 0 0 1 0 0 0 1 -0.850286 2.28112 2.29485</i>
                        <i>1 0 0 0 1 0 0 0 1 -0.855836 2.26414 2.26864</i>
                        <i>1 0 0 0 1 0 0 0 1 -0.862103 2.24561 2.23904</i>
                        <i>1 0 0 0 1 0 0 0 1 -0.868997 2.226 2.20648</i>
                        <i>1 0 0 0 1 0 0 0 1 -0.876428 2.2058 2.1714</i>
                        <i>1 0 0 0 1 0 0 0 1 -0.884305 2.18547 2.1342</i>
                        <i>1 0 0 0 1 0 0 0 1 -0.892539 2.1655 2.09533</i>
                        <i>1 0 0 0 1 0 0 0 1 -0.90104 2.14637 2.0552</i>
                        <i>1 0 0 0 1 0 0 0 1 -0.909719 2.12854 2.01424</i>
                        <i>1 0 0 0 1 0 0 0 1 -0.918485 2.11251 1.97287</i>
                        <i>1 0 0 0 1 0 0 0 1 -0.927249 2.09874 1.93153</i>
                        <i>1 0 0 0 1 0 0 0 1 -0.935922 2.08838 1.89062</i>
                        <i>1 0 0 0 1 0 0 0 1 -0.944414 2.08148 1.85057</i>
                        <i>1 0 0 0 1 0 0 0 1 -0.952636 2.07689 1.81181</i>
                        <i>1 0 0 0 1 0 0 0 1 -0.960499 2.07347 1.77475</i>
                        <i>1 0 0 0 1 0 0 0 1 -0.967914 2.07006 1.73981</i>
                        <i>1 0 0 0 1 0 0 0 1 -0.974791 2.0655 1.70741</i>
                    </KeyFrames>
                </p>
            </i>
            <i>
                <p>
                    <Name><![CDATA[spine0]]></Name>
                    <Exclude>0</Exclude>
                    <Additive>0</Additive>
                    <IKPriority>0</IKPriority>
                    <IKRotLimits>-1e+010 -1e+010 -1e+010 1e+010 1e+010 1e+010</IKRotLimits>
                    <IKRotLimitOrder>0</IKRotLimitOrder>
                    <KeyFrames count="91">
                        <i>0.0020877 0.967299 0.253629 -0.999998 0.00200326 0.000591187 6.377e-005 -0.25363 0.967301 -0.974791 2.20917 1.69987</i>
                        <i>-0.00193724 0.966942 0.25499 -0.998844 0.0103756 -0.0469337 -0.0480279 -0.254786 0.965804 -0.961993 2.2104 1.69276</i>
                        <i>-0.00627286 0.966613 0.256163 -0.995129 0.0191694 -0.0967029 -0.0983848 -0.255522 0.961784 -0.948596 2.21165 1.6854</i>
                        <i>-0.0108722 0.96633 0.257077 -0.988634 0.0281647 -0.14768 -0.149948 -0.25576 0.95504 -0.934853 2.21289 1.67793</i>
                        <i>-0.0156783 0.966105 0.257674 -0.979331 0.0371365 -0.198825 -0.201655 -0.255465 0.945554 -0.921016 2.21409 1.67048</i>
                        <i>-0.0206212 0.965947 0.257916 -0.967386 0.0458658 -0.249122 -0.252468 -0.254642 0.933497 -0.907332 2.21526 1.66317</i>
                        <i>-0.0256153 0.965862 0.257789 -0.953155 0.05415 -0.297595 -0.301395 -0.253336 0.919229 -0.894041 2.21637 1.65613</i>
                        <i>-0.0305594 0.965848 0.257301 -0.937176 0.0618127 -0.343337 -0.347516 -0.251629 0.90328 -0.88138 2.2174 1.64946</i>
                        <i>-0.0353377 0.9659 0.256492 -0.920138 0.0687097 -0.385518 -0.389996 -0.249631 0.886334 -0.869574 2.21835 1.64327</i>
                        <i>-0.0398236 0.966008 0.255428 -0.902857 0.0747322 -0.423396 -0.428092 -0.247476 0.869191 -0.858845 2.21921 1.63766</i>
                        <i>-0.0438835 0.966154 0.254204 -0.886236 0.0798055 -0.456309 -0.461151 -0.245309 0.852738 -0.849405 2.21996 1.63274</i>
                        <i>-0.0473821 0.966321 0.252938 -0.871223 0.0838825 -0.483667 -0.488595 -0.243283 0.837907 -0.841465 2.2206 1.6286</i>
                        <i>-0.0499173 0.966466 0.251897 -0.859837 0.0867293 -0.503149 -0.508123 -0.241706 0.826674 -0.83575 2.22106 1.62563</i>
                        <i>-0.0513305 0.966553 0.251276 -0.853119 0.0883655 -0.514179 -0.519185 -0.240762 0.820049 -0.832486 2.22133 1.62393</i>
                        <i>-0.0518609 0.966587 0.251038 -0.850312 0.0890886 -0.518684 -0.523718 -0.24036 0.81728 -0.831142 2.22144 1.62323</i>
                        <i>-0.0517541 0.966579 0.251091 -0.850436 0.089149 -0.518469 -0.523526 -0.24037 0.8174 -0.831198 2.22143 1.62326</i>
                        <i>-0.0512588 0.966546 0.251319 -0.852413 0.0887749 -0.515277 -0.52035 -0.24064 0.819346 -0.832139 2.22136 1.62375</i>
                        <i>-0.0506254 0.966506 0.251602 -0.855142 0.0881895 -0.510837 -0.515916 -0.241017 0.822035 -0.83345 2.22125 1.62443</i>
                        <i>-0.0501047 0.966474 0.251828 -0.857544 0.0876207 -0.506894 -0.511965 -0.241351 0.824404 -0.834616 2.22116 1.62504</i>
                        <i>-0.0499466 0.966465 0.251893 -0.85857 0.0873034 -0.505209 -0.510258 -0.241501 0.825418 -0.835119 2.22111 1.6253</i>
                        <i>-0.047859 0.966327 0.252826 -0.863258 0.0873191 -0.497153 -0.502489 -0.242048 0.830011 -0.835456 2.21795 1.6254</i>
                        <i>-0.0422537 0.965959 0.255222 -0.875013 0.0875236 -0.476122 -0.482253 -0.24344 0.841528 -0.83633 2.2098 1.62566</i>
                        <i>-0.0344326 0.965453 0.258292 -0.890265 0.0878093 -0.446897 -0.454139 -0.245336 0.856486 -0.83754 2.19865 1.62602</i>
                        <i>-0.0280142 0.964643 0.262068 -0.905711 0.0864385 -0.414988 -0.422968 -0.248983 0.871266 -0.838875 2.18651 1.62641</i>
                        <i>-0.0253797 0.963286 0.267274 -0.918801 0.0828705 -0.385923 -0.393903 -0.255366 0.882966 -0.840118 2.17536 1.62678</i>
                        <i>-0.0258694 0.96136 0.274076 -0.927736 0.0790291 -0.364773 -0.372338 -0.263706 0.889844 -0.841036 2.16721 1.62705</i>
                        <i>-0.0291708 0.959075 0.281647 -0.931029 0.0764741 -0.356842 -0.363777 -0.272631 0.890696 -0.841395 2.16405 1.62715</i>
                        <i>-0.0330342 0.953917 0.298248 -0.934164 0.0766173 -0.348522 -0.355312 -0.290126 0.888584 -0.84066 2.16976 1.63974</i>
                        <i>-0.0342951 0.943397 0.329887 -0.94259 0.0791811 -0.32443 -0.332187 -0.322075 0.886521 -0.838596 2.18547 1.67475</i>
                        <i>-0.0321161 0.927993 0.371211 -0.954357 0.0818673 -0.287228 -0.296936 -0.363493 0.883007 -0.835368 2.209 1.72801</i>
                        <i>-0.025738 0.907206 0.419899 -0.967358 0.0833253 -0.239322 -0.252103 -0.412352 0.875448 -0.831133 2.23818 1.79534</i>
                        <i>-0.0142527 0.88003 0.474705 -0.979551 0.0829987 -0.183277 -0.200689 -0.46761 0.860851 -0.826085 2.27085 1.87257</i>
                        <i>0.00265537 0.846818 0.531877 -0.989236 0.0800419 -0.122498 -0.146306 -0.525826 0.837915 -0.820485 2.30489 1.95558</i>
                        <i>0.0241926 0.808621 0.587832 -0.99538 0.0741356 -0.0610153 -0.0929176 -0.58364 0.806679 -0.814665 2.33823 2.04031</i>
                        <i>0.0483949 0.767189 0.639592 -0.997837 0.0656548 -0.00325116 -0.0444865 -0.638052 0.768707 -0.809016 2.36882 2.12283</i>
                        <i>0.0723561 0.725085 0.684848 -0.997368 0.0557464 0.046353 -0.0045679 -0.6864 0.72721 -0.803975 2.39467 2.19929</i>
                        <i>0.0924817 0.685588 0.722091 -0.995425 0.0461723 0.0836506 0.0240092 -0.726524 0.686722 -0.800011 2.41378 2.26593</i>
                        <i>0.104856 0.652336 0.750642 -0.993715 0.0389912 0.104926 0.0391784 -0.756927 0.652324 -0.797633 2.42418 2.31901</i>
                        <i>0.112515 0.625381 0.772165 -0.992562 0.0343845 0.116782 0.0464825 -0.779561 0.624599 -0.796267 2.42923 2.35764</i>
                        <i>0.119601 0.601089 0.790182 -0.991422 0.0300637 0.127191 0.0526975 -0.798616 0.599529 -0.79498 2.43369 2.38474</i>
                        <i>0.124269 0.57739 0.806956 -0.990557 0.0247195 0.134856 0.0579171 -0.816094 0.575009 -0.793788 2.43766 2.40233</i>
                        <i>0.126148 0.553173 0.82346 -0.990063 0.0182022 0.139443 0.0621472 -0.832868 0.549972 -0.792702 2.44124 2.41242</i>
                        <i>0.126329 0.530857 0.837993 -0.989812 0.0115243 0.141916 0.0656796 -0.847383 0.526904 -0.791734 2.44455 2.41702</i>
                        <i>0.125289 0.513649 0.848803 -0.989718 0.00520875 0.142937 0.0689983 -0.857984 0.509021 -0.790893 2.44768 2.41816</i>
                        <i>0.123476 0.504968 0.854261 -0.989691 -0.000280123 0.143216 0.072559 -0.863138 0.499728 -0.790188 2.45072 2.41783</i>
                        <i>0.121174 0.502205 0.856216 -0.989706 -0.00504169 0.143023 0.076144 -0.864734 0.496425 -0.789606 2.45348 2.41748</i>
                        <i>0.118651 0.500335 0.857664 -0.989772 -0.00930853 0.142357 0.0792099 -0.865782 0.494113 -0.789125 2.45576 2.41723</i>
                        <i>0.116325 0.49919 0.858649 -0.989847 -0.0128243 0.141554 0.0816741 -0.866398 0.49263 -0.788737 2.4576 2.41705</i>
                        <i>0.114626 0.498597 0.859222 -0.989897 -0.0153321 0.140956 0.0834542 -0.866698 0.491802 -0.788435 2.45903 2.41696</i>
                        <i>0.113989 0.498378 0.859433 -0.989884 -0.0165793 0.140905 0.0844729 -0.866801 0.491447 -0.788212 2.46008 2.41694</i>
                        <i>0.114842 0.498349 0.859337 -0.98977 -0.0163215 0.141738 0.0846608 -0.866823 0.491377 -0.788061 2.46077 2.41698</i>
                        <i>0.116775 0.498388 0.859054 -0.989587 -0.0148981 0.143162 0.0841484 -0.866826 0.491459 -0.787977 2.46114 2.41708</i>
                        <i>0.119061 0.49849 0.858681 -0.989399 -0.0128608 0.144652 0.0831506 -0.8668 0.491674 -0.787953 2.46123 2.41724</i>
                        <i>0.121648 0.498643 0.858229 -0.989203 -0.0102926 0.146193 0.0817315 -0.866746 0.492007 -0.787982 2.46105 2.41744</i>
                        <i>0.124486 0.498837 0.857709 -0.988995 -0.00727623 0.147772 0.0799548 -0.866666 0.492441 -0.78806 2.46064 2.41768</i>
                        <i>0.127521 0.499059 0.857134 -0.988773 -0.00389411 0.149373 0.0778836 -0.866559 0.49296 -0.78818 2.46004 2.41795</i>
                        <i>0.130703 0.499301 0.856513 -0.988536 -0.000226837 0.150982 0.0755799 -0.866429 0.493547 -0.788337 2.45927 2.41825</i>
                        <i>0.133986 0.499551 0.85586 -0.988283 0.00364708 0.152588 0.073104 -0.866277 0.494186 -0.788523 2.45836 2.41857</i>
                        <i>0.137322 0.4998 0.855186 -0.988013 0.0076519 0.154178 0.0705145 -0.866107 0.49486 -0.788733 2.45735 2.4189</i>
                        <i>0.140668 0.50004 0.854501 -0.987728 0.0117149 0.155744 0.067868 -0.865923 0.495552 -0.788961 2.45626 2.41923</i>
                        <i>0.143984 0.500266 0.853816 -0.987429 0.0157668 0.157278 0.0652187 -0.865728 0.496247 -0.789199 2.45513 2.41956</i>
                        <i>0.147232 0.500471 0.853142 -0.987118 0.0197412 0.158773 0.0626191 -0.865528 0.496931 -0.789442 2.45398 2.41989</i>
                        <i>0.150378 0.500652 0.852487 -0.986799 0.0235752 0.160225 0.0601193 -0.865327 0.497588 -0.789683 2.45286 2.4202</i>
                        <i>0.153387 0.500806 0.85186 -0.986476 0.0272085 0.161631 0.0577679 -0.865132 0.498207 -0.789914 2.45178 2.42048</i>
                        <i>0.156231 0.500932 0.851269 -0.986154 0.0305832 0.162989 0.055612 -0.864946 0.498774 -0.79013 2.45079 2.42075</i>
                        <i>0.158879 0.501028 0.850722 -0.985837 0.0336434 0.164299 0.0536972 -0.864777 0.499277 -0.790322 2.44991 2.42097</i>
                        <i>0.160924 0.500766 0.850492 -0.985592 0.0360612 0.165254 0.0520838 -0.864831 0.499353 -0.790483 2.44916 2.42116</i>
                        <i>0.162156 0.500007 0.850705 -0.985455 0.0376541 0.16571 0.0508237 -0.865203 0.49884 -0.790608 2.4486 2.4213</i>
                        <i>0.162828 0.499052 0.851137 -0.985389 0.0385722 0.165895 0.0499602 -0.865713 0.498041 -0.790687 2.44823 2.42139</i>
                        <i>0.163112 0.498228 0.851566 -0.985362 0.0389076 0.165976 0.0495614 -0.866173 0.497281 -0.790715 2.4481 2.42142</i>
                        <i>0.162416 0.500786 0.850197 -0.985489 0.0392688 0.165131 0.0493093 -0.86468 0.499897 -0.791506 2.44617 2.41828</i>
                        <i>0.162264 0.507776 0.84607 -0.985572 0.0415627 0.164075 0.0481483 -0.860486 0.507194 -0.793804 2.44067 2.40917</i>
                        <i>0.164117 0.51751 0.839791 -0.985384 0.0466155 0.163843 0.0456435 -0.854406 0.517597 -0.797496 2.43204 2.39452</i>
                        <i>0.16692 0.530326 0.831199 -0.985067 0.0536099 0.163615 0.0422086 -0.846097 0.531355 -0.802476 2.42071 2.3748</i>
                        <i>0.169631 0.546519 0.820087 -0.984765 0.0616885 0.162583 0.0382648 -0.835172 0.548656 -0.808635 2.40711 2.35043</i>
                        <i>0.171245 0.566351 0.806177 -0.984633 0.0699435 0.160016 0.0342381 -0.821191 0.569626 -0.815866 2.39167 2.32188</i>
                        <i>0.170809 0.590042 0.789097 -0.984831 0.0774141 0.155292 0.0305415 -0.803653 0.594314 -0.82406 2.37482 2.28957</i>
                        <i>0.167422 0.617742 0.768352 -0.9855 0.0830907 0.147935 0.0275427 -0.781979 0.622696 -0.833108 2.35698 2.25396</i>
                        <i>0.160238 0.64948 0.743303 -0.986749 0.0859314 0.137634 0.0255174 -0.755507 0.654643 -0.842898 2.33857 2.21549</i>
                        <i>0.150004 0.683873 0.714014 -0.988391 0.0861074 0.125174 0.024121 -0.724502 0.688851 -0.853316 2.32002 2.17461</i>
                        <i>0.138207 0.718994 0.681136 -0.990141 0.0844696 0.111741 0.0228058 -0.689864 0.72358 -0.864247 2.30176 2.13178</i>
                        <i>0.125156 0.753962 0.644885 -0.991905 0.0810372 0.0977601 0.0214477 -0.6519 0.758001 -0.875571 2.28423 2.08746</i>
                        <i>0.11117 0.78797 0.605595 -0.993601 0.0758981 0.0836425 0.0199443 -0.611018 0.791365 -0.887168 2.26786 2.04212</i>
                        <i>0.0965701 0.820306 0.563713 -0.995159 0.0692077 0.0697716 0.0182208 -0.567722 0.823019 -0.898914 2.25311 1.99623</i>
                        <i>0.0816739 0.850378 0.519795 -0.996527 0.0611822 0.0564881 0.016234 -0.522604 0.852421 -0.910685 2.24041 1.95026</i>
                        <i>0.0667906 0.877725 0.474488 -0.997669 0.0520897 0.0440781 0.0139726 -0.476326 0.879158 -0.922355 2.23091 1.9047</i>
                        <i>0.0522143 0.902029 0.428507 -0.99857 0.0422377 0.0327651 0.0114559 -0.429605 0.902944 -0.933799 2.22464 1.86002</i>
                        <i>0.0382193 0.923114 0.382623 -0.999231 0.0319599 0.0227045 0.00873023 -0.383197 0.923625 -0.944889 2.22046 1.81672</i>
                        <i>0.0250554 0.940942 0.337639 -0.999669 0.0216015 0.0139835 0.00586421 -0.337877 0.941172 -0.955501 2.21724 1.77527</i>
                        <i>0.0129463 0.955604 0.294368 -0.999912 0.011506 0.00662431 0.00294321 -0.294428 0.955669 -0.965509 2.21385 1.73616</i>
                        <i>0.0020877 0.967299 0.253629 -0.999998 0.00200326 0.000591187 6.377e-005 -0.25363 0.967301 -0.974791 2.20917 1.69987</i>
                    </KeyFrames>
                </p>
            </i>
            <i>
                <p>
                    <Name><![CDATA[spine1]]></Name>
                    <Exclude>0</Exclude>
                    <Additive>0</Additive>
                    <IKPriority>0</IKPriority>
                    <IKRotLimits>-1e+010 -1e+010 -1e+010 1e+010 1e+010 1e+010</IKRotLimits>
                    <IKRotLimitOrder>0</IKRotLimitOrder>
                    <KeyFrames count="91">
                        <i>-0.00610277 0.953588 0.301053 -0.994854 0.0246583 -0.0982726 -0.101135 -0.300103 0.94853 -0.974433 2.37503 1.74336</i>
                        <i>-0.0211725 0.954506 0.29744 -0.98154 0.0367179 -0.187699 -0.190081 -0.295923 0.936108 -0.962325 2.3762 1.73648</i>
                        <i>-0.0361884 0.955626 0.292351 -0.958657 0.0494287 -0.280237 -0.282253 -0.290406 0.914329 -0.949671 2.37741 1.72933</i>
                        <i>-0.0506945 0.956949 0.285795 -0.925749 0.0623447 -0.372963 -0.374724 -0.283482 0.882734 -0.936718 2.37862 1.72202</i>
                        <i>-0.0642964 0.958451 0.277916 -0.883169 0.0750122 -0.463018 -0.464627 -0.275217 0.841651 -0.923705 2.37982 1.71468</i>
                        <i>-0.0766861 0.960091 0.268971 -0.832072 0.0870067 -0.547801 -0.549341 -0.265812 0.792192 -0.910869 2.38099 1.70743</i>
                        <i>-0.0876567 0.961811 0.2593 -0.774336 0.0979654 -0.625145 -0.626674 -0.255583 0.736177 -0.898437 2.38213 1.70037</i>
                        <i>-0.097106 0.963547 0.249292 -0.712425 0.107613 -0.693448 -0.694998 -0.24494 0.676005 -0.886625 2.3832 1.69363</i>
                        <i>-0.105028 0.965234 0.239358 -0.64921 0.115776 -0.751746 -0.753323 -0.234348 0.61448 -0.875642 2.38421 1.68731</i>
                        <i>-0.111493 0.966808 0.229897 -0.587783 0.122379 -0.799709 -0.801299 -0.224291 0.554629 -0.865684 2.38513 1.68153</i>
                        <i>-0.116625 0.96821 0.221287 -0.531283 0.12743 -0.837556 -0.839129 -0.215246 0.499532 -0.856943 2.38595 1.67641</i>
                        <i>-0.120571 0.969392 0.213875 -0.482745 0.131 -0.865908 -0.867421 -0.20765 0.452174 -0.849606 2.38665 1.67207</i>
                        <i>-0.123094 0.97027 0.208385 -0.446454 0.133391 -0.884808 -0.886299 -0.201949 0.416762 -0.844328 2.38716 1.66892</i>
                        <i>-0.124222 0.970825 0.205105 -0.423597 0.135039 -0.895729 -0.897293 -0.198151 0.394463 -0.841307 2.38746 1.66711</i>
                        <i>-0.124398 0.971113 0.20363 -0.412025 0.136137 -0.900945 -0.902641 -0.195976 0.383187 -0.840055 2.38758 1.66638</i>
                        <i>-0.123971 0.971194 0.203502 -0.409262 0.136784 -0.902106 -0.903956 -0.19512 0.380515 -0.840093 2.38757 1.66641</i>
                        <i>-0.123245 0.97113 0.20425 -0.41267 0.137026 -0.900515 -0.902504 -0.195272 0.383868 -0.840948 2.38748 1.66694</i>
                        <i>-0.122506 0.970978 0.20541 -0.419554 0.136899 -0.897348 -0.899426 -0.196111 0.390607 -0.84215 2.38736 1.66767</i>
                        <i>-0.122046 0.970799 0.20653 -0.427225 0.136438 -0.893792 -0.89587 -0.197319 0.398098 -0.843226 2.38726 1.66832</i>
                        <i>-0.122165 0.970647 0.20717 -0.433026 0.135693 -0.891109 -0.893064 -0.198573 0.403739 -0.843702 2.38721 1.66859</i>
                        <i>-0.120719 0.9704 0.209165 -0.445116 0.135422 -0.885174 -0.887298 -0.19996 0.415593 -0.84368 2.38403 1.66885</i>
                        <i>-0.116023 0.969966 0.213786 -0.469167 0.136193 -0.872544 -0.875454 -0.201537 0.439275 -0.843591 2.37581 1.66952</i>
                        <i>-0.10908 0.96945 0.219699 -0.498839 0.137787 -0.855672 -0.859803 -0.202931 0.46857 -0.843456 2.36457 1.6704</i>
                        <i>-0.110381 0.966882 0.230119 -0.544124 0.134965 -0.828078 -0.831712 -0.216617 0.511207 -0.843689 2.3523 1.67145</i>
                        <i>-0.124829 0.960163 0.250008 -0.608376 0.124978 -0.783747 -0.78377 -0.249933 0.56854 -0.844479 2.34094 1.67272</i>
                        <i>-0.144573 0.949163 0.279623 -0.676261 0.111514 -0.728173 -0.722337 -0.294372 0.62576 -0.845482 2.33244 1.67415</i>
                        <i>-0.163583 0.934907 0.314944 -0.734945 0.0974744 -0.671085 -0.658101 -0.341244 0.67116 -0.846405 2.3288 1.67553</i>
                        <i>-0.182193 0.914083 0.362295 -0.786897 0.0853851 -0.611149 -0.589576 -0.396435 0.703733 -0.846335 2.33365 1.69098</i>
                        <i>-0.200134 0.883324 0.423894 -0.834486 0.0730295 -0.546169 -0.5134 -0.46304 0.722505 -0.844501 2.34794 1.73156</i>
                        <i>-0.216508 0.846479 0.486412 -0.870177 0.0585663 -0.489247 -0.442625 -0.52919 0.723907 -0.840925 2.36963 1.79226</i>
                        <i>-0.229365 0.802962 0.55013 -0.899239 0.0414955 -0.435485 -0.372506 -0.594583 0.712538 -0.835616 2.39637 1.86854</i>
                        <i>-0.234551 0.749308 0.619293 -0.92708 0.0192145 -0.374371 -0.292418 -0.661943 0.690161 -0.828587 2.42567 1.95606</i>
                        <i>-0.230672 0.687817 0.688258 -0.950356 -0.00744631 -0.311074 -0.208837 -0.725846 0.655389 -0.820007 2.45534 2.05003</i>
                        <i>-0.218442 0.621894 0.752018 -0.967338 -0.0364305 -0.25086 -0.128612 -0.782253 0.60954 -0.81032 2.48332 2.14573</i>
                        <i>-0.200358 0.556052 0.806637 -0.97792 -0.0635886 -0.199069 -0.0593995 -0.828712 0.556515 -0.800251 2.50777 2.23859</i>
                        <i>-0.180374 0.49479 0.850087 -0.983582 -0.0857839 -0.158769 -0.00563339 -0.864768 0.50214 -0.790772 2.52703 2.32421</i>
                        <i>-0.162984 0.442085 0.882041 -0.986117 -0.101785 -0.1312 0.0317774 -0.891179 0.452537 -0.783042 2.53965 2.39839</i>
                        <i>-0.152425 0.401774 0.902964 -0.986905 -0.110664 -0.117355 0.0527756 -0.909028 0.413381 -0.778337 2.54431 2.45712</i>
                        <i>-0.145721 0.371924 0.916754 -0.98719 -0.115523 -0.110049 0.0649764 -0.921046 0.383994 -0.775539 2.54452 2.49987</i>
                        <i>-0.140287 0.344179 0.928364 -0.987255 -0.119792 -0.104775 0.0751491 -0.931231 0.356598 -0.772923 2.54463 2.53045</i>
                        <i>-0.139741 0.312505 0.939581 -0.986794 -0.122454 -0.106035 0.081919 -0.94199 0.32549 -0.770819 2.54447 2.55146</i>
                        <i>-0.144373 0.27421 0.950771 -0.985671 -0.124549 -0.113752 0.0872253 -0.95357 0.288263 -0.769297 2.54397 2.56519</i>
                        <i>-0.151562 0.235314 0.960029 -0.983992 -0.128033 -0.123963 0.0937446 -0.963449 0.250952 -0.768188 2.5436 2.5732</i>
                        <i>-0.160395 0.2029 0.965974 -0.981863 -0.133021 -0.135092 0.101085 -0.970122 0.220556 -0.767436 2.54396 2.57707</i>
                        <i>-0.170146 0.184062 0.968076 -0.979408 -0.139927 -0.145533 0.108673 -0.972904 0.20408 -0.766985 2.54573 2.57836</i>
                        <i>-0.180218 0.176274 0.967703 -0.976767 -0.148057 -0.154936 0.115964 -0.973143 0.198861 -0.766774 2.54823 2.57882</i>
                        <i>-0.189836 0.171791 0.96667 -0.974124 -0.155956 -0.163584 0.122656 -0.97271 0.196952 -0.766721 2.55036 2.57918</i>
                        <i>-0.198118 0.169809 0.965357 -0.971732 -0.16304 -0.170747 0.128398 -0.971896 0.197311 -0.76674 2.55213 2.57943</i>
                        <i>-0.204162 0.16955 0.964142 -0.969875 -0.16873 -0.175704 0.132889 -0.97097 0.198891 -0.76674 2.55353 2.57959</i>
                        <i>-0.207044 0.170251 0.963404 -0.96885 -0.17245 -0.17774 0.135878 -0.970194 0.200652 -0.766632 2.55456 2.57966</i>
                        <i>-0.205817 0.171151 0.963507 -0.968933 -0.173621 -0.176136 0.137139 -0.969826 0.201568 -0.766327 2.55522 2.57963</i>
                        <i>-0.201284 0.172039 0.964307 -0.969874 -0.17291 -0.171598 0.137217 -0.969796 0.20166 -0.765894 2.55552 2.57955</i>
                        <i>-0.195033 0.173195 0.965384 -0.971203 -0.171434 -0.165452 0.136844 -0.969853 0.201643 -0.765462 2.55552 2.57945</i>
                        <i>-0.187269 0.174583 0.96667 -0.972839 -0.169272 -0.157893 0.136065 -0.969983 0.201541 -0.765036 2.55523 2.57934</i>
                        <i>-0.1782 0.176165 0.968096 -0.9747 -0.166504 -0.149117 0.134922 -0.970177 0.201379 -0.764617 2.5547 2.57921</i>
                        <i>-0.168035 0.177897 0.969596 -0.976705 -0.163207 -0.139323 0.13346 -0.970421 0.201177 -0.76421 2.55396 2.57907</i>
                        <i>-0.156985 0.179737 0.971108 -0.978777 -0.159463 -0.12871 0.131722 -0.970704 0.200956 -0.763818 2.55304 2.57893</i>
                        <i>-0.145263 0.181643 0.972576 -0.980848 -0.155354 -0.117484 0.129753 -0.971016 0.200731 -0.763442 2.55198 2.57877</i>
                        <i>-0.133091 0.183571 0.973955 -0.982856 -0.150963 -0.105854 0.1276 -0.971345 0.200515 -0.763085 2.5508 2.57862</i>
                        <i>-0.120691 0.185481 0.975208 -0.984749 -0.14638 -0.0940305 0.12531 -0.971684 0.200319 -0.762746 2.54955 2.57846</i>
                        <i>-0.108292 0.187335 0.976309 -0.986489 -0.141695 -0.0822322 0.122933 -0.972023 0.200148 -0.762426 2.54825 2.57831</i>
                        <i>-0.0961263 0.189096 0.977242 -0.988046 -0.137001 -0.0706792 0.120518 -0.972354 0.200006 -0.762125 2.54693 2.57817</i>
                        <i>-0.0844317 0.190734 0.978004 -0.989404 -0.132395 -0.0595957 0.118116 -0.972673 0.199891 -0.761839 2.54565 2.57803</i>
                        <i>-0.0734481 0.192219 0.9786 -0.990556 -0.127974 -0.0492087 0.115776 -0.972972 0.199803 -0.761567 2.54442 2.5779</i>
                        <i>-0.0634187 0.193525 0.979044 -0.991506 -0.123837 -0.0397476 0.113549 -0.973249 0.199734 -0.761307 2.54329 2.57778</i>
                        <i>-0.0545885 0.194629 0.979357 -0.992266 -0.120084 -0.0314436 0.111485 -0.973499 0.199679 -0.761054 2.54228 2.57767</i>
                        <i>-0.0459436 0.197022 0.979322 -0.992194 -0.122772 -0.0218479 0.115929 -0.972681 0.201125 -0.760886 2.54134 2.57757</i>
                        <i>-0.0371339 0.201309 0.978824 -0.990866 -0.134487 -0.00993151 0.12964 -0.970251 0.204465 -0.76084 2.54046 2.57745</i>
                        <i>-0.029338 0.206132 0.978084 -0.988671 -0.150084 0.00197471 0.147202 -0.966946 0.2082 -0.760851 2.53975 2.57734</i>
                        <i>-0.0234571 0.210112 0.977396 -0.986338 -0.164323 0.0116531 0.163057 -0.963769 0.211096 -0.76087 2.53934 2.57722</i>
                        <i>-0.0196844 0.215814 0.976236 -0.985052 -0.171314 0.0180098 0.17113 -0.961289 0.21596 -0.761823 2.53777 2.57365</i>
                        <i>-0.0117276 0.222565 0.974847 -0.985599 -0.167043 0.0262803 0.168691 -0.960501 0.221319 -0.764193 2.5334 2.56354</i>
                        <i>0.00468406 0.228207 0.973601 -0.987381 -0.153063 0.0406274 0.158293 -0.961506 0.224611 -0.76761 2.52634 2.54743</i>
                        <i>0.0265097 0.234736 0.971698 -0.98958 -0.131451 0.0587526 0.141522 -0.96313 0.228805 -0.772157 2.51709 2.52576</i>
                        <i>0.050702 0.244205 0.968397 -0.991455 -0.104383 0.078232 0.120189 -0.964089 0.236826 -0.77791 2.50615 2.49895</i>
                        <i>0.0742948 0.258831 0.963061 -0.992553 -0.0742917 0.0965364 0.0965341 -0.963062 0.251384 -0.784942 2.49399 2.46744</i>
                        <i>0.0944635 0.281017 0.955043 -0.992832 -0.0439596 0.111136 0.0732144 -0.958696 0.27485 -0.793313 2.48108 2.43159</i>
                        <i>0.108532 0.313289 0.943436 -0.992674 -0.0165361 0.119687 0.0530976 -0.949514 0.309199 -0.803073 2.46784 2.39177</i>
                        <i>0.113902 0.358101 0.926709 -0.992731 0.00451521 0.120272 0.0388852 -0.933672 0.356012 -0.814258 2.45469 2.34832</i>
                        <i>0.112255 0.412672 0.903936 -0.993255 0.0200106 0.114212 0.0290438 -0.91066 0.412135 -0.826613 2.4418 2.3017</i>
                        <i>0.107328 0.471669 0.875219 -0.994019 0.0330415 0.10409 0.0201776 -0.881156 0.472395 -0.839745 2.42926 2.25252</i>
                        <i>0.0996042 0.533364 0.840001 -0.994958 0.0434175 0.0904102 0.0117508 -0.844771 0.534999 -0.853476 2.41736 2.20129</i>
                        <i>0.0895982 0.595959 0.798001 -0.995973 0.051009 0.0737319 0.00323594 -0.801393 0.598129 -0.867625 2.4064 2.14856</i>
                        <i>0.0778577 0.657658 0.749282 -0.996947 0.0557624 0.0546489 -0.00584145 -0.75125 0.659992 -0.882008 2.39673 2.0949</i>
                        <i>0.0649554 0.716758 0.694291 -0.997762 0.0577115 0.033768 -0.0158651 -0.69493 0.718902 -0.896444 2.3887 2.04088</i>
                        <i>0.0514744 0.771733 0.633861 -0.998307 0.0569858 0.0116893 -0.0271 -0.633389 0.773359 -0.910753 2.38338 1.98711</i>
                        <i>0.037988 0.82133 0.569188 -0.99849 0.0538137 -0.0110124 -0.0396749 -0.56791 0.822134 -0.92476 2.3808 1.93419</i>
                        <i>0.0250378 0.864635 0.501776 -0.99825 0.0485242 -0.0338033 -0.0535758 -0.500052 0.864337 -0.938293 2.37978 1.88275</i>
                        <i>0.0131105 0.901126 0.433359 -0.997555 0.0415432 -0.0562056 -0.0686514 -0.431562 0.899467 -0.951188 2.37921 1.83338</i>
                        <i>0.00262037 0.930686 0.365809 -0.996409 0.0333881 -0.077808 -0.0846285 -0.364291 0.927432 -0.963286 2.37799 1.78672</i>
                        <i>-0.00610277 0.953588 0.301053 -0.994854 0.0246583 -0.0982726 -0.101135 -0.300103 0.94853 -0.974433 2.37503 1.74336</i>
                    </KeyFrames>
