<?xml version="1.0" encoding="ISO-8859-1" ?>
<Animl Version="1">
    <ModellingPackage><![CDATA[Maya.2010]]></ModellingPackage>
    <SrcFile><![CDATA[anims\turrets\special\blue\~src\bugspray\bugspray_fire_crewmana.mb]]></SrcFile>
    <FramesPerSecond>30</FramesPerSecond>
    <TotalFrames>61</TotalFrames>
    <Skeleton>
        <RefFrame>
            <Name><![CDATA[soldier_ref_frame]]></Name>
            <Exclude>0</Exclude>
            <Additive>0</Additive>
            <IKPriority>0</IKPriority>
            <IKRotLimits>-1e+010 -1e+010 -1e+010 1e+010 1e+010 1e+010</IKRotLimits>
            <IKRotLimitOrder>0</IKRotLimitOrder>
            <KeyFrames count="61">
                <i>1 0 0 0 1 0 0 0 1 1.15 0.9 -1.9</i>
                <i>1 0 0 0 1 0 0 0 1 1.15 0.9 -1.9</i>
                <i>1 0 0 0 1 0 0 0 1 1.15 0.9 -1.9</i>
                <i>1 0 0 0 1 0 0 0 1 1.15 0.9 -1.9</i>
                <i>1 0 0 0 1 0 0 0 1 1.15 0.9 -1.9</i>
                <i>1 0 0 0 1 0 0 0 1 1.15 0.9 -1.9</i>
                <i>1 0 0 0 1 0 0 0 1 1.15 0.9 -1.9</i>
                <i>1 0 0 0 1 0 0 0 1 1.15 0.9 -1.9</i>
                <i>1 0 0 0 1 0 0 0 1 1.15 0.9 -1.9</i>
                <i>1 0 0 0 1 0 0 0 1 1.15 0.9 -1.9</i>
                <i>1 0 0 0 1 0 0 0 1 1.15 0.9 -1.9</i>
                <i>1 0 0 0 1 0 0 0 1 1.15 0.9 -1.9</i>
                <i>1 0 0 0 1 0 0 0 1 1.15 0.9 -1.9</i>
                <i>1 0 0 0 1 0 0 0 1 1.15 0.9 -1.9</i>
                <i>1 0 0 0 1 0 0 0 1 1.15 0.9 -1.9</i>
                <i>1 0 0 0 1 0 0 0 1 1.15 0.9 -1.9</i>
                <i>1 0 0 0 1 0 0 0 1 1.15 0.9 -1.9</i>
                <i>1 0 0 0 1 0 0 0 1 1.15 0.9 -1.9</i>
                <i>1 0 0 0 1 0 0 0 1 1.15 0.9 -1.9</i>
                <i>1 0 0 0 1 0 0 0 1 1.15 0.9 -1.9</i>
                <i>1 0 0 0 1 0 0 0 1 1.15 0.9 -1.9</i>
                <i>1 0 0 0 1 0 0 0 1 1.15 0.9 -1.9</i>
                <i>1 0 0 0 1 0 0 0 1 1.15 0.9 -1.9</i>
                <i>1 0 0 0 1 0 0 0 1 1.15 0.9 -1.9</i>
                <i>1 0 0 0 1 0 0 0 1 1.15 0.9 -1.9</i>
                <i>1 0 0 0 1 0 0 0 1 1.15 0.9 -1.9</i>
                <i>1 0 0 0 1 0 0 0 1 1.15 0.9 -1.9</i>
                <i>1 0 0 0 1 0 0 0 1 1.15 0.9 -1.9</i>
                <i>1 0 0 0 1 0 0 0 1 1.15 0.9 -1.9</i>
                <i>1 0 0 0 1 0 0 0 1 1.15 0.9 -1.9</i>
                <i>1 0 0 0 1 0 0 0 1 1.15 0.9 -1.9</i>
                <i>1 0 0 0 1 0 0 0 1 1.15 0.9 -1.9</i>
                <i>1 0 0 0 1 0 0 0 1 1.15 0.9 -1.9</i>
                <i>1 0 0 0 1 0 0 0 1 1.15 0.9 -1.9</i>
                <i>1 0 0 0 1 0 0 0 1 1.15 0.9 -1.9</i>
                <i>1 0 0 0 1 0 0 0 1 1.15 0.9 -1.9</i>
                <i>1 0 0 0 1 0 0 0 1 1.15 0.9 -1.9</i>
                <i>1 0 0 0 1 0 0 0 1 1.15 0.9 -1.9</i>
                <i>1 0 0 0 1 0 0 0 1 1.15 0.9 -1.9</i>
                <i>1 0 0 0 1 0 0 0 1 1.15 0.9 -1.9</i>
                <i>1 0 0 0 1 0 0 0 1 1.15 0.9 -1.9</i>
                <i>1 0 0 0 1 0 0 0 1 1.15 0.9 -1.9</i>
                <i>1 0 0 0 1 0 0 0 1 1.15 0.9 -1.9</i>
                <i>1 0 0 0 1 0 0 0 1 1.15 0.9 -1.9</i>
                <i>1 0 0 0 1 0 0 0 1 1.15 0.9 -1.9</i>
                <i>1 0 0 0 1 0 0 0 1 1.15 0.9 -1.9</i>
                <i>1 0 0 0 1 0 0 0 1 1.15 0.9 -1.9</i>
                <i>1 0 0 0 1 0 0 0 1 1.15 0.9 -1.9</i>
                <i>1 0 0 0 1 0 0 0 1 1.15 0.9 -1.9</i>
                <i>1 0 0 0 1 0 0 0 1 1.15 0.9 -1.9</i>
                <i>1 0 0 0 1 0 0 0 1 1.15 0.9 -1.9</i>
                <i>1 0 0 0 1 0 0 0 1 1.15 0.9 -1.9</i>
                <i>1 0 0 0 1 0 0 0 1 1.15 0.9 -1.9</i>
                <i>1 0 0 0 1 0 0 0 1 1.15 0.9 -1.9</i>
                <i>1 0 0 0 1 0 0 0 1 1.15 0.9 -1.9</i>
                <i>1 0 0 0 1 0 0 0 1 1.15 0.9 -1.9</i>
                <i>1 0 0 0 1 0 0 0 1 1.15 0.9 -1.9</i>
                <i>1 0 0 0 1 0 0 0 1 1.15 0.9 -1.9</i>
                <i>1 0 0 0 1 0 0 0 1 1.15 0.9 -1.9</i>
                <i>1 0 0 0 1 0 0 0 1 1.15 0.9 -1.9</i>
                <i>1 0 0 0 1 0 0 0 1 1.15 0.9 -1.9</i>
            </KeyFrames>
        </RefFrame>
        <Bones count="23">
            <i>
                <p>
                    <Name><![CDATA[pelvis]]></Name>
                    <Exclude>0</Exclude>
                    <Additive>0</Additive>
                    <IKPriority>0</IKPriority>
                    <IKRotLimits>-1e+010 -1e+010 -1e+010 1e+010 1e+010 1e+010</IKRotLimits>
                    <IKRotLimitOrder>2</IKRotLimitOrder>
                    <KeyFrames count="61">
                        <i>1 0 0 0 1 0 0 0 1 1.23597 1.93951 -1.77276</i>
                        <i>1 0 0 0 1 0 0 0 1 1.23477 1.93762 -1.77059</i>
                        <i>1 0 0 0 1 0 0 0 1 1.23341 1.93555 -1.76433</i>
                        <i>1 0 0 0 1 0 0 0 1 1.23194 1.93332 -1.7544</i>
                        <i>1 0 0 0 1 0 0 0 1 1.23039 1.93097 -1.74121</i>
                        <i>1 0 0 0 1 0 0 0 1 1.22879 1.92853 -1.72517</i>
                        <i>1 0 0 0 1 0 0 0 1 1.22717 1.92606 -1.70668</i>
                        <i>1 0 0 0 1 0 0 0 1 1.22556 1.92357 -1.68617</i>
                        <i>1 0 0 0 1 0 0 0 1 1.22399 1.9211 -1.66403</i>
                        <i>1 0 0 0 1 0 0 0 1 1.22249 1.91869 -1.64069</i>
                        <i>1 0 0 0 1 0 0 0 1 1.22109 1.91638 -1.61654</i>
                        <i>1 0 0 0 1 0 0 0 1 1.21983 1.91419 -1.59201</i>
                        <i>1 0 0 0 1 0 0 0 1 1.21874 1.91218 -1.56749</i>
                        <i>1 0 0 0 1 0 0 0 1 1.21784 1.91036 -1.5434</i>
                        <i>1 0 0 0 1 0 0 0 1 1.21716 1.90878 -1.52016</i>
                        <i>1 0 0 0 1 0 0 0 1 1.21675 1.90747 -1.49816</i>
                        <i>1 0 0 0 1 0 0 0 1 1.21662 1.90646 -1.47782</i>
                        <i>1 0 0 0 1 0 0 0 1 1.21682 1.9058 -1.45955</i>
                        <i>1 0 0 0 1 0 0 0 1 1.21756 1.90552 -1.44377</i>
                        <i>1 0 0 0 1 0 0 0 1 1.21897 1.90564 -1.43087</i>
                        <i>1 0 0 0 1 0 0 0 1 1.22096 1.90662 -1.42127</i>
                        <i>1 0 0 0 1 0 0 0 1 1.22339 1.90871 -1.41373</i>
                        <i>1 0 0 0 1 0 0 0 1 1.22616 1.91173 -1.40675</i>
                        <i>1 0 0 0 1 0 0 0 1 1.22916 1.91549 -1.40034</i>
                        <i>1 0 0 0 1 0 0 0 1 1.23226 1.91979 -1.3945</i>
                        <i>1 0 0 0 1 0 0 0 1 1.23537 1.92444 -1.38925</i>
                        <i>1 0 0 0 1 0 0 0 1 1.23836 1.92925 -1.38458</i>
                        <i>1 0 0 0 1 0 0 0 1 1.24112 1.93403 -1.38053</i>
                        <i>1 0 0 0 1 0 0 0 1 1.24354 1.93857 -1.37708</i>
                        <i>1 0 0 0 1 0 0 0 1 1.2455 1.9427 -1.37425</i>
                        <i>1 0 0 0 1 0 0 0 1 1.2469 1.9462 -1.37206</i>
                        <i>1 0 0 0 1 0 0 0 1 1.24781 1.94891 -1.37051</i>
                        <i>1 0 0 0 1 0 0 0 1 1.24841 1.95061 -1.36961</i>
                        <i>1 0 0 0 1 0 0 0 1 1.24875 1.95148 -1.36936</i>
                        <i>1 0 0 0 1 0 0 0 1 1.24887 1.95185 -1.36979</i>
                        <i>1 0 0 0 1 0 0 0 1 1.2488 1.95177 -1.37089</i>
                        <i>1 0 0 0 1 0 0 0 1 1.24859 1.95127 -1.37268</i>
                        <i>1 0 0 0 1 0 0 0 1 1.24828 1.9504 -1.37517</i>
                        <i>1 0 0 0 1 0 0 0 1 1.2479 1.94921 -1.37836</i>
                        <i>1 0 0 0 1 0 0 0 1 1.2475 1.94772 -1.38227</i>
                        <i>1 0 0 0 1 0 0 0 1 1.24712 1.946 -1.3869</i>
                        <i>1 0 0 0 1 0 0 0 1 1.2468 1.94407 -1.39227</i>
                        <i>1 0 0 0 1 0 0 0 1 1.24658 1.94199 -1.39838</i>
                        <i>1 0 0 0 1 0 0 0 1 1.24649 1.93979 -1.40525</i>
                        <i>1 0 0 0 1 0 0 0 1 1.24659 1.93751 -1.41287</i>
                        <i>1 0 0 0 1 0 0 0 1 1.2469 1.93521 -1.42127</i>
                        <i>1 0 0 0 1 0 0 0 1 1.24858 1.93179 -1.43195</i>
                        <i>1 0 0 0 1 0 0 0 1 1.25164 1.92667 -1.44614</i>
                        <i>1 0 0 0 1 0 0 0 1 1.2544 1.92069 -1.46345</i>
                        <i>1 0 0 0 1 0 0 0 1 1.25521 1.91466 -1.4835</i>
                        <i>1 0 0 0 1 0 0 0 1 1.2543 1.90941 -1.50589</i>
                        <i>1 0 0 0 1 0 0 0 1 1.25308 1.90578 -1.53023</i>
                        <i>1 0 0 0 1 0 0 0 1 1.25158 1.90457 -1.55614</i>
                        <i>1 0 0 0 1 0 0 0 1 1.24987 1.90642 -1.58322</i>
                        <i>1 0 0 0 1 0 0 0 1 1.24798 1.91078 -1.61108</i>
                        <i>1 0 0 0 1 0 0 0 1 1.24598 1.91677 -1.63933</i>
                        <i>1 0 0 0 1 0 0 0 1 1.24391 1.92348 -1.66758</i>
                        <i>1 0 0 0 1 0 0 0 1 1.24183 1.93 -1.69543</i>
                        <i>1 0 0 0 1 0 0 0 1 1.23978 1.93545 -1.72251</i>
                        <i>1 0 0 0 1 0 0 0 1 1.23781 1.93892 -1.74842</i>
                        <i>1 0 0 0 1 0 0 0 1 1.23597 1.93951 -1.77276</i>
                    </KeyFrames>
                </p>
            </i>
            <i>
                <p>
                    <Name><![CDATA[spine0]]></Name>
                    <Exclude>0</Exclude>
                    <Additive>0</Additive>
                    <IKPriority>0</IKPriority>
                    <IKRotLimits>-1e+010 -1e+010 -1e+010 1e+010 1e+010 1e+010</IKRotLimits>
                    <IKRotLimitOrder>0</IKRotLimitOrder>
                    <KeyFrames count="61">
                        <i>-0.0745424 0.992473 -0.0971671 -0.213689 -0.111072 -0.970567 -0.974054 -0.0515849 0.22036 1.29637 2.06997 -1.76747</i>
                        <i>-0.0735528 0.992615 -0.0964612 -0.212924 -0.110123 -0.970843 -0.974296 -0.0508693 0.219452 1.29567 2.06783 -1.76478</i>
                        <i>-0.0725108 0.992707 -0.0963061 -0.211878 -0.109688 -0.971121 -0.974602 -0.0500116 0.218287 1.29485 2.06547 -1.75795</i>
                        <i>-0.0714194 0.992763 -0.0965437 -0.210635 -0.109619 -0.971399 -0.974952 -0.0490412 0.21694 1.29395 2.06294 -1.74741</i>
                        <i>-0.0702812 0.992797 -0.0970256 -0.209273 -0.109776 -0.971676 -0.975328 -0.0479857 0.215481 1.29298 2.06027 -1.73357</i>
                        <i>-0.0690993 0.992822 -0.0976167 -0.207868 -0.110032 -0.971948 -0.975713 -0.0468695 0.213979 1.29199 2.05751 -1.71685</i>
                        <i>-0.0678766 0.992849 -0.0981981 -0.206495 -0.110274 -0.972214 -0.97609 -0.0457131 0.212503 1.29098 2.05468 -1.69769</i>
                        <i>-0.0666163 0.992888 -0.0986679 -0.205225 -0.110408 -0.972467 -0.976445 -0.044533 0.211121 1.29 2.05183 -1.6765</i>
                        <i>-0.0653217 0.992947 -0.0989428 -0.20413 -0.110354 -0.972704 -0.976762 -0.0433415 0.209899 1.28906 2.04899 -1.65371</i>
                        <i>-0.0639955 0.993032 -0.0989571 -0.203273 -0.110053 -0.972917 -0.977028 -0.042147 0.2089 1.28819 2.04621 -1.62976</i>
                        <i>-0.0626396 0.993148 -0.098662 -0.202711 -0.109456 -0.973102 -0.977233 -0.0409549 0.208178 1.28742 2.04352 -1.60507</i>
                        <i>-0.0612551 0.993297 -0.0980229 -0.202489 -0.108532 -0.973252 -0.977367 -0.0397681 0.207779 1.28679 2.04097 -1.5801</i>
                        <i>-0.0598415 0.993482 -0.0970162 -0.202638 -0.107257 -0.973362 -0.977424 -0.0385883 0.207735 1.28631 2.03859 -1.55526</i>
                        <i>-0.0583972 0.993703 -0.0956252 -0.203174 -0.105614 -0.97343 -0.9774 -0.037417 0.208062 1.28602 2.03642 -1.531</i>
                        <i>-0.0569195 0.993959 -0.0938358 -0.204098 -0.103588 -0.973455 -0.977294 -0.0362569 0.208761 1.28595 2.03452 -1.50775</i>
                        <i>-0.0554048 0.99425 -0.0916323 -0.205388 -0.101159 -0.973439 -0.977111 -0.0351131 0.209812 1.28611 2.03291 -1.48594</i>
                        <i>-0.0537855 0.994565 -0.0891455 -0.206885 -0.0984367 -0.973401 -0.976886 -0.033912 0.211055 1.28655 2.03164 -1.46614</i>
                        <i>-0.052034 0.994898 -0.0864323 -0.208454 -0.0954637 -0.973362 -0.976647 -0.0326307 0.212358 1.28727 2.03077 -1.44884</i>
                        <i>-0.0502093 0.995255 -0.0833497 -0.210089 -0.0921126 -0.973333 -0.976392 -0.0313595 0.213717 1.2885 2.03032 -1.43434</i>
                        <i>-0.0483699 0.995642 -0.07973 -0.211766 -0.0882311 -0.97333 -0.976123 -0.0301958 0.215111 1.29036 2.0303 -1.42297</i>
                        <i>-0.0464752 0.996125 -0.0746686 -0.213337 -0.0829226 -0.973453 -0.975873 -0.0293118 0.216365 1.29273 2.03114 -1.415</i>
                        <i>-0.0445126 0.996796 -0.0664601 -0.214995 -0.0745255 -0.973767 -0.9756 -0.0290564 0.217623 1.29551 2.0331 -1.409</i>
                        <i>-0.0425341 0.997599 -0.0546594 -0.216297 -0.062606 -0.974318 -0.975401 -0.0296191 0.21844 1.29855 2.036 -1.40322</i>
                        <i>-0.0405928 0.998363 -0.0402922 -0.21615 -0.0481448 -0.975172 -0.975516 -0.0308758 0.217751 1.30175 2.03966 -1.39758</i>
                        <i>-0.0387872 0.998943 -0.0246704 -0.213829 -0.0324146 -0.976333 -0.976101 -0.0325939 0.214861 1.30499 2.04389 -1.39209</i>
                        <i>-0.0372445 0.999264 -0.00923142 -0.209266 -0.0168321 -0.977714 -0.977149 -0.0344826 0.209739 1.30816 2.04851 -1.38678</i>
                        <i>-0.03607 0.999338 0.00480672 -0.203145 -0.00262271 -0.979145 -0.978484 -0.0362943 0.203105 1.31114 2.05331 -1.38176</i>
                        <i>-0.0353019 0.999235 0.0168269 -0.196723 0.00955989 -0.980412 -0.979823 -0.0379207 0.196235 1.31382 2.05812 -1.37709</i>
                        <i>-0.0349229 0.999036 0.0266102 -0.191091 0.0194601 -0.98138 -0.980951 -0.0393576 0.190227 1.31604 2.06276 -1.37299</i>
                        <i>-0.0348795 0.998793 0.0345731 -0.186947 0.0274628 -0.981986 -0.98175 -0.0407145 0.185764 1.31766 2.06707 -1.36964</i>
                        <i>-0.0351142 0.998504 0.0419129 -0.184586 0.0347373 -0.982202 -0.982189 -0.0422258 0.18309 1.31859 2.07083 -1.36689</i>
                        <i>-0.0354096 0.997925 0.0537678 -0.185486 0.0463042 -0.981555 -0.982009 -0.0447296 0.183462 1.31893 2.07381 -1.36427</i>
                        <i>-0.0357024 0.996656 0.073495 -0.187045 0.0655782 -0.98016 -0.981702 -0.048741 0.184079 1.31886 2.07576 -1.36129</i>
                        <i>-0.0362459 0.994589 0.097361 -0.185421 0.0890401 -0.978617 -0.98199 -0.0535237 0.181191 1.31843 2.07684 -1.3581</i>
                        <i>-0.0372228 0.992022 0.120448 -0.18042 0.111879 -0.977206 -0.982885 -0.0581055 0.174816 1.31764 2.07738 -1.35532</i>
                        <i>-0.0385382 0.98965 0.138234 -0.174539 0.129543 -0.976091 -0.983896 -0.0617441 0.16774 1.31658 2.0775 -1.35374</i>
                        <i>-0.0398497 0.988349 0.146897 -0.1711 0.138093 -0.975528 -0.984447 -0.0640087 0.163604 1.31532 2.07736 -1.35409</i>
                        <i>-0.0411079 0.987887 0.149633 -0.169746 0.140678 -0.975395 -0.98463 -0.065496 0.161907 1.31393 2.07696 -1.35597</i>
                        <i>-0.0424907 0.987458 0.152058 -0.168403 0.142939 -0.975299 -0.984802 -0.0670482 0.160217 1.31244 2.07624 -1.35851</i>
                        <i>-0.0439964 0.98707 0.154131 -0.167072 0.144838 -0.975248 -0.984963 -0.0686584 0.15854 1.31091 2.07521 -1.36173</i>
                        <i>-0.0456206 0.986733 0.155813 -0.165752 0.146336 -0.97525 -0.985112 -0.0703178 0.156877 1.30939 2.07393 -1.36565</i>
                        <i>-0.0473567 0.986453 0.157063 -0.16444 0.147395 -0.975312 -0.98525 -0.072015 0.155233 1.30792 2.07243 -1.37028</i>
                        <i>-0.0485038 0.986745 0.154859 -0.169431 0.144666 -0.974867 -0.984348 -0.0735226 0.160168 1.30667 2.07084 -1.37646</i>
                        <i>-0.0489208 0.98821 0.145076 -0.182901 0.13393 -0.973966 -0.981914 -0.0741817 0.174192 1.30573 2.06929 -1.38486</i>
                        <i>-0.0497272 0.990748 0.126277 -0.196705 0.114242 -0.973784 -0.979201 -0.0732629 0.189204 1.30497 2.0678 -1.39515</i>
                        <i>-0.0517332 0.993552 0.10089 -0.202941 0.0884578 -0.975187 -0.977823 -0.0709241 0.197056 1.30434 2.06628 -1.40649</i>
                        <i>-0.0549039 0.995684 0.074821 -0.198252 0.0625716 -0.978152 -0.978612 -0.0685378 0.193961 1.30502 2.06351 -1.41931</i>
                        <i>-0.0585307 0.996813 0.0541975 -0.185673 0.0424731 -0.981693 -0.980867 -0.0675222 0.182596 1.30708 2.05888 -1.43419</i>
                        <i>-0.0619678 0.997224 0.0412878 -0.171799 0.0300925 -0.984672 -0.983181 -0.0681111 0.169457 1.30895 2.05321 -1.4509</i>
                        <i>-0.0650312 0.997336 0.0330349 -0.161817 0.0221271 -0.986573 -0.984676 -0.0695036 0.159947 1.30903 2.04737 -1.46982</i>
                        <i>-0.0677591 0.997404 0.0243778 -0.157155 0.0134589 -0.987482 -0.985247 -0.070742 0.155835 1.30759 2.04225 -1.49137</i>
                        <i>-0.0700752 0.997462 0.0126347 -0.156174 0.00153963 -0.987728 -0.985241 -0.0711885 0.15567 1.30615 2.03867 -1.51546</i>
                        <i>-0.0719227 0.997409 -0.00177976 -0.157131 -0.0130927 -0.987491 -0.984955 -0.0707434 0.157666 1.30483 2.03742 -1.54159</i>
                        <i>-0.0733914 0.997138 -0.0181518 -0.159784 -0.0297223 -0.986704 -0.98442 -0.0695152 0.161509 1.30361 2.03914 -1.56929</i>
                        <i>-0.0745596 0.996585 -0.0354772 -0.16421 -0.0473604 -0.985288 -0.983604 -0.067637 0.16718 1.30247 2.04329 -1.59809</i>
                        <i>-0.0755002 0.995756 -0.0526209 -0.170505 -0.0648863 -0.983218 -0.98246 -0.065261 0.174681 1.3014 2.049 -1.62753</i>
                        <i>-0.0762657 0.994736 -0.0684417 -0.178562 -0.0811576 -0.980576 -0.980969 -0.0625632 0.183811 1.30038 2.05538 -1.65712</i>
                        <i>-0.0764965 0.993845 -0.0801296 -0.187861 -0.0932921 -0.977755 -0.979212 -0.0597416 0.193842 1.29939 2.06153 -1.68637</i>
                        <i>-0.0760333 0.993297 -0.0870638 -0.197545 -0.100592 -0.975119 -0.977341 -0.0569424 0.20387 1.29841 2.0666 -1.71481</i>
                        <i>-0.0752346 0.992932 -0.0917898 -0.206563 -0.105573 -0.972721 -0.975537 -0.0542219 0.213045 1.29741 2.0697 -1.74199</i>
                        <i>-0.0745424 0.992473 -0.0971671 -0.213689 -0.111072 -0.970567 -0.974054 -0.0515849 0.22036 1.29637 2.06997 -1.76747</i>
                    </KeyFrames>
                </p>
            </i>
            <i>
                <p>
                    <Name><![CDATA[spine1]]></Name>
                    <Exclude>0</Exclude>
                    <Additive>0</Additive>
                    <IKPriority>0</IKPriority>
                    <IKRotLimits>-1e+010 -1e+010 -1e+010 1e+010 1e+010 1e+010</IKRotLimits>
                    <IKRotLimitOrder>0</IKRotLimitOrder>
                    <KeyFrames count="61">
                        <i>-0.43182 0.831829 -0.3487 -0.0900491 -0.424431 -0.900971 -0.897453 -0.357657 0.258183 1.28291 2.24996 -1.7851</i>
                        <i>-0.433919 0.830111 -0.350185 -0.0881534 -0.425937 -0.900448 -0.896629 -0.359851 0.257999 1.28237 2.24812 -1.78231</i>
                        <i>-0.436115 0.827709 -0.353131 -0.0853679 -0.428699 -0.899405 -0.895833 -0.362098 0.257622 1.28172 2.24611 -1.77549</i>
                        <i>-0.438393 0.82477 -0.357165 -0.0818934 -0.432389 -0.897961 -0.895045 -0.36441 0.257099 1.28099 2.24395 -1.76503</i>
                        <i>-0.440739 0.821438 -0.361924 -0.077925 -0.436688 -0.896232 -0.894246 -0.366801 0.256476 1.28021 2.24169 -1.75131</i>
                        <i>-0.443149 0.817853 -0.367064 -0.073655 -0.441299 -0.894332 -0.893417 -0.369286 0.2558 1.2794 2.23934 -1.73475</i>
                        <i>-0.445626 0.814151 -0.372258 -0.0692735 -0.445942 -0.892377 -0.892535 -0.371879 0.255123 1.27859 2.23695 -1.71573</i>
                        <i>-0.448185 0.810464 -0.377197 -0.0649684 -0.450364 -0.890478 -0.891577 -0.374593 0.254501 1.27781 2.23454 -1.69467</i>
                        <i>-0.450849 0.806919 -0.381597 -0.0609237 -0.454334 -0.888746 -0.890518 -0.377442 0.253997 1.27708 2.23214 -1.67197</i>
                        <i>-0.453651 0.803635 -0.385191 -0.0573178 -0.457642 -0.887287 -0.889334 -0.38044 0.253672 1.27644 2.2298 -1.64807</i>
                        <i>-0.456627 0.800723 -0.38773 -0.0543209 -0.460099 -0.886204 -0.887998 -0.383603 0.25359 1.2759 2.22752 -1.62337</i>
                        <i>-0.459816 0.798287 -0.388981 -0.0520936 -0.461529 -0.885594 -0.886485 -0.386947 0.253804 1.2755 2.22536 -1.59831</i>
                        <i>-0.463256 0.796423 -0.388722 -0.0507846 -0.461762 -0.885549 -0.884768 -0.390495 0.25436 1.27527 2.22334 -1.57332</i>
                        <i>-0.466977 0.795217 -0.386733 -0.0505295 -0.46063 -0.886153 -0.882825 -0.394271 0.255285 1.27524 2.22149 -1.54883</i>
                        <i>-0.470999 0.794751 -0.382795 -0.0514499 -0.457952 -0.887487 -0.880632 -0.39831 0.256585 1.27542 2.21985 -1.52526</i>
                        <i>-0.475327 0.795096 -0.376678 -0.0536522 -0.453534 -0.889622 -0.878172 -0.402652 0.258236 1.27586 2.21844 -1.50306</i>
                        <i>-0.480041 0.796534 -0.367551 -0.0573405 -0.446578 -0.892906 -0.87537 -0.407556 0.260049 1.2766 2.21729 -1.4828</i>
                        <i>-0.485134 0.799204 -0.354851 -0.0626347 -0.43652 -0.897511 -0.872194 -0.413187 0.261829 1.27765 2.21641 -1.46498</i>
                        <i>-0.490445 0.802952 -0.338722 -0.069486 -0.423471 -0.903241 -0.868697 -0.419454 0.263483 1.27922 2.21587 -1.4499</i>
                        <i>-0.495788 0.807613 -0.319304 -0.0778183 -0.407508 -0.90988 -0.86495 -0.42626 0.264885 1.28144 2.21571 -1.43783</i>
                        <i>-0.500887 0.813669 -0.295051 -0.0875768 -0.386794 -0.917998 -0.861071 -0.433974 0.264999 1.28418 2.21637 -1.42891</i>
                        <i>-0.50548 0.821452 -0.264021 -0.0988407 -0.359104 -0.928049 -0.857158 -0.443014 0.262713 1.28733 2.21814 -1.42135</i>
                        <i>-0.509176 0.830178 -0.227032 -0.110833 -0.324839 -0.939253 -0.853496 -0.453082 0.257411 1.29075 2.22088 -1.41336</i>
                        <i>-0.511606 0.838719 -0.186574 -0.122119 -0.285918 -0.950441 -0.850497 -0.463467 0.248701 1.29432 2.22438 -1.40506</i>
                        <i>-0.512719 0.84616 -0.145367 -0.131604 -0.244773 -0.960607 -0.84841 -0.473391 0.236858 1.29791 2.22845 -1.39666</i>
                        <i>-0.512734 0.851973 -0.106045 -0.138868 -0.204189 -0.969032 -0.847242 -0.482129 0.223006 1.30137 2.2329 -1.3885</i>
                        <i>-0.51198 0.856079 -0.0707474 -0.144297 -0.166902 -0.975357 -0.846791 -0.489155 0.20898 1.30457 2.23751 -1.38089</i>
                        <i>-0.510723 0.858776 -0.0408281 -0.148916 -0.135133 -0.979573 -0.846751 -0.49421 0.1969 1.30739 2.24211 -1.374</i>
                        <i>-0.508954 0.860654 -0.0155271 -0.154047 -0.108814 -0.982053 -0.846898 -0.497428 0.187963 1.30969 2.24648 -1.36811</i>
                        <i>-0.506578 0.862168 0.00677533 -0.160718 -0.0867053 -0.983185 -0.847082 -0.499148 0.182488 1.31133 2.25045 -1.36331</i>
                        <i>-0.503598 0.863529 0.026585 -0.169155 -0.0683793 -0.983215 -0.847216 -0.499642 0.180506 1.31222 2.2538 -1.35922</i>
                        <i>-0.499672 0.864753 0.0503016 -0.180747 -0.0472947 -0.982392 -0.847147 -0.499966 0.179933 1.31252 2.25627 -1.35446</i>
                        <i>-0.494543 0.865358 0.0811334 -0.192801 -0.0182016 -0.981069 -0.847499 -0.500823 0.175844 1.31242 2.25751 -1.3479</i>
                        <i>-0.488609 0.865045 0.113834 -0.201415 0.0151148 -0.979389 -0.848936 -0.501467 0.166848 1.3119 2.25767 -1.34041</i>
                        <i>-0.482256 0.864134 0.143878 -0.206339 0.0475707 -0.977323 -0.851383 -0.501008 0.155363 1.31096 2.25715 -1.33351</i>
                        <i>-0.475494 0.863471 0.168293 -0.210016 0.0743531 -0.974867 -0.854282 -0.498888 0.145989 1.30967 2.25621 -1.32879</i>
                        <i>-0.467981 0.864162 0.184982 -0.215697 0.0912961 -0.972183 -0.857011 -0.494863 0.143672 1.3082 2.25517 -1.32767</i>
                        <i>-0.459773 0.866079 0.196255 -0.222952 0.101343 -0.969547 -0.859594 -0.489527 0.146499 1.30661 2.254 -1.32916</i>
                        <i>-0.45129 0.868311 0.205849 -0.229646 0.109902 -0.967049 -0.862323 -0.483692 0.149807 1.3049 2.2525 -1.33137</i>
                        <i>-0.442708 0.870877 0.213502 -0.235705 0.116706 -0.964792 -0.865132 -0.477444 0.153604 1.30313 2.25072 -1.33433</i>
                        <i>-0.434218 0.873793 0.218954 -0.241044 0.121494 -0.96288 -0.867959 -0.470877 0.157868 1.30134 2.2487 -1.33806</i>
                        <i>-0.426018 0.877068 0.221945 -0.24557 0.124008 -0.961414 -0.870749 -0.464083 0.162552 1.29959 2.24651 -1.34257</i>
                        <i>-0.417166 0.881311 0.221954 -0.255369 0.120712 -0.959279 -0.872215 -0.456858 0.174703 1.29817 2.24437 -1.34923</i>
                        <i>-0.407577 0.887343 0.215647 -0.272437 0.107239 -0.956179 -0.871584 -0.448466 0.198037 1.29717 2.24253 -1.35944</i>
                        <i>-0.39926 0.895151 0.198234 -0.288632 0.0825021 -0.953879 -0.87022 -0.438062 0.225429 1.2963 2.241 -1.37308</i>
                        <i>-0.393942 0.903502 0.168802 -0.296096 0.049114 -0.953895 -0.870136 -0.42576 0.248175 1.29534 2.23957 -1.3889</i>
                        <i>-0.392483 0.910748 0.128434 -0.288672 0.0106059 -0.957369 -0.873284 -0.412826 0.258745 1.29547 2.23693 -1.40628</i>
                        <i>-0.393726 0.915572 0.0819003 -0.267048 -0.0286736 -0.963256 -0.879582 -0.40113 0.255792 1.29691 2.23244 -1.42476</i>
                        <i>-0.395515 0.917781 0.0352834 -0.238475 -0.0655203 -0.968936 -0.886959 -0.391643 0.244782 1.29817 2.22696 -1.44371</i>
                        <i>-0.396845 0.917823 -0.0107519 -0.208974 -0.101749 -0.972614 -0.893781 -0.38373 0.232179 1.2977 2.22142 -1.46406</i>
                        <i>-0.397594 0.915684 -0.0586639 -0.181019 -0.140956 -0.973326 -0.899528 -0.37637 0.2218 1.29576 2.21674 -1.48711</i>
                        <i>-0.398369 0.91066 -0.109545 -0.154177 -0.184214 -0.970719 -0.904175 -0.369815 0.213787 1.29388 2.21377 -1.51325</i>
                        <i>-0.39945 0.90239 -0.161655 -0.128037 -0.22952 -0.964846 -0.90777 -0.36471 0.207221 1.29218 2.21327 -1.5419</i>
                        <i>-0.40068 0.891186 -0.212704 -0.103736 -0.274788 -0.955893 -0.910326 -0.360942 0.20255 1.29064 2.2158 -1.57251</i>
                        <i>-0.402182 0.877806 -0.260205 -0.0827297 -0.317883 -0.944514 -0.911814 -0.35834 0.200467 1.28923 2.22076 -1.60442</i>
                        <i>-0.404295 0.863406 -0.301789 -0.0664799 -0.356826 -0.931802 -0.91221 -0.35666 0.201662 1.28793 2.22721 -1.63696</i>
                        <i>-0.407412 0.84942 -0.335412 -0.05623 -0.389911 -0.919134 -0.911512 -0.355606 0.206617 1.28672 2.23422 -1.66943</i>
                        <i>-0.412364 0.839789 -0.353144 -0.0565415 -0.41048 -0.910115 -0.909263 -0.355331 0.21675 1.28564 2.24083 -1.70083</i>
                        <i>-0.418994 0.835818 -0.354757 -0.0669031 -0.418063 -0.905951 -0.905521 -0.355854 0.231085 1.28472 2.24618 -1.73056</i>
                        <i>-0.425879 0.834351 -0.34998 -0.0804348 -0.420194 -0.903863 -0.901198 -0.356786 0.246062 1.28385 2.24949 -1.75862</i>
                        <i>-0.43182 0.831829 -0.3487 -0.0900491 -0.424431 -0.900971 -0.897453 -0.357657 0.258183 1.28291 2.24996 -1.7851</i>
                    </KeyFrames>
                </p>
            </i>
            <i>
                <p>
                    <Name><![CDATA[spine2]]></Name>
                    <Exclude>0</Exclude>
                    <Additive>0</Additive>
                    <IKPriority>0</IKPriority>
                    <IKRotLimits>-1e+010 -1e+010 -1e+010 1e+010 1e+010 1e+010</IKRotLimits>
                    <IKRotLimitOrder>0</IKRotLimitOrder>
                    <KeyFrames count="61">
                        <i>-0.596691 0.736171 -0.319392 0.029291 -0.377765 -0.925438 -0.801936 -0.561556 0.203846 1.21071 2.38858 -1.8433</i>
                        <i>-0.599168 0.733594 -0.320682 0.0328866 -0.377651 -0.925364 -0.799947 -0.564995 0.202151 1.2097 2.38667 -1.84084</i>
                        <i>-0.601836 0.730136 -0.323566 0.0379911 -0.378522 -0.924812 -0.797716 -0.568878 0.20007 1.20854 2.38451 -1.83462</i>
                        <i>-0.604673 0.725955 -0.327658 0.0442994 -0.380095 -0.923886 -0.795241 -0.573164 0.197674 1.20728 2.38213 -1.82495</i>
                        <i>-0.607662 0.721203 -0.332586 0.0515107 -0.382099 -0.922685 -0.792524 -0.577812 0.195037 1.20594 2.3796 -1.81217</i>
                        <i>-0.610793 0.716028 -0.337987 0.0593252 -0.38428 -0.921309 -0.789565 -0.58278 0.192237 1.20455 2.37696 -1.79661</i>
                        <i>-0.614066 0.710575 -0.343519 0.0674442 -0.38641 -0.919858 -0.786368 -0.588022 0.189357 1.20315 2.37426 -1.77862</i>
                        <i>-0.617494 0.704984 -0.348853 0.0755701 -0.388285 -0.918436 -0.782937 -0.593491 0.186488 1.20175 2.37155 -1.75854</i>
                        <i>-0.6211 0.699389 -0.35368 0.0834078 -0.389728 -0.917145 -0.77928 -0.599139 0.183726 1.20038 2.36887 -1.73674</i>
                        <i>-0.624918 0.693918 -0.35771 0.0906674 -0.390586 -0.916091 -0.775408 -0.604914 0.181168 1.19908 2.36627 -1.71359</i>
                        <i>-0.628986 0.688692 -0.360665 0.0970656 -0.390727 -0.915375 -0.771333 -0.610766 0.178914 1.19787 2.36379 -1.68947</i>
                        <i>-0.633351 0.683825 -0.362285 0.102328 -0.390035 -0.915096 -0.76707 -0.616649 0.177055 1.19677 2.36147 -1.66475</i>
                        <i>-0.638054 0.679422 -0.362316 0.10619 -0.388405 -0.91535 -0.762634 -0.622517 0.175675 1.19581 2.35936 -1.63983</i>
                        <i>-0.643133 0.675583 -0.360511 0.108398 -0.385731 -0.916221 -0.758044 -0.62833 0.174845 1.19501 2.3575 -1.61509</i>
                        <i>-0.648614 0.672399 -0.356621 0.108707 -0.381905 -0.917786 -0.753314 -0.634057 0.174614 1.19442 2.35593 -1.59093</i>
                        <i>-0.654511 0.669957 -0.35039 0.106886 -0.376799 -0.920108 -0.748459 -0.639672 0.17501 1.19405 2.35468 -1.56772</i>
                        <i>-0.660919 0.668405 -0.341205 0.102539 -0.369967 -0.923369 -0.743419 -0.645259 0.175981 1.19395 2.35381 -1.54591</i>
                        <i>-0.667844 0.667839 -0.328597 0.0953571 -0.361074 -0.927649 -0.738168 -0.650859 0.177458 1.19416 2.35334 -1.52589</i>
                        <i>-0.675109 0.668253 -0.312515 0.0852571 -0.350111 -0.93282 -0.732774 -0.6564 0.17939 1.1949 2.35332 -1.50799</i>
                        <i>-0.682506 0.669623 -0.292901 0.0721897 -0.33703 -0.938722 -0.727306 -0.661828 0.181685 1.1963 2.35379 -1.49252</i>
                        <i>-0.689771 0.672663 -0.267842 0.0556989 -0.319538 -0.945935 -0.721882 -0.667397 0.182942 1.1983 2.35527 -1.47936</i>
                        <i>-0.696583 0.677825 -0.235214 0.0353842 -0.294981 -0.954848 -0.716603 -0.673454 0.181495 1.20081 2.35814 -1.46642</i>
                        <i>-0.702415 0.684258 -0.195971 0.0122631 -0.263654 -0.964539 -0.711662 -0.67991 0.176804 1.20377 2.36211 -1.45204</i>
                        <i>-0.706786 0.690758 -0.152667 -0.0119016 -0.227385 -0.973732 -0.707327 -0.686404 0.168934 1.20707 2.36682 -1.43678</i>
                        <i>-0.709559 0.696323 -0.107985 -0.0356252 -0.188501 -0.981427 -0.703745 -0.692533 0.158559 1.2106 2.37195 -1.42134</i>
                        <i>-0.710895 0.700345 -0.0643819 -0.0580471 -0.149658 -0.987032 -0.700898 -0.69794 0.147044 1.21417 2.3772 -1.40648</i>
                        <i>-0.7111 0.702692 -0.023706 -0.0790788 -0.113437 -0.990393 -0.69863 -0.702394 0.136233 1.2176 2.38235 -1.39286</i>
                        <i>-0.710433 0.703644 0.0130119 -0.0992489 -0.081868 -0.991689 -0.696731 -0.70582 0.127998 1.22073 2.38724 -1.3809</i>
                        <i>-0.708953 0.703735 0.0462861 -0.119726 -0.0554162 -0.991259 -0.695019 -0.708298 0.123543 1.22344 2.39175 -1.37071</i>
                        <i>-0.706601 0.703389 0.0771879 -0.141468 -0.0335426 -0.989374 -0.693326 -0.710013 0.123208 1.22562 2.39575 -1.36214</i>
                        <i>-0.7034 0.702863 0.105887 -0.164341 -0.0158833 -0.986276 -0.691535 -0.711147 0.126682 1.22719 2.39906 -1.3547</i>
                        <i>-0.698771 0.701772 0.138687 -0.190133 0.00469703 -0.981747 -0.689614 -0.712386 0.130148 1.22834 2.4014 -1.34596</i>
                        <i>-0.69251 0.699083 0.178079 -0.216606 0.0339653 -0.975668 -0.688122 -0.714233 0.127904 1.22933 2.40237 -1.33425</i>
                        <i>-0.685429 0.69463 0.218348 -0.23965 0.0679534 -0.968478 -0.687572 -0.716151 0.11989 1.23006 2.40205 -1.32133</i>
                        <i>-0.67805 0.689174 0.255515 -0.258845 0.101471 -0.960574 -0.68793 -0.717456 0.109587 1.23045 2.40091 -1.30948</i>
                        <i>-0.670194 0.684141 0.287733 -0.276426 0.129698 -0.952243 -0.688787 -0.717725 0.102192 1.23058 2.39936 -1.30079</i>
                        <i>-0.661145 0.681317 0.314156 -0.295371 0.148545 -0.943764 -0.689669 -0.716757 0.103032 1.23065 2.39791 -1.29701</i>
                        <i>-0.651016 0.680494 0.336314 -0.315026 0.160889 -0.935347 -0.690607 -0.714873 0.109632 1.23073 2.39652 -1.29675</i>
                        <i>-0.640585 0.680219 0.356304 -0.33312 0.171902 -0.927082 -0.691868 -0.712567 0.116476 1.23071 2.39484 -1.29751</i>
                        <i>-0.630133 0.680661 0.373675 -0.349414 0.1812 -0.919281 -0.693428 -0.709836 0.123652 1.23064 2.39293 -1.29934</i>
                        <i>-0.619959 0.681999 0.38798 -0.363674 0.188392 -0.912277 -0.695264 -0.706673 0.13123 1.23052 2.39086 -1.30231</i>
                        <i>-0.610377 0.684416 0.398766 -0.375668 0.193082 -0.906417 -0.697361 -0.70306 0.13926 1.23038 2.38868 -1.30646</i>
                        <i>-0.599323 0.689249 0.407121 -0.390998 0.191738 -0.900198 -0.698521 -0.698693 0.154582 1.23064 2.38675 -1.31324</i>
                        <i>-0.586234 0.698352 0.410652 -0.411349 0.180102 -0.893507 -0.697941 -0.692725 0.181684 1.2314 2.38545 -1.32457</i>
                        <i>-0.574794 0.712245 0.402887 -0.42894 0.157036 -0.889579 -0.696866 -0.684139 0.215247 1.23205 2.3848 -1.34109</i>
                        <i>-0.568631 0.729286 0.380528 -0.436351 0.124727 -0.89109 -0.697321 -0.672745 0.247301 1.2321 2.3844 -1.3617</i>
                        <i>-0.570379 0.74759 0.34026 -0.424509 0.0863374 -0.901298 -0.703179 -0.658525 0.268114 1.23256 2.38273 -1.3856</i>
                        <i>-0.578326 0.764618 0.284425 -0.39144 0.0458062 -0.919063 -0.715761 -0.642853 0.272811 1.23381 2.37897 -1.41153</i>
                        <i>-0.587555 0.778426 0.220981 -0.344892 0.00613323 -0.938622 -0.732003 -0.627707 0.264869 1.23474 2.37395 -1.43795</i>
                        <i>-0.594835 0.789075 0.153403 -0.291812 -0.0341502 -0.955866 -0.749011 -0.613347 0.250575 1.23394 2.36867 -1.4657</i>
                        <i>-0.599053 0.79653 0.0816984 -0.236087 -0.0782109 -0.968579 -0.765113 -0.599519 0.234903 1.23171 2.36402 -1.49649</i>
                        <i>-0.600423 0.799659 0.00615995 -0.178739 -0.12669 -0.975706 -0.779451 -0.586938 0.218997 1.22947 2.36074 -1.53089</i>
                        <i>-0.599202 0.797494 -0.0704293 -0.120834 -0.17705 -0.976756 -0.791426 -0.576764 0.202453 1.22731 2.35954 -1.5681</i>
                        <i>-0.595651 0.790159 -0.144394 -0.0651467 -0.226694 -0.971785 -0.800597 -0.569438 0.186507 1.22523 2.36096 -1.60718</i>
                        <i>-0.590575 0.77863 -0.212033 -0.0147319 -0.273106 -0.961871 -0.806849 -0.564933 0.17276 1.22323 2.36446 -1.64706</i>
                        <i>-0.585198 0.764606 -0.27004 0.0274366 -0.314155 -0.948975 -0.810426 -0.562747 0.162865 1.22124 2.36925 -1.68667</i>
                        <i>-0.580888 0.75026 -0.315719 0.0587048 -0.348245 -0.935564 -0.811864 -0.561992 0.158248 1.21919 2.3746 -1.72495</i>
                        <i>-0.58054 0.740876 -0.33775 0.0691169 -0.368471 -0.927066 -0.811293 -0.561543 0.162705 1.21705 2.38008 -1.75949</i>
                        <i>-0.584779 0.738263 -0.336157 0.0589062 -0.374657 -0.92529 -0.809051 -0.560892 0.175603 1.21487 2.38507 -1.78961</i>
                        <i>-0.590922 0.738264 -0.325235 0.0411649 -0.375034 -0.926097 -0.805678 -0.560639 0.191225 1.21274 2.38834 -1.81695</i>
                        <i>-0.596691 0.736171 -0.319392 0.029291 -0.377765 -0.925438 -0.801936 -0.561556 0.203846 1.21071 2.38858 -1.8433</i>
                    </KeyFrames>
                </p>
            </i>
            <i>
                <p>
                    <Name><![CDATA[head]]></Name>
                    <Exclude>0</Exclude>
                    <Additive>0</Additive>
                    <IKPriority>0</IKPriority>
                    <IKRotLimits>-1e+010 -1e+010 -1e+010 1e+010 1e+010 1e+010</IKRotLimits>
                    <IKRotLimitOrder>0</IKRotLimitOrder>
                    <KeyFrames count="61">
                        <i>-0.00363727 0.999778 0.0207465 0.172647 0.0210629 -0.984758 -0.984977 4.02072e-008 -0.172686 1.06601 2.59289 -1.91954</i>
                        <i>-0.00232545 0.999911 0.0131413 0.172132 0.0133455 -0.984984 -0.985071 -2.85491e-005 -0.172147 1.0642 2.59046 -1.9174</i>
                        <i>-0.000756965 0.999992 0.00400089 0.171973 0.00407145 -0.985093 -0.985101 -5.76567e-005 -0.171975 1.06215 2.58758 -1.9119</i>
                        <i>0.00105684 0.999978 -0.00655878 0.172157 -0.00664285 -0.985047 -0.985069 -8.8084e-005 -0.172161 1.05991 2.58432 -1.90327</i>
                        <i>0.00310743 0.999826 -0.0184206 0.172676 -0.0186804 -0.984801 -0.984974 -0.000120558 -0.172704 1.05753 2.58077 -1.89176</i>
                        <i>0.00538634 0.999491 -0.0314533 0.173524 -0.0319108 -0.984313 -0.984815 -0.00015604 -0.173607 1.05503 2.57699 -1.8776</i>
                        <i>0.00788266 0.998933 -0.0454983 0.174693 -0.0461756 -0.98354 -0.984591 -0.000195246 -0.17487 1.05245 2.57308 -1.86106</i>
                        <i>0.0105795 0.998121 -0.0603548 0.176174 -0.0612746 -0.98245 -0.984302 -0.000239177 -0.176492 1.04983 2.5691 -1.8424</i>
                        <i>0.0134493 0.997035 -0.0757645 0.177956 -0.0769485 -0.981025 -0.983947 -0.000288631 -0.178463 1.04719 2.56514 -1.82191</i>
                        <i>0.016449 0.995679 -0.091394 0.180017 -0.0928618 -0.97927 -0.983526 -0.000344406 -0.180767 1.04455 2.56127 -1.79987</i>
                        <i>0.0195135 0.994087 -0.106818 0.182332 -0.108585 -0.977223 -0.983043 -0.000407276 -0.183373 1.04195 2.55755 -1.7766</i>
                        <i>0.0225486 0.992335 -0.121502 0.184865 -0.123576 -0.974964 -0.982505 -0.000477544 -0.186234 1.0394 2.55406 -1.75241</i>
                        <i>0.025424 0.990547 -0.134794 0.18757 -0.13717 -0.972626 -0.981922 -0.000555314 -0.189284 1.03692 2.55087 -1.72761</i>
                        <i>0.0279686 0.988902 -0.145914 0.190391 -0.148569 -0.970401 -0.98131 -0.00064006 -0.192434 1.03454 2.54804 -1.70253</i>
                        <i>0.0299676 0.987622 -0.153963 0.193262 -0.15685 -0.968529 -0.980689 -0.000730705 -0.19557 1.03228 2.54563 -1.67749</i>
                        <i>0.0311674 0.986956 -0.157945 0.196099 -0.160988 -0.967279 -0.980089 -0.000825386 -0.198559 1.03018 2.5437 -1.65282</i>
                        <i>0.0315974 0.986905 -0.158177 0.198939 -0.161299 -0.966647 -0.979502 -0.000924158 -0.201431 1.02828 2.54233 -1.62882</i>
                        <i>0.0314194 0.987334 -0.155516 0.201871 -0.158655 -0.966476 -0.978908 -0.0010282 -0.204299 1.02663 2.54156 -1.60579</i>
                        <i>0.030594 0.988253 -0.149733 0.205148 -0.152822 -0.966726 -0.978253 -0.00114132 -0.207414 1.02548 2.54146 -1.58403</i>
