<?xml version="1.0" encoding="ISO-8859-1" ?>
<Animl Version="1">
    <ModellingPackage><![CDATA[Maya.2010]]></ModellingPackage>
    <SrcFile><![CDATA[anims\turrets\special\blue\~src\bugspray\bugspray_fire_crewmanb.mb]]></SrcFile>
    <FramesPerSecond>30</FramesPerSecond>
    <TotalFrames>91</TotalFrames>
    <Skeleton>
        <RefFrame>
            <Name><![CDATA[soldier_ref_frame]]></Name>
            <Exclude>0</Exclude>
            <Additive>0</Additive>
            <IKPriority>0</IKPriority>
            <IKRotLimits>-1e+010 -1e+010 -1e+010 1e+010 1e+010 1e+010</IKRotLimits>
            <IKRotLimitOrder>0</IKRotLimitOrder>
            <KeyFrames count="91">
                <i>1 0 0 0 1 0 0 0 1 -1 0.9 -0.9</i>
                <i>1 0 0 0 1 0 0 0 1 -1 0.9 -0.9</i>
                <i>1 0 0 0 1 0 0 0 1 -1 0.9 -0.9</i>
                <i>1 0 0 0 1 0 0 0 1 -1 0.9 -0.9</i>
                <i>1 0 0 0 1 0 0 0 1 -1 0.9 -0.9</i>
                <i>1 0 0 0 1 0 0 0 1 -1 0.9 -0.9</i>
                <i>1 0 0 0 1 0 0 0 1 -1 0.9 -0.9</i>
                <i>1 0 0 0 1 0 0 0 1 -1 0.9 -0.9</i>
                <i>1 0 0 0 1 0 0 0 1 -1 0.9 -0.9</i>
                <i>1 0 0 0 1 0 0 0 1 -1 0.9 -0.9</i>
                <i>1 0 0 0 1 0 0 0 1 -1 0.9 -0.9</i>
                <i>1 0 0 0 1 0 0 0 1 -1 0.9 -0.9</i>
                <i>1 0 0 0 1 0 0 0 1 -1 0.9 -0.9</i>
                <i>1 0 0 0 1 0 0 0 1 -1 0.9 -0.9</i>
                <i>1 0 0 0 1 0 0 0 1 -1 0.9 -0.9</i>
                <i>1 0 0 0 1 0 0 0 1 -1 0.9 -0.9</i>
                <i>1 0 0 0 1 0 0 0 1 -1 0.9 -0.9</i>
                <i>1 0 0 0 1 0 0 0 1 -1 0.9 -0.9</i>
                <i>1 0 0 0 1 0 0 0 1 -1 0.9 -0.9</i>
                <i>1 0 0 0 1 0 0 0 1 -1 0.9 -0.9</i>
                <i>1 0 0 0 1 0 0 0 1 -1 0.9 -0.9</i>
                <i>1 0 0 0 1 0 0 0 1 -1 0.9 -0.9</i>
                <i>1 0 0 0 1 0 0 0 1 -1 0.9 -0.9</i>
                <i>1 0 0 0 1 0 0 0 1 -1 0.9 -0.9</i>
                <i>1 0 0 0 1 0 0 0 1 -1 0.9 -0.9</i>
                <i>1 0 0 0 1 0 0 0 1 -1 0.9 -0.9</i>
                <i>1 0 0 0 1 0 0 0 1 -1 0.9 -0.9</i>
                <i>1 0 0 0 1 0 0 0 1 -1 0.9 -0.9</i>
                <i>1 0 0 0 1 0 0 0 1 -1 0.9 -0.9</i>
                <i>1 0 0 0 1 0 0 0 1 -1 0.9 -0.9</i>
                <i>1 0 0 0 1 0 0 0 1 -1 0.9 -0.9</i>
                <i>1 0 0 0 1 0 0 0 1 -1 0.9 -0.9</i>
                <i>1 0 0 0 1 0 0 0 1 -1 0.9 -0.9</i>
                <i>1 0 0 0 1 0 0 0 1 -1 0.9 -0.9</i>
                <i>1 0 0 0 1 0 0 0 1 -1 0.9 -0.9</i>
                <i>1 0 0 0 1 0 0 0 1 -1 0.9 -0.9</i>
                <i>1 0 0 0 1 0 0 0 1 -1 0.9 -0.9</i>
                <i>1 0 0 0 1 0 0 0 1 -1 0.9 -0.9</i>
                <i>1 0 0 0 1 0 0 0 1 -1 0.9 -0.9</i>
                <i>1 0 0 0 1 0 0 0 1 -1 0.9 -0.9</i>
                <i>1 0 0 0 1 0 0 0 1 -1 0.9 -0.9</i>
                <i>1 0 0 0 1 0 0 0 1 -1 0.9 -0.9</i>
                <i>1 0 0 0 1 0 0 0 1 -1 0.9 -0.9</i>
                <i>1 0 0 0 1 0 0 0 1 -1 0.9 -0.9</i>
                <i>1 0 0 0 1 0 0 0 1 -1 0.9 -0.9</i>
                <i>1 0 0 0 1 0 0 0 1 -1 0.9 -0.9</i>
                <i>1 0 0 0 1 0 0 0 1 -1 0.9 -0.9</i>
                <i>1 0 0 0 1 0 0 0 1 -1 0.9 -0.9</i>
                <i>1 0 0 0 1 0 0 0 1 -1 0.9 -0.9</i>
                <i>1 0 0 0 1 0 0 0 1 -1 0.9 -0.9</i>
                <i>1 0 0 0 1 0 0 0 1 -1 0.9 -0.9</i>
                <i>1 0 0 0 1 0 0 0 1 -1 0.9 -0.9</i>
                <i>1 0 0 0 1 0 0 0 1 -1 0.9 -0.9</i>
                <i>1 0 0 0 1 0 0 0 1 -1 0.9 -0.9</i>
                <i>1 0 0 0 1 0 0 0 1 -1 0.9 -0.9</i>
                <i>1 0 0 0 1 0 0 0 1 -1 0.9 -0.9</i>
                <i>1 0 0 0 1 0 0 0 1 -1 0.9 -0.9</i>
                <i>1 0 0 0 1 0 0 0 1 -1 0.9 -0.9</i>
                <i>1 0 0 0 1 0 0 0 1 -1 0.9 -0.9</i>
                <i>1 0 0 0 1 0 0 0 1 -1 0.9 -0.9</i>
                <i>1 0 0 0 1 0 0 0 1 -1 0.9 -0.9</i>
                <i>1 0 0 0 1 0 0 0 1 -1 0.9 -0.9</i>
                <i>1 0 0 0 1 0 0 0 1 -1 0.9 -0.9</i>
                <i>1 0 0 0 1 0 0 0 1 -1 0.9 -0.9</i>
                <i>1 0 0 0 1 0 0 0 1 -1 0.9 -0.9</i>
                <i>1 0 0 0 1 0 0 0 1 -1 0.9 -0.9</i>
                <i>1 0 0 0 1 0 0 0 1 -1 0.9 -0.9</i>
                <i>1 0 0 0 1 0 0 0 1 -1 0.9 -0.9</i>
                <i>1 0 0 0 1 0 0 0 1 -1 0.9 -0.9</i>
                <i>1 0 0 0 1 0 0 0 1 -1 0.9 -0.9</i>
                <i>1 0 0 0 1 0 0 0 1 -1 0.9 -0.9</i>
                <i>1 0 0 0 1 0 0 0 1 -1 0.9 -0.9</i>
                <i>1 0 0 0 1 0 0 0 1 -1 0.9 -0.9</i>
                <i>1 0 0 0 1 0 0 0 1 -1 0.9 -0.9</i>
                <i>1 0 0 0 1 0 0 0 1 -1 0.9 -0.9</i>
                <i>1 0 0 0 1 0 0 0 1 -1 0.9 -0.9</i>
                <i>1 0 0 0 1 0 0 0 1 -1 0.9 -0.9</i>
                <i>1 0 0 0 1 0 0 0 1 -1 0.9 -0.9</i>
                <i>1 0 0 0 1 0 0 0 1 -1 0.9 -0.9</i>
                <i>1 0 0 0 1 0 0 0 1 -1 0.9 -0.9</i>
                <i>1 0 0 0 1 0 0 0 1 -1 0.9 -0.9</i>
                <i>1 0 0 0 1 0 0 0 1 -1 0.9 -0.9</i>
                <i>1 0 0 0 1 0 0 0 1 -1 0.9 -0.9</i>
                <i>1 0 0 0 1 0 0 0 1 -1 0.9 -0.9</i>
                <i>1 0 0 0 1 0 0 0 1 -1 0.9 -0.9</i>
                <i>1 0 0 0 1 0 0 0 1 -1 0.9 -0.9</i>
                <i>1 0 0 0 1 0 0 0 1 -1 0.9 -0.9</i>
                <i>1 0 0 0 1 0 0 0 1 -1 0.9 -0.9</i>
                <i>1 0 0 0 1 0 0 0 1 -1 0.9 -0.9</i>
                <i>1 0 0 0 1 0 0 0 1 -1 0.9 -0.9</i>
                <i>1 0 0 0 1 0 0 0 1 -1 0.9 -0.9</i>
            </KeyFrames>
        </RefFrame>
        <Bones count="23">
            <i>
                <p>
                    <Name><![CDATA[pelvis]]></Name>
                    <Exclude>0</Exclude>
                    <Additive>0</Additive>
                    <IKPriority>0</IKPriority>
                    <IKRotLimits>-1e+010 -1e+010 -1e+010 1e+010 1e+010 1e+010</IKRotLimits>
                    <IKRotLimitOrder>2</IKRotLimitOrder>
                    <KeyFrames count="91">
                        <i>1 0 0 0 1 0 0 0 1 -0.788864 1.61919 -0.830699</i>
                        <i>1 0 0 0 1 0 0 0 1 -0.789685 1.62008 -0.830699</i>
                        <i>1 0 0 0 1 0 0 0 1 -0.79034 1.6211 -0.830699</i>
                        <i>1 0 0 0 1 0 0 0 1 -0.790879 1.62217 -0.830699</i>
                        <i>1 0 0 0 1 0 0 0 1 -0.79135 1.62321 -0.830699</i>
                        <i>1 0 0 0 1 0 0 0 1 -0.791805 1.62416 -0.830699</i>
                        <i>1 0 0 0 1 0 0 0 1 -0.792294 1.62492 -0.830699</i>
                        <i>1 0 0 0 1 0 0 0 1 -0.792865 1.62542 -0.830699</i>
                        <i>1 0 0 0 1 0 0 0 1 -0.79357 1.62558 -0.830699</i>
                        <i>1 0 0 0 1 0 0 0 1 -0.794458 1.6272 -0.830699</i>
                        <i>1 0 0 0 1 0 0 0 1 -0.795579 1.6302 -0.830699</i>
                        <i>1 0 0 0 1 0 0 0 1 -0.796983 1.63171 -0.830699</i>
                        <i>1 0 0 0 1 0 0 0 1 -0.79872 1.62886 -0.830699</i>
                        <i>1 0 0 0 1 0 0 0 1 -0.80084 1.6188 -0.830699</i>
                        <i>1 0 0 0 1 0 0 0 1 -0.803829 1.60131 -0.830699</i>
                        <i>1 0 0 0 1 0 0 0 1 -0.807928 1.57906 -0.830699</i>
                        <i>1 0 0 0 1 0 0 0 1 -0.812818 1.55352 -0.830699</i>
                        <i>1 0 0 0 1 0 0 0 1 -0.81818 1.52617 -0.830699</i>
                        <i>1 0 0 0 1 0 0 0 1 -0.823695 1.49847 -0.830699</i>
                        <i>1 0 0 0 1 0 0 0 1 -0.829045 1.47189 -0.830699</i>
                        <i>1 0 0 0 1 0 0 0 1 -0.83391 1.4479 -0.830699</i>
                        <i>1 0 0 0 1 0 0 0 1 -0.837971 1.42797 -0.830699</i>
                        <i>1 0 0 0 1 0 0 0 1 -0.84091 1.41356 -0.830699</i>
                        <i>1 0 0 0 1 0 0 0 1 -0.842407 1.40614 -0.830699</i>
                        <i>1 0 0 0 1 0 0 0 1 -0.843052 1.40284 -0.830699</i>
                        <i>1 0 0 0 1 0 0 0 1 -0.843647 1.3998 -0.830699</i>
                        <i>1 0 0 0 1 0 0 0 1 -0.844193 1.397 -0.830699</i>
                        <i>1 0 0 0 1 0 0 0 1 -0.844692 1.39445 -0.830699</i>
                        <i>1 0 0 0 1 0 0 0 1 -0.845146 1.39213 -0.830699</i>
                        <i>1 0 0 0 1 0 0 0 1 -0.845555 1.39004 -0.830699</i>
                        <i>1 0 0 0 1 0 0 0 1 -0.845922 1.38816 -0.830699</i>
                        <i>1 0 0 0 1 0 0 0 1 -0.846247 1.38649 -0.830699</i>
                        <i>1 0 0 0 1 0 0 0 1 -0.846533 1.38503 -0.830699</i>
                        <i>1 0 0 0 1 0 0 0 1 -0.846781 1.38377 -0.830699</i>
                        <i>1 0 0 0 1 0 0 0 1 -0.846992 1.38269 -0.830699</i>
                        <i>1 0 0 0 1 0 0 0 1 -0.847168 1.38179 -0.830699</i>
                        <i>1 0 0 0 1 0 0 0 1 -0.84731 1.38106 -0.830699</i>
                        <i>1 0 0 0 1 0 0 0 1 -0.84742 1.3805 -0.830699</i>
                        <i>1 0 0 0 1 0 0 0 1 -0.847499 1.38009 -0.830699</i>
                        <i>1 0 0 0 1 0 0 0 1 -0.847549 1.37984 -0.830699</i>
                        <i>1 0 0 0 1 0 0 0 1 -0.847571 1.37973 -0.830699</i>
                        <i>1 0 0 0 1 0 0 0 1 -0.847566 1.37975 -0.830699</i>
                        <i>1 0 0 0 1 0 0 0 1 -0.847538 1.3799 -0.830699</i>
                        <i>1 0 0 0 1 0 0 0 1 -0.847485 1.38016 -0.830699</i>
                        <i>1 0 0 0 1 0 0 0 1 -0.847411 1.38054 -0.830699</i>
                        <i>1 0 0 0 1 0 0 0 1 -0.847317 1.38103 -0.830699</i>
                        <i>1 0 0 0 1 0 0 0 1 -0.847203 1.38161 -0.830699</i>
                        <i>1 0 0 0 1 0 0 0 1 -0.847073 1.38227 -0.830699</i>
                        <i>1 0 0 0 1 0 0 0 1 -0.846926 1.38302 -0.830699</i>
                        <i>1 0 0 0 1 0 0 0 1 -0.846765 1.38385 -0.830699</i>
                        <i>1 0 0 0 1 0 0 0 1 -0.846591 1.38474 -0.830699</i>
                        <i>1 0 0 0 1 0 0 0 1 -0.846406 1.38568 -0.830699</i>
                        <i>1 0 0 0 1 0 0 0 1 -0.846211 1.38668 -0.830699</i>
                        <i>1 0 0 0 1 0 0 0 1 -0.846007 1.38772 -0.830699</i>
                        <i>1 0 0 0 1 0 0 0 1 -0.845797 1.3888 -0.830699</i>
                        <i>1 0 0 0 1 0 0 0 1 -0.845581 1.3899 -0.830699</i>
                        <i>1 0 0 0 1 0 0 0 1 -0.845361 1.39103 -0.830699</i>
                        <i>1 0 0 0 1 0 0 0 1 -0.845139 1.39217 -0.830699</i>
                        <i>1 0 0 0 1 0 0 0 1 -0.844915 1.39331 -0.830699</i>
                        <i>1 0 0 0 1 0 0 0 1 -0.844692 1.39445 -0.830699</i>
                        <i>1 0 0 0 1 0 0 0 1 -0.844471 1.39558 -0.830699</i>
                        <i>1 0 0 0 1 0 0 0 1 -0.844254 1.39669 -0.830699</i>
                        <i>1 0 0 0 1 0 0 0 1 -0.844042 1.39778 -0.830699</i>
                        <i>1 0 0 0 1 0 0 0 1 -0.843835 1.39883 -0.830699</i>
                        <i>1 0 0 0 1 0 0 0 1 -0.843637 1.39985 -0.830699</i>
                        <i>1 0 0 0 1 0 0 0 1 -0.843449 1.40081 -0.830699</i>
                        <i>1 0 0 0 1 0 0 0 1 -0.843271 1.40172 -0.830699</i>
                        <i>1 0 0 0 1 0 0 0 1 -0.843106 1.40257 -0.830699</i>
                        <i>1 0 0 0 1 0 0 0 1 -0.842954 1.40334 -0.830699</i>
                        <i>1 0 0 0 1 0 0 0 1 -0.842818 1.40404 -0.830699</i>
                        <i>1 0 0 0 1 0 0 0 1 -0.842699 1.40465 -0.830699</i>
                        <i>1 0 0 0 1 0 0 0 1 -0.842598 1.40517 -0.830699</i>
                        <i>1 0 0 0 1 0 0 0 1 -0.842517 1.40558 -0.830699</i>
                        <i>1 0 0 0 1 0 0 0 1 -0.842457 1.40589 -0.830699</i>
                        <i>1 0 0 0 1 0 0 0 1 -0.84242 1.40608 -0.830699</i>
                        <i>1 0 0 0 1 0 0 0 1 -0.842407 1.40614 -0.830699</i>
                        <i>1 0 0 0 1 0 0 0 1 -0.841947 1.40797 -0.830699</i>
                        <i>1 0 0 0 1 0 0 0 1 -0.84063 1.41321 -0.830699</i>
                        <i>1 0 0 0 1 0 0 0 1 -0.838552 1.42148 -0.830699</i>
                        <i>1 0 0 0 1 0 0 0 1 -0.835808 1.4324 -0.830699</i>
                        <i>1 0 0 0 1 0 0 0 1 -0.832492 1.44559 -0.830699</i>
                        <i>1 0 0 0 1 0 0 0 1 -0.8287 1.46068 -0.830699</i>
                        <i>1 0 0 0 1 0 0 0 1 -0.824528 1.47728 -0.830699</i>
                        <i>1 0 0 0 1 0 0 0 1 -0.82007 1.49502 -0.830699</i>
                        <i>1 0 0 0 1 0 0 0 1 -0.815422 1.51352 -0.830699</i>
                        <i>1 0 0 0 1 0 0 0 1 -0.810678 1.53239 -0.830699</i>
                        <i>1 0 0 0 1 0 0 0 1 -0.805934 1.55126 -0.830699</i>
                        <i>1 0 0 0 1 0 0 0 1 -0.801286 1.56976 -0.830699</i>
                        <i>1 0 0 0 1 0 0 0 1 -0.796828 1.5875 -0.830699</i>
                        <i>1 0 0 0 1 0 0 0 1 -0.792656 1.6041 -0.830699</i>
                        <i>1 0 0 0 1 0 0 0 1 -0.788864 1.61919 -0.830699</i>
                    </KeyFrames>
                </p>
            </i>
            <i>
                <p>
                    <Name><![CDATA[spine0]]></Name>
                    <Exclude>0</Exclude>
                    <Additive>0</Additive>
                    <IKPriority>0</IKPriority>
                    <IKRotLimits>-1e+010 -1e+010 -1e+010 1e+010 1e+010 1e+010</IKRotLimits>
                    <IKRotLimitOrder>0</IKRotLimitOrder>
                    <KeyFrames count="91">
                        <i>0.0831921 0.996516 -0.00589749 -0.996521 0.0831605 -0.00542752 -0.00491818 0.0063285 0.999968 -0.790711 1.74066 -0.90775</i>
                        <i>0.0831612 0.996513 -0.00673582 -0.996522 0.0831223 -0.00587464 -0.00529426 0.00720093 0.99996 -0.791014 1.74151 -0.907829</i>
                        <i>0.0831721 0.996507 -0.00752223 -0.996505 0.0831086 -0.00838538 -0.00773093 0.00819337 0.999937 -0.790956 1.74247 -0.907926</i>
                        <i>0.0831902 0.996499 -0.00826498 -0.996466 0.0830848 -0.0123624 -0.0116324 0.0092642 0.999889 -0.79066 1.74348 -0.908028</i>
                        <i>0.0831779 0.996494 -0.00897357 -0.9964 0.0830151 -0.0172086 -0.0164033 0.0103726 0.999812 -0.79025 1.74446 -0.908126</i>
                        <i>0.0830946 0.996495 -0.00965907 -0.996311 0.0828629 -0.0223269 -0.0214483 0.0114787 0.999704 -0.789848 1.74533 -0.908211</i>
                        <i>0.0828968 0.996505 -0.0103339 -0.996214 0.0825914 -0.0271209 -0.0261726 0.0125431 0.999579 -0.789577 1.74604 -0.908278</i>
                        <i>0.0825385 0.996527 -0.0110111 -0.996137 0.0821637 -0.0309944 -0.0299821 0.0135268 0.999459 -0.789561 1.7465 -0.908324</i>
                        <i>0.0819719 0.996566 -0.011703 -0.996112 0.0815428 -0.0333516 -0.0322828 0.0143914 0.999375 -0.789924 1.74663 -0.908347</i>
                        <i>0.0811471 0.996625 -0.0124193 -0.996173 0.0806916 -0.0335965 -0.032481 0.015098 0.999358 -0.79079 1.74825 -0.908347</i>
                        <i>0.0800664 0.996702 -0.0131754 -0.99634 0.0796264 -0.0310838 -0.0299321 0.015616 0.99943 -0.79225 1.75127 -0.908322</i>
                        <i>0.0787771 0.996794 -0.01399 -0.996605 0.0784095 -0.0251247 -0.0239472 0.0159217 0.999586 -0.794369 1.75283 -0.908271</i>
                        <i>0.0772947 0.996897 -0.0148683 -0.996912 0.0770713 -0.0150568 -0.0138642 0.0159862 0.999776 -0.79723 1.75007 -0.908185</i>
                        <i>0.0756328 0.99701 -0.0158092 -0.997135 0.0756388 -0.000217851 0.000978586 0.0157804 0.999875 -0.800914 1.7401 -0.908045</i>
                        <i>0.0737241 0.997135 -0.0169231 -0.996942 0.0741294 0.0247217 0.0259053 0.0150487 0.999551 -0.806296 1.72275 -0.907786</i>
                        <i>0.0715271 0.997272 -0.0182117 -0.995417 0.0725321 0.0623246 0.0634755 0.0136703 0.99789 -0.813788 1.70068 -0.907304</i>
                        <i>0.0691047 0.997418 -0.0195219 -0.99151 0.0708296 0.109043 0.110144 0.0118208 0.993845 -0.822764 1.67537 -0.906527</i>
                        <i>0.0665409 0.997568 -0.0207311 -0.984496 0.0690201 0.161257 0.162296 0.00967943 0.986695 -0.832598 1.64826 -0.905418</i>
                        <i>0.0639395 0.997717 -0.0217557 -0.974231 0.0671298 0.215332 0.216301 0.00742685 0.976299 -0.842665 1.6208 -0.903996</i>
                        <i>0.0614193 0.997857 -0.0225556 -0.96129 0.0652198 0.26771 0.268607 0.0052399 0.963235 -0.85236 1.59444 -0.902347</i>
                        <i>0.0593085 0.99798 -0.0227884 -0.94697 0.0634698 0.314993 0.315803 0.00289815 0.948821 -0.861097 1.57065 -0.900619</i>
                        <i>0.0578419 0.998074 -0.0224155 -0.933174 0.0620318 0.354032 0.35474 0.000439698 0.934965 -0.868324 1.55088 -0.899012</i>
                        <i>0.0569298 0.998139 -0.0218608 -0.922181 0.0609622 0.381924 0.382545 -0.00158325 0.923935 -0.87351 1.53659 -0.897758</i>
                        <i>0.0564135 0.998176 -0.0215097 -0.916322 0.0603181 0.395873 0.396448 -0.00262271 0.918054 -0.876138 1.52923 -0.897089</i>
                        <i>0.0560507 0.998199 -0.0213838 -0.913823 0.0599175 0.401668 0.402226 -0.00297275 0.915536 -0.877266 1.52596 -0.896794</i>
                        <i>0.0557178 0.99822 -0.0212643 -0.911485 0.0595465 0.407 0.407542 -0.00329499 0.913181 -0.878304 1.52294 -0.89652</i>
                        <i>0.0554136 0.998239 -0.0211518 -0.909311 0.0592045 0.411883 0.412411 -0.00359033 0.910991 -0.879257 1.52016 -0.896265</i>
                        <i>0.0551368 0.998257 -0.0210467 -0.907302 0.0588909 0.416336 0.416849 -0.00385973 0.908967 -0.880125 1.51763 -0.896029</i>
                        <i>0.0548865 0.998273 -0.0209492 -0.905457 0.058605 0.420372 0.420874 -0.00410411 0.90711 -0.880913 1.51533 -0.895814</i>
                        <i>0.0546613 0.998287 -0.0208597 -0.903777 0.0583463 0.424009 0.4245 -0.00432437 0.905418 -0.881624 1.51325 -0.895618</i>
                        <i>0.0544604 0.9983 -0.0207782 -0.902259 0.0581139 0.427261 0.427742 -0.00452143 0.90389 -0.882259 1.51138 -0.895442</i>
                        <i>0.0542825 0.998311 -0.0207049 -0.900901 0.0579071 0.430143 0.430616 -0.00469616 0.902523 -0.882823 1.50973 -0.895284</i>
                        <i>0.0541268 0.998321 -0.0206398 -0.899702 0.0577252 0.432671 0.433136 -0.00484943 0.901316 -0.883318 1.50828 -0.895145</i>
                        <i>0.0539922 0.998329 -0.0205828 -0.898657 0.0575673 0.434858 0.435316 -0.00498211 0.900264 -0.883746 1.50702 -0.895023</i>
                        <i>0.0538778 0.998336 -0.0205338 -0.897763 0.0574326 0.436719 0.437172 -0.00509504 0.899364 -0.88411 1.50595 -0.89492</i>
                        <i>0.0537827 0.998342 -0.0204926 -0.897015 0.0573202 0.438268 0.438717 -0.00518905 0.898611 -0.884414 1.50506 -0.894833</i>
                        <i>0.0537059 0.998347 -0.0204592 -0.896408 0.0572293 0.439519 0.439964 -0.00526499 0.898 -0.884659 1.50434 -0.894763</i>
                        <i>0.0536466 0.998351 -0.0204333 -0.895938 0.0571589 0.440486 0.440928 -0.00532365 0.897527 -0.884848 1.50378 -0.894709</i>
                        <i>0.053604 0.998354 -0.0204145 -0.895599 0.0571082 0.441182 0.441621 -0.0053659 0.897186 -0.884985 1.50338 -0.894669</i>
                        <i>0.0535772 0.998355 -0.0204027 -0.895385 0.0570763 0.44162 0.442058 -0.00539252 0.89697 -0.885071 1.50312 -0.894645</i>
                        <i>0.0535653 0.998356 -0.0203974 -0.89529 0.0570621 0.441814 0.442252 -0.00540431 0.896875 -0.885109 1.50301 -0.894634</i>
                        <i>0.0535676 0.998356 -0.0203984 -0.895308 0.0570648 0.441777 0.442215 -0.00540207 0.896893 -0.885101 1.50303 -0.894636</i>
                        <i>0.0535832 0.998355 -0.0204053 -0.895433 0.0570834 0.441522 0.44196 -0.00538657 0.897018 -0.885051 1.50318 -0.89465</i>
                        <i>0.0536114 0.998353 -0.0204177 -0.895657 0.057117 0.441062 0.441502 -0.00535864 0.897244 -0.884961 1.50345 -0.894676</i>
                        <i>0.0536513 0.998351 -0.0204353 -0.895975 0.0571645 0.44041 0.440851 -0.00531904 0.897564 -0.884833 1.50382 -0.894713</i>
                        <i>0.0537023 0.998347 -0.0204577 -0.896379 0.057225 0.439578 0.440023 -0.00526855 0.897971 -0.88467 1.5043 -0.89476</i>
                        <i>0.0537635 0.998344 -0.0204843 -0.896863 0.0572975 0.438581 0.439028 -0.005208 0.898458 -0.884475 1.50488 -0.894816</i>
                        <i>0.0538342 0.998339 -0.020515 -0.89742 0.0573811 0.437429 0.43788 -0.00513814 0.899019 -0.884249 1.50554 -0.89488</i>
                        <i>0.0539136 0.998334 -0.0205491 -0.898043 0.0574747 0.436138 0.436592 -0.00505973 0.899645 -0.883996 1.50628 -0.894952</i>
                        <i>0.0540009 0.998329 -0.0205864 -0.898724 0.0575774 0.434718 0.435177 -0.00497362 0.900331 -0.883718 1.5071 -0.895031</i>
                        <i>0.0540953 0.998323 -0.0206265 -0.899458 0.0576882 0.433183 0.433647 -0.00488051 0.90107 -0.883418 1.50798 -0.895116</i>
                        <i>0.054196 0.998316 -0.0206689 -0.900237 0.0578062 0.431547 0.432015 -0.00478125 0.901854 -0.883098 1.50893 -0.895207</i>
                        <i>0.0543024 0.99831 -0.0207132 -0.901054 0.0579303 0.429821 0.430294 -0.00467661 0.902677 -0.88276 1.50992 -0.895302</i>
                        <i>0.0544136 0.998303 -0.0207591 -0.901903 0.0580596 0.428019 0.428497 -0.00456738 0.903531 -0.882408 1.51095 -0.8954</i>
                        <i>0.0545288 0.998295 -0.0208061 -0.902777 0.0581932 0.426153 0.426638 -0.00445431 0.904412 -0.882043 1.51202 -0.895502</i>
                        <i>0.0546472 0.998288 -0.020854 -0.90367 0.05833 0.424238 0.424728 -0.00433824 0.905311 -0.881668 1.51312 -0.895606</i>
                        <i>0.054768 0.99828 -0.0209024 -0.904575 0.0584691 0.422285 0.422781 -0.00421995 0.906222 -0.881287 1.51423 -0.895711</i>
                        <i>0.0548904 0.998273 -0.0209508 -0.905487 0.0586096 0.420308 0.42081 -0.00410024 0.907139 -0.880901 1.51536 -0.895818</i>
                        <i>0.0550136 0.998265 -0.020999 -0.906397 0.0587505 0.418321 0.418829 -0.00397988 0.908057 -0.880513 1.5165 -0.895924</i>
                        <i>0.0551368 0.998257 -0.0210467 -0.907302 0.0588909 0.416336 0.416849 -0.00385973 0.908967 -0.880125 1.51763 -0.896029</i>
                        <i>0.0552592 0.998249 -0.0210935 -0.908194 0.0590298 0.414366 0.414886 -0.00374054 0.909866 -0.879741 1.51875 -0.896134</i>
                        <i>0.0553798 0.998242 -0.0211391 -0.909068 0.0591664 0.412426 0.412951 -0.00362316 0.910746 -0.879362 1.51985 -0.896236</i>
                        <i>0.0554979 0.998234 -0.0211834 -0.909918 0.0592996 0.410528 0.411059 -0.00350833 0.911602 -0.878992 1.52093 -0.896336</i>
                        <i>0.0556127 0.998227 -0.0212258 -0.910738 0.0594287 0.408686 0.409223 -0.00339694 0.912428 -0.878633 1.52198 -0.896432</i>
                        <i>0.0557232 0.99822 -0.0212663 -0.911524 0.0595526 0.406913 0.407455 -0.00328977 0.913219 -0.878288 1.52298 -0.896524</i>
                        <i>0.0558286 0.998213 -0.0213045 -0.912268 0.0596704 0.405223 0.405771 -0.0031876 0.913969 -0.877958 1.52394 -0.896612</i>
                        <i>0.0559281 0.998207 -0.0213402 -0.912967 0.0597813 0.40363 0.404182 -0.00309132 0.914673 -0.877648 1.52485 -0.896694</i>
                        <i>0.0560208 0.998201 -0.0213732 -0.913615 0.0598843 0.402147 0.402703 -0.00300166 0.915326 -0.877359 1.52568 -0.89677</i>
                        <i>0.0561058 0.998195 -0.0214032 -0.914206 0.0599786 0.400787 0.401347 -0.0029195 0.915921 -0.877094 1.52645 -0.896839</i>
                        <i>0.0561823 0.998191 -0.02143 -0.914735 0.0600633 0.399564 0.400129 -0.00284567 0.916455 -0.876856 1.52715 -0.896902</i>
                        <i>0.0562494 0.998186 -0.0214533 -0.915198 0.0601374 0.398493 0.39906 -0.00278092 0.916921 -0.876648 1.52775 -0.896956</i>
                        <i>0.0563062 0.998183 -0.021473 -0.915588 0.0602 0.397586 0.398156 -0.00272614 0.917314 -0.876471 1.52826 -0.897002</i>
                        <i>0.0563519 0.99818 -0.0214887 -0.915901 0.0602503 0.396856 0.397429 -0.00268211 0.917629 -0.876329 1.52867 -0.897039</i>
                        <i>0.0563856 0.998178 -0.0215002 -0.916131 0.0602874 0.396319 0.396893 -0.00264966 0.917861 -0.876225 1.52898 -0.897066</i>
                        <i>0.0564064 0.998176 -0.0215073 -0.916274 0.0603103 0.395986 0.396561 -0.00262958 0.918004 -0.87616 1.52917 -0.897083</i>
                        <i>0.0564135 0.998176 -0.0215097 -0.916322 0.0603181 0.395873 0.396448 -0.00262271 0.918054 -0.876138 1.52923 -0.897089</i>
                        <i>0.0566738 0.998162 -0.0214624 -0.917708 0.0605477 0.392615 0.393193 -0.00255478 0.919452 -0.875428 1.53105 -0.897238</i>
                        <i>0.0574174 0.998123 -0.0213181 -0.921609 0.0612018 0.383265 0.38385 -0.0023591 0.923393 -0.873393 1.53625 -0.897661</i>
                        <i>0.0585869 0.99806 -0.0210641 -0.927572 0.0622249 0.368427 0.369023 -0.00204647 0.929418 -0.870173 1.54446 -0.898313</i>
                        <i>0.0601222 0.997977 -0.0206796 -0.935081 0.0635585 0.348688 0.349297 -0.00162677 0.937011 -0.865903 1.55531 -0.899143</i>
                        <i>0.061961 0.997875 -0.0201407 -0.943594 0.0651428 0.324634 0.325257 -0.00111 0.945625 -0.860721 1.56841 -0.900101</i>
                        <i>0.0640387 0.997758 -0.0194258 -0.95257 0.0669183 0.29687 0.297504 -0.000506745 0.95472 -0.854763 1.58338 -0.901133</i>
                        <i>0.0662891 0.997629 -0.0185183 -0.961505 0.0688269 0.266027 0.26667 0.000170799 0.963788 -0.848172 1.59986 -0.902191</i>
                        <i>0.0686457 0.997489 -0.0174108 -0.96995 0.0708134 0.23277 0.233419 0.000908966 0.972376 -0.841092 1.61747 -0.90323</i>
                        <i>0.0710429 0.997343 -0.0161067 -0.977533 0.0728262 0.197804 0.198451 0.00169232 0.980109 -0.83367 1.63582 -0.904211</i>
                        <i>0.0734181 0.997194 -0.0146218 -0.983973 0.0748181 0.161861 0.162501 0.0025039 0.986705 -0.82606 1.65455 -0.905102</i>
                        <i>0.0757135 0.997045 -0.0129846 -0.989095 0.0767468 0.125705 0.12633 0.00332546 0.991983 -0.818417 1.67328 -0.905883</i>
                        <i>0.0778776 0.9969 -0.0112364 -0.992827 0.0785752 0.0901135 0.090717 0.00413797 0.995868 -0.8109 1.69163 -0.906538</i>
                        <i>0.0798672 0.996761 -0.00942971 -0.995206 0.0802712 0.055873 0.056449 0.00492208 0.998393 -0.80367 1.70923 -0.907063</i>
                        <i>0.0816474 0.996632 -0.0076268 -0.996365 0.0818074 0.0237679 0.0243117 0.00565849 0.999688 -0.796886 1.7257 -0.907463</i>
                        <i>0.0831921 0.996516 -0.00589749 -0.996521 0.0831605 -0.00542752 -0.00491818 0.0063285 0.999968 -0.790711 1.74066 -0.90775</i>
                    </KeyFrames>
                </p>
            </i>
            <i>
                <p>
                    <Name><![CDATA[spine1]]></Name>
                    <Exclude>0</Exclude>
                    <Additive>0</Additive>
                    <IKPriority>0</IKPriority>
                    <IKRotLimits>-1e+010 -1e+010 -1e+010 1e+010 1e+010 1e+010</IKRotLimits>
                    <IKRotLimitOrder>0</IKRotLimitOrder>
                    <KeyFrames count="91">
                        <i>0.297153 0.889891 0.346113 -0.932731 0.192999 0.304572 0.204236 -0.413334 0.887379 -0.775441 1.92357 -0.908906</i>
                        <i>0.292402 0.891824 0.345181 -0.933851 0.188545 0.303929 0.205969 -0.411218 0.887962 -0.775756 1.92433 -0.909138</i>
                        <i>0.286665 0.893851 0.344752 -0.935629 0.183843 0.30133 0.205964 -0.408941 0.889014 -0.775704 1.9252 -0.909378</i>
                        <i>0.280299 0.895919 0.344617 -0.937833 0.179037 0.297347 0.2047 -0.406539 0.890407 -0.775412 1.92612 -0.909615</i>
                        <i>0.27366 0.897983 0.344582 -0.940235 0.174275 0.292552 0.202655 -0.404048 0.892007 -0.77501 1.92702 -0.909841</i>
                        <i>0.267102 0.899996 0.344475 -0.94262 0.169703 0.287522 0.20031 -0.401506 0.893682 -0.774629 1.92782 -0.910051</i>
                        <i>0.260985 0.901916 0.344142 -0.944787 0.165469 0.282837 0.198151 -0.398957 0.895304 -0.7744 1.92845 -0.91024</i>
                        <i>0.255665 0.903702 0.343451 -0.946551 0.161722 0.279084 0.196665 -0.396446 0.896746 -0.774455 1.92885 -0.910409</i>
                        <i>0.251498 0.905313 0.342281 -0.947733 0.158611 0.276848 0.196344 -0.394018 0.897886 -0.774926 1.92895 -0.910558</i>
                        <i>0.248833 0.906713 0.340519 -0.948158 0.156285 0.276715 0.197683 -0.391722 0.898596 -0.775945 1.93054 -0.910688</i>
                        <i>0.247854 0.907898 0.338067 -0.94766 0.154709 0.279296 0.20127 -0.389598 0.898724 -0.777605 1.93355 -0.910801</i>
                        <i>0.248596 0.908893 0.334835 -0.946061 0.15369 0.285215 0.207769 -0.387678 0.898075 -0.779963 1.9351 -0.910899</i>
                        <i>0.251167 0.909702 0.330692 -0.943125 0.153133 0.295068 0.217784 -0.385995 0.896425 -0.783097 1.93234 -0.910973</i>
                        <i>0.255653 0.910332 0.32548 -0.938543 0.152942 0.309429 0.231903 -0.384583 0.893486 -0.787086 1.92238 -0.911005</i>
                        <i>0.263597 0.910717 0.317981 -0.930364 0.15294 0.333215 0.254832 -0.383672 0.887612 -0.792819 1.90505 -0.910949</i>
                        <i>0.275489 0.910841 0.307368 -0.916938 0.152966 0.368545 0.288669 -0.383368 0.877325 -0.800715 1.88301 -0.910702</i>
                        <i>0.289821 0.910786 0.294063 -0.898384 0.152943 0.411722 0.330015 -0.383507 0.862561 -0.810137 1.85773 -0.910165</i>
                        <i>0.305165 0.910629 0.278619 -0.875152 0.152813 0.459083 0.375478 -0.38393 0.843572 -0.820443 1.83065 -0.909277</i>
                        <i>0.320246 0.910442 0.261796 -0.848256 0.152544 0.507141 0.421787 -0.38448 0.82114 -0.83099 1.80322 -0.908042</i>
                        <i>0.334005 0.910284 0.244587 -0.819369 0.152137 0.55271 0.465913 -0.385015 0.796674 -0.841148 1.7769 -0.906538</i>
                        <i>0.346238 0.909745 0.229093 -0.790789 0.151632 0.593009 0.504749 -0.386486 0.771917 -0.850273 1.75315 -0.904852</i>
                        <i>0.356678 0.908714 0.216839 -0.765311 0.15109 0.625676 0.535799 -0.389114 0.74934 -0.857768 1.73345 -0.903178</i>
                        <i>0.364296 0.907696 0.208271 -0.746024 0.150573 0.648673 0.557437 -0.391684 0.732016 -0.86312 1.71922 -0.901822</i>
                        <i>0.367954 0.907202 0.203946 -0.73604 0.150142 0.660077 0.568203 -0.392991 0.722983 -0.865842 1.71189 -0.90109</i>
                        <i>0.369162 0.907147 0.201998 -0.73184 0.149785 0.664812 0.572826 -0.393253 0.719182 -0.867037 1.70863 -0.900772</i>
                        <i>0.370266 0.907097 0.200194 -0.727939 0.149455 0.669155 0.577069 -0.393494 0.71565 -0.868136 1.70562 -0.900475</i>
                        <i>0.371271 0.907052 0.198532 -0.724334 0.149151 0.673123 0.580946 -0.393714 0.712384 -0.869144 1.70286 -0.9002</i>
                        <i>0.372181 0.907011 0.19701 -0.721022 0.148872 0.676731 0.584473 -0.393915 0.709381 -0.870063 1.70033 -0.899945</i>
                        <i>0.373003 0.906973 0.195622 -0.717996 0.148617 0.679996 0.587665 -0.394096 0.706638 -0.870897 1.69804 -0.899712</i>
                        <i>0.373739 0.90694 0.194367 -0.715253 0.148387 0.682931 0.590536 -0.39426 0.70415 -0.871649 1.69597 -0.8995</i>
                        <i>0.374395 0.906911 0.193241 -0.712785 0.148181 0.685551 0.593099 -0.394406 0.70191 -0.872321 1.69411 -0.899308</i>
                        <i>0.374973 0.906884 0.192239 -0.710586 0.147997 0.687869 0.595367 -0.394535 0.699915 -0.872918 1.69246 -0.899137</i>
                        <i>0.375479 0.906862 0.191357 -0.70865 0.147835 0.689899 0.597354 -0.394648 0.698156 -0.873441 1.69101 -0.898986</i>
                        <i>0.375915 0.906842 0.190593 -0.706967 0.147695 0.691653 0.599071 -0.394746 0.696628 -0.873893 1.68976 -0.898854</i>
                        <i>0.376286 0.906825 0.189941 -0.70553 0.147575 0.693145 0.600531 -0.394829 0.695322 -0.874279 1.68869 -0.898742</i>
                        <i>0.376593 0.906811 0.189397 -0.70433 0.147475 0.694385 0.601745 -0.394898 0.694232 -0.8746 1.6878 -0.898648</i>
                        <i>0.376841 0.9068 0.188957 -0.703359 0.147394 0.695385 0.602724 -0.394954 0.69335 -0.874859 1.68708 -0.898571</i>
                        <i>0.377032 0.906791 0.188616 -0.702607 0.147332 0.696158 0.603481 -0.394997 0.692667 -0.875059 1.68653 -0.898512</i>
                        <i>0.37717 0.906785 0.188371 -0.702066 0.147286 0.696714 0.604025 -0.395028 0.692175 -0.875203 1.68613 -0.89847</i>
                        <i>0.377256 0.906781 0.188217 -0.701724 0.147258 0.697064 0.604368 -0.395048 0.691864 -0.875294 1.68588 -0.898443</i>
                        <i>0.377295 0.906779 0.188148 -0.701573 0.147245 0.697219 0.60452 -0.395057 0.691727 -0.875334 1.68576 -0.898431</i>
                        <i>0.377287 0.90678 0.188161 -0.701602 0.147248 0.69719 0.604491 -0.395055 0.691753 -0.875327 1.68579 -0.898433</i>
                        <i>0.377237 0.906782 0.188251 -0.701801 0.147264 0.696986 0.604292 -0.395044 0.691934 -0.875274 1.68593 -0.898449</i>
                        <i>0.377146 0.906786 0.188413 -0.702159 0.147294 0.696618 0.603932 -0.395023 0.69226 -0.875178 1.6862 -0.898477</i>
                        <i>0.377017 0.906792 0.188643 -0.702667 0.147336 0.696097 0.603421 -0.394994 0.692721 -0.875043 1.68657 -0.898517</i>
                        <i>0.376853 0.906799 0.188936 -0.703313 0.14739 0.695433 0.602771 -0.394957 0.693309 -0.874871 1.68705 -0.898568</i>
                        <i>0.376655 0.906808 0.189287 -0.704088 0.147455 0.694635 0.601989 -0.394912 0.694012 -0.874664 1.68762 -0.898629</i>
                        <i>0.376427 0.906819 0.189691 -0.70498 0.147529 0.693713 0.601087 -0.394861 0.694823 -0.874426 1.68829 -0.898699</i>
                        <i>0.37617 0.90683 0.190144 -0.705979 0.147612 0.692679 0.600075 -0.394803 0.695731 -0.874158 1.68903 -0.898777</i>
                        <i>0.375887 0.906843 0.190642 -0.707075 0.147704 0.691541 0.598961 -0.39474 0.696726 -0.873865 1.68984 -0.898863</i>
                        <i>0.375581 0.906857 0.191178 -0.708256 0.147802 0.69031 0.597756 -0.394671 0.697798 -0.873547 1.69072 -0.898955</i>
                        <i>0.375254 0.906872 0.19175 -0.709512 0.147907 0.688997 0.59647 -0.394598 0.698939 -0.873208 1.69166 -0.899053</i>
                        <i>0.374909 0.906887 0.192351 -0.710833 0.148017 0.68761 0.595113 -0.39452 0.700138 -0.872851 1.69265 -0.899156</i>
                        <i>0.374547 0.906904 0.192978 -0.712208 0.148132 0.686161 0.593695 -0.39444 0.701387 -0.872478 1.69368 -0.899263</i>
                        <i>0.374172 0.906921 0.193625 -0.713627 0.148251 0.684659 0.592226 -0.394356 0.702675 -0.872092 1.69474 -0.899374</i>
                        <i>0.373785 0.906938 0.194288 -0.71508 0.148373 0.683115 0.590716 -0.39427 0.703992 -0.871696 1.69583 -0.899486</i>
                        <i>0.37339 0.906956 0.194963 -0.716555 0.148496 0.68154 0.589176 -0.394182 0.705331 -0.871292 1.69695 -0.899601</i>
                        <i>0.37299 0.906974 0.195644 -0.718044 0.148621 0.679944 0.587615 -0.394094 0.706682 -0.870884 1.69807 -0.899716</i>
                        <i>0.372586 0.906992 0.196328 -0.719536 0.148747 0.678338 0.586044 -0.394004 0.708035 -0.870473 1.6992 -0.899831</i>
                        <i>0.372181 0.907011 0.19701 -0.721022 0.148872 0.676731 0.584473 -0.393915 0.709381 -0.870063 1.70033 -0.899945</i>
                        <i>0.371779 0.907029 0.197684 -0.72249 0.148995 0.675136 0.582914 -0.393826 0.710712 -0.869657 1.70145 -0.900058</i>
                        <i>0.371382 0.907047 0.198347 -0.723932 0.149117 0.673563 0.581376 -0.393739 0.712019 -0.869256 1.70255 -0.900169</i>
                        <i>0.370992 0.907064 0.198994 -0.725338 0.149235 0.672022 0.579871 -0.393653 0.713293 -0.868864 1.70362 -0.900277</i>
                        <i>0.370613 0.907082 0.199621 -0.726698 0.14935 0.670526 0.578408 -0.39357 0.714525 -0.868484 1.70467 -0.900381</i>
                        <i>0.370248 0.907098 0.200223 -0.728003 0.14946 0.669084 0.577 -0.39349 0.715707 -0.868118 1.70567 -0.90048</i>
                        <i>0.369899 0.907114 0.200796 -0.729243 0.149565 0.667709 0.575656 -0.393414 0.71683 -0.86777 1.70662 -0.900575</i>
                        <i>0.369569 0.907129 0.201335 -0.730409 0.149664 0.666411 0.574388 -0.393342 0.717886 -0.867441 1.70752 -0.900663</i>
                        <i>0.369262 0.907143 0.201836 -0.731491 0.149756 0.665202 0.573207 -0.393275 0.718866 -0.867135 1.70836 -0.900745</i>
                        <i>0.368979 0.907156 0.202295 -0.732481 0.14984 0.664093 0.572124 -0.393213 0.719762 -0.866855 1.70913 -0.900821</i>
                        <i>0.368725 0.907167 0.202706 -0.733369 0.149915 0.663095 0.571149 -0.393158 0.720566 -0.866603 1.70982 -0.900888</i>
                        <i>0.368501 0.907177 0.203067 -0.734147 0.149981 0.662219 0.570294 -0.39311 0.721269 -0.866382 1.71042 -0.900947</i>
                        <i>0.368312 0.907186 0.203372 -0.734803 0.150037 0.661478 0.56957 -0.393069 0.721863 -0.866195 1.71093 -0.900996</i>
                        <i>0.36816 0.907193 0.203616 -0.73533 0.150081 0.660882 0.568988 -0.393036 0.72234 -0.866045 1.71134 -0.901036</i>
                        <i>0.368048 0.907198 0.203797 -0.735718 0.150114 0.660442 0.568559 -0.393011 0.722691 -0.865934 1.71164 -0.901065</i>
                        <i>0.367978 0.907201 0.203908 -0.735958 0.150135 0.66017 0.568293 -0.392996 0.722908 -0.865865 1.71183 -0.901083</i>
                        <i>0.367954 0.907202 0.203946 -0.73604 0.150142 0.660077 0.568203 -0.392991 0.722983 -0.865842 1.71189 -0.90109</i>
                        <i>0.367635 0.907051 0.205191 -0.738341 0.150537 0.657413 0.565418 -0.393189 0.725055 -0.865084 1.71371 -0.901231</i>
                        <i>0.366695 0.906618 0.208756 -0.744871 0.151665 0.649742 0.557407 -0.393753 0.730928 -0.862912 1.71892 -0.901628</i>
                        <i>0.365129 0.905935 0.214388 -0.755016 0.153439 0.637501 0.544639 -0.394636 0.74002 -0.859475 1.72715 -0.902234</i>
                        <i>0.362908 0.905035 0.221831 -0.768106 0.155768 0.621087 0.527552 -0.395788 0.751692 -0.854921 1.738 -0.902995</i>
                        <i>0.359991 0.903949 0.230828 -0.783446 0.158561 0.600892 0.506576 -0.397157 0.765276 -0.849398 1.75112 -0.903855</i>
                        <i>0.35634 0.902711 0.241113 -0.800338 0.161726 0.577324 0.482162 -0.398695 0.780103 -0.843056 1.76612 -0.904759</i>
                        <i>0.351928 0.901351 0.252414 -0.818111 0.165174 0.550829 0.454798 -0.400355 0.795534 -0.836048 1.78262 -0.905652</i>
                        <i>0.346757 0.899902 0.264453 -0.836134 0.168815 0.521901 0.425017 -0.402092 0.810977 -0.82853 1.80024 -0.90649</i>
                        <i>0.340858 0.898396 0.276948 -0.853842 0.172564 0.491096 0.393408 -0.403863 0.825908 -0.820663 1.81862 -0.907233</i>
                        <i>0.334301 0.896865 0.289614 -0.870747 0.176338 0.459026 0.360615 -0.405633 0.839892 -0.812612 1.83737 -0.907854</i>
                        <i>0.327201 0.895339 0.302172 -0.886452 0.180059 0.426359 0.327327 -0.407366 0.85259 -0.804542 1.85612 -0.908336</i>
                        <i>0.319716 0.893848 0.314352 -0.900657 0.183653 0.393813 0.294277 -0.409031 0.863768 -0.796622 1.87448 -0.908671</i>
                        <i>0.312046 0.892424 0.325894 -0.913162 0.187051 0.362142 0.262225 -0.410599 0.873296 -0.789021 1.8921 -0.908866</i>
                        <i>0.304434 0.891095 0.336555 -0.923861 0.190187 0.332129 0.23195 -0.412042 0.881147 -0.781905 1.90859 -0.908936</i>
