<?xml version="1.0" encoding="ISO-8859-1" ?>
<Animl Version="1">
    <ModellingPackage><![CDATA[Maya.2010]]></ModellingPackage>
    <SrcFile><![CDATA[anims\turrets\special\blue\~src\bugspray\bugspray_idle_crewmanb.mb]]></SrcFile>
    <FramesPerSecond>30</FramesPerSecond>
    <TotalFrames>61</TotalFrames>
    <Skeleton>
        <RefFrame>
            <Name><![CDATA[soldier_ref_frame]]></Name>
            <Exclude>0</Exclude>
            <Additive>0</Additive>
            <IKPriority>0</IKPriority>
            <IKRotLimits>-1e+010 -1e+010 -1e+010 1e+010 1e+010 1e+010</IKRotLimits>
            <IKRotLimitOrder>0</IKRotLimitOrder>
            <KeyFrames count="61">
                <i>1 0 0 0 1 0 0 0 1 -1 0.9 -0.9</i>
                <i>1 0 0 0 1 0 0 0 1 -1 0.9 -0.9</i>
                <i>1 0 0 0 1 0 0 0 1 -1 0.9 -0.9</i>
                <i>1 0 0 0 1 0 0 0 1 -1 0.9 -0.9</i>
                <i>1 0 0 0 1 0 0 0 1 -1 0.9 -0.9</i>
                <i>1 0 0 0 1 0 0 0 1 -1 0.9 -0.9</i>
                <i>1 0 0 0 1 0 0 0 1 -1 0.9 -0.9</i>
                <i>1 0 0 0 1 0 0 0 1 -1 0.9 -0.9</i>
                <i>1 0 0 0 1 0 0 0 1 -1 0.9 -0.9</i>
                <i>1 0 0 0 1 0 0 0 1 -1 0.9 -0.9</i>
                <i>1 0 0 0 1 0 0 0 1 -1 0.9 -0.9</i>
                <i>1 0 0 0 1 0 0 0 1 -1 0.9 -0.9</i>
                <i>1 0 0 0 1 0 0 0 1 -1 0.9 -0.9</i>
                <i>1 0 0 0 1 0 0 0 1 -1 0.9 -0.9</i>
                <i>1 0 0 0 1 0 0 0 1 -1 0.9 -0.9</i>
                <i>1 0 0 0 1 0 0 0 1 -1 0.9 -0.9</i>
                <i>1 0 0 0 1 0 0 0 1 -1 0.9 -0.9</i>
                <i>1 0 0 0 1 0 0 0 1 -1 0.9 -0.9</i>
                <i>1 0 0 0 1 0 0 0 1 -1 0.9 -0.9</i>
                <i>1 0 0 0 1 0 0 0 1 -1 0.9 -0.9</i>
                <i>1 0 0 0 1 0 0 0 1 -1 0.9 -0.9</i>
                <i>1 0 0 0 1 0 0 0 1 -1 0.9 -0.9</i>
                <i>1 0 0 0 1 0 0 0 1 -1 0.9 -0.9</i>
                <i>1 0 0 0 1 0 0 0 1 -1 0.9 -0.9</i>
                <i>1 0 0 0 1 0 0 0 1 -1 0.9 -0.9</i>
                <i>1 0 0 0 1 0 0 0 1 -1 0.9 -0.9</i>
                <i>1 0 0 0 1 0 0 0 1 -1 0.9 -0.9</i>
                <i>1 0 0 0 1 0 0 0 1 -1 0.9 -0.9</i>
                <i>1 0 0 0 1 0 0 0 1 -1 0.9 -0.9</i>
                <i>1 0 0 0 1 0 0 0 1 -1 0.9 -0.9</i>
                <i>1 0 0 0 1 0 0 0 1 -1 0.9 -0.9</i>
                <i>1 0 0 0 1 0 0 0 1 -1 0.9 -0.9</i>
                <i>1 0 0 0 1 0 0 0 1 -1 0.9 -0.9</i>
                <i>1 0 0 0 1 0 0 0 1 -1 0.9 -0.9</i>
                <i>1 0 0 0 1 0 0 0 1 -1 0.9 -0.9</i>
                <i>1 0 0 0 1 0 0 0 1 -1 0.9 -0.9</i>
                <i>1 0 0 0 1 0 0 0 1 -1 0.9 -0.9</i>
                <i>1 0 0 0 1 0 0 0 1 -1 0.9 -0.9</i>
                <i>1 0 0 0 1 0 0 0 1 -1 0.9 -0.9</i>
                <i>1 0 0 0 1 0 0 0 1 -1 0.9 -0.9</i>
                <i>1 0 0 0 1 0 0 0 1 -1 0.9 -0.9</i>
                <i>1 0 0 0 1 0 0 0 1 -1 0.9 -0.9</i>
                <i>1 0 0 0 1 0 0 0 1 -1 0.9 -0.9</i>
                <i>1 0 0 0 1 0 0 0 1 -1 0.9 -0.9</i>
                <i>1 0 0 0 1 0 0 0 1 -1 0.9 -0.9</i>
                <i>1 0 0 0 1 0 0 0 1 -1 0.9 -0.9</i>
                <i>1 0 0 0 1 0 0 0 1 -1 0.9 -0.9</i>
                <i>1 0 0 0 1 0 0 0 1 -1 0.9 -0.9</i>
                <i>1 0 0 0 1 0 0 0 1 -1 0.9 -0.9</i>
                <i>1 0 0 0 1 0 0 0 1 -1 0.9 -0.9</i>
                <i>1 0 0 0 1 0 0 0 1 -1 0.9 -0.9</i>
                <i>1 0 0 0 1 0 0 0 1 -1 0.9 -0.9</i>
                <i>1 0 0 0 1 0 0 0 1 -1 0.9 -0.9</i>
                <i>1 0 0 0 1 0 0 0 1 -1 0.9 -0.9</i>
                <i>1 0 0 0 1 0 0 0 1 -1 0.9 -0.9</i>
                <i>1 0 0 0 1 0 0 0 1 -1 0.9 -0.9</i>
                <i>1 0 0 0 1 0 0 0 1 -1 0.9 -0.9</i>
                <i>1 0 0 0 1 0 0 0 1 -1 0.9 -0.9</i>
                <i>1 0 0 0 1 0 0 0 1 -1 0.9 -0.9</i>
                <i>1 0 0 0 1 0 0 0 1 -1 0.9 -0.9</i>
                <i>1 0 0 0 1 0 0 0 1 -1 0.9 -0.9</i>
            </KeyFrames>
        </RefFrame>
        <Bones count="23">
            <i>
                <p>
                    <Name><![CDATA[pelvis]]></Name>
                    <Exclude>0</Exclude>
                    <Additive>0</Additive>
                    <IKPriority>0</IKPriority>
                    <IKRotLimits>-1e+010 -1e+010 -1e+010 1e+010 1e+010 1e+010</IKRotLimits>
                    <IKRotLimitOrder>2</IKRotLimitOrder>
                    <KeyFrames count="61">
                        <i>1 0 0 0 1 0 0 0 1 -0.788864 1.61919 -0.830699</i>
                        <i>1 0 0 0 1 0 0 0 1 -0.789873 1.62018 -0.830699</i>
                        <i>1 0 0 0 1 0 0 0 1 -0.791028 1.62145 -0.830699</i>
                        <i>1 0 0 0 1 0 0 0 1 -0.792286 1.62283 -0.830699</i>
                        <i>1 0 0 0 1 0 0 0 1 -0.793602 1.62416 -0.830699</i>
                        <i>1 0 0 0 1 0 0 0 1 -0.794932 1.62526 -0.830699</i>
                        <i>1 0 0 0 1 0 0 0 1 -0.796233 1.62598 -0.830699</i>
                        <i>1 0 0 0 1 0 0 0 1 -0.797462 1.62614 -0.830699</i>
                        <i>1 0 0 0 1 0 0 0 1 -0.798573 1.62558 -0.830699</i>
                        <i>1 0 0 0 1 0 0 0 1 -0.799523 1.62452 -0.830699</i>
                        <i>1 0 0 0 1 0 0 0 1 -0.800269 1.6233 -0.830699</i>
                        <i>1 0 0 0 1 0 0 0 1 -0.800766 1.62193 -0.830699</i>
                        <i>1 0 0 0 1 0 0 0 1 -0.800971 1.62042 -0.830699</i>
                        <i>1 0 0 0 1 0 0 0 1 -0.80084 1.6188 -0.830699</i>
                        <i>1 0 0 0 1 0 0 0 1 -0.800459 1.61708 -0.830699</i>
                        <i>1 0 0 0 1 0 0 0 1 -0.799952 1.61527 -0.830699</i>
                        <i>1 0 0 0 1 0 0 0 1 -0.799329 1.61339 -0.830699</i>
                        <i>1 0 0 0 1 0 0 0 1 -0.7986 1.61146 -0.830699</i>
                        <i>1 0 0 0 1 0 0 0 1 -0.797776 1.60948 -0.830699</i>
                        <i>1 0 0 0 1 0 0 0 1 -0.796867 1.60749 -0.830699</i>
                        <i>1 0 0 0 1 0 0 0 1 -0.795883 1.60548 -0.830699</i>
                        <i>1 0 0 0 1 0 0 0 1 -0.794834 1.60349 -0.830699</i>
                        <i>1 0 0 0 1 0 0 0 1 -0.79373 1.60152 -0.830699</i>
                        <i>1 0 0 0 1 0 0 0 1 -0.792583 1.59958 -0.830699</i>
                        <i>1 0 0 0 1 0 0 0 1 -0.791402 1.59771 -0.830699</i>
                        <i>1 0 0 0 1 0 0 0 1 -0.790198 1.5959 -0.830699</i>
                        <i>1 0 0 0 1 0 0 0 1 -0.78898 1.59418 -0.830699</i>
                        <i>1 0 0 0 1 0 0 0 1 -0.787759 1.59256 -0.830699</i>
                        <i>1 0 0 0 1 0 0 0 1 -0.786546 1.59106 -0.830699</i>
                        <i>1 0 0 0 1 0 0 0 1 -0.78535 1.58969 -0.830699</i>
                        <i>1 0 0 0 1 0 0 0 1 -0.784182 1.58847 -0.830699</i>
                        <i>1 0 0 0 1 0 0 0 1 -0.783052 1.58741 -0.830699</i>
                        <i>1 0 0 0 1 0 0 0 1 -0.781971 1.58654 -0.830699</i>
                        <i>1 0 0 0 1 0 0 0 1 -0.780949 1.58586 -0.830699</i>
                        <i>1 0 0 0 1 0 0 0 1 -0.779995 1.58539 -0.830699</i>
                        <i>1 0 0 0 1 0 0 0 1 -0.779121 1.58515 -0.830699</i>
                        <i>1 0 0 0 1 0 0 0 1 -0.778336 1.58514 -0.830699</i>
                        <i>1 0 0 0 1 0 0 0 1 -0.777651 1.58536 -0.830699</i>
                        <i>1 0 0 0 1 0 0 0 1 -0.777077 1.58578 -0.830699</i>
                        <i>1 0 0 0 1 0 0 0 1 -0.776623 1.5864 -0.830699</i>
                        <i>1 0 0 0 1 0 0 0 1 -0.776299 1.5872 -0.830699</i>
                        <i>1 0 0 0 1 0 0 0 1 -0.77613 1.58817 -0.830699</i>
                        <i>1 0 0 0 1 0 0 0 1 -0.776125 1.58929 -0.830699</i>
                        <i>1 0 0 0 1 0 0 0 1 -0.77627 1.59055 -0.830699</i>
                        <i>1 0 0 0 1 0 0 0 1 -0.776551 1.59193 -0.830699</i>
                        <i>1 0 0 0 1 0 0 0 1 -0.776957 1.59342 -0.830699</i>
                        <i>1 0 0 0 1 0 0 0 1 -0.777472 1.595 -0.830699</i>
                        <i>1 0 0 0 1 0 0 0 1 -0.778085 1.59667 -0.830699</i>
                        <i>1 0 0 0 1 0 0 0 1 -0.778782 1.5984 -0.830699</i>
                        <i>1 0 0 0 1 0 0 0 1 -0.779549 1.60019 -0.830699</i>
                        <i>1 0 0 0 1 0 0 0 1 -0.780374 1.60201 -0.830699</i>
                        <i>1 0 0 0 1 0 0 0 1 -0.781243 1.60385 -0.830699</i>
                        <i>1 0 0 0 1 0 0 0 1 -0.782143 1.60571 -0.830699</i>
                        <i>1 0 0 0 1 0 0 0 1 -0.78306 1.60756 -0.830699</i>
                        <i>1 0 0 0 1 0 0 0 1 -0.783982 1.60939 -0.830699</i>
                        <i>1 0 0 0 1 0 0 0 1 -0.784895 1.61119 -0.830699</i>
                        <i>1 0 0 0 1 0 0 0 1 -0.785786 1.61294 -0.830699</i>
                        <i>1 0 0 0 1 0 0 0 1 -0.786642 1.61463 -0.830699</i>
                        <i>1 0 0 0 1 0 0 0 1 -0.787449 1.61624 -0.830699</i>
                        <i>1 0 0 0 1 0 0 0 1 -0.788194 1.61777 -0.830699</i>
                        <i>1 0 0 0 1 0 0 0 1 -0.788864 1.61919 -0.830699</i>
                    </KeyFrames>
                </p>
            </i>
            <i>
                <p>
                    <Name><![CDATA[spine0]]></Name>
                    <Exclude>0</Exclude>
                    <Additive>0</Additive>
                    <IKPriority>0</IKPriority>
                    <IKRotLimits>-1e+010 -1e+010 -1e+010 1e+010 1e+010 1e+010</IKRotLimits>
                    <IKRotLimitOrder>0</IKRotLimitOrder>
                    <KeyFrames count="61">
                        <i>0.0831921 0.996516 -0.00589749 -0.996521 0.0831605 -0.00542752 -0.00491818 0.0063285 0.999968 -0.790711 1.74066 -0.90775</i>
                        <i>0.0832108 0.996509 -0.00682387 -0.996524 0.0831806 -0.00460395 -0.00402026 0.00718324 0.999966 -0.791293 1.74161 -0.907821</i>
                        <i>0.0832451 0.996498 -0.00783545 -0.996524 0.0832182 -0.00370409 -0.00303907 0.00811656 0.999962 -0.79198 1.74284 -0.907899</i>
                        <i>0.0832565 0.996488 -0.00890447 -0.996526 0.0832348 -0.00277487 -0.00202397 0.00910456 0.999956 -0.79276 1.74417 -0.907978</i>
                        <i>0.083205 0.996482 -0.0100041 -0.996532 0.0831905 -0.00186346 -0.00102466 0.0101244 0.999948 -0.793615 1.74545 -0.908055</i>
                        <i>0.0830499 0.996484 -0.0111083 -0.996545 0.0830437 -0.00101724 -9.11883e-005 0.0111544 0.999938 -0.794533 1.74651 -0.908124</i>
                        <i>0.082749 0.996496 -0.0121919 -0.99657 0.0827517 -0.000283825 0.000726069 0.0121736 0.999926 -0.795496 1.74719 -0.90818</i>
                        <i>0.0822598 0.996523 -0.0132302 -0.99661 0.0822708 0.000289077 0.00137653 0.0131615 0.999912 -0.796492 1.74733 -0.908219</i>
                        <i>0.0815389 0.996569 -0.014199 -0.996669 0.0815564 0.00065375 0.00180953 0.0140984 0.999899 -0.797504 1.74676 -0.908236</i>
                        <i>0.0805433 0.996637 -0.0150743 -0.996749 0.0805639 0.000762629 0.00197451 0.0149638 0.999886 -0.798517 1.7457 -0.908225</i>
                        <i>0.0793647 0.996719 -0.0158641 -0.996844 0.0793856 0.000691828 0.00194894 0.0157591 0.999874 -0.799438 1.7445 -0.908196</i>
                        <i>0.0781329 0.996805 -0.0165852 -0.996941 0.0781528 0.000551762 0.00184618 0.0164913 0.999862 -0.800153 1.74315 -0.90816</i>
                        <i>0.0768625 0.996893 -0.0172258 -0.99704 0.0768798 0.000346561 0.0016698 0.0171482 0.999852 -0.800612 1.74168 -0.908117</i>
                        <i>0.0755679 0.996982 -0.0177744 -0.99714 0.0755813 8.03804e-005 0.00142355 0.0177175 0.999842 -0.80077 1.74009 -0.908069</i>
                        <i>0.0742639 0.997072 -0.018219 -0.997238 0.0742718 -0.000242638 0.00111123 0.0181867 0.999834 -0.800708 1.7384 -0.908016</i>
                        <i>0.072965 0.997162 -0.018548 -0.997334 0.0729661 -0.000618344 0.000736782 0.0185436 0.999828 -0.800546 1.73662 -0.907958</i>
                        <i>0.071686 0.997251 -0.0187494 -0.997427 0.0716791 -0.0010426 0.000304202 0.0187759 0.999824 -0.800291 1.73478 -0.907897</i>
                        <i>0.070442 0.997338 -0.0188113 -0.997516 0.070426 -0.00151132 -0.000182489 0.018871 0.999822 -0.799949 1.73288 -0.907833</i>
                        <i>0.0692478 0.997424 -0.0187217 -0.997599 0.069222 -0.00202038 -0.000719222 0.0188167 0.999823 -0.799527 1.73095 -0.907766</i>
                        <i>0.0681185 0.997506 -0.0184686 -0.997676 0.0680826 -0.00256577 -0.00130198 0.0186005 0.999826 -0.799031 1.72899 -0.907697</i>
                        <i>0.0670588 0.997585 -0.0180894 -0.997747 0.0670128 -0.00314103 -0.00192122 0.0182592 0.999831 -0.798468 1.72702 -0.907627</i>
                        <i>0.0660707 0.997659 -0.0176343 -0.997812 0.0660147 -0.00373911 -0.00256624 0.0178428 0.999838 -0.797844 1.72506 -0.907556</i>
                        <i>0.0651652 0.997728 -0.0171104 -0.997869 0.0650997 -0.00435509 -0.00323131 0.0173577 0.999844 -0.797166 1.72312 -0.907485</i>
                        <i>0.0643531 0.99779 -0.0165246 -0.997919 0.0642789 -0.00498405 -0.00391085 0.016811 0.999851 -0.79644 1.72122 -0.907415</i>
                        <i>0.0636455 0.997846 -0.015884 -0.997962 0.0635634 -0.00562108 -0.00459933 0.0162094 0.999858 -0.795673 1.71937 -0.907346</i>
                        <i>0.063053 0.997894 -0.0151958 -0.997996 0.0629641 -0.00626132 -0.00529135 0.0155601 0.999865 -0.794872 1.71759 -0.907279</i>
                        <i>0.0625867 0.997935 -0.0144669 -0.998022 0.0624921 -0.00689991 -0.00598159 0.0148701 0.999872 -0.794042 1.7159 -0.907215</i>
                        <i>0.0622721 0.997965 -0.0137063 -0.998037 0.0621731 -0.0075354 -0.0066679 0.0141487 0.999878 -0.79319 1.7143 -0.907154</i>
                        <i>0.0621254 0.997985 -0.0129219 -0.998041 0.0620232 -0.00816419 -0.00734627 0.0134038 0.999883 -0.792323 1.71282 -0.907096</i>
                        <i>0.0621426 0.997994 -0.0121192 -0.998035 0.0620386 -0.00877822 -0.00800875 0.0126409 0.999888 -0.791447 1.71147 -0.907043</i>
                        <i>0.0623196 0.997992 -0.011304 -0.998019 0.0622151 -0.00936949 -0.0086474 0.0118655 0.999892 -0.790569 1.71026 -0.906995</i>
                        <i>0.062652 0.99798 -0.0104821 -0.997993 0.0625484 -0.00993001 -0.00925432 0.0110832 0.999896 -0.789696 1.70922 -0.906952</i>
                        <i>0.0631352 0.997958 -0.0096593 -0.997957 0.0630339 -0.0104518 -0.00982161 0.0102994 0.999899 -0.788833 1.70836 -0.906916</i>
                        <i>0.0637646 0.997926 -0.00884175 -0.997911 0.0636669 -0.0109269 -0.0103413 0.00952003 0.999901 -0.787986 1.70768 -0.906887</i>
                        <i>0.0645353 0.997883 -0.00803564 -0.997857 0.0644422 -0.0113474 -0.0108056 0.00875073 0.999903 -0.787164 1.70722 -0.906865</i>
                        <i>0.0654422 0.99783 -0.00724714 -0.997793 0.0653548 -0.0117053 -0.0112063 0.00799717 0.999905 -0.786372 1.70698 -0.906852</i>
                        <i>0.0664591 0.997768 -0.00647617 -0.997722 0.0663781 -0.0120129 -0.0115562 0.00725979 0.999907 -0.78563 1.70698 -0.906845</i>
                        <i>0.0675554 0.997699 -0.005721 -0.997645 0.0674812 -0.012287 -0.0118726 0.00653757 0.999908 -0.78496 1.7072 -0.906842</i>
                        <i>0.0687189 0.997624 -0.0049856 -0.997562 0.0686521 -0.0125264 -0.0121543 0.00583424 0.999909 -0.784374 1.70762 -0.906844</i>
                        <i>0.0699378 0.997542 -0.00427391 -0.997474 0.0698785 -0.0127299 -0.0123999 0.00515341 0.99991 -0.783883 1.70824 -0.90685</i>
                        <i>0.0712001 0.997456 -0.00358994 -0.997382 0.0711484 -0.0128963 -0.0126081 0.00449877 0.99991 -0.783497 1.70904 -0.90686</i>
                        <i>0.0724936 0.997365 -0.00293768 -0.997287 0.0724496 -0.0130245 -0.0127773 0.0038739 0.999911 -0.783242 1.71 -0.906875</i>
                        <i>0.0738064 0.99727 -0.00232112 -0.997189 0.0737699 -0.013113 -0.012906 0.00328242 0.999911 -0.783127 1.71112 -0.906893</i>
                        <i>0.0751267 0.997172 -0.00174417 -0.997089 0.0750974 -0.0131608 -0.0129926 0.00272782 0.999912 -0.783139 1.71237 -0.906915</i>
                        <i>0.0764423 0.997073 -0.0012109 -0.996989 0.0764198 -0.0131664 -0.0130353 0.00221372 0.999913 -0.783266 1.71374 -0.906941</i>
                        <i>0.0777414 0.996973 -0.000725117 -0.996888 0.0777253 -0.0131286 -0.0130325 0.00174349 0.999914 -0.783496 1.71522 -0.90697</i>
                        <i>0.0790123 0.996874 -0.000290828 -0.996789 0.0790018 -0.0130459 -0.0129822 0.00132068 0.999915 -0.783815 1.7168 -0.907002</i>
                        <i>0.080243 0.996775 8.80625e-005 -0.996692 0.0802375 -0.0129172 -0.0128826 0.000948742 0.999917 -0.784211 1.71845 -0.907038</i>
                        <i>0.081422 0.99668 0.000407852 -0.996598 0.0814206 -0.0127409 -0.0127318 0.000630925 0.999919 -0.784673 1.72017 -0.907077</i>
                        <i>0.0825377 0.996588 0.000664678 -0.996509 0.0825395 -0.0125157 -0.0125279 0.000370661 0.999921 -0.785186 1.72194 -0.907119</i>
                        <i>0.0835784 0.996501 0.000854792 -0.996426 0.0835826 -0.0122403 -0.0122689 0.000171284 0.999925 -0.78574 1.72375 -0.907164</i>
                        <i>0.0845026 0.996423 0.000837937 -0.996352 0.0845065 -0.0119059 -0.0119341 0.000171198 0.999929 -0.78632 1.72557 -0.907212</i>
                        <i>0.0851292 0.99637 0.000530721 -0.996304 0.0851296 -0.0114725 -0.011476 0.000447885 0.999934 -0.786916 1.72741 -0.907263</i>
                        <i>0.0853667 0.99635 1.00138e-006 -0.99629 0.0853616 -0.0109204 -0.0108806 0.000931243 0.99994 -0.787513 1.72924 -0.907316</i>
                        <i>0.0853 0.996355 -0.000702573 -0.996303 0.0852883 -0.0102698 -0.0101725 0.00157599 0.999947 -0.788101 1.73105 -0.907372</i>
                        <i>0.0850134 0.996379 -0.00153168 -0.996336 0.084995 -0.00954088 -0.00937615 0.00233717 0.999953 -0.788666 1.73282 -0.907429</i>
                        <i>0.0845908 0.996413 -0.00243822 -0.996379 0.0845666 -0.00875385 -0.00851625 0.00316989 0.999959 -0.789195 1.73455 -0.90749</i>
                        <i>0.0841156 0.99645 -0.00337473 -0.996427 0.0840867 -0.00792889 -0.00761697 0.00402961 0.999963 -0.789677 1.73621 -0.907552</i>
                        <i>0.0836699 0.996484 -0.00429418 -0.996471 0.0836382 -0.00708613 -0.00670206 0.00487193 0.999966 -0.790099 1.73779 -0.907616</i>
                        <i>0.0833352 0.996508 -0.00515032 -0.996505 0.0833026 -0.00624567 -0.00579482 0.00565281 0.999967 -0.790447 1.73928 -0.907682</i>
                        <i>0.0831921 0.996516 -0.00589749 -0.996521 0.0831605 -0.00542752 -0.00491818 0.0063285 0.999968 -0.790711 1.74066 -0.90775</i>
                    </KeyFrames>
                </p>
            </i>
            <i>
                <p>
                    <Name><![CDATA[spine1]]></Name>
                    <Exclude>0</Exclude>
                    <Additive>0</Additive>
                    <IKPriority>0</IKPriority>
                    <IKRotLimits>-1e+010 -1e+010 -1e+010 1e+010 1e+010 1e+010</IKRotLimits>
                    <IKRotLimitOrder>0</IKRotLimitOrder>
                    <KeyFrames count="61">
                        <i>0.297153 0.889891 0.346113 -0.932731 0.192999 0.304572 0.204236 -0.413334 0.887379 -0.775441 1.92357 -0.908906</i>
                        <i>0.292949 0.891812 0.344749 -0.933439 0.188675 0.305112 0.207057 -0.411184 0.887725 -0.776027 1.92443 -0.909146</i>
                        <i>0.288362 0.893887 0.343241 -0.934182 0.183972 0.305711 0.210124 -0.408804 0.888103 -0.776716 1.92556 -0.909408</i>
                        <i>0.283559 0.896052 0.341591 -0.934925 0.179076 0.306345 0.213331 -0.406229 0.88852 -0.777501 1.9268 -0.909682</i>
                        <i>0.278711 0.89825 0.339805 -0.935638 0.174179 0.30699 0.216567 -0.403496 0.888982 -0.778374 1.92798 -0.909959</i>
                        <i>0.273987 0.900423 0.33789 -0.936297 0.169468 0.307617 0.219724 -0.400649 0.889496 -0.779328 1.92895 -0.910228</i>
                        <i>0.26956 0.902519 0.335854 -0.936881 0.165134 0.308196 0.222692 -0.397732 0.890066 -0.780353 1.92955 -0.910482</i>
                        <i>0.265603 0.904486 0.333706 -0.937372 0.161367 0.308697 0.225363 -0.394797 0.8907 -0.781444 1.92962 -0.910709</i>
                        <i>0.26229 0.906279 0.331455 -0.937757 0.158357 0.309086 0.22763 -0.391895 0.891405 -0.782593 1.929 -0.910902</i>
                        <i>0.259795 0.90785 0.329112 -0.938024 0.156292 0.309329 0.229387 -0.389077 0.892189 -0.783792 1.92791 -0.91105</i>
                        <i>0.257896 0.90924 0.326761 -0.93821 0.154899 0.309464 0.230762 -0.38638 0.893006 -0.784932 1.92669 -0.911165</i>
                        <i>0.25626 0.91051 0.324505 -0.938366 0.153777 0.309551 0.231948 -0.38383 0.893798 -0.785874 1.92532 -0.911259</i>
                        <i>0.254895 0.911646 0.322382 -0.938492 0.152921 0.309592 0.232939 -0.381467 0.894552 -0.786567 1.92384 -0.911334</i>
                        <i>0.253808 0.912636 0.320433 -0.93859 0.152328 0.309587 0.233729 -0.379331 0.895253 -0.786962 1.92225 -0.911385</i>
                        <i>0.253009 0.913465 0.318697 -0.938661 0.151994 0.309536 0.234311 -0.377464 0.89589 -0.787139 1.92057 -0.911413</i>
                        <i>0.252504 0.914121 0.317213 -0.938705 0.151914 0.309442 0.234679 -0.375905 0.896449 -0.787215 1.91881 -0.911416</i>
                        <i>0.252302 0.91459 0.316019 -0.938722 0.152084 0.309307 0.234828 -0.374693 0.896918 -0.787193 1.91699 -0.911391</i>
                        <i>0.252412 0.914859 0.315154 -0.938712 0.152501 0.309133 0.234752 -0.373868 0.897282 -0.787077 1.91512 -0.911338</i>
                        <i>0.25284 0.914911 0.314658 -0.938673 0.153161 0.308924 0.234445 -0.373469 0.897528 -0.786872 1.91323 -0.911256</i>
                        <i>0.253594 0.914733 0.314568 -0.938605 0.154059 0.308684 0.233901 -0.373536 0.897642 -0.78658 1.91132 -0.911141</i>
                        <i>0.254646 0.914366 0.314787 -0.938507 0.155192 0.308416 0.233152 -0.373967 0.897657 -0.786207 1.90941 -0.911003</i>
                        <i>0.255956 0.913863 0.315183 -0.938377 0.156553 0.308123 0.23224 -0.374627 0.897619 -0.785761 1.90751 -0.91085</i>
                        <i>0.257517 0.913232 0.315742 -0.938214 0.158139 0.30781 0.231171 -0.3755 0.89753 -0.785245 1.90564 -0.910685</i>
                        <i>0.259323 0.912475 0.316451 -0.938016 0.159946 0.307479 0.229952 -0.376572 0.897394 -0.784664 1.90381 -0.910509</i>
                        <i>0.261366 0.911599 0.317295 -0.937782 0.161971 0.307133 0.22859 -0.377827 0.897214 -0.784022 1.90204 -0.910324</i>
                        <i>0.263639 0.910606 0.318261 -0.93751 0.164209 0.306774 0.227089 -0.379251 0.896995 -0.783325 1.90033 -0.910133</i>
                        <i>0.266136 0.909503 0.319337 -0.937199 0.166658 0.306404 0.225456 -0.380827 0.896739 -0.782576 1.89872 -0.909936</i>
                        <i>0.268894 0.908282 0.320498 -0.936839 0.169365 0.306021 0.223672 -0.382542 0.896456 -0.781777 1.8972 -0.909737</i>
                        <i>0.271924 0.906944 0.321729 -0.936425 0.172347 0.305623 0.221734 -0.384381 0.89615 -0.780932 1.89579 -0.909537</i>
                        <i>0.275174 0.905502 0.323025 -0.935962 0.175548 0.305218 0.219669 -0.386327 0.895822 -0.780049 1.89452 -0.909339</i>
                        <i>0.278592 0.90397 0.324383 -0.935456 0.178916 0.304812 0.217504 -0.388364 0.895469 -0.779133 1.89339 -0.909142</i>
                        <i>0.282127 0.902364 0.325797 -0.934914 0.182397 0.304411 0.215265 -0.390476 0.895092 -0.778194 1.89242 -0.90895</i>
                        <i>0.28573 0.900697 0.327266 -0.934343 0.185939 0.304022 0.21298 -0.392647 0.894689 -0.777237 1.89163 -0.908764</i>
                        <i>0.28935 0.898987 0.328784 -0.933752 0.189487 0.303648 0.210675 -0.394863 0.894259 -0.776271 1.89102 -0.908586</i>
                        <i>0.292937 0.89725 0.330349 -0.933149 0.19299 0.303296 0.208378 -0.397111 0.893802 -0.775303 1.89062 -0.908417</i>
                        <i>0.296441 0.895504 0.331957 -0.932544 0.196394 0.30297 0.206116 -0.399377 0.893316 -0.774339 1.89044 -0.908259</i>
                        <i>0.299877 0.89375 0.333592 -0.931937 0.199721 0.302663 0.20388 -0.401649 0.892811 -0.773406 1.89048 -0.908111</i>
                        <i>0.303277 0.891988 0.335233 -0.931322 0.203012 0.302368 0.201652 -0.403911 0.892296 -0.772531 1.89074 -0.907971</i>
                        <i>0.306611 0.890229 0.336872 -0.930704 0.206239 0.302085 0.199449 -0.406151 0.891775 -0.771727 1.89121 -0.907838</i>
                        <i>0.309854 0.888487 0.3385 -0.930091 0.209375 0.301817 0.197287 -0.408355 0.891249 -0.771008 1.89186 -0.907713</i>
                        <i>0.312977 0.886775 0.340111 -0.929488 0.212391 0.301565 0.195184 -0.410512 0.890721 -0.770387 1.89269 -0.907598</i>
                        <i>0.315955 0.885108 0.341695 -0.928904 0.215261 0.30133 0.193156 -0.412609 0.890194 -0.769891 1.89368 -0.907493</i>
                        <i>0.318761 0.883501 0.343245 -0.928346 0.217955 0.301115 0.191223 -0.414633 0.88967 -0.769531 1.89481 -0.907398</i>
                        <i>0.321367 0.881969 0.344753 -0.92782 0.220448 0.30092 0.189403 -0.416574 0.889153 -0.769298 1.89607 -0.907314</i>
                        <i>0.323749 0.880526 0.34621 -0.927335 0.222709 0.300749 0.187713 -0.41842 0.888644 -0.769181 1.89746 -0.907241</i>
                        <i>0.325879 0.879188 0.347609 -0.926899 0.224712 0.300604 0.186175 -0.420159 0.888147 -0.769169 1.89894 -0.907181</i>
                        <i>0.327731 0.87797 0.348942 -0.92652 0.226428 0.300485 0.184807 -0.42178 0.887664 -0.769253 1.90051 -0.907134</i>
                        <i>0.329279 0.876889 0.3502 -0.926205 0.227829 0.300397 0.183629 -0.423271 0.887199 -0.769422 1.90215 -0.9071</i>
                        <i>0.330498 0.87596 0.351375 -0.925962 0.228887 0.300342 0.182662 -0.424622 0.886753 -0.769666 1.90386 -0.90708</i>
                        <i>0.33136 0.875199 0.352459 -0.925799 0.229573 0.300321 0.181926 -0.425821 0.886329 -0.769974 1.9056 -0.907075</i>
                        <i>0.33184 0.87462 0.353443 -0.925722 0.229858 0.300339 0.181441 -0.426855 0.885931 -0.770337 1.90738 -0.907085</i>
                        <i>0.331831 0.874408 0.353977 -0.925743 0.229707 0.300392 0.181354 -0.427371 0.8857 -0.770749 1.90917 -0.907136</i>
                        <i>0.330817 0.874824 0.353899 -0.925975 0.228583 0.300534 0.182019 -0.427123 0.885684 -0.771233 1.91095 -0.907243</i>
                        <i>0.328527 0.875885 0.353405 -0.926486 0.226136 0.300808 0.183556 -0.426248 0.885788 -0.771793 1.91271 -0.907393</i>
                        <i>0.325204 0.877453 0.352587 -0.927213 0.222618 0.301194 0.185792 -0.424873 0.885982 -0.772399 1.91445 -0.907578</i>
                        <i>0.321088 0.879388 0.351538 -0.92809 0.218277 0.30167 0.188553 -0.423122 0.886237 -0.773024 1.91614 -0.907787</i>
                        <i>0.31642 0.881551 0.350351 -0.929055 0.213363 0.302214 0.191665 -0.421122 0.886522 -0.773639 1.91778 -0.908014</i>
                        <i>0.311445 0.883809 0.349119 -0.93005 0.208128 0.302802 0.194958 -0.419004 0.886807 -0.774216 1.91935 -0.908247</i>
                        <i>0.306408 0.886032 0.347937 -0.931025 0.202822 0.303408 0.19826 -0.416905 0.887064 -0.774727 1.92085 -0.908479</i>
                        <i>0.301561 0.888099 0.346903 -0.931931 0.197695 0.304007 0.201408 -0.414966 0.887264 -0.775145 1.92226 -0.908702</i>
                        <i>0.297153 0.889891 0.346113 -0.932731 0.192999 0.304572 0.204236 -0.413334 0.887379 -0.775441 1.92357 -0.908906</i>
                    </KeyFrames>
                </p>
            </i>
            <i>
                <p>
                    <Name><![CDATA[spine2]]></Name>
                    <Exclude>0</Exclude>
                    <Additive>0</Additive>
                    <IKPriority>0</IKPriority>
                    <IKRotLimits>-1e+010 -1e+010 -1e+010 1e+010 1e+010 1e+010</IKRotLimits>
                    <IKRotLimitOrder>0</IKRotLimitOrder>
                    <KeyFrames count="61">
                        <i>0.434032 0.786417 0.439505 -0.795864 0.106099 0.596108 0.422158 -0.608516 0.671931 -0.72493 2.07356 -0.850334</i>
                        <i>0.430265 0.789328 0.437988 -0.796464 0.103583 0.595748 0.424872 -0.605171 0.67324 -0.726248 2.07468 -0.850834</i>
                        <i>0.42615 0.792487 0.436303 -0.797101 0.100854 0.595364 0.427816 -0.601492 0.674671 -0.727735 2.07609 -0.851381</i>
                        <i>0.421797 0.795823 0.434458 -0.797744 0.098002 0.59498 0.430921 -0.597546 0.6762 -0.729354 2.07761 -0.851965</i>
                        <i>0.417321 0.799263 0.43246 -0.798363 0.0951197 0.594616 0.434119 -0.593406 0.677798 -0.731068 2.07909 -0.852574</i>
                        <i>0.412839 0.802738 0.430321 -0.798933 0.0923003 0.594295 0.437344 -0.589146 0.679439 -0.732838 2.08036 -0.853195</i>
                        <i>0.408471 0.806177 0.428053 -0.799429 0.0896387 0.594035 0.440528 -0.584844 0.681097 -0.734629 2.08124 -0.853818</i>
                        <i>0.404339 0.809515 0.425671 -0.799829 0.0872315 0.593856 0.443603 -0.580583 0.682745 -0.736403 2.08159 -0.85443</i>
                        <i>0.400568 0.812684 0.423189 -0.800112 0.085176 0.593773 0.446504 -0.576445 0.684357 -0.738122 2.08122 -0.85502</i>
                        <i>0.397284 0.815622 0.420625 -0.800259 0.0835705 0.593803 0.449167 -0.572518 0.68591 -0.739751 2.08036 -0.855577</i>
                        <i>0.394373 0.818346 0.418068 -0.800317 0.0822759 0.593906 0.451623 -0.568807 0.687383 -0.741218 2.07935 -0.856097</i>
                        <i>0.391649 0.820894 0.415624 -0.800347 0.0810854 0.594029 0.453934 -0.565294 0.688757 -0.74244 2.07818 -0.856581</i>
                        <i>0.389139 0.823239 0.413339 -0.800353 0.0799952 0.594168 0.456077 -0.562031 0.690011 -0.743368 2.07687 -0.857019</i>
                        <i>0.386864 0.82535 0.411259 -0.80034 0.0790012 0.594319 0.458031 -0.559067 0.691123 -0.743949 2.07543 -0.857403</i>
                        <i>0.384849 0.8272 0.409428 -0.800312 0.0780991 0.594476 0.459775 -0.556453 0.692074 -0.744262 2.07388 -0.857725</i>
                        <i>0.383117 0.828761 0.407892 -0.800271 0.0772842 0.594637 0.461288 -0.55424 0.692843 -0.744422 2.07223 -0.857977</i>
                        <i>0.381693 0.830006 0.406695 -0.800223 0.0765515 0.594797 0.462552 -0.552477 0.693409 -0.744432 2.0705 -0.858151</i>
                        <i>0.380599 0.830905 0.405883 -0.800169 0.0758959 0.594953 0.463544 -0.551214 0.69375 -0.744294 2.06869 -0.858239</i>
                        <i>0.37986 0.83143 0.4055 -0.800113 0.0753119 0.595103 0.464247 -0.550502 0.693846 -0.74401 2.06683 -0.858232</i>
                        <i>0.379497 0.831553 0.405589 -0.800057 0.0747942 0.595243 0.46464 -0.550387 0.693674 -0.743582 2.06492 -0.858122</i>
                        <i>0.379484 0.831342 0.406031 -0.799993 0.0743876 0.595381 0.464762 -0.55076 0.693297 -0.743022 2.06299 -0.857933</i>
                        <i>0.379783 0.830895 0.406668 -0.799908 0.0741504 0.595523 0.464663 -0.551467 0.692801 -0.742344 2.06105 -0.857698</i>
                        <i>0.380395 0.830217 0.40748 -0.799803 0.0740971 0.595672 0.464344 -0.552494 0.692196 -0.741552 2.05911 -0.857422</i>
                        <i>0.381324 0.829314 0.408449 -0.799674 0.074242 0.595827 0.463804 -0.553829 0.691491 -0.740653 2.05721 -0.857109</i>
                        <i>0.382571 0.828193 0.409555 -0.79952 0.0745995 0.595989 0.463041 -0.555456 0.690696 -0.739652 2.05534 -0.856763</i>
                        <i>0.384139 0.826859 0.410781 -0.799339 0.0751837 0.596159 0.462055 -0.557361 0.689821 -0.738556 2.05352 -0.856388</i>
                        <i>0.38603 0.825317 0.412108 -0.799128 0.0760092 0.596337 0.460843 -0.559531 0.688875 -0.73737 2.05177 -0.855989</i>
                        <i>0.3883 0.823553 0.413502 -0.798875 0.0771511 0.596528 0.45937 -0.561968 0.687874 -0.736089 2.0501 -0.855572</i>
                        <i>0.390972 0.821563 0.414939 -0.798575 0.0786454 0.596735 0.457622 -0.564667 0.686828 -0.734715 2.04854 -0.855142</i>
                        <i>0.393992 0.81937 0.416416 -0.798232 0.0804482 0.596953 0.455626 -0.567592 0.685744 -0.733265 2.04708 -0.854701</i>
                        <i>0.397308 0.816996 0.417928 -0.797852 0.0825156 0.597179 0.453407 -0.570709 0.684626 -0.731754 2.04575 -0.854252</i>
                        <i>0.400867 0.814462 0.419474 -0.79744 0.0848043 0.597409 0.450994 -0.573987 0.68348 -0.730199 2.04457 -0.853797</i>
                        <i>0.404617 0.81179 0.421048 -0.797002 0.087271 0.597639 0.448412 -0.577391 0.68231 -0.728615 2.04356 -0.85334</i>
                        <i>0.408508 0.809005 0.422649 -0.796544 0.089873 0.597864 0.44569 -0.580891 0.681121 -0.727019 2.04272 -0.852883</i>
                        <i>0.412489 0.806129 0.424275 -0.796073 0.0925676 0.598079 0.442855 -0.584455 0.67992 -0.725427 2.04208 -0.852428</i>
                        <i>0.416511 0.803186 0.425923 -0.795598 0.0953127 0.59828 0.439935 -0.588054 0.678712 -0.723855 2.04165 -0.851978</i>
                        <i>0.420563 0.80019 0.427578 -0.795115 0.0981051 0.598471 0.436943 -0.591668 0.677502 -0.722325 2.04144 -0.851534</i>
                        <i>0.424642 0.79715 0.429221 -0.794619 0.10095 0.598657 0.43389 -0.595282 0.676298 -0.72086 2.04145 -0.851097</i>
                        <i>0.428714 0.794089 0.430846 -0.794113 0.103818 0.598837 0.4308 -0.59887 0.675105 -0.719478 2.04166 -0.85067</i>
                        <i>0.432742 0.791028 0.432446 -0.793605 0.106681 0.599008 0.427698 -0.602407 0.673929 -0.718197 2.04206 -0.850254</i>
                        <i>0.436693 0.787991 0.434015 -0.793098 0.10951 0.599168 0.42461 -0.605869 0.672777 -0.717035 2.04263 -0.849851</i>
                        <i>0.440533 0.785003 0.435547 -0.7926 0.112275 0.599316 0.421564 -0.609233 0.671655 -0.716024 2.04337 -0.849464</i>
                        <i>0.444227 0.782088 0.437036 -0.792117 0.114949 0.599448 0.418584 -0.612474 0.670569 -0.71518 2.04425 -0.849095</i>
                        <i>0.447744 0.779272 0.438475 -0.791656 0.117502 0.599562 0.4157 -0.615572 0.669526 -0.714497 2.04528 -0.848745</i>
                        <i>0.45105 0.77658 0.43986 -0.791224 0.119907 0.599656 0.412939 -0.618502 0.668533 -0.713969 2.04644 -0.848417</i>
                        <i>0.454114 0.77404 0.441183 -0.790829 0.122134 0.599728 0.41033 -0.621245 0.667596 -0.713592 2.04771 -0.848113</i>
                        <i>0.456902 0.771678 0.44244 -0.790479 0.124155 0.599774 0.407902 -0.623777 0.666722 -0.713359 2.04908 -0.847835</i>
                        <i>0.459384 0.769522 0.443624 -0.790182 0.125941 0.599793 0.405684 -0.626079 0.665918 -0.713264 2.05055 -0.847586</i>
                        <i>0.461528 0.767599 0.444729 -0.789945 0.127465 0.599782 0.403705 -0.628128 0.66519 -0.713302 2.05209 -0.847366</i>
                        <i>0.463302 0.765937 0.445749 -0.789779 0.128696 0.599739 0.401996 -0.629903 0.664546 -0.713466 2.05371 -0.847179</i>
                        <i>0.464674 0.764563 0.446678 -0.789689 0.129606 0.599661 0.400587 -0.631383 0.663992 -0.713752 2.05538 -0.847027</i>
                        <i>0.465521 0.763786 0.447125 -0.789653 0.130302 0.599558 0.399673 -0.63218 0.663784 -0.714174 2.05711 -0.846996</i>
                        <i>0.465235 0.764059 0.446958 -0.789786 0.13027 0.59939 0.399744 -0.631858 0.664049 -0.714844 2.05892 -0.847132</i>
                        <i>0.463491 0.765426 0.446429 -0.790188 0.129051 0.599123 0.400973 -0.630451 0.664645 -0.71581 2.06081 -0.847387</i>
                        <i>0.460567 0.767659 0.44562 -0.790803 0.126867 0.598778 0.403123 -0.628175 0.665498 -0.717001 2.06275 -0.847736</i>
                        <i>0.456742 0.770525 0.444611 -0.791572 0.123942 0.598374 0.405956 -0.625244 0.666536 -0.718347 2.06471 -0.848152</i>
                        <i>0.452293 0.773792 0.443483 -0.792438 0.1205 0.597931 0.409235 -0.621873 0.667683 -0.719778 2.06664 -0.84861</i>
                        <i>0.447504 0.777233 0.442322 -0.793347 0.116765 0.597467 0.412723 -0.618284 0.668868 -0.721222 2.06853 -0.849083</i>
                        <i>0.442666 0.780627 0.441212 -0.794249 0.112966 0.596998 0.416191 -0.614704 0.670019 -0.722609 2.07033 -0.849545</i>
                        <i>0.438075 0.783758 0.440243 -0.795101 0.109334 0.59654 0.41941 -0.611367 0.671063 -0.723868 2.07202 -0.849971</i>
                        <i>0.434032 0.786417 0.439505 -0.795864 0.106099 0.596108 0.422158 -0.608516 0.671931 -0.72493 2.07356 -0.850334</i>
                    </KeyFrames>
                </p>
            </i>
            <i>
                <p>
                    <Name><![CDATA[head]]></Name>
                    <Exclude>0</Exclude>
                    <Additive>0</Additive>
                    <IKPriority>0</IKPriority>
                    <IKRotLimits>-1e+010 -1e+010 -1e+010 1e+010 1e+010 1e+010</IKRotLimits>
                    <IKRotLimitOrder>0</IKRotLimitOrder>
                    <KeyFrames count="61">
                        <i>0.00966111 0.998239 -0.0585333 0.162563 -0.0593253 -0.984913 -0.986651 6.54249e-009 -0.162849 -0.612338 2.29054 -0.751406</i>
                        <i>0.0094746 0.998285 -0.0577717 0.161561 -0.0585434 -0.985125 -0.986817 2.3676e-008 -0.161839 -0.614564 2.29232 -0.752411</i>
                        <i>0.00925939 0.998339 -0.0568646 0.160449 -0.0576135 -0.985361 -0.987001 -4.29631e-009 -0.160716 -0.617041 2.29443 -0.753516</i>
                        <i>0.00903014 0.998396 -0.0558885 0.15925 -0.0566132 -0.985614 -0.987197 5.10264e-008 -0.159506 -0.619711 2.29671 -0.754704</i>
                        <i>0.00880118 0.998452 -0.0549195 0.157991 -0.0556203 -0.985873 -0.987401 -1.14277e-008 -0.158236 -0.622514 2.29896 -0.755954</i>
                        <i>0.00858606 0.998502 -0.054034 0.156697 -0.0547119 -0.98613 -0.987609 -2.61622e-008 -0.156932 -0.625393 2.30102 -0.757247</i>
                        <i>0.00839811 0.998543 -0.0533079 0.155393 -0.0539654 -0.986378 -0.987817 -2.60691e-008 -0.15562 -0.628288 2.30271 -0.758564</i>
                        <i>0.00824988 0.99857 -0.0528171 0.154106 -0.0534575 -0.986607 -0.98802 -2.10871e-008 -0.154326 -0.631141 2.30384 -0.759884</i>
                        <i>0.00815368 0.99858 -0.0526371 0.15286 -0.0532649 -0.986811 -0.988214 -1.51804e-008 -0.153078 -0.633892 2.30424 -0.761189</i>
                        <i>0.008096 0.998579 -0.0526799 0.151684 -0.0532984 -0.986991 -0.988396 -2.75055e-008 -0.1519 -0.636481 2.30412 -0.762459</i>
                        <i>0.00805635 0.998572 -0.0528058 0.150605 -0.0534168 -0.98715 -0.988561 -3.20005e-008 -0.15082 -0.63885 2.3038 -0.763672</i>
                        <i>0.0080354 0.998562 -0.0530123 0.149649 -0.0536179 -0.987284 -0.988707 -7.68457e-009 -0.149865 -0.640937 2.30329 -0.76481</i>
                        <i>0.0080342 0.998546 -0.053297 0.148843 -0.0538992 -0.987391 -0.988828 -4.09553e-009 -0.14906 -0.642684 2.30259 -0.765853</i>
                        <i>0.0080537 0.998527 -0.0536573 0.148214 -0.0542583 -0.987466 -0.988923 1.29267e-008 -0.148432 -0.644029 2.30172 -0.766778</i>
                        <i>0.00809205 0.998503 -0.0540912 0.147732 -0.0546932 -0.987514 -0.988994 -5.65164e-009 -0.147953 -0.645044 2.30067 -0.767568</i>
                        <i>0.00814663 0.998475 -0.0545971 0.147354 -0.0552015 -0.987542 -0.98905 2.18195e-008 -0.147579 -0.645835 2.29946 -0.768201</i>
