<?xml version="1.0" encoding="ISO-8859-1" ?>
<Animl Version="1">
    <ModellingPackage><![CDATA[Maya.2010]]></ModellingPackage>
    <SrcFile><![CDATA[anims\turrets\special\blue\~src\bugspray\bugspray_fire_crewmanc.mb]]></SrcFile>
    <FramesPerSecond>30</FramesPerSecond>
    <TotalFrames>61</TotalFrames>
    <Skeleton>
        <RefFrame>
            <Name><![CDATA[soldier_ref_frame]]></Name>
            <Exclude>0</Exclude>
            <Additive>0</Additive>
            <IKPriority>0</IKPriority>
            <IKRotLimits>-1e+010 -1e+010 -1e+010 1e+010 1e+010 1e+010</IKRotLimits>
            <IKRotLimitOrder>0</IKRotLimitOrder>
            <KeyFrames count="61">
                <i>1 0 0 0 1 0 0 0 1 -0.95 0.9 1.65</i>
                <i>1 0 0 0 1 0 0 0 1 -0.95 0.9 1.65</i>
                <i>1 0 0 0 1 0 0 0 1 -0.95 0.9 1.65</i>
                <i>1 0 0 0 1 0 0 0 1 -0.95 0.9 1.65</i>
                <i>1 0 0 0 1 0 0 0 1 -0.95 0.9 1.65</i>
                <i>1 0 0 0 1 0 0 0 1 -0.95 0.9 1.65</i>
                <i>1 0 0 0 1 0 0 0 1 -0.95 0.9 1.65</i>
                <i>1 0 0 0 1 0 0 0 1 -0.95 0.9 1.65</i>
                <i>1 0 0 0 1 0 0 0 1 -0.95 0.9 1.65</i>
                <i>1 0 0 0 1 0 0 0 1 -0.95 0.9 1.65</i>
                <i>1 0 0 0 1 0 0 0 1 -0.95 0.9 1.65</i>
                <i>1 0 0 0 1 0 0 0 1 -0.95 0.9 1.65</i>
                <i>1 0 0 0 1 0 0 0 1 -0.95 0.9 1.65</i>
                <i>1 0 0 0 1 0 0 0 1 -0.95 0.9 1.65</i>
                <i>1 0 0 0 1 0 0 0 1 -0.95 0.9 1.65</i>
                <i>1 0 0 0 1 0 0 0 1 -0.95 0.9 1.65</i>
                <i>1 0 0 0 1 0 0 0 1 -0.95 0.9 1.65</i>
                <i>1 0 0 0 1 0 0 0 1 -0.95 0.9 1.65</i>
                <i>1 0 0 0 1 0 0 0 1 -0.95 0.9 1.65</i>
                <i>1 0 0 0 1 0 0 0 1 -0.95 0.9 1.65</i>
                <i>1 0 0 0 1 0 0 0 1 -0.95 0.9 1.65</i>
                <i>1 0 0 0 1 0 0 0 1 -0.95 0.9 1.65</i>
                <i>1 0 0 0 1 0 0 0 1 -0.95 0.9 1.65</i>
                <i>1 0 0 0 1 0 0 0 1 -0.95 0.9 1.65</i>
                <i>1 0 0 0 1 0 0 0 1 -0.95 0.9 1.65</i>
                <i>1 0 0 0 1 0 0 0 1 -0.95 0.9 1.65</i>
                <i>1 0 0 0 1 0 0 0 1 -0.95 0.9 1.65</i>
                <i>1 0 0 0 1 0 0 0 1 -0.95 0.9 1.65</i>
                <i>1 0 0 0 1 0 0 0 1 -0.95 0.9 1.65</i>
                <i>1 0 0 0 1 0 0 0 1 -0.95 0.9 1.65</i>
                <i>1 0 0 0 1 0 0 0 1 -0.95 0.9 1.65</i>
                <i>1 0 0 0 1 0 0 0 1 -0.95 0.9 1.65</i>
                <i>1 0 0 0 1 0 0 0 1 -0.95 0.9 1.65</i>
                <i>1 0 0 0 1 0 0 0 1 -0.95 0.9 1.65</i>
                <i>1 0 0 0 1 0 0 0 1 -0.95 0.9 1.65</i>
                <i>1 0 0 0 1 0 0 0 1 -0.95 0.9 1.65</i>
                <i>1 0 0 0 1 0 0 0 1 -0.95 0.9 1.65</i>
                <i>1 0 0 0 1 0 0 0 1 -0.95 0.9 1.65</i>
                <i>1 0 0 0 1 0 0 0 1 -0.95 0.9 1.65</i>
                <i>1 0 0 0 1 0 0 0 1 -0.95 0.9 1.65</i>
                <i>1 0 0 0 1 0 0 0 1 -0.95 0.9 1.65</i>
                <i>1 0 0 0 1 0 0 0 1 -0.95 0.9 1.65</i>
                <i>1 0 0 0 1 0 0 0 1 -0.95 0.9 1.65</i>
                <i>1 0 0 0 1 0 0 0 1 -0.95 0.9 1.65</i>
                <i>1 0 0 0 1 0 0 0 1 -0.95 0.9 1.65</i>
                <i>1 0 0 0 1 0 0 0 1 -0.95 0.9 1.65</i>
                <i>1 0 0 0 1 0 0 0 1 -0.95 0.9 1.65</i>
                <i>1 0 0 0 1 0 0 0 1 -0.95 0.9 1.65</i>
                <i>1 0 0 0 1 0 0 0 1 -0.95 0.9 1.65</i>
                <i>1 0 0 0 1 0 0 0 1 -0.95 0.9 1.65</i>
                <i>1 0 0 0 1 0 0 0 1 -0.95 0.9 1.65</i>
                <i>1 0 0 0 1 0 0 0 1 -0.95 0.9 1.65</i>
                <i>1 0 0 0 1 0 0 0 1 -0.95 0.9 1.65</i>
                <i>1 0 0 0 1 0 0 0 1 -0.95 0.9 1.65</i>
                <i>1 0 0 0 1 0 0 0 1 -0.95 0.9 1.65</i>
                <i>1 0 0 0 1 0 0 0 1 -0.95 0.9 1.65</i>
                <i>1 0 0 0 1 0 0 0 1 -0.95 0.9 1.65</i>
                <i>1 0 0 0 1 0 0 0 1 -0.95 0.9 1.65</i>
                <i>1 0 0 0 1 0 0 0 1 -0.95 0.9 1.65</i>
                <i>1 0 0 0 1 0 0 0 1 -0.95 0.9 1.65</i>
                <i>1 0 0 0 1 0 0 0 1 -0.95 0.9 1.65</i>
            </KeyFrames>
        </RefFrame>
        <Bones count="23">
            <i>
                <p>
                    <Name><![CDATA[pelvis]]></Name>
                    <Exclude>0</Exclude>
                    <Additive>0</Additive>
                    <IKPriority>0</IKPriority>
                    <IKRotLimits>-1e+010 -1e+010 -1e+010 1e+010 1e+010 1e+010</IKRotLimits>
                    <IKRotLimitOrder>2</IKRotLimitOrder>
                    <KeyFrames count="61">
                        <i>1 0 0 0 1 0 0 0 1 -0.974791 2.0655 1.70741</i>
                        <i>1 0 0 0 1 0 0 0 1 -0.974791 2.06675 1.70741</i>
                        <i>1 0 0 0 1 0 0 0 1 -0.974791 2.06806 1.70741</i>
                        <i>1 0 0 0 1 0 0 0 1 -0.974791 2.06941 1.70741</i>
                        <i>1 0 0 0 1 0 0 0 1 -0.974791 2.07076 1.70741</i>
                        <i>1 0 0 0 1 0 0 0 1 -0.974791 2.0721 1.70741</i>
                        <i>1 0 0 0 1 0 0 0 1 -0.974791 2.07338 1.70741</i>
                        <i>1 0 0 0 1 0 0 0 1 -0.974791 2.07458 1.70741</i>
                        <i>1 0 0 0 1 0 0 0 1 -0.974791 2.07568 1.70741</i>
                        <i>1 0 0 0 1 0 0 0 1 -0.974791 2.07664 1.70741</i>
                        <i>1 0 0 0 1 0 0 0 1 -0.974791 2.07743 1.70741</i>
                        <i>1 0 0 0 1 0 0 0 1 -0.974791 2.07803 1.70741</i>
                        <i>1 0 0 0 1 0 0 0 1 -0.974791 2.07841 1.70741</i>
                        <i>1 0 0 0 1 0 0 0 1 -0.974791 2.07853 1.70741</i>
                        <i>1 0 0 0 1 0 0 0 1 -0.974791 2.07837 1.70741</i>
                        <i>1 0 0 0 1 0 0 0 1 -0.974791 2.07801 1.70741</i>
                        <i>1 0 0 0 1 0 0 0 1 -0.974791 2.07753 1.70741</i>
                        <i>1 0 0 0 1 0 0 0 1 -0.974791 2.07694 1.70741</i>
                        <i>1 0 0 0 1 0 0 0 1 -0.974791 2.07625 1.70741</i>
                        <i>1 0 0 0 1 0 0 0 1 -0.974791 2.07547 1.70741</i>
                        <i>1 0 0 0 1 0 0 0 1 -0.974791 2.07461 1.70741</i>
                        <i>1 0 0 0 1 0 0 0 1 -0.974791 2.07368 1.70741</i>
                        <i>1 0 0 0 1 0 0 0 1 -0.974791 2.07269 1.70741</i>
                        <i>1 0 0 0 1 0 0 0 1 -0.974791 2.07164 1.70741</i>
                        <i>1 0 0 0 1 0 0 0 1 -0.974791 2.07054 1.70741</i>
                        <i>1 0 0 0 1 0 0 0 1 -0.974791 2.0694 1.70741</i>
                        <i>1 0 0 0 1 0 0 0 1 -0.974791 2.06824 1.70741</i>
                        <i>1 0 0 0 1 0 0 0 1 -0.974791 2.06706 1.70741</i>
                        <i>1 0 0 0 1 0 0 0 1 -0.974791 2.06586 1.70741</i>
                        <i>1 0 0 0 1 0 0 0 1 -0.974791 2.06466 1.70741</i>
                        <i>1 0 0 0 1 0 0 0 1 -0.974791 2.06347 1.70741</i>
                        <i>1 0 0 0 1 0 0 0 1 -0.974791 2.06228 1.70741</i>
                        <i>1 0 0 0 1 0 0 0 1 -0.974791 2.06113 1.70741</i>
                        <i>1 0 0 0 1 0 0 0 1 -0.974791 2.06 1.70741</i>
                        <i>1 0 0 0 1 0 0 0 1 -0.974791 2.05891 1.70741</i>
                        <i>1 0 0 0 1 0 0 0 1 -0.974791 2.05787 1.70741</i>
                        <i>1 0 0 0 1 0 0 0 1 -0.974791 2.05689 1.70741</i>
                        <i>1 0 0 0 1 0 0 0 1 -0.974791 2.05597 1.70741</i>
                        <i>1 0 0 0 1 0 0 0 1 -0.974791 2.05513 1.70741</i>
                        <i>1 0 0 0 1 0 0 0 1 -0.974791 2.05437 1.70741</i>
                        <i>1 0 0 0 1 0 0 0 1 -0.974791 2.0537 1.70741</i>
                        <i>1 0 0 0 1 0 0 0 1 -0.974791 2.05314 1.70741</i>
                        <i>1 0 0 0 1 0 0 0 1 -0.974791 2.05268 1.70741</i>
                        <i>1 0 0 0 1 0 0 0 1 -0.974791 2.05234 1.70741</i>
                        <i>1 0 0 0 1 0 0 0 1 -0.974791 2.05215 1.70741</i>
                        <i>1 0 0 0 1 0 0 0 1 -0.974791 2.05213 1.70741</i>
                        <i>1 0 0 0 1 0 0 0 1 -0.974791 2.05228 1.70741</i>
                        <i>1 0 0 0 1 0 0 0 1 -0.974791 2.05259 1.70741</i>
                        <i>1 0 0 0 1 0 0 0 1 -0.974791 2.05303 1.70741</i>
                        <i>1 0 0 0 1 0 0 0 1 -0.974791 2.05361 1.70741</i>
                        <i>1 0 0 0 1 0 0 0 1 -0.974791 2.05431 1.70741</i>
                        <i>1 0 0 0 1 0 0 0 1 -0.974791 2.05511 1.70741</i>
                        <i>1 0 0 0 1 0 0 0 1 -0.974791 2.05602 1.70741</i>
                        <i>1 0 0 0 1 0 0 0 1 -0.974791 2.05701 1.70741</i>
                        <i>1 0 0 0 1 0 0 0 1 -0.974791 2.05808 1.70741</i>
                        <i>1 0 0 0 1 0 0 0 1 -0.974791 2.05922 1.70741</i>
                        <i>1 0 0 0 1 0 0 0 1 -0.974791 2.06041 1.70741</i>
                        <i>1 0 0 0 1 0 0 0 1 -0.974791 2.06164 1.70741</i>
                        <i>1 0 0 0 1 0 0 0 1 -0.974791 2.06291 1.70741</i>
                        <i>1 0 0 0 1 0 0 0 1 -0.974791 2.0642 1.70741</i>
                        <i>1 0 0 0 1 0 0 0 1 -0.974791 2.0655 1.70741</i>
                    </KeyFrames>
                </p>
            </i>
            <i>
                <p>
                    <Name><![CDATA[spine0]]></Name>
                    <Exclude>0</Exclude>
                    <Additive>0</Additive>
                    <IKPriority>0</IKPriority>
                    <IKRotLimits>-1e+010 -1e+010 -1e+010 1e+010 1e+010 1e+010</IKRotLimits>
                    <IKRotLimitOrder>0</IKRotLimitOrder>
                    <KeyFrames count="61">
                        <i>0.0020877 0.967299 0.253629 -0.999998 0.00200326 0.000591187 6.377e-005 -0.25363 0.967301 -0.974791 2.20917 1.69987</i>
                        <i>0.00216572 0.967602 0.25247 -0.999998 0.00207821 0.000613304 6.87491e-005 -0.252471 0.967604 -0.974791 2.21041 1.69987</i>
                        <i>0.00224926 0.967917 0.251261 -0.999997 0.00215845 0.000636986 7.42143e-005 -0.251262 0.967919 -0.974791 2.21172 1.69987</i>
                        <i>0.00233584 0.968235 0.250032 -0.999997 0.00224163 0.000661534 8.00405e-005 -0.250033 0.968237 -0.974791 2.21307 1.69987</i>
                        <i>0.002423 0.968549 0.248813 -0.999997 0.00232539 0.00068625 8.60803e-005 -0.248814 0.968551 -0.974791 2.21443 1.69987</i>
                        <i>0.00250829 0.96885 0.247635 -0.999997 0.00240734 0.000710436 9.2163e-005 -0.247636 0.968853 -0.974791 2.21576 1.69987</i>
                        <i>0.00258924 0.969132 0.24653 -0.999997 0.00248514 0.000733396 9.80955e-005 -0.246531 0.969135 -0.974791 2.21704 1.69987</i>
                        <i>0.0026634 0.969386 0.245527 -0.999996 0.00255642 0.00075443 0.000103665 -0.245528 0.969389 -0.974791 2.21825 1.69987</i>
                        <i>0.0027283 0.969606 0.244658 -0.999996 0.00261881 0.000772843 0.000108641 -0.244659 0.969609 -0.974791 2.21934 1.69987</i>
                        <i>0.0027815 0.969783 0.243952 -0.999996 0.00266995 0.000787936 0.000112786 -0.243954 0.969787 -0.974791 2.2203 1.69987</i>
                        <i>0.00282054 0.969911 0.243442 -0.999996 0.00270748 0.000799011 0.000115854 -0.243444 0.969915 -0.974791 2.22109 1.69987</i>
                        <i>0.00284295 0.969983 0.243158 -0.999996 0.00272902 0.000805369 0.00011761 -0.243159 0.969986 -0.974791 2.22169 1.69987</i>
                        <i>0.00284627 0.96999 0.24313 -0.999996 0.00273222 0.000806312 0.000117829 -0.243131 0.969993 -0.974791 2.22207 1.69987</i>
                        <i>0.00282805 0.969925 0.243389 -0.999996 0.0027147 0.00080114 0.000116317 -0.243391 0.969928 -0.974791 2.22219 1.69987</i>
                        <i>0.00279242 0.969801 0.243883 -0.999996 0.00268044 0.00079103 0.000113428 -0.243885 0.969804 -0.974791 2.22204 1.69987</i>
                        <i>0.00274584 0.969638 0.244529 -0.999996 0.00263565 0.000777814 0.000109705 -0.24453 0.969642 -0.974791 2.22167 1.69987</i>
                        <i>0.0026893 0.969441 0.245312 -0.999996 0.0025813 0.000761774 0.000105271 -0.245313 0.969444 -0.974791 2.22119 1.69987</i>
                        <i>0.0026238 0.969211 0.246219 -0.999997 0.00251834 0.000743193 0.000100248 -0.24622 0.969214 -0.974791 2.2206 1.69987</i>
                        <i>0.00255033 0.968952 0.247236 -0.999997 0.00244773 0.000722355 9.47614e-005 -0.247237 0.968955 -0.974791 2.21991 1.69987</i>
                        <i>0.00246989 0.968668 0.248349 -0.999997 0.00237042 0.000699542 8.89316e-005 -0.24835 0.96867 -0.974791 2.21913 1.69987</i>
                        <i>0.00238347 0.968361 0.249544 -0.999997 0.00228738 0.000675036 8.28754e-005 -0.249545 0.968363 -0.974791 2.21828 1.69987</i>
                        <i>0.00229207 0.968034 0.250807 -0.999997 0.00219957 0.000649119 7.67031e-005 -0.250808 0.968037 -0.974791 2.21734 1.69987</i>
                        <i>0.00219667 0.967692 0.252125 -0.999998 0.00210793 0.000622075 7.0517e-005 -0.252125 0.967695 -0.974791 2.21635 1.69987</i>
                        <i>0.00209828 0.967338 0.253483 -0.999998 0.00201342 0.000594185 6.44099e-005 -0.253484 0.96734 -0.974791 2.2153 1.69987</i>
                        <i>0.00199789 0.966974 0.254868 -0.999998 0.00191701 0.000565732 5.84649e-005 -0.254869 0.966976 -0.974791 2.2142 1.69987</i>
                        <i>0.0018965 0.966604 0.256266 -0.999998 0.00181965 0.000537 5.27537e-005 -0.256266 0.966606 -0.974791 2.21307 1.69987</i>
                        <i>0.00179511 0.966233 0.257663 -0.999998 0.0017223 0.000508272 4.73369e-005 -0.257663 0.966235 -0.974791 2.2119 1.69987</i>
                        <i>0.00169473 0.965864 0.259045 -0.999999 0.00162593 0.000479831 4.22636e-005 -0.259045 0.965865 -0.974791 2.21072 1.69987</i>
                        <i>0.00159635 0.9655 0.260398 -0.999999 0.0015315 0.000451964 3.75717e-005 -0.260399 0.965501 -0.974791 2.20952 1.69987</i>
                        <i>0.001501 0.965146 0.261709 -0.999999 0.00143997 0.000424954 3.32878e-005 -0.26171 0.965147 -0.974791 2.20832 1.69987</i>
                        <i>0.00140968 0.964805 0.262964 -0.999999 0.00135233 0.000399089 2.94286e-005 -0.262965 0.964805 -0.974791 2.20713 1.69987</i>
                        <i>0.0013234 0.964481 0.264149 -0.999999 0.00126953 0.000374655 2.60016e-005 -0.264149 0.964482 -0.974791 2.20595 1.69987</i>
                        <i>0.0012432 0.964179 0.26525 -0.999999 0.00119256 0.00035194 2.30061e-005 -0.26525 0.96418 -0.974791 2.20479 1.69987</i>
                        <i>0.00117007 0.963903 0.266253 -0.999999 0.0011224 0.000331233 2.04352e-005 -0.266253 0.963903 -0.974791 2.20366 1.69987</i>
                        <i>0.00110506 0.963656 0.267144 -0.999999 0.00106001 0.000312823 1.82774e-005 -0.267144 0.963657 -0.974791 2.20257 1.69987</i>
                        <i>0.00104917 0.963443 0.26791 -0.999999 0.00100639 0.000296999 1.6519e-005 -0.26791 0.963444 -0.974791 2.20154 1.69987</i>
                        <i>0.00100344 0.963269 0.268536 -1 0.000962517 0.000284051 1.51464e-005 -0.268537 0.96327 -0.974791 2.20055 1.69987</i>
                        <i>0.00096889 0.963137 0.26901 -1 0.000929368 0.000274268 1.41488e-005 -0.26901 0.963138 -0.974791 2.19964 1.69987</i>
                        <i>0.00094654 0.963052 0.269316 -1 0.000907926 0.00026794 1.35217e-005 -0.269316 0.963052 -0.974791 2.19879 1.69987</i>
                        <i>0.00093595 0.96301 0.269463 -1 0.000897765 0.000264942 1.32268e-005 -0.269463 0.963011 -0.974791 2.19804 1.69987</i>
                        <i>0.000935574 0.963007 0.269476 -1 0.000897405 0.000264835 1.3209e-005 -0.269476 0.963007 -0.974791 2.19737 1.69987</i>
                        <i>0.000944776 0.963039 0.269362 -1 0.000906233 0.000267441 1.3451e-005 -0.269362 0.963039 -0.974791 2.1968 1.69987</i>
                        <i>0.000962918 0.963104 0.269129 -1 0.000923638 0.000272577 1.39425e-005 -0.269129 0.963104 -0.974791 2.19634 1.69987</i>
                        <i>0.00098936 0.9632 0.268784 -1 0.000949006 0.000280063 1.46791e-005 -0.268784 0.9632 -0.974791 2.196 1.69987</i>
                        <i>0.00102346 0.963325 0.268337 -0.999999 0.000981724 0.000289719 1.56605e-005 -0.268337 0.963325 -0.974791 2.19581 1.69987</i>
                        <i>0.00106458 0.963476 0.267794 -0.999999 0.00102118 0.000301361 1.68895e-005 -0.267794 0.963476 -0.974791 2.1958 1.69987</i>
                        <i>0.00111207 0.96365 0.267164 -0.999999 0.00106674 0.000314809 1.83701e-005 -0.267165 0.963651 -0.974791 2.19595 1.69987</i>
                        <i>0.0011653 0.963847 0.266455 -0.999999 0.00111782 0.000329881 2.01071e-005 -0.266455 0.963847 -0.974791 2.19625 1.69987</i>
                        <i>0.00122362 0.964062 0.265675 -0.999999 0.00117377 0.000346395 2.21045e-005 -0.265675 0.964063 -0.974791 2.1967 1.69987</i>
                        <i>0.00128639 0.964294 0.264831 -0.999999 0.001234 0.000364169 2.43649e-005 -0.264831 0.964295 -0.974791 2.19727 1.69987</i>
                        <i>0.00135296 0.964541 0.263931 -0.999999 0.00129789 0.000383023 2.68882e-005 -0.263931 0.964541 -0.974791 2.19797 1.69987</i>
                        <i>0.0014227 0.964799 0.262984 -0.999999 0.00136482 0.000402775 2.96715e-005 -0.262984 0.9648 -0.974791 2.19878 1.69987</i>
                        <i>0.00149497 0.965068 0.261997 -0.999999 0.00143418 0.000423243 3.27081e-005 -0.261997 0.965069 -0.974791 2.19968 1.69987</i>
                        <i>0.00156912 0.965343 0.260979 -0.999999 0.00150535 0.000444248 3.59869e-005 -0.260979 0.965344 -0.974791 2.20068 1.69987</i>
                        <i>0.00164453 0.965624 0.259937 -0.999999 0.00157774 0.00046561 3.94925e-005 -0.259937 0.965626 -0.974791 2.20175 1.69987</i>
                        <i>0.00172055 0.965908 0.258879 -0.999999 0.00165072 0.000487147 4.3204e-005 -0.258879 0.96591 -0.974791 2.20288 1.69987</i>
                        <i>0.00179656 0.966193 0.257813 -0.999998 0.00172368 0.00050868 4.70959e-005 -0.257813 0.966195 -0.974791 2.20407 1.69987</i>
                        <i>0.0018719 0.966477 0.256747 -0.999998 0.00179603 0.00053003 5.11372e-005 -0.256747 0.966479 -0.974791 2.20531 1.69987</i>
                        <i>0.00194597 0.966757 0.255689 -0.999998 0.00186714 0.000551017 5.52917e-005 -0.25569 0.966759 -0.974791 2.20657 1.69987</i>
                        <i>0.00201811 0.967032 0.254647 -0.999998 0.00193642 0.000571462 5.95181e-005 -0.254648 0.967034 -0.974791 2.20787 1.69987</i>
                        <i>0.0020877 0.967299 0.253629 -0.999998 0.00200326 0.000591187 6.377e-005 -0.25363 0.967301 -0.974791 2.20917 1.69987</i>
                    </KeyFrames>
                </p>
            </i>
            <i>
                <p>
                    <Name><![CDATA[spine1]]></Name>
                    <Exclude>0</Exclude>
                    <Additive>0</Additive>
                    <IKPriority>0</IKPriority>
                    <IKRotLimits>-1e+010 -1e+010 -1e+010 1e+010 1e+010 1e+010</IKRotLimits>
                    <IKRotLimitOrder>0</IKRotLimitOrder>
                    <KeyFrames count="61">
                        <i>-0.00610277 0.953588 0.301053 -0.994854 0.0246583 -0.0982726 -0.101135 -0.300103 0.94853 -0.974433 2.37503 1.74336</i>
                        <i>-0.00561106 0.954966 0.296661 -0.994855 0.0246771 -0.0982533 -0.101149 -0.295686 0.949915 -0.974419 2.37632 1.74316</i>
                        <i>-0.00510753 0.956362 0.29214 -0.994857 0.0246945 -0.0982343 -0.101162 -0.291139 0.951317 -0.974405 2.37768 1.74295</i>
                        <i>-0.00460341 0.957742 0.287592 -0.994858 0.0247106 -0.0982158 -0.101172 -0.286566 0.952704 -0.97439 2.37908 1.74274</i>
                        <i>-0.00410991 0.959075 0.283122 -0.99486 0.0247252 -0.0981982 -0.10118 -0.28207 0.954044 -0.974375 2.38048 1.74253</i>
                        <i>-0.00363825 0.960332 0.278834 -0.994861 0.0247382 -0.0981818 -0.101185 -0.277758 0.955307 -0.974361 2.38186 1.74232</i>
                        <i>-0.00319964 0.961487 0.274833 -0.994862 0.0247495 -0.0981668 -0.101188 -0.273735 0.956467 -0.974347 2.38319 1.74213</i>
                        <i>-0.00280528 0.962512 0.271225 -0.994863 0.0247591 -0.0981537 -0.101189 -0.270107 0.957498 -0.974334 2.38443 1.74196</i>
                        <i>-0.00246637 0.963384 0.268116 -0.994864 0.0247667 -0.0981426 -0.101189 -0.266981 0.958375 -0.974323 2.38557 1.74181</i>
                        <i>-0.00219409 0.964078 0.26561 -0.994865 0.0247724 -0.0981339 -0.101189 -0.264461 0.959073 -0.974314 2.38655 1.74169</i>
                        <i>-0.00199963 0.964572 0.263814 -0.994865 0.0247759 -0.098128 -0.101188 -0.262656 0.959569 -0.974307 2.38737 1.7416</i>
                        <i>-0.00189418 0.964839 0.262834 -0.994866 0.0247773 -0.0981249 -0.101187 -0.26167 0.959838 -0.974303 2.38798 1.74155</i>
                        <i>-0.00188894 0.964856 0.262774 -0.994866 0.0247763 -0.0981252 -0.101187 -0.26161 0.959855 -0.974303 2.38836 1.74155</i>
                        <i>-0.0019951 0.964592 0.26374 -0.994865 0.0247729 -0.0981291 -0.101188 -0.262582 0.959589 -0.974306 2.38847 1.74159</i>
                        <i>-0.00219296 0.964095 0.265547 -0.994865 0.0247673 -0.0981359 -0.101189 -0.264399 0.95909 -0.974312 2.38829 1.74168</i>
                        <i>-0.00245162 0.963441 0.267909 -0.994864 0.02476 -0.0981449 -0.10119 -0.266773 0.958432 -0.97432 2.3879 1.74179</i>
                        <i>-0.00276554 0.96264 0.270772 -0.994863 0.0247512 -0.0981558 -0.101191 -0.269652 0.957626 -0.97433 2.38739 1.74192</i>
                        <i>-0.00312917 0.9617 0.274085 -0.994862 0.024741 -0.0981685 -0.10119 -0.272984 0.956682 -0.974341 2.38676 1.74208</i>
                        <i>-0.00353697 0.960633 0.277797 -0.994861 0.0247296 -0.0981827 -0.101187 -0.276717 0.955609 -0.974353 2.38603 1.74226</i>
                        <i>-0.00398339 0.959448 0.281856 -0.99486 0.0247172 -0.0981983 -0.101183 -0.280798 0.954418 -0.974367 2.38521 1.74245</i>
                        <i>-0.00446287 0.958157 0.286209 -0.994859 0.0247038 -0.098215 -0.101176 -0.285176 0.95312 -0.974382 2.3843 1.74265</i>
                        <i>-0.00496987 0.956769 0.290806 -0.994857 0.0246897 -0.0982328 -0.101166 -0.289799 0.951726 -0.974398 2.38332 1.74287</i>
                        <i>-0.00549882 0.955298 0.295594 -0.994856 0.024675 -0.0982513 -0.101153 -0.294614 0.950248 -0.974414 2.38227 1.7431</i>
                        <i>-0.00604417 0.953755 0.300523 -0.994854 0.0246599 -0.0982705 -0.101137 -0.299571 0.948698 -0.974431 2.38116 1.74333</i>
                        <i>-0.00660033 0.952156 0.305542 -0.994853 0.0246445 -0.0982901 -0.101117 -0.304618 0.947092 -0.974448 2.38001 1.74357</i>
                        <i>-0.00716175 0.950514 0.3106 -0.994851 0.024629 -0.0983099 -0.101095 -0.309705 0.945443 -0.974466 2.37882 1.74381</i>
                        <i>-0.00772284 0.948846 0.315646 -0.994849 0.0246134 -0.0983298 -0.101069 -0.31478 0.943768 -0.974483 2.3776 1.74405</i>
                        <i>-0.00827806 0.947168 0.320631 -0.994848 0.0245981 -0.0983495 -0.10104 -0.319793 0.942084 -0.9745 2.37636 1.74429</i>
                        <i>-0.0088218 0.945499 0.325505 -0.994846 0.024583 -0.0983688 -0.10101 -0.324695 0.94041 -0.974517 2.37511 1.74453</i>
                        <i>-0.00934851 0.943858 0.330218 -0.994845 0.0245684 -0.0983876 -0.100977 -0.329436 0.938763 -0.974533 2.37386 1.74476</i>
                        <i>-0.00985261 0.942265 0.334722 -0.994843 0.0245544 -0.0984057 -0.100943 -0.333966 0.937164 -0.974549 2.37261 1.74497</i>
                        <i>-0.0103285 0.940741 0.338968 -0.994842 0.0245412 -0.0984227 -0.100909 -0.338236 0.935635 -0.974564 2.37139 1.74518</i>
                        <i>-0.0107707 0.939308 0.342907 -0.994841 0.0245289 -0.0984386 -0.100875 -0.342198 0.934197 -0.974577 2.37018 1.74537</i>
                        <i>-0.0111736 0.937987 0.346491 -0.99484 0.0245177 -0.0984531 -0.100843 -0.345803 0.932872 -0.97459 2.36902 1.74554</i>
                        <i>-0.0115315 0.936801 0.349672 -0.994839 0.0245077 -0.0984661 -0.100813 -0.349003 0.931683 -0.974601 2.36789 1.7457</i>
                        <i>-0.0118391 0.935774 0.352402 -0.994838 0.0244991 -0.0984772 -0.100786 -0.351749 0.930653 -0.974611 2.36683 1.74583</i>
                        <i>-0.0120906 0.934927 0.354633 -0.994837 0.024492 -0.0984863 -0.100763 -0.353992 0.929804 -0.974619 2.36582 1.74594</i>
                        <i>-0.0122806 0.934285 0.356316 -0.994836 0.0244867 -0.0984932 -0.100746 -0.355686 0.92916 -0.974625 2.36488 1.74602</i>
                        <i>-0.0124034 0.933867 0.357405 -0.994836 0.0244833 -0.0984977 -0.100734 -0.356781 0.928741 -0.974628 2.36403 1.74608</i>
                        <i>-0.0124642 0.933662 0.357939 -0.994836 0.0244812 -0.0985 -0.100728 -0.357318 0.928535 -0.97463 2.36326 1.7461</i>
                        <i>-0.0124734 0.933635 0.35801 -0.994836 0.0244798 -0.0985007 -0.100728 -0.357389 0.928508 -0.97463 2.3626 1.7461</i>
                        <i>-0.0124339 0.933776 0.357643 -0.994836 0.0244792 -0.0984998 -0.100732 -0.357021 0.928649 -0.974629 2.36203 1.74608</i>
                        <i>-0.0123483 0.934075 0.356864 -0.994836 0.0244794 -0.0984974 -0.10074 -0.356238 0.928949 -0.974626 2.36158 1.74604</i>
                        <i>-0.0122196 0.934521 0.355698 -0.994837 0.0244805 -0.0984936 -0.100752 -0.355065 0.929396 -0.974621 2.36126 1.74598</i>
                        <i>-0.0120504 0.935103 0.354171 -0.994837 0.0244824 -0.0984883 -0.100768 -0.353529 0.92998 -0.974615 2.36108 1.74591</i>
                        <i>-0.0118435 0.93581 0.352307 -0.994838 0.0244852 -0.0984818 -0.100787 -0.351655 0.930688 -0.974608 2.36109 1.74581</i>
                        <i>-0.0116017 0.936629 0.350132 -0.994838 0.024489 -0.098474 -0.100808 -0.349467 0.93151 -0.9746 2.36127 1.7457</i>
                        <i>-0.0113277 0.937549 0.347669 -0.994839 0.0244937 -0.0984651 -0.100832 -0.34699 0.932433 -0.974591 2.3616 1.74558</i>
                        <i>-0.0110244 0.938558 0.344946 -0.99484 0.0244994 -0.098455 -0.100857 -0.344251 0.933445 -0.974581 2.36207 1.74544</i>
                        <i>-0.0106945 0.939645 0.341985 -0.994841 0.0245061 -0.098444 -0.100883 -0.341274 0.934535 -0.97457 2.36268 1.7453</i>
                        <i>-0.0103407 0.940797 0.338813 -0.994842 0.0245139 -0.0984319 -0.10091 -0.338084 0.935691 -0.974559 2.36342 1.74514</i>
                        <i>-0.00996594 0.942003 0.335455 -0.994843 0.0245229 -0.098419 -0.100937 -0.334706 0.936901 -0.974547 2.36426 1.74498</i>
                        <i>-0.00957285 0.943253 0.331936 -0.994844 0.0245329 -0.0984052 -0.100964 -0.331166 0.938155 -0.974534 2.36521 1.74481</i>
                        <i>-0.00916424 0.944536 0.328281 -0.994845 0.0245441 -0.0983907 -0.100991 -0.32749 0.939442 -0.974522 2.36624 1.74463</i>
                        <i>-0.00874291 0.94584 0.324516 -0.994846 0.0245565 -0.0983754 -0.101016 -0.323703 0.940751 -0.974509 2.36735 1.74445</i>
                        <i>-0.00831161 0.947156 0.320666 -0.994848 0.0245701 -0.0983596 -0.101041 -0.319831 0.942072 -0.974496 2.36853 1.74427</i>
                        <i>-0.00787312 0.948474 0.316757 -0.994849 0.0245851 -0.0983431 -0.101063 -0.3159 0.943395 -0.974483 2.36976 1.74408</i>
                        <i>-0.00743022 0.949785 0.312815 -0.99485 0.0246013 -0.0983261 -0.101084 -0.311935 0.944711 -0.97447 2.37104 1.7439</i>
                        <i>-0.00698568 0.95108 0.308867 -0.994851 0.0246189 -0.0983087 -0.101103 -0.307963 0.946011 -0.974457 2.37235 1.74371</i>
                        <i>-0.00654227 0.95235 0.304937 -0.994853 0.0246379 -0.0982908 -0.10112 -0.30401 0.947287 -0.974445 2.37368 1.74353</i>
                        <i>-0.00610277 0.953588 0.301053 -0.994854 0.0246583 -0.0982726 -0.101135 -0.300103 0.94853 -0.974433 2.37503 1.74336</i>
                    </KeyFrames>
                </p>
            </i>
            <i>
                <p>
                    <Name><![CDATA[spine2]]></Name>
                    <Exclude>0</Exclude>
                    <Additive>0</Additive>
                    <IKPriority>0</IKPriority>
                    <IKRotLimits>-1e+010 -1e+010 -1e+010 1e+010 1e+010 1e+010</IKRotLimits>
                    <IKRotLimitOrder>0</IKRotLimitOrder>
                    <KeyFrames count="61">
                        <i>-0.0333562 0.900179 0.43424 -0.979458 0.0570102 -0.193419 -0.198868 -0.431772 0.879786 -0.975503 2.52565 1.7909</i>
                        <i>-0.0325514 0.902951 0.428509 -0.979458 0.0565469 -0.193559 -0.199005 -0.426008 0.882562 -0.975412 2.52716 1.79001</i>
                        <i>-0.0317363 0.90574 0.422645 -0.979457 0.056067 -0.1937 -0.199138 -0.42011 0.885354 -0.975318 2.52874 1.78909</i>
                        <i>-0.0309276 0.908484 0.416773 -0.979457 0.0555819 -0.193841 -0.199266 -0.414206 0.888102 -0.975223 2.53035 1.78815</i>
                        <i>-0.0301418 0.911127 0.411022 -0.979457 0.0551033 -0.193976 -0.199386 -0.408426 0.890749 -0.97513 2.53197 1.78724</i>
                        <i>-0.0293954 0.913612 0.405522 -0.979458 0.0546426 -0.194105 -0.199495 -0.402898 0.893239 -0.975041 2.53355 1.78636</i>
                        <i>-0.0287053 0.915889 0.400404 -0.979458 0.0542114 -0.194222 -0.199593 -0.397754 0.895519 -0.974958 2.53506 1.78554</i>
                        <i>-0.0280881 0.917908 0.395798 -0.979459 0.0538215 -0.194327 -0.199677 -0.393127 0.897541 -0.974883 2.53647 1.78479</i>
                        <i>-0.0275605 0.919621 0.39184 -0.97946 0.0534845 -0.194416 -0.199746 -0.389149 0.899258 -0.974818 2.53773 1.78415</i>
                        <i>-0.0271393 0.920981 0.38866 -0.979461 0.0532122 -0.194487 -0.1998 -0.385956 0.900621 -0.974766 2.53883 1.78364</i>
                        <i>-0.0268412 0.921944 0.386393 -0.979461 0.0530163 -0.194537 -0.199838 -0.383679 0.901585 -0.974729 2.53973 1.78326</i>
                        <i>-0.0266829 0.922459 0.385171 -0.979462 0.0529084 -0.194565 -0.199857 -0.382451 0.902102 -0.974708 2.54038 1.78306</i>
                        <i>-0.0266811 0.922479 0.385124 -0.979462 0.0529002 -0.194567 -0.199857 -0.382406 0.902121 -0.974707 2.54076 1.78305</i>
                        <i>-0.0268524 0.921947 0.386383 -0.979461 0.0530033 -0.19454 -0.199836 -0.383671 0.901589 -0.974727 2.54083 1.78324</i>
                        <i>-0.0271669 0.920957 0.388717 -0.979461 0.0531975 -0.19449 -0.199796 -0.386017 0.900596 -0.974764 2.54058 1.78361</i>
                        <i>-0.027578 0.919653 0.391763 -0.97946 0.0534512 -0.194424 -0.199743 -0.389078 0.899289 -0.974813 2.54008 1.7841</i>
                        <i>-0.0280765 0.918057 0.395454 -0.97946 0.0537588 -0.194342 -0.199676 -0.392787 0.89769 -0.974872 2.53944 1.78468</i>
                        <i>-0.0286536 0.916189 0.39972 -0.979459 0.0541147 -0.194247 -0.199598 -0.397075 0.895819 -0.974941 2.53866 1.78536</i>
                        <i>-0.0293003 0.914072 0.404493 -0.979458 0.0545135 -0.194138 -0.199507 -0.401872 0.893698 -0.975018 2.53776 1.78613</i>
                        <i>-0.0300077 0.911725 0.409704 -0.979458 0.0549494 -0.194018 -0.199404 -0.40711 0.891347 -0.975102 2.53675 1.78696</i>
                        <i>-0.0307666 0.909171 0.415285 -0.979458 0.0554168 -0.193886 -0.199289 -0.412719 0.888789 -0.975193 2.53564 1.78785</i>
                        <i>-0.0315683 0.906434 0.421167 -0.979458 0.0559104 -0.193745 -0.199164 -0.418631 0.886048 -0.975289 2.53444 1.7888</i>
                        <i>-0.0324037 0.903537 0.427283 -0.979458 0.0564244 -0.193594 -0.199029 -0.424779 0.883148 -0.975389 2.53316 1.78978</i>
                        <i>-0.0332639 0.900507 0.433567 -0.979458 0.0569534 -0.193436 -0.198884 -0.431095 0.880115 -0.975492 2.53182 1.79079</i>
                        <i>-0.03414 0.897373 0.439951 -0.979459 0.0574918 -0.193272 -0.198731 -0.437512 0.876977 -0.975597 2.53041 1.79183</i>
                        <i>-0.0350232 0.894162 0.446371 -0.979461 0.0580343 -0.193104 -0.198571 -0.443966 0.873764 -0.975703 2.52896 1.79287</i>
                        <i>-0.0359047 0.890908 0.452762 -0.979462 0.0585755 -0.192933 -0.198406 -0.450391 0.870507 -0.975809 2.52748 1.79391</i>
                        <i>-0.0367757 0.887643 0.459062 -0.979464 0.0591098 -0.19276 -0.198237 -0.456723 0.86724 -0.975914 2.52598 1.79494</i>
                        <i>-0.0376275 0.884402 0.465207 -0.979466 0.0596321 -0.192589 -0.198067 -0.462901 0.863998 -0.976017 2.52447 1.79594</i>
                        <i>-0.0384515 0.881222 0.471137 -0.979468 0.0601369 -0.19242 -0.197897 -0.468862 0.860816 -0.976116 2.52296 1.79692</i>
                        <i>-0.0392389 0.878141 0.47679 -0.979471 0.0606192 -0.192256 -0.19773 -0.474546 0.857735 -0.976212 2.52147 1.79785</i>
                        <i>-0.0399814 0.875199 0.482108 -0.979473 0.0610736 -0.192098 -0.197568 -0.479893 0.854792 -0.976302 2.52001 1.79872</i>
                        <i>-0.0406702 0.872437 0.487032 -0.979476 0.0614951 -0.191951 -0.197415 -0.484843 0.85203 -0.976385 2.51858 1.79954</i>
                        <i>-0.0412971 0.869896 0.491504 -0.979479 0.0618784 -0.191814 -0.197272 -0.489339 0.849489 -0.976462 2.51721 1.80028</i>
                        <i>-0.0418535 0.867619 0.495465 -0.979481 0.0622185 -0.191692 -0.197143 -0.493322 0.847212 -0.97653 2.51591 1.80094</i>
                        <i>-0.0423311 0.865648 0.49886 -0.979483 0.0625103 -0.191586 -0.19703 -0.496735 0.845242 -0.976588 2.51468 1.80151</i>
                        <i>-0.0427213 0.864026 0.50163 -0.979485 0.0627487 -0.191499 -0.196936 -0.499521 0.84362 -0.976635 2.51354 1.80197</i>
                        <i>-0.0430159 0.862796 0.503719 -0.979486 0.0629286 -0.191432 -0.196865 -0.501621 0.84239 -0.976671 2.5125 1.80232</i>
                        <i>-0.0432063 0.861997 0.505068 -0.979487 0.0630449 -0.191389 -0.196819 -0.502977 0.841591 -0.976695 2.51159 1.80255</i>
                        <i>-0.0433017 0.861601 0.505737 -0.979488 0.0631015 -0.191368 -0.196795 -0.503649 0.841195 -0.976706 2.51079 1.80266</i>
                        <i>-0.0433195 0.861538 0.505842 -0.979488 0.0631078 -0.191365 -0.196791 -0.503756 0.841132 -0.976708 2.51012 1.80267</i>
                        <i>-0.0432638 0.861791 0.505415 -0.979488 0.0630667 -0.19138 -0.196805 -0.503328 0.841385 -0.9767 2.50957 1.80259</i>
                        <i>-0.0431383 0.862342 0.504486 -0.979487 0.0629809 -0.191412 -0.196835 -0.502394 0.841936 -0.976683 2.50917 1.80243</i>
                        <i>-0.0429471 0.863171 0.503082 -0.979486 0.0628535 -0.191459 -0.196882 -0.500984 0.842765 -0.976658 2.50891 1.80218</i>
                        <i>-0.0426938 0.864259 0.501232 -0.979485 0.062687 -0.191519 -0.196943 -0.499126 0.843852 -0.976626 2.50883 1.80186</i>
                        <i>-0.0423825 0.865585 0.498966 -0.979483 0.0624844 -0.191593 -0.197018 -0.496849 0.845178 -0.976586 2.50895 1.80147</i>
                        <i>-0.0420168 0.867128 0.49631 -0.979482 0.0622484 -0.191679 -0.197104 -0.49418 0.846721 -0.976539 2.50925 1.80102</i>
                        <i>-0.0416007 0.868868 0.493293 -0.97948 0.0619818 -0.191774 -0.197202 -0.491149 0.84846 -0.976487 2.50972 1.8005</i>
                        <i>-0.0411379 0.870783 0.489944 -0.979478 0.0616874 -0.191879 -0.197308 -0.487783 0.850375 -0.976429 2.51036 1.79994</i>
                        <i>-0.0406323 0.872853 0.486289 -0.979476 0.0613679 -0.191992 -0.197423 -0.484109 0.852445 -0.976366 2.51113 1.79932</i>
                        <i>-0.0400878 0.875057 0.482357 -0.979474 0.0610262 -0.192111 -0.197545 -0.480158 0.854649 -0.976299 2.51205 1.79866</i>
                        <i>-0.0395081 0.877374 0.478178 -0.979472 0.060665 -0.192236 -0.197671 -0.475957 0.856966 -0.976227 2.51308 1.79797</i>
                        <i>-0.0388972 0.879785 0.473779 -0.97947 0.0602872 -0.192365 -0.197802 -0.471534 0.859378 -0.976153 2.51422 1.79724</i>
                        <i>-0.038259 0.882269 0.469189 -0.979468 0.0598956 -0.192497 -0.197936 -0.46692 0.861862 -0.976076 2.51545 1.79648</i>
                        <i>-0.0375973 0.884807 0.464438 -0.979466 0.059493 -0.192631 -0.198072 -0.462144 0.864402 -0.975996 2.51676 1.79571</i>
                        <i>-0.0369161 0.887381 0.459556 -0.979464 0.0590824 -0.192766 -0.198208 -0.457235 0.866977 -0.975915 2.51815 1.79491</i>
                        <i>-0.0362194 0.889973 0.454572 -0.979463 0.0586667 -0.192901 -0.198345 -0.452224 0.869571 -0.975832 2.51959 1.79411</i>
                        <i>-0.035511 0.892565 0.449518 -0.979462 0.0582486 -0.193034 -0.198479 -0.447141 0.872165 -0.975749 2.52107 1.7933</i>
                        <i>-0.034795 0.895141 0.444424 -0.97946 0.0578312 -0.193166 -0.198612 -0.442017 0.874743 -0.975667 2.52258 1.79249</i>
                        <i>-0.0340754 0.897684 0.439321 -0.979459 0.0574174 -0.193294 -0.198742 -0.436883 0.877288 -0.975584 2.52411 1.79169</i>
                        <i>-0.0333562 0.900179 0.43424 -0.979458 0.0570102 -0.193419 -0.198868 -0.431772 0.879786 -0.975503 2.52565 1.7909</i>
                    </KeyFrames>
                </p>
            </i>
            <i>
                <p>
                    <Name><![CDATA[head]]></Name>
                    <Exclude>0</Exclude>
                    <Additive>0</Additive>
                    <IKPriority>0</IKPriority>
                    <IKRotLimits>-1e+010 -1e+010 -1e+010 1e+010 1e+010 1e+010</IKRotLimits>
                    <IKRotLimitOrder>0</IKRotLimitOrder>
                    <KeyFrames count="61">
                        <i>-0.00927737 0.99952 0.0295444 0.299447 0.0309668 -0.95361 -0.954068 -7.44765e-009 -0.29959 -0.982652 2.76118 1.89567</i>
                        <i>-0.00955435 0.999471 0.0310901 0.293598 0.0325251 -0.955376 -0.955881 -2.27615e-009 -0.293753 -0.982346 2.76335 1.8933</i>
                        <i>-0.00954213 0.999414 0.0328715 0.278614 0.0342284 -0.959793 -0.960356 -6.13001e-010 -0.278778 -0.982036 2.76559 1.89087</i>
                        <i>-0.00927531 0.999352 0.0347945 0.257412 0.0360095 -0.965631 -0.966257 1.50877e-009 -0.257579 -0.981727 2.76785 1.88843</i>
                        <i>-0.00881328 0.999285 0.0367553 0.233006 0.0377972 -0.97174 -0.972435 3.56319e-009 -0.233173 -0.981426 2.77009 1.88604</i>
                        <i>-0.00825154 0.999219 0.0386513 0.208619 0.0395222 -0.977198 -0.977962 -1.91042e-010 -0.208782 -0.981139 2.77225 1.88375</i>
                        <i>-0.00772414 0.999154 0.0403908 0.187673 0.0411227 -0.98137 -0.982201 -8.48023e-010 -0.187832 -0.980874 2.7743 1.88162</i>
                        <i>-0.00739693 0.999095 0.0418967 0.173705 0.0425446 -0.983878 -0.98477 -2.63893e-011 -0.173863 -0.980637 2.77618 1.8797</i>
                        <i>-0.00730933 0.999042 0.0431487 0.166859 0.0437634 -0.985009 -0.985954 -2.11805e-009 -0.167019 -0.980433 2.77785 1.87805</i>
                        <i>-0.00735786 0.998997 0.0441651 0.164169 0.0447738 -0.985416 -0.986405 -2.05284e-009 -0.164334 -0.98027 2.77926 1.87673</i>
                        <i>-0.00750195 0.998962 0.0449325 0.16451 0.0455544 -0.985323 -0.986347 2.13032e-009 -0.164681 -0.980155 2.78038 1.87578</i>
                        <i>-0.00769245 0.998938 0.0454366 0.166748 0.0460832 -0.984922 -0.985969 1.61935e-009 -0.166925 -0.980093 2.78115 1.87527</i>
                        <i>-0.00787439 0.998926 0.0456639 0.169752 0.0463378 -0.984397 -0.985455 -3.21121e-009 -0.169934 -0.980092 2.78153 1.87524</i>
                        <i>-0.00798982 0.998928 0.0456008 0.172398 0.0462954 -0.983939 -0.984995 4.75528e-009 -0.172583 -0.980157 2.78148 1.87576</i>
