<?xml version="1.0" encoding="ISO-8859-1" ?>
<Animl Version="1">
    <ModellingPackage><![CDATA[Maya.2010]]></ModellingPackage>
    <SrcFile><![CDATA[anims\vehicles\blue\~src\land\car_jeep\car_jeep_idle_crewman_b.mb]]></SrcFile>
    <FramesPerSecond>30</FramesPerSecond>
    <TotalFrames>61</TotalFrames>
    <Skeleton>
        <RefFrame>
            <Name><![CDATA[soldier_ref_frame]]></Name>
            <Exclude>0</Exclude>
            <Additive>0</Additive>
            <IKPriority>0</IKPriority>
            <IKRotLimits>-1e+010 -1e+010 -1e+010 1e+010 1e+010 1e+010</IKRotLimits>
            <IKRotLimitOrder>0</IKRotLimitOrder>
            <KeyFrames count="61">
                <i>1 0 0 0 1 0 0 0 1 -0.47 0.2 -0.11</i>
                <i>1 0 0 0 1 0 0 0 1 -0.47 0.2 -0.11</i>
                <i>1 0 0 0 1 0 0 0 1 -0.47 0.2 -0.11</i>
                <i>1 0 0 0 1 0 0 0 1 -0.47 0.2 -0.11</i>
                <i>1 0 0 0 1 0 0 0 1 -0.47 0.2 -0.11</i>
                <i>1 0 0 0 1 0 0 0 1 -0.47 0.2 -0.11</i>
                <i>1 0 0 0 1 0 0 0 1 -0.47 0.2 -0.11</i>
                <i>1 0 0 0 1 0 0 0 1 -0.47 0.2 -0.11</i>
                <i>1 0 0 0 1 0 0 0 1 -0.47 0.2 -0.11</i>
                <i>1 0 0 0 1 0 0 0 1 -0.47 0.2 -0.11</i>
                <i>1 0 0 0 1 0 0 0 1 -0.47 0.2 -0.11</i>
                <i>1 0 0 0 1 0 0 0 1 -0.47 0.2 -0.11</i>
                <i>1 0 0 0 1 0 0 0 1 -0.47 0.2 -0.11</i>
                <i>1 0 0 0 1 0 0 0 1 -0.47 0.2 -0.11</i>
                <i>1 0 0 0 1 0 0 0 1 -0.47 0.2 -0.11</i>
                <i>1 0 0 0 1 0 0 0 1 -0.47 0.2 -0.11</i>
                <i>1 0 0 0 1 0 0 0 1 -0.47 0.2 -0.11</i>
                <i>1 0 0 0 1 0 0 0 1 -0.47 0.2 -0.11</i>
                <i>1 0 0 0 1 0 0 0 1 -0.47 0.2 -0.11</i>
                <i>1 0 0 0 1 0 0 0 1 -0.47 0.2 -0.11</i>
                <i>1 0 0 0 1 0 0 0 1 -0.47 0.2 -0.11</i>
                <i>1 0 0 0 1 0 0 0 1 -0.47 0.2 -0.11</i>
                <i>1 0 0 0 1 0 0 0 1 -0.47 0.2 -0.11</i>
                <i>1 0 0 0 1 0 0 0 1 -0.47 0.2 -0.11</i>
                <i>1 0 0 0 1 0 0 0 1 -0.47 0.2 -0.11</i>
                <i>1 0 0 0 1 0 0 0 1 -0.47 0.2 -0.11</i>
                <i>1 0 0 0 1 0 0 0 1 -0.47 0.2 -0.11</i>
                <i>1 0 0 0 1 0 0 0 1 -0.47 0.2 -0.11</i>
                <i>1 0 0 0 1 0 0 0 1 -0.47 0.2 -0.11</i>
                <i>1 0 0 0 1 0 0 0 1 -0.47 0.2 -0.11</i>
                <i>1 0 0 0 1 0 0 0 1 -0.47 0.2 -0.11</i>
                <i>1 0 0 0 1 0 0 0 1 -0.47 0.2 -0.11</i>
                <i>1 0 0 0 1 0 0 0 1 -0.47 0.2 -0.11</i>
                <i>1 0 0 0 1 0 0 0 1 -0.47 0.2 -0.11</i>
                <i>1 0 0 0 1 0 0 0 1 -0.47 0.2 -0.11</i>
                <i>1 0 0 0 1 0 0 0 1 -0.47 0.2 -0.11</i>
                <i>1 0 0 0 1 0 0 0 1 -0.47 0.2 -0.11</i>
                <i>1 0 0 0 1 0 0 0 1 -0.47 0.2 -0.11</i>
                <i>1 0 0 0 1 0 0 0 1 -0.47 0.2 -0.11</i>
                <i>1 0 0 0 1 0 0 0 1 -0.47 0.2 -0.11</i>
                <i>1 0 0 0 1 0 0 0 1 -0.47 0.2 -0.11</i>
                <i>1 0 0 0 1 0 0 0 1 -0.47 0.2 -0.11</i>
                <i>1 0 0 0 1 0 0 0 1 -0.47 0.2 -0.11</i>
                <i>1 0 0 0 1 0 0 0 1 -0.47 0.2 -0.11</i>
                <i>1 0 0 0 1 0 0 0 1 -0.47 0.2 -0.11</i>
                <i>1 0 0 0 1 0 0 0 1 -0.47 0.2 -0.11</i>
                <i>1 0 0 0 1 0 0 0 1 -0.47 0.2 -0.11</i>
                <i>1 0 0 0 1 0 0 0 1 -0.47 0.2 -0.11</i>
                <i>1 0 0 0 1 0 0 0 1 -0.47 0.2 -0.11</i>
                <i>1 0 0 0 1 0 0 0 1 -0.47 0.2 -0.11</i>
                <i>1 0 0 0 1 0 0 0 1 -0.47 0.2 -0.11</i>
                <i>1 0 0 0 1 0 0 0 1 -0.47 0.2 -0.11</i>
                <i>1 0 0 0 1 0 0 0 1 -0.47 0.2 -0.11</i>
                <i>1 0 0 0 1 0 0 0 1 -0.47 0.2 -0.11</i>
                <i>1 0 0 0 1 0 0 0 1 -0.47 0.2 -0.11</i>
                <i>1 0 0 0 1 0 0 0 1 -0.47 0.2 -0.11</i>
                <i>1 0 0 0 1 0 0 0 1 -0.47 0.2 -0.11</i>
                <i>1 0 0 0 1 0 0 0 1 -0.47 0.2 -0.11</i>
                <i>1 0 0 0 1 0 0 0 1 -0.47 0.2 -0.11</i>
                <i>1 0 0 0 1 0 0 0 1 -0.47 0.2 -0.11</i>
                <i>1 0 0 0 1 0 0 0 1 -0.47 0.2 -0.11</i>
            </KeyFrames>
        </RefFrame>
        <Bones count="23">
            <i>
                <p>
                    <Name><![CDATA[pelvis]]></Name>
                    <Exclude>0</Exclude>
                    <Additive>0</Additive>
                    <IKPriority>0</IKPriority>
                    <IKRotLimits>-1e+010 -1e+010 -1e+010 1e+010 1e+010 1e+010</IKRotLimits>
                    <IKRotLimitOrder>2</IKRotLimitOrder>
                    <KeyFrames count="61">
                        <i>1 0 0 0 1 0 0 0 1 -0.64 1.40067 -0.13</i>
                        <i>1 0 0 0 1 0 0 0 1 -0.64 1.4004 -0.13</i>
                        <i>1 0 0 0 1 0 0 0 1 -0.64 1.3996 -0.13</i>
                        <i>1 0 0 0 1 0 0 0 1 -0.64 1.39829 -0.13</i>
                        <i>1 0 0 0 1 0 0 0 1 -0.64 1.39646 -0.13</i>
                        <i>1 0 0 0 1 0 0 0 1 -0.64 1.39413 -0.13</i>
                        <i>1 0 0 0 1 0 0 0 1 -0.64 1.39131 -0.13</i>
                        <i>1 0 0 0 1 0 0 0 1 -0.64 1.38801 -0.13</i>
                        <i>1 0 0 0 1 0 0 0 1 -0.64 1.38424 -0.13</i>
                        <i>1 0 0 0 1 0 0 0 1 -0.64 1.38 -0.13</i>
                        <i>1 0 0 0 1 0 0 0 1 -0.64 1.38375 -0.13</i>
                        <i>1 0 0 0 1 0 0 0 1 -0.64 1.3872 -0.13</i>
                        <i>1 0 0 0 1 0 0 0 1 -0.64 1.39033 -0.13</i>
                        <i>1 0 0 0 1 0 0 0 1 -0.64 1.39309 -0.13</i>
                        <i>1 0 0 0 1 0 0 0 1 -0.64 1.39545 -0.13</i>
                        <i>1 0 0 0 1 0 0 0 1 -0.64 1.39737 -0.13</i>
                        <i>1 0 0 0 1 0 0 0 1 -0.64 1.39883 -0.13</i>
                        <i>1 0 0 0 1 0 0 0 1 -0.64 1.39977 -0.13</i>
                        <i>1 0 0 0 1 0 0 0 1 -0.64 1.40018 -0.13</i>
                        <i>1 0 0 0 1 0 0 0 1 -0.64 1.4 -0.13</i>
                        <i>1 0 0 0 1 0 0 0 1 -0.64 1.39922 -0.13</i>
                        <i>1 0 0 0 1 0 0 0 1 -0.64 1.39787 -0.13</i>
                        <i>1 0 0 0 1 0 0 0 1 -0.64 1.396 -0.13</i>
                        <i>1 0 0 0 1 0 0 0 1 -0.64 1.39369 -0.13</i>
                        <i>1 0 0 0 1 0 0 0 1 -0.64 1.39099 -0.13</i>
                        <i>1 0 0 0 1 0 0 0 1 -0.64 1.38796 -0.13</i>
                        <i>1 0 0 0 1 0 0 0 1 -0.64 1.38466 -0.13</i>
                        <i>1 0 0 0 1 0 0 0 1 -0.64 1.38116 -0.13</i>
                        <i>1 0 0 0 1 0 0 0 1 -0.64 1.37751 -0.13</i>
                        <i>1 0 0 0 1 0 0 0 1 -0.64 1.37377 -0.13</i>
                        <i>1 0 0 0 1 0 0 0 1 -0.64 1.37 -0.13</i>
                        <i>1 0 0 0 1 0 0 0 1 -0.64 1.37459 -0.13</i>
                        <i>1 0 0 0 1 0 0 0 1 -0.64 1.37905 -0.13</i>
                        <i>1 0 0 0 1 0 0 0 1 -0.64 1.38329 -0.13</i>
                        <i>1 0 0 0 1 0 0 0 1 -0.64 1.38723 -0.13</i>
                        <i>1 0 0 0 1 0 0 0 1 -0.64 1.39079 -0.13</i>
                        <i>1 0 0 0 1 0 0 0 1 -0.64 1.39389 -0.13</i>
                        <i>1 0 0 0 1 0 0 0 1 -0.64 1.39644 -0.13</i>
                        <i>1 0 0 0 1 0 0 0 1 -0.64 1.39836 -0.13</i>
                        <i>1 0 0 0 1 0 0 0 1 -0.64 1.39958 -0.13</i>
                        <i>1 0 0 0 1 0 0 0 1 -0.64 1.4 -0.13</i>
                        <i>1 0 0 0 1 0 0 0 1 -0.64 1.39953 -0.13</i>
                        <i>1 0 0 0 1 0 0 0 1 -0.64 1.39819 -0.13</i>
                        <i>1 0 0 0 1 0 0 0 1 -0.64 1.39609 -0.13</i>
                        <i>1 0 0 0 1 0 0 0 1 -0.64 1.39336 -0.13</i>
                        <i>1 0 0 0 1 0 0 0 1 -0.64 1.39011 -0.13</i>
                        <i>1 0 0 0 1 0 0 0 1 -0.64 1.38644 -0.13</i>
                        <i>1 0 0 0 1 0 0 0 1 -0.64 1.38249 -0.13</i>
                        <i>1 0 0 0 1 0 0 0 1 -0.64 1.37835 -0.13</i>
                        <i>1 0 0 0 1 0 0 0 1 -0.64 1.37415 -0.13</i>
                        <i>1 0 0 0 1 0 0 0 1 -0.64 1.37 -0.13</i>
                        <i>1 0 0 0 1 0 0 0 1 -0.64 1.374 -0.13</i>
                        <i>1 0 0 0 1 0 0 0 1 -0.64 1.37816 -0.13</i>
                        <i>1 0 0 0 1 0 0 0 1 -0.64 1.38233 -0.13</i>
                        <i>1 0 0 0 1 0 0 0 1 -0.64 1.38639 -0.13</i>
                        <i>1 0 0 0 1 0 0 0 1 -0.64 1.39019 -0.13</i>
                        <i>1 0 0 0 1 0 0 0 1 -0.64 1.3936 -0.13</i>
                        <i>1 0 0 0 1 0 0 0 1 -0.64 1.39649 -0.13</i>
                        <i>1 0 0 0 1 0 0 0 1 -0.64 1.39872 -0.13</i>
                        <i>1 0 0 0 1 0 0 0 1 -0.64 1.40016 -0.13</i>
                        <i>1 0 0 0 1 0 0 0 1 -0.64 1.40067 -0.13</i>
                    </KeyFrames>
                </p>
            </i>
            <i>
                <p>
                    <Name><![CDATA[spine0]]></Name>
                    <Exclude>0</Exclude>
                    <Additive>0</Additive>
                    <IKPriority>0</IKPriority>
                    <IKRotLimits>-1e+010 -1e+010 -1e+010 1e+010 1e+010 1e+010</IKRotLimits>
                    <IKRotLimitOrder>0</IKRotLimitOrder>
                    <KeyFrames count="61">
                        <i>0.00646692 0.996225 -0.086572 -0.905992 0.0424798 0.421157 0.423245 0.07571 0.902847 -0.673501 1.521 -0.201368</i>
                        <i>0.00582067 0.996113 -0.0878942 -0.906031 0.042449 0.421078 0.423172 0.0771839 0.902756 -0.673622 1.52055 -0.20162</i>
                        <i>0.00446356 0.995848 -0.0909261 -0.906144 0.0424855 0.42083 0.422946 0.0805137 0.902571 -0.673953 1.51925 -0.20231</i>
                        <i>0.00255211 0.995445 -0.0953071 -0.906317 0.0425787 0.420449 0.422591 0.0853054 0.902297 -0.674445 1.51716 -0.203336</i>
                        <i>0.000240979 0.994919 -0.100681 -0.906534 0.0427178 0.419965 0.422132 0.0911691 0.901938 -0.675049 1.51437 -0.204596</i>
                        <i>-0.00231925 0.994289 -0.106698 -0.906782 0.0428926 0.419413 0.421594 0.0977247 0.901503 -0.675717 1.51095 -0.205987</i>
                        <i>-0.00498344 0.99358 -0.113023 -0.907043 0.0430937 0.418827 0.421009 0.104604 0.901005 -0.676401 1.50698 -0.207413</i>
                        <i>-0.00761209 0.992826 -0.11933 -0.907302 0.0433132 0.418243 0.420411 0.111452 0.900463 -0.677056 1.50254 -0.208778</i>
                        <i>-0.0100239 0.992083 -0.125183 -0.907541 0.0435369 0.417701 0.419845 0.117796 0.899919 -0.677639 1.49773 -0.209992</i>
                        <i>-0.0120031 0.991433 -0.130061 -0.90774 0.0437465 0.417247 0.419362 0.12307 0.899438 -0.678107 1.49264 -0.210966</i>
                        <i>-0.0134103 0.990943 -0.133612 -0.907879 0.0439291 0.416924 0.419017 0.126895 0.899067 -0.678418 1.49582 -0.211615</i>
                        <i>-0.0141538 0.990664 -0.135589 -0.907939 0.0440712 0.416779 0.418863 0.129005 0.898839 -0.678533 1.49906 -0.211853</i>
                        <i>-0.0142315 0.990612 -0.135959 -0.907938 0.0441572 0.416772 0.418864 0.129374 0.898786 -0.678506 1.50223 -0.211797</i>
                        <i>-0.0138276 0.990727 -0.135159 -0.90791 0.0441938 0.416829 0.418937 0.128476 0.89888 -0.678425 1.50515 -0.211629</i>
                        <i>-0.0130962 0.990953 -0.133568 -0.90786 0.0441999 0.416936 0.419068 0.126722 0.899068 -0.678296 1.50775 -0.21136</i>
                        <i>-0.0120771 0.991273 -0.131274 -0.907791 0.0441751 0.417091 0.419249 0.124206 0.899335 -0.678123 1.50999 -0.211</i>
                        <i>-0.0108108 0.991668 -0.128365 -0.907704 0.0441194 0.417286 0.419473 0.121028 0.899664 -0.677912 1.51183 -0.210561</i>
                        <i>-0.00933828 0.992121 -0.124931 -0.907601 0.0440326 0.417518 0.41973 0.117287 0.900039 -0.677668 1.51321 -0.210052</i>
                        <i>-0.00770101 0.992615 -0.121065 -0.907486 0.0439145 0.417781 0.420012 0.113083 0.900446 -0.677395 1.51411 -0.209483</i>
                        <i>-0.00594087 0.993131 -0.116859 -0.907361 0.0437653 0.418069 0.420311 0.108517 0.900868 -0.677099 1.51446 -0.208866</i>
                        <i>-0.00410014 0.993654 -0.112406 -0.907227 0.0435851 0.418377 0.420621 0.103694 0.901291 -0.676784 1.51422 -0.208211</i>
                        <i>-0.00224817 0.994163 -0.107869 -0.907088 0.0433786 0.418699 0.420934 0.098788 0.901696 -0.676457 1.51344 -0.207529</i>
                        <i>-0.000474233 0.994634 -0.10346 -0.906948 0.0431539 0.419027 0.421243 0.0940312 0.90206 -0.676122 1.51214 -0.20683</i>
                        <i>0.00119606 0.995062 -0.0992489 -0.906807 0.042917 0.419355 0.421544 0.0894981 0.902381 -0.675784 1.5104 -0.206127</i>
                        <i>0.00276791 0.99545 -0.0952413 -0.90667 0.0426743 0.419677 0.421832 0.0851908 0.902663 -0.67545 1.50825 -0.205431</i>
                        <i>0.00421558 0.995795 -0.0915073 -0.906538 0.0424318 0.419986 0.422103 0.0811844 0.902905 -0.675125 1.50575 -0.204754</i>
                        <i>0.00551344 0.996095 -0.0881176 -0.906414 0.0421961 0.420278 0.422355 0.0775538 0.903107 -0.674815 1.50295 -0.204107</i>
                        <i>0.00663585 0.996347 -0.0851425 -0.906299 0.0419739 0.420547 0.422585 0.0743739 0.903267 -0.674525 1.49991 -0.203503</i>
                        <i>0.00755717 0.99655 -0.082653 -0.906197 0.0417718 0.420788 0.422789 0.0717199 0.903386 -0.674262 1.49667 -0.202955</i>
                        <i>0.00825174 0.996703 -0.0807199 -0.906108 0.0415969 0.420997 0.422966 0.069667 0.903463 -0.674031 1.49329 -0.202473</i>
                        <i>0.00869378 0.996804 -0.0794146 -0.906035 0.0414562 0.421167 0.423113 0.0682909 0.9035 -0.673839 1.48982 -0.202072</i>
                        <i>0.00885739 0.99685 -0.0788087 -0.90598 0.0413566 0.421295 0.423227 0.0676676 0.903493 -0.673691 1.49464 -0.201763</i>
                        <i>0.00866203 0.996828 -0.0791151 -0.905946 0.0413154 0.421373 0.423305 0.0680241 0.90343 -0.673593 1.49924 -0.201559</i>
                        <i>0.00807293 0.996728 -0.0804283 -0.905934 0.041341 0.421396 0.423342 0.0694608 0.903303 -0.673551 1.50355 -0.201472</i>
                        <i>0.00710408 0.996549 -0.0827075 -0.905953 0.0414274 0.421346 0.423318 0.0719358 0.903121 -0.673594 1.50742 -0.201561</i>
                        <i>0.00578585 0.996289 -0.0858745 -0.906009 0.0415677 0.421212 0.423219 0.075366 0.902888 -0.673736 1.51077 -0.201857</i>
                        <i>0.00418572 0.995954 -0.0897669 -0.906096 0.041754 0.421006 0.423051 0.0795752 0.902605 -0.673962 1.51352 -0.202329</i>
                        <i>0.00237145 0.995548 -0.0942216 -0.90621 0.0419785 0.420738 0.422821 0.0843868 0.902276 -0.674259 1.51561 -0.202947</i>
                        <i>0.000408645 0.995079 -0.0990811 -0.906347 0.0422337 0.420418 0.422534 0.0896301 0.901904 -0.67461 1.51698 -0.20368</i>
                        <i>-0.00162135 0.994561 -0.104148 -0.906502 0.0425094 0.420057 0.422199 0.0950912 0.901502 -0.675002 1.51756 -0.204497</i>
                        <i>-0.00360439 0.994019 -0.10915 -0.906669 0.0427945 0.419666 0.421827 0.100476 0.901092 -0.67542 1.51731 -0.205369</i>
                        <i>-0.00545285 0.99348 -0.113873 -0.906844 0.0430781 0.419258 0.42143 0.105551 0.900697 -0.675851 1.51612 -0.206265</i>
                        <i>-0.0071149 0.992967 -0.118177 -0.907021 0.0433495 0.418847 0.421025 0.110169 0.900334 -0.676279 1.51406 -0.207158</i>
                        <i>-0.00853897 0.992503 -0.121923 -0.907194 0.0435986 0.418447 0.420626 0.114181 0.90002 -0.676691 1.51126 -0.208017</i>
                        <i>-0.00967392 0.992113 -0.124974 -0.907357 0.0438159 0.418072 0.420251 0.11744 0.899776 -0.677075 1.50786 -0.208817</i>
                        <i>-0.0104691 0.991823 -0.127193 -0.907502 0.0439924 0.417738 0.419917 0.119801 0.899621 -0.677417 1.504 -0.209529</i>
                        <i>-0.0108744 0.991657 -0.128446 -0.907624 0.0441192 0.417459 0.419643 0.12112 0.899572 -0.677705 1.49982 -0.210128</i>
                        <i>-0.0108584 0.991631 -0.128644 -0.907716 0.0441905 0.417252 0.419445 0.121303 0.89964 -0.677925 1.49546 -0.210588</i>
                        <i>-0.0104515 0.991737 -0.127858 -0.907772 0.0442107 0.417127 0.419333 0.120426 0.89981 -0.678066 1.49107 -0.210881</i>
                        <i>-0.00969697 0.991959 -0.12619 -0.907789 0.0441854 0.417094 0.419316 0.118598 0.90006 -0.678115 1.48678 -0.210983</i>
                        <i>-0.00857877 0.992295 -0.123602 -0.907741 0.0441201 0.417204 0.419443 0.115778 0.900368 -0.678009 1.48282 -0.210763</i>
                        <i>-0.00712195 0.992729 -0.120158 -0.907621 0.044019 0.417477 0.419731 0.112031 0.900708 -0.677723 1.48735 -0.210166</i>
                        <i>-0.00542947 0.993223 -0.1161 -0.907445 0.0438855 0.417874 0.420137 0.107623 0.901056 -0.677292 1.49227 -0.20927</i>
                        <i>-0.00355336 0.993751 -0.11156 -0.90723 0.0437214 0.418357 0.420621 0.102697 0.901405 -0.676757 1.49738 -0.208155</i>
                        <i>-0.00155211 0.994291 -0.106689 -0.906993 0.0435318 0.41889 0.421143 0.0974165 0.901747 -0.676156 1.50247 -0.206902</i>
                        <i>0.000459775 0.994808 -0.101768 -0.906751 0.0433268 0.419435 0.421667 0.0920851 0.902063 -0.675529 1.50732 -0.205595</i>
                        <i>0.00236438 0.995274 -0.0970816 -0.906519 0.0431172 0.419957 0.422158 0.0870134 0.902337 -0.674917 1.51173 -0.20432</i>
                        <i>0.00404076 0.995665 -0.0929228 -0.906313 0.042915 0.420422 0.422587 0.0825184 0.902558 -0.674365 1.51549 -0.203168</i>
                        <i>0.00536571 0.995965 -0.0895873 -0.906148 0.0427327 0.420797 0.422927 0.0789215 0.90272 -0.673914 1.51842 -0.202229</i>
                        <i>0.00621532 0.996156 -0.0873722 -0.906036 0.0425833 0.421053 0.423155 0.0765454 0.902818 -0.673612 1.52033 -0.201598</i>
                        <i>0.00646692 0.996225 -0.086572 -0.905992 0.0424798 0.421157 0.423245 0.07571 0.902847 -0.673501 1.521 -0.201368</i>
                    </KeyFrames>
                </p>
            </i>
            <i>
                <p>
                    <Name><![CDATA[spine1]]></Name>
                    <Exclude>0</Exclude>
                    <Additive>0</Additive>
                    <IKPriority>0</IKPriority>
                    <IKRotLimits>-1e+010 -1e+010 -1e+010 1e+010 1e+010 1e+010</IKRotLimits>
                    <IKRotLimitOrder>0</IKRotLimitOrder>
                    <KeyFrames count="61">
                        <i>0.167997 0.97 0.175717 -0.906295 0.0818499 0.414645 0.387823 -0.228911 0.892857 -0.672352 1.70215 -0.217166</i>
                        <i>0.168947 0.96935 0.178374 -0.906258 0.081628 0.414769 0.387496 -0.231727 0.892272 -0.67259 1.70187 -0.217678</i>
                        <i>0.17004 0.968651 0.181109 -0.906293 0.0815555 0.414707 0.386937 -0.234655 0.89175 -0.673167 1.70089 -0.218956</i>
                        <i>0.171143 0.967982 0.183633 -0.906389 0.0816227 0.414485 0.386225 -0.237379 0.891337 -0.674008 1.69923 -0.220832</i>
                        <i>0.172127 0.967421 0.185657 -0.906535 0.0818192 0.414125 0.385443 -0.239587 0.891085 -0.675036 1.69693 -0.223136</i>
                        <i>0.172867 0.967049 0.186906 -0.906723 0.0821347 0.413652 0.38467 -0.240978 0.891044 -0.676177 1.69402 -0.225703</i>
                        <i>0.173249 0.966939 0.187119 -0.906942 0.0825598 0.413087 0.383981 -0.241272 0.891261 -0.677356 1.69053 -0.228367</i>
                        <i>0.173169 0.967159 0.186052 -0.907181 0.0830858 0.412455 0.383451 -0.240207 0.891777 -0.678503 1.68652 -0.230969</i>
                        <i>0.172652 0.967677 0.183825 -0.907426 0.0836749 0.411797 0.383105 -0.237905 0.892542 -0.679538 1.68204 -0.233328</i>
                        <i>0.171825 0.968388 0.180833 -0.907654 0.0842677 0.411172 0.382936 -0.234784 0.893441 -0.680378 1.67716 -0.235254</i>
                        <i>0.170719 0.969252 0.177216 -0.907844 0.0848225 0.410639 0.382981 -0.230989 0.89441 -0.680955 1.68041 -0.236587</i>
                        <i>0.169347 0.970242 0.173069 -0.907968 0.0852953 0.410266 0.383295 -0.226618 0.895393 -0.681207 1.68357 -0.237188</i>
                        <i>0.1681 0.971098 0.169446 -0.908038 0.0856362 0.410041 0.383679 -0.222792 0.896189 -0.681191 1.68658 -0.237179</i>
                        <i>0.167229 0.971679 0.166954 -0.908084 0.0858557 0.409894 0.383951 -0.220155 0.896724 -0.681033 1.68933 -0.236837</i>
                        <i>0.166545 0.972122 0.165051 -0.908108 0.0859993 0.409809 0.38419 -0.218136 0.897115 -0.680764 1.69177 -0.236243</i>
                        <i>0.166067 0.972417 0.163789 -0.90811 0.0860623 0.409791 0.384392 -0.216791 0.897354 -0.680399 1.69384 -0.235425</i>
                        <i>0.165814 0.972556 0.163222 -0.908089 0.0860395 0.409844 0.384552 -0.216177 0.897434 -0.67995 1.6955 -0.234413</i>
                        <i>0.165803 0.972527 0.163404 -0.908043 0.085926 0.40997 0.384666 -0.216352 0.897343 -0.67943 1.69673 -0.233236</i>
                        <i>0.166054 0.972318 0.164392 -0.907971 0.0857162 0.410172 0.384727 -0.217374 0.89707 -0.678851 1.69746 -0.231921</i>
                        <i>0.166587 0.971912 0.16624 -0.907873 0.0854048 0.410454 0.384727 -0.219301 0.8966 -0.678228 1.69767 -0.230497</i>
                        <i>0.167421 0.971292 0.169005 -0.907749 0.0849858 0.410816 0.384659 -0.222193 0.895917 -0.677572 1.69732 -0.228995</i>
                        <i>0.168503 0.970484 0.172535 -0.9076 0.084471 0.411251 0.384538 -0.225889 0.895044 -0.676903 1.69643 -0.227454</i>
                        <i>0.169725 0.969553 0.176523 -0.907431 0.0838854 0.411744 0.3844 -0.230066 0.894039 -0.676241 1.69505 -0.225924</i>
                        <i>0.171042 0.968528 0.180827 -0.907247 0.0832464 0.412278 0.38425 -0.234572 0.892932 -0.675596 1.69322 -0.22443</i>
                        <i>0.172419 0.967432 0.185327 -0.907056 0.0825735 0.412833 0.384085 -0.239282 0.891752 -0.674973 1.691 -0.222983</i>
                        <i>0.173809 0.9663 0.18988 -0.906862 0.0818852 0.413395 0.383916 -0.244047 0.890534 -0.674383 1.68844 -0.221608</i>
                        <i>0.175168 0.965167 0.194341 -0.906671 0.0812004 0.41395 0.38375 -0.248714 0.889313 -0.673835 1.68558 -0.220329</i>
                        <i>0.176449 0.964073 0.198568 -0.906486 0.0805386 0.414484 0.3836 -0.253134 0.888129 -0.67334 1.68249 -0.219171</i>
                        <i>0.177607 0.963059 0.202417 -0.906312 0.0799197 0.414985 0.383478 -0.257157 0.887026 -0.672908 1.67921 -0.218159</i>
                        <i>0.178598 0.96217 0.205745 -0.906152 0.0793642 0.41544 0.383396 -0.260632 0.886047 -0.67255 1.67579 -0.217318</i>
                        <i>0.179375 0.961452 0.208407 -0.90601 0.078893 0.415839 0.383368 -0.26341 0.885237 -0.672277 1.6723 -0.216674</i>
                        <i>0.179896 0.960951 0.210262 -0.90589 0.0785271 0.41617 0.383408 -0.265341 0.884642 -0.672099 1.67709 -0.216252</i>
                        <i>0.18001 0.960796 0.210871 -0.905796 0.0783135 0.416414 0.383575 -0.265965 0.884383 -0.672037 1.68168 -0.216102</i>
                        <i>0.179658 0.961044 0.210043 -0.905734 0.0782775 0.416556 0.383887 -0.26508 0.884513 -0.672104 1.68596 -0.216255</i>
                        <i>0.179012 0.96156 0.208224 -0.905712 0.0784055 0.41658 0.384241 -0.263163 0.884932 -0.672323 1.68983 -0.216764</i>
                        <i>0.178194 0.962247 0.205736 -0.905736 0.0786831 0.416475 0.384564 -0.260555 0.885563 -0.672706 1.69322 -0.217648</i>
                        <i>0.177211 0.963089 0.202623 -0.905803 0.0790956 0.416251 0.38486 -0.257301 0.886385 -0.673225 1.69605 -0.218846</i>
                        <i>0.17607 0.964068 0.198929 -0.905911 0.0796279 0.415915 0.385129 -0.253442 0.887379 -0.673854 1.69824 -0.220298</i>
                        <i>0.174772 0.965171 0.194677 -0.906057 0.0802662 0.415473 0.385377 -0.249002 0.888529 -0.674566 1.69971 -0.221943</i>
                        <i>0.17336 0.966354 0.190016 -0.906238 0.0809858 0.414939 0.385589 -0.244133 0.889786 -0.675332 1.70041 -0.223713</i>
                        <i>0.171915 0.967549 0.185189 -0.90645 0.0817568 0.414325 0.385739 -0.239093 0.891089 -0.676116 1.70026 -0.225529</i>
                        <i>0.170506 0.968699 0.180419 -0.906686 0.0825486 0.41365 0.385809 -0.234113 0.89238 -0.676888 1.69918 -0.227319</i>
                        <i>0.169189 0.96976 0.175897 -0.906938 0.0833294 0.41294 0.385796 -0.229393 0.893611 -0.677624 1.69722 -0.229028</i>
                        <i>0.168024 0.970694 0.171814 -0.907196 0.0840684 0.412223 0.385699 -0.225133 0.894736 -0.678302 1.69452 -0.230603</i>
                        <i>0.167067 0.971464 0.168364 -0.907449 0.0847365 0.411528 0.385518 -0.221535 0.895711 -0.678897 1.69121 -0.231988</i>
                        <i>0.166378 0.972033 0.16574 -0.907688 0.0853055 0.410884 0.385255 -0.218802 0.896496 -0.679388 1.68745 -0.233131</i>
                        <i>0.166017 0.972367 0.164134 -0.9079 0.0857483 0.410324 0.384911 -0.217138 0.897048 -0.679752 1.68337 -0.233979</i>
                        <i>0.166011 0.972451 0.163646 -0.908075 0.0860463 0.409874 0.384501 -0.216647 0.897342 -0.679971 1.67911 -0.234489</i>
                        <i>0.166274 0.972337 0.164055 -0.908205 0.086207 0.409551 0.384078 -0.217094 0.897415 -0.680038 1.6748 -0.234646</i>
                        <i>0.166702 0.97209 0.165078 -0.908284 0.0862427 0.409368 0.383706 -0.21818 0.897311 -0.679947 1.67057 -0.23444</i>
                        <i>0.167001 0.971889 0.165961 -0.908288 0.0861671 0.409376 0.383568 -0.219107 0.897144 -0.679633 1.66656 -0.233726</i>
                        <i>0.167011 0.971831 0.166291 -0.908205 0.0859901 0.409598 0.38376 -0.219433 0.896982 -0.679074 1.6709 -0.232457</i>
                        <i>0.16682 0.971864 0.166284 -0.90805 0.0857166 0.409998 0.384209 -0.21939 0.8968 -0.678328 1.67554 -0.230765</i>
                        <i>0.166571 0.971905 0.1663 -0.907838 0.0853438 0.410543 0.384816 -0.219358 0.896548 -0.677444 1.6803 -0.228759</i>
                        <i>0.166361 0.971895 0.166566 -0.907589 0.0848827 0.411189 0.385494 -0.219579 0.896203 -0.676472 1.685 -0.226555</i>
                        <i>0.166219 0.971826 0.167111 -0.907321 0.0843597 0.411887 0.386185 -0.220087 0.89578 -0.675474 1.68946 -0.224293</i>
                        <i>0.166181 0.971683 0.167975 -0.907052 0.083803 0.412593 0.386833 -0.220927 0.895294 -0.674514 1.69351 -0.222114</i>
                        <i>0.166291 0.971451 0.169207 -0.906799 0.0832421 0.413262 0.387379 -0.222158 0.894753 -0.673656 1.69697 -0.220164</i>
                        <i>0.166596 0.971108 0.170867 -0.906579 0.0827083 0.413853 0.387764 -0.223851 0.894164 -0.672965 1.69967 -0.218591</i>
                        <i>0.167148 0.970632 0.173017 -0.906405 0.0822334 0.414327 0.387931 -0.226078 0.893531 -0.672508 1.70145 -0.217542</i>
                        <i>0.167997 0.97 0.175717 -0.906295 0.0818499 0.414645 0.387823 -0.228911 0.892857 -0.672352 1.70215 -0.217166</i>
                    </KeyFrames>
                </p>
            </i>
            <i>
                <p>
                    <Name><![CDATA[spine2]]></Name>
                    <Exclude>0</Exclude>
                    <Additive>0</Additive>
                    <IKPriority>0</IKPriority>
                    <IKRotLimits>-1e+010 -1e+010 -1e+010 1e+010 1e+010 1e+010</IKRotLimits>
                    <IKRotLimitOrder>0</IKRotLimitOrder>
                    <KeyFrames count="61">
                        <i>0.206454 0.929082 0.306894 -0.906679 0.0637401 0.416977 0.367844 -0.364341 0.855539 -0.644184 1.86432 -0.187604</i>
                        <i>0.208814 0.92652 0.31298 -0.906608 0.0634011 0.417184 0.366686 -0.370864 0.85323 -0.64423 1.86412 -0.187636</i>
                        <i>0.211172 0.924006 0.318779 -0.906538 0.0631895 0.417367 0.365506 -0.377122 0.85099 -0.644565 1.86334 -0.188389</i>
                        <i>0.213355 0.921722 0.323894 -0.906474 0.0631087 0.41752 0.364397 -0.382681 0.848982 -0.645139 1.862 -0.18975</i>
                        <i>0.215199 0.91986 0.327942 -0.906418 0.0631621 0.417633 0.363451 -0.387127 0.84737 -0.645905 1.86012 -0.191605</i>
                        <i>0.216546 0.918606 0.330562 -0.906374 0.0633537 0.417698 0.362758 -0.390064 0.84632 -0.646817 1.85769 -0.193843</i>
                        <i>0.217253 0.918133 0.33141 -0.906348 0.0636892 0.417705 0.362402 -0.39112 0.845985 -0.647829 1.85474 -0.196355</i>
                        <i>0.217182 0.9186 0.330161 -0.906342 0.0641752 0.417644 0.362459 -0.389943 0.846503 -0.648895 1.85126 -0.199032</i>
                        <i>0.216352 0.919947 0.326938 -0.906358 0.0647751 0.417517 0.362916 -0.386654 0.847815 -0.649941 1.84728 -0.201685</i>
                        <i>0.214899 0.921955 0.322209 -0.906394 0.0654186 0.417338 0.363688 -0.381733 0.849712 -0.650868 1.84283 -0.204061</i>
                        <i>0.212941 0.92444 0.316333 -0.906447 0.0660619 0.417122 0.364707 -0.375561 0.852023 -0.651606 1.84637 -0.205984</i>
                        <i>0.210671 0.927154 0.309843 -0.906507 0.0666592 0.416895 0.365872 -0.368702 0.854515 -0.652099 1.84967 -0.207301</i>
                        <i>0.20843 0.929695 0.303683 -0.906571 0.0671391 0.416678 0.366995 -0.362159 0.856829 -0.652322 1.85269 -0.207939</i>
                        <i>0.206384 0.931905 0.298261 -0.906638 0.067493 0.416476 0.367986 -0.356368 0.858829 -0.652341 1.85539 -0.208053</i>
                        <i>0.204431 0.933928 0.293234 -0.906705 0.0677672 0.416284 0.368908 -0.350979 0.860651 -0.652223 1.85772 -0.20782</i>
                        <i>0.202656 0.935689 0.288819 -0.906771 0.0679516 0.416112 0.369726 -0.346221 0.862226 -0.651977 1.85963 -0.207257</i>
                        <i>0.201147 0.937113 0.285234 -0.90683 0.0680366 0.415969 0.370404 -0.34233 0.863488 -0.65161 1.86111 -0.206382</i>
                        <i>0.199992 0.938128 0.2827 -0.90688 0.0680122 0.415864 0.370907 -0.339544 0.864371 -0.651132 1.8621 -0.205215</i>
                        <i>0.199279 0.938659 0.281439 -0.906917 0.0678687 0.415807 0.3712 -0.338104 0.86481 -0.65055 1.86259 -0.203773</i>
                        <i>0.199098 0.938626 0.281675 -0.906939 0.0675962 0.415804 0.371245 -0.338248 0.864734 -0.649874 1.86252 -0.202076</i>
                        <i>0.199537 0.937944 0.283632 -0.906941 0.0671848 0.415865 0.371002 -0.340217 0.864066 -0.649113 1.86186 -0.200142</i>
                        <i>0.200591 0.936614 0.287259 -0.906925 0.06665 0.415986 0.370473 -0.343966 0.862808 -0.648292 1.86066 -0.198037</i>
                        <i>0.202188 0.934707 0.292306 -0.906891 0.0660271 0.416161 0.369688 -0.349232 0.861027 -0.647451 1.85896 -0.195864</i>
                        <i>0.204234 0.932296 0.298517 -0.906842 0.0653363 0.416376 0.368682 -0.355746 0.858789 -0.64661 1.85682 -0.193671</i>
                        <i>0.206589 0.929504 0.305522 -0.906784 0.0645997 0.416618 0.367511 -0.363111 0.856204 -0.645779 1.85428 -0.19149</i>
                        <i>0.209162 0.926412 0.313069 -0.906719 0.0638384 0.416876 0.366213 -0.37106 0.853348 -0.644975 1.85141 -0.189371</i>
                        <i>0.211864 0.923111 0.320904 -0.906651 0.0630738 0.417141 0.364826 -0.379325 0.850302 -0.644216 1.84826 -0.18736</i>
                        <i>0.214604 0.919702 0.328777 -0.906581 0.0623277 0.417405 0.363396 -0.38764 0.847159 -0.643521 1.8449 -0.185509</i>
                        <i>0.217296 0.916292 0.336439 -0.906511 0.0616224 0.417661 0.361968 -0.395741 0.844019 -0.642908 1.84137 -0.183864</i>
                        <i>0.219854 0.913002 0.343644 -0.906442 0.0609804 0.417904 0.360592 -0.403371 0.840991 -0.642394 1.83775 -0.182476</i>
                        <i>0.222193 0.909959 0.350149 -0.906377 0.0604244 0.418126 0.35932 -0.410272 0.838192 -0.641998 1.83409 -0.181393</i>
                        <i>0.224228 0.907297 0.355715 -0.906316 0.0599776 0.418323 0.358209 -0.41619 0.835746 -0.641737 1.83878 -0.180664</i>
                        <i>0.225787 0.905285 0.359833 -0.90626 0.0596908 0.418485 0.35737 -0.42059 0.833901 -0.641658 1.84332 -0.180416</i>
                        <i>0.226773 0.904085 0.362221 -0.90621 0.0595917 0.418607 0.356871 -0.423178 0.832805 -0.641785 1.84763 -0.180709</i>
                        <i>0.227261 0.903611 0.363096 -0.906169 0.0596643 0.418687 0.356666 -0.424177 0.832384 -0.642107 1.85163 -0.181517</i>
                        <i>0.227297 0.903801 0.362602 -0.906137 0.0598941 0.418722 0.356724 -0.423742 0.832581 -0.642612 1.85521 -0.182801</i>
                        <i>0.226869 0.904654 0.360737 -0.906117 0.0602712 0.418713 0.357048 -0.421863 0.833396 -0.643273 1.8583 -0.184496</i>
                        <i>0.225965 0.906166 0.357496 -0.906109 0.0607855 0.418654 0.357639 -0.418532 0.834821 -0.644065 1.86081 -0.186536</i>
                        <i>0.224563 0.908333 0.35285 -0.906117 0.0614286 0.418543 0.358501 -0.413713 0.83685 -0.644963 1.86265 -0.18886</i>
                        <i>0.222694 0.911071 0.346925 -0.906142 0.0621763 0.418378 0.359602 -0.407534 0.839406 -0.645933 1.86373 -0.191379</i>
                        <i>0.220387 0.914289 0.339861 -0.906187 0.0629952 0.418159 0.360909 -0.400135 0.8424 -0.646927 1.86397 -0.193971</i>
                        <i>0.217714 0.917847 0.331899 -0.906251 0.063851 0.417891 0.362368 -0.391765 0.845701 -0.647904 1.86327 -0.196532</i>
                        <i>0.214805 0.921555 0.323413 -0.906331 0.0647081 0.417585 0.3639 -0.382818 0.849133 -0.648832 1.86166 -0.198973</i>
                        <i>0.211793 0.925234 0.314777 -0.906424 0.0655315 0.417255 0.365431 -0.373693 0.852534 -0.649678 1.85928 -0.201208</i>
                        <i>0.208815 0.928725 0.306375 -0.906524 0.0662876 0.416917 0.366892 -0.364795 0.855754 -0.650409 1.85626 -0.20315</i>
                        <i>0.206007 0.931883 0.298589 -0.906628 0.0669434 0.416587 0.368222 -0.35653 0.858661 -0.650993 1.85273 -0.204714</i>
                        <i>0.20351 0.934575 0.29181 -0.906728 0.0674669 0.416284 0.369361 -0.34931 0.861136 -0.651398 1.84882 -0.205813</i>
                        <i>0.201433 0.936716 0.286334 -0.906821 0.0678359 0.416021 0.37027 -0.343454 0.863099 -0.651601 1.84468 -0.206389</i>
                        <i>0.199784 0.938336 0.282156 -0.906902 0.0680584 0.415808 0.370964 -0.338959 0.864576 -0.651612 1.84041 -0.206465</i>
                        <i>0.198546 0.93948 0.279208 -0.90697 0.068148 0.415646 0.371464 -0.335758 0.86561 -0.651447 1.83614 -0.206083</i>
                        <i>0.197605 0.940286 0.277155 -0.907019 0.0681303 0.415541 0.371845 -0.333498 0.86632 -0.651101 1.832 -0.205238</i>
                        <i>0.19691 0.940816 0.275845 -0.907048 0.0680204 0.415495 0.372142 -0.33202 0.86676 -0.650583 1.83609 -0.203958</i>
                        <i>0.196547 0.940999 0.275483 -0.907057 0.0678145 0.41551 0.372313 -0.331546 0.866868 -0.64993 1.8404 -0.20233</i>
                        <i>0.196597 0.940749 0.276298 -0.907046 0.0674957 0.415586 0.372314 -0.332318 0.866572 -0.64916 1.84477 -0.200398</i>
                        <i>0.197055 0.940069 0.27828 -0.907019 0.0670659 0.415716 0.372138 -0.334324 0.865876 -0.6483 1.84905 -0.19823</i>
                        <i>0.197882 0.939 0.281285 -0.906978 0.0665516 0.415886 0.371797 -0.337415 0.864822 -0.647403 1.85307 -0.195957</i>
                        <i>0.199044 0.937581 0.285172 -0.906928 0.0659807 0.416086 0.371299 -0.34145 0.863452 -0.64652 1.8567 -0.193709</i>
                        <i>0.20051 0.935846 0.289808 -0.906871 0.0653826 0.416305 0.370648 -0.346292 0.861801 -0.645704 1.85978 -0.191617</i>
                        <i>0.202253 0.933826 0.295064 -0.90681 0.0647884 0.416532 0.369852 -0.351811 0.859906 -0.645007 1.86217 -0.189814</i>
                        <i>0.204244 0.931558 0.300806 -0.906745 0.0642302 0.416759 0.368914 -0.357875 0.857804 -0.644483 1.86373 -0.188433</i>
                        <i>0.206454 0.929082 0.306894 -0.906679 0.0637401 0.416977 0.367844 -0.364341 0.855539 -0.644184 1.86432 -0.187604</i>
                    </KeyFrames>
                </p>
            </i>
            <i>
                <p>
                    <Name><![CDATA[head]]></Name>
                    <Exclude>0</Exclude>
                    <Additive>0</Additive>
                    <IKPriority>0</IKPriority>
                    <IKRotLimits>-1e+010 -1e+010 -1e+010 1e+010 1e+010 1e+010</IKRotLimits>
                    <IKRotLimitOrder>0</IKRotLimitOrder>
                    <KeyFrames count="61">
                        <i>0.0994465 0.972849 0.208987 -0.132777 0.221124 -0.966165 -0.986144 0.0683331 0.151162 -0.599796 2.1159 -0.121529</i>
                        <i>0.105709 0.965158 0.239365 -0.129255 0.252008 -0.959054 -0.985961 0.0704417 0.151391 -0.599084 2.11519 -0.119686</i>
                        <i>0.111441 0.957088 0.267512 -0.125736 0.280605 -0.951552 -0.985785 0.0724062 0.151611 -0.598674 2.11405 -0.118687</i>
                        <i>0.11651 0.948969 0.293059 -0.122336 0.306534 -0.943965 -0.985626 0.0741298 0.151807 -0.598562 2.11248 -0.118521</i>
                        <i>0.120791 0.941153 0.315659 -0.119179 0.329437 -0.936626 -0.985498 0.0755157 0.151959 -0.598749 2.11051 -0.119175</i>
                        <i>0.124166 0.934009 0.334979 -0.1164 0.348971 -0.929877 -0.985411 0.0764674 0.152049 -0.599231 2.10818 -0.120638</i>
                        <i>0.126521 0.927904 0.350694 -0.114131 0.364805 -0.924062 -0.985376 0.0768882 0.152059 -0.600009 2.1055 -0.122899</i>
                        <i>0.127744 0.923192 0.362488 -0.112506 0.376611 -0.919514 -0.985405 0.0766807 0.151975 -0.601081 2.10249 -0.125947</i>
                        <i>0.127885 0.919985 0.370504 -0.111556 0.384544 -0.916341 -0.985495 0.075854 0.151807 -0.602372 2.09912 -0.129566</i>
                        <i>0.127109 0.918172 0.375237 -0.111222 0.389114 -0.914451 -0.985633 0.0745003 0.151581 -0.603747 2.09536 -0.133376</i>
                        <i>0.125612 0.917581 0.377182 -0.111417 0.390836 -0.913692 -0.985803 0.0727461 0.151327 -0.605101 2.09959 -0.137084</i>
                        <i>0.123717 0.917855 0.377141 -0.11196 0.390546 -0.91375 -0.985981 0.0708216 0.151081 -0.606305 2.10351 -0.14035</i>
                        <i>0.121682 0.918694 0.37576 -0.112706 0.388913 -0.914354 -0.98615 0.0689098 0.150865 -0.607242 2.10705 -0.142857</i>
                        <i>0.119544 0.920072 0.373064 -0.113624 0.385968 -0.915488 -0.986306 0.0670521 0.150683 -0.607935 2.11017 -0.144673</i>
                        <i>0.117244 0.922087 0.368794 -0.114743 0.381446 -0.917242 -0.986452 0.0652248 0.150525 -0.608472 2.11285 -0.146048</i>
                        <i>0.114887 0.924613 0.363168 -0.115992 0.375574 -0.919505 -0.986583 0.0635144 0.150397 -0.608831 2.11504 -0.146926</i>
                        <i>0.112579 0.927525 0.356403 -0.117307 0.368581 -0.922164 -0.986694 0.0620078 0.1503 -0.608992 2.11671 -0.147254</i>
                        <i>0.110428 0.9307 0.348717 -0.118626 0.360697 -0.925108 -0.986779 0.0607914 0.150236 -0.608931 2.1178 -0.14698</i>
                        <i>0.108545 0.93402 0.34033 -0.119891 0.352154 -0.928231 -0.986835 0.0599521 0.150205 -0.608628 2.11827 -0.146047</i>
                        <i>0.10703 0.937406 0.331383 -0.121064 0.343105 -0.931463 -0.986858 0.0595764 0.150208 -0.608061 2.11807 -0.144405</i>
                        <i>0.106031 0.94067 0.322333 -0.122075 0.334022 -0.934627 -0.986841 0.0597507 0.150249 -0.607209 2.11714 -0.141998</i>
