<?xml version="1.0" encoding="ISO-8859-1" ?>
<Animl Version="1">
    <ModellingPackage><![CDATA[Maya.2010]]></ModellingPackage>
    <SrcFile><![CDATA[anims\vehicles\blue\~src\land\car_jeep\car_jeep_idle_crewman_a.mb]]></SrcFile>
    <FramesPerSecond>30</FramesPerSecond>
    <TotalFrames>61</TotalFrames>
    <Skeleton>
        <RefFrame>
            <Name><![CDATA[soldier_ref_frame]]></Name>
            <Exclude>0</Exclude>
            <Additive>0</Additive>
            <IKPriority>0</IKPriority>
            <IKRotLimits>-1e+010 -1e+010 -1e+010 1e+010 1e+010 1e+010</IKRotLimits>
            <IKRotLimitOrder>0</IKRotLimitOrder>
            <KeyFrames count="61">
                <i>1 0 0 0 1 0 0 0 1 0.52 0.18 -0.11</i>
                <i>1 0 0 0 1 0 0 0 1 0.52 0.18 -0.11</i>
                <i>1 0 0 0 1 0 0 0 1 0.52 0.18 -0.11</i>
                <i>1 0 0 0 1 0 0 0 1 0.52 0.18 -0.11</i>
                <i>1 0 0 0 1 0 0 0 1 0.52 0.18 -0.11</i>
                <i>1 0 0 0 1 0 0 0 1 0.52 0.18 -0.11</i>
                <i>1 0 0 0 1 0 0 0 1 0.52 0.18 -0.11</i>
                <i>1 0 0 0 1 0 0 0 1 0.52 0.18 -0.11</i>
                <i>1 0 0 0 1 0 0 0 1 0.52 0.18 -0.11</i>
                <i>1 0 0 0 1 0 0 0 1 0.52 0.18 -0.11</i>
                <i>1 0 0 0 1 0 0 0 1 0.52 0.18 -0.11</i>
                <i>1 0 0 0 1 0 0 0 1 0.52 0.18 -0.11</i>
                <i>1 0 0 0 1 0 0 0 1 0.52 0.18 -0.11</i>
                <i>1 0 0 0 1 0 0 0 1 0.52 0.18 -0.11</i>
                <i>1 0 0 0 1 0 0 0 1 0.52 0.18 -0.11</i>
                <i>1 0 0 0 1 0 0 0 1 0.52 0.18 -0.11</i>
                <i>1 0 0 0 1 0 0 0 1 0.52 0.18 -0.11</i>
                <i>1 0 0 0 1 0 0 0 1 0.52 0.18 -0.11</i>
                <i>1 0 0 0 1 0 0 0 1 0.52 0.18 -0.11</i>
                <i>1 0 0 0 1 0 0 0 1 0.52 0.18 -0.11</i>
                <i>1 0 0 0 1 0 0 0 1 0.52 0.18 -0.11</i>
                <i>1 0 0 0 1 0 0 0 1 0.52 0.18 -0.11</i>
                <i>1 0 0 0 1 0 0 0 1 0.52 0.18 -0.11</i>
                <i>1 0 0 0 1 0 0 0 1 0.52 0.18 -0.11</i>
                <i>1 0 0 0 1 0 0 0 1 0.52 0.18 -0.11</i>
                <i>1 0 0 0 1 0 0 0 1 0.52 0.18 -0.11</i>
                <i>1 0 0 0 1 0 0 0 1 0.52 0.18 -0.11</i>
                <i>1 0 0 0 1 0 0 0 1 0.52 0.18 -0.11</i>
                <i>1 0 0 0 1 0 0 0 1 0.52 0.18 -0.11</i>
                <i>1 0 0 0 1 0 0 0 1 0.52 0.18 -0.11</i>
                <i>1 0 0 0 1 0 0 0 1 0.52 0.18 -0.11</i>
                <i>1 0 0 0 1 0 0 0 1 0.52 0.18 -0.11</i>
                <i>1 0 0 0 1 0 0 0 1 0.52 0.18 -0.11</i>
                <i>1 0 0 0 1 0 0 0 1 0.52 0.18 -0.11</i>
                <i>1 0 0 0 1 0 0 0 1 0.52 0.18 -0.11</i>
                <i>1 0 0 0 1 0 0 0 1 0.52 0.18 -0.11</i>
                <i>1 0 0 0 1 0 0 0 1 0.52 0.18 -0.11</i>
                <i>1 0 0 0 1 0 0 0 1 0.52 0.18 -0.11</i>
                <i>1 0 0 0 1 0 0 0 1 0.52 0.18 -0.11</i>
                <i>1 0 0 0 1 0 0 0 1 0.52 0.18 -0.11</i>
                <i>1 0 0 0 1 0 0 0 1 0.52 0.18 -0.11</i>
                <i>1 0 0 0 1 0 0 0 1 0.52 0.18 -0.11</i>
                <i>1 0 0 0 1 0 0 0 1 0.52 0.18 -0.11</i>
                <i>1 0 0 0 1 0 0 0 1 0.52 0.18 -0.11</i>
                <i>1 0 0 0 1 0 0 0 1 0.52 0.18 -0.11</i>
                <i>1 0 0 0 1 0 0 0 1 0.52 0.18 -0.11</i>
                <i>1 0 0 0 1 0 0 0 1 0.52 0.18 -0.11</i>
                <i>1 0 0 0 1 0 0 0 1 0.52 0.18 -0.11</i>
                <i>1 0 0 0 1 0 0 0 1 0.52 0.18 -0.11</i>
                <i>1 0 0 0 1 0 0 0 1 0.52 0.18 -0.11</i>
                <i>1 0 0 0 1 0 0 0 1 0.52 0.18 -0.11</i>
                <i>1 0 0 0 1 0 0 0 1 0.52 0.18 -0.11</i>
                <i>1 0 0 0 1 0 0 0 1 0.52 0.18 -0.11</i>
                <i>1 0 0 0 1 0 0 0 1 0.52 0.18 -0.11</i>
                <i>1 0 0 0 1 0 0 0 1 0.52 0.18 -0.11</i>
                <i>1 0 0 0 1 0 0 0 1 0.52 0.18 -0.11</i>
                <i>1 0 0 0 1 0 0 0 1 0.52 0.18 -0.11</i>
                <i>1 0 0 0 1 0 0 0 1 0.52 0.18 -0.11</i>
                <i>1 0 0 0 1 0 0 0 1 0.52 0.18 -0.11</i>
                <i>1 0 0 0 1 0 0 0 1 0.52 0.18 -0.11</i>
                <i>1 0 0 0 1 0 0 0 1 0.52 0.18 -0.11</i>
            </KeyFrames>
        </RefFrame>
        <Bones count="23">
            <i>
                <p>
                    <Name><![CDATA[pelvis]]></Name>
                    <Exclude>0</Exclude>
                    <Additive>0</Additive>
                    <IKPriority>0</IKPriority>
                    <IKRotLimits>-1e+010 -1e+010 -1e+010 1e+010 1e+010 1e+010</IKRotLimits>
                    <IKRotLimitOrder>2</IKRotLimitOrder>
                    <KeyFrames count="61">
                        <i>1 0 0 0 1 0 0 0 1 0.52 1.32 -0.19</i>
                        <i>1 0 0 0 1 0 0 0 1 0.52 1.32095 -0.19</i>
                        <i>1 0 0 0 1 0 0 0 1 0.52 1.32197 -0.19</i>
                        <i>1 0 0 0 1 0 0 0 1 0.52 1.32304 -0.19</i>
                        <i>1 0 0 0 1 0 0 0 1 0.52 1.32412 -0.19</i>
                        <i>1 0 0 0 1 0 0 0 1 0.52 1.32522 -0.19</i>
                        <i>1 0 0 0 1 0 0 0 1 0.52 1.32629 -0.19</i>
                        <i>1 0 0 0 1 0 0 0 1 0.52 1.32733 -0.19</i>
                        <i>1 0 0 0 1 0 0 0 1 0.52 1.3283 -0.19</i>
                        <i>1 0 0 0 1 0 0 0 1 0.52 1.3292 -0.19</i>
                        <i>1 0 0 0 1 0 0 0 1 0.52 1.33 -0.19</i>
                        <i>1 0 0 0 1 0 0 0 1 0.52 1.3304 -0.19</i>
                        <i>1 0 0 0 1 0 0 0 1 0.52 1.33015 -0.19</i>
                        <i>1 0 0 0 1 0 0 0 1 0.52 1.3293 -0.19</i>
                        <i>1 0 0 0 1 0 0 0 1 0.52 1.32788 -0.19</i>
                        <i>1 0 0 0 1 0 0 0 1 0.52 1.32595 -0.19</i>
                        <i>1 0 0 0 1 0 0 0 1 0.52 1.32353 -0.19</i>
                        <i>1 0 0 0 1 0 0 0 1 0.52 1.32069 -0.19</i>
                        <i>1 0 0 0 1 0 0 0 1 0.52 1.31746 -0.19</i>
                        <i>1 0 0 0 1 0 0 0 1 0.52 1.31388 -0.19</i>
                        <i>1 0 0 0 1 0 0 0 1 0.52 1.31 -0.19</i>
                        <i>1 0 0 0 1 0 0 0 1 0.52 1.31177 -0.19</i>
                        <i>1 0 0 0 1 0 0 0 1 0.52 1.31353 -0.19</i>
                        <i>1 0 0 0 1 0 0 0 1 0.52 1.31527 -0.19</i>
                        <i>1 0 0 0 1 0 0 0 1 0.52 1.31696 -0.19</i>
                        <i>1 0 0 0 1 0 0 0 1 0.52 1.3186 -0.19</i>
                        <i>1 0 0 0 1 0 0 0 1 0.52 1.32019 -0.19</i>
                        <i>1 0 0 0 1 0 0 0 1 0.52 1.3217 -0.19</i>
                        <i>1 0 0 0 1 0 0 0 1 0.52 1.32314 -0.19</i>
                        <i>1 0 0 0 1 0 0 0 1 0.52 1.32448 -0.19</i>
                        <i>1 0 0 0 1 0 0 0 1 0.52 1.32571 -0.19</i>
                        <i>1 0 0 0 1 0 0 0 1 0.52 1.32684 -0.19</i>
                        <i>1 0 0 0 1 0 0 0 1 0.52 1.32783 -0.19</i>
                        <i>1 0 0 0 1 0 0 0 1 0.52 1.32869 -0.19</i>
                        <i>1 0 0 0 1 0 0 0 1 0.52 1.32941 -0.19</i>
                        <i>1 0 0 0 1 0 0 0 1 0.52 1.32997 -0.19</i>
                        <i>1 0 0 0 1 0 0 0 1 0.52 1.33035 -0.19</i>
                        <i>1 0 0 0 1 0 0 0 1 0.52 1.33056 -0.19</i>
                        <i>1 0 0 0 1 0 0 0 1 0.52 1.33058 -0.19</i>
                        <i>1 0 0 0 1 0 0 0 1 0.52 1.3304 -0.19</i>
                        <i>1 0 0 0 1 0 0 0 1 0.52 1.33 -0.19</i>
                        <i>1 0 0 0 1 0 0 0 1 0.52 1.32927 -0.19</i>
                        <i>1 0 0 0 1 0 0 0 1 0.52 1.32812 -0.19</i>
                        <i>1 0 0 0 1 0 0 0 1 0.52 1.32661 -0.19</i>
                        <i>1 0 0 0 1 0 0 0 1 0.52 1.32477 -0.19</i>
                        <i>1 0 0 0 1 0 0 0 1 0.52 1.32268 -0.19</i>
                        <i>1 0 0 0 1 0 0 0 1 0.52 1.32037 -0.19</i>
                        <i>1 0 0 0 1 0 0 0 1 0.52 1.31789 -0.19</i>
                        <i>1 0 0 0 1 0 0 0 1 0.52 1.31531 -0.19</i>
                        <i>1 0 0 0 1 0 0 0 1 0.52 1.31266 -0.19</i>
                        <i>1 0 0 0 1 0 0 0 1 0.52 1.31 -0.19</i>
                        <i>1 0 0 0 1 0 0 0 1 0.52 1.31108 -0.19</i>
                        <i>1 0 0 0 1 0 0 0 1 0.52 1.31214 -0.19</i>
                        <i>1 0 0 0 1 0 0 0 1 0.52 1.31318 -0.19</i>
                        <i>1 0 0 0 1 0 0 0 1 0.52 1.31421 -0.19</i>
                        <i>1 0 0 0 1 0 0 0 1 0.52 1.31521 -0.19</i>
                        <i>1 0 0 0 1 0 0 0 1 0.52 1.3162 -0.19</i>
                        <i>1 0 0 0 1 0 0 0 1 0.52 1.31717 -0.19</i>
                        <i>1 0 0 0 1 0 0 0 1 0.52 1.31813 -0.19</i>
                        <i>1 0 0 0 1 0 0 0 1 0.52 1.31907 -0.19</i>
                        <i>1 0 0 0 1 0 0 0 1 0.52 1.32 -0.19</i>
                    </KeyFrames>
                </p>
            </i>
            <i>
                <p>
                    <Name><![CDATA[spine0]]></Name>
                    <Exclude>0</Exclude>
                    <Additive>0</Additive>
                    <IKPriority>0</IKPriority>
                    <IKRotLimits>-1e+010 -1e+010 -1e+010 1e+010 1e+010 1e+010</IKRotLimits>
                    <IKRotLimitOrder>0</IKRotLimitOrder>
                    <KeyFrames count="61">
                        <i>-0.0134515 0.996956 -0.0767931 -0.999908 -0.0132635 0.00295805 0.00193051 0.0768258 0.997043 0.52 1.44197 -0.266278</i>
                        <i>-0.0134402 0.997167 -0.0740076 -0.999908 -0.0132609 0.00291451 0.00192485 0.07404 0.997253 0.52 1.44316 -0.265901</i>
                        <i>-0.0134332 0.997268 -0.0726379 -0.999908 -0.0132578 0.00289652 0.00192559 0.0726701 0.997354 0.52 1.44428 -0.265749</i>
                        <i>-0.0134298 0.997273 -0.0725658 -0.999908 -0.0132542 0.00290089 0.00193118 0.0725981 0.997359 0.52 1.44531 -0.265794</i>
                        <i>-0.0134296 0.997193 -0.0736669 -0.999908 -0.0132501 0.00292444 0.00194013 0.0736994 0.997279 0.52 1.44627 -0.266009</i>
                        <i>-0.013432 0.997032 -0.0758123 -0.999908 -0.0132453 0.00296401 0.00195105 0.0758452 0.997118 0.52 1.44713 -0.266365</i>
                        <i>-0.0134364 0.996794 -0.078872 -0.999908 -0.0132397 0.00301642 0.00196251 0.0789052 0.99688 0.52 1.44791 -0.266835</i>
                        <i>-0.0134421 0.996482 -0.082716 -0.999908 -0.0132328 0.00307848 0.00197309 0.0827497 0.996568 0.52 1.4486 -0.26739</i>
                        <i>-0.0134485 0.996099 -0.0872164 -0.999908 -0.0132244 0.00314699 0.00198133 0.0872507 0.996184 0.52 1.44918 -0.268001</i>
                        <i>-0.0134547 0.995645 -0.0922486 -0.999907 -0.0132141 0.0032187 0.0019857 0.0922834 0.995731 0.52 1.44967 -0.268641</i>
                        <i>-0.01346 0.995126 -0.0976916 -0.999907 -0.0132016 0.00329034 0.00198462 0.0977269 0.995211 0.52 1.45004 -0.269283</i>
                        <i>-0.0134634 0.994543 -0.103451 -0.999907 -0.0131866 0.00335861 0.00197611 0.103487 0.994629 0.52 1.45004 -0.269898</i>
                        <i>-0.0134644 0.993913 -0.109341 -0.999907 -0.0131693 0.00342032 0.00195956 0.109377 0.993998 0.52 1.44941 -0.27046</i>
                        <i>-0.0134627 0.993286 -0.114897 -0.999907 -0.0131508 0.00347254 0.00193824 0.114933 0.993371 0.52 1.44823 -0.270944</i>
                        <i>-0.0134585 0.992715 -0.119729 -0.999908 -0.0131324 0.00351239 0.00191447 0.119765 0.9928 0.52 1.44655 -0.271321</i>
                        <i>-0.0134522 0.99223 -0.123689 -0.999908 -0.0131154 0.00353698 0.00188728 0.123725 0.992315 0.52 1.44445 -0.271567</i>
                        <i>-0.0134451 0.991878 -0.126482 -0.999908 -0.013102 0.00354382 0.00185786 0.126518 0.991963 0.52 1.44198 -0.271655</i>
                        <i>-0.0134384 0.991691 -0.12794 -0.999908 -0.0130941 0.00353177 0.00182717 0.127976 0.991776 0.52 1.43919 -0.271572</i>
                        <i>-0.0134324 0.991665 -0.128142 -0.999908 -0.0130914 0.00350346 0.0017967 0.128177 0.99175 0.52 1.43612 -0.271339</i>
                        <i>-0.0134278 0.99179 -0.12717 -0.999908 -0.0130938 0.00346193 0.00176837 0.127205 0.991875 0.52 1.43278 -0.270981</i>
                        <i>-0.0134247 0.992052 -0.125109 -0.999908 -0.013101 0.0034102 0.00174404 0.125143 0.992137 0.52 1.42921 -0.270525</i>
                        <i>-0.0134236 0.992434 -0.122041 -0.999908 -0.0131126 0.00335121 0.00172558 0.122075 0.992519 0.52 1.43134 -0.269996</i>
                        <i>-0.0134245 0.992917 -0.118052 -0.999908 -0.0131281 0.00328791 0.00171481 0.118086 0.993002 0.52 1.43349 -0.269419</i>
                        <i>-0.0134272 0.99347 -0.1133 -0.999908 -0.0131466 0.00322305 0.00171249 0.113333 0.993556 0.52 1.43561 -0.268821</i>
                        <i>-0.0134308 0.994058 -0.108023 -0.999908 -0.0131665 0.00315929 0.00171823 0.108055 0.994143 0.52 1.43769 -0.268227</i>
                        <i>-0.0134349 0.99465 -0.102424 -0.999908 -0.0131868 0.0030994 0.00173218 0.102456 0.994736 0.52 1.4397 -0.267665</i>
                        <i>-0.0134391 0.995222 -0.0967087 -0.999908 -0.0132063 0.00304618 0.00175446 0.0967407 0.995308 0.52 1.44161 -0.267162</i>
                        <i>-0.0134429 0.995753 -0.0910828 -0.999908 -0.0132244 0.0030025 0.00178524 0.0911147 0.995839 0.52 1.44339 -0.266744</i>
                        <i>-0.0134463 0.996226 -0.0857515 -0.999908 -0.0132403 0.00297128 0.00182469 0.0857835 0.996312 0.52 1.44501 -0.266439</i>
                        <i>-0.0134492 0.99663 -0.0809199 -0.999908 -0.0132535 0.00295547 0.00187304 0.0809522 0.996716 0.52 1.44645 -0.266275</i>
                        <i>-0.0134515 0.996956 -0.0767931 -0.999908 -0.0132635 0.00295805 0.00193051 0.0768258 0.997043 0.52 1.44769 -0.266278</i>
                        <i>-0.0134535 0.997223 -0.0732546 -0.999907 -0.0132709 0.00297817 0.00199774 0.0732879 0.997309 0.52 1.44871 -0.266439</i>
                        <i>-0.0134558 0.997438 -0.0702589 -0.999907 -0.013277 0.00301179 0.00207125 0.0702929 0.997524 0.52 1.44953 -0.266721</i>
                        <i>-0.0134591 0.997586 -0.0681238 -0.999907 -0.0132816 0.00305722 0.00214504 0.0681586 0.997672 0.52 1.45015 -0.267107</i>
                        <i>-0.0134641 0.99765 -0.0671762 -0.999907 -0.0132849 0.00311267 0.00221292 0.0672118 0.997736 0.52 1.45056 -0.267581</i>
                        <i>-0.0134713 0.997612 -0.0677464 -0.999907 -0.0132866 0.00317631 0.0022686 0.0677829 0.997698 0.52 1.45076 -0.268126</i>
                        <i>-0.0134813 0.997445 -0.0701584 -0.999906 -0.0132862 0.00324627 0.00230584 0.0701956 0.997531 0.52 1.45076 -0.268727</i>
                        <i>-0.0134933 0.997179 -0.0738399 -0.999906 -0.0132843 0.00332086 0.00233058 0.0738778 0.997265 0.52 1.45055 -0.269367</i>
                        <i>-0.0135061 0.996869 -0.0779034 -0.999906 -0.0132816 0.00339849 0.00235316 0.077942 0.996955 0.52 1.45013 -0.27003</i>
                        <i>-0.0135196 0.996525 -0.0821892 -0.999906 -0.0132787 0.00347743 0.00237399 0.0822285 0.996611 0.52 1.44949 -0.270702</i>
                        <i>-0.0135337 0.996157 -0.0865392 -0.999906 -0.0132757 0.00355596 0.00239343 0.0865792 0.996242 0.52 1.44864 -0.271365</i>
                        <i>-0.0135476 0.995764 -0.0909374 -0.999905 -0.0132723 0.0036321 0.00240977 0.090978 0.99585 0.52 1.44747 -0.272006</i>
                        <i>-0.0135607 0.99535 -0.0953641 -0.999905 -0.0132679 0.00370384 0.00242134 0.0954053 0.995436 0.52 1.4459 -0.272608</i>
                        <i>-0.0135728 0.994929 -0.0996589 -0.999905 -0.0132631 0.00376945 0.00242854 0.0997005 0.995015 0.52 1.444 -0.273158</i>
                        <i>-0.0135839 0.99452 -0.103664 -0.999905 -0.0132585 0.00382718 0.00243178 0.103706 0.994605 0.52 1.44182 -0.273641</i>
                        <i>-0.0135939 0.994142 -0.107222 -0.999905 -0.0132547 0.00387532 0.00243143 0.107264 0.994228 0.52 1.43944 -0.274041</i>
                        <i>-0.0136029 0.993818 -0.110181 -0.999905 -0.0132524 0.00391218 0.00242784 0.110223 0.993904 0.52 1.43691 -0.274345</i>
                        <i>-0.0136102 0.993559 -0.112492 -0.999904 -0.0132515 0.00393582 0.00241978 0.112535 0.993645 0.52 1.4343 -0.274538</i>
                        <i>-0.013615 0.993369 -0.11416 -0.999904 -0.0132513 0.00394416 0.00240524 0.114203 0.993455 0.52 1.43166 -0.274606</i>
                        <i>-0.0136154 0.993288 -0.114862 -0.999904 -0.0132515 0.00393081 0.00238233 0.114904 0.993374 0.52 1.42909 -0.274498</i>
                        <i>-0.0136102 0.993337 -0.114436 -0.999905 -0.0132517 0.00389299 0.00235059 0.114478 0.993423 0.52 1.42665 -0.274192</i>
                        <i>-0.0135997 0.993489 -0.113114 -0.999905 -0.013251 0.00383408 0.00231024 0.113156 0.993575 0.52 1.42808 -0.273715</i>
                        <i>-0.0135844 0.993714 -0.111121 -0.999905 -0.0132489 0.00375754 0.00226169 0.111162 0.9938 0.52 1.42958 -0.273094</i>
                        <i>-0.0135664 0.994016 -0.108392 -0.999906 -0.0132468 0.00366744 0.00220964 0.108431 0.994101 0.52 1.43114 -0.272356</i>
                        <i>-0.0135478 0.994398 -0.104831 -0.999906 -0.0132467 0.00356785 0.0021592 0.104869 0.994484 0.52 1.43274 -0.271529</i>
                        <i>-0.0135293 0.994833 -0.100621 -0.999906 -0.0132481 0.00346215 0.00211123 0.100658 0.994919 0.52 1.43435 -0.27064</i>
                        <i>-0.0135113 0.995294 -0.0959529 -0.999907 -0.0132506 0.00335371 0.0020665 0.0959892 0.99538 0.52 1.43595 -0.269718</i>
                        <i>-0.0134942 0.995757 -0.0910268 -0.999907 -0.0132537 0.00324581 0.0020256 0.0910621 0.995843 0.52 1.43754 -0.268791</i>
                        <i>-0.0134783 0.9962 -0.0860493 -0.999907 -0.0132571 0.00314174 0.00198903 0.0860836 0.996286 0.52 1.43908 -0.267889</i>
                        <i>-0.013464 0.996604 -0.0812327 -0.999907 -0.0132605 0.00304474 0.00195722 0.0812662 0.996691 0.52 1.44057 -0.267041</i>
                        <i>-0.0134515 0.996956 -0.0767931 -0.999908 -0.0132635 0.00295805 0.00193051 0.0768258 0.997043 0.52 1.44197 -0.266278</i>
                    </KeyFrames>
                </p>
            </i>
            <i>
                <p>
                    <Name><![CDATA[spine1]]></Name>
                    <Exclude>0</Exclude>
                    <Additive>0</Additive>
                    <IKPriority>0</IKPriority>
                    <IKRotLimits>-1e+010 -1e+010 -1e+010 1e+010 1e+010 1e+010</IKRotLimits>
                    <IKRotLimitOrder>0</IKRotLimitOrder>
                    <KeyFrames count="61">
                        <i>-0.0304574 0.959767 0.279142 -0.999468 -0.0324962 0.00267815 0.0116414 -0.278912 0.960246 0.517555 1.62314 -0.280295</i>
                        <i>-0.0304826 0.959421 0.280326 -0.999467 -0.0325248 0.00263481 0.0116455 -0.280097 0.959901 0.517561 1.62408 -0.279389</i>
                        <i>-0.0304893 0.959021 0.28169 -0.999467 -0.032543 0.00261419 0.0116741 -0.28146 0.959502 0.517565 1.62506 -0.278976</i>
                        <i>-0.0304803 0.958609 0.28309 -0.999467 -0.0325514 0.00261381 0.0117206 -0.28286 0.95909 0.517566 1.62604 -0.279004</i>
                        <i>-0.0304589 0.958228 0.28438 -0.999467 -0.0325506 0.00263127 0.0117781 -0.284148 0.958708 0.517565 1.62703 -0.279422</i>
                        <i>-0.0304278 0.957923 0.285409 -0.999467 -0.0325412 0.00266426 0.0118397 -0.285176 0.958402 0.517563 1.628 -0.280179</i>
                        <i>-0.03039 0.957739 0.286029 -0.999467 -0.0325235 0.00271043 0.0118986 -0.285794 0.958217 0.51756 1.62893 -0.28122</i>
                        <i>-0.0303484 0.957722 0.28609 -0.999468 -0.032498 0.00276746 0.0119478 -0.285854 0.958199 0.517555 1.62981 -0.282496</i>
                        <i>-0.0303061 0.957916 0.285446 -0.999469 -0.032465 0.00283292 0.0119807 -0.285208 0.958391 0.51755 1.63062 -0.283953</i>
                        <i>-0.0302661 0.958361 0.283951 -0.99947 -0.0324249 0.00290434 0.0119905 -0.283712 0.958834 0.517545 1.63134 -0.285541</i>
                        <i>-0.0302313 0.959096 0.281461 -0.999471 -0.0323782 0.00297916 0.0119705 -0.281223 0.959568 0.517539 1.63195 -0.287209</i>
                        <i>-0.0302051 0.960173 0.277768 -0.999473 -0.0323252 0.00305501 0.0119122 -0.27753 0.960643 0.517534 1.63215 -0.288912</i>
                        <i>-0.0301889 0.961553 0.272956 -0.999474 -0.0322675 0.00312819 0.0118155 -0.272718 0.962022 0.51753 1.6317 -0.290587</i>
                        <i>-0.0301829 0.963106 0.267425 -0.999476 -0.0322102 0.00319617 0.0116921 -0.267189 0.963573 0.517527 1.63064 -0.292119</i>
                        <i>-0.0301871 0.964718 0.261548 -0.999478 -0.0321575 0.00325574 0.0115516 -0.261313 0.965185 0.517526 1.62904 -0.293406</i>
                        <i>-0.0302019 0.966319 0.25557 -0.999479 -0.0321115 0.0033014 0.0113969 -0.255337 0.966785 0.517526 1.62694 -0.294392</i>
                        <i>-0.0302257 0.967764 0.25004 -0.99948 -0.0320759 0.00332709 0.0112401 -0.249809 0.96823 0.517527 1.62443 -0.294997</i>
                        <i>-0.0302573 0.968967 0.245332 -0.999481 -0.032053 0.00332931 0.0110896 -0.245103 0.969433 0.517528 1.62156 -0.295176</i>
                        <i>-0.0302946 0.969912 0.241564 -0.999481 -0.0320427 0.00331057 0.0109513 -0.241338 0.970379 0.517531 1.61838 -0.294967</i>
                        <i>-0.0303351 0.970577 0.238874 -0.999481 -0.0320443 0.0032739 0.0108321 -0.23865 0.971045 0.517534 1.61493 -0.294411</i>
                        <i>-0.0303764 0.970937 0.237401 -0.999481 -0.0320573 0.00322226 0.010739 -0.23718 0.971406 0.517537 1.61123 -0.293553</i>
                        <i>-0.0304156 0.970964 0.237285 -0.99948 -0.0320808 0.00315854 0.0106791 -0.237066 0.971435 0.51754 1.61322 -0.292435</i>
                        <i>-0.0304502 0.970624 0.238667 -0.999479 -0.0321141 0.00308556 0.0106595 -0.238449 0.971097 0.517542 1.61524 -0.2911</i>
                        <i>-0.0304784 0.969931 0.241465 -0.999478 -0.0321554 0.003007 0.010681 -0.241247 0.970405 0.517545 1.61726 -0.289606</i>
                        <i>-0.0305 0.968953 0.245355 -0.999477 -0.0322021 0.00292754 0.0107376 -0.245138 0.969429 0.517547 1.61924 -0.288024</i>
                        <i>-0.0305144 0.967735 0.250116 -0.999476 -0.0322522 0.00285151 0.0108263 -0.249898 0.968212 0.517549 1.62115 -0.286417</i>
                        <i>-0.0305207 0.966321 0.255524 -0.999474 -0.0323038 0.00278328 0.010944 -0.255305 0.966799 0.517551 1.62297 -0.284851</i>
                        <i>-0.0305186 0.96476 0.261356 -0.999473 -0.0323555 0.00272731 0.0110875 -0.261135 0.965239 0.517552 1.62467 -0.283391</i>
                        <i>-0.0305074 0.963106 0.267386 -0.999471 -0.0324056 0.0026881 0.0112537 -0.267163 0.963586 0.517554 1.62624 -0.282102</i>
                        <i>-0.0304871 0.96142 0.27339 -0.99947 -0.032453 0.00267018 0.0114395 -0.273164 0.9619 0.517555 1.62764 -0.281049</i>
                        <i>-0.0304574 0.959767 0.279142 -0.999468 -0.0324962 0.00267815 0.0116414 -0.278912 0.960246 0.517555 1.62885 -0.280295</i>
                        <i>-0.0304198 0.958186 0.284523 -0.999467 -0.0325358 0.00271274 0.0118565 -0.284289 0.958665 0.517556 1.62988 -0.27981</i>
                        <i>-0.0303764 0.9567 0.289486 -0.999466 -0.0325716 0.00276728 0.0120765 -0.289247 0.957178 0.517555 1.63073 -0.279546</i>
                        <i>-0.030328 0.955351 0.293913 -0.999464 -0.0326007 0.00283509 0.0122903 -0.29367 0.955828 0.517554 1.63141 -0.279547</i>
                        <i>-0.0302754 0.954181 0.297694 -0.999464 -0.0326198 0.00290932 0.0124868 -0.297447 0.954657 0.517552 1.63193 -0.279856</i>
                        <i>-0.0302193 0.953232 0.300727 -0.999463 -0.032626 0.00298309 0.0126551 -0.300475 0.953706 0.517548 1.63231 -0.280519</i>
                        <i>-0.0301605 0.952543 0.302907 -0.999463 -0.0326159 0.00304966 0.0127845 -0.302652 0.953015 0.517543 1.63255 -0.281579</i>
                        <i>-0.0300995 0.952039 0.304493 -0.999464 -0.0325942 0.00311177 0.0128872 -0.304236 0.95251 0.517536 1.63263 -0.282917</i>
                        <i>-0.0300368 0.951599 0.305872 -0.999464 -0.0325683 0.00317538 0.0129834 -0.305613 0.952067 0.517529 1.63251 -0.284354</i>
                        <i>-0.0299727 0.951195 0.307133 -0.999465 -0.0325395 0.00323883 0.0130747 -0.306871 0.951661 0.517521 1.63221 -0.285844</i>
                        <i>-0.029908 0.950799 0.308362 -0.999466 -0.0325092 0.00330043 0.0131627 -0.308099 0.951263 0.517513 1.6317 -0.287343</i>
                        <i>-0.0298464 0.950518 0.309231 -0.999467 -0.0324765 0.00336028 0.0132368 -0.308966 0.950981 0.517505 1.63087 -0.288832</i>
                        <i>-0.0297915 0.950452 0.309441 -0.999468 -0.0324408 0.00341823 0.0132874 -0.309175 0.950912 0.517497 1.62963 -0.290291</i>
                        <i>-0.0297438 0.950554 0.309131 -0.999469 -0.0324036 0.00347215 0.0133174 -0.308863 0.951013 0.517489 1.62803 -0.291675</i>
                        <i>-0.0297036 0.950781 0.308438 -0.99947 -0.0323666 0.00351987 0.0133297 -0.308169 0.951238 0.517482 1.62614 -0.292938</i>
                        <i>-0.0296713 0.951085 0.307501 -0.999471 -0.0323316 0.00355919 0.0133271 -0.307233 0.951541 0.517476 1.62402 -0.294035</i>
                        <i>-0.0296473 0.951423 0.306456 -0.999472 -0.0323002 0.00358794 0.0133123 -0.306188 0.951878 0.51747 1.62171 -0.294922</i>
                        <i>-0.0296336 0.951817 0.305231 -0.999473 -0.0322732 0.00360444 0.0132815 -0.304963 0.952272 0.517466 1.61927 -0.295572</i>
                        <i>-0.0296331 0.952323 0.30365 -0.999473 -0.0322504 0.00360729 0.0132282 -0.303383 0.952777 0.517463 1.61675 -0.295968</i>
                        <i>-0.0296523 0.953 0.301516 -0.999474 -0.032235 0.00359259 0.0131431 -0.301251 0.953454 0.517462 1.61419 -0.295994</i>
                        <i>-0.0296948 0.953888 0.298691 -0.999474 -0.0322285 0.0035595 0.0130217 -0.298428 0.954343 0.517465 1.61164 -0.295593</i>
                        <i>-0.0297582 0.955008 0.295082 -0.999474 -0.0322288 0.00351146 0.0128636 -0.294823 0.955465 0.517471 1.61283 -0.294839</i>
                        <i>-0.0298404 0.956381 0.290594 -0.999474 -0.0322339 0.00345202 0.0126684 -0.290338 0.95684 0.517479 1.614 -0.293803</i>
                        <i>-0.029933 0.957772 0.285967 -0.999474 -0.0322459 0.0033813 0.0124598 -0.285716 0.958233 0.517488 1.61516 -0.292507</i>
                        <i>-0.0300271 0.958925 0.282066 -0.999474 -0.0322671 0.00329871 0.0122647 -0.281819 0.959389 0.517498 1.61633 -0.290965</i>
                        <i>-0.0301196 0.959825 0.278977 -0.999473 -0.0322958 0.00320668 0.0120876 -0.278733 0.960292 0.517509 1.6175 -0.289242</i>
                        <i>-0.0302077 0.960455 0.276793 -0.999472 -0.0323304 0.00310744 0.0119334 -0.276553 0.960925 0.517519 1.61866 -0.287406</i>
                        <i>-0.0302883 0.960792 0.275612 -0.999471 -0.0323691 0.00300307 0.0118066 -0.275375 0.961264 0.51753 1.61982 -0.285525</i>
                        <i>-0.0303587 0.960811 0.275537 -0.99947 -0.0324106 0.0028955 0.0117124 -0.275303 0.961286 0.517539 1.62095 -0.283666</i>
                        <i>-0.030416 0.960481 0.276677 -0.999469 -0.0324534 0.00278658 0.0116556 -0.276446 0.960959 0.517548 1.62206 -0.281899</i>
                        <i>-0.0304574 0.959767 0.279142 -0.999468 -0.0324962 0.00267815 0.0116414 -0.278912 0.960246 0.517555 1.62314 -0.280295</i>
                    </KeyFrames>
                </p>
            </i>
            <i>
                <p>
                    <Name><![CDATA[spine2]]></Name>
                    <Exclude>0</Exclude>
                    <Additive>0</Additive>
                    <IKPriority>0</IKPriority>
                    <IKRotLimits>-1e+010 -1e+010 -1e+010 1e+010 1e+010 1e+010</IKRotLimits>
                    <IKRotLimitOrder>0</IKRotLimitOrder>
                    <KeyFrames count="61">
                        <i>-0.0282497 0.871076 0.490335 -0.999503 -0.0314763 -0.00166708 0.0139818 -0.490138 0.871533 0.512467 1.78344 -0.233452</i>
                        <i>-0.0282865 0.871735 0.48916 -0.999502 -0.031503 -0.00165613 0.0139663 -0.488963 0.872193 0.512477 1.78408 -0.232426</i>
                        <i>-0.0282878 0.871488 0.489601 -0.999502 -0.0315119 -0.00165732 0.0139839 -0.489404 0.871945 0.512483 1.78484 -0.231829</i>
                        <i>-0.0282596 0.870503 0.491351 -0.999502 -0.0315056 -0.00166861 0.0140278 -0.491154 0.87096 0.512488 1.78572 -0.231637</i>
                        <i>-0.0282081 0.868949 0.494096 -0.999503 -0.0314864 -0.00168779 0.0140907 -0.493898 0.869406 0.512489 1.78668 -0.231828</i>
                        <i>-0.0281389 0.866997 0.497518 -0.999504 -0.0314568 -0.00171256 0.0141656 -0.49732 0.867452 0.512489 1.78771 -0.232376</i>
                        <i>-0.0280583 0.864818 0.5013 -0.999505 -0.0314192 -0.00174062 0.0142451 -0.501101 0.865272 0.512486 1.78878 -0.233259</i>
                        <i>-0.0279724 0.862591 0.505128 -0.999506 -0.031376 -0.00176971 0.0143223 -0.504928 0.863043 0.512482 1.78988 -0.234453</i>
                        <i>-0.0278873 0.860496 0.508693 -0.999507 -0.0313297 -0.00179771 0.0143903 -0.508493 0.860946 0.512476 1.79097 -0.235937</i>
                        <i>-0.0278095 0.858717 0.511695 -0.999509 -0.031283 -0.0018226 0.0144423 -0.511495 0.859165 0.512468 1.79204 -0.237687</i>
                        <i>-0.0277454 0.857438 0.513839 -0.99951 -0.0312384 -0.0018425 0.0144717 -0.513638 0.857885 0.512459 1.79306 -0.239683</i>
                        <i>-0.0277026 0.856892 0.514752 -0.999511 -0.0311989 -0.00185511 0.0144701 -0.514552 0.857337 0.51245 1.79372 -0.24192</i>
                        <i>-0.0276832 0.8571 0.514405 -0.999512 -0.0311663 -0.00186048 0.0144375 -0.514206 0.857545 0.512441 1.79376 -0.244327</i>
                        <i>-0.0276904 0.858153 0.512647 -0.999513 -0.031143 -0.00185607 0.0143726 -0.512449 0.858597 0.512432 1.79318 -0.246728</i>
                        <i>-0.0277256 0.860058 0.509443 -0.999514 -0.0311309 -0.00184069 0.0142763 -0.509246 0.860502 0.512424 1.79201 -0.248962</i>
                        <i>-0.0277835 0.862563 0.505186 -0.999514 -0.03113 -0.00181793 0.0141584 -0.504991 0.863009 0.512419 1.79027 -0.250935</i>
                        <i>-0.0278549 0.865275 0.500522 -0.999513 -0.0311394 -0.00179258 0.0140349 -0.500329 0.865722 0.512415 1.78803 -0.252468</i>
                        <i>-0.0279329 0.867912 0.495932 -0.999513 -0.0311581 -0.00176806 0.0139178 -0.49574 0.868359 0.512412 1.78534 -0.253454</i>
                        <i>-0.0280133 0.870362 0.491614 -0.999512 -0.0311842 -0.00174533 0.0138115 -0.491423 0.870811 0.512411 1.78223 -0.253906</i>
                        <i>-0.0280914 0.872515 0.487778 -0.999511 -0.0312156 -0.00172528 0.013721 -0.487588 0.872966 0.512411 1.77876 -0.25384</i>
                        <i>-0.0281629 0.874261 0.484638 -0.99951 -0.0312503 -0.00170887 0.0136511 -0.484449 0.874713 0.512412 1.77496 -0.253273</i>
                        <i>-0.0282232 0.87549 0.482412 -0.999509 -0.031286 -0.00169716 0.0136069 -0.482223 0.875943 0.512414 1.77679 -0.252222</i>
                        <i>-0.0282677 0.876091 0.481317 -0.999508 -0.0313207 -0.00169126 0.0135935 -0.481128 0.876545 0.512417 1.77856 -0.250705</i>
                        <i>-0.028296 0.876094 0.48131 -0.999507 -0.0313532 -0.00169059 0.0136095 -0.48112 0.876549 0.512421 1.78027 -0.248791</i>
                        <i>-0.0283117 0.875683 0.482056 -0.999506 -0.0313832 -0.0016927 0.0136462 -0.481866 0.876139 0.512425 1.78189 -0.246606</i>
                        <i>-0.0283166 0.874973 0.483342 -0.999505 -0.03141 -0.00169586 0.013698 -0.483151 0.87543 0.51243 1.78342 -0.24425</i>
                        <i>-0.0283128 0.874082 0.484953 -0.999504 -0.0314331 -0.00169837 0.0137591 -0.48476 0.874539 0.512437 1.78483 -0.241825</i>
                        <i>-0.028302 0.873126 0.486672 -0.999504 -0.0314518 -0.00169849 0.0138237 -0.486479 0.873583 0.512444 1.78612 -0.239432</i>
                        <i>-0.0282866 0.872225 0.488286 -0.999503 -0.0314657 -0.00169447 0.0138863 -0.488092 0.872682 0.512451 1.78728 -0.237172</i>
                        <i>-0.0282684 0.871501 0.489579 -0.999503 -0.031474 -0.00168458 0.0139409 -0.489383 0.871957 0.512459 1.78829 -0.235146</i>
                        <i>-0.0282497 0.871076 0.490335 -0.999503 -0.0314763 -0.00166708 0.0139818 -0.490138 0.871533 0.512467 1.78916 -0.233452</i>
                        <i>-0.0282368 0.871174 0.490162 -0.999503 -0.0314743 -0.00163862 0.014 -0.489965 0.87163 0.512475 1.78987 -0.232081</i>
                        <i>-0.0282278 0.871649 0.489317 -0.999503 -0.0314685 -0.00160286 0.014001 -0.489119 0.872105 0.512483 1.79046 -0.230992</i>
                        <i>-0.0282128 0.872076 0.488556 -0.999504 -0.0314565 -0.00156861 0.0140003 -0.488358 0.872531 0.512489 1.79095 -0.230242</i>
                        <i>-0.0281816 0.872032 0.488637 -0.999505 -0.0314357 -0.00154457 0.0140137 -0.488438 0.872486 0.512492 1.79136 -0.22989</i>
                        <i>-0.0281243 0.871091 0.490315 -0.999506 -0.0314039 -0.00153924 0.014057 -0.490116 0.871544 0.512493 1.79173 -0.229994</i>
                        <i>-0.0280304 0.868819 0.494335 -0.999507 -0.0313587 -0.00156083 0.0141456 -0.494135 0.86927 0.51249 1.79209 -0.23061</i>
                        <i>-0.0279105 0.865601 0.499956 -0.999509 -0.0313038 -0.00160046 0.0142652 -0.499755 0.866049 0.512485 1.79237 -0.231582</i>
                        <i>-0.0277828 0.862134 0.505919 -0.99951 -0.0312454 -0.00164354 0.0143907 -0.505717 0.86258 0.512478 1.7925 -0.232677</i>
                        <i>-0.0276485 0.858435 0.512177 -0.999512 -0.0311843 -0.00168939 0.0145217 -0.511974 0.858878 0.51247 1.79246 -0.233838</i>
                        <i>-0.0275087 0.854521 0.518687 -0.999514 -0.0311217 -0.00173742 0.0146578 -0.518483 0.854962 0.512462 1.79224 -0.235007</i>
                        <i>-0.0273731 0.850712 0.524919 -0.999516 -0.0310604 -0.00178393 0.0147866 -0.524713 0.851151 0.512453 1.79172 -0.236226</i>
                        <i>-0.0272508 0.847315 0.53039 -0.999518 -0.031003 -0.00182567 0.0148968 -0.530184 0.847752 0.512443 1.79081 -0.237527</i>
                        <i>-0.0271426 0.844334 0.53513 -0.999519 -0.0309506 -0.00186281 0.0149898 -0.534923 0.844768 0.512433 1.78957 -0.238847</i>
                        <i>-0.0270491 0.841765 0.539166 -0.999521 -0.0309042 -0.00189549 0.015067 -0.538958 0.842197 0.512423 1.78803 -0.24012</i>
                        <i>-0.026971 0.839607 0.542524 -0.999522 -0.0308648 -0.00192391 0.0151296 -0.542317 0.840038 0.512413 1.78624 -0.241279</i>
                        <i>-0.0269089 0.837856 0.545228 -0.999523 -0.0308333 -0.00194821 0.0151789 -0.545021 0.838285 0.512404 1.78424 -0.242259</i>
                        <i>-0.0268667 0.836618 0.547128 -0.999523 -0.0308113 -0.00196767 0.0152116 -0.54692 0.837047 0.512396 1.78206 -0.243052</i>
                        <i>-0.0268496 0.836055 0.547988 -0.999524 -0.0308008 -0.00198114 0.0152222 -0.54778 0.836484 0.512389 1.77976 -0.243674</i>
                        <i>-0.0268743 0.836682 0.547029 -0.999523 -0.0308083 -0.00198295 0.015194 -0.546822 0.837111 0.512384 1.77734 -0.244057</i>
                        <i>-0.0269506 0.838828 0.543728 -0.999523 -0.0308372 -0.00196894 0.0151155 -0.543522 0.839259 0.512383 1.77483 -0.244177</i>
                        <i>-0.0270738 0.842371 0.538218 -0.999521 -0.0308851 -0.00193991 0.0149888 -0.538013 0.842804 0.512385 1.776 -0.244115</i>
                        <i>-0.0272388 0.847175 0.530616 -0.999519 -0.0309492 -0.00189643 0.0148155 -0.530412 0.84761 0.512389 1.77708 -0.243953</i>
                        <i>-0.0274239 0.8525 0.522008 -0.999517 -0.0310234 -0.00184527 0.0146214 -0.521806 0.852939 0.512395 1.77809 -0.243573</i>
                        <i>-0.0276061 0.857557 0.513647 -0.999515 -0.0311011 -0.00179453 0.0144361 -0.513447 0.858 0.512402 1.77902 -0.242833</i>
                        <i>-0.0277783 0.862143 0.505903 -0.999512 -0.0311793 -0.00174687 0.0142677 -0.505705 0.862588 0.512412 1.77989 -0.241778</i>
                        <i>-0.0279335 0.866058 0.499163 -0.99951 -0.031255 -0.00170528 0.0141245 -0.498966 0.866506 0.512422 1.7807 -0.240456</i>
                        <i>-0.0280651 0.869108 0.493826 -0.999508 -0.0313254 -0.00167298 0.0140153 -0.49363 0.869559 0.512433 1.78146 -0.238913</i>
                        <i>-0.0281662 0.871098 0.4903 -0.999506 -0.0313876 -0.00165345 0.013949 -0.490105 0.871552 0.512444 1.78217 -0.237198</i>
                        <i>-0.0282302 0.871827 0.489 -0.999504 -0.0314388 -0.00165027 0.0139348 -0.488804 0.872283 0.512455 1.78283 -0.235362</i>
                        <i>-0.0282497 0.871076 0.490335 -0.999503 -0.0314763 -0.00166708 0.0139818 -0.490138 0.871533 0.512467 1.78344 -0.233452</i>
                    </KeyFrames>
                </p>
            </i>
            <i>
                <p>
                    <Name><![CDATA[head]]></Name>
                    <Exclude>0</Exclude>
                    <Additive>0</Additive>
                    <IKPriority>0</IKPriority>
                    <IKRotLimits>-1e+010 -1e+010 -1e+010 1e+010 1e+010 1e+010</IKRotLimits>
                    <IKRotLimitOrder>0</IKRotLimitOrder>
                    <KeyFrames count="61">
                        <i>-0.0249957 0.980112 0.196866 -0.00501903 0.196802 -0.98043 -0.999675 -0.0254946 1.34613e-011 0.50562 2.01951 -0.115663</i>
                        <i>-0.0250518 0.982313 0.185565 -0.00473091 0.185504 -0.982632 -0.999675 -0.0254946 -1.04492e-010 0.505627 2.0202 -0.115219</i>
                        <i>-0.0250756 0.983243 0.180568 -0.00460351 0.180509 -0.983562 -0.999675 -0.0254946 1.05896e-010 0.505636 2.02084 -0.114639</i>
                        <i>-0.0250733 0.983155 0.181047 -0.00461571 0.180988 -0.983475 -0.999675 -0.0254946 6.77316e-010 0.505648 2.02144 -0.113995</i>
                        <i>-0.025049 0.982201 0.186153 -0.00474591 0.186093 -0.982521 -0.999675 -0.0254946 -2.27627e-010 0.505661 2.02201 -0.113361</i>
                        <i>-0.0250051 0.980479 0.195029 -0.0049722 0.194966 -0.980797 -0.999675 -0.0254946 -3.57819e-010 0.505675 2.02257 -0.112813</i>
                        <i>-0.0249435 0.978063 0.206811 -0.00527257 0.206744 -0.978381 -0.999675 -0.0254946 4.46998e-010 0.505688 2.02313 -0.112424</i>
                        <i>-0.0248663 0.975039 0.220635 -0.00562501 0.220563 -0.975356 -0.999675 -0.0254946 -1.02629e-010 0.5057 2.02371 -0.112269</i>
                        <i>-0.0247767 0.971524 0.235642 -0.00600761 0.235566 -0.97184 -0.999675 -0.0254946 1.31717e-010 0.505709 2.02432 -0.11242</i>
                        <i>-0.0246786 0.967677 0.250982 -0.00639869 0.2509 -0.967992 -0.999675 -0.0254946 -1.78854e-010 0.505715 2.02499 -0.112952</i>
                        <i>-0.0245774 0.963711 0.265815 -0.00677685 0.265729 -0.964024 -0.999675 -0.0254946 -3.90864e-010 0.505717 2.02572 -0.113938</i>
                        <i>-0.0244806 0.959914 0.279223 -0.00711868 0.279132 -0.960226 -0.999675 -0.0254946 -1.64744e-011 0.505713 2.02627 -0.115489</i>
                        <i>-0.0243936 0.956503 0.2907 -0.00741128 0.290605 -0.956814 -0.999675 -0.0254946 -1.32423e-010 0.505704 2.02638 -0.117556</i>
                        <i>-0.0243258 0.953844 0.299316 -0.00763096 0.299219 -0.954154 -0.999675 -0.0254946 1.28881e-010 0.50569 2.02608 -0.120057</i>
                        <i>-0.0242849 0.952239 0.304388 -0.00776025 0.304289 -0.952548 -0.999675 -0.0254946 6.29827e-010 0.505671 2.02538 -0.122879</i>
                        <i>-0.0242712 0.951702 0.306063 -0.00780297 0.305964 -0.952011 -0.999675 -0.0254946 -3.21786e-010 0.50565 2.02428 -0.12581</i>
