<?xml version="1.0" encoding="ISO-8859-1" ?>
<Animl Version="1">
    <ModellingPackage><![CDATA[Maya.2010]]></ModellingPackage>
    <SrcFile><![CDATA[anims\vehicles\blue\~src\land\car_jeep\car_jeep_idle_crewman_c.mb]]></SrcFile>
    <FramesPerSecond>30</FramesPerSecond>
    <TotalFrames>61</TotalFrames>
    <Skeleton>
        <RefFrame>
            <Name><![CDATA[soldier_ref_frame]]></Name>
            <Exclude>0</Exclude>
            <Additive>0</Additive>
            <IKPriority>0</IKPriority>
            <IKRotLimits>-1e+010 -1e+010 -1e+010 1e+010 1e+010 1e+010</IKRotLimits>
            <IKRotLimitOrder>0</IKRotLimitOrder>
            <KeyFrames count="61">
                <i>1 0 0 0 1 0 0 0 1 -0.19 0.74 -0.99</i>
                <i>1 0 0 0 1 0 0 0 1 -0.19 0.74 -0.99</i>
                <i>1 0 0 0 1 0 0 0 1 -0.19 0.74 -0.99</i>
                <i>1 0 0 0 1 0 0 0 1 -0.19 0.74 -0.99</i>
                <i>1 0 0 0 1 0 0 0 1 -0.19 0.74 -0.99</i>
                <i>1 0 0 0 1 0 0 0 1 -0.19 0.74 -0.99</i>
                <i>1 0 0 0 1 0 0 0 1 -0.19 0.74 -0.99</i>
                <i>1 0 0 0 1 0 0 0 1 -0.19 0.74 -0.99</i>
                <i>1 0 0 0 1 0 0 0 1 -0.19 0.74 -0.99</i>
                <i>1 0 0 0 1 0 0 0 1 -0.19 0.74 -0.99</i>
                <i>1 0 0 0 1 0 0 0 1 -0.19 0.74 -0.99</i>
                <i>1 0 0 0 1 0 0 0 1 -0.19 0.74 -0.99</i>
                <i>1 0 0 0 1 0 0 0 1 -0.19 0.74 -0.99</i>
                <i>1 0 0 0 1 0 0 0 1 -0.19 0.74 -0.99</i>
                <i>1 0 0 0 1 0 0 0 1 -0.19 0.74 -0.99</i>
                <i>1 0 0 0 1 0 0 0 1 -0.19 0.74 -0.99</i>
                <i>1 0 0 0 1 0 0 0 1 -0.19 0.74 -0.99</i>
                <i>1 0 0 0 1 0 0 0 1 -0.19 0.74 -0.99</i>
                <i>1 0 0 0 1 0 0 0 1 -0.19 0.74 -0.99</i>
                <i>1 0 0 0 1 0 0 0 1 -0.19 0.74 -0.99</i>
                <i>1 0 0 0 1 0 0 0 1 -0.19 0.74 -0.99</i>
                <i>1 0 0 0 1 0 0 0 1 -0.19 0.74 -0.99</i>
                <i>1 0 0 0 1 0 0 0 1 -0.19 0.74 -0.99</i>
                <i>1 0 0 0 1 0 0 0 1 -0.19 0.74 -0.99</i>
                <i>1 0 0 0 1 0 0 0 1 -0.19 0.74 -0.99</i>
                <i>1 0 0 0 1 0 0 0 1 -0.19 0.74 -0.99</i>
                <i>1 0 0 0 1 0 0 0 1 -0.19 0.74 -0.99</i>
                <i>1 0 0 0 1 0 0 0 1 -0.19 0.74 -0.99</i>
                <i>1 0 0 0 1 0 0 0 1 -0.19 0.74 -0.99</i>
                <i>1 0 0 0 1 0 0 0 1 -0.19 0.74 -0.99</i>
                <i>1 0 0 0 1 0 0 0 1 -0.19 0.74 -0.99</i>
                <i>1 0 0 0 1 0 0 0 1 -0.19 0.74 -0.99</i>
                <i>1 0 0 0 1 0 0 0 1 -0.19 0.74 -0.99</i>
                <i>1 0 0 0 1 0 0 0 1 -0.19 0.74 -0.99</i>
                <i>1 0 0 0 1 0 0 0 1 -0.19 0.74 -0.99</i>
                <i>1 0 0 0 1 0 0 0 1 -0.19 0.74 -0.99</i>
                <i>1 0 0 0 1 0 0 0 1 -0.19 0.74 -0.99</i>
                <i>1 0 0 0 1 0 0 0 1 -0.19 0.74 -0.99</i>
                <i>1 0 0 0 1 0 0 0 1 -0.19 0.74 -0.99</i>
                <i>1 0 0 0 1 0 0 0 1 -0.19 0.74 -0.99</i>
                <i>1 0 0 0 1 0 0 0 1 -0.19 0.74 -0.99</i>
                <i>1 0 0 0 1 0 0 0 1 -0.19 0.74 -0.99</i>
                <i>1 0 0 0 1 0 0 0 1 -0.19 0.74 -0.99</i>
                <i>1 0 0 0 1 0 0 0 1 -0.19 0.74 -0.99</i>
                <i>1 0 0 0 1 0 0 0 1 -0.19 0.74 -0.99</i>
                <i>1 0 0 0 1 0 0 0 1 -0.19 0.74 -0.99</i>
                <i>1 0 0 0 1 0 0 0 1 -0.19 0.74 -0.99</i>
                <i>1 0 0 0 1 0 0 0 1 -0.19 0.74 -0.99</i>
                <i>1 0 0 0 1 0 0 0 1 -0.19 0.74 -0.99</i>
                <i>1 0 0 0 1 0 0 0 1 -0.19 0.74 -0.99</i>
                <i>1 0 0 0 1 0 0 0 1 -0.19 0.74 -0.99</i>
                <i>1 0 0 0 1 0 0 0 1 -0.19 0.74 -0.99</i>
                <i>1 0 0 0 1 0 0 0 1 -0.19 0.74 -0.99</i>
                <i>1 0 0 0 1 0 0 0 1 -0.19 0.74 -0.99</i>
                <i>1 0 0 0 1 0 0 0 1 -0.19 0.74 -0.99</i>
                <i>1 0 0 0 1 0 0 0 1 -0.19 0.74 -0.99</i>
                <i>1 0 0 0 1 0 0 0 1 -0.19 0.74 -0.99</i>
                <i>1 0 0 0 1 0 0 0 1 -0.19 0.74 -0.99</i>
                <i>1 0 0 0 1 0 0 0 1 -0.19 0.74 -0.99</i>
                <i>1 0 0 0 1 0 0 0 1 -0.19 0.74 -0.99</i>
                <i>1 0 0 0 1 0 0 0 1 -0.19 0.74 -0.99</i>
            </KeyFrames>
        </RefFrame>
        <Bones count="23">
            <i>
                <p>
                    <Name><![CDATA[pelvis]]></Name>
                    <Exclude>0</Exclude>
                    <Additive>0</Additive>
                    <IKPriority>0</IKPriority>
                    <IKRotLimits>-1e+010 -1e+010 -1e+010 1e+010 1e+010 1e+010</IKRotLimits>
                    <IKRotLimitOrder>2</IKRotLimitOrder>
                    <KeyFrames count="61">
                        <i>1 0 0 0 1 0 0 0 1 -0.19 1.41 -0.88</i>
                        <i>1 0 0 0 1 0 0 0 1 -0.19 1.41809 -0.88</i>
                        <i>1 0 0 0 1 0 0 0 1 -0.19 1.42548 -0.88</i>
                        <i>1 0 0 0 1 0 0 0 1 -0.19 1.43218 -0.88</i>
                        <i>1 0 0 0 1 0 0 0 1 -0.19 1.43817 -0.88</i>
                        <i>1 0 0 0 1 0 0 0 1 -0.19 1.44345 -0.88</i>
                        <i>1 0 0 0 1 0 0 0 1 -0.19 1.44801 -0.88</i>
                        <i>1 0 0 0 1 0 0 0 1 -0.19 1.45184 -0.88</i>
                        <i>1 0 0 0 1 0 0 0 1 -0.19 1.45494 -0.88</i>
                        <i>1 0 0 0 1 0 0 0 1 -0.19 1.4573 -0.88</i>
                        <i>1 0 0 0 1 0 0 0 1 -0.19 1.45892 -0.88</i>
                        <i>1 0 0 0 1 0 0 0 1 -0.19 1.45978 -0.88</i>
                        <i>1 0 0 0 1 0 0 0 1 -0.19 1.45988 -0.88</i>
                        <i>1 0 0 0 1 0 0 0 1 -0.19 1.4591 -0.88</i>
                        <i>1 0 0 0 1 0 0 0 1 -0.19 1.45735 -0.88</i>
                        <i>1 0 0 0 1 0 0 0 1 -0.19 1.45464 -0.88</i>
                        <i>1 0 0 0 1 0 0 0 1 -0.19 1.45098 -0.88</i>
                        <i>1 0 0 0 1 0 0 0 1 -0.19 1.44639 -0.88</i>
                        <i>1 0 0 0 1 0 0 0 1 -0.19 1.44088 -0.88</i>
                        <i>1 0 0 0 1 0 0 0 1 -0.19 1.43447 -0.88</i>
                        <i>1 0 0 0 1 0 0 0 1 -0.19 1.42718 -0.88</i>
                        <i>1 0 0 0 1 0 0 0 1 -0.19 1.41902 -0.88</i>
                        <i>1 0 0 0 1 0 0 0 1 -0.19 1.41 -0.88</i>
                        <i>1 0 0 0 1 0 0 0 1 -0.19 1.4146 -0.88</i>
                        <i>1 0 0 0 1 0 0 0 1 -0.19 1.41933 -0.88</i>
                        <i>1 0 0 0 1 0 0 0 1 -0.19 1.42401 -0.88</i>
                        <i>1 0 0 0 1 0 0 0 1 -0.19 1.42845 -0.88</i>
                        <i>1 0 0 0 1 0 0 0 1 -0.19 1.43247 -0.88</i>
                        <i>1 0 0 0 1 0 0 0 1 -0.19 1.4359 -0.88</i>
                        <i>1 0 0 0 1 0 0 0 1 -0.19 1.43855 -0.88</i>
                        <i>1 0 0 0 1 0 0 0 1 -0.19 1.44023 -0.88</i>
                        <i>1 0 0 0 1 0 0 0 1 -0.19 1.44078 -0.88</i>
                        <i>1 0 0 0 1 0 0 0 1 -0.19 1.44 -0.88</i>
                        <i>1 0 0 0 1 0 0 0 1 -0.19 1.43791 -0.88</i>
                        <i>1 0 0 0 1 0 0 0 1 -0.19 1.43471 -0.88</i>
                        <i>1 0 0 0 1 0 0 0 1 -0.19 1.43049 -0.88</i>
                        <i>1 0 0 0 1 0 0 0 1 -0.19 1.42533 -0.88</i>
                        <i>1 0 0 0 1 0 0 0 1 -0.19 1.41934 -0.88</i>
                        <i>1 0 0 0 1 0 0 0 1 -0.19 1.4126 -0.88</i>
                        <i>1 0 0 0 1 0 0 0 1 -0.19 1.4052 -0.88</i>
                        <i>1 0 0 0 1 0 0 0 1 -0.19 1.39724 -0.88</i>
                        <i>1 0 0 0 1 0 0 0 1 -0.19 1.38881 -0.88</i>
                        <i>1 0 0 0 1 0 0 0 1 -0.19 1.38 -0.88</i>
                        <i>1 0 0 0 1 0 0 0 1 -0.19 1.38656 -0.88</i>
                        <i>1 0 0 0 1 0 0 0 1 -0.19 1.39306 -0.88</i>
                        <i>1 0 0 0 1 0 0 0 1 -0.19 1.39939 -0.88</i>
                        <i>1 0 0 0 1 0 0 0 1 -0.19 1.40545 -0.88</i>
                        <i>1 0 0 0 1 0 0 0 1 -0.19 1.41112 -0.88</i>
                        <i>1 0 0 0 1 0 0 0 1 -0.19 1.4163 -0.88</i>
                        <i>1 0 0 0 1 0 0 0 1 -0.19 1.42088 -0.88</i>
                        <i>1 0 0 0 1 0 0 0 1 -0.19 1.42477 -0.88</i>
                        <i>1 0 0 0 1 0 0 0 1 -0.19 1.42784 -0.88</i>
                        <i>1 0 0 0 1 0 0 0 1 -0.19 1.43 -0.88</i>
                        <i>1 0 0 0 1 0 0 0 1 -0.19 1.4309 -0.88</i>
                        <i>1 0 0 0 1 0 0 0 1 -0.19 1.43041 -0.88</i>
                        <i>1 0 0 0 1 0 0 0 1 -0.19 1.42875 -0.88</i>
                        <i>1 0 0 0 1 0 0 0 1 -0.19 1.4261 -0.88</i>
                        <i>1 0 0 0 1 0 0 0 1 -0.19 1.4227 -0.88</i>
                        <i>1 0 0 0 1 0 0 0 1 -0.19 1.41874 -0.88</i>
                        <i>1 0 0 0 1 0 0 0 1 -0.19 1.41444 -0.88</i>
                        <i>1 0 0 0 1 0 0 0 1 -0.19 1.41 -0.88</i>
                    </KeyFrames>
                </p>
            </i>
            <i>
                <p>
                    <Name><![CDATA[spine0]]></Name>
                    <Exclude>0</Exclude>
                    <Additive>0</Additive>
                    <IKPriority>0</IKPriority>
                    <IKRotLimits>-1e+010 -1e+010 -1e+010 1e+010 1e+010 1e+010</IKRotLimits>
                    <IKRotLimitOrder>0</IKRotLimitOrder>
                    <KeyFrames count="61">
                        <i>0.0492929 0.988072 -0.145889 0.998783 -0.0485613 0.00857432 0.00138749 -0.146134 -0.989264 -0.190934 1.53879 -0.815901</i>
                        <i>0.0493425 0.987819 -0.147576 0.998781 -0.0485909 0.00869577 0.00141898 -0.147826 -0.989012 -0.190929 1.54704 -0.816228</i>
                        <i>0.0494736 0.987145 -0.151975 0.998774 -0.0486684 0.00901615 0.00150388 -0.152235 -0.988343 -0.190916 1.55486 -0.817092</i>
                        <i>0.0496599 0.986174 -0.158094 0.998765 -0.0487758 0.00946976 0.00162766 -0.158369 -0.987379 -0.190899 1.56214 -0.818316</i>
                        <i>0.0498746 0.985041 -0.164944 0.998754 -0.048896 0.00999058 0.00177602 -0.165237 -0.986252 -0.190878 1.56879 -0.819723</i>
                        <i>0.050091 0.983905 -0.171529 0.998743 -0.0490139 0.0105118 0.00193531 -0.17184 -0.985123 -0.190858 1.57471 -0.821134</i>
                        <i>0.0502827 0.982954 -0.176844 0.998733 -0.0491171 0.0109656 0.00209264 -0.177171 -0.984178 -0.19084 1.57982 -0.822365</i>
                        <i>0.0504234 0.982396 -0.179875 0.998725 -0.0491955 0.0112836 0.00223591 -0.180214 -0.983625 -0.190827 1.58402 -0.823229</i>
                        <i>0.0504874 0.982445 -0.179592 0.998722 -0.0492405 0.0113966 0.00235335 -0.179938 -0.983675 -0.190822 1.58726 -0.82354</i>
                        <i>0.0504762 0.983047 -0.176269 0.998722 -0.0492541 0.0113049 0.00243125 -0.176615 -0.984277 -0.190826 1.58952 -0.823297</i>
                        <i>0.050412 0.983942 -0.171223 0.998725 -0.0492418 0.0110769 0.00246766 -0.171563 -0.98517 -0.190835 1.59087 -0.822686</i>
                        <i>0.0502999 0.985012 -0.164988 0.998731 -0.0492004 0.0107467 0.00246814 -0.165319 -0.986237 -0.190848 1.59134 -0.821799</i>
                        <i>0.0501482 0.98616 -0.158029 0.998739 -0.0491295 0.0103484 0.00244126 -0.158349 -0.98738 -0.190863 1.59096 -0.820726</i>
                        <i>0.0499687 0.987314 -0.150714 0.998748 -0.0490337 0.00991584 0.0024 -0.15102 -0.988528 -0.19088 1.58965 -0.81956</i>
                        <i>0.0497717 0.988408 -0.143434 0.998758 -0.0489168 0.00948282 0.00235655 -0.143728 -0.989614 -0.190898 1.58735 -0.818389</i>
                        <i>0.0495676 0.989388 -0.136583 0.998768 -0.0487837 0.00908281 0.00232339 -0.136865 -0.990587 -0.190913 1.58411 -0.817301</i>
                        <i>0.0493666 0.990212 -0.130548 0.998778 -0.0486402 0.00874887 0.00231334 -0.130821 -0.991403 -0.190927 1.58001 -0.816383</i>
                        <i>0.0491789 0.990847 -0.125712 0.998787 -0.0484929 0.00851354 0.00233948 -0.125978 -0.99203 -0.190936 1.57509 -0.81572</i>
                        <i>0.0490152 0.991264 -0.12245 0.998795 -0.0483489 0.00840876 0.00241497 -0.122715 -0.992439 -0.190941 1.56942 -0.815399</i>
                        <i>0.0488871 0.991436 -0.121098 0.998801 -0.0482183 0.00844882 0.00253732 -0.121366 -0.992605 -0.19094 1.56304 -0.81546</i>
                        <i>0.0488122 0.991326 -0.122022 0.998804 -0.0481212 0.00860477 0.00265828 -0.122296 -0.99249 -0.190935 1.55594 -0.815838</i>
                        <i>0.0488065 0.990884 -0.125564 0.998805 -0.0480758 0.00884445 0.00272721 -0.125846 -0.992046 -0.190926 1.54808 -0.816456</i>
                        <i>0.0488688 0.99013 -0.13136 0.998801 -0.0480844 0.00913849 0.00273193 -0.131649 -0.991293 -0.190914 1.53945 -0.817239</i>
                        <i>0.048988 0.989139 -0.138579 0.998796 -0.048141 0.00945904 0.00268499 -0.138875 -0.990306 -0.190902 1.54447 -0.818109</i>
                        <i>0.0491468 0.987985 -0.146526 0.998788 -0.0482339 0.00977894 0.00259395 -0.146829 -0.989159 -0.190889 1.54961 -0.818989</i>
                        <i>0.0493247 0.98675 -0.154571 0.99878 -0.0483485 0.010071 0.00246428 -0.154879 -0.98793 -0.190877 1.55466 -0.819801</i>
                        <i>0.0495051 0.985549 -0.161993 0.998771 -0.0484751 0.010307 0.00230539 -0.162304 -0.986738 -0.190867 1.55941 -0.820464</i>
                        <i>0.0496708 0.984523 -0.168072 0.998763 -0.048604 0.0104582 0.00212734 -0.168384 -0.985719 -0.190861 1.56363 -0.820899</i>
                        <i>0.0498042 0.983822 -0.172086 0.998757 -0.0487245 0.0104955 0.00194088 -0.172395 -0.985026 -0.190859 1.56711 -0.821026</i>
                        <i>0.0498947 0.983554 -0.173583 0.998753 -0.0488305 0.0103987 0.00175154 -0.173886 -0.984764 -0.190863 1.56966 -0.820792</i>
                        <i>0.0499374 0.983755 -0.172432 0.998751 -0.048913 0.0101874 0.00158778 -0.172725 -0.984969 -0.19087 1.5711 -0.820249</i>
                        <i>0.049934 0.984378 -0.168838 0.998751 -0.0489665 0.00989143 0.00146949 -0.169121 -0.985594 -0.190882 1.57129 -0.819479</i>
                        <i>0.0498971 0.985285 -0.163472 0.998753 -0.0489963 0.00953998 0.00139006 -0.163744 -0.986502 -0.190895 1.57008 -0.818561</i>
                        <i>0.0498346 0.986376 -0.156779 0.998757 -0.0490037 0.00916302 0.00135541 -0.157041 -0.987591 -0.190909 1.56752 -0.817575</i>
                        <i>0.0497542 0.987553 -0.149209 0.998761 -0.0489907 0.00879062 0.00137133 -0.149462 -0.988767 -0.190924 1.56385 -0.8166</i>
                        <i>0.0496626 0.988728 -0.141249 0.998765 -0.0489592 0.00845298 0.00144228 -0.141494 -0.989938 -0.190936 1.55918 -0.815715</i>
                        <i>0.0495664 0.989823 -0.13339 0.99877 -0.048912 0.00818022 0.00157262 -0.133631 -0.99103 -0.190947 1.55367 -0.814994</i>
                        <i>0.0494735 0.990783 -0.126099 0.998774 -0.0488541 0.00800204 0.00176784 -0.12634 -0.991985 -0.190954 1.54743 -0.814515</i>
                        <i>0.0493919 0.991563 -0.119846 0.998777 -0.0487907 0.00794777 0.00203332 -0.120092 -0.992761 -0.190956 1.54061 -0.814353</i>
                        <i>0.0493299 0.99213 -0.11509 0.99878 -0.0487282 0.00803709 0.00236573 -0.115346 -0.993323 -0.190953 1.53332 -0.814562</i>
                        <i>0.0492954 0.992469 -0.112139 0.998781 -0.0486769 0.00824855 0.00272786 -0.112409 -0.993658 -0.190946 1.52563 -0.815092</i>
                        <i>0.0492917 0.992586 -0.111104 0.99878 -0.0486422 0.0085504 0.00308265 -0.11139 -0.993772 -0.190934 1.51758 -0.815865</i>
                        <i>0.0493212 0.992477 -0.112059 0.998777 -0.0486281 0.00891152 0.00339526 -0.112362 -0.993662 -0.190921 1.50923 -0.816805</i>
                        <i>0.0493896 0.992113 -0.115208 0.998773 -0.0486411 0.00930104 0.00362384 -0.115526 -0.993298 -0.190906 1.5163 -0.817833</i>
                        <i>0.0494935 0.991499 -0.120332 0.998767 -0.0486803 0.00968929 0.00374912 -0.120663 -0.992686 -0.190891 1.52329 -0.81887</i>
                        <i>0.0496222 0.990678 -0.126865 0.998761 -0.0487404 0.0100472 0.00377008 -0.127206 -0.991869 -0.190876 1.53007 -0.819835</i>
                        <i>0.0497651 0.989698 -0.134247 0.998754 -0.0488172 0.0103453 0.00368517 -0.134594 -0.990894 -0.190865 1.53649 -0.820646</i>
                        <i>0.0499095 0.98861 -0.141981 0.998748 -0.0489055 0.010554 0.00349012 -0.14233 -0.989813 -0.190856 1.54242 -0.821223</i>
                        <i>0.0500438 0.987488 -0.149542 0.998742 -0.0490024 0.010643 0.00318197 -0.149886 -0.988698 -0.190852 1.54772 -0.821481</i>
                        <i>0.0501574 0.986418 -0.15641 0.998737 -0.0491005 0.0106162 0.00279222 -0.156745 -0.987635 -0.190853 1.55228 -0.821431</i>
                        <i>0.0502374 0.985489 -0.162134 0.998734 -0.0491837 0.0105089 0.00238203 -0.162457 -0.986713 -0.190857 1.55604 -0.821164</i>
                        <i>0.0502717 0.984806 -0.16622 0.998734 -0.0492378 0.0103378 0.00199642 -0.166529 -0.986035 -0.190864 1.55892 -0.820723</i>
                        <i>0.0502532 0.984448 -0.168333 0.998735 -0.0492521 0.0101198 0.00167161 -0.168629 -0.985678 -0.190872 1.56082 -0.820151</i>
                        <i>0.0501766 0.984481 -0.168163 0.998739 -0.0492171 0.00987203 0.00144234 -0.168446 -0.98571 -0.190881 1.56142 -0.819491</i>
                        <i>0.0500512 0.984856 -0.16599 0.998746 -0.0491373 0.00961074 0.00130891 -0.166263 -0.986081 -0.190892 1.5606 -0.818784</i>
                        <i>0.049895 0.985456 -0.16244 0.998754 -0.0490268 0.00935103 0.0012511 -0.162704 -0.986674 -0.190902 1.55859 -0.818073</i>
                        <i>0.0497263 0.986164 -0.15814 0.998762 -0.048901 0.00910758 0.00124836 -0.158397 -0.987375 -0.190912 1.55563 -0.8174</i>
                        <i>0.0495635 0.986872 -0.153713 0.99877 -0.0487757 0.00889453 0.00128031 -0.153965 -0.988076 -0.190921 1.55194 -0.816805</i>
                        <i>0.0494251 0.987483 -0.149781 0.998777 -0.0486668 0.00872565 0.00132706 -0.150029 -0.988681 -0.190928 1.54774 -0.81633</i>
                        <i>0.0493289 0.987911 -0.146966 0.998782 -0.0485902 0.00861442 0.00136917 -0.147212 -0.989104 -0.190932 1.54329 -0.816015</i>
                        <i>0.0492929 0.988072 -0.145889 0.998783 -0.0485613 0.00857432 0.00138749 -0.146134 -0.989264 -0.190934 1.53879 -0.815901</i>
                    </KeyFrames>
                </p>
            </i>
            <i>
                <p>
                    <Name><![CDATA[spine1]]></Name>
                    <Exclude>0</Exclude>
                    <Additive>0</Additive>
                    <IKPriority>0</IKPriority>
                    <IKRotLimits>-1e+010 -1e+010 -1e+010 1e+010 1e+010 1e+010</IKRotLimits>
                    <IKRotLimitOrder>0</IKRotLimitOrder>
                    <KeyFrames count="61">
                        <i>0.0452899 0.763392 -0.644346 0.996933 -0.0757433 -0.0196646 -0.0638167 -0.641479 -0.764481 -0.181253 1.73287 -0.844403</i>
                        <i>0.0453566 0.761898 -0.646107 0.996932 -0.0758211 -0.0194247 -0.0637882 -0.643244 -0.763 -0.181241 1.74101 -0.845054</i>
                        <i>0.0455343 0.757982 -0.650684 0.99693 -0.0760165 -0.0187874 -0.0637032 -0.647831 -0.759116 -0.18121 1.74855 -0.846759</i>
                        <i>0.0457893 0.752487 -0.657013 0.996927 -0.0762714 -0.0178759 -0.0635627 -0.654175 -0.753667 -0.181166 1.75544 -0.849153</i>
                        <i>0.0460882 0.746278 -0.664037 0.996926 -0.0765292 -0.0168146 -0.0633666 -0.661221 -0.74751 -0.181115 1.76164 -0.851865</i>
                        <i>0.0463969 0.740255 -0.670724 0.996927 -0.0767365 -0.0157296 -0.063113 -0.667933 -0.74154 -0.181064 1.76711 -0.854526</i>
                        <i>0.0466808 0.735363 -0.676064 0.996934 -0.076845 -0.014749 -0.062798 -0.673302 -0.736695 -0.181019 1.77183 -0.856763</i>
                        <i>0.0469045 0.732574 -0.67907 0.996947 -0.0768104 -0.0140015 -0.0624167 -0.67634 -0.73394 -0.180984 1.77582 -0.858199</i>
                        <i>0.047032 0.732854 -0.678758 0.99697 -0.0765915 -0.0136145 -0.0619646 -0.676061 -0.734236 -0.180967 1.77906 -0.858455</i>
                        <i>0.0470553 0.73588 -0.675475 0.996998 -0.0762305 -0.0135941 -0.0614954 -0.672808 -0.737257 -0.180967 1.78155 -0.857583</i>
                        <i>0.0469972 0.740411 -0.67051 0.997025 -0.0758229 -0.0138442 -0.0610904 -0.667864 -0.741772 -0.18098 1.78326 -0.856017</i>
                        <i>0.0468684 0.746018 -0.664275 0.99705 -0.075407 -0.0143387 -0.0607879 -0.661643 -0.747351 -0.181004 1.78414 -0.853943</i>
                        <i>0.0466838 0.752321 -0.65714 0.99707 -0.0750041 -0.015035 -0.0605994 -0.654513 -0.753618 -0.181039 1.78419 -0.851539</i>
                        <i>0.0464649 0.759012 -0.649417 0.997086 -0.0746154 -0.0158672 -0.0604999 -0.646787 -0.760267 -0.181082 1.78328 -0.848965</i>
                        <i>0.0462313 0.765782 -0.641436 0.997099 -0.0742482 -0.016776 -0.0604722 -0.638799 -0.766993 -0.181131 1.78133 -0.846385</i>
                        <i>0.0460025 0.772342 -0.633539 0.997108 -0.0739114 -0.0177028 -0.0604984 -0.630892 -0.773508 -0.181183 1.77836 -0.843963</i>
                        <i>0.0457976 0.778417 -0.626075 0.997113 -0.073616 -0.0185897 -0.0605596 -0.623416 -0.779541 -0.181236 1.77441 -0.84186</i>
                        <i>0.0456354 0.783747 -0.619401 0.997116 -0.0733746 -0.019379 -0.0606366 -0.61673 -0.784836 -0.181287 1.76952 -0.840236</i>
                        <i>0.0455344 0.788085 -0.61388 0.997116 -0.0732014 -0.0200134 -0.0607091 -0.611198 -0.789146 -0.181334 1.76373 -0.839251</i>
                        <i>0.0455041 0.791095 -0.609998 0.997114 -0.0731209 -0.0204474 -0.0607794 -0.607307 -0.792139 -0.181373 1.75708 -0.839012</i>
                        <i>0.0455315 0.792005 -0.608815 0.997103 -0.0732038 -0.02066 -0.0609304 -0.60611 -0.793043 -0.181399 1.74962 -0.839532</i>
                        <i>0.0455998 0.790104 -0.611274 0.997082 -0.0735037 -0.0206273 -0.0612286 -0.608549 -0.79115 -0.181406 1.74137 -0.840805</i>
                        <i>0.0456961 0.785562 -0.617094 0.997051 -0.0739912 -0.0203589 -0.0616527 -0.614344 -0.786626 -0.181395 1.73235 -0.842688</i>
                        <i>0.045812 0.779069 -0.625263 0.997016 -0.0745927 -0.0198917 -0.062137 -0.622485 -0.780161 -0.181367 1.73701 -0.844943</i>
                        <i>0.0459334 0.771286 -0.634829 0.996978 -0.0752518 -0.0192904 -0.0626504 -0.632024 -0.772412 -0.181328 1.74184 -0.847356</i>
                        <i>0.0460436 0.762892 -0.644884 0.99694 -0.0759215 -0.0186347 -0.0631768 -0.642052 -0.764053 -0.181283 1.74662 -0.849728</i>
                        <i>0.0461308 0.754654 -0.654499 0.996904 -0.0765403 -0.0179885 -0.0636706 -0.651643 -0.755849 -0.181236 1.75117 -0.851842</i>
                        <i>0.046184 0.747396 -0.662772 0.996875 -0.0770466 -0.0174187 -0.064083 -0.659897 -0.748619 -0.181191 1.75532 -0.85348</i>
                        <i>0.0461926 0.741979 -0.66883 0.996857 -0.0773791 -0.0169943 -0.0643629 -0.665942 -0.743221 -0.181153 1.75887 -0.854424</i>
                        <i>0.0461502 0.738888 -0.672246 0.99685 -0.0775141 -0.0167639 -0.0644952 -0.669355 -0.740138 -0.181123 1.76167 -0.854533</i>
                        <i>0.0460709 0.73838 -0.672809 0.996856 -0.0774448 -0.0167323 -0.0644604 -0.669923 -0.739627 -0.181105 1.7635 -0.853825</i>
                        <i>0.0459701 0.740384 -0.67061 0.996875 -0.0771772 -0.0168717 -0.0642474 -0.667739 -0.741618 -0.181098 1.76419 -0.852414</i>
                        <i>0.0458572 0.744211 -0.666369 0.996902 -0.0767604 -0.0171237 -0.0638944 -0.66352 -0.745426 -0.181099 1.76354 -0.850504</i>
                        <i>0.0457444 0.749449 -0.66048 0.996938 -0.0762235 -0.0174438 -0.0634173 -0.65766 -0.750641 -0.181108 1.76155 -0.848259</i>
                        <i>0.0456435 0.755689 -0.653338 0.99698 -0.0755964 -0.0177881 -0.0628323 -0.650553 -0.756857 -0.181122 1.75842 -0.845841</i>
                        <i>0.0455651 0.762522 -0.645355 0.997025 -0.0749152 -0.0181218 -0.0621652 -0.64261 -0.763668 -0.181141 1.75423 -0.84342</i>
                        <i>0.0455197 0.769562 -0.636948 0.997072 -0.0742165 -0.0184125 -0.0614416 -0.634245 -0.770687 -0.181163 1.74908 -0.841168</i>
                        <i>0.0455199 0.776458 -0.628522 0.997119 -0.073531 -0.0186231 -0.0606759 -0.625864 -0.777569 -0.181187 1.74306 -0.839254</i>
                        <i>0.0455783 0.78289 -0.620489 0.997164 -0.072889 -0.0187192 -0.0598819 -0.617876 -0.783992 -0.18121 1.73629 -0.837846</i>
                        <i>0.045703 0.788508 -0.613324 0.997206 -0.0723251 -0.0186745 -0.0590837 -0.610757 -0.78961 -0.181231 1.72888 -0.83709</i>
                        <i>0.0458808 0.79285 -0.607687 0.997242 -0.0718842 -0.018495 -0.0583468 -0.605162 -0.793961 -0.181247 1.72092 -0.837002</i>
                        <i>0.0460928 0.795649 -0.604002 0.997268 -0.0715887 -0.0181996 -0.0577202 -0.601513 -0.796775 -0.181256 1.71251 -0.837531</i>
                        <i>0.0463201 0.796649 -0.602665 0.997285 -0.0714561 -0.0178061 -0.0572492 -0.600203 -0.797796 -0.181255 1.70375 -0.838617</i>
                        <i>0.0465425 0.795405 -0.604288 0.997289 -0.0715155 -0.017322 -0.056994 -0.601844 -0.796578 -0.181244 1.7104 -0.840225</i>
                        <i>0.0467433 0.791915 -0.60884 0.997281 -0.0717626 -0.0167756 -0.0569768 -0.6064 -0.793116 -0.181222 1.71701 -0.842234</i>
                        <i>0.0469083 0.786559 -0.615731 0.997261 -0.072166 -0.0162132 -0.0571875 -0.613284 -0.787789 -0.181191 1.72345 -0.844454</i>
                        <i>0.0470228 0.779722 -0.624358 0.997231 -0.0726969 -0.0156814 -0.0576161 -0.621892 -0.780981 -0.181156 1.72961 -0.846696</i>
                        <i>0.0470685 0.771783 -0.634142 0.997191 -0.073339 -0.0152419 -0.0582707 -0.631643 -0.773067 -0.181118 1.73535 -0.848785</i>
                        <i>0.0470296 0.763177 -0.644475 0.997141 -0.0740702 -0.0149479 -0.0591443 -0.64193 -0.764479 -0.181081 1.74057 -0.850539</i>
                        <i>0.0469142 0.754635 -0.654466 0.997086 -0.0748342 -0.0148135 -0.0601552 -0.651864 -0.755947 -0.181047 1.74516 -0.851866</i>
                        <i>0.0467493 0.747118 -0.663045 0.997032 -0.0755516 -0.0148337 -0.0611767 -0.660383 -0.748433 -0.181022 1.74901 -0.852761</i>
                        <i>0.0465528 0.741487 -0.66935 0.996983 -0.0761506 -0.0150182 -0.0621072 -0.666631 -0.742796 -0.181008 1.75202 -0.853164</i>
                        <i>0.0463421 0.738301 -0.672878 0.996945 -0.0765838 -0.0153689 -0.0628784 -0.670109 -0.739594 -0.181008 1.75408 -0.853044</i>
                        <i>0.0461345 0.738012 -0.673209 0.996919 -0.0768103 -0.0158859 -0.0634333 -0.670402 -0.739282 -0.181024 1.75484 -0.852376</i>
                        <i>0.0459396 0.740275 -0.670733 0.996906 -0.0768432 -0.0165306 -0.0637785 -0.667899 -0.741515 -0.181055 1.75419 -0.851257</i>
                        <i>0.0457619 0.744283 -0.666295 0.996903 -0.0767291 -0.0172417 -0.0639569 -0.663442 -0.745489 -0.181094 1.75233 -0.849853</i>
                        <i>0.0456057 0.749237 -0.66073 0.996907 -0.0765173 -0.0179574 -0.0640116 -0.657867 -0.750409 -0.181138 1.74949 -0.848332</i>
                        <i>0.0454755 0.75436 -0.654884 0.996914 -0.0762593 -0.0186169 -0.0639848 -0.652016 -0.7555 -0.181181 1.74589 -0.846861</i>
                        <i>0.045376 0.758905 -0.649619 0.996923 -0.0760084 -0.0191602 -0.0639173 -0.64675 -0.760019 -0.181218 1.74177 -0.845606</i>
                        <i>0.0453124 0.762152 -0.645811 0.99693 -0.0758185 -0.0195288 -0.0638483 -0.642944 -0.763248 -0.181243 1.73735 -0.844732</i>
                        <i>0.0452899 0.763392 -0.644346 0.996933 -0.0757433 -0.0196646 -0.0638167 -0.641479 -0.764481 -0.181253 1.73287 -0.844403</i>
                    </KeyFrames>
                </p>
            </i>
            <i>
                <p>
                    <Name><![CDATA[spine2]]></Name>
                    <Exclude>0</Exclude>
                    <Additive>0</Additive>
                    <IKPriority>0</IKPriority>
                    <IKRotLimits>-1e+010 -1e+010 -1e+010 1e+010 1e+010 1e+010</IKRotLimits>
                    <IKRotLimitOrder>0</IKRotLimitOrder>
                    <KeyFrames count="61">
                        <i>-0.0317909 0.500744 -0.865011 0.995327 -0.0630904 -0.0731025 -0.0911795 -0.863293 -0.496398 -0.173148 1.87027 -0.961043</i>
                        <i>-0.0318575 0.497196 -0.867053 0.995322 -0.0633863 -0.0729181 -0.0912139 -0.86532 -0.492851 -0.173126 1.8781 -0.961977</i>
                        <i>-0.0320406 0.487781 -0.872378 0.995308 -0.0641545 -0.0724268 -0.0912954 -0.870606 -0.483436 -0.173069 1.88483 -0.964417</i>
                        <i>-0.0323159 0.474322 -0.879758 0.995291 -0.0652146 -0.0717203 -0.0913916 -0.877932 -0.469981 -0.172987 1.89059 -0.96782</i>
                        <i>-0.032658 0.458678 -0.888002 0.995272 -0.0663874 -0.070894 -0.0914696 -0.886119 -0.454342 -0.172892 1.8955 -0.971646</i>
                        <i>-0.0330367 0.442784 -0.896019 0.995257 -0.0674973 -0.0700507 -0.0914963 -0.894084 -0.438454 -0.172795 1.89972 -0.975359</i>
                        <i>-0.0334171 0.428667 -0.902844 0.99525 -0.0683736 -0.0693008 -0.0914377 -0.900872 -0.424346 -0.172706 1.90343 -0.978429</i>
                        <i>-0.0337596 0.418427 -0.907623 0.995255 -0.0688493 -0.0687596 -0.0912601 -0.905637 -0.414117 -0.172637 1.90684 -0.980329</i>
                        <i>-0.0340226 0.414193 -0.909553 0.995276 -0.0687593 -0.0685409 -0.0909294 -0.907588 -0.409897 -0.172596 1.91013 -0.980529</i>
                        <i>-0.0341845 0.41589 -0.908772 0.995311 -0.0681595 -0.0686322 -0.0904849 -0.906857 -0.41161 -0.172586 1.91325 -0.979144</i>
                        <i>-0.0342458 0.42169 -0.906093 0.99535 -0.0672784 -0.0689303 -0.0900277 -0.90424 -0.417426 -0.172601 1.91589 -0.976803</i>
                        <i>-0.0342007 0.431064 -0.901673 0.995389 -0.0662076 -0.0694073 -0.0896166 -0.899889 -0.426812 -0.172639 1.91793 -0.973742</i>
                        <i>-0.0340591 0.443277 -0.895738 0.995424 -0.0650222 -0.0700273 -0.0892843 -0.894023 -0.439033 -0.172699 1.91925 -0.970184</i>
                        <i>-0.0338503 0.457347 -0.888644 0.995454 -0.0637762 -0.0707418 -0.0890278 -0.886999 -0.453109 -0.172774 1.91967 -0.966333</i>
                        <i>-0.0335966 0.472378 -0.880755 0.995478 -0.0625296 -0.0715095 -0.0888528 -0.879175 -0.468142 -0.172859 1.91904 -0.962401</i>
                        <i>-0.0333181 0.487511 -0.872481 0.995495 -0.0613439 -0.0722925 -0.0887648 -0.870959 -0.483271 -0.172949 1.91732 -0.958604</i>
                        <i>-0.0330326 0.501921 -0.864283 0.995504 -0.0602819 -0.0730558 -0.0887688 -0.86281 -0.497673 -0.17304 1.91447 -0.955157</i>
                        <i>-0.0327559 0.514825 -0.856669 0.995504 -0.0594082 -0.0737664 -0.08887 -0.855235 -0.510564 -0.173124 1.91048 -0.952278</i>
                        <i>-0.0325027 0.52547 -0.850191 0.995495 -0.0587888 -0.0743926 -0.0890727 -0.848779 -0.521192 -0.173198 1.90534 -0.950183</i>
                        <i>-0.0322851 0.533084 -0.845446 0.995474 -0.0584951 -0.0748974 -0.089381 -0.844038 -0.528782 -0.173255 1.89902 -0.949073</i>
                        <i>-0.0321146 0.536433 -0.843332 0.99544 -0.0586583 -0.0752188 -0.0898182 -0.841902 -0.532103 -0.17329 1.89148 -0.949184</i>
                        <i>-0.0319932 0.534578 -0.844513 0.995394 -0.0593563 -0.0752817 -0.0903712 -0.843032 -0.530217 -0.173298 1.88267 -0.950722</i>
                        <i>-0.0319241 0.527899 -0.848707 0.995341 -0.0605006 -0.0750714 -0.0909774 -0.84715 -0.523508 -0.17328 1.87265 -0.953506</i>
                        <i>-0.0319191 0.517436 -0.855126 0.995287 -0.0619256 -0.0746219 -0.0915662 -0.853478 -0.513021 -0.173239 1.87603 -0.95712</i>
                        <i>-0.0319671 0.504492 -0.862825 0.995236 -0.063484 -0.0739918 -0.0921037 -0.86108 -0.500059 -0.173183 1.87938 -0.961181</i>
                        <i>-0.0320441 0.490538 -0.87083 0.99519 -0.0650393 -0.0732568 -0.0925734 -0.868989 -0.486095 -0.17312 1.88263 -0.965327</i>
                        <i>-0.0321394 0.476914 -0.878362 0.995154 -0.0664424 -0.0724883 -0.0929312 -0.876435 -0.472467 -0.173056 1.88573 -0.969179</i>
                        <i>-0.0322393 0.465009 -0.884719 0.995132 -0.0675478 -0.071766 -0.0931327 -0.882725 -0.460568 -0.172997 1.88865 -0.972367</i>
                        <i>-0.0323285 0.456248 -0.889265 0.995129 -0.0682133 -0.0711747 -0.093133 -0.887234 -0.45182 -0.172949 1.89138 -0.974525</i>
                        <i>-0.0324036 0.451325 -0.891771 0.995145 -0.0683894 -0.0707717 -0.0929288 -0.889735 -0.446918 -0.172914 1.89382 -0.975437</i>
                        <i>-0.0324788 0.450256 -0.892309 0.995177 -0.0681084 -0.0705903 -0.0925574 -0.890298 -0.445872 -0.172894 1.89581 -0.975058</i>
                        <i>-0.03256 0.452736 -0.89105 0.995222 -0.067417 -0.0706206 -0.0920444 -0.889092 -0.448378 -0.172889 1.89711 -0.973491</i>
                        <i>-0.0326491 0.457735 -0.888489 0.995277 -0.0664265 -0.070795 -0.0914245 -0.886604 -0.453404 -0.172895 1.8974 -0.97106</i>
                        <i>-0.0327507 0.464563 -0.884934 0.995337 -0.0652148 -0.0710723 -0.0907284 -0.883135 -0.460261 -0.172908 1.89661 -0.96798</i>
                        <i>-0.0328688 0.47254 -0.880696 0.9954 -0.0638599 -0.0714139 -0.089987 -0.878993 -0.468267 -0.172927 1.89483 -0.964469</i>
                        <i>-0.0330014 0.481066 -0.876063 0.995463 -0.0624456 -0.0717895 -0.0892417 -0.874458 -0.476823 -0.172949 1.89206 -0.960756</i>
                        <i>-0.0331463 0.489562 -0.871338 0.995521 -0.0610559 -0.0721746 -0.0885343 -0.869828 -0.485346 -0.172972 1.88829 -0.957075</i>
                        <i>-0.0333064 0.497396 -0.866884 0.995573 -0.0597694 -0.0725449 -0.0878967 -0.865462 -0.493204 -0.172993 1.88356 -0.953657</i>
                        <i>-0.0334845 0.503956 -0.86308 0.995614 -0.0586649 -0.072881 -0.0873613 -0.861735 -0.499781 -0.17301 1.87789 -0.950737</i>
                        <i>-0.0336825 0.508618 -0.860333 0.995642 -0.0578232 -0.0731643 -0.08696 -0.859048 -0.504454 -0.173017 1.87133 -0.948547</i>
                        <i>-0.0338951 0.510837 -0.859009 0.995657 -0.0573139 -0.0733705 -0.0867136 -0.857765 -0.506676 -0.173014 1.86392 -0.947248</i>
                        <i>-0.0341098 0.510484 -0.859211 0.995658 -0.0571503 -0.0734814 -0.0866152 -0.857986 -0.506318 -0.173 1.85575 -0.946893</i>
                        <i>-0.0343131 0.507469 -0.860987 0.995647 -0.0573384 -0.0734752 -0.086654 -0.85976 -0.503293 -0.172974 1.84689 -0.947518</i>
                        <i>-0.0344888 0.50147 -0.864487 0.995627 -0.0579054 -0.0733103 -0.0868214 -0.863235 -0.49728 -0.172937 1.85307 -0.949223</i>
                        <i>-0.0346264 0.492775 -0.869467 0.995598 -0.0588141 -0.0729827 -0.087101 -0.868167 -0.488569 -0.17289 1.85886 -0.951897</i>
                        <i>-0.0347198 0.482209 -0.875368 0.995562 -0.0599725 -0.0725239 -0.0874697 -0.874001 -0.477987 -0.172838 1.8642 -0.955248</i>
                        <i>-0.0347622 0.470627 -0.881647 0.995522 -0.0612884 -0.071968 -0.0879048 -0.880201 -0.466389 -0.172785 1.86907 -0.958986</i>
                        <i>-0.0347349 0.45905 -0.887731 0.995479 -0.0626805 -0.0713632 -0.0884027 -0.886197 -0.454797 -0.172739 1.87339 -0.962838</i>
                        <i>-0.0346263 0.448441 -0.893142 0.995434 -0.0640609 -0.0707567 -0.0889456 -0.891514 -0.444175 -0.172704 1.87716 -0.966526</i>
                        <i>-0.0344444 0.439681 -0.897493 0.995392 -0.0653207 -0.0702021 -0.0894914 -0.895776 -0.435405 -0.172682 1.88037 -0.969786</i>
                        <i>-0.0342016 0.433718 -0.900399 0.995354 -0.0663471 -0.0697676 -0.0899984 -0.898603 -0.429434 -0.172676 1.88305 -0.972386</i>
                        <i>-0.0339081 0.431408 -0.901519 0.995326 -0.0670372 -0.069516 -0.0904251 -0.899663 -0.427119 -0.172687 1.88521 -0.974088</i>
                        <i>-0.0335822 0.433075 -0.900732 0.995307 -0.0673491 -0.0694899 -0.0907579 -0.898838 -0.428781 -0.172716 1.88685 -0.974748</i>
                        <i>-0.0332468 0.438856 -0.897942 0.995296 -0.0672598 -0.0697237 -0.0909941 -0.896037 -0.434556 -0.172764 1.88767 -0.974242</i>
                        <i>-0.0329192 0.447956 -0.893449 0.995293 -0.0668278 -0.0701777 -0.0911438 -0.891554 -0.443648 -0.172826 1.88749 -0.972733</i>
                        <i>-0.0326129 0.459061 -0.887806 0.995296 -0.0661587 -0.0707704 -0.091224 -0.885938 -0.454744 -0.172897 1.88638 -0.970549</i>
                        <i>-0.0323402 0.470883 -0.881603 0.995303 -0.0653595 -0.071421 -0.0912521 -0.879771 -0.466557 -0.17297 1.88443 -0.968018</i>
                        <i>-0.0321125 0.482167 -0.875491 0.995311 -0.0645397 -0.072052 -0.091245 -0.873699 -0.477833 -0.173038 1.88173 -0.965468</i>
                        <i>-0.0319395 0.491697 -0.87018 0.995319 -0.0638115 -0.0725894 -0.0912195 -0.868425 -0.487357 -0.173094 1.8784 -0.963233</i>
                        <i>-0.0318295 0.498284 -0.86643 0.995324 -0.0632898 -0.0729626 -0.0911922 -0.864701 -0.493939 -0.173133 1.87454 -0.961647</i>
                        <i>-0.0317909 0.500744 -0.865011 0.995327 -0.0630904 -0.0731025 -0.0911795 -0.863293 -0.496398 -0.173148 1.87027 -0.961043</i>
                    </KeyFrames>
                </p>
            </i>
            <i>
                <p>
                    <Name><![CDATA[head]]></Name>
                    <Exclude>0</Exclude>
                    <Additive>0</Additive>
                    <IKPriority>0</IKPriority>
                    <IKRotLimits>-1e+010 -1e+010 -1e+010 1e+010 1e+010 1e+010</IKRotLimits>
                    <IKRotLimitOrder>0</IKRotLimitOrder>
                    <KeyFrames count="61">
                        <i>-0.0232065 0.912759 -0.40784 0.0623936 0.408477 0.910634 0.997782 -0.00431398 -0.0664296 -0.187523 2.01142 -1.19319</i>
                        <i>-0.0229215 0.91305 -0.407203 0.0625984 0.407821 0.910913 0.997776 -0.0046107 -0.0665033 -0.187522 2.01817 -1.19472</i>
                        <i>-0.0221552 0.913945 -0.405233 0.0631389 0.405802 0.911777 0.997759 -0.00538534 -0.0666961 -0.187522 2.02204 -1.19872</i>
                        <i>-0.0210371 0.915469 -0.401838 0.0639017 0.402336 0.913259 0.997734 -0.00646585 -0.066964 -0.187527 2.02368 -1.20428</i>
                        <i>-0.019699 0.91764 -0.396924 0.0647751 0.397338 0.915383 0.997705 -0.00767865 -0.0672674 -0.18754 2.0238 -1.2105</i>
                        <i>-0.0182803 0.920467 -0.390392 0.0656538 0.390719 0.918165 0.997675 -0.00884642 -0.0675747 -0.187564 2.02313 -1.21654</i>
                        <i>-0.0169301 0.92395 -0.382138 0.0664422 0.382388 0.92161 0.997647 -0.00978713 -0.0678632 -0.1876 2.02247 -1.22161</i>
                        <i>-0.0158078 0.928077 -0.372054 0.0670547 0.372246 0.925708 0.997624 -0.0103145 -0.0681163 -0.187649 2.02262 -1.22494</i>
                        <i>-0.0150802 0.932821 -0.360025 0.0674135 0.360195 0.930438 0.997611 -0.0102393 -0.0683166 -0.187708 2.02443 -1.22582</i>
                        <i>-0.0148733 0.937236 -0.348377 0.0674998 0.348562 0.934852 0.997608 -0.00961108 -0.0684475 -0.187773 2.02784 -1.2244</i>
                        <i>-0.0152718 0.939785 -0.341424 0.0673338 0.341656 0.93741 0.997614 -0.0086734 -0.068497 -0.187831 2.03203 -1.22149</i>
                        <i>-0.0165907 0.938439 -0.345045 0.0668326 0.345362 0.936087 0.997626 -0.00752995 -0.0684481 -0.187876 2.03675 -1.21734</i>
                        <i>-0.0188008 0.93267 -0.360241 0.0659596 0.360676 0.930356 0.997645 -0.00626986 -0.0682995 -0.187906 2.04165 -1.21221</i>
