<?xml version="1.0" encoding="ISO-8859-1" ?>
<Animl Version="1">
    <ModellingPackage><![CDATA[Maya.2010]]></ModellingPackage>
    <SrcFile><![CDATA[anims\turrets\special\blue\~src\firework_cannon\firework_cannon_aim_low_crewmana.mb]]></SrcFile>
    <FramesPerSecond>30</FramesPerSecond>
    <TotalFrames>61</TotalFrames>
    <Skeleton>
        <RefFrame>
            <Name><![CDATA[soldier_ref_frame]]></Name>
            <Exclude>0</Exclude>
            <Additive>0</Additive>
            <IKPriority>0</IKPriority>
            <IKRotLimits>-1e+010 -1e+010 -1e+010 1e+010 1e+010 1e+010</IKRotLimits>
            <IKRotLimitOrder>0</IKRotLimitOrder>
            <KeyFrames count="61">
                <i>1 0 0 0 1 0 0 0 1 0 5.8 -0.73</i>
                <i>1 0 0 0 1 0 0 0 1 0 5.8 -0.73</i>
                <i>1 0 0 0 1 0 0 0 1 0 5.8 -0.73</i>
                <i>1 0 0 0 1 0 0 0 1 0 5.8 -0.73</i>
                <i>1 0 0 0 1 0 0 0 1 0 5.8 -0.73</i>
                <i>1 0 0 0 1 0 0 0 1 0 5.8 -0.73</i>
                <i>1 0 0 0 1 0 0 0 1 0 5.8 -0.73</i>
                <i>1 0 0 0 1 0 0 0 1 0 5.8 -0.73</i>
                <i>1 0 0 0 1 0 0 0 1 0 5.8 -0.73</i>
                <i>1 0 0 0 1 0 0 0 1 0 5.8 -0.73</i>
                <i>1 0 0 0 1 0 0 0 1 0 5.8 -0.73</i>
                <i>1 0 0 0 1 0 0 0 1 0 5.8 -0.73</i>
                <i>1 0 0 0 1 0 0 0 1 0 5.8 -0.73</i>
                <i>1 0 0 0 1 0 0 0 1 0 5.8 -0.73</i>
                <i>1 0 0 0 1 0 0 0 1 0 5.8 -0.73</i>
                <i>1 0 0 0 1 0 0 0 1 0 5.8 -0.73</i>
                <i>1 0 0 0 1 0 0 0 1 0 5.8 -0.73</i>
                <i>1 0 0 0 1 0 0 0 1 0 5.8 -0.73</i>
                <i>1 0 0 0 1 0 0 0 1 0 5.8 -0.73</i>
                <i>1 0 0 0 1 0 0 0 1 0 5.8 -0.73</i>
                <i>1 0 0 0 1 0 0 0 1 0 5.8 -0.73</i>
                <i>1 0 0 0 1 0 0 0 1 0 5.8 -0.73</i>
                <i>1 0 0 0 1 0 0 0 1 0 5.8 -0.73</i>
                <i>1 0 0 0 1 0 0 0 1 0 5.8 -0.73</i>
                <i>1 0 0 0 1 0 0 0 1 0 5.8 -0.73</i>
                <i>1 0 0 0 1 0 0 0 1 0 5.8 -0.73</i>
                <i>1 0 0 0 1 0 0 0 1 0 5.8 -0.73</i>
                <i>1 0 0 0 1 0 0 0 1 0 5.8 -0.73</i>
                <i>1 0 0 0 1 0 0 0 1 0 5.8 -0.73</i>
                <i>1 0 0 0 1 0 0 0 1 0 5.8 -0.73</i>
                <i>1 0 0 0 1 0 0 0 1 0 5.8 -0.73</i>
                <i>1 0 0 0 1 0 0 0 1 0 5.8 -0.73</i>
                <i>1 0 0 0 1 0 0 0 1 0 5.8 -0.73</i>
                <i>1 0 0 0 1 0 0 0 1 0 5.8 -0.73</i>
                <i>1 0 0 0 1 0 0 0 1 0 5.8 -0.73</i>
                <i>1 0 0 0 1 0 0 0 1 0 5.8 -0.73</i>
                <i>1 0 0 0 1 0 0 0 1 0 5.8 -0.73</i>
                <i>1 0 0 0 1 0 0 0 1 0 5.8 -0.73</i>
                <i>1 0 0 0 1 0 0 0 1 0 5.8 -0.73</i>
                <i>1 0 0 0 1 0 0 0 1 0 5.8 -0.73</i>
                <i>1 0 0 0 1 0 0 0 1 0 5.8 -0.73</i>
                <i>1 0 0 0 1 0 0 0 1 0 5.8 -0.73</i>
                <i>1 0 0 0 1 0 0 0 1 0 5.8 -0.73</i>
                <i>1 0 0 0 1 0 0 0 1 0 5.8 -0.73</i>
                <i>1 0 0 0 1 0 0 0 1 0 5.8 -0.73</i>
                <i>1 0 0 0 1 0 0 0 1 0 5.8 -0.73</i>
                <i>1 0 0 0 1 0 0 0 1 0 5.8 -0.73</i>
                <i>1 0 0 0 1 0 0 0 1 0 5.8 -0.73</i>
                <i>1 0 0 0 1 0 0 0 1 0 5.8 -0.73</i>
                <i>1 0 0 0 1 0 0 0 1 0 5.8 -0.73</i>
                <i>1 0 0 0 1 0 0 0 1 0 5.8 -0.73</i>
                <i>1 0 0 0 1 0 0 0 1 0 5.8 -0.73</i>
                <i>1 0 0 0 1 0 0 0 1 0 5.8 -0.73</i>
                <i>1 0 0 0 1 0 0 0 1 0 5.8 -0.73</i>
                <i>1 0 0 0 1 0 0 0 1 0 5.8 -0.73</i>
                <i>1 0 0 0 1 0 0 0 1 0 5.8 -0.73</i>
                <i>1 0 0 0 1 0 0 0 1 0 5.8 -0.73</i>
                <i>1 0 0 0 1 0 0 0 1 0 5.8 -0.73</i>
                <i>1 0 0 0 1 0 0 0 1 0 5.8 -0.73</i>
                <i>1 0 0 0 1 0 0 0 1 0 5.8 -0.73</i>
                <i>1 0 0 0 1 0 0 0 1 0 5.8 -0.73</i>
            </KeyFrames>
        </RefFrame>
        <Bones count="23">
            <i>
                <p>
                    <Name><![CDATA[pelvis]]></Name>
                    <Exclude>0</Exclude>
                    <Additive>0</Additive>
                    <IKPriority>0</IKPriority>
                    <IKRotLimits>-1e+010 -1e+010 -1e+010 1e+010 1e+010 1e+010</IKRotLimits>
                    <IKRotLimitOrder>2</IKRotLimitOrder>
                    <KeyFrames count="61">
                        <i>1 0 0 0 1 0 0 0 1 0.156736 7.0964 0.209549</i>
                        <i>1 0 0 0 1 0 0 0 1 0.156736 7.09655 0.209767</i>
                        <i>1 0 0 0 1 0 0 0 1 0.156736 7.09673 0.210018</i>
                        <i>1 0 0 0 1 0 0 0 1 0.156736 7.09692 0.210293</i>
                        <i>1 0 0 0 1 0 0 0 1 0.156736 7.09712 0.210584</i>
                        <i>1 0 0 0 1 0 0 0 1 0.156736 7.09733 0.210883</i>
                        <i>1 0 0 0 1 0 0 0 1 0.156736 7.09754 0.211182</i>
                        <i>1 0 0 0 1 0 0 0 1 0.156736 7.09775 0.211473</i>
                        <i>1 0 0 0 1 0 0 0 1 0.156736 7.09794 0.211747</i>
                        <i>1 0 0 0 1 0 0 0 1 0.156736 7.09811 0.211998</i>
                        <i>1 0 0 0 1 0 0 0 1 0.156736 7.09827 0.212216</i>
                        <i>1 0 0 0 1 0 0 0 1 0.156736 7.09839 0.212394</i>
                        <i>1 0 0 0 1 0 0 0 1 0.156736 7.09848 0.212524</i>
                        <i>1 0 0 0 1 0 0 0 1 0.156736 7.09853 0.212597</i>
                        <i>1 0 0 0 1 0 0 0 1 0.156736 7.09854 0.212605</i>
                        <i>1 0 0 0 1 0 0 0 1 0.156736 7.09849 0.212541</i>
                        <i>1 0 0 0 1 0 0 0 1 0.156736 7.09841 0.212421</i>
                        <i>1 0 0 0 1 0 0 0 1 0.156736 7.09831 0.212272</i>
                        <i>1 0 0 0 1 0 0 0 1 0.156736 7.09818 0.212094</i>
                        <i>1 0 0 0 1 0 0 0 1 0.156736 7.09804 0.21189</i>
                        <i>1 0 0 0 1 0 0 0 1 0.156736 7.09788 0.211663</i>
                        <i>1 0 0 0 1 0 0 0 1 0.156736 7.09771 0.211414</i>
                        <i>1 0 0 0 1 0 0 0 1 0.156736 7.09752 0.211146</i>
                        <i>1 0 0 0 1 0 0 0 1 0.156736 7.09732 0.210861</i>
                        <i>1 0 0 0 1 0 0 0 1 0.156736 7.09711 0.210561</i>
                        <i>1 0 0 0 1 0 0 0 1 0.156736 7.09689 0.210249</i>
                        <i>1 0 0 0 1 0 0 0 1 0.156736 7.09666 0.209927</i>
                        <i>1 0 0 0 1 0 0 0 1 0.156736 7.09643 0.209597</i>
                        <i>1 0 0 0 1 0 0 0 1 0.156736 7.0962 0.209262</i>
                        <i>1 0 0 0 1 0 0 0 1 0.156736 7.09596 0.208923</i>
                        <i>1 0 0 0 1 0 0 0 1 0.156736 7.09572 0.208583</i>
                        <i>1 0 0 0 1 0 0 0 1 0.156736 7.09549 0.208245</i>
                        <i>1 0 0 0 1 0 0 0 1 0.156736 7.09525 0.20791</i>
                        <i>1 0 0 0 1 0 0 0 1 0.156736 7.09502 0.207581</i>
                        <i>1 0 0 0 1 0 0 0 1 0.156736 7.0948 0.207259</i>
                        <i>1 0 0 0 1 0 0 0 1 0.156736 7.09458 0.206948</i>
                        <i>1 0 0 0 1 0 0 0 1 0.156736 7.09437 0.20665</i>
                        <i>1 0 0 0 1 0 0 0 1 0.156736 7.09417 0.206366</i>
                        <i>1 0 0 0 1 0 0 0 1 0.156736 7.09398 0.2061</i>
                        <i>1 0 0 0 1 0 0 0 1 0.156736 7.09381 0.205853</i>
                        <i>1 0 0 0 1 0 0 0 1 0.156736 7.09365 0.205627</i>
                        <i>1 0 0 0 1 0 0 0 1 0.156736 7.09351 0.205425</i>
                        <i>1 0 0 0 1 0 0 0 1 0.156736 7.09339 0.20525</i>
                        <i>1 0 0 0 1 0 0 0 1 0.156736 7.09329 0.205102</i>
                        <i>1 0 0 0 1 0 0 0 1 0.156736 7.0932 0.204986</i>
                        <i>1 0 0 0 1 0 0 0 1 0.156736 7.09315 0.204902</i>
                        <i>1 0 0 0 1 0 0 0 1 0.156736 7.09312 0.204867</i>
                        <i>1 0 0 0 1 0 0 0 1 0.156736 7.09314 0.204892</i>
                        <i>1 0 0 0 1 0 0 0 1 0.156736 7.0932 0.204976</i>
                        <i>1 0 0 0 1 0 0 0 1 0.156736 7.0933 0.205115</i>
                        <i>1 0 0 0 1 0 0 0 1 0.156736 7.09343 0.205307</i>
                        <i>1 0 0 0 1 0 0 0 1 0.156736 7.0936 0.205549</i>
                        <i>1 0 0 0 1 0 0 0 1 0.156736 7.0938 0.205838</i>
                        <i>1 0 0 0 1 0 0 0 1 0.156736 7.09404 0.206173</i>
                        <i>1 0 0 0 1 0 0 0 1 0.156736 7.0943 0.20655</i>
                        <i>1 0 0 0 1 0 0 0 1 0.156736 7.09459 0.206966</i>
                        <i>1 0 0 0 1 0 0 0 1 0.156736 7.09491 0.207419</i>
                        <i>1 0 0 0 1 0 0 0 1 0.156736 7.09525 0.207907</i>
                        <i>1 0 0 0 1 0 0 0 1 0.156736 7.09561 0.208426</i>
                        <i>1 0 0 0 1 0 0 0 1 0.156736 7.096 0.208974</i>
                        <i>1 0 0 0 1 0 0 0 1 0.156736 7.0964 0.209549</i>
                    </KeyFrames>
                </p>
            </i>
            <i>
                <p>
                    <Name><![CDATA[spine0]]></Name>
                    <Exclude>0</Exclude>
                    <Additive>0</Additive>
                    <IKPriority>0</IKPriority>
                    <IKRotLimits>-1e+010 -1e+010 -1e+010 1e+010 1e+010 1e+010</IKRotLimits>
                    <IKRotLimitOrder>0</IKRotLimitOrder>
                    <KeyFrames count="61">
                        <i>0.383611 0.753604 0.533782 -0.919599 0.258681 0.295673 0.084741 -0.604289 0.792246 0.207285 7.22779 0.239163</i>
                        <i>0.383605 0.753604 0.533786 -0.919613 0.25876 0.29556 0.0846127 -0.604255 0.792286 0.207447 7.22773 0.240052</i>
                        <i>0.383619 0.753465 0.533973 -0.919628 0.258847 0.295436 0.0843834 -0.604391 0.792206 0.207624 7.22766 0.241038</i>
                        <i>0.383649 0.753202 0.534322 -0.919645 0.258939 0.295303 0.0840659 -0.604679 0.79202 0.207811 7.2276 0.242099</i>
                        <i>0.383693 0.752832 0.534812 -0.919662 0.259036 0.295164 0.0836733 -0.605098 0.791742 0.208005 7.22752 0.243209</i>
                        <i>0.383748 0.752371 0.535421 -0.91968 0.259135 0.295021 0.0832189 -0.60563 0.791383 0.208201 7.22744 0.244347</i>
                        <i>0.383814 0.751834 0.536127 -0.919698 0.259234 0.294877 0.0827163 -0.606253 0.790958 0.208397 7.22735 0.245489</i>
                        <i>0.383886 0.75124 0.536908 -0.919716 0.259332 0.294735 0.0821791 -0.606948 0.790482 0.208588 7.22726 0.24661</i>
                        <i>0.383964 0.750605 0.53774 -0.919734 0.259428 0.294597 0.0816211 -0.607692 0.789967 0.208771 7.22715 0.24769</i>
                        <i>0.384044 0.749946 0.538602 -0.91975 0.259518 0.294466 0.0810563 -0.608467 0.789429 0.208944 7.22705 0.248703</i>
                        <i>0.384125 0.74928 0.539469 -0.919765 0.259602 0.294344 0.0804985 -0.60925 0.788882 0.209102 7.22693 0.249628</i>
                        <i>0.384204 0.748626 0.540321 -0.919779 0.259678 0.294234 0.0799616 -0.610022 0.78834 0.209244 7.22681 0.250442</i>
                        <i>0.38428 0.748 0.541133 -0.919791 0.259744 0.294139 0.0794597 -0.610761 0.787818 0.209365 7.22669 0.251121</i>
                        <i>0.38435 0.747419 0.541885 -0.9198 0.259798 0.294061 0.0790064 -0.611448 0.78733 0.209464 7.22656 0.251643</i>
                        <i>0.384414 0.746902 0.542553 -0.919807 0.259839 0.294004 0.0786157 -0.612063 0.786892 0.209537 7.22644 0.251985</i>
                        <i>0.384468 0.746465 0.543115 -0.919812 0.259864 0.293969 0.0783013 -0.612585 0.786516 0.209581 7.22631 0.252125</i>
                        <i>0.384511 0.746129 0.543547 -0.919813 0.259871 0.293959 0.0780787 -0.612992 0.786222 0.209594 7.2262 0.252065</i>
                        <i>0.384546 0.745859 0.543892 -0.919811 0.259866 0.293968 0.0779192 -0.613322 0.78598 0.209584 7.22612 0.251867</i>
                        <i>0.384581 0.745605 0.544216 -0.919809 0.259854 0.293987 0.0777814 -0.613637 0.785748 0.20956 7.22604 0.251581</i>
                        <i>0.384614 0.745366 0.54452 -0.919805 0.259835 0.294016 0.0776642 -0.613934 0.785527 0.209524 7.22596 0.251213</i>
                        <i>0.384645 0.745142 0.544803 -0.9198 0.259809 0.294054 0.0775668 -0.614216 0.785316 0.209477 7.22588 0.25077</i>
                        <i>0.384675 0.744934 0.545067 -0.919794 0.259779 0.2941 0.077488 -0.614482 0.785116 0.20942 7.22581 0.250259</i>
                        <i>0.384704 0.74474 0.545312 -0.919787 0.259743 0.294153 0.0774268 -0.614733 0.784926 0.209352 7.22575 0.249685</i>
                        <i>0.384732 0.744559 0.545539 -0.919779 0.259702 0.294214 0.077382 -0.614969 0.784746 0.209276 7.22568 0.249054</i>
                        <i>0.384758 0.744392 0.545748 -0.91977 0.259657 0.29428 0.0773526 -0.61519 0.784575 0.209191 7.22562 0.248372</i>
                        <i>0.384783 0.744239 0.54594 -0.919761 0.259608 0.294352 0.0773375 -0.615396 0.784414 0.209099 7.22556 0.247647</i>
                        <i>0.384807 0.744097 0.546117 -0.919752 0.259555 0.294428 0.0773355 -0.615589 0.784263 0.209 7.2255 0.246883</i>
                        <i>0.384829 0.743968 0.546277 -0.919742 0.2595 0.294508 0.0773455 -0.615769 0.784121 0.208896 7.22545 0.246088</i>
                        <i>0.38485 0.74385 0.546423 -0.919731 0.259443 0.294592 0.0773665 -0.615936 0.783988 0.208786 7.22539 0.245267</i>
                        <i>0.384869 0.743743 0.546555 -0.91972 0.259383 0.294678 0.0773973 -0.61609 0.783864 0.208672 7.22534 0.244427</i>
                        <i>0.384887 0.743647 0.546673 -0.919709 0.259322 0.294766 0.0774369 -0.616232 0.783749 0.208554 7.22529 0.243574</i>
                        <i>0.384904 0.743561 0.546778 -0.919698 0.25926 0.294855 0.0774844 -0.616362 0.783642 0.208434 7.22524 0.242714</i>
                        <i>0.38492 0.743485 0.54687 -0.919687 0.259198 0.294944 0.0775387 -0.61648 0.783544 0.208313 7.22519 0.241853</i>
                        <i>0.384934 0.743419 0.54695 -0.919676 0.259135 0.295033 0.0775991 -0.616585 0.783454 0.20819 7.22514 0.240998</i>
                        <i>0.384947 0.743363 0.547017 -0.919665 0.259073 0.295122 0.0776648 -0.616679 0.783374 0.208068 7.2251 0.240156</i>
                        <i>0.384958 0.743317 0.547072 -0.919655 0.259012 0.295208 0.077735 -0.61676 0.783303 0.207948 7.22506 0.239331</i>
                        <i>0.384968 0.743281 0.547114 -0.919644 0.258953 0.295293 0.0778091 -0.616828 0.783243 0.207829 7.22502 0.238532</i>
                        <i>0.384976 0.743256 0.547142 -0.919634 0.258895 0.295374 0.0778867 -0.616882 0.783192 0.207714 7.22498 0.237764</i>
                        <i>0.384982 0.743242 0.547156 -0.919625 0.25884 0.295453 0.0779672 -0.616922 0.783153 0.207603 7.22495 0.237033</i>
                        <i>0.384987 0.74324 0.547155 -0.919616 0.258787 0.295526 0.0780504 -0.616946 0.783125 0.207498 7.22492 0.236346</i>
                        <i>0.384989 0.743251 0.547139 -0.919608 0.258738 0.295595 0.0781358 -0.616954 0.783111 0.207399 7.2249 0.23571</i>
                        <i>0.38499 0.743276 0.547105 -0.9196 0.258693 0.295658 0.0782233 -0.616943 0.78311 0.207307 7.22488 0.23513</i>
                        <i>0.384988 0.743314 0.547054 -0.919593 0.258653 0.295715 0.0783127 -0.616914 0.783125 0.207225 7.22486 0.234614</i>
                        <i>0.384984 0.743369 0.546983 -0.919587 0.258617 0.295766 0.0784038 -0.616863 0.783155 0.207152 7.22485 0.234167</i>
                        <i>0.384977 0.743439 0.546892 -0.919582 0.258586 0.295808 0.0784965 -0.616791 0.783203 0.207089 7.22485 0.233796</i>
                        <i>0.384965 0.743553 0.546746 -0.919577 0.258559 0.295846 0.0786116 -0.616666 0.78329 0.207033 7.22486 0.233481</i>
                        <i>0.384935 0.743805 0.546424 -0.919573 0.258532 0.295884 0.0788124 -0.616372 0.783501 0.206977 7.22491 0.23322</i>
                        <i>0.384879 0.744247 0.545861 -0.919569 0.258506 0.29592 0.0791294 -0.61585 0.78388 0.206925 7.22499 0.23303</i>
                        <i>0.384803 0.744849 0.545093 -0.919565 0.258482 0.295952 0.0795429 -0.615132 0.784401 0.206876 7.22511 0.232917</i>
                        <i>0.384709 0.74558 0.544159 -0.919562 0.258461 0.295981 0.0800331 -0.614254 0.785039 0.206834 7.22526 0.232886</i>
                        <i>0.384602 0.746411 0.543096 -0.919559 0.258444 0.296003 0.0805801 -0.613252 0.785767 0.2068 7.22544 0.232939</i>
                        <i>0.384483 0.747311 0.54194 -0.919557 0.258433 0.29602 0.0811638 -0.612159 0.786558 0.206775 7.22564 0.233083</i>
                        <i>0.384359 0.74825 0.540731 -0.919556 0.258426 0.296028 0.0817641 -0.611013 0.787386 0.206763 7.22586 0.233321</i>
                        <i>0.384231 0.749199 0.539506 -0.919556 0.258427 0.296028 0.0823609 -0.609849 0.788226 0.206763 7.22609 0.233659</i>
                        <i>0.384105 0.750127 0.538305 -0.919557 0.258435 0.296017 0.082934 -0.608704 0.789051 0.206779 7.22633 0.234099</i>
                        <i>0.383985 0.751005 0.537166 -0.91956 0.258451 0.295996 0.0834631 -0.607614 0.789835 0.206812 7.22658 0.234648</i>
                        <i>0.383873 0.751803 0.536129 -0.919564 0.258476 0.295961 0.083928 -0.606616 0.790552 0.206863 7.22684 0.235309</i>
                        <i>0.383776 0.752491 0.535232 -0.919569 0.258511 0.295913 0.0843085 -0.605747 0.791178 0.206935 7.22709 0.236087</i>
                        <i>0.383697 0.75304 0.534516 -0.919577 0.258556 0.29585 0.0845843 -0.605045 0.791685 0.207028 7.22734 0.236985</i>
                        <i>0.383641 0.753421 0.534019 -0.919587 0.258612 0.29577 0.0847352 -0.604547 0.79205 0.207144 7.22757 0.23801</i>
                        <i>0.383611 0.753604 0.533782 -0.919599 0.258681 0.295673 0.084741 -0.604289 0.792246 0.207285 7.22779 0.239163</i>
                    </KeyFrames>
                </p>
            </i>
            <i>
                <p>
                    <Name><![CDATA[spine1]]></Name>
                    <Exclude>0</Exclude>
                    <Additive>0</Additive>
                    <IKPriority>0</IKPriority>
                    <IKRotLimits>-1e+010 -1e+010 -1e+010 1e+010 1e+010 1e+010</IKRotLimits>
                    <IKRotLimitOrder>0</IKRotLimitOrder>
                    <KeyFrames count="61">
                        <i>0.415761 0.640859 0.645324 -0.906693 0.236623 0.349166 0.0710676 -0.73028 0.679441 0.272818 7.35653 0.330352</i>
                        <i>0.415489 0.646367 0.639984 -0.906555 0.236754 0.349436 0.0743452 -0.725367 0.684336 0.272903 7.35631 0.331137</i>
                        <i>0.4152 0.651814 0.634623 -0.906415 0.236903 0.349699 0.0775943 -0.720427 0.689176 0.273003 7.35607 0.332046</i>
                        <i>0.414899 0.657147 0.629299 -0.906274 0.237066 0.349952 0.0807846 -0.715512 0.693914 0.273115 7.3558 0.333054</i>
                        <i>0.414588 0.662313 0.624066 -0.906135 0.23724 0.350195 0.0838853 -0.710675 0.698501 0.273235 7.3555 0.334137</i>
                        <i>0.414273 0.667258 0.618987 -0.905998 0.237421 0.350427 0.0868647 -0.705973 0.702891 0.273362 7.35519 0.335269</i>
                        <i>0.413959 0.671931 0.614123 -0.905866 0.237604 0.350644 0.0896902 -0.701465 0.707038 0.273492 7.35486 0.336425</i>
                        <i>0.413654 0.676279 0.609538 -0.90574 0.237786 0.350844 0.0923287 -0.697212 0.710895 0.273623 7.35452 0.337578</i>
                        <i>0.413364 0.680252 0.6053 -0.905623 0.237964 0.351026 0.0947464 -0.693275 0.714418 0.273752 7.35417 0.338704</i>
                        <i>0.413096 0.683797 0.601476 -0.905516 0.238134 0.351187 0.0969088 -0.68972 0.717562 0.273875 7.35383 0.339776</i>
                        <i>0.41286 0.686864 0.598134 -0.905422 0.238291 0.351323 0.0987811 -0.686611 0.720283 0.273991 7.35349 0.340769</i>
                        <i>0.412661 0.689401 0.595346 -0.905342 0.238433 0.351433 0.100328 -0.684014 0.722536 0.274097 7.35316 0.341658</i>
                        <i>0.41251 0.691358 0.593178 -0.905279 0.238555 0.351512 0.101515 -0.681994 0.724278 0.274189 7.35285 0.342416</i>
                        <i>0.412411 0.692681 0.591701 -0.905235 0.238655 0.351558 0.102305 -0.680615 0.725463 0.274266 7.35257 0.343018</i>
                        <i>0.412373 0.693317 0.590982 -0.905212 0.238729 0.351567 0.102663 -0.679941 0.726045 0.274326 7.3523 0.343439</i>
                        <i>0.412401 0.693213 0.591085 -0.905212 0.238774 0.351538 0.102555 -0.680032 0.725975 0.274365 7.35208 0.343653</i>
                        <i>0.412497 0.692324 0.592059 -0.905236 0.238786 0.351468 0.101954 -0.680933 0.725215 0.274381 7.3519 0.343661</i>
                        <i>0.412647 0.690807 0.593725 -0.905279 0.238774 0.351364 0.100959 -0.682476 0.723902 0.27438 7.35178 0.343526</i>
                        <i>0.412832 0.688857 0.595857 -0.905335 0.23875 0.351237 0.0996914 -0.684452 0.72221 0.274372 7.35168 0.343307</i>
                        <i>0.413048 0.686505 0.598416 -0.905402 0.238714 0.351087 0.0981732 -0.686824 0.720163 0.274355 7.35158 0.34301</i>
                        <i>0.413289 0.683779 0.601364 -0.90548 0.238667 0.350919 0.096425 -0.689554 0.717787 0.274331 7.35151 0.34264</i>
                        <i>0.413551 0.680709 0.604658 -0.905567 0.238611 0.350732 0.094468 -0.692604 0.715105 0.274301 7.35144 0.342204</i>
                        <i>0.413827 0.677323 0.60826 -0.905662 0.238548 0.35053 0.0923232 -0.695937 0.712143 0.274264 7.35139 0.341708</i>
                        <i>0.414114 0.673652 0.61213 -0.905764 0.238477 0.350316 0.0900119 -0.699516 0.708926 0.274223 7.35136 0.341158</i>
                        <i>0.414405 0.669725 0.616228 -0.905871 0.2384 0.35009 0.0875553 -0.703302 0.705479 0.274177 7.35134 0.34056</i>
                        <i>0.414698 0.665573 0.620514 -0.905983 0.238319 0.349856 0.0849748 -0.70726 0.701828 0.274127 7.35132 0.339921</i>
                        <i>0.414986 0.661229 0.62495 -0.906098 0.238233 0.349615 0.0822915 -0.711352 0.698002 0.274074 7.35132 0.339246</i>
                        <i>0.415268 0.656722 0.629499 -0.906216 0.238145 0.349369 0.0795268 -0.715544 0.694026 0.274018 7.35133 0.338541</i>
                        <i>0.415539 0.652087 0.634121 -0.906336 0.238055 0.349121 0.076702 -0.7198 0.689931 0.27396 7.35135 0.337813</i>
                        <i>0.415796 0.647357 0.638783 -0.906456 0.237963 0.348872 0.073838 -0.724088 0.685744 0.273901 7.35138 0.337068</i>
                        <i>0.416037 0.642565 0.643447 -0.906575 0.237871 0.348624 0.0709562 -0.728373 0.681496 0.27384 7.35142 0.33631</i>
                        <i>0.41626 0.637746 0.64808 -0.906693 0.23778 0.348379 0.0680774 -0.732626 0.677218 0.273779 7.35146 0.335547</i>
                        <i>0.416465 0.632936 0.652648 -0.906809 0.237689 0.348139 0.0652224 -0.736815 0.672941 0.273718 7.35151 0.334783</i>
                        <i>0.416649 0.628171 0.657119 -0.906923 0.2376 0.347905 0.062412 -0.74091 0.668698 0.273657 7.35157 0.334025</i>
                        <i>0.416812 0.623486 0.661462 -0.907032 0.237513 0.347678 0.0596666 -0.744884 0.664521 0.273597 7.35163 0.333278</i>
                        <i>0.416955 0.61892 0.665647 -0.907137 0.237429 0.347461 0.0570066 -0.748709 0.660443 0.273538 7.3517 0.332548</i>
                        <i>0.417079 0.614508 0.669645 -0.907238 0.237348 0.347255 0.0544521 -0.75236 0.656498 0.273481 7.35177 0.331839</i>
                        <i>0.417183 0.61029 0.673428 -0.907332 0.23727 0.34706 0.0520231 -0.75581 0.652721 0.273425 7.35184 0.331159</i>
                        <i>0.417269 0.606301 0.676968 -0.907421 0.237196 0.34688 0.0497393 -0.759037 0.649145 0.273373 7.35192 0.330511</i>
                        <i>0.417339 0.602581 0.680238 -0.907502 0.237127 0.346714 0.0476201 -0.762015 0.645806 0.273322 7.352 0.329901</i>
                        <i>0.417394 0.599167 0.683214 -0.907576 0.237063 0.346564 0.0456852 -0.764722 0.642738 0.273275 7.35207 0.329334</i>
                        <i>0.417436 0.596097 0.685868 -0.907642 0.237003 0.346431 0.0439537 -0.767136 0.639977 0.273232 7.35215 0.328816</i>
                        <i>0.417467 0.593408 0.688177 -0.9077 0.236949 0.346317 0.0424448 -0.769234 0.637555 0.273192 7.35223 0.328352</i>
                        <i>0.417489 0.591139 0.690114 -0.907748 0.236901 0.346223 0.0411776 -0.770994 0.635509 0.273156 7.3523 0.327946</i>
                        <i>0.417503 0.589326 0.691654 -0.907787 0.236859 0.346151 0.0401711 -0.772394 0.633872 0.273125 7.35237 0.327604</i>
                        <i>0.417511 0.587908 0.692856 -0.907818 0.236819 0.346098 0.0393925 -0.773486 0.632588 0.273095 7.35246 0.327305</i>
                        <i>0.417508 0.587147 0.693502 -0.907836 0.236772 0.346082 0.0389992 -0.774078 0.631888 0.273059 7.3526 0.327024</i>
                        <i>0.417493 0.587328 0.693358 -0.907836 0.236718 0.346119 0.0391552 -0.773957 0.632026 0.273017 7.3528 0.326766</i>
                        <i>0.417466 0.588378 0.692484 -0.90782 0.236658 0.346202 0.039816 -0.773178 0.632938 0.27297 7.35305 0.326542</i>
                        <i>0.417427 0.59022 0.690938 -0.907788 0.236596 0.346329 0.0409367 -0.771792 0.634556 0.272921 7.35334 0.326363</i>
                        <i>0.417376 0.592776 0.688777 -0.907741 0.236535 0.346493 0.0424729 -0.769849 0.636811 0.272871 7.35367 0.326237</i>
                        <i>0.417308 0.59597 0.686056 -0.907681 0.236478 0.34669 0.0443801 -0.767397 0.639635 0.272822 7.35401 0.326176</i>
                        <i>0.417224 0.599724 0.682829 -0.907608 0.236428 0.346916 0.0466141 -0.764482 0.642957 0.272777 7.35437 0.326191</i>
                        <i>0.417119 0.603959 0.67915 -0.907523 0.236387 0.347165 0.0491311 -0.761153 0.646709 0.272737 7.35473 0.326293</i>
                        <i>0.416993 0.6086 0.675072 -0.907427 0.23636 0.347433 0.0518876 -0.757456 0.650821 0.272706 7.35508 0.326492</i>
                        <i>0.416844 0.613571 0.67065 -0.907322 0.236349 0.347715 0.0548403 -0.753438 0.655227 0.272685 7.35542 0.326799</i>
                        <i>0.416671 0.618798 0.665938 -0.907208 0.236357 0.348006 0.0579465 -0.749149 0.659862 0.272677 7.35573 0.327226</i>
                        <i>0.416475 0.62421 0.660992 -0.907087 0.236386 0.348302 0.061164 -0.744637 0.664662 0.272684 7.35601 0.327784</i>
                        <i>0.416256 0.629735 0.655869 -0.90696 0.236439 0.348597 0.0644508 -0.739953 0.669564 0.272708 7.35624 0.328483</i>
                        <i>0.416017 0.635307 0.650627 -0.906828 0.236517 0.348887 0.0677656 -0.73515 0.674509 0.272752 7.35642 0.329336</i>
                        <i>0.415761 0.640859 0.645324 -0.906693 0.236623 0.349166 0.0710676 -0.73028 0.679441 0.272818 7.35653 0.330352</i>
                    </KeyFrames>
                </p>
            </i>
            <i>
                <p>
                    <Name><![CDATA[spine2]]></Name>
                    <Exclude>0</Exclude>
                    <Additive>0</Additive>
                    <IKPriority>0</IKPriority>
                    <IKRotLimits>-1e+010 -1e+010 -1e+010 1e+010 1e+010 1e+010</IKRotLimits>
                    <IKRotLimitOrder>0</IKRotLimitOrder>
                    <KeyFrames count="61">
                        <i>0.485169 0.489008 0.724901 -0.873664 0.236619 0.425114 0.036359 -0.839573 0.542029 0.338251 7.45729 0.431812</i>
                        <i>0.485499 0.495328 0.720375 -0.873322 0.237103 0.425547 0.0399827 -0.835723 0.547695 0.338221 7.45783 0.431642</i>
                        <i>0.485808 0.501392 0.715958 -0.872984 0.237586 0.425972 0.0434773 -0.831961 0.553128 0.3382 7.45833 0.431591</i>
                        <i>0.486095 0.507164 0.711686 -0.872651 0.238065 0.426386 0.0468205 -0.828318 0.558299 0.338187 7.45877 0.431644</i>
                        <i>0.486359 0.512607 0.707594 -0.872328 0.238533 0.426785 0.049989 -0.824825 0.563174 0.338182 7.45916 0.431788</i>
                        <i>0.4866 0.517685 0.703721 -0.872018 0.238984 0.427166 0.0529587 -0.821516 0.56772 0.338184 7.4595 0.43201</i>
                        <i>0.486819 0.522358 0.700107 -0.871725 0.239414 0.427523 0.0557048 -0.818427 0.571904 0.338193 7.45979 0.432294</i>
                        <i>0.487015 0.526589 0.696793 -0.871452 0.239816 0.427855 0.0582014 -0.815593 0.575691 0.338207 7.46002 0.432627</i>
                        <i>0.487191 0.530338 0.69382 -0.871203 0.240185 0.428156 0.0604225 -0.813052 0.579047 0.338225 7.46019 0.432994</i>
                        <i>0.487347 0.533564 0.691232 -0.87098 0.240513 0.428424 0.0623411 -0.810841 0.581937 0.338248 7.4603 0.433382</i>
                        <i>0.487484 0.536228 0.689071 -0.870789 0.240797 0.428654 0.0639302 -0.808997 0.584325 0.338273 7.46036 0.433776</i>
                        <i>0.487601 0.538288 0.68738 -0.870631 0.241029 0.428843 0.0651625 -0.807559 0.586176 0.338301 7.46035 0.434162</i>
                        <i>0.487701 0.539702 0.686199 -0.870512 0.241204 0.428987 0.0660108 -0.806562 0.587453 0.33833 7.46028 0.434525</i>
                        <i>0.487781 0.540429 0.68557 -0.870434 0.241318 0.429082 0.0664479 -0.806041 0.588118 0.33836 7.46014 0.434851</i>
                        <i>0.48784 0.540426 0.68553 -0.8704 0.241364 0.429123 0.0664469 -0.806029 0.588134 0.33839 7.45994 0.435125</i>
                        <i>0.487876 0.539649 0.686116 -0.870416 0.241338 0.429107 0.0659816 -0.806557 0.587462 0.338419 7.45967 0.435335</i>
                        <i>0.487885 0.538076 0.687345 -0.870482 0.241236 0.429031 0.0650387 -0.807638 0.58608 0.338446 7.45936 0.435487</i>
                        <i>0.487871 0.535844 0.689096 -0.870588 0.241074 0.428905 0.063703 -0.809169 0.584112 0.338472 7.459 0.435617</i>
                        <i>0.487841 0.533115 0.691231 -0.870723 0.24087 0.428746 0.0620739 -0.81103 0.581702 0.3385 7.45861 0.43574</i>
                        <i>0.487792 0.529927 0.693712 -0.870884 0.240629 0.428555 0.0601755 -0.813188 0.578882 0.338529 7.45817 0.435858</i>
                        <i>0.487722 0.526316 0.696504 -0.871068 0.240354 0.428335 0.0580319 -0.815611 0.575683 0.338558 7.45769 0.43597</i>
                        <i>0.48763 0.52232 0.69957 -0.871274 0.240049 0.428087 0.0556674 -0.818265 0.572139 0.338589 7.45719 0.436076</i>
                        <i>0.487514 0.517975 0.702874 -0.871499 0.239717 0.427815 0.0531065 -0.82112 0.56828 0.338619 7.45665 0.436176</i>
                        <i>0.487372 0.513319 0.706379 -0.87174 0.239363 0.427521 0.0503735 -0.824141 0.56414 0.338651 7.45609 0.43627</i>
                        <i>0.487203 0.508391 0.710051 -0.871996 0.23899 0.427207 0.047493 -0.827298 0.559752 0.338682 7.45551 0.436358</i>
                        <i>0.487006 0.503229 0.713853 -0.872265 0.238602 0.426876 0.0444894 -0.83056 0.555149 0.338713 7.4549 0.43644</i>
                        <i>0.48678 0.497872 0.717752 -0.872543 0.238202 0.42653 0.0413869 -0.833896 0.550367 0.338744 7.45429 0.436516</i>
                        <i>0.486527 0.49236 0.721716 -0.87283 0.237794 0.426172 0.0382099 -0.837279 0.54544 0.338774 7.45366 0.436585</i>
                        <i>0.486246 0.486733 0.725711 -0.873121 0.237381 0.425804 0.0349824 -0.840679 0.540402 0.338804 7.45303 0.436649</i>
                        <i>0.485939 0.481031 0.729707 -0.873417 0.236967 0.425429 0.0317282 -0.844071 0.535292 0.338832 7.45239 0.436706</i>
                        <i>0.485608 0.475295 0.733675 -0.873713 0.236554 0.425051 0.0284709 -0.847429 0.530144 0.33886 7.45176 0.436757</i>
                        <i>0.485256 0.469567 0.737586 -0.874008 0.236146 0.424671 0.0252337 -0.85073 0.524997 0.338887 7.45113 0.436802</i>
                        <i>0.484885 0.463888 0.741414 -0.8743 0.235745 0.424292 0.0220395 -0.853951 0.519886 0.338912 7.45051 0.43684</i>
                        <i>0.484499 0.458298 0.745133 -0.874587 0.235354 0.423917 0.018911 -0.857071 0.514851 0.338936 7.4499 0.436873</i>
                        <i>0.484104 0.452841 0.748718 -0.874867 0.234975 0.42355 0.0158703 -0.860071 0.509928 0.338959 7.44932 0.436898</i>
                        <i>0.483702 0.447556 0.752148 -0.875137 0.234612 0.423193 0.0129392 -0.862932 0.505155 0.33898 7.44875 0.436917</i>
                        <i>0.4833 0.442485 0.755399 -0.875396 0.234267 0.422848 0.010139 -0.865636 0.500571 0.338999 7.44821 0.43693</i>
                        <i>0.482902 0.43767 0.758452 -0.875642 0.233941 0.422519 0.00749102 -0.868168 0.496213 0.339016 7.4477 0.436935</i>
                        <i>0.482516 0.433152 0.761287 -0.875873 0.233637 0.422209 0.00501575 -0.870513 0.49212 0.339031 7.44723 0.436934</i>
                        <i>0.482146 0.428971 0.763884 -0.876087 0.233357 0.42192 0.0027336 -0.872656 0.488328 0.339044 7.44679 0.436926</i>
                        <i>0.481799 0.425169 0.766225 -0.876282 0.233104 0.421655 0.000664744 -0.874582 0.484877 0.339055 7.4464 0.43691</i>
                        <i>0.481481 0.421785 0.768293 -0.876456 0.232878 0.421418 -0.00117091 -0.876279 0.481802 0.339064 7.44606 0.436887</i>
                        <i>0.481198 0.418859 0.770068 -0.876607 0.232682 0.421211 -0.00275357 -0.877734 0.479141 0.339071 7.44577 0.436857</i>
                        <i>0.480957 0.416431 0.771534 -0.876735 0.232519 0.421036 -0.00406347 -0.878931 0.476931 0.339075 7.44553 0.436819</i>
                        <i>0.480763 0.414542 0.772672 -0.876836 0.232389 0.420897 -0.00508084 -0.879858 0.47521 0.339077 7.44536 0.436773</i>
                        <i>0.480612 0.413165 0.773503 -0.876914 0.232289 0.42079 -0.00582084 -0.880532 0.473951 0.339075 7.44526 0.436709</i>
                        <i>0.480537 0.412745 0.773774 -0.876954 0.232238 0.420735 -0.00604286 -0.880742 0.473557 0.339064 7.44532 0.436572</i>
                        <i>0.480571 0.41368 0.773253 -0.876939 0.232255 0.420757 -0.00553359 -0.880299 0.474387 0.33904 7.44557 0.436326</i>
                        <i>0.480702 0.415837 0.772013 -0.876873 0.232337 0.420848 -0.00436325 -0.87926 0.476322 0.339004 7.44601 0.435989</i>
                        <i>0.480919 0.419083 0.770121 -0.876761 0.232478 0.421003 -0.00260125 -0.877681 0.479239 0.338958 7.44661 0.43558</i>
                        <i>0.481207 0.423282 0.76764 -0.876607 0.232674 0.421216 -0.000316305 -0.875611 0.483017 0.338903 7.44734 0.435118</i>
                        <i>0.481551 0.428303 0.764634 -0.876415 0.232919 0.42148 0.00242326 -0.873101 0.487533 0.338841 7.44819 0.434622</i>
                        <i>0.481936 0.43401 0.761165 -0.876189 0.23321 0.421789 0.00554957 -0.8702 0.492667 0.338773 7.44912 0.43411</i>
                        <i>0.482349 0.440273 0.757297 -0.875933 0.233542 0.422137 0.00899489 -0.866959 0.498299 0.338701 7.45013 0.433602</i>
                        <i>0.482777 0.446962 0.753094 -0.875651 0.233911 0.422517 0.0126916 -0.863429 0.50431 0.338626 7.45119 0.433117</i>
                        <i>0.483209 0.453948 0.748626 -0.875348 0.234313 0.422922 0.0165722 -0.859668 0.510584 0.338551 7.45226 0.432675</i>
                        <i>0.483635 0.461105 0.743962 -0.875028 0.234741 0.423347 0.0205688 -0.855733 0.517009 0.338477 7.45335 0.432296</i>
                        <i>0.484049 0.468309 0.739177 -0.874695 0.235192 0.423785 0.0246138 -0.851687 0.523472 0.338408 7.45441 0.431999</i>
                        <i>0.484444 0.47544 0.73435 -0.874353 0.235659 0.42423 0.0286393 -0.847597 0.529867 0.338345 7.45544 0.431806</i>
                        <i>0.484818 0.482379 0.729563 -0.874008 0.236137 0.424675 0.0325771 -0.843534 0.536087 0.338292 7.4564 0.431736</i>
                        <i>0.485169 0.489008 0.724901 -0.873664 0.236619 0.425114 0.036359 -0.839573 0.542029 0.338251 7.45729 0.431812</i>
                    </KeyFrames>
                </p>
            </i>
            <i>
                <p>
                    <Name><![CDATA[head]]></Name>
                    <Exclude>0</Exclude>
                    <Additive>0</Additive>
                    <IKPriority>0</IKPriority>
                    <IKRotLimits>-1e+010 -1e+010 -1e+010 1e+010 1e+010 1e+010</IKRotLimits>
                    <IKRotLimitOrder>0</IKRotLimitOrder>
                    <KeyFrames count="61">
                        <i>-0.00650521 0.813877 0.581 -0.442442 0.518705 -0.731567 -0.896773 -0.261818 0.35672 0.466538 7.591 0.609859</i>
                        <i>-0.00610125 0.813691 0.581265 -0.441947 0.519232 -0.731492 -0.89702 -0.261352 0.356441 0.466476 7.59282 0.608579</i>
                        <i>-0.00572418 0.813504 0.581531 -0.441506 0.519734 -0.731402 -0.89724 -0.260936 0.356192 0.466416 7.59451 0.607467</i>
                        <i>-0.0053751 0.813319 0.581793 -0.441118 0.520207 -0.7313 -0.897433 -0.26057 0.355973 0.46636 7.59605 0.606514</i>
                        <i>-0.00505535 0.813138 0.582049 -0.44078 0.520649 -0.731189 -0.897601 -0.260252 0.355783 0.466307 7.59745 0.605715</i>
                        <i>-0.00476614 0.812964 0.582295 -0.440492 0.521057 -0.731072 -0.897744 -0.259981 0.355621 0.46626 7.59869 0.605063</i>
                        <i>-0.00450907 0.812799 0.582527 -0.440253 0.521426 -0.730953 -0.897863 -0.259755 0.355486 0.466218 7.59978 0.604551</i>
                        <i>-0.0042856 0.812646 0.582741 -0.44006 0.521755 -0.730835 -0.897958 -0.259573 0.355377 0.466183 7.60071 0.604171</i>
                        <i>-0.00409743 0.812509 0.582935 -0.439913 0.522038 -0.730721 -0.898031 -0.259434 0.355294 0.466155 7.60147 0.603916</i>
                        <i>-0.00394628 0.812389 0.583103 -0.43981 0.522272 -0.730615 -0.898082 -0.259338 0.355236 0.466133 7.60206 0.603778</i>
                        <i>-0.00383407 0.81229 0.583241 -0.439751 0.522454 -0.730521 -0.898111 -0.259282 0.355203 0.46612 7.60248 0.603751</i>
                        <i>-0.00376278 0.812215 0.583346 -0.439735 0.522578 -0.730442 -0.89812 -0.259266 0.355193 0.466114 7.60271 0.603825</i>
                        <i>-0.00373446 0.812167 0.583414 -0.439761 0.522641 -0.730381 -0.898107 -0.25929 0.355207 0.466116 7.60276 0.603993</i>
                        <i>-0.00375152 0.812149 0.583439 -0.439828 0.522639 -0.730343 -0.898074 -0.259352 0.355245 0.466126 7.60262 0.604247</i>
                        <i>0.00381575 0.807938 0.589255 -0.431206 0.53299 -0.728 -0.902245 -0.251312 0.350422 0.466144 7.60228 0.604578</i>
                        <i>0.0225937 0.796291 0.604492 -0.408506 0.559219 -0.721385 -0.912476 -0.23064 0.337925 0.466169 7.60174 0.604977</i>
                        <i>0.0463649 0.778625 0.625774 -0.376753 0.593814 -0.710944 -0.925153 -0.2028 0.320882 0.466201 7.60101 0.605454</i>
                        <i>0.069017 0.75797 0.648628 -0.342462 0.628669 -0.698208 -0.936993 -0.173942 0.302965 0.466238 7.60013 0.606021</i>
                        <i>0.0853757 0.740017 0.667147 -0.314408 0.655389 -0.68674 -0.945441 -0.151125 0.288622 0.46628 7.59911 0.606668</i>
                        <i>0.0915391 0.732418 0.674674 -0.302917 0.665891 -0.681784 -0.94861 -0.14196 0.282817 0.466325 7.59796 0.607388</i>
                        <i>0.0914017 0.732594 0.674501 -0.303178 0.665654 -0.6819 -0.94854 -0.142167 0.282949 0.466373 7.59669 0.608174</i>
                        <i>0.0912509 0.732788 0.674311 -0.303463 0.665392 -0.682029 -0.948464 -0.142393 0.283091 0.466423 7.59532 0.609016</i>
                        <i>0.0910875 0.732999 0.674104 -0.303768 0.665108 -0.682171 -0.948382 -0.142634 0.283245 0.466474 7.59384 0.609909</i>
                        <i>0.0909125 0.733226 0.673881 -0.304092 0.664803 -0.682324 -0.948295 -0.14289 0.283407 0.466525 7.59228 0.610842</i>
