<?xml version="1.0" encoding="ISO-8859-1" ?>
<Animl Version="1">
    <ModellingPackage><![CDATA[Maya.2010]]></ModellingPackage>
    <SrcFile><![CDATA[anims\turrets\special\blue\~src\firework_cannon\firework_cannon_reload_crewmanb.mb]]></SrcFile>
    <FramesPerSecond>30</FramesPerSecond>
    <TotalFrames>91</TotalFrames>
    <Skeleton>
        <RefFrame>
            <Name><![CDATA[soldier_ref_frame]]></Name>
            <Exclude>0</Exclude>
            <Additive>0</Additive>
            <IKPriority>0</IKPriority>
            <IKRotLimits>-1e+010 -1e+010 -1e+010 1e+010 1e+010 1e+010</IKRotLimits>
            <IKRotLimitOrder>0</IKRotLimitOrder>
            <KeyFrames count="91">
                <i>1 0 0 0 1 0 0 0 1 -1.4 2.45 -0.5</i>
                <i>1 0 0 0 1 0 0 0 1 -1.4 2.45 -0.5</i>
                <i>1 0 0 0 1 0 0 0 1 -1.4 2.45 -0.5</i>
                <i>1 0 0 0 1 0 0 0 1 -1.4 2.45 -0.5</i>
                <i>1 0 0 0 1 0 0 0 1 -1.4 2.45 -0.5</i>
                <i>1 0 0 0 1 0 0 0 1 -1.4 2.45 -0.5</i>
                <i>1 0 0 0 1 0 0 0 1 -1.4 2.45 -0.5</i>
                <i>1 0 0 0 1 0 0 0 1 -1.4 2.45 -0.5</i>
                <i>1 0 0 0 1 0 0 0 1 -1.4 2.45 -0.5</i>
                <i>1 0 0 0 1 0 0 0 1 -1.4 2.45 -0.5</i>
                <i>1 0 0 0 1 0 0 0 1 -1.4 2.45 -0.5</i>
                <i>1 0 0 0 1 0 0 0 1 -1.4 2.45 -0.5</i>
                <i>1 0 0 0 1 0 0 0 1 -1.4 2.45 -0.5</i>
                <i>1 0 0 0 1 0 0 0 1 -1.4 2.45 -0.5</i>
                <i>1 0 0 0 1 0 0 0 1 -1.4 2.45 -0.5</i>
                <i>1 0 0 0 1 0 0 0 1 -1.4 2.45 -0.5</i>
                <i>1 0 0 0 1 0 0 0 1 -1.4 2.45 -0.5</i>
                <i>1 0 0 0 1 0 0 0 1 -1.4 2.45 -0.5</i>
                <i>1 0 0 0 1 0 0 0 1 -1.4 2.45 -0.5</i>
                <i>1 0 0 0 1 0 0 0 1 -1.4 2.45 -0.5</i>
                <i>1 0 0 0 1 0 0 0 1 -1.4 2.45 -0.5</i>
                <i>1 0 0 0 1 0 0 0 1 -1.4 2.45 -0.5</i>
                <i>1 0 0 0 1 0 0 0 1 -1.4 2.45 -0.5</i>
                <i>1 0 0 0 1 0 0 0 1 -1.4 2.45 -0.5</i>
                <i>1 0 0 0 1 0 0 0 1 -1.4 2.45 -0.5</i>
                <i>1 0 0 0 1 0 0 0 1 -1.4 2.45 -0.5</i>
                <i>1 0 0 0 1 0 0 0 1 -1.4 2.45 -0.5</i>
                <i>1 0 0 0 1 0 0 0 1 -1.4 2.45 -0.5</i>
                <i>1 0 0 0 1 0 0 0 1 -1.4 2.45 -0.5</i>
                <i>1 0 0 0 1 0 0 0 1 -1.4 2.45 -0.5</i>
                <i>1 0 0 0 1 0 0 0 1 -1.4 2.45 -0.5</i>
                <i>1 0 0 0 1 0 0 0 1 -1.4 2.45 -0.5</i>
                <i>1 0 0 0 1 0 0 0 1 -1.4 2.45 -0.5</i>
                <i>1 0 0 0 1 0 0 0 1 -1.4 2.45 -0.5</i>
                <i>1 0 0 0 1 0 0 0 1 -1.4 2.45 -0.5</i>
                <i>1 0 0 0 1 0 0 0 1 -1.4 2.45 -0.5</i>
                <i>1 0 0 0 1 0 0 0 1 -1.4 2.45 -0.5</i>
                <i>1 0 0 0 1 0 0 0 1 -1.4 2.45 -0.5</i>
                <i>1 0 0 0 1 0 0 0 1 -1.4 2.45 -0.5</i>
                <i>1 0 0 0 1 0 0 0 1 -1.4 2.45 -0.5</i>
                <i>1 0 0 0 1 0 0 0 1 -1.4 2.45 -0.5</i>
                <i>1 0 0 0 1 0 0 0 1 -1.4 2.45 -0.5</i>
                <i>1 0 0 0 1 0 0 0 1 -1.4 2.45 -0.5</i>
                <i>1 0 0 0 1 0 0 0 1 -1.4 2.45 -0.5</i>
                <i>1 0 0 0 1 0 0 0 1 -1.4 2.45 -0.5</i>
                <i>1 0 0 0 1 0 0 0 1 -1.4 2.45 -0.5</i>
                <i>1 0 0 0 1 0 0 0 1 -1.4 2.45 -0.5</i>
                <i>1 0 0 0 1 0 0 0 1 -1.4 2.45 -0.5</i>
                <i>1 0 0 0 1 0 0 0 1 -1.4 2.45 -0.5</i>
                <i>1 0 0 0 1 0 0 0 1 -1.4 2.45 -0.5</i>
                <i>1 0 0 0 1 0 0 0 1 -1.4 2.45 -0.5</i>
                <i>1 0 0 0 1 0 0 0 1 -1.4 2.45 -0.5</i>
                <i>1 0 0 0 1 0 0 0 1 -1.4 2.45 -0.5</i>
                <i>1 0 0 0 1 0 0 0 1 -1.4 2.45 -0.5</i>
                <i>1 0 0 0 1 0 0 0 1 -1.4 2.45 -0.5</i>
                <i>1 0 0 0 1 0 0 0 1 -1.4 2.45 -0.5</i>
                <i>1 0 0 0 1 0 0 0 1 -1.4 2.45 -0.5</i>
                <i>1 0 0 0 1 0 0 0 1 -1.4 2.45 -0.5</i>
                <i>1 0 0 0 1 0 0 0 1 -1.4 2.45 -0.5</i>
                <i>1 0 0 0 1 0 0 0 1 -1.4 2.45 -0.5</i>
                <i>1 0 0 0 1 0 0 0 1 -1.4 2.45 -0.5</i>
                <i>1 0 0 0 1 0 0 0 1 -1.4 2.45 -0.5</i>
                <i>1 0 0 0 1 0 0 0 1 -1.4 2.45 -0.5</i>
                <i>1 0 0 0 1 0 0 0 1 -1.4 2.45 -0.5</i>
                <i>1 0 0 0 1 0 0 0 1 -1.4 2.45 -0.5</i>
                <i>1 0 0 0 1 0 0 0 1 -1.4 2.45 -0.5</i>
                <i>1 0 0 0 1 0 0 0 1 -1.4 2.45 -0.5</i>
                <i>1 0 0 0 1 0 0 0 1 -1.4 2.45 -0.5</i>
                <i>1 0 0 0 1 0 0 0 1 -1.4 2.45 -0.5</i>
                <i>1 0 0 0 1 0 0 0 1 -1.4 2.45 -0.5</i>
                <i>1 0 0 0 1 0 0 0 1 -1.4 2.45 -0.5</i>
                <i>1 0 0 0 1 0 0 0 1 -1.4 2.45 -0.5</i>
                <i>1 0 0 0 1 0 0 0 1 -1.4 2.45 -0.5</i>
                <i>1 0 0 0 1 0 0 0 1 -1.4 2.45 -0.5</i>
                <i>1 0 0 0 1 0 0 0 1 -1.4 2.45 -0.5</i>
                <i>1 0 0 0 1 0 0 0 1 -1.4 2.45 -0.5</i>
                <i>1 0 0 0 1 0 0 0 1 -1.4 2.45 -0.5</i>
                <i>1 0 0 0 1 0 0 0 1 -1.4 2.45 -0.5</i>
                <i>1 0 0 0 1 0 0 0 1 -1.4 2.45 -0.5</i>
                <i>1 0 0 0 1 0 0 0 1 -1.4 2.45 -0.5</i>
                <i>1 0 0 0 1 0 0 0 1 -1.4 2.45 -0.5</i>
                <i>1 0 0 0 1 0 0 0 1 -1.4 2.45 -0.5</i>
                <i>1 0 0 0 1 0 0 0 1 -1.4 2.45 -0.5</i>
                <i>1 0 0 0 1 0 0 0 1 -1.4 2.45 -0.5</i>
                <i>1 0 0 0 1 0 0 0 1 -1.4 2.45 -0.5</i>
                <i>1 0 0 0 1 0 0 0 1 -1.4 2.45 -0.5</i>
                <i>1 0 0 0 1 0 0 0 1 -1.4 2.45 -0.5</i>
                <i>1 0 0 0 1 0 0 0 1 -1.4 2.45 -0.5</i>
                <i>1 0 0 0 1 0 0 0 1 -1.4 2.45 -0.5</i>
                <i>1 0 0 0 1 0 0 0 1 -1.4 2.45 -0.5</i>
                <i>1 0 0 0 1 0 0 0 1 -1.4 2.45 -0.5</i>
            </KeyFrames>
        </RefFrame>
        <Bones count="23">
            <i>
                <p>
                    <Name><![CDATA[pelvis]]></Name>
                    <Exclude>0</Exclude>
                    <Additive>0</Additive>
                    <IKPriority>0</IKPriority>
                    <IKRotLimits>-1e+010 -1e+010 -1e+010 1e+010 1e+010 1e+010</IKRotLimits>
                    <IKRotLimitOrder>2</IKRotLimitOrder>
                    <KeyFrames count="91">
                        <i>1 0 0 0 1 0 0 0 1 -1.10407 3.56922 -1.19916</i>
                        <i>1 0 0 0 1 0 0 0 1 -1.11698 3.54869 -1.21879</i>
                        <i>1 0 0 0 1 0 0 0 1 -1.12318 3.52816 -1.22079</i>
                        <i>1 0 0 0 1 0 0 0 1 -1.12443 3.50763 -1.21121</i>
                        <i>1 0 0 0 1 0 0 0 1 -1.12252 3.5361 -1.19609</i>
                        <i>1 0 0 0 1 0 0 0 1 -1.1192 3.56303 -1.18148</i>
                        <i>1 0 0 0 1 0 0 0 1 -1.11482 3.58894 -1.16153</i>
                        <i>1 0 0 0 1 0 0 0 1 -1.1088 3.60613 -1.13284</i>
                        <i>1 0 0 0 1 0 0 0 1 -1.10157 3.6129 -1.10511</i>
                        <i>1 0 0 0 1 0 0 0 1 -1.09352 3.61702 -1.08805</i>
                        <i>1 0 0 0 1 0 0 0 1 -1.08508 3.61569 -1.08057</i>
                        <i>1 0 0 0 1 0 0 0 1 -1.07666 3.60613 -1.07526</i>
                        <i>1 0 0 0 1 0 0 0 1 -1.06866 3.58513 -1.07231</i>
                        <i>1 0 0 0 1 0 0 0 1 -1.0615 3.555 -1.07191</i>
                        <i>1 0 0 0 1 0 0 0 1 -1.05559 3.52122 -1.07427</i>
                        <i>1 0 0 0 1 0 0 0 1 -1.05133 3.48927 -1.07959</i>
                        <i>1 0 0 0 1 0 0 0 1 -1.04915 3.51309 -1.08805</i>
                        <i>1 0 0 0 1 0 0 0 1 -1.05459 3.54473 -1.11284</i>
                        <i>1 0 0 0 1 0 0 0 1 -1.06923 3.57246 -1.15332</i>
                        <i>1 0 0 0 1 0 0 0 1 -1.08757 3.58454 -1.18894</i>
                        <i>1 0 0 0 1 0 0 0 1 -1.10407 3.56922 -1.19916</i>
                        <i>1 0 0 0 1 0 0 0 1 -1.11906 3.54193 -1.18332</i>
                        <i>1 0 0 0 1 0 0 0 1 -1.13598 3.52452 -1.15677</i>
                        <i>1 0 0 0 1 0 0 0 1 -1.15401 3.51493 -1.123</i>
                        <i>1 0 0 0 1 0 0 0 1 -1.17231 3.51108 -1.0855</i>
                        <i>1 0 0 0 1 0 0 0 1 -1.19006 3.5109 -1.04774</i>
                        <i>1 0 0 0 1 0 0 0 1 -1.20643 3.51231 -1.01321</i>
                        <i>1 0 0 0 1 0 0 0 1 -1.22061 3.51324 -0.985395</i>
                        <i>1 0 0 0 1 0 0 0 1 -1.23176 3.52775 -0.963633</i>
                        <i>1 0 0 0 1 0 0 0 1 -1.23905 3.55471 -0.945437</i>
                        <i>1 0 0 0 1 0 0 0 1 -1.24166 3.56922 -0.931536</i>
                        <i>1 0 0 0 1 0 0 0 1 -1.24 3.56269 -0.92266</i>
                        <i>1 0 0 0 1 0 0 0 1 -1.23543 3.55074 -0.919539</i>
                        <i>1 0 0 0 1 0 0 0 1 -1.22857 3.54482 -0.923158</i>
                        <i>1 0 0 0 1 0 0 0 1 -1.22004 3.54872 -0.933039</i>
                        <i>1 0 0 0 1 0 0 0 1 -1.21047 3.5569 -0.947718</i>
                        <i>1 0 0 0 1 0 0 0 1 -1.20048 3.56671 -0.96573</i>
                        <i>1 0 0 0 1 0 0 0 1 -1.19069 3.57555 -0.985611</i>
                        <i>1 0 0 0 1 0 0 0 1 -1.18173 3.58442 -1.0059</i>
                        <i>1 0 0 0 1 0 0 0 1 -1.17422 3.59416 -1.02512</i>
                        <i>1 0 0 0 1 0 0 0 1 -1.16877 3.60186 -1.04183</i>
                        <i>1 0 0 0 1 0 0 0 1 -1.16602 3.6046 -1.05454</i>
                        <i>1 0 0 0 1 0 0 0 1 -1.17113 3.60037 -1.06195</i>
                        <i>1 0 0 0 1 0 0 0 1 -1.18504 3.59135 -1.06482</i>
                        <i>1 0 0 0 1 0 0 0 1 -1.20205 3.5809 -1.06481</i>
                        <i>1 0 0 0 1 0 0 0 1 -1.21644 3.5724 -1.06359</i>
                        <i>1 0 0 0 1 0 0 0 1 -1.2225 3.56922 -1.06281</i>
                        <i>1 0 0 0 1 0 0 0 1 -1.21757 3.57392 -1.06281</i>
                        <i>1 0 0 0 1 0 0 0 1 -1.20523 3.58425 -1.06281</i>
                        <i>1 0 0 0 1 0 0 0 1 -1.1892 3.59638 -1.06281</i>
                        <i>1 0 0 0 1 0 0 0 1 -1.17316 3.60647 -1.06281</i>
                        <i>1 0 0 0 1 0 0 0 1 -1.16083 3.61069 -1.06281</i>
                        <i>1 0 0 0 1 0 0 0 1 -1.15504 3.60471 -1.06174</i>
                        <i>1 0 0 0 1 0 0 0 1 -1.15696 3.59033 -1.05873</i>
                        <i>1 0 0 0 1 0 0 0 1 -1.16475 3.57286 -1.054</i>
                        <i>1 0 0 0 1 0 0 0 1 -1.17647 3.5575 -1.0478</i>
                        <i>1 0 0 0 1 0 0 0 1 -1.19017 3.54927 -1.04046</i>
                        <i>1 0 0 0 1 0 0 0 1 -1.20389 3.54912 -1.03231</i>
                        <i>1 0 0 0 1 0 0 0 1 -1.21571 3.55331 -1.02365</i>
                        <i>1 0 0 0 1 0 0 0 1 -1.22373 3.55965 -1.01491</i>
                        <i>1 0 0 0 1 0 0 0 1 -1.22607 3.56602 -1.00659</i>
                        <i>1 0 0 0 1 0 0 0 1 -1.21277 3.57038 -0.999242</i>
                        <i>1 0 0 0 1 0 0 0 1 -1.18527 3.57075 -0.993504</i>
                        <i>1 0 0 0 1 0 0 0 1 -1.15873 3.56576 -0.989619</i>
                        <i>1 0 0 0 1 0 0 0 1 -1.15147 3.55831 -0.987102</i>
                        <i>1 0 0 0 1 0 0 0 1 -1.16525 3.55053 -0.985504</i>
                        <i>1 0 0 0 1 0 0 0 1 -1.18676 3.54247 -0.984597</i>
                        <i>1 0 0 0 1 0 0 0 1 -1.21134 3.53517 -0.984216</i>
                        <i>1 0 0 0 1 0 0 0 1 -1.23436 3.52984 -0.984197</i>
                        <i>1 0 0 0 1 0 0 0 1 -1.25117 3.52806 -0.984387</i>
                        <i>1 0 0 0 1 0 0 0 1 -1.26017 3.52913 -0.984654</i>
                        <i>1 0 0 0 1 0 0 0 1 -1.26279 3.5309 -0.984884</i>
                        <i>1 0 0 0 1 0 0 0 1 -1.25888 3.53114 -0.984961</i>
                        <i>1 0 0 0 1 0 0 0 1 -1.25083 3.52845 -0.984975</i>
                        <i>1 0 0 0 1 0 0 0 1 -1.24203 3.52398 -0.985097</i>
                        <i>1 0 0 0 1 0 0 0 1 -1.23376 3.51914 -0.98532</i>
                        <i>1 0 0 0 1 0 0 0 1 -1.22731 3.51539 -0.985636</i>
                        <i>1 0 0 0 1 0 0 0 1 -1.22399 3.51414 -0.986027</i>
                        <i>1 0 0 0 1 0 0 0 1 -1.22302 3.51685 -0.986475</i>
                        <i>1 0 0 0 1 0 0 0 1 -1.22272 3.52922 -0.986972</i>
                        <i>1 0 0 0 1 0 0 0 1 -1.22301 3.55016 -0.987504</i>
                        <i>1 0 0 0 1 0 0 0 1 -1.22382 3.5709 -0.988063</i>
                        <i>1 0 0 0 1 0 0 0 1 -1.22507 3.58267 -0.988637</i>
                        <i>1 0 0 0 1 0 0 0 1 -1.22668 3.58562 -0.989218</i>
                        <i>1 0 0 0 1 0 0 0 1 -1.22858 3.58611 -0.989796</i>
                        <i>1 0 0 0 1 0 0 0 1 -1.23068 3.58471 -0.990363</i>
                        <i>1 0 0 0 1 0 0 0 1 -1.23292 3.58199 -0.990913</i>
                        <i>1 0 0 0 1 0 0 0 1 -1.23522 3.57852 -0.991438</i>
                        <i>1 0 0 0 1 0 0 0 1 -1.23749 3.57485 -0.991933</i>
                        <i>1 0 0 0 1 0 0 0 1 -1.23966 3.57157 -0.992393</i>
                        <i>1 0 0 0 1 0 0 0 1 -1.24166 3.56922 -0.992813</i>
                    </KeyFrames>
                </p>
            </i>
            <i>
                <p>
                    <Name><![CDATA[spine0]]></Name>
                    <Exclude>0</Exclude>
                    <Additive>0</Additive>
                    <IKPriority>0</IKPriority>
                    <IKRotLimits>-1e+010 -1e+010 -1e+010 1e+010 1e+010 1e+010</IKRotLimits>
                    <IKRotLimitOrder>0</IKRotLimitOrder>
                    <KeyFrames count="91">
                        <i>-0.0059161 0.893262 0.449497 -0.979775 -0.0950861 0.176064 0.200013 -0.439364 0.875759 -1.11558 3.71203 -1.18618</i>
                        <i>-0.0220619 0.892795 0.449923 -0.996896 -0.053664 0.0576042 0.0755734 -0.447255 0.891208 -1.12195 3.69201 -1.20734</i>
                        <i>-0.0415195 0.888392 0.457204 -0.996895 -0.00619168 -0.0784989 -0.066907 -0.459043 0.885891 -1.12146 3.67161 -1.20999</i>
                        <i>-0.0607758 0.882537 0.466299 -0.974459 0.0487206 -0.219218 -0.216187 -0.467712 0.857035 -1.11612 3.6508 -1.19976</i>
                        <i>-0.0760548 0.8781 0.472394 -0.929519 0.109015 -0.352292 -0.360846 -0.465893 0.80792 -1.10806 3.6786 -1.18264</i>
                        <i>-0.086809 0.877964 0.470791 -0.867218 0.165986 -0.469448 -0.490303 -0.449031 0.746977 -1.09935 3.70456 -1.16495</i>
                        <i>-0.0944743 0.881395 0.462836 -0.797155 0.211516 -0.565512 -0.596337 -0.422379 0.682626 -1.09047 3.72919 -1.1407</i>
                        <i>-0.100307 0.885269 0.454134 -0.731243 0.243926 -0.637012 -0.674702 -0.395979 0.622879 -1.08188 3.74505 -1.10692</i>
                        <i>-0.10516 0.888678 0.446309 -0.682051 0.262155 -0.682702 -0.723705 -0.376198 0.578555 -1.07446 3.75089 -1.07476</i>
                        <i>-0.107655 0.891175 0.440701 -0.661868 0.266523 -0.70064 -0.74185 -0.367113 0.561148 -1.06776 3.75474 -1.05541</i>
                        <i>-0.10595 0.892419 0.438593 -0.685571 0.253927 -0.682285 -0.720255 -0.372975 0.584913 -1.06179 3.75419 -1.04943</i>
                        <i>-0.0983681 0.894061 0.437011 -0.749695 0.222211 -0.623361 -0.654432 -0.388944 0.648415 -1.05628 3.74629 -1.05005</i>
                        <i>-0.0838533 0.900479 0.426738 -0.833055 0.171644 -0.525888 -0.546798 -0.399594 0.735756 -1.05081 3.72707 -1.05715</i>
                        <i>-0.0637314 0.927733 0.367763 -0.913531 0.0941164 -0.395732 -0.401746 -0.361183 0.841514 -1.04636 3.69803 -1.0751</i>
                        <i>-0.0411758 0.966095 0.254881 -0.97217 0.0201443 -0.233408 -0.230629 -0.257399 0.93838 -1.04398 3.66191 -1.102</i>
                        <i>-0.0195724 0.990341 0.137262 -0.998345 -0.0119343 -0.05625 -0.0540686 -0.138136 0.988936 -1.04386 3.62444 -1.12826</i>
                        <i>-0.000835582 0.997534 0.0701807 -0.994647 -0.00808049 0.103012 0.103325 -0.069719 0.992201 -1.04565 3.64449 -1.14649</i>
                        <i>0.0131869 0.998959 0.0436593 -0.97531 0.00322398 0.220817 0.220447 -0.0454932 0.974338 -1.05445 3.67554 -1.17272</i>
                        <i>0.013898 0.999868 0.00840918 -0.961985 0.0110764 0.272877 0.272748 -0.0118819 0.962012 -1.07455 3.70281 -1.21395</i>
                        <i>0.0033404 0.999446 -0.0331124 -0.965564 0.0118377 0.259896 0.260144 0.031104 0.965069 -1.09892 3.71405 -1.25053</i>
                        <i>-0.00587886 0.996923 -0.0781719 -0.979734 0.0099098 0.200059 0.200218 0.0777638 0.97666 -1.11559 3.69814 -1.26195</i>
                        <i>-0.0088549 0.992279 -0.12371 -0.992282 0.00658298 0.123828 0.123686 0.123851 0.984562 -1.12518 3.67093 -1.2467</i>
                        <i>-0.00375224 0.987074 -0.160219 -0.998699 0.00445026 0.0508061 0.0508624 0.160201 0.985773 -1.13611 3.65392 -1.21964</i>
                        <i>0.00658808 0.983945 -0.17835 -0.999835 0.00345855 -0.0178523 -0.0169489 0.178438 0.983805 -1.14791 3.64489 -1.1844</i>
                        <i>0.0179946 0.983155 -0.181887 -0.996709 0.00325806 -0.0809962 -0.0790392 0.182746 0.979978 -1.16008 3.64165 -1.14466</i>
                        <i>0.0296279 0.983216 -0.180024 -0.990479 0.00465542 -0.137584 -0.134437 0.182387 0.973993 -1.17208 3.64203 -1.10411</i>
                        <i>0.0399329 0.984033 -0.173448 -0.982443 0.00700717 -0.186433 -0.182241 0.177848 0.967036 -1.18335 3.64392 -1.06653</i>
                        <i>0.047655 0.985463 -0.16307 -0.97399 0.00963884 -0.226387 -0.221524 0.169617 0.96029 -1.19326 3.64521 -1.03572</i>
                        <i>0.052261 0.987205 -0.150646 -0.966517 0.012052 -0.256319 -0.251224 0.158997 0.954781 -1.20117 3.65997 -1.01138</i>
                        <i>0.0537073 0.988944 -0.138219 -0.961315 0.0137567 -0.275108 -0.270165 0.147647 0.951426 -1.2064 3.68707 -0.99138</i>
                        <i>0.0521534 0.990426 -0.127817 -0.959422 0.0141772 -0.281617 -0.277109 0.137318 0.950975 -1.20828 3.70163 -0.976808</i>
                        <i>0.0508557 0.991499 -0.119768 -0.961189 0.0160314 -0.275424 -0.271162 0.129126 0.953833 -1.20684 3.69501 -0.968359</i>
                        <i>0.0524193 0.992169 -0.113368 -0.965815 0.0215087 -0.258337 -0.253875 0.123034 0.95938 -1.20289 3.68281 -0.966398</i>
                        <i>0.0558794 0.992453 -0.109156 -0.97215 0.0291603 -0.232539 -0.227601 0.11911 0.966442 -1.19706 3.67652 -0.971721</i>
                        <i>0.0600485 0.992374 -0.10765 -0.979033 0.0375221 -0.200218 -0.194652 0.117416 0.973819 -1.18993 3.67998 -0.983656</i>
                        <i>0.0635561 0.991983 -0.109224 -0.985497 0.045129 -0.163582 -0.157341 0.118037 0.980465 -1.18209 3.68766 -1.00055</i>
                        <i>0.0649111 0.991355 -0.114027 -0.990888 0.0505198 -0.124853 -0.118013 0.121092 0.985601 -1.17409 3.69699 -1.02075</i>
                        <i>0.0625843 0.99056 -0.121959 -0.994903 0.0522396 -0.0862491 -0.0790639 0.126735 0.988781 -1.16646 3.70539 -1.04262</i>
                        <i>0.0574513 0.989742 -0.130809 -0.997423 0.0512644 -0.0501858 -0.0429652 0.133355 0.990137 -1.15966 3.71391 -1.06457</i>
                        <i>0.0517007 0.989096 -0.137897 -0.998588 0.0495166 -0.0192251 -0.0121872 0.138696 0.99026 -1.15416 3.72343 -1.08499</i>
                        <i>0.0458992 0.988759 -0.142301 -0.998887 0.0469765 0.00421799 0.0108554 0.141949 0.989815 -1.1504 3.73109 -1.10231</i>
                        <i>0.0422131 0.988796 -0.14318 -0.998802 0.0453127 0.0184556 0.0247366 0.142229 0.989525 -1.14798 3.73389 -1.11499</i>
                        <i>0.0408572 0.99067 -0.130015 -0.999097 0.04203 0.00628827 0.0116941 0.129641 0.991492 -1.15103 3.73041 -1.12012</i>
                        <i>0.0382369 0.994271 -0.0998193 -0.998748 0.0348003 -0.0359463 -0.0322666 0.101069 0.994356 -1.16142 3.723 -1.1178</i>
                        <i>0.0316772 0.997465 -0.0637161 -0.995622 0.0258814 -0.0898153 -0.0879385 0.0662822 0.993918 -1.17521 3.71438 -1.11128</i>
                        <i>0.0227142 0.999164 -0.0339906 -0.990369 0.0178435 -0.137299 -0.136577 0.0367819 0.989946 -1.18781 3.70735 -1.10437</i>
                        <i>0.0170737 0.999585 -0.0231955 -0.986869 0.0131208 -0.160987 -0.160616 0.0256396 0.986684 -1.19384 3.70485 -1.10125</i>
                        <i>0.0175601 0.999257 -0.034297 -0.985564 0.0115222 -0.168908 -0.168387 0.0367679 0.985035 -1.1909 3.70953 -1.10274</i>
                        <i>0.0207322 0.998172 -0.0567683 -0.983817 0.0102606 -0.178882 -0.177973 0.0595582 0.982231 -1.18207 3.71949 -1.10604</i>
                        <i>0.0242285 0.996289 -0.0825867 -0.98206 0.00826636 -0.188386 -0.187004 0.0856694 0.978616 -1.16999 3.73098 -1.10983</i>
                        <i>0.0267679 0.994238 -0.1038 -0.980736 0.00602058 -0.195244 -0.193494 0.107027 0.975246 -1.15725 3.74039 -1.11288</i>
                        <i>0.0277445 0.993254 -0.112595 -0.98022 0.00495251 -0.197846 -0.195954 0.115857 0.973745 -1.14629 3.74429 -1.11413</i>
                        <i>0.0177075 0.993601 -0.111554 -0.979729 -0.00502402 -0.200264 -0.199543 0.112839 0.97337 -1.14039 3.73835 -1.11296</i>
                        <i>-0.00679359 0.994057 -0.108653 -0.977933 -0.029293 -0.206854 -0.208807 0.10485 0.97232 -1.14192 3.72407 -1.10956</i>
                        <i>-0.0374842 0.993842 -0.104278 -0.974441 -0.0594816 -0.216624 -0.221492 0.0934929 0.97067 -1.1489 3.70678 -1.10409</i>
                        <i>-0.066067 0.992904 -0.0988787 -0.969603 -0.0872805 -0.228587 -0.235595 0.080771 0.968489 -1.15926 3.69165 -1.09683</i>
                        <i>-0.0838325 0.992139 -0.0929085 -0.964741 -0.104153 -0.241716 -0.249493 0.069369 0.965889 -1.17094 3.68357 -1.0883</i>
                        <i>-0.0898161 0.992139 -0.0871433 -0.95949 -0.109656 -0.259529 -0.267045 0.0603032 0.961796 -1.18275 3.6835 -1.07913</i>
                        <i>-0.0915523 0.99235 -0.0828263 -0.95216 -0.11159 -0.284499 -0.291565 0.0528173 0.955092 -1.19444 3.68781 -1.07005</i>
                        <i>-0.0907623 0.992617 -0.0804616 -0.943164 -0.111614 -0.313023 -0.319693 0.0474778 0.946331 -1.2038 3.69423 -1.06169</i>
                        <i>-0.0872305 0.992939 -0.0803958 -0.932955 -0.109722 -0.342865 -0.349265 0.0450974 0.935938 -1.20808 3.70049 -1.05445</i>
                        <i>-0.0804674 0.993343 -0.0824315 -0.922287 -0.105566 -0.371809 -0.378036 0.0461069 0.924642 -1.19645 3.70451 -1.04863</i>
                        <i>-0.0697349 0.993864 -0.0858599 -0.912222 -0.0983649 -0.397713 -0.403718 0.0505888 0.913484 -1.16955 3.70438 -1.04442</i>
                        <i>-0.0357659 0.994813 -0.0952251 -0.908094 -0.0721339 -0.412507 -0.417236 0.0717197 0.905964 -1.13956 3.6982 -1.04244</i>
                        <i>0.00267307 0.994878 -0.101046 -0.907895 -0.0399431 -0.41729 -0.419189 0.0928543 0.903138 -1.12788 3.68974 -1.04064</i>
                        <i>0.0268988 0.994946 -0.0967382 -0.906939 -0.0164086 -0.420942 -0.420402 0.0990585 0.901914 -1.13923 3.68201 -1.03776</i>
                        <i>0.054973 0.9944 -0.0902575 -0.905516 0.0115604 -0.424155 -0.420737 0.105047 0.90108 -1.15767 3.67408 -1.03489</i>
                        <i>0.0803972 0.993328 -0.0826837 -0.903795 0.0376655 -0.426305 -0.420346 0.109003 0.900793 -1.1793 3.66692 -1.0323</i>
                        <i>0.0967643 0.992461 -0.0752138 -0.902445 0.0556122 -0.427201 -0.419798 0.109214 0.901023 -1.2002 3.66177 -1.0303</i>
                        <i>0.0978138 0.992806 -0.0690547 -0.9023 0.0591951 -0.427026 -0.419866 0.104077 0.901599 -1.21642 3.66028 -1.0292</i>
                        <i>0.0851232 0.994297 -0.0642524 -0.903247 0.0497855 -0.426222 -0.420593 0.0943172 0.902334 -1.22583 3.6617 -1.02874</i>
                        <i>0.0667217 0.995954 -0.0602067 -0.904444 0.0348895 -0.425164 -0.421343 0.0828212 0.903112 -1.22872 3.66373 -1.02836</i>
                        <i>0.0460451 0.997305 -0.0571124 -0.905504 0.017527 -0.423976 -0.421833 0.0712375 0.903871 -1.22476 3.6641 -1.02799</i>
                        <i>0.0245058 0.998207 -0.0546077 -0.906298 -0.000871257 -0.422638 -0.421928 0.059848 0.904652 -1.21646 3.66146 -1.02768</i>
                        <i>0.00277643 0.998636 -0.0521447 -0.906802 -0.0194674 -0.421106 -0.421547 0.0484541 0.905511 -1.20742 3.65701 -1.02753</i>
                        <i>-0.0167636 0.998624 -0.0496966 -0.907046 -0.0361018 -0.41948 -0.420697 0.0380451 0.906403 -1.19893 3.65219 -1.02753</i>
                        <i>-0.0317171 0.998378 -0.0472729 -0.907186 -0.0486081 -0.417913 -0.419533 0.0296303 0.907256 -1.19229 3.64844 -1.02766</i>
                        <i>-0.0397316 0.9982 -0.0449305 -0.90744 -0.0548702 -0.416583 -0.418299 0.0242202 0.907987 -1.18878 3.64719 -1.02791</i>
                        <i>-0.0423999 0.998188 -0.0427048 -0.907867 -0.0563375 -0.415456 -0.417109 0.021155 0.90861 -1.18763 3.64988 -1.02825</i>
                        <i>-0.0430568 0.998248 -0.0405767 -0.90838 -0.0560241 -0.414376 -0.415923 0.0190174 0.909201 -1.18715 3.66224 -1.02866</i>
                        <i>-0.0419705 0.998375 -0.0385395 -0.908966 -0.0541675 -0.413337 -0.414753 0.0176831 0.909762 -1.18728 3.68315 -1.02914</i>
                        <i>-0.0394104 0.998553 -0.0365839 -0.909605 -0.0510064 -0.412332 -0.413601 0.0170267 0.910299 -1.18792 3.70386 -1.02965</i>
                        <i>-0.0356463 0.998762 -0.0346991 -0.910275 -0.0467794 -0.411353 -0.412467 0.0169225 0.910815 -1.18901 3.71559 -1.0302</i>
                        <i>-0.0309482 0.99898 -0.0328722 -0.910954 -0.0417254 -0.410393 -0.411346 0.0172441 0.911316 -1.19045 3.7185 -1.03076</i>
                        <i>-0.0255859 0.999189 -0.0310881 -0.911622 -0.0360828 -0.409443 -0.410233 0.0178646 0.911806 -1.19218 3.71895 -1.03132</i>
                        <i>-0.0198285 0.999373 -0.0293298 -0.912263 -0.0300889 -0.408499 -0.409125 0.0186566 0.912288 -1.19411 3.71751 -1.03186</i>
                        <i>-0.013944 0.999522 -0.0275783 -0.912866 -0.0239802 -0.407555 -0.408022 0.0194923 0.912764 -1.19616 3.71475 -1.03238</i>
                        <i>-0.00819931 0.999633 -0.0258122 -0.913425 -0.0179915 -0.406609 -0.406924 0.0202436 0.913238 -1.19825 3.71123 -1.03286</i>
                        <i>-0.00285953 0.999708 -0.024008 -0.91394 -0.0123561 -0.40566 -0.405838 0.0207818 0.913709 -1.20031 3.70753 -1.0333</i>
                        <i>0.00181143 0.999753 -0.0221398 -0.914416 -0.00730558 -0.404709 -0.404771 0.0209781 0.914178 -1.20226 3.7042 -1.03368</i>
                        <i>0.00555064 0.999781 -0.0201796 -0.914861 -0.00307025 -0.403757 -0.40373 0.0207026 0.914644 -1.20401 3.70182 -1.03399</i>
                    </KeyFrames>
                </p>
            </i>
            <i>
                <p>
                    <Name><![CDATA[spine1]]></Name>
                    <Exclude>0</Exclude>
                    <Additive>0</Additive>
                    <IKPriority>0</IKPriority>
                    <IKRotLimits>-1e+010 -1e+010 -1e+010 1e+010 1e+010 1e+010</IKRotLimits>
                    <IKRotLimitOrder>0</IKRotLimitOrder>
                    <KeyFrames count="91">
                        <i>0.0466597 0.810402 0.584014 -0.982817 -0.0672799 0.171883 0.178586 -0.581999 0.793338 -1.11661 3.86736 -1.10803</i>
                        <i>-0.0143689 0.806042 0.591684 -0.989939 -0.0947732 0.105068 0.140765 -0.584221 0.799294 -1.1258 3.84737 -1.12907</i>
                        <i>-0.0770454 0.7809 0.619887 -0.99314 -0.114959 0.0213822 0.0879589 -0.613987 0.7844 -1.1287 3.82666 -1.13021</i>
                        <i>-0.129813 0.747659 0.651272 -0.991226 -0.114344 -0.0663072 0.0248941 -0.654165 0.755942 -1.12676 3.80538 -1.11811</i>
                        <i>-0.16214 0.722312 0.672292 -0.985523 -0.084331 -0.147078 -0.0495412 -0.686407 0.725528 -1.1214 3.83274 -1.09974</i>
                        <i>-0.179921 0.719444 0.670842 -0.97469 -0.0383936 -0.220239 -0.132693 -0.693489 0.708142 -1.11457 3.85858 -1.08238</i>
                        <i>-0.195799 0.742699 0.64036 -0.956769 -0.00146683 -0.290844 -0.21507 -0.669624 0.710879 -1.10699 3.88337 -1.05975</i>
                        <i>-0.202865 0.779534 0.592597 -0.935197 0.0251508 -0.353233 -0.290261 -0.625854 0.723916 -1.09935 3.89931 -1.0278</i>
                        <i>-0.197071 0.816793 0.542229 -0.915272 0.0449238 -0.400324 -0.351341 -0.575179 0.738734 -1.09271 3.90515 -0.997299</i>
                        <i>-0.182514 0.843278 0.50554 -0.902595 0.0601893 -0.426263 -0.389886 -0.534097 0.750153 -1.08639 3.90902 -0.979123</i>
                        <i>-0.163239 0.849909 0.501007 -0.904109 0.0743912 -0.420777 -0.394892 -0.521652 0.756267 -1.08011 3.90855 -0.97358</i>
                        <i>-0.144507 0.836144 0.529132 -0.919822 0.0836072 -0.383324 -0.364753 -0.5421 0.757022 -1.07332 3.90124 -0.974322</i>
                        <i>-0.130987 0.813451 0.566693 -0.942787 0.0745645 -0.324951 -0.306587 -0.576835 0.757143 -1.06542 3.8841 -0.982747</i>
                        <i>-0.11887 0.814681 0.567596 -0.96692 0.0349577 -0.252675 -0.225691 -0.578855 0.783575 -1.05757 3.86132 -1.01039</i>
                        <i>-0.103945 0.848031 0.519653 -0.986783 -0.022626 -0.160459 -0.124317 -0.529463 0.839174 -1.05128 3.83353 -1.05676</i>
                        <i>-0.0860411 0.885798 0.456025 -0.996224 -0.071168 -0.0497248 -0.0115918 -0.458582 0.888577 -1.04735 3.80133 -1.10379</i>
                        <i>-0.0666668 0.905953 0.418096 -0.993233 -0.100196 0.0587356 0.0951032 -0.411351 0.906502 -1.0458 3.82266 -1.134</i>
                        <i>-0.0426843 0.918602 0.392872 -0.983237 -0.108393 0.146616 0.177266 -0.380028 0.90783 -1.05212 3.85308 -1.165</i>
                        <i>-0.00134566 0.947552 0.3196 -0.97651 -0.0701081 0.203746 0.215466 -0.311818 0.925389 -1.07211 3.87904 -1.21249</i>
                        <i>0.0426397 0.977992 0.204241 -0.976048 -0.00287454 0.217536 0.213335 -0.208625 0.954444 -1.09834 3.88893 -1.25635</i>
                        <i>0.0467201 0.995782 0.0789591 -0.982778 0.0316743 0.182054 0.178785 -0.0861049 0.980113 -1.11661 3.87147 -1.27556</i>
                        <i>-0.00368492 0.999506 -0.0312057 -0.996568 -0.00108975 0.0827751 0.0827002 0.0314037 0.99608 -1.12671 3.84235 -1.26808</i>
                        <i>-0.0572939 0.991356 -0.118025 -0.997493 -0.0617622 -0.0345531 -0.0415439 0.115749 0.992409 -1.13675 3.82372 -1.24721</i>
                        <i>-0.0924249 0.981416 -0.168164 -0.985658 -0.114125 -0.124311 -0.141193 0.154263 0.977889 -1.14678 3.81384 -1.21503</i>
                        <i>-0.108078 0.975979 -0.189168 -0.972717 -0.143109 -0.182598 -0.205284 0.164272 0.964818 -1.15699 3.81041 -1.17588</i>
                        <i>-0.11817 0.972279 -0.201767 -0.958813 -0.164574 -0.231502 -0.25829 0.1661 0.951681 -1.167 3.81085 -1.13502</i>
                        <i>-0.124109 0.970271 -0.207776 -0.945615 -0.179104 -0.271542 -0.300683 0.162775 0.939731 -1.17649 3.813 -1.09634</i>
                        <i>-0.12714 0.969653 -0.208824 -0.934408 -0.187714 -0.302729 -0.332742 0.156638 0.929918 -1.18506 3.81472 -1.06377</i>
                        <i>-0.129304 0.970321 -0.204344 -0.92603 -0.191856 -0.325053 -0.35461 0.147199 0.923355 -1.19217 3.82996 -1.03732</i>
                        <i>-0.132805 0.972165 -0.193025 -0.920841 -0.193061 -0.338792 -0.366627 0.132752 0.920848 -1.19714 3.85748 -1.0152</i>
                        <i>-0.139428 0.974917 -0.173486 -0.918827 -0.192696 -0.34442 -0.369211 0.111382 0.922647 -1.19929 3.87234 -0.998843</i>
                        <i>-0.139827 0.978814 -0.149572 -0.922426 -0.18368 -0.339693 -0.35997 0.0904708 0.928567 -1.19807 3.86581 -0.988995</i>
                        <i>-0.126443 0.983799 -0.12709 -0.93241 -0.161598 -0.32326 -0.338561 0.0776264 0.937737 -1.19387 3.85351 -0.985906</i>
                        <i>-0.103703 0.988736 -0.107918 -0.945771 -0.13161 -0.296977 -0.307835 0.0712681 0.948767 -1.18746 3.84698 -0.990471</i>
                        <i>-0.0766505 0.992628 -0.0938859 -0.959693 -0.0989868 -0.263043 -0.270398 0.0699392 0.960205 -1.17963 3.85012 -1.00211</i>
                        <i>-0.0509049 0.994981 -0.0861514 -0.972102 -0.0691414 -0.224136 -0.228968 0.0723383 0.970742 -1.17121 3.85746 -1.01924</i>
                        <i>-0.0324299 0.99587 -0.0848038 -0.98191 -0.0475821 -0.183274 -0.186552 0.0773261 0.979397 -1.163 3.86648 -1.04024</i>
                        <i>-0.02723 0.99568 -0.0887662 -0.988845 -0.0398384 -0.143524 -0.14644 0.0838678 0.985658 -1.15576 3.87466 -1.06346</i>
                        <i>-0.0315663 0.994987 -0.0948966 -0.993274 -0.0418105 -0.10798 -0.111406 0.0908497 0.989614 -1.14985 3.88305 -1.08692</i>
                        <i>-0.0374593 0.994218 -0.100639 -0.99582 -0.0455341 -0.079175 -0.0832997 0.0972526 0.991768 -1.14533 3.89248 -1.10855</i>
                        <i>-0.0442849 0.993475 -0.105103 -0.996959 -0.0507004 -0.0591739 -0.0641165 0.102163 0.992699 -1.14256 3.9001 -1.12663</i>
                        <i>-0.0558103 0.992655 -0.107341 -0.99691 -0.0613542 -0.0490561 -0.0552815 0.104271 0.993011 -1.14076 3.90302 -1.13948</i>
                        <i>-0.0747157 0.992318 -0.098602 -0.994443 -0.0814974 -0.06664 -0.0741638 0.0930751 0.992893 -1.14403 3.9001 -1.14238</i>
                        <i>-0.0987767 0.992053 -0.0779373 -0.987408 -0.107436 -0.116114 -0.123565 0.0654865 0.990173 -1.15485 3.89363 -1.13493</i>
                        <i>-0.124153 0.990726 -0.0552087 -0.975228 -0.132098 -0.177426 -0.183074 0.0318131 0.982584 -1.16977 3.88591 -1.12224</i>
                        <i>-0.143892 0.988833 -0.0387964 -0.96173 -0.148971 -0.229962 -0.233173 0.00422199 0.972426 -1.18389 3.87943 -1.11023</i>
                        <i>-0.148248 0.988306 -0.0356936 -0.955243 -0.152445 -0.253519 -0.255995 -0.00348771 0.966672 -1.19089 3.87702 -1.10525</i>
                        <i>-0.124845 0.990949 -0.049329 -0.958609 -0.133295 -0.251595 -0.255894 0.0158767 0.966575 -1.18788 3.88124 -1.10864</i>
                        <i>-0.0786624 0.994165 -0.0738177 -0.965067 -0.0945044 -0.244364 -0.249914 0.0520168 0.96687 -1.17852 3.89039 -1.11576</i>
                        <i>-0.0259317 0.99447 -0.101767 -0.970372 -0.049504 -0.236489 -0.240219 0.0926196 0.96629 -1.16586 3.90108 -1.12392</i>
                        <i>0.0170949 0.992016 -0.124944 -0.972926 -0.0123019 -0.230789 -0.230483 0.125507 0.964948 -1.15268 3.90995 -1.13058</i>
                        <i>0.0348206 0.990286 -0.134612 -0.973509 0.0031528 -0.228628 -0.225982 0.139007 0.964162 -1.14156 3.91365 -1.13333</i>
                        <i>0.0100088 0.991211 -0.131907 -0.972099 -0.0212715 -0.233604 -0.234357 0.130565 0.963343 -1.13737 3.90777 -1.13197</i>
                        <i>-0.051712 0.990777 -0.125248 -0.965662 -0.0815827 -0.246662 -0.254605 0.108192 0.960974 -1.14308 3.89368 -1.1281</i>
                        <i>-0.130894 0.984462 -0.117053 -0.951218 -0.157983 -0.265003 -0.279378 0.0766555 0.957117 -1.15531 3.87672 -1.12192</i>
                        <i>-0.207645 0.972112 -0.109004 -0.930038 -0.230727 -0.285996 -0.303171 0.0419918 0.952011 -1.1706 3.86209 -1.1138</i>
                        <i>-0.262827 0.959521 -0.1012 -0.909065 -0.281412 -0.307259 -0.3233 0.0112413 0.94623 -1.18539 3.85461 -1.10433</i>
                        <i>-0.286718 0.953455 -0.0933633 -0.894258 -0.30132 -0.33092 -0.343649 -0.0113896 0.939029 -1.19828 3.85497 -1.0942</i>
                        <i>-0.28339 0.955324 -0.0839365 -0.885035 -0.294235 -0.360747 -0.369327 -0.0279454 0.928879 -1.21025 3.8592 -1.08436</i>
                        <i>-0.261598 0.962534 -0.0713697 -0.878647 -0.268095 -0.3951 -0.399432 -0.0406488 0.915861 -1.21943 3.86519 -1.07556</i>
                        <i>-0.228085 0.971988 -0.0567143 -0.872579 -0.229905 -0.430987 -0.431954 -0.0488141 0.900574 -1.22305 3.87098 -1.06826</i>
                        <i>-0.189683 0.980952 -0.04188 -0.865051 -0.187144 -0.465471 -0.464443 -0.0520638 0.884072 -1.21023 3.87467 -1.06275</i>
                        <i>-0.153409 0.987718 -0.0296557 -0.855731 -0.147797 -0.495864 -0.494157 -0.0506925 0.867894 -1.18148 3.87442 -1.05911</i>
                        <i>-0.107333 0.993812 -0.0285901 -0.851156 -0.106712 -0.513951 -0.513822 -0.0308294 0.857343 -1.14568 3.86834 -1.05872</i>
                        <i>-0.0692335 0.997085 -0.0320525 -0.850164 -0.0757812 -0.521035 -0.521946 -0.00882316 0.852933 -1.12743 3.85974 -1.0579</i>
                        <i>-0.0512527 0.998178 -0.031828 -0.848517 -0.0603312 -0.525718 -0.52668 6.21595e-005 0.850064 -1.13464 3.85177 -1.05426</i>
                        <i>-0.0333018 0.99889 -0.0333271 -0.847656 -0.0458947 -0.528558 -0.5295 0.0106479 0.848243 -1.1483 3.84355 -1.05026</i>
                        <i>-0.0198745 0.999199 -0.0347355 -0.847814 -0.0352574 -0.52912 -0.529921 0.0189332 0.847836 -1.1656 3.83619 -1.04638</i>
                        <i>-0.0156253 0.999294 -0.0341703 -0.849178 -0.0313045 -0.527178 -0.527875 0.0207793 0.849068 -1.1837 3.831 -1.04312</i>
                        <i>-0.0252476 0.99924 -0.0297015 -0.851738 -0.0370562 -0.522655 -0.523359 0.0121021 0.852027 -1.19973 3.8297 -1.04098</i>
                        <i>-0.0495469 0.998527 -0.02213 -0.857462 -0.0538883 -0.511718 -0.512156 -0.00637845 0.858869 -1.2113 3.83149 -1.03971</i>
                        <i>-0.0827964 0.996469 -0.0139565 -0.866608 -0.0789072 -0.492711 -0.492073 -0.0286999 0.870081 -1.21731 3.83402 -1.03865</i>
                        <i>-0.119885 0.992771 -0.00585987 -0.876589 -0.108622 -0.468821 -0.466068 -0.0510677 0.883274 -1.21687 3.83495 -1.03777</i>
                        <i>-0.15789 0.987455 0.0020284 -0.885258 -0.140639 -0.443328 -0.437481 -0.0717929 0.896357 -1.21225 3.83293 -1.03706</i>
                        <i>-0.194946 0.980765 0.0098249 -0.891015 -0.172902 -0.419759 -0.409986 -0.0905846 0.907582 -1.20694 3.82913 -1.03652</i>
                        <i>-0.227932 0.973525 0.0172105 -0.893138 -0.202007 -0.401868 -0.387751 -0.10697 0.915536 -1.20183 3.82493 -1.03613</i>
                        <i>-0.254153 0.966868 0.0239077 -0.891485 -0.224609 -0.393454 -0.375048 -0.121311 0.919034 -1.19779 3.8217 -1.03588</i>
                        <i>-0.270306 0.962305 0.0300778 -0.888637 -0.237348 -0.392416 -0.370485 -0.1328 0.919296 -1.19568 3.82078 -1.03574</i>
                        <i>-0.27849 0.959761 0.0360897 -0.886638 -0.242464 -0.393807 -0.36921 -0.14167 0.918484 -1.195 3.82363 -1.0357</i>
                        <i>-0.283839 0.957954 0.041951 -0.884548 -0.244699 -0.397111 -0.370149 -0.149823 0.916811 -1.19465 3.83608 -1.03574</i>
                        <i>-0.286801 0.956804 0.0476523 -0.882384 -0.244471 -0.402035 -0.37302 -0.157352 0.914383 -1.19458 3.85704 -1.03586</i>
                        <i>-0.287795 0.956214 0.0531843 -0.880138 -0.242189 -0.40829 -0.377532 -0.164313 0.911302 -1.19478 3.87774 -1.03604</i>
                        <i>-0.287222 0.956074 0.0585393 -0.877791 -0.238258 -0.415591 -0.383388 -0.170752 0.907666 -1.19521 3.88942 -1.03625</i>
                        <i>-0.28547 0.956268 0.0637132 -0.875321 -0.233078 -0.423659 -0.390281 -0.176711 0.903578 -1.19583 3.89224 -1.03649</i>
                        <i>-0.28292 0.95668 0.0687073 -0.872715 -0.227047 -0.432224 -0.3979 -0.182247 0.899145 -1.19662 3.89258 -1.03673</i>
                        <i>-0.27995 0.957194 0.07353 -0.869971 -0.220561 -0.441025 -0.405929 -0.187434 0.894478 -1.19754 3.891 -1.03696</i>
                        <i>-0.276939 0.9577 0.0781984 -0.867103 -0.214012 -0.449811 -0.414049 -0.192376 0.889694 -1.19857 3.8881 -1.03717</i>
                        <i>-0.274265 0.958088 0.0827388 -0.864143 -0.20779 -0.458344 -0.421942 -0.197206 0.884915 -1.19967 3.88444 -1.03735</i>
