<?xml version="1.0" encoding="ISO-8859-1" ?>
<Animl Version="1">
    <ModellingPackage><![CDATA[Maya.2010]]></ModellingPackage>
    <SrcFile><![CDATA[anims\turrets\special\blue\~src\firework_cannon\firework_cannon_startup_crewmana.mb]]></SrcFile>
    <FramesPerSecond>30</FramesPerSecond>
    <TotalFrames>31</TotalFrames>
    <Skeleton>
        <RefFrame>
            <Name><![CDATA[soldier_ref_frame]]></Name>
            <Exclude>0</Exclude>
            <Additive>0</Additive>
            <IKPriority>0</IKPriority>
            <IKRotLimits>-1e+010 -1e+010 -1e+010 1e+010 1e+010 1e+010</IKRotLimits>
            <IKRotLimitOrder>0</IKRotLimitOrder>
            <KeyFrames count="31">
                <i>1 0 0 0 1 0 0 0 1 0 5.8 -0.73</i>
                <i>1 0 0 0 1 0 0 0 1 0 5.8 -0.73</i>
                <i>1 0 0 0 1 0 0 0 1 0 5.8 -0.73</i>
                <i>1 0 0 0 1 0 0 0 1 0 5.8 -0.73</i>
                <i>1 0 0 0 1 0 0 0 1 0 5.8 -0.73</i>
                <i>1 0 0 0 1 0 0 0 1 0 5.8 -0.73</i>
                <i>1 0 0 0 1 0 0 0 1 0 5.8 -0.73</i>
                <i>1 0 0 0 1 0 0 0 1 0 5.8 -0.73</i>
                <i>1 0 0 0 1 0 0 0 1 0 5.8 -0.73</i>
                <i>1 0 0 0 1 0 0 0 1 0 5.8 -0.73</i>
                <i>1 0 0 0 1 0 0 0 1 0 5.8 -0.73</i>
                <i>1 0 0 0 1 0 0 0 1 0 5.8 -0.73</i>
                <i>1 0 0 0 1 0 0 0 1 0 5.8 -0.73</i>
                <i>1 0 0 0 1 0 0 0 1 0 5.8 -0.73</i>
                <i>1 0 0 0 1 0 0 0 1 0 5.8 -0.73</i>
                <i>1 0 0 0 1 0 0 0 1 0 5.8 -0.73</i>
                <i>1 0 0 0 1 0 0 0 1 0 5.8 -0.73</i>
                <i>1 0 0 0 1 0 0 0 1 0 5.8 -0.73</i>
                <i>1 0 0 0 1 0 0 0 1 0 5.8 -0.73</i>
                <i>1 0 0 0 1 0 0 0 1 0 5.8 -0.73</i>
                <i>1 0 0 0 1 0 0 0 1 0 5.8 -0.73</i>
                <i>1 0 0 0 1 0 0 0 1 0 5.8 -0.73</i>
                <i>1 0 0 0 1 0 0 0 1 0 5.8 -0.73</i>
                <i>1 0 0 0 1 0 0 0 1 0 5.8 -0.73</i>
                <i>1 0 0 0 1 0 0 0 1 0 5.8 -0.73</i>
                <i>1 0 0 0 1 0 0 0 1 0 5.8 -0.73</i>
                <i>1 0 0 0 1 0 0 0 1 0 5.8 -0.73</i>
                <i>1 0 0 0 1 0 0 0 1 0 5.8 -0.73</i>
                <i>1 0 0 0 1 0 0 0 1 0 5.8 -0.73</i>
                <i>1 0 0 0 1 0 0 0 1 0 5.8 -0.73</i>
                <i>1 0 0 0 1 0 0 0 1 0 5.8 -0.73</i>
            </KeyFrames>
        </RefFrame>
        <Bones count="23">
            <i>
                <p>
                    <Name><![CDATA[pelvis]]></Name>
                    <Exclude>0</Exclude>
                    <Additive>0</Additive>
                    <IKPriority>0</IKPriority>
                    <IKRotLimits>-1e+010 -1e+010 -1e+010 1e+010 1e+010 1e+010</IKRotLimits>
                    <IKRotLimitOrder>2</IKRotLimitOrder>
                    <KeyFrames count="31">
                        <i>1 0 0 0 1 0 0 0 1 0.156736 6.78443 -0.871782</i>
                        <i>1 0 0 0 1 0 0 0 1 0.156736 6.78397 -0.871782</i>
                        <i>1 0 0 0 1 0 0 0 1 0.156736 6.7835 -0.871782</i>
                        <i>1 0 0 0 1 0 0 0 1 0.156736 6.78303 -0.871782</i>
                        <i>1 0 0 0 1 0 0 0 1 0.156736 6.78256 -0.871782</i>
                        <i>1 0 0 0 1 0 0 0 1 0.156736 6.78209 -0.871782</i>
                        <i>1 0 0 0 1 0 0 0 1 0.156736 6.78162 -0.871782</i>
                        <i>1 0 0 0 1 0 0 0 1 0.156736 6.78116 -0.871782</i>
                        <i>1 0 0 0 1 0 0 0 1 0.156736 6.78069 -0.871782</i>
                        <i>1 0 0 0 1 0 0 0 1 0.156736 6.78023 -0.871782</i>
                        <i>1 0 0 0 1 0 0 0 1 0.156736 6.77978 -0.871782</i>
                        <i>1 0 0 0 1 0 0 0 1 0.156736 6.77934 -0.871782</i>
                        <i>1 0 0 0 1 0 0 0 1 0.156736 6.7789 -0.871782</i>
                        <i>1 0 0 0 1 0 0 0 1 0.156736 6.77848 -0.871782</i>
                        <i>1 0 0 0 1 0 0 0 1 0.155597 6.77952 -0.871782</i>
                        <i>1 0 0 0 1 0 0 0 1 0.156736 6.78067 -0.871782</i>
                        <i>1 0 0 0 1 0 0 0 1 0.163813 6.77775 -0.871782</i>
                        <i>1 0 0 0 1 0 0 0 1 0.167079 6.76514 -0.871782</i>
                        <i>1 0 0 0 1 0 0 0 1 0.168055 6.74848 -0.871782</i>
                        <i>1 0 0 0 1 0 0 0 1 0.164109 6.74081 -0.871782</i>
                        <i>1 0 0 0 1 0 0 0 1 0.156612 6.74335 -0.871782</i>
                        <i>1 0 0 0 1 0 0 0 1 0.150014 6.7482 -0.871782</i>
                        <i>1 0 0 0 1 0 0 0 1 0.146694 6.75465 -0.871782</i>
                        <i>1 0 0 0 1 0 0 0 1 0.146454 6.76206 -0.871782</i>
                        <i>1 0 0 0 1 0 0 0 1 0.147372 6.76982 -0.871782</i>
                        <i>1 0 0 0 1 0 0 0 1 0.147512 6.77732 -0.871782</i>
                        <i>1 0 0 0 1 0 0 0 1 0.144923 6.78395 -0.871782</i>
                        <i>1 0 0 0 1 0 0 0 1 0.141324 6.789 -0.871782</i>
                        <i>1 0 0 0 1 0 0 0 1 0.144111 6.78862 -0.871782</i>
                        <i>1 0 0 0 1 0 0 0 1 0.15198 6.78455 -0.871782</i>
                        <i>1 0 0 0 1 0 0 0 1 0.156736 6.78443 -0.871782</i>
                    </KeyFrames>
                </p>
            </i>
            <i>
                <p>
                    <Name><![CDATA[spine0]]></Name>
                    <Exclude>0</Exclude>
                    <Additive>0</Additive>
                    <IKPriority>0</IKPriority>
                    <IKRotLimits>-1e+010 -1e+010 -1e+010 1e+010 1e+010 1e+010</IKRotLimits>
                    <IKRotLimitOrder>0</IKRotLimitOrder>
                    <KeyFrames count="31">
                        <i>0.39722 0.916853 0.0399659 -0.917515 0.397681 -0.00399104 -0.0195529 -0.035084 0.999193 0.213646 6.90582 -0.923955</i>
                        <i>0.397677 0.916703 0.0388506 -0.917326 0.398117 -0.00399876 -0.0191328 -0.0340485 0.999237 0.213674 6.90534 -0.923955</i>
                        <i>0.398542 0.916363 0.037988 -0.916956 0.398967 -0.00402098 -0.0188406 -0.0332308 0.99927 0.213704 6.90487 -0.923953</i>
                        <i>0.399766 0.915856 0.0373483 -0.916427 0.400181 -0.00405592 -0.0186607 -0.0326056 0.999294 0.213733 6.90438 -0.92395</i>
                        <i>0.401299 0.915204 0.0369023 -0.915759 0.401708 -0.00410181 -0.0185779 -0.0321475 0.99931 0.213764 6.9039 -0.923947</i>
                        <i>0.40309 0.914427 0.0366207 -0.914972 0.403497 -0.00415687 -0.0185775 -0.0318313 0.999321 0.213794 6.90342 -0.923943</i>
                        <i>0.405091 0.913549 0.0364745 -0.914086 0.405498 -0.00421932 -0.0186449 -0.0316316 0.999326 0.213824 6.90294 -0.923938</i>
                        <i>0.407251 0.912589 0.0364346 -0.913123 0.407661 -0.0042874 -0.0187656 -0.0315233 0.999327 0.213854 6.90246 -0.923932</i>
                        <i>0.409522 0.911571 0.036472 -0.912104 0.409936 -0.00435937 -0.018925 -0.031481 0.999325 0.213884 6.90198 -0.923927</i>
                        <i>0.411854 0.910516 0.0365572 -0.91105 0.412273 -0.00443349 -0.0191083 -0.0314795 0.999322 0.213913 6.90151 -0.923921</i>
                        <i>0.414198 0.909448 0.0366611 -0.909982 0.414623 -0.00450805 -0.0193004 -0.0314937 0.999318 0.213942 6.90105 -0.923914</i>
                        <i>0.416506 0.90839 0.0367539 -0.908924 0.416936 -0.00458137 -0.0194857 -0.0314983 0.999314 0.213971 6.9006 -0.923908</i>
                        <i>0.41873 0.907365 0.036806 -0.907898 0.419164 -0.00465177 -0.0196486 -0.0314682 0.999312 0.213999 6.90015 -0.923902</i>
                        <i>0.42082 0.906398 0.0367874 -0.906929 0.421258 -0.00471759 -0.019773 -0.0313783 0.999312 0.214025 6.89972 -0.923897</i>
                        <i>0.421903 0.905899 0.0366681 -0.906425 0.422341 -0.0047772 -0.0198141 -0.0312213 0.999316 0.212801 6.9008 -0.923891</i>
                        <i>0.42204 0.905833 0.0367164 -0.906359 0.42248 -0.00480638 -0.0198657 -0.0312498 0.999314 0.213847 6.902 -0.923886</i>
                        <i>0.426398 0.90378 0.0369567 -0.90431 0.426849 -0.00490095 -0.0202043 -0.0313306 0.999305 0.221142 6.89897 -0.923882</i>
                        <i>0.440682 0.896891 0.0372336 -0.897416 0.441155 -0.00517597 -0.0210681 -0.0311331 0.999293 0.22526 6.88596 -0.923879</i>
                        <i>0.459319 0.887473 0.0376524 -0.887993 0.459823 -0.00553046 -0.0222216 -0.0308948 0.999276 0.227381 6.86874 -0.923876</i>
                        <i>0.471047 0.881282 0.0381691 -0.881805 0.471578 -0.00581881 -0.0231277 -0.0309168 0.999254 0.223911 6.86083 -0.923874</i>
                        <i>0.468924 0.882391 0.0386791 -0.882929 0.469469 -0.00589511 -0.0233604 -0.0313866 0.999234 0.21583 6.86367 -0.923874</i>
                        <i>0.457107 0.88855 0.0391365 -0.889114 0.45765 -0.00575765 -0.0230268 -0.0321649 0.999217 0.20816 6.86904 -0.923874</i>
                        <i>0.442633 0.895829 0.0395704 -0.896421 0.443169 -0.00552379 -0.0224847 -0.0330267 0.999202 0.203791 6.87598 -0.923876</i>
                        <i>0.429896 0.901993 0.0399822 -0.902612 0.430423 -0.00522555 -0.0219227 -0.033842 0.999187 0.202997 6.88365 -0.92388</i>
                        <i>0.419926 0.90666 0.0403656 -0.907306 0.420443 -0.00489467 -0.0214092 -0.0345685 0.999173 0.203867 6.89143 -0.923885</i>
                        <i>0.411015 0.91072 0.0406997 -0.911389 0.411521 -0.00456279 -0.0209042 -0.0352178 0.999161 0.204104 6.89889 -0.923892</i>
                        <i>0.403309 0.914147 0.0409471 -0.914836 0.403804 -0.00426194 -0.0204306 -0.035741 0.999152 0.20165 6.90545 -0.9239</i>
                        <i>0.397461 0.9167 0.0410564 -0.9174 0.397945 -0.00402486 -0.0200278 -0.0360655 0.999149 0.19818 6.91044 -0.923911</i>
                        <i>0.396145 0.917275 0.0409374 -0.917973 0.396623 -0.0039464 -0.0198566 -0.0360161 0.999154 0.201082 6.91 -0.923923</i>
                        <i>0.397816 0.916568 0.0405602 -0.917251 0.398289 -0.00399019 -0.019812 -0.0356165 0.999169 0.20899 6.9059 -0.923938</i>
                        <i>0.39722 0.916853 0.0399659 -0.917515 0.397681 -0.00399104 -0.0195529 -0.035084 0.999193 0.213646 6.90582 -0.923955</i>
                    </KeyFrames>
                </p>
            </i>
            <i>
                <p>
                    <Name><![CDATA[spine1]]></Name>
                    <Exclude>0</Exclude>
                    <Additive>0</Additive>
                    <IKPriority>0</IKPriority>
                    <IKRotLimits>-1e+010 -1e+010 -1e+010 1e+010 1e+010 1e+010</IKRotLimits>
                    <IKRotLimitOrder>0</IKRotLimitOrder>
                    <KeyFrames count="31">
                        <i>0.403121 0.861447 0.308874 -0.911036 0.409716 0.0463258 -0.0866435 -0.30007 0.949974 0.281995 7.06358 -0.917082</i>
                        <i>0.404499 0.862144 0.305104 -0.910558 0.410759 0.0464983 -0.085236 -0.296623 0.951183 0.282086 7.06304 -0.917274</i>
                        <i>0.407148 0.861942 0.302138 -0.909432 0.413226 0.0466559 -0.0846368 -0.29377 0.952122 0.282246 7.06246 -0.917423</i>
                        <i>0.410914 0.860941 0.299884 -0.907727 0.416943 0.0467995 -0.0847428 -0.291443 0.952827 0.282467 7.06185 -0.917531</i>
                        <i>0.415642 0.859238 0.298248 -0.905505 0.421733 0.046931 -0.0854561 -0.289571 0.953334 0.28274 7.06121 -0.917606</i>
                        <i>0.421175 0.856925 0.297137 -0.902828 0.427421 0.0470527 -0.086682 -0.288081 0.953675 0.283057 7.06055 -0.917652</i>
                        <i>0.427355 0.854096 0.296458 -0.899759 0.433831 0.0471672 -0.0883275 -0.286898 0.95388 0.283409 7.05986 -0.917674</i>
                        <i>0.434024 0.850845 0.296117 -0.896364 0.44079 0.047277 -0.0903 -0.285948 0.953981 0.283789 7.05917 -0.917677</i>
                        <i>0.441026 0.847271 0.296019 -0.892714 0.448125 0.0473846 -0.092506 -0.285159 0.954006 0.284187 7.05847 -0.917666</i>
                        <i>0.448206 0.843477 0.296071 -0.888884 0.455664 0.0474916 -0.094851 -0.284459 0.953984 0.284595 7.05777 -0.917647</i>
                        <i>0.455413 0.83957 0.296179 -0.884954 0.463239 0.0475997 -0.0972384 -0.283782 0.953946 0.285005 7.05708 -0.917625</i>
                        <i>0.462498 0.835663 0.296248 -0.881012 0.470683 0.0477095 -0.0995696 -0.283063 0.953919 0.285409 7.0564 -0.917605</i>
                        <i>0.469316 0.831876 0.296183 -0.877149 0.477831 0.0478213 -0.101744 -0.28224 0.953933 0.285798 7.05574 -0.917591</i>
                        <i>0.475723 0.828333 0.295891 -0.873466 0.48452 0.0479348 -0.103659 -0.281255 0.954018 0.286164 7.0551 -0.91759</i>
                        <i>0.480826 0.825601 0.295278 -0.870511 0.489797 0.0480494 -0.104957 -0.280146 0.954202 0.285107 7.05605 -0.917606</i>
                        <i>0.482747 0.824498 0.295226 -0.869379 0.491799 0.0481088 -0.105526 -0.279888 0.954215 0.286169 7.05723 -0.917594</i>
                        <i>0.493169 0.817977 0.296139 -0.863012 0.502881 0.0481727 -0.109519 -0.279329 0.953929 0.294188 7.0538 -0.91755</i>
                        <i>0.525373 0.797174 0.297484 -0.842202 0.536984 0.0484086 -0.121154 -0.275974 0.953499 0.300682 7.03946 -0.917504</i>
                        <i>0.566161 0.768113 0.299105 -0.812984 0.58024 0.0487781 -0.136085 -0.270783 0.952973 0.305908 7.02047 -0.917435</i>
                        <i>0.595431 0.744981 0.300775 -0.789787 0.611411 0.0491209 -0.147303 -0.266797 0.952429 0.304387 7.01139 -0.917349</i>
                        <i>0.598434 0.741948 0.302308 -0.78713 0.614819 0.0492265 -0.149341 -0.267414 0.951938 0.295935 7.0144 -0.917262</i>
                        <i>0.578841 0.756789 0.303666 -0.802742 0.594305 0.0490581 -0.143343 -0.272162 0.951515 0.286281 7.02089 -0.917182</i>
                        <i>0.549914 0.777576 0.304912 -0.824398 0.563907 0.0487576 -0.134029 -0.278181 0.951132 0.279495 7.0292 -0.917106</i>
                        <i>0.51736 0.799183 0.306017 -0.846819 0.529677 0.0483671 -0.123436 -0.284164 0.950797 0.276601 7.03808 -0.917032</i>
                        <i>0.484367 0.819247 0.306957 -0.867579 0.494984 0.0479299 -0.112673 -0.289525 0.950516 0.275857 7.04687 -0.916964</i>
                        <i>0.451894 0.837317 0.307722 -0.886216 0.460832 0.0474875 -0.102046 -0.294167 0.950291 0.274667 7.05524 -0.916905</i>
                        <i>0.42268 0.852226 0.308306 -0.901548 0.430111 0.047078 -0.0924849 -0.297852 0.950121 0.270987 7.06261 -0.916863</i>
                        <i>0.400044 0.862936 0.308716 -0.912536 0.406318 0.0467358 -0.0851071 -0.300411 0.950005 0.266592 7.06822 -0.916848</i>
                        <i>0.394145 0.865529 0.309045 -0.915259 0.400168 0.046554 -0.0833759 -0.301205 0.949907 0.26929 7.06793 -0.916879</i>
                        <i>0.401002 0.862321 0.309192 -0.91204 0.407459 0.0464767 -0.0859053 -0.300633 0.949863 0.277458 7.06365 -0.916961</i>
                        <i>0.403121 0.861447 0.308874 -0.911036 0.409716 0.0463258 -0.0866435 -0.30007 0.949974 0.281995 7.06358 -0.917082</i>
                    </KeyFrames>
                </p>
            </i>
            <i>
                <p>
                    <Name><![CDATA[spine2]]></Name>
                    <Exclude>0</Exclude>
                    <Additive>0</Additive>
                    <IKPriority>0</IKPriority>
                    <IKRotLimits>-1e+010 -1e+010 -1e+010 1e+010 1e+010 1e+010</IKRotLimits>
                    <IKRotLimitOrder>0</IKRotLimitOrder>
                    <KeyFrames count="31">
                        <i>0.437687 0.744205 0.504568 -0.887975 0.445893 0.112609 -0.141179 -0.497331 0.855997 0.345843 7.19989 -0.868153</i>
                        <i>0.439746 0.746002 0.500105 -0.887213 0.447351 0.112824 -0.139556 -0.493314 0.858584 0.346138 7.19943 -0.868954</i>
                        <i>0.443193 0.746366 0.496506 -0.885557 0.450519 0.113231 -0.139174 -0.489867 0.860617 0.346702 7.19879 -0.869585</i>
                        <i>0.44786 0.745458 0.493674 -0.883094 0.455185 0.113803 -0.139878 -0.486928 0.862169 0.347501 7.19798 -0.870064</i>
                        <i>0.453575 0.743429 0.491511 -0.87991 0.461133 0.114515 -0.141518 -0.484427 0.863309 0.348503 7.19703 -0.870412</i>
                        <i>0.460159 0.74043 0.489916 -0.876089 0.468148 0.115346 -0.143947 -0.482288 0.864105 0.349675 7.19596 -0.870648</i>
                        <i>0.467434 0.736611 0.488784 -0.871717 0.476013 0.116276 -0.147018 -0.480433 0.864621 0.350983 7.19479 -0.870793</i>
                        <i>0.47522 0.732125 0.488014 -0.866885 0.484515 0.117284 -0.150584 -0.478788 0.86492 0.352395 7.19354 -0.870865</i>
                        <i>0.483343 0.727132 0.487502 -0.86169 0.493441 0.118348 -0.154499 -0.477278 0.865064 0.353877 7.19224 -0.870885</i>
                        <i>0.491631 0.721796 0.487145 -0.856236 0.502586 0.119446 -0.158617 -0.475834 0.865114 0.355397 7.1909 -0.870873</i>
                        <i>0.499918 0.716287 0.486842 -0.850636 0.511746 0.120555 -0.162788 -0.474393 0.865131 0.356924 7.18955 -0.870848</i>
                        <i>0.508046 0.710786 0.486491 -0.845013 0.520726 0.121648 -0.166863 -0.472893 0.865175 0.358424 7.18822 -0.870831</i>
                        <i>0.515862 0.705477 0.485993 -0.839494 0.529334 0.122698 -0.170691 -0.471284 0.865307 0.359868 7.18692 -0.870842</i>
                        <i>0.52322 0.700553 0.485249 -0.834219 0.537385 0.123677 -0.174123 -0.469514 0.865585 0.361224 7.18568 -0.8709</i>
                        <i>0.529343 0.696694 0.484161 -0.829829 0.54394 0.124554 -0.176579 -0.467703 0.866068 0.360952 7.18617 -0.871026</i>
                        <i>0.531624 0.695153 0.483879 -0.828164 0.546385 0.124929 -0.17754 -0.467147 0.866172 0.36231 7.18716 -0.871026</i>
                        <i>0.542983 0.685802 0.484608 -0.819246 0.559345 0.126364 -0.184402 -0.465627 0.865556 0.371948 7.18267 -0.870853</i>
                        <i>0.57799 0.656237 0.485057 -0.789936 0.59908 0.130782 -0.204764 -0.458755 0.864648 0.383436 7.16493 -0.870642</i>
                        <i>0.62133 0.615317 0.485112 -0.748859 0.648505 0.136572 -0.230563 -0.448137 0.863721 0.394986 7.14123 -0.870371</i>
                        <i>0.652241 0.582307 0.485284 -0.715746 0.683907 0.141351 -0.249579 -0.439534 0.862856 0.397998 7.12843 -0.870058</i>
                        <i>0.65628 0.576759 0.486462 -0.710963 0.68859 0.142746 -0.252643 -0.439538 0.861962 0.390008 7.13095 -0.869735</i>
                        <i>0.63671 0.596413 0.488765 -0.732199 0.666411 0.140646 -0.241836 -0.447424 0.861004 0.377316 7.13983 -0.869419</i>
                        <i>0.606453 0.625035 0.491473 -0.762561 0.632272 0.136865 -0.225199 -0.457781 0.860071 0.366049 7.15149 -0.869109</i>
                        <i>0.570504 0.655915 0.494268 -0.795006 0.592087 0.131903 -0.206132 -0.468197 0.859245 0.35812 7.16391 -0.868808</i>
                        <i>0.532281 0.685412 0.496877 -0.825753 0.54971 0.126298 -0.186571 -0.477524 0.858581 0.35228 7.17602 -0.868526</i>
                        <i>0.493717 0.712125 0.49912 -0.853397 0.507112 0.120631 -0.167206 -0.485505 0.858095 0.346073 7.18744 -0.868274</i>
                        <i>0.458499 0.734064 0.500928 -0.875978 0.468318 0.115505 -0.149806 -0.491761 0.857747 0.337875 7.19735 -0.868067</i>
                        <i>0.431007 0.749601 0.502326 -0.891968 0.438124 0.111534 -0.136476 -0.496131 0.857455 0.329973 7.20481 -0.867928</i>
                        <i>0.42413 0.752825 0.503356 -0.895689 0.430732 0.110505 -0.133621 -0.497719 0.856984 0.331757 7.20498 -0.86789</i>
                        <i>0.433438 0.747016 0.504082 -0.890424 0.441176 0.111844 -0.13884 -0.497324 0.856383 0.340987 7.20013 -0.867969</i>
                        <i>0.437687 0.744205 0.504568 -0.887975 0.445893 0.112609 -0.141179 -0.497331 0.855997 0.345843 7.19989 -0.868153</i>
                    </KeyFrames>
                </p>
            </i>
            <i>
                <p>
                    <Name><![CDATA[head]]></Name>
                    <Exclude>0</Exclude>
                    <Additive>0</Additive>
                    <IKPriority>0</IKPriority>
                    <IKRotLimits>-1e+010 -1e+010 -1e+010 1e+010 1e+010 1e+010</IKRotLimits>
                    <IKRotLimitOrder>0</IKRotLimitOrder>
                    <KeyFrames count="31">
                        <i>0.162223 0.986715 0.00882056 -0.545463 0.0971197 -0.832489 -0.822286 0.130237 0.553971 0.464378 7.39481 -0.749103</i>
                        <i>0.210221 0.974554 0.0777906 -0.553908 0.184292 -0.811925 -0.805601 0.127595 0.578555 0.465163 7.39475 -0.751082</i>
                        <i>0.264033 0.953228 0.147117 -0.557977 0.275372 -0.782836 -0.786733 0.124606 0.604587 0.466569 7.39415 -0.752672</i>
                        <i>0.319335 0.923994 0.210381 -0.55696 0.362614 -0.747199 -0.766695 0.121433 0.630423 0.46852 7.39305 -0.753917</i>
                        <i>0.372122 0.889977 0.263565 -0.551556 0.44041 -0.708396 -0.746533 0.118239 0.654758 0.470941 7.39153 -0.754862</i>
                        <i>0.419419 0.854924 0.305273 -0.543293 0.505802 -0.670072 -0.727269 0.115188 0.676618 0.473751 7.38964 -0.755553</i>
                        <i>0.459422 0.822175 0.336096 -0.533874 0.558021 -0.635288 -0.709866 0.112432 0.695305 0.476873 7.38744 -0.756033</i>
                        <i>0.491216 0.794224 0.357652 -0.524771 0.597565 -0.606244 -0.695214 0.110111 0.710319 0.480227 7.385 -0.75635</i>
                        <i>0.514358 0.772795 0.371784 -0.517102 0.625337 -0.58443 -0.684135 0.108356 0.721262 0.483737 7.38237 -0.756548</i>
                        <i>0.528474 0.759148 0.380014 -0.511681 0.642015 -0.570963 -0.67742 0.107293 0.72773 0.487326 7.37962 -0.756674</i>
                        <i>0.532907 0.754442 0.383181 -0.509121 0.647579 -0.566954 -0.675874 0.107048 0.729201 0.49092 7.37682 -0.756773</i>
                        <i>0.53042 0.756273 0.383022 -0.5087 0.64538 -0.569833 -0.678144 0.107407 0.727038 0.494447 7.37404 -0.75689</i>
                        <i>0.524651 0.761201 0.381201 -0.509273 0.639452 -0.575971 -0.682189 0.108048 0.723148 0.497838 7.37134 -0.75707</i>
                        <i>0.515791 0.768994 0.377633 -0.510721 0.629904 -0.585137 -0.68784 0.108943 0.71764 0.501025 7.36881 -0.757359</i>
                        <i>0.504477 0.779191 0.371972 -0.513299 0.617065 -0.596452 -0.694281 0.109963 0.711253 0.502264 7.36828 -0.757801</i>
                        <i>0.490721 0.791309 0.364723 -0.516021 0.601219 -0.610129 -0.702079 0.111198 0.703363 0.504173 7.36887 -0.757891</i>
                        <i>0.472023 0.806198 0.356707 -0.515932 0.580712 -0.629753 -0.714849 0.113221 0.690052 0.516666 7.36193 -0.757564</i>
                        <i>0.443674 0.827254 0.344681 -0.512938 0.549787 -0.659264 -0.73488 0.115698 0.668256 0.536969 7.33642 -0.757338</i>
                        <i>0.408833 0.85272 0.325151 -0.508846 0.508759 -0.694435 -0.757582 0.118456 0.641901 0.559414 7.302 -0.757177</i>
                        <i>0.375419 0.877017 0.299837 -0.506764 0.465088 -0.725867 -0.776048 0.120558 0.619044 0.570165 7.28061 -0.75691</i>
                        <i>0.348436 0.896812 0.272616 -0.509724 0.425368 -0.747826 -0.786622 0.12161 0.605341 0.563159 7.28172 -0.756308</i>
                        <i>0.325678 0.913392 0.244231 -0.517059 0.388325 -0.762793 -0.79157 0.122143 0.598746 0.545544 7.29577 -0.755359</i>
                        <i>0.305032 0.927708 0.215207 -0.52616 0.352524 -0.773875 -0.793795 0.122823 0.595654 0.526679 7.31497 -0.754274</i>
                        <i>0.28543 0.940186 0.18596 -0.535557 0.317379 -0.782592 -0.794801 0.123783 0.594112 0.50974 7.33553 -0.75314</i>
                        <i>0.266244 0.95105 0.156898 -0.544433 0.282698 -0.789731 -0.795428 0.124841 0.59305 0.494328 7.35544 -0.752039</i>
                        <i>0.247371 0.960352 0.128572 -0.5526 0.248834 -0.795434 -0.79589 0.125719 0.592245 0.478449 7.37396 -0.751041</i>
                        <i>0.228537 0.968239 0.101412 -0.559224 0.215831 -0.800428 -0.796893 0.126216 0.590788 0.461402 7.38973 -0.750196</i>
                        <i>0.210125 0.974732 0.0757901 -0.563284 0.18406 -0.805502 -0.799099 0.126565 0.587726 0.44659 7.40136 -0.749543</i>
                        <i>0.191078 0.980303 0.0499437 -0.560207 0.150692 -0.81453 -0.806013 0.12766 0.577967 0.446691 7.40237 -0.749173</i>
                        <i>0.173419 0.984522 0.0253316 -0.551322 0.118362 -0.825854 -0.81607 0.129253 0.563315 0.458356 7.3959 -0.749069</i>
                        <i>0.162223 0.986715 0.00882056 -0.545463 0.0971197 -0.832489 -0.822286 0.130237 0.553971 0.464378 7.39481 -0.749103</i>
                    </KeyFrames>
                </p>
            </i>
            <i>
                <p>
                    <Name><![CDATA[head_prop]]></Name>
                    <Exclude>0</Exclude>
                    <Additive>0</Additive>
                    <IKPriority>0</IKPriority>
                    <IKRotLimits>-1e+010 -1e+010 -1e+010 1e+010 1e+010 1e+010</IKRotLimits>
                    <IKRotLimitOrder>0</IKRotLimitOrder>
                    <KeyFrames count="31">
                        <i>0.822286 -0.130237 -0.553971 0.162223 0.986715 0.00882056 0.545463 -0.0971197 0.832489 0.517248 7.71639 -0.746228</i>
                        <i>0.805601 -0.127595 -0.578555 0.210221 0.974554 0.0777906 0.553908 -0.184292 0.811925 0.533676 7.71237 -0.725729</i>
                        <i>0.786733 -0.124606 -0.604587 0.264033 0.953228 0.147117 0.557977 -0.275372 0.782836 0.552619 7.70481 -0.704725</i>
                        <i>0.766695 -0.121433 -0.630423 0.319335 0.923994 0.210381 0.55696 -0.362614 0.747199 0.572594 7.69419 -0.685352</i>
                        <i>0.746533 -0.118239 -0.654758 0.372122 0.889977 0.263565 0.551556 -0.44041 0.708396 0.592219 7.68158 -0.668964</i>
                        <i>0.727269 -0.115188 -0.676618 0.419419 0.854924 0.305273 0.543293 -0.505802 0.670072 0.610444 7.66826 -0.656061</i>
                        <i>0.709866 -0.112432 -0.695305 0.459422 0.822175 0.336096 0.533874 -0.558021 0.635288 0.626602 7.65539 -0.646496</i>
                        <i>0.695214 -0.110111 -0.710319 0.491216 0.794224 0.357652 0.524771 -0.597565 0.606244 0.640319 7.64384 -0.639788</i>
                        <i>0.684135 -0.108356 -0.721262 0.514358 0.772795 0.371784 0.517102 -0.625337 0.58443 0.651371 7.63423 -0.635381</i>
                        <i>0.67742 -0.107293 -0.72773 0.528474 0.759148 0.380014 0.511681 -0.642015 0.570963 0.65956 7.62703 -0.632824</i>
                        <i>0.675874 -0.107048 -0.729201 0.532907 0.754442 0.383181 0.509121 -0.647579 0.566954 0.664599 7.6227 -0.63189</i>
                        <i>0.678144 -0.107407 -0.727038 0.53042 0.756273 0.383022 0.5087 -0.64538 0.569833 0.667316 7.62052 -0.632059</i>
                        <i>0.682189 -0.108048 -0.723148 0.524651 0.761201 0.381201 0.509273 -0.639452 0.575971 0.668827 7.61943 -0.632833</i>
                        <i>0.68784 -0.108943 -0.71764 0.515791 0.768994 0.377633 0.510721 -0.629904 0.585137 0.669126 7.61943 -0.634285</i>
                        <i>0.694281 -0.109963 -0.711253 0.504477 0.779191 0.371972 0.513299 -0.617065 0.596452 0.666678 7.62223 -0.636572</i>
                        <i>0.702079 -0.111198 -0.703363 0.490721 0.791309 0.364723 0.516021 -0.601219 0.610129 0.664104 7.62677 -0.639025</i>
                        <i>0.714849 -0.113221 -0.690052 0.472023 0.806198 0.356707 0.515932 -0.580712 0.629753 0.670502 7.62468 -0.64131</i>
                        <i>0.73488 -0.115698 -0.668256 0.443674 0.827254 0.344681 0.512938 -0.549787 0.659264 0.681566 7.60603 -0.645004</i>
                        <i>0.757582 -0.118456 -0.641901 0.408833 0.85272 0.325151 0.508846 -0.508759 0.694435 0.692657 7.57991 -0.651207</i>
                        <i>0.776048 -0.120558 -0.619044 0.375419 0.877017 0.299837 0.506764 -0.465088 0.725867 0.692518 7.56644 -0.659191</i>
                        <i>0.786622 -0.12161 -0.605341 0.348436 0.896812 0.272616 0.509724 -0.425368 0.747826 0.676717 7.574 -0.66746</i>
                        <i>0.79157 -0.122143 -0.598746 0.325678 0.913392 0.244231 0.517059 -0.388325 0.762793 0.651686 7.59345 -0.675762</i>
                        <i>0.793795 -0.122823 -0.595654 0.305032 0.927708 0.215207 0.52616 -0.352524 0.773875 0.626091 7.61731 -0.684136</i>
                        <i>0.794801 -0.123783 -0.594112 0.28543 0.940186 0.18596 0.535557 -0.317379 0.782592 0.602764 7.64194 -0.692534</i>
                        <i>0.795428 -0.124841 -0.59305 0.266244 0.95105 0.156898 0.544433 -0.282698 0.789731 0.5811 7.6654 -0.700905</i>
                        <i>0.79589 -0.125719 -0.592245 0.247371 0.960352 0.128572 0.5526 -0.248834 0.795434 0.559069 7.68695 -0.709138</i>
                        <i>0.796893 -0.126216 -0.590788 0.228537 0.968239 0.101412 0.559224 -0.215831 0.800428 0.535885 7.70529 -0.717145</i>
                        <i>0.799099 -0.126565 -0.587726 0.210125 0.974732 0.0757901 0.563284 -0.18406 0.805502 0.515072 7.71904 -0.724843</i>
                        <i>0.806013 -0.12766 -0.577967 0.191078 0.980303 0.0499437 0.560207 -0.150692 0.81453 0.508965 7.72186 -0.732896</i>
                        <i>0.81607 -0.129253 -0.563315 0.173419 0.984522 0.0253316 0.551322 -0.118362 0.825854 0.514875 7.71677 -0.740814</i>
                        <i>0.822286 -0.130237 -0.553971 0.162223 0.986715 0.00882056 0.545463 -0.0971197 0.832489 0.517248 7.71639 -0.746228</i>
                    </KeyFrames>
                </p>
            </i>
            <i>
                <p>
                    <Name><![CDATA[l_clav]]></Name>
                    <Exclude>0</Exclude>
                    <Additive>0</Additive>
                    <IKPriority>0</IKPriority>
                    <IKRotLimits>-1e+010 -1e+010 -1e+010 1e+010 1e+010 1e+010</IKRotLimits>
                    <IKRotLimitOrder>0</IKRotLimitOrder>
                    <KeyFrames count="31">
                        <i>0.977621 0.210359 0.00232274 -0.199878 0.925355 0.322129 0.0656135 -0.315384 0.946693 0.439962 7.18875 -0.81806</i>
                        <i>0.977804 0.209518 -0.000979213 -0.198304 0.92696 0.318465 0.0676318 -0.311202 0.947934 0.440375 7.18841 -0.819057</i>
                        <i>0.978337 0.206983 -0.00372894 -0.195256 0.928592 0.315583 0.068783 -0.308019 0.948891 0.441028 7.18763 -0.819864</i>
                        <i>0.979168 0.202962 -0.00598697 -0.190904 0.930237 0.313393 0.0691762 -0.305721 0.949605 0.44189 7.18648 -0.820503</i>
                        <i>0.98024 0.197659 -0.00781604 -0.185421 0.931879 0.311804 0.0689143 -0.304193 0.950114 0.44293 7.18499 -0.820994</i>
                        <i>0.981493 0.191273 -0.00928026 -0.178981 0.933496 0.310726 0.0680965 -0.303314 0.950454 0.444115 7.18323 -0.821361</i>
                        <i>0.98287 0.184006 -0.0104443 -0.171762 0.93507 0.310068 0.0668205 -0.302963 0.950657 0.445414 7.18123 -0.821625</i>
                        <i>0.984314 0.176058 -0.0113728 -0.163941 0.936581 0.30974 0.0651837 -0.303017 0.950753 0.446793 7.17906 -0.821809</i>
                        <i>0.985776 0.167629 -0.0121303 -0.155697 0.938016 0.309651 0.0632847 -0.303357 0.950773 0.448223 7.17675 -0.821935</i>
                        <i>0.987209 0.158921 -0.0127802 -0.14721 0.939367 0.309708 0.0612244 -0.303865 0.950746 0.449672 7.17438 -0.822025</i>
                        <i>0.988575 0.150137 -0.0133854 -0.13866 0.94063 0.309819 0.0591061 -0.304424 0.950701 0.451115 7.17198 -0.822103</i>
                        <i>0.989842 0.14148 -0.0140075 -0.130229 0.94181 0.309894 0.0570362 -0.304921 0.950668 0.452523 7.16961 -0.822189</i>
                        <i>0.990986 0.133155 -0.0147071 -0.122098 0.942917 0.309837 0.0551241 -0.305249 0.950676 0.453871 7.16732 -0.822306</i>
                        <i>0.991989 0.125368 -0.0155439 -0.114448 0.943968 0.309558 0.0534816 -0.305299 0.950754 0.455137 7.16517 -0.822475</i>
                        <i>0.992728 0.119229 -0.016577 -0.108324 0.944885 0.308962 0.0525007 -0.30492 0.95093 0.454807 7.16494 -0.822719</i>
                        <i>0.992918 0.117623 -0.0167098 -0.106765 0.945124 0.308774 0.0521118 -0.304803 0.950989 0.456152 7.16565 -0.822757</i>
                        <i>0.9945 0.103377 -0.0168117 -0.0931082 0.94614 0.310082 0.0479616 -0.306811 0.950561 0.465516 7.15955 -0.822689</i>
                        <i>0.998229 0.0563354 -0.0191015 -0.0475458 0.948587 0.312926 0.0357483 -0.311463 0.949586 0.475993 7.13692 -0.822885</i>
                        <i>0.99973 -0.00549892 -0.022585 0.0123636 0.94857 0.316325 0.019684 -0.316519 0.948382 0.485856 7.10695 -0.823174</i>
                        <i>0.998317 -0.0521457 -0.0253607 0.0575195 0.945901 0.319317 0.00733767 -0.320238 0.947309 0.487322 7.08945 -0.823325</i>
                        <i>0.997969 -0.0584367 -0.0253734 0.063494 0.944917 0.321094 0.00521209 -0.322052 0.946707 0.479084 7.09123 -0.823086</i>
                        <i>0.999332 -0.0288077 -0.0224928 0.0345164 0.946233 0.321639 0.0120178 -0.322201 0.946595 0.467377 7.10289 -0.822456</i>
                        <i>0.99972 0.0150028 -0.0183216 -0.0083165 0.946856 0.321549 0.0221721 -0.321307 0.946716 0.457407 7.11881 -0.821651</i>
                        <i>0.997859 0.0640201 -0.0133632 -0.0563578 0.945421 0.320942 0.0331806 -0.319501 0.947005 0.45067 7.13614 -0.820746</i>
                        <i>0.993557 0.11304 -0.00812476 -0.104517 0.941644 0.319975 0.0438204 -0.317064 0.947391 0.445737 7.15331 -0.81982</i>
                        <i>0.987131 0.159883 -0.00310241 -0.150561 0.935764 0.318867 0.0538845 -0.314297 0.947794 0.440137 7.16967 -0.818949</i>
                        <i>0.979711 0.200412 0.00122807 -0.190398 0.92881 0.3179 0.0625703 -0.311684 0.948123 0.43225 7.18397 -0.818209</i>
                        <i>0.973152 0.230121 0.00441397 -0.219587 0.922517 0.3174 0.0689686 -0.309848 0.948281 0.424434 7.19477 -0.817674</i>
                        <i>0.972042 0.23475 0.00509294 -0.224118 0.921112 0.318314 0.0700331 -0.310556 0.947972 0.426153 7.19568 -0.817536</i>
                        <i>0.975523 0.219867 0.00366054 -0.209423 0.923851 0.320378 0.0670587 -0.313303 0.947283 0.435244 7.1896 -0.817758</i>
                        <i>0.977621 0.210359 0.00232274 -0.199878 0.925355 0.322129 0.0656135 -0.315384 0.946693 0.439962 7.18875 -0.81806</i>
                    </KeyFrames>
                </p>
            </i>
            <i>
                <p>
                    <Name><![CDATA[l_shoulder]]></Name>
                    <Exclude>0</Exclude>
                    <Additive>0</Additive>
                    <IKPriority>0</IKPriority>
                    <IKRotLimits>-1e+010 -1e+010 -1e+010 1e+010 1e+010 1e+010</IKRotLimits>
                    <IKRotLimitOrder>0</IKRotLimitOrder>
                    <KeyFrames count="31">
                        <i>0.276446 -0.959427 -0.0554724 0.791256 0.194471 0.579737 -0.545428 -0.204159 0.812913 0.633119 7.23031 -0.817601</i>
                        <i>0.276422 -0.959494 -0.0544194 0.792852 0.19568 0.577143 -0.543117 -0.202682 0.814828 0.633568 7.2298 -0.81925</i>
                        <i>0.278449 -0.958766 -0.0568701 0.79475 0.196758 0.574159 -0.539295 -0.205072 0.816766 0.634326 7.22853 -0.820601</i>
                        <i>0.28207 -0.957376 -0.0621838 0.796918 0.197719 0.570814 -0.534189 -0.210565 0.818722 0.635353 7.22658 -0.821686</i>
                        <i>0.286812 -0.955449 -0.0696849 0.799327 0.198583 0.567134 -0.528029 -0.218362 0.820673 0.636604 7.22405 -0.822539</i>
                        <i>0.292242 -0.953097 -0.0787414 0.801945 0.19937 0.563148 -0.521036 -0.227722 0.822596 0.638037 7.22102 -0.823195</i>
                        <i>0.298 -0.950426 -0.0888023 0.804739 0.200101 0.558887 -0.513412 -0.238011 0.824475 0.639608 7.21758 -0.823689</i>
                        <i>0.303802 -0.947535 -0.0994037 0.807673 0.2008 0.554386 -0.50534 -0.248709 0.826302 0.641272 7.21384 -0.824056</i>
                        <i>0.30943 -0.94452 -0.11016 0.810712 0.201484 0.549681 -0.496989 -0.259396 0.828079 0.642991 7.20987 -0.824331</i>
                        <i>0.314722 -0.941472 -0.12075 0.813818 0.202173 0.544817 -0.488518 -0.269734 0.829816 0.644724 7.20578 -0.824551</i>
                        <i>0.319558 -0.938482 -0.130896 0.816952 0.202881 0.539842 -0.480075 -0.279447 0.831527 0.646436 7.20164 -0.824748</i>
                        <i>0.323851 -0.935639 -0.140361 0.820072 0.20362 0.53481 -0.471808 -0.288304 0.833233 0.648094 7.19756 -0.824957</i>
                        <i>0.327536 -0.933028 -0.148925 0.823136 0.204398 0.529782 -0.463862 -0.296108 0.834956 0.649669 7.19363 -0.825212</i>
                        <i>0.330566 -0.930735 -0.156388 0.826101 0.205219 0.524826 -0.456381 -0.302682 0.83672 0.651132 7.18994 -0.825547</i>
                        <i>0.330726 -0.930766 -0.15587 0.828772 0.207451 0.519713 -0.451395 -0.301063 0.840002 0.650948 7.1885 -0.825994</i>
                        <i>0.326596 -0.933097 -0.150548 0.829682 0.206737 0.518543 -0.452727 -0.294262 0.841693 0.652331 7.18889 -0.826059</i>
                        <i>0.330499 -0.926695 -0.178907 0.833319 0.197521 0.516299 -0.443113 -0.319723 0.837513 0.662008 7.17998 -0.826011</i>
                        <i>0.35258 -0.896977 -0.266684 0.845869 0.183597 0.500798 -0.400242 -0.402151 0.823457 0.673222 7.14805 -0.826659</i>
                        <i>0.365955 -0.859786 -0.356154 0.862419 0.169496 0.476973 -0.349728 -0.481705 0.803524 0.683381 7.10586 -0.827637</i>
                        <i>0.36684 -0.837501 -0.404993 0.875228 0.163164 0.455361 -0.315285 -0.521506 0.79286 0.684568 7.07915 -0.828335</i>
                        <i>0.368568 -0.835854 -0.406823 0.877467 0.168316 0.449134 -0.306935 -0.52251 0.795471 0.676261 7.07968 -0.8281</i>
                        <i>0.374588 -0.846592 -0.378108 0.8696 0.179298 0.460053 -0.321683 -0.501133 0.803359 0.664823 7.0972 -0.8269</i>
                        <i>0.377911 -0.864389 -0.331685 0.857311 0.191445 0.477877 -0.349572 -0.464952 0.8134 0.65493 7.12178 -0.82527</i>
                        <i>0.37343 -0.886864 -0.272072 0.842839 0.201847 0.498878 -0.38752 -0.415609 0.822859 0.647826 7.14879 -0.823386</i>
                        <i>0.357507 -0.912018 -0.20103 0.827759 0.209771 0.520395 -0.432439 -0.352449 0.829926 0.642043 7.17564 -0.821425</i>
                        <i>0.32546 -0.938575 -0.114687 0.813006 0.21584 0.540772 -0.482801 -0.269241 0.833314 0.635173 7.20126 -0.819562</i>
                        <i>0.266554 -0.963817 -0.00238921 0.799961 0.219854 0.558324 -0.537597 -0.150735 0.829619 0.62582 7.22357 -0.817967</i>
                        <i>0.180999 -0.975198 0.12739 0.790013 0.221316 0.57175 -0.585763 -0.00284641 0.810477 0.616708 7.24023 -0.816802</i>
                        <i>0.176369 -0.976482 0.124005 0.787319 0.215557 0.577636 -0.590782 -0.00424571 0.80682 0.618208 7.24206 -0.81653</i>
                        <i>0.254272 -0.96711 -0.00665537 0.7901 0.203754 0.578123 -0.557752 -0.152259 0.815923 0.627986 7.23304 -0.817035</i>
                        <i>0.276446 -0.959427 -0.0554724 0.791256 0.194471 0.579737 -0.545428 -0.204159 0.812913 0.633119 7.23031 -0.817601</i>
                    </KeyFrames>
                </p>
            </i>
            <i>
                <p>
                    <Name><![CDATA[l_elbow]]></Name>
                    <Exclude>0</Exclude>
                    <Additive>0</Additive>
                    <IKPriority>0</IKPriority>
                    <IKRotLimits>-1e+010 -1e+010 -1e+010 1e+010 1e+010 1e+010</IKRotLimits>
                    <IKRotLimitOrder>0</IKRotLimitOrder>
                    <KeyFrames count="31">
