<?xml version="1.0" encoding="ISO-8859-1" ?>
<Animl Version="1">
    <ModellingPackage><![CDATA[Maya.2010]]></ModellingPackage>
    <SrcFile><![CDATA[anims\turrets\special\blue\~src\firework_cannon\firework_cannon_reload_crewmana.mb]]></SrcFile>
    <FramesPerSecond>30</FramesPerSecond>
    <TotalFrames>91</TotalFrames>
    <Skeleton>
        <RefFrame>
            <Name><![CDATA[soldier_ref_frame]]></Name>
            <Exclude>0</Exclude>
            <Additive>0</Additive>
            <IKPriority>0</IKPriority>
            <IKRotLimits>-1e+010 -1e+010 -1e+010 1e+010 1e+010 1e+010</IKRotLimits>
            <IKRotLimitOrder>0</IKRotLimitOrder>
            <KeyFrames count="91">
                <i>1 0 0 0 1 0 0 0 1 0 4.2 -0.55</i>
                <i>1 0 0 0 1 0 0 0 1 0 4.2 -0.55</i>
                <i>1 0 0 0 1 0 0 0 1 0 4.2 -0.55</i>
                <i>1 0 0 0 1 0 0 0 1 0 4.2 -0.55</i>
                <i>1 0 0 0 1 0 0 0 1 0 4.2 -0.55</i>
                <i>1 0 0 0 1 0 0 0 1 0 4.2 -0.55</i>
                <i>1 0 0 0 1 0 0 0 1 0 4.2 -0.55</i>
                <i>1 0 0 0 1 0 0 0 1 0 4.2 -0.55</i>
                <i>1 0 0 0 1 0 0 0 1 0 4.2 -0.55</i>
                <i>1 0 0 0 1 0 0 0 1 0 4.2 -0.55</i>
                <i>1 0 0 0 1 0 0 0 1 0 4.2 -0.55</i>
                <i>1 0 0 0 1 0 0 0 1 0 4.2 -0.55</i>
                <i>1 0 0 0 1 0 0 0 1 0 4.2 -0.55</i>
                <i>1 0 0 0 1 0 0 0 1 0 4.2 -0.55</i>
                <i>1 0 0 0 1 0 0 0 1 0 4.2 -0.55</i>
                <i>1 0 0 0 1 0 0 0 1 0 4.2 -0.55</i>
                <i>1 0 0 0 1 0 0 0 1 0 4.2 -0.55</i>
                <i>1 0 0 0 1 0 0 0 1 0 4.2 -0.55</i>
                <i>1 0 0 0 1 0 0 0 1 0 4.2 -0.55</i>
                <i>1 0 0 0 1 0 0 0 1 0 4.2 -0.55</i>
                <i>1 0 0 0 1 0 0 0 1 0 4.2 -0.55</i>
                <i>1 0 0 0 1 0 0 0 1 0 4.2 -0.55</i>
                <i>1 0 0 0 1 0 0 0 1 0 4.2 -0.55</i>
                <i>1 0 0 0 1 0 0 0 1 0 4.2 -0.55</i>
                <i>1 0 0 0 1 0 0 0 1 0 4.2 -0.55</i>
                <i>1 0 0 0 1 0 0 0 1 0 4.2 -0.55</i>
                <i>1 0 0 0 1 0 0 0 1 0 4.2 -0.55</i>
                <i>1 0 0 0 1 0 0 0 1 0 4.2 -0.55</i>
                <i>1 0 0 0 1 0 0 0 1 0 4.2 -0.55</i>
                <i>1 0 0 0 1 0 0 0 1 0 4.2 -0.55</i>
                <i>1 0 0 0 1 0 0 0 1 0 4.2 -0.55</i>
                <i>1 0 0 0 1 0 0 0 1 0 4.2 -0.55</i>
                <i>1 0 0 0 1 0 0 0 1 0 4.2 -0.55</i>
                <i>1 0 0 0 1 0 0 0 1 0 4.2 -0.55</i>
                <i>1 0 0 0 1 0 0 0 1 0 4.2 -0.55</i>
                <i>1 0 0 0 1 0 0 0 1 0 4.2 -0.55</i>
                <i>1 0 0 0 1 0 0 0 1 0 4.2 -0.55</i>
                <i>1 0 0 0 1 0 0 0 1 0 4.2 -0.55</i>
                <i>1 0 0 0 1 0 0 0 1 0 4.2 -0.55</i>
                <i>1 0 0 0 1 0 0 0 1 0 4.2 -0.55</i>
                <i>1 0 0 0 1 0 0 0 1 0 4.2 -0.55</i>
                <i>1 0 0 0 1 0 0 0 1 0 4.2 -0.55</i>
                <i>1 0 0 0 1 0 0 0 1 0 4.2 -0.55</i>
                <i>1 0 0 0 1 0 0 0 1 0 4.2 -0.55</i>
                <i>1 0 0 0 1 0 0 0 1 0 4.2 -0.55</i>
                <i>1 0 0 0 1 0 0 0 1 0 4.2 -0.55</i>
                <i>1 0 0 0 1 0 0 0 1 0 4.2 -0.55</i>
                <i>1 0 0 0 1 0 0 0 1 0 4.2 -0.55</i>
                <i>1 0 0 0 1 0 0 0 1 0 4.2 -0.55</i>
                <i>1 0 0 0 1 0 0 0 1 0 4.2 -0.55</i>
                <i>1 0 0 0 1 0 0 0 1 0 4.2 -0.55</i>
                <i>1 0 0 0 1 0 0 0 1 0 4.2 -0.55</i>
                <i>1 0 0 0 1 0 0 0 1 0 4.2 -0.55</i>
                <i>1 0 0 0 1 0 0 0 1 0 4.2 -0.55</i>
                <i>1 0 0 0 1 0 0 0 1 0 4.2 -0.55</i>
                <i>1 0 0 0 1 0 0 0 1 0 4.2 -0.55</i>
                <i>1 0 0 0 1 0 0 0 1 0 4.2 -0.55</i>
                <i>1 0 0 0 1 0 0 0 1 0 4.2 -0.55</i>
                <i>1 0 0 0 1 0 0 0 1 0 4.2 -0.55</i>
                <i>1 0 0 0 1 0 0 0 1 0 4.2 -0.55</i>
                <i>1 0 0 0 1 0 0 0 1 0 4.2 -0.55</i>
                <i>1 0 0 0 1 0 0 0 1 0 4.2 -0.55</i>
                <i>1 0 0 0 1 0 0 0 1 0 4.2 -0.55</i>
                <i>1 0 0 0 1 0 0 0 1 0 4.2 -0.55</i>
                <i>1 0 0 0 1 0 0 0 1 0 4.2 -0.55</i>
                <i>1 0 0 0 1 0 0 0 1 0 4.2 -0.55</i>
                <i>1 0 0 0 1 0 0 0 1 0 4.2 -0.55</i>
                <i>1 0 0 0 1 0 0 0 1 0 4.2 -0.55</i>
                <i>1 0 0 0 1 0 0 0 1 0 4.2 -0.55</i>
                <i>1 0 0 0 1 0 0 0 1 0 4.2 -0.55</i>
                <i>1 0 0 0 1 0 0 0 1 0 4.2 -0.55</i>
                <i>1 0 0 0 1 0 0 0 1 0 4.2 -0.55</i>
                <i>1 0 0 0 1 0 0 0 1 0 4.2 -0.55</i>
                <i>1 0 0 0 1 0 0 0 1 0 4.2 -0.55</i>
                <i>1 0 0 0 1 0 0 0 1 0 4.2 -0.55</i>
                <i>1 0 0 0 1 0 0 0 1 0 4.2 -0.55</i>
                <i>1 0 0 0 1 0 0 0 1 0 4.2 -0.55</i>
                <i>1 0 0 0 1 0 0 0 1 0 4.2 -0.55</i>
                <i>1 0 0 0 1 0 0 0 1 0 4.2 -0.55</i>
                <i>1 0 0 0 1 0 0 0 1 0 4.2 -0.55</i>
                <i>1 0 0 0 1 0 0 0 1 0 4.2 -0.55</i>
                <i>1 0 0 0 1 0 0 0 1 0 4.2 -0.55</i>
                <i>1 0 0 0 1 0 0 0 1 0 4.2 -0.55</i>
                <i>1 0 0 0 1 0 0 0 1 0 4.2 -0.55</i>
                <i>1 0 0 0 1 0 0 0 1 0 4.2 -0.55</i>
                <i>1 0 0 0 1 0 0 0 1 0 4.2 -0.55</i>
                <i>1 0 0 0 1 0 0 0 1 0 4.2 -0.55</i>
                <i>1 0 0 0 1 0 0 0 1 0 4.2 -0.55</i>
                <i>1 0 0 0 1 0 0 0 1 0 4.2 -0.55</i>
                <i>1 0 0 0 1 0 0 0 1 0 4.2 -0.55</i>
                <i>1 0 0 0 1 0 0 0 1 0 4.2 -0.55</i>
            </KeyFrames>
        </RefFrame>
        <Bones count="23">
            <i>
                <p>
                    <Name><![CDATA[pelvis]]></Name>
                    <Exclude>0</Exclude>
                    <Additive>0</Additive>
                    <IKPriority>0</IKPriority>
                    <IKRotLimits>-1e+010 -1e+010 -1e+010 1e+010 1e+010 1e+010</IKRotLimits>
                    <IKRotLimitOrder>2</IKRotLimitOrder>
                    <KeyFrames count="91">
                        <i>1 0 0 0 1 0 0 0 1 0.156736 5.27392 -0.691782</i>
                        <i>1 0 0 0 1 0 0 0 1 0.156937 5.26401 -0.690024</i>
                        <i>1 0 0 0 1 0 0 0 1 0.157378 5.25468 -0.686156</i>
                        <i>1 0 0 0 1 0 0 0 1 0.15782 5.25456 -0.682288</i>
                        <i>1 0 0 0 1 0 0 0 1 0.15802 5.26297 -0.68053</i>
                        <i>1 0 0 0 1 0 0 0 1 0.157739 5.27077 -0.682992</i>
                        <i>1 0 0 0 1 0 0 0 1 0.156736 5.26814 -0.691782</i>
                        <i>1 0 0 0 1 0 0 0 1 0.154964 5.26869 -0.707308</i>
                        <i>1 0 0 0 1 0 0 0 1 0.152648 5.28561 -0.727605</i>
                        <i>1 0 0 0 1 0 0 0 1 0.149952 5.30485 -0.751224</i>
                        <i>1 0 0 0 1 0 0 0 1 0.147042 5.31861 -0.776719</i>
                        <i>1 0 0 0 1 0 0 0 1 0.144084 5.33193 -0.802642</i>
                        <i>1 0 0 0 1 0 0 0 1 0.141242 5.34406 -0.827545</i>
                        <i>1 0 0 0 1 0 0 0 1 0.138681 5.35429 -0.84998</i>
                        <i>1 0 0 0 1 0 0 0 1 0.136568 5.36187 -0.8685</i>
                        <i>1 0 0 0 1 0 0 0 1 0.135066 5.36606 -0.881657</i>
                        <i>1 0 0 0 1 0 0 0 1 0.134142 5.36389 -0.889752</i>
                        <i>1 0 0 0 1 0 0 0 1 0.133606 5.35807 -0.894449</i>
                        <i>1 0 0 0 1 0 0 0 1 0.133389 5.3564 -0.896347</i>
                        <i>1 0 0 0 1 0 0 0 1 0.133424 5.3709 -0.896048</i>
                        <i>1 0 0 0 1 0 0 0 1 0.13364 5.38417 -0.894149</i>
                        <i>1 0 0 0 1 0 0 0 1 0.133971 5.37215 -0.891251</i>
                        <i>1 0 0 0 1 0 0 0 1 0.134347 5.35884 -0.887953</i>
                        <i>1 0 0 0 1 0 0 0 1 0.134701 5.3574 -0.884855</i>
                        <i>1 0 0 0 1 0 0 0 1 0.134963 5.35681 -0.882556</i>
                        <i>1 0 0 0 1 0 0 0 1 0.135066 5.35663 -0.881657</i>
                        <i>1 0 0 0 1 0 0 0 1 0.132818 5.34987 -0.884102</i>
                        <i>1 0 0 0 1 0 0 0 1 0.129072 5.3353 -0.888178</i>
                        <i>1 0 0 0 1 0 0 0 1 0.128323 5.3212 -0.888993</i>
                        <i>1 0 0 0 1 0 0 0 1 0.135066 5.31583 -0.881657</i>
                        <i>1 0 0 0 1 0 0 0 1 0.147967 5.31887 -0.868301</i>
                        <i>1 0 0 0 1 0 0 0 1 0.162486 5.32444 -0.854356</i>
                        <i>1 0 0 0 1 0 0 0 1 0.178308 5.33232 -0.839877</i>
                        <i>1 0 0 0 1 0 0 0 1 0.195117 5.34148 -0.824922</i>
                        <i>1 0 0 0 1 0 0 0 1 0.212599 5.35087 -0.809545</i>
                        <i>1 0 0 0 1 0 0 0 1 0.230438 5.35944 -0.793805</i>
                        <i>1 0 0 0 1 0 0 0 1 0.24832 5.36615 -0.777756</i>
                        <i>1 0 0 0 1 0 0 0 1 0.265928 5.36997 -0.761457</i>
                        <i>1 0 0 0 1 0 0 0 1 0.282949 5.36984 -0.744962</i>
                        <i>1 0 0 0 1 0 0 0 1 0.299066 5.36591 -0.728328</i>
                        <i>1 0 0 0 1 0 0 0 1 0.313965 5.35935 -0.711613</i>
                        <i>1 0 0 0 1 0 0 0 1 0.327331 5.35064 -0.694871</i>
                        <i>1 0 0 0 1 0 0 0 1 0.338848 5.34027 -0.67816</i>
                        <i>1 0 0 0 1 0 0 0 1 0.345962 5.32874 -0.661536</i>
                        <i>1 0 0 0 1 0 0 0 1 0.347529 5.31651 -0.645055</i>
                        <i>1 0 0 0 1 0 0 0 1 0.34535 5.30409 -0.628774</i>
                        <i>1 0 0 0 1 0 0 0 1 0.341224 5.29196 -0.612749</i>
                        <i>1 0 0 0 1 0 0 0 1 0.336952 5.28061 -0.597037</i>
                        <i>1 0 0 0 1 0 0 0 1 0.334335 5.27052 -0.581693</i>
                        <i>1 0 0 0 1 0 0 0 1 0.330521 5.26874 -0.57885</i>
                        <i>1 0 0 0 1 0 0 0 1 0.330521 5.26858 -0.57885</i>
                        <i>1 0 0 0 1 0 0 0 1 0.330521 5.26841 -0.57885</i>
                        <i>1 0 0 0 1 0 0 0 1 0.330521 5.26824 -0.57885</i>
                        <i>1 0 0 0 1 0 0 0 1 0.330521 5.27387 -0.57885</i>
                        <i>1 0 0 0 1 0 0 0 1 0.31658 5.28994 -0.588994</i>
                        <i>1 0 0 0 1 0 0 0 1 0.305328 5.31468 -0.599488</i>
                        <i>1 0 0 0 1 0 0 0 1 0.292732 5.34635 -0.6102</i>
                        <i>1 0 0 0 1 0 0 0 1 0.274758 5.38318 -0.621</i>
                        <i>1 0 0 0 1 0 0 0 1 0.247374 5.42341 -0.631756</i>
                        <i>1 0 0 0 1 0 0 0 1 0.207027 5.46527 -0.642337</i>
                        <i>1 0 0 0 1 0 0 0 1 0.156516 5.50702 -0.652612</i>
                        <i>1 0 0 0 1 0 0 0 1 0.101337 5.54688 -0.662449</i>
                        <i>1 0 0 0 1 0 0 0 1 0.0469871 5.58311 -0.671718</i>
                        <i>1 0 0 0 1 0 0 0 1 -0.00103869 5.61393 -0.680287</i>
                        <i>1 0 0 0 1 0 0 0 1 -0.037243 5.63759 -0.688025</i>
                        <i>1 0 0 0 1 0 0 0 1 -0.054164 5.65528 -0.692101</i>
                        <i>1 0 0 0 1 0 0 0 1 -0.0539038 5.66871 -0.691617</i>
                        <i>1 0 0 0 1 0 0 0 1 -0.0453133 5.67687 -0.689336</i>
                        <i>1 0 0 0 1 0 0 0 1 -0.037243 5.67881 -0.688025</i>
                        <i>1 0 0 0 1 0 0 0 1 -0.0312325 5.67356 -0.688141</i>
                        <i>1 0 0 0 1 0 0 0 1 -0.0234092 5.66014 -0.688293</i>
                        <i>1 0 0 0 1 0 0 0 1 -0.0145058 5.63758 -0.688465</i>
                        <i>1 0 0 0 1 0 0 0 1 -0.00525543 5.57495 -0.688644</i>
                        <i>1 0 0 0 1 0 0 0 1 0.00360928 5.47286 -0.688816</i>
                        <i>1 0 0 0 1 0 0 0 1 0.0113555 5.37407 -0.688966</i>
                        <i>1 0 0 0 1 0 0 0 1 0.0113555 5.3281 -0.688966</i>
                        <i>1 0 0 0 1 0 0 0 1 0.0135954 5.34803 -0.689009</i>
                        <i>1 0 0 0 1 0 0 0 1 0.0188219 5.40436 -0.689111</i>
                        <i>1 0 0 0 1 0 0 0 1 0.0247951 5.48116 -0.689226</i>
                        <i>1 0 0 0 1 0 0 0 1 0.029275 5.55998 -0.689313</i>
                        <i>1 0 0 0 1 0 0 0 1 0.0271248 5.62058 -0.689271</i>
                        <i>1 0 0 0 1 0 0 0 1 0.029275 5.64047 -0.689313</i>
                        <i>1 0 0 0 1 0 0 0 1 0.0414028 5.62895 -0.689548</i>
                        <i>1 0 0 0 1 0 0 0 1 0.0544843 5.60393 -0.689801</i>
                        <i>1 0 0 0 1 0 0 0 1 0.0683287 5.5681 -0.69007</i>
                        <i>1 0 0 0 1 0 0 0 1 0.0827453 5.52418 -0.690349</i>
                        <i>1 0 0 0 1 0 0 0 1 0.0975436 5.47485 -0.690635</i>
                        <i>1 0 0 0 1 0 0 0 1 0.112532 5.42282 -0.690926</i>
                        <i>1 0 0 0 1 0 0 0 1 0.127521 5.37079 -0.691216</i>
                        <i>1 0 0 0 1 0 0 0 1 0.142319 5.32146 -0.691503</i>
                        <i>1 0 0 0 1 0 0 0 1 0.156736 5.27754 -0.691782</i>
                    </KeyFrames>
                </p>
            </i>
            <i>
                <p>
                    <Name><![CDATA[spine0]]></Name>
                    <Exclude>0</Exclude>
                    <Additive>0</Additive>
                    <IKPriority>0</IKPriority>
                    <IKRotLimits>-1e+010 -1e+010 -1e+010 1e+010 1e+010 1e+010</IKRotLimits>
                    <IKRotLimitOrder>0</IKRotLimitOrder>
                    <KeyFrames count="91">
                        <i>0.273571 0.961852 0.000162841 -0.961851 0.273571 -0.00161033 -0.00159344 0.000283909 0.999999 0.20659 5.39838 -0.743955</i>
                        <i>0.279 0.960273 0.0059744 -0.96029 0.279004 0.000122424 -0.00154932 -0.00577132 0.999982 0.207501 5.38853 -0.741353</i>
                        <i>0.287422 0.957683 0.0152394 -0.957804 0.2874 0.00367584 -0.0008595 -0.0156528 0.999877 0.208996 5.37925 -0.736307</i>
                        <i>0.29585 0.95491 0.024912 -0.955234 0.295762 0.00722898 -0.000464999 -0.0259355 0.999664 0.2105 5.37915 -0.731257</i>
                        <i>0.301268 0.953004 0.0319449 -0.953539 0.301137 0.00896152 -0.00107942 -0.0331605 0.999449 0.211424 5.38759 -0.728645</i>
                        <i>0.300653 0.953152 0.0332929 -0.953728 0.300588 0.00705356 -0.00328433 -0.033873 0.999421 0.211175 5.39544 -0.730919</i>
                        <i>0.291021 0.956366 0.0259174 -0.956685 0.291126 -0.000315544 -0.00784702 -0.024703 0.999664 0.209172 5.39292 -0.740522</i>
                        <i>0.272339 0.962155 0.00939484 -0.962077 0.272448 -0.0134369 -0.015488 -0.00537915 0.999866 0.205354 5.39356 -0.75795</i>
                        <i>0.247841 0.968708 -0.0133683 -0.968443 0.247351 -0.0306016 -0.0263374 0.0205307 0.999442 0.200339 5.41042 -0.780926</i>
                        <i>0.219541 0.974767 -0.0403918 -0.97476 0.217442 -0.0506178 -0.0405576 0.0504849 0.997901 0.194585 5.4294 -0.807713</i>
                        <i>0.189419 0.979419 -0.0696982 -0.980186 0.184425 -0.0722652 -0.0579239 0.0820057 0.994947 0.188528 5.44267 -0.836584</i>
                        <i>0.15933 0.982214 -0.0993481 -0.984163 0.150109 -0.0942931 -0.077703 0.112798 0.990575 0.182562 5.45531 -0.865824</i>
                        <i>0.130908 0.983165 -0.127477 -0.986474 0.116382 -0.11543 -0.0986508 0.140863 0.985102 0.177029 5.46667 -0.893745</i>
                        <i>0.105515 0.982683 -0.15232 -0.987259 0.0851733 -0.134404 -0.119103 0.164561 0.97915 0.172211 5.47616 -0.918681</i>
                        <i>0.0842494 0.981451 -0.17221 -0.986964 0.0584088 -0.149966 -0.137126 0.1826 0.973578 0.168342 5.48318 -0.938991</i>
                        <i>0.0680251 0.980278 -0.185545 -0.986238 0.0379815 -0.160913 -0.150692 0.193937 0.969371 0.165632 5.48716 -0.953047</i>
                        <i>0.0550308 0.980792 -0.187135 -0.985116 0.0227659 -0.170375 -0.162842 0.193725 0.967447 0.163554 5.48715 -0.957871</i>
                        <i>0.0453716 0.9801 -0.19325 -0.984836 0.011458 -0.17311 -0.167451 0.198174 0.965757 0.162632 5.481 -0.963312</i>
                        <i>0.0375715 0.979717 -0.19683 -0.984887 0.00297812 -0.173174 -0.169076 0.200362 0.965023 0.162297 5.47904 -0.965781</i>
                        <i>0.0311974 0.979649 -0.198279 -0.98524 -0.00326431 -0.171147 -0.168311 0.200691 0.965088 0.162415 5.49327 -0.965911</i>
                        <i>0.0258485 0.979862 -0.197995 -0.985822 -0.00786163 -0.167607 -0.165789 0.19952 0.965767 0.162859 5.50631 -0.964338</i>
                        <i>0.0211411 0.980298 -0.196389 -0.986539 -0.011405 -0.16313 -0.162156 0.197194 0.966861 0.163505 5.49405 -0.961694</i>
                        <i>0.0168083 0.980853 -0.194024 -0.987286 -0.0143953 -0.158302 -0.158064 0.194218 0.96814 0.164228 5.48054 -0.958611</i>
                        <i>0.0123612 0.981506 -0.191031 -0.987967 -0.0174675 -0.153676 -0.154171 0.190632 0.96948 0.164905 5.4789 -0.95572</i>
                        <i>0.00768511 0.982047 -0.188478 -0.988486 -0.0210237 -0.149847 -0.151119 0.18746 0.970578 0.165414 5.47811 -0.953655</i>
                        <i>0.00267137 0.982268 -0.187465 -0.988749 -0.0254435 -0.147407 -0.149563 0.18575 0.971148 0.165632 5.47773 -0.953047</i>
                        <i>-0.00610705 0.981682 -0.19043 -0.988502 -0.0346985 -0.147172 -0.151084 0.187341 0.970606 0.163193 5.47078 -0.955904</i>
                        <i>-0.0157786 0.980526 -0.195753 -0.987902 -0.045495 -0.148255 -0.154273 0.191045 0.969382 0.159101 5.45609 -0.96033</i>
                        <i>-0.0170137 0.979963 -0.198453 -0.987751 -0.0472641 -0.148709 -0.155109 0.193492 0.968763 0.158272 5.44202 -0.961115</i>
                        <i>-0.000549348 0.981095 -0.193528 -0.988767 -0.0294578 -0.146531 -0.149461 0.191273 0.970091 0.165632 5.43694 -0.953047</i>
                        <i>0.0300075 0.982488 -0.183893 -0.989788 0.00355801 -0.142503 -0.139353 0.186291 0.972562 0.17966 5.44048 -0.938329</i>
                        <i>0.0642268 0.982446 -0.175144 -0.989538 0.0399776 -0.138623 -0.129188 0.182215 0.974735 0.195335 5.44668 -0.92272</i>
                        <i>0.101186 0.980874 -0.166278 -0.987729 0.0790602 -0.134689 -0.118967 0.177866 0.976837 0.212374 5.4553 -0.906306</i>
                        <i>0.140031 0.97772 -0.156383 -0.984146 0.120072 -0.130537 -0.108852 0.172183 0.979032 0.230489 5.46524 -0.889176</i>
                        <i>0.179993 0.972975 -0.144647 -0.978656 0.162304 -0.126055 -0.0991711 0.164248 0.981421 0.249389 5.47542 -0.871423</i>
                        <i>0.220384 0.966668 -0.130324 -0.971214 0.205083 -0.121181 -0.0904146 0.153279 0.984038 0.268774 5.48476 -0.853145</i>
                        <i>0.260583 0.958854 -0.112675 -0.961858 0.247779 -0.115912 -0.0832239 0.138582 0.986848 0.288342 5.49217 -0.834445</i>
                        <i>0.300029 0.949589 -0.0909007 -0.950704 0.289824 -0.110291 -0.0783864 0.11951 0.989734 0.307782 5.49658 -0.815429</i>
                        <i>0.338215 0.938884 -0.0640921 -0.937928 0.330743 -0.104407 -0.0768284 0.0954258 0.992467 0.326781 5.49692 -0.796207</i>
                        <i>0.37407 0.926968 -0.0283047 -0.923884 0.369823 -0.0983338 -0.0806846 0.062934 0.994751 0.345024 5.49334 -0.776755</i>
                        <i>0.407572 0.912996 0.0179952 -0.908581 0.407417 -0.0921518 -0.0914658 0.0212083 0.995582 0.362199 5.48705 -0.757032</i>
                        <i>0.439628 0.895272 0.0722142 -0.891541 0.444723 -0.0858803 -0.109002 -0.0266266 0.993685 0.377989 5.47849 -0.737128</i>
                        <i>0.470719 0.872416 0.13158 -0.872234 0.482598 -0.0794123 -0.132781 -0.0773881 0.98812 0.392073 5.46812 -0.717135</i>
                        <i>0.500844 0.843792 0.192795 -0.850291 0.521285 -0.0725766 -0.16174 -0.127582 0.978551 0.401889 5.45641 -0.697144</i>
                        <i>0.52965 0.810004 0.251723 -0.825762 0.560232 -0.0652499 -0.193876 -0.173304 0.965597 0.40628 5.44382 -0.677249</i>
                        <i>0.556649 0.773251 0.303685 -0.799479 0.597971 -0.0571378 -0.225777 -0.210984 0.951058 0.407037 5.43089 -0.657285</i>
                        <i>0.580771 0.738818 0.341838 -0.774149 0.63112 -0.0487941 -0.251791 -0.236296 0.938491 0.406668 5.41771 -0.637259</i>
                        <i>0.60182 0.70937 0.366889 -0.751284 0.658691 -0.0412055 -0.270896 -0.25084 0.929352 0.407148 5.40451 -0.617475</i>
                        <i>0.620743 0.682621 0.385625 -0.729663 0.682942 -0.0343767 -0.286826 -0.260037 0.922015 0.409486 5.39208 -0.598183</i>
                        <i>0.623794 0.68169 0.382335 -0.728296 0.684505 -0.0322064 -0.283665 -0.258363 0.923462 0.406402 5.38986 -0.595215</i>
                        <i>0.621944 0.680505 0.387426 -0.728545 0.684236 -0.0322948 -0.287067 -0.262172 0.921335 0.406402 5.3897 -0.595215</i>
                        <i>0.618576 0.678111 0.3969 -0.728887 0.683866 -0.032416 -0.293408 -0.269243 0.917289 0.406402 5.38953 -0.595215</i>
                        <i>0.616799 0.676717 0.402012 -0.729004 0.683739 -0.0324577 -0.296836 -0.273048 0.915059 0.406402 5.38936 -0.595215</i>
                        <i>0.622329 0.674865 0.396566 -0.72558 0.68743 -0.031199 -0.293666 -0.268324 0.917476 0.406544 5.3949 -0.595174</i>
                        <i>0.608582 0.716342 0.341295 -0.75246 0.657523 -0.0383175 -0.251858 -0.233491 0.939175 0.386378 5.41369 -0.611563</i>
                        <i>0.594755 0.754243 0.278179 -0.776044 0.628985 -0.0462004 -0.209817 -0.188401 0.959417 0.369122 5.44038 -0.628235</i>
                        <i>0.574925 0.790681 0.210438 -0.800459 0.596811 -0.0555192 -0.16949 -0.136528 0.976029 0.350542 5.47341 -0.644997</i>
                        <i>0.543806 0.827216 0.141381 -0.82856 0.555986 -0.0660896 -0.133276 -0.0812031 0.987747 0.326389 5.51116 -0.661657</i>
                        <i>0.49689 0.864637 0.0741803 -0.861576 0.501744 -0.0770677 -0.103855 -0.0256178 0.994262 0.292402 5.55197 -0.678027</i>
                        <i>0.430418 0.902617 0.00480007 -0.898933 0.42913 -0.0881313 -0.0816087 0.0336184 0.996097 0.244718 5.59406 -0.694196</i>
                        <i>0.348727 0.934646 -0.0694673 -0.934742 0.341455 -0.0983199 -0.0681744 0.0992207 0.992727 0.186319 5.63548 -0.710119</i>
                        <i>0.260706 0.954647 -0.143812 -0.963165 0.247024 -0.106266 -0.0659217 0.166219 0.983883 0.123191 5.67437 -0.725422</i>
                        <i>0.174953 0.961089 -0.213773 -0.981775 0.153926 -0.111465 -0.0742228 0.229378 0.970503 0.0612688 5.70905 -0.739757</i>
                        <i>0.0985885 0.956292 -0.275294 -0.991062 0.0693695 -0.11395 -0.0898729 0.284067 0.954583 0.00640461 5.73795 -0.752805</i>
                        <i>0.0368434 0.94513 -0.324611 -0.993479 -0.000430031 -0.114012 -0.107896 0.326694 0.938951 -0.0356409 5.75958 -0.764266</i>
                        <i>-0.0106539 0.933048 -0.359595 -0.992524 -0.053594 -0.109655 -0.121585 0.355739 0.926643 -0.058036 5.77526 -0.771396</i>
                        <i>-0.0464107 0.924098 -0.379327 -0.990657 -0.0913289 -0.101284 -0.12824 0.371083 0.919702 -0.0628974 5.78691 -0.773126</i>
                        <i>-0.0687793 0.921625 -0.381938 -0.989352 -0.112235 -0.0926622 -0.128266 0.371498 0.919531 -0.0579437 5.79415 -0.771701</i>
                        <i>-0.0753262 0.927871 -0.365214 -0.989556 -0.114698 -0.0873073 -0.122899 0.354823 0.926821 -0.0508496 5.79668 -0.76938</i>
                        <i>-0.0661367 0.942066 -0.328842 -0.991358 -0.0994571 -0.0855428 -0.113293 0.320343 0.940503 -0.0430422 5.79358 -0.766579</i>
                        <i>-0.0452268 0.959621 -0.277637 -0.993815 -0.0714355 -0.0850168 -0.101417 0.272075 0.956917 -0.0316794 5.78311 -0.762494</i>
                        <i>-0.0161613 0.976054 -0.216929 -0.995736 -0.0354183 -0.0851788 -0.0908223 0.214628 0.972464 -0.0179949 5.76372 -0.757543</i>
                        <i>0.016813 0.988163 -0.152485 -0.996327 0.00375042 -0.0855506 -0.083966 0.153364 0.984596 -0.00331084 5.70401 -0.752186</i>
                        <i>0.0489682 0.994695 -0.0904689 -0.995465 0.0412081 -0.0857389 -0.081556 0.0942571 0.992202 0.010957 5.60426 -0.746932</i>
                        <i>0.0755424 0.996446 -0.0372677 -0.99373 0.0721416 -0.085423 -0.0824308 0.043487 0.995648 0.0233301 5.50713 -0.742333</i>
                        <i>0.0769951 0.996532 -0.031569 -0.993582 0.0740586 -0.0855007 -0.0828662 0.0379495 0.995838 0.0233301 5.46116 -0.742333</i>
                        <i>0.0723416 0.995183 -0.0661576 -0.994147 0.0666123 -0.0850509 -0.0802343 0.0719231 0.994178 0.0267623 5.47228 -0.760324</i>
                        <i>0.0549231 0.992385 -0.110255 -0.996071 0.0467725 -0.0751978 -0.0694682 0.113952 0.991055 0.0329736 5.51784 -0.776396</i>
                        <i>0.0330852 0.990283 -0.135075 -0.997661 0.0246349 -0.0637597 -0.0598126 0.136869 0.988782 0.0391926 5.59679 -0.773606</i>
                        <i>0.0178411 0.988685 -0.148944 -0.998249 0.00921125 -0.0584304 -0.0563973 0.149726 0.987118 0.0438246 5.67957 -0.767945</i>
                        <i>0.0117488 0.989042 -0.147169 -0.998011 0.0024811 -0.062999 -0.0619435 0.147616 0.987103 0.0412618 5.74492 -0.760239</i>
                        <i>0.0174488 0.991054 -0.132317 -0.997726 0.00864119 -0.0668484 -0.065107 0.133183 0.988951 0.0436065 5.76944 -0.751429</i>
                        <i>0.0330804 0.993236 -0.111299 -0.997575 0.0259893 -0.0645702 -0.0612409 0.113165 0.991687 0.0574763 5.76171 -0.742594</i>
                        <i>0.0518039 0.994535 -0.09064 -0.997046 0.0463535 -0.0612389 -0.0567028 0.0935447 0.993999 0.0729481 5.73925 -0.735004</i>
                        <i>0.0747479 0.994674 -0.0709718 -0.995897 0.0708209 -0.0563269 -0.0510006 0.074891 0.995887 0.0898506 5.70463 -0.729986</i>
                        <i>0.102647 0.993312 -0.0528712 -0.993738 0.100042 -0.0497702 -0.044148 0.0576489 0.99736 0.108216 5.66064 -0.728104</i>
                        <i>0.134532 0.990228 -0.0367333 -0.990224 0.132968 -0.0421427 -0.0368466 0.0420438 0.998436 0.127815 5.61028 -0.728554</i>
                        <i>0.16898 0.985367 -0.0223254 -0.985182 0.168187 -0.0336099 -0.0293632 0.027674 0.999186 0.148042 5.55647 -0.730589</i>
                        <i>0.204553 0.978813 -0.00916626 -0.978608 0.204282 -0.0243901 -0.0220008 0.0139592 0.99966 0.168339 5.50212 -0.733438</i>
                        <i>0.239859 0.970802 0.00347027 -0.970687 0.239884 -0.0148861 -0.0152839 0.000202028 0.999883 0.18822 5.45023 -0.736328</i>
                        <i>0.273605 0.961704 0.0162952 -0.96179 0.273727 -0.00572926 -0.00997028 -0.014105 0.999851 0.207305 5.40386 -0.738491</i>
                    </KeyFrames>
                </p>
            </i>
            <i>
                <p>
                    <Name><![CDATA[spine1]]></Name>
                    <Exclude>0</Exclude>
                    <Additive>0</Additive>
                    <IKPriority>0</IKPriority>
                    <IKRotLimits>-1e+010 -1e+010 -1e+010 1e+010 1e+010 1e+010</IKRotLimits>
                    <IKRotLimitOrder>0</IKRotLimitOrder>
                    <KeyFrames count="91">
                        <i>0.187875 0.959342 0.210632 -0.982183 0.182523 0.044749 0.00448448 -0.215286 0.976541 0.25372 5.56408 -0.743932</i>
                        <i>0.193951 0.957316 0.214313 -0.980991 0.187873 0.0485734 0.00623648 -0.21966 0.975557 0.255562 5.55395 -0.740328</i>
                        <i>0.20384 0.953265 0.223015 -0.978949 0.196041 0.0568121 0.010437 -0.2299 0.973158 0.258507 5.54422 -0.733686</i>
                        <i>0.213655 0.948695 0.233089 -0.976808 0.204029 0.064945 0.014056 -0.241559 0.970284 0.261465 5.54365 -0.72697</i>
                        <i>0.219532 0.945383 0.240951 -0.9755 0.209076 0.0684626 0.0143462 -0.250077 0.96812 0.263326 5.55177 -0.723146</i>
                        <i>0.217605 0.94529 0.243054 -0.975998 0.208511 0.062863 0.00874436 -0.250899 0.967974 0.262973 5.55965 -0.725188</i>
                        <i>0.203978 0.950164 0.235756 -0.97896 0.199336 0.0436228 -0.00554586 -0.239694 0.970833 0.259308 5.55768 -0.736061</i>
                        <i>0.179052 0.959196 0.218824 -0.98339 0.181208 0.0103475 -0.0297273 -0.217042 0.97571 0.252269 5.55931 -0.756337</i>
                        <i>0.147046 0.969616 0.195503 -0.987179 0.156268 -0.0325283 -0.0620909 -0.188213 0.980164 0.243032 5.57729 -0.783233</i>
                        <i>0.109842 0.979784 0.167209 -0.988763 0.124874 -0.0821825 -0.101401 -0.156303 0.98249 0.232401 5.59731 -0.814675</i>
                        <i>0.0694233 0.988352 0.135426 -0.986858 0.0878978 -0.135595 -0.145919 -0.124233 0.981465 0.221153 5.61136 -0.848593</i>
                        <i>0.0278089 0.994424 0.101728 -0.980742 0.0468232 -0.189612 -0.193318 -0.0944956 0.976575 0.210001 5.62446 -0.882938</i>
                        <i>-0.0130514 0.997614 0.0677885 -0.970496 0.00368549 -0.241088 -0.240763 -0.068935 0.968133 0.19957 5.63596 -0.915699</i>
                        <i>-0.0513889 0.998052 0.0353792 -0.957115 -0.0391054 -0.287058 -0.285115 -0.0486135 0.95726 0.190375 5.64532 -0.944906</i>
                        <i>-0.0856954 0.996301 0.00636157 -0.942452 -0.0789892 -0.324878 -0.323174 -0.033836 0.945735 0.182842 5.65209 -0.968632</i>
                        <i>-0.114735 0.993245 -0.0173094 -0.928986 -0.113452 -0.352298 -0.351882 -0.0243407 0.935728 0.177337 5.65582 -0.984974</i>
                        <i>-0.137583 0.988954 -0.0551355 -0.917262 -0.148219 -0.369678 -0.373767 -0.000287712 0.927523 0.172967 5.65493 -0.989882</i>
                        <i>-0.160695 0.98491 -0.0642575 -0.911292 -0.17306 -0.373628 -0.37911 -0.00148275 0.92535 0.170407 5.64896 -0.996429</i>
                        <i>-0.182503 0.980771 -0.0691433 -0.908276 -0.195104 -0.370092 -0.376466 -0.00474168 0.926418 0.16875 5.64731 -0.999588</i>
                        <i>-0.203556 0.976521 -0.0705091 -0.906925 -0.2152 -0.362183 -0.368853 -0.00977801 0.929436 0.167788 5.66197 -1.00006</i>
                        <i>-0.224329 0.972056 -0.0691639 -0.905857 -0.234166 -0.352973 -0.359305 -0.0165294 0.933074 0.167325 5.67555 -0.998543</i>
                        <i>-0.245248 0.967209 -0.0660257 -0.903731 -0.25274 -0.345533 -0.35089 -0.0250717 0.936081 0.16717 5.66392 -0.995735</i>
                        <i>-0.265413 0.962199 -0.061063 -0.901791 -0.270158 -0.337324 -0.341069 -0.0344641 0.939406 0.167152 5.65106 -0.992356</i>
                        <i>-0.28544 0.956884 -0.053816 -0.899365 -0.286839 -0.329948 -0.331158 -0.0457802 0.942464 0.167064 5.6501 -0.989058</i>
                        <i>-0.304421 0.951391 -0.0467269 -0.896434 -0.302733 -0.323665 -0.322078 -0.0566431 0.945017 0.166761 5.64992 -0.986651</i>
                        <i>-0.321536 0.945954 -0.0422618 -0.893005 -0.317776 -0.318685 -0.314891 -0.0647289 0.946918 0.166104 5.65002 -0.985953</i>
                        <i>-0.341236 0.938889 -0.0452311 -0.887199 -0.3376 -0.31449 -0.310541 -0.0671863 0.948183 0.162124 5.64333 -0.989403</i>
                        <i>-0.358965 0.931771 -0.054279 -0.880686 -0.357395 -0.310904 -0.309091 -0.0638011 0.94889 0.156327 5.62869 -0.994816</i>
                        <i>-0.360778 0.930543 -0.0626873 -0.879585 -0.36183 -0.308884 -0.310112 -0.0562995 0.949032 0.155281 5.61452 -0.996075</i>
                        <i>-0.332607 0.940907 -0.0637678 -0.889785 -0.335503 -0.309386 -0.312498 -0.0461642 0.948796 0.165539 5.60923 -0.987059</i>
                        <i>-0.277467 0.958543 -0.064873 -0.906508 -0.283573 -0.312779 -0.318208 -0.0279778 0.947608 0.184911 5.61228 -0.970507</i>
                        <i>-0.209552 0.97492 -0.0749551 -0.921467 -0.222542 -0.318392 -0.327088 0.00234886 0.944991 0.206512 5.61762 -0.953208</i>
                        <i>-0.130889 0.987337 -0.0896302 -0.933188 -0.153222 -0.325089 -0.334705 0.0410912 0.941426 0.229887 5.62506 -0.935093</i>
                        <i>-0.0441464 0.993537 -0.104577 -0.940303 -0.0766829 -0.331587 -0.337463 0.0836956 0.937611 0.254606 5.63362 -0.916112</i>
                        <i>0.0473783 0.992159 -0.115652 -0.941679 0.00574763 -0.336464 -0.333161 0.124848 0.934568 0.28026 5.6423 -0.896232</i>
                        <i>0.140043 0.982976 -0.118938 -0.936526 0.0925065 -0.338174 -0.321414 0.158747 0.933537 0.306462 5.65007 -0.875429</i>
                        <i>0.230284 0.966808 -0.110687 -0.924478 0.18184 -0.335073 -0.303824 0.179489 0.935668 0.332833 5.65589 -0.853679</i>
                        <i>0.315024 0.945075 -0.0871436 -0.905636 0.271869 -0.325439 -0.283872 0.181441 0.941539 0.358995 5.65867 -0.830941</i>
                        <i>0.391893 0.918942 -0.0443315 -0.880544 0.360684 -0.30749 -0.266576 0.159539 0.950518 0.384568 5.65733 -0.807154</i>
                        <i>0.456933 0.88899 0.030159 -0.851049 0.44679 -0.275851 -0.258704 0.100379 0.960727 0.409084 5.65209 -0.7816</i>
                        <i>0.509957 0.848987 0.138436 -0.817784 0.528405 -0.228072 -0.266781 0.00309603 0.963752 0.432287 5.64405 -0.75394</i>
                        <i>0.552892 0.789162 0.267458 -0.779877 0.603127 -0.16742 -0.293433 -0.11602 0.948913 0.454097 5.63347 -0.724636</i>
                        <i>0.585531 0.704204 0.401559 -0.736978 0.668752 -0.0981542 -0.337664 -0.238467 0.910558 0.474333 5.62057 -0.694161</i>
                        <i>0.607148 0.59691 0.524471 -0.689559 0.723781 -0.0254887 -0.394816 -0.346178 0.851047 0.490416 5.60555 -0.6631</i>
                        <i>0.618638 0.478615 0.623069 -0.639 0.767914 0.044576 -0.457129 -0.425717 0.780896 0.501018 5.5887 -0.632271</i>
                        <i>0.624663 0.366395 0.689602 -0.587534 0.80223 0.105971 -0.514392 -0.471361 0.716393 0.50761 5.57059 -0.602477</i>
                        <i>0.628017 0.287537 0.72313 -0.546332 0.824644 0.146572 -0.55418 -0.487119 0.674982 0.512101 5.55183 -0.575268</i>
                        <i>0.630039 0.246186 0.736508 -0.520169 0.838 0.164863 -0.576607 -0.486979 0.656031 0.516345 5.53321 -0.550971</i>
                        <i>0.632057 0.222619 0.742256 -0.500718 0.848363 0.171936 -0.591426 -0.480334 0.647683 0.521819 5.5156 -0.528461</i>
                        <i>0.635976 0.229255 0.736869 -0.501757 0.848313 0.169129 -0.586322 -0.477292 0.654537 0.51911 5.51302 -0.526196</i>
                        <i>0.629754 0.223636 0.743907 -0.504128 0.846254 0.172366 -0.590987 -0.483572 0.645672 0.518872 5.51275 -0.525217</i>
                        <i>0.618273 0.212781 0.756612 -0.508332 0.842467 0.178463 -0.599447 -0.494949 0.629038 0.518446 5.51235 -0.523389</i>
                        <i>0.612136 0.206717 0.763254 -0.510489 0.840448 0.181793 -0.603896 -0.500915 0.619995 0.518224 5.51204 -0.522399</i>
                        <i>0.629951 0.203903 0.749389 -0.502083 0.843086 0.192663 -0.592515 -0.497624 0.633479 0.519346 5.51723 -0.523359</i>
                        <i>0.677544 0.260506 0.687801 -0.519805 0.831205 0.197233 -0.520324 -0.491157 0.69859 0.496606 5.54343 -0.54981</i>
                        <i>0.729481 0.320597 0.604214 -0.531324 0.821897 0.205379 -0.430757 -0.470853 0.769899 0.476672 5.57677 -0.577992</i>
                        <i>0.770353 0.388539 0.505562 -0.546259 0.811124 0.208993 -0.328872 -0.437166 0.837096 0.454212 5.61598 -0.607107</i>
                        <i>0.787507 0.468283 0.40068 -0.574401 0.793314 0.201782 -0.223374 -0.389056 0.893722 0.424011 5.65965 -0.636327</i>
                        <i>0.770547 0.563017 0.298778 -0.624719 0.760099 0.178815 -0.126425 -0.324438 0.93742 0.381031 5.70618 -0.664838</i>
                        <i>0.711608 0.676191 0.190735 -0.701422 0.699317 0.137704 -0.04027 -0.231777 0.971935 0.320807 5.75362 -0.69338</i>
                        <i>0.611817 0.788429 0.0637232 -0.790445 0.606385 0.0865673 0.0296114 -0.103333 0.994206 0.247327 5.79898 -0.722292</i>
                        <i>0.482863 0.872515 -0.0745773 -0.8731 0.486235 0.0356653 0.0673806 0.047892 0.996577 0.168357 5.83975 -0.750347</i>
                        <i>0.344956 0.914482 -0.21149 -0.93617 0.351474 -0.0071949 0.0677536 0.200473 0.977354 0.0913525 5.87432 -0.776519</i>
                        <i>0.219832 0.916972 -0.33292 -0.974756 0.220131 -0.0373317 0.039054 0.332722 0.942216 0.0232791 5.90164 -0.799922</i>
                        <i>0.12408 0.895807 -0.426771 -0.992272 0.112095 -0.0532033 0.000179022 0.430074 0.902794 -0.0293485 5.92101 -0.819706</i>
                        <i>0.0650806 0.871725 -0.485655 -0.99751 0.043574 -0.0554591 -0.0271831 0.488055 0.872389 -0.0598552 5.93453 -0.832775</i>
                        <i>0.0340644 0.859027 -0.510796 -0.998722 0.0101644 -0.0495098 -0.0373383 0.51183 0.858275 -0.0708205 5.94466 -0.837874</i>
                        <i>0.0201505 0.863107 -0.504619 -0.999186 -0.000254886 -0.0403356 -0.0349426 0.505021 0.862399 -0.0696883 5.95151 -0.836912</i>
                        <i>0.0145872 0.883879 -0.467488 -0.999508 -9.75288e-005 -0.0313724 -0.027775 0.467715 0.883443 -0.0637158 5.95516 -0.831754</i>
                        <i>0.0161068 0.917292 -0.397889 -0.999696 0.00733868 -0.0235496 -0.0186819 0.398148 0.917131 -0.0543426 5.95454 -0.822761</i>
                        <i>0.02805 0.953456 -0.300224 -0.999575 0.0243811 -0.0159607 -0.00789804 0.300544 0.953735 -0.0394116 5.94716 -0.809955</i>
                        <i>0.0479407 0.981832 -0.183598 -0.99885 0.0469668 -0.00965208 -0.000853706 0.18385 0.982954 -0.0207603 5.93072 -0.794657</i>
                        <i>0.0716033 0.995666 -0.0593437 -0.997433 0.0714158 -0.00527774 -0.00101679 0.0595693 0.998224 -0.000431286 5.87325 -0.778301</i>
                        <i>0.094002 0.993776 0.0597791 -0.995536 0.0943426 -0.00289558 -0.00851728 -0.05924 0.998207 0.0193537 5.77482 -0.762445</i>
                        <i>0.110685 0.980727 0.161009 -0.993655 0.112459 -0.00191733 -0.0199873 -0.159775 0.986951 0.0362979 5.67818 -0.748732</i>
                        <i>0.1148 0.97365 0.197045 -0.993052 0.117648 -0.00276598 -0.0258749 -0.195358 0.980391 0.0365514 5.63228 -0.747755</i>
                        <i>0.0836259 0.952376 0.293234 -0.995901 0.0900561 -0.00847194 -0.034476 -0.291323 0.956003 0.039637 5.64935 -0.772134</i>
                        <i>0.0268691 0.941711 0.335349 -0.999492 0.031062 -0.00714475 -0.0171449 -0.334987 0.942067 0.0431165 5.701 -0.796826</i>
                        <i>-0.0280126 0.960879 0.275547 -0.999604 -0.0276728 -0.00512196 0.00270356 -0.275582 0.961274 0.0452172 5.77699 -0.79825</i>
                        <i>-0.0697886 0.97756 0.198764 -0.997533 -0.0699006 -0.00646234 0.00757637 -0.198724 0.980026 0.0470114 5.85604 -0.794572</i>
                        <i>-0.0818166 0.990084 0.114195 -0.996645 -0.0810178 -0.0116264 -0.00225924 -0.114764 0.99339 0.0433211 5.91816 -0.786039</i>
                        <i>-0.0703026 0.997153 0.0272539 -0.997479 -0.0700081 -0.0116176 -0.0096765 -0.0280019 0.999561 0.0466181 5.94047 -0.77427</i>
                        <i>-0.0516285 0.997165 -0.0547451 -0.998638 -0.0519657 -0.00475239 -0.00758378 0.0544252 0.998489 0.0631321 5.93153 -0.761621</i>
                        <i>-0.0311961 0.992404 -0.119001 -0.999512 -0.0311303 0.00241167 -0.00131119 0.119018 0.992891 0.0817689 5.9086 -0.75043</i>
                        <i>-0.00638659 0.989808 -0.142267 -0.999944 -0.005116 0.00929506 0.00847248 0.142318 0.989785 0.102559 5.87374 -0.742043</i>
                        <i>0.0227841 0.992438 -0.120613 -0.999566 0.0248684 0.0158036 0.0186836 0.1202 0.992574 0.125644 5.82929 -0.73707</i>
                        <i>0.0540191 0.995981 -0.0714371 -0.998206 0.0557138 0.0219462 0.025838 0.0701234 0.997204 0.150632 5.77824 -0.734773</i>
                        <i>0.0870722 0.996193 -0.00416796 -0.99582 0.0871539 0.0273191 0.0275784 0.0017718 0.999618 0.176704 5.7236 -0.734364</i>
