<?xml version="1.0" encoding="ISO-8859-1" ?>
<Animl Version="1">
    <ModellingPackage><![CDATA[Maya.2010]]></ModellingPackage>
    <SrcFile><![CDATA[anims\turrets\special\blue\~src\firework_cannon\firework_cannon_startup_crewmanb.mb]]></SrcFile>
    <FramesPerSecond>30</FramesPerSecond>
    <TotalFrames>31</TotalFrames>
    <Skeleton>
        <RefFrame>
            <Name><![CDATA[soldier_ref_frame]]></Name>
            <Exclude>0</Exclude>
            <Additive>0</Additive>
            <IKPriority>0</IKPriority>
            <IKRotLimits>-1e+010 -1e+010 -1e+010 1e+010 1e+010 1e+010</IKRotLimits>
            <IKRotLimitOrder>0</IKRotLimitOrder>
            <KeyFrames count="31">
                <i>1 0 0 0 1 0 0 0 1 -1.4 2.45 -0.5</i>
                <i>1 0 0 0 1 0 0 0 1 -1.4 2.45 -0.5</i>
                <i>1 0 0 0 1 0 0 0 1 -1.4 2.45 -0.5</i>
                <i>1 0 0 0 1 0 0 0 1 -1.4 2.45 -0.5</i>
                <i>1 0 0 0 1 0 0 0 1 -1.4 2.45 -0.5</i>
                <i>1 0 0 0 1 0 0 0 1 -1.4 2.45 -0.5</i>
                <i>1 0 0 0 1 0 0 0 1 -1.4 2.45 -0.5</i>
                <i>1 0 0 0 1 0 0 0 1 -1.4 2.45 -0.5</i>
                <i>1 0 0 0 1 0 0 0 1 -1.4 2.45 -0.5</i>
                <i>1 0 0 0 1 0 0 0 1 -1.4 2.45 -0.5</i>
                <i>1 0 0 0 1 0 0 0 1 -1.4 2.45 -0.5</i>
                <i>1 0 0 0 1 0 0 0 1 -1.4 2.45 -0.5</i>
                <i>1 0 0 0 1 0 0 0 1 -1.4 2.45 -0.5</i>
                <i>1 0 0 0 1 0 0 0 1 -1.4 2.45 -0.5</i>
                <i>1 0 0 0 1 0 0 0 1 -1.4 2.45 -0.5</i>
                <i>1 0 0 0 1 0 0 0 1 -1.4 2.45 -0.5</i>
                <i>1 0 0 0 1 0 0 0 1 -1.4 2.45 -0.5</i>
                <i>1 0 0 0 1 0 0 0 1 -1.4 2.45 -0.5</i>
                <i>1 0 0 0 1 0 0 0 1 -1.4 2.45 -0.5</i>
                <i>1 0 0 0 1 0 0 0 1 -1.4 2.45 -0.5</i>
                <i>1 0 0 0 1 0 0 0 1 -1.4 2.45 -0.5</i>
                <i>1 0 0 0 1 0 0 0 1 -1.4 2.45 -0.5</i>
                <i>1 0 0 0 1 0 0 0 1 -1.4 2.45 -0.5</i>
                <i>1 0 0 0 1 0 0 0 1 -1.4 2.45 -0.5</i>
                <i>1 0 0 0 1 0 0 0 1 -1.4 2.45 -0.5</i>
                <i>1 0 0 0 1 0 0 0 1 -1.4 2.45 -0.5</i>
                <i>1 0 0 0 1 0 0 0 1 -1.4 2.45 -0.5</i>
                <i>1 0 0 0 1 0 0 0 1 -1.4 2.45 -0.5</i>
                <i>1 0 0 0 1 0 0 0 1 -1.4 2.45 -0.5</i>
                <i>1 0 0 0 1 0 0 0 1 -1.4 2.45 -0.5</i>
                <i>1 0 0 0 1 0 0 0 1 -1.4 2.45 -0.5</i>
            </KeyFrames>
        </RefFrame>
        <Bones count="23">
            <i>
                <p>
                    <Name><![CDATA[pelvis]]></Name>
                    <Exclude>0</Exclude>
                    <Additive>0</Additive>
                    <IKPriority>0</IKPriority>
                    <IKRotLimits>-1e+010 -1e+010 -1e+010 1e+010 1e+010 1e+010</IKRotLimits>
                    <IKRotLimitOrder>2</IKRotLimitOrder>
                    <KeyFrames count="31">
                        <i>1 0 0 0 1 0 0 0 1 -1.24166 3.56922 -0.992813</i>
                        <i>1 0 0 0 1 0 0 0 1 -1.24192 3.56855 -0.993383</i>
                        <i>1 0 0 0 1 0 0 0 1 -1.24261 3.5667 -0.994958</i>
                        <i>1 0 0 0 1 0 0 0 1 -1.24366 3.56391 -0.997338</i>
                        <i>1 0 0 0 1 0 0 0 1 -1.24497 3.5604 -1.00032</i>
                        <i>1 0 0 0 1 0 0 0 1 -1.24646 3.55643 -1.00371</i>
                        <i>1 0 0 0 1 0 0 0 1 -1.23718 3.54077 -1.0115</i>
                        <i>1 0 0 0 1 0 0 0 1 -1.20911 3.51155 -1.02659</i>
                        <i>1 0 0 0 1 0 0 0 1 -1.16661 3.483 -1.04706</i>
                        <i>1 0 0 0 1 0 0 0 1 -1.11421 3.46934 -1.07089</i>
                        <i>1 0 0 0 1 0 0 0 1 -1.05653 3.48911 -1.096</i>
                        <i>1 0 0 0 1 0 0 0 1 -0.998388 3.52707 -1.12026</i>
                        <i>1 0 0 0 1 0 0 0 1 -0.944681 3.54675 -1.14154</i>
                        <i>1 0 0 0 1 0 0 0 1 -0.900128 3.51862 -1.16656</i>
                        <i>1 0 0 0 1 0 0 0 1 -0.868656 3.46634 -1.19875</i>
                        <i>1 0 0 0 1 0 0 0 1 -0.855271 3.43267 -1.2309</i>
                        <i>1 0 0 0 1 0 0 0 1 -0.87134 3.46189 -1.25046</i>
                        <i>1 0 0 0 1 0 0 0 1 -0.907599 3.50683 -1.25173</i>
                        <i>1 0 0 0 1 0 0 0 1 -0.939723 3.52713 -1.2367</i>
                        <i>1 0 0 0 1 0 0 0 1 -0.961206 3.5508 -1.20859</i>
                        <i>1 0 0 0 1 0 0 0 1 -0.982665 3.57625 -1.17721</i>
                        <i>1 0 0 0 1 0 0 0 1 -1.00346 3.59669 -1.15559</i>
                        <i>1 0 0 0 1 0 0 0 1 -1.0238 3.60705 -1.14739</i>
                        <i>1 0 0 0 1 0 0 0 1 -1.04371 3.60873 -1.14589</i>
                        <i>1 0 0 0 1 0 0 0 1 -1.06185 3.60714 -1.14855</i>
                        <i>1 0 0 0 1 0 0 0 1 -1.07806 3.60309 -1.15442</i>
                        <i>1 0 0 0 1 0 0 0 1 -1.09232 3.59732 -1.16258</i>
                        <i>1 0 0 0 1 0 0 0 1 -1.10469 3.59049 -1.17208</i>
                        <i>1 0 0 0 1 0 0 0 1 -1.11535 3.58319 -1.18199</i>
                        <i>1 0 0 0 1 0 0 0 1 -1.12457 3.57594 -1.19135</i>
                        <i>1 0 0 0 1 0 0 0 1 -1.13269 3.56922 -1.19916</i>
                    </KeyFrames>
                </p>
            </i>
            <i>
                <p>
                    <Name><![CDATA[spine0]]></Name>
                    <Exclude>0</Exclude>
                    <Additive>0</Additive>
                    <IKPriority>0</IKPriority>
                    <IKRotLimits>-1e+010 -1e+010 -1e+010 1e+010 1e+010 1e+010</IKRotLimits>
                    <IKRotLimitOrder>0</IKRotLimitOrder>
                    <KeyFrames count="31">
                        <i>0.00555064 0.999781 -0.0201796 -0.914861 -0.00307025 -0.403757 -0.40373 0.0207026 0.914644 -1.20401 3.70182 -1.03399</i>
                        <i>0.00692484 0.999799 -0.0188097 -0.914838 -0.0012609 -0.40382 -0.403763 0.0200042 0.914645 -1.20426 3.70115 -1.03456</i>
                        <i>0.0107606 0.99983 -0.0149863 -0.914756 0.00378965 -0.40399 -0.403864 0.018056 0.914641 -1.20496 3.6993 -1.03613</i>
                        <i>0.016605 0.99982 -0.00915413 -0.914586 0.0114884 -0.404229 -0.404051 0.0150845 0.914612 -1.206 3.69651 -1.03851</i>
                        <i>0.023987 0.999711 -0.00176964 -0.914293 0.0212215 -0.404496 -0.404341 0.0113206 0.914538 -1.20732 3.693 -1.0415</i>
                        <i>0.0324298 0.999451 0.00671123 -0.913852 0.0323702 -0.404755 -0.404751 0.00699308 0.9144 -1.20881 3.68903 -1.04488</i>
                        <i>0.036296 0.999146 0.0197216 -0.910702 0.0411956 -0.411005 -0.411466 -0.00304265 0.91142 -1.19992 3.67371 -1.05194</i>
                        <i>0.0310895 0.998725 0.0397782 -0.903005 0.0451269 -0.427254 -0.428504 -0.0226368 0.903256 -1.17297 3.64538 -1.06504</i>
                        <i>0.0180071 0.997623 0.06651 -0.891598 0.0461257 -0.450473 -0.45247 -0.0511884 0.890309 -1.13226 3.61811 -1.08258</i>
                        <i>-0.00241315 0.995328 0.0965166 -0.877378 0.0442009 -0.477759 -0.479793 -0.0858344 0.873173 -1.08225 3.60592 -1.10286</i>
                        <i>-0.0280393 0.99198 0.123246 -0.861319 0.0385949 -0.506597 -0.507291 -0.120359 0.853329 -1.02745 3.62717 -1.12413</i>
                        <i>-0.0544935 0.988266 0.142693 -0.844479 0.0306406 -0.534711 -0.532809 -0.14964 0.8329 -0.972451 3.66647 -1.14461</i>
                        <i>-0.0785807 0.98457 0.156353 -0.828251 0.0228079 -0.559892 -0.554819 -0.173496 0.81368 -0.921868 3.68725 -1.16246</i>
                        <i>-0.0961537 0.977948 0.185399 -0.819982 0.0277633 -0.571715 -0.564255 -0.206996 0.79923 -0.87941 3.66031 -1.18033</i>
                        <i>-0.108105 0.965508 0.236871 -0.82525 0.0457012 -0.562915 -0.554325 -0.256331 0.791845 -0.850006 3.60898 -1.20082</i>
                        <i>-0.117061 0.94756 0.297367 -0.843673 0.0630848 -0.533139 -0.52394 -0.31329 0.792045 -0.84087 3.57553 -1.22202</i>
                        <i>-0.151463 0.911199 0.383113 -0.87899 0.0531306 -0.473872 -0.452146 -0.408527 0.792887 -0.868782 3.60465 -1.23284</i>
                        <i>-0.20141 0.860462 0.468016 -0.919331 -0.00116898 -0.393484 -0.338031 -0.509514 0.791285 -0.921005 3.64776 -1.22614</i>
                        <i>-0.219149 0.827937 0.516231 -0.949475 -0.0591399 -0.308219 -0.224656 -0.557694 0.799066 -0.96297 3.66564 -1.20554</i>
                        <i>-0.207298 0.823854 0.527534 -0.969116 -0.0993123 -0.225724 -0.133573 -0.558033 0.818998 -0.986104 3.69005 -1.18241</i>
                        <i>-0.192648 0.836293 0.513323 -0.979737 -0.134715 -0.148217 -0.0548005 -0.531475 0.845299 -1.00812 3.71754 -1.16797</i>
                        <i>-0.173436 0.860626 0.478794 -0.984817 -0.155242 -0.0776889 0.00746792 -0.484998 0.874483 -1.0302 3.73766 -1.1661</i>
                        <i>-0.1477 0.889088 0.433252 -0.987549 -0.156558 -0.0153882 0.0541476 -0.430131 0.901141 -1.05252 3.7464 -1.16867</i>
                        <i>-0.120109 0.911031 0.394458 -0.988572 -0.146218 0.0366915 0.091104 -0.385543 0.918181 -1.07388 3.74771 -1.16756</i>
                        <i>-0.0971806 0.923037 0.372235 -0.987806 -0.135162 0.0772732 0.121638 -0.360186 0.924916 -1.09196 3.74645 -1.16807</i>
                        <i>-0.0778663 0.926389 0.36843 -0.986135 -0.125889 0.108122 0.146544 -0.354902 0.923347 -1.1067 3.74322 -1.16992</i>
                        <i>-0.0597568 0.926619 0.371222 -0.984509 -0.116119 0.131369 0.164835 -0.357621 0.919204 -1.1183 3.73845 -1.17277</i>
                        <i>-0.043135 0.924816 0.377962 -0.983163 -0.106532 0.148464 0.177567 -0.365194 0.91384 -1.12721 3.73252 -1.17627</i>
                        <i>-0.0284101 0.92127 0.387884 -0.982087 -0.0980372 0.160918 0.186276 -0.376364 0.907552 -1.134 3.72582 -1.17999</i>
                        <i>-0.0159738 0.916367 0.400021 -0.981097 -0.0915308 0.170501 0.192856 -0.389736 0.900507 -1.1394 3.71881 -1.18347</i>
                        <i>-0.00616217 0.910589 0.413267 -0.979859 -0.0879885 0.179262 0.199597 -0.403839 0.892791 -1.1442 3.71203 -1.18618</i>
                    </KeyFrames>
                </p>
            </i>
            <i>
                <p>
                    <Name><![CDATA[spine1]]></Name>
                    <Exclude>0</Exclude>
                    <Additive>0</Additive>
                    <IKPriority>0</IKPriority>
                    <IKRotLimits>-1e+010 -1e+010 -1e+010 1e+010 1e+010 1e+010</IKRotLimits>
                    <IKRotLimitOrder>0</IKRotLimitOrder>
                    <KeyFrames count="31">
                        <i>-0.272078 0.957474 0.096008 -0.855233 -0.194874 -0.480209 -0.441078 -0.212764 0.871884 -1.20305 3.87471 -1.03749</i>
                        <i>-0.266576 0.958699 0.0991615 -0.857881 -0.189124 -0.477779 -0.439293 -0.212433 0.872865 -1.20306 3.87435 -1.03783</i>
                        <i>-0.25154 0.961817 0.107872 -0.864909 -0.173367 -0.471037 -0.434349 -0.211785 0.875493 -1.20308 3.87332 -1.03876</i>
                        <i>-0.229215 0.965835 0.120923 -0.874783 -0.149921 -0.460737 -0.426867 -0.21139 0.87926 -1.20308 3.87167 -1.04014</i>
                        <i>-0.20185 0.969775 0.137084 -0.885968 -0.121128 -0.447648 -0.417514 -0.21181 0.88364 -1.20307 3.86948 -1.04184</i>
                        <i>-0.171641 0.972854 0.155225 -0.897138 -0.0892523 -0.43264 -0.407041 -0.213517 0.888104 -1.20302 3.86679 -1.04372</i>
                        <i>-0.146789 0.973214 0.176941 -0.904147 -0.0594541 -0.423065 -0.401213 -0.222082 0.888655 -1.1934 3.85255 -1.04845</i>
                        <i>-0.132669 0.969813 0.204603 -0.905644 -0.0347316 -0.422614 -0.40275 -0.241365 0.882913 -1.16736 3.82488 -1.05794</i>
                        <i>-0.130712 0.960849 0.244304 -0.90392 -0.0142807 -0.427464 -0.407239 -0.276705 0.870396 -1.12905 3.79519 -1.0708</i>
                        <i>-0.138927 0.946646 0.290793 -0.900137 0.00170883 -0.435603 -0.412859 -0.322271 0.851874 -1.08266 3.77864 -1.08612</i>
                        <i>-0.148702 0.934115 0.324525 -0.895156 0.0123017 -0.445583 -0.420218 -0.356759 0.83435 -1.0323 3.7989 -1.10281</i>
                        <i>-0.154092 0.92959 0.33484 -0.889595 0.0169473 -0.456437 -0.429974 -0.368205 0.824347 -0.982174 3.84322 -1.11913</i>
                        <i>-0.158189 0.929452 0.33331 -0.884018 0.0170655 -0.467142 -0.439874 -0.368549 0.818952 -0.936545 3.87183 -1.13323</i>
                        <i>-0.165836 0.929763 0.328693 -0.88032 0.0106455 -0.47426 -0.444449 -0.368005 0.816724 -0.898256 3.8529 -1.14395</i>
                        <i>-0.172599 0.927331 0.332065 -0.881154 0.00529907 -0.472799 -0.440201 -0.374205 0.816207 -0.872041 3.80684 -1.15245</i>
                        <i>-0.16908 0.918156 0.358332 -0.889655 0.0142932 -0.456409 -0.424177 -0.395962 0.814425 -0.864938 3.77133 -1.16076</i>
                        <i>-0.152714 0.868987 0.470681 -0.929545 0.0354285 -0.367003 -0.335596 -0.493565 0.802352 -0.899715 3.79137 -1.15453</i>
                        <i>-0.143549 0.804507 0.576335 -0.966797 0.0104097 -0.255333 -0.211417 -0.593852 0.776301 -0.962566 3.82573 -1.12957</i>
                        <i>-0.140731 0.79407 0.59131 -0.980734 -0.030082 -0.193016 -0.13548 -0.607082 0.783005 -1.00895 3.83968 -1.09729</i>
                        <i>-0.123269 0.796546 0.591878 -0.988733 -0.0475447 -0.141935 -0.0849175 -0.602706 0.793432 -1.02906 3.86099 -1.0732</i>
                        <i>-0.0990209 0.777102 0.621536 -0.994266 -0.0519187 -0.0934892 -0.0403812 -0.62723 0.777787 -1.04691 3.88606 -1.06474</i>
                        <i>-0.0577723 0.761864 0.645155 -0.998235 -0.0351653 -0.047863 -0.013778 -0.646782 0.762551 -1.06413 3.90612 -1.07254</i>
                        <i>-0.00344002 0.787538 0.616256 -0.999987 -0.000338195 -0.00514986 -0.0038473 -0.616265 0.787529 -1.08048 3.9147 -1.08677</i>
                        <i>0.0464995 0.833278 0.550895 -0.998853 0.0324886 0.0351684 0.0114073 -0.551898 0.833833 -1.09587 3.91449 -1.09543</i>
                        <i>0.0747586 0.861703 0.501876 -0.996448 0.044991 0.0711814 0.0387573 -0.505415 0.862006 -1.10941 3.91212 -1.10131</i>
                        <i>0.0832042 0.873416 0.479814 -0.993904 0.037785 0.103571 0.072331 -0.485507 0.871235 -1.12057 3.90819 -1.10435</i>
                        <i>0.0822298 0.881363 0.465229 -0.991191 0.0236964 0.130302 0.103819 -0.471846 0.875547 -1.12889 3.90262 -1.10704</i>
                        <i>0.0750332 0.887156 0.455329 -0.988589 0.00636695 0.150503 0.130621 -0.461426 0.87751 -1.13482 3.89559 -1.10966</i>
                        <i>0.0641799 0.890196 0.451034 -0.986293 -0.0122622 0.164547 0.152009 -0.455412 0.877208 -1.13899 3.88741 -1.11198</i>
                        <i>0.0518864 0.890072 0.452857 -0.984365 -0.0308502 0.173419 0.168326 -0.454775 0.874555 -1.14219 3.87854 -1.11377</i>
                        <i>0.0400205 0.886487 0.46102 -0.982703 -0.0485731 0.178707 0.180815 -0.460197 0.869209 -1.14526 3.86956 -1.1147</i>
                    </KeyFrames>
                </p>
            </i>
            <i>
                <p>
                    <Name><![CDATA[spine2]]></Name>
                    <Exclude>0</Exclude>
                    <Additive>0</Additive>
                    <IKPriority>0</IKPriority>
                    <IKRotLimits>-1e+010 -1e+010 -1e+010 1e+010 1e+010 1e+010</IKRotLimits>
                    <IKRotLimitOrder>0</IKRotLimitOrder>
                    <KeyFrames count="31">
                        <i>-0.377297 0.873674 0.307149 -0.812139 -0.152755 -0.563113 -0.445059 -0.461908 0.767179 -1.24645 4.02703 -1.02222</i>
                        <i>-0.370738 0.875204 0.31076 -0.816676 -0.147876 -0.557829 -0.442261 -0.460599 0.769581 -1.24566 4.02714 -1.02202</i>
                        <i>-0.352687 0.879105 0.320602 -0.828778 -0.134397 -0.543198 -0.434441 -0.457287 0.775983 -1.24347 4.02733 -1.02147</i>
                        <i>-0.325543 0.884169 0.335062 -0.845946 -0.11406 -0.520928 -0.422371 -0.453029 0.785091 -1.24014 4.02735 -1.02061</i>
                        <i>-0.291744 0.88917 0.352509 -0.865639 -0.0886723 -0.492754 -0.406884 -0.448903 0.79557 -1.23595 4.02698 -1.01951</i>
                        <i>-0.253839 0.893087 0.371433 -0.885564 -0.0601345 -0.460608 -0.389027 -0.445848 0.80615 -1.23119 4.02597 -1.01823</i>
                        <i>-0.221653 0.892725 0.392316 -0.900811 -0.0334079 -0.432925 -0.373376 -0.449362 0.811581 -1.21765 4.01282 -1.0192</i>
                        <i>-0.200352 0.886263 0.41761 -0.910704 -0.0113153 -0.412905 -0.361217 -0.463045 0.80939 -1.18935 3.98523 -1.02397</i>
                        <i>-0.188344 0.871821 0.452167 -0.918173 0.00708695 -0.396117 -0.348547 -0.489774 0.799147 -1.15042 3.95209 -1.03079</i>
                        <i>-0.184124 0.851114 0.491632 -0.923982 0.0206965 -0.381876 -0.335196 -0.524572 0.782603 -1.10482 3.92977 -1.03962</i>
                        <i>-0.18335 0.832183 0.52331 -0.928544 0.0281846 -0.370151 -0.322782 -0.553784 0.767551 -1.05594 3.94766 -1.05104</i>
                        <i>-0.183418 0.821278 0.540241 -0.932036 0.0294254 -0.361169 -0.312517 -0.569768 0.760064 -1.00751 3.99616 -1.06387</i>
                        <i>-0.185086 0.815947 0.547699 -0.934537 0.0262366 -0.354899 -0.303948 -0.577532 0.757676 -0.963848 4.03209 -1.07546</i>
                        <i>-0.19191 0.815741 0.545653 -0.935071 0.016848 -0.354059 -0.298014 -0.578172 0.759543 -0.928378 4.02129 -1.084</i>
                        <i>-0.199135 0.818 0.539649 -0.934322 0.00763575 -0.356347 -0.295612 -0.575167 0.762755 -0.904712 3.98159 -1.08935</i>
                        <i>-0.196159 0.815125 0.545062 -0.935171 0.0116698 -0.354004 -0.294919 -0.579167 0.759992 -0.897225 3.9458 -1.09213</i>
                        <i>-0.139528 0.741366 0.656436 -0.970466 0.0293672 -0.239443 -0.196793 -0.670458 0.715373 -0.928574 3.95506 -1.06531</i>
                        <i>-0.0792787 0.658926 0.748018 -0.994171 0.00273825 -0.107779 -0.0730668 -0.752203 0.654868 -0.989879 3.97857 -1.01943</i>
                        <i>-0.0694845 0.690671 0.719823 -0.996572 -0.0155874 -0.0812429 -0.044892 -0.723001 0.689387 -1.03617 3.99298 -0.982437</i>
                        <i>-0.0435174 0.745995 0.664528 -0.997854 0.000119009 -0.0654792 -0.0489263 -0.665951 0.744389 -1.0526 4.01282 -0.959744</i>
                        <i>-0.0138205 0.768561 0.639627 -0.998639 0.0215655 -0.0474904 -0.0502932 -0.639412 0.767217 -1.06529 4.0299 -0.949143</i>
                        <i>0.0239737 0.781274 0.623728 -0.998312 0.051719 -0.0264112 -0.052893 -0.622042 0.781195 -1.07458 4.04309 -0.956084</i>
                        <i>0.0693521 0.819718 0.568552 -0.995965 0.0894316 -0.00745126 -0.0569545 -0.565742 0.822613 -1.08114 4.05169 -0.979229</i>
                        <i>0.107985 0.862797 0.493884 -0.992999 0.117534 0.0117863 -0.0478789 -0.491699 0.869448 -1.08811 4.05477 -1.00246</i>
                        <i>0.125544 0.884111 0.450097 -0.991874 0.121291 0.0384103 -0.020634 -0.451262 0.892153 -1.09713 4.0544 -1.01829</i>
                        <i>0.126028 0.886846 0.444546 -0.991883 0.105012 0.0717029 0.0169066 -0.449974 0.892882 -1.10699 4.05132 -1.02559</i>
                        <i>0.120063 0.883869 0.452062 -0.991302 0.0820184 0.102919 0.0538892 -0.460487 0.886029 -1.11553 4.04634 -1.03107</i>
                        <i>0.110673 0.877245 0.467111 -0.990054 0.0562381 0.128957 0.0868576 -0.476737 0.874744 -1.12267 4.03959 -1.03566</i>
                        <i>0.100169 0.866866 0.488374 -0.988343 0.0301335 0.14923 0.114646 -0.49763 0.85978 -1.12865 4.03117 -1.03907</i>
                        <i>0.0903639 0.852851 0.514276 -0.986484 0.00577831 0.163754 0.136686 -0.522122 0.841846 -1.13388 4.0214 -1.04103</i>
                        <i>0.0825924 0.835621 0.543062 -0.984778 -0.0151953 0.173153 0.152942 -0.549096 0.821646 -1.1389 4.0108 -1.04121</i>
                    </KeyFrames>
                </p>
            </i>
            <i>
                <p>
                    <Name><![CDATA[head]]></Name>
                    <Exclude>0</Exclude>
                    <Additive>0</Additive>
                    <IKPriority>0</IKPriority>
                    <IKRotLimits>-1e+010 -1e+010 -1e+010 1e+010 1e+010 1e+010</IKRotLimits>
                    <IKRotLimitOrder>0</IKRotLimitOrder>
                    <KeyFrames count="31">
                        <i>-0.126039 0.991396 -0.0353268 0.648071 0.0553251 -0.759567 -0.751078 -0.118629 -0.649469 -1.33248 4.25708 -0.944487</i>
                        <i>-0.126087 0.991395 -0.0351899 0.648909 0.0555939 -0.758832 -0.750346 -0.118514 -0.650335 -1.33019 4.25771 -0.943342</i>
                        <i>-0.126157 0.991397 -0.0348869 0.651218 0.0562373 -0.756804 -0.748331 -0.118195 -0.652711 -1.32384 4.25925 -0.940209</i>
                        <i>-0.126129 0.991411 -0.0345932 0.654689 0.05699 -0.753747 -0.745301 -0.117717 -0.656253 -1.31418 4.2611 -0.935575</i>
                        <i>-0.125875 0.991447 -0.0344831 0.658998 0.0575834 -0.749938 -0.741537 -0.117122 -0.660609 -1.30201 4.26265 -0.929941</i>
                        <i>-0.12528 0.991514 -0.0347099 0.663814 0.0577711 -0.745663 -0.737331 -0.116458 -0.665418 -1.28817 4.26333 -0.923795</i>
                        <i>-0.213386 0.973448 0.0828616 0.553477 0.190345 -0.810822 -0.805065 -0.127156 -0.579398 -1.26693 4.25076 -0.919408</i>
                        <i>-0.277485 0.908441 0.312629 0.309265 0.392549 -0.866176 -0.909592 -0.143666 -0.389876 -1.23359 4.22206 -0.917733</i>
                        <i>-0.24836 0.880978 0.402735 0.167251 0.448518 -0.877986 -0.95412 -0.150699 -0.258738 -1.19129 4.18423 -0.91718</i>
                        <i>-0.221665 0.923537 0.312961 0.167387 0.352219 -0.920828 -0.960649 -0.15173 -0.232662 -1.14392 4.15485 -0.918374</i>
                        <i>-0.190655 0.970487 0.147669 0.213004 0.187743 -0.958844 -0.958269 -0.151354 -0.242512 -1.09487 4.16802 -0.921963</i>
                        <i>-0.154798 0.987936 -0.00442427 0.264649 0.0371519 -0.963629 -0.95184 -0.150339 -0.267208 -1.04769 4.21659 -0.926677</i>
                        <i>-0.136153 0.988506 -0.0657215 0.294077 -0.0230224 -0.955504 -0.946034 -0.149422 -0.287562 -1.00623 4.25512 -0.930639</i>
                        <i>-0.172117 0.983741 0.0512827 0.294256 0.101027 -0.950372 -0.940101 -0.148485 -0.30686 -0.974086 4.24846 -0.933234</i>
                        <i>-0.241554 0.933506 0.264987 0.270006 0.326946 -0.905651 -0.932067 -0.147216 -0.331027 -0.953627 4.21291 -0.934756</i>
                        <i>-0.276118 0.888008 0.367698 0.250563 0.435849 -0.864439 -0.927889 -0.146556 -0.342847 -0.946355 4.17737 -0.935389</i>
                        <i>-0.292462 0.895211 0.336248 0.315172 0.422211 -0.849944 -0.902847 -0.1426 -0.405626 -0.961968 4.16493 -0.878951</i>
                        <i>-0.30582 0.913616 0.267918 0.43153 0.383847 -0.81636 -0.848679 -0.134045 -0.511641 -1.0066 4.16683 -0.807471</i>
                        <i>-0.291612 0.933965 0.206571 0.503375 0.333474 -0.797125 -0.813373 -0.128468 -0.56738 -1.05119 4.19509 -0.779581</i>
                        <i>-0.262435 0.95223 0.156158 0.530696 0.277587 -0.800817 -0.80591 -0.12729 -0.578193 -1.05958 4.23411 -0.780983</i>
                        <i>-0.225451 0.969062 0.100457 0.549189 0.211578 -0.808471 -0.804713 -0.127101 -0.579899 -1.06398 4.25883 -0.789971</i>
                        <i>-0.187386 0.981217 0.0458178 0.5561 0.144418 -0.818472 -0.809716 -0.127891 -0.572717 -1.0645 4.27424 -0.811944</i>
                        <i>-0.156204 0.987725 0.000292125 0.549106 0.0870846 -0.831203 -0.821025 -0.129677 -0.555969 -1.06156 4.288 -0.856484</i>
                        <i>-0.136732 0.990127 -0.030875 0.531121 0.0469647 -0.845994 -0.836191 -0.132072 -0.532299 -1.06133 4.296 -0.901235</i>
                        <i>-0.131899 0.990391 -0.0415638 0.504368 0.0309562 -0.862934 -0.853356 -0.134784 -0.503605 -1.06786 4.29738 -0.92763</i>
                        <i>-0.146498 0.989044 -0.0181644 0.464566 0.052577 -0.883976 -0.873337 -0.137939 -0.467178 -1.07858 4.29365 -0.934115</i>
                        <i>-0.176362 0.983294 0.0450563 0.405721 0.114322 -0.906819 -0.89682 -0.141649 -0.419105 -1.08892 4.28694 -0.934735</i>
                        <i>-0.207931 0.967947 0.140869 0.328053 0.204686 -0.922217 -0.921491 -0.145545 -0.360098 -1.0982 4.27741 -0.932265</i>
                        <i>-0.227284 0.939877 0.254898 0.236565 0.307195 -0.921774 -0.944658 -0.149204 -0.292163 -1.10619 4.26504 -0.927134</i>
                        <i>-0.225813 0.90242 0.366942 0.141542 0.403067 -0.904159 -0.963833 -0.152233 -0.218748 -1.11301 4.25017 -0.919825</i>
                        <i>-0.204549 0.864883 0.458407 0.0545247 0.477649 -0.876857 -0.977337 -0.154366 -0.14486 -1.11903 4.23356 -0.910758</i>
                    </KeyFrames>
                </p>
            </i>
            <i>
                <p>
                    <Name><![CDATA[head_prop]]></Name>
                    <Exclude>0</Exclude>
                    <Additive>0</Additive>
                    <IKPriority>0</IKPriority>
                    <IKRotLimits>-1e+010 -1e+010 -1e+010 1e+010 1e+010 1e+010</IKRotLimits>
                    <IKRotLimitOrder>0</IKRotLimitOrder>
                    <KeyFrames count="31">
                        <i>0.751078 0.118629 0.649469 -0.126039 0.991396 -0.0353268 -0.648071 -0.0553251 0.759567 -1.37356 4.58018 -0.956</i>
                        <i>0.750346 0.118514 0.650335 -0.126087 0.991395 -0.0351899 -0.648909 -0.0555939 0.758832 -1.37128 4.58082 -0.954811</i>
                        <i>0.748331 0.118195 0.652711 -0.126157 0.991397 -0.0348869 -0.651218 -0.0562373 0.756804 -1.36495 4.58236 -0.951579</i>
                        <i>0.745301 0.117717 0.656253 -0.126129 0.991411 -0.0345932 -0.654689 -0.05699 0.753747 -1.35529 4.58421 -0.946849</i>
                        <i>0.741537 0.117122 0.660609 -0.125875 0.991447 -0.0344831 -0.658998 -0.0575834 0.749938 -1.34304 4.58577 -0.941179</i>
                        <i>0.737331 0.116458 0.665418 -0.12528 0.991514 -0.0347099 -0.663814 -0.0577711 0.745663 -1.329 4.58648 -0.935108</i>
                        <i>0.805065 0.127156 0.579398 -0.213386 0.973448 0.0828616 -0.553477 -0.190345 0.810822 -1.33647 4.56801 -0.892403</i>
                        <i>0.909592 0.143666 0.389876 -0.277485 0.908441 0.312629 -0.309265 -0.392549 0.866176 -1.32402 4.51813 -0.815844</i>
                        <i>0.95412 0.150699 0.258738 -0.24836 0.880978 0.402735 -0.167251 -0.448518 0.877986 -1.27223 4.47135 -0.785925</i>
                        <i>0.960649 0.15173 0.232662 -0.221665 0.923537 0.312961 -0.167387 -0.352219 0.920828 -1.21617 4.45584 -0.816378</i>
                        <i>0.958269 0.151354 0.242512 -0.190655 0.970487 0.147669 -0.213004 -0.187743 0.958844 -1.157 4.48431 -0.873837</i>
                        <i>0.95184 0.150339 0.267208 -0.154798 0.987936 -0.00442427 -0.264649 -0.0371519 0.963629 -1.09814 4.53856 -0.928119</i>
                        <i>0.946034 0.149422 0.287562 -0.136153 0.988506 -0.0657215 -0.294077 0.0230224 0.955504 -1.0506 4.57729 -0.952058</i>
                        <i>0.940101 0.148485 0.30686 -0.172117 0.983741 0.0512827 -0.294256 -0.101027 0.950372 -1.03018 4.56907 -0.91652</i>
                        <i>0.932067 0.147216 0.331027 -0.241554 0.933506 0.264987 -0.270006 -0.326946 0.905651 -1.03235 4.51715 -0.848395</i>
                        <i>0.927889 0.146556 0.342847 -0.276118 0.888008 0.367698 -0.250563 -0.435849 0.864439 -1.03634 4.46678 -0.815553</i>
                        <i>0.902847 0.1426 0.405626 -0.292462 0.895211 0.336248 -0.315172 -0.422211 0.849944 -1.05728 4.45669 -0.769364</i>
                        <i>0.848679 0.134045 0.511641 -0.30582 0.913616 0.267918 -0.43153 -0.383847 0.81636 -1.10627 4.46459 -0.720154</i>
                        <i>0.813373 0.128468 0.56738 -0.291612 0.933965 0.206571 -0.503375 -0.333474 0.797125 -1.14623 4.49948 -0.712258</i>
                        <i>0.80591 0.12729 0.578193 -0.262435 0.95223 0.156158 -0.530696 -0.277587 0.800817 -1.14511 4.54445 -0.730089</i>
                        <i>0.804713 0.127101 0.579899 -0.225451 0.969062 0.100457 -0.549189 -0.211578 0.808471 -1.13746 4.57465 -0.757231</i>
                        <i>0.809716 0.127891 0.572717 -0.187386 0.981217 0.0458178 -0.5561 -0.144418 0.818472 -1.12557 4.59403 -0.797012</i>
                        <i>0.821025 0.129677 0.555969 -0.156204 0.987725 0.000292125 -0.549106 -0.0870846 0.831203 -1.11247 4.6099 -0.856389</i>
                        <i>0.836191 0.132072 0.532299 -0.136732 0.990127 -0.030875 -0.531121 -0.0469647 0.845994 -1.10589 4.61869 -0.911297</i>
                        <i>0.853356 0.134784 0.503605 -0.131899 0.990391 -0.0415638 -0.504368 -0.0309562 0.862934 -1.11085 4.62015 -0.941176</i>
                        <i>0.873337 0.137939 0.467178 -0.146498 0.989044 -0.0181644 -0.464566 -0.052577 0.883976 -1.12632 4.61599 -0.940035</i>
                        <i>0.89682 0.141649 0.419105 -0.176362 0.983294 0.0450563 -0.405721 -0.114322 0.906819 -1.1464 4.6074 -0.92005</i>
                        <i>0.921491 0.145545 0.360098 -0.207931 0.967947 0.140869 -0.328053 -0.204686 0.922217 -1.16596 4.59288 -0.886355</i>
                        <i>0.944658 0.149204 0.292163 -0.227284 0.939877 0.254898 -0.236565 -0.307195 0.921774 -1.18026 4.57136 -0.844061</i>
                        <i>0.963833 0.152233 0.218748 -0.225813 0.90242 0.366942 -0.141542 -0.403067 0.904159 -1.18661 4.54428 -0.800235</i>
                        <i>0.977337 0.154366 0.14486 -0.204549 0.864883 0.458407 -0.0545247 -0.477649 0.876857 -1.1857 4.51544 -0.761359</i>
                    </KeyFrames>
                </p>
            </i>
            <i>
                <p>
                    <Name><![CDATA[l_clav]]></Name>
                    <Exclude>0</Exclude>
                    <Additive>0</Additive>
                    <IKPriority>0</IKPriority>
                    <IKRotLimits>-1e+010 -1e+010 -1e+010 1e+010 1e+010 1e+010</IKRotLimits>
                    <IKRotLimitOrder>0</IKRotLimitOrder>
                    <KeyFrames count="31">
                        <i>0.587986 0.709588 0.388274 -0.705019 0.684896 -0.184027 -0.396511 -0.165535 0.902982 -1.21674 4.07185 -0.934109</i>
                        <i>0.593525 0.706555 0.385368 -0.703333 0.688114 -0.178386 -0.391216 -0.165165 0.905356 -1.21516 4.07198 -0.933992</i>
                        <i>0.6085 0.698138 0.377269 -0.698464 0.696845 -0.162956 -0.376664 -0.16435 0.911654 -1.21081 4.07218 -0.933662</i>
                        <i>0.630309 0.685296 0.3648 -0.690525 0.709634 -0.139982 -0.354804 -0.163672 0.920503 -1.20424 4.0721 -0.933172</i>
                        <i>0.656328 0.669011 0.348795 -0.679629 0.724997 -0.111731 -0.327625 -0.163719 0.930515 -1.19607 4.07138 -0.932591</i>
                        <i>0.68407 0.650374 0.330245 -0.666108 0.741498 -0.0805046 -0.297234 -0.164908 0.940456 -1.1869 4.06971 -0.931972</i>
                        <i>0.706002 0.633066 0.317472 -0.654124 0.754713 -0.0503026 -0.271445 -0.172152 0.946932 -1.16963 4.05542 -0.933218</i>
                        <i>0.719576 0.618894 0.314929 -0.646724 0.762445 -0.0206577 -0.252901 -0.188807 0.94889 -1.13876 4.02604 -0.93764</i>
                        <i>0.728188 0.606804 0.318641 -0.642987 0.765797 0.0110662 -0.237299 -0.21294 0.947811 -1.09785 3.98836 -0.943975</i>
                        <i>0.732424 0.597304 0.326777 -0.64306 0.764562 0.043812 -0.223672 -0.242226 0.944085 -1.0508 3.95998 -0.952519</i>
                        <i>0.73294 0.590609 0.337609 -0.646654 0.758975 0.0761293 -0.211274 -0.274114 0.938203 -1.00109 3.97491 -0.963515</i>
                        <i>0.730539 0.58661 0.349574 -0.652986 0.749879 0.106259 -0.199805 -0.305893 0.930864 -0.952506 4.02581 -0.975235</i>
                        <i>0.726199 0.584889 0.361303 -0.660838 0.738777 0.132293 -0.189546 -0.334834 0.923016 -0.909194 4.06695 -0.985324</i>
                        <i>0.720459 0.585122 0.372251 -0.669124 0.727563 0.151412 -0.182242 -0.358169 0.915698 -0.875009 4.06277 -0.992547</i>
                        <i>0.714978 0.586292 0.380879 -0.67596 0.718818 0.162413 -0.178562 -0.37358 0.910249 -0.852808 4.02908 -0.996864</i>
                        <i>0.712546 0.586956 0.384397 -0.678778 0.715353 0.165923 -0.17759 -0.379148 0.908135 -0.844805 3.99427 -0.998432</i>
                        <i>0.742773 0.560591 0.366096 -0.666291 0.672708 0.321745 -0.0659086 -0.48291 0.873186 -0.865493 3.99297 -0.973484</i>
                        <i>0.761294 0.560367 0.32622 -0.644645 0.599995 0.47375 0.0697436 -0.570959 0.818011 -0.916574 4.0107 -0.931292</i>
                        <i>0.756914 0.596742 0.266422 -0.6463 0.623117 0.440479 0.0968401 -0.505593 0.85732 -0.960716 4.03155 -0.893084</i>
                        <i>0.775908 0.607946 0.168433 -0.623155 0.697056 0.35467 0.098213 -0.380151 0.919695 -0.975107 4.05362 -0.870984</i>
                        <i>0.79141 0.605414 0.0845202 -0.601931 0.747718 0.280351 0.106531 -0.272748 0.956169 -0.984945 4.0672 -0.859571</i>
                        <i>0.803137 0.595463 0.0198746 -0.583462 0.779323 0.228532 0.120594 -0.195139 0.973333 -0.990125 4.07609 -0.866907</i>
                        <i>0.813833 0.579149 -0.0475539 -0.564629 0.80746 0.170885 0.137366 -0.112221 0.984143 -0.991879 4.08441 -0.895381</i>
                        <i>0.817904 0.56524 -0.10741 -0.552665 0.823747 0.126499 0.159981 -0.044102 0.986135 -0.994537 4.08941 -0.927253</i>
                        <i>0.811677 0.565669 -0.145603 -0.552783 0.824435 0.121399 0.188712 -0.0180503 0.981867 -1.00085 4.09047 -0.950284</i>
                        <i>0.798568 0.580128 -0.160435 -0.560274 0.81385 0.154082 0.219958 -0.0331575 0.974946 -1.00939 4.0882 -0.962724</i>
                        <i>0.784771 0.598145 -0.162346 -0.567743 0.798841 0.198799 0.248599 -0.0638409 0.9665 -1.01752 4.08376 -0.972588</i>
                        <i>0.772218 0.616423 -0.153958 -0.573673 0.780619 0.248058 0.273091 -0.103233 0.956433 -1.02494 4.07721 -0.98092</i>
                        <i>0.761914 0.632961 -0.137288 -0.577386 0.759827 0.298811 0.293451 -0.1484 0.944386 -1.03166 4.0685 -0.987385</i>
                        <i>0.754432 0.646243 -0.114896 -0.578707 0.737488 0.348153 0.309726 -0.196167 0.93037 -1.03786 4.05782 -0.991702</i>
                        <i>0.749923 0.655406 -0.0897681 -0.577831 0.715052 0.393461 0.322066 -0.243195 0.914948 -1.04387 4.04566 -0.993568</i>
                    </KeyFrames>
                </p>
            </i>
            <i>
                <p>
                    <Name><![CDATA[l_shoulder]]></Name>
                    <Exclude>0</Exclude>
                    <Additive>0</Additive>
                    <IKPriority>0</IKPriority>
                    <IKRotLimits>-1e+010 -1e+010 -1e+010 1e+010 1e+010 1e+010</IKRotLimits>
                    <IKRotLimitOrder>0</IKRotLimitOrder>
                    <KeyFrames count="31">
                        <i>0.803393 0.253853 0.538626 0.541003 0.0666948 -0.838372 -0.248747 0.964941 -0.0837529 -1.10056 4.21205 -0.857395</i>
                        <i>0.803068 0.25548 0.538342 0.539356 0.0724344 -0.838956 -0.253331 0.964097 -0.079625 -1.09789 4.21158 -0.857852</i>
                        <i>0.801811 0.260868 0.537631 0.534889 0.0878418 -0.840344 -0.266445 0.96137 -0.0691029 -1.09058 4.21012 -0.859121</i>
                        <i>0.798962 0.271058 0.536831 0.528344 0.110004 -0.841874 -0.28725 0.956257 -0.0553227 -1.07971 4.2075 -0.861096</i>
                        <i>0.79373 0.286939 0.536338 0.52047 0.13596 -0.842986 -0.314806 0.948252 -0.0414278 -1.06639 4.20356 -0.863676</i>
                        <i>0.785421 0.308804 0.536427 0.511971 0.162934 -0.843409 -0.34785 0.937066 -0.0301269 -1.05174 4.19821 -0.866723</i>
                        <i>0.75668 0.370296 0.53881 0.505867 0.190476 -0.841319 -0.414167 0.909175 -0.043191 -1.03013 4.1805 -0.870493</i>
                        <i>0.691122 0.478266 0.54186 0.502435 0.220994 -0.835895 -0.519528 0.849955 -0.087564 -0.996586 4.14832 -0.875417</i>
                        <i>0.583283 0.610225 0.536103 0.497634 0.253181 -0.829614 -0.641982 0.750683 -0.155993 -0.953974 4.10825 -0.881018</i>
                        <i>0.458604 0.71411 0.528894 0.493671 0.290148 -0.819819 -0.738899 0.637072 -0.219473 -0.906086 4.07799 -0.887955</i>
                        <i>0.416787 0.706884 0.571492 0.501465 0.345577 -0.793164 -0.75817 0.617164 -0.210446 -0.856275 4.0916 -0.896811</i>
                        <i>0.425097 0.623477 0.656177 0.524087 0.421519 -0.740037 -0.737987 0.658482 -0.14757 -0.808167 4.14171 -0.906167</i>
                        <i>0.385845 0.556323 0.735955 0.565223 0.487928 -0.665168 -0.729141 0.67263 -0.126182 -0.765712 4.18252 -0.913938</i>
                        <i>0.282074 0.566056 0.774606 0.622148 0.506686 -0.596825 -0.730319 0.650269 -0.209248 -0.732662 4.17838 -0.918999</i>
                        <i>0.146017 0.618762 0.771889 0.705695 0.481665 -0.519608 -0.693306 0.62059 -0.366326 -0.711544 4.14492 -0.921611</i>
                        <i>0.0147171 0.666333 0.745509 0.814238 0.42476 -0.395722 -0.580345 0.612846 -0.536302 -0.704021 4.11024 -0.922483</i>
                        <i>0.0174381 0.664096 0.747443 0.862544 0.368091 -0.347169 -0.505681 0.650757 -0.566394 -0.718737 4.10373 -0.901151</i>
                        <i>0.16562 0.618786 0.767902 0.848004 0.308145 -0.431203 -0.503448 0.7226 -0.473697 -0.766159 4.12142 -0.866838</i>
                        <i>0.291821 0.545959 0.785347 0.843723 0.239816 -0.480228 -0.450524 0.802756 -0.390655 -0.811166 4.14946 -0.840445</i>
                        <i>0.313362 0.478345 0.82036 0.86095 0.221417 -0.457973 -0.400711 0.8498 -0.342447 -0.821804 4.17374 -0.837705</i>
                        <i>0.330642 0.436767 0.836607 0.862927 0.219031 -0.455393 -0.382143 0.872502 -0.304477 -0.828579 4.18681 -0.842871</i>
                        <i>0.341395 0.403127 0.849081 0.85616 0.239401 -0.457904 -0.387864 0.883276 -0.263411 -0.831442 4.19374 -0.86298</i>
                        <i>0.338372 0.367358 0.866344 0.846038 0.284299 -0.450992 -0.411976 0.885563 -0.2146 -0.831083 4.19884 -0.904776</i>
                        <i>0.336357 0.351994 0.873478 0.828841 0.329688 -0.452026 -0.447086 0.876017 -0.180854 -0.832937 4.20109 -0.948475</i>
                        <i>0.348356 0.352011 0.868756 0.805022 0.36244 -0.469657 -0.480196 0.862975 -0.157118 -0.840479 4.20223 -0.979052</i>
                        <i>0.374025 0.356924 0.855985 0.77678 0.383681 -0.499402 -0.506674 0.851701 -0.133745 -0.851615 4.20282 -0.994422</i>
                        <i>0.398431 0.366877 0.840627 0.747277 0.401575 -0.529447 -0.531817 0.83913 -0.114159 -0.862464 4.20194 -1.00466</i>
                        <i>0.418953 0.382605 0.823463 0.717458 0.416364 -0.558475 -0.556536 0.824776 -0.100067 -0.872368 4.199 -1.01134</i>
                        <i>0.435278 0.404668 0.804224 0.68743 0.427439 -0.587142 -0.581354 0.808418 -0.0921264 -0.881124 4.19356 -1.01451</i>
                        <i>0.447316 0.432738 0.782717 0.657484 0.434184 -0.615792 -0.60632 0.790077 -0.0903008 -0.888799 4.1855 -1.0144</i>
                        <i>0.45537 0.465371 0.758992 0.628335 0.435978 -0.644297 -0.630741 0.770294 -0.0938776 -0.895699 4.17516 -1.0113</i>
                    </KeyFrames>
                </p>
            </i>
            <i>
                <p>
                    <Name><![CDATA[l_elbow]]></Name>
                    <Exclude>0</Exclude>
                    <Additive>0</Additive>
                    <IKPriority>0</IKPriority>
