<?xml version="1.0" encoding="ISO-8859-1" ?>
<Animl Version="1">
    <ModellingPackage><![CDATA[Maya.2010]]></ModellingPackage>
    <SrcFile><![CDATA[anims\turrets\special\blue\~src\firework_cannon\firework_cannon_winddown_crewmanb.mb]]></SrcFile>
    <FramesPerSecond>30</FramesPerSecond>
    <TotalFrames>31</TotalFrames>
    <Skeleton>
        <RefFrame>
            <Name><![CDATA[soldier_ref_frame]]></Name>
            <Exclude>0</Exclude>
            <Additive>0</Additive>
            <IKPriority>0</IKPriority>
            <IKRotLimits>-1e+010 -1e+010 -1e+010 1e+010 1e+010 1e+010</IKRotLimits>
            <IKRotLimitOrder>0</IKRotLimitOrder>
            <KeyFrames count="31">
                <i>1 0 0 0 1 0 0 0 1 -1.4 2.45 -0.5</i>
                <i>1 0 0 0 1 0 0 0 1 -1.4 2.45 -0.5</i>
                <i>1 0 0 0 1 0 0 0 1 -1.4 2.45 -0.5</i>
                <i>1 0 0 0 1 0 0 0 1 -1.4 2.45 -0.5</i>
                <i>1 0 0 0 1 0 0 0 1 -1.4 2.45 -0.5</i>
                <i>1 0 0 0 1 0 0 0 1 -1.4 2.45 -0.5</i>
                <i>1 0 0 0 1 0 0 0 1 -1.4 2.45 -0.5</i>
                <i>1 0 0 0 1 0 0 0 1 -1.4 2.45 -0.5</i>
                <i>1 0 0 0 1 0 0 0 1 -1.4 2.45 -0.5</i>
                <i>1 0 0 0 1 0 0 0 1 -1.4 2.45 -0.5</i>
                <i>1 0 0 0 1 0 0 0 1 -1.4 2.45 -0.5</i>
                <i>1 0 0 0 1 0 0 0 1 -1.4 2.45 -0.5</i>
                <i>1 0 0 0 1 0 0 0 1 -1.4 2.45 -0.5</i>
                <i>1 0 0 0 1 0 0 0 1 -1.4 2.45 -0.5</i>
                <i>1 0 0 0 1 0 0 0 1 -1.4 2.45 -0.5</i>
                <i>1 0 0 0 1 0 0 0 1 -1.4 2.45 -0.5</i>
                <i>1 0 0 0 1 0 0 0 1 -1.4 2.45 -0.5</i>
                <i>1 0 0 0 1 0 0 0 1 -1.4 2.45 -0.5</i>
                <i>1 0 0 0 1 0 0 0 1 -1.4 2.45 -0.5</i>
                <i>1 0 0 0 1 0 0 0 1 -1.4 2.45 -0.5</i>
                <i>1 0 0 0 1 0 0 0 1 -1.4 2.45 -0.5</i>
                <i>1 0 0 0 1 0 0 0 1 -1.4 2.45 -0.5</i>
                <i>1 0 0 0 1 0 0 0 1 -1.4 2.45 -0.5</i>
                <i>1 0 0 0 1 0 0 0 1 -1.4 2.45 -0.5</i>
                <i>1 0 0 0 1 0 0 0 1 -1.4 2.45 -0.5</i>
                <i>1 0 0 0 1 0 0 0 1 -1.4 2.45 -0.5</i>
                <i>1 0 0 0 1 0 0 0 1 -1.4 2.45 -0.5</i>
                <i>1 0 0 0 1 0 0 0 1 -1.4 2.45 -0.5</i>
                <i>1 0 0 0 1 0 0 0 1 -1.4 2.45 -0.5</i>
                <i>1 0 0 0 1 0 0 0 1 -1.4 2.45 -0.5</i>
                <i>1 0 0 0 1 0 0 0 1 -1.4 2.45 -0.5</i>
            </KeyFrames>
        </RefFrame>
        <Bones count="23">
            <i>
                <p>
                    <Name><![CDATA[pelvis]]></Name>
                    <Exclude>0</Exclude>
                    <Additive>0</Additive>
                    <IKPriority>0</IKPriority>
                    <IKRotLimits>-1e+010 -1e+010 -1e+010 1e+010 1e+010 1e+010</IKRotLimits>
                    <IKRotLimitOrder>2</IKRotLimitOrder>
                    <KeyFrames count="31">
                        <i>1 0 0 0 1 0 0 0 1 -1.10407 3.56922 -1.19916</i>
                        <i>1 0 0 0 1 0 0 0 1 -1.11698 3.54869 -1.21879</i>
                        <i>1 0 0 0 1 0 0 0 1 -1.12318 3.52816 -1.22079</i>
                        <i>1 0 0 0 1 0 0 0 1 -1.12443 3.50763 -1.21121</i>
                        <i>1 0 0 0 1 0 0 0 1 -1.12252 3.5361 -1.19609</i>
                        <i>1 0 0 0 1 0 0 0 1 -1.1192 3.56303 -1.18148</i>
                        <i>1 0 0 0 1 0 0 0 1 -1.11482 3.58894 -1.16153</i>
                        <i>1 0 0 0 1 0 0 0 1 -1.1088 3.60613 -1.13284</i>
                        <i>1 0 0 0 1 0 0 0 1 -1.10157 3.6129 -1.10511</i>
                        <i>1 0 0 0 1 0 0 0 1 -1.09352 3.61702 -1.08805</i>
                        <i>1 0 0 0 1 0 0 0 1 -1.08508 3.61569 -1.08057</i>
                        <i>1 0 0 0 1 0 0 0 1 -1.07666 3.60613 -1.07526</i>
                        <i>1 0 0 0 1 0 0 0 1 -1.06866 3.58513 -1.07231</i>
                        <i>1 0 0 0 1 0 0 0 1 -1.0615 3.555 -1.07191</i>
                        <i>1 0 0 0 1 0 0 0 1 -1.05559 3.52122 -1.07427</i>
                        <i>1 0 0 0 1 0 0 0 1 -1.05133 3.48927 -1.07959</i>
                        <i>1 0 0 0 1 0 0 0 1 -1.04915 3.51309 -1.08805</i>
                        <i>1 0 0 0 1 0 0 0 1 -1.05459 3.54473 -1.11284</i>
                        <i>1 0 0 0 1 0 0 0 1 -1.06923 3.57246 -1.15332</i>
                        <i>1 0 0 0 1 0 0 0 1 -1.08757 3.58454 -1.18894</i>
                        <i>1 0 0 0 1 0 0 0 1 -1.10407 3.56922 -1.19916</i>
                        <i>1 0 0 0 1 0 0 0 1 -1.11783 3.54193 -1.18299</i>
                        <i>1 0 0 0 1 0 0 0 1 -1.13158 3.52452 -1.15568</i>
                        <i>1 0 0 0 1 0 0 0 1 -1.14534 3.51493 -1.12104</i>
                        <i>1 0 0 0 1 0 0 0 1 -1.1591 3.51108 -1.08289</i>
                        <i>1 0 0 0 1 0 0 0 1 -1.17286 3.5109 -1.04502</i>
                        <i>1 0 0 0 1 0 0 0 1 -1.18662 3.51231 -1.01125</i>
                        <i>1 0 0 0 1 0 0 0 1 -1.20038 3.51324 -0.985395</i>
                        <i>1 0 0 0 1 0 0 0 1 -1.21414 3.52361 -0.977598</i>
                        <i>1 0 0 0 1 0 0 0 1 -1.2279 3.54641 -0.985205</i>
                        <i>1 0 0 0 1 0 0 0 1 -1.24166 3.56922 -0.992813</i>
                    </KeyFrames>
                </p>
            </i>
            <i>
                <p>
                    <Name><![CDATA[spine0]]></Name>
                    <Exclude>0</Exclude>
                    <Additive>0</Additive>
                    <IKPriority>0</IKPriority>
                    <IKRotLimits>-1e+010 -1e+010 -1e+010 1e+010 1e+010 1e+010</IKRotLimits>
                    <IKRotLimitOrder>0</IKRotLimitOrder>
                    <KeyFrames count="31">
                        <i>-0.0059161 0.893262 0.449497 -0.979775 -0.0950861 0.176064 0.200013 -0.439364 0.875759 -1.11558 3.71203 -1.18618</i>
                        <i>-0.0220619 0.892795 0.449923 -0.996896 -0.053664 0.0576042 0.0755734 -0.447255 0.891208 -1.12195 3.69201 -1.20734</i>
                        <i>-0.0415195 0.888392 0.457204 -0.996895 -0.00619168 -0.0784989 -0.066907 -0.459043 0.885891 -1.12146 3.67161 -1.20999</i>
                        <i>-0.0607758 0.882537 0.466299 -0.974459 0.0487206 -0.219218 -0.216187 -0.467712 0.857035 -1.11612 3.6508 -1.19976</i>
                        <i>-0.0760548 0.8781 0.472394 -0.929519 0.109015 -0.352292 -0.360846 -0.465893 0.80792 -1.10806 3.6786 -1.18264</i>
                        <i>-0.086809 0.877964 0.470791 -0.867218 0.165986 -0.469448 -0.490303 -0.449031 0.746977 -1.09935 3.70456 -1.16495</i>
                        <i>-0.0944743 0.881395 0.462836 -0.797155 0.211516 -0.565512 -0.596337 -0.422379 0.682626 -1.09047 3.72919 -1.1407</i>
                        <i>-0.100307 0.885269 0.454134 -0.731243 0.243926 -0.637012 -0.674702 -0.395979 0.622879 -1.08188 3.74505 -1.10692</i>
                        <i>-0.10516 0.888678 0.446309 -0.682051 0.262155 -0.682702 -0.723705 -0.376198 0.578555 -1.07446 3.75089 -1.07476</i>
                        <i>-0.107655 0.891175 0.440701 -0.661868 0.266523 -0.70064 -0.74185 -0.367113 0.561148 -1.06776 3.75474 -1.05541</i>
                        <i>-0.10595 0.892419 0.438593 -0.685571 0.253927 -0.682285 -0.720255 -0.372975 0.584913 -1.06179 3.75419 -1.04943</i>
                        <i>-0.0983547 0.894412 0.436295 -0.749654 0.221745 -0.623577 -0.654481 -0.388402 0.64869 -1.05628 3.74629 -1.05005</i>
                        <i>-0.0837976 0.901635 0.424303 -0.832977 0.170322 -0.52644 -0.546925 -0.397549 0.736769 -1.05081 3.72707 -1.05715</i>
                        <i>-0.0632716 0.929545 0.363239 -0.913787 0.0923705 -0.395551 -0.401235 -0.35695 0.843562 -1.04636 3.69803 -1.0751</i>
                        <i>-0.0401547 0.967791 0.248534 -0.972779 0.0189496 -0.230958 -0.228229 -0.251043 0.940686 -1.04402 3.66191 -1.10201</i>
                        <i>-0.0184145 0.991299 0.130336 -0.99862 -0.0118234 -0.0511638 -0.0491776 -0.131098 0.990149 -1.04405 3.62444 -1.12828</i>
                        <i>0.000238987 0.997887 0.0649651 -0.993888 -0.00693465 0.110175 0.110393 -0.0645943 0.991787 -1.04599 3.64449 -1.14652</i>
                        <i>0.0143064 0.998932 0.0439312 -0.973398 0.0038658 0.229088 0.228674 -0.04604 0.972414 -1.05486 3.67556 -1.17267</i>
                        <i>0.0145513 0.999877 0.00587727 -0.959735 0.0123176 0.280637 0.28053 -0.00972426 0.959796 -1.07495 3.70292 -1.21367</i>
                        <i>0.00314836 0.999124 -0.0417397 -0.964146 0.0141088 0.264998 0.265354 0.0394088 0.963345 -1.09919 3.71429 -1.24997</i>
                        <i>-0.00587308 0.997438 -0.0712901 -0.979733 0.00853493 0.200128 0.200223 0.0710206 0.977173 -1.11559 3.69854 -1.26113</i>
                        <i>-0.010209 0.996909 -0.0778998 -0.992724 -0.000757428 0.120407 0.119976 0.0785623 0.989663 -1.12398 3.67141 -1.24538</i>
                        <i>-0.0120927 0.997074 -0.0754796 -0.998789 -0.00844377 0.0484761 0.0476969 0.0759744 0.995968 -1.13237 3.65438 -1.21759</i>
                        <i>-0.011576 0.997574 -0.0686403 -0.999774 -0.012771 -0.0169967 -0.0178321 0.068428 0.997497 -1.1408 3.64529 -1.18172</i>
                        <i>-0.00920918 0.998155 -0.0600148 -0.996911 -0.013846 -0.07731 -0.0779984 0.0591175 0.995199 -1.14931 3.642 -1.14171</i>
                        <i>-0.00649305 0.998749 -0.049587 -0.990931 -0.0130819 -0.133732 -0.134213 0.048269 0.989776 -1.15793 3.64237 -1.10148</i>
                        <i>-0.00370894 0.999222 -0.0392546 -0.982175 -0.0110173 -0.187643 -0.18793 0.037859 0.981453 -1.16671 3.64428 -1.06495</i>
                        <i>-0.000981982 0.999535 -0.0304721 -0.970641 -0.00828225 -0.240392 -0.240533 0.0293414 0.970197 -1.17568 3.64561 -1.03605</i>
                        <i>0.00148282 0.999714 -0.0238632 -0.956019 -0.0055819 -0.293252 -0.293301 0.0232485 0.955737 -1.18488 3.65623 -1.02505</i>
                        <i>0.00363349 0.99979 -0.020165 -0.937717 -0.00359851 -0.347381 -0.34738 0.0201713 0.937507 -1.19432 3.67912 -1.02945</i>
                        <i>0.00555064 0.999781 -0.0201796 -0.914861 -0.00307025 -0.403757 -0.40373 0.0207026 0.914644 -1.20401 3.70182 -1.03399</i>
                    </KeyFrames>
                </p>
            </i>
            <i>
                <p>
                    <Name><![CDATA[spine1]]></Name>
                    <Exclude>0</Exclude>
                    <Additive>0</Additive>
                    <IKPriority>0</IKPriority>
                    <IKRotLimits>-1e+010 -1e+010 -1e+010 1e+010 1e+010 1e+010</IKRotLimits>
                    <IKRotLimitOrder>0</IKRotLimitOrder>
                    <KeyFrames count="31">
                        <i>0.0466597 0.810402 0.584014 -0.982817 -0.0672799 0.171883 0.178586 -0.581999 0.793338 -1.11661 3.86736 -1.10803</i>
                        <i>-0.0143689 0.806042 0.591684 -0.989939 -0.0947732 0.105068 0.140765 -0.584221 0.799294 -1.1258 3.84737 -1.12907</i>
                        <i>-0.0770454 0.7809 0.619887 -0.99314 -0.114959 0.0213822 0.0879589 -0.613987 0.7844 -1.1287 3.82666 -1.13021</i>
                        <i>-0.129813 0.747659 0.651272 -0.991226 -0.114344 -0.0663072 0.0248941 -0.654165 0.755942 -1.12676 3.80538 -1.11811</i>
                        <i>-0.16214 0.722312 0.672292 -0.985523 -0.084331 -0.147078 -0.0495412 -0.686407 0.725528 -1.1214 3.83274 -1.09974</i>
                        <i>-0.179921 0.719444 0.670842 -0.97469 -0.0383936 -0.220239 -0.132693 -0.693489 0.708142 -1.11457 3.85858 -1.08238</i>
                        <i>-0.195799 0.742699 0.64036 -0.956769 -0.00146683 -0.290844 -0.21507 -0.669624 0.710879 -1.10699 3.88337 -1.05975</i>
                        <i>-0.202865 0.779534 0.592597 -0.935197 0.0251508 -0.353233 -0.290261 -0.625854 0.723916 -1.09935 3.89931 -1.0278</i>
                        <i>-0.197071 0.816793 0.542229 -0.915272 0.0449238 -0.400324 -0.351341 -0.575179 0.738734 -1.09271 3.90515 -0.997299</i>
                        <i>-0.182514 0.843278 0.50554 -0.902595 0.0601893 -0.426263 -0.389886 -0.534097 0.750153 -1.08639 3.90902 -0.979123</i>
                        <i>-0.163239 0.849909 0.501007 -0.904109 0.0743912 -0.420777 -0.394892 -0.521652 0.756267 -1.08011 3.90855 -0.97358</i>
                        <i>-0.144492 0.837348 0.527229 -0.919756 0.0828477 -0.383647 -0.364926 -0.540356 0.758185 -1.07332 3.90129 -0.97445</i>
                        <i>-0.130947 0.817708 0.560541 -0.942643 0.0724187 -0.325853 -0.307047 -0.571059 0.761324 -1.06541 3.88425 -0.983194</i>
                        <i>-0.118359 0.822251 0.556682 -0.966964 0.0320256 -0.252895 -0.225771 -0.568223 0.791296 -1.05747 3.86152 -1.01124</i>
                        <i>-0.102497 0.857141 0.504781 -0.987103 -0.0249073 -0.158139 -0.122975 -0.514479 0.848639 -1.05113 3.83362 -1.05795</i>
                        <i>-0.0837347 0.894069 0.440033 -0.996454 -0.0714792 -0.0443842 -0.00822938 -0.442189 0.896884 -1.04733 3.80127 -1.10508</i>
                        <i>-0.0635408 0.911486 0.406394 -0.992896 -0.0987884 0.0663268 0.100603 -0.399292 0.911287 -1.04595 3.82255 -1.13497</i>
                        <i>-0.0386594 0.91848 0.393574 -0.982038 -0.107716 0.154914 0.184679 -0.380516 0.906146 -1.05233 3.8531 -1.1649</i>
                        <i>0.00138183 0.950499 0.310725 -0.974964 -0.0678114 0.211769 0.222357 -0.303239 0.926609 -1.07239 3.87903 -1.21267</i>
                        <i>0.0425679 0.983774 0.174288 -0.974961 0.00279307 0.222358 0.218263 -0.179389 0.959261 -1.09864 3.8888 -1.25728</i>
                        <i>0.046736 0.99514 0.0866719 -0.982777 0.0302781 0.182298 0.178788 -0.093699 0.979416 -1.11661 3.87197 -1.27354</i>
                        <i>-0.00512521 0.996156 0.0874515 -0.996735 -0.0121359 0.0798247 0.0805791 -0.0867569 0.992965 -1.12575 3.84432 -1.2589</i>
                        <i>-0.0738633 0.990154 0.118911 -0.996716 -0.0693288 -0.0418342 -0.0331784 -0.12161 0.992023 -1.13447 3.82707 -1.23067</i>
                        <i>-0.131359 0.980475 0.146336 -0.984285 -0.111423 -0.137 -0.11802 -0.162033 0.979702 -1.1428 3.81789 -1.1936</i>
                        <i>-0.166926 0.972264 0.163825 -0.970701 -0.132929 -0.200171 -0.172842 -0.192439 0.965967 -1.1509 3.81458 -1.15209</i>
                        <i>-0.198277 0.963905 0.17769 -0.955075 -0.149263 -0.256031 -0.220267 -0.220473 0.950197 -1.15905 3.81498 -1.11006</i>
                        <i>-0.223856 0.957633 0.181182 -0.938165 -0.161357 -0.306284 -0.264072 -0.238542 0.934539 -1.16735 3.81695 -1.07174</i>
                        <i>-0.242534 0.954868 0.171475 -0.92025 -0.170485 -0.352244 -0.307113 -0.24323 0.920066 -1.17585 3.81834 -1.04132</i>
                        <i>-0.255673 0.95471 0.152183 -0.901035 -0.178268 -0.395418 -0.35038 -0.23822 0.905806 -1.18462 3.82903 -1.02918</i>
                        <i>-0.264887 0.95599 0.126164 -0.879774 -0.186034 -0.43748 -0.394755 -0.226879 0.890334 -1.19369 3.85197 -1.03294</i>
                        <i>-0.272078 0.957474 0.096008 -0.855233 -0.194874 -0.480209 -0.441078 -0.212764 0.871884 -1.20305 3.87471 -1.03749</i>
                    </KeyFrames>
                </p>
            </i>
            <i>
                <p>
                    <Name><![CDATA[spine2]]></Name>
                    <Exclude>0</Exclude>
                    <Additive>0</Additive>
                    <IKPriority>0</IKPriority>
                    <IKRotLimits>-1e+010 -1e+010 -1e+010 1e+010 1e+010 1e+010</IKRotLimits>
                    <IKRotLimitOrder>0</IKRotLimitOrder>
                    <KeyFrames count="31">
                        <i>0.0950419 0.713515 0.694164 -0.984345 -0.036613 0.172406 0.14843 -0.699683 0.698865 -1.10915 3.99704 -1.01452</i>
                        <i>0.0247886 0.712302 0.701435 -0.979845 -0.12181 0.158324 0.198216 -0.691222 0.694926 -1.12803 3.97645 -1.03426</i>
                        <i>-0.0496387 0.676863 0.734434 -0.971286 -0.204023 0.122383 0.232678 -0.70727 0.667555 -1.14093 3.95206 -1.03059</i>
                        <i>-0.110337 0.626187 0.771827 -0.961616 -0.263561 0.0763606 0.25124 -0.733775 0.631231 -1.14746 3.92583 -1.01306</i>
                        <i>-0.142968 0.584599 0.798627 -0.957929 -0.284629 0.0368636 0.248862 -0.759757 0.600697 -1.14731 3.94931 -0.991049</i>
                        <i>-0.15862 0.574773 0.802793 -0.961077 -0.27617 0.00783412 0.22621 -0.770303 0.596207 -1.14328 3.97458 -0.973943</i>
                        <i>-0.177042 0.605724 0.775729 -0.9658 -0.25863 -0.018471 0.189438 -0.752469 0.630796 -1.13816 4.00279 -0.95647</i>
                        <i>-0.190271 0.66044 0.726371 -0.971436 -0.233533 -0.0421292 0.141808 -0.713639 0.68601 -1.13153 4.02421 -0.932518</i>
                        <i>-0.191825 0.71819 0.668884 -0.977366 -0.201742 -0.0636804 0.0892072 -0.66596 0.740634 -1.12385 4.03557 -0.910383</i>
                        <i>-0.182846 0.760809 0.622686 -0.982358 -0.166667 -0.0848237 0.0392464 -0.62721 0.777861 -1.11515 4.04336 -0.898263</i>
                        <i>-0.166965 0.773435 0.61149 -0.985962 -0.13026 -0.104456 -0.00113761 -0.620347 0.784327 -1.10579 4.04385 -0.893536</i>
                        <i>-0.149868 0.756605 0.636466 -0.988276 -0.0956441 -0.11901 -0.0291694 -0.64684 0.762068 -1.09609 4.03483 -0.890126</i>
                        <i>-0.135788 0.727908 0.672095 -0.989708 -0.0687351 -0.125514 -0.0451662 -0.682221 0.72975 -1.0862 4.0154 -0.893097</i>
                        <i>-0.120773 0.725432 0.677616 -0.991548 -0.0555635 -0.117241 -0.0473999 -0.686048 0.726011 -1.07648 3.99452 -0.921034</i>
                        <i>-0.0992878 0.75909 0.643369 -0.99465 -0.057183 -0.0860308 -0.0285153 -0.648469 0.760707 -1.06779 3.97344 -0.975455</i>
                        <i>-0.0706911 0.79747 0.599203 -0.997445 -0.0627099 -0.0342142 0.0102912 -0.600091 0.799866 -1.06105 3.94785 -1.03276</i>
                        <i>-0.0375892 0.81241 0.581874 -0.997574 -0.0646516 0.0258227 0.0585977 -0.579492 0.812869 -1.0564 3.97203 -1.06814</i>
                        <i>0.00392782 0.815494 0.578753 -0.994602 -0.0568255 0.0868202 0.103689 -0.57597 0.810868 -1.05869 4.00313 -1.10043</i>
                        <i>0.0545065 0.868299 0.493037 -0.989033 -0.0209321 0.146204 0.137269 -0.495599 0.857636 -1.07222 4.03297 -1.16221</i>
                        <i>0.0959836 0.937382 0.334817 -0.98273 0.0357791 0.181554 0.158206 -0.346461 0.924627 -1.09183 4.0469 -1.22919</i>
                        <i>0.0951472 0.968317 0.230887 -0.984307 0.0568878 0.167045 0.148618 -0.243157 0.958534 -1.10914 4.03124 -1.25962</i>
                        <i>0.0106315 0.967507 0.252622 -0.999261 0.000944581 0.0384361 0.0369485 -0.252844 0.966801 -1.12661 4.00336 -1.2449</i>
                        <i>-0.112852 0.941492 0.317579 -0.987769 -0.0716929 -0.138465 -0.107596 -0.329321 0.938068 -1.14634 3.98489 -1.21167</i>
                        <i>-0.21071 0.906375 0.366177 -0.956835 -0.114526 -0.267115 -0.200169 -0.406655 0.891383 -1.16385 3.97397 -1.17027</i>
                        <i>-0.261898 0.880349 0.395467 -0.93401 -0.128044 -0.333511 -0.242969 -0.456716 0.85579 -1.17759 3.96921 -1.12601</i>
                        <i>-0.30357 0.856765 0.416893 -0.911929 -0.134469 -0.387691 -0.276101 -0.497868 0.822129 -1.19072 3.9682 -1.08179</i>
                        <i>-0.334342 0.842827 0.421732 -0.891291 -0.137337 -0.432133 -0.306294 -0.520367 0.797121 -1.20308 3.96915 -1.04293</i>
                        <i>-0.353728 0.842029 0.407265 -0.87204 -0.139418 -0.469157 -0.338264 -0.521105 0.783599 -1.21455 3.97012 -1.01405</i>
                        <i>-0.364843 0.849937 0.380127 -0.85343 -0.142064 -0.501472 -0.372217 -0.507371 0.777193 -1.22541 3.98081 -1.00498</i>
                        <i>-0.371281 0.861934 0.345284 -0.834116 -0.146244 -0.531849 -0.407923 -0.485472 0.77325 -1.23595 4.004 -1.01288</i>
                        <i>-0.377297 0.873674 0.307149 -0.812139 -0.152755 -0.563113 -0.445059 -0.461908 0.767179 -1.24645 4.02703 -1.02222</i>
                    </KeyFrames>
                </p>
            </i>
            <i>
                <p>
                    <Name><![CDATA[head]]></Name>
                    <Exclude>0</Exclude>
                    <Additive>0</Additive>
                    <IKPriority>0</IKPriority>
                    <IKRotLimits>-1e+010 -1e+010 -1e+010 1e+010 1e+010 1e+010</IKRotLimits>
                    <IKRotLimitOrder>0</IKRotLimitOrder>
                    <KeyFrames count="31">
                        <i>-0.211478 0.866273 0.452602 0.069609 0.475249 -0.877093 -0.974901 -0.153981 -0.160805 -1.08564 4.19078 -0.84378</i>
                        <i>-0.202313 0.870842 0.448 0.0539163 0.466671 -0.882786 -0.977836 -0.154445 -0.141366 -1.12205 4.1702 -0.861922</i>
                        <i>-0.194043 0.874386 0.444743 0.0389452 0.459868 -0.887133 -0.98022 -0.154821 -0.123287 -1.15365 4.13739 -0.849261</i>
                        <i>-0.187255 0.877373 0.441761 0.0264183 0.454051 -0.890584 -0.981956 -0.155095 -0.108202 -1.17536 4.09872 -0.821115</i>
                        <i>-0.184696 0.871257 0.454751 0.0180648 0.465643 -0.884788 -0.98263 -0.155202 -0.101741 -1.1829 4.11168 -0.79121</i>
                        <i>-0.183366 0.864182 0.468578 0.012224 0.478628 -0.877933 -0.982969 -0.155255 -0.098328 -1.18195 4.13406 -0.772505</i>
                        <i>-0.182015 0.855344 0.485033 0.0060264 0.494234 -0.869308 -0.983277 -0.155304 -0.0951125 -1.18056 4.1694 -0.761974</i>
                        <i>-0.180928 0.846459 0.500771 0.000733374 0.509291 -0.860594 -0.983496 -0.155339 -0.0927659 -1.17667 4.20376 -0.750927</i>
                        <i>-0.180156 0.839634 0.512404 -0.0029826 0.520459 -0.853881 -0.983633 -0.15536 -0.0912597 -1.16932 4.22877 -0.743874</i>
                        <i>-0.179944 0.834971 0.520042 -0.0048864 0.527907 -0.849288 -0.983665 -0.155365 -0.0909135 -1.15859 4.24669 -0.744005</i>
                        <i>-0.180166 0.832899 0.523278 -0.00518565 0.531172 -0.847248 -0.983623 -0.155359 -0.0913799 -1.14559 4.25048 -0.742814</i>
                        <i>-0.18071 0.833077 0.522807 -0.0042175 0.530897 -0.847426 -0.983527 -0.155344 -0.0924251 -1.13186 4.23825 -0.733812</i>
                        <i>-0.181398 0.83626 0.517458 -0.0019993 0.525873 -0.850561 -0.983408 -0.155325 -0.0937205 -1.11829 4.21331 -0.728234</i>
                        <i>-0.182427 0.84248 0.5069 0.00194361 0.515859 -0.856671 -0.983218 -0.155295 -0.095744 -1.10447 4.19342 -0.755386</i>
                        <i>-0.183882 0.851278 0.49144 0.00786055 0.501223 -0.865282 -0.982917 -0.155247 -0.0988576 -1.09009 4.18163 -0.819498</i>
                        <i>-0.185818 0.861185 0.473108 0.0156413 0.484025 -0.874914 -0.98246 -0.155175 -0.103411 -1.07583 4.16561 -0.888846</i>
                        <i>-0.190736 0.861511 0.470551 0.0252791 0.483503 -0.874977 -0.981316 -0.154994 -0.113999 -1.06242 4.19293 -0.92873</i>
                        <i>-0.19613 0.861278 0.468757 0.0356482 0.483988 -0.874348 -0.97993 -0.154775 -0.125628 -1.05369 4.22386 -0.961716</i>
                        <i>-0.19946 0.864513 0.461338 0.0440801 0.478238 -0.877124 -0.978914 -0.154615 -0.133497 -1.05544 4.2653 -1.04654</i>
                        <i>-0.200777 0.871893 0.446643 0.0514239 0.464679 -0.883985 -0.978286 -0.154516 -0.138133 -1.06712 4.29448 -1.15505</i>
                        <i>-0.202012 0.881195 0.427419 0.0606338 0.446832 -0.892561 -0.977504 -0.154392 -0.143696 -1.0856 4.28508 -1.21217</i>
                        <i>-0.204854 0.889422 0.408612 0.0737696 0.430307 -0.899663 -0.976009 -0.154156 -0.153762 -1.12355 4.25664 -1.19072</i>
                        <i>-0.210915 0.89834 0.385356 0.0973115 0.411563 -0.906171 -0.972649 -0.153625 -0.174223 -1.17418 4.23159 -1.13887</i>
                        <i>-0.220674 0.909571 0.352113 0.138373 0.386557 -0.911826 -0.965482 -0.152493 -0.211163 -1.21606 4.21162 -1.08337</i>
                        <i>-0.23183 0.922846 0.307587 0.199604 0.354602 -0.913463 -0.952057 -0.150373 -0.266412 -1.24185 4.20017 -1.03037</i>
                        <i>-0.238155 0.937936 0.252109 0.274856 0.314053 -0.908749 -0.931524 -0.14713 -0.332591 -1.26451 4.19314 -0.979544</i>
                        <i>-0.234769 0.953826 0.187346 0.359972 0.26434 -0.894731 -0.902942 -0.142615 -0.40541 -1.2835 4.19062 -0.938528</i>
                        <i>-0.218191 0.968745 0.118012 0.447799 0.206827 -0.869884 -0.867104 -0.136955 -0.478931 -1.29855 4.19159 -0.912656</i>
                        <i>-0.190918 0.980079 0.054738 0.528 0.149543 -0.835974 -0.827506 -0.130701 -0.546032 -1.31083 4.20452 -0.90992</i>
                        <i>-0.15929 0.987222 0.00439776 0.594503 0.0994787 -0.797916 -0.788158 -0.124486 -0.602752 -1.32163 4.23095 -0.926112</i>
                        <i>-0.126039 0.991396 -0.0353268 0.648071 0.0553251 -0.759567 -0.751078 -0.118629 -0.649469 -1.33248 4.25708 -0.944487</i>
                    </KeyFrames>
                </p>
            </i>
            <i>
                <p>
                    <Name><![CDATA[head_prop]]></Name>
                    <Exclude>0</Exclude>
                    <Additive>0</Additive>
                    <IKPriority>0</IKPriority>
                    <IKRotLimits>-1e+010 -1e+010 -1e+010 1e+010 1e+010 1e+010</IKRotLimits>
                    <IKRotLimitOrder>0</IKRotLimitOrder>
                    <KeyFrames count="31">
                        <i>0.974901 0.153981 0.160805 -0.211478 0.866273 0.452602 -0.069609 -0.475249 0.877093 -1.15457 4.4731 -0.696273</i>
                        <i>0.977836 0.154445 0.141366 -0.202313 0.870842 0.448 -0.0539163 -0.466671 0.882786 -1.18798 4.45401 -0.715914</i>
                        <i>0.98022 0.154821 0.123287 -0.194043 0.874386 0.444743 -0.0389452 -0.459868 0.887133 -1.21689 4.42236 -0.704315</i>
                        <i>0.981956 0.155095 0.108202 -0.187255 0.877373 0.441761 -0.0264183 -0.454051 0.890584 -1.23639 4.38467 -0.677141</i>
                        <i>0.98263 0.155202 0.101741 -0.184696 0.871257 0.454751 -0.0180648 -0.465643 0.884788 -1.2431 4.39563 -0.643003</i>
                        <i>0.982969 0.155255 0.098328 -0.183366 0.864182 0.468578 -0.012224 -0.478628 0.877933 -1.24171 4.4157 -0.619791</i>
                        <i>0.983277 0.155304 0.0951125 -0.182015 0.855344 0.485033 -0.0060264 -0.494234 0.869308 -1.23988 4.44817 -0.603897</i>
                        <i>0.983496 0.155339 0.0927659 -0.180928 0.846459 0.500771 -0.000733374 -0.509291 0.860594 -1.23564 4.47963 -0.587722</i>
                        <i>0.983633 0.15536 0.0912597 -0.180156 0.839634 0.512404 0.0029826 -0.520459 0.853881 -1.22803 4.50241 -0.576877</i>
                        <i>0.983665 0.155365 0.0909135 -0.179944 0.834971 0.520042 0.0048864 -0.527907 0.849288 -1.21723 4.51882 -0.574519</i>
                        <i>0.983623 0.155359 0.0913799 -0.180166 0.832899 0.523278 0.00518565 -0.531172 0.847248 -1.20431 4.52192 -0.572273</i>
                        <i>0.983527 0.155344 0.0924251 -0.18071 0.833077 0.522807 0.0042175 -0.530897 0.847426 -1.19076 4.50976 -0.563425</i>
                        <i>0.983408 0.155325 0.0937205 -0.181398 0.83626 0.517458 0.0019993 -0.525873 0.850561 -1.17741 4.48586 -0.559589</i>
                        <i>0.983218 0.155295 0.095744 -0.182427 0.84248 0.5069 -0.00194361 -0.515859 0.856671 -1.16393 4.468 -0.590182</i>
                        <i>0.982917 0.155247 0.0988576 -0.183882 0.851278 0.49144 -0.00786055 -0.501223 0.865282 -1.15002 4.45907 -0.659333</i>
                        <i>0.98246 0.155175 0.103411 -0.185818 0.861185 0.473108 -0.0156413 -0.484025 0.874914 -1.13639 4.44628 -0.734656</i>
                        <i>0.981316 0.154994 0.113999 -0.190736 0.861511 0.470551 -0.0252791 -0.483503 0.874977 -1.12459 4.4737 -0.775373</i>
                        <i>0.97993 0.154775 0.125628 -0.19613 0.861278 0.468757 -0.0356482 -0.483988 0.874348 -1.11761 4.50456 -0.808944</i>
                        <i>0.978914 0.154615 0.133497 -0.19946 0.864513 0.461338 -0.0440801 -0.478238 0.877124 -1.12045 4.54705 -0.896189</i>
                        <i>0.978286 0.154516 0.138133 -0.200777 0.871893 0.446643 -0.0514239 -0.464679 0.883985 -1.13255 4.57864 -1.00948</i>
                        <i>0.977504 0.154392 0.143696 -0.202012 0.881195 0.427419 -0.0606338 -0.446832 0.892561 -1.15144 4.57227 -1.07287</i>
                        <i>0.976009 0.154156 0.153762 -0.204854 0.889422 0.408612 -0.0737696 -0.430307 0.899663 -1.19031 4.54651 -1.05755</i>
                        <i>0.972649 0.153625 0.174223 -0.210915 0.89834 0.385356 -0.0973115 -0.411563 0.906171 -1.24292 4.52437 -1.01328</i>
                        <i>0.965482 0.152493 0.211163 -0.220674 0.909571 0.352113 -0.138373 -0.386557 0.911826 -1.28798 4.50806 -0.96861</i>
                        <i>0.952057 0.150373 0.266412 -0.23183 0.922846 0.307587 -0.199604 -0.354602 0.913463 -1.3174 4.50093 -0.930127</i>
                        <i>0.931524 0.14713 0.332591 -0.238155 0.937936 0.252109 -0.274856 -0.314053 0.908749 -1.34213 4.49882 -0.897379</i>
                        <i>0.902942 0.142615 0.40541 -0.234769 0.953826 0.187346 -0.359972 -0.26434 0.894731 -1.36001 4.50148 -0.87747</i>
                        <i>0.867104 0.136955 0.478931 -0.218191 0.968745 0.118012 -0.447799 -0.206827 0.869884 -1.36966 4.50731 -0.874195</i>
                        <i>0.827506 0.130701 0.546032 -0.190918 0.980079 0.054738 -0.528 -0.149543 0.835974 -1.37305 4.52394 -0.892081</i>
                        <i>0.788158 0.124486 0.602752 -0.15929 0.987222 0.00439776 -0.594503 -0.0994787 0.797916 -1.37354 4.5527 -0.924679</i>
                        <i>0.751078 0.118629 0.649469 -0.126039 0.991396 -0.0353268 -0.648071 -0.0553251 0.759567 -1.37356 4.58018 -0.956</i>
                    </KeyFrames>
                </p>
            </i>
            <i>
                <p>
                    <Name><![CDATA[l_clav]]></Name>
                    <Exclude>0</Exclude>
                    <Additive>0</Additive>
                    <IKPriority>0</IKPriority>
                    <IKRotLimits>-1e+010 -1e+010 -1e+010 1e+010 1e+010 1e+010</IKRotLimits>
                    <IKRotLimitOrder>0</IKRotLimitOrder>
                    <KeyFrames count="31">
                        <i>0.759431 0.649899 0.0299122 -0.565161 0.636241 0.525158 0.322268 -0.415727 0.850479 -1.01371 4.02079 -0.961021</i>
                        <i>0.707925 0.705204 0.0391173 -0.615576 0.588901 0.5237 0.346279 -0.39482 0.851004 -1.03659 4.00677 -0.979405</i>
                        <i>0.655887 0.749607 0.0888906 -0.666732 0.520068 0.533852 0.35395 -0.409413 0.840893 -1.05439 3.9859 -0.971775</i>
                        <i>0.615084 0.773258 0.154092 -0.705816 0.452889 0.544716 0.351419 -0.443806 0.824342 -1.06544 3.96016 -0.949687</i>
                        <i>0.600254 0.772189 0.208372 -0.724021 0.413914 0.551787 0.339836 -0.482079 0.807534 -1.0682 3.9816 -0.924393</i>
                        <i>0.605522 0.760226 0.23537 -0.730398 0.413438 0.543679 0.316009 -0.501123 0.805614 -1.06608 4.0049 -0.905573</i>
                        <i>0.613916 0.754241 0.232869 -0.738637 0.444836 0.506495 0.27843 -0.482951 0.830202 -1.06324 4.03389 -0.887215</i>
                        <i>0.62616 0.750303 0.21206 -0.744409 0.494392 0.448812 0.231904 -0.438888 0.8681 -1.05859 4.0578 -0.86302</i>
                        <i>0.642438 0.743306 0.186463 -0.744112 0.546884 0.383687 0.183223 -0.385245 0.904442 -1.05198 4.07186 -0.84096</i>
                        <i>0.661259 0.730646 0.169977 -0.737172 0.590934 0.32768 0.138973 -0.341983 0.929373 -1.04356 4.08102 -0.828477</i>
                        <i>0.679818 0.711914 0.176139 -0.725907 0.618995 0.299839 0.10443 -0.331697 0.937588 -1.03384 4.07995 -0.821842</i>
                        <i>0.695855 0.689071 0.202401 -0.713568 0.631464 0.303437 0.081281 -0.355575 0.931107 -1.02352 4.0666 -0.815118</i>
                        <i>0.709142 0.666917 0.228778 -0.701679 0.635782 0.321603 0.0690297 -0.388591 0.918821 -1.01316 4.04226 -0.814855</i>
                        <i>0.720624 0.65795 0.218641 -0.689686 0.647991 0.323172 0.0709536 -0.383679 0.920737 -1.00256 4.0203 -0.841746</i>
                        <i>0.730438 0.664046 0.159697 -0.67621 0.670314 0.305645 0.0959155 -0.331243 0.938658 -0.991742 4.00315 -0.898778</i>
                        <i>0.738217 0.669602 0.0816645 -0.659318 0.690634 0.297193 0.142601 -0.273236 0.951319 -0.981774 3.98218 -0.961791</i>
                        <i>0.743948 0.667849 0.0227845 -0.637738 0.699398 0.322696 0.199577 -0.2546 0.946228 -0.973583 4.00765 -1.00352</i>
                        <i>0.752917 0.657685 -0.0237829 -0.60641 0.707351 0.363209 0.2557 -0.259044 0.931404 -0.972303 4.03754 -1.04217</i>
                        <i>0.760444 0.637056 -0.126035 -0.574884 0.750652 0.325623 0.302048 -0.175162 0.937062 -0.981402 4.0706 -1.11306</i>
                        <i>0.760075 0.598124 -0.254034 -0.558412 0.801105 0.215423 0.332358 -0.021882 0.9429 -0.996701 4.09058 -1.19082</i>
                        <i>0.7594 0.573509 -0.307245 -0.565087 0.815442 0.125425 0.322473 0.0783724 0.943329 -1.01368 4.07904 -1.22585</i>
                        <i>0.759427 0.621157 -0.193481 -0.621266 0.780665 0.0677556 0.193131 0.0687479 0.978762 -1.03905 4.05514 -1.19923</i>
                        <i>0.723045 0.690785 -0.00469739 -0.690579 0.722968 0.0204233 0.0175042 -0.011523 0.99978 -1.07191 4.03857 -1.14875</i>
                        <i>0.671784 0.727097 0.14155 -0.733606 0.679518 -0.00883708 -0.102611 -0.097905 0.989892 -1.101 4.02609 -1.09571</i>
                        <i>0.642685 0.732825 0.223436 -0.749298 0.662037 -0.0160881 -0.159712 -0.15708 0.974586 -1.12142 4.01832 -1.04596</i>
                        <i>0.617918 0.730852 0.289882 -0.759154 0.650542 -0.0219229 -0.204603 -0.206519 0.956811 -1.14028 4.01412 -0.997745</i>
                        <i>0.600849 0.725446 0.335722 -0.76134 0.64734 -0.0362206 -0.243602 -0.233835 0.941265 -1.15756 4.01275 -0.956351</i>
                        <i>0.592813 0.719967 0.360861 -0.754607 0.653108 -0.0633907 -0.281321 -0.23473 0.930463 -1.17334 4.01283 -0.926192</i>
                        <i>0.590757 0.715221 0.37345 -0.741199 0.663937 -0.099057 -0.318795 -0.218282 0.922346 -1.18809 4.02368 -0.916652</i>
                        <i>0.590737 0.711527 0.380472 -0.723668 0.675765 -0.140162 -0.356839 -0.192537 0.914109 -1.20235 4.04769 -0.924565</i>
                        <i>0.587986 0.709588 0.388274 -0.705019 0.684896 -0.184027 -0.396511 -0.165535 0.902982 -1.21674 4.07185 -0.934109</i>
                    </KeyFrames>
                </p>
            </i>
            <i>
                <p>
                    <Name><![CDATA[l_shoulder]]></Name>
                    <Exclude>0</Exclude>
                    <Additive>0</Additive>
                    <IKPriority>0</IKPriority>
                    <IKRotLimits>-1e+010 -1e+010 -1e+010 1e+010 1e+010 1e+010</IKRotLimits>
                    <IKRotLimitOrder>0</IKRotLimitOrder>
                    <KeyFrames count="31">
                        <i>0.548401 0.675074 0.493489 0.10698 0.528657 -0.842067 -0.829344 0.514584 0.217697 -0.86366 4.1492 -0.955111</i>
                        <i>0.558765 0.652721 0.511603 0.134093 0.537665 -0.832427 -0.818414 0.533733 0.212903 -0.89672 4.1461 -0.971676</i>
                        <i>0.597573 0.655458 0.461825 0.132414 0.487394 -0.863084 -0.790805 0.576907 0.204461 -0.924799 4.134 -0.954212</i>
                        <i>0.584989 0.710154 0.391752 0.130809 0.394086 -0.909717 -0.800423 0.583419 0.137641 -0.943912 4.11294 -0.919241</i>
                        <i>0.658722 0.675181 0.331989 0.150194 0.314364 -0.937346 -0.737243 0.667313 0.105671 -0.949605 4.13416 -0.883223</i>
                        <i>0.756124 0.581699 0.299839 0.186866 0.247185 -0.950779 -0.627183 0.774936 0.078203 -0.946445 4.15511 -0.859069</i>
                        <i>0.87677 0.379429 0.29548 0.242824 0.181058 -0.953024 -0.415104 0.907332 0.0666117 -0.941943 4.18291 -0.841205</i>
                        <i>0.935738 0.175353 0.306016 0.293469 0.0941493 -0.951321 -0.195628 0.979994 0.0366383 -0.934875 4.20604 -0.821122</i>
                        <i>0.94498 -0.000712391 0.327129 0.327129 0.00417887 -0.944971 -0.000693907 0.999991 0.00418191 -0.925047 4.21872 -0.804119</i>
                        <i>0.924171 -0.154756 0.349225 0.343326 -0.0642168 -0.937018 0.167436 0.985863 -0.00621548 -0.912912 4.22538 -0.794893</i>
                        <i>0.895946 -0.270218 0.35251 0.337317 -0.102374 -0.935808 0.28896 0.957341 -0.00057235 -0.899523 4.22061 -0.787041</i>
                        <i>0.880435 -0.342806 0.327595 0.308594 -0.110289 -0.944778 0.360006 0.93291 0.00868567 -0.886035 4.20274 -0.775128</i>
                        <i>0.882118 -0.371357 0.289761 0.279124 -0.0834017 -0.956626 0.379417 0.924737 0.0300847 -0.873054 4.17403 -0.769653</i>
                        <i>0.874168 -0.401593 0.273043 0.297097 -0.00249178 -0.954844 0.384139 0.915815 0.117134 -0.860185 4.1503 -0.798547</i>
                        <i>0.859854 -0.431948 0.272162 0.36772 0.154174 -0.917067 0.354165 0.888624 0.291403 -0.847423 4.13435 -0.867225</i>
                        <i>0.870487 -0.408587 0.274425 0.424904 0.34243 -0.837973 0.248414 0.846048 0.471691 -0.835918 4.11448 -0.945656</i>
                        <i>0.864722 -0.457375 0.207519 0.450653 0.524148 -0.722621 0.221738 0.718385 0.65936 -0.826595 4.1396 -0.999014</i>
                        <i>0.866804 -0.469302 0.168541 0.471238 0.660426 -0.584613 0.163051 0.586168 0.793613 -0.823543 4.16748 -1.04687</i>
                        <i>0.850211 -0.431383 0.301745 0.52541 0.731191 -0.43509 -0.0329433 0.528458 0.84832 -0.831154 4.19647 -1.13796</i>
                        <i>0.777204 -0.336613 0.531645 0.566945 0.741148 -0.359547 -0.272999 0.580854 0.766864 -0.846527 4.20876 -1.24101</i>
                        <i>0.723172 -0.221578 0.65416 0.573119 0.721077 -0.389337 -0.385431 0.656469 0.648453 -0.863642 4.19235 -1.28656</i>
                        <i>0.780126 -0.19108 0.595728 0.549142 0.66536 -0.505706 -0.299743 0.721654 0.623995 -0.889008 4.17787 -1.23746</i>
                        <i>0.836244 -0.140784 0.529978 0.515458 0.531547 -0.672132 -0.187083 0.835247 0.517071 -0.929055 4.17505 -1.14968</i>
                        <i>0.856951 0.0221421 0.514923 0.475213 0.352817 -0.806035 -0.199521 0.93543 0.291825 -0.968265 4.16975 -1.06774</i>
                        <i>0.840184 0.251347 0.480536 0.433684 0.220589 -0.873646 -0.32559 0.942425 0.0763303 -0.994437 4.16311 -1.00181</i>
                        <i>0.801683 0.434183 0.410839 0.399412 0.122252 -0.908584 -0.444718 0.89249 -0.0754107 -1.01819 4.15852 -0.94047</i>
                        <i>0.776232 0.491163 0.39525 0.403571 0.0945372 -0.910051 -0.48435 0.865922 -0.124837 -1.03885 4.15608 -0.890019</i>
                        <i>0.7708 0.45971 0.44106 0.442262 0.112196 -0.889841 -0.458554 0.880954 -0.116831 -1.05621 4.15508 -0.854893</i>
                        <i>0.778943 0.402065 0.48124 0.479831 0.111947 -0.87019 -0.403746 0.908742 -0.105723 -1.07137 4.16499 -0.842866</i>
                        <i>0.795101 0.328171 0.510018 0.510901 0.0907042 -0.854841 -0.326794 0.940254 -0.0955436 -1.08564 4.18827 -0.849392</i>
                        <i>0.803393 0.253853 0.538626 0.541003 0.0666948 -0.838372 -0.248747 0.964941 -0.0837529 -1.10056 4.21205 -0.857395</i>
                    </KeyFrames>
                </p>
            </i>
            <i>
                <p>
                    <Name><![CDATA[l_elbow]]></Name>
                    <Exclude>0</Exclude>
                    <Additive>0</Additive>
                    <IKPriority>0</IKPriority>
