<?xml version="1.0" encoding="ISO-8859-1" ?>
<Animl Version="1">
    <ModellingPackage><![CDATA[Maya.2010]]></ModellingPackage>
    <SrcFile><![CDATA[anims\turrets\special\blue\~src\firework_cannon\firework_cannon_reload_low_crewmana.mb]]></SrcFile>
    <FramesPerSecond>30</FramesPerSecond>
    <TotalFrames>91</TotalFrames>
    <Skeleton>
        <RefFrame>
            <Name><![CDATA[soldier_ref_frame]]></Name>
            <Exclude>0</Exclude>
            <Additive>0</Additive>
            <IKPriority>0</IKPriority>
            <IKRotLimits>-1e+010 -1e+010 -1e+010 1e+010 1e+010 1e+010</IKRotLimits>
            <IKRotLimitOrder>0</IKRotLimitOrder>
            <KeyFrames count="91">
                <i>1 0 0 0 1 0 0 0 1 0 5.8 -0.73</i>
                <i>1 0 0 0 1 0 0 0 1 0 5.8 -0.73</i>
                <i>1 0 0 0 1 0 0 0 1 0 5.8 -0.73</i>
                <i>1 0 0 0 1 0 0 0 1 0 5.8 -0.73</i>
                <i>1 0 0 0 1 0 0 0 1 0 5.8 -0.73</i>
                <i>1 0 0 0 1 0 0 0 1 0 5.8 -0.73</i>
                <i>1 0 0 0 1 0 0 0 1 0 5.8 -0.73</i>
                <i>1 0 0 0 1 0 0 0 1 0 5.8 -0.73</i>
                <i>1 0 0 0 1 0 0 0 1 0 5.8 -0.73</i>
                <i>1 0 0 0 1 0 0 0 1 0 5.8 -0.73</i>
                <i>1 0 0 0 1 0 0 0 1 0 5.8 -0.73</i>
                <i>1 0 0 0 1 0 0 0 1 0 5.8 -0.73</i>
                <i>1 0 0 0 1 0 0 0 1 0 5.8 -0.73</i>
                <i>1 0 0 0 1 0 0 0 1 0 5.8 -0.73</i>
                <i>1 0 0 0 1 0 0 0 1 0 5.8 -0.73</i>
                <i>1 0 0 0 1 0 0 0 1 0 5.8 -0.73</i>
                <i>1 0 0 0 1 0 0 0 1 0 5.8 -0.73</i>
                <i>1 0 0 0 1 0 0 0 1 0 5.8 -0.73</i>
                <i>1 0 0 0 1 0 0 0 1 0 5.8 -0.73</i>
                <i>1 0 0 0 1 0 0 0 1 0 5.8 -0.73</i>
                <i>1 0 0 0 1 0 0 0 1 0 5.8 -0.73</i>
                <i>1 0 0 0 1 0 0 0 1 0 5.8 -0.73</i>
                <i>1 0 0 0 1 0 0 0 1 0 5.8 -0.73</i>
                <i>1 0 0 0 1 0 0 0 1 0 5.8 -0.73</i>
                <i>1 0 0 0 1 0 0 0 1 0 5.8 -0.73</i>
                <i>1 0 0 0 1 0 0 0 1 0 5.8 -0.73</i>
                <i>1 0 0 0 1 0 0 0 1 0 5.8 -0.73</i>
                <i>1 0 0 0 1 0 0 0 1 0 5.8 -0.73</i>
                <i>1 0 0 0 1 0 0 0 1 0 5.8 -0.73</i>
                <i>1 0 0 0 1 0 0 0 1 0 5.8 -0.73</i>
                <i>1 0 0 0 1 0 0 0 1 0 5.8 -0.73</i>
                <i>1 0 0 0 1 0 0 0 1 0 5.8 -0.73</i>
                <i>1 0 0 0 1 0 0 0 1 0 5.8 -0.73</i>
                <i>1 0 0 0 1 0 0 0 1 0 5.8 -0.73</i>
                <i>1 0 0 0 1 0 0 0 1 0 5.8 -0.73</i>
                <i>1 0 0 0 1 0 0 0 1 0 5.8 -0.73</i>
                <i>1 0 0 0 1 0 0 0 1 0 5.8 -0.73</i>
                <i>1 0 0 0 1 0 0 0 1 0 5.8 -0.73</i>
                <i>1 0 0 0 1 0 0 0 1 0 5.8 -0.73</i>
                <i>1 0 0 0 1 0 0 0 1 0 5.8 -0.73</i>
                <i>1 0 0 0 1 0 0 0 1 0 5.8 -0.73</i>
                <i>1 0 0 0 1 0 0 0 1 0 5.8 -0.73</i>
                <i>1 0 0 0 1 0 0 0 1 0 5.8 -0.73</i>
                <i>1 0 0 0 1 0 0 0 1 0 5.8 -0.73</i>
                <i>1 0 0 0 1 0 0 0 1 0 5.8 -0.73</i>
                <i>1 0 0 0 1 0 0 0 1 0 5.8 -0.73</i>
                <i>1 0 0 0 1 0 0 0 1 0 5.8 -0.73</i>
                <i>1 0 0 0 1 0 0 0 1 0 5.8 -0.73</i>
                <i>1 0 0 0 1 0 0 0 1 0 5.8 -0.73</i>
                <i>1 0 0 0 1 0 0 0 1 0 5.8 -0.73</i>
                <i>1 0 0 0 1 0 0 0 1 0 5.8 -0.73</i>
                <i>1 0 0 0 1 0 0 0 1 0 5.8 -0.73</i>
                <i>1 0 0 0 1 0 0 0 1 0 5.8 -0.73</i>
                <i>1 0 0 0 1 0 0 0 1 0 5.8 -0.73</i>
                <i>1 0 0 0 1 0 0 0 1 0 5.8 -0.73</i>
                <i>1 0 0 0 1 0 0 0 1 0 5.8 -0.73</i>
                <i>1 0 0 0 1 0 0 0 1 0 5.8 -0.73</i>
                <i>1 0 0 0 1 0 0 0 1 0 5.8 -0.73</i>
                <i>1 0 0 0 1 0 0 0 1 0 5.8 -0.73</i>
                <i>1 0 0 0 1 0 0 0 1 0 5.8 -0.73</i>
                <i>1 0 0 0 1 0 0 0 1 0 5.8 -0.73</i>
                <i>1 0 0 0 1 0 0 0 1 0 5.8 -0.73</i>
                <i>1 0 0 0 1 0 0 0 1 0 5.8 -0.73</i>
                <i>1 0 0 0 1 0 0 0 1 0 5.8 -0.73</i>
                <i>1 0 0 0 1 0 0 0 1 0 5.8 -0.73</i>
                <i>1 0 0 0 1 0 0 0 1 0 5.8 -0.73</i>
                <i>1 0 0 0 1 0 0 0 1 0 5.8 -0.73</i>
                <i>1 0 0 0 1 0 0 0 1 0 5.8 -0.73</i>
                <i>1 0 0 0 1 0 0 0 1 0 5.8 -0.73</i>
                <i>1 0 0 0 1 0 0 0 1 0 5.8 -0.73</i>
                <i>1 0 0 0 1 0 0 0 1 0 5.8 -0.73</i>
                <i>1 0 0 0 1 0 0 0 1 0 5.8 -0.73</i>
                <i>1 0 0 0 1 0 0 0 1 0 5.8 -0.73</i>
                <i>1 0 0 0 1 0 0 0 1 0 5.8 -0.73</i>
                <i>1 0 0 0 1 0 0 0 1 0 5.8 -0.73</i>
                <i>1 0 0 0 1 0 0 0 1 0 5.8 -0.73</i>
                <i>1 0 0 0 1 0 0 0 1 0 5.8 -0.73</i>
                <i>1 0 0 0 1 0 0 0 1 0 5.8 -0.73</i>
                <i>1 0 0 0 1 0 0 0 1 0 5.8 -0.73</i>
                <i>1 0 0 0 1 0 0 0 1 0 5.8 -0.73</i>
                <i>1 0 0 0 1 0 0 0 1 0 5.8 -0.73</i>
                <i>1 0 0 0 1 0 0 0 1 0 5.8 -0.73</i>
                <i>1 0 0 0 1 0 0 0 1 0 5.8 -0.73</i>
                <i>1 0 0 0 1 0 0 0 1 0 5.8 -0.73</i>
                <i>1 0 0 0 1 0 0 0 1 0 5.8 -0.73</i>
                <i>1 0 0 0 1 0 0 0 1 0 5.8 -0.73</i>
                <i>1 0 0 0 1 0 0 0 1 0 5.8 -0.73</i>
                <i>1 0 0 0 1 0 0 0 1 0 5.8 -0.73</i>
                <i>1 0 0 0 1 0 0 0 1 0 5.8 -0.73</i>
                <i>1 0 0 0 1 0 0 0 1 0 5.8 -0.73</i>
                <i>1 0 0 0 1 0 0 0 1 0 5.8 -0.73</i>
            </KeyFrames>
        </RefFrame>
        <Bones count="23">
            <i>
                <p>
                    <Name><![CDATA[pelvis]]></Name>
                    <Exclude>0</Exclude>
                    <Additive>0</Additive>
                    <IKPriority>0</IKPriority>
                    <IKRotLimits>-1e+010 -1e+010 -1e+010 1e+010 1e+010 1e+010</IKRotLimits>
                    <IKRotLimitOrder>2</IKRotLimitOrder>
                    <KeyFrames count="91">
                        <i>1 0 0 0 1 0 0 0 1 0.305738 7.09971 0.22566</i>
                        <i>1 0 0 0 1 0 0 0 1 0.305631 7.09802 0.23916</i>
                        <i>1 0 0 0 1 0 0 0 1 0.305394 7.09648 0.254198</i>
                        <i>1 0 0 0 1 0 0 0 1 0.305157 7.10416 0.269237</i>
                        <i>1 0 0 0 1 0 0 0 1 0.305049 7.12079 0.282737</i>
                        <i>1 0 0 0 1 0 0 0 1 0.3052 7.13762 0.29316</i>
                        <i>1 0 0 0 1 0 0 0 1 0.305738 7.14526 0.298969</i>
                        <i>1 0 0 0 1 0 0 0 1 0.306689 7.15785 0.300502</i>
                        <i>1 0 0 0 1 0 0 0 1 0.307933 7.18841 0.299509</i>
                        <i>1 0 0 0 1 0 0 0 1 0.309379 7.22227 0.296569</i>
                        <i>1 0 0 0 1 0 0 0 1 0.310941 7.25101 0.292262</i>
                        <i>1 0 0 0 1 0 0 0 1 0.312529 7.27906 0.287167</i>
                        <i>1 0 0 0 1 0 0 0 1 0.314054 7.30507 0.281864</i>
                        <i>1 0 0 0 1 0 0 0 1 0.315428 7.32768 0.27693</i>
                        <i>1 0 0 0 1 0 0 0 1 0.316563 7.34555 0.272945</i>
                        <i>1 0 0 0 1 0 0 0 1 0.317369 7.35731 0.270489</i>
                        <i>1 0 0 0 1 0 0 0 1 0.317865 7.35986 0.269567</i>
                        <i>1 0 0 0 1 0 0 0 1 0.318152 7.35647 0.269609</i>
                        <i>1 0 0 0 1 0 0 0 1 0.318269 7.35542 0.270331</i>
                        <i>1 0 0 0 1 0 0 0 1 0.31825 7.36918 0.271447</i>
                        <i>1 0 0 0 1 0 0 0 1 0.318134 7.38082 0.272674</i>
                        <i>1 0 0 0 1 0 0 0 1 0.317957 7.36673 0.273725</i>
                        <i>1 0 0 0 1 0 0 0 1 0.317754 7.35139 0.274317</i>
                        <i>1 0 0 0 1 0 0 0 1 0.317565 7.34841 0.274165</i>
                        <i>1 0 0 0 1 0 0 0 1 0.317424 7.34723 0.272984</i>
                        <i>1 0 0 0 1 0 0 0 1 0.317369 7.34788 0.270489</i>
                        <i>1 0 0 0 1 0 0 0 1 0.31558 7.34803 0.260019</i>
                        <i>1 0 0 0 1 0 0 0 1 0.312599 7.34525 0.242029</i>
                        <i>1 0 0 0 1 0 0 0 1 0.312002 7.33951 0.226905</i>
                        <i>1 0 0 0 1 0 0 0 1 0.317369 7.33075 0.225035</i>
                        <i>1 0 0 0 1 0 0 0 1 0.327755 7.32048 0.235209</i>
                        <i>1 0 0 0 1 0 0 0 1 0.339632 7.31057 0.248679</i>
                        <i>1 0 0 0 1 0 0 0 1 0.352699 7.30135 0.264526</i>
                        <i>1 0 0 0 1 0 0 0 1 0.366656 7.29231 0.281829</i>
                        <i>1 0 0 0 1 0 0 0 1 0.381202 7.28295 0.299668</i>
                        <i>1 0 0 0 1 0 0 0 1 0.396037 7.27275 0.317123</i>
                        <i>1 0 0 0 1 0 0 0 1 0.41086 7.26122 0.333275</i>
                        <i>1 0 0 0 1 0 0 0 1 0.42537 7.24783 0.347203</i>
                        <i>1 0 0 0 1 0 0 0 1 0.439268 7.2321 0.357987</i>
                        <i>1 0 0 0 1 0 0 0 1 0.452252 7.21418 0.36568</i>
                        <i>1 0 0 0 1 0 0 0 1 0.464022 7.19484 0.371172</i>
                        <i>1 0 0 0 1 0 0 0 1 0.474278 7.17446 0.374796</i>
                        <i>1 0 0 0 1 0 0 0 1 0.482718 7.15339 0.376886</i>
                        <i>1 0 0 0 1 0 0 0 1 0.486837 7.13234 0.377552</i>
                        <i>1 0 0 0 1 0 0 0 1 0.485519 7.11179 0.377047</i>
                        <i>1 0 0 0 1 0 0 0 1 0.480545 7.09181 0.375914</i>
                        <i>1 0 0 0 1 0 0 0 1 0.473699 7.07247 0.374698</i>
                        <i>1 0 0 0 1 0 0 0 1 0.466764 7.05384 0.373944</i>
                        <i>1 0 0 0 1 0 0 0 1 0.461522 7.03599 0.374196</i>
                        <i>1 0 0 0 1 0 0 0 1 0.457272 7.03315 0.374083</i>
                        <i>1 0 0 0 1 0 0 0 1 0.457272 7.033 0.374083</i>
                        <i>1 0 0 0 1 0 0 0 1 0.457272 7.03283 0.374083</i>
                        <i>1 0 0 0 1 0 0 0 1 0.457272 7.03265 0.374083</i>
                        <i>1 0 0 0 1 0 0 0 1 0.457272 7.03574 0.378746</i>
                        <i>1 0 0 0 1 0 0 0 1 0.445305 7.05488 0.384689</i>
                        <i>1 0 0 0 1 0 0 0 1 0.436046 7.07882 0.397707</i>
                        <i>1 0 0 0 1 0 0 0 1 0.425501 7.10706 0.416081</i>
                        <i>1 0 0 0 1 0 0 0 1 0.409676 7.1391 0.43809</i>
                        <i>1 0 0 0 1 0 0 0 1 0.384576 7.17443 0.462015</i>
                        <i>1 0 0 0 1 0 0 0 1 0.346679 7.21249 0.486183</i>
                        <i>1 0 0 0 1 0 0 0 1 0.29872 7.25178 0.509555</i>
                        <i>1 0 0 0 1 0 0 0 1 0.246088 7.29046 0.53136</i>
                        <i>1 0 0 0 1 0 0 0 1 0.194173 7.32667 0.550826</i>
                        <i>1 0 0 0 1 0 0 0 1 0.148364 7.35854 0.567183</i>
                        <i>1 0 0 0 1 0 0 0 1 0.114054 7.38421 0.579661</i>
                        <i>1 0 0 0 1 0 0 0 1 0.0980976 7.40095 0.591466</i>
                        <i>1 0 0 0 1 0 0 0 1 0.0982697 7.40965 0.604808</i>
                        <i>1 0 0 0 1 0 0 0 1 0.106334 7.41392 0.61742</i>
                        <i>1 0 0 0 1 0 0 0 1 0.114054 7.41736 0.627034</i>
                        <i>1 0 0 0 1 0 0 0 1 0.119993 7.4207 0.633413</i>
                        <i>1 0 0 0 1 0 0 0 1 0.127724 7.42236 0.637905</i>
                        <i>1 0 0 0 1 0 0 0 1 0.136522 7.42259 0.64062</i>
                        <i>1 0 0 0 1 0 0 0 1 0.145663 7.42157 0.641669</i>
                        <i>1 0 0 0 1 0 0 0 1 0.154423 7.41955 0.641162</i>
                        <i>1 0 0 0 1 0 0 0 1 0.162077 7.38671 0.601439</i>
                        <i>1 0 0 0 1 0 0 0 1 0.162077 7.35517 0.562026</i>
                        <i>1 0 0 0 1 0 0 0 1 0.164291 7.35774 0.570841</i>
                        <i>1 0 0 0 1 0 0 0 1 0.169455 7.37031 0.592087</i>
                        <i>1 0 0 0 1 0 0 0 1 0.175358 7.38953 0.617965</i>
                        <i>1 0 0 0 1 0 0 0 1 0.179785 7.40948 0.640677</i>
                        <i>1 0 0 0 1 0 0 0 1 0.17766 7.42282 0.652169</i>
                        <i>1 0 0 0 1 0 0 0 1 0.179785 7.41796 0.64581</i>
                        <i>1 0 0 0 1 0 0 0 1 0.191769 7.40056 0.624224</i>
                        <i>1 0 0 0 1 0 0 0 1 0.204696 7.37752 0.594845</i>
                        <i>1 0 0 0 1 0 0 0 1 0.218377 7.34997 0.559234</i>
                        <i>1 0 0 0 1 0 0 0 1 0.232623 7.31904 0.518947</i>
                        <i>1 0 0 0 1 0 0 0 1 0.247246 7.28585 0.475544</i>
                        <i>1 0 0 0 1 0 0 0 1 0.262057 7.25154 0.430582</i>
                        <i>1 0 0 0 1 0 0 0 1 0.276869 7.21723 0.385621</i>
                        <i>1 0 0 0 1 0 0 0 1 0.291492 7.18405 0.342218</i>
                        <i>1 0 0 0 1 0 0 0 1 0.305738 7.15312 0.301931</i>
                    </KeyFrames>
                </p>
            </i>
            <i>
                <p>
                    <Name><![CDATA[spine0]]></Name>
                    <Exclude>0</Exclude>
                    <Additive>0</Additive>
                    <IKPriority>0</IKPriority>
                    <IKRotLimits>-1e+010 -1e+010 -1e+010 1e+010 1e+010 1e+010</IKRotLimits>
                    <IKRotLimitOrder>0</IKRotLimitOrder>
                    <KeyFrames count="91">
                        <i>0.384246 0.437142 0.81318 -0.902883 0.361831 0.232122 -0.192764 -0.823398 0.53372 0.370843 7.20333 0.301294</i>
                        <i>0.375193 0.437995 0.81694 -0.90696 0.35549 0.225944 -0.191452 -0.825704 0.530621 0.370049 7.20139 0.31572</i>
                        <i>0.361541 0.441103 0.821411 -0.913257 0.344954 0.216723 -0.187752 -0.828514 0.527555 0.369283 7.19932 0.331915</i>
                        <i>0.344246 0.446858 0.825719 -0.920801 0.332446 0.203974 -0.18336 -0.83054 0.525911 0.368516 7.20644 0.348101</i>
                        <i>0.324376 0.45582 0.82886 -0.928674 0.320056 0.187428 -0.179848 -0.830537 0.527126 0.367713 7.2228 0.362507</i>
                        <i>0.30318 0.468706 0.829697 -0.936034 0.309722 0.167071 -0.178668 -0.827277 0.532626 0.366831 7.23992 0.37336</i>
                        <i>0.282099 0.486245 0.827034 -0.942096 0.303321 0.143012 -0.181318 -0.819489 0.543656 0.365841 7.24869 0.378877</i>
                        <i>0.26038 0.509266 0.820275 -0.946983 0.300321 0.114148 -0.188214 -0.806508 0.560464 0.364736 7.2633 0.379288</i>
                        <i>0.236949 0.536703 0.809818 -0.950992 0.29859 0.0803666 -0.19867 -0.789173 0.58115 0.363589 7.29644 0.376503</i>
                        <i>0.212872 0.56639 0.796171 -0.953678 0.297711 0.0431952 -0.212564 -0.768486 0.603528 0.362517 7.33315 0.371254</i>
                        <i>0.189155 0.596366 0.780108 -0.954768 0.297323 0.00421235 -0.229432 -0.745619 0.625631 0.361614 7.36476 0.364306</i>
                        <i>0.166663 0.624956 0.762662 -0.954211 0.29709 -0.0349259 -0.248406 -0.721919 0.645854 0.360935 7.39548 0.356453</i>
                        <i>0.146066 0.650805 0.745062 -0.952215 0.296703 -0.0724901 -0.268239 -0.69887 0.663045 0.360485 7.42381 0.348513</i>
                        <i>0.127813 0.672849 0.728655 -0.949249 0.295873 -0.106705 -0.287386 -0.678036 0.676518 0.360219 7.44828 0.341312</i>
                        <i>0.112155 0.690247 0.714829 -0.946004 0.29434 -0.135792 -0.304133 -0.661002 0.685988 0.36005 7.46749 0.335673</i>
                        <i>0.0992111 0.702269 0.704965 -0.943312 0.291881 -0.158011 -0.316732 -0.649326 0.691416 0.359867 7.48002 0.332407</i>
                        <i>0.0866904 0.705694 0.703193 -0.940565 0.290628 -0.175708 -0.328364 -0.646167 0.688946 0.358658 7.48132 0.33498</i>
                        <i>0.0782399 0.711605 0.69821 -0.939814 0.286309 -0.186488 -0.332609 -0.641596 0.691177 0.358695 7.47841 0.334299</i>
                        <i>0.0711799 0.715383 0.695098 -0.939853 0.281504 -0.193475 -0.334081 -0.639518 0.692392 0.358794 7.47766 0.334447</i>
                        <i>0.0651542 0.717419 0.693589 -0.940553 0.276338 -0.197479 -0.33334 -0.63949 0.692775 0.358933 7.4916 0.335112</i>
                        <i>0.0598372 0.718073 0.693391 -0.941741 0.270928 -0.199303 -0.330974 -0.641069 0.69245 0.359098 7.50334 0.33598</i>
                        <i>0.0549226 0.717697 0.694186 -0.943224 0.265386 -0.199748 -0.327586 -0.643802 0.691525 0.359274 7.48928 0.336737</i>
                        <i>0.0502448 0.716723 0.695545 -0.944798 0.259882 -0.199545 -0.323778 -0.647124 0.690217 0.35945 7.47394 0.337072</i>
                        <i>0.0453456 0.715317 0.697328 -0.946272 0.254485 -0.199516 -0.320177 -0.650814 0.688424 0.359615 7.47097 0.33667</i>
                        <i>0.0402973 0.714233 0.698747 -0.947448 0.24943 -0.200318 -0.317362 -0.653954 0.68675 0.359758 7.46983 0.33522</i>
                        <i>0.0351838 0.714255 0.699001 -0.94813 0.244964 -0.202587 -0.315929 -0.655616 0.685826 0.359867 7.47059 0.332407</i>
                        <i>0.0270535 0.717559 0.695972 -0.947928 0.239432 -0.210011 -0.317333 -0.65405 0.686672 0.357962 7.47098 0.321526</i>
                        <i>0.0184531 0.722566 0.691055 -0.94715 0.234027 -0.219406 -0.320261 -0.650484 0.688697 0.3547 7.46847 0.303204</i>
                        <i>0.0177057 0.724597 0.688945 -0.946922 0.233357 -0.221097 -0.320977 -0.648463 0.690268 0.35402 7.46273 0.28812</i>
                        <i>0.0330647 0.718931 0.694295 -0.948301 0.241957 -0.205382 -0.315645 -0.651609 0.689763 0.359867 7.45345 0.286953</i>
                        <i>0.0614843 0.707612 0.703922 -0.950005 0.257791 -0.176163 -0.30612 -0.657898 0.688085 0.371127 7.44221 0.298423</i>
                        <i>0.0936645 0.695662 0.712237 -0.950433 0.275514 -0.144114 -0.296486 -0.663435 0.686986 0.383853 7.43116 0.313471</i>
                        <i>0.128522 0.682351 0.719639 -0.949335 0.2945 -0.109697 -0.286785 -0.669079 0.685629 0.397782 7.42063 0.331131</i>
                        <i>0.165059 0.667033 0.726513 -0.946527 0.314165 -0.0733995 -0.277205 -0.675549 0.683221 0.412648 7.4101 0.350435</i>
                        <i>0.202376 0.64916 0.733236 -0.941899 0.333991 -0.0357262 -0.268086 -0.683404 0.679035 0.428178 7.39907 0.370409</i>
                        <i>0.239666 0.628243 0.740183 -0.935416 0.353538 0.00280988 -0.259917 -0.693052 0.6724 0.444095 7.38705 0.390079</i>
                        <i>0.27619 0.603805 0.747755 -0.927117 0.372446 0.0416929 -0.253324 -0.704772 0.662664 0.460118 7.37354 0.408469</i>
                        <i>0.311256 0.575315 0.756395 -0.917109 0.390441 0.0804194 -0.249061 -0.718727 0.649153 0.475961 7.35804 0.424601</i>
                        <i>0.344206 0.542116 0.766572 -0.905548 0.407347 0.118535 -0.248001 -0.734968 0.631124 0.491333 7.34009 0.437502</i>
                        <i>0.373302 0.501311 0.780597 -0.892772 0.422866 0.155377 -0.252196 -0.754898 0.605414 0.505921 7.3198 0.44729</i>
                        <i>0.398255 0.451181 0.798642 -0.878776 0.437265 0.191188 -0.262957 -0.777968 0.57063 0.519411 7.29786 0.454924</i>
                        <i>0.420409 0.392717 0.817942 -0.863084 0.45118 0.226987 -0.279897 -0.80138 0.528628 0.531504 7.27467 0.460696</i>
                        <i>0.440719 0.327293 0.83585 -0.845193 0.46494 0.263589 -0.302349 -0.822624 0.481534 0.541903 7.25059 0.464896</i>
                        <i>0.459757 0.257208 0.849981 -0.82477 0.478494 0.301326 -0.329207 -0.839576 0.432129 0.548098 7.22634 0.467593</i>
                        <i>0.477892 0.186192 0.858459 -0.801886 0.491433 0.339811 -0.358605 -0.85078 0.384157 0.548968 7.20243 0.469001</i>
                        <i>0.495458 0.119353 0.860393 -0.777411 0.502797 0.377925 -0.387496 -0.856125 0.341901 0.546246 7.17876 0.469821</i>
                        <i>0.512588 0.0653938 0.856141 -0.753915 0.511476 0.412316 -0.410933 -0.856805 0.311478 0.542406 7.15506 0.470378</i>
                        <i>0.528967 0.0253004 0.848265 -0.732715 0.517916 0.441464 -0.428161 -0.855057 0.292499 0.539442 7.13141 0.470883</i>
                        <i>0.54435 -0.00784861 0.838822 -0.712609 0.523242 0.46734 -0.442574 -0.852148 0.279233 0.538395 7.10833 0.471942</i>
                        <i>0.547925 -0.00616258 0.836505 -0.711639 0.522193 0.469983 -0.439713 -0.852805 0.281737 0.534843 7.10503 0.471613</i>
                        <i>0.545219 -0.0106853 0.838226 -0.711869 0.522145 0.469687 -0.442694 -0.85279 0.277077 0.534843 7.10488 0.471613</i>
                        <i>0.540257 -0.019222 0.84128 -0.712184 0.52208 0.469282 -0.448236 -0.85268 0.268368 0.534843 7.10471 0.471613</i>
                        <i>0.53762 -0.023893 0.842849 -0.712293 0.522057 0.469143 -0.451224 -0.852576 0.26365 0.534843 7.10453 0.471613</i>
                        <i>0.544012 -0.0213487 0.838806 -0.709139 0.522672 0.473218 -0.448523 -0.852267 0.2692 0.534975 7.10752 0.476245</i>
                        <i>0.540071 0.0489844 0.840193 -0.734375 0.515084 0.442021 -0.411117 -0.855739 0.314155 0.517962 7.13414 0.480266</i>
                        <i>0.537414 0.123607 0.834211 -0.756231 0.508429 0.411843 -0.37323 -0.852186 0.366712 0.503863 7.16503 0.490789</i>
                        <i>0.529649 0.201974 0.823819 -0.778657 0.500965 0.377792 -0.336401 -0.84157 0.422604 0.488476 7.19978 0.506262</i>
                        <i>0.510994 0.283065 0.81164 -0.804496 0.490073 0.33558 -0.302772 -0.824441 0.478149 0.467583 7.23796 0.525097</i>
                        <i>0.47646 0.365414 0.799661 -0.835104 0.472514 0.281658 -0.274929 -0.802 0.530293 0.436955 7.27909 0.545673</i>
                        <i>0.423045 0.452623 0.784962 -0.869972 0.445103 0.212206 -0.253339 -0.772668 0.582068 0.392803 7.32283 0.56614</i>
                        <i>0.355492 0.542526 0.761111 -0.903468 0.408127 0.131065 -0.239524 -0.734232 0.635241 0.338055 7.36761 0.585265</i>
                        <i>0.281718 0.626493 0.726733 -0.930079 0.364418 0.0463928 -0.23577 -0.688989 0.685351 0.278544 7.41128 0.602397</i>
                        <i>0.209417 0.698824 0.683951 -0.947504 0.31786 -0.0346592 -0.241621 -0.640788 0.728704 0.220052 7.45176 0.616986</i>
                        <i>0.144895 0.756564 0.637665 -0.956218 0.272686 -0.106252 -0.254269 -0.594351 0.762951 0.168287 7.48711 0.628557</i>
                        <i>0.0926517 0.798729 0.594514 -0.958588 0.233045 -0.163705 -0.269304 -0.554727 0.787244 0.128871 7.51545 0.63668</i>
                        <i>0.0513741 0.825698 0.561768 -0.958406 0.198894 -0.204692 -0.280746 -0.527886 0.801572 0.107976 7.53418 0.644831</i>
                        <i>0.0185961 0.839846 0.542506 -0.958025 0.170222 -0.230678 -0.286081 -0.515445 0.807759 0.103349 7.54423 0.655406</i>
                        <i>-0.00317672 0.843366 0.537331 -0.958242 0.151079 -0.24279 -0.28594 -0.515664 0.807669 0.107948 7.54914 0.666499</i>
                        <i>-0.0107631 0.83754 0.546269 -0.959362 0.145402 -0.241832 -0.281973 -0.526673 0.801939 0.114781 7.55253 0.676275</i>
                        <i>-0.00429322 0.822508 0.568737 -0.961403 0.153074 -0.228634 -0.275112 -0.547767 0.790104 0.122513 7.55516 0.684496</i>
                        <i>0.0119922 0.799139 0.601027 -0.963844 0.169253 -0.205811 -0.266198 -0.576828 0.772275 0.133627 7.55558 0.691904</i>
                        <i>0.0350038 0.769293 0.637936 -0.965605 0.190598 -0.176861 -0.257647 -0.609803 0.749505 0.146886 7.55407 0.698076</i>
                        <i>0.0612552 0.735496 0.674754 -0.965993 0.213826 -0.14538 -0.251206 -0.642903 0.723583 0.161008 7.55097 0.702632</i>
                        <i>0.0869458 0.701221 0.707623 -0.96497 0.235775 -0.115076 -0.247534 -0.67283 0.697157 0.174656 7.54673 0.705283</i>
                        <i>0.108196 0.670877 0.733633 -0.963182 0.253441 -0.0897119 -0.246119 -0.696915 0.673598 0.186457 7.51186 0.66807</i>
                        <i>0.10868 0.666505 0.737537 -0.96297 0.254736 -0.0883042 -0.246732 -0.700629 0.669509 0.186457 7.48032 0.628657</i>
                        <i>0.109658 0.691949 0.71357 -0.963885 0.249314 -0.0936347 -0.242693 -0.677532 0.694299 0.192559 7.49023 0.619247</i>
                        <i>0.0993393 0.725364 0.681159 -0.968134 0.228607 -0.102251 -0.229887 -0.649296 0.72496 0.200969 7.50744 0.622056</i>
                        <i>0.0813787 0.745578 0.661431 -0.972373 0.205068 -0.111521 -0.218786 -0.634083 0.741668 0.206588 7.52591 0.651456</i>
                        <i>0.0682193 0.757026 0.649814 -0.974368 0.190505 -0.119645 -0.214367 -0.624996 0.750618 0.210246 7.5442 0.680906</i>
                        <i>0.0626727 0.758327 0.648854 -0.97352 0.189659 -0.127626 -0.219843 -0.623674 0.750133 0.206673 7.55514 0.700601</i>
                        <i>0.0651542 0.746319 0.662392 -0.972479 0.196293 -0.125509 -0.223693 -0.635985 0.738569 0.207556 7.54663 0.703843</i>
                        <i>0.0739039 0.723316 0.68655 -0.972521 0.204678 -0.110952 -0.220775 -0.659485 0.718567 0.219411 7.52414 0.692472</i>
                        <i>0.0857009 0.698635 0.710327 -0.972346 0.21411 -0.0932718 -0.217251 -0.682691 0.697664 0.233011 7.49581 0.671661</i>
                        <i>0.101832 0.672515 0.733044 -0.9718 0.224793 -0.071232 -0.212687 -0.705118 0.676441 0.248419 7.46374 0.641999</i>
                        <i>0.123172 0.645215 0.754007 -0.970523 0.23692 -0.0441952 -0.207155 -0.726338 0.655378 0.265782 7.42961 0.604801</i>
                        <i>0.148876 0.617196 0.772596 -0.96813 0.2501 -0.0132405 -0.201398 -0.746002 0.63476 0.284766 7.39423 0.56239</i>
                        <i>0.17754 0.588614 0.788678 -0.964453 0.263462 0.0204798 -0.195732 -0.764278 0.614465 0.304673 7.35843 0.516928</i>
                        <i>0.207692 0.559516 0.802375 -0.95947 0.276248 0.0557202 -0.190479 -0.781428 0.594213 0.324839 7.32296 0.470576</i>
                        <i>0.237849 0.529829 0.814069 -0.953298 0.287961 0.0911114 -0.186147 -0.797721 0.573576 0.344667 7.28858 0.425536</i>
                        <i>0.266619 0.499547 0.824238 -0.946184 0.298434 0.125193 -0.183441 -0.813259 0.552231 0.36365 7.25606 0.38406</i>
                    </KeyFrames>
                </p>
            </i>
            <i>
                <p>
                    <Name><![CDATA[spine1]]></Name>
                    <Exclude>0</Exclude>
                    <Additive>0</Additive>
                    <IKPriority>0</IKPriority>
                    <IKRotLimits>-1e+010 -1e+010 -1e+010 1e+010 1e+010 1e+010</IKRotLimits>
                    <IKRotLimitOrder>0</IKRotLimitOrder>
                    <KeyFrames count="91">
                        <i>0.343361 0.187593 0.920278 -0.90524 0.327222 0.271048 -0.250288 -0.92614 0.282172 0.43696 7.27856 0.441215</i>
                        <i>0.3311 0.196013 0.923012 -0.912518 0.315493 0.260336 -0.240174 -0.928463 0.283325 0.434597 7.27674 0.456262</i>
                        <i>0.306913 0.214254 0.927308 -0.925984 0.292347 0.238928 -0.219904 -0.932002 0.288121 0.431479 7.2752 0.473221</i>
                        <i>0.273706 0.23901 0.931643 -0.941501 0.264598 0.20872 -0.196624 -0.934271 0.29745 0.427749 7.28333 0.490174</i>
                        <i>0.235084 0.26731 0.934495 -0.955685 0.238851 0.172093 -0.177203 -0.933539 0.311614 0.423549 7.30126 0.505177</i>
                        <i>0.1955 0.296807 0.934711 -0.966234 0.221413 0.131786 -0.167842 -0.928914 0.330072 0.419045 7.32064 0.516247</i>
                        <i>0.15994 0.325791 0.931815 -0.971662 0.218395 0.0904222 -0.174045 -0.919872 0.351489 0.414441 7.33247 0.521355</i>
                        <i>0.127525 0.356014 0.925738 -0.972397 0.228759 0.045978 -0.195402 -0.906048 0.375359 0.409601 7.35105 0.520621</i>
                        <i>0.0944053 0.3892 0.916303 -0.969374 0.245547 -0.00442324 -0.226717 -0.887823 0.400462 0.40442 7.38892 0.516046</i>
                        <i>0.0611816 0.423944 0.903619 -0.962076 0.266161 -0.0597332 -0.265832 -0.865696 0.424151 0.3992 7.43075 0.508446</i>
                        <i>0.0284632 0.458922 0.888021 -0.950226 0.288161 -0.118462 -0.310258 -0.840449 0.444282 0.394207 7.46752 0.498718</i>
                        <i>-0.00315471 0.492934 0.870061 -0.934033 0.309313 -0.178628 -0.357173 -0.813229 0.459441 0.389647 7.50314 0.487835</i>
                        <i>-0.0331385 0.524926 0.850502 -0.914367 0.327655 -0.237854 -0.403527 -0.785554 0.469117 0.385643 7.5359 0.47683</i>
                        <i>-0.0610727 0.553978 0.830288 -0.892837 0.341558 -0.293565 -0.44622 -0.759241 0.473752 0.382226 7.56413 0.466763</i>
                        <i>-0.0867082 0.579263 0.810516 -0.871713 0.349746 -0.343213 -0.482285 -0.736296 0.474625 0.379355 7.58629 0.4587</i>
                        <i>-0.109986 0.599986 0.792414 -0.853697 0.351271 -0.384462 -0.509024 -0.718767 0.473571 0.376938 7.60085 0.453697</i>
                        <i>-0.125919 0.63129 0.765257 -0.839133 0.343682 -0.421591 -0.529151 -0.695238 0.48646 0.373487 7.60204 0.455276</i>
                        <i>-0.147095 0.639616 0.754489 -0.832567 0.331771 -0.443576 -0.534036 -0.693411 0.483721 0.372103 7.60035 0.453952</i>
                        <i>-0.167724 0.644286 0.746167 -0.830212 0.315846 -0.459336 -0.531617 -0.696518 0.481919 0.371019 7.60053 0.453832</i>
                        <i>-0.18822 0.645944 0.739817 -0.830254 0.297747 -0.471195 -0.524644 -0.702924 0.480256 0.370154 7.61515 0.45455</i>
                        <i>-0.208911 0.645253 0.73485 -0.830802 0.279286 -0.481423 -0.515873 -0.711089 0.477731 0.369435 7.62737 0.455738</i>
                        <i>-0.230057 0.642917 0.730569 -0.83 0.262329 -0.492223 -0.508108 -0.719612 0.473271 0.368795 7.61365 0.45702</i>
                        <i>-0.250777 0.638908 0.72726 -0.829515 0.24544 -0.501661 -0.499014 -0.729078 0.468433 0.36819 7.59856 0.457985</i>
                        <i>-0.271759 0.632862 0.725005 -0.828407 0.229577 -0.510917 -0.489784 -0.739446 0.461878 0.36753 7.59575 0.45829</i>
                        <i>-0.291682 0.626692 0.722619 -0.826611 0.214975 -0.520096 -0.481285 -0.749028 0.455326 0.366815 7.5948 0.457457</i>
                        <i>-0.309313 0.622406 0.718983 -0.824099 0.201842 -0.529264 -0.474538 -0.756221 0.450492 0.366046 7.59589 0.454999</i>
                        <i>-0.328198 0.623552 0.709556 -0.81911 0.186261 -0.542555 -0.470473 -0.75927 0.449627 0.362726 7.59713 0.443846</i>
                        <i>-0.344086 0.62929 0.696849 -0.813318 0.171088 -0.556096 -0.469168 -0.758105 0.452944 0.357957 7.59568 0.424836</i>
                        <i>-0.344411 0.635626 0.690913 -0.812585 0.166758 -0.558477 -0.470198 -0.753771 0.459067 0.357146 7.5903 0.409375</i>
                        <i>-0.31648 0.638436 0.701598 -0.822543 0.183714 -0.538212 -0.472507 -0.747428 0.466999 0.365682 7.57972 0.408867</i>
                        <i>-0.261986 0.641599 0.720912 -0.838422 0.218616 -0.499255 -0.477924 -0.735226 0.480657 0.381885 7.56596 0.421504</i>
                        <i>-0.193353 0.649466 0.735397 -0.85218 0.260278 -0.453922 -0.486214 -0.714458 0.503136 0.400154 7.55221 0.437382</i>
                        <i>-0.113337 0.657237 0.745114 -0.86256 0.307107 -0.402089 -0.493097 -0.688277 0.5321 0.420029 7.53873 0.455674</i>
                        <i>-0.0253161 0.660512 0.750389 -0.868438 0.357263 -0.343771 -0.49515 -0.660369 0.564569 0.441076 7.52498 0.475551</i>
                        <i>0.0667412 0.655637 0.752121 -0.868946 0.408673 -0.279139 -0.490385 -0.634923 0.596989 0.462888 7.51041 0.496168</i>
                        <i>0.158568 0.63984 0.751971 -0.863575 0.459083 -0.208523 -0.478638 -0.616318 0.625345 0.48508 7.49448 0.516661</i>
                        <i>0.246006 0.611074 0.752376 -0.852249 0.506106 -0.132394 -0.461685 -0.608642 0.645292 0.507273 7.47663 0.536143</i>
                        <i>0.32537 0.567562 0.756312 -0.835365 0.547293 -0.0513276 -0.443056 -0.615097 0.652194 0.529089 7.45624 0.553716</i>
                        <i>0.393637 0.507102 0.766745 -0.813771 0.580187 0.0340624 -0.427582 -0.637363 0.641048 0.550143 7.43271 0.56848</i>
                        <i>0.444754 0.420578 0.790764 -0.790219 0.599856 0.125406 -0.421602 -0.680651 0.599137 0.569849 7.40565 0.580969</i>
                        <i>0.478171 0.302743 0.824439 -0.765756 0.603393 0.222563 -0.430082 -0.737742 0.520352 0.587897 7.37545 0.592261</i>
                        <i>0.498048 0.158238 0.852589 -0.738957 0.591931 0.321808 -0.453752 -0.790302 0.411742 0.604287 7.34266 0.602291</i>
                        <i>0.506906 -0.00331383 0.861995 -0.708737 0.567593 0.418963 -0.490651 -0.823303 0.285368 0.618924 7.3078 0.61095</i>
                        <i>0.506851 -0.167084 0.845686 -0.674657 0.533791 0.509809 -0.536601 -0.828945 0.157828 0.629368 7.27183 0.617809</i>
                        <i>0.501045 -0.31611 0.805623 -0.637032 0.495392 0.590573 -0.585785 -0.809112 0.0468413 0.634456 7.23576 0.62252</i>
                        <i>0.495425 -0.435006 0.75188 -0.59701 0.458226 0.658489 -0.630978 -0.775112 -0.0326863 0.635774 7.20037 0.625235</i>
                        <i>0.492906 -0.507761 0.706556 -0.563484 0.432468 0.703887 -0.66297 -0.745084 -0.0729491 0.635472 7.16698 0.62576</i>
                        <i>0.492574 -0.542559 0.680441 -0.540895 0.421652 0.727766 -0.681765 -0.726525 -0.0857729 0.635432 7.13605 0.624756</i>
                        <i>0.493564 -0.561001 0.664585 -0.522967 0.419123 0.742187 -0.69491 -0.713872 -0.0865212 0.636915 7.10695 0.623701</i>
                        <i>0.498359 -0.553406 0.667368 -0.523504 0.421507 0.740457 -0.691074 -0.718382 -0.0796486 0.633853 7.10397 0.622716</i>
                        <i>0.491008 -0.561422 0.66612 -0.5264 0.418052 0.740362 -0.694128 -0.71417 -0.0902655 0.633449 7.10299 0.623157</i>
                        <i>0.477496 -0.576264 0.663262 -0.531599 0.411559 0.740285 -0.699571 -0.706073 -0.109823 0.632712 7.10128 0.623956</i>
                        <i>0.470299 -0.584228 0.661435 -0.534301 0.408022 0.740298 -0.702382 -0.701567 -0.120261 0.632321 7.10025 0.624376</i>
                        <i>0.490251 -0.577191 0.653073 -0.527911 0.39957 0.749436 -0.693516 -0.712176 -0.108816 0.633593 7.1037 0.628247</i>
                        <i>0.547815 -0.501811 0.669391 -0.546157 0.39159 0.74052 -0.633728 -0.771261 -0.0595491 0.615791 7.14306 0.632404</i>
                        <i>0.613478 -0.407301 0.676573 -0.558916 0.381318 0.736349 -0.557905 -0.829881 0.00628325 0.601054 7.18743 0.641602</i>
                        <i>0.67086 -0.294562 0.680574 -0.574252 0.374348 0.728079 -0.469236 -0.879259 0.0819825 0.583991 7.23624 0.654776</i>
                        <i>0.705966 -0.166654 0.68836 -0.600714 0.373952 0.706613 -0.375173 -0.912352 0.163886 0.559323 7.28881 0.670766</i>
                        <i>0.706958 -0.0276991 0.706713 -0.646279 0.380586 0.661421 -0.287286 -0.924331 0.251157 0.521947 7.3443 0.688277</i>
                        <i>0.667676 0.132758 0.732519 -0.714678 0.389799 0.580769 -0.208433 -0.911281 0.355139 0.467594 7.40287 0.704882</i>
                        <i>0.591456 0.313791 0.742775 -0.793469 0.39041 0.466891 -0.143481 -0.865515 0.479893 0.40025 7.46254 0.718401</i>
                        <i>0.488477 0.491931 0.72069 -0.866029 0.374315 0.331485 -0.106697 -0.786061 0.608871 0.327352 7.51982 0.728291</i>
                        <i>0.376441 0.646068 0.663995 -0.920698 0.340566 0.190603 -0.102991 -0.68309 0.723036 0.256062 7.57193 0.734591</i>
                        <i>0.274304 0.763253 0.584981 -0.953464 0.295031 0.0621477 -0.125153 -0.574806 0.808662 0.193087 7.61661 0.737703</i>
                        <i>0.196303 0.840443 0.505094 -0.967959 0.24836 -0.0370603 -0.156592 -0.481635 0.862268 0.144694 7.65187 0.738226</i>
                        <i>0.14787 0.88171 0.44802 -0.972777 0.211395 -0.094961 -0.178437 -0.421782 0.888966 0.116744 7.67512 0.74073</i>
                        <i>0.120713 0.897887 0.423352 -0.975082 0.187211 -0.119023 -0.186125 -0.398436 0.898113 0.106522 7.68759 0.748018</i>
                        <i>0.105722 0.896921 0.429366 -0.977157 0.173757 -0.122365 -0.184357 -0.406621 0.894803 0.107404 7.69314 0.758251</i>
                        <i>0.0955439 0.882023 0.461418 -0.978875 0.167427 -0.117352 -0.180761 -0.440458 0.879387 0.112941 7.69558 0.769581</i>
                        <i>0.0886834 0.851337 0.51707 -0.980098 0.167145 -0.1071 -0.177603 -0.497281 0.849216 0.121778 7.69569 0.781672</i>
                        <i>0.0880503 0.80257 0.590024 -0.980915 0.172944 -0.0888598 -0.173357 -0.57094 0.802481 0.135676 7.69219 0.794657</i>
                        <i>0.0923134 0.737555 0.668947 -0.980878 0.182958 -0.0663634 -0.171336 -0.65003 0.740341 0.152875 7.68569 0.807228</i>
                        <i>0.0991279 0.66107 0.743747 -0.979809 0.195265 -0.0429682 -0.173633 -0.724471 0.667079 0.171499 7.67695 0.818203</i>
                        <i>0.105632 0.581205 0.806872 -0.977941 0.207758 -0.0216248 -0.180203 -0.786789 0.59033 0.189565 7.66697 0.826621</i>
                        <i>0.109325 0.508677 0.853988 -0.975923 0.218059 -0.00495109 -0.188738 -0.832886 0.520269 0.20503 7.62702 0.794006</i>
                        <i>0.107175 0.476754 0.872479 -0.975044 0.222007 -0.00153824 -0.19443 -0.85054 0.48865 0.205119 7.59477 0.755302</i>
                        <i>0.0597456 0.396073 0.916273 -0.977724 0.208244 -0.0262642 -0.201211 -0.894293 0.399692 0.21208 7.61337 0.746183</i>
                        <i>-0.00365069 0.366061 0.930584 -0.983228 0.168377 -0.0700912 -0.182346 -0.915231 0.359307 0.219323 7.64138 0.747722</i>
                        <i>-0.0475275 0.430777 0.901206 -0.985379 0.127563 -0.112942 -0.163613 -0.893397 0.418416 0.221411 7.66163 0.771774</i>
                        <i>-0.0757883 0.50452 0.860067 -0.984315 0.099957 -0.145372 -0.159313 -0.857594 0.489031 0.222431 7.67935 0.79686</i>
                        <i>-0.0726476 0.57908 0.812028 -0.982909 0.096514 -0.156762 -0.16915 -0.809538 0.562172 0.217655 7.68798 0.814239</i>
                        <i>-0.0475077 0.644519 0.763111 -0.983414 0.103698 -0.148805 -0.175041 -0.757524 0.628902 0.218801 7.67543 0.818151</i>
                        <i>-0.0188347 0.695428 0.718349 -0.985205 0.109498 -0.131836 -0.17034 -0.710205 0.683077 0.232047 7.64781 0.80986</i>
                        <i>0.00845738 0.730184 0.683198 -0.986765 0.116736 -0.112549 -0.161935 -0.673204 0.721507 0.247603 7.61477 0.792621</i>
                        <i>0.0334445 0.734977 0.677267 -0.987828 0.12731 -0.0893775 -0.151913 -0.666034 0.730289 0.26573 7.57807 0.766635</i>
                        <i>0.0555616 0.707806 0.704218 -0.98808 0.140394 -0.0631513 -0.143567 -0.692315 0.70717 0.286693 7.53915 0.732829</i>
                        <i>0.0752923 0.658765 0.748571 -0.987413 0.153969 -0.0361822 -0.139092 -0.736425 0.662066 0.310015 7.49891 0.693439</i>
                        <i>0.0938312 0.592154 0.800344 -0.985716 0.168181 -0.00886863 -0.139854 -0.78808 0.599476 0.334785 7.45826 0.650707</i>
                        <i>0.111804 0.513903 0.850532 -0.98293 0.183038 0.0186138 -0.146114 -0.838094 0.525594 0.360123 7.41801 0.606902</i>
                        <i>0.129665 0.432002 0.892503 -0.979058 0.198251 0.0462795 -0.156946 -0.879813 0.448662 0.385195 7.37886 0.564256</i>
                        <i>0.148153 0.355957 0.922684 -0.974202 0.213132 0.0742016 -0.170241 -0.909873 0.37835 0.409212 7.34143 0.524916</i>
                    </KeyFrames>
                </p>
            </i>
            <i>
                <p>
                    <Name><![CDATA[spine2]]></Name>
                    <Exclude>0</Exclude>
                    <Additive>0</Additive>
                    <IKPriority>0</IKPriority>
                    <IKRotLimits>-1e+010 -1e+010 -1e+010 1e+010 1e+010 1e+010</IKRotLimits>
                    <IKRotLimitOrder>0</IKRotLimitOrder>
                    <KeyFrames count="91">
