<?xml version="1.0" encoding="ISO-8859-1" ?>
<Animl Version="1">
    <ModellingPackage><![CDATA[Maya.2010]]></ModellingPackage>
    <SrcFile><![CDATA[anims\turrets\special\blue\~src\firework_cannon\firework_cannon_fire_crewmanb.mb]]></SrcFile>
    <FramesPerSecond>30</FramesPerSecond>
    <TotalFrames>61</TotalFrames>
    <Skeleton>
        <RefFrame>
            <Name><![CDATA[soldier_ref_frame]]></Name>
            <Exclude>0</Exclude>
            <Additive>0</Additive>
            <IKPriority>0</IKPriority>
            <IKRotLimits>-1e+010 -1e+010 -1e+010 1e+010 1e+010 1e+010</IKRotLimits>
            <IKRotLimitOrder>0</IKRotLimitOrder>
            <KeyFrames count="61">
                <i>1 0 0 0 1 0 0 0 1 -1.4 2.45 -0.5</i>
                <i>1 0 0 0 1 0 0 0 1 -1.4 2.45 -0.5</i>
                <i>1 0 0 0 1 0 0 0 1 -1.4 2.45 -0.5</i>
                <i>1 0 0 0 1 0 0 0 1 -1.4 2.45 -0.5</i>
                <i>1 0 0 0 1 0 0 0 1 -1.4 2.45 -0.5</i>
                <i>1 0 0 0 1 0 0 0 1 -1.4 2.45 -0.5</i>
                <i>1 0 0 0 1 0 0 0 1 -1.4 2.45 -0.5</i>
                <i>1 0 0 0 1 0 0 0 1 -1.4 2.45 -0.5</i>
                <i>1 0 0 0 1 0 0 0 1 -1.4 2.45 -0.5</i>
                <i>1 0 0 0 1 0 0 0 1 -1.4 2.45 -0.5</i>
                <i>1 0 0 0 1 0 0 0 1 -1.4 2.45 -0.5</i>
                <i>1 0 0 0 1 0 0 0 1 -1.4 2.45 -0.5</i>
                <i>1 0 0 0 1 0 0 0 1 -1.4 2.45 -0.5</i>
                <i>1 0 0 0 1 0 0 0 1 -1.4 2.45 -0.5</i>
                <i>1 0 0 0 1 0 0 0 1 -1.4 2.45 -0.5</i>
                <i>1 0 0 0 1 0 0 0 1 -1.4 2.45 -0.5</i>
                <i>1 0 0 0 1 0 0 0 1 -1.4 2.45 -0.5</i>
                <i>1 0 0 0 1 0 0 0 1 -1.4 2.45 -0.5</i>
                <i>1 0 0 0 1 0 0 0 1 -1.4 2.45 -0.5</i>
                <i>1 0 0 0 1 0 0 0 1 -1.4 2.45 -0.5</i>
                <i>1 0 0 0 1 0 0 0 1 -1.4 2.45 -0.5</i>
                <i>1 0 0 0 1 0 0 0 1 -1.4 2.45 -0.5</i>
                <i>1 0 0 0 1 0 0 0 1 -1.4 2.45 -0.5</i>
                <i>1 0 0 0 1 0 0 0 1 -1.4 2.45 -0.5</i>
                <i>1 0 0 0 1 0 0 0 1 -1.4 2.45 -0.5</i>
                <i>1 0 0 0 1 0 0 0 1 -1.4 2.45 -0.5</i>
                <i>1 0 0 0 1 0 0 0 1 -1.4 2.45 -0.5</i>
                <i>1 0 0 0 1 0 0 0 1 -1.4 2.45 -0.5</i>
                <i>1 0 0 0 1 0 0 0 1 -1.4 2.45 -0.5</i>
                <i>1 0 0 0 1 0 0 0 1 -1.4 2.45 -0.5</i>
                <i>1 0 0 0 1 0 0 0 1 -1.4 2.45 -0.5</i>
                <i>1 0 0 0 1 0 0 0 1 -1.4 2.45 -0.5</i>
                <i>1 0 0 0 1 0 0 0 1 -1.4 2.45 -0.5</i>
                <i>1 0 0 0 1 0 0 0 1 -1.4 2.45 -0.5</i>
                <i>1 0 0 0 1 0 0 0 1 -1.4 2.45 -0.5</i>
                <i>1 0 0 0 1 0 0 0 1 -1.4 2.45 -0.5</i>
                <i>1 0 0 0 1 0 0 0 1 -1.4 2.45 -0.5</i>
                <i>1 0 0 0 1 0 0 0 1 -1.4 2.45 -0.5</i>
                <i>1 0 0 0 1 0 0 0 1 -1.4 2.45 -0.5</i>
                <i>1 0 0 0 1 0 0 0 1 -1.4 2.45 -0.5</i>
                <i>1 0 0 0 1 0 0 0 1 -1.4 2.45 -0.5</i>
                <i>1 0 0 0 1 0 0 0 1 -1.4 2.45 -0.5</i>
                <i>1 0 0 0 1 0 0 0 1 -1.4 2.45 -0.5</i>
                <i>1 0 0 0 1 0 0 0 1 -1.4 2.45 -0.5</i>
                <i>1 0 0 0 1 0 0 0 1 -1.4 2.45 -0.5</i>
                <i>1 0 0 0 1 0 0 0 1 -1.4 2.45 -0.5</i>
                <i>1 0 0 0 1 0 0 0 1 -1.4 2.45 -0.5</i>
                <i>1 0 0 0 1 0 0 0 1 -1.4 2.45 -0.5</i>
                <i>1 0 0 0 1 0 0 0 1 -1.4 2.45 -0.5</i>
                <i>1 0 0 0 1 0 0 0 1 -1.4 2.45 -0.5</i>
                <i>1 0 0 0 1 0 0 0 1 -1.4 2.45 -0.5</i>
                <i>1 0 0 0 1 0 0 0 1 -1.4 2.45 -0.5</i>
                <i>1 0 0 0 1 0 0 0 1 -1.4 2.45 -0.5</i>
                <i>1 0 0 0 1 0 0 0 1 -1.4 2.45 -0.5</i>
                <i>1 0 0 0 1 0 0 0 1 -1.4 2.45 -0.5</i>
                <i>1 0 0 0 1 0 0 0 1 -1.4 2.45 -0.5</i>
                <i>1 0 0 0 1 0 0 0 1 -1.4 2.45 -0.5</i>
                <i>1 0 0 0 1 0 0 0 1 -1.4 2.45 -0.5</i>
                <i>1 0 0 0 1 0 0 0 1 -1.4 2.45 -0.5</i>
                <i>1 0 0 0 1 0 0 0 1 -1.4 2.45 -0.5</i>
                <i>1 0 0 0 1 0 0 0 1 -1.4 2.45 -0.5</i>
            </KeyFrames>
        </RefFrame>
        <Bones count="23">
            <i>
                <p>
                    <Name><![CDATA[pelvis]]></Name>
                    <Exclude>0</Exclude>
                    <Additive>0</Additive>
                    <IKPriority>0</IKPriority>
                    <IKRotLimits>-1e+010 -1e+010 -1e+010 1e+010 1e+010 1e+010</IKRotLimits>
                    <IKRotLimitOrder>2</IKRotLimitOrder>
                    <KeyFrames count="61">
                        <i>1 0 0 0 1 0 0 0 1 -1.13269 3.56922 -1.15408</i>
                        <i>1 0 0 0 1 0 0 0 1 -1.1429 3.54869 -1.1776</i>
                        <i>1 0 0 0 1 0 0 0 1 -1.14258 3.52816 -1.18918</i>
                        <i>1 0 0 0 1 0 0 0 1 -1.13579 3.50763 -1.19174</i>
                        <i>1 0 0 0 1 0 0 0 1 -1.12664 3.5361 -1.1882</i>
                        <i>1 0 0 0 1 0 0 0 1 -1.1192 3.56303 -1.18148</i>
                        <i>1 0 0 0 1 0 0 0 1 -1.11318 3.58894 -1.16434</i>
                        <i>1 0 0 0 1 0 0 0 1 -1.10584 3.60613 -1.13534</i>
                        <i>1 0 0 0 1 0 0 0 1 -1.09759 3.6129 -1.10605</i>
                        <i>1 0 0 0 1 0 0 0 1 -1.08886 3.61702 -1.08805</i>
                        <i>1 0 0 0 1 0 0 0 1 -1.08006 3.61569 -1.08107</i>
                        <i>1 0 0 0 1 0 0 0 1 -1.0716 3.60613 -1.07693</i>
                        <i>1 0 0 0 1 0 0 0 1 -1.06391 3.58513 -1.07532</i>
                        <i>1 0 0 0 1 0 0 0 1 -1.05741 3.555 -1.07593</i>
                        <i>1 0 0 0 1 0 0 0 1 -1.0525 3.52122 -1.07846</i>
                        <i>1 0 0 0 1 0 0 0 1 -1.04961 3.48927 -1.0826</i>
                        <i>1 0 0 0 1 0 0 0 1 -1.04915 3.51309 -1.08805</i>
                        <i>1 0 0 0 1 0 0 0 1 -1.05879 3.54473 -1.09865</i>
                        <i>1 0 0 0 1 0 0 0 1 -1.08093 3.57246 -1.11581</i>
                        <i>1 0 0 0 1 0 0 0 1 -1.10806 3.58454 -1.1356</i>
                        <i>1 0 0 0 1 0 0 0 1 -1.13269 3.56922 -1.15408</i>
                        <i>1 0 0 0 1 0 0 0 1 -1.1429 3.54869 -1.1776</i>
                        <i>1 0 0 0 1 0 0 0 1 -1.14258 3.52816 -1.18918</i>
                        <i>1 0 0 0 1 0 0 0 1 -1.13579 3.50763 -1.19174</i>
                        <i>1 0 0 0 1 0 0 0 1 -1.12664 3.5361 -1.1882</i>
                        <i>1 0 0 0 1 0 0 0 1 -1.1192 3.56303 -1.18148</i>
                        <i>1 0 0 0 1 0 0 0 1 -1.11318 3.58894 -1.16434</i>
                        <i>1 0 0 0 1 0 0 0 1 -1.10584 3.60613 -1.13534</i>
                        <i>1 0 0 0 1 0 0 0 1 -1.09759 3.6129 -1.10605</i>
                        <i>1 0 0 0 1 0 0 0 1 -1.08886 3.61702 -1.08805</i>
                        <i>1 0 0 0 1 0 0 0 1 -1.08006 3.61569 -1.08107</i>
                        <i>1 0 0 0 1 0 0 0 1 -1.0716 3.60613 -1.07693</i>
                        <i>1 0 0 0 1 0 0 0 1 -1.06391 3.58513 -1.07532</i>
                        <i>1 0 0 0 1 0 0 0 1 -1.05741 3.555 -1.07593</i>
                        <i>1 0 0 0 1 0 0 0 1 -1.0525 3.52122 -1.07846</i>
                        <i>1 0 0 0 1 0 0 0 1 -1.04961 3.48927 -1.0826</i>
                        <i>1 0 0 0 1 0 0 0 1 -1.04915 3.51309 -1.08805</i>
                        <i>1 0 0 0 1 0 0 0 1 -1.05879 3.54473 -1.09865</i>
                        <i>1 0 0 0 1 0 0 0 1 -1.08093 3.57246 -1.11581</i>
                        <i>1 0 0 0 1 0 0 0 1 -1.10806 3.58454 -1.1356</i>
                        <i>1 0 0 0 1 0 0 0 1 -1.13269 3.56922 -1.15408</i>
                        <i>1 0 0 0 1 0 0 0 1 -1.1429 3.54869 -1.1776</i>
                        <i>1 0 0 0 1 0 0 0 1 -1.14258 3.52816 -1.18918</i>
                        <i>1 0 0 0 1 0 0 0 1 -1.13579 3.50763 -1.19174</i>
                        <i>1 0 0 0 1 0 0 0 1 -1.12664 3.5361 -1.1882</i>
                        <i>1 0 0 0 1 0 0 0 1 -1.1192 3.56303 -1.18148</i>
                        <i>1 0 0 0 1 0 0 0 1 -1.11318 3.58894 -1.16434</i>
                        <i>1 0 0 0 1 0 0 0 1 -1.10584 3.60613 -1.13534</i>
                        <i>1 0 0 0 1 0 0 0 1 -1.09759 3.6129 -1.10605</i>
                        <i>1 0 0 0 1 0 0 0 1 -1.08886 3.61702 -1.08805</i>
                        <i>1 0 0 0 1 0 0 0 1 -1.08006 3.61569 -1.08107</i>
                        <i>1 0 0 0 1 0 0 0 1 -1.0716 3.60613 -1.07693</i>
                        <i>1 0 0 0 1 0 0 0 1 -1.06391 3.58513 -1.07532</i>
                        <i>1 0 0 0 1 0 0 0 1 -1.05741 3.555 -1.07593</i>
                        <i>1 0 0 0 1 0 0 0 1 -1.0525 3.52122 -1.07846</i>
                        <i>1 0 0 0 1 0 0 0 1 -1.04961 3.48927 -1.0826</i>
                        <i>1 0 0 0 1 0 0 0 1 -1.04915 3.51309 -1.08805</i>
                        <i>1 0 0 0 1 0 0 0 1 -1.05879 3.54473 -1.09865</i>
                        <i>1 0 0 0 1 0 0 0 1 -1.08093 3.57246 -1.11581</i>
                        <i>1 0 0 0 1 0 0 0 1 -1.10806 3.58454 -1.1356</i>
                        <i>1 0 0 0 1 0 0 0 1 -1.13269 3.56922 -1.15408</i>
                    </KeyFrames>
                </p>
            </i>
            <i>
                <p>
                    <Name><![CDATA[spine0]]></Name>
                    <Exclude>0</Exclude>
                    <Additive>0</Additive>
                    <IKPriority>0</IKPriority>
                    <IKRotLimits>-1e+010 -1e+010 -1e+010 1e+010 1e+010 1e+010</IKRotLimits>
                    <IKRotLimitOrder>0</IKRotLimitOrder>
                    <KeyFrames count="61">
                        <i>-0.00616217 0.910589 0.413267 -0.979859 -0.0879885 0.179262 0.199597 -0.403839 0.892791 -1.1442 3.71203 -1.1411</i>
                        <i>-0.0167788 0.908585 0.417363 -0.988729 -0.077186 0.128282 0.14877 -0.410507 0.89964 -1.15146 3.69175 -1.16508</i>
                        <i>-0.0284156 0.900603 0.433714 -0.995405 -0.0651862 0.0701426 0.0914428 -0.429728 0.898316 -1.14778 3.67141 -1.17702</i>
                        <i>-0.0388534 0.88967 0.454949 -0.998775 -0.0485431 0.00963078 0.0306528 -0.454017 0.890465 -1.13741 3.65099 -1.17977</i>
                        <i>-0.045669 0.879494 0.473713 -0.998472 -0.0254135 -0.0490763 -0.0311236 -0.475231 0.879311 -1.1246 3.67945 -1.17621</i>
                        <i>-0.0492082 0.874619 0.482306 -0.994585 0.00134962 -0.103922 -0.0915429 -0.484808 0.869816 -1.11363 3.70627 -1.16929</i>
                        <i>-0.0514839 0.877311 0.477153 -0.987696 0.025919 -0.154226 -0.147671 -0.479222 0.865182 -1.10436 3.73198 -1.1518</i>
                        <i>-0.0524946 0.884556 0.463471 -0.979134 0.0456478 -0.198022 -0.196318 -0.464195 0.863703 -1.09424 3.74893 -1.12236</i>
                        <i>-0.0523462 0.893247 0.446508 -0.970697 0.0594968 -0.232824 -0.234535 -0.445612 0.863958 -1.08382 3.75548 -1.09264</i>
                        <i>-0.0511319 0.900713 0.431394 -0.964369 0.0677404 -0.25574 -0.259571 -0.4291 0.865157 -1.07368 3.75942 -1.07432</i>
                        <i>-0.0488814 0.904716 0.423202 -0.961982 0.0713435 -0.26363 -0.268703 -0.419999 0.866833 -1.06437 3.75802 -1.06723</i>
                        <i>-0.045075 0.904098 0.424941 -0.967126 0.0670736 -0.245291 -0.25027 -0.422028 0.871354 -1.05699 3.7486 -1.06334</i>
                        <i>-0.0396174 0.900399 0.433258 -0.978921 0.0519693 -0.197516 -0.200359 -0.43195 0.879361 -1.05219 3.72792 -1.06232</i>
                        <i>-0.0331109 0.895582 0.443663 -0.991249 0.0273293 -0.129145 -0.127785 -0.444057 0.88684 -1.04988 3.69813 -1.06355</i>
                        <i>-0.0262008 0.891781 0.451707 -0.998778 -0.00440649 -0.0492335 -0.041915 -0.452445 0.890807 -1.04995 3.66456 -1.06646</i>
                        <i>-0.0195995 0.891265 0.453058 -0.998694 -0.0388371 0.0331971 0.0471829 -0.451816 0.890863 -1.05224 3.6326 -1.07059</i>
                        <i>-0.0135353 0.895074 0.445712 -0.991522 -0.0696251 0.10971 0.129231 -0.440449 0.888428 -1.05655 3.65622 -1.07567</i>
                        <i>-0.00836514 0.9012 0.433322 -0.980866 -0.0916833 0.171743 0.194503 -0.423594 0.884724 -1.06999 3.68757 -1.08572</i>
                        <i>-0.0047968 0.906278 0.422654 -0.972232 -0.103118 0.210077 0.233972 -0.40991 0.881607 -1.09442 3.71506 -1.10244</i>
                        <i>-0.00310936 0.909074 0.416624 -0.971063 -0.102237 0.215834 0.238803 -0.403897 0.883086 -1.12183 3.72711 -1.12217</i>
                        <i>-0.00616217 0.910589 0.413267 -0.979859 -0.0879885 0.179262 0.199597 -0.403839 0.892791 -1.1442 3.71203 -1.1411</i>
                        <i>-0.0167788 0.908585 0.417363 -0.988729 -0.077186 0.128282 0.14877 -0.410507 0.89964 -1.15146 3.69175 -1.16508</i>
                        <i>-0.0284156 0.900603 0.433714 -0.995405 -0.0651862 0.0701426 0.0914428 -0.429728 0.898316 -1.14778 3.67141 -1.17702</i>
                        <i>-0.0388534 0.88967 0.454949 -0.998775 -0.0485431 0.00963078 0.0306528 -0.454017 0.890465 -1.13741 3.65099 -1.17977</i>
                        <i>-0.045669 0.879494 0.473713 -0.998472 -0.0254135 -0.0490763 -0.0311236 -0.475231 0.879311 -1.1246 3.67945 -1.17621</i>
                        <i>-0.0492082 0.874619 0.482306 -0.994585 0.00134962 -0.103922 -0.0915429 -0.484808 0.869816 -1.11363 3.70627 -1.16929</i>
                        <i>-0.0514839 0.877311 0.477153 -0.987696 0.025919 -0.154226 -0.147671 -0.479222 0.865182 -1.10436 3.73198 -1.1518</i>
                        <i>-0.0524946 0.884556 0.463471 -0.979134 0.0456478 -0.198022 -0.196318 -0.464195 0.863703 -1.09424 3.74893 -1.12236</i>
                        <i>-0.0523462 0.893247 0.446508 -0.970697 0.0594968 -0.232824 -0.234535 -0.445612 0.863958 -1.08382 3.75548 -1.09264</i>
                        <i>-0.0511319 0.900713 0.431394 -0.964369 0.0677404 -0.25574 -0.259571 -0.4291 0.865157 -1.07368 3.75942 -1.07432</i>
                        <i>-0.0488814 0.904716 0.423202 -0.961982 0.0713435 -0.26363 -0.268703 -0.419999 0.866833 -1.06437 3.75802 -1.06723</i>
                        <i>-0.045075 0.904098 0.424941 -0.967126 0.0670736 -0.245291 -0.25027 -0.422028 0.871354 -1.05699 3.7486 -1.06334</i>
                        <i>-0.0396174 0.900399 0.433258 -0.978921 0.0519693 -0.197516 -0.200359 -0.43195 0.879361 -1.05219 3.72792 -1.06232</i>
                        <i>-0.0331109 0.895582 0.443663 -0.991249 0.0273293 -0.129145 -0.127785 -0.444057 0.88684 -1.04988 3.69813 -1.06355</i>
                        <i>-0.0262008 0.891781 0.451707 -0.998778 -0.00440649 -0.0492335 -0.041915 -0.452445 0.890807 -1.04995 3.66456 -1.06646</i>
                        <i>-0.0195995 0.891265 0.453058 -0.998694 -0.0388371 0.0331971 0.0471829 -0.451816 0.890863 -1.05224 3.6326 -1.07059</i>
                        <i>-0.0135353 0.895074 0.445712 -0.991522 -0.0696251 0.10971 0.129231 -0.440449 0.888428 -1.05655 3.65622 -1.07567</i>
                        <i>-0.00836514 0.9012 0.433322 -0.980866 -0.0916833 0.171743 0.194503 -0.423594 0.884724 -1.06999 3.68757 -1.08572</i>
                        <i>-0.0047968 0.906278 0.422654 -0.972232 -0.103118 0.210077 0.233972 -0.40991 0.881607 -1.09442 3.71506 -1.10244</i>
                        <i>-0.00310936 0.909074 0.416624 -0.971063 -0.102237 0.215834 0.238803 -0.403897 0.883086 -1.12183 3.72711 -1.12217</i>
                        <i>-0.00616217 0.910589 0.413267 -0.979859 -0.0879885 0.179262 0.199597 -0.403839 0.892791 -1.1442 3.71203 -1.1411</i>
                        <i>-0.0167788 0.908585 0.417363 -0.988729 -0.077186 0.128282 0.14877 -0.410507 0.89964 -1.15146 3.69175 -1.16508</i>
                        <i>-0.0284156 0.900603 0.433714 -0.995405 -0.0651862 0.0701426 0.0914428 -0.429728 0.898316 -1.14778 3.67141 -1.17702</i>
                        <i>-0.0388534 0.88967 0.454949 -0.998775 -0.0485431 0.00963078 0.0306528 -0.454017 0.890465 -1.13741 3.65099 -1.17977</i>
                        <i>-0.045669 0.879494 0.473713 -0.998472 -0.0254135 -0.0490763 -0.0311236 -0.475231 0.879311 -1.1246 3.67945 -1.17621</i>
                        <i>-0.0492082 0.874619 0.482306 -0.994585 0.00134962 -0.103922 -0.0915429 -0.484808 0.869816 -1.11363 3.70627 -1.16929</i>
                        <i>-0.0514839 0.877311 0.477153 -0.987696 0.025919 -0.154226 -0.147671 -0.479222 0.865182 -1.10436 3.73198 -1.1518</i>
                        <i>-0.0524946 0.884556 0.463471 -0.979134 0.0456478 -0.198022 -0.196318 -0.464195 0.863703 -1.09424 3.74893 -1.12236</i>
                        <i>-0.0523462 0.893247 0.446508 -0.970697 0.0594968 -0.232824 -0.234535 -0.445612 0.863958 -1.08382 3.75548 -1.09264</i>
                        <i>-0.0511319 0.900713 0.431394 -0.964369 0.0677404 -0.25574 -0.259571 -0.4291 0.865157 -1.07368 3.75942 -1.07432</i>
                        <i>-0.0488814 0.904716 0.423202 -0.961982 0.0713435 -0.26363 -0.268703 -0.419999 0.866833 -1.06437 3.75802 -1.06723</i>
                        <i>-0.045075 0.904098 0.424941 -0.967126 0.0670736 -0.245291 -0.25027 -0.422028 0.871354 -1.05699 3.7486 -1.06334</i>
                        <i>-0.0396174 0.900399 0.433258 -0.978921 0.0519693 -0.197516 -0.200359 -0.43195 0.879361 -1.05219 3.72792 -1.06232</i>
                        <i>-0.0331109 0.895582 0.443663 -0.991249 0.0273293 -0.129145 -0.127785 -0.444057 0.88684 -1.04988 3.69813 -1.06355</i>
                        <i>-0.0262008 0.891781 0.451707 -0.998778 -0.00440649 -0.0492335 -0.041915 -0.452445 0.890807 -1.04995 3.66456 -1.06646</i>
                        <i>-0.0195995 0.891265 0.453058 -0.998694 -0.0388371 0.0331971 0.0471829 -0.451816 0.890863 -1.05224 3.6326 -1.07059</i>
                        <i>-0.0135353 0.895074 0.445712 -0.991522 -0.0696251 0.10971 0.129231 -0.440449 0.888428 -1.05655 3.65622 -1.07567</i>
                        <i>-0.00836514 0.9012 0.433322 -0.980866 -0.0916833 0.171743 0.194503 -0.423594 0.884724 -1.06999 3.68757 -1.08572</i>
                        <i>-0.0047968 0.906278 0.422654 -0.972232 -0.103118 0.210077 0.233972 -0.40991 0.881607 -1.09442 3.71506 -1.10244</i>
                        <i>-0.00310936 0.909074 0.416624 -0.971063 -0.102237 0.215834 0.238803 -0.403897 0.883086 -1.12183 3.72711 -1.12217</i>
                        <i>-0.00616217 0.910589 0.413267 -0.979859 -0.0879885 0.179262 0.199597 -0.403839 0.892791 -1.1442 3.71203 -1.1411</i>
                    </KeyFrames>
                </p>
            </i>
            <i>
                <p>
                    <Name><![CDATA[spine1]]></Name>
                    <Exclude>0</Exclude>
                    <Additive>0</Additive>
                    <IKPriority>0</IKPriority>
                    <IKRotLimits>-1e+010 -1e+010 -1e+010 1e+010 1e+010 1e+010</IKRotLimits>
                    <IKRotLimitOrder>0</IKRotLimitOrder>
                    <KeyFrames count="61">
                        <i>0.0400205 0.886487 0.46102 -0.982703 -0.0485731 0.178707 0.180815 -0.460197 0.869209 -1.14526 3.86956 -1.06962</i>
                        <i>-0.0104452 0.879162 0.476409 -0.984864 -0.0914806 0.147225 0.173017 -0.46766 0.86681 -1.15437 3.8489 -1.09291</i>
                        <i>-0.0632759 0.843542 0.533323 -0.985431 -0.137342 0.100313 0.157866 -0.519206 0.839943 -1.15271 3.8275 -1.10186</i>
                        <i>-0.107274 0.790907 0.602461 -0.984291 -0.169946 0.0478404 0.140223 -0.587865 0.796714 -1.14417 3.80579 -1.10062</i>
                        <i>-0.132595 0.740352 0.659012 -0.98436 -0.176171 -0.00014028 0.115995 -0.648724 0.752132 -1.13258 3.83318 -1.09343</i>
                        <i>-0.145688 0.715646 0.683101 -0.986087 -0.160905 -0.0417355 0.0800468 -0.679677 0.729131 -1.12225 3.85958 -1.08478</i>
                        <i>-0.158789 0.728198 0.666718 -0.9867 -0.140827 -0.0811844 0.0347738 -0.670742 0.740875 -1.11338 3.88574 -1.0682</i>
                        <i>-0.169047 0.763095 0.623786 -0.985503 -0.121628 -0.118282 -0.0143907 -0.634738 0.772593 -1.10342 3.90368 -1.0413</i>
                        <i>-0.173988 0.80387 0.568789 -0.982816 -0.105587 -0.151409 -0.0616559 -0.585358 0.808427 -1.09295 3.9114 -1.01472</i>
                        <i>-0.172527 0.837218 0.518941 -0.979778 -0.091663 -0.177854 -0.101335 -0.539132 0.836103 -1.08258 3.91636 -0.999172</i>
                        <i>-0.165065 0.853699 0.493915 -0.977913 -0.076563 -0.194482 -0.128214 -0.515108 0.847481 -1.07288 3.9155 -0.993577</i>
                        <i>-0.151053 0.850118 0.504462 -0.97928 -0.0590582 -0.193706 -0.13488 -0.52327 0.841425 -1.06483 3.90592 -0.989412</i>
                        <i>-0.130838 0.832905 0.537727 -0.984026 -0.0430557 -0.17274 -0.120724 -0.551738 0.825234 -1.05908 3.88462 -0.986932</i>
                        <i>-0.106448 0.808784 0.578391 -0.990161 -0.0330842 -0.135969 -0.0908337 -0.587174 0.804348 -1.05565 3.8541 -0.986302</i>
                        <i>-0.0787019 0.786573 0.612462 -0.995902 -0.0345717 -0.0835745 -0.0445636 -0.616529 0.78607 -1.05452 3.81997 -0.987754</i>
                        <i>-0.0492091 0.776969 0.627613 -0.998708 -0.0462449 -0.0210554 0.0126645 -0.627838 0.778241 -1.05565 3.78792 -0.991656</i>
                        <i>-0.0193757 0.786359 0.617466 -0.997327 -0.0587159 0.0434808 0.0704465 -0.614973 0.785395 -1.05891 3.81201 -0.998111</i>
                        <i>0.0103789 0.808488 0.588421 -0.992366 -0.0639924 0.105429 0.122893 -0.585023 0.801652 -1.07145 3.84415 -1.01045</i>
                        <i>0.0343935 0.839735 0.541906 -0.985833 -0.0605623 0.156416 0.164167 -0.539608 0.825756 -1.09526 3.87225 -1.02915</i>
                        <i>0.0468294 0.870186 0.490493 -0.980882 -0.052792 0.187307 0.188886 -0.489887 0.851077 -1.12238 3.88456 -1.05003</i>
                        <i>0.0400205 0.886487 0.46102 -0.982703 -0.0485731 0.178707 0.180815 -0.460197 0.869209 -1.14526 3.86956 -1.06962</i>
                        <i>-0.0104452 0.879162 0.476409 -0.984864 -0.0914806 0.147225 0.173017 -0.46766 0.86681 -1.15437 3.8489 -1.09291</i>
                        <i>-0.0632759 0.843542 0.533323 -0.985431 -0.137342 0.100313 0.157866 -0.519206 0.839943 -1.15271 3.8275 -1.10186</i>
                        <i>-0.107274 0.790907 0.602461 -0.984291 -0.169946 0.0478404 0.140223 -0.587865 0.796714 -1.14417 3.80579 -1.10062</i>
                        <i>-0.132595 0.740352 0.659012 -0.98436 -0.176171 -0.00014028 0.115995 -0.648724 0.752132 -1.13258 3.83318 -1.09343</i>
                        <i>-0.145688 0.715646 0.683101 -0.986087 -0.160905 -0.0417355 0.0800468 -0.679677 0.729131 -1.12225 3.85958 -1.08478</i>
                        <i>-0.158789 0.728198 0.666718 -0.9867 -0.140827 -0.0811844 0.0347738 -0.670742 0.740875 -1.11338 3.88574 -1.0682</i>
                        <i>-0.169047 0.763095 0.623786 -0.985503 -0.121628 -0.118282 -0.0143907 -0.634738 0.772593 -1.10342 3.90368 -1.0413</i>
                        <i>-0.173988 0.80387 0.568789 -0.982816 -0.105587 -0.151409 -0.0616559 -0.585358 0.808427 -1.09295 3.9114 -1.01472</i>
                        <i>-0.172527 0.837218 0.518941 -0.979778 -0.091663 -0.177854 -0.101335 -0.539132 0.836103 -1.08258 3.91636 -0.999172</i>
                        <i>-0.165065 0.853699 0.493915 -0.977913 -0.076563 -0.194482 -0.128214 -0.515108 0.847481 -1.07288 3.9155 -0.993577</i>
                        <i>-0.151053 0.850118 0.504462 -0.97928 -0.0590582 -0.193706 -0.13488 -0.52327 0.841425 -1.06483 3.90592 -0.989412</i>
                        <i>-0.130838 0.832905 0.537727 -0.984026 -0.0430557 -0.17274 -0.120724 -0.551738 0.825234 -1.05908 3.88462 -0.986932</i>
                        <i>-0.106448 0.808784 0.578391 -0.990161 -0.0330842 -0.135969 -0.0908337 -0.587174 0.804348 -1.05565 3.8541 -0.986302</i>
                        <i>-0.0787019 0.786573 0.612462 -0.995902 -0.0345717 -0.0835745 -0.0445636 -0.616529 0.78607 -1.05452 3.81997 -0.987754</i>
                        <i>-0.0492091 0.776969 0.627613 -0.998708 -0.0462449 -0.0210554 0.0126645 -0.627838 0.778241 -1.05565 3.78792 -0.991656</i>
                        <i>-0.0193757 0.786359 0.617466 -0.997327 -0.0587159 0.0434808 0.0704465 -0.614973 0.785395 -1.05891 3.81201 -0.998111</i>
                        <i>0.0103789 0.808488 0.588421 -0.992366 -0.0639924 0.105429 0.122893 -0.585023 0.801652 -1.07145 3.84415 -1.01045</i>
                        <i>0.0343935 0.839735 0.541906 -0.985833 -0.0605623 0.156416 0.164167 -0.539608 0.825756 -1.09526 3.87225 -1.02915</i>
                        <i>0.0468294 0.870186 0.490493 -0.980882 -0.052792 0.187307 0.188886 -0.489887 0.851077 -1.12238 3.88456 -1.05003</i>
                        <i>0.0400205 0.886487 0.46102 -0.982703 -0.0485731 0.178707 0.180815 -0.460197 0.869209 -1.14526 3.86956 -1.06962</i>
                        <i>-0.0104452 0.879162 0.476409 -0.984864 -0.0914806 0.147225 0.173017 -0.46766 0.86681 -1.15437 3.8489 -1.09291</i>
                        <i>-0.0632759 0.843542 0.533323 -0.985431 -0.137342 0.100313 0.157866 -0.519206 0.839943 -1.15271 3.8275 -1.10186</i>
                        <i>-0.107274 0.790907 0.602461 -0.984291 -0.169946 0.0478404 0.140223 -0.587865 0.796714 -1.14417 3.80579 -1.10062</i>
                        <i>-0.132595 0.740352 0.659012 -0.98436 -0.176171 -0.00014028 0.115995 -0.648724 0.752132 -1.13258 3.83318 -1.09343</i>
                        <i>-0.145688 0.715646 0.683101 -0.986087 -0.160905 -0.0417355 0.0800468 -0.679677 0.729131 -1.12225 3.85958 -1.08478</i>
                        <i>-0.158789 0.728198 0.666718 -0.9867 -0.140827 -0.0811844 0.0347738 -0.670742 0.740875 -1.11338 3.88574 -1.0682</i>
                        <i>-0.169047 0.763095 0.623786 -0.985503 -0.121628 -0.118282 -0.0143907 -0.634738 0.772593 -1.10342 3.90368 -1.0413</i>
                        <i>-0.173988 0.80387 0.568789 -0.982816 -0.105587 -0.151409 -0.0616559 -0.585358 0.808427 -1.09295 3.9114 -1.01472</i>
                        <i>-0.172527 0.837218 0.518941 -0.979778 -0.091663 -0.177854 -0.101335 -0.539132 0.836103 -1.08258 3.91636 -0.999172</i>
                        <i>-0.165065 0.853699 0.493915 -0.977913 -0.076563 -0.194482 -0.128214 -0.515108 0.847481 -1.07288 3.9155 -0.993577</i>
                        <i>-0.151053 0.850118 0.504462 -0.97928 -0.0590582 -0.193706 -0.13488 -0.52327 0.841425 -1.06483 3.90592 -0.989412</i>
                        <i>-0.130838 0.832905 0.537727 -0.984026 -0.0430557 -0.17274 -0.120724 -0.551738 0.825234 -1.05908 3.88462 -0.986932</i>
                        <i>-0.106448 0.808784 0.578391 -0.990161 -0.0330842 -0.135969 -0.0908337 -0.587174 0.804348 -1.05565 3.8541 -0.986302</i>
                        <i>-0.0787019 0.786573 0.612462 -0.995902 -0.0345717 -0.0835745 -0.0445636 -0.616529 0.78607 -1.05452 3.81997 -0.987754</i>
                        <i>-0.0492091 0.776969 0.627613 -0.998708 -0.0462449 -0.0210554 0.0126645 -0.627838 0.778241 -1.05565 3.78792 -0.991656</i>
                        <i>-0.0193757 0.786359 0.617466 -0.997327 -0.0587159 0.0434808 0.0704465 -0.614973 0.785395 -1.05891 3.81201 -0.998111</i>
                        <i>0.0103789 0.808488 0.588421 -0.992366 -0.0639924 0.105429 0.122893 -0.585023 0.801652 -1.07145 3.84415 -1.01045</i>
                        <i>0.0343935 0.839735 0.541906 -0.985833 -0.0605623 0.156416 0.164167 -0.539608 0.825756 -1.09526 3.87225 -1.02915</i>
                        <i>0.0468294 0.870186 0.490493 -0.980882 -0.052792 0.187307 0.188886 -0.489887 0.851077 -1.12238 3.88456 -1.05003</i>
                        <i>0.0400205 0.886487 0.46102 -0.982703 -0.0485731 0.178707 0.180815 -0.460197 0.869209 -1.14526 3.86956 -1.06962</i>
                    </KeyFrames>
                </p>
            </i>
            <i>
                <p>
                    <Name><![CDATA[spine2]]></Name>
                    <Exclude>0</Exclude>
                    <Additive>0</Additive>
                    <IKPriority>0</IKPriority>
                    <IKRotLimits>-1e+010 -1e+010 -1e+010 1e+010 1e+010 1e+010</IKRotLimits>
                    <IKRotLimitOrder>0</IKRotLimitOrder>
                    <KeyFrames count="61">
                        <i>0.0825924 0.835621 0.543062 -0.984778 -0.0151953 0.173153 0.152942 -0.549096 0.821646 -1.1389 4.0108 -0.996138</i>
                        <i>0.016078 0.826654 0.562481 -0.980704 -0.0965816 0.169974 0.194835 -0.554361 0.80915 -1.156 3.98894 -1.017</i>
                        <i>-0.05245 0.771747 0.633763 -0.972973 -0.182409 0.1416 0.224883 -0.609208 0.760456 -1.16274 3.96211 -1.01673</i>
                        <i>-0.105619 0.689468 0.716574 -0.963728 -0.248583 0.0971315 0.245097 -0.680323 0.690715 -1.16125 3.93245 -1.00409</i>
                        <i>-0.130636 0.611068 0.780724 -0.95977 -0.275363 0.0549301 0.248549 -0.742139 0.622457 -1.15378 3.95222 -0.98739</i>
                        <i>-0.140968 0.572835 0.807458 -0.962536 -0.270127 0.0235944 0.231632 -0.773881 0.589453 -1.1456 3.97492 -0.974561</i>
                        <i>-0.156593 0.59199 0.790586 -0.967343 -0.253464 -0.00181017 0.199313 -0.765051 0.612348 -1.13883 4.0031 -0.960625</i>
                        <i>-0.171689 0.646402 0.743429 -0.972751 -0.23059 -0.0241547 0.155814 -0.727319 0.668379 -1.13048 4.02649 -0.940804</i>
                        <i>-0.180762 0.710645 0.679933 -0.977745 -0.204696 -0.0459938 0.106494 -0.673115 0.731831 -1.12076 4.04053 -0.923255</i>
                        <i>-0.181063 0.76305 0.62046 -0.981779 -0.177235 -0.068538 0.0576693 -0.621564 0.781238 -1.11012 4.05065 -0.915852</i>
                        <i>-0.173206 0.787574 0.591377 -0.984764 -0.147909 -0.0914435 0.0154515 -0.598205 0.801194 -1.09921 4.05231 -0.914348</i>
                        <i>-0.158931 0.779211 0.606276 -0.98714 -0.114726 -0.111321 -0.0171864 -0.616172 0.787424 -1.08893 4.0421 -0.90853</i>
                        <i>-0.140003 0.748624 0.648044 -0.989312 -0.0788305 -0.122665 -0.0407443 -0.658292 0.75166 -1.07998 4.01805 -0.900729</i>
                        <i>-0.117903 0.706019 0.698309 -0.991517 -0.044965 -0.121947 -0.0546978 -0.706764 0.705332 -1.0727 3.98371 -0.893546</i>
                        <i>-0.0905172 0.664747 0.741564 -0.994728 -0.0243193 -0.0996189 -0.048187 -0.746673 0.663444 -1.06716 3.94609 -0.889483</i>
                        <i>-0.0579932 0.640991 0.765355 -0.998056 -0.0196818 -0.059142 -0.0228459 -0.767296 0.640886 -1.06359 3.91248 -0.890965</i>
                        <i>-0.0219729 0.645823 0.763171 -0.999708 -0.021883 -0.0102649 0.0100712 -0.763174 0.646115 -1.06207 3.93792 -0.899164</i>
                        <i>0.019047 0.673708 0.738752 -0.998686 -0.022335 0.0461174 0.0475697 -0.73866 0.672398 -1.06986 3.97339 -0.916312</i>
                        <i>0.0567392 0.732625 0.678263 -0.994485 -0.0185474 0.103226 0.0882061 -0.68038 0.727532 -1.08983 4.00631 -0.942577</i>
                        <i>0.080907 0.800147 0.594323 -0.988053 -0.0140847 0.153469 0.131169 -0.599639 0.789448 -1.11495 4.02333 -0.971761</i>
                        <i>0.0825924 0.835621 0.543062 -0.984778 -0.0151953 0.173153 0.152942 -0.549096 0.821646 -1.1389 4.0108 -0.996138</i>
                        <i>0.016078 0.826654 0.562481 -0.980704 -0.0965816 0.169974 0.194835 -0.554361 0.80915 -1.156 3.98894 -1.017</i>
                        <i>-0.05245 0.771747 0.633763 -0.972973 -0.182409 0.1416 0.224883 -0.609208 0.760456 -1.16274 3.96211 -1.01673</i>
                        <i>-0.105619 0.689468 0.716574 -0.963728 -0.248583 0.0971315 0.245097 -0.680323 0.690715 -1.16125 3.93245 -1.00409</i>
                        <i>-0.130636 0.611068 0.780724 -0.95977 -0.275363 0.0549301 0.248549 -0.742139 0.622457 -1.15378 3.95222 -0.98739</i>
                        <i>-0.140968 0.572835 0.807458 -0.962536 -0.270127 0.0235944 0.231632 -0.773881 0.589453 -1.1456 3.97492 -0.974561</i>
                        <i>-0.156593 0.59199 0.790586 -0.967343 -0.253464 -0.00181017 0.199313 -0.765051 0.612348 -1.13883 4.0031 -0.960625</i>
                        <i>-0.171689 0.646402 0.743429 -0.972751 -0.23059 -0.0241547 0.155814 -0.727319 0.668379 -1.13048 4.02649 -0.940804</i>
                        <i>-0.180762 0.710645 0.679933 -0.977745 -0.204696 -0.0459938 0.106494 -0.673115 0.731831 -1.12076 4.04053 -0.923255</i>
                        <i>-0.181063 0.76305 0.62046 -0.981779 -0.177235 -0.068538 0.0576693 -0.621564 0.781238 -1.11012 4.05065 -0.915852</i>
                        <i>-0.173206 0.787574 0.591377 -0.984764 -0.147909 -0.0914435 0.0154515 -0.598205 0.801194 -1.09921 4.05231 -0.914348</i>
                        <i>-0.158931 0.779211 0.606276 -0.98714 -0.114726 -0.111321 -0.0171864 -0.616172 0.787424 -1.08893 4.0421 -0.90853</i>
                        <i>-0.140003 0.748624 0.648044 -0.989312 -0.0788305 -0.122665 -0.0407443 -0.658292 0.75166 -1.07998 4.01805 -0.900729</i>
                        <i>-0.117903 0.706019 0.698309 -0.991517 -0.044965 -0.121947 -0.0546978 -0.706764 0.705332 -1.0727 3.98371 -0.893546</i>
                        <i>-0.0905172 0.664747 0.741564 -0.994728 -0.0243193 -0.0996189 -0.048187 -0.746673 0.663444 -1.06716 3.94609 -0.889483</i>
                        <i>-0.0579932 0.640991 0.765355 -0.998056 -0.0196818 -0.059142 -0.0228459 -0.767296 0.640886 -1.06359 3.91248 -0.890965</i>
                        <i>-0.0219729 0.645823 0.763171 -0.999708 -0.021883 -0.0102649 0.0100712 -0.763174 0.646115 -1.06207 3.93792 -0.899164</i>
                        <i>0.019047 0.673708 0.738752 -0.998686 -0.022335 0.0461174 0.0475697 -0.73866 0.672398 -1.06986 3.97339 -0.916312</i>
                        <i>0.0567392 0.732625 0.678263 -0.994485 -0.0185474 0.103226 0.0882061 -0.68038 0.727532 -1.08983 4.00631 -0.942577</i>
                        <i>0.080907 0.800147 0.594323 -0.988053 -0.0140847 0.153469 0.131169 -0.599639 0.789448 -1.11495 4.02333 -0.971761</i>
                        <i>0.0825924 0.835621 0.543062 -0.984778 -0.0151953 0.173153 0.152942 -0.549096 0.821646 -1.1389 4.0108 -0.996138</i>
                        <i>0.016078 0.826654 0.562481 -0.980704 -0.0965816 0.169974 0.194835 -0.554361 0.80915 -1.156 3.98894 -1.017</i>
                        <i>-0.05245 0.771747 0.633763 -0.972973 -0.182409 0.1416 0.224883 -0.609208 0.760456 -1.16274 3.96211 -1.01673</i>
                        <i>-0.105619 0.689468 0.716574 -0.963728 -0.248583 0.0971315 0.245097 -0.680323 0.690715 -1.16125 3.93245 -1.00409</i>
                        <i>-0.130636 0.611068 0.780724 -0.95977 -0.275363 0.0549301 0.248549 -0.742139 0.622457 -1.15378 3.95222 -0.98739</i>
                        <i>-0.140968 0.572835 0.807458 -0.962536 -0.270127 0.0235944 0.231632 -0.773881 0.589453 -1.1456 3.97492 -0.974561</i>
                        <i>-0.156593 0.59199 0.790586 -0.967343 -0.253464 -0.00181017 0.199313 -0.765051 0.612348 -1.13883 4.0031 -0.960625</i>
                        <i>-0.171689 0.646402 0.743429 -0.972751 -0.23059 -0.0241547 0.155814 -0.727319 0.668379 -1.13048 4.02649 -0.940804</i>
                        <i>-0.180762 0.710645 0.679933 -0.977745 -0.204696 -0.0459938 0.106494 -0.673115 0.731831 -1.12076 4.04053 -0.923255</i>
                        <i>-0.181063 0.76305 0.62046 -0.981779 -0.177235 -0.068538 0.0576693 -0.621564 0.781238 -1.11012 4.05065 -0.915852</i>
                        <i>-0.173206 0.787574 0.591377 -0.984764 -0.147909 -0.0914435 0.0154515 -0.598205 0.801194 -1.09921 4.05231 -0.914348</i>
                        <i>-0.158931 0.779211 0.606276 -0.98714 -0.114726 -0.111321 -0.0171864 -0.616172 0.787424 -1.08893 4.0421 -0.90853</i>
                        <i>-0.140003 0.748624 0.648044 -0.989312 -0.0788305 -0.122665 -0.0407443 -0.658292 0.75166 -1.07998 4.01805 -0.900729</i>
                        <i>-0.117903 0.706019 0.698309 -0.991517 -0.044965 -0.121947 -0.0546978 -0.706764 0.705332 -1.0727 3.98371 -0.893546</i>
                        <i>-0.0905172 0.664747 0.741564 -0.994728 -0.0243193 -0.0996189 -0.048187 -0.746673 0.663444 -1.06716 3.94609 -0.889483</i>
                        <i>-0.0579932 0.640991 0.765355 -0.998056 -0.0196818 -0.059142 -0.0228459 -0.767296 0.640886 -1.06359 3.91248 -0.890965</i>
                        <i>-0.0219729 0.645823 0.763171 -0.999708 -0.021883 -0.0102649 0.0100712 -0.763174 0.646115 -1.06207 3.93792 -0.899164</i>
                        <i>0.019047 0.673708 0.738752 -0.998686 -0.022335 0.0461174 0.0475697 -0.73866 0.672398 -1.06986 3.97339 -0.916312</i>
                        <i>0.0567392 0.732625 0.678263 -0.994485 -0.0185474 0.103226 0.0882061 -0.68038 0.727532 -1.08983 4.00631 -0.942577</i>
                        <i>0.080907 0.800147 0.594323 -0.988053 -0.0140847 0.153469 0.131169 -0.599639 0.789448 -1.11495 4.02333 -0.971761</i>
                        <i>0.0825924 0.835621 0.543062 -0.984778 -0.0151953 0.173153 0.152942 -0.549096 0.821646 -1.1389 4.0108 -0.996138</i>
                    </KeyFrames>
                </p>
            </i>
            <i>
                <p>
                    <Name><![CDATA[head]]></Name>
                    <Exclude>0</Exclude>
                    <Additive>0</Additive>
                    <IKPriority>0</IKPriority>
                    <IKRotLimits>-1e+010 -1e+010 -1e+010 1e+010 1e+010 1e+010</IKRotLimits>
                    <IKRotLimitOrder>0</IKRotLimitOrder>
                    <KeyFrames count="61">
                        <i>-0.206332 0.860741 0.465351 0.0553746 0.485094 -0.872707 -0.976914 -0.154299 -0.147754 -1.11903 4.23356 -0.865682</i>
                        <i>-0.197873 0.866026 0.45918 0.041806 0.475471 -0.878737 -0.979336 -0.154682 -0.130288 -1.15333 4.20956 -0.881567</i>
                        <i>-0.192003 0.870884 0.452434 0.0327122 0.466435 -0.88395 -0.980849 -0.154921 -0.118045 -1.17754 4.16965 -0.862456</i>
                        <i>-0.188611 0.876101 0.443704 0.028575 0.456518 -0.889255 -0.981636 -0.155045 -0.111139 -1.18941 4.12016 -0.827466</i>
                        <i>-0.189935 0.872953 0.449308 0.0296094 0.462524 -0.886112 -0.98135 -0.155 -0.113697 -1.18778 4.12082 -0.793</i>
                        <i>-0.192424 0.86878 0.456283 0.032407 0.470345 -0.881887 -0.980777 -0.154909 -0.11866 -1.18142 4.13417 -0.772512</i>
                        <i>-0.194972 0.862046 0.467827 0.033805 0.482604 -0.875186 -0.980226 -0.154822 -0.123236 -1.17781 4.16721 -0.763054</i>
                        <i>-0.198087 0.854745 0.479763 0.0358643 0.495454 -0.867893 -0.979528 -0.154712 -0.128798 -1.17242 4.20414 -0.756059</i>
                        <i>-0.201351 0.849347 0.487922 0.0390655 0.504691 -0.862416 -0.97874 -0.154587 -0.1348 -1.1641 4.23398 -0.755643</i>
                        <i>-0.20465 0.846185 0.492026 0.043409 0.510016 -0.859069 -0.977872 -0.15445 -0.141107 -1.1527 4.25679 -0.764098</i>
                        <i>-0.207736 0.845588 0.491758 0.0487327 0.511047 -0.85817 -0.97697 -0.154308 -0.147371 -1.13917 4.26426 -0.770207</i>
                        <i>-0.21057 0.84689 0.4883 0.0547437 0.508931 -0.859065 -0.976045 -0.154162 -0.153527 -1.12514 4.25193 -0.760375</i>
                        <i>-0.212586 0.850753 0.480652 0.0609723 0.502487 -0.862432 -0.975238 -0.154034 -0.158694 -1.11181 4.22036 -0.741504</i>
                        <i>-0.213576 0.85692 0.469121 0.067056 0.491927 -0.86805 -0.974622 -0.153937 -0.162525 -1.09976 4.17546 -0.720875</i>
                        <i>-0.213868 0.864216 0.455402 0.0729572 0.479018 -0.874768 -0.974134 -0.15386 -0.165497 -1.08839 4.12737 -0.705046</i>
                        <i>-0.213835 0.871081 0.442144 0.0782795 0.466438 -0.881084 -0.973728 -0.153796 -0.167929 -1.07771 4.08733 -0.6998</i>
                        <i>-0.216941 0.867306 0.448015 0.0817307 0.473471 -0.877009 -0.972757 -0.153643 -0.173601 -1.06806 4.11322 -0.708121</i>
                        <i>-0.218716 0.86206 0.457183 0.0811582 0.482974 -0.871866 -0.972408 -0.153587 -0.175598 -1.06611 4.15495 -0.731321</i>
