<?xml version="1.0" encoding="ISO-8859-1" ?>
<Animl Version="1">
    <ModellingPackage><![CDATA[Maya.2010]]></ModellingPackage>
    <SrcFile><![CDATA[anims\turrets\special\blue\~src\firework_cannon\firework_cannon_fire_crewmana.mb]]></SrcFile>
    <FramesPerSecond>30</FramesPerSecond>
    <TotalFrames>61</TotalFrames>
    <Skeleton>
        <RefFrame>
            <Name><![CDATA[soldier_ref_frame]]></Name>
            <Exclude>1</Exclude>
            <Additive>0</Additive>
            <IKPriority>0</IKPriority>
            <IKRotLimits>-1e+010 -1e+010 -1e+010 1e+010 1e+010 1e+010</IKRotLimits>
            <IKRotLimitOrder>0</IKRotLimitOrder>
            <KeyFrames count="61">
                <i>1 0 0 0 1 0 0 0 1 0 5.8 -0.73</i>
                <i>1 0 0 0 1 0 0 0 1 0 5.8 -0.73</i>
                <i>1 0 0 0 1 0 0 0 1 0 5.8 -0.73</i>
                <i>1 0 0 0 1 0 0 0 1 0 5.8 -0.73</i>
                <i>1 0 0 0 1 0 0 0 1 0 5.8 -0.73</i>
                <i>1 0 0 0 1 0 0 0 1 0 5.8 -0.73</i>
                <i>1 0 0 0 1 0 0 0 1 0 5.8 -0.73</i>
                <i>1 0 0 0 1 0 0 0 1 0 5.8 -0.73</i>
                <i>1 0 0 0 1 0 0 0 1 0 5.8 -0.73</i>
                <i>1 0 0 0 1 0 0 0 1 0 5.8 -0.73</i>
                <i>1 0 0 0 1 0 0 0 1 0 5.8 -0.73</i>
                <i>1 0 0 0 1 0 0 0 1 0 5.8 -0.73</i>
                <i>1 0 0 0 1 0 0 0 1 0 5.8 -0.73</i>
                <i>1 0 0 0 1 0 0 0 1 0 5.8 -0.73</i>
                <i>1 0 0 0 1 0 0 0 1 0 5.8 -0.73</i>
                <i>1 0 0 0 1 0 0 0 1 0 5.8 -0.73</i>
                <i>1 0 0 0 1 0 0 0 1 0 5.8 -0.73</i>
                <i>1 0 0 0 1 0 0 0 1 0 5.8 -0.73</i>
                <i>1 0 0 0 1 0 0 0 1 0 5.8 -0.73</i>
                <i>1 0 0 0 1 0 0 0 1 0 5.8 -0.73</i>
                <i>1 0 0 0 1 0 0 0 1 0 5.8 -0.73</i>
                <i>1 0 0 0 1 0 0 0 1 0 5.8 -0.73</i>
                <i>1 0 0 0 1 0 0 0 1 0 5.8 -0.73</i>
                <i>1 0 0 0 1 0 0 0 1 0 5.8 -0.73</i>
                <i>1 0 0 0 1 0 0 0 1 0 5.8 -0.73</i>
                <i>1 0 0 0 1 0 0 0 1 0 5.8 -0.73</i>
                <i>1 0 0 0 1 0 0 0 1 0 5.8 -0.73</i>
                <i>1 0 0 0 1 0 0 0 1 0 5.8 -0.73</i>
                <i>1 0 0 0 1 0 0 0 1 0 5.8 -0.73</i>
                <i>1 0 0 0 1 0 0 0 1 0 5.8 -0.73</i>
                <i>1 0 0 0 1 0 0 0 1 0 5.8 -0.73</i>
                <i>1 0 0 0 1 0 0 0 1 0 5.8 -0.73</i>
                <i>1 0 0 0 1 0 0 0 1 0 5.8 -0.73</i>
                <i>1 0 0 0 1 0 0 0 1 0 5.8 -0.73</i>
                <i>1 0 0 0 1 0 0 0 1 0 5.8 -0.73</i>
                <i>1 0 0 0 1 0 0 0 1 0 5.8 -0.73</i>
                <i>1 0 0 0 1 0 0 0 1 0 5.8 -0.73</i>
                <i>1 0 0 0 1 0 0 0 1 0 5.8 -0.73</i>
                <i>1 0 0 0 1 0 0 0 1 0 5.8 -0.73</i>
                <i>1 0 0 0 1 0 0 0 1 0 5.8 -0.73</i>
                <i>1 0 0 0 1 0 0 0 1 0 5.8 -0.73</i>
                <i>1 0 0 0 1 0 0 0 1 0 5.8 -0.73</i>
                <i>1 0 0 0 1 0 0 0 1 0 5.8 -0.73</i>
                <i>1 0 0 0 1 0 0 0 1 0 5.8 -0.73</i>
                <i>1 0 0 0 1 0 0 0 1 0 5.8 -0.73</i>
                <i>1 0 0 0 1 0 0 0 1 0 5.8 -0.73</i>
                <i>1 0 0 0 1 0 0 0 1 0 5.8 -0.73</i>
                <i>1 0 0 0 1 0 0 0 1 0 5.8 -0.73</i>
                <i>1 0 0 0 1 0 0 0 1 0 5.8 -0.73</i>
                <i>1 0 0 0 1 0 0 0 1 0 5.8 -0.73</i>
                <i>1 0 0 0 1 0 0 0 1 0 5.8 -0.73</i>
                <i>1 0 0 0 1 0 0 0 1 0 5.8 -0.73</i>
                <i>1 0 0 0 1 0 0 0 1 0 5.8 -0.73</i>
                <i>1 0 0 0 1 0 0 0 1 0 5.8 -0.73</i>
                <i>1 0 0 0 1 0 0 0 1 0 5.8 -0.73</i>
                <i>1 0 0 0 1 0 0 0 1 0 5.8 -0.73</i>
                <i>1 0 0 0 1 0 0 0 1 0 5.8 -0.73</i>
                <i>1 0 0 0 1 0 0 0 1 0 5.8 -0.73</i>
                <i>1 0 0 0 1 0 0 0 1 0 5.8 -0.73</i>
                <i>1 0 0 0 1 0 0 0 1 0 5.8 -0.73</i>
                <i>1 0 0 0 1 0 0 0 1 0 5.8 -0.73</i>
            </KeyFrames>
        </RefFrame>
        <Bones count="23">
            <i>
                <p>
                    <Name><![CDATA[pelvis]]></Name>
                    <Exclude>1</Exclude>
                    <Additive>0</Additive>
                    <IKPriority>0</IKPriority>
                    <IKRotLimits>-1e+010 -1e+010 -1e+010 1e+010 1e+010 1e+010</IKRotLimits>
                    <IKRotLimitOrder>2</IKRotLimitOrder>
                    <KeyFrames count="61">
                        <i>1 0 0 0 1 0 0 0 1 0.305738 6.78443 -0.831321</i>
                        <i>1 0 0 0 1 0 0 0 1 0.305738 6.77542 -0.831321</i>
                        <i>1 0 0 0 1 0 0 0 1 0.305738 6.76807 -0.831321</i>
                        <i>1 0 0 0 1 0 0 0 1 0.305738 6.7699 -0.831321</i>
                        <i>1 0 0 0 1 0 0 0 1 0.305738 6.77915 -0.831321</i>
                        <i>1 0 0 0 1 0 0 0 1 0.305738 6.78557 -0.831321</i>
                        <i>1 0 0 0 1 0 0 0 1 0.305738 6.77825 -0.831321</i>
                        <i>1 0 0 0 1 0 0 0 1 0.305738 6.7706 -0.831321</i>
                        <i>1 0 0 0 1 0 0 0 1 0.305738 6.77681 -0.831321</i>
                        <i>1 0 0 0 1 0 0 0 1 0.305738 6.78361 -0.831321</i>
                        <i>1 0 0 0 1 0 0 0 1 0.305738 6.78393 -0.831321</i>
                        <i>1 0 0 0 1 0 0 0 1 0.305738 6.78357 -0.831321</i>
                        <i>1 0 0 0 1 0 0 0 1 0.305738 6.78255 -0.831321</i>
                        <i>1 0 0 0 1 0 0 0 1 0.305738 6.7809 -0.831321</i>
                        <i>1 0 0 0 1 0 0 0 1 0.305738 6.77863 -0.831321</i>
                        <i>1 0 0 0 1 0 0 0 1 0.305738 6.77575 -0.831321</i>
                        <i>1 0 0 0 1 0 0 0 1 0.305738 6.76879 -0.831321</i>
                        <i>1 0 0 0 1 0 0 0 1 0.305738 6.75938 -0.831321</i>
                        <i>1 0 0 0 1 0 0 0 1 0.305738 6.75526 -0.831321</i>
                        <i>1 0 0 0 1 0 0 0 1 0.305738 6.76837 -0.831321</i>
                        <i>1 0 0 0 1 0 0 0 1 0.305738 6.78124 -0.831321</i>
                        <i>1 0 0 0 1 0 0 0 1 0.305738 6.76973 -0.831321</i>
                        <i>1 0 0 0 1 0 0 0 1 0.305738 6.75778 -0.831321</i>
                        <i>1 0 0 0 1 0 0 0 1 0.305738 6.75843 -0.831321</i>
                        <i>1 0 0 0 1 0 0 0 1 0.305738 6.76054 -0.831321</i>
                        <i>1 0 0 0 1 0 0 0 1 0.305738 6.76368 -0.831321</i>
                        <i>1 0 0 0 1 0 0 0 1 0.305738 6.76739 -0.831321</i>
                        <i>1 0 0 0 1 0 0 0 1 0.305738 6.77123 -0.831321</i>
                        <i>1 0 0 0 1 0 0 0 1 0.305738 6.77475 -0.831321</i>
                        <i>1 0 0 0 1 0 0 0 1 0.305738 6.77751 -0.831321</i>
                        <i>1 0 0 0 1 0 0 0 1 0.305738 6.77905 -0.831321</i>
                        <i>1 0 0 0 1 0 0 0 1 0.305738 6.77763 -0.831321</i>
                        <i>1 0 0 0 1 0 0 0 1 0.305738 6.77348 -0.831321</i>
                        <i>1 0 0 0 1 0 0 0 1 0.305738 6.76913 -0.831321</i>
                        <i>1 0 0 0 1 0 0 0 1 0.305738 6.76711 -0.831321</i>
                        <i>1 0 0 0 1 0 0 0 1 0.305738 6.77289 -0.831321</i>
                        <i>1 0 0 0 1 0 0 0 1 0.305738 6.77893 -0.831321</i>
                        <i>1 0 0 0 1 0 0 0 1 0.305738 6.77424 -0.831321</i>
                        <i>1 0 0 0 1 0 0 0 1 0.305738 6.76916 -0.831321</i>
                        <i>1 0 0 0 1 0 0 0 1 0.305738 6.77807 -0.831321</i>
                        <i>1 0 0 0 1 0 0 0 1 0.305738 6.7801 -0.831321</i>
                        <i>1 0 0 0 1 0 0 0 1 0.305738 6.78071 -0.831321</i>
                        <i>1 0 0 0 1 0 0 0 1 0.305738 6.779 -0.831321</i>
                        <i>1 0 0 0 1 0 0 0 1 0.305738 6.76965 -0.831321</i>
                        <i>1 0 0 0 1 0 0 0 1 0.305738 6.76214 -0.831321</i>
                        <i>1 0 0 0 1 0 0 0 1 0.305738 6.76548 -0.831321</i>
                        <i>1 0 0 0 1 0 0 0 1 0.305738 6.77219 -0.831321</i>
                        <i>1 0 0 0 1 0 0 0 1 0.305738 6.77894 -0.831321</i>
                        <i>1 0 0 0 1 0 0 0 1 0.305738 6.78238 -0.831321</i>
                        <i>1 0 0 0 1 0 0 0 1 0.305738 6.78252 -0.831321</i>
                        <i>1 0 0 0 1 0 0 0 1 0.305738 6.78177 -0.831321</i>
                        <i>1 0 0 0 1 0 0 0 1 0.305738 6.78038 -0.831321</i>
                        <i>1 0 0 0 1 0 0 0 1 0.305738 6.77859 -0.831321</i>
                        <i>1 0 0 0 1 0 0 0 1 0.305738 6.77663 -0.831321</i>
                        <i>1 0 0 0 1 0 0 0 1 0.305738 6.77475 -0.831321</i>
                        <i>1 0 0 0 1 0 0 0 1 0.305738 6.7732 -0.831321</i>
                        <i>1 0 0 0 1 0 0 0 1 0.305738 6.7722 -0.831321</i>
                        <i>1 0 0 0 1 0 0 0 1 0.305738 6.77201 -0.831321</i>
                        <i>1 0 0 0 1 0 0 0 1 0.305738 6.77443 -0.831321</i>
                        <i>1 0 0 0 1 0 0 0 1 0.305738 6.7794 -0.831321</i>
                        <i>1 0 0 0 1 0 0 0 1 0.305738 6.78443 -0.831321</i>
                    </KeyFrames>
                </p>
            </i>
            <i>
                <p>
                    <Name><![CDATA[spine0]]></Name>
                    <Exclude>0</Exclude>
                    <Additive>0</Additive>
                    <IKPriority>0</IKPriority>
                    <IKRotLimits>-1e+010 -1e+010 -1e+010 1e+010 1e+010 1e+010</IKRotLimits>
                    <IKRotLimitOrder>0</IKRotLimitOrder>
                    <KeyFrames count="61">
                        <i>0.435709 0.892142 0.119331 -0.878222 0.450416 -0.160782 -0.197189 -0.0347453 0.97975 0.370843 6.90582 -0.872819</i>
                        <i>0.435254 0.892746 0.116443 -0.878762 0.449395 -0.160689 -0.195784 -0.0323849 0.980112 0.370831 6.89705 -0.872137</i>
                        <i>0.434376 0.89404 0.109592 -0.879888 0.447195 -0.160669 -0.192654 -0.0266375 0.980905 0.370817 6.88995 -0.871386</i>
                        <i>0.433843 0.895343 0.100703 -0.881015 0.444971 -0.160667 -0.188662 -0.0190167 0.981858 0.370799 6.89206 -0.870581</i>
                        <i>0.434177 0.896157 0.0916097 -0.881714 0.4436 -0.160622 -0.184581 -0.011035 0.982755 0.370778 6.90159 -0.869739</i>
                        <i>0.435566 0.896231 0.0839779 -0.881756 0.443568 -0.160481 -0.181078 -0.00414781 0.98346 0.370754 6.90829 -0.868875</i>
                        <i>0.437941 0.895499 0.0793034 -0.881053 0.445063 -0.160202 -0.178756 0.000288512 0.983893 0.370727 6.90125 -0.868004</i>
                        <i>0.441666 0.893896 0.0766933 -0.879513 0.448265 -0.159736 -0.177167 0.00309731 0.984176 0.370698 6.89386 -0.867142</i>
                        <i>0.446528 0.891672 0.0743921 -0.877381 0.452646 -0.159105 -0.175543 0.00577469 0.984455 0.370667 6.90033 -0.866305</i>
                        <i>0.451884 0.889157 0.0721163 -0.874981 0.457524 -0.158365 -0.173806 0.00846211 0.984744 0.370636 6.90736 -0.865508</i>
                        <i>0.45714 0.886668 0.069591 -0.872625 0.462268 -0.15759 -0.1719 0.0113139 0.985049 0.370605 6.9079 -0.864768</i>
                        <i>0.461492 0.884608 0.0670356 -0.870697 0.466124 -0.156892 -0.170035 0.0140367 0.985338 0.370575 6.90774 -0.864101</i>
                        <i>0.464218 0.883355 0.0646973 -0.869555 0.46842 -0.156389 -0.168452 0.0163406 0.985574 0.370548 6.90689 -0.863523</i>
                        <i>0.464335 0.883434 0.0627569 -0.869693 0.468212 -0.156245 -0.167416 0.0179708 0.985723 0.370525 6.90536 -0.863049</i>
                        <i>0.461074 0.885238 0.0613533 -0.871478 0.464761 -0.156596 -0.167139 0.0187343 0.985755 0.370508 6.90319 -0.862696</i>
                        <i>0.455119 0.888381 0.0603839 -0.874535 0.458721 -0.157364 -0.167498 0.0188114 0.985693 0.370497 6.90038 -0.86248</i>
                        <i>0.447573 0.892258 0.0596199 -0.878282 0.451146 -0.158389 -0.168221 0.0185274 0.985575 0.370494 6.89344 -0.862418</i>
                        <i>0.439612 0.896257 0.0588678 -0.882141 0.443163 -0.159479 -0.169022 0.018179 0.985445 0.370497 6.88401 -0.862469</i>
                        <i>0.43252 0.899752 0.0580718 -0.885515 0.43603 -0.160439 -0.169677 0.0179698 0.985336 0.370502 6.87986 -0.862584</i>
                        <i>0.427588 0.902161 0.057229 -0.887843 0.431022 -0.161104 -0.170009 0.0180757 0.985277 0.370511 6.89292 -0.862757</i>
                        <i>0.426051 0.902938 0.0564241 -0.888603 0.429369 -0.161328 -0.169896 0.0185954 0.985287 0.370522 6.90573 -0.862984</i>
                        <i>0.4281 0.901997 0.0559691 -0.887703 0.431312 -0.161101 -0.169453 0.0192833 0.98535 0.370536 6.89414 -0.863261</i>
                        <i>0.432785 0.899758 0.0559727 -0.885541 0.435935 -0.160556 -0.168862 0.0199201 0.985438 0.370551 6.8821 -0.863584</i>
                        <i>0.43923 0.896615 0.0562042 -0.882497 0.442332 -0.159818 -0.168157 0.0205971 0.985545 0.370568 6.88264 -0.863948</i>
                        <i>0.446411 0.893044 0.0564664 -0.879031 0.449461 -0.159027 -0.167397 0.0213556 0.985658 0.370586 6.88464 -0.864349</i>
                        <i>0.45333 0.88955 0.0565019 -0.875633 0.456294 -0.158311 -0.166607 0.0222923 0.985771 0.370605 6.88765 -0.864783</i>
                        <i>0.458978 0.886671 0.0561502 -0.872832 0.461807 -0.157794 -0.165842 0.0234144 0.985874 0.370625 6.89122 -0.865246</i>
                        <i>0.462552 0.884861 0.0553774 -0.871069 0.465203 -0.15756 -0.165181 0.0246424 0.985955 0.370645 6.89492 -0.865732</i>
                        <i>0.463569 0.884397 0.0542759 -0.870617 0.466021 -0.157642 -0.164712 0.0258245 0.986004 0.370665 6.89829 -0.866239</i>
                        <i>0.461366 0.885627 0.0529797 -0.871815 0.463628 -0.158075 -0.164558 0.0267419 0.986005 0.370684 6.90089 -0.866761</i>
                        <i>0.456315 0.888322 0.0515786 -0.874446 0.458406 -0.158772 -0.164685 0.0273475 0.985967 0.370703 6.90227 -0.867295</i>
                        <i>0.449419 0.891917 0.0500645 -0.877962 0.451346 -0.159591 -0.164938 0.0277685 0.985913 0.370721 6.90068 -0.867836</i>
                        <i>0.441865 0.895772 0.0484574 -0.881744 0.443622 -0.160394 -0.165174 0.0281457 0.985863 0.370739 6.89635 -0.86838</i>
                        <i>0.434956 0.899232 0.0468528 -0.885152 0.436537 -0.161064 -0.165287 0.0285839 0.985831 0.370755 6.89183 -0.868923</i>
                        <i>0.429983 0.901692 0.0454574 -0.887586 0.431399 -0.161514 -0.165246 0.0291007 0.985823 0.37077 6.88964 -0.869461</i>
                        <i>0.428267 0.902554 0.0445463 -0.888449 0.429554 -0.161681 -0.165061 0.0296654 0.985837 0.370784 6.89524 -0.869989</i>
                        <i>0.43047 0.901535 0.0439324 -0.887465 0.431626 -0.16157 -0.164623 0.0305627 0.985883 0.370797 6.90111 -0.870503</i>
                        <i>0.43581 0.898994 0.0433465 -0.884986 0.436795 -0.161276 -0.163919 0.0319245 0.985957 0.370809 6.89625 -0.871</i>
                        <i>0.443187 0.895414 0.0426545 -0.881485 0.443958 -0.160889 -0.162999 0.0337048 0.98605 0.370819 6.89101 -0.871474</i>
                        <i>0.451278 0.891403 0.0418242 -0.877562 0.451802 -0.160499 -0.161965 0.0357263 0.986149 0.370827 6.89977 -0.871923</i>
                        <i>0.458695 0.887643 0.041105 -0.873878 0.458999 -0.16018 -0.16105 0.0375531 0.986232 0.370835 6.90166 -0.872342</i>
                        <i>0.464088 0.884845 0.0408848 -0.871117 0.46428 -0.159996 -0.160553 0.0386366 0.986271 0.370842 6.90214 -0.872726</i>
                        <i>0.466219 0.883683 0.0417625 -0.869921 0.46652 -0.159991 -0.160864 0.0382606 0.986235 0.370847 6.9003 -0.873073</i>
                        <i>0.465793 0.88381 0.0437912 -0.869952 0.466423 -0.160103 -0.161926 0.0364788 0.986128 0.370851 6.89084 -0.873377</i>
                        <i>0.464228 0.884487 0.0466405 -0.870505 0.46534 -0.160249 -0.163442 0.0337911 0.985974 0.370855 6.88324 -0.873635</i>
                        <i>0.461955 0.885489 0.0500636 -0.871372 0.463659 -0.160409 -0.165253 0.0304779 0.98578 0.370858 6.8865 -0.873869</i>
                        <i>0.459503 0.88655 0.0537132 -0.872304 0.461848 -0.160567 -0.167158 0.0269271 0.985562 0.37086 6.89313 -0.874098</i>
                        <i>0.457174 0.887515 0.0575168 -0.873154 0.460191 -0.160708 -0.169099 0.0232504 0.985325 0.370863 6.8998 -0.874315</i>
                        <i>0.455276 0.888231 0.0614008 -0.87377 0.458981 -0.160818 -0.171025 0.0195664 0.985072 0.370865 6.90316 -0.874514</i>
                        <i>0.453689 0.888759 0.0653766 -0.874216 0.458101 -0.160903 -0.172953 0.0158468 0.984803 0.370866 6.90324 -0.874686</i>
                        <i>0.452071 0.88927 0.0694942 -0.874661 0.457224 -0.160977 -0.174926 0.0119891 0.984509 0.370868 6.90244 -0.874826</i>
                        <i>0.450432 0.889758 0.0737616 -0.875101 0.456362 -0.161037 -0.176946 0.00798721 0.984188 0.370868 6.90102 -0.874925</i>
                        <i>0.448779 0.890216 0.0781878 -0.875529 0.455523 -0.161081 -0.179013 0.00383416 0.983839 0.370869 6.8992 -0.874976</i>
                        <i>0.447119 0.890635 0.0827811 -0.875943 0.454718 -0.16111 -0.181132 -0.000476201 0.983459 0.370869 6.89725 -0.874974</i>
                        <i>0.445459 0.891011 0.0875471 -0.876337 0.453954 -0.161121 -0.183303 -0.00494779 0.983044 0.370868 6.8954 -0.874909</i>
                        <i>0.443804 0.891338 0.0924865 -0.876709 0.453237 -0.161114 -0.185526 -0.0095806 0.982593 0.370867 6.89389 -0.874776</i>
                        <i>0.442156 0.891613 0.0975942 -0.877058 0.452571 -0.161089 -0.187797 -0.0143694 0.982103 0.370865 6.89297 -0.874566</i>
                        <i>0.440519 0.891831 0.102857 -0.877383 0.451956 -0.161043 -0.19011 -0.0193025 0.981573 0.370862 6.89288 -0.874273</i>
                        <i>0.438896 0.891993 0.108255 -0.877685 0.451392 -0.160978 -0.192456 -0.0243613 0.981003 0.370858 6.89544 -0.873889</i>
                        <i>0.43729 0.892097 0.113758 -0.877965 0.450879 -0.160891 -0.194821 -0.0295198 0.980394 0.370852 6.90059 -0.873407</i>
                        <i>0.435709 0.892142 0.119331 -0.878222 0.450416 -0.160782 -0.197189 -0.0347453 0.97975 0.370843 6.90582 -0.872819</i>
                    </KeyFrames>
                </p>
            </i>
            <i>
                <p>
                    <Name><![CDATA[spine1]]></Name>
                    <Exclude>0</Exclude>
                    <Additive>0</Additive>
                    <IKPriority>0</IKPriority>
                    <IKRotLimits>-1e+010 -1e+010 -1e+010 1e+010 1e+010 1e+010</IKRotLimits>
                    <IKRotLimitOrder>0</IKRotLimitOrder>
                    <KeyFrames count="61">
                        <i>0.436489 0.812102 0.387257 -0.778314 0.556748 -0.290274 -0.451337 -0.174706 0.875085 0.445399 7.05848 -0.852397</i>
                        <i>0.438085 0.818195 0.372342 -0.778716 0.552342 -0.297523 -0.449092 -0.159608 0.879114 0.445169 7.04952 -0.852245</i>
                        <i>0.438671 0.83003 0.344409 -0.778235 0.542523 -0.316257 -0.449353 -0.129298 0.883948 0.444821 7.04227 -0.852707</i>
                        <i>0.440308 0.84322 0.308397 -0.776266 0.530118 -0.341154 -0.451155 -0.0891853 0.887978 0.444511 7.04418 -0.853461</i>
                        <i>0.444535 0.854256 0.269508 -0.772682 0.517895 -0.367079 -0.453157 -0.0450644 0.890291 0.444349 7.05345 -0.854203</i>
                        <i>0.452028 0.861021 0.233054 -0.768036 0.50856 -0.389213 -0.453643 -0.00305889 0.891178 0.44438 7.05979 -0.854664</i>
                        <i>0.462696 0.862681 0.20419 -0.763377 0.504822 -0.403001 -0.450741 0.0305931 0.89213 0.444597 7.0523 -0.85461</i>
                        <i>0.477479 0.859604 0.18192 -0.759761 0.507927 -0.405923 -0.441335 0.0556041 0.895618 0.445055 7.04436 -0.854211</i>
                        <i>0.495524 0.853233 0.162629 -0.758034 0.516217 -0.398628 -0.424075 0.0742516 0.902578 0.445715 7.0502 -0.85378</i>
                        <i>0.515413 0.844405 0.146046 -0.758875 0.528919 -0.379938 -0.398068 0.0849938 0.91341 0.446471 7.05659 -0.853383</i>
                        <i>0.535753 0.83414 0.131068 -0.761751 0.544438 -0.351174 -0.364286 0.0883013 0.927091 0.447223 7.05652 -0.85308</i>
                        <i>0.554114 0.82406 0.117826 -0.765651 0.560075 -0.316379 -0.326706 0.0850968 0.941287 0.447843 7.05585 -0.852852</i>
                        <i>0.568401 0.815799 0.106734 -0.770148 0.573206 -0.279834 -0.289469 0.0768575 0.954097 0.448214 7.05468 -0.852673</i>
                        <i>0.577539 0.810399 0.098497 -0.776371 0.582535 -0.240628 -0.252383 0.062502 0.965607 0.448174 7.05311 -0.852528</i>
                        <i>0.58004 0.809257 0.0930399 -0.785175 0.585852 -0.200694 -0.21692 0.0433576 0.975226 0.447595 7.0512 -0.852412</i>
                        <i>0.575834 0.812645 0.0895665 -0.795748 0.582234 -0.166698 -0.187615 0.0247182 0.981932 0.446588 7.04892 -0.852358</i>
                        <i>0.565819 0.819866 0.087566 -0.8072 0.572454 -0.143961 -0.168156 0.0107727 0.985701 0.445339 7.04265 -0.852421</i>
                        <i>0.55187 0.829439 0.086434 -0.818602 0.558589 -0.133676 -0.159157 0.00301678 0.987249 0.444041 7.03396 -0.852595</i>
                        <i>0.53656 0.839523 0.0854602 -0.828461 0.543319 -0.135856 -0.160486 0.00209428 0.987036 0.4429 7.03047 -0.852838</i>
                        <i>0.522546 0.848458 0.084047 -0.835054 0.529195 -0.150457 -0.172134 0.00843684 0.985038 0.442131 7.04404 -0.853146</i>
                        <i>0.512694 0.854695 0.0814988 -0.836657 0.518662 -0.176053 -0.192742 0.0220747 0.981001 0.441936 7.05709 -0.853502</i>
                        <i>0.50909 0.857126 0.0785012 -0.832974 0.513597 -0.205846 -0.216754 0.0394045 0.975431 0.442336 7.04543 -0.853851</i>
                        <i>0.511396 0.855961 0.0761868 -0.825519 0.513961 -0.233157 -0.238731 0.0563422 0.96945 0.443162 7.03306 -0.85417</i>
                        <i>0.518868 0.851541 0.0751953 -0.816032 0.519591 -0.253213 -0.254692 0.0700223 0.964484 0.444264 7.03309 -0.854495</i>
                        <i>0.529796 0.844715 0.0759762 -0.806129 0.529377 -0.264416 -0.263577 0.0788401 0.961411 0.445477 7.03447 -0.854853</i>
                        <i>0.542755 0.836219 0.0784555 -0.79742 0.542385 -0.264461 -0.2637 0.0809755 0.9612 0.44664 7.03686 -0.855283</i>
                        <i>0.556406 0.826815 0.0823984 -0.79132 0.557529 -0.250946 -0.253425 0.0744242 0.964488 0.447595 7.03993 -0.855806</i>
                        <i>0.568929 0.817737 0.0873244 -0.78835 0.572531 -0.225193 -0.234145 0.0592767 0.970393 0.448215 7.04332 -0.856422</i>
                        <i>0.577712 0.810987 0.0924618 -0.788333 0.583736 -0.194379 -0.211612 0.0394046 0.976559 0.448421 7.04664 -0.857112</i>
                        <i>0.579915 0.808831 0.0974218 -0.792016 0.587747 -0.165119 -0.190812 0.0185951 0.98145 0.448098 7.04949 -0.857849</i>
                        <i>0.575103 0.811692 0.10204 -0.799138 0.584085 -0.142205 -0.175027 0.000238982 0.984564 0.447308 7.0514 -0.858614</i>
                        <i>0.564198 0.8188 0.106048 -0.808573 0.57394 -0.129624 -0.167001 -0.0126145 0.985876 0.446221 7.05052 -0.859404</i>
                        <i>0.54914 0.82853 0.109466 -0.818773 0.559615 -0.128226 -0.167498 -0.0192133 0.985685 0.445035 7.04698 -0.860212</i>
                        <i>0.532633 0.838868 0.112255 -0.827865 0.543966 -0.136897 -0.175901 -0.0200165 0.984204 0.443966 7.04319 -0.861018</i>
                        <i>0.517526 0.848001 0.114287 -0.833949 0.529773 -0.154501 -0.191563 -0.0153512 0.98136 0.443225 7.04158 -0.861783</i>
                        <i>0.506673 0.854382 0.115388 -0.835087 0.519623 -0.180615 -0.214272 -0.00484617 0.976762 0.443028 7.0475 -0.862457</i>
                        <i>0.502991 0.856602 0.115032 -0.830536 0.515879 -0.209951 -0.239187 0.0100658 0.970921 0.443474 7.05332 -0.86307</i>
                        <i>0.506552 0.854701 0.113542 -0.821889 0.518458 -0.236008 -0.260582 0.0262314 0.965095 0.444423 7.04811 -0.863662</i>
                        <i>0.516249 0.84911 0.111802 -0.81133 0.52668 -0.253675 -0.274282 0.0402509 0.960807 0.445685 7.04227 -0.864253</i>
                        <i>0.529664 0.840954 0.110693 -0.800855 0.538812 -0.261369 -0.279442 0.0497882 0.958871 0.447043 7.05032 -0.864843</i>
                        <i>0.544151 0.831538 0.111552 -0.792143 0.553013 -0.258237 -0.276423 0.0521548 0.95962 0.44828 7.05153 -0.865386</i>
                        <i>0.557351 0.822192 0.115583 -0.786637 0.567453 -0.24331 -0.265635 0.0446877 0.963037 0.449182 7.05151 -0.865808</i>
                        <i>0.566861 0.814495 0.123554 -0.785415 0.579582 -0.217274 -0.248578 0.0261227 0.968259 0.449553 7.04949 -0.866006</i>
                        <i>0.57305 0.808438 0.134319 -0.786998 0.588581 -0.18495 -0.228579 0.000276951 0.973525 0.449513 7.0401 -0.865966</i>
                        <i>0.577402 0.80321 0.146493 -0.789213 0.595041 -0.151885 -0.209165 -0.0279153 0.977482 0.449296 7.0327 -0.865739</i>
                        <i>0.579747 0.798962 0.159854 -0.791696 0.598748 -0.121318 -0.19264 -0.056222 0.979658 0.448971 7.03623 -0.865388</i>
                        <i>0.580604 0.79537 0.174029 -0.794093 0.600381 -0.0946469 -0.179763 -0.0832427 0.980182 0.448619 7.04316 -0.864994</i>
                        <i>0.579313 0.792874 0.189069 -0.796229 0.600093 -0.0768605 -0.174399 -0.106016 0.978951 0.44829 7.05012 -0.864561</i>
                        <i>0.575189 0.791908 0.205034 -0.797878 0.598396 -0.0728871 -0.180411 -0.121668 0.976037 0.44804 7.05373 -0.864093</i>
                        <i>0.568627 0.792155 0.221704 -0.799064 0.595925 -0.0798164 -0.195346 -0.13177 0.971842 0.447847 7.05405 -0.863582</i>
                        <i>0.560593 0.792935 0.238724 -0.800027 0.593016 -0.0910403 -0.213757 -0.139949 0.96681 0.447654 7.05349 -0.863011</i>
                        <i>0.551196 0.794168 0.25589 -0.800599 0.589773 -0.105874 -0.234999 -0.146507 0.960891 0.447459 7.05231 -0.862373</i>
                        <i>0.540565 0.795779 0.272993 -0.800627 0.58627 -0.123632 -0.258431 -0.151734 0.954039 0.447261 7.05074 -0.861659</i>
                        <i>0.528857 0.797689 0.289832 -0.799991 0.582568 -0.143628 -0.283417 -0.155904 0.946239 0.447061 7.04902 -0.86086</i>
                        <i>0.51626 0.799818 0.306214 -0.798619 0.578726 -0.165179 -0.309327 -0.159273 0.937523 0.446856 7.04739 -0.859969</i>
                        <i>0.502995 0.802081 0.321967 -0.796496 0.574801 -0.187608 -0.335544 -0.162079 0.927976 0.446644 7.04608 -0.858979</i>
                        <i>0.489314 0.804389 0.336942 -0.793668 0.570863 -0.210252 -0.361472 -0.164541 0.917749 0.446423 7.04533 -0.857885</i>
                        <i>0.475503 0.806647 0.351023 -0.790243 0.566991 -0.232459 -0.38654 -0.166859 0.907053 0.44619 7.04539 -0.856681</i>
                        <i>0.461872 0.808755 0.364128 -0.786388 0.563277 -0.253601 -0.410206 -0.169215 0.896157 0.445943 7.04804 -0.855366</i>
                        <i>0.448751 0.81061 0.37621 -0.782324 0.559824 -0.273068 -0.431963 -0.171779 0.885381 0.44568 7.05324 -0.853938</i>
                        <i>0.436489 0.812102 0.387257 -0.778314 0.556748 -0.290274 -0.451337 -0.174706 0.875085 0.445399 7.05848 -0.852397</i>
                    </KeyFrames>
                </p>
            </i>
            <i>
                <p>
                    <Name><![CDATA[spine2]]></Name>
                    <Exclude>0</Exclude>
                    <Additive>0</Additive>
                    <IKPriority>0</IKPriority>
                    <IKRotLimits>-1e+010 -1e+010 -1e+010 1e+010 1e+010 1e+010</IKRotLimits>
                    <IKRotLimitOrder>0</IKRotLimitOrder>
                    <KeyFrames count="61">
                        <i>0.375214 0.737662 0.561311 -0.670992 0.633935 -0.384572 -0.639518 -0.232338 0.732827 0.513963 7.18638 -0.79145</i>
                        <i>0.376962 0.747854 0.546456 -0.667083 0.628508 -0.399973 -0.642573 -0.213757 0.735804 0.513858 7.17816 -0.79376</i>
                        <i>0.376683 0.768865 0.516678 -0.655545 0.615334 -0.43775 -0.6545 -0.173813 0.735812 0.513431 7.17248 -0.798754</i>
                        <i>0.377343 0.794037 0.476568 -0.638332 0.595844 -0.487343 -0.670929 -0.120313 0.731696 0.513187 7.17614 -0.805296</i>
                        <i>0.38133 0.817573 0.431465 -0.618188 0.572546 -0.538548 -0.687336 -0.0613624 0.723743 0.513498 7.18681 -0.812244</i>
                        <i>0.389959 0.835315 0.387533 -0.599048 0.549748 -0.582167 -0.699338 -0.00512938 0.714773 0.514525 7.19391 -0.818491</i>
                        <i>0.403476 0.844854 0.351325 -0.58568 0.533466 -0.61024 -0.702983 0.0404528 0.710055 0.516254 7.18643 -0.823004</i>
                        <i>0.422889 0.846484 0.323466 -0.5818 0.527291 -0.619251 -0.694747 0.0736823 0.71547 0.518879 7.17778 -0.826122</i>
                        <i>0.446939 0.842293 0.301312 -0.58795 0.530441 -0.610694 -0.674211 0.0957867 0.732301 0.522227 7.18242 -0.828724</i>
                        <i>0.474566 0.83281 0.284982 -0.604626 0.543717 -0.582064 -0.639699 0.10392 0.761568 0.52597 7.18726 -0.830921</i>
                        <i>0.504462 0.819285 0.272561 -0.628516 0.564877 -0.534679 -0.592018 0.0984165 0.799893 0.529793 7.18543 -0.832951</i>
                        <i>0.53337 0.803942 0.263047 -0.653997 0.589156 -0.474535 -0.536474 0.0810704 0.840014 0.533197 7.18307 -0.834775</i>
                        <i>0.558413 0.789069 0.256018 -0.677143 0.611845 -0.408807 -0.47922 0.0549223 0.875974 0.535742 7.18052 -0.836309</i>
                        <i>0.579892 0.774672 0.252208 -0.698519 0.632097 -0.335445 -0.41928 0.0183496 0.907671 0.537104 7.17804 -0.837432</i>
                        <i>0.596603 0.762351 0.250771 -0.717873 0.646636 -0.257916 -0.35878 -0.0261478 0.933056 0.536926 7.17591 -0.838151</i>
                        <i>0.606319 0.754893 0.250028 -0.733854 0.652268 -0.189751 -0.306327 -0.0684347 0.949463 0.5353 7.17413 -0.838626</i>
                        <i>0.607818 0.753879 0.249447 -0.747008 0.64939 -0.142383 -0.269328 -0.099796 0.957864 0.532547 7.16899 -0.83899</i>
                        <i>0.601792 0.75886 0.248954 -0.758552 0.64063 -0.119128 -0.249889 -0.117154 0.961161 0.529144 7.16182 -0.83933</i>
                        <i>0.589935 0.768439 0.247948 -0.768172 0.628731 -0.120872 -0.248775 -0.11916 0.961203 0.525688 7.15996 -0.839714</i>
                        <i>0.574068 0.78123 0.245205 -0.774165 0.615391 -0.148197 -0.266672 -0.104754 0.958077 0.5228 7.17499 -0.840232</i>
                        <i>0.556741 0.795567 0.238981 -0.773953 0.601283 -0.198635 -0.301722 -0.0743716 0.950491 0.521119 7.18911 -0.840975</i>
                        <i>0.542219 0.808181 0.229873 -0.766666 0.587819 -0.258247 -0.343835 -0.0362094 0.938332 0.520984 7.17792 -0.841783</i>
                        <i>0.532964 0.816989 0.220175 -0.754624 0.576652 -0.313073 -0.382742 0.000707167 0.923855 0.522171 7.16544 -0.842462</i>
                        <i>0.530297 0.820826 0.212202 -0.741404 0.570381 -0.353533 -0.411225 0.0301501 0.911035 0.524417 7.1648 -0.842944</i>
                        <i>0.533623 0.819828 0.207676 -0.729858 0.570474 -0.376652 -0.427264 0.0494164 0.902776 0.527298 7.16512 -0.843187</i>
                        <i>0.542892 0.813792 0.207391 -0.722693 0.578505 -0.378216 -0.427766 0.0554505 0.902187 0.530446 7.16617 -0.843237</i>
                        <i>0.558183 0.802323 0.211448 -0.721629 0.595211 -0.353519 -0.409493 0.0447414 0.911216 0.533508 7.16775 -0.843149</i>
                        <i>0.577593 0.786461 0.218784 -0.72536 0.617403 -0.304413 -0.374486 0.0171296 0.927074 0.536082 7.16973 -0.842998</i>
                        <i>0.59627 0.769976 0.227155 -0.730568 0.637745 -0.244031 -0.332765 -0.020444 0.942788 0.537683 7.17201 -0.842885</i>
                        <i>0.60958 0.757022 0.235222 -0.736551 0.650585 -0.185017 -0.293094 -0.0604698 0.954169 0.537754 7.17455 -0.842844</i>
                        <i>0.615474 0.749937 0.242459 -0.743474 0.654535 -0.137223 -0.261606 -0.0958052 0.960408 0.53628 7.17695 -0.842883</i>
                        <i>0.613151 0.74986 0.248507 -0.751462 0.650668 -0.109253 -0.24362 -0.119755 0.962449 0.533574 7.17724 -0.843038</i>
                        <i>0.603477 0.756013 0.253496 -0.760142 0.641466 -0.103468 -0.240832 -0.130253 0.961787 0.530132 7.17531 -0.8433</i>
                        <i>0.588539 0.766485 0.257143 -0.768041 0.629394 -0.118219 -0.252457 -0.127919 0.959115 0.526581 7.17326 -0.843655</i>
                        <i>0.570657 0.779419 0.258567 -0.772865 0.616177 -0.151676 -0.277542 -0.113283 0.954011 0.523569 7.17322 -0.844085</i>
                        <i>0.552045 0.793367 0.256545 -0.771704 0.602663 -0.203149 -0.315782 -0.0858288 0.944942 0.521749 7.18028 -0.844571</i>
                        <i>0.537333 0.805298 0.250537 -0.763254 0.590709 -0.261737 -0.358771 -0.0505835 0.932054 0.521664 7.18657 -0.845228</i>
                        <i>0.529399 0.813069 0.242189 -0.750196 0.581961 -0.313891 -0.39616 -0.0155154 0.918051 0.523183 7.18115 -0.846048</i>
                        <i>0.529439 0.815427 0.234038 -0.736885 0.578725 -0.349397 -0.420352 0.0125254 0.907275 0.525944 7.17446 -0.846913</i>
                        <i>0.536164 0.812673 0.228234 -0.726555 0.581945 -0.365319 -0.429705 0.0300464 0.902469 0.529367 7.18122 -0.847683</i>
                        <i>0.547787 0.805238 0.226984 -0.721029 0.592 -0.360073 -0.424319 0.0335813 0.90489 0.532835 7.18092 -0.848096</i>
                        <i>0.562921 0.793356 0.231747 -0.721019 0.608445 -0.331552 -0.404044 0.0195438 0.914531 0.535784 7.17941 -0.847892</i>
                        <i>0.579631 0.778009 0.242342 -0.725818 0.628112 -0.280472 -0.370428 -0.0133257 0.928766 0.53766 7.17619 -0.846843</i>
                        <i>0.596387 0.76079 0.255972 -0.731865 0.646349 -0.215887 -0.329692 -0.0585843 0.942269 0.538633 7.16588 -0.845115</i>
                        <i>0.6121 0.743075 0.270506 -0.735976 0.660441 -0.148856 -0.289265 -0.107971 0.951141 0.539165 7.15771 -0.842975</i>
                        <i>0.625104 0.726318 0.285845 -0.738145 0.669136 -0.0860176 -0.253745 -0.157225 0.954408 0.539288 7.16064 -0.840522</i>
                        <i>0.635065 0.710993 0.301962 -0.738998 0.673018 -0.0304666 -0.224887 -0.203801 0.952833 0.539153 7.16708 -0.837896</i>
                        <i>0.639521 0.699301 0.319359 -0.739635 0.672966 0.00753703 -0.209647 -0.241029 0.947604 0.538704 7.17373 -0.835092</i>
                        <i>0.635961 0.693457 0.338631 -0.741222 0.671021 0.0179095 -0.214809 -0.262391 0.940749 0.537886 7.17729 -0.832105</i>
                        <i>0.625757 0.692262 0.359445 -0.74348 0.668728 0.0064055 -0.235937 -0.271249 0.933144 0.536742 7.17776 -0.828957</i>
                        <i>0.612244 0.692839 0.380961 -0.745523 0.666339 -0.0137116 -0.263349 -0.275621 0.924489 0.535365 7.17745 -0.825689</i>
                        <i>0.595663 0.694941 0.402794 -0.746722 0.663866 -0.0410966 -0.295961 -0.276295 0.914368 0.533772 7.17659 -0.822324</i>
                        <i>0.576295 0.698317 0.424544 -0.746471 0.661249 -0.0743705 -0.332663 -0.27405 0.902348 0.531978 7.17541 -0.818888</i>
                        <i>0.55448 0.702706 0.445822 -0.744265 0.658406 -0.112121 -0.37232 -0.269641 0.888072 0.530007 7.17412 -0.815404</i>
                        <i>0.53062 0.707835 0.466274 -0.739752 0.655275 -0.152913 -0.413775 -0.263789 0.871324 0.527882 7.17295 -0.811897</i>
                        <i>0.505189 0.713421 0.485606 -0.732777 0.651838 -0.19531 -0.455875 -0.257172 0.85208 0.525634 7.17212 -0.80839</i>
                        <i>0.478729 0.719169 0.503601 -0.723405 0.648142 -0.237903 -0.497497 -0.250416 0.830535 0.523299 7.17185 -0.804903</i>
                        <i>0.451839 0.724776 0.520136 -0.711932 0.6443 -0.279339 -0.537582 -0.244085 0.807111 0.520916 7.17234 -0.801455</i>
                        <i>0.425166 0.729934 0.535193 -0.698872 0.640492 -0.318352 -0.575163 -0.238678 0.782445 0.518533 7.17539 -0.798058</i>
                        <i>0.39939 0.734333 0.548856 -0.684936 0.636947 -0.35378 -0.609385 -0.234635 0.757362 0.516197 7.18091 -0.794722</i>
                        <i>0.375214 0.737662 0.561311 -0.670992 0.633935 -0.384572 -0.639518 -0.232338 0.732827 0.513963 7.18638 -0.79145</i>
                    </KeyFrames>
                </p>
            </i>
            <i>
                <p>
                    <Name><![CDATA[head]]></Name>
                    <Exclude>0</Exclude>
                    <Additive>0</Additive>
                    <IKPriority>0</IKPriority>
                    <IKRotLimits>-1e+010 -1e+010 -1e+010 1e+010 1e+010 1e+010</IKRotLimits>
                    <IKRotLimitOrder>0</IKRotLimitOrder>
                    <KeyFrames count="61">
                        <i>0.312829 0.914282 -0.257346 -0.334601 -0.147493 -0.930746 -0.888921 0.377273 0.25978 0.617114 7.37943 -0.657403</i>
                        <i>0.307179 0.904903 -0.294606 -0.328091 -0.189893 -0.925363 -0.893307 0.38091 0.23856 0.617281 7.37336 -0.663362</i>
                        <i>0.303287 0.892508 -0.333835 -0.318997 -0.235027 -0.918152 -0.897919 0.384956 0.213427 0.616611 7.37228 -0.675668</i>
                        <i>0.301973 0.878745 -0.36962 -0.308487 -0.276786 -0.910069 -0.902024 0.388839 0.1875 0.616355 7.38143 -0.692013</i>
                        <i>0.303034 0.86614 -0.397457 -0.298124 -0.309973 -0.902795 -0.905148 0.392069 0.164285 0.617478 7.39716 -0.709935</i>
                        <i>0.305399 0.857685 -0.413652 -0.289783 -0.330089 -0.898369 -0.90706 0.39423 0.147734 0.620461 7.40794 -0.726852</i>
                        <i>0.307698 0.85634 -0.414734 -0.285457 -0.33272 -0.898783 -0.907654 0.394943 0.142071 0.62533 7.40225 -0.740206</i>
                        <i>0.309937 0.860584 -0.404146 -0.283817 -0.32195 -0.903215 -0.907407 0.394643 0.144464 0.632446 7.39358 -0.750188</i>
                        <i>0.312506 0.866804 -0.388576 -0.282743 -0.305644 -0.909196 -0.906861 0.393996 0.149567 0.641292 7.39688 -0.758249</i>
                        <i>0.315366 0.87434 -0.368882 -0.28226 -0.2847 -0.916119 -0.906021 0.393034 0.157006 0.651309 7.39919 -0.764472</i>
                        <i>0.318564 0.882618 -0.345691 -0.282321 -0.259794 -0.923473 -0.904882 0.391781 0.166421 0.661903 7.39394 -0.769564</i>
                        <i>0.321898 0.891163 -0.319702 -0.28342 -0.231489 -0.930637 -0.903357 0.390181 0.178057 0.671848 7.38781 -0.773714</i>
                        <i>0.325226 0.899512 -0.29173 -0.285998 -0.20049 -0.937021 -0.90135 0.388178 0.192054 0.680075 7.38163 -0.776927</i>
                        <i>0.328579 0.907126 -0.262981 -0.289953 -0.168111 -0.94216 -0.898868 0.385826 0.207787 0.686435 7.37561 -0.77892</i>
                        <i>0.318856 0.919178 -0.231175 -0.295414 -0.135376 -0.945729 -0.900589 0.369844 0.228373 0.690342 7.37036 -0.779935</i>
                        <i>0.290294 0.936897 -0.194815 -0.302399 -0.103336 -0.947564 -0.907901 0.333984 0.253318 0.691306 7.36654 -0.780556</i>
                        <i>0.253109 0.954621 -0.156952 -0.310694 -0.0734315 -0.947669 -0.916191 0.288628 0.278009 0.689303 7.36087 -0.781052</i>
                        <i>0.216609 0.968625 -0.121846 -0.319776 -0.047528 -0.9463 -0.922401 0.243941 0.299448 0.684908 7.35463 -0.781513</i>
                        <i>0.189267 0.977363 -0.0945528 -0.328926 -0.0276236 -0.943951 -0.925195 0.20976 0.316252 0.679048 7.35487 -0.782145</i>
                        <i>0.178977 0.980562 -0.0804083 -0.337405 -0.0155982 -0.94123 -0.924189 0.195589 0.328054 0.672709 7.37291 -0.783362</i>
