<?xml version="1.0" encoding="ISO-8859-1" ?>
<Animl Version="1">
    <ModellingPackage><![CDATA[Maya.2010]]></ModellingPackage>
    <SrcFile><![CDATA[anims\turrets\special\blue\~src\firework_cannon\firework_cannon_reload_high_crewmana.mb]]></SrcFile>
    <FramesPerSecond>30</FramesPerSecond>
    <TotalFrames>91</TotalFrames>
    <Skeleton>
        <RefFrame>
            <Name><![CDATA[soldier_ref_frame]]></Name>
            <Exclude>0</Exclude>
            <Additive>0</Additive>
            <IKPriority>0</IKPriority>
            <IKRotLimits>-1e+010 -1e+010 -1e+010 1e+010 1e+010 1e+010</IKRotLimits>
            <IKRotLimitOrder>0</IKRotLimitOrder>
            <KeyFrames count="91">
                <i>1 0 0 0 1 0 0 0 1 0 5.8 -0.73</i>
                <i>1 0 0 0 1 0 0 0 1 0 5.8 -0.73</i>
                <i>1 0 0 0 1 0 0 0 1 0 5.8 -0.73</i>
                <i>1 0 0 0 1 0 0 0 1 0 5.8 -0.73</i>
                <i>1 0 0 0 1 0 0 0 1 0 5.8 -0.73</i>
                <i>1 0 0 0 1 0 0 0 1 0 5.8 -0.73</i>
                <i>1 0 0 0 1 0 0 0 1 0 5.8 -0.73</i>
                <i>1 0 0 0 1 0 0 0 1 0 5.8 -0.73</i>
                <i>1 0 0 0 1 0 0 0 1 0 5.8 -0.73</i>
                <i>1 0 0 0 1 0 0 0 1 0 5.8 -0.73</i>
                <i>1 0 0 0 1 0 0 0 1 0 5.8 -0.73</i>
                <i>1 0 0 0 1 0 0 0 1 0 5.8 -0.73</i>
                <i>1 0 0 0 1 0 0 0 1 0 5.8 -0.73</i>
                <i>1 0 0 0 1 0 0 0 1 0 5.8 -0.73</i>
                <i>1 0 0 0 1 0 0 0 1 0 5.8 -0.73</i>
                <i>1 0 0 0 1 0 0 0 1 0 5.8 -0.73</i>
                <i>1 0 0 0 1 0 0 0 1 0 5.8 -0.73</i>
                <i>1 0 0 0 1 0 0 0 1 0 5.8 -0.73</i>
                <i>1 0 0 0 1 0 0 0 1 0 5.8 -0.73</i>
                <i>1 0 0 0 1 0 0 0 1 0 5.8 -0.73</i>
                <i>1 0 0 0 1 0 0 0 1 0 5.8 -0.73</i>
                <i>1 0 0 0 1 0 0 0 1 0 5.8 -0.73</i>
                <i>1 0 0 0 1 0 0 0 1 0 5.8 -0.73</i>
                <i>1 0 0 0 1 0 0 0 1 0 5.8 -0.73</i>
                <i>1 0 0 0 1 0 0 0 1 0 5.8 -0.73</i>
                <i>1 0 0 0 1 0 0 0 1 0 5.8 -0.73</i>
                <i>1 0 0 0 1 0 0 0 1 0 5.8 -0.73</i>
                <i>1 0 0 0 1 0 0 0 1 0 5.8 -0.73</i>
                <i>1 0 0 0 1 0 0 0 1 0 5.8 -0.73</i>
                <i>1 0 0 0 1 0 0 0 1 0 5.8 -0.73</i>
                <i>1 0 0 0 1 0 0 0 1 0 5.8 -0.73</i>
                <i>1 0 0 0 1 0 0 0 1 0 5.8 -0.73</i>
                <i>1 0 0 0 1 0 0 0 1 0 5.8 -0.73</i>
                <i>1 0 0 0 1 0 0 0 1 0 5.8 -0.73</i>
                <i>1 0 0 0 1 0 0 0 1 0 5.8 -0.73</i>
                <i>1 0 0 0 1 0 0 0 1 0 5.8 -0.73</i>
                <i>1 0 0 0 1 0 0 0 1 0 5.8 -0.73</i>
                <i>1 0 0 0 1 0 0 0 1 0 5.8 -0.73</i>
                <i>1 0 0 0 1 0 0 0 1 0 5.8 -0.73</i>
                <i>1 0 0 0 1 0 0 0 1 0 5.8 -0.73</i>
                <i>1 0 0 0 1 0 0 0 1 0 5.8 -0.73</i>
                <i>1 0 0 0 1 0 0 0 1 0 5.8 -0.73</i>
                <i>1 0 0 0 1 0 0 0 1 0 5.8 -0.73</i>
                <i>1 0 0 0 1 0 0 0 1 0 5.8 -0.73</i>
                <i>1 0 0 0 1 0 0 0 1 0 5.8 -0.73</i>
                <i>1 0 0 0 1 0 0 0 1 0 5.8 -0.73</i>
                <i>1 0 0 0 1 0 0 0 1 0 5.8 -0.73</i>
                <i>1 0 0 0 1 0 0 0 1 0 5.8 -0.73</i>
                <i>1 0 0 0 1 0 0 0 1 0 5.8 -0.73</i>
                <i>1 0 0 0 1 0 0 0 1 0 5.8 -0.73</i>
                <i>1 0 0 0 1 0 0 0 1 0 5.8 -0.73</i>
                <i>1 0 0 0 1 0 0 0 1 0 5.8 -0.73</i>
                <i>1 0 0 0 1 0 0 0 1 0 5.8 -0.73</i>
                <i>1 0 0 0 1 0 0 0 1 0 5.8 -0.73</i>
                <i>1 0 0 0 1 0 0 0 1 0 5.8 -0.73</i>
                <i>1 0 0 0 1 0 0 0 1 0 5.8 -0.73</i>
                <i>1 0 0 0 1 0 0 0 1 0 5.8 -0.73</i>
                <i>1 0 0 0 1 0 0 0 1 0 5.8 -0.73</i>
                <i>1 0 0 0 1 0 0 0 1 0 5.8 -0.73</i>
                <i>1 0 0 0 1 0 0 0 1 0 5.8 -0.73</i>
                <i>1 0 0 0 1 0 0 0 1 0 5.8 -0.73</i>
                <i>1 0 0 0 1 0 0 0 1 0 5.8 -0.73</i>
                <i>1 0 0 0 1 0 0 0 1 0 5.8 -0.73</i>
                <i>1 0 0 0 1 0 0 0 1 0 5.8 -0.73</i>
                <i>1 0 0 0 1 0 0 0 1 0 5.8 -0.73</i>
                <i>1 0 0 0 1 0 0 0 1 0 5.8 -0.73</i>
                <i>1 0 0 0 1 0 0 0 1 0 5.8 -0.73</i>
                <i>1 0 0 0 1 0 0 0 1 0 5.8 -0.73</i>
                <i>1 0 0 0 1 0 0 0 1 0 5.8 -0.73</i>
                <i>1 0 0 0 1 0 0 0 1 0 5.8 -0.73</i>
                <i>1 0 0 0 1 0 0 0 1 0 5.8 -0.73</i>
                <i>1 0 0 0 1 0 0 0 1 0 5.8 -0.73</i>
                <i>1 0 0 0 1 0 0 0 1 0 5.8 -0.73</i>
                <i>1 0 0 0 1 0 0 0 1 0 5.8 -0.73</i>
                <i>1 0 0 0 1 0 0 0 1 0 5.8 -0.73</i>
                <i>1 0 0 0 1 0 0 0 1 0 5.8 -0.73</i>
                <i>1 0 0 0 1 0 0 0 1 0 5.8 -0.73</i>
                <i>1 0 0 0 1 0 0 0 1 0 5.8 -0.73</i>
                <i>1 0 0 0 1 0 0 0 1 0 5.8 -0.73</i>
                <i>1 0 0 0 1 0 0 0 1 0 5.8 -0.73</i>
                <i>1 0 0 0 1 0 0 0 1 0 5.8 -0.73</i>
                <i>1 0 0 0 1 0 0 0 1 0 5.8 -0.73</i>
                <i>1 0 0 0 1 0 0 0 1 0 5.8 -0.73</i>
                <i>1 0 0 0 1 0 0 0 1 0 5.8 -0.73</i>
                <i>1 0 0 0 1 0 0 0 1 0 5.8 -0.73</i>
                <i>1 0 0 0 1 0 0 0 1 0 5.8 -0.73</i>
                <i>1 0 0 0 1 0 0 0 1 0 5.8 -0.73</i>
                <i>1 0 0 0 1 0 0 0 1 0 5.8 -0.73</i>
                <i>1 0 0 0 1 0 0 0 1 0 5.8 -0.73</i>
                <i>1 0 0 0 1 0 0 0 1 0 5.8 -0.73</i>
                <i>1 0 0 0 1 0 0 0 1 0 5.8 -0.73</i>
            </KeyFrames>
        </RefFrame>
        <Bones count="23">
            <i>
                <p>
                    <Name><![CDATA[pelvis]]></Name>
                    <Exclude>0</Exclude>
                    <Additive>0</Additive>
                    <IKPriority>0</IKPriority>
                    <IKRotLimits>-1e+010 -1e+010 -1e+010 1e+010 1e+010 1e+010</IKRotLimits>
                    <IKRotLimitOrder>2</IKRotLimitOrder>
                    <KeyFrames count="91">
                        <i>1 0 0 0 1 0 0 0 1 0.305738 6.78443 -0.831321</i>
                        <i>1 0 0 0 1 0 0 0 1 0.305631 6.79068 -0.829555</i>
                        <i>1 0 0 0 1 0 0 0 1 0.305394 6.799 -0.825669</i>
                        <i>1 0 0 0 1 0 0 0 1 0.305157 6.81652 -0.821783</i>
                        <i>1 0 0 0 1 0 0 0 1 0.305049 6.84109 -0.820017</i>
                        <i>1 0 0 0 1 0 0 0 1 0.3052 6.86207 -0.82249</i>
                        <i>1 0 0 0 1 0 0 0 1 0.305738 6.86814 -0.831321</i>
                        <i>1 0 0 0 1 0 0 0 1 0.306689 6.87341 -0.846919</i>
                        <i>1 0 0 0 1 0 0 0 1 0.307933 6.89283 -0.867309</i>
                        <i>1 0 0 0 1 0 0 0 1 0.309379 6.91281 -0.891038</i>
                        <i>1 0 0 0 1 0 0 0 1 0.310941 6.92598 -0.916651</i>
                        <i>1 0 0 0 1 0 0 0 1 0.312529 6.93782 -0.942693</i>
                        <i>1 0 0 0 1 0 0 0 1 0.314054 6.94804 -0.967711</i>
                        <i>1 0 0 0 1 0 0 0 1 0.315428 6.95635 -0.99025</i>
                        <i>1 0 0 0 1 0 0 0 1 0.316563 6.96246 -1.00886</i>
                        <i>1 0 0 0 1 0 0 0 1 0.317369 6.96606 -1.02207</i>
                        <i>1 0 0 0 1 0 0 0 1 0.317865 6.9639 -1.03021</i>
                        <i>1 0 0 0 1 0 0 0 1 0.318152 6.95807 -1.03492</i>
                        <i>1 0 0 0 1 0 0 0 1 0.318269 6.9564 -1.03683</i>
                        <i>1 0 0 0 1 0 0 0 1 0.31825 6.9709 -1.03653</i>
                        <i>1 0 0 0 1 0 0 0 1 0.318134 6.98417 -1.03462</i>
                        <i>1 0 0 0 1 0 0 0 1 0.317957 6.97215 -1.03171</i>
                        <i>1 0 0 0 1 0 0 0 1 0.317754 6.95884 -1.0284</i>
                        <i>1 0 0 0 1 0 0 0 1 0.317565 6.9574 -1.02529</i>
                        <i>1 0 0 0 1 0 0 0 1 0.317424 6.95681 -1.02298</i>
                        <i>1 0 0 0 1 0 0 0 1 0.317369 6.95663 -1.02207</i>
                        <i>1 0 0 0 1 0 0 0 1 0.31558 6.94987 -1.02487</i>
                        <i>1 0 0 0 1 0 0 0 1 0.312599 6.9353 -1.02954</i>
                        <i>1 0 0 0 1 0 0 0 1 0.312002 6.9212 -1.03047</i>
                        <i>1 0 0 0 1 0 0 0 1 0.317369 6.91583 -1.02207</i>
                        <i>1 0 0 0 1 0 0 0 1 0.327755 6.91887 -1.00668</i>
                        <i>1 0 0 0 1 0 0 0 1 0.339632 6.92444 -0.990426</i>
                        <i>1 0 0 0 1 0 0 0 1 0.352699 6.93232 -0.97342</i>
                        <i>1 0 0 0 1 0 0 0 1 0.366656 6.94148 -0.955773</i>
                        <i>1 0 0 0 1 0 0 0 1 0.381202 6.95087 -0.937595</i>
                        <i>1 0 0 0 1 0 0 0 1 0.396037 6.95944 -0.918995</i>
                        <i>1 0 0 0 1 0 0 0 1 0.41086 6.96615 -0.900086</i>
                        <i>1 0 0 0 1 0 0 0 1 0.42537 6.96997 -0.880976</i>
                        <i>1 0 0 0 1 0 0 0 1 0.439268 6.96984 -0.861776</i>
                        <i>1 0 0 0 1 0 0 0 1 0.452252 6.96591 -0.842597</i>
                        <i>1 0 0 0 1 0 0 0 1 0.464022 6.95935 -0.823548</i>
                        <i>1 0 0 0 1 0 0 0 1 0.474278 6.95064 -0.80474</i>
                        <i>1 0 0 0 1 0 0 0 1 0.482718 6.94027 -0.786282</i>
                        <i>1 0 0 0 1 0 0 0 1 0.486837 6.92874 -0.768676</i>
                        <i>1 0 0 0 1 0 0 0 1 0.485519 6.91651 -0.752173</i>
                        <i>1 0 0 0 1 0 0 0 1 0.480545 6.90409 -0.736518</i>
                        <i>1 0 0 0 1 0 0 0 1 0.473699 6.89196 -0.721453</i>
                        <i>1 0 0 0 1 0 0 0 1 0.466764 6.88061 -0.706721</i>
                        <i>1 0 0 0 1 0 0 0 1 0.461522 6.87052 -0.692065</i>
                        <i>1 0 0 0 1 0 0 0 1 0.457272 6.86874 -0.689927</i>
                        <i>1 0 0 0 1 0 0 0 1 0.457272 6.86858 -0.689927</i>
                        <i>1 0 0 0 1 0 0 0 1 0.457272 6.86841 -0.689927</i>
                        <i>1 0 0 0 1 0 0 0 1 0.457272 6.86824 -0.689927</i>
                        <i>1 0 0 0 1 0 0 0 1 0.457272 6.87375 -0.689927</i>
                        <i>1 0 0 0 1 0 0 0 1 0.445305 6.88952 -0.702338</i>
                        <i>1 0 0 0 1 0 0 0 1 0.436046 6.91384 -0.714626</i>
                        <i>1 0 0 0 1 0 0 0 1 0.425501 6.94501 -0.727363</i>
                        <i>1 0 0 0 1 0 0 0 1 0.409676 6.98135 -0.74112</i>
                        <i>1 0 0 0 1 0 0 0 1 0.384576 7.02115 -0.756468</i>
                        <i>1 0 0 0 1 0 0 0 1 0.346679 7.06271 -0.773894</i>
                        <i>1 0 0 0 1 0 0 0 1 0.29872 7.10434 -0.792784</i>
                        <i>1 0 0 0 1 0 0 0 1 0.246088 7.14434 -0.812054</i>
                        <i>1 0 0 0 1 0 0 0 1 0.194173 7.18102 -0.830619</i>
                        <i>1 0 0 0 1 0 0 0 1 0.148364 7.21267 -0.847398</i>
                        <i>1 0 0 0 1 0 0 0 1 0.114054 7.23759 -0.861305</i>
                        <i>1 0 0 0 1 0 0 0 1 0.0980976 7.25686 -0.868257</i>
                        <i>1 0 0 0 1 0 0 0 1 0.0982697 7.27278 -0.867735</i>
                        <i>1 0 0 0 1 0 0 0 1 0.106334 7.28556 -0.863998</i>
                        <i>1 0 0 0 1 0 0 0 1 0.114054 7.29541 -0.861305</i>
                        <i>1 0 0 0 1 0 0 0 1 0.119993 7.30255 -0.860375</i>
                        <i>1 0 0 0 1 0 0 0 1 0.127724 7.30718 -0.859166</i>
                        <i>1 0 0 0 1 0 0 0 1 0.136522 7.30953 -0.85779</i>
                        <i>1 0 0 0 1 0 0 0 1 0.145663 7.30981 -0.85636</i>
                        <i>1 0 0 0 1 0 0 0 1 0.154423 7.30824 -0.85499</i>
                        <i>1 0 0 0 1 0 0 0 1 0.162077 7.25534 -0.853793</i>
                        <i>1 0 0 0 1 0 0 0 1 0.162077 7.20329 -0.853793</i>
                        <i>1 0 0 0 1 0 0 0 1 0.164291 7.21062 -0.853446</i>
                        <i>1 0 0 0 1 0 0 0 1 0.169455 7.23468 -0.852638</i>
                        <i>1 0 0 0 1 0 0 0 1 0.175358 7.26785 -0.851715</i>
                        <i>1 0 0 0 1 0 0 0 1 0.179785 7.29998 -0.851023</i>
                        <i>1 0 0 0 1 0 0 0 1 0.17766 7.31913 -0.851355</i>
                        <i>1 0 0 0 1 0 0 0 1 0.179785 7.31113 -0.851023</i>
                        <i>1 0 0 0 1 0 0 0 1 0.191769 7.28347 -0.849148</i>
                        <i>1 0 0 0 1 0 0 0 1 0.204696 7.24619 -0.847126</i>
                        <i>1 0 0 0 1 0 0 0 1 0.218377 7.20121 -0.844986</i>
                        <i>1 0 0 0 1 0 0 0 1 0.232623 7.15047 -0.842758</i>
                        <i>1 0 0 0 1 0 0 0 1 0.247246 7.09589 -0.84047</i>
                        <i>1 0 0 0 1 0 0 0 1 0.262057 7.03938 -0.838153</i>
                        <i>1 0 0 0 1 0 0 0 1 0.276869 6.98287 -0.835837</i>
                        <i>1 0 0 0 1 0 0 0 1 0.291492 6.92828 -0.833549</i>
                        <i>1 0 0 0 1 0 0 0 1 0.305738 6.87754 -0.831321</i>
                    </KeyFrames>
                </p>
            </i>
            <i>
                <p>
                    <Name><![CDATA[spine0]]></Name>
                    <Exclude>0</Exclude>
                    <Additive>0</Additive>
                    <IKPriority>0</IKPriority>
                    <IKRotLimits>-1e+010 -1e+010 -1e+010 1e+010 1e+010 1e+010</IKRotLimits>
                    <IKRotLimitOrder>0</IKRotLimitOrder>
                    <KeyFrames count="91">
                        <i>0.384246 0.916853 0.108335 -0.902883 0.397681 -0.163255 -0.192764 -0.035084 0.980618 0.370843 6.90582 -0.872819</i>
                        <i>0.375193 0.920421 0.109793 -0.90696 0.388983 -0.161604 -0.191452 -0.0389451 0.980729 0.370049 6.91268 -0.870316</i>
                        <i>0.361541 0.925867 0.109812 -0.913257 0.375387 -0.158262 -0.187752 -0.0430682 0.981272 0.369283 6.92164 -0.865328</i>
                        <i>0.344246 0.932697 0.107568 -0.920801 0.357769 -0.15533 -0.18336 -0.0455773 0.981989 0.368516 6.93979 -0.860335</i>
                        <i>0.324376 0.94041 0.102029 -0.928674 0.337108 -0.15467 -0.179848 -0.0445802 0.982684 0.367713 6.96495 -0.857825</i>
                        <i>0.30318 0.948487 0.091953 -0.936034 0.314505 -0.157881 -0.178668 -0.0382047 0.983167 0.366831 6.98644 -0.86029</i>
                        <i>0.282099 0.956366 0.0760589 -0.942096 0.291126 -0.166437 -0.181318 -0.024703 0.983114 0.365841 6.99292 -0.870215</i>
                        <i>0.26038 0.964032 0.0533244 -0.946983 0.265762 -0.180536 -0.188214 -0.00348925 0.982122 0.364736 6.99843 -0.888107</i>
                        <i>0.236949 0.971204 0.0248513 -0.950992 0.237096 -0.198494 -0.19867 0.0233995 0.979787 0.363589 7.01786 -0.911639</i>
                        <i>0.212872 0.977053 -0.00729468 -0.953678 0.206144 -0.219095 -0.212564 0.053596 0.975676 0.362517 7.03758 -0.939029</i>
                        <i>0.189155 0.981088 -0.0410625 -0.954768 0.173988 -0.241136 -0.229432 0.0848173 0.969622 0.361614 7.05023 -0.968504</i>
                        <i>0.166663 0.983196 -0.0744894 -0.954211 0.141794 -0.263395 -0.248406 0.114977 0.961808 0.360935 7.06135 -0.998315</i>
                        <i>0.146066 0.983606 -0.105759 -0.952215 0.110801 -0.284623 -0.268239 0.142279 0.952788 0.360485 7.07074 -1.02675</i>
                        <i>0.127813 0.982809 -0.133226 -0.949249 0.0822979 -0.303568 -0.287386 0.165265 0.943449 0.360219 7.07826 -1.05211</i>
                        <i>0.112155 0.981463 -0.155408 -0.946004 0.057592 -0.318997 -0.304133 0.182793 0.934928 0.36005 7.08378 -1.07277</i>
                        <i>0.0992111 0.980278 -0.170913 -0.943312 0.0379815 -0.329727 -0.316732 0.193937 0.928477 0.359867 7.08716 -1.08707</i>
                        <i>0.0866904 0.980792 -0.174736 -0.940565 0.0227659 -0.33885 -0.328364 0.193725 0.924472 0.358658 7.08715 -1.09218</i>
                        <i>0.0782399 0.9801 -0.182436 -0.939814 0.011458 -0.341495 -0.332609 0.198174 0.922008 0.358695 7.081 -1.0977</i>
                        <i>0.0711799 0.979717 -0.187316 -0.939853 0.00297812 -0.341567 -0.334081 0.200362 0.921002 0.358794 7.07904 -1.10019</i>
                        <i>0.0651542 0.979649 -0.189849 -0.940553 -0.00326431 -0.339632 -0.33334 0.200691 0.921199 0.358933 7.09327 -1.1003</i>
                        <i>0.0598372 0.979862 -0.190498 -0.941741 -0.00786163 -0.336247 -0.330974 0.19952 0.922306 0.359098 7.10631 -1.09867</i>
                        <i>0.0549226 0.980298 -0.189734 -0.943224 -0.011405 -0.331962 -0.327586 0.197194 0.924014 0.359274 7.09405 -1.09596</i>
                        <i>0.0502448 0.980853 -0.188157 -0.944798 -0.0143953 -0.327337 -0.323778 0.194218 0.925985 0.35945 7.08054 -1.09279</i>
                        <i>0.0453456 0.981506 -0.185982 -0.946272 -0.0174675 -0.3229 -0.320177 0.190632 0.92798 0.359615 7.0789 -1.08983</i>
                        <i>0.0402973 0.982047 -0.18428 -0.947448 -0.0210237 -0.319219 -0.317362 0.18746 0.929591 0.359758 7.07811 -1.08771</i>
                        <i>0.0351838 0.982268 -0.184153 -0.94813 -0.0254435 -0.316862 -0.315929 0.18575 0.930423 0.359867 7.07773 -1.08707</i>
                        <i>0.0270535 0.981682 -0.188597 -0.947928 -0.0346985 -0.316588 -0.317333 0.187341 0.929625 0.357962 7.07078 -1.09031</i>
                        <i>0.0184531 0.980526 -0.195519 -0.94715 -0.045495 -0.31755 -0.320261 0.191045 0.927866 0.3547 7.05609 -1.09538</i>
                        <i>0.0177057 0.979963 -0.198392 -0.946922 -0.0472641 -0.317971 -0.320977 0.193492 0.927111 0.35402 7.04202 -1.0963</i>
                        <i>0.0330647 0.981095 -0.190683 -0.948301 -0.0294578 -0.316002 -0.315645 0.191273 0.929399 0.359867 7.03694 -1.08707</i>
                        <i>0.0614843 0.982488 -0.175889 -0.950005 0.00355801 -0.312213 -0.30612 0.186291 0.933588 0.371127 7.04048 -1.07014</i>
                        <i>0.0936645 0.982446 -0.161331 -0.950433 0.0399776 -0.308348 -0.296486 0.182215 0.937493 0.383853 7.04668 -1.05205</i>
                        <i>0.128522 0.980874 -0.146181 -0.949335 0.0790602 -0.30416 -0.286785 0.177866 0.941338 0.397782 7.0553 -1.03292</i>
                        <i>0.165059 0.97772 -0.129691 -0.946527 0.120072 -0.299449 -0.277205 0.172183 0.945257 0.412648 7.06524 -1.01291</i>
                        <i>0.202376 0.972975 -0.111194 -0.941899 0.162304 -0.294081 -0.268086 0.164248 0.94929 0.428178 7.07542 -0.992143</i>
                        <i>0.239666 0.966668 -0.0900752 -0.935416 0.205083 -0.28799 -0.259917 0.153279 0.953388 0.444095 7.08476 -0.970777</i>
                        <i>0.27619 0.958854 -0.0657136 -0.927117 0.247779 -0.281176 -0.253324 0.138582 0.957404 0.460118 7.09217 -0.948963</i>
                        <i>0.311256 0.949589 -0.0374202 -0.917109 0.289824 -0.273704 -0.249061 0.11951 0.961086 0.475961 7.09658 -0.926861</i>
                        <i>0.344206 0.938884 -0.00438805 -0.905548 0.330743 -0.265691 -0.248001 0.0954258 0.964048 0.491333 7.09692 -0.904632</i>
                        <i>0.373302 0.926968 0.0370819 -0.892772 0.369823 -0.257271 -0.252196 0.062934 0.965628 0.505921 7.09334 -0.882307</i>
                        <i>0.398255 0.912996 0.088496 -0.878776 0.407417 -0.248525 -0.262957 0.0212083 0.964574 0.519411 7.08705 -0.859901</i>
                        <i>0.420409 0.895272 0.147458 -0.863084 0.444723 -0.23939 -0.279897 -0.0266266 0.959661 0.531504 7.07849 -0.837558</i>
                        <i>0.440719 0.872416 0.211321 -0.845193 0.482598 -0.229668 -0.302349 -0.0773881 0.950051 0.541903 7.06812 -0.815422</i>
                        <i>0.459757 0.843792 0.276836 -0.82477 0.521285 -0.219126 -0.329207 -0.127582 0.935599 0.548098 7.05641 -0.794031</i>
                        <i>0.477892 0.810004 0.339872 -0.801886 0.560232 -0.207651 -0.358605 -0.173304 0.917261 0.548968 7.04382 -0.773675</i>
                        <i>0.495458 0.773251 0.395733 -0.777411 0.597971 -0.195098 -0.387496 -0.210984 0.897403 0.546246 7.03089 -0.753884</i>
                        <i>0.512588 0.738818 0.437495 -0.753915 0.63112 -0.182482 -0.410933 -0.236296 0.88051 0.542406 7.01771 -0.734226</i>
                        <i>0.528967 0.70937 0.46582 -0.732715 0.658691 -0.171039 -0.428161 -0.25084 0.868192 0.539442 7.00451 -0.714659</i>
                        <i>0.54435 0.682621 0.487558 -0.712609 0.682942 -0.160559 -0.442574 -0.260037 0.858201 0.538395 6.99208 -0.695254</i>
                        <i>0.547925 0.68169 0.484847 -0.711639 0.684505 -0.158184 -0.439713 -0.258363 0.860175 0.534843 6.98986 -0.692867</i>
                        <i>0.545219 0.680505 0.489539 -0.711869 0.684236 -0.158315 -0.442694 -0.262172 0.857489 0.534843 6.9897 -0.692867</i>
                        <i>0.540257 0.678111 0.498284 -0.712184 0.683866 -0.158493 -0.448236 -0.269243 0.852404 0.534843 6.98953 -0.692867</i>
                        <i>0.53762 0.676717 0.50301 -0.712293 0.683739 -0.158555 -0.451224 -0.273048 0.849612 0.534843 6.98936 -0.692867</i>
                        <i>0.544012 0.674865 0.498607 -0.709139 0.68743 -0.156721 -0.448523 -0.268324 0.852543 0.534975 6.99479 -0.692802</i>
                        <i>0.540071 0.716342 0.441789 -0.734375 0.657523 -0.168399 -0.411117 -0.233491 0.881172 0.517962 7.01327 -0.712443</i>
                        <i>0.537414 0.754243 0.377231 -0.756231 0.628985 -0.180257 -0.37323 -0.188401 0.908407 0.503863 7.03954 -0.731858</i>
                        <i>0.529649 0.790681 0.307076 -0.778657 0.596811 -0.193674 -0.336401 -0.136528 0.93177 0.488476 7.07207 -0.751592</i>
                        <i>0.510994 0.827216 0.233665 -0.804496 0.555986 -0.208964 -0.302772 -0.0812031 0.949597 0.467583 7.10933 -0.772194</i>
                        <i>0.47646 0.864637 0.159337 -0.835104 0.501744 -0.225508 -0.274929 -0.0256178 0.961123 0.436955 7.14971 -0.794217</i>
                        <i>0.423045 0.902617 0.0794684 -0.869972 0.42913 -0.24289 -0.253339 0.0336184 0.966793 0.392803 7.1915 -0.81842</i>
                        <i>0.355492 0.934646 -0.00785611 -0.903468 0.341455 -0.259142 -0.239524 0.0992207 0.965807 0.338055 7.2328 -0.844242</i>
                        <i>0.281718 0.954647 -0.0963562 -0.930079 0.247024 -0.271904 -0.23577 0.166219 0.957488 0.278544 7.27183 -0.870275</i>
                        <i>0.209417 0.961089 -0.180145 -0.947504 0.153926 -0.280255 -0.241621 0.229378 0.94287 0.220052 7.30696 -0.895145</i>
                        <i>0.144895 0.956292 -0.253991 -0.956218 0.0693695 -0.284315 -0.254269 0.284067 0.924475 0.168287 7.33669 -0.917521</i>
                        <i>0.0926517 0.94513 -0.313281 -0.958588 -0.000430031 -0.284796 -0.269304 0.326694 0.90595 0.128871 7.35958 -0.93611</i>
                        <i>0.0513741 0.933774 -0.354156 -0.958406 -0.0535928 -0.280331 -0.280746 0.353827 0.892182 0.107976 7.37699 -0.946785</i>
                        <i>0.0185961 0.926111 -0.376793 -0.958025 -0.0913256 -0.271749 -0.286081 0.36603 0.885539 0.103349 7.39142 -0.94895</i>
                        <i>-0.00317672 0.92389 -0.382644 -0.958242 -0.112227 -0.263015 -0.28594 0.36583 0.885667 0.107948 7.40332 -0.946614</i>
                        <i>-0.0107631 0.927871 -0.372746 -0.959362 -0.114698 -0.257816 -0.281973 0.354823 0.891399 0.114781 7.41328 -0.943786</i>
                        <i>-0.00429322 0.937653 -0.347545 -0.961403 -0.0994859 -0.25653 -0.275112 0.33303 0.90189 0.122513 7.42152 -0.941221</i>
                        <i>0.0119922 0.9507 -0.309882 -0.963844 -0.0715113 -0.256693 -0.266198 0.301756 0.915468 0.133627 7.42782 -0.937314</i>
                        <i>0.0350038 0.963815 -0.264263 -0.965605 -0.0355534 -0.257572 -0.257647 0.26419 0.92942 0.146886 7.43201 -0.932539</i>
                        <i>0.0612552 0.974589 -0.21546 -0.965993 0.00355692 -0.258542 -0.251206 0.22397 0.941665 0.161008 7.43397 -0.927391</i>
                        <i>0.0869458 0.981854 -0.168531 -0.96497 0.0409704 -0.259141 -0.247534 0.185158 0.951022 0.174656 7.43371 -0.922393</i>
                        <i>0.108196 0.985756 -0.128756 -0.963182 0.0718803 -0.259064 -0.246119 0.152045 0.95724 0.186457 7.3817 -0.91809</i>
                        <i>0.10868 0.986446 -0.122935 -0.96297 0.0737761 -0.259317 -0.246732 0.146565 0.957936 0.186457 7.32965 -0.91809</i>
                        <i>0.109658 0.981408 -0.157524 -0.963885 0.0662996 -0.257933 -0.242693 0.18012 0.953235 0.192559 7.32627 -0.934213</i>
                        <i>0.0993393 0.974025 -0.203487 -0.968134 0.0473641 -0.245913 -0.229887 0.221431 0.947692 0.200969 7.33788 -0.94778</i>
                        <i>0.0813787 0.969459 -0.23136 -0.972373 0.0262693 -0.231948 -0.218786 0.243844 0.944814 0.206588 7.3735 -0.94422</i>
                        <i>0.0682193 0.966509 -0.247401 -0.974368 0.0112622 -0.224678 -0.214367 0.256387 0.942503 0.210246 7.4102 -0.938306</i>
                        <i>0.0626727 0.966469 -0.249018 -0.97352 0.00423911 -0.228563 -0.219843 0.256749 0.941142 0.206673 7.4347 -0.931967</i>
                        <i>0.0651542 0.970671 -0.231417 -0.972479 0.009778 -0.232783 -0.223693 0.240215 0.944594 0.207556 7.43247 -0.923141</i>
                        <i>0.0739039 0.977266 -0.198717 -0.972521 0.0265121 -0.231302 -0.220775 0.210351 0.952371 0.219411 7.41026 -0.91124</i>
                        <i>0.0857009 0.982586 -0.164861 -0.972346 0.0464044 -0.228887 -0.217251 0.179918 0.959391 0.233011 7.37696 -0.899969</i>
                        <i>0.101832 0.986213 -0.130435 -0.9718 0.0705859 -0.224996 -0.212687 0.149669 0.96559 0.248419 7.33427 -0.890708</i>
                        <i>0.123172 0.987726 -0.0960486 -0.970523 0.0996893 -0.219423 -0.207155 0.120244 0.97089 0.265782 7.28422 -0.884087</i>
                        <i>0.148876 0.986883 -0.0624346 -0.96813 0.132605 -0.212464 -0.201398 0.0920756 0.975172 0.284766 7.22919 -0.879436</i>
                        <i>0.17754 0.983662 -0.0297973 -0.964453 0.167891 -0.204068 -0.195732 0.0649684 0.978503 0.304673 7.17141 -0.876183</i>
                        <i>0.207692 0.978193 0.0018952 -0.95947 0.204093 -0.19433 -0.190479 0.0385422 0.980934 0.324839 7.1131 -0.873713</i>
                        <i>0.237849 0.970744 0.0329205 -0.953298 0.239802 -0.183625 -0.186147 0.012292 0.982445 0.344667 7.05649 -0.871386</i>
                        <i>0.266619 0.961704 0.0635587 -0.946184 0.273727 -0.172655 -0.183441 -0.014105 0.98293 0.36365 7.00386 -0.868539</i>
                    </KeyFrames>
                </p>
            </i>
            <i>
                <p>
                    <Name><![CDATA[spine1]]></Name>
                    <Exclude>0</Exclude>
                    <Additive>0</Additive>
                    <IKPriority>0</IKPriority>
                    <IKRotLimits>-1e+010 -1e+010 -1e+010 1e+010 1e+010 1e+010</IKRotLimits>
                    <IKRotLimitOrder>0</IKRotLimitOrder>
                    <KeyFrames count="91">
                        <i>0.343361 0.861447 0.374183 -0.90524 0.409716 -0.112578 -0.250288 -0.30007 0.920496 0.43696 7.06358 -0.854181</i>
                        <i>0.3311 0.868516 0.368854 -0.912518 0.394214 -0.109114 -0.240174 -0.300458 0.923061 0.434597 7.07103 -0.851431</i>
                        <i>0.306913 0.882497 0.356375 -0.925984 0.363402 -0.102433 -0.219904 -0.29856 0.928711 0.431479 7.08092 -0.84644</i>
                        <i>0.273706 0.900248 0.338583 -0.941501 0.322741 -0.0970288 -0.196624 -0.292219 0.93592 0.427749 7.10027 -0.84183</i>
                        <i>0.235084 0.918816 0.317037 -0.955685 0.277969 -0.0969467 -0.177203 -0.280197 0.943445 0.423549 7.12682 -0.840266</i>
                        <i>0.1955 0.935912 0.292998 -0.966234 0.23495 -0.105782 -0.167842 -0.262425 0.950243 0.419045 7.14979 -0.844458</i>
                        <i>0.15994 0.950164 0.267595 -0.971662 0.199336 -0.127035 -0.174045 -0.239694 0.955121 0.414441 7.15768 -0.857116</i>
                        <i>0.127525 0.962522 0.239352 -0.972397 0.168874 -0.161016 -0.195402 -0.212212 0.957489 0.409601 7.16453 -0.878924</i>
                        <i>0.0944053 0.973827 0.206756 -0.969374 0.137217 -0.203678 -0.226717 -0.181195 0.956957 0.40442 7.18522 -0.907362</i>
                        <i>0.0611816 0.983366 0.17102 -0.962076 0.103733 -0.252288 -0.265832 -0.149099 0.95242 0.3992 7.20595 -0.940291</i>
                        <i>0.0284632 0.990651 0.133421 -0.950226 0.0682437 -0.303995 -0.310258 -0.118127 0.943285 0.394207 7.21928 -0.975584</i>
                        <i>-0.00315471 0.995448 0.0952588 -0.934033 0.031091 -0.355831 -0.357173 -0.0900974 0.929683 0.389647 7.23072 -1.01115</i>
                        <i>-0.0331385 0.997776 0.0578337 -0.914367 -0.00690347 -0.404827 -0.403527 -0.0662965 0.912563 0.385643 7.24014 -1.04496</i>
                        <i>-0.0610727 0.997881 0.0224413 -0.892837 -0.0445649 -0.448169 -0.44622 -0.0474073 0.893667 0.382226 7.24748 -1.07505</i>
                        <i>-0.0867082 0.996187 -0.00961176 -0.871713 -0.0805375 -0.483354 -0.482285 -0.033532 0.875372 0.379355 7.2527 -1.09952</i>
                        <i>-0.109986 0.993245 -0.03697 -0.853697 -0.113452 -0.508263 -0.509024 -0.0243407 0.860408 0.376938 7.25582 -1.11648</i>
                        <i>-0.125919 0.988954 -0.0781889 -0.839133 -0.148219 -0.523343 -0.529151 -0.000287712 0.848527 0.373487 7.25493 -1.12207</i>
                        <i>-0.147095 0.98491 -0.0911857 -0.832567 -0.17306 -0.526196 -0.534036 -0.00148275 0.84546 0.372103 7.24896 -1.12897</i>
                        <i>-0.167724 0.980771 -0.0997841 -0.830212 -0.195104 -0.52219 -0.531617 -0.00474168 0.846971 0.371019 7.24731 -1.13236</i>
                        <i>-0.18822 0.976521 -0.104785 -0.830254 -0.2152 -0.514167 -0.524644 -0.00977801 0.851265 0.370154 7.26197 -1.133</i>
                        <i>-0.208911 0.972056 -0.107067 -0.830802 -0.234166 -0.504911 -0.515873 -0.0165294 0.856506 0.369435 7.27555 -1.13158</i>
                        <i>-0.230057 0.967209 -0.107609 -0.83 -0.25274 -0.497215 -0.508108 -0.0250717 0.860928 0.368795 7.26392 -1.12884</i>
                        <i>-0.250777 0.962199 -0.106224 -0.829515 -0.270158 -0.488794 -0.499014 -0.0344641 0.865908 0.36819 7.25106 -1.12552</i>
                        <i>-0.271759 0.956884 -0.102565 -0.828407 -0.286839 -0.481108 -0.489784 -0.0457802 0.870641 0.36753 7.2501 -1.12229</i>
                        <i>-0.291682 0.951391 -0.0988792 -0.826611 -0.302733 -0.474412 -0.481285 -0.0566431 0.874732 0.366815 7.24992 -1.11997</i>
                        <i>-0.309313 0.945954 -0.0974539 -0.824099 -0.317776 -0.468913 -0.474538 -0.0647289 0.877852 0.366046 7.25002 -1.1194</i>
                        <i>-0.328198 0.938889 -0.103799 -0.81911 -0.3376 -0.463772 -0.470473 -0.0671863 0.879853 0.362726 7.24333 -1.12348</i>
                        <i>-0.344086 0.931771 -0.115788 -0.813318 -0.357395 -0.45911 -0.469168 -0.0638011 0.880801 0.357957 7.22869 -1.12982</i>
                        <i>-0.344411 0.930543 -0.124383 -0.812585 -0.36183 -0.456929 -0.470198 -0.0562995 0.880763 0.357146 7.21452 -1.13124</i>
                        <i>-0.31648 0.940907 -0.120556 -0.822543 -0.335503 -0.459195 -0.472507 -0.0461642 0.880117 0.365682 7.20923 -1.12058</i>
                        <i>-0.261986 0.958543 -0.112069 -0.838422 -0.283573 -0.46544 -0.477924 -0.0279778 0.877955 0.381885 7.21228 -1.10092</i>
                        <i>-0.193353 0.97492 -0.110205 -0.85218 -0.222542 -0.473566 -0.486214 0.00234886 0.873836 0.400154 7.21762 -1.08013</i>
                        <i>-0.113337 0.987337 -0.110997 -0.86256 -0.153222 -0.482196 -0.493097 0.0410912 0.869003 0.420029 7.22506 -1.05823</i>
                        <i>-0.0253161 0.993537 -0.110654 -0.868438 -0.0766829 -0.489831 -0.49515 0.0836956 0.864767 0.441076 7.23362 -1.03525</i>
                        <i>0.0667412 0.992159 -0.105668 -0.868946 0.00574763 -0.494873 -0.490385 0.124848 0.862517 0.462888 7.2423 -1.01121</i>
                        <i>0.158568 0.982976 -0.0928131 -0.863575 0.0925065 -0.495662 -0.478638 0.158747 0.863542 0.48508 7.25007 -0.986178</i>
                        <i>0.246006 0.966808 -0.0690168 -0.852249 0.18184 -0.490517 -0.461685 0.179489 0.868695 0.507273 7.25589 -0.960179</i>
                        <i>0.32537 0.945075 -0.0311164 -0.835365 0.271869 -0.477757 -0.443056 0.181441 0.877941 0.529089 7.25867 -0.933243</i>
                        <i>0.393637 0.918942 0.0243935 -0.813771 0.360684 -0.455724 -0.427582 0.159539 0.889787 0.550143 7.25733 -0.905378</i>
                        <i>0.444754 0.88899 0.109046 -0.790219 0.44679 -0.419444 -0.421602 0.100379 0.901208 0.569849 7.25209 -0.875955</i>
                        <i>0.478171 0.848987 0.224886 -0.765756 0.528405 -0.366614 -0.430082 0.00309603 0.902785 0.587897 7.24405 -0.844686</i>
                        <i>0.498048 0.789162 0.359404 -0.738957 0.603127 -0.3003 -0.453752 -0.11602 0.883543 0.604287 7.23347 -0.81204</i>
                        <i>0.506906 0.704204 0.497135 -0.708737 0.668752 -0.224638 -0.490651 -0.238467 0.83809 0.618924 7.22057 -0.778513</i>
                        <i>0.506851 0.59691 0.621933 -0.674657 0.723781 -0.144842 -0.536601 -0.346178 0.769558 0.629368 7.20555 -0.745132</i>
                        <i>0.501045 0.478615 0.721029 -0.637032 0.767914 -0.0670623 -0.585785 -0.425717 0.689652 0.634456 7.1887 -0.71293</i>
                        <i>0.495425 0.366395 0.787597 -0.59701 0.80223 0.00233698 -0.630978 -0.471361 0.616186 0.635774 7.17059 -0.682443</i>
                        <i>0.492906 0.287537 0.821198 -0.563484 0.824644 0.0494754 -0.66297 -0.487119 0.568495 0.635472 7.15183 -0.654868</i>
                        <i>0.492574 0.246186 0.834724 -0.540895 0.838 0.0720323 -0.681765 -0.486979 0.545938 0.635432 7.13321 -0.630204</i>
                        <i>0.493564 0.222619 0.840735 -0.522967 0.848363 0.0823754 -0.69491 -0.480334 0.535144 0.636915 7.1156 -0.607085</i>
                        <i>0.498359 0.229255 0.836111 -0.523504 0.848313 0.0794302 -0.691074 -0.477292 0.54278 0.633853 7.11302 -0.605325</i>
                        <i>0.491008 0.223636 0.841961 -0.5264 0.846254 0.0822062 -0.694128 -0.483572 0.533239 0.633449 7.11275 -0.604402</i>
                        <i>0.477496 0.212781 0.85248 -0.531599 0.842467 0.0874804 -0.699571 -0.494949 0.515389 0.632712 7.11235 -0.602676</i>
                        <i>0.470299 0.206717 0.857955 -0.534301 0.840448 0.0903854 -0.702382 -0.500915 0.505711 0.632321 7.11204 -0.60174</i>
                        <i>0.490251 0.203903 0.847395 -0.527911 0.843086 0.10255 -0.693516 -0.497624 0.520966 0.633593 7.11711 -0.60249</i>
                        <i>0.547815 0.260506 0.795006 -0.546157 0.831205 0.103973 -0.633728 -0.491157 0.597624 0.615791 7.14301 -0.632488</i>
                        <i>0.613478 0.320597 0.721707 -0.558916 0.821897 0.109995 -0.557905 -0.470853 0.683403 0.601054 7.17592 -0.663703</i>
                        <i>0.67086 0.388539 0.631652 -0.574252 0.811124 0.110961 -0.469236 -0.437166 0.76727 0.583991 7.21464 -0.696276</i>
                        <i>0.705966 0.468283 0.531342 -0.600714 0.793314 0.0989731 -0.375173 -0.389056 0.841356 0.559323 7.25782 -0.730296</i>
                        <i>0.706958 0.563017 0.428043 -0.646279 0.760099 0.0676175 -0.287286 -0.324438 0.901225 0.521947 7.30393 -0.765838</i>
                        <i>0.667676 0.676191 0.311406 -0.714678 0.699317 0.013811 -0.208433 -0.231777 0.950176 0.467594 7.35106 -0.804404</i>
                        <i>0.591456 0.788429 0.168996 -0.793469 0.606385 -0.0520072 -0.143481 -0.103333 0.984244 0.40025 7.3963 -0.845637</i>
                        <i>0.488477 0.872515 0.0104039 -0.866029 0.486235 -0.116489 -0.106697 0.047892 0.993137 0.327352 7.43721 -0.886978</i>
                        <i>0.376441 0.914482 -0.148376 -0.920698 0.351474 -0.16965 -0.102991 0.200473 0.974271 0.256062 7.47223 -0.926124</i>
                        <i>0.274304 0.916972 -0.289689 -0.953464 0.220131 -0.206029 -0.125153 0.332722 0.934683 0.193087 7.50037 -0.960993</i>
                        <i>0.196303 0.895807 -0.398741 -0.967959 0.112095 -0.224701 -0.156592 0.430074 0.889109 0.144694 7.52101 -0.989614</i>
                        <i>0.14787 0.872725 -0.465281 -0.972777 0.0434636 -0.227632 -0.178437 0.486274 0.855393 0.116744 7.53639 -1.00724</i>
                        <i>0.120713 0.861797 -0.492681 -0.975082 0.00988172 -0.221623 -0.186125 0.507158 0.841516 0.106522 7.54951 -1.01327</i>
                        <i>0.105722 0.866169 -0.488441 -0.977157 -0.000572789 -0.212519 -0.184357 0.499751 0.846322 0.107404 7.56108 -1.01195</i>
                        <i>0.0955439 0.883879 -0.457852 -0.978875 -9.75288e-005 -0.204458 -0.180761 0.467715 0.865198 0.112941 7.57176 -1.00745</i>
                        <i>0.0886834 0.911865 -0.400795 -0.980098 0.00813942 -0.198347 -0.177603 0.410409 0.894439 0.121778 7.58172 -1.0006</i>
                        <i>0.0880503 0.943655 -0.319003 -0.980915 0.0264066 -0.192635 -0.173357 0.329876 0.92797 0.135676 7.59035 -0.990287</i>
                        <i>0.0923134 0.971014 -0.220477 -0.980878 0.0505789 -0.187935 -0.171336 0.23361 0.957116 0.152875 7.59692 -0.977752</i>
                        <i>0.0991279 0.988416 -0.114921 -0.979809 0.0768019 -0.184597 -0.173633 0.1309 0.976072 0.171499 7.6009 -0.964293</i>
                        <i>0.105632 0.994316 -0.0132925 -0.977941 0.101451 -0.182589 -0.180203 0.0322865 0.983099 0.189565 7.60207 -0.951291</i>
                        <i>0.109325 0.991311 0.073144 -0.975923 0.121018 -0.181463 -0.188738 -0.0515444 0.980674 0.20503 7.55092 -0.940194</i>
                        <i>0.107175 0.988148 0.109899 -0.975044 0.126078 -0.18274 -0.19443 -0.0875714 0.977 0.205119 7.49904 -0.939201</i>
                        <i>0.0597456 0.977745 0.201108 -0.977724 0.0979295 -0.185648 -0.201211 -0.185537 0.961816 0.21208 7.50088 -0.962278</i>
                        <i>-0.00365069 0.972254 0.233901 -0.983228 0.0391616 -0.178129 -0.182346 -0.230628 0.955804 0.219323 7.51765 -0.985414</i>
                        <i>-0.0475275 0.985308 0.164038 -0.985379 -0.0193495 -0.169274 -0.163613 -0.169685 0.971822 0.221411 7.54991 -0.986383</i>
                        <i>-0.0757883 0.993907 0.0800353 -0.984315 -0.061749 -0.165262 -0.159313 -0.0913049 0.982997 0.222431 7.58271 -0.982504</i>
                        <i>-0.0726476 0.997321 -0.00859473 -0.982909 -0.073054 -0.168975 -0.16915 -0.00382778 0.985583 0.217655 7.60398 -0.975607</i>
                        <i>-0.0475077 0.994785 -0.0902563 -0.983414 -0.0624155 -0.170296 -0.175041 0.080669 0.981251 0.218801 7.59999 -0.963084</i>
                        <i>-0.0188347 0.987318 -0.157633 -0.985205 -0.0451879 -0.165314 -0.17034 0.152187 0.973562 0.232047 7.57735 -0.945214</i>
                        <i>0.00845738 0.97846 -0.206265 -0.986765 -0.0252376 -0.160179 -0.161935 0.20489 0.965296 0.247603 7.54428 -0.928034</i>
                        <i>0.0334445 0.97635 -0.213594 -0.987828 -0.000191801 -0.155551 -0.151913 0.216196 0.964459 0.26573 7.50194 -0.912876</i>
                        <i>0.0555616 0.982843 -0.175878 -0.98808 0.028796 -0.151226 -0.143567 0.182184 0.972727 0.286693 7.45193 -0.900384</i>
                        <i>0.0752923 0.991046 -0.110266 -0.987413 0.0586743 -0.146877 -0.139092 0.119937 0.98299 0.310015 7.39658 -0.890014</i>
                        <i>0.0938312 0.995248 -0.0260056 -0.985716 0.0891999 -0.142853 -0.139854 0.0390382 0.989402 0.334785 7.33826 -0.881225</i>
                        <i>0.111804 0.991477 0.0668805 -0.98293 0.120234 -0.139259 -0.146114 -0.0501691 0.987995 0.360123 7.27929 -0.873381</i>
                        <i>0.129665 0.978882 0.158043 -0.979058 0.151622 -0.135853 -0.156946 -0.137118 0.978042 0.385195 7.2219 -0.86577</i>
                        <i>0.148153 0.959987 0.237647 -0.974202 0.18303 -0.132027 -0.170241 -0.211956 0.962337 0.409212 7.16821 -0.857674</i>
                    </KeyFrames>
                </p>
            </i>
