<?xml version="1.0" encoding="ISO-8859-1" ?>
<Animl Version="1">
    <ModellingPackage><![CDATA[Maya.2010]]></ModellingPackage>
    <SrcFile><![CDATA[anims\turrets\special\blue\~src\firework_cannon\firework_cannon_winddown_crewmana.mb]]></SrcFile>
    <FramesPerSecond>30</FramesPerSecond>
    <TotalFrames>31</TotalFrames>
    <Skeleton>
        <RefFrame>
            <Name><![CDATA[soldier_ref_frame]]></Name>
            <Exclude>0</Exclude>
            <Additive>0</Additive>
            <IKPriority>0</IKPriority>
            <IKRotLimits>-1e+010 -1e+010 -1e+010 1e+010 1e+010 1e+010</IKRotLimits>
            <IKRotLimitOrder>0</IKRotLimitOrder>
            <KeyFrames count="31">
                <i>1 0 0 0 1 0 0 0 1 0 4.2 -0.55</i>
                <i>1 0 0 0 1 0 0 0 1 0 4.2 -0.55</i>
                <i>1 0 0 0 1 0 0 0 1 0 4.2 -0.55</i>
                <i>1 0 0 0 1 0 0 0 1 0 4.2 -0.55</i>
                <i>1 0 0 0 1 0 0 0 1 0 4.2 -0.55</i>
                <i>1 0 0 0 1 0 0 0 1 0 4.2 -0.55</i>
                <i>1 0 0 0 1 0 0 0 1 0 4.2 -0.55</i>
                <i>1 0 0 0 1 0 0 0 1 0 4.2 -0.55</i>
                <i>1 0 0 0 1 0 0 0 1 0 4.2 -0.55</i>
                <i>1 0 0 0 1 0 0 0 1 0 4.2 -0.55</i>
                <i>1 0 0 0 1 0 0 0 1 0 4.2 -0.55</i>
                <i>1 0 0 0 1 0 0 0 1 0 4.2 -0.55</i>
                <i>1 0 0 0 1 0 0 0 1 0 4.2 -0.55</i>
                <i>1 0 0 0 1 0 0 0 1 0 4.2 -0.55</i>
                <i>1 0 0 0 1 0 0 0 1 0 4.2 -0.55</i>
                <i>1 0 0 0 1 0 0 0 1 0 4.2 -0.55</i>
                <i>1 0 0 0 1 0 0 0 1 0 4.2 -0.55</i>
                <i>1 0 0 0 1 0 0 0 1 0 4.2 -0.55</i>
                <i>1 0 0 0 1 0 0 0 1 0 4.2 -0.55</i>
                <i>1 0 0 0 1 0 0 0 1 0 4.2 -0.55</i>
                <i>1 0 0 0 1 0 0 0 1 0 4.2 -0.55</i>
                <i>1 0 0 0 1 0 0 0 1 0 4.2 -0.55</i>
                <i>1 0 0 0 1 0 0 0 1 0 4.2 -0.55</i>
                <i>1 0 0 0 1 0 0 0 1 0 4.2 -0.55</i>
                <i>1 0 0 0 1 0 0 0 1 0 4.2 -0.55</i>
                <i>1 0 0 0 1 0 0 0 1 0 4.2 -0.55</i>
                <i>1 0 0 0 1 0 0 0 1 0 4.2 -0.55</i>
                <i>1 0 0 0 1 0 0 0 1 0 4.2 -0.55</i>
                <i>1 0 0 0 1 0 0 0 1 0 4.2 -0.55</i>
                <i>1 0 0 0 1 0 0 0 1 0 4.2 -0.55</i>
                <i>1 0 0 0 1 0 0 0 1 0 4.2 -0.55</i>
            </KeyFrames>
        </RefFrame>
        <Bones count="23">
            <i>
                <p>
                    <Name><![CDATA[pelvis]]></Name>
                    <Exclude>0</Exclude>
                    <Additive>0</Additive>
                    <IKPriority>0</IKPriority>
                    <IKRotLimits>-1e+010 -1e+010 -1e+010 1e+010 1e+010 1e+010</IKRotLimits>
                    <IKRotLimitOrder>2</IKRotLimitOrder>
                    <KeyFrames count="31">
                        <i>1 0 0 0 1 0 0 0 1 0.156736 5.27392 -0.691782</i>
                        <i>1 0 0 0 1 0 0 0 1 0.156736 5.26578 -0.691782</i>
                        <i>1 0 0 0 1 0 0 0 1 0.156736 5.2594 -0.691782</i>
                        <i>1 0 0 0 1 0 0 0 1 0.156736 5.26231 -0.691782</i>
                        <i>1 0 0 0 1 0 0 0 1 0.156736 5.27271 -0.691782</i>
                        <i>1 0 0 0 1 0 0 0 1 0.156736 5.28032 -0.691782</i>
                        <i>1 0 0 0 1 0 0 0 1 0.156736 5.27421 -0.691782</i>
                        <i>1 0 0 0 1 0 0 0 1 0.156736 5.26775 -0.691782</i>
                        <i>1 0 0 0 1 0 0 0 1 0.156736 5.27513 -0.691782</i>
                        <i>1 0 0 0 1 0 0 0 1 0.156736 5.28303 -0.691782</i>
                        <i>1 0 0 0 1 0 0 0 1 0.156736 5.28437 -0.691782</i>
                        <i>1 0 0 0 1 0 0 0 1 0.156736 5.28492 -0.691782</i>
                        <i>1 0 0 0 1 0 0 0 1 0.156736 5.28468 -0.691782</i>
                        <i>1 0 0 0 1 0 0 0 1 0.156736 5.28364 -0.691782</i>
                        <i>1 0 0 0 1 0 0 0 1 0.156736 5.28179 -0.691782</i>
                        <i>1 0 0 0 1 0 0 0 1 0.156736 5.27914 -0.691782</i>
                        <i>1 0 0 0 1 0 0 0 1 0.156736 5.27223 -0.691782</i>
                        <i>1 0 0 0 1 0 0 0 1 0.156736 5.26281 -0.691782</i>
                        <i>1 0 0 0 1 0 0 0 1 0.156736 5.25861 -0.691782</i>
                        <i>1 0 0 0 1 0 0 0 1 0.156736 5.27157 -0.691782</i>
                        <i>1 0 0 0 1 0 0 0 1 0.156736 5.28424 -0.691782</i>
                        <i>1 0 0 0 1 0 0 0 1 0.156736 5.27246 -0.691782</i>
                        <i>1 0 0 0 1 0 0 0 1 0.156736 5.2602 -0.691782</i>
                        <i>1 0 0 0 1 0 0 0 1 0.156736 5.26048 -0.691782</i>
                        <i>1 0 0 0 1 0 0 0 1 0.156736 5.26219 -0.691782</i>
                        <i>1 0 0 0 1 0 0 0 1 0.156736 5.26488 -0.691782</i>
                        <i>1 0 0 0 1 0 0 0 1 0.156736 5.2681 -0.691782</i>
                        <i>1 0 0 0 1 0 0 0 1 0.156736 5.27142 -0.691782</i>
                        <i>1 0 0 0 1 0 0 0 1 0.156736 5.2744 -0.691782</i>
                        <i>1 0 0 0 1 0 0 0 1 0.156736 5.27658 -0.691782</i>
                        <i>1 0 0 0 1 0 0 0 1 0.156736 5.27754 -0.691782</i>
                    </KeyFrames>
                </p>
            </i>
            <i>
                <p>
                    <Name><![CDATA[spine0]]></Name>
                    <Exclude>0</Exclude>
                    <Additive>0</Additive>
                    <IKPriority>0</IKPriority>
                    <IKRotLimits>-1e+010 -1e+010 -1e+010 1e+010 1e+010 1e+010</IKRotLimits>
                    <IKRotLimitOrder>0</IKRotLimitOrder>
                    <KeyFrames count="31">
                        <i>0.273571 0.961852 0.000162841 -0.961851 0.273571 -0.00161033 -0.00159344 0.000283909 0.999999 0.20659 5.39838 -0.743955</i>
                        <i>0.273597 0.961844 0.000102962 -0.961842 0.273596 -0.00212311 -0.00207028 0.000481845 0.999998 0.206683 5.39047 -0.743281</i>
                        <i>0.273621 0.961838 0.000273153 -0.961834 0.273621 -0.00268587 -0.00265811 0.000472183 0.999996 0.206784 5.38436 -0.742539</i>
                        <i>0.273642 0.961831 0.000648598 -0.961826 0.273643 -0.00328694 -0.00333897 0.000275608 0.999994 0.206891 5.38755 -0.741744</i>
                        <i>0.27366 0.961826 0.00120372 -0.961818 0.273662 -0.00391473 -0.0040947 -8.64587e-005 0.999992 0.207 5.39823 -0.740911</i>
                        <i>0.273673 0.961821 0.00191222 -0.96181 0.273679 -0.00455767 -0.004907 -0.000591886 0.999988 0.20711 5.40613 -0.740056</i>
                        <i>0.273682 0.961816 0.00274716 -0.961803 0.273693 -0.00520424 -0.0057574 -0.00121793 0.999983 0.207219 5.4003 -0.739193</i>
                        <i>0.273686 0.961812 0.00368106 -0.961796 0.273704 -0.00584291 -0.00662731 -0.00194131 0.999976 0.207324 5.39412 -0.738339</i>
                        <i>0.273686 0.961808 0.00468602 -0.96179 0.273713 -0.00646217 -0.00749799 -0.00273836 0.999968 0.207424 5.40176 -0.737509</i>
                        <i>0.273683 0.961803 0.00573387 -0.961784 0.273719 -0.00705047 -0.00835064 -0.00358515 0.999959 0.207518 5.4099 -0.736719</i>
                        <i>0.273677 0.961798 0.00679625 -0.961778 0.273725 -0.00759624 -0.00916635 -0.00445757 0.999948 0.207603 5.41147 -0.735985</i>
                        <i>0.273668 0.961792 0.00784474 -0.961773 0.273729 -0.00808787 -0.00992618 -0.00533146 0.999937 0.207678 5.41222 -0.735323</i>
                        <i>0.273659 0.961786 0.008851 -0.961768 0.273733 -0.00851371 -0.0106112 -0.00618275 0.999925 0.207743 5.41215 -0.734749</i>
                        <i>0.27365 0.961779 0.00978678 -0.961764 0.273736 -0.00886211 -0.0112024 -0.00698746 0.999913 0.207795 5.41125 -0.734278</i>
                        <i>0.273643 0.961773 0.0106241 -0.961761 0.27374 -0.00912136 -0.0116809 -0.00772181 0.999902 0.207833 5.4095 -0.733928</i>
                        <i>0.273637 0.961766 0.0113351 -0.961758 0.273744 -0.00927981 -0.0120279 -0.00836232 0.999893 0.207857 5.4069 -0.733714</i>
                        <i>0.273634 0.96176 0.0118873 -0.961756 0.273748 -0.0093258 -0.0122233 -0.00888081 0.999886 0.207863 5.40002 -0.733651</i>
                        <i>0.273634 0.961755 0.0123357 -0.961755 0.273753 -0.00928757 -0.0123093 -0.00932252 0.999881 0.207858 5.39058 -0.733703</i>
                        <i>0.273634 0.961749 0.0127612 -0.961755 0.273758 -0.00920321 -0.0123447 -0.00975484 0.999876 0.207845 5.38635 -0.733816</i>
                        <i>0.273635 0.961743 0.0131643 -0.961755 0.273762 -0.00907586 -0.0123325 -0.0101773 0.999872 0.207827 5.39926 -0.733988</i>
                        <i>0.273636 0.961738 0.0135454 -0.961755 0.273767 -0.00890863 -0.012276 -0.0105896 0.999869 0.207802 5.41186 -0.734214</i>
                        <i>0.273638 0.961732 0.0139051 -0.961756 0.27377 -0.00870468 -0.0121784 -0.0109913 0.999865 0.207772 5.40001 -0.734489</i>
                        <i>0.273639 0.961727 0.014244 -0.961757 0.273773 -0.00846711 -0.0120427 -0.0113824 0.999863 0.207736 5.38765 -0.73481</i>
                        <i>0.27364 0.961722 0.014563 -0.961759 0.273774 -0.00819906 -0.0118722 -0.0117625 0.99986 0.207696 5.38783 -0.735171</i>
                        <i>0.273639 0.961718 0.0148627 -0.961762 0.273774 -0.00790364 -0.0116701 -0.0121316 0.999858 0.207651 5.38942 -0.735569</i>
                        <i>0.273638 0.961714 0.0151438 -0.961765 0.273772 -0.00758395 -0.0114395 -0.0124895 0.999857 0.207601 5.39197 -0.736</i>
                        <i>0.273635 0.96171 0.0154072 -0.961769 0.273767 -0.00724307 -0.0111837 -0.0128362 0.999855 0.207548 5.39506 -0.736459</i>
                        <i>0.27363 0.961708 0.0156534 -0.961773 0.273761 -0.00688409 -0.0109058 -0.0131713 0.999854 0.207492 5.39823 -0.736942</i>
                        <i>0.273624 0.961706 0.0158831 -0.961778 0.273752 -0.00651009 -0.0106088 -0.0134947 0.999853 0.207432 5.40105 -0.737444</i>
                        <i>0.273615 0.961704 0.0160969 -0.961784 0.273741 -0.00612412 -0.010296 -0.0138061 0.999852 0.20737 5.40307 -0.737962</i>
                        <i>0.273605 0.961704 0.0162952 -0.96179 0.273727 -0.00572926 -0.00997028 -0.014105 0.999851 0.207305 5.40386 -0.738491</i>
                    </KeyFrames>
                </p>
            </i>
            <i>
                <p>
                    <Name><![CDATA[spine1]]></Name>
                    <Exclude>0</Exclude>
                    <Additive>0</Additive>
                    <IKPriority>0</IKPriority>
                    <IKRotLimits>-1e+010 -1e+010 -1e+010 1e+010 1e+010 1e+010</IKRotLimits>
                    <IKRotLimitOrder>0</IKRotLimitOrder>
                    <KeyFrames count="31">
                        <i>0.187875 0.959342 0.210632 -0.982183 0.182523 0.044749 0.00448448 -0.215286 0.976541 0.25372 5.56408 -0.743932</i>
                        <i>0.188008 0.960916 0.203209 -0.982151 0.182742 0.0445464 0.00567053 -0.207957 0.978122 0.253758 5.55597 -0.743267</i>
                        <i>0.188121 0.96243 0.195804 -0.982122 0.182963 0.0442709 0.00678282 -0.200631 0.979643 0.2538 5.54964 -0.742494</i>
                        <i>0.188216 0.96387 0.18849 -0.982097 0.183183 0.0439341 0.00781848 -0.193385 0.981092 0.253846 5.55259 -0.741633</i>
                        <i>0.188294 0.965225 0.181345 -0.982073 0.183399 0.0435471 0.00877414 -0.186294 0.982455 0.253893 5.56305 -0.740704</i>
                        <i>0.188357 0.966483 0.174446 -0.982053 0.183609 0.043121 0.00964596 -0.179437 0.983722 0.253941 5.57072 -0.739726</i>
                        <i>0.188407 0.967637 0.167873 -0.982036 0.183808 0.042667 0.0104296 -0.172896 0.984885 0.253989 5.56467 -0.73872</i>
                        <i>0.188445 0.968679 0.161709 -0.982021 0.183996 0.0421957 0.0111203 -0.166753 0.985936 0.254035 5.55828 -0.737706</i>
                        <i>0.188472 0.969604 0.156035 -0.982009 0.18417 0.041718 0.0117131 -0.16109 0.98687 0.254079 5.56572 -0.736704</i>
                        <i>0.18849 0.970407 0.150936 -0.981999 0.184327 0.0412444 0.0122023 -0.155993 0.987683 0.25412 5.57368 -0.735735</i>
                        <i>0.1885 0.971085 0.146498 -0.981993 0.184465 0.0407854 0.0125824 -0.151548 0.98837 0.254157 5.57508 -0.734821</i>
                        <i>0.188503 0.971634 0.142806 -0.981988 0.184582 0.0403514 0.0128475 -0.14784 0.988928 0.25419 5.57568 -0.73398</i>
                        <i>0.1885 0.972051 0.139946 -0.981987 0.184675 0.0399528 0.0129916 -0.144956 0.989353 0.254217 5.57549 -0.733235</i>
                        <i>0.188491 0.97233 0.138003 -0.981989 0.184743 0.0395998 0.013009 -0.142982 0.98964 0.254239 5.57448 -0.732606</i>
                        <i>0.188476 0.972466 0.137063 -0.981993 0.184783 0.0393028 0.0128937 -0.142003 0.989782 0.254256 5.57266 -0.732114</i>
                        <i>0.188455 0.97245 0.13721 -0.982 0.184793 0.0390722 0.0126404 -0.142103 0.989771 0.254266 5.57002 -0.731779</i>
                        <i>0.188427 0.972271 0.138506 -0.982011 0.18477 0.0389197 0.0122487 -0.143348 0.989596 0.254269 5.56312 -0.731623</i>
                        <i>0.188392 0.97196 0.140719 -0.982024 0.184722 0.0388219 0.0117394 -0.145504 0.989288 0.254267 5.5537 -0.731599</i>
                        <i>0.188349 0.971554 0.143556 -0.982039 0.184657 0.0387457 0.011135 -0.148275 0.988883 0.254262 5.54949 -0.73164</i>
                        <i>0.188299 0.971053 0.146966 -0.982056 0.184577 0.0386901 0.0104435 -0.151614 0.988385 0.254255 5.56244 -0.731743</i>
                        <i>0.188241 0.970461 0.150902 -0.982075 0.184483 0.038654 0.00967326 -0.155474 0.987793 0.254245 5.5751 -0.731904</i>
                        <i>0.188174 0.969777 0.155314 -0.982096 0.184377 0.0386365 0.00883243 -0.159804 0.987109 0.254234 5.5633 -0.732118</i>
                        <i>0.188099 0.969004 0.160153 -0.982118 0.184259 0.0386365 0.00792931 -0.164557 0.986336 0.25422 5.55102 -0.73238</i>
                        <i>0.188014 0.968144 0.16537 -0.982141 0.18413 0.0386531 0.00697222 -0.169684 0.985474 0.254205 5.55129 -0.732687</i>
                        <i>0.18792 0.967199 0.170914 -0.982166 0.183992 0.0386852 0.00596947 -0.175136 0.984526 0.254188 5.55297 -0.733033</i>
                        <i>0.187817 0.966172 0.176737 -0.982192 0.183846 0.0387318 0.0049293 -0.180864 0.983496 0.254169 5.55564 -0.733415</i>
                        <i>0.187704 0.965068 0.182789 -0.982218 0.183692 0.0387919 0.00385999 -0.18682 0.982387 0.25415 5.55884 -0.733828</i>
                        <i>0.187582 0.96389 0.18902 -0.982245 0.183533 0.0388645 0.00276968 -0.192955 0.981204 0.254129 5.56215 -0.734267</i>
                        <i>0.187452 0.962646 0.195383 -0.982272 0.183369 0.0389486 0.00166651 -0.199221 0.979953 0.254107 5.5651 -0.734729</i>
                        <i>0.187314 0.961342 0.201829 -0.9823 0.183201 0.039043 0.000558425 -0.20557 0.978642 0.254085 5.56727 -0.735209</i>
                        <i>0.187169 0.959987 0.20831 -0.982328 0.18303 0.0391468 -0.000546621 -0.211956 0.977279 0.254062 5.56821 -0.735703</i>
                    </KeyFrames>
                </p>
            </i>
            <i>
                <p>
                    <Name><![CDATA[spine2]]></Name>
                    <Exclude>0</Exclude>
                    <Additive>0</Additive>
                    <IKPriority>0</IKPriority>
                    <IKRotLimits>-1e+010 -1e+010 -1e+010 1e+010 1e+010 1e+010</IKRotLimits>
                    <IKRotLimitOrder>0</IKRotLimitOrder>
                    <KeyFrames count="31">
                        <i>0.252071 0.872298 0.418995 -0.967669 0.231102 0.101032 -0.00870024 -0.430916 0.90235 0.283552 5.71615 -0.710509</i>
                        <i>0.252651 0.875405 0.412109 -0.967534 0.231532 0.101344 -0.00669935 -0.424334 0.905481 0.283575 5.7081 -0.711065</i>
                        <i>0.253201 0.878349 0.405453 -0.967402 0.231958 0.101632 -0.0047801 -0.417969 0.908449 0.283597 5.70182 -0.711509</i>
                        <i>0.25372 0.881117 0.399072 -0.967273 0.232378 0.101896 -0.0029537 -0.411864 0.91124 0.283618 5.7048 -0.711849</i>
                        <i>0.254206 0.883698 0.393012 -0.967149 0.232789 0.102135 -0.00123188 -0.406064 0.913844 0.283639 5.71527 -0.712092</i>
                        <i>0.254658 0.886077 0.387321 -0.967031 0.233184 0.10235 0.000373093 -0.400615 0.916246 0.283658 5.72293 -0.712243</i>
                        <i>0.255073 0.888243 0.382049 -0.96692 0.233562 0.10254 0.00184851 -0.395566 0.918435 0.283675 5.71687 -0.712311</i>
                        <i>0.25545 0.890184 0.37725 -0.966817 0.233916 0.102704 0.00318125 -0.390967 0.920399 0.283691 5.71046 -0.712302</i>
                        <i>0.255786 0.891887 0.372975 -0.966724 0.234241 0.102842 0.00435788 -0.38687 0.922124 0.283705 5.71787 -0.712224</i>
                        <i>0.256077 0.89334 0.369281 -0.966641 0.234531 0.102954 0.00536465 -0.383326 0.923597 0.283717 5.72579 -0.712085</i>
                        <i>0.256322 0.894528 0.366221 -0.966572 0.234782 0.103037 0.00618763 -0.38039 0.924806 0.283727 5.72715 -0.711891</i>
                        <i>0.256517 0.895439 0.363852 -0.966516 0.234987 0.103093 0.00681292 -0.378113 0.925734 0.283735 5.72771 -0.711651</i>
                        <i>0.256656 0.896057 0.362227 -0.966476 0.235141 0.103119 0.00722651 -0.37655 0.926368 0.283741 5.72747 -0.711372</i>
                        <i>0.256738 0.896367 0.361403 -0.966453 0.235237 0.103116 0.00741463 -0.375752 0.926691 0.283744 5.72642 -0.711061</i>
                        <i>0.256755 0.896351 0.36143 -0.966448 0.235269 0.103081 0.0073638 -0.37577 0.926684 0.283745 5.72455 -0.710727</i>
                        <i>0.256704 0.89599 0.362359 -0.966464 0.235234 0.103015 0.00706095 -0.376652 0.926328 0.283744 5.72187 -0.710375</i>
                        <i>0.256582 0.895273 0.364215 -0.966501 0.235127 0.102916 0.00650081 -0.378421 0.925611 0.28374 5.71493 -0.710019</i>
                        <i>0.256399 0.894256 0.366832 -0.966554 0.234963 0.102789 0.00572779 -0.380918 0.924591 0.283735 5.70547 -0.709646</i>
                        <i>0.256171 0.893009 0.370016 -0.96662 0.234759 0.102639 0.00479301 -0.383958 0.923338 0.283727 5.70122 -0.709241</i>
                        <i>0.2559 0.891544 0.373717 -0.966696 0.234519 0.102467 0.00371027 -0.387492 0.921865 0.283719 5.71412 -0.708805</i>
                        <i>0.255588 0.889874 0.377887 -0.966783 0.234246 0.102275 0.0024934 -0.391475 0.920185 0.283709 5.72673 -0.708343</i>
                        <i>0.255239 0.888013 0.382475 -0.966877 0.233946 0.102065 0.00115642 -0.395857 0.918311 0.283698 5.71489 -0.707856</i>
                        <i>0.254853 0.885972 0.387431 -0.96698 0.233622 0.101838 -0.000286764 -0.400592 0.916256 0.283685 5.70255 -0.707349</i>
                        <i>0.254434 0.883767 0.392707 -0.967088 0.233278 0.101596 -0.00182217 -0.405632 0.914035 0.283671 5.70276 -0.706825</i>
                        <i>0.253985 0.881412 0.398252 -0.967202 0.232917 0.101342 -0.00343588 -0.410929 0.911661 0.283656 5.70438 -0.706286</i>
                        <i>0.253509 0.878922 0.404017 -0.967319 0.232544 0.101076 -0.00511411 -0.416437 0.90915 0.28364 5.70699 -0.705737</i>
                        <i>0.253008 0.876313 0.409954 -0.96744 0.232162 0.1008 -0.00684315 -0.422109 0.906519 0.283623 5.71012 -0.705179</i>
                        <i>0.252486 0.873603 0.416015 -0.967562 0.231775 0.100518 -0.00860946 -0.4279 0.903785 0.283605 5.71335 -0.704617</i>
                        <i>0.251947 0.87081 0.422153 -0.967685 0.231386 0.100229 -0.0103996 -0.433764 0.900966 0.283586 5.71623 -0.704053</i>
                        <i>0.251394 0.867952 0.428323 -0.967808 0.230998 0.099938 -0.0122006 -0.439658 0.898082 0.283566 5.71832 -0.70349</i>
                        <i>0.250831 0.86505 0.434479 -0.96793 0.230615 0.0996452 -0.0139994 -0.44554 0.895153 0.283546 5.71917 -0.702934</i>
                    </KeyFrames>
                </p>
            </i>
            <i>
                <p>
                    <Name><![CDATA[head]]></Name>
                    <Exclude>0</Exclude>
                    <Additive>0</Additive>
                    <IKPriority>0</IKPriority>
                    <IKRotLimits>-1e+010 -1e+010 -1e+010 1e+010 1e+010 1e+010</IKRotLimits>
                    <IKRotLimitOrder>0</IKRotLimitOrder>
                    <KeyFrames count="31">
                        <i>0.215996 0.973034 0.0809364 -0.576281 0.19396 -0.793901 -0.788191 0.124837 0.602636 0.358005 5.94184 -0.611395</i>
                        <i>0.21645 0.972869 0.0817094 -0.575416 0.194737 -0.794338 -0.788699 0.124918 0.601955 0.358107 5.93431 -0.61354</i>
                        <i>0.216927 0.972695 0.0825005 -0.57462 0.195555 -0.794714 -0.789148 0.124989 0.601352 0.358198 5.92849 -0.615487</i>
                        <i>0.21742 0.972517 0.0832982 -0.573894 0.196398 -0.79503 -0.78954 0.125051 0.600823 0.358278 5.93189 -0.617236</i>
                        <i>0.217918 0.972338 0.0840904 -0.57324 0.197252 -0.795291 -0.789878 0.125104 0.600368 0.358347 5.94271 -0.618784</i>
                        <i>0.218414 0.972159 0.084865 -0.572658 0.198102 -0.795499 -0.790163 0.12515 0.599983 0.358406 5.95069 -0.620133</i>
                        <i>0.218899 0.971985 0.0856102 -0.572151 0.198933 -0.795657 -0.790397 0.125187 0.599668 0.358456 5.94489 -0.621282</i>
                        <i>0.219364 0.971818 0.0863134 -0.571719 0.199729 -0.795767 -0.79058 0.125216 0.59942 0.358496 5.93869 -0.622231</i>
                        <i>0.2198 0.971661 0.0869625 -0.571364 0.200475 -0.795834 -0.790715 0.125237 0.599237 0.358528 5.94626 -0.622979</i>
                        <i>0.220198 0.971519 0.0875449 -0.571089 0.201155 -0.79586 -0.790803 0.125251 0.599118 0.358551 5.9543 -0.623526</i>
                        <i>0.220549 0.971394 0.0880481 -0.570894 0.201755 -0.795848 -0.790846 0.125258 0.59906 0.358566 5.95574 -0.623872</i>
                        <i>0.220845 0.971289 0.0884593 -0.570782 0.202257 -0.795801 -0.790845 0.125257 0.599062 0.358572 5.95633 -0.624018</i>
                        <i>0.221074 0.971209 0.0887655 -0.570755 0.202646 -0.795722 -0.7908 0.12525 0.599122 0.358569 5.95607 -0.623964</i>
                        <i>0.221229 0.971156 0.0889537 -0.570813 0.202906 -0.795614 -0.790715 0.125237 0.599238 0.358559 5.95497 -0.623709</i>
                        <i>0.22856 0.968254 0.101215 -0.560094 0.215821 -0.799822 -0.796276 0.126118 0.591641 0.35854 5.953 -0.623255</i>
                        <i>0.245745 0.9602 0.132763 -0.531912 0.248079 -0.809646 -0.810358 0.128348 0.571706 0.358512 5.95017 -0.622601</i>
                        <i>0.26563 0.947894 0.175893 -0.492698 0.290295 -0.820352 -0.828668 0.131248 0.544136 0.358476 5.94304 -0.621758</i>
                        <i>0.282225 0.933528 0.221078 -0.450825 0.332471 -0.828384 -0.846821 0.134123 0.514689 0.358433 5.93335 -0.620745</i>
                        <i>0.292396 0.921154 0.256866 -0.417091 0.364552 -0.832549 -0.860546 0.136297 0.490798 0.358382 5.92883 -0.619575</i>
                        <i>0.295785 0.915946 0.271207 -0.403523 0.377142 -0.833627 -0.865841 0.137136 0.481158 0.358324 5.94143 -0.618264</i>
                        <i>0.295797 0.916038 0.270885 -0.40402 0.376933 -0.83348 -0.865605 0.137098 0.481593 0.358259 5.9537 -0.616823</i>
                        <i>0.295802 0.916144 0.270521 -0.404562 0.37669 -0.833327 -0.86535 0.137058 0.482062 0.358188 5.94149 -0.615267</i>
                        <i>0.2958 0.916263 0.270118 -0.405143 0.376415 -0.833169 -0.865079 0.137015 0.482562 0.35811 5.92876 -0.61361</i>
                        <i>0.29579 0.916396 0.269679 -0.405761 0.376109 -0.833007 -0.864792 0.13697 0.483087 0.358027 5.92854 -0.611865</i>
                        <i>0.295772 0.91654 0.269208 -0.406411 0.375774 -0.832841 -0.864494 0.136922 0.483635 0.357939 5.92972 -0.610046</i>
                        <i>0.295746 0.916696 0.268706 -0.407087 0.375412 -0.832674 -0.864184 0.136873 0.484202 0.357846 5.93185 -0.608166</i>
                        <i>0.295712 0.916862 0.268178 -0.407786 0.375026 -0.832506 -0.863866 0.136823 0.484783 0.357748 5.9345 -0.60624</i>
                        <i>0.29567 0.917036 0.267626 -0.408503 0.374617 -0.832339 -0.863542 0.136772 0.485375 0.357647 5.93723 -0.604279</i>
                        <i>0.29562 0.917219 0.267054 -0.409233 0.374188 -0.832173 -0.863213 0.13672 0.485973 0.357543 5.93959 -0.602299</i>
                        <i>0.295562 0.917409 0.266466 -0.409971 0.373742 -0.83201 -0.862883 0.136667 0.486575 0.357436 5.94116 -0.600311</i>
                        <i>0.295497 0.917604 0.265866 -0.410713 0.373282 -0.831851 -0.862552 0.136615 0.487176 0.357327 5.94149 -0.59833</i>
                    </KeyFrames>
                </p>
            </i>
            <i>
                <p>
                    <Name><![CDATA[head_prop]]></Name>
                    <Exclude>0</Exclude>
                    <Additive>0</Additive>
                    <IKPriority>0</IKPriority>
                    <IKRotLimits>-1e+010 -1e+010 -1e+010 1e+010 1e+010 1e+010</IKRotLimits>
                    <IKRotLimitOrder>0</IKRotLimitOrder>
                    <KeyFrames count="31">
                        <i>0.788191 -0.124837 -0.602636 0.215996 0.973034 0.0809364 0.576281 -0.19396 0.793901 0.4284 6.25896 -0.585017</i>
                        <i>0.788699 -0.124918 -0.601955 0.21645 0.972869 0.0817094 0.575416 -0.194737 0.794338 0.42865 6.25138 -0.58691</i>
                        <i>0.789148 -0.124989 -0.601352 0.216927 0.972695 0.0825005 0.57462 -0.195555 0.794714 0.428896 6.2455 -0.5886</i>
                        <i>0.78954 -0.125051 -0.600823 0.21742 0.972517 0.0832982 0.573894 -0.196398 0.79503 0.429137 6.24884 -0.590088</i>
                        <i>0.789878 -0.125104 -0.600368 0.217918 0.972338 0.0840904 0.57324 -0.197252 0.795291 0.429368 6.25961 -0.591379</i>
                        <i>0.790163 -0.12515 -0.599983 0.218414 0.972159 0.084865 0.572658 -0.198102 0.795499 0.429589 6.26752 -0.592475</i>
                        <i>0.790397 -0.125187 -0.599668 0.218899 0.971985 0.0856102 0.572151 -0.198933 0.795657 0.429797 6.26166 -0.593381</i>
                        <i>0.79058 -0.125216 -0.59942 0.219364 0.971818 0.0863134 0.571719 -0.199729 0.795767 0.429989 6.25541 -0.5941</i>
                        <i>0.790715 -0.125237 -0.599237 0.2198 0.971661 0.0869625 0.571364 -0.200475 0.795834 0.430163 6.26294 -0.594637</i>
                        <i>0.790803 -0.125251 -0.599118 0.220198 0.971519 0.0875449 0.571089 -0.201155 0.79586 0.430316 6.27093 -0.594994</i>
                        <i>0.790846 -0.125258 -0.59906 0.220549 0.971394 0.0880481 0.570894 -0.201755 0.795848 0.430445 6.27232 -0.595177</i>
                        <i>0.790845 -0.125257 -0.599062 0.220845 0.971289 0.0884593 0.570782 -0.202257 0.795801 0.430547 6.27288 -0.595189</i>
                        <i>0.7908 -0.12525 -0.599122 0.221074 0.971209 0.0887655 0.570755 -0.202646 0.795722 0.430619 6.2726 -0.595035</i>
                        <i>0.790715 -0.125237 -0.599238 0.221229 0.971156 0.0889537 0.570813 -0.202906 0.795614 0.430659 6.27147 -0.594719</i>
                        <i>0.796276 -0.126118 -0.591641 0.22856 0.968254 0.101215 0.560094 -0.215821 0.799822 0.43303 6.26856 -0.590268</i>
                        <i>0.810358 -0.128348 -0.571706 0.245745 0.9602 0.132763 0.531912 -0.248079 0.809646 0.438603 6.26311 -0.579332</i>
                        <i>0.828668 -0.131248 -0.544136 0.26563 0.947894 0.175893 0.492698 -0.290295 0.820352 0.445047 6.25197 -0.564433</i>
                        <i>0.846821 -0.134123 -0.514689 0.282225 0.933528 0.221078 0.450825 -0.332471 0.828384 0.450412 6.23759 -0.548693</i>
                        <i>0.860546 -0.136297 -0.490798 0.292396 0.921154 0.256866 0.417091 -0.364552 0.832549 0.453676 6.22904 -0.535861</i>
                        <i>0.865841 -0.137136 -0.481158 0.295785 0.915946 0.271207 0.403523 -0.377142 0.833627 0.454723 6.23995 -0.529875</i>
                        <i>0.865605 -0.137098 -0.481593 0.295797 0.916038 0.270885 0.40402 -0.376933 0.83348 0.454662 6.25225 -0.528539</i>
                        <i>0.86535 -0.137058 -0.482062 0.295802 0.916144 0.270521 0.404562 -0.37669 0.833327 0.454592 6.24007 -0.527102</i>
                        <i>0.865079 -0.137015 -0.482562 0.2958 0.916263 0.270118 0.405143 -0.376415 0.833169 0.454514 6.22738 -0.525576</i>
                        <i>0.864792 -0.13697 -0.483087 0.29579 0.916396 0.269679 0.405761 -0.376109 0.833007 0.454428 6.2272 -0.523974</i>
                        <i>0.864494 -0.136922 -0.483635 0.295772 0.91654 0.269208 0.406411 -0.375774 0.832841 0.454334 6.22843 -0.522309</i>
                        <i>0.864184 -0.136873 -0.484202 0.295746 0.916696 0.268706 0.407087 -0.375412 0.832674 0.454232 6.23061 -0.520593</i>
                        <i>0.863866 -0.136823 -0.484783 0.295712 0.916862 0.268178 0.407786 -0.375026 0.832506 0.454124 6.23331 -0.518838</i>
                        <i>0.863542 -0.136772 -0.485375 0.29567 0.917036 0.267626 0.408503 -0.374617 0.832339 0.454009 6.2361 -0.517058</i>
                        <i>0.863213 -0.13672 -0.485973 0.29562 0.917219 0.267054 0.409233 -0.374188 0.832173 0.453888 6.23852 -0.515263</i>
                        <i>0.862883 -0.136667 -0.486575 0.295562 0.917409 0.266466 0.409971 -0.373742 0.83201 0.453762 6.24015 -0.513467</i>
                        <i>0.862552 -0.136615 -0.487176 0.295497 0.917604 0.265866 0.410713 -0.373282 0.831851 0.453632 6.24054 -0.511682</i>
                    </KeyFrames>
                </p>
            </i>
            <i>
                <p>
                    <Name><![CDATA[l_clav]]></Name>
                    <Exclude>0</Exclude>
                    <Additive>0</Additive>
                    <IKPriority>0</IKPriority>
                    <IKRotLimits>-1e+010 -1e+010 -1e+010 1e+010 1e+010 1e+010</IKRotLimits>
                    <IKRotLimitOrder>0</IKRotLimitOrder>
                    <KeyFrames count="31">
                        <i>0.915584 0.399792 -0.0432736 -0.375496 0.888494 0.263783 0.143907 -0.225266 0.963611 0.374152 5.73051 -0.665175</i>
                        <i>0.916909 0.396227 -0.0477628 -0.371591 0.891241 0.260017 0.145594 -0.220664 0.964422 0.374229 5.72271 -0.666255</i>
                        <i>0.918231 0.39263 -0.0519012 -0.367699 0.893844 0.256594 0.147138 -0.216529 0.965125 0.374299 5.71665 -0.667236</i>
                        <i>0.91955 0.389007 -0.0556934 -0.363819 0.896306 0.253518 0.148539 -0.21286 0.965726 0.374361 5.71983 -0.668117</i>
                        <i>0.920867 0.385364 -0.0591438 -0.359951 0.898631 0.250794 0.149796 -0.209659 0.966232 0.374415 5.73048 -0.668897</i>
                        <i>0.922184 0.381707 -0.0622574 -0.356093 0.900823 0.248427 0.150909 -0.206926 0.966648 0.374462 5.73829 -0.669577</i>
                        <i>0.923502 0.37804 -0.0650387 -0.352245 0.902884 0.246421 0.151879 -0.204661 0.966978 0.374501 5.73236 -0.670156</i>
                        <i>0.924821 0.374366 -0.0674926 -0.348405 0.904818 0.244781 0.152706 -0.202864 0.967227 0.374533 5.72605 -0.670634</i>
                        <i>0.926143 0.370691 -0.069624 -0.344574 0.906627 0.24351 0.15339 -0.201534 0.967396 0.374559 5.73354 -0.671011</i>
                        <i>0.927467 0.367017 -0.0714378 -0.340749 0.908311 0.242613 0.153931 -0.200673 0.967489 0.374577 5.74152 -0.671286</i>
                        <i>0.928795 0.363346 -0.0729389 -0.336932 0.909873 0.242092 0.154328 -0.200279 0.967508 0.374589 5.74291 -0.671461</i>
                        <i>0.930126 0.359681 -0.0741322 -0.333122 0.911312 0.241953 0.154583 -0.200351 0.967452 0.374594 5.74349 -0.671535</i>
                        <i>0.931461 0.356023 -0.0750228 -0.329318 0.912628 0.242197 0.154696 -0.200891 0.967322 0.374592 5.74324 -0.671507</i>
                        <i>0.932799 0.352374 -0.0756156 -0.325521 0.913822 0.242828 0.154666 -0.201896 0.967118 0.374584 5.74216 -0.671379</i>
                        <i>0.934142 0.348735 -0.0759156 -0.321731 0.914892 0.243849 0.154493 -0.203365 0.966837 0.374568 5.74025 -0.67115</i>
                        <i>0.935488 0.345105 -0.0759277 -0.317948 0.915836 0.245263 0.154179 -0.205299 0.966479 0.374546 5.73749 -0.67082</i>
                        <i>0.936836 0.341484 -0.0756717 -0.314173 0.916657 0.247052 0.153729 -0.207673 0.966043 0.374517 5.73046 -0.670395</i>
                        <i>0.938185 0.33787 -0.0751797 -0.310404 0.917365 0.249181 0.153158 -0.210442 0.965534 0.374483 5.72088 -0.669885</i>
                        <i>0.939533 0.334262 -0.0744752 -0.306642 0.917962 0.251628 0.152475 -0.213575 0.964954 0.374442 5.7165 -0.669295</i>
                        <i>0.940878 0.330659 -0.0735815 -0.302886 0.918454 0.254366 0.151689 -0.21704 0.964305 0.374397 5.72926 -0.668635</i>
                        <i>0.942218 0.327058 -0.0725211 -0.299136 0.918846 0.257371 0.150811 -0.220805 0.963588 0.374346 5.7417 -0.667909</i>
                        <i>0.943551 0.323457 -0.0713165 -0.295391 0.919142 0.260617 0.149848 -0.224839 0.962805 0.374291 5.72968 -0.667125</i>
                        <i>0.944878 0.319856 -0.0699896 -0.291653 0.919348 0.264079 0.148812 -0.22911 0.961958 0.374232 5.71715 -0.66629</i>
                        <i>0.946194 0.316252 -0.0685618 -0.28792 0.919468 0.267731 0.147711 -0.233585 0.961051 0.374169 5.71715 -0.665412</i>
                        <i>0.9475 0.312645 -0.0670542 -0.284191 0.919509 0.271547 0.146555 -0.238235 0.960086 0.374102 5.71856 -0.664496</i>
                        <i>0.948794 0.309032 -0.0654876 -0.280468 0.919477 0.275501 0.145353 -0.243026 0.959068 0.374033 5.72094 -0.663549</i>
                        <i>0.950074 0.305414 -0.0638822 -0.276748 0.919377 0.279565 0.144115 -0.247929 0.957999 0.373961 5.72384 -0.662579</i>
                        <i>0.95134 0.301789 -0.0622579 -0.273032 0.919217 0.283714 0.14285 -0.25291 0.956886 0.373887 5.72683 -0.661593</i>
                        <i>0.952589 0.298156 -0.060634 -0.269318 0.919005 0.28792 0.141568 -0.25794 0.955733 0.373812 5.72947 -0.660596</i>
                        <i>0.953822 0.294516 -0.0590296 -0.265605 0.918748 0.292157 0.140278 -0.262987 0.954547 0.373735 5.73132 -0.659596</i>
                        <i>0.955036 0.290868 -0.0574633 -0.261893 0.918456 0.296397 0.13899 -0.26802 0.953335 0.373657 5.73193 -0.658599</i>
                    </KeyFrames>
                </p>
            </i>
            <i>
                <p>
                    <Name><![CDATA[l_shoulder]]></Name>
                    <Exclude>0</Exclude>
                    <Additive>0</Additive>
                    <IKPriority>0</IKPriority>
                    <IKRotLimits>-1e+010 -1e+010 -1e+010 1e+010 1e+010 1e+010</IKRotLimits>
                    <IKRotLimitOrder>0</IKRotLimitOrder>
                    <KeyFrames count="31">
                        <i>0.248212 -0.90667 -0.341088 0.73764 -0.0513341 0.67324 -0.627916 -0.418706 0.656054 0.555051 5.8095 -0.673725</i>
                        <i>0.246628 -0.908408 -0.337595 0.73846 -0.04943 0.672483 -0.627576 -0.415154 0.658631 0.555391 5.801 -0.675692</i>
                        <i>0.244828 -0.910203 -0.334052 0.739212 -0.0477139 0.67178 -0.627395 -0.411406 0.661151 0.555721 5.79423 -0.67749</i>
                        <i>0.242883 -0.912007 -0.330531 0.739897 -0.0461861 0.671133 -0.627344 -0.407565 0.663574 0.556044 5.79669 -0.67912</i>
                        <i>0.240861 -0.913775 -0.327111 0.740515 -0.0448466 0.670542 -0.627394 -0.403738 0.665862 0.556358 5.80662 -0.680583</i>
                        <i>0.238837 -0.915459 -0.323869 0.741066 -0.0436953 0.670009 -0.627517 -0.400032 0.66798 0.556665 5.81371 -0.681877</i>
                        <i>0.236884 -0.917014 -0.32089 0.74155 -0.0427317 0.669536 -0.627686 -0.396558 0.669889 0.556965 5.80705 -0.683006</i>
                        <i>0.23508 -0.918396 -0.318256 0.741966 -0.0419552 0.669123 -0.627872 -0.393433 0.671556 0.557258 5.80002 -0.683969</i>
                        <i>0.233502 -0.919557 -0.316057 0.742316 -0.0413651 0.668772 -0.628048 -0.390773 0.672943 0.557545 5.80678 -0.684767</i>
                        <i>0.232231 -0.920453 -0.314379 0.742598 -0.0409611 0.668484 -0.628185 -0.3887 0.674014 0.557825 5.81404 -0.685401</i>
                        <i>0.231348 -0.921039 -0.313313 0.742813 -0.0407424 0.668258 -0.628257 -0.387333 0.674734 0.558099 5.8147 -0.685872</i>
                        <i>0.230933 -0.921268 -0.312945 0.74296 -0.0407087 0.668097 -0.628236 -0.386792 0.675064 0.558367 5.81456 -0.686182</i>
                        <i>0.231064 -0.921094 -0.313362 0.743039 -0.04086 0.668 -0.628094 -0.387191 0.674967 0.558629 5.81359 -0.68633</i>
                        <i>0.231814 -0.920469 -0.314641 0.74305 -0.0411967 0.667967 -0.627805 -0.388638 0.674404 0.558885 5.81178 -0.686319</i>
                        <i>0.233251 -0.919346 -0.316854 0.742991 -0.0417195 0.668 -0.627342 -0.391231 0.673335 0.559135 5.80915 -0.686149</i>
                        <i>0.235433 -0.917678 -0.32006 0.742863 -0.0424296 0.668098 -0.626679 -0.395053 0.67172 0.559378 5.80568 -0.685822</i>
                        <i>0.238142 -0.915592 -0.324006 0.742669 -0.0433147 0.668257 -0.625885 -0.399769 0.669666 0.559616 5.79793 -0.685346</i>
                        <i>0.241106 -0.913258 -0.328371 0.742415 -0.0443534 0.66847 -0.62505 -0.40496 0.667323 0.559848 5.78764 -0.684739</i>
                        <i>0.244295 -0.910692 -0.333107 0.742106 -0.0455338 0.668734 -0.624178 -0.410569 0.664706 0.560074 5.78254 -0.68401</i>
                        <i>0.247682 -0.907908 -0.338166 0.741746 -0.0468441 0.669043 -0.623271 -0.416543 0.661835 0.560294 5.79459 -0.683173</i>
                        <i>0.251241 -0.904923 -0.343501 0.741337 -0.0482725 0.669394 -0.622332 -0.42283 0.658725 0.560508 5.80632 -0.682237</i>
                        <i>0.254947 -0.90175 -0.349069 0.740885 -0.0498074 0.669782 -0.621362 -0.429379 0.655395 0.560717 5.79358 -0.681216</i>
                        <i>0.258774 -0.898406 -0.354827 0.740393 -0.051437 0.670203 -0.620366 -0.436143 0.651864 0.560919 5.78035 -0.680119</i>
                        <i>0.262701 -0.894907 -0.360735 0.739866 -0.0531497 0.670652 -0.619344 -0.443077 0.648148 0.561116 5.77964 -0.678958</i>
                        <i>0.266707 -0.891268 -0.366755 0.739306 -0.0549335 0.671125 -0.618299 -0.450138 0.644268 0.561308 5.78033 -0.677744</i>
                        <i>0.270771 -0.887505 -0.372851 0.738718 -0.0567766 0.671619 -0.617234 -0.457287 0.640243 0.561494 5.782 -0.676488</i>
                        <i>0.274874 -0.883637 -0.378986 0.738108 -0.0586672 0.672128 -0.616151 -0.464483 0.636093 0.561675 5.78418 -0.675201</i>
                        <i>0.278997 -0.879679 -0.38513 0.737477 -0.0605932 0.672648 -0.615051 -0.471692 0.631838 0.561851 5.78646 -0.673893</i>
                        <i>0.283124 -0.875651 -0.39125 0.736832 -0.0625423 0.673176 -0.613937 -0.478878 0.627501 0.562023 5.78838 -0.672576</i>
                        <i>0.287237 -0.87157 -0.397316 0.736177 -0.0645024 0.673708 -0.612812 -0.486009 0.623103 0.562189 5.78951 -0.671259</i>
                        <i>0.29132 -0.867456 -0.403302 0.735516 -0.0664609 0.67424 -0.611677 -0.493054 0.618667 0.562352 5.7894 -0.669952</i>
                    </KeyFrames>
                </p>
            </i>
            <i>
                <p>
                    <Name><![CDATA[l_elbow]]></Name>
                    <Exclude>0</Exclude>
                    <Additive>0</Additive>
                    <IKPriority>0</IKPriority>
                    <IKRotLimits>-1e+010 -1e+010 -1e+010 1e+010 1e+010 1e+010</IKRotLimits>
                    <IKRotLimitOrder>0</IKRotLimitOrder>
