<?xml version="1.0" encoding="ISO-8859-1" ?>
<Animl Version="1">
    <ModellingPackage><![CDATA[Maya.2010]]></ModellingPackage>
    <SrcFile><![CDATA[anims\turrets\special\blue\~src\firework_cannon\firework_cannon_idle_crewmanb.mb]]></SrcFile>
    <FramesPerSecond>30</FramesPerSecond>
    <TotalFrames>61</TotalFrames>
    <Skeleton>
        <RefFrame>
            <Name><![CDATA[soldier_ref_frame]]></Name>
            <Exclude>0</Exclude>
            <Additive>0</Additive>
            <IKPriority>0</IKPriority>
            <IKRotLimits>-1e+010 -1e+010 -1e+010 1e+010 1e+010 1e+010</IKRotLimits>
            <IKRotLimitOrder>0</IKRotLimitOrder>
            <KeyFrames count="61">
                <i>1 0 0 0 1 0 0 0 1 -1.4 2.45 -0.5</i>
                <i>1 0 0 0 1 0 0 0 1 -1.4 2.45 -0.5</i>
                <i>1 0 0 0 1 0 0 0 1 -1.4 2.45 -0.5</i>
                <i>1 0 0 0 1 0 0 0 1 -1.4 2.45 -0.5</i>
                <i>1 0 0 0 1 0 0 0 1 -1.4 2.45 -0.5</i>
                <i>1 0 0 0 1 0 0 0 1 -1.4 2.45 -0.5</i>
                <i>1 0 0 0 1 0 0 0 1 -1.4 2.45 -0.5</i>
                <i>1 0 0 0 1 0 0 0 1 -1.4 2.45 -0.5</i>
                <i>1 0 0 0 1 0 0 0 1 -1.4 2.45 -0.5</i>
                <i>1 0 0 0 1 0 0 0 1 -1.4 2.45 -0.5</i>
                <i>1 0 0 0 1 0 0 0 1 -1.4 2.45 -0.5</i>
                <i>1 0 0 0 1 0 0 0 1 -1.4 2.45 -0.5</i>
                <i>1 0 0 0 1 0 0 0 1 -1.4 2.45 -0.5</i>
                <i>1 0 0 0 1 0 0 0 1 -1.4 2.45 -0.5</i>
                <i>1 0 0 0 1 0 0 0 1 -1.4 2.45 -0.5</i>
                <i>1 0 0 0 1 0 0 0 1 -1.4 2.45 -0.5</i>
                <i>1 0 0 0 1 0 0 0 1 -1.4 2.45 -0.5</i>
                <i>1 0 0 0 1 0 0 0 1 -1.4 2.45 -0.5</i>
                <i>1 0 0 0 1 0 0 0 1 -1.4 2.45 -0.5</i>
                <i>1 0 0 0 1 0 0 0 1 -1.4 2.45 -0.5</i>
                <i>1 0 0 0 1 0 0 0 1 -1.4 2.45 -0.5</i>
                <i>1 0 0 0 1 0 0 0 1 -1.4 2.45 -0.5</i>
                <i>1 0 0 0 1 0 0 0 1 -1.4 2.45 -0.5</i>
                <i>1 0 0 0 1 0 0 0 1 -1.4 2.45 -0.5</i>
                <i>1 0 0 0 1 0 0 0 1 -1.4 2.45 -0.5</i>
                <i>1 0 0 0 1 0 0 0 1 -1.4 2.45 -0.5</i>
                <i>1 0 0 0 1 0 0 0 1 -1.4 2.45 -0.5</i>
                <i>1 0 0 0 1 0 0 0 1 -1.4 2.45 -0.5</i>
                <i>1 0 0 0 1 0 0 0 1 -1.4 2.45 -0.5</i>
                <i>1 0 0 0 1 0 0 0 1 -1.4 2.45 -0.5</i>
                <i>1 0 0 0 1 0 0 0 1 -1.4 2.45 -0.5</i>
                <i>1 0 0 0 1 0 0 0 1 -1.4 2.45 -0.5</i>
                <i>1 0 0 0 1 0 0 0 1 -1.4 2.45 -0.5</i>
                <i>1 0 0 0 1 0 0 0 1 -1.4 2.45 -0.5</i>
                <i>1 0 0 0 1 0 0 0 1 -1.4 2.45 -0.5</i>
                <i>1 0 0 0 1 0 0 0 1 -1.4 2.45 -0.5</i>
                <i>1 0 0 0 1 0 0 0 1 -1.4 2.45 -0.5</i>
                <i>1 0 0 0 1 0 0 0 1 -1.4 2.45 -0.5</i>
                <i>1 0 0 0 1 0 0 0 1 -1.4 2.45 -0.5</i>
                <i>1 0 0 0 1 0 0 0 1 -1.4 2.45 -0.5</i>
                <i>1 0 0 0 1 0 0 0 1 -1.4 2.45 -0.5</i>
                <i>1 0 0 0 1 0 0 0 1 -1.4 2.45 -0.5</i>
                <i>1 0 0 0 1 0 0 0 1 -1.4 2.45 -0.5</i>
                <i>1 0 0 0 1 0 0 0 1 -1.4 2.45 -0.5</i>
                <i>1 0 0 0 1 0 0 0 1 -1.4 2.45 -0.5</i>
                <i>1 0 0 0 1 0 0 0 1 -1.4 2.45 -0.5</i>
                <i>1 0 0 0 1 0 0 0 1 -1.4 2.45 -0.5</i>
                <i>1 0 0 0 1 0 0 0 1 -1.4 2.45 -0.5</i>
                <i>1 0 0 0 1 0 0 0 1 -1.4 2.45 -0.5</i>
                <i>1 0 0 0 1 0 0 0 1 -1.4 2.45 -0.5</i>
                <i>1 0 0 0 1 0 0 0 1 -1.4 2.45 -0.5</i>
                <i>1 0 0 0 1 0 0 0 1 -1.4 2.45 -0.5</i>
                <i>1 0 0 0 1 0 0 0 1 -1.4 2.45 -0.5</i>
                <i>1 0 0 0 1 0 0 0 1 -1.4 2.45 -0.5</i>
                <i>1 0 0 0 1 0 0 0 1 -1.4 2.45 -0.5</i>
                <i>1 0 0 0 1 0 0 0 1 -1.4 2.45 -0.5</i>
                <i>1 0 0 0 1 0 0 0 1 -1.4 2.45 -0.5</i>
                <i>1 0 0 0 1 0 0 0 1 -1.4 2.45 -0.5</i>
                <i>1 0 0 0 1 0 0 0 1 -1.4 2.45 -0.5</i>
                <i>1 0 0 0 1 0 0 0 1 -1.4 2.45 -0.5</i>
                <i>1 0 0 0 1 0 0 0 1 -1.4 2.45 -0.5</i>
            </KeyFrames>
        </RefFrame>
        <Bones count="23">
            <i>
                <p>
                    <Name><![CDATA[pelvis]]></Name>
                    <Exclude>0</Exclude>
                    <Additive>0</Additive>
                    <IKPriority>0</IKPriority>
                    <IKRotLimits>-1e+010 -1e+010 -1e+010 1e+010 1e+010 1e+010</IKRotLimits>
                    <IKRotLimitOrder>2</IKRotLimitOrder>
                    <KeyFrames count="61">
                        <i>1 0 0 0 1 0 0 0 1 -1.24166 3.56922 -0.992813</i>
                        <i>1 0 0 0 1 0 0 0 1 -1.24118 3.56746 -0.992813</i>
                        <i>1 0 0 0 1 0 0 0 1 -1.24068 3.56622 -0.992813</i>
                        <i>1 0 0 0 1 0 0 0 1 -1.24018 3.56545 -0.992813</i>
                        <i>1 0 0 0 1 0 0 0 1 -1.23968 3.5651 -0.992813</i>
                        <i>1 0 0 0 1 0 0 0 1 -1.23919 3.56514 -0.992813</i>
                        <i>1 0 0 0 1 0 0 0 1 -1.23871 3.56553 -0.992813</i>
                        <i>1 0 0 0 1 0 0 0 1 -1.23826 3.56628 -0.992813</i>
                        <i>1 0 0 0 1 0 0 0 1 -1.23785 3.5674 -0.992813</i>
                        <i>1 0 0 0 1 0 0 0 1 -1.23748 3.56878 -0.992813</i>
                        <i>1 0 0 0 1 0 0 0 1 -1.23716 3.57034 -0.992813</i>
                        <i>1 0 0 0 1 0 0 0 1 -1.2369 3.57199 -0.992813</i>
                        <i>1 0 0 0 1 0 0 0 1 -1.23671 3.57363 -0.992813</i>
                        <i>1 0 0 0 1 0 0 0 1 -1.23659 3.57517 -0.992813</i>
                        <i>1 0 0 0 1 0 0 0 1 -1.23656 3.57652 -0.992813</i>
                        <i>1 0 0 0 1 0 0 0 1 -1.23661 3.57759 -0.992813</i>
                        <i>1 0 0 0 1 0 0 0 1 -1.23674 3.57828 -0.992813</i>
                        <i>1 0 0 0 1 0 0 0 1 -1.23691 3.57852 -0.992813</i>
                        <i>1 0 0 0 1 0 0 0 1 -1.23712 3.57832 -0.992813</i>
                        <i>1 0 0 0 1 0 0 0 1 -1.23737 3.57781 -0.992813</i>
                        <i>1 0 0 0 1 0 0 0 1 -1.23764 3.57703 -0.992813</i>
                        <i>1 0 0 0 1 0 0 0 1 -1.23795 3.57604 -0.992813</i>
                        <i>1 0 0 0 1 0 0 0 1 -1.23828 3.57489 -0.992813</i>
                        <i>1 0 0 0 1 0 0 0 1 -1.23863 3.57361 -0.992813</i>
                        <i>1 0 0 0 1 0 0 0 1 -1.23901 3.57227 -0.992813</i>
                        <i>1 0 0 0 1 0 0 0 1 -1.23941 3.5709 -0.992813</i>
                        <i>1 0 0 0 1 0 0 0 1 -1.23981 3.56957 -0.992813</i>
                        <i>1 0 0 0 1 0 0 0 1 -1.24023 3.5683 -0.992813</i>
                        <i>1 0 0 0 1 0 0 0 1 -1.24066 3.56716 -0.992813</i>
                        <i>1 0 0 0 1 0 0 0 1 -1.2411 3.56619 -0.992813</i>
                        <i>1 0 0 0 1 0 0 0 1 -1.24154 3.56543 -0.992813</i>
                        <i>1 0 0 0 1 0 0 0 1 -1.24198 3.56495 -0.992813</i>
                        <i>1 0 0 0 1 0 0 0 1 -1.24241 3.56478 -0.992813</i>
                        <i>1 0 0 0 1 0 0 0 1 -1.24284 3.56491 -0.992813</i>
                        <i>1 0 0 0 1 0 0 0 1 -1.24327 3.56528 -0.992813</i>
                        <i>1 0 0 0 1 0 0 0 1 -1.24368 3.56586 -0.992813</i>
                        <i>1 0 0 0 1 0 0 0 1 -1.24407 3.56661 -0.992813</i>
                        <i>1 0 0 0 1 0 0 0 1 -1.24445 3.56751 -0.992813</i>
                        <i>1 0 0 0 1 0 0 0 1 -1.24481 3.56853 -0.992813</i>
                        <i>1 0 0 0 1 0 0 0 1 -1.24514 3.56963 -0.992813</i>
                        <i>1 0 0 0 1 0 0 0 1 -1.24545 3.57079 -0.992813</i>
                        <i>1 0 0 0 1 0 0 0 1 -1.24573 3.57197 -0.992813</i>
                        <i>1 0 0 0 1 0 0 0 1 -1.24598 3.57314 -0.992813</i>
                        <i>1 0 0 0 1 0 0 0 1 -1.24619 3.57428 -0.992813</i>
                        <i>1 0 0 0 1 0 0 0 1 -1.24637 3.57535 -0.992813</i>
                        <i>1 0 0 0 1 0 0 0 1 -1.2465 3.57633 -0.992813</i>
                        <i>1 0 0 0 1 0 0 0 1 -1.24657 3.57717 -0.992813</i>
                        <i>1 0 0 0 1 0 0 0 1 -1.24654 3.57786 -0.992813</i>
                        <i>1 0 0 0 1 0 0 0 1 -1.24644 3.57836 -0.992813</i>
                        <i>1 0 0 0 1 0 0 0 1 -1.24627 3.57864 -0.992813</i>
                        <i>1 0 0 0 1 0 0 0 1 -1.24603 3.57871 -0.992813</i>
                        <i>1 0 0 0 1 0 0 0 1 -1.24573 3.57861 -0.992813</i>
                        <i>1 0 0 0 1 0 0 0 1 -1.24538 3.57834 -0.992813</i>
                        <i>1 0 0 0 1 0 0 0 1 -1.24499 3.57788 -0.992813</i>
                        <i>1 0 0 0 1 0 0 0 1 -1.24456 3.57724 -0.992813</i>
                        <i>1 0 0 0 1 0 0 0 1 -1.24411 3.5764 -0.992813</i>
                        <i>1 0 0 0 1 0 0 0 1 -1.24363 3.57537 -0.992813</i>
                        <i>1 0 0 0 1 0 0 0 1 -1.24314 3.57415 -0.992813</i>
                        <i>1 0 0 0 1 0 0 0 1 -1.24264 3.57271 -0.992813</i>
                        <i>1 0 0 0 1 0 0 0 1 -1.24215 3.57107 -0.992813</i>
                        <i>1 0 0 0 1 0 0 0 1 -1.24166 3.56922 -0.992813</i>
                    </KeyFrames>
                </p>
            </i>
            <i>
                <p>
                    <Name><![CDATA[spine0]]></Name>
                    <Exclude>0</Exclude>
                    <Additive>0</Additive>
                    <IKPriority>0</IKPriority>
                    <IKRotLimits>-1e+010 -1e+010 -1e+010 1e+010 1e+010 1e+010</IKRotLimits>
                    <IKRotLimitOrder>0</IKRotLimitOrder>
                    <KeyFrames count="61">
                        <i>0.00555064 0.999781 -0.0201796 -0.914861 -0.00307025 -0.403757 -0.40373 0.0207026 0.914644 -1.20401 3.70182 -1.03399</i>
                        <i>0.00297251 0.999789 -0.020346 -0.914972 -0.00549062 -0.403481 -0.403507 0.0198154 0.914762 -1.20408 3.70015 -1.03421</i>
                        <i>-2.2986e-006 0.999789 -0.0205479 -0.915093 -0.0082879 -0.403157 -0.403243 0.0188023 0.9149 -1.20422 3.699 -1.03447</i>
                        <i>-0.00327795 0.999778 -0.020803 -0.915219 -0.0113819 -0.402796 -0.402943 0.0177189 0.915053 -1.20443 3.69833 -1.03475</i>
                        <i>-0.00675844 0.999754 -0.0211288 -0.915343 -0.0146923 -0.402407 -0.402618 0.0166204 0.915217 -1.20468 3.69809 -1.03505</i>
                        <i>-0.0103475 0.999714 -0.0215429 -0.91546 -0.0181381 -0.402 -0.402276 0.015562 0.915386 -1.20497 3.69824 -1.03537</i>
                        <i>-0.0139485 0.999659 -0.0220627 -0.915565 -0.0216383 -0.401587 -0.401928 0.0145983 0.915555 -1.20527 3.69872 -1.03568</i>
                        <i>-0.0174648 0.99959 -0.0227058 -0.915655 -0.0251111 -0.401179 -0.401585 0.0137842 0.915718 -1.20558 3.69957 -1.03598</i>
                        <i>-0.0207992 0.999508 -0.0234895 -0.915728 -0.0284747 -0.400788 -0.40126 0.013174 0.915869 -1.20587 3.70076 -1.03626</i>
                        <i>-0.0238545 0.999417 -0.0244313 -0.915782 -0.0316469 -0.400427 -0.400967 0.0128218 0.916003 -1.20613 3.70222 -1.03651</i>
                        <i>-0.0265334 0.999321 -0.0255487 -0.915817 -0.0345454 -0.400108 -0.400719 0.0127817 0.916112 -1.20635 3.70383 -1.03672</i>
                        <i>-0.0287228 0.999226 -0.0268916 -0.915833 -0.0370865 -0.399844 -0.400531 0.0131435 0.916189 -1.20651 3.70552 -1.03689</i>
                        <i>-0.0303528 0.999135 -0.0284227 -0.915831 -0.039191 -0.399648 -0.400416 0.0138999 0.916228 -1.20659 3.70718 -1.037</i>
                        <i>-0.0313912 0.999056 -0.0300287 -0.915811 -0.0407843 -0.399533 -0.40038 0.0149588 0.916227 -1.20659 3.70873 -1.03704</i>
                        <i>-0.0318061 0.998994 -0.0315968 -0.915775 -0.0417926 -0.399511 -0.40043 0.0162287 0.916184 -1.20648 3.71008 -1.03701</i>
                        <i>-0.0316793 0.998951 -0.0330681 -0.915731 -0.0422669 -0.399563 -0.400542 0.0176235 0.916109 -1.20632 3.71112 -1.03693</i>
                        <i>-0.0311189 0.998924 -0.0343958 -0.915688 -0.0422873 -0.399659 -0.400683 0.0190589 0.916018 -1.20617 3.71179 -1.03682</i>
                        <i>-0.0301332 0.998916 -0.0354864 -0.915648 -0.0418242 -0.399798 -0.400849 0.0204459 0.915916 -1.206 3.71199 -1.03668</i>
                        <i>-0.0288488 0.998925 -0.0362915 -0.915609 -0.040974 -0.399976 -0.401033 0.02169 0.915807 -1.20582 3.71175 -1.03653</i>
                        <i>-0.0274248 0.998947 -0.0367751 -0.915568 -0.0398679 -0.400182 -0.401227 0.0226952 0.915698 -1.20562 3.7112 -1.03635</i>
                        <i>-0.025918 0.998984 -0.036862 -0.915524 -0.0385277 -0.400415 -0.401428 0.0233701 0.915592 -1.20541 3.71037 -1.03616</i>
                        <i>-0.024396 0.999036 -0.0364831 -0.915476 -0.0369873 -0.40067 -0.401633 0.0236246 0.915496 -1.20519 3.70932 -1.03595</i>
                        <i>-0.0228627 0.999101 -0.0357011 -0.915423 -0.0352749 -0.400945 -0.401843 0.0235149 0.915406 -1.20495 3.7081 -1.03572</i>
                        <i>-0.0212748 0.999173 -0.0346473 -0.915365 -0.0334035 -0.401236 -0.402062 0.0231788 0.915319 -1.20471 3.70675 -1.03548</i>
                        <i>-0.0196353 0.999251 -0.0333584 -0.915303 -0.0313906 -0.401542 -0.402288 0.0226486 0.915233 -1.20447 3.70532 -1.03524</i>
                        <i>-0.0179476 0.999331 -0.0318708 -0.915234 -0.0292534 -0.401858 -0.402522 0.0219569 0.915147 -1.20422 3.70387 -1.03498</i>
                        <i>-0.0162144 0.999412 -0.0302213 -0.91516 -0.0270092 -0.402184 -0.402764 0.0211362 0.91506 -1.20397 3.70244 -1.03471</i>
                        <i>-0.0144385 0.999491 -0.0284466 -0.91508 -0.0246752 -0.402516 -0.403013 0.0202192 0.914971 -1.20371 3.70108 -1.03444</i>
                        <i>-0.0126227 0.999567 -0.0265836 -0.914994 -0.0222686 -0.402852 -0.403269 0.0192387 0.914879 -1.20346 3.69983 -1.03417</i>
                        <i>-0.0107692 0.999638 -0.0246694 -0.914903 -0.0198063 -0.403188 -0.403531 0.0182281 0.914784 -1.20321 3.69875 -1.03389</i>
                        <i>-0.00888012 0.999702 -0.0227412 -0.914805 -0.0173054 -0.403524 -0.403797 0.0172205 0.914686 -1.20297 3.69789 -1.03362</i>
                        <i>-0.00695758 0.999759 -0.0208366 -0.914703 -0.0147827 -0.403856 -0.404067 0.0162495 0.914585 -1.20273 3.69728 -1.03334</i>
                        <i>-0.00500325 0.999807 -0.0189932 -0.914596 -0.012255 -0.404182 -0.404337 0.0153489 0.914481 -1.20249 3.697 -1.03307</i>
                        <i>-0.00301872 0.999847 -0.0172487 -0.914486 -0.00973919 -0.404501 -0.404607 0.0145526 0.914375 -1.20227 3.69701 -1.03281</i>
                        <i>-0.00100535 0.999877 -0.0156411 -0.914372 -0.00725183 -0.404809 -0.404873 0.0138948 0.914267 -1.20206 3.69726 -1.03255</i>
                        <i>0.00103562 0.999898 -0.0142085 -0.914257 -0.00480959 -0.405106 -0.405133 0.0134097 0.914159 -1.20186 3.69772 -1.03231</i>
                        <i>0.00310296 0.999911 -0.0129888 -0.914141 -0.00242918 -0.405388 -0.405384 0.0131315 0.914052 -1.20167 3.69836 -1.03207</i>
                        <i>0.00519552 0.999914 -0.0120202 -0.914026 -0.000127233 -0.405655 -0.405622 0.0130944 0.913947 -1.2015 3.69915 -1.03185</i>
                        <i>0.00730839 0.999909 -0.0113334 -0.913913 0.00207915 -0.405904 -0.405843 0.0133243 0.913845 -1.20135 3.70006 -1.03164</i>
                        <i>0.00941603 0.999896 -0.0109176 -0.913804 0.00417086 -0.406133 -0.406045 0.0138007 0.913749 -1.20122 3.70106 -1.03145</i>
                        <i>0.0114858 0.999876 -0.0107482 -0.913701 0.00612792 -0.406341 -0.406225 0.0144878 0.913658 -1.2011 3.70213 -1.03127</i>
                        <i>0.0134851 0.999851 -0.0108008 -0.913605 0.00793046 -0.406526 -0.406379 0.0153497 0.913576 -1.20101 3.70323 -1.03112</i>
                        <i>0.0153811 0.999821 -0.0110508 -0.913518 0.00955847 -0.406685 -0.406506 0.0163504 0.913502 -1.20094 3.70433 -1.03099</i>
                        <i>0.0171408 0.999787 -0.0114733 -0.913443 0.0109919 -0.406817 -0.406605 0.0174534 0.913437 -1.20089 3.70541 -1.03089</i>
                        <i>0.0187311 0.999752 -0.0120439 -0.913382 0.0122107 -0.406921 -0.406673 0.0186227 0.913384 -1.20087 3.70644 -1.03081</i>
                        <i>0.0200786 0.999717 -0.0127587 -0.913341 0.0131498 -0.406983 -0.4067 0.0198247 0.913347 -1.20091 3.70739 -1.03077</i>
                        <i>0.0210772 0.999685 -0.0136229 -0.913329 0.0137104 -0.406991 -0.406676 0.0210205 0.913331 -1.201 3.70824 -1.03078</i>
                        <i>0.0216907 0.999658 -0.0146091 -0.913346 0.0138707 -0.406949 -0.406607 0.0221702 0.913334 -1.20112 3.70896 -1.03084</i>
                        <i>0.0219398 0.999636 -0.0156706 -0.913388 0.0136688 -0.40686 -0.406498 0.0232398 0.913356 -1.20127 3.70951 -1.03094</i>
                        <i>0.0218453 0.999621 -0.0167609 -0.913454 0.0131425 -0.406729 -0.406355 0.0241954 0.913395 -1.20143 3.70987 -1.03108</i>
                        <i>0.0214281 0.999611 -0.0178336 -0.91354 0.0123298 -0.406561 -0.406184 0.0250035 0.913449 -1.20162 3.71004 -1.03125</i>
                        <i>0.0207094 0.999608 -0.0188427 -0.913644 0.0112685 -0.40636 -0.405988 0.025631 0.913519 -1.20183 3.71005 -1.03146</i>
                        <i>0.0197103 0.999611 -0.0197424 -0.913761 0.00999642 -0.406129 -0.405774 0.0260447 0.913602 -1.20204 3.70989 -1.03169</i>
                        <i>0.0184236 0.999622 -0.0204287 -0.913889 0.00854895 -0.405874 -0.405545 0.0261472 0.913701 -1.20227 3.70956 -1.03194</i>
                        <i>0.0168707 0.99964 -0.0208552 -0.914026 0.00696395 -0.405597 -0.405306 0.0259049 0.913814 -1.20251 3.70905 -1.03221</i>
                        <i>0.0151156 0.999664 -0.0210618 -0.914167 0.00528349 -0.405304 -0.405056 0.0253804 0.913939 -1.20276 3.70836 -1.0325</i>
                        <i>0.0132224 0.99969 -0.0210884 -0.91431 0.00354968 -0.404999 -0.404798 0.0246364 0.914074 -1.20301 3.70746 -1.03279</i>
                        <i>0.0112551 0.999717 -0.0209742 -0.914454 0.00180481 -0.404687 -0.404534 0.0237348 0.914215 -1.20327 3.70637 -1.03309</i>
                        <i>0.00927791 0.999741 -0.0207587 -0.914594 9.13113e-005 -0.404372 -0.404266 0.0227375 0.914359 -1.20352 3.70507 -1.03339</i>
                        <i>0.007355 0.999763 -0.0204808 -0.914731 -0.00154802 -0.404061 -0.403997 0.0217063 0.914503 -1.20377 3.70356 -1.03369</i>
                        <i>0.00555064 0.999781 -0.0201796 -0.914861 -0.00307025 -0.403757 -0.40373 0.0207026 0.914644 -1.20401 3.70182 -1.03399</i>
                    </KeyFrames>
                </p>
            </i>
            <i>
                <p>
                    <Name><![CDATA[spine1]]></Name>
                    <Exclude>0</Exclude>
                    <Additive>0</Additive>
                    <IKPriority>0</IKPriority>
                    <IKRotLimits>-1e+010 -1e+010 -1e+010 1e+010 1e+010 1e+010</IKRotLimits>
                    <IKRotLimitOrder>0</IKRotLimitOrder>
                    <KeyFrames count="61">
                        <i>-0.272078 0.957474 0.096008 -0.855233 -0.194874 -0.480209 -0.441078 -0.212764 0.871884 -1.20305 3.87471 -1.03749</i>
                        <i>-0.275431 0.956359 0.097542 -0.854972 -0.197308 -0.479679 -0.4395 -0.215514 0.872005 -1.20356 3.87301 -1.03773</i>
                        <i>-0.27888 0.955154 0.0995334 -0.854748 -0.199637 -0.479115 -0.437759 -0.218691 0.87209 -1.20422 3.87182 -1.03803</i>
                        <i>-0.282364 0.95389 0.101802 -0.854554 -0.201891 -0.478516 -0.435899 -0.222111 0.872158 -1.20499 3.8711 -1.03835</i>
                        <i>-0.285826 0.952603 0.104167 -0.854385 -0.2041 -0.477881 -0.43397 -0.225589 0.872227 -1.20585 3.8708 -1.03871</i>
                        <i>-0.289208 0.95133 0.106446 -0.854232 -0.206294 -0.477211 -0.432026 -0.228943 0.872318 -1.20675 3.87087 -1.03909</i>
                        <i>-0.292454 0.950109 0.108457 -0.854086 -0.208502 -0.476512 -0.430125 -0.23199 0.872452 -1.20768 3.87128 -1.03949</i>
                        <i>-0.29551 0.948984 0.110017 -0.853936 -0.210754 -0.47579 -0.428331 -0.234548 0.872651 -1.20859 3.87205 -1.0399</i>
                        <i>-0.298325 0.947995 0.110939 -0.853769 -0.213079 -0.475054 -0.42671 -0.236437 0.872936 -1.20945 3.87318 -1.04032</i>
                        <i>-0.300846 0.947186 0.11104 -0.853571 -0.215508 -0.474313 -0.425332 -0.237475 0.873326 -1.21024 3.87456 -1.04073</i>
                        <i>-0.303024 0.946598 0.110132 -0.853329 -0.218069 -0.473577 -0.424271 -0.237484 0.87384 -1.21092 3.87611 -1.04113</i>
                        <i>-0.304753 0.946298 0.107917 -0.853032 -0.220792 -0.47285 -0.423629 -0.236159 0.874509 -1.21146 3.87774 -1.04153</i>
                        <i>-0.306074 0.946266 0.104398 -0.852661 -0.223706 -0.47215 -0.423425 -0.233529 0.875315 -1.21182 3.87937 -1.0419</i>
                        <i>-0.307154 0.946408 0.0998405 -0.85219 -0.226835 -0.471507 -0.423591 -0.229909 0.876192 -1.212 3.88091 -1.04222</i>
                        <i>-0.308161 0.946628 0.0945133 -0.851595 -0.230204 -0.470948 -0.424055 -0.225615 0.877083 -1.21196 3.88227 -1.04246</i>
                        <i>-0.308877 0.946943 0.0888473 -0.850974 -0.233431 -0.470482 -0.42478 -0.220928 0.877925 -1.21178 3.88335 -1.04263</i>
                        <i>-0.308999 0.947406 0.0833118 -0.850455 -0.236037 -0.47012 -0.42573 -0.21612 0.878662 -1.21153 3.88406 -1.04275</i>
                        <i>-0.308554 0.947984 0.0782347 -0.850061 -0.237903 -0.469892 -0.426837 -0.211491 0.87925 -1.2112 3.8843 -1.04281</i>
                        <i>-0.307875 0.948559 0.0738203 -0.849744 -0.239242 -0.469786 -0.427959 -0.207364 0.879689 -1.21079 3.88412 -1.0428</i>
                        <i>-0.307378 0.948992 0.0702394 -0.849431 -0.240359 -0.469782 -0.428937 -0.204064 0.879984 -1.21035 3.88362 -1.04271</i>
                        <i>-0.307216 0.949224 0.0677686 -0.84911 -0.241267 -0.469896 -0.429686 -0.201903 0.880116 -1.20988 3.88287 -1.04253</i>
                        <i>-0.307514 0.949203 0.0667014 -0.848776 -0.24194 -0.470154 -0.430134 -0.201193 0.88006 -1.2094 3.88191 -1.04226</i>
                        <i>-0.308164 0.94898 0.0668745 -0.848438 -0.242355 -0.47055 -0.430336 -0.201745 0.879835 -1.2089 3.88078 -1.0419</i>
                        <i>-0.308965 0.94865 0.0678496 -0.848108 -0.242529 -0.471054 -0.43041 -0.203083 0.879491 -1.20839 3.87953 -1.04148</i>
                        <i>-0.309878 0.948232 0.0695159 -0.847789 -0.242476 -0.471656 -0.430383 -0.205091 0.879038 -1.20786 3.87822 -1.04102</i>
                        <i>-0.310863 0.947741 0.071763 -0.84748 -0.242211 -0.472347 -0.430281 -0.207653 0.878487 -1.20732 3.87688 -1.0405</i>
                        <i>-0.311881 0.947197 0.074481 -0.847184 -0.241748 -0.473114 -0.430127 -0.210655 0.877847 -1.20677 3.87556 -1.03996</i>
                        <i>-0.312893 0.946616 0.0775601 -0.846902 -0.241101 -0.473948 -0.429947 -0.213981 0.87713 -1.20621 3.87431 -1.03938</i>
                        <i>-0.313858 0.946018 0.0808913 -0.846637 -0.240285 -0.474836 -0.429766 -0.217517 0.876349 -1.20564 3.87317 -1.03879</i>
                        <i>-0.314738 0.945422 0.084366 -0.846391 -0.239315 -0.475764 -0.429608 -0.221148 0.875518 -1.20507 3.8722 -1.03818</i>
                        <i>-0.315495 0.94485 0.0878764 -0.846166 -0.238206 -0.476718 -0.429494 -0.22476 0.874653 -1.2045 3.87145 -1.03758</i>
                        <i>-0.316088 0.944325 0.0913154 -0.845968 -0.236974 -0.477684 -0.429449 -0.22824 0.873773 -1.20393 3.87095 -1.03698</i>
                        <i>-0.31648 0.943873 0.0945767 -0.845799 -0.235635 -0.478644 -0.429493 -0.231474 0.8729 -1.20336 3.87076 -1.03639</i>
                        <i>-0.316631 0.943519 0.0975545 -0.845664 -0.234206 -0.479583 -0.429647 -0.234349 0.872057 -1.20279 3.87087 -1.03582</i>
                        <i>-0.316502 0.943291 0.100144 -0.845569 -0.232703 -0.480482 -0.42993 -0.236752 0.871268 -1.20223 3.87121 -1.03529</i>
                        <i>-0.316054 0.943216 0.10224 -0.845518 -0.231144 -0.481324 -0.43036 -0.23857 0.87056 -1.20167 3.87175 -1.03479</i>
                        <i>-0.315247 0.943323 0.103738 -0.845517 -0.229545 -0.482089 -0.430953 -0.239689 0.869959 -1.20113 3.87245 -1.03435</i>
                        <i>-0.31404 0.943637 0.104535 -0.845573 -0.227925 -0.48276 -0.431724 -0.239998 0.869491 -1.20059 3.8733 -1.03395</i>
                        <i>-0.312407 0.944178 0.10455 -0.845689 -0.226301 -0.483319 -0.432679 -0.239409 0.869179 -1.20007 3.87426 -1.03363</i>
                        <i>-0.310387 0.944922 0.103841 -0.845865 -0.224686 -0.483765 -0.433788 -0.237989 0.869016 -1.19957 3.87529 -1.03336</i>
                        <i>-0.308044 0.945834 0.102507 -0.846094 -0.223095 -0.4841 -0.435009 -0.235855 0.868987 -1.19909 3.87638 -1.03316</i>
                        <i>-0.305443 0.946876 0.100649 -0.846371 -0.22154 -0.484331 -0.436304 -0.233122 0.869076 -1.19865 3.87749 -1.03302</i>
                        <i>-0.302648 0.948013 0.0983666 -0.846688 -0.220033 -0.484463 -0.437633 -0.229908 0.869264 -1.19825 3.8786 -1.03293</i>
                        <i>-0.299724 0.949208 0.0957577 -0.847041 -0.218586 -0.484502 -0.438962 -0.226328 0.869533 -1.1979 3.87967 -1.0329</i>
                        <i>-0.296735 0.950428 0.0929211 -0.84742 -0.217211 -0.484457 -0.440258 -0.222499 0.869866 -1.1976 3.88069 -1.03292</i>
                        <i>-0.293603 0.951679 0.0900207 -0.847862 -0.215761 -0.484332 -0.441506 -0.218526 0.870241 -1.1974 3.88161 -1.03301</i>
                        <i>-0.290439 0.952918 0.0871341 -0.848357 -0.214303 -0.484113 -0.442647 -0.214526 0.870656 -1.19732 3.88241 -1.03317</i>
                        <i>-0.287453 0.954078 0.0842945 -0.848861 -0.213007 -0.483801 -0.443628 -0.210624 0.871109 -1.19734 3.88307 -1.0334</i>
                        <i>-0.284671 0.955144 0.0816172 -0.84937 -0.211838 -0.483421 -0.444447 -0.206939 0.871575 -1.19744 3.88355 -1.03368</i>
                        <i>-0.282121 0.956103 0.079218 -0.849879 -0.210758 -0.482998 -0.4451 -0.20359 0.87203 -1.19763 3.88383 -1.03401</i>
                        <i>-0.279827 0.95694 0.0772141 -0.850384 -0.209731 -0.482555 -0.445583 -0.200694 0.872455 -1.19789 3.88391 -1.03437</i>
                        <i>-0.277817 0.957645 0.075723 -0.850882 -0.208723 -0.482114 -0.445889 -0.198371 0.87283 -1.19822 3.88383 -1.03475</i>
                        <i>-0.276115 0.958204 0.0748633 -0.851371 -0.207696 -0.481694 -0.446013 -0.19674 0.873136 -1.19861 3.88358 -1.03513</i>
                        <i>-0.27485 0.958561 0.074951 -0.851839 -0.206614 -0.481333 -0.445901 -0.196141 0.873328 -1.19907 3.88315 -1.0355</i>
                        <i>-0.274049 0.958699 0.07611 -0.852285 -0.20544 -0.481046 -0.445542 -0.196697 0.873386 -1.19958 3.88255 -1.03584</i>
                        <i>-0.273588 0.958665 0.0781707 -0.852723 -0.204147 -0.480819 -0.444986 -0.198204 0.873329 -1.20013 3.88175 -1.03616</i>
                        <i>-0.273344 0.958503 0.0809627 -0.853168 -0.202706 -0.480639 -0.444283 -0.200454 0.873173 -1.20072 3.88076 -1.03646</i>
                        <i>-0.273193 0.958257 0.0843148 -0.853632 -0.201087 -0.480497 -0.443485 -0.203242 0.872934 -1.20131 3.87956 -1.03674</i>
                        <i>-0.273013 0.957972 0.0880551 -0.854124 -0.199261 -0.480382 -0.442647 -0.20636 0.872628 -1.20191 3.87816 -1.037</i>
                        <i>-0.272682 0.957695 0.0920106 -0.854655 -0.1972 -0.480288 -0.441824 -0.209603 0.872272 -1.20249 3.87654 -1.03725</i>
                        <i>-0.272078 0.957474 0.096008 -0.855233 -0.194874 -0.480209 -0.441078 -0.212764 0.871884 -1.20305 3.87471 -1.03749</i>
                    </KeyFrames>
                </p>
            </i>
            <i>
                <p>
                    <Name><![CDATA[spine2]]></Name>
                    <Exclude>0</Exclude>
                    <Additive>0</Additive>
                    <IKPriority>0</IKPriority>
                    <IKRotLimits>-1e+010 -1e+010 -1e+010 1e+010 1e+010 1e+010</IKRotLimits>
                    <IKRotLimitOrder>0</IKRotLimitOrder>
                    <KeyFrames count="61">
                        <i>-0.377297 0.873674 0.307149 -0.812139 -0.152755 -0.563113 -0.445059 -0.461908 0.767179 -1.24645 4.02703 -1.02222</i>
                        <i>-0.383091 0.870831 0.308049 -0.811333 -0.157802 -0.562883 -0.441565 -0.465566 0.766986 -1.24749 4.02513 -1.02222</i>
                        <i>-0.389009 0.867674 0.309536 -0.81056 -0.162699 -0.562602 -0.437794 -0.469756 0.766594 -1.24868 4.02371 -1.0222</i>
                        <i>-0.394939 0.864321 0.311403 -0.809822 -0.167459 -0.562268 -0.433833 -0.474243 0.766083 -1.25 4.02274 -1.02217</i>
                        <i>-0.400773 0.860893 0.313439 -0.809119 -0.172098 -0.561879 -0.429776 -0.478796 0.765537 -1.25139 4.02218 -1.02216</i>
                        <i>-0.406406 0.857515 0.315438 -0.808451 -0.176629 -0.561435 -0.425724 -0.483187 0.765042 -1.25281 4.022 -1.02219</i>
                        <i>-0.41174 0.854319 0.31719 -0.807816 -0.181064 -0.560936 -0.421786 -0.487191 0.764684 -1.25423 4.02216 -1.02227</i>
                        <i>-0.416678 0.851437 0.318488 -0.807211 -0.185417 -0.560385 -0.418079 -0.490587 0.764549 -1.25561 4.02269 -1.02244</i>
                        <i>-0.421128 0.849007 0.319121 -0.806632 -0.1897 -0.559785 -0.414724 -0.493154 0.764724 -1.25691 4.0236 -1.02272</i>
                        <i>-0.425002 0.847166 0.318879 -0.806074 -0.193923 -0.559141 -0.411847 -0.494676 0.765296 -1.25808 4.02481 -1.02312</i>
                        <i>-0.428211 0.846048 0.317549 -0.805532 -0.198097 -0.558458 -0.409577 -0.494934 0.766346 -1.25909 4.02622 -1.02367</i>
                        <i>-0.430606 0.845866 0.314783 -0.805006 -0.202251 -0.557728 -0.408098 -0.493563 0.768018 -1.25989 4.02778 -1.02442</i>
                        <i>-0.432199 0.846605 0.310586 -0.804485 -0.206366 -0.556971 -0.40744 -0.490584 0.770273 -1.26046 4.02939 -1.02536</i>
                        <i>-0.433132 0.848058 0.305278 -0.803956 -0.210378 -0.556234 -0.407494 -0.486352 0.772923 -1.2608 4.03095 -1.0264</i>
                        <i>-0.433546 0.850017 0.299183 -0.803404 -0.214229 -0.555561 -0.408142 -0.481225 0.775785 -1.26093 4.03237 -1.02748</i>
                        <i>-0.433355 0.852347 0.292757 -0.802911 -0.217607 -0.554961 -0.409313 -0.475553 0.77866 -1.26088 4.03354 -1.02855</i>
                        <i>-0.432424 0.854945 0.286495 -0.802579 -0.220143 -0.55444 -0.410946 -0.469688 0.781356 -1.26067 4.03436 -1.02954</i>
                        <i>-0.430811 0.857651 0.280779 -0.802427 -0.221688 -0.554045 -0.412932 -0.463993 0.783708 -1.26028 4.03474 -1.0304</i>
                        <i>-0.428881 0.86021 0.275863 -0.80239 -0.222457 -0.553789 -0.415007 -0.458859 0.785632 -1.25978 4.0347 -1.03109</i>
                        <i>-0.427085 0.862342 0.271963 -0.802379 -0.22277 -0.55368 -0.416876 -0.454686 0.787067 -1.25928 4.03433 -1.03156</i>
                        <i>-0.42562 0.863865 0.269416 -0.802371 -0.222622 -0.553751 -0.418388 -0.451859 0.787893 -1.2588 4.03367 -1.03177</i>
                        <i>-0.42459 0.864623 0.268608 -0.802374 -0.221901 -0.554037 -0.419429 -0.450762 0.787968 -1.25839 4.03277 -1.03166</i>
                        <i>-0.423843 0.864753 0.269367 -0.802412 -0.220558 -0.554516 -0.420109 -0.451172 0.787371 -1.25802 4.03169 -1.03127</i>
                        <i>-0.423171 0.864525 0.271151 -0.802496 -0.218696 -0.555132 -0.420626 -0.452514 0.786324 -1.25766 4.03046 -1.03069</i>
                        <i>-0.422543 0.863991 0.273818 -0.80262 -0.216362 -0.555867 -0.42102 -0.45465 0.784879 -1.25731 4.02916 -1.02995</i>
                        <i>-0.42193 0.863204 0.277226 -0.80278 -0.213606 -0.556701 -0.42133 -0.45744 0.78309 -1.25695 4.02782 -1.02908</i>
                        <i>-0.421302 0.862214 0.281231 -0.802972 -0.210475 -0.557616 -0.421593 -0.460746 0.781008 -1.25659 4.0265 -1.02809</i>
                        <i>-0.420629 0.861075 0.285693 -0.803192 -0.20702 -0.558592 -0.421846 -0.464427 0.778687 -1.25622 4.02524 -1.02702</i>
                        <i>-0.419882 0.85984 0.290472 -0.803436 -0.203291 -0.559609 -0.422124 -0.468346 0.776185 -1.25584 4.0241 -1.02588</i>
                        <i>-0.41903 0.858566 0.295429 -0.803703 -0.199337 -0.560648 -0.422463 -0.472366 0.77356 -1.25544 4.02311 -1.02471</i>
                        <i>-0.418045 0.857311 0.300428 -0.803989 -0.195211 -0.561688 -0.422894 -0.476352 0.770876 -1.25502 4.02235 -1.02354</i>
                        <i>-0.416896 0.856136 0.305333 -0.804293 -0.190965 -0.562712 -0.42345 -0.48017 0.768197 -1.25457 4.02185 -1.02238</i>
                        <i>-0.415554 0.855107 0.310012 -0.804614 -0.186651 -0.5637 -0.42416 -0.483687 0.765595 -1.25408 4.02166 -1.02126</i>
                        <i>-0.413987 0.854289 0.314332 -0.804951 -0.182323 -0.564634 -0.425051 -0.486773 0.76314 -1.25357 4.02179 -1.02021</i>
                        <i>-0.412166 0.853751 0.318165 -0.805305 -0.178035 -0.565498 -0.42615 -0.489299 0.760909 -1.25301 4.02216 -1.01925</i>
                        <i>-0.410057 0.853562 0.321381 -0.805676 -0.173841 -0.566274 -0.427481 -0.491133 0.758978 -1.2524 4.02274 -1.01841</i>
                        <i>-0.407629 0.853791 0.323851 -0.806065 -0.169796 -0.566946 -0.429065 -0.492149 0.757425 -1.25175 4.02352 -1.01772</i>
                        <i>-0.404847 0.854508 0.325446 -0.806476 -0.165955 -0.567499 -0.430923 -0.492215 0.756327 -1.25104 4.02447 -1.01719</i>
                        <i>-0.401689 0.855761 0.326065 -0.80691 -0.162368 -0.56792 -0.433061 -0.491232 0.755744 -1.25027 4.02555 -1.01686</i>
                        <i>-0.398209 0.857498 0.325769 -0.807362 -0.159059 -0.568213 -0.435425 -0.489282 0.755651 -1.24945 4.02674 -1.01671</i>
                        <i>-0.39449 0.859632 0.324671 -0.807827 -0.156045 -0.568389 -0.437942 -0.486501 0.755992 -1.24861 4.028 -1.01672</i>
                        <i>-0.390614 0.862073 0.322879 -0.808297 -0.153339 -0.568457 -0.440542 -0.483029 0.756707 -1.24776 4.0293 -1.01687</i>
                        <i>-0.386664 0.864736 0.320505 -0.808766 -0.150955 -0.568428 -0.443158 -0.479004 0.757738 -1.24691 4.0306 -1.01715</i>
                        <i>-0.382726 0.867534 0.317658 -0.809227 -0.148909 -0.568311 -0.445727 -0.474564 0.759023 -1.24609 4.03187 -1.01753</i>
                        <i>-0.378887 0.870384 0.314446 -0.809674 -0.147214 -0.568117 -0.448189 -0.469851 0.760504 -1.24531 4.03307 -1.01801</i>
                        <i>-0.375152 0.873223 0.311035 -0.810126 -0.145785 -0.56784 -0.450507 -0.465004 0.762112 -1.2446 4.03417 -1.01856</i>
                        <i>-0.371738 0.87594 0.307473 -0.810559 -0.144796 -0.567475 -0.452554 -0.460177 0.763828 -1.24401 4.03514 -1.01919</i>
                        <i>-0.368878 0.878429 0.303795 -0.810931 -0.14443 -0.567037 -0.454225 -0.455524 0.765622 -1.24353 4.03594 -1.01988</i>
                        <i>-0.366576 0.88064 0.300159 -0.811245 -0.144586 -0.566548 -0.455526 -0.451185 0.767417 -1.24317 4.03654 -1.0206</i>
                        <i>-0.364835 0.882526 0.296722 -0.811504 -0.145165 -0.566029 -0.456461 -0.447298 0.769134 -1.24293 4.03691 -1.02132</i>
                        <i>-0.363658 0.88404 0.293644 -0.811709 -0.146066 -0.565502 -0.457035 -0.444003 0.770702 -1.2428 4.03705 -1.02201</i>
                        <i>-0.363047 0.885136 0.291087 -0.811864 -0.147191 -0.564989 -0.457246 -0.44144 0.772047 -1.24278 4.03701 -1.02263</i>
                        <i>-0.363003 0.885768 0.289214 -0.81197 -0.14844 -0.56451 -0.457094 -0.439751 0.7731 -1.24288 4.03676 -1.02316</i>
                        <i>-0.363645 0.885761 0.288427 -0.81202 -0.149682 -0.564109 -0.456494 -0.439344 0.773686 -1.24311 4.03631 -1.02352</i>
                        <i>-0.364973 0.885062 0.288896 -0.812019 -0.150818 -0.563808 -0.455434 -0.440363 0.773731 -1.24346 4.03563 -1.02369</i>
                        <i>-0.366807 0.883802 0.290425 -0.811989 -0.151803 -0.563587 -0.454012 -0.44255 0.773319 -1.24392 4.03474 -1.02369</i>
                        <i>-0.368967 0.88211 0.292822 -0.811951 -0.152587 -0.56343 -0.452326 -0.445644 0.77253 -1.24443 4.03363 -1.02355</i>
                        <i>-0.371273 0.880117 0.295888 -0.811926 -0.153123 -0.563319 -0.45048 -0.449385 0.771441 -1.24498 4.0323 -1.0233</i>
                        <i>-0.373546 0.877955 0.299429 -0.811937 -0.153363 -0.56324 -0.448578 -0.453514 0.770132 -1.24552 4.03075 -1.02297</i>
                        <i>-0.375612 0.87576 0.303248 -0.812001 -0.153256 -0.563175 -0.446732 -0.457773 0.768683 -1.24602 4.029 -1.0226</i>
                        <i>-0.377297 0.873674 0.307149 -0.812139 -0.152755 -0.563113 -0.445059 -0.461908 0.767179 -1.24645 4.02703 -1.02222</i>
                    </KeyFrames>
                </p>
            </i>
            <i>
                <p>
                    <Name><![CDATA[head]]></Name>
                    <Exclude>0</Exclude>
                    <Additive>0</Additive>
                    <IKPriority>0</IKPriority>
                    <IKRotLimits>-1e+010 -1e+010 -1e+010 1e+010 1e+010 1e+010</IKRotLimits>
                    <IKRotLimitOrder>0</IKRotLimitOrder>
                    <KeyFrames count="61">
                        <i>-0.126039 0.991396 -0.0353268 0.648071 0.0553251 -0.759567 -0.751078 -0.118629 -0.649469 -1.33248 4.25708 -0.944487</i>
                        <i>-0.125656 0.991423 -0.0359223 0.646627 0.0543873 -0.760865 -0.752385 -0.118836 -0.647916 -1.33526 4.25447 -0.944385</i>
                        <i>-0.125812 0.9914 -0.0360185 0.643715 0.0539559 -0.763361 -0.754853 -0.119225 -0.644967 -1.33824 4.25225 -0.944115</i>
                        <i>-0.126438 0.991333 -0.0356646 0.639518 0.0539771 -0.766879 -0.758307 -0.119771 -0.640801 -1.34135 4.25043 -0.943749</i>
                        <i>-0.127469 0.991228 -0.0349031 0.634216 0.0544014 -0.77124 -0.762576 -0.120445 -0.635587 -1.34452 4.24898 -0.94336</i>
                        <i>-0.128836 0.991091 -0.0337737 0.627988 0.055182 -0.776264 -0.767484 -0.121221 -0.629503 -1.34766 4.24791 -0.943019</i>
                        <i>-0.130472 0.990925 -0.032317 0.621027 0.0562732 -0.781766 -0.772853 -0.122069 -0.622733 -1.35071 4.24723 -0.942798</i>
                        <i>-0.132326 0.990735 -0.0305536 0.613539 0.0576587 -0.787557 -0.778499 -0.12296 -0.615484 -1.35359 4.247 -0.942768</i>
                        <i>-0.134337 0.990525 -0.0285218 0.605751 0.0593064 -0.793441 -0.784231 -0.123866 -0.607979 -1.35624 4.24726 -0.943001</i>
                        <i>-0.136422 0.990302 -0.0262981 0.597918 0.061144 -0.799222 -0.789862 -0.124755 -0.600461 -1.35858 4.24797 -0.94357</i>
                        <i>-0.138497 0.990073 -0.0239697 0.590318 0.063095 -0.804701 -0.7952 -0.125598 -0.593196 -1.36055 4.24907 -0.944547</i>
                        <i>-0.140488 0.989846 -0.0216279 0.583247 0.0650881 -0.809683 -0.800054 -0.126365 -0.586469 -1.36206 4.25056 -0.946064</i>
                        <i>-0.142305 0.989633 -0.0193966 0.577034 0.0670215 -0.813965 -0.804227 -0.127024 -0.580589 -1.36307 4.25234 -0.948099</i>
                        <i>-0.14385 0.989446 -0.0174273 0.572029 0.068768 -0.817345 -0.807521 -0.127544 -0.575884 -1.36363 4.25427 -0.950493</i>
                        <i>-0.145028 0.9893 -0.0158752 0.568584 0.0701998 -0.819625 -0.809741 -0.127895 -0.572681 -1.36378 4.25621 -0.953089</i>
                        <i>-0.145746 0.98921 -0.014893 0.567038 0.0711903 -0.82061 -0.810695 -0.128045 -0.571295 -1.36355 4.25801 -0.955726</i>
