<?xml version="1.0" encoding="ISO-8859-1" ?>
<Animl Version="1">
    <ModellingPackage><![CDATA[Maya.2010]]></ModellingPackage>
    <SrcFile><![CDATA[anims\turrets\special\blue\~src\firework_cannon\firework_cannon_idle_crewmana.mb]]></SrcFile>
    <FramesPerSecond>30</FramesPerSecond>
    <TotalFrames>61</TotalFrames>
    <Skeleton>
        <RefFrame>
            <Name><![CDATA[soldier_ref_frame]]></Name>
            <Exclude>0</Exclude>
            <Additive>0</Additive>
            <IKPriority>0</IKPriority>
            <IKRotLimits>-1e+010 -1e+010 -1e+010 1e+010 1e+010 1e+010</IKRotLimits>
            <IKRotLimitOrder>0</IKRotLimitOrder>
            <KeyFrames count="61">
                <i>1 0 0 0 1 0 0 0 1 0 5.8 -0.73</i>
                <i>1 0 0 0 1 0 0 0 1 0 5.8 -0.73</i>
                <i>1 0 0 0 1 0 0 0 1 0 5.8 -0.73</i>
                <i>1 0 0 0 1 0 0 0 1 0 5.8 -0.73</i>
                <i>1 0 0 0 1 0 0 0 1 0 5.8 -0.73</i>
                <i>1 0 0 0 1 0 0 0 1 0 5.8 -0.73</i>
                <i>1 0 0 0 1 0 0 0 1 0 5.8 -0.73</i>
                <i>1 0 0 0 1 0 0 0 1 0 5.8 -0.73</i>
                <i>1 0 0 0 1 0 0 0 1 0 5.8 -0.73</i>
                <i>1 0 0 0 1 0 0 0 1 0 5.8 -0.73</i>
                <i>1 0 0 0 1 0 0 0 1 0 5.8 -0.73</i>
                <i>1 0 0 0 1 0 0 0 1 0 5.8 -0.73</i>
                <i>1 0 0 0 1 0 0 0 1 0 5.8 -0.73</i>
                <i>1 0 0 0 1 0 0 0 1 0 5.8 -0.73</i>
                <i>1 0 0 0 1 0 0 0 1 0 5.8 -0.73</i>
                <i>1 0 0 0 1 0 0 0 1 0 5.8 -0.73</i>
                <i>1 0 0 0 1 0 0 0 1 0 5.8 -0.73</i>
                <i>1 0 0 0 1 0 0 0 1 0 5.8 -0.73</i>
                <i>1 0 0 0 1 0 0 0 1 0 5.8 -0.73</i>
                <i>1 0 0 0 1 0 0 0 1 0 5.8 -0.73</i>
                <i>1 0 0 0 1 0 0 0 1 0 5.8 -0.73</i>
                <i>1 0 0 0 1 0 0 0 1 0 5.8 -0.73</i>
                <i>1 0 0 0 1 0 0 0 1 0 5.8 -0.73</i>
                <i>1 0 0 0 1 0 0 0 1 0 5.8 -0.73</i>
                <i>1 0 0 0 1 0 0 0 1 0 5.8 -0.73</i>
                <i>1 0 0 0 1 0 0 0 1 0 5.8 -0.73</i>
                <i>1 0 0 0 1 0 0 0 1 0 5.8 -0.73</i>
                <i>1 0 0 0 1 0 0 0 1 0 5.8 -0.73</i>
                <i>1 0 0 0 1 0 0 0 1 0 5.8 -0.73</i>
                <i>1 0 0 0 1 0 0 0 1 0 5.8 -0.73</i>
                <i>1 0 0 0 1 0 0 0 1 0 5.8 -0.73</i>
                <i>1 0 0 0 1 0 0 0 1 0 5.8 -0.73</i>
                <i>1 0 0 0 1 0 0 0 1 0 5.8 -0.73</i>
                <i>1 0 0 0 1 0 0 0 1 0 5.8 -0.73</i>
                <i>1 0 0 0 1 0 0 0 1 0 5.8 -0.73</i>
                <i>1 0 0 0 1 0 0 0 1 0 5.8 -0.73</i>
                <i>1 0 0 0 1 0 0 0 1 0 5.8 -0.73</i>
                <i>1 0 0 0 1 0 0 0 1 0 5.8 -0.73</i>
                <i>1 0 0 0 1 0 0 0 1 0 5.8 -0.73</i>
                <i>1 0 0 0 1 0 0 0 1 0 5.8 -0.73</i>
                <i>1 0 0 0 1 0 0 0 1 0 5.8 -0.73</i>
                <i>1 0 0 0 1 0 0 0 1 0 5.8 -0.73</i>
                <i>1 0 0 0 1 0 0 0 1 0 5.8 -0.73</i>
                <i>1 0 0 0 1 0 0 0 1 0 5.8 -0.73</i>
                <i>1 0 0 0 1 0 0 0 1 0 5.8 -0.73</i>
                <i>1 0 0 0 1 0 0 0 1 0 5.8 -0.73</i>
                <i>1 0 0 0 1 0 0 0 1 0 5.8 -0.73</i>
                <i>1 0 0 0 1 0 0 0 1 0 5.8 -0.73</i>
                <i>1 0 0 0 1 0 0 0 1 0 5.8 -0.73</i>
                <i>1 0 0 0 1 0 0 0 1 0 5.8 -0.73</i>
                <i>1 0 0 0 1 0 0 0 1 0 5.8 -0.73</i>
                <i>1 0 0 0 1 0 0 0 1 0 5.8 -0.73</i>
                <i>1 0 0 0 1 0 0 0 1 0 5.8 -0.73</i>
                <i>1 0 0 0 1 0 0 0 1 0 5.8 -0.73</i>
                <i>1 0 0 0 1 0 0 0 1 0 5.8 -0.73</i>
                <i>1 0 0 0 1 0 0 0 1 0 5.8 -0.73</i>
                <i>1 0 0 0 1 0 0 0 1 0 5.8 -0.73</i>
                <i>1 0 0 0 1 0 0 0 1 0 5.8 -0.73</i>
                <i>1 0 0 0 1 0 0 0 1 0 5.8 -0.73</i>
                <i>1 0 0 0 1 0 0 0 1 0 5.8 -0.73</i>
                <i>1 0 0 0 1 0 0 0 1 0 5.8 -0.73</i>
            </KeyFrames>
        </RefFrame>
        <Bones count="23">
            <i>
                <p>
                    <Name><![CDATA[pelvis]]></Name>
                    <Exclude>0</Exclude>
                    <Additive>0</Additive>
                    <IKPriority>0</IKPriority>
                    <IKRotLimits>-1e+010 -1e+010 -1e+010 1e+010 1e+010 1e+010</IKRotLimits>
                    <IKRotLimitOrder>2</IKRotLimitOrder>
                    <KeyFrames count="61">
                        <i>1 0 0 0 1 0 0 0 1 0.156736 6.78443 -0.871782</i>
                        <i>1 0 0 0 1 0 0 0 1 0.156736 6.78469 -0.871782</i>
                        <i>1 0 0 0 1 0 0 0 1 0.156736 6.785 -0.871782</i>
                        <i>1 0 0 0 1 0 0 0 1 0.156736 6.78534 -0.871782</i>
                        <i>1 0 0 0 1 0 0 0 1 0.156736 6.78569 -0.871782</i>
                        <i>1 0 0 0 1 0 0 0 1 0.156736 6.78606 -0.871782</i>
                        <i>1 0 0 0 1 0 0 0 1 0.156736 6.78642 -0.871782</i>
                        <i>1 0 0 0 1 0 0 0 1 0.156736 6.78678 -0.871782</i>
                        <i>1 0 0 0 1 0 0 0 1 0.156736 6.78711 -0.871782</i>
                        <i>1 0 0 0 1 0 0 0 1 0.156736 6.78742 -0.871782</i>
                        <i>1 0 0 0 1 0 0 0 1 0.156736 6.78768 -0.871782</i>
                        <i>1 0 0 0 1 0 0 0 1 0.156736 6.7879 -0.871782</i>
                        <i>1 0 0 0 1 0 0 0 1 0.156736 6.78806 -0.871782</i>
                        <i>1 0 0 0 1 0 0 0 1 0.156736 6.78815 -0.871782</i>
                        <i>1 0 0 0 1 0 0 0 1 0.156736 6.78816 -0.871782</i>
                        <i>1 0 0 0 1 0 0 0 1 0.156736 6.78808 -0.871782</i>
                        <i>1 0 0 0 1 0 0 0 1 0.156736 6.78793 -0.871782</i>
                        <i>1 0 0 0 1 0 0 0 1 0.156736 6.78775 -0.871782</i>
                        <i>1 0 0 0 1 0 0 0 1 0.156736 6.78753 -0.871782</i>
                        <i>1 0 0 0 1 0 0 0 1 0.156736 6.78729 -0.871782</i>
                        <i>1 0 0 0 1 0 0 0 1 0.156736 6.78701 -0.871782</i>
                        <i>1 0 0 0 1 0 0 0 1 0.156736 6.7867 -0.871782</i>
                        <i>1 0 0 0 1 0 0 0 1 0.156736 6.78638 -0.871782</i>
                        <i>1 0 0 0 1 0 0 0 1 0.156736 6.78603 -0.871782</i>
                        <i>1 0 0 0 1 0 0 0 1 0.156736 6.78566 -0.871782</i>
                        <i>1 0 0 0 1 0 0 0 1 0.156736 6.78528 -0.871782</i>
                        <i>1 0 0 0 1 0 0 0 1 0.156736 6.78489 -0.871782</i>
                        <i>1 0 0 0 1 0 0 0 1 0.156736 6.78449 -0.871782</i>
                        <i>1 0 0 0 1 0 0 0 1 0.156736 6.78408 -0.871782</i>
                        <i>1 0 0 0 1 0 0 0 1 0.156736 6.78366 -0.871782</i>
                        <i>1 0 0 0 1 0 0 0 1 0.156736 6.78325 -0.871782</i>
                        <i>1 0 0 0 1 0 0 0 1 0.156736 6.78284 -0.871782</i>
                        <i>1 0 0 0 1 0 0 0 1 0.156736 6.78243 -0.871782</i>
                        <i>1 0 0 0 1 0 0 0 1 0.156736 6.78202 -0.871782</i>
                        <i>1 0 0 0 1 0 0 0 1 0.156736 6.78163 -0.871782</i>
                        <i>1 0 0 0 1 0 0 0 1 0.156736 6.78125 -0.871782</i>
                        <i>1 0 0 0 1 0 0 0 1 0.156736 6.78089 -0.871782</i>
                        <i>1 0 0 0 1 0 0 0 1 0.156736 6.78054 -0.871782</i>
                        <i>1 0 0 0 1 0 0 0 1 0.156736 6.78022 -0.871782</i>
                        <i>1 0 0 0 1 0 0 0 1 0.156736 6.77991 -0.871782</i>
                        <i>1 0 0 0 1 0 0 0 1 0.156736 6.77964 -0.871782</i>
                        <i>1 0 0 0 1 0 0 0 1 0.156736 6.77939 -0.871782</i>
                        <i>1 0 0 0 1 0 0 0 1 0.156736 6.77918 -0.871782</i>
                        <i>1 0 0 0 1 0 0 0 1 0.156736 6.779 -0.871782</i>
                        <i>1 0 0 0 1 0 0 0 1 0.156736 6.77886 -0.871782</i>
                        <i>1 0 0 0 1 0 0 0 1 0.156736 6.77875 -0.871782</i>
                        <i>1 0 0 0 1 0 0 0 1 0.156736 6.77871 -0.871782</i>
                        <i>1 0 0 0 1 0 0 0 1 0.156736 6.77874 -0.871782</i>
                        <i>1 0 0 0 1 0 0 0 1 0.156736 6.77884 -0.871782</i>
                        <i>1 0 0 0 1 0 0 0 1 0.156736 6.77901 -0.871782</i>
                        <i>1 0 0 0 1 0 0 0 1 0.156736 6.77925 -0.871782</i>
                        <i>1 0 0 0 1 0 0 0 1 0.156736 6.77954 -0.871782</i>
                        <i>1 0 0 0 1 0 0 0 1 0.156736 6.7799 -0.871782</i>
                        <i>1 0 0 0 1 0 0 0 1 0.156736 6.78031 -0.871782</i>
                        <i>1 0 0 0 1 0 0 0 1 0.156736 6.78077 -0.871782</i>
                        <i>1 0 0 0 1 0 0 0 1 0.156736 6.78127 -0.871782</i>
                        <i>1 0 0 0 1 0 0 0 1 0.156736 6.78183 -0.871782</i>
                        <i>1 0 0 0 1 0 0 0 1 0.156736 6.78242 -0.871782</i>
                        <i>1 0 0 0 1 0 0 0 1 0.156736 6.78306 -0.871782</i>
                        <i>1 0 0 0 1 0 0 0 1 0.156736 6.78373 -0.871782</i>
                        <i>1 0 0 0 1 0 0 0 1 0.156736 6.78443 -0.871782</i>
                    </KeyFrames>
                </p>
            </i>
            <i>
                <p>
                    <Name><![CDATA[spine0]]></Name>
                    <Exclude>0</Exclude>
                    <Additive>0</Additive>
                    <IKPriority>0</IKPriority>
                    <IKRotLimits>-1e+010 -1e+010 -1e+010 1e+010 1e+010 1e+010</IKRotLimits>
                    <IKRotLimitOrder>0</IKRotLimitOrder>
                    <KeyFrames count="61">
                        <i>0.39722 0.916853 0.0399659 -0.917515 0.397681 -0.00399104 -0.0195529 -0.035084 0.999193 0.213646 6.90582 -0.923955</i>
                        <i>0.397214 0.916861 0.0398272 -0.917516 0.397677 -0.00412922 -0.0196243 -0.0349019 0.999198 0.213753 6.90632 -0.923281</i>
                        <i>0.397203 0.916862 0.0399205 -0.917517 0.397673 -0.00428104 -0.0198004 -0.0349273 0.999194 0.213869 6.90688 -0.922539</i>
                        <i>0.397187 0.916856 0.0402226 -0.917518 0.397669 -0.00444335 -0.0200692 -0.0351401 0.999181 0.213991 6.90749 -0.921744</i>
                        <i>0.397168 0.916843 0.0407091 -0.917519 0.397666 -0.00461302 -0.020418 -0.0355192 0.99916 0.214116 6.90812 -0.920911</i>
                        <i>0.397145 0.916824 0.0413548 -0.917519 0.397662 -0.0047869 -0.020834 -0.0360428 0.999133 0.214243 6.90877 -0.920056</i>
                        <i>0.397119 0.916799 0.0421335 -0.91752 0.397659 -0.00496187 -0.0213038 -0.0366879 0.9991 0.214367 6.90941 -0.919193</i>
                        <i>0.397091 0.91677 0.0430181 -0.91752 0.397657 -0.00513478 -0.0218138 -0.037431 0.999061 0.214488 6.91004 -0.918339</i>
                        <i>0.397061 0.916738 0.0439808 -0.91752 0.397655 -0.00530249 -0.0223502 -0.0382479 0.999018 0.214604 6.91063 -0.917509</i>
                        <i>0.397031 0.916702 0.0449935 -0.91752 0.397653 -0.00546185 -0.0228987 -0.0391139 0.998972 0.214711 6.91117 -0.916719</i>
                        <i>0.397 0.916664 0.0460273 -0.917519 0.397652 -0.00560972 -0.0234451 -0.0400039 0.998924 0.214809 6.91166 -0.915985</i>
                        <i>0.396969 0.916625 0.0470535 -0.917519 0.397651 -0.00574292 -0.023975 -0.0408927 0.998876 0.214896 6.91207 -0.915323</i>
                        <i>0.39694 0.916586 0.0480431 -0.917518 0.397651 -0.0058583 -0.024474 -0.041755 0.998828 0.21497 6.91239 -0.914749</i>
                        <i>0.396914 0.916549 0.0489674 -0.917517 0.397651 -0.00595268 -0.0249279 -0.0425658 0.998783 0.215029 6.91262 -0.914278</i>
                        <i>0.396891 0.916514 0.049798 -0.917516 0.397652 -0.0060229 -0.0253224 -0.0433 0.998741 0.215073 6.91272 -0.913928</i>
                        <i>0.396873 0.916483 0.0505067 -0.917515 0.397654 -0.0060658 -0.0256434 -0.0439333 0.998705 0.2151 6.91271 -0.913714</i>
                        <i>0.39686 0.916458 0.0510612 -0.917514 0.397656 -0.00607821 -0.0258752 -0.0444372 0.998677 0.215108 6.91258 -0.913651</i>
                        <i>0.396851 0.916436 0.0515155 -0.917513 0.397658 -0.00606779 -0.0260463 -0.0448581 0.998654 0.215102 6.91238 -0.913703</i>
                        <i>0.396843 0.916415 0.0519495 -0.917512 0.397661 -0.00604487 -0.0261979 -0.0452655 0.998631 0.215087 6.91213 -0.913816</i>
                        <i>0.396837 0.916394 0.0523638 -0.917511 0.397665 -0.00601028 -0.026331 -0.0456593 0.99861 0.215066 6.91183 -0.913988</i>
                        <i>0.396833 0.916373 0.0527591 -0.91751 0.397668 -0.0059649 -0.0264467 -0.04604 0.998589 0.215038 6.91149 -0.914214</i>
                        <i>0.396829 0.916353 0.0531363 -0.917509 0.397672 -0.00590955 -0.026546 -0.0464079 0.99857 0.215003 6.91111 -0.914489</i>
                        <i>0.396826 0.916334 0.0534962 -0.917507 0.397676 -0.00584511 -0.0266302 -0.0467636 0.998551 0.214962 6.91069 -0.91481</i>
                        <i>0.396825 0.916314 0.0538397 -0.917506 0.39768 -0.00577241 -0.0267003 -0.0471076 0.998533 0.214915 6.91024 -0.915171</i>
                        <i>0.396824 0.916295 0.0541678 -0.917505 0.397684 -0.00569232 -0.0267575 -0.0474404 0.998516 0.214864 6.90976 -0.915569</i>
                        <i>0.396824 0.916277 0.0544814 -0.917503 0.397688 -0.00560566 -0.026803 -0.0477624 0.998499 0.214807 6.90925 -0.916</i>
                        <i>0.396824 0.916258 0.0547814 -0.917502 0.397693 -0.0055133 -0.0268378 -0.0480742 0.998483 0.214746 6.90872 -0.916459</i>
                        <i>0.396826 0.916241 0.0550683 -0.917501 0.397697 -0.00541607 -0.0268629 -0.048376 0.998468 0.214681 6.90818 -0.916942</i>
                        <i>0.396827 0.916223 0.0553429 -0.9175 0.397701 -0.00531481 -0.0268795 -0.048668 0.998453 0.214613 6.90761 -0.917444</i>
                        <i>0.39683 0.916206 0.0556055 -0.917498 0.397705 -0.00521037 -0.0268884 -0.0489503 0.998439 0.214541 6.90704 -0.917962</i>
                        <i>0.396832 0.91619 0.0558562 -0.917497 0.397709 -0.00510357 -0.0268904 -0.0492227 0.998426 0.214467 6.90646 -0.918491</i>
                        <i>0.396835 0.916174 0.0560951 -0.917496 0.397713 -0.00499526 -0.0268863 -0.0494847 0.998413 0.214391 6.90588 -0.919027</i>
                        <i>0.396838 0.916159 0.0563217 -0.917495 0.397717 -0.00488627 -0.0268767 -0.0497358 0.998401 0.214314 6.9053 -0.919566</i>
                        <i>0.396842 0.916144 0.0565353 -0.917494 0.397721 -0.00477743 -0.0268621 -0.0499749 0.998389 0.214236 6.90472 -0.920103</i>
                        <i>0.396845 0.91613 0.0567351 -0.917493 0.397724 -0.00466957 -0.0268429 -0.050201 0.998378 0.214157 6.90416 -0.920635</i>
                        <i>0.396849 0.916117 0.0569197 -0.917492 0.397728 -0.00456352 -0.0268193 -0.0504124 0.998368 0.214079 6.9036 -0.921158</i>
                        <i>0.396853 0.916105 0.0570875 -0.917491 0.397731 -0.00446012 -0.0267914 -0.0506073 0.998359 0.214003 6.90307 -0.921667</i>
                        <i>0.396856 0.916094 0.0572366 -0.917491 0.397734 -0.00436019 -0.0267593 -0.0507837 0.998351 0.213928 6.90256 -0.922158</i>
                        <i>0.39686 0.916085 0.0573647 -0.91749 0.397736 -0.00426458 -0.0267227 -0.0509391 0.998344 0.213855 6.90207 -0.922627</i>
                        <i>0.396865 0.916076 0.0574694 -0.917489 0.397739 -0.0041741 -0.0266816 -0.051071 0.998339 0.213786 6.90162 -0.92307</i>
                        <i>0.396869 0.91607 0.0575478 -0.917489 0.397741 -0.0040896 -0.0266355 -0.0511764 0.998334 0.213721 6.9012 -0.923484</i>
                        <i>0.396873 0.916065 0.0575971 -0.917488 0.397742 -0.0040119 -0.026584 -0.0512525 0.998332 0.21366 6.90082 -0.923864</i>
                        <i>0.396878 0.916062 0.0576143 -0.917488 0.397744 -0.00394185 -0.0265267 -0.051296 0.998331 0.213605 6.90048 -0.924206</i>
                        <i>0.396882 0.916061 0.0575962 -0.917488 0.397745 -0.00388028 -0.0264631 -0.0513038 0.998332 0.213557 6.90019 -0.924506</i>
                        <i>0.396887 0.916062 0.0575397 -0.917488 0.397746 -0.00382803 -0.0263929 -0.0512726 0.998336 0.213515 6.89996 -0.924761</i>
                        <i>0.396894 0.916068 0.0574043 -0.917488 0.397746 -0.00378066 -0.0262957 -0.0511672 0.998344 0.213478 6.89977 -0.924991</i>
                        <i>0.396905 0.916086 0.0570324 -0.917488 0.397745 -0.00373414 -0.0261052 -0.0508445 0.998365 0.213441 6.89965 -0.925217</i>
                        <i>0.396924 0.916121 0.0563356 -0.917489 0.397743 -0.0036899 -0.0257875 -0.0502227 0.998405 0.213405 6.8996 -0.925432</i>
                        <i>0.396948 0.91617 0.0553614 -0.917491 0.39774 -0.0036494 -0.0253629 -0.049345 0.99846 0.213373 6.89963 -0.925628</i>
                        <i>0.396976 0.91623 0.0541582 -0.917493 0.397736 -0.00361412 -0.0248521 -0.048255 0.998526 0.213344 6.89974 -0.925798</i>
                        <i>0.397007 0.916297 0.0527746 -0.917495 0.397732 -0.00358552 -0.0242755 -0.0469969 0.9986 0.213321 6.89992 -0.925936</i>
                        <i>0.397039 0.916369 0.0512596 -0.917497 0.397727 -0.00356508 -0.0236542 -0.045615 0.998679 0.213305 6.90018 -0.926033</i>
                        <i>0.397071 0.916443 0.0496627 -0.917499 0.397722 -0.00355427 -0.0230092 -0.0441542 0.99876 0.213296 6.90051 -0.926084</i>
                        <i>0.397103 0.916516 0.0480338 -0.917502 0.397716 -0.00355456 -0.0223616 -0.0426596 0.998839 0.213297 6.90092 -0.926081</i>
                        <i>0.397133 0.916586 0.0464228 -0.917504 0.397711 -0.00356744 -0.0217327 -0.0411764 0.998915 0.213308 6.90141 -0.926018</i>
                        <i>0.397159 0.916652 0.0448802 -0.917506 0.397705 -0.00359436 -0.0211439 -0.0397504 0.998986 0.21333 6.90196 -0.925886</i>
                        <i>0.397182 0.91671 0.0434565 -0.917508 0.3977 -0.00363681 -0.0206166 -0.0384272 0.999049 0.213364 6.90259 -0.925679</i>
                        <i>0.3972 0.916761 0.0422024 -0.91751 0.397695 -0.00369624 -0.0201722 -0.037253 0.999102 0.213412 6.9033 -0.92539</i>
                        <i>0.397213 0.916802 0.0411686 -0.917512 0.39769 -0.00377412 -0.0198325 -0.0362736 0.999145 0.213474 6.90407 -0.925012</i>
                        <i>0.39722 0.916833 0.0404061 -0.917514 0.397686 -0.0038719 -0.0196188 -0.0355352 0.999176 0.213552 6.90491 -0.924536</i>
                        <i>0.39722 0.916853 0.0399659 -0.917515 0.397681 -0.00399104 -0.0195529 -0.035084 0.999193 0.213646 6.90582 -0.923955</i>
                    </KeyFrames>
                </p>
            </i>
            <i>
                <p>
                    <Name><![CDATA[spine1]]></Name>
                    <Exclude>0</Exclude>
                    <Additive>0</Additive>
                    <IKPriority>0</IKPriority>
                    <IKRotLimits>-1e+010 -1e+010 -1e+010 1e+010 1e+010 1e+010</IKRotLimits>
                    <IKRotLimitOrder>0</IKRotLimitOrder>
                    <KeyFrames count="61">
                        <i>0.403121 0.861447 0.308874 -0.911036 0.409716 0.0463258 -0.0866435 -0.30007 0.949974 0.281995 7.06358 -0.917082</i>
                        <i>0.403986 0.863589 0.301678 -0.910944 0.409903 0.0464781 -0.0835208 -0.293589 0.952276 0.281998 7.06385 -0.91644</i>
                        <i>0.40483 0.865668 0.294503 -0.910848 0.4101 0.0466139 -0.0804237 -0.287118 0.954513 0.282004 7.06416 -0.915691</i>
                        <i>0.405644 0.867666 0.287418 -0.91075 0.410305 0.0467341 -0.0773797 -0.280724 0.956664 0.282012 7.06451 -0.914854</i>
                        <i>0.406421 0.869565 0.280496 -0.91065 0.410515 0.0468394 -0.0744177 -0.27447 0.958712 0.282022 7.06488 -0.913948</i>
                        <i>0.407155 0.871351 0.27381 -0.910551 0.410725 0.0469305 -0.0715678 -0.268426 0.960638 0.282033 7.06527 -0.912992</i>
                        <i>0.40784 0.873008 0.267439 -0.910453 0.410932 0.0470078 -0.0688614 -0.262663 0.962427 0.282045 7.06565 -0.912006</i>
                        <i>0.408469 0.874523 0.261462 -0.910359 0.411134 0.0470716 -0.0663309 -0.257252 0.964065 0.282056 7.06603 -0.911011</i>
                        <i>0.409038 0.875884 0.25596 -0.910269 0.411326 0.0471221 -0.0640096 -0.252267 0.965538 0.282068 7.06639 -0.910027</i>
                        <i>0.409542 0.877078 0.251016 -0.910187 0.411505 0.0471592 -0.061932 -0.247785 0.966833 0.282079 7.06672 -0.909074</i>
                        <i>0.409975 0.878096 0.246714 -0.910113 0.411666 0.0471827 -0.0601331 -0.243882 0.967939 0.282089 7.06701 -0.908172</i>
                        <i>0.410332 0.878926 0.24314 -0.910048 0.411807 0.0471922 -0.0586483 -0.240634 0.968843 0.282098 7.06724 -0.907344</i>
                        <i>0.410609 0.879556 0.240378 -0.909996 0.411923 0.0471873 -0.0575133 -0.238118 0.969532 0.282106 7.06742 -0.906608</i>
                        <i>0.410799 0.879975 0.238513 -0.909957 0.412011 0.0471675 -0.0567639 -0.236413 0.969993 0.282112 7.06752 -0.905987</i>
                        <i>0.410897 0.880168 0.23763 -0.909933 0.412068 0.0471322 -0.0564354 -0.235594 0.970212 0.282116 7.06754 -0.9055</i>
                        <i>0.410895 0.88012 0.237811 -0.909926 0.412089 0.0470811 -0.0565624 -0.235736 0.97017 0.282119 7.06747 -0.905168</i>
                        <i>0.410787 0.879816 0.239118 -0.909937 0.412073 0.0470145 -0.0571699 -0.236895 0.969852 0.282121 7.06733 -0.905013</i>
                        <i>0.410594 0.879305 0.241322 -0.909962 0.412028 0.046934 -0.058162 -0.238864 0.96931 0.282122 7.06715 -0.904987</i>
                        <i>0.41034 0.878646 0.244137 -0.909995 0.411965 0.0468408 -0.0594197 -0.241384 0.968609 0.282122 7.06693 -0.905025</i>
                        <i>0.410028 0.877845 0.247517 -0.910036 0.411886 0.0467361 -0.0609216 -0.244412 0.967756 0.282122 7.06668 -0.905124</i>
                        <i>0.409662 0.87691 0.251409 -0.910084 0.411793 0.0466211 -0.0626461 -0.247902 0.966757 0.282122 7.06641 -0.90528</i>
                        <i>0.409242 0.875845 0.255766 -0.910138 0.411687 0.0464969 -0.0645717 -0.251811 0.96562 0.282121 7.0661 -0.905487</i>
                        <i>0.408772 0.874658 0.260538 -0.910198 0.411571 0.0463648 -0.0666765 -0.256094 0.96435 0.282121 7.06577 -0.905742</i>
                        <i>0.408253 0.873353 0.265675 -0.910262 0.411444 0.0462258 -0.0689389 -0.260705 0.962954 0.282121 7.06543 -0.90604</i>
                        <i>0.407689 0.87194 0.271126 -0.91033 0.41131 0.0460813 -0.0713369 -0.265601 0.96144 0.282122 7.06506 -0.906376</i>
                        <i>0.407083 0.870426 0.276844 -0.910401 0.41117 0.0459323 -0.0738492 -0.270737 0.959817 0.282122 7.06469 -0.906747</i>
                        <i>0.406438 0.868818 0.282778 -0.910474 0.411025 0.0457802 -0.076454 -0.276068 0.958092 0.282123 7.0643 -0.907147</i>
                        <i>0.405758 0.867127 0.288879 -0.910549 0.410877 0.0456259 -0.0791301 -0.281551 0.956278 0.282124 7.0639 -0.907573</i>
                        <i>0.405047 0.865363 0.2951 -0.910624 0.410726 0.0454707 -0.0818564 -0.287143 0.954384 0.282126 7.06349 -0.90802</i>
                        <i>0.404309 0.863537 0.301392 -0.9107 0.410575 0.0453156 -0.0846121 -0.292799 0.952423 0.282128 7.06309 -0.908484</i>
                        <i>0.40355 0.861663 0.307708 -0.910776 0.410424 0.0451618 -0.0873766 -0.298478 0.950408 0.282131 7.06268 -0.908961</i>
                        <i>0.402776 0.859752 0.314003 -0.91085 0.410275 0.0450103 -0.0901298 -0.304139 0.948355 0.282133 7.06228 -0.909446</i>
                        <i>0.401991 0.857821 0.32023 -0.910924 0.410128 0.0448621 -0.0928517 -0.309739 0.946277 0.282136 7.06188 -0.909936</i>
                        <i>0.401202 0.855883 0.326344 -0.910995 0.409985 0.0447182 -0.0955229 -0.315239 0.944193 0.28214 7.06149 -0.910427</i>
                        <i>0.400417 0.853956 0.332303 -0.911064 0.409847 0.0445796 -0.0981243 -0.3206 0.942119 0.282143 7.0611 -0.910915</i>
                        <i>0.399641 0.852057 0.338062 -0.911131 0.409714 0.0444473 -0.100637 -0.325782 0.940074 0.282146 7.06074 -0.911395</i>
                        <i>0.398883 0.850203 0.343581 -0.911194 0.409587 0.0443221 -0.103043 -0.330748 0.938077 0.28215 7.06038 -0.911865</i>
                        <i>0.398151 0.848412 0.348816 -0.911253 0.409467 0.044205 -0.105325 -0.33546 0.936148 0.282153 7.06005 -0.91232</i>
                        <i>0.397451 0.846705 0.353729 -0.911309 0.409354 0.0440969 -0.107463 -0.339883 0.934308 0.282157 7.05973 -0.912758</i>
                        <i>0.396792 0.845099 0.358278 -0.911361 0.40925 0.0439986 -0.109442 -0.343979 0.932577 0.28216 7.05944 -0.913174</i>
                        <i>0.396182 0.843616 0.362426 -0.911408 0.409154 0.0439109 -0.111244 -0.347714 0.930978 0.282162 7.05918 -0.913565</i>
                        <i>0.39563 0.842273 0.366132 -0.91145 0.409068 0.0438347 -0.112852 -0.351054 0.92953 0.282164 7.05894 -0.913929</i>
                        <i>0.395143 0.841092 0.369359 -0.911487 0.408993 0.0437709 -0.11425 -0.353962 0.928255 0.282166 7.05873 -0.914261</i>
                        <i>0.394729 0.840091 0.372069 -0.911519 0.408928 0.0437202 -0.11542 -0.356405 0.927175 0.282167 7.05856 -0.914558</i>
                        <i>0.394398 0.839291 0.374221 -0.911545 0.408874 0.0436835 -0.116346 -0.358348 0.92631 0.282168 7.05842 -0.914817</i>
                        <i>0.394137 0.838666 0.375893 -0.911566 0.408828 0.0436624 -0.117057 -0.35986 0.925634 0.282168 7.05832 -0.915066</i>
                        <i>0.393996 0.838342 0.376762 -0.911583 0.408789 0.0436754 -0.117401 -0.360658 0.92528 0.282165 7.05827 -0.915352</i>
                        <i>0.394028 0.83845 0.376488 -0.911592 0.408762 0.043736 -0.117224 -0.360437 0.925388 0.282158 7.05829 -0.915684</i>
                        <i>0.394218 0.838955 0.375162 -0.911594 0.408747 0.0438386 -0.116567 -0.359277 0.925922 0.282149 7.05837 -0.916046</i>
                        <i>0.394551 0.839819 0.372873 -0.911589 0.408744 0.0439778 -0.115476 -0.357258 0.92684 0.282137 7.05851 -0.916424</i>
                        <i>0.395012 0.841 0.369709 -0.911576 0.408754 0.0441479 -0.113992 -0.354457 0.928098 0.282122 7.05871 -0.916801</i>
                        <i>0.395583 0.842458 0.365758 -0.911556 0.408777 0.0443433 -0.112156 -0.350951 0.929653 0.282106 7.05897 -0.917162</i>
                        <i>0.396249 0.84415 0.361107 -0.911529 0.408816 0.0445586 -0.110012 -0.346815 0.931459 0.282089 7.05929 -0.917491</i>
                        <i>0.396992 0.846035 0.35584 -0.911493 0.408869 0.044788 -0.1076 -0.342126 0.933473 0.282071 7.05965 -0.917773</i>
                        <i>0.397796 0.848073 0.350043 -0.91145 0.408939 0.0450261 -0.104961 -0.336958 0.935651 0.282053 7.06007 -0.917992</i>
                        <i>0.398647 0.850224 0.343802 -0.911399 0.409026 0.0452671 -0.102137 -0.331386 0.93795 0.282037 7.06054 -0.918131</i>
                        <i>0.399529 0.852451 0.3372 -0.911341 0.40913 0.0455056 -0.099167 -0.325485 0.940333 0.282022 7.06106 -0.918176</i>
                        <i>0.40043 0.854719 0.330321 -0.911275 0.409251 0.0457361 -0.0960927 -0.319328 0.94276 0.28201 7.06162 -0.918109</i>
                        <i>0.401336 0.856994 0.323251 -0.911202 0.409389 0.0459531 -0.092954 -0.31299 0.945197 0.282001 7.06223 -0.917915</i>
                        <i>0.402236 0.859246 0.316074 -0.911122 0.409544 0.0461514 -0.089791 -0.306546 0.947611 0.281996 7.06289 -0.917578</i>
                        <i>0.403121 0.861447 0.308874 -0.911036 0.409716 0.0463258 -0.0866435 -0.30007 0.949974 0.281995 7.06358 -0.917082</i>
                    </KeyFrames>
                </p>
            </i>
            <i>
                <p>
                    <Name><![CDATA[spine2]]></Name>
                    <Exclude>0</Exclude>
                    <Additive>0</Additive>
                    <IKPriority>0</IKPriority>
                    <IKRotLimits>-1e+010 -1e+010 -1e+010 1e+010 1e+010 1e+010</IKRotLimits>
                    <IKRotLimitOrder>0</IKRotLimitOrder>
                    <KeyFrames count="61">
                        <i>0.437687 0.744205 0.504568 -0.887975 0.445893 0.112609 -0.141179 -0.497331 0.855997 0.345843 7.19989 -0.868153</i>
                        <i>0.439267 0.747548 0.498213 -0.887678 0.446437 0.112792 -0.138104 -0.491799 0.859687 0.34589 7.2003 -0.868725</i>
                        <i>0.440783 0.750711 0.49208 -0.887382 0.44698 0.11297 -0.135142 -0.486458 0.863189 0.345932 7.20073 -0.869187</i>
                        <i>0.442227 0.753683 0.486207 -0.88709 0.447515 0.113142 -0.132312 -0.481344 0.866488 0.345968 7.20118 -0.869546</i>
                        <i>0.44359 0.756451 0.480635 -0.886805 0.448038 0.113307 -0.129632 -0.476491 0.86957 0.345998 7.20163 -0.869807</i>
                        <i>0.444865 0.759002 0.475407 -0.88653 0.448543 0.113463 -0.127122 -0.471938 0.872419 0.346024 7.20208 -0.869977</i>
                        <i>0.446041 0.761322 0.47057 -0.886268 0.449022 0.11361 -0.124803 -0.467726 0.875018 0.346044 7.20252 -0.870062</i>
                        <i>0.44711 0.763398 0.466171 -0.886024 0.449471 0.113746 -0.122697 -0.463896 0.877352 0.346059 7.20293 -0.870071</i>
                        <i>0.448064 0.765215 0.46226 -0.885799 0.449883 0.11387 -0.120828 -0.46049 0.879403 0.34607 7.20331 -0.87001</i>
                        <i>0.448892 0.766759 0.458887 -0.885598 0.450251 0.11398 -0.119219 -0.457554 0.881154 0.346076 7.20365 -0.869886</i>
                        <i>0.449585 0.768013 0.456103 -0.885423 0.450569 0.114076 -0.117893 -0.455131 0.882586 0.346078 7.20393 -0.869706</i>
                        <i>0.450133 0.768961 0.453959 -0.885279 0.450831 0.114157 -0.116877 -0.453267 0.883679 0.346076 7.20416 -0.869478</i>
                        <i>0.450526 0.769586 0.452509 -0.88517 0.45103 0.11422 -0.116193 -0.452006 0.884415 0.34607 7.20431 -0.86921</i>
                        <i>0.450752 0.769869 0.4518 -0.885097 0.451161 0.114264 -0.115867 -0.451392 0.884771 0.34606 7.20438 -0.868907</i>
                        <i>0.450801 0.769792 0.451883 -0.885066 0.451218 0.114287 -0.11592 -0.451467 0.884726 0.346047 7.20436 -0.868579</i>
                        <i>0.45066 0.769334 0.452803 -0.885078 0.451194 0.114288 -0.116376 -0.452271 0.884255 0.34603 7.20424 -0.868231</i>
                        <i>0.45032 0.768485 0.45458 -0.885136 0.451085 0.114265 -0.117244 -0.453821 0.883346 0.346011 7.20404 -0.867874</i>
                        <i>0.449817 0.767306 0.457062 -0.885231 0.450909 0.114222 -0.11845 -0.455985 0.88207 0.345988 7.20379 -0.867501</i>
                        <i>0.449192 0.765872 0.460072 -0.885352 0.450687 0.114166 -0.119912 -0.458608 0.880511 0.345963 7.20351 -0.867092</i>
                        <i>0.448453 0.764199 0.463563 -0.885495 0.450422 0.114096 -0.121607 -0.46165 0.878687 0.345934 7.20318 -0.866653</i>
                        <i>0.447606 0.762302 0.467487 -0.88566 0.450119 0.114015 -0.123511 -0.465068 0.876617 0.345903 7.20281 -0.866185</i>
                        <i>0.446661 0.760199 0.471796 -0.885843 0.449782 0.113921 -0.125602 -0.468821 0.874317 0.345869 7.20241 -0.865693</i>
                        <i>0.445623 0.757907 0.476442 -0.886043 0.449414 0.113817 -0.127857 -0.472868 0.871808 0.345832 7.20197 -0.865178</i>
                        <i>0.444501 0.755442 0.481379 -0.886258 0.44902 0.113702 -0.130253 -0.477167 0.869107 0.345794 7.20151 -0.864646</i>
                        <i>0.443304 0.752823 0.486558 -0.886484 0.448604 0.113578 -0.132768 -0.481676 0.866234 0.345753 7.20103 -0.864098</i>
                        <i>0.442039 0.750069 0.491934 -0.886721 0.448169 0.113445 -0.135378 -0.486355 0.86321 0.34571 7.20053 -0.863539</i>
                        <i>0.440715 0.747197 0.49746 -0.886966 0.44772 0.113303 -0.138063 -0.491165 0.860056 0.345666 7.2 -0.862971</i>
                        <i>0.439342 0.744229 0.503092 -0.887217 0.44726 0.113155 -0.1408 -0.496066 0.856793 0.34562 7.19947 -0.862397</i>
                        <i>0.437929 0.741185 0.508786 -0.887472 0.446793 0.113001 -0.143567 -0.50102 0.853445 0.345573 7.19892 -0.861822</i>
                        <i>0.436486 0.738086 0.514498 -0.887729 0.446323 0.112841 -0.146346 -0.505989 0.850034 0.345525 7.19837 -0.861248</i>
                        <i>0.435024 0.734955 0.520188 -0.887986 0.445852 0.112678 -0.149114 -0.510938 0.846586 0.345476 7.19781 -0.860678</i>
                        <i>0.433553 0.731813 0.525815 -0.888241 0.445385 0.112512 -0.151852 -0.515831 0.843125 0.345427 7.19726 -0.860117</i>
                        <i>0.432084 0.728684 0.531341 -0.888493 0.444925 0.112345 -0.154543 -0.520635 0.839676 0.345378 7.19671 -0.859568</i>
                        <i>0.430628 0.725592 0.536726 -0.88874 0.444475 0.112178 -0.157166 -0.525317 0.836266 0.345329 7.19616 -0.859034</i>
                        <i>0.429198 0.722561 0.541936 -0.888979 0.444038 0.112012 -0.159705 -0.529845 0.832922 0.345281 7.19563 -0.858519</i>
                        <i>0.427804 0.719615 0.546935 -0.889209 0.443617 0.111849 -0.162142 -0.53419 0.82967 0.345234 7.19512 -0.858026</i>
                        <i>0.426459 0.716778 0.55169 -0.88943 0.443216 0.11169 -0.16446 -0.53832 0.826537 0.345189 7.19462 -0.857559</i>
                        <i>0.425175 0.714077 0.556166 -0.889638 0.442836 0.111537 -0.166644 -0.54221 0.823552 0.345145 7.19415 -0.857123</i>
                        <i>0.423963 0.711535 0.560333 -0.889833 0.44248 0.111392 -0.168677 -0.545829 0.820743 0.345104 7.19371 -0.85672</i>
                        <i>0.422837 0.709178 0.564159 -0.890013 0.442152 0.111256 -0.170544 -0.549152 0.818136 0.345066 7.1933 -0.856355</i>
                        <i>0.421807 0.707031 0.567614 -0.890177 0.441853 0.11113 -0.17223 -0.552153 0.81576 0.345031 7.19292 -0.856031</i>
                        <i>0.420886 0.705119 0.570668 -0.890323 0.441587 0.111016 -0.17372 -0.554804 0.813642 0.345001 7.19259 -0.855752</i>
                        <i>0.420087 0.703467 0.57329 -0.890451 0.441356 0.110916 -0.174999 -0.557081 0.81181 0.344974 7.1923 -0.855522</i>
                        <i>0.419421 0.702099 0.575451 -0.890557 0.441163 0.110832 -0.176053 -0.558957 0.810292 0.344953 7.19206 -0.855345</i>
                        <i>0.418899 0.701039 0.577121 -0.890642 0.441009 0.110764 -0.176866 -0.560406 0.809113 0.344937 7.19187 -0.855225</i>
                        <i>0.418514 0.70028 0.57832 -0.890707 0.44089 0.110711 -0.177447 -0.561448 0.808263 0.344927 7.19174 -0.855176</i>
                        <i>0.418381 0.7001 0.578634 -0.890741 0.440829 0.110682 -0.17759 -0.56172 0.808042 0.344931 7.1917 -0.855294</i>
                        <i>0.418607 0.700736 0.5777 -0.890729 0.440851 0.11069 -0.177115 -0.560909 0.808709 0.344953 7.19178 -0.855646</i>
                        <i>0.419155 0.702104 0.575638 -0.890676 0.440948 0.110729 -0.176083 -0.55912 0.810173 0.344991 7.19198 -0.856203</i>
                        <i>0.419989 0.704115 0.572565 -0.890584 0.441115 0.110799 -0.174552 -0.556452 0.812338 0.345043 7.19229 -0.856935</i>
                        <i>0.421071 0.706682 0.568595 -0.890458 0.441347 0.110895 -0.17258 -0.553005 0.815109 0.345106 7.19268 -0.857813</i>
                        <i>0.422363 0.709714 0.56384 -0.890299 0.441636 0.111015 -0.170224 -0.548875 0.818389 0.345177 7.19317 -0.858808</i>
                        <i>0.423829 0.713123 0.558413 -0.890112 0.441978 0.111155 -0.16754 -0.544161 0.822083 0.345254 7.19373 -0.859891</i>
                        <i>0.42543 0.716823 0.552425 -0.889899 0.442367 0.111311 -0.164584 -0.538958 0.826097 0.345336 7.19435 -0.861032</i>
                        <i>0.427133 0.72073 0.545991 -0.889664 0.442797 0.111481 -0.161415 -0.533366 0.830341 0.345418 7.19504 -0.862201</i>
                        <i>0.428903 0.724762 0.539224 -0.88941 0.443262 0.111661 -0.15809 -0.527483 0.834727 0.3455 7.19577 -0.86337</i>
                        <i>0.430707 0.728842 0.532241 -0.88914 0.443757 0.111849 -0.154666 -0.521411 0.839172 0.345579 7.19654 -0.864508</i>
                        <i>0.432515 0.732895 0.525162 -0.888858 0.444273 0.11204 -0.151202 -0.515253 0.843595 0.345655 7.19735 -0.865585</i>
                        <i>0.434299 0.736851 0.518107 -0.888567 0.444806 0.112232 -0.147759 -0.509115 0.84792 0.345725 7.19818 -0.866572</i>
                        <i>0.436031 0.740642 0.5112 -0.888271 0.445348 0.112422 -0.144397 -0.503104 0.852077 0.345788 7.19903 -0.867437</i>
                        <i>0.437687 0.744205 0.504568 -0.887975 0.445893 0.112609 -0.141179 -0.497331 0.855997 0.345843 7.19989 -0.868153</i>
                    </KeyFrames>
                </p>
            </i>
            <i>
                <p>
                    <Name><![CDATA[head]]></Name>
                    <Exclude>0</Exclude>
                    <Additive>0</Additive>
                    <IKPriority>0</IKPriority>
                    <IKRotLimits>-1e+010 -1e+010 -1e+010 1e+010 1e+010 1e+010</IKRotLimits>
                    <IKRotLimitOrder>0</IKRotLimitOrder>
                    <KeyFrames count="61">
                        <i>0.162223 0.986715 0.00882056 -0.545463 0.0971197 -0.832489 -0.822286 0.130237 0.553971 0.464378 7.39481 -0.749103</i>
                        <i>0.162642 0.98664 0.00948083 -0.544525 0.0977666 -0.833027 -0.822824 0.130323 0.553151 0.464669 7.39581 -0.751194</i>
                        <i>0.163043 0.986567 0.0101145 -0.543675 0.0983949 -0.833508 -0.823307 0.130399 0.552415 0.464929 7.39677 -0.753094</i>
                        <i>0.163424 0.986498 0.010717 -0.542912 0.0989992 -0.833934 -0.823734 0.130467 0.551761 0.46516 7.39769 -0.7548</i>
                        <i>0.163782 0.986432 0.0112835 -0.542237 0.0995737 -0.834305 -0.824109 0.130526 0.551188 0.465362 7.39855 -0.756311</i>
                        <i>0.164114 0.986371 0.0118092 -0.541647 0.100113 -0.834623 -0.82443 0.130577 0.550695 0.465536 7.39936 -0.757628</i>
                        <i>0.164417 0.986314 0.0122889 -0.541144 0.10061 -0.83489 -0.8247 0.13062 0.55028 0.465682 7.40009 -0.75875</i>
                        <i>0.164687 0.986264 0.0127175 -0.540727 0.101059 -0.835105 -0.824919 0.130654 0.549943 0.465802 7.40075 -0.759676</i>
                        <i>0.164922 0.98622 0.0130895 -0.540397 0.101455 -0.835271 -0.825089 0.130681 0.549682 0.465897 7.40133 -0.760407</i>
                        <i>0.165119 0.986183 0.0133995 -0.540153 0.10179 -0.835388 -0.825209 0.1307 0.549497 0.465965 7.40181 -0.760941</i>
                        <i>0.165273 0.986154 0.0136416 -0.539996 0.102057 -0.835458 -0.825282 0.130712 0.549386 0.466008 7.40218 -0.76128</i>
                        <i>0.165381 0.986133 0.0138102 -0.539925 0.102249 -0.83548 -0.825306 0.130716 0.549348 0.466027 7.40245 -0.761423</i>
                        <i>0.165439 0.986122 0.013899 -0.539941 0.10236 -0.835456 -0.825284 0.130712 0.549382 0.46602 7.40259 -0.761369</i>
                        <i>0.165443 0.986121 0.013902 -0.540045 0.102381 -0.835386 -0.825215 0.130701 0.549488 0.465988 7.4026 -0.761121</i>
                        <i>0.173256 0.984517 0.0266355 -0.528614 0.115777 -0.84093 -0.830993 0.131616 0.540488 0.465931 7.40246 -0.760677</i>
                        <i>0.191822 0.979595 0.0599767 -0.498348 0.149868 -0.853926 -0.84549 0.133912 0.516927 0.465849 7.40218 -0.760038</i>
                        <i>0.213363 0.971182 0.106214 -0.455899 0.195129 -0.868378 -0.864079 0.136857 0.484394 0.465743 7.40176 -0.759214</i>
                        <i>0.231256 0.960428 0.155238 -0.410239 0.240948 -0.879573 -0.88217 0.139722 0.449725 0.465614 7.40125 -0.758225</i>
                        <i>0.242072 0.950592 0.194361 -0.373273 0.276143 -0.885671 -0.895583 0.141846 0.421676 0.465464 7.40065 -0.757083</i>
                        <i>0.245597 0.946336 0.210071 -0.358383 0.289995 -0.887392 -0.90069 0.142655 0.410373 0.465294 7.39998 -0.755803</i>
