<?xml version="1.0" encoding="ISO-8859-1" ?>
<Animl Version="1">
    <ModellingPackage><![CDATA[Maya.2010]]></ModellingPackage>
    <SrcFile><![CDATA[anims\turrets\special\blue\~src\flamelube\flamelube_idle_crewmanb.mb]]></SrcFile>
    <FramesPerSecond>30</FramesPerSecond>
    <TotalFrames>61</TotalFrames>
    <Skeleton>
        <RefFrame>
            <Name><![CDATA[soldier_ref_frame]]></Name>
            <Exclude>0</Exclude>
            <Additive>0</Additive>
            <IKPriority>0</IKPriority>
            <IKRotLimits>-1e+010 -1e+010 -1e+010 1e+010 1e+010 1e+010</IKRotLimits>
            <IKRotLimitOrder>0</IKRotLimitOrder>
            <KeyFrames count="61">
                <i>1 0 0 0 1 0 0 0 1 0 0.9 1.35</i>
                <i>1 0 0 0 1 0 0 0 1 0 0.9 1.35</i>
                <i>1 0 0 0 1 0 0 0 1 0 0.9 1.35</i>
                <i>1 0 0 0 1 0 0 0 1 0 0.9 1.35</i>
                <i>1 0 0 0 1 0 0 0 1 0 0.9 1.35</i>
                <i>1 0 0 0 1 0 0 0 1 0 0.9 1.35</i>
                <i>1 0 0 0 1 0 0 0 1 0 0.9 1.35</i>
                <i>1 0 0 0 1 0 0 0 1 0 0.9 1.35</i>
                <i>1 0 0 0 1 0 0 0 1 0 0.9 1.35</i>
                <i>1 0 0 0 1 0 0 0 1 0 0.9 1.35</i>
                <i>1 0 0 0 1 0 0 0 1 0 0.9 1.35</i>
                <i>1 0 0 0 1 0 0 0 1 0 0.9 1.35</i>
                <i>1 0 0 0 1 0 0 0 1 0 0.9 1.35</i>
                <i>1 0 0 0 1 0 0 0 1 0 0.9 1.35</i>
                <i>1 0 0 0 1 0 0 0 1 0 0.9 1.35</i>
                <i>1 0 0 0 1 0 0 0 1 0 0.9 1.35</i>
                <i>1 0 0 0 1 0 0 0 1 0 0.9 1.35</i>
                <i>1 0 0 0 1 0 0 0 1 0 0.9 1.35</i>
                <i>1 0 0 0 1 0 0 0 1 0 0.9 1.35</i>
                <i>1 0 0 0 1 0 0 0 1 0 0.9 1.35</i>
                <i>1 0 0 0 1 0 0 0 1 0 0.9 1.35</i>
                <i>1 0 0 0 1 0 0 0 1 0 0.9 1.35</i>
                <i>1 0 0 0 1 0 0 0 1 0 0.9 1.35</i>
                <i>1 0 0 0 1 0 0 0 1 0 0.9 1.35</i>
                <i>1 0 0 0 1 0 0 0 1 0 0.9 1.35</i>
                <i>1 0 0 0 1 0 0 0 1 0 0.9 1.35</i>
                <i>1 0 0 0 1 0 0 0 1 0 0.9 1.35</i>
                <i>1 0 0 0 1 0 0 0 1 0 0.9 1.35</i>
                <i>1 0 0 0 1 0 0 0 1 0 0.9 1.35</i>
                <i>1 0 0 0 1 0 0 0 1 0 0.9 1.35</i>
                <i>1 0 0 0 1 0 0 0 1 0 0.9 1.35</i>
                <i>1 0 0 0 1 0 0 0 1 0 0.9 1.35</i>
                <i>1 0 0 0 1 0 0 0 1 0 0.9 1.35</i>
                <i>1 0 0 0 1 0 0 0 1 0 0.9 1.35</i>
                <i>1 0 0 0 1 0 0 0 1 0 0.9 1.35</i>
                <i>1 0 0 0 1 0 0 0 1 0 0.9 1.35</i>
                <i>1 0 0 0 1 0 0 0 1 0 0.9 1.35</i>
                <i>1 0 0 0 1 0 0 0 1 0 0.9 1.35</i>
                <i>1 0 0 0 1 0 0 0 1 0 0.9 1.35</i>
                <i>1 0 0 0 1 0 0 0 1 0 0.9 1.35</i>
                <i>1 0 0 0 1 0 0 0 1 0 0.9 1.35</i>
                <i>1 0 0 0 1 0 0 0 1 0 0.9 1.35</i>
                <i>1 0 0 0 1 0 0 0 1 0 0.9 1.35</i>
                <i>1 0 0 0 1 0 0 0 1 0 0.9 1.35</i>
                <i>1 0 0 0 1 0 0 0 1 0 0.9 1.35</i>
                <i>1 0 0 0 1 0 0 0 1 0 0.9 1.35</i>
                <i>1 0 0 0 1 0 0 0 1 0 0.9 1.35</i>
                <i>1 0 0 0 1 0 0 0 1 0 0.9 1.35</i>
                <i>1 0 0 0 1 0 0 0 1 0 0.9 1.35</i>
                <i>1 0 0 0 1 0 0 0 1 0 0.9 1.35</i>
                <i>1 0 0 0 1 0 0 0 1 0 0.9 1.35</i>
                <i>1 0 0 0 1 0 0 0 1 0 0.9 1.35</i>
                <i>1 0 0 0 1 0 0 0 1 0 0.9 1.35</i>
                <i>1 0 0 0 1 0 0 0 1 0 0.9 1.35</i>
                <i>1 0 0 0 1 0 0 0 1 0 0.9 1.35</i>
                <i>1 0 0 0 1 0 0 0 1 0 0.9 1.35</i>
                <i>1 0 0 0 1 0 0 0 1 0 0.9 1.35</i>
                <i>1 0 0 0 1 0 0 0 1 0 0.9 1.35</i>
                <i>1 0 0 0 1 0 0 0 1 0 0.9 1.35</i>
                <i>1 0 0 0 1 0 0 0 1 0 0.9 1.35</i>
                <i>1 0 0 0 1 0 0 0 1 0 0.9 1.35</i>
            </KeyFrames>
        </RefFrame>
        <Bones count="23">
            <i>
                <p>
                    <Name><![CDATA[pelvis]]></Name>
                    <Exclude>0</Exclude>
                    <Additive>0</Additive>
                    <IKPriority>0</IKPriority>
                    <IKRotLimits>-1e+010 -1e+010 -1e+010 1e+010 1e+010 1e+010</IKRotLimits>
                    <IKRotLimitOrder>2</IKRotLimitOrder>
                    <KeyFrames count="61">
                        <i>1 0 0 0 1 0 0 0 1 0.295361 1.67103 1.35</i>
                        <i>1 0 0 0 1 0 0 0 1 0.295361 1.66916 1.35</i>
                        <i>1 0 0 0 1 0 0 0 1 0.295361 1.66716 1.35</i>
                        <i>1 0 0 0 1 0 0 0 1 0.295361 1.66505 1.35</i>
                        <i>1 0 0 0 1 0 0 0 1 0.295361 1.66285 1.35</i>
                        <i>1 0 0 0 1 0 0 0 1 0.295361 1.66058 1.35</i>
                        <i>1 0 0 0 1 0 0 0 1 0.295361 1.65824 1.35</i>
                        <i>1 0 0 0 1 0 0 0 1 0.295361 1.65587 1.35</i>
                        <i>1 0 0 0 1 0 0 0 1 0.295361 1.65348 1.35</i>
                        <i>1 0 0 0 1 0 0 0 1 0.295361 1.65107 1.35</i>
                        <i>1 0 0 0 1 0 0 0 1 0.295361 1.64868 1.35</i>
                        <i>1 0 0 0 1 0 0 0 1 0.295361 1.64632 1.35</i>
                        <i>1 0 0 0 1 0 0 0 1 0.295361 1.64401 1.35</i>
                        <i>1 0 0 0 1 0 0 0 1 0.295361 1.64176 1.35</i>
                        <i>1 0 0 0 1 0 0 0 1 0.295361 1.63958 1.35</i>
                        <i>1 0 0 0 1 0 0 0 1 0.295361 1.63751 1.35</i>
                        <i>1 0 0 0 1 0 0 0 1 0.295361 1.63555 1.35</i>
                        <i>1 0 0 0 1 0 0 0 1 0.295361 1.63373 1.35</i>
                        <i>1 0 0 0 1 0 0 0 1 0.295361 1.63205 1.35</i>
                        <i>1 0 0 0 1 0 0 0 1 0.295361 1.63055 1.35</i>
                        <i>1 0 0 0 1 0 0 0 1 0.295361 1.62922 1.35</i>
                        <i>1 0 0 0 1 0 0 0 1 0.295361 1.6281 1.35</i>
                        <i>1 0 0 0 1 0 0 0 1 0.295361 1.6272 1.35</i>
                        <i>1 0 0 0 1 0 0 0 1 0.295361 1.62653 1.35</i>
                        <i>1 0 0 0 1 0 0 0 1 0.295361 1.62612 1.35</i>
                        <i>1 0 0 0 1 0 0 0 1 0.295361 1.62598 1.35</i>
                        <i>1 0 0 0 1 0 0 0 1 0.295361 1.62614 1.35</i>
                        <i>1 0 0 0 1 0 0 0 1 0.295361 1.62661 1.35</i>
                        <i>1 0 0 0 1 0 0 0 1 0.295361 1.62736 1.35</i>
                        <i>1 0 0 0 1 0 0 0 1 0.295361 1.62837 1.35</i>
                        <i>1 0 0 0 1 0 0 0 1 0.295361 1.62963 1.35</i>
                        <i>1 0 0 0 1 0 0 0 1 0.295361 1.6311 1.35</i>
                        <i>1 0 0 0 1 0 0 0 1 0.295361 1.63277 1.35</i>
                        <i>1 0 0 0 1 0 0 0 1 0.295361 1.63462 1.35</i>
                        <i>1 0 0 0 1 0 0 0 1 0.295361 1.63662 1.35</i>
                        <i>1 0 0 0 1 0 0 0 1 0.295361 1.63875 1.35</i>
                        <i>1 0 0 0 1 0 0 0 1 0.295361 1.64099 1.35</i>
                        <i>1 0 0 0 1 0 0 0 1 0.295361 1.64332 1.35</i>
                        <i>1 0 0 0 1 0 0 0 1 0.295361 1.64572 1.35</i>
                        <i>1 0 0 0 1 0 0 0 1 0.295361 1.64816 1.35</i>
                        <i>1 0 0 0 1 0 0 0 1 0.295361 1.65062 1.35</i>
                        <i>1 0 0 0 1 0 0 0 1 0.295361 1.65308 1.35</i>
                        <i>1 0 0 0 1 0 0 0 1 0.295361 1.65553 1.35</i>
                        <i>1 0 0 0 1 0 0 0 1 0.295361 1.65793 1.35</i>
                        <i>1 0 0 0 1 0 0 0 1 0.295361 1.66026 1.35</i>
                        <i>1 0 0 0 1 0 0 0 1 0.295361 1.66251 1.35</i>
                        <i>1 0 0 0 1 0 0 0 1 0.295361 1.66465 1.35</i>
                        <i>1 0 0 0 1 0 0 0 1 0.295361 1.66666 1.35</i>
                        <i>1 0 0 0 1 0 0 0 1 0.295361 1.66852 1.35</i>
                        <i>1 0 0 0 1 0 0 0 1 0.295361 1.6702 1.35</i>
                        <i>1 0 0 0 1 0 0 0 1 0.295361 1.67169 1.35</i>
                        <i>1 0 0 0 1 0 0 0 1 0.295361 1.67297 1.35</i>
                        <i>1 0 0 0 1 0 0 0 1 0.295361 1.674 1.35</i>
                        <i>1 0 0 0 1 0 0 0 1 0.295361 1.67477 1.35</i>
                        <i>1 0 0 0 1 0 0 0 1 0.295361 1.67526 1.35</i>
                        <i>1 0 0 0 1 0 0 0 1 0.295361 1.67544 1.35</i>
                        <i>1 0 0 0 1 0 0 0 1 0.295361 1.6753 1.35</i>
                        <i>1 0 0 0 1 0 0 0 1 0.295361 1.67481 1.35</i>
                        <i>1 0 0 0 1 0 0 0 1 0.295361 1.67395 1.35</i>
                        <i>1 0 0 0 1 0 0 0 1 0.295361 1.67269 1.35</i>
                        <i>1 0 0 0 1 0 0 0 1 0.295361 1.67103 1.35</i>
                    </KeyFrames>
                </p>
            </i>
            <i>
                <p>
                    <Name><![CDATA[spine0]]></Name>
                    <Exclude>0</Exclude>
                    <Additive>0</Additive>
                    <IKPriority>0</IKPriority>
                    <IKRotLimits>-1e+010 -1e+010 -1e+010 1e+010 1e+010 1e+010</IKRotLimits>
                    <IKRotLimitOrder>0</IKRotLimitOrder>
                    <KeyFrames count="61">
                        <i>0.00380103 0.99792 0.0643486 -0.749067 0.0454718 -0.660931 -0.662483 -0.0456892 0.747682 0.322857 1.79202 1.2772</i>
                        <i>0.00538665 0.998011 0.0628155 -0.749039 0.0456437 -0.660952 -0.662504 -0.043491 0.747795 0.322857 1.79015 1.2772</i>
                        <i>0.00693357 0.998094 0.061319 -0.749011 0.0458107 -0.660972 -0.662521 -0.0413457 0.747901 0.322857 1.78815 1.2772</i>
                        <i>0.00837007 0.998168 0.0599284 -0.748985 0.0459654 -0.660991 -0.662534 -0.0393529 0.747997 0.322857 1.78604 1.2772</i>
                        <i>0.00962492 0.998228 0.058713 -0.748963 0.0461001 -0.661007 -0.662542 -0.0376117 0.748079 0.322857 1.78384 1.2772</i>
                        <i>0.0106273 0.998275 0.0577417 -0.748945 0.0462074 -0.66102 -0.662547 -0.0362204 0.748144 0.322857 1.78157 1.2772</i>
                        <i>0.0113066 0.998305 0.0570832 -0.748932 0.04628 -0.661028 -0.66255 -0.0352775 0.748187 0.322857 1.77924 1.2772</i>
                        <i>0.0115921 0.998318 0.0568065 -0.748927 0.0463104 -0.661032 -0.662551 -0.0348812 0.748204 0.322857 1.77686 1.2772</i>
                        <i>0.0114125 0.99831 0.0569806 -0.748931 0.0462913 -0.66103 -0.66255 -0.0351306 0.748193 0.322857 1.77447 1.2772</i>
                        <i>0.0109308 0.998289 0.0574475 -0.748939 0.0462398 -0.661023 -0.662549 -0.0357992 0.748163 0.322857 1.77207 1.2772</i>
                        <i>0.0103625 0.998263 0.0579983 -0.748949 0.046179 -0.661016 -0.662546 -0.0365881 0.748127 0.322857 1.76968 1.2772</i>
                        <i>0.00971409 0.998233 0.0586266 -0.748961 0.0461096 -0.661008 -0.662543 -0.0374879 0.748085 0.322857 1.76732 1.2772</i>
                        <i>0.00899235 0.998198 0.0593257 -0.748974 0.0460322 -0.660999 -0.662538 -0.0384895 0.748038 0.322857 1.765 1.2772</i>
                        <i>0.0082039 0.998159 0.0600892 -0.748988 0.0459475 -0.660988 -0.662533 -0.0395834 0.747986 0.322857 1.76275 1.2772</i>
                        <i>0.00735541 0.998116 0.0609107 -0.749003 0.0458562 -0.660977 -0.662525 -0.0407605 0.74793 0.322857 1.76058 1.2772</i>
                        <i>0.00645358 0.998069 0.0617834 -0.74902 0.045759 -0.660966 -0.662516 -0.0420114 0.747868 0.322857 1.75851 1.2772</i>
                        <i>0.00550511 0.998017 0.0627009 -0.749037 0.0456565 -0.660954 -0.662506 -0.0433267 0.747803 0.322857 1.75655 1.2772</i>
                        <i>0.00451673 0.997962 0.0636567 -0.749054 0.0455494 -0.660941 -0.662493 -0.0446971 0.747733 0.322857 1.75472 1.2772</i>
                        <i>0.00349521 0.997902 0.0646442 -0.749073 0.0454386 -0.660927 -0.662478 -0.0461131 0.74766 0.322857 1.75305 1.2772</i>
                        <i>0.00244734 0.997839 0.0656567 -0.749092 0.0453246 -0.660914 -0.662462 -0.0475654 0.747584 0.322857 1.75154 1.2772</i>
                        <i>0.00137996 0.997773 0.0666876 -0.749111 0.0452082 -0.6609 -0.662443 -0.0490444 0.747505 0.322857 1.75022 1.2772</i>
                        <i>0.000299942 0.997704 0.0677302 -0.749131 0.0450901 -0.660886 -0.662422 -0.0505405 0.747424 0.322857 1.74909 1.2772</i>
                        <i>-0.000785805 0.997632 0.0687778 -0.749151 0.0449711 -0.660871 -0.662399 -0.0520443 0.747341 0.322857 1.74819 1.2772</i>
                        <i>-0.00187033 0.997558 0.0698238 -0.749171 0.0448519 -0.660857 -0.662374 -0.053546 0.747257 0.322857 1.74753 1.2772</i>
                        <i>-0.00294662 0.997482 0.0708614 -0.74919 0.0447333 -0.660843 -0.662348 -0.0550359 0.747172 0.322857 1.74711 1.2772</i>
                        <i>-0.00400766 0.997405 0.0718838 -0.74921 0.0446161 -0.660828 -0.662321 -0.0565044 0.747087 0.322857 1.74697 1.2772</i>
                        <i>-0.00504634 0.997328 0.0728842 -0.749229 0.044501 -0.660814 -0.662292 -0.0579417 0.747002 0.322857 1.74713 1.2772</i>
                        <i>-0.00605555 0.997251 0.0738558 -0.749247 0.0443889 -0.660801 -0.662262 -0.0593378 0.746919 0.322857 1.7476 1.2772</i>
                        <i>-0.00702814 0.997174 0.0747917 -0.749265 0.0442806 -0.660788 -0.662233 -0.060683 0.746837 0.322857 1.74835 1.2772</i>
                        <i>-0.00795692 0.9971 0.0756851 -0.749283 0.044177 -0.660775 -0.662203 -0.0619673 0.746758 0.322857 1.74937 1.2772</i>
                        <i>-0.00883464 0.997028 0.076529 -0.749299 0.0440788 -0.660763 -0.662173 -0.0631807 0.746683 0.322857 1.75062 1.2772</i>
                        <i>-0.00965409 0.99696 0.0773166 -0.749314 0.0439869 -0.660752 -0.662144 -0.0643134 0.746611 0.322857 1.75209 1.2772</i>
                        <i>-0.010408 0.996896 0.0780409 -0.749328 0.0439022 -0.660742 -0.662117 -0.0653552 0.746545 0.322857 1.75376 1.2772</i>
                        <i>-0.011089 0.996837 0.0786951 -0.749341 0.0438256 -0.660733 -0.662092 -0.0662963 0.746485 0.322857 1.75561 1.2772</i>
                        <i>-0.0116899 0.996784 0.079272 -0.749352 0.0437578 -0.660725 -0.662069 -0.0671265 0.746431 0.322857 1.75761 1.2772</i>
                        <i>-0.0122034 0.996739 0.079765 -0.749362 0.0436998 -0.660718 -0.662049 -0.0678358 0.746385 0.322857 1.75974 1.2772</i>
                        <i>-0.0126223 0.996702 0.0801669 -0.749369 0.0436525 -0.660712 -0.662032 -0.0684143 0.746347 0.322857 1.76198 1.2772</i>
                        <i>-0.0129391 0.996673 0.0804709 -0.749375 0.0436166 -0.660707 -0.662019 -0.0688519 0.746318 0.322857 1.76431 1.2772</i>
                        <i>-0.0131468 0.996654 0.0806702 -0.749379 0.0435931 -0.660705 -0.662011 -0.0691388 0.746299 0.322857 1.76671 1.2772</i>
                        <i>-0.0132513 0.996645 0.0807705 -0.749381 0.0435813 -0.660703 -0.662006 -0.069283 0.746289 0.322857 1.76915 1.2772</i>
                        <i>-0.013264 0.996643 0.0807827 -0.749381 0.0435798 -0.660703 -0.662006 -0.0693006 0.746288 0.322857 1.77161 1.2772</i>
                        <i>-0.0131862 0.996651 0.080708 -0.74938 0.0435886 -0.660704 -0.662009 -0.0691931 0.746295 0.322857 1.77408 1.2772</i>
                        <i>-0.0130189 0.996666 0.0805475 -0.749377 0.0436076 -0.660706 -0.662016 -0.0689621 0.74631 0.322857 1.77652 1.2772</i>
                        <i>-0.0127634 0.996689 0.0803023 -0.749372 0.0436365 -0.66071 -0.662026 -0.0686092 0.746334 0.322857 1.77892 1.2772</i>
                        <i>-0.0124208 0.99672 0.0799736 -0.749366 0.0436752 -0.660715 -0.66204 -0.0681361 0.746365 0.322857 1.78126 1.2772</i>
                        <i>-0.0119925 0.996758 0.0795625 -0.749358 0.0437237 -0.66072 -0.662057 -0.0675444 0.746404 0.322857 1.7835 1.2772</i>
                        <i>-0.0114796 0.996803 0.0790702 -0.749348 0.0437815 -0.660727 -0.662077 -0.066836 0.74645 0.322857 1.78565 1.2772</i>
                        <i>-0.0108836 0.996855 0.0784978 -0.749337 0.0438487 -0.660736 -0.662099 -0.0660125 0.746503 0.322857 1.78766 1.2772</i>
                        <i>-0.0102057 0.996913 0.0778466 -0.749324 0.043925 -0.660745 -0.662125 -0.0650758 0.746563 0.322857 1.78951 1.2772</i>
                        <i>-0.00944735 0.996977 0.077118 -0.74931 0.0440101 -0.660755 -0.662152 -0.0640277 0.746629 0.322857 1.7912 1.2772</i>
                        <i>-0.00860984 0.997047 0.0763129 -0.749295 0.0441039 -0.660766 -0.662181 -0.0628699 0.746702 0.322857 1.79269 1.2772</i>
                        <i>-0.00769461 0.997121 0.0754328 -0.749278 0.0442063 -0.660779 -0.662211 -0.0616046 0.746781 0.322857 1.79396 1.2772</i>
                        <i>-0.00670307 0.9972 0.074479 -0.749259 0.0443169 -0.660792 -0.662243 -0.0602334 0.746864 0.322857 1.79499 1.2772</i>
                        <i>-0.00563666 0.997283 0.0734526 -0.74924 0.0444355 -0.660807 -0.662275 -0.0587583 0.746953 0.322857 1.79576 1.2772</i>
                        <i>-0.00449683 0.997369 0.072355 -0.749219 0.0445619 -0.660822 -0.662307 -0.0571813 0.747047 0.322857 1.79625 1.2772</i>
                        <i>-0.00328506 0.997458 0.0711876 -0.749197 0.0446959 -0.660838 -0.66234 -0.0555044 0.747145 0.322857 1.79644 1.2772</i>
                        <i>-0.0020028 0.997548 0.0699516 -0.749173 0.0448373 -0.660855 -0.662371 -0.0537294 0.747247 0.322857 1.79629 1.2772</i>
                        <i>-0.000651566 0.997641 0.0686483 -0.749148 0.0449858 -0.660873 -0.662402 -0.0518584 0.747352 0.322857 1.7958 1.2772</i>
                        <i>0.000767165 0.997734 0.0672791 -0.749123 0.0451412 -0.660892 -0.662431 -0.0498933 0.74746 0.322857 1.79494 1.2772</i>
                        <i>0.00225186 0.997827 0.0658455 -0.749095 0.0453033 -0.660911 -0.662458 -0.0478363 0.74757 0.322857 1.79369 1.2772</i>
                        <i>0.00380103 0.99792 0.0643486 -0.749067 0.0454718 -0.660931 -0.662483 -0.0456892 0.747682 0.322857 1.79202 1.2772</i>
                    </KeyFrames>
                </p>
            </i>
            <i>
                <p>
                    <Name><![CDATA[spine1]]></Name>
                    <Exclude>0</Exclude>
                    <Additive>0</Additive>
                    <IKPriority>0</IKPriority>
                    <IKRotLimits>-1e+010 -1e+010 -1e+010 1e+010 1e+010 1e+010</IKRotLimits>
                    <IKRotLimitOrder>0</IKRotLimitOrder>
                    <KeyFrames count="61">
                        <i>-0.0673874 0.851172 0.520543 -0.584757 0.389035 -0.711836 -0.808404 -0.35236 0.471513 0.323628 1.97828 1.28914</i>
                        <i>-0.0625837 0.853471 0.517369 -0.584179 0.38898 -0.712341 -0.809208 -0.346817 0.474236 0.323923 1.97635 1.28885</i>
                        <i>-0.0578795 0.855684 0.514251 -0.583615 0.388924 -0.712834 -0.809965 -0.341383 0.476879 0.324211 1.97429 1.28856</i>
                        <i>-0.0534953 0.857713 0.511338 -0.583089 0.388872 -0.713292 -0.810645 -0.336313 0.479321 0.324478 1.97213 1.2883</i>
                        <i>-0.0496533 0.859465 0.508777 -0.58263 0.388825 -0.713693 -0.811219 -0.331866 0.481444 0.324711 1.96988 1.28807</i>
                        <i>-0.046576 0.86085 0.506723 -0.582263 0.388787 -0.714013 -0.811665 -0.328302 0.483133 0.324897 1.96757 1.28789</i>
                        <i>-0.0444865 0.861782 0.505325 -0.582014 0.388761 -0.71423 -0.811961 -0.32588 0.484274 0.325023 1.96521 1.28776</i>
                        <i>-0.0436075 0.862171 0.504737 -0.581909 0.38875 -0.714322 -0.812084 -0.324861 0.484753 0.325076 1.96283 1.28771</i>
                        <i>-0.0441607 0.861926 0.505107 -0.581975 0.388757 -0.714264 -0.812007 -0.325502 0.484452 0.325043 1.96044 1.28774</i>
                        <i>-0.0456429 0.861267 0.506099 -0.582152 0.388775 -0.71411 -0.811798 -0.32722 0.483643 0.324954 1.95805 1.28783</i>
                        <i>-0.0473898 0.860485 0.507266 -0.58236 0.388797 -0.713929 -0.811549 -0.329245 0.482687 0.324848 1.95569 1.28793</i>
                        <i>-0.0493799 0.859589 0.508595 -0.582597 0.388822 -0.713721 -0.811259 -0.33155 0.481594 0.324728 1.95335 1.28805</i>
                        <i>-0.0515915 0.858584 0.51007 -0.582862 0.388849 -0.713491 -0.810932 -0.33411 0.480375 0.324594 1.95106 1.28819</i>
                        <i>-0.0540033 0.85748 0.511676 -0.58315 0.388878 -0.713239 -0.810567 -0.336901 0.479039 0.324447 1.94884 1.28833</i>
                        <i>-0.0565936 0.856283 0.513398 -0.58346 0.388909 -0.712968 -0.810167 -0.339897 0.477597 0.324289 1.9467 1.28849</i>
                        <i>-0.059341 0.855001 0.515221 -0.58379 0.388942 -0.712681 -0.809733 -0.343072 0.476061 0.324122 1.94467 1.28865</i>
                        <i>-0.0622241 0.853641 0.517131 -0.584136 0.388976 -0.712378 -0.809267 -0.346402 0.474439 0.323945 1.94274 1.28882</i>
                        <i>-0.0652214 0.852213 0.519113 -0.584497 0.38901 -0.712064 -0.808771 -0.349862 0.472744 0.323761 1.94096 1.28901</i>
                        <i>-0.0683117 0.850725 0.521153 -0.584869 0.389046 -0.711739 -0.808246 -0.353426 0.470986 0.323571 1.93932 1.28919</i>
                        <i>-0.0714737 0.849186 0.523235 -0.58525 0.389082 -0.711405 -0.807696 -0.35707 0.469177 0.323376 1.93785 1.28938</i>
                        <i>-0.0746861 0.847604 0.525347 -0.585639 0.389117 -0.711066 -0.807124 -0.36077 0.467328 0.323177 1.93656 1.28958</i>
                        <i>-0.0779278 0.84599 0.527473 -0.586031 0.389153 -0.710723 -0.806533 -0.364501 0.465451 0.322975 1.93548 1.28978</i>
                        <i>-0.081178 0.844354 0.529601 -0.586425 0.389188 -0.710379 -0.805925 -0.368238 0.463557 0.322772 1.93461 1.28998</i>
                        <i>-0.0844155 0.842706 0.531715 -0.586818 0.389222 -0.710035 -0.805306 -0.371958 0.461659 0.32257 1.93399 1.29018</i>
                        <i>-0.0876198 0.841057 0.533804 -0.587208 0.389256 -0.709695 -0.80468 -0.375637 0.459769 0.322369 1.93361 1.29037</i>
                        <i>-0.0907699 0.839418 0.535852 -0.587592 0.389288 -0.709359 -0.80405 -0.379251 0.4579 0.32217 1.9335 1.29057</i>
                        <i>-0.0938454 0.837802 0.537848 -0.587968 0.38932 -0.70903 -0.803422 -0.382777 0.456065 0.321976 1.9337 1.29076</i>
                        <i>-0.0968257 0.83622 0.539778 -0.588332 0.389349 -0.708712 -0.802801 -0.386191 0.454276 0.321787 1.9342 1.29094</i>
                        <i>-0.0996904 0.834685 0.54163 -0.588684 0.389377 -0.708405 -0.802193 -0.38947 0.452548 0.321605 1.93498 1.29112</i>
                        <i>-0.102419 0.833209 0.543391 -0.589018 0.389403 -0.708112 -0.801603 -0.392592 0.450893 0.321431 1.93602 1.29129</i>
                        <i>-0.104992 0.831805 0.545047 -0.589335 0.389428 -0.707835 -0.801038 -0.395532 0.449325 0.321267 1.93731 1.29145</i>
                        <i>-0.107389 0.830487 0.546588 -0.58963 0.38945 -0.707577 -0.800502 -0.39827 0.447858 0.321113 1.9388 1.2916</i>
                        <i>-0.109589 0.829269 0.548 -0.589901 0.38947 -0.70734 -0.800004 -0.400782 0.446505 0.320972 1.9405 1.29174</i>
                        <i>-0.111573 0.828162 0.549271 -0.590146 0.389488 -0.707125 -0.799549 -0.403046 0.44528 0.320844 1.94236 1.29187</i>
                        <i>-0.11332 0.827182 0.55039 -0.590362 0.389504 -0.706936 -0.799144 -0.405039 0.444198 0.320731 1.94438 1.29198</i>
                        <i>-0.114811 0.826341 0.551343 -0.590546 0.389517 -0.706775 -0.798795 -0.406739 0.443272 0.320635 1.94653 1.29207</i>
                        <i>-0.116026 0.825653 0.552118 -0.590697 0.389528 -0.706644 -0.798508 -0.408123 0.442516 0.320556 1.94878 1.29215</i>
                        <i>-0.116944 0.825132 0.552704 -0.590811 0.389536 -0.706544 -0.79829 -0.409169 0.441943 0.320496 1.95112 1.29221</i>
                        <i>-0.117545 0.824789 0.553088 -0.590885 0.389541 -0.706479 -0.798147 -0.409854 0.441567 0.320457 1.95352 1.29224</i>
                        <i>-0.117847 0.824617 0.55328 -0.590923 0.389544 -0.706446 -0.798074 -0.410199 0.441378 0.320438 1.95597 1.29226</i>
                        <i>-0.117884 0.824596 0.553304 -0.590927 0.389544 -0.706442 -0.798065 -0.410241 0.441355 0.320435 1.95843 1.29226</i>
                        <i>-0.117659 0.824724 0.55316 -0.590899 0.389542 -0.706466 -0.798119 -0.409984 0.441496 0.32045 1.96089 1.29225</i>
                        <i>-0.117175 0.825 0.552852 -0.590839 0.389538 -0.706519 -0.798235 -0.409433 0.441799 0.320481 1.96333 1.29222</i>
                        <i>-0.116434 0.825421 0.552379 -0.590748 0.389532 -0.706599 -0.798411 -0.408589 0.442261 0.320529 1.96572 1.29217</i>
                        <i>-0.115442 0.825984 0.551746 -0.590625 0.389523 -0.706707 -0.798646 -0.407458 0.44288 0.320594 1.96805 1.29211</i>
                        <i>-0.114199 0.826687 0.550952 -0.590471 0.389512 -0.706841 -0.798939 -0.406041 0.443653 0.320674 1.97028 1.29203</i>
                        <i>-0.112709 0.827525 0.549999 -0.590286 0.389499 -0.707003 -0.799286 -0.404342 0.444577 0.320771 1.97241 1.29194</i>
                        <i>-0.110975 0.828496 0.548888 -0.590072 0.389483 -0.70719 -0.799687 -0.402364 0.44565 0.320882 1.9744 1.29183</i>
                        <i>-0.108999 0.829596 0.547622 -0.589828 0.389465 -0.707403 -0.800139 -0.400109 0.446868 0.32101 1.97624 1.2917</i>
                        <i>-0.106785 0.830821 0.5462 -0.589556 0.389445 -0.707642 -0.800638 -0.39758 0.448228 0.321152 1.9779 1.29156</i>
                        <i>-0.104334 0.832166 0.544624 -0.589254 0.389422 -0.707906 -0.801183 -0.39478 0.449727 0.321309 1.97937 1.29141</i>
                        <i>-0.101649 0.833627 0.542894 -0.588924 0.389396 -0.708194 -0.801771 -0.391711 0.451361 0.32148 1.98061 1.29124</i>
                        <i>-0.0987337 0.835199 0.541012 -0.588566 0.389368 -0.708507 -0.802397 -0.388375 0.453126 0.321666 1.98161 1.29106</i>
                        <i>-0.0955896 0.836878 0.538978 -0.588181 0.389337 -0.708844 -0.80306 -0.384775 0.455019 0.321866 1.98235 1.29087</i>
                        <i>-0.0922194 0.838659 0.536793 -0.587769 0.389303 -0.709204 -0.803756 -0.380913 0.457036 0.322079 1.9828 1.29066</i>
                        <i>-0.0886255 0.840536 0.534458 -0.587331 0.389266 -0.709587 -0.80448 -0.376791 0.459174 0.322306 1.98294 1.29044</i>
                        <i>-0.0848104 0.842503 0.531973 -0.586866 0.389227 -0.709993 -0.80523 -0.372412 0.461426 0.322545 1.98276 1.2902</i>
                        <i>-0.0807766 0.844557 0.529338 -0.586376 0.389184 -0.710422 -0.806001 -0.367777 0.463791 0.322798 1.98222 1.28995</i>
                        <i>-0.0765265 0.84669 0.526555 -0.585861 0.389138 -0.710872 -0.80679 -0.362888 0.466264 0.323062 1.98131 1.28969</i>
                        <i>-0.0720626 0.848897 0.523623 -0.585321 0.389088 -0.711343 -0.807593 -0.357749 0.468839 0.323339 1.98 1.28942</i>
                        <i>-0.0673874 0.851172 0.520543 -0.584757 0.389035 -0.711836 -0.808404 -0.35236 0.471513 0.323628 1.97828 1.28914</i>
                    </KeyFrames>
                </p>
            </i>
            <i>
                <p>
                    <Name><![CDATA[spine2]]></Name>
                    <Exclude>0</Exclude>
                    <Additive>0</Additive>
                    <IKPriority>0</IKPriority>
                    <IKRotLimits>-1e+010 -1e+010 -1e+010 1e+010 1e+010 1e+010</IKRotLimits>
                    <IKRotLimitOrder>0</IKRotLimitOrder>
                    <KeyFrames count="61">
                        <i>-0.224436 0.786259 0.575696 -0.5213 0.40226 -0.752618 -0.823332 -0.469024 0.319595 0.311713 2.12427 1.37847</i>
                        <i>-0.21824 0.79035 0.572467 -0.520109 0.402155 -0.753497 -0.825747 -0.462189 0.323302 0.312838 2.12268 1.3776</i>
                        <i>-0.212159 0.7943 0.569277 -0.518943 0.402042 -0.754361 -0.828062 -0.455467 0.3269 0.313939 2.12095 1.37675</i>
                        <i>-0.206479 0.79793 0.56628 -0.517857 0.401927 -0.755168 -0.830175 -0.449179 0.330224 0.314963 2.11909 1.37596</i>
                        <i>-0.201492 0.801072 0.563635 -0.516906 0.401819 -0.755877 -0.831991 -0.44365 0.333116 0.315858 2.1171 1.37526</i>
                        <i>-0.197492 0.803562 0.561503 -0.516144 0.401727 -0.756446 -0.833422 -0.439208 0.335416 0.316575 2.11499 1.37471</i>
                        <i>-0.194772 0.805238 0.560049 -0.515627 0.401662 -0.756833 -0.834381 -0.436187 0.33697 0.317061 2.11276 1.37433</i>
                        <i>-0.193627 0.805941 0.559436 -0.51541 0.401634 -0.756996 -0.834782 -0.434914 0.337622 0.317266 2.11044 1.37417</i>
                        <i>-0.194348 0.805499 0.559822 -0.515547 0.401652 -0.756893 -0.83453 -0.435715 0.337212 0.317137 2.10801 1.37427</i>
                        <i>-0.196278 0.804312 0.560854 -0.515913 0.401698 -0.756619 -0.833852 -0.43786 0.336111 0.316792 2.10553 1.37454</i>
                        <i>-0.19855 0.802906 0.562068 -0.516346 0.401752 -0.756295 -0.833045 -0.440384 0.334809 0.316386 2.10305 1.37485</i>
                        <i>-0.201137 0.801294 0.563446 -0.516838 0.401811 -0.755927 -0.832119 -0.443256 0.333321 0.315922 2.10058 1.37521</i>
                        <i>-0.204009 0.799492 0.564972 -0.517386 0.401874 -0.755519 -0.831079 -0.446441 0.33166 0.315407 2.09815 1.37561</i>
                        <i>-0.207138 0.797512 0.566629 -0.517983 0.401941 -0.755074 -0.829932 -0.449909 0.329841 0.314844 2.09577 1.37605</i>
                        <i>-0.210494 0.79537 0.568401 -0.518625 0.402009 -0.754597 -0.828686 -0.453625 0.327878 0.314239 2.09345 1.37652</i>
                        <i>-0.21405 0.793078 0.570271 -0.519305 0.402079 -0.754092 -0.827348 -0.457558 0.325785 0.313597 2.09122 1.37702</i>
                        <i>-0.217776 0.790654 0.572224 -0.52002 0.402147 -0.753563 -0.825926 -0.461676 0.323578 0.312923 2.0891 1.37754</i>
                        <i>-0.221644 0.788111 0.574244 -0.520763 0.402214 -0.753014 -0.824427 -0.465946 0.32127 0.312221 2.0871 1.37808</i>
                        <i>-0.225626 0.785465 0.576314 -0.521529 0.402279 -0.752449 -0.822861 -0.470337 0.318878 0.311496 2.08524 1.37864</i>
                        <i>-0.229695 0.782733 0.57842 -0.522313 0.402341 -0.751872 -0.821237 -0.474817 0.316416 0.310754 2.08354 1.37921</i>
                        <i>-0.233822 0.779931 0.580547 -0.52311 0.402398 -0.751287 -0.819563 -0.479357 0.3139 0.309999 2.08202 1.37979</i>
                        <i>-0.23798 0.777077 0.582681 -0.523914 0.402452 -0.750698 -0.817851 -0.483925 0.311346 0.309236 2.08069 1.38038</i>
                        <i>-0.242142 0.774189 0.584806 -0.52472 0.4025 -0.750108 -0.816111 -0.488492 0.30877 0.30847 2.07958 1.38097</i>
                        <i>-0.246281 0.771286 0.58691 -0.525523 0.402544 -0.749523 -0.814353 -0.493028 0.30619 0.307706 2.07871 1.38156</i>
                        <i>-0.250371 0.768386 0.58898 -0.526318 0.402582 -0.748944 -0.812591 -0.497504 0.303621 0.306949 2.07808 1.38213</i>
                        <i>-0.254385 0.76551 0.591002 -0.5271 0.402614 -0.748376 -0.810835 -0.501893 0.301081 0.306204 2.07773 1.3827</i>
                        <i>-0.258297 0.762678 0.592963 -0.527863 0.402642 -0.747823 -0.8091 -0.506164 0.298588 0.305476 2.07768 1.38326</i>
                        <i>-0.262083 0.75991 0.594852 -0.528603 0.402664 -0.747289 -0.807398 -0.510292 0.296159 0.30477 2.07794 1.3838</i>
                        <i>-0.265716 0.757228 0.596658 -0.529314 0.402682 -0.746776 -0.805743 -0.51425 0.293813 0.30409 2.07849 1.38432</i>
                        <i>-0.269172 0.754654 0.598367 -0.529991 0.402695 -0.746288 -0.804149 -0.518009 0.291566 0.303441 2.07931 1.38481</i>
                        <i>-0.272425 0.75221 0.59997 -0.53063 0.402704 -0.745829 -0.802631 -0.521545 0.289439 0.302829 2.08038 1.38528</i>
                        <i>-0.275452 0.749918 0.601456 -0.531225 0.40271 -0.745402 -0.801203 -0.52483 0.287448 0.302258 2.08168 1.38571</i>
                        <i>-0.278226 0.747801 0.602813 -0.531771 0.402713 -0.745011 -0.799881 -0.52784 0.285614 0.301734 2.08318 1.38611</i>
                        <i>-0.280726 0.745882 0.604031 -0.532264 0.402714 -0.744659 -0.798679 -0.530548 0.283954 0.301261 2.08488 1.38647</i>
                        <i>-0.282925 0.744183 0.605099 -0.532697 0.402713 -0.744349 -0.797613 -0.53293 0.282487 0.300844 2.08675 1.38678</i>
                        <i>-0.284799 0.742727 0.606008 -0.533067 0.402711 -0.744085 -0.796698 -0.534958 0.281232 0.300488 2.08877 1.38705</i>
                        <i>-0.286325 0.741537 0.606746 -0.533369 0.402709 -0.743871 -0.795949 -0.536608 0.280207 0.300197 2.09092 1.38727</i>
                        <i>-0.287478 0.740635 0.607302 -0.533597 0.402707 -0.743708 -0.795381 -0.537854 0.279431 0.299978 2.09317 1.38744</i>
                        <i>-0.288233 0.740043 0.607666 -0.533746 0.402705 -0.743602 -0.795008 -0.53867 0.278922 0.299834 2.09552 1.38755</i>
                        <i>-0.288612 0.739745 0.607849 -0.533821 0.402704 -0.743549 -0.79482 -0.53908 0.278666 0.299762 2.09794 1.3876</i>
                        <i>-0.288658 0.739709 0.607871 -0.53383 0.402704 -0.743542 -0.794797 -0.53913 0.278635 0.299753 2.1004 1.38761</i>
                        <i>-0.288376 0.739931 0.607735 -0.533774 0.402705 -0.743582 -0.794937 -0.538824 0.278826 0.299807 2.10288 1.38757</i>
                        <i>-0.287768 0.740408 0.607442 -0.533654 0.402706 -0.743667 -0.795238 -0.538168 0.279235 0.299922 2.10536 1.38748</i>
                        <i>-0.286839 0.741135 0.606994 -0.53347 0.402708 -0.743798 -0.795696 -0.537164 0.279861 0.300099 2.10782 1.38735</i>
                        <i>-0.285592 0.74211 0.606391 -0.533224 0.40271 -0.743974 -0.79631 -0.535815 0.2807 0.300337 2.11023 1.38717</i>
                        <i>-0.28403 0.743326 0.605635 -0.532915 0.402712 -0.744194 -0.797075 -0.534126 0.281747 0.300634 2.11258 1.38694</i>
                        <i>-0.282156 0.744778 0.604726 -0.532546 0.402713 -0.744458 -0.797987 -0.532097 0.283 0.30099 2.11483 1.38667</i>
                        <i>-0.279973 0.746462 0.603664 -0.532115 0.402714 -0.744765 -0.799042 -0.529733 0.284455 0.301404 2.11697 1.38636</i>
                        <i>-0.277483 0.74837 0.602449 -0.531625 0.402712 -0.745116 -0.800237 -0.527034 0.286106 0.301875 2.11898 1.386</i>
                        <i>-0.274689 0.750498 0.601082 -0.531075 0.402709 -0.74551 -0.801564 -0.524003 0.287951 0.302402 2.12083 1.3856</i>
                        <i>-0.271593 0.752837 0.599561 -0.530467 0.402702 -0.745946 -0.803021 -0.520641 0.289984 0.302986 2.12249 1.38516</i>
                        <i>-0.268197 0.755383 0.597886 -0.5298 0.402692 -0.746426 -0.8046 -0.516949 0.292201 0.303624 2.12396 1.38467</i>
                        <i>-0.264503 0.758126 0.596056 -0.529077 0.402676 -0.746947 -0.806298 -0.512929 0.294598 0.304317 2.1252 1.38415</i>
                        <i>-0.260514 0.761061 0.59407 -0.528296 0.402656 -0.74751 -0.808106 -0.508582 0.297168 0.305063 2.12619 1.38358</i>
                        <i>-0.25623 0.764178 0.591928 -0.52746 0.402628 -0.748116 -0.81002 -0.503907 0.299908 0.305861 2.12691 1.38297</i>
                        <i>-0.251653 0.767471 0.589627 -0.526568 0.402593 -0.748763 -0.812033 -0.498907 0.302812 0.306712 2.12734 1.38232</i>
                        <i>-0.246785 0.77093 0.587166 -0.525621 0.402549 -0.749451 -0.814137 -0.493581 0.305874 0.307613 2.12745 1.38163</i>
                        <i>-0.241628 0.774547 0.584545 -0.52462 0.402495 -0.750181 -0.816327 -0.487929 0.309089 0.308565 2.12722 1.3809</i>
                        <i>-0.236183 0.778314 0.58176 -0.523566 0.402429 -0.750952 -0.818594 -0.481952 0.312452 0.309566 2.12663 1.38013</i>
                        <i>-0.230452 0.782221 0.578811 -0.522459 0.402352 -0.751764 -0.820931 -0.475651 0.315956 0.310615 2.12565 1.37932</i>
                        <i>-0.224436 0.786259 0.575696 -0.5213 0.40226 -0.752618 -0.823332 -0.469024 0.319595 0.311713 2.12427 1.37847</i>
                    </KeyFrames>
                </p>
            </i>
            <i>
                <p>
                    <Name><![CDATA[head]]></Name>
                    <Exclude>0</Exclude>
                    <Additive>0</Additive>
                    <IKPriority>0</IKPriority>
                    <IKRotLimits>-1e+010 -1e+010 -1e+010 1e+010 1e+010 1e+010</IKRotLimits>
                    <IKRotLimitOrder>0</IKRotLimitOrder>
                    <KeyFrames count="61">
                        <i>-0.000476831 0.999995 0.00315557 0.149404 0.00319137 -0.988771 -0.988776 -2.96555e-008 -0.149405 0.254504 2.34344 1.51447</i>
                        <i>2.67571e-005 1 -0.000177174 0.149207 -0.000179239 -0.988806 -0.988806 -1.23701e-008 -0.149207 0.257358 2.34287 1.51265</i>
                        <i>0.00042979 0.999996 -0.00285573 0.148835 -0.0028879 -0.988858 -0.988862 6.43378e-009 -0.148836 0.260154 2.34211 1.51085</i>
                        <i>0.000743989 0.999987 -0.00496295 0.14825 -0.00501842 -0.988937 -0.98895 1.28628e-008 -0.148252 0.262761 2.34115 1.50917</i>
                        <i>0.000980641 0.999978 -0.00657966 0.147411 -0.00665229 -0.989053 -0.989075 -2.17558e-008 -0.147414 0.265045 2.33993 1.5077</i>
                        <i>0.0011511 0.999969 -0.00778464 0.146275 -0.00786925 -0.989213 -0.989243 1.7274e-008 -0.14628 0.266875 2.33842 1.50651</i>
                        <i>0.00126677 0.999962 -0.00865566 0.144801 -0.00874784 -0.989422 -0.98946 -3.12603e-008 -0.144807 0.268118 2.33661 1.5057</i>
                        <i>0.00133892 0.999956 -0.00927015 0.142947 -0.00936637 -0.989686 -0.98973 -1.28764e-008 -0.142953 0.268641 2.33446 1.50536</i>
                        <i>0.00137925 0.999952 -0.00970724 0.140667 -0.00980469 -0.990008 -0.990056 -2.27343e-009 -0.140674 0.268312 2.33192 1.50558</i>
                        <i>0.00138688 0.99995 -0.00994264 0.138141 -0.010039 -0.990362 -0.990412 -5.59132e-009 -0.138148 0.26743 2.32915 1.50615</i>
                        <i>0.00135888 0.99995 -0.00992826 0.135601 -0.0100209 -0.990713 -0.990763 -8.67757e-009 -0.135607 0.266391 2.32633 1.50682</i>
                        <i>0.00130374 0.999952 -0.00970943 0.133078 -0.00979654 -0.991057 -0.991105 -2.33732e-008 -0.133084 0.265208 2.32347 1.50759</i>
                        <i>0.0012293 0.999956 -0.00933133 0.130606 -0.00941193 -0.99139 -0.991434 -1.67582e-008 -0.130612 0.263893 2.32059 1.50844</i>
                        <i>0.00114288 0.99996 -0.00883971 0.128218 -0.00891332 -0.991706 -0.991745 3.07247e-008 -0.128223 0.262459 2.31772 1.50937</i>
                        <i>0.00105129 0.999965 -0.00828027 0.125947 -0.00834682 -0.992002 -0.992036 1.55063e-009 -0.125952 0.260919 2.31488 1.51036</i>
                        <i>0.000960773 0.99997 -0.00769882 0.123828 -0.00775861 -0.992273 -0.992303 8.08532e-009 -0.123832 0.259285 2.31208 1.51141</i>
                        <i>0.000877077 0.999974 -0.0071415 0.121894 -0.00719509 -0.992517 -0.992543 -9.70473e-009 -0.121897 0.257572 2.30936 1.51251</i>
                        <i>0.000805575 0.999978 -0.00665426 0.120179 -0.00670286 -0.99273 -0.992752 -2.55056e-008 -0.120182 0.255791 2.30673 1.51365</i>
                        <i>0.000751273 0.99998 -0.00628345 0.118718 -0.0063282 -0.992908 -0.992928 2.90984e-009 -0.11872 0.253954 2.30421 1.51482</i>
                        <i>0.000719088 0.999981 -0.00607524 0.117545 -0.00611762 -0.993049 -0.993067 2.09455e-008 -0.117547 0.252076 2.30184 1.51602</i>
                        <i>0.00067924 0.999983 -0.00578478 0.116617 -0.00582447 -0.99316 -0.993177 -2.483e-008 -0.116619 0.250168 2.29962 1.51723</i>
                        <i>0.000600177 0.999987 -0.00514497 0.115866 -0.00517984 -0.993251 -0.993265 1.00541e-008 -0.115867 0.248243 2.29758 1.51846</i>
