<?xml version="1.0" encoding="ISO-8859-1" ?>
<Animl Version="1">
    <ModellingPackage><![CDATA[Maya.2010]]></ModellingPackage>
    <SrcFile><![CDATA[anims\turrets\special\blue\~src\flamelube\flamelube_reload_crewmanb.mb]]></SrcFile>
    <FramesPerSecond>30</FramesPerSecond>
    <TotalFrames>91</TotalFrames>
    <Skeleton>
        <RefFrame>
            <Name><![CDATA[soldier_ref_frame]]></Name>
            <Exclude>0</Exclude>
            <Additive>0</Additive>
            <IKPriority>0</IKPriority>
            <IKRotLimits>-1e+010 -1e+010 -1e+010 1e+010 1e+010 1e+010</IKRotLimits>
            <IKRotLimitOrder>0</IKRotLimitOrder>
            <KeyFrames count="91">
                <i>1 0 0 0 1 0 0 0 1 0 0.9 1.35</i>
                <i>1 0 0 0 1 0 0 0 1 0 0.9 1.35</i>
                <i>1 0 0 0 1 0 0 0 1 0 0.9 1.35</i>
                <i>1 0 0 0 1 0 0 0 1 0 0.9 1.35</i>
                <i>1 0 0 0 1 0 0 0 1 0 0.9 1.35</i>
                <i>1 0 0 0 1 0 0 0 1 0 0.9 1.35</i>
                <i>1 0 0 0 1 0 0 0 1 0 0.9 1.35</i>
                <i>1 0 0 0 1 0 0 0 1 0 0.9 1.35</i>
                <i>1 0 0 0 1 0 0 0 1 0 0.9 1.35</i>
                <i>1 0 0 0 1 0 0 0 1 0 0.9 1.35</i>
                <i>1 0 0 0 1 0 0 0 1 0 0.9 1.35</i>
                <i>1 0 0 0 1 0 0 0 1 0 0.9 1.35</i>
                <i>1 0 0 0 1 0 0 0 1 0 0.9 1.35</i>
                <i>1 0 0 0 1 0 0 0 1 0 0.9 1.35</i>
                <i>1 0 0 0 1 0 0 0 1 0 0.9 1.35</i>
                <i>1 0 0 0 1 0 0 0 1 0 0.9 1.35</i>
                <i>1 0 0 0 1 0 0 0 1 0 0.9 1.35</i>
                <i>1 0 0 0 1 0 0 0 1 0 0.9 1.35</i>
                <i>1 0 0 0 1 0 0 0 1 0 0.9 1.35</i>
                <i>1 0 0 0 1 0 0 0 1 0 0.9 1.35</i>
                <i>1 0 0 0 1 0 0 0 1 0 0.9 1.35</i>
                <i>1 0 0 0 1 0 0 0 1 0 0.9 1.35</i>
                <i>1 0 0 0 1 0 0 0 1 0 0.9 1.35</i>
                <i>1 0 0 0 1 0 0 0 1 0 0.9 1.35</i>
                <i>1 0 0 0 1 0 0 0 1 0 0.9 1.35</i>
                <i>1 0 0 0 1 0 0 0 1 0 0.9 1.35</i>
                <i>1 0 0 0 1 0 0 0 1 0 0.9 1.35</i>
                <i>1 0 0 0 1 0 0 0 1 0 0.9 1.35</i>
                <i>1 0 0 0 1 0 0 0 1 0 0.9 1.35</i>
                <i>1 0 0 0 1 0 0 0 1 0 0.9 1.35</i>
                <i>1 0 0 0 1 0 0 0 1 0 0.9 1.35</i>
                <i>1 0 0 0 1 0 0 0 1 0 0.9 1.35</i>
                <i>1 0 0 0 1 0 0 0 1 0 0.9 1.35</i>
                <i>1 0 0 0 1 0 0 0 1 0 0.9 1.35</i>
                <i>1 0 0 0 1 0 0 0 1 0 0.9 1.35</i>
                <i>1 0 0 0 1 0 0 0 1 0 0.9 1.35</i>
                <i>1 0 0 0 1 0 0 0 1 0 0.9 1.35</i>
                <i>1 0 0 0 1 0 0 0 1 0 0.9 1.35</i>
                <i>1 0 0 0 1 0 0 0 1 0 0.9 1.35</i>
                <i>1 0 0 0 1 0 0 0 1 0 0.9 1.35</i>
                <i>1 0 0 0 1 0 0 0 1 0 0.9 1.35</i>
                <i>1 0 0 0 1 0 0 0 1 0 0.9 1.35</i>
                <i>1 0 0 0 1 0 0 0 1 0 0.9 1.35</i>
                <i>1 0 0 0 1 0 0 0 1 0 0.9 1.35</i>
                <i>1 0 0 0 1 0 0 0 1 0 0.9 1.35</i>
                <i>1 0 0 0 1 0 0 0 1 0 0.9 1.35</i>
                <i>1 0 0 0 1 0 0 0 1 0 0.9 1.35</i>
                <i>1 0 0 0 1 0 0 0 1 0 0.9 1.35</i>
                <i>1 0 0 0 1 0 0 0 1 0 0.9 1.35</i>
                <i>1 0 0 0 1 0 0 0 1 0 0.9 1.35</i>
                <i>1 0 0 0 1 0 0 0 1 0 0.9 1.35</i>
                <i>1 0 0 0 1 0 0 0 1 0 0.9 1.35</i>
                <i>1 0 0 0 1 0 0 0 1 0 0.9 1.35</i>
                <i>1 0 0 0 1 0 0 0 1 0 0.9 1.35</i>
                <i>1 0 0 0 1 0 0 0 1 0 0.9 1.35</i>
                <i>1 0 0 0 1 0 0 0 1 0 0.9 1.35</i>
                <i>1 0 0 0 1 0 0 0 1 0 0.9 1.35</i>
                <i>1 0 0 0 1 0 0 0 1 0 0.9 1.35</i>
                <i>1 0 0 0 1 0 0 0 1 0 0.9 1.35</i>
                <i>1 0 0 0 1 0 0 0 1 0 0.9 1.35</i>
                <i>1 0 0 0 1 0 0 0 1 0 0.9 1.35</i>
                <i>1 0 0 0 1 0 0 0 1 0 0.9 1.35</i>
                <i>1 0 0 0 1 0 0 0 1 0 0.9 1.35</i>
                <i>1 0 0 0 1 0 0 0 1 0 0.9 1.35</i>
                <i>1 0 0 0 1 0 0 0 1 0 0.9 1.35</i>
                <i>1 0 0 0 1 0 0 0 1 0 0.9 1.35</i>
                <i>1 0 0 0 1 0 0 0 1 0 0.9 1.35</i>
                <i>1 0 0 0 1 0 0 0 1 0 0.9 1.35</i>
                <i>1 0 0 0 1 0 0 0 1 0 0.9 1.35</i>
                <i>1 0 0 0 1 0 0 0 1 0 0.9 1.35</i>
                <i>1 0 0 0 1 0 0 0 1 0 0.9 1.35</i>
                <i>1 0 0 0 1 0 0 0 1 0 0.9 1.35</i>
                <i>1 0 0 0 1 0 0 0 1 0 0.9 1.35</i>
                <i>1 0 0 0 1 0 0 0 1 0 0.9 1.35</i>
                <i>1 0 0 0 1 0 0 0 1 0 0.9 1.35</i>
                <i>1 0 0 0 1 0 0 0 1 0 0.9 1.35</i>
                <i>1 0 0 0 1 0 0 0 1 0 0.9 1.35</i>
                <i>1 0 0 0 1 0 0 0 1 0 0.9 1.35</i>
                <i>1 0 0 0 1 0 0 0 1 0 0.9 1.35</i>
                <i>1 0 0 0 1 0 0 0 1 0 0.9 1.35</i>
                <i>1 0 0 0 1 0 0 0 1 0 0.9 1.35</i>
                <i>1 0 0 0 1 0 0 0 1 0 0.9 1.35</i>
                <i>1 0 0 0 1 0 0 0 1 0 0.9 1.35</i>
                <i>1 0 0 0 1 0 0 0 1 0 0.9 1.35</i>
                <i>1 0 0 0 1 0 0 0 1 0 0.9 1.35</i>
                <i>1 0 0 0 1 0 0 0 1 0 0.9 1.35</i>
                <i>1 0 0 0 1 0 0 0 1 0 0.9 1.35</i>
                <i>1 0 0 0 1 0 0 0 1 0 0.9 1.35</i>
                <i>1 0 0 0 1 0 0 0 1 0 0.9 1.35</i>
                <i>1 0 0 0 1 0 0 0 1 0 0.9 1.35</i>
                <i>1 0 0 0 1 0 0 0 1 0 0.9 1.35</i>
            </KeyFrames>
        </RefFrame>
        <Bones count="23">
            <i>
                <p>
                    <Name><![CDATA[pelvis]]></Name>
                    <Exclude>0</Exclude>
                    <Additive>0</Additive>
                    <IKPriority>0</IKPriority>
                    <IKRotLimits>-1e+010 -1e+010 -1e+010 1e+010 1e+010 1e+010</IKRotLimits>
                    <IKRotLimitOrder>2</IKRotLimitOrder>
                    <KeyFrames count="91">
                        <i>1 0 0 0 1 0 0 0 1 0.29849 1.67103 1.27873</i>
                        <i>1 0 0 0 1 0 0 0 1 0.298493 1.67306 1.27872</i>
                        <i>1 0 0 0 1 0 0 0 1 0.298503 1.67829 1.2787</i>
                        <i>1 0 0 0 1 0 0 0 1 0.298519 1.68545 1.27867</i>
                        <i>1 0 0 0 1 0 0 0 1 0.298537 1.69324 1.27865</i>
                        <i>1 0 0 0 1 0 0 0 1 0.298554 1.7004 1.27863</i>
                        <i>1 0 0 0 1 0 0 0 1 0.298568 1.70563 1.27861</i>
                        <i>1 0 0 0 1 0 0 0 1 0.298573 1.70766 1.2786</i>
                        <i>1 0 0 0 1 0 0 0 1 0.298573 1.70766 1.28164</i>
                        <i>1 0 0 0 1 0 0 0 1 0.298573 1.70766 1.2901</i>
                        <i>1 0 0 0 1 0 0 0 1 0.298573 1.70766 1.303</i>
                        <i>1 0 0 0 1 0 0 0 1 0.298573 1.70766 1.31934</i>
                        <i>1 0 0 0 1 0 0 0 1 0.298573 1.70766 1.33815</i>
                        <i>1 0 0 0 1 0 0 0 1 0.298573 1.70766 1.35843</i>
                        <i>1 0 0 0 1 0 0 0 1 0.298573 1.70766 1.37921</i>
                        <i>1 0 0 0 1 0 0 0 1 0.298573 1.70766 1.3995</i>
                        <i>1 0 0 0 1 0 0 0 1 0.298573 1.70766 1.41831</i>
                        <i>1 0 0 0 1 0 0 0 1 0.298573 1.70766 1.43465</i>
                        <i>1 0 0 0 1 0 0 0 1 0.298573 1.70766 1.44755</i>
                        <i>1 0 0 0 1 0 0 0 1 0.298573 1.70766 1.45601</i>
                        <i>1 0 0 0 1 0 0 0 1 0.298573 1.70766 1.45905</i>
                        <i>1 0 0 0 1 0 0 0 1 0.299811 1.71261 1.44528</i>
                        <i>1 0 0 0 1 0 0 0 1 0.303537 1.72609 1.40835</i>
                        <i>1 0 0 0 1 0 0 0 1 0.309767 1.74608 1.35483</i>
                        <i>1 0 0 0 1 0 0 0 1 0.318518 1.77052 1.29126</i>
                        <i>1 0 0 0 1 0 0 0 1 0.329807 1.79739 1.2242</i>
                        <i>1 0 0 0 1 0 0 0 1 0.343651 1.82465 1.16021</i>
                        <i>1 0 0 0 1 0 0 0 1 0.360067 1.85026 1.10586</i>
                        <i>1 0 0 0 1 0 0 0 1 0.379072 1.87219 1.06769</i>
                        <i>1 0 0 0 1 0 0 0 1 0.400682 1.88842 1.04603</i>
                        <i>1 0 0 0 1 0 0 0 1 0.432354 1.89839 1.03495</i>
                        <i>1 0 0 0 1 0 0 0 1 0.476847 1.90366 1.03168</i>
                        <i>1 0 0 0 1 0 0 0 1 0.52713 1.90521 1.0334</i>
                        <i>1 0 0 0 1 0 0 0 1 0.576171 1.90404 1.03733</i>
                        <i>1 0 0 0 1 0 0 0 1 0.61694 1.90114 1.04067</i>
                        <i>1 0 0 0 1 0 0 0 1 0.642407 1.89751 1.04062</i>
                        <i>1 0 0 0 1 0 0 0 1 0.655088 1.89276 1.03798</i>
                        <i>1 0 0 0 1 0 0 0 1 0.662768 1.88615 1.03544</i>
                        <i>1 0 0 0 1 0 0 0 1 0.666315 1.87823 1.03301</i>
                        <i>1 0 0 0 1 0 0 0 1 0.666595 1.86951 1.03074</i>
                        <i>1 0 0 0 1 0 0 0 1 0.664475 1.86052 1.02866</i>
                        <i>1 0 0 0 1 0 0 0 1 0.660822 1.85179 1.02681</i>
                        <i>1 0 0 0 1 0 0 0 1 0.656504 1.84382 1.0252</i>
                        <i>1 0 0 0 1 0 0 0 1 0.652388 1.83716 1.02388</i>
                        <i>1 0 0 0 1 0 0 0 1 0.64934 1.83232 1.02289</i>
                        <i>1 0 0 0 1 0 0 0 1 0.648228 1.82982 1.02224</i>
                        <i>1 0 0 0 1 0 0 0 1 0.648361 1.83049 1.02181</i>
                        <i>1 0 0 0 1 0 0 0 1 0.648475 1.83423 1.02144</i>
                        <i>1 0 0 0 1 0 0 0 1 0.648571 1.8402 1.02112</i>
                        <i>1 0 0 0 1 0 0 0 1 0.648649 1.84755 1.02085</i>
                        <i>1 0 0 0 1 0 0 0 1 0.648711 1.85545 1.02063</i>
                        <i>1 0 0 0 1 0 0 0 1 0.648758 1.86306 1.02046</i>
                        <i>1 0 0 0 1 0 0 0 1 0.648792 1.86954 1.02033</i>
                        <i>1 0 0 0 1 0 0 0 1 0.648813 1.87404 1.02024</i>
                        <i>1 0 0 0 1 0 0 0 1 0.648823 1.87573 1.02019</i>
                        <i>1 0 0 0 1 0 0 0 1 0.648822 1.87543 1.02017</i>
                        <i>1 0 0 0 1 0 0 0 1 0.648813 1.87456 1.02019</i>
                        <i>1 0 0 0 1 0 0 0 1 0.648797 1.87319 1.02023</i>
                        <i>1 0 0 0 1 0 0 0 1 0.648774 1.87137 1.02029</i>
                        <i>1 0 0 0 1 0 0 0 1 0.648746 1.86916 1.02038</i>
                        <i>1 0 0 0 1 0 0 0 1 0.648713 1.86663 1.02049</i>
                        <i>1 0 0 0 1 0 0 0 1 0.648678 1.86383 1.02061</i>
                        <i>1 0 0 0 1 0 0 0 1 0.648642 1.86082 1.02075</i>
                        <i>1 0 0 0 1 0 0 0 1 0.648605 1.85766 1.0209</i>
                        <i>1 0 0 0 1 0 0 0 1 0.648569 1.85442 1.02105</i>
                        <i>1 0 0 0 1 0 0 0 1 0.648534 1.85114 1.02121</i>
                        <i>1 0 0 0 1 0 0 0 1 0.648503 1.84789 1.02137</i>
                        <i>1 0 0 0 1 0 0 0 1 0.648477 1.84473 1.02153</i>
                        <i>1 0 0 0 1 0 0 0 1 0.648454 1.84172 1.02168</i>
                        <i>1 0 0 0 1 0 0 0 1 0.648438 1.83892 1.02183</i>
                        <i>1 0 0 0 1 0 0 0 1 0.648427 1.83639 1.02196</i>
                        <i>1 0 0 0 1 0 0 0 1 0.648424 1.83419 1.02208</i>
                        <i>1 0 0 0 1 0 0 0 1 0.648428 1.83237 1.02219</i>
                        <i>1 0 0 0 1 0 0 0 1 0.648441 1.83099 1.02227</i>
                        <i>1 0 0 0 1 0 0 0 1 0.648464 1.83012 1.02233</i>
                        <i>1 0 0 0 1 0 0 0 1 0.648497 1.82982 1.02236</i>
                        <i>1 0 0 0 1 0 0 0 1 0.644029 1.83171 1.02211</i>
                        <i>1 0 0 0 1 0 0 0 1 0.631387 1.83623 1.02209</i>
                        <i>1 0 0 0 1 0 0 0 1 0.61183 1.84162 1.02346</i>
                        <i>1 0 0 0 1 0 0 0 1 0.586613 1.84615 1.02737</i>
                        <i>1 0 0 0 1 0 0 0 1 0.556995 1.84809 1.03498</i>
                        <i>1 0 0 0 1 0 0 0 1 0.524233 1.84568 1.04743</i>
                        <i>1 0 0 0 1 0 0 0 1 0.489584 1.83719 1.06588</i>
                        <i>1 0 0 0 1 0 0 0 1 0.454305 1.8198 1.09481</i>
                        <i>1 0 0 0 1 0 0 0 1 0.419654 1.79403 1.13484</i>
                        <i>1 0 0 0 1 0 0 0 1 0.386889 1.76319 1.18136</i>
                        <i>1 0 0 0 1 0 0 0 1 0.357266 1.73056 1.22976</i>
                        <i>1 0 0 0 1 0 0 0 1 0.332044 1.69945 1.27543</i>
                        <i>1 0 0 0 1 0 0 0 1 0.312481 1.67315 1.31377</i>
                        <i>1 0 0 0 1 0 0 0 1 0.299834 1.65495 1.34016</i>
                        <i>1 0 0 0 1 0 0 0 1 0.295361 1.64816 1.35</i>
                    </KeyFrames>
                </p>
            </i>
            <i>
                <p>
                    <Name><![CDATA[spine0]]></Name>
                    <Exclude>0</Exclude>
                    <Additive>0</Additive>
                    <IKPriority>0</IKPriority>
                    <IKRotLimits>-1e+010 -1e+010 -1e+010 1e+010 1e+010 1e+010</IKRotLimits>
                    <IKRotLimitOrder>0</IKRotLimitOrder>
                    <KeyFrames count="91">
                        <i>0.0339011 0.999422 -0.00262723 -0.74709 0.0235955 -0.664304 -0.663858 0.0244834 0.747458 0.335572 1.7797 1.19206</i>
                        <i>0.0305711 0.99951 -0.006717 -0.743676 0.018255 -0.66829 -0.66784 0.0254257 0.74387 0.336958 1.78185 1.1928</i>
                        <i>0.0273554 0.999569 -0.0106656 -0.731137 0.0127309 -0.682112 -0.681682 0.0264574 0.73117 0.339416 1.78718 1.19405</i>
                        <i>0.0245894 0.999594 -0.0144214 -0.712564 0.00740695 -0.701568 -0.701176 0.0275273 0.712457 0.342438 1.79442 1.19566</i>
                        <i>0.0224667 0.999589 -0.0178257 -0.69125 0.0026501 -0.722611 -0.722267 0.0285567 0.691025 0.345534 1.80229 1.19743</i>
                        <i>0.0210391 0.999566 -0.0206303 -0.670884 -0.00118438 -0.741561 -0.741263 0.0294423 0.670568 0.348251 1.8095 1.1991</i>
                        <i>0.0202484 0.999541 -0.022536 -0.655542 -0.0037461 -0.75515 -0.754887 0.0300639 0.655165 0.350173 1.81476 1.20035</i>
                        <i>0.0199983 0.99953 -0.0232356 -0.649489 -0.00468082 -0.760357 -0.760108 0.0302971 0.64909 0.350903 1.8168 1.20084</i>
                        <i>0.0200195 0.999518 -0.023727 -0.649585 -0.00503704 -0.760272 -0.760025 0.030633 0.649171 0.350903 1.8168 1.20388</i>
                        <i>0.0200788 0.999483 -0.0250924 -0.649853 -0.00602597 -0.760036 -0.759795 0.031567 0.649396 0.350903 1.8168 1.21234</i>
                        <i>0.02017 0.999427 -0.0271655 -0.650257 -0.00752563 -0.759677 -0.759447 0.0329872 0.649733 0.350903 1.8168 1.22524</i>
                        <i>0.020287 0.999351 -0.0297793 -0.650763 -0.00941317 -0.759222 -0.75901 0.0347816 0.65015 0.350903 1.8168 1.24158</i>
                        <i>0.0204235 0.999254 -0.0327678 -0.651338 -0.011567 -0.7587 -0.758513 0.0368382 0.650616 0.350903 1.8168 1.26039</i>
                        <i>0.0205729 0.999141 -0.0359685 -0.651948 -0.0138685 -0.758137 -0.757985 0.0390467 0.651103 0.350903 1.8168 1.28068</i>
                        <i>0.0207283 0.999016 -0.0392225 -0.652563 -0.0162028 -0.757561 -0.757451 0.0412981 0.651585 0.350903 1.8168 1.30146</i>
                        <i>0.0208822 0.998883 -0.0423755 -0.653154 -0.0184596 -0.757 -0.756937 0.0434855 0.652039 0.350903 1.8168 1.32174</i>
                        <i>0.0210267 0.998753 -0.0452779 -0.653693 -0.0205325 -0.756481 -0.756468 0.0455041 0.652446 0.350903 1.8168 1.34055</i>
                        <i>0.0211537 0.998634 -0.047784 -0.654155 -0.0223189 -0.756031 -0.756064 0.047251 0.652789 0.350903 1.8168 1.35689</i>
                        <i>0.0212547 0.998536 -0.0497505 -0.654516 -0.0237185 -0.755676 -0.75575 0.0486242 0.653053 0.350903 1.8168 1.36979</i>
                        <i>0.0213215 0.998469 -0.0510356 -0.65475 -0.024632 -0.755444 -0.755544 0.0495228 0.653223 0.350903 1.8168 1.37825</i>
                        <i>0.0213455 0.998445 -0.0514963 -0.654834 -0.0249593 -0.75536 -0.755471 0.0498451 0.653283 0.350903 1.8168 1.38129</i>
                        <i>0.0144283 0.998471 -0.0533535 -0.658607 -0.0306588 -0.751862 -0.752349 0.0459871 0.657158 0.351614 1.82208 1.36763</i>
                        <i>-0.00167249 0.998328 -0.057785 -0.668377 -0.0440978 -0.742514 -0.74382 0.0373803 0.667333 0.353908 1.83644 1.331</i>
                        <i>-0.0200705 0.997841 -0.0625284 -0.681754 -0.059405 -0.729166 -0.731306 0.0279942 0.681474 0.358026 1.85766 1.27791</i>
                        <i>-0.0340701 0.997332 -0.0645589 -0.696711 -0.0700142 -0.713928 -0.716543 0.0206553 0.697237 0.364218 1.88354 1.21487</i>
                        <i>-0.0426039 0.996989 -0.064791 -0.712923 -0.0757696 -0.697137 -0.699947 0.0164903 0.714004 0.372739 1.91188 1.14839</i>
                        <i>-0.0482715 0.996614 -0.0665646 -0.730637 -0.0806718 -0.677983 -0.681057 0.0159074 0.732058 0.38385 1.94049 1.08497</i>
                        <i>-0.0499651 0.996244 -0.070727 -0.749267 -0.0842135 -0.656892 -0.660381 0.0201717 0.75066 0.39781 1.96723 1.03108</i>
                        <i>-0.0466605 0.995851 -0.0781283 -0.768279 -0.0857644 -0.634343 -0.638412 0.0304256 0.769093 0.414866 1.98994 0.993194</i>
                        <i>0.00180105 0.995978 -0.0895849 -0.789923 -0.053517 -0.610867 -0.613204 0.0718654 0.786649 0.439873 2.00507 0.971512</i>
                        <i>0.0188092 0.993625 -0.111155 -0.808197 -0.0503402 -0.586757 -0.588612 0.100871 0.802097 0.471337 2.01443 0.95938</i>
                        <i>0.0382486 0.988723 -0.144791 -0.825239 -0.0504537 -0.562526 -0.563488 0.141003 0.814002 0.516046 2.01805 0.953739</i>
                        <i>0.0568617 0.981153 -0.184676 -0.840601 -0.0527514 -0.539081 -0.538663 0.185892 0.821758 0.566623 2.01738 0.952436</i>
                        <i>0.0722376 0.971772 -0.22459 -0.853916 -0.0560968 -0.517378 -0.515372 0.229156 0.82576 0.615786 2.01391 0.953339</i>
                        <i>0.0827575 0.962544 -0.258185 -0.864893 -0.0593348 -0.498437 -0.495087 0.264552 0.827588 0.656337 2.00924 0.9543</i>
                        <i>0.0873885 0.956255 -0.279178 -0.873291 -0.0613002 -0.483328 -0.479298 0.28604 0.829731 0.681131 2.00497 0.953158</i>
                        <i>0.0878907 0.953168 -0.289388 -0.879364 -0.0622366 -0.472066 -0.467968 0.295967 0.832712 0.692839 2.00049 0.950431</i>
                        <i>0.0869903 0.95147 -0.295192 -0.883762 -0.0630527 -0.463669 -0.45978 0.301214 0.835388 0.699437 1.99436 0.948013</i>
                        <i>0.0835724 0.950962 -0.297803 -0.887186 -0.0650837 -0.456799 -0.453781 0.302383 0.838241 0.700836 1.98711 0.945546</i>
                        <i>0.0769779 0.951426 -0.298097 -0.890231 -0.0690431 -0.450247 -0.448958 0.300035 0.841674 0.697402 1.97919 0.942888</i>
                        <i>0.0684991 0.952595 -0.29643 -0.892987 -0.073942 -0.443968 -0.44484 0.29512 0.845589 0.690662 1.97095 0.940248</i>
                        <i>0.0594314 0.954197 -0.293217 -0.895415 -0.0788816 -0.438189 -0.441248 0.288593 0.849714 0.682171 1.96278 0.937806</i>
                        <i>0.0510208 0.955982 -0.288956 -0.89738 -0.0830954 -0.433363 -0.438298 0.281414 0.85364 0.673507 1.95517 0.935708</i>
                        <i>0.0444268 0.957726 -0.284232 -0.898689 -0.0859511 -0.430083 -0.436331 0.274544 0.856878 0.666258 1.94868 0.934071</i>
                        <i>0.0407593 0.959229 -0.279676 -0.899131 -0.086867 -0.428973 -0.435778 0.26895 0.858932 0.662011 1.94393 0.933003</i>
                        <i>0.0394308 0.960358 -0.275966 -0.899087 -0.0864063 -0.429157 -0.43599 0.265039 0.860039 0.661276 1.94155 0.932553</i>
                        <i>0.0389805 0.961233 -0.272968 -0.898924 -0.0855619 -0.429668 -0.436367 0.262126 0.86074 0.662453 1.94245 0.93257</i>
                        <i>0.0392467 0.962023 -0.270131 -0.898444 -0.0843446 -0.430912 -0.437331 0.259609 0.861014 0.664154 1.94655 0.932928</i>
                        <i>0.0401753 0.962684 -0.26763 -0.897699 -0.0828431 -0.432751 -0.438774 0.257637 0.860872 0.666237 1.95297 0.933565</i>
                        <i>0.0416968 0.963169 -0.265644 -0.896746 -0.0811636 -0.435039 -0.440577 0.256355 0.860334 0.668562 1.96082 0.934421</i>
                        <i>0.0437213 0.963431 -0.264367 -0.895647 -0.0794367 -0.437614 -0.442611 0.255913 0.859421 0.670988 1.96921 0.935429</i>
                        <i>0.0464766 0.963227 -0.264638 -0.894475 -0.0778082 -0.440297 -0.444697 0.257175 0.857966 0.673372 1.97727 0.936519</i>
                        <i>0.0499259 0.962453 -0.266819 -0.89331 -0.0764429 -0.442893 -0.44666 0.260464 0.855952 0.675572 1.98416 0.937615</i>
                        <i>0.0535638 0.961251 -0.270422 -0.892246 -0.0755235 -0.445189 -0.448361 0.265129 0.853627 0.677449 1.98901 0.938637</i>
                        <i>0.0568887 0.959761 -0.274994 -0.891383 -0.0752298 -0.446963 -0.449666 0.270552 0.851236 0.678861 1.99098 0.939501</i>
                        <i>0.0594087 0.95813 -0.280104 -0.890826 -0.0757315 -0.447989 -0.450444 0.276138 0.849028 0.67967 1.99091 0.940122</i>
                        <i>0.0608952 0.956522 -0.285233 -0.890593 -0.0769666 -0.448241 -0.450706 0.281322 0.847185 0.679886 1.99022 0.940479</i>
                        <i>0.0613886 0.95513 -0.289754 -0.890611 -0.0786407 -0.447916 -0.450604 0.285555 0.845822 0.679674 1.98897 0.940626</i>
                        <i>0.0608123 0.954149 -0.29309 -0.89084 -0.0805658 -0.447117 -0.45023 0.288287 0.845094 0.679128 1.98722 0.940584</i>
                        <i>0.0590894 0.953774 -0.294657 -0.891238 -0.0825585 -0.445958 -0.44967 0.288961 0.845162 0.67834 1.98501 0.940378</i>
                        <i>0.0569676 0.954135 -0.293905 -0.891721 -0.0837618 -0.444767 -0.448986 0.287419 0.846051 0.677404 1.98239 0.940031</i>
                        <i>0.0550421 0.955098 -0.291132 -0.892233 -0.0838366 -0.443725 -0.448208 0.284181 0.847556 0.676413 1.97941 0.939568</i>
                        <i>0.053005 0.956458 -0.287015 -0.892769 -0.0833802 -0.442732 -0.447386 0.279705 0.849477 0.675463 1.97613 0.939012</i>
                        <i>0.0505481 0.958013 -0.282234 -0.893321 -0.082989 -0.44169 -0.446567 0.274453 0.851618 0.674646 1.9726 0.938386</i>
                        <i>0.0473601 0.959561 -0.277488 -0.893891 -0.0832615 -0.440485 -0.445776 0.268905 0.853799 0.674057 1.96887 0.93771</i>
                        <i>0.0439738 0.960978 -0.273108 -0.894433 -0.0839079 -0.439259 -0.445034 0.263593 0.855841 0.673788 1.96502 0.937006</i>
                        <i>0.0414005 0.962187 -0.269226 -0.894884 -0.0841335 -0.438296 -0.444374 0.259072 0.857563 0.673931 1.96108 0.936295</i>
                        <i>0.0399594 0.963004 -0.266509 -0.895404 -0.0838636 -0.437286 -0.443459 0.256107 0.858926 0.674497 1.95702 0.935438</i>
                        <i>0.039791 0.96326 -0.265606 -0.896154 -0.0831689 -0.435879 -0.441955 0.255368 0.85992 0.675397 1.95279 0.934308</i>
                        <i>0.0410367 0.962843 -0.266926 -0.897126 -0.0821029 -0.434079 -0.439866 0.25728 0.860422 0.67657 1.94849 0.932942</i>
                        <i>0.0437856 0.961645 -0.27078 -0.898307 -0.0807103 -0.431892 -0.437182 0.262154 0.860318 0.677953 1.94418 0.93138</i>
                        <i>0.0477984 0.959729 -0.27683 -0.899682 -0.0790312 -0.429332 -0.433921 0.26958 0.859674 0.679487 1.93996 0.92966</i>
                        <i>0.0527342 0.957216 -0.28453 -0.901228 -0.0771055 -0.42643 -0.430124 0.278914 0.858604 0.681111 1.93592 0.927819</i>
                        <i>0.0582544 0.954236 -0.293326 -0.902912 -0.0749783 -0.423234 -0.425858 0.289503 0.857224 0.682771 1.93213 0.925893</i>
                        <i>0.0640242 0.950945 -0.302661 -0.904693 -0.0727056 -0.419814 -0.421226 0.300694 0.855659 0.684414 1.92871 0.923917</i>
                        <i>0.0697125 0.947529 -0.311977 -0.906519 -0.0703594 -0.41626 -0.416368 0.311831 0.854048 0.685996 1.92575 0.92192</i>
                        <i>0.0739222 0.945629 -0.316735 -0.907243 -0.0681002 -0.415056 -0.414059 0.318038 0.852882 0.683021 1.92541 0.920148</i>
                        <i>0.0755113 0.946647 -0.313301 -0.90593 -0.0661525 -0.418227 -0.416639 0.31541 0.852601 0.671859 1.92859 0.919487</i>
                        <i>0.0743774 0.950255 -0.302463 -0.90279 -0.064675 -0.425192 -0.423602 0.304685 0.85307 0.653739 1.93344 0.920949</i>
                        <i>0.0702763 0.955948 -0.285 -0.897978 -0.0637904 -0.435392 -0.434393 0.286522 0.853937 0.629877 1.93813 0.925561</i>
                        <i>0.0654851 0.962745 -0.262361 -0.891252 -0.0618116 -0.449277 -0.448756 0.26325 0.854001 0.601478 1.94078 0.934354</i>
                        <i>0.062269 0.969648 -0.236443 -0.882364 -0.0572292 -0.467074 -0.466429 0.237713 0.852019 0.569749 1.93954 0.948363</i>
                        <i>0.0604062 0.976114 -0.208694 -0.871458 -0.0503787 -0.487876 -0.486736 0.211339 0.847599 0.535899 1.93253 0.968619</i>
                        <i>0.0562624 0.982913 -0.175261 -0.857945 -0.0421855 -0.512007 -0.510652 0.179171 0.840912 0.500615 1.91764 1.00006</i>
                        <i>0.0469692 0.989896 -0.13379 -0.841701 -0.0329032 -0.538941 -0.537897 0.137924 0.831651 0.464716 1.89574 1.04362</i>
                        <i>0.0338726 0.995546 -0.0879804 -0.823775 -0.0220347 -0.566489 -0.565904 0.0916645 0.81936 0.429647 1.86944 1.0943</i>
                        <i>0.0187734 0.998962 -0.0414994 -0.805379 -0.0094862 -0.592684 -0.592463 0.0445495 0.804365 0.39692 1.84141 1.14707</i>
                        <i>0.00390253 0.99999 0.00206227 -0.787754 0.00434459 -0.615975 -0.615978 0.000779298 0.787763 0.368146 1.81442 1.19686</i>
                        <i>-0.00818967 0.999197 0.0392251 -0.772012 0.0186135 -0.635336 -0.635556 -0.0354854 0.771239 0.34503 1.79138 1.23855</i>
                        <i>-0.014798 0.99767 0.0665972 -0.759022 0.0321492 -0.650271 -0.650897 -0.0601714 0.756778 0.329339 1.77527 1.26703</i>
                        <i>-0.0132513 0.996645 0.0807705 -0.749381 0.0435813 -0.660703 -0.662006 -0.069283 0.746289 0.322857 1.76915 1.2772</i>
                    </KeyFrames>
                </p>
            </i>
            <i>
                <p>
                    <Name><![CDATA[spine1]]></Name>
                    <Exclude>0</Exclude>
                    <Additive>0</Additive>
                    <IKPriority>0</IKPriority>
                    <IKRotLimits>-1e+010 -1e+010 -1e+010 1e+010 1e+010 1e+010</IKRotLimits>
                    <IKRotLimitOrder>0</IKRotLimitOrder>
                    <KeyFrames count="91">
                        <i>-0.151998 0.8398 0.521184 -0.572725 0.354924 -0.738928 -0.805533 -0.410811 0.427027 0.342055 1.9687 1.19148</i>
                        <i>-0.173603 0.846169 0.503845 -0.553967 0.339093 -0.760353 -0.814237 -0.411114 0.409882 0.342795 1.97041 1.19146</i>
                        <i>-0.201338 0.852558 0.482295 -0.520812 0.323835 -0.789864 -0.829589 -0.410214 0.378822 0.344634 1.97529 1.19197</i>
                        <i>-0.230659 0.858536 0.457943 -0.478312 0.309805 -0.821729 -0.847357 -0.408579 0.339189 0.347124 1.98209 1.19288</i>
                        <i>-0.257728 0.863736 0.433054 -0.432456 0.297679 -0.851099 -0.864036 -0.406628 0.296807 0.349813 1.98955 1.19403</i>
                        <i>-0.279586 0.867836 0.410721 -0.390206 0.288153 -0.874475 -0.877252 -0.404757 0.258071 0.352256 1.99642 1.19518</i>
                        <i>-0.294063 0.870534 0.394586 -0.359181 0.281928 -0.889666 -0.885729 -0.403346 0.229774 0.354026 2.00146 1.19608</i>
                        <i>-0.299336 0.871511 0.388415 -0.34716 0.2797 -0.895125 -0.888751 -0.402785 0.218829 0.354707 2.00342 1.19645</i>
                        <i>-0.299273 0.872098 0.387145 -0.346708 0.278617 -0.895637 -0.888949 -0.402266 0.218981 0.354711 2.00339 1.19939</i>
                        <i>-0.299089 0.873722 0.383608 -0.345445 0.275602 -0.897057 -0.889502 -0.400815 0.219393 0.35472 2.0033 1.2076</i>
                        <i>-0.298793 0.876171 0.378216 -0.343505 0.271014 -0.899197 -0.890352 -0.398593 0.219992 0.354734 2.00317 1.22011</i>
                        <i>-0.29839 0.879227 0.37138 -0.341022 0.265209 -0.901869 -0.891441 -0.395758 0.2207 0.354752 2.00301 1.23597</i>
                        <i>-0.297887 0.882679 0.363512 -0.338132 0.258546 -0.904887 -0.89271 -0.392469 0.221445 0.354773 2.00281 1.25423</i>
                        <i>-0.297297 0.886325 0.355025 -0.334974 0.251378 -0.908076 -0.894095 -0.388893 0.222162 0.354795 2.0026 1.27393</i>
                        <i>-0.296643 0.889975 0.346333 -0.331697 0.244059 -0.911269 -0.895533 -0.3852 0.222804 0.354819 2.00238 1.29411</i>
                        <i>-0.295956 0.893458 0.337849 -0.328458 0.236936 -0.914318 -0.896954 -0.381567 0.223341 0.354843 2.00217 1.31382</i>
                        <i>-0.295275 0.896617 0.329986 -0.325418 0.230352 -0.917083 -0.898285 -0.378175 0.223758 0.354865 2.00197 1.3321</i>
                        <i>-0.29465 0.899306 0.323157 -0.322749 0.224646 -0.919439 -0.899452 -0.375211 0.224058 0.354885 2.00179 1.34799</i>
                        <i>-0.294135 0.901391 0.317772 -0.320625 0.220155 -0.921266 -0.90038 -0.372862 0.224253 0.3549 2.00165 1.36052</i>
                        <i>-0.293786 0.902742 0.314241 -0.319223 0.217214 -0.92245 -0.900992 -0.371316 0.224362 0.354911 2.00156 1.36875</i>
                        <i>-0.293659 0.903224 0.312973 -0.318718 0.216159 -0.922873 -0.901212 -0.37076 0.224397 0.354914 2.00153 1.37171</i>
                        <i>-0.291695 0.909073 0.297491 -0.323525 0.198918 -0.925075 -0.900136 -0.366086 0.236084 0.35434 2.0065 1.35772</i>
                        <i>-0.287316 0.921173 0.262469 -0.337068 0.159257 -0.927913 -0.896568 -0.355074 0.264741 0.353656 2.01993 1.32033</i>
                        <i>-0.283827 0.931922 0.225752 -0.361005 0.114257 -0.925538 -0.888323 -0.344191 0.303999 0.354411 2.03983 1.26645</i>
                        <i>-0.285468 0.935569 0.20789 -0.403632 0.0793759 -0.911472 -0.869246 -0.344107 0.354967 0.358074 2.06469 1.2031</i>
                        <i>-0.289569 0.934272 0.208054 -0.462449 0.0537534 -0.885015 -0.838028 -0.352487 0.416488 0.365064 2.09245 1.13662</i>
                        <i>-0.290526 0.933742 0.209093 -0.525666 0.0268441 -0.850268 -0.799544 -0.356938 0.483037 0.375171 2.12046 1.07291</i>
                        <i>-0.28648 0.934779 0.210042 -0.590268 0.00047882 -0.807207 -0.754661 -0.35523 0.551633 0.388851 2.14655 1.01831</i>
                        <i>-0.275645 0.938108 0.209699 -0.653641 -0.0229662 -0.756456 -0.704822 -0.345581 0.619516 0.406528 2.16856 0.979144</i>
                        <i>-0.219026 0.953594 0.206604 -0.714736 -0.0126592 -0.69928 -0.664214 -0.300828 0.684341 0.440222 2.18301 0.955472</i>
                        <i>-0.188697 0.96269 0.193964 -0.770222 -0.0225515 -0.637378 -0.609223 -0.269666 0.74574 0.474706 2.19116 0.939579</i>
                        <i>-0.152421 0.973836 0.16856 -0.819148 -0.0290566 -0.572846 -0.55296 -0.225389 0.802144 0.522834 2.19304 0.928086</i>
                        <i>-0.113718 0.984333 0.134749 -0.860528 -0.0298003 -0.508531 -0.496548 -0.173784 0.850434 0.576648 2.19009 0.919903</i>
                        <i>-0.0759312 0.992296 0.0978905 -0.893914 -0.0242488 -0.447581 -0.441759 -0.121491 0.888869 0.628442 2.18401 0.914007</i>
                        <i>-0.0421322 0.997039 0.0643319 -0.919507 -0.0135087 -0.392841 -0.390809 -0.0757049 0.917353 0.670748 2.17676 0.909352</i>
                        <i>-0.0150928 0.999039 0.0411539 -0.938081 9.82494e-005 -0.346416 -0.346087 -0.0438341 0.937178 0.696262 2.17049 0.904827</i>
                        <i>0.00549563 0.999608 0.0274644 -0.950925 0.013721 -0.309118 -0.309373 -0.0244178 0.950627 0.707978 2.16465 0.900585</i>
                        <i>0.0207811 0.99961 0.0186445 -0.958692 0.025215 -0.283327 -0.283687 -0.0119865 0.958842 0.714357 2.15755 0.897382</i>
                        <i>0.0358758 0.999206 0.0173499 -0.962026 0.0392312 -0.270122 -0.270588 -0.00700022 0.96267 0.715122 2.14968 0.894638</i>
                        <i>0.0545206 0.99823 0.0237557 -0.962036 0.0588858 -0.266494 -0.267422 -0.00832436 0.963544 0.71053 2.14147 0.892047</i>
                        <i>0.0742264 0.9966 0.0357646 -0.959756 0.0811308 -0.268861 -0.270848 -0.0143687 0.962515 0.70233 2.13326 0.889745</i>
                        <i>0.092427 0.994404 0.0511712 -0.956158 0.10298 -0.274147 -0.277883 -0.0235891 0.960325 0.692295 2.12539 0.887845</i>
                        <i>0.10664 0.991977 0.0678906 -0.952314 0.12153 -0.279873 -0.285879 -0.0348075 0.957633 0.682206 2.11822 0.886428</i>
                        <i>0.114601 0.989845 0.0841087 -0.949387 0.134054 -0.284066 -0.292456 -0.0472975 0.955108 0.673842 2.11221 0.885543</i>
                        <i>0.114274 0.988577 0.0982673 -0.94854 0.137977 -0.285014 -0.295317 -0.0606407 0.953473 0.668974 2.10782 0.885221</i>
                        <i>0.10691 0.988342 0.108404 -0.949608 0.133809 -0.283443 -0.294644 -0.0726381 0.952842 0.66801 2.10559 0.885417</i>
                        <i>0.0955137 0.988858 0.114176 -0.951442 0.12441 -0.281568 -0.292635 -0.0817385 0.952724 0.669102 2.10645 0.886003</i>
                        <i>0.0807779 0.989912 0.116403 -0.95364 0.110725 -0.279842 -0.289908 -0.0884015 0.952963 0.670834 2.11038 0.886932</i>
                        <i>0.0637266 0.991311 0.115071 -0.955914 0.0937536 -0.278279 -0.28665 -0.092264 0.953582 0.673058 2.11654 0.888102</i>
                        <i>0.0454175 0.992876 0.110159 -0.958015 0.0745403 -0.276861 -0.2831 -0.0929593 0.954575 0.675623 2.12406 0.889409</i>
                        <i>0.0269506 0.994454 0.101657 -0.959758 0.0541784 -0.275552 -0.279531 -0.0901403 0.955896 0.678373 2.13209 0.890747</i>
                        <i>0.0105101 0.996178 0.0867138 -0.96099 0.0340315 -0.274482 -0.276384 -0.0804463 0.957675 0.681203 2.13974 0.891899</i>
                        <i>-0.00240374 0.99793 0.0642685 -0.961724 0.0153034 -0.273593 -0.27401 -0.0624662 0.959696 0.683967 2.14615 0.892725</i>
                        <i>-0.0116845 0.999244 0.037079 -0.962107 -0.00113227 -0.272671 -0.272423 -0.03886 0.961393 0.686439 2.15051 0.893221</i>
                        <i>-0.0172371 0.99982 0.00794743 -0.962287 -0.0144307 -0.271652 -0.271489 -0.0123302 0.962363 0.688396 2.15202 0.89338</i>
                        <i>-0.0189834 0.999613 -0.0203272 -0.962397 -0.0237794 -0.270604 -0.270983 0.0144259 0.962476 0.689618 2.15152 0.893189</i>
                        <i>-0.0176657 0.998815 -0.0453422 -0.962514 -0.0292647 -0.26965 -0.270658 0.0388789 0.96189 0.690076 2.15046 0.892719</i>
                        <i>-0.0148627 0.997767 -0.065109 -0.962652 -0.0318838 -0.268857 -0.270332 0.0586814 0.960977 0.689942 2.14891 0.892129</i>
                        <i>-0.0117548 0.996923 -0.0775005 -0.962817 -0.0322046 -0.268228 -0.269898 0.0714658 0.960233 0.689297 2.14696 0.891539</i>
                        <i>-0.00951533 0.996718 -0.0803955 -0.963011 -0.030786 -0.267696 -0.269293 0.0748746 0.960143 0.68822 2.14468 0.891071</i>
                        <i>-0.00638583 0.997387 -0.0719632 -0.96308 -0.0255032 -0.268005 -0.26914 0.0675948 0.960726 0.686932 2.14216 0.890839</i>
                        <i>-0.00142533 0.998551 -0.0537862 -0.962913 -0.0158824 -0.269343 -0.269807 0.0514075 0.961541 0.685625 2.13944 0.89081</i>
                        <i>0.00296454 0.999579 -0.0288631 -0.962621 -0.00496472 -0.270808 -0.270837 0.0285871 0.962201 0.684343 2.13656 0.890892</i>
                        <i>0.00441956 0.99999 -0.000243997 -0.9624 0.00418716 -0.271604 -0.271601 0.00143518 0.962409 0.683127 2.13353 0.890995</i>
                        <i>0.000651739 0.99958 0.028979 -0.96253 0.00848544 -0.271043 -0.271175 -0.0277165 0.962131 0.682019 2.13037 0.891026</i>
                        <i>-0.0075158 0.998341 0.0570886 -0.962975 0.00815956 -0.269468 -0.269486 -0.0570002 0.961316 0.681198 2.12712 0.890952</i>
                        <i>-0.0175791 0.996384 0.0831289 -0.963469 0.00534158 -0.267767 -0.267242 -0.0847992 0.959891 0.680927 2.12383 0.89077</i>
                        <i>-0.0288566 0.993938 0.106087 -0.96399 0.000397598 -0.265938 -0.264368 -0.109941 0.958135 0.681274 2.12047 0.890214</i>
                        <i>-0.0401181 0.991361 0.124877 -0.964523 -0.00578519 -0.263936 -0.260933 -0.131036 0.956422 0.682178 2.11701 0.889032</i>
                        <i>-0.0502598 0.989227 0.137492 -0.965036 -0.0126413 -0.261814 -0.257255 -0.145844 0.955275 0.683602 2.1135 0.887198</i>
                        <i>-0.0583861 0.988074 0.142481 -0.965524 -0.0196229 -0.259573 -0.253681 -0.152725 0.955155 0.685503 2.10994 0.884701</i>
                        <i>-0.0645352 0.987924 0.140862 -0.966025 -0.0264474 -0.257092 -0.250262 -0.152668 0.956066 0.687782 2.10641 0.881637</i>
                        <i>-0.0690308 0.988522 0.134386 -0.966577 -0.0329333 -0.254254 -0.24691 -0.147446 0.957755 0.690324 2.103 0.878137</i>
                        <i>-0.0722096 0.989553 0.124779 -0.967203 -0.0389283 -0.251002 -0.243523 -0.138811 0.95991 0.693017 2.09979 0.874333</i>
                        <i>-0.0744285 0.99072 0.113729 -0.967914 -0.0443219 -0.247342 -0.240006 -0.128489 0.962231 0.695752 2.09689 0.870357</i>
                        <i>-0.076068 0.991781 0.102884 -0.9687 -0.0490548 -0.243338 -0.236291 -0.118174 0.96447 0.698425 2.09444 0.86634</i>
                        <i>-0.079651 0.992027 0.0976611 -0.968881 -0.0540116 -0.241564 -0.234363 -0.113863 0.965458 0.69629 2.09489 0.863337</i>
                        <i>-0.0872911 0.990897 0.102486 -0.967858 -0.0600007 -0.244237 -0.235864 -0.120512 0.964285 0.685506 2.09938 0.86291</i>
                        <i>-0.098946 0.988147 0.117365 -0.965695 -0.066896 -0.250914 -0.240088 -0.138166 0.960868 0.667276 2.10604 0.865953</i>
                        <i>-0.114742 0.98317 0.142163 -0.96242 -0.0745621 -0.261127 -0.246133 -0.166783 0.954779 0.642762 2.11296 0.873373</i>
                        <i>-0.130452 0.97612 0.173701 -0.956146 -0.0775222 -0.282443 -0.262233 -0.202929 0.943427 0.613572 2.11805 0.885974</i>
                        <i>-0.141976 0.96782 0.207768 -0.944683 -0.0697834 -0.320474 -0.295663 -0.241775 0.924191 0.581326 2.1192 0.904479</i>
                        <i>-0.149506 0.958525 0.242648 -0.927131 -0.0506153 -0.371303 -0.343621 -0.280479 0.896246 0.547197 2.11437 0.929662</i>
                        <i>-0.154822 0.946902 0.281793 -0.901924 -0.0190636 -0.431473 -0.403191 -0.320958 0.856985 0.511186 2.10146 0.967204</i>
                        <i>-0.15943 0.931352 0.32736 -0.868278 0.0255023 -0.495422 -0.469761 -0.363225 0.804607 0.473571 2.08124 1.01847</i>
                        <i>-0.162533 0.912325 0.375828 -0.827164 0.081678 -0.555993 -0.537943 -0.401239 0.741367 0.436055 2.05613 1.07772</i>
                        <i>-0.163019 0.890942 0.423847 -0.780667 0.146213 -0.607603 -0.603311 -0.429935 0.671693 0.400498 2.02872 1.13921</i>
                        <i>-0.15971 0.869005 0.46832 -0.73147 0.214401 -0.647289 -0.662906 -0.445941 0.601409 0.368937 2.00183 1.19717</i>
                        <i>-0.151555 0.848857 0.506432 -0.682188 0.28094 -0.67505 -0.715297 -0.447789 0.536502 0.343557 1.97855 1.24582</i>
                        <i>-0.137767 0.833163 0.535593 -0.634874 0.340771 -0.693405 -0.760233 -0.435562 0.482007 0.326631 1.96215 1.27943</i>
                        <i>-0.117847 0.824617 0.55328 -0.590923 0.389544 -0.706446 -0.798074 -0.410199 0.441378 0.320438 1.95597 1.29226</i>
                    </KeyFrames>
                </p>
            </i>
            <i>
                <p>
                    <Name><![CDATA[spine2]]></Name>
                    <Exclude>0</Exclude>
                    <Additive>0</Additive>
