<?xml version="1.0" encoding="ISO-8859-1" ?>
<Animl Version="1">
    <ModellingPackage><![CDATA[Maya.2010]]></ModellingPackage>
    <SrcFile><![CDATA[anims\turrets\special\blue\~src\flamelube\flamelube_idle_crewmand.mb]]></SrcFile>
    <FramesPerSecond>30</FramesPerSecond>
    <TotalFrames>61</TotalFrames>
    <Skeleton>
        <RefFrame>
            <Name><![CDATA[soldier_ref_frame]]></Name>
            <Exclude>0</Exclude>
            <Additive>0</Additive>
            <IKPriority>0</IKPriority>
            <IKRotLimits>-1e+010 -1e+010 -1e+010 1e+010 1e+010 1e+010</IKRotLimits>
            <IKRotLimitOrder>0</IKRotLimitOrder>
            <KeyFrames count="61">
                <i>1 0 0 0 1 0 0 0 1 -2.3 0.9 -0.75</i>
                <i>1 0 0 0 1 0 0 0 1 -2.3 0.9 -0.75</i>
                <i>1 0 0 0 1 0 0 0 1 -2.3 0.9 -0.75</i>
                <i>1 0 0 0 1 0 0 0 1 -2.3 0.9 -0.75</i>
                <i>1 0 0 0 1 0 0 0 1 -2.3 0.9 -0.75</i>
                <i>1 0 0 0 1 0 0 0 1 -2.3 0.9 -0.75</i>
                <i>1 0 0 0 1 0 0 0 1 -2.3 0.9 -0.75</i>
                <i>1 0 0 0 1 0 0 0 1 -2.3 0.9 -0.75</i>
                <i>1 0 0 0 1 0 0 0 1 -2.3 0.9 -0.75</i>
                <i>1 0 0 0 1 0 0 0 1 -2.3 0.9 -0.75</i>
                <i>1 0 0 0 1 0 0 0 1 -2.3 0.9 -0.75</i>
                <i>1 0 0 0 1 0 0 0 1 -2.3 0.9 -0.75</i>
                <i>1 0 0 0 1 0 0 0 1 -2.3 0.9 -0.75</i>
                <i>1 0 0 0 1 0 0 0 1 -2.3 0.9 -0.75</i>
                <i>1 0 0 0 1 0 0 0 1 -2.3 0.9 -0.75</i>
                <i>1 0 0 0 1 0 0 0 1 -2.3 0.9 -0.75</i>
                <i>1 0 0 0 1 0 0 0 1 -2.3 0.9 -0.75</i>
                <i>1 0 0 0 1 0 0 0 1 -2.3 0.9 -0.75</i>
                <i>1 0 0 0 1 0 0 0 1 -2.3 0.9 -0.75</i>
                <i>1 0 0 0 1 0 0 0 1 -2.3 0.9 -0.75</i>
                <i>1 0 0 0 1 0 0 0 1 -2.3 0.9 -0.75</i>
                <i>1 0 0 0 1 0 0 0 1 -2.3 0.9 -0.75</i>
                <i>1 0 0 0 1 0 0 0 1 -2.3 0.9 -0.75</i>
                <i>1 0 0 0 1 0 0 0 1 -2.3 0.9 -0.75</i>
                <i>1 0 0 0 1 0 0 0 1 -2.3 0.9 -0.75</i>
                <i>1 0 0 0 1 0 0 0 1 -2.3 0.9 -0.75</i>
                <i>1 0 0 0 1 0 0 0 1 -2.3 0.9 -0.75</i>
                <i>1 0 0 0 1 0 0 0 1 -2.3 0.9 -0.75</i>
                <i>1 0 0 0 1 0 0 0 1 -2.3 0.9 -0.75</i>
                <i>1 0 0 0 1 0 0 0 1 -2.3 0.9 -0.75</i>
                <i>1 0 0 0 1 0 0 0 1 -2.3 0.9 -0.75</i>
                <i>1 0 0 0 1 0 0 0 1 -2.3 0.9 -0.75</i>
                <i>1 0 0 0 1 0 0 0 1 -2.3 0.9 -0.75</i>
                <i>1 0 0 0 1 0 0 0 1 -2.3 0.9 -0.75</i>
                <i>1 0 0 0 1 0 0 0 1 -2.3 0.9 -0.75</i>
                <i>1 0 0 0 1 0 0 0 1 -2.3 0.9 -0.75</i>
                <i>1 0 0 0 1 0 0 0 1 -2.3 0.9 -0.75</i>
                <i>1 0 0 0 1 0 0 0 1 -2.3 0.9 -0.75</i>
                <i>1 0 0 0 1 0 0 0 1 -2.3 0.9 -0.75</i>
                <i>1 0 0 0 1 0 0 0 1 -2.3 0.9 -0.75</i>
                <i>1 0 0 0 1 0 0 0 1 -2.3 0.9 -0.75</i>
                <i>1 0 0 0 1 0 0 0 1 -2.3 0.9 -0.75</i>
                <i>1 0 0 0 1 0 0 0 1 -2.3 0.9 -0.75</i>
                <i>1 0 0 0 1 0 0 0 1 -2.3 0.9 -0.75</i>
                <i>1 0 0 0 1 0 0 0 1 -2.3 0.9 -0.75</i>
                <i>1 0 0 0 1 0 0 0 1 -2.3 0.9 -0.75</i>
                <i>1 0 0 0 1 0 0 0 1 -2.3 0.9 -0.75</i>
                <i>1 0 0 0 1 0 0 0 1 -2.3 0.9 -0.75</i>
                <i>1 0 0 0 1 0 0 0 1 -2.3 0.9 -0.75</i>
                <i>1 0 0 0 1 0 0 0 1 -2.3 0.9 -0.75</i>
                <i>1 0 0 0 1 0 0 0 1 -2.3 0.9 -0.75</i>
                <i>1 0 0 0 1 0 0 0 1 -2.3 0.9 -0.75</i>
                <i>1 0 0 0 1 0 0 0 1 -2.3 0.9 -0.75</i>
                <i>1 0 0 0 1 0 0 0 1 -2.3 0.9 -0.75</i>
                <i>1 0 0 0 1 0 0 0 1 -2.3 0.9 -0.75</i>
                <i>1 0 0 0 1 0 0 0 1 -2.3 0.9 -0.75</i>
                <i>1 0 0 0 1 0 0 0 1 -2.3 0.9 -0.75</i>
                <i>1 0 0 0 1 0 0 0 1 -2.3 0.9 -0.75</i>
                <i>1 0 0 0 1 0 0 0 1 -2.3 0.9 -0.75</i>
                <i>1 0 0 0 1 0 0 0 1 -2.3 0.9 -0.75</i>
                <i>1 0 0 0 1 0 0 0 1 -2.3 0.9 -0.75</i>
            </KeyFrames>
        </RefFrame>
        <Bones count="23">
            <i>
                <p>
                    <Name><![CDATA[pelvis]]></Name>
                    <Exclude>0</Exclude>
                    <Additive>0</Additive>
                    <IKPriority>0</IKPriority>
                    <IKRotLimits>-1e+010 -1e+010 -1e+010 1e+010 1e+010 1e+010</IKRotLimits>
                    <IKRotLimitOrder>2</IKRotLimitOrder>
                    <KeyFrames count="61">
                        <i>1 0 0 0 1 0 0 0 1 -2.46744 1.80714 -0.770428</i>
                        <i>1 0 0 0 1 0 0 0 1 -2.46842 1.80511 -0.769835</i>
                        <i>1 0 0 0 1 0 0 0 1 -2.46947 1.80318 -0.76919</i>
                        <i>1 0 0 0 1 0 0 0 1 -2.47059 1.80135 -0.7685</i>
                        <i>1 0 0 0 1 0 0 0 1 -2.47177 1.79961 -0.767773</i>
                        <i>1 0 0 0 1 0 0 0 1 -2.47298 1.79796 -0.767018</i>
                        <i>1 0 0 0 1 0 0 0 1 -2.47421 1.79639 -0.766241</i>
                        <i>1 0 0 0 1 0 0 0 1 -2.47545 1.7949 -0.765452</i>
                        <i>1 0 0 0 1 0 0 0 1 -2.47669 1.79348 -0.764657</i>
                        <i>1 0 0 0 1 0 0 0 1 -2.47791 1.79212 -0.763865</i>
                        <i>1 0 0 0 1 0 0 0 1 -2.47909 1.79082 -0.763083</i>
                        <i>1 0 0 0 1 0 0 0 1 -2.48023 1.78957 -0.76232</i>
                        <i>1 0 0 0 1 0 0 0 1 -2.48131 1.78838 -0.761583</i>
                        <i>1 0 0 0 1 0 0 0 1 -2.48232 1.78722 -0.76088</i>
                        <i>1 0 0 0 1 0 0 0 1 -2.48324 1.7861 -0.760218</i>
                        <i>1 0 0 0 1 0 0 0 1 -2.48405 1.78501 -0.759607</i>
                        <i>1 0 0 0 1 0 0 0 1 -2.48475 1.78395 -0.759053</i>
                        <i>1 0 0 0 1 0 0 0 1 -2.48531 1.78291 -0.758565</i>
                        <i>1 0 0 0 1 0 0 0 1 -2.48573 1.78189 -0.75815</i>
                        <i>1 0 0 0 1 0 0 0 1 -2.486 1.78087 -0.757816</i>
                        <i>1 0 0 0 1 0 0 0 1 -2.48609 1.77985 -0.757572</i>
                        <i>1 0 0 0 1 0 0 0 1 -2.48603 1.77988 -0.757424</i>
                        <i>1 0 0 0 1 0 0 0 1 -2.48587 1.78146 -0.757381</i>
                        <i>1 0 0 0 1 0 0 0 1 -2.4856 1.78381 -0.757451</i>
                        <i>1 0 0 0 1 0 0 0 1 -2.48523 1.78642 -0.757685</i>
                        <i>1 0 0 0 1 0 0 0 1 -2.48478 1.78925 -0.758115</i>
                        <i>1 0 0 0 1 0 0 0 1 -2.48424 1.79227 -0.758721</i>
                        <i>1 0 0 0 1 0 0 0 1 -2.48363 1.79543 -0.759481</i>
                        <i>1 0 0 0 1 0 0 0 1 -2.48296 1.7987 -0.760377</i>
                        <i>1 0 0 0 1 0 0 0 1 -2.48222 1.80203 -0.761386</i>
                        <i>1 0 0 0 1 0 0 0 1 -2.48143 1.80538 -0.762489</i>
                        <i>1 0 0 0 1 0 0 0 1 -2.48059 1.80871 -0.763665</i>
                        <i>1 0 0 0 1 0 0 0 1 -2.47971 1.81198 -0.764893</i>
                        <i>1 0 0 0 1 0 0 0 1 -2.4788 1.81515 -0.766153</i>
                        <i>1 0 0 0 1 0 0 0 1 -2.47786 1.81817 -0.767423</i>
                        <i>1 0 0 0 1 0 0 0 1 -2.47691 1.82101 -0.768685</i>
                        <i>1 0 0 0 1 0 0 0 1 -2.47594 1.82363 -0.769916</i>
                        <i>1 0 0 0 1 0 0 0 1 -2.47497 1.82597 -0.771096</i>
                        <i>1 0 0 0 1 0 0 0 1 -2.474 1.82801 -0.772206</i>
                        <i>1 0 0 0 1 0 0 0 1 -2.47304 1.82969 -0.773223</i>
                        <i>1 0 0 0 1 0 0 0 1 -2.4721 1.83099 -0.774128</i>
                        <i>1 0 0 0 1 0 0 0 1 -2.47118 1.83185 -0.774901</i>
                        <i>1 0 0 0 1 0 0 0 1 -2.47029 1.83232 -0.775519</i>
                        <i>1 0 0 0 1 0 0 0 1 -2.46944 1.83249 -0.775964</i>
                        <i>1 0 0 0 1 0 0 0 1 -2.46863 1.83237 -0.776253</i>
                        <i>1 0 0 0 1 0 0 0 1 -2.46788 1.83198 -0.776424</i>
                        <i>1 0 0 0 1 0 0 0 1 -2.46718 1.83135 -0.776485</i>
                        <i>1 0 0 0 1 0 0 0 1 -2.46654 1.83049 -0.776445</i>
                        <i>1 0 0 0 1 0 0 0 1 -2.46598 1.82942 -0.776311</i>
                        <i>1 0 0 0 1 0 0 0 1 -2.4655 1.82815 -0.776093</i>
                        <i>1 0 0 0 1 0 0 0 1 -2.46511 1.82672 -0.775797</i>
                        <i>1 0 0 0 1 0 0 0 1 -2.46481 1.82513 -0.775433</i>
                        <i>1 0 0 0 1 0 0 0 1 -2.4646 1.82342 -0.775008</i>
                        <i>1 0 0 0 1 0 0 0 1 -2.46451 1.82158 -0.774532</i>
                        <i>1 0 0 0 1 0 0 0 1 -2.46453 1.81965 -0.774011</i>
                        <i>1 0 0 0 1 0 0 0 1 -2.46467 1.81765 -0.773455</i>
                        <i>1 0 0 0 1 0 0 0 1 -2.46494 1.81558 -0.772872</i>
                        <i>1 0 0 0 1 0 0 0 1 -2.46534 1.81348 -0.772269</i>
                        <i>1 0 0 0 1 0 0 0 1 -2.46589 1.81136 -0.771655</i>
                        <i>1 0 0 0 1 0 0 0 1 -2.46659 1.80924 -0.771039</i>
                        <i>1 0 0 0 1 0 0 0 1 -2.46744 1.80714 -0.770428</i>
                    </KeyFrames>
                </p>
            </i>
            <i>
                <p>
                    <Name><![CDATA[spine0]]></Name>
                    <Exclude>0</Exclude>
                    <Additive>0</Additive>
                    <IKPriority>0</IKPriority>
                    <IKRotLimits>-1e+010 -1e+010 -1e+010 1e+010 1e+010 1e+010</IKRotLimits>
                    <IKRotLimitOrder>0</IKRotLimitOrder>
                    <KeyFrames count="61">
                        <i>-0.489919 0.869965 -0.056033 -0.0294559 0.047719 0.998426 0.87127 0.490799 0.00224714 -2.57945 1.89741 -0.770428</i>
                        <i>-0.48808 0.871044 -0.0553162 -0.0289609 0.0471803 0.998466 0.872318 0.488934 0.00219842 -2.5802 1.89566 -0.769835</i>
                        <i>-0.486132 0.872172 -0.0546929 -0.0285192 0.0467187 0.998501 0.87342 0.486963 0.0021622 -2.58103 1.89401 -0.76919</i>
                        <i>-0.484095 0.873337 -0.0541747 -0.028137 0.0463442 0.998529 0.874563 0.484907 0.00213814 -2.58194 1.89245 -0.7685</i>
                        <i>-0.481991 0.874524 -0.0537739 -0.0278206 0.0460669 0.998551 0.875734 0.482789 0.00212595 -2.58289 1.89097 -0.767773</i>
                        <i>-0.479843 0.875721 -0.0535024 -0.0275762 0.0458974 0.998565 0.876921 0.48063 0.0021255 -2.5839 1.88957 -0.767018</i>
                        <i>-0.477674 0.876915 -0.0533724 -0.02741 0.0458461 0.998572 0.87811 0.478455 0.00213672 -2.58493 1.88824 -0.766241</i>
                        <i>-0.475505 0.878091 -0.0533962 -0.0273282 0.0459237 0.998571 0.879289 0.476284 0.00215968 -2.58598 1.88698 -0.765452</i>
                        <i>-0.47336 0.879238 -0.0535862 -0.0273371 0.0461409 0.998561 0.880445 0.474143 0.00219453 -2.58704 1.88577 -0.764657</i>
                        <i>-0.471262 0.880342 -0.053955 -0.027443 0.0465086 0.998541 0.881566 0.472055 0.00224155 -2.5881 1.88461 -0.763865</i>
                        <i>-0.469234 0.881389 -0.054515 -0.0276526 0.0470374 0.99851 0.882641 0.470043 0.0023011 -2.58913 1.88349 -0.763083</i>
                        <i>-0.467302 0.88237 -0.0552434 -0.0279543 0.0477076 0.99847 0.883656 0.468131 0.00237214 -2.59014 1.8824 -0.76232</i>
                        <i>-0.46549 0.883274 -0.0560989 -0.0283279 0.0484833 0.998422 0.8846 0.466344 0.00245281 -2.59111 1.88134 -0.761583</i>
                        <i>-0.463822 0.884089 -0.0570668 -0.0287669 0.0493512 0.998367 0.885461 0.464706 0.00254227 -2.59201 1.8803 -0.76088</i>
                        <i>-0.462323 0.884804 -0.0581321 -0.0292647 0.050298 0.998305 0.886228 0.463241 0.00263962 -2.59286 1.87927 -0.760218</i>
                        <i>-0.461019 0.885408 -0.05928 -0.0298153 0.0513098 0.998238 0.886889 0.461974 0.00274387 -2.59362 1.87824 -0.759607</i>
                        <i>-0.459934 0.88589 -0.0604952 -0.0304123 0.0523728 0.998164 0.887432 0.460929 0.00285392 -2.59429 1.87721 -0.759053</i>
                        <i>-0.459093 0.886239 -0.0617626 -0.0310498 0.0534728 0.998086 0.887845 0.460132 0.00296859 -2.59485 1.87617 -0.758565</i>
                        <i>-0.458522 0.886443 -0.0630666 -0.0317219 0.0545953 0.998005 0.888117 0.459607 0.00308655 -2.5953 1.87511 -0.75815</i>
                        <i>-0.458244 0.886491 -0.0643918 -0.0324226 0.0557257 0.99792 0.888235 0.459378 0.00320641 -2.59562 1.87403 -0.757816</i>
                        <i>-0.458284 0.886372 -0.0657224 -0.0331461 0.0568492 0.997832 0.888187 0.45947 0.00332662 -2.59579 1.87292 -0.757572</i>
                        <i>-0.458651 0.886084 -0.0670446 -0.0338984 0.0579469 0.997744 0.88797 0.459889 0.00345946 -2.59587 1.87278 -0.757424</i>
                        <i>-0.459317 0.885639 -0.0683454 -0.0346835 0.0590019 0.997655 0.887595 0.46061 0.00361652 -2.5959 1.87413 -0.757381</i>
                        <i>-0.460255 0.885054 -0.0696102 -0.0354912 0.0600029 0.997567 0.887077 0.461606 0.003795 -2.59588 1.87618 -0.757451</i>
                        <i>-0.461438 0.884341 -0.0708241 -0.0363108 0.0609386 0.997481 0.886429 0.462848 0.00399171 -2.59582 1.87843 -0.757685</i>
                        <i>-0.462839 0.883515 -0.0719726 -0.0371309 0.0617982 0.997398 0.885664 0.464307 0.00420308 -2.5957 1.88086 -0.758115</i>
                        <i>-0.464431 0.882592 -0.0730409 -0.0379395 0.0625712 0.997319 0.884796 0.465957 0.00442514 -2.59553 1.88343 -0.758721</i>
                        <i>-0.466185 0.881586 -0.0740144 -0.038724 0.0632474 0.997246 0.883839 0.467768 0.00465348 -2.59532 1.88611 -0.759481</i>
                        <i>-0.468076 0.88051 -0.0748783 -0.0394711 0.0638172 0.997181 0.882806 0.469712 0.00488336 -2.59505 1.88887 -0.760377</i>
                        <i>-0.470076 0.879381 -0.0756179 -0.0401669 0.0642712 0.997124 0.881711 0.471761 0.00510964 -2.59473 1.89168 -0.761386</i>
                        <i>-0.472159 0.878212 -0.0762185 -0.0407972 0.0646005 0.997077 0.880569 0.473888 0.0053269 -2.59436 1.8945 -0.762489</i>
                        <i>-0.474299 0.877019 -0.0766656 -0.0413473 0.0647965 0.997042 0.879392 0.476066 0.00552946 -2.59394 1.8973 -0.763665</i>
                        <i>-0.47647 0.875817 -0.0769443 -0.041802 0.0648509 0.997019 0.878197 0.478266 0.00571145 -2.59346 1.90005 -0.764893</i>
                        <i>-0.478646 0.874622 -0.0770403 -0.0421463 0.0647558 0.997011 0.876996 0.480462 0.00586694 -2.59294 1.90272 -0.766153</i>
                        <i>-0.480802 0.873443 -0.0769805 -0.0423878 0.0645383 0.997015 0.875804 0.48263 0.00599316 -2.59237 1.90526 -0.767423</i>
                        <i>-0.482912 0.872294 -0.0768063 -0.0425427 0.0642371 0.997027 0.874635 0.484744 0.00608884 -2.59175 1.90766 -0.768685</i>
                        <i>-0.484951 0.871187 -0.0765244 -0.0426087 0.0638616 0.997049 0.873502 0.486781 0.00615039 -2.59108 1.90988 -0.769916</i>
                        <i>-0.486895 0.870135 -0.0761416 -0.0425842 0.0634212 0.997078 0.872422 0.488715 0.00617455 -2.59036 1.91189 -0.771096</i>
                        <i>-0.488719 0.869154 -0.0756647 -0.0424678 0.062925 0.997114 0.871407 0.490523 0.00615834 -2.58959 1.91365 -0.772206</i>
                        <i>-0.4904 0.868256 -0.0751007 -0.0422586 0.0623821 0.997157 0.870472 0.49218 0.0060991 -2.58878 1.91514 -0.773223</i>
                        <i>-0.491913 0.867455 -0.0744565 -0.0419564 0.061801 0.997206 0.869633 0.493663 0.00599456 -2.58792 1.91632 -0.774128</i>
                        <i>-0.493265 0.866748 -0.0737399 -0.0415716 0.0611851 0.99726 0.868885 0.494979 0.00585163 -2.58704 1.91713 -0.774901</i>
                        <i>-0.494476 0.866124 -0.0729589 -0.0411194 0.0605349 0.997319 0.868218 0.49615 0.00568152 -2.58614 1.91762 -0.775519</i>
                        <i>-0.495544 0.865583 -0.0721211 -0.0406077 0.0598547 0.997381 0.867633 0.497175 0.00548868 -2.58524 1.91785 -0.775964</i>
                        <i>-0.496469 0.865127 -0.0712339 -0.0400439 0.0591489 0.997446 0.867131 0.498053 0.00527748 -2.58434 1.91785 -0.776253</i>
                        <i>-0.497247 0.864756 -0.0703046 -0.0394356 0.0584217 0.997513 0.866712 0.498783 0.00505218 -2.58347 1.91762 -0.776424</i>
                        <i>-0.497877 0.864471 -0.0693407 -0.0387902 0.0576771 0.997581 0.86638 0.499363 0.00481685 -2.58263 1.91718 -0.776485</i>
                        <i>-0.498357 0.864273 -0.0683491 -0.0381147 0.0569193 0.997651 0.866134 0.499792 0.00457539 -2.58182 1.91655 -0.776445</i>
                        <i>-0.498685 0.864164 -0.0673371 -0.0374162 0.0561522 0.997721 0.865975 0.500068 0.0043315 -2.58106 1.91574 -0.776311</i>
                        <i>-0.498858 0.864143 -0.0663115 -0.0367015 0.0553799 0.997791 0.865906 0.50019 0.00408862 -2.58037 1.91477 -0.776093</i>
                        <i>-0.498876 0.864212 -0.0652792 -0.035977 0.0546064 0.99786 0.865927 0.500156 0.00385 -2.57974 1.91365 -0.775797</i>
                        <i>-0.498734 0.86437 -0.064247 -0.0352491 0.0538356 0.997927 0.866038 0.499965 0.0036186 -2.57919 1.91239 -0.775433</i>
                        <i>-0.498432 0.86462 -0.0632215 -0.0345237 0.0530718 0.997994 0.866241 0.499615 0.00339718 -2.57872 1.91101 -0.775008</i>
                        <i>-0.497967 0.864962 -0.0622093 -0.0338066 0.0523189 0.998058 0.866537 0.499103 0.00318825 -2.57836 1.90952 -0.774532</i>
                        <i>-0.497336 0.865395 -0.0612167 -0.0331032 0.0515813 0.99812 0.866926 0.498428 0.00299413 -2.57811 1.90795 -0.774011</i>
                        <i>-0.496538 0.865922 -0.0602504 -0.032419 0.050863 0.998179 0.86741 0.497587 0.00281691 -2.57797 1.9063 -0.773455</i>
                        <i>-0.495568 0.866541 -0.0593165 -0.031759 0.0501686 0.998236 0.867988 0.496577 0.00265852 -2.57797 1.90458 -0.772872</i>
                        <i>-0.494424 0.867255 -0.0584215 -0.031128 0.0495023 0.998289 0.868663 0.495397 0.00252073 -2.5781 1.90282 -0.772269</i>
                        <i>-0.493104 0.868063 -0.0575717 -0.0305307 0.0488688 0.998338 0.869434 0.494042 0.0024052 -2.57839 1.90103 -0.771655</i>
                        <i>-0.491603 0.868967 -0.0567734 -0.0299719 0.0482728 0.998384 0.870303 0.492511 0.00231349 -2.57883 1.89922 -0.771039</i>
                        <i>-0.489919 0.869965 -0.056033 -0.0294559 0.047719 0.998426 0.87127 0.490799 0.00224714 -2.57945 1.89741 -0.770428</i>
                    </KeyFrames>
                </p>
            </i>
            <i>
                <p>
                    <Name><![CDATA[spine1]]></Name>
                    <Exclude>0</Exclude>
                    <Additive>0</Additive>
                    <IKPriority>0</IKPriority>
                    <IKRotLimits>-1e+010 -1e+010 -1e+010 1e+010 1e+010 1e+010</IKRotLimits>
                    <IKRotLimitOrder>0</IKRotLimitOrder>
                    <KeyFrames count="61">
                        <i>-0.473642 0.85648 -0.205196 0.00215455 0.234114 0.972207 0.880715 0.460036 -0.112732 -2.66489 2.0491 -0.780199</i>
                        <i>-0.472933 0.857418 -0.202903 0.0034378 0.232078 0.972691 0.881092 0.45932 -0.112705 -2.66521 2.04734 -0.779468</i>
                        <i>-0.471996 0.858394 -0.200945 0.00457328 0.230313 0.973106 0.881589 0.458383 -0.112633 -2.66558 2.04567 -0.778701</i>
                        <i>-0.470852 0.859391 -0.199364 0.00554066 0.228858 0.973444 0.882195 0.457243 -0.11252 -2.66601 2.04409 -0.777907</i>
                        <i>-0.469521 0.860387 -0.198201 0.00631934 0.227753 0.973698 0.882899 0.455919 -0.112372 -2.66648 2.0426 -0.777097</i>
                        <i>-0.468024 0.861364 -0.197499 0.00688848 0.227037 0.973862 0.883689 0.45443 -0.112192 -2.66698 2.04118 -0.776281</i>
                        <i>-0.466383 0.862299 -0.197301 0.00722698 0.226751 0.973926 0.884554 0.452796 -0.111984 -2.66751 2.03983 -0.775468</i>
                        <i>-0.464617 0.863172 -0.197649 0.00731347 0.226936 0.973882 0.885482 0.451037 -0.111751 -2.66807 2.03855 -0.774669</i>
                        <i>-0.462748 0.86396 -0.198587 0.00712639 0.227634 0.973721 0.886461 0.449172 -0.111494 -2.66864 2.03731 -0.773893</i>
                        <i>-0.460798 0.86464 -0.20016 0.00664399 0.228885 0.973431 0.88748 0.447225 -0.111214 -2.66921 2.03613 -0.773152</i>
                        <i>-0.458786 0.865185 -0.202409 0.0058444 0.230731 0.973 0.888528 0.445216 -0.110913 -2.66979 2.03499 -0.772454</i>
                        <i>-0.45674 0.865598 -0.205251 0.0047637 0.233099 0.972441 0.889587 0.443175 -0.110589 -2.67037 2.03388 -0.771803</i>
                        <i>-0.45469 0.865893 -0.208535 0.00346767 0.235858 0.971781 0.890643 0.441136 -0.110245 -2.67092 2.0328 -0.771202</i>
                        <i>-0.452661 0.866064 -0.212205 0.0019789 0.238958 0.971028 0.89168 0.439127 -0.109881 -2.67146 2.03174 -0.770655</i>
                        <i>-0.450682 0.866108 -0.216202 0.000320273 0.24235 0.970189 0.892685 0.437177 -0.1095 -2.67197 2.03069 -0.770167</i>
                        <i>-0.448779 0.86602 -0.220468 -0.00148523 0.245984 0.969273 0.893641 0.435317 -0.109106 -2.67245 2.02965 -0.769744</i>
                        <i>-0.446981 0.865799 -0.224944 -0.00341437 0.249809 0.968289 0.894537 0.433575 -0.108704 -2.67288 2.0286 -0.769391</i>
                        <i>-0.445316 0.865443 -0.229569 -0.00544369 0.253773 0.967249 0.895357 0.431981 -0.108298 -2.67327 2.02755 -0.769115</i>
                        <i>-0.443813 0.864952 -0.234282 -0.00754951 0.257822 0.966163 0.896088 0.430565 -0.107895 -2.6736 2.02649 -0.76892</i>
                        <i>-0.442502 0.864326 -0.239022 -0.00970787 0.261905 0.965045 0.896715 0.429355 -0.107503 -2.67386 2.0254 -0.768811</i>
                        <i>-0.441414 0.863569 -0.243727 -0.0118946 0.265966 0.963909 0.897225 0.428382 -0.107129 -2.67405 2.02429 -0.768795</i>
                        <i>-0.440363 0.862791 -0.24834 -0.0140935 0.269926 0.962778 0.897709 0.427471 -0.106706 -2.67422 2.02415 -0.768877</i>
                        <i>-0.43917 0.8621 -0.252813 -0.0162881 0.273716 0.961673 0.898256 0.426455 -0.106166 -2.6744 2.0255 -0.769063</i>
                        <i>-0.437871 0.861493 -0.257096 -0.0184531 0.277296 0.960607 0.898849 0.425366 -0.105522 -2.6746 2.02756 -0.769357</i>
                        <i>-0.436502 0.860971 -0.261141 -0.0205624 0.280629 0.959596 0.899468 0.424235 -0.104792 -2.6748 2.02981 -0.769808</i>
                        <i>-0.435101 0.860532 -0.264898 -0.0225895 0.283681 0.958653 0.900098 0.423095 -0.103991 -2.67501 2.03225 -0.770447</i>
                        <i>-0.433703 0.860177 -0.268323 -0.0245072 0.286417 0.957792 0.900722 0.421973 -0.103139 -2.6752 2.03482 -0.77125</i>
                        <i>-0.432346 0.859904 -0.271369 -0.0262877 0.288803 0.957028 0.901325 0.420901 -0.102258 -2.67538 2.03752 -0.772193</i>
                        <i>-0.431064 0.859716 -0.273993 -0.0279029 0.290807 0.956375 0.90189 0.419904 -0.101368 -2.67554 2.04029 -0.773253</i>
                        <i>-0.429894 0.859612 -0.27615 -0.0293243 0.2924 0.955846 0.902403 0.41901 -0.100494 -2.67568 2.04311 -0.774408</i>
                        <i>-0.428869 0.859592 -0.277799 -0.0305231 0.293552 0.955456 0.902851 0.418245 -0.0996577 -2.67579 2.04594 -0.775633</i>
                        <i>-0.428024 0.859657 -0.278899 -0.0314704 0.294232 0.955216 0.903219 0.417632 -0.0988845 -2.67585 2.04875 -0.776905</i>
                        <i>-0.427391 0.859807 -0.279409 -0.0321373 0.294414 0.955138 0.903496 0.417196 -0.0981978 -2.67588 2.05152 -0.778201</i>
                        <i>-0.427002 0.860039 -0.279289 -0.0324949 0.294068 0.955232 0.903667 0.416961 -0.0976208 -2.67585 2.0542 -0.779496</i>
                        <i>-0.426876 0.860311 -0.278643 -0.0325834 0.293295 0.955467 0.903723 0.416945 -0.0971685 -2.67578 2.05676 -0.780776</i>
                        <i>-0.427029 0.860566 -0.277621 -0.0324672 0.292232 0.955796 0.903655 0.417166 -0.0968513 -2.67564 2.05918 -0.782026</i>
                        <i>-0.427483 0.860779 -0.276257 -0.0321545 0.290915 0.956208 0.903451 0.417646 -0.0966834 -2.67544 2.06141 -0.783227</i>
                        <i>-0.428263 0.860928 -0.27458 -0.0316539 0.289377 0.956692 0.903099 0.418407 -0.0966777 -2.67517 2.06343 -0.784358</i>
                        <i>-0.429391 0.860988 -0.272623 -0.0309748 0.287651 0.957234 0.902587 0.419473 -0.0968458 -2.67483 2.06521 -0.7854</i>
                        <i>-0.430891 0.860935 -0.270414 -0.0301269 0.285769 0.957825 0.901901 0.420865 -0.0971977 -2.67441 2.06671 -0.786334</i>
                        <i>-0.432785 0.860745 -0.267984 -0.0291206 0.283762 0.958453 0.901027 0.422608 -0.0977425 -2.6739 2.06789 -0.78714</i>
                        <i>-0.435007 0.86044 -0.265352 -0.0279727 0.281639 0.959112 0.899992 0.424644 -0.0984464 -2.67333 2.06872 -0.787798</i>
                        <i>-0.437448 0.860067 -0.262535 -0.0267025 0.279398 0.959804 0.898847 0.426875 -0.0992562 -2.67271 2.06922 -0.788291</i>
                        <i>-0.440065 0.859636 -0.259555 -0.0253246 0.277052 0.960521 0.897609 0.429265 -0.100151 -2.67206 2.06946 -0.788597</i>
                        <i>-0.442819 0.859158 -0.256434 -0.0238531 0.274614 0.961259 0.896294 0.43178 -0.101111 -2.67138 2.06946 -0.788738</i>
                        <i>-0.445668 0.858646 -0.253194 -0.022302 0.272099 0.962011 0.89492 0.434385 -0.102116 -2.67069 2.06924 -0.788752</i>
                        <i>-0.448574 0.85811 -0.249857 -0.0206849 0.269519 0.962773 0.893506 0.437043 -0.103149 -2.66999 2.06882 -0.788649</i>
                        <i>-0.451497 0.857564 -0.246445 -0.019015 0.266889 0.96354 0.89207 0.439721 -0.104193 -2.66929 2.0682 -0.788438</i>
                        <i>-0.454398 0.857021 -0.242978 -0.0173051 0.26422 0.964307 0.890631 0.442384 -0.10523 -2.66861 2.06739 -0.788129</i>
                        <i>-0.457239 0.856494 -0.23948 -0.0155677 0.261527 0.96507 0.889208 0.444995 -0.106247 -2.66795 2.06643 -0.787732</i>
                        <i>-0.459981 0.855999 -0.235971 -0.0138148 0.258823 0.965826 0.887821 0.447522 -0.107228 -2.66732 2.06532 -0.787255</i>
                        <i>-0.462587 0.855552 -0.232474 -0.0120581 0.25612 0.96657 0.886492 0.449926 -0.108162 -2.66673 2.06407 -0.786708</i>
                        <i>-0.46502 0.855167 -0.22901 -0.010309 0.253433 0.967298 0.88524 0.452174 -0.109035 -2.66619 2.06269 -0.786101</i>
                        <i>-0.467241 0.854862 -0.225602 -0.00857839 0.250773 0.968008 0.884089 0.454228 -0.109838 -2.66572 2.06122 -0.785443</i>
                        <i>-0.469212 0.854655 -0.222272 -0.00687691 0.248156 0.968696 0.883059 0.456052 -0.11056 -2.66531 2.05965 -0.784743</i>
                        <i>-0.470896 0.854563 -0.219043 -0.00521491 0.245594 0.969359 0.882173 0.457609 -0.111193 -2.66499 2.058 -0.784012</i>
                        <i>-0.472254 0.854604 -0.215936 -0.00360254 0.243102 0.969994 0.881455 0.458862 -0.111727 -2.66475 2.05629 -0.783257</i>
                        <i>-0.473248 0.854797 -0.212975 -0.00204967 0.240693 0.970599 0.880927 0.45977 -0.112155 -2.66462 2.05453 -0.782489</i>
                        <i>-0.473837 0.855162 -0.210183 -0.00056606 0.238382 0.971171 0.880612 0.460296 -0.11247 -2.66459 2.05274 -0.781718</i>
                        <i>-0.473982 0.855716 -0.207582 0.000838551 0.236184 0.971708 0.880534 0.460398 -0.112665 -2.66468 2.05092 -0.780951</i>
                        <i>-0.473642 0.85648 -0.205196 0.00215455 0.234114 0.972207 0.880715 0.460036 -0.112732 -2.66489 2.0491 -0.780199</i>
                    </KeyFrames>
                </p>
            </i>
            <i>
                <p>
                    <Name><![CDATA[spine2]]></Name>
                    <Exclude>0</Exclude>
                    <Additive>0</Additive>
                    <IKPriority>0</IKPriority>
                    <IKRotLimits>-1e+010 -1e+010 -1e+010 1e+010 1e+010 1e+010</IKRotLimits>
                    <IKRotLimitOrder>0</IKRotLimitOrder>
                    <KeyFrames count="61">
                        <i>-0.476668 0.827308 -0.297236 0.0458635 0.361063 0.931413 0.877886 0.430342 -0.210051 -2.74096 2.18671 -0.813295</i>
                        <i>-0.476898 0.828346 -0.293958 0.0474147 0.358196 0.932442 0.877679 0.430742 -0.210099 -2.74106 2.18491 -0.812152</i>
                        <i>-0.476992 0.829296 -0.291114 0.0487667 0.355685 0.933333 0.877554 0.430995 -0.210101 -2.74118 2.18321 -0.811026</i>
                        <i>-0.476954 0.830139 -0.288762 0.0498905 0.35358 0.934073 0.877511 0.431103 -0.210057 -2.74132 2.18159 -0.809932</i>
                        <i>-0.476791 0.830858 -0.286959 0.0507567 0.351933 0.934648 0.87755 0.431066 -0.20997 -2.74147 2.18005 -0.808888</i>
                        <i>-0.476507 0.831433 -0.285764 0.0513354 0.350797 0.935044 0.877671 0.430885 -0.209839 -2.74162 2.17858 -0.807912</i>
                        <i>-0.476107 0.831843 -0.285236 0.0515966 0.350223 0.935244 0.877872 0.43056 -0.209664 -2.74178 2.17718 -0.807019</i>
                        <i>-0.475598 0.832067 -0.285431 0.0515101 0.350264 0.935234 0.878154 0.430092 -0.209444 -2.74195 2.17582 -0.806228</i>
                        <i>-0.474981 0.832083 -0.286409 0.0510459 0.35097 0.934994 0.878514 0.429484 -0.209179 -2.74212 2.17451 -0.805555</i>
                        <i>-0.474261 0.831867 -0.288227 0.0501737 0.352394 0.934506 0.878954 0.428738 -0.208865 -2.74229 2.17324 -0.805018</i>
                        <i>-0.473439 0.83139 -0.290941 0.0488638 0.354586 0.933746 0.87947 0.427855 -0.2085 -2.74245 2.172 -0.804633</i>
                        <i>-0.47253 0.830675 -0.294439 0.0471701 0.35745 0.93274 0.880051 0.426859 -0.208089 -2.74261 2.17079 -0.804392</i>
                        <i>-0.471553 0.829772 -0.298524 0.0451895 0.360818 0.931541 0.880679 0.42578 -0.207642 -2.74277 2.16959 -0.804271</i>
                        <i>-0.470519 0.828692 -0.303121 0.0429575 0.364627 0.930162 0.881344 0.424637 -0.207162 -2.74291 2.16841 -0.804268</i>
                        <i>-0.46944 0.827446 -0.308155 0.0405099 0.368816 0.928619 0.882035 0.423447 -0.206657 -2.74305 2.16724 -0.804379</i>
                        <i>-0.468327 0.826048 -0.313552 0.0378831 0.373322 0.926928 0.882743 0.422227 -0.20613 -2.74317 2.16608 -0.804601</i>
                        <i>-0.467193 0.824511 -0.319238 0.0351139 0.378083 0.925106 0.883458 0.420993 -0.205589 -2.74328 2.16491 -0.804931</i>
                        <i>-0.466051 0.822851 -0.325135 0.0322393 0.383035 0.923171 0.884171 0.419762 -0.205042 -2.74337 2.16374 -0.805365</i>
                        <i>-0.464914 0.821085 -0.33117 0.0292966 0.388116 0.921145 0.884871 0.418551 -0.204496 -2.74344 2.16256 -0.805901</i>
                        <i>-0.463798 0.819233 -0.337268 0.0263236 0.393263 0.919049 0.88555 0.417375 -0.20396 -2.74349 2.16136 -0.806535</i>
                        <i>-0.462718 0.817314 -0.343352 0.0233577 0.398415 0.916908 0.886198 0.416249 -0.203444 -2.74352 2.16014 -0.807264</i>
                        <i>-0.461566 0.815419 -0.349354 0.0204563 0.403492 0.914754 0.88687 0.415073 -0.202919 -2.74354 2.15993 -0.808085</i>
                        <i>-0.46025 0.813632 -0.355208 0.01767 0.40842 0.912623 0.887613 0.413758 -0.202352 -2.74357 2.16124 -0.808995</i>
                        <i>-0.458803 0.811965 -0.36085 0.0150266 0.413148 0.91054 0.888411 0.412336 -0.201755 -2.74361 2.1633 -0.809991</i>
                        <i>-0.45726 0.810432 -0.366214 0.0125535 0.417626 0.908532 0.889244 0.410838 -0.201138 -2.74365 2.16558 -0.811115</i>
                        <i>-0.455655 0.809048 -0.37124 0.0102771 0.421804 0.906629 0.890097 0.409295 -0.200512 -2.7437 2.16807 -0.812387</i>
                        <i>-0.454025 0.807829 -0.375865 0.00822342 0.425633 0.904859 0.890951 0.407737 -0.199891 -2.74374 2.17075 -0.813776</i>
                        <i>-0.452403 0.806789 -0.380029 0.00641777 0.429065 0.903251 0.891791 0.406194 -0.199288 -2.74379 2.17356 -0.815253</i>
                        <i>-0.450825 0.805947 -0.383673 0.00488472 0.432053 0.901835 0.892599 0.404696 -0.198717 -2.74383 2.17647 -0.816784</i>
                        <i>-0.449327 0.805319 -0.386739 0.0036482 0.434551 0.90064 0.89336 0.403271 -0.198193 -2.74387 2.17946 -0.81834</i>
                        <i>-0.447941 0.80492 -0.389169 0.00273164 0.436512 0.899694 0.894059 0.401947 -0.19773 -2.7439 2.18248 -0.819889</i>
                        <i>-0.446702 0.804767 -0.390907 0.00215787 0.43789 0.899026 0.89468 0.400753 -0.197343 -2.74393 2.1855 -0.8214</i>
                        <i>-0.445643 0.804873 -0.391895 0.00194944 0.43864 0.898661 0.895209 0.399718 -0.197046 -2.74395 2.18849 -0.822842</i>
                        <i>-0.444794 0.805254 -0.392078 0.00212856 0.438715 0.898624 0.89563 0.398868 -0.196852 -2.74396 2.19141 -0.824184</i>
                        <i>-0.444165 0.805842 -0.391582 0.00262471 0.438229 0.89886 0.895941 0.398214 -0.196761 -2.74396 2.19422 -0.825425</i>
                        <i>-0.443756 0.806545 -0.390597 0.00333603 0.437345 0.899288 0.896142 0.397761 -0.196765 -2.74394 2.19687 -0.826575</i>
                        <i>-0.443584 0.807335 -0.389158 0.00423815 0.436099 0.899889 0.896223 0.397527 -0.196868 -2.7439 2.19932 -0.827618</i>
                        <i>-0.443668 0.808181 -0.3873 0.00530685 0.434524 0.900644 0.896176 0.397532 -0.197073 -2.74384 2.20155 -0.828538</i>
                        <i>-0.444025 0.809055 -0.38506 0.00651822 0.432652 0.901537 0.895991 0.397795 -0.197382 -2.74376 2.2035 -0.82932</i>
                        <i>-0.444674 0.809927 -0.38247 0.00784866 0.430517 0.902548 0.895658 0.398338 -0.197797 -2.74366 2.20515 -0.829949</i>
                        <i>-0.445633 0.810766 -0.379565 0.009275 0.428151 0.90366 0.895168 0.39918 -0.198318 -2.74352 2.20645 -0.830407</i>
                        <i>-0.446857 0.811581 -0.37637 0.010791 0.42557 0.904861 0.89454 0.400282 -0.198927 -2.74337 2.20735 -0.83068</i>
                        <i>-0.448273 0.812397 -0.37291 0.012399 0.422785 0.906145 0.893811 0.401577 -0.199596 -2.7432 2.20789 -0.830753</i>
                        <i>-0.449854 0.813212 -0.369212 0.014089 0.419814 0.907501 0.892991 0.403041 -0.200312 -2.74301 2.20816 -0.830608</i>
                        <i>-0.451572 0.814025 -0.365303 0.0158511 0.416679 0.908915 0.892094 0.40465 -0.201064 -2.74282 2.20817 -0.830271</i>
                        <i>-0.453402 0.814834 -0.361211 0.0176756 0.4134 0.910378 0.891131 0.406382 -0.201839 -2.74262 2.20794 -0.829783</i>
                        <i>-0.455316 0.815638 -0.356963 0.0195527 0.409997 0.911877 0.890115 0.408213 -0.202626 -2.74242 2.20748 -0.829157</i>
                        <i>-0.457289 0.816436 -0.352588 0.0214728 0.406491 0.913402 0.889059 0.410118 -0.203415 -2.74222 2.20682 -0.828407</i>
                        <i>-0.459294 0.81723 -0.348114 0.0234262 0.402902 0.914943 0.887975 0.412073 -0.204195 -2.74202 2.20596 -0.827545</i>
                        <i>-0.461307 0.81802 -0.343568 0.0254033 0.399251 0.916489 0.886877 0.414055 -0.204958 -2.74183 2.20492 -0.826586</i>
                        <i>-0.4633 0.818807 -0.33898 0.0273944 0.395559 0.918032 0.885778 0.416038 -0.205693 -2.74164 2.20373 -0.825541</i>
                        <i>-0.46525 0.819594 -0.334378 0.0293896 0.391846 0.919562 0.884692 0.417998 -0.206394 -2.74147 2.20239 -0.824425</i>
                        <i>-0.467129 0.820383 -0.329791 0.0313791 0.388133 0.921069 0.883632 0.41991 -0.207051 -2.74131 2.20093 -0.82325</i>
                        <i>-0.468915 0.821178 -0.325248 0.0333529 0.384443 0.922546 0.882613 0.421747 -0.207659 -2.74117 2.19935 -0.822029</i>
                        <i>-0.47058 0.821982 -0.32078 0.0353009 0.380796 0.923985 0.881651 0.423485 -0.208212 -2.74105 2.19769 -0.820775</i>
                        <i>-0.472101 0.822801 -0.316416 0.0372129 0.377214 0.925378 0.880759 0.425097 -0.208702 -2.74095 2.19595 -0.819501</i>
                        <i>-0.473453 0.82364 -0.312186 0.0390784 0.37372 0.926718 0.879952 0.426557 -0.209125 -2.74089 2.19415 -0.818221</i>
                        <i>-0.47461 0.824503 -0.308123 0.040887 0.370335 0.927998 0.879246 0.427839 -0.209476 -2.74085 2.19231 -0.816947</i>
                        <i>-0.475548 0.825398 -0.304255 0.042628 0.367082 0.929211 0.878656 0.428915 -0.20975 -2.74085 2.19044 -0.815693</i>
                        <i>-0.476243 0.826331 -0.300616 0.0442905 0.363984 0.930351 0.878198 0.429758 -0.209943 -2.74088 2.18857 -0.814471</i>
                        <i>-0.476668 0.827308 -0.297236 0.0458635 0.361063 0.931413 0.877886 0.430342 -0.210051 -2.74096 2.18671 -0.813295</i>
                    </KeyFrames>
                </p>
            </i>
            <i>
                <p>
                    <Name><![CDATA[head]]></Name>
                    <Exclude>0</Exclude>
                    <Additive>0</Additive>
                    <IKPriority>0</IKPriority>
                    <IKRotLimits>-1e+010 -1e+010 -1e+010 1e+010 1e+010 1e+010</IKRotLimits>
                    <IKRotLimitOrder>0</IKRotLimitOrder>
                    <KeyFrames count="61">
                        <i>-0.45107 0.870012 -0.199037 -0.386016 0.0108933 0.922428 0.804691 0.492911 0.330925 -2.88102 2.39187 -0.887256</i>
                        <i>-0.45112 0.870794 -0.19547 -0.384442 0.00805236 0.923114 0.805416 0.491582 0.331138 -2.8811 2.3902 -0.885193</i>
                        <i>-0.451159 0.871472 -0.192332 -0.383058 0.00555178 0.923708 0.806054 0.490413 0.33132 -2.88117 2.3886 -0.883253</i>
                        <i>-0.451189 0.872038 -0.189681 -0.381889 0.00343934 0.924202 0.806591 0.489426 0.33147 -2.88123 2.38704 -0.88147</i>
                        <i>-0.45121 0.872482 -0.187577 -0.380961 0.00176258 0.924589 0.807018 0.488644 0.331587 -2.88127 2.38551 -0.879875</i>
                        <i>-0.451224 0.872795 -0.18608 -0.380301 0.000569215 0.924862 0.807321 0.488087 0.331668 -2.8813 2.38401 -0.878502</i>
                        <i>-0.451232 0.872968 -0.185248 -0.379935 -9.34777e-005 0.925013 0.80749 0.487778 0.331713 -2.88132 2.38253 -0.877383</i>
                        <i>-0.451233 0.87299 -0.185142 -0.379888 -0.00017821 0.925032 0.807511 0.487738 0.331719 -2.88132 2.38104 -0.876549</i>
                        <i>-0.451227 0.872849 -0.185819 -0.380187 0.000361843 0.92491 0.807374 0.48799 0.331682 -2.88131 2.37955 -0.876034</i>
                        <i>-0.451212 0.872532 -0.187339 -0.380857 0.0015731 0.924633 0.807066 0.488555 0.3316 -2.88128 2.37804 -0.875869</i>
                        <i>-0.451188 0.872021 -0.189759 -0.381923 0.00350159 0.924187 0.806575 0.489455 0.331465 -2.88123 2.3765 -0.876085</i>
                        <i>-0.451151 0.871335 -0.192969 -0.383339 0.00605987 0.923588 0.805924 0.49065 0.331283 -2.88116 2.37493 -0.876646</i>
                        <i>-0.451102 0.870509 -0.196777 -0.385019 0.00909296 0.922864 0.805151 0.492068 0.33106 -2.88107 2.37334 -0.877479</i>
                        <i>-0.451038 0.869551 -0.201111 -0.386931 0.0125449 0.922023 0.804269 0.493684 0.330798 -2.88098 2.37173 -0.878563</i>
                        <i>-0.450958 0.86847 -0.205903 -0.389047 0.0163602 0.921073 0.803293 0.495471 0.330498 -2.88087 2.3701 -0.879877</i>
                        <i>-0.45086 0.867277 -0.211084 -0.391335 0.0204828 0.920021 0.802236 0.497405 0.33016 -2.88074 2.36845 -0.881401</i>
                        <i>-0.450743 0.865981 -0.216582 -0.393764 0.0248573 0.918875 0.801112 0.499459 0.329788 -2.88061 2.36679 -0.883114</i>
                        <i>-0.450606 0.864594 -0.22233 -0.396305 0.0294282 0.917647 0.799935 0.501608 0.329383 -2.88046 2.36511 -0.884994</i>
