<?xml version="1.0" encoding="ISO-8859-1" ?>
<Animl Version="1">
    <ModellingPackage><![CDATA[Maya.2010]]></ModellingPackage>
    <SrcFile><![CDATA[anims\turrets\special\blue\~src\flamelube\flamelube_fire_crewmanb.mb]]></SrcFile>
    <FramesPerSecond>30</FramesPerSecond>
    <TotalFrames>61</TotalFrames>
    <Skeleton>
        <RefFrame>
            <Name><![CDATA[soldier_ref_frame]]></Name>
            <Exclude>0</Exclude>
            <Additive>0</Additive>
            <IKPriority>0</IKPriority>
            <IKRotLimits>-1e+010 -1e+010 -1e+010 1e+010 1e+010 1e+010</IKRotLimits>
            <IKRotLimitOrder>0</IKRotLimitOrder>
            <KeyFrames count="61">
                <i>1 0 0 0 1 0 0 0 1 0 0.9 1.35</i>
                <i>1 0 0 0 1 0 0 0 1 0 0.9 1.35</i>
                <i>1 0 0 0 1 0 0 0 1 0 0.9 1.35</i>
                <i>1 0 0 0 1 0 0 0 1 0 0.9 1.35</i>
                <i>1 0 0 0 1 0 0 0 1 0 0.9 1.35</i>
                <i>1 0 0 0 1 0 0 0 1 0 0.9 1.35</i>
                <i>1 0 0 0 1 0 0 0 1 0 0.9 1.35</i>
                <i>1 0 0 0 1 0 0 0 1 0 0.9 1.35</i>
                <i>1 0 0 0 1 0 0 0 1 0 0.9 1.35</i>
                <i>1 0 0 0 1 0 0 0 1 0 0.9 1.35</i>
                <i>1 0 0 0 1 0 0 0 1 0 0.9 1.35</i>
                <i>1 0 0 0 1 0 0 0 1 0 0.9 1.35</i>
                <i>1 0 0 0 1 0 0 0 1 0 0.9 1.35</i>
                <i>1 0 0 0 1 0 0 0 1 0 0.9 1.35</i>
                <i>1 0 0 0 1 0 0 0 1 0 0.9 1.35</i>
                <i>1 0 0 0 1 0 0 0 1 0 0.9 1.35</i>
                <i>1 0 0 0 1 0 0 0 1 0 0.9 1.35</i>
                <i>1 0 0 0 1 0 0 0 1 0 0.9 1.35</i>
                <i>1 0 0 0 1 0 0 0 1 0 0.9 1.35</i>
                <i>1 0 0 0 1 0 0 0 1 0 0.9 1.35</i>
                <i>1 0 0 0 1 0 0 0 1 0 0.9 1.35</i>
                <i>1 0 0 0 1 0 0 0 1 0 0.9 1.35</i>
                <i>1 0 0 0 1 0 0 0 1 0 0.9 1.35</i>
                <i>1 0 0 0 1 0 0 0 1 0 0.9 1.35</i>
                <i>1 0 0 0 1 0 0 0 1 0 0.9 1.35</i>
                <i>1 0 0 0 1 0 0 0 1 0 0.9 1.35</i>
                <i>1 0 0 0 1 0 0 0 1 0 0.9 1.35</i>
                <i>1 0 0 0 1 0 0 0 1 0 0.9 1.35</i>
                <i>1 0 0 0 1 0 0 0 1 0 0.9 1.35</i>
                <i>1 0 0 0 1 0 0 0 1 0 0.9 1.35</i>
                <i>1 0 0 0 1 0 0 0 1 0 0.9 1.35</i>
                <i>1 0 0 0 1 0 0 0 1 0 0.9 1.35</i>
                <i>1 0 0 0 1 0 0 0 1 0 0.9 1.35</i>
                <i>1 0 0 0 1 0 0 0 1 0 0.9 1.35</i>
                <i>1 0 0 0 1 0 0 0 1 0 0.9 1.35</i>
                <i>1 0 0 0 1 0 0 0 1 0 0.9 1.35</i>
                <i>1 0 0 0 1 0 0 0 1 0 0.9 1.35</i>
                <i>1 0 0 0 1 0 0 0 1 0 0.9 1.35</i>
                <i>1 0 0 0 1 0 0 0 1 0 0.9 1.35</i>
                <i>1 0 0 0 1 0 0 0 1 0 0.9 1.35</i>
                <i>1 0 0 0 1 0 0 0 1 0 0.9 1.35</i>
                <i>1 0 0 0 1 0 0 0 1 0 0.9 1.35</i>
                <i>1 0 0 0 1 0 0 0 1 0 0.9 1.35</i>
                <i>1 0 0 0 1 0 0 0 1 0 0.9 1.35</i>
                <i>1 0 0 0 1 0 0 0 1 0 0.9 1.35</i>
                <i>1 0 0 0 1 0 0 0 1 0 0.9 1.35</i>
                <i>1 0 0 0 1 0 0 0 1 0 0.9 1.35</i>
                <i>1 0 0 0 1 0 0 0 1 0 0.9 1.35</i>
                <i>1 0 0 0 1 0 0 0 1 0 0.9 1.35</i>
                <i>1 0 0 0 1 0 0 0 1 0 0.9 1.35</i>
                <i>1 0 0 0 1 0 0 0 1 0 0.9 1.35</i>
                <i>1 0 0 0 1 0 0 0 1 0 0.9 1.35</i>
                <i>1 0 0 0 1 0 0 0 1 0 0.9 1.35</i>
                <i>1 0 0 0 1 0 0 0 1 0 0.9 1.35</i>
                <i>1 0 0 0 1 0 0 0 1 0 0.9 1.35</i>
                <i>1 0 0 0 1 0 0 0 1 0 0.9 1.35</i>
                <i>1 0 0 0 1 0 0 0 1 0 0.9 1.35</i>
                <i>1 0 0 0 1 0 0 0 1 0 0.9 1.35</i>
                <i>1 0 0 0 1 0 0 0 1 0 0.9 1.35</i>
                <i>1 0 0 0 1 0 0 0 1 0 0.9 1.35</i>
                <i>1 0 0 0 1 0 0 0 1 0 0.9 1.35</i>
            </KeyFrames>
        </RefFrame>
        <Bones count="23">
            <i>
                <p>
                    <Name><![CDATA[pelvis]]></Name>
                    <Exclude>0</Exclude>
                    <Additive>0</Additive>
                    <IKPriority>0</IKPriority>
                    <IKRotLimits>-1e+010 -1e+010 -1e+010 1e+010 1e+010 1e+010</IKRotLimits>
                    <IKRotLimitOrder>2</IKRotLimitOrder>
                    <KeyFrames count="61">
                        <i>1 0 0 0 1 0 0 0 1 0.29849 1.67103 1.27873</i>
                        <i>1 0 0 0 1 0 0 0 1 0.288925 1.66688 1.27933</i>
                        <i>1 0 0 0 1 0 0 0 1 0.279865 1.66227 1.28</i>
                        <i>1 0 0 0 1 0 0 0 1 0.271316 1.6574 1.2807</i>
                        <i>1 0 0 0 1 0 0 0 1 0.263286 1.65246 1.28142</i>
                        <i>1 0 0 0 1 0 0 0 1 0.255785 1.64765 1.28214</i>
                        <i>1 0 0 0 1 0 0 0 1 0.248823 1.64317 1.28284</i>
                        <i>1 0 0 0 1 0 0 0 1 0.242411 1.63923 1.28351</i>
                        <i>1 0 0 0 1 0 0 0 1 0.236562 1.636 1.28415</i>
                        <i>1 0 0 0 1 0 0 0 1 0.231287 1.63371 1.28473</i>
                        <i>1 0 0 0 1 0 0 0 1 0.2266 1.63254 1.28526</i>
                        <i>1 0 0 0 1 0 0 0 1 0.222514 1.6326 1.28572</i>
                        <i>1 0 0 0 1 0 0 0 1 0.219042 1.63375 1.28612</i>
                        <i>1 0 0 0 1 0 0 0 1 0.216199 1.63578 1.28644</i>
                        <i>1 0 0 0 1 0 0 0 1 0.213998 1.63847 1.28667</i>
                        <i>1 0 0 0 1 0 0 0 1 0.21245 1.64162 1.28681</i>
                        <i>1 0 0 0 1 0 0 0 1 0.211569 1.64502 1.28686</i>
                        <i>1 0 0 0 1 0 0 0 1 0.211789 1.64846 1.28677</i>
                        <i>1 0 0 0 1 0 0 0 1 0.213456 1.65174 1.28656</i>
                        <i>1 0 0 0 1 0 0 0 1 0.216429 1.65465 1.28624</i>
                        <i>1 0 0 0 1 0 0 0 1 0.220599 1.65698 1.28582</i>
                        <i>1 0 0 0 1 0 0 0 1 0.225861 1.65852 1.28529</i>
                        <i>1 0 0 0 1 0 0 0 1 0.232106 1.65906 1.28467</i>
                        <i>1 0 0 0 1 0 0 0 1 0.239226 1.65867 1.28396</i>
                        <i>1 0 0 0 1 0 0 0 1 0.247114 1.65761 1.28315</i>
                        <i>1 0 0 0 1 0 0 0 1 0.255664 1.65598 1.28227</i>
                        <i>1 0 0 0 1 0 0 0 1 0.264767 1.6539 1.2813</i>
                        <i>1 0 0 0 1 0 0 0 1 0.274318 1.65148 1.28027</i>
                        <i>1 0 0 0 1 0 0 0 1 0.284211 1.64881 1.27918</i>
                        <i>1 0 0 0 1 0 0 0 1 0.29434 1.64602 1.27804</i>
                        <i>1 0 0 0 1 0 0 0 1 0.3046 1.6432 1.27685</i>
                        <i>1 0 0 0 1 0 0 0 1 0.314887 1.64047 1.27565</i>
                        <i>1 0 0 0 1 0 0 0 1 0.3251 1.63793 1.27443</i>
                        <i>1 0 0 0 1 0 0 0 1 0.335134 1.63569 1.27322</i>
                        <i>1 0 0 0 1 0 0 0 1 0.344889 1.63387 1.27203</i>
                        <i>1 0 0 0 1 0 0 0 1 0.354264 1.63256 1.27088</i>
                        <i>1 0 0 0 1 0 0 0 1 0.363159 1.63187 1.2698</i>
                        <i>1 0 0 0 1 0 0 0 1 0.371475 1.63192 1.26879</i>
                        <i>1 0 0 0 1 0 0 0 1 0.379115 1.63285 1.26788</i>
                        <i>1 0 0 0 1 0 0 0 1 0.38598 1.63466 1.2671</i>
                        <i>1 0 0 0 1 0 0 0 1 0.391972 1.63719 1.26646</i>
                        <i>1 0 0 0 1 0 0 0 1 0.396995 1.64032 1.266</i>
                        <i>1 0 0 0 1 0 0 0 1 0.400948 1.64389 1.26572</i>
                        <i>1 0 0 0 1 0 0 0 1 0.403758 1.64777 1.26564</i>
                        <i>1 0 0 0 1 0 0 0 1 0.405373 1.65182 1.26574</i>
                        <i>1 0 0 0 1 0 0 0 1 0.405738 1.65589 1.26602</i>
                        <i>1 0 0 0 1 0 0 0 1 0.404796 1.65985 1.26645</i>
                        <i>1 0 0 0 1 0 0 0 1 0.402353 1.66355 1.26704</i>
                        <i>1 0 0 0 1 0 0 0 1 0.398376 1.66685 1.26777</i>
                        <i>1 0 0 0 1 0 0 0 1 0.393048 1.66962 1.26862</i>
                        <i>1 0 0 0 1 0 0 0 1 0.386553 1.6717 1.26956</i>
                        <i>1 0 0 0 1 0 0 0 1 0.379075 1.67331 1.27056</i>
                        <i>1 0 0 0 1 0 0 0 1 0.370799 1.6747 1.2716</i>
                        <i>1 0 0 0 1 0 0 0 1 0.361911 1.67581 1.27266</i>
                        <i>1 0 0 0 1 0 0 0 1 0.352597 1.67658 1.2737</i>
                        <i>1 0 0 0 1 0 0 0 1 0.343047 1.67696 1.27471</i>
                        <i>1 0 0 0 1 0 0 0 1 0.333451 1.6769 1.27567</i>
                        <i>1 0 0 0 1 0 0 0 1 0.324003 1.67633 1.27656</i>
                        <i>1 0 0 0 1 0 0 0 1 0.314896 1.6752 1.27738</i>
                        <i>1 0 0 0 1 0 0 0 1 0.306326 1.67345 1.2781</i>
                        <i>1 0 0 0 1 0 0 0 1 0.29849 1.67103 1.27873</i>
                    </KeyFrames>
                </p>
            </i>
            <i>
                <p>
                    <Name><![CDATA[spine0]]></Name>
                    <Exclude>0</Exclude>
                    <Additive>0</Additive>
                    <IKPriority>0</IKPriority>
                    <IKRotLimits>-1e+010 -1e+010 -1e+010 1e+010 1e+010 1e+010</IKRotLimits>
                    <IKRotLimitOrder>0</IKRotLimitOrder>
                    <KeyFrames count="61">
                        <i>0.0339011 0.999422 -0.00262723 -0.74709 0.0235955 -0.664304 -0.663858 0.0244834 0.747458 0.335572 1.7797 1.19206</i>
                        <i>0.0380936 0.99924 -0.00832088 -0.741795 0.0226979 -0.670243 -0.669544 0.0317043 0.742095 0.327545 1.77568 1.1935</i>
                        <i>0.0436075 0.998946 -0.0143259 -0.736273 0.0224419 -0.676313 -0.675278 0.04004 0.736475 0.320059 1.7712 1.19505</i>
                        <i>0.0494392 0.998582 -0.0197665 -0.730631 0.0226654 -0.682397 -0.680981 0.0481792 0.730715 0.313098 1.76645 1.19669</i>
                        <i>0.0545777 0.998225 -0.0238373 -0.724979 0.0231998 -0.68838 -0.686605 0.0548517 0.724958 0.306647 1.76163 1.19837</i>
                        <i>0.0579992 0.997983 -0.0257969 -0.719435 0.0238678 -0.694149 -0.692134 0.0588193 0.719369 0.300693 1.75694 1.20006</i>
                        <i>0.0600224 0.997856 -0.0260994 -0.714076 0.0246534 -0.699634 -0.697491 0.0606306 0.714024 0.295224 1.75257 1.20174</i>
                        <i>0.0616438 0.997767 -0.0257254 -0.708956 0.025629 -0.704787 -0.702554 0.061684 0.708952 0.290231 1.74871 1.20338</i>
                        <i>0.0628396 0.997716 -0.0247614 -0.704164 0.0267414 -0.709533 -0.707251 0.062023 0.704237 0.285706 1.74558 1.20493</i>
                        <i>0.0635896 0.997704 -0.0232917 -0.699794 0.0279381 -0.713799 -0.711509 0.0616896 0.699964 0.281642 1.74336 1.20639</i>
                        <i>0.0638775 0.997728 -0.0213978 -0.695935 0.0291677 -0.717512 -0.715258 0.0607243 0.696217 0.278034 1.74225 1.20771</i>
                        <i>0.0636917 0.997786 -0.0191573 -0.692682 0.0303805 -0.720603 -0.718426 0.0591663 0.693083 0.274877 1.74237 1.20887</i>
                        <i>0.0630252 0.997873 -0.0166439 -0.690125 0.0315287 -0.723003 -0.720941 0.0570538 0.690644 0.272166 1.74356 1.20985</i>
                        <i>0.0618756 0.997987 -0.013926 -0.688355 0.0325666 -0.724642 -0.72273 0.0544237 0.688984 0.269897 1.74561 1.21062</i>
                        <i>0.060245 0.998122 -0.0110667 -0.687461 0.0334506 -0.72545 -0.723718 0.0513126 0.688186 0.268065 1.74833 1.21115</i>
                        <i>0.0581398 0.998275 -0.00812245 -0.687529 0.0341401 -0.725354 -0.723826 0.0477564 0.688328 0.266662 1.75149 1.21141</i>
                        <i>0.0555707 0.998442 -0.00514325 -0.68864 0.0345969 -0.724278 -0.722971 0.0437904 0.689489 0.265682 1.75489 1.21138</i>
                        <i>0.0525526 0.998616 -0.00214874 -0.690558 0.0347864 -0.72244 -0.721366 0.03945 0.69143 0.26557 1.75833 1.21105</i>
                        <i>0.0492397 0.998787 0.00080509 -0.692964 0.0347433 -0.720135 -0.719289 0.0349013 0.693834 0.266708 1.76159 1.21044</i>
                        <i>0.0458893 0.99894 0.00360831 -0.695815 0.0345557 -0.717389 -0.716754 0.0304098 0.696663 0.268976 1.76447 1.20959</i>
                        <i>0.0426709 0.99907 0.00617396 -0.699063 0.0342712 -0.714238 -0.713786 0.0261612 0.699876 0.27228 1.76675 1.20852</i>
                        <i>0.039752 0.999174 0.00840831 -0.702662 0.0339362 -0.710714 -0.710413 0.0223441 0.70343 0.276525 1.76824 1.20725</i>
                        <i>0.0374733 0.999247 0.0100689 -0.706557 0.0336197 -0.706857 -0.706663 0.019374 0.707285 0.281614 1.76872 1.2058</i>
                        <i>0.0359791 0.999291 0.0110514 -0.710706 0.0333599 -0.702698 -0.702569 0.0174282 0.711403 0.287454 1.76825 1.20419</i>
                        <i>0.0351375 0.999317 0.0114659 -0.715076 0.0331548 -0.69826 -0.698163 0.0163362 0.715752 0.293949 1.76709 1.20243</i>
                        <i>0.0348159 0.999328 0.0114255 -0.719635 0.0330013 -0.693568 -0.693479 0.015925 0.720301 0.301005 1.76536 1.20055</i>
                        <i>0.0348827 0.99933 0.0110463 -0.724353 0.0328964 -0.688645 -0.688547 0.0160203 0.725015 0.308529 1.76315 1.19857</i>
                        <i>0.0352098 0.999325 0.0104475 -0.729197 0.0328381 -0.683516 -0.683398 0.0164481 0.729861 0.316428 1.76059 1.19651</i>
                        <i>0.0356737 0.999316 0.00975126 -0.734136 0.0328252 -0.678208 -0.678064 0.0170354 0.734805 0.324612 1.75778 1.19438</i>
                        <i>0.0361563 0.999305 0.00908294 -0.73914 0.032858 -0.672749 -0.67258 0.0176106 0.739815 0.33299 1.75482 1.19222</i>
                        <i>0.0365449 0.999295 0.00857113 -0.744178 0.0329375 -0.667169 -0.666981 0.0180032 0.744857 0.341473 1.75183 1.19004</i>
                        <i>0.0367322 0.99929 0.00834811 -0.749217 0.0330661 -0.661498 -0.661305 0.0180437 0.7499 0.349974 1.74891 1.18787</i>
                        <i>0.0366151 0.999293 0.00854941 -0.754229 0.0332461 -0.655769 -0.655589 0.0175628 0.754913 0.358406 1.74618 1.18573</i>
                        <i>0.0360942 0.999305 0.00931454 -0.759184 0.03348 -0.650015 -0.649875 0.0163903 0.759865 0.366685 1.74376 1.18365</i>
                        <i>0.0350721 0.999327 0.0107865 -0.764052 0.0337691 -0.64427 -0.6442 0.0143545 0.764722 0.374726 1.74174 1.18164</i>
                        <i>0.0334518 0.999354 0.0131123 -0.768807 0.0341131 -0.63857 -0.638605 0.0112805 0.769452 0.382447 1.74024 1.17974</i>
                        <i>0.0314375 0.999376 0.0161161 -0.773415 0.0345366 -0.632958 -0.63312 0.00743414 0.774018 0.389766 1.73937 1.17797</i>
                        <i>0.0293671 0.999379 0.0194558 -0.777842 0.0350728 -0.62748 -0.627773 0.00329377 0.778389 0.396603 1.73925 1.17635</i>
                        <i>0.0273395 0.999361 0.0230258 -0.782061 0.0357301 -0.622177 -0.622602 -0.000997538 0.782538 0.402879 1.74003 1.17491</i>
                        <i>0.025449 0.999319 0.026715 -0.786045 0.0365145 -0.617089 -0.617645 -0.00529484 0.786439 0.408514 1.74171 1.17367</i>
                        <i>0.023786 0.999255 0.030407 -0.789771 0.0374303 -0.612259 -0.612941 -0.00945135 0.790073 0.413429 1.74414 1.17266</i>
                        <i>0.0224378 0.999171 0.0339816 -0.793213 0.0384814 -0.607727 -0.60853 -0.0133186 0.793419 0.417547 1.74718 1.1719</i>
                        <i>0.0214754 0.999073 0.0373114 -0.796334 0.0396578 -0.603556 -0.604476 -0.0167507 0.796447 0.420767 1.75071 1.17142</i>
                        <i>0.0208948 0.998968 0.0403208 -0.799089 0.0409242 -0.599818 -0.60085 -0.0196868 0.79912 0.423008 1.75457 1.1712</i>
                        <i>0.0206706 0.998863 0.0429678 -0.801448 0.0422478 -0.59657 -0.597706 -0.022105 0.80141 0.424217 1.75862 1.17122</i>
                        <i>0.0207791 0.998761 0.0452135 -0.803382 0.0435983 -0.593865 -0.595101 -0.0239837 0.803293 0.424342 1.76272 1.17148</i>
                        <i>0.0211985 0.998669 0.0470223 -0.80486 0.0449476 -0.591761 -0.593086 -0.0253019 0.804741 0.423328 1.76673 1.17196</i>
                        <i>0.022249 0.998567 0.0486815 -0.805278 0.0467569 -0.591051 -0.59248 -0.0260518 0.805164 0.421054 1.77049 1.17265</i>
                        <i>0.0239846 0.998448 0.0502616 -0.804232 0.0491344 -0.592281 -0.593831 -0.0262164 0.804163 0.41754 1.77388 1.17358</i>
                        <i>0.0259918 0.998339 0.0514107 -0.801983 0.0515261 -0.59512 -0.59678 -0.0257623 0.801991 0.412941 1.77675 1.17469</i>
                        <i>0.0278704 0.99827 0.0517787 -0.798788 0.0533828 -0.599239 -0.600967 -0.0246591 0.798894 0.407411 1.77895 1.17597</i>
                        <i>0.0292399 0.99827 0.0510126 -0.794904 0.0541642 -0.604313 -0.60603 -0.0228801 0.795112 0.401106 1.78068 1.17738</i>
                        <i>0.0297445 0.998368 0.0487574 -0.790589 0.0533457 -0.610019 -0.611625 -0.0204023 0.790885 0.39418 1.7822 1.17891</i>
                        <i>0.0294995 0.99855 0.0450365 -0.785946 0.0510099 -0.616188 -0.617591 -0.017219 0.786311 0.386789 1.78345 1.18052</i>
                        <i>0.0290143 0.99877 0.0402151 -0.780943 0.0477622 -0.622774 -0.623928 -0.0133363 0.781368 0.379092 1.78437 1.18218</i>
                        <i>0.028538 0.998999 0.0344543 -0.775636 0.0438733 -0.629654 -0.630535 -0.00875497 0.776111 0.371247 1.7849 1.18388</i>
                        <i>0.0283058 0.999209 0.0279193 -0.770089 0.0396056 -0.636706 -0.637309 -0.00347788 0.770601 0.363417 1.78499 1.18559</i>
                        <i>0.0285361 0.999377 0.0207772 -0.764373 0.0352108 -0.643812 -0.644142 0.00249031 0.764902 0.355767 1.78457 1.18728</i>
                        <i>0.0294286 0.99948 0.0131956 -0.758572 0.0309282 -0.650855 -0.650924 0.00914397 0.759088 0.348463 1.78358 1.18894</i>
                        <i>0.0311634 0.9995 0.00534024 -0.752777 0.026985 -0.657722 -0.657537 0.0164769 0.753242 0.341674 1.78198 1.19054</i>
                        <i>0.0339011 0.999422 -0.00262723 -0.74709 0.0235955 -0.664304 -0.663858 0.0244834 0.747458 0.335572 1.7797 1.19206</i>
                    </KeyFrames>
                </p>
            </i>
            <i>
                <p>
                    <Name><![CDATA[spine1]]></Name>
                    <Exclude>0</Exclude>
                    <Additive>0</Additive>
                    <IKPriority>0</IKPriority>
                    <IKRotLimits>-1e+010 -1e+010 -1e+010 1e+010 1e+010 1e+010</IKRotLimits>
                    <IKRotLimitOrder>0</IKRotLimitOrder>
                    <KeyFrames count="61">
                        <i>-0.151998 0.8398 0.521184 -0.572725 0.354924 -0.738928 -0.805533 -0.410811 0.427027 0.342055 1.9687 1.19148</i>
                        <i>-0.155178 0.848036 0.50671 -0.569516 0.342312 -0.747311 -0.807199 -0.404546 0.429851 0.334801 1.96419 1.19185</i>
                        <i>-0.155647 0.856996 0.491255 -0.565487 0.330462 -0.755659 -0.809938 -0.395414 0.433185 0.328333 1.95917 1.19228</i>
                        <i>-0.155836 0.86527 0.476468 -0.561065 0.319458 -0.763644 -0.81297 -0.386333 0.43569 0.322446 1.95388 1.19291</i>
                        <i>-0.158311 0.871563 0.46402 -0.556664 0.309361 -0.770987 -0.815514 -0.38036 0.436193 0.316936 1.94859 1.19383</i>
                        <i>-0.165749 0.87464 0.455558 -0.552673 0.300202 -0.777451 -0.816749 -0.380636 0.433632 0.311603 1.94353 1.19517</i>
                        <i>-0.176991 0.875137 0.450343 -0.549034 0.291966 -0.783146 -0.816845 -0.385864 0.428805 0.306498 1.9389 1.1968</i>
                        <i>-0.188907 0.874602 0.446526 -0.545491 0.284643 -0.7883 -0.81655 -0.392492 0.423317 0.301795 1.93484 1.19851</i>
                        <i>-0.201262 0.873114 0.444034 -0.542127 0.278266 -0.792885 -0.815838 -0.400301 0.417334 0.297482 1.93153 1.20026</i>
                        <i>-0.213814 0.870753 0.442802 -0.539025 0.272869 -0.796865 -0.8147 -0.409062 0.411014 0.29355 1.92917 1.20199</i>
                        <i>-0.226313 0.867602 0.442775 -0.536274 0.268492 -0.800202 -0.813138 -0.418545 0.404509 0.289989 1.92797 1.20366</i>
                        <i>-0.238498 0.863749 0.443911 -0.533962 0.265175 -0.802849 -0.811174 -0.428509 0.397965 0.286793 1.92803 1.20525</i>
                        <i>-0.250102 0.85929 0.446172 -0.53218 0.262963 -0.804758 -0.808847 -0.438715 0.39153 0.283955 1.9292 1.20669</i>
                        <i>-0.260846 0.854331 0.449531 -0.531019 0.2619 -0.805871 -0.806212 -0.448917 0.38535 0.281472 1.93127 1.20797</i>
                        <i>-0.270444 0.848987 0.453962 -0.530566 0.262032 -0.806126 -0.803343 -0.458869 0.379578 0.279339 1.93404 1.20903</i>
                        <i>-0.278601 0.843382 0.459443 -0.530907 0.263403 -0.805454 -0.800324 -0.468322 0.374373 0.277549 1.9373 1.20984</i>
                        <i>-0.285012 0.837653 0.465947 -0.53212 0.266052 -0.803781 -0.797255 -0.477027 0.369904 0.276096 1.94084 1.21036</i>
                        <i>-0.289568 0.831941 0.473312 -0.533929 0.270014 -0.801256 -0.794399 -0.484734 0.36601 0.275431 1.94446 1.21059</i>
                        <i>-0.292184 0.826471 0.481222 -0.535971 0.275227 -0.798113 -0.792063 -0.491117 0.362548 0.275962 1.94795 1.21053</i>
                        <i>-0.292593 0.821525 0.489374 -0.53819 0.281541 -0.79441 -0.790406 -0.495815 0.359759 0.277616 1.95108 1.2102</i>
                        <i>-0.290574 0.817336 0.497522 -0.540511 0.288845 -0.7902 -0.789566 -0.498527 0.357848 0.28033 1.95365 1.20961</i>
                        <i>-0.285916 0.814132 0.505411 -0.542855 0.297021 -0.785549 -0.789659 -0.498966 0.357032 0.284041 1.95543 1.20876</i>
                        <i>-0.277965 0.812428 0.512539 -0.545088 0.30594 -0.780564 -0.790958 -0.496348 0.357804 0.288715 1.9562 1.20762</i>
                        <i>-0.266563 0.812379 0.518638 -0.547124 0.31546 -0.775332 -0.793473 -0.490434 0.360382 0.294285 1.95602 1.20619</i>
                        <i>-0.252241 0.81364 0.523798 -0.548957 0.325447 -0.76989 -0.796882 -0.48174 0.364563 0.300632 1.95515 1.20451</i>
                        <i>-0.235524 0.815861 0.528109 -0.550586 0.335772 -0.764272 -0.800864 -0.470774 0.37012 0.307638 1.9537 1.20263</i>
                        <i>-0.216937 0.818696 0.531672 -0.552019 0.346315 -0.758512 -0.805117 -0.458042 0.376808 0.315185 1.95178 1.20058</i>
                        <i>-0.197003 0.821821 0.534602 -0.553272 0.35697 -0.752637 -0.80937 -0.444052 0.384367 0.323157 1.9495 1.1984</i>
                        <i>-0.176246 0.82494 0.537039 -0.55437 0.367643 -0.746668 -0.813395 -0.429315 0.392526 0.331439 1.94697 1.19615</i>
                        <i>-0.155191 0.827791 0.539145 -0.555347 0.378254 -0.740617 -0.81701 -0.414349 0.40101 0.33992 1.94429 1.19386</i>
                        <i>-0.134358 0.830149 0.541111 -0.556245 0.388732 -0.734492 -0.820085 -0.399675 0.409537 0.348488 1.94159 1.19159</i>
                        <i>-0.114265 0.831822 0.543154 -0.557115 0.399021 -0.728289 -0.822537 -0.385817 0.417826 0.357036 1.93897 1.18937</i>
                        <i>-0.0954236 0.832651 0.545514 -0.558012 0.409071 -0.722 -0.824328 -0.373299 0.425595 0.365458 1.93656 1.18727</i>
                        <i>-0.078334 0.832502 0.548456 -0.558999 0.418844 -0.715604 -0.82546 -0.362642 0.432559 0.373649 1.93446 1.18534</i>
                        <i>-0.0634859 0.831253 0.552257 -0.560143 0.428308 -0.709078 -0.82596 -0.354359 0.438429 0.381508 1.93279 1.18361</i>
                        <i>-0.0513559 0.828783 0.557208 -0.561513 0.437437 -0.70239 -0.825872 -0.348952 0.442908 0.388933 1.93167 1.18216</i>
                        <i>-0.041563 0.825389 0.563033 -0.563067 0.446162 -0.695626 -0.825365 -0.345937 0.446205 0.395879 1.9312 1.18097</i>
                        <i>-0.0333413 0.82154 0.569175 -0.564704 0.45439 -0.68894 -0.824619 -0.344386 0.448777 0.402331 1.93146 1.17999</i>
                        <i>-0.0265845 0.817361 0.575512 -0.566413 0.462064 -0.682402 -0.823692 -0.344119 0.450681 0.408228 1.93261 1.17924</i>
                        <i>-0.0211939 0.81297 0.581919 -0.568181 0.469126 -0.676086 -0.822631 -0.344964 0.451972 0.413508 1.93462 1.17872</i>
                        <i>-0.0170784 0.808481 0.588274 -0.569994 0.475519 -0.670066 -0.821472 -0.346756 0.452708 0.41811 1.93736 1.17843</i>
                        <i>-0.0141544 0.804005 0.594454 -0.571839 0.481186 -0.664425 -0.820244 -0.349336 0.452951 0.421973 1.94066 1.17838</i>
                        <i>-0.0122536 0.799642 0.600352 -0.573672 0.486136 -0.659221 -0.818993 -0.352483 0.452776 0.425012 1.94439 1.17854</i>
                        <i>-0.0112367 0.795457 0.605906 -0.575431 0.490412 -0.654503 -0.817773 -0.356012 0.45222 0.427144 1.9484 1.17891</i>
                        <i>-0.0110696 0.791509 0.611057 -0.577078 0.494002 -0.650341 -0.816614 -0.359827 0.451294 0.428313 1.95255 1.17945</i>
                        <i>-0.0117197 0.787863 0.615738 -0.578575 0.496888 -0.646802 -0.815545 -0.363831 0.450015 0.42846 1.95669 1.18015</i>
                        <i>-0.0131541 0.784586 0.61988 -0.579885 0.499051 -0.643958 -0.814592 -0.36793 0.448405 0.427528 1.9607 1.18098</i>
                        <i>-0.0149932 0.781322 0.623948 -0.579739 0.501629 -0.642083 -0.814664 -0.371354 0.445442 0.425457 1.96443 1.182</i>
                        <i>-0.0173462 0.778027 0.627991 -0.577525 0.504917 -0.641501 -0.816188 -0.373808 0.440572 0.422279 1.96775 1.18322</i>
                        <i>-0.0208972 0.77524 0.631321 -0.57419 0.507628 -0.642355 -0.818455 -0.375922 0.434527 0.418067 1.97051 1.18456</i>
                        <i>-0.0263005 0.773505 0.633244 -0.570685 0.508475 -0.644804 -0.820748 -0.378341 0.428055 0.412898 1.97254 1.1859</i>
                        <i>-0.0341772 0.773367 0.633037 -0.567948 0.50616 -0.649027 -0.822354 -0.381714 0.421933 0.406852 1.97404 1.18716</i>
                        <i>-0.0451251 0.775338 0.629932 -0.566879 0.499342 -0.655214 -0.822564 -0.386662 0.416991 0.400013 1.97526 1.18823</i>
                        <i>-0.0587429 0.779368 0.623806 -0.567408 0.488064 -0.663206 -0.821339 -0.392911 0.413549 0.392562 1.97614 1.1891</i>
                        <i>-0.0737518 0.784938 0.615169 -0.568643 0.473647 -0.672535 -0.819271 -0.399412 0.411418 0.384757 1.97663 1.18982</i>
                        <i>-0.0894224 0.791829 0.604161 -0.570214 0.456643 -0.682886 -0.816615 -0.405566 0.410678 0.376805 1.97669 1.1904</i>
                        <i>-0.105022 0.799838 0.590957 -0.571773 0.437637 -0.693938 -0.813662 -0.410772 0.411364 0.368913 1.97627 1.19084</i>
                        <i>-0.119815 0.808785 0.57577 -0.57302 0.417259 -0.705367 -0.810736 -0.414442 0.413455 0.36129 1.9753 1.19116</i>
                        <i>-0.133065 0.818514 0.558864 -0.573707 0.396192 -0.716863 -0.80818 -0.416013 0.416867 0.354137 1.97376 1.19136</i>
                        <i>-0.144036 0.828892 0.540548 -0.573649 0.375159 -0.728136 -0.806338 -0.414963 0.421456 0.347659 1.97157 1.19147</i>
                        <i>-0.151998 0.8398 0.521184 -0.572725 0.354924 -0.738928 -0.805533 -0.410811 0.427027 0.342055 1.9687 1.19148</i>
                    </KeyFrames>
                </p>
            </i>
            <i>
                <p>
                    <Name><![CDATA[spine2]]></Name>
                    <Exclude>0</Exclude>
                    <Additive>0</Additive>
                    <IKPriority>0</IKPriority>
                    <IKRotLimits>-1e+010 -1e+010 -1e+010 1e+010 1e+010 1e+010</IKRotLimits>
                    <IKRotLimitOrder>0</IKRotLimitOrder>
                    <KeyFrames count="61">
                        <i>-0.356146 0.731607 0.581302 -0.52795 0.35574 -0.77118 -0.770992 -0.581551 0.259556 0.315218 2.11448 1.28207</i>
                        <i>-0.359601 0.741927 0.56589 -0.520576 0.343791 -0.781542 -0.774396 -0.575632 0.262601 0.307485 2.11105 1.27971</i>
                        <i>-0.3601 0.753682 0.54981 -0.512308 0.332775 -0.791708 -0.779659 -0.566767 0.266285 0.301014 2.10721 1.27725</i>
                        <i>-0.360546 0.764368 0.534554 -0.503856 0.322684 -0.801252 -0.784943 -0.558226 0.268789 0.295168 2.10299 1.27511</i>
                        <i>-0.363994 0.771597 0.521677 -0.495886 0.313573 -0.809796 -0.78842 -0.553453 0.268486 0.289297 2.09846 1.27371</i>
                        <i>-0.373606 0.773011 0.512711 -0.489024 0.305541 -0.817007 -0.788209 -0.555967 0.263869 0.282737 2.09368 1.27346</i>
                        <i>-0.387881 0.76978 0.506939 -0.483084 0.298618 -0.823077 -0.78497 -0.56415 0.25604 0.275741 2.08894 1.27409</i>
                        <i>-0.402983 0.764842 0.502613 -0.477541 0.292769 -0.828396 -0.780742 -0.573849 0.247263 0.26903 2.08461 1.27506</i>
                        <i>-0.418566 0.758397 0.499637 -0.472484 0.287991 -0.832959 -0.775604 -0.584719 0.237788 0.262632 2.08091 1.2763</i>
                        <i>-0.434277 0.75065 0.497924 -0.46801 0.284277 -0.836752 -0.769656 -0.596415 0.227856 0.256577 2.07803 1.27776</i>
                        <i>-0.449766 0.74182 0.497407 -0.464219 0.281619 -0.839757 -0.763028 -0.608599 0.217704 0.250899 2.07619 1.27939</i>
                        <i>-0.464681 0.732142 0.498035 -0.461218 0.280001 -0.841949 -0.755877 -0.620941 0.207565 0.245635 2.07553 1.28113</i>
                        <i>-0.478677 0.721866 0.499778 -0.459113 0.279406 -0.843296 -0.748387 -0.633121 0.197673 0.240822 2.07589 1.28295</i>
                        <i>-0.491409 0.71126 0.502619 -0.458012 0.279812 -0.84376 -0.740772 -0.644837 0.188264 0.236504 2.0771 1.28479</i>
                        <i>-0.502538 0.70061 0.506558 -0.458018 0.281194 -0.843297 -0.733263 -0.655801 0.179581 0.232722 2.07897 1.28662</i>
                        <i>-0.511731 0.690215 0.5116 -0.459226 0.283526 -0.841858 -0.726115 -0.665745 0.171876 0.229519 2.08131 1.28839</i>
                        <i>-0.518653 0.680387 0.517757 -0.461725 0.286782 -0.839385 -0.719589 -0.674411 0.165411 0.22694 2.08395 1.29007</i>
                        <i>-0.523198 0.671445 0.52481 -0.465225 0.290932 -0.836017 -0.714023 -0.681557 0.160158 0.225453 2.0867 1.29162</i>
                        <i>-0.525344 0.663739 0.532414 -0.469308 0.295912 -0.831977 -0.709763 -0.68694 0.156042 0.22548 2.08939 1.29299</i>
                        <i>-0.524897 0.657632 0.540373 -0.473836 0.301628 -0.827345 -0.70708 -0.690319 0.153287 0.227 2.09184 1.29417</i>
                        <i>-0.521659 0.653461 0.548508 -0.478673 0.308014 -0.822192 -0.706218 -0.691459 0.152116 0.229989 2.09387 1.29509</i>
                        <i>-0.515425 0.651542 0.556624 -0.483669 0.315012 -0.816598 -0.707391 -0.690117 0.152766 0.234424 2.09531 1.29572</i>
                        <i>-0.505482 0.652698 0.564335 -0.488577 0.322572 -0.810704 -0.711183 -0.685517 0.155839 0.240389 2.096 1.29595</i>
                        <i>-0.491614 0.657132 0.571396 -0.493225 0.330644 -0.804614 -0.717666 -0.677386 0.161565 0.24785 2.09603 1.29571</i>
                        <i>-0.474338 0.664196 0.577795 -0.497575 0.339165 -0.798365 -0.726238 -0.666191 0.169609 0.2566 2.09561 1.29507</i>
                        <i>-0.454168 0.673233 0.583514 -0.501599 0.348064 -0.791991 -0.736295 -0.652387 0.179614 0.26643 2.09477 1.29407</i>
                        <i>-0.431634 0.683598 0.588546 -0.505282 0.357261 -0.785528 -0.74725 -0.636442 0.191203 0.277135 2.09357 1.29278</i>
                        <i>-0.407293 0.694673 0.59291 -0.508626 0.366676 -0.779005 -0.758559 -0.618852 0.203984 0.288508 2.09206 1.29126</i>
                        <i>-0.381735 0.705884 0.596663 -0.511656 0.376223 -0.77244 -0.769731 -0.600154 0.217552 0.300346 2.0903 1.28958</i>
                        <i>-0.355585 0.716705 0.59991 -0.514419 0.385818 -0.765844 -0.780341 -0.580928 0.231495 0.312445 2.08836 1.28781</i>
                        <i>-0.329498 0.726672 0.602808 -0.516983 0.395383 -0.759211 -0.790038 -0.5618 0.245399 0.324604 2.08631 1.28603</i>
                        <i>-0.304154 0.735377 0.605566 -0.51944 0.404841 -0.75252 -0.798544 -0.543437 0.25885 0.336623 2.08423 1.28433</i>
                        <i>-0.280246 0.742468 0.608444 -0.5219 0.414127 -0.745734 -0.805656 -0.526536 0.271436 0.348308 2.08221 1.28281</i>
                        <i>-0.258475 0.747638 0.611742 -0.524492 0.423182 -0.7388 -0.811233 -0.511815 0.282748 0.359465 2.08035 1.28156</i>
                        <i>-0.239534 0.750612 0.615797 -0.527355 0.431953 -0.731651 -0.815181 -0.499999 0.292371 0.369904 2.07874 1.28068</i>
                        <i>-0.224102 0.751124 0.620959 -0.530639 0.44039 -0.72421 -0.817436 -0.491802 0.299883 0.379437 2.07748 1.2803</i>
                        <i>-0.211748 0.749668 0.627025 -0.534246 0.448445 -0.716574 -0.818379 -0.486718 0.30555 0.388088 2.07671 1.28034</i>
                        <i>-0.201519 0.747045 0.633494 -0.537949 0.456073 -0.708948 -0.818536 -0.483654 0.309964 0.395973 2.07659 1.28065</i>
                        <i>-0.193293 0.743433 0.64027 -0.541706 0.463232 -0.701407 -0.818042 -0.482415 0.313182 0.403049 2.07728 1.28122</i>
                        <i>-0.186945 0.738997 0.647252 -0.545471 0.469878 -0.694029 -0.817014 -0.482803 0.31526 0.409272 2.07878 1.28203</i>
                        <i>-0.182356 0.733893 0.65433 -0.549197 0.475971 -0.686902 -0.815555 -0.484617 0.316255 0.414594 2.08094 1.28304</i>
                        <i>-0.179408 0.728267 0.661392 -0.552832 0.481474 -0.680117 -0.81375 -0.487658 0.316229 0.418969 2.08365 1.28423</i>
                        <i>-0.177938 0.722269 0.66833 -0.556326 0.486378 -0.673749 -0.81169 -0.491695 0.315272 0.422339 2.08676 1.28556</i>
                        <i>-0.177787 0.716033 0.675047 -0.559622 0.490688 -0.667868 -0.809454 -0.496509 0.31347 0.424647 2.09014 1.28702</i>
                        <i>-0.178855 0.709686 0.681437 -0.562666 0.494386 -0.662563 -0.807105 -0.501924 0.310893 0.425841 2.09367 1.28855</i>
                        <i>-0.181047 0.703358 0.687393 -0.565399 0.497454 -0.657923 -0.804702 -0.507767 0.307616 0.42587 2.09721 1.29012</i>
                        <i>-0.184272 0.697184 0.692805 -0.567763 0.499871 -0.654044 -0.802302 -0.513871 0.303723 0.424679 2.10064 1.29169</i>
                        <i>-0.188019 0.690881 0.698092 -0.568598 0.502981 -0.650927 -0.80084 -0.519321 0.298264 0.422279 2.10377 1.29342</i>
                        <i>-0.192365 0.68448 0.703194 -0.567312 0.50713 -0.648827 -0.80072 -0.523743 0.29076 0.41868 2.10646 1.29534</i>
                        <i>-0.198069 0.678598 0.7073 -0.56469 0.510817 -0.648222 -0.801183 -0.527798 0.28202 0.413836 2.10865 1.29721</i>
                        <i>-0.205845 0.673859 0.709607 -0.561502 0.512556 -0.649617 -0.801463 -0.532166 0.272867 0.407708 2.11027 1.2988</i>
                        <i>-0.216359 0.670884 0.709298 -0.558488 0.510854 -0.653544 -0.8008 -0.537535 0.264152 0.400267 2.11158 1.29988</i>
                        <i>-0.230252 0.670254 0.705509 -0.556309 0.504182 -0.660546 -0.798439 -0.544573 0.256779 0.391497 2.11291 1.30021</i>
                        <i>-0.247026 0.671975 0.69816 -0.554818 0.492619 -0.670451 -0.794453 -0.552971 0.251134 0.381655 2.1142 1.29976</i>
                        <i>-0.265199 0.675595 0.687925 -0.55324 0.477716 -0.682432 -0.78968 -0.561567 0.247076 0.371227 2.11533 1.29867</i>
                        <i>-0.283923 0.680972 0.675029 -0.551236 0.46011 -0.696015 -0.784555 -0.569716 0.244741 0.360554 2.11623 1.29701</i>
                        <i>-0.302354 0.687993 0.659733 -0.548528 0.440457 -0.710714 -0.77955 -0.576769 0.24421 0.349974 2.11681 1.29482</i>
                        <i>-0.319646 0.696585 0.642336 -0.544914 0.419448 -0.726039 -0.775174 -0.582093 0.245505 0.339822 2.11699 1.29216</i>
                        <i>-0.334948 0.706714 0.623189 -0.540281 0.39781 -0.741515 -0.77195 -0.585066 0.248579 0.330428 2.11671 1.2891</i>
                        <i>-0.347404 0.718381 0.602694 -0.534606 0.376307 -0.756696 -0.770394 -0.585083 0.25332 0.322119 2.11589 1.28571</i>
                        <i>-0.356146 0.731607 0.581302 -0.52795 0.35574 -0.77118 -0.770992 -0.581551 0.259556 0.315218 2.11448 1.28207</i>
                    </KeyFrames>
                </p>
            </i>
            <i>
                <p>
                    <Name><![CDATA[head]]></Name>
                    <Exclude>0</Exclude>
                    <Additive>0</Additive>
                    <IKPriority>0</IKPriority>
                    <IKRotLimits>-1e+010 -1e+010 -1e+010 1e+010 1e+010 1e+010</IKRotLimits>
                    <IKRotLimitOrder>0</IKRotLimitOrder>
                    <KeyFrames count="61">
                        <i>0.037 0.974795 0.220012 -0.161664 0.223102 -0.961296 -0.986152 4.14736e-008 0.165844 0.220732 2.31838 1.42136</i>
                        <i>0.0278012 0.975439 0.218508 -0.123114 0.22027 -0.967638 -0.992003 5.96762e-008 0.126214 0.212521 2.3175 1.41468</i>
                        <i>0.0171586 0.976054 0.216852 -0.0769906 0.217529 -0.973013 -0.996884 6.03782e-009 0.0788794 0.206397 2.31656 1.40774</i>
                        <i>0.00611884 0.976745 0.214319 -0.0278748 0.214406 -0.976347 -0.999593 -8.99783e-009 0.0285385 0.2009 2.31493 1.4014</i>
                        <i>-0.00419892 0.977563 0.210602 0.0194865 0.210644 -0.977369 -0.999801 1.7161e-008 -0.0199338 0.194513 2.31208 1.39653</i>
                        <i>-0.0127366 0.978516 0.205779 0.0604493 0.206173 -0.976647 -0.99809 1.348e-008 -0.0617765 0.185682 2.30747 1.39399</i>
                        <i>-0.0188754 0.979498 0.200566 0.0917756 0.201452 -0.975189 -0.995601 -1.5549e-008 -0.0936965 0.175081 2.30169 1.39327</i>
                        <i>-0.0223084 0.980368 0.195909 0.110919 0.197175 -0.974073 -0.993579 -1.48012e-008 -0.11314 0.164506 2.29589 1.39331</i>
                        <i>-0.0226011 0.981071 0.192326 0.114502 0.19365 -0.974366 -0.993166 -2.70155e-008 -0.116711 0.154077 2.29032 1.39401</i>
                        <i>-0.021238 0.981616 0.189679 0.109227 0.190864 -0.975521 -0.99379 -4.9214e-010 -0.111273 0.143921 2.28525 1.39529</i>
                        <i>-0.0200169 0.98203 0.187659 0.104159 0.188724 -0.976491 -0.994359 -4.32868e-008 -0.106065 0.134166 2.28095 1.39705</i>
                        <i>-0.0189464 0.982302 0.186344 0.0993626 0.187304 -0.977264 -0.994871 -8.98724e-009 -0.101153 0.124943 2.2776 1.39922</i>
                        <i>-0.0180215 0.982446 0.185674 0.0949096 0.186547 -0.977851 -0.995323 -4.15296e-008 -0.0966054 0.116386 2.27514 1.40175</i>
                        <i>-0.0172379 0.98248 0.18557 0.0908732 0.186368 -0.978268 -0.995713 1.73142e-008 -0.0924937 0.108628 2.27346 1.40458</i>
                        <i>-0.0165951 0.982419 0.185952 0.0873276 0.186691 -0.97853 -0.996041 -2.13963e-008 -0.0888904 0.101801 2.27244 1.40766</i>
                        <i>-0.0160955 0.982276 0.186749 0.0843474 0.187442 -0.978648 -0.996306 1.70107e-009 -0.0858694 0.0960386 2.27198 1.41094</i>
                        <i>-0.0157447 0.982064 0.187889 0.0820075 0.188548 -0.978634 -0.996507 -3.5518e-008 -0.0835053 0.0914712 2.27201 1.4144</i>
                        <i>-0.0155887 0.981798 0.18929 0.0805818 0.18993 -0.978485 -0.996626 -5.09612e-008 -0.0820757 0.0885994 2.27241 1.41792</i>
                        <i>-0.0156703 0.981491 0.190867 0.0803108 0.191509 -0.9782 -0.996647 -3.46555e-009 -0.0818252 0.0878612 2.27312 1.42138</i>
                        <i>-0.0159933 0.981158 0.192546 0.0812178 0.193209 -0.97779 -0.996568 2.97734e-008 -0.0827776 0.0892931 2.27405 1.4247</i>
                        <i>-0.016562 0.980813 0.194247 0.0833241 0.194951 -0.977267 -0.996385 3.28056e-008 -0.0849542 0.0929308 2.2751 1.42779</i>
                        <i>-0.0173791 0.980473 0.195883 0.0866492 0.196652 -0.976637 -0.996087 -5.53131e-008 -0.0883749 0.0988119 2.27619 1.43056</i>
