<?xml version="1.0" encoding="ISO-8859-1" ?>
<Animl Version="1">
    <ModellingPackage><![CDATA[Maya.2010]]></ModellingPackage>
    <SrcFile><![CDATA[anims\turrets\special\blue\~src\flamelube\flamelube_idle_crewmanc.mb]]></SrcFile>
    <FramesPerSecond>30</FramesPerSecond>
    <TotalFrames>61</TotalFrames>
    <Skeleton>
        <RefFrame>
            <Name><![CDATA[soldier_ref_frame]]></Name>
            <Exclude>0</Exclude>
            <Additive>0</Additive>
            <IKPriority>0</IKPriority>
            <IKRotLimits>-1e+010 -1e+010 -1e+010 1e+010 1e+010 1e+010</IKRotLimits>
            <IKRotLimitOrder>0</IKRotLimitOrder>
            <KeyFrames count="61">
                <i>0.34202 0 -0.939693 0 1 0 0.939693 0 0.34202 2.5 0.9 0.5</i>
                <i>0.34202 0 -0.939693 0 1 0 0.939693 0 0.34202 2.5 0.9 0.5</i>
                <i>0.34202 0 -0.939693 0 1 0 0.939693 0 0.34202 2.5 0.9 0.5</i>
                <i>0.34202 0 -0.939693 0 1 0 0.939693 0 0.34202 2.5 0.9 0.5</i>
                <i>0.34202 0 -0.939693 0 1 0 0.939693 0 0.34202 2.5 0.9 0.5</i>
                <i>0.34202 0 -0.939693 0 1 0 0.939693 0 0.34202 2.5 0.9 0.5</i>
                <i>0.34202 0 -0.939693 0 1 0 0.939693 0 0.34202 2.5 0.9 0.5</i>
                <i>0.34202 0 -0.939693 0 1 0 0.939693 0 0.34202 2.5 0.9 0.5</i>
                <i>0.34202 0 -0.939693 0 1 0 0.939693 0 0.34202 2.5 0.9 0.5</i>
                <i>0.34202 0 -0.939693 0 1 0 0.939693 0 0.34202 2.5 0.9 0.5</i>
                <i>0.34202 0 -0.939693 0 1 0 0.939693 0 0.34202 2.5 0.9 0.5</i>
                <i>0.34202 0 -0.939693 0 1 0 0.939693 0 0.34202 2.5 0.9 0.5</i>
                <i>0.34202 0 -0.939693 0 1 0 0.939693 0 0.34202 2.5 0.9 0.5</i>
                <i>0.34202 0 -0.939693 0 1 0 0.939693 0 0.34202 2.5 0.9 0.5</i>
                <i>0.34202 0 -0.939693 0 1 0 0.939693 0 0.34202 2.5 0.9 0.5</i>
                <i>0.34202 0 -0.939693 0 1 0 0.939693 0 0.34202 2.5 0.9 0.5</i>
                <i>0.34202 0 -0.939693 0 1 0 0.939693 0 0.34202 2.5 0.9 0.5</i>
                <i>0.34202 0 -0.939693 0 1 0 0.939693 0 0.34202 2.5 0.9 0.5</i>
                <i>0.34202 0 -0.939693 0 1 0 0.939693 0 0.34202 2.5 0.9 0.5</i>
                <i>0.34202 0 -0.939693 0 1 0 0.939693 0 0.34202 2.5 0.9 0.5</i>
                <i>0.34202 0 -0.939693 0 1 0 0.939693 0 0.34202 2.5 0.9 0.5</i>
                <i>0.34202 0 -0.939693 0 1 0 0.939693 0 0.34202 2.5 0.9 0.5</i>
                <i>0.34202 0 -0.939693 0 1 0 0.939693 0 0.34202 2.5 0.9 0.5</i>
                <i>0.34202 0 -0.939693 0 1 0 0.939693 0 0.34202 2.5 0.9 0.5</i>
                <i>0.34202 0 -0.939693 0 1 0 0.939693 0 0.34202 2.5 0.9 0.5</i>
                <i>0.34202 0 -0.939693 0 1 0 0.939693 0 0.34202 2.5 0.9 0.5</i>
                <i>0.34202 0 -0.939693 0 1 0 0.939693 0 0.34202 2.5 0.9 0.5</i>
                <i>0.34202 0 -0.939693 0 1 0 0.939693 0 0.34202 2.5 0.9 0.5</i>
                <i>0.34202 0 -0.939693 0 1 0 0.939693 0 0.34202 2.5 0.9 0.5</i>
                <i>0.34202 0 -0.939693 0 1 0 0.939693 0 0.34202 2.5 0.9 0.5</i>
                <i>0.34202 0 -0.939693 0 1 0 0.939693 0 0.34202 2.5 0.9 0.5</i>
                <i>0.34202 0 -0.939693 0 1 0 0.939693 0 0.34202 2.5 0.9 0.5</i>
                <i>0.34202 0 -0.939693 0 1 0 0.939693 0 0.34202 2.5 0.9 0.5</i>
                <i>0.34202 0 -0.939693 0 1 0 0.939693 0 0.34202 2.5 0.9 0.5</i>
                <i>0.34202 0 -0.939693 0 1 0 0.939693 0 0.34202 2.5 0.9 0.5</i>
                <i>0.34202 0 -0.939693 0 1 0 0.939693 0 0.34202 2.5 0.9 0.5</i>
                <i>0.34202 0 -0.939693 0 1 0 0.939693 0 0.34202 2.5 0.9 0.5</i>
                <i>0.34202 0 -0.939693 0 1 0 0.939693 0 0.34202 2.5 0.9 0.5</i>
                <i>0.34202 0 -0.939693 0 1 0 0.939693 0 0.34202 2.5 0.9 0.5</i>
                <i>0.34202 0 -0.939693 0 1 0 0.939693 0 0.34202 2.5 0.9 0.5</i>
                <i>0.34202 0 -0.939693 0 1 0 0.939693 0 0.34202 2.5 0.9 0.5</i>
                <i>0.34202 0 -0.939693 0 1 0 0.939693 0 0.34202 2.5 0.9 0.5</i>
                <i>0.34202 0 -0.939693 0 1 0 0.939693 0 0.34202 2.5 0.9 0.5</i>
                <i>0.34202 0 -0.939693 0 1 0 0.939693 0 0.34202 2.5 0.9 0.5</i>
                <i>0.34202 0 -0.939693 0 1 0 0.939693 0 0.34202 2.5 0.9 0.5</i>
                <i>0.34202 0 -0.939693 0 1 0 0.939693 0 0.34202 2.5 0.9 0.5</i>
                <i>0.34202 0 -0.939693 0 1 0 0.939693 0 0.34202 2.5 0.9 0.5</i>
                <i>0.34202 0 -0.939693 0 1 0 0.939693 0 0.34202 2.5 0.9 0.5</i>
                <i>0.34202 0 -0.939693 0 1 0 0.939693 0 0.34202 2.5 0.9 0.5</i>
                <i>0.34202 0 -0.939693 0 1 0 0.939693 0 0.34202 2.5 0.9 0.5</i>
                <i>0.34202 0 -0.939693 0 1 0 0.939693 0 0.34202 2.5 0.9 0.5</i>
                <i>0.34202 0 -0.939693 0 1 0 0.939693 0 0.34202 2.5 0.9 0.5</i>
                <i>0.34202 0 -0.939693 0 1 0 0.939693 0 0.34202 2.5 0.9 0.5</i>
                <i>0.34202 0 -0.939693 0 1 0 0.939693 0 0.34202 2.5 0.9 0.5</i>
                <i>0.34202 0 -0.939693 0 1 0 0.939693 0 0.34202 2.5 0.9 0.5</i>
                <i>0.34202 0 -0.939693 0 1 0 0.939693 0 0.34202 2.5 0.9 0.5</i>
                <i>0.34202 0 -0.939693 0 1 0 0.939693 0 0.34202 2.5 0.9 0.5</i>
                <i>0.34202 0 -0.939693 0 1 0 0.939693 0 0.34202 2.5 0.9 0.5</i>
                <i>0.34202 0 -0.939693 0 1 0 0.939693 0 0.34202 2.5 0.9 0.5</i>
                <i>0.34202 0 -0.939693 0 1 0 0.939693 0 0.34202 2.5 0.9 0.5</i>
                <i>0.34202 0 -0.939693 0 1 0 0.939693 0 0.34202 2.5 0.9 0.5</i>
            </KeyFrames>
        </RefFrame>
        <Bones count="23">
            <i>
                <p>
                    <Name><![CDATA[pelvis]]></Name>
                    <Exclude>0</Exclude>
                    <Additive>0</Additive>
                    <IKPriority>0</IKPriority>
                    <IKRotLimits>-1e+010 -1e+010 -1e+010 1e+010 1e+010 1e+010</IKRotLimits>
                    <IKRotLimitOrder>2</IKRotLimitOrder>
                    <KeyFrames count="61">
                        <i>1 0 0 0 1 0 0 0 1 2.42302 2.42728 0.483054</i>
                        <i>1 0 0 0 1 0 0 0 1 2.42302 2.42728 0.483054</i>
                        <i>1 0 0 0 1 0 0 0 1 2.42302 2.42728 0.483054</i>
                        <i>1 0 0 0 1 0 0 0 1 2.42302 2.42728 0.483054</i>
                        <i>1 0 0 0 1 0 0 0 1 2.42302 2.42728 0.483054</i>
                        <i>1 0 0 0 1 0 0 0 1 2.42302 2.42728 0.483054</i>
                        <i>1 0 0 0 1 0 0 0 1 2.42302 2.42728 0.483054</i>
                        <i>1 0 0 0 1 0 0 0 1 2.42302 2.42728 0.483054</i>
                        <i>1 0 0 0 1 0 0 0 1 2.42302 2.42728 0.483054</i>
                        <i>1 0 0 0 1 0 0 0 1 2.42302 2.42728 0.483054</i>
                        <i>1 0 0 0 1 0 0 0 1 2.42302 2.42728 0.483054</i>
                        <i>1 0 0 0 1 0 0 0 1 2.42302 2.42728 0.483054</i>
                        <i>1 0 0 0 1 0 0 0 1 2.42302 2.42728 0.483054</i>
                        <i>1 0 0 0 1 0 0 0 1 2.42302 2.42728 0.483054</i>
                        <i>1 0 0 0 1 0 0 0 1 2.42302 2.42728 0.483054</i>
                        <i>1 0 0 0 1 0 0 0 1 2.42302 2.42728 0.483054</i>
                        <i>1 0 0 0 1 0 0 0 1 2.42302 2.42728 0.483054</i>
                        <i>1 0 0 0 1 0 0 0 1 2.42302 2.42728 0.483054</i>
                        <i>1 0 0 0 1 0 0 0 1 2.42302 2.42728 0.483054</i>
                        <i>1 0 0 0 1 0 0 0 1 2.42302 2.42728 0.483054</i>
                        <i>1 0 0 0 1 0 0 0 1 2.42302 2.42728 0.483054</i>
                        <i>1 0 0 0 1 0 0 0 1 2.42302 2.42728 0.483054</i>
                        <i>1 0 0 0 1 0 0 0 1 2.42302 2.42728 0.483054</i>
                        <i>1 0 0 0 1 0 0 0 1 2.42302 2.42728 0.483054</i>
                        <i>1 0 0 0 1 0 0 0 1 2.42302 2.42728 0.483054</i>
                        <i>1 0 0 0 1 0 0 0 1 2.42302 2.42728 0.483054</i>
                        <i>1 0 0 0 1 0 0 0 1 2.42302 2.42728 0.483054</i>
                        <i>1 0 0 0 1 0 0 0 1 2.42302 2.42728 0.483054</i>
                        <i>1 0 0 0 1 0 0 0 1 2.42302 2.42728 0.483054</i>
                        <i>1 0 0 0 1 0 0 0 1 2.42302 2.42728 0.483054</i>
                        <i>1 0 0 0 1 0 0 0 1 2.42302 2.42728 0.483054</i>
                        <i>1 0 0 0 1 0 0 0 1 2.42302 2.42728 0.483054</i>
                        <i>1 0 0 0 1 0 0 0 1 2.42302 2.42728 0.483054</i>
                        <i>1 0 0 0 1 0 0 0 1 2.42302 2.42728 0.483054</i>
                        <i>1 0 0 0 1 0 0 0 1 2.42302 2.42728 0.483054</i>
                        <i>1 0 0 0 1 0 0 0 1 2.42302 2.42728 0.483054</i>
                        <i>1 0 0 0 1 0 0 0 1 2.42302 2.42728 0.483054</i>
                        <i>1 0 0 0 1 0 0 0 1 2.42302 2.42728 0.483054</i>
                        <i>1 0 0 0 1 0 0 0 1 2.42302 2.42728 0.483054</i>
                        <i>1 0 0 0 1 0 0 0 1 2.42302 2.42728 0.483054</i>
                        <i>1 0 0 0 1 0 0 0 1 2.42302 2.42728 0.483054</i>
                        <i>1 0 0 0 1 0 0 0 1 2.42302 2.42728 0.483054</i>
                        <i>1 0 0 0 1 0 0 0 1 2.42302 2.42728 0.483054</i>
                        <i>1 0 0 0 1 0 0 0 1 2.42302 2.42728 0.483054</i>
                        <i>1 0 0 0 1 0 0 0 1 2.42302 2.42728 0.483054</i>
                        <i>1 0 0 0 1 0 0 0 1 2.42302 2.42728 0.483054</i>
                        <i>1 0 0 0 1 0 0 0 1 2.42302 2.42728 0.483054</i>
                        <i>1 0 0 0 1 0 0 0 1 2.42302 2.42728 0.483054</i>
                        <i>1 0 0 0 1 0 0 0 1 2.42302 2.42728 0.483054</i>
                        <i>1 0 0 0 1 0 0 0 1 2.42302 2.42728 0.483054</i>
                        <i>1 0 0 0 1 0 0 0 1 2.42302 2.42728 0.483054</i>
                        <i>1 0 0 0 1 0 0 0 1 2.42302 2.42728 0.483054</i>
                        <i>1 0 0 0 1 0 0 0 1 2.42302 2.42728 0.483054</i>
                        <i>1 0 0 0 1 0 0 0 1 2.42302 2.42728 0.483054</i>
                        <i>1 0 0 0 1 0 0 0 1 2.42302 2.42728 0.483054</i>
                        <i>1 0 0 0 1 0 0 0 1 2.42302 2.42728 0.483054</i>
                        <i>1 0 0 0 1 0 0 0 1 2.42302 2.42728 0.483054</i>
                        <i>1 0 0 0 1 0 0 0 1 2.42302 2.42728 0.483054</i>
                        <i>1 0 0 0 1 0 0 0 1 2.42302 2.42728 0.483054</i>
                        <i>1 0 0 0 1 0 0 0 1 2.42302 2.42728 0.483054</i>
                        <i>1 0 0 0 1 0 0 0 1 2.42302 2.42728 0.483054</i>
                    </KeyFrames>
                </p>
            </i>
            <i>
                <p>
                    <Name><![CDATA[spine0]]></Name>
                    <Exclude>0</Exclude>
                    <Additive>0</Additive>
                    <IKPriority>0</IKPriority>
                    <IKRotLimits>-1e+010 -1e+010 -1e+010 1e+010 1e+010 1e+010</IKRotLimits>
                    <IKRotLimitOrder>0</IKRotLimitOrder>
                    <KeyFrames count="61">
                        <i>-0.046201 0.99806 -0.0417425 -0.59705 0.00591228 0.802182 0.800872 0.061984 0.595618 2.39418 2.56369 0.447605</i>
                        <i>-0.0458309 0.998092 -0.0413793 -0.597061 0.0058407 0.802175 0.800886 0.0614704 0.595654 2.39419 2.56369 0.447617</i>
                        <i>-0.0452508 0.998141 -0.0408308 -0.597066 0.00574632 0.802172 0.800915 0.0606776 0.595696 2.3942 2.56369 0.44762</i>
                        <i>-0.0444953 0.998203 -0.0401272 -0.597064 0.00563254 0.802173 0.800958 0.0596514 0.595741 2.39419 2.56369 0.447615</i>
                        <i>-0.0435991 0.998276 -0.0392983 -0.597057 0.00550268 0.80218 0.801013 0.0584377 0.595788 2.39417 2.56368 0.447601</i>
                        <i>-0.0425971 0.998355 -0.0383742 -0.597042 0.00536001 0.802192 0.801078 0.0570821 0.595832 2.39414 2.56367 0.447578</i>
                        <i>-0.041524 0.998438 -0.0373847 -0.59702 0.00520786 0.802209 0.801151 0.0556304 0.595871 2.39409 2.56365 0.447545</i>
                        <i>-0.0404146 0.998521 -0.03636 -0.59699 0.00504955 0.802233 0.80123 0.0541284 0.595903 2.39403 2.56363 0.447503</i>
                        <i>-0.0393034 0.998603 -0.0353299 -0.596951 0.00488848 0.802263 0.801314 0.0526219 0.595925 2.39395 2.5636 0.447449</i>
                        <i>-0.0382253 0.998679 -0.0343248 -0.596903 0.00472814 0.802299 0.801402 0.0511567 0.595934 2.39386 2.56356 0.447385</i>
                        <i>-0.0372149 0.99875 -0.0333747 -0.596846 0.00457211 0.802343 0.801492 0.0497787 0.59593 2.39375 2.56352 0.447309</i>
                        <i>-0.0363068 0.998812 -0.0325102 -0.596779 0.0044241 0.802393 0.801584 0.0485338 0.595909 2.39363 2.56347 0.447221</i>
                        <i>-0.0355357 0.998864 -0.0317617 -0.596701 0.00428792 0.802452 0.801676 0.0474679 0.595871 2.39348 2.56341 0.447121</i>
                        <i>-0.034936 0.998904 -0.0311598 -0.596613 0.00416759 0.802518 0.801768 0.0466271 0.595813 2.39332 2.56335 0.447008</i>
                        <i>-0.0345425 0.998931 -0.0307352 -0.596513 0.00406717 0.802593 0.80186 0.0460576 0.595735 2.39314 2.56327 0.446882</i>
                        <i>-0.0341399 0.998958 -0.0302835 -0.596415 0.00395015 0.802667 0.80195 0.0454645 0.595659 2.39297 2.5632 0.446758</i>
                        <i>-0.0337157 0.998987 -0.0298188 -0.596306 0.00383598 0.802748 0.802049 0.0448463 0.595572 2.39277 2.56312 0.446621</i>
                        <i>-0.0332813 0.999015 -0.0293506 -0.596189 0.00372549 0.802836 0.802154 0.0442179 0.595478 2.39256 2.56304 0.446475</i>
                        <i>-0.0328481 0.999043 -0.0288889 -0.596065 0.00361956 0.802928 0.802264 0.0435943 0.595376 2.39234 2.56294 0.446322</i>
                        <i>-0.0324275 0.999069 -0.0284435 -0.595938 0.00351924 0.803023 0.802376 0.0429906 0.595269 2.39211 2.56285 0.446164</i>
                        <i>-0.032031 0.999094 -0.0280244 -0.595808 0.00342572 0.803119 0.802488 0.0424219 0.595159 2.39189 2.56275 0.446005</i>
                        <i>-0.0316699 0.999116 -0.027642 -0.595679 0.00334028 0.803215 0.802598 0.0419035 0.595047 2.39166 2.56266 0.445846</i>
                        <i>-0.0313559 0.999135 -0.0273066 -0.595553 0.00326436 0.803309 0.802704 0.041451 0.594936 2.39144 2.56256 0.445692</i>
                        <i>-0.0311004 0.999151 -0.0270288 -0.595432 0.00319952 0.8034 0.802804 0.0410799 0.594826 2.39123 2.56247 0.445543</i>
                        <i>-0.0309151 0.999162 -0.0268195 -0.595317 0.00314742 0.803485 0.802896 0.0408059 0.594721 2.39103 2.56239 0.445404</i>
                        <i>-0.0308117 0.999169 -0.0266895 -0.595212 0.00310975 0.803563 0.802978 0.0406451 0.594622 2.39084 2.56231 0.445277</i>
                        <i>-0.030802 0.99917 -0.0266497 -0.595119 0.00308828 0.803632 0.803047 0.0406132 0.59453 2.39068 2.56224 0.445164</i>
                        <i>-0.0308976 0.999166 -0.0267111 -0.59504 0.00308475 0.80369 0.803102 0.0407262 0.594448 2.39054 2.56218 0.445068</i>
                        <i>-0.0311103 0.999154 -0.0268846 -0.594977 0.00310085 0.803737 0.80314 0.0410002 0.594377 2.39043 2.56213 0.444992</i>
                        <i>-0.0314519 0.999136 -0.027181 -0.594933 0.00313819 0.803769 0.80316 0.0414509 0.59432 2.39036 2.5621 0.444938</i>
                        <i>-0.0318758 0.999112 -0.0275628 -0.594909 0.0031942 0.803787 0.803161 0.0420187 0.594279 2.39031 2.56208 0.444909</i>
                        <i>-0.032319 0.999086 -0.0279783 -0.594908 0.00326468 0.803787 0.803143 0.0426221 0.594259 2.39031 2.56208 0.444908</i>
                        <i>-0.0327823 0.999058 -0.0284262 -0.594928 0.00334817 0.803772 0.80311 0.0432611 0.594258 2.39035 2.56209 0.444932</i>
                        <i>-0.0332738 0.999028 -0.0289102 -0.594963 0.00344313 0.803746 0.803064 0.0439442 0.59427 2.39041 2.56212 0.444974</i>
                        <i>-0.0337905 0.998996 -0.0294265 -0.595012 0.00354818 0.803709 0.803006 0.0446668 0.594295 2.39049 2.56216 0.445033</i>
                        <i>-0.0343294 0.998961 -0.029971 -0.595074 0.00366187 0.803663 0.802938 0.0454242 0.59433 2.3906 2.5622 0.445108</i>
                        <i>-0.0348877 0.998924 -0.0305398 -0.595146 0.00378282 0.803608 0.80286 0.0462117 0.594374 2.39073 2.56226 0.445196</i>
                        <i>-0.0354625 0.998886 -0.031129 -0.595229 0.00390965 0.803547 0.802773 0.0470247 0.594427 2.39087 2.56232 0.445297</i>
                        <i>-0.0360509 0.998846 -0.0317347 -0.59532 0.00404102 0.803479 0.80268 0.0478585 0.594487 2.39103 2.56239 0.445409</i>
                        <i>-0.0366502 0.998804 -0.0323532 -0.595418 0.00417556 0.803405 0.80258 0.0487087 0.594553 2.39121 2.56247 0.44553</i>
                        <i>-0.0372575 0.998761 -0.0329808 -0.595522 0.00431205 0.803327 0.802474 0.0495707 0.594624 2.39139 2.56254 0.445659</i>
                        <i>-0.03787 0.998717 -0.0336137 -0.595631 0.00444926 0.803246 0.802365 0.0504403 0.594698 2.39158 2.56263 0.445794</i>
                        <i>-0.0384851 0.998672 -0.0342485 -0.595743 0.00458601 0.803162 0.802253 0.0513131 0.594775 2.39178 2.56271 0.445933</i>
                        <i>-0.0391 0.998626 -0.0348817 -0.595856 0.00472123 0.803077 0.802139 0.0521848 0.594853 2.39199 2.5628 0.446076</i>
                        <i>-0.039712 0.99858 -0.0355099 -0.595971 0.00485384 0.802991 0.802023 0.0530512 0.594932 2.3922 2.56288 0.44622</i>
                        <i>-0.0403184 0.998533 -0.0361297 -0.596085 0.0049829 0.802906 0.801909 0.0539083 0.59501 2.3924 2.56297 0.446364</i>
                        <i>-0.0409165 0.998487 -0.036738 -0.596197 0.00510749 0.802822 0.801795 0.0547518 0.595086 2.39261 2.56305 0.446507</i>
                        <i>-0.0415036 0.998441 -0.0373314 -0.596306 0.00522674 0.80274 0.801684 0.0555776 0.595159 2.3928 2.56314 0.446646</i>
                        <i>-0.042077 0.998395 -0.037907 -0.596411 0.00533987 0.802662 0.801576 0.0563817 0.595229 2.393 2.56321 0.44678</i>
                        <i>-0.0426338 0.99835 -0.0384614 -0.59651 0.00544614 0.802587 0.801472 0.05716 0.595294 2.39318 2.56329 0.446908</i>
                        <i>-0.0431713 0.998307 -0.0389918 -0.596603 0.00554484 0.802517 0.801374 0.0579083 0.595353 2.39335 2.56336 0.447027</i>
                        <i>-0.0436866 0.998264 -0.0394949 -0.596688 0.00563531 0.802454 0.801283 0.0586226 0.595406 2.39351 2.56342 0.447137</i>
                        <i>-0.044177 0.998224 -0.0399678 -0.596764 0.00571694 0.802396 0.8012 0.0592988 0.595452 2.39365 2.56348 0.447236</i>
                        <i>-0.0446394 0.998186 -0.0404074 -0.59683 0.00578914 0.802347 0.801125 0.0599326 0.595489 2.39377 2.56353 0.447321</i>
                        <i>-0.0450709 0.99815 -0.0408106 -0.596884 0.00585128 0.802306 0.80106 0.0605199 0.595516 2.39387 2.56357 0.447392</i>
                        <i>-0.0454687 0.998117 -0.0411744 -0.596926 0.00590281 0.802274 0.801007 0.0610564 0.595534 2.39395 2.5636 0.447447</i>
                        <i>-0.0458138 0.998088 -0.0414837 -0.59696 0.00594268 0.802249 0.800962 0.0615182 0.595546 2.39401 2.56362 0.447491</i>
                        <i>-0.0460856 0.998066 -0.0417223 -0.596989 0.00596975 0.802227 0.800925 0.0618788 0.595559 2.39407 2.56364 0.447529</i>
                        <i>-0.046262 0.998052 -0.0418643 -0.597014 0.00597651 0.802209 0.800896 0.0621053 0.595574 2.39411 2.56366 0.447561</i>
                        <i>-0.0463261 0.998048 -0.0418905 -0.597034 0.00595759 0.802194 0.800877 0.0621726 0.595593 2.39415 2.56368 0.447587</i>
                        <i>-0.046201 0.99806 -0.0417425 -0.59705 0.00591228 0.802182 0.800872 0.061984 0.595618 2.39418 2.56369 0.447605</i>
                    </KeyFrames>
                </p>
            </i>
            <i>
                <p>
                    <Name><![CDATA[spine1]]></Name>
                    <Exclude>0</Exclude>
                    <Additive>0</Additive>
                    <IKPriority>0</IKPriority>
                    <IKRotLimits>-1e+010 -1e+010 -1e+010 1e+010 1e+010 1e+010</IKRotLimits>
                    <IKRotLimitOrder>0</IKRotLimitOrder>
                    <KeyFrames count="61">
                        <i>-0.0796466 0.985282 0.15125 -0.755913 -0.15861 0.635169 0.64981 -0.063743 0.757419 2.38646 2.73072 0.440635</i>
                        <i>-0.0785604 0.985167 0.152559 -0.755996 -0.158629 0.635065 0.649845 -0.0654433 0.757244 2.38654 2.73071 0.440707</i>
                        <i>-0.076666 0.984979 0.154723 -0.756125 -0.158588 0.634921 0.649921 -0.0683133 0.756926 2.38665 2.73071 0.440803</i>
                        <i>-0.0740688 0.984717 0.157625 -0.756293 -0.158491 0.634745 0.650027 -0.0721956 0.756474 2.38677 2.7307 0.440917</i>
                        <i>-0.0708745 0.984382 0.161147 -0.75649 -0.158344 0.634547 0.650153 -0.0769329 0.755898 2.3869 2.73068 0.441042</i>
                        <i>-0.0671885 0.983973 0.165173 -0.756709 -0.158151 0.634334 0.65029 -0.0823675 0.755207 2.38703 2.73067 0.441175</i>
                        <i>-0.0631166 0.983492 0.169584 -0.75694 -0.157919 0.634117 0.650429 -0.0883419 0.754412 2.38717 2.73065 0.441308</i>
                        <i>-0.0587646 0.982944 0.174265 -0.757175 -0.157651 0.633903 0.650564 -0.0946978 0.753524 2.38729 2.73063 0.441437</i>
                        <i>-0.0542386 0.982335 0.179096 -0.757405 -0.157354 0.633702 0.650689 -0.101277 0.75256 2.3874 2.73061 0.441556</i>
                        <i>-0.0496447 0.981679 0.183961 -0.757622 -0.157032 0.633521 0.650802 -0.107922 0.751538 2.38749 2.73059 0.44166</i>
                        <i>-0.0450892 0.980991 0.188741 -0.757819 -0.156691 0.633371 0.650906 -0.114473 0.750478 2.38755 2.73056 0.441743</i>
                        <i>-0.0406783 0.980292 0.193318 -0.757985 -0.156335 0.63326 0.651002 -0.120773 0.749407 2.38758 2.73054 0.441799</i>
                        <i>-0.0365185 0.979607 0.197576 -0.758114 -0.15597 0.633195 0.651098 -0.126662 0.74835 2.38756 2.73051 0.441823</i>
                        <i>-0.032716 0.978963 0.201396 -0.758198 -0.1556 0.633186 0.651203 -0.131983 0.747339 2.3875 2.73048 0.44181</i>
                        <i>-0.0293771 0.978392 0.204662 -0.758228 -0.155229 0.633241 0.651327 -0.136578 0.746405 2.38738 2.73045 0.441753</i>
                        <i>-0.0260155 0.977784 0.207995 -0.758258 -0.154888 0.633289 0.651435 -0.141238 0.745442 2.38727 2.73042 0.441704</i>
                        <i>-0.0223999 0.977114 0.211534 -0.758288 -0.154496 0.633348 0.651534 -0.146217 0.744395 2.38714 2.73039 0.441644</i>
                        <i>-0.0186099 0.976392 0.215204 -0.758318 -0.154063 0.633418 0.651619 -0.151405 0.743282 2.38701 2.73036 0.441574</i>
                        <i>-0.0147251 0.975629 0.21893 -0.758344 -0.153602 0.633498 0.651688 -0.156696 0.742125 2.38686 2.73033 0.441496</i>
                        <i>-0.0108249 0.974841 0.222637 -0.758367 -0.153122 0.633588 0.651738 -0.161982 0.740945 2.3867 2.7303 0.441411</i>
                        <i>-0.00698867 0.974044 0.226251 -0.758383 -0.152634 0.633686 0.651771 -0.167157 0.739765 2.38653 2.73027 0.44132</i>
                        <i>-0.00329539 0.973256 0.229698 -0.758392 -0.152149 0.633791 0.65179 -0.172113 0.738612 2.38637 2.73024 0.441224</i>
                        <i>0.000175998 0.972499 0.232905 -0.758393 -0.151677 0.633904 0.651798 -0.176745 0.73751 2.38619 2.73022 0.441123</i>
                        <i>0.00334689 0.971797 0.235797 -0.758383 -0.151228 0.634023 0.6518 -0.180946 0.736488 2.38602 2.7302 0.44102</i>
                        <i>0.0061389 0.971172 0.238302 -0.758362 -0.150811 0.634147 0.651804 -0.184612 0.735574 2.38585 2.73018 0.440914</i>
                        <i>0.00847388 0.97065 0.240348 -0.758329 -0.150437 0.634276 0.651817 -0.187638 0.734797 2.38568 2.73016 0.440806</i>
                        <i>0.0102737 0.970256 0.241863 -0.758282 -0.150114 0.634409 0.651846 -0.189918 0.734185 2.38552 2.73014 0.440698</i>
                        <i>0.0114605 0.970015 0.242773 -0.758219 -0.149854 0.634545 0.651899 -0.191347 0.733767 2.38537 2.73013 0.440591</i>
                        <i>0.0119562 0.969951 0.243007 -0.758141 -0.149665 0.634683 0.651981 -0.191822 0.73357 2.38522 2.73011 0.440484</i>
                        <i>0.0116825 0.970083 0.242492 -0.758044 -0.149558 0.634824 0.652098 -0.191236 0.733619 2.38508 2.7301 0.44038</i>
                        <i>0.0107436 0.97038 0.241344 -0.757942 -0.149528 0.634953 0.652234 -0.189747 0.733885 2.38497 2.73009 0.440287</i>
                        <i>0.009296 0.970794 0.239736 -0.757849 -0.149569 0.635055 0.652364 -0.187587 0.734324 2.38489 2.73009 0.440215</i>
                        <i>0.00738649 0.971309 0.237706 -0.757763 -0.149672 0.635133 0.652488 -0.184816 0.734916 2.38485 2.73009 0.440164</i>
                        <i>0.00508399 0.971907 0.235311 -0.757679 -0.149825 0.635196 0.652607 -0.181519 0.735632 2.38483 2.7301 0.440125</i>
                        <i>0.00242276 0.972574 0.23258 -0.757598 -0.150025 0.635246 0.652716 -0.177741 0.736457 2.38483 2.7301 0.440098</i>
                        <i>-0.000562831 0.973297 0.229547 -0.757519 -0.150266 0.635283 0.652812 -0.173529 0.737376 2.38485 2.73011 0.440082</i>
                        <i>-0.00383841 0.974063 0.226244 -0.757442 -0.150547 0.635309 0.652891 -0.168928 0.738374 2.38488 2.73013 0.440076</i>
                        <i>-0.0073696 0.974859 0.222702 -0.757366 -0.150862 0.635324 0.652949 -0.163985 0.739437 2.38493 2.73014 0.44008</i>
                        <i>-0.0111219 0.975672 0.218954 -0.757291 -0.151209 0.635331 0.652983 -0.158746 0.740549 2.38499 2.73016 0.440091</i>
                        <i>-0.0150606 0.976491 0.215032 -0.757217 -0.151584 0.63533 0.65299 -0.153257 0.741699 2.38507 2.73019 0.44011</i>
                        <i>-0.0191511 0.977305 0.210968 -0.757144 -0.151982 0.635323 0.652968 -0.147566 0.742871 2.38515 2.73021 0.440135</i>
                        <i>-0.0233586 0.978105 0.206796 -0.75707 -0.1524 0.63531 0.652915 -0.141719 0.744055 2.38525 2.73024 0.440166</i>
                        <i>-0.0276481 0.978882 0.202547 -0.756998 -0.152834 0.635292 0.652832 -0.135763 0.745237 2.38535 2.73027 0.440201</i>
                        <i>-0.0319847 0.979628 0.198256 -0.756925 -0.153279 0.635272 0.652719 -0.129746 0.746407 2.38545 2.7303 0.440239</i>
                        <i>-0.0363332 0.980337 0.193956 -0.756852 -0.153732 0.635249 0.652576 -0.123715 0.747556 2.38555 2.73034 0.440279</i>
                        <i>-0.0406587 0.981004 0.18968 -0.756779 -0.154188 0.635226 0.652405 -0.117718 0.748672 2.38566 2.73037 0.440321</i>
                        <i>-0.0449259 0.981624 0.185461 -0.756706 -0.154642 0.635202 0.65221 -0.111802 0.749748 2.38577 2.73041 0.440363</i>
                        <i>-0.0490997 0.982195 0.181333 -0.756633 -0.155091 0.63518 0.651994 -0.106015 0.750776 2.38587 2.73044 0.440404</i>
                        <i>-0.053145 0.982716 0.17733 -0.756559 -0.155528 0.635161 0.651762 -0.100405 0.751748 2.38597 2.73048 0.440444</i>
                        <i>-0.0570266 0.983184 0.173485 -0.756485 -0.155951 0.635145 0.65152 -0.095019 0.752658 2.38606 2.73052 0.44048</i>
                        <i>-0.0607096 0.983601 0.169834 -0.756412 -0.156353 0.635134 0.651273 -0.0899056 0.753499 2.38614 2.73055 0.440512</i>
                        <i>-0.0641588 0.983967 0.166409 -0.756338 -0.15673 0.635129 0.651027 -0.0851122 0.754267 2.38621 2.73058 0.440538</i>
                        <i>-0.0673394 0.984285 0.163244 -0.756264 -0.157076 0.635131 0.650792 -0.0806865 0.754957 2.38627 2.73061 0.440559</i>
                        <i>-0.0702164 0.984556 0.160374 -0.756191 -0.157388 0.635141 0.650573 -0.0766761 0.755563 2.38632 2.73064 0.440571</i>
                        <i>-0.0727549 0.984782 0.157832 -0.756118 -0.157659 0.63516 0.650378 -0.0731287 0.756082 2.38635 2.73066 0.440575</i>
                        <i>-0.0749202 0.984967 0.155652 -0.756046 -0.157885 0.63519 0.650216 -0.0700916 0.756509 2.38636 2.73068 0.44057</i>
                        <i>-0.0767288 0.985113 0.153833 -0.755981 -0.158077 0.63522 0.650081 -0.0675552 0.756856 2.38636 2.73069 0.440562</i>
                        <i>-0.0782032 0.985225 0.15237 -0.75593 -0.158245 0.635239 0.649965 -0.065503 0.757136 2.38637 2.7307 0.440561</i>
                        <i>-0.0792559 0.985295 0.151369 -0.755897 -0.158394 0.635241 0.649876 -0.0640726 0.757335 2.38639 2.73071 0.440569</i>
                        <i>-0.079819 0.985319 0.150913 -0.755884 -0.158525 0.635224 0.649821 -0.0633697 0.757441 2.38642 2.73071 0.440591</i>
                        <i>-0.0796466 0.985282 0.15125 -0.755913 -0.15861 0.635169 0.64981 -0.063743 0.757419 2.38646 2.73072 0.440635</i>
                    </KeyFrames>
                </p>
            </i>
            <i>
                <p>
                    <Name><![CDATA[spine2]]></Name>
                    <Exclude>0</Exclude>
                    <Additive>0</Additive>
                    <IKPriority>0</IKPriority>
                    <IKRotLimits>-1e+010 -1e+010 -1e+010 1e+010 1e+010 1e+010</IKRotLimits>
                    <IKRotLimitOrder>0</IKRotLimitOrder>
                    <KeyFrames count="61">
                        <i>0.0913258 0.920072 0.380954 -0.88261 -0.102368 0.458825 0.46115 -0.378137 0.802716 2.37398 2.88253 0.464083</i>
                        <i>0.0927404 0.919225 0.382654 -0.882698 -0.101916 0.458757 0.460699 -0.380313 0.801946 2.37423 2.8825 0.464355</i>
                        <i>0.095089 0.917831 0.385414 -0.882849 -0.101127 0.45864 0.45993 -0.383874 0.80069 2.37463 2.88245 0.464781</i>
                        <i>0.0982386 0.915952 0.389078 -0.883052 -0.100046 0.458486 0.458877 -0.388618 0.799005 2.37515 2.88238 0.465339</i>
                        <i>0.102056 0.913647 0.393488 -0.883296 -0.0987167 0.458305 0.457573 -0.394339 0.796947 2.37577 2.88229 0.466004</i>
                        <i>0.106407 0.910981 0.398486 -0.883569 -0.0971829 0.458107 0.456053 -0.400836 0.794573 2.37648 2.8822 0.466754</i>
                        <i>0.111159 0.908018 0.403916 -0.883859 -0.0954889 0.457903 0.454353 -0.407904 0.791945 2.37724 2.88209 0.467564</i>
                        <i>0.116179 0.904828 0.409621 -0.884157 -0.0936792 0.457702 0.452514 -0.415345 0.789126 2.37803 2.88197 0.468412</i>
                        <i>0.121339 0.901487 0.415449 -0.884451 -0.0917987 0.457514 0.45058 -0.422958 0.786183 2.37884 2.88185 0.469274</i>
                        <i>0.126507 0.898079 0.421248 -0.884734 -0.0898925 0.457346 0.4486 -0.43055 0.783189 2.37964 2.88172 0.470127</i>
                        <i>0.131557 0.894693 0.426869 -0.884996 -0.0880063 0.457205 0.446625 -0.437926 0.780222 2.3804 2.88159 0.470946</i>
                        <i>0.136364 0.891424 0.432167 -0.885231 -0.0861857 0.457097 0.444714 -0.444899 0.777364 2.38111 2.88146 0.47171</i>
                        <i>0.140805 0.888373 0.436997 -0.885432 -0.0844767 0.457028 0.442927 -0.451283 0.774699 2.38173 2.88135 0.472394</i>
                        <i>0.144757 0.885647 0.44122 -0.885592 -0.082925 0.457001 0.441329 -0.456895 0.772318 2.38226 2.88124 0.472974</i>
                        <i>0.1481 0.883353 0.444695 -0.885708 -0.0815766 0.457019 0.439986 -0.461554 0.770312 2.38265 2.88115 0.473428</i>
                        <i>0.151492 0.880984 0.448238 -0.885815 -0.0802214 0.457051 0.438613 -0.466296 0.768236 2.38306 2.88106 0.473899</i>
                        <i>0.155095 0.878443 0.451976 -0.885929 -0.0787626 0.457085 0.437122 -0.47131 0.766022 2.38349 2.88096 0.474393</i>
                        <i>0.15883 0.875783 0.455827 -0.886044 -0.0772327 0.457123 0.435545 -0.476487 0.763715 2.38394 2.88086 0.474899</i>
                        <i>0.162616 0.873055 0.459707 -0.886157 -0.0756645 0.457166 0.433915 -0.481716 0.761359 2.38439 2.88076 0.475407</i>
                        <i>0.166378 0.870317 0.463538 -0.886264 -0.0740906 0.457216 0.432266 -0.486888 0.759004 2.38483 2.88065 0.475906</i>
                        <i>0.170037 0.867626 0.467239 -0.886364 -0.0725436 0.457271 0.430635 -0.491897 0.756697 2.38526 2.88056 0.476386</i>
                        <i>0.173519 0.865043 0.470735 -0.886452 -0.0710558 0.457332 0.429061 -0.49664 0.75449 2.38566 2.88046 0.476836</i>
                        <i>0.176749 0.862631 0.473949 -0.886529 -0.0696596 0.457399 0.427582 -0.501014 0.752435 2.38603 2.88038 0.477246</i>
                        <i>0.179655 0.860453 0.476807 -0.886591 -0.0683872 0.45747 0.426239 -0.50492 0.750584 2.38635 2.8803 0.477603</i>
                        <i>0.182164 0.858574 0.479236 -0.886639 -0.0672708 0.457543 0.425073 -0.508257 0.748991 2.38661 2.88024 0.477899</i>
                        <i>0.184205 0.85706 0.481162 -0.88667 -0.0663422 0.457618 0.424127 -0.510928 0.747709 2.3868 2.88019 0.478121</i>
                        <i>0.185706 0.855975 0.482515 -0.886685 -0.0656333 0.457692 0.423441 -0.512835 0.746792 2.38692 2.88016 0.47826</i>
                        <i>0.186594 0.855383 0.48322 -0.886682 -0.065176 0.457763 0.423057 -0.513879 0.746292 2.38695 2.88014 0.478304</i>
                        <i>0.186799 0.855348 0.483205 -0.88666 -0.0650022 0.457831 0.423014 -0.51396 0.74626 2.38688 2.88015 0.478242</i>
                        <i>0.186244 0.855927 0.482392 -0.886616 -0.0651436 0.457895 0.42335 -0.512977 0.746746 2.3867 2.88018 0.478064</i>
                        <i>0.185054 0.857007 0.480931 -0.886559 -0.065554 0.457947 0.423991 -0.511119 0.747656 2.38644 2.88024 0.477796</i>
                        <i>0.183408 0.858421 0.479035 -0.886498 -0.0661646 0.457978 0.424834 -0.50866 0.748853 2.38614 2.8803 0.477477</i>
                        <i>0.181344 0.860138 0.476735 -0.886431 -0.0669573 0.457992 0.425857 -0.505647 0.750311 2.3858 2.88037 0.477109</i>
                        <i>0.178911 0.862118 0.474071 -0.886357 -0.0679063 0.457995 0.427038 -0.502137 0.751995 2.38543 2.88046 0.476696</i>
                        <i>0.17614 0.864331 0.471071 -0.886276 -0.068998 0.45799 0.428358 -0.498169 0.753882 2.38501 2.88055 0.476241</i>
                        <i>0.17306 0.866746 0.467763 -0.886186 -0.0702189 0.457978 0.429797 -0.493782 0.755946 2.38457 2.88065 0.475749</i>
                        <i>0.169702 0.869334 0.464177 -0.886087 -0.0715553 0.457963 0.431337 -0.489018 0.758162 2.3841 2.88075 0.475225</i>
                        <i>0.166095 0.872066 0.460341 -0.885978 -0.0729936 0.457946 0.432961 -0.483915 0.760507 2.3836 2.88086 0.474672</i>
                        <i>0.162271 0.874912 0.456287 -0.885859 -0.07452 0.45793 0.434651 -0.478515 0.762957 2.38308 2.88097 0.474095</i>
                        <i>0.15826 0.877844 0.452044 -0.885731 -0.0761209 0.457916 0.436389 -0.472858 0.765487 2.38255 2.88109 0.473499</i>
                        <i>0.154094 0.880836 0.447642 -0.885592 -0.0777824 0.457906 0.438158 -0.466989 0.768075 2.382 2.8812 0.472887</i>
                        <i>0.149806 0.883859 0.443115 -0.885442 -0.0794905 0.457901 0.439943 -0.460949 0.770698 2.38144 2.88132 0.472263</i>
                        <i>0.145427 0.88689 0.438494 -0.885283 -0.0812313 0.457903 0.441729 -0.454783 0.773336 2.38088 2.88143 0.471633</i>
                        <i>0.140992 0.889903 0.433813 -0.885115 -0.0829908 0.457912 0.4435 -0.448536 0.775966 2.38031 2.88154 0.471</i>
                        <i>0.136535 0.892876 0.429105 -0.884939 -0.0847548 0.45793 0.445243 -0.442255 0.778568 2.37975 2.88165 0.470368</i>
                        <i>0.132088 0.895786 0.424406 -0.884755 -0.0865093 0.457957 0.446946 -0.435986 0.781124 2.37919 2.88175 0.469742</i>
                        <i>0.127689 0.898613 0.419751 -0.884566 -0.0882402 0.457992 0.448597 -0.429778 0.783615 2.37863 2.88185 0.469126</i>
                        <i>0.123371 0.901337 0.415177 -0.884372 -0.0899333 0.458037 0.450183 -0.423679 0.786022 2.37809 2.88195 0.468524</i>
                        <i>0.119171 0.90394 0.41072 -0.884177 -0.0915745 0.458089 0.451697 -0.41774 0.78833 2.37757 2.88204 0.46794</i>
                        <i>0.115125 0.906406 0.406418 -0.883981 -0.0931497 0.45815 0.453127 -0.41201 0.790521 2.37706 2.88212 0.467378</i>
                        <i>0.11127 0.908717 0.402309 -0.883787 -0.0946449 0.458217 0.454466 -0.406541 0.792581 2.37657 2.8822 0.466842</i>
                        <i>0.107642 0.91086 0.398431 -0.883598 -0.0960461 0.45829 0.455705 -0.401385 0.794495 2.37611 2.88227 0.466337</i>
                        <i>0.104279 0.91282 0.394825 -0.883416 -0.0973393 0.458367 0.456839 -0.396592 0.796249 2.37568 2.88233 0.465867</i>
                        <i>0.101216 0.914583 0.391527 -0.883245 -0.0985106 0.458448 0.457858 -0.392217 0.79783 2.37529 2.88239 0.465434</i>
                        <i>0.0984922 0.916137 0.388578 -0.883086 -0.0995461 0.45853 0.458758 -0.38831 0.799223 2.37493 2.88244 0.465045</i>
                        <i>0.0961436 0.917468 0.386017 -0.882942 -0.100432 0.458613 0.459531 -0.384923 0.800415 2.3746 2.88248 0.464702</i>
                        <i>0.094175 0.918575 0.383864 -0.882818 -0.101173 0.45869 0.460178 -0.382079 0.801406 2.37433 2.88251 0.464413</i>
                        <i>0.0925868 0.919455 0.382139 -0.882715 -0.101778 0.458754 0.460697 -0.379794 0.802194 2.37411 2.88254 0.464185</i>
                        <i>0.091492 0.920048 0.380974 -0.88264 -0.102209 0.458803 0.46106 -0.378239 0.80272 2.37397 2.88255 0.464039</i>
                        <i>0.0909771 0.920307 0.380471 -0.882597 -0.102441 0.458834 0.461244 -0.377546 0.80294 2.37391 2.88255 0.463989</i>
                        <i>0.0913258 0.920072 0.380954 -0.88261 -0.102368 0.458825 0.46115 -0.378137 0.802716 2.37398 2.88253 0.464083</i>
                    </KeyFrames>
                </p>
            </i>
            <i>
                <p>
                    <Name><![CDATA[head]]></Name>
                    <Exclude>0</Exclude>
                    <Additive>0</Additive>
                    <IKPriority>0</IKPriority>
                    <IKRotLimits>-1e+010 -1e+010 -1e+010 1e+010 1e+010 1e+010</IKRotLimits>
                    <IKRotLimitOrder>0</IKRotLimitOrder>
                    <KeyFrames count="61">
                        <i>-0.00870971 0.946076 0.323829 -0.896032 0.136376 -0.422527 -0.443905 -0.293841 0.846526 2.4031 3.11782 0.555125</i>
                        <i>-0.00871264 0.946087 0.323795 -0.896162 0.136272 -0.422283 -0.443641 -0.293852 0.84666 2.40369 3.11756 0.55582</i>
                        <i>-0.00871631 0.946105 0.323742 -0.896369 0.136108 -0.421896 -0.443222 -0.29387 0.846873 2.40466 3.11715 0.556931</i>
                        <i>-0.008724 0.94613 0.323671 -0.896642 0.135889 -0.421387 -0.44267 -0.293893 0.847154 2.40594 3.1166 0.558396</i>
                        <i>-0.00873913 0.94616 0.323582 -0.89697 0.135618 -0.420775 -0.442004 -0.293921 0.847492 2.40749 3.11593 0.560152</i>
                        <i>-0.00876483 0.946195 0.323478 -0.897343 0.135302 -0.420083 -0.441247 -0.293952 0.847875 2.40923 3.11517 0.562137</i>
                        <i>-0.00880362 0.946235 0.323359 -0.897748 0.134946 -0.41933 -0.440421 -0.293987 0.848293 2.41112 3.11432 0.564288</i>
                        <i>-0.00885685 0.94628 0.323228 -0.898176 0.134557 -0.418539 -0.439547 -0.294022 0.848734 2.41311 3.11342 0.566545</i>
                        <i>-0.00892474 0.946327 0.323087 -0.898614 0.134143 -0.417729 -0.438649 -0.294059 0.849186 2.41514 3.11247 0.568844</i>
                        <i>-0.00900596 0.946377 0.32294 -0.899052 0.133715 -0.416924 -0.437749 -0.294095 0.849638 2.41715 3.11151 0.571126</i>
                        <i>-0.00909785 0.946426 0.322792 -0.899478 0.133285 -0.416142 -0.436871 -0.29413 0.850077 2.41909 3.11057 0.573329</i>
