<?xml version="1.0" encoding="ISO-8859-1" ?>
<Animl Version="1">
    <ModellingPackage><![CDATA[Maya.2010]]></ModellingPackage>
    <SrcFile><![CDATA[anims\turrets\special\blue\~src\flamelube\flamelube_idle_crewmana.mb]]></SrcFile>
    <FramesPerSecond>30</FramesPerSecond>
    <TotalFrames>61</TotalFrames>
    <Skeleton>
        <RefFrame>
            <Name><![CDATA[soldier_ref_frame]]></Name>
            <Exclude>0</Exclude>
            <Additive>0</Additive>
            <IKPriority>0</IKPriority>
            <IKRotLimits>-1e+010 -1e+010 -1e+010 1e+010 1e+010 1e+010</IKRotLimits>
            <IKRotLimitOrder>0</IKRotLimitOrder>
            <KeyFrames count="61">
                <i>1 0 0 0 1 0 0 0 1 0.2 0.9 -1.6</i>
                <i>1 0 0 0 1 0 0 0 1 0.2 0.9 -1.6</i>
                <i>1 0 0 0 1 0 0 0 1 0.2 0.9 -1.6</i>
                <i>1 0 0 0 1 0 0 0 1 0.2 0.9 -1.6</i>
                <i>1 0 0 0 1 0 0 0 1 0.2 0.9 -1.6</i>
                <i>1 0 0 0 1 0 0 0 1 0.2 0.9 -1.6</i>
                <i>1 0 0 0 1 0 0 0 1 0.2 0.9 -1.6</i>
                <i>1 0 0 0 1 0 0 0 1 0.2 0.9 -1.6</i>
                <i>1 0 0 0 1 0 0 0 1 0.2 0.9 -1.6</i>
                <i>1 0 0 0 1 0 0 0 1 0.2 0.9 -1.6</i>
                <i>1 0 0 0 1 0 0 0 1 0.2 0.9 -1.6</i>
                <i>1 0 0 0 1 0 0 0 1 0.2 0.9 -1.6</i>
                <i>1 0 0 0 1 0 0 0 1 0.2 0.9 -1.6</i>
                <i>1 0 0 0 1 0 0 0 1 0.2 0.9 -1.6</i>
                <i>1 0 0 0 1 0 0 0 1 0.2 0.9 -1.6</i>
                <i>1 0 0 0 1 0 0 0 1 0.2 0.9 -1.6</i>
                <i>1 0 0 0 1 0 0 0 1 0.2 0.9 -1.6</i>
                <i>1 0 0 0 1 0 0 0 1 0.2 0.9 -1.6</i>
                <i>1 0 0 0 1 0 0 0 1 0.2 0.9 -1.6</i>
                <i>1 0 0 0 1 0 0 0 1 0.2 0.9 -1.6</i>
                <i>1 0 0 0 1 0 0 0 1 0.2 0.9 -1.6</i>
                <i>1 0 0 0 1 0 0 0 1 0.2 0.9 -1.6</i>
                <i>1 0 0 0 1 0 0 0 1 0.2 0.9 -1.6</i>
                <i>1 0 0 0 1 0 0 0 1 0.2 0.9 -1.6</i>
                <i>1 0 0 0 1 0 0 0 1 0.2 0.9 -1.6</i>
                <i>1 0 0 0 1 0 0 0 1 0.2 0.9 -1.6</i>
                <i>1 0 0 0 1 0 0 0 1 0.2 0.9 -1.6</i>
                <i>1 0 0 0 1 0 0 0 1 0.2 0.9 -1.6</i>
                <i>1 0 0 0 1 0 0 0 1 0.2 0.9 -1.6</i>
                <i>1 0 0 0 1 0 0 0 1 0.2 0.9 -1.6</i>
                <i>1 0 0 0 1 0 0 0 1 0.2 0.9 -1.6</i>
                <i>1 0 0 0 1 0 0 0 1 0.2 0.9 -1.6</i>
                <i>1 0 0 0 1 0 0 0 1 0.2 0.9 -1.6</i>
                <i>1 0 0 0 1 0 0 0 1 0.2 0.9 -1.6</i>
                <i>1 0 0 0 1 0 0 0 1 0.2 0.9 -1.6</i>
                <i>1 0 0 0 1 0 0 0 1 0.2 0.9 -1.6</i>
                <i>1 0 0 0 1 0 0 0 1 0.2 0.9 -1.6</i>
                <i>1 0 0 0 1 0 0 0 1 0.2 0.9 -1.6</i>
                <i>1 0 0 0 1 0 0 0 1 0.2 0.9 -1.6</i>
                <i>1 0 0 0 1 0 0 0 1 0.2 0.9 -1.6</i>
                <i>1 0 0 0 1 0 0 0 1 0.2 0.9 -1.6</i>
                <i>1 0 0 0 1 0 0 0 1 0.2 0.9 -1.6</i>
                <i>1 0 0 0 1 0 0 0 1 0.2 0.9 -1.6</i>
                <i>1 0 0 0 1 0 0 0 1 0.2 0.9 -1.6</i>
                <i>1 0 0 0 1 0 0 0 1 0.2 0.9 -1.6</i>
                <i>1 0 0 0 1 0 0 0 1 0.2 0.9 -1.6</i>
                <i>1 0 0 0 1 0 0 0 1 0.2 0.9 -1.6</i>
                <i>1 0 0 0 1 0 0 0 1 0.2 0.9 -1.6</i>
                <i>1 0 0 0 1 0 0 0 1 0.2 0.9 -1.6</i>
                <i>1 0 0 0 1 0 0 0 1 0.2 0.9 -1.6</i>
                <i>1 0 0 0 1 0 0 0 1 0.2 0.9 -1.6</i>
                <i>1 0 0 0 1 0 0 0 1 0.2 0.9 -1.6</i>
                <i>1 0 0 0 1 0 0 0 1 0.2 0.9 -1.6</i>
                <i>1 0 0 0 1 0 0 0 1 0.2 0.9 -1.6</i>
                <i>1 0 0 0 1 0 0 0 1 0.2 0.9 -1.6</i>
                <i>1 0 0 0 1 0 0 0 1 0.2 0.9 -1.6</i>
                <i>1 0 0 0 1 0 0 0 1 0.2 0.9 -1.6</i>
                <i>1 0 0 0 1 0 0 0 1 0.2 0.9 -1.6</i>
                <i>1 0 0 0 1 0 0 0 1 0.2 0.9 -1.6</i>
                <i>1 0 0 0 1 0 0 0 1 0.2 0.9 -1.6</i>
                <i>1 0 0 0 1 0 0 0 1 0.2 0.9 -1.6</i>
            </KeyFrames>
        </RefFrame>
        <Bones count="23">
            <i>
                <p>
                    <Name><![CDATA[pelvis]]></Name>
                    <Exclude>0</Exclude>
                    <Additive>0</Additive>
                    <IKPriority>0</IKPriority>
                    <IKRotLimits>-1e+010 -1e+010 -1e+010 1e+010 1e+010 1e+010</IKRotLimits>
                    <IKRotLimitOrder>2</IKRotLimitOrder>
                    <KeyFrames count="61">
                        <i>1 0 0 0 1 0 0 0 1 0.163139 2.01002 -1.39069</i>
                        <i>1 0 0 0 1 0 0 0 1 0.162416 2.00726 -1.39034</i>
                        <i>1 0 0 0 1 0 0 0 1 0.161639 2.00424 -1.39</i>
                        <i>1 0 0 0 1 0 0 0 1 0.160817 2.00101 -1.38967</i>
                        <i>1 0 0 0 1 0 0 0 1 0.159957 1.99765 -1.38935</i>
                        <i>1 0 0 0 1 0 0 0 1 0.159068 1.99419 -1.38904</i>
                        <i>1 0 0 0 1 0 0 0 1 0.158159 1.9907 -1.38874</i>
                        <i>1 0 0 0 1 0 0 0 1 0.157239 1.98722 -1.38844</i>
                        <i>1 0 0 0 1 0 0 0 1 0.156316 1.98382 -1.38815</i>
                        <i>1 0 0 0 1 0 0 0 1 0.155399 1.98054 -1.38787</i>
                        <i>1 0 0 0 1 0 0 0 1 0.154496 1.97745 -1.3876</i>
                        <i>1 0 0 0 1 0 0 0 1 0.153616 1.97459 -1.38733</i>
                        <i>1 0 0 0 1 0 0 0 1 0.152768 1.97202 -1.38708</i>
                        <i>1 0 0 0 1 0 0 0 1 0.151959 1.9698 -1.38683</i>
                        <i>1 0 0 0 1 0 0 0 1 0.1512 1.96798 -1.38658</i>
                        <i>1 0 0 0 1 0 0 0 1 0.150497 1.96661 -1.38635</i>
                        <i>1 0 0 0 1 0 0 0 1 0.14986 1.96575 -1.38612</i>
                        <i>1 0 0 0 1 0 0 0 1 0.149298 1.96545 -1.3859</i>
                        <i>1 0 0 0 1 0 0 0 1 0.148819 1.96511 -1.38571</i>
                        <i>1 0 0 0 1 0 0 0 1 0.148431 1.96445 -1.3856</i>
                        <i>1 0 0 0 1 0 0 0 1 0.148143 1.96395 -1.38558</i>
                        <i>1 0 0 0 1 0 0 0 1 0.147964 1.96411 -1.38567</i>
                        <i>1 0 0 0 1 0 0 0 1 0.147903 1.96545 -1.3859</i>
                        <i>1 0 0 0 1 0 0 0 1 0.147952 1.96762 -1.38621</i>
                        <i>1 0 0 0 1 0 0 0 1 0.148094 1.96998 -1.38655</i>
                        <i>1 0 0 0 1 0 0 0 1 0.148324 1.97249 -1.38692</i>
                        <i>1 0 0 0 1 0 0 0 1 0.148635 1.97514 -1.38731</i>
                        <i>1 0 0 0 1 0 0 0 1 0.14902 1.9779 -1.38772</i>
                        <i>1 0 0 0 1 0 0 0 1 0.149475 1.98075 -1.38814</i>
                        <i>1 0 0 0 1 0 0 0 1 0.149992 1.98368 -1.38858</i>
                        <i>1 0 0 0 1 0 0 0 1 0.150565 1.98666 -1.38902</i>
                        <i>1 0 0 0 1 0 0 0 1 0.151189 1.98968 -1.38946</i>
                        <i>1 0 0 0 1 0 0 0 1 0.151856 1.9927 -1.38991</i>
                        <i>1 0 0 0 1 0 0 0 1 0.152561 1.99572 -1.39036</i>
                        <i>1 0 0 0 1 0 0 0 1 0.153297 1.99871 -1.3908</i>
                        <i>1 0 0 0 1 0 0 0 1 0.154059 2.00165 -1.39123</i>
                        <i>1 0 0 0 1 0 0 0 1 0.154839 2.00452 -1.39164</i>
                        <i>1 0 0 0 1 0 0 0 1 0.155633 2.0073 -1.39204</i>
                        <i>1 0 0 0 1 0 0 0 1 0.156433 2.00996 -1.39243</i>
                        <i>1 0 0 0 1 0 0 0 1 0.157233 2.0125 -1.39278</i>
                        <i>1 0 0 0 1 0 0 0 1 0.158028 2.01488 -1.39312</i>
                        <i>1 0 0 0 1 0 0 0 1 0.15881 2.01708 -1.39342</i>
                        <i>1 0 0 0 1 0 0 0 1 0.159575 2.0191 -1.39369</i>
                        <i>1 0 0 0 1 0 0 0 1 0.160315 2.0209 -1.39392</i>
                        <i>1 0 0 0 1 0 0 0 1 0.161024 2.02246 -1.39411</i>
                        <i>1 0 0 0 1 0 0 0 1 0.161697 2.02377 -1.39426</i>
                        <i>1 0 0 0 1 0 0 0 1 0.162326 2.02477 -1.39435</i>
                        <i>1 0 0 0 1 0 0 0 1 0.162906 2.02543 -1.39436</i>
                        <i>1 0 0 0 1 0 0 0 1 0.163431 2.02578 -1.3943</i>
                        <i>1 0 0 0 1 0 0 0 1 0.163894 2.02582 -1.39418</i>
                        <i>1 0 0 0 1 0 0 0 1 0.164289 2.02556 -1.394</i>
                        <i>1 0 0 0 1 0 0 0 1 0.16461 2.02503 -1.39378</i>
                        <i>1 0 0 0 1 0 0 0 1 0.16485 2.02424 -1.39351</i>
                        <i>1 0 0 0 1 0 0 0 1 0.165005 2.02319 -1.39321</i>
                        <i>1 0 0 0 1 0 0 0 1 0.165066 2.0219 -1.39288</i>
                        <i>1 0 0 0 1 0 0 0 1 0.165028 2.0204 -1.39253</i>
                        <i>1 0 0 0 1 0 0 0 1 0.164886 2.01868 -1.39217</i>
                        <i>1 0 0 0 1 0 0 0 1 0.164631 2.01677 -1.39179</i>
                        <i>1 0 0 0 1 0 0 0 1 0.16426 2.01469 -1.39142</i>
                        <i>1 0 0 0 1 0 0 0 1 0.163764 2.01243 -1.39105</i>
                        <i>1 0 0 0 1 0 0 0 1 0.163139 2.01002 -1.39069</i>
                    </KeyFrames>
                </p>
            </i>
            <i>
                <p>
                    <Name><![CDATA[spine0]]></Name>
                    <Exclude>0</Exclude>
                    <Additive>0</Additive>
                    <IKPriority>0</IKPriority>
                    <IKRotLimits>-1e+010 -1e+010 -1e+010 1e+010 1e+010 1e+010</IKRotLimits>
                    <IKRotLimitOrder>0</IKRotLimitOrder>
                    <KeyFrames count="61">
                        <i>-0.0275273 0.959621 0.279946 -0.775258 0.156298 -0.612001 -0.631044 -0.233877 0.739652 0.186826 2.14561 -1.43253</i>
                        <i>-0.0269316 0.959889 0.279083 -0.775811 0.155989 -0.61138 -0.630391 -0.232981 0.740491 0.186367 2.14292 -1.4318</i>
                        <i>-0.0263865 0.960146 0.27825 -0.776421 0.155641 -0.610694 -0.629662 -0.232153 0.74137 0.185884 2.13997 -1.43104</i>
                        <i>-0.0258939 0.960384 0.277475 -0.777072 0.155278 -0.609958 -0.628879 -0.231412 0.742266 0.185378 2.13683 -1.43026</i>
                        <i>-0.0254563 0.960594 0.276786 -0.777748 0.154921 -0.609186 -0.628061 -0.230778 0.743156 0.184851 2.13354 -1.42946</i>
                        <i>-0.0250768 0.96077 0.27621 -0.778434 0.154588 -0.608394 -0.627226 -0.230267 0.744019 0.184305 2.13017 -1.42866</i>
                        <i>-0.0247589 0.960905 0.27577 -0.779114 0.154299 -0.607596 -0.626393 -0.229899 0.744834 0.183741 2.12675 -1.42786</i>
                        <i>-0.0245067 0.960992 0.27549 -0.779774 0.15407 -0.606807 -0.625581 -0.229691 0.745581 0.183163 2.12335 -1.42708</i>
                        <i>-0.0243249 0.961024 0.275393 -0.780402 0.153915 -0.606039 -0.624805 -0.229659 0.746241 0.182571 2.12002 -1.42632</i>
                        <i>-0.0242184 0.960996 0.275499 -0.780982 0.153848 -0.605308 -0.624084 -0.229819 0.746795 0.181967 2.11681 -1.42559</i>
                        <i>-0.0241928 0.960902 0.275829 -0.781502 0.153883 -0.604627 -0.623433 -0.230188 0.747225 0.181353 2.11377 -1.42491</i>
                        <i>-0.0242539 0.960736 0.276402 -0.78195 0.154032 -0.60401 -0.622869 -0.230782 0.747512 0.180731 2.11096 -1.42428</i>
                        <i>-0.0244566 0.960503 0.277193 -0.78232 0.154239 -0.603478 -0.622396 -0.231613 0.747649 0.180102 2.10843 -1.42371</i>
                        <i>-0.0248493 0.96022 0.278137 -0.782611 0.154427 -0.603053 -0.622015 -0.232659 0.747641 0.179468 2.10624 -1.42321</i>
                        <i>-0.0254279 0.959897 0.279196 -0.782811 0.15458 -0.602753 -0.62174 -0.233884 0.747488 0.17883 2.10444 -1.4228</i>
                        <i>-0.0261881 0.959546 0.28033 -0.782913 0.15468 -0.602596 -0.62158 -0.235255 0.74719 0.178191 2.10308 -1.42247</i>
                        <i>-0.0271255 0.959177 0.281504 -0.782905 0.154713 -0.602598 -0.62155 -0.236737 0.746747 0.177552 2.10222 -1.42225</i>
                        <i>-0.0282291 0.958797 0.282687 -0.782783 0.15467 -0.602768 -0.621655 -0.238298 0.746163 0.176918 2.1019 -1.42213</i>
                        <i>-0.0294707 0.958413 0.28386 -0.782555 0.154559 -0.603092 -0.621884 -0.239909 0.745455 0.176304 2.10155 -1.42213</i>
                        <i>-0.0308194 0.958029 0.285008 -0.782231 0.15439 -0.603554 -0.622225 -0.241544 0.744642 0.175725 2.10085 -1.42229</i>
                        <i>-0.0322438 0.957652 0.286117 -0.781823 0.154174 -0.604138 -0.622666 -0.243172 0.743744 0.175196 2.1003 -1.42261</i>
                        <i>-0.0337127 0.957286 0.287169 -0.781341 0.153921 -0.604826 -0.623193 -0.244767 0.742778 0.174734 2.10041 -1.4231</i>
                        <i>-0.0351942 0.956939 0.288149 -0.780795 0.15364 -0.605603 -0.623796 -0.246299 0.741765 0.174354 2.10169 -1.42378</i>
                        <i>-0.0366566 0.956616 0.289038 -0.780195 0.153341 -0.606451 -0.624461 -0.247736 0.740726 0.174057 2.10379 -1.42459</i>
                        <i>-0.0380684 0.956324 0.289818 -0.779553 0.15303 -0.607354 -0.625178 -0.24905 0.73968 0.173833 2.10607 -1.42545</i>
                        <i>-0.0393977 0.956073 0.29047 -0.778881 0.152714 -0.608295 -0.625933 -0.250207 0.73865 0.173682 2.10849 -1.42637</i>
                        <i>-0.0406132 0.955869 0.290972 -0.77819 0.152398 -0.609258 -0.626715 -0.251175 0.737658 0.173605 2.11105 -1.42731</i>
                        <i>-0.0416835 0.955723 0.291301 -0.777492 0.152085 -0.610227 -0.62751 -0.25192 0.736728 0.173604 2.11372 -1.42827</i>
                        <i>-0.0425778 0.955643 0.291434 -0.776801 0.151777 -0.611183 -0.628305 -0.252409 0.735882 0.173678 2.11648 -1.42924</i>
                        <i>-0.0432655 0.955639 0.291346 -0.77613 0.151476 -0.612109 -0.629087 -0.252606 0.735146 0.173828 2.11931 -1.4302</i>
                        <i>-0.0437757 0.955675 0.29115 -0.775486 0.151226 -0.612986 -0.629845 -0.252617 0.734493 0.174056 2.1222 -1.43115</i>
                        <i>-0.0441536 0.955711 0.290976 -0.77488 0.151075 -0.613789 -0.630565 -0.252573 0.733891 0.17436 2.12512 -1.43205</i>
                        <i>-0.0443935 0.955745 0.290827 -0.774324 0.151023 -0.614503 -0.63123 -0.252474 0.733352 0.174743 2.12807 -1.43291</i>
                        <i>-0.04449 0.955778 0.290705 -0.773834 0.151068 -0.61511 -0.631825 -0.252324 0.732892 0.175203 2.13101 -1.43371</i>
                        <i>-0.0444377 0.955809 0.290612 -0.773423 0.151211 -0.615591 -0.632331 -0.252121 0.732524 0.175742 2.13394 -1.43444</i>
                        <i>-0.0442673 0.955841 0.29053 -0.773067 0.151427 -0.615984 -0.632778 -0.251868 0.732226 0.17634 2.13683 -1.43511</i>
                        <i>-0.0440163 0.95588 0.29044 -0.772734 0.151689 -0.616338 -0.633201 -0.251562 0.731965 0.176971 2.13965 -1.43574</i>
                        <i>-0.0436901 0.955926 0.290338 -0.772426 0.151989 -0.61665 -0.6336 -0.251206 0.731742 0.17763 2.14239 -1.43634</i>
                        <i>-0.043294 0.955979 0.290223 -0.772143 0.152321 -0.616922 -0.633972 -0.250803 0.731558 0.17831 2.14502 -1.4369</i>
                        <i>-0.0428333 0.95604 0.290091 -0.771887 0.15268 -0.617154 -0.634315 -0.250353 0.731416 0.179007 2.14752 -1.43741</i>
                        <i>-0.0423134 0.956109 0.289941 -0.771661 0.153059 -0.617343 -0.634625 -0.249858 0.731315 0.179713 2.14987 -1.43787</i>
                        <i>-0.0417397 0.956186 0.289769 -0.771465 0.153452 -0.617491 -0.634902 -0.24932 0.731259 0.180423 2.15205 -1.43828</i>
                        <i>-0.0411174 0.956272 0.289573 -0.7713 0.153853 -0.617596 -0.635142 -0.248742 0.731247 0.181132 2.15405 -1.43863</i>
                        <i>-0.040452 0.956368 0.289351 -0.771169 0.154256 -0.61766 -0.635344 -0.248124 0.731281 0.181833 2.15584 -1.43892</i>
                        <i>-0.0397488 0.956473 0.289101 -0.771073 0.154654 -0.61768 -0.635505 -0.24747 0.731363 0.182519 2.15739 -1.43914</i>
                        <i>-0.0390132 0.956588 0.288821 -0.771013 0.155043 -0.617657 -0.635623 -0.246781 0.731493 0.183186 2.1587 -1.4393</i>
                        <i>-0.0382503 0.956713 0.288508 -0.770991 0.155417 -0.617591 -0.635696 -0.24606 0.731672 0.183828 2.1597 -1.43937</i>
                        <i>-0.0374656 0.956849 0.28816 -0.771008 0.155769 -0.617481 -0.635723 -0.245308 0.731902 0.184438 2.16038 -1.43933</i>
                        <i>-0.0366641 0.956995 0.287777 -0.771065 0.156095 -0.617328 -0.6357 -0.244528 0.732182 0.18501 2.16074 -1.43921</i>
                        <i>-0.035851 0.957153 0.287355 -0.771164 0.156389 -0.61713 -0.635627 -0.243723 0.732515 0.18554 2.1608 -1.43899</i>
                        <i>-0.0350315 0.957321 0.286895 -0.771305 0.156647 -0.616888 -0.635501 -0.242894 0.732899 0.18602 2.16057 -1.43869</i>
                        <i>-0.0342104 0.957501 0.286393 -0.77149 0.156864 -0.616601 -0.635321 -0.242044 0.733336 0.186445 2.16007 -1.43831</i>
                        <i>-0.0333928 0.957692 0.28585 -0.77172 0.157035 -0.61627 -0.635085 -0.241175 0.733827 0.186809 2.15932 -1.43787</i>
                        <i>-0.0325833 0.957895 0.285265 -0.771996 0.157155 -0.615894 -0.634792 -0.240291 0.73437 0.187106 2.15831 -1.43736</i>
                        <i>-0.0317869 0.958109 0.284636 -0.772318 0.157222 -0.615472 -0.634441 -0.239393 0.734967 0.187331 2.15708 -1.43679</i>
                        <i>-0.0310079 0.958334 0.283963 -0.772687 0.157231 -0.615006 -0.634029 -0.238485 0.735617 0.187477 2.15563 -1.43617</i>
                        <i>-0.0302509 0.95857 0.283246 -0.773104 0.157178 -0.614495 -0.633557 -0.237568 0.73632 0.187538 2.15398 -1.43551</i>
                        <i>-0.0295203 0.958817 0.282486 -0.77357 0.157061 -0.613939 -0.633023 -0.236646 0.737076 0.18751 2.15213 -1.43481</i>
                        <i>-0.0288201 0.959075 0.281682 -0.774084 0.156877 -0.613338 -0.632427 -0.235722 0.737883 0.187386 2.15012 -1.43407</i>
                        <i>-0.0281545 0.959343 0.280835 -0.774647 0.156623 -0.612692 -0.631767 -0.234798 0.738742 0.187159 2.14794 -1.43331</i>
                        <i>-0.0275273 0.959621 0.279946 -0.775258 0.156298 -0.612001 -0.631044 -0.233877 0.739652 0.186826 2.14561 -1.43253</i>
                    </KeyFrames>
                </p>
            </i>
            <i>
                <p>
                    <Name><![CDATA[spine1]]></Name>
                    <Exclude>0</Exclude>
                    <Additive>0</Additive>
                    <IKPriority>0</IKPriority>
                    <IKRotLimits>-1e+010 -1e+010 -1e+010 1e+010 1e+010 1e+010</IKRotLimits>
                    <IKRotLimitOrder>0</IKRotLimitOrder>
                    <KeyFrames count="61">
                        <i>-0.075081 0.72336 0.686377 -0.74268 0.418756 -0.52256 -0.665424 -0.548993 0.505785 0.181732 2.32531 -1.38018</i>
                        <i>-0.0762256 0.726488 0.682938 -0.743743 0.414767 -0.524228 -0.664106 -0.54789 0.508704 0.18139 2.32246 -1.37968</i>
                        <i>-0.0778375 0.729701 0.679322 -0.744952 0.410266 -0.526049 -0.662561 -0.547009 0.511658 0.181014 2.31935 -1.37913</i>
                        <i>-0.079855 0.732913 0.67562 -0.746267 0.405385 -0.527967 -0.66084 -0.546354 0.514576 0.180605 2.31603 -1.37856</i>
                        <i>-0.0822152 0.736038 0.671929 -0.747646 0.400256 -0.529925 -0.658988 -0.545933 0.517389 0.180164 2.31256 -1.37795</i>
                        <i>-0.0848549 0.738994 0.668347 -0.749051 0.395015 -0.53187 -0.657055 -0.545758 0.520025 0.179694 2.30899 -1.37732</i>
                        <i>-0.0877093 0.741695 0.664978 -0.750445 0.389798 -0.533751 -0.655087 -0.545844 0.522413 0.179194 2.30538 -1.37667</i>
                        <i>-0.0907132 0.744061 0.661925 -0.751793 0.384745 -0.535516 -0.653129 -0.546209 0.524479 0.178667 2.3018 -1.37599</i>
                        <i>-0.0937999 0.746009 0.659296 -0.753064 0.379999 -0.537118 -0.651227 -0.546874 0.526149 0.178112 2.29829 -1.3753</i>
                        <i>-0.0969022 0.74746 0.657202 -0.754226 0.375702 -0.538508 -0.649426 -0.547861 0.527347 0.177531 2.29491 -1.3746</i>
                        <i>-0.0999517 0.748332 0.655751 -0.755251 0.372001 -0.539639 -0.647769 -0.549195 0.527996 0.176925 2.29172 -1.37389</i>
                        <i>-0.10288 0.748544 0.655055 -0.756114 0.369042 -0.540463 -0.646303 -0.550899 0.528018 0.176293 2.28878 -1.37319</i>
                        <i>-0.105775 0.748086 0.655117 -0.756832 0.366763 -0.541009 -0.644994 -0.553039 0.527381 0.175628 2.28615 -1.37249</i>
                        <i>-0.108714 0.747023 0.655848 -0.757433 0.365036 -0.541336 -0.643799 -0.555612 0.526135 0.174922 2.28387 -1.37183</i>
                        <i>-0.11161 0.745391 0.657218 -0.757902 0.363907 -0.541439 -0.64275 -0.558537 0.524318 0.174178 2.28201 -1.37121</i>
                        <i>-0.114376 0.743225 0.659192 -0.758227 0.363421 -0.54131 -0.64188 -0.561731 0.521967 0.173397 2.28062 -1.37067</i>
                        <i>-0.116925 0.740562 0.661738 -0.758394 0.363623 -0.54094 -0.641223 -0.565107 0.519121 0.172583 2.27977 -1.37021</i>
                        <i>-0.119187 0.737449 0.664803 -0.758397 0.364527 -0.540328 -0.640803 -0.568584 0.515832 0.171742 2.2795 -1.36983</i>
                        <i>-0.121144 0.733967 0.668294 -0.758247 0.36607 -0.539494 -0.640613 -0.572088 0.512181 0.170894 2.27921 -1.36958</i>
                        <i>-0.122786 0.730199 0.672111 -0.75796 0.368175 -0.538464 -0.64064 -0.575549 0.508255 0.17006 2.27861 -1.36947</i>
                        <i>-0.124103 0.726231 0.676156 -0.757549 0.370764 -0.537265 -0.640873 -0.578898 0.504143 0.169261 2.27819 -1.36953</i>
                        <i>-0.125087 0.722151 0.680332 -0.757027 0.37376 -0.535923 -0.641298 -0.582067 0.499935 0.16852 2.27844 -1.36977</i>
                        <i>-0.12573 0.718047 0.684545 -0.756405 0.377086 -0.534469 -0.641906 -0.584992 0.495723 0.167858 2.27988 -1.3702</i>
                        <i>-0.126024 0.714008 0.688702 -0.755697 0.380663 -0.532933 -0.642682 -0.587613 0.491601 0.16728 2.28216 -1.37077</i>
                        <i>-0.125964 0.710125 0.692716 -0.754913 0.384415 -0.531349 -0.643615 -0.589871 0.48766 0.166784 2.28462 -1.37142</i>
                        <i>-0.125543 0.706489 0.6965 -0.754065 0.388265 -0.529751 -0.64469 -0.591713 0.483995 0.166376 2.28725 -1.37213</i>
                        <i>-0.124754 0.703189 0.699972 -0.753166 0.392138 -0.528175 -0.645893 -0.593087 0.480697 0.166063 2.29 -1.37291</i>
                        <i>-0.123593 0.700317 0.703051 -0.752228 0.39596 -0.526658 -0.647208 -0.593946 0.47786 0.165852 2.29287 -1.37375</i>
                        <i>-0.122053 0.697962 0.705658 -0.751263 0.399658 -0.52524 -0.648619 -0.594242 0.475574 0.16575 2.29584 -1.37462</i>
                        <i>-0.120126 0.69621 0.707716 -0.750286 0.403161 -0.523958 -0.650108 -0.59393 0.473927 0.165763 2.29887 -1.37554</i>
                        <i>-0.11795 0.694856 0.70941 -0.749302 0.406524 -0.522766 -0.65164 -0.593222 0.472708 0.165887 2.30194 -1.37647</i>
                        <i>-0.1157 0.69365 0.710959 -0.748323 0.409804 -0.521607 -0.653167 -0.592377 0.47166 0.166114 2.30504 -1.37736</i>
                        <i>-0.113427 0.692614 0.712334 -0.747371 0.41293 -0.520505 -0.654653 -0.591417 0.470802 0.166444 2.30815 -1.3782</i>
                        <i>-0.111183 0.691769 0.713509 -0.74647 0.415835 -0.519484 -0.656065 -0.590371 0.470151 0.166881 2.31123 -1.37898</i>
                        <i>-0.109017 0.691136 0.714455 -0.745644 0.418451 -0.518569 -0.657366 -0.589262 0.469723 0.167426 2.31427 -1.37969</i>
                        <i>-0.106869 0.690673 0.715227 -0.744863 0.420878 -0.517727 -0.658603 -0.588075 0.469478 0.168051 2.31726 -1.38035</i>
                        <i>-0.104656 0.690323 0.715892 -0.744085 0.423251 -0.516911 -0.659837 -0.586782 0.469363 0.168727 2.32017 -1.38098</i>
                        <i>-0.102394 0.690088 0.716445 -0.743315 0.425551 -0.516129 -0.661059 -0.585393 0.469379 0.169444 2.32298 -1.38157</i>
                        <i>-0.1001 0.68997 0.716883 -0.742559 0.427762 -0.515388 -0.662258 -0.583918 0.469525 0.170197 2.32569 -1.38213</i>
                        <i>-0.0977899 0.689972 0.7172 -0.741825 0.429866 -0.514695 -0.663425 -0.582369 0.469802 0.170978 2.32825 -1.38265</i>
                        <i>-0.0954809 0.690096 0.717391 -0.741118 0.431847 -0.514055 -0.664551 -0.580754 0.47021 0.171781 2.33066 -1.38313</i>
                        <i>-0.093189 0.690345 0.717453 -0.740444 0.433687 -0.513476 -0.665626 -0.579085 0.470748 0.172599 2.33289 -1.38356</i>
                        <i>-0.0909305 0.690722 0.71738 -0.739812 0.435369 -0.512964 -0.666641 -0.57737 0.471416 0.173424 2.33493 -1.38394</i>
                        <i>-0.0887219 0.69123 0.717167 -0.739226 0.436877 -0.512527 -0.667588 -0.575621 0.472215 0.17425 2.33674 -1.38427</i>
                        <i>-0.0865794 0.691872 0.71681 -0.738694 0.438192 -0.51217 -0.668457 -0.573847 0.473144 0.17507 2.33832 -1.38454</i>
                        <i>-0.0845195 0.692652 0.716303 -0.738223 0.4393 -0.511901 -0.669241 -0.572057 0.474202 0.175877 2.33963 -1.38476</i>
                        <i>-0.0825587 0.693573 0.71564 -0.73782 0.440181 -0.511725 -0.66993 -0.570261 0.475391 0.176663 2.34064 -1.38489</i>
                        <i>-0.0807136 0.694638 0.714817 -0.73749 0.44082 -0.51165 -0.670517 -0.568468 0.476709 0.177423 2.3413 -1.38493</i>
                        <i>-0.0790009 0.695852 0.713827 -0.737242 0.441199 -0.511681 -0.670994 -0.566687 0.478156 0.178149 2.34164 -1.38489</i>
                        <i>-0.0774372 0.697218 0.712664 -0.737081 0.4413 -0.511826 -0.671353 -0.564926 0.479733 0.178834 2.34167 -1.38477</i>
                        <i>-0.0760397 0.69874 0.711323 -0.737014 0.441106 -0.512089 -0.671586 -0.563194 0.48144 0.179471 2.34139 -1.38458</i>
                        <i>-0.0748254 0.700422 0.709795 -0.737047 0.440598 -0.512478 -0.671686 -0.561499 0.483277 0.180054 2.34084 -1.38433</i>
                        <i>-0.0738117 0.702269 0.708075 -0.737186 0.439759 -0.512999 -0.671646 -0.559849 0.485244 0.180576 2.34001 -1.38402</i>
                        <i>-0.0730161 0.704282 0.706155 -0.737437 0.438569 -0.513657 -0.671458 -0.55825 0.487341 0.181029 2.33893 -1.38365</i>
                        <i>-0.0724563 0.706468 0.704026 -0.737804 0.43701 -0.514458 -0.671115 -0.556709 0.489571 0.181408 2.3376 -1.38324</i>
                        <i>-0.0721504 0.708828 0.701681 -0.738293 0.435062 -0.515408 -0.670611 -0.555233 0.491933 0.181705 2.33605 -1.38279</i>
                        <i>-0.0721167 0.711367 0.699111 -0.738907 0.432704 -0.516511 -0.669937 -0.553827 0.494429 0.181913 2.33428 -1.38231</i>
                        <i>-0.0723739 0.714087 0.696306 -0.73965 0.429916 -0.517774 -0.669089 -0.552496 0.49706 0.182027 2.3323 -1.38181</i>
                        <i>-0.0729407 0.716991 0.693256 -0.740525 0.426677 -0.5192 -0.668058 -0.551244 0.499828 0.182039 2.33014 -1.38128</i>
                        <i>-0.0738366 0.720082 0.68995 -0.741535 0.422965 -0.520794 -0.666839 -0.550076 0.502736 0.181943 2.32781 -1.38074</i>
                        <i>-0.075081 0.72336 0.686377 -0.74268 0.418756 -0.52256 -0.665424 -0.548993 0.505785 0.181732 2.32531 -1.38018</i>
                    </KeyFrames>
                </p>
            </i>
            <i>
                <p>
                    <Name><![CDATA[spine2]]></Name>
                    <Exclude>0</Exclude>
                    <Additive>0</Additive>
                    <IKPriority>0</IKPriority>
                    <IKRotLimits>-1e+010 -1e+010 -1e+010 1e+010 1e+010 1e+010</IKRotLimits>
                    <IKRotLimitOrder>0</IKRotLimitOrder>
                    <KeyFrames count="61">
                        <i>-0.181759 0.622326 0.761363 -0.774674 0.386275 -0.500672 -0.605677 -0.680809 0.411891 0.168594 2.44966 -1.26189</i>
                        <i>-0.182533 0.625912 0.758232 -0.774619 0.383395 -0.502966 -0.605514 -0.679149 0.414861 0.168073 2.44722 -1.26211</i>
                        <i>-0.183812 0.629488 0.754956 -0.774617 0.380058 -0.505494 -0.60513 -0.677717 0.417753 0.167438 2.44451 -1.26233</i>
                        <i>-0.185534 0.632961 0.751623 -0.774659 0.376377 -0.508177 -0.60455 -0.676536 0.420499 0.166702 2.44158 -1.26254</i>
                        <i>-0.187635 0.636238 0.748328 -0.774738 0.372465 -0.510932 -0.6038 -0.675626 0.42303 0.165878 2.43849 -1.26271</i>
                        <i>-0.19005 0.639224 0.745166 -0.774845 0.368442 -0.513679 -0.602906 -0.675013 0.425278 0.164976 2.43527 -1.26284</i>
                        <i>-0.192714 0.641828 0.742239 -0.774974 0.364428 -0.51634 -0.601894 -0.674722 0.42717 0.164009 2.43197 -1.2629</i>
                        <i>-0.195558 0.643955 0.739648 -0.77512 0.360549 -0.518839 -0.600788 -0.674779 0.428634 0.162988 2.42865 -1.26287</i>
                        <i>-0.198514 0.645513 0.737499 -0.775279 0.356933 -0.521097 -0.599612 -0.675213 0.429596 0.161925 2.42534 -1.26275</i>
                        <i>-0.201512 0.64641 0.735899 -0.775448 0.35371 -0.523039 -0.598393 -0.67605 0.42998 0.160832 2.4221 -1.26251</i>
                        <i>-0.204481 0.646553 0.734954 -0.775626 0.351013 -0.524589 -0.597153 -0.677318 0.429708 0.15972 2.41897 -1.26213</i>
                        <i>-0.207349 0.645848 0.73477 -0.775814 0.348972 -0.525672 -0.595918 -0.679042 0.428699 0.158601 2.41599 -1.2616</i>
                        <i>-0.210249 0.644282 0.73532 -0.776034 0.347471 -0.526342 -0.594615 -0.681296 0.426929 0.15745 2.41323 -1.26094</i>
                        <i>-0.213305 0.641954 0.736476 -0.776302 0.346315 -0.526708 -0.593175 -0.684077 0.424479 0.156248 2.41075 -1.26017</i>
                        <i>-0.216432 0.638941 0.738181 -0.776614 0.34552 -0.52677 -0.591632 -0.687292 0.421429 0.155011 2.40861 -1.25933</i>
                        <i>-0.219544 0.635323 0.740381 -0.776967 0.3451 -0.526524 -0.590019 -0.690847 0.417861 0.153755 2.40688 -1.25843</i>
                        <i>-0.222556 0.631181 0.74302 -0.777359 0.345066 -0.525968 -0.588372 -0.694651 0.413858 0.152498 2.40562 -1.25748</i>
                        <i>-0.225398 0.626603 0.746033 -0.777786 0.345412 -0.525108 -0.586723 -0.698612 0.409508 0.151258 2.40489 -1.25652</i>
                        <i>-0.228033 0.621692 0.749333 -0.778244 0.346099 -0.523977 -0.585096 -0.702648 0.404906 0.150059 2.40411 -1.25558</i>
                        <i>-0.230434 0.616558 0.752833 -0.778725 0.34708 -0.522612 -0.583514 -0.706677 0.40015 0.148923 2.40298 -1.25472</i>
                        <i>-0.232571 0.611308 0.756448 -0.779221 0.348309 -0.521052 -0.582001 -0.710621 0.395338 0.147875 2.40201 -1.25396</i>
                        <i>-0.234418 0.606055 0.760096 -0.779725 0.349742 -0.519335 -0.580583 -0.714408 0.39057 0.146937 2.40171 -1.25335</i>
                        <i>-0.235952 0.600909 0.763699 -0.780227 0.351336 -0.517503 -0.579287 -0.717964 0.385947 0.146135 2.40259 -1.25291</i>
                        <i>-0.237146 0.595982 0.767182 -0.780715 0.353051 -0.515595 -0.578139 -0.721222 0.381567 0.145476 2.40434 -1.25261</i>
                        <i>-0.237978 0.591386 0.770473 -0.78118 0.354849 -0.513654 -0.577169 -0.724117 0.377533 0.144958 2.4063 -1.25241</i>
                        <i>-0.238425 0.587233 0.773506 -0.781608 0.356696 -0.51172 -0.576405 -0.726585 0.373941 0.14459 2.40846 -1.25232</i>
                        <i>-0.238463 0.583634 0.776213 -0.781987 0.358558 -0.509836 -0.575875 -0.728565 0.370891 0.144381 2.41081 -1.25234</i>
                        <i>-0.238069 0.580699 0.778532 -0.782302 0.360406 -0.508046 -0.575609 -0.729997 0.368481 0.14434 2.41333 -1.25248</i>
                        <i>-0.23722 0.578535 0.7804 -0.782542 0.362212 -0.50639 -0.575635 -0.730821 0.366804 0.144475 2.41603 -1.25277</i>
                        <i>-0.235889 0.577249 0.781755 -0.78269 0.36395 -0.504913 -0.57598 -0.730975 0.365955 0.144796 2.41889 -1.2532</i>
                        <i>-0.234212 0.576513 0.782801 -0.782764 0.365701 -0.503531 -0.576564 -0.730681 0.365622 0.145273 2.42185 -1.2537</i>
                        <i>-0.23237 0.575936 0.783774 -0.782787 0.36754 -0.502155 -0.577277 -0.730214 0.36543 0.145868 2.42486 -1.25421</i>
                        <i>-0.230405 0.575524 0.784657 -0.782759 0.369426 -0.500812 -0.578101 -0.729587 0.365379 0.146574 2.42788 -1.25471</i>
                        <i>-0.22836 0.57528 0.785433 -0.782681 0.371322 -0.49953 -0.579018 -0.728816 0.365466 0.147383 2.43091 -1.25519</i>
                        <i>-0.226278 0.575212 0.786085 -0.782552 0.373189 -0.498339 -0.580009 -0.727916 0.365689 0.148291 2.43391 -1.25567</i>
                        <i>-0.224123 0.5753 0.786637 -0.78238 0.375058 -0.497205 -0.581077 -0.726885 0.366044 0.149279 2.43688 -1.25613</i>
                        <i>-0.221848 0.575523 0.787119 -0.782172 0.37697 -0.496086 -0.582229 -0.725718 0.366527 0.150328 2.43978 -1.25658</i>
                        <i>-0.219473 0.575879 0.787525 -0.781929 0.378908 -0.494991 -0.583454 -0.724425 0.367137 0.15143 2.4426 -1.25703</i>
                        <i>-0.217015 0.576368 0.787848 -0.781655 0.380852 -0.49393 -0.584739 -0.723016 0.36787 0.152575 2.44533 -1.25747</i>
                        <i>-0.214495 0.57699 0.788083 -0.781352 0.382783 -0.492916 -0.586072 -0.721498 0.368727 0.153752 2.44793 -1.2579</i>
                        <i>-0.211932 0.577744 0.788224 -0.781023 0.384684 -0.491957 -0.587442 -0.719882 0.369704 0.154951 2.45039 -1.25831</i>
                        <i>-0.209343 0.57863 0.788266 -0.780671 0.386535 -0.491064 -0.588837 -0.718177 0.370801 0.156164 2.45269 -1.2587</i>
                        <i>-0.20675 0.579649 0.788201 -0.780299 0.388317 -0.490248 -0.590244 -0.716391 0.372015 0.157379 2.4548 -1.25908</i>
                        <i>-0.20417 0.580802 0.788025 -0.77991 0.390012 -0.48952 -0.591654 -0.714535 0.373345 0.158588 2.45672 -1.25944</i>
                        <i>-0.201623 0.582089 0.787732 -0.779509 0.391601 -0.48889 -0.593054 -0.712616 0.374788 0.15978 2.45841 -1.25977</i>
                        <i>-0.199129 0.58351 0.787314 -0.7791 0.393065 -0.488368 -0.594433 -0.710644 0.376342 0.160946 2.45985 -1.26008</i>
                        <i>-0.196707 0.585069 0.786766 -0.778685 0.394384 -0.487966 -0.595781 -0.708629 0.378006 0.162076 2.461 -1.26035</i>
                        <i>-0.194376 0.586765 0.786082 -0.77827 0.39554 -0.487693 -0.597088 -0.70658 0.379778 0.16316 2.46183 -1.26056</i>
                        <i>-0.192157 0.588601 0.785254 -0.777858 0.396512 -0.48756 -0.598341 -0.704505 0.381656 0.164187 2.46235 -1.26072</i>
                        <i>-0.190069 0.590579 0.784277 -0.777455 0.397281 -0.487578 -0.599531 -0.702413 0.383637 0.16515 2.46257 -1.26085</i>
                        <i>-0.188133 0.5927 0.783143 -0.777063 0.397827 -0.487757 -0.600649 -0.700315 0.385721 0.166036 2.46251 -1.26094</i>
                        <i>-0.186369 0.594967 0.781844 -0.776688 0.398129 -0.488108 -0.601683 -0.698217 0.387905 0.166837 2.46219 -1.26102</i>
                        <i>-0.184798 0.597383 0.780374 -0.776333 0.398167 -0.488641 -0.602625 -0.69613 0.390188 0.167544 2.46162 -1.26107</i>
                        <i>-0.18344 0.599949 0.778724 -0.776003 0.397919 -0.489366 -0.603464 -0.694062 0.392568 0.168145 2.46081 -1.26112</i>
                        <i>-0.182318 0.602668 0.776885 -0.775702 0.397363 -0.490295 -0.604191 -0.692021 0.395045 0.168631 2.45977 -1.26117</i>
                        <i>-0.181452 0.605544 0.77485 -0.775433 0.396478 -0.491435 -0.604797 -0.690016 0.397617 0.168993 2.45853 -1.26123</i>
                        <i>-0.180865 0.608576 0.772608 -0.7752 0.39524 -0.492799 -0.605271 -0.688055 0.400283 0.169221 2.45709 -1.2613</i>
                        <i>-0.18058 0.611769 0.770149 -0.775005 0.393625 -0.494395 -0.605606 -0.686147 0.403044 0.169305 2.45547 -1.26139</i>
                        <i>-0.180618 0.615125 0.767463 -0.774851 0.39161 -0.496233 -0.605791 -0.684298 0.405898 0.169235 2.45368 -1.26152</i>
                        <i>-0.181003 0.618643 0.764538 -0.77474 0.389168 -0.498323 -0.605818 -0.682517 0.408847 0.169001 2.45174 -1.26168</i>
                        <i>-0.181759 0.622326 0.761363 -0.774674 0.386275 -0.500672 -0.605677 -0.680809 0.411891 0.168594 2.44966 -1.26189</i>
                    </KeyFrames>
                </p>
            </i>
            <i>
                <p>
                    <Name><![CDATA[head]]></Name>
                    <Exclude>0</Exclude>
                    <Additive>0</Additive>
                    <IKPriority>0</IKPriority>
                    <IKRotLimits>-1e+010 -1e+010 -1e+010 1e+010 1e+010 1e+010</IKRotLimits>
                    <IKRotLimitOrder>0</IKRotLimitOrder>
                    <KeyFrames count="61">
                        <i>0.00471928 0.99902 0.0440167 -0.106499 0.0442689 -0.993327 -0.994302 -3.72412e-008 0.106603 0.122491 2.63011 -1.07293</i>
                        <i>0.00450308 0.999118 0.0417483 -0.107146 0.0419904 -0.993356 -0.994233 1.33796e-008 0.107241 0.121898 2.6285 -1.07408</i>
                        <i>0.00425619 0.999226 0.0391082 -0.108108 0.0393391 -0.993361 -0.99413 -1.58203e-008 0.108192 0.121068 2.62662 -1.07527</i>
                        <i>0.00397788 0.999339 0.0361341 -0.109353 0.0363524 -0.993338 -0.993995 -1.0747e-008 0.109425 0.120028 2.62448 -1.07644</i>
                        <i>0.00366759 0.999453 0.0328637 -0.11085 0.0330677 -0.993287 -0.99383 2.79292e-008 0.110911 0.118803 2.62211 -1.07757</i>
                        <i>0.00332476 0.999564 0.0293342 -0.11257 0.0295221 -0.993205 -0.993638 6.17016e-009 0.112619 0.11742 2.61955 -1.0786</i>
                        <i>0.00294916 0.999668 0.0255822 -0.114483 0.0257516 -0.993091 -0.993421 -7.87622e-009 0.114521 0.115906 2.61681 -1.07948</i>
                        <i>0.00254073 0.999763 0.0216436 -0.116561 0.0217922 -0.992944 -0.99318 9.63814e-009 0.116589 0.114286 2.61392 -1.08016</i>
                        <i>0.00210006 0.999844 0.0175529 -0.118775 0.0176782 -0.992764 -0.992919 3.27443e-008 0.118794 0.112588 2.6109 -1.08061</i>
                        <i>0.00162803 0.99991 0.0133436 -0.121099 0.0134426 -0.992549 -0.992639 1.07012e-008 0.12111 0.110839 2.60779 -1.08078</i>
                        <i>0.00112599 0.999958 0.0090468 -0.123506 0.00911656 -0.992302 -0.992343 -2.85572e-008 0.123511 0.109065 2.60461 -1.08061</i>
                        <i>0.000595777 0.999989 0.00469165 -0.125971 0.00472937 -0.992023 -0.992034 -1.85608e-008 0.125973 0.107293 2.60137 -1.08006</i>
                        <i>4.47776e-005 1 0.000345032 -0.128581 0.000347967 -0.991699 -0.991699 -3.09429e-008 0.128581 0.105458 2.59815 -1.07916</i>
                        <i>-0.000513125 0.999992 -0.00387091 -0.131402 -0.00390484 -0.991321 -0.991329 1.80531e-008 0.131403 0.103503 2.59503 -1.07799</i>
                        <i>-0.00106395 0.999969 -0.00784534 -0.134384 -0.00791711 -0.990898 -0.990929 -9.24033e-009 0.134388 0.101463 2.59209 -1.07657</i>
                        <i>-0.00159142 0.999933 -0.0114655 -0.137472 -0.0115755 -0.990438 -0.990504 5.82739e-008 0.137481 0.0993758 2.58942 -1.07496</i>
                        <i>-0.00207618 0.999891 -0.0146168 -0.140615 -0.0147635 -0.989954 -0.990062 3.27715e-009 0.14063 0.0972768 2.58711 -1.07319</i>
                        <i>-0.00249639 0.999849 -0.0171822 -0.143758 -0.0173626 -0.989461 -0.98961 2.90264e-008 0.143779 0.0952026 2.58524 -1.0713</i>
                        <i>-0.00295859 0.999797 -0.0199258 -0.14684 -0.0201443 -0.988955 -0.989156 7.61084e-009 0.14687 0.0931891 2.58324 -1.06936</i>
                        <i>-0.00351751 0.999724 -0.0232104 -0.149797 -0.0234753 -0.988438 -0.988711 -5.41147e-008 0.149838 0.0912722 2.58085 -1.06744</i>
