<?xml version="1.0" encoding="ISO-8859-1" ?>
<Animl Version="1">
    <ModellingPackage><![CDATA[Maya.2010]]></ModellingPackage>
    <SrcFile><![CDATA[anims\turrets\special\blue\~src\flamelube\flamelube_reload_crewmana.mb]]></SrcFile>
    <FramesPerSecond>30</FramesPerSecond>
    <TotalFrames>91</TotalFrames>
    <Skeleton>
        <RefFrame>
            <Name><![CDATA[soldier_ref_frame]]></Name>
            <Exclude>0</Exclude>
            <Additive>0</Additive>
            <IKPriority>0</IKPriority>
            <IKRotLimits>-1e+010 -1e+010 -1e+010 1e+010 1e+010 1e+010</IKRotLimits>
            <IKRotLimitOrder>0</IKRotLimitOrder>
            <KeyFrames count="91">
                <i>1 0 0 0 1 0 0 0 1 0.2 0.9 -1.6</i>
                <i>1 0 0 0 1 0 0 0 1 0.2 0.9 -1.6</i>
                <i>1 0 0 0 1 0 0 0 1 0.2 0.9 -1.6</i>
                <i>1 0 0 0 1 0 0 0 1 0.2 0.9 -1.6</i>
                <i>1 0 0 0 1 0 0 0 1 0.2 0.9 -1.6</i>
                <i>1 0 0 0 1 0 0 0 1 0.2 0.9 -1.6</i>
                <i>1 0 0 0 1 0 0 0 1 0.2 0.9 -1.6</i>
                <i>1 0 0 0 1 0 0 0 1 0.2 0.9 -1.6</i>
                <i>1 0 0 0 1 0 0 0 1 0.2 0.9 -1.6</i>
                <i>1 0 0 0 1 0 0 0 1 0.2 0.9 -1.6</i>
                <i>1 0 0 0 1 0 0 0 1 0.2 0.9 -1.6</i>
                <i>1 0 0 0 1 0 0 0 1 0.2 0.9 -1.6</i>
                <i>1 0 0 0 1 0 0 0 1 0.2 0.9 -1.6</i>
                <i>1 0 0 0 1 0 0 0 1 0.2 0.9 -1.6</i>
                <i>1 0 0 0 1 0 0 0 1 0.2 0.9 -1.6</i>
                <i>1 0 0 0 1 0 0 0 1 0.2 0.9 -1.6</i>
                <i>1 0 0 0 1 0 0 0 1 0.2 0.9 -1.6</i>
                <i>1 0 0 0 1 0 0 0 1 0.2 0.9 -1.6</i>
                <i>1 0 0 0 1 0 0 0 1 0.2 0.9 -1.6</i>
                <i>1 0 0 0 1 0 0 0 1 0.2 0.9 -1.6</i>
                <i>1 0 0 0 1 0 0 0 1 0.2 0.9 -1.6</i>
                <i>1 0 0 0 1 0 0 0 1 0.2 0.9 -1.6</i>
                <i>1 0 0 0 1 0 0 0 1 0.2 0.9 -1.6</i>
                <i>1 0 0 0 1 0 0 0 1 0.2 0.9 -1.6</i>
                <i>1 0 0 0 1 0 0 0 1 0.2 0.9 -1.6</i>
                <i>1 0 0 0 1 0 0 0 1 0.2 0.9 -1.6</i>
                <i>1 0 0 0 1 0 0 0 1 0.2 0.9 -1.6</i>
                <i>1 0 0 0 1 0 0 0 1 0.2 0.9 -1.6</i>
                <i>1 0 0 0 1 0 0 0 1 0.2 0.9 -1.6</i>
                <i>1 0 0 0 1 0 0 0 1 0.2 0.9 -1.6</i>
                <i>1 0 0 0 1 0 0 0 1 0.2 0.9 -1.6</i>
                <i>1 0 0 0 1 0 0 0 1 0.2 0.9 -1.6</i>
                <i>1 0 0 0 1 0 0 0 1 0.2 0.9 -1.6</i>
                <i>1 0 0 0 1 0 0 0 1 0.2 0.9 -1.6</i>
                <i>1 0 0 0 1 0 0 0 1 0.2 0.9 -1.6</i>
                <i>1 0 0 0 1 0 0 0 1 0.2 0.9 -1.6</i>
                <i>1 0 0 0 1 0 0 0 1 0.2 0.9 -1.6</i>
                <i>1 0 0 0 1 0 0 0 1 0.2 0.9 -1.6</i>
                <i>1 0 0 0 1 0 0 0 1 0.2 0.9 -1.6</i>
                <i>1 0 0 0 1 0 0 0 1 0.2 0.9 -1.6</i>
                <i>1 0 0 0 1 0 0 0 1 0.2 0.9 -1.6</i>
                <i>1 0 0 0 1 0 0 0 1 0.2 0.9 -1.6</i>
                <i>1 0 0 0 1 0 0 0 1 0.2 0.9 -1.6</i>
                <i>1 0 0 0 1 0 0 0 1 0.2 0.9 -1.6</i>
                <i>1 0 0 0 1 0 0 0 1 0.2 0.9 -1.6</i>
                <i>1 0 0 0 1 0 0 0 1 0.2 0.9 -1.6</i>
                <i>1 0 0 0 1 0 0 0 1 0.2 0.9 -1.6</i>
                <i>1 0 0 0 1 0 0 0 1 0.2 0.9 -1.6</i>
                <i>1 0 0 0 1 0 0 0 1 0.2 0.9 -1.6</i>
                <i>1 0 0 0 1 0 0 0 1 0.2 0.9 -1.6</i>
                <i>1 0 0 0 1 0 0 0 1 0.2 0.9 -1.6</i>
                <i>1 0 0 0 1 0 0 0 1 0.2 0.9 -1.6</i>
                <i>1 0 0 0 1 0 0 0 1 0.2 0.9 -1.6</i>
                <i>1 0 0 0 1 0 0 0 1 0.2 0.9 -1.6</i>
                <i>1 0 0 0 1 0 0 0 1 0.2 0.9 -1.6</i>
                <i>1 0 0 0 1 0 0 0 1 0.2 0.9 -1.6</i>
                <i>1 0 0 0 1 0 0 0 1 0.2 0.9 -1.6</i>
                <i>1 0 0 0 1 0 0 0 1 0.2 0.9 -1.6</i>
                <i>1 0 0 0 1 0 0 0 1 0.2 0.9 -1.6</i>
                <i>1 0 0 0 1 0 0 0 1 0.2 0.9 -1.6</i>
                <i>1 0 0 0 1 0 0 0 1 0.2 0.9 -1.6</i>
                <i>1 0 0 0 1 0 0 0 1 0.2 0.9 -1.6</i>
                <i>1 0 0 0 1 0 0 0 1 0.2 0.9 -1.6</i>
                <i>1 0 0 0 1 0 0 0 1 0.2 0.9 -1.6</i>
                <i>1 0 0 0 1 0 0 0 1 0.2 0.9 -1.6</i>
                <i>1 0 0 0 1 0 0 0 1 0.2 0.9 -1.6</i>
                <i>1 0 0 0 1 0 0 0 1 0.2 0.9 -1.6</i>
                <i>1 0 0 0 1 0 0 0 1 0.2 0.9 -1.6</i>
                <i>1 0 0 0 1 0 0 0 1 0.2 0.9 -1.6</i>
                <i>1 0 0 0 1 0 0 0 1 0.2 0.9 -1.6</i>
                <i>1 0 0 0 1 0 0 0 1 0.2 0.9 -1.6</i>
                <i>1 0 0 0 1 0 0 0 1 0.2 0.9 -1.6</i>
                <i>1 0 0 0 1 0 0 0 1 0.2 0.9 -1.6</i>
                <i>1 0 0 0 1 0 0 0 1 0.2 0.9 -1.6</i>
                <i>1 0 0 0 1 0 0 0 1 0.2 0.9 -1.6</i>
                <i>1 0 0 0 1 0 0 0 1 0.2 0.9 -1.6</i>
                <i>1 0 0 0 1 0 0 0 1 0.2 0.9 -1.6</i>
                <i>1 0 0 0 1 0 0 0 1 0.2 0.9 -1.6</i>
                <i>1 0 0 0 1 0 0 0 1 0.2 0.9 -1.6</i>
                <i>1 0 0 0 1 0 0 0 1 0.2 0.9 -1.6</i>
                <i>1 0 0 0 1 0 0 0 1 0.2 0.9 -1.6</i>
                <i>1 0 0 0 1 0 0 0 1 0.2 0.9 -1.6</i>
                <i>1 0 0 0 1 0 0 0 1 0.2 0.9 -1.6</i>
                <i>1 0 0 0 1 0 0 0 1 0.2 0.9 -1.6</i>
                <i>1 0 0 0 1 0 0 0 1 0.2 0.9 -1.6</i>
                <i>1 0 0 0 1 0 0 0 1 0.2 0.9 -1.6</i>
                <i>1 0 0 0 1 0 0 0 1 0.2 0.9 -1.6</i>
                <i>1 0 0 0 1 0 0 0 1 0.2 0.9 -1.6</i>
                <i>1 0 0 0 1 0 0 0 1 0.2 0.9 -1.6</i>
                <i>1 0 0 0 1 0 0 0 1 0.2 0.9 -1.6</i>
                <i>1 0 0 0 1 0 0 0 1 0.2 0.9 -1.6</i>
            </KeyFrames>
        </RefFrame>
        <Bones count="23">
            <i>
                <p>
                    <Name><![CDATA[pelvis]]></Name>
                    <Exclude>0</Exclude>
                    <Additive>0</Additive>
                    <IKPriority>0</IKPriority>
                    <IKRotLimits>-1e+010 -1e+010 -1e+010 1e+010 1e+010 1e+010</IKRotLimits>
                    <IKRotLimitOrder>2</IKRotLimitOrder>
                    <KeyFrames count="91">
                        <i>1 0 0 0 1 0 0 0 1 0.122731 1.88532 -1.39078</i>
                        <i>1 0 0 0 1 0 0 0 1 0.131602 1.90373 -1.38901</i>
                        <i>1 0 0 0 1 0 0 0 1 0.139765 1.92292 -1.38465</i>
                        <i>1 0 0 0 1 0 0 0 1 0.147752 1.9423 -1.37861</i>
                        <i>1 0 0 0 1 0 0 0 1 0.156092 1.9613 -1.37178</i>
                        <i>1 0 0 0 1 0 0 0 1 0.165317 1.97931 -1.36506</i>
                        <i>1 0 0 0 1 0 0 0 1 0.175958 1.99575 -1.35935</i>
                        <i>1 0 0 0 1 0 0 0 1 0.188544 2.01002 -1.35554</i>
                        <i>1 0 0 0 1 0 0 0 1 0.20853 2.02057 -1.35227</i>
                        <i>1 0 0 0 1 0 0 0 1 0.23521 2.02667 -1.34997</i>
                        <i>1 0 0 0 1 0 0 0 1 0.25988 2.02901 -1.35225</i>
                        <i>1 0 0 0 1 0 0 0 1 0.273836 2.02828 -1.36272</i>
                        <i>1 0 0 0 1 0 0 0 1 0.277952 2.02058 -1.38195</i>
                        <i>1 0 0 0 1 0 0 0 1 0.27931 2.00701 -1.40673</i>
                        <i>1 0 0 0 1 0 0 0 1 0.278519 1.99581 -1.43497</i>
                        <i>1 0 0 0 1 0 0 0 1 0.276184 1.98833 -1.4646</i>
                        <i>1 0 0 0 1 0 0 0 1 0.272913 1.98065 -1.49352</i>
                        <i>1 0 0 0 1 0 0 0 1 0.269312 1.97308 -1.51965</i>
                        <i>1 0 0 0 1 0 0 0 1 0.265989 1.96595 -1.54089</i>
                        <i>1 0 0 0 1 0 0 0 1 0.26355 1.95959 -1.55517</i>
                        <i>1 0 0 0 1 0 0 0 1 0.262602 1.95431 -1.56039</i>
                        <i>1 0 0 0 1 0 0 0 1 0.262627 1.95044 -1.56039</i>
                        <i>1 0 0 0 1 0 0 0 1 0.262694 1.94831 -1.56039</i>
                        <i>1 0 0 0 1 0 0 0 1 0.262795 1.94792 -1.56039</i>
                        <i>1 0 0 0 1 0 0 0 1 0.262921 1.9489 -1.56039</i>
                        <i>1 0 0 0 1 0 0 0 1 0.263062 1.95099 -1.56039</i>
                        <i>1 0 0 0 1 0 0 0 1 0.263209 1.95393 -1.56039</i>
                        <i>1 0 0 0 1 0 0 0 1 0.263353 1.95746 -1.56039</i>
                        <i>1 0 0 0 1 0 0 0 1 0.263485 1.96133 -1.56039</i>
                        <i>1 0 0 0 1 0 0 0 1 0.263595 1.96527 -1.56039</i>
                        <i>1 0 0 0 1 0 0 0 1 0.263675 1.96902 -1.56039</i>
                        <i>1 0 0 0 1 0 0 0 1 0.263715 1.97233 -1.56039</i>
                        <i>1 0 0 0 1 0 0 0 1 0.263706 1.97494 -1.56039</i>
                        <i>1 0 0 0 1 0 0 0 1 0.263638 1.97695 -1.56039</i>
                        <i>1 0 0 0 1 0 0 0 1 0.263503 1.97858 -1.56039</i>
                        <i>1 0 0 0 1 0 0 0 1 0.263292 1.97981 -1.56039</i>
                        <i>1 0 0 0 1 0 0 0 1 0.262994 1.98059 -1.56039</i>
                        <i>1 0 0 0 1 0 0 0 1 0.262602 1.98091 -1.56039</i>
                        <i>1 0 0 0 1 0 0 0 1 0.261563 1.98048 -1.56039</i>
                        <i>1 0 0 0 1 0 0 0 1 0.259642 1.97933 -1.56039</i>
                        <i>1 0 0 0 1 0 0 0 1 0.257303 1.97787 -1.56039</i>
                        <i>1 0 0 0 1 0 0 0 1 0.255009 1.9765 -1.56039</i>
                        <i>1 0 0 0 1 0 0 0 1 0.253224 1.97562 -1.56039</i>
                        <i>1 0 0 0 1 0 0 0 1 0.252411 1.97563 -1.56039</i>
                        <i>1 0 0 0 1 0 0 0 1 0.25239 1.97649 -1.56039</i>
                        <i>1 0 0 0 1 0 0 0 1 0.252638 1.97782 -1.56039</i>
                        <i>1 0 0 0 1 0 0 0 1 0.253112 1.9795 -1.56039</i>
                        <i>1 0 0 0 1 0 0 0 1 0.253766 1.9814 -1.56039</i>
                        <i>1 0 0 0 1 0 0 0 1 0.254558 1.98341 -1.56039</i>
                        <i>1 0 0 0 1 0 0 0 1 0.255441 1.9854 -1.56039</i>
                        <i>1 0 0 0 1 0 0 0 1 0.256373 1.98725 -1.56039</i>
                        <i>1 0 0 0 1 0 0 0 1 0.257308 1.98885 -1.56039</i>
                        <i>1 0 0 0 1 0 0 0 1 0.258202 1.99007 -1.56039</i>
                        <i>1 0 0 0 1 0 0 0 1 0.259011 1.99078 -1.56039</i>
                        <i>1 0 0 0 1 0 0 0 1 0.25969 1.99087 -1.56039</i>
                        <i>1 0 0 0 1 0 0 0 1 0.260322 1.98991 -1.56039</i>
                        <i>1 0 0 0 1 0 0 0 1 0.260978 1.98779 -1.56039</i>
                        <i>1 0 0 0 1 0 0 0 1 0.261595 1.98486 -1.56039</i>
                        <i>1 0 0 0 1 0 0 0 1 0.262113 1.98149 -1.56039</i>
                        <i>1 0 0 0 1 0 0 0 1 0.26247 1.97802 -1.56039</i>
                        <i>1 0 0 0 1 0 0 0 1 0.262602 1.97482 -1.56039</i>
                        <i>1 0 0 0 1 0 0 0 1 0.259628 1.97225 -1.55906</i>
                        <i>1 0 0 0 1 0 0 0 1 0.254007 1.97066 -1.55426</i>
                        <i>1 0 0 0 1 0 0 0 1 0.250687 1.9704 -1.54477</i>
                        <i>1 0 0 0 1 0 0 0 1 0.25027 1.971 -1.53203</i>
                        <i>1 0 0 0 1 0 0 0 1 0.250072 1.97173 -1.51843</i>
                        <i>1 0 0 0 1 0 0 0 1 0.25011 1.97259 -1.50414</i>
                        <i>1 0 0 0 1 0 0 0 1 0.250404 1.97356 -1.48932</i>
                        <i>1 0 0 0 1 0 0 0 1 0.250972 1.97463 -1.47415</i>
                        <i>1 0 0 0 1 0 0 0 1 0.251834 1.97581 -1.45881</i>
                        <i>1 0 0 0 1 0 0 0 1 0.253008 1.97708 -1.44347</i>
                        <i>1 0 0 0 1 0 0 0 1 0.254514 1.97844 -1.42829</i>
                        <i>1 0 0 0 1 0 0 0 1 0.25637 1.97987 -1.41346</i>
                        <i>1 0 0 0 1 0 0 0 1 0.259132 1.98137 -1.39783</i>
                        <i>1 0 0 0 1 0 0 0 1 0.263129 1.98293 -1.38098</i>
                        <i>1 0 0 0 1 0 0 0 1 0.268035 1.98455 -1.36411</i>
                        <i>1 0 0 0 1 0 0 0 1 0.273524 1.98621 -1.34846</i>
                        <i>1 0 0 0 1 0 0 0 1 0.279271 1.98791 -1.33525</i>
                        <i>1 0 0 0 1 0 0 0 1 0.284952 1.98964 -1.32569</i>
                        <i>1 0 0 0 1 0 0 0 1 0.290239 1.9914 -1.31924</i>
                        <i>1 0 0 0 1 0 0 0 1 0.294809 1.99317 -1.31454</i>
                        <i>1 0 0 0 1 0 0 0 1 0.298336 1.99495 -1.31162</i>
                        <i>1 0 0 0 1 0 0 0 1 0.300495 1.99672 -1.31051</i>
                        <i>1 0 0 0 1 0 0 0 1 0.300959 1.99849 -1.31123</i>
                        <i>1 0 0 0 1 0 0 0 1 0.299405 2.00025 -1.31381</i>
                        <i>1 0 0 0 1 0 0 0 1 0.295506 2.00198 -1.31828</i>
                        <i>1 0 0 0 1 0 0 0 1 0.28266 2.00368 -1.32696</i>
                        <i>1 0 0 0 1 0 0 0 1 0.257891 2.00534 -1.34071</i>
                        <i>1 0 0 0 1 0 0 0 1 0.226307 2.00696 -1.35737</i>
                        <i>1 0 0 0 1 0 0 0 1 0.193019 2.00852 -1.37475</i>
                        <i>1 0 0 0 1 0 0 0 1 0.163139 2.01002 -1.39069</i>
                    </KeyFrames>
                </p>
            </i>
            <i>
                <p>
                    <Name><![CDATA[spine0]]></Name>
                    <Exclude>0</Exclude>
                    <Additive>0</Additive>
                    <IKPriority>0</IKPriority>
                    <IKRotLimits>-1e+010 -1e+010 -1e+010 1e+010 1e+010 1e+010</IKRotLimits>
                    <IKRotLimitOrder>0</IKRotLimitOrder>
                    <KeyFrames count="91">
                        <i>0.0624385 0.982681 0.17447 -0.689687 0.16884 -0.704148 -0.721411 -0.0763639 0.688284 0.167194 2.01169 -1.44323</i>
                        <i>0.0456939 0.981394 0.186489 -0.70672 0.163698 -0.688295 -0.706017 -0.100345 0.70105 0.172191 2.03168 -1.44074</i>
                        <i>0.0256746 0.979863 0.198016 -0.728324 0.154016 -0.6677 -0.684751 -0.127077 0.717612 0.175365 2.05242 -1.4362</i>
                        <i>0.00537512 0.977795 0.209494 -0.750439 0.142407 -0.645415 -0.660917 -0.153744 0.734541 0.178053 2.0732 -1.43002</i>
                        <i>-0.0124158 0.975007 0.221825 -0.769444 0.132362 -0.62485 -0.638594 -0.17844 0.74857 0.181661 2.09343 -1.42261</i>
                        <i>-0.0251531 0.971359 0.236282 -0.782184 0.128065 -0.609743 -0.622539 -0.200153 0.75656 0.187639 2.1126 -1.41438</i>
                        <i>-0.030827 0.966769 0.253786 -0.785589 0.133549 -0.604165 -0.617981 -0.217996 0.755366 0.197409 2.13022 -1.40576</i>
                        <i>-0.0284756 0.961455 0.273483 -0.775867 0.151244 -0.6125 -0.630254 -0.229627 0.741654 0.212231 2.14561 -1.39739</i>
                        <i>-0.0211547 0.956032 0.292498 -0.752368 0.177445 -0.634394 -0.658404 -0.233487 0.715534 0.236881 2.15691 -1.38837</i>
                        <i>-0.0134717 0.952128 0.305403 -0.718119 0.203322 -0.665556 -0.69579 -0.228282 0.681002 0.26914 2.16314 -1.38028</i>
                        <i>-0.00617504 0.952219 0.305353 -0.674991 0.221329 -0.703847 -0.7378 -0.210457 0.641373 0.299624 2.16491 -1.37771</i>
                        <i>0.002338 0.957862 0.287219 -0.626885 0.22518 -0.745862 -0.779108 -0.178309 0.600996 0.319172 2.16295 -1.38517</i>
                        <i>0.0150669 0.968443 0.248779 -0.579604 0.2112 -0.787054 -0.814759 -0.132335 0.564495 0.328455 2.15349 -1.40385</i>
                        <i>0.0345279 0.980913 0.191355 -0.539803 0.179442 -0.822444 -0.841083 -0.0748967 0.535696 0.334507 2.13768 -1.43068</i>
                        <i>0.0610388 0.990939 0.119643 -0.513148 0.133967 -0.847781 -0.856127 -0.00964721 0.516676 0.337894 2.12378 -1.46318</i>
                        <i>0.0922329 0.994903 0.0407641 -0.50234 0.0818387 -0.860789 -0.859737 0.0589156 0.507328 0.33911 2.1132 -1.49843</i>
                        <i>0.124134 0.99164 -0.0352297 -0.509227 0.0331926 -0.859992 -0.851633 0.124694 0.50909 0.338537 2.10262 -1.5324</i>
                        <i>0.15265 0.983191 -0.100169 -0.53061 -0.00397315 -0.847607 -0.833757 0.182538 0.521084 0.336643 2.09301 -1.56182</i>
                        <i>0.17512 0.973021 -0.150212 -0.557595 -0.0277254 -0.82965 -0.811432 0.229045 0.537696 0.334203 2.08483 -1.58461</i>
                        <i>0.1904 0.964497 -0.18301 -0.581848 -0.0392784 -0.812349 -0.790697 0.261155 0.553712 0.33206 2.07832 -1.59882</i>
                        <i>0.197948 0.960265 -0.196741 -0.597195 -0.0410144 -0.801047 -0.777287 0.276058 0.565347 0.330961 2.07363 -1.60265</i>
                        <i>0.198278 0.959541 -0.199917 -0.60507 -0.0406324 -0.795135 -0.771088 0.278621 0.572533 0.330691 2.07048 -1.60105</i>
                        <i>0.193534 0.959997 -0.202364 -0.610051 -0.0437869 -0.791151 -0.768363 0.276567 0.577173 0.330592 2.0688 -1.59998</i>
                        <i>0.185509 0.961202 -0.204149 -0.612795 -0.0492451 -0.788706 -0.768159 0.271413 0.579885 0.330626 2.06865 -1.59937</i>
                        <i>0.176056 0.962715 -0.205388 -0.613911 -0.0557189 -0.787406 -0.769492 0.264717 0.581212 0.330755 2.06971 -1.59911</i>
                        <i>0.167077 0.96413 -0.206251 -0.613987 -0.0619339 -0.786883 -0.771431 0.258105 0.581615 0.330937 2.07178 -1.59909</i>
                        <i>0.160509 0.965098 -0.206937 -0.6136 -0.0666558 -0.786799 -0.773131 0.253265 0.581485 0.331131 2.07465 -1.59923</i>
                        <i>0.158303 0.965306 -0.207663 -0.613323 -0.0686899 -0.78684 -0.773806 0.251923 0.58117 0.331296 2.07811 -1.59942</i>
                        <i>0.163079 0.964333 -0.208488 -0.612762 -0.0666223 -0.787454 -0.773258 0.256171 0.580042 0.331424 2.08181 -1.59995</i>
                        <i>0.173702 0.962289 -0.209351 -0.61137 -0.0612862 -0.788968 -0.772045 0.265036 0.577669 0.331527 2.0854 -1.601</i>
                        <i>0.186516 0.959684 -0.210283 -0.609491 -0.054843 -0.790894 -0.770541 0.275679 0.574689 0.331597 2.0887 -1.60233</i>
                        <i>0.198043 0.957154 -0.211272 -0.607542 -0.0492799 -0.792758 -0.769202 0.285357 0.571751 0.331628 2.09153 -1.60371</i>
                        <i>0.204983 0.955474 -0.212255 -0.606034 -0.0463877 -0.794085 -0.768573 0.291408 0.569541 0.331613 2.09371 -1.60489</i>
                        <i>0.207777 0.954748 -0.2128 -0.605093 -0.0454785 -0.794854 -0.768564 0.293917 0.568263 0.331547 2.09543 -1.60564</i>
                        <i>0.209175 0.954457 -0.212739 -0.604427 -0.0448224 -0.795398 -0.768709 0.294962 0.567524 0.33142 2.09692 -1.60599</i>
                        <i>0.209387 0.95447 -0.212472 -0.603941 -0.0446563 -0.795777 -0.769034 0.294945 0.567093 0.33122 2.09807 -1.60618</i>
                        <i>0.208626 0.954721 -0.212093 -0.603603 -0.0449374 -0.796017 -0.769505 0.29409 0.566897 0.330938 2.09882 -1.60623</i>
                        <i>0.207102 0.95514 -0.2117 -0.603381 -0.0456292 -0.796146 -0.770091 0.292619 0.566864 0.330562 2.09914 -1.6062</i>
                        <i>0.205091 0.955636 -0.21142 -0.603241 -0.0466829 -0.796191 -0.770738 0.290829 0.566905 0.329551 2.09872 -1.60614</i>
                        <i>0.202855 0.956152 -0.21124 -0.603129 -0.0479442 -0.796201 -0.771417 0.288919 0.566958 0.327673 2.09757 -1.60607</i>
                        <i>0.198559 0.957044 -0.211283 -0.603233 -0.0505673 -0.79596 -0.772453 0.285498 0.56728 0.325388 2.09609 -1.60606</i>
                        <i>0.191663 0.95836 -0.211687 -0.603601 -0.054975 -0.795389 -0.773906 0.280221 0.56793 0.323155 2.09466 -1.60613</i>
                        <i>0.184323 0.959655 -0.212339 -0.603958 -0.0598507 -0.794765 -0.775409 0.274737 0.56856 0.321436 2.09366 -1.60633</i>
                        <i>0.178735 0.96054 -0.213111 -0.604037 -0.0638508 -0.794394 -0.776655 0.270713 0.568789 0.320689 2.09348 -1.60669</i>
                        <i>0.174693 0.961063 -0.214101 -0.603851 -0.0671795 -0.794261 -0.777718 0.268037 0.568604 0.320728 2.09408 -1.60727</i>
                        <i>0.170726 0.961461 -0.215513 -0.603557 -0.0708408 -0.794167 -0.778827 0.265659 0.568202 0.321028 2.09505 -1.60809</i>
                        <i>0.167159 0.961686 -0.217296 -0.603119 -0.0746078 -0.794154 -0.779939 0.263805 0.56754 0.321541 2.09627 -1.60914</i>
                        <i>0.164319 0.96171 -0.219347 -0.602511 -0.0782115 -0.794269 -0.781012 0.262673 0.566589 0.322221 2.09764 -1.61036</i>
                        <i>0.162528 0.961505 -0.221567 -0.601702 -0.081389 -0.794563 -0.78201 0.262456 0.565312 0.323019 2.09906 -1.61171</i>
                        <i>0.162105 0.961047 -0.223854 -0.600659 -0.0838826 -0.795093 -0.782899 0.263349 0.563664 0.32389 2.10042 -1.61314</i>
                        <i>0.163917 0.960233 -0.226016 -0.59927 -0.0850644 -0.796015 -0.783586 0.265925 0.561496 0.324785 2.10161 -1.61459</i>
                        <i>0.167815 0.959107 -0.227932 -0.597546 -0.0849314 -0.797324 -0.784077 0.270003 0.558858 0.32566 2.10255 -1.61603</i>
                        <i>0.172604 0.957859 -0.229595 -0.595649 -0.0841404 -0.798826 -0.78448 0.274639 0.556025 0.326468 2.10314 -1.6174</i>
                        <i>0.177118 0.956699 -0.230991 -0.593761 -0.0833076 -0.800317 -0.784906 0.278904 0.553295 0.327163 2.10328 -1.61865</i>
                        <i>0.180213 0.955852 -0.232099 -0.592079 -0.0830138 -0.801593 -0.785472 0.281879 0.550979 0.327699 2.10288 -1.61975</i>
                        <i>0.180584 0.955375 -0.233769 -0.591336 -0.0844639 -0.80199 -0.785946 0.283063 0.549694 0.328115 2.1015 -1.62078</i>
                        <i>0.176807 0.955436 -0.236392 -0.59203 -0.088631 -0.801028 -0.786282 0.281579 0.549976 0.328451 2.09904 -1.62177</i>
                        <i>0.169614 0.956063 -0.239112 -0.593712 -0.0945271 -0.799106 -0.786599 0.277503 0.551593 0.328668 2.09591 -1.62255</i>
                        <i>0.16088 0.957093 -0.241021 -0.595746 -0.100529 -0.796857 -0.786895 0.271786 0.554011 0.32873 2.09257 -1.623</i>
                        <i>0.152511 0.958285 -0.241724 -0.597332 -0.105477 -0.795027 -0.787359 0.26564 0.556328 0.328595 2.08929 -1.62318</i>
                        <i>0.146439 0.959434 -0.24092 -0.59767 -0.108257 -0.7944 -0.788256 0.260322 0.557571 0.328223 2.08638 -1.6232</i>
                        <i>0.141936 0.961061 -0.237101 -0.595693 -0.108371 -0.795868 -0.790572 0.254201 0.557115 0.324786 2.08424 -1.62157</i>
                        <i>0.136915 0.963753 -0.228984 -0.59066 -0.106144 -0.799909 -0.79522 0.244771 0.554718 0.31879 2.08329 -1.61602</i>
                        <i>0.131208 0.967505 -0.216146 -0.582575 -0.101161 -0.806457 -0.802117 0.231734 0.550371 0.315178 2.08391 -1.60521</i>
                        <i>0.124671 0.97196 -0.199378 -0.572683 -0.0936043 -0.814415 -0.810242 0.215714 0.544955 0.314495 2.08557 -1.59072</i>
                        <i>0.117242 0.976661 -0.179963 -0.56234 -0.0840733 -0.822621 -0.818553 0.197646 0.539359 0.314003 2.08746 -1.57513</i>
                        <i>0.108857 0.981394 -0.158164 -0.551934 -0.0726591 -0.830716 -0.826752 0.177725 0.533756 0.313701 2.08956 -1.55862</i>
                        <i>0.0995298 0.985933 -0.134272 -0.541875 -0.0594715 -0.838353 -0.834545 0.1562 0.528333 0.313592 2.09185 -1.54139</i>
                        <i>0.0893567 0.990057 -0.108639 -0.532588 -0.0446754 -0.845195 -0.841644 0.133384 0.523301 0.313678 2.09428 -1.52363</i>
                        <i>0.0784994 0.993561 -0.081702 -0.524519 -0.0285312 -0.85092 -0.847772 0.109651 0.518902 0.313967 2.09685 -1.50556</i>
                        <i>0.0671578 0.99628 -0.0539994 -0.518123 -0.0114284 -0.855229 -0.852665 0.0854137 0.515428 0.314469 2.09952 -1.48738</i>
                        <i>0.0555698 0.998123 -0.0257372 -0.513791 0.00648367 -0.857891 -0.856114 0.0608964 0.513187 0.315198 2.10226 -1.46931</i>
                        <i>0.0439733 0.999028 0.00320527 -0.511844 0.0252845 -0.858706 -0.857952 0.0361196 0.512458 0.31617 2.10504 -1.45157</i>
                        <i>0.0325809 0.998953 0.0321057 -0.512365 0.0442744 -0.857626 -0.85815 0.0114924 0.513271 0.317951 2.10782 -1.43313</i>
                        <i>0.0215782 0.997954 0.0601871 -0.51526 0.0626909 -0.854738 -0.856762 -0.0125684 0.515559 0.320883 2.11057 -1.41366</i>
                        <i>0.0111311 0.996127 0.0872224 -0.520571 0.0802478 -0.850039 -0.853746 -0.0359436 0.519447 0.324643 2.11328 -1.39444</i>
                        <i>0.00138641 0.993595 0.112988 -0.528279 0.0966625 -0.84355 -0.849069 -0.0585197 0.52503 0.328907 2.11594 -1.37673</i>
                        <i>-0.00753209 0.990505 0.137268 -0.538314 0.111667 -0.835313 -0.842711 -0.080185 0.532362 0.333348 2.11855 -1.3618</i>
                        <i>-0.0155271 0.987018 0.159859 -0.550548 0.12502 -0.825389 -0.834659 -0.100826 0.541459 0.337634 2.12112 -1.3509</i>
                        <i>-0.0225289 0.983304 0.180573 -0.564804 0.136515 -0.813855 -0.824917 -0.120323 0.552299 0.34143 2.12363 -1.34351</i>
                        <i>-0.0284961 0.979536 0.199241 -0.580864 0.145988 -0.800802 -0.813501 -0.138552 0.564818 0.344397 2.12611 -1.3383</i>
                        <i>-0.0341511 0.975967 0.215227 -0.598575 0.152482 -0.786421 -0.800339 -0.155687 0.578982 0.346193 2.12853 -1.33532</i>
                        <i>-0.0398616 0.972734 0.228473 -0.617665 0.155748 -0.770865 -0.78543 -0.171848 0.594616 0.346474 2.13089 -1.33459</i>
                        <i>-0.0449873 0.969813 0.239665 -0.637711 0.156788 -0.75415 -0.768961 -0.186764 0.611406 0.344895 2.1332 -1.33616</i>
                        <i>-0.0487616 0.967165 0.249429 -0.658288 0.156695 -0.736277 -0.751185 -0.200098 0.629032 0.341109 2.13542 -1.34002</i>
                        <i>-0.0502815 0.964751 0.258316 -0.67898 0.156658 -0.717248 -0.732433 -0.211455 0.647169 0.334775 2.13753 -1.34619</i>
                        <i>-0.0487793 0.962513 0.266815 -0.69939 0.157797 -0.697104 -0.713074 -0.220612 0.665474 0.319274 2.13953 -1.35699</i>
                        <i>-0.0446917 0.960616 0.274261 -0.719306 0.15957 -0.676119 -0.693255 -0.227494 0.683845 0.29162 2.14136 -1.37323</i>
                        <i>-0.0389738 0.959343 0.279538 -0.738616 0.160757 -0.654678 -0.672998 -0.231987 0.702321 0.256917 2.14301 -1.39271</i>
                        <i>-0.0327922 0.958943 0.281696 -0.757264 0.160106 -0.633181 -0.652286 -0.234082 0.720922 0.220278 2.14444 -1.41322</i>
                        <i>-0.0275273 0.959621 0.279946 -0.775258 0.156298 -0.612001 -0.631044 -0.233877 0.739652 0.186826 2.14561 -1.43253</i>
                    </KeyFrames>
                </p>
            </i>
            <i>
                <p>
                    <Name><![CDATA[spine1]]></Name>
                    <Exclude>0</Exclude>
                    <Additive>0</Additive>
                    <IKPriority>0</IKPriority>
                    <IKRotLimits>-1e+010 -1e+010 -1e+010 1e+010 1e+010 1e+010</IKRotLimits>
                    <IKRotLimitOrder>0</IKRotLimitOrder>
                    <KeyFrames count="91">
                        <i>-0.0817033 0.814479 0.574412 -0.511857 0.460234 -0.725387 -0.855177 -0.353283 0.379294 0.178904 2.19496 -1.41075</i>
                        <i>-0.0847323 0.804518 0.587853 -0.531804 0.462403 -0.709484 -0.842618 -0.372739 0.388666 0.18078 2.21476 -1.40602</i>
                        <i>-0.0864238 0.79202 0.604347 -0.557919 0.464095 -0.687999 -0.825383 -0.396636 0.401774 0.180222 2.23538 -1.39929</i>
                        <i>-0.0867464 0.778944 0.621065 -0.585229 0.464664 -0.664526 -0.806215 -0.42111 0.415552 0.17912 2.25598 -1.39093</i>
                        <i>-0.0866537 0.766756 0.636063 -0.608984 0.46452 -0.642931 -0.788435 -0.443064 0.42669 0.179399 2.27583 -1.38119</i>
                        <i>-0.0879676 0.756379 0.648192 -0.624722 0.464948 -0.627332 -0.775876 -0.460125 0.431626 0.182993 2.29432 -1.37025</i>
                        <i>-0.0931268 0.748833 0.656184 -0.627993 0.467243 -0.622341 -0.772627 -0.470035 0.426749 0.191708 2.31084 -1.35842</i>
                        <i>-0.104757 0.746712 0.656847 -0.613692 0.471191 -0.633531 -0.782565 -0.469468 0.408891 0.206985 2.32467 -1.34653</i>
                        <i>-0.122284 0.751655 0.648122 -0.580509 0.475503 -0.660989 -0.805019 -0.457069 0.378196 0.233016 2.33415 -1.33421</i>
                        <i>-0.142319 0.765157 0.627917 -0.532212 0.475716 -0.700318 -0.834563 -0.433854 0.339522 0.266711 2.33872 -1.32402</i>
                        <i>-0.160738 0.790909 0.590446 -0.47133 0.464097 -0.749974 -0.867186 -0.398845 0.298181 0.298545 2.33942 -1.3218</i>
                        <i>-0.171266 0.829533 0.531549 -0.402485 0.433537 -0.806258 -0.899263 -0.352024 0.259624 0.319647 2.33729 -1.33294</i>
                        <i>-0.167389 0.877339 0.44973 -0.332718 0.379134 -0.863456 -0.928052 -0.294167 0.228443 0.331221 2.3284 -1.35895</i>
                        <i>-0.145034 0.926698 0.346694 -0.270696 0.299866 -0.91477 -0.951677 -0.226522 0.207362 0.34073 2.31339 -1.39643</i>
                        <i>-0.104631 0.968213 0.227191 -0.224655 0.199529 -0.953791 -0.968805 -0.150835 0.196637 0.348767 2.29978 -1.44195</i>
                        <i>-0.0513934 0.993838 0.0982094 -0.199784 0.0861202 -0.976048 -0.978491 -0.0697831 0.194127 0.355381 2.28844 -1.49126</i>
                        <i>0.00675927 0.999303 -0.0367128 -0.199273 -0.0346313 -0.979332 -0.979921 0.0139355 0.1989 0.360243 2.27588 -1.53856</i>
                        <i>0.0617581 0.983458 -0.170282 -0.219269 -0.153071 -0.963582 -0.973708 0.0968465 0.206189 0.363147 2.26365 -1.57921</i>
                        <i>0.106827 0.951274 -0.289252 -0.24825 -0.256184 -0.934207 -0.962788 0.171605 0.208786 0.364494 2.25309 -1.61059</i>
                        <i>0.138781 0.91366 -0.382053 -0.274531 -0.335173 -0.901272 -0.951511 0.229965 0.204312 0.364975 2.24502 -1.63045</i>
                        <i>0.157801 0.884243 -0.43956 -0.289657 -0.384106 -0.876676 -0.944033 0.265662 0.195514 0.365215 2.23976 -1.63669</i>
                        <i>0.159196 0.867678 -0.470948 -0.295781 -0.4132 -0.861266 -0.941897 0.276407 0.190863 0.365049 2.23671 -1.63569</i>
                        <i>0.142105 0.8589 -0.492034 -0.298817 -0.436664 -0.848548 -0.943671 0.267611 0.194602 0.364186 2.23539 -1.63511</i>
                        <i>0.113312 0.855773 -0.50479 -0.299564 -0.454993 -0.838596 -0.947324 0.24624 0.204803 0.362885 2.23574 -1.63487</i>
                        <i>0.0795496 0.855847 -0.511076 -0.298849 -0.468642 -0.831303 -0.950979 0.218864 0.218488 0.361421 2.23733 -1.63488</i>
                        <i>0.0476001 0.857121 -0.512911 -0.297487 -0.478027 -0.826433 -0.953539 0.191923 0.232228 0.360079 2.23987 -1.63506</i>
                        <i>0.0242982 0.858301 -0.51257 -0.296248 -0.48351 -0.823684 -0.954802 0.171862 0.242521 0.359153 2.24305 -1.63535</i>
                        <i>0.0164888 0.858543 -0.512477 -0.295823 -0.485411 -0.822718 -0.955101 0.165168 0.245973 0.358938 2.24658 -1.63568</i>
                        <i>0.0333584 0.859296 -0.51039 -0.296607 -0.479156 -0.826096 -0.954417 0.178942 0.238889 0.359864 2.2499 -1.6363</i>
                        <i>0.0712126 0.861129 -0.503375 -0.29774 -0.463297 -0.83469 -0.951987 0.209315 0.223399 0.361739 2.25271 -1.63741</i>
                        <i>0.117495 0.862114 -0.492904 -0.298067 -0.442842 -0.845604 -0.947286 0.246273 0.204936 0.363939 2.25507 -1.63879</i>
                        <i>0.159652 0.861989 -0.48113 -0.297216 -0.422795 -0.8561 -0.941368 0.279677 0.188697 0.365877 2.25702 -1.64024</i>
                        <i>0.185334 0.862451 -0.470989 -0.295806 -0.408097 -0.863687 -0.937097 0.299392 0.179484 0.366999 2.25863 -1.64153</i>
                        <i>0.195811 0.86382 -0.464192 -0.294668 -0.399651 -0.868015 -0.935323 0.306749 0.176284 0.367383 2.26007 -1.64234</i>
                        <i>0.201031 0.864991 -0.459757 -0.293878 -0.394466 -0.870651 -0.934464 0.310141 0.174902 0.367482 2.26145 -1.64267</i>
                        <i>0.201847 0.866455 -0.456632 -0.293336 -0.391346 -0.87224 -0.934458 0.310006 0.17517 0.367314 2.26258 -1.6428</i>
                        <i>0.199049 0.868141 -0.454655 -0.293022 -0.38999 -0.872953 -0.935156 0.306985 0.176757 0.366902 2.26339 -1.64279</i>
                        <i>0.193423 0.869938 -0.453648 -0.292889 -0.390097 -0.872949 -0.936378 0.301717 0.179342 0.366271 2.2638 -1.6427</i>
                        <i>0.18581 0.871693 -0.45346 -0.292903 -0.391378 -0.872371 -0.937914 0.294915 0.182599 0.364922 2.26351 -1.6426</i>
                        <i>0.177055 0.873501 -0.453484 -0.292983 -0.393096 -0.871572 -0.939581 0.287179 0.186321 0.36267 2.26251 -1.64252</i>
                        <i>0.160516 0.876503 -0.453847 -0.293248 -0.396698 -0.869848 -0.942465 0.272714 0.193356 0.359664 2.26127 -1.64253</i>
                        <i>0.134305 0.880572 -0.454483 -0.293666 -0.402668 -0.86696 -0.946426 0.249903 0.204514 0.35627 2.26021 -1.6427</i>
                        <i>0.106407 0.884473 -0.454296 -0.293971 -0.408482 -0.864132 -0.949873 0.225499 0.216545 0.353312 2.25958 -1.64305</i>
                        <i>0.0849166 0.88776 -0.452407 -0.294018 -0.411503 -0.862681 -0.95202 0.206272 0.226074 0.351619 2.25967 -1.64357</i>
                        <i>0.0691232 0.890943 -0.448824 -0.29387 -0.411752 -0.862612 -0.953343 0.191523 0.23336 0.350969 2.26041 -1.64433</i>
                        <i>0.0537185 0.894518 -0.443793 -0.293636 -0.410634 -0.863225 -0.954407 0.176684 0.240604 0.350588 2.26148 -1.6454</i>
                        <i>0.039948 0.898401 -0.437356 -0.293299 -0.407881 -0.864644 -0.955186 0.162817 0.247206 0.350486 2.26275 -1.64676</i>
                        <i>0.0290565 0.902488 -0.429734 -0.292822 -0.40337 -0.866919 -0.955725 0.151025 0.252548 0.35067 2.2641 -1.64833</i>
                        <i>0.0222901 0.906712 -0.42116 -0.292124 -0.396973 -0.870101 -0.956121 0.142425 0.256023 0.351151 2.26544 -1.65006</i>
                        <i>0.0208925 0.911005 -0.411865 -0.291075 -0.388567 -0.874237 -0.956472 0.138149 0.257053 0.351935 2.26664 -1.65186</i>
                        <i>0.0281237 0.915307 -0.401773 -0.289374 -0.377267 -0.879734 -0.956803 0.141004 0.254256 0.353121 2.26757 -1.65366</i>
                        <i>0.0435735 0.91938 -0.39095 -0.286803 -0.363339 -0.886413 -0.956998 0.15075 0.247849 0.35464 2.26815 -1.65539</i>
                        <i>0.0629731 0.922902 -0.37985 -0.283464 -0.348391 -0.893461 -0.956913 0.163938 0.23967 0.356243 2.26835 -1.657</i>
                        <i>0.0820713 0.925793 -0.369014 -0.279679 -0.333991 -0.900128 -0.956579 0.17708 0.231514 0.35769 2.26815 -1.65846</i>
                        <i>0.0966574 0.928284 -0.359092 -0.275983 -0.321638 -0.90575 -0.95629 0.18665 0.225101 0.358741 2.26751 -1.65973</i>
                        <i>0.102308 0.930541 -0.351606 -0.273652 -0.313496 -0.909305 -0.956372 0.189246 0.222571 0.359214 2.26601 -1.66104</i>
                        <i>0.0941209 0.932877 -0.347681 -0.273771 -0.311515 -0.909949 -0.957178 0.180831 0.226075 0.35891 2.26361 -1.66249</i>
                        <i>0.0747571 0.935016 -0.346637 -0.275811 -0.314662 -0.908249 -0.9583 0.163504 0.234365 0.357909 2.26071 -1.66377</i>
                        <i>0.0510983 0.936306 -0.347448 -0.278604 -0.320727 -0.90527 -0.959046 0.143058 0.24447 0.35649 2.25768 -1.66458</i>
                        <i>0.0301046 0.936987 -0.348064 -0.280634 -0.326293 -0.902651 -0.959343 0.124852 0.253127 0.354931 2.25474 -1.66492</i>
                        <i>0.0187847 0.937855 -0.346519 -0.280513 -0.327716 -0.902172 -0.959666 0.11415 0.256924 0.353519 2.25208 -1.66481</i>
                        <i>0.012282 0.940646 -0.339168 -0.286269 -0.321688 -0.902534 -0.958071 0.108178 0.265327 0.349315 2.25029 -1.66254</i>
                        <i>0.00161286 0.946379 -0.323055 -0.304051 -0.307296 -0.901733 -0.952654 0.0996794 0.287252 0.342481 2.25 -1.65563</i>
                        <i>-0.0124548 0.954393 -0.298293 -0.330144 -0.285512 -0.899715 -0.943848 0.0872738 0.318643 0.337925 2.25158 -1.64267</i>
                        <i>-0.0292098 0.963534 -0.265989 -0.362278 -0.258215 -0.895589 -0.931612 0.070202 0.35661 0.336164 2.25442 -1.62537</i>
                        <i>-0.0478374 0.972516 -0.227867 -0.398281 -0.22778 -0.888532 -0.916015 0.0482499 0.398231 0.334443 2.25762 -1.6065</i>
                        <i>-0.0675387 0.980401 -0.185073 -0.434914 -0.195875 -0.87891 -0.897935 0.0211303 0.43962 0.332745 2.2611 -1.58628</i>
                        <i>-0.0876694 0.986395 -0.139062 -0.469123 -0.164033 -0.867766 -0.878771 -0.0108392 0.477121 0.331067 2.26476 -1.56495</i>
                        <i>-0.107809 0.989945 -0.091577 -0.498059 -0.133501 -0.856805 -0.860415 -0.0467604 0.507444 0.329425 2.26851 -1.54276</i>
                        <i>-0.127788 0.990799 -0.0445867 -0.519068 -0.105118 -0.848245 -0.845127 -0.0852518 0.527724 0.327851 2.27225 -1.52</i>
                        <i>-0.147656 0.989039 -0.000236611 -0.529581 -0.0792645 -0.844548 -0.835309 -0.124577 0.53548 0.326388 2.2759 -1.49696</i>
                        <i>-0.167546 0.984978 0.041805 -0.534076 -0.0550404 -0.843643 -0.828669 -0.163676 0.535274 0.325092 2.27941 -1.4739</i>
                        <i>-0.187202 0.978766 0.083506 -0.539068 -0.0312936 -0.841681 -0.821195 -0.202579 0.53348 0.324027 2.28279 -1.45102</i>
                        <i>-0.206217 0.970564 0.12442 -0.544752 -0.00824638 -0.838557 -0.812847 -0.240703 0.530417 0.323797 2.28597 -1.42743</i>
                        <i>-0.224227 0.960634 0.164029 -0.551166 0.0138039 -0.834282 -0.803703 -0.277476 0.526373 0.324777 2.28894 -1.40293</i>
                        <i>-0.240861 0.94922 0.202404 -0.558494 0.0350047 -0.82877 -0.79377 -0.31266 0.521702 0.326677 2.2917 -1.37884</i>
                        <i>-0.255759 0.936575 0.239614 -0.566877 0.0554812 -0.821932 -0.783095 -0.346048 0.516733 0.329198 2.29428 -1.35648</i>
                        <i>-0.268567 0.922958 0.275719 -0.576411 0.0753466 -0.813679 -0.771766 -0.377454 0.511768 0.332036 2.2967 -1.33714</i>
                        <i>-0.27894 0.908633 0.310771 -0.587142 0.0947124 -0.803924 -0.759906 -0.406713 0.507077 0.33488 2.29899 -1.32212</i>
                        <i>-0.286541 0.893869 0.344807 -0.599066 0.113698 -0.792586 -0.747672 -0.433671 0.502908 0.337407 2.30119 -1.31093</i>
                        <i>-0.291041 0.878935 0.377846 -0.612132 0.132442 -0.779586 -0.735248 -0.458183 0.499478 0.339288 2.30332 -1.30229</i>
                        <i>-0.294566 0.863961 0.408413 -0.626377 0.148212 -0.765301 -0.721722 -0.481252 0.497507 0.34005 2.30545 -1.29634</i>
                        <i>-0.297817 0.848914 0.436635 -0.641732 0.160589 -0.749927 -0.706743 -0.503544 0.496949 0.339283 2.30758 -1.29313</i>
                        <i>-0.298106 0.833784 0.464691 -0.657903 0.173246 -0.732905 -0.69159 -0.524205 0.496903 0.336755 2.30974 -1.29257</i>
                        <i>-0.292447 0.818566 0.494392 -0.674503 0.189913 -0.713428 -0.677879 -0.542109 0.496586 0.332262 2.31192 -1.29455</i>
                        <i>-0.277567 0.803203 0.527087 -0.690915 0.214324 -0.690437 -0.667528 -0.555814 0.495456 0.325624 2.31412 -1.29896</i>
                        <i>-0.25075 0.78712 0.56353 -0.70612 0.249494 -0.662682 -0.662207 -0.564087 0.493241 0.310367 2.31636 -1.30802</i>
                        <i>-0.213507 0.770202 0.601003 -0.719117 0.292509 -0.630325 -0.661276 -0.56677 0.491412 0.283429 2.31862 -1.32268</i>
                        <i>-0.169166 0.753134 0.635745 -0.729307 0.338226 -0.594739 -0.662944 -0.564263 0.49205 0.249748 2.32089 -1.34095</i>
                        <i>-0.1216 0.737013 0.66485 -0.736813 0.381784 -0.557985 -0.665071 -0.557721 0.496615 0.214227 2.32314 -1.3608</i>
                        <i>-0.075081 0.72336 0.686377 -0.74268 0.418756 -0.52256 -0.665424 -0.548993 0.505785 0.181732 2.32531 -1.38018</i>
                    </KeyFrames>
                </p>
            </i>
            <i>
                <p>
                    <Name><![CDATA[spine2]]></Name>
