<?xml version="1.0" encoding="ISO-8859-1" ?>
<Animl Version="1">
    <ModellingPackage><![CDATA[Maya.2010]]></ModellingPackage>
    <SrcFile><![CDATA[anims\turrets\special\blue\~src\flamelube\flamelube_reload_crewmand.mb]]></SrcFile>
    <FramesPerSecond>30</FramesPerSecond>
    <TotalFrames>91</TotalFrames>
    <Skeleton>
        <RefFrame>
            <Name><![CDATA[soldier_ref_frame]]></Name>
            <Exclude>0</Exclude>
            <Additive>0</Additive>
            <IKPriority>0</IKPriority>
            <IKRotLimits>-1e+010 -1e+010 -1e+010 1e+010 1e+010 1e+010</IKRotLimits>
            <IKRotLimitOrder>0</IKRotLimitOrder>
            <KeyFrames count="91">
                <i>1 0 0 0 1 0 0 0 1 -2.3 0.9 -0.75</i>
                <i>1 0 0 0 1 0 0 0 1 -2.3 0.9 -0.75</i>
                <i>1 0 0 0 1 0 0 0 1 -2.3 0.9 -0.75</i>
                <i>1 0 0 0 1 0 0 0 1 -2.3 0.9 -0.75</i>
                <i>1 0 0 0 1 0 0 0 1 -2.3 0.9 -0.75</i>
                <i>1 0 0 0 1 0 0 0 1 -2.3 0.9 -0.75</i>
                <i>1 0 0 0 1 0 0 0 1 -2.3 0.9 -0.75</i>
                <i>1 0 0 0 1 0 0 0 1 -2.3 0.9 -0.75</i>
                <i>1 0 0 0 1 0 0 0 1 -2.3 0.9 -0.75</i>
                <i>1 0 0 0 1 0 0 0 1 -2.3 0.9 -0.75</i>
                <i>1 0 0 0 1 0 0 0 1 -2.3 0.9 -0.75</i>
                <i>1 0 0 0 1 0 0 0 1 -2.3 0.9 -0.75</i>
                <i>1 0 0 0 1 0 0 0 1 -2.3 0.9 -0.75</i>
                <i>1 0 0 0 1 0 0 0 1 -2.3 0.9 -0.75</i>
                <i>1 0 0 0 1 0 0 0 1 -2.3 0.9 -0.75</i>
                <i>1 0 0 0 1 0 0 0 1 -2.3 0.9 -0.75</i>
                <i>1 0 0 0 1 0 0 0 1 -2.3 0.9 -0.75</i>
                <i>1 0 0 0 1 0 0 0 1 -2.3 0.9 -0.75</i>
                <i>1 0 0 0 1 0 0 0 1 -2.3 0.9 -0.75</i>
                <i>1 0 0 0 1 0 0 0 1 -2.3 0.9 -0.75</i>
                <i>1 0 0 0 1 0 0 0 1 -2.3 0.9 -0.75</i>
                <i>1 0 0 0 1 0 0 0 1 -2.3 0.9 -0.75</i>
                <i>1 0 0 0 1 0 0 0 1 -2.3 0.9 -0.75</i>
                <i>1 0 0 0 1 0 0 0 1 -2.3 0.9 -0.75</i>
                <i>1 0 0 0 1 0 0 0 1 -2.3 0.9 -0.75</i>
                <i>1 0 0 0 1 0 0 0 1 -2.3 0.9 -0.75</i>
                <i>1 0 0 0 1 0 0 0 1 -2.3 0.9 -0.75</i>
                <i>1 0 0 0 1 0 0 0 1 -2.3 0.9 -0.75</i>
                <i>1 0 0 0 1 0 0 0 1 -2.3 0.9 -0.75</i>
                <i>1 0 0 0 1 0 0 0 1 -2.3 0.9 -0.75</i>
                <i>1 0 0 0 1 0 0 0 1 -2.3 0.9 -0.75</i>
                <i>1 0 0 0 1 0 0 0 1 -2.3 0.9 -0.75</i>
                <i>1 0 0 0 1 0 0 0 1 -2.3 0.9 -0.75</i>
                <i>1 0 0 0 1 0 0 0 1 -2.3 0.9 -0.75</i>
                <i>1 0 0 0 1 0 0 0 1 -2.3 0.9 -0.75</i>
                <i>1 0 0 0 1 0 0 0 1 -2.3 0.9 -0.75</i>
                <i>1 0 0 0 1 0 0 0 1 -2.3 0.9 -0.75</i>
                <i>1 0 0 0 1 0 0 0 1 -2.3 0.9 -0.75</i>
                <i>1 0 0 0 1 0 0 0 1 -2.3 0.9 -0.75</i>
                <i>1 0 0 0 1 0 0 0 1 -2.3 0.9 -0.75</i>
                <i>1 0 0 0 1 0 0 0 1 -2.3 0.9 -0.75</i>
                <i>1 0 0 0 1 0 0 0 1 -2.3 0.9 -0.75</i>
                <i>1 0 0 0 1 0 0 0 1 -2.3 0.9 -0.75</i>
                <i>1 0 0 0 1 0 0 0 1 -2.3 0.9 -0.75</i>
                <i>1 0 0 0 1 0 0 0 1 -2.3 0.9 -0.75</i>
                <i>1 0 0 0 1 0 0 0 1 -2.3 0.9 -0.75</i>
                <i>1 0 0 0 1 0 0 0 1 -2.3 0.9 -0.75</i>
                <i>1 0 0 0 1 0 0 0 1 -2.3 0.9 -0.75</i>
                <i>1 0 0 0 1 0 0 0 1 -2.3 0.9 -0.75</i>
                <i>1 0 0 0 1 0 0 0 1 -2.3 0.9 -0.75</i>
                <i>1 0 0 0 1 0 0 0 1 -2.3 0.9 -0.75</i>
                <i>1 0 0 0 1 0 0 0 1 -2.3 0.9 -0.75</i>
                <i>1 0 0 0 1 0 0 0 1 -2.3 0.9 -0.75</i>
                <i>1 0 0 0 1 0 0 0 1 -2.3 0.9 -0.75</i>
                <i>1 0 0 0 1 0 0 0 1 -2.3 0.9 -0.75</i>
                <i>1 0 0 0 1 0 0 0 1 -2.3 0.9 -0.75</i>
                <i>1 0 0 0 1 0 0 0 1 -2.3 0.9 -0.75</i>
                <i>1 0 0 0 1 0 0 0 1 -2.3 0.9 -0.75</i>
                <i>1 0 0 0 1 0 0 0 1 -2.3 0.9 -0.75</i>
                <i>1 0 0 0 1 0 0 0 1 -2.3 0.9 -0.75</i>
                <i>1 0 0 0 1 0 0 0 1 -2.3 0.9 -0.75</i>
                <i>1 0 0 0 1 0 0 0 1 -2.3 0.9 -0.75</i>
                <i>1 0 0 0 1 0 0 0 1 -2.3 0.9 -0.75</i>
                <i>1 0 0 0 1 0 0 0 1 -2.3 0.9 -0.75</i>
                <i>1 0 0 0 1 0 0 0 1 -2.3 0.9 -0.75</i>
                <i>1 0 0 0 1 0 0 0 1 -2.3 0.9 -0.75</i>
                <i>1 0 0 0 1 0 0 0 1 -2.3 0.9 -0.75</i>
                <i>1 0 0 0 1 0 0 0 1 -2.3 0.9 -0.75</i>
                <i>1 0 0 0 1 0 0 0 1 -2.3 0.9 -0.75</i>
                <i>1 0 0 0 1 0 0 0 1 -2.3 0.9 -0.75</i>
                <i>1 0 0 0 1 0 0 0 1 -2.3 0.9 -0.75</i>
                <i>1 0 0 0 1 0 0 0 1 -2.3 0.9 -0.75</i>
                <i>1 0 0 0 1 0 0 0 1 -2.3 0.9 -0.75</i>
                <i>1 0 0 0 1 0 0 0 1 -2.3 0.9 -0.75</i>
                <i>1 0 0 0 1 0 0 0 1 -2.3 0.9 -0.75</i>
                <i>1 0 0 0 1 0 0 0 1 -2.3 0.9 -0.75</i>
                <i>1 0 0 0 1 0 0 0 1 -2.3 0.9 -0.75</i>
                <i>1 0 0 0 1 0 0 0 1 -2.3 0.9 -0.75</i>
                <i>1 0 0 0 1 0 0 0 1 -2.3 0.9 -0.75</i>
                <i>1 0 0 0 1 0 0 0 1 -2.3 0.9 -0.75</i>
                <i>1 0 0 0 1 0 0 0 1 -2.3 0.9 -0.75</i>
                <i>1 0 0 0 1 0 0 0 1 -2.3 0.9 -0.75</i>
                <i>1 0 0 0 1 0 0 0 1 -2.3 0.9 -0.75</i>
                <i>1 0 0 0 1 0 0 0 1 -2.3 0.9 -0.75</i>
                <i>1 0 0 0 1 0 0 0 1 -2.3 0.9 -0.75</i>
                <i>1 0 0 0 1 0 0 0 1 -2.3 0.9 -0.75</i>
                <i>1 0 0 0 1 0 0 0 1 -2.3 0.9 -0.75</i>
                <i>1 0 0 0 1 0 0 0 1 -2.3 0.9 -0.75</i>
                <i>1 0 0 0 1 0 0 0 1 -2.3 0.9 -0.75</i>
                <i>1 0 0 0 1 0 0 0 1 -2.3 0.9 -0.75</i>
                <i>1 0 0 0 1 0 0 0 1 -2.3 0.9 -0.75</i>
            </KeyFrames>
        </RefFrame>
        <Bones count="23">
            <i>
                <p>
                    <Name><![CDATA[pelvis]]></Name>
                    <Exclude>0</Exclude>
                    <Additive>0</Additive>
                    <IKPriority>0</IKPriority>
                    <IKRotLimits>-1e+010 -1e+010 -1e+010 1e+010 1e+010 1e+010</IKRotLimits>
                    <IKRotLimitOrder>2</IKRotLimitOrder>
                    <KeyFrames count="91">
                        <i>1 0 0 0 1 0 0 0 1 -2.46744 1.80714 -0.770428</i>
                        <i>1 0 0 0 1 0 0 0 1 -2.46744 1.80507 -0.770428</i>
                        <i>1 0 0 0 1 0 0 0 1 -2.46744 1.80329 -0.770428</i>
                        <i>1 0 0 0 1 0 0 0 1 -2.46744 1.80221 -0.770428</i>
                        <i>1 0 0 0 1 0 0 0 1 -2.46744 1.80222 -0.770428</i>
                        <i>1 0 0 0 1 0 0 0 1 -2.46744 1.80373 -0.770428</i>
                        <i>1 0 0 0 1 0 0 0 1 -2.46744 1.80714 -0.770428</i>
                        <i>1 0 0 0 1 0 0 0 1 -2.46744 1.813 -0.769974</i>
                        <i>1 0 0 0 1 0 0 0 1 -2.46744 1.82108 -0.768839</i>
                        <i>1 0 0 0 1 0 0 0 1 -2.46744 1.8306 -0.767362</i>
                        <i>1 0 0 0 1 0 0 0 1 -2.46744 1.84079 -0.765886</i>
                        <i>1 0 0 0 1 0 0 0 1 -2.46744 1.85086 -0.764751</i>
                        <i>1 0 0 0 1 0 0 0 1 -2.46744 1.86005 -0.764296</i>
                        <i>1 0 0 0 1 0 0 0 1 -2.46744 1.86757 -0.764864</i>
                        <i>1 0 0 0 1 0 0 0 1 -2.46744 1.87266 -0.766795</i>
                        <i>1 0 0 0 1 0 0 0 1 -2.46744 1.87453 -0.770428</i>
                        <i>1 0 0 0 1 0 0 0 1 -2.46744 1.87339 -0.775484</i>
                        <i>1 0 0 0 1 0 0 0 1 -2.46744 1.87022 -0.781374</i>
                        <i>1 0 0 0 1 0 0 0 1 -2.46744 1.86537 -0.787983</i>
                        <i>1 0 0 0 1 0 0 0 1 -2.46744 1.85921 -0.795194</i>
                        <i>1 0 0 0 1 0 0 0 1 -2.46744 1.85209 -0.802889</i>
                        <i>1 0 0 0 1 0 0 0 1 -2.46744 1.84437 -0.810952</i>
                        <i>1 0 0 0 1 0 0 0 1 -2.46744 1.83642 -0.819266</i>
                        <i>1 0 0 0 1 0 0 0 1 -2.46744 1.82857 -0.827715</i>
                        <i>1 0 0 0 1 0 0 0 1 -2.46744 1.82121 -0.836181</i>
                        <i>1 0 0 0 1 0 0 0 1 -2.46744 1.81468 -0.844548</i>
                        <i>1 0 0 0 1 0 0 0 1 -2.46744 1.80935 -0.852698</i>
                        <i>1 0 0 0 1 0 0 0 1 -2.46744 1.80557 -0.860516</i>
                        <i>1 0 0 0 1 0 0 0 1 -2.46744 1.8037 -0.867884</i>
                        <i>1 0 0 0 1 0 0 0 1 -2.46744 1.80411 -0.874685</i>
                        <i>1 0 0 0 1 0 0 0 1 -2.46744 1.80714 -0.880803</i>
                        <i>1 0 0 0 1 0 0 0 1 -2.46744 1.81939 -0.88536</i>
                        <i>1 0 0 0 1 0 0 0 1 -2.46744 1.84395 -0.887961</i>
                        <i>1 0 0 0 1 0 0 0 1 -2.46744 1.87598 -0.889211</i>
                        <i>1 0 0 0 1 0 0 0 1 -2.46744 1.91062 -0.889716</i>
                        <i>1 0 0 0 1 0 0 0 1 -2.46744 1.94302 -0.89008</i>
                        <i>1 0 0 0 1 0 0 0 1 -2.46744 1.96834 -0.890909</i>
                        <i>1 0 0 0 1 0 0 0 1 -2.46744 1.98018 -0.891185</i>
                        <i>1 0 0 0 1 0 0 0 1 -2.46744 1.96834 -0.890909</i>
                        <i>1 0 0 0 1 0 0 0 1 -2.46744 1.93278 -0.8911</i>
                        <i>1 0 0 0 1 0 0 0 1 -2.46744 1.88671 -0.891339</i>
                        <i>1 0 0 0 1 0 0 0 1 -2.46744 1.83937 -0.891619</i>
                        <i>1 0 0 0 1 0 0 0 1 -2.46744 1.79999 -0.89193</i>
                        <i>1 0 0 0 1 0 0 0 1 -2.46744 1.7778 -0.892261</i>
                        <i>1 0 0 0 1 0 0 0 1 -2.46744 1.77312 -0.892604</i>
                        <i>1 0 0 0 1 0 0 0 1 -2.46744 1.7785 -0.892949</i>
                        <i>1 0 0 0 1 0 0 0 1 -2.46744 1.79155 -0.893286</i>
                        <i>1 0 0 0 1 0 0 0 1 -2.46744 1.80987 -0.893607</i>
                        <i>1 0 0 0 1 0 0 0 1 -2.46744 1.83105 -0.8939</i>
                        <i>1 0 0 0 1 0 0 0 1 -2.46744 1.85271 -0.894158</i>
                        <i>1 0 0 0 1 0 0 0 1 -2.46744 1.87921 -0.89437</i>
                        <i>1 0 0 0 1 0 0 0 1 -2.46744 1.91317 -0.894527</i>
                        <i>1 0 0 0 1 0 0 0 1 -2.46744 1.9496 -0.89462</i>
                        <i>1 0 0 0 1 0 0 0 1 -2.46744 1.98349 -0.894638</i>
                        <i>1 0 0 0 1 0 0 0 1 -2.46744 2.00984 -0.894573</i>
                        <i>1 0 0 0 1 0 0 0 1 -2.46744 2.01705 -0.894414</i>
                        <i>1 0 0 0 1 0 0 0 1 -2.46744 1.99904 -0.894153</i>
                        <i>1 0 0 0 1 0 0 0 1 -2.46744 1.96289 -0.894003</i>
                        <i>1 0 0 0 1 0 0 0 1 -2.46744 1.91771 -0.894119</i>
                        <i>1 0 0 0 1 0 0 0 1 -2.46744 1.86985 -0.894405</i>
                        <i>1 0 0 0 1 0 0 0 1 -2.46744 1.82566 -0.894762</i>
                        <i>1 0 0 0 1 0 0 0 1 -2.46744 1.79148 -0.895093</i>
                        <i>1 0 0 0 1 0 0 0 1 -2.46744 1.77366 -0.8953</i>
                        <i>1 0 0 0 1 0 0 0 1 -2.46744 1.77297 -0.895286</i>
                        <i>1 0 0 0 1 0 0 0 1 -2.46744 1.78367 -0.894954</i>
                        <i>1 0 0 0 1 0 0 0 1 -2.46744 1.8023 -0.894205</i>
                        <i>1 0 0 0 1 0 0 0 1 -2.46744 1.82542 -0.892942</i>
                        <i>1 0 0 0 1 0 0 0 1 -2.46744 1.84956 -0.891068</i>
                        <i>1 0 0 0 1 0 0 0 1 -2.46744 1.87129 -0.888485</i>
                        <i>1 0 0 0 1 0 0 0 1 -2.46744 1.88714 -0.885096</i>
                        <i>1 0 0 0 1 0 0 0 1 -2.46744 1.89368 -0.880803</i>
                        <i>1 0 0 0 1 0 0 0 1 -2.46744 1.88813 -0.874262</i>
                        <i>1 0 0 0 1 0 0 0 1 -2.46744 1.87252 -0.864746</i>
                        <i>1 0 0 0 1 0 0 0 1 -2.46744 1.85057 -0.853082</i>
                        <i>1 0 0 0 1 0 0 0 1 -2.46744 1.82599 -0.840096</i>
                        <i>1 0 0 0 1 0 0 0 1 -2.46744 1.80249 -0.826614</i>
                        <i>1 0 0 0 1 0 0 0 1 -2.46744 1.78379 -0.813463</i>
                        <i>1 0 0 0 1 0 0 0 1 -2.46744 1.77008 -0.801469</i>
                        <i>1 0 0 0 1 0 0 0 1 -2.46744 1.76072 -0.79146</i>
                        <i>1 0 0 0 1 0 0 0 1 -2.46744 1.75816 -0.78426</i>
                        <i>1 0 0 0 1 0 0 0 1 -2.46744 1.76031 -0.779481</i>
                        <i>1 0 0 0 1 0 0 0 1 -2.46744 1.76334 -0.77604</i>
                        <i>1 0 0 0 1 0 0 0 1 -2.46744 1.7671 -0.773726</i>
                        <i>1 0 0 0 1 0 0 0 1 -2.46744 1.77146 -0.772328</i>
                        <i>1 0 0 0 1 0 0 0 1 -2.46744 1.77628 -0.771634</i>
                        <i>1 0 0 0 1 0 0 0 1 -2.46744 1.78142 -0.771433</i>
                        <i>1 0 0 0 1 0 0 0 1 -2.46744 1.78675 -0.771514</i>
                        <i>1 0 0 0 1 0 0 0 1 -2.46744 1.79212 -0.771665</i>
                        <i>1 0 0 0 1 0 0 0 1 -2.46744 1.79741 -0.771675</i>
                        <i>1 0 0 0 1 0 0 0 1 -2.46744 1.80246 -0.771334</i>
                        <i>1 0 0 0 1 0 0 0 1 -2.46744 1.80714 -0.770428</i>
                    </KeyFrames>
                </p>
            </i>
            <i>
                <p>
                    <Name><![CDATA[spine0]]></Name>
                    <Exclude>0</Exclude>
                    <Additive>0</Additive>
                    <IKPriority>0</IKPriority>
                    <IKRotLimits>-1e+010 -1e+010 -1e+010 1e+010 1e+010 1e+010</IKRotLimits>
                    <IKRotLimitOrder>0</IKRotLimitOrder>
                    <KeyFrames count="91">
                        <i>-0.489919 0.869965 -0.056033 -0.0294559 0.047719 0.998426 0.87127 0.490799 0.00224714 -2.57945 1.89741 -0.770428</i>
                        <i>-0.489574 0.870195 -0.0554785 -0.0290805 0.047295 0.998458 0.871477 0.490432 0.00215132 -2.57929 1.89554 -0.770428</i>
                        <i>-0.489477 0.870259 -0.0553233 -0.0289757 0.0471761 0.998466 0.871535 0.49033 0.00212476 -2.57925 1.89381 -0.770428</i>
                        <i>-0.489546 0.870213 -0.0554342 -0.0290506 0.047261 0.99846 0.871493 0.490403 0.00214372 -2.57928 1.89269 -0.770428</i>
                        <i>-0.489698 0.870112 -0.0556781 -0.0292154 0.0474477 0.998446 0.871402 0.490564 0.00218564 -2.57935 1.89262 -0.770428</i>
                        <i>-0.48985 0.870011 -0.0559221 -0.0293806 0.0476342 0.998433 0.871311 0.490725 0.00222786 -2.57942 1.89404 -0.770428</i>
                        <i>-0.489919 0.869965 -0.056033 -0.0294559 0.047719 0.998426 0.87127 0.490799 0.00224714 -2.57945 1.89741 -0.770428</i>
                        <i>-0.490068 0.869908 -0.0556129 -0.0283515 0.0478586 0.998452 0.871223 0.490886 0.00120921 -2.57949 1.90323 -0.769902</i>
                        <i>-0.490441 0.869765 -0.0545618 -0.0255897 0.0482087 0.998509 0.871099 0.491106 -0.00138654 -2.57958 1.9112 -0.768586</i>
                        <i>-0.490926 0.869576 -0.0531937 -0.0219974 0.0486659 0.998573 0.870924 0.491395 -0.00476289 -2.5797 1.92057 -0.766873</i>
                        <i>-0.491411 0.869385 -0.0518237 -0.0184031 0.0491254 0.998623 0.870734 0.491688 -0.00814131 -2.57981 1.93061 -0.76516</i>
                        <i>-0.491784 0.869236 -0.0507686 -0.015637 0.0494804 0.998653 0.870577 0.491915 -0.0107414 -2.5799 1.94057 -0.763841</i>
                        <i>-0.491933 0.869176 -0.0503462 -0.0145302 0.0496229 0.998662 0.870512 0.492006 -0.0117818 -2.57994 1.94971 -0.763313</i>
                        <i>-0.491746 0.869251 -0.0508742 -0.0159137 0.0494449 0.99865 0.870593 0.491892 -0.0104814 -2.57989 1.95729 -0.763973</i>
                        <i>-0.491112 0.869503 -0.052667 -0.0206152 0.0488423 0.998594 0.870852 0.491507 -0.00606205 -2.57974 1.96257 -0.766214</i>
                        <i>-0.489919 0.869965 -0.056033 -0.0294559 0.047719 0.998426 0.87127 0.490799 0.00224714 -2.57945 1.9648 -0.770428</i>
                        <i>-0.488054 0.870683 -0.0609457 -0.0418648 0.0463938 0.998046 0.871809 0.489652 0.0138083 -2.57902 1.96419 -0.776286</i>
                        <i>-0.485561 0.871629 -0.0670245 -0.0564874 0.0452264 0.997378 0.872376 0.488075 0.0272759 -2.57847 1.96169 -0.783103</i>
                        <i>-0.482568 0.872723 -0.0740409 -0.0729566 0.0441887 0.996356 0.872815 0.486211 0.0423469 -2.57781 1.95761 -0.790729</i>
                        <i>-0.479203 0.873887 -0.0817692 -0.0909024 0.0432472 0.99492 0.872984 0.484202 0.0587143 -2.57705 1.95231 -0.799017</i>
                        <i>-0.475595 0.87505 -0.0899872 -0.109954 0.0423595 0.993034 0.872766 0.482176 0.0760696 -2.57621 1.94611 -0.80782</i>
                        <i>-0.471874 0.876149 -0.098477 -0.129745 0.0414725 0.99068 0.872067 0.480253 0.0941058 -2.57531 1.93937 -0.816994</i>
                        <i>-0.468173 0.877132 -0.107025 -0.149911 0.040521 0.987869 0.870828 0.478537 0.112521 -2.57436 1.93241 -0.826398</i>
                        <i>-0.464623 0.877954 -0.115422 -0.170102 0.0394271 0.984637 0.869017 0.477119 0.131023 -2.57337 1.92556 -0.835894</i>
                        <i>-0.461357 0.878582 -0.123461 -0.189977 0.0381003 0.981049 0.866636 0.476069 0.149332 -2.57238 1.91918 -0.845345</i>
                        <i>-0.458506 0.878992 -0.13094 -0.20921 0.0364388 0.977192 0.863715 0.475443 0.167186 -2.57141 1.9136 -0.854621</i>
                        <i>-0.4562 0.879166 -0.137656 -0.22749 0.0343302 0.973175 0.860308 0.475278 0.18434 -2.57048 1.90915 -0.863594</i>
                        <i>-0.454564 0.879094 -0.143406 -0.244523 0.0316544 0.969127 0.856493 0.475596 0.20057 -2.56961 1.90618 -0.872137</i>
                        <i>-0.453721 0.87877 -0.147988 -0.260026 0.0282863 0.965187 0.852364 0.476407 0.215669 -2.56884 1.90501 -0.880128</i>
                        <i>-0.453789 0.878188 -0.151198 -0.273726 0.0240996 0.961506 0.848027 0.477708 0.229447 -2.56819 1.906 -0.887447</i>
                        <i>-0.454879 0.877341 -0.152832 -0.285359 0.0189722 0.958233 0.843597 0.479492 0.241727 -2.56769 1.90948 -0.893975</i>
                        <i>-0.459179 0.875806 -0.148724 -0.293193 0.00862577 0.956014 0.838566 0.482586 0.25282 -2.56736 1.92201 -0.898748</i>
                        <i>-0.467541 0.873298 -0.13695 -0.29728 -0.0094342 0.954744 0.832484 0.487095 0.264025 -2.56717 1.94676 -0.90139</i>
                        <i>-0.47812 0.869962 -0.120694 -0.299608 -0.0323744 0.953513 0.825613 0.492054 0.276126 -2.56702 1.97893 -0.902635</i>
                        <i>-0.489268 0.866014 -0.103134 -0.301219 -0.0568207 0.951861 0.818465 0.49678 0.28866 -2.56694 2.01365 -0.903166</i>
                        <i>-0.499483 0.861914 -0.0872988 -0.303149 -0.0794937 0.949622 0.811553 0.500784 0.300994 -2.5669 2.04607 -0.903668</i>
                        <i>-0.507349 0.858373 -0.0761108 -0.306472 -0.0971819 0.946906 0.805402 0.503738 0.312372 -2.56691 2.07133 -0.904822</i>
                        <i>-0.511472 0.856367 -0.0709421 -0.312326 -0.108356 0.943775 0.80053 0.504871 0.322887 -2.56697 2.08306 -0.905505</i>
                        <i>-0.511508 0.856442 -0.0697614 -0.319997 -0.114511 0.940473 0.797472 0.503382 0.332632 -2.56706 2.07106 -0.905728</i>
                        <i>-0.508655 0.85813 -0.0698831 -0.327854 -0.118002 0.93733 0.796104 0.499689 0.341364 -2.56719 2.03527 -0.906627</i>
                        <i>-0.503721 0.860724 -0.0736188 -0.335963 -0.116677 0.93462 0.79586 0.495521 0.347944 -2.56734 1.98866 -0.909283</i>
                        <i>-0.497627 0.863469 -0.0823914 -0.34408 -0.109313 0.932555 0.796227 0.492414 0.3515 -2.56746 1.94023 -0.914423</i>
                        <i>-0.491379 0.865844 -0.094133 -0.35154 -0.0982876 0.930999 0.796848 0.490565 0.352675 -2.56749 1.89924 -0.920839</i>
                        <i>-0.485874 0.86751 -0.106552 -0.357797 -0.08619 0.929813 0.797438 0.489896 0.352269 -2.56744 1.87509 -0.927345</i>
                        <i>-0.481953 0.86831 -0.117299 -0.362567 -0.075762 0.928873 0.797663 0.490202 0.351335 -2.56738 1.86847 -0.932807</i>
                        <i>-0.480484 0.868168 -0.12417 -0.365883 -0.069763 0.928042 0.797035 0.491342 0.351168 -2.56745 1.87245 -0.936158</i>
                        <i>-0.481699 0.867275 -0.1257 -0.368033 -0.0700304 0.927172 0.79531 0.492879 0.352919 -2.56778 1.88507 -0.936661</i>
                        <i>-0.484825 0.865881 -0.123264 -0.36914 -0.0748167 0.926357 0.792893 0.494623 0.355905 -2.56831 1.90371 -0.935022</i>
                        <i>-0.489262 0.863975 -0.119036 -0.369069 -0.0814427 0.925827 0.790197 0.496904 0.358713 -2.56892 1.92549 -0.932361</i>
                        <i>-0.494401 0.861556 -0.115281 -0.367746 -0.0871483 0.925834 0.787611 0.500127 0.35992 -2.56951 1.94761 -0.929808</i>
                        <i>-0.499623 0.858666 -0.114323 -0.365192 -0.0891149 0.926657 0.785501 0.504729 0.358102 -2.57002 1.97411 -0.928518</i>
                        <i>-0.50432 0.855721 -0.115774 -0.359799 -0.086356 0.929025 0.784988 0.510181 0.351438 -2.57054 2.00773 -0.928068</i>
                        <i>-0.50794 0.853314 -0.117698 -0.350463 -0.0799038 0.933162 0.786875 0.515239 0.339642 -2.57117 2.04378 -0.927289</i>
                        <i>-0.509937 0.851784 -0.120119 -0.33794 -0.0699574 0.938564 0.791051 0.519201 0.323526 -2.57187 2.07726 -0.92622</i>
                        <i>-0.509764 0.851466 -0.123073 -0.322937 -0.0567873 0.944715 0.797403 0.521327 0.303918 -2.57261 2.1032 -0.924902</i>
                        <i>-0.506228 0.853045 -0.126682 -0.306267 -0.0405083 0.951083 0.806185 0.520263 0.281766 -2.57334 2.11 -0.923381</i>
                        <i>-0.499318 0.856469 -0.130932 -0.288432 -0.0218155 0.957252 0.817 0.515738 0.257926 -2.57404 2.09162 -0.921705</i>
                        <i>-0.490239 0.860944 -0.135798 -0.269711 -0.00169268 0.96294 0.828808 0.508697 0.233036 -2.57468 2.05514 -0.920168</i>
                        <i>-0.480208 0.865713 -0.141215 -0.250467 0.0189572 0.967939 0.840635 0.500182 0.207729 -2.57523 2.00967 -0.919002</i>
                        <i>-0.470485 0.870086 -0.146949 -0.231161 0.0391865 0.972126 0.851592 0.49134 0.182693 -2.57568 1.96159 -0.918176</i>
                        <i>-0.462401 0.873415 -0.152747 -0.21234 0.0581766 0.975462 0.86087 0.48349 0.15856 -2.576 1.91724 -0.917659</i>
                        <i>-0.457343 0.875081 -0.158334 -0.194638 0.0752298 0.977986 0.867729 0.478093 0.135918 -2.57619 1.88297 -0.917423</i>
                        <i>-0.454259 0.875597 -0.164252 -0.176012 0.0925272 0.98003 0.873309 0.474098 0.112085 -2.57593 1.86549 -0.917507</i>
                        <i>-0.451223 0.87587 -0.171026 -0.154796 0.111922 0.981586 0.878883 0.469389 0.0850791 -2.575 1.8658 -0.917878</i>
                        <i>-0.44831 0.875907 -0.178342 -0.132318 0.132289 0.98234 0.884031 0.46399 0.0565921 -2.57354 1.87795 -0.918385</i>
                        <i>-0.445606 0.875729 -0.185831 -0.109895 0.1525 0.982175 0.888458 0.458085 0.028283 -2.57173 1.89829 -0.918836</i>
                        <i>-0.443241 0.875369 -0.193043 -0.0887141 0.171458 0.981189 0.892002 0.452029 0.00166009 -2.56973 1.92316 -0.918984</i>
                        <i>-0.441384 0.874875 -0.199432 -0.0697786 0.188116 0.979665 0.894601 0.446325 -0.0219836 -2.56777 1.94894 -0.91853</i>
                        <i>-0.440222 0.874317 -0.204387 -0.0539054 0.201485 0.978007 0.89627 0.441558 -0.0415675 -2.56608 1.97201 -0.917126</i>
                        <i>-0.43993 0.873788 -0.207258 -0.0417815 0.210626 0.976673 0.897059 0.438328 -0.0561528 -2.56492 1.9888 -0.914395</i>
                        <i>-0.440664 0.873385 -0.207399 -0.0340687 0.214603 0.976107 0.897025 0.437201 -0.0648127 -2.56454 1.99574 -0.909956</i>
                        <i>-0.44238 0.873089 -0.204976 -0.0291029 0.214461 0.976299 0.896356 0.43786 -0.0694638 -2.56471 1.99024 -0.902685</i>
                        <i>-0.444242 0.873056 -0.201053 -0.0248404 0.212324 0.976884 0.895562 0.438967 -0.072636 -2.565 1.9746 -0.892265</i>
                        <i>-0.44521 0.873629 -0.196367 -0.021447 0.208833 0.977716 0.895169 0.439501 -0.0742379 -2.56542 1.95253 -0.879538</i>
                        <i>-0.444878 0.874872 -0.191526 -0.0190645 0.204555 0.978669 0.895388 0.43904 -0.0743229 -2.56595 1.92774 -0.865345</i>
                        <i>-0.443883 0.87647 -0.186464 -0.017603 0.199519 0.979736 0.895912 0.43817 -0.0731344 -2.56657 1.90396 -0.850529</i>
                        <i>-0.44276 0.878197 -0.180925 -0.0168907 0.193576 0.98094 0.896481 0.437377 -0.0708745 -2.56728 1.8849 -0.835935</i>
                        <i>-0.442057 0.879808 -0.174708 -0.0167727 0.18663 0.982287 0.89683 0.437157 -0.0677445 -2.56806 1.87075 -0.822408</i>
                        <i>-0.442335 0.881038 -0.167667 -0.0171065 0.178629 0.983768 0.896687 0.438023 -0.0639422 -2.5689 1.86086 -0.810791</i>
                        <i>-0.444162 0.881602 -0.15968 -0.0177468 0.169533 0.985365 0.895771 0.440496 -0.0596546 -2.56978 1.85771 -0.80193</i>
                        <i>-0.447236 0.881586 -0.15095 -0.0186546 0.159538 0.987015 0.894221 0.444245 -0.0549056 -2.5707 1.85919 -0.795451</i>
                        <i>-0.450812 0.88128 -0.141826 -0.0198474 0.148952 0.988645 0.892398 0.448508 -0.0496582 -2.57164 1.86149 -0.79029</i>
                        <i>-0.454792 0.880702 -0.132394 -0.0212433 0.137887 0.99022 0.890344 0.453157 -0.044001 -2.5726 1.86447 -0.786251</i>
                        <i>-0.45908 0.879876 -0.122734 -0.022757 0.12646 0.991711 0.888103 0.458068 -0.0380319 -2.57355 1.868 -0.783137</i>
                        <i>-0.463581 0.878829 -0.112928 -0.0243013 0.114792 0.993092 0.885721 0.463123 -0.0318586 -2.57449 1.87195 -0.78075</i>
                        <i>-0.4682 0.877592 -0.103061 -0.0257891 0.103014 0.994346 0.883246 0.46821 -0.0255988 -2.57542 1.87619 -0.77889</i>
                        <i>-0.472844 0.876201 -0.0932214 -0.0271342 0.0912663 0.995457 0.880728 0.473226 -0.0193797 -2.57632 1.8806 -0.777358</i>
                        <i>-0.477425 0.874696 -0.0834999 -0.0282526 0.079699 0.996419 0.878218 0.478074 -0.0133378 -2.57717 1.88505 -0.77595</i>
                        <i>-0.481853 0.873122 -0.0739934 -0.0290634 0.0684717 0.99723 0.87577 0.482669 -0.00761742 -2.57799 1.88942 -0.774463</i>
                        <i>-0.486045 0.871528 -0.0648028 -0.0294891 0.0577531 0.997895 0.873436 0.486933 -0.00237003 -2.57875 1.89358 -0.772691</i>
                        <i>-0.489919 0.869965 -0.056033 -0.0294559 0.047719 0.998426 0.87127 0.490799 0.00224714 -2.57945 1.89741 -0.770428</i>
                    </KeyFrames>
                </p>
            </i>
            <i>
                <p>
                    <Name><![CDATA[spine1]]></Name>
                    <Exclude>0</Exclude>
                    <Additive>0</Additive>
                    <IKPriority>0</IKPriority>
                    <IKRotLimits>-1e+010 -1e+010 -1e+010 1e+010 1e+010 1e+010</IKRotLimits>
                    <IKRotLimitOrder>0</IKRotLimitOrder>
                    <KeyFrames count="91">
                        <i>-0.473642 0.85648 -0.205196 0.00215455 0.234114 0.972207 0.880715 0.460036 -0.112732 -2.66489 2.0491 -0.780199</i>
                        <i>-0.474773 0.856307 -0.203297 0.00309225 0.232613 0.972565 0.880103 0.461118 -0.113086 -2.66466 2.04723 -0.7801</i>
                        <i>-0.475089 0.856257 -0.202765 0.00335447 0.232192 0.972664 0.879931 0.461422 -0.113184 -2.66459 2.04551 -0.780072</i>
                        <i>-0.474863 0.856293 -0.203145 0.00316718 0.232492 0.972593 0.880054 0.461205 -0.113114 -2.66464 2.04439 -0.780092</i>
                        <i>-0.474366 0.85637 -0.203981 0.00275491 0.233153 0.972436 0.880324 0.460728 -0.112959 -2.66474 2.04431 -0.780136</i>
                        <i>-0.473868 0.856445 -0.204817 0.00234225 0.233814 0.972279 0.880593 0.460252 -0.112803 -2.66485 2.04573 -0.780179</i>
                        <i>-0.473642 0.85648 -0.205196 0.00215455 0.234114 0.972207 0.880715 0.460036 -0.112732 -2.66489 2.0491 -0.780199</i>
                        <i>-0.473709 0.856664 -0.204273 0.00333599 0.233693 0.972305 0.880675 0.459908 -0.11356 -2.66496 2.05491 -0.779599</i>
                        <i>-0.473875 0.857118 -0.201967 0.00629034 0.232643 0.972542 0.880569 0.459593 -0.115635 -2.66512 2.06286 -0.7781</i>
                        <i>-0.474093 0.857698 -0.198973 0.0101325 0.231283 0.972834 0.880417 0.459197 -0.11834 -2.66533 2.07221 -0.77615</i>
                        <i>-0.474311 0.858266 -0.195983 0.0139763 0.22993 0.973107 0.880247 0.458816 -0.121054 -2.66553 2.08223 -0.774198</i>
                        <i>-0.474479 0.858694 -0.193686 0.0169341 0.228894 0.973304 0.880104 0.458532 -0.123147 -2.66569 2.09217 -0.772696</i>
                        <i>-0.474546 0.858863 -0.192768 0.0181174 0.228481 0.97338 0.880044 0.458421 -0.123985 -2.66576 2.10131 -0.772094</i>
                        <i>-0.474462 0.858652 -0.193916 0.0166383 0.228998 0.973285 0.880119 0.45856 -0.122937 -2.66568 2.1089 -0.772846</i>
                        <i>-0.474176 0.857918 -0.197822 0.0116108 0.230762 0.972941 0.880353 0.459049 -0.119383 -2.66541 2.1142 -0.775399</i>
                        <i>-0.473642 0.85648 -0.205196 0.00215455 0.234114 0.972207 0.880715 0.460036 -0.112732 -2.66489 2.11649 -0.780199</i>
                        <i>-0.472415 0.854415 -0.21633 -0.0113566 0.239525 0.970824 0.881303 0.461088 -0.103452 -2.66412 2.11598 -0.786912</i>
                        <i>-0.470214 0.851878 -0.230657 -0.0276385 0.24701 0.968619 0.88212 0.461833 -0.092603 -2.66311 2.1136 -0.794786</i>
                        <i>-0.467239 0.848752 -0.247605 -0.0461877 0.25624 0.965509 0.882924 0.462559 -0.0805234 -2.66192 2.10969 -0.803633</i>
                        <i>-0.463691 0.844935 -0.266598 -0.0664915 0.266868 0.961437 0.883498 0.463536 -0.0675632 -2.66056 2.10457 -0.813266</i>
                        <i>-0.459781 0.840359 -0.287053 -0.0880328 0.278521 0.956387 0.883658 0.464998 -0.0540795 -2.65908 2.09856 -0.823499</i>
                        <i>-0.455727 0.834994 -0.308378 -0.110298 0.290802 0.950404 0.883259 0.467139 -0.0404282 -2.65753 2.09199 -0.834151</i>
                        <i>-0.451766 0.828866 -0.329982 -0.132787 0.303286 0.943602 0.882199 0.470105 -0.026952 -2.65592 2.08519 -0.845044</i>
                        <i>-0.44815 0.822053 -0.35127 -0.15502 0.315522 0.93617 0.880415 0.473998 -0.0139666 -2.65432 2.07849 -0.856002</i>
                        <i>-0.445145 0.814691 -0.371651 -0.176551 0.327043 0.928371 0.877881 0.478875 -0.00174719 -2.65277 2.07223 -0.866856</i>
                        <i>-0.443038 0.806967 -0.39054 -0.19697 0.337363 0.920537 0.874597 0.484758 0.00948325 -2.65131 2.06673 -0.877437</i>
                        <i>-0.442126 0.799114 -0.40736 -0.215906 0.34599 0.913058 0.87058 0.491638 0.0195627 -2.64998 2.06234 -0.887583</i>
                        <i>-0.442714 0.791396 -0.421541 -0.233028 0.352422 0.906365 0.865853 0.499491 0.0283947 -2.64885 2.05937 -0.897132</i>
                        <i>-0.445112 0.784093 -0.43252 -0.24803 0.356156 0.900907 0.860439 0.508283 0.035949 -2.64794 2.05817 -0.905925</i>
                        <i>-0.449624 0.77748 -0.439732 -0.260626 0.356685 0.897134 0.854349 0.517978 0.0422577 -2.6473 2.05907 -0.913806</i>
                        <i>-0.456536 0.771803 -0.4426 -0.270525 0.353495 0.895465 0.84758 0.528546 0.0474087 -2.64699 2.06239 -0.920619</i>
                        <i>-0.474883 0.768039 -0.429654 -0.273282 0.335383 0.901574 0.836542 0.545558 0.0506233 -2.64735 2.07454 -0.924655</i>
                        <i>-0.508668 0.765014 -0.394981 -0.266675 0.296209 0.917139 0.818621 0.571851 0.0533383 -2.64845 2.09857 -0.925201</i>
                        <i>-0.550411 0.75964 -0.346403 -0.253425 0.243317 0.936255 0.795502 0.603112 0.0585878 -2.64996 2.1298 -0.92357</i>
                        <i>-0.5928 0.750406 -0.292368 -0.236263 0.185016 0.953912 0.769914 0.634555 0.0676158 -2.65161 2.16351 -0.921016</i>
                        <i>-0.629654 0.738255 -0.241899 -0.218643 0.130389 0.967054 0.745474 0.661799 0.0793141 -2.65319 2.19497 -0.918752</i>
                        <i>-0.656048 0.726557 -0.204246 -0.20483 0.0890616 0.974737 0.726393 0.68131 0.0903918 -2.65447 2.21946 -0.917959</i>
                        <i>-0.66787 0.720317 -0.18733 -0.19965 0.0690827 0.977429 0.717 0.690196 0.097673 -2.6552 2.23078 -0.917744</i>
                        <i>-0.665372 0.723441 -0.184155 -0.200808 0.0641443 0.977528 0.718997 0.6874 0.102593 -2.65528 2.21876 -0.917761</i>
                        <i>-0.653316 0.734768 -0.182466 -0.202568 0.0625739 0.977267 0.729482 0.675426 0.10796 -2.6549 2.18322 -0.918678</i>
                        <i>-0.634639 0.753087 -0.173472 -0.199446 0.0572578 0.978235 0.746629 0.655424 0.113862 -2.65414 2.13697 -0.921969</i>
                        <i>-0.611795 0.776137 -0.152707 -0.188581 0.0443746 0.981055 0.768209 0.629001 0.119217 -2.65316 2.08893 -0.928613</i>
                        <i>-0.58696 0.799769 -0.125883 -0.173398 0.0276943 0.984462 0.790829 0.599668 0.122423 -2.65215 2.04842 -0.93706</i>
                        <i>-0.56307 0.820472 -0.098889 -0.157257 0.0110982 0.987495 0.811309 0.57158 0.122776 -2.65131 2.02484 -0.945741</i>
                        <i>-0.543778 0.835643 -0.0775033 -0.143566 -0.00163658 0.989639 0.826858 0.549271 0.12086 -2.6508 2.01875 -0.953112</i>
                        <i>-0.533085 0.843395 -0.0671209 -0.135797 -0.00698847 0.990712 0.835093 0.537248 0.118256 -2.65078 2.02299 -0.957694</i>
                        <i>-0.532392 0.843471 -0.0715249 -0.136827 -0.00236344 0.990592 0.835366 0.53717 0.116668 -2.65132 2.03545 -0.958461</i>
                        <i>-0.538808 0.83792 -0.0870417 -0.144491 0.00987073 0.989457 0.829944 0.545704 0.115754 -2.65226 2.05362 -0.956368</i>
                        <i>-0.549797 0.828328 -0.107683 -0.154746 0.0256798 0.98762 0.820839 0.559654 0.114062 -2.65348 2.07481 -0.952936</i>
                        <i>-0.562992 0.816589 -0.127367 -0.163536 0.0409935 0.985685 0.810121 0.575762 0.110463 -2.65484 2.0963 -0.949706</i>
                        <i>-0.576357 0.805127 -0.139939 -0.166759 0.0517644 0.984638 0.800003 0.590839 0.104427 -2.65618 2.12217 -0.948234</i>
                        <i>-0.587875 0.795373 -0.1476 -0.165122 0.0606345 0.984407 0.79192 0.60308 0.0956882 -2.65747 2.15521 -0.948024</i>
                        <i>-0.59556 0.78788 -0.156695 -0.162545 0.0728334 0.984009 0.786694 0.611507 0.0846894 -2.65869 2.19079 -0.947569</i>
                        <i>-0.597657 0.784093 -0.167345 -0.159517 0.0882598 0.983242 0.785723 0.614336 0.0723274 -2.65971 2.22398 -0.946912</i>
                        <i>-0.592378 0.785371 -0.17967 -0.156385 0.106679 0.981918 0.790337 0.609764 0.059626 -2.66042 2.24987 -0.946104</i>
                        <i>-0.575581 0.794376 -0.194095 -0.153621 0.12809 0.979793 0.803186 0.593767 0.0483067 -2.6606 2.25703 -0.945217</i>
                        <i>-0.547049 0.81026 -0.210277 -0.150942 0.151602 0.976849 0.82338 0.566123 0.0393685 -2.66022 2.23943 -0.944304</i>
                        <i>-0.5109 0.829059 -0.227247 -0.147618 0.175813 0.973293 0.84687 0.530801 0.0325612 -2.65946 2.20401 -0.943652</i>
                        <i>-0.471596 0.847374 -0.244037 -0.143204 0.199476 0.969382 0.870109 0.492104 0.0272756 -2.65848 2.15973 -0.943483</i>
                        <i>-0.434013 0.862681 -0.259642 -0.137534 0.221377 0.965441 0.890346 0.454724 0.0225679 -2.65745 2.11279 -0.943716</i>
                        <i>-0.403363 0.873307 -0.273193 -0.130673 0.240523 0.961807 0.905662 0.423656 0.0170994 -2.65655 2.06935 -0.944265</i>
                        <i>-0.38501 0.878157 -0.283914 -0.122829 0.256137 0.958805 0.914702 0.404022 0.00924797 -2.65596 2.03557 -0.945038</i>
                        <i>-0.380242 0.877845 -0.291211 -0.112399 0.268668 0.956652 0.918032 0.396492 -0.0034904 -2.65515 2.01814 -0.946146</i>
                        <i>-0.385386 0.87428 -0.295147 -0.09841 0.279089 0.955209 0.917493 0.39717 -0.0215188 -2.65354 2.01821 -0.947642</i>
                        <i>-0.398263 0.868219 -0.295943 -0.0821266 0.287587 0.954227 0.913587 0.404338 -0.0432314 -2.65134 2.02992 -0.949328</i>
                        <i>-0.416562 0.86027 -0.29396 -0.0648427 0.294411 0.953476 0.906792 0.416243 -0.0668582 -2.64877 2.04969 -0.950964</i>
                        <i>-0.437831 0.851056 -0.289841 -0.0478239 0.299881 0.952777 0.897784 0.431017 -0.0905964 -2.6461 2.07398 -0.952244</i>
                        <i>-0.459536 0.841335 -0.284574 -0.0322617 0.304385 0.952003 0.887573 0.44666 -0.112733 -2.64359 2.09922 -0.952788</i>
                        <i>-0.479128 0.832062 -0.279481 -0.019254 0.308369 0.951072 0.877534 0.461067 -0.131728 -2.64153 2.12186 -0.952157</i>
                        <i>-0.494119 0.82438 -0.276122 -0.00982249 0.312289 0.949936 0.869339 0.472094 -0.146211 -2.64022 2.13836 -0.949869</i>
                        <i>-0.502092 0.819547 -0.276126 -0.00497125 0.316549 0.948563 0.8648 0.477639 -0.154863 -2.63992 2.14514 -0.945434</i>
                        <i>-0.506583 0.816664 -0.276466 -0.000229651 0.320527 0.947239 0.862191 0.479919 -0.162186 -2.64038 2.1396 -0.937749</i>
                        <i>-0.509865 0.815259 -0.274573 0.00480523 0.32187 0.946772 0.860241 0.481406 -0.168028 -2.64101 2.12398 -0.926665</i>
                        <i>-0.507658 0.817224 -0.272814 0.00299732 0.318326 0.947977 0.861553 0.480431 -0.16405 -2.64162 2.10206 -0.913148</i>
                        <i>-0.498344 0.822865 -0.273034 -0.00880244 0.310107 0.950661 0.866935 0.476159 -0.147296 -2.64214 2.07757 -0.898145</i>
                        <i>-0.484724 0.830453 -0.274572 -0.0266168 0.299766 0.953641 0.874262 0.469561 -0.1232 -2.64265 2.05418 -0.882488</i>
                        <i>-0.469208 0.838798 -0.276155 -0.0468939 0.288608 0.956298 0.881842 0.461653 -0.0960827 -2.64325 2.03557 -0.866978</i>
                        <i>-0.4543 0.846727 -0.276885 -0.0660483 0.277941 0.958325 0.888397 0.453654 -0.0703436 -2.644 2.02189 -0.852422</i>
                        <i>-0.44257 0.853121 -0.276254 -0.0804632 0.269044 0.959761 0.893117 0.44699 -0.0504259 -2.645 2.01243 -0.839636</i>
                        <i>-0.436602 0.856931 -0.27395 -0.0864892 0.263115 0.96088 0.895488 0.443216 -0.0407611 -2.64631 2.00959 -0.82944</i>
                        <i>-0.43528 0.85873 -0.270395 -0.0857477 0.259431 0.961947 0.896202 0.441903 -0.0392911 -2.64786 2.01128 -0.821492</i>
                        <i>-0.435627 0.859845 -0.266261 -0.0825356 0.256401 0.96304 0.896335 0.441502 -0.0407274 -2.64953 2.01373 -0.81479</i>
                        <i>-0.4374 0.860397 -0.261529 -0.0771806 0.253834 0.964164 0.895949 0.441911 -0.0446212 -2.65127 2.01681 -0.809152</i>
                        <i>-0.440356 0.860499 -0.256181 -0.0700104 0.251556 0.965307 0.895089 0.443015 -0.0505304 -2.65307 2.02039 -0.804394</i>
                        <i>-0.444247 0.860255 -0.250212 -0.0613559 0.249415 0.966451 0.893801 0.444695 -0.0580202 -2.6549 2.02434 -0.800333</i>
                        <i>-0.448825 0.859763 -0.243646 -0.0515541 0.247284 0.96757 0.892131 0.446831 -0.0666631 -2.65672 2.02855 -0.796783</i>
                        <i>-0.453844 0.859113 -0.23654 -0.0409507 0.245063 0.968642 0.89014 0.449299 -0.0760391 -2.65851 2.03287 -0.793559</i>
                        <i>-0.459063 0.858386 -0.228988 -0.0299027 0.242676 0.969646 0.887901 0.451976 -0.0857355 -2.66024 2.03721 -0.790476</i>
                        <i>-0.464248 0.857658 -0.221125 -0.018779 0.240072 0.970573 0.885506 0.45474 -0.0953471 -2.6619 2.04144 -0.787346</i>
                        <i>-0.469178 0.857 -0.213125 -0.00796182 0.237222 0.971423 0.883068 0.457467 -0.104476 -2.66346 2.04544 -0.783983</i>
