<?xml version="1.0" encoding="ISO-8859-1" ?>
<Animl Version="1">
    <ModellingPackage><![CDATA[Maya.2010]]></ModellingPackage>
    <SrcFile><![CDATA[anims\turrets\special\blue\~src\flamelube\flamelube_fire_crewmanc.mb]]></SrcFile>
    <FramesPerSecond>30</FramesPerSecond>
    <TotalFrames>61</TotalFrames>
    <Skeleton>
        <RefFrame>
            <Name><![CDATA[soldier_ref_frame]]></Name>
            <Exclude>0</Exclude>
            <Additive>0</Additive>
            <IKPriority>0</IKPriority>
            <IKRotLimits>-1e+010 -1e+010 -1e+010 1e+010 1e+010 1e+010</IKRotLimits>
            <IKRotLimitOrder>0</IKRotLimitOrder>
            <KeyFrames count="61">
                <i>0.34202 0 -0.939693 0 1 0 0.939693 0 0.34202 2.5 0.9 0.5</i>
                <i>0.34202 0 -0.939693 0 1 0 0.939693 0 0.34202 2.5 0.9 0.5</i>
                <i>0.34202 0 -0.939693 0 1 0 0.939693 0 0.34202 2.5 0.9 0.5</i>
                <i>0.34202 0 -0.939693 0 1 0 0.939693 0 0.34202 2.5 0.9 0.5</i>
                <i>0.34202 0 -0.939693 0 1 0 0.939693 0 0.34202 2.5 0.9 0.5</i>
                <i>0.34202 0 -0.939693 0 1 0 0.939693 0 0.34202 2.5 0.9 0.5</i>
                <i>0.34202 0 -0.939693 0 1 0 0.939693 0 0.34202 2.5 0.9 0.5</i>
                <i>0.34202 0 -0.939693 0 1 0 0.939693 0 0.34202 2.5 0.9 0.5</i>
                <i>0.34202 0 -0.939693 0 1 0 0.939693 0 0.34202 2.5 0.9 0.5</i>
                <i>0.34202 0 -0.939693 0 1 0 0.939693 0 0.34202 2.5 0.9 0.5</i>
                <i>0.34202 0 -0.939693 0 1 0 0.939693 0 0.34202 2.5 0.9 0.5</i>
                <i>0.34202 0 -0.939693 0 1 0 0.939693 0 0.34202 2.5 0.9 0.5</i>
                <i>0.34202 0 -0.939693 0 1 0 0.939693 0 0.34202 2.5 0.9 0.5</i>
                <i>0.34202 0 -0.939693 0 1 0 0.939693 0 0.34202 2.5 0.9 0.5</i>
                <i>0.34202 0 -0.939693 0 1 0 0.939693 0 0.34202 2.5 0.9 0.5</i>
                <i>0.34202 0 -0.939693 0 1 0 0.939693 0 0.34202 2.5 0.9 0.5</i>
                <i>0.34202 0 -0.939693 0 1 0 0.939693 0 0.34202 2.5 0.9 0.5</i>
                <i>0.34202 0 -0.939693 0 1 0 0.939693 0 0.34202 2.5 0.9 0.5</i>
                <i>0.34202 0 -0.939693 0 1 0 0.939693 0 0.34202 2.5 0.9 0.5</i>
                <i>0.34202 0 -0.939693 0 1 0 0.939693 0 0.34202 2.5 0.9 0.5</i>
                <i>0.34202 0 -0.939693 0 1 0 0.939693 0 0.34202 2.5 0.9 0.5</i>
                <i>0.34202 0 -0.939693 0 1 0 0.939693 0 0.34202 2.5 0.9 0.5</i>
                <i>0.34202 0 -0.939693 0 1 0 0.939693 0 0.34202 2.5 0.9 0.5</i>
                <i>0.34202 0 -0.939693 0 1 0 0.939693 0 0.34202 2.5 0.9 0.5</i>
                <i>0.34202 0 -0.939693 0 1 0 0.939693 0 0.34202 2.5 0.9 0.5</i>
                <i>0.34202 0 -0.939693 0 1 0 0.939693 0 0.34202 2.5 0.9 0.5</i>
                <i>0.34202 0 -0.939693 0 1 0 0.939693 0 0.34202 2.5 0.9 0.5</i>
                <i>0.34202 0 -0.939693 0 1 0 0.939693 0 0.34202 2.5 0.9 0.5</i>
                <i>0.34202 0 -0.939693 0 1 0 0.939693 0 0.34202 2.5 0.9 0.5</i>
                <i>0.34202 0 -0.939693 0 1 0 0.939693 0 0.34202 2.5 0.9 0.5</i>
                <i>0.34202 0 -0.939693 0 1 0 0.939693 0 0.34202 2.5 0.9 0.5</i>
                <i>0.34202 0 -0.939693 0 1 0 0.939693 0 0.34202 2.5 0.9 0.5</i>
                <i>0.34202 0 -0.939693 0 1 0 0.939693 0 0.34202 2.5 0.9 0.5</i>
                <i>0.34202 0 -0.939693 0 1 0 0.939693 0 0.34202 2.5 0.9 0.5</i>
                <i>0.34202 0 -0.939693 0 1 0 0.939693 0 0.34202 2.5 0.9 0.5</i>
                <i>0.34202 0 -0.939693 0 1 0 0.939693 0 0.34202 2.5 0.9 0.5</i>
                <i>0.34202 0 -0.939693 0 1 0 0.939693 0 0.34202 2.5 0.9 0.5</i>
                <i>0.34202 0 -0.939693 0 1 0 0.939693 0 0.34202 2.5 0.9 0.5</i>
                <i>0.34202 0 -0.939693 0 1 0 0.939693 0 0.34202 2.5 0.9 0.5</i>
                <i>0.34202 0 -0.939693 0 1 0 0.939693 0 0.34202 2.5 0.9 0.5</i>
                <i>0.34202 0 -0.939693 0 1 0 0.939693 0 0.34202 2.5 0.9 0.5</i>
                <i>0.34202 0 -0.939693 0 1 0 0.939693 0 0.34202 2.5 0.9 0.5</i>
                <i>0.34202 0 -0.939693 0 1 0 0.939693 0 0.34202 2.5 0.9 0.5</i>
                <i>0.34202 0 -0.939693 0 1 0 0.939693 0 0.34202 2.5 0.9 0.5</i>
                <i>0.34202 0 -0.939693 0 1 0 0.939693 0 0.34202 2.5 0.9 0.5</i>
                <i>0.34202 0 -0.939693 0 1 0 0.939693 0 0.34202 2.5 0.9 0.5</i>
                <i>0.34202 0 -0.939693 0 1 0 0.939693 0 0.34202 2.5 0.9 0.5</i>
                <i>0.34202 0 -0.939693 0 1 0 0.939693 0 0.34202 2.5 0.9 0.5</i>
                <i>0.34202 0 -0.939693 0 1 0 0.939693 0 0.34202 2.5 0.9 0.5</i>
                <i>0.34202 0 -0.939693 0 1 0 0.939693 0 0.34202 2.5 0.9 0.5</i>
                <i>0.34202 0 -0.939693 0 1 0 0.939693 0 0.34202 2.5 0.9 0.5</i>
                <i>0.34202 0 -0.939693 0 1 0 0.939693 0 0.34202 2.5 0.9 0.5</i>
                <i>0.34202 0 -0.939693 0 1 0 0.939693 0 0.34202 2.5 0.9 0.5</i>
                <i>0.34202 0 -0.939693 0 1 0 0.939693 0 0.34202 2.5 0.9 0.5</i>
                <i>0.34202 0 -0.939693 0 1 0 0.939693 0 0.34202 2.5 0.9 0.5</i>
                <i>0.34202 0 -0.939693 0 1 0 0.939693 0 0.34202 2.5 0.9 0.5</i>
                <i>0.34202 0 -0.939693 0 1 0 0.939693 0 0.34202 2.5 0.9 0.5</i>
                <i>0.34202 0 -0.939693 0 1 0 0.939693 0 0.34202 2.5 0.9 0.5</i>
                <i>0.34202 0 -0.939693 0 1 0 0.939693 0 0.34202 2.5 0.9 0.5</i>
                <i>0.34202 0 -0.939693 0 1 0 0.939693 0 0.34202 2.5 0.9 0.5</i>
                <i>0.34202 0 -0.939693 0 1 0 0.939693 0 0.34202 2.5 0.9 0.5</i>
            </KeyFrames>
        </RefFrame>
        <Bones count="23">
            <i>
                <p>
                    <Name><![CDATA[pelvis]]></Name>
                    <Exclude>0</Exclude>
                    <Additive>0</Additive>
                    <IKPriority>0</IKPriority>
                    <IKRotLimits>-1e+010 -1e+010 -1e+010 1e+010 1e+010 1e+010</IKRotLimits>
                    <IKRotLimitOrder>2</IKRotLimitOrder>
                    <KeyFrames count="61">
                        <i>1 0 0 0 1 0 0 0 1 2.42302 2.42728 0.483054</i>
                        <i>1 0 0 0 1 0 0 0 1 2.42302 2.42728 0.483054</i>
                        <i>1 0 0 0 1 0 0 0 1 2.42302 2.42728 0.483054</i>
                        <i>1 0 0 0 1 0 0 0 1 2.42302 2.42728 0.483054</i>
                        <i>1 0 0 0 1 0 0 0 1 2.42302 2.42728 0.483054</i>
                        <i>1 0 0 0 1 0 0 0 1 2.42302 2.42728 0.483054</i>
                        <i>1 0 0 0 1 0 0 0 1 2.42302 2.42728 0.483054</i>
                        <i>1 0 0 0 1 0 0 0 1 2.42302 2.42728 0.483054</i>
                        <i>1 0 0 0 1 0 0 0 1 2.42302 2.42728 0.483054</i>
                        <i>1 0 0 0 1 0 0 0 1 2.42302 2.42728 0.483054</i>
                        <i>1 0 0 0 1 0 0 0 1 2.42302 2.42728 0.483054</i>
                        <i>1 0 0 0 1 0 0 0 1 2.42302 2.42728 0.483054</i>
                        <i>1 0 0 0 1 0 0 0 1 2.42302 2.42728 0.483054</i>
                        <i>1 0 0 0 1 0 0 0 1 2.42302 2.42728 0.483054</i>
                        <i>1 0 0 0 1 0 0 0 1 2.42302 2.42728 0.483054</i>
                        <i>1 0 0 0 1 0 0 0 1 2.42302 2.42728 0.483054</i>
                        <i>1 0 0 0 1 0 0 0 1 2.42302 2.42728 0.483054</i>
                        <i>1 0 0 0 1 0 0 0 1 2.42302 2.42728 0.483054</i>
                        <i>1 0 0 0 1 0 0 0 1 2.42302 2.42728 0.483054</i>
                        <i>1 0 0 0 1 0 0 0 1 2.42302 2.42728 0.483054</i>
                        <i>1 0 0 0 1 0 0 0 1 2.42302 2.42728 0.483054</i>
                        <i>1 0 0 0 1 0 0 0 1 2.42302 2.42728 0.483054</i>
                        <i>1 0 0 0 1 0 0 0 1 2.42302 2.42728 0.483054</i>
                        <i>1 0 0 0 1 0 0 0 1 2.42302 2.42728 0.483054</i>
                        <i>1 0 0 0 1 0 0 0 1 2.42302 2.42728 0.483054</i>
                        <i>1 0 0 0 1 0 0 0 1 2.42302 2.42728 0.483054</i>
                        <i>1 0 0 0 1 0 0 0 1 2.42302 2.42728 0.483054</i>
                        <i>1 0 0 0 1 0 0 0 1 2.42302 2.42728 0.483054</i>
                        <i>1 0 0 0 1 0 0 0 1 2.42302 2.42728 0.483054</i>
                        <i>1 0 0 0 1 0 0 0 1 2.42302 2.42728 0.483054</i>
                        <i>1 0 0 0 1 0 0 0 1 2.42302 2.42728 0.483054</i>
                        <i>1 0 0 0 1 0 0 0 1 2.42302 2.42728 0.483054</i>
                        <i>1 0 0 0 1 0 0 0 1 2.42302 2.42728 0.483054</i>
                        <i>1 0 0 0 1 0 0 0 1 2.42302 2.42728 0.483054</i>
                        <i>1 0 0 0 1 0 0 0 1 2.42302 2.42728 0.483054</i>
                        <i>1 0 0 0 1 0 0 0 1 2.42302 2.42728 0.483054</i>
                        <i>1 0 0 0 1 0 0 0 1 2.42302 2.42728 0.483054</i>
                        <i>1 0 0 0 1 0 0 0 1 2.42302 2.42728 0.483054</i>
                        <i>1 0 0 0 1 0 0 0 1 2.42302 2.42728 0.483054</i>
                        <i>1 0 0 0 1 0 0 0 1 2.42302 2.42728 0.483054</i>
                        <i>1 0 0 0 1 0 0 0 1 2.42302 2.42728 0.483054</i>
                        <i>1 0 0 0 1 0 0 0 1 2.42302 2.42728 0.483054</i>
                        <i>1 0 0 0 1 0 0 0 1 2.42302 2.42728 0.483054</i>
                        <i>1 0 0 0 1 0 0 0 1 2.42302 2.42728 0.483054</i>
                        <i>1 0 0 0 1 0 0 0 1 2.42302 2.42728 0.483054</i>
                        <i>1 0 0 0 1 0 0 0 1 2.42302 2.42728 0.483054</i>
                        <i>1 0 0 0 1 0 0 0 1 2.42302 2.42728 0.483054</i>
                        <i>1 0 0 0 1 0 0 0 1 2.42302 2.42728 0.483054</i>
                        <i>1 0 0 0 1 0 0 0 1 2.42302 2.42728 0.483054</i>
                        <i>1 0 0 0 1 0 0 0 1 2.42302 2.42728 0.483054</i>
                        <i>1 0 0 0 1 0 0 0 1 2.42302 2.42728 0.483054</i>
                        <i>1 0 0 0 1 0 0 0 1 2.42302 2.42728 0.483054</i>
                        <i>1 0 0 0 1 0 0 0 1 2.42302 2.42728 0.483054</i>
                        <i>1 0 0 0 1 0 0 0 1 2.42302 2.42728 0.483054</i>
                        <i>1 0 0 0 1 0 0 0 1 2.42302 2.42728 0.483054</i>
                        <i>1 0 0 0 1 0 0 0 1 2.42302 2.42728 0.483054</i>
                        <i>1 0 0 0 1 0 0 0 1 2.42302 2.42728 0.483054</i>
                        <i>1 0 0 0 1 0 0 0 1 2.42302 2.42728 0.483054</i>
                        <i>1 0 0 0 1 0 0 0 1 2.42302 2.42728 0.483054</i>
                        <i>1 0 0 0 1 0 0 0 1 2.42302 2.42728 0.483054</i>
                        <i>1 0 0 0 1 0 0 0 1 2.42302 2.42728 0.483054</i>
                    </KeyFrames>
                </p>
            </i>
            <i>
                <p>
                    <Name><![CDATA[spine0]]></Name>
                    <Exclude>0</Exclude>
                    <Additive>0</Additive>
                    <IKPriority>0</IKPriority>
                    <IKRotLimits>-1e+010 -1e+010 -1e+010 1e+010 1e+010 1e+010</IKRotLimits>
                    <IKRotLimitOrder>0</IKRotLimitOrder>
                    <KeyFrames count="61">
                        <i>-0.0413695 0.998685 -0.0302873 -0.711512 -0.00816497 0.702627 0.701455 0.0506171 0.710914 2.39986 2.56369 0.443659</i>
                        <i>-0.0419586 0.998641 -0.0309277 -0.711471 -0.00813148 0.702668 0.701461 0.0514872 0.710845 2.39979 2.56366 0.443599</i>
                        <i>-0.0425991 0.998591 -0.031652 -0.711434 -0.00807573 0.702707 0.701461 0.052453 0.710775 2.39974 2.56363 0.443544</i>
                        <i>-0.0432574 0.998538 -0.0324024 -0.711399 -0.00801444 0.702743 0.701456 0.0534499 0.710706 2.39968 2.56361 0.443493</i>
                        <i>-0.0438998 0.998487 -0.0331238 -0.711365 -0.00796221 0.702778 0.70145 0.0544149 0.710638 2.39963 2.56359 0.443445</i>
                        <i>-0.0444922 0.998439 -0.0337641 -0.711333 -0.00793139 0.702811 0.701446 0.0552871 0.710575 2.39958 2.56356 0.443397</i>
                        <i>-0.0450005 0.998399 -0.0342729 -0.7113 -0.00793303 0.702844 0.701447 0.0560067 0.710518 2.39953 2.56354 0.443348</i>
                        <i>-0.0453903 0.99837 -0.0346001 -0.711267 -0.00797802 0.702877 0.701455 0.0565137 0.710469 2.39948 2.56352 0.443298</i>
                        <i>-0.0456274 0.998356 -0.0346927 -0.711232 -0.00807905 0.702911 0.701475 0.0567466 0.710431 2.39942 2.56349 0.443245</i>
                        <i>-0.0456951 0.998359 -0.0345189 -0.711194 -0.00824669 0.702947 0.701509 0.0566709 0.710404 2.39936 2.56346 0.443187</i>
                        <i>-0.0456259 0.998376 -0.0341153 -0.711154 -0.00847824 0.702986 0.701555 0.0563356 0.710385 2.3993 2.56343 0.443124</i>
                        <i>-0.0454597 0.998403 -0.0335275 -0.711108 -0.00877 0.703028 0.701611 0.0558011 0.710371 2.39922 2.5634 0.443054</i>
                        <i>-0.0452369 0.998438 -0.0328035 -0.711057 -0.00911696 0.703075 0.701678 0.0551301 0.710359 2.39914 2.56336 0.442975</i>
                        <i>-0.0449982 0.998475 -0.0319965 -0.710999 -0.00951049 0.703129 0.701752 0.054389 0.710343 2.39905 2.56332 0.442887</i>
                        <i>-0.0447834 0.99851 -0.0311677 -0.710933 -0.009936 0.703189 0.701832 0.0536493 0.710319 2.39894 2.56327 0.442787</i>
                        <i>-0.0446423 0.99854 -0.0303983 -0.710854 -0.0103712 0.703264 0.701922 0.0530041 0.710279 2.39882 2.56322 0.44267</i>
                        <i>-0.0446164 0.99856 -0.0297725 -0.710757 -0.0107862 0.703355 0.702021 0.0525422 0.710215 2.39867 2.56315 0.442529</i>
                        <i>-0.04473 0.998567 -0.0293674 -0.710646 -0.0111443 0.703461 0.702126 0.0523356 0.710127 2.3985 2.56307 0.44237</i>
                        <i>-0.0450058 0.998558 -0.0292636 -0.710524 -0.0114048 0.703581 0.702232 0.0524577 0.710013 2.39832 2.56298 0.442196</i>
                        <i>-0.0454879 0.998527 -0.0295901 -0.710394 -0.0115084 0.70371 0.702333 0.0530309 0.709871 2.39813 2.56289 0.442011</i>
                        <i>-0.0461645 0.998473 -0.0303368 -0.710259 -0.0114537 0.703847 0.702425 0.0540397 0.709703 2.39793 2.5628 0.441819</i>
                        <i>-0.046976 0.998403 -0.0313678 -0.710123 -0.0112942 0.703987 0.702509 0.0553455 0.709519 2.39772 2.5627 0.441625</i>
                        <i>-0.0478632 0.998324 -0.0325463 -0.709988 -0.0110842 0.704127 0.702585 0.0568093 0.709328 2.39752 2.5626 0.441433</i>
                        <i>-0.0487649 0.99824 -0.033742 -0.709857 -0.0108721 0.704261 0.702655 0.0582952 0.709138 2.39732 2.56251 0.441245</i>
                        <i>-0.049617 0.998161 -0.0348348 -0.709734 -0.0106972 0.704389 0.702721 0.0596731 0.708959 2.39714 2.56242 0.441067</i>
                        <i>-0.0503536 0.998093 -0.035714 -0.709619 -0.0105913 0.704506 0.702784 0.0608178 0.708798 2.39696 2.56233 0.440902</i>
                        <i>-0.0507784 0.998056 -0.0361306 -0.709515 -0.0105906 0.704611 0.702859 0.0614142 0.708673 2.39681 2.56226 0.440754</i>
                        <i>-0.0510669 0.998029 -0.0364736 -0.709426 -0.010546 0.704701 0.702927 0.0618623 0.708566 2.39667 2.56219 0.440628</i>
                        <i>-0.051511 0.99798 -0.037175 -0.709357 -0.0103606 0.704774 0.702965 0.0626739 0.708458 2.39657 2.56214 0.440526</i>
                        <i>-0.0519756 0.997927 -0.037949 -0.709308 -0.0101404 0.704826 0.70298 0.0635513 0.708365 2.39649 2.5621 0.440453</i>
                        <i>-0.0523146 0.997886 -0.0385647 -0.709283 -0.00994434 0.704854 0.70298 0.0642274 0.708303 2.39645 2.56208 0.440413</i>
                        <i>-0.0523837 0.997873 -0.0387894 -0.709282 -0.00983475 0.704857 0.702976 0.0644356 0.708289 2.39644 2.56208 0.44041</i>
                        <i>-0.052069 0.997904 -0.0384272 -0.709299 -0.0098682 0.704838 0.702982 0.0639566 0.708327 2.39647 2.56209 0.440436</i>
                        <i>-0.0514896 0.997963 -0.0376705 -0.709329 -0.00999301 0.704807 0.702995 0.0630109 0.708398 2.39652 2.56211 0.44048</i>
                        <i>-0.0508541 0.998025 -0.036866 -0.70937 -0.0101125 0.704763 0.702999 0.0619917 0.708484 2.39658 2.56215 0.440541</i>
                        <i>-0.0503774 0.998068 -0.0363576 -0.709424 -0.010137 0.704709 0.702979 0.0612943 0.708564 2.39666 2.56219 0.440618</i>
                        <i>-0.050043 0.998094 -0.0361044 -0.709489 -0.0100834 0.704644 0.702938 0.0608782 0.708641 2.39676 2.56223 0.44071</i>
                        <i>-0.0496897 0.998122 -0.0358387 -0.709563 -0.0100259 0.704571 0.702888 0.0604397 0.708728 2.39687 2.56229 0.440815</i>
                        <i>-0.0493194 0.99815 -0.0355619 -0.709645 -0.00996473 0.704489 0.702831 0.0599813 0.708823 2.39699 2.56235 0.440931</i>
                        <i>-0.0489343 0.998179 -0.0352756 -0.709734 -0.00990022 0.7044 0.702768 0.0595057 0.708926 2.39713 2.56241 0.441058</i>
                        <i>-0.0485364 0.998209 -0.0349815 -0.709829 -0.00983258 0.704305 0.702699 0.0590153 0.709035 2.39727 2.56248 0.441195</i>
                        <i>-0.0481278 0.998239 -0.034681 -0.70993 -0.00976204 0.704204 0.702626 0.0585129 0.70915 2.39742 2.56256 0.441339</i>
                        <i>-0.0477103 0.998269 -0.0343757 -0.710036 -0.00968886 0.704099 0.702548 0.0580008 0.709269 2.39758 2.56263 0.441491</i>
                        <i>-0.0472862 0.9983 -0.0340673 -0.710144 -0.00961328 0.70399 0.702466 0.0574817 0.709392 2.39775 2.56271 0.441647</i>
                        <i>-0.0468574 0.998331 -0.0337573 -0.710256 -0.00953557 0.703879 0.702382 0.0569583 0.709517 2.39791 2.56279 0.441808</i>
                        <i>-0.046426 0.998362 -0.0334474 -0.710369 -0.00945589 0.703766 0.702297 0.056433 0.709644 2.39809 2.56287 0.441971</i>
                        <i>-0.0459939 0.998392 -0.0331391 -0.710482 -0.00937454 0.703653 0.70221 0.0559085 0.709771 2.39826 2.56296 0.442136</i>
                        <i>-0.0455634 0.998422 -0.0328341 -0.710596 -0.00929171 0.703539 0.702124 0.0553874 0.709898 2.39843 2.56304 0.442301</i>
                        <i>-0.0451363 0.998451 -0.0325341 -0.710708 -0.00920762 0.703427 0.702037 0.0548723 0.710023 2.3986 2.56312 0.442465</i>
                        <i>-0.0447147 0.998479 -0.0322407 -0.710819 -0.00912247 0.703316 0.701953 0.0543659 0.710146 2.39877 2.5632 0.442627</i>
                        <i>-0.0443006 0.998507 -0.0319556 -0.710926 -0.00903648 0.703209 0.70187 0.0538706 0.710265 2.39894 2.56327 0.442784</i>
                        <i>-0.0438961 0.998534 -0.0316805 -0.71103 -0.00894986 0.703105 0.701791 0.0533893 0.71038 2.3991 2.56334 0.442937</i>
                        <i>-0.0435031 0.998559 -0.031417 -0.711129 -0.00886275 0.703006 0.701715 0.0529245 0.71049 2.39925 2.56341 0.443083</i>
                        <i>-0.0431237 0.998583 -0.0311668 -0.711222 -0.00877541 0.702913 0.701644 0.0524788 0.710593 2.3994 2.56348 0.443221</i>
                        <i>-0.04276 0.998606 -0.0309318 -0.711309 -0.00868796 0.702826 0.701578 0.0520549 0.710689 2.39953 2.56354 0.44335</i>
                        <i>-0.0424138 0.998628 -0.0307136 -0.711388 -0.00860063 0.702747 0.701518 0.0516554 0.710777 2.39966 2.5636 0.443468</i>
                        <i>-0.0421241 0.998645 -0.0305509 -0.711446 -0.00851279 0.70269 0.701478 0.0513355 0.71084 2.39975 2.56364 0.443554</i>
                        <i>-0.0419071 0.998657 -0.0304596 -0.711474 -0.00842436 0.702662 0.701461 0.0511178 0.710872 2.39979 2.56366 0.443598</i>
                        <i>-0.0417306 0.998666 -0.0304071 -0.711487 -0.00833631 0.70265 0.701459 0.0509562 0.710886 2.39981 2.56367 0.443618</i>
                        <i>-0.0415621 0.998675 -0.0303606 -0.711495 -0.00824956 0.702642 0.701461 0.0508047 0.710895 2.39983 2.56367 0.443632</i>
                        <i>-0.0413695 0.998685 -0.0302873 -0.711512 -0.00816497 0.702627 0.701455 0.0506171 0.710914 2.39986 2.56369 0.443659</i>
                    </KeyFrames>
                </p>
            </i>
            <i>
                <p>
                    <Name><![CDATA[spine1]]></Name>
                    <Exclude>0</Exclude>
                    <Additive>0</Additive>
                    <IKPriority>0</IKPriority>
                    <IKRotLimits>-1e+010 -1e+010 -1e+010 1e+010 1e+010 1e+010</IKRotLimits>
                    <IKRotLimitOrder>0</IKRotLimitOrder>
                    <KeyFrames count="61">
                        <i>-0.121307 0.969982 0.210758 -0.863672 -0.207794 0.459231 0.48924 -0.126318 0.862953 2.39296 2.73067 0.438613</i>
                        <i>-0.122973 0.970886 0.205567 -0.861709 -0.207211 0.463165 0.492276 -0.120182 0.862103 2.39279 2.73071 0.438444</i>
                        <i>-0.124647 0.971959 0.199397 -0.859024 -0.206284 0.468535 0.496529 -0.112885 0.860649 2.39263 2.73075 0.438266</i>
                        <i>-0.126413 0.973053 0.192843 -0.856025 -0.205237 0.474445 0.501239 -0.105102 0.858903 2.39246 2.73079 0.438086</i>
                        <i>-0.128308 0.974042 0.186493 -0.853141 -0.204287 0.480017 0.505655 -0.0975144 0.857207 2.3923 2.73083 0.437914</i>
                        <i>-0.130323 0.974824 0.180926 -0.85082 -0.203647 0.48439 0.50904 -0.0908078 0.855939 2.39214 2.73087 0.437756</i>
                        <i>-0.132413 0.975315 0.176712 -0.84952 -0.203521 0.486719 0.510669 -0.0856724 0.855498 2.392 2.7309 0.43762</i>
                        <i>-0.134522 0.97544 0.174415 -0.8497 -0.204109 0.486159 0.509818 -0.082801 0.856288 2.39188 2.73093 0.437513</i>
                        <i>-0.136614 0.975118 0.174592 -0.85179 -0.205609 0.481849 0.505757 -0.0828883 0.858684 2.39179 2.73095 0.437442</i>
                        <i>-0.138758 0.974283 0.177538 -0.856035 -0.208139 0.473162 0.497946 -0.086324 0.862901 2.39171 2.73095 0.437413</i>
                        <i>-0.14107 0.972979 0.182789 -0.862008 -0.211521 0.460653 0.486869 -0.092581 0.868555 2.39166 2.73096 0.437416</i>
                        <i>-0.143635 0.971266 0.189765 -0.869097 -0.215513 0.445224 0.473328 -0.100974 0.87508 2.39161 2.73095 0.437443</i>
                        <i>-0.146511 0.969214 0.197886 -0.876723 -0.219875 0.427799 0.458139 -0.110814 0.881946 2.39156 2.73095 0.437485</i>
                        <i>-0.149697 0.966912 0.206571 -0.884364 -0.224368 0.40934 0.442143 -0.121408 0.88869 2.39151 2.73094 0.437531</i>
                        <i>-0.153107 0.964483 0.215245 -0.891572 -0.22876 0.390855 0.426213 -0.132064 0.894931 2.39144 2.73094 0.43757</i>
                        <i>-0.156533 0.962081 0.223378 -0.897978 -0.232803 0.373414 0.411258 -0.142137 0.900369 2.39134 2.73093 0.437579</i>
                        <i>-0.159708 0.95989 0.230445 -0.90329 -0.236265 0.358115 0.398197 -0.150965 0.904792 2.39119 2.73092 0.437542</i>
                        <i>-0.162361 0.958118 0.2359 -0.907276 -0.238948 0.346054 0.387928 -0.157841 0.908074 2.391 2.7309 0.437449</i>
                        <i>-0.164199 0.956982 0.239215 -0.909732 -0.240664 0.338332 0.381348 -0.162068 0.910114 2.39077 2.73088 0.43729</i>
                        <i>-0.164789 0.956806 0.239513 -0.910173 -0.241079 0.336848 0.38004 -0.16249 0.910586 2.39049 2.73086 0.437048</i>
                        <i>-0.16415 0.957577 0.236856 -0.908627 -0.240249 0.34158 0.383993 -0.159144 0.909518 2.39017 2.73083 0.436728</i>
                        <i>-0.162741 0.958979 0.232107 -0.905591 -0.238563 0.350702 0.391688 -0.153121 0.907268 2.38983 2.7308 0.436358</i>
                        <i>-0.161016 0.960699 0.226124 -0.901546 -0.2364 0.362394 0.401607 -0.14551 0.904178 2.38947 2.73076 0.435964</i>
                        <i>-0.159356 0.962447 0.219775 -0.897027 -0.234126 0.37487 0.412248 -0.137406 0.900651 2.38912 2.73073 0.435572</i>
                        <i>-0.158031 0.963979 0.213942 -0.892652 -0.232094 0.386399 0.422135 -0.129913 0.897176 2.38878 2.7307 0.435207</i>
                        <i>-0.157203 0.965085 0.209519 -0.889123 -0.230649 0.3953 0.429823 -0.124145 0.894338 2.38848 2.73067 0.434891</i>
                        <i>-0.155867 0.965427 0.208942 -0.886688 -0.229968 0.401123 0.435304 -0.122745 0.891877 2.38825 2.73062 0.434672</i>
                        <i>-0.154834 0.96566 0.20863 -0.885773 -0.229216 0.403568 0.437531 -0.122313 0.890846 2.38807 2.73059 0.434486</i>
                        <i>-0.155855 0.966423 0.204296 -0.886695 -0.228023 0.402217 0.435295 -0.11846 0.89246 2.38788 2.73059 0.434263</i>
                        <i>-0.157824 0.967304 0.198533 -0.888402 -0.226862 0.399093 0.431084 -0.113391 0.895159 2.38772 2.73061 0.434057</i>
                        <i>-0.159452 0.96804 0.19358 -0.889856 -0.225846 0.396421 0.427471 -0.109049 0.897428 2.38762 2.73063 0.43391</i>
                        <i>-0.159548 0.968396 0.191715 -0.89004 -0.225119 0.396422 0.427052 -0.107385 0.897828 2.38761 2.73063 0.433869</i>
                        <i>-0.156984 0.968143 0.195075 -0.888101 -0.224791 0.400931 0.43201 -0.110307 0.895098 2.38769 2.7306 0.433958</i>
                        <i>-0.152473 0.967458 0.201935 -0.884737 -0.224674 0.408366 0.440446 -0.116395 0.890202 2.38784 2.73055 0.434134</i>
                        <i>-0.147731 0.966728 0.208834 -0.881297 -0.224504 0.415829 0.448878 -0.122614 0.885141 2.38802 2.7305 0.434335</i>
                        <i>-0.144737 0.966397 0.212436 -0.87921 -0.224101 0.420439 0.453918 -0.125923 0.882101 2.38818 2.73047 0.434501</i>
                        <i>-0.143386 0.966428 0.213208 -0.878314 -0.223545 0.422603 0.456076 -0.126668 0.88088 2.38834 2.73048 0.434637</i>
                        <i>-0.142151 0.966479 0.213802 -0.877465 -0.222999 0.424648 0.458091 -0.127239 0.879751 2.38851 2.73048 0.434789</i>
                        <i>-0.141024 0.966549 0.214232 -0.876662 -0.22246 0.426585 0.459973 -0.12765 0.878709 2.3887 2.73049 0.434954</i>
                        <i>-0.139994 0.966637 0.214511 -0.875902 -0.221926 0.428421 0.461733 -0.127915 0.877747 2.3889 2.7305 0.435132</i>
                        <i>-0.139052 0.966741 0.214654 -0.875181 -0.221396 0.430165 0.463382 -0.128046 0.876859 2.38911 2.73051 0.43532</i>
                        <i>-0.138188 0.96686 0.214675 -0.874497 -0.220867 0.431826 0.46493 -0.128059 0.876037 2.38934 2.73053 0.435518</i>
                        <i>-0.137392 0.966993 0.214586 -0.873846 -0.220336 0.433412 0.466387 -0.127967 0.875275 2.38957 2.73055 0.435723</i>
                        <i>-0.136654 0.967139 0.214401 -0.873224 -0.219803 0.434932 0.467766 -0.127785 0.874566 2.38981 2.73057 0.435934</i>
                        <i>-0.135964 0.967295 0.214135 -0.87263 -0.219264 0.436395 0.469074 -0.127527 0.873903 2.39005 2.73058 0.436149</i>
                        <i>-0.13531 0.967461 0.2138 -0.872059 -0.218718 0.437808 0.470324 -0.127206 0.873278 2.3903 2.7306 0.436367</i>
                        <i>-0.134682 0.967635 0.21341 -0.871507 -0.218163 0.439181 0.471525 -0.126838 0.872683 2.39055 2.73062 0.436586</i>
                        <i>-0.13407 0.967815 0.212979 -0.870972 -0.217597 0.440522 0.472687 -0.126438 0.872113 2.3908 2.73064 0.436805</i>
                        <i>-0.133463 0.968 0.212519 -0.870449 -0.217017 0.441839 0.47382 -0.126018 0.871558 2.39105 2.73066 0.437022</i>
                        <i>-0.13285 0.968188 0.212046 -0.869936 -0.216422 0.443141 0.474935 -0.125595 0.871013 2.39129 2.73068 0.437235</i>
                        <i>-0.132219 0.968378 0.211571 -0.869427 -0.215809 0.444436 0.476041 -0.125183 0.870468 2.39153 2.73069 0.437443</i>
                        <i>-0.131559 0.968569 0.211109 -0.86892 -0.215176 0.445732 0.477148 -0.124796 0.869917 2.39176 2.73071 0.437644</i>
                        <i>-0.130861 0.968758 0.210672 -0.868411 -0.214521 0.447039 0.478266 -0.12445 0.869352 2.39198 2.73072 0.437836</i>
                        <i>-0.130111 0.968946 0.210275 -0.867895 -0.213843 0.448363 0.479405 -0.12416 0.868766 2.39219 2.73073 0.438018</i>
                        <i>-0.129299 0.969129 0.20993 -0.867369 -0.213138 0.449714 0.480575 -0.12394 0.868151 2.39239 2.73074 0.438189</i>
                        <i>-0.128413 0.969307 0.209652 -0.86683 -0.212405 0.451099 0.481785 -0.123806 0.8675 2.39258 2.73074 0.438345</i>
                        <i>-0.127319 0.969471 0.209562 -0.866261 -0.211593 0.45257 0.483095 -0.123915 0.866755 2.39272 2.73074 0.43846</i>
                        <i>-0.125961 0.969615 0.209717 -0.865655 -0.210684 0.454151 0.484536 -0.124337 0.86589 2.3928 2.73073 0.438521</i>
                        <i>-0.124438 0.969744 0.210028 -0.865018 -0.209719 0.45581 0.486066 -0.124957 0.864943 2.39285 2.73071 0.438551</i>
                        <i>-0.122853 0.969864 0.210404 -0.864354 -0.208742 0.457513 0.487646 -0.125657 0.863951 2.3929 2.73069 0.438574</i>
                        <i>-0.121307 0.969982 0.210758 -0.863672 -0.207794 0.459231 0.48924 -0.126318 0.862953 2.39296 2.73067 0.438613</i>
                    </KeyFrames>
                </p>
            </i>
            <i>
                <p>
                    <Name><![CDATA[spine2]]></Name>
                    <Exclude>0</Exclude>
                    <Additive>0</Additive>
                    <IKPriority>0</IKPriority>
                    <IKRotLimits>-1e+010 -1e+010 -1e+010 1e+010 1e+010 1e+010</IKRotLimits>
                    <IKRotLimitOrder>0</IKRotLimitOrder>
                    <KeyFrames count="61">
                        <i>-0.00768989 0.874674 0.484652 -0.968209 -0.127694 0.215094 0.250024 -0.46759 0.847849 2.37401 2.87995 0.471191</i>
                        <i>-0.0100276 0.879575 0.475655 -0.966108 -0.131226 0.222294 0.257943 -0.457305 0.85108 2.37359 2.88019 0.470236</i>
                        <i>-0.0120191 0.885237 0.464985 -0.963161 -0.135188 0.232475 0.268656 -0.445061 0.854251 2.37316 2.88047 0.469119</i>
                        <i>-0.0140418 0.891086 0.453616 -0.959766 -0.139254 0.243841 0.280451 -0.431941 0.85719 2.37271 2.88075 0.467941</i>
                        <i>-0.0163814 0.896598 0.442542 -0.956393 -0.143141 0.254604 0.291623 -0.419074 0.859845 2.37226 2.88102 0.466801</i>
                        <i>-0.0192281 0.9013 0.432769 -0.953595 -0.146618 0.262984 0.300479 -0.407629 0.862294 2.37179 2.88124 0.465795</i>
                        <i>-0.022698 0.904766 0.425304 -0.951972 -0.14949 0.26721 0.305341 -0.398812 0.864705 2.37132 2.88141 0.465019</i>
                        <i>-0.02688 0.906594 0.421146 -0.95212 -0.151568 0.265507 0.304539 -0.393845 0.867261 2.37087 2.88151 0.464567</i>
                        <i>-0.0319078 0.906374 0.42127 -0.954532 -0.152623 0.256075 0.296395 -0.393945 0.870033 2.37044 2.88152 0.464535</i>
                        <i>-0.0380557 0.903853 0.426147 -0.959328 -0.152419 0.237608 0.279716 -0.399773 0.872892 2.37002 2.88143 0.464971</i>
                        <i>-0.0454207 0.899341 0.434881 -0.965696 -0.150946 0.211298 0.255673 -0.410366 0.875346 2.36959 2.88125 0.465797</i>
                        <i>-0.0539689 0.893227 0.446356 -0.972598 -0.148256 0.179087 0.226141 -0.42446 0.876752 2.36913 2.881 0.466914</i>
                        <i>-0.0636057 0.885914 0.459468 -0.979128 -0.14445 0.142975 0.193034 -0.440785 0.876611 2.36862 2.88069 0.468224</i>
                        <i>-0.0741093 0.877853 0.473162 -0.984605 -0.139727 0.10502 0.158305 -0.458094 0.874694 2.36805 2.88035 0.469627</i>
                        <i>-0.0850958 0.869555 0.486449 -0.988636 -0.13441 0.0673201 0.123922 -0.475193 0.871111 2.36744 2.87999 0.471021</i>
                        <i>-0.0959894 0.861582 0.49846 -0.991138 -0.128929 0.0319863 0.0918246 -0.490972 0.866323 2.36678 2.87964 0.472304</i>
                        <i>-0.106085 0.854552 0.508417 -0.992302 -0.12384 0.00110003 0.0639021 -0.504386 0.86111 2.36612 2.87932 0.473377</i>
                        <i>-0.114613 0.849119 0.515616 -0.992523 -0.119812 -0.0233146 0.0419803 -0.514433 0.856502 2.36551 2.87908 0.474145</i>
                        <i>-0.12078 0.845946 0.519411 -0.992289 -0.117557 -0.0392786 0.0278331 -0.52015 0.853621 2.36497 2.87894 0.474517</i>
                        <i>-0.123361 0.846057 0.518623 -0.992055 -0.118141 -0.0432421 0.0246855 -0.519837 0.853909 2.36459 2.87895 0.474339</i>
                        <i>-0.122372 0.849383 0.513394 -0.991951 -0.12162 -0.0352269 0.0325176 -0.513573 0.85743 2.36436 2.87911 0.473624</i>
                        <i>-0.119019 0.854894 0.504966 -0.991718 -0.127082 -0.0185972 0.0482735 -0.502997 0.862939 2.36423 2.87937 0.472533</i>
                        <i>-0.114501 0.861567 0.494563 -0.991031 -0.133591 0.00328307 0.0688978 -0.489751 0.869136 2.36415 2.87967 0.471225</i>
                        <i>-0.109882 0.868429 0.483484 -0.989744 -0.140273 0.027018 0.091283 -0.475556 0.874936 2.36405 2.87999 0.46986</i>
                        <i>-0.106018 0.87459 0.473131 -0.988006 -0.146371 0.0491789 0.112264 -0.462243 0.879618 2.36392 2.88026 0.468601</i>
                        <i>-0.103561 0.879235 0.464996 -0.986269 -0.151245 0.0663248 0.128643 -0.451743 0.882825 2.36375 2.88046 0.467609</i>
                        <i>-0.100856 0.880521 0.463153 -0.985047 -0.153734 0.0777671 0.139678 -0.448385 0.88286 2.36372 2.88051 0.467306</i>
                        <i>-0.0993549 0.881336 0.461926 -0.984616 -0.154136 0.0823054 0.143738 -0.446642 0.883092 2.3637 2.88054 0.467077</i>
                        <i>-0.102142 0.884939 0.454367 -0.984962 -0.153951 0.07842 0.139347 -0.439524 0.887356 2.36334 2.88072 0.466195</i>
                        <i>-0.106781 0.889328 0.444627 -0.985584 -0.153697 0.0707228 0.131234 -0.430665 0.89292 2.36286 2.88094 0.465108</i>
                        <i>-0.110492 0.892961 0.436363 -0.986074 -0.153401 0.0642305 0.124294 -0.423189 0.897475 2.3625 2.88112 0.464203</i>
                        <i>-0.11069 0.894401 0.433353 -0.986147 -0.153042 0.0639751 0.123541 -0.420268 0.898951 2.36247 2.88119 0.463873</i>
                        <i>-0.105056 0.89229 0.43907 -0.985521 -0.152499 0.074107 0.133082 -0.424927 0.895392 2.36296 2.88108 0.464473</i>
                        <i>-0.0952366 0.887652 0.45056 -0.984215 -0.151788 0.0910013 0.149167 -0.434781 0.888096 2.36383 2.88084 0.465695</i>
                        <i>-0.084868 0.882742 0.46213 -0.982607 -0.151032 0.108045 0.165172 -0.444922 0.880206 2.36477 2.88058 0.466944</i>
                        <i>-0.0780823 0.880044 0.468429 -0.981499 -0.150252 0.118674 0.174821 -0.450497 0.875494 2.36541 2.88044 0.467651</i>
                        <i>-0.0746252 0.879365 0.470265 -0.980986 -0.149459 0.123808 0.179158 -0.452084 0.873798 2.36579 2.8804 0.467896</i>
                        <i>-0.0713059 0.878771 0.471887 -0.980471 -0.148682 0.128726 0.183282 -0.453492 0.872211 2.36616 2.88037 0.468127</i>
                        <i>-0.0681151 0.878257 0.473312 -0.979956 -0.147917 0.133442 0.187208 -0.454736 0.870729 2.36653 2.88034 0.468347</i>
                        <i>-0.0650433 0.877819 0.474556 -0.979442 -0.147162 0.137971 0.19095 -0.455826 0.869345 2.3669 2.88031 0.468554</i>
                        <i>-0.0620807 0.87745 0.475633 -0.978931 -0.146411 0.142328 0.194523 -0.456777 0.868053 2.36727 2.88028 0.468751</i>
                        <i>-0.059217 0.877145 0.47656 -0.978424 -0.145663 0.146525 0.197941 -0.457601 0.866845 2.36764 2.88026 0.468937</i>
                        <i>-0.0564419 0.876899 0.47735 -0.977919 -0.144913 0.150579 0.201216 -0.458311 0.865715 2.368 2.88024 0.469114</i>
                        <i>-0.0537444 0.876704 0.478018 -0.977419 -0.14416 0.154502 0.204363 -0.45892 0.864655 2.36837 2.88023 0.469282</i>
                        <i>-0.0511136 0.876556 0.478579 -0.976921 -0.143399 0.158309 0.207395 -0.459442 0.863655 2.36873 2.88021 0.469441</i>
                        <i>-0.0485384 0.876446 0.479047 -0.976426 -0.142629 0.162015 0.210323 -0.45989 0.862708 2.36909 2.8802 0.469593</i>
                        <i>-0.0460072 0.876371 0.479435 -0.975933 -0.141846 0.165633 0.213162 -0.460276 0.861805 2.36944 2.88018 0.469737</i>
                        <i>-0.0435087 0.876322 0.479758 -0.975441 -0.141049 0.169177 0.215923 -0.460615 0.860936 2.36979 2.88017 0.469874</i>
                        <i>-0.0410309 0.876292 0.480029 -0.974947 -0.140234 0.172662 0.218619 -0.460919 0.860093 2.37014 2.88016 0.470005</i>
                        <i>-0.0385619 0.876276 0.480263 -0.974452 -0.139399 0.176101 0.221261 -0.461202 0.859265 2.37049 2.88015 0.470131</i>
                        <i>-0.0360897 0.876267 0.480473 -0.973952 -0.138541 0.179509 0.223863 -0.461479 0.858442 2.37083 2.88014 0.470251</i>
                        <i>-0.033602 0.876257 0.480671 -0.973446 -0.137659 0.1829 0.226436 -0.461762 0.857615 2.37118 2.88013 0.470367</i>
                        <i>-0.0310866 0.876239 0.480872 -0.972932 -0.136749 0.186286 0.22899 -0.462065 0.856773 2.37151 2.88011 0.470478</i>
                        <i>-0.0285308 0.876207 0.48109 -0.972407 -0.13581 0.189683 0.231539 -0.462403 0.855905 2.37185 2.8801 0.470586</i>
                        <i>-0.0259221 0.876153 0.481336 -0.971869 -0.13484 0.193104 0.234092 -0.462789 0.855001 2.37218 2.88009 0.470691</i>
                        <i>-0.0232478 0.87607 0.481624 -0.971314 -0.133836 0.196562 0.236661 -0.463238 0.85405 2.37251 2.88007 0.470793</i>
                        <i>-0.020416 0.875922 0.482021 -0.970744 -0.132737 0.200093 0.239248 -0.463834 0.853006 2.37282 2.88005 0.470883</i>
                        <i>-0.017384 0.87569 0.482561 -0.970156 -0.13152 0.203717 0.241859 -0.464618 0.851842 2.37312 2.88003 0.470959</i>
                        <i>-0.0142124 0.875392 0.483205 -0.969542 -0.130239 0.207429 0.244514 -0.465539 0.85058 2.37341 2.88 0.47103</i>
                        <i>-0.0109612 0.875047 0.483914 -0.968895 -0.128946 0.211223 0.247229 -0.466547 0.849242 2.37371 2.87998 0.471104</i>
                        <i>-0.00768989 0.874674 0.484652 -0.968209 -0.127694 0.215094 0.250024 -0.46759 0.847849 2.37401 2.87995 0.471191</i>
                    </KeyFrames>
                </p>
            </i>
            <i>
                <p>
                    <Name><![CDATA[head]]></Name>
                    <Exclude>0</Exclude>
                    <Additive>0</Additive>
                    <IKPriority>0</IKPriority>
                    <IKRotLimits>-1e+010 -1e+010 -1e+010 1e+010 1e+010 1e+010</IKRotLimits>
                    <IKRotLimitOrder>0</IKRotLimitOrder>
                    <KeyFrames count="61">
                        <i>-0.0924907 0.93039 0.354711 -0.113327 0.344087 -0.932073 -0.989243 -0.126406 0.0736132 2.37924 3.10443 0.588986</i>
                        <i>-0.0922989 0.930038 0.355682 -0.114316 0.344948 -0.931635 -0.989148 -0.126649 0.0744795 2.37813 3.10601 0.58568</i>
                        <i>-0.0920453 0.929425 0.357348 -0.11506 0.34654 -0.930952 -0.989085 -0.126806 0.075042 2.37707 3.10781 0.581776</i>
                        <i>-0.0917424 0.928647 0.359441 -0.115772 0.348568 -0.930106 -0.98903 -0.126943 0.075533 2.37599 3.10965 0.577628</i>
                        <i>-0.0914028 0.927795 0.361721 -0.116617 0.350769 -0.929172 -0.988962 -0.127112 0.0761352 2.37481 3.11139 0.573593</i>
                        <i>-0.0910393 0.926948 0.363977 -0.117709 0.352916 -0.928221 -0.988866 -0.127348 0.0769811 2.37351 3.11288 0.570029</i>
                        <i>-0.0906646 0.926178 0.366025 -0.119129 0.354813 -0.927316 -0.988731 -0.127679 0.0781657 2.37207 3.11401 0.567294</i>
                        <i>-0.0902911 0.925552 0.367696 -0.120946 0.356281 -0.926518 -0.988544 -0.128128 0.0797728 2.3705 3.11465 0.565742</i>
                        <i>-0.0899303 0.925141 0.368819 -0.123257 0.357134 -0.925885 -0.988292 -0.128725 0.081913 2.36879 3.11468 0.565722</i>
                        <i>-0.0895929 0.92502 0.369203 -0.126224 0.357159 -0.925476 -0.987948 -0.129518 0.0847612 2.36687 3.11404 0.567411</i>
                        <i>-0.0893103 0.925286 0.368604 -0.129915 0.356099 -0.925373 -0.987495 -0.130532 0.0884048 2.36466 3.11283 0.570501</i>
