<?xml version="1.0" encoding="ISO-8859-1" ?>
<Animl Version="1">
    <ModellingPackage><![CDATA[Maya.2010]]></ModellingPackage>
    <SrcFile><![CDATA[anims\turrets\special\blue\~src\flamelube\flamelube_reload_crewmanc.mb]]></SrcFile>
    <FramesPerSecond>30</FramesPerSecond>
    <TotalFrames>91</TotalFrames>
    <Skeleton>
        <RefFrame>
            <Name><![CDATA[soldier_ref_frame]]></Name>
            <Exclude>0</Exclude>
            <Additive>0</Additive>
            <IKPriority>0</IKPriority>
            <IKRotLimits>-1e+010 -1e+010 -1e+010 1e+010 1e+010 1e+010</IKRotLimits>
            <IKRotLimitOrder>0</IKRotLimitOrder>
            <KeyFrames count="91">
                <i>0.34202 0 -0.939693 0 1 0 0.939693 0 0.34202 2.5 0.9 0.5</i>
                <i>0.34202 0 -0.939693 0 1 0 0.939693 0 0.34202 2.5 0.9 0.5</i>
                <i>0.34202 0 -0.939693 0 1 0 0.939693 0 0.34202 2.5 0.9 0.5</i>
                <i>0.34202 0 -0.939693 0 1 0 0.939693 0 0.34202 2.5 0.9 0.5</i>
                <i>0.34202 0 -0.939693 0 1 0 0.939693 0 0.34202 2.5 0.9 0.5</i>
                <i>0.34202 0 -0.939693 0 1 0 0.939693 0 0.34202 2.5 0.9 0.5</i>
                <i>0.34202 0 -0.939693 0 1 0 0.939693 0 0.34202 2.5 0.9 0.5</i>
                <i>0.34202 0 -0.939693 0 1 0 0.939693 0 0.34202 2.5 0.9 0.5</i>
                <i>0.34202 0 -0.939693 0 1 0 0.939693 0 0.34202 2.5 0.9 0.5</i>
                <i>0.34202 0 -0.939693 0 1 0 0.939693 0 0.34202 2.5 0.9 0.5</i>
                <i>0.34202 0 -0.939693 0 1 0 0.939693 0 0.34202 2.5 0.9 0.5</i>
                <i>0.34202 0 -0.939693 0 1 0 0.939693 0 0.34202 2.5 0.9 0.5</i>
                <i>0.34202 0 -0.939693 0 1 0 0.939693 0 0.34202 2.5 0.9 0.5</i>
                <i>0.34202 0 -0.939693 0 1 0 0.939693 0 0.34202 2.5 0.9 0.5</i>
                <i>0.34202 0 -0.939693 0 1 0 0.939693 0 0.34202 2.5 0.9 0.5</i>
                <i>0.34202 0 -0.939693 0 1 0 0.939693 0 0.34202 2.5 0.9 0.5</i>
                <i>0.34202 0 -0.939693 0 1 0 0.939693 0 0.34202 2.5 0.9 0.5</i>
                <i>0.34202 0 -0.939693 0 1 0 0.939693 0 0.34202 2.5 0.9 0.5</i>
                <i>0.34202 0 -0.939693 0 1 0 0.939693 0 0.34202 2.5 0.9 0.5</i>
                <i>0.34202 0 -0.939693 0 1 0 0.939693 0 0.34202 2.5 0.9 0.5</i>
                <i>0.34202 0 -0.939693 0 1 0 0.939693 0 0.34202 2.5 0.9 0.5</i>
                <i>0.34202 0 -0.939693 0 1 0 0.939693 0 0.34202 2.5 0.9 0.5</i>
                <i>0.34202 0 -0.939693 0 1 0 0.939693 0 0.34202 2.5 0.9 0.5</i>
                <i>0.34202 0 -0.939693 0 1 0 0.939693 0 0.34202 2.5 0.9 0.5</i>
                <i>0.34202 0 -0.939693 0 1 0 0.939693 0 0.34202 2.5 0.9 0.5</i>
                <i>0.34202 0 -0.939693 0 1 0 0.939693 0 0.34202 2.5 0.9 0.5</i>
                <i>0.34202 0 -0.939693 0 1 0 0.939693 0 0.34202 2.5 0.9 0.5</i>
                <i>0.34202 0 -0.939693 0 1 0 0.939693 0 0.34202 2.5 0.9 0.5</i>
                <i>0.34202 0 -0.939693 0 1 0 0.939693 0 0.34202 2.5 0.9 0.5</i>
                <i>0.34202 0 -0.939693 0 1 0 0.939693 0 0.34202 2.5 0.9 0.5</i>
                <i>0.34202 0 -0.939693 0 1 0 0.939693 0 0.34202 2.5 0.9 0.5</i>
                <i>0.34202 0 -0.939693 0 1 0 0.939693 0 0.34202 2.5 0.9 0.5</i>
                <i>0.34202 0 -0.939693 0 1 0 0.939693 0 0.34202 2.5 0.9 0.5</i>
                <i>0.34202 0 -0.939693 0 1 0 0.939693 0 0.34202 2.5 0.9 0.5</i>
                <i>0.34202 0 -0.939693 0 1 0 0.939693 0 0.34202 2.5 0.9 0.5</i>
                <i>0.34202 0 -0.939693 0 1 0 0.939693 0 0.34202 2.5 0.9 0.5</i>
                <i>0.34202 0 -0.939693 0 1 0 0.939693 0 0.34202 2.5 0.9 0.5</i>
                <i>0.34202 0 -0.939693 0 1 0 0.939693 0 0.34202 2.5 0.9 0.5</i>
                <i>0.34202 0 -0.939693 0 1 0 0.939693 0 0.34202 2.5 0.9 0.5</i>
                <i>0.34202 0 -0.939693 0 1 0 0.939693 0 0.34202 2.5 0.9 0.5</i>
                <i>0.34202 0 -0.939693 0 1 0 0.939693 0 0.34202 2.5 0.9 0.5</i>
                <i>0.34202 0 -0.939693 0 1 0 0.939693 0 0.34202 2.5 0.9 0.5</i>
                <i>0.34202 0 -0.939693 0 1 0 0.939693 0 0.34202 2.5 0.9 0.5</i>
                <i>0.34202 0 -0.939693 0 1 0 0.939693 0 0.34202 2.5 0.9 0.5</i>
                <i>0.34202 0 -0.939693 0 1 0 0.939693 0 0.34202 2.5 0.9 0.5</i>
                <i>0.34202 0 -0.939693 0 1 0 0.939693 0 0.34202 2.5 0.9 0.5</i>
                <i>0.34202 0 -0.939693 0 1 0 0.939693 0 0.34202 2.5 0.9 0.5</i>
                <i>0.34202 0 -0.939693 0 1 0 0.939693 0 0.34202 2.5 0.9 0.5</i>
                <i>0.34202 0 -0.939693 0 1 0 0.939693 0 0.34202 2.5 0.9 0.5</i>
                <i>0.34202 0 -0.939693 0 1 0 0.939693 0 0.34202 2.5 0.9 0.5</i>
                <i>0.34202 0 -0.939693 0 1 0 0.939693 0 0.34202 2.5 0.9 0.5</i>
                <i>0.34202 0 -0.939693 0 1 0 0.939693 0 0.34202 2.5 0.9 0.5</i>
                <i>0.34202 0 -0.939693 0 1 0 0.939693 0 0.34202 2.5 0.9 0.5</i>
                <i>0.34202 0 -0.939693 0 1 0 0.939693 0 0.34202 2.5 0.9 0.5</i>
                <i>0.34202 0 -0.939693 0 1 0 0.939693 0 0.34202 2.5 0.9 0.5</i>
                <i>0.34202 0 -0.939693 0 1 0 0.939693 0 0.34202 2.5 0.9 0.5</i>
                <i>0.34202 0 -0.939693 0 1 0 0.939693 0 0.34202 2.5 0.9 0.5</i>
                <i>0.34202 0 -0.939693 0 1 0 0.939693 0 0.34202 2.5 0.9 0.5</i>
                <i>0.34202 0 -0.939693 0 1 0 0.939693 0 0.34202 2.5 0.9 0.5</i>
                <i>0.34202 0 -0.939693 0 1 0 0.939693 0 0.34202 2.5 0.9 0.5</i>
                <i>0.34202 0 -0.939693 0 1 0 0.939693 0 0.34202 2.5 0.9 0.5</i>
                <i>0.34202 0 -0.939693 0 1 0 0.939693 0 0.34202 2.5 0.9 0.5</i>
                <i>0.34202 0 -0.939693 0 1 0 0.939693 0 0.34202 2.5 0.9 0.5</i>
                <i>0.34202 0 -0.939693 0 1 0 0.939693 0 0.34202 2.5 0.9 0.5</i>
                <i>0.34202 0 -0.939693 0 1 0 0.939693 0 0.34202 2.5 0.9 0.5</i>
                <i>0.34202 0 -0.939693 0 1 0 0.939693 0 0.34202 2.5 0.9 0.5</i>
                <i>0.34202 0 -0.939693 0 1 0 0.939693 0 0.34202 2.5 0.9 0.5</i>
                <i>0.34202 0 -0.939693 0 1 0 0.939693 0 0.34202 2.5 0.9 0.5</i>
                <i>0.34202 0 -0.939693 0 1 0 0.939693 0 0.34202 2.5 0.9 0.5</i>
                <i>0.34202 0 -0.939693 0 1 0 0.939693 0 0.34202 2.5 0.9 0.5</i>
                <i>0.34202 0 -0.939693 0 1 0 0.939693 0 0.34202 2.5 0.9 0.5</i>
                <i>0.34202 0 -0.939693 0 1 0 0.939693 0 0.34202 2.5 0.9 0.5</i>
                <i>0.34202 0 -0.939693 0 1 0 0.939693 0 0.34202 2.5 0.9 0.5</i>
                <i>0.34202 0 -0.939693 0 1 0 0.939693 0 0.34202 2.5 0.9 0.5</i>
                <i>0.34202 0 -0.939693 0 1 0 0.939693 0 0.34202 2.5 0.9 0.5</i>
                <i>0.34202 0 -0.939693 0 1 0 0.939693 0 0.34202 2.5 0.9 0.5</i>
                <i>0.34202 0 -0.939693 0 1 0 0.939693 0 0.34202 2.5 0.9 0.5</i>
                <i>0.34202 0 -0.939693 0 1 0 0.939693 0 0.34202 2.5 0.9 0.5</i>
                <i>0.34202 0 -0.939693 0 1 0 0.939693 0 0.34202 2.5 0.9 0.5</i>
                <i>0.34202 0 -0.939693 0 1 0 0.939693 0 0.34202 2.5 0.9 0.5</i>
                <i>0.34202 0 -0.939693 0 1 0 0.939693 0 0.34202 2.5 0.9 0.5</i>
                <i>0.34202 0 -0.939693 0 1 0 0.939693 0 0.34202 2.5 0.9 0.5</i>
                <i>0.34202 0 -0.939693 0 1 0 0.939693 0 0.34202 2.5 0.9 0.5</i>
                <i>0.34202 0 -0.939693 0 1 0 0.939693 0 0.34202 2.5 0.9 0.5</i>
                <i>0.34202 0 -0.939693 0 1 0 0.939693 0 0.34202 2.5 0.9 0.5</i>
                <i>0.34202 0 -0.939693 0 1 0 0.939693 0 0.34202 2.5 0.9 0.5</i>
                <i>0.34202 0 -0.939693 0 1 0 0.939693 0 0.34202 2.5 0.9 0.5</i>
                <i>0.34202 0 -0.939693 0 1 0 0.939693 0 0.34202 2.5 0.9 0.5</i>
                <i>0.34202 0 -0.939693 0 1 0 0.939693 0 0.34202 2.5 0.9 0.5</i>
                <i>0.34202 0 -0.939693 0 1 0 0.939693 0 0.34202 2.5 0.9 0.5</i>
                <i>0.34202 0 -0.939693 0 1 0 0.939693 0 0.34202 2.5 0.9 0.5</i>
            </KeyFrames>
        </RefFrame>
        <Bones count="23">
            <i>
                <p>
                    <Name><![CDATA[pelvis]]></Name>
                    <Exclude>0</Exclude>
                    <Additive>0</Additive>
                    <IKPriority>0</IKPriority>
                    <IKRotLimits>-1e+010 -1e+010 -1e+010 1e+010 1e+010 1e+010</IKRotLimits>
                    <IKRotLimitOrder>2</IKRotLimitOrder>
                    <KeyFrames count="91">
                        <i>1 0 0 0 1 0 0 0 1 2.42302 2.42728 0.483054</i>
                        <i>1 0 0 0 1 0 0 0 1 2.42275 2.42626 0.481383</i>
                        <i>1 0 0 0 1 0 0 0 1 2.42212 2.42387 0.477485</i>
                        <i>1 0 0 0 1 0 0 0 1 2.42139 2.42115 0.473029</i>
                        <i>1 0 0 0 1 0 0 0 1 2.42085 2.41911 0.469687</i>
                        <i>1 0 0 0 1 0 0 0 1 2.42076 2.41877 0.46913</i>
                        <i>1 0 0 0 1 0 0 0 1 2.42139 2.42115 0.473029</i>
                        <i>1 0 0 0 1 0 0 0 1 2.42302 2.42728 0.483054</i>
                        <i>1 0 0 0 1 0 0 0 1 2.42496 2.43987 0.498048</i>
                        <i>1 0 0 0 1 0 0 0 1 2.42644 2.45894 0.515463</i>
                        <i>1 0 0 0 1 0 0 0 1 2.42756 2.48142 0.534882</i>
                        <i>1 0 0 0 1 0 0 0 1 2.42846 2.50423 0.555892</i>
                        <i>1 0 0 0 1 0 0 0 1 2.42923 2.52432 0.578076</i>
                        <i>1 0 0 0 1 0 0 0 1 2.43002 2.53861 0.601019</i>
                        <i>1 0 0 0 1 0 0 0 1 2.43092 2.54404 0.624307</i>
                        <i>1 0 0 0 1 0 0 0 1 2.43206 2.53806 0.647523</i>
                        <i>1 0 0 0 1 0 0 0 1 2.43356 2.52235 0.670253</i>
                        <i>1 0 0 0 1 0 0 0 1 2.43553 2.50014 0.692081</i>
                        <i>1 0 0 0 1 0 0 0 1 2.43809 2.47468 0.712592</i>
                        <i>1 0 0 0 1 0 0 0 1 2.44136 2.44922 0.731371</i>
                        <i>1 0 0 0 1 0 0 0 1 2.44545 2.42701 0.748002</i>
                        <i>1 0 0 0 1 0 0 0 1 2.45045 2.42602 0.762189</i>
                        <i>1 0 0 0 1 0 0 0 1 2.45624 2.42501 0.774146</i>
                        <i>1 0 0 0 1 0 0 0 1 2.46265 2.42398 0.784225</i>
                        <i>1 0 0 0 1 0 0 0 1 2.46953 2.42294 0.79278</i>
                        <i>1 0 0 0 1 0 0 0 1 2.47671 2.42191 0.800162</i>
                        <i>1 0 0 0 1 0 0 0 1 2.48404 2.42091 0.806724</i>
                        <i>1 0 0 0 1 0 0 0 1 2.49134 2.41994 0.812819</i>
                        <i>1 0 0 0 1 0 0 0 1 2.49847 2.41902 0.818799</i>
                        <i>1 0 0 0 1 0 0 0 1 2.50525 2.41817 0.825016</i>
                        <i>1 0 0 0 1 0 0 0 1 2.51152 2.4174 0.831823</i>
                        <i>1 0 0 0 1 0 0 0 1 2.51618 2.41705 0.837285</i>
                        <i>1 0 0 0 1 0 0 0 1 2.51802 2.41721 0.839654</i>
                        <i>1 0 0 0 1 0 0 0 1 2.51672 2.4175 0.839563</i>
                        <i>1 0 0 0 1 0 0 0 1 2.51368 2.41765 0.838242</i>
                        <i>1 0 0 0 1 0 0 0 1 2.51062 2.41767 0.836292</i>
                        <i>1 0 0 0 1 0 0 0 1 2.50767 2.41759 0.833398</i>
                        <i>1 0 0 0 1 0 0 0 1 2.50498 2.41743 0.829247</i>
                        <i>1 0 0 0 1 0 0 0 1 2.50283 2.41723 0.823131</i>
                        <i>1 0 0 0 1 0 0 0 1 2.50129 2.41702 0.814942</i>
                        <i>1 0 0 0 1 0 0 0 1 2.50018 2.41682 0.805265</i>
                        <i>1 0 0 0 1 0 0 0 1 2.4993 2.41666 0.794689</i>
                        <i>1 0 0 0 1 0 0 0 1 2.49848 2.41657 0.783797</i>
                        <i>1 0 0 0 1 0 0 0 1 2.49753 2.41658 0.773179</i>
                        <i>1 0 0 0 1 0 0 0 1 2.49627 2.41672 0.763419</i>
                        <i>1 0 0 0 1 0 0 0 1 2.4945 2.41702 0.755104</i>
                        <i>1 0 0 0 1 0 0 0 1 2.49206 2.4175 0.748821</i>
                        <i>1 0 0 0 1 0 0 0 1 2.48874 2.4182 0.745156</i>
                        <i>1 0 0 0 1 0 0 0 1 2.48436 2.41914 0.744696</i>
                        <i>1 0 0 0 1 0 0 0 1 2.47875 2.42035 0.748027</i>
                        <i>1 0 0 0 1 0 0 0 1 2.47171 2.42187 0.755735</i>
                        <i>1 0 0 0 1 0 0 0 1 2.46125 2.42436 0.772459</i>
                        <i>1 0 0 0 1 0 0 0 1 2.44638 2.42825 0.800405</i>
                        <i>1 0 0 0 1 0 0 0 1 2.42839 2.43315 0.836517</i>
                        <i>1 0 0 0 1 0 0 0 1 2.40858 2.43865 0.877735</i>
                        <i>1 0 0 0 1 0 0 0 1 2.38825 2.44437 0.921002</i>
                        <i>1 0 0 0 1 0 0 0 1 2.36871 2.44993 0.963259</i>
                        <i>1 0 0 0 1 0 0 0 1 2.35124 2.45493 1.00145</i>
                        <i>1 0 0 0 1 0 0 0 1 2.33716 2.45899 1.03251</i>
                        <i>1 0 0 0 1 0 0 0 1 2.32775 2.4617 1.0534</i>
                        <i>1 0 0 0 1 0 0 0 1 2.32433 2.4627 1.06104</i>
                        <i>1 0 0 0 1 0 0 0 1 2.32413 2.4627 1.06166</i>
                        <i>1 0 0 0 1 0 0 0 1 2.32361 2.4627 1.06332</i>
                        <i>1 0 0 0 1 0 0 0 1 2.32285 2.4627 1.06573</i>
                        <i>1 0 0 0 1 0 0 0 1 2.32196 2.4627 1.06858</i>
                        <i>1 0 0 0 1 0 0 0 1 2.32102 2.4627 1.07158</i>
                        <i>1 0 0 0 1 0 0 0 1 2.32012 2.4627 1.07443</i>
                        <i>1 0 0 0 1 0 0 0 1 2.31936 2.4627 1.07684</i>
                        <i>1 0 0 0 1 0 0 0 1 2.31884 2.4627 1.0785</i>
                        <i>1 0 0 0 1 0 0 0 1 2.31865 2.4627 1.07912</i>
                        <i>1 0 0 0 1 0 0 0 1 2.32266 2.46062 1.0682</i>
                        <i>1 0 0 0 1 0 0 0 1 2.33353 2.45513 1.03832</i>
                        <i>1 0 0 0 1 0 0 0 1 2.34949 2.44738 0.993772</i>
                        <i>1 0 0 0 1 0 0 0 1 2.36878 2.4385 0.938871</i>
                        <i>1 0 0 0 1 0 0 0 1 2.38963 2.42962 0.877921</i>
                        <i>1 0 0 0 1 0 0 0 1 2.41028 2.42187 0.815228</i>
                        <i>1 0 0 0 1 0 0 0 1 2.42897 2.44766 0.755098</i>
                        <i>1 0 0 0 1 0 0 0 1 2.44393 2.47715 0.701837</i>
                        <i>1 0 0 0 1 0 0 0 1 2.4534 2.50665 0.659751</i>
                        <i>1 0 0 0 1 0 0 0 1 2.45708 2.53244 0.626925</i>
                        <i>1 0 0 0 1 0 0 0 1 2.45651 2.55083 0.598219</i>
                        <i>1 0 0 0 1 0 0 0 1 2.45277 2.55811 0.573108</i>
                        <i>1 0 0 0 1 0 0 0 1 2.44688 2.549 0.551065</i>
                        <i>1 0 0 0 1 0 0 0 1 2.43992 2.52497 0.531564</i>
                        <i>1 0 0 0 1 0 0 0 1 2.43292 2.4924 0.51408</i>
                        <i>1 0 0 0 1 0 0 0 1 2.42694 2.45771 0.498085</i>
                        <i>1 0 0 0 1 0 0 0 1 2.42302 2.42728 0.483054</i>
                        <i>1 0 0 0 1 0 0 0 1 2.4216 2.42728 0.474771</i>
                        <i>1 0 0 0 1 0 0 0 1 2.42176 2.42728 0.475692</i>
                        <i>1 0 0 0 1 0 0 0 1 2.42255 2.42728 0.480293</i>
                        <i>1 0 0 0 1 0 0 0 1 2.42302 2.42728 0.483054</i>
                    </KeyFrames>
                </p>
            </i>
            <i>
                <p>
                    <Name><![CDATA[spine0]]></Name>
                    <Exclude>0</Exclude>
                    <Additive>0</Additive>
                    <IKPriority>0</IKPriority>
                    <IKRotLimits>-1e+010 -1e+010 -1e+010 1e+010 1e+010 1e+010</IKRotLimits>
                    <IKRotLimitOrder>0</IKRotLimitOrder>
                    <KeyFrames count="91">
                        <i>-0.0413695 0.998685 -0.0302873 -0.711512 -0.00816497 0.702627 0.701455 0.0506171 0.710914 2.39986 2.56369 0.443659</i>
                        <i>-0.0406384 0.998786 -0.0278491 -0.710376 -0.00928073 0.703761 0.702648 0.048383 0.70989 2.39777 2.56184 0.440287</i>
                        <i>-0.0406254 0.998856 -0.0252242 -0.709055 -0.0110336 0.705067 0.703982 0.046529 0.708692 2.39504 2.55845 0.43446</i>
                        <i>-0.0407662 0.998925 -0.0220853 -0.70763 -0.0132592 0.706459 0.705406 0.0444278 0.707409 2.39217 2.55463 0.428035</i>
                        <i>-0.0404528 0.999016 -0.0181859 -0.706201 -0.0157106 0.707837 0.706854 0.0414769 0.706142 2.38963 2.5515 0.422862</i>
                        <i>-0.0390535 0.999147 -0.0133944 -0.704906 -0.0180469 0.709072 0.708225 0.0371335 0.705009 2.38791 2.55022 0.420784</i>
                        <i>-0.0359395 0.999324 -0.0076943 -0.703908 -0.0198485 0.710014 0.709381 0.0309336 0.704146 2.3875 2.55195 0.423639</i>
                        <i>-0.030515 0.999534 -0.00114268 -0.703379 -0.0206613 0.710515 0.71016 0.0224851 0.703681 2.38886 2.55785 0.433263</i>
                        <i>-0.0226115 0.999735 0.00431492 -0.703638 -0.0189802 0.710305 0.710198 0.0130249 0.703881 2.39171 2.57068 0.448236</i>
                        <i>-0.0168282 0.999857 0.00187303 -0.704662 -0.0131888 0.70942 0.709343 0.0106184 0.704783 2.39519 2.5903 0.465818</i>
                        <i>-0.0153038 0.999849 -0.00825743 -0.705924 -0.0049556 0.70827 0.708122 0.0166684 0.705893 2.39892 2.61361 0.485872</i>
                        <i>-0.0151652 0.999702 -0.0191512 -0.706922 0.0028256 0.707286 0.707129 0.0242646 0.706668 2.40251 2.63747 0.508256</i>
                        <i>-0.0133384 0.999606 -0.0246847 -0.707314 0.0080172 0.706854 0.706774 0.0268882 0.706929 2.40559 2.65882 0.532834</i>
                        <i>-0.00558615 0.999779 -0.0202683 -0.70713 0.010382 0.707008 0.707062 0.0182818 0.706915 2.40827 2.67449 0.559063</i>
                        <i>0.00880159 0.999935 -0.00720066 -0.706586 0.0113145 0.707536 0.707572 -0.00113956 0.70664 2.411 2.6813 0.586115</i>
                        <i>0.026115 0.999611 0.00979571 -0.70568 0.0114936 0.708438 0.70805 -0.0254135 0.705705 2.4139 2.67664 0.613428</i>
                        <i>0.0450802 0.998561 0.0290377 -0.704425 0.0111639 0.709691 0.708346 -0.0524479 0.703915 2.41707 2.66212 0.640433</i>
                        <i>0.0643183 0.996727 0.048967 -0.70288 0.0104152 0.711232 0.708395 -0.0801631 0.701249 2.42063 2.64093 0.666556</i>
                        <i>0.0823519 0.994271 0.0681497 -0.701163 0.00920814 0.712942 0.708229 -0.106496 0.697904 2.42469 2.61631 0.691218</i>
                        <i>0.0976184 0.991564 0.0852725 -0.699461 0.00740426 0.714632 0.707972 -0.129406 0.694284 2.42934 2.5915 0.713838</i>
                        <i>0.108488 0.989143 0.0991261 -0.698027 0.00479982 0.716056 0.707806 -0.146876 0.690969 2.43471 2.56976 0.733833</i>
                        <i>0.113843 0.98788 0.105512 -0.697466 0.0038377 0.716608 0.707518 -0.155172 0.689449 2.44014 2.5689 0.748869</i>
                        <i>0.116273 0.987304 0.108223 -0.697212 0.0035315 0.716856 0.707372 -0.158806 0.688771 2.44613 2.56793 0.761167</i>
                        <i>0.116461 0.987289 0.10815 -0.697223 0.00371982 0.716845 0.707331 -0.158889 0.688794 2.45257 2.56689 0.771183</i>
                        <i>0.115098 0.987665 0.106162 -0.697445 0.00424826 0.716626 0.707335 -0.156525 0.689331 2.45938 2.56582 0.779379</i>
                        <i>0.112883 0.988243 0.103116 -0.697822 0.00497353 0.716254 0.70732 -0.15281 0.690179 2.46645 2.56473 0.786212</i>
                        <i>0.110525 0.988844 0.099858 -0.698292 0.00576576 0.71579 0.707229 -0.148843 0.691139 2.4737 2.56366 0.792142</i>
                        <i>0.108739 0.989304 0.0972269 -0.69879 0.00650917 0.715297 0.707013 -0.145722 0.692024 2.48102 2.56262 0.797628</i>
                        <i>0.108246 0.989473 0.0960573 -0.699254 0.00710079 0.714838 0.70663 -0.144547 0.692661 2.48832 2.56167 0.803128</i>
                        <i>0.109772 0.989195 0.0971782 -0.69962 0.00744733 0.714477 0.706033 -0.146417 0.692878 2.49551 2.56082 0.8091</i>
                        <i>0.114041 0.988287 0.101412 -0.699825 0.00745988 0.714275 0.705152 -0.152427 0.692478 2.50248 2.5601 0.816004</i>
                        <i>0.128714 0.984953 0.115331 -0.696094 0.00690248 0.717917 0.706318 -0.172687 0.686508 2.50905 2.56002 0.822977</i>
                        <i>0.156094 0.977865 0.139338 -0.691568 0.00747504 0.722273 0.705244 -0.209105 0.677426 2.5142 2.56056 0.828063</i>
                        <i>0.185575 0.96871 0.164814 -0.696735 0.011444 0.717237 0.692909 -0.247932 0.677058 2.51647 2.56106 0.830212</i>
                        <i>0.21332 0.957992 0.191691 -0.71245 0.0182789 0.701485 0.668513 -0.286211 0.68642 2.51711 2.56128 0.830727</i>
                        <i>0.239566 0.945221 0.221734 -0.731668 0.0256476 0.681178 0.638177 -0.325422 0.697733 2.51789 2.56125 0.830875</i>
                        <i>0.256878 0.933884 0.248743 -0.753174 0.0321679 0.657034 0.605593 -0.356125 0.711641 2.51808 2.56102 0.829604</i>
                        <i>0.25941 0.928575 0.265433 -0.775798 0.0366681 0.629915 0.575191 -0.369329 0.729898 2.51711 2.56074 0.825732</i>
                        <i>0.243507 0.933486 0.263266 -0.798156 0.0386498 0.601209 0.551045 -0.356526 0.754479 2.51476 2.56049 0.817626</i>
                        <i>0.214122 0.946138 0.242847 -0.818297 0.0379784 0.57354 0.533425 -0.321528 0.782354 2.51174 2.5602 0.805712</i>
                        <i>0.180701 0.96031 0.212488 -0.834324 0.0352639 0.550145 0.520817 -0.276696 0.807582 2.50888 2.55979 0.79194</i>
                        <i>0.151863 0.97126 0.183279 -0.844883 0.0313293 0.534033 0.512943 -0.235949 0.825359 2.50682 2.55939 0.778389</i>
                        <i>0.129302 0.978991 0.157665 -0.850343 0.0276792 0.525501 0.510096 -0.202018 0.836057 2.50534 2.55912 0.765675</i>
                        <i>0.109864 0.985209 0.131507 -0.852315 0.0253124 0.522415 0.511359 -0.16948 0.842489 2.5037 2.55894 0.753413</i>
                        <i>0.0938929 0.989775 0.107375 -0.851564 0.0239681 0.523703 0.515775 -0.140609 0.845107 2.50166 2.55891 0.742221</i>
                        <i>0.0816869 0.992778 0.087863 -0.848804 0.0230934 0.528204 0.52236 -0.117726 0.84456 2.49901 2.55905 0.732713</i>
                        <i>0.0746482 0.99458 0.072378 -0.844395 0.0244309 0.535164 0.530495 -0.101065 0.841642 2.49552 2.55942 0.725498</i>
                        <i>0.0714308 0.995644 0.059926 -0.839018 0.0274871 0.54341 0.539395 -0.0890951 0.837326 2.49098 2.56003 0.721185</i>
                        <i>0.0683389 0.996282 0.0524663 -0.833862 0.0281678 0.551253 0.547726 -0.0814217 0.832687 2.4852 2.56093 0.720374</i>
                        <i>0.0618564 0.996732 0.0519554 -0.830109 0.0224742 0.557148 0.554159 -0.0775918 0.828786 2.47795 2.56213 0.723664</i>
                        <i>0.0486424 0.996994 0.0603131 -0.828766 0.00658437 0.559557 0.557478 -0.0772036 0.826594 2.46903 2.56367 0.731644</i>
                        <i>0.0266214 0.996488 0.0793912 -0.828448 -0.0224529 0.559615 0.559432 -0.0806693 0.824941 2.45555 2.56628 0.74959</i>
                        <i>-0.00227832 0.994168 0.107817 -0.826692 -0.0625358 0.559168 0.562649 -0.0878572 0.822014 2.43593 2.57029 0.780119</i>
                        <i>-0.0353499 0.989154 0.142562 -0.822773 -0.109778 0.557668 0.56727 -0.0975824 0.81773 2.41197 2.57509 0.819823</i>
                        <i>-0.0700268 0.981056 0.180627 -0.816384 -0.160417 0.554783 0.573249 -0.108611 0.812151 2.38544 2.58009 0.865278</i>
                        <i>-0.103971 0.970135 0.219151 -0.807743 -0.210926 0.55051 0.580294 -0.11978 0.80555 2.35815 2.58483 0.913054</i>
                        <i>-0.135135 0.957319 0.255499 -0.797589 -0.258095 0.545196 0.58787 -0.130108 0.798424 2.3319 2.58896 0.959727</i>
                        <i>-0.161774 0.944078 0.287307 -0.787091 -0.299055 0.539494 0.595245 -0.138861 0.791455 2.30846 2.59228 1.00189</i>
                        <i>-0.182419 0.932251 0.31246 -0.77771 -0.331248 0.534268 0.601574 -0.145543 0.785447 2.28959 2.59471 1.03616</i>
                        <i>-0.195776 0.923814 0.328998 -0.771017 -0.352315 0.530479 0.605974 -0.149808 0.781251 2.277 2.59619 1.05918</i>
                        <i>-0.20055 0.920638 0.33497 -0.7685 -0.359897 0.529039 0.607609 -0.151326 0.779687 2.27242 2.59671 1.06759</i>
                        <i>-0.200885 0.920439 0.335318 -0.768399 -0.360369 0.528864 0.607625 -0.151417 0.779657 2.27223 2.59671 1.06821</i>
                        <i>-0.201782 0.919902 0.33625 -0.768129 -0.361633 0.528393 0.607669 -0.151663 0.779575 2.27171 2.59671 1.06988</i>
                        <i>-0.203081 0.919121 0.337601 -0.767736 -0.363463 0.527708 0.607733 -0.152021 0.779455 2.27095 2.59671 1.07228</i>
                        <i>-0.204618 0.918189 0.339204 -0.767265 -0.365634 0.526893 0.607812 -0.152447 0.77931 2.27005 2.59671 1.07514</i>
                        <i>-0.206235 0.917201 0.340894 -0.766764 -0.367918 0.526032 0.607898 -0.1529 0.779154 2.26911 2.59671 1.07814</i>
                        <i>-0.207769 0.916255 0.342503 -0.766283 -0.370089 0.525209 0.607982 -0.153332 0.779004 2.26821 2.59671 1.08099</i>
                        <i>-0.209062 0.915452 0.343863 -0.765874 -0.371921 0.524512 0.608055 -0.1537 0.778875 2.26746 2.59671 1.0834</i>
                        <i>-0.209955 0.914893 0.344803 -0.765589 -0.373186 0.524028 0.608106 -0.153955 0.778784 2.26694 2.59671 1.08506</i>
                        <i>-0.210288 0.914685 0.345154 -0.765482 -0.373659 0.523848 0.608125 -0.15405 0.77875 2.26674 2.59671 1.08568</i>
                        <i>-0.194381 0.921638 0.335856 -0.771414 -0.355117 0.528027 0.605918 -0.156446 0.779992 2.27295 2.59551 1.07353</i>
                        <i>-0.154152 0.937704 0.311365 -0.785219 -0.307544 0.537446 0.599724 -0.161641 0.783711 2.28956 2.5921 1.04037</i>
                        <i>-0.100763 0.95564 0.276765 -0.800815 -0.242975 0.547411 0.590375 -0.166479 0.789774 2.31357 2.58666 0.991137</i>
                        <i>-0.0457383 0.970304 0.237525 -0.813762 -0.1741 0.554509 0.579395 -0.167926 0.79756 2.34187 2.5796 0.930855</i>
                        <i>-0.00118773 0.979877 0.199597 -0.822348 -0.114525 0.55734 0.568984 -0.163476 0.805936 2.37128 2.57168 0.864617</i>
                        <i>0.0246014 0.987006 0.158786 -0.826897 -0.0691715 0.558082 0.561814 -0.145029 0.814451 2.39856 2.56415 0.797542</i>
                        <i>0.0379598 0.992747 0.114074 -0.828918 -0.0324719 0.558427 0.558081 -0.115756 0.821673 2.42192 2.58981 0.734149</i>
                        <i>0.0451057 0.996226 0.0741623 -0.826439 -0.00449377 0.563008 0.561216 -0.0866856 0.823117 2.43978 2.61902 0.678358</i>
                        <i>0.0431451 0.997847 0.0493953 -0.814943 0.00655013 0.579504 0.577933 -0.0652571 0.813471 2.44915 2.64818 0.634353</i>
                        <i>0.0317772 0.999035 0.0303229 -0.794689 0.00685433 0.606978 0.606184 -0.0433854 0.79414 2.45048 2.67356 0.599767</i>
                        <i>0.0141207 0.999887 0.00515288 -0.769966 0.00758557 0.63804 0.637929 -0.0129771 0.769986 2.44701 2.6914 0.569136</i>
                        <i>-0.00609699 0.999797 -0.0192061 -0.741704 0.00836056 0.670675 0.670699 0.0183343 0.741503 2.43989 2.698 0.542116</i>
                        <i>-0.0238717 0.999045 -0.0365955 -0.711074 0.00876278 0.703062 0.702712 0.0428054 0.710186 2.43031 2.6881 0.518331</i>
                        <i>-0.0379003 0.998176 -0.0469933 -0.679467 0.00874073 0.733654 0.732727 0.0597361 0.677896 2.4195 2.6632 0.497358</i>
                        <i>-0.0502312 0.997276 -0.0540111 -0.648502 0.00855965 0.761165 0.759554 0.0732605 0.646305 2.40871 2.62974 0.478724</i>
                        <i>-0.0599748 0.996524 -0.0578225 -0.620023 0.00820683 0.784541 0.782288 0.082904 0.617376 2.39923 2.59416 0.4619</i>
                        <i>-0.0662503 0.996075 -0.0587006 -0.596011 0.00767728 0.802939 0.800238 0.0881812 0.593163 2.39233 2.56294 0.446312</i>
                        <i>-0.0651925 0.99633 -0.0554569 -0.584004 0.00696842 0.811721 0.809129 0.0853051 0.581407 2.38927 2.56247 0.437709</i>
                        <i>-0.0566844 0.997218 -0.0484115 -0.585167 0.00610347 0.81089 0.808929 0.0742936 0.583193 2.38928 2.56238 0.438438</i>
                        <i>-0.0456188 0.998164 -0.0398452 -0.591613 0.0051442 0.806206 0.804931 0.0603511 0.590292 2.39053 2.56246 0.442904</i>
                        <i>-0.0366502 0.998804 -0.0323532 -0.595418 0.00417556 0.803405 0.80258 0.0487087 0.594553 2.39121 2.56247 0.44553</i>
                    </KeyFrames>
                </p>
            </i>
            <i>
                <p>
                    <Name><![CDATA[spine1]]></Name>
                    <Exclude>0</Exclude>
                    <Additive>0</Additive>
                    <IKPriority>0</IKPriority>
                    <IKRotLimits>-1e+010 -1e+010 -1e+010 1e+010 1e+010 1e+010</IKRotLimits>
                    <IKRotLimitOrder>0</IKRotLimitOrder>
                    <KeyFrames count="91">
                        <i>-0.121307 0.969982 0.210758 -0.863672 -0.207794 0.459231 0.48924 -0.126318 0.862953 2.39296 2.73067 0.438613</i>
                        <i>-0.0998177 0.965017 0.242444 -0.864394 -0.204782 0.459224 0.492807 -0.163729 0.854596 2.39098 2.72924 0.435636</i>
                        <i>-0.0779252 0.95724 0.278602 -0.865903 -0.203485 0.456953 0.494105 -0.205634 0.844733 2.38823 2.72641 0.430233</i>
                        <i>-0.0562485 0.946955 0.316405 -0.86768 -0.203142 0.453724 0.493931 -0.249017 0.83308 2.38529 2.72329 0.424318</i>
                        <i>-0.0352041 0.934947 0.353036 -0.869253 -0.202949 0.45079 0.493113 -0.291008 0.81985 2.38277 2.72095 0.419786</i>
                        <i>-0.0149556 0.922463 0.385796 -0.870206 -0.20204 0.449356 0.49246 -0.329001 0.805755 2.38126 2.7205 0.418506</i>
                        <i>0.00454636 0.911095 0.412172 -0.870147 -0.199506 0.450601 0.492771 -0.360699 0.79188 2.38135 2.723 0.422323</i>
                        <i>0.0234273 0.902604 0.429833 -0.868622 -0.194473 0.455715 0.494921 -0.384039 0.779466 2.38362 2.72953 0.433066</i>
                        <i>0.0393391 0.89902 0.436137 -0.864844 -0.18799 0.465516 0.500497 -0.395503 0.770116 2.38782 2.74279 0.448976</i>
                        <i>0.0405026 0.909944 0.412749 -0.857826 -0.180149 0.481332 0.512341 -0.373562 0.773277 2.39229 2.76246 0.466138</i>
                        <i>0.0237654 0.934075 0.356286 -0.847451 -0.170237 0.502838 0.530341 -0.313885 0.787537 2.39629 2.78538 0.484452</i>
                        <i>0.000424651 0.958533 0.28498 -0.834178 -0.156825 0.528728 0.551496 -0.237948 0.799521 2.39992 2.80862 0.504979</i>
                        <i>-0.0156535 0.975894 0.217682 -0.818894 -0.137434 0.557247 0.573731 -0.169536 0.801306 2.40332 2.82926 0.528629</i>
                        <i>-0.0100507 0.984573 0.174685 -0.80262 -0.112137 0.585856 0.596406 -0.134317 0.791365 2.40733 2.84428 0.555628</i>
                        <i>0.0177444 0.987292 0.157921 -0.785245 -0.0840119 0.613459 0.618931 -0.134892 0.773776 2.4125 2.85041 0.584907</i>
                        <i>0.0564921 0.986752 0.152084 -0.765871 -0.0548936 0.640646 0.640507 -0.152668 0.752624 2.41831 2.84496 0.615091</i>
                        <i>0.102158 0.982979 0.152695 -0.744449 -0.026268 0.667162 0.659818 -0.181829 0.729094 2.42465 2.8295 0.645317</i>
                        <i>0.149971 0.976324 0.155884 -0.721355 0.000227712 0.692566 0.676133 -0.216312 0.70431 2.43139 2.80728 0.674748</i>
                        <i>0.194533 0.968 0.158536 -0.697518 0.0228786 0.716202 0.689657 -0.249906 0.679648 2.4384 2.78159 0.702569</i>
                        <i>0.230018 0.960218 0.158343 -0.674453 0.0399911 0.737234 0.701573 -0.276372 0.656821 2.44554 2.75577 0.72799</i>
                        <i>0.250356 0.955875 0.153703 -0.654169 0.0499817 0.754695 0.713712 -0.289491 0.637817 2.45266 2.73322 0.750241</i>
                        <i>0.260103 0.953298 0.153526 -0.638306 0.0504539 0.768128 0.724508 -0.297789 0.621619 2.45898 2.73218 0.766336</i>
                        <i>0.262877 0.953331 0.148512 -0.622692 0.0500603 0.780864 0.736987 -0.297749 0.606791 2.46538 2.73119 0.779089</i>
                        <i>0.259959 0.955366 0.140344 -0.60756 0.0488615 0.792769 0.750528 -0.291355 0.593145 2.47187 2.73025 0.789105</i>
                        <i>0.252706 0.958691 0.130582 -0.593111 0.0468628 0.803756 0.764434 -0.280564 0.580452 2.47846 2.72935 0.796983</i>
                        <i>0.24257 0.962599 0.120682 -0.579525 0.044015 0.813765 0.778017 -0.267333 0.568527 2.48518 2.72848 0.803324</i>
                        <i>0.231092 0.966463 0.112007 -0.566976 0.0402189 0.822752 0.790654 -0.253637 0.557256 2.49205 2.72763 0.808725</i>
                        <i>0.219897 0.969765 0.105839 -0.55564 0.0353343 0.830672 0.801816 -0.241471 0.54661 2.49909 2.72678 0.813785</i>
                        <i>0.210665 0.972076 0.103388 -0.545704 0.0291914 0.837469 0.811066 -0.232845 0.536615 2.50632 2.72594 0.819099</i>
                        <i>0.205109 0.973004 0.105802 -0.537376 0.0216058 0.843066 0.818021 -0.229776 0.5273 2.51376 2.72511 0.825264</i>
                        <i>0.20494 0.972092 0.11418 -0.530891 0.0123964 0.847349 0.822286 -0.234272 0.518616 2.52145 2.72426 0.832873</i>
                        <i>0.218753 0.966429 0.134766 -0.522154 -0.000737488 0.852851 0.824319 -0.256933 0.504464 2.53045 2.72361 0.842156</i>
                        <i>0.254909 0.951696 0.17116 -0.515657 -0.0159485 0.856646 0.817997 -0.306627 0.486684 2.54013 2.72286 0.851214</i>
                        <i>0.303698 0.927742 0.216938 -0.524294 -0.0273865 0.851097 0.795539 -0.372216 0.478093 2.54726 2.72164 0.857558</i>
                        <i>0.35391 0.895414 0.270152 -0.549195 -0.0348478 0.834968 0.757056 -0.443869 0.479423 2.55245 2.71987 0.862487</i>
                        <i>0.399155 0.855759 0.329168 -0.582056 -0.0408912 0.81212 0.708439 -0.515756 0.481778 2.55753 2.71757 0.867574</i>
                        <i>0.425796 0.817772 0.387229 -0.624192 -0.0443446 0.780011 0.655043 -0.573831 0.491566 2.56057 2.71539 0.870751</i>
                        <i>0.423558 0.794104 0.435887 -0.674607 -0.0446263 0.736827 0.604569 -0.606141 0.516806 2.56003 2.71425 0.869646</i>
                        <i>0.387338 0.797904 0.461864 -0.7276 -0.0430966 0.684647 0.566187 -0.601242 0.563862 2.55507 2.71493 0.861213</i>
                        <i>0.322307 0.828557 0.457834 -0.777943 -0.0437372 0.62681 0.539372 -0.558194 0.630473 2.54723 2.71693 0.84597</i>
                        <i>0.243087 0.870901 0.427131 -0.821705 -0.0491173 0.567792 0.51547 -0.488999 0.703684 2.53889 2.71916 0.827232</i>
                        <i>0.164826 0.91001 0.380414 -0.856698 -0.0590421 0.512428 0.488775 -0.410361 0.769872 2.5321 2.72097 0.808906</i>
                        <i>0.0952297 0.940991 0.324757 -0.88314 -0.0706767 0.463754 0.459341 -0.330969 0.824297 2.52694 2.72248 0.792009</i>
                        <i>0.0353129 0.964189 0.262855 -0.902526 -0.0821865 0.422721 0.429186 -0.252161 0.867303 2.52211 2.7239 0.775453</i>
                        <i>-0.0120364 0.978798 0.204473 -0.915962 -0.0928154 0.390383 0.401084 -0.182591 0.897659 2.51745 2.72517 0.760276</i>
                        <i>-0.0452307 0.986165 0.159477 -0.924466 -0.101818 0.367417 0.378572 -0.130813 0.916281 2.51277 2.72624 0.747525</i>
                        <i>-0.0607384 0.990019 0.127174 -0.929708 -0.10248 0.353752 0.363254 -0.0967481 0.926653 2.50811 2.7271 0.737716</i>
                        <i>-0.0624667 0.992677 0.103395 -0.93278 -0.0949157 0.347726 0.354993 -0.0747231 0.931878 2.50304 2.72789 0.731303</i>
                        <i>-0.0599931 0.993914 0.0923854 -0.933376 -0.088665 0.347774 0.353849 -0.0653664 0.933016 2.49672 2.72878 0.729229</i>
                        <i>-0.0621859 0.993201 0.0984084 -0.931079 -0.0932426 0.352701 0.359479 -0.0696929 0.930547 2.48837 2.72992 0.732427</i>
                        <i>-0.0771879 0.989074 0.125601 -0.924986 -0.118054 0.361197 0.372078 -0.088299 0.923992 2.47722 2.73142 0.741809</i>
                        <i>-0.101462 0.979697 0.172917 -0.913244 -0.160661 0.374398 0.394578 -0.119928 0.911003 2.46003 2.73379 0.762953</i>
                        <i>-0.124242 0.964473 0.233144 -0.895016 -0.21037 0.393308 0.428382 -0.159802 0.889355 2.43556 2.73703 0.79822</i>
                        <i>-0.142394 0.943024 0.300716 -0.870205 -0.264043 0.415963 0.471665 -0.202454 0.858222 2.40608 2.74037 0.843666</i>
                        <i>-0.153495 0.916216 0.370118 -0.839316 -0.318568 0.440527 0.521525 -0.243027 0.817893 2.37381 2.74322 0.89534</i>
                        <i>-0.156416 0.88612 0.436263 -0.803715 -0.370926 0.465248 0.574087 -0.277859 0.770207 2.34098 2.74527 0.949329</i>
                        <i>-0.151693 0.855601 0.494909 -0.765773 -0.418316 0.48847 0.624964 -0.304891 0.718652 2.3097 2.74643 1.00179</i>
                        <i>-0.141537 0.827747 0.542958 -0.72884 -0.458294 0.508684 0.669896 -0.323732 0.66816 2.282 2.74684 1.04896</i>
                        <i>-0.129444 0.805336 0.578513 -0.697029 -0.488857 0.524566 0.705262 -0.335339 0.624622 2.25986 2.74677 1.08717</i>
                        <i>-0.119497 0.790596 0.600565 -0.674828 -0.508366 0.53495 0.728236 -0.341353 0.594264 2.24517 2.74653 1.11276</i>
                        <i>-0.115502 0.785309 0.608234 -0.666569 -0.515263 0.538692 0.73644 -0.34321 0.582977 2.23984 2.7464 1.12211</i>
                        <i>-0.116706 0.784176 0.609465 -0.666071 -0.516993 0.53765 0.736702 -0.3432 0.582653 2.2396 2.74636 1.12278</i>
                        <i>-0.119927 0.781118 0.612758 -0.664719 -0.521622 0.534845 0.737405 -0.34317 0.581781 2.23893 2.74626 1.12459</i>
                        <i>-0.124577 0.77664 0.617504 -0.662724 -0.528301 0.530749 0.738429 -0.343116 0.580512 2.23797 2.7461 1.1272</i>
                        <i>-0.130067 0.771253 0.623099 -0.6603 -0.536186 0.525842 0.739653 -0.343037 0.578998 2.23683 2.74592 1.1303</i>
                        <i>-0.135817 0.765493 0.628947 -0.657679 -0.544441 0.520618 0.740953 -0.342936 0.577393 2.23563 2.74572 1.13357</i>
                        <i>-0.141257 0.759932 0.634468 -0.655122 -0.552247 0.515595 0.7422 -0.342822 0.575857 2.2345 2.74554 1.13667</i>
                        <i>-0.145826 0.755176 0.639096 -0.652916 -0.5588 0.511316 0.74326 -0.342712 0.574554 2.23354 2.74539 1.13929</i>
                        <i>-0.148971 0.751856 0.642277 -0.651365 -0.56331 0.508337 0.743997 -0.342629 0.573649 2.23287 2.74528 1.1411</i>
                        <i>-0.150143 0.75061 0.643461 -0.65078 -0.564989 0.50722 0.744273 -0.342596 0.573311 2.23262 2.74524 1.14178</i>
                        <i>-0.137905 0.760431 0.634608 -0.67786 -0.539625 0.499311 0.722142 -0.361318 0.589882 2.24137 2.74539 1.12819</i>
                        <i>-0.109607 0.784519 0.610341 -0.740869 -0.473839 0.476015 0.662646 -0.400008 0.633162 2.26443 2.74513 1.09123</i>
                        <i>-0.0766364 0.815636 0.573467 -0.812317 -0.38459 0.438442 0.578159 -0.432237 0.692029 2.29708 2.74334 1.03655</i>
                        <i>-0.04869 0.848523 0.526914 -0.871096 -0.294186 0.393252 0.488693 -0.439845 0.753469 2.33436 2.73947 0.970025</i>
                        <i>-0.0357327 0.879235 0.475046 -0.906645 -0.228475 0.354674 0.420378 -0.418025 0.805318 2.3711 2.73395 0.8977</i>
                        <i>-0.0434325 0.918645 0.39269 -0.921901 -0.188317 0.338577 0.384982 -0.347316 0.855079 2.40267 2.72843 0.823997</i>
                        <i>-0.0587825 0.959084 0.276951 -0.926773 -0.155533 0.341907 0.370993 -0.236573 0.897996 2.42829 2.75584 0.753249</i>
                        <i>-0.0718755 0.98283 0.16994 -0.924431 -0.129618 0.358646 0.374515 -0.13132 0.917874 2.44737 2.78632 0.69083</i>
                        <i>-0.0810027 0.989727 0.117805 -0.915087 -0.120692 0.384772 0.395038 -0.0766344 0.915463 2.45642 2.81607 0.64268</i>
