<?xml version="1.0" encoding="ISO-8859-1" ?>
<Animl Version="1">
    <ModellingPackage><![CDATA[Maya.2010]]></ModellingPackage>
    <SrcFile><![CDATA[anims\turrets\special\blue\~src\flamelube\flamelube_fire_crewmana.mb]]></SrcFile>
    <FramesPerSecond>30</FramesPerSecond>
    <TotalFrames>61</TotalFrames>
    <Skeleton>
        <RefFrame>
            <Name><![CDATA[soldier_ref_frame]]></Name>
            <Exclude>0</Exclude>
            <Additive>0</Additive>
            <IKPriority>0</IKPriority>
            <IKRotLimits>-1e+010 -1e+010 -1e+010 1e+010 1e+010 1e+010</IKRotLimits>
            <IKRotLimitOrder>0</IKRotLimitOrder>
            <KeyFrames count="61">
                <i>1 0 0 0 1 0 0 0 1 0.2 0.9 -1.6</i>
                <i>1 0 0 0 1 0 0 0 1 0.2 0.9 -1.6</i>
                <i>1 0 0 0 1 0 0 0 1 0.2 0.9 -1.6</i>
                <i>1 0 0 0 1 0 0 0 1 0.2 0.9 -1.6</i>
                <i>1 0 0 0 1 0 0 0 1 0.2 0.9 -1.6</i>
                <i>1 0 0 0 1 0 0 0 1 0.2 0.9 -1.6</i>
                <i>1 0 0 0 1 0 0 0 1 0.2 0.9 -1.6</i>
                <i>1 0 0 0 1 0 0 0 1 0.2 0.9 -1.6</i>
                <i>1 0 0 0 1 0 0 0 1 0.2 0.9 -1.6</i>
                <i>1 0 0 0 1 0 0 0 1 0.2 0.9 -1.6</i>
                <i>1 0 0 0 1 0 0 0 1 0.2 0.9 -1.6</i>
                <i>1 0 0 0 1 0 0 0 1 0.2 0.9 -1.6</i>
                <i>1 0 0 0 1 0 0 0 1 0.2 0.9 -1.6</i>
                <i>1 0 0 0 1 0 0 0 1 0.2 0.9 -1.6</i>
                <i>1 0 0 0 1 0 0 0 1 0.2 0.9 -1.6</i>
                <i>1 0 0 0 1 0 0 0 1 0.2 0.9 -1.6</i>
                <i>1 0 0 0 1 0 0 0 1 0.2 0.9 -1.6</i>
                <i>1 0 0 0 1 0 0 0 1 0.2 0.9 -1.6</i>
                <i>1 0 0 0 1 0 0 0 1 0.2 0.9 -1.6</i>
                <i>1 0 0 0 1 0 0 0 1 0.2 0.9 -1.6</i>
                <i>1 0 0 0 1 0 0 0 1 0.2 0.9 -1.6</i>
                <i>1 0 0 0 1 0 0 0 1 0.2 0.9 -1.6</i>
                <i>1 0 0 0 1 0 0 0 1 0.2 0.9 -1.6</i>
                <i>1 0 0 0 1 0 0 0 1 0.2 0.9 -1.6</i>
                <i>1 0 0 0 1 0 0 0 1 0.2 0.9 -1.6</i>
                <i>1 0 0 0 1 0 0 0 1 0.2 0.9 -1.6</i>
                <i>1 0 0 0 1 0 0 0 1 0.2 0.9 -1.6</i>
                <i>1 0 0 0 1 0 0 0 1 0.2 0.9 -1.6</i>
                <i>1 0 0 0 1 0 0 0 1 0.2 0.9 -1.6</i>
                <i>1 0 0 0 1 0 0 0 1 0.2 0.9 -1.6</i>
                <i>1 0 0 0 1 0 0 0 1 0.2 0.9 -1.6</i>
                <i>1 0 0 0 1 0 0 0 1 0.2 0.9 -1.6</i>
                <i>1 0 0 0 1 0 0 0 1 0.2 0.9 -1.6</i>
                <i>1 0 0 0 1 0 0 0 1 0.2 0.9 -1.6</i>
                <i>1 0 0 0 1 0 0 0 1 0.2 0.9 -1.6</i>
                <i>1 0 0 0 1 0 0 0 1 0.2 0.9 -1.6</i>
                <i>1 0 0 0 1 0 0 0 1 0.2 0.9 -1.6</i>
                <i>1 0 0 0 1 0 0 0 1 0.2 0.9 -1.6</i>
                <i>1 0 0 0 1 0 0 0 1 0.2 0.9 -1.6</i>
                <i>1 0 0 0 1 0 0 0 1 0.2 0.9 -1.6</i>
                <i>1 0 0 0 1 0 0 0 1 0.2 0.9 -1.6</i>
                <i>1 0 0 0 1 0 0 0 1 0.2 0.9 -1.6</i>
                <i>1 0 0 0 1 0 0 0 1 0.2 0.9 -1.6</i>
                <i>1 0 0 0 1 0 0 0 1 0.2 0.9 -1.6</i>
                <i>1 0 0 0 1 0 0 0 1 0.2 0.9 -1.6</i>
                <i>1 0 0 0 1 0 0 0 1 0.2 0.9 -1.6</i>
                <i>1 0 0 0 1 0 0 0 1 0.2 0.9 -1.6</i>
                <i>1 0 0 0 1 0 0 0 1 0.2 0.9 -1.6</i>
                <i>1 0 0 0 1 0 0 0 1 0.2 0.9 -1.6</i>
                <i>1 0 0 0 1 0 0 0 1 0.2 0.9 -1.6</i>
                <i>1 0 0 0 1 0 0 0 1 0.2 0.9 -1.6</i>
                <i>1 0 0 0 1 0 0 0 1 0.2 0.9 -1.6</i>
                <i>1 0 0 0 1 0 0 0 1 0.2 0.9 -1.6</i>
                <i>1 0 0 0 1 0 0 0 1 0.2 0.9 -1.6</i>
                <i>1 0 0 0 1 0 0 0 1 0.2 0.9 -1.6</i>
                <i>1 0 0 0 1 0 0 0 1 0.2 0.9 -1.6</i>
                <i>1 0 0 0 1 0 0 0 1 0.2 0.9 -1.6</i>
                <i>1 0 0 0 1 0 0 0 1 0.2 0.9 -1.6</i>
                <i>1 0 0 0 1 0 0 0 1 0.2 0.9 -1.6</i>
                <i>1 0 0 0 1 0 0 0 1 0.2 0.9 -1.6</i>
                <i>1 0 0 0 1 0 0 0 1 0.2 0.9 -1.6</i>
            </KeyFrames>
        </RefFrame>
        <Bones count="23">
            <i>
                <p>
                    <Name><![CDATA[pelvis]]></Name>
                    <Exclude>0</Exclude>
                    <Additive>0</Additive>
                    <IKPriority>0</IKPriority>
                    <IKRotLimits>-1e+010 -1e+010 -1e+010 1e+010 1e+010 1e+010</IKRotLimits>
                    <IKRotLimitOrder>2</IKRotLimitOrder>
                    <KeyFrames count="61">
                        <i>1 0 0 0 1 0 0 0 1 0.122731 1.88532 -1.39078</i>
                        <i>1 0 0 0 1 0 0 0 1 0.122008 1.88479 -1.3906</i>
                        <i>1 0 0 0 1 0 0 0 1 0.121231 1.88422 -1.39043</i>
                        <i>1 0 0 0 1 0 0 0 1 0.120408 1.88361 -1.39026</i>
                        <i>1 0 0 0 1 0 0 0 1 0.119548 1.88296 -1.39009</i>
                        <i>1 0 0 0 1 0 0 0 1 0.11866 1.88231 -1.38993</i>
                        <i>1 0 0 0 1 0 0 0 1 0.117751 1.88164 -1.38977</i>
                        <i>1 0 0 0 1 0 0 0 1 0.116831 1.88098 -1.38961</i>
                        <i>1 0 0 0 1 0 0 0 1 0.115908 1.88033 -1.38946</i>
                        <i>1 0 0 0 1 0 0 0 1 0.114991 1.87971 -1.38932</i>
                        <i>1 0 0 0 1 0 0 0 1 0.114088 1.87912 -1.38918</i>
                        <i>1 0 0 0 1 0 0 0 1 0.113208 1.87857 -1.38904</i>
                        <i>1 0 0 0 1 0 0 0 1 0.11236 1.87809 -1.38891</i>
                        <i>1 0 0 0 1 0 0 0 1 0.111551 1.87766 -1.38878</i>
                        <i>1 0 0 0 1 0 0 0 1 0.110792 1.87732 -1.38865</i>
                        <i>1 0 0 0 1 0 0 0 1 0.110089 1.87705 -1.38853</i>
                        <i>1 0 0 0 1 0 0 0 1 0.109452 1.87689 -1.38841</i>
                        <i>1 0 0 0 1 0 0 0 1 0.10889 1.87683 -1.38829</i>
                        <i>1 0 0 0 1 0 0 0 1 0.108411 1.87689 -1.3882</i>
                        <i>1 0 0 0 1 0 0 0 1 0.108023 1.87706 -1.38814</i>
                        <i>1 0 0 0 1 0 0 0 1 0.107735 1.87734 -1.38813</i>
                        <i>1 0 0 0 1 0 0 0 1 0.107556 1.87771 -1.38818</i>
                        <i>1 0 0 0 1 0 0 0 1 0.107495 1.87817 -1.38829</i>
                        <i>1 0 0 0 1 0 0 0 1 0.107544 1.87871 -1.38846</i>
                        <i>1 0 0 0 1 0 0 0 1 0.107686 1.87932 -1.38863</i>
                        <i>1 0 0 0 1 0 0 0 1 0.107916 1.88 -1.38883</i>
                        <i>1 0 0 0 1 0 0 0 1 0.108227 1.88073 -1.38903</i>
                        <i>1 0 0 0 1 0 0 0 1 0.108612 1.8815 -1.38924</i>
                        <i>1 0 0 0 1 0 0 0 1 0.109067 1.88232 -1.38946</i>
                        <i>1 0 0 0 1 0 0 0 1 0.109584 1.88317 -1.38969</i>
                        <i>1 0 0 0 1 0 0 0 1 0.110157 1.88404 -1.38992</i>
                        <i>1 0 0 0 1 0 0 0 1 0.11078 1.88493 -1.39015</i>
                        <i>1 0 0 0 1 0 0 0 1 0.111448 1.88582 -1.39038</i>
                        <i>1 0 0 0 1 0 0 0 1 0.112153 1.88672 -1.39061</i>
                        <i>1 0 0 0 1 0 0 0 1 0.112889 1.8876 -1.39084</i>
                        <i>1 0 0 0 1 0 0 0 1 0.113651 1.88847 -1.39106</i>
                        <i>1 0 0 0 1 0 0 0 1 0.114431 1.88931 -1.39128</i>
                        <i>1 0 0 0 1 0 0 0 1 0.115225 1.89012 -1.39149</i>
                        <i>1 0 0 0 1 0 0 0 1 0.116025 1.89089 -1.39169</i>
                        <i>1 0 0 0 1 0 0 0 1 0.116825 1.8916 -1.39187</i>
                        <i>1 0 0 0 1 0 0 0 1 0.11762 1.89226 -1.39205</i>
                        <i>1 0 0 0 1 0 0 0 1 0.118402 1.89286 -1.3922</i>
                        <i>1 0 0 0 1 0 0 0 1 0.119167 1.89337 -1.39234</i>
                        <i>1 0 0 0 1 0 0 0 1 0.119907 1.89381 -1.39246</i>
                        <i>1 0 0 0 1 0 0 0 1 0.120616 1.89416 -1.39257</i>
                        <i>1 0 0 0 1 0 0 0 1 0.121289 1.89441 -1.39264</i>
                        <i>1 0 0 0 1 0 0 0 1 0.121918 1.89449 -1.39269</i>
                        <i>1 0 0 0 1 0 0 0 1 0.122498 1.89437 -1.39269</i>
                        <i>1 0 0 0 1 0 0 0 1 0.123023 1.89407 -1.39266</i>
                        <i>1 0 0 0 1 0 0 0 1 0.123486 1.89361 -1.3926</i>
                        <i>1 0 0 0 1 0 0 0 1 0.123881 1.89302 -1.39251</i>
                        <i>1 0 0 0 1 0 0 0 1 0.124202 1.89232 -1.39239</i>
                        <i>1 0 0 0 1 0 0 0 1 0.124442 1.89153 -1.39225</i>
                        <i>1 0 0 0 1 0 0 0 1 0.124596 1.89069 -1.3921</i>
                        <i>1 0 0 0 1 0 0 0 1 0.124658 1.88982 -1.39193</i>
                        <i>1 0 0 0 1 0 0 0 1 0.12462 1.88894 -1.39174</i>
                        <i>1 0 0 0 1 0 0 0 1 0.124477 1.88808 -1.39155</i>
                        <i>1 0 0 0 1 0 0 0 1 0.124223 1.88727 -1.39136</i>
                        <i>1 0 0 0 1 0 0 0 1 0.123852 1.88652 -1.39116</i>
                        <i>1 0 0 0 1 0 0 0 1 0.123356 1.88586 -1.39097</i>
                        <i>1 0 0 0 1 0 0 0 1 0.122731 1.88532 -1.39078</i>
                    </KeyFrames>
                </p>
            </i>
            <i>
                <p>
                    <Name><![CDATA[spine0]]></Name>
                    <Exclude>0</Exclude>
                    <Additive>0</Additive>
                    <IKPriority>0</IKPriority>
                    <IKRotLimits>-1e+010 -1e+010 -1e+010 1e+010 1e+010 1e+010</IKRotLimits>
                    <IKRotLimitOrder>0</IKRotLimitOrder>
                    <KeyFrames count="61">
                        <i>0.0624385 0.982681 0.17447 -0.689687 0.16884 -0.704148 -0.721411 -0.0763639 0.688284 0.167194 2.01169 -1.44323</i>
                        <i>0.0632005 0.982754 0.173781 -0.690293 0.168804 -0.703563 -0.720765 -0.0754946 0.689057 0.166705 2.01124 -1.44265</i>
                        <i>0.0639069 0.982827 0.17311 -0.690968 0.168737 -0.702916 -0.720055 -0.0746925 0.689885 0.166188 2.01076 -1.44203</i>
                        <i>0.0645636 0.982895 0.172476 -0.691691 0.16866 -0.702223 -0.719302 -0.0739622 0.690749 0.165645 2.01024 -1.44138</i>
                        <i>0.0651765 0.982956 0.171898 -0.692443 0.16859 -0.701499 -0.718523 -0.0733079 0.691629 0.165079 2.00969 -1.44072</i>
                        <i>0.0657509 0.983007 0.171391 -0.693203 0.168547 -0.700758 -0.717737 -0.0727335 0.692505 0.164493 2.00913 -1.44004</i>
                        <i>0.0662918 0.983043 0.170973 -0.693954 0.168545 -0.700014 -0.716961 -0.072242 0.69336 0.163888 2.00856 -1.43936</i>
                        <i>0.0668041 0.983063 0.170656 -0.694678 0.1686 -0.699283 -0.716212 -0.0718361 0.694176 0.163269 2.00798 -1.4387</i>
                        <i>0.0672923 0.983065 0.170455 -0.695357 0.168725 -0.698578 -0.715507 -0.071518 0.694935 0.162637 2.00742 -1.43805</i>
                        <i>0.0677606 0.983046 0.17038 -0.695974 0.168934 -0.697912 -0.714862 -0.0712893 0.695622 0.161996 2.00687 -1.43744</i>
                        <i>0.068213 0.983004 0.170443 -0.696514 0.169238 -0.697299 -0.714293 -0.0711513 0.69622 0.161347 2.00635 -1.43687</i>
                        <i>0.0686537 0.982936 0.170655 -0.696961 0.169648 -0.696753 -0.713815 -0.0711052 0.696715 0.160693 2.00587 -1.43635</i>
                        <i>0.069056 0.982854 0.170965 -0.697313 0.170111 -0.696288 -0.713432 -0.0711334 0.697104 0.160037 2.00543 -1.43589</i>
                        <i>0.069382 0.982773 0.171301 -0.697576 0.170549 -0.695917 -0.713144 -0.0712116 0.697392 0.159382 2.00504 -1.4355</i>
                        <i>0.0696182 0.982697 0.171641 -0.697741 0.170936 -0.695657 -0.712959 -0.0713305 0.697568 0.158729 2.00472 -1.43519</i>
                        <i>0.0697513 0.982631 0.171961 -0.697801 0.171249 -0.695519 -0.712887 -0.0714811 0.697626 0.158082 2.00447 -1.43497</i>
                        <i>0.0697681 0.982581 0.17224 -0.697748 0.171464 -0.69552 -0.712938 -0.0716549 0.697556 0.157444 2.00431 -1.43486</i>
                        <i>0.0696608 0.98255 0.172463 -0.697576 0.171565 -0.695667 -0.713116 -0.0718455 0.697355 0.156818 2.00424 -1.43485</i>
                        <i>0.0694373 0.982536 0.172633 -0.697298 0.171558 -0.695948 -0.71341 -0.0720516 0.697033 0.156221 2.00427 -1.43495</i>
                        <i>0.0691074 0.982538 0.172753 -0.696923 0.171453 -0.696349 -0.713808 -0.0722725 0.696602 0.155665 2.0044 -1.43518</i>
                        <i>0.0686813 0.982554 0.172829 -0.696464 0.171259 -0.696856 -0.714298 -0.072508 0.696076 0.155166 2.00462 -1.43553</i>
                        <i>0.0681689 0.982584 0.172866 -0.695931 0.170985 -0.697456 -0.714866 -0.0727578 0.695466 0.154739 2.00492 -1.436</i>
                        <i>0.0675803 0.982624 0.172868 -0.695336 0.170641 -0.698133 -0.7155 -0.0730215 0.694786 0.154397 2.00531 -1.43659</i>
                        <i>0.0669254 0.982673 0.172841 -0.694691 0.170236 -0.698873 -0.716188 -0.0732986 0.694048 0.154142 2.00576 -1.43727</i>
                        <i>0.0662142 0.982731 0.172787 -0.694008 0.169778 -0.699663 -0.716916 -0.0735878 0.693265 0.153961 2.00628 -1.43799</i>
                        <i>0.0654563 0.982796 0.172709 -0.693299 0.169274 -0.700487 -0.717671 -0.0738878 0.692451 0.153856 2.00685 -1.43876</i>
                        <i>0.0646613 0.982866 0.17261 -0.692578 0.168731 -0.701331 -0.718439 -0.0741966 0.691621 0.153825 2.00748 -1.43954</i>
                        <i>0.0638386 0.982941 0.172489 -0.691858 0.168154 -0.70218 -0.719206 -0.0745118 0.69079 0.153868 2.00814 -1.44033</i>
                        <i>0.0629973 0.98302 0.172348 -0.691153 0.167549 -0.703018 -0.719958 -0.0748302 0.689972 0.153987 2.00885 -1.44113</i>
                        <i>0.0621465 0.983103 0.172183 -0.690478 0.166919 -0.703831 -0.720678 -0.0751483 0.689185 0.154179 2.00959 -1.4419</i>
                        <i>0.0613224 0.983178 0.172051 -0.689835 0.166328 -0.704601 -0.721365 -0.075479 0.68843 0.154446 2.01035 -1.44265</i>
                        <i>0.0605623 0.983232 0.172007 -0.689224 0.16584 -0.705314 -0.722013 -0.0758356 0.687711 0.154787 2.01113 -1.44337</i>
                        <i>0.059877 0.983266 0.172052 -0.688659 0.165464 -0.705953 -0.722608 -0.0762148 0.687043 0.155201 2.01193 -1.44403</i>
                        <i>0.0592768 0.983279 0.172188 -0.688157 0.165205 -0.706504 -0.723136 -0.076613 0.686443 0.155689 2.01274 -1.44463</i>
                        <i>0.058772 0.98327 0.172415 -0.687732 0.16507 -0.706949 -0.723582 -0.0770263 0.685927 0.15625 2.01356 -1.44516</i>
                        <i>0.0583398 0.983244 0.172706 -0.68736 0.165024 -0.707321 -0.72397 -0.0774461 0.68547 0.156866 2.01437 -1.44563</i>
                        <i>0.0579504 0.98321 0.173029 -0.687009 0.165029 -0.707661 -0.724334 -0.0778637 0.685038 0.157513 2.01516 -1.44608</i>
                        <i>0.0576042 0.983169 0.173379 -0.686681 0.165081 -0.707967 -0.724673 -0.0782745 0.684633 0.158187 2.01592 -1.44649</i>
                        <i>0.0573015 0.983121 0.173749 -0.686378 0.165174 -0.708239 -0.724984 -0.0786743 0.684258 0.158881 2.01664 -1.44687</i>
                        <i>0.0570427 0.983069 0.174132 -0.686101 0.165304 -0.708477 -0.725266 -0.0790587 0.683914 0.159588 2.01732 -1.44721</i>
                        <i>0.056828 0.983012 0.174522 -0.685854 0.165466 -0.708679 -0.725517 -0.0794235 0.683606 0.160304 2.01795 -1.44752</i>
                        <i>0.0566579 0.982953 0.174911 -0.685637 0.165656 -0.708844 -0.725735 -0.0797642 0.683335 0.161023 2.01851 -1.44779</i>
                        <i>0.0565327 0.982891 0.175295 -0.685453 0.165868 -0.708972 -0.725919 -0.0800767 0.683103 0.161737 2.01901 -1.44801</i>
                        <i>0.0564527 0.98283 0.175667 -0.685304 0.166098 -0.709062 -0.726065 -0.0803567 0.682914 0.162442 2.01944 -1.44819</i>
                        <i>0.0564183 0.982769 0.176019 -0.685192 0.166341 -0.709114 -0.726174 -0.0806 0.68277 0.163131 2.01977 -1.44833</i>
                        <i>0.0564299 0.982709 0.176347 -0.685118 0.166594 -0.709126 -0.726243 -0.0808026 0.682673 0.163799 2.02002 -1.44841</i>
                        <i>0.056488 0.982653 0.176643 -0.685085 0.166851 -0.709097 -0.726269 -0.0809601 0.682626 0.164439 2.02011 -1.44844</i>
                        <i>0.0565929 0.9826 0.176902 -0.685094 0.167108 -0.709028 -0.726253 -0.0810688 0.682631 0.165046 2.02 -1.4484</i>
                        <i>0.056745 0.982552 0.177118 -0.685147 0.167361 -0.708917 -0.726191 -0.0811246 0.68269 0.165613 2.01972 -1.4483</i>
                        <i>0.0569449 0.982511 0.177285 -0.685245 0.167606 -0.708764 -0.726083 -0.0811236 0.682805 0.166135 2.01928 -1.44813</i>
                        <i>0.0571929 0.982476 0.177398 -0.685391 0.167839 -0.708569 -0.725926 -0.081062 0.682979 0.166606 2.01872 -1.44791</i>
                        <i>0.0574896 0.982449 0.177451 -0.685585 0.168057 -0.708329 -0.725719 -0.0809361 0.683214 0.16702 2.01806 -1.44764</i>
                        <i>0.0578354 0.982431 0.177439 -0.685829 0.168256 -0.708046 -0.725461 -0.0807425 0.68351 0.16737 2.01732 -1.44731</i>
                        <i>0.058231 0.982422 0.177357 -0.686123 0.168433 -0.707718 -0.725151 -0.0804775 0.683871 0.167652 2.01653 -1.44694</i>
                        <i>0.0586767 0.982424 0.1772 -0.68647 0.168585 -0.707346 -0.724787 -0.0801378 0.684297 0.167858 2.01572 -1.44652</i>
                        <i>0.0591733 0.982437 0.176965 -0.68687 0.168709 -0.706928 -0.724368 -0.0797204 0.684789 0.167984 2.0149 -1.44606</i>
                        <i>0.0597212 0.982461 0.176646 -0.687324 0.168802 -0.706465 -0.723892 -0.0792219 0.68535 0.168023 2.01411 -1.44556</i>
                        <i>0.060321 0.982497 0.17624 -0.687832 0.168864 -0.705955 -0.723359 -0.0786397 0.685979 0.167969 2.01337 -1.44502</i>
                        <i>0.0609735 0.982546 0.175744 -0.688395 0.168892 -0.705399 -0.722769 -0.0779709 0.686677 0.167817 2.0127 -1.44445</i>
                        <i>0.0616791 0.982607 0.175155 -0.689013 0.168884 -0.704797 -0.722119 -0.0772131 0.687446 0.167561 2.01214 -1.44385</i>
                        <i>0.0624385 0.982681 0.17447 -0.689687 0.16884 -0.704148 -0.721411 -0.0763639 0.688284 0.167194 2.01169 -1.44323</i>
                    </KeyFrames>
                </p>
            </i>
            <i>
                <p>
                    <Name><![CDATA[spine1]]></Name>
                    <Exclude>0</Exclude>
                    <Additive>0</Additive>
                    <IKPriority>0</IKPriority>
                    <IKRotLimits>-1e+010 -1e+010 -1e+010 1e+010 1e+010 1e+010</IKRotLimits>
                    <IKRotLimitOrder>0</IKRotLimitOrder>
                    <KeyFrames count="61">
                        <i>-0.0817033 0.814479 0.574412 -0.511857 0.460234 -0.725387 -0.855177 -0.353283 0.379294 0.178904 2.19496 -1.41075</i>
                        <i>-0.0818826 0.817068 0.570698 -0.513275 0.456271 -0.726887 -0.854309 -0.352444 0.38202 0.178544 2.19433 -1.41033</i>
                        <i>-0.0825027 0.819778 0.566707 -0.514903 0.451804 -0.728524 -0.853269 -0.351905 0.384831 0.178144 2.19366 -1.40988</i>
                        <i>-0.0834883 0.822548 0.562535 -0.516681 0.446968 -0.730247 -0.852098 -0.351618 0.387678 0.177709 2.19294 -1.40939</i>
                        <i>-0.0847639 0.825315 0.558274 -0.51855 0.441899 -0.732005 -0.850836 -0.351541 0.39051 0.177241 2.19218 -1.40886</i>
                        <i>-0.0862531 0.82802 0.554025 -0.520452 0.436736 -0.733752 -0.849524 -0.351632 0.393274 0.176746 2.19141 -1.40832</i>
                        <i>-0.0878785 0.830602 0.549888 -0.522331 0.431624 -0.735439 -0.848202 -0.351853 0.395919 0.176227 2.19064 -1.40776</i>
                        <i>-0.0895621 0.833006 0.545967 -0.524135 0.426705 -0.737024 -0.846913 -0.35217 0.398391 0.175688 2.18987 -1.40718</i>
                        <i>-0.0912248 0.835174 0.542367 -0.525812 0.422129 -0.738464 -0.845695 -0.352549 0.400636 0.175133 2.18912 -1.40661</i>
                        <i>-0.0927871 0.837053 0.539197 -0.527311 0.418045 -0.739717 -0.844591 -0.35296 0.402598 0.174565 2.1884 -1.40604</i>
                        <i>-0.0941686 0.838587 0.536566 -0.528583 0.414605 -0.740744 -0.843642 -0.353375 0.404221 0.173989 2.18773 -1.40548</i>
                        <i>-0.095289 0.839725 0.534586 -0.529582 0.411962 -0.741505 -0.842889 -0.353765 0.405448 0.173408 2.18711 -1.40493</i>
                        <i>-0.0961618 0.840499 0.533212 -0.530324 0.410066 -0.742026 -0.842324 -0.35413 0.406304 0.172819 2.18656 -1.40443</i>
                        <i>-0.0968368 0.840976 0.532337 -0.530847 0.408786 -0.742358 -0.841917 -0.354477 0.406844 0.172219 2.18609 -1.40399</i>
                        <i>-0.0972888 0.84115 0.531979 -0.53114 0.408154 -0.742497 -0.84168 -0.354791 0.407059 0.171606 2.18572 -1.40363</i>
                        <i>-0.0974922 0.841016 0.532154 -0.531187 0.408202 -0.742436 -0.841627 -0.355055 0.40694 0.170983 2.18544 -1.40336</i>
                        <i>-0.0974221 0.840565 0.532878 -0.530975 0.40896 -0.742171 -0.841769 -0.355249 0.406477 0.170349 2.18529 -1.40319</i>
                        <i>-0.0970688 0.839802 0.534145 -0.530499 0.41043 -0.741699 -0.842109 -0.355359 0.405674 0.169707 2.18526 -1.40313</i>
                        <i>-0.0964644 0.838756 0.535895 -0.529784 0.412535 -0.741042 -0.842629 -0.355393 0.404565 0.169074 2.18536 -1.40319</i>
                        <i>-0.095647 0.837461 0.538061 -0.528859 0.415185 -0.740223 -0.843303 -0.355359 0.403188 0.168466 2.1856 -1.40337</i>
                        <i>-0.094655 0.835954 0.540575 -0.527752 0.418292 -0.739263 -0.844108 -0.355265 0.401583 0.167898 2.18595 -1.40369</i>
                        <i>-0.0935267 0.834268 0.543369 -0.526493 0.421766 -0.738186 -0.84502 -0.35512 0.39979 0.167387 2.18641 -1.40412</i>
                        <i>-0.0923004 0.832439 0.546374 -0.52511 0.425519 -0.737016 -0.846014 -0.354934 0.397847 0.166949 2.18697 -1.40469</i>
                        <i>-0.0910139 0.830505 0.549526 -0.523634 0.429463 -0.735778 -0.847068 -0.354717 0.395794 0.166586 2.18761 -1.40534</i>
                        <i>-0.089705 0.8285 0.552757 -0.522097 0.43351 -0.734496 -0.848156 -0.354481 0.393669 0.166287 2.18833 -1.40605</i>
                        <i>-0.088411 0.826463 0.556006 -0.520529 0.437576 -0.733196 -0.849254 -0.35424 0.391512 0.166055 2.18912 -1.40679</i>
                        <i>-0.0871688 0.824431 0.559209 -0.518965 0.441577 -0.731905 -0.850339 -0.354009 0.389359 0.165892 2.18996 -1.40755</i>
                        <i>-0.0860149 0.822443 0.562307 -0.517437 0.445432 -0.73065 -0.851387 -0.353805 0.387249 0.165797 2.19085 -1.40833</i>
                        <i>-0.0849855 0.820536 0.565242 -0.51598 0.44906 -0.729459 -0.852374 -0.353647 0.385217 0.165773 2.19177 -1.40912</i>
                        <i>-0.0841162 0.818749 0.567957 -0.514629 0.452382 -0.728359 -0.853277 -0.353554 0.383299 0.16582 2.19272 -1.40989</i>
                        <i>-0.083362 0.817038 0.570526 -0.513358 0.455496 -0.727315 -0.854116 -0.353515 0.381462 0.165946 2.19368 -1.41064</i>
                        <i>-0.0826743 0.815354 0.57303 -0.512138 0.458503 -0.726285 -0.854915 -0.353516 0.379667 0.166157 2.19465 -1.41133</i>
                        <i>-0.0820827 0.813726 0.575423 -0.510998 0.461341 -0.72529 -0.855654 -0.353574 0.377944 0.166454 2.19563 -1.41195</i>
                        <i>-0.0816167 0.812186 0.577662 -0.509966 0.463946 -0.724354 -0.856314 -0.353707 0.376322 0.16684 2.19659 -1.4125</i>
                        <i>-0.0813056 0.810763 0.579701 -0.509074 0.466255 -0.723499 -0.856874 -0.353935 0.374829 0.167315 2.19753 -1.41297</i>
                        <i>-0.0810864 0.809422 0.581602 -0.508273 0.468368 -0.722696 -0.85737 -0.354214 0.373429 0.167857 2.19845 -1.41337</i>
                        <i>-0.080877 0.808115 0.583446 -0.507502 0.470415 -0.721908 -0.857846 -0.354486 0.372074 0.168438 2.19934 -1.41373</i>
                        <i>-0.0806785 0.806851 0.58522 -0.506766 0.472381 -0.721141 -0.8583 -0.35475 0.370774 0.169053 2.20019 -1.41406</i>
                        <i>-0.0804921 0.805642 0.586909 -0.506069 0.474251 -0.720403 -0.858729 -0.355003 0.369537 0.169696 2.201 -1.41436</i>
                        <i>-0.0803188 0.804497 0.5885 -0.505418 0.47601 -0.719699 -0.859128 -0.355244 0.368375 0.170361 2.20175 -1.41461</i>
                        <i>-0.0801598 0.803428 0.589981 -0.504817 0.477644 -0.719038 -0.859496 -0.35547 0.367297 0.171041 2.20244 -1.41483</i>
                        <i>-0.0800161 0.802446 0.591336 -0.504273 0.479137 -0.718426 -0.859829 -0.35568 0.366313 0.171732 2.20306 -1.41502</i>
                        <i>-0.0798887 0.80156 0.592554 -0.50379 0.480476 -0.717871 -0.860124 -0.355872 0.365433 0.172426 2.2036 -1.41516</i>
                        <i>-0.0797789 0.800781 0.59362 -0.503375 0.481644 -0.717379 -0.860377 -0.356045 0.364668 0.173119 2.20406 -1.41526</i>
                        <i>-0.0796875 0.800122 0.594521 -0.503032 0.482628 -0.716958 -0.860586 -0.356195 0.364027 0.173804 2.20442 -1.41532</i>
                        <i>-0.0796157 0.799592 0.595243 -0.502768 0.483412 -0.716616 -0.860747 -0.356323 0.363522 0.174475 2.20468 -1.41535</i>
                        <i>-0.0795647 0.799203 0.595772 -0.502587 0.48398 -0.716358 -0.860857 -0.356424 0.363161 0.175127 2.20477 -1.41531</i>
                        <i>-0.0795355 0.798965 0.596095 -0.502496 0.484318 -0.716194 -0.860913 -0.356498 0.362956 0.175753 2.20465 -1.41523</i>
                        <i>-0.0795292 0.798889 0.596197 -0.502501 0.48441 -0.716128 -0.860911 -0.356543 0.362918 0.176348 2.20434 -1.41508</i>
                        <i>-0.0795471 0.798987 0.596063 -0.502606 0.48424 -0.71617 -0.860848 -0.356554 0.363056 0.176906 2.20386 -1.4149</i>
                        <i>-0.0795902 0.79927 0.595679 -0.502817 0.483792 -0.716325 -0.860721 -0.35653 0.363381 0.17742 2.20325 -1.41466</i>
                        <i>-0.0796598 0.799747 0.595029 -0.503139 0.48305 -0.716599 -0.860526 -0.356467 0.363904 0.177886 2.20253 -1.41439</i>
                        <i>-0.0797571 0.800429 0.594097 -0.503578 0.481996 -0.717 -0.86026 -0.35636 0.364636 0.178297 2.20171 -1.41408</i>
                        <i>-0.0798836 0.801328 0.592868 -0.504139 0.480615 -0.717533 -0.85992 -0.356207 0.365587 0.178647 2.20083 -1.41373</i>
                        <i>-0.0800404 0.802453 0.591323 -0.504826 0.478888 -0.718204 -0.859502 -0.356001 0.366769 0.17893 2.19992 -1.41336</i>
                        <i>-0.080229 0.803813 0.589447 -0.505645 0.476797 -0.719019 -0.859003 -0.355737 0.368191 0.179141 2.19898 -1.41297</i>
                        <i>-0.0804508 0.80542 0.587219 -0.5066 0.474325 -0.719981 -0.85842 -0.355408 0.369866 0.179274 2.19806 -1.41255</i>
                        <i>-0.0807075 0.807281 0.584623 -0.507695 0.471452 -0.721096 -0.857748 -0.355008 0.371803 0.179322 2.19717 -1.41212</i>
                        <i>-0.0810007 0.809406 0.581636 -0.508934 0.468159 -0.722367 -0.856986 -0.354526 0.374013 0.17928 2.19634 -1.41167</i>
                        <i>-0.081332 0.811803 0.57824 -0.51032 0.464427 -0.723796 -0.85613 -0.353955 0.376507 0.179143 2.19559 -1.41122</i>
                        <i>-0.0817033 0.814479 0.574412 -0.511857 0.460234 -0.725387 -0.855177 -0.353283 0.379294 0.178904 2.19496 -1.41075</i>
                    </KeyFrames>
                </p>
            </i>
            <i>
                <p>
                    <Name><![CDATA[spine2]]></Name>
                    <Exclude>0</Exclude>
                    <Additive>0</Additive>
                    <IKPriority>0</IKPriority>
                    <IKRotLimits>-1e+010 -1e+010 -1e+010 1e+010 1e+010 1e+010</IKRotLimits>
                    <IKRotLimitOrder>0</IKRotLimitOrder>
                    <KeyFrames count="61">
                        <i>-0.243586 0.752466 0.611932 -0.431126 0.481169 -0.763287 -0.86879 -0.449746 0.207202 0.164542 2.33455 -1.31229</i>
                        <i>-0.243225 0.755395 0.608457 -0.431031 0.477783 -0.765464 -0.868938 -0.448444 0.209389 0.164169 2.33423 -1.31261</i>
                        <i>-0.243358 0.75835 0.604717 -0.43103 0.473962 -0.767837 -0.868901 -0.447511 0.211529 0.163682 2.33386 -1.31294</i>
                        <i>-0.243903 0.761278 0.600806 -0.431104 0.46983 -0.770331 -0.868712 -0.446896 0.213597 0.163097 2.33345 -1.31328</i>
                        <i>-0.244778 0.764125 0.596823 -0.43123 0.465517 -0.772874 -0.868403 -0.446551 0.215565 0.162432 2.33301 -1.3136</i>
                        <i>-0.2459 0.766837 0.592869 -0.43139 0.461154 -0.775397 -0.868007 -0.446428 0.217408 0.161703 2.33253 -1.31389</i>
                        <i>-0.247186 0.769363 0.58905 -0.431565 0.456875 -0.777829 -0.867555 -0.446481 0.219097 0.160927 2.33203 -1.31414</i>
                        <i>-0.24855 0.771652 0.585471 -0.431736 0.45282 -0.780102 -0.86708 -0.446663 0.220601 0.160121 2.33152 -1.31434</i>
                        <i>-0.249907 0.773653 0.582243 -0.431886 0.449129 -0.782149 -0.866615 -0.446927 0.22189 0.159301 2.331 -1.31447</i>
                        <i>-0.25117 0.775318 0.579478 -0.432001 0.445946 -0.783905 -0.866192 -0.447229 0.22293 0.158485 2.33047 -1.31452</i>
                        <i>-0.252254 0.776598 0.57729 -0.432064 0.443418 -0.785303 -0.865845 -0.447522 0.223687 0.157689 2.32994 -1.31448</i>
                        <i>-0.253072 0.777444 0.575791 -0.432062 0.441689 -0.786278 -0.865608 -0.447762 0.224125 0.156929 2.32942 -1.31434</i>
                        <i>-0.253659 0.777912 0.5749 -0.432014 0.440659 -0.786882 -0.86546 -0.447964 0.224292 0.156202 2.32893 -1.31411</i>
                        <i>-0.254098 0.778097 0.574456 -0.431954 0.440126 -0.787213 -0.865361 -0.448168 0.224267 0.155494 2.32849 -1.31386</i>
                        <i>-0.254376 0.778006 0.574456 -0.431886 0.440089 -0.787272 -0.865314 -0.448362 0.224062 0.15481 2.32811 -1.31358</i>
                        <i>-0.254477 0.777649 0.574894 -0.431814 0.440543 -0.787057 -0.86532 -0.448535 0.223692 0.154154 2.3278 -1.31328</i>
                        <i>-0.254385 0.777035 0.575765 -0.431744 0.441485 -0.786568 -0.865382 -0.448674 0.223173 0.153529 2.32758 -1.31298</i>
                        <i>-0.254099 0.776176 0.577048 -0.431678 0.442893 -0.785812 -0.865499 -0.448773 0.22252 0.152943 2.32746 -1.31268</i>
                        <i>-0.253644 0.7751 0.578692 -0.431619 0.444706 -0.78482 -0.865662 -0.448839 0.221751 0.152404 2.32745 -1.31241</i>
                        <i>-0.253052 0.773836 0.58064 -0.431569 0.446857 -0.783624 -0.86586 -0.448884 0.220885 0.151923 2.32754 -1.31217</i>
                        <i>-0.252356 0.772413 0.582834 -0.43153 0.449279 -0.78226 -0.866082 -0.448918 0.219941 0.15151 2.32774 -1.31199</i>
                        <i>-0.251586 0.77086 0.585217 -0.431505 0.451903 -0.78076 -0.866319 -0.448952 0.218938 0.151176 2.32803 -1.31188</i>
                        <i>-0.250774 0.769208 0.587734 -0.431497 0.454664 -0.779161 -0.866558 -0.448998 0.217893 0.15093 2.3284 -1.31185</i>
                        <i>-0.249951 0.767488 0.590328 -0.431507 0.457495 -0.777496 -0.866791 -0.449067 0.216825 0.150767 2.32886 -1.31188</i>
                        <i>-0.24915 0.765728 0.592946 -0.43154 0.460333 -0.775801 -0.867005 -0.44917 0.21575 0.150673 2.32939 -1.31193</i>
                        <i>-0.2484 0.763961 0.595535 -0.431598 0.463115 -0.774111 -0.867191 -0.44932 0.214686 0.150643 2.32998 -1.31201</i>
                        <i>-0.247732 0.762215 0.598044 -0.431684 0.46578 -0.772463 -0.867339 -0.44953 0.213647 0.150671 2.33063 -1.31212</i>
                        <i>-0.247178 0.760523 0.600423 -0.431802 0.468268 -0.77089 -0.867439 -0.449811 0.21265 0.150754 2.33134 -1.31227</i>
                        <i>-0.246766 0.758913 0.602626 -0.431955 0.470524 -0.76943 -0.86748 -0.450177 0.211707 0.150887 2.33209 -1.31244</i>
                        <i>-0.246527 0.757414 0.604606 -0.432147 0.472491 -0.768115 -0.867452 -0.45064 0.210833 0.151066 2.33288 -1.31265</i>
                        <i>-0.246386 0.755962 0.606478 -0.432347 0.47432 -0.766874 -0.867393 -0.451156 0.209972 0.151304 2.3337 -1.31285</i>
                        <i>-0.246265 0.754483 0.608366 -0.432522 0.476174 -0.765626 -0.86734 -0.451679 0.209066 0.151616 2.33451 -1.31302</i>
                        <i>-0.246185 0.752998 0.610235 -0.432673 0.478013 -0.764394 -0.867287 -0.452215 0.208122 0.152 2.33533 -1.31314</i>
                        <i>-0.246168 0.751526 0.612054 -0.432798 0.479798 -0.763204 -0.86723 -0.452772 0.207148 0.152452 2.33614 -1.31323</i>
                        <i>-0.246236 0.750087 0.613789 -0.432898 0.481492 -0.76208 -0.86716 -0.453359 0.20615 0.152969 2.33694 -1.31327</i>
                        <i>-0.246343 0.748675 0.615468 -0.432975 0.483132 -0.760997 -0.867092 -0.453948 0.205141 0.153539 2.33771 -1.31328</i>
                        <i>-0.246426 0.747278 0.61713 -0.433032 0.484772 -0.759921 -0.867039 -0.454501 0.204135 0.154147 2.33845 -1.31327</i>
                        <i>-0.246488 0.74591 0.618759 -0.433071 0.486393 -0.758862 -0.867002 -0.455017 0.203142 0.154787 2.33916 -1.31324</i>
                        <i>-0.246529 0.744581 0.62034 -0.433092 0.487981 -0.757829 -0.86698 -0.455492 0.202171 0.155454 2.33983 -1.31319</i>
                        <i>-0.24655 0.743307 0.621858 -0.433096 0.48952 -0.756834 -0.866972 -0.455922 0.201232 0.156141 2.34044 -1.31313</i>
                        <i>-0.246552 0.742099 0.623298 -0.433084 0.490992 -0.755887 -0.866978 -0.456306 0.200336 0.156842 2.34101 -1.31305</i>
                        <i>-0.246535 0.740971 0.624645 -0.433057 0.492383 -0.754997 -0.866996 -0.45664 0.199493 0.157552 2.34151 -1.31297</i>
                        <i>-0.2465 0.739936 0.625885 -0.433015 0.493677 -0.754176 -0.867027 -0.456922 0.198712 0.158263 2.34194 -1.31287</i>
                        <i>-0.246447 0.739007 0.627002 -0.432959 0.494857 -0.753434 -0.86707 -0.457148 0.198004 0.158971 2.34229 -1.31276</i>
                        <i>-0.246378 0.738198 0.627982 -0.432892 0.495908 -0.752781 -0.867123 -0.457317 0.197379 0.159668 2.34257 -1.31265</i>
                        <i>-0.246293 0.737521 0.62881 -0.432813 0.496814 -0.75223 -0.867187 -0.457426 0.196847 0.16035 2.34275 -1.31253</i>
                        <i>-0.246193 0.736991 0.629471 -0.432723 0.497558 -0.751789 -0.86726 -0.457472 0.196418 0.161009 2.34278 -1.31241</i>
                        <i>-0.246078 0.736621 0.629949 -0.432625 0.498124 -0.751471 -0.867342 -0.457452 0.196103 0.161641 2.34262 -1.31226</i>
                        <i>-0.245949 0.736424 0.630229 -0.432519 0.498496 -0.751285 -0.867431 -0.457364 0.195912 0.162238 2.34228 -1.31211</i>
                        <i>-0.245807 0.736414 0.630296 -0.432405 0.498657 -0.751244 -0.867528 -0.457204 0.195856 0.162795 2.3418 -1.31196</i>
                        <i>-0.245652 0.736605 0.630133 -0.432287 0.498589 -0.751357 -0.867631 -0.456971 0.195945 0.163306 2.34121 -1.31182</i>
                        <i>-0.245485 0.73701 0.629724 -0.432165 0.498274 -0.751636 -0.867739 -0.45666 0.196191 0.163765 2.34052 -1.31169</i>
                        <i>-0.245308 0.737643 0.629052 -0.43204 0.497696 -0.752091 -0.867851 -0.456269 0.196602 0.164165 2.33977 -1.31158</i>
                        <i>-0.245119 0.738517 0.6281 -0.431913 0.496835 -0.752733 -0.867967 -0.455794 0.197191 0.164501 2.33898 -1.3115</i>
                        <i>-0.244921 0.739645 0.626848 -0.431787 0.495671 -0.753571 -0.868086 -0.455231 0.197969 0.164767 2.33818 -1.31146</i>
                        <i>-0.244715 0.741041 0.625279 -0.431663 0.494186 -0.754617 -0.868206 -0.454576 0.198945 0.164956 2.33739 -1.31145</i>
                        <i>-0.244501 0.742717 0.623371 -0.431542 0.492357 -0.755881 -0.868326 -0.453824 0.200132 0.165063 2.33664 -1.31149</i>
                        <i>-0.24428 0.744685 0.621105 -0.431427 0.490164 -0.75737 -0.868446 -0.452971 0.20154 0.165081 2.33596 -1.31159</i>
                        <i>-0.244053 0.746958 0.618459 -0.431318 0.487585 -0.759096 -0.868564 -0.452012 0.20318 0.165004 2.33536 -1.31175</i>
                        <i>-0.243821 0.749548 0.615409 -0.431217 0.484594 -0.761065 -0.868679 -0.450939 0.205063 0.164827 2.33489 -1.31198</i>
                        <i>-0.243586 0.752466 0.611932 -0.431126 0.481169 -0.763287 -0.86879 -0.449746 0.207202 0.164542 2.33455 -1.31229</i>
                    </KeyFrames>
                </p>
            </i>
            <i>
                <p>
                    <Name><![CDATA[head]]></Name>
                    <Exclude>0</Exclude>
                    <Additive>0</Additive>
                    <IKPriority>0</IKPriority>
                    <IKRotLimits>-1e+010 -1e+010 -1e+010 1e+010 1e+010 1e+010</IKRotLimits>
                    <IKRotLimitOrder>0</IKRotLimitOrder>
                    <KeyFrames count="61">
                        <i>0.0658398 0.971867 0.226142 -0.271673 0.235532 -0.933123 -0.960135 1.74007e-008 0.279537 0.105493 2.54611 -1.16437</i>
                        <i>0.0657843 0.971862 0.22618 -0.271419 0.235552 -0.933192 -0.960211 -7.47035e-009 0.279277 0.105364 2.54643 -1.16565</i>
                        <i>0.0657578 0.971878 0.226117 -0.271392 0.235485 -0.933217 -0.96022 -3.40884e-008 0.279245 0.105001 2.54671 -1.16701</i>
                        <i>0.0657557 0.971914 0.225962 -0.271566 0.235335 -0.933204 -0.960171 2.58836e-009 0.279413 0.104438 2.54693 -1.1684</i>
                        <i>0.0657739 0.971969 0.225723 -0.271915 0.235111 -0.933159 -0.960071 3.56633e-009 0.279756 0.103711 2.54709 -1.16978</i>
                        <i>0.0658079 0.972039 0.225411 -0.272411 0.234821 -0.933087 -0.959928 2.8034e-008 0.280248 0.102857 2.54718 -1.17112</i>
                        <i>0.0658539 0.972123 0.225034 -0.273031 0.234472 -0.932994 -0.959749 -2.52191e-008 0.28086 0.101912 2.5472 -1.17237</i>
                        <i>0.0659078 0.972219 0.224604 -0.273746 0.234074 -0.932884 -0.959541 1.83855e-008 0.281568 0.100912 2.54715 -1.17349</i>
                        <i>0.0659659 0.972324 0.224129 -0.274532 0.233635 -0.932763 -0.959313 -2.22385e-008 0.282346 0.099894 2.54702 -1.17445</i>
                        <i>0.0660246 0.972437 0.22362 -0.275364 0.233164 -0.932636 -0.95907 4.66742e-009 0.283168 0.0988936 2.54681 -1.17518</i>
                        <i>0.0660807 0.972556 0.223089 -0.276216 0.23267 -0.932507 -0.958821 2.53022e-008 0.284011 0.0979478 2.54652 -1.17567</i>
                        <i>0.0661306 0.972677 0.222544 -0.277065 0.232161 -0.932382 -0.958573 -8.73884e-009 0.284848 0.0970929 2.54613 -1.17586</i>
                        <i>0.0661804 0.972797 0.222004 -0.27791 0.231658 -0.932256 -0.958325 1.65418e-008 0.285681 0.0963118 2.5457 -1.17581</i>
                        <i>0.0662398 0.97291 0.221492 -0.278762 0.231185 -0.932119 -0.958073 -1.65622e-008 0.286524 0.0955664 2.54525 -1.17561</i>
                        <i>0.0663107 0.973012 0.221022 -0.279609 0.230755 -0.931972 -0.957821 1.5071e-008 0.287365 0.094862 2.54482 -1.17528</i>
                        <i>0.0663952 0.9731 0.220608 -0.280442 0.230383 -0.931813 -0.957572 2.18492e-008 0.288195 0.0942038 2.5444 -1.17483</i>
                        <i>0.066495 0.973171 0.220265 -0.28125 0.230083 -0.931644 -0.957328 -3.43772e-008 0.289004 0.0935971 2.54403 -1.17428</i>
                        <i>0.0666125 0.973221 0.220007 -0.282023 0.229871 -0.931463 -0.957093 -6.2218e-009 0.289783 0.0930472 2.54372 -1.17363</i>
                        <i>0.0667472 0.973249 0.219845 -0.282744 0.229754 -0.931273 -0.95687 -3.84534e-009 0.290516 0.0925593 2.54349 -1.17293</i>
                        <i>0.066894 0.973255 0.219774 -0.283399 0.229729 -0.93108 -0.956666 1.68068e-008 0.291187 0.0921386 2.54333 -1.1722</i>
