<?xml version="1.0" encoding="ISO-8859-1" ?>
<Animl Version="1">
    <ModellingPackage><![CDATA[Maya.2010]]></ModellingPackage>
    <SrcFile><![CDATA[anims\vehicles\blue\~src\air\helicopter_uh1iroquois\helicopter_uh1iroquois_exit_crewman_b.mb]]></SrcFile>
    <FramesPerSecond>30</FramesPerSecond>
    <TotalFrames>68</TotalFrames>
    <Skeleton>
        <RefFrame>
            <Name><![CDATA[soldier_ref_frame]]></Name>
            <Exclude>0</Exclude>
            <Additive>0</Additive>
            <IKPriority>0</IKPriority>
            <IKRotLimits>-1e+010 -1e+010 -1e+010 1e+010 1e+010 1e+010</IKRotLimits>
            <IKRotLimitOrder>0</IKRotLimitOrder>
            <KeyFrames count="68">
                <i>1 0 0 0 1 0 0 0 1 -2.77 0 0.18</i>
                <i>1 0 0 0 1 0 0 0 1 -2.77 0 0.18</i>
                <i>1 0 0 0 1 0 0 0 1 -2.77 0 0.18</i>
                <i>1 0 0 0 1 0 0 0 1 -2.77 0 0.18</i>
                <i>1 0 0 0 1 0 0 0 1 -2.77 0 0.18</i>
                <i>1 0 0 0 1 0 0 0 1 -2.77 0 0.18</i>
                <i>1 0 0 0 1 0 0 0 1 -2.77 0 0.18</i>
                <i>1 0 0 0 1 0 0 0 1 -2.77 0 0.18</i>
                <i>1 0 0 0 1 0 0 0 1 -2.77 0 0.18</i>
                <i>1 0 0 0 1 0 0 0 1 -2.77 0 0.18</i>
                <i>1 0 0 0 1 0 0 0 1 -2.77 0 0.18</i>
                <i>1 0 0 0 1 0 0 0 1 -2.77 0 0.18</i>
                <i>1 0 0 0 1 0 0 0 1 -2.77 0 0.18</i>
                <i>1 0 0 0 1 0 0 0 1 -2.77 0 0.18</i>
                <i>1 0 0 0 1 0 0 0 1 -2.77 0 0.18</i>
                <i>1 0 0 0 1 0 0 0 1 -2.77 0 0.18</i>
                <i>1 0 0 0 1 0 0 0 1 -2.77 0 0.18</i>
                <i>1 0 0 0 1 0 0 0 1 -2.77 0 0.18</i>
                <i>1 0 0 0 1 0 0 0 1 -2.77 0 0.18</i>
                <i>1 0 0 0 1 0 0 0 1 -2.77 0 0.18</i>
                <i>1 0 0 0 1 0 0 0 1 -2.77 0 0.18</i>
                <i>1 0 0 0 1 0 0 0 1 -2.77 0 0.18</i>
                <i>1 0 0 0 1 0 0 0 1 -2.77 0 0.18</i>
                <i>1 0 0 0 1 0 0 0 1 -2.77 0 0.18</i>
                <i>1 0 0 0 1 0 0 0 1 -2.77 0 0.18</i>
                <i>1 0 0 0 1 0 0 0 1 -2.77 0 0.18</i>
                <i>1 0 0 0 1 0 0 0 1 -2.77 0 0.18</i>
                <i>1 0 0 0 1 0 0 0 1 -2.77 0 0.18</i>
                <i>1 0 0 0 1 0 0 0 1 -2.77 0 0.18</i>
                <i>1 0 0 0 1 0 0 0 1 -2.77 0 0.18</i>
                <i>1 0 0 0 1 0 0 0 1 -2.77 0 0.18</i>
                <i>1 0 0 0 1 0 0 0 1 -2.77 0 0.18</i>
                <i>1 0 0 0 1 0 0 0 1 -2.77 0 0.18</i>
                <i>1 0 0 0 1 0 0 0 1 -2.77 0 0.18</i>
                <i>1 0 0 0 1 0 0 0 1 -2.77 0 0.18</i>
                <i>1 0 0 0 1 0 0 0 1 -2.77 0 0.18</i>
                <i>1 0 0 0 1 0 0 0 1 -2.77 0 0.18</i>
                <i>1 0 0 0 1 0 0 0 1 -2.77 0 0.18</i>
                <i>1 0 0 0 1 0 0 0 1 -2.77 0 0.18</i>
                <i>1 0 0 0 1 0 0 0 1 -2.77 0 0.18</i>
                <i>1 0 0 0 1 0 0 0 1 -2.77 0 0.18</i>
                <i>1 0 0 0 1 0 0 0 1 -2.77 0 0.18</i>
                <i>1 0 0 0 1 0 0 0 1 -2.77 0 0.18</i>
                <i>1 0 0 0 1 0 0 0 1 -2.77 0 0.18</i>
                <i>1 0 0 0 1 0 0 0 1 -2.77 0 0.18</i>
                <i>1 0 0 0 1 0 0 0 1 -2.77 0 0.18</i>
                <i>1 0 0 0 1 0 0 0 1 -2.77 0 0.18</i>
                <i>1 0 0 0 1 0 0 0 1 -2.77 0 0.18</i>
                <i>1 0 0 0 1 0 0 0 1 -2.77 0 0.18</i>
                <i>1 0 0 0 1 0 0 0 1 -2.77 0 0.18</i>
                <i>1 0 0 0 1 0 0 0 1 -2.77 0 0.18</i>
                <i>1 0 0 0 1 0 0 0 1 -2.77 0 0.18</i>
                <i>1 0 0 0 1 0 0 0 1 -2.77 0 0.18</i>
                <i>1 0 0 0 1 0 0 0 1 -2.77 0 0.18</i>
                <i>1 0 0 0 1 0 0 0 1 -2.77 0 0.18</i>
                <i>1 0 0 0 1 0 0 0 1 -2.77 0 0.18</i>
                <i>1 0 0 0 1 0 0 0 1 -2.77 0 0.18</i>
                <i>1 0 0 0 1 0 0 0 1 -2.77 0 0.18</i>
                <i>1 0 0 0 1 0 0 0 1 -2.77 0 0.18</i>
                <i>1 0 0 0 1 0 0 0 1 -2.77 0 0.18</i>
                <i>1 0 0 0 1 0 0 0 1 -2.77 0 0.18</i>
                <i>1 0 0 0 1 0 0 0 1 -2.77 0 0.18</i>
                <i>1 0 0 0 1 0 0 0 1 -2.77 0 0.18</i>
                <i>1 0 0 0 1 0 0 0 1 -2.77 0 0.18</i>
                <i>1 0 0 0 1 0 0 0 1 -2.77 0 0.18</i>
                <i>1 0 0 0 1 0 0 0 1 -2.77 0 0.18</i>
                <i>1 0 0 0 1 0 0 0 1 -2.77 0 0.18</i>
                <i>1 0 0 0 1 0 0 0 1 -2.77 0 0.18</i>
            </KeyFrames>
        </RefFrame>
        <Bones count="23">
            <i>
                <p>
                    <Name><![CDATA[pelvis]]></Name>
                    <Exclude>0</Exclude>
                    <Additive>0</Additive>
                    <IKPriority>0</IKPriority>
                    <IKRotLimits>-1e+010 -1e+010 -1e+010 1e+010 1e+010 1e+010</IKRotLimits>
                    <IKRotLimitOrder>2</IKRotLimitOrder>
                    <KeyFrames count="68">
                        <i>1 0 0 0 1 0 0 0 1 -0.791966 1.54792 2.54264</i>
                        <i>1 0 0 0 1 0 0 0 1 -0.800192 1.55587 2.5427</i>
                        <i>1 0 0 0 1 0 0 0 1 -0.803932 1.56584 2.54273</i>
                        <i>1 0 0 0 1 0 0 0 1 -0.798697 1.57988 2.54269</i>
                        <i>1 0 0 0 1 0 0 0 1 -0.78 1.6 2.54255</i>
                        <i>1 0 0 0 1 0 0 0 1 -0.748179 1.62736 2.54756</i>
                        <i>1 0 0 0 1 0 0 0 1 -0.70763 1.66041 2.5595</i>
                        <i>1 0 0 0 1 0 0 0 1 -0.659953 1.69711 2.57313</i>
                        <i>1 0 0 0 1 0 0 0 1 -0.606751 1.73544 2.58323</i>
                        <i>1 0 0 0 1 0 0 0 1 -0.549624 1.77339 2.58456</i>
                        <i>1 0 0 0 1 0 0 0 1 -0.490173 1.80891 2.5719</i>
                        <i>1 0 0 0 1 0 0 0 1 -0.43 1.84 2.54</i>
                        <i>1 0 0 0 1 0 0 0 1 -0.340035 1.86826 2.45063</i>
                        <i>1 0 0 0 1 0 0 0 1 -0.234515 1.89489 2.29454</i>
                        <i>1 0 0 0 1 0 0 0 1 -0.18 1.91721 2.11</i>
                        <i>1 0 0 0 1 0 0 0 1 -0.286231 1.93256 1.8135</i>
                        <i>1 0 0 0 1 0 0 0 1 -0.395875 1.93827 1.61</i>
                        <i>1 0 0 0 1 0 0 0 1 -0.437662 1.9421 1.59667</i>
                        <i>1 0 0 0 1 0 0 0 1 -0.54213 1.95168 1.56333</i>
                        <i>1 0 0 0 1 0 0 0 1 -0.677938 1.96414 1.52</i>
                        <i>1 0 0 0 1 0 0 0 1 -0.813746 1.97659 1.47667</i>
                        <i>1 0 0 0 1 0 0 0 1 -0.918213 1.98617 1.44333</i>
                        <i>1 0 0 0 1 0 0 0 1 -0.96 1.99 1.43</i>
                        <i>1 0 0 0 1 0 0 0 1 -0.994842 1.99289 1.42391</i>
                        <i>1 0 0 0 1 0 0 0 1 -1.08112 1.99687 1.40625</i>
                        <i>1 0 0 0 1 0 0 0 1 -1.19146 1.99492 1.37797</i>
                        <i>1 0 0 0 1 0 0 0 1 -1.29849 1.98 1.34</i>
                        <i>1 0 0 0 1 0 0 0 1 -1.39895 1.94719 1.28125</i>
                        <i>1 0 0 0 1 0 0 0 1 -1.5061 1.90125 1.205</i>
                        <i>1 0 0 0 1 0 0 0 1 -1.61732 1.84969 1.13375</i>
                        <i>1 0 0 0 1 0 0 0 1 -1.73 1.8 1.09</i>
                        <i>1 0 0 0 1 0 0 0 1 -1.84593 1.74724 1.08828</i>
                        <i>1 0 0 0 1 0 0 0 1 -1.96568 1.68973 1.11375</i>
                        <i>1 0 0 0 1 0 0 0 1 -2.08479 1.63985 1.14484</i>
                        <i>1 0 0 0 1 0 0 0 1 -2.19882 1.61 1.16</i>
                        <i>1 0 0 0 1 0 0 0 1 -2.31169 1.63977 1.14309</i>
                        <i>1 0 0 0 1 0 0 0 1 -2.41815 1.69779 1.11062</i>
                        <i>1 0 0 0 1 0 0 0 1 -2.5 1.69 1.09</i>
                        <i>1 0 0 0 1 0 0 0 1 -2.56407 1.60784 1.08762</i>
                        <i>1 0 0 0 1 0 0 0 1 -2.62641 1.5034 1.09025</i>
                        <i>1 0 0 0 1 0 0 0 1 -2.6826 1.37353 1.09583</i>
                        <i>1 0 0 0 1 0 0 0 1 -2.72821 1.2151 1.10235</i>
                        <i>1 0 0 0 1 0 0 0 1 -2.75881 1.02497 1.10775</i>
                        <i>1 0 0 0 1 0 0 0 1 -2.77 0.8 1.11</i>
                        <i>1 0 0 0 1 0 0 0 1 -2.77 0.877898 1.11332</i>
                        <i>1 0 0 0 1 0 0 0 1 -2.77 0.934881 1.12189</i>
                        <i>1 0 0 0 1 0 0 0 1 -2.77 0.974204 1.13362</i>
                        <i>1 0 0 0 1 0 0 0 1 -2.77 0.999122 1.14638</i>
                        <i>1 0 0 0 1 0 0 0 1 -2.77 1.01289 1.15811</i>
                        <i>1 0 0 0 1 0 0 0 1 -2.77 1.01877 1.16668</i>
                        <i>1 0 0 0 1 0 0 0 1 -2.77 1.02 1.17</i>
                        <i>1 0 0 0 1 0 0 0 1 -2.76514 1.01679 1.15718</i>
                        <i>1 0 0 0 1 0 0 0 1 -2.75217 1.01143 1.11997</i>
                        <i>1 0 0 0 1 0 0 0 1 -2.73348 1.01036 1.06028</i>
                        <i>1 0 0 0 1 0 0 0 1 -2.71147 1.02 0.98</i>
                        <i>1 0 0 0 1 0 0 0 1 -2.68693 1.05286 0.881411</i>
                        <i>1 0 0 0 1 0 0 0 1 -2.65965 1.10095 0.768674</i>
                        <i>1 0 0 0 1 0 0 0 1 -2.63054 1.14 0.646505</i>
                        <i>1 0 0 0 1 0 0 0 1 -2.60051 1.15889 0.519621</i>
                        <i>1 0 0 0 1 0 0 0 1 -2.57048 1.16873 0.392737</i>
                        <i>1 0 0 0 1 0 0 0 1 -2.54137 1.17858 0.270569</i>
                        <i>1 0 0 0 1 0 0 0 1 -2.54137 1.17858 0.270569</i>
                        <i>1 0 0 0 1 0 0 0 1 -2.54137 1.17858 0.270569</i>
                        <i>1 0 0 0 1 0 0 0 1 -2.54137 1.17858 0.270569</i>
                        <i>1 0 0 0 1 0 0 0 1 -2.54137 1.17858 0.270569</i>
                        <i>1 0 0 0 1 0 0 0 1 -2.54137 1.17858 0.270569</i>
                        <i>1 0 0 0 1 0 0 0 1 -2.54137 1.17858 0.270569</i>
                        <i>1 0 0 0 1 0 0 0 1 -2.54137 1.17858 0.270569</i>
                    </KeyFrames>
                </p>
            </i>
            <i>
                <p>
                    <Name><![CDATA[spine0]]></Name>
                    <Exclude>0</Exclude>
                    <Additive>0</Additive>
                    <IKPriority>0</IKPriority>
                    <IKRotLimits>-1e+010 -1e+010 -1e+010 1e+010 1e+010 1e+010</IKRotLimits>
                    <IKRotLimitOrder>0</IKRotLimitOrder>
                    <KeyFrames count="68">
                        <i>0.00576399 0.992479 -0.122283 -0.999662 0.00881914 0.0244578 0.0253523 0.122101 0.992194 -0.809208 1.66247 2.45733</i>
                        <i>-0.00100448 0.991135 -0.132858 -0.999692 0.00229875 0.0247072 0.0247936 0.132842 0.990827 -0.820805 1.66865 2.4558</i>
                        <i>-0.0065574 0.990048 -0.140578 -0.999594 -0.00259334 0.0283631 0.0277162 0.140706 0.989663 -0.827965 1.67702 2.45465</i>
                        <i>-0.0106199 0.989662 -0.143026 -0.999232 -0.00510863 0.0388453 0.0377131 0.143329 0.988956 -0.82628 1.68995 2.45426</i>
                        <i>-0.0126388 0.990384 -0.137764 -0.998213 -0.00445007 0.0595872 0.0584012 0.138271 0.988671 -0.811294 1.70981 2.45504</i>
                        <i>-0.0112375 0.992079 -0.125114 -0.993595 0.00299069 0.112958 0.112437 0.125582 0.985691 -0.784039 1.73826 2.46324</i>
                        <i>-0.00643153 0.994496 -0.104575 -0.978604 0.0152476 0.205189 0.205654 0.103657 0.973119 -0.74904 1.77373 2.48114</i>
                        <i>0.00138967 0.997456 -0.0712737 -0.949112 0.0237622 0.31404 0.314935 0.0672103 0.946731 -0.707061 1.8137 2.50325</i>
                        <i>0.0120519 0.999609 -0.025232 -0.913359 0.0212753 0.406599 0.406977 0.0181456 0.913258 -0.658662 1.85574 2.52381</i>
                        <i>0.0249948 0.999426 0.0228777 -0.888629 0.0117289 0.458476 0.457944 -0.0317894 0.888412 -0.603515 1.89706 2.5346</i>
                        <i>0.0307825 0.997527 0.0631795 -0.887686 -0.00176988 0.460445 0.459419 -0.0702572 0.885437 -0.542646 1.93481 2.52615</i>
                        <i>0.0167834 0.996373 0.0834256 -0.915414 -0.0182479 0.402099 0.402163 -0.0831176 0.911787 -0.476815 1.96633 2.48955</i>
                        <i>-0.0368859 0.998121 0.0489351 -0.98366 -0.0448993 0.174346 0.176216 -0.0417046 0.983468 -0.367766 1.99113 2.38112</i>
                        <i>-0.0852853 0.994368 -0.0629135 -0.966038 -0.0979833 -0.2391 -0.243918 0.0403851 0.968955 -0.221067 2.01072 2.21029</i>
                        <i>-0.0546258 0.983325 -0.17346 -0.746248 -0.155626 -0.64722 -0.663422 0.0940894 0.742306 -0.121939 2.02846 2.03965</i>
                        <i>-0.00232657 0.978198 -0.20766 -0.435839 -0.187891 -0.880194 -0.900021 0.0884585 0.426774 -0.205644 2.04464 1.77301</i>
                        <i>0.0139639 0.978291 -0.206763 -0.282837 -0.194474 -0.939246 -0.959066 0.0715957 0.273981 -0.311491 2.05195 1.58448</i>
                        <i>-0.0035691 0.980399 -0.196991 -0.247179 -0.191744 -0.949809 -0.968963 0.045302 0.243018 -0.357038 2.05927 1.57504</i>
                        <i>-0.0474508 0.983495 -0.1746 -0.156534 -0.179959 -0.971139 -0.986532 -0.0187504 0.16249 -0.471782 2.07656 1.551</i>
                        <i>-0.104094 0.983146 -0.150292 -0.036842 -0.154821 -0.987255 -0.993885 -0.0972303 0.052337 -0.622504 2.09688 1.51846</i>
                        <i>-0.159433 0.978342 -0.132012 0.0829575 -0.119973 -0.989305 -0.983717 -0.168679 -0.0620333 -0.774483 2.11479 1.4841</i>
                        <i>-0.200467 0.972025 -0.122393 0.173875 -0.0876463 -0.98086 -0.964147 -0.217912 -0.151441 -0.891881 2.12701 1.45621</i>
                        <i>-0.216379 0.968947 -0.119674 0.209712 -0.0735887 -0.97499 -0.95352 -0.236065 -0.187277 -0.938892 2.13155 1.44466</i>
                        <i>-0.231522 0.964639 -0.12597 0.198535 -0.0799123 -0.976831 -0.952356 -0.251168 -0.173013 -0.974732 2.13467 1.43767</i>
                        <i>-0.26541 0.954204 -0.138028 0.168114 -0.0951673 -0.981163 -0.949366 -0.283614 -0.135156 -1.06271 2.13906 1.41813</i>
                        <i>-0.30063 0.942476 -0.146152 0.122806 -0.113712 -0.985895 -0.945801 -0.314338 -0.0815559 -1.17344 2.13729 1.38805</i>
                        <i>-0.319129 0.936731 -0.143844 0.0666337 -0.129227 -0.989374 -0.945366 -0.325323 -0.0211779 -1.27742 2.12202 1.34914</i>
                        <i>-0.310995 0.941268 -0.131515 0.00468797 -0.136856 -0.99058 -0.9504 -0.308682 0.0381489 -1.37061 2.08795 1.2902</i>
                        <i>-0.286151 0.951129 -0.116066 -0.0550595 -0.137253 -0.989005 -0.956601 -0.276614 0.0916437 -1.46863 2.03988 1.21364</i>
                        <i>-0.256451 0.961158 -0.102025 -0.104 -0.132382 -0.985728 -0.960946 -0.24218 0.13391 -1.57144 1.98581 1.14163</i>
                        <i>-0.234887 0.967701 -0.0915596 -0.133805 -0.125488 -0.98303 -0.962769 -0.21865 0.158959 -1.67888 1.9343 1.09686</i>
                        <i>-0.225757 0.970691 -0.0824226 -0.141259 -0.116331 -0.983114 -0.963888 -0.210302 0.163382 -1.79317 1.88094 1.09435</i>
                        <i>-0.222581 0.97225 -0.0720258 -0.132525 -0.103367 -0.985775 -0.965865 -0.20987 0.151855 -1.91331 1.8236 1.11942</i>
                        <i>-0.222559 0.972992 -0.0612777 -0.113868 -0.0883669 -0.989558 -0.968247 -0.213257 0.13046 -2.03416 1.7744 1.15024</i>
                        <i>-0.222853 0.973507 -0.0511829 -0.0912495 -0.0731038 -0.993141 -0.970572 -0.216654 0.105123 -2.1506 1.74545 1.16498</i>
                        <i>-0.220688 0.974414 -0.0426065 -0.0700446 -0.0594044 -0.995773 -0.972826 -0.21677 0.0813622 -2.26596 1.7761 1.1473</i>
                        <i>-0.213357 0.976301 -0.0362736 -0.054936 -0.0490587 -0.997284 -0.975429 -0.210784 0.0641011 -2.37439 1.8348 1.1136</i>
                        <i>-0.198151 0.979616 -0.0329923 -0.0500235 -0.0437229 -0.997791 -0.978894 -0.196063 0.0576676 -2.45716 1.82733 1.09123</i>
                        <i>-0.16761 0.98522 -0.0353298 -0.0571787 -0.0454915 -0.997327 -0.984194 -0.165142 0.0639584 -2.52111 1.74513 1.086</i>
                        <i>-0.122765 0.991452 -0.0441872 -0.0726201 -0.0533789 -0.99593 -0.989775 -0.119057 0.0785524 -2.5828 1.64038 1.08465</i>
                        <i>-0.0730787 0.995663 -0.0575719 -0.0919157 -0.0642044 -0.993695 -0.993082 -0.0673262 0.096209 -2.6381 1.50998 1.08587</i>
                        <i>-0.0273319 0.997003 -0.0723682 -0.110815 -0.074971 -0.991009 -0.993465 -0.0190667 0.112533 -2.68284 1.3509 1.08837</i>
                        <i>0.0061514 0.996404 -0.0845078 -0.125171 -0.0830775 -0.988651 -0.992116 0.0166595 0.12421 -2.71279 1.16022 1.09084</i>
                        <i>0.0191626 0.995801 -0.08952 -0.130874 -0.0862678 -0.987639 -0.991214 0.0306416 0.128671 -2.72372 0.935014 1.09196</i>
                        <i>0.00666283 0.996063 -0.0883942 -0.130869 -0.0867674 -0.987595 -0.991377 0.0181483 0.129776 -2.72372 1.01291 1.09528</i>
                        <i>-0.0256985 0.996012 -0.0854375 -0.130857 -0.088082 -0.987481 -0.991068 -0.0141966 0.132599 -2.72372 1.06989 1.10385</i>
                        <i>-0.0703372 0.994209 -0.0812522 -0.13084 -0.0899453 -0.987315 -0.988905 -0.0588139 0.136409 -2.72372 1.10922 1.11557</i>
                        <i>-0.119665 0.989865 -0.0764692 -0.13082 -0.0920721 -0.987121 -0.984158 -0.10812 0.140512 -2.72372 1.13414 1.12834</i>
                        <i>-0.16575 0.983548 -0.071835 -0.1308 -0.0941249 -0.98693 -0.977455 -0.154188 0.14425 -2.72372 1.1479 1.14006</i>
                        <i>-0.200042 0.977406 -0.0682733 -0.130785 -0.0956955 -0.986781 -0.971019 -0.188469 0.146973 -2.72372 1.15378 1.14863</i>
                        <i>-0.213488 0.974656 -0.0668488 -0.130779 -0.0963219 -0.986721 -0.968153 -0.20191 0.148028 -2.72372 1.15501 1.15196</i>
                        <i>-0.186578 0.979783 -0.0722048 -0.123683 -0.0963361 -0.987634 -0.974624 -0.17534 0.139157 -2.71904 1.15196 1.13989</i>
                        <i>-0.126494 0.988935 -0.0774986 -0.103895 -0.0909045 -0.990425 -0.986512 -0.117231 0.114245 -2.7066 1.14704 1.10479</i>
                        <i>-0.0638534 0.995345 -0.0721945 -0.0736628 -0.0768457 -0.994318 -0.995237 -0.0581725 0.0782268 -2.68884 1.14659 1.04828</i>
                        <i>-0.0263757 0.997841 -0.0601455 -0.0350921 -0.0610536 -0.997517 -0.999036 -0.0241996 0.0366266 -2.66818 1.15696 0.971976</i>
                        <i>-0.015802 0.99868 -0.0488833 0.00978978 -0.0487325 -0.998764 -0.999827 -0.016261 -0.00900679 -2.64544 1.19056 0.877876</i>
                        <i>-0.014983 0.999147 -0.0384768 0.0586856 -0.037536 -0.997571 -0.998164 -0.0172047 -0.0580732 -2.62038 1.23935 0.769858</i>
                        <i>-0.020886 0.999355 -0.0292224 0.109215 -0.0267732 -0.993658 -0.993799 -0.023945 -0.108585 -2.59386 1.27898 0.652379</i>
                        <i>-0.0304566 0.999316 -0.0209903 0.158908 -0.015892 -0.987166 -0.986823 -0.0334012 -0.158315 -2.56665 1.29833 0.529917</i>
                        <i>-0.0405201 0.999087 -0.0135527 0.205317 -0.00494882 -0.978683 -0.977856 -0.0424389 -0.204929 -2.53951 1.3085 0.406993</i>
                        <i>-0.0477608 0.998836 -0.00674167 0.246136 0.00522755 -0.969221 -0.968058 -0.0479501 -0.246099 -2.51314 1.31854 0.288167</i>
                        <i>-0.0477608 0.998836 -0.00674167 0.246136 0.00522755 -0.969221 -0.968058 -0.0479501 -0.246099 -2.51314 1.31854 0.288167</i>
                        <i>-0.0477608 0.998836 -0.00674167 0.246136 0.00522755 -0.969221 -0.968058 -0.0479501 -0.246099 -2.51314 1.31854 0.288167</i>
                        <i>-0.0477608 0.998836 -0.00674167 0.246136 0.00522755 -0.969221 -0.968058 -0.0479501 -0.246099 -2.51314 1.31854 0.288167</i>
                        <i>-0.0477608 0.998836 -0.00674167 0.246136 0.00522755 -0.969221 -0.968058 -0.0479501 -0.246099 -2.51314 1.31854 0.288167</i>
                        <i>-0.0477608 0.998836 -0.00674167 0.246136 0.00522755 -0.969221 -0.968058 -0.0479501 -0.246099 -2.51314 1.31854 0.288167</i>
                        <i>-0.0477608 0.998836 -0.00674167 0.246136 0.00522755 -0.969221 -0.968058 -0.0479501 -0.246099 -2.51314 1.31854 0.288167</i>
                        <i>-0.0477608 0.998836 -0.00674167 0.246136 0.00522755 -0.969221 -0.968058 -0.0479501 -0.246099 -2.51314 1.31854 0.288167</i>
                    </KeyFrames>
                </p>
            </i>
            <i>
                <p>
                    <Name><![CDATA[spine1]]></Name>
                    <Exclude>0</Exclude>
                    <Additive>0</Additive>
                    <IKPriority>0</IKPriority>
                    <IKRotLimits>-1e+010 -1e+010 -1e+010 1e+010 1e+010 1e+010</IKRotLimits>
                    <IKRotLimitOrder>0</IKRotLimitOrder>
                    <KeyFrames count="68">
                        <i>0.102569 0.947914 0.301559 -0.994321 0.106354 0.00388838 -0.028386 -0.300245 0.95344 -0.808147 1.84549 2.4347</i>
                        <i>0.123513 0.950137 0.286329 -0.992299 0.120978 0.0265993 -0.00936654 -0.287409 0.957762 -0.820993 1.85145 2.43122</i>
                        <i>0.144952 0.951035 0.272985 -0.989373 0.136126 0.0511056 0.011443 -0.277492 0.96066 -0.829177 1.85974 2.42863</i>
                        <i>0.167225 0.950071 0.263443 -0.985247 0.151173 0.0802169 0.0363863 -0.27297 0.961334 -0.828245 1.87277 2.42776</i>
                        <i>0.190989 0.946688 0.259432 -0.979253 0.165525 0.116893 0.0677184 -0.276375 0.958661 -0.813636 1.89296 2.42948</i>
                        <i>0.220503 0.941403 0.255223 -0.96768 0.178313 0.178324 0.122365 -0.286295 0.950296 -0.786127 1.92176 2.44001</i>
                        <i>0.256583 0.933478 0.250568 -0.944591 0.187275 0.269586 0.204727 -0.305855 0.929806 -0.750246 1.95757 2.46173</i>
                        <i>0.297039 0.919666 0.256871 -0.907856 0.188637 0.374451 0.295914 -0.344428 0.890957 -0.70683 1.99816 2.48999</i>
                        <i>0.34056 0.899137 0.274904 -0.865245 0.185293 0.465851 0.367926 -0.396509 0.841077 -0.656465 2.04077 2.51906</i>
                        <i>0.374398 0.876023 0.30399 -0.836437 0.177552 0.518506 0.400249 -0.448396 0.799213 -0.598924 2.08215 2.53876</i>
                        <i>0.375111 0.855452 0.357064 -0.841731 0.152978 0.51777 0.388304 -0.494773 0.777444 -0.536983 2.11958 2.53778</i>
                        <i>0.309454 0.843621 0.438795 -0.891462 0.0967713 0.44264 0.330958 -0.528146 0.782003 -0.473737 2.15105 2.50494</i>
                        <i>0.0745074 0.853257 0.51614 -0.985858 -0.014884 0.166919 0.150107 -0.521278 0.840082 -0.374645 2.17684 2.39014</i>
                        <i>-0.299947 0.865619 0.400919 -0.935723 -0.185195 -0.300209 -0.185619 -0.465196 0.865528 -0.237023 2.19703 2.19841</i>
                        <i>-0.524091 0.847756 0.0814685 -0.640464 -0.329265 -0.693823 -0.561368 -0.415805 0.715522 -0.132192 2.21429 2.00679</i>
                        <i>-0.543149 0.817813 -0.190184 -0.286238 -0.39329 -0.873722 -0.789339 -0.420124 0.447705 -0.205984 2.23064 1.73347</i>
                        <i>-0.520862 0.803695 -0.287712 -0.123073 -0.404221 -0.906344 -0.844722 -0.43667 0.309456 -0.308719 2.23836 1.54505</i>
                        <i>-0.523584 0.799311 -0.294894 -0.085517 -0.393688 -0.915258 -0.847671 -0.453996 0.274483 -0.357608 2.24492 1.53771</i>
                        <i>-0.526401 0.790917 -0.312012 0.00781124 -0.362457 -0.931968 -0.8502 -0.493026 0.18462 -0.480537 2.25991 1.51844</i>
                        <i>-0.522217 0.785883 -0.331176 0.126592 -0.312597 -0.941413 -0.843365 -0.533545 0.0637568 -0.641443 2.2764 1.49102</i>
                        <i>-0.510414 0.787732 -0.344899 0.240641 -0.254213 -0.936732 -0.825572 -0.561119 -0.0598069 -0.802946 2.28973 1.4605</i>
                        <i>-0.497182 0.793702 -0.350496 0.324036 -0.204876 -0.923594 -0.804867 -0.572768 -0.155328 -0.92713 2.29806 1.43467</i>
                        <i>-0.491092 0.797123 -0.351318 0.35616 -0.184317 -0.916066 -0.794971 -0.574998 -0.193387 -0.976707 2.30098 1.42374</i>
                        <i>-0.511352 0.782233 -0.355852 0.346542 -0.191229 -0.918335 -0.786402 -0.592911 -0.173291 -1.01529 2.30377 1.41559</i>
                        <i>-0.558915 0.745993 -0.362089 0.319691 -0.209054 -0.924172 -0.765122 -0.63229 -0.121644 -1.10951 2.30744 1.39377</i>
                        <i>-0.614096 0.702637 -0.359427 0.278232 -0.233439 -0.931715 -0.738562 -0.672166 -0.0521422 -1.22696 2.30521 1.36202</i>
                        <i>-0.658733 0.670151 -0.342006 0.223748 -0.259511 -0.939463 -0.718336 -0.695379 0.0210036 -1.33487 2.2908 1.32322</i>
                        <i>-0.682813 0.660724 -0.311785 0.159013 -0.282124 -0.946108 -0.713079 -0.695593 0.0875746 -1.42723 2.25952 1.26623</i>
                        <i>-0.690869 0.668034 -0.276461 0.0923658 -0.297702 -0.95018 -0.717055 -0.681985 0.14397 -1.52125 2.21505 1.19226</i>
                        <i>-0.688842 0.683109 -0.242608 0.0339684 -0.303888 -0.952102 -0.724115 -0.664089 0.186127 -1.61895 2.16419 1.12269</i>
                        <i>-0.684337 0.696657 -0.215295 -0.00526802 -0.299978 -0.953931 -0.729147 -0.651676 0.208956 -1.72254 2.11454 1.07979</i>
                        <i>-0.68252 0.704929 -0.192982 -0.0219047 -0.283656 -0.958676 -0.730539 -0.650088 0.209042 -1.83509 2.06157 1.079</i>
                        <i>-0.681809 0.711229 -0.171143 -0.0234605 -0.255091 -0.966632 -0.731154 -0.655044 0.190609 -1.95446 2.00373 1.10606</i>
                        <i>-0.680286 0.717544 -0.149472 -0.0157443 -0.218192 -0.975779 -0.732778 -0.661455 0.15973 -2.07503 1.95345 1.13895</i>
                        <i>-0.67564 0.726074 -0.12778 -0.00425251 -0.177159 -0.984173 -0.73722 -0.664403 0.122783 -2.19121 1.92315 1.15563</i>
                        <i>-0.665252 0.739046 -0.106069 0.0062269 -0.136568 -0.990611 -0.746593 -0.659667 0.0862505 -2.30584 1.95248 1.13959</i>
                        <i>-0.646192 0.75845 -0.0847896 0.0117658 -0.101187 -0.994798 -0.763084 -0.643828 0.0564626 -2.41266 2.01017 1.10708</i>
                        <i>-0.615137 0.785711 -0.0653025 0.00911845 -0.0757316 -0.997087 -0.788368 -0.61394 0.0394208 -2.4925 2.00222 1.08533</i>
                        <i>-0.555464 0.830085 -0.0491904 -0.00336403 -0.0613985 -0.998108 -0.831534 -0.554247 0.0368971 -2.55083 1.92004 1.07973</i>
                        <i>-0.461462 0.88633 -0.0383755 -0.0217849 -0.0545644 -0.998273 -0.886892 -0.459829 0.044488 -2.60443 1.81532 1.07685</i>
                        <i>-0.349486 0.936294 -0.0348247 -0.0416628 -0.0526615 -0.997743 -0.936015 -0.347246 0.0574131 -2.6509 1.68467 1.07577</i>
                        <i>-0.240751 0.969857 -0.0376233 -0.0594195 -0.0534184 -0.996803 -0.968766 -0.237746 0.070489 -2.6876 1.52504 1.07573</i>
                        <i>-0.15873 0.986386 -0.0429727 -0.0720966 -0.0549882 -0.995881 -0.984686 -0.154978 0.0798433 -2.71171 1.33373 1.07612</i>
                        <i>-0.126483 0.99091 -0.0458104 -0.0769652 -0.0558453 -0.995469 -0.988978 -0.122384 0.0833291 -2.72037 1.10824 1.07638</i>
                        <i>-0.154654 0.98694 -0.0450729 -0.0759853 -0.0573688 -0.995457 -0.985042 -0.150527 0.0838653 -2.72254 1.18631 1.07989</i>
                        <i>-0.226721 0.973017 -0.0428474 -0.0733027 -0.0609153 -0.995448 -0.971197 -0.222548 0.0851355 -2.72818 1.24363 1.08895</i>
                        <i>-0.323253 0.945505 -0.0390836 -0.0693226 -0.0648499 -0.995484 -0.94377 -0.319084 0.0865078 -2.73601 1.28317 1.10135</i>
                        <i>-0.424609 0.904734 -0.0341033 -0.0646742 -0.0678811 -0.995595 -0.903064 -0.420533 0.0873359 -2.74471 1.30799 1.11491</i>
                        <i>-0.512978 0.857918 -0.0288022 -0.0602285 -0.0694427 -0.995766 -0.856286 -0.509072 0.0872937 -2.75291 1.3213 1.1274</i>
                        <i>-0.574182 0.81836 -0.0245302 -0.0569339 -0.0697992 -0.995935 -0.816746 -0.570451 0.0866699 -2.75905 1.32658 1.13656</i>
                        <i>-0.597044 0.801885 -0.0227922 -0.0556582 -0.0697503 -0.996011 -0.800275 -0.593394 0.0862755 -2.76147 1.32752 1.14012</i>
                        <i>-0.550859 0.833522 -0.0423678 -0.0444404 -0.0799864 -0.995805 -0.833414 -0.546665 0.0811034 -2.75192 1.32478 1.12715</i>
                        <i>-0.436597 0.896548 -0.0747367 -0.0196407 -0.0925511 -0.995514 -0.899443 -0.43317 0.0580163 -2.72874 1.32025 1.09121</i>
                        <i>-0.302285 0.949021 -0.0893462 0.00891332 -0.0909129 -0.995819 -0.953176 -0.301818 0.0190227 -2.69994 1.31987 1.03571</i>
                        <i>-0.21255 0.97307 -0.0891994 0.0361898 -0.0833835 -0.99586 -0.97648 -0.214898 -0.017492 -2.67275 1.33018 0.961535</i>
                        <i>-0.178915 0.979638 -0.0911013 0.0613859 -0.0813 -0.994797 -0.981948 -0.183576 -0.0455902 -2.64817 1.36385 0.869394</i>
                        <i>-0.164942 0.981739 -0.094777 0.0860441 -0.081404 -0.99296 -0.982543 -0.171936 -0.0710459 -2.62297 1.41277 0.763181</i>
                        <i>-0.164513 0.981353 -0.099406 0.109504 -0.0819854 -0.990599 -0.980278 -0.173852 -0.0939748 -2.59747 1.45259 0.647304</i>
                        <i>-0.171526 0.979741 -0.103373 0.130909 -0.0813317 -0.988053 -0.976443 -0.183009 -0.114307 -2.57194 1.47213 0.526269</i>
                        <i>-0.179785 0.97807 -0.105152 0.149257 -0.0785335 -0.985675 -0.972317 -0.192904 -0.131865 -2.54655 1.48244 0.404637</i>
                        <i>-0.182929 0.977645 -0.10367 0.163514 -0.0737251 -0.983782 -0.969433 -0.196914 -0.146372 -2.52145 1.49259 0.286997</i>
                        <i>-0.182929 0.977645 -0.10367 0.163514 -0.0737251 -0.983782 -0.969433 -0.196914 -0.146372 -2.52145 1.49259 0.286997</i>
                        <i>-0.182929 0.977645 -0.10367 0.163514 -0.0737251 -0.983782 -0.969433 -0.196914 -0.146372 -2.52145 1.49259 0.286997</i>
                        <i>-0.182929 0.977645 -0.10367 0.163514 -0.0737251 -0.983782 -0.969433 -0.196914 -0.146372 -2.52145 1.49259 0.286997</i>
                        <i>-0.182929 0.977645 -0.10367 0.163514 -0.0737251 -0.983782 -0.969433 -0.196914 -0.146372 -2.52145 1.49259 0.286997</i>
                        <i>-0.182929 0.977645 -0.10367 0.163514 -0.0737251 -0.983782 -0.969433 -0.196914 -0.146372 -2.52145 1.49259 0.286997</i>
                        <i>-0.182929 0.977645 -0.10367 0.163514 -0.0737251 -0.983782 -0.969433 -0.196914 -0.146372 -2.52145 1.49259 0.286997</i>
                        <i>-0.182929 0.977645 -0.10367 0.163514 -0.0737251 -0.983782 -0.969433 -0.196914 -0.146372 -2.52145 1.49259 0.286997</i>
                    </KeyFrames>
                </p>
            </i>
            <i>
                <p>
                    <Name><![CDATA[spine2]]></Name>
                    <Exclude>0</Exclude>
                    <Additive>0</Additive>
                    <IKPriority>0</IKPriority>
                    <IKRotLimits>-1e+010 -1e+010 -1e+010 1e+010 1e+010 1e+010</IKRotLimits>
                    <IKRotLimitOrder>0</IKRotLimitOrder>
                    <KeyFrames count="68">
                        <i>0.0267519 0.837829 0.545277 -0.99918 0.0389939 -0.0108939 -0.0303897 -0.544539 0.838185 -0.790778 2.00608 2.48608</i>
                        <i>0.055065 0.851892 0.520814 -0.998376 0.0393648 0.0411682 0.0145691 -0.522236 0.852677 -0.800038 2.01244 2.48002</i>
                        <i>0.0830118 0.863334 0.497759 -0.994726 0.0415912 0.0937541 0.0602386 -0.502917 0.862233 -0.804541 2.02099 2.4752</i>
                        <i>0.111505 0.87074 0.478935 -0.987992 0.045267 0.147725 0.10695 -0.489656 0.865332 -0.799773 2.03401 2.47276</i>
                        <i>0.141885 0.872798 0.467003 -0.977709 0.0498005 0.203973 0.154771 -0.485533 0.860409 -0.781067 2.05379 2.47384</i>
                        <i>0.182653 0.869071 0.459731 -0.960251 0.0573006 0.273192 0.21108 -0.491357 0.844993 -0.74851 2.08173 2.48366</i>
                        <i>0.236723 0.857456 0.456872 -0.93099 0.0656954 0.359085 0.277885 -0.510347 0.813834 -0.706499 2.1161 2.50454</i>
                        <i>0.298834 0.833149 0.465361 -0.88988 0.0671467 0.451227 0.344692 -0.548957 0.761468 -0.656175 2.15438 2.53388</i>
                        <i>0.361084 0.796285 0.485334 -0.845926 0.0606576 0.52984 0.392464 -0.601873 0.6955 -0.598346 2.19362 2.56604</i>
                        <i>0.404998 0.753724 0.517568 -0.820353 0.0495961 0.569703 0.403729 -0.655317 0.638406 -0.535018 2.23111 2.59069</i>
                        <i>0.404492 0.712193 0.573731 -0.833585 0.0290557 0.551627 0.376195 -0.701382 0.605426 -0.472958 2.26505 2.59876</i>
                        <i>0.324803 0.681006 0.656303 -0.893354 -0.00691936 0.4493 0.310517 -0.732245 0.606132 -0.420884 2.29459 2.57991</i>
                        <i>0.0428038 0.680919 0.731107 -0.989259 -0.0734871 0.12636 0.139768 -0.728663 0.670459 -0.361867 2.32252 2.47866</i>
                        <i>-0.408322 0.694507 0.592396 -0.89764 -0.187563 -0.398826 -0.165876 -0.694608 0.700004 -0.28879 2.34585 2.26771</i>
                        <i>-0.702469 0.678743 0.214114 -0.522563 -0.287638 -0.802616 -0.483183 -0.675701 0.556743 -0.223496 2.36129 2.02113</i>
                        <i>-0.754778 0.643159 -0.129061 -0.11258 -0.32083 -0.940422 -0.646248 -0.69528 0.314562 -0.301249 2.3733 1.70028</i>
                        <i>-0.736869 0.623965 -0.260175 0.0642122 -0.318514 -0.945741 -0.672979 -0.713594 0.194637 -0.400279 2.37881 1.49465</i>
                        <i>-0.739952 0.616897 -0.268158 0.0926882 -0.301343 -0.949 -0.666243 -0.72707 0.1658 -0.449059 2.38376 1.48636</i>
                        <i>-0.744977 0.601789 -0.287854 0.162057 -0.255318 -0.953179 -0.647107 -0.756745 0.0926817 -0.570998 2.39517 1.4649</i>
                        <i>-0.746317 0.587959 -0.311952 0.247682 -0.189695 -0.950089 -0.61779 -0.786333 -0.00405412 -0.729279 2.40808 1.43532</i>
                        <i>-0.74272 0.580982 -0.332907 0.327269 -0.11878 -0.937436 -0.584176 -0.805203 -0.101917 -0.886963 2.41905 1.40367</i>
                        <i>-0.737306 0.580278 -0.345915 0.383871 -0.0614777 -0.921338 -0.555898 -0.812095 -0.177424 -1.00763 2.42635 1.37783</i>
                        <i>-0.734638 0.581099 -0.350188 0.405307 -0.0380378 -0.913389 -0.54409 -0.812944 -0.207579 -1.0557 2.42903 1.36712</i>
                        <i>-0.749225 0.563955 -0.347299 0.392822 -0.0438105 -0.918571 -0.533247 -0.824643 -0.18871 -1.09776 2.42973 1.35811</i>
                        <i>-0.78276 0.524306 -0.335245 0.359188 -0.0592834 -0.93138 -0.508203 -0.849464 -0.14192 -1.20025 2.42832 1.33491</i>
                        <i>-0.820247 0.480946 -0.309656 0.309881 -0.0814092 -0.947284 -0.480801 -0.872963 -0.0822601 -1.32762 2.42012 1.30304</i>
                        <i>-0.848812 0.454448 -0.270176 0.249679 -0.105887 -0.962522 -0.466024 -0.884457 -0.0235877 -1.44408 2.40159 1.26649</i>
                        <i>-0.861753 0.456272 -0.221807 0.183314 -0.127626 -0.974735 -0.473053 -0.88064 0.0263412 -1.54176 2.36997 1.21393</i>
                        <i>-0.862294 0.476082 -0.172612 0.117648 -0.143198 -0.982677 -0.492552 -0.867664 0.0674686 -1.63836 2.32785 1.14543</i>
                        <i>-0.855374 0.50158 -0.129432 0.0608827 -0.150787 -0.98669 -0.514421 -0.851869 0.0984417 -1.73663 2.28042 1.0813</i>
                        <i>-0.848162 0.520621 -0.09785 0.0217996 -0.150255 -0.988407 -0.529288 -0.840463 0.116092 -1.83988 2.2335 1.04294</i>
                        <i>-0.845845 0.527861 -0.0768768 0.00256736 -0.140088 -0.990136 -0.533423 -0.837698 0.117137 -1.95201 2.18183 1.04601</i>
                        <i>-0.846833 0.528321 -0.0612408 -0.00343663 -0.120578 -0.992698 -0.531848 -0.840439 0.103925 -2.07074 2.12454 1.07693</i>
                        <i>-0.848901 0.526224 -0.0495622 -0.000738225 -0.0949501 -0.995482 -0.528552 -0.845028 0.0809916 -2.19026 2.07453 1.11367</i>
                        <i>-0.849536 0.525981 -0.0404017 0.00634337 -0.0663956 -0.997773 -0.527492 -0.847901 0.053069 -2.30472 2.0447 1.13418</i>
                        <i>-0.846132 0.532005 -0.0321076 0.0138815 -0.0382243 -0.999173 -0.532792 -0.845878 0.0249578 -2.41666 2.07519 1.12191</i>
                        <i>-0.835866 0.548452 -0.0229891 0.0183776 -0.0138969 -0.999735 -0.548626 -0.836066 0.00153672 -2.51948 2.13517 1.09305</i>
                        <i>-0.815294 0.578926 -0.0118551 0.0166433 0.00296377 -0.999857 -0.578809 -0.815374 -0.0120516 -2.59356 2.13097 1.07458</i>
                        <i>-0.770473 0.637472 0.000628886 0.00810299 0.01078 -0.999909 -0.637421 -0.770398 -0.0134711 -2.6416 2.05537 1.07165</i>
                        <i>-0.693507 0.720364 0.0110997 -0.00335414 0.0121781 -0.99992 -0.720442 -0.693489 -0.00602941 -2.67942 1.95905 1.07057</i>
                        <i>-0.593704 0.80452 0.0161942 -0.0147448 0.00924492 -0.999849 -0.804548 -0.593853 0.00637373 -2.7074 1.83575 1.0701</i>
                        <i>-0.489362 0.871948 0.0152223 -0.0241039 0.00392483 -0.999702 -0.871748 -0.489583 0.0190967 -2.72636 1.6809 1.06963</i>
                        <i>-0.406314 0.913667 0.0110339 -0.0303415 -0.00142214 -0.999539 -0.91323 -0.406461 0.0282999 -2.73721 1.49183 1.06918</i>
                        <i>-0.372717 0.927905 0.00857044 -0.032652 -0.0038842 -0.999459 -0.92737 -0.372795 0.0317457 -2.74068 1.26692 1.069</i>
                        <i>-0.395572 0.918412 0.00653972 -0.0311751 -0.00631044 -0.999494 -0.917906 -0.395575 0.0311278 -2.74738 1.34444 1.07262</i>
                        <i>-0.453044 0.891487 0.00169575 -0.0269247 -0.0117815 -0.999568 -0.891082 -0.452894 0.0293405 -2.76464 1.3998 1.08202</i>
                        <i>-0.527796 0.849361 -0.00402602 -0.0202842 -0.017343 -0.999644 -0.849129 -0.527527 0.0263822 -2.78812 1.43533 1.095</i>
                        <i>-0.603582 0.797249 -0.00911211 -0.0123407 -0.020769 -0.999708 -0.797206 -0.603293 0.0223744 -2.8134 1.45406 1.10934</i>
                        <i>-0.667472 0.744526 -0.0127742 -0.00478819 -0.021446 -0.999759 -0.74462 -0.667249 0.0178795 -2.83617 1.46026 1.12266</i>
                        <i>-0.710581 0.703458 -0.0148741 0.000681519 -0.0204515 -0.999791 -0.703615 -0.710443 0.014053 -2.85249 1.45946 1.13251</i>
                        <i>-0.726456 0.687037 -0.0155626 0.00275666 -0.0197325 -0.999802 -0.687208 -0.726354 0.0124409 -2.85873 1.45785 1.13635</i>
                        <i>-0.695488 0.717624 -0.0362085 0.0198027 -0.0312296 -0.999316 -0.718264 -0.69573 0.00750894 -2.84136 1.45983 1.12021</i>
                        <i>-0.617073 0.783509 -0.0730449 0.0539779 -0.0504614 -0.997266 -0.785053 -0.619329 -0.0111538 -2.79916 1.4646 1.0791</i>
                        <i>-0.522462 0.847304 -0.0954436 0.0850525 -0.05959 -0.994593 -0.84841 -0.527755 -0.0409318 -2.74842 1.47185 1.02132</i>
                        <i>-0.461045 0.881489 -0.102055 0.102975 -0.0610842 -0.992806 -0.881382 -0.468237 -0.0626091 -2.70675 1.48564 0.947208</i>
                        <i>-0.444696 0.88918 -0.107724 0.108864 -0.0657217 -0.991882 -0.889041 -0.452813 -0.0675732 -2.67678 1.5203 0.854788</i>
                        <i>-0.445374 0.88807 -0.113905 0.109105 -0.0724398 -0.991387 -0.888672 -0.453965 -0.0646303 -2.64936 1.56963 0.748006</i>
                        <i>-0.457874 0.880886 -0.119965 0.105009 -0.0804084 -0.991215 -0.882794 -0.466449 -0.0556837 -2.62382 1.60953 0.631403</i>
                        <i>-0.476814 0.870147 -0.124467 0.0975097 -0.088365 -0.991304 -0.873579 -0.484804 -0.0427141 -2.59944 1.62898 0.509745</i>
                        <i>-0.496722 0.858716 -0.125991 0.08711 -0.0951061 -0.991648 -0.863527 -0.503549 -0.0275614 -2.57542 1.63919 0.387839</i>
                        <i>-0.512083 0.850018 -0.123452 0.0739008 -0.0995926 -0.99228 -0.855751 -0.517253 -0.0118173 -2.55086 1.64941 0.270449</i>
                        <i>-0.512083 0.850018 -0.123452 0.0739008 -0.0995926 -0.99228 -0.855751 -0.517253 -0.0118173 -2.55086 1.64941 0.270449</i>
