<?xml version="1.0" encoding="ISO-8859-1" ?>
<Animl Version="1">
    <ModellingPackage><![CDATA[Maya.2010]]></ModellingPackage>
    <SrcFile><![CDATA[anims\vehicles\blue\~src\air\helicopter_uh1iroquois\helicopter_uh1iroquois_fly_idle_crewman_b.mb]]></SrcFile>
    <FramesPerSecond>30</FramesPerSecond>
    <TotalFrames>61</TotalFrames>
    <Skeleton>
        <RefFrame>
            <Name><![CDATA[soldier_ref_frame]]></Name>
            <Exclude>0</Exclude>
            <Additive>0</Additive>
            <IKPriority>0</IKPriority>
            <IKRotLimits>-1e+010 -1e+010 -1e+010 1e+010 1e+010 1e+010</IKRotLimits>
            <IKRotLimitOrder>0</IKRotLimitOrder>
            <KeyFrames count="61">
                <i>1 0 0 0 1 0 0 0 1 -2.77 0 0.18</i>
                <i>1 0 0 0 1 0 0 0 1 -2.77 0 0.18</i>
                <i>1 0 0 0 1 0 0 0 1 -2.77 0 0.18</i>
                <i>1 0 0 0 1 0 0 0 1 -2.77 0 0.18</i>
                <i>1 0 0 0 1 0 0 0 1 -2.77 0 0.18</i>
                <i>1 0 0 0 1 0 0 0 1 -2.77 0 0.18</i>
                <i>1 0 0 0 1 0 0 0 1 -2.77 0 0.18</i>
                <i>1 0 0 0 1 0 0 0 1 -2.77 0 0.18</i>
                <i>1 0 0 0 1 0 0 0 1 -2.77 0 0.18</i>
                <i>1 0 0 0 1 0 0 0 1 -2.77 0 0.18</i>
                <i>1 0 0 0 1 0 0 0 1 -2.77 0 0.18</i>
                <i>1 0 0 0 1 0 0 0 1 -2.77 0 0.18</i>
                <i>1 0 0 0 1 0 0 0 1 -2.77 0 0.18</i>
                <i>1 0 0 0 1 0 0 0 1 -2.77 0 0.18</i>
                <i>1 0 0 0 1 0 0 0 1 -2.77 0 0.18</i>
                <i>1 0 0 0 1 0 0 0 1 -2.77 0 0.18</i>
                <i>1 0 0 0 1 0 0 0 1 -2.77 0 0.18</i>
                <i>1 0 0 0 1 0 0 0 1 -2.77 0 0.18</i>
                <i>1 0 0 0 1 0 0 0 1 -2.77 0 0.18</i>
                <i>1 0 0 0 1 0 0 0 1 -2.77 0 0.18</i>
                <i>1 0 0 0 1 0 0 0 1 -2.77 0 0.18</i>
                <i>1 0 0 0 1 0 0 0 1 -2.77 0 0.18</i>
                <i>1 0 0 0 1 0 0 0 1 -2.77 0 0.18</i>
                <i>1 0 0 0 1 0 0 0 1 -2.77 0 0.18</i>
                <i>1 0 0 0 1 0 0 0 1 -2.77 0 0.18</i>
                <i>1 0 0 0 1 0 0 0 1 -2.77 0 0.18</i>
                <i>1 0 0 0 1 0 0 0 1 -2.77 0 0.18</i>
                <i>1 0 0 0 1 0 0 0 1 -2.77 0 0.18</i>
                <i>1 0 0 0 1 0 0 0 1 -2.77 0 0.18</i>
                <i>1 0 0 0 1 0 0 0 1 -2.77 0 0.18</i>
                <i>1 0 0 0 1 0 0 0 1 -2.77 0 0.18</i>
                <i>1 0 0 0 1 0 0 0 1 -2.77 0 0.18</i>
                <i>1 0 0 0 1 0 0 0 1 -2.77 0 0.18</i>
                <i>1 0 0 0 1 0 0 0 1 -2.77 0 0.18</i>
                <i>1 0 0 0 1 0 0 0 1 -2.77 0 0.18</i>
                <i>1 0 0 0 1 0 0 0 1 -2.77 0 0.18</i>
                <i>1 0 0 0 1 0 0 0 1 -2.77 0 0.18</i>
                <i>1 0 0 0 1 0 0 0 1 -2.77 0 0.18</i>
                <i>1 0 0 0 1 0 0 0 1 -2.77 0 0.18</i>
                <i>1 0 0 0 1 0 0 0 1 -2.77 0 0.18</i>
                <i>1 0 0 0 1 0 0 0 1 -2.77 0 0.18</i>
                <i>1 0 0 0 1 0 0 0 1 -2.77 0 0.18</i>
                <i>1 0 0 0 1 0 0 0 1 -2.77 0 0.18</i>
                <i>1 0 0 0 1 0 0 0 1 -2.77 0 0.18</i>
                <i>1 0 0 0 1 0 0 0 1 -2.77 0 0.18</i>
                <i>1 0 0 0 1 0 0 0 1 -2.77 0 0.18</i>
                <i>1 0 0 0 1 0 0 0 1 -2.77 0 0.18</i>
                <i>1 0 0 0 1 0 0 0 1 -2.77 0 0.18</i>
                <i>1 0 0 0 1 0 0 0 1 -2.77 0 0.18</i>
                <i>1 0 0 0 1 0 0 0 1 -2.77 0 0.18</i>
                <i>1 0 0 0 1 0 0 0 1 -2.77 0 0.18</i>
                <i>1 0 0 0 1 0 0 0 1 -2.77 0 0.18</i>
                <i>1 0 0 0 1 0 0 0 1 -2.77 0 0.18</i>
                <i>1 0 0 0 1 0 0 0 1 -2.77 0 0.18</i>
                <i>1 0 0 0 1 0 0 0 1 -2.77 0 0.18</i>
                <i>1 0 0 0 1 0 0 0 1 -2.77 0 0.18</i>
                <i>1 0 0 0 1 0 0 0 1 -2.77 0 0.18</i>
                <i>1 0 0 0 1 0 0 0 1 -2.77 0 0.18</i>
                <i>1 0 0 0 1 0 0 0 1 -2.77 0 0.18</i>
                <i>1 0 0 0 1 0 0 0 1 -2.77 0 0.18</i>
                <i>1 0 0 0 1 0 0 0 1 -2.77 0 0.18</i>
            </KeyFrames>
        </RefFrame>
        <Bones count="23">
            <i>
                <p>
                    <Name><![CDATA[pelvis]]></Name>
                    <Exclude>0</Exclude>
                    <Additive>0</Additive>
                    <IKPriority>0</IKPriority>
                    <IKRotLimits>-1e+010 -1e+010 -1e+010 1e+010 1e+010 1e+010</IKRotLimits>
                    <IKRotLimitOrder>2</IKRotLimitOrder>
                    <KeyFrames count="61">
                        <i>1 0 0 0 1 0 0 0 1 -0.78 1.29799 2.51845</i>
                        <i>1 0 0 0 1 0 0 0 1 -0.78 1.29792 2.51845</i>
                        <i>1 0 0 0 1 0 0 0 1 -0.78 1.29769 2.51845</i>
                        <i>1 0 0 0 1 0 0 0 1 -0.78 1.29733 2.51845</i>
                        <i>1 0 0 0 1 0 0 0 1 -0.78 1.29685 2.51845</i>
                        <i>1 0 0 0 1 0 0 0 1 -0.78 1.29625 2.51845</i>
                        <i>1 0 0 0 1 0 0 0 1 -0.78 1.29556 2.51845</i>
                        <i>1 0 0 0 1 0 0 0 1 -0.78 1.29478 2.51845</i>
                        <i>1 0 0 0 1 0 0 0 1 -0.78 1.29393 2.51845</i>
                        <i>1 0 0 0 1 0 0 0 1 -0.78 1.29302 2.51845</i>
                        <i>1 0 0 0 1 0 0 0 1 -0.78 1.29206 2.51845</i>
                        <i>1 0 0 0 1 0 0 0 1 -0.78 1.29106 2.51845</i>
                        <i>1 0 0 0 1 0 0 0 1 -0.78 1.29003 2.51845</i>
                        <i>1 0 0 0 1 0 0 0 1 -0.78 1.289 2.51845</i>
                        <i>1 0 0 0 1 0 0 0 1 -0.78 1.28796 2.51845</i>
                        <i>1 0 0 0 1 0 0 0 1 -0.78 1.28694 2.51845</i>
                        <i>1 0 0 0 1 0 0 0 1 -0.78 1.28594 2.51845</i>
                        <i>1 0 0 0 1 0 0 0 1 -0.78 1.28498 2.51845</i>
                        <i>1 0 0 0 1 0 0 0 1 -0.78 1.28406 2.51845</i>
                        <i>1 0 0 0 1 0 0 0 1 -0.78 1.28321 2.51845</i>
                        <i>1 0 0 0 1 0 0 0 1 -0.78 1.28243 2.51845</i>
                        <i>1 0 0 0 1 0 0 0 1 -0.78 1.28174 2.51845</i>
                        <i>1 0 0 0 1 0 0 0 1 -0.78 1.28115 2.51845</i>
                        <i>1 0 0 0 1 0 0 0 1 -0.78 1.28066 2.51845</i>
                        <i>1 0 0 0 1 0 0 0 1 -0.78 1.2803 2.51845</i>
                        <i>1 0 0 0 1 0 0 0 1 -0.78 1.28008 2.51845</i>
                        <i>1 0 0 0 1 0 0 0 1 -0.78 1.28 2.51845</i>
                        <i>1 0 0 0 1 0 0 0 1 -0.78 1.28005 2.51845</i>
                        <i>1 0 0 0 1 0 0 0 1 -0.78 1.28018 2.51845</i>
                        <i>1 0 0 0 1 0 0 0 1 -0.78 1.2804 2.51845</i>
                        <i>1 0 0 0 1 0 0 0 1 -0.78 1.28069 2.51845</i>
                        <i>1 0 0 0 1 0 0 0 1 -0.78 1.28105 2.51845</i>
                        <i>1 0 0 0 1 0 0 0 1 -0.78 1.28148 2.51845</i>
                        <i>1 0 0 0 1 0 0 0 1 -0.78 1.28197 2.51845</i>
                        <i>1 0 0 0 1 0 0 0 1 -0.78 1.28252 2.51845</i>
                        <i>1 0 0 0 1 0 0 0 1 -0.78 1.28311 2.51845</i>
                        <i>1 0 0 0 1 0 0 0 1 -0.78 1.28375 2.51845</i>
                        <i>1 0 0 0 1 0 0 0 1 -0.78 1.28443 2.51845</i>
                        <i>1 0 0 0 1 0 0 0 1 -0.78 1.28514 2.51845</i>
                        <i>1 0 0 0 1 0 0 0 1 -0.78 1.28588 2.51845</i>
                        <i>1 0 0 0 1 0 0 0 1 -0.78 1.28664 2.51845</i>
                        <i>1 0 0 0 1 0 0 0 1 -0.78 1.28742 2.51845</i>
                        <i>1 0 0 0 1 0 0 0 1 -0.78 1.2882 2.51845</i>
                        <i>1 0 0 0 1 0 0 0 1 -0.78 1.289 2.51845</i>
                        <i>1 0 0 0 1 0 0 0 1 -0.78 1.28979 2.51845</i>
                        <i>1 0 0 0 1 0 0 0 1 -0.78 1.29058 2.51845</i>
                        <i>1 0 0 0 1 0 0 0 1 -0.78 1.29135 2.51845</i>
                        <i>1 0 0 0 1 0 0 0 1 -0.78 1.29211 2.51845</i>
                        <i>1 0 0 0 1 0 0 0 1 -0.78 1.29285 2.51845</i>
                        <i>1 0 0 0 1 0 0 0 1 -0.78 1.29356 2.51845</i>
                        <i>1 0 0 0 1 0 0 0 1 -0.78 1.29424 2.51845</i>
                        <i>1 0 0 0 1 0 0 0 1 -0.78 1.29488 2.51845</i>
                        <i>1 0 0 0 1 0 0 0 1 -0.78 1.29547 2.51845</i>
                        <i>1 0 0 0 1 0 0 0 1 -0.78 1.29602 2.51845</i>
                        <i>1 0 0 0 1 0 0 0 1 -0.78 1.29651 2.51845</i>
                        <i>1 0 0 0 1 0 0 0 1 -0.78 1.29694 2.51845</i>
                        <i>1 0 0 0 1 0 0 0 1 -0.78 1.2973 2.51845</i>
                        <i>1 0 0 0 1 0 0 0 1 -0.78 1.2976 2.51845</i>
                        <i>1 0 0 0 1 0 0 0 1 -0.78 1.29781 2.51845</i>
                        <i>1 0 0 0 1 0 0 0 1 -0.78 1.29795 2.51845</i>
                        <i>1 0 0 0 1 0 0 0 1 -0.78 1.29799 2.51845</i>
                    </KeyFrames>
                </p>
            </i>
            <i>
                <p>
                    <Name><![CDATA[spine0]]></Name>
                    <Exclude>0</Exclude>
                    <Additive>0</Additive>
                    <IKPriority>0</IKPriority>
                    <IKRotLimits>-1e+010 -1e+010 -1e+010 1e+010 1e+010 1e+010</IKRotLimits>
                    <IKRotLimitOrder>0</IKRotLimitOrder>
                    <KeyFrames count="61">
                        <i>0.019414 0.995964 -0.0876279 -0.999554 0.0213244 0.0209183 0.0227024 0.0871827 0.995934 -0.79041 1.41546 2.43606</i>
                        <i>0.019417 0.995961 -0.0876597 -0.999554 0.0213281 0.0209172 0.0227024 0.0872145 0.995931 -0.79041 1.41538 2.43606</i>
                        <i>0.0194259 0.995953 -0.0877524 -0.999554 0.0213389 0.0209142 0.0227021 0.0873069 0.995923 -0.79041 1.41516 2.43606</i>
                        <i>0.0194402 0.995939 -0.0879017 -0.999553 0.0213562 0.0209093 0.0227017 0.0874559 0.99591 -0.79041 1.4148 2.43606</i>
                        <i>0.0194595 0.995921 -0.0881032 -0.999553 0.0213796 0.0209028 0.0227011 0.087657 0.995892 -0.79041 1.41431 2.43606</i>
                        <i>0.0194833 0.995899 -0.0883527 -0.999552 0.0214085 0.0208947 0.0227005 0.0879061 0.99587 -0.79041 1.41372 2.43606</i>
                        <i>0.0195113 0.995872 -0.0886459 -0.999552 0.0214425 0.0208851 0.0226997 0.0881987 0.995844 -0.79041 1.41303 2.43606</i>
                        <i>0.019543 0.995842 -0.0889786 -0.999551 0.021481 0.0208743 0.0226989 0.0885307 0.995815 -0.79041 1.41225 2.43606</i>
                        <i>0.019578 0.995808 -0.0893462 -0.999551 0.0215234 0.0208624 0.022698 0.0888976 0.995782 -0.79041 1.4114 2.43606</i>
                        <i>0.0196159 0.995772 -0.0897446 -0.99955 0.0215694 0.0208495 0.0226971 0.0892953 0.995747 -0.79041 1.41049 2.43606</i>
                        <i>0.0196562 0.995732 -0.0901695 -0.999549 0.0216183 0.0208358 0.0226962 0.0897193 0.995708 -0.79041 1.40952 2.43606</i>
                        <i>0.0196985 0.995691 -0.0906165 -0.999548 0.0216698 0.0208213 0.0226953 0.0901655 0.995668 -0.79041 1.40852 2.43606</i>
                        <i>0.0197424 0.995648 -0.0910815 -0.999547 0.0217231 0.0208064 0.0226944 0.0906295 0.995626 -0.79041 1.4075 2.43606</i>
                        <i>0.0197876 0.995603 -0.0915602 -0.999547 0.021778 0.020791 0.0226935 0.0911073 0.995582 -0.79041 1.40646 2.43606</i>
                        <i>0.0198335 0.995557 -0.0920483 -0.999546 0.0218338 0.0207753 0.0226928 0.0915945 0.995538 -0.79041 1.40543 2.43606</i>
                        <i>0.0198798 0.99551 -0.0925417 -0.999545 0.0218902 0.0207595 0.022692 0.0920869 0.995492 -0.79041 1.40441 2.43606</i>
                        <i>0.0199261 0.995463 -0.0930363 -0.999544 0.0219465 0.0207437 0.0226914 0.0925805 0.995447 -0.79041 1.40341 2.43606</i>
                        <i>0.019972 0.995416 -0.0935279 -0.999543 0.0220024 0.020728 0.0226908 0.0930712 0.995401 -0.79041 1.40244 2.43606</i>
                        <i>0.0200172 0.99537 -0.0940124 -0.999542 0.0220574 0.0207125 0.0226903 0.0935547 0.995356 -0.79041 1.40153 2.43606</i>
                        <i>0.0200613 0.995324 -0.0944858 -0.999541 0.0221111 0.0206975 0.0226899 0.0940272 0.995311 -0.79041 1.40068 2.43606</i>
                        <i>0.0201038 0.99528 -0.094944 -0.99954 0.0221629 0.0206829 0.0226896 0.0944845 0.995268 -0.79041 1.3999 2.43606</i>
                        <i>0.0201444 0.995237 -0.095383 -0.99954 0.0222124 0.020669 0.0226893 0.0949227 0.995226 -0.79041 1.39921 2.43606</i>
                        <i>0.0201829 0.995196 -0.0957989 -0.999539 0.0222593 0.0206559 0.0226891 0.0953378 0.995186 -0.79041 1.39861 2.43606</i>
                        <i>0.0202188 0.995158 -0.0961877 -0.999538 0.0223031 0.0206436 0.0226889 0.0957259 0.995149 -0.79041 1.39813 2.43606</i>
                        <i>0.0202517 0.995123 -0.0965455 -0.999537 0.0223433 0.0206323 0.0226888 0.096083 0.995115 -0.79041 1.39777 2.43606</i>
                        <i>0.0202814 0.995091 -0.0968683 -0.999537 0.0223795 0.0206222 0.0226888 0.0964052 0.995084 -0.79041 1.39755 2.43606</i>
                        <i>0.0203075 0.995062 -0.0971522 -0.999536 0.0224113 0.0206132 0.0226888 0.0966886 0.995056 -0.79041 1.39747 2.43606</i>
                        <i>0.0203296 0.995038 -0.0973933 -0.999536 0.0224383 0.0206056 0.0226888 0.0969292 0.995033 -0.79041 1.39751 2.43606</i>
                        <i>0.0203474 0.995019 -0.0975878 -0.999536 0.0224601 0.0205995 0.0226888 0.0971233 0.995014 -0.79041 1.39765 2.43606</i>
                        <i>0.0203605 0.995005 -0.0977316 -0.999535 0.0224761 0.020595 0.0226888 0.0972668 0.995 -0.79041 1.39786 2.43606</i>
                        <i>0.0203687 0.994996 -0.0978208 -0.999535 0.0224861 0.0205922 0.0226888 0.0973559 0.994991 -0.79041 1.39816 2.43606</i>
                        <i>0.0203715 0.994992 -0.0978514 -0.999535 0.0224895 0.0205913 0.0226888 0.0973864 0.994988 -0.79041 1.39852 2.43606</i>
                        <i>0.0203683 0.994996 -0.0978165 -0.999535 0.0224856 0.0205924 0.0226888 0.0973515 0.994991 -0.79041 1.39895 2.43606</i>
                        <i>0.020359 0.995006 -0.0977149 -0.999535 0.0224743 0.0205956 0.0226888 0.0972502 0.995001 -0.79041 1.39944 2.43606</i>
                        <i>0.0203441 0.995023 -0.0975516 -0.999536 0.022456 0.0206007 0.0226888 0.0970872 0.995017 -0.79041 1.39999 2.43606</i>
                        <i>0.0203239 0.995044 -0.0973313 -0.999536 0.0224314 0.0206076 0.0226888 0.0968673 0.995039 -0.79041 1.40058 2.43606</i>
                        <i>0.0202989 0.995072 -0.0970589 -0.999536 0.0224009 0.0206162 0.0226888 0.0965955 0.995065 -0.79041 1.40122 2.43606</i>
                        <i>0.0202695 0.995103 -0.0967392 -0.999537 0.022365 0.0206262 0.0226888 0.0962763 0.995096 -0.79041 1.4019 2.43606</i>
                        <i>0.0202362 0.995139 -0.0963769 -0.999538 0.0223243 0.0206376 0.0226889 0.0959147 0.995131 -0.79041 1.40261 2.43606</i>
                        <i>0.0201993 0.995179 -0.0959768 -0.999538 0.0222794 0.0206503 0.022689 0.0955154 0.995169 -0.79041 1.40335 2.43606</i>
                        <i>0.0201593 0.995221 -0.0955437 -0.999539 0.0222306 0.020664 0.0226892 0.0950831 0.995211 -0.79041 1.40411 2.43606</i>
                        <i>0.0201166 0.995266 -0.0950825 -0.99954 0.0221785 0.0206786 0.0226895 0.0946228 0.995255 -0.79041 1.40488 2.43606</i>
                        <i>0.0200717 0.995313 -0.0945979 -0.999541 0.0221238 0.0206939 0.0226898 0.0941391 0.9953 -0.79041 1.40567 2.43606</i>
                        <i>0.0200249 0.995362 -0.0940949 -0.999542 0.0220668 0.0207099 0.0226902 0.0936371 0.995348 -0.79041 1.40646 2.43606</i>
                        <i>0.0199768 0.995411 -0.0935784 -0.999543 0.0220082 0.0207264 0.0226908 0.0931216 0.995396 -0.79041 1.40726 2.43606</i>
                        <i>0.0199277 0.995462 -0.0930533 -0.999544 0.0219485 0.0207431 0.0226914 0.0925975 0.995445 -0.79041 1.40805 2.43606</i>
                        <i>0.0198782 0.995512 -0.0925247 -0.999545 0.0218882 0.02076 0.0226921 0.0920699 0.995494 -0.79041 1.40882 2.43606</i>
                        <i>0.0198287 0.995562 -0.0919975 -0.999546 0.021828 0.0207769 0.0226928 0.0915437 0.995542 -0.79041 1.40958 2.43606</i>
                        <i>0.0197797 0.995611 -0.0914769 -0.999547 0.0217684 0.0207936 0.0226937 0.0910241 0.99559 -0.79041 1.41032 2.43606</i>
                        <i>0.0197317 0.995658 -0.0909679 -0.999548 0.0217101 0.02081 0.0226946 0.0905161 0.995636 -0.79041 1.41103 2.43606</i>
                        <i>0.0196852 0.995704 -0.0904757 -0.999549 0.0216536 0.0208259 0.0226955 0.0900249 0.995681 -0.79041 1.41171 2.43606</i>
                        <i>0.0196407 0.995748 -0.0900055 -0.999549 0.0215995 0.0208411 0.0226965 0.0895556 0.995723 -0.79041 1.41235 2.43606</i>
                        <i>0.0195986 0.995788 -0.0895625 -0.99955 0.0215484 0.0208554 0.0226975 0.0891135 0.995763 -0.79041 1.41294 2.43606</i>
                        <i>0.0195595 0.995826 -0.0891519 -0.999551 0.021501 0.0208687 0.0226984 0.0887037 0.995799 -0.79041 1.41349 2.43606</i>
                        <i>0.019524 0.99586 -0.0887791 -0.999552 0.0214579 0.0208808 0.0226994 0.0883316 0.995832 -0.79041 1.41398 2.43606</i>
                        <i>0.0194925 0.99589 -0.0884491 -0.999552 0.0214197 0.0208915 0.0227002 0.0880023 0.995862 -0.79041 1.41441 2.43606</i>
                        <i>0.0194656 0.995915 -0.0881674 -0.999553 0.021387 0.0209007 0.022701 0.0877211 0.995886 -0.79041 1.41477 2.43606</i>
                        <i>0.0194438 0.995936 -0.0879392 -0.999553 0.0213606 0.0209081 0.0227016 0.0874934 0.995906 -0.79041 1.41507 2.43606</i>
                        <i>0.0194276 0.995951 -0.0877697 -0.999554 0.0213409 0.0209136 0.022702 0.0873242 0.995921 -0.79041 1.41528 2.43606</i>
                        <i>0.0194175 0.995961 -0.0876642 -0.999554 0.0213286 0.0209171 0.0227023 0.0872189 0.99593 -0.79041 1.41542 2.43606</i>
                        <i>0.019414 0.995964 -0.0876279 -0.999554 0.0213244 0.0209183 0.0227024 0.0871827 0.995934 -0.79041 1.41546 2.43606</i>
                    </KeyFrames>
                </p>
            </i>
            <i>
                <p>
                    <Name><![CDATA[spine1]]></Name>
                    <Exclude>0</Exclude>
                    <Additive>0</Additive>
                    <IKPriority>0</IKPriority>
                    <IKRotLimits>-1e+010 -1e+010 -1e+010 1e+010 1e+010 1e+010</IKRotLimits>
                    <IKRotLimitOrder>0</IKRotLimitOrder>
                    <KeyFrames count="61">
                        <i>0.059626 0.939965 0.336021 -0.995462 0.0810019 -0.049948 -0.0741678 -0.331518 0.940529 -0.786844 1.59849 2.41988</i>
                        <i>0.0596272 0.93997 0.336007 -0.995462 0.0809992 -0.0499401 -0.0741585 -0.331504 0.940535 -0.786843 1.59841 2.41987</i>
                        <i>0.0596309 0.939985 0.335964 -0.995464 0.0809914 -0.0499169 -0.0741313 -0.331464 0.940551 -0.786842 1.59819 2.41985</i>
                        <i>0.0596368 0.940009 0.335895 -0.995467 0.0809787 -0.0498795 -0.0740876 -0.331398 0.940578 -0.786839 1.59783 2.41983</i>
                        <i>0.0596448 0.940042 0.335802 -0.995471 0.0809616 -0.049829 -0.0740284 -0.33131 0.940613 -0.786835 1.59736 2.41979</i>
                        <i>0.0596547 0.940083 0.335687 -0.995476 0.0809404 -0.0497663 -0.0739551 -0.3312 0.940658 -0.78683 1.59677 2.41974</i>
                        <i>0.0596663 0.94013 0.335551 -0.995481 0.0809155 -0.0496926 -0.0738689 -0.33107 0.94071 -0.786825 1.59609 2.41969</i>
                        <i>0.0596795 0.940185 0.335397 -0.995488 0.0808872 -0.0496089 -0.0737709 -0.330923 0.94077 -0.786819 1.59533 2.41962</i>
                        <i>0.0596941 0.940245 0.335226 -0.995495 0.0808559 -0.0495162 -0.0736623 -0.33076 0.940836 -0.786812 1.59449 2.41955</i>
                        <i>0.0597099 0.94031 0.33504 -0.995503 0.0808218 -0.0494156 -0.0735445 -0.330583 0.940907 -0.786805 1.5936 2.41948</i>
                        <i>0.0597268 0.94038 0.334841 -0.995511 0.0807855 -0.049308 -0.0734185 -0.330393 0.940984 -0.786797 1.59265 2.4194</i>
                        <i>0.0597446 0.940453 0.334631 -0.99552 0.0807472 -0.0491945 -0.0732857 -0.330193 0.941064 -0.786788 1.59167 2.41931</i>
                        <i>0.0597632 0.94053 0.334412 -0.995529 0.0807073 -0.0490762 -0.0731472 -0.329984 0.941148 -0.78678 1.59066 2.41922</i>
                        <i>0.0597823 0.940609 0.334186 -0.995538 0.0806662 -0.0489541 -0.0730042 -0.329768 0.941235 -0.786771 1.58965 2.41913</i>
                        <i>0.0598019 0.940691 0.333954 -0.995548 0.0806241 -0.0488293 -0.072858 -0.329547 0.941324 -0.786762 1.58863 2.41904</i>
                        <i>0.0598217 0.940773 0.333719 -0.995557 0.0805816 -0.0487028 -0.0727099 -0.329323 0.941414 -0.786753 1.58763 2.41895</i>
                        <i>0.0598415 0.940855 0.333482 -0.995567 0.0805388 -0.0485757 -0.0725609 -0.329097 0.941504 -0.786744 1.58665 2.41885</i>
                        <i>0.0598613 0.940938 0.333246 -0.995577 0.0804962 -0.048449 -0.0724125 -0.328872 0.941594 -0.786735 1.58571 2.41876</i>
                        <i>0.0598808 0.941019 0.333012 -0.995586 0.0804542 -0.0483238 -0.0722658 -0.328649 0.941683 -0.786726 1.58481 2.41867</i>
                        <i>0.0598999 0.941099 0.332783 -0.995596 0.080413 -0.0482011 -0.0721221 -0.32843 0.941771 -0.786717 1.58398 2.41858</i>
                        <i>0.0599184 0.941176 0.332561 -0.995604 0.080373 -0.0480821 -0.0719826 -0.328218 0.941855 -0.786709 1.58322 2.41849</i>
                        <i>0.0599361 0.941251 0.332347 -0.995613 0.0803347 -0.0479677 -0.0718487 -0.328014 0.941937 -0.786701 1.58255 2.41841</i>
                        <i>0.059953 0.941321 0.332144 -0.995621 0.0802983 -0.0478592 -0.0717214 -0.32782 0.942014 -0.786693 1.58197 2.41833</i>
                        <i>0.0599687 0.941388 0.331953 -0.995629 0.0802643 -0.0477574 -0.0716022 -0.327638 0.942086 -0.786686 1.58151 2.41825</i>
                        <i>0.0599833 0.941449 0.331777 -0.995636 0.0802329 -0.0476636 -0.0714923 -0.32747 0.942153 -0.78668 1.58116 2.41819</i>
                        <i>0.0599964 0.941504 0.331618 -0.995642 0.0802045 -0.0475788 -0.0713929 -0.327318 0.942213 -0.786674 1.58095 2.41812</i>
                        <i>0.0600079 0.941553 0.331477 -0.995648 0.0801795 -0.0475041 -0.0713053 -0.327184 0.942267 -0.786669 1.58088 2.41807</i>
                        <i>0.0600177 0.941594 0.331358 -0.995653 0.0801583 -0.0474405 -0.0712308 -0.32707 0.942312 -0.786664 1.58094 2.41802</i>
                        <i>0.0600257 0.941628 0.331261 -0.995656 0.0801412 -0.0473892 -0.0711707 -0.326978 0.942348 -0.786661 1.58108 2.41799</i>
                        <i>0.0600315 0.941653 0.33119 -0.995659 0.0801285 -0.0473512 -0.0711261 -0.32691 0.942375 -0.786658 1.5813 2.41796</i>
                        <i>0.0600352 0.941668 0.331145 -0.995661 0.0801206 -0.0473277 -0.0710985 -0.326867 0.942392 -0.786656 1.5816 2.41794</i>
                        <i>0.0600364 0.941673 0.33113 -0.995662 0.0801179 -0.0473196 -0.071089 -0.326853 0.942398 -0.786656 1.58197 2.41794</i>
                        <i>0.060035 0.941667 0.331148 -0.995661 0.080121 -0.0473288 -0.0710999 -0.326869 0.942391 -0.786656 1.5824 2.41794</i>
                        <i>0.0600308 0.94165 0.331198 -0.995659 0.0801299 -0.0473556 -0.0711313 -0.326917 0.942372 -0.786658 1.58288 2.41796</i>
                        <i>0.0600242 0.941622 0.331279 -0.995656 0.0801444 -0.0473988 -0.0711819 -0.326995 0.942341 -0.786661 1.58342 2.41799</i>
                        <i>0.0600152 0.941584 0.331389 -0.995651 0.0801638 -0.0474569 -0.07125 -0.327099 0.9423 -0.786665 1.58401 2.41804</i>
                        <i>0.0600041 0.941537 0.331523 -0.995646 0.0801878 -0.0475286 -0.0713341 -0.327228 0.942249 -0.78667 1.58463 2.41809</i>
                        <i>0.0599911 0.941482 0.331681 -0.99564 0.0802159 -0.0476127 -0.0714326 -0.327379 0.942189 -0.786676 1.5853 2.41815</i>
                        <i>0.0599764 0.94142 0.33186 -0.995633 0.0802477 -0.0477078 -0.0715441 -0.327549 0.942122 -0.786683 1.58599 2.41822</i>
                        <i>0.0599602 0.941352 0.332056 -0.995625 0.0802828 -0.0478126 -0.0716669 -0.327737 0.942047 -0.78669 1.58671 2.41829</i>
                        <i>0.0599426 0.941278 0.332268 -0.995616 0.0803207 -0.0479258 -0.0717995 -0.327939 0.941966 -0.786698 1.58746 2.41838</i>
                        <i>0.059924 0.9412 0.332493 -0.995607 0.080361 -0.048046 -0.0719404 -0.328154 0.941881 -0.786706 1.58821 2.41846</i>
                        <i>0.0599044 0.941118 0.332729 -0.995598 0.0804032 -0.048172 -0.072088 -0.328379 0.941791 -0.786715 1.58898 2.41856</i>
                        <i>0.0598841 0.941033 0.332973 -0.995588 0.080447 -0.0483024 -0.0722408 -0.328611 0.941699 -0.786724 1.58975 2.41865</i>
                        <i>0.0598633 0.940946 0.333222 -0.995578 0.0804918 -0.0484359 -0.0723972 -0.328849 0.941604 -0.786734 1.59052 2.41875</i>
                        <i>0.0598422 0.940858 0.333474 -0.995567 0.0805373 -0.0485713 -0.0725558 -0.329089 0.941507 -0.786743 1.59129 2.41885</i>
                        <i>0.059821 0.94077 0.333727 -0.995557 0.080583 -0.0487072 -0.072715 -0.32933 0.941411 -0.786753 1.59204 2.41895</i>
                        <i>0.0597998 0.940682 0.333978 -0.995547 0.0806285 -0.0488423 -0.0728733 -0.32957 0.941315 -0.786763 1.59278 2.41905</i>
                        <i>0.059779 0.940596 0.334225 -0.995537 0.0806734 -0.0489754 -0.0730291 -0.329806 0.94122 -0.786772 1.5935 2.41915</i>
                        <i>0.0597587 0.940511 0.334466 -0.995527 0.0807171 -0.0491052 -0.073181 -0.330035 0.941128 -0.786782 1.59419 2.41925</i>
                        <i>0.059739 0.94043 0.334697 -0.995517 0.0807593 -0.0492303 -0.0733276 -0.330256 0.941039 -0.786791 1.59485 2.41934</i>
                        <i>0.0597203 0.940353 0.334918 -0.995508 0.0807995 -0.0493495 -0.0734672 -0.330466 0.940954 -0.7868 1.59547 2.41943</i>
                        <i>0.0597027 0.94028 0.335125 -0.995499 0.0808374 -0.0494616 -0.0735984 -0.330664 0.940874 -0.786808 1.59604 2.41951</i>
                        <i>0.0596864 0.940213 0.335316 -0.995491 0.0808724 -0.0495652 -0.0737197 -0.330846 0.940801 -0.786816 1.59657 2.41959</i>
                        <i>0.0596716 0.940152 0.33549 -0.995484 0.0809042 -0.0496592 -0.0738297 -0.331011 0.940734 -0.786823 1.59705 2.41966</i>
                        <i>0.0596585 0.940098 0.335643 -0.995478 0.0809323 -0.0497421 -0.0739268 -0.331157 0.940675 -0.786829 1.59747 2.41972</i>
                        <i>0.0596473 0.940053 0.335773 -0.995472 0.0809562 -0.0498129 -0.0740096 -0.331281 0.940625 -0.786834 1.59782 2.41978</i>
                        <i>0.0596383 0.940015 0.335878 -0.995468 0.0809756 -0.0498701 -0.0740766 -0.331382 0.940584 -0.786838 1.5981 2.41982</i>
                        <i>0.0596316 0.939988 0.335956 -0.995464 0.0809899 -0.0499125 -0.0741262 -0.331456 0.940554 -0.786841 1.59831 2.41985</i>
                        <i>0.0596274 0.939971 0.336005 -0.995462 0.0809989 -0.0499389 -0.0741571 -0.331502 0.940535 -0.786843 1.59844 2.41987</i>
                        <i>0.059626 0.939965 0.336021 -0.995462 0.0810019 -0.049948 -0.0741678 -0.331518 0.940529 -0.786844 1.59849 2.41988</i>
                    </KeyFrames>
                </p>
            </i>
            <i>
                <p>
                    <Name><![CDATA[spine2]]></Name>
                    <Exclude>0</Exclude>
                    <Additive>0</Additive>
                    <IKPriority>0</IKPriority>
                    <IKRotLimits>-1e+010 -1e+010 -1e+010 1e+010 1e+010 1e+010</IKRotLimits>
                    <IKRotLimitOrder>0</IKRotLimitOrder>
                    <KeyFrames count="61">
                        <i>-0.0314033 0.826578 0.561946 -0.991789 0.043963 -0.12009 -0.123969 -0.561103 0.81841 -0.776861 1.75716 2.47689</i>
                        <i>-0.0314098 0.826541 0.561999 -0.99179 0.0439595 -0.120082 -0.123958 -0.561157 0.818375 -0.77686 1.75709 2.47688</i>
                        <i>-0.0314288 0.826435 0.562154 -0.991793 0.0439494 -0.12006 -0.123928 -0.561314 0.818271 -0.776858 1.75687 2.47685</i>
                        <i>-0.0314593 0.826264 0.562404 -0.991799 0.043933 -0.120023 -0.123879 -0.561568 0.818105 -0.776853 1.75653 2.47682</i>
                        <i>-0.0315006 0.826032 0.562742 -0.991805 0.0439109 -0.119974 -0.123813 -0.56191 0.81788 -0.776847 1.75607 2.47677</i>
                        <i>-0.0315517 0.825745 0.56316 -0.991814 0.0438835 -0.119913 -0.123731 -0.562334 0.817601 -0.77684 1.75551 2.4767</i>
                        <i>-0.0316117 0.825407 0.563652 -0.991824 0.0438513 -0.11984 -0.123634 -0.562832 0.817273 -0.776832 1.75485 2.47663</i>
                        <i>-0.0316797 0.825023 0.56421 -0.991836 0.0438146 -0.119759 -0.123524 -0.563398 0.816899 -0.776822 1.75411 2.47655</i>
                        <i>-0.031755 0.824598 0.564828 -0.991848 0.0437739 -0.119668 -0.123403 -0.564023 0.816486 -0.776812 1.7533 2.47646</i>
                        <i>-0.0318365 0.824136 0.565497 -0.991862 0.0437297 -0.11957 -0.123271 -0.564702 0.816037 -0.7768 1.75243 2.47636</i>
                        <i>-0.0319234 0.823642 0.566211 -0.991877 0.0436824 -0.119466 -0.12313 -0.565426 0.815557 -0.776788 1.75152 2.47625</i>
                        <i>-0.0320149 0.82312 0.566964 -0.991892 0.0436325 -0.119355 -0.122982 -0.566188 0.81505 -0.776775 1.75057 2.47614</i>
                        <i>-0.03211 0.822577 0.567747 -0.991909 0.0435803 -0.11924 -0.122827 -0.566982 0.814521 -0.776762 1.74961 2.47602</i>
                        <i>-0.0322079 0.822015 0.568554 -0.991925 0.0435265 -0.119122 -0.122667 -0.5678 0.813976 -0.776748 1.74863 2.4759</i>
                        <i>-0.0323077 0.821441 0.569378 -0.991942 0.0434714 -0.119001 -0.122504 -0.568635 0.813417 -0.776734 1.74765 2.47578</i>
                        <i>-0.0324086 0.820858 0.570212 -0.991959 0.0434155 -0.118879 -0.122339 -0.569479 0.812851 -0.77672 1.74668 2.47566</i>
                        <i>-0.0325097 0.820273 0.571048 -0.991976 0.0433592 -0.118756 -0.122172 -0.570327 0.812282 -0.776706 1.74574 2.47553</i>
                        <i>-0.0326102 0.819689 0.57188 -0.991993 0.0433031 -0.118634 -0.122007 -0.57117 0.811714 -0.776691 1.74484 2.47541</i>
                        <i>-0.0327093 0.819111 0.572701 -0.99201 0.0432475 -0.118513 -0.121843 -0.572002 0.811152 -0.776677 1.74399 2.47529</i>
                        <i>-0.0328061 0.818546 0.573504 -0.992027 0.043193 -0.118395 -0.121683 -0.572815 0.810602 -0.776664 1.74319 2.47517</i>
                        <i>-0.0328997 0.817996 0.574282 -0.992043 0.0431401 -0.118281 -0.121528 -0.573604 0.810068 -0.776651 1.74247 2.47505</i>
                        <i>-0.0329895 0.817468 0.575028 -0.992058 0.0430892 -0.118171 -0.121378 -0.57436 0.809554 -0.776638 1.74183 2.47494</i>
                        <i>-0.0330745 0.816967 0.575736 -0.992072 0.0430408 -0.118067 -0.121237 -0.575076 0.809067 -0.776626 1.74129 2.47483</i>
                        <i>-0.0331539 0.816497 0.576397 -0.992086 0.0429954 -0.117969 -0.121104 -0.575747 0.808609 -0.776615 1.74085 2.47473</i>
                        <i>-0.0332271 0.816063 0.577007 -0.992098 0.0429535 -0.11788 -0.120982 -0.576365 0.808188 -0.776605 1.74054 2.47464</i>
                        <i>-0.033293 0.815671 0.577557 -0.99211 0.0429156 -0.117798 -0.120871 -0.576922 0.807806 -0.776595 1.74035 2.47456</i>
                        <i>-0.0333511 0.815325 0.578042 -0.99212 0.0428822 -0.117727 -0.120774 -0.577413 0.80747 -0.776587 1.74031 2.47449</i>
                        <i>-0.0334004 0.815031 0.578454 -0.992128 0.0428538 -0.117666 -0.120691 -0.57783 0.807184 -0.77658 1.74038 2.47443</i>
                        <i>-0.0334401 0.814794 0.578786 -0.992135 0.0428308 -0.117618 -0.120624 -0.578167 0.806953 -0.776575 1.74054 2.47438</i>
                        <i>-0.0334695 0.814618 0.579031 -0.99214 0.0428138 -0.117581 -0.120574 -0.578415 0.806782 -0.77657 1.74078 2.47434</i>
                        <i>-0.0334877 0.814509 0.579184 -0.992143 0.0428033 -0.117559 -0.120544 -0.57857 0.806676 -0.776568 1.74108 2.47432</i>
                        <i>-0.0334939 0.814471 0.579236 -0.992144 0.0427996 -0.117551 -0.120533 -0.578623 0.80664 -0.776567 1.74145 2.47431</i>
                        <i>-0.0334868 0.814514 0.579176 -0.992143 0.0428038 -0.11756 -0.120545 -0.578562 0.806681 -0.776568 1.74187 2.47432</i>
                        <i>-0.033466 0.814638 0.579003 -0.992139 0.0428158 -0.117586 -0.12058 -0.578387 0.806802 -0.776571 1.74235 2.47435</i>
                        <i>-0.0334327 0.814838 0.578724 -0.992134 0.0428351 -0.117627 -0.120636 -0.578104 0.806996 -0.776576 1.74288 2.47439</i>
                        <i>-0.0333877 0.815107 0.578348 -0.992126 0.0428611 -0.117682 -0.120712 -0.577723 0.807258 -0.776582 1.74344 2.47444</i>
                        <i>-0.033332 0.815439 0.577883 -0.992116 0.0428932 -0.117751 -0.120806 -0.577252 0.807581 -0.77659 1.74405 2.47451</i>
                        <i>-0.0332667 0.815828 0.577337 -0.992105 0.0429308 -0.117831 -0.120915 -0.576699 0.807959 -0.776599 1.74469 2.47459</i>
                        <i>-0.0331926 0.816268 0.57672 -0.992093 0.0429733 -0.117922 -0.121039 -0.576073 0.808387 -0.776609 1.74535 2.47469</i>
                        <i>-0.0331108 0.816752 0.576038 -0.992079 0.04302 -0.118022 -0.121176 -0.575383 0.808858 -0.776621 1.74604 2.47479</i>
                        <i>-0.0330223 0.817275 0.575301 -0.992064 0.0430705 -0.118131 -0.121324 -0.574636 0.809366 -0.776633 1.74675 2.4749</i>
                        <i>-0.032928 0.81783 0.574517 -0.992047 0.0431241 -0.118246 -0.121481 -0.573842 0.809906 -0.776647 1.74747 2.47502</i>
                        <i>-0.032829 0.818411 0.573694 -0.992031 0.0431801 -0.118367 -0.121645 -0.573008 0.810472 -0.776661 1.7482 2.47514</i>
                        <i>-0.0327262 0.819013 0.572841 -0.992013 0.043238 -0.118492 -0.121815 -0.572143 0.811057 -0.776675 1.74893 2.47527</i>
                        <i>-0.0326206 0.819629 0.571966 -0.991995 0.0432972 -0.118621 -0.12199 -0.571257 0.811655 -0.77669 1.74966 2.4754</i>
                        <i>-0.0325133 0.820253 0.571077 -0.991977 0.0433573 -0.118752 -0.122167 -0.570356 0.812262 -0.776705 1.75038 2.47553</i>
                        <i>-0.0324052 0.820878 0.570183 -0.991959 0.0434174 -0.118883 -0.122344 -0.56945 0.812871 -0.77672 1.7511 2.47566</i>
                        <i>-0.0322973 0.821501 0.569292 -0.99194 0.0434772 -0.119014 -0.122521 -0.568548 0.813475 -0.776735 1.75179 2.47579</i>
                        <i>-0.0321909 0.822113 0.568414 -0.991922 0.0435359 -0.119143 -0.122695 -0.567657 0.814071 -0.77675 1.75247 2.47592</i>
                        <i>-0.0320867 0.82271 0.567556 -0.991905 0.0435931 -0.119268 -0.122865 -0.566788 0.814651 -0.776765 1.75312 2.47605</i>
                        <i>-0.0319861 0.823285 0.566727 -0.991888 0.0436482 -0.11939 -0.123029 -0.565948 0.81521 -0.776779 1.75374 2.47618</i>
                        <i>-0.0318899 0.823832 0.565936 -0.991871 0.0437006 -0.119506 -0.123185 -0.565146 0.815742 -0.776793 1.75432 2.47629</i>
                        <i>-0.0317992 0.824347 0.565191 -0.991856 0.0437499 -0.119615 -0.123331 -0.564392 0.816242 -0.776805 1.75487 2.4764</i>
                        <i>-0.0317152 0.824823 0.564501 -0.991842 0.0437954 -0.119716 -0.123467 -0.563693 0.816705 -0.776817 1.75537 2.47651</i>
                        <i>-0.0316389 0.825254 0.563875 -0.991829 0.0438366 -0.119808 -0.12359 -0.563058 0.817123 -0.776828 1.75581 2.4766</i>
                        <i>-0.0315714 0.825634 0.563322 -0.991817 0.0438729 -0.119889 -0.123699 -0.562498 0.817493 -0.776837 1.7562 2.47668</i>
                        <i>-0.0315137 0.825958 0.56285 -0.991808 0.0439039 -0.119958 -0.123792 -0.562019 0.817808 -0.776846 1.75654 2.47675</i>
                        <i>-0.031467 0.826221 0.562467 -0.9918 0.0439289 -0.120014 -0.123867 -0.561632 0.818063 -0.776852 1.7568 2.47681</i>
                        <i>-0.0314323 0.826415 0.562183 -0.991794 0.0439475 -0.120056 -0.123922 -0.561344 0.818252 -0.776857 1.757 2.47685</i>
                        <i>-0.0314107 0.826536 0.562007 -0.99179 0.043959 -0.120081 -0.123957 -0.561165 0.81837 -0.77686 1.75712 2.47688</i>
                        <i>-0.0314033 0.826578 0.561946 -0.991789 0.043963 -0.12009 -0.123969 -0.561103 0.81841 -0.776861 1.75716 2.47689</i>
                    </KeyFrames>
                </p>
            </i>
            <i>
                <p>
                    <Name><![CDATA[head]]></Name>
                    <Exclude>0</Exclude>
                    <Additive>0</Additive>
                    <IKPriority>0</IKPriority>
                    <IKRotLimits>-1e+010 -1e+010 -1e+010 1e+010 1e+010 1e+010</IKRotLimits>
                    <IKRotLimitOrder>0</IKRotLimitOrder>
                    <KeyFrames count="61">
                        <i>-0.0229394 0.938623 0.34418 0.00100316 0.344292 -0.938862 -0.999736 -0.0211917 -0.00883944 -0.792999 1.9822 2.61459</i>
                        <i>-0.0229438 0.941733 0.335578 0.00120703 0.335692 -0.941971 -0.999736 -0.0212073 -0.00883875 -0.793 1.98211 2.6146</i>
                        <i>-0.0229735 0.944936 0.326449 0.00141216 0.326566 -0.945173 -0.999735 -0.0212529 -0.00883675 -0.793005 1.98187 2.61464</i>
                        <i>-0.023027 0.948131 0.317045 0.00161393 0.317164 -0.948369 -0.999734 -0.0213264 -0.00883357 -0.793013 1.98147 2.61469</i>
                        <i>-0.023103 0.951234 0.307605 0.00180811 0.307726 -0.951473 -0.999731 -0.0214258 -0.00882934 -0.793023 1.98094 2.61477</i>
                        <i>-0.0232004 0.954171 0.298361 0.00199047 0.298485 -0.954412 -0.999729 -0.0215488 -0.00882419 -0.793036 1.98029 2.61487</i>
                        <i>-0.0233179 0.956877 0.289554 0.00215654 0.289681 -0.957121 -0.999726 -0.0216936 -0.00881827 -0.793052 1.97953 2.61498</i>
                        <i>-0.0234547 0.959293 0.281438 0.00230135 0.281567 -0.959539 -0.999722 -0.021858 -0.00881175 -0.793069 1.97868 2.61512</i>
                        <i>-0.02361 0.961356 0.274293 0.00241909 0.274424 -0.961606 -0.999718 -0.02204 -0.00880473 -0.793088 1.97774 2.61526</i>
                        <i>-0.0237831 0.963004 0.268437 0.00250258 0.26857 -0.963257 -0.999714 -0.0222374 -0.0087974 -0.793109 1.97673 2.61542</i>
                        <i>-0.0239734 0.964157 0.264247 0.00254291 0.264381 -0.964415 -0.999709 -0.0224484 -0.00878988 -0.793131 1.97567 2.61558</i>
                        <i>-0.0241804 0.964715 0.262184 0.00252853 0.262319 -0.964978 -0.999704 -0.0226706 -0.00878229 -0.793154 1.97457 2.61576</i>
                        <i>-0.0244012 0.964784 0.261909 0.00246745 0.262044 -0.965053 -0.999699 -0.0229022 -0.00877476 -0.793179 1.97343 2.61594</i>
                        <i>-0.0246316 0.964584 0.262624 0.00237948 0.262759 -0.964858 -0.999694 -0.0231411 -0.00876738 -0.793203 1.97229 2.61613</i>
                        <i>-0.0248689 0.964146 0.264205 0.00226774 0.26434 -0.964427 -0.999688 -0.0233851 -0.00876028 -0.793229 1.97113 2.61632</i>
                        <i>-0.0251107 0.963495 0.266546 0.00213493 0.266681 -0.963783 -0.999682 -0.0236322 -0.00875353 -0.793255 1.96999 2.61652</i>
                        <i>-0.0253545 0.962651 0.269555 0.00198339 0.26969 -0.962945 -0.999676 -0.0238804 -0.00874719 -0.79328 1.96887 2.61671</i>
                        <i>-0.0255979 0.96163 0.273154 0.00181534 0.273288 -0.96193 -0.999671 -0.0241275 -0.00874129 -0.793306 1.96779 2.61691</i>
                        <i>-0.0258384 0.960444 0.277273 0.00163277 0.277405 -0.960752 -0.999665 -0.0243716 -0.00873591 -0.793331 1.96676 2.6171</i>
