<?xml version="1.0" encoding="ISO-8859-1" ?>
<Animl Version="1">
    <ModellingPackage><![CDATA[Maya.2010]]></ModellingPackage>
    <SrcFile><![CDATA[anims\vehicles\blue\~src\air\helicopter_uh1iroquois\helicopter_uh1iroquois_takeoff_crewman_a.mb]]></SrcFile>
    <FramesPerSecond>30</FramesPerSecond>
    <TotalFrames>121</TotalFrames>
    <Skeleton>
        <RefFrame>
            <Name><![CDATA[soldier_ref_frame]]></Name>
            <Exclude>0</Exclude>
            <Additive>0</Additive>
            <IKPriority>0</IKPriority>
            <IKRotLimits>-1e+010 -1e+010 -1e+010 1e+010 1e+010 1e+010</IKRotLimits>
            <IKRotLimitOrder>0</IKRotLimitOrder>
            <KeyFrames count="121">
                <i>1 0 0 0 1 0 0 0 1 2.78 0 1.01</i>
                <i>1 0 0 0 1 0 0 0 1 2.78 0 1.01</i>
                <i>1 0 0 0 1 0 0 0 1 2.78 0 1.01</i>
                <i>1 0 0 0 1 0 0 0 1 2.78 0 1.01</i>
                <i>1 0 0 0 1 0 0 0 1 2.78 0 1.01</i>
                <i>1 0 0 0 1 0 0 0 1 2.78 0 1.01</i>
                <i>1 0 0 0 1 0 0 0 1 2.78 0 1.01</i>
                <i>1 0 0 0 1 0 0 0 1 2.78 0 1.01</i>
                <i>1 0 0 0 1 0 0 0 1 2.78 0 1.01</i>
                <i>1 0 0 0 1 0 0 0 1 2.78 0 1.01</i>
                <i>1 0 0 0 1 0 0 0 1 2.78 0 1.01</i>
                <i>1 0 0 0 1 0 0 0 1 2.78 0 1.01</i>
                <i>1 0 0 0 1 0 0 0 1 2.78 0 1.01</i>
                <i>1 0 0 0 1 0 0 0 1 2.78 0 1.01</i>
                <i>1 0 0 0 1 0 0 0 1 2.78 0 1.01</i>
                <i>1 0 0 0 1 0 0 0 1 2.78 0 1.01</i>
                <i>1 0 0 0 1 0 0 0 1 2.78 0 1.01</i>
                <i>1 0 0 0 1 0 0 0 1 2.78 0 1.01</i>
                <i>1 0 0 0 1 0 0 0 1 2.78 0 1.01</i>
                <i>1 0 0 0 1 0 0 0 1 2.78 0 1.01</i>
                <i>1 0 0 0 1 0 0 0 1 2.78 0 1.01</i>
                <i>1 0 0 0 1 0 0 0 1 2.78 0 1.01</i>
                <i>1 0 0 0 1 0 0 0 1 2.78 0 1.01</i>
                <i>1 0 0 0 1 0 0 0 1 2.78 0 1.01</i>
                <i>1 0 0 0 1 0 0 0 1 2.78 0 1.01</i>
                <i>1 0 0 0 1 0 0 0 1 2.78 0 1.01</i>
                <i>1 0 0 0 1 0 0 0 1 2.78 0 1.01</i>
                <i>1 0 0 0 1 0 0 0 1 2.78 0 1.01</i>
                <i>1 0 0 0 1 0 0 0 1 2.78 0 1.01</i>
                <i>1 0 0 0 1 0 0 0 1 2.78 0 1.01</i>
                <i>1 0 0 0 1 0 0 0 1 2.78 0 1.01</i>
                <i>1 0 0 0 1 0 0 0 1 2.78 0 1.01</i>
                <i>1 0 0 0 1 0 0 0 1 2.78 0 1.01</i>
                <i>1 0 0 0 1 0 0 0 1 2.78 0 1.01</i>
                <i>1 0 0 0 1 0 0 0 1 2.78 0 1.01</i>
                <i>1 0 0 0 1 0 0 0 1 2.78 0 1.01</i>
                <i>1 0 0 0 1 0 0 0 1 2.78 0 1.01</i>
                <i>1 0 0 0 1 0 0 0 1 2.78 0 1.01</i>
                <i>1 0 0 0 1 0 0 0 1 2.78 0 1.01</i>
                <i>1 0 0 0 1 0 0 0 1 2.78 0 1.01</i>
                <i>1 0 0 0 1 0 0 0 1 2.78 0 1.01</i>
                <i>1 0 0 0 1 0 0 0 1 2.78 0 1.01</i>
                <i>1 0 0 0 1 0 0 0 1 2.78 0 1.01</i>
                <i>1 0 0 0 1 0 0 0 1 2.78 0 1.01</i>
                <i>1 0 0 0 1 0 0 0 1 2.78 0 1.01</i>
                <i>1 0 0 0 1 0 0 0 1 2.78 0 1.01</i>
                <i>1 0 0 0 1 0 0 0 1 2.78 0 1.01</i>
                <i>1 0 0 0 1 0 0 0 1 2.78 0 1.01</i>
                <i>1 0 0 0 1 0 0 0 1 2.78 0 1.01</i>
                <i>1 0 0 0 1 0 0 0 1 2.78 0 1.01</i>
                <i>1 0 0 0 1 0 0 0 1 2.78 0 1.01</i>
                <i>1 0 0 0 1 0 0 0 1 2.78 0 1.01</i>
                <i>1 0 0 0 1 0 0 0 1 2.78 0 1.01</i>
                <i>1 0 0 0 1 0 0 0 1 2.78 0 1.01</i>
                <i>1 0 0 0 1 0 0 0 1 2.78 0 1.01</i>
                <i>1 0 0 0 1 0 0 0 1 2.78 0 1.01</i>
                <i>1 0 0 0 1 0 0 0 1 2.78 0 1.01</i>
                <i>1 0 0 0 1 0 0 0 1 2.78 0 1.01</i>
                <i>1 0 0 0 1 0 0 0 1 2.78 0 1.01</i>
                <i>1 0 0 0 1 0 0 0 1 2.78 0 1.01</i>
                <i>1 0 0 0 1 0 0 0 1 2.78 0 1.01</i>
                <i>1 0 0 0 1 0 0 0 1 2.78 0 1.01</i>
                <i>1 0 0 0 1 0 0 0 1 2.78 0 1.01</i>
                <i>1 0 0 0 1 0 0 0 1 2.78 0 1.01</i>
                <i>1 0 0 0 1 0 0 0 1 2.78 0 1.01</i>
                <i>1 0 0 0 1 0 0 0 1 2.78 0 1.01</i>
                <i>1 0 0 0 1 0 0 0 1 2.78 0 1.01</i>
                <i>1 0 0 0 1 0 0 0 1 2.78 0 1.01</i>
                <i>1 0 0 0 1 0 0 0 1 2.78 0 1.01</i>
                <i>1 0 0 0 1 0 0 0 1 2.78 0 1.01</i>
                <i>1 0 0 0 1 0 0 0 1 2.78 0 1.01</i>
                <i>1 0 0 0 1 0 0 0 1 2.78 0 1.01</i>
                <i>1 0 0 0 1 0 0 0 1 2.78 0 1.01</i>
                <i>1 0 0 0 1 0 0 0 1 2.78 0 1.01</i>
                <i>1 0 0 0 1 0 0 0 1 2.78 0 1.01</i>
                <i>1 0 0 0 1 0 0 0 1 2.78 0 1.01</i>
                <i>1 0 0 0 1 0 0 0 1 2.78 0 1.01</i>
                <i>1 0 0 0 1 0 0 0 1 2.78 0 1.01</i>
                <i>1 0 0 0 1 0 0 0 1 2.78 0 1.01</i>
                <i>1 0 0 0 1 0 0 0 1 2.78 0 1.01</i>
                <i>1 0 0 0 1 0 0 0 1 2.78 0 1.01</i>
                <i>1 0 0 0 1 0 0 0 1 2.78 0 1.01</i>
                <i>1 0 0 0 1 0 0 0 1 2.78 0 1.01</i>
                <i>1 0 0 0 1 0 0 0 1 2.78 0 1.01</i>
                <i>1 0 0 0 1 0 0 0 1 2.78 0 1.01</i>
                <i>1 0 0 0 1 0 0 0 1 2.78 0 1.01</i>
                <i>1 0 0 0 1 0 0 0 1 2.78 0 1.01</i>
                <i>1 0 0 0 1 0 0 0 1 2.78 0 1.01</i>
                <i>1 0 0 0 1 0 0 0 1 2.78 0 1.01</i>
                <i>1 0 0 0 1 0 0 0 1 2.78 0 1.01</i>
                <i>1 0 0 0 1 0 0 0 1 2.78 0 1.01</i>
                <i>1 0 0 0 1 0 0 0 1 2.78 0 1.01</i>
                <i>1 0 0 0 1 0 0 0 1 2.78 0 1.01</i>
                <i>1 0 0 0 1 0 0 0 1 2.78 0 1.01</i>
                <i>1 0 0 0 1 0 0 0 1 2.78 0 1.01</i>
                <i>1 0 0 0 1 0 0 0 1 2.78 0 1.01</i>
                <i>1 0 0 0 1 0 0 0 1 2.78 0 1.01</i>
                <i>1 0 0 0 1 0 0 0 1 2.78 0 1.01</i>
                <i>1 0 0 0 1 0 0 0 1 2.78 0 1.01</i>
                <i>1 0 0 0 1 0 0 0 1 2.78 0 1.01</i>
                <i>1 0 0 0 1 0 0 0 1 2.78 0 1.01</i>
                <i>1 0 0 0 1 0 0 0 1 2.78 0 1.01</i>
                <i>1 0 0 0 1 0 0 0 1 2.78 0 1.01</i>
                <i>1 0 0 0 1 0 0 0 1 2.78 0 1.01</i>
                <i>1 0 0 0 1 0 0 0 1 2.78 0 1.01</i>
                <i>1 0 0 0 1 0 0 0 1 2.78 0 1.01</i>
                <i>1 0 0 0 1 0 0 0 1 2.78 0 1.01</i>
                <i>1 0 0 0 1 0 0 0 1 2.78 0 1.01</i>
                <i>1 0 0 0 1 0 0 0 1 2.78 0 1.01</i>
                <i>1 0 0 0 1 0 0 0 1 2.78 0 1.01</i>
                <i>1 0 0 0 1 0 0 0 1 2.78 0 1.01</i>
                <i>1 0 0 0 1 0 0 0 1 2.78 0 1.01</i>
                <i>1 0 0 0 1 0 0 0 1 2.78 0 1.01</i>
                <i>1 0 0 0 1 0 0 0 1 2.78 0 1.01</i>
                <i>1 0 0 0 1 0 0 0 1 2.78 0 1.01</i>
                <i>1 0 0 0 1 0 0 0 1 2.78 0 1.01</i>
                <i>1 0 0 0 1 0 0 0 1 2.78 0 1.01</i>
                <i>1 0 0 0 1 0 0 0 1 2.78 0 1.01</i>
                <i>1 0 0 0 1 0 0 0 1 2.78 0 1.01</i>
                <i>1 0 0 0 1 0 0 0 1 2.78 0 1.01</i>
                <i>1 0 0 0 1 0 0 0 1 2.78 0 1.01</i>
            </KeyFrames>
        </RefFrame>
        <Bones count="23">
            <i>
                <p>
                    <Name><![CDATA[pelvis]]></Name>
                    <Exclude>0</Exclude>
                    <Additive>0</Additive>
                    <IKPriority>0</IKPriority>
                    <IKRotLimits>-1e+010 -1e+010 -1e+010 1e+010 1e+010 1e+010</IKRotLimits>
                    <IKRotLimitOrder>2</IKRotLimitOrder>
                    <KeyFrames count="121">
                        <i>1 0 0 0 1 0 0 0 1 1.51 2.02 1.06097</i>
                        <i>1 0 0 0 1 0 0 0 1 1.51 2.00291 1.06097</i>
                        <i>1 0 0 0 1 0 0 0 1 1.51 1.98351 1.06097</i>
                        <i>1 0 0 0 1 0 0 0 1 1.51 1.96296 1.06097</i>
                        <i>1 0 0 0 1 0 0 0 1 1.51 1.94241 1.06097</i>
                        <i>1 0 0 0 1 0 0 0 1 1.51 1.92302 1.06097</i>
                        <i>1 0 0 0 1 0 0 0 1 1.51 1.90593 1.06097</i>
                        <i>1 0 0 0 1 0 0 0 1 1.51 1.89229 1.06097</i>
                        <i>1 0 0 0 1 0 0 0 1 1.51 1.88326 1.06097</i>
                        <i>1 0 0 0 1 0 0 0 1 1.51 1.88 1.06097</i>
                        <i>1 0 0 0 1 0 0 0 1 1.47208 1.87296 1.07161</i>
                        <i>1 0 0 0 1 0 0 0 1 1.37384 1.85648 1.10164</i>
                        <i>1 0 0 0 1 0 0 0 1 1.23856 1.83752 1.14825</i>
                        <i>1 0 0 0 1 0 0 0 1 1.08952 1.82304 1.20864</i>
                        <i>1 0 0 0 1 0 0 0 1 0.95 1.82 1.28</i>
                        <i>1 0 0 0 1 0 0 0 1 0.80336 1.834 1.36618</i>
                        <i>1 0 0 0 1 0 0 0 1 0.63408 1.8604 1.46905</i>
                        <i>1 0 0 0 1 0 0 0 1 0.46712 1.8908 1.58283</i>
                        <i>1 0 0 0 1 0 0 0 1 0.32744 1.9168 1.70174</i>
                        <i>1 0 0 0 1 0 0 0 1 0.24 1.93 1.82</i>
                        <i>1 0 0 0 1 0 0 0 1 0.21552 1.93264 1.94832</i>
                        <i>1 0 0 0 1 0 0 0 1 0.23736 1.93032 2.09056</i>
                        <i>1 0 0 0 1 0 0 0 1 0.28944 1.91968 2.23064</i>
                        <i>1 0 0 0 1 0 0 0 1 0.35568 1.89736 2.35248</i>
                        <i>1 0 0 0 1 0 0 0 1 0.42 1.86 2.44</i>
                        <i>1 0 0 0 1 0 0 0 1 0.49232 1.79672 2.4836</i>
                        <i>1 0 0 0 1 0 0 0 1 0.58336 1.70976 2.494</i>
                        <i>1 0 0 0 1 0 0 0 1 0.67824 1.61544 2.4856</i>
                        <i>1 0 0 0 1 0 0 0 1 0.76208 1.53008 2.4728</i>
                        <i>1 0 0 0 1 0 0 0 1 0.82 1.47 2.47</i>
                        <i>1 0 0 0 1 0 0 0 1 0.8456 1.44032 2.47821</i>
                        <i>1 0 0 0 1 0 0 0 1 0.8488 1.43016 2.48784</i>
                        <i>1 0 0 0 1 0 0 0 1 0.8392 1.43184 2.49736</i>
                        <i>1 0 0 0 1 0 0 0 1 0.8264 1.43768 2.50525</i>
                        <i>1 0 0 0 1 0 0 0 1 0.82 1.44 2.51</i>
                        <i>1 0 0 0 1 0 0 0 1 0.82 1.44 2.51</i>
                        <i>1 0 0 0 1 0 0 0 1 0.82 1.44 2.51</i>
                        <i>1 0 0 0 1 0 0 0 1 0.82 1.44 2.51</i>
                        <i>1 0 0 0 1 0 0 0 1 0.82 1.44 2.51</i>
                        <i>1 0 0 0 1 0 0 0 1 0.82 1.44 2.51</i>
                        <i>1 0 0 0 1 0 0 0 1 0.82 1.44 2.51</i>
                        <i>1 0 0 0 1 0 0 0 1 0.82 1.44 2.51</i>
                        <i>1 0 0 0 1 0 0 0 1 0.82 1.44 2.51</i>
                        <i>1 0 0 0 1 0 0 0 1 0.82 1.44 2.51</i>
                        <i>1 0 0 0 1 0 0 0 1 0.82 1.44 2.51</i>
                        <i>1 0 0 0 1 0 0 0 1 0.82 1.44 2.51</i>
                        <i>1 0 0 0 1 0 0 0 1 0.82 1.44 2.51</i>
                        <i>1 0 0 0 1 0 0 0 1 0.82 1.44 2.51</i>
                        <i>1 0 0 0 1 0 0 0 1 0.82 1.44 2.51</i>
                        <i>1 0 0 0 1 0 0 0 1 0.82 1.44 2.51</i>
                        <i>1 0 0 0 1 0 0 0 1 0.82 1.44 2.51</i>
                        <i>1 0 0 0 1 0 0 0 1 0.82 1.44 2.51</i>
                        <i>1 0 0 0 1 0 0 0 1 0.82 1.44 2.51</i>
                        <i>1 0 0 0 1 0 0 0 1 0.82 1.44 2.51</i>
                        <i>1 0 0 0 1 0 0 0 1 0.82 1.44 2.51</i>
                        <i>1 0 0 0 1 0 0 0 1 0.82 1.44 2.51</i>
                        <i>1 0 0 0 1 0 0 0 1 0.82 1.44 2.51</i>
                        <i>1 0 0 0 1 0 0 0 1 0.82 1.44 2.51</i>
                        <i>1 0 0 0 1 0 0 0 1 0.82 1.44 2.51</i>
                        <i>1 0 0 0 1 0 0 0 1 0.82 1.44 2.51</i>
                        <i>1 0 0 0 1 0 0 0 1 0.82 1.44 2.51</i>
                        <i>1 0 0 0 1 0 0 0 1 0.82 1.44 2.51</i>
                        <i>1 0 0 0 1 0 0 0 1 0.82 1.44 2.51</i>
                        <i>1 0 0 0 1 0 0 0 1 0.82 1.44 2.51</i>
                        <i>1 0 0 0 1 0 0 0 1 0.82 1.44 2.51</i>
                        <i>1 0 0 0 1 0 0 0 1 0.82 1.44 2.51</i>
                        <i>1 0 0 0 1 0 0 0 1 0.82 1.44 2.51</i>
                        <i>1 0 0 0 1 0 0 0 1 0.82 1.44 2.51</i>
                        <i>1 0 0 0 1 0 0 0 1 0.82 1.44 2.51</i>
                        <i>1 0 0 0 1 0 0 0 1 0.82 1.44 2.51</i>
                        <i>1 0 0 0 1 0 0 0 1 0.82 1.44 2.51</i>
                        <i>1 0 0 0 1 0 0 0 1 0.82 1.44 2.51</i>
                        <i>1 0 0 0 1 0 0 0 1 0.82 1.44 2.51</i>
                        <i>1 0 0 0 1 0 0 0 1 0.82 1.44 2.51</i>
                        <i>1 0 0 0 1 0 0 0 1 0.82 1.44 2.51</i>
                        <i>1 0 0 0 1 0 0 0 1 0.82 1.44 2.51</i>
                        <i>1 0 0 0 1 0 0 0 1 0.82 1.44 2.51</i>
                        <i>1 0 0 0 1 0 0 0 1 0.82 1.44 2.51</i>
                        <i>1 0 0 0 1 0 0 0 1 0.82 1.44 2.51</i>
                        <i>1 0 0 0 1 0 0 0 1 0.82 1.44 2.51</i>
                        <i>1 0 0 0 1 0 0 0 1 0.82 1.44 2.51</i>
                        <i>1 0 0 0 1 0 0 0 1 0.82 1.44 2.51</i>
                        <i>1 0 0 0 1 0 0 0 1 0.82 1.44 2.51</i>
                        <i>1 0 0 0 1 0 0 0 1 0.82 1.44 2.51</i>
                        <i>1 0 0 0 1 0 0 0 1 0.82 1.44 2.51</i>
                        <i>1 0 0 0 1 0 0 0 1 0.82 1.44 2.51</i>
                        <i>1 0 0 0 1 0 0 0 1 0.82 1.44 2.51</i>
                        <i>1 0 0 0 1 0 0 0 1 0.82 1.44 2.51</i>
                        <i>1 0 0 0 1 0 0 0 1 0.82 1.44 2.51</i>
                        <i>1 0 0 0 1 0 0 0 1 0.82 1.44 2.51</i>
                        <i>1 0 0 0 1 0 0 0 1 0.82 1.44 2.51</i>
                        <i>1 0 0 0 1 0 0 0 1 0.82 1.44 2.51</i>
                        <i>1 0 0 0 1 0 0 0 1 0.82 1.44 2.51</i>
                        <i>1 0 0 0 1 0 0 0 1 0.82 1.44 2.51</i>
                        <i>1 0 0 0 1 0 0 0 1 0.82 1.44 2.51</i>
                        <i>1 0 0 0 1 0 0 0 1 0.82 1.44 2.51</i>
                        <i>1 0 0 0 1 0 0 0 1 0.82 1.44 2.51</i>
                        <i>1 0 0 0 1 0 0 0 1 0.82 1.44 2.51</i>
                        <i>1 0 0 0 1 0 0 0 1 0.82 1.44 2.51</i>
                        <i>1 0 0 0 1 0 0 0 1 0.82 1.44 2.51</i>
                        <i>1 0 0 0 1 0 0 0 1 0.82 1.44 2.51</i>
                        <i>1 0 0 0 1 0 0 0 1 0.82 1.44 2.51</i>
                        <i>1 0 0 0 1 0 0 0 1 0.82 1.44 2.51</i>
                        <i>1 0 0 0 1 0 0 0 1 0.82 1.44 2.51</i>
                        <i>1 0 0 0 1 0 0 0 1 0.82 1.44 2.51</i>
                        <i>1 0 0 0 1 0 0 0 1 0.82 1.44 2.51</i>
                        <i>1 0 0 0 1 0 0 0 1 0.82 1.44 2.51</i>
                        <i>1 0 0 0 1 0 0 0 1 0.82 1.44 2.51</i>
                        <i>1 0 0 0 1 0 0 0 1 0.82 1.44 2.51</i>
                        <i>1 0 0 0 1 0 0 0 1 0.82 1.44 2.51</i>
                        <i>1 0 0 0 1 0 0 0 1 0.82 1.44 2.51</i>
                        <i>1 0 0 0 1 0 0 0 1 0.82 1.44 2.51</i>
                        <i>1 0 0 0 1 0 0 0 1 0.82 1.44 2.51</i>
                        <i>1 0 0 0 1 0 0 0 1 0.82 1.44 2.51</i>
                        <i>1 0 0 0 1 0 0 0 1 0.82 1.44 2.51</i>
                        <i>1 0 0 0 1 0 0 0 1 0.82 1.44 2.51</i>
                        <i>1 0 0 0 1 0 0 0 1 0.82 1.44 2.51</i>
                        <i>1 0 0 0 1 0 0 0 1 0.82 1.44 2.51</i>
                        <i>1 0 0 0 1 0 0 0 1 0.82 1.44 2.51</i>
                        <i>1 0 0 0 1 0 0 0 1 0.82 1.44 2.51</i>
                        <i>1 0 0 0 1 0 0 0 1 0.82 1.44 2.51</i>
                    </KeyFrames>
                </p>
            </i>
            <i>
                <p>
                    <Name><![CDATA[spine0]]></Name>
                    <Exclude>0</Exclude>
                    <Additive>0</Additive>
                    <IKPriority>0</IKPriority>
                    <IKRotLimits>-1e+010 -1e+010 -1e+010 1e+010 1e+010 1e+010</IKRotLimits>
                    <IKRotLimitOrder>0</IKRotLimitOrder>
                    <KeyFrames count="121">
                        <i>0.199727 0.972735 0.117879 -0.971404 0.21233 -0.106254 -0.128386 -0.093286 0.987327 1.53898 2.15281 1.01389</i>
                        <i>0.213669 0.968155 0.130466 -0.966079 0.229236 -0.118923 -0.145043 -0.10063 0.984295 1.5408 2.13583 1.01536</i>
                        <i>0.229068 0.962562 0.144923 -0.959484 0.248368 -0.133052 -0.164065 -0.108573 0.980456 1.54282 2.11652 1.01705</i>
                        <i>0.24486 0.956195 0.160423 -0.951875 0.268538 -0.147724 -0.184332 -0.116531 0.975931 1.5449 2.09602 1.01884</i>
                        <i>0.26008 0.949395 0.176092 -0.943641 0.288566 -0.162082 -0.204693 -0.124013 0.970938 1.54694 2.07548 1.02065</i>
                        <i>0.27389 0.942601 0.191017 -0.935317 0.307306 -0.17534 -0.223977 -0.130637 0.965799 1.54881 2.05606 1.02236</i>
                        <i>0.285592 0.93633 0.204261 -0.927553 0.323661 -0.186783 -0.241003 -0.13612 0.960931 1.55041 2.03892 1.02387</i>
                        <i>0.294599 0.931149 0.21488 -0.921082 0.336587 -0.195749 -0.254598 -0.140255 0.956822 1.55167 2.02523 1.02508</i>
                        <i>0.300397 0.927636 0.221932 -0.916666 0.345078 -0.201605 -0.263599 -0.142876 0.953993 1.55248 2.01616 1.02588</i>
                        <i>0.302461 0.926349 0.224486 -0.915044 0.348135 -0.203707 -0.266855 -0.143801 0.952948 1.55278 2.01287 1.02617</i>
                        <i>0.258668 0.938418 0.229048 -0.918789 0.312216 -0.241553 -0.298191 -0.147965 0.942968 1.51431 2.0056 1.03527</i>
                        <i>0.150233 0.959925 0.236587 -0.917267 0.224617 -0.328889 -0.36885 -0.167604 0.914253 1.41518 1.98853 1.06228</i>
                        <i>0.0126634 0.970842 0.239385 -0.896575 0.11702 -0.427153 -0.442711 -0.209218 0.871915 1.2795 1.969 1.10663</i>
                        <i>-0.116032 0.9649 0.235595 -0.862625 0.0196828 -0.505461 -0.492357 -0.26188 0.830063 1.13029 1.95434 1.16629</i>
                        <i>-0.197775 0.952896 0.229942 -0.838487 -0.0429445 -0.543226 -0.507764 -0.30024 0.807485 0.989891 1.9515 1.23744</i>
                        <i>-0.22585 0.948113 0.223773 -0.833363 -0.0690841 -0.548392 -0.504478 -0.310339 0.805725 0.841551 1.96585 1.32314</i>
                        <i>-0.225219 0.950072 0.215962 -0.839191 -0.076545 -0.538423 -0.49501 -0.302497 0.814531 0.670023 1.99267 1.42537</i>
                        <i>-0.206648 0.955514 0.210452 -0.856625 -0.0727613 -0.510784 -0.472748 -0.285831 0.833553 0.499925 2.02353 1.53809</i>
                        <i>-0.180293 0.960912 0.210102 -0.884571 -0.0649848 -0.461857 -0.43015 -0.269119 0.861711 0.355858 2.05 1.65542</i>
                        <i>-0.155059 0.963922 0.216359 -0.919904 -0.0610313 -0.387366 -0.360185 -0.259094 0.896179 0.262349 2.06359 1.77153</i>
                        <i>-0.123785 0.965281 0.230022 -0.964616 -0.0626719 -0.256101 -0.232794 -0.253585 0.938883 0.227952 2.06669 1.8976</i>
                        <i>-0.0761114 0.967556 0.240922 -0.995941 -0.0621277 -0.0651268 -0.0480459 -0.244901 0.968357 0.236723 2.06482 2.03951</i>
                        <i>-0.020946 0.971177 0.237436 -0.988895 -0.055075 0.138034 0.147132 -0.231908 0.961546 0.276284 2.05433 2.18172</i>
                        <i>0.026768 0.975503 0.218352 -0.952542 -0.0413669 0.301583 0.303228 -0.216062 0.9281 0.33309 2.03175 2.30639</i>
                        <i>0.0531682 0.979861 0.192473 -0.92356 -0.0250477 0.382636 0.379751 -0.198105 0.903628 0.392076 1.99356 2.39442</i>
                        <i>0.0540865 0.985072 0.163425 -0.93235 -0.00877369 0.361452 0.35749 -0.171919 0.917957 0.463503 1.92821 2.43284</i>
                        <i>0.0426941 0.991045 0.126523 -0.963947 0.00756923 0.265987 0.262647 -0.133317 0.955637 0.558128 1.83751 2.43285</i>
                        <i>0.0345163 0.99613 0.0808363 -0.990824 0.0235316 0.133097 0.130679 -0.0846885 0.987801 0.661072 1.73792 2.41212</i>
                        <i>0.0379508 0.998703 0.0339494 -0.999276 0.0378375 0.00397403 0.00268431 -0.0340757 0.999416 0.755123 1.64664 2.38877</i>
                        <i>0.0501314 0.998742 0.000901264 -0.995522 0.0500421 -0.080195 -0.0801393 0.00312306 0.996779 0.820461 1.58204 2.37976</i>
                        <i>0.0644406 0.99787 -0.0101107 -0.991572 0.0628862 -0.113267 -0.11239 0.0173245 0.993513 0.848702 1.55075 2.38606</i>
                        <i>0.0784198 0.9969 -0.00641284 -0.989605 0.0770649 -0.121419 -0.120549 0.0158679 0.992581 0.852237 1.54101 2.39621</i>
                        <i>0.0899969 0.995932 0.00445388 -0.989389 0.0899161 -0.114121 -0.114057 0.00586389 0.993457 0.841647 1.54421 2.40757</i>
                        <i>0.0982116 0.995045 0.0155039 -0.989863 0.0992826 -0.101561 -0.102597 -0.00537227 0.994709 0.827563 1.55168 2.41752</i>
                        <i>0.1027 0.9945 0.0205652 -0.989998 0.104202 -0.0951081 -0.0967279 -0.0105919 0.995255 0.820539 1.55486 2.42338</i>
                        <i>0.102457 0.994535 0.0200695 -0.990037 0.103911 -0.0950188 -0.0965849 -0.0101342 0.995273 0.820539 1.55486 2.42338</i>
                        <i>0.101818 0.994627 0.0187282 -0.99014 0.103144 -0.0947824 -0.0962048 -0.00889296 0.995322 0.820539 1.55486 2.42338</i>
                        <i>0.100928 0.994752 0.0167661 -0.990284 0.102066 -0.0944506 -0.0956663 -0.00707046 0.995388 0.820539 1.55486 2.42338</i>
                        <i>0.0999297 0.99489 0.0144098 -0.990444 0.100846 -0.0940746 -0.0950471 -0.00487129 0.995461 0.820539 1.55486 2.42338</i>
                        <i>0.0989467 0.995022 0.0118809 -0.990603 0.0996261 -0.0936988 -0.094416 -0.00249811 0.99553 0.820539 1.55486 2.42338</i>
                        <i>0.0980708 0.995135 0.00938884 -0.990746 0.0985191 -0.0933577 -0.0938285 -0.000146297 0.995588 0.820539 1.55486 2.42338</i>
                        <i>0.0973586 0.995224 0.00712579 -0.990864 0.0975985 -0.0930739 -0.0933248 0.00200086 0.995634 0.820539 1.55486 2.42338</i>
                        <i>0.096835 0.995287 0.00526483 -0.990952 0.0969045 -0.0928599 -0.0929324 0.00377489 0.995665 0.820539 1.55486 2.42338</i>
                        <i>0.0965035 0.995325 0.00396353 -0.991009 0.0964543 -0.0927211 -0.0926699 0.00502001 0.995684 0.820539 1.55486 2.42338</i>
                        <i>0.0963629 0.995341 0.00337337 -0.991034 0.09626 -0.0926612 -0.0925541 0.00558597 0.995692 0.820539 1.55486 2.42338</i>
                        <i>0.0963629 0.995341 0.00337337 -0.991034 0.09626 -0.0926612 -0.0925541 0.00558597 0.995692 0.820539 1.55486 2.42338</i>
                        <i>0.0963629 0.995341 0.00337337 -0.991034 0.09626 -0.0926612 -0.0925541 0.00558597 0.995692 0.820539 1.55486 2.42338</i>
                        <i>0.0963629 0.995341 0.00337337 -0.991034 0.09626 -0.0926612 -0.0925541 0.00558597 0.995692 0.820539 1.55486 2.42338</i>
                        <i>0.0963629 0.995341 0.00337337 -0.991034 0.09626 -0.0926612 -0.0925541 0.00558597 0.995692 0.820539 1.55486 2.42338</i>
                        <i>0.0963629 0.995341 0.00337337 -0.991034 0.09626 -0.0926612 -0.0925541 0.00558597 0.995692 0.820539 1.55486 2.42338</i>
                        <i>0.0963629 0.995341 0.00337337 -0.991034 0.09626 -0.0926612 -0.0925541 0.00558597 0.995692 0.820539 1.55486 2.42338</i>
                        <i>0.0963629 0.995341 0.00337337 -0.991034 0.09626 -0.0926612 -0.0925541 0.00558597 0.995692 0.820539 1.55486 2.42338</i>
                        <i>0.0963629 0.995341 0.00337337 -0.991034 0.09626 -0.0926612 -0.0925541 0.00558597 0.995692 0.820539 1.55486 2.42338</i>
                        <i>0.0963629 0.995341 0.00337337 -0.991034 0.09626 -0.0926612 -0.0925541 0.00558597 0.995692 0.820539 1.55486 2.42338</i>
                        <i>0.0963629 0.995341 0.00337337 -0.991034 0.09626 -0.0926612 -0.0925541 0.00558597 0.995692 0.820539 1.55486 2.42338</i>
                        <i>0.0963629 0.995341 0.00337337 -0.991034 0.09626 -0.0926612 -0.0925541 0.00558597 0.995692 0.820539 1.55486 2.42338</i>
                        <i>0.0963629 0.995341 0.00337337 -0.991034 0.09626 -0.0926612 -0.0925541 0.00558597 0.995692 0.820539 1.55486 2.42338</i>
                        <i>0.0963629 0.995341 0.00337337 -0.991034 0.09626 -0.0926612 -0.0925541 0.00558597 0.995692 0.820539 1.55486 2.42338</i>
                        <i>0.0963629 0.995341 0.00337337 -0.991034 0.09626 -0.0926612 -0.0925541 0.00558597 0.995692 0.820539 1.55486 2.42338</i>
                        <i>0.0963629 0.995341 0.00337337 -0.991034 0.09626 -0.0926612 -0.0925541 0.00558597 0.995692 0.820539 1.55486 2.42338</i>
                        <i>0.0963629 0.995341 0.00337337 -0.991034 0.09626 -0.0926612 -0.0925541 0.00558597 0.995692 0.820539 1.55486 2.42338</i>
                        <i>0.0963629 0.995341 0.00337337 -0.991034 0.09626 -0.0926612 -0.0925541 0.00558597 0.995692 0.820539 1.55486 2.42338</i>
                        <i>0.0963629 0.995341 0.00337337 -0.991034 0.09626 -0.0926612 -0.0925541 0.00558597 0.995692 0.820539 1.55486 2.42338</i>
                        <i>0.0963629 0.995341 0.00337337 -0.991034 0.09626 -0.0926612 -0.0925541 0.00558597 0.995692 0.820539 1.55486 2.42338</i>
                        <i>0.0963629 0.995341 0.00337337 -0.991034 0.09626 -0.0926612 -0.0925541 0.00558597 0.995692 0.820539 1.55486 2.42338</i>
                        <i>0.0963629 0.995341 0.00337337 -0.991034 0.09626 -0.0926612 -0.0925541 0.00558597 0.995692 0.820539 1.55486 2.42338</i>
                        <i>0.0963629 0.995341 0.00337337 -0.991034 0.09626 -0.0926612 -0.0925541 0.00558597 0.995692 0.820539 1.55486 2.42338</i>
                        <i>0.0963629 0.995341 0.00337337 -0.991034 0.09626 -0.0926612 -0.0925541 0.00558597 0.995692 0.820539 1.55486 2.42338</i>
                        <i>0.0963629 0.995341 0.00337337 -0.991034 0.09626 -0.0926612 -0.0925541 0.00558597 0.995692 0.820539 1.55486 2.42338</i>
                        <i>0.0963629 0.995341 0.00337337 -0.991034 0.09626 -0.0926612 -0.0925541 0.00558597 0.995692 0.820539 1.55486 2.42338</i>
                        <i>0.0963629 0.995341 0.00337337 -0.991034 0.09626 -0.0926612 -0.0925541 0.00558597 0.995692 0.820539 1.55486 2.42338</i>
                        <i>0.0963629 0.995341 0.00337337 -0.991034 0.09626 -0.0926612 -0.0925541 0.00558597 0.995692 0.820539 1.55486 2.42338</i>
                        <i>0.0963629 0.995341 0.00337337 -0.991034 0.09626 -0.0926612 -0.0925541 0.00558597 0.995692 0.820539 1.55486 2.42338</i>
                        <i>0.0963629 0.995341 0.00337337 -0.991034 0.09626 -0.0926612 -0.0925541 0.00558597 0.995692 0.820539 1.55486 2.42338</i>
                        <i>0.0963629 0.995341 0.00337337 -0.991034 0.09626 -0.0926612 -0.0925541 0.00558597 0.995692 0.820539 1.55486 2.42338</i>
                        <i>0.0963629 0.995341 0.00337337 -0.991034 0.09626 -0.0926612 -0.0925541 0.00558597 0.995692 0.820539 1.55486 2.42338</i>
                        <i>0.0963629 0.995341 0.00337337 -0.991034 0.09626 -0.0926612 -0.0925541 0.00558597 0.995692 0.820539 1.55486 2.42338</i>
                        <i>0.0963629 0.995341 0.00337337 -0.991034 0.09626 -0.0926612 -0.0925541 0.00558597 0.995692 0.820539 1.55486 2.42338</i>
                        <i>0.0963629 0.995341 0.00337337 -0.991034 0.09626 -0.0926612 -0.0925541 0.00558597 0.995692 0.820539 1.55486 2.42338</i>
                        <i>0.0963629 0.995341 0.00337337 -0.991034 0.09626 -0.0926612 -0.0925541 0.00558597 0.995692 0.820539 1.55486 2.42338</i>
                        <i>0.0963629 0.995341 0.00337337 -0.991034 0.09626 -0.0926612 -0.0925541 0.00558597 0.995692 0.820539 1.55486 2.42338</i>
                        <i>0.0963629 0.995341 0.00337337 -0.991034 0.09626 -0.0926612 -0.0925541 0.00558597 0.995692 0.820539 1.55486 2.42338</i>
                        <i>0.0963629 0.995341 0.00337337 -0.991034 0.09626 -0.0926612 -0.0925541 0.00558597 0.995692 0.820539 1.55486 2.42338</i>
                        <i>0.0963629 0.995341 0.00337337 -0.991034 0.09626 -0.0926612 -0.0925541 0.00558597 0.995692 0.820539 1.55486 2.42338</i>
                        <i>0.0963629 0.995341 0.00337337 -0.991034 0.09626 -0.0926612 -0.0925541 0.00558597 0.995692 0.820539 1.55486 2.42338</i>
                        <i>0.0963629 0.995341 0.00337337 -0.991034 0.09626 -0.0926612 -0.0925541 0.00558597 0.995692 0.820539 1.55486 2.42338</i>
                        <i>0.0963629 0.995341 0.00337337 -0.991034 0.09626 -0.0926612 -0.0925541 0.00558597 0.995692 0.820539 1.55486 2.42338</i>
                        <i>0.0963629 0.995341 0.00337337 -0.991034 0.09626 -0.0926612 -0.0925541 0.00558597 0.995692 0.820539 1.55486 2.42338</i>
                        <i>0.0963629 0.995341 0.00337337 -0.991034 0.09626 -0.0926612 -0.0925541 0.00558597 0.995692 0.820539 1.55486 2.42338</i>
                        <i>0.0963629 0.995341 0.00337337 -0.991034 0.09626 -0.0926612 -0.0925541 0.00558597 0.995692 0.820539 1.55486 2.42338</i>
                        <i>0.0963629 0.995341 0.00337337 -0.991034 0.09626 -0.0926612 -0.0925541 0.00558597 0.995692 0.820539 1.55486 2.42338</i>
                        <i>0.0963629 0.995341 0.00337337 -0.991034 0.09626 -0.0926612 -0.0925541 0.00558597 0.995692 0.820539 1.55486 2.42338</i>
                        <i>0.0963629 0.995341 0.00337337 -0.991034 0.09626 -0.0926612 -0.0925541 0.00558597 0.995692 0.820539 1.55486 2.42338</i>
                        <i>0.0963629 0.995341 0.00337337 -0.991034 0.09626 -0.0926612 -0.0925541 0.00558597 0.995692 0.820539 1.55486 2.42338</i>
                        <i>0.0963629 0.995341 0.00337337 -0.991034 0.09626 -0.0926612 -0.0925541 0.00558597 0.995692 0.820539 1.55486 2.42338</i>
                        <i>0.0963629 0.995341 0.00337337 -0.991034 0.09626 -0.0926612 -0.0925541 0.00558597 0.995692 0.820539 1.55486 2.42338</i>
                        <i>0.0963629 0.995341 0.00337337 -0.991034 0.09626 -0.0926612 -0.0925541 0.00558597 0.995692 0.820539 1.55486 2.42338</i>
                        <i>0.0963629 0.995341 0.00337337 -0.991034 0.09626 -0.0926612 -0.0925541 0.00558597 0.995692 0.820539 1.55486 2.42338</i>
                        <i>0.0963629 0.995341 0.00337337 -0.991034 0.09626 -0.0926612 -0.0925541 0.00558597 0.995692 0.820539 1.55486 2.42338</i>
                        <i>0.0963629 0.995341 0.00337337 -0.991034 0.09626 -0.0926612 -0.0925541 0.00558597 0.995692 0.820539 1.55486 2.42338</i>
                        <i>0.0963629 0.995341 0.00337337 -0.991034 0.09626 -0.0926612 -0.0925541 0.00558597 0.995692 0.820539 1.55486 2.42338</i>
                        <i>0.0963629 0.995341 0.00337337 -0.991034 0.09626 -0.0926612 -0.0925541 0.00558597 0.995692 0.820539 1.55486 2.42338</i>
                        <i>0.0963629 0.995341 0.00337337 -0.991034 0.09626 -0.0926612 -0.0925541 0.00558597 0.995692 0.820539 1.55486 2.42338</i>
                        <i>0.0963629 0.995341 0.00337337 -0.991034 0.09626 -0.0926612 -0.0925541 0.00558597 0.995692 0.820539 1.55486 2.42338</i>
                        <i>0.0963629 0.995341 0.00337337 -0.991034 0.09626 -0.0926612 -0.0925541 0.00558597 0.995692 0.820539 1.55486 2.42338</i>
                        <i>0.0963629 0.995341 0.00337337 -0.991034 0.09626 -0.0926612 -0.0925541 0.00558597 0.995692 0.820539 1.55486 2.42338</i>
                        <i>0.0963629 0.995341 0.00337337 -0.991034 0.09626 -0.0926612 -0.0925541 0.00558597 0.995692 0.820539 1.55486 2.42338</i>
                        <i>0.0963629 0.995341 0.00337337 -0.991034 0.09626 -0.0926612 -0.0925541 0.00558597 0.995692 0.820539 1.55486 2.42338</i>
                        <i>0.0963629 0.995341 0.00337337 -0.991034 0.09626 -0.0926612 -0.0925541 0.00558597 0.995692 0.820539 1.55486 2.42338</i>
                        <i>0.0963629 0.995341 0.00337337 -0.991034 0.09626 -0.0926612 -0.0925541 0.00558597 0.995692 0.820539 1.55486 2.42338</i>
                        <i>0.0963629 0.995341 0.00337337 -0.991034 0.09626 -0.0926612 -0.0925541 0.00558597 0.995692 0.820539 1.55486 2.42338</i>
                        <i>0.0963629 0.995341 0.00337337 -0.991034 0.09626 -0.0926612 -0.0925541 0.00558597 0.995692 0.820539 1.55486 2.42338</i>
                        <i>0.0963629 0.995341 0.00337337 -0.991034 0.09626 -0.0926612 -0.0925541 0.00558597 0.995692 0.820539 1.55486 2.42338</i>
                        <i>0.0963629 0.995341 0.00337337 -0.991034 0.09626 -0.0926612 -0.0925541 0.00558597 0.995692 0.820539 1.55486 2.42338</i>
                        <i>0.0963629 0.995341 0.00337337 -0.991034 0.09626 -0.0926612 -0.0925541 0.00558597 0.995692 0.820539 1.55486 2.42338</i>
                        <i>0.0963629 0.995341 0.00337337 -0.991034 0.09626 -0.0926612 -0.0925541 0.00558597 0.995692 0.820539 1.55486 2.42338</i>
                        <i>0.0963629 0.995341 0.00337337 -0.991034 0.09626 -0.0926612 -0.0925541 0.00558597 0.995692 0.820539 1.55486 2.42338</i>
                        <i>0.0963629 0.995341 0.00337337 -0.991034 0.09626 -0.0926612 -0.0925541 0.00558597 0.995692 0.820539 1.55486 2.42338</i>
                        <i>0.0963629 0.995341 0.00337337 -0.991034 0.09626 -0.0926612 -0.0925541 0.00558597 0.995692 0.820539 1.55486 2.42338</i>
                        <i>0.0963629 0.995341 0.00337337 -0.991034 0.09626 -0.0926612 -0.0925541 0.00558597 0.995692 0.820539 1.55486 2.42338</i>
                        <i>0.0963629 0.995341 0.00337337 -0.991034 0.09626 -0.0926612 -0.0925541 0.00558597 0.995692 0.820539 1.55486 2.42338</i>
                    </KeyFrames>
                </p>
            </i>
            <i>
                <p>
                    <Name><![CDATA[spine1]]></Name>
                    <Exclude>0</Exclude>
                    <Additive>0</Additive>
                    <IKPriority>0</IKPriority>
                    <IKRotLimits>-1e+010 -1e+010 -1e+010 1e+010 1e+010 1e+010</IKRotLimits>
                    <IKRotLimitOrder>0</IKRotLimitOrder>
                    <KeyFrames count="121">
                        <i>0.300642 0.878508 0.371265 -0.912703 0.377968 -0.155282 -0.276743 -0.292171 0.915451 1.57425 2.32453 1.03467</i>
                        <i>0.305333 0.871598 0.383521 -0.904416 0.391475 -0.169641 -0.297998 -0.295065 0.907818 1.57848 2.30656 1.03834</i>
                        <i>0.310124 0.863709 0.397278 -0.894515 0.406622 -0.185745 -0.321971 -0.297767 0.898704 1.58318 2.28609 1.04255</i>
                        <i>0.314594 0.855313 0.411667 -0.883466 0.422442 -0.20256 -0.347158 -0.29997 0.888538 1.58801 2.26431 1.04705</i>
                        <i>0.318456 0.846896 0.425856 -0.871859 0.438016 -0.2191 -0.372086 -0.301512 0.877862 1.59268 2.24245 1.05159</i>
                        <i>0.321558 0.838946 0.439056 -0.860409 0.452476 -0.234438 -0.395343 -0.302382 0.867334 1.59695 2.22174 1.05591</i>
                        <i>0.323865 0.831948 0.450526 -0.849938 0.465016 -0.247719 -0.415591 -0.302692 0.857707 1.6006 2.20343 1.05974</i>
                        <i>0.325426 0.826376 0.459565 -0.841339 0.474879 -0.258146 -0.431563 -0.302642 0.8498 1.60342 2.18879 1.0628</i>
                        <i>0.326325 0.822696 0.465492 -0.83553 0.481336 -0.264964 -0.442043 -0.302468 0.844459 1.60525 2.17909 1.06484</i>
                        <i>0.326625 0.821367 0.467625 -0.833406 0.483658 -0.267413 -0.445815 -0.302378 0.842506 1.60591 2.17557 1.06558</i>
                        <i>0.248423 0.838888 0.484306 -0.854756 0.42507 -0.297838 -0.455717 -0.339974 0.822642 1.55994 2.1711 1.07563</i>
                        <i>0.0538422 0.859632 0.508068 -0.888872 0.273094 -0.367867 -0.45498 -0.431801 0.778807 1.44203 2.15999 1.10449</i>
                        <i>-0.184848 0.842382 0.506186 -0.893727 0.0701394 -0.443094 -0.408758 -0.534297 0.739894 1.28184 2.14595 1.1502</i>
                        <i>-0.38983 0.786122 0.47963 -0.860219 -0.12494 -0.494382 -0.32872 -0.605312 0.724942 1.1087 2.13424 1.21014</i>
                        <i>-0.507336 0.728289 0.460657 -0.822656 -0.250137 -0.510557 -0.256606 -0.637986 0.726035 0.95243 2.1323 1.28097</i>
                        <i>-0.546528 0.695417 0.466586 -0.809344 -0.295505 -0.507582 -0.215103 -0.655036 0.724333 0.798323 2.14762 1.36594</i>
                        <i>-0.54714 0.68068 0.487148 -0.814595 -0.299128 -0.496948 -0.192543 -0.668728 0.718143 0.626587 2.17622 1.46698</i>
                        <i>-0.518042 0.679524 0.519499 -0.837084 -0.277896 -0.471237 -0.175851 -0.678985 0.712781 0.459838 2.20923 1.57887</i>
                        <i>-0.46602 0.685626 0.559234 -0.871706 -0.247561 -0.422897 -0.151504 -0.684566 0.713032 0.320734 2.23757 1.6963</i>
                        <i>-0.39836 0.692518 0.601439 -0.911158 -0.223459 -0.346204 -0.105355 -0.68592 0.72001 0.232073 2.25217 1.81372</i>
                        <i>-0.294593 0.706414 0.643579 -0.955505 -0.207156 -0.209993 -0.0150207 -0.676805 0.736009 0.203834 2.25506 1.94234</i>
                        <i>-0.147032 0.734327 0.662681 -0.982594 -0.185336 -0.0126395 0.113537 -0.653004 0.748795 0.222 2.2521 2.086</i>
                        <i>0.00729622 0.769704 0.638359 -0.96872 -0.152913 0.195448 0.248051 -0.619817 0.744512 0.27226 2.24013 2.22702</i>
                        <i>0.130522 0.803914 0.580246 -0.926372 -0.109648 0.360295 0.353269 -0.58455 0.730412 0.338118 2.21619 2.34757</i>
                        <i>0.199535 0.82949 0.521662 -0.896634 -0.060187 0.438663 0.395264 -0.555269 0.73174 0.40201 2.17734 2.43043</i>
                        <i>0.211969 0.848486 0.484914 -0.913274 -0.00463081 0.407319 0.34785 -0.529198 0.773918 0.473585 2.11247 2.46332</i>
                        <i>0.190772 0.866846 0.460634 -0.955248 0.0558677 0.290482 0.226068 -0.495436 0.838711 0.566092 2.02295 2.45643</i>
                        <i>0.159318 0.884827 0.437835 -0.985168 0.113863 0.128373 0.0637344 -0.451793 0.889843 0.667531 1.92468 2.42718</i>
                        <i>0.135273 0.900485 0.413313 -0.986501 0.161261 -0.028467 -0.0922852 -0.403883 0.910144 0.762254 1.83429 2.39504</i>
                        <i>0.129023 0.9102 0.39356 -0.972975 0.19284 -0.127012 -0.1915 -0.366537 0.910483 0.829902 1.76996 2.37983</i>
                        <i>0.133143 0.912422 0.386987 -0.967039 0.205107 -0.150885 -0.217045 -0.354142 0.909657 0.860843 1.73858 2.38406</i>
                        <i>0.135687 0.909976 0.391832 -0.970784 0.201113 -0.130887 -0.197906 -0.362624 0.910679 0.867013 1.72869 2.3949</i>
                        <i>0.137055 0.905175 0.402336 -0.978269 0.187482 -0.0885491 -0.155583 -0.381457 0.911199 0.858608 1.73178 2.4083</i>
                        <i>0.138007 0.900235 0.412954 -0.984013 0.172017 -0.0461425 -0.112574 -0.399984 0.909582 0.846082 1.7392 2.42033</i>
                        <i>0.138779 0.897556 0.41849 -0.985996 0.16469 -0.0262438 -0.0924762 -0.408987 0.907842 0.839913 1.74237 2.42715</i>
                        <i>0.138799 0.897608 0.418371 -0.985759 0.165728 -0.0285311 -0.0949456 -0.408452 0.907828 0.839868 1.74239 2.42706</i>
                        <i>0.13886 0.89775 0.418047 -0.985079 0.168555 -0.0347629 -0.101673 -0.406982 0.90776 0.839751 1.74244 2.42681</i>
                        <i>0.138965 0.897955 0.417572 -0.983984 0.172739 -0.0439997 -0.111641 -0.40477 0.907578 0.839589 1.74252 2.42644</i>
                        <i>0.139115 0.898198 0.416999 -0.982503 0.177846 -0.0552991 -0.123831 -0.40201 0.907223 0.839407 1.74261 2.42599</i>
                        <i>0.139308 0.898454 0.416382 -0.980696 0.183439 -0.0677083 -0.137213 -0.398912 0.906665 0.839229 1.74271 2.42552</i>
                        <i>0.139532 0.898702 0.415771 -0.978676 0.18908 -0.08026 -0.150744 -0.395706 0.905921 0.839071 1.7428 2.42505</i>
                        <i>0.139767 0.898923 0.415215 -0.976615 0.19433 -0.0919739 -0.163366 -0.39265 0.905062 0.838943 1.74289 2.42462</i>
