<?xml version="1.0" encoding="ISO-8859-1" ?>
<Animl Version="1">
    <ModellingPackage><![CDATA[Maya.2010]]></ModellingPackage>
    <SrcFile><![CDATA[anims\vehicles\blue\~src\air\helicopter_uh1iroquois\helicopter_uh1iroquois_exit_crewman_a.mb]]></SrcFile>
    <FramesPerSecond>30</FramesPerSecond>
    <TotalFrames>68</TotalFrames>
    <Skeleton>
        <RefFrame>
            <Name><![CDATA[soldier_ref_frame]]></Name>
            <Exclude>0</Exclude>
            <Additive>0</Additive>
            <IKPriority>0</IKPriority>
            <IKRotLimits>-1e+010 -1e+010 -1e+010 1e+010 1e+010 1e+010</IKRotLimits>
            <IKRotLimitOrder>0</IKRotLimitOrder>
            <KeyFrames count="68">
                <i>1 0 0 0 1 0 0 0 1 2.78 0 1.01</i>
                <i>1 0 0 0 1 0 0 0 1 2.78 0 1.01</i>
                <i>1 0 0 0 1 0 0 0 1 2.78 0 1.01</i>
                <i>1 0 0 0 1 0 0 0 1 2.78 0 1.01</i>
                <i>1 0 0 0 1 0 0 0 1 2.78 0 1.01</i>
                <i>1 0 0 0 1 0 0 0 1 2.78 0 1.01</i>
                <i>1 0 0 0 1 0 0 0 1 2.78 0 1.01</i>
                <i>1 0 0 0 1 0 0 0 1 2.78 0 1.01</i>
                <i>1 0 0 0 1 0 0 0 1 2.78 0 1.01</i>
                <i>1 0 0 0 1 0 0 0 1 2.78 0 1.01</i>
                <i>1 0 0 0 1 0 0 0 1 2.78 0 1.01</i>
                <i>1 0 0 0 1 0 0 0 1 2.78 0 1.01</i>
                <i>1 0 0 0 1 0 0 0 1 2.78 0 1.01</i>
                <i>1 0 0 0 1 0 0 0 1 2.78 0 1.01</i>
                <i>1 0 0 0 1 0 0 0 1 2.78 0 1.01</i>
                <i>1 0 0 0 1 0 0 0 1 2.78 0 1.01</i>
                <i>1 0 0 0 1 0 0 0 1 2.78 0 1.01</i>
                <i>1 0 0 0 1 0 0 0 1 2.78 0 1.01</i>
                <i>1 0 0 0 1 0 0 0 1 2.78 0 1.01</i>
                <i>1 0 0 0 1 0 0 0 1 2.78 0 1.01</i>
                <i>1 0 0 0 1 0 0 0 1 2.78 0 1.01</i>
                <i>1 0 0 0 1 0 0 0 1 2.78 0 1.01</i>
                <i>1 0 0 0 1 0 0 0 1 2.78 0 1.01</i>
                <i>1 0 0 0 1 0 0 0 1 2.78 0 1.01</i>
                <i>1 0 0 0 1 0 0 0 1 2.78 0 1.01</i>
                <i>1 0 0 0 1 0 0 0 1 2.78 0 1.01</i>
                <i>1 0 0 0 1 0 0 0 1 2.78 0 1.01</i>
                <i>1 0 0 0 1 0 0 0 1 2.78 0 1.01</i>
                <i>1 0 0 0 1 0 0 0 1 2.78 0 1.01</i>
                <i>1 0 0 0 1 0 0 0 1 2.78 0 1.01</i>
                <i>1 0 0 0 1 0 0 0 1 2.78 0 1.01</i>
                <i>1 0 0 0 1 0 0 0 1 2.78 0 1.01</i>
                <i>1 0 0 0 1 0 0 0 1 2.78 0 1.01</i>
                <i>1 0 0 0 1 0 0 0 1 2.78 0 1.01</i>
                <i>1 0 0 0 1 0 0 0 1 2.78 0 1.01</i>
                <i>1 0 0 0 1 0 0 0 1 2.78 0 1.01</i>
                <i>1 0 0 0 1 0 0 0 1 2.78 0 1.01</i>
                <i>1 0 0 0 1 0 0 0 1 2.78 0 1.01</i>
                <i>1 0 0 0 1 0 0 0 1 2.78 0 1.01</i>
                <i>1 0 0 0 1 0 0 0 1 2.78 0 1.01</i>
                <i>1 0 0 0 1 0 0 0 1 2.78 0 1.01</i>
                <i>1 0 0 0 1 0 0 0 1 2.78 0 1.01</i>
                <i>1 0 0 0 1 0 0 0 1 2.78 0 1.01</i>
                <i>1 0 0 0 1 0 0 0 1 2.78 0 1.01</i>
                <i>1 0 0 0 1 0 0 0 1 2.78 0 1.01</i>
                <i>1 0 0 0 1 0 0 0 1 2.78 0 1.01</i>
                <i>1 0 0 0 1 0 0 0 1 2.78 0 1.01</i>
                <i>1 0 0 0 1 0 0 0 1 2.78 0 1.01</i>
                <i>1 0 0 0 1 0 0 0 1 2.78 0 1.01</i>
                <i>1 0 0 0 1 0 0 0 1 2.78 0 1.01</i>
                <i>1 0 0 0 1 0 0 0 1 2.78 0 1.01</i>
                <i>1 0 0 0 1 0 0 0 1 2.78 0 1.01</i>
                <i>1 0 0 0 1 0 0 0 1 2.78 0 1.01</i>
                <i>1 0 0 0 1 0 0 0 1 2.78 0 1.01</i>
                <i>1 0 0 0 1 0 0 0 1 2.78 0 1.01</i>
                <i>1 0 0 0 1 0 0 0 1 2.78 0 1.01</i>
                <i>1 0 0 0 1 0 0 0 1 2.78 0 1.01</i>
                <i>1 0 0 0 1 0 0 0 1 2.78 0 1.01</i>
                <i>1 0 0 0 1 0 0 0 1 2.78 0 1.01</i>
                <i>1 0 0 0 1 0 0 0 1 2.78 0 1.01</i>
                <i>1 0 0 0 1 0 0 0 1 2.78 0 1.01</i>
                <i>1 0 0 0 1 0 0 0 1 2.78 0 1.01</i>
                <i>1 0 0 0 1 0 0 0 1 2.78 0 1.01</i>
                <i>1 0 0 0 1 0 0 0 1 2.78 0 1.01</i>
                <i>1 0 0 0 1 0 0 0 1 2.78 0 1.01</i>
                <i>1 0 0 0 1 0 0 0 1 2.78 0 1.01</i>
                <i>1 0 0 0 1 0 0 0 1 2.78 0 1.01</i>
                <i>1 0 0 0 1 0 0 0 1 2.78 0 1.01</i>
            </KeyFrames>
        </RefFrame>
        <Bones count="23">
            <i>
                <p>
                    <Name><![CDATA[pelvis]]></Name>
                    <Exclude>0</Exclude>
                    <Additive>0</Additive>
                    <IKPriority>0</IKPriority>
                    <IKRotLimits>-1e+010 -1e+010 -1e+010 1e+010 1e+010 1e+010</IKRotLimits>
                    <IKRotLimitOrder>2</IKRotLimitOrder>
                    <KeyFrames count="68">
                        <i>1 0 0 0 1 0 0 0 1 0.82 1.44 2.51</i>
                        <i>1 0 0 0 1 0 0 0 1 0.82 1.44 2.51</i>
                        <i>1 0 0 0 1 0 0 0 1 0.82 1.44 2.51</i>
                        <i>1 0 0 0 1 0 0 0 1 0.82 1.44 2.51</i>
                        <i>1 0 0 0 1 0 0 0 1 0.82 1.44 2.51</i>
                        <i>1 0 0 0 1 0 0 0 1 0.82 1.44 2.51</i>
                        <i>1 0 0 0 1 0 0 0 1 0.82 1.44 2.51</i>
                        <i>1 0 0 0 1 0 0 0 1 0.82 1.44 2.51</i>
                        <i>1 0 0 0 1 0 0 0 1 0.82 1.44 2.51</i>
                        <i>1 0 0 0 1 0 0 0 1 0.82 1.44 2.51</i>
                        <i>1 0 0 0 1 0 0 0 1 0.82 1.44 2.51</i>
                        <i>1 0 0 0 1 0 0 0 1 0.82 1.44 2.51</i>
                        <i>1 0 0 0 1 0 0 0 1 0.82 1.44 2.51</i>
                        <i>1 0 0 0 1 0 0 0 1 0.82 1.44 2.51</i>
                        <i>1 0 0 0 1 0 0 0 1 0.82 1.44 2.51</i>
                        <i>1 0 0 0 1 0 0 0 1 0.82 1.44 2.51</i>
                        <i>1 0 0 0 1 0 0 0 1 0.82 1.44 2.51</i>
                        <i>1 0 0 0 1 0 0 0 1 0.82 1.44 2.51</i>
                        <i>1 0 0 0 1 0 0 0 1 0.82 1.44 2.51</i>
                        <i>1 0 0 0 1 0 0 0 1 0.82 1.44 2.51</i>
                        <i>1 0 0 0 1 0 0 0 1 0.82 1.44 2.51</i>
                        <i>1 0 0 0 1 0 0 0 1 0.82 1.44 2.51</i>
                        <i>1 0 0 0 1 0 0 0 1 0.82 1.44 2.51</i>
                        <i>1 0 0 0 1 0 0 0 1 0.82 1.44 2.51</i>
                        <i>1 0 0 0 1 0 0 0 1 0.82 1.44 2.51</i>
                        <i>1 0 0 0 1 0 0 0 1 0.82 1.44 2.51</i>
                        <i>1 0 0 0 1 0 0 0 1 0.825051 1.43822 2.50618</i>
                        <i>1 0 0 0 1 0 0 0 1 0.836162 1.43247 2.50024</i>
                        <i>1 0 0 0 1 0 0 0 1 0.847273 1.42777 2.4929</i>
                        <i>1 0 0 0 1 0 0 0 1 0.852323 1.42912 2.48492</i>
                        <i>1 0 0 0 1 0 0 0 1 0.845253 1.44152 2.47703</i>
                        <i>1 0 0 0 1 0 0 0 1 0.82 1.47 2.47</i>
                        <i>1 0 0 0 1 0 0 0 1 0.764407 1.52764 2.47321</i>
                        <i>1 0 0 0 1 0 0 0 1 0.680858 1.61269 2.48606</i>
                        <i>1 0 0 0 1 0 0 0 1 0.585105 1.70793 2.49431</i>
                        <i>1 0 0 0 1 0 0 0 1 0.492902 1.79611 2.4837</i>
                        <i>1 0 0 0 1 0 0 0 1 0.42 1.86 2.44</i>
                        <i>1 0 0 0 1 0 0 0 1 0.35344 1.89832 2.35248</i>
                        <i>1 0 0 0 1 0 0 0 1 0.28272 1.92256 2.23064</i>
                        <i>1 0 0 0 1 0 0 0 1 0.22728 1.93464 2.09056</i>
                        <i>1 0 0 0 1 0 0 0 1 0.20656 1.93648 1.94832</i>
                        <i>1 0 0 0 1 0 0 0 1 0.24 1.93 1.82</i>
                        <i>1 0 0 0 1 0 0 0 1 0.35096 1.90672 1.70174</i>
                        <i>1 0 0 0 1 0 0 0 1 0.52648 1.86536 1.58283</i>
                        <i>1 0 0 0 1 0 0 0 1 0.73152 1.81864 1.46905</i>
                        <i>1 0 0 0 1 0 0 0 1 0.93104 1.77928 1.36618</i>
                        <i>1 0 0 0 1 0 0 0 1 1.09 1.76 1.28</i>
                        <i>1 0 0 0 1 0 0 0 1 1.21496 1.76928 1.20864</i>
                        <i>1 0 0 0 1 0 0 0 1 1.32928 1.79864 1.14825</i>
                        <i>1 0 0 0 1 0 0 0 1 1.42312 1.83536 1.10164</i>
                        <i>1 0 0 0 1 0 0 0 1 1.48664 1.86672 1.07161</i>
                        <i>1 0 0 0 1 0 0 0 1 1.51 1.88 1.06097</i>
                        <i>1 0 0 0 1 0 0 0 1 1.51 1.88326 1.06097</i>
                        <i>1 0 0 0 1 0 0 0 1 1.51 1.89229 1.06097</i>
                        <i>1 0 0 0 1 0 0 0 1 1.51 1.90593 1.06097</i>
                        <i>1 0 0 0 1 0 0 0 1 1.51 1.92302 1.06097</i>
                        <i>1 0 0 0 1 0 0 0 1 1.51 1.94241 1.06097</i>
                        <i>1 0 0 0 1 0 0 0 1 1.51 1.96296 1.06097</i>
                        <i>1 0 0 0 1 0 0 0 1 1.51 1.98351 1.06097</i>
                        <i>1 0 0 0 1 0 0 0 1 1.51 2.00291 1.06097</i>
                        <i>1 0 0 0 1 0 0 0 1 1.51 2.02 1.06097</i>
                        <i>1 0 0 0 1 0 0 0 1 1.51 2.02 1.06097</i>
                        <i>1 0 0 0 1 0 0 0 1 1.51 2.02 1.06097</i>
                        <i>1 0 0 0 1 0 0 0 1 1.51 2.02 1.06097</i>
                        <i>1 0 0 0 1 0 0 0 1 1.51 2.02 1.06097</i>
                        <i>1 0 0 0 1 0 0 0 1 1.51 2.02 1.06097</i>
                        <i>1 0 0 0 1 0 0 0 1 1.51 2.02 1.06097</i>
                        <i>1 0 0 0 1 0 0 0 1 1.51 2.02 1.06097</i>
                    </KeyFrames>
                </p>
            </i>
            <i>
                <p>
                    <Name><![CDATA[spine0]]></Name>
                    <Exclude>0</Exclude>
                    <Additive>0</Additive>
                    <IKPriority>0</IKPriority>
                    <IKRotLimits>-1e+010 -1e+010 -1e+010 1e+010 1e+010 1e+010</IKRotLimits>
                    <IKRotLimitOrder>0</IKRotLimitOrder>
                    <KeyFrames count="68">
                        <i>0.0963629 0.995341 0.00337337 -0.991034 0.09626 -0.0926612 -0.0925541 0.00558597 0.995692 0.820539 1.55486 2.42338</i>
                        <i>0.0963629 0.995341 0.00337337 -0.991034 0.09626 -0.0926612 -0.0925541 0.00558597 0.995692 0.820539 1.55486 2.42338</i>
                        <i>0.0963629 0.995341 0.00337337 -0.991034 0.09626 -0.0926612 -0.0925541 0.00558597 0.995692 0.820539 1.55486 2.42338</i>
                        <i>0.0963629 0.995341 0.00337337 -0.991034 0.09626 -0.0926612 -0.0925541 0.00558597 0.995692 0.820539 1.55486 2.42338</i>
                        <i>0.0963629 0.995341 0.00337337 -0.991034 0.09626 -0.0926612 -0.0925541 0.00558597 0.995692 0.820539 1.55486 2.42338</i>
                        <i>0.0963629 0.995341 0.00337337 -0.991034 0.09626 -0.0926612 -0.0925541 0.00558597 0.995692 0.820539 1.55486 2.42338</i>
                        <i>0.0963629 0.995341 0.00337337 -0.991034 0.09626 -0.0926612 -0.0925541 0.00558597 0.995692 0.820539 1.55486 2.42338</i>
                        <i>0.0963629 0.995341 0.00337337 -0.991034 0.09626 -0.0926612 -0.0925541 0.00558597 0.995692 0.820539 1.55486 2.42338</i>
                        <i>0.0963629 0.995341 0.00337337 -0.991034 0.09626 -0.0926612 -0.0925541 0.00558597 0.995692 0.820539 1.55486 2.42338</i>
                        <i>0.0963629 0.995341 0.00337337 -0.991034 0.09626 -0.0926612 -0.0925541 0.00558597 0.995692 0.820539 1.55486 2.42338</i>
                        <i>0.0963629 0.995341 0.00337337 -0.991034 0.09626 -0.0926612 -0.0925541 0.00558597 0.995692 0.820539 1.55486 2.42338</i>
                        <i>0.0963629 0.995341 0.00337337 -0.991034 0.09626 -0.0926612 -0.0925541 0.00558597 0.995692 0.820539 1.55486 2.42338</i>
                        <i>0.0963629 0.995341 0.00337337 -0.991034 0.09626 -0.0926612 -0.0925541 0.00558597 0.995692 0.820539 1.55486 2.42338</i>
                        <i>0.0963629 0.995341 0.00337337 -0.991034 0.09626 -0.0926612 -0.0925541 0.00558597 0.995692 0.820539 1.55486 2.42338</i>
                        <i>0.0963629 0.995341 0.00337337 -0.991034 0.09626 -0.0926612 -0.0925541 0.00558597 0.995692 0.820539 1.55486 2.42338</i>
                        <i>0.0963629 0.995341 0.00337337 -0.991034 0.09626 -0.0926612 -0.0925541 0.00558597 0.995692 0.820539 1.55486 2.42338</i>
                        <i>0.096504 0.995325 0.00396529 -0.991009 0.0964549 -0.0927213 -0.0926702 0.00501833 0.995684 0.820539 1.55486 2.42338</i>
                        <i>0.0968357 0.995286 0.00526767 -0.990952 0.0969055 -0.0928602 -0.092933 0.00377218 0.995665 0.820539 1.55486 2.42338</i>
                        <i>0.0973596 0.995224 0.0071291 -0.990864 0.0975998 -0.0930743 -0.0933255 0.00199771 0.995634 0.820539 1.55486 2.42338</i>
                        <i>0.0980719 0.995135 0.00939219 -0.990746 0.0985205 -0.0933581 -0.0938292 -0.000149466 0.995588 0.820539 1.55486 2.42338</i>
                        <i>0.0989478 0.995022 0.0118839 -0.990603 0.0996275 -0.0936993 -0.0944168 -0.00250092 0.99553 0.820539 1.55486 2.42338</i>
                        <i>0.0999306 0.99489 0.0144122 -0.990444 0.100847 -0.094075 -0.0950477 -0.00487348 0.995461 0.820539 1.55486 2.42338</i>
                        <i>0.100929 0.994752 0.0167676 -0.990283 0.102067 -0.0944509 -0.0956667 -0.00707192 0.995388 0.820539 1.55486 2.42338</i>
                        <i>0.101819 0.994627 0.018729 -0.99014 0.103144 -0.0947825 -0.096205 -0.00889371 0.995322 0.820539 1.55486 2.42338</i>
                        <i>0.102458 0.994535 0.0200697 -0.990037 0.103912 -0.0950188 -0.096585 -0.0101344 0.995273 0.820539 1.55486 2.42338</i>
                        <i>0.1027 0.9945 0.0205652 -0.989998 0.104202 -0.0951081 -0.0967279 -0.0105919 0.995255 0.820539 1.55486 2.42338</i>
                        <i>0.0991845 0.994928 0.0167277 -0.989887 0.100367 -0.10025 -0.10142 -0.00661526 0.994822 0.826077 1.5524 2.41868</i>
                        <i>0.0933757 0.9956 0.00780899 -0.989322 0.0936627 -0.111665 -0.111905 0.00270114 0.993715 0.838287 1.54531 2.41102</i>
                        <i>0.0852169 0.996359 -0.00249905 -0.988951 0.0842773 -0.121959 -0.121305 0.0128644 0.992532 0.850527 1.53913 2.40187</i>
                        <i>0.0748364 0.997144 -0.0101329 -0.989557 0.073004 -0.124286 -0.123191 0.0193282 0.992195 0.856102 1.53945 2.39267</i>
                        <i>0.0627358 0.997974 -0.0105542 -0.991779 0.0611575 -0.112404 -0.111531 0.0175192 0.993607 0.848296 1.5519 2.38482</i>
                        <i>0.0501314 0.998742 0.000901264 -0.995522 0.0500421 -0.080195 -0.0801393 0.00312306 0.996779 0.820461 1.58204 2.37976</i>
                        <i>0.038548 0.99872 0.0327522 -0.999257 0.0385309 0.0011526 -0.000110852 -0.0327723 0.999463 0.75767 1.64405 2.38895</i>
                        <i>0.0349387 0.996215 0.0795893 -0.991238 0.0243931 0.129814 0.127381 -0.0834275 0.988339 0.663863 1.73504 2.41231</i>
                        <i>0.0428612 0.991129 0.125801 -0.964579 0.00824691 0.263664 0.260288 -0.132646 0.956376 0.559912 1.83561 2.43299</i>
                        <i>0.0542228 0.985097 0.163227 -0.932747 -0.00838101 0.360434 0.35643 -0.171793 0.918392 0.464033 1.92758 2.43293</i>
                        <i>0.0533397 0.979849 0.192486 -0.92371 -0.0248147 0.382288 0.379361 -0.198192 0.903773 0.392005 1.99356 2.39447</i>
                        <i>0.0279278 0.975541 0.218038 -0.953567 -0.0394375 0.298589 0.299885 -0.216253 0.929141 0.330889 2.03272 2.30639</i>
                        <i>-0.0175457 0.97134 0.237048 -0.990364 -0.0494579 0.129357 0.137374 -0.232494 0.962847 0.269843 2.05724 2.18173</i>
                        <i>-0.0708621 0.967806 0.241515 -0.995508 -0.0533774 -0.0781931 -0.0627844 -0.245971 0.967242 0.227133 2.0692 2.03967</i>
                        <i>-0.119172 0.965495 0.231556 -0.96202 -0.0545961 -0.267465 -0.245594 -0.254635 0.935331 0.219442 2.07059 1.89788</i>
                        <i>-0.155059 0.963922 0.216359 -0.919904 -0.0610313 -0.387366 -0.360185 -0.259094 0.896179 0.262349 2.06359 1.77153</i>
                        <i>-0.191088 0.960006 0.204633 -0.897009 -0.0861371 -0.433537 -0.398572 -0.266401 0.877594 0.378272 2.03973 1.65422</i>
                        <i>-0.230307 0.952496 0.199276 -0.889716 -0.12316 -0.439587 -0.394162 -0.278539 0.875815 0.55652 1.99756 1.53471</i>
                        <i>-0.255817 0.94528 0.202492 -0.894067 -0.151672 -0.421474 -0.367699 -0.288861 0.883944 0.762888 1.94999 1.41946</i>
                        <i>-0.254968 0.943917 0.20979 -0.905099 -0.156626 -0.395302 -0.340273 -0.29067 0.894273 0.963165 1.90992 1.31522</i>
                        <i>-0.221916 0.951282 0.214047 -0.917457 -0.129374 -0.376212 -0.330191 -0.279867 0.90147 1.12325 1.89032 1.22893</i>
                        <i>-0.136258 0.966806 0.216149 -0.932781 -0.0517121 -0.356715 -0.333696 -0.250225 0.908864 1.24994 1.89986 1.15944</i>
                        <i>-0.00345559 0.975708 0.219046 -0.9449 0.0685179 -0.320109 -0.327342 -0.208083 0.92171 1.36631 1.92996 1.10264</i>
                        <i>0.14022 0.965013 0.221559 -0.941683 0.199111 -0.271271 -0.305895 -0.1706 0.936656 1.46258 1.9675 1.06067</i>
                        <i>0.255435 0.94062 0.223579 -0.925533 0.304759 -0.224744 -0.279537 -0.149522 0.948421 1.52839 1.99941 1.03492</i>
                        <i>0.302461 0.926349 0.224486 -0.915044 0.348135 -0.203707 -0.266855 -0.143801 0.952948 1.55278 2.01287 1.02617</i>
                        <i>0.300397 0.927636 0.221932 -0.916666 0.345078 -0.201605 -0.263599 -0.142876 0.953993 1.55248 2.01616 1.02588</i>
                        <i>0.294599 0.931149 0.21488 -0.921082 0.336587 -0.195749 -0.254598 -0.140255 0.956822 1.55167 2.02523 1.02508</i>
                        <i>0.285592 0.93633 0.204262 -0.927553 0.323661 -0.186784 -0.241003 -0.13612 0.960931 1.55041 2.03892 1.02387</i>
                        <i>0.27389 0.942601 0.191017 -0.935317 0.307306 -0.17534 -0.223977 -0.130637 0.965799 1.54881 2.05606 1.02236</i>
                        <i>0.260079 0.949395 0.176092 -0.943641 0.288566 -0.162082 -0.204693 -0.124013 0.970938 1.54694 2.07548 1.02065</i>
                        <i>0.24486 0.956195 0.160423 -0.951875 0.268538 -0.147724 -0.184332 -0.116531 0.975931 1.5449 2.09602 1.01884</i>
                        <i>0.229068 0.962562 0.144923 -0.959484 0.248368 -0.133052 -0.164065 -0.108573 0.980456 1.54282 2.11652 1.01705</i>
                        <i>0.213669 0.968155 0.130466 -0.966079 0.229236 -0.118923 -0.145043 -0.10063 0.984295 1.5408 2.13583 1.01536</i>
                        <i>0.199727 0.972735 0.117879 -0.971404 0.21233 -0.106254 -0.128386 -0.093286 0.987327 1.53898 2.15281 1.01389</i>
                        <i>0.199727 0.972735 0.117879 -0.971404 0.21233 -0.106254 -0.128386 -0.093286 0.987327 1.53898 2.15281 1.01389</i>
                        <i>0.199727 0.972735 0.117879 -0.971404 0.21233 -0.106254 -0.128386 -0.093286 0.987327 1.53898 2.15281 1.01389</i>
                        <i>0.199727 0.972735 0.117879 -0.971404 0.21233 -0.106254 -0.128386 -0.093286 0.987327 1.53898 2.15281 1.01389</i>
                        <i>0.199727 0.972735 0.117879 -0.971404 0.21233 -0.106254 -0.128386 -0.093286 0.987327 1.53898 2.15281 1.01389</i>
                        <i>0.199727 0.972735 0.117879 -0.971404 0.21233 -0.106254 -0.128386 -0.093286 0.987327 1.53898 2.15281 1.01389</i>
                        <i>0.199727 0.972735 0.117879 -0.971404 0.21233 -0.106254 -0.128386 -0.093286 0.987327 1.53898 2.15281 1.01389</i>
                        <i>0.199727 0.972735 0.117879 -0.971404 0.21233 -0.106254 -0.128386 -0.093286 0.987327 1.53898 2.15281 1.01389</i>
                    </KeyFrames>
                </p>
            </i>
            <i>
                <p>
                    <Name><![CDATA[spine1]]></Name>
                    <Exclude>0</Exclude>
                    <Additive>0</Additive>
                    <IKPriority>0</IKPriority>
                    <IKRotLimits>-1e+010 -1e+010 -1e+010 1e+010 1e+010 1e+010</IKRotLimits>
                    <IKRotLimitOrder>0</IKRotLimitOrder>
                    <KeyFrames count="68">
                        <i>0.140227 0.899278 0.414289 -0.97266 0.203347 -0.112172 -0.185118 -0.387232 0.903207 0.838766 1.74303 2.42391</i>
                        <i>0.140227 0.899278 0.414289 -0.97266 0.203347 -0.112172 -0.185118 -0.387232 0.903207 0.838766 1.74303 2.42391</i>
                        <i>0.140227 0.899278 0.414289 -0.97266 0.203347 -0.112172 -0.185118 -0.387232 0.903207 0.838766 1.74303 2.42391</i>
                        <i>0.140227 0.899278 0.414289 -0.97266 0.203347 -0.112172 -0.185118 -0.387232 0.903207 0.838766 1.74303 2.42391</i>
                        <i>0.140227 0.899278 0.414289 -0.97266 0.203347 -0.112172 -0.185118 -0.387232 0.903207 0.838766 1.74303 2.42391</i>
                        <i>0.140227 0.899278 0.414289 -0.97266 0.203347 -0.112172 -0.185118 -0.387232 0.903207 0.838766 1.74303 2.42391</i>
                        <i>0.140227 0.899278 0.414289 -0.97266 0.203347 -0.112172 -0.185118 -0.387232 0.903207 0.838766 1.74303 2.42391</i>
                        <i>0.140227 0.899278 0.414289 -0.97266 0.203347 -0.112172 -0.185118 -0.387232 0.903207 0.838766 1.74303 2.42391</i>
                        <i>0.140227 0.899278 0.414289 -0.97266 0.203347 -0.112172 -0.185118 -0.387232 0.903207 0.838766 1.74303 2.42391</i>
                        <i>0.140227 0.899278 0.414289 -0.97266 0.203347 -0.112172 -0.185118 -0.387232 0.903207 0.838766 1.74303 2.42391</i>
                        <i>0.140227 0.899278 0.414289 -0.97266 0.203347 -0.112172 -0.185118 -0.387232 0.903207 0.838766 1.74303 2.42391</i>
                        <i>0.140227 0.899278 0.414289 -0.97266 0.203347 -0.112172 -0.185118 -0.387232 0.903207 0.838766 1.74303 2.42391</i>
                        <i>0.140227 0.899278 0.414289 -0.97266 0.203347 -0.112172 -0.185118 -0.387232 0.903207 0.838766 1.74303 2.42391</i>
                        <i>0.140227 0.899278 0.414289 -0.97266 0.203347 -0.112172 -0.185118 -0.387232 0.903207 0.838766 1.74303 2.42391</i>
                        <i>0.140227 0.899278 0.414289 -0.97266 0.203347 -0.112172 -0.185118 -0.387232 0.903207 0.838766 1.74303 2.42391</i>
                        <i>0.140227 0.899278 0.414289 -0.97266 0.203347 -0.112172 -0.185118 -0.387232 0.903207 0.838766 1.74303 2.42391</i>
                        <i>0.140149 0.899223 0.414435 -0.973332 0.201895 -0.108914 -0.181611 -0.388119 0.903538 0.838791 1.74301 2.42402</i>
                        <i>0.139983 0.899101 0.414756 -0.974746 0.198742 -0.101845 -0.173998 -0.390026 0.904215 0.83885 1.74296 2.42427</i>
                        <i>0.139767 0.898922 0.415215 -0.976618 0.194322 -0.0919564 -0.163347 -0.392654 0.905064 0.838943 1.74289 2.42462</i>
                        <i>0.139532 0.898702 0.415772 -0.978679 0.189073 -0.0802429 -0.150726 -0.395711 0.905922 0.839071 1.7428 2.42505</i>
                        <i>0.139308 0.898454 0.416383 -0.980699 0.183432 -0.0676936 -0.137198 -0.398916 0.906666 0.839229 1.74271 2.42552</i>
                        <i>0.139115 0.898197 0.417 -0.982505 0.177841 -0.0552879 -0.123819 -0.402013 0.907224 0.839407 1.74261 2.42599</i>
                        <i>0.138964 0.897955 0.417572 -0.983985 0.172736 -0.0439923 -0.111633 -0.404771 0.907578 0.839589 1.74252 2.42644</i>
                        <i>0.13886 0.89775 0.418047 -0.985079 0.168554 -0.0347592 -0.101668 -0.406983 0.90776 0.839752 1.74244 2.42681</i>
                        <i>0.138799 0.897608 0.418371 -0.985759 0.165728 -0.02853 -0.0949444 -0.408453 0.907828 0.839868 1.74239 2.42706</i>
                        <i>0.138779 0.897556 0.41849 -0.985996 0.16469 -0.0262438 -0.0924762 -0.408987 0.907842 0.839913 1.74237 2.42715</i>
                        <i>0.138188 0.899668 0.414128 -0.984534 0.170248 -0.0413294 -0.107687 -0.402012 0.90928 0.84478 1.73991 2.42173</i>
                        <i>0.137624 0.903656 0.405544 -0.98021 0.183078 -0.0753043 -0.142295 -0.387154 0.910969 0.855888 1.73285 2.41239</i>
                        <i>0.136934 0.908051 0.395845 -0.97376 0.196721 -0.114419 -0.181769 -0.36979 0.911161 0.866585 1.72674 2.4013</i>
                        <i>0.135627 0.911495 0.388306 -0.96781 0.205754 -0.144946 -0.212013 -0.356148 0.91006 0.870203 1.72717 2.39066</i>
                        <i>0.133051 0.912693 0.38638 -0.966466 0.20587 -0.153494 -0.219637 -0.353001 0.909478 0.860116 1.73975 2.38273</i>
                        <i>0.129023 0.9102 0.39356 -0.972975 0.19284 -0.127012 -0.1915 -0.366537 0.910483 0.829902 1.76996 2.37983</i>
                        <i>0.135324 0.900836 0.412531 -0.986198 0.162555 -0.0314619 -0.095401 -0.402579 0.9104 0.764913 1.83171 2.395</i>
                        <i>0.15944 0.885206 0.437024 -0.985382 0.115794 0.124955 0.0600063 -0.450558 0.890728 0.670401 1.92182 2.42714</i>
                        <i>0.191179 0.867076 0.460033 -0.95583 0.0578573 0.28817 0.223249 -0.494805 0.839838 0.567907 2.02107 2.45644</i>
                        <i>0.21278 0.848554 0.484439 -0.913682 -0.00291266 0.406419 0.346279 -0.529101 0.774689 0.47414 2.11184 2.46337</i>
                        <i>0.200479 0.829501 0.521284 -0.89682 -0.0587991 0.438471 0.394363 -0.555402 0.732125 0.40197 2.17734 2.43048</i>
                        <i>0.130084 0.803911 0.58035 -0.928975 -0.105751 0.354714 0.346531 -0.585273 0.733057 0.336137 2.21717 2.34752</i>
                        <i>0.00388041 0.769583 0.638535 -0.973456 -0.143218 0.178527 0.228841 -0.622279 0.748599 0.266469 2.24312 2.22697</i>
                        <i>-0.1529 0.734035 0.661675 -0.984597 -0.170599 -0.0382647 0.0847936 -0.657334 0.748814 0.213422 2.25661 2.0863</i>
                        <i>-0.299849 0.706092 0.641502 -0.953148 -0.193547 -0.232483 -0.0399932 -0.681156 0.731045 0.196216 2.25908 1.94295</i>
                        <i>-0.39836 0.692518 0.601439 -0.911158 -0.223459 -0.346204 -0.105355 -0.68592 0.72001 0.232073 2.25217 1.81372</i>
                        <i>-0.453211 0.686704 0.568364 -0.887066 -0.284618 -0.363463 -0.0878251 -0.668902 0.738144 0.341067 2.22697 1.694</i>
                        <i>-0.486162 0.682794 0.545379 -0.873776 -0.370721 -0.314773 -0.0127417 -0.62957 0.776839 0.511885 2.18243 1.57325</i>
                        <i>-0.495124 0.686742 0.532201 -0.865118 -0.446199 -0.229081 0.0801477 -0.573839 0.815037 0.713574 2.13243 1.45841</i>
                        <i>-0.478656 0.703506 0.525326 -0.865293 -0.479411 -0.146403 0.148851 -0.524638 0.838211 0.91434 2.09087 1.35532</i>
                        <i>-0.43358 0.736126 0.519736 -0.888285 -0.446134 -0.109154 0.151521 -0.509001 0.847325 1.08116 2.07093 1.26946</i>
                        <i>-0.324356 0.790752 0.519138 -0.944667 -0.299192 -0.134495 0.0489696 -0.534036 0.844042 1.22454 2.08034 1.1997</i>
                        <i>-0.138889 0.843671 0.518584 -0.981447 -0.047371 -0.185788 -0.132178 -0.534766 0.834598 1.3657 2.10803 1.14255</i>
                        <i>0.0769806 0.859758 0.504867 -0.947592 0.220567 -0.231126 -0.31007 -0.460616 0.831679 1.48766 2.14001 1.10024</i>
                        <i>0.254632 0.838949 0.480966 -0.873245 0.413154 -0.258353 -0.415458 -0.354216 0.83781 1.57346 2.16535 1.07433</i>
                        <i>0.326625 0.821367 0.467625 -0.833406 0.483658 -0.267413 -0.445815 -0.302378 0.842506 1.60591 2.17557 1.06558</i>
                        <i>0.326325 0.822696 0.465492 -0.83553 0.481336 -0.264964 -0.442043 -0.302468 0.844459 1.60525 2.17909 1.06484</i>
                        <i>0.325426 0.826376 0.459565 -0.841339 0.474879 -0.258146 -0.431563 -0.302642 0.8498 1.60342 2.18879 1.0628</i>
                        <i>0.323865 0.831948 0.450526 -0.849938 0.465016 -0.247719 -0.415591 -0.302692 0.857707 1.6006 2.20343 1.05974</i>
                        <i>0.321558 0.838946 0.439056 -0.860409 0.452476 -0.234438 -0.395343 -0.302382 0.867334 1.59695 2.22174 1.05591</i>
                        <i>0.318456 0.846896 0.425856 -0.871859 0.438016 -0.2191 -0.372086 -0.301512 0.877862 1.59268 2.24245 1.05159</i>
                        <i>0.314594 0.855313 0.411667 -0.883466 0.422442 -0.20256 -0.347158 -0.29997 0.888538 1.58801 2.26431 1.04705</i>
                        <i>0.310124 0.863709 0.397278 -0.894515 0.406622 -0.185745 -0.321971 -0.297767 0.898704 1.58318 2.28609 1.04255</i>
                        <i>0.305333 0.871598 0.383521 -0.904416 0.391475 -0.169641 -0.297998 -0.295065 0.907818 1.57848 2.30656 1.03834</i>
                        <i>0.300642 0.878508 0.371265 -0.912703 0.377968 -0.155282 -0.276743 -0.292171 0.915451 1.57425 2.32453 1.03467</i>
                        <i>0.300642 0.878508 0.371265 -0.912703 0.377968 -0.155282 -0.276743 -0.292171 0.915451 1.57425 2.32453 1.03467</i>
                        <i>0.300642 0.878508 0.371265 -0.912703 0.377968 -0.155282 -0.276743 -0.292171 0.915451 1.57425 2.32453 1.03467</i>
                        <i>0.300642 0.878508 0.371265 -0.912703 0.377968 -0.155282 -0.276743 -0.292171 0.915451 1.57425 2.32453 1.03467</i>
                        <i>0.300642 0.878508 0.371265 -0.912703 0.377968 -0.155282 -0.276743 -0.292171 0.915451 1.57425 2.32453 1.03467</i>
                        <i>0.300642 0.878508 0.371265 -0.912703 0.377968 -0.155282 -0.276743 -0.292171 0.915451 1.57425 2.32453 1.03467</i>
                        <i>0.300642 0.878508 0.371265 -0.912703 0.377968 -0.155282 -0.276743 -0.292171 0.915451 1.57425 2.32453 1.03467</i>
                        <i>0.300642 0.878508 0.371265 -0.912703 0.377968 -0.155282 -0.276743 -0.292171 0.915451 1.57425 2.32453 1.03467</i>
                    </KeyFrames>
                </p>
            </i>
            <i>
                <p>
                    <Name><![CDATA[spine2]]></Name>
                    <Exclude>0</Exclude>
                    <Additive>0</Additive>
                    <IKPriority>0</IKPriority>
                    <IKRotLimits>-1e+010 -1e+010 -1e+010 1e+010 1e+010 1e+010</IKRotLimits>
                    <IKRotLimitOrder>0</IKRotLimitOrder>
                    <KeyFrames count="68">
                        <i>0.0435891 0.861685 0.505568 -0.985871 0.119022 -0.117861 -0.161733 -0.493287 0.854699 0.863052 1.89918 2.49621</i>
                        <i>0.0435891 0.861685 0.505568 -0.985871 0.119022 -0.117861 -0.161733 -0.493287 0.854699 0.863052 1.89918 2.49621</i>
                        <i>0.0435891 0.861685 0.505568 -0.985871 0.119022 -0.117861 -0.161733 -0.493287 0.854699 0.863052 1.89918 2.49621</i>
                        <i>0.0435891 0.861685 0.505568 -0.985871 0.119022 -0.117861 -0.161733 -0.493287 0.854699 0.863052 1.89918 2.49621</i>
                        <i>0.0435891 0.861685 0.505568 -0.985871 0.119022 -0.117861 -0.161733 -0.493287 0.854699 0.863052 1.89918 2.49621</i>
                        <i>0.0435891 0.861685 0.505568 -0.985871 0.119022 -0.117861 -0.161733 -0.493287 0.854699 0.863052 1.89918 2.49621</i>
                        <i>0.0435891 0.861685 0.505568 -0.985871 0.119022 -0.117861 -0.161733 -0.493287 0.854699 0.863052 1.89918 2.49621</i>
                        <i>0.0435891 0.861685 0.505568 -0.985871 0.119022 -0.117861 -0.161733 -0.493287 0.854699 0.863052 1.89918 2.49621</i>
                        <i>0.0435891 0.861685 0.505568 -0.985871 0.119022 -0.117861 -0.161733 -0.493287 0.854699 0.863052 1.89918 2.49621</i>
                        <i>0.0435891 0.861685 0.505568 -0.985871 0.119022 -0.117861 -0.161733 -0.493287 0.854699 0.863052 1.89918 2.49621</i>
                        <i>0.0435891 0.861685 0.505568 -0.985871 0.119022 -0.117861 -0.161733 -0.493287 0.854699 0.863052 1.89918 2.49621</i>
                        <i>0.0435891 0.861685 0.505568 -0.985871 0.119022 -0.117861 -0.161733 -0.493287 0.854699 0.863052 1.89918 2.49621</i>
                        <i>0.0435891 0.861685 0.505568 -0.985871 0.119022 -0.117861 -0.161733 -0.493287 0.854699 0.863052 1.89918 2.49621</i>
                        <i>0.0435891 0.861685 0.505568 -0.985871 0.119022 -0.117861 -0.161733 -0.493287 0.854699 0.863052 1.89918 2.49621</i>
                        <i>0.0435891 0.861685 0.505568 -0.985871 0.119022 -0.117861 -0.161733 -0.493287 0.854699 0.863052 1.89918 2.49621</i>
                        <i>0.0435891 0.861685 0.505568 -0.985871 0.119022 -0.117861 -0.161733 -0.493287 0.854699 0.863052 1.89918 2.49621</i>
                        <i>0.0436591 0.862184 0.50471 -0.986961 0.115565 -0.112041 -0.154927 -0.493237 0.855988 0.863065 1.89913 2.49634</i>
                        <i>0.0437684 0.863285 0.502816 -0.989168 0.108031 -0.0993751 -0.140109 -0.49302 0.858662 0.863099 1.89902 2.49662</i>
                        <i>0.0438221 0.864861 0.500095 -0.991894 0.0974289 -0.0815755 -0.119275 -0.492466 0.86212 0.863162 1.89887 2.49703</i>
                        <i>0.0437325 0.866781 0.496767 -0.99457 0.0847774 -0.0603673 -0.0944399 -0.49143 0.865782 0.863257 1.89869 2.49753</i>
                        <i>0.0434469 0.868899 0.493078 -0.996763 0.0711202 -0.0374991 -0.0676507 -0.489853 0.869176 0.863384 1.89848 2.49808</i>
                        <i>0.0429664 0.871051 0.48931 -0.998235 0.0575236 -0.0147461 -0.0409915 -0.487813 0.871985 0.863538 1.89828 2.49863</i>
                        <i>0.0423526 0.873056 0.485777 -0.998965 0.0450688 0.00609577 -0.0165714 -0.485532 0.874062 0.863701 1.89809 2.49915</i>
                        <i>0.041723 0.874726 0.482818 -0.999123 0.0348403 0.0232193 0.00348898 -0.483364 0.875413 0.863853 1.89794 2.49958</i>
                        <i>0.0412319 0.875867 0.480787 -0.999004 0.0279174 0.0348154 0.0170714 -0.481744 0.876146 0.863963 1.89783 2.49988</i>
                        <i>0.0410381 0.876289 0.480035 -0.998914 0.0253725 0.0390802 0.0220659 -0.481117 0.876378 0.864006 1.89779 2.49999</i>
                        <i>0.049056 0.88114 0.470304 -0.998793 0.0445337 0.0207447 -0.00266533 -0.470754 0.882261 0.868745 1.89563 2.49377</i>
                        <i>0.0636023 0.888675 0.454106 -0.996261 0.0831951 -0.023274 -0.0584624 -0.450928 0.890644 0.879709 1.88919 2.48291</i>
                        <i>0.0824972 0.895645 0.437053 -0.988727 0.128539 -0.0767828 -0.124948 -0.425792 0.896152 0.890238 1.8838 2.47011</i>
                        <i>0.102015 0.899664 0.424497 -0.97795 0.168868 -0.122873 -0.182229 -0.402602 0.897053 0.893588 1.88481 2.45815</i>
                        <i>0.117189 0.899331 0.421273 -0.970273 0.194129 -0.144516 -0.211749 -0.391814 0.895346 0.883028 1.89757 2.44987</i>
                        <i>0.123412 0.89341 0.431958 -0.972843 0.194818 -0.124993 -0.195823 -0.404802 0.89319 0.852109 1.92729 2.44819</i>
                        <i>0.129857 0.877351 0.461945 -0.986633 0.160593 -0.027655 -0.0984482 -0.452179 0.886477 0.788222 1.9872 2.46655</i>
                        <i>0.151305 0.849337 0.505701 -0.98614 0.0944595 0.136404 0.0680844 -0.519331 0.851857 0.697888 2.07426 2.50274</i>
                        <i>0.186684 0.812732 0.55192 -0.951586 0.00994756 0.30722 0.244198 -0.582553 0.775242 0.600879 2.17008 2.53582</i>
                        <i>0.21916 0.77217 0.596425 -0.900492 -0.0752487 0.428313 0.37561 -0.630945 0.678841 0.510876 2.25759 2.54688</i>
                        <i>0.217367 0.731558 0.6462 -0.876976 -0.144301 0.458356 0.428562 -0.666333 0.610192 0.436719 2.32018 2.52054</i>
                        <i>0.144962 0.680255 0.718498 -0.910229 -0.193004 0.366377 0.387903 -0.707108 0.59121 0.358933 2.35668 2.44859</i>
                        <i>0.00106877 0.613142 0.789972 -0.958242 -0.225271 0.176142 0.285958 -0.757172 0.587298 0.267313 2.37822 2.33954</i>
                        <i>-0.180439 0.546946 0.817491 -0.969096 -0.240997 -0.052661 0.168211 -0.801729 0.573529 0.186325 2.38693 2.20435</i>
                        <i>-0.344555 0.501166 0.793797 -0.935875 -0.249684 -0.248586 0.073615 -0.828547 0.555059 0.142489 2.3854 2.05836</i>
                        <i>-0.438939 0.492431 0.751561 -0.898032 -0.267906 -0.348948 0.0295148 -0.828093 0.559813 0.160506 2.3763 1.92218</i>
                        <i>-0.453934 0.522662 0.721643 -0.889142 -0.318475 -0.328635 0.0580598 -0.790821 0.609287 0.259931 2.34971 1.79622</i>
                        <i>-0.425098 0.576092 0.698147 -0.893432 -0.39075 -0.22157 0.145157 -0.717936 0.680806 0.425355 2.30394 1.67091</i>
                        <i>-0.37653 0.63831 0.671405 -0.890312 -0.449654 -0.0718051 0.256066 -0.624797 0.737603 0.626034 2.25406 1.55322</i>
                        <i>-0.322604 0.696168 0.641309 -0.882011 -0.466967 0.0632256 0.343486 -0.545245 0.764674 0.830362 2.21471 1.44827</i>
                        <i>-0.26568 0.741673 0.615902 -0.896681 -0.424753 0.124691 0.354086 -0.51914 0.777893 1.00586 2.19932 1.36054</i>
                        <i>-0.176901 0.776603 0.604644 -0.956942 -0.279366 0.0788431 0.230146 -0.564662 0.792584 1.16916 2.21593 1.2891</i>
                        <i>-0.0477455 0.799158 0.599222 -0.998748 -0.0292356 -0.040589 -0.0149184 -0.60041 0.799553 1.34253 2.24948 1.2298</i>
                        <i>0.0867778 0.805269 0.586525 -0.953764 0.23721 -0.184566 -0.287755 -0.543391 0.788622 1.50031 2.28129 1.18338</i>
                        <i>0.190644 0.801303 0.56707 -0.856702 0.41785 -0.30243 -0.479288 -0.428154 0.766138 1.61468 2.30149 1.15246</i>
                        <i>0.231882 0.797936 0.556353 -0.805162 0.47838 -0.350522 -0.545843 -0.366675 0.753396 1.65855 2.30832 1.14119</i>
                        <i>0.234855 0.797662 0.555498 -0.806714 0.478762 -0.34641 -0.54227 -0.366772 0.755925 1.65785 2.31205 1.14011</i>
                        <i>0.24304 0.796927 0.553026 -0.810889 0.479799 -0.33504 -0.532344 -0.367015 0.76283 1.65589 2.32236 1.13713</i>
                        <i>0.25531 0.795879 0.548993 -0.816883 0.481312 -0.31787 -0.517223 -0.367307 0.773024 1.65282 2.33793 1.13262</i>
                        <i>0.270515 0.794671 0.543434 -0.823863 0.483127 -0.296374 -0.498068 -0.367541 0.785393 1.64883 2.35742 1.12697</i>
                        <i>0.287516 0.793438 0.536461 -0.831071 0.48509 -0.272046 -0.476083 -0.36762 0.798874 1.64409 2.37949 1.12056</i>
                        <i>0.305208 0.79229 0.528322 -0.837887 0.487072 -0.246388 -0.452542 -0.367474 0.812508 1.63884 2.40282 1.11378</i>
                        <i>0.322545 0.791301 0.519429 -0.843869 0.488971 -0.220891 -0.428778 -0.367083 0.82547 1.63333 2.42608 1.10702</i>
                        <i>0.338563 0.790508 0.510364 -0.848761 0.490705 -0.19701 -0.406176 -0.366477 0.837087 1.62792 2.44798 1.10065</i>
                        <i>0.352382 0.789919 0.501852 -0.852477 0.492196 -0.176143 -0.386148 -0.365747 0.846828 1.62298 2.46721 1.09505</i>
                        <i>0.352382 0.789919 0.501852 -0.852477 0.492196 -0.176143 -0.386148 -0.365747 0.846828 1.62298 2.46721 1.09505</i>
                        <i>0.352382 0.789919 0.501852 -0.852477 0.492196 -0.176143 -0.386148 -0.365747 0.846828 1.62298 2.46721 1.09505</i>
                        <i>0.352382 0.789919 0.501852 -0.852477 0.492196 -0.176143 -0.386148 -0.365747 0.846828 1.62298 2.46721 1.09505</i>
                        <i>0.352382 0.789919 0.501852 -0.852477 0.492196 -0.176143 -0.386148 -0.365747 0.846828 1.62298 2.46721 1.09505</i>
                        <i>0.352382 0.789919 0.501852 -0.852477 0.492196 -0.176143 -0.386148 -0.365747 0.846828 1.62298 2.46721 1.09505</i>
                        <i>0.352382 0.789919 0.501852 -0.852477 0.492196 -0.176143 -0.386148 -0.365747 0.846828 1.62298 2.46721 1.09505</i>
                        <i>0.352382 0.789919 0.501852 -0.852477 0.492196 -0.176143 -0.386148 -0.365747 0.846828 1.62298 2.46721 1.09505</i>
                    </KeyFrames>
                </p>
            </i>
            <i>
                <p>
                    <Name><![CDATA[head]]></Name>
                    <Exclude>0</Exclude>
                    <Additive>0</Additive>
                    <IKPriority>0</IKPriority>
