<?xml version="1.0" encoding="ISO-8859-1" ?>
<Animl Version="1">
    <ModellingPackage><![CDATA[Maya.2010]]></ModellingPackage>
    <SrcFile><![CDATA[anims\vehicles\blue\~src\air\helicopter_uh1iroquois\helicopter_uh1iroquois_takeoff_crewman_b.mb]]></SrcFile>
    <FramesPerSecond>30</FramesPerSecond>
    <TotalFrames>121</TotalFrames>
    <Skeleton>
        <RefFrame>
            <Name><![CDATA[soldier_ref_frame]]></Name>
            <Exclude>0</Exclude>
            <Additive>0</Additive>
            <IKPriority>0</IKPriority>
            <IKRotLimits>-1e+010 -1e+010 -1e+010 1e+010 1e+010 1e+010</IKRotLimits>
            <IKRotLimitOrder>0</IKRotLimitOrder>
            <KeyFrames count="121">
                <i>1 0 0 0 1 0 0 0 1 -2.77 0 0.18</i>
                <i>1 0 0 0 1 0 0 0 1 -2.77 0 0.18</i>
                <i>1 0 0 0 1 0 0 0 1 -2.77 0 0.18</i>
                <i>1 0 0 0 1 0 0 0 1 -2.77 0 0.18</i>
                <i>1 0 0 0 1 0 0 0 1 -2.77 0 0.18</i>
                <i>1 0 0 0 1 0 0 0 1 -2.77 0 0.18</i>
                <i>1 0 0 0 1 0 0 0 1 -2.77 0 0.18</i>
                <i>1 0 0 0 1 0 0 0 1 -2.77 0 0.18</i>
                <i>1 0 0 0 1 0 0 0 1 -2.77 0 0.18</i>
                <i>1 0 0 0 1 0 0 0 1 -2.77 0 0.18</i>
                <i>1 0 0 0 1 0 0 0 1 -2.77 0 0.18</i>
                <i>1 0 0 0 1 0 0 0 1 -2.77 0 0.18</i>
                <i>1 0 0 0 1 0 0 0 1 -2.77 0 0.18</i>
                <i>1 0 0 0 1 0 0 0 1 -2.77 0 0.18</i>
                <i>1 0 0 0 1 0 0 0 1 -2.77 0 0.18</i>
                <i>1 0 0 0 1 0 0 0 1 -2.77 0 0.18</i>
                <i>1 0 0 0 1 0 0 0 1 -2.77 0 0.18</i>
                <i>1 0 0 0 1 0 0 0 1 -2.77 0 0.18</i>
                <i>1 0 0 0 1 0 0 0 1 -2.77 0 0.18</i>
                <i>1 0 0 0 1 0 0 0 1 -2.77 0 0.18</i>
                <i>1 0 0 0 1 0 0 0 1 -2.77 0 0.18</i>
                <i>1 0 0 0 1 0 0 0 1 -2.77 0 0.18</i>
                <i>1 0 0 0 1 0 0 0 1 -2.77 0 0.18</i>
                <i>1 0 0 0 1 0 0 0 1 -2.77 0 0.18</i>
                <i>1 0 0 0 1 0 0 0 1 -2.77 0 0.18</i>
                <i>1 0 0 0 1 0 0 0 1 -2.77 0 0.18</i>
                <i>1 0 0 0 1 0 0 0 1 -2.77 0 0.18</i>
                <i>1 0 0 0 1 0 0 0 1 -2.77 0 0.18</i>
                <i>1 0 0 0 1 0 0 0 1 -2.77 0 0.18</i>
                <i>1 0 0 0 1 0 0 0 1 -2.77 0 0.18</i>
                <i>1 0 0 0 1 0 0 0 1 -2.77 0 0.18</i>
                <i>1 0 0 0 1 0 0 0 1 -2.77 0 0.18</i>
                <i>1 0 0 0 1 0 0 0 1 -2.77 0 0.18</i>
                <i>1 0 0 0 1 0 0 0 1 -2.77 0 0.18</i>
                <i>1 0 0 0 1 0 0 0 1 -2.77 0 0.18</i>
                <i>1 0 0 0 1 0 0 0 1 -2.77 0 0.18</i>
                <i>1 0 0 0 1 0 0 0 1 -2.77 0 0.18</i>
                <i>1 0 0 0 1 0 0 0 1 -2.77 0 0.18</i>
                <i>1 0 0 0 1 0 0 0 1 -2.77 0 0.18</i>
                <i>1 0 0 0 1 0 0 0 1 -2.77 0 0.18</i>
                <i>1 0 0 0 1 0 0 0 1 -2.77 0 0.18</i>
                <i>1 0 0 0 1 0 0 0 1 -2.77 0 0.18</i>
                <i>1 0 0 0 1 0 0 0 1 -2.77 0 0.18</i>
                <i>1 0 0 0 1 0 0 0 1 -2.77 0 0.18</i>
                <i>1 0 0 0 1 0 0 0 1 -2.77 0 0.18</i>
                <i>1 0 0 0 1 0 0 0 1 -2.77 0 0.18</i>
                <i>1 0 0 0 1 0 0 0 1 -2.77 0 0.18</i>
                <i>1 0 0 0 1 0 0 0 1 -2.77 0 0.18</i>
                <i>1 0 0 0 1 0 0 0 1 -2.77 0 0.18</i>
                <i>1 0 0 0 1 0 0 0 1 -2.77 0 0.18</i>
                <i>1 0 0 0 1 0 0 0 1 -2.77 0 0.18</i>
                <i>1 0 0 0 1 0 0 0 1 -2.77 0 0.18</i>
                <i>1 0 0 0 1 0 0 0 1 -2.77 0 0.18</i>
                <i>1 0 0 0 1 0 0 0 1 -2.77 0 0.18</i>
                <i>1 0 0 0 1 0 0 0 1 -2.77 0 0.18</i>
                <i>1 0 0 0 1 0 0 0 1 -2.77 0 0.18</i>
                <i>1 0 0 0 1 0 0 0 1 -2.77 0 0.18</i>
                <i>1 0 0 0 1 0 0 0 1 -2.77 0 0.18</i>
                <i>1 0 0 0 1 0 0 0 1 -2.77 0 0.18</i>
                <i>1 0 0 0 1 0 0 0 1 -2.77 0 0.18</i>
                <i>1 0 0 0 1 0 0 0 1 -2.77 0 0.18</i>
                <i>1 0 0 0 1 0 0 0 1 -2.77 0 0.18</i>
                <i>1 0 0 0 1 0 0 0 1 -2.77 0 0.18</i>
                <i>1 0 0 0 1 0 0 0 1 -2.77 0 0.18</i>
                <i>1 0 0 0 1 0 0 0 1 -2.77 0 0.18</i>
                <i>1 0 0 0 1 0 0 0 1 -2.77 0 0.18</i>
                <i>1 0 0 0 1 0 0 0 1 -2.77 0 0.18</i>
                <i>1 0 0 0 1 0 0 0 1 -2.77 0 0.18</i>
                <i>1 0 0 0 1 0 0 0 1 -2.77 0 0.18</i>
                <i>1 0 0 0 1 0 0 0 1 -2.77 0 0.18</i>
                <i>1 0 0 0 1 0 0 0 1 -2.77 0 0.18</i>
                <i>1 0 0 0 1 0 0 0 1 -2.77 0 0.18</i>
                <i>1 0 0 0 1 0 0 0 1 -2.77 0 0.18</i>
                <i>1 0 0 0 1 0 0 0 1 -2.77 0 0.18</i>
                <i>1 0 0 0 1 0 0 0 1 -2.77 0 0.18</i>
                <i>1 0 0 0 1 0 0 0 1 -2.77 0 0.18</i>
                <i>1 0 0 0 1 0 0 0 1 -2.77 0 0.18</i>
                <i>1 0 0 0 1 0 0 0 1 -2.77 0 0.18</i>
                <i>1 0 0 0 1 0 0 0 1 -2.77 0 0.18</i>
                <i>1 0 0 0 1 0 0 0 1 -2.77 0 0.18</i>
                <i>1 0 0 0 1 0 0 0 1 -2.77 0 0.18</i>
                <i>1 0 0 0 1 0 0 0 1 -2.77 0 0.18</i>
                <i>1 0 0 0 1 0 0 0 1 -2.77 0 0.18</i>
                <i>1 0 0 0 1 0 0 0 1 -2.77 0 0.18</i>
                <i>1 0 0 0 1 0 0 0 1 -2.77 0 0.18</i>
                <i>1 0 0 0 1 0 0 0 1 -2.77 0 0.18</i>
                <i>1 0 0 0 1 0 0 0 1 -2.77 0 0.18</i>
                <i>1 0 0 0 1 0 0 0 1 -2.77 0 0.18</i>
                <i>1 0 0 0 1 0 0 0 1 -2.77 0 0.18</i>
                <i>1 0 0 0 1 0 0 0 1 -2.77 0 0.18</i>
                <i>1 0 0 0 1 0 0 0 1 -2.77 0 0.18</i>
                <i>1 0 0 0 1 0 0 0 1 -2.77 0 0.18</i>
                <i>1 0 0 0 1 0 0 0 1 -2.77 0 0.18</i>
                <i>1 0 0 0 1 0 0 0 1 -2.77 0 0.18</i>
                <i>1 0 0 0 1 0 0 0 1 -2.77 0 0.18</i>
                <i>1 0 0 0 1 0 0 0 1 -2.77 0 0.18</i>
                <i>1 0 0 0 1 0 0 0 1 -2.77 0 0.18</i>
                <i>1 0 0 0 1 0 0 0 1 -2.77 0 0.18</i>
                <i>1 0 0 0 1 0 0 0 1 -2.77 0 0.18</i>
                <i>1 0 0 0 1 0 0 0 1 -2.77 0 0.18</i>
                <i>1 0 0 0 1 0 0 0 1 -2.77 0 0.18</i>
                <i>1 0 0 0 1 0 0 0 1 -2.77 0 0.18</i>
                <i>1 0 0 0 1 0 0 0 1 -2.77 0 0.18</i>
                <i>1 0 0 0 1 0 0 0 1 -2.77 0 0.18</i>
                <i>1 0 0 0 1 0 0 0 1 -2.77 0 0.18</i>
                <i>1 0 0 0 1 0 0 0 1 -2.77 0 0.18</i>
                <i>1 0 0 0 1 0 0 0 1 -2.77 0 0.18</i>
                <i>1 0 0 0 1 0 0 0 1 -2.77 0 0.18</i>
                <i>1 0 0 0 1 0 0 0 1 -2.77 0 0.18</i>
                <i>1 0 0 0 1 0 0 0 1 -2.77 0 0.18</i>
                <i>1 0 0 0 1 0 0 0 1 -2.77 0 0.18</i>
                <i>1 0 0 0 1 0 0 0 1 -2.77 0 0.18</i>
                <i>1 0 0 0 1 0 0 0 1 -2.77 0 0.18</i>
                <i>1 0 0 0 1 0 0 0 1 -2.77 0 0.18</i>
                <i>1 0 0 0 1 0 0 0 1 -2.77 0 0.18</i>
                <i>1 0 0 0 1 0 0 0 1 -2.77 0 0.18</i>
                <i>1 0 0 0 1 0 0 0 1 -2.77 0 0.18</i>
                <i>1 0 0 0 1 0 0 0 1 -2.77 0 0.18</i>
                <i>1 0 0 0 1 0 0 0 1 -2.77 0 0.18</i>
                <i>1 0 0 0 1 0 0 0 1 -2.77 0 0.18</i>
                <i>1 0 0 0 1 0 0 0 1 -2.77 0 0.18</i>
            </KeyFrames>
        </RefFrame>
        <Bones count="23">
            <i>
                <p>
                    <Name><![CDATA[pelvis]]></Name>
                    <Exclude>0</Exclude>
                    <Additive>0</Additive>
                    <IKPriority>0</IKPriority>
                    <IKRotLimits>-1e+010 -1e+010 -1e+010 1e+010 1e+010 1e+010</IKRotLimits>
                    <IKRotLimitOrder>2</IKRotLimitOrder>
                    <KeyFrames count="121">
                        <i>1 0 0 0 1 0 0 0 1 -2.54137 1.17858 0.270569</i>
                        <i>1 0 0 0 1 0 0 0 1 -2.54137 1.17875 0.270569</i>
                        <i>1 0 0 0 1 0 0 0 1 -2.54137 1.17895 0.270569</i>
                        <i>1 0 0 0 1 0 0 0 1 -2.54137 1.17916 0.270569</i>
                        <i>1 0 0 0 1 0 0 0 1 -2.54137 1.17936 0.270569</i>
                        <i>1 0 0 0 1 0 0 0 1 -2.54137 1.17956 0.270569</i>
                        <i>1 0 0 0 1 0 0 0 1 -2.54137 1.17974 0.270569</i>
                        <i>1 0 0 0 1 0 0 0 1 -2.54137 1.17987 0.270569</i>
                        <i>1 0 0 0 1 0 0 0 1 -2.54137 1.17997 0.270569</i>
                        <i>1 0 0 0 1 0 0 0 1 -2.54137 1.18 0.270569</i>
                        <i>1 0 0 0 1 0 0 0 1 -2.54609 1.1758 0.273913</i>
                        <i>1 0 0 0 1 0 0 0 1 -2.55891 1.1644 0.28299</i>
                        <i>1 0 0 0 1 0 0 0 1 -2.57779 1.1476 0.296366</i>
                        <i>1 0 0 0 1 0 0 0 1 -2.60073 1.1272 0.312609</i>
                        <i>1 0 0 0 1 0 0 0 1 -2.62569 1.105 0.330284</i>
                        <i>1 0 0 0 1 0 0 0 1 -2.65064 1.0828 0.34796</i>
                        <i>1 0 0 0 1 0 0 0 1 -2.67358 1.0624 0.364203</i>
                        <i>1 0 0 0 1 0 0 0 1 -2.69246 1.0456 0.377579</i>
                        <i>1 0 0 0 1 0 0 0 1 -2.70528 1.0342 0.386656</i>
                        <i>1 0 0 0 1 0 0 0 1 -2.71 1.03 0.39</i>
                        <i>1 0 0 0 1 0 0 0 1 -2.71 1.0352 0.39624</i>
                        <i>1 0 0 0 1 0 0 0 1 -2.71 1.0476 0.41112</i>
                        <i>1 0 0 0 1 0 0 0 1 -2.71 1.0624 0.42888</i>
                        <i>1 0 0 0 1 0 0 0 1 -2.71 1.0748 0.44376</i>
                        <i>1 0 0 0 1 0 0 0 1 -2.71 1.08 0.45</i>
                        <i>1 0 0 0 1 0 0 0 1 -2.733 1.083 0.4815</i>
                        <i>1 0 0 0 1 0 0 0 1 -2.73 1.12 0.538</i>
                        <i>1 0 0 0 1 0 0 0 1 -2.6343 1.228 0.602222</i>
                        <i>1 0 0 0 1 0 0 0 1 -2.51104 1.35733 0.669111</i>
                        <i>1 0 0 0 1 0 0 0 1 -2.45 1.42 0.7</i>
                        <i>1 0 0 0 1 0 0 0 1 -2.31586 1.53562 0.840937</i>
                        <i>1 0 0 0 1 0 0 0 1 -2.10984 1.68 1.02</i>
                        <i>1 0 0 0 1 0 0 0 1 -1.97606 1.73113 1.08488</i>
                        <i>1 0 0 0 1 0 0 0 1 -1.85543 1.77141 1.13241</i>
                        <i>1 0 0 0 1 0 0 0 1 -1.73772 1.80362 1.17062</i>
                        <i>1 0 0 0 1 0 0 0 1 -1.61272 1.83059 1.20759</i>
                        <i>1 0 0 0 1 0 0 0 1 -1.47022 1.85512 1.25137</i>
                        <i>1 0 0 0 1 0 0 0 1 -1.3 1.88 1.31</i>
                        <i>1 0 0 0 1 0 0 0 1 -0.971256 1.90507 1.40964</i>
                        <i>1 0 0 0 1 0 0 0 1 -0.61 1.92586 1.57</i>
                        <i>1 0 0 0 1 0 0 0 1 -0.395875 1.93871 1.81943</i>
                        <i>1 0 0 0 1 0 0 0 1 -0.29 1.94 2.07077</i>
                        <i>1 0 0 0 1 0 0 0 1 -0.30192 1.91735 2.27058</i>
                        <i>1 0 0 0 1 0 0 0 1 -0.368952 1.87628 2.44533</i>
                        <i>1 0 0 0 1 0 0 0 1 -0.43 1.84 2.54</i>
                        <i>1 0 0 0 1 0 0 0 1 -0.468581 1.81365 2.56945</i>
                        <i>1 0 0 0 1 0 0 0 1 -0.508424 1.78707 2.58667</i>
                        <i>1 0 0 0 1 0 0 0 1 -0.548758 1.76056 2.59381</i>
                        <i>1 0 0 0 1 0 0 0 1 -0.58881 1.73439 2.59302</i>
                        <i>1 0 0 0 1 0 0 0 1 -0.62781 1.70884 2.58646</i>
                        <i>1 0 0 0 1 0 0 0 1 -0.664985 1.68417 2.57629</i>
                        <i>1 0 0 0 1 0 0 0 1 -0.699563 1.66068 2.56465</i>
                        <i>1 0 0 0 1 0 0 0 1 -0.730773 1.63864 2.55372</i>
                        <i>1 0 0 0 1 0 0 0 1 -0.757842 1.61832 2.54563</i>
                        <i>1 0 0 0 1 0 0 0 1 -0.78 1.6 2.54255</i>
                        <i>1 0 0 0 1 0 0 0 1 -0.794887 1.58476 2.54266</i>
                        <i>1 0 0 0 1 0 0 0 1 -0.801875 1.57297 2.54271</i>
                        <i>1 0 0 0 1 0 0 0 1 -0.802786 1.56382 2.54272</i>
                        <i>1 0 0 0 1 0 0 0 1 -0.799444 1.55653 2.54269</i>
                        <i>1 0 0 0 1 0 0 0 1 -0.793672 1.55029 2.54265</i>
                        <i>1 0 0 0 1 0 0 0 1 -0.787292 1.54432 2.5426</i>
                        <i>1 0 0 0 1 0 0 0 1 -0.782127 1.53782 2.54257</i>
                        <i>1 0 0 0 1 0 0 0 1 -0.78 1.53 2.54255</i>
                        <i>1 0 0 0 1 0 0 0 1 -0.78 1.53 2.54255</i>
                        <i>1 0 0 0 1 0 0 0 1 -0.78 1.53 2.54255</i>
                        <i>1 0 0 0 1 0 0 0 1 -0.78 1.53 2.54255</i>
                        <i>1 0 0 0 1 0 0 0 1 -0.78 1.53 2.54255</i>
                        <i>1 0 0 0 1 0 0 0 1 -0.78 1.53 2.54255</i>
                        <i>1 0 0 0 1 0 0 0 1 -0.78 1.53 2.54255</i>
                        <i>1 0 0 0 1 0 0 0 1 -0.78 1.53 2.54255</i>
                        <i>1 0 0 0 1 0 0 0 1 -0.78 1.53 2.54255</i>
                        <i>1 0 0 0 1 0 0 0 1 -0.78 1.53 2.54255</i>
                        <i>1 0 0 0 1 0 0 0 1 -0.78 1.53 2.54255</i>
                        <i>1 0 0 0 1 0 0 0 1 -0.78 1.53 2.54255</i>
                        <i>1 0 0 0 1 0 0 0 1 -0.78 1.53 2.54255</i>
                        <i>1 0 0 0 1 0 0 0 1 -0.78 1.53 2.54255</i>
                        <i>1 0 0 0 1 0 0 0 1 -0.78 1.53 2.54255</i>
                        <i>1 0 0 0 1 0 0 0 1 -0.78 1.53 2.54255</i>
                        <i>1 0 0 0 1 0 0 0 1 -0.78 1.53 2.54255</i>
                        <i>1 0 0 0 1 0 0 0 1 -0.78 1.53 2.54255</i>
                        <i>1 0 0 0 1 0 0 0 1 -0.78 1.53 2.54255</i>
                        <i>1 0 0 0 1 0 0 0 1 -0.78 1.53 2.54255</i>
                        <i>1 0 0 0 1 0 0 0 1 -0.78 1.53 2.54255</i>
                        <i>1 0 0 0 1 0 0 0 1 -0.78 1.53 2.54255</i>
                        <i>1 0 0 0 1 0 0 0 1 -0.78 1.53 2.54255</i>
                        <i>1 0 0 0 1 0 0 0 1 -0.78 1.53 2.54255</i>
                        <i>1 0 0 0 1 0 0 0 1 -0.78 1.53 2.54255</i>
                        <i>1 0 0 0 1 0 0 0 1 -0.78 1.53 2.54255</i>
                        <i>1 0 0 0 1 0 0 0 1 -0.78 1.53 2.54255</i>
                        <i>1 0 0 0 1 0 0 0 1 -0.78 1.53 2.54255</i>
                        <i>1 0 0 0 1 0 0 0 1 -0.78 1.53 2.54255</i>
                        <i>1 0 0 0 1 0 0 0 1 -0.78 1.53 2.54255</i>
                        <i>1 0 0 0 1 0 0 0 1 -0.78 1.53 2.54255</i>
                        <i>1 0 0 0 1 0 0 0 1 -0.78 1.53 2.54255</i>
                        <i>1 0 0 0 1 0 0 0 1 -0.78 1.53 2.54255</i>
                        <i>1 0 0 0 1 0 0 0 1 -0.78 1.53 2.54255</i>
                        <i>1 0 0 0 1 0 0 0 1 -0.78 1.53 2.54255</i>
                        <i>1 0 0 0 1 0 0 0 1 -0.78 1.53 2.54255</i>
                        <i>1 0 0 0 1 0 0 0 1 -0.78 1.53 2.54255</i>
                        <i>1 0 0 0 1 0 0 0 1 -0.78 1.53 2.54255</i>
                        <i>1 0 0 0 1 0 0 0 1 -0.78 1.53 2.54255</i>
                        <i>1 0 0 0 1 0 0 0 1 -0.78 1.53 2.54255</i>
                        <i>1 0 0 0 1 0 0 0 1 -0.78 1.53 2.54255</i>
                        <i>1 0 0 0 1 0 0 0 1 -0.78 1.53 2.54255</i>
                        <i>1 0 0 0 1 0 0 0 1 -0.78 1.53 2.54255</i>
                        <i>1 0 0 0 1 0 0 0 1 -0.78 1.53 2.54255</i>
                        <i>1 0 0 0 1 0 0 0 1 -0.78 1.53 2.54255</i>
                        <i>1 0 0 0 1 0 0 0 1 -0.78 1.53 2.54255</i>
                        <i>1 0 0 0 1 0 0 0 1 -0.78 1.53 2.54255</i>
                        <i>1 0 0 0 1 0 0 0 1 -0.78 1.53 2.54255</i>
                        <i>1 0 0 0 1 0 0 0 1 -0.78 1.53 2.54255</i>
                        <i>1 0 0 0 1 0 0 0 1 -0.78 1.53 2.54255</i>
                        <i>1 0 0 0 1 0 0 0 1 -0.78 1.53 2.54255</i>
                        <i>1 0 0 0 1 0 0 0 1 -0.78 1.53 2.54255</i>
                        <i>1 0 0 0 1 0 0 0 1 -0.78 1.53 2.54255</i>
                        <i>1 0 0 0 1 0 0 0 1 -0.78 1.53 2.54255</i>
                        <i>1 0 0 0 1 0 0 0 1 -0.78 1.53 2.54255</i>
                        <i>1 0 0 0 1 0 0 0 1 -0.78 1.53 2.54255</i>
                        <i>1 0 0 0 1 0 0 0 1 -0.78 1.53 2.54255</i>
                        <i>1 0 0 0 1 0 0 0 1 -0.78 1.53 2.54255</i>
                        <i>1 0 0 0 1 0 0 0 1 -0.78 1.53 2.54255</i>
                    </KeyFrames>
                </p>
            </i>
            <i>
                <p>
                    <Name><![CDATA[spine0]]></Name>
                    <Exclude>0</Exclude>
                    <Additive>0</Additive>
                    <IKPriority>0</IKPriority>
                    <IKRotLimits>-1e+010 -1e+010 -1e+010 1e+010 1e+010 1e+010</IKRotLimits>
                    <IKRotLimitOrder>0</IKRotLimitOrder>
                    <KeyFrames count="121">
                        <i>-0.0477608 0.998836 -0.00674167 0.246136 0.00522755 -0.969221 -0.968058 -0.0479501 -0.246099 -2.51314 1.31854 0.288167</i>
                        <i>-0.0354584 0.999334 -0.00857122 0.245131 0.000382504 -0.96949 -0.968841 -0.0364776 -0.244982 -2.51031 1.31808 0.288413</i>
                        <i>-0.0220685 0.999695 -0.0111245 0.24389 -0.00540775 -0.969788 -0.969552 -0.0241149 -0.243696 -2.50711 1.31749 0.288688</i>
                        <i>-0.00857698 0.999861 -0.0143138 0.242428 -0.0118081 -0.970098 -0.970131 -0.0117906 -0.242293 -2.50374 1.31678 0.288974</i>
                        <i>0.00417468 0.999831 -0.0179259 0.240793 -0.0184037 -0.970402 -0.970568 -0.000265315 -0.240829 -2.50039 1.31599 0.289256</i>
                        <i>0.0155161 0.999645 -0.0216543 0.239075 -0.0247378 -0.970686 -0.970877 0.0098843 -0.239374 -2.49725 1.31517 0.289518</i>
                        <i>0.0249435 0.999373 -0.0251444 0.237414 -0.0303546 -0.970934 -0.971088 0.0182489 -0.238022 -2.49451 1.31439 0.289745</i>
                        <i>0.0320822 0.999092 -0.0280362 0.235989 -0.0348295 -0.971131 -0.971226 0.0245398 -0.236893 -2.49233 1.31373 0.289925</i>
                        <i>0.0366217 0.998879 -0.0299915 0.234998 -0.0377779 -0.971262 -0.971306 0.0285213 -0.236118 -2.4909 1.31327 0.290042</i>
                        <i>0.0382272 0.998797 -0.0307053 0.23463 -0.0388403 -0.971309 -0.971333 0.0299261 -0.235832 -2.49038 1.3131 0.290085</i>
                        <i>0.0284753 0.998518 -0.046369 0.191006 -0.0509684 -0.980265 -0.981176 0.0190566 -0.192174 -2.49511 1.3095 0.288782</i>
                        <i>0.000105875 0.996594 -0.082464 0.0706559 -0.0822653 -0.994103 -0.997501 -0.00572131 -0.0704239 -2.5089 1.29926 0.285708</i>
                        <i>-0.0437759 0.992073 -0.117792 -0.108746 -0.121937 -0.986563 -0.993105 -0.0303782 0.113222 -2.53151 1.28314 0.282827</i>
                        <i>-0.0929648 0.986892 -0.131912 -0.322206 -0.155176 -0.933865 -0.942094 -0.0443137 0.332408 -2.56179 1.26244 0.282787</i>
                        <i>-0.13031 0.984847 -0.114435 -0.537437 -0.167155 -0.826572 -0.833175 -0.0462085 0.551075 -2.59677 1.23938 0.287837</i>
                        <i>-0.139646 0.987729 -0.0699338 -0.722413 -0.149928 -0.675012 -0.677213 -0.0437417 0.734485 -2.63199 1.21659 0.298466</i>
                        <i>-0.116159 0.993129 -0.0141956 -0.855996 -0.107348 -0.505715 -0.503764 -0.0465919 0.862584 -2.66291 1.19635 0.312832</i>
                        <i>-0.0710313 0.996842 0.0354925 -0.934593 -0.0540775 -0.351584 -0.348554 -0.0581445 0.935483 -2.68634 1.18031 0.327454</i>
                        <i>-0.0269218 0.997311 0.0681621 -0.970098 -0.00961187 -0.242522 -0.241214 -0.072653 0.967749 -2.70085 1.16969 0.338509</i>
                        <i>-0.00799242 0.996796 0.0795898 -0.97938 0.00826459 -0.201857 -0.201868 -0.079562 0.976176 -2.70588 1.16582 0.342766</i>
                        <i>-0.00760842 0.996452 0.0838176 -0.979371 0.00950059 -0.201847 -0.201927 -0.0836242 0.975824 -2.70588 1.17102 0.349006</i>
                        <i>-0.00668096 0.995558 0.0939144 -0.979343 0.0124665 -0.201823 -0.202098 -0.0933227 0.974909 -2.70588 1.18342 0.363886</i>
                        <i>-0.00555114 0.994351 0.105994 -0.979297 0.0160431 -0.201792 -0.202353 -0.104919 0.973676 -2.70588 1.19822 0.381646</i>
                        <i>-0.00458419 0.993223 0.116138 -0.979248 0.0190726 -0.201764 -0.202612 -0.114653 0.972524 -2.70588 1.21062 0.396526</i>
                        <i>-0.00417291 0.992717 0.120398 -0.979225 0.0203526 -0.201751 -0.202733 -0.118739 0.972009 -2.70588 1.21582 0.402766</i>
                        <i>0.0310728 0.987227 0.156263 -0.996441 0.0428516 -0.0725832 -0.0783521 -0.153452 0.985045 -2.73545 1.22 0.437654</i>
                        <i>0.0274282 0.981101 0.191542 -0.994486 0.00738009 0.104605 0.101215 -0.193355 0.975894 -2.75293 1.25667 0.499366</i>
                        <i>0.0267159 0.972893 0.229708 -0.983464 -0.0155949 0.18043 0.179122 -0.23073 0.956389 -2.67355 1.36266 0.570253</i>
                        <i>0.0391152 0.964234 0.262151 -0.971461 -0.0247288 0.235907 0.233953 -0.263897 0.935748 -2.56239 1.48946 0.644567</i>
                        <i>0.0487965 0.96018 0.275089 -0.965808 -0.024852 0.258063 0.254624 -0.278276 0.926137 -2.50588 1.55089 0.67898</i>
                        <i>0.104834 0.967082 0.231868 -0.928043 0.0113395 0.3723 0.357415 -0.254213 0.898682 -2.37047 1.667 0.819651</i>
                        <i>0.181761 0.968778 0.168619 -0.84836 0.0677792 0.525063 0.497241 -0.238486 0.834192 -2.16246 1.81188 0.996848</i>
                        <i>0.208853 0.968157 0.138032 -0.785065 0.0818191 0.613986 0.583141 -0.236597 0.777154 -2.03062 1.86158 1.05834</i>
                        <i>0.228975 0.967019 0.111557 -0.711949 0.0882091 0.696669 0.663852 -0.238942 0.708666 -1.91323 1.89985 1.10312</i>
                        <i>0.243175 0.965919 0.0886899 -0.633155 0.088799 0.768915 0.734834 -0.243135 0.63317 -1.79946 1.9299 1.13996</i>
                        <i>0.252848 0.965107 0.0680912 -0.556204 0.0874117 0.826436 0.791647 -0.246835 0.558898 -1.67831 1.95491 1.17695</i>
                        <i>0.25964 0.964521 0.0478085 -0.491244 0.0892918 0.866433 0.831424 -0.248446 0.496999 -1.53891 1.97795 1.22153</i>
                        <i>0.265198 0.963855 0.0255586 -0.449013 0.0999979 0.887912 0.853263 -0.246948 0.459303 -1.37053 2.00197 1.28094</i>
                        <i>0.256661 0.966025 -0.0303513 -0.404215 0.135814 0.904525 0.877915 -0.219888 0.42534 -1.04377 2.02661 1.3838</i>
                        <i>0.215617 0.9735 -0.0762073 -0.346056 0.149158 0.926282 0.913102 -0.17335 0.369046 -0.686536 2.04651 1.55321</i>
                        <i>0.108962 0.99383 0.0207128 -0.192553 0.000659914 0.981286 0.975218 -0.110912 0.191437 -0.481744 2.05382 1.82794</i>
                        <i>0.0313269 0.989079 0.144018 -0.144489 -0.138094 0.979823 0.98901 -0.0515038 0.138585 -0.380453 2.04952 2.09355</i>
                        <i>0.0686669 0.98816 0.1372 -0.44789 -0.0923506 0.889306 0.891448 -0.122516 0.436246 -0.383404 2.0359 2.26958</i>
                        <i>0.107557 0.98815 0.109504 -0.773819 0.0140522 0.633251 0.624209 -0.152847 0.76616 -0.430557 2.00209 2.41259</i>
                        <i>0.103634 0.991459 0.0791797 -0.917988 0.0647046 0.391294 0.382829 -0.113237 0.916853 -0.476815 1.96633 2.48955</i>
                        <i>0.0860794 0.995057 0.0495202 -0.955035 0.0682581 0.288531 0.283724 -0.07213 0.956189 -0.510569 1.93875 2.51216</i>
                        <i>0.0713149 0.99735 0.0143842 -0.972588 0.06633 0.222873 0.221328 -0.0298841 0.974741 -0.54665 1.91022 2.52287</i>
                        <i>0.0580552 0.998071 -0.0219935 -0.980962 0.0611219 0.184331 0.18532 0.0108734 0.982618 -0.584118 1.88131 2.52404</i>
                        <i>0.0448264 0.997432 -0.0558608 -0.985506 0.0533098 0.161047 0.163611 0.0478321 0.985365 -0.622141 1.85263 2.51816</i>
                        <i>0.0304322 0.996007 -0.0839273 -0.989245 0.042031 0.140102 0.14307 0.078761 0.986574 -0.659849 1.82487 2.50769</i>
                        <i>0.0162307 0.994458 -0.103875 -0.992432 0.0286697 0.119403 0.121719 0.101151 0.987397 -0.696731 1.79838 2.49477</i>
                        <i>0.00442017 0.993133 -0.116911 -0.994463 0.0166406 0.103759 0.104992 0.115805 0.987707 -0.731878 1.77328 2.48115</i>
                        <i>-0.00469949 0.992103 -0.125337 -0.995885 0.00670057 0.0903789 0.0905051 0.125246 0.987989 -0.763742 1.7499 2.46869</i>
                        <i>-0.0106532 0.991259 -0.131503 -0.997065 -0.000558515 0.0765638 0.0758211 0.131932 0.988355 -0.790746 1.72862 2.45933</i>
                        <i>-0.0126388 0.990384 -0.137764 -0.998213 -0.00445007 0.0595872 0.0584012 0.138271 0.988671 -0.811294 1.70981 2.45504</i>
                        <i>-0.0114345 0.989766 -0.142241 -0.999038 -0.00528572 0.0435305 0.0423332 0.142602 0.988874 -0.823512 1.69468 2.45437</i>
                        <i>-0.0089439 0.989798 -0.1422 -0.999433 -0.0042298 0.0334191 0.0324766 0.142418 0.989274 -0.827852 1.68351 2.45439</i>
                        <i>-0.00547713 0.990329 -0.13863 -0.99961 -0.00162723 0.0278691 0.027374 0.138729 0.989952 -0.826153 1.67537 2.45493</i>
                        <i>-0.00117303 0.99118 -0.132514 -0.999672 0.00222641 0.0255024 0.0255725 0.1325 0.990853 -0.820225 1.66931 2.45584</i>
                        <i>0.00385027 0.992171 -0.12483 -0.999664 0.00701835 0.0249494 0.0256302 0.124692 0.991864 -0.811874 1.6644 2.45696</i>
                        <i>0.00940128 0.993139 -0.116563 -0.999615 0.0123784 0.0248433 0.0261157 0.116285 0.992872 -0.802907 1.65973 2.45814</i>
                        <i>0.0151759 0.993958 -0.108712 -0.999557 0.0178655 0.023809 0.0256073 0.108302 0.993788 -0.795143 1.65438 2.45925</i>
                        <i>0.0207721 0.994539 -0.102281 -0.999527 0.0229798 0.0204537 0.0226924 0.101807 0.994545 -0.79041 1.64747 2.46016</i>
                        <i>0.020704 0.994618 -0.101521 -0.999528 0.0228964 0.0204771 0.0226913 0.101049 0.994623 -0.79041 1.64747 2.46016</i>
                        <i>0.0205256 0.994821 -0.0995441 -0.999532 0.0226779 0.0205384 0.0226895 0.0990759 0.994821 -0.79041 1.64747 2.46016</i>
                        <i>0.020275 0.995098 -0.0967982 -0.999537 0.0223716 0.0206244 0.0226888 0.0963353 0.99509 -0.79041 1.64747 2.46016</i>
                        <i>0.0199922 0.995396 -0.0937436 -0.999543 0.0220269 0.0207211 0.0226906 0.0932865 0.995381 -0.79041 1.64747 2.46016</i>
                        <i>0.0197216 0.995668 -0.090861 -0.999548 0.0216978 0.0208135 0.0226948 0.0904094 0.995646 -0.79041 1.64747 2.46016</i>
                        <i>0.0195119 0.995872 -0.0886514 -0.999552 0.0214431 0.0208849 0.0226997 0.0882042 0.995844 -0.79041 1.64747 2.46016</i>
                        <i>0.019414 0.995964 -0.0876279 -0.999554 0.0213244 0.0209183 0.0227024 0.0871827 0.995934 -0.79041 1.64747 2.46016</i>
                        <i>0.019414 0.995964 -0.0876279 -0.999554 0.0213244 0.0209183 0.0227024 0.0871827 0.995934 -0.79041 1.64747 2.46016</i>
                        <i>0.019414 0.995964 -0.0876279 -0.999554 0.0213244 0.0209183 0.0227024 0.0871827 0.995934 -0.79041 1.64747 2.46016</i>
                        <i>0.019414 0.995964 -0.0876279 -0.999554 0.0213244 0.0209183 0.0227024 0.0871827 0.995934 -0.79041 1.64747 2.46016</i>
                        <i>0.019414 0.995964 -0.0876279 -0.999554 0.0213244 0.0209183 0.0227024 0.0871827 0.995934 -0.79041 1.64747 2.46016</i>
                        <i>0.019414 0.995964 -0.0876279 -0.999554 0.0213244 0.0209183 0.0227024 0.0871827 0.995934 -0.79041 1.64747 2.46016</i>
                        <i>0.019414 0.995964 -0.0876279 -0.999554 0.0213244 0.0209183 0.0227024 0.0871827 0.995934 -0.79041 1.64747 2.46016</i>
                        <i>0.019414 0.995964 -0.0876279 -0.999554 0.0213244 0.0209183 0.0227024 0.0871827 0.995934 -0.79041 1.64747 2.46016</i>
                        <i>0.019414 0.995964 -0.0876279 -0.999554 0.0213244 0.0209183 0.0227024 0.0871827 0.995934 -0.79041 1.64747 2.46016</i>
                        <i>0.019414 0.995964 -0.0876279 -0.999554 0.0213244 0.0209183 0.0227024 0.0871827 0.995934 -0.79041 1.64747 2.46016</i>
                        <i>0.019414 0.995964 -0.0876279 -0.999554 0.0213244 0.0209183 0.0227024 0.0871827 0.995934 -0.79041 1.64747 2.46016</i>
                        <i>0.019414 0.995964 -0.0876279 -0.999554 0.0213244 0.0209183 0.0227024 0.0871827 0.995934 -0.79041 1.64747 2.46016</i>
                        <i>0.019414 0.995964 -0.0876279 -0.999554 0.0213244 0.0209183 0.0227024 0.0871827 0.995934 -0.79041 1.64747 2.46016</i>
                        <i>0.019414 0.995964 -0.0876279 -0.999554 0.0213244 0.0209183 0.0227024 0.0871827 0.995934 -0.79041 1.64747 2.46016</i>
                        <i>0.019414 0.995964 -0.0876279 -0.999554 0.0213244 0.0209183 0.0227024 0.0871827 0.995934 -0.79041 1.64747 2.46016</i>
                        <i>0.019414 0.995964 -0.0876279 -0.999554 0.0213244 0.0209183 0.0227024 0.0871827 0.995934 -0.79041 1.64747 2.46016</i>
                        <i>0.019414 0.995964 -0.0876279 -0.999554 0.0213244 0.0209183 0.0227024 0.0871827 0.995934 -0.79041 1.64747 2.46016</i>
                        <i>0.019414 0.995964 -0.0876279 -0.999554 0.0213244 0.0209183 0.0227024 0.0871827 0.995934 -0.79041 1.64747 2.46016</i>
                        <i>0.019414 0.995964 -0.0876279 -0.999554 0.0213244 0.0209183 0.0227024 0.0871827 0.995934 -0.79041 1.64747 2.46016</i>
                        <i>0.019414 0.995964 -0.0876279 -0.999554 0.0213244 0.0209183 0.0227024 0.0871827 0.995934 -0.79041 1.64747 2.46016</i>
                        <i>0.019414 0.995964 -0.0876279 -0.999554 0.0213244 0.0209183 0.0227024 0.0871827 0.995934 -0.79041 1.64747 2.46016</i>
                        <i>0.019414 0.995964 -0.0876279 -0.999554 0.0213244 0.0209183 0.0227024 0.0871827 0.995934 -0.79041 1.64747 2.46016</i>
                        <i>0.019414 0.995964 -0.0876279 -0.999554 0.0213244 0.0209183 0.0227024 0.0871827 0.995934 -0.79041 1.64747 2.46016</i>
                        <i>0.019414 0.995964 -0.0876279 -0.999554 0.0213244 0.0209183 0.0227024 0.0871827 0.995934 -0.79041 1.64747 2.46016</i>
                        <i>0.019414 0.995964 -0.0876279 -0.999554 0.0213244 0.0209183 0.0227024 0.0871827 0.995934 -0.79041 1.64747 2.46016</i>
                        <i>0.019414 0.995964 -0.0876279 -0.999554 0.0213244 0.0209183 0.0227024 0.0871827 0.995934 -0.79041 1.64747 2.46016</i>
                        <i>0.019414 0.995964 -0.0876279 -0.999554 0.0213244 0.0209183 0.0227024 0.0871827 0.995934 -0.79041 1.64747 2.46016</i>
                        <i>0.019414 0.995964 -0.0876279 -0.999554 0.0213244 0.0209183 0.0227024 0.0871827 0.995934 -0.79041 1.64747 2.46016</i>
                        <i>0.019414 0.995964 -0.0876279 -0.999554 0.0213244 0.0209183 0.0227024 0.0871827 0.995934 -0.79041 1.64747 2.46016</i>
                        <i>0.019414 0.995964 -0.0876279 -0.999554 0.0213244 0.0209183 0.0227024 0.0871827 0.995934 -0.79041 1.64747 2.46016</i>
                        <i>0.019414 0.995964 -0.0876279 -0.999554 0.0213244 0.0209183 0.0227024 0.0871827 0.995934 -0.79041 1.64747 2.46016</i>
                        <i>0.019414 0.995964 -0.0876279 -0.999554 0.0213244 0.0209183 0.0227024 0.0871827 0.995934 -0.79041 1.64747 2.46016</i>
                        <i>0.019414 0.995964 -0.0876279 -0.999554 0.0213244 0.0209183 0.0227024 0.0871827 0.995934 -0.79041 1.64747 2.46016</i>
                        <i>0.019414 0.995964 -0.0876279 -0.999554 0.0213244 0.0209183 0.0227024 0.0871827 0.995934 -0.79041 1.64747 2.46016</i>
                        <i>0.019414 0.995964 -0.0876279 -0.999554 0.0213244 0.0209183 0.0227024 0.0871827 0.995934 -0.79041 1.64747 2.46016</i>
                        <i>0.019414 0.995964 -0.0876279 -0.999554 0.0213244 0.0209183 0.0227024 0.0871827 0.995934 -0.79041 1.64747 2.46016</i>
                        <i>0.019414 0.995964 -0.0876279 -0.999554 0.0213244 0.0209183 0.0227024 0.0871827 0.995934 -0.79041 1.64747 2.46016</i>
                        <i>0.019414 0.995964 -0.0876279 -0.999554 0.0213244 0.0209183 0.0227024 0.0871827 0.995934 -0.79041 1.64747 2.46016</i>
                        <i>0.019414 0.995964 -0.0876279 -0.999554 0.0213244 0.0209183 0.0227024 0.0871827 0.995934 -0.79041 1.64747 2.46016</i>
                        <i>0.019414 0.995964 -0.0876279 -0.999554 0.0213244 0.0209183 0.0227024 0.0871827 0.995934 -0.79041 1.64747 2.46016</i>
                        <i>0.019414 0.995964 -0.0876279 -0.999554 0.0213244 0.0209183 0.0227024 0.0871827 0.995934 -0.79041 1.64747 2.46016</i>
                        <i>0.019414 0.995964 -0.0876279 -0.999554 0.0213244 0.0209183 0.0227024 0.0871827 0.995934 -0.79041 1.64747 2.46016</i>
                        <i>0.019414 0.995964 -0.0876279 -0.999554 0.0213244 0.0209183 0.0227024 0.0871827 0.995934 -0.79041 1.64747 2.46016</i>
                        <i>0.019414 0.995964 -0.0876279 -0.999554 0.0213244 0.0209183 0.0227024 0.0871827 0.995934 -0.79041 1.64747 2.46016</i>
                        <i>0.019414 0.995964 -0.0876279 -0.999554 0.0213244 0.0209183 0.0227024 0.0871827 0.995934 -0.79041 1.64747 2.46016</i>
                        <i>0.019414 0.995964 -0.0876279 -0.999554 0.0213244 0.0209183 0.0227024 0.0871827 0.995934 -0.79041 1.64747 2.46016</i>
                        <i>0.019414 0.995964 -0.0876279 -0.999554 0.0213244 0.0209183 0.0227024 0.0871827 0.995934 -0.79041 1.64747 2.46016</i>
                        <i>0.019414 0.995964 -0.0876279 -0.999554 0.0213244 0.0209183 0.0227024 0.0871827 0.995934 -0.79041 1.64747 2.46016</i>
                        <i>0.019414 0.995964 -0.0876279 -0.999554 0.0213244 0.0209183 0.0227024 0.0871827 0.995934 -0.79041 1.64747 2.46016</i>
                        <i>0.019414 0.995964 -0.0876279 -0.999554 0.0213244 0.0209183 0.0227024 0.0871827 0.995934 -0.79041 1.64747 2.46016</i>
                        <i>0.019414 0.995964 -0.0876279 -0.999554 0.0213244 0.0209183 0.0227024 0.0871827 0.995934 -0.79041 1.64747 2.46016</i>
                        <i>0.019414 0.995964 -0.0876279 -0.999554 0.0213244 0.0209183 0.0227024 0.0871827 0.995934 -0.79041 1.64747 2.46016</i>
                    </KeyFrames>
                </p>
            </i>
            <i>
                <p>
                    <Name><![CDATA[spine1]]></Name>
                    <Exclude>0</Exclude>
                    <Additive>0</Additive>
                    <IKPriority>0</IKPriority>
                    <IKRotLimits>-1e+010 -1e+010 -1e+010 1e+010 1e+010 1e+010</IKRotLimits>
                    <IKRotLimitOrder>0</IKRotLimitOrder>
                    <KeyFrames count="121">
                        <i>-0.182929 0.977645 -0.10367 0.163514 -0.0737251 -0.983782 -0.969433 -0.196914 -0.146372 -2.52145 1.49259 0.286997</i>
                        <i>-0.179303 0.979224 -0.0947177 0.123413 -0.0731291 -0.989657 -0.976022 -0.189137 -0.107737 -2.51648 1.49255 0.286921</i>
                        <i>-0.174965 0.980835 -0.0857339 0.078036 -0.0729883 -0.994275 -0.981477 -0.180654 -0.06377 -2.51095 1.49241 0.286746</i>
                        <i>-0.170182 0.982355 -0.0775631 0.0301398 -0.0734855 -0.996841 -0.984952 -0.171982 -0.0171021 -2.50522 1.49215 0.28647</i>
                        <i>-0.165277 0.983706 -0.0707576 -0.0175532 -0.0746669 -0.997054 -0.986091 -0.163548 0.0296079 -2.49963 1.49177 0.286111</i>
                        <i>-0.160596 0.98484 -0.065565 -0.0623697 -0.0764201 -0.995123 -0.985048 -0.155724 0.073697 -2.49449 1.49132 0.285709</i>
                        <i>-0.156477 0.985736 -0.0619628 -0.101689 -0.0784808 -0.991716 -0.982433 -0.14888 0.112519 -2.49007 1.49085 0.285313</i>
                        <i>-0.153219 0.986385 -0.0597316 -0.132934 -0.0804696 -0.987853 -0.97921 -0.143418 0.143453 -2.48663 1.49042 0.284974</i>
                        <i>-0.151087 0.986784 -0.0585635 -0.153555 -0.0819529 -0.984736 -0.976521 -0.139788 0.163908 -2.48438 1.49011 0.284741</i>
                        <i>-0.150321 0.986923 -0.058201 -0.161002 -0.0825218 -0.983498 -0.975439 -0.13847 0.171301 -2.48358 1.48999 0.284655</i>
                        <i>-0.165027 0.984349 -0.0618247 -0.200181 -0.0948082 -0.975161 -0.96576 -0.148552 0.212694 -2.49003 1.48642 0.280573</i>
                        <i>-0.203106 0.977118 -0.0631586 -0.305084 -0.124444 -0.94416 -0.930415 -0.172496 0.323378 -2.50885 1.47607 0.27108</i>
                        <i>-0.250505 0.96714 -0.0434475 -0.453677 -0.156919 -0.877242 -0.855234 -0.200042 0.478078 -2.53925 1.4595 0.261883</i>
                        <i>-0.28552 0.958311 0.010867 -0.619403 -0.175869 -0.765121 -0.731313 -0.225188 0.643795 -2.57832 1.43836 0.25926</i>
                        <i>-0.284633 0.953643 0.0977189 -0.773904 -0.168429 -0.610494 -0.565735 -0.249392 0.785969 -2.62004 1.41549 0.26735</i>
                        <i>-0.23492 0.951479 0.198747 -0.893425 -0.130821 -0.429741 -0.382889 -0.27852 0.880808 -2.65701 1.39381 0.285883</i>
                        <i>-0.143901 0.946224 0.289747 -0.966045 -0.0708295 -0.248474 -0.21459 -0.315665 0.924287 -2.68379 1.37514 0.310232</i>
                        <i>-0.0383223 0.934388 0.35419 -0.995566 -0.0052281 -0.0939248 -0.0859104 -0.356219 0.930445 -2.69914 1.36028 0.333811</i>
                        <i>0.0469459 0.919992 0.389115 -0.998868 0.0462431 0.0111779 -0.00771026 -0.389199 0.921121 -2.70571 1.35012 0.350785</i>
                        <i>0.0807243 0.913042 0.399798 -0.99656 0.0663877 0.0496046 0.0187494 -0.402427 0.91526 -2.70731 1.34629 0.357118</i>
                        <i>0.0815211 0.9098 0.406961 -0.996499 0.0668094 0.0502565 0.0185346 -0.409634 0.912062 -2.70724 1.35142 0.364122</i>
                        <i>0.0834159 0.901841 0.423939 -0.996352 0.0677915 0.051834 0.0180066 -0.426716 0.904206 -2.70708 1.36362 0.380827</i>
                        <i>0.0856673 0.891921 0.444002 -0.996173 0.0689198 0.0537574 0.0173469 -0.446908 0.894412 -2.70687 1.37814 0.400767</i>
                        <i>0.0875445 0.883261 0.460637 -0.996019 0.0698277 0.0554015 0.0167688 -0.463653 0.885858 -2.7067 1.39027 0.417475</i>
                        <i>0.0883291 0.879535 0.467564 -0.995954 0.0701981 0.0560994 0.0165193 -0.470627 0.882177 -2.70662 1.39534 0.424482</i>
                        <i>0.198522 0.846103 0.49467 -0.972379 0.106821 0.207527 0.122748 -0.522206 0.84394 -2.72979 1.3994 0.465989</i>
                        <i>0.339747 0.802604 0.490304 -0.896768 0.119295 0.426118 0.283513 -0.584461 0.76028 -2.74788 1.43739 0.534571</i>
                        <i>0.459474 0.751373 0.473627 -0.819789 0.153549 0.551697 0.341805 -0.641764 0.686519 -2.66855 1.54535 0.613287</i>
                        <i>0.556432 0.706474 0.437354 -0.742258 0.186088 0.643758 0.373412 -0.682837 0.627931 -2.55494 1.67385 0.694578</i>
                        <i>0.595684 0.686947 0.41625 -0.706035 0.200718 0.679137 0.382983 -0.698438 0.604573 -2.49651 1.73601 0.731886</i>
                        <i>0.652436 0.679538 0.335493 -0.626828 0.235078 0.742849 0.425927 -0.694958 0.579327 -2.35027 1.85386 0.864324</i>
                        <i>0.718615 0.652704 0.239936 -0.515702 0.268719 0.813537 0.466524 -0.708355 0.529706 -2.1272 2.0002 1.0295</i>
                        <i>0.736774 0.638055 0.22372 -0.473592 0.250841 0.844269 0.482572 -0.727987 0.486991 -1.98974 2.05153 1.0853</i>
                        <i>0.749591 0.625238 0.217236 -0.436986 0.220959 0.871906 0.497148 -0.748502 0.438849 -1.86793 2.09166 1.12513</i>
                        <i>0.758956 0.61552 0.212418 -0.403093 0.187933 0.895655 0.511373 -0.765386 0.390744 -1.75084 2.12358 1.15763</i>
                        <i>0.766188 0.609287 0.204266 -0.372364 0.161879 0.91386 0.523737 -0.77625 0.350906 -1.62731 2.15019 1.19062</i>
                        <i>0.772206 0.60626 0.190122 -0.34731 0.152199 0.925317 0.532046 -0.780567 0.328089 -1.48622 2.17431 1.23117</i>
