<?xml version="1.0" encoding="ISO-8859-1" ?>
<Animl Version="1">
    <ModellingPackage><![CDATA[Maya.2010]]></ModellingPackage>
    <SrcFile><![CDATA[anims\vehicles\blue\~src\air\helicopter_uh1iroquois\helicopter_uh1iroquois_fly_idle_crewman_a.mb]]></SrcFile>
    <FramesPerSecond>30</FramesPerSecond>
    <TotalFrames>61</TotalFrames>
    <Skeleton>
        <RefFrame>
            <Name><![CDATA[soldier_ref_frame]]></Name>
            <Exclude>0</Exclude>
            <Additive>0</Additive>
            <IKPriority>0</IKPriority>
            <IKRotLimits>-1e+010 -1e+010 -1e+010 1e+010 1e+010 1e+010</IKRotLimits>
            <IKRotLimitOrder>0</IKRotLimitOrder>
            <KeyFrames count="61">
                <i>1 0 0 0 1 0 0 0 1 2.78 0 1.01</i>
                <i>1 0 0 0 1 0 0 0 1 2.78 0 1.01</i>
                <i>1 0 0 0 1 0 0 0 1 2.78 0 1.01</i>
                <i>1 0 0 0 1 0 0 0 1 2.78 0 1.01</i>
                <i>1 0 0 0 1 0 0 0 1 2.78 0 1.01</i>
                <i>1 0 0 0 1 0 0 0 1 2.78 0 1.01</i>
                <i>1 0 0 0 1 0 0 0 1 2.78 0 1.01</i>
                <i>1 0 0 0 1 0 0 0 1 2.78 0 1.01</i>
                <i>1 0 0 0 1 0 0 0 1 2.78 0 1.01</i>
                <i>1 0 0 0 1 0 0 0 1 2.78 0 1.01</i>
                <i>1 0 0 0 1 0 0 0 1 2.78 0 1.01</i>
                <i>1 0 0 0 1 0 0 0 1 2.78 0 1.01</i>
                <i>1 0 0 0 1 0 0 0 1 2.78 0 1.01</i>
                <i>1 0 0 0 1 0 0 0 1 2.78 0 1.01</i>
                <i>1 0 0 0 1 0 0 0 1 2.78 0 1.01</i>
                <i>1 0 0 0 1 0 0 0 1 2.78 0 1.01</i>
                <i>1 0 0 0 1 0 0 0 1 2.78 0 1.01</i>
                <i>1 0 0 0 1 0 0 0 1 2.78 0 1.01</i>
                <i>1 0 0 0 1 0 0 0 1 2.78 0 1.01</i>
                <i>1 0 0 0 1 0 0 0 1 2.78 0 1.01</i>
                <i>1 0 0 0 1 0 0 0 1 2.78 0 1.01</i>
                <i>1 0 0 0 1 0 0 0 1 2.78 0 1.01</i>
                <i>1 0 0 0 1 0 0 0 1 2.78 0 1.01</i>
                <i>1 0 0 0 1 0 0 0 1 2.78 0 1.01</i>
                <i>1 0 0 0 1 0 0 0 1 2.78 0 1.01</i>
                <i>1 0 0 0 1 0 0 0 1 2.78 0 1.01</i>
                <i>1 0 0 0 1 0 0 0 1 2.78 0 1.01</i>
                <i>1 0 0 0 1 0 0 0 1 2.78 0 1.01</i>
                <i>1 0 0 0 1 0 0 0 1 2.78 0 1.01</i>
                <i>1 0 0 0 1 0 0 0 1 2.78 0 1.01</i>
                <i>1 0 0 0 1 0 0 0 1 2.78 0 1.01</i>
                <i>1 0 0 0 1 0 0 0 1 2.78 0 1.01</i>
                <i>1 0 0 0 1 0 0 0 1 2.78 0 1.01</i>
                <i>1 0 0 0 1 0 0 0 1 2.78 0 1.01</i>
                <i>1 0 0 0 1 0 0 0 1 2.78 0 1.01</i>
                <i>1 0 0 0 1 0 0 0 1 2.78 0 1.01</i>
                <i>1 0 0 0 1 0 0 0 1 2.78 0 1.01</i>
                <i>1 0 0 0 1 0 0 0 1 2.78 0 1.01</i>
                <i>1 0 0 0 1 0 0 0 1 2.78 0 1.01</i>
                <i>1 0 0 0 1 0 0 0 1 2.78 0 1.01</i>
                <i>1 0 0 0 1 0 0 0 1 2.78 0 1.01</i>
                <i>1 0 0 0 1 0 0 0 1 2.78 0 1.01</i>
                <i>1 0 0 0 1 0 0 0 1 2.78 0 1.01</i>
                <i>1 0 0 0 1 0 0 0 1 2.78 0 1.01</i>
                <i>1 0 0 0 1 0 0 0 1 2.78 0 1.01</i>
                <i>1 0 0 0 1 0 0 0 1 2.78 0 1.01</i>
                <i>1 0 0 0 1 0 0 0 1 2.78 0 1.01</i>
                <i>1 0 0 0 1 0 0 0 1 2.78 0 1.01</i>
                <i>1 0 0 0 1 0 0 0 1 2.78 0 1.01</i>
                <i>1 0 0 0 1 0 0 0 1 2.78 0 1.01</i>
                <i>1 0 0 0 1 0 0 0 1 2.78 0 1.01</i>
                <i>1 0 0 0 1 0 0 0 1 2.78 0 1.01</i>
                <i>1 0 0 0 1 0 0 0 1 2.78 0 1.01</i>
                <i>1 0 0 0 1 0 0 0 1 2.78 0 1.01</i>
                <i>1 0 0 0 1 0 0 0 1 2.78 0 1.01</i>
                <i>1 0 0 0 1 0 0 0 1 2.78 0 1.01</i>
                <i>1 0 0 0 1 0 0 0 1 2.78 0 1.01</i>
                <i>1 0 0 0 1 0 0 0 1 2.78 0 1.01</i>
                <i>1 0 0 0 1 0 0 0 1 2.78 0 1.01</i>
                <i>1 0 0 0 1 0 0 0 1 2.78 0 1.01</i>
                <i>1 0 0 0 1 0 0 0 1 2.78 0 1.01</i>
            </KeyFrames>
        </RefFrame>
        <Bones count="23">
            <i>
                <p>
                    <Name><![CDATA[pelvis]]></Name>
                    <Exclude>0</Exclude>
                    <Additive>0</Additive>
                    <IKPriority>0</IKPriority>
                    <IKRotLimits>-1e+010 -1e+010 -1e+010 1e+010 1e+010 1e+010</IKRotLimits>
                    <IKRotLimitOrder>2</IKRotLimitOrder>
                    <KeyFrames count="61">
                        <i>1 0 0 0 1 0 0 0 1 0.79 1.27094 2.51</i>
                        <i>1 0 0 0 1 0 0 0 1 0.79 1.27088 2.51</i>
                        <i>1 0 0 0 1 0 0 0 1 0.79 1.27068 2.51</i>
                        <i>1 0 0 0 1 0 0 0 1 0.79 1.27037 2.51</i>
                        <i>1 0 0 0 1 0 0 0 1 0.79 1.26994 2.51</i>
                        <i>1 0 0 0 1 0 0 0 1 0.79 1.2694 2.51</i>
                        <i>1 0 0 0 1 0 0 0 1 0.79 1.26877 2.51</i>
                        <i>1 0 0 0 1 0 0 0 1 0.79 1.26804 2.51</i>
                        <i>1 0 0 0 1 0 0 0 1 0.79 1.26723 2.51</i>
                        <i>1 0 0 0 1 0 0 0 1 0.79 1.26634 2.51</i>
                        <i>1 0 0 0 1 0 0 0 1 0.79 1.26538 2.51</i>
                        <i>1 0 0 0 1 0 0 0 1 0.79 1.26437 2.51</i>
                        <i>1 0 0 0 1 0 0 0 1 0.79 1.26329 2.51</i>
                        <i>1 0 0 0 1 0 0 0 1 0.79 1.26217 2.51</i>
                        <i>1 0 0 0 1 0 0 0 1 0.79 1.26101 2.51</i>
                        <i>1 0 0 0 1 0 0 0 1 0.79 1.25981 2.51</i>
                        <i>1 0 0 0 1 0 0 0 1 0.79 1.25859 2.51</i>
                        <i>1 0 0 0 1 0 0 0 1 0.79 1.25735 2.51</i>
                        <i>1 0 0 0 1 0 0 0 1 0.79 1.2561 2.51</i>
                        <i>1 0 0 0 1 0 0 0 1 0.79 1.25484 2.51</i>
                        <i>1 0 0 0 1 0 0 0 1 0.79 1.25359 2.51</i>
                        <i>1 0 0 0 1 0 0 0 1 0.79 1.25235 2.51</i>
                        <i>1 0 0 0 1 0 0 0 1 0.79 1.25113 2.51</i>
                        <i>1 0 0 0 1 0 0 0 1 0.79 1.24994 2.51</i>
                        <i>1 0 0 0 1 0 0 0 1 0.79 1.24878 2.51</i>
                        <i>1 0 0 0 1 0 0 0 1 0.79 1.24765 2.51</i>
                        <i>1 0 0 0 1 0 0 0 1 0.79 1.24658 2.51</i>
                        <i>1 0 0 0 1 0 0 0 1 0.79 1.24556 2.51</i>
                        <i>1 0 0 0 1 0 0 0 1 0.79 1.2446 2.51</i>
                        <i>1 0 0 0 1 0 0 0 1 0.79 1.24371 2.51</i>
                        <i>1 0 0 0 1 0 0 0 1 0.79 1.2429 2.51</i>
                        <i>1 0 0 0 1 0 0 0 1 0.79 1.24218 2.51</i>
                        <i>1 0 0 0 1 0 0 0 1 0.79 1.24154 2.51</i>
                        <i>1 0 0 0 1 0 0 0 1 0.79 1.24101 2.51</i>
                        <i>1 0 0 0 1 0 0 0 1 0.79 1.24058 2.51</i>
                        <i>1 0 0 0 1 0 0 0 1 0.79 1.24026 2.51</i>
                        <i>1 0 0 0 1 0 0 0 1 0.79 1.24007 2.51</i>
                        <i>1 0 0 0 1 0 0 0 1 0.79 1.24 2.51</i>
                        <i>1 0 0 0 1 0 0 0 1 0.79 1.24017 2.51</i>
                        <i>1 0 0 0 1 0 0 0 1 0.79 1.24066 2.51</i>
                        <i>1 0 0 0 1 0 0 0 1 0.79 1.24144 2.51</i>
                        <i>1 0 0 0 1 0 0 0 1 0.79 1.24248 2.51</i>
                        <i>1 0 0 0 1 0 0 0 1 0.79 1.24375 2.51</i>
                        <i>1 0 0 0 1 0 0 0 1 0.79 1.24522 2.51</i>
                        <i>1 0 0 0 1 0 0 0 1 0.79 1.24685 2.51</i>
                        <i>1 0 0 0 1 0 0 0 1 0.79 1.24863 2.51</i>
                        <i>1 0 0 0 1 0 0 0 1 0.79 1.25051 2.51</i>
                        <i>1 0 0 0 1 0 0 0 1 0.79 1.25246 2.51</i>
                        <i>1 0 0 0 1 0 0 0 1 0.79 1.25446 2.51</i>
                        <i>1 0 0 0 1 0 0 0 1 0.79 1.25648 2.51</i>
                        <i>1 0 0 0 1 0 0 0 1 0.79 1.25848 2.51</i>
                        <i>1 0 0 0 1 0 0 0 1 0.79 1.26044 2.51</i>
                        <i>1 0 0 0 1 0 0 0 1 0.79 1.26232 2.51</i>
                        <i>1 0 0 0 1 0 0 0 1 0.79 1.26409 2.51</i>
                        <i>1 0 0 0 1 0 0 0 1 0.79 1.26573 2.51</i>
                        <i>1 0 0 0 1 0 0 0 1 0.79 1.26719 2.51</i>
                        <i>1 0 0 0 1 0 0 0 1 0.79 1.26846 2.51</i>
                        <i>1 0 0 0 1 0 0 0 1 0.79 1.2695 2.51</i>
                        <i>1 0 0 0 1 0 0 0 1 0.79 1.27028 2.51</i>
                        <i>1 0 0 0 1 0 0 0 1 0.79 1.27077 2.51</i>
                        <i>1 0 0 0 1 0 0 0 1 0.79 1.27094 2.51</i>
                    </KeyFrames>
                </p>
            </i>
            <i>
                <p>
                    <Name><![CDATA[spine0]]></Name>
                    <Exclude>0</Exclude>
                    <Additive>0</Additive>
                    <IKPriority>0</IKPriority>
                    <IKRotLimits>-1e+010 -1e+010 -1e+010 1e+010 1e+010 1e+010</IKRotLimits>
                    <IKRotLimitOrder>0</IKRotLimitOrder>
                    <KeyFrames count="61">
                        <i>0.0963629 0.995341 0.00337337 -0.991034 0.09626 -0.0926612 -0.0925541 0.00558597 0.995692 0.790539 1.3858 2.42338</i>
                        <i>0.0963427 0.995342 0.00359754 -0.991034 0.0962606 -0.0926614 -0.092576 0.00536196 0.995691 0.790539 1.38574 2.42338</i>
                        <i>0.0962854 0.995345 0.00423206 -0.991033 0.0962623 -0.0926619 -0.0926379 0.00472787 0.995689 0.790539 1.38554 2.42338</i>
                        <i>0.0961955 0.995349 0.0052222 -0.991033 0.0962646 -0.0926626 -0.0927343 0.00373835 0.995684 0.790539 1.38522 2.42338</i>
                        <i>0.0960772 0.995353 0.0065158 -0.991033 0.0962668 -0.0926633 -0.0928599 0.00244545 0.995676 0.790539 1.3848 2.42338</i>
                        <i>0.0959345 0.995355 0.00806255 -0.991033 0.0962685 -0.0926638 -0.0930095 0.000899394 0.995665 0.790539 1.38426 2.42338</i>
                        <i>0.0957713 0.995355 0.0098132 -0.991033 0.0962689 -0.0926639 -0.0931782 -0.000850663 0.995649 0.790539 1.38363 2.42338</i>
                        <i>0.0955916 0.995352 0.0117192 -0.991033 0.0962678 -0.0926636 -0.093361 -0.00275627 0.995629 0.790539 1.3829 2.42338</i>
                        <i>0.0953996 0.995344 0.0137319 -0.991033 0.0962648 -0.0926626 -0.0935531 -0.0047688 0.995603 0.790539 1.38209 2.42338</i>
                        <i>0.0951998 0.995333 0.0158024 -0.991034 0.0962597 -0.0926611 -0.0937497 -0.00683944 0.995572 0.790539 1.3812 2.42338</i>
                        <i>0.0949967 0.995317 0.0178809 -0.991035 0.0962526 -0.0926589 -0.093946 -0.00891835 0.995537 0.790539 1.38024 2.42338</i>
                        <i>0.0947954 0.995298 0.0199164 -0.991036 0.0962436 -0.0926561 -0.0941372 -0.0109545 0.995499 0.790539 1.37922 2.42338</i>
                        <i>0.0946014 0.995275 0.0218561 -0.991037 0.0962332 -0.0926529 -0.0943184 -0.0128951 0.995459 0.790539 1.37815 2.42338</i>
                        <i>0.0944206 0.995252 0.023645 -0.991039 0.0962221 -0.0926495 -0.0944847 -0.0146851 0.995418 0.790539 1.37703 2.42338</i>
                        <i>0.0942594 0.995228 0.0252257 -0.99104 0.096211 -0.092646 -0.0946309 -0.0162669 0.99538 0.790539 1.37586 2.42338</i>
                        <i>0.0941245 0.995207 0.0265375 -0.991041 0.0962009 -0.0926429 -0.0947518 -0.0175798 0.995346 0.790539 1.37467 2.42338</i>
                        <i>0.0940233 0.99519 0.0275156 -0.991042 0.0961928 -0.0926404 -0.0948416 -0.0185588 0.995319 0.790539 1.37345 2.42338</i>
                        <i>0.0939635 0.995179 0.0280908 -0.991043 0.0961879 -0.0926389 -0.0948943 -0.0191345 0.995303 0.790539 1.37221 2.42338</i>
                        <i>0.0939332 0.995174 0.0283824 -0.991043 0.0961853 -0.0926381 -0.094921 -0.0194264 0.995295 0.790539 1.37096 2.42338</i>
                        <i>0.0939144 0.99517 0.0285621 -0.991043 0.0961837 -0.0926376 -0.0949374 -0.0196062 0.99529 0.790539 1.3697 2.42338</i>
                        <i>0.0939068 0.995169 0.0286354 -0.991043 0.096183 -0.0926374 -0.0949441 -0.0196797 0.995288 0.790539 1.36845 2.42338</i>
                        <i>0.0939096 0.99517 0.0286081 -0.991043 0.0961833 -0.0926375 -0.0949416 -0.0196523 0.995289 0.790539 1.36721 2.42338</i>
                        <i>0.0939224 0.995172 0.0284855 -0.991043 0.0961844 -0.0926378 -0.0949304 -0.0195296 0.995292 0.790539 1.36599 2.42338</i>
                        <i>0.0939445 0.995176 0.0282731 -0.991043 0.0961863 -0.0926384 -0.094911 -0.019317 0.995298 0.790539 1.3648 2.42338</i>
                        <i>0.0939754 0.995181 0.0279763 -0.991043 0.0961889 -0.0926392 -0.0948838 -0.0190199 0.995307 0.790539 1.36363 2.42338</i>
                        <i>0.0940145 0.995188 0.0276004 -0.991042 0.0961921 -0.0926402 -0.0948494 -0.0186437 0.995317 0.790539 1.36251 2.42338</i>
                        <i>0.0940611 0.995196 0.0271508 -0.991042 0.0961959 -0.0926414 -0.0948081 -0.0181936 0.995329 0.790539 1.36144 2.42338</i>
                        <i>0.0941147 0.995205 0.0266326 -0.991041 0.0962001 -0.0926427 -0.0947605 -0.017675 0.995343 0.790539 1.36042 2.42338</i>
                        <i>0.0941746 0.995215 0.0260511 -0.991041 0.0962047 -0.0926441 -0.094707 -0.017093 0.995358 0.790539 1.35946 2.42338</i>
                        <i>0.0942403 0.995225 0.0254115 -0.99104 0.0962096 -0.0926456 -0.0946481 -0.0164529 0.995375 0.790539 1.35857 2.42338</i>
                        <i>0.0943112 0.995236 0.0247189 -0.991039 0.0962147 -0.0926472 -0.0945841 -0.0157597 0.995392 0.790539 1.35776 2.42338</i>
                        <i>0.0943867 0.995247 0.0239782 -0.991039 0.0962198 -0.0926488 -0.0945156 -0.0150185 0.99541 0.790539 1.35704 2.42338</i>
                        <i>0.0944663 0.995258 0.0231947 -0.991038 0.096225 -0.0926504 -0.0944429 -0.0142345 0.995429 0.790539 1.3564 2.42338</i>
                        <i>0.0945493 0.995269 0.0223733 -0.991038 0.0962302 -0.0926519 -0.0943666 -0.0134126 0.995447 0.790539 1.35586 2.42338</i>
                        <i>0.0946353 0.995279 0.021519 -0.991037 0.0962351 -0.0926535 -0.094287 -0.0125578 0.995466 0.790539 1.35544 2.42338</i>
                        <i>0.0947236 0.99529 0.0206367 -0.991036 0.0962399 -0.092655 -0.0942046 -0.0116751 0.995484 0.790539 1.35512 2.42338</i>
                        <i>0.0948138 0.995299 0.0197313 -0.991036 0.0962445 -0.0926564 -0.0941199 -0.0107693 0.995503 0.790539 1.35492 2.42338</i>
                        <i>0.0949053 0.995309 0.0188076 -0.991035 0.0962487 -0.0926577 -0.0940332 -0.00984526 0.99552 0.790539 1.35486 2.42338</i>
                        <i>0.0949977 0.995317 0.0178705 -0.991035 0.0962526 -0.0926589 -0.093945 -0.00890789 0.995538 0.790539 1.35503 2.42338</i>
                        <i>0.0950904 0.995325 0.0169248 -0.991034 0.0962561 -0.09266 -0.0938559 -0.00796202 0.995554 0.790539 1.35552 2.42338</i>
                        <i>0.095183 0.995332 0.0159754 -0.991034 0.0962592 -0.0926609 -0.0937661 -0.00701241 0.99557 0.790539 1.3563 2.42338</i>
                        <i>0.0952749 0.995338 0.0150268 -0.991034 0.0962619 -0.0926617 -0.0936762 -0.00606373 0.995584 0.790539 1.35734 2.42338</i>
                        <i>0.0953658 0.995343 0.0140839 -0.991033 0.0962641 -0.0926624 -0.0935866 -0.0051208 0.995598 0.790539 1.35861 2.42338</i>
                        <i>0.0954552 0.995347 0.0131513 -0.991033 0.0962659 -0.092663 -0.0934978 -0.00418824 0.995611 0.790539 1.36008 2.42338</i>
                        <i>0.0955427 0.99535 0.0122338 -0.991033 0.0962673 -0.0926634 -0.0934102 -0.00327079 0.995622 0.790539 1.36171 2.42338</i>
                        <i>0.0956279 0.995353 0.0113359 -0.991033 0.0962682 -0.0926637 -0.0933243 -0.00237304 0.995633 0.790539 1.36348 2.42338</i>
                        <i>0.0957103 0.995354 0.0104624 -0.991033 0.0962688 -0.0926639 -0.0932406 -0.00149965 0.995642 0.790539 1.36536 2.42338</i>
                        <i>0.0957896 0.995355 0.00961775 -0.991033 0.096269 -0.0926639 -0.0931594 -0.000655269 0.995651 0.790539 1.36732 2.42338</i>
                        <i>0.0958653 0.995355 0.00880666 -0.991033 0.0962688 -0.0926639 -0.0930813 0.000155564 0.995659 0.790539 1.36932 2.42338</i>
                        <i>0.0959371 0.995355 0.00803375 -0.991033 0.0962684 -0.0926638 -0.0930067 0.000928186 0.995665 0.790539 1.37134 2.42338</i>
                        <i>0.0960046 0.995354 0.00730355 -0.991033 0.0962678 -0.0926635 -0.0929361 0.00165808 0.995671 0.790539 1.37334 2.42338</i>
                        <i>0.0960675 0.995353 0.00662076 -0.991033 0.096267 -0.0926633 -0.09287 0.00234055 0.995676 0.790539 1.3753 2.42338</i>
                        <i>0.0961254 0.995351 0.00598986 -0.991033 0.096266 -0.092663 -0.0928089 0.00297112 0.995679 0.790539 1.37718 2.42338</i>
                        <i>0.0961779 0.995349 0.00541562 -0.991033 0.096265 -0.0926627 -0.0927531 0.00354504 0.995683 0.790539 1.37895 2.42338</i>
                        <i>0.0962246 0.995348 0.00490257 -0.991033 0.0962639 -0.0926624 -0.0927032 0.00405779 0.995686 0.790539 1.38058 2.42338</i>
                        <i>0.0962652 0.995346 0.0044554 -0.991033 0.0962629 -0.092662 -0.0926597 0.00450468 0.995688 0.790539 1.38205 2.42338</i>
                        <i>0.0962993 0.995344 0.00407876 -0.991033 0.0962619 -0.0926617 -0.092623 0.00488107 0.995689 0.790539 1.38332 2.42338</i>
                        <i>0.0963265 0.995343 0.00377747 -0.991034 0.0962611 -0.0926615 -0.0925936 0.00518215 0.995691 0.790539 1.38436 2.42338</i>
                        <i>0.0963464 0.995341 0.00355624 -0.991034 0.0962605 -0.0926613 -0.092572 0.00540324 0.995691 0.790539 1.38514 2.42338</i>
                        <i>0.0963587 0.995341 0.00341992 -0.991034 0.0962601 -0.0926612 -0.0925587 0.00553946 0.995692 0.790539 1.38563 2.42338</i>
                        <i>0.0963629 0.995341 0.00337337 -0.991034 0.09626 -0.0926612 -0.0925541 0.00558597 0.995692 0.790539 1.3858 2.42338</i>
                    </KeyFrames>
                </p>
            </i>
            <i>
                <p>
                    <Name><![CDATA[spine1]]></Name>
                    <Exclude>0</Exclude>
                    <Additive>0</Additive>
                    <IKPriority>0</IKPriority>
                    <IKRotLimits>-1e+010 -1e+010 -1e+010 1e+010 1e+010 1e+010</IKRotLimits>
                    <IKRotLimitOrder>0</IKRotLimitOrder>
                    <KeyFrames count="61">
                        <i>0.140227 0.899278 0.414289 -0.97266 0.203347 -0.112172 -0.185118 -0.387232 0.903207 0.808766 1.57397 2.42391</i>
                        <i>0.14022 0.899251 0.41435 -0.972646 0.20338 -0.112237 -0.1852 -0.387278 0.90317 0.808762 1.5739 2.42395</i>
                        <i>0.140199 0.899174 0.414524 -0.972604 0.203476 -0.112422 -0.185433 -0.387406 0.903067 0.808749 1.57368 2.42407</i>
                        <i>0.140167 0.899054 0.414795 -0.972539 0.203625 -0.112712 -0.185796 -0.387606 0.902907 0.808729 1.57333 2.42426</i>
                        <i>0.140124 0.898899 0.415146 -0.972455 0.203819 -0.113089 -0.186271 -0.387865 0.902698 0.808702 1.57286 2.4245</i>
                        <i>0.140074 0.898714 0.415564 -0.972353 0.204052 -0.113541 -0.186837 -0.388171 0.90245 0.80867 1.57228 2.42479</i>
                        <i>0.140016 0.898506 0.416032 -0.972238 0.204316 -0.114052 -0.187478 -0.388513 0.902169 0.808634 1.57158 2.42513</i>
                        <i>0.139955 0.898281 0.416538 -0.972112 0.204602 -0.114609 -0.188175 -0.388882 0.901865 0.808594 1.5708 2.42548</i>
                        <i>0.139889 0.898046 0.417067 -0.971979 0.204905 -0.115197 -0.188911 -0.389266 0.901546 0.808552 1.56992 2.42586</i>
                        <i>0.139823 0.897805 0.417606 -0.971842 0.205217 -0.115802 -0.189667 -0.389656 0.901219 0.808508 1.56897 2.42625</i>
                        <i>0.139756 0.897566 0.418143 -0.971703 0.20553 -0.11641 -0.190426 -0.390042 0.900891 0.808463 1.56794 2.42665</i>
                        <i>0.13969 0.897334 0.418663 -0.971566 0.205837 -0.117005 -0.191169 -0.390415 0.900572 0.80842 1.56686 2.42703</i>
                        <i>0.139628 0.897114 0.419155 -0.971436 0.206129 -0.117573 -0.191877 -0.390766 0.90027 0.808378 1.56572 2.42739</i>
                        <i>0.139571 0.896912 0.419605 -0.971315 0.206399 -0.118098 -0.19253 -0.391085 0.899991 0.808339 1.56455 2.42773</i>
                        <i>0.139521 0.896735 0.42 -0.971207 0.206638 -0.118562 -0.193106 -0.391365 0.899746 0.808304 1.56333 2.42803</i>
                        <i>0.139479 0.896589 0.420326 -0.971118 0.206837 -0.118947 -0.193585 -0.391595 0.899543 0.808275 1.5621 2.42827</i>
                        <i>0.139448 0.89648 0.420567 -0.971051 0.206984 -0.119234 -0.193942 -0.391766 0.899392 0.808254 1.56085 2.42846</i>
                        <i>0.13943 0.896417 0.420709 -0.971012 0.207072 -0.119403 -0.194152 -0.391865 0.899303 0.808241 1.55959 2.42856</i>
                        <i>0.139421 0.896385 0.420781 -0.970992 0.207116 -0.119489 -0.194258 -0.391916 0.899258 0.808234 1.55833 2.42862</i>
                        <i>0.139415 0.896365 0.420825 -0.97098 0.207143 -0.119542 -0.194324 -0.391947 0.899231 0.80823 1.55707 2.42865</i>
                        <i>0.139413 0.896357 0.420843 -0.970975 0.207154 -0.119563 -0.194351 -0.391959 0.89922 0.808229 1.55582 2.42867</i>
                        <i>0.139414 0.89636 0.420836 -0.970977 0.20715 -0.119555 -0.194341 -0.391955 0.899224 0.808229 1.55458 2.42866</i>
                        <i>0.139418 0.896373 0.420806 -0.970985 0.207131 -0.119519 -0.194296 -0.391933 0.899243 0.808232 1.55336 2.42864</i>
                        <i>0.139424 0.896397 0.420754 -0.970999 0.207099 -0.119457 -0.194219 -0.391897 0.899275 0.808237 1.55217 2.4286</i>
                        <i>0.139434 0.896429 0.420681 -0.97102 0.207054 -0.11937 -0.19411 -0.391845 0.899321 0.808243 1.55102 2.42854</i>
                        <i>0.139446 0.896471 0.420588 -0.971045 0.206997 -0.119259 -0.193973 -0.39178 0.899379 0.808252 1.54991 2.42847</i>
                        <i>0.13946 0.896521 0.420477 -0.971076 0.206929 -0.119127 -0.193809 -0.391702 0.899449 0.808262 1.54885 2.42839</i>
                        <i>0.139476 0.896578 0.420349 -0.971112 0.206851 -0.118975 -0.19362 -0.391612 0.899529 0.808273 1.54784 2.42829</i>
                        <i>0.139495 0.896643 0.420205 -0.971151 0.206763 -0.118804 -0.193408 -0.39151 0.899618 0.808286 1.54691 2.42818</i>
                        <i>0.139515 0.896714 0.420046 -0.971195 0.206666 -0.118616 -0.193174 -0.391398 0.899717 0.8083 1.54604 2.42806</i>
                        <i>0.139537 0.896792 0.419874 -0.971242 0.206562 -0.118413 -0.192921 -0.391276 0.899825 0.808315 1.54525 2.42793</i>
                        <i>0.139561 0.896875 0.419688 -0.971292 0.20645 -0.118196 -0.192651 -0.391145 0.89994 0.808331 1.54454 2.42779</i>
                        <i>0.139586 0.896963 0.419492 -0.971345 0.206331 -0.117966 -0.192365 -0.391005 0.900061 0.808349 1.54393 2.42765</i>
                        <i>0.139612 0.897055 0.419286 -0.971401 0.206207 -0.117725 -0.192066 -0.390858 0.900189 0.808366 1.54342 2.42749</i>
                        <i>0.139639 0.897152 0.41907 -0.971458 0.206079 -0.117475 -0.191754 -0.390705 0.900322 0.808385 1.54302 2.42733</i>
                        <i>0.139667 0.897252 0.418846 -0.971518 0.205945 -0.117216 -0.191432 -0.390545 0.90046 0.808404 1.54273 2.42716</i>
                        <i>0.139696 0.897355 0.418616 -0.971579 0.205809 -0.116951 -0.191102 -0.390381 0.900602 0.808424 1.54257 2.42699</i>
                        <i>0.139726 0.89746 0.41838 -0.971641 0.20567 -0.116681 -0.190764 -0.390212 0.900746 0.808444 1.54253 2.42682</i>
                        <i>0.139756 0.897567 0.41814 -0.971703 0.205529 -0.116407 -0.190422 -0.39004 0.900893 0.808464 1.54273 2.42664</i>
                        <i>0.139786 0.897676 0.417897 -0.971767 0.205386 -0.11613 -0.190077 -0.389865 0.901042 0.808484 1.54325 2.42647</i>
                        <i>0.139817 0.897785 0.417651 -0.97183 0.205243 -0.115852 -0.189731 -0.389688 0.901191 0.808504 1.54406 2.42629</i>
                        <i>0.139848 0.897895 0.417405 -0.971893 0.2051 -0.115575 -0.189384 -0.38951 0.901341 0.808524 1.54513 2.42611</i>
                        <i>0.139878 0.898005 0.417159 -0.971956 0.204958 -0.1153 -0.18904 -0.389332 0.90149 0.808544 1.54643 2.42593</i>
                        <i>0.139908 0.898113 0.416915 -0.972018 0.204818 -0.115027 -0.188699 -0.389156 0.901638 0.808564 1.54793 2.42576</i>
                        <i>0.139938 0.898221 0.416674 -0.972078 0.20468 -0.114759 -0.188364 -0.38898 0.901783 0.808583 1.54959 2.42558</i>
                        <i>0.139967 0.898326 0.416437 -0.972138 0.204545 -0.114497 -0.188035 -0.388808 0.901926 0.808602 1.55139 2.42541</i>
                        <i>0.139995 0.898429 0.416205 -0.972196 0.204413 -0.114242 -0.187716 -0.388639 0.902066 0.80862 1.5533 2.42525</i>
                        <i>0.140023 0.898529 0.41598 -0.972251 0.204286 -0.113995 -0.187407 -0.388475 0.902201 0.808638 1.55529 2.42509</i>
                        <i>0.140049 0.898625 0.415763 -0.972305 0.204164 -0.113758 -0.18711 -0.388317 0.90233 0.808655 1.55731 2.42494</i>
                        <i>0.140075 0.898717 0.415556 -0.972355 0.204048 -0.113532 -0.186827 -0.388165 0.902454 0.808671 1.55936 2.42479</i>
                        <i>0.140098 0.898804 0.415359 -0.972403 0.203938 -0.113319 -0.186559 -0.388021 0.902572 0.808686 1.56138 2.42465</i>
                        <i>0.140121 0.898886 0.415175 -0.972448 0.203835 -0.11312 -0.186309 -0.387885 0.902681 0.8087 1.56336 2.42452</i>
                        <i>0.140141 0.898962 0.415004 -0.972489 0.20374 -0.112936 -0.186078 -0.38776 0.902783 0.808713 1.56526 2.4244</i>
                        <i>0.14016 0.899031 0.414848 -0.972527 0.203654 -0.112768 -0.185867 -0.387645 0.902876 0.808725 1.56705 2.42429</i>
                        <i>0.140177 0.899093 0.414708 -0.97256 0.203577 -0.112618 -0.185679 -0.387542 0.902959 0.808735 1.5687 2.4242</i>
                        <i>0.140192 0.899147 0.414585 -0.97259 0.203509 -0.112488 -0.185515 -0.387452 0.903031 0.808744 1.57019 2.42411</i>
                        <i>0.140204 0.899193 0.414482 -0.972614 0.203453 -0.112378 -0.185377 -0.387375 0.903092 0.808752 1.57147 2.42404</i>
                        <i>0.140214 0.899229 0.4144 -0.972634 0.203407 -0.11229 -0.185266 -0.387314 0.903141 0.808758 1.57252 2.42399</i>
                        <i>0.140221 0.899256 0.414339 -0.972648 0.203374 -0.112225 -0.185185 -0.38727 0.903177 0.808763 1.57331 2.42394</i>
                        <i>0.140226 0.899273 0.414301 -0.972657 0.203354 -0.112185 -0.185135 -0.387242 0.903199 0.808765 1.5738 2.42392</i>
                        <i>0.140227 0.899278 0.414289 -0.97266 0.203347 -0.112172 -0.185118 -0.387232 0.903207 0.808766 1.57397 2.42391</i>
                    </KeyFrames>
                </p>
            </i>
            <i>
                <p>
                    <Name><![CDATA[spine2]]></Name>
                    <Exclude>0</Exclude>
                    <Additive>0</Additive>
                    <IKPriority>0</IKPriority>
                    <IKRotLimits>-1e+010 -1e+010 -1e+010 1e+010 1e+010 1e+010</IKRotLimits>
                    <IKRotLimitOrder>0</IKRotLimitOrder>
                    <KeyFrames count="61">
                        <i>0.0435891 0.861685 0.505568 -0.985871 0.119022 -0.117861 -0.161733 -0.493287 0.854699 0.833052 1.73012 2.49621</i>
                        <i>0.0436411 0.86188 0.50523 -0.985861 0.119045 -0.117924 -0.161781 -0.492941 0.85489 0.833045 1.73004 2.49626</i>
                        <i>0.0437884 0.862432 0.504275 -0.985832 0.11911 -0.118102 -0.161919 -0.491959 0.855429 0.833025 1.72979 2.4964</i>
                        <i>0.0440184 0.86329 0.502785 -0.985787 0.11921 -0.11838 -0.162133 -0.490428 0.856267 0.832994 1.72939 2.49662</i>
                        <i>0.0443192 0.864406 0.500838 -0.985727 0.11934 -0.118743 -0.162412 -0.488427 0.857357 0.832955 1.72886 2.49691</i>
                        <i>0.0446793 0.865732 0.49851 -0.985656 0.119494 -0.119177 -0.162744 -0.486035 0.858653 0.832907 1.7282 2.49725</i>
                        <i>0.0450875 0.867223 0.495875 -0.985576 0.119667 -0.119669 -0.16312 -0.483326 0.860109 0.832852 1.72742 2.49764</i>
                        <i>0.0455325 0.868834 0.493005 -0.985488 0.119854 -0.120204 -0.163526 -0.480378 0.861682 0.832793 1.72655 2.49806</i>
                        <i>0.0460034 0.870522 0.489975 -0.985395 0.12005 -0.12077 -0.163954 -0.477263 0.86333 0.832731 1.72558 2.49851</i>
                        <i>0.0464886 0.872244 0.486856 -0.985299 0.120249 -0.121352 -0.164393 -0.474058 0.865011 0.832667 1.72453 2.49897</i>
                        <i>0.0469768 0.873958 0.483725 -0.985202 0.120447 -0.121937 -0.164831 -0.470839 0.866684 0.832602 1.72342 2.49943</i>
                        <i>0.0474558 0.875624 0.480657 -0.985108 0.120639 -0.12251 -0.165258 -0.467685 0.868309 0.832538 1.72225 2.49987</i>
                        <i>0.0479132 0.877198 0.477732 -0.985018 0.12082 -0.123056 -0.165665 -0.464678 0.869844 0.832478 1.72103 2.5003</i>
                        <i>0.048336 0.87864 0.475033 -0.984934 0.120986 -0.123561 -0.166038 -0.461903 0.87125 0.832421 1.71977 2.50069</i>
                        <i>0.0487102 0.879905 0.472647 -0.98486 0.121132 -0.124007 -0.166367 -0.45945 0.872483 0.832372 1.7185 2.50104</i>
                        <i>0.0490212 0.880949 0.470665 -0.984799 0.121251 -0.124378 -0.166639 -0.457413 0.873501 0.832331 1.71721 2.50133</i>
                        <i>0.0492535 0.881724 0.469187 -0.984753 0.12134 -0.124654 -0.166842 -0.455894 0.874256 0.8323 1.71591 2.50154</i>
                        <i>0.0493902 0.882178 0.468318 -0.984726 0.121393 -0.124817 -0.166961 -0.455 0.874699 0.832282 1.71463 2.50167</i>
                        <i>0.0494595 0.882408 0.467877 -0.984712 0.121419 -0.124899 -0.167021 -0.454547 0.874923 0.832273 1.71336 2.50173</i>
                        <i>0.0495023 0.88255 0.467606 -0.984703 0.121435 -0.12495 -0.167059 -0.454268 0.875061 0.832267 1.71209 2.50177</i>
                        <i>0.0495197 0.882608 0.467495 -0.9847 0.121442 -0.124971 -0.167074 -0.454154 0.875118 0.832265 1.71084 2.50179</i>
                        <i>0.0495132 0.882586 0.467536 -0.984701 0.121439 -0.124963 -0.167068 -0.454196 0.875097 0.832266 1.7096 2.50178</i>
                        <i>0.049484 0.88249 0.467722 -0.984707 0.121428 -0.124929 -0.167043 -0.454387 0.875002 0.832269 1.70839 2.50176</i>
                        <i>0.0494336 0.882322 0.468043 -0.984717 0.121409 -0.124869 -0.166999 -0.454717 0.874839 0.832276 1.70721 2.50171</i>
                        <i>0.049363 0.882088 0.468491 -0.984731 0.121382 -0.124785 -0.166937 -0.455178 0.874611 0.832285 1.70607 2.50165</i>
                        <i>0.0492736 0.881791 0.469059 -0.984749 0.121348 -0.124678 -0.16686 -0.455762 0.874322 0.832297 1.70497 2.50156</i>
                        <i>0.0491668 0.881435 0.469739 -0.98477 0.121307 -0.124551 -0.166766 -0.456461 0.873975 0.832311 1.70393 2.50146</i>
                        <i>0.0490438 0.881024 0.470522 -0.984794 0.12126 -0.124405 -0.166659 -0.457266 0.873575 0.832328 1.70295 2.50135</i>
                        <i>0.0489059 0.880562 0.4714 -0.984821 0.121207 -0.12424 -0.166538 -0.458169 0.873124 0.832346 1.70203 2.50122</i>
                        <i>0.0487542 0.880053 0.472366 -0.984851 0.121149 -0.12406 -0.166406 -0.459162 0.872628 0.832366 1.70119 2.50108</i>
                        <i>0.0485901 0.8795 0.473412 -0.984884 0.121085 -0.123864 -0.166262 -0.460237 0.872089 0.832388 1.70043 2.50093</i>
                        <i>0.0484148 0.878907 0.47453 -0.984918 0.121017 -0.123655 -0.166107 -0.461386 0.871511 0.832411 1.69976 2.50077</i>
                        <i>0.0482295 0.878278 0.475712 -0.984955 0.120945 -0.123434 -0.165944 -0.462602 0.870897 0.832436 1.69918 2.5006</i>
                        <i>0.0480354 0.877616 0.476951 -0.984993 0.120868 -0.123202 -0.165773 -0.463876 0.870252 0.832461 1.69871 2.50042</i>
                        <i>0.0478337 0.876925 0.47824 -0.985033 0.120789 -0.122961 -0.165594 -0.465201 0.869579 0.832488 1.69834 2.50023</i>
                        <i>0.0476256 0.87621 0.479571 -0.985074 0.120706 -0.122713 -0.165409 -0.466569 0.868881 0.832516 1.69809 2.50003</i>
                        <i>0.0474122 0.875473 0.480936 -0.985116 0.120621 -0.122458 -0.16522 -0.467972 0.868162 0.832544 1.69796 2.49983</i>
                        <i>0.0471947 0.874718 0.482328 -0.985159 0.120535 -0.122198 -0.165026 -0.469403 0.867426 0.832573 1.69796 2.49963</i>
                        <i>0.0469744 0.87395 0.483741 -0.985203 0.120446 -0.121934 -0.164829 -0.470855 0.866676 0.832602 1.69821 2.49942</i>
                        <i>0.0467521 0.873172 0.485166 -0.985247 0.120356 -0.121668 -0.164629 -0.47232 0.865916 0.832632 1.69877 2.49921</i>
                        <i>0.0465292 0.872387 0.486596 -0.985291 0.120265 -0.121401 -0.164429 -0.47379 0.865151 0.832661 1.69962 2.499</i>
                        <i>0.0463068 0.871601 0.488025 -0.985335 0.120174 -0.121134 -0.164228 -0.475258 0.864383 0.832691 1.70073 2.4988</i>
                        <i>0.0460858 0.870816 0.489445 -0.985378 0.120084 -0.120869 -0.164029 -0.476718 0.863617 0.83272 1.70208 2.49859</i>
                        <i>0.0458675 0.870036 0.490849 -0.985422 0.119993 -0.120607 -0.163831 -0.478161 0.862856 0.832749 1.70361 2.49838</i>
                        <i>0.0456528 0.869267 0.492231 -0.985464 0.119904 -0.120349 -0.163636 -0.479581 0.862105 0.832777 1.70532 2.49818</i>
                        <i>0.045443 0.868511 0.493582 -0.985505 0.119816 -0.120097 -0.163445 -0.480971 0.861367 0.832805 1.70716 2.49798</i>
                        <i>0.045239 0.867773 0.494898 -0.985546 0.119731 -0.119851 -0.163258 -0.482322 0.860646 0.832832 1.70911 2.49778</i>
                        <i>0.0450419 0.867057 0.496169 -0.985585 0.119648 -0.119614 -0.163078 -0.483629 0.859947 0.832859 1.71114 2.4976</i>
                        <i>0.0448528 0.866367 0.49739 -0.985622 0.119568 -0.119386 -0.162904 -0.484884 0.859273 0.832884 1.7132 2.49742</i>
                        <i>0.0446726 0.865707 0.498553 -0.985658 0.119491 -0.119169 -0.162738 -0.486079 0.858629 0.832908 1.71528 2.49724</i>
                        <i>0.0445026 0.865082 0.499652 -0.985691 0.119418 -0.118964 -0.162581 -0.487209 0.858018 0.83293 1.71734 2.49708</i>
                        <i>0.0443437 0.864496 0.50068 -0.985722 0.11935 -0.118773 -0.162435 -0.488265 0.857445 0.832951 1.71935 2.49693</i>
                        <i>0.0441969 0.863953 0.50163 -0.985751 0.119287 -0.118595 -0.162299 -0.48924 0.856915 0.832971 1.72128 2.49679</i>
                        <i>0.0440634 0.863457 0.502494 -0.985778 0.119229 -0.118434 -0.162175 -0.490129 0.856431 0.832989 1.7231 2.49666</i>
                        <i>0.0439441 0.863013 0.503266 -0.985801 0.119177 -0.11829 -0.162064 -0.490922 0.855997 0.833004 1.72478 2.49655</i>
                        <i>0.0438403 0.862626 0.503939 -0.985822 0.119132 -0.118165 -0.161967 -0.491614 0.855618 0.833018 1.72628 2.49645</i>
                        <i>0.0437528 0.862299 0.504506 -0.985839 0.119094 -0.118059 -0.161886 -0.492196 0.855299 0.83303 1.72758 2.49636</i>
                        <i>0.0436829 0.862037 0.50496 -0.985853 0.119063 -0.117974 -0.16182 -0.492662 0.855043 0.833039 1.72865 2.4963</i>
                        <i>0.0436315 0.861844 0.505293 -0.985863 0.119041 -0.117912 -0.161772 -0.493005 0.854855 0.833046 1.72944 2.49625</i>
                        <i>0.0435998 0.861726 0.505498 -0.985869 0.119027 -0.117874 -0.161743 -0.493215 0.854738 0.83305 1.72995 2.49622</i>
                        <i>0.0435891 0.861685 0.505568 -0.985871 0.119022 -0.117861 -0.161733 -0.493287 0.854699 0.833052 1.73012 2.49621</i>
                    </KeyFrames>
                </p>
            </i>
            <i>
                <p>
                    <Name><![CDATA[head]]></Name>
                    <Exclude>0</Exclude>
                    <Additive>0</Additive>
                    <IKPriority>0</IKPriority>
                    <IKRotLimits>-1e+010 -1e+010 -1e+010 1e+010 1e+010 1e+010</IKRotLimits>
                    <IKRotLimitOrder>0</IKRotLimitOrder>
                    <KeyFrames count="61">
                        <i>0.00542408 0.986199 0.165477 0.0823722 0.164477 -0.982935 -0.996587 0.0189623 -0.0803432 0.836646 1.9713 2.60872</i>
                        <i>0.00397566 0.983068 0.1832 0.0824601 0.182255 -0.979787 -0.996586 0.019002 -0.0803393 0.836659 1.97127 2.60864</i>
                        <i>0.0027406 0.979958 0.199183 0.0825257 0.198283 -0.976664 -0.996585 0.0191143 -0.0803283 0.836693 1.97116 2.60841</i>
                        <i>0.00169694 0.976923 0.213584 0.0825782 0.212718 -0.973618 -0.996583 0.0192896 -0.0803116 0.836747 1.97098 2.60804</i>
                        <i>0.000823577 0.973999 0.226552 0.0826249 0.225711 -0.970684 -0.99658 0.0195183 -0.0802907 0.836818 1.97072 2.60756</i>
                        <i>9.99936e-005 0.971209 0.238229 0.0826707 0.237405 -0.967887 -0.996577 0.0197913 -0.0802668 0.836902 1.97039 2.60699</i>
                        <i>-0.000493672 0.968567 0.248751 0.0827191 0.247938 -0.965238 -0.996573 0.0201 -0.0802414 0.836997 1.96998 2.60635</i>
                        <i>-0.000977045 0.966077 0.258252 0.0827721 0.257444 -0.962742 -0.996568 0.0204354 -0.0802157 0.837101 1.9695 2.60564</i>
                        <i>-0.00136937 0.963734 0.266861 0.0828303 0.266054 -0.960393 -0.996563 0.0207891 -0.0801907 0.83721 1.96894 2.6049</i>
                        <i>-0.00168989 0.961526 0.274707 0.0828937 0.273897 -0.95818 -0.996557 0.0211523 -0.0801673 0.837322 1.9683 2.60414</i>
                        <i>-0.0019579 0.959436 0.281918 0.082961 0.281103 -0.956085 -0.996551 0.0215163 -0.0801462 0.837435 1.9676 2.60337</i>
                        <i>-0.00219302 0.95744 0.288624 0.0830303 0.287802 -0.954084 -0.996545 0.0218722 -0.0801277 0.837545 1.96681 2.60262</i>
                        <i>-0.00241526 0.955508 0.294956 0.083099 0.294128 -0.952147 -0.996538 0.0222109 -0.0801122 0.837649 1.96596 2.6019</i>
                        <i>-0.00264539 0.953604 0.301051 0.0831639 0.300219 -0.950238 -0.996532 0.0225228 -0.0800996 0.837746 1.96504 2.60124</i>
                        <i>-0.00290513 0.951688 0.307052 0.0832208 0.306218 -0.948317 -0.996527 0.0227981 -0.0800899 0.837831 1.96405 2.60066</i>
                        <i>-0.00321736 0.949712 0.313108 0.0832654 0.312277 -0.946335 -0.996522 0.0230264 -0.0800829 0.837902 1.963 2.60017</i>
                        <i>-0.00360652 0.94762 0.31938 0.0832922 0.318557 -0.944237 -0.996519 0.0231965 -0.0800782 0.837955 1.96188 2.59981</i>
                        <i>-0.00409883 0.945347 0.326039 0.0832949 0.325231 -0.941959 -0.996517 0.0232965 -0.0800757 0.837986 1.96071 2.5996</i>
                        <i>-0.0046422 0.943013 0.332723 0.0832794 0.331936 -0.939619 -0.996515 0.0233471 -0.0800745 0.838001 1.95949 2.59949</i>
                        <i>-0.00516292 0.940798 0.338928 0.0832568 0.33816 -0.937399 -0.996515 0.0233783 -0.0800738 0.838011 1.95825 2.59942</i>
                        <i>-0.00561122 0.938914 0.344107 0.0832311 0.343357 -0.93551 -0.996514 0.0233911 -0.0800735 0.838015 1.95701 2.5994</i>
                        <i>-0.00594305 0.937556 0.347784 0.0832069 0.347048 -0.934149 -0.996515 0.0233863 -0.0800736 0.838013 1.95577 2.59941</i>
                        <i>-0.00616274 0.936721 0.350023 0.0831853 0.349297 -0.933312 -0.996515 0.023365 -0.0800741 0.838007 1.95453 2.59945</i>
                        <i>-0.0062747 0.936397 0.350887 0.0831674 0.350167 -0.932988 -0.996516 0.0233281 -0.0800749 0.837995 1.95331 2.59953</i>
