<?xml version="1.0" encoding="ISO-8859-1" ?>
<Animl Version="1">
    <ModellingPackage>
        <![CDATA[Maya.2010]]>
</ModellingPackage>
    <SrcFile>
        <![CDATA[anims\turrets\machinegun\blue\~src\mgun_m60\mgun_m60_reload_high_crewman_b.mb]]>
</SrcFile>
    <FramesPerSecond>30</FramesPerSecond>
    <TotalFrames>130</TotalFrames>
    <Skeleton>
        <RefFrame>
            <Name>
                <![CDATA[soldier_ref_frame]]>
</Name>
            <Exclude>0</Exclude>
            <Additive>0</Additive>
            <IKPriority>0</IKPriority>
            <IKRotLimits>-1e+010 -1e+010 -1e+010 1e+010 1e+010 1e+010</IKRotLimits>
            <IKRotLimitOrder>0</IKRotLimitOrder>
            <KeyFrames count="130">
                <i>1 0 0 0 1 0 0 0 1 1.49 0.92 -0.85</i>
                <i>1 0 0 0 1 0 0 0 1 1.49 0.92 -0.85</i>
                <i>1 0 0 0 1 0 0 0 1 1.49 0.92 -0.85</i>
                <i>1 0 0 0 1 0 0 0 1 1.49 0.92 -0.85</i>
                <i>1 0 0 0 1 0 0 0 1 1.49 0.92 -0.85</i>
                <i>1 0 0 0 1 0 0 0 1 1.49 0.92 -0.85</i>
                <i>1 0 0 0 1 0 0 0 1 1.49 0.92 -0.85</i>
                <i>1 0 0 0 1 0 0 0 1 1.49 0.92 -0.85</i>
                <i>1 0 0 0 1 0 0 0 1 1.49 0.92 -0.85</i>
                <i>1 0 0 0 1 0 0 0 1 1.49 0.92 -0.85</i>
                <i>1 0 0 0 1 0 0 0 1 1.49 0.92 -0.85</i>
                <i>1 0 0 0 1 0 0 0 1 1.49 0.92 -0.85</i>
                <i>1 0 0 0 1 0 0 0 1 1.49 0.92 -0.85</i>
                <i>1 0 0 0 1 0 0 0 1 1.49 0.92 -0.85</i>
                <i>1 0 0 0 1 0 0 0 1 1.49 0.92 -0.85</i>
                <i>1 0 0 0 1 0 0 0 1 1.49 0.92 -0.85</i>
                <i>1 0 0 0 1 0 0 0 1 1.49 0.92 -0.85</i>
                <i>1 0 0 0 1 0 0 0 1 1.49 0.92 -0.85</i>
                <i>1 0 0 0 1 0 0 0 1 1.49 0.92 -0.85</i>
                <i>1 0 0 0 1 0 0 0 1 1.49 0.92 -0.85</i>
                <i>1 0 0 0 1 0 0 0 1 1.49 0.92 -0.85</i>
                <i>1 0 0 0 1 0 0 0 1 1.49 0.92 -0.85</i>
                <i>1 0 0 0 1 0 0 0 1 1.49 0.92 -0.85</i>
                <i>1 0 0 0 1 0 0 0 1 1.49 0.92 -0.85</i>
                <i>1 0 0 0 1 0 0 0 1 1.49 0.92 -0.85</i>
                <i>1 0 0 0 1 0 0 0 1 1.49 0.92 -0.85</i>
                <i>1 0 0 0 1 0 0 0 1 1.49 0.92 -0.85</i>
                <i>1 0 0 0 1 0 0 0 1 1.49 0.92 -0.85</i>
                <i>1 0 0 0 1 0 0 0 1 1.49 0.92 -0.85</i>
                <i>1 0 0 0 1 0 0 0 1 1.49 0.92 -0.85</i>
                <i>1 0 0 0 1 0 0 0 1 1.49 0.92 -0.85</i>
                <i>1 0 0 0 1 0 0 0 1 1.49 0.92 -0.85</i>
                <i>1 0 0 0 1 0 0 0 1 1.49 0.92 -0.85</i>
                <i>1 0 0 0 1 0 0 0 1 1.49 0.92 -0.85</i>
                <i>1 0 0 0 1 0 0 0 1 1.49 0.92 -0.85</i>
                <i>1 0 0 0 1 0 0 0 1 1.49 0.92 -0.85</i>
                <i>1 0 0 0 1 0 0 0 1 1.49 0.92 -0.85</i>
                <i>1 0 0 0 1 0 0 0 1 1.49 0.92 -0.85</i>
                <i>1 0 0 0 1 0 0 0 1 1.49 0.92 -0.85</i>
                <i>1 0 0 0 1 0 0 0 1 1.49 0.92 -0.85</i>
                <i>1 0 0 0 1 0 0 0 1 1.49 0.92 -0.85</i>
                <i>1 0 0 0 1 0 0 0 1 1.49 0.92 -0.85</i>
                <i>1 0 0 0 1 0 0 0 1 1.49 0.92 -0.85</i>
                <i>1 0 0 0 1 0 0 0 1 1.49 0.92 -0.85</i>
                <i>1 0 0 0 1 0 0 0 1 1.49 0.92 -0.85</i>
                <i>1 0 0 0 1 0 0 0 1 1.49 0.92 -0.85</i>
                <i>1 0 0 0 1 0 0 0 1 1.49 0.92 -0.85</i>
                <i>1 0 0 0 1 0 0 0 1 1.49 0.92 -0.85</i>
                <i>1 0 0 0 1 0 0 0 1 1.49 0.92 -0.85</i>
                <i>1 0 0 0 1 0 0 0 1 1.49 0.92 -0.85</i>
                <i>1 0 0 0 1 0 0 0 1 1.49 0.92 -0.85</i>
                <i>1 0 0 0 1 0 0 0 1 1.49 0.92 -0.85</i>
                <i>1 0 0 0 1 0 0 0 1 1.49 0.92 -0.85</i>
                <i>1 0 0 0 1 0 0 0 1 1.49 0.92 -0.85</i>
                <i>1 0 0 0 1 0 0 0 1 1.49 0.92 -0.85</i>
                <i>1 0 0 0 1 0 0 0 1 1.49 0.92 -0.85</i>
                <i>1 0 0 0 1 0 0 0 1 1.49 0.92 -0.85</i>
                <i>1 0 0 0 1 0 0 0 1 1.49 0.92 -0.85</i>
                <i>1 0 0 0 1 0 0 0 1 1.49 0.92 -0.85</i>
                <i>1 0 0 0 1 0 0 0 1 1.49 0.92 -0.85</i>
                <i>1 0 0 0 1 0 0 0 1 1.49 0.92 -0.85</i>
                <i>1 0 0 0 1 0 0 0 1 1.49 0.92 -0.85</i>
                <i>1 0 0 0 1 0 0 0 1 1.49 0.92 -0.85</i>
                <i>1 0 0 0 1 0 0 0 1 1.49 0.92 -0.85</i>
                <i>1 0 0 0 1 0 0 0 1 1.49 0.92 -0.85</i>
                <i>1 0 0 0 1 0 0 0 1 1.49 0.92 -0.85</i>
                <i>1 0 0 0 1 0 0 0 1 1.49 0.92 -0.85</i>
                <i>1 0 0 0 1 0 0 0 1 1.49 0.92 -0.85</i>
                <i>1 0 0 0 1 0 0 0 1 1.49 0.92 -0.85</i>
                <i>1 0 0 0 1 0 0 0 1 1.49 0.92 -0.85</i>
                <i>1 0 0 0 1 0 0 0 1 1.49 0.92 -0.85</i>
                <i>1 0 0 0 1 0 0 0 1 1.49 0.92 -0.85</i>
                <i>1 0 0 0 1 0 0 0 1 1.49 0.92 -0.85</i>
                <i>1 0 0 0 1 0 0 0 1 1.49 0.92 -0.85</i>
                <i>1 0 0 0 1 0 0 0 1 1.49 0.92 -0.85</i>
                <i>1 0 0 0 1 0 0 0 1 1.49 0.92 -0.85</i>
                <i>1 0 0 0 1 0 0 0 1 1.49 0.92 -0.85</i>
                <i>1 0 0 0 1 0 0 0 1 1.49 0.92 -0.85</i>
                <i>1 0 0 0 1 0 0 0 1 1.49 0.92 -0.85</i>
                <i>1 0 0 0 1 0 0 0 1 1.49 0.92 -0.85</i>
                <i>1 0 0 0 1 0 0 0 1 1.49 0.92 -0.85</i>
                <i>1 0 0 0 1 0 0 0 1 1.49 0.92 -0.85</i>
                <i>1 0 0 0 1 0 0 0 1 1.49 0.92 -0.85</i>
                <i>1 0 0 0 1 0 0 0 1 1.49 0.92 -0.85</i>
                <i>1 0 0 0 1 0 0 0 1 1.49 0.92 -0.85</i>
                <i>1 0 0 0 1 0 0 0 1 1.49 0.92 -0.85</i>
                <i>1 0 0 0 1 0 0 0 1 1.49 0.92 -0.85</i>
                <i>1 0 0 0 1 0 0 0 1 1.49 0.92 -0.85</i>
                <i>1 0 0 0 1 0 0 0 1 1.49 0.92 -0.85</i>
                <i>1 0 0 0 1 0 0 0 1 1.49 0.92 -0.85</i>
                <i>1 0 0 0 1 0 0 0 1 1.49 0.92 -0.85</i>
                <i>1 0 0 0 1 0 0 0 1 1.49 0.92 -0.85</i>
                <i>1 0 0 0 1 0 0 0 1 1.49 0.92 -0.85</i>
                <i>1 0 0 0 1 0 0 0 1 1.49 0.92 -0.85</i>
                <i>1 0 0 0 1 0 0 0 1 1.49 0.92 -0.85</i>
                <i>1 0 0 0 1 0 0 0 1 1.49 0.92 -0.85</i>
                <i>1 0 0 0 1 0 0 0 1 1.49 0.92 -0.85</i>
                <i>1 0 0 0 1 0 0 0 1 1.49 0.92 -0.85</i>
                <i>1 0 0 0 1 0 0 0 1 1.49 0.92 -0.85</i>
                <i>1 0 0 0 1 0 0 0 1 1.49 0.92 -0.85</i>
                <i>1 0 0 0 1 0 0 0 1 1.49 0.92 -0.85</i>
                <i>1 0 0 0 1 0 0 0 1 1.49 0.92 -0.85</i>
                <i>1 0 0 0 1 0 0 0 1 1.49 0.92 -0.85</i>
                <i>1 0 0 0 1 0 0 0 1 1.49 0.92 -0.85</i>
                <i>1 0 0 0 1 0 0 0 1 1.49 0.92 -0.85</i>
                <i>1 0 0 0 1 0 0 0 1 1.49 0.92 -0.85</i>
                <i>1 0 0 0 1 0 0 0 1 1.49 0.92 -0.85</i>
                <i>1 0 0 0 1 0 0 0 1 1.49 0.92 -0.85</i>
                <i>1 0 0 0 1 0 0 0 1 1.49 0.92 -0.85</i>
                <i>1 0 0 0 1 0 0 0 1 1.49 0.92 -0.85</i>
                <i>1 0 0 0 1 0 0 0 1 1.49 0.92 -0.85</i>
                <i>1 0 0 0 1 0 0 0 1 1.49 0.92 -0.85</i>
                <i>1 0 0 0 1 0 0 0 1 1.49 0.92 -0.85</i>
                <i>1 0 0 0 1 0 0 0 1 1.49 0.92 -0.85</i>
                <i>1 0 0 0 1 0 0 0 1 1.49 0.92 -0.85</i>
                <i>1 0 0 0 1 0 0 0 1 1.49 0.92 -0.85</i>
                <i>1 0 0 0 1 0 0 0 1 1.49 0.92 -0.85</i>
                <i>1 0 0 0 1 0 0 0 1 1.49 0.92 -0.85</i>
                <i>1 0 0 0 1 0 0 0 1 1.49 0.92 -0.85</i>
                <i>1 0 0 0 1 0 0 0 1 1.49 0.92 -0.85</i>
                <i>1 0 0 0 1 0 0 0 1 1.49 0.92 -0.85</i>
                <i>1 0 0 0 1 0 0 0 1 1.49 0.92 -0.85</i>
                <i>1 0 0 0 1 0 0 0 1 1.49 0.92 -0.85</i>
                <i>1 0 0 0 1 0 0 0 1 1.49 0.92 -0.85</i>
                <i>1 0 0 0 1 0 0 0 1 1.49 0.92 -0.85</i>
                <i>1 0 0 0 1 0 0 0 1 1.49 0.92 -0.85</i>
                <i>1 0 0 0 1 0 0 0 1 1.49 0.92 -0.85</i>
                <i>1 0 0 0 1 0 0 0 1 1.49 0.92 -0.85</i>
                <i>1 0 0 0 1 0 0 0 1 1.49 0.92 -0.85</i>
                <i>1 0 0 0 1 0 0 0 1 1.49 0.92 -0.85</i>
            </KeyFrames>
        </RefFrame>
        <Bones count="23">
            <i>
                <p>
                    <Name>
                        <![CDATA[pelvis]]>
</Name>
                    <Exclude>0</Exclude>
                    <Additive>0</Additive>
                    <IKPriority>0</IKPriority>
                    <IKRotLimits>-1e+010 -1e+010 -1e+010 1e+010 1e+010 1e+010</IKRotLimits>
                    <IKRotLimitOrder>2</IKRotLimitOrder>
                    <KeyFrames count="130">
                        <i>1 0 0 0 1 0 0 0 1 1.48926 1.53075 -0.850868</i>
                        <i>1 0 0 0 1 0 0 0 1 1.48926 1.53075 -0.84875</i>
                        <i>1 0 0 0 1 0 0 0 1 1.48926 1.53075 -0.842761</i>
                        <i>1 0 0 0 1 0 0 0 1 1.48926 1.53075 -0.833449</i>
                        <i>1 0 0 0 1 0 0 0 1 1.48926 1.53075 -0.821361</i>
                        <i>1 0 0 0 1 0 0 0 1 1.48926 1.53075 -0.807043</i>
                        <i>1 0 0 0 1 0 0 0 1 1.4873 1.53075 -0.788097</i>
                        <i>1 0 0 0 1 0 0 0 1 1.48403 1.53075 -0.763984</i>
                        <i>1 0 0 0 1 0 0 0 1 1.48338 1.53075 -0.738045</i>
                        <i>1 0 0 0 1 0 0 0 1 1.48926 1.53075 -0.71362</i>
                        <i>1 0 0 0 1 0 0 0 1 1.5082 1.55243 -0.687337</i>
                        <i>1 0 0 0 1 0 0 0 1 1.53629 1.6045 -0.658835</i>
                        <i>1 0 0 0 1 0 0 0 1 1.56176 1.66747 -0.635972</i>
                        <i>1 0 0 0 1 0 0 0 1 1.57287 1.72184 -0.626605</i>
                        <i>1 0 0 0 1 0 0 0 1 1.57287 1.76392 -0.626605</i>
                        <i>1 0 0 0 1 0 0 0 1 1.57287 1.8036 -0.626605</i>
                        <i>1 0 0 0 1 0 0 0 1 1.57287 1.84178 -0.626605</i>
                        <i>1 0 0 0 1 0 0 0 1 1.57287 1.87937 -0.626605</i>
                        <i>1 0 0 0 1 0 0 0 1 1.57287 1.91881 -0.626605</i>
                        <i>1 0 0 0 1 0 0 0 1 1.57287 1.95889 -0.626605</i>
                        <i>1 0 0 0 1 0 0 0 1 1.57287 1.99502 -0.626605</i>
                        <i>1 0 0 0 1 0 0 0 1 1.57287 2.02263 -0.626605</i>
                        <i>1 0 0 0 1 0 0 0 1 1.57287 2.04427 -0.621131</i>
                        <i>1 0 0 0 1 0 0 0 1 1.57287 2.06114 -0.6073</i>
                        <i>1 0 0 0 1 0 0 0 1 1.57287 2.06658 -0.588996</i>
                        <i>1 0 0 0 1 0 0 0 1 1.57287 2.05397 -0.570103</i>
                        <i>1 0 0 0 1 0 0 0 1 1.57218 2.01969 -0.548766</i>
                        <i>1 0 0 0 1 0 0 0 1 1.57067 1.97008 -0.52296</i>
                        <i>1 0 0 0 1 0 0 0 1 1.56916 1.91344 -0.496317</i>
                        <i>1 0 0 0 1 0 0 0 1 1.56847 1.85803 -0.472469</i>
                        <i>1 0 0 0 1 0 0 0 1 1.56944 1.81214 -0.455049</i>
                        <i>1 0 0 0 1 0 0 0 1 1.57287 1.78404 -0.447687</i>
                        <i>1 0 0 0 1 0 0 0 1 1.5734 1.77983 -0.447566</i>
                        <i>1 0 0 0 1 0 0 0 1 1.56706 1.7947 -0.449005</i>
                        <i>1 0 0 0 1 0 0 0 1 1.55674 1.82059 -0.451345</i>
                        <i>1 0 0 0 1 0 0 0 1 1.54538 1.84945 -0.453923</i>
                        <i>1 0 0 0 1 0 0 0 1 1.53587 1.8732 -0.456079</i>
                        <i>1 0 0 0 1 0 0 0 1 1.5326 1.89191 -0.455963</i>
                        <i>1 0 0 0 1 0 0 0 1 1.53184 1.91105 -0.453345</i>
                        <i>1 0 0 0 1 0 0 0 1 1.52436 1.93063 -0.449996</i>
                        <i>1 0 0 0 1 0 0 0 1 1.50092 1.95071 -0.447687</i>
                        <i>1 0 0 0 1 0 0 0 1 1.44214 1.97635 -0.447154</i>
                        <i>1 0 0 0 1 0 0 0 1 1.36046 2.00285 -0.44742</i>
                        <i>1 0 0 0 1 0 0 0 1 1.29436 2.01553 -0.447687</i>
                        <i>1 0 0 0 1 0 0 0 1 1.25415 2.00799 -0.447034</i>
                        <i>1 0 0 0 1 0 0 0 1 1.22331 1.98965 -0.445946</i>
                        <i>1 0 0 0 1 0 0 0 1 1.20001 1.96961 -0.445729</i>
                        <i>1 0 0 0 1 0 0 0 1 1.18242 1.95695 -0.447687</i>
                        <i>1 0 0 0 1 0 0 0 1 1.17534 1.95649 -0.449234</i>
                        <i>1 0 0 0 1 0 0 0 1 1.17827 1.96377 -0.44846</i>
                        <i>1 0 0 0 1 0 0 0 1 1.18142 1.97394 -0.447687</i>
                        <i>1 0 0 0 1 0 0 0 1 1.18142 1.98787 -0.447687</i>
                        <i>1 0 0 0 1 0 0 0 1 1.18142 2.00469 -0.447687</i>
                        <i>1 0 0 0 1 0 0 0 1 1.18142 2.01694 -0.447687</i>
                        <i>1 0 0 0 1 0 0 0 1 1.17128 2.02259 -0.444121</i>
                        <i>1 0 0 0 1 0 0 0 1 1.14814 2.02532 -0.436798</i>
                        <i>1 0 0 0 1 0 0 0 1 1.12292 2.02618 -0.430784</i>
                        <i>1 0 0 0 1 0 0 0 1 1.10653 2.02624 -0.431141</i>
                        <i>1 0 0 0 1 0 0 0 1 1.10196 2.02624 -0.441105</i>
                        <i>1 0 0 0 1 0 0 0 1 1.10279 2.02624 -0.457302</i>
                        <i>1 0 0 0 1 0 0 0 1 1.10591 2.02624 -0.474879</i>
                        <i>1 0 0 0 1 0 0 0 1 1.1082 2.02624 -0.488983</i>
                        <i>1 0 0 0 1 0 0 0 1 1.10653 2.02624 -0.494763</i>
                        <i>1 0 0 0 1 0 0 0 1 1.10204 2.02627 -0.491777</i>
                        <i>1 0 0 0 1 0 0 0 1 1.09774 2.02635 -0.483595</i>
                        <i>1 0 0 0 1 0 0 0 1 1.09335 2.02642 -0.471387</i>
                        <i>1 0 0 0 1 0 0 0 1 1.08858 2.02649 -0.456318</i>
                        <i>1 0 0 0 1 0 0 0 1 1.08315 2.02653 -0.439558</i>
                        <i>1 0 0 0 1 0 0 0 1 1.07678 2.02654 -0.422274</i>
                        <i>1 0 0 0 1 0 0 0 1 1.06919 2.02653 -0.405634</i>
                        <i>1 0 0 0 1 0 0 0 1 1.0601 2.02648 -0.390805</i>
                        <i>1 0 0 0 1 0 0 0 1 1.04925 2.02638 -0.378955</i>
                        <i>1 0 0 0 1 0 0 0 1 1.03636 2.02624 -0.371252</i>
                        <i>1 0 0 0 1 0 0 0 1 1.01428 2.02613 -0.371067</i>
                        <i>1 0 0 0 1 0 0 0 1 0.98129 2.02608 -0.378769</i>
                        <i>1 0 0 0 1 0 0 0 1 0.945377 2.02606 -0.391032</i>
                        <i>1 0 0 0 1 0 0 0 1 0.914646 2.0261 -0.404545</i>
                        <i>1 0 0 0 1 0 0 0 1 0.89726 2.02624 -0.416008</i>
                        <i>1 0 0 0 1 0 0 0 1 0.898866 2.02634 -0.425153</i>
                        <i>1 0 0 0 1 0 0 0 1 0.914945 2.0263 -0.434336</i>
                        <i>1 0 0 0 1 0 0 0 1 0.938532 2.02624 -0.444199</i>
                        <i>1 0 0 0 1 0 0 0 1 0.963073 2.02624 -0.455402</i>
                        <i>1 0 0 0 1 0 0 0 1 0.987498 2.02657 -0.469894</i>
                        <i>1 0 0 0 1 0 0 0 1 1.01452 2.02696 -0.487151</i>
                        <i>1 0 0 0 1 0 0 0 1 1.04363 2.02693 -0.504117</i>
                        <i>1 0 0 0 1 0 0 0 1 1.07441 2.02652 -0.517722</i>
                        <i>1 0 0 0 1 0 0 0 1 1.10653 2.02624 -0.524934</i>
                        <i>1 0 0 0 1 0 0 0 1 1.13897 2.01794 -0.526865</i>
                        <i>1 0 0 0 1 0 0 0 1 1.17196 1.99708 -0.527106</i>
                        <i>1 0 0 0 1 0 0 0 1 1.20707 1.96967 -0.526382</i>
                        <i>1 0 0 0 1 0 0 0 1 1.24587 1.94174 -0.525417</i>
                        <i>1 0 0 0 1 0 0 0 1 1.28992 1.91932 -0.524934</i>
                        <i>1 0 0 0 1 0 0 0 1 1.34661 1.90234 -0.522211</i>
                        <i>1 0 0 0 1 0 0 0 1 1.414 1.88735 -0.517672</i>
                        <i>1 0 0 0 1 0 0 0 1 1.47971 1.87535 -0.516764</i>
                        <i>1 0 0 0 1 0 0 0 1 1.53131 1.86733 -0.524934</i>
                        <i>1 0 0 0 1 0 0 0 1 1.56005 1.87331 -0.557749</i>
                        <i>1 0 0 0 1 0 0 0 1 1.57108 1.88576 -0.603474</i>
                        <i>1 0 0 0 1 0 0 0 1 1.57287 1.87937 -0.626605</i>
                        <i>1 0 0 0 1 0 0 0 1 1.57287 1.83882 -0.626605</i>
                        <i>1 0 0 0 1 0 0 0 1 1.57287 1.77943 -0.626605</i>
                        <i>1 0 0 0 1 0 0 0 1 1.57287 1.72184 -0.626605</i>
                        <i>1 0 0 0 1 0 0 0 1 1.56176 1.66397 -0.634945</i>
                        <i>1 0 0 0 1 0 0 0 1 1.53629 1.60139 -0.656096</i>
                        <i>1 0 0 0 1 0 0 0 1 1.5082 1.55127 -0.684256</i>
                        <i>1 0 0 0 1 0 0 0 1 1.48926 1.53075 -0.71362</i>
                        <i>1 0 0 0 1 0 0 0 1 1.48338 1.53075 -0.7444</i>
                        <i>1 0 0 0 1 0 0 0 1 1.48403 1.53075 -0.779104</i>
                        <i>1 0 0 0 1 0 0 0 1 1.4873 1.53075 -0.815378</i>
                        <i>1 0 0 0 1 0 0 0 1 1.48926 1.53075 -0.850868</i>
                        <i>1 0 0 0 1 0 0 0 1 1.48926 1.53075 -0.850868</i>
                        <i>1 0 0 0 1 0 0 0 1 1.48926 1.53075 -0.850868</i>
                        <i>1 0 0 0 1 0 0 0 1 1.48926 1.53075 -0.850868</i>
                        <i>1 0 0 0 1 0 0 0 1 1.48926 1.53075 -0.850868</i>
                        <i>1 0 0 0 1 0 0 0 1 1.48926 1.53075 -0.850868</i>
                        <i>1 0 0 0 1 0 0 0 1 1.48926 1.53075 -0.850868</i>
                        <i>1 0 0 0 1 0 0 0 1 1.48926 1.53075 -0.850868</i>
                        <i>1 0 0 0 1 0 0 0 1 1.48926 1.53075 -0.850868</i>
                        <i>1 0 0 0 1 0 0 0 1 1.48926 1.53075 -0.850868</i>
                        <i>1 0 0 0 1 0 0 0 1 1.48926 1.53075 -0.850868</i>
                        <i>1 0 0 0 1 0 0 0 1 1.48926 1.53075 -0.850868</i>
                        <i>1 0 0 0 1 0 0 0 1 1.48926 1.53075 -0.850868</i>
                        <i>1 0 0 0 1 0 0 0 1 1.48926 1.53075 -0.850868</i>
                        <i>1 0 0 0 1 0 0 0 1 1.48926 1.53075 -0.850868</i>
                        <i>1 0 0 0 1 0 0 0 1 1.48926 1.53075 -0.850868</i>
                        <i>1 0 0 0 1 0 0 0 1 1.48926 1.53075 -0.850868</i>
                        <i>1 0 0 0 1 0 0 0 1 1.48926 1.53075 -0.850868</i>
                        <i>1 0 0 0 1 0 0 0 1 1.48926 1.53075 -0.850868</i>
                        <i>1 0 0 0 1 0 0 0 1 1.48926 1.53075 -0.850868</i>
                        <i>1 0 0 0 1 0 0 0 1 1.48926 1.53075 -0.850868</i>
                    </KeyFrames>
                </p>
            </i>
            <i>
                <p>
                    <Name>
                        <![CDATA[spine0]]>
</Name>
                    <Exclude>0</Exclude>
                    <Additive>0</Additive>
                    <IKPriority>0</IKPriority>
                    <IKRotLimits>-1e+010 -1e+010 -1e+010 1e+010 1e+010 1e+010</IKRotLimits>
                    <IKRotLimitOrder>0</IKRotLimitOrder>
                    <KeyFrames count="130">
                        <i>-0.0968668 0.990349 0.0991244 -0.955056 -0.0644553 -0.289333 -0.280152 -0.122696 0.952082 1.49238 1.66623 -0.899149</i>
                        <i>-0.0986333 0.990088 0.0999888 -0.954898 -0.065888 -0.289532 -0.280074 -0.124037 0.951932 1.49229 1.66638 -0.89662</i>
                        <i>-0.102842 0.989313 0.103359 -0.954499 -0.0689097 -0.290142 -0.279919 -0.128495 0.951385 1.49203 1.66679 -0.889465</i>
                        <i>-0.107977 0.987998 0.110459 -0.953977 -0.0717044 -0.291181 -0.279766 -0.136816 0.95027 1.49162 1.66741 -0.878333</i>
                        <i>-0.112993 0.985999 0.122635 -0.953456 -0.072872 -0.292593 -0.279559 -0.149988 0.948341 1.49109 1.66817 -0.863869</i>
                        <i>-0.117259 0.983002 0.14127 -0.953068 -0.0714055 -0.294214 -0.279126 -0.16914 0.945241 1.49045 1.66902 -0.846722</i>
                        <i>-0.11215 0.978846 0.171121 -0.953683 -0.0576545 -0.295235 -0.279124 -0.196306 0.939975 1.48773 1.66995 -0.824397</i>
                        <i>-0.0964432 0.972474 0.212117 -0.955181 -0.030503 -0.294447 -0.279872 -0.231008 0.93183 1.48353 1.67098 -0.796109</i>
                        <i>-0.0814404 0.962578 0.258478 -0.956441 -0.00253383 -0.291916 -0.280337 -0.270993 0.920855 1.48172 1.67204 -0.765067</i>
                        <i>-0.0802172 0.948986 0.304942 -0.956976 0.0122643 -0.289906 -0.278857 -0.315078 0.907174 1.48621 1.67306 -0.734482</i>
                        <i>-0.0814593 0.925906 0.368866 -0.962828 0.0225263 -0.269173 -0.257538 -0.377081 0.889654 1.50359 1.69578 -0.698633</i>
                        <i>-0.0659437 0.890705 0.449773 -0.973939 0.0405777 -0.223152 -0.217014 -0.452767 0.864816 1.53101 1.74826 -0.657645</i>
                        <i>-0.0426968 0.854789 0.517216 -0.982637 0.0576298 -0.176361 -0.180559 -0.515766 0.837487 1.5571 1.81074 -0.623866</i>
                        <i>-0.030244 0.837895 0.544993 -0.985783 0.0651538 -0.154876 -0.165278 -0.541929 0.824012 1.56881 1.86466 -0.60984</i>
                        <i>-0.030244 0.837895 0.544993 -0.985783 0.0651538 -0.154876 -0.165278 -0.541929 0.824012 1.56881 1.90674 -0.60984</i>
                        <i>-0.030244 0.837895 0.544993 -0.985783 0.0651538 -0.154876 -0.165278 -0.541929 0.824012 1.56881 1.94642 -0.60984</i>
                        <i>-0.030244 0.837895 0.544993 -0.985783 0.0651538 -0.154876 -0.165278 -0.541929 0.824012 1.56881 1.98461 -0.60984</i>
                        <i>-0.030244 0.837895 0.544993 -0.985783 0.0651538 -0.154876 -0.165278 -0.541929 0.824012 1.56881 2.0222 -0.60984</i>
                        <i>-0.0260638 0.856343 0.51575 -0.985845 0.063458 -0.155185 -0.16562 -0.512494 0.842567 1.56953 2.06235 -0.617552</i>
                        <i>-0.0157853 0.896133 0.443505 -0.985959 0.0597972 -0.155917 -0.166243 -0.439738 0.882606 1.57112 2.10246 -0.635537</i>
                        <i>-0.00468532 0.935795 0.352513 -0.98608 0.054267 -0.157166 -0.166205 -0.348342 0.922515 1.5728 2.1359 -0.655727</i>
                        <i>-0.00306314 0.962439 0.271482 -0.986513 0.041521 -0.158328 -0.163653 -0.268305 0.949331 1.57391 2.15974 -0.670131</i>
                        <i>-0.00335364 0.977893 0.209078 -0.98836 0.0285592 -0.149429 -0.152097 -0.207145 0.966415 1.57408 2.17824 -0.673542</i>
                        <i>0.00454823 0.987055 0.160317 -0.991188 0.0256739 -0.129952 -0.132385 -0.158313 0.978474 1.57329 2.19223 -0.666556</i>
                        <i>0.0130583 0.990051 0.140102 -0.993371 0.0288487 -0.111276 -0.114211 -0.13772 0.983864 1.57214 2.19654 -0.650703</i>
                        <i>0.015823 0.985234 0.170478 -0.994084 0.0338242 -0.103212 -0.107454 -0.167836 0.979941 1.5715 2.18587 -0.627511</i>
                        <i>0.0119786 0.963583 0.267139 -0.993786 0.0410388 -0.103467 -0.110662 -0.26424 0.958087 1.57058 2.15662 -0.592839</i>
                        <i>0.00573603 0.913573 0.406634 -0.993385 0.0518433 -0.102462 -0.114688 -0.403357 0.907827 1.56858 2.11202 -0.546305</i>
                        <i>-0.00194838 0.832431 0.554125 -0.993009 0.0637905 -0.0993206 -0.118025 -0.550444 0.826487 1.56635 2.05727 -0.495514</i>
                        <i>-0.00962356 0.733653 0.679456 -0.99274 0.0744594 -0.0944595 -0.119892 -0.675432 0.727611 1.56483 1.99988 -0.448793</i>
                        <i>-0.0156174 0.645489 0.76361 -0.992598 0.0819798 -0.0895992 -0.120436 -0.759357 0.639431 1.56507 1.95003 -0.414294</i>
                        <i>-0.0183556 0.602378 0.798 -0.992553 0.0851522 -0.0871087 -0.120424 -0.793656 0.596329 1.56816 1.91947 -0.399395</i>
                        <i>-0.0322608 0.652566 0.757045 -0.991221 0.0762822 -0.107995 -0.128223 -0.753883 0.644376 1.56795 1.91784 -0.407305</i>
                        <i>-0.0611751 0.771748 0.632979 -0.985788 0.0526922 -0.159517 -0.15646 -0.633742 0.757556 1.56097 1.93729 -0.430881</i>
                        <i>-0.0845577 0.885628 0.456632 -0.97438 0.0223567 -0.223793 -0.208406 -0.463856 0.861048 1.55242 1.96409 -0.460629</i>
                        <i>-0.0915702 0.952191 0.291458 -0.957524 -0.00382834 -0.288328 -0.273427 -0.30548 0.912096 1.54545 1.98972 -0.485829</i>
                        <i>-0.0953618 0.971685 0.216181 -0.937733 -0.0148199 -0.347041 -0.33401 -0.235815 0.912594 1.54008 2.01105 -0.497019</i>
                        <i>-0.106633 0.972371 0.207662 -0.912717 -0.012874 -0.40839 -0.394433 -0.233084 0.888873 1.53992 2.02967 -0.496778</i>
                        <i>-0.115909 0.973549 0.196895 -0.879499 -0.00847788 -0.475826 -0.46157 -0.228321 0.857218 1.54306 2.04865 -0.493801</i>
                        <i>-0.124788 0.974166 0.188227 -0.84264 -0.00389805 -0.538464 -0.523819 -0.225801 0.821357 1.53921 2.06817 -0.489491</i>
                        <i>-0.136279 0.973031 0.186113 -0.809563 -0.00110177 -0.587032 -0.570995 -0.23067 0.787881 1.51797 2.08847 -0.485459</i>
                        <i>-0.147236 0.973969 0.172353 -0.78875 -0.0104728 -0.614624 -0.59682 -0.226439 0.769761 1.45901 2.1148 -0.482437</i>
                        <i>-0.15538 0.976439 0.149745 -0.777505 -0.0273714 -0.628281 -0.60938 -0.21405 0.763439 1.37522 2.14233 -0.479405</i>
                        <i>-0.172905 0.973543 0.149395 -0.767485 -0.0381075 -0.639933 -0.617309 -0.225306 0.753769 1.30601 2.15621 -0.475417</i>
                        <i>-0.219842 0.959055 0.178558 -0.75436 -0.0510698 -0.654472 -0.618556 -0.278577 0.7347 1.26088 2.15002 -0.468874</i>
                        <i>-0.286047 0.933049 0.218167 -0.739654 -0.0702582 -0.669309 -0.60917 -0.352822 0.710231 1.22357 2.13274 -0.46082</i>
                        <i>-0.345802 0.902689 0.256072 -0.72506 -0.0838452 -0.683563 -0.595574 -0.422045 0.683498 1.19474 2.11312 -0.454323</i>
                        <i>-0.374112 0.883123 0.283079 -0.714658 -0.0800059 -0.694883 -0.59102 -0.462269 0.661062 1.17521 2.10055 -0.452415</i>
                        <i>-0.352119 0.889187 0.292163 -0.707782 -0.0487204 -0.704749 -0.612419 -0.454943 0.646506 1.17392 2.10025 -0.454334</i>
                        <i>-0.298617 0.910086 0.287352 -0.702539 -0.00582848 -0.711621 -0.645962 -0.414379 0.641111 1.18789 2.10706 -0.456896</i>
                        <i>-0.247636 0.928749 0.275866 -0.705444 0.0223245 -0.708414 -0.664097 -0.370037 0.649652 1.19968 2.11613 -0.45971</i>
                        <i>-0.207627 0.946036 0.248812 -0.729742 0.0195919 -0.683442 -0.651435 -0.323469 0.686294 1.20264 2.12924 -0.463817</i>
                        <i>-0.175877 0.961801 0.209775 -0.762847 0.0015263 -0.646577 -0.622199 -0.273744 0.733439 1.20275 2.14543 -0.468515</i>
                        <i>-0.165288 0.967652 0.190601 -0.778796 -0.00948655 -0.627205 -0.605109 -0.252109 0.755172 1.20209 2.15745 -0.470615</i>
                        <i>-0.181239 0.961287 0.207555 -0.776065 -0.0101682 -0.630571 -0.60405 -0.27536 0.747864 1.19147 2.16346 -0.465233</i>
                        <i>-0.215347 0.94622 0.241441 -0.769767 -0.0123418 -0.638206 -0.600903 -0.323289 0.731027 1.16738 2.16684 -0.454104</i>
                        <i>-0.252342 0.927218 0.27675 -0.762579 -0.0145037 -0.646732 -0.595647 -0.374242 0.710737 1.1408 2.16834 -0.443769</i>
                        <i>-0.275868 0.912944 0.300716 -0.758116 -0.0143326 -0.651962 -0.590895 -0.407833 0.696071 1.12283 2.16885 -0.440753</i>
                        <i>-0.282635 0.906326 0.314152 -0.753579 -0.00716063 -0.657318 -0.593495 -0.422519 0.685012 1.11755 2.16907 -0.448232</i>
                        <i>-0.283189 0.902252 0.325184 -0.744893 0.00665099 -0.667151 -0.604101 -0.431157 0.670198 1.119 2.16911 -0.461941</i>
                        <i>-0.281239 0.899565 0.334196 -0.734571 0.0222893 -0.678166 -0.617503 -0.436217 0.654526 1.12323 2.16903 -0.477209</i>
                        <i>-0.280231 0.897019 0.3418 -0.725548 0.0352141 -0.68727 -0.62853 -0.440587 0.640963 1.12636 2.16895 -0.489337</i>
                        <i>-0.283478 0.893301 0.348787 -0.721145 0.0411715 -0.69156 -0.632132 -0.447568 0.632528 1.12452 2.16896 -0.493609</i>
                        <i>-0.29176 0.889316 0.352125 -0.719708 0.0383629 -0.693216 -0.629997 -0.45568 0.628855 1.11883 2.16914 -0.489726</i>
                        <i>-0.303399 0.886674 0.348939 -0.717239 0.028574 -0.696241 -0.627309 -0.461512 0.627288 1.1128 2.1694 -0.481252</i>
                        <i>-0.317913 0.88495 0.340285 -0.713593 0.0129825 -0.700441 -0.624273 -0.465504 0.627367 1.1062 2.16969 -0.469261</i>
                        <i>-0.334808 0.883657 0.32719 -0.70861 -0.0072365 -0.705563 -0.621109 -0.468078 0.628591 1.09881 2.16998 -0.454826</i>
                        <i>-0.353569 0.8823 0.310703 -0.702168 -0.0308842 -0.711341 -0.61802 -0.469674 0.630442 1.0904 2.17021 -0.43902</i>
                        <i>-0.373665 0.880428 0.291925 -0.694218 -0.0567238 -0.717526 -0.615171 -0.470774 0.632405 1.08074 2.17035 -0.422919</i>
                        <i>-0.394559 0.877679 0.272035 -0.684817 -0.0834813 -0.723918 -0.612657 -0.471923 0.633987 1.06961 2.17038 -0.407596</i>
                        <i>-0.415722 0.8738 0.252287 -0.67415 -0.109858 -0.730379 -0.610489 -0.473714 0.634743 1.05678 2.17026 -0.394124</i>
                        <i>-0.436656 0.868662 0.234004 -0.662543 -0.134552 -0.73684 -0.608579 -0.476783 0.634279 1.04204 2.16999 -0.383577</i>
                        <i>-0.45691 0.862245 0.218556 -0.65046 -0.15628 -0.743289 -0.606741 -0.481778 0.632262 1.02516 2.16954 -0.377026</i>
                        <i>-0.484422 0.850767 0.203791 -0.633787 -0.180718 -0.752101 -0.603034 -0.493494 0.626749 0.997499 2.16881 -0.378521</i>
                        <i>-0.521183 0.832584 0.187542 -0.610446 -0.210106 -0.763683 -0.596426 -0.512503 0.617751 0.957089 2.16753 -0.388836</i>
                        <i>-0.558131 0.811827 0.171543 -0.584985 -0.238369 -0.775224 -0.588457 -0.533027 0.607948 0.913815 2.16581 -0.404055</i>
                        <i>-0.586734 0.794169 0.158234 -0.563454 -0.260042 -0.784154 -0.581604 -0.549248 0.600053 0.877509 2.1642 -0.420143</i>
                        <i>-0.59902 0.786426 0.150695 -0.553025 -0.270217 -0.788128 -0.579084 -0.555443 0.596779 0.857877 2.16356 -0.432984</i>
                        <i>-0.589872 0.793954 0.14727 -0.556925 -0.267947 -0.786154 -0.584709 -0.545749 0.600227 0.862483 2.16459 -0.441269</i>
                        <i>-0.56612 0.810908 0.148106 -0.570602 -0.255828 -0.780363 -0.594913 -0.526289 0.607535 0.885673 2.16652 -0.447621</i>
                        <i>-0.538754 0.827336 0.158932 -0.588791 -0.234841 -0.773418 -0.602552 -0.51026 0.613649 0.917313 2.1682 -0.453809</i>
                        <i>-0.5191 0.834402 0.185224 -0.606078 -0.206544 -0.768121 -0.602665 -0.510991 0.61293 0.94741 2.16911 -0.461521</i>
                        <i>-0.4859 0.842744 0.231698 -0.633316 -0.156795 -0.757843 -0.602339 -0.514974 0.60991 0.97609 2.16993 -0.47339</i>
                        <i>-0.419918 0.862612 0.282082 -0.67017 -0.0851316 -0.737309 -0.611997 -0.498652 0.613845 1.00902 2.17071 -0.48913</i>
                        <i>-0.340077 0.885828 0.315683 -0.70021 -0.0144426 -0.713791 -0.627737 -0.463788 0.625177 1.04456 2.17078 -0.505851</i>
                        <i>-0.26996 0.906132 0.325649 -0.717384 0.0363075 -0.695731 -0.642248 -0.421435 0.640243 1.08107 2.1702 -0.520504</i>
                        <i>-0.231812 0.920014 0.315971 -0.723069 0.054318 -0.688637 -0.650718 -0.388104 0.652642 1.1169 2.16963 -0.529991</i>
                        <i>-0.213327 0.930011 0.299285 -0.730144 0.0517752 -0.681329 -0.649139 -0.363867 0.667997 1.15157 2.16102 -0.535038</i>
                        <i>-0.19125 0.939035 0.285721 -0.748144 0.048972 -0.661727 -0.635377 -0.340315 0.693167 1.18642 2.13975 -0.538595</i>
                        <i>-0.169065 0.945777 0.27735 -0.774264 0.0466766 -0.631139 -0.609862 -0.321446 0.72439 1.22259 2.11195 -0.540877</i>
                        <i>-0.149392 0.949175 0.277034 -0.805494 0.0456703 -0.590841 -0.573464 -0.311416 0.757733 1.26139 2.0838 -0.54199</i>
                        <i>-0.133616 0.9481 0.288537 -0.838868 0.0468222 -0.542317 -0.52768 -0.314506 0.789075 1.30433 2.06145 -0.541912</i>
                        <i>-0.122882 0.938826 0.321724 -0.891856 0.0377295 -0.450742 -0.435307 -0.34232 0.832661 1.35648 2.04514 -0.536525</i>
                        <i>-0.108731 0.923474 0.367932 -0.950933 0.0112251 -0.309193 -0.289662 -0.383498 0.876941 1.41682 2.03091 -0.526586</i>
                        <i>-0.0898925 0.907612 0.410074 -0.984636 -0.019098 -0.173573 -0.149705 -0.419376 0.895384 1.47671 2.01916 -0.51948</i>
                        <i>-0.0865054 0.891284 0.445117 -0.992756 -0.039726 -0.113389 -0.0833795 -0.451702 0.888264 1.52525 2.01104 -0.52222</i>
                        <i>-0.0759171 0.870957 0.485459 -0.992045 -0.0169423 -0.124742 -0.10042 -0.491067 0.865314 1.55376 2.01679 -0.549363</i>
                        <i>-0.0456118 0.84923 0.526049 -0.988863 0.0362951 -0.144334 -0.141666 -0.526774 0.838117 1.56612 2.02884 -0.589355</i>
                        <i>-0.030244 0.837895 0.544993 -0.985783 0.0651538 -0.154876 -0.165278 -0.541929 0.824012 1.56881 2.0222 -0.60984</i>
                        <i>-0.030244 0.837895 0.544993 -0.985783 0.0651538 -0.154876 -0.165278 -0.541929 0.824012 1.56881 1.98165 -0.60984</i>
                        <i>-0.030244 0.837895 0.544993 -0.985783 0.0651538 -0.154876 -0.165278 -0.541929 0.824012 1.56881 1.92225 -0.60984</i>
                        <i>-0.030244 0.837895 0.544993 -0.985783 0.0651538 -0.154876 -0.165278 -0.541929 0.824012 1.56881 1.86466 -0.60984</i>
                        <i>-0.0428662 0.854005 0.518495 -0.982637 0.0577324 -0.176329 -0.18052 -0.517051 0.836702 1.55707 1.80722 -0.622624</i>
                        <i>-0.0665438 0.888868 0.453305 -0.973942 0.0408568 -0.223087 -0.216815 -0.456337 0.862987 1.53092 1.74514 -0.654335</i>
                        <i>-0.0823207 0.924186 0.372965 -0.962834 0.0228455 -0.269126 -0.257243 -0.381258 0.887957 1.50346 1.69466 -0.694916</i>
                        <i>-0.0802172 0.948986 0.304942 -0.956976 0.0122643 -0.289906 -0.278857 -0.315078 0.907174 1.48621 1.67306 -0.734482</i>
                        <i>-0.075365 0.964466 0.253229 -0.956689 0.00167544 -0.291107 -0.281187 -0.264201 0.922568 1.48201 1.67179 -0.772708</i>
                        <i>-0.0806606 0.976005 0.202255 -0.95613 -0.0184326 -0.292362 -0.281618 -0.216964 0.934675 1.48421 1.67025 -0.81426</i>
                        <i>-0.089891 0.984408 0.151196 -0.955486 -0.0424057 -0.291973 -0.281009 -0.170712 0.9444 1.48895 1.66842 -0.857094</i>
                        <i>-0.0968668 0.990349 0.0991244 -0.955056 -0.0644553 -0.289333 -0.280152 -0.122696 0.952082 1.49238 1.66623 -0.899149</i>
                        <i>-0.0968668 0.990349 0.0991244 -0.955056 -0.0644553 -0.289333 -0.280152 -0.122696 0.952082 1.49238 1.66623 -0.899149</i>
                        <i>-0.0968668 0.990349 0.0991244 -0.955056 -0.0644553 -0.289333 -0.280152 -0.122696 0.952082 1.49238 1.66623 -0.899149</i>
                        <i>-0.0968668 0.990349 0.0991244 -0.955056 -0.0644553 -0.289333 -0.280152 -0.122696 0.952082 1.49238 1.66623 -0.899149</i>
                        <i>-0.0968668 0.990349 0.0991244 -0.955056 -0.0644553 -0.289333 -0.280152 -0.122696 0.952082 1.49238 1.66623 -0.899149</i>
                        <i>-0.0968668 0.990349 0.0991244 -0.955056 -0.0644553 -0.289333 -0.280152 -0.122696 0.952082 1.49238 1.66623 -0.899149</i>
                        <i>-0.0968668 0.990349 0.0991244 -0.955056 -0.0644553 -0.289333 -0.280152 -0.122696 0.952082 1.49238 1.66623 -0.899149</i>
                        <i>-0.0968668 0.990349 0.0991244 -0.955056 -0.0644553 -0.289333 -0.280152 -0.122696 0.952082 1.49238 1.66623 -0.899149</i>
                        <i>-0.0968668 0.990349 0.0991244 -0.955056 -0.0644553 -0.289333 -0.280152 -0.122696 0.952082 1.49238 1.66623 -0.899149</i>
                        <i>-0.0968668 0.990349 0.0991244 -0.955056 -0.0644553 -0.289333 -0.280152 -0.122696 0.952082 1.49238 1.66623 -0.899149</i>
                        <i>-0.0968668 0.990349 0.0991244 -0.955056 -0.0644553 -0.289333 -0.280152 -0.122696 0.952082 1.49238 1.66623 -0.899149</i>
                        <i>-0.0968668 0.990349 0.0991244 -0.955056 -0.0644553 -0.289333 -0.280152 -0.122696 0.952082 1.49238 1.66623 -0.899149</i>
                        <i>-0.0968668 0.990349 0.0991244 -0.955056 -0.0644553 -0.289333 -0.280152 -0.122696 0.952082 1.49238 1.66623 -0.899149</i>
                        <i>-0.0968668 0.990349 0.0991244 -0.955056 -0.0644553 -0.289333 -0.280152 -0.122696 0.952082 1.49238 1.66623 -0.899149</i>
                        <i>-0.0968668 0.990349 0.0991244 -0.955056 -0.0644553 -0.289333 -0.280152 -0.122696 0.952082 1.49238 1.66623 -0.899149</i>
                        <i>-0.0968668 0.990349 0.0991244 -0.955056 -0.0644553 -0.289333 -0.280152 -0.122696 0.952082 1.49238 1.66623 -0.899149</i>
                        <i>-0.0968668 0.990349 0.0991244 -0.955056 -0.0644553 -0.289333 -0.280152 -0.122696 0.952082 1.49238 1.66623 -0.899149</i>
                        <i>-0.0968668 0.990349 0.0991244 -0.955056 -0.0644553 -0.289333 -0.280152 -0.122696 0.952082 1.49238 1.66623 -0.899149</i>
                        <i>-0.0968668 0.990349 0.0991244 -0.955056 -0.0644553 -0.289333 -0.280152 -0.122696 0.952082 1.49238 1.66623 -0.899149</i>
                        <i>-0.0968668 0.990349 0.0991244 -0.955056 -0.0644553 -0.289333 -0.280152 -0.122696 0.952082 1.49238 1.66623 -0.899149</i>
                        <i>-0.0968668 0.990349 0.0991244 -0.955056 -0.0644553 -0.289333 -0.280152 -0.122696 0.952082 1.49238 1.66623 -0.899149</i>
                    </KeyFrames>
                </p>
            </i>
            <i>
                <p>
                    <Name>
                        <![CDATA[spine1]]>
</Name>
                    <Exclude>0</Exclude>
                    <Additive>0</Additive>
                    <IKPriority>0</IKPriority>
                    <IKRotLimits>-1e+010 -1e+010 -1e+010 1e+010 1e+010 1e+010</IKRotLimits>
                    <IKRotLimitOrder>0</IKRotLimitOrder>
                    <KeyFrames count="130">
                        <i>-0.1334 0.869786 0.475054 -0.986074 -0.0684537 -0.151566 -0.099311 -0.488657 0.866805 1.47517 1.84234 -0.881559</i>
                        <i>-0.13966 0.869781 0.473261 -0.984589 -0.0711755 -0.159744 -0.105258 -0.488277 0.866318 1.47477 1.84238 -0.878882</i>
                        <i>-0.15405 0.869181 0.469887 -0.980834 -0.0771045 -0.178937 -0.119298 -0.488446 0.8644 1.47378 1.8425 -0.871143</i>
                        <i>-0.170224 0.867069 0.468204 -0.976034 -0.0829851 -0.201175 -0.135579 -0.491228 0.860415 1.47247 1.84271 -0.858769</i>
                        <i>-0.182837 0.862298 0.472242 -0.971985 -0.0863806 -0.218593 -0.147699 -0.498979 0.853935 1.47107 1.84297 -0.842162</i>
                        <i>-0.187471 0.853347 0.48647 -0.970937 -0.0859725 -0.223361 -0.148781 -0.514205 0.844664 1.46968 1.84324 -0.821718</i>
                        <i>-0.159548 0.83876 0.520602 -0.977794 -0.0616793 -0.200288 -0.135883 -0.540997 0.829975 1.46785 1.84361 -0.794073</i>
                        <i>-0.0985933 0.815714 0.569992 -0.988257 -0.0130671 -0.152242 -0.116738 -0.578308 0.807423 1.46639 1.84393 -0.758422</i>
                        <i>-0.0383795 0.783941 0.619648 -0.994339 0.0315262 -0.101472 -0.0990831 -0.620034 0.778293 1.46721 1.84372 -0.719007</i>
                        <i>-0.0155243 0.75028 0.660937 -0.996017 0.0464393 -0.0761116 -0.0877985 -0.659487 0.746571 1.4719 1.84256 -0.680057</i>
                        <i>-0.00784486 0.70466 0.709501 -0.997715 0.0420947 -0.0528391 -0.0670999 -0.708295 0.70272 1.48905 1.86117 -0.632791</i>
                        <i>0.0231037 0.641618 0.766676 -0.999129 0.0414742 -0.00460042 -0.034749 -0.765902 0.642017 1.51924 1.90737 -0.57735</i>
