<?xml version="1.0" encoding="ISO-8859-1" ?>
<Animl Version="1">
    <ModellingPackage><![CDATA[Maya.2010]]></ModellingPackage>
    <SrcFile><![CDATA[anims\turrets\machinegun\blue\~src\mgun_gatling\mgun_gatling_idle_crewman_b.mb]]></SrcFile>
    <FramesPerSecond>30</FramesPerSecond>
    <TotalFrames>97</TotalFrames>
    <Skeleton>
        <RefFrame>
            <Name><![CDATA[soldier_ref_frame]]></Name>
            <Exclude>0</Exclude>
            <Additive>0</Additive>
            <IKPriority>0</IKPriority>
            <IKRotLimits>-1e+010 -1e+010 -1e+010 1e+010 1e+010 1e+010</IKRotLimits>
            <IKRotLimitOrder>0</IKRotLimitOrder>
            <KeyFrames count="97">
                <i>1 0 0 0 1 0 0 0 1 2.23 0.9 -0.63</i>
                <i>1 0 0 0 1 0 0 0 1 2.23 0.9 -0.63</i>
                <i>1 0 0 0 1 0 0 0 1 2.23 0.9 -0.63</i>
                <i>1 0 0 0 1 0 0 0 1 2.23 0.9 -0.63</i>
                <i>1 0 0 0 1 0 0 0 1 2.23 0.9 -0.63</i>
                <i>1 0 0 0 1 0 0 0 1 2.23 0.9 -0.63</i>
                <i>1 0 0 0 1 0 0 0 1 2.23 0.9 -0.63</i>
                <i>1 0 0 0 1 0 0 0 1 2.23 0.9 -0.63</i>
                <i>1 0 0 0 1 0 0 0 1 2.23 0.9 -0.63</i>
                <i>1 0 0 0 1 0 0 0 1 2.23 0.9 -0.63</i>
                <i>1 0 0 0 1 0 0 0 1 2.23 0.9 -0.63</i>
                <i>1 0 0 0 1 0 0 0 1 2.23 0.9 -0.63</i>
                <i>1 0 0 0 1 0 0 0 1 2.23 0.9 -0.63</i>
                <i>1 0 0 0 1 0 0 0 1 2.23 0.9 -0.63</i>
                <i>1 0 0 0 1 0 0 0 1 2.23 0.9 -0.63</i>
                <i>1 0 0 0 1 0 0 0 1 2.23 0.9 -0.63</i>
                <i>1 0 0 0 1 0 0 0 1 2.23 0.9 -0.63</i>
                <i>1 0 0 0 1 0 0 0 1 2.23 0.9 -0.63</i>
                <i>1 0 0 0 1 0 0 0 1 2.23 0.9 -0.63</i>
                <i>1 0 0 0 1 0 0 0 1 2.23 0.9 -0.63</i>
                <i>1 0 0 0 1 0 0 0 1 2.23 0.9 -0.63</i>
                <i>1 0 0 0 1 0 0 0 1 2.23 0.9 -0.63</i>
                <i>1 0 0 0 1 0 0 0 1 2.23 0.9 -0.63</i>
                <i>1 0 0 0 1 0 0 0 1 2.23 0.9 -0.63</i>
                <i>1 0 0 0 1 0 0 0 1 2.23 0.9 -0.63</i>
                <i>1 0 0 0 1 0 0 0 1 2.23 0.9 -0.63</i>
                <i>1 0 0 0 1 0 0 0 1 2.23 0.9 -0.63</i>
                <i>1 0 0 0 1 0 0 0 1 2.23 0.9 -0.63</i>
                <i>1 0 0 0 1 0 0 0 1 2.23 0.9 -0.63</i>
                <i>1 0 0 0 1 0 0 0 1 2.23 0.9 -0.63</i>
                <i>1 0 0 0 1 0 0 0 1 2.23 0.9 -0.63</i>
                <i>1 0 0 0 1 0 0 0 1 2.23 0.9 -0.63</i>
                <i>1 0 0 0 1 0 0 0 1 2.23 0.9 -0.63</i>
                <i>1 0 0 0 1 0 0 0 1 2.23 0.9 -0.63</i>
                <i>1 0 0 0 1 0 0 0 1 2.23 0.9 -0.63</i>
                <i>1 0 0 0 1 0 0 0 1 2.23 0.9 -0.63</i>
                <i>1 0 0 0 1 0 0 0 1 2.23 0.9 -0.63</i>
                <i>1 0 0 0 1 0 0 0 1 2.23 0.9 -0.63</i>
                <i>1 0 0 0 1 0 0 0 1 2.23 0.9 -0.63</i>
                <i>1 0 0 0 1 0 0 0 1 2.23 0.9 -0.63</i>
                <i>1 0 0 0 1 0 0 0 1 2.23 0.9 -0.63</i>
                <i>1 0 0 0 1 0 0 0 1 2.23 0.9 -0.63</i>
                <i>1 0 0 0 1 0 0 0 1 2.23 0.9 -0.63</i>
                <i>1 0 0 0 1 0 0 0 1 2.23 0.9 -0.63</i>
                <i>1 0 0 0 1 0 0 0 1 2.23 0.9 -0.63</i>
                <i>1 0 0 0 1 0 0 0 1 2.23 0.9 -0.63</i>
                <i>1 0 0 0 1 0 0 0 1 2.23 0.9 -0.63</i>
                <i>1 0 0 0 1 0 0 0 1 2.23 0.9 -0.63</i>
                <i>1 0 0 0 1 0 0 0 1 2.23 0.9 -0.63</i>
                <i>1 0 0 0 1 0 0 0 1 2.23 0.9 -0.63</i>
                <i>1 0 0 0 1 0 0 0 1 2.23 0.9 -0.63</i>
                <i>1 0 0 0 1 0 0 0 1 2.23 0.9 -0.63</i>
                <i>1 0 0 0 1 0 0 0 1 2.23 0.9 -0.63</i>
                <i>1 0 0 0 1 0 0 0 1 2.23 0.9 -0.63</i>
                <i>1 0 0 0 1 0 0 0 1 2.23 0.9 -0.63</i>
                <i>1 0 0 0 1 0 0 0 1 2.23 0.9 -0.63</i>
                <i>1 0 0 0 1 0 0 0 1 2.23 0.9 -0.63</i>
                <i>1 0 0 0 1 0 0 0 1 2.23 0.9 -0.63</i>
                <i>1 0 0 0 1 0 0 0 1 2.23 0.9 -0.63</i>
                <i>1 0 0 0 1 0 0 0 1 2.23 0.9 -0.63</i>
                <i>1 0 0 0 1 0 0 0 1 2.23 0.9 -0.63</i>
                <i>1 0 0 0 1 0 0 0 1 2.23 0.9 -0.63</i>
                <i>1 0 0 0 1 0 0 0 1 2.23 0.9 -0.63</i>
                <i>1 0 0 0 1 0 0 0 1 2.23 0.9 -0.63</i>
                <i>1 0 0 0 1 0 0 0 1 2.23 0.9 -0.63</i>
                <i>1 0 0 0 1 0 0 0 1 2.23 0.9 -0.63</i>
                <i>1 0 0 0 1 0 0 0 1 2.23 0.9 -0.63</i>
                <i>1 0 0 0 1 0 0 0 1 2.23 0.9 -0.63</i>
                <i>1 0 0 0 1 0 0 0 1 2.23 0.9 -0.63</i>
                <i>1 0 0 0 1 0 0 0 1 2.23 0.9 -0.63</i>
                <i>1 0 0 0 1 0 0 0 1 2.23 0.9 -0.63</i>
                <i>1 0 0 0 1 0 0 0 1 2.23 0.9 -0.63</i>
                <i>1 0 0 0 1 0 0 0 1 2.23 0.9 -0.63</i>
                <i>1 0 0 0 1 0 0 0 1 2.23 0.9 -0.63</i>
                <i>1 0 0 0 1 0 0 0 1 2.23 0.9 -0.63</i>
                <i>1 0 0 0 1 0 0 0 1 2.23 0.9 -0.63</i>
                <i>1 0 0 0 1 0 0 0 1 2.23 0.9 -0.63</i>
                <i>1 0 0 0 1 0 0 0 1 2.23 0.9 -0.63</i>
                <i>1 0 0 0 1 0 0 0 1 2.23 0.9 -0.63</i>
                <i>1 0 0 0 1 0 0 0 1 2.23 0.9 -0.63</i>
                <i>1 0 0 0 1 0 0 0 1 2.23 0.9 -0.63</i>
                <i>1 0 0 0 1 0 0 0 1 2.23 0.9 -0.63</i>
                <i>1 0 0 0 1 0 0 0 1 2.23 0.9 -0.63</i>
                <i>1 0 0 0 1 0 0 0 1 2.23 0.9 -0.63</i>
                <i>1 0 0 0 1 0 0 0 1 2.23 0.9 -0.63</i>
                <i>1 0 0 0 1 0 0 0 1 2.23 0.9 -0.63</i>
                <i>1 0 0 0 1 0 0 0 1 2.23 0.9 -0.63</i>
                <i>1 0 0 0 1 0 0 0 1 2.23 0.9 -0.63</i>
                <i>1 0 0 0 1 0 0 0 1 2.23 0.9 -0.63</i>
                <i>1 0 0 0 1 0 0 0 1 2.23 0.9 -0.63</i>
                <i>1 0 0 0 1 0 0 0 1 2.23 0.9 -0.63</i>
                <i>1 0 0 0 1 0 0 0 1 2.23 0.9 -0.63</i>
                <i>1 0 0 0 1 0 0 0 1 2.23 0.9 -0.63</i>
                <i>1 0 0 0 1 0 0 0 1 2.23 0.9 -0.63</i>
                <i>1 0 0 0 1 0 0 0 1 2.23 0.9 -0.63</i>
                <i>1 0 0 0 1 0 0 0 1 2.23 0.9 -0.63</i>
                <i>1 0 0 0 1 0 0 0 1 2.23 0.9 -0.63</i>
            </KeyFrames>
        </RefFrame>
        <Bones count="23">
            <i>
                <p>
                    <Name><![CDATA[pelvis]]></Name>
                    <Exclude>0</Exclude>
                    <Additive>0</Additive>
                    <IKPriority>0</IKPriority>
                    <IKRotLimits>-1e+010 -1e+010 -1e+010 1e+010 1e+010 1e+010</IKRotLimits>
                    <IKRotLimitOrder>2</IKRotLimitOrder>
                    <KeyFrames count="97">
                        <i>1 0 0 0 1 0 0 0 1 1.84984 1.55636 -0.513593</i>
                        <i>1 0 0 0 1 0 0 0 1 1.84984 1.55632 -0.513593</i>
                        <i>1 0 0 0 1 0 0 0 1 1.84984 1.55621 -0.513593</i>
                        <i>1 0 0 0 1 0 0 0 1 1.84984 1.55604 -0.513593</i>
                        <i>1 0 0 0 1 0 0 0 1 1.84984 1.55579 -0.513593</i>
                        <i>1 0 0 0 1 0 0 0 1 1.84984 1.55548 -0.513593</i>
                        <i>1 0 0 0 1 0 0 0 1 1.84984 1.55512 -0.513593</i>
                        <i>1 0 0 0 1 0 0 0 1 1.84984 1.55469 -0.513593</i>
                        <i>1 0 0 0 1 0 0 0 1 1.84984 1.55421 -0.513593</i>
                        <i>1 0 0 0 1 0 0 0 1 1.84984 1.55369 -0.513593</i>
                        <i>1 0 0 0 1 0 0 0 1 1.84984 1.55311 -0.513593</i>
                        <i>1 0 0 0 1 0 0 0 1 1.84984 1.55249 -0.513593</i>
                        <i>1 0 0 0 1 0 0 0 1 1.84984 1.55183 -0.513593</i>
                        <i>1 0 0 0 1 0 0 0 1 1.84984 1.55113 -0.513593</i>
                        <i>1 0 0 0 1 0 0 0 1 1.84984 1.5504 -0.513593</i>
                        <i>1 0 0 0 1 0 0 0 1 1.84984 1.54964 -0.513593</i>
                        <i>1 0 0 0 1 0 0 0 1 1.84984 1.54885 -0.513593</i>
                        <i>1 0 0 0 1 0 0 0 1 1.84984 1.54803 -0.513593</i>
                        <i>1 0 0 0 1 0 0 0 1 1.84984 1.54719 -0.513593</i>
                        <i>1 0 0 0 1 0 0 0 1 1.84984 1.54633 -0.513593</i>
                        <i>1 0 0 0 1 0 0 0 1 1.84984 1.54546 -0.513593</i>
                        <i>1 0 0 0 1 0 0 0 1 1.84984 1.54457 -0.513593</i>
                        <i>1 0 0 0 1 0 0 0 1 1.84984 1.54367 -0.513593</i>
                        <i>1 0 0 0 1 0 0 0 1 1.84984 1.54277 -0.513593</i>
                        <i>1 0 0 0 1 0 0 0 1 1.84984 1.54187 -0.513593</i>
                        <i>1 0 0 0 1 0 0 0 1 1.84984 1.54096 -0.513593</i>
                        <i>1 0 0 0 1 0 0 0 1 1.84984 1.54006 -0.513593</i>
                        <i>1 0 0 0 1 0 0 0 1 1.84984 1.53916 -0.513593</i>
                        <i>1 0 0 0 1 0 0 0 1 1.84984 1.53828 -0.513593</i>
                        <i>1 0 0 0 1 0 0 0 1 1.84984 1.5374 -0.513593</i>
                        <i>1 0 0 0 1 0 0 0 1 1.84984 1.53654 -0.513593</i>
                        <i>1 0 0 0 1 0 0 0 1 1.84984 1.53571 -0.513593</i>
                        <i>1 0 0 0 1 0 0 0 1 1.84984 1.53489 -0.513593</i>
                        <i>1 0 0 0 1 0 0 0 1 1.84984 1.5341 -0.513593</i>
                        <i>1 0 0 0 1 0 0 0 1 1.84984 1.53333 -0.513593</i>
                        <i>1 0 0 0 1 0 0 0 1 1.84984 1.5326 -0.513593</i>
                        <i>1 0 0 0 1 0 0 0 1 1.84984 1.5319 -0.513593</i>
                        <i>1 0 0 0 1 0 0 0 1 1.84984 1.53124 -0.513593</i>
                        <i>1 0 0 0 1 0 0 0 1 1.84984 1.53062 -0.513593</i>
                        <i>1 0 0 0 1 0 0 0 1 1.84984 1.53005 -0.513593</i>
                        <i>1 0 0 0 1 0 0 0 1 1.84984 1.52952 -0.513593</i>
                        <i>1 0 0 0 1 0 0 0 1 1.84984 1.52904 -0.513593</i>
                        <i>1 0 0 0 1 0 0 0 1 1.84984 1.52862 -0.513593</i>
                        <i>1 0 0 0 1 0 0 0 1 1.84984 1.52825 -0.513593</i>
                        <i>1 0 0 0 1 0 0 0 1 1.84984 1.52794 -0.513593</i>
                        <i>1 0 0 0 1 0 0 0 1 1.84984 1.5277 -0.513593</i>
                        <i>1 0 0 0 1 0 0 0 1 1.84984 1.52752 -0.513593</i>
                        <i>1 0 0 0 1 0 0 0 1 1.84984 1.52741 -0.513593</i>
                        <i>1 0 0 0 1 0 0 0 1 1.84984 1.52737 -0.513593</i>
                        <i>1 0 0 0 1 0 0 0 1 1.84984 1.52741 -0.513593</i>
                        <i>1 0 0 0 1 0 0 0 1 1.84984 1.52752 -0.513593</i>
                        <i>1 0 0 0 1 0 0 0 1 1.84984 1.5277 -0.513593</i>
                        <i>1 0 0 0 1 0 0 0 1 1.84984 1.52794 -0.513593</i>
                        <i>1 0 0 0 1 0 0 0 1 1.84984 1.52825 -0.513593</i>
                        <i>1 0 0 0 1 0 0 0 1 1.84984 1.52862 -0.513593</i>
                        <i>1 0 0 0 1 0 0 0 1 1.84984 1.52904 -0.513593</i>
                        <i>1 0 0 0 1 0 0 0 1 1.84984 1.52952 -0.513593</i>
                        <i>1 0 0 0 1 0 0 0 1 1.84984 1.53005 -0.513593</i>
                        <i>1 0 0 0 1 0 0 0 1 1.84984 1.53062 -0.513593</i>
                        <i>1 0 0 0 1 0 0 0 1 1.84984 1.53124 -0.513593</i>
                        <i>1 0 0 0 1 0 0 0 1 1.84984 1.5319 -0.513593</i>
                        <i>1 0 0 0 1 0 0 0 1 1.84984 1.5326 -0.513593</i>
                        <i>1 0 0 0 1 0 0 0 1 1.84984 1.53333 -0.513593</i>
                        <i>1 0 0 0 1 0 0 0 1 1.84984 1.5341 -0.513593</i>
                        <i>1 0 0 0 1 0 0 0 1 1.84984 1.53489 -0.513593</i>
                        <i>1 0 0 0 1 0 0 0 1 1.84984 1.53571 -0.513593</i>
                        <i>1 0 0 0 1 0 0 0 1 1.84984 1.53654 -0.513593</i>
                        <i>1 0 0 0 1 0 0 0 1 1.84984 1.5374 -0.513593</i>
                        <i>1 0 0 0 1 0 0 0 1 1.84984 1.53828 -0.513593</i>
                        <i>1 0 0 0 1 0 0 0 1 1.84984 1.53916 -0.513593</i>
                        <i>1 0 0 0 1 0 0 0 1 1.84984 1.54006 -0.513593</i>
                        <i>1 0 0 0 1 0 0 0 1 1.84984 1.54096 -0.513593</i>
                        <i>1 0 0 0 1 0 0 0 1 1.84984 1.54187 -0.513593</i>
                        <i>1 0 0 0 1 0 0 0 1 1.84984 1.54277 -0.513593</i>
                        <i>1 0 0 0 1 0 0 0 1 1.84984 1.54367 -0.513593</i>
                        <i>1 0 0 0 1 0 0 0 1 1.84984 1.54457 -0.513593</i>
                        <i>1 0 0 0 1 0 0 0 1 1.84984 1.54546 -0.513593</i>
                        <i>1 0 0 0 1 0 0 0 1 1.84984 1.54633 -0.513593</i>
                        <i>1 0 0 0 1 0 0 0 1 1.84984 1.54719 -0.513593</i>
                        <i>1 0 0 0 1 0 0 0 1 1.84984 1.54803 -0.513593</i>
                        <i>1 0 0 0 1 0 0 0 1 1.84984 1.54885 -0.513593</i>
                        <i>1 0 0 0 1 0 0 0 1 1.84984 1.54964 -0.513593</i>
                        <i>1 0 0 0 1 0 0 0 1 1.84984 1.5504 -0.513593</i>
                        <i>1 0 0 0 1 0 0 0 1 1.84984 1.55113 -0.513593</i>
                        <i>1 0 0 0 1 0 0 0 1 1.84984 1.55183 -0.513593</i>
                        <i>1 0 0 0 1 0 0 0 1 1.84984 1.55249 -0.513593</i>
                        <i>1 0 0 0 1 0 0 0 1 1.84984 1.55311 -0.513593</i>
                        <i>1 0 0 0 1 0 0 0 1 1.84984 1.55369 -0.513593</i>
                        <i>1 0 0 0 1 0 0 0 1 1.84984 1.55421 -0.513593</i>
                        <i>1 0 0 0 1 0 0 0 1 1.84984 1.55469 -0.513593</i>
                        <i>1 0 0 0 1 0 0 0 1 1.84984 1.55512 -0.513593</i>
                        <i>1 0 0 0 1 0 0 0 1 1.84984 1.55548 -0.513593</i>
                        <i>1 0 0 0 1 0 0 0 1 1.84984 1.55579 -0.513593</i>
                        <i>1 0 0 0 1 0 0 0 1 1.84984 1.55604 -0.513593</i>
                        <i>1 0 0 0 1 0 0 0 1 1.84984 1.55621 -0.513593</i>
                        <i>1 0 0 0 1 0 0 0 1 1.84984 1.55632 -0.513593</i>
                        <i>1 0 0 0 1 0 0 0 1 1.84984 1.55636 -0.513593</i>
                    </KeyFrames>
                </p>
            </i>
            <i>
                <p>
                    <Name><![CDATA[spine0]]></Name>
                    <Exclude>0</Exclude>
                    <Additive>0</Additive>
                    <IKPriority>0</IKPriority>
                    <IKRotLimits>-1e+010 -1e+010 -1e+010 1e+010 1e+010 1e+010</IKRotLimits>
                    <IKRotLimitOrder>0</IKRotLimitOrder>
                    <KeyFrames count="97">
                        <i>0.0241599 0.960383 0.277635 -0.988486 -0.0185463 0.150173 0.149372 -0.278067 0.948877 1.8635 1.69733 -0.538834</i>
                        <i>0.024369 0.960425 0.277472 -0.988484 -0.0183169 0.150215 0.149353 -0.277937 0.948918 1.86367 1.69727 -0.538864</i>
                        <i>0.0245928 0.960456 0.277342 -0.988481 -0.0180785 0.150259 0.149331 -0.277843 0.948949 1.86384 1.69714 -0.538895</i>
                        <i>0.0248464 0.960457 0.277319 -0.988479 -0.0178273 0.150305 0.149305 -0.277859 0.948948 1.86402 1.69694 -0.538927</i>
                        <i>0.0251035 0.960459 0.277289 -0.988476 -0.0175717 0.150352 0.14928 -0.277868 0.948949 1.8642 1.69667 -0.53896</i>
                        <i>0.0253632 0.960462 0.277253 -0.988474 -0.0173124 0.1504 0.149253 -0.277872 0.948952 1.86438 1.69634 -0.538993</i>
                        <i>0.0256249 0.960467 0.277211 -0.988471 -0.0170504 0.150448 0.149227 -0.27787 0.948957 1.86457 1.69594 -0.539026</i>
                        <i>0.0258876 0.960474 0.277163 -0.988468 -0.0167865 0.150497 0.149201 -0.277863 0.948963 1.86476 1.69549 -0.539061</i>
                        <i>0.0261507 0.960482 0.27711 -0.988465 -0.0165215 0.150545 0.149174 -0.277851 0.948971 1.86495 1.69499 -0.539095</i>
                        <i>0.0264133 0.960492 0.277053 -0.988462 -0.0162563 0.150594 0.149148 -0.277834 0.94898 1.86514 1.69443 -0.53913</i>
                        <i>0.0266746 0.960502 0.276991 -0.988459 -0.0159917 0.150643 0.149122 -0.277813 0.94899 1.86533 1.69383 -0.539164</i>
                        <i>0.0269338 0.960514 0.276926 -0.988456 -0.0157285 0.150691 0.149097 -0.277788 0.949002 1.86552 1.69319 -0.539199</i>
                        <i>0.0271902 0.960526 0.276857 -0.988453 -0.0154675 0.150739 0.149071 -0.277759 0.949014 1.86571 1.6925 -0.539233</i>
                        <i>0.027443 0.96054 0.276785 -0.988449 -0.0152096 0.150786 0.149046 -0.277726 0.949028 1.86589 1.69177 -0.539267</i>
                        <i>0.0276915 0.960554 0.276711 -0.988446 -0.0149555 0.150833 0.149022 -0.277691 0.949042 1.86608 1.69101 -0.539301</i>
                        <i>0.0279348 0.960569 0.276634 -0.988443 -0.0147061 0.150879 0.148998 -0.277652 0.949057 1.86626 1.69022 -0.539334</i>
                        <i>0.0281706 0.960588 0.276544 -0.98844 -0.014462 0.150924 0.148975 -0.277599 0.949076 1.86644 1.6894 -0.539366</i>
                        <i>0.0284008 0.960606 0.276459 -0.988436 -0.0142242 0.150967 0.148952 -0.27755 0.949094 1.86661 1.68856 -0.539398</i>
                        <i>0.0286248 0.960622 0.276381 -0.988433 -0.0139935 0.15101 0.148931 -0.277507 0.94911 1.86677 1.6877 -0.539428</i>
                        <i>0.0288418 0.960636 0.276309 -0.98843 -0.0137706 0.151051 0.14891 -0.277469 0.949124 1.86693 1.68681 -0.539458</i>
                        <i>0.0290511 0.960648 0.276244 -0.988427 -0.0135563 0.15109 0.148889 -0.277437 0.949137 1.86709 1.68591 -0.539486</i>
                        <i>0.029252 0.960659 0.276187 -0.988424 -0.0133513 0.151127 0.148869 -0.277411 0.949148 1.86723 1.685 -0.539513</i>
                        <i>0.0294439 0.960667 0.276138 -0.988421 -0.0131564 0.151163 0.14885 -0.277392 0.949156 1.86737 1.68409 -0.539539</i>
                        <i>0.029626 0.960673 0.276098 -0.988419 -0.0129724 0.151197 0.148832 -0.277379 0.949163 1.8675 1.68316 -0.539563</i>
                        <i>0.0297976 0.960677 0.276066 -0.988416 -0.0128 0.151228 0.148815 -0.277375 0.949167 1.86762 1.68224 -0.539585</i>
                        <i>0.0299584 0.960677 0.276046 -0.988414 -0.01264 0.151258 0.148799 -0.27738 0.949168 1.86773 1.68132 -0.539606</i>
                        <i>0.030108 0.960674 0.276041 -0.988411 -0.0124931 0.151285 0.148784 -0.277397 0.949165 1.86783 1.6804 -0.539624</i>
                        <i>0.0302454 0.960667 0.276052 -0.988409 -0.0123604 0.151309 0.14877 -0.277428 0.949158 1.86792 1.67949 -0.539641</i>
                        <i>0.0303693 0.960656 0.276075 -0.988407 -0.012243 0.151331 0.148757 -0.27747 0.949148 1.868 1.67859 -0.539655</i>
                        <i>0.0304782 0.960643 0.27611 -0.988406 -0.012142 0.151349 0.148745 -0.277522 0.949135 1.86806 1.6777 -0.539667</i>
                        <i>0.0305711 0.960626 0.276156 -0.988405 -0.0120584 0.151364 0.148735 -0.277582 0.949119 1.86812 1.67684 -0.539677</i>
                        <i>0.0306466 0.960608 0.276212 -0.988403 -0.0119932 0.151376 0.148726 -0.277649 0.949101 1.86815 1.67599 -0.539684</i>
                        <i>0.0307035 0.960587 0.276278 -0.988403 -0.0119476 0.151385 0.148719 -0.277721 0.94908 1.86818 1.67517 -0.539688</i>
                        <i>0.0307405 0.960565 0.27635 -0.988402 -0.0119227 0.151389 0.148714 -0.277799 0.949058 1.86818 1.67438 -0.539689</i>
                        <i>0.0307566 0.960542 0.27643 -0.988402 -0.0119191 0.15139 0.148711 -0.277881 0.949035 1.86818 1.67361 -0.539688</i>
                        <i>0.0307522 0.960517 0.276516 -0.988403 -0.0119365 0.151387 0.14871 -0.277964 0.949011 1.86815 1.67289 -0.539684</i>
                        <i>0.0307281 0.960492 0.276606 -0.988403 -0.0119739 0.15138 0.148711 -0.27805 0.948985 1.86812 1.67219 -0.539677</i>
                        <i>0.0306847 0.960466 0.2767 -0.988404 -0.0120307 0.151369 0.148714 -0.278136 0.94896 1.86806 1.67154 -0.539667</i>
                        <i>0.0306229 0.96044 0.276797 -0.988405 -0.0121058 0.151356 0.148719 -0.278223 0.948934 1.868 1.67093 -0.539655</i>
                        <i>0.0305433 0.960415 0.276895 -0.988407 -0.0121987 0.151339 0.148726 -0.278308 0.948908 1.86792 1.67037 -0.539641</i>
                        <i>0.0304465 0.960389 0.276995 -0.988408 -0.0123084 0.151319 0.148734 -0.278391 0.948882 1.86783 1.66986 -0.539624</i>
                        <i>0.0303334 0.960364 0.277095 -0.98841 -0.0124342 0.151295 0.148744 -0.278473 0.948856 1.86773 1.6694 -0.539606</i>
                        <i>0.0302046 0.960339 0.277195 -0.988413 -0.0125753 0.15127 0.148756 -0.278552 0.948831 1.86762 1.66899 -0.539585</i>
                        <i>0.030061 0.960314 0.277296 -0.988415 -0.012731 0.151241 0.148769 -0.27863 0.948806 1.8675 1.66864 -0.539563</i>
                        <i>0.0299033 0.96029 0.277396 -0.988417 -0.0129004 0.15121 0.148784 -0.278704 0.948782 1.86737 1.66835 -0.539539</i>
                        <i>0.0297321 0.960267 0.277495 -0.98842 -0.0130827 0.151177 0.1488 -0.278776 0.948758 1.86723 1.66813 -0.539513</i>
                        <i>0.0295483 0.960244 0.277593 -0.988423 -0.0132772 0.151141 0.148818 -0.278845 0.948735 1.86709 1.66798 -0.539486</i>
                        <i>0.0293526 0.960222 0.277689 -0.988426 -0.0134832 0.151103 0.148837 -0.27891 0.948713 1.86693 1.66789 -0.539458</i>
                        <i>0.0291458 0.960202 0.277783 -0.988429 -0.0136996 0.151064 0.148857 -0.278972 0.948692 1.86677 1.66788 -0.539428</i>
                        <i>0.0289267 0.960185 0.277862 -0.988432 -0.0139256 0.151022 0.148879 -0.279016 0.948675 1.86661 1.66794 -0.539398</i>
                        <i>0.0286946 0.960178 0.277913 -0.988436 -0.0141601 0.150979 0.148902 -0.279031 0.948667 1.86644 1.66808 -0.539366</i>
                        <i>0.0284552 0.960172 0.277957 -0.988439 -0.0144008 0.150935 0.148926 -0.279039 0.948661 1.86626 1.66828 -0.539334</i>
                        <i>0.0282139 0.960162 0.278017 -0.988442 -0.0146456 0.15089 0.148951 -0.279061 0.948651 1.86608 1.66855 -0.539301</i>
                        <i>0.0279712 0.960148 0.27809 -0.988445 -0.0148939 0.150844 0.148975 -0.279096 0.948637 1.86589 1.66889 -0.539267</i>
                        <i>0.0277277 0.96013 0.278176 -0.988449 -0.0151449 0.150798 0.148999 -0.279144 0.948619 1.86571 1.66928 -0.539233</i>
                        <i>0.0274838 0.960109 0.278273 -0.988452 -0.0153981 0.150752 0.149023 -0.279203 0.948598 1.86552 1.66974 -0.539199</i>
                        <i>0.0272401 0.960084 0.278381 -0.988455 -0.0156526 0.150705 0.149047 -0.279272 0.948574 1.86533 1.67024 -0.539164</i>
                        <i>0.0269971 0.960058 0.278497 -0.988458 -0.0159077 0.150658 0.149071 -0.27935 0.948547 1.86514 1.6708 -0.53913</i>
                        <i>0.0267554 0.960028 0.278621 -0.988461 -0.0161629 0.150611 0.149094 -0.279436 0.948518 1.86495 1.6714 -0.539095</i>
                        <i>0.0265155 0.959997 0.278752 -0.988464 -0.0164173 0.150565 0.149118 -0.279529 0.948487 1.86476 1.67204 -0.539061</i>
                        <i>0.026278 0.959964 0.278888 -0.988467 -0.0166702 0.150518 0.149141 -0.279627 0.948454 1.86457 1.67273 -0.539026</i>
                        <i>0.0260433 0.95993 0.279029 -0.988469 -0.016921 0.150472 0.149164 -0.27973 0.94842 1.86438 1.67345 -0.538993</i>
                        <i>0.0258121 0.959894 0.279172 -0.988472 -0.0171688 0.150426 0.149186 -0.279836 0.948385 1.8642 1.67421 -0.53896</i>
                        <i>0.0255849 0.959858 0.279317 -0.988475 -0.017413 0.150381 0.149209 -0.279945 0.94835 1.86402 1.675 -0.538927</i>
                        <i>0.0253618 0.959823 0.279459 -0.988477 -0.0176527 0.150337 0.14923 -0.280051 0.948315 1.86384 1.67581 -0.538895</i>
                        <i>0.0251428 0.959789 0.279593 -0.988479 -0.0178873 0.150294 0.149252 -0.280151 0.948282 1.86367 1.67665 -0.538864</i>
                        <i>0.0249287 0.959758 0.279719 -0.988482 -0.0181159 0.150252 0.149273 -0.280243 0.948252 1.8635 1.67751 -0.538834</i>
                        <i>0.0247199 0.95973 0.279836 -0.988484 -0.0183377 0.150211 0.149294 -0.280326 0.948224 1.86334 1.67839 -0.538805</i>
                        <i>0.0245171 0.959704 0.279942 -0.988486 -0.0185522 0.150172 0.149314 -0.280401 0.948199 1.86319 1.67929 -0.538778</i>
                        <i>0.024321 0.959681 0.280037 -0.988488 -0.0187584 0.150134 0.149334 -0.280465 0.948177 1.86304 1.68019 -0.538751</i>
                        <i>0.0241321 0.959662 0.28012 -0.98849 -0.0189556 0.150097 0.149353 -0.280518 0.948158 1.8629 1.68111 -0.538726</i>
                        <i>0.023951 0.959646 0.280189 -0.988491 -0.0191432 0.150063 0.149371 -0.280559 0.948143 1.86277 1.68202 -0.538703</i>
                        <i>0.0237783 0.959634 0.280244 -0.988493 -0.0193203 0.15003 0.149389 -0.280587 0.948132 1.86265 1.68294 -0.538681</i>
                        <i>0.0236144 0.959627 0.280282 -0.988494 -0.0194862 0.15 0.149405 -0.280599 0.948125 1.86254 1.68386 -0.538662</i>
                        <i>0.0234594 0.959626 0.280297 -0.988495 -0.01964 0.149971 0.149421 -0.280591 0.948126 1.86244 1.68478 -0.538644</i>
                        <i>0.0233139 0.959633 0.280288 -0.988496 -0.0197806 0.149945 0.149437 -0.280559 0.948133 1.86235 1.68568 -0.538628</i>
                        <i>0.0231798 0.959645 0.280256 -0.988497 -0.0199067 0.149922 0.149451 -0.280507 0.948146 1.86227 1.68658 -0.538614</i>
                        <i>0.0230587 0.959664 0.280203 -0.988498 -0.0200169 0.149902 0.149464 -0.280437 0.948164 1.8622 1.68746 -0.538602</i>
                        <i>0.0229521 0.959687 0.280132 -0.988499 -0.02011 0.149885 0.149476 -0.280351 0.948188 1.86215 1.68833 -0.538593</i>
                        <i>0.0228618 0.959715 0.280044 -0.9885 -0.0201847 0.149871 0.149486 -0.28025 0.948216 1.86211 1.68917 -0.538587</i>
                        <i>0.0227894 0.959747 0.279941 -0.9885 -0.0202396 0.149861 0.149494 -0.280137 0.948248 1.86209 1.68999 -0.538582</i>
                        <i>0.0227364 0.959782 0.279825 -0.9885 -0.0202734 0.149854 0.149501 -0.280014 0.948284 1.86208 1.69078 -0.538581</i>
                        <i>0.0227041 0.95982 0.279697 -0.9885 -0.0202853 0.149852 0.149505 -0.279883 0.948322 1.86209 1.69155 -0.538582</i>
                        <i>0.0226924 0.95986 0.279559 -0.9885 -0.0202755 0.149854 0.149507 -0.279745 0.948362 1.86211 1.69228 -0.538587</i>
                        <i>0.0227008 0.959902 0.279414 -0.9885 -0.020245 0.14986 0.149507 -0.279603 0.948404 1.86215 1.69297 -0.538593</i>
                        <i>0.0227287 0.959945 0.279264 -0.9885 -0.0201945 0.149869 0.149506 -0.279458 0.948447 1.8622 1.69362 -0.538602</i>
                        <i>0.0227758 0.959989 0.279109 -0.988499 -0.0201248 0.149882 0.149502 -0.279313 0.94849 1.86227 1.69423 -0.538614</i>
                        <i>0.0228414 0.960033 0.278953 -0.988498 -0.0200367 0.149898 0.149496 -0.279169 0.948533 1.86235 1.6948 -0.538628</i>
                        <i>0.0229251 0.960076 0.278797 -0.988498 -0.0199309 0.149918 0.149489 -0.279027 0.948576 1.86244 1.69532 -0.538644</i>
                        <i>0.023026 0.960119 0.278641 -0.988497 -0.0198084 0.14994 0.14948 -0.278888 0.948618 1.86254 1.69578 -0.538662</i>
                        <i>0.0231436 0.960161 0.278487 -0.988496 -0.0196698 0.149966 0.149469 -0.278754 0.94866 1.86265 1.69619 -0.538681</i>
                        <i>0.0232771 0.960202 0.278335 -0.988494 -0.019516 0.149994 0.149457 -0.278624 0.9487 1.86277 1.69655 -0.538703</i>
                        <i>0.0234259 0.960242 0.278185 -0.988493 -0.0193477 0.150025 0.149443 -0.278499 0.948739 1.8629 1.69684 -0.538726</i>
                        <i>0.0235893 0.96028 0.27804 -0.988491 -0.0191658 0.150059 0.149427 -0.27838 0.948776 1.86304 1.69706 -0.538751</i>
                        <i>0.0237665 0.960316 0.277899 -0.98849 -0.0189711 0.150095 0.14941 -0.278268 0.948812 1.86319 1.69722 -0.538778</i>
                        <i>0.023957 0.960351 0.277764 -0.988488 -0.0187643 0.150133 0.149392 -0.278163 0.948845 1.86334 1.69731 -0.538805</i>
                        <i>0.0241599 0.960383 0.277635 -0.988486 -0.0185463 0.150173 0.149372 -0.278067 0.948877 1.8635 1.69733 -0.538834</i>
                    </KeyFrames>
                </p>
            </i>
            <i>
                <p>
                    <Name><![CDATA[spine1]]></Name>
                    <Exclude>0</Exclude>
                    <Additive>0</Additive>
                    <IKPriority>0</IKPriority>
                    <IKRotLimits>-1e+010 -1e+010 -1e+010 1e+010 1e+010 1e+010</IKRotLimits>
                    <IKRotLimitOrder>0</IKRotLimitOrder>
                    <KeyFrames count="97">
                        <i>-0.081969 0.846304 0.526355 -0.981473 -0.160318 0.104924 0.173182 -0.508003 0.843766 1.8677 1.86428 -0.490585</i>
                        <i>-0.0830365 0.846682 0.52558 -0.981331 -0.16128 0.104773 0.173475 -0.507068 0.844268 1.8679 1.86424 -0.490641</i>
                        <i>-0.0841188 0.84703 0.524847 -0.981186 -0.162266 0.104617 0.173778 -0.506172 0.844743 1.86812 1.86412 -0.490691</i>
                        <i>-0.0851702 0.847257 0.524311 -0.98104 -0.163253 0.104446 0.174088 -0.505474 0.845097 1.86834 1.86393 -0.490724</i>
                        <i>-0.0862508 0.847502 0.523738 -0.980889 -0.164266 0.104276 0.174407 -0.504735 0.845473 1.86856 1.86368 -0.490758</i>
                        <i>-0.0873558 0.847761 0.523135 -0.980733 -0.1653 0.104107 0.174732 -0.503962 0.845867 1.86879 1.86336 -0.490794</i>
                        <i>-0.0884803 0.848031 0.522507 -0.980573 -0.16635 0.103939 0.175063 -0.50316 0.846276 1.86902 1.86298 -0.490832</i>
                        <i>-0.0896193 0.848311 0.52186 -0.98041 -0.167413 0.103772 0.175397 -0.502337 0.846696 1.86926 1.86254 -0.490871</i>
                        <i>-0.0907682 0.848595 0.521197 -0.980244 -0.168483 0.103606 0.175733 -0.501497 0.847124 1.8695 1.86205 -0.490911</i>
                        <i>-0.0919219 0.848883 0.520527 -0.980077 -0.169557 0.103441 0.176068 -0.500647 0.847556 1.86973 1.86151 -0.490952</i>
                        <i>-0.0930756 0.84917 0.519852 -0.979908 -0.17063 0.103277 0.176403 -0.499795 0.84799 1.86997 1.86092 -0.490993</i>
                        <i>-0.0942246 0.849455 0.51918 -0.979738 -0.171699 0.103114 0.176733 -0.498945 0.848422 1.8702 1.86029 -0.491035</i>
                        <i>-0.095364 0.849733 0.518516 -0.979569 -0.172757 0.102951 0.177059 -0.498105 0.848847 1.87044 1.85962 -0.491078</i>
                        <i>-0.096489 0.850003 0.517865 -0.979401 -0.173802 0.102789 0.177378 -0.49728 0.849264 1.87067 1.85891 -0.49112</i>
                        <i>-0.0975948 0.850262 0.517233 -0.979236 -0.174829 0.102627 0.177688 -0.496477 0.849669 1.87089 1.85817 -0.491162</i>
                        <i>-0.0986766 0.850506 0.516626 -0.979073 -0.175834 0.102465 0.177988 -0.495703 0.850058 1.87112 1.8574 -0.491205</i>
                        <i>-0.0997245 0.850715 0.51608 -0.978916 -0.176807 0.102291 0.178267 -0.494998 0.85041 1.87134 1.8566 -0.491248</i>
                        <i>-0.100742 0.850916 0.515551 -0.978762 -0.177752 0.102123 0.178538 -0.494313 0.850752 1.87155 1.85577 -0.49129</i>
                        <i>-0.101725 0.851108 0.515041 -0.978612 -0.178666 0.101962 0.178801 -0.493654 0.851079 1.87175 1.85493 -0.49133</i>
                        <i>-0.102668 0.851287 0.514558 -0.978468 -0.179543 0.101807 0.179052 -0.493026 0.85139 1.87195 1.85406 -0.491368</i>
                        <i>-0.103567 0.851451 0.514106 -0.978329 -0.180381 0.101658 0.179292 -0.492437 0.851681 1.87214 1.85318 -0.491403</i>
                        <i>-0.104417 0.851598 0.51369 -0.978198 -0.181174 0.101515 0.179518 -0.491891 0.851949 1.87232 1.85229 -0.491435</i>
                        <i>-0.105213 0.851726 0.513316 -0.978074 -0.181919 0.101379 0.179729 -0.491394 0.852191 1.8725 1.85139 -0.491465</i>
                        <i>-0.105951 0.851832 0.512988 -0.977958 -0.182611 0.101247 0.179923 -0.490954 0.852404 1.87266 1.85048 -0.491492</i>
                        <i>-0.106626 0.851914 0.512713 -0.977852 -0.183247 0.101121 0.180099 -0.490575 0.852584 1.87281 1.84957 -0.491516</i>
                        <i>-0.107234 0.851968 0.512495 -0.977757 -0.183822 0.101 0.180257 -0.490265 0.85273 1.87295 1.84866 -0.491536</i>
                        <i>-0.107769 0.851993 0.512341 -0.977672 -0.184333 0.100886 0.180396 -0.490029 0.852836 1.87308 1.84776 -0.491552</i>
                        <i>-0.108229 0.851989 0.512252 -0.9776 -0.184778 0.100778 0.180515 -0.48987 0.852902 1.87319 1.84686 -0.491563</i>
                        <i>-0.108612 0.851958 0.512222 -0.977539 -0.185152 0.100679 0.180613 -0.489782 0.852931 1.87329 1.84597 -0.49157</i>
                        <i>-0.108915 0.851902 0.51225 -0.977491 -0.185455 0.100589 0.180691 -0.489764 0.852925 1.87337 1.84509 -0.491573</i>
                        <i>-0.109135 0.851824 0.512332 -0.977456 -0.185683 0.100509 0.180747 -0.489813 0.852885 1.87344 1.84423 -0.491571</i>
                        <i>-0.109272 0.851726 0.512467 -0.977434 -0.185833 0.100441 0.180782 -0.489928 0.852812 1.87349 1.84339 -0.491566</i>
                        <i>-0.109321 0.851608 0.512652 -0.977427 -0.185903 0.100386 0.180793 -0.490106 0.852708 1.87352 1.84258 -0.491557</i>
                        <i>-0.109281 0.851473 0.512885 -0.977433 -0.185889 0.100345 0.180781 -0.490345 0.852573 1.87354 1.84178 -0.491544</i>
                        <i>-0.109149 0.851323 0.513163 -0.977455 -0.185791 0.100319 0.180745 -0.490643 0.852409 1.87353 1.84102 -0.491528</i>
                        <i>-0.10893 0.851158 0.513483 -0.97749 -0.185611 0.100307 0.180685 -0.490998 0.852217 1.87351 1.84029 -0.491508</i>
                        <i>-0.108627 0.850978 0.513844 -0.977539 -0.185352 0.100309 0.180603 -0.491407 0.851999 1.87347 1.8396 -0.491485</i>
                        <i>-0.108245 0.850785 0.514244 -0.977601 -0.185019 0.100324 0.180499 -0.491866 0.851756 1.87341 1.83894 -0.491459</i>
                        <i>-0.107786 0.85058 0.51468 -0.977674 -0.184614 0.100352 0.180374 -0.492373 0.851489 1.87333 1.83832 -0.491431</i>
                        <i>-0.107256 0.850363 0.51515 -0.97776 -0.184142 0.10039 0.180229 -0.492925 0.8512 1.87324 1.83775 -0.4914</i>
                        <i>-0.106659 0.850134 0.515651 -0.977855 -0.183606 0.100441 0.180064 -0.493519 0.850891 1.87314 1.83723 -0.491368</i>
                        <i>-0.105999 0.849898 0.516177 -0.977961 -0.18301 0.100502 0.179882 -0.494147 0.850565 1.87302 1.83676 -0.491334</i>
                        <i>-0.10528 0.849654 0.516725 -0.978075 -0.182358 0.100575 0.179683 -0.494807 0.850224 1.87288 1.83634 -0.491298</i>
                        <i>-0.104506 0.849405 0.517291 -0.978197 -0.181655 0.10066 0.179469 -0.495493 0.849869 1.87274 1.83598 -0.49126</i>
                        <i>-0.103683 0.849153 0.51787 -0.978326 -0.180903 0.100756 0.179241 -0.496199 0.849505 1.87258 1.83568 -0.491221</i>
                        <i>-0.102814 0.848899 0.518459 -0.978462 -0.180108 0.100863 0.179001 -0.496922 0.849133 1.87241 1.83544 -0.491181</i>
                        <i>-0.101904 0.848645 0.519054 -0.978603 -0.179272 0.100982 0.17875 -0.497657 0.848756 1.87223 1.83527 -0.49114</i>
                        <i>-0.100957 0.848394 0.51965 -0.978749 -0.178401 0.101111 0.178488 -0.498399 0.848375 1.87204 1.83517 -0.491098</i>
                        <i>-0.0999772 0.848146 0.520243 -0.978899 -0.177497 0.101252 0.178218 -0.499142 0.847995 1.87185 1.83514 -0.491056</i>
                        <i>-0.0989696 0.847907 0.520825 -0.979052 -0.176563 0.101401 0.177937 -0.49988 0.84762 1.87164 1.83519 -0.491015</i>
                        <i>-0.0979391 0.847681 0.521388 -0.97921 -0.175599 0.101554 0.17764 -0.500602 0.847255 1.87143 1.83531 -0.490979</i>
                        <i>-0.0968777 0.847443 0.521973 -0.979371 -0.174605 0.101708 0.177331 -0.501352 0.846877 1.87121 1.8355 -0.490942</i>
                        <i>-0.0957783 0.84717 0.522618 -0.979538 -0.173581 0.101861 0.17701 -0.502168 0.84646 1.87099 1.83576 -0.490902</i>
                        <i>-0.0946464 0.846867 0.523315 -0.979707 -0.172531 0.102013 0.176679 -0.503041 0.846011 1.87076 1.83608 -0.490859</i>
                        <i>-0.0934874 0.846536 0.524058 -0.97988 -0.171459 0.102164 0.17634 -0.503963 0.845532 1.87053 1.83646 -0.490814</i>
                        <i>-0.0923067 0.846182 0.524839 -0.980054 -0.170371 0.102316 0.175995 -0.504926 0.84503 1.8703 1.8369 -0.490765</i>
                        <i>-0.09111 0.845808 0.525649 -0.980228 -0.169271 0.102468 0.175645 -0.50592 0.844508 1.87007 1.83739 -0.490715</i>
                        <i>-0.0899026 0.84542 0.526482 -0.980403 -0.168164 0.102621 0.175293 -0.506938 0.84397 1.86984 1.83793 -0.490663</i>
                        <i>-0.0886902 0.84502 0.527329 -0.980576 -0.167054 0.102775 0.174939 -0.507971 0.843422 1.8696 1.83852 -0.490609</i>
                        <i>-0.0874782 0.844612 0.528184 -0.980748 -0.165946 0.102931 0.174587 -0.509011 0.842869 1.86937 1.83915 -0.490555</i>
                        <i>-0.0862721 0.844202 0.529038 -0.980917 -0.164846 0.103088 0.174236 -0.510049 0.842314 1.86914 1.83982 -0.490499</i>
                        <i>-0.0850776 0.843792 0.529884 -0.981083 -0.163757 0.103247 0.173891 -0.511076 0.841762 1.86891 1.84053 -0.490443</i>
                        <i>-0.0839001 0.843388 0.530715 -0.981244 -0.162685 0.103407 0.173552 -0.512085 0.841219 1.86869 1.84127 -0.490387</i>
                        <i>-0.0827452 0.842993 0.531522 -0.981401 -0.161634 0.10357 0.173221 -0.513067 0.840688 1.86847 1.84205 -0.490332</i>
                        <i>-0.081617 0.842606 0.53231 -0.981553 -0.160607 0.103731 0.172897 -0.514024 0.84017 1.86825 1.84285 -0.490278</i>
                        <i>-0.0805195 0.842226 0.533078 -0.981699 -0.159608 0.103888 0.17258 -0.514957 0.839664 1.86804 1.84367 -0.490225</i>
                        <i>-0.0794584 0.841857 0.533819 -0.981839 -0.158642 0.10404 0.172273 -0.515858 0.839174 1.86784 1.84452 -0.490176</i>
                        <i>-0.0784395 0.841505 0.534524 -0.981973 -0.157713 0.104188 0.171976 -0.516716 0.838706 1.86764 1.84539 -0.490128</i>
                        <i>-0.0774686 0.841175 0.535186 -0.9821 -0.156827 0.104332 0.171693 -0.517524 0.838266 1.86745 1.84627 -0.490084</i>
                        <i>-0.0765512 0.84087 0.535796 -0.982218 -0.155989 0.104473 0.171426 -0.518271 0.83786 1.86727 1.84717 -0.490044</i>
                        <i>-0.0756933 0.840598 0.536345 -0.982328 -0.155202 0.10461 0.171177 -0.518949 0.837491 1.8671 1.84807 -0.490006</i>
                        <i>-0.0749005 0.840362 0.536826 -0.982429 -0.154474 0.104744 0.170948 -0.519548 0.837166 1.86693 1.84898 -0.489973</i>
                        <i>-0.0741785 0.840167 0.53723 -0.98252 -0.153807 0.104874 0.170742 -0.52006 0.83689 1.86678 1.84989 -0.489944</i>
                        <i>-0.0735332 0.84002 0.537549 -0.9826 -0.153207 0.105001 0.17056 -0.520475 0.836669 1.86664 1.85079 -0.489921</i>
                        <i>-0.0729705 0.839926 0.537773 -0.982669 -0.152678 0.105124 0.170402 -0.520782 0.83651 1.86651 1.8517 -0.489903</i>
                        <i>-0.0724944 0.839887 0.537898 -0.982727 -0.152224 0.10524 0.170271 -0.520977 0.836415 1.8664 1.8526 -0.489891</i>
                        <i>-0.0721067 0.8399 0.53793 -0.982774 -0.151846 0.105349 0.170165 -0.521068 0.836381 1.8663 1.85349 -0.489886</i>
                        <i>-0.0718093 0.83996 0.537875 -0.982809 -0.151547 0.105449 0.170086 -0.521057 0.836403 1.86621 1.85436 -0.489886</i>
                        <i>-0.071604 0.840067 0.537737 -0.982833 -0.151329 0.105538 0.170035 -0.520949 0.836481 1.86614 1.85522 -0.489892</i>
                        <i>-0.071493 0.840215 0.53752 -0.982845 -0.151196 0.105615 0.17001 -0.520748 0.836611 1.86609 1.85606 -0.489904</i>
                        <i>-0.0714781 0.840402 0.537229 -0.982846 -0.151149 0.105679 0.170014 -0.520459 0.83679 1.86605 1.85687 -0.48992</i>
