<?xml version="1.0" encoding="ISO-8859-1" ?>
<Animl Version="1">
    <ModellingPackage><![CDATA[Maya.2010]]></ModellingPackage>
    <SrcFile><![CDATA[anims\turrets\machinegun\blue\~src\mgun_gatling\mgun_gatling_idle_alt_c_crewman_c.mb]]></SrcFile>
    <FramesPerSecond>30</FramesPerSecond>
    <TotalFrames>197</TotalFrames>
    <Skeleton>
        <RefFrame>
            <Name><![CDATA[soldier_ref_frame]]></Name>
            <Exclude>0</Exclude>
            <Additive>0</Additive>
            <IKPriority>0</IKPriority>
            <IKRotLimits>-1e+010 -1e+010 -1e+010 1e+010 1e+010 1e+010</IKRotLimits>
            <IKRotLimitOrder>0</IKRotLimitOrder>
            <KeyFrames count="197">
                <i>1 0 0 0 1 0 0 0 1 -1.71 0.89 -1.77</i>
                <i>1 0 0 0 1 0 0 0 1 -1.71 0.89 -1.77</i>
                <i>1 0 0 0 1 0 0 0 1 -1.71 0.89 -1.77</i>
                <i>1 0 0 0 1 0 0 0 1 -1.71 0.89 -1.77</i>
                <i>1 0 0 0 1 0 0 0 1 -1.71 0.89 -1.77</i>
                <i>1 0 0 0 1 0 0 0 1 -1.71 0.89 -1.77</i>
                <i>1 0 0 0 1 0 0 0 1 -1.71 0.89 -1.77</i>
                <i>1 0 0 0 1 0 0 0 1 -1.71 0.89 -1.77</i>
                <i>1 0 0 0 1 0 0 0 1 -1.71 0.89 -1.77</i>
                <i>1 0 0 0 1 0 0 0 1 -1.71 0.89 -1.77</i>
                <i>1 0 0 0 1 0 0 0 1 -1.71 0.89 -1.77</i>
                <i>1 0 0 0 1 0 0 0 1 -1.71 0.89 -1.77</i>
                <i>1 0 0 0 1 0 0 0 1 -1.71 0.89 -1.77</i>
                <i>1 0 0 0 1 0 0 0 1 -1.71 0.89 -1.77</i>
                <i>1 0 0 0 1 0 0 0 1 -1.71 0.89 -1.77</i>
                <i>1 0 0 0 1 0 0 0 1 -1.71 0.89 -1.77</i>
                <i>1 0 0 0 1 0 0 0 1 -1.71 0.89 -1.77</i>
                <i>1 0 0 0 1 0 0 0 1 -1.71 0.89 -1.77</i>
                <i>1 0 0 0 1 0 0 0 1 -1.71 0.89 -1.77</i>
                <i>1 0 0 0 1 0 0 0 1 -1.71 0.89 -1.77</i>
                <i>1 0 0 0 1 0 0 0 1 -1.71 0.89 -1.77</i>
                <i>1 0 0 0 1 0 0 0 1 -1.71 0.89 -1.77</i>
                <i>1 0 0 0 1 0 0 0 1 -1.71 0.89 -1.77</i>
                <i>1 0 0 0 1 0 0 0 1 -1.71 0.89 -1.77</i>
                <i>1 0 0 0 1 0 0 0 1 -1.71 0.89 -1.77</i>
                <i>1 0 0 0 1 0 0 0 1 -1.71 0.89 -1.77</i>
                <i>1 0 0 0 1 0 0 0 1 -1.71 0.89 -1.77</i>
                <i>1 0 0 0 1 0 0 0 1 -1.71 0.89 -1.77</i>
                <i>1 0 0 0 1 0 0 0 1 -1.71 0.89 -1.77</i>
                <i>1 0 0 0 1 0 0 0 1 -1.71 0.89 -1.77</i>
                <i>1 0 0 0 1 0 0 0 1 -1.71 0.89 -1.77</i>
                <i>1 0 0 0 1 0 0 0 1 -1.71 0.89 -1.77</i>
                <i>1 0 0 0 1 0 0 0 1 -1.71 0.89 -1.77</i>
                <i>1 0 0 0 1 0 0 0 1 -1.71 0.89 -1.77</i>
                <i>1 0 0 0 1 0 0 0 1 -1.71 0.89 -1.77</i>
                <i>1 0 0 0 1 0 0 0 1 -1.71 0.89 -1.77</i>
                <i>1 0 0 0 1 0 0 0 1 -1.71 0.89 -1.77</i>
                <i>1 0 0 0 1 0 0 0 1 -1.71 0.89 -1.77</i>
                <i>1 0 0 0 1 0 0 0 1 -1.71 0.89 -1.77</i>
                <i>1 0 0 0 1 0 0 0 1 -1.71 0.89 -1.77</i>
                <i>1 0 0 0 1 0 0 0 1 -1.71 0.89 -1.77</i>
                <i>1 0 0 0 1 0 0 0 1 -1.71 0.89 -1.77</i>
                <i>1 0 0 0 1 0 0 0 1 -1.71 0.89 -1.77</i>
                <i>1 0 0 0 1 0 0 0 1 -1.71 0.89 -1.77</i>
                <i>1 0 0 0 1 0 0 0 1 -1.71 0.89 -1.77</i>
                <i>1 0 0 0 1 0 0 0 1 -1.71 0.89 -1.77</i>
                <i>1 0 0 0 1 0 0 0 1 -1.71 0.89 -1.77</i>
                <i>1 0 0 0 1 0 0 0 1 -1.71 0.89 -1.77</i>
                <i>1 0 0 0 1 0 0 0 1 -1.71 0.89 -1.77</i>
                <i>1 0 0 0 1 0 0 0 1 -1.71 0.89 -1.77</i>
                <i>1 0 0 0 1 0 0 0 1 -1.71 0.89 -1.77</i>
                <i>1 0 0 0 1 0 0 0 1 -1.71 0.89 -1.77</i>
                <i>1 0 0 0 1 0 0 0 1 -1.71 0.89 -1.77</i>
                <i>1 0 0 0 1 0 0 0 1 -1.71 0.89 -1.77</i>
                <i>1 0 0 0 1 0 0 0 1 -1.71 0.89 -1.77</i>
                <i>1 0 0 0 1 0 0 0 1 -1.71 0.89 -1.77</i>
                <i>1 0 0 0 1 0 0 0 1 -1.71 0.89 -1.77</i>
                <i>1 0 0 0 1 0 0 0 1 -1.71 0.89 -1.77</i>
                <i>1 0 0 0 1 0 0 0 1 -1.71 0.89 -1.77</i>
                <i>1 0 0 0 1 0 0 0 1 -1.71 0.89 -1.77</i>
                <i>1 0 0 0 1 0 0 0 1 -1.71 0.89 -1.77</i>
                <i>1 0 0 0 1 0 0 0 1 -1.71 0.89 -1.77</i>
                <i>1 0 0 0 1 0 0 0 1 -1.71 0.89 -1.77</i>
                <i>1 0 0 0 1 0 0 0 1 -1.71 0.89 -1.77</i>
                <i>1 0 0 0 1 0 0 0 1 -1.71 0.89 -1.77</i>
                <i>1 0 0 0 1 0 0 0 1 -1.71 0.89 -1.77</i>
                <i>1 0 0 0 1 0 0 0 1 -1.71 0.89 -1.77</i>
                <i>1 0 0 0 1 0 0 0 1 -1.71 0.89 -1.77</i>
                <i>1 0 0 0 1 0 0 0 1 -1.71 0.89 -1.77</i>
                <i>1 0 0 0 1 0 0 0 1 -1.71 0.89 -1.77</i>
                <i>1 0 0 0 1 0 0 0 1 -1.71 0.89 -1.77</i>
                <i>1 0 0 0 1 0 0 0 1 -1.71 0.89 -1.77</i>
                <i>1 0 0 0 1 0 0 0 1 -1.71 0.89 -1.77</i>
                <i>1 0 0 0 1 0 0 0 1 -1.71 0.89 -1.77</i>
                <i>1 0 0 0 1 0 0 0 1 -1.71 0.89 -1.77</i>
                <i>1 0 0 0 1 0 0 0 1 -1.71 0.89 -1.77</i>
                <i>1 0 0 0 1 0 0 0 1 -1.71 0.89 -1.77</i>
                <i>1 0 0 0 1 0 0 0 1 -1.71 0.89 -1.77</i>
                <i>1 0 0 0 1 0 0 0 1 -1.71 0.89 -1.77</i>
                <i>1 0 0 0 1 0 0 0 1 -1.71 0.89 -1.77</i>
                <i>1 0 0 0 1 0 0 0 1 -1.71 0.89 -1.77</i>
                <i>1 0 0 0 1 0 0 0 1 -1.71 0.89 -1.77</i>
                <i>1 0 0 0 1 0 0 0 1 -1.71 0.89 -1.77</i>
                <i>1 0 0 0 1 0 0 0 1 -1.71 0.89 -1.77</i>
                <i>1 0 0 0 1 0 0 0 1 -1.71 0.89 -1.77</i>
                <i>1 0 0 0 1 0 0 0 1 -1.71 0.89 -1.77</i>
                <i>1 0 0 0 1 0 0 0 1 -1.71 0.89 -1.77</i>
                <i>1 0 0 0 1 0 0 0 1 -1.71 0.89 -1.77</i>
                <i>1 0 0 0 1 0 0 0 1 -1.71 0.89 -1.77</i>
                <i>1 0 0 0 1 0 0 0 1 -1.71 0.89 -1.77</i>
                <i>1 0 0 0 1 0 0 0 1 -1.71 0.89 -1.77</i>
                <i>1 0 0 0 1 0 0 0 1 -1.71 0.89 -1.77</i>
                <i>1 0 0 0 1 0 0 0 1 -1.71 0.89 -1.77</i>
                <i>1 0 0 0 1 0 0 0 1 -1.71 0.89 -1.77</i>
                <i>1 0 0 0 1 0 0 0 1 -1.71 0.89 -1.77</i>
                <i>1 0 0 0 1 0 0 0 1 -1.71 0.89 -1.77</i>
                <i>1 0 0 0 1 0 0 0 1 -1.71 0.89 -1.77</i>
                <i>1 0 0 0 1 0 0 0 1 -1.71 0.89 -1.77</i>
                <i>1 0 0 0 1 0 0 0 1 -1.71 0.89 -1.77</i>
                <i>1 0 0 0 1 0 0 0 1 -1.71 0.89 -1.77</i>
                <i>1 0 0 0 1 0 0 0 1 -1.71 0.89 -1.77</i>
                <i>1 0 0 0 1 0 0 0 1 -1.71 0.89 -1.77</i>
                <i>1 0 0 0 1 0 0 0 1 -1.71 0.89 -1.77</i>
                <i>1 0 0 0 1 0 0 0 1 -1.71 0.89 -1.77</i>
                <i>1 0 0 0 1 0 0 0 1 -1.71 0.89 -1.77</i>
                <i>1 0 0 0 1 0 0 0 1 -1.71 0.89 -1.77</i>
                <i>1 0 0 0 1 0 0 0 1 -1.71 0.89 -1.77</i>
                <i>1 0 0 0 1 0 0 0 1 -1.71 0.89 -1.77</i>
                <i>1 0 0 0 1 0 0 0 1 -1.71 0.89 -1.77</i>
                <i>1 0 0 0 1 0 0 0 1 -1.71 0.89 -1.77</i>
                <i>1 0 0 0 1 0 0 0 1 -1.71 0.89 -1.77</i>
                <i>1 0 0 0 1 0 0 0 1 -1.71 0.89 -1.77</i>
                <i>1 0 0 0 1 0 0 0 1 -1.71 0.89 -1.77</i>
                <i>1 0 0 0 1 0 0 0 1 -1.71 0.89 -1.77</i>
                <i>1 0 0 0 1 0 0 0 1 -1.71 0.89 -1.77</i>
                <i>1 0 0 0 1 0 0 0 1 -1.71 0.89 -1.77</i>
                <i>1 0 0 0 1 0 0 0 1 -1.71 0.89 -1.77</i>
                <i>1 0 0 0 1 0 0 0 1 -1.71 0.89 -1.77</i>
                <i>1 0 0 0 1 0 0 0 1 -1.71 0.89 -1.77</i>
                <i>1 0 0 0 1 0 0 0 1 -1.71 0.89 -1.77</i>
                <i>1 0 0 0 1 0 0 0 1 -1.71 0.89 -1.77</i>
                <i>1 0 0 0 1 0 0 0 1 -1.71 0.89 -1.77</i>
                <i>1 0 0 0 1 0 0 0 1 -1.71 0.89 -1.77</i>
                <i>1 0 0 0 1 0 0 0 1 -1.71 0.89 -1.77</i>
                <i>1 0 0 0 1 0 0 0 1 -1.71 0.89 -1.77</i>
                <i>1 0 0 0 1 0 0 0 1 -1.71 0.89 -1.77</i>
                <i>1 0 0 0 1 0 0 0 1 -1.71 0.89 -1.77</i>
                <i>1 0 0 0 1 0 0 0 1 -1.71 0.89 -1.77</i>
                <i>1 0 0 0 1 0 0 0 1 -1.71 0.89 -1.77</i>
                <i>1 0 0 0 1 0 0 0 1 -1.71 0.89 -1.77</i>
                <i>1 0 0 0 1 0 0 0 1 -1.71 0.89 -1.77</i>
                <i>1 0 0 0 1 0 0 0 1 -1.71 0.89 -1.77</i>
                <i>1 0 0 0 1 0 0 0 1 -1.71 0.89 -1.77</i>
                <i>1 0 0 0 1 0 0 0 1 -1.71 0.89 -1.77</i>
                <i>1 0 0 0 1 0 0 0 1 -1.71 0.89 -1.77</i>
                <i>1 0 0 0 1 0 0 0 1 -1.71 0.89 -1.77</i>
                <i>1 0 0 0 1 0 0 0 1 -1.71 0.89 -1.77</i>
                <i>1 0 0 0 1 0 0 0 1 -1.71 0.89 -1.77</i>
                <i>1 0 0 0 1 0 0 0 1 -1.71 0.89 -1.77</i>
                <i>1 0 0 0 1 0 0 0 1 -1.71 0.89 -1.77</i>
                <i>1 0 0 0 1 0 0 0 1 -1.71 0.89 -1.77</i>
                <i>1 0 0 0 1 0 0 0 1 -1.71 0.89 -1.77</i>
                <i>1 0 0 0 1 0 0 0 1 -1.71 0.89 -1.77</i>
                <i>1 0 0 0 1 0 0 0 1 -1.71 0.89 -1.77</i>
                <i>1 0 0 0 1 0 0 0 1 -1.71 0.89 -1.77</i>
                <i>1 0 0 0 1 0 0 0 1 -1.71 0.89 -1.77</i>
                <i>1 0 0 0 1 0 0 0 1 -1.71 0.89 -1.77</i>
                <i>1 0 0 0 1 0 0 0 1 -1.71 0.89 -1.77</i>
                <i>1 0 0 0 1 0 0 0 1 -1.71 0.89 -1.77</i>
                <i>1 0 0 0 1 0 0 0 1 -1.71 0.89 -1.77</i>
                <i>1 0 0 0 1 0 0 0 1 -1.71 0.89 -1.77</i>
                <i>1 0 0 0 1 0 0 0 1 -1.71 0.89 -1.77</i>
                <i>1 0 0 0 1 0 0 0 1 -1.71 0.89 -1.77</i>
                <i>1 0 0 0 1 0 0 0 1 -1.71 0.89 -1.77</i>
                <i>1 0 0 0 1 0 0 0 1 -1.71 0.89 -1.77</i>
                <i>1 0 0 0 1 0 0 0 1 -1.71 0.89 -1.77</i>
                <i>1 0 0 0 1 0 0 0 1 -1.71 0.89 -1.77</i>
                <i>1 0 0 0 1 0 0 0 1 -1.71 0.89 -1.77</i>
                <i>1 0 0 0 1 0 0 0 1 -1.71 0.89 -1.77</i>
                <i>1 0 0 0 1 0 0 0 1 -1.71 0.89 -1.77</i>
                <i>1 0 0 0 1 0 0 0 1 -1.71 0.89 -1.77</i>
                <i>1 0 0 0 1 0 0 0 1 -1.71 0.89 -1.77</i>
                <i>1 0 0 0 1 0 0 0 1 -1.71 0.89 -1.77</i>
                <i>1 0 0 0 1 0 0 0 1 -1.71 0.89 -1.77</i>
                <i>1 0 0 0 1 0 0 0 1 -1.71 0.89 -1.77</i>
                <i>1 0 0 0 1 0 0 0 1 -1.71 0.89 -1.77</i>
                <i>1 0 0 0 1 0 0 0 1 -1.71 0.89 -1.77</i>
                <i>1 0 0 0 1 0 0 0 1 -1.71 0.89 -1.77</i>
                <i>1 0 0 0 1 0 0 0 1 -1.71 0.89 -1.77</i>
                <i>1 0 0 0 1 0 0 0 1 -1.71 0.89 -1.77</i>
                <i>1 0 0 0 1 0 0 0 1 -1.71 0.89 -1.77</i>
                <i>1 0 0 0 1 0 0 0 1 -1.71 0.89 -1.77</i>
                <i>1 0 0 0 1 0 0 0 1 -1.71 0.89 -1.77</i>
                <i>1 0 0 0 1 0 0 0 1 -1.71 0.89 -1.77</i>
                <i>1 0 0 0 1 0 0 0 1 -1.71 0.89 -1.77</i>
                <i>1 0 0 0 1 0 0 0 1 -1.71 0.89 -1.77</i>
                <i>1 0 0 0 1 0 0 0 1 -1.71 0.89 -1.77</i>
                <i>1 0 0 0 1 0 0 0 1 -1.71 0.89 -1.77</i>
                <i>1 0 0 0 1 0 0 0 1 -1.71 0.89 -1.77</i>
                <i>1 0 0 0 1 0 0 0 1 -1.71 0.89 -1.77</i>
                <i>1 0 0 0 1 0 0 0 1 -1.71 0.89 -1.77</i>
                <i>1 0 0 0 1 0 0 0 1 -1.71 0.89 -1.77</i>
                <i>1 0 0 0 1 0 0 0 1 -1.71 0.89 -1.77</i>
                <i>1 0 0 0 1 0 0 0 1 -1.71 0.89 -1.77</i>
                <i>1 0 0 0 1 0 0 0 1 -1.71 0.89 -1.77</i>
                <i>1 0 0 0 1 0 0 0 1 -1.71 0.89 -1.77</i>
                <i>1 0 0 0 1 0 0 0 1 -1.71 0.89 -1.77</i>
                <i>1 0 0 0 1 0 0 0 1 -1.71 0.89 -1.77</i>
                <i>1 0 0 0 1 0 0 0 1 -1.71 0.89 -1.77</i>
                <i>1 0 0 0 1 0 0 0 1 -1.71 0.89 -1.77</i>
                <i>1 0 0 0 1 0 0 0 1 -1.71 0.89 -1.77</i>
                <i>1 0 0 0 1 0 0 0 1 -1.71 0.89 -1.77</i>
                <i>1 0 0 0 1 0 0 0 1 -1.71 0.89 -1.77</i>
                <i>1 0 0 0 1 0 0 0 1 -1.71 0.89 -1.77</i>
                <i>1 0 0 0 1 0 0 0 1 -1.71 0.89 -1.77</i>
                <i>1 0 0 0 1 0 0 0 1 -1.71 0.89 -1.77</i>
                <i>1 0 0 0 1 0 0 0 1 -1.71 0.89 -1.77</i>
            </KeyFrames>
        </RefFrame>
        <Bones count="23">
            <i>
                <p>
                    <Name><![CDATA[pelvis]]></Name>
                    <Exclude>0</Exclude>
                    <Additive>0</Additive>
                    <IKPriority>0</IKPriority>
                    <IKRotLimits>-1e+010 -1e+010 -1e+010 1e+010 1e+010 1e+010</IKRotLimits>
                    <IKRotLimitOrder>2</IKRotLimitOrder>
                    <KeyFrames count="197">
                        <i>1 0 0 0 1 0 0 0 1 -1.90102 1.84908 -1.29341</i>
                        <i>1 0 0 0 1 0 0 0 1 -1.90241 1.84838 -1.29968</i>
                        <i>1 0 0 0 1 0 0 0 1 -1.90394 1.84768 -1.30625</i>
                        <i>1 0 0 0 1 0 0 0 1 -1.90556 1.847 -1.31299</i>
                        <i>1 0 0 0 1 0 0 0 1 -1.90723 1.84636 -1.31982</i>
                        <i>1 0 0 0 1 0 0 0 1 -1.90892 1.84576 -1.32665</i>
                        <i>1 0 0 0 1 0 0 0 1 -1.91059 1.84522 -1.33341</i>
                        <i>1 0 0 0 1 0 0 0 1 -1.91223 1.84474 -1.34</i>
                        <i>1 0 0 0 1 0 0 0 1 -1.9138 1.84434 -1.34637</i>
                        <i>1 0 0 0 1 0 0 0 1 -1.91528 1.84402 -1.35246</i>
                        <i>1 0 0 0 1 0 0 0 1 -1.91666 1.84377 -1.35821</i>
                        <i>1 0 0 0 1 0 0 0 1 -1.91792 1.84359 -1.36358</i>
                        <i>1 0 0 0 1 0 0 0 1 -1.91905 1.84349 -1.36853</i>
                        <i>1 0 0 0 1 0 0 0 1 -1.92006 1.84345 -1.37302</i>
                        <i>1 0 0 0 1 0 0 0 1 -1.92092 1.84345 -1.37702</i>
                        <i>1 0 0 0 1 0 0 0 1 -1.92165 1.84349 -1.3805</i>
                        <i>1 0 0 0 1 0 0 0 1 -1.92225 1.84356 -1.38344</i>
                        <i>1 0 0 0 1 0 0 0 1 -1.9227 1.84363 -1.3858</i>
                        <i>1 0 0 0 1 0 0 0 1 -1.92303 1.8437 -1.38755</i>
                        <i>1 0 0 0 1 0 0 0 1 -1.92325 1.84377 -1.38897</i>
                        <i>1 0 0 0 1 0 0 0 1 -1.92343 1.84386 -1.39032</i>
                        <i>1 0 0 0 1 0 0 0 1 -1.92357 1.84397 -1.39161</i>
                        <i>1 0 0 0 1 0 0 0 1 -1.92366 1.84408 -1.39284</i>
                        <i>1 0 0 0 1 0 0 0 1 -1.92373 1.8442 -1.39401</i>
                        <i>1 0 0 0 1 0 0 0 1 -1.92376 1.84433 -1.39512</i>
                        <i>1 0 0 0 1 0 0 0 1 -1.92376 1.84446 -1.39617</i>
                        <i>1 0 0 0 1 0 0 0 1 -1.92374 1.84459 -1.39715</i>
                        <i>1 0 0 0 1 0 0 0 1 -1.92369 1.84472 -1.39806</i>
                        <i>1 0 0 0 1 0 0 0 1 -1.92362 1.84485 -1.3989</i>
                        <i>1 0 0 0 1 0 0 0 1 -1.92354 1.84497 -1.39967</i>
                        <i>1 0 0 0 1 0 0 0 1 -1.92343 1.8451 -1.40036</i>
                        <i>1 0 0 0 1 0 0 0 1 -1.92332 1.84521 -1.40096</i>
                        <i>1 0 0 0 1 0 0 0 1 -1.92318 1.84533 -1.40148</i>
                        <i>1 0 0 0 1 0 0 0 1 -1.92304 1.84543 -1.40192</i>
                        <i>1 0 0 0 1 0 0 0 1 -1.9229 1.84553 -1.40226</i>
                        <i>1 0 0 0 1 0 0 0 1 -1.92274 1.84561 -1.40251</i>
                        <i>1 0 0 0 1 0 0 0 1 -1.92259 1.84569 -1.40265</i>
                        <i>1 0 0 0 1 0 0 0 1 -1.92244 1.84575 -1.4027</i>
                        <i>1 0 0 0 1 0 0 0 1 -1.92229 1.8458 -1.40264</i>
                        <i>1 0 0 0 1 0 0 0 1 -1.92215 1.84584 -1.40248</i>
                        <i>1 0 0 0 1 0 0 0 1 -1.92203 1.84586 -1.4022</i>
                        <i>1 0 0 0 1 0 0 0 1 -1.92192 1.84586 -1.40182</i>
                        <i>1 0 0 0 1 0 0 0 1 -1.92183 1.84584 -1.40131</i>
                        <i>1 0 0 0 1 0 0 0 1 -1.92176 1.84579 -1.40069</i>
                        <i>1 0 0 0 1 0 0 0 1 -1.92172 1.84572 -1.39996</i>
                        <i>1 0 0 0 1 0 0 0 1 -1.92171 1.84563 -1.3991</i>
                        <i>1 0 0 0 1 0 0 0 1 -1.92174 1.84551 -1.39811</i>
                        <i>1 0 0 0 1 0 0 0 1 -1.9218 1.84535 -1.397</i>
                        <i>1 0 0 0 1 0 0 0 1 -1.9219 1.84517 -1.39576</i>
                        <i>1 0 0 0 1 0 0 0 1 -1.92204 1.84494 -1.3944</i>
                        <i>1 0 0 0 1 0 0 0 1 -1.92222 1.84469 -1.39289</i>
                        <i>1 0 0 0 1 0 0 0 1 -1.92245 1.8444 -1.39125</i>
                        <i>1 0 0 0 1 0 0 0 1 -1.92272 1.84407 -1.38948</i>
                        <i>1 0 0 0 1 0 0 0 1 -1.92303 1.8437 -1.38755</i>
                        <i>1 0 0 0 1 0 0 0 1 -1.92356 1.84306 -1.38421</i>
                        <i>1 0 0 0 1 0 0 0 1 -1.92438 1.84198 -1.37847</i>
                        <i>1 0 0 0 1 0 0 0 1 -1.92529 1.84058 -1.37078</i>
                        <i>1 0 0 0 1 0 0 0 1 -1.92611 1.83898 -1.36162</i>
                        <i>1 0 0 0 1 0 0 0 1 -1.92668 1.83729 -1.35143</i>
                        <i>1 0 0 0 1 0 0 0 1 -1.92689 1.83561 -1.34072</i>
                        <i>1 0 0 0 1 0 0 0 1 -1.92671 1.83403 -1.32995</i>
                        <i>1 0 0 0 1 0 0 0 1 -1.92618 1.83261 -1.31963</i>
                        <i>1 0 0 0 1 0 0 0 1 -1.92537 1.8314 -1.31023</i>
                        <i>1 0 0 0 1 0 0 0 1 -1.92445 1.83045 -1.30225</i>
                        <i>1 0 0 0 1 0 0 0 1 -1.92361 1.82976 -1.29616</i>
                        <i>1 0 0 0 1 0 0 0 1 -1.92303 1.82935 -1.29244</i>
                        <i>1 0 0 0 1 0 0 0 1 -1.92266 1.82909 -1.29023</i>
                        <i>1 0 0 0 1 0 0 0 1 -1.92233 1.8288 -1.28834</i>
                        <i>1 0 0 0 1 0 0 0 1 -1.92205 1.82849 -1.28675</i>
                        <i>1 0 0 0 1 0 0 0 1 -1.92181 1.82816 -1.28545</i>
                        <i>1 0 0 0 1 0 0 0 1 -1.92161 1.82782 -1.28442</i>
                        <i>1 0 0 0 1 0 0 0 1 -1.92146 1.82747 -1.28363</i>
                        <i>1 0 0 0 1 0 0 0 1 -1.92135 1.82712 -1.28308</i>
                        <i>1 0 0 0 1 0 0 0 1 -1.92129 1.82678 -1.28274</i>
                        <i>1 0 0 0 1 0 0 0 1 -1.92126 1.82644 -1.28259</i>
                        <i>1 0 0 0 1 0 0 0 1 -1.92126 1.82612 -1.28262</i>
                        <i>1 0 0 0 1 0 0 0 1 -1.9213 1.82582 -1.28281</i>
                        <i>1 0 0 0 1 0 0 0 1 -1.92136 1.82554 -1.28313</i>
                        <i>1 0 0 0 1 0 0 0 1 -1.92145 1.8253 -1.28358</i>
                        <i>1 0 0 0 1 0 0 0 1 -1.92155 1.8251 -1.28413</i>
                        <i>1 0 0 0 1 0 0 0 1 -1.92167 1.82494 -1.28476</i>
                        <i>1 0 0 0 1 0 0 0 1 -1.9218 1.82483 -1.28546</i>
                        <i>1 0 0 0 1 0 0 0 1 -1.92194 1.82478 -1.28621</i>
                        <i>1 0 0 0 1 0 0 0 1 -1.92208 1.82478 -1.28699</i>
                        <i>1 0 0 0 1 0 0 0 1 -1.92223 1.82486 -1.28778</i>
                        <i>1 0 0 0 1 0 0 0 1 -1.92237 1.825 -1.28856</i>
                        <i>1 0 0 0 1 0 0 0 1 -1.9225 1.82522 -1.28932</i>
                        <i>1 0 0 0 1 0 0 0 1 -1.92262 1.82553 -1.29004</i>
                        <i>1 0 0 0 1 0 0 0 1 -1.92274 1.82592 -1.2907</i>
                        <i>1 0 0 0 1 0 0 0 1 -1.92283 1.8264 -1.29128</i>
                        <i>1 0 0 0 1 0 0 0 1 -1.92291 1.82698 -1.29176</i>
                        <i>1 0 0 0 1 0 0 0 1 -1.92297 1.82766 -1.29212</i>
                        <i>1 0 0 0 1 0 0 0 1 -1.92301 1.82845 -1.29236</i>
                        <i>1 0 0 0 1 0 0 0 1 -1.92303 1.82935 -1.29244</i>
                        <i>1 0 0 0 1 0 0 0 1 -1.92303 1.83049 -1.29244</i>
                        <i>1 0 0 0 1 0 0 0 1 -1.92303 1.83196 -1.29244</i>
                        <i>1 0 0 0 1 0 0 0 1 -1.92303 1.83372 -1.29244</i>
                        <i>1 0 0 0 1 0 0 0 1 -1.92303 1.83575 -1.29244</i>
                        <i>1 0 0 0 1 0 0 0 1 -1.92303 1.838 -1.29244</i>
                        <i>1 0 0 0 1 0 0 0 1 -1.92303 1.84045 -1.29244</i>
                        <i>1 0 0 0 1 0 0 0 1 -1.92303 1.84305 -1.29244</i>
                        <i>1 0 0 0 1 0 0 0 1 -1.92303 1.84579 -1.29244</i>
                        <i>1 0 0 0 1 0 0 0 1 -1.92303 1.84861 -1.29244</i>
                        <i>1 0 0 0 1 0 0 0 1 -1.92303 1.8515 -1.29244</i>
                        <i>1 0 0 0 1 0 0 0 1 -1.92303 1.85441 -1.29244</i>
                        <i>1 0 0 0 1 0 0 0 1 -1.92303 1.85731 -1.29244</i>
                        <i>1 0 0 0 1 0 0 0 1 -1.92303 1.86017 -1.29244</i>
                        <i>1 0 0 0 1 0 0 0 1 -1.92303 1.86296 -1.29244</i>
                        <i>1 0 0 0 1 0 0 0 1 -1.92303 1.86563 -1.29244</i>
                        <i>1 0 0 0 1 0 0 0 1 -1.92303 1.86816 -1.29244</i>
                        <i>1 0 0 0 1 0 0 0 1 -1.92303 1.87051 -1.29244</i>
                        <i>1 0 0 0 1 0 0 0 1 -1.92303 1.87265 -1.29244</i>
                        <i>1 0 0 0 1 0 0 0 1 -1.92303 1.87455 -1.29244</i>
                        <i>1 0 0 0 1 0 0 0 1 -1.92303 1.87625 -1.29244</i>
                        <i>1 0 0 0 1 0 0 0 1 -1.92303 1.87783 -1.29244</i>
                        <i>1 0 0 0 1 0 0 0 1 -1.92303 1.87929 -1.29244</i>
                        <i>1 0 0 0 1 0 0 0 1 -1.92303 1.88065 -1.29244</i>
                        <i>1 0 0 0 1 0 0 0 1 -1.92303 1.88192 -1.29244</i>
                        <i>1 0 0 0 1 0 0 0 1 -1.92303 1.88308 -1.29244</i>
                        <i>1 0 0 0 1 0 0 0 1 -1.92303 1.88416 -1.29244</i>
                        <i>1 0 0 0 1 0 0 0 1 -1.92303 1.88516 -1.29244</i>
                        <i>1 0 0 0 1 0 0 0 1 -1.92303 1.88608 -1.29244</i>
                        <i>1 0 0 0 1 0 0 0 1 -1.92303 1.88694 -1.29244</i>
                        <i>1 0 0 0 1 0 0 0 1 -1.92303 1.88773 -1.29244</i>
                        <i>1 0 0 0 1 0 0 0 1 -1.92303 1.88847 -1.29244</i>
                        <i>1 0 0 0 1 0 0 0 1 -1.92303 1.88916 -1.29244</i>
                        <i>1 0 0 0 1 0 0 0 1 -1.92303 1.88981 -1.29244</i>
                        <i>1 0 0 0 1 0 0 0 1 -1.92303 1.89042 -1.29244</i>
                        <i>1 0 0 0 1 0 0 0 1 -1.92303 1.891 -1.29244</i>
                        <i>1 0 0 0 1 0 0 0 1 -1.92303 1.89152 -1.29244</i>
                        <i>1 0 0 0 1 0 0 0 1 -1.92303 1.89197 -1.29244</i>
                        <i>1 0 0 0 1 0 0 0 1 -1.92303 1.89233 -1.29244</i>
                        <i>1 0 0 0 1 0 0 0 1 -1.92303 1.8926 -1.29244</i>
                        <i>1 0 0 0 1 0 0 0 1 -1.92303 1.89279 -1.29244</i>
                        <i>1 0 0 0 1 0 0 0 1 -1.92303 1.89289 -1.29244</i>
                        <i>1 0 0 0 1 0 0 0 1 -1.92303 1.8929 -1.29244</i>
                        <i>1 0 0 0 1 0 0 0 1 -1.92303 1.89282 -1.29244</i>
                        <i>1 0 0 0 1 0 0 0 1 -1.92303 1.89265 -1.29244</i>
                        <i>1 0 0 0 1 0 0 0 1 -1.92303 1.89238 -1.29244</i>
                        <i>1 0 0 0 1 0 0 0 1 -1.92303 1.89202 -1.29244</i>
                        <i>1 0 0 0 1 0 0 0 1 -1.92303 1.89156 -1.29244</i>
                        <i>1 0 0 0 1 0 0 0 1 -1.92303 1.891 -1.29244</i>
                        <i>1 0 0 0 1 0 0 0 1 -1.923 1.89054 -1.29223</i>
                        <i>1 0 0 0 1 0 0 0 1 -1.92292 1.89032 -1.29166</i>
                        <i>1 0 0 0 1 0 0 0 1 -1.92282 1.89025 -1.29084</i>
                        <i>1 0 0 0 1 0 0 0 1 -1.92268 1.89025 -1.28985</i>
                        <i>1 0 0 0 1 0 0 0 1 -1.92254 1.89022 -1.2888</i>
                        <i>1 0 0 0 1 0 0 0 1 -1.9224 1.89009 -1.28778</i>
                        <i>1 0 0 0 1 0 0 0 1 -1.92228 1.88976 -1.28689</i>
                        <i>1 0 0 0 1 0 0 0 1 -1.92219 1.88914 -1.28622</i>
                        <i>1 0 0 0 1 0 0 0 1 -1.92214 1.88815 -1.28588</i>
                        <i>1 0 0 0 1 0 0 0 1 -1.92215 1.8867 -1.28596</i>
                        <i>1 0 0 0 1 0 0 0 1 -1.92224 1.8847 -1.28656</i>
                        <i>1 0 0 0 1 0 0 0 1 -1.9224 1.88207 -1.28778</i>
                        <i>1 0 0 0 1 0 0 0 1 -1.92266 1.87871 -1.2897</i>
                        <i>1 0 0 0 1 0 0 0 1 -1.92303 1.87455 -1.29244</i>
                        <i>1 0 0 0 1 0 0 0 1 -1.92347 1.86954 -1.2961</i>
                        <i>1 0 0 0 1 0 0 0 1 -1.92397 1.86377 -1.30066</i>
                        <i>1 0 0 0 1 0 0 0 1 -1.92451 1.85733 -1.306</i>
                        <i>1 0 0 0 1 0 0 0 1 -1.92507 1.85032 -1.31198</i>
                        <i>1 0 0 0 1 0 0 0 1 -1.92562 1.84283 -1.31848</i>
                        <i>1 0 0 0 1 0 0 0 1 -1.92615 1.83497 -1.32539</i>
                        <i>1 0 0 0 1 0 0 0 1 -1.92665 1.82682 -1.33257</i>
                        <i>1 0 0 0 1 0 0 0 1 -1.92709 1.81849 -1.3399</i>
                        <i>1 0 0 0 1 0 0 0 1 -1.92747 1.81008 -1.34724</i>
                        <i>1 0 0 0 1 0 0 0 1 -1.92777 1.80168 -1.35447</i>
                        <i>1 0 0 0 1 0 0 0 1 -1.928 1.7934 -1.36147</i>
                        <i>1 0 0 0 1 0 0 0 1 -1.92813 1.78534 -1.36808</i>
                        <i>1 0 0 0 1 0 0 0 1 -1.92819 1.7776 -1.3742</i>
                        <i>1 0 0 0 1 0 0 0 1 -1.92815 1.77028 -1.37967</i>
                        <i>1 0 0 0 1 0 0 0 1 -1.92804 1.76348 -1.38436</i>
                        <i>1 0 0 0 1 0 0 0 1 -1.92784 1.7573 -1.38814</i>
                        <i>1 0 0 0 1 0 0 0 1 -1.92757 1.75184 -1.39088</i>
                        <i>1 0 0 0 1 0 0 0 1 -1.92724 1.74671 -1.39245</i>
                        <i>1 0 0 0 1 0 0 0 1 -1.92682 1.74156 -1.39293</i>
                        <i>1 0 0 0 1 0 0 0 1 -1.92632 1.73649 -1.39241</i>
                        <i>1 0 0 0 1 0 0 0 1 -1.92574 1.73163 -1.39099</i>
                        <i>1 0 0 0 1 0 0 0 1 -1.92509 1.72709 -1.38876</i>
                        <i>1 0 0 0 1 0 0 0 1 -1.92437 1.72299 -1.38585</i>
                        <i>1 0 0 0 1 0 0 0 1 -1.92357 1.71944 -1.38234</i>
                        <i>1 0 0 0 1 0 0 0 1 -1.9227 1.71655 -1.37836</i>
                        <i>1 0 0 0 1 0 0 0 1 -1.92176 1.71445 -1.37401</i>
                        <i>1 0 0 0 1 0 0 0 1 -1.92076 1.71323 -1.36941</i>
                        <i>1 0 0 0 1 0 0 0 1 -1.9197 1.71301 -1.36468</i>
                        <i>1 0 0 0 1 0 0 0 1 -1.91859 1.71391 -1.35994</i>
                        <i>1 0 0 0 1 0 0 0 1 -1.91743 1.71604 -1.35533</i>
                        <i>1 0 0 0 1 0 0 0 1 -1.91622 1.7195 -1.35097</i>
                        <i>1 0 0 0 1 0 0 0 1 -1.91496 1.72533 -1.34655</i>
                        <i>1 0 0 0 1 0 0 0 1 -1.91364 1.73412 -1.34168</i>
                        <i>1 0 0 0 1 0 0 0 1 -1.91225 1.74537 -1.33643</i>
                        <i>1 0 0 0 1 0 0 0 1 -1.9108 1.75854 -1.33084</i>
                        <i>1 0 0 0 1 0 0 0 1 -1.9093 1.77312 -1.32497</i>
                        <i>1 0 0 0 1 0 0 0 1 -1.90774 1.78859 -1.31888</i>
                        <i>1 0 0 0 1 0 0 0 1 -1.90613 1.80445 -1.31261</i>
                        <i>1 0 0 0 1 0 0 0 1 -1.90447 1.82015 -1.30624</i>
                        <i>1 0 0 0 1 0 0 0 1 -1.90276 1.8352 -1.29982</i>
                        <i>1 0 0 0 1 0 0 0 1 -1.90102 1.84908 -1.29341</i>
                    </KeyFrames>
                </p>
            </i>
            <i>
                <p>
                    <Name><![CDATA[spine0]]></Name>
                    <Exclude>0</Exclude>
                    <Additive>0</Additive>
                    <IKPriority>0</IKPriority>
                    <IKRotLimits>-1e+010 -1e+010 -1e+010 1e+010 1e+010 1e+010</IKRotLimits>
                    <IKRotLimitOrder>0</IKRotLimitOrder>
                    <KeyFrames count="197">
                        <i>0.00746025 0.734919 0.678113 -0.99532 0.0707946 -0.0657751 -0.0963461 -0.674449 0.732008 -1.9099 1.98904 -1.32544</i>
                        <i>0.00981746 0.755694 0.654852 -0.994738 0.0741697 -0.0706782 -0.101981 -0.650712 0.752445 -1.91235 1.988 -1.33289</i>
                        <i>0.00844744 0.776379 0.630209 -0.994474 0.0724772 -0.0759574 -0.104648 -0.626085 0.772701 -1.91502 1.98692 -1.34067</i>
                        <i>0.00375409 0.796515 0.604607 -0.994459 0.0664932 -0.0814242 -0.105058 -0.600951 0.792352 -1.91785 1.98583 -1.34866</i>
                        <i>-0.00382353 0.815679 0.578492 -0.994586 0.0569729 -0.086906 -0.103846 -0.575692 0.811045 -1.92078 1.98473 -1.35676</i>
                        <i>-0.0138132 0.833514 0.552325 -0.994734 0.0446459 -0.0922526 -0.101553 -0.550691 0.828508 -1.92378 1.98365 -1.36487</i>
                        <i>-0.0257181 0.849749 0.526559 -0.994793 0.0302099 -0.0973395 -0.0986215 -0.526321 0.844547 -1.92679 1.9826 -1.37289</i>
                        <i>-0.0390295 0.864209 0.501617 -0.994674 0.0143239 -0.102071 -0.0953957 -0.502929 0.859047 -1.92977 1.9816 -1.38073</i>
                        <i>-0.0532439 0.876815 0.477871 -0.994323 -0.00240139 -0.10638 -0.0921282 -0.480822 0.871965 -1.93268 1.98065 -1.38833</i>
                        <i>-0.067878 0.887578 0.45563 -0.993717 -0.0194098 -0.110229 -0.0889934 -0.460249 0.883318 -1.93549 1.97976 -1.3956</i>
                        <i>-0.0824825 0.896584 0.435125 -0.992866 -0.0362056 -0.113606 -0.0861031 -0.441391 0.893174 -1.93817 1.97895 -1.40249</i>
                        <i>-0.0966525 0.903978 0.416512 -0.991807 -0.0523564 -0.116519 -0.0835238 -0.424361 0.901632 -1.94068 1.97821 -1.40893</i>
                        <i>-0.110032 0.909943 0.39987 -0.990598 -0.0674922 -0.118997 -0.0812928 -0.409204 0.908814 -1.94301 1.97756 -1.41488</i>
                        <i>-0.122315 0.914685 0.385213 -0.989308 -0.0813018 -0.121081 -0.0794323 -0.395905 0.91485 -1.94512 1.97699 -1.42029</i>
                        <i>-0.133243 0.918417 0.372501 -0.988012 -0.0935257 -0.122818 -0.0779601 -0.3844 0.919869 -1.947 1.9765 -1.42512</i>
                        <i>-0.142593 0.921344 0.361651 -0.98679 -0.103946 -0.124263 -0.0768974 -0.374593 0.923995 -1.94863 1.97609 -1.42934</i>
                        <i>-0.150175 0.923661 0.35256 -0.985713 -0.112372 -0.12547 -0.0762737 -0.366365 0.92734 -1.95 1.97577 -1.4329</i>
                        <i>-0.155809 0.925538 0.345113 -0.984849 -0.118629 -0.126488 -0.0761295 -0.359592 0.929999 -1.95108 1.97551 -1.43578</i>
                        <i>-0.159317 0.927123 0.339207 -0.984258 -0.122536 -0.127365 -0.0765176 -0.354159 0.93205 -1.95187 1.97533 -1.43793</i>
                        <i>-0.161564 0.928443 0.3345 -0.983835 -0.125005 -0.128227 -0.077237 -0.34981 0.933631 -1.95245 1.97521 -1.43965</i>
                        <i>-0.163551 0.92947 0.330661 -0.983444 -0.127096 -0.129169 -0.0780326 -0.346312 0.934868 -1.95292 1.97513 -1.44127</i>
                        <i>-0.165297 0.930237 0.327622 -0.983084 -0.128839 -0.13018 -0.078888 -0.343598 0.935797 -1.95331 1.97508 -1.4428</i>
                        <i>-0.16682 0.930773 0.325321 -0.982754 -0.130262 -0.131251 -0.0797881 -0.341605 0.936451 -1.9536 1.97507 -1.44424</i>
                        <i>-0.168136 0.931102 0.323696 -0.982453 -0.131391 -0.13237 -0.0807195 -0.340272 0.936856 -1.95382 1.97509 -1.44558</i>
                        <i>-0.16926 0.931247 0.322691 -0.982182 -0.132249 -0.133526 -0.0816698 -0.339541 0.937039 -1.95397 1.97513 -1.44683</i>
                        <i>-0.170206 0.931228 0.32225 -0.981938 -0.13286 -0.134706 -0.0826277 -0.339357 0.937022 -1.95404 1.9752 -1.44799</i>
                        <i>-0.170987 0.931061 0.322319 -0.981722 -0.133245 -0.135899 -0.0835827 -0.339665 0.936825 -1.95406 1.97529 -1.44906</i>
                        <i>-0.171615 0.930762 0.322848 -0.981531 -0.133423 -0.137092 -0.0845248 -0.340413 0.936469 -1.95402 1.97539 -1.45003</i>
                        <i>-0.1721 0.930346 0.323786 -0.981367 -0.133415 -0.138274 -0.0854449 -0.34155 0.935972 -1.95393 1.97551 -1.45091</i>
                        <i>-0.172453 0.929828 0.325084 -0.981227 -0.133238 -0.139432 -0.0863339 -0.343027 0.93535 -1.95379 1.97564 -1.4517</i>
                        <i>-0.172682 0.929221 0.326694 -0.981112 -0.13291 -0.140553 -0.0871835 -0.344794 0.934621 -1.95361 1.97578 -1.45238</i>
                        <i>-0.172796 0.928539 0.328567 -0.98102 -0.132448 -0.141624 -0.0879853 -0.346803 0.933802 -1.9534 1.97593 -1.45297</i>
                        <i>-0.172802 0.927796 0.330658 -0.980952 -0.131869 -0.142634 -0.0887313 -0.349007 0.93291 -1.95316 1.97608 -1.45346</i>
                        <i>-0.172708 0.927005 0.332918 -0.980906 -0.13119 -0.143569 -0.0894134 -0.351357 0.931962 -1.95289 1.97623 -1.45384</i>
                        <i>-0.172519 0.92618 0.335301 -0.980884 -0.130426 -0.144417 -0.0900238 -0.353806 0.930976 -1.95261 1.97639 -1.45412</i>
                        <i>-0.172242 0.925338 0.33776 -0.980884 -0.129594 -0.145165 -0.0905546 -0.356307 0.929971 -1.95231 1.97654 -1.45429</i>
                        <i>-0.171882 0.924493 0.340248 -0.980906 -0.12871 -0.1458 -0.0909978 -0.358812 0.928964 -1.952 1.97668 -1.45435</i>
                        <i>-0.171445 0.923662 0.342718 -0.98095 -0.127791 -0.146311 -0.0913454 -0.361273 0.927975 -1.9517 1.97682 -1.4543</i>
                        <i>-0.170937 0.922861 0.345121 -0.981016 -0.126853 -0.146684 -0.0915892 -0.363643 0.927025 -1.9514 1.97694 -1.45414</i>
                        <i>-0.170362 0.922108 0.34741 -0.981104 -0.125913 -0.146907 -0.0917209 -0.365873 0.926134 -1.95111 1.97705 -1.45387</i>
                        <i>-0.169726 0.921422 0.349536 -0.981213 -0.124988 -0.146968 -0.0917318 -0.367914 0.925324 -1.95084 1.97714 -1.45349</i>
                        <i>-0.169034 0.920821 0.35145 -0.981343 -0.124094 -0.146854 -0.0916132 -0.369716 0.924617 -1.9506 1.97722 -1.45299</i>
                        <i>-0.168293 0.920324 0.353101 -0.981495 -0.123251 -0.146553 -0.091356 -0.371231 0.924036 -1.95038 1.97726 -1.45238</i>
                        <i>-0.167508 0.919953 0.354441 -0.981666 -0.122474 -0.146052 -0.0909509 -0.372407 0.923602 -1.95021 1.97728 -1.45165</i>
                        <i>-0.166688 0.919725 0.355416 -0.981858 -0.121784 -0.145339 -0.0903882 -0.373195 0.923339 -1.95008 1.97728 -1.45081</i>
                        <i>-0.165839 0.919662 0.355977 -0.982069 -0.121198 -0.144403 -0.0896581 -0.373541 0.92327 -1.95 1.97723 -1.44985</i>
                        <i>-0.16497 0.919782 0.35607 -0.982298 -0.120734 -0.14323 -0.0887503 -0.373396 0.923417 -1.94998 1.97715 -1.44878</i>
                        <i>-0.16409 0.920104 0.355645 -0.982543 -0.120413 -0.141808 -0.0876543 -0.372706 0.9238 -1.95002 1.97704 -1.44759</i>
                        <i>-0.163211 0.920645 0.354646 -0.982804 -0.120252 -0.140126 -0.0863594 -0.371418 0.924441 -1.95013 1.97687 -1.44628</i>
                        <i>-0.162346 0.921422 0.353022 -0.983079 -0.120272 -0.13817 -0.0848547 -0.36948 0.925356 -1.95032 1.97667 -1.44485</i>
                        <i>-0.161506 0.922449 0.350719 -0.983364 -0.120491 -0.135929 -0.0831292 -0.366838 0.926563 -1.95058 1.97641 -1.4433</i>
                        <i>-0.16071 0.923736 0.347684 -0.983658 -0.120929 -0.13339 -0.0811718 -0.363439 0.928075 -1.95093 1.97611 -1.44163</i>
                        <i>-0.159974 0.925292 0.343864 -0.983957 -0.121604 -0.130539 -0.0789715 -0.35923 0.929902 -1.95135 1.97575 -1.43984</i>
                        <i>-0.159317 0.927123 0.339207 -0.984258 -0.122536 -0.127365 -0.0765176 -0.354159 0.93205 -1.95187 1.97533 -1.43793</i>
                        <i>-0.158347 0.930371 0.330661 -0.984742 -0.124324 -0.121766 -0.0721782 -0.344897 0.935861 -1.95278 1.9746 -1.43461</i>
                        <i>-0.156915 0.935704 0.315968 -0.98549 -0.127388 -0.112166 -0.0647039 -0.328984 0.942116 -1.95426 1.97335 -1.42891</i>
                        <i>-0.155457 0.942365 0.296281 -0.986329 -0.131477 -0.09934 -0.0546604 -0.307673 0.949921 -1.95605 1.97173 -1.42128</i>
                        <i>-0.154391 0.949601 0.272801 -0.98709 -0.136336 -0.084064 -0.0426346 -0.282258 0.958391 -1.95791 1.96986 -1.41216</i>
                        <i>-0.154045 0.956746 0.246796 -0.987631 -0.141704 -0.0671216 -0.0292464 -0.254083 0.96674 -1.95964 1.96787 -1.40202</i>
                        <i>-0.154607 0.963267 0.219574 -0.98786 -0.147316 -0.0493039 -0.0151461 -0.224531 0.974349 -1.96108 1.96586 -1.39134</i>
                        <i>-0.156098 0.968811 0.192454 -0.987741 -0.152909 -0.0314094 -0.00100193 -0.194997 0.980803 -1.96214 1.96394 -1.38059</i>
                        <i>-0.158373 0.973203 0.166714 -0.9873 -0.158228 -0.0142416 0.0125188 -0.166852 0.985902 -1.96279 1.96219 -1.37026</i>
                        <i>-0.161139 0.976434 0.143564 -0.986621 -0.163026 0.00139385 0.0247655 -0.141418 0.98964 -1.96307 1.96068 -1.36085</i>
                        <i>-0.163996 0.978621 0.124124 -0.985836 -0.167069 0.0146917 0.0351148 -0.119957 0.992158 -1.96307 1.95946 -1.35285</i>
                        <i>-0.166481 0.979952 0.109445 -0.985108 -0.170132 0.0248488 0.0429708 -0.103679 0.993682 -1.96293 1.95857 -1.34674</i>
                        <i>-0.168128 0.980625 0.100539 -0.984608 -0.171996 0.0310644 0.0477548 -0.0937688 0.994448 -1.96278 1.95804 -1.343</i>
                        <i>-0.169152 0.980971 0.095309 -0.98429 -0.173102 0.034762 0.0505987 -0.0879316 0.994841 -1.96267 1.9577 -1.34077</i>
                        <i>-0.170052 0.98123 0.0909405 -0.984007 -0.174047 0.0379185 0.0530347 -0.0830379 0.995134 -1.96257 1.95735 -1.33885</i>
                        <i>-0.170823 0.98142 0.0873735 -0.983761 -0.174842 0.0405646 0.0550875 -0.0790252 0.995349 -1.96247 1.95699 -1.33723</i>
                        <i>-0.171465 0.981555 0.0845493 -0.983553 -0.175495 0.0427311 0.0567809 -0.0758318 0.995503 -1.96238 1.95663 -1.33589</i>
                        <i>-0.17198 0.981647 0.0824107 -0.983383 -0.176016 0.0444488 0.0581387 -0.073397 0.995607 -1.96231 1.95627 -1.33481</i>
                        <i>-0.172372 0.981704 0.0809018 -0.983252 -0.176414 0.0457487 0.0591839 -0.0716611 0.995672 -1.96225 1.95591 -1.33398</i>
                        <i>-0.172648 0.981732 0.0799677 -0.983158 -0.176699 0.0466616 0.0599394 -0.0705649 0.995705 -1.96221 1.95556 -1.33337</i>
                        <i>-0.172813 0.981737 0.0795547 -0.983099 -0.17688 0.0472184 0.0604276 -0.0700502 0.995712 -1.96218 1.95523 -1.33298</i>
                        <i>-0.172878 0.981721 0.0796096 -0.983073 -0.176964 0.04745 0.0606707 -0.0700589 0.995696 -1.96217 1.9549 -1.33278</i>
                        <i>-0.172852 0.981687 0.08008 -0.983076 -0.176962 0.0473873 0.0606906 -0.0705337 0.995661 -1.96218 1.9546 -1.33275</i>
                        <i>-0.172744 0.981638 0.0809139 -0.983106 -0.176882 0.0470611 0.0605091 -0.0714174 0.995609 -1.96219 1.95433 -1.33289</i>
                        <i>-0.172566 0.981574 0.0820597 -0.98316 -0.176732 0.0465023 0.0601481 -0.0726531 0.995542 -1.96222 1.95409 -1.33316</i>
                        <i>-0.172327 0.981497 0.0834659 -0.983233 -0.176522 0.0457418 0.059629 -0.0741839 0.99546 -1.96226 1.95388 -1.33356</i>
                        <i>-0.172038 0.981409 0.0850811 -0.983323 -0.176259 0.0448104 0.0589736 -0.0759531 0.995366 -1.9623 1.95371 -1.33407</i>
                        <i>-0.171711 0.981311 0.086854 -0.983426 -0.175952 0.0437389 0.0582036 -0.077904 0.99526 -1.96235 1.95359 -1.33467</i>
                        <i>-0.171355 0.981205 0.088733 -0.983539 -0.175611 0.0425581 0.0573407 -0.0799798 0.995146 -1.9624 1.95352 -1.33534</i>
                        <i>-0.170981 0.981094 0.0906665 -0.983658 -0.175244 0.0412988 0.0564067 -0.0821236 0.995025 -1.96245 1.9535 -1.33607</i>
                        <i>-0.170597 0.98098 0.0926026 -0.983781 -0.174859 0.0399917 0.0554235 -0.0842782 0.9949 -1.9625 1.95353 -1.33684</i>
