<?xml version="1.0" encoding="ISO-8859-1" ?>
<Animl Version="1">
    <ModellingPackage>
        <![CDATA[Maya.2010]]>
</ModellingPackage>
    <SrcFile>
        <![CDATA[anims\turrets\machinegun\blue\~src\mgun_m2browning\mgun_m2browning_fire_crewman_a.mb]]>
</SrcFile>
    <FramesPerSecond>30</FramesPerSecond>
    <TotalFrames>21</TotalFrames>
    <Skeleton>
        <RefFrame>
            <Name>
                <![CDATA[soldier_ref_frame]]>
</Name>
            <Exclude>0</Exclude>
            <Additive>0</Additive>
            <IKPriority>0</IKPriority>
            <IKRotLimits>-1e+010 -1e+010 -1e+010 1e+010 1e+010 1e+010</IKRotLimits>
            <IKRotLimitOrder>0</IKRotLimitOrder>
            <KeyFrames count="21">
                <i>1 0 0 0 1 0 0 0 1 0 0.9 -1.73</i>
                <i>1 0 0 0 1 0 0 0 1 0 0.9 -1.73</i>
                <i>1 0 0 0 1 0 0 0 1 0 0.9 -1.73</i>
                <i>1 0 0 0 1 0 0 0 1 0 0.9 -1.73</i>
                <i>1 0 0 0 1 0 0 0 1 0 0.9 -1.73</i>
                <i>1 0 0 0 1 0 0 0 1 0 0.9 -1.73</i>
                <i>1 0 0 0 1 0 0 0 1 0 0.9 -1.73</i>
                <i>1 0 0 0 1 0 0 0 1 0 0.9 -1.73</i>
                <i>1 0 0 0 1 0 0 0 1 0 0.9 -1.73</i>
                <i>1 0 0 0 1 0 0 0 1 0 0.9 -1.73</i>
                <i>1 0 0 0 1 0 0 0 1 0 0.9 -1.73</i>
                <i>1 0 0 0 1 0 0 0 1 0 0.9 -1.73</i>
                <i>1 0 0 0 1 0 0 0 1 0 0.9 -1.73</i>
                <i>1 0 0 0 1 0 0 0 1 0 0.9 -1.73</i>
                <i>1 0 0 0 1 0 0 0 1 0 0.9 -1.73</i>
                <i>1 0 0 0 1 0 0 0 1 0 0.9 -1.73</i>
                <i>1 0 0 0 1 0 0 0 1 0 0.9 -1.73</i>
                <i>1 0 0 0 1 0 0 0 1 0 0.9 -1.73</i>
                <i>1 0 0 0 1 0 0 0 1 0 0.9 -1.73</i>
                <i>1 0 0 0 1 0 0 0 1 0 0.9 -1.73</i>
                <i>1 0 0 0 1 0 0 0 1 0 0.9 -1.73</i>
            </KeyFrames>
        </RefFrame>
        <Bones count="23">
            <i>
                <p>
                    <Name>
                        <![CDATA[pelvis]]>
</Name>
                    <Exclude>0</Exclude>
                    <Additive>0</Additive>
                    <IKPriority>0</IKPriority>
                    <IKRotLimits>-1e+010 -1e+010 -1e+010 1e+010 1e+010 1e+010</IKRotLimits>
                    <IKRotLimitOrder>2</IKRotLimitOrder>
                    <KeyFrames count="21">
                        <i>1 0 0 0 1 0 0 0 1 1.59732e-017 1.82233 -1.81219</i>
                        <i>1 0 0 0 1 0 0 0 1 1.04205e-017 1.82233 -1.81219</i>
                        <i>1 0 0 0 1 0 0 0 1 0.00623251 1.82679 -1.80958</i>
                        <i>1 0 0 0 1 0 0 0 1 0.0178072 1.8349 -1.80444</i>
                        <i>1 0 0 0 1 0 0 0 1 0.0240397 1.83917 -1.80152</i>
                        <i>1 0 0 0 1 0 0 0 1 0.0157048 1.82233 -1.81219</i>
                        <i>1 0 0 0 1 0 0 0 1 -1.81812e-018 1.82233 -1.81219</i>
                        <i>1 0 0 0 1 0 0 0 1 -0.021145 1.82233 -1.85686</i>
                        <i>1 0 0 0 1 0 0 0 1 -0.0349201 1.82233 -1.84528</i>
                        <i>1 0 0 0 1 0 0 0 1 -0.01746 1.82233 -1.82377</i>
                        <i>1 0 0 0 1 0 0 0 1 1.59732e-017 1.82233 -1.81219</i>
                        <i>1 0 0 0 1 0 0 0 1 1.04205e-017 1.82233 -1.81219</i>
                        <i>1 0 0 0 1 0 0 0 1 0.00623251 1.82679 -1.80958</i>
                        <i>1 0 0 0 1 0 0 0 1 0.0178072 1.8349 -1.80444</i>
                        <i>1 0 0 0 1 0 0 0 1 0.0240397 1.83917 -1.80152</i>
                        <i>1 0 0 0 1 0 0 0 1 0.0157048 1.82233 -1.81219</i>
                        <i>1 0 0 0 1 0 0 0 1 -1.81812e-018 1.82233 -1.81219</i>
                        <i>1 0 0 0 1 0 0 0 1 -0.021145 1.82233 -1.85686</i>
                        <i>1 0 0 0 1 0 0 0 1 -0.0349201 1.82233 -1.84528</i>
                        <i>1 0 0 0 1 0 0 0 1 -0.01746 1.82233 -1.82377</i>
                        <i>1 0 0 0 1 0 0 0 1 1.59732e-017 1.82233 -1.81219</i>
                    </KeyFrames>
                </p>
            </i>
            <i>
                <p>
                    <Name>
                        <![CDATA[spine0]]>
</Name>
                    <Exclude>0</Exclude>
                    <Additive>1</Additive>
                    <IKPriority>0</IKPriority>
                    <IKRotLimits>-1e+010 -1e+010 -1e+010 1e+010 1e+010 1e+010</IKRotLimits>
                    <IKRotLimitOrder>0</IKRotLimitOrder>
                    <KeyFrames count="21">
                        <i>-0.0803544 0.964836 0.250269 -0.984645 -0.0377968 -0.170428 -0.154976 -0.260121 0.953058 -0.0146627 1.93043 -1.90597</i>
                        <i>-0.0314681 0.984489 0.172601 -0.978675 0.00472122 -0.205359 -0.202988 -0.175382 0.963347 -0.00986834 1.93213 -1.90462</i>
                        <i>-0.0522452 0.98153 0.184038 -0.984034 -0.019202 -0.176941 -0.170139 -0.190344 0.966862 0.000876197 1.94047 -1.89759</i>
                        <i>-0.0939337 0.966801 0.237638 -0.988075 -0.061281 -0.141253 -0.122001 -0.248073 0.961029 0.016588 1.95384 -1.88537</i>
                        <i>-0.122248 0.952307 0.279584 -0.98769 -0.0890315 -0.128613 -0.097587 -0.291865 0.951468 0.0249762 1.96087 -1.87823</i>
                        <i>-0.103586 0.964666 0.242258 -0.982409 -0.0611825 -0.176438 -0.155381 -0.256273 0.954034 0.0195525 1.93489 -1.90169</i>
                        <i>-0.18095 0.978837 0.095574 -0.976199 -0.166945 -0.138439 -0.119554 -0.11835 0.985749 0.000664334 1.93364 -1.90333</i>
                        <i>-0.21198 0.914695 0.34409 -0.975093 -0.174452 -0.13697 -0.0652584 -0.364554 0.928893 -0.0249068 1.93307 -1.94861</i>
                        <i>-0.0971333 0.944585 0.313566 -0.979047 -0.0340286 -0.200772 -0.178976 -0.326497 0.928099 -0.0423271 1.93413 -1.93551</i>
                        <i>-0.0385134 0.971346 0.234529 -0.975336 0.0145064 -0.220246 -0.217338 -0.237227 0.94683 -0.0280841 1.93457 -1.91313</i>
                        <i>-0.0749944 0.965298 0.25015 -0.984481 -0.0317587 -0.172592 -0.158658 -0.259212 0.9527 -0.0146627 1.93043 -1.90597</i>
                        <i>-0.0314681 0.984489 0.172601 -0.978675 0.00472122 -0.205359 -0.202988 -0.175382 0.963347 -0.00986834 1.93213 -1.90462</i>
                        <i>-0.0522452 0.98153 0.184038 -0.984034 -0.019202 -0.176941 -0.170139 -0.190344 0.966862 0.000876197 1.94047 -1.89759</i>
                        <i>-0.0939337 0.966801 0.237638 -0.988075 -0.061281 -0.141253 -0.122001 -0.248073 0.961029 0.016588 1.95384 -1.88537</i>
                        <i>-0.122248 0.952307 0.279584 -0.98769 -0.0890315 -0.128613 -0.097587 -0.291865 0.951468 0.0249762 1.96087 -1.87823</i>
                        <i>-0.103586 0.964666 0.242258 -0.982409 -0.0611825 -0.176438 -0.155381 -0.256273 0.954034 0.0195525 1.93489 -1.90169</i>
                        <i>-0.18095 0.978837 0.095574 -0.976199 -0.166945 -0.138439 -0.119554 -0.11835 0.985749 0.000664334 1.93364 -1.90333</i>
                        <i>-0.21198 0.914695 0.34409 -0.975093 -0.174452 -0.13697 -0.0652584 -0.364554 0.928893 -0.0249068 1.93307 -1.94861</i>
                        <i>-0.0971333 0.944585 0.313566 -0.979047 -0.0340286 -0.200772 -0.178976 -0.326497 0.928099 -0.0423271 1.93413 -1.93551</i>
                        <i>-0.0385134 0.971346 0.234529 -0.975336 0.0145064 -0.220246 -0.217338 -0.237227 0.94683 -0.0280841 1.93457 -1.91313</i>
                        <i>-0.0803544 0.964836 0.250269 -0.984645 -0.0377968 -0.170428 -0.154976 -0.260121 0.953058 -0.0146627 1.93043 -1.90597</i>
                    </KeyFrames>
                </p>
            </i>
            <i>
                <p>
                    <Name>
                        <![CDATA[spine1]]>
</Name>
                    <Exclude>0</Exclude>
                    <Additive>1</Additive>
                    <IKPriority>0</IKPriority>
                    <IKRotLimits>-1e+010 -1e+010 -1e+010 1e+010 1e+010 1e+010</IKRotLimits>
                    <IKRotLimitOrder>0</IKRotLimitOrder>
                    <KeyFrames count="21">
                        <i>0.079194 0.654539 0.751869 -0.98875 0.147587 -0.0243371 -0.126895 -0.741483 0.658864 -0.0296032 2.11002 -1.85948</i>
                        <i>0.122483 0.678744 0.724089 -0.959427 0.267669 -0.0886152 -0.253963 -0.683856 0.683991 -0.01539 2.10504 -1.87433</i>
                        <i>0.0686721 0.67556 0.7341 -0.983245 0.170376 -0.064811 -0.168857 -0.717349 0.675942 -0.00813417 2.10977 -1.86585</i>
                        <i>-0.0163525 0.649804 0.759926 -0.99947 0.0107672 -0.0307141 -0.0281404 -0.760026 0.649284 0.000512817 2.11929 -1.8447</i>
                        <i>-0.0694624 0.627514 0.775501 -0.996134 -0.0855446 -0.0200044 0.0537869 -0.773892 0.631029 0.00392285 2.12488 -1.83008</i>
                        <i>-0.0486963 0.657589 0.751801 -0.998807 -0.029265 -0.0390979 -0.00370889 -0.752808 0.658229 0.00060189 2.11149 -1.85742</i>
                        <i>-0.128357 0.718861 0.683201 -0.991015 -0.119098 -0.0608733 0.0376085 -0.684876 0.727688 -0.0303785 2.10156 -1.88693</i>
                        <i>-0.123437 0.617229 0.77704 -0.983541 -0.180208 -0.0130953 0.131946 -0.765868 0.629314 -0.0638682 2.10124 -1.88542</i>
                        <i>0.0262143 0.644551 0.764112 -0.991552 0.113902 -0.0620624 -0.127036 -0.756029 0.642091 -0.0596932 2.1031 -1.87946</i>
                        <i>0.114539 0.677084 0.726937 -0.961759 0.258843 -0.089552 -0.248797 -0.688882 0.680839 -0.0348415 2.10514 -1.87197</i>
                        <i>0.0808526 0.65429 0.751909 -0.978901 0.194155 -0.0636867 -0.187656 -0.730896 0.656183 -0.0286014 2.11005 -1.85952</i>
                        <i>0.122483 0.678744 0.724089 -0.959427 0.267669 -0.0886152 -0.253963 -0.683856 0.683991 -0.01539 2.10504 -1.87433</i>
                        <i>0.0686721 0.67556 0.7341 -0.983245 0.170376 -0.064811 -0.168857 -0.717349 0.675942 -0.00813417 2.10977 -1.86585</i>
                        <i>-0.0163525 0.649804 0.759926 -0.99947 0.0107672 -0.0307141 -0.0281404 -0.760026 0.649284 0.000512817 2.11929 -1.8447</i>
                        <i>-0.0694624 0.627514 0.775501 -0.996134 -0.0855446 -0.0200044 0.0537869 -0.773892 0.631029 0.00392285 2.12488 -1.83008</i>
                        <i>-0.0486963 0.657589 0.751801 -0.998807 -0.029265 -0.0390979 -0.00370889 -0.752808 0.658229 0.00060189 2.11149 -1.85742</i>
                        <i>-0.128357 0.718861 0.683201 -0.991015 -0.119098 -0.0608733 0.0376085 -0.684876 0.727688 -0.0303785 2.10156 -1.88693</i>
                        <i>-0.123437 0.617229 0.77704 -0.983541 -0.180208 -0.0130953 0.131946 -0.765868 0.629314 -0.0638682 2.10124 -1.88542</i>
                        <i>0.0262143 0.644551 0.764112 -0.991552 0.113902 -0.0620624 -0.127036 -0.756029 0.642091 -0.0596932 2.1031 -1.87946</i>
                        <i>0.114539 0.677084 0.726937 -0.961759 0.258843 -0.089552 -0.248797 -0.688882 0.680839 -0.0348415 2.10514 -1.87197</i>
                        <i>0.079194 0.654539 0.751869 -0.98875 0.147587 -0.0243371 -0.126895 -0.741483 0.658864 -0.0296032 2.11002 -1.85948</i>
                    </KeyFrames>
                </p>
            </i>
            <i>
                <p>
                    <Name>
                        <![CDATA[spine2]]>
</Name>
                    <Exclude>0</Exclude>
                    <Additive>1</Additive>
                    <IKPriority>0</IKPriority>
                    <IKRotLimits>-1e+010 -1e+010 -1e+010 1e+010 1e+010 1e+010</IKRotLimits>
                    <IKRotLimitOrder>0</IKRotLimitOrder>
                    <KeyFrames count="21">
                        <i>0.111666 0.675551 0.728808 -0.990551 0.0169105 0.136095 0.0796149 -0.737119 0.671056 -0.0160187 2.2216 -1.73072</i>
                        <i>0.121031 0.684661 0.718742 -0.99145 0.118947 0.0536456 -0.0487633 -0.71909 0.693204 0.00436553 2.21431 -1.7574</i>
                        <i>0.0994105 0.681855 0.724701 -0.995032 0.0720305 0.0687211 -0.00534266 -0.727932 0.685629 0.00278049 2.21658 -1.74947</i>
                        <i>0.0643337 0.672693 0.73712 -0.995218 -0.0111568 0.0970414 0.0735029 -0.739838 0.668758 -0.00196713 2.22123 -1.72519</i>
                        <i>0.0405213 0.665469 0.745325 -0.992173 -0.0613772 0.108743 0.118111 -0.743898 0.657774 -0.00694181 2.22395 -1.70734</i>
                        <i>0.0497045 0.676807 0.734481 -0.993068 -0.0449404 0.108615 0.106519 -0.734788 0.669881 -0.00745351 2.22177 -1.73081</i>
                        <i>0.0188194 0.701022 0.712891 -0.996382 -0.0459562 0.0714942 0.0828807 -0.711657 0.697621 -0.0505053 2.21461 -1.7792</i>
                        <i>0.0141151 0.747414 0.664209 -0.987337 -0.0945507 0.127377 0.158005 -0.657596 0.736615 -0.0845466 2.20523 -1.75401</i>
                        <i>0.0761554 0.748784 0.658425 -0.995168 0.0160347 0.0968688 0.0619761 -0.662621 0.746386 -0.0553307 2.20881 -1.75375</i>
                        <i>0.110577 0.733369 0.670778 -0.993684 0.094567 0.060416 -0.0191262 -0.673221 0.739194 -0.0163542 2.21419 -1.75459</i>
                        <i>0.0998455 0.676107 0.730007 -0.995003 0.067581 0.0734987 0.000358342 -0.733698 0.679476 -0.0148086 2.22158 -1.73079</i>
                        <i>0.121031 0.684661 0.718742 -0.99145 0.118947 0.0536456 -0.0487633 -0.71909 0.693204 0.00436553 2.21431 -1.7574</i>
                        <i>0.0994105 0.681855 0.724701 -0.995032 0.0720305 0.0687211 -0.00534266 -0.727932 0.685629 0.00278049 2.21658 -1.74947</i>
                        <i>0.0643337 0.672693 0.73712 -0.995218 -0.0111568 0.0970414 0.0735029 -0.739838 0.668758 -0.00196713 2.22123 -1.72519</i>
                        <i>0.0405213 0.665469 0.745325 -0.992173 -0.0613772 0.108743 0.118111 -0.743898 0.657774 -0.00694181 2.22395 -1.70734</i>
                        <i>0.0497045 0.676807 0.734481 -0.993068 -0.0449404 0.108615 0.106519 -0.734788 0.669881 -0.00745351 2.22177 -1.73081</i>
                        <i>0.0188194 0.701022 0.712891 -0.996382 -0.0459562 0.0714942 0.0828807 -0.711657 0.697621 -0.0505053 2.21461 -1.7792</i>
                        <i>0.0141151 0.747414 0.664209 -0.987337 -0.0945507 0.127377 0.158005 -0.657596 0.736615 -0.0845466 2.20523 -1.75401</i>
                        <i>0.0761554 0.748784 0.658425 -0.995168 0.0160347 0.0968688 0.0619761 -0.662621 0.746386 -0.0553307 2.20881 -1.75375</i>
                        <i>0.110577 0.733369 0.670778 -0.993684 0.094567 0.060416 -0.0191262 -0.673221 0.739194 -0.0163542 2.21419 -1.75459</i>
                        <i>0.111666 0.675551 0.728808 -0.990551 0.0169105 0.136095 0.0796149 -0.737119 0.671056 -0.0160187 2.2216 -1.73072</i>
                    </KeyFrames>
                </p>
            </i>
            <i>
                <p>
                    <Name>
                        <![CDATA[head]]>
</Name>
                    <Exclude>0</Exclude>
                    <Additive>1</Additive>
                    <IKPriority>0</IKPriority>
                    <IKRotLimits>-1e+010 -1e+010 -1e+010 1e+010 1e+010 1e+010</IKRotLimits>
                    <IKRotLimitOrder>0</IKRotLimitOrder>
                    <KeyFrames count="21">
                        <i>-0.0291008 0.914402 0.403761 -0.118318 0.397941 -0.909749 -0.992549 -0.0742465 0.0966095 0.0105489 2.41526 -1.56896</i>
                        <i>-0.0192169 0.942535 0.333554 -0.109364 0.329633 -0.937754 -0.993816 -0.0544996 0.0967449 0.0323971 2.40285 -1.60747</i>
                        <i>-0.00531055 0.933422 0.358741 -0.0561627 0.357901 -0.932069 -0.998408 -0.0250976 0.0505228 0.0279687 2.40125 -1.61042</i>
                        <i>0.0100891 0.917141 0.398434 0.00453486 0.398408 -0.917197 -0.999939 0.0110606 -0.000139506 0.0172783 2.40162 -1.59829</i>
                        <i>0.0146722 0.909913 0.41454 0.0496399 0.413411 -0.909191 -0.998659 0.0339175 -0.0391024 0.00778002 2.4011 -1.59288</i>
                        <i>0.0152406 0.950419 0.310598 -0.115059 0.310238 -0.943671 -0.993242 -0.0213549 0.114082 0.00948111 2.40172 -1.62631</i>
                        <i>-0.0651767 0.968285 0.241196 -0.183497 0.225958 -0.956698 -0.980857 -0.106613 0.16295 -0.0364778 2.39133 -1.69135</i>
                        <i>-0.0611401 0.979466 0.192114 -0.144452 0.181765 -0.972674 -0.987621 -0.0872207 0.130373 -0.0762303 2.38393 -1.6891</i>
                        <i>-0.0513205 0.973559 0.222596 -0.133262 0.214221 -0.967652 -0.989751 -0.079324 0.118744 -0.0356704 2.38513 -1.68716</i>
                        <i>-0.041558 0.953596 0.298206 -0.120644 0.291491 -0.948935 -0.991826 -0.0754127 0.102932 0.00994344 2.38965 -1.67001</i>
                        <i>-0.0290021 0.917867 0.395826 -0.0409126 0.394571 -0.917954 -0.998742 -0.0428168 0.0261089 0.00898443 2.39347 -1.60229</i>
                        <i>-0.0192169 0.942535 0.333554 -0.109364 0.329633 -0.937754 -0.993816 -0.0544996 0.0967449 0.0323971 2.40285 -1.60747</i>
                        <i>-0.00531055 0.933422 0.358741 -0.0561627 0.357901 -0.932069 -0.998408 -0.0250976 0.0505228 0.0279687 2.40125 -1.61042</i>
                        <i>0.0100891 0.917141 0.398434 0.00453486 0.398408 -0.917197 -0.999939 0.0110606 -0.000139506 0.0172783 2.40162 -1.59829</i>
                        <i>0.0146722 0.909913 0.41454 0.0496399 0.413411 -0.909191 -0.998659 0.0339175 -0.0391024 0.00778002 2.4011 -1.59288</i>
                        <i>0.0152406 0.950419 0.310598 -0.115059 0.310238 -0.943671 -0.993242 -0.0213549 0.114082 0.00948111 2.40172 -1.62631</i>
                        <i>-0.0651767 0.968285 0.241196 -0.183497 0.225958 -0.956698 -0.980857 -0.106613 0.16295 -0.0364778 2.39133 -1.69135</i>
                        <i>-0.0611401 0.979466 0.192114 -0.144452 0.181765 -0.972674 -0.987621 -0.0872207 0.130373 -0.0762303 2.38393 -1.6891</i>
                        <i>-0.0513205 0.973559 0.222596 -0.133262 0.214221 -0.967652 -0.989751 -0.079324 0.118744 -0.0356704 2.38513 -1.68716</i>
                        <i>-0.041558 0.953596 0.298206 -0.120644 0.291491 -0.948935 -0.991826 -0.0754127 0.102932 0.00994344 2.38965 -1.67001</i>
                        <i>-0.0291008 0.914402 0.403761 -0.118318 0.397941 -0.909749 -0.992549 -0.0742465 0.0966095 0.0105489 2.41526 -1.56896</i>
                    </KeyFrames>
                </p>
            </i>
            <i>
                <p>
                    <Name>
                        <![CDATA[head_prop]]>
</Name>
                    <Exclude>0</Exclude>
                    <Additive>0</Additive>
                    <IKPriority>0</IKPriority>
                    <IKRotLimits>-1e+010 -1e+010 -1e+010 1e+010 1e+010 1e+010</IKRotLimits>
                    <IKRotLimitOrder>0</IKRotLimitOrder>
                    <KeyFrames count="21">
                        <i>0.992549 0.0742465 -0.0966095 -0.0291008 0.914402 0.403761 0.118318 -0.397941 0.909749 0.00106467 2.71328 -1.43737</i>
                        <i>0.993816 0.0544996 -0.0967449 -0.0192169 0.942535 0.333554 0.109364 -0.329633 0.937754 0.0261341 2.71003 -1.49876</i>
                        <i>0.998408 0.0250976 -0.0505228 -0.00531055 0.933422 0.358741 0.0561627 -0.357901 0.932069 0.0262379 2.70546 -1.4935</i>
                        <i>0.999939 -0.0110606 0.000139506 0.0100891 0.917141 0.398434 -0.00453486 -0.398408 0.917197 0.0205665 2.70052 -1.46844</i>
                        <i>0.998659 -0.0339175 0.0391024 0.0146722 0.909913 0.41454 -0.0496399 -0.413411 0.909191 0.0125618 2.69765 -1.45778</i>
                        <i>0.993242 0.0213549 -0.114082 0.0152406 0.950419 0.310598 0.115059 -0.310238 0.943671 0.0144482 2.71147 -1.52509</i>
                        <i>0.980857 0.106613 -0.16295 -0.0651767 0.968285 0.241196 0.183497 -0.225958 0.956698 -0.0577195 2.70691 -1.61274</i>
                        <i>0.987621 0.0872207 -0.130373 -0.0611401 0.979466 0.192114 0.144452 -0.181765 0.972674 -0.0961564 2.70315 -1.62649</i>
                        <i>0.989751 0.079324 -0.118744 -0.0513205 0.973559 0.222596 0.133262 -0.214221 0.967652 -0.0523962 2.70242 -1.61461</i>
                        <i>0.991826 0.0754127 -0.102932 -0.041558 0.953596 0.298206 0.120644 -0.291491 0.948935 -0.00360068 2.70044 -1.57282</i>
                        <i>0.998742 0.0428168 -0.0261089 -0.0290021 0.917867 0.395826 0.0409126 -0.394571 0.917954 -0.000467599 2.69261 -1.47328</i>
                        <i>0.993816 0.0544996 -0.0967449 -0.0192169 0.942535 0.333554 0.109364 -0.329633 0.937754 0.0261341 2.71003 -1.49876</i>
                        <i>0.998408 0.0250976 -0.0505228 -0.00531055 0.933422 0.358741 0.0561627 -0.357901 0.932069 0.0262379 2.70546 -1.4935</i>
                        <i>0.999939 -0.0110606 0.000139506 0.0100891 0.917141 0.398434 -0.00453486 -0.398408 0.917197 0.0205665 2.70052 -1.46844</i>
                        <i>0.998659 -0.0339175 0.0391024 0.0146722 0.909913 0.41454 -0.0496399 -0.413411 0.909191 0.0125618 2.69765 -1.45778</i>
                        <i>0.993242 0.0213549 -0.114082 0.0152406 0.950419 0.310598 0.115059 -0.310238 0.943671 0.0144482 2.71147 -1.52509</i>
                        <i>0.980857 0.106613 -0.16295 -0.0651767 0.968285 0.241196 0.183497 -0.225958 0.956698 -0.0577195 2.70691 -1.61274</i>
                        <i>0.987621 0.0872207 -0.130373 -0.0611401 0.979466 0.192114 0.144452 -0.181765 0.972674 -0.0961564 2.70315 -1.62649</i>
                        <i>0.989751 0.079324 -0.118744 -0.0513205 0.973559 0.222596 0.133262 -0.214221 0.967652 -0.0523962 2.70242 -1.61461</i>
                        <i>0.991826 0.0754127 -0.102932 -0.041558 0.953596 0.298206 0.120644 -0.291491 0.948935 -0.00360068 2.70044 -1.57282</i>
                        <i>0.992549 0.0742465 -0.0966095 -0.0291008 0.914402 0.403761 0.118318 -0.397941 0.909749 0.00106467 2.71328 -1.43737</i>
                    </KeyFrames>
                </p>
            </i>
            <i>
                <p>
                    <Name>
                        <![CDATA[l_clav]]>
</Name>
                    <Exclude>0</Exclude>
                    <Additive>1</Additive>
                    <IKPriority>0</IKPriority>
                    <IKRotLimits>-1e+010 -1e+010 -1e+010 1e+010 1e+010 1e+010</IKRotLimits>
                    <IKRotLimitOrder>0</IKRotLimitOrder>
                    <KeyFrames count="21">
                        <i>0.962674 0.227737 -0.146269 -0.141584 0.884284 0.444968 0.230679 -0.407649 0.883521 0.0791786 2.22938 -1.66143</i>
                        <i>0.958079 0.152841 -0.242331 -0.0437853 0.913994 0.403358 0.283139 -0.375839 0.88237 0.0971166 2.21413 -1.68519</i>
                        <i>0.959489 0.174791 -0.220974 -0.0691571 0.906415 0.416689 0.273128 -0.384526 0.881783 0.0936049 2.21683 -1.67994</i>
                        <i>0.960316 0.217297 -0.17486 -0.121425 0.890107 0.439278 0.251098 -0.400613 0.881169 0.0863044 2.22308 -1.65897</i>
                        <i>0.959408 0.240863 -0.146705 -0.152018 0.879818 0.450345 0.237545 -0.409762 0.88072 0.0793966 2.22715 -1.64191</i>
                        <i>0.962674 0.227737 -0.146269 -0.141584 0.884284 0.444968 0.230679 -0.407649 0.883521 0.0791785 2.22938 -1.66143</i>
                        <i>0.930328 0.203733 -0.304929 -0.0634131 0.908332 0.413415 0.361204 -0.365275 0.857966 0.0318737 2.22057 -1.71434</i>
                        <i>0.903927 0.182971 -0.386571 -0.0879594 0.964077 0.250637 0.418543 -0.192555 0.88755 -0.000648883 2.21762 -1.68167</i>
                        <i>0.950666 0.185446 -0.248685 -0.115201 0.955366 0.272038 0.288033 -0.229968 0.929597 0.0355929 2.2182 -1.6804</i>
                        <i>0.978459 0.186351 -0.0888368 -0.148075 0.933361 0.326973 0.143849 -0.306776 0.940849 0.0774462 2.22034 -1.68075</i>
                        <i>0.977294 0.196781 -0.0785792 -0.145015 0.891549 0.429081 0.154492 -0.407943 0.899841 0.0781426 2.22673 -1.65516</i>
                        <i>0.958079 0.152841 -0.242331 -0.0437853 0.913994 0.403358 0.283139 -0.375839 0.88237 0.0971166 2.21413 -1.68519</i>
                        <i>0.959489 0.174791 -0.220974 -0.0691571 0.906415 0.416689 0.273128 -0.384526 0.881783 0.0936049 2.21683 -1.67994</i>
                        <i>0.960316 0.217297 -0.17486 -0.121425 0.890107 0.439278 0.251098 -0.400613 0.881169 0.0863044 2.22308 -1.65897</i>
                        <i>0.959408 0.240863 -0.146705 -0.152018 0.879818 0.450345 0.237545 -0.409762 0.88072 0.0793966 2.22715 -1.64191</i>
                        <i>0.962674 0.227737 -0.146269 -0.141584 0.884284 0.444968 0.230679 -0.407649 0.883521 0.0791785 2.22938 -1.66143</i>
                        <i>0.930328 0.203733 -0.304929 -0.0634131 0.908332 0.413415 0.361204 -0.365275 0.857966 0.0318737 2.22057 -1.71434</i>
                        <i>0.903927 0.182971 -0.386571 -0.0879594 0.964077 0.250637 0.418543 -0.192555 0.88755 -0.000648883 2.21762 -1.68167</i>
                        <i>0.950666 0.185446 -0.248685 -0.115201 0.955366 0.272038 0.288033 -0.229968 0.929597 0.0355929 2.2182 -1.6804</i>
                        <i>0.978459 0.186351 -0.0888368 -0.148075 0.933361 0.326973 0.143849 -0.306776 0.940849 0.0774462 2.22034 -1.68075</i>
                        <i>0.962674 0.227737 -0.146269 -0.141584 0.884284 0.444968 0.230679 -0.407649 0.883521 0.0791786 2.22938 -1.66143</i>
                    </KeyFrames>
                </p>
            </i>
            <i>
                <p>
                    <Name>
                        <![CDATA[l_shoulder]]>
</Name>
                    <Exclude>0</Exclude>
                    <Additive>1</Additive>
                    <IKPriority>0</IKPriority>
                    <IKRotLimits>-1e+010 -1e+010 -1e+010 1e+010 1e+010 1e+010</IKRotLimits>
                    <IKRotLimitOrder>0</IKRotLimitOrder>
                    <KeyFrames count="21">
                        <i>0.595336 -0.286427 0.75069 0.237897 0.955246 0.175812 -0.767451 0.0739202 0.636833 0.269382 2.27438 -1.69033</i>
                        <i>0.549711 -0.290468 0.783228 0.286994 0.946198 0.149479 -0.784508 0.142611 0.603498 0.295698 2.24581 -1.73542</i>
                        <i>0.543523 -0.302689 0.782919 0.266575 0.946678 0.180938 -0.79594 0.110363 0.59523 0.289386 2.25249 -1.72503</i>
                        <i>0.57315 -0.315446 0.756302 0.235085 0.947439 0.217012 -0.785006 0.0534145 0.617181 0.277756 2.2664 -1.69383</i>
                        <i>0.625595 -0.304596 0.718228 0.222094 0.952072 0.210318 -0.747867 0.0279398 0.66326 0.268955 2.27474 -1.67089</i>
                        <i>0.595336 -0.286427 0.750689 0.237897 0.955246 0.175812 -0.76745 0.0739201 0.636832 0.269382 2.27438 -1.69033</i>
                        <i>0.568005 -0.257185 0.78181 0.247873 0.959273 0.135478 -0.784812 0.116837 0.608621 0.224703 2.2628 -1.77754</i>
                        <i>0.611798 -0.222548 0.759062 0.177732 0.973745 0.142239 -0.770788 0.0478879 0.63529 0.186708 2.25554 -1.76179</i>
                        <i>0.577634 -0.252997 0.7761 0.197503 0.965826 0.167848 -0.792042 0.0563275 0.607862 0.227141 2.25556 -1.73051</i>
                        <i>0.576579 -0.276645 0.768781 0.234857 0.957339 0.168357 -0.782559 0.0834826 0.616954 0.270769 2.25716 -1.6983</i>
                        <i>0.626927 -0.296274 0.720544 0.258858 0.951539 0.166028 -0.734816 0.0824314 0.673239 0.271235 2.26561 -1.67069</i>
                        <i>0.549711 -0.290468 0.783228 0.286994 0.946198 0.149479 -0.784508 0.142611 0.603498 0.295698 2.24581 -1.73542</i>
                        <i>0.543523 -0.302689 0.782919 0.266575 0.946678 0.180938 -0.79594 0.110363 0.59523 0.289386 2.25249 -1.72503</i>
                        <i>0.57315 -0.315446 0.756302 0.235085 0.947439 0.217012 -0.785006 0.0534145 0.617181 0.277756 2.2664 -1.69383</i>
                        <i>0.625595 -0.304596 0.718228 0.222094 0.952072 0.210318 -0.747867 0.0279398 0.66326 0.268955 2.27474 -1.67089</i>
                        <i>0.595336 -0.286427 0.750689 0.237897 0.955246 0.175812 -0.76745 0.0739201 0.636832 0.269382 2.27438 -1.69033</i>
                        <i>0.568005 -0.257185 0.78181 0.247873 0.959273 0.135478 -0.784812 0.116837 0.608621 0.224703 2.2628 -1.77754</i>
                        <i>0.611798 -0.222548 0.759062 0.177732 0.973745 0.142239 -0.770788 0.0478879 0.63529 0.186708 2.25554 -1.76179</i>
                        <i>0.577634 -0.252997 0.7761 0.197503 0.965826 0.167848 -0.792042 0.0563275 0.607862 0.227141 2.25556 -1.73051</i>
                        <i>0.576579 -0.276645 0.768781 0.234857 0.957339 0.168357 -0.782559 0.0834826 0.616954 0.270769 2.25716 -1.6983</i>
                        <i>0.595336 -0.286427 0.75069 0.237897 0.955246 0.175812 -0.767451 0.0739202 0.636833 0.269382 2.27438 -1.69033</i>
                    </KeyFrames>
                </p>
            </i>
            <i>
                <p>
                    <Name>
                        <![CDATA[l_elbow]]>
</Name>
                    <Exclude>0</Exclude>
                    <Additive>1</Additive>
                    <IKPriority>0</IKPriority>
                    <IKRotLimits>-1e+010 -1e+010 -1e+010 1e+010 1e+010 1e+010</IKRotLimits>
                    <IKRotLimitOrder>0</IKRotLimitOrder>
                    <KeyFrames count="21">
                        <i>-0.600051 -0.000267285 0.799962 0.235962 0.955448 0.177315 -0.764369 0.295159 -0.573255 0.463031 2.18121 -1.44615</i>
                        <i>-0.635329 0.0686836 0.769181 0.285021 0.946569 0.150898 -0.717719 0.315103 -0.620959 0.474506 2.15132 -1.48065</i>
                        <i>-0.609735 0.0177792 0.792406 0.264573 0.946972 0.182334 -0.747144 0.320825 -0.582106 0.466181 2.15403 -1.47036</i>
                        <i>-0.603611 -0.0351446 0.796504 0.233108 0.947594 0.218466 -0.76244 0.317539 -0.563785 0.464189 2.16379 -1.44782</i>
                        <i>-0.628997 -0.0274263 0.776924 0.220206 0.952161 0.211891 -0.745568 0.304362 -0.592867 0.472447 2.17566 -1.43727</i>
                        <i>-0.600051 -0.000267328 0.799961 0.235962 0.955448 0.177315 -0.764369 0.295158 -0.573255 0.463031 2.18121 -1.44615</i>
                        <i>-0.435364 -0.0168535 0.900097 0.245891 0.959581 0.136901 -0.866023 0.280928 -0.413623 0.409462 2.17915 -1.52324</i>
                        <i>-0.36235 -0.0717442 0.929277 0.175781 0.97388 0.143729 -0.915316 0.215429 -0.340274 0.385712 2.18315 -1.51489</i>
                        <i>-0.452487 -0.0642812 0.889451 0.195504 0.965984 0.16927 -0.870077 0.250483 -0.424529 0.415032 2.17327 -1.47806</i>
                        <i>-0.585557 -0.00134076 0.81063 0.232885 0.957564 0.169808 -0.776458 0.288216 -0.560396 0.458317 2.16718 -1.44824</i>
                        <i>-0.637338 0.0365356 0.769718 0.257003 0.951762 0.167626 -0.726464 0.304655 -0.615984 0.47516 2.16924 -1.43631</i>
                        <i>-0.635329 0.0686836 0.769181 0.285021 0.946569 0.150898 -0.717719 0.315103 -0.620959 0.474506 2.15132 -1.48065</i>
                        <i>-0.609735 0.0177792 0.792406 0.264573 0.946972 0.182334 -0.747144 0.320825 -0.582106 0.466181 2.15403 -1.47036</i>
                        <i>-0.603611 -0.0351446 0.796504 0.233108 0.947594 0.218466 -0.76244 0.317539 -0.563785 0.464189 2.16379 -1.44782</i>
                        <i>-0.628997 -0.0274263 0.776924 0.220206 0.952161 0.211891 -0.745568 0.304362 -0.592867 0.472447 2.17566 -1.43727</i>
                        <i>-0.600051 -0.000267328 0.799961 0.235962 0.955448 0.177315 -0.764369 0.295158 -0.573255 0.463031 2.18121 -1.44615</i>
                        <i>-0.435364 -0.0168535 0.900097 0.245891 0.959581 0.136901 -0.866023 0.280928 -0.413623 0.409462 2.17915 -1.52324</i>
                        <i>-0.36235 -0.0717442 0.929277 0.175781 0.97388 0.143729 -0.915316 0.215429 -0.340274 0.385712 2.18315 -1.51489</i>
                        <i>-0.452487 -0.0642812 0.889451 0.195504 0.965984 0.16927 -0.870077 0.250483 -0.424529 0.415032 2.17327 -1.47806</i>
                        <i>-0.585557 -0.00134076 0.81063 0.232885 0.957564 0.169808 -0.776458 0.288216 -0.560396 0.458317 2.16718 -1.44824</i>
                        <i>-0.600051 -0.000267285 0.799962 0.235962 0.955448 0.177315 -0.764369 0.295159 -0.573255 0.463031 2.18121 -1.44615</i>
                    </KeyFrames>
                </p>
            </i>
            <i>
                <p>
                    <Name>
                        <![CDATA[l_wrist]]>
</Name>
                    <Exclude>0</Exclude>
                    <Additive>1</Additive>
                    <IKPriority>0</IKPriority>
                    <IKRotLimits>-1e+010 -1e+010 -1e+010 1e+010 1e+010 1e+010</IKRotLimits>
                    <IKRotLimitOrder>0</IKRotLimitOrder>
                    <KeyFrames count="21">
                        <i>-0.236236 -0.10348 0.96617 0.946204 0.201761 0.252963 -0.221112 0.973953 0.0502499 0.267848 2.18112 -1.18594</i>
                        <i>-0.236236 -0.10348 0.96617 0.946204 0.201761 0.252963 -0.221112 0.973953 0.05025 0.267848 2.17366 -1.23046</i>
                        <i>-0.236236 -0.10348 0.96617 0.946204 0.201761 0.252963 -0.221112 0.973953 0.0502499 0.267848 2.15982 -1.21261</i>
                        <i>-0.236236 -0.10348 0.96617 0.946204 0.201761 0.252964 -0.221112 0.973953 0.05025 0.267848 2.15236 -1.18874</i>
                        <i>-0.236236 -0.10348 0.96617 0.946204 0.201761 0.252963 -0.221112 0.973953 0.05025 0.267848 2.16674 -1.18456</i>
                        <i>-0.236236 -0.10348 0.96617 0.946204 0.201761 0.252964 -0.221112 0.973953 0.0502499 0.267848 2.18112 -1.18594</i>
                        <i>-0.236236 -0.10348 0.96617 0.946204 0.201761 0.252963 -0.221112 0.973953 0.05025 0.267848 2.17366 -1.23046</i>
                        <i>-0.236236 -0.10348 0.96617 0.946204 0.201761 0.252964 -0.221112 0.973953 0.0502499 0.267848 2.15982 -1.21261</i>
                        <i>-0.236236 -0.10348 0.96617 0.946204 0.201761 0.252963 -0.221112 0.973953 0.0502501 0.267848 2.15236 -1.18874</i>
                        <i>-0.236236 -0.10348 0.96617 0.946204 0.201761 0.252963 -0.221112 0.973953 0.05025 0.267848 2.16674 -1.18456</i>
                        <i>-0.236236 -0.10348 0.96617 0.946204 0.201761 0.252963 -0.221112 0.973953 0.05025 0.267848 2.18112 -1.18594</i>
                        <i>-0.236236 -0.10348 0.96617 0.946204 0.201761 0.252963 -0.221112 0.973953 0.05025 0.267848 2.17366 -1.23046</i>
                        <i>-0.236236 -0.10348 0.96617 0.946204 0.201761 0.252963 -0.221112 0.973953 0.0502499 0.267848 2.15982 -1.21261</i>
                        <i>-0.236236 -0.10348 0.96617 0.946204 0.201761 0.252964 -0.221112 0.973953 0.05025 0.267848 2.15236 -1.18874</i>
                        <i>-0.236236 -0.10348 0.96617 0.946204 0.201761 0.252963 -0.221112 0.973953 0.05025 0.267848 2.16674 -1.18456</i>
                        <i>-0.236236 -0.10348 0.96617 0.946204 0.201761 0.252964 -0.221112 0.973953 0.0502499 0.267848 2.18112 -1.18594</i>
                        <i>-0.236236 -0.10348 0.96617 0.946204 0.201761 0.252963 -0.221112 0.973953 0.05025 0.267848 2.17366 -1.23046</i>
                        <i>-0.236236 -0.10348 0.96617 0.946204 0.201761 0.252964 -0.221112 0.973953 0.0502499 0.267848 2.15982 -1.21261</i>
                        <i>-0.236236 -0.10348 0.96617 0.946204 0.201761 0.252963 -0.221112 0.973953 0.0502501 0.267848 2.15236 -1.18874</i>
                        <i>-0.236236 -0.10348 0.96617 0.946204 0.201761 0.252963 -0.221112 0.973953 0.05025 0.267848 2.16674 -1.18456</i>
                        <i>-0.236236 -0.10348 0.96617 0.946204 0.201761 0.252963 -0.221112 0.973953 0.0502499 0.267848 2.18112 -1.18594</i>
                    </KeyFrames>
                </p>
            </i>
            <i>
                <p>
                    <Name>
                        <![CDATA[r_clav]]>
</Name>
                    <Exclude>0</Exclude>
                    <Additive>1</Additive>
                    <IKPriority>0</IKPriority>
                    <IKRotLimits>-1e+010 -1e+010 -1e+010 1e+010 1e+010 1e+010</IKRotLimits>
                    <IKRotLimitOrder>0</IKRotLimitOrder>
                    <KeyFrames count="21">
                        <i>0.951491 -0.280752 -0.125868 -0.307664 -0.871841 -0.381098 -0.00274311 0.401336 -0.915927 -0.0910986 2.23409 -1.63722</i>
                        <i>0.923489 -0.342328 0.17315 -0.254493 -0.884413 -0.391211 0.287058 0.317214 -0.903865 -0.0740332 2.23016 -1.6779</i>
                        <i>0.94034 -0.327008 0.093953 -0.266601 -0.879741 -0.393675 0.211389 0.34514 -0.914436 -0.077551 2.22963 -1.66794</i>
                        <i>0.955342 -0.290832 -0.0523215 -0.287598 -0.874427 -0.390723 0.0678834 0.388322 -0.91902 -0.0844312 2.22931 -1.63865</i>
                        <i>0.954758 -0.267837 -0.129232 -0.297229 -0.873487 -0.385583 -0.00960939 0.40655 -0.913578 -0.0908804 2.22955 -1.61736</i>
                        <i>0.951491 -0.280752 -0.125868 -0.307664 -0.871841 -0.381098 -0.00274312 0.401336 -0.915927 -0.0910985 2.23409 -1.63722</i>
                        <i>0.949499 -0.294758 0.107566 -0.234486 -0.894366 -0.380955 0.208493 0.336493 -0.918315 -0.138989 2.22765 -1.69541</i>
                        <i>0.966718 -0.2332 0.105235 -0.208406 -0.956358 -0.204809 0.148403 0.176061 -0.973129 -0.170572 2.22118 -1.65491</i>
                        <i>0.959693 -0.275956 0.053258 -0.256688 -0.937799 -0.233762 0.114453 0.210669 -0.970834 -0.135366 2.22573 -1.66254</i>
                        <i>0.948741 -0.315853 -0.0113101 -0.304232 -0.902967 -0.303469 0.0856391 0.291355 -0.952774 -0.0939903 2.23186 -1.67184</i>
                        <i>0.948754 -0.310953 -0.0563389 -0.307021 -0.864753 -0.397416 0.0748585 0.394348 -0.915907 -0.0931915 2.23688 -1.64316</i>
                        <i>0.923489 -0.342328 0.17315 -0.254493 -0.884413 -0.391211 0.287058 0.317214 -0.903865 -0.0740332 2.23016 -1.6779</i>
                        <i>0.94034 -0.327008 0.093953 -0.266601 -0.879741 -0.393675 0.211389 0.34514 -0.914436 -0.077551 2.22963 -1.66794</i>
                        <i>0.955342 -0.290832 -0.0523215 -0.287598 -0.874427 -0.390723 0.0678834 0.388322 -0.91902 -0.0844312 2.22931 -1.63865</i>
                        <i>0.954758 -0.267837 -0.129232 -0.297229 -0.873487 -0.385583 -0.00960939 0.40655 -0.913578 -0.0908804 2.22955 -1.61736</i>
                        <i>0.951491 -0.280752 -0.125868 -0.307664 -0.871841 -0.381098 -0.00274312 0.401336 -0.915927 -0.0910985 2.23409 -1.63722</i>
                        <i>0.949499 -0.294758 0.107566 -0.234486 -0.894366 -0.380955 0.208493 0.336493 -0.918315 -0.138989 2.22765 -1.69541</i>
                        <i>0.966718 -0.2332 0.105235 -0.208406 -0.956358 -0.204809 0.148403 0.176061 -0.973129 -0.170572 2.22118 -1.65491</i>
                        <i>0.959693 -0.275956 0.053258 -0.256688 -0.937799 -0.233762 0.114453 0.210669 -0.970834 -0.135366 2.22573 -1.66254</i>
                        <i>0.948741 -0.315853 -0.0113101 -0.304232 -0.902967 -0.303469 0.0856391 0.291355 -0.952774 -0.0939903 2.23186 -1.67184</i>
                        <i>0.951491 -0.280752 -0.125868 -0.307664 -0.871841 -0.381098 -0.00274311 0.401336 -0.915927 -0.0910986 2.23409 -1.63722</i>
                    </KeyFrames>
                </p>
            </i>
            <i>
                <p>
                    <Name>
                        <![CDATA[r_shoulder]]>
</Name>
                    <Exclude>0</Exclude>
                    <Additive>1</Additive>
                    <IKPriority>0</IKPriority>
                    <IKRotLimits>-1e+010 -1e+010 -1e+010 1e+010 1e+010 1e+010</IKRotLimits>
                    <IKRotLimitOrder>0</IKRotLimitOrder>
                    <KeyFrames count="21">
                        <i>0.667878 0.406909 -0.623189 0.320154 -0.912958 -0.253 -0.671893 -0.0305435 -0.740018 -0.279092 2.28957 -1.61235</i>
