<?xml version="1.0" encoding="ISO-8859-1" ?>
<Animl Version="1">
    <ModellingPackage><![CDATA[Maya.2010]]></ModellingPackage>
    <SrcFile><![CDATA[anims\turrets\machinegun\blue\~src\mgun_m2browning\mgun_m2browning_idle_crewman_c.mb]]></SrcFile>
    <FramesPerSecond>30</FramesPerSecond>
    <TotalFrames>97</TotalFrames>
    <Skeleton>
        <RefFrame>
            <Name><![CDATA[soldier_ref_frame]]></Name>
            <Exclude>0</Exclude>
            <Additive>0</Additive>
            <IKPriority>0</IKPriority>
            <IKRotLimits>-1e+010 -1e+010 -1e+010 1e+010 1e+010 1e+010</IKRotLimits>
            <IKRotLimitOrder>0</IKRotLimitOrder>
            <KeyFrames count="97">
                <i>1 0 0 0 1 0 0 0 1 -1.51 0.91 0.63</i>
                <i>1 0 0 0 1 0 0 0 1 -1.51 0.91 0.63</i>
                <i>1 0 0 0 1 0 0 0 1 -1.51 0.91 0.63</i>
                <i>1 0 0 0 1 0 0 0 1 -1.51 0.91 0.63</i>
                <i>1 0 0 0 1 0 0 0 1 -1.51 0.91 0.63</i>
                <i>1 0 0 0 1 0 0 0 1 -1.51 0.91 0.63</i>
                <i>1 0 0 0 1 0 0 0 1 -1.51 0.91 0.63</i>
                <i>1 0 0 0 1 0 0 0 1 -1.51 0.91 0.63</i>
                <i>1 0 0 0 1 0 0 0 1 -1.51 0.91 0.63</i>
                <i>1 0 0 0 1 0 0 0 1 -1.51 0.91 0.63</i>
                <i>1 0 0 0 1 0 0 0 1 -1.51 0.91 0.63</i>
                <i>1 0 0 0 1 0 0 0 1 -1.51 0.91 0.63</i>
                <i>1 0 0 0 1 0 0 0 1 -1.51 0.91 0.63</i>
                <i>1 0 0 0 1 0 0 0 1 -1.51 0.91 0.63</i>
                <i>1 0 0 0 1 0 0 0 1 -1.51 0.91 0.63</i>
                <i>1 0 0 0 1 0 0 0 1 -1.51 0.91 0.63</i>
                <i>1 0 0 0 1 0 0 0 1 -1.51 0.91 0.63</i>
                <i>1 0 0 0 1 0 0 0 1 -1.51 0.91 0.63</i>
                <i>1 0 0 0 1 0 0 0 1 -1.51 0.91 0.63</i>
                <i>1 0 0 0 1 0 0 0 1 -1.51 0.91 0.63</i>
                <i>1 0 0 0 1 0 0 0 1 -1.51 0.91 0.63</i>
                <i>1 0 0 0 1 0 0 0 1 -1.51 0.91 0.63</i>
                <i>1 0 0 0 1 0 0 0 1 -1.51 0.91 0.63</i>
                <i>1 0 0 0 1 0 0 0 1 -1.51 0.91 0.63</i>
                <i>1 0 0 0 1 0 0 0 1 -1.51 0.91 0.63</i>
                <i>1 0 0 0 1 0 0 0 1 -1.51 0.91 0.63</i>
                <i>1 0 0 0 1 0 0 0 1 -1.51 0.91 0.63</i>
                <i>1 0 0 0 1 0 0 0 1 -1.51 0.91 0.63</i>
                <i>1 0 0 0 1 0 0 0 1 -1.51 0.91 0.63</i>
                <i>1 0 0 0 1 0 0 0 1 -1.51 0.91 0.63</i>
                <i>1 0 0 0 1 0 0 0 1 -1.51 0.91 0.63</i>
                <i>1 0 0 0 1 0 0 0 1 -1.51 0.91 0.63</i>
                <i>1 0 0 0 1 0 0 0 1 -1.51 0.91 0.63</i>
                <i>1 0 0 0 1 0 0 0 1 -1.51 0.91 0.63</i>
                <i>1 0 0 0 1 0 0 0 1 -1.51 0.91 0.63</i>
                <i>1 0 0 0 1 0 0 0 1 -1.51 0.91 0.63</i>
                <i>1 0 0 0 1 0 0 0 1 -1.51 0.91 0.63</i>
                <i>1 0 0 0 1 0 0 0 1 -1.51 0.91 0.63</i>
                <i>1 0 0 0 1 0 0 0 1 -1.51 0.91 0.63</i>
                <i>1 0 0 0 1 0 0 0 1 -1.51 0.91 0.63</i>
                <i>1 0 0 0 1 0 0 0 1 -1.51 0.91 0.63</i>
                <i>1 0 0 0 1 0 0 0 1 -1.51 0.91 0.63</i>
                <i>1 0 0 0 1 0 0 0 1 -1.51 0.91 0.63</i>
                <i>1 0 0 0 1 0 0 0 1 -1.51 0.91 0.63</i>
                <i>1 0 0 0 1 0 0 0 1 -1.51 0.91 0.63</i>
                <i>1 0 0 0 1 0 0 0 1 -1.51 0.91 0.63</i>
                <i>1 0 0 0 1 0 0 0 1 -1.51 0.91 0.63</i>
                <i>1 0 0 0 1 0 0 0 1 -1.51 0.91 0.63</i>
                <i>1 0 0 0 1 0 0 0 1 -1.51 0.91 0.63</i>
                <i>1 0 0 0 1 0 0 0 1 -1.51 0.91 0.63</i>
                <i>1 0 0 0 1 0 0 0 1 -1.51 0.91 0.63</i>
                <i>1 0 0 0 1 0 0 0 1 -1.51 0.91 0.63</i>
                <i>1 0 0 0 1 0 0 0 1 -1.51 0.91 0.63</i>
                <i>1 0 0 0 1 0 0 0 1 -1.51 0.91 0.63</i>
                <i>1 0 0 0 1 0 0 0 1 -1.51 0.91 0.63</i>
                <i>1 0 0 0 1 0 0 0 1 -1.51 0.91 0.63</i>
                <i>1 0 0 0 1 0 0 0 1 -1.51 0.91 0.63</i>
                <i>1 0 0 0 1 0 0 0 1 -1.51 0.91 0.63</i>
                <i>1 0 0 0 1 0 0 0 1 -1.51 0.91 0.63</i>
                <i>1 0 0 0 1 0 0 0 1 -1.51 0.91 0.63</i>
                <i>1 0 0 0 1 0 0 0 1 -1.51 0.91 0.63</i>
                <i>1 0 0 0 1 0 0 0 1 -1.51 0.91 0.63</i>
                <i>1 0 0 0 1 0 0 0 1 -1.51 0.91 0.63</i>
                <i>1 0 0 0 1 0 0 0 1 -1.51 0.91 0.63</i>
                <i>1 0 0 0 1 0 0 0 1 -1.51 0.91 0.63</i>
                <i>1 0 0 0 1 0 0 0 1 -1.51 0.91 0.63</i>
                <i>1 0 0 0 1 0 0 0 1 -1.51 0.91 0.63</i>
                <i>1 0 0 0 1 0 0 0 1 -1.51 0.91 0.63</i>
                <i>1 0 0 0 1 0 0 0 1 -1.51 0.91 0.63</i>
                <i>1 0 0 0 1 0 0 0 1 -1.51 0.91 0.63</i>
                <i>1 0 0 0 1 0 0 0 1 -1.51 0.91 0.63</i>
                <i>1 0 0 0 1 0 0 0 1 -1.51 0.91 0.63</i>
                <i>1 0 0 0 1 0 0 0 1 -1.51 0.91 0.63</i>
                <i>1 0 0 0 1 0 0 0 1 -1.51 0.91 0.63</i>
                <i>1 0 0 0 1 0 0 0 1 -1.51 0.91 0.63</i>
                <i>1 0 0 0 1 0 0 0 1 -1.51 0.91 0.63</i>
                <i>1 0 0 0 1 0 0 0 1 -1.51 0.91 0.63</i>
                <i>1 0 0 0 1 0 0 0 1 -1.51 0.91 0.63</i>
                <i>1 0 0 0 1 0 0 0 1 -1.51 0.91 0.63</i>
                <i>1 0 0 0 1 0 0 0 1 -1.51 0.91 0.63</i>
                <i>1 0 0 0 1 0 0 0 1 -1.51 0.91 0.63</i>
                <i>1 0 0 0 1 0 0 0 1 -1.51 0.91 0.63</i>
                <i>1 0 0 0 1 0 0 0 1 -1.51 0.91 0.63</i>
                <i>1 0 0 0 1 0 0 0 1 -1.51 0.91 0.63</i>
                <i>1 0 0 0 1 0 0 0 1 -1.51 0.91 0.63</i>
                <i>1 0 0 0 1 0 0 0 1 -1.51 0.91 0.63</i>
                <i>1 0 0 0 1 0 0 0 1 -1.51 0.91 0.63</i>
                <i>1 0 0 0 1 0 0 0 1 -1.51 0.91 0.63</i>
                <i>1 0 0 0 1 0 0 0 1 -1.51 0.91 0.63</i>
                <i>1 0 0 0 1 0 0 0 1 -1.51 0.91 0.63</i>
                <i>1 0 0 0 1 0 0 0 1 -1.51 0.91 0.63</i>
                <i>1 0 0 0 1 0 0 0 1 -1.51 0.91 0.63</i>
                <i>1 0 0 0 1 0 0 0 1 -1.51 0.91 0.63</i>
                <i>1 0 0 0 1 0 0 0 1 -1.51 0.91 0.63</i>
                <i>1 0 0 0 1 0 0 0 1 -1.51 0.91 0.63</i>
                <i>1 0 0 0 1 0 0 0 1 -1.51 0.91 0.63</i>
                <i>1 0 0 0 1 0 0 0 1 -1.51 0.91 0.63</i>
            </KeyFrames>
        </RefFrame>
        <Bones count="23">
            <i>
                <p>
                    <Name><![CDATA[pelvis]]></Name>
                    <Exclude>0</Exclude>
                    <Additive>0</Additive>
                    <IKPriority>0</IKPriority>
                    <IKRotLimits>-1e+010 -1e+010 -1e+010 1e+010 1e+010 1e+010</IKRotLimits>
                    <IKRotLimitOrder>2</IKRotLimitOrder>
                    <KeyFrames count="97">
                        <i>1 0 0 0 1 0 0 0 1 -1.51092 1.56038 0.731578</i>
                        <i>1 0 0 0 1 0 0 0 1 -1.51092 1.56073 0.731578</i>
                        <i>1 0 0 0 1 0 0 0 1 -1.51092 1.56108 0.731578</i>
                        <i>1 0 0 0 1 0 0 0 1 -1.51092 1.5614 0.731578</i>
                        <i>1 0 0 0 1 0 0 0 1 -1.51092 1.56171 0.731578</i>
                        <i>1 0 0 0 1 0 0 0 1 -1.51092 1.56201 0.731578</i>
                        <i>1 0 0 0 1 0 0 0 1 -1.51092 1.56229 0.731578</i>
                        <i>1 0 0 0 1 0 0 0 1 -1.51092 1.56254 0.731578</i>
                        <i>1 0 0 0 1 0 0 0 1 -1.51092 1.56278 0.731578</i>
                        <i>1 0 0 0 1 0 0 0 1 -1.51092 1.56299 0.731578</i>
                        <i>1 0 0 0 1 0 0 0 1 -1.51092 1.56318 0.731578</i>
                        <i>1 0 0 0 1 0 0 0 1 -1.51092 1.56335 0.731578</i>
                        <i>1 0 0 0 1 0 0 0 1 -1.51092 1.56349 0.731578</i>
                        <i>1 0 0 0 1 0 0 0 1 -1.51092 1.56359 0.731578</i>
                        <i>1 0 0 0 1 0 0 0 1 -1.51092 1.56367 0.731578</i>
                        <i>1 0 0 0 1 0 0 0 1 -1.51092 1.56372 0.731578</i>
                        <i>1 0 0 0 1 0 0 0 1 -1.51092 1.56374 0.731578</i>
                        <i>1 0 0 0 1 0 0 0 1 -1.51092 1.56372 0.731578</i>
                        <i>1 0 0 0 1 0 0 0 1 -1.51092 1.56367 0.731578</i>
                        <i>1 0 0 0 1 0 0 0 1 -1.51092 1.56359 0.731578</i>
                        <i>1 0 0 0 1 0 0 0 1 -1.51092 1.56349 0.731578</i>
                        <i>1 0 0 0 1 0 0 0 1 -1.51092 1.56335 0.731578</i>
                        <i>1 0 0 0 1 0 0 0 1 -1.51092 1.56318 0.731578</i>
                        <i>1 0 0 0 1 0 0 0 1 -1.51092 1.56299 0.731578</i>
                        <i>1 0 0 0 1 0 0 0 1 -1.51092 1.56278 0.731578</i>
                        <i>1 0 0 0 1 0 0 0 1 -1.51092 1.56254 0.731578</i>
                        <i>1 0 0 0 1 0 0 0 1 -1.51092 1.56229 0.731578</i>
                        <i>1 0 0 0 1 0 0 0 1 -1.51092 1.56201 0.731578</i>
                        <i>1 0 0 0 1 0 0 0 1 -1.51092 1.56171 0.731578</i>
                        <i>1 0 0 0 1 0 0 0 1 -1.51092 1.5614 0.731578</i>
                        <i>1 0 0 0 1 0 0 0 1 -1.51092 1.56108 0.731578</i>
                        <i>1 0 0 0 1 0 0 0 1 -1.51092 1.56073 0.731578</i>
                        <i>1 0 0 0 1 0 0 0 1 -1.51092 1.56038 0.731578</i>
                        <i>1 0 0 0 1 0 0 0 1 -1.51092 1.56001 0.731578</i>
                        <i>1 0 0 0 1 0 0 0 1 -1.51092 1.55964 0.731578</i>
                        <i>1 0 0 0 1 0 0 0 1 -1.51092 1.55925 0.731578</i>
                        <i>1 0 0 0 1 0 0 0 1 -1.51092 1.55886 0.731578</i>
                        <i>1 0 0 0 1 0 0 0 1 -1.51092 1.55847 0.731578</i>
                        <i>1 0 0 0 1 0 0 0 1 -1.51092 1.55807 0.731578</i>
                        <i>1 0 0 0 1 0 0 0 1 -1.51092 1.55766 0.731578</i>
                        <i>1 0 0 0 1 0 0 0 1 -1.51092 1.55726 0.731578</i>
                        <i>1 0 0 0 1 0 0 0 1 -1.51092 1.55685 0.731578</i>
                        <i>1 0 0 0 1 0 0 0 1 -1.51092 1.55645 0.731578</i>
                        <i>1 0 0 0 1 0 0 0 1 -1.51092 1.55605 0.731578</i>
                        <i>1 0 0 0 1 0 0 0 1 -1.51092 1.55565 0.731578</i>
                        <i>1 0 0 0 1 0 0 0 1 -1.51092 1.55526 0.731578</i>
                        <i>1 0 0 0 1 0 0 0 1 -1.51092 1.55488 0.731578</i>
                        <i>1 0 0 0 1 0 0 0 1 -1.51092 1.5545 0.731578</i>
                        <i>1 0 0 0 1 0 0 0 1 -1.51092 1.55414 0.731578</i>
                        <i>1 0 0 0 1 0 0 0 1 -1.51092 1.55378 0.731578</i>
                        <i>1 0 0 0 1 0 0 0 1 -1.51092 1.55344 0.731578</i>
                        <i>1 0 0 0 1 0 0 0 1 -1.51092 1.55311 0.731578</i>
                        <i>1 0 0 0 1 0 0 0 1 -1.51092 1.5528 0.731578</i>
                        <i>1 0 0 0 1 0 0 0 1 -1.51092 1.55251 0.731578</i>
                        <i>1 0 0 0 1 0 0 0 1 -1.51092 1.55223 0.731578</i>
                        <i>1 0 0 0 1 0 0 0 1 -1.51092 1.55197 0.731578</i>
                        <i>1 0 0 0 1 0 0 0 1 -1.51092 1.55174 0.731578</i>
                        <i>1 0 0 0 1 0 0 0 1 -1.51092 1.55152 0.731578</i>
                        <i>1 0 0 0 1 0 0 0 1 -1.51092 1.55133 0.731578</i>
                        <i>1 0 0 0 1 0 0 0 1 -1.51092 1.55117 0.731578</i>
                        <i>1 0 0 0 1 0 0 0 1 -1.51092 1.55103 0.731578</i>
                        <i>1 0 0 0 1 0 0 0 1 -1.51092 1.55092 0.731578</i>
                        <i>1 0 0 0 1 0 0 0 1 -1.51092 1.55084 0.731578</i>
                        <i>1 0 0 0 1 0 0 0 1 -1.51092 1.55079 0.731578</i>
                        <i>1 0 0 0 1 0 0 0 1 -1.51092 1.55078 0.731578</i>
                        <i>1 0 0 0 1 0 0 0 1 -1.51092 1.55079 0.731578</i>
                        <i>1 0 0 0 1 0 0 0 1 -1.51092 1.55084 0.731578</i>
                        <i>1 0 0 0 1 0 0 0 1 -1.51092 1.55092 0.731578</i>
                        <i>1 0 0 0 1 0 0 0 1 -1.51092 1.55103 0.731578</i>
                        <i>1 0 0 0 1 0 0 0 1 -1.51092 1.55117 0.731578</i>
                        <i>1 0 0 0 1 0 0 0 1 -1.51092 1.55133 0.731578</i>
                        <i>1 0 0 0 1 0 0 0 1 -1.51092 1.55152 0.731578</i>
                        <i>1 0 0 0 1 0 0 0 1 -1.51092 1.55174 0.731578</i>
                        <i>1 0 0 0 1 0 0 0 1 -1.51092 1.55197 0.731578</i>
                        <i>1 0 0 0 1 0 0 0 1 -1.51092 1.55223 0.731578</i>
                        <i>1 0 0 0 1 0 0 0 1 -1.51092 1.55251 0.731578</i>
                        <i>1 0 0 0 1 0 0 0 1 -1.51092 1.5528 0.731578</i>
                        <i>1 0 0 0 1 0 0 0 1 -1.51092 1.55311 0.731578</i>
                        <i>1 0 0 0 1 0 0 0 1 -1.51092 1.55344 0.731578</i>
                        <i>1 0 0 0 1 0 0 0 1 -1.51092 1.55378 0.731578</i>
                        <i>1 0 0 0 1 0 0 0 1 -1.51092 1.55414 0.731578</i>
                        <i>1 0 0 0 1 0 0 0 1 -1.51092 1.5545 0.731578</i>
                        <i>1 0 0 0 1 0 0 0 1 -1.51092 1.55488 0.731578</i>
                        <i>1 0 0 0 1 0 0 0 1 -1.51092 1.55526 0.731578</i>
                        <i>1 0 0 0 1 0 0 0 1 -1.51092 1.55565 0.731578</i>
                        <i>1 0 0 0 1 0 0 0 1 -1.51092 1.55605 0.731578</i>
                        <i>1 0 0 0 1 0 0 0 1 -1.51092 1.55645 0.731578</i>
                        <i>1 0 0 0 1 0 0 0 1 -1.51092 1.55685 0.731578</i>
                        <i>1 0 0 0 1 0 0 0 1 -1.51092 1.55726 0.731578</i>
                        <i>1 0 0 0 1 0 0 0 1 -1.51092 1.55766 0.731578</i>
                        <i>1 0 0 0 1 0 0 0 1 -1.51092 1.55807 0.731578</i>
                        <i>1 0 0 0 1 0 0 0 1 -1.51092 1.55847 0.731578</i>
                        <i>1 0 0 0 1 0 0 0 1 -1.51092 1.55886 0.731578</i>
                        <i>1 0 0 0 1 0 0 0 1 -1.51092 1.55925 0.731578</i>
                        <i>1 0 0 0 1 0 0 0 1 -1.51092 1.55964 0.731578</i>
                        <i>1 0 0 0 1 0 0 0 1 -1.51092 1.56001 0.731578</i>
                        <i>1 0 0 0 1 0 0 0 1 -1.51092 1.56038 0.731578</i>
                    </KeyFrames>
                </p>
            </i>
            <i>
                <p>
                    <Name><![CDATA[spine0]]></Name>
                    <Exclude>0</Exclude>
                    <Additive>0</Additive>
                    <IKPriority>0</IKPriority>
                    <IKRotLimits>-1e+010 -1e+010 -1e+010 1e+010 1e+010 1e+010</IKRotLimits>
                    <IKRotLimitOrder>0</IKRotLimitOrder>
                    <KeyFrames count="97">
                        <i>-0.347257 0.792324 0.501632 -0.935497 -0.329906 -0.126519 0.0652475 -0.51321 0.855779 -1.56729 1.69267 0.727391</i>
                        <i>-0.347322 0.792675 0.501032 -0.93549 -0.329924 -0.126525 0.0650091 -0.512655 0.85613 -1.56729 1.69302 0.727391</i>
                        <i>-0.347392 0.793053 0.500386 -0.935482 -0.329945 -0.126533 0.0647528 -0.512058 0.856507 -1.56729 1.69337 0.727391</i>
                        <i>-0.347467 0.793452 0.4997 -0.935472 -0.329968 -0.126541 0.064481 -0.511424 0.856906 -1.56729 1.69369 0.727391</i>
                        <i>-0.347547 0.79387 0.498981 -0.935463 -0.329993 -0.126549 0.0641963 -0.51076 0.857323 -1.56729 1.69401 0.727391</i>
                        <i>-0.347629 0.794302 0.498235 -0.935452 -0.330019 -0.126559 0.063901 -0.51007 0.857756 -1.56729 1.6943 0.727391</i>
                        <i>-0.347715 0.794745 0.497468 -0.935441 -0.330046 -0.126568 0.0635978 -0.509362 0.858199 -1.56729 1.69458 0.727391</i>
                        <i>-0.347802 0.795196 0.496686 -0.93543 -0.330075 -0.126579 0.0632889 -0.508639 0.858651 -1.56729 1.69483 0.727391</i>
                        <i>-0.34789 0.79565 0.495896 -0.935418 -0.330104 -0.126589 0.062977 -0.507909 0.859105 -1.56729 1.69507 0.727391</i>
                        <i>-0.347979 0.796105 0.495104 -0.935406 -0.330135 -0.1266 0.0626644 -0.507177 0.859561 -1.56729 1.69528 0.727391</i>
                        <i>-0.348068 0.796556 0.494316 -0.935393 -0.330165 -0.12661 0.0623536 -0.506449 0.860013 -1.56729 1.69547 0.727391</i>
                        <i>-0.348155 0.797 0.493538 -0.935381 -0.330195 -0.126621 0.0620471 -0.50573 0.860458 -1.56729 1.69564 0.727391</i>
                        <i>-0.348241 0.797433 0.492776 -0.935369 -0.330226 -0.126632 0.0617472 -0.505026 0.860892 -1.56729 1.69578 0.727391</i>
                        <i>-0.348325 0.797853 0.492038 -0.935357 -0.330256 -0.126642 0.0614564 -0.504343 0.861313 -1.56729 1.69589 0.727391</i>
                        <i>-0.348406 0.798255 0.491327 -0.935345 -0.330285 -0.126653 0.0611771 -0.503687 0.861717 -1.56729 1.69597 0.727391</i>
                        <i>-0.348483 0.798636 0.490652 -0.935334 -0.330314 -0.126663 0.0609117 -0.503063 0.8621 -1.56729 1.69601 0.727391</i>
                        <i>-0.348556 0.798994 0.490018 -0.935323 -0.330342 -0.126673 0.0606627 -0.502478 0.862459 -1.56729 1.69603 0.727391</i>
                        <i>-0.348624 0.799319 0.489439 -0.935312 -0.330368 -0.126682 0.0604356 -0.501943 0.862787 -1.56729 1.69601 0.727391</i>
                        <i>-0.348692 0.799654 0.488843 -0.935302 -0.330393 -0.126691 0.0602016 -0.501392 0.863123 -1.56729 1.69597 0.727391</i>
                        <i>-0.34876 0.799993 0.48824 -0.935292 -0.330418 -0.1267 0.0599644 -0.500834 0.863464 -1.56729 1.69589 0.727391</i>
                        <i>-0.348829 0.800352 0.487601 -0.935282 -0.330443 -0.126708 0.0597127 -0.500244 0.863823 -1.56729 1.69578 0.727391</i>
                        <i>-0.3489 0.800729 0.486931 -0.935273 -0.330467 -0.126717 0.0594485 -0.499625 0.8642 -1.56729 1.69564 0.727391</i>
                        <i>-0.348973 0.801116 0.486242 -0.935263 -0.330492 -0.126726 0.0591772 -0.498988 0.864586 -1.56729 1.69547 0.727391</i>
                        <i>-0.349048 0.801508 0.485541 -0.935252 -0.330518 -0.126735 0.0589009 -0.49834 0.864979 -1.56729 1.69528 0.727391</i>
                        <i>-0.349123 0.801904 0.484832 -0.935241 -0.330544 -0.126744 0.0586218 -0.497684 0.865375 -1.56729 1.69507 0.727391</i>
                        <i>-0.3492 0.802301 0.484121 -0.93523 -0.330572 -0.126754 0.0583421 -0.497027 0.865771 -1.56729 1.69483 0.727391</i>
                        <i>-0.349276 0.802694 0.483414 -0.935219 -0.330599 -0.126764 0.058064 -0.496374 0.866165 -1.56729 1.69458 0.727391</i>
                        <i>-0.349351 0.803081 0.482716 -0.935208 -0.330627 -0.126773 0.0577897 -0.495729 0.866553 -1.56729 1.6943 0.727391</i>
                        <i>-0.349425 0.803459 0.482033 -0.935197 -0.330655 -0.126783 0.0575214 -0.495097 0.866931 -1.56729 1.69401 0.727391</i>
                        <i>-0.349497 0.803825 0.48137 -0.935186 -0.330682 -0.126793 0.0572612 -0.494484 0.867298 -1.56729 1.69369 0.727391</i>
                        <i>-0.349567 0.804176 0.480733 -0.935175 -0.330709 -0.126802 0.0570114 -0.493896 0.86765 -1.56729 1.69337 0.727391</i>
                        <i>-0.349633 0.804509 0.480128 -0.935165 -0.330735 -0.126811 0.056774 -0.493336 0.867984 -1.56729 1.69302 0.727391</i>
                        <i>-0.349696 0.80482 0.479559 -0.935155 -0.33076 -0.12682 0.0565512 -0.49281 0.868297 -1.56729 1.69267 0.727391</i>
                        <i>-0.349755 0.805108 0.479033 -0.935145 -0.330784 -0.126829 0.0563453 -0.492324 0.868586 -1.56729 1.6923 0.727391</i>
                        <i>-0.349809 0.805369 0.478554 -0.935136 -0.330806 -0.126837 0.0561583 -0.491882 0.868849 -1.56729 1.69193 0.727391</i>
                        <i>-0.349858 0.8056 0.478129 -0.935128 -0.330827 -0.126844 0.0559923 -0.491489 0.869082 -1.56729 1.69155 0.727391</i>
                        <i>-0.349901 0.805799 0.477763 -0.93512 -0.330845 -0.126851 0.0558497 -0.491151 0.869282 -1.56729 1.69115 0.727391</i>
                        <i>-0.349937 0.805962 0.477461 -0.935114 -0.330862 -0.126856 0.0557324 -0.490872 0.869447 -1.56729 1.69076 0.727391</i>
                        <i>-0.349967 0.806086 0.477229 -0.935108 -0.330877 -0.126862 0.0556427 -0.490658 0.869574 -1.56729 1.69036 0.727391</i>
                        <i>-0.349989 0.806169 0.477073 -0.935103 -0.330888 -0.126866 0.0555827 -0.490514 0.869659 -1.56729 1.68995 0.727391</i>
                        <i>-0.350004 0.806208 0.476997 -0.935099 -0.330898 -0.126869 0.0555546 -0.490445 0.8697 -1.56729 1.68955 0.727391</i>
                        <i>-0.35001 0.8062 0.477006 -0.935097 -0.330904 -0.126871 0.0555596 -0.490453 0.869695 -1.56729 1.68914 0.727391</i>
                        <i>-0.350007 0.806147 0.477097 -0.935096 -0.330907 -0.126872 0.0555969 -0.490537 0.869645 -1.56729 1.68874 0.727391</i>
                        <i>-0.349996 0.806052 0.477266 -0.935096 -0.330907 -0.126872 0.0556651 -0.490695 0.869552 -1.56729 1.68834 0.727391</i>
                        <i>-0.349977 0.805916 0.477509 -0.935097 -0.330904 -0.126871 0.0557619 -0.490919 0.869419 -1.56729 1.68794 0.727391</i>
                        <i>-0.349951 0.805744 0.477818 -0.9351 -0.330897 -0.126869 0.055885 -0.491206 0.869249 -1.56729 1.68755 0.727391</i>
                        <i>-0.349918 0.805538 0.47819 -0.935103 -0.330888 -0.126866 0.0560324 -0.49155 0.869045 -1.56729 1.68717 0.727391</i>
                        <i>-0.349878 0.805301 0.478619 -0.935108 -0.330876 -0.126861 0.0562019 -0.491946 0.86881 -1.56729 1.68679 0.727391</i>
                        <i>-0.349832 0.805036 0.479099 -0.935114 -0.330862 -0.126856 0.0563917 -0.49239 0.868546 -1.56729 1.68643 0.727391</i>
                        <i>-0.34978 0.804744 0.479625 -0.93512 -0.330845 -0.126851 0.0565995 -0.492877 0.868256 -1.56729 1.68607 0.727391</i>
                        <i>-0.349724 0.80443 0.480193 -0.935128 -0.330827 -0.126844 0.0568235 -0.493402 0.867943 -1.56729 1.68573 0.727391</i>
                        <i>-0.349663 0.804096 0.480796 -0.935136 -0.330806 -0.126837 0.0570616 -0.49396 0.86761 -1.56729 1.6854 0.727391</i>
                        <i>-0.349598 0.803745 0.481431 -0.935145 -0.330784 -0.126829 0.0573117 -0.494547 0.867259 -1.56729 1.68509 0.727391</i>
                        <i>-0.34953 0.803378 0.482091 -0.935155 -0.330761 -0.126821 0.0575718 -0.495157 0.866894 -1.56729 1.6848 0.727391</i>
                        <i>-0.349459 0.803001 0.482771 -0.935165 -0.330736 -0.126812 0.0578398 -0.495786 0.866516 -1.56729 1.68452 0.727391</i>
                        <i>-0.349386 0.802614 0.483467 -0.935175 -0.33071 -0.126803 0.0581137 -0.496429 0.86613 -1.56729 1.68426 0.727391</i>
                        <i>-0.349311 0.802221 0.484172 -0.935186 -0.330683 -0.126793 0.0583915 -0.497081 0.865737 -1.56729 1.68403 0.727391</i>
                        <i>-0.349235 0.801825 0.484883 -0.935197 -0.330656 -0.126784 0.0586711 -0.497738 0.865341 -1.56729 1.68381 0.727391</i>
                        <i>-0.349158 0.801429 0.485592 -0.935208 -0.330628 -0.126774 0.0589504 -0.498394 0.864944 -1.56729 1.68362 0.727391</i>
                        <i>-0.349082 0.801035 0.486296 -0.935219 -0.330601 -0.126764 0.0592273 -0.499044 0.86455 -1.56729 1.68346 0.727391</i>
                        <i>-0.349006 0.800648 0.486989 -0.93523 -0.330573 -0.126754 0.0594999 -0.499685 0.864161 -1.56729 1.68332 0.727391</i>
                        <i>-0.34893 0.800268 0.487666 -0.935241 -0.330545 -0.126745 0.059766 -0.50031 0.863781 -1.56729 1.68321 0.727391</i>
                        <i>-0.348857 0.799901 0.488321 -0.935252 -0.330518 -0.126735 0.0600235 -0.500915 0.863412 -1.56729 1.68313 0.727391</i>
                        <i>-0.348786 0.799548 0.488949 -0.935262 -0.330492 -0.126726 0.0602703 -0.501496 0.863058 -1.56729 1.68308 0.727391</i>
                        <i>-0.348718 0.799213 0.489545 -0.935273 -0.330466 -0.126717 0.0605045 -0.502046 0.862722 -1.56729 1.68307 0.727391</i>
                        <i>-0.348651 0.798879 0.490138 -0.935283 -0.330441 -0.126708 0.0607376 -0.502594 0.862386 -1.56729 1.68308 0.727391</i>
                        <i>-0.348581 0.798529 0.490757 -0.935293 -0.330416 -0.126699 0.0609814 -0.503167 0.862035 -1.56729 1.68313 0.727391</i>
                        <i>-0.348509 0.798158 0.491411 -0.935303 -0.330392 -0.12669 0.0612393 -0.503771 0.861664 -1.56729 1.68321 0.727391</i>
                        <i>-0.348434 0.797761 0.492109 -0.935313 -0.330367 -0.126682 0.0615148 -0.504416 0.861267 -1.56729 1.68332 0.727391</i>
                        <i>-0.348355 0.797344 0.49284 -0.935323 -0.330341 -0.126673 0.0618038 -0.505092 0.86085 -1.56729 1.68346 0.727391</i>
                        <i>-0.348273 0.796912 0.493596 -0.935334 -0.330314 -0.126663 0.0621026 -0.50579 0.860418 -1.56729 1.68362 0.727391</i>
                        <i>-0.348188 0.796469 0.49437 -0.935345 -0.330286 -0.126653 0.0624084 -0.506506 0.859975 -1.56729 1.68381 0.727391</i>
                        <i>-0.348101 0.796019 0.495156 -0.935357 -0.330257 -0.126643 0.0627188 -0.507232 0.859524 -1.56729 1.68403 0.727391</i>
                        <i>-0.348012 0.795565 0.495948 -0.935369 -0.330227 -0.126632 0.0630312 -0.507964 0.859069 -1.56729 1.68426 0.727391</i>
                        <i>-0.347923 0.795111 0.496738 -0.935381 -0.330196 -0.126621 0.0633431 -0.508694 0.858614 -1.56729 1.68452 0.727391</i>
                        <i>-0.347834 0.79466 0.497521 -0.935393 -0.330166 -0.126611 0.0636519 -0.509417 0.858163 -1.56729 1.6848 0.727391</i>
                        <i>-0.347745 0.794218 0.498289 -0.935405 -0.330135 -0.1266 0.063955 -0.510127 0.857718 -1.56729 1.68509 0.727391</i>
                        <i>-0.347658 0.793786 0.499037 -0.935417 -0.330105 -0.126589 0.0642499 -0.510817 0.857285 -1.56729 1.6854 0.727391</i>
                        <i>-0.347574 0.793369 0.499757 -0.935429 -0.330076 -0.126579 0.064534 -0.511483 0.856867 -1.56729 1.68573 0.727391</i>
                        <i>-0.347492 0.792972 0.500444 -0.935441 -0.330047 -0.126569 0.0648047 -0.512118 0.856467 -1.56729 1.68607 0.727391</i>
                        <i>-0.347415 0.792598 0.501091 -0.935452 -0.330019 -0.126559 0.0650594 -0.512715 0.85609 -1.56729 1.68643 0.727391</i>
                        <i>-0.347342 0.79225 0.501691 -0.935462 -0.329993 -0.126549 0.0652955 -0.513269 0.85574 -1.56729 1.68679 0.727391</i>
                        <i>-0.347275 0.791933 0.502238 -0.935472 -0.329968 -0.126541 0.0655105 -0.513774 0.855421 -1.56729 1.68717 0.727391</i>
                        <i>-0.347214 0.791651 0.502724 -0.935482 -0.329945 -0.126533 0.0657017 -0.514223 0.855136 -1.56729 1.68755 0.727391</i>
                        <i>-0.34716 0.791407 0.503145 -0.93549 -0.329924 -0.126525 0.0658665 -0.514611 0.85489 -1.56729 1.68794 0.727391</i>
                        <i>-0.347114 0.791206 0.503492 -0.935497 -0.329905 -0.126519 0.0660023 -0.514932 0.854686 -1.56729 1.68834 0.727391</i>
                        <i>-0.347077 0.791052 0.50376 -0.935504 -0.329889 -0.126513 0.0661065 -0.515179 0.85453 -1.56729 1.68874 0.727391</i>
                        <i>-0.347049 0.790949 0.503941 -0.935509 -0.329876 -0.126508 0.0661766 -0.515346 0.854423 -1.56729 1.68914 0.727391</i>
                        <i>-0.347032 0.7909 0.50403 -0.935513 -0.329866 -0.126505 0.0662098 -0.515428 0.854371 -1.56729 1.68955 0.727391</i>
                        <i>-0.347026 0.790908 0.504022 -0.935516 -0.329859 -0.126502 0.0662047 -0.51542 0.854376 -1.56729 1.68995 0.727391</i>
                        <i>-0.34703 0.790971 0.50392 -0.935517 -0.329856 -0.126501 0.0661621 -0.515325 0.854437 -1.56729 1.69036 0.727391</i>
                        <i>-0.347045 0.791087 0.503727 -0.935517 -0.329856 -0.126501 0.0660837 -0.515147 0.854551 -1.56729 1.69076 0.727391</i>
                        <i>-0.34707 0.791253 0.50345 -0.935516 -0.329859 -0.126502 0.0659722 -0.51489 0.854714 -1.56729 1.69115 0.727391</i>
                        <i>-0.347105 0.791463 0.503095 -0.935513 -0.329866 -0.126505 0.0658303 -0.514563 0.854922 -1.56729 1.69155 0.727391</i>
                        <i>-0.347148 0.791714 0.50267 -0.935509 -0.329877 -0.126509 0.0656606 -0.51417 0.855171 -1.56729 1.69193 0.727391</i>
                        <i>-0.347199 0.792002 0.50218 -0.935504 -0.32989 -0.126513 0.0654655 -0.513717 0.855458 -1.56729 1.6923 0.727391</i>
                        <i>-0.347257 0.792324 0.501632 -0.935497 -0.329906 -0.126519 0.0652475 -0.51321 0.855779 -1.56729 1.69267 0.727391</i>
                    </KeyFrames>
                </p>
            </i>
            <i>
                <p>
                    <Name><![CDATA[spine1]]></Name>
                    <Exclude>0</Exclude>
                    <Additive>0</Additive>
                    <IKPriority>0</IKPriority>
                    <IKRotLimits>-1e+010 -1e+010 -1e+010 1e+010 1e+010 1e+010</IKRotLimits>
                    <IKRotLimitOrder>0</IKRotLimitOrder>
                    <KeyFrames count="97">
                        <i>-0.0358654 0.530859 0.846701 -0.993833 -0.107905 0.0255557 0.10493 -0.840563 0.531455 -1.63311 1.8429 0.822373</i>
                        <i>-0.0361574 0.532291 0.845789 -0.993838 -0.107893 0.025415 0.104783 -0.839658 0.532912 -1.63312 1.8433 0.822244</i>
                        <i>-0.036474 0.533852 0.844791 -0.993843 -0.107881 0.0252644 0.104624 -0.838668 0.5345 -1.63312 1.84368 0.822105</i>
                        <i>-0.036812 0.535525 0.843717 -0.993848 -0.10787 0.0251052 0.104456 -0.837602 0.536201 -1.63312 1.84406 0.821957</i>
                        <i>-0.0371679 0.537293 0.842576 -0.993853 -0.10786 0.024939 0.10428 -0.83647 0.537999 -1.63312 1.84442 0.821802</i>
                        <i>-0.0375385 0.539141 0.841379 -0.993859 -0.10785 0.0247672 0.104096 -0.835282 0.539878 -1.63312 1.84476 0.821641</i>
                        <i>-0.0379204 0.541051 0.840134 -0.993864 -0.107841 0.0245914 0.103906 -0.834047 0.541821 -1.63312 1.84509 0.821475</i>
                        <i>-0.0383104 0.543009 0.838853 -0.993869 -0.107833 0.0244129 0.103712 -0.832774 0.543811 -1.63313 1.8454 0.821306</i>
                        <i>-0.0387053 0.544998 0.837544 -0.993874 -0.107825 0.0242332 0.103515 -0.831475 0.545833 -1.63313 1.84569 0.821135</i>
                        <i>-0.0391019 0.547001 0.836218 -0.99388 -0.107818 0.0240537 0.103317 -0.830159 0.547869 -1.63313 1.84595 0.820964</i>
                        <i>-0.0394972 0.549004 0.834886 -0.993885 -0.107812 0.0238758 0.103119 -0.828837 0.549905 -1.63313 1.84619 0.820793</i>
                        <i>-0.0398878 0.55099 0.833558 -0.993889 -0.107806 0.023701 0.102922 -0.827519 0.551924 -1.63313 1.8464 0.820625</i>
                        <i>-0.0402709 0.552944 0.832245 -0.993894 -0.107801 0.0235305 0.102728 -0.826215 0.553909 -1.63313 1.84659 0.82046</i>
                        <i>-0.0406435 0.55485 0.830957 -0.993898 -0.107797 0.0233658 0.10254 -0.824937 0.555846 -1.63313 1.84674 0.820299</i>
                        <i>-0.0410024 0.556693 0.829706 -0.993902 -0.107794 0.0232082 0.102357 -0.823695 0.557718 -1.63314 1.84687 0.820145</i>
                        <i>-0.0413448 0.558457 0.828503 -0.993906 -0.107792 0.0230591 0.102184 -0.8225 0.55951 -1.63314 1.84696 0.819999</i>
                        <i>-0.0416679 0.560126 0.827359 -0.993909 -0.107791 0.0229196 0.10202 -0.821364 0.561206 -1.63314 1.84701 0.819861</i>
                        <i>-0.0419655 0.561672 0.826295 -0.993912 -0.107792 0.022793 0.10187 -0.820308 0.562776 -1.63314 1.84703 0.819735</i>
                        <i>-0.0422656 0.563225 0.825222 -0.993915 -0.10779 0.0226628 0.101715 -0.819243 0.564354 -1.63314 1.84701 0.819606</i>
                        <i>-0.0425636 0.564761 0.824156 -0.993919 -0.107787 0.022531 0.101558 -0.818185 0.565915 -1.63314 1.84697 0.819475</i>
                        <i>-0.0428736 0.566355 0.823046 -0.993923 -0.107779 0.0223899 0.101387 -0.817084 0.567534 -1.63314 1.8469 0.819337</i>
                        <i>-0.0431925 0.567987 0.821903 -0.993928 -0.107766 0.0222405 0.101206 -0.815951 0.569193 -1.63314 1.8468 0.819193</i>
                        <i>-0.0435212 0.569676 0.820716 -0.993932 -0.107754 0.0220876 0.101018 -0.814775 0.570909 -1.63314 1.84668 0.819045</i>
                        <i>-0.0438568 0.571406 0.819495 -0.993937 -0.107742 0.0219324 0.100826 -0.813564 0.572667 -1.63314 1.84654 0.818894</i>
                        <i>-0.0441967 0.573163 0.818249 -0.993942 -0.107731 0.0217762 0.100632 -0.812329 0.574452 -1.63314 1.84636 0.818741</i>
                        <i>-0.0445381 0.574934 0.816987 -0.993946 -0.10772 0.0216201 0.100436 -0.811078 0.576251 -1.63314 1.84617 0.818588</i>
                        <i>-0.0448784 0.576704 0.81572 -0.993951 -0.10771 0.0214655 0.10024 -0.809822 0.578049 -1.63314 1.84596 0.818435</i>
                        <i>-0.0452147 0.578459 0.814457 -0.993955 -0.1077 0.0213135 0.100046 -0.80857 0.579832 -1.63314 1.84572 0.818285</i>
                        <i>-0.0455446 0.580186 0.81321 -0.993959 -0.107692 0.0211653 0.0998559 -0.807333 0.581586 -1.63314 1.84546 0.818138</i>
                        <i>-0.0458654 0.58187 0.811987 -0.993963 -0.107684 0.0210221 0.0996703 -0.806121 0.583297 -1.63314 1.84519 0.817994</i>
                        <i>-0.0461745 0.583499 0.8108 -0.993966 -0.107677 0.0208851 0.0994912 -0.804944 0.58495 -1.63314 1.8449 0.817857</i>
                        <i>-0.0464694 0.585058 0.809659 -0.99397 -0.107672 0.0207555 0.0993204 -0.803812 0.586533 -1.63314 1.84459 0.817726</i>
                        <i>-0.0467478 0.586534 0.808575 -0.993973 -0.107667 0.0206343 0.0991596 -0.802737 0.588032 -1.63314 1.84427 0.817603</i>
                        <i>-0.0470067 0.587913 0.807557 -0.993976 -0.107664 0.0205228 0.0990104 -0.801728 0.589432 -1.63314 1.84393 0.817489</i>
                        <i>-0.0472442 0.589182 0.806618 -0.993978 -0.107662 0.0204222 0.0988745 -0.800796 0.59072 -1.63314 1.84358 0.817385</i>
                        <i>-0.0474575 0.590327 0.805768 -0.99398 -0.107662 0.0203334 0.0987538 -0.799952 0.591883 -1.63314 1.84322 0.817292</i>
                        <i>-0.0476442 0.591335 0.805017 -0.993981 -0.107663 0.0202577 0.09865 -0.799206 0.592906 -1.63314 1.84285 0.817213</i>
                        <i>-0.0478019 0.592193 0.804377 -0.993982 -0.107667 0.0201962 0.0985647 -0.79857 0.593776 -1.63314 1.84247 0.817146</i>
                        <i>-0.0479281 0.592888 0.803858 -0.993982 -0.107672 0.0201501 0.0984997 -0.798054 0.59448 -1.63314 1.84208 0.817095</i>
                        <i>-0.0480204 0.593405 0.803471 -0.993982 -0.10768 0.0201204 0.0984568 -0.797669 0.595004 -1.63314 1.84168 0.81706</i>
                        <i>-0.0480762 0.593731 0.803226 -0.993981 -0.107689 0.0201084 0.0984377 -0.797425 0.595335 -1.63314 1.84128 0.817042</i>
                        <i>-0.0480939 0.593857 0.803132 -0.99398 -0.107701 0.0201146 0.0984434 -0.79733 0.595462 -1.63314 1.84087 0.817043</i>
                        <i>-0.0480737 0.593783 0.803188 -0.993978 -0.107715 0.0201386 0.0984733 -0.797383 0.595385 -1.63314 1.84045 0.817061</i>
                        <i>-0.0480164 0.593513 0.803391 -0.993975 -0.10773 0.0201796 0.0985264 -0.797582 0.59511 -1.63314 1.84004 0.817095</i>
                        <i>-0.047924 0.593055 0.803735 -0.993972 -0.107746 0.0202361 0.0986006 -0.79792 0.594644 -1.63314 1.83963 0.817146</i>
                        <i>-0.0477985 0.59242 0.80421 -0.993969 -0.107763 0.0203066 0.0986942 -0.798389 0.593998 -1.63314 1.83922 0.817211</i>
                        <i>-0.0476423 0.591622 0.804807 -0.993966 -0.10778 0.0203903 0.0988054 -0.798979 0.593187 -1.63314 1.83881 0.81729</i>
                        <i>-0.0474575 0.590672 0.805515 -0.993962 -0.107797 0.0204859 0.0989326 -0.799679 0.592221 -1.63314 1.83841 0.817381</i>
                        <i>-0.0472467 0.589583 0.806325 -0.993958 -0.107814 0.0205923 0.0990741 -0.80048 0.591114 -1.63314 1.83801 0.817483</i>
                        <i>-0.0470121 0.588368 0.807226 -0.993954 -0.107831 0.0207086 0.0992283 -0.801371 0.589879 -1.63314 1.83762 0.817595</i>
                        <i>-0.0467559 0.587039 0.808207 -0.993949 -0.107848 0.0208336 0.0993935 -0.802343 0.588529 -1.63314 1.83725 0.817716</i>
                        <i>-0.0464807 0.58561 0.809259 -0.993945 -0.107864 0.0209662 0.0995681 -0.803384 0.587077 -1.63314 1.83688 0.817846</i>
                        <i>-0.0461886 0.584092 0.810372 -0.99394 -0.10788 0.0211054 0.0997504 -0.804486 0.585536 -1.63314 1.83653 0.817982</i>
                        <i>-0.045882 0.5825 0.811535 -0.993935 -0.107895 0.0212502 0.0999389 -0.805638 0.583918 -1.63314 1.8362 0.818123</i>
                        <i>-0.0455634 0.580845 0.812738 -0.99393 -0.10791 0.0213993 0.100132 -0.80683 0.582236 -1.63314 1.83588 0.818269</i>
                        <i>-0.0452351 0.579141 0.813972 -0.993926 -0.107923 0.0215517 0.100328 -0.808052 0.580505 -1.63314 1.83558 0.818419</i>
                        <i>-0.0448998 0.5774 0.815226 -0.993921 -0.107936 0.0217063 0.100526 -0.809295 0.578736 -1.63314 1.8353 0.818571</i>
                        <i>-0.0445598 0.575636 0.816491 -0.993916 -0.107948 0.0218619 0.100723 -0.810549 0.576944 -1.63314 1.83505 0.818724</i>
                        <i>-0.0442175 0.573862 0.817758 -0.993912 -0.107958 0.0220174 0.100919 -0.811805 0.575141 -1.63314 1.83482 0.818877</i>
                        <i>-0.0438758 0.57209 0.819016 -0.993907 -0.107968 0.0221717 0.101112 -0.813053 0.573342 -1.63314 1.83461 0.819029</i>
                        <i>-0.0435369 0.570335 0.820258 -0.993903 -0.107976 0.0223237 0.1013 -0.814284 0.571559 -1.63314 1.83443 0.819179</i>
                        <i>-0.0432036 0.568609 0.821472 -0.993899 -0.107983 0.022472 0.101483 -0.815489 0.569805 -1.63314 1.83428 0.819326</i>
                        <i>-0.0428786 0.566927 0.822651 -0.993895 -0.107989 0.0226157 0.101658 -0.816659 0.568096 -1.63314 1.83416 0.819467</i>
                        <i>-0.0425645 0.565301 0.823786 -0.993891 -0.107993 0.0227533 0.101825 -0.817785 0.566444 -1.63314 1.83408 0.819604</i>
                        <i>-0.042264 0.563745 0.824867 -0.993888 -0.107995 0.0228839 0.101983 -0.818858 0.564863 -1.63314 1.83402 0.819733</i>
                        <i>-0.0419661 0.562207 0.825931 -0.993885 -0.107999 0.0230141 0.102138 -0.819914 0.563301 -1.63314 1.834 0.819862</i>
                        <i>-0.0416599 0.560637 0.827013 -0.993881 -0.108004 0.0231506 0.102299 -0.820988 0.561706 -1.63314 1.83402 0.819996</i>
                        <i>-0.0413407 0.55901 0.82813 -0.993877 -0.108012 0.0232959 0.10247 -0.822096 0.560052 -1.63314 1.83406 0.820137</i>
                        <i>-0.0410039 0.557303 0.829296 -0.993872 -0.108024 0.0234527 0.102654 -0.823252 0.558317 -1.63314 1.83412 0.820288</i>
                        <i>-0.0406506 0.555517 0.830511 -0.993866 -0.108037 0.023618 0.102846 -0.824457 0.556501 -1.63314 1.83421 0.820445</i>
                        <i>-0.0402821 0.553654 0.831772 -0.993861 -0.108049 0.0237889 0.103043 -0.825707 0.554608 -1.63313 1.83433 0.820608</i>
                        <i>-0.0399018 0.551731 0.833067 -0.993856 -0.10806 0.0239639 0.103243 -0.826992 0.552653 -1.63313 1.83447 0.820776</i>
                        <i>-0.0395126 0.549764 0.834385 -0.99385 -0.10807 0.0241415 0.103444 -0.8283 0.550653 -1.63313 1.83463 0.820945</i>
                        <i>-0.0391178 0.54777 0.835714 -0.993845 -0.108078 0.0243205 0.103645 -0.829619 0.548626 -1.63313 1.83482 0.821117</i>
                        <i>-0.0387206 0.545764 0.837044 -0.99384 -0.108085 0.0244992 0.103843 -0.830939 0.546587 -1.63313 1.83502 0.821288</i>
                        <i>-0.0383244 0.543763 0.838363 -0.993835 -0.108091 0.0246764 0.104037 -0.832249 0.544553 -1.63313 1.83525 0.821458</i>
                        <i>-0.0379323 0.541785 0.839661 -0.99383 -0.108095 0.0248504 0.104227 -0.833538 0.542542 -1.63313 1.83549 0.821625</i>
                        <i>-0.0375479 0.539845 0.840927 -0.993825 -0.108097 0.0250198 0.104409 -0.834795 0.54057 -1.63312 1.83576 0.821787</i>
