<?xml version="1.0" encoding="ISO-8859-1" ?>
<Animl Version="1">
    <ModellingPackage><![CDATA[Maya.2010]]></ModellingPackage>
    <SrcFile><![CDATA[anims\turrets\machinegun\blue\~src\mgun_gatling\mgun_gatling_fire_crewman_a.mb]]></SrcFile>
    <FramesPerSecond>30</FramesPerSecond>
    <TotalFrames>33</TotalFrames>
    <Skeleton>
        <RefFrame>
            <Name><![CDATA[soldier_ref_frame]]></Name>
            <Exclude>0</Exclude>
            <Additive>0</Additive>
            <IKPriority>0</IKPriority>
            <IKRotLimits>-1e+010 -1e+010 -1e+010 1e+010 1e+010 1e+010</IKRotLimits>
            <IKRotLimitOrder>0</IKRotLimitOrder>
            <KeyFrames count="33">
                <i>1 0 0 0 1 0 0 0 1 0 0.92 -1.78</i>
                <i>1 0 0 0 1 0 0 0 1 0 0.92 -1.78</i>
                <i>1 0 0 0 1 0 0 0 1 0 0.92 -1.78</i>
                <i>1 0 0 0 1 0 0 0 1 0 0.92 -1.78</i>
                <i>1 0 0 0 1 0 0 0 1 0 0.92 -1.78</i>
                <i>1 0 0 0 1 0 0 0 1 0 0.92 -1.78</i>
                <i>1 0 0 0 1 0 0 0 1 0 0.92 -1.78</i>
                <i>1 0 0 0 1 0 0 0 1 0 0.92 -1.78</i>
                <i>1 0 0 0 1 0 0 0 1 0 0.92 -1.78</i>
                <i>1 0 0 0 1 0 0 0 1 0 0.92 -1.78</i>
                <i>1 0 0 0 1 0 0 0 1 0 0.92 -1.78</i>
                <i>1 0 0 0 1 0 0 0 1 0 0.92 -1.78</i>
                <i>1 0 0 0 1 0 0 0 1 0 0.92 -1.78</i>
                <i>1 0 0 0 1 0 0 0 1 0 0.92 -1.78</i>
                <i>1 0 0 0 1 0 0 0 1 0 0.92 -1.78</i>
                <i>1 0 0 0 1 0 0 0 1 0 0.92 -1.78</i>
                <i>1 0 0 0 1 0 0 0 1 0 0.92 -1.78</i>
                <i>1 0 0 0 1 0 0 0 1 0 0.92 -1.78</i>
                <i>1 0 0 0 1 0 0 0 1 0 0.92 -1.78</i>
                <i>1 0 0 0 1 0 0 0 1 0 0.92 -1.78</i>
                <i>1 0 0 0 1 0 0 0 1 0 0.92 -1.78</i>
                <i>1 0 0 0 1 0 0 0 1 0 0.92 -1.78</i>
                <i>1 0 0 0 1 0 0 0 1 0 0.92 -1.78</i>
                <i>1 0 0 0 1 0 0 0 1 0 0.92 -1.78</i>
                <i>1 0 0 0 1 0 0 0 1 0 0.92 -1.78</i>
                <i>1 0 0 0 1 0 0 0 1 0 0.92 -1.78</i>
                <i>1 0 0 0 1 0 0 0 1 0 0.92 -1.78</i>
                <i>1 0 0 0 1 0 0 0 1 0 0.92 -1.78</i>
                <i>1 0 0 0 1 0 0 0 1 0 0.92 -1.78</i>
                <i>1 0 0 0 1 0 0 0 1 0 0.92 -1.78</i>
                <i>1 0 0 0 1 0 0 0 1 0 0.92 -1.78</i>
                <i>1 0 0 0 1 0 0 0 1 0 0.92 -1.78</i>
                <i>1 0 0 0 1 0 0 0 1 0 0.92 -1.78</i>
            </KeyFrames>
        </RefFrame>
        <Bones count="23">
            <i>
                <p>
                    <Name><![CDATA[pelvis]]></Name>
                    <Exclude>0</Exclude>
                    <Additive>0</Additive>
                    <IKPriority>0</IKPriority>
                    <IKRotLimits>-1e+010 -1e+010 -1e+010 1e+010 1e+010 1e+010</IKRotLimits>
                    <IKRotLimitOrder>2</IKRotLimitOrder>
                    <KeyFrames count="33">
                        <i>1 0 0 0 1 0 0 0 1 -0.055795 2.04837 -1.44572</i>
                        <i>1 0 0 0 1 0 0 0 1 -0.0543341 2.11892 -1.46465</i>
                        <i>1 0 0 0 1 0 0 0 1 -0.0575333 2.07187 -1.50959</i>
                        <i>1 0 0 0 1 0 0 0 1 -0.0589718 1.99867 -1.50021</i>
                        <i>1 0 0 0 1 0 0 0 1 -0.055795 2.03734 -1.44918</i>
                        <i>1 0 0 0 1 0 0 0 1 -0.0590279 2.10627 -1.46772</i>
                        <i>1 0 0 0 1 0 0 0 1 -0.0533027 2.06159 -1.51189</i>
                        <i>1 0 0 0 1 0 0 0 1 -0.0509043 2.00554 -1.50129</i>
                        <i>1 0 0 0 1 0 0 0 1 -0.055795 2.05132 -1.44918</i>
                        <i>1 0 0 0 1 0 0 0 1 -0.0543341 2.11892 -1.46465</i>
                        <i>1 0 0 0 1 0 0 0 1 -0.0575333 2.07187 -1.50959</i>
                        <i>1 0 0 0 1 0 0 0 1 -0.0589718 1.99867 -1.50021</i>
                        <i>1 0 0 0 1 0 0 0 1 -0.055795 2.03734 -1.44918</i>
                        <i>1 0 0 0 1 0 0 0 1 -0.0590279 2.10627 -1.46772</i>
                        <i>1 0 0 0 1 0 0 0 1 -0.0533027 2.06159 -1.51189</i>
                        <i>1 0 0 0 1 0 0 0 1 -0.0509043 2.00554 -1.50129</i>
                        <i>1 0 0 0 1 0 0 0 1 -0.055795 2.04837 -1.44572</i>
                        <i>1 0 0 0 1 0 0 0 1 -0.0543341 2.11892 -1.46465</i>
                        <i>1 0 0 0 1 0 0 0 1 -0.0575333 2.07187 -1.50959</i>
                        <i>1 0 0 0 1 0 0 0 1 -0.0589718 1.99867 -1.50021</i>
                        <i>1 0 0 0 1 0 0 0 1 -0.055795 2.03734 -1.44918</i>
                        <i>1 0 0 0 1 0 0 0 1 -0.0590279 2.10627 -1.46772</i>
                        <i>1 0 0 0 1 0 0 0 1 -0.0533027 2.06159 -1.51189</i>
                        <i>1 0 0 0 1 0 0 0 1 -0.0509043 2.00554 -1.50129</i>
                        <i>1 0 0 0 1 0 0 0 1 -0.055795 2.05132 -1.44918</i>
                        <i>1 0 0 0 1 0 0 0 1 -0.0543341 2.11892 -1.46465</i>
                        <i>1 0 0 0 1 0 0 0 1 -0.0575333 2.07187 -1.50959</i>
                        <i>1 0 0 0 1 0 0 0 1 -0.0589718 1.99867 -1.50021</i>
                        <i>1 0 0 0 1 0 0 0 1 -0.055795 2.03734 -1.44918</i>
                        <i>1 0 0 0 1 0 0 0 1 -0.0590279 2.10627 -1.46772</i>
                        <i>1 0 0 0 1 0 0 0 1 -0.0533027 2.06159 -1.51189</i>
                        <i>1 0 0 0 1 0 0 0 1 -0.0509043 2.00554 -1.50129</i>
                        <i>1 0 0 0 1 0 0 0 1 -0.055795 2.04837 -1.44572</i>
                    </KeyFrames>
                </p>
            </i>
            <i>
                <p>
                    <Name><![CDATA[spine0]]></Name>
                    <Exclude>0</Exclude>
                    <Additive>0</Additive>
                    <IKPriority>0</IKPriority>
                    <IKRotLimits>-1e+010 -1e+010 -1e+010 1e+010 1e+010 1e+010</IKRotLimits>
                    <IKRotLimitOrder>0</IKRotLimitOrder>
                    <KeyFrames count="33">
                        <i>-0.178133 0.967077 -0.181745 -0.982306 -0.163911 0.0905984 0.0578254 0.194668 0.979163 -0.078763 2.11139 -1.57299</i>
                        <i>-0.142639 0.863118 -0.484439 -0.989692 -0.118052 0.081075 0.0127882 0.49101 0.87106 -0.0741197 2.17731 -1.59463</i>
                        <i>-0.107485 0.876201 -0.469808 -0.994121 -0.0884962 0.0623921 0.0130918 0.473752 0.880561 -0.0734216 2.10065 -1.64965</i>
                        <i>-0.123279 0.905641 -0.405729 -0.992218 -0.105275 0.0664914 0.0175041 0.410768 0.911572 -0.0774285 2.04535 -1.63503</i>
                        <i>-0.178133 0.967077 -0.181745 -0.982306 -0.163911 0.0905984 0.0578254 0.194668 0.979163 -0.078763 2.10035 -1.57645</i>
                        <i>-0.238577 0.842308 -0.483319 -0.970463 -0.225148 0.0866634 -0.0358211 0.489719 0.871144 -0.0857964 2.16212 -1.59757</i>
                        <i>-0.267427 0.842322 -0.467948 -0.96151 -0.265074 0.0723509 -0.0630981 0.469286 0.880789 -0.0755011 2.08692 -1.65176</i>
                        <i>-0.229877 0.885169 -0.404514 -0.972919 -0.21935 0.0729022 -0.0241994 0.410318 0.911621 -0.075516 2.04972 -1.63597</i>
                        <i>-0.178133 0.967077 -0.181745 -0.982306 -0.163911 0.0905984 0.0578254 0.194668 0.979163 -0.078763 2.11433 -1.57645</i>
                        <i>-0.142639 0.863118 -0.484439 -0.989692 -0.118052 0.081075 0.0127882 0.49101 0.87106 -0.0741197 2.17731 -1.59463</i>
                        <i>-0.107485 0.876201 -0.469808 -0.994121 -0.0884962 0.0623921 0.0130918 0.473752 0.880561 -0.0734216 2.10065 -1.64965</i>
                        <i>-0.123279 0.905641 -0.405729 -0.992218 -0.105275 0.0664914 0.0175041 0.410768 0.911572 -0.0774285 2.04535 -1.63503</i>
                        <i>-0.178133 0.967077 -0.181745 -0.982306 -0.163911 0.0905984 0.0578254 0.194668 0.979163 -0.078763 2.10035 -1.57645</i>
                        <i>-0.238577 0.842308 -0.483319 -0.970463 -0.225148 0.0866634 -0.0358211 0.489719 0.871144 -0.0857964 2.16212 -1.59757</i>
                        <i>-0.267427 0.842322 -0.467948 -0.96151 -0.265074 0.0723509 -0.0630981 0.469286 0.880789 -0.0755011 2.08692 -1.65176</i>
                        <i>-0.229877 0.885169 -0.404514 -0.972919 -0.21935 0.0729022 -0.0241994 0.410318 0.911621 -0.075516 2.04972 -1.63597</i>
                        <i>-0.178133 0.967077 -0.181745 -0.982306 -0.163911 0.0905984 0.0578254 0.194668 0.979163 -0.078763 2.11139 -1.57299</i>
                        <i>-0.142639 0.863118 -0.484439 -0.989692 -0.118052 0.081075 0.0127882 0.49101 0.87106 -0.0741197 2.17731 -1.59463</i>
                        <i>-0.107485 0.876201 -0.469808 -0.994121 -0.0884962 0.0623921 0.0130918 0.473752 0.880561 -0.0734216 2.10065 -1.64965</i>
                        <i>-0.123279 0.905641 -0.405729 -0.992218 -0.105275 0.0664914 0.0175041 0.410768 0.911572 -0.0774285 2.04535 -1.63503</i>
                        <i>-0.178133 0.967077 -0.181745 -0.982306 -0.163911 0.0905984 0.0578254 0.194668 0.979163 -0.078763 2.10035 -1.57645</i>
                        <i>-0.238577 0.842308 -0.483319 -0.970463 -0.225148 0.0866634 -0.0358211 0.489719 0.871144 -0.0857964 2.16212 -1.59757</i>
                        <i>-0.267427 0.842322 -0.467948 -0.96151 -0.265074 0.0723509 -0.0630981 0.469286 0.880789 -0.0755011 2.08692 -1.65176</i>
                        <i>-0.229877 0.885169 -0.404514 -0.972919 -0.21935 0.0729022 -0.0241994 0.410318 0.911621 -0.075516 2.04972 -1.63597</i>
                        <i>-0.178133 0.967077 -0.181745 -0.982306 -0.163911 0.0905984 0.0578254 0.194668 0.979163 -0.078763 2.11433 -1.57645</i>
                        <i>-0.142639 0.863118 -0.484439 -0.989692 -0.118052 0.081075 0.0127882 0.49101 0.87106 -0.0741197 2.17731 -1.59463</i>
                        <i>-0.107485 0.876201 -0.469808 -0.994121 -0.0884962 0.0623921 0.0130918 0.473752 0.880561 -0.0734216 2.10065 -1.64965</i>
                        <i>-0.123279 0.905641 -0.405729 -0.992218 -0.105275 0.0664914 0.0175041 0.410768 0.911572 -0.0774285 2.04535 -1.63503</i>
                        <i>-0.178133 0.967077 -0.181745 -0.982306 -0.163911 0.0905984 0.0578254 0.194668 0.979163 -0.078763 2.10035 -1.57645</i>
                        <i>-0.238577 0.842308 -0.483319 -0.970463 -0.225148 0.0866634 -0.0358211 0.489719 0.871144 -0.0857964 2.16212 -1.59757</i>
                        <i>-0.267427 0.842322 -0.467948 -0.96151 -0.265074 0.0723509 -0.0630981 0.469286 0.880789 -0.0755011 2.08692 -1.65176</i>
                        <i>-0.229877 0.885169 -0.404514 -0.972919 -0.21935 0.0729022 -0.0241994 0.410318 0.911621 -0.075516 2.04972 -1.63597</i>
                        <i>-0.178133 0.967077 -0.181745 -0.982306 -0.163911 0.0905984 0.0578254 0.194668 0.979163 -0.078763 2.11139 -1.57299</i>
                    </KeyFrames>
                </p>
            </i>
            <i>
                <p>
                    <Name><![CDATA[spine1]]></Name>
                    <Exclude>0</Exclude>
                    <Additive>0</Additive>
                    <IKPriority>0</IKPriority>
                    <IKRotLimits>-1e+010 -1e+010 -1e+010 1e+010 1e+010 1e+010</IKRotLimits>
                    <IKRotLimitOrder>0</IKRotLimitOrder>
                    <KeyFrames count="33">
                        <i>-0.112176 0.893473 0.434883 -0.99347 -0.110014 -0.0302359 0.0208284 -0.435435 0.899979 -0.113354 2.29911 -1.60841</i>
                        <i>-0.0997179 0.983268 0.15245 -0.994945 -0.0967036 -0.0270795 -0.0118839 -0.15438 0.98794 -0.0996255 2.33162 -1.6813</i>
                        <i>-0.0605357 0.982675 0.175173 -0.997142 -0.0515876 -0.0551958 -0.0452028 -0.178014 0.982989 -0.0957551 2.28258 -1.74745</i>
                        <i>-0.0749722 0.976424 0.202425 -0.996777 -0.0675672 -0.0432571 -0.02856 -0.205015 0.978342 -0.102665 2.23064 -1.71827</i>
                        <i>-0.112176 0.893473 0.434883 -0.99347 -0.110014 -0.0302359 0.0208284 -0.435435 0.899979 -0.113354 2.28808 -1.61187</i>
                        <i>-0.205375 0.966593 0.153357 -0.978626 -0.204528 -0.021452 0.0106304 -0.154484 0.987938 -0.128455 2.31271 -1.68403</i>
                        <i>-0.233806 0.956107 0.176617 -0.97228 -0.229417 -0.045169 -0.00266746 -0.182282 0.983243 -0.131047 2.26182 -1.74917</i>
                        <i>-0.186122 0.961254 0.203343 -0.982525 -0.182457 -0.0367975 0.0017296 -0.206639 0.978416 -0.122563 2.23082 -1.71895</i>
                        <i>-0.112176 0.893473 0.434883 -0.99347 -0.110014 -0.0302359 0.0208284 -0.435435 0.899979 -0.113354 2.30205 -1.61187</i>
                        <i>-0.0997179 0.983268 0.15245 -0.994945 -0.0967036 -0.0270795 -0.0118839 -0.15438 0.98794 -0.0996255 2.33162 -1.6813</i>
                        <i>-0.0605357 0.982675 0.175173 -0.997142 -0.0515876 -0.0551958 -0.0452028 -0.178014 0.982989 -0.0957551 2.28258 -1.74745</i>
                        <i>-0.0749722 0.976424 0.202425 -0.996777 -0.0675672 -0.0432571 -0.02856 -0.205015 0.978342 -0.102665 2.23064 -1.71827</i>
                        <i>-0.112176 0.893473 0.434883 -0.99347 -0.110014 -0.0302359 0.0208284 -0.435435 0.899979 -0.113354 2.28808 -1.61187</i>
                        <i>-0.205375 0.966593 0.153357 -0.978626 -0.204528 -0.021452 0.0106304 -0.154484 0.987938 -0.128455 2.31271 -1.68403</i>
                        <i>-0.233806 0.956107 0.176617 -0.97228 -0.229417 -0.045169 -0.00266746 -0.182282 0.983243 -0.131047 2.26182 -1.74917</i>
                        <i>-0.186122 0.961254 0.203343 -0.982525 -0.182457 -0.0367975 0.0017296 -0.206639 0.978416 -0.122563 2.23082 -1.71895</i>
                        <i>-0.112176 0.893473 0.434883 -0.99347 -0.110014 -0.0302359 0.0208284 -0.435435 0.899979 -0.113354 2.29911 -1.60841</i>
                        <i>-0.0997179 0.983268 0.15245 -0.994945 -0.0967036 -0.0270795 -0.0118839 -0.15438 0.98794 -0.0996255 2.33162 -1.6813</i>
                        <i>-0.0605357 0.982675 0.175173 -0.997142 -0.0515876 -0.0551958 -0.0452028 -0.178014 0.982989 -0.0957551 2.28258 -1.74745</i>
                        <i>-0.0749722 0.976424 0.202425 -0.996777 -0.0675672 -0.0432571 -0.02856 -0.205015 0.978342 -0.102665 2.23064 -1.71827</i>
                        <i>-0.112176 0.893473 0.434883 -0.99347 -0.110014 -0.0302359 0.0208284 -0.435435 0.899979 -0.113354 2.28808 -1.61187</i>
                        <i>-0.205375 0.966593 0.153357 -0.978626 -0.204528 -0.021452 0.0106304 -0.154484 0.987938 -0.128455 2.31271 -1.68403</i>
                        <i>-0.233806 0.956107 0.176617 -0.97228 -0.229417 -0.045169 -0.00266746 -0.182282 0.983243 -0.131047 2.26182 -1.74917</i>
                        <i>-0.186122 0.961254 0.203343 -0.982525 -0.182457 -0.0367975 0.0017296 -0.206639 0.978416 -0.122563 2.23082 -1.71895</i>
                        <i>-0.112176 0.893473 0.434883 -0.99347 -0.110014 -0.0302359 0.0208284 -0.435435 0.899979 -0.113354 2.30205 -1.61187</i>
                        <i>-0.0997179 0.983268 0.15245 -0.994945 -0.0967036 -0.0270795 -0.0118839 -0.15438 0.98794 -0.0996255 2.33162 -1.6813</i>
                        <i>-0.0605357 0.982675 0.175173 -0.997142 -0.0515876 -0.0551958 -0.0452028 -0.178014 0.982989 -0.0957551 2.28258 -1.74745</i>
                        <i>-0.0749722 0.976424 0.202425 -0.996777 -0.0675672 -0.0432571 -0.02856 -0.205015 0.978342 -0.102665 2.23064 -1.71827</i>
                        <i>-0.112176 0.893473 0.434883 -0.99347 -0.110014 -0.0302359 0.0208284 -0.435435 0.899979 -0.113354 2.28808 -1.61187</i>
                        <i>-0.205375 0.966593 0.153357 -0.978626 -0.204528 -0.021452 0.0106304 -0.154484 0.987938 -0.128455 2.31271 -1.68403</i>
                        <i>-0.233806 0.956107 0.176617 -0.97228 -0.229417 -0.045169 -0.00266746 -0.182282 0.983243 -0.131047 2.26182 -1.74917</i>
                        <i>-0.186122 0.961254 0.203343 -0.982525 -0.182457 -0.0367975 0.0017296 -0.206639 0.978416 -0.122563 2.23082 -1.71895</i>
                        <i>-0.112176 0.893473 0.434883 -0.99347 -0.110014 -0.0302359 0.0208284 -0.435435 0.899979 -0.113354 2.29911 -1.60841</i>
                    </KeyFrames>
                </p>
            </i>
            <i>
                <p>
                    <Name><![CDATA[spine2]]></Name>
                    <Exclude>0</Exclude>
                    <Additive>0</Additive>
                    <IKPriority>0</IKPriority>
                    <IKRotLimits>-1e+010 -1e+010 -1e+010 1e+010 1e+010 1e+010</IKRotLimits>
                    <IKRotLimitOrder>0</IKRotLimitOrder>
                    <KeyFrames count="33">
                        <i>-0.122224 0.853231 0.507009 -0.992331 -0.0955559 -0.0784118 -0.0184557 -0.512704 0.858367 -0.133453 2.45815 -1.53041</i>
                        <i>-0.0978169 0.902543 0.419342 -0.994163 -0.0693494 -0.0826418 -0.0455066 -0.424978 0.904059 -0.116083 2.49294 -1.65595</i>
                        <i>-0.0709764 0.912067 0.403852 -0.995692 -0.0405658 -0.0833766 -0.0596624 -0.40803 0.911017 -0.107427 2.46992 -1.7133</i>
                        <i>-0.0857392 0.904312 0.418173 -0.995063 -0.0566656 -0.0814795 -0.0499869 -0.423094 0.904706 -0.116866 2.41404 -1.67956</i>
                        <i>-0.122224 0.853231 0.507009 -0.992331 -0.0955559 -0.0784118 -0.0184557 -0.512704 0.858367 -0.133453 2.44711 -1.53387</i>
                        <i>-0.193172 0.88663 0.420206 -0.981145 -0.177267 -0.0770083 0.00621075 -0.427159 0.904155 -0.162244 2.47128 -1.65854</i>
                        <i>-0.229123 0.884992 0.405329 -0.973112 -0.218341 -0.0733535 0.0235827 -0.411238 0.911223 -0.175741 2.44407 -1.71475</i>
                        <i>-0.187067 0.888448 0.419125 -0.982333 -0.171442 -0.0750254 0.00519937 -0.425755 0.904823 -0.157637 2.41137 -1.68007</i>
                        <i>-0.122224 0.853231 0.507009 -0.992331 -0.0955559 -0.0784118 -0.0184557 -0.512704 0.858367 -0.133453 2.46109 -1.53387</i>
                        <i>-0.0978169 0.902543 0.419342 -0.994163 -0.0693494 -0.0826418 -0.0455066 -0.424978 0.904059 -0.116083 2.49294 -1.65595</i>
                        <i>-0.0709764 0.912067 0.403852 -0.995692 -0.0405658 -0.0833766 -0.0596624 -0.40803 0.911017 -0.107427 2.46992 -1.7133</i>
                        <i>-0.0857392 0.904312 0.418173 -0.995063 -0.0566656 -0.0814795 -0.0499869 -0.423094 0.904706 -0.116866 2.41404 -1.67956</i>
                        <i>-0.122224 0.853231 0.507009 -0.992331 -0.0955559 -0.0784118 -0.0184557 -0.512704 0.858367 -0.133453 2.44711 -1.53387</i>
                        <i>-0.193172 0.88663 0.420206 -0.981145 -0.177267 -0.0770083 0.00621075 -0.427159 0.904155 -0.162244 2.47128 -1.65854</i>
                        <i>-0.229123 0.884992 0.405329 -0.973112 -0.218341 -0.0733535 0.0235827 -0.411238 0.911223 -0.175741 2.44407 -1.71475</i>
                        <i>-0.187067 0.888448 0.419125 -0.982333 -0.171442 -0.0750254 0.00519937 -0.425755 0.904823 -0.157637 2.41137 -1.68007</i>
                        <i>-0.122224 0.853231 0.507009 -0.992331 -0.0955559 -0.0784118 -0.0184557 -0.512704 0.858367 -0.133453 2.45815 -1.53041</i>
                        <i>-0.0978169 0.902543 0.419342 -0.994163 -0.0693494 -0.0826418 -0.0455066 -0.424978 0.904059 -0.116083 2.49294 -1.65595</i>
                        <i>-0.0709764 0.912067 0.403852 -0.995692 -0.0405658 -0.0833766 -0.0596624 -0.40803 0.911017 -0.107427 2.46992 -1.7133</i>
                        <i>-0.0857392 0.904312 0.418173 -0.995063 -0.0566656 -0.0814795 -0.0499869 -0.423094 0.904706 -0.116866 2.41404 -1.67956</i>
                        <i>-0.122224 0.853231 0.507009 -0.992331 -0.0955559 -0.0784118 -0.0184557 -0.512704 0.858367 -0.133453 2.44711 -1.53387</i>
                        <i>-0.193172 0.88663 0.420206 -0.981145 -0.177267 -0.0770083 0.00621075 -0.427159 0.904155 -0.162244 2.47128 -1.65854</i>
                        <i>-0.229123 0.884992 0.405329 -0.973112 -0.218341 -0.0733535 0.0235827 -0.411238 0.911223 -0.175741 2.44407 -1.71475</i>
                        <i>-0.187067 0.888448 0.419125 -0.982333 -0.171442 -0.0750254 0.00519937 -0.425755 0.904823 -0.157637 2.41137 -1.68007</i>
                        <i>-0.122224 0.853231 0.507009 -0.992331 -0.0955559 -0.0784118 -0.0184557 -0.512704 0.858367 -0.133453 2.46109 -1.53387</i>
                        <i>-0.0978169 0.902543 0.419342 -0.994163 -0.0693494 -0.0826418 -0.0455066 -0.424978 0.904059 -0.116083 2.49294 -1.65595</i>
                        <i>-0.0709764 0.912067 0.403852 -0.995692 -0.0405658 -0.0833766 -0.0596624 -0.40803 0.911017 -0.107427 2.46992 -1.7133</i>
                        <i>-0.0857392 0.904312 0.418173 -0.995063 -0.0566656 -0.0814795 -0.0499869 -0.423094 0.904706 -0.116866 2.41404 -1.67956</i>
                        <i>-0.122224 0.853231 0.507009 -0.992331 -0.0955559 -0.0784118 -0.0184557 -0.512704 0.858367 -0.133453 2.44711 -1.53387</i>
                        <i>-0.193172 0.88663 0.420206 -0.981145 -0.177267 -0.0770083 0.00621075 -0.427159 0.904155 -0.162244 2.47128 -1.65854</i>
                        <i>-0.229123 0.884992 0.405329 -0.973112 -0.218341 -0.0733535 0.0235827 -0.411238 0.911223 -0.175741 2.44407 -1.71475</i>
                        <i>-0.187067 0.888448 0.419125 -0.982333 -0.171442 -0.0750254 0.00519937 -0.425755 0.904823 -0.157637 2.41137 -1.68007</i>
                        <i>-0.122224 0.853231 0.507009 -0.992331 -0.0955559 -0.0784118 -0.0184557 -0.512704 0.858367 -0.133453 2.45815 -1.53041</i>
                    </KeyFrames>
                </p>
            </i>
            <i>
                <p>
                    <Name><![CDATA[head]]></Name>
                    <Exclude>0</Exclude>
                    <Additive>0</Additive>
                    <IKPriority>0</IKPriority>
                    <IKRotLimits>-1e+010 -1e+010 -1e+010 1e+010 1e+010 1e+010</IKRotLimits>
                    <IKRotLimitOrder>0</IKRotLimitOrder>
                    <KeyFrames count="33">
                        <i>-0.140694 0.972342 0.18643 0.0584587 0.196133 -0.978833 -0.988326 -0.126817 -0.0844366 -0.168601 2.6939 -1.41946</i>
                        <i>-0.0787449 0.978955 0.18827 0.0678471 0.193681 -0.978716 -0.994583 -0.0642954 -0.0816707 -0.142889 2.73113 -1.56024</i>
                        <i>-0.00662759 0.981368 0.192024 0.0741234 0.191982 -0.978595 -0.997227 0.00774772 -0.0740147 -0.129023 2.72534 -1.61338</i>
                        <i>0.0438315 0.97949 0.196665 0.069124 0.193409 -0.97868 -0.996645 0.0564913 -0.0592289 -0.143007 2.6677 -1.57751</i>
                        <i>0.0614913 0.977941 0.199627 0.0584587 0.196133 -0.978833 -0.996394 0.0718596 -0.0451087 -0.168601 2.68286 -1.42292</i>
                        <i>0.00629654 0.979762 0.200065 0.0407697 0.199651 -0.979019 -0.999149 0.014321 -0.0386875 -0.214295 2.70517 -1.56259</i>
                        <i>-0.0667596 0.97773 0.198967 0.0286612 0.201208 -0.979129 -0.997357 -0.0596637 -0.0414555 -0.241731 2.69159 -1.6144</i>
                        <i>-0.130579 0.972444 0.193139 0.0399018 0.199804 -0.979023 -0.990635 -0.120133 -0.0648924 -0.212285 2.66032 -1.57775</i>
                        <i>-0.140694 0.972342 0.18643 0.0584587 0.196133 -0.978833 -0.988326 -0.126817 -0.0844366 -0.168601 2.69684 -1.42292</i>
                        <i>-0.0787449 0.978955 0.18827 0.0678471 0.193681 -0.978716 -0.994583 -0.0642954 -0.0816707 -0.142889 2.73113 -1.56024</i>
                        <i>-0.00662759 0.981368 0.192024 0.0741234 0.191982 -0.978595 -0.997227 0.00774772 -0.0740147 -0.129023 2.72534 -1.61338</i>
                        <i>0.0438315 0.97949 0.196665 0.069124 0.193409 -0.97868 -0.996645 0.0564913 -0.0592289 -0.143007 2.6677 -1.57751</i>
                        <i>0.0614913 0.977941 0.199627 0.0584587 0.196133 -0.978833 -0.996394 0.0718596 -0.0451087 -0.168601 2.68286 -1.42292</i>
                        <i>0.00629654 0.979762 0.200065 0.0407697 0.199651 -0.979019 -0.999149 0.014321 -0.0386875 -0.214295 2.70517 -1.56259</i>
                        <i>-0.0667596 0.97773 0.198967 0.0286612 0.201208 -0.979129 -0.997357 -0.0596637 -0.0414555 -0.241731 2.69159 -1.6144</i>
                        <i>-0.130579 0.972444 0.193139 0.0399018 0.199804 -0.979023 -0.990635 -0.120133 -0.0648924 -0.212285 2.66032 -1.57775</i>
                        <i>-0.140694 0.972342 0.18643 0.0584587 0.196133 -0.978833 -0.988326 -0.126817 -0.0844366 -0.168601 2.6939 -1.41946</i>
                        <i>-0.0787449 0.978955 0.18827 0.0678471 0.193681 -0.978716 -0.994583 -0.0642954 -0.0816707 -0.142889 2.73113 -1.56024</i>
                        <i>-0.00662759 0.981368 0.192024 0.0741234 0.191982 -0.978595 -0.997227 0.00774772 -0.0740147 -0.129023 2.72534 -1.61338</i>
                        <i>0.0438315 0.97949 0.196665 0.069124 0.193409 -0.97868 -0.996645 0.0564913 -0.0592289 -0.143007 2.6677 -1.57751</i>
                        <i>0.0614913 0.977941 0.199627 0.0584587 0.196133 -0.978833 -0.996394 0.0718596 -0.0451087 -0.168601 2.68286 -1.42292</i>
                        <i>0.00629654 0.979762 0.200065 0.0407697 0.199651 -0.979019 -0.999149 0.014321 -0.0386875 -0.214295 2.70517 -1.56259</i>
                        <i>-0.0667596 0.97773 0.198967 0.0286612 0.201208 -0.979129 -0.997357 -0.0596637 -0.0414555 -0.241731 2.69159 -1.6144</i>
                        <i>-0.130579 0.972444 0.193139 0.0399018 0.199804 -0.979023 -0.990635 -0.120133 -0.0648924 -0.212285 2.66032 -1.57775</i>
                        <i>-0.140694 0.972342 0.18643 0.0584587 0.196133 -0.978833 -0.988326 -0.126817 -0.0844366 -0.168601 2.69684 -1.42292</i>
                        <i>-0.0787449 0.978955 0.18827 0.0678471 0.193681 -0.978716 -0.994583 -0.0642954 -0.0816707 -0.142889 2.73113 -1.56024</i>
                        <i>-0.00662759 0.981368 0.192024 0.0741234 0.191982 -0.978595 -0.997227 0.00774772 -0.0740147 -0.129023 2.72534 -1.61338</i>
                        <i>0.0438315 0.97949 0.196665 0.069124 0.193409 -0.97868 -0.996645 0.0564913 -0.0592289 -0.143007 2.6677 -1.57751</i>
                        <i>0.0614913 0.977941 0.199627 0.0584587 0.196133 -0.978833 -0.996394 0.0718596 -0.0451087 -0.168601 2.68286 -1.42292</i>
                        <i>0.00629654 0.979762 0.200065 0.0407697 0.199651 -0.979019 -0.999149 0.014321 -0.0386875 -0.214295 2.70517 -1.56259</i>
                        <i>-0.0667596 0.97773 0.198967 0.0286612 0.201208 -0.979129 -0.997357 -0.0596637 -0.0414555 -0.241731 2.69159 -1.6144</i>
                        <i>-0.130579 0.972444 0.193139 0.0399018 0.199804 -0.979023 -0.990635 -0.120133 -0.0648924 -0.212285 2.66032 -1.57775</i>
                        <i>-0.140694 0.972342 0.18643 0.0584587 0.196133 -0.978833 -0.988326 -0.126817 -0.0844366 -0.168601 2.6939 -1.41946</i>
                    </KeyFrames>
                </p>
            </i>
            <i>
                <p>
                    <Name><![CDATA[head_prop]]></Name>
                    <Exclude>0</Exclude>
                    <Additive>0</Additive>
                    <IKPriority>0</IKPriority>
                    <IKRotLimits>-1e+010 -1e+010 -1e+010 1e+010 1e+010 1e+010</IKRotLimits>
                    <IKRotLimitOrder>0</IKRotLimitOrder>
                    <KeyFrames count="33">
                        <i>0.988326 0.126817 0.0844366 -0.140694 0.972342 0.18643 -0.0584587 -0.196133 0.978833 -0.214454 3.01079 -1.3587</i>
                        <i>0.991562 0.0955204 0.0876405 -0.110462 0.976403 0.185566 -0.0678471 -0.193681 0.978716 -0.180268 3.09435 -1.49685</i>
                        <i>0.995587 0.0423849 0.0837255 -0.0575515 0.980483 0.187993 -0.0741234 -0.191982 0.978595 -0.144766 3.117 -1.54718</i>
                        <i>0.997559 -0.0230973 0.0658929 0.00986059 0.980846 0.194534 -0.069124 -0.193409 0.97868 -0.135737 3.02485 -1.51107</i>
                        <i>0.996394 -0.0718596 0.0451087 0.0614913 0.977941 0.199627 -0.0584587 -0.196133 0.978833 -0.14856 3.00158 -1.35786</i>
                        <i>0.997522 -0.0643613 0.028415 0.0573378 0.977751 0.20178 -0.0407697 -0.199651 0.979019 -0.200125 3.04556 -1.4979</i>
                        <i>0.999421 -0.0237489 0.0243748 0.0183488 0.979261 0.201772 -0.0286612 -0.201208 0.979129 -0.246807 3.05707 -1.54994</i>
                        <i>0.99618 0.0682084 0.0545214 -0.0776711 0.977459 0.196319 -0.0399018 -0.199804 0.979023 -0.246204 3.0071 -1.51492</i>
                        <i>0.988326 0.126817 0.0844366 -0.140694 0.972342 0.18643 -0.0584587 -0.196133 0.978833 -0.214454 3.01373 -1.36216</i>
                        <i>0.991562 0.0955204 0.0876405 -0.110462 0.976403 0.185566 -0.0678471 -0.193681 0.978716 -0.180268 3.09435 -1.49685</i>
                        <i>0.995587 0.0423849 0.0837255 -0.0575515 0.980483 0.187993 -0.0741234 -0.191982 0.978595 -0.144766 3.117 -1.54718</i>
                        <i>0.997559 -0.0230973 0.0658929 0.00986059 0.980846 0.194534 -0.069124 -0.193409 0.97868 -0.135737 3.02485 -1.51107</i>
                        <i>0.996394 -0.0718596 0.0451087 0.0614913 0.977941 0.199627 -0.0584587 -0.196133 0.978833 -0.14856 3.00158 -1.35786</i>
                        <i>0.997522 -0.0643613 0.028415 0.0573378 0.977751 0.20178 -0.0407697 -0.199651 0.979019 -0.200125 3.04556 -1.4979</i>
                        <i>0.999421 -0.0237489 0.0243748 0.0183488 0.979261 0.201772 -0.0286612 -0.201208 0.979129 -0.246807 3.05707 -1.54994</i>
                        <i>0.99618 0.0682084 0.0545214 -0.0776711 0.977459 0.196319 -0.0399018 -0.199804 0.979023 -0.246204 3.0071 -1.51492</i>
                        <i>0.988326 0.126817 0.0844366 -0.140694 0.972342 0.18643 -0.0584587 -0.196133 0.978833 -0.214454 3.01079 -1.3587</i>
                        <i>0.991562 0.0955204 0.0876405 -0.110462 0.976403 0.185566 -0.0678471 -0.193681 0.978716 -0.180268 3.09435 -1.49685</i>
                        <i>0.995587 0.0423849 0.0837255 -0.0575515 0.980483 0.187993 -0.0741234 -0.191982 0.978595 -0.144766 3.117 -1.54718</i>
                        <i>0.997559 -0.0230973 0.0658929 0.00986059 0.980846 0.194534 -0.069124 -0.193409 0.97868 -0.135737 3.02485 -1.51107</i>
                        <i>0.996394 -0.0718596 0.0451087 0.0614913 0.977941 0.199627 -0.0584587 -0.196133 0.978833 -0.14856 3.00158 -1.35786</i>
                        <i>0.997522 -0.0643613 0.028415 0.0573378 0.977751 0.20178 -0.0407697 -0.199651 0.979019 -0.200125 3.04556 -1.4979</i>
                        <i>0.999421 -0.0237489 0.0243748 0.0183488 0.979261 0.201772 -0.0286612 -0.201208 0.979129 -0.246807 3.05707 -1.54994</i>
                        <i>0.99618 0.0682084 0.0545214 -0.0776711 0.977459 0.196319 -0.0399018 -0.199804 0.979023 -0.246204 3.0071 -1.51492</i>
                        <i>0.988326 0.126817 0.0844366 -0.140694 0.972342 0.18643 -0.0584587 -0.196133 0.978833 -0.214454 3.01373 -1.36216</i>
                        <i>0.991562 0.0955204 0.0876405 -0.110462 0.976403 0.185566 -0.0678471 -0.193681 0.978716 -0.180268 3.09435 -1.49685</i>
                        <i>0.995587 0.0423849 0.0837255 -0.0575515 0.980483 0.187993 -0.0741234 -0.191982 0.978595 -0.144766 3.117 -1.54718</i>
                        <i>0.997559 -0.0230973 0.0658929 0.00986059 0.980846 0.194534 -0.069124 -0.193409 0.97868 -0.135737 3.02485 -1.51107</i>
                        <i>0.996394 -0.0718596 0.0451087 0.0614913 0.977941 0.199627 -0.0584587 -0.196133 0.978833 -0.14856 3.00158 -1.35786</i>
                        <i>0.997522 -0.0643613 0.028415 0.0573378 0.977751 0.20178 -0.0407697 -0.199651 0.979019 -0.200125 3.04556 -1.4979</i>
                        <i>0.999421 -0.0237489 0.0243748 0.0183488 0.979261 0.201772 -0.0286612 -0.201208 0.979129 -0.246807 3.05707 -1.54994</i>
                        <i>0.99618 0.0682084 0.0545214 -0.0776711 0.977459 0.196319 -0.0399018 -0.199804 0.979023 -0.246204 3.0071 -1.51492</i>
                        <i>0.988326 0.126817 0.0844366 -0.140694 0.972342 0.18643 -0.0584587 -0.196133 0.978833 -0.214454 3.01079 -1.3587</i>
                    </KeyFrames>
                </p>
            </i>
            <i>
                <p>
                    <Name><![CDATA[l_clav]]></Name>
                    <Exclude>0</Exclude>
                    <Additive>0</Additive>
                    <IKPriority>0</IKPriority>
                    <IKRotLimits>-1e+010 -1e+010 -1e+010 1e+010 1e+010 1e+010</IKRotLimits>
                    <IKRotLimitOrder>0</IKRotLimitOrder>
                    <KeyFrames count="33">
                        <i>0.915828 0.158575 0.368935 -0.256404 0.937987 0.23332 -0.309058 -0.308277 0.899693 -0.0552947 2.50933 -1.44967</i>
                        <i>0.920694 0.122495 0.370565 -0.219789 0.947332 0.232926 -0.322516 -0.295899 0.899126 -0.0368636 2.54227 -1.59026</i>
                        <i>0.922667 0.100785 0.372193 -0.197818 0.952259 0.232531 -0.330988 -0.288175 0.898555 -0.0274242 2.53403 -1.64322</i>
                        <i>0.920871 0.119378 0.371142 -0.216712 0.948084 0.23275 -0.324088 -0.294764 0.898933 -0.0376056 2.47847 -1.60747</i>
                        <i>0.915828 0.158575 0.368935 -0.256404 0.937987 0.23332 -0.309058 -0.308277 0.899693 -0.0552947 2.4983 -1.45313</i>
                        <i>0.903963 0.222172 0.365363 -0.320356 0.917813 0.234502 -0.283235 -0.329027 0.900843 -0.0884972 2.52896 -1.59329</i>
                        <i>0.893398 0.264785 0.362944 -0.362834 0.901649 0.235331 -0.264936 -0.341933 0.901605 -0.107813 2.52154 -1.64543</i>
                        <i>0.903273 0.225239 0.365193 -0.323431 0.916715 0.234578 -0.281941 -0.330003 0.900893 -0.0858947 2.48455 -1.60847</i>
                        <i>0.915828 0.158575 0.368935 -0.256404 0.937987 0.23332 -0.309058 -0.308277 0.899693 -0.0552947 2.51228 -1.45313</i>
                        <i>0.920694 0.122495 0.370565 -0.219789 0.947332 0.232926 -0.322516 -0.295899 0.899126 -0.0368636 2.54227 -1.59026</i>
                        <i>0.922667 0.100785 0.372193 -0.197818 0.952259 0.232531 -0.330988 -0.288175 0.898555 -0.0274242 2.53403 -1.64322</i>
                        <i>0.920871 0.119378 0.371142 -0.216712 0.948084 0.23275 -0.324088 -0.294764 0.898933 -0.0376056 2.47847 -1.60747</i>
                        <i>0.915828 0.158575 0.368935 -0.256404 0.937987 0.23332 -0.309058 -0.308277 0.899693 -0.0552947 2.4983 -1.45313</i>
                        <i>0.903963 0.222172 0.365363 -0.320356 0.917813 0.234502 -0.283235 -0.329027 0.900843 -0.0884972 2.52896 -1.59329</i>
                        <i>0.893398 0.264785 0.362944 -0.362834 0.901649 0.235331 -0.264936 -0.341933 0.901605 -0.107813 2.52154 -1.64543</i>
                        <i>0.903273 0.225239 0.365193 -0.323431 0.916715 0.234578 -0.281941 -0.330003 0.900893 -0.0858947 2.48455 -1.60847</i>
                        <i>0.915828 0.158575 0.368935 -0.256404 0.937987 0.23332 -0.309058 -0.308277 0.899693 -0.0552947 2.50933 -1.44967</i>
                        <i>0.920694 0.122495 0.370565 -0.219789 0.947332 0.232926 -0.322516 -0.295899 0.899126 -0.0368636 2.54227 -1.59026</i>
                        <i>0.922667 0.100785 0.372193 -0.197818 0.952259 0.232531 -0.330988 -0.288175 0.898555 -0.0274242 2.53403 -1.64322</i>
                        <i>0.920871 0.119378 0.371142 -0.216712 0.948084 0.23275 -0.324088 -0.294764 0.898933 -0.0376056 2.47847 -1.60747</i>
                        <i>0.915828 0.158575 0.368935 -0.256404 0.937987 0.23332 -0.309058 -0.308277 0.899693 -0.0552947 2.4983 -1.45313</i>
                        <i>0.903963 0.222172 0.365363 -0.320356 0.917813 0.234502 -0.283235 -0.329027 0.900843 -0.0884972 2.52896 -1.59329</i>
                        <i>0.893398 0.264785 0.362944 -0.362834 0.901649 0.235331 -0.264936 -0.341933 0.901605 -0.107813 2.52154 -1.64543</i>
                        <i>0.903273 0.225239 0.365193 -0.323431 0.916715 0.234578 -0.281941 -0.330003 0.900893 -0.0858947 2.48455 -1.60847</i>
                        <i>0.915828 0.158575 0.368935 -0.256404 0.937987 0.23332 -0.309058 -0.308277 0.899693 -0.0552947 2.51228 -1.45313</i>
                        <i>0.920694 0.122495 0.370565 -0.219789 0.947332 0.232926 -0.322516 -0.295899 0.899126 -0.0368636 2.54227 -1.59026</i>
                        <i>0.922667 0.100785 0.372193 -0.197818 0.952259 0.232531 -0.330988 -0.288175 0.898555 -0.0274242 2.53403 -1.64322</i>
                        <i>0.920871 0.119378 0.371142 -0.216712 0.948084 0.23275 -0.324088 -0.294764 0.898933 -0.0376056 2.47847 -1.60747</i>
                        <i>0.915828 0.158575 0.368935 -0.256404 0.937987 0.23332 -0.309058 -0.308277 0.899693 -0.0552947 2.4983 -1.45313</i>
                        <i>0.903963 0.222172 0.365363 -0.320356 0.917813 0.234502 -0.283235 -0.329027 0.900843 -0.0884972 2.52896 -1.59329</i>
                        <i>0.893398 0.264785 0.362944 -0.362834 0.901649 0.235331 -0.264936 -0.341933 0.901605 -0.107813 2.52154 -1.64543</i>
                        <i>0.903273 0.225239 0.365193 -0.323431 0.916715 0.234578 -0.281941 -0.330003 0.900893 -0.0858947 2.48455 -1.60847</i>
                        <i>0.915828 0.158575 0.368935 -0.256404 0.937987 0.23332 -0.309058 -0.308277 0.899693 -0.0552947 2.50933 -1.44967</i>
                    </KeyFrames>
                </p>
            </i>
            <i>
                <p>
                    <Name><![CDATA[l_shoulder]]></Name>
                    <Exclude>0</Exclude>
                    <Additive>0</Additive>
                    <IKPriority>0</IKPriority>
                    <IKRotLimits>-1e+010 -1e+010 -1e+010 1e+010 1e+010 1e+010</IKRotLimits>
                    <IKRotLimitOrder>0</IKRotLimitOrder>
                    <KeyFrames count="33">
                        <i>0.731001 -0.164357 0.662287 0.298266 0.949894 -0.0934803 -0.613739 0.265872 0.743396 0.128841 2.54122 -1.3755</i>
                        <i>0.78487 -0.129032 0.606077 0.319402 0.922379 -0.217254 -0.531 0.364098 0.765161 0.14825 2.56689 -1.51576</i>
                        <i>0.707645 -0.205887 0.675906 0.35776 0.929322 -0.0914792 -0.6093 0.306547 0.731288 0.158086 2.55429 -1.56839</i>
                        <i>0.69873 -0.225817 0.678811 0.343726 0.938143 -0.0417242 -0.627399 0.262478 0.733127 0.147544 2.50247 -1.53284</i>
                        <i>0.722971 -0.146639 0.675137 0.296348 0.948571 -0.111317 -0.624091 0.280555 0.729245 0.128841 2.53018 -1.37896</i>
                        <i>0.775524 -0.0629222 0.628174 0.221269 0.958995 -0.177112 -0.591272 0.27635 0.757647 0.0932528 2.57363 -1.51983</i>
                        <i>0.532001 -0.104017 0.84033 0.193738 0.981053 -0.00121702 -0.824282 0.163451 0.542073 0.071813 2.57477 -1.57245</i>
                        <i>0.630926 -0.187646 0.752809 0.239757 0.969974 0.0408367 -0.737868 0.154727 0.656971 0.0957165 2.52984 -1.53504</i>
                        <i>0.71994 -0.164009 0.674379 0.298867 0.950232 -0.087962 -0.62639 0.264877 0.733127 0.128841 2.54416 -1.37896</i>
                        <i>0.78487 -0.129032 0.606077 0.319402 0.922379 -0.217254 -0.531 0.364098 0.765161 0.14825 2.56689 -1.51576</i>
                        <i>0.707645 -0.205887 0.675906 0.35776 0.929322 -0.0914793 -0.6093 0.306547 0.731288 0.158086 2.55429 -1.56839</i>
                        <i>0.69873 -0.225817 0.678811 0.343726 0.938143 -0.0417242 -0.627399 0.262478 0.733127 0.147544 2.50247 -1.53284</i>
                        <i>0.722971 -0.146639 0.675137 0.296348 0.948571 -0.111317 -0.624091 0.280555 0.729245 0.128841 2.53018 -1.37896</i>
                        <i>0.775524 -0.0629221 0.628174 0.221269 0.958995 -0.177112 -0.591272 0.27635 0.757647 0.0932528 2.57363 -1.51983</i>
                        <i>0.532001 -0.104017 0.84033 0.193738 0.981053 -0.00121702 -0.824282 0.163451 0.542073 0.071813 2.57477 -1.57245</i>
                        <i>0.630926 -0.187646 0.752809 0.239757 0.969974 0.0408367 -0.737868 0.154727 0.656971 0.0957165 2.52984 -1.53504</i>
