<?xml version="1.0" encoding="ISO-8859-1" ?>
<Animl Version="1">
    <ModellingPackage>
        <![CDATA[Maya.2010]]>
</ModellingPackage>
    <SrcFile>
        <![CDATA[anims\turrets\machinegun\blue\~src\mgun_m2browning\mgun_m2browning_reload_crewman_c.mb]]>
</SrcFile>
    <FramesPerSecond>30</FramesPerSecond>
    <TotalFrames>117</TotalFrames>
    <Skeleton>
        <RefFrame>
            <Name>
                <![CDATA[soldier_ref_frame]]>
</Name>
            <Exclude>0</Exclude>
            <Additive>0</Additive>
            <IKPriority>0</IKPriority>
            <IKRotLimits>-1e+010 -1e+010 -1e+010 1e+010 1e+010 1e+010</IKRotLimits>
            <IKRotLimitOrder>0</IKRotLimitOrder>
            <KeyFrames count="117">
                <i>1 0 0 0 1 0 0 0 1 -1.51 0.91 0.63</i>
                <i>1 0 0 0 1 0 0 0 1 -1.51 0.91 0.63</i>
                <i>1 0 0 0 1 0 0 0 1 -1.51 0.91 0.63</i>
                <i>1 0 0 0 1 0 0 0 1 -1.51 0.91 0.63</i>
                <i>1 0 0 0 1 0 0 0 1 -1.51 0.91 0.63</i>
                <i>1 0 0 0 1 0 0 0 1 -1.51 0.91 0.63</i>
                <i>1 0 0 0 1 0 0 0 1 -1.51 0.91 0.63</i>
                <i>1 0 0 0 1 0 0 0 1 -1.51 0.91 0.63</i>
                <i>1 0 0 0 1 0 0 0 1 -1.51 0.91 0.63</i>
                <i>1 0 0 0 1 0 0 0 1 -1.51 0.91 0.63</i>
                <i>1 0 0 0 1 0 0 0 1 -1.51 0.91 0.63</i>
                <i>1 0 0 0 1 0 0 0 1 -1.51 0.91 0.63</i>
                <i>1 0 0 0 1 0 0 0 1 -1.51 0.91 0.63</i>
                <i>1 0 0 0 1 0 0 0 1 -1.51 0.91 0.63</i>
                <i>1 0 0 0 1 0 0 0 1 -1.51 0.91 0.63</i>
                <i>1 0 0 0 1 0 0 0 1 -1.51 0.91 0.63</i>
                <i>1 0 0 0 1 0 0 0 1 -1.51 0.91 0.63</i>
                <i>1 0 0 0 1 0 0 0 1 -1.51 0.91 0.63</i>
                <i>1 0 0 0 1 0 0 0 1 -1.51 0.91 0.63</i>
                <i>1 0 0 0 1 0 0 0 1 -1.51 0.91 0.63</i>
                <i>1 0 0 0 1 0 0 0 1 -1.51 0.91 0.63</i>
                <i>1 0 0 0 1 0 0 0 1 -1.51 0.91 0.63</i>
                <i>1 0 0 0 1 0 0 0 1 -1.51 0.91 0.63</i>
                <i>1 0 0 0 1 0 0 0 1 -1.51 0.91 0.63</i>
                <i>1 0 0 0 1 0 0 0 1 -1.51 0.91 0.63</i>
                <i>1 0 0 0 1 0 0 0 1 -1.51 0.91 0.63</i>
                <i>1 0 0 0 1 0 0 0 1 -1.51 0.91 0.63</i>
                <i>1 0 0 0 1 0 0 0 1 -1.51 0.91 0.63</i>
                <i>1 0 0 0 1 0 0 0 1 -1.51 0.91 0.63</i>
                <i>1 0 0 0 1 0 0 0 1 -1.51 0.91 0.63</i>
                <i>1 0 0 0 1 0 0 0 1 -1.51 0.91 0.63</i>
                <i>1 0 0 0 1 0 0 0 1 -1.51 0.91 0.63</i>
                <i>1 0 0 0 1 0 0 0 1 -1.51 0.91 0.63</i>
                <i>1 0 0 0 1 0 0 0 1 -1.51 0.91 0.63</i>
                <i>1 0 0 0 1 0 0 0 1 -1.51 0.91 0.63</i>
                <i>1 0 0 0 1 0 0 0 1 -1.51 0.91 0.63</i>
                <i>1 0 0 0 1 0 0 0 1 -1.51 0.91 0.63</i>
                <i>1 0 0 0 1 0 0 0 1 -1.51 0.91 0.63</i>
                <i>1 0 0 0 1 0 0 0 1 -1.51 0.91 0.63</i>
                <i>1 0 0 0 1 0 0 0 1 -1.51 0.91 0.63</i>
                <i>1 0 0 0 1 0 0 0 1 -1.51 0.91 0.63</i>
                <i>1 0 0 0 1 0 0 0 1 -1.51 0.91 0.63</i>
                <i>1 0 0 0 1 0 0 0 1 -1.51 0.91 0.63</i>
                <i>1 0 0 0 1 0 0 0 1 -1.51 0.91 0.63</i>
                <i>1 0 0 0 1 0 0 0 1 -1.51 0.91 0.63</i>
                <i>1 0 0 0 1 0 0 0 1 -1.51 0.91 0.63</i>
                <i>1 0 0 0 1 0 0 0 1 -1.51 0.91 0.63</i>
                <i>1 0 0 0 1 0 0 0 1 -1.51 0.91 0.63</i>
                <i>1 0 0 0 1 0 0 0 1 -1.51 0.91 0.63</i>
                <i>1 0 0 0 1 0 0 0 1 -1.51 0.91 0.63</i>
                <i>1 0 0 0 1 0 0 0 1 -1.51 0.91 0.63</i>
                <i>1 0 0 0 1 0 0 0 1 -1.51 0.91 0.63</i>
                <i>1 0 0 0 1 0 0 0 1 -1.51 0.91 0.63</i>
                <i>1 0 0 0 1 0 0 0 1 -1.51 0.91 0.63</i>
                <i>1 0 0 0 1 0 0 0 1 -1.51 0.91 0.63</i>
                <i>1 0 0 0 1 0 0 0 1 -1.51 0.91 0.63</i>
                <i>1 0 0 0 1 0 0 0 1 -1.51 0.91 0.63</i>
                <i>1 0 0 0 1 0 0 0 1 -1.51 0.91 0.63</i>
                <i>1 0 0 0 1 0 0 0 1 -1.51 0.91 0.63</i>
                <i>1 0 0 0 1 0 0 0 1 -1.51 0.91 0.63</i>
                <i>1 0 0 0 1 0 0 0 1 -1.51 0.91 0.63</i>
                <i>1 0 0 0 1 0 0 0 1 -1.51 0.91 0.63</i>
                <i>1 0 0 0 1 0 0 0 1 -1.51 0.91 0.63</i>
                <i>1 0 0 0 1 0 0 0 1 -1.51 0.91 0.63</i>
                <i>1 0 0 0 1 0 0 0 1 -1.51 0.91 0.63</i>
                <i>1 0 0 0 1 0 0 0 1 -1.51 0.91 0.63</i>
                <i>1 0 0 0 1 0 0 0 1 -1.51 0.91 0.63</i>
                <i>1 0 0 0 1 0 0 0 1 -1.51 0.91 0.63</i>
                <i>1 0 0 0 1 0 0 0 1 -1.51 0.91 0.63</i>
                <i>1 0 0 0 1 0 0 0 1 -1.51 0.91 0.63</i>
                <i>1 0 0 0 1 0 0 0 1 -1.51 0.91 0.63</i>
                <i>1 0 0 0 1 0 0 0 1 -1.51 0.91 0.63</i>
                <i>1 0 0 0 1 0 0 0 1 -1.51 0.91 0.63</i>
                <i>1 0 0 0 1 0 0 0 1 -1.51 0.91 0.63</i>
                <i>1 0 0 0 1 0 0 0 1 -1.51 0.91 0.63</i>
                <i>1 0 0 0 1 0 0 0 1 -1.51 0.91 0.63</i>
                <i>1 0 0 0 1 0 0 0 1 -1.51 0.91 0.63</i>
                <i>1 0 0 0 1 0 0 0 1 -1.51 0.91 0.63</i>
                <i>1 0 0 0 1 0 0 0 1 -1.51 0.91 0.63</i>
                <i>1 0 0 0 1 0 0 0 1 -1.51 0.91 0.63</i>
                <i>1 0 0 0 1 0 0 0 1 -1.51 0.91 0.63</i>
                <i>1 0 0 0 1 0 0 0 1 -1.51 0.91 0.63</i>
                <i>1 0 0 0 1 0 0 0 1 -1.51 0.91 0.63</i>
                <i>1 0 0 0 1 0 0 0 1 -1.51 0.91 0.63</i>
                <i>1 0 0 0 1 0 0 0 1 -1.51 0.91 0.63</i>
                <i>1 0 0 0 1 0 0 0 1 -1.51 0.91 0.63</i>
                <i>1 0 0 0 1 0 0 0 1 -1.51 0.91 0.63</i>
                <i>1 0 0 0 1 0 0 0 1 -1.51 0.91 0.63</i>
                <i>1 0 0 0 1 0 0 0 1 -1.51 0.91 0.63</i>
                <i>1 0 0 0 1 0 0 0 1 -1.51 0.91 0.63</i>
                <i>1 0 0 0 1 0 0 0 1 -1.51 0.91 0.63</i>
                <i>1 0 0 0 1 0 0 0 1 -1.51 0.91 0.63</i>
                <i>1 0 0 0 1 0 0 0 1 -1.51 0.91 0.63</i>
                <i>1 0 0 0 1 0 0 0 1 -1.51 0.91 0.63</i>
                <i>1 0 0 0 1 0 0 0 1 -1.51 0.91 0.63</i>
                <i>1 0 0 0 1 0 0 0 1 -1.51 0.91 0.63</i>
                <i>1 0 0 0 1 0 0 0 1 -1.51 0.91 0.63</i>
                <i>1 0 0 0 1 0 0 0 1 -1.51 0.91 0.63</i>
                <i>1 0 0 0 1 0 0 0 1 -1.51 0.91 0.63</i>
                <i>1 0 0 0 1 0 0 0 1 -1.51 0.91 0.63</i>
                <i>1 0 0 0 1 0 0 0 1 -1.51 0.91 0.63</i>
                <i>1 0 0 0 1 0 0 0 1 -1.51 0.91 0.63</i>
                <i>1 0 0 0 1 0 0 0 1 -1.51 0.91 0.63</i>
                <i>1 0 0 0 1 0 0 0 1 -1.51 0.91 0.63</i>
                <i>1 0 0 0 1 0 0 0 1 -1.51 0.91 0.63</i>
                <i>1 0 0 0 1 0 0 0 1 -1.51 0.91 0.63</i>
                <i>1 0 0 0 1 0 0 0 1 -1.51 0.91 0.63</i>
                <i>1 0 0 0 1 0 0 0 1 -1.51 0.91 0.63</i>
                <i>1 0 0 0 1 0 0 0 1 -1.51 0.91 0.63</i>
                <i>1 0 0 0 1 0 0 0 1 -1.51 0.91 0.63</i>
                <i>1 0 0 0 1 0 0 0 1 -1.51 0.91 0.63</i>
                <i>1 0 0 0 1 0 0 0 1 -1.51 0.91 0.63</i>
                <i>1 0 0 0 1 0 0 0 1 -1.51 0.91 0.63</i>
                <i>1 0 0 0 1 0 0 0 1 -1.51 0.91 0.63</i>
                <i>1 0 0 0 1 0 0 0 1 -1.51 0.91 0.63</i>
                <i>1 0 0 0 1 0 0 0 1 -1.51 0.91 0.63</i>
                <i>1 0 0 0 1 0 0 0 1 -1.51 0.91 0.63</i>
            </KeyFrames>
        </RefFrame>
        <Bones count="23">
            <i>
                <p>
                    <Name>
                        <![CDATA[pelvis]]>
</Name>
                    <Exclude>0</Exclude>
                    <Additive>0</Additive>
                    <IKPriority>0</IKPriority>
                    <IKRotLimits>-1e+010 -1e+010 -1e+010 1e+010 1e+010 1e+010</IKRotLimits>
                    <IKRotLimitOrder>2</IKRotLimitOrder>
                    <KeyFrames count="117">
                        <i>1 0 0 0 1 0 0 0 1 -1.51092 1.56374 0.731578</i>
                        <i>1 0 0 0 1 0 0 0 1 -1.51092 1.56374 0.731578</i>
                        <i>1 0 0 0 1 0 0 0 1 -1.51092 1.56374 0.731578</i>
                        <i>1 0 0 0 1 0 0 0 1 -1.51092 1.56374 0.731578</i>
                        <i>1 0 0 0 1 0 0 0 1 -1.51092 1.56374 0.731578</i>
                        <i>1 0 0 0 1 0 0 0 1 -1.51092 1.56374 0.731578</i>
                        <i>1 0 0 0 1 0 0 0 1 -1.51092 1.56374 0.731578</i>
                        <i>1 0 0 0 1 0 0 0 1 -1.51092 1.56374 0.731578</i>
                        <i>1 0 0 0 1 0 0 0 1 -1.51092 1.56374 0.731578</i>
                        <i>1 0 0 0 1 0 0 0 1 -1.51092 1.56374 0.731578</i>
                        <i>1 0 0 0 1 0 0 0 1 -1.51092 1.56374 0.731578</i>
                        <i>1 0 0 0 1 0 0 0 1 -1.51092 1.56374 0.731578</i>
                        <i>1 0 0 0 1 0 0 0 1 -1.51092 1.56374 0.731578</i>
                        <i>1 0 0 0 1 0 0 0 1 -1.51092 1.56374 0.731578</i>
                        <i>1 0 0 0 1 0 0 0 1 -1.51092 1.56374 0.731578</i>
                        <i>1 0 0 0 1 0 0 0 1 -1.51092 1.56374 0.731578</i>
                        <i>1 0 0 0 1 0 0 0 1 -1.51092 1.56374 0.731578</i>
                        <i>1 0 0 0 1 0 0 0 1 -1.51092 1.56374 0.731578</i>
                        <i>1 0 0 0 1 0 0 0 1 -1.51092 1.56374 0.731578</i>
                        <i>1 0 0 0 1 0 0 0 1 -1.51092 1.56374 0.731578</i>
                        <i>1 0 0 0 1 0 0 0 1 -1.51092 1.56374 0.731578</i>
                        <i>1 0 0 0 1 0 0 0 1 -1.51092 1.566 0.730273</i>
                        <i>1 0 0 0 1 0 0 0 1 -1.51092 1.57161 0.726815</i>
                        <i>1 0 0 0 1 0 0 0 1 -1.51092 1.57882 0.721888</i>
                        <i>1 0 0 0 1 0 0 0 1 -1.51092 1.58589 0.716177</i>
                        <i>1 0 0 0 1 0 0 0 1 -1.51092 1.59105 0.710365</i>
                        <i>1 0 0 0 1 0 0 0 1 -1.51092 1.59257 0.705138</i>
                        <i>1 0 0 0 1 0 0 0 1 -1.50569 1.57999 0.703573</i>
                        <i>1 0 0 0 1 0 0 0 1 -1.49268 1.55153 0.704788</i>
                        <i>1 0 0 0 1 0 0 0 1 -1.47589 1.51839 0.703525</i>
                        <i>1 0 0 0 1 0 0 0 1 -1.4593 1.4918 0.694526</i>
                        <i>1 0 0 0 1 0 0 0 1 -1.44693 1.48296 0.672536</i>
                        <i>1 0 0 0 1 0 0 0 1 -1.44278 1.5031 0.632295</i>
                        <i>1 0 0 0 1 0 0 0 1 -1.45096 1.56634 0.556078</i>
                        <i>1 0 0 0 1 0 0 0 1 -1.46869 1.66643 0.445002</i>
                        <i>1 0 0 0 1 0 0 0 1 -1.48959 1.78413 0.321773</i>
                        <i>1 0 0 0 1 0 0 0 1 -1.50833 1.90042 0.207948</i>
                        <i>1 0 0 0 1 0 0 0 1 -1.52136 1.99637 0.124307</i>
                        <i>1 0 0 0 1 0 0 0 1 -1.52629 2.05291 0.0917252</i>
                        <i>1 0 0 0 1 0 0 0 1 -1.52629 2.06627 0.0917252</i>
                        <i>1 0 0 0 1 0 0 0 1 -1.52629 2.05209 0.0917252</i>
                        <i>1 0 0 0 1 0 0 0 1 -1.52629 2.02029 0.0917252</i>
                        <i>1 0 0 0 1 0 0 0 1 -1.52629 1.98076 0.0917252</i>
                        <i>1 0 0 0 1 0 0 0 1 -1.52629 1.9434 0.0917252</i>
                        <i>1 0 0 0 1 0 0 0 1 -1.52629 1.91813 0.0917252</i>
                        <i>1 0 0 0 1 0 0 0 1 -1.50513 1.90166 0.0789681</i>
                        <i>1 0 0 0 1 0 0 0 1 -1.4513 1.88592 0.0476741</i>
                        <i>1 0 0 0 1 0 0 0 1 -1.37916 1.87373 0.00854941</i>
                        <i>1 0 0 0 1 0 0 0 1 -1.30207 1.86752 -0.0282434</i>
                        <i>1 0 0 0 1 0 0 0 1 -1.23248 1.86844 -0.0540422</i>
                        <i>1 0 0 0 1 0 0 0 1 -1.18276 1.87637 -0.0619532</i>
                        <i>1 0 0 0 1 0 0 0 1 -1.15383 1.89671 -0.0594798</i>
                        <i>1 0 0 0 1 0 0 0 1 -1.13655 1.93056 -0.0578214</i>
                        <i>1 0 0 0 1 0 0 0 1 -1.12829 1.97108 -0.0564767</i>
                        <i>1 0 0 0 1 0 0 0 1 -1.12636 2.01147 -0.0549034</i>
                        <i>1 0 0 0 1 0 0 0 1 -1.12798 2.04487 -0.0525113</i>
                        <i>1 0 0 0 1 0 0 0 1 -1.13013 2.0644 -0.0486394</i>
                        <i>1 0 0 0 1 0 0 0 1 -1.14184 2.0541 -0.0711616</i>
                        <i>1 0 0 0 1 0 0 0 1 -1.16406 2.01874 -0.116268</i>
                        <i>1 0 0 0 1 0 0 0 1 -1.18318 1.98282 -0.136636</i>
                        <i>1 0 0 0 1 0 0 0 1 -1.19649 1.95235 -0.0961925</i>
                        <i>1 0 0 0 1 0 0 0 1 -1.20481 1.92485 -0.0318036</i>
                        <i>1 0 0 0 1 0 0 0 1 -1.20742 1.91029 0.000996057</i>
                        <i>1 0 0 0 1 0 0 0 1 -1.20752 1.90616 0.000969743</i>
                        <i>1 0 0 0 1 0 0 0 1 -1.20777 1.90644 0.000904878</i>
                        <i>1 0 0 0 1 0 0 0 1 -1.20807 1.91012 0.000823566</i>
                        <i>1 0 0 0 1 0 0 0 1 -1.20832 1.91623 0.000752188</i>
                        <i>1 0 0 0 1 0 0 0 1 -1.20843 1.92377 0.000721375</i>
                        <i>1 0 0 0 1 0 0 0 1 -1.20954 1.93387 0.000372189</i>
                        <i>1 0 0 0 1 0 0 0 1 -1.21262 1.94725 -0.000787061</i>
                        <i>1 0 0 0 1 0 0 0 1 -1.21725 1.96227 -0.00304788</i>
                        <i>1 0 0 0 1 0 0 0 1 -1.22281 1.97747 -0.00670795</i>
                        <i>1 0 0 0 1 0 0 0 1 -1.22856 1.99166 -0.0119169</i>
                        <i>1 0 0 0 1 0 0 0 1 -1.23006 2.0076 -0.00728127</i>
                        <i>1 0 0 0 1 0 0 0 1 -1.22473 2.02574 0.0121681</i>
                        <i>1 0 0 0 1 0 0 0 1 -1.21605 2.0417 0.0373113</i>
                        <i>1 0 0 0 1 0 0 0 1 -1.20977 2.05075 0.0583552</i>
                        <i>1 0 0 0 1 0 0 0 1 -1.21296 2.04766 0.0633802</i>
                        <i>1 0 0 0 1 0 0 0 1 -1.24338 2.02139 0.00548999</i>
                        <i>1 0 0 0 1 0 0 0 1 -1.2938 1.96878 -0.0824486</i>
                        <i>1 0 0 0 1 0 0 0 1 -1.33363 1.89762 -0.0941909</i>
                        <i>1 0 0 0 1 0 0 0 1 -1.35227 1.7979 0.0193876</i>
                        <i>1 0 0 0 1 0 0 0 1 -1.364 1.67761 0.196267</i>
                        <i>1 0 0 0 1 0 0 0 1 -1.37434 1.57171 0.375646</i>
                        <i>1 0 0 0 1 0 0 0 1 -1.38735 1.51362 0.496453</i>
                        <i>1 0 0 0 1 0 0 0 1 -1.40451 1.49982 0.560667</i>
                        <i>1 0 0 0 1 0 0 0 1 -1.42394 1.50207 0.612096</i>
                        <i>1 0 0 0 1 0 0 0 1 -1.44432 1.51623 0.652929</i>
                        <i>1 0 0 0 1 0 0 0 1 -1.46428 1.53816 0.685293</i>
                        <i>1 0 0 0 1 0 0 0 1 -1.48241 1.56362 0.711214</i>
                        <i>1 0 0 0 1 0 0 0 1 -1.49724 1.58828 0.732577</i>
                        <i>1 0 0 0 1 0 0 0 1 -1.50725 1.60779 0.751121</i>
                        <i>1 0 0 0 1 0 0 0 1 -1.51092 1.61777 0.768463</i>
                        <i>1 0 0 0 1 0 0 0 1 -1.51092 1.6195 0.780298</i>
                        <i>1 0 0 0 1 0 0 0 1 -1.51092 1.61781 0.782954</i>
                        <i>1 0 0 0 1 0 0 0 1 -1.51092 1.61362 0.778955</i>
                        <i>1 0 0 0 1 0 0 0 1 -1.51092 1.60784 0.770823</i>
                        <i>1 0 0 0 1 0 0 0 1 -1.51092 1.60139 0.761081</i>
                        <i>1 0 0 0 1 0 0 0 1 -1.51092 1.59519 0.752251</i>
                        <i>1 0 0 0 1 0 0 0 1 -1.51092 1.59014 0.746856</i>
                        <i>1 0 0 0 1 0 0 0 1 -1.51092 1.58629 0.743754</i>
                        <i>1 0 0 0 1 0 0 0 1 -1.51092 1.58276 0.740373</i>
                        <i>1 0 0 0 1 0 0 0 1 -1.51092 1.57914 0.737089</i>
                        <i>1 0 0 0 1 0 0 0 1 -1.51092 1.57504 0.734278</i>
                        <i>1 0 0 0 1 0 0 0 1 -1.51092 1.57004 0.732316</i>
                        <i>1 0 0 0 1 0 0 0 1 -1.51092 1.56374 0.731578</i>
                        <i>1 0 0 0 1 0 0 0 1 -1.51092 1.56374 0.731578</i>
                        <i>1 0 0 0 1 0 0 0 1 -1.51092 1.56374 0.731578</i>
                        <i>1 0 0 0 1 0 0 0 1 -1.51092 1.56374 0.731578</i>
                        <i>1 0 0 0 1 0 0 0 1 -1.51092 1.56374 0.731578</i>
                        <i>1 0 0 0 1 0 0 0 1 -1.51092 1.56374 0.731578</i>
                        <i>1 0 0 0 1 0 0 0 1 -1.51092 1.56374 0.731578</i>
                        <i>1 0 0 0 1 0 0 0 1 -1.51092 1.56374 0.731578</i>
                        <i>1 0 0 0 1 0 0 0 1 -1.51092 1.56374 0.731578</i>
                        <i>1 0 0 0 1 0 0 0 1 -1.51092 1.56374 0.731578</i>
                        <i>1 0 0 0 1 0 0 0 1 -1.51092 1.56374 0.731578</i>
                        <i>1 0 0 0 1 0 0 0 1 -1.51092 1.56374 0.731578</i>
                    </KeyFrames>
                </p>
            </i>
            <i>
                <p>
                    <Name>
                        <![CDATA[spine0]]>
</Name>
                    <Exclude>0</Exclude>
                    <Additive>0</Additive>
                    <IKPriority>0</IKPriority>
                    <IKRotLimits>-1e+010 -1e+010 -1e+010 1e+010 1e+010 1e+010</IKRotLimits>
                    <IKRotLimitOrder>0</IKRotLimitOrder>
                    <KeyFrames count="117">
                        <i>-0.34864 0.799106 0.489775 -0.935297 -0.330406 -0.126695 0.0605814 -0.502256 0.862594 -1.56729 1.69603 0.727391</i>
                        <i>-0.34864 0.799106 0.489775 -0.935297 -0.330406 -0.126695 0.0605814 -0.502256 0.862594 -1.56729 1.69603 0.727391</i>
                        <i>-0.34864 0.799106 0.489775 -0.935297 -0.330406 -0.126695 0.0605814 -0.502256 0.862594 -1.56729 1.69603 0.727391</i>
                        <i>-0.34864 0.799106 0.489775 -0.935297 -0.330406 -0.126695 0.0605814 -0.502256 0.862594 -1.56729 1.69603 0.727391</i>
                        <i>-0.34864 0.799106 0.489775 -0.935297 -0.330406 -0.126695 0.0605814 -0.502256 0.862594 -1.56729 1.69603 0.727391</i>
                        <i>-0.34864 0.799106 0.489775 -0.935297 -0.330406 -0.126695 0.0605814 -0.502256 0.862594 -1.56729 1.69603 0.727391</i>
                        <i>-0.34864 0.799106 0.489775 -0.935297 -0.330406 -0.126695 0.0605814 -0.502256 0.862594 -1.56729 1.69603 0.727391</i>
                        <i>-0.34864 0.799106 0.489775 -0.935297 -0.330406 -0.126695 0.0605814 -0.502256 0.862594 -1.56729 1.69603 0.727391</i>
                        <i>-0.34864 0.799106 0.489775 -0.935297 -0.330406 -0.126695 0.0605814 -0.502256 0.862594 -1.56729 1.69603 0.727391</i>
                        <i>-0.34864 0.799106 0.489775 -0.935297 -0.330406 -0.126695 0.0605814 -0.502256 0.862594 -1.56729 1.69603 0.727391</i>
                        <i>-0.34864 0.799106 0.489775 -0.935297 -0.330406 -0.126695 0.0605814 -0.502256 0.862594 -1.56729 1.69603 0.727391</i>
                        <i>-0.34864 0.799106 0.489775 -0.935297 -0.330406 -0.126695 0.0605814 -0.502256 0.862594 -1.56729 1.69603 0.727391</i>
                        <i>-0.34864 0.799106 0.489775 -0.935297 -0.330406 -0.126695 0.0605814 -0.502256 0.862594 -1.56729 1.69603 0.727391</i>
                        <i>-0.34864 0.799106 0.489775 -0.935297 -0.330406 -0.126695 0.0605814 -0.502256 0.862594 -1.56729 1.69603 0.727391</i>
                        <i>-0.34864 0.799106 0.489775 -0.935297 -0.330406 -0.126695 0.0605814 -0.502256 0.862594 -1.56729 1.69603 0.727391</i>
                        <i>-0.34864 0.799106 0.489775 -0.935297 -0.330406 -0.126695 0.0605814 -0.502256 0.862594 -1.56729 1.69603 0.727391</i>
                        <i>-0.34864 0.799106 0.489775 -0.935297 -0.330406 -0.126695 0.0605814 -0.502256 0.862594 -1.56729 1.69603 0.727391</i>
                        <i>-0.34864 0.799106 0.489775 -0.935297 -0.330406 -0.126695 0.0605814 -0.502256 0.862594 -1.56729 1.69603 0.727391</i>
                        <i>-0.34864 0.799106 0.489775 -0.935297 -0.330406 -0.126695 0.0605814 -0.502256 0.862594 -1.56729 1.69603 0.727391</i>
                        <i>-0.34864 0.799106 0.489775 -0.935297 -0.330406 -0.126695 0.0605814 -0.502256 0.862594 -1.56729 1.69603 0.727391</i>
                        <i>-0.34864 0.799106 0.489775 -0.935297 -0.330406 -0.126695 0.0605814 -0.502256 0.862594 -1.56729 1.69603 0.727391</i>
                        <i>-0.336776 0.813019 0.474956 -0.938191 -0.33253 -0.0960236 0.0798681 -0.477938 0.874755 -1.56644 1.6984 0.721172</i>
                        <i>-0.305755 0.844459 0.439776 -0.942712 -0.333245 -0.0155232 0.133445 -0.419329 0.897973 -1.56482 1.70333 0.705817</i>
                        <i>-0.263272 0.878665 0.398292 -0.940678 -0.325409 0.0960888 0.214038 -0.349367 0.912212 -1.56396 1.70779 0.686531</i>
                        <i>-0.219596 0.905813 0.362327 -0.926276 -0.310169 0.21403 0.306254 -0.288615 0.907144 -1.56465 1.71038 0.668109</i>
                        <i>-0.186295 0.921245 0.341469 -0.903713 -0.297038 0.308336 0.385482 -0.251148 0.887878 -1.56629 1.71122 0.653884</i>
                        <i>-0.174142 0.922283 0.345063 -0.889127 -0.297877 0.347452 0.423235 -0.246299 0.8719 -1.56721 1.71085 0.645663</i>
                        <i>-0.182111 0.914527 0.361214 -0.88306 -0.313691 0.349002 0.432482 -0.255417 0.864709 -1.56199 1.69827 0.644099</i>
                        <i>-0.198831 0.906832 0.371647 -0.874203 -0.335523 0.35099 0.442985 -0.255107 0.859468 -1.54898 1.66981 0.645313</i>
                        <i>-0.21861 0.900645 0.375565 -0.864913 -0.357041 0.352772 0.451814 -0.247711 0.857032 -1.53218 1.63667 0.64405</i>
                        <i>-0.236137 0.897677 0.372042 -0.857946 -0.372372 0.353931 0.456254 -0.235616 0.85809 -1.5156 1.61008 0.635052</i>
                        <i>-0.247115 0.899702 0.359819 -0.855899 -0.376758 0.354245 0.45428 -0.220429 0.863157 -1.50323 1.60124 0.613061</i>
                        <i>-0.248178 0.908158 0.337129 -0.860682 -0.366428 0.353492 0.444561 -0.202432 0.872575 -1.49907 1.62138 0.57282</i>
                        <i>-0.230389 0.926111 0.298729 -0.870234 -0.333458 0.362626 0.435446 -0.176419 0.882759 -1.50719 1.68328 0.493959</i>
                        <i>-0.201514 0.94931 0.241253 -0.876754 -0.284632 0.387668 0.436686 -0.133399 0.889669 -1.52513 1.77927 0.375874</i>
                        <i>-0.181376 0.968657 0.169723 -0.874505 -0.237812 0.422714 0.449827 -0.0717532 0.890229 -1.54721 1.88974 0.242901</i>
                        <i>-0.180793 0.978607 0.0981988 -0.862648 -0.205737 0.462072 0.47239 -0.00117172 0.881389 -1.56845 1.99622 0.11905</i>
                        <i>-0.197894 0.979211 0.0445382 -0.846232 -0.193598 0.496398 0.494701 0.0605447 0.866952 -1.58468 2.08233 0.0278755</i>
                        <i>-0.223015 0.974524 0.0237964 -0.834938 -0.203557 0.511314 0.503132 0.0941624 0.859064 -1.5923 2.13337 -0.00759822</i>
                        <i>-0.253205 0.966988 0.0286643 -0.829071 -0.23217 0.508664 0.498526 0.105032 0.860488 -1.59459 2.14518 -0.00728239</i>
                        <i>-0.287612 0.956874 0.040896 -0.822108 -0.26856 0.50201 0.491343 0.110763 0.863894 -1.59701 2.12989 -0.00646987</i>
                        <i>-0.320407 0.945568 0.0569235 -0.814387 -0.305653 0.493305 0.483853 0.111701 0.867992 -1.59924 2.09741 -0.00536476</i>
                        <i>-0.345895 0.935423 0.073085 -0.807483 -0.336443 0.484539 0.477838 0.108585 0.871711 -1.60097 2.05767 -0.00420484</i>
                        <i>-0.358483 0.929603 0.0856022 -0.803995 -0.354038 0.477754 0.474429 0.102443 0.874313 -1.60178 2.02068 -0.00327554</i>
                        <i>-0.35252 0.931405 0.0906287 -0.806699 -0.351543 0.475031 0.474306 0.094348 0.87529 -1.60119 1.99644 -0.00289485</i>
                        <i>-0.301629 0.947961 0.101935 -0.809912 -0.311169 0.497208 0.503052 0.0674143 0.861623 -1.5788 1.98693 -0.0104736</i>
                        <i>-0.193693 0.972396 0.130112 -0.798382 -0.233308 0.555116 0.570148 0.0036425 0.821534 -1.52121 1.98627 -0.0280806</i>
                        <i>-0.0447521 0.985327 0.164704 -0.760193 -0.140556 0.634311 0.648154 -0.0968202 0.755329 -1.43851 1.99176 -0.0484034</i>
                        <i>0.119908 0.973695 0.193754 -0.693249 -0.0575804 0.718394 0.710653 -0.220461 0.668109 -1.34402 1.99985 -0.0659763</i>
                        <i>0.262884 0.942052 0.208401 -0.611046 -0.00459871 0.791582 0.746669 -0.335436 0.574428 -1.256 2.00853 -0.0767684</i>
                        <i>0.342455 0.915955 0.209167 -0.538635 0.00899231 0.842491 0.769803 -0.40118 0.496445 -1.19592 2.01888 -0.0765769</i>
                        <i>0.372233 0.903655 0.21178 -0.445223 -0.0263626 0.895031 0.814382 -0.42745 0.392515 -1.16806 2.03963 -0.0676903</i>
                        <i>0.393496 0.892831 0.219118 -0.290044 -0.105605 0.951169 0.872373 -0.437835 0.217405 -1.15834 2.07273 -0.055241</i>
                        <i>0.407774 0.885442 0.222963 -0.0910929 -0.203519 0.974824 0.908527 -0.417819 -0.00233221 -1.16091 2.11007 -0.0387266</i>
                        <i>0.4142 0.883783 0.217637 0.122556 -0.291089 0.948814 0.901897 -0.366326 -0.228882 -1.16956 2.14401 -0.019362</i>
                        <i>0.407847 0.891324 0.197996 0.316635 -0.341465 0.884954 0.85639 -0.298233 -0.42149 -1.17895 2.16884 -0.000270262</i>
                        <i>0.377814 0.912034 0.159532 0.460448 -0.334565 0.822225 0.803271 -0.237192 -0.546347 -1.18616 2.18068 0.0149005</i>
                        <i>0.297367 0.950193 0.0933105 0.604221 -0.262959 0.752177 0.73925 -0.167292 -0.652322 -1.19627 2.16616 0.000783734</i>
                        <i>0.187766 0.976891 0.102119 0.763463 -0.210568 0.610561 0.617954 -0.0366783 -0.785358 -1.20796 2.1242 -0.028829</i>
                        <i>0.127561 0.974896 0.182497 0.878822 -0.196394 0.434858 0.459783 0.104912 -0.881813 -1.21047 2.07646 -0.0308834</i>
                        <i>0.166615 0.966776 0.193863 0.922758 -0.222172 0.314892 0.347501 0.126423 -0.929118 -1.20722 2.03996 0.0174114</i>
                        <i>0.218632 0.974752 0.0453641 0.919646 -0.22137 0.324418 0.326269 -0.0292093 -0.944825 -1.20586 2.02206 0.0742353</i>
                        <i>0.211575 0.97415 -0.0791705 0.89409 -0.160194 0.418259 0.394764 -0.159279 -0.904871 -1.20956 2.01907 0.0951115</i>
                        <i>0.21539 0.973282 -0.0795517 0.861509 -0.151032 0.484759 0.459793 -0.172947 -0.871023 -1.21376 2.01892 0.0900924</i>
                        <i>0.208226 0.974757 -0.0805672 0.845771 -0.138075 0.51537 0.491236 -0.175455 -0.853172 -1.21691 2.02182 0.0863346</i>
                        <i>0.195145 0.977503 -0.0800358 0.842978 -0.125458 0.523114 0.501305 -0.169552 -0.848496 -1.21913 2.02724 0.0836342</i>
                        <i>0.180896 0.980551 -0.0761304 0.846759 -0.115903 0.519198 0.500276 -0.158385 -0.851257 -1.22021 2.0346 0.08165</i>
                        <i>0.170829 0.983015 -0.0670684 0.850245 -0.112675 0.514187 0.497897 -0.144863 -0.855052 -1.21985 2.04325 0.0800295</i>
                        <i>0.148168 0.987201 -0.0589884 0.840261 -0.09421 0.533934 0.521543 -0.128678 -0.843466 -1.22315 2.05558 0.075854</i>
                        <i>0.0977391 0.993259 -0.0623143 0.805015 -0.04209 0.591759 0.585148 -0.108002 -0.803703 -1.23377 2.07224 0.0672279</i>
                        <i>0.0361435 0.99602 -0.0814695 0.737417 0.0284391 0.674838 0.67447 -0.084468 -0.733455 -1.24883 2.09002 0.0550704</i>
                        <i>-0.0110039 0.99365 -0.111973 0.633578 0.0935611 0.768001 0.7736 -0.0624926 -0.630585 -1.26543 2.10657 0.0403318</i>
                        <i>-0.0227169 0.990441 -0.136057 0.496557 0.129296 0.85832 0.867707 -0.0480614 -0.494747 -1.28142 2.12054 0.0240094</i>
                        <i>-0.0257457 0.989512 -0.14214 0.305111 0.143181 0.941491 0.951969 -0.0191293 -0.305598 -1.29514 2.13391 0.0152035</i>
                        <i>-0.0474598 0.987465 -0.150534 0.0491975 0.152831 0.987027 0.997661 0.0394382 -0.0558341 -1.30273 2.1466 0.0143475</i>
                        <i>-0.0697111 0.981605 -0.177742 -0.231932 0.157345 0.959922 0.970231 0.108141 0.216697 -1.30093 2.15528 0.012963</i>
                        <i>-0.0690844 0.973127 -0.219663 -0.489635 0.158768 0.85735 0.869186 0.166784 0.465509 -1.29143 2.15718 0.00640331</i>
                        <i>-0.032604 0.967096 -0.252315 -0.686255 0.161873 0.70912 0.72663 0.196272 0.658397 -1.28253 2.14978 -0.0102936</i>
                        <i>0.0538567 0.97234 -0.227274 -0.817309 0.173686 0.549399 0.573678 0.156164 0.804056 -1.29289 2.12672 -0.079075</i>
                        <i>0.140543 0.979308 -0.145612 -0.900244 0.187615 0.39289 0.412079 0.0758687 0.907984 -1.32103 2.08111 -0.168112</i>
                        <i>0.171886 0.980825 -0.0918549 -0.950588 0.189609 0.245825 0.258528 0.0450624 0.964952 -1.34484 2.01215 -0.180525</i>
                        <i>0.162935 0.97762 -0.133083 -0.980563 0.175396 0.0879343 0.109309 0.116169 0.987196 -1.35166 1.90552 -0.0760703</i>
                        <i>0.164585 0.959831 -0.227235 -0.985727 0.151783 -0.0728332 -0.0354171 0.235979 0.971112 -1.3497 1.77248 0.0890706</i>
                        <i>0.183252 0.932413 -0.311489 -0.972252 0.125031 -0.197718 -0.145409 0.339078 0.929453 -1.34648 1.65373 0.260783</i>
                        <i>0.188208 0.924382 -0.331806 -0.961213 0.104016 -0.255442 -0.201613 0.367013 0.908105 -1.35145 1.5907 0.380407</i>
                        <i>0.160808 0.94226 -0.293747 -0.96338 0.0851475 -0.254261 -0.214568 0.323877 0.921447 -1.36849 1.58053 0.447157</i>
                        <i>0.113905 0.965158 -0.235575 -0.972386 0.0596895 -0.225617 -0.203695 0.254769 0.945305 -1.39336 1.58925 0.50182</i>
                        <i>0.057241 0.985647 -0.158822 -0.983406 0.0282341 -0.179209 -0.172153 0.166444 0.970907 -1.42302 1.61144 0.547201</i>
                        <i>0.00113379 0.997732 -0.0673024 -0.992171 -0.00728257 -0.124676 -0.124883 0.0669168 0.989912 -1.45431 1.64174 0.585954</i>
                        <i>-0.0461644 0.998423 0.0319304 -0.996512 -0.0438047 -0.0710241 -0.0695135 -0.0350979 0.996963 -1.48395 1.67496 0.620132</i>
                        <i>-0.0806539 0.988262 0.129746 -0.996621 -0.0779301 -0.0259432 -0.0155275 -0.1314 0.991208 -1.50869 1.70625 0.651039</i>
                        <i>-0.103012 0.970734 0.216942 -0.994305 -0.106483 0.00433971 0.0273133 -0.215259 0.976175 -1.52557 1.73113 0.679368</i>
                        <i>-0.117064 0.951144 0.285694 -0.991864 -0.126461 0.0145985 0.0500142 -0.28166 0.95821 -1.53193 1.74541 0.705513</i>
                        <i>-0.134627 0.926979 0.350122 -0.989257 -0.146054 0.00630805 0.0569841 -0.345511 0.936683 -1.53336 1.75078 0.725908</i>
                        <i>-0.161598 0.891734 0.422724 -0.984888 -0.17277 -0.0120423 0.0622958 -0.418282 0.906178 -1.53691 1.75196 0.737954</i>
                        <i>-0.192953 0.847291 0.49484 -0.978682 -0.202353 -0.035137 0.0703613 -0.491071 0.868273 -1.54201 1.74951 0.743426</i>
                        <i>-0.223407 0.798815 0.558555 -0.971242 -0.230832 -0.0583478 0.0823235 -0.555528 0.827413 -1.54786 1.74427 0.744037</i>
                        <i>-0.248567 0.754722 0.607132 -0.963866 -0.254717 -0.0779815 0.0957924 -0.604578 0.790765 -1.55342 1.73743 0.741486</i>
                        <i>-0.265595 0.725474 0.634939 -0.958262 -0.270925 -0.0912856 0.105796 -0.632683 0.767151 -1.55755 1.73048 0.737512</i>
                        <i>-0.272556 0.721437 0.636586 -0.956205 -0.276483 -0.096067 0.106699 -0.634891 0.765199 -1.55916 1.72505 0.733895</i>
                        <i>-0.27988 0.736722 0.615556 -0.954783 -0.28058 -0.0983099 0.100285 -0.615237 0.781938 -1.55976 1.72104 0.731445</i>
                        <i>-0.295922 0.755883 0.584014 -0.950811 -0.291712 -0.104219 0.0915868 -0.586127 0.805026 -1.56126 1.7171 0.729693</i>
                        <i>-0.315246 0.77387 0.549314 -0.945516 -0.305745 -0.111892 0.0813604 -0.554658 0.828091 -1.56321 1.71289 0.728524</i>
                        <i>-0.333004 0.78751 0.518591 -0.940222 -0.318937 -0.119423 0.0713507 -0.527359 0.846642 -1.56517 1.70812 0.727824</i>
                        <i>-0.345253 0.795855 0.497409 -0.936342 -0.328102 -0.124953 0.0637565 -0.508885 0.85847 -1.56668 1.70257 0.727481</i>
                        <i>-0.34864 0.799106 0.489775 -0.935297 -0.330406 -0.126695 0.0605814 -0.502256 0.862594 -1.56729 1.69603 0.727391</i>
                        <i>-0.34864 0.799106 0.489775 -0.935297 -0.330406 -0.126695 0.0605814 -0.502256 0.862594 -1.56729 1.69603 0.727391</i>
                        <i>-0.34864 0.799106 0.489775 -0.935297 -0.330406 -0.126695 0.0605814 -0.502256 0.862594 -1.56729 1.69603 0.727391</i>
                        <i>-0.34864 0.799106 0.489775 -0.935297 -0.330406 -0.126695 0.0605814 -0.502256 0.862594 -1.56729 1.69603 0.727391</i>
                        <i>-0.34864 0.799106 0.489775 -0.935297 -0.330406 -0.126695 0.0605814 -0.502256 0.862594 -1.56729 1.69603 0.727391</i>
                        <i>-0.34864 0.799106 0.489775 -0.935297 -0.330406 -0.126695 0.0605814 -0.502256 0.862594 -1.56729 1.69603 0.727391</i>
                        <i>-0.34864 0.799106 0.489775 -0.935297 -0.330406 -0.126695 0.0605814 -0.502256 0.862594 -1.56729 1.69603 0.727391</i>
                        <i>-0.34864 0.799106 0.489775 -0.935297 -0.330406 -0.126695 0.0605814 -0.502256 0.862594 -1.56729 1.69603 0.727391</i>
                        <i>-0.34864 0.799106 0.489775 -0.935297 -0.330406 -0.126695 0.0605814 -0.502256 0.862594 -1.56729 1.69603 0.727391</i>
                        <i>-0.34864 0.799106 0.489775 -0.935297 -0.330406 -0.126695 0.0605814 -0.502256 0.862594 -1.56729 1.69603 0.727391</i>
                        <i>-0.34864 0.799106 0.489775 -0.935297 -0.330406 -0.126695 0.0605814 -0.502256 0.862594 -1.56729 1.69603 0.727391</i>
                        <i>-0.34864 0.799106 0.489775 -0.935297 -0.330406 -0.126695 0.0605814 -0.502256 0.862594 -1.56729 1.69603 0.727391</i>
                    </KeyFrames>
                </p>
            </i>
            <i>
                <p>
                    <Name>
                        <![CDATA[spine1]]>
</Name>
                    <Exclude>0</Exclude>
                    <Additive>0</Additive>
                    <IKPriority>0</IKPriority>
                    <IKRotLimits>-1e+010 -1e+010 -1e+010 1e+010 1e+010 1e+010</IKRotLimits>
                    <IKRotLimitOrder>0</IKRotLimitOrder>
                    <KeyFrames count="117">
                        <i>-0.0419754 0.561995 0.826075 -0.993898 -0.107897 0.0229016 0.102002 -0.820073 0.563095 -1.63314 1.847 0.819795</i>
                        <i>-0.0419754 0.561995 0.826075 -0.993898 -0.107897 0.0229016 0.102002 -0.820073 0.563095 -1.63314 1.847 0.819795</i>
                        <i>-0.0419754 0.561995 0.826075 -0.993898 -0.107897 0.0229016 0.102002 -0.820073 0.563095 -1.63314 1.847 0.819795</i>
                        <i>-0.0419754 0.561995 0.826075 -0.993898 -0.107897 0.0229016 0.102002 -0.820073 0.563095 -1.63314 1.847 0.819795</i>
                        <i>-0.0419754 0.561995 0.826075 -0.993898 -0.107897 0.0229016 0.102002 -0.820073 0.563095 -1.63314 1.847 0.819795</i>
                        <i>-0.0419754 0.561995 0.826075 -0.993898 -0.107897 0.0229016 0.102002 -0.820073 0.563095 -1.63314 1.847 0.819795</i>
                        <i>-0.0419754 0.561995 0.826075 -0.993898 -0.107897 0.0229016 0.102002 -0.820073 0.563095 -1.63314 1.847 0.819795</i>
                        <i>-0.0419754 0.561995 0.826075 -0.993898 -0.107897 0.0229016 0.102002 -0.820073 0.563095 -1.63314 1.847 0.819795</i>
                        <i>-0.0419754 0.561995 0.826075 -0.993898 -0.107897 0.0229016 0.102002 -0.820073 0.563095 -1.63314 1.847 0.819795</i>
                        <i>-0.0419754 0.561995 0.826075 -0.993898 -0.107897 0.0229016 0.102002 -0.820073 0.563095 -1.63314 1.847 0.819795</i>
                        <i>-0.0419754 0.561995 0.826075 -0.993898 -0.107897 0.0229016 0.102002 -0.820073 0.563095 -1.63314 1.847 0.819795</i>
                        <i>-0.0419754 0.561995 0.826075 -0.993898 -0.107897 0.0229016 0.102002 -0.820073 0.563095 -1.63314 1.847 0.819795</i>
                        <i>-0.0419754 0.561995 0.826075 -0.993898 -0.107897 0.0229016 0.102002 -0.820073 0.563095 -1.63314 1.847 0.819795</i>
                        <i>-0.0419754 0.561995 0.826075 -0.993898 -0.107897 0.0229016 0.102002 -0.820073 0.563095 -1.63314 1.847 0.819795</i>
                        <i>-0.0419754 0.561995 0.826075 -0.993898 -0.107897 0.0229016 0.102002 -0.820073 0.563095 -1.63314 1.847 0.819795</i>
                        <i>-0.0419754 0.561995 0.826075 -0.993898 -0.107897 0.0229016 0.102002 -0.820073 0.563095 -1.63314 1.847 0.819795</i>
                        <i>-0.0419754 0.561995 0.826075 -0.993898 -0.107897 0.0229016 0.102002 -0.820073 0.563095 -1.63314 1.847 0.819795</i>
                        <i>-0.0419754 0.561995 0.826075 -0.993898 -0.107897 0.0229016 0.102002 -0.820073 0.563095 -1.63314 1.847 0.819795</i>
                        <i>-0.0419754 0.561995 0.826075 -0.993898 -0.107897 0.0229016 0.102002 -0.820073 0.563095 -1.63314 1.847 0.819795</i>
                        <i>-0.0419754 0.561995 0.826075 -0.993898 -0.107897 0.0229016 0.102002 -0.820073 0.563095 -1.63314 1.847 0.819795</i>
                        <i>-0.0419754 0.561995 0.826075 -0.993898 -0.107897 0.0229016 0.102002 -0.820073 0.563095 -1.63314 1.847 0.819795</i>
                        <i>-0.034391 0.573908 0.818197 -0.993149 -0.111109 0.0361902 0.111679 -0.811347 0.573797 -1.63004 1.85197 0.810764</i>
                        <i>-0.012633 0.603129 0.797543 -0.990297 -0.117939 0.073503 0.138393 -0.788876 0.598767 -1.62264 1.86302 0.78886</i>
                        <i>0.0208354 0.640064 0.768039 -0.983615 -0.124473 0.130416 0.179074 -0.758172 0.626983 -1.614 1.87478 0.762105</i>
                        <i>0.0592964 0.673988 0.736359 -0.972039 -0.128912 0.196268 0.227208 -0.727407 0.647499 -1.60677 1.88402 0.737439</i>
                        <i>0.0923871 0.692203 0.715765 -0.958584 -0.132664 0.252026 0.269409 -0.709405 0.651279 -1.60232 1.88921 0.71973</i>
                        <i>0.109287 0.680021 0.725002 -0.952002 -0.138191 0.273122 0.285918 -0.720052 0.632278 -1.6009 1.88899 0.712186</i>
                        <i>0.108453 0.643821 0.757451 -0.952129 -0.151793 0.265348 0.285812 -0.749969 0.596539 -1.59701 1.87392 0.713354</i>
                        <i>0.0977178 0.604588 0.790522 -0.951891 -0.175034 0.25153 0.29044 -0.777069 0.558398 -1.58714 1.84365 0.71644</i>
                        <i>0.0819098 0.567875 0.819029 -0.951675 -0.19949 0.233492 0.295983 -0.798575 0.524092 -1.57421 1.80961 0.716046</i>
                        <i>0.0659389 0.540193 0.838954 -0.951961 -0.217916 0.215135 0.299036 -0.812837 0.499874 -1.56115 1.78304 0.706614</i>
                        <i>0.054777 0.528277 0.847303 -0.953175 -0.225097 0.201965 0.297419 -0.818691 0.49121 -1.551 1.775 0.682426</i>
                        <i>0.0535828 0.538511 0.840913 -0.95548 -0.217044 0.199876 0.29015 -0.814185 0.502907 -1.54696 1.79645 0.637687</i>
                        <i>0.0808611 0.578241 0.811849 -0.95184 -0.196879 0.235031 0.295741 -0.791755 0.534473 -1.55173 1.86213 0.551526</i>
                        <i>0.127172 0.641749 0.756298 -0.932756 -0.181942 0.311229 0.337333 -0.745021 0.575457 -1.56468 1.96531 0.423017</i>
                        <i>0.159133 0.714683 0.681106 -0.895312 -0.186263 0.404625 0.416044 -0.674192 0.610224 -1.58379 2.08467 0.276891</i>
                        <i>0.161753 0.781202 0.602959 -0.841916 -0.209495 0.497282 0.514794 -0.588078 0.62382 -1.60616 2.19979 0.13928</i>
                        <i>0.141716 0.827898 0.54268 -0.786166 -0.23901 0.569927 0.601548 -0.507404 0.616994 -1.62722 2.29218 0.0371942</i>
