<?xml version="1.0" encoding="ISO-8859-1" ?>
<Animl Version="1">
    <ModellingPackage>
        <![CDATA[Maya.2010]]>
</ModellingPackage>
    <SrcFile>
        <![CDATA[anims\turrets\machinegun\blue\~src\mgun_gatling\mgun_gatling_idle_crewman_a.mb]]>
</SrcFile>
    <FramesPerSecond>30</FramesPerSecond>
    <TotalFrames>97</TotalFrames>
    <Skeleton>
        <RefFrame>
            <Name>
                <![CDATA[soldier_ref_frame]]>
</Name>
            <Exclude>0</Exclude>
            <Additive>0</Additive>
            <IKPriority>0</IKPriority>
            <IKRotLimits>-1e+010 -1e+010 -1e+010 1e+010 1e+010 1e+010</IKRotLimits>
            <IKRotLimitOrder>0</IKRotLimitOrder>
            <KeyFrames count="97">
                <i>1 0 0 0 1 0 0 0 1 0 0.92 -1.78</i>
                <i>1 0 0 0 1 0 0 0 1 0 0.92 -1.78</i>
                <i>1 0 0 0 1 0 0 0 1 0 0.92 -1.78</i>
                <i>1 0 0 0 1 0 0 0 1 0 0.92 -1.78</i>
                <i>1 0 0 0 1 0 0 0 1 0 0.92 -1.78</i>
                <i>1 0 0 0 1 0 0 0 1 0 0.92 -1.78</i>
                <i>1 0 0 0 1 0 0 0 1 0 0.92 -1.78</i>
                <i>1 0 0 0 1 0 0 0 1 0 0.92 -1.78</i>
                <i>1 0 0 0 1 0 0 0 1 0 0.92 -1.78</i>
                <i>1 0 0 0 1 0 0 0 1 0 0.92 -1.78</i>
                <i>1 0 0 0 1 0 0 0 1 0 0.92 -1.78</i>
                <i>1 0 0 0 1 0 0 0 1 0 0.92 -1.78</i>
                <i>1 0 0 0 1 0 0 0 1 0 0.92 -1.78</i>
                <i>1 0 0 0 1 0 0 0 1 0 0.92 -1.78</i>
                <i>1 0 0 0 1 0 0 0 1 0 0.92 -1.78</i>
                <i>1 0 0 0 1 0 0 0 1 0 0.92 -1.78</i>
                <i>1 0 0 0 1 0 0 0 1 0 0.92 -1.78</i>
                <i>1 0 0 0 1 0 0 0 1 0 0.92 -1.78</i>
                <i>1 0 0 0 1 0 0 0 1 0 0.92 -1.78</i>
                <i>1 0 0 0 1 0 0 0 1 0 0.92 -1.78</i>
                <i>1 0 0 0 1 0 0 0 1 0 0.92 -1.78</i>
                <i>1 0 0 0 1 0 0 0 1 0 0.92 -1.78</i>
                <i>1 0 0 0 1 0 0 0 1 0 0.92 -1.78</i>
                <i>1 0 0 0 1 0 0 0 1 0 0.92 -1.78</i>
                <i>1 0 0 0 1 0 0 0 1 0 0.92 -1.78</i>
                <i>1 0 0 0 1 0 0 0 1 0 0.92 -1.78</i>
                <i>1 0 0 0 1 0 0 0 1 0 0.92 -1.78</i>
                <i>1 0 0 0 1 0 0 0 1 0 0.92 -1.78</i>
                <i>1 0 0 0 1 0 0 0 1 0 0.92 -1.78</i>
                <i>1 0 0 0 1 0 0 0 1 0 0.92 -1.78</i>
                <i>1 0 0 0 1 0 0 0 1 0 0.92 -1.78</i>
                <i>1 0 0 0 1 0 0 0 1 0 0.92 -1.78</i>
                <i>1 0 0 0 1 0 0 0 1 0 0.92 -1.78</i>
                <i>1 0 0 0 1 0 0 0 1 0 0.92 -1.78</i>
                <i>1 0 0 0 1 0 0 0 1 0 0.92 -1.78</i>
                <i>1 0 0 0 1 0 0 0 1 0 0.92 -1.78</i>
                <i>1 0 0 0 1 0 0 0 1 0 0.92 -1.78</i>
                <i>1 0 0 0 1 0 0 0 1 0 0.92 -1.78</i>
                <i>1 0 0 0 1 0 0 0 1 0 0.92 -1.78</i>
                <i>1 0 0 0 1 0 0 0 1 0 0.92 -1.78</i>
                <i>1 0 0 0 1 0 0 0 1 0 0.92 -1.78</i>
                <i>1 0 0 0 1 0 0 0 1 0 0.92 -1.78</i>
                <i>1 0 0 0 1 0 0 0 1 0 0.92 -1.78</i>
                <i>1 0 0 0 1 0 0 0 1 0 0.92 -1.78</i>
                <i>1 0 0 0 1 0 0 0 1 0 0.92 -1.78</i>
                <i>1 0 0 0 1 0 0 0 1 0 0.92 -1.78</i>
                <i>1 0 0 0 1 0 0 0 1 0 0.92 -1.78</i>
                <i>1 0 0 0 1 0 0 0 1 0 0.92 -1.78</i>
                <i>1 0 0 0 1 0 0 0 1 0 0.92 -1.78</i>
                <i>1 0 0 0 1 0 0 0 1 0 0.92 -1.78</i>
                <i>1 0 0 0 1 0 0 0 1 0 0.92 -1.78</i>
                <i>1 0 0 0 1 0 0 0 1 0 0.92 -1.78</i>
                <i>1 0 0 0 1 0 0 0 1 0 0.92 -1.78</i>
                <i>1 0 0 0 1 0 0 0 1 0 0.92 -1.78</i>
                <i>1 0 0 0 1 0 0 0 1 0 0.92 -1.78</i>
                <i>1 0 0 0 1 0 0 0 1 0 0.92 -1.78</i>
                <i>1 0 0 0 1 0 0 0 1 0 0.92 -1.78</i>
                <i>1 0 0 0 1 0 0 0 1 0 0.92 -1.78</i>
                <i>1 0 0 0 1 0 0 0 1 0 0.92 -1.78</i>
                <i>1 0 0 0 1 0 0 0 1 0 0.92 -1.78</i>
                <i>1 0 0 0 1 0 0 0 1 0 0.92 -1.78</i>
                <i>1 0 0 0 1 0 0 0 1 0 0.92 -1.78</i>
                <i>1 0 0 0 1 0 0 0 1 0 0.92 -1.78</i>
                <i>1 0 0 0 1 0 0 0 1 0 0.92 -1.78</i>
                <i>1 0 0 0 1 0 0 0 1 0 0.92 -1.78</i>
                <i>1 0 0 0 1 0 0 0 1 0 0.92 -1.78</i>
                <i>1 0 0 0 1 0 0 0 1 0 0.92 -1.78</i>
                <i>1 0 0 0 1 0 0 0 1 0 0.92 -1.78</i>
                <i>1 0 0 0 1 0 0 0 1 0 0.92 -1.78</i>
                <i>1 0 0 0 1 0 0 0 1 0 0.92 -1.78</i>
                <i>1 0 0 0 1 0 0 0 1 0 0.92 -1.78</i>
                <i>1 0 0 0 1 0 0 0 1 0 0.92 -1.78</i>
                <i>1 0 0 0 1 0 0 0 1 0 0.92 -1.78</i>
                <i>1 0 0 0 1 0 0 0 1 0 0.92 -1.78</i>
                <i>1 0 0 0 1 0 0 0 1 0 0.92 -1.78</i>
                <i>1 0 0 0 1 0 0 0 1 0 0.92 -1.78</i>
                <i>1 0 0 0 1 0 0 0 1 0 0.92 -1.78</i>
                <i>1 0 0 0 1 0 0 0 1 0 0.92 -1.78</i>
                <i>1 0 0 0 1 0 0 0 1 0 0.92 -1.78</i>
                <i>1 0 0 0 1 0 0 0 1 0 0.92 -1.78</i>
                <i>1 0 0 0 1 0 0 0 1 0 0.92 -1.78</i>
                <i>1 0 0 0 1 0 0 0 1 0 0.92 -1.78</i>
                <i>1 0 0 0 1 0 0 0 1 0 0.92 -1.78</i>
                <i>1 0 0 0 1 0 0 0 1 0 0.92 -1.78</i>
                <i>1 0 0 0 1 0 0 0 1 0 0.92 -1.78</i>
                <i>1 0 0 0 1 0 0 0 1 0 0.92 -1.78</i>
                <i>1 0 0 0 1 0 0 0 1 0 0.92 -1.78</i>
                <i>1 0 0 0 1 0 0 0 1 0 0.92 -1.78</i>
                <i>1 0 0 0 1 0 0 0 1 0 0.92 -1.78</i>
                <i>1 0 0 0 1 0 0 0 1 0 0.92 -1.78</i>
                <i>1 0 0 0 1 0 0 0 1 0 0.92 -1.78</i>
                <i>1 0 0 0 1 0 0 0 1 0 0.92 -1.78</i>
                <i>1 0 0 0 1 0 0 0 1 0 0.92 -1.78</i>
                <i>1 0 0 0 1 0 0 0 1 0 0.92 -1.78</i>
                <i>1 0 0 0 1 0 0 0 1 0 0.92 -1.78</i>
                <i>1 0 0 0 1 0 0 0 1 0 0.92 -1.78</i>
                <i>1 0 0 0 1 0 0 0 1 0 0.92 -1.78</i>
            </KeyFrames>
        </RefFrame>
        <Bones count="23">
            <i>
                <p>
                    <Name>
                        <![CDATA[pelvis]]>
</Name>
                    <Exclude>0</Exclude>
                    <Additive>0</Additive>
                    <IKPriority>0</IKPriority>
                    <IKRotLimits>-1e+010 -1e+010 -1e+010 1e+010 1e+010 1e+010</IKRotLimits>
                    <IKRotLimitOrder>2</IKRotLimitOrder>
                    <KeyFrames count="97">
                        <i>1 0 0 0 1 0 0 0 1 -0.0451775 2.39513 -1.42793</i>
                        <i>1 0 0 0 1 0 0 0 1 -0.0508457 2.39693 -1.42793</i>
                        <i>1 0 0 0 1 0 0 0 1 -0.0571103 2.39863 -1.42793</i>
                        <i>1 0 0 0 1 0 0 0 1 -0.0638963 2.40024 -1.42793</i>
                        <i>1 0 0 0 1 0 0 0 1 -0.071129 2.40175 -1.42793</i>
                        <i>1 0 0 0 1 0 0 0 1 -0.0787337 2.40315 -1.42793</i>
                        <i>1 0 0 0 1 0 0 0 1 -0.0866361 2.40445 -1.42793</i>
                        <i>1 0 0 0 1 0 0 0 1 -0.0947617 2.40565 -1.42793</i>
                        <i>1 0 0 0 1 0 0 0 1 -0.103037 2.40675 -1.42793</i>
                        <i>1 0 0 0 1 0 0 0 1 -0.111387 2.40774 -1.42793</i>
                        <i>1 0 0 0 1 0 0 0 1 -0.119738 2.40862 -1.42793</i>
                        <i>1 0 0 0 1 0 0 0 1 -0.128017 2.40939 -1.42793</i>
                        <i>1 0 0 0 1 0 0 0 1 -0.136151 2.41005 -1.42793</i>
                        <i>1 0 0 0 1 0 0 0 1 -0.144066 2.4106 -1.42793</i>
                        <i>1 0 0 0 1 0 0 0 1 -0.151688 2.41104 -1.42793</i>
                        <i>1 0 0 0 1 0 0 0 1 -0.158946 2.41137 -1.42793</i>
                        <i>1 0 0 0 1 0 0 0 1 -0.165765 2.41157 -1.42793</i>
                        <i>1 0 0 0 1 0 0 0 1 -0.172074 2.41167 -1.42793</i>
                        <i>1 0 0 0 1 0 0 0 1 -0.177799 2.41164 -1.42793</i>
                        <i>1 0 0 0 1 0 0 0 1 -0.182869 2.41148 -1.42793</i>
                        <i>1 0 0 0 1 0 0 0 1 -0.187209 2.41121 -1.42793</i>
                        <i>1 0 0 0 1 0 0 0 1 -0.190747 2.4108 -1.42793</i>
                        <i>1 0 0 0 1 0 0 0 1 -0.193411 2.41026 -1.42793</i>
                        <i>1 0 0 0 1 0 0 0 1 -0.195128 2.40959 -1.42793</i>
                        <i>1 0 0 0 1 0 0 0 1 -0.195825 2.40878 -1.42793</i>
                        <i>1 0 0 0 1 0 0 0 1 -0.194939 2.407 -1.42793</i>
                        <i>1 0 0 0 1 0 0 0 1 -0.192081 2.40367 -1.42793</i>
                        <i>1 0 0 0 1 0 0 0 1 -0.187431 2.39916 -1.42793</i>
                        <i>1 0 0 0 1 0 0 0 1 -0.18116 2.39384 -1.42793</i>
                        <i>1 0 0 0 1 0 0 0 1 -0.173438 2.38807 -1.42793</i>
                        <i>1 0 0 0 1 0 0 0 1 -0.164432 2.38226 -1.42793</i>
                        <i>1 0 0 0 1 0 0 0 1 -0.154319 2.37686 -1.42793</i>
                        <i>1 0 0 0 1 0 0 0 1 -0.143282 2.37234 -1.42793</i>
                        <i>1 0 0 0 1 0 0 0 1 -0.131522 2.36925 -1.42793</i>
                        <i>1 0 0 0 1 0 0 0 1 -0.119256 2.36756 -1.42793</i>
                        <i>1 0 0 0 1 0 0 0 1 -0.106719 2.367 -1.42793</i>
                        <i>1 0 0 0 1 0 0 0 1 -0.094167 2.36729 -1.42793</i>
                        <i>1 0 0 0 1 0 0 0 1 -0.0818714 2.36821 -1.42793</i>
                        <i>1 0 0 0 1 0 0 0 1 -0.0701127 2.36952 -1.42793</i>
                        <i>1 0 0 0 1 0 0 0 1 -0.0591731 2.37097 -1.42793</i>
                        <i>1 0 0 0 1 0 0 0 1 -0.049325 2.37229 -1.42793</i>
                        <i>1 0 0 0 1 0 0 0 1 -0.0398936 2.37354 -1.42793</i>
                        <i>1 0 0 0 1 0 0 0 1 -0.0300594 2.37493 -1.42793</i>
                        <i>1 0 0 0 1 0 0 0 1 -0.019862 2.37644 -1.42793</i>
                        <i>1 0 0 0 1 0 0 0 1 -0.00934034 2.37806 -1.42793</i>
                        <i>1 0 0 0 1 0 0 0 1 0.00146744 2.37975 -1.42793</i>
                        <i>1 0 0 0 1 0 0 0 1 0.0125234 2.38148 -1.42793</i>
                        <i>1 0 0 0 1 0 0 0 1 0.0237895 2.38322 -1.42793</i>
                        <i>1 0 0 0 1 0 0 0 1 0.0352271 2.38495 -1.42793</i>
                        <i>1 0 0 0 1 0 0 0 1 0.0467973 2.38663 -1.42793</i>
                        <i>1 0 0 0 1 0 0 0 1 0.05846 2.38824 -1.42793</i>
                        <i>1 0 0 0 1 0 0 0 1 0.0701742 2.38976 -1.42793</i>
                        <i>1 0 0 0 1 0 0 0 1 0.0818979 2.39116 -1.42793</i>
                        <i>1 0 0 0 1 0 0 0 1 0.093588 2.39242 -1.42793</i>
                        <i>1 0 0 0 1 0 0 0 1 0.1052 2.39352 -1.42793</i>
                        <i>1 0 0 0 1 0 0 0 1 0.116689 2.39445 -1.42793</i>
                        <i>1 0 0 0 1 0 0 0 1 0.128007 2.39518 -1.42793</i>
                        <i>1 0 0 0 1 0 0 0 1 0.139109 2.39572 -1.42793</i>
                        <i>1 0 0 0 1 0 0 0 1 0.149944 2.39606 -1.42793</i>
                        <i>1 0 0 0 1 0 0 0 1 0.160465 2.39619 -1.42793</i>
                        <i>1 0 0 0 1 0 0 0 1 0.170622 2.39612 -1.42793</i>
                        <i>1 0 0 0 1 0 0 0 1 0.180366 2.39585 -1.42793</i>
                        <i>1 0 0 0 1 0 0 0 1 0.189645 2.39539 -1.42793</i>
                        <i>1 0 0 0 1 0 0 0 1 0.198411 2.39475 -1.42793</i>
                        <i>1 0 0 0 1 0 0 0 1 0.206614 2.39394 -1.42793</i>
                        <i>1 0 0 0 1 0 0 0 1 0.214203 2.39298 -1.42793</i>
                        <i>1 0 0 0 1 0 0 0 1 0.22113 2.39189 -1.42793</i>
                        <i>1 0 0 0 1 0 0 0 1 0.227346 2.39069 -1.42793</i>
                        <i>1 0 0 0 1 0 0 0 1 0.232802 2.38941 -1.42793</i>
                        <i>1 0 0 0 1 0 0 0 1 0.237452 2.38807 -1.42793</i>
                        <i>1 0 0 0 1 0 0 0 1 0.241249 2.3867 -1.42793</i>
                        <i>1 0 0 0 1 0 0 0 1 0.244145 2.38532 -1.42793</i>
                        <i>1 0 0 0 1 0 0 0 1 0.246095 2.38396 -1.42793</i>
                        <i>1 0 0 0 1 0 0 0 1 0.245609 2.38205 -1.42793</i>
                        <i>1 0 0 0 1 0 0 0 1 0.241489 2.37925 -1.42793</i>
                        <i>1 0 0 0 1 0 0 0 1 0.23413 2.37593 -1.42793</i>
                        <i>1 0 0 0 1 0 0 0 1 0.223924 2.37247 -1.42793</i>
                        <i>1 0 0 0 1 0 0 0 1 0.211263 2.3692 -1.42793</i>
                        <i>1 0 0 0 1 0 0 0 1 0.196536 2.36648 -1.42793</i>
                        <i>1 0 0 0 1 0 0 0 1 0.180132 2.36464 -1.42793</i>
                        <i>1 0 0 0 1 0 0 0 1 0.162436 2.36402 -1.42793</i>
                        <i>1 0 0 0 1 0 0 0 1 0.143832 2.36477 -1.42793</i>
                        <i>1 0 0 0 1 0 0 0 1 0.124703 2.36665 -1.42793</i>
                        <i>1 0 0 0 1 0 0 0 1 0.105429 2.36932 -1.42793</i>
                        <i>1 0 0 0 1 0 0 0 1 0.0863887 2.37247 -1.42793</i>
                        <i>1 0 0 0 1 0 0 0 1 0.0679612 2.37579 -1.42793</i>
                        <i>1 0 0 0 1 0 0 0 1 0.0505231 2.37895 -1.42793</i>
                        <i>1 0 0 0 1 0 0 0 1 0.0344503 2.38165 -1.42793</i>
                        <i>1 0 0 0 1 0 0 0 1 0.0201189 2.38357 -1.42793</i>
                        <i>1 0 0 0 1 0 0 0 1 0.00768522 2.38503 -1.42793</i>
                        <i>1 0 0 0 1 0 0 0 1 -0.00309093 2.3865 -1.42793</i>
                        <i>1 0 0 0 1 0 0 0 1 -0.0124279 2.38799 -1.42793</i>
                        <i>1 0 0 0 1 0 0 0 1 -0.0205433 2.38948 -1.42793</i>
                        <i>1 0 0 0 1 0 0 0 1 -0.0276556 2.39095 -1.42793</i>
                        <i>1 0 0 0 1 0 0 0 1 -0.0339844 2.3924 -1.42793</i>
                        <i>1 0 0 0 1 0 0 0 1 -0.0397507 2.3938 -1.42793</i>
                        <i>1 0 0 0 1 0 0 0 1 -0.0451775 2.39513 -1.42793</i>
                    </KeyFrames>
                </p>
            </i>
            <i>
                <p>
                    <Name>
                        <![CDATA[spine0]]>
</Name>
                    <Exclude>0</Exclude>
                    <Additive>0</Additive>
                    <IKPriority>0</IKPriority>
                    <IKRotLimits>-1e+010 -1e+010 -1e+010 1e+010 1e+010 1e+010</IKRotLimits>
                    <IKRotLimitOrder>0</IKRotLimitOrder>
                    <KeyFrames count="97">
                        <i>-0.301443 0.93922 0.164314 -0.93349 -0.325813 0.149812 0.194242 -0.108226 0.974965 -0.0743807 2.48713 -1.5346</i>
                        <i>-0.294998 0.940988 0.165887 -0.936148 -0.319397 0.147009 0.191317 -0.111928 0.975126 -0.0799076 2.48896 -1.53462</i>
                        <i>-0.288501 0.942725 0.167445 -0.93877 -0.312907 0.14422 0.188354 -0.115584 0.975276 -0.0860224 2.49068 -1.53464</i>
                        <i>-0.281923 0.944437 0.168993 -0.941367 -0.306313 0.141425 0.185332 -0.119214 0.975418 -0.0926461 2.49231 -1.53466</i>
                        <i>-0.275237 0.946129 0.17054 -0.943948 -0.299586 0.138604 0.182229 -0.122832 0.975554 -0.0997001 2.49385 -1.53469</i>
                        <i>-0.268412 0.947808 0.172091 -0.946524 -0.292693 0.135734 0.17902 -0.126456 0.975685 -0.107106 2.49529 -1.53471</i>
                        <i>-0.261415 0.949477 0.173654 -0.949105 -0.285599 0.132791 0.175678 -0.130102 0.975813 -0.114785 2.49663 -1.53474</i>
                        <i>-0.254212 0.951141 0.175237 -0.9517 -0.278267 0.129752 0.172174 -0.133788 0.975939 -0.122659 2.49787 -1.53477</i>
                        <i>-0.246767 0.952802 0.176845 -0.954317 -0.270655 0.126589 0.168478 -0.137529 0.976064 -0.130649 2.49902 -1.53479</i>
                        <i>-0.239042 0.954464 0.178488 -0.956965 -0.262721 0.123275 0.164554 -0.141339 0.976189 -0.138679 2.50007 -1.53482</i>
                        <i>-0.230995 0.956127 0.180173 -0.959648 -0.254418 0.119781 0.160365 -0.145234 0.976315 -0.14667 2.50102 -1.53485</i>
                        <i>-0.222586 0.957792 0.181906 -0.962372 -0.245696 0.116077 0.155871 -0.149224 0.976441 -0.154544 2.50188 -1.53488</i>
                        <i>-0.213769 0.959457 0.183696 -0.965139 -0.236504 0.11213 0.151029 -0.153323 0.976567 -0.162224 2.50263 -1.53491</i>
                        <i>-0.204498 0.96112 0.18555 -0.967949 -0.226783 0.107907 0.145791 -0.157537 0.976692 -0.169632 2.50329 -1.53495</i>
                        <i>-0.194722 0.962776 0.187475 -0.970801 -0.216474 0.103371 0.140106 -0.161872 0.976815 -0.176691 2.50384 -1.53498</i>
                        <i>-0.18439 0.964417 0.189476 -0.973687 -0.205511 0.0984833 0.133918 -0.166331 0.976934 -0.183325 2.50429 -1.53501</i>
                        <i>-0.173446 0.966034 0.19156 -0.976599 -0.193825 0.0932047 0.127168 -0.170911 0.977045 -0.189455 2.50464 -1.53505</i>
                        <i>-0.161834 0.967614 0.193732 -0.97952 -0.181343 0.0874922 0.119791 -0.175605 0.977145 -0.195005 2.50488 -1.53508</i>
                        <i>-0.149494 0.969143 0.195995 -0.982431 -0.167985 0.0813006 0.111716 -0.180398 0.977229 -0.199898 2.50502 -1.53512</i>
                        <i>-0.136361 0.970599 0.198352 -0.985304 -0.153669 0.0745826 0.10287 -0.185266 0.977289 -0.204056 2.50504 -1.53515</i>
                        <i>-0.122371 0.971959 0.200801 -0.988101 -0.138305 0.0672882 0.0931732 -0.190178 0.977318 -0.207403 2.50494 -1.53518</i>
                        <i>-0.107456 0.973193 0.203342 -0.990778 -0.121801 0.0593655 0.0825415 -0.195088 0.977306 -0.209861 2.50473 -1.53521</i>
                        <i>-0.0915448 0.974267 0.205969 -0.993275 -0.104062 0.0507609 0.0708882 -0.199937 0.977241 -0.211354 2.50439 -1.53524</i>
                        <i>-0.0745672 0.975139 0.208671 -0.995521 -0.0849892 0.0414195 0.0581246 -0.204648 0.977108 -0.211804 2.50391 -1.53527</i>
                        <i>-0.0564515 0.97576 0.211435 -0.997428 -0.0644844 0.0312863 0.0441622 -0.209125 0.976891 -0.211133 2.5033 -1.5353</i>
                        <i>-0.035182 0.975992 0.214946 -0.999049 -0.0398895 0.0176008 0.0257524 -0.214123 0.976467 -0.208657 2.50174 -1.53531</i>
                        <i>-0.00930287 0.975585 0.219425 -0.999957 -0.00912547 -0.00182201 0.00022483 -0.219432 0.975628 -0.203902 2.49868 -1.53531</i>
                        <i>0.0202595 0.974359 0.224085 -0.999303 0.0267602 -0.0260111 -0.0313407 -0.223402 0.974222 -0.197096 2.49444 -1.53529</i>
                        <i>0.0522527 0.972241 0.228073 -0.996366 0.0661382 -0.0536647 -0.0672594 -0.22444 0.972164 -0.188463 2.48938 -1.53524</i>
                        <i>0.0850356 0.969336 0.230559 -0.990814 0.106686 -0.0831047 -0.105154 -0.221374 0.969503 -0.178222 2.48386 -1.53516</i>
                        <i>0.116635 0.96597 0.230866 -0.982947 0.145546 -0.112391 -0.142168 -0.213821 0.966473 -0.166596 2.47827 -1.53505</i>
                        <i>0.144913 0.962674 0.228601 -0.973765 0.179726 -0.139573 -0.175449 -0.202378 0.963463 -0.153811 2.47305 -1.5349</i>
                        <i>0.167799 0.960103 0.223711 -0.964759 0.206587 -0.162976 -0.202689 -0.18848 0.960933 -0.140106 2.46868 -1.53473</i>
                        <i>0.186189 0.958392 0.216376 -0.956536 0.227123 -0.182904 -0.224438 -0.172917 0.959024 -0.125731 2.46568 -1.53453</i>
                        <i>0.20196 0.957162 0.207494 -0.948945 0.243656 -0.20034 -0.242315 -0.156439 0.957502 -0.110957 2.46405 -1.53431</i>
                        <i>0.215024 0.956287 0.198191 -0.942295 0.256474 -0.215176 -0.256601 -0.140487 0.956253 -0.09607 2.4635 -1.53409</i>
                        <i>0.225641 0.955636 0.189332 -0.93668 0.266235 -0.227486 -0.267801 -0.126013 0.955198 -0.0813768 2.46378 -1.53388</i>
                        <i>0.234291 0.955072 0.181505 -0.932038 0.273758 -0.237406 -0.276428 -0.113548 0.954303 -0.0671984 2.46464 -1.53368</i>
                        <i>0.241574 0.954455 0.175092 -0.928226 0.279892 -0.245064 -0.282909 -0.103324 0.953565 -0.0538653 2.46588 -1.53351</i>
                        <i>0.248114 0.953637 0.17034 -0.925067 0.285435 -0.250554 -0.287558 -0.0954099 0.952999 -0.0417088 2.46724 -1.5334</i>
                        <i>0.254495 0.952466 0.167454 -0.922382 0.291098 -0.253915 -0.29059 -0.0898365 0.952621 -0.0310506 2.46848 -1.53334</i>
                        <i>0.260502 0.951133 0.165783 -0.920137 0.296583 -0.255709 -0.292382 -0.0859306 0.952433 -0.0210506 2.46962 -1.53333</i>
                        <i>0.265625 0.949937 0.164506 -0.91839 0.301232 -0.256553 -0.293264 -0.0829337 0.952428 -0.010691 2.47091 -1.53333</i>
                        <i>0.269923 0.948884 0.163588 -0.917121 0.30511 -0.256509 -0.29331 -0.0807923 0.952597 -1.23102e-005 2.47231 -1.53335</i>
                        <i>0.273433 0.94798 0.163 -0.916316 0.308254 -0.255626 -0.292573 -0.079463 0.952936 0.0109464 2.4738 -1.53338</i>
                        <i>0.276175 0.947233 0.162716 -0.915965 0.31068 -0.25394 -0.291093 -0.0789103 0.953435 0.0221462 2.47535 -1.53342</i>
                        <i>0.278154 0.946655 0.162712 -0.916063 0.31239 -0.251478 -0.288893 -0.079105 0.954088 0.0335488 2.47695 -1.53347</i>
                        <i>0.279367 0.946253 0.162969 -0.916605 0.31337 -0.248261 -0.285987 -0.0800224 0.954886 0.0451156 2.47855 -1.53354</i>
                        <i>0.279799 0.94604 0.163466 -0.917592 0.313598 -0.2443 -0.28238 -0.0816405 0.955822 0.0568075 2.48014 -1.53361</i>
                        <i>0.279431 0.946024 0.164187 -0.919019 0.313039 -0.239604 -0.278068 -0.0839384 0.956887 0.0685849 2.48168 -1.5337</i>
                        <i>0.278239 0.946214 0.165114 -0.920886 0.311655 -0.234177 -0.27304 -0.0868942 0.95807 0.0804076 2.48316 -1.53379</i>
                        <i>0.276198 0.946616 0.166231 -0.923188 0.309404 -0.228021 -0.267281 -0.0904836 0.959361 0.0922342 2.48454 -1.53389</i>
                        <i>0.273281 0.947235 0.167522 -0.925914 0.306238 -0.221138 -0.260771 -0.0946778 0.960747 0.104022 2.48581 -1.53399</i>
                        <i>0.269463 0.948072 0.168968 -0.92905 0.302112 -0.213527 -0.253486 -0.0994426 0.962214 0.115728 2.48695 -1.5341</i>
                        <i>0.264722 0.949122 0.170554 -0.932577 0.29698 -0.205193 -0.245404 -0.104736 0.963746 0.127307 2.48793 -1.5342</i>
                        <i>0.259043 0.950381 0.172261 -0.936464 0.2908 -0.19614 -0.236501 -0.110508 0.965327 0.138713 2.48875 -1.53432</i>
                        <i>0.252413 0.951834 0.174069 -0.940674 0.283539 -0.18638 -0.226758 -0.116697 0.966935 0.149901 2.48939 -1.53443</i>
                        <i>0.244832 0.953465 0.175958 -0.945162 0.275167 -0.175929 -0.21616 -0.123236 0.968549 0.160821 2.48985 -1.53454</i>
                        <i>0.236306 0.955253 0.177907 -0.949871 0.26567 -0.164815 -0.204704 -0.130043 0.970147 0.171426 2.49011 -1.53465</i>
                        <i>0.226851 0.957171 0.179895 -0.954737 0.255042 -0.153071 -0.192396 -0.137029 0.971703 0.181667 2.49019 -1.53476</i>
                        <i>0.216494 0.959189 0.181899 -0.959686 0.243297 -0.140744 -0.179255 -0.144096 0.973193 0.191494 2.49007 -1.53487</i>
                        <i>0.205274 0.961272 0.183898 -0.964641 0.23046 -0.127892 -0.16532 -0.151143 0.97459 0.200857 2.48977 -1.53497</i>
                        <i>0.193242 0.963384 0.185871 -0.969517 0.21658 -0.114587 -0.150647 -0.158062 0.97587 0.209706 2.48929 -1.53506</i>
                        <i>0.180457 0.965488 0.187797 -0.974231 0.20172 -0.100913 -0.135313 -0.164747 0.97701 0.21799 2.48864 -1.53515</i>
                        <i>0.166991 0.967545 0.189661 -0.9787 0.185964 -0.0869667 -0.119414 -0.171099 0.97799 0.225661 2.48784 -1.53524</i>
                        <i>0.152921 0.969517 0.191449 -0.982849 0.169411 -0.0728552 -0.103068 -0.177024 0.978795 0.232667 2.48691 -1.53532</i>
                        <i>0.138335 0.971368 0.193149 -0.986609 0.152177 -0.0586955 -0.0864079 -0.182443 0.979412 0.23896 2.48587 -1.53539</i>
                        <i>0.123324 0.973068 0.194757 -0.989924 0.13439 -0.0446117 -0.0695835 -0.187293 0.979836 0.244491 2.48473 -1.53545</i>
                        <i>0.107983 0.974586 0.19627 -0.992752 0.116185 -0.0307317 -0.0527544 -0.191529 0.980068 0.249211 2.48352 -1.5355</i>
                        <i>0.0924082 0.975899 0.197693 -0.995067 0.0977046 -0.0171853 -0.0360866 -0.19513 0.980113 0.253073 2.48226 -1.53555</i>
                        <i>0.0766959 0.976987 0.199032 -0.996859 0.0790913 -0.00410073 -0.0197481 -0.198093 0.979984 0.256029 2.48099 -1.53558</i>
                        <i>0.0609408 0.977837 0.200301 -0.998134 0.0604856 0.00839719 -0.00390427 -0.200439 0.979698 0.258033 2.47972 -1.53561</i>
                        <i>0.045235 0.97844 0.201516 -0.998913 0.0420234 0.0201891 0.0112854 -0.20221 0.979277 0.259037 2.47847 -1.53562</i>
                        <i>0.0275955 0.978774 0.203074 -0.999265 0.0216043 0.031661 0.0266017 -0.203799 0.978651 0.257279 2.47672 -1.53562</i>
                        <i>0.00625382 0.978712 0.205141 -0.999059 -0.00269105 0.0432955 0.0429259 -0.205219 0.977774 0.251339 2.47415 -1.53561</i>
                        <i>-0.0183157 0.978091 0.207372 -0.99802 -0.0303667 0.0550796 0.06017 -0.205953 0.97671 0.241687 2.47108 -1.53557</i>
                        <i>-0.0455544 0.976768 0.2094 -0.995903 -0.0607972 0.0669395 0.0781154 -0.205492 0.975536 0.228793 2.46784 -1.53553</i>
                        <i>-0.0748203 0.974655 0.210831 -0.992527 -0.0932246 0.0787393 0.0963983 -0.203364 0.974346 0.21313 2.46475 -1.53547</i>
                        <i>-0.105395 0.97173 0.211266 -0.987815 -0.126768 0.0902827 0.114512 -0.199176 0.97325 0.195167 2.46212 -1.53539</i>
                        <i>-0.136497 0.968056 0.210325 -0.981829 -0.160453 0.101324 0.131834 -0.192672 0.972367 0.175376 2.46027 -1.53531</i>
                        <i>-0.167302 0.963782 0.207688 -0.974782 -0.193258 0.111585 0.147681 -0.183782 0.97181 0.154227 2.45951 -1.53522</i>
                        <i>-0.198319 0.958876 0.203044 -0.966585 -0.225664 0.121608 0.162426 -0.172142 0.971589 0.132188 2.46002 -1.53512</i>
                        <i>-0.229486 0.953206 0.196809 -0.957233 -0.257635 0.131639 0.176184 -0.158182 0.971564 0.109725 2.46154 -1.53502</i>
                        <i>-0.259265 0.946975 0.18979 -0.947295 -0.287627 0.14108 0.188188 -0.14321 0.971636 0.0873024 2.46377 -1.53492</i>
                        <i>-0.286344 0.940548 0.18269 -0.937435 -0.314433 0.149489 0.198045 -0.128455 0.971739 0.0653796 2.46643 -1.53483</i>
                        <i>-0.309643 0.934411 0.176063 -0.928348 -0.337133 0.15656 0.205648 -0.11497 0.971849 0.0444128 2.46924 -1.53475</i>
                        <i>-0.328259 0.929104 0.170326 -0.920707 -0.355005 0.162078 0.211054 -0.103617 0.971967 0.0248549 2.47192 -1.53468</i>
                        <i>-0.341408 0.925178 0.165792 -0.915141 -0.367429 0.165873 0.214379 -0.0950927 0.972111 0.007156 2.47421 -1.53462</i>
                        <i>-0.348336 0.923138 0.162721 -0.912213 -0.373788 0.167781 0.215708 -0.0899921 0.972302 -0.0082346 2.47585 -1.53459</i>
                        <i>-0.350046 0.922809 0.160909 -0.911613 -0.375109 0.168094 0.215477 -0.0878464 0.97255 -0.0213008 2.47712 -1.53458</i>
                        <i>-0.348484 0.923576 0.159893 -0.912499 -0.373278 0.167361 0.214255 -0.0875796 0.972844 -0.0324942 2.47848 -1.53457</i>
                        <i>-0.344233 0.925229 0.159546 -0.914587 -0.368857 0.165755 0.212211 -0.0888601 0.973176 -0.0420659 2.4799 -1.53457</i>
                        <i>-0.337839 0.927546 0.159759 -0.917597 -0.362364 0.163428 0.209478 -0.0913819 0.973534 -0.0502662 2.48136 -1.53457</i>
                        <i>-0.329828 0.930308 0.160435 -0.921251 -0.3543 0.160524 0.206179 -0.0948558 0.973906 -0.0573454 2.48284 -1.53457</i>
                        <i>-0.320729 0.933304 0.161481 -0.925285 -0.345169 0.157185 0.202439 -0.0990028 0.974278 -0.0635552 2.48431 -1.53458</i>
                        <i>-0.311079 0.936335 0.162806 -0.929444 -0.33549 0.15356 0.198403 -0.10355 0.974635 -0.0691487 2.48575 -1.53459</i>
                        <i>-0.301443 0.93922 0.164314 -0.93349 -0.325813 0.149812 0.194242 -0.108226 0.974965 -0.0743807 2.48713 -1.5346</i>
                    </KeyFrames>
                </p>
            </i>
            <i>
                <p>
                    <Name>
                        <![CDATA[spine1]]>
</Name>
                    <Exclude>0</Exclude>
                    <Additive>0</Additive>
                    <IKPriority>0</IKPriority>
                    <IKRotLimits>-1e+010 -1e+010 -1e+010 1e+010 1e+010 1e+010</IKRotLimits>
                    <IKRotLimitOrder>0</IKRotLimitOrder>
                    <KeyFrames count="97">
                        <i>-0.239443 0.744332 0.623407 -0.947676 -0.318799 0.0166466 0.211132 -0.586802 0.78172 -0.141638 2.69653 -1.49828</i>
                        <i>-0.22895 0.744364 0.627299 -0.951864 -0.306112 0.015829 0.203806 -0.59348 0.778617 -0.145405 2.69773 -1.49812</i>
                        <i>-0.218465 0.744324 0.631074 -0.955907 -0.293287 0.0150025 0.196252 -0.599971 0.775577 -0.149775 2.69886 -1.49797</i>
                        <i>-0.207976 0.744206 0.634747 -0.959805 -0.28031 0.0141673 0.18847 -0.606287 0.77259 -0.154661 2.69992 -1.49781</i>
                        <i>-0.197465 0.744003 0.638332 -0.963558 -0.267168 0.0133232 0.180455 -0.612439 0.769646 -0.159976 2.7009 -1.49765</i>
                        <i>-0.186917 0.743707 0.641843 -0.967165 -0.253842 0.0124703 0.172201 -0.618437 0.766735 -0.165633 2.70181 -1.4975</i>
                        <i>-0.176311 0.743309 0.645295 -0.970627 -0.240308 0.0116081 0.163698 -0.624294 0.763845 -0.171546 2.70265 -1.49734</i>
                        <i>-0.165628 0.742802 0.6487 -0.973942 -0.226543 0.0107363 0.154933 -0.630018 0.760968 -0.177627 2.7034 -1.49717</i>
                        <i>-0.154843 0.742175 0.652073 -0.977108 -0.212516 0.00985402 0.145889 -0.63562 0.758092 -0.183789 2.70406 -1.497</i>
                        <i>-0.143935 0.741418 0.655425 -0.980121 -0.198196 0.00896061 0.136546 -0.641106 0.755207 -0.189946 2.70464 -1.49683</i>
                        <i>-0.132876 0.74052 0.658767 -0.982978 -0.183548 0.00805501 0.12688 -0.646483 0.752304 -0.196011 2.70512 -1.49665</i>
                        <i>-0.121642 0.739468 0.662111 -0.98567 -0.168531 0.0071361 0.116863 -0.651755 0.749372 -0.201898 2.70551 -1.49646</i>
                        <i>-0.110203 0.738249 0.665465 -0.988191 -0.153104 0.00620254 0.106465 -0.656922 0.746403 -0.207519 2.7058 -1.49626</i>
                        <i>-0.0985314 0.73685 0.668837 -0.990526 -0.137221 0.00525289 0.095649 -0.661983 0.74339 -0.212787 2.70598 -1.49606</i>
                        <i>-0.0865965 0.735257 0.672234 -0.992664 -0.120831 0.00428552 0.0843779 -0.666931 0.740326 -0.217616 2.70606 -1.49584</i>
                        <i>-0.0743674 0.733453 0.67566 -0.994584 -0.103883 0.00329869 0.0726092 -0.671755 0.737206 -0.221918 2.70603 -1.49561</i>
                        <i>-0.061812 0.731422 0.679118 -0.996265 -0.0863205 0.00229051 0.0602971 -0.67644 0.734026 -0.225607 2.70587 -1.49537</i>
                        <i>-0.0488979 0.729148 0.682607 -0.997679 -0.0680846 0.00125903 0.0473931 -0.680961 0.730785 -0.228595 2.7056 -1.49512</i>
                        <i>-0.0355916 0.726613 0.686125 -0.998793 -0.0491147 0.000202184 0.0338457 -0.68529 0.727484 -0.230795 2.7052 -1.49485</i>
                        <i>-0.0218598 0.723798 0.689665 -0.999569 -0.029348 -0.000882112 0.0196018 -0.689387 0.724128 -0.232118 2.70467 -1.49456</i>
                        <i>-0.0076688 0.720686 0.693219 -0.99996 -0.00872073 -0.0019959 0.00460694 -0.693207 0.720724 -0.232478 2.70399 -1.49426</i>
                        <i>0.00701474 0.717258 0.696773 -0.999913 0.0128306 -0.00314117 -0.011193 -0.69669 0.717285 -0.231785 2.70317 -1.49395</i>
                        <i>0.0222237 0.713494 0.700308 -0.999365 0.0353677 -0.00431968 -0.0278504 -0.699768 0.713827 -0.229951 2.70219 -1.49362</i>
                        <i>0.0379897 0.709379 0.703803 -0.998246 0.0589491 -0.00553297 -0.0454135 -0.702358 0.710374 -0.226886 2.70105 -1.49328</i>
                        <i>0.0543434 0.704893 0.707229 -0.996474 0.0836272 -0.00678212 -0.0639242 -0.704366 0.706952 -0.222503 2.69973 -1.49292</i>
                        <i>0.0729921 0.69911 0.711279 -0.993626 0.112402 -0.00851246 -0.0859006 -0.706124 0.702858 -0.215707 2.69721 -1.49244</i>
                        <i>0.0949715 0.691644 0.715967 -0.989038 0.147248 -0.0110515 -0.113068 -0.707069 0.698046 -0.205753 2.69287 -1.49181</i>
                        <i>0.119222 0.683392 0.720251 -0.982381 0.18635 -0.0142022 -0.143925 -0.705868 0.693568 -0.193082 2.68726 -1.49111</i>
                        <i>0.144534 0.675372 0.723175 -0.97365 0.227356 -0.0177339 -0.176396 -0.701557 0.690437 -0.178159 2.68094 -1.49046</i>
                        <i>0.169542 0.668686 0.723958 -0.963346 0.267408 -0.0213887 -0.207895 -0.693796 0.689512 -0.161486 2.67449 -1.48997</i>
                        <i>0.192757 0.664444 0.722052 -0.952539 0.303397 -0.0249035 -0.235615 -0.682982 0.691391 -0.143609 2.6685 -1.48974</i>
                        <i>0.212626 0.663679 0.717161 -0.942746 0.33233 -0.0280378 -0.256942 -0.670139 0.696343 -0.125106 2.66359 -1.48982</i>
                        <i>0.227595 0.667242 0.709217 -0.935628 0.351659 -0.0305939 -0.269816 -0.6566 0.704327 -0.106567 2.66041 -1.49023</i>
                        <i>0.23878 0.675219 0.6979 -0.931192 0.363062 -0.032664 -0.275436 -0.642079 0.71545 -0.0880193 2.65962 -1.49093</i>
                        <i>0.248087 0.686291 0.683709 -0.928422 0.369927 -0.034442 -0.27656 -0.626226 0.728942 -0.0693514 2.66103 -1.49182</i>
                        <i>0.255396 0.699007 0.667953 -0.927104 0.373077 -0.0359375 -0.274319 -0.610084 0.743335 -0.0509205 2.66406 -1.49276</i>
                        <i>0.260871 0.712004 0.651918 -0.926838 0.373618 -0.037171 -0.270034 -0.594525 0.757378 -0.033057 2.66816 -1.49364</i>
                        <i>0.264902 0.724086 0.636809 -0.927146 0.372753 -0.0381626 -0.265005 -0.580305 0.770077 -0.0160743 2.67276 -1.4944</i>
                        <i>0.268037 0.734253 0.623722 -0.92755 0.371666 -0.0389272 -0.260399 -0.568099 0.780676 -0.000274461 2.67731 -1.49502</i>
                        <i>0.270882 0.741665 0.613641 -0.927612 0.371454 -0.0394725 -0.257215 -0.558529 0.788598 0.014047 2.68122 -1.49549</i>
                        <i>0.274013 0.745586 0.607469 -0.926941 0.37309 -0.0397992 -0.256314 -0.552182 0.793346 0.0265982 2.6839 -1.49579</i>
                        <i>0.276818 0.747296 0.604086 -0.926034 0.375321 -0.0399494 -0.25658 -0.548345 0.795917 0.0382221 2.68571 -1.49599</i>
                        <i>0.278416 0.748586 0.601751 -0.925602 0.376382 -0.0399709 -0.25641 -0.545853 0.797683 0.0499371 2.6874 -1.49617</i>
                        <i>0.278878 0.7495 0.600397 -0.925621 0.376345 -0.0398653 -0.255835 -0.544622 0.798708 0.0617134 2.68897 -1.49633</i>
                        <i>0.278258 0.750084 0.599956 -0.926078 0.375245 -0.0396314 -0.254858 -0.544578 0.799051 0.0735203 2.69041 -1.49647</i>
                        <i>0.276587 0.750376 0.600362 -0.926963 0.373093 -0.0392655 -0.253455 -0.545653 0.798764 0.0853256 2.69173 -1.49659</i>
                        <i>0.273888 0.750417 0.601548 -0.928273 0.369874 -0.0387626 -0.251585 -0.547784 0.797896 0.0970963 2.69291 -1.49669</i>
                        <i>0.270169 0.750243 0.603443 -0.930006 0.365561 -0.0381162 -0.249192 -0.550908 0.796494 0.108798 2.69395 -1.49678</i>
                        <i>0.265434 0.749888 0.605981 -0.932163 0.360111 -0.0373196 -0.246206 -0.554967 0.794603 0.120396 2.69485 -1.49684</i>
                        <i>0.259684 0.749382 0.60909 -0.934738 0.353473 -0.0363655 -0.242548 -0.559896 0.792267 0.131855 2.6956 -1.4969</i>
                        <i>0.252915 0.748754 0.6127 -0.937724 0.345588 -0.0352472 -0.238133 -0.565629 0.789529 0.143136 2.69621 -1.49693</i>
                        <i>0.245129 0.74803 0.616736 -0.941107 0.336399 -0.0339584 -0.232871 -0.572091 0.786437 0.154203 2.69667 -1.49695</i>
                        <i>0.23633 0.747229 0.621125 -0.944864 0.325847 -0.0324945 -0.226673 -0.579199 0.783037 0.165017 2.69698 -1.49695</i>
                        <i>0.226528 0.746372 0.625791 -0.94896 0.313883 -0.0308526 -0.219452 -0.586862 0.77938 0.17554 2.69715 -1.49693</i>
                        <i>0.215743 0.745471 0.630657 -0.953351 0.300465 -0.0290321 -0.211133 -0.594974 0.775518 0.185731 2.69717 -1.4969</i>
                        <i>0.204005 0.744537 0.635646 -0.957977 0.285569 -0.0270353 -0.20165 -0.603419 0.771507 0.195551 2.69706 -1.49685</i>
                        <i>0.191355 0.743578 0.640683 -0.962766 0.269188 -0.0248679 -0.190956 -0.61207 0.767403 0.20496 2.69681 -1.49678</i>
                        <i>0.177848 0.742596 0.645694 -0.967636 0.251342 -0.0225391 -0.179027 -0.620788 0.763263 0.213918 2.69643 -1.49669</i>
                        <i>0.163552 0.741592 0.650609 -0.972491 0.232075 -0.0200623 -0.165868 -0.62943 0.759148 0.222385 2.69592 -1.49659</i>
                        <i>0.148548 0.740563 0.655362 -0.977229 0.211467 -0.0174546 -0.151513 -0.637846 0.755113 0.230321 2.6953 -1.49647</i>
                        <i>0.132931 0.739505 0.659896 -0.981746 0.189626 -0.0147372 -0.136031 -0.645891 0.751213 0.237686 2.69456 -1.49634</i>
                        <i>0.116806 0.738409 0.66416 -0.985936 0.166696 -0.0119347 -0.119526 -0.653425 0.747495 0.244442 2.69372 -1.4962</i>
                        <i>0.100292 0.737269 0.668114 -0.989702 0.142854 -0.00907474 -0.102133 -0.660324 0.744004 0.250551 2.69278 -1.49605</i>
                        <i>0.0835111 0.736075 0.671728 -0.992958 0.118302 -0.00618703 -0.0840208 -0.666482 0.740772 0.255976 2.69174 -1.49589</i>
                        <i>0.0665956 0.734819 0.674985 -0.995636 0.0932665 -0.00330252 -0.0653803 -0.67182 0.737824 0.26068 2.69063 -1.49572</i>
                        <i>0.0496794 0.733492 0.67788 -0.997686 0.0679913 -0.000452359 -0.0464218 -0.676289 0.735173 0.264629 2.68944 -1.49556</i>
                        <i>0.0328979 0.732085 0.680418 -0.999084 0.0427275 0.00233325 -0.0273644 -0.679872 0.73282 0.267787 2.68819 -1.49538</i>
                        <i>0.016385 0.730591 0.682619 -0.99983 0.0177273 0.00502592 -0.0084291 -0.682585 0.730757 0.270122 2.68689 -1.49521</i>
                        <i>0.000271724 0.729003 0.684511 -0.999948 -0.00676335 0.00759989 0.0101699 -0.684477 0.728963 0.271602 2.68554 -1.49504</i>
                        <i>-0.0153154 0.727314 0.686134 -0.999484 -0.0305111 0.0100325 0.0282315 -0.685626 0.727406 0.272194 2.68416 -1.49487</i>
                        <i>-0.0302553 0.725521 0.687535 -0.998503 -0.0532994 0.0123046 0.0455724 -0.686133 0.726047 0.271869 2.68275 -1.4947</i>
                        <i>-0.0444321 0.723619 0.688768 -0.997085 -0.0749302 0.0144001 0.0620298 -0.686121 0.724839 0.270596 2.68133 -1.49452</i>
                        <i>-0.0577355 0.721606 0.689892 -0.995322 -0.0952252 0.0163064 0.077462 -0.685724 0.723728 0.268346 2.67991 -1.49435</i>
                        <i>-0.0714861 0.71871 0.691626 -0.993065 -0.116171 0.0180779 0.0933398 -0.685537 0.72203 0.262941 2.67776 -1.49412</i>
                        <i>-0.0868732 0.714453 0.69427 -0.990011 -0.139595 0.0197744 0.111045 -0.685617 0.719443 0.25261 2.67447 -1.49382</i>
                        <i>-0.103554 0.709301 0.697258 -0.986064 -0.164983 0.0213863 0.130205 -0.685326 0.716502 0.237942 2.67047 -1.4935</i>
                        <i>-0.12116 0.70377 0.70002 -0.981188 -0.191694 0.0228964 0.150304 -0.684076 0.713757 0.219528 2.66622 -1.49319</i>
                        <i>-0.139323 0.698432 0.701984 -0.975427 -0.218982 0.0242806 0.17068 -0.681352 0.711778 0.197961 2.66215 -1.49296</i>
