<?xml version="1.0" encoding="ISO-8859-1" ?>
<Animl Version="1">
    <ModellingPackage>
        <![CDATA[Maya.2010]]>
</ModellingPackage>
    <SrcFile>
        <![CDATA[anims\turrets\machinegun\blue\~src\mgun_m2browning\mgun_m2browning_aim_low_crewman_a.mb]]>
</SrcFile>
    <FramesPerSecond>30</FramesPerSecond>
    <TotalFrames>33</TotalFrames>
    <Skeleton>
        <RefFrame>
            <Name>
                <![CDATA[soldier_ref_frame]]>
</Name>
            <Exclude>0</Exclude>
            <Additive>0</Additive>
            <IKPriority>0</IKPriority>
            <IKRotLimits>-1e+010 -1e+010 -1e+010 1e+010 1e+010 1e+010</IKRotLimits>
            <IKRotLimitOrder>0</IKRotLimitOrder>
            <KeyFrames count="33">
                <i>1 0 0 0 1 0 0 0 1 0 0.9 -1.73</i>
                <i>1 0 0 0 1 0 0 0 1 0 0.9 -1.73</i>
                <i>1 0 0 0 1 0 0 0 1 0 0.9 -1.73</i>
                <i>1 0 0 0 1 0 0 0 1 0 0.9 -1.73</i>
                <i>1 0 0 0 1 0 0 0 1 0 0.9 -1.73</i>
                <i>1 0 0 0 1 0 0 0 1 0 0.9 -1.73</i>
                <i>1 0 0 0 1 0 0 0 1 0 0.9 -1.73</i>
                <i>1 0 0 0 1 0 0 0 1 0 0.9 -1.73</i>
                <i>1 0 0 0 1 0 0 0 1 0 0.9 -1.73</i>
                <i>1 0 0 0 1 0 0 0 1 0 0.9 -1.73</i>
                <i>1 0 0 0 1 0 0 0 1 0 0.9 -1.73</i>
                <i>1 0 0 0 1 0 0 0 1 0 0.9 -1.73</i>
                <i>1 0 0 0 1 0 0 0 1 0 0.9 -1.73</i>
                <i>1 0 0 0 1 0 0 0 1 0 0.9 -1.73</i>
                <i>1 0 0 0 1 0 0 0 1 0 0.9 -1.73</i>
                <i>1 0 0 0 1 0 0 0 1 0 0.9 -1.73</i>
                <i>1 0 0 0 1 0 0 0 1 0 0.9 -1.73</i>
                <i>1 0 0 0 1 0 0 0 1 0 0.9 -1.73</i>
                <i>1 0 0 0 1 0 0 0 1 0 0.9 -1.73</i>
                <i>1 0 0 0 1 0 0 0 1 0 0.9 -1.73</i>
                <i>1 0 0 0 1 0 0 0 1 0 0.9 -1.73</i>
                <i>1 0 0 0 1 0 0 0 1 0 0.9 -1.73</i>
                <i>1 0 0 0 1 0 0 0 1 0 0.9 -1.73</i>
                <i>1 0 0 0 1 0 0 0 1 0 0.9 -1.73</i>
                <i>1 0 0 0 1 0 0 0 1 0 0.9 -1.73</i>
                <i>1 0 0 0 1 0 0 0 1 0 0.9 -1.73</i>
                <i>1 0 0 0 1 0 0 0 1 0 0.9 -1.73</i>
                <i>1 0 0 0 1 0 0 0 1 0 0.9 -1.73</i>
                <i>1 0 0 0 1 0 0 0 1 0 0.9 -1.73</i>
                <i>1 0 0 0 1 0 0 0 1 0 0.9 -1.73</i>
                <i>1 0 0 0 1 0 0 0 1 0 0.9 -1.73</i>
                <i>1 0 0 0 1 0 0 0 1 0 0.9 -1.73</i>
                <i>1 0 0 0 1 0 0 0 1 0 0.9 -1.73</i>
            </KeyFrames>
        </RefFrame>
        <Bones count="23">
            <i>
                <p>
                    <Name>
                        <![CDATA[pelvis]]>
</Name>
                    <Exclude>0</Exclude>
                    <Additive>0</Additive>
                    <IKPriority>0</IKPriority>
                    <IKRotLimits>-1e+010 -1e+010 -1e+010 1e+010 1e+010 1e+010</IKRotLimits>
                    <IKRotLimitOrder>2</IKRotLimitOrder>
                    <KeyFrames count="33">
                        <i>1 0 0 0 1 0 0 0 1 0 1.8908 -1.81757</i>
                        <i>1 0 0 0 1 0 0 0 1 0.000820611 1.89144 -1.81753</i>
                        <i>1 0 0 0 1 0 0 0 1 0.00175325 1.89272 -1.8175</i>
                        <i>1 0 0 0 1 0 0 0 1 0.0027307 1.8945 -1.81747</i>
                        <i>1 0 0 0 1 0 0 0 1 0.00368574 1.89663 -1.81743</i>
                        <i>1 0 0 0 1 0 0 0 1 0.00455116 1.89894 -1.8174</i>
                        <i>1 0 0 0 1 0 0 0 1 0.00525975 1.90128 -1.81736</i>
                        <i>1 0 0 0 1 0 0 0 1 0.00574427 1.90352 -1.81733</i>
                        <i>1 0 0 0 1 0 0 0 1 0.00593753 1.90548 -1.81731</i>
                        <i>1 0 0 0 1 0 0 0 1 0.00579147 1.90745 -1.81728</i>
                        <i>1 0 0 0 1 0 0 0 1 0.0053495 1.90968 -1.81725</i>
                        <i>1 0 0 0 1 0 0 0 1 0.00468163 1.912 -1.81723</i>
                        <i>1 0 0 0 1 0 0 0 1 0.00385784 1.91425 -1.8172</i>
                        <i>1 0 0 0 1 0 0 0 1 0.00294814 1.91627 -1.81718</i>
                        <i>1 0 0 0 1 0 0 0 1 0.00202251 1.9179 -1.81716</i>
                        <i>1 0 0 0 1 0 0 0 1 0.00115096 1.91897 -1.81715</i>
                        <i>1 0 0 0 1 0 0 0 1 0.000403465 1.91932 -1.81715</i>
                        <i>1 0 0 0 1 0 0 0 1 -0.000318141 1.91885 -1.81715</i>
                        <i>1 0 0 0 1 0 0 0 1 -0.0011226 1.91768 -1.81715</i>
                        <i>1 0 0 0 1 0 0 0 1 -0.00195575 1.91598 -1.81716</i>
                        <i>1 0 0 0 1 0 0 0 1 -0.00276344 1.91393 -1.81716</i>
                        <i>1 0 0 0 1 0 0 0 1 -0.00349152 1.91169 -1.81716</i>
                        <i>1 0 0 0 1 0 0 0 1 -0.00408583 1.90944 -1.81717</i>
                        <i>1 0 0 0 1 0 0 0 1 -0.00449222 1.90733 -1.81717</i>
                        <i>1 0 0 0 1 0 0 0 1 -0.00465653 1.90554 -1.81717</i>
                        <i>1 0 0 0 1 0 0 0 1 -0.00453941 1.9038 -1.81718</i>
                        <i>1 0 0 0 1 0 0 0 1 -0.00417559 1.90179 -1.81719</i>
                        <i>1 0 0 0 1 0 0 0 1 -0.00362199 1.89964 -1.81722</i>
                        <i>1 0 0 0 1 0 0 0 1 -0.00293555 1.89746 -1.81727</i>
                        <i>1 0 0 0 1 0 0 0 1 -0.0021732 1.89536 -1.81732</i>
                        <i>1 0 0 0 1 0 0 0 1 -0.00139186 1.89347 -1.81739</i>
                        <i>1 0 0 0 1 0 0 0 1 -0.000648489 1.89191 -1.81747</i>
                        <i>1 0 0 0 1 0 0 0 1 0 1.8908 -1.81757</i>
                    </KeyFrames>
                </p>
            </i>
            <i>
                <p>
                    <Name>
                        <![CDATA[spine0]]>
</Name>
                    <Exclude>0</Exclude>
                    <Additive>0</Additive>
                    <IKPriority>0</IKPriority>
                    <IKRotLimits>-1e+010 -1e+010 -1e+010 1e+010 1e+010 1e+010</IKRotLimits>
                    <IKRotLimitOrder>0</IKRotLimitOrder>
                    <KeyFrames count="33">
                        <i>-0.0240996 0.986446 0.162308 -0.999666 -0.0252943 0.00529788 0.00933154 -0.162126 0.986726 0 2.01375 -1.89226</i>
                        <i>-0.0252601 0.986397 0.162429 -0.999633 -0.0265135 0.00555325 0.00978427 -0.162229 0.986705 0.000820611 2.01439 -1.89222</i>
                        <i>-0.0265857 0.986342 0.162548 -0.999593 -0.0279061 0.00584492 0.0103012 -0.162326 0.986683 0.00175325 2.01568 -1.89219</i>
                        <i>-0.0279791 0.986284 0.162666 -0.99955 -0.02937 0.00615155 0.0108447 -0.162421 0.986662 0.0027307 2.01746 -1.89216</i>
                        <i>-0.0293429 0.986225 0.162786 -0.999505 -0.0308029 0.00645166 0.0113771 -0.162516 0.98664 0.00368574 2.01958 -1.89212</i>
                        <i>-0.0305787 0.986167 0.162907 -0.999462 -0.0321017 0.00672369 0.0118603 -0.162614 0.986619 0.00455116 2.02189 -1.89209</i>
                        <i>-0.0315881 0.986115 0.163031 -0.999426 -0.0331628 0.00694595 0.0122561 -0.162718 0.986596 0.00525975 2.02424 -1.89205</i>
                        <i>-0.0322719 0.986072 0.163159 -0.999401 -0.0338824 0.00709667 0.0125261 -0.162833 0.986574 0.00574427 2.02647 -1.89202</i>
                        <i>-0.0325309 0.986041 0.163292 -0.999391 -0.0341561 0.00715399 0.0126315 -0.16296 0.986552 0.00593753 2.02844 -1.892</i>
                        <i>-0.0323019 0.986028 0.163415 -0.999399 -0.0339173 0.00710398 0.0125473 -0.163087 0.986532 0.00579147 2.0304 -1.89197</i>
                        <i>-0.03165 0.986033 0.163515 -0.999423 -0.0332342 0.0069609 0.0122979 -0.1632 0.986516 0.0053495 2.03263 -1.89194</i>
                        <i>-0.0306683 0.986051 0.163593 -0.999459 -0.0322044 0.00674521 0.0119195 -0.163297 0.986505 0.00468163 2.03495 -1.89192</i>
                        <i>-0.0294503 0.986079 0.163652 -0.999501 -0.0309262 0.00647748 0.0114484 -0.163379 0.986497 0.00385784 2.0372 -1.89189</i>
                        <i>-0.02809 0.986111 0.163693 -0.999546 -0.0294983 0.00617843 0.0109213 -0.163445 0.986492 0.00294814 2.03922 -1.89187</i>
                        <i>-0.0266821 0.986146 0.163718 -0.99959 -0.0280202 0.00586883 0.0103749 -0.163494 0.98649 0.00202251 2.04085 -1.89185</i>
                        <i>-0.0253214 0.98618 0.163729 -0.999631 -0.0265915 0.00556958 0.00984641 -0.163528 0.98649 0.00115096 2.04192 -1.89184</i>
                        <i>-0.0241032 0.986211 0.163728 -0.999666 -0.0253122 0.00530164 0.00937285 -0.163545 0.986491 0.000403465 2.04227 -1.89184</i>
                        <i>-0.0228463 0.986243 0.163717 -0.9997 -0.0239923 0.00502518 0.00888399 -0.163553 0.986495 -0.000318141 2.0418 -1.89184</i>
                        <i>-0.0213831 0.986278 0.163702 -0.999737 -0.0224555 0.00470331 0.00831479 -0.163558 0.986499 -0.0011226 2.04063 -1.89184</i>
                        <i>-0.019829 0.986314 0.163684 -0.999774 -0.0208234 0.00436146 0.00771022 -0.163561 0.986503 -0.00195575 2.03894 -1.89185</i>
                        <i>-0.0182993 0.986346 0.163666 -0.999807 -0.0192169 0.00402498 0.00711518 -0.163561 0.986508 -0.00276344 2.03689 -1.89185</i>
                        <i>-0.0169094 0.986374 0.163649 -0.999835 -0.0177572 0.00371924 0.0065745 -0.163559 0.986512 -0.00349152 2.03465 -1.89185</i>
                        <i>-0.0157742 0.986395 0.163634 -0.999857 -0.016565 0.00346954 0.00613295 -0.163556 0.986515 -0.00408583 2.03239 -1.89186</i>
                        <i>-0.0150088 0.986408 0.163625 -0.99987 -0.0157612 0.00330118 0.00583523 -0.163554 0.986517 -0.00449222 2.03028 -1.89186</i>
                        <i>-0.0147281 0.986413 0.163621 -0.999875 -0.0154664 0.00323944 0.00572605 -0.163553 0.986518 -0.00465653 2.0285 -1.89186</i>
                        <i>-0.0150042 0.986412 0.163604 -0.99987 -0.0157563 0.00330016 0.00583311 -0.163534 0.986521 -0.00453941 2.02676 -1.89187</i>
                        <i>-0.0157591 0.986409 0.163551 -0.999857 -0.0165486 0.0034661 0.00612554 -0.163473 0.986529 -0.00417559 2.02475 -1.89188</i>
                        <i>-0.0168814 0.986406 0.16346 -0.999836 -0.0177265 0.00371281 0.00655991 -0.16337 0.986543 -0.00362199 2.02259 -1.89191</i>
                        <i>-0.0182596 0.986403 0.163326 -0.999808 -0.0191726 0.00401571 0.0070925 -0.163222 0.986564 -0.00293555 2.02041 -1.89196</i>
                        <i>-0.0197818 0.986403 0.163148 -0.999775 -0.0207694 0.00435016 0.00767949 -0.163025 0.986592 -0.0021732 2.01832 -1.89201</i>
                        <i>-0.0213364 0.986408 0.162921 -0.999738 -0.0223996 0.00469159 0.00827718 -0.162778 0.986628 -0.00139186 2.01643 -1.89208</i>
                        <i>-0.0228123 0.986421 0.162642 -0.999701 -0.0239464 0.00501556 0.00884215 -0.162479 0.986672 -0.000648489 2.01487 -1.89216</i>
                        <i>-0.0240996 0.986446 0.162308 -0.999666 -0.0252943 0.00529788 0.00933154 -0.162126 0.986726 0 2.01375 -1.89226</i>
                    </KeyFrames>
                </p>
            </i>
            <i>
                <p>
                    <Name>
                        <![CDATA[spine1]]>
</Name>
                    <Exclude>0</Exclude>
                    <Additive>0</Additive>
                    <IKPriority>0</IKPriority>
                    <IKRotLimits>-1e+010 -1e+010 -1e+010 1e+010 1e+010 1e+010</IKRotLimits>
                    <IKRotLimitOrder>0</IKRotLimitOrder>
                    <KeyFrames count="33">
                        <i>-0.0124813 0.806235 0.591463 -0.995612 -0.0648817 0.0674318 0.092741 -0.588026 0.803508 -0.00459836 2.20195 -1.86141</i>
                        <i>-0.0147831 0.806109 0.591582 -0.995442 -0.0676112 0.0672539 0.0942115 -0.587892 0.803435 -0.00399931 2.20258 -1.86135</i>
                        <i>-0.017411 0.805971 0.591699 -0.99524 -0.0707247 0.0670509 0.0958888 -0.587715 0.803366 -0.00331973 2.20386 -1.8613</i>
                        <i>-0.0201714 0.805823 0.591813 -0.995016 -0.0739941 0.0668375 0.0976498 -0.587516 0.803299 -0.00260832 2.20564 -1.86124</i>
                        <i>-0.0228701 0.805667 0.591927 -0.994788 -0.0771908 0.0666286 0.0993717 -0.587318 0.803233 -0.00191365 2.20775 -1.86118</i>
                        <i>-0.0253124 0.805511 0.592041 -0.994571 -0.0800855 0.0664391 0.100931 -0.587145 0.803165 -0.00128422 2.21006 -1.86112</i>
                        <i>-0.0273034 0.80536 0.592157 -0.994389 -0.0824485 0.0662841 0.102205 -0.587024 0.803092 -0.000768426 2.2124 -1.86107</i>
                        <i>-0.0286473 0.805225 0.592277 -0.994262 -0.0840499 0.0661787 0.10307 -0.586982 0.803012 -0.000414572 2.21463 -1.86101</i>
                        <i>-0.0291483 0.805114 0.592404 -0.994213 -0.0846589 0.0661381 0.103401 -0.587047 0.802922 -0.000270911 2.2166 -1.86096</i>
                        <i>-0.0286846 0.805045 0.59252 -0.994255 -0.0841292 0.0661715 0.103119 -0.587218 0.802833 -0.00037344 2.21856 -1.86091</i>
                        <i>-0.0273876 0.805022 0.592612 -0.994376 -0.0826129 0.0662687 0.102305 -0.587464 0.802758 -0.000691141 2.22079 -1.86086</i>
                        <i>-0.0254416 0.805036 0.59268 -0.994553 -0.0803276 0.0664162 0.101076 -0.587762 0.802695 -0.00117178 2.22312 -1.86082</i>
                        <i>-0.0230312 0.805074 0.592728 -0.994766 -0.0774915 0.0666 0.0995492 -0.588091 0.802645 -0.00176321 2.22538 -1.86078</i>
                        <i>-0.0203419 0.805125 0.592756 -0.994994 -0.0743237 0.0668062 0.0978432 -0.58843 0.802606 -0.00241339 2.22742 -1.86075</i>
                        <i>-0.0175597 0.805181 0.592769 -0.995219 -0.0710444 0.067021 0.096077 -0.588758 0.802579 -0.00307036 2.22905 -1.86073</i>
                        <i>-0.0148714 0.805236 0.592768 -0.995426 -0.0678748 0.0672302 0.0943702 -0.589057 0.802562 -0.00368226 2.23013 -1.86072</i>
                        <i>-0.0124641 0.805285 0.592757 -0.995603 -0.0650365 0.0674199 0.0928431 -0.58931 0.802555 -0.00419726 2.23049 -1.86071</i>
                        <i>-0.00997959 0.805333 0.592738 -0.995776 -0.0621085 0.0676193 0.0912702 -0.58956 0.802552 -0.00467897 2.23002 -1.86071</i>
                        <i>-0.00708661 0.805382 0.592714 -0.995967 -0.0587001 0.067854 0.0894407 -0.589842 0.80255 -0.00520415 2.22886 -1.86072</i>
                        <i>-0.0040134 0.805425 0.592685 -0.996157 -0.0550798 0.0681048 0.0874982 -0.590133 0.80255 -0.00574067 2.22718 -1.86073</i>
                        <i>-0.000988048 0.805457 0.592654 -0.99633 -0.0515159 0.0683527 0.0855862 -0.590411 0.802552 -0.00625641 2.22513 -1.86073</i>
                        <i>0.00176146 0.805478 0.592623 -0.996477 -0.0482769 0.0685785 0.0838485 -0.590656 0.802555 -0.00671919 2.2229 -1.86074</i>
                        <i>0.0040073 0.805489 0.592597 -0.996589 -0.0456311 0.0687634 0.082429 -0.590852 0.802558 -0.00709683 2.22065 -1.86075</i>
                        <i>0.00552174 0.805493 0.592579 -0.99666 -0.043847 0.0688882 0.0814718 -0.590981 0.802561 -0.00735712 2.21854 -1.86075</i>
                        <i>0.00607716 0.805494 0.592572 -0.996686 -0.0431926 0.068934 0.0811207 -0.591027 0.802562 -0.00746785 2.21676 -1.86075</i>
                        <i>0.00553177 0.805506 0.592561 -0.996661 -0.0438334 0.0688896 0.081465 -0.590964 0.802574 -0.00740344 2.21502 -1.86076</i>
                        <i>0.00404102 0.805542 0.592524 -0.996591 -0.0455838 0.0687684 0.0824053 -0.590782 0.802612 -0.00718364 2.21301 -1.86079</i>
                        <i>0.00182375 0.8056 0.592456 -0.996481 -0.0481853 0.0685881 0.0838023 -0.590496 0.802677 -0.00684416 2.21084 -1.86084</i>
                        <i>-0.000900566 0.805679 0.592351 -0.996336 -0.0513783 0.0683668 0.0855157 -0.59012 0.802774 -0.00642062 2.20865 -1.86091</i>
                        <i>-0.00391222 0.805778 0.592204 -0.996165 -0.054903 0.0681225 0.0874055 -0.589667 0.802903 -0.00594859 2.20655 -1.861</i>
                        <i>-0.00699179 0.8059 0.59201 -0.995977 -0.0585002 0.0678733 0.0893318 -0.589154 0.803067 -0.00546368 2.20465 -1.86111</i>
                        <i>-0.00992058 0.80605 0.591764 -0.995787 -0.0619118 0.0676371 0.0911561 -0.5886 0.803268 -0.00500163 2.20307 -1.86125</i>
                        <i>-0.0124813 0.806235 0.591463 -0.995612 -0.0648817 0.0674318 0.092741 -0.588026 0.803508 -0.00459836 2.20195 -1.86141</i>
                    </KeyFrames>
                </p>
            </i>
            <i>
                <p>
                    <Name>
                        <![CDATA[spine2]]>
</Name>
                    <Exclude>0</Exclude>
                    <Additive>0</Additive>
                    <IKPriority>0</IKPriority>
                    <IKRotLimits>-1e+010 -1e+010 -1e+010 1e+010 1e+010 1e+010</IKRotLimits>
                    <IKRotLimitOrder>0</IKRotLimitOrder>
                    <KeyFrames count="33">
                        <i>0.0359928 0.750833 0.659511 -0.990213 -0.0622507 0.124911 0.134843 -0.657552 0.741244 -0.00667963 2.34306 -1.75742</i>
                        <i>0.0337506 0.750859 0.6596 -0.990166 -0.0645326 0.124126 0.135767 -0.657303 0.741296 -0.00648377 2.34367 -1.75734</i>
                        <i>0.0311916 0.750887 0.659693 -0.990105 -0.0671353 0.12323 0.136821 -0.657009 0.741363 -0.00626453 2.34493 -1.75726</i>
                        <i>0.0285049 0.750912 0.659787 -0.990032 -0.0698674 0.122289 0.137926 -0.656696 0.741436 -0.00603667 2.34668 -1.75718</i>
                        <i>0.0258796 0.750927 0.659878 -0.989953 -0.0725369 0.12137 0.139006 -0.656389 0.741506 -0.00581479 2.34878 -1.7571</i>
                        <i>0.0235054 0.750931 0.659963 -0.989875 -0.0749517 0.120539 0.139981 -0.656114 0.741566 -0.00561328 2.35106 -1.75701</i>
                        <i>0.0215722 0.75092 0.66004 -0.989806 -0.0769195 0.11986 0.140776 -0.655898 0.741607 -0.00544635 2.35338 -1.75693</i>
                        <i>0.02027 0.750897 0.660109 -0.989758 -0.078248 0.119402 0.141311 -0.655768 0.74162 -0.00532803 2.35559 -1.75686</i>
                        <i>0.0197891 0.750859 0.660166 -0.989739 -0.0787444 0.119231 0.14151 -0.655751 0.741596 -0.00527226 2.35754 -1.75678</i>
                        <i>0.0202455 0.750815 0.660202 -0.989757 -0.0782888 0.119385 0.141323 -0.655856 0.741539 -0.00529367 2.3595 -1.7567</i>
                        <i>0.0215093 0.750771 0.660212 -0.989804 -0.0770112 0.119822 0.140803 -0.656058 0.74146 -0.00538427 2.36173 -1.75664</i>
                        <i>0.0234013 0.750726 0.660199 -0.989872 -0.0750942 0.120478 0.140023 -0.656332 0.741365 -0.00552407 2.36406 -1.75658</i>
                        <i>0.0257419 0.750676 0.660169 -0.98995 -0.0727209 0.121292 0.139059 -0.656656 0.741259 -0.0056933 2.36633 -1.75653</i>
                        <i>0.0283514 0.75062 0.660125 -0.990029 -0.0700744 0.122201 0.137984 -0.657008 0.741149 -0.00587237 2.36838 -1.7565</i>
                        <i>0.0310498 0.750559 0.660073 -0.990102 -0.0673383 0.123144 0.136875 -0.657363 0.741039 -0.00604194 2.37003 -1.75647</i>
                        <i>0.0336567 0.750495 0.660018 -0.990164 -0.0646965 0.124057 0.135805 -0.657701 0.740936 -0.00618286 2.37111 -1.75646</i>
                        <i>0.0359918 0.750433 0.659966 -0.990212 -0.0623333 0.12488 0.134852 -0.658001 0.740844 -0.00627611 2.37148 -1.75645</i>
                        <i>0.0384029 0.750362 0.659911 -0.990254 -0.0598981 0.125735 0.133874 -0.658308 0.740748 -0.00632251 2.37103 -1.75646</i>
                        <i>0.0412108 0.750269 0.659847 -0.990294 -0.0570661 0.126735 0.13274 -0.658665 0.740635 -0.00634081 2.36987 -1.75647</i>
                        <i>0.0441936 0.750161 0.659777 -0.990326 -0.0540597 0.1278 0.131538 -0.659042 0.740514 -0.00633887 2.3682 -1.75648</i>
                        <i>0.04713 0.750044 0.659707 -0.990346 -0.0511016 0.12885 0.130355 -0.659411 0.740395 -0.00632452 2.36616 -1.75649</i>
                        <i>0.0497986 0.749929 0.659642 -0.990357 -0.0484139 0.129806 0.129281 -0.659745 0.740286 -0.00630555 2.36393 -1.7565</i>
                        <i>0.0519782 0.749829 0.659587 -0.990359 -0.0462191 0.130587 0.128403 -0.660016 0.740197 -0.00628968 2.36168 -1.75651</i>
                        <i>0.0534481 0.749758 0.65955 -0.990357 -0.0447393 0.131114 0.127812 -0.660198 0.740137 -0.00628461 2.35958 -1.75652</i>
                        <i>0.0539871 0.749732 0.659536 -0.990356 -0.0441967 0.131308 0.127595 -0.660264 0.740115 -0.00629803 2.35779 -1.75652</i>
                        <i>0.0534593 0.749762 0.659544 -0.990357 -0.0447279 0.131119 0.127808 -0.660194 0.740141 -0.00632918 2.35605 -1.75654</i>
                        <i>0.0520165 0.749846 0.659565 -0.990358 -0.0461794 0.130605 0.128392 -0.659999 0.740214 -0.0063706 2.35404 -1.75657</i>
                        <i>0.0498702 0.74997 0.659589 -0.990356 -0.0483378 0.12984 0.129259 -0.659703 0.740327 -0.00641964 2.35189 -1.75664</i>
                        <i>0.0472318 0.750123 0.65961 -0.990346 -0.0509892 0.1289 0.130324 -0.65933 0.740472 -0.00647343 2.3497 -1.75673</i>
                        <i>0.0443132 0.750293 0.659619 -0.990325 -0.0539199 0.127862 0.131501 -0.658903 0.740644 -0.00652903 2.34761 -1.75685</i>
                        <i>0.0413263 0.750471 0.65961 -0.990294 -0.0569159 0.126801 0.132703 -0.658448 0.740835 -0.00658358 2.34572 -1.757</i>
                        <i>0.0384824 0.750653 0.659575 -0.990255 -0.0597638 0.125792 0.133845 -0.657989 0.741038 -0.00663449 2.34416 -1.75719</i>
                        <i>0.0359928 0.750833 0.659511 -0.990213 -0.0622507 0.124911 0.134843 -0.657552 0.741244 -0.00667963 2.34306 -1.75742</i>
                    </KeyFrames>
                </p>
            </i>
            <i>
                <p>
                    <Name>
                        <![CDATA[head]]>
</Name>
                    <Exclude>0</Exclude>
                    <Additive>0</Additive>
                    <IKPriority>0</IKPriority>
                    <IKRotLimits>-1e+010 -1e+010 -1e+010 1e+010 1e+010 1e+010</IKRotLimits>
                    <IKRotLimitOrder>0</IKRotLimitOrder>
                    <KeyFrames count="33">
                        <i>-0.0361348 0.983227 0.178772 -0.1212 0.173256 -0.977391 -0.99197 -0.056985 0.112907 0.00497654 2.55957 -1.60242</i>
                        <i>-0.0389803 0.983102 0.17886 -0.120909 0.173041 -0.977465 -0.991898 -0.0597277 0.112121 0.00459786 2.5602 -1.60232</i>
                        <i>-0.0434934 0.982869 0.1791 -0.120601 0.172793 -0.977547 -0.991748 -0.0641164 0.11102 0.00416147 2.56148 -1.60221</i>
                        <i>-0.0491768 0.982537 0.179449 -0.120307 0.172531 -0.97763 -0.991518 -0.0696656 0.109721 0.00370107 2.56325 -1.60211</i>
                        <i>-0.0555335 0.982122 0.179867 -0.120058 0.17227 -0.977706 -0.991212 -0.0758899 0.108345 0.00325061 2.56535 -1.60201</i>
                        <i>-0.0620663 0.981648 0.180317 -0.119887 0.172025 -0.97777 -0.990846 -0.0823043 0.10701 0.00284427 2.56764 -1.60191</i>
                        <i>-0.0682788 0.981153 0.180766 -0.119825 0.171813 -0.977815 -0.990444 -0.0884244 0.105835 0.00251647 2.56997 -1.60181</i>
                        <i>-0.0736751 0.980685 0.181186 -0.119904 0.171651 -0.977834 -0.990048 -0.0937668 0.104941 0.00230183 2.57218 -1.60172</i>
                        <i>-0.0777596 0.980303 0.181549 -0.120156 0.171558 -0.977819 -0.989705 -0.0978491 0.104449 0.0022351 2.57413 -1.60163</i>
                        <i>-0.0809271 0.979979 0.18191 -0.120678 0.171532 -0.97776 -0.989388 -0.10108 0.10438 0.00233121 2.57608 -1.60155</i>
                        <i>-0.0838191 0.979661 0.182316 -0.121478 0.17155 -0.977657 -0.989049 -0.104094 0.104628 0.00256468 2.5783 -1.60149</i>
                        <i>-0.0863106 0.979365 0.182741 -0.122462 0.171605 -0.977525 -0.988713 -0.10675 0.105124 0.00290956 2.58063 -1.60144</i>
                        <i>-0.0882768 0.979112 0.183157 -0.123534 0.171694 -0.977374 -0.988406 -0.108906 0.105797 0.00333967 2.58289 -1.6014</i>
                        <i>-0.0895928 0.978922 0.183537 -0.124598 0.171814 -0.977218 -0.988154 -0.11042 0.106579 0.00382858 2.58491 -1.60138</i>
                        <i>-0.0901337 0.978813 0.183853 -0.125561 0.171963 -0.977068 -0.987983 -0.111152 0.107401 0.00434958 2.58655 -1.60137</i>
                        <i>-0.0897745 0.978803 0.184077 -0.126328 0.17214 -0.976939 -0.987918 -0.110958 0.108197 0.00487574 2.58762 -1.60137</i>
                        <i>-0.0883901 0.97891 0.18418 -0.126804 0.172342 -0.976841 -0.987982 -0.109698 0.108897 0.00538 2.58796 -1.60138</i>
                        <i>-0.0854623 0.979176 0.184148 -0.127015 0.172609 -0.976767 -0.988212 -0.106866 0.109618 0.00595058 2.58749 -1.6014</i>
                        <i>-0.0808876 0.979593 0.183997 -0.12706 0.172961 -0.976699 -0.988591 -0.102381 0.110477 0.00665072 2.58631 -1.60142</i>
                        <i>-0.0751622 0.980096 0.183746 -0.126958 0.173362 -0.976641 -0.989056 -0.0967345 0.111401 0.00741588 2.5846 -1.60145</i>
                        <i>-0.068783 0.980626 0.183414 -0.126728 0.173772 -0.976598 -0.98955 -0.0904171 0.11232 0.00818156 2.58253 -1.60148</i>
                        <i>-0.0622477 0.981135 0.183026 -0.126389 0.174156 -0.976573 -0.990026 -0.083922 0.113164 0.00888335 2.58027 -1.60151</i>
                        <i>-0.0560545 0.981587 0.182607 -0.125962 0.174481 -0.976571 -0.99045 -0.0777428 0.113862 0.00945695 2.57799 -1.60153</i>
                        <i>-0.0507023 0.981955 0.182189 -0.125466 0.174716 -0.976592 -0.990802 -0.072374 0.114344 0.00983812 2.57587 -1.60155</i>
                        <i>-0.04669 0.982225 0.181805 -0.124923 0.174833 -0.976641 -0.991067 -0.068311 0.114539 0.00996264 2.57407 -1.60155</i>
                        <i>-0.0434404 0.982451 0.181393 -0.12469 0.174813 -0.976674 -0.991244 -0.065045 0.114907 0.00979652 2.57234 -1.60156</i>
                        <i>-0.0404948 0.982665 0.180916 -0.124304 0.174703 -0.976743 -0.991418 -0.0620415 0.115074 0.00938616 2.57035 -1.60159</i>
                        <i>-0.037977 0.982858 0.18041 -0.123808 0.174522 -0.976839 -0.991579 -0.0594336 0.115058 0.00878822 2.56823 -1.60164</i>
                        <i>-0.0360108 0.983023 0.179915 -0.123245 0.174288 -0.976951 -0.991723 -0.0573544 0.114877 0.00805962 2.56608 -1.60173</i>
                        <i>-0.0347198 0.983151 0.179466 -0.122659 0.174024 -0.977072 -0.991841 -0.0559368 0.114551 0.00725736 2.56402 -1.60184</i>
                        <i>-0.0342277 0.983235 0.179101 -0.122094 0.173751 -0.977192 -0.991928 -0.0553142 0.1141 0.00643841 2.56217 -1.60199</i>
                        <i>-0.0346581 0.983264 0.178858 -0.121593 0.173488 -0.977301 -0.991975 -0.0556193 0.113545 0.00565942 2.56065 -1.60218</i>
                        <i>-0.0361348 0.983227 0.178772 -0.1212 0.173256 -0.977391 -0.99197 -0.056985 0.112907 0.00497654 2.55957 -1.60242</i>
                    </KeyFrames>
                </p>
            </i>
            <i>
                <p>
                    <Name>
                        <![CDATA[head_prop]]>
</Name>
                    <Exclude>0</Exclude>
                    <Additive>0</Additive>
                    <IKPriority>0</IKPriority>
                    <IKRotLimits>-1e+010 -1e+010 -1e+010 1e+010 1e+010 1e+010</IKRotLimits>
                    <IKRotLimitOrder>0</IKRotLimitOrder>
                    <KeyFrames count="33">
                        <i>0.99197 0.056985 -0.112907 -0.0361348 0.983227 0.178772 0.1212 -0.173256 0.977391 -0.00680011 2.88001 -1.54415</i>
                        <i>0.991898 0.0597277 -0.112121 -0.0389803 0.983102 0.17886 0.120909 -0.173041 0.977465 -0.00810617 2.88061 -1.54402</i>
                        <i>0.991748 0.0641164 -0.11102 -0.0434934 0.982869 0.1791 0.120601 -0.172793 0.977547 -0.0100134 2.88181 -1.54384</i>
                        <i>0.991518 0.0696656 -0.109721 -0.0491768 0.982537 0.179449 0.120307 -0.172531 0.97763 -0.0123261 2.88346 -1.54363</i>
                        <i>0.991212 0.0758899 -0.108345 -0.0555335 0.982122 0.179867 0.120058 -0.17227 0.977706 -0.0148483 2.88543 -1.54339</i>
                        <i>0.990846 0.0823043 -0.10701 -0.0620663 0.981648 0.180317 0.119887 -0.172025 0.97777 -0.0173837 2.88757 -1.54314</i>
                        <i>0.990444 0.0884244 -0.105835 -0.0682788 0.981153 0.180766 0.119825 -0.171813 0.977815 -0.0197362 2.88973 -1.5429</i>
                        <i>0.990048 0.0937668 -0.104941 -0.0736751 0.980685 0.181186 0.119904 -0.171651 0.977834 -0.0217095 2.89179 -1.54267</i>
                        <i>0.989705 0.0978491 -0.104449 -0.0777596 0.980303 0.181549 0.120156 -0.171558 0.977819 -0.0231074 2.89362 -1.54246</i>
                        <i>0.989388 0.10108 -0.10438 -0.0809271 0.979979 0.18191 0.120678 -0.171532 0.97776 -0.0240437 2.89546 -1.54226</i>
                        <i>0.989049 0.104094 -0.104628 -0.0838191 0.979661 0.182316 0.121478 -0.17155 0.977657 -0.0247527 2.89758 -1.54207</i>
                        <i>0.988713 0.10675 -0.105124 -0.0863106 0.979365 0.182741 0.122462 -0.171605 0.977525 -0.0252198 2.89981 -1.54188</i>
                        <i>0.988406 0.108906 -0.105797 -0.0882768 0.979112 0.183157 0.123534 -0.171694 0.977374 -0.0254305 2.90199 -1.54171</i>
                        <i>0.988154 0.11042 -0.106579 -0.0895928 0.978922 0.183537 0.124598 -0.171814 0.977218 -0.0253705 2.90395 -1.54156</i>
                        <i>0.987983 0.111152 -0.107401 -0.0901337 0.978813 0.183853 0.125561 -0.171963 0.977068 -0.0250258 2.90555 -1.54145</i>
                        <i>0.987918 0.110958 -0.108197 -0.0897745 0.978803 0.184077 0.126328 -0.17214 0.976939 -0.0243826 2.90662 -1.54137</i>
                        <i>0.987982 0.109698 -0.108897 -0.0883901 0.97891 0.18418 0.126804 -0.172342 0.976841 -0.0234271 2.907 -1.54135</i>
                        <i>0.988212 0.106866 -0.109618 -0.0854623 0.979176 0.184148 0.127015 -0.172609 0.976767 -0.0219024 2.90661 -1.54138</i>
                        <i>0.988591 0.102381 -0.110477 -0.0808876 0.979593 0.183997 0.12706 -0.172961 0.976699 -0.0197113 2.90557 -1.54146</i>
                        <i>0.989056 0.0967345 -0.111401 -0.0751622 0.980096 0.183746 0.126958 -0.173362 0.976641 -0.0170802 2.90402 -1.54157</i>
                        <i>0.98955 0.0904171 -0.11232 -0.068783 0.980626 0.183414 0.126728 -0.173772 0.976598 -0.0142354 2.90212 -1.5417</i>
                        <i>0.990026 0.083922 -0.113164 -0.0622477 0.981135 0.183026 0.126389 -0.174156 0.976573 -0.0114037 2.90003 -1.54186</i>
                        <i>0.99045 0.0777428 -0.113862 -0.0560545 0.981587 0.182607 0.125962 -0.174481 0.976571 -0.00881172 2.8979 -1.54202</i>
                        <i>0.990802 0.072374 -0.114344 -0.0507023 0.981955 0.182189 0.125466 -0.174716 0.976592 -0.00668622 2.89589 -1.54217</i>
                        <i>0.991067 0.068311 -0.114539 -0.04669 0.982225 0.181805 0.124923 -0.174833 0.976641 -0.00525405 2.89419 -1.5423</i>
                        <i>0.991244 0.065045 -0.114907 -0.0434404 0.982451 0.181393 0.12469 -0.174813 0.976674 -0.0043611 2.89253 -1.54244</i>
                        <i>0.991418 0.0620415 -0.115074 -0.0404948 0.982665 0.180916 0.124304 -0.174703 0.976743 -0.00381146 2.89061 -1.54263</i>
                        <i>0.991579 0.0594336 -0.115058 -0.037977 0.982858 0.18041 0.123808 -0.174522 0.976839 -0.00358883 2.88855 -1.54285</i>
                        <i>0.991723 0.0573544 -0.114877 -0.0360108 0.983023 0.179915 0.123245 -0.174288 0.976951 -0.00367662 2.88645 -1.54309</i>
                        <i>0.991841 0.0559368 -0.114551 -0.0347198 0.983151 0.179466 0.122659 -0.174024 0.977072 -0.00405812 2.88444 -1.54335</i>
                        <i>0.991928 0.0553142 -0.1141 -0.0342277 0.983235 0.179101 0.122094 -0.173751 0.977192 -0.00471669 2.88262 -1.54362</i>
                        <i>0.991975 0.0556193 -0.113545 -0.0346581 0.983264 0.178858 0.121593 -0.173488 0.977301 -0.00563596 2.8811 -1.54389</i>
                        <i>0.99197 0.056985 -0.112907 -0.0361348 0.983227 0.178772 0.1212 -0.173256 0.977391 -0.00680011 2.88001 -1.54415</i>
                    </KeyFrames>
                </p>
            </i>
            <i>
                <p>
                    <Name>
                        <![CDATA[l_clav]]>
</Name>
                    <Exclude>0</Exclude>
                    <Additive>0</Additive>
                    <IKPriority>0</IKPriority>
                    <IKRotLimits>-1e+010 -1e+010 -1e+010 1e+010 1e+010 1e+010</IKRotLimits>
                    <IKRotLimitOrder>0</IKRotLimitOrder>
                    <KeyFrames count="33">
                        <i>0.941929 0.297521 -0.155727 -0.210956 0.885056 0.414938 0.26128 -0.35799 0.896424 0.0831316 2.37407 -1.68782</i>
                        <i>0.941019 0.300636 -0.155248 -0.214041 0.88428 0.415013 0.262051 -0.357306 0.896472 0.0831731 2.37486 -1.68768</i>
                        <i>0.940019 0.304038 -0.154674 -0.217434 0.883422 0.415076 0.262841 -0.356548 0.896542 0.0832156 2.37631 -1.68752</i>
                        <i>0.938978 0.307549 -0.154057 -0.220948 0.882524 0.415131 0.263633 -0.35576 0.896623 0.0832573 2.37827 -1.68736</i>
                        <i>0.937942 0.310993 -0.153453 -0.224393 0.881628 0.415187 0.264409 -0.354987 0.896701 0.0832966 2.38056 -1.6872</i>
                        <i>0.936963 0.314193 -0.152916 -0.227582 0.88078 0.41525 0.265154 -0.354273 0.896763 0.0833325 2.38302 -1.68705</i>
                        <i>0.936094 0.316974 -0.1525 -0.230328 0.880029 0.415329 0.265853 -0.353661 0.896798 0.083364 2.38548 -1.68692</i>
                        <i>0.935389 0.319163 -0.152259 -0.232445 0.879424 0.415431 0.26649 -0.353198 0.896791 0.0833908 2.38779 -1.6868</i>
                        <i>0.934904 0.320585 -0.152247 -0.233747 0.879015 0.415565 0.267052 -0.352926 0.896731 0.0834123 2.38977 -1.6867</i>
                        <i>0.934651 0.321206 -0.152495 -0.234185 0.878814 0.415744 0.267554 -0.352864 0.896606 0.0834224 2.39169 -1.68663</i>
                        <i>0.934586 0.321174 -0.15296 -0.233917 0.878781 0.415965 0.268016 -0.352975 0.896424 0.0834199 2.39382 -1.68659</i>
                        <i>0.934681 0.320594 -0.153589 -0.233065 0.87889 0.416214 0.268424 -0.353231 0.896201 0.0834122 2.39601 -1.68657</i>
                        <i>0.93491 0.31957 -0.154331 -0.231748 0.879115 0.416474 0.268767 -0.3536 0.895953 0.0834062 2.3981 -1.68658</i>
                        <i>0.935243 0.318204 -0.155133 -0.230088 0.879429 0.41673 0.269034 -0.35405 0.895695 0.0834089 2.39994 -1.68661</i>
                        <i>0.935653 0.3166 -0.155943 -0.228208 0.879806 0.416968 0.269211 -0.35455 0.895444 0.0834268 2.40138 -1.68665</i>
                        <i>0.936111 0.314863 -0.156707 -0.226229 0.880221 0.41717 0.269288 -0.355066 0.895216 0.0834667 2.40227 -1.68671</i>
                        <i>0.936592 0.313096 -0.157375 -0.224273 0.88065 0.417321 0.269254 -0.355565 0.895028 0.083535 2.40245 -1.68677</i>
                        <i>0.937145 0.311093 -0.158051 -0.222096 0.881138 0.417456 0.269133 -0.356114 0.894847 0.0836552 2.40181 -1.68684</i>
                        <i>0.9378 0.308711 -0.158836 -0.219517 0.881712 0.417608 0.268968 -0.356766 0.894636 0.0838304 2.40044 -1.68693</i>
                        <i>0.938499 0.306148 -0.159667 -0.216747 0.882321 0.417768 0.268777 -0.357467 0.894414 0.0840373 2.39853 -1.68702</i>
                        <i>0.939186 0.303603 -0.160484 -0.214001 0.882918 0.417923 0.268577 -0.358164 0.894195 0.0842528 2.39627 -1.68711</i>
                        <i>0.939808 0.301276 -0.161226 -0.211492 0.883457 0.418062 0.268389 -0.3588 0.893997 0.084454 2.39383 -1.6872</i>
                        <i>0.940314 0.299366 -0.161832 -0.209433 0.883893 0.418175 0.26823 -0.359322 0.893835 0.0846184 2.39141 -1.68727</i>
                        <i>0.940655 0.298073 -0.162241 -0.208041 0.884187 0.41825 0.26812 -0.359676 0.893725 0.0847234 2.38919 -1.68732</i>
                        <i>0.940779 0.297597 -0.16239 -0.207529 0.884294 0.418277 0.268079 -0.359806 0.893685 0.0847466 2.38736 -1.68734</i>
                        <i>0.940738 0.297821 -0.162219 -0.207823 0.884255 0.418214 0.267996 -0.359717 0.893746 0.0846795 2.38566 -1.68734</i>
                        <i>0.940648 0.298363 -0.161745 -0.208567 0.884167 0.41803 0.267734 -0.359484 0.893918 0.0845399 2.38377 -1.68734</i>
                        <i>0.940559 0.299031 -0.161024 -0.209557 0.884073 0.417734 0.267272 -0.35916 0.894187 0.0843444 2.38178 -1.68735</i>
                        <i>0.940523 0.299634 -0.160114 -0.210585 0.884016 0.417336 0.266592 -0.358796 0.894536 0.0841102 2.37981 -1.68737</i>
                        <i>0.940589 0.299979 -0.159073 -0.211447 0.884042 0.416846 0.265672 -0.358446 0.89495 0.0838545 2.37795 -1.68743</i>
                        <i>0.940812 0.299871 -0.157956 -0.211934 0.884194 0.416276 0.264493 -0.358161 0.895413 0.0835949 2.3763 -1.68751</i>
                        <i>0.941242 0.299117 -0.156822 -0.21184 0.884517 0.415636 0.263036 -0.357993 0.895909 0.0833482 2.37497 -1.68764</i>
                        <i>0.941929 0.297521 -0.155727 -0.210956 0.885056 0.414938 0.26128 -0.35799 0.896424 0.0831316 2.37407 -1.68782</i>
                    </KeyFrames>
                </p>
            </i>
            <i>
                <p>
                    <Name>
                        <![CDATA[l_shoulder]]>
</Name>
                    <Exclude>0</Exclude>
                    <Additive>0</Additive>
                    <IKPriority>0</IKPriority>
                    <IKRotLimits>-1e+010 -1e+010 -1e+010 1e+010 1e+010 1e+010</IKRotLimits>
                    <IKRotLimitOrder>0</IKRotLimitOrder>
                    <KeyFrames count="33">
                        <i>0.208084 0.0663892 0.975855 0.328733 0.934911 -0.1337 -0.921214 0.348617 0.172716 0.271649 2.43362 -1.71899</i>
                        <i>0.211257 0.0636 0.975359 0.326815 0.935852 -0.13181 -0.921175 0.346607 0.17692 0.271544 2.43504 -1.71875</i>
                        <i>0.215172 0.0595119 0.974761 0.324566 0.937045 -0.128855 -0.921063 0.344101 0.18231 0.271449 2.43719 -1.71849</i>
                        <i>0.219475 0.0545316 0.974093 0.322148 0.938385 -0.125117 -0.920897 0.341262 0.188385 0.271362 2.43988 -1.71822</i>
                        <i>0.223843 0.0490484 0.97339 0.319724 0.939769 -0.120879 -0.92069 0.338274 0.194679 0.271281 2.44289 -1.71796</i>
                        <i>0.227993 0.0434289 0.972694 0.317461 0.941097 -0.116429 -0.920455 0.335337 0.200777 0.271208 2.44602 -1.71772</i>
                        <i>0.231682 0.0380184 0.972048 0.315532 0.942275 -0.112059 -0.920197 0.332674 0.206312 0.271144 2.44907 -1.71751</i>
                        <i>0.234699 0.0331446 0.971503 0.314114 0.943215 -0.108064 -0.919918 0.330525 0.21096 0.27109 2.45183 -1.71735</i>
                        <i>0.236857 0.0291252 0.971108 0.313387 0.943831 -0.104743 -0.919613 0.329141 0.214426 0.271049 2.45411 -1.71725</i>
                        <i>0.238242 0.0254947 0.970871 0.313417 0.944154 -0.101703 -0.919245 0.328517 0.216947 0.271036 2.45616 -1.71724</i>
                        <i>0.239071 0.0217321 0.970759 0.314071 0.944277 -0.0984863 -0.918806 0.328432 0.218924 0.271064 2.4583 -1.7173</i>
                        <i>0.239373 0.0180677 0.97076 0.315228 0.944218 -0.0953038 -0.918331 0.328824 0.220325 0.271129 2.46039 -1.71742</i>
                        <i>0.239187 0.0147309 0.970862 0.316769 0.943995 -0.092364 -0.917849 0.329631 0.221125 0.271225 2.4623 -1.71759</i>
                        <i>0.238557 0.0119498 0.971055 0.31857 0.943629 -0.0898748 -0.91739 0.330789 0.221303 0.271349 2.46388 -1.71779</i>
                        <i>0.237537 0.00995043 0.971327 0.320509 0.943145 -0.0880418 -0.916979 0.332233 0.220843 0.271495 2.46502 -1.718</i>
