<?xml version="1.0" encoding="ISO-8859-1" ?>
<Animl Version="1">
    <ModellingPackage>
        <![CDATA[Maya.2010]]>
</ModellingPackage>
    <SrcFile>
        <![CDATA[anims\turrets\machinegun\blue\~src\mgun_m2browning\mgun_m2browning_idle_crewman_b.mb]]>
</SrcFile>
    <FramesPerSecond>30</FramesPerSecond>
    <TotalFrames>97</TotalFrames>
    <Skeleton>
        <RefFrame>
            <Name>
                <![CDATA[soldier_ref_frame]]>
</Name>
            <Exclude>0</Exclude>
            <Additive>0</Additive>
            <IKPriority>0</IKPriority>
            <IKRotLimits>-1e+010 -1e+010 -1e+010 1e+010 1e+010 1e+010</IKRotLimits>
            <IKRotLimitOrder>0</IKRotLimitOrder>
            <KeyFrames count="97">
                <i>1 0 0 0 1 0 0 0 1 1.36 0.92 -0.71</i>
                <i>1 0 0 0 1 0 0 0 1 1.36 0.92 -0.71</i>
                <i>1 0 0 0 1 0 0 0 1 1.36 0.92 -0.71</i>
                <i>1 0 0 0 1 0 0 0 1 1.36 0.92 -0.71</i>
                <i>1 0 0 0 1 0 0 0 1 1.36 0.92 -0.71</i>
                <i>1 0 0 0 1 0 0 0 1 1.36 0.92 -0.71</i>
                <i>1 0 0 0 1 0 0 0 1 1.36 0.92 -0.71</i>
                <i>1 0 0 0 1 0 0 0 1 1.36 0.92 -0.71</i>
                <i>1 0 0 0 1 0 0 0 1 1.36 0.92 -0.71</i>
                <i>1 0 0 0 1 0 0 0 1 1.36 0.92 -0.71</i>
                <i>1 0 0 0 1 0 0 0 1 1.36 0.92 -0.71</i>
                <i>1 0 0 0 1 0 0 0 1 1.36 0.92 -0.71</i>
                <i>1 0 0 0 1 0 0 0 1 1.36 0.92 -0.71</i>
                <i>1 0 0 0 1 0 0 0 1 1.36 0.92 -0.71</i>
                <i>1 0 0 0 1 0 0 0 1 1.36 0.92 -0.71</i>
                <i>1 0 0 0 1 0 0 0 1 1.36 0.92 -0.71</i>
                <i>1 0 0 0 1 0 0 0 1 1.36 0.92 -0.71</i>
                <i>1 0 0 0 1 0 0 0 1 1.36 0.92 -0.71</i>
                <i>1 0 0 0 1 0 0 0 1 1.36 0.92 -0.71</i>
                <i>1 0 0 0 1 0 0 0 1 1.36 0.92 -0.71</i>
                <i>1 0 0 0 1 0 0 0 1 1.36 0.92 -0.71</i>
                <i>1 0 0 0 1 0 0 0 1 1.36 0.92 -0.71</i>
                <i>1 0 0 0 1 0 0 0 1 1.36 0.92 -0.71</i>
                <i>1 0 0 0 1 0 0 0 1 1.36 0.92 -0.71</i>
                <i>1 0 0 0 1 0 0 0 1 1.36 0.92 -0.71</i>
                <i>1 0 0 0 1 0 0 0 1 1.36 0.92 -0.71</i>
                <i>1 0 0 0 1 0 0 0 1 1.36 0.92 -0.71</i>
                <i>1 0 0 0 1 0 0 0 1 1.36 0.92 -0.71</i>
                <i>1 0 0 0 1 0 0 0 1 1.36 0.92 -0.71</i>
                <i>1 0 0 0 1 0 0 0 1 1.36 0.92 -0.71</i>
                <i>1 0 0 0 1 0 0 0 1 1.36 0.92 -0.71</i>
                <i>1 0 0 0 1 0 0 0 1 1.36 0.92 -0.71</i>
                <i>1 0 0 0 1 0 0 0 1 1.36 0.92 -0.71</i>
                <i>1 0 0 0 1 0 0 0 1 1.36 0.92 -0.71</i>
                <i>1 0 0 0 1 0 0 0 1 1.36 0.92 -0.71</i>
                <i>1 0 0 0 1 0 0 0 1 1.36 0.92 -0.71</i>
                <i>1 0 0 0 1 0 0 0 1 1.36 0.92 -0.71</i>
                <i>1 0 0 0 1 0 0 0 1 1.36 0.92 -0.71</i>
                <i>1 0 0 0 1 0 0 0 1 1.36 0.92 -0.71</i>
                <i>1 0 0 0 1 0 0 0 1 1.36 0.92 -0.71</i>
                <i>1 0 0 0 1 0 0 0 1 1.36 0.92 -0.71</i>
                <i>1 0 0 0 1 0 0 0 1 1.36 0.92 -0.71</i>
                <i>1 0 0 0 1 0 0 0 1 1.36 0.92 -0.71</i>
                <i>1 0 0 0 1 0 0 0 1 1.36 0.92 -0.71</i>
                <i>1 0 0 0 1 0 0 0 1 1.36 0.92 -0.71</i>
                <i>1 0 0 0 1 0 0 0 1 1.36 0.92 -0.71</i>
                <i>1 0 0 0 1 0 0 0 1 1.36 0.92 -0.71</i>
                <i>1 0 0 0 1 0 0 0 1 1.36 0.92 -0.71</i>
                <i>1 0 0 0 1 0 0 0 1 1.36 0.92 -0.71</i>
                <i>1 0 0 0 1 0 0 0 1 1.36 0.92 -0.71</i>
                <i>1 0 0 0 1 0 0 0 1 1.36 0.92 -0.71</i>
                <i>1 0 0 0 1 0 0 0 1 1.36 0.92 -0.71</i>
                <i>1 0 0 0 1 0 0 0 1 1.36 0.92 -0.71</i>
                <i>1 0 0 0 1 0 0 0 1 1.36 0.92 -0.71</i>
                <i>1 0 0 0 1 0 0 0 1 1.36 0.92 -0.71</i>
                <i>1 0 0 0 1 0 0 0 1 1.36 0.92 -0.71</i>
                <i>1 0 0 0 1 0 0 0 1 1.36 0.92 -0.71</i>
                <i>1 0 0 0 1 0 0 0 1 1.36 0.92 -0.71</i>
                <i>1 0 0 0 1 0 0 0 1 1.36 0.92 -0.71</i>
                <i>1 0 0 0 1 0 0 0 1 1.36 0.92 -0.71</i>
                <i>1 0 0 0 1 0 0 0 1 1.36 0.92 -0.71</i>
                <i>1 0 0 0 1 0 0 0 1 1.36 0.92 -0.71</i>
                <i>1 0 0 0 1 0 0 0 1 1.36 0.92 -0.71</i>
                <i>1 0 0 0 1 0 0 0 1 1.36 0.92 -0.71</i>
                <i>1 0 0 0 1 0 0 0 1 1.36 0.92 -0.71</i>
                <i>1 0 0 0 1 0 0 0 1 1.36 0.92 -0.71</i>
                <i>1 0 0 0 1 0 0 0 1 1.36 0.92 -0.71</i>
                <i>1 0 0 0 1 0 0 0 1 1.36 0.92 -0.71</i>
                <i>1 0 0 0 1 0 0 0 1 1.36 0.92 -0.71</i>
                <i>1 0 0 0 1 0 0 0 1 1.36 0.92 -0.71</i>
                <i>1 0 0 0 1 0 0 0 1 1.36 0.92 -0.71</i>
                <i>1 0 0 0 1 0 0 0 1 1.36 0.92 -0.71</i>
                <i>1 0 0 0 1 0 0 0 1 1.36 0.92 -0.71</i>
                <i>1 0 0 0 1 0 0 0 1 1.36 0.92 -0.71</i>
                <i>1 0 0 0 1 0 0 0 1 1.36 0.92 -0.71</i>
                <i>1 0 0 0 1 0 0 0 1 1.36 0.92 -0.71</i>
                <i>1 0 0 0 1 0 0 0 1 1.36 0.92 -0.71</i>
                <i>1 0 0 0 1 0 0 0 1 1.36 0.92 -0.71</i>
                <i>1 0 0 0 1 0 0 0 1 1.36 0.92 -0.71</i>
                <i>1 0 0 0 1 0 0 0 1 1.36 0.92 -0.71</i>
                <i>1 0 0 0 1 0 0 0 1 1.36 0.92 -0.71</i>
                <i>1 0 0 0 1 0 0 0 1 1.36 0.92 -0.71</i>
                <i>1 0 0 0 1 0 0 0 1 1.36 0.92 -0.71</i>
                <i>1 0 0 0 1 0 0 0 1 1.36 0.92 -0.71</i>
                <i>1 0 0 0 1 0 0 0 1 1.36 0.92 -0.71</i>
                <i>1 0 0 0 1 0 0 0 1 1.36 0.92 -0.71</i>
                <i>1 0 0 0 1 0 0 0 1 1.36 0.92 -0.71</i>
                <i>1 0 0 0 1 0 0 0 1 1.36 0.92 -0.71</i>
                <i>1 0 0 0 1 0 0 0 1 1.36 0.92 -0.71</i>
                <i>1 0 0 0 1 0 0 0 1 1.36 0.92 -0.71</i>
                <i>1 0 0 0 1 0 0 0 1 1.36 0.92 -0.71</i>
                <i>1 0 0 0 1 0 0 0 1 1.36 0.92 -0.71</i>
                <i>1 0 0 0 1 0 0 0 1 1.36 0.92 -0.71</i>
                <i>1 0 0 0 1 0 0 0 1 1.36 0.92 -0.71</i>
                <i>1 0 0 0 1 0 0 0 1 1.36 0.92 -0.71</i>
                <i>1 0 0 0 1 0 0 0 1 1.36 0.92 -0.71</i>
                <i>1 0 0 0 1 0 0 0 1 1.36 0.92 -0.71</i>
            </KeyFrames>
        </RefFrame>
        <Bones count="23">
            <i>
                <p>
                    <Name>
                        <![CDATA[pelvis]]>
</Name>
                    <Exclude>0</Exclude>
                    <Additive>0</Additive>
                    <IKPriority>0</IKPriority>
                    <IKRotLimits>-1e+010 -1e+010 -1e+010 1e+010 1e+010 1e+010</IKRotLimits>
                    <IKRotLimitOrder>2</IKRotLimitOrder>
                    <KeyFrames count="97">
                        <i>1 0 0 0 1 0 0 0 1 1.35589 1.51888 -0.710634</i>
                        <i>1 0 0 0 1 0 0 0 1 1.35589 1.51914 -0.710634</i>
                        <i>1 0 0 0 1 0 0 0 1 1.35589 1.51941 -0.710634</i>
                        <i>1 0 0 0 1 0 0 0 1 1.35589 1.51971 -0.710634</i>
                        <i>1 0 0 0 1 0 0 0 1 1.35589 1.52001 -0.710634</i>
                        <i>1 0 0 0 1 0 0 0 1 1.35589 1.52033 -0.710634</i>
                        <i>1 0 0 0 1 0 0 0 1 1.35589 1.52065 -0.710634</i>
                        <i>1 0 0 0 1 0 0 0 1 1.35589 1.52098 -0.710634</i>
                        <i>1 0 0 0 1 0 0 0 1 1.35589 1.52131 -0.710634</i>
                        <i>1 0 0 0 1 0 0 0 1 1.35589 1.52164 -0.710634</i>
                        <i>1 0 0 0 1 0 0 0 1 1.35589 1.52197 -0.710634</i>
                        <i>1 0 0 0 1 0 0 0 1 1.35589 1.52229 -0.710634</i>
                        <i>1 0 0 0 1 0 0 0 1 1.35589 1.52261 -0.710634</i>
                        <i>1 0 0 0 1 0 0 0 1 1.35589 1.52291 -0.710634</i>
                        <i>1 0 0 0 1 0 0 0 1 1.35589 1.5232 -0.710634</i>
                        <i>1 0 0 0 1 0 0 0 1 1.35589 1.52348 -0.710634</i>
                        <i>1 0 0 0 1 0 0 0 1 1.35589 1.52374 -0.710634</i>
                        <i>1 0 0 0 1 0 0 0 1 1.35589 1.52398 -0.710634</i>
                        <i>1 0 0 0 1 0 0 0 1 1.35589 1.52419 -0.710634</i>
                        <i>1 0 0 0 1 0 0 0 1 1.35589 1.52438 -0.710634</i>
                        <i>1 0 0 0 1 0 0 0 1 1.35589 1.52454 -0.710634</i>
                        <i>1 0 0 0 1 0 0 0 1 1.35589 1.52467 -0.710634</i>
                        <i>1 0 0 0 1 0 0 0 1 1.35589 1.52477 -0.710634</i>
                        <i>1 0 0 0 1 0 0 0 1 1.35589 1.52482 -0.710634</i>
                        <i>1 0 0 0 1 0 0 0 1 1.35589 1.52484 -0.710634</i>
                        <i>1 0 0 0 1 0 0 0 1 1.35589 1.52484 -0.710634</i>
                        <i>1 0 0 0 1 0 0 0 1 1.35589 1.52481 -0.710634</i>
                        <i>1 0 0 0 1 0 0 0 1 1.35589 1.52478 -0.710634</i>
                        <i>1 0 0 0 1 0 0 0 1 1.35589 1.52473 -0.710634</i>
                        <i>1 0 0 0 1 0 0 0 1 1.35589 1.52466 -0.710634</i>
                        <i>1 0 0 0 1 0 0 0 1 1.35589 1.52459 -0.710634</i>
                        <i>1 0 0 0 1 0 0 0 1 1.35589 1.5245 -0.710634</i>
                        <i>1 0 0 0 1 0 0 0 1 1.35589 1.5244 -0.710634</i>
                        <i>1 0 0 0 1 0 0 0 1 1.35589 1.52429 -0.710634</i>
                        <i>1 0 0 0 1 0 0 0 1 1.35589 1.52418 -0.710634</i>
                        <i>1 0 0 0 1 0 0 0 1 1.35589 1.52405 -0.710634</i>
                        <i>1 0 0 0 1 0 0 0 1 1.35589 1.52391 -0.710634</i>
                        <i>1 0 0 0 1 0 0 0 1 1.35589 1.52377 -0.710634</i>
                        <i>1 0 0 0 1 0 0 0 1 1.35589 1.52362 -0.710634</i>
                        <i>1 0 0 0 1 0 0 0 1 1.35589 1.52346 -0.710634</i>
                        <i>1 0 0 0 1 0 0 0 1 1.35589 1.5233 -0.710634</i>
                        <i>1 0 0 0 1 0 0 0 1 1.35589 1.52313 -0.710634</i>
                        <i>1 0 0 0 1 0 0 0 1 1.35589 1.52296 -0.710634</i>
                        <i>1 0 0 0 1 0 0 0 1 1.35589 1.52278 -0.710634</i>
                        <i>1 0 0 0 1 0 0 0 1 1.35589 1.5226 -0.710634</i>
                        <i>1 0 0 0 1 0 0 0 1 1.35589 1.52242 -0.710634</i>
                        <i>1 0 0 0 1 0 0 0 1 1.35589 1.52223 -0.710634</i>
                        <i>1 0 0 0 1 0 0 0 1 1.35589 1.52205 -0.710634</i>
                        <i>1 0 0 0 1 0 0 0 1 1.35589 1.52186 -0.710634</i>
                        <i>1 0 0 0 1 0 0 0 1 1.35589 1.52168 -0.710634</i>
                        <i>1 0 0 0 1 0 0 0 1 1.35589 1.52149 -0.710634</i>
                        <i>1 0 0 0 1 0 0 0 1 1.35589 1.52131 -0.710634</i>
                        <i>1 0 0 0 1 0 0 0 1 1.35589 1.52112 -0.710634</i>
                        <i>1 0 0 0 1 0 0 0 1 1.35589 1.52094 -0.710634</i>
                        <i>1 0 0 0 1 0 0 0 1 1.35589 1.52077 -0.710634</i>
                        <i>1 0 0 0 1 0 0 0 1 1.35589 1.52059 -0.710634</i>
                        <i>1 0 0 0 1 0 0 0 1 1.35589 1.52043 -0.710634</i>
                        <i>1 0 0 0 1 0 0 0 1 1.35589 1.52026 -0.710634</i>
                        <i>1 0 0 0 1 0 0 0 1 1.35589 1.52011 -0.710634</i>
                        <i>1 0 0 0 1 0 0 0 1 1.35589 1.51995 -0.710634</i>
                        <i>1 0 0 0 1 0 0 0 1 1.35589 1.51981 -0.710634</i>
                        <i>1 0 0 0 1 0 0 0 1 1.35589 1.51968 -0.710634</i>
                        <i>1 0 0 0 1 0 0 0 1 1.35589 1.51955 -0.710634</i>
                        <i>1 0 0 0 1 0 0 0 1 1.35589 1.51943 -0.710634</i>
                        <i>1 0 0 0 1 0 0 0 1 1.35589 1.51932 -0.710634</i>
                        <i>1 0 0 0 1 0 0 0 1 1.35589 1.51922 -0.710634</i>
                        <i>1 0 0 0 1 0 0 0 1 1.35589 1.51914 -0.710634</i>
                        <i>1 0 0 0 1 0 0 0 1 1.35589 1.51906 -0.710634</i>
                        <i>1 0 0 0 1 0 0 0 1 1.35589 1.519 -0.710634</i>
                        <i>1 0 0 0 1 0 0 0 1 1.35589 1.51895 -0.710634</i>
                        <i>1 0 0 0 1 0 0 0 1 1.35589 1.51891 -0.710634</i>
                        <i>1 0 0 0 1 0 0 0 1 1.35589 1.51889 -0.710634</i>
                        <i>1 0 0 0 1 0 0 0 1 1.35589 1.51888 -0.710634</i>
                        <i>1 0 0 0 1 0 0 0 1 1.35589 1.51888 -0.710634</i>
                        <i>1 0 0 0 1 0 0 0 1 1.35589 1.51888 -0.710634</i>
                        <i>1 0 0 0 1 0 0 0 1 1.35589 1.51888 -0.710634</i>
                        <i>1 0 0 0 1 0 0 0 1 1.35589 1.51888 -0.710634</i>
                        <i>1 0 0 0 1 0 0 0 1 1.35589 1.51888 -0.710634</i>
                        <i>1 0 0 0 1 0 0 0 1 1.35589 1.51888 -0.710634</i>
                        <i>1 0 0 0 1 0 0 0 1 1.35589 1.51888 -0.710634</i>
                        <i>1 0 0 0 1 0 0 0 1 1.35589 1.51888 -0.710634</i>
                        <i>1 0 0 0 1 0 0 0 1 1.35589 1.51888 -0.710634</i>
                        <i>1 0 0 0 1 0 0 0 1 1.35589 1.51888 -0.710634</i>
                        <i>1 0 0 0 1 0 0 0 1 1.35589 1.51888 -0.710634</i>
                        <i>1 0 0 0 1 0 0 0 1 1.35589 1.51888 -0.710634</i>
                        <i>1 0 0 0 1 0 0 0 1 1.35589 1.51888 -0.710634</i>
                        <i>1 0 0 0 1 0 0 0 1 1.35589 1.51888 -0.710634</i>
                        <i>1 0 0 0 1 0 0 0 1 1.35589 1.51888 -0.710634</i>
                        <i>1 0 0 0 1 0 0 0 1 1.35589 1.51888 -0.710634</i>
                        <i>1 0 0 0 1 0 0 0 1 1.35589 1.51888 -0.710634</i>
                        <i>1 0 0 0 1 0 0 0 1 1.35589 1.51888 -0.710634</i>
                        <i>1 0 0 0 1 0 0 0 1 1.35589 1.51888 -0.710634</i>
                        <i>1 0 0 0 1 0 0 0 1 1.35589 1.51888 -0.710634</i>
                        <i>1 0 0 0 1 0 0 0 1 1.35589 1.51888 -0.710634</i>
                        <i>1 0 0 0 1 0 0 0 1 1.35589 1.51888 -0.710634</i>
                        <i>1 0 0 0 1 0 0 0 1 1.35589 1.51888 -0.710634</i>
                        <i>1 0 0 0 1 0 0 0 1 1.35589 1.51888 -0.710634</i>
                    </KeyFrames>
                </p>
            </i>
            <i>
                <p>
                    <Name>
                        <![CDATA[spine0]]>
</Name>
                    <Exclude>0</Exclude>
                    <Additive>0</Additive>
                    <IKPriority>0</IKPriority>
                    <IKRotLimits>-1e+010 -1e+010 -1e+010 1e+010 1e+010 1e+010</IKRotLimits>
                    <IKRotLimitOrder>0</IKRotLimitOrder>
                    <KeyFrames count="97">
                        <i>-0.0999505 0.949644 0.296961 -0.897341 0.0429106 -0.439247 -0.429872 -0.310378 0.847865 1.37806 1.65962 -0.73055</i>
                        <i>-0.0999301 0.949843 0.29633 -0.896282 0.043398 -0.441355 -0.432078 -0.3097 0.846991 1.37814 1.65987 -0.730505</i>
                        <i>-0.0994868 0.950149 0.295499 -0.895104 0.044255 -0.443656 -0.434616 -0.30864 0.846079 1.37828 1.66013 -0.730485</i>
                        <i>-0.0986547 0.950549 0.294489 -0.893818 0.0454458 -0.446121 -0.437444 -0.307231 0.845134 1.37849 1.66039 -0.730487</i>
                        <i>-0.0974678 0.951032 0.293321 -0.892437 0.0469351 -0.448725 -0.440519 -0.305507 0.844161 1.37876 1.66065 -0.730509</i>
                        <i>-0.0959601 0.951587 0.292018 -0.890973 0.0486872 -0.451439 -0.4438 -0.3035 0.843166 1.37908 1.6609 -0.730549</i>
                        <i>-0.0941661 0.9522 0.290599 -0.88944 0.0506671 -0.454235 -0.447246 -0.301244 0.842154 1.37945 1.66116 -0.730605</i>
                        <i>-0.0921203 0.95286 0.289087 -0.887851 0.0528394 -0.457087 -0.450815 -0.298773 0.841131 1.37985 1.66141 -0.730674</i>
                        <i>-0.0898583 0.953556 0.287502 -0.886221 0.0551692 -0.459966 -0.454465 -0.296122 0.840103 1.38029 1.66165 -0.730754</i>
                        <i>-0.0874157 0.954274 0.285865 -0.884563 0.0576218 -0.462847 -0.458155 -0.293326 0.839079 1.38075 1.66189 -0.730843</i>
                        <i>-0.0848294 0.955006 0.284196 -0.882894 0.0601623 -0.465702 -0.461846 -0.290421 0.838066 1.38123 1.66212 -0.73094</i>
                        <i>-0.0821367 0.955739 0.282517 -0.88123 0.0627565 -0.468504 -0.465497 -0.287443 0.837071 1.38172 1.66234 -0.731042</i>
                        <i>-0.0793756 0.956465 0.280846 -0.879586 0.0653701 -0.471227 -0.469071 -0.284432 0.836105 1.38222 1.66254 -0.731147</i>
                        <i>-0.0765852 0.957173 0.279203 -0.877982 0.0679692 -0.473844 -0.472528 -0.281424 0.835175 1.38272 1.66274 -0.731254</i>
                        <i>-0.0738049 0.957855 0.277608 -0.876434 0.07052 -0.47633 -0.475832 -0.278461 0.834292 1.38321 1.66292 -0.731361</i>
                        <i>-0.0710751 0.958503 0.276081 -0.874962 0.072989 -0.478658 -0.478946 -0.275581 0.833466 1.38369 1.66309 -0.731467</i>
                        <i>-0.0684367 0.959109 0.274639 -0.873586 0.0753431 -0.480803 -0.481835 -0.272826 0.832707 1.38414 1.66324 -0.731569</i>
                        <i>-0.0659309 0.959666 0.273304 -0.872324 0.0775491 -0.482739 -0.484463 -0.270237 0.832026 1.38457 1.66337 -0.731666</i>
                        <i>-0.0635995 0.960167 0.272092 -0.871197 0.0795743 -0.484441 -0.486796 -0.267856 0.831434 1.38496 1.66349 -0.731758</i>
                        <i>-0.0614844 0.960607 0.271023 -0.870227 0.081386 -0.485883 -0.4888 -0.265726 0.830942 1.38531 1.6636 -0.731841</i>
                        <i>-0.0596276 0.96098 0.270116 -0.869432 0.0829519 -0.487039 -0.490441 -0.263889 0.83056 1.3856 1.66368 -0.731916</i>
                        <i>-0.0580708 0.961278 0.269391 -0.868834 0.0842395 -0.487884 -0.491686 -0.262388 0.8303 1.38585 1.66375 -0.73198</i>
                        <i>-0.0568556 0.961498 0.268866 -0.868453 0.0852168 -0.488393 -0.492501 -0.261265 0.830171 1.38602 1.6638 -0.732032</i>
                        <i>-0.0560227 0.961632 0.268561 -0.868308 0.0858515 -0.488539 -0.492851 -0.260563 0.830183 1.38613 1.66383 -0.73207</i>
                        <i>-0.0556122 0.961674 0.268496 -0.868419 0.0861116 -0.488297 -0.492703 -0.260323 0.830347 1.38616 1.66384 -0.732094</i>
                        <i>-0.0555 0.961645 0.268623 -0.868714 0.0861156 -0.48777 -0.492194 -0.260428 0.830616 1.38614 1.66383 -0.732108</i>
                        <i>-0.0555263 0.961574 0.268872 -0.869109 0.08601 -0.487085 -0.491494 -0.260725 0.830937 1.38611 1.66382 -0.732122</i>
                        <i>-0.0556762 0.961465 0.269232 -0.869597 0.0858042 -0.486249 -0.490612 -0.261196 0.83131 1.38606 1.66379 -0.732135</i>
                        <i>-0.0559354 0.96132 0.269694 -0.870175 0.0855074 -0.485267 -0.489558 -0.261824 0.831734 1.386 1.66375 -0.732148</i>
                        <i>-0.0562894 0.961144 0.270248 -0.870835 0.0851289 -0.484147 -0.488341 -0.262594 0.832206 1.38592 1.6637 -0.732159</i>
                        <i>-0.0567238 0.960939 0.270885 -0.871575 0.0846777 -0.482895 -0.486971 -0.263488 0.832727 1.38584 1.66364 -0.73217</i>
                        <i>-0.057224 0.960709 0.271595 -0.872387 0.0841629 -0.481517 -0.485456 -0.26449 0.833293 1.38574 1.66357 -0.73218</i>
                        <i>-0.0577757 0.960457 0.272367 -0.873266 0.0835934 -0.480019 -0.483806 -0.265583 0.833905 1.38563 1.6635 -0.732188</i>
                        <i>-0.0583645 0.960187 0.273192 -0.874209 0.0829782 -0.478408 -0.48203 -0.266749 0.834561 1.3855 1.66341 -0.732196</i>
                        <i>-0.0589757 0.959903 0.274059 -0.875208 0.082326 -0.47669 -0.480139 -0.267971 0.835259 1.38537 1.66332 -0.732203</i>
                        <i>-0.059595 0.959608 0.274955 -0.876259 0.0816456 -0.474872 -0.47814 -0.269232 0.836 1.38524 1.66322 -0.732209</i>
                        <i>-0.0602077 0.959308 0.275869 -0.877357 0.0809455 -0.472961 -0.476045 -0.270512 0.836782 1.38509 1.66312 -0.732214</i>
                        <i>-0.0607994 0.959005 0.276789 -0.878497 0.0802342 -0.470962 -0.473863 -0.271793 0.837605 1.38493 1.66301 -0.732217</i>
                        <i>-0.0613557 0.958706 0.277702 -0.879674 0.0795201 -0.468882 -0.471603 -0.273056 0.83847 1.38477 1.66289 -0.73222</i>
                        <i>-0.0618624 0.958415 0.278593 -0.880882 0.0788113 -0.466729 -0.469276 -0.274281 0.839375 1.3846 1.66277 -0.732221</i>
                        <i>-0.0623053 0.958137 0.279449 -0.882117 0.0781159 -0.464507 -0.466891 -0.275448 0.840322 1.38443 1.66264 -0.732222</i>
                        <i>-0.0627515 0.957857 0.280308 -0.883375 0.0773957 -0.462232 -0.464446 -0.276623 0.84129 1.38425 1.66251 -0.732221</i>
                        <i>-0.0632703 0.957557 0.281214 -0.884652 0.076614 -0.459914 -0.461939 -0.277876 0.842257 1.38407 1.66237 -0.732219</i>
                        <i>-0.0638503 0.957239 0.282165 -0.885943 0.0757807 -0.457562 -0.459379 -0.279197 0.84322 1.38389 1.66223 -0.732216</i>
                        <i>-0.0644806 0.956904 0.283157 -0.887242 0.0749059 -0.455181 -0.456775 -0.280579 0.844176 1.3837 1.66209 -0.732212</i>
                        <i>-0.0651501 0.956553 0.284186 -0.888547 0.0739995 -0.452778 -0.454136 -0.282011 0.845121 1.38351 1.66195 -0.732207</i>
                        <i>-0.0658478 0.956189 0.285249 -0.889852 0.0730713 -0.450361 -0.451473 -0.283484 0.846055 1.38332 1.6618 -0.732201</i>
                        <i>-0.0665629 0.955813 0.28634 -0.891152 0.0721312 -0.447934 -0.448796 -0.284988 0.846974 1.38313 1.66165 -0.732194</i>
                        <i>-0.0672843 0.955428 0.287456 -0.892444 0.0711888 -0.445506 -0.446113 -0.286514 0.847876 1.38293 1.66151 -0.732186</i>
                        <i>-0.0680015 0.955035 0.28859 -0.893723 0.0702539 -0.443083 -0.443435 -0.28805 0.84876 1.38274 1.66136 -0.732177</i>
                        <i>-0.0687035 0.954637 0.289738 -0.894986 0.0693361 -0.440672 -0.440771 -0.289587 0.849623 1.38255 1.66121 -0.732167</i>
                        <i>-0.0693797 0.954237 0.290893 -0.896229 0.068445 -0.43828 -0.438133 -0.291115 0.850466 1.38236 1.66106 -0.732157</i>
                        <i>-0.0700195 0.953836 0.292051 -0.897447 0.0675902 -0.435913 -0.43553 -0.292622 0.851285 1.38218 1.66092 -0.732145</i>
                        <i>-0.0706123 0.953439 0.293203 -0.898637 0.0667813 -0.433579 -0.432972 -0.294099 0.85208 1.382 1.66077 -0.732134</i>
                        <i>-0.0711478 0.953048 0.294344 -0.899796 0.0660277 -0.431285 -0.43047 -0.295535 0.852851 1.38182 1.66063 -0.732121</i>
                        <i>-0.0716155 0.952665 0.295467 -0.900921 0.065339 -0.429037 -0.428034 -0.296918 0.853596 1.38164 1.66049 -0.732109</i>
                        <i>-0.0720052 0.952294 0.296565 -0.902007 0.0647248 -0.426842 -0.425674 -0.298238 0.854316 1.38148 1.66036 -0.732096</i>
                        <i>-0.0723066 0.951939 0.29763 -0.903052 0.0641945 -0.424708 -0.423402 -0.299485 0.855009 1.38131 1.66023 -0.732083</i>
                        <i>-0.0725097 0.951602 0.298657 -0.904052 0.0637577 -0.422641 -0.421228 -0.300647 0.855675 1.38115 1.6601 -0.732069</i>
                        <i>-0.0727792 0.951266 0.299659 -0.905004 0.0632758 -0.42067 -0.41913 -0.301809 0.856295 1.381 1.65998 -0.732056</i>
                        <i>-0.0732451 0.950917 0.300653 -0.905906 0.0626407 -0.418819 -0.417095 -0.30304 0.856854 1.38086 1.65986 -0.732043</i>
                        <i>-0.0738438 0.950561 0.301629 -0.906755 0.0619089 -0.417089 -0.415142 -0.304303 0.857354 1.38073 1.65975 -0.732031</i>
                        <i>-0.0745075 0.950209 0.302575 -0.907545 0.0611391 -0.41548 -0.413292 -0.305557 0.857802 1.3806 1.65965 -0.732018</i>
                        <i>-0.0751643 0.94987 0.303475 -0.908275 0.0603933 -0.413991 -0.411565 -0.306756 0.858204 1.38048 1.65955 -0.732007</i>
                        <i>-0.0757382 0.949558 0.304308 -0.908942 0.0597356 -0.412621 -0.409986 -0.30785 0.858569 1.38038 1.65946 -0.731996</i>
                        <i>-0.0763011 0.9493 0.304972 -0.909542 0.0590594 -0.411395 -0.408549 -0.308775 0.858921 1.38028 1.65938 -0.731986</i>
                        <i>-0.0769499 0.949109 0.305403 -0.910071 0.0582531 -0.410338 -0.407246 -0.309514 0.859274 1.38019 1.65931 -0.731977</i>
                        <i>-0.0776436 0.948976 0.305642 -0.910527 0.0573754 -0.409448 -0.406093 -0.310086 0.859613 1.38012 1.65925 -0.731969</i>
                        <i>-0.0783422 0.948889 0.305732 -0.910907 0.0564856 -0.408727 -0.405106 -0.310514 0.859924 1.38006 1.6592 -0.731962</i>
                        <i>-0.0790062 0.948838 0.305721 -0.911207 0.0556429 -0.408173 -0.404302 -0.310823 0.860191 1.38001 1.65916 -0.731956</i>
                        <i>-0.079597 0.94881 0.305655 -0.911425 0.0549062 -0.407787 -0.403695 -0.31104 0.860398 1.37997 1.65913 -0.731952</i>
                        <i>-0.0800764 0.948792 0.305583 -0.911557 0.054334 -0.407569 -0.403302 -0.311192 0.860527 1.37995 1.65911 -0.73195</i>
                        <i>-0.0804067 0.948774 0.305554 -0.911601 0.053985 -0.407517 -0.403137 -0.31131 0.860562 1.37994 1.6591 -0.731949</i>
                        <i>-0.0807392 0.948763 0.3055 -0.91153 0.0537118 -0.407711 -0.40323 -0.311391 0.860489 1.37993 1.65911 -0.731942</i>
                        <i>-0.0812424 0.948773 0.305336 -0.911328 0.0533355 -0.408211 -0.403585 -0.311426 0.86031 1.37991 1.65912 -0.731921</i>
                        <i>-0.0819045 0.948796 0.305086 -0.911007 0.0528681 -0.408988 -0.404176 -0.311434 0.86003 1.37987 1.65913 -0.731888</i>
                        <i>-0.082714 0.948826 0.304774 -0.910577 0.0523218 -0.410014 -0.404979 -0.311434 0.859652 1.37981 1.65914 -0.731844</i>
                        <i>-0.0836589 0.948856 0.304424 -0.91005 0.0517086 -0.411261 -0.405968 -0.311447 0.85918 1.37974 1.65916 -0.73179</i>
                        <i>-0.0847276 0.948877 0.304062 -0.909436 0.051041 -0.412699 -0.40712 -0.311492 0.858619 1.37966 1.65919 -0.731727</i>
                        <i>-0.0859083 0.948883 0.303711 -0.908748 0.0503309 -0.414299 -0.408408 -0.311588 0.857972 1.37957 1.65921 -0.731658</i>
                        <i>-0.0871896 0.948868 0.303395 -0.907996 0.0495905 -0.416034 -0.409807 -0.311755 0.857244 1.37947 1.65924 -0.731582</i>
                        <i>-0.08856 0.948823 0.303137 -0.907191 0.0488316 -0.417875 -0.411292 -0.31201 0.856439 1.37936 1.65927 -0.731501</i>
                        <i>-0.0900086 0.948743 0.302961 -0.906346 0.0480658 -0.419793 -0.412838 -0.312373 0.855563 1.37925 1.6593 -0.731417</i>
                        <i>-0.0915248 0.948621 0.302889 -0.905472 0.0473042 -0.421761 -0.414419 -0.312859 0.85462 1.37914 1.65933 -0.731331</i>
                        <i>-0.0930387 0.948498 0.302812 -0.904582 0.0465533 -0.423751 -0.416023 -0.313344 0.853663 1.37902 1.65937 -0.731243</i>
                        <i>-0.0944748 0.948419 0.302616 -0.903687 0.0458219 -0.425735 -0.417641 -0.313691 0.852745 1.3789 1.6594 -0.731156</i>
                        <i>-0.0958144 0.94838 0.302316 -0.902801 0.0451239 -0.427685 -0.419249 -0.31391 0.851875 1.37879 1.65943 -0.731071</i>
                        <i>-0.0970393 0.948379 0.301929 -0.901936 0.0444732 -0.429573 -0.420826 -0.314006 0.851062 1.37867 1.65946 -0.730987</i>
                        <i>-0.0981312 0.948412 0.30147 -0.901106 0.0438831 -0.431372 -0.422348 -0.313988 0.850314 1.37856 1.65949 -0.730908</i>
                        <i>-0.0990723 0.948478 0.300955 -0.900324 0.043367 -0.433054 -0.423794 -0.313861 0.849641 1.37846 1.65952 -0.730834</i>
                        <i>-0.0998448 0.948574 0.300398 -0.899604 0.042938 -0.434592 -0.425141 -0.313631 0.849053 1.37836 1.65954 -0.730765</i>
                        <i>-0.100431 0.948696 0.299815 -0.898958 0.0426091 -0.435957 -0.426365 -0.313304 0.848559 1.37828 1.65956 -0.730704</i>
                        <i>-0.100813 0.948844 0.299218 -0.898402 0.0423932 -0.437123 -0.427446 -0.312886 0.84817 1.3782 1.65958 -0.730652</i>
                        <i>-0.100973 0.949015 0.298622 -0.897949 0.0423029 -0.438062 -0.42836 -0.31238 0.847895 1.37814 1.6596 -0.730609</i>
                        <i>-0.100895 0.949207 0.298039 -0.897612 0.0423508 -0.438747 -0.429084 -0.31179 0.847746 1.3781 1.65961 -0.730577</i>
                        <i>-0.100559 0.949417 0.297481 -0.897405 0.0425493 -0.439152 -0.429596 -0.311122 0.847733 1.37807 1.65962 -0.730557</i>
                        <i>-0.0999505 0.949644 0.296961 -0.897341 0.0429106 -0.439247 -0.429872 -0.310378 0.847865 1.37806 1.65962 -0.73055</i>
                    </KeyFrames>
                </p>
            </i>
            <i>
                <p>
                    <Name>
                        <![CDATA[spine1]]>
</Name>
                    <Exclude>0</Exclude>
                    <Additive>0</Additive>
                    <IKPriority>0</IKPriority>
                    <IKRotLimits>-1e+010 -1e+010 -1e+010 1e+010 1e+010 1e+010</IKRotLimits>
                    <IKRotLimitOrder>0</IKRotLimitOrder>
                    <KeyFrames count="97">
                        <i>-0.313708 0.753546 0.577716 -0.905313 -0.0538841 -0.421314 -0.286349 -0.655184 0.699098 1.35916 1.83966 -0.674354</i>
                        <i>-0.314211 0.75494 0.575619 -0.904099 -0.0529852 -0.424026 -0.289614 -0.65365 0.699189 1.35921 1.84024 -0.674341</i>
                        <i>-0.314485 0.756669 0.573194 -0.902792 -0.0517949 -0.426947 -0.293369 -0.651743 0.699403 1.35942 1.84084 -0.67439</i>
                        <i>-0.314541 0.758697 0.570476 -0.901401 -0.0503442 -0.430048 -0.297556 -0.649495 0.699726 1.35975 1.84147 -0.674493</i>
                        <i>-0.314386 0.76099 0.567499 -0.899937 -0.0486638 -0.433296 -0.302118 -0.646935 0.700142 1.36022 1.84213 -0.674646</i>
                        <i>-0.314032 0.763513 0.564298 -0.898408 -0.0467845 -0.436662 -0.306997 -0.644096 0.700638 1.3608 1.8428 -0.674842</i>
                        <i>-0.313487 0.766229 0.560909 -0.896826 -0.0447368 -0.440115 -0.312136 -0.641008 0.701199 1.36148 1.84348 -0.675076</i>
                        <i>-0.312764 0.769105 0.557366 -0.895202 -0.0425512 -0.443624 -0.317477 -0.637705 0.701813 1.36224 1.84417 -0.675342</i>
                        <i>-0.311875 0.772105 0.553704 -0.893549 -0.0402578 -0.447157 -0.322962 -0.634219 0.702469 1.36308 1.84486 -0.675634</i>
                        <i>-0.310835 0.775196 0.549957 -0.891879 -0.0378867 -0.450685 -0.328533 -0.630584 0.703157 1.36399 1.84554 -0.675947</i>
                        <i>-0.309659 0.778343 0.546162 -0.890205 -0.0354677 -0.454177 -0.334134 -0.626836 0.703868 1.36494 1.84622 -0.676275</i>
                        <i>-0.308365 0.781514 0.542354 -0.888544 -0.0330303 -0.457601 -0.339708 -0.623013 0.704595 1.36593 1.84688 -0.676613</i>
                        <i>-0.30697 0.784675 0.538567 -0.886909 -0.0306039 -0.460928 -0.345197 -0.619152 0.70533 1.36694 1.84752 -0.676956</i>
                        <i>-0.305498 0.787794 0.534838 -0.885319 -0.0282177 -0.464128 -0.350545 -0.615292 0.706069 1.36795 1.84814 -0.677298</i>
                        <i>-0.303968 0.79084 0.531202 -0.883789 -0.0259004 -0.467169 -0.355697 -0.611474 0.706809 1.36896 1.84873 -0.677634</i>
                        <i>-0.302406 0.793782 0.527694 -0.882337 -0.0236806 -0.470021 -0.360598 -0.607741 0.707545 1.36995 1.8493 -0.677959</i>
                        <i>-0.300837 0.796589 0.52435 -0.880983 -0.0215868 -0.472655 -0.365193 -0.604136 0.708275 1.3709 1.84982 -0.678268</i>
                        <i>-0.299287 0.799232 0.521206 -0.879745 -0.019647 -0.47504 -0.369427 -0.600702 0.709 1.3718 1.85032 -0.678556</i>
                        <i>-0.297784 0.801681 0.518298 -0.878642 -0.0178891 -0.477146 -0.373247 -0.597485 0.709717 1.37263 1.85077 -0.678819</i>
                        <i>-0.296355 0.803907 0.515661 -0.877694 -0.0163408 -0.478944 -0.3766 -0.59453 0.710427 1.37337 1.85117 -0.679051</i>
                        <i>-0.29503 0.805883 0.513332 -0.87692 -0.0150298 -0.480401 -0.379432 -0.591884 0.711129 1.37402 1.85153 -0.679247</i>
                        <i>-0.293836 0.80758 0.511347 -0.876341 -0.0139835 -0.481489 -0.38169 -0.589593 0.711824 1.37456 1.85184 -0.679402</i>
                        <i>-0.292801 0.80897 0.509741 -0.875975 -0.0132293 -0.482176 -0.383322 -0.587702 0.71251 1.37496 1.8521 -0.679512</i>
                        <i>-0.291954 0.810024 0.50855 -0.87584 -0.0127948 -0.482431 -0.384274 -0.586256 0.713188 1.37523 1.8523 -0.67957</i>
                        <i>-0.291318 0.810716 0.507813 -0.875956 -0.0127076 -0.482223 -0.384493 -0.585302 0.713853 1.37533 1.85244 -0.679573</i>
                        <i>-0.290853 0.811104 0.50746 -0.876266 -0.012875 -0.481656 -0.384139 -0.584761 0.714487 1.37533 1.85251 -0.67954</i>
                        <i>-0.290492 0.811279 0.507386 -0.876699 -0.0131802 -0.480858 -0.383423 -0.58451 0.715077 1.37529 1.85251 -0.679496</i>
                        <i>-0.290221 0.811262 0.507569 -0.87725 -0.0136141 -0.47984 -0.382366 -0.584525 0.715631 1.37521 1.85245 -0.679442</i>
                        <i>-0.290028 0.81107 0.507986 -0.877913 -0.0141681 -0.478611 -0.380989 -0.584778 0.716158 1.3751 1.85233 -0.679379</i>
                        <i>-0.289897 0.810721 0.508617 -0.878681 -0.0148332 -0.477178 -0.379314 -0.585245 0.716665 1.37496 1.85215 -0.679307</i>
                        <i>-0.289815 0.810233 0.50944 -0.879549 -0.0156011 -0.475552 -0.377361 -0.5859 0.717161 1.3748 1.85193 -0.679226</i>
                        <i>-0.289768 0.809624 0.510434 -0.88051 -0.016463 -0.473742 -0.37515 -0.586717 0.717652 1.37461 1.85167 -0.679137</i>
                        <i>-0.289742 0.808912 0.511577 -0.881557 -0.0174104 -0.471757 -0.372703 -0.587672 0.718146 1.3744 1.85138 -0.679042</i>
                        <i>-0.289724 0.808113 0.512848 -0.882683 -0.0184346 -0.469607 -0.370041 -0.588739 0.718649 1.37417 1.85106 -0.67894</i>
                        <i>-0.2897 0.807246 0.514225 -0.883883 -0.0195269 -0.467301 -0.367186 -0.589891 0.719168 1.37393 1.85072 -0.678833</i>
                        <i>-0.289656 0.80633 0.515685 -0.885149 -0.0206785 -0.464848 -0.364158 -0.591104 0.719712 1.37368 1.85036 -0.678721</i>
                        <i>-0.289581 0.805383 0.517205 -0.886474 -0.0218807 -0.46226 -0.36098 -0.592351 0.720287 1.37343 1.84999 -0.678605</i>
                        <i>-0.28946 0.804423 0.518764 -0.887852 -0.0231245 -0.459547 -0.357674 -0.593606 0.720903 1.37317 1.84961 -0.678487</i>
                        <i>-0.289282 0.803472 0.520336 -0.889277 -0.0244011 -0.456718 -0.354263 -0.594843 0.721567 1.37291 1.84924 -0.678368</i>
                        <i>-0.289035 0.802547 0.521898 -0.890741 -0.0257014 -0.453784 -0.350769 -0.596035 0.72229 1.37266 1.84888 -0.678248</i>
                        <i>-0.288707 0.80167 0.523425 -0.892238 -0.0270164 -0.450756 -0.347216 -0.597156 0.723081 1.37241 1.84853 -0.67813</i>
                        <i>-0.288349 0.800791 0.524965 -0.89376 -0.0283666 -0.447647 -0.34358 -0.598272 0.723895 1.37215 1.84819 -0.678009</i>
                        <i>-0.288019 0.79985 0.526579 -0.895297 -0.0297704 -0.444474 -0.339836 -0.599462 0.724677 1.37188 1.84782 -0.677881</i>
                        <i>-0.287714 0.798851 0.52826 -0.89684 -0.0312164 -0.441252 -0.336004 -0.600719 0.725423 1.3716 1.84744 -0.677746</i>
                        <i>-0.287429 0.797799 0.530001 -0.898382 -0.032693 -0.437997 -0.332106 -0.602037 0.726125 1.3713 1.84705 -0.677604</i>
                        <i>-0.287162 0.796699 0.531797 -0.899916 -0.0341885 -0.434722 -0.328161 -0.603409 0.726779 1.37099 1.84664 -0.677457</i>
                        <i>-0.28691 0.795556 0.533641 -0.901433 -0.0356911 -0.431444 -0.324192 -0.604828 0.727381 1.37068 1.84623 -0.677303</i>
                        <i>-0.28667 0.794375 0.535526 -0.902929 -0.0371889 -0.428178 -0.320218 -0.606288 0.727925 1.37036 1.84581 -0.677145</i>
                        <i>-0.286438 0.793161 0.537446 -0.904395 -0.03867 -0.42494 -0.316263 -0.607782 0.728408 1.37004 1.84538 -0.676983</i>
                        <i>-0.286213 0.79192 0.539393 -0.905826 -0.0401223 -0.421745 -0.312347 -0.609305 0.728826 1.36973 1.84495 -0.676817</i>
                        <i>-0.285993 0.790657 0.541359 -0.907216 -0.0415335 -0.41861 -0.308492 -0.610849 0.729175 1.36942 1.84452 -0.676648</i>
                        <i>-0.285774 0.789377 0.54334 -0.908558 -0.0428913 -0.41555 -0.304721 -0.612409 0.729452 1.36911 1.84409 -0.676477</i>
                        <i>-0.285555 0.788085 0.545325 -0.909848 -0.0441833 -0.412582 -0.301056 -0.613978 0.729655 1.36882 1.84367 -0.676305</i>
                        <i>-0.285335 0.786788 0.547309 -0.91108 -0.0453969 -0.409723 -0.297519 -0.615551 0.72978 1.36854 1.84325 -0.676133</i>
                        <i>-0.285113 0.785492 0.549284 -0.912248 -0.0465196 -0.406989 -0.294134 -0.617121 0.729827 1.36827 1.84284 -0.675961</i>
                        <i>-0.284886 0.784202 0.551242 -0.913348 -0.0475385 -0.404396 -0.290923 -0.618682 0.729792 1.36802 1.84243 -0.675792</i>
                        <i>-0.284654 0.782923 0.553175 -0.914375 -0.0484412 -0.401961 -0.287908 -0.620229 0.729674 1.36779 1.84204 -0.675626</i>
                        <i>-0.284417 0.781663 0.555076 -0.915324 -0.0492147 -0.3997 -0.285113 -0.621756 0.729472 1.36758 1.84167 -0.675463</i>
                        <i>-0.284173 0.780427 0.556937 -0.916191 -0.0498465 -0.397631 -0.282561 -0.623256 0.729185 1.3674 1.84131 -0.675306</i>
                        <i>-0.283715 0.779352 0.558674 -0.917074 -0.0503181 -0.39553 -0.280146 -0.624563 0.728999 1.36721 1.84095 -0.675158</i>
                        <i>-0.282959 0.778496 0.560248 -0.918034 -0.0506741 -0.393249 -0.277753 -0.6256 0.729025 1.36699 1.84056 -0.675021</i>
                        <i>-0.282089 0.777754 0.561716 -0.919014 -0.0509948 -0.390913 -0.27539 -0.626497 0.729152 1.36676 1.84015 -0.674892</i>
                        <i>-0.281283 0.777018 0.563137 -0.919953 -0.0513549 -0.38865 -0.273068 -0.62738 0.729266 1.36653 1.83976 -0.674771</i>
                        <i>-0.280716 0.776184 0.564567 -0.920793 -0.0518224 -0.386593 -0.27081 -0.628373 0.729253 1.3663 1.83938 -0.674657</i>
                        <i>-0.280562 0.775148 0.566067 -0.921475 -0.0524599 -0.384878 -0.268642 -0.629598 0.728998 1.3661 1.83904 -0.674549</i>
                        <i>-0.280689 0.773729 0.567941 -0.922108 -0.0531942 -0.383258 -0.266327 -0.631279 0.728393 1.36591 1.83876 -0.674461</i>
                        <i>-0.280843 0.771922 0.570319 -0.922808 -0.0538976 -0.381471 -0.263727 -0.633428 0.727473 1.36571 1.83855 -0.674405</i>
                        <i>-0.28101 0.769879 0.572993 -0.923528 -0.0545463 -0.379632 -0.261016 -0.635855 0.726333 1.36551 1.83838 -0.674376</i>
                        <i>-0.281176 0.767752 0.575757 -0.924223 -0.0551176 -0.377855 -0.258365 -0.638372 0.725072 1.36532 1.83826 -0.674369</i>
                        <i>-0.281337 0.765696 0.578411 -0.924849 -0.0555927 -0.37625 -0.255938 -0.640796 0.723793 1.36515 1.83816 -0.67438</i>
                        <i>-0.281493 0.763862 0.580755 -0.925365 -0.0559584 -0.374924 -0.253892 -0.642949 0.722603 1.365 1.83808 -0.674403</i>
                        <i>-0.281646 0.762404 0.582594 -0.925733 -0.0562067 -0.373977 -0.252376 -0.644656 0.721613 1.3649 1.838 -0.674433</i>
                        <i>-0.281803 0.761474 0.583734 -0.925914 -0.0563326 -0.37351 -0.251534 -0.645743 0.720934 1.36483 1.83792 -0.674462</i>
                        <i>-0.282122 0.760842 0.584403 -0.925901 -0.0564186 -0.373529 -0.251225 -0.64648 0.720382 1.36477 1.83784 -0.674489</i>
                        <i>-0.282739 0.760183 0.584962 -0.925719 -0.0565437 -0.373961 -0.251203 -0.647244 0.719703 1.36465 1.83779 -0.674516</i>
                        <i>-0.283629 0.759502 0.585416 -0.925378 -0.0566964 -0.374781 -0.251456 -0.64803 0.718907 1.36449 1.83778 -0.67454</i>
