<?xml version="1.0" encoding="ISO-8859-1" ?>
<Animl Version="1">
    <ModellingPackage>
        <![CDATA[Maya.2010]]>
</ModellingPackage>
    <SrcFile>
        <![CDATA[anims\turrets\machinegun\blue\~src\mgun_gatling\mgun_gatling_reload_crewman_c.mb]]>
</SrcFile>
    <FramesPerSecond>30</FramesPerSecond>
    <TotalFrames>131</TotalFrames>
    <Skeleton>
        <RefFrame>
            <Name>
                <![CDATA[soldier_ref_frame]]>
</Name>
            <Exclude>0</Exclude>
            <Additive>0</Additive>
            <IKPriority>0</IKPriority>
            <IKRotLimits>-1e+010 -1e+010 -1e+010 1e+010 1e+010 1e+010</IKRotLimits>
            <IKRotLimitOrder>0</IKRotLimitOrder>
            <KeyFrames count="131">
                <i>1 0 0 0 1 0 0 0 1 -1.71 0.89 -1.77</i>
                <i>1 0 0 0 1 0 0 0 1 -1.71 0.89 -1.77</i>
                <i>1 0 0 0 1 0 0 0 1 -1.71 0.89 -1.77</i>
                <i>1 0 0 0 1 0 0 0 1 -1.71 0.89 -1.77</i>
                <i>1 0 0 0 1 0 0 0 1 -1.71 0.89 -1.77</i>
                <i>1 0 0 0 1 0 0 0 1 -1.71 0.89 -1.77</i>
                <i>1 0 0 0 1 0 0 0 1 -1.71 0.89 -1.77</i>
                <i>1 0 0 0 1 0 0 0 1 -1.71 0.89 -1.77</i>
                <i>1 0 0 0 1 0 0 0 1 -1.71 0.89 -1.77</i>
                <i>1 0 0 0 1 0 0 0 1 -1.71 0.89 -1.77</i>
                <i>1 0 0 0 1 0 0 0 1 -1.71 0.89 -1.77</i>
                <i>1 0 0 0 1 0 0 0 1 -1.71 0.89 -1.77</i>
                <i>1 0 0 0 1 0 0 0 1 -1.71 0.89 -1.77</i>
                <i>1 0 0 0 1 0 0 0 1 -1.71 0.89 -1.77</i>
                <i>1 0 0 0 1 0 0 0 1 -1.71 0.89 -1.77</i>
                <i>1 0 0 0 1 0 0 0 1 -1.71 0.89 -1.77</i>
                <i>1 0 0 0 1 0 0 0 1 -1.71 0.89 -1.77</i>
                <i>1 0 0 0 1 0 0 0 1 -1.71 0.89 -1.77</i>
                <i>1 0 0 0 1 0 0 0 1 -1.71 0.89 -1.77</i>
                <i>1 0 0 0 1 0 0 0 1 -1.71 0.89 -1.77</i>
                <i>1 0 0 0 1 0 0 0 1 -1.71 0.89 -1.77</i>
                <i>1 0 0 0 1 0 0 0 1 -1.71 0.89 -1.77</i>
                <i>1 0 0 0 1 0 0 0 1 -1.71 0.89 -1.77</i>
                <i>1 0 0 0 1 0 0 0 1 -1.71 0.89 -1.77</i>
                <i>1 0 0 0 1 0 0 0 1 -1.71 0.89 -1.77</i>
                <i>1 0 0 0 1 0 0 0 1 -1.71 0.89 -1.77</i>
                <i>1 0 0 0 1 0 0 0 1 -1.71 0.89 -1.77</i>
                <i>1 0 0 0 1 0 0 0 1 -1.71 0.89 -1.77</i>
                <i>1 0 0 0 1 0 0 0 1 -1.71 0.89 -1.77</i>
                <i>1 0 0 0 1 0 0 0 1 -1.71 0.89 -1.77</i>
                <i>1 0 0 0 1 0 0 0 1 -1.71 0.89 -1.77</i>
                <i>1 0 0 0 1 0 0 0 1 -1.71 0.89 -1.77</i>
                <i>1 0 0 0 1 0 0 0 1 -1.71 0.89 -1.77</i>
                <i>1 0 0 0 1 0 0 0 1 -1.71 0.89 -1.77</i>
                <i>1 0 0 0 1 0 0 0 1 -1.71 0.89 -1.77</i>
                <i>1 0 0 0 1 0 0 0 1 -1.71 0.89 -1.77</i>
                <i>1 0 0 0 1 0 0 0 1 -1.71 0.89 -1.77</i>
                <i>1 0 0 0 1 0 0 0 1 -1.71 0.89 -1.77</i>
                <i>1 0 0 0 1 0 0 0 1 -1.71 0.89 -1.77</i>
                <i>1 0 0 0 1 0 0 0 1 -1.71 0.89 -1.77</i>
                <i>1 0 0 0 1 0 0 0 1 -1.71 0.89 -1.77</i>
                <i>1 0 0 0 1 0 0 0 1 -1.71 0.89 -1.77</i>
                <i>1 0 0 0 1 0 0 0 1 -1.71 0.89 -1.77</i>
                <i>1 0 0 0 1 0 0 0 1 -1.71 0.89 -1.77</i>
                <i>1 0 0 0 1 0 0 0 1 -1.71 0.89 -1.77</i>
                <i>1 0 0 0 1 0 0 0 1 -1.71 0.89 -1.77</i>
                <i>1 0 0 0 1 0 0 0 1 -1.71 0.89 -1.77</i>
                <i>1 0 0 0 1 0 0 0 1 -1.71 0.89 -1.77</i>
                <i>1 0 0 0 1 0 0 0 1 -1.71 0.89 -1.77</i>
                <i>1 0 0 0 1 0 0 0 1 -1.71 0.89 -1.77</i>
                <i>1 0 0 0 1 0 0 0 1 -1.71 0.89 -1.77</i>
                <i>1 0 0 0 1 0 0 0 1 -1.71 0.89 -1.77</i>
                <i>1 0 0 0 1 0 0 0 1 -1.71 0.89 -1.77</i>
                <i>1 0 0 0 1 0 0 0 1 -1.71 0.89 -1.77</i>
                <i>1 0 0 0 1 0 0 0 1 -1.71 0.89 -1.77</i>
                <i>1 0 0 0 1 0 0 0 1 -1.71 0.89 -1.77</i>
                <i>1 0 0 0 1 0 0 0 1 -1.71 0.89 -1.77</i>
                <i>1 0 0 0 1 0 0 0 1 -1.71 0.89 -1.77</i>
                <i>1 0 0 0 1 0 0 0 1 -1.71 0.89 -1.77</i>
                <i>1 0 0 0 1 0 0 0 1 -1.71 0.89 -1.77</i>
                <i>1 0 0 0 1 0 0 0 1 -1.71 0.89 -1.77</i>
                <i>1 0 0 0 1 0 0 0 1 -1.71 0.89 -1.77</i>
                <i>1 0 0 0 1 0 0 0 1 -1.71 0.89 -1.77</i>
                <i>1 0 0 0 1 0 0 0 1 -1.71 0.89 -1.77</i>
                <i>1 0 0 0 1 0 0 0 1 -1.71 0.89 -1.77</i>
                <i>1 0 0 0 1 0 0 0 1 -1.71 0.89 -1.77</i>
                <i>1 0 0 0 1 0 0 0 1 -1.71 0.89 -1.77</i>
                <i>1 0 0 0 1 0 0 0 1 -1.71 0.89 -1.77</i>
                <i>1 0 0 0 1 0 0 0 1 -1.71 0.89 -1.77</i>
                <i>1 0 0 0 1 0 0 0 1 -1.71 0.89 -1.77</i>
                <i>1 0 0 0 1 0 0 0 1 -1.71 0.89 -1.77</i>
                <i>1 0 0 0 1 0 0 0 1 -1.71 0.89 -1.77</i>
                <i>1 0 0 0 1 0 0 0 1 -1.71 0.89 -1.77</i>
                <i>1 0 0 0 1 0 0 0 1 -1.71 0.89 -1.77</i>
                <i>1 0 0 0 1 0 0 0 1 -1.71 0.89 -1.77</i>
                <i>1 0 0 0 1 0 0 0 1 -1.71 0.89 -1.77</i>
                <i>1 0 0 0 1 0 0 0 1 -1.71 0.89 -1.77</i>
                <i>1 0 0 0 1 0 0 0 1 -1.71 0.89 -1.77</i>
                <i>1 0 0 0 1 0 0 0 1 -1.71 0.89 -1.77</i>
                <i>1 0 0 0 1 0 0 0 1 -1.71 0.89 -1.77</i>
                <i>1 0 0 0 1 0 0 0 1 -1.71 0.89 -1.77</i>
                <i>1 0 0 0 1 0 0 0 1 -1.71 0.89 -1.77</i>
                <i>1 0 0 0 1 0 0 0 1 -1.71 0.89 -1.77</i>
                <i>1 0 0 0 1 0 0 0 1 -1.71 0.89 -1.77</i>
                <i>1 0 0 0 1 0 0 0 1 -1.71 0.89 -1.77</i>
                <i>1 0 0 0 1 0 0 0 1 -1.71 0.89 -1.77</i>
                <i>1 0 0 0 1 0 0 0 1 -1.71 0.89 -1.77</i>
                <i>1 0 0 0 1 0 0 0 1 -1.71 0.89 -1.77</i>
                <i>1 0 0 0 1 0 0 0 1 -1.71 0.89 -1.77</i>
                <i>1 0 0 0 1 0 0 0 1 -1.71 0.89 -1.77</i>
                <i>1 0 0 0 1 0 0 0 1 -1.71 0.89 -1.77</i>
                <i>1 0 0 0 1 0 0 0 1 -1.71 0.89 -1.77</i>
                <i>1 0 0 0 1 0 0 0 1 -1.71 0.89 -1.77</i>
                <i>1 0 0 0 1 0 0 0 1 -1.71 0.89 -1.77</i>
                <i>1 0 0 0 1 0 0 0 1 -1.71 0.89 -1.77</i>
                <i>1 0 0 0 1 0 0 0 1 -1.71 0.89 -1.77</i>
                <i>1 0 0 0 1 0 0 0 1 -1.71 0.89 -1.77</i>
                <i>1 0 0 0 1 0 0 0 1 -1.71 0.89 -1.77</i>
                <i>1 0 0 0 1 0 0 0 1 -1.71 0.89 -1.77</i>
                <i>1 0 0 0 1 0 0 0 1 -1.71 0.89 -1.77</i>
                <i>1 0 0 0 1 0 0 0 1 -1.71 0.89 -1.77</i>
                <i>1 0 0 0 1 0 0 0 1 -1.71 0.89 -1.77</i>
                <i>1 0 0 0 1 0 0 0 1 -1.71 0.89 -1.77</i>
                <i>1 0 0 0 1 0 0 0 1 -1.71 0.89 -1.77</i>
                <i>1 0 0 0 1 0 0 0 1 -1.71 0.89 -1.77</i>
                <i>1 0 0 0 1 0 0 0 1 -1.71 0.89 -1.77</i>
                <i>1 0 0 0 1 0 0 0 1 -1.71 0.89 -1.77</i>
                <i>1 0 0 0 1 0 0 0 1 -1.71 0.89 -1.77</i>
                <i>1 0 0 0 1 0 0 0 1 -1.71 0.89 -1.77</i>
                <i>1 0 0 0 1 0 0 0 1 -1.71 0.89 -1.77</i>
                <i>1 0 0 0 1 0 0 0 1 -1.71 0.89 -1.77</i>
                <i>1 0 0 0 1 0 0 0 1 -1.71 0.89 -1.77</i>
                <i>1 0 0 0 1 0 0 0 1 -1.71 0.89 -1.77</i>
                <i>1 0 0 0 1 0 0 0 1 -1.71 0.89 -1.77</i>
                <i>1 0 0 0 1 0 0 0 1 -1.71 0.89 -1.77</i>
                <i>1 0 0 0 1 0 0 0 1 -1.71 0.89 -1.77</i>
                <i>1 0 0 0 1 0 0 0 1 -1.71 0.89 -1.77</i>
                <i>1 0 0 0 1 0 0 0 1 -1.71 0.89 -1.77</i>
                <i>1 0 0 0 1 0 0 0 1 -1.71 0.89 -1.77</i>
                <i>1 0 0 0 1 0 0 0 1 -1.71 0.89 -1.77</i>
                <i>1 0 0 0 1 0 0 0 1 -1.71 0.89 -1.77</i>
                <i>1 0 0 0 1 0 0 0 1 -1.71 0.89 -1.77</i>
                <i>1 0 0 0 1 0 0 0 1 -1.71 0.89 -1.77</i>
                <i>1 0 0 0 1 0 0 0 1 -1.71 0.89 -1.77</i>
                <i>1 0 0 0 1 0 0 0 1 -1.71 0.89 -1.77</i>
                <i>1 0 0 0 1 0 0 0 1 -1.71 0.89 -1.77</i>
                <i>1 0 0 0 1 0 0 0 1 -1.71 0.89 -1.77</i>
                <i>1 0 0 0 1 0 0 0 1 -1.71 0.89 -1.77</i>
                <i>1 0 0 0 1 0 0 0 1 -1.71 0.89 -1.77</i>
                <i>1 0 0 0 1 0 0 0 1 -1.71 0.89 -1.77</i>
                <i>1 0 0 0 1 0 0 0 1 -1.71 0.89 -1.77</i>
            </KeyFrames>
        </RefFrame>
        <Bones count="23">
            <i>
                <p>
                    <Name>
                        <![CDATA[pelvis]]>
</Name>
                    <Exclude>0</Exclude>
                    <Additive>0</Additive>
                    <IKPriority>0</IKPriority>
                    <IKRotLimits>-1e+010 -1e+010 -1e+010 1e+010 1e+010 1e+010</IKRotLimits>
                    <IKRotLimitOrder>2</IKRotLimitOrder>
                    <KeyFrames count="131">
                        <i>1 0 0 0 1 0 0 0 1 -1.89811 1.96369 -1.44198</i>
                        <i>1 0 0 0 1 0 0 0 1 -1.89979 1.95599 -1.43557</i>
                        <i>1 0 0 0 1 0 0 0 1 -1.90167 1.95004 -1.42843</i>
                        <i>1 0 0 0 1 0 0 0 1 -1.90366 1.94509 -1.42086</i>
                        <i>1 0 0 0 1 0 0 0 1 -1.90567 1.94038 -1.4132</i>
                        <i>1 0 0 0 1 0 0 0 1 -1.90763 1.93518 -1.40574</i>
                        <i>1 0 0 0 1 0 0 0 1 -1.90946 1.92873 -1.3988</i>
                        <i>1 0 0 0 1 0 0 0 1 -1.91106 1.92027 -1.39271</i>
                        <i>1 0 0 0 1 0 0 0 1 -1.91236 1.90907 -1.38777</i>
                        <i>1 0 0 0 1 0 0 0 1 -1.91327 1.89436 -1.3843</i>
                        <i>1 0 0 0 1 0 0 0 1 -1.91371 1.8754 -1.38262</i>
                        <i>1 0 0 0 1 0 0 0 1 -1.91386 1.79388 -1.3864</i>
                        <i>1 0 0 0 1 0 0 0 1 -1.91392 1.65898 -1.39338</i>
                        <i>1 0 0 0 1 0 0 0 1 -1.91388 1.57113 -1.39499</i>
                        <i>1 0 0 0 1 0 0 0 1 -1.91371 1.6308 -1.38262</i>
                        <i>1 0 0 0 1 0 0 0 1 -1.91348 2.02001 -1.33328</i>
                        <i>1 0 0 0 1 0 0 0 1 -1.91519 2.61609 -1.25953</i>
                        <i>1 0 0 0 1 0 0 0 1 -1.92021 3.04762 -1.21079</i>
                        <i>1 0 0 0 1 0 0 0 1 -1.92792 3.25046 -1.19585</i>
                        <i>1 0 0 0 1 0 0 0 1 -1.93699 3.41871 -1.18888</i>
                        <i>1 0 0 0 1 0 0 0 1 -1.94693 3.55174 -1.18725</i>
                        <i>1 0 0 0 1 0 0 0 1 -1.95755 3.65001 -1.18724</i>
                        <i>1 0 0 0 1 0 0 0 1 -1.96889 3.7154 -1.18423</i>
                        <i>1 0 0 0 1 0 0 0 1 -1.98109 3.75106 -1.17325</i>
                        <i>1 0 0 0 1 0 0 0 1 -1.99433 3.76089 -1.14941</i>
                        <i>1 0 0 0 1 0 0 0 1 -2.00746 3.72337 -1.11141</i>
                        <i>1 0 0 0 1 0 0 0 1 -2.01966 3.62688 -1.06428</i>
                        <i>1 0 0 0 1 0 0 0 1 -2.03153 3.49011 -1.01295</i>
                        <i>1 0 0 0 1 0 0 0 1 -2.04368 3.33177 -0.962407</i>
                        <i>1 0 0 0 1 0 0 0 1 -2.05671 3.17056 -0.917595</i>
                        <i>1 0 0 0 1 0 0 0 1 -2.07123 3.0252 -0.883478</i>
                        <i>1 0 0 0 1 0 0 0 1 -2.09492 2.86111 -0.879373</i>
                        <i>1 0 0 0 1 0 0 0 1 -2.12392 2.68555 -0.897351</i>
                        <i>1 0 0 0 1 0 0 0 1 -2.14151 2.57999 -0.901506</i>
                        <i>1 0 0 0 1 0 0 0 1 -2.14791 2.55171 -0.883197</i>
                        <i>1 0 0 0 1 0 0 0 1 -2.15515 2.54989 -0.857643</i>
                        <i>1 0 0 0 1 0 0 0 1 -2.16224 2.56919 -0.825132</i>
                        <i>1 0 0 0 1 0 0 0 1 -2.16787 2.60454 -0.788164</i>
                        <i>1 0 0 0 1 0 0 0 1 -2.17264 2.65081 -0.751747</i>
                        <i>1 0 0 0 1 0 0 0 1 -2.17812 2.71448 -0.712935</i>
                        <i>1 0 0 0 1 0 0 0 1 -2.1836 2.79861 -0.66889</i>
                        <i>1 0 0 0 1 0 0 0 1 -2.18859 2.89268 -0.625758</i>
                        <i>1 0 0 0 1 0 0 0 1 -2.19284 2.98617 -0.589356</i>
                        <i>1 0 0 0 1 0 0 0 1 -2.19579 3.06861 -0.565148</i>
                        <i>1 0 0 0 1 0 0 0 1 -2.1962 3.12962 -0.558307</i>
                        <i>1 0 0 0 1 0 0 0 1 -2.19522 3.16381 -0.560806</i>
                        <i>1 0 0 0 1 0 0 0 1 -2.19496 3.17632 -0.561693</i>
                        <i>1 0 0 0 1 0 0 0 1 -2.19508 3.1726 -0.561511</i>
                        <i>1 0 0 0 1 0 0 0 1 -2.19523 3.1581 -0.560798</i>
                        <i>1 0 0 0 1 0 0 0 1 -2.19504 3.13826 -0.560095</i>
                        <i>1 0 0 0 1 0 0 0 1 -2.19513 3.08725 -0.559402</i>
                        <i>1 0 0 0 1 0 0 0 1 -2.19579 3.01125 -0.558656</i>
                        <i>1 0 0 0 1 0 0 0 1 -2.1962 2.96374 -0.558307</i>
                        <i>1 0 0 0 1 0 0 0 1 -2.19457 2.94985 -0.561879</i>
                        <i>1 0 0 0 1 0 0 0 1 -2.1894 2.93864 -0.570329</i>
                        <i>1 0 0 0 1 0 0 0 1 -2.18008 2.92934 -0.579462</i>
                        <i>1 0 0 0 1 0 0 0 1 -2.16674 2.92117 -0.585165</i>
                        <i>1 0 0 0 1 0 0 0 1 -2.15086 2.91354 -0.584716</i>
                        <i>1 0 0 0 1 0 0 0 1 -2.13485 2.90618 -0.577737</i>
                        <i>1 0 0 0 1 0 0 0 1 -2.12125 2.89923 -0.566453</i>
                        <i>1 0 0 0 1 0 0 0 1 -2.11192 2.89306 -0.555102</i>
                        <i>1 0 0 0 1 0 0 0 1 -2.10585 2.88811 -0.545596</i>
                        <i>1 0 0 0 1 0 0 0 1 -2.10133 2.88458 -0.537341</i>
                        <i>1 0 0 0 1 0 0 0 1 -2.09851 2.88262 -0.531622</i>
                        <i>1 0 0 0 1 0 0 0 1 -2.0975 2.8824 -0.529604</i>
                        <i>1 0 0 0 1 0 0 0 1 -2.09854 2.88411 -0.532141</i>
                        <i>1 0 0 0 1 0 0 0 1 -2.10208 2.8879 -0.539544</i>
                        <i>1 0 0 0 1 0 0 0 1 -2.10913 2.89456 -0.551431</i>
                        <i>1 0 0 0 1 0 0 0 1 -2.11998 2.90384 -0.565057</i>
                        <i>1 0 0 0 1 0 0 0 1 -2.13379 2.91444 -0.576828</i>
                        <i>1 0 0 0 1 0 0 0 1 -2.14909 2.92518 -0.584052</i>
                        <i>1 0 0 0 1 0 0 0 1 -2.164 2.93522 -0.585496</i>
                        <i>1 0 0 0 1 0 0 0 1 -2.17677 2.94403 -0.581591</i>
                        <i>1 0 0 0 1 0 0 0 1 -2.18626 2.95135 -0.574236</i>
                        <i>1 0 0 0 1 0 0 0 1 -2.19216 2.95704 -0.566267</i>
                        <i>1 0 0 0 1 0 0 0 1 -2.19556 2.96105 -0.559391</i>
                        <i>1 0 0 0 1 0 0 0 1 -2.19759 2.96359 -0.553892</i>
                        <i>1 0 0 0 1 0 0 0 1 -2.1986 2.96488 -0.55061</i>
                        <i>1 0 0 0 1 0 0 0 1 -2.19878 2.96516 -0.55013</i>
                        <i>1 0 0 0 1 0 0 0 1 -2.19809 2.96469 -0.552734</i>
                        <i>1 0 0 0 1 0 0 0 1 -2.1962 2.96374 -0.558307</i>
                        <i>1 0 0 0 1 0 0 0 1 -2.19267 2.96492 -0.564189</i>
                        <i>1 0 0 0 1 0 0 0 1 -2.18725 2.96949 -0.567854</i>
                        <i>1 0 0 0 1 0 0 0 1 -2.17973 2.97563 -0.56902</i>
                        <i>1 0 0 0 1 0 0 0 1 -2.17016 2.98157 -0.567527</i>
                        <i>1 0 0 0 1 0 0 0 1 -2.15891 2.98563 -0.563478</i>
                        <i>1 0 0 0 1 0 0 0 1 -2.14662 2.98626 -0.557373</i>
                        <i>1 0 0 0 1 0 0 0 1 -2.13406 2.98211 -0.550196</i>
                        <i>1 0 0 0 1 0 0 0 1 -2.12204 2.97204 -0.543445</i>
                        <i>1 0 0 0 1 0 0 0 1 -2.11123 2.95501 -0.539103</i>
                        <i>1 0 0 0 1 0 0 0 1 -2.10208 2.93011 -0.539544</i>
                        <i>1 0 0 0 1 0 0 0 1 -2.09656 2.86711 -0.560044</i>
                        <i>1 0 0 0 1 0 0 0 1 -2.09797 2.77322 -0.604187</i>
                        <i>1 0 0 0 1 0 0 0 1 -2.1085 2.70056 -0.655073</i>
                        <i>1 0 0 0 1 0 0 0 1 -2.1261 2.69852 -0.693801</i>
                        <i>1 0 0 0 1 0 0 0 1 -2.15343 2.80582 -0.699257</i>
                        <i>1 0 0 0 1 0 0 0 1 -2.19172 2.95288 -0.670712</i>
                        <i>1 0 0 0 1 0 0 0 1 -2.21699 3.07089 -0.649068</i>
                        <i>1 0 0 0 1 0 0 0 1 -2.2195 3.14985 -0.664852</i>
                        <i>1 0 0 0 1 0 0 0 1 -2.21045 3.2145 -0.70495</i>
                        <i>1 0 0 0 1 0 0 0 1 -2.19979 3.28719 -0.747612</i>
                        <i>1 0 0 0 1 0 0 0 1 -2.18645 3.35702 -0.797127</i>
                        <i>1 0 0 0 1 0 0 0 1 -2.16843 3.41224 -0.859189</i>
                        <i>1 0 0 0 1 0 0 0 1 -2.14414 3.44002 -0.938201</i>
                        <i>1 0 0 0 1 0 0 0 1 -2.11346 3.42671 -1.03535</i>
                        <i>1 0 0 0 1 0 0 0 1 -2.05088 3.28949 -1.20157</i>
                        <i>1 0 0 0 1 0 0 0 1 -1.97815 3.03511 -1.39999</i>
                        <i>1 0 0 0 1 0 0 0 1 -1.93376 2.77758 -1.52995</i>
                        <i>1 0 0 0 1 0 0 0 1 -1.90854 2.49016 -1.55389</i>
                        <i>1 0 0 0 1 0 0 0 1 -1.89586 2.16708 -1.4993</i>
                        <i>1 0 0 0 1 0 0 0 1 -1.89351 1.93743 -1.43676</i>
                        <i>1 0 0 0 1 0 0 0 1 -1.89152 1.82179 -1.40836</i>
                        <i>1 0 0 0 1 0 0 0 1 -1.88842 1.74557 -1.38943</i>
                        <i>1 0 0 0 1 0 0 0 1 -1.88484 1.70105 -1.3804</i>
                        <i>1 0 0 0 1 0 0 0 1 -1.88199 1.68101 -1.37943</i>
                        <i>1 0 0 0 1 0 0 0 1 -1.88138 1.67833 -1.38312</i>
                        <i>1 0 0 0 1 0 0 0 1 -1.88333 1.70117 -1.39037</i>
                        <i>1 0 0 0 1 0 0 0 1 -1.88672 1.75398 -1.40168</i>
                        <i>1 0 0 0 1 0 0 0 1 -1.89087 1.82395 -1.41522</i>
                        <i>1 0 0 0 1 0 0 0 1 -1.89496 1.89819 -1.42922</i>
                        <i>1 0 0 0 1 0 0 0 1 -1.89811 1.96369 -1.44198</i>
                        <i>1 0 0 0 1 0 0 0 1 -1.89811 1.96369 -1.44198</i>
                        <i>1 0 0 0 1 0 0 0 1 -1.89811 1.96369 -1.44198</i>
                        <i>1 0 0 0 1 0 0 0 1 -1.89811 1.96369 -1.44198</i>
                        <i>1 0 0 0 1 0 0 0 1 -1.89811 1.96369 -1.44198</i>
                        <i>1 0 0 0 1 0 0 0 1 -1.89811 1.96369 -1.44198</i>
                        <i>1 0 0 0 1 0 0 0 1 -1.89811 1.96369 -1.44198</i>
                        <i>1 0 0 0 1 0 0 0 1 -1.89811 1.96369 -1.44198</i>
                        <i>1 0 0 0 1 0 0 0 1 -1.89811 1.96369 -1.44198</i>
                        <i>1 0 0 0 1 0 0 0 1 -1.89811 1.96369 -1.44198</i>
                        <i>1 0 0 0 1 0 0 0 1 -1.89811 1.96369 -1.44198</i>
                    </KeyFrames>
                </p>
            </i>
            <i>
                <p>
                    <Name>
                        <![CDATA[spine0]]>
</Name>
                    <Exclude>0</Exclude>
                    <Additive>0</Additive>
                    <IKPriority>0</IKPriority>
                    <IKRotLimits>-1e+010 -1e+010 -1e+010 1e+010 1e+010 1e+010</IKRotLimits>
                    <IKRotLimitOrder>0</IKRotLimitOrder>
                    <KeyFrames count="131">
                        <i>-0.0425149 0.586955 0.808502 -0.998629 -0.000230763 -0.0523452 -0.0305377 -0.809619 0.58616 -1.9151 2.1063 -1.4335</i>
                        <i>-0.0426625 0.577059 0.815588 -0.999086 -0.026802 -0.0332977 0.00264468 -0.816263 0.577675 -1.91858 2.09838 -1.42727</i>
                        <i>-0.0423884 0.566437 0.823014 -0.998264 -0.0577215 -0.0116878 0.0408852 -0.822081 0.567901 -1.92224 2.09219 -1.42028</i>
                        <i>-0.041608 0.555386 0.830551 -0.995736 -0.0915488 0.0113351 0.0823313 -0.826538 0.556827 -1.92595 2.08698 -1.41281</i>
                        <i>-0.0402895 0.5442 0.837988 -0.991339 -0.126685 0.0346082 0.124994 -0.829336 0.544591 -1.92959 2.08201 -1.40516</i>
                        <i>-0.038464 0.533161 0.845139 -0.985243 -0.161399 0.0569789 0.166783 -0.830475 0.531502 -1.93306 2.07655 -1.39764</i>
                        <i>-0.0362272 0.522541 0.851844 -0.977971 -0.193884 0.0773416 0.205573 -0.830277 0.518054 -1.93621 2.06984 -1.39058</i>
                        <i>-0.0337324 0.512595 0.857967 -0.970367 -0.222316 0.0946719 0.239268 -0.82935 0.504905 -1.93892 2.06116 -1.38431</i>
                        <i>-0.0311766 0.503576 0.863388 -0.96351 -0.244896 0.108045 0.265849 -0.828515 0.492836 -1.94107 2.04977 -1.3792</i>
                        <i>-0.0287782 0.495742 0.867993 -0.958583 -0.259842 0.116623 0.283356 -0.828687 0.482688 -1.94252 2.03495 -1.3756</i>
                        <i>-0.0267492 0.489379 0.871661 -0.956705 -0.265345 0.119615 0.289828 -0.830723 0.475289 -1.94315 2.01594 -1.37387</i>
                        <i>-0.0237646 0.475607 0.879337 -0.956262 -0.267325 0.118745 0.291544 -0.838054 0.461158 -1.9433 1.93443 -1.37765</i>
                        <i>-0.0206996 0.460193 0.887578 -0.955688 -0.269859 0.117629 0.293653 -0.845813 0.445386 -1.94336 1.79952 -1.38463</i>
                        <i>-0.0207295 0.464343 0.885413 -0.956044 -0.268292 0.118319 0.29249 -0.844041 0.449494 -1.94332 1.71168 -1.38624</i>
                        <i>-0.0269482 0.508463 0.860662 -0.958219 -0.258403 0.122657 0.284765 -0.821397 0.494182 -1.94315 1.77135 -1.37387</i>
                        <i>-0.0382213 0.683558 0.728895 -0.96727 -0.208423 0.144738 0.250855 -0.699506 0.669151 -1.94072 2.1608 -1.32184</i>
                        <i>-0.0311975 0.878174 0.477322 -0.974943 -0.131971 0.179078 0.220254 -0.459776 0.860287 -1.93793 2.75733 -1.2444</i>
                        <i>-0.0074871 0.954917 0.296778 -0.976621 -0.0707459 0.202995 0.214839 -0.28832 0.933122 -1.93974 3.18951 -1.19736</i>
                        <i>0.00957116 0.970155 0.242297 -0.977585 -0.0418875 0.206333 0.210325 -0.238841 0.948008 -1.9464 3.39305 -1.1911</i>
                        <i>0.025198 0.97685 0.212437 -0.978925 -0.0189686 0.203337 0.20266 -0.213084 0.955785 -1.9547 3.56129 -1.19601</i>
                        <i>0.0402952 0.977804 0.20561 -0.980382 -0.0010449 0.197103 0.192943 -0.209519 0.95858 -1.96412 3.6931 -1.20773</i>
                        <i>0.0572643 0.972165 0.227193 -0.981652 0.0133704 0.190214 0.181882 -0.233917 0.955093 -1.97438 3.7889 -1.22077</i>
                        <i>0.0760666 0.956355 0.282134 -0.982609 0.0238284 0.184151 0.169391 -0.291235 0.941535 -1.98549 3.85115 -1.22886</i>
                        <i>0.091058 0.931798 0.351369 -0.983246 0.0281743 0.180094 0.157912 -0.361882 0.918752 -1.99758 3.88407 -1.22552</i>
                        <i>0.0971071 0.910912 0.401011 -0.983518 0.0260816 0.178919 0.15252 -0.411776 0.898431 -2.0108 3.89275 -1.20452</i>
                        <i>0.0934323 0.91292 0.397299 -0.983557 0.0226892 0.179166 0.15455 -0.407506 0.900029 -2.02393 3.85523 -1.16653</i>
                        <i>0.0846651 0.93228 0.351691 -0.983566 0.0217076 0.179237 0.159465 -0.361087 0.918797 -2.03612 3.75874 -1.11939</i>
                        <i>0.0755132 0.951221 0.299125 -0.983566 0.0217174 0.179236 0.163997 -0.307744 0.937229 -2.04799 3.62197 -1.06807</i>
                        <i>0.0678462 0.963667 0.258347 -0.983571 0.0211861 0.179275 0.167288 -0.266266 0.949272 -2.06014 3.46363 -1.01752</i>
                        <i>0.0620752 0.969143 0.238554 -0.983588 0.0188302 0.179445 0.169415 -0.245778 0.954406 -2.07317 3.30243 -0.972711</i>
                        <i>0.0582862 0.967133 0.247501 -0.983606 0.0132552 0.179842 0.170651 -0.253926 0.95205 -2.08769 3.15706 -0.938594</i>
                        <i>0.0686624 0.94225 0.327796 -0.983774 0.00935822 0.179168 0.165753 -0.334779 0.927604 -2.10588 2.99313 -0.935452</i>
                        <i>0.0912753 0.852282 0.515058 -0.983662 -0.00342768 0.17999 0.155168 -0.523072 0.838044 -2.1247 2.81723 -0.955281</i>
                        <i>0.0908795 0.747309 0.658232 -0.982116 -0.0421829 0.183488 0.164889 -0.663136 0.730111 -2.13681 2.71114 -0.960459</i>
                        <i>0.0849602 0.792953 0.60333 -0.979639 -0.04407 0.195872 0.181906 -0.607687 0.773063 -2.14511 2.68232 -0.943434</i>
                        <i>0.0815483 0.880608 0.466775 -0.973972 -0.0289692 0.224811 0.211493 -0.472958 0.855325 -2.15758 2.67914 -0.920755</i>
                        <i>0.0629585 0.945196 0.320375 -0.964456 -0.0249252 0.263066 0.256635 -0.32555 0.910031 -2.1722 2.69664 -0.891104</i>
                        <i>0.032551 0.977257 0.209546 -0.95227 -0.0333438 0.303431 0.303517 -0.209421 0.929527 -2.18612 2.73014 -0.855903</i>
                        <i>0.00147562 0.990069 0.140576 -0.939947 -0.0466078 0.338123 0.341317 -0.132633 0.930544 -2.19792 2.77483 -0.820124</i>
                        <i>-0.0318843 0.995409 0.0902474 -0.926694 -0.0632698 0.370452 0.374461 -0.0718201 0.924457 -2.20967 2.83716 -0.781131</i>
                        <i>-0.0768215 0.996115 0.0430511 -0.909394 -0.0877057 0.406584 0.408781 -0.007916 0.912598 -2.22205 2.92003 -0.735783</i>
                        <i>-0.130141 0.991482 0.00512915 -0.888856 -0.118959 0.442475 0.439317 0.0530252 0.896766 -2.23367 3.01305 -0.690369</i>
                        <i>-0.18399 0.98273 -0.0197504 -0.867381 -0.152877 0.47358 0.462382 0.104265 0.880529 -2.24345 3.10576 -0.651253</i>
                        <i>-0.227592 0.97326 -0.0311039 -0.849204 -0.182749 0.495434 0.476501 0.13917 0.868089 -2.25014 3.18773 -0.624745</i>
                        <i>-0.249518 0.967889 -0.0305252 -0.839968 -0.20064 0.504181 0.481867 0.151442 0.863058 -2.25192 3.24858 -0.616955</i>
                        <i>-0.255485 0.966458 -0.0261918 -0.837763 -0.207779 0.504957 0.482577 0.150951 0.862747 -2.25094 3.28277 -0.619453</i>
                        <i>-0.258631 0.965651 -0.0250733 -0.836755 -0.210989 0.505296 0.48265 0.151666 0.862581 -2.25069 3.29528 -0.620341</i>
                        <i>-0.259553 0.965367 -0.0264302 -0.836711 -0.211127 0.505311 0.48223 0.153269 0.862532 -2.25081 3.29156 -0.620158</i>
                        <i>-0.258897 0.965455 -0.0294832 -0.837344 -0.209118 0.505099 0.481485 0.155456 0.862558 -2.25095 3.27706 -0.619446</i>
                        <i>-0.257311 0.965749 -0.0334767 -0.838357 -0.205872 0.504752 0.480572 0.157944 0.862615 -2.25076 3.25722 -0.618743</i>
                        <i>-0.246689 0.968767 -0.0252101 -0.83993 -0.200761 0.504194 0.483385 0.145554 0.863222 -2.25086 3.20621 -0.618049</i>
                        <i>-0.225884 0.974143 -0.00463102 -0.842295 -0.192918 0.503311 0.489404 0.117591 0.864093 -2.25152 3.13021 -0.617303</i>
                        <i>-0.211824 0.977252 0.0104294 -0.843677 -0.188236 0.502769 0.493295 0.0976994 0.864358 -2.25192 3.0827 -0.616955</i>
                        <i>-0.207608 0.978161 0.00999092 -0.859252 -0.187233 0.476056 0.46753 0.0902483 0.879358 -2.24824 3.069 -0.622048</i>
                        <i>-0.198734 0.980051 -0.00216964 -0.897721 -0.18115 0.401598 0.393193 0.0817588 0.915814 -2.23732 3.05825 -0.634312</i>
                        <i>-0.18413 0.982653 -0.0221292 -0.942391 -0.170099 0.288037 0.279276 0.0738905 0.957364 -2.21908 3.04953 -0.648222</i>
                        <i>-0.163307 0.985542 -0.0451506 -0.976944 -0.155164 0.146648 0.137522 0.0680581 0.988158 -2.19443 3.0419 -0.658331</i>
                        <i>-0.137864 0.988204 -0.0666809 -0.990316 -0.138645 -0.00720876 -0.0163687 0.0650414 0.997748 -2.16595 3.03464 -0.660898</i>
                        <i>-0.111599 0.990227 -0.083642 -0.980052 -0.123599 -0.155633 -0.16445 0.064605 0.984267 -2.13753 3.02744 -0.655106</i>
                        <i>-0.0895162 0.991435 -0.0950949 -0.952925 -0.113025 -0.281352 -0.28969 0.0654327 0.954881 -2.11325 3.02051 -0.643423</i>
                        <i>-0.076695 0.991847 -0.101776 -0.922493 -0.109321 -0.37021 -0.378318 0.0654946 0.923356 -2.09643 3.01436 -0.630885</i>
                        <i>-0.069591 0.991941 -0.105874 -0.896011 -0.108809 -0.430494 -0.438544 0.0649059 0.896363 -2.08531 3.00945 -0.620096</i>
                        <i>-0.0623006 0.992123 -0.108672 -0.872673 -0.106987 -0.476441 -0.484315 0.0651526 0.872464 -2.07683 3.00592 -0.61064</i>
                        <i>-0.0560405 0.992332 -0.110168 -0.856372 -0.104502 -0.505675 -0.51331 0.0660062 0.855661 -2.07137 3.00391 -0.604067</i>
                        <i>-0.0519686 0.992522 -0.110454 -0.850618 -0.101941 -0.515808 -0.52321 0.0671487 0.849554 -2.06932 3.00362 -0.601772</i>
                        <i>-0.0511565 0.99266 -0.109586 -0.857939 -0.0998485 -0.503956 -0.511199 0.0682374 0.856749 -2.07123 3.00526 -0.604759</i>
                        <i>-0.0545731 0.992717 -0.107403 -0.879131 -0.0987709 -0.466234 -0.473446 0.068977 0.878118 -2.07791 3.009 -0.613343</i>
                        <i>-0.0667869 0.992366 -0.103678 -0.912563 -0.102769 -0.395812 -0.403445 0.0681779 0.91246 -2.09109 3.01572 -0.62687</i>
                        <i>-0.0890278 0.991282 -0.097132 -0.949207 -0.113987 -0.293281 -0.301796 0.0660882 0.951079 -2.111 3.02513 -0.641893</i>
                        <i>-0.116688 0.989436 -0.0860237 -0.977466 -0.129753 -0.166506 -0.175909 0.064656 0.982281 -2.13586 3.03578 -0.654086</i>
                        <i>-0.144937 0.986961 -0.0700048 -0.988791 -0.147042 -0.0258882 -0.0358443 0.0654679 0.997211 -2.16315 3.04637 -0.660284</i>
                        <i>-0.169661 0.984203 -0.0505873 -0.979752 -0.162911 0.116384 0.106305 0.0693089 0.991915 -2.18985 3.05604 -0.659181</i>
                        <i>-0.188325 0.981628 -0.0306528 -0.952803 -0.175049 0.248042 0.238119 0.0759185 0.968264 -2.21319 3.06433 -0.651563</i>
                        <i>-0.200158 0.979671 -0.013496 -0.915606 -0.18213 0.358461 0.348716 0.0841058 0.933447 -2.23121 3.07113 -0.640039</i>
                        <i>-0.205532 0.978648 -0.00211852 -0.879228 -0.183701 0.439559 0.429784 0.0922061 0.898211 -2.24303 3.07642 -0.628369</i>
                        <i>-0.207767 0.978165 0.00506634 -0.849226 -0.182946 0.495325 0.485436 0.0986099 0.868693 -2.25033 3.08018 -0.618589</i>
                        <i>-0.209677 0.977709 0.0109769 -0.825538 -0.183036 0.533839 0.523949 0.102872 0.845515 -2.25508 3.08253 -0.610857</i>
                        <i>-0.211158 0.977337 0.0149722 -0.811395 -0.183806 0.554846 0.545024 0.105012 0.831818 -2.25762 3.08369 -0.606258</i>
                        <i>-0.212136 0.977101 0.0165015 -0.809133 -0.185088 0.557715 0.547998 0.10496 0.829869 -2.25811 3.08392 -0.605565</i>
                        <i>-0.212463 0.977052 0.0151088 -0.81997 -0.186673 0.541112 0.531515 0.102578 0.840815 -2.25639 3.08349 -0.609165</i>
                        <i>-0.211824 0.977252 0.0104294 -0.843677 -0.188236 0.502769 0.493295 0.0976994 0.864358 -2.25192 3.0827 -0.616955</i>
                        <i>-0.209396 0.977831 0.000617663 -0.876402 -0.187956 0.443386 0.433673 0.0923019 0.89633 -2.24408 3.08422 -0.626</i>
                        <i>-0.203903 0.978875 -0.0150888 -0.911877 -0.184294 0.366765 0.356236 0.0885437 0.930191 -2.23272 3.08927 -0.633284</i>
                        <i>-0.194184 0.980337 -0.0350942 -0.944945 -0.177329 0.275017 0.263386 0.0865661 0.960799 -2.21777 3.09594 -0.638116</i>
                        <i>-0.17946 0.982092 -0.057354 -0.970924 -0.167427 0.171101 0.158434 0.0863923 0.983583 -2.19956 3.10235 -0.639943</i>
                        <i>-0.15972 0.983962 -0.0794277 -0.98611 -0.155318 0.0588531 0.0455726 0.0877245 0.995102 -2.17881 3.10673 -0.638532</i>
                        <i>-0.135962 0.985784 -0.0987099 -0.988209 -0.142024 -0.057203 -0.0704091 0.0897686 0.993471 -2.15657 3.10752 -0.634137</i>
                        <i>-0.110258 0.987486 -0.11276 -0.976616 -0.128709 -0.172209 -0.184567 0.0911359 0.978585 -2.13412 3.10337 -0.627614</i>
                        <i>-0.08562 0.989121 -0.119622 -0.952492 -0.116482 -0.281408 -0.29228 0.0898452 0.952103 -2.11278 3.09319 -0.620474</i>
                        <i>-0.0657244 0.990833 -0.118029 -0.918631 -0.106267 -0.380559 -0.389612 0.0834127 0.917194 -2.09374 3.07607 -0.61484</i>
                        <i>-0.0545731 0.992717 -0.107403 -0.879131 -0.0987709 -0.466234 -0.473446 0.068977 0.878118 -2.07791 3.05121 -0.613343</i>
                        <i>-0.090285 0.995652 -0.0229266 -0.847766 -0.0889147 -0.522865 -0.52263 -0.0277705 0.852107 -2.07353 2.99328 -0.625214</i>
                        <i>-0.190467 0.967435 0.166711 -0.841011 -0.0732041 -0.536043 -0.506383 -0.242304 0.827566 -2.08803 2.90906 -0.650486</i>
                        <i>-0.298873 0.867625 0.397368 -0.860308 -0.0647703 -0.505643 -0.412971 -0.492982 0.765783 -2.11839 2.84252 -0.676177</i>
                        <i>-0.347197 0.721094 0.599565 -0.895229 -0.0644286 -0.440923 -0.279318 -0.689835 0.667914 -2.15472 2.83943 -0.689038</i>
                        <i>-0.254818 0.648424 0.717366 -0.952289 -0.0394102 -0.302644 -0.16797 -0.760259 0.627529 -2.19752 2.94164 -0.681722</i>
                        <i>-0.174879 0.46003 0.870511 -0.984173 -0.0559344 -0.168154 -0.0286644 -0.88614 0.462531 -2.25864 3.07282 -0.627911</i>
                        <i>-0.1812 0.0773354 0.980401 -0.966997 -0.195581 -0.163295 0.179119 -0.977633 0.110222 -2.30019 3.15188 -0.564123</i>
                        <i>-0.144529 -0.246617 0.958275 -0.935452 -0.281635 -0.213567 0.322553 -0.927287 -0.189994 -2.30569 3.193 -0.55806</i>
                        <i>-0.114848 -0.472438 0.873849 -0.909643 -0.303486 -0.28363 0.399198 -0.827465 -0.394895 -2.29375 3.23242 -0.589037</i>
                        <i>-0.0911543 -0.651937 0.752774 -0.887842 -0.289164 -0.357939 0.451029 -0.700972 -0.552459 -2.27847 3.28487 -0.627193</i>
                        <i>-0.0806721 -0.773228 0.628976 -0.872967 -0.249748 -0.418992 0.481062 -0.582877 -0.654854 -2.26046 3.34055 -0.674866</i>
                        <i>-0.0863773 -0.841547 0.533233 -0.865173 -0.202023 -0.45898 0.493979 -0.500984 -0.710634 -2.23895 3.38822 -0.736121</i>
                        <i>-0.107835 -0.870402 0.480388 -0.862197 -0.158694 -0.481075 0.494963 -0.466065 -0.733345 -2.21301 3.41544 -0.814313</i>
                        <i>-0.143594 -0.870133 0.471433 -0.86071 -0.125301 -0.493434 0.488424 -0.476622 -0.73094 -2.18252 3.409 -0.9104</i>
                        <i>-0.233055 -0.743076 0.627314 -0.885931 -0.103774 -0.452059 0.401014 -0.661112 -0.634129 -2.11605 3.3144 -1.07575</i>
                        <i>-0.3142 -0.367507 0.875338 -0.926587 -0.0820136 -0.367028 0.206675 -0.926398 -0.314759 -2.02292 3.12777 -1.29946</i>
                        <i>-0.31771 0.0872913 0.944161 -0.947045 -0.0780799 -0.311462 0.0465321 -0.993118 0.107476 -1.95807 2.90776 -1.47375</i>
                        <i>-0.291905 0.411929 0.863195 -0.955446 -0.0843027 -0.282871 -0.043753 -0.907308 0.418184 -1.92721 2.63052 -1.52851</i>
                        <i>-0.247108 0.636829 0.730333 -0.963787 -0.0835434 -0.25325 -0.100262 -0.766465 0.634412 -1.91468 2.30965 -1.49531</i>
                        <i>-0.213418 0.754089 0.62113 -0.968515 -0.0798902 -0.235787 -0.128182 -0.651896 0.747397 -1.91246 2.07982 -1.44464</i>
                        <i>-0.202358 0.806703 0.555231 -0.96888 -0.082383 -0.23342 -0.142559 -0.585186 0.798269 -1.90976 1.96391 -1.42124</i>
                        <i>-0.201111 0.830483 0.519473 -0.969193 -0.0917162 -0.228591 -0.142197 -0.549441 0.823343 -1.90739 1.8875 -1.40329</i>
                        <i>-0.204647 0.835007 0.510767 -0.969625 -0.101519 -0.222532 -0.133963 -0.540793 0.830419 -1.90533 1.84292 -1.39261</i>
                        <i>-0.20734 0.827089 0.522431 -0.970441 -0.106474 -0.216579 -0.123505 -0.551894 0.824718 -1.9041 1.82286 -1.38872</i>
                        <i>-0.203588 0.812068 0.546898 -0.972147 -0.101423 -0.211292 -0.116116 -0.574682 0.810098 -1.90454 1.82017 -1.38963</i>
                        <i>-0.185511 0.787591 0.58761 -0.977122 -0.0845554 -0.19515 -0.104013 -0.610369 0.785259 -1.90652 1.84309 -1.39433</i>
                        <i>-0.152996 0.748722 0.644986 -0.984823 -0.0613957 -0.162338 -0.0819465 -0.660034 0.746752 -1.90902 1.8961 -1.40263</i>
                        <i>-0.112893 0.69774 0.707399 -0.991873 -0.037089 -0.121708 -0.0586841 -0.71539 0.696257 -1.9116 1.96629 -1.41292</i>
                        <i>-0.0733023 0.640627 0.764345 -0.996487 -0.0159151 -0.082226 -0.0405116 -0.767687 0.639543 -1.91377 2.0407 -1.42368</i>
                        <i>-0.0425149 0.586955 0.808502 -0.998629 -0.000230763 -0.0523452 -0.0305377 -0.809619 0.58616 -1.9151 2.1063 -1.4335</i>
                        <i>-0.0425149 0.586955 0.808502 -0.998629 -0.000230763 -0.0523452 -0.0305377 -0.809619 0.58616 -1.9151 2.1063 -1.4335</i>
                        <i>-0.0425149 0.586955 0.808502 -0.998629 -0.000230763 -0.0523452 -0.0305377 -0.809619 0.58616 -1.9151 2.1063 -1.4335</i>
                        <i>-0.0425149 0.586955 0.808502 -0.998629 -0.000230763 -0.0523452 -0.0305377 -0.809619 0.58616 -1.9151 2.1063 -1.4335</i>
                        <i>-0.0425149 0.586955 0.808502 -0.998629 -0.000230763 -0.0523452 -0.0305377 -0.809619 0.58616 -1.9151 2.1063 -1.4335</i>
                        <i>-0.0425149 0.586955 0.808502 -0.998629 -0.000230763 -0.0523452 -0.0305377 -0.809619 0.58616 -1.9151 2.1063 -1.4335</i>
                        <i>-0.0425149 0.586955 0.808502 -0.998629 -0.000230763 -0.0523452 -0.0305377 -0.809619 0.58616 -1.9151 2.1063 -1.4335</i>
                        <i>-0.0425149 0.586955 0.808502 -0.998629 -0.000230763 -0.0523452 -0.0305377 -0.809619 0.58616 -1.9151 2.1063 -1.4335</i>
                        <i>-0.0425149 0.586955 0.808502 -0.998629 -0.000230763 -0.0523452 -0.0305377 -0.809619 0.58616 -1.9151 2.1063 -1.4335</i>
                        <i>-0.0425149 0.586955 0.808502 -0.998629 -0.000230763 -0.0523452 -0.0305377 -0.809619 0.58616 -1.9151 2.1063 -1.4335</i>
                        <i>-0.0425149 0.586955 0.808502 -0.998629 -0.000230763 -0.0523452 -0.0305377 -0.809619 0.58616 -1.9151 2.1063 -1.4335</i>
                    </KeyFrames>
                </p>
            </i>
            <i>
                <p>
                    <Name>
                        <![CDATA[spine1]]>
</Name>
                    <Exclude>0</Exclude>
                    <Additive>0</Additive>
                    <IKPriority>0</IKPriority>
                    <IKRotLimits>-1e+010 -1e+010 -1e+010 1e+010 1e+010 1e+010</IKRotLimits>
                    <IKRotLimitOrder>0</IKRotLimitOrder>
                    <KeyFrames count="131">
                        <i>0.0470769 0.338268 0.939871 -0.992401 -0.0912464 0.0825484 0.113683 -0.936616 0.331402 -1.92381 2.22675 -1.26792</i>
                        <i>0.0553336 0.321968 0.945132 -0.987903 -0.119685 0.0986095 0.144867 -0.939155 0.31145 -1.92719 2.21493 -1.26286</i>
                        <i>0.0634265 0.304742 0.950321 -0.981006 -0.155874 0.115459 0.183316 -0.939593 0.289068 -1.93066 2.20478 -1.25698</i>
                        <i>0.0713724 0.286878 0.955305 -0.971206 -0.198262 0.132099 0.227297 -0.937226 0.264467 -1.93409 2.19562 -1.25061</i>
                        <i>0.0791583 0.268673 0.959973 -0.958273 -0.244836 0.147541 0.274676 -0.931596 0.238081 -1.93736 2.1868 -1.24404</i>
                        <i>0.0867351 0.250443 0.964238 -0.942448 -0.293092 0.1609 0.322907 -0.9227 0.210608 -1.94036 2.17763 -1.23761</i>
                        <i>0.094016 0.232524 0.968036 -0.924604 -0.340139 0.1715 0.369145 -0.911174 0.183014 -1.94299 2.16744 -1.23164</i>
                        <i>0.100877 0.215279 0.971328 -0.906295 -0.382876 0.178981 0.41043 -0.898366 0.156482 -1.94515 2.15555 -1.22647</i>
                        <i>0.107164 0.199097 0.974103 -0.889669 -0.418178 0.183346 0.443852 -0.886278 0.132317 -1.94675 2.14128 -1.22243</i>
