<?xml version="1.0" encoding="ISO-8859-1" ?>
<Animl Version="1">
    <ModellingPackage>
        <![CDATA[Maya.2010]]>
</ModellingPackage>
    <SrcFile>
        <![CDATA[anims\turrets\machinegun\blue\~src\mgun_m2browning\mgun_m2browning_idle_crewman_a.mb]]>
</SrcFile>
    <FramesPerSecond>30</FramesPerSecond>
    <TotalFrames>97</TotalFrames>
    <Skeleton>
        <RefFrame>
            <Name>
                <![CDATA[soldier_ref_frame]]>
</Name>
            <Exclude>0</Exclude>
            <Additive>0</Additive>
            <IKPriority>0</IKPriority>
            <IKRotLimits>-1e+010 -1e+010 -1e+010 1e+010 1e+010 1e+010</IKRotLimits>
            <IKRotLimitOrder>0</IKRotLimitOrder>
            <KeyFrames count="97">
                <i>1 0 0 0 1 0 0 0 1 0 0.89512 -1.73184</i>
                <i>1 0 0 0 1 0 0 0 1 0 0.89512 -1.73184</i>
                <i>1 0 0 0 1 0 0 0 1 0 0.89512 -1.73184</i>
                <i>1 0 0 0 1 0 0 0 1 0 0.89512 -1.73184</i>
                <i>1 0 0 0 1 0 0 0 1 0 0.89512 -1.73184</i>
                <i>1 0 0 0 1 0 0 0 1 0 0.89512 -1.73184</i>
                <i>1 0 0 0 1 0 0 0 1 0 0.89512 -1.73184</i>
                <i>1 0 0 0 1 0 0 0 1 0 0.89512 -1.73184</i>
                <i>1 0 0 0 1 0 0 0 1 0 0.89512 -1.73184</i>
                <i>1 0 0 0 1 0 0 0 1 0 0.89512 -1.73184</i>
                <i>1 0 0 0 1 0 0 0 1 0 0.89512 -1.73184</i>
                <i>1 0 0 0 1 0 0 0 1 0 0.89512 -1.73184</i>
                <i>1 0 0 0 1 0 0 0 1 0 0.89512 -1.73184</i>
                <i>1 0 0 0 1 0 0 0 1 0 0.89512 -1.73184</i>
                <i>1 0 0 0 1 0 0 0 1 0 0.89512 -1.73184</i>
                <i>1 0 0 0 1 0 0 0 1 0 0.89512 -1.73184</i>
                <i>1 0 0 0 1 0 0 0 1 0 0.89512 -1.73184</i>
                <i>1 0 0 0 1 0 0 0 1 0 0.89512 -1.73184</i>
                <i>1 0 0 0 1 0 0 0 1 0 0.89512 -1.73184</i>
                <i>1 0 0 0 1 0 0 0 1 0 0.89512 -1.73184</i>
                <i>1 0 0 0 1 0 0 0 1 0 0.89512 -1.73184</i>
                <i>1 0 0 0 1 0 0 0 1 0 0.89512 -1.73184</i>
                <i>1 0 0 0 1 0 0 0 1 0 0.89512 -1.73184</i>
                <i>1 0 0 0 1 0 0 0 1 0 0.89512 -1.73184</i>
                <i>1 0 0 0 1 0 0 0 1 0 0.89512 -1.73184</i>
                <i>1 0 0 0 1 0 0 0 1 0 0.89512 -1.73184</i>
                <i>1 0 0 0 1 0 0 0 1 0 0.89512 -1.73184</i>
                <i>1 0 0 0 1 0 0 0 1 0 0.89512 -1.73184</i>
                <i>1 0 0 0 1 0 0 0 1 0 0.89512 -1.73184</i>
                <i>1 0 0 0 1 0 0 0 1 0 0.89512 -1.73184</i>
                <i>1 0 0 0 1 0 0 0 1 0 0.89512 -1.73184</i>
                <i>1 0 0 0 1 0 0 0 1 0 0.89512 -1.73184</i>
                <i>1 0 0 0 1 0 0 0 1 0 0.89512 -1.73184</i>
                <i>1 0 0 0 1 0 0 0 1 0 0.89512 -1.73184</i>
                <i>1 0 0 0 1 0 0 0 1 0 0.89512 -1.73184</i>
                <i>1 0 0 0 1 0 0 0 1 0 0.89512 -1.73184</i>
                <i>1 0 0 0 1 0 0 0 1 0 0.89512 -1.73184</i>
                <i>1 0 0 0 1 0 0 0 1 0 0.89512 -1.73184</i>
                <i>1 0 0 0 1 0 0 0 1 0 0.89512 -1.73184</i>
                <i>1 0 0 0 1 0 0 0 1 0 0.89512 -1.73184</i>
                <i>1 0 0 0 1 0 0 0 1 0 0.89512 -1.73184</i>
                <i>1 0 0 0 1 0 0 0 1 0 0.89512 -1.73184</i>
                <i>1 0 0 0 1 0 0 0 1 0 0.89512 -1.73184</i>
                <i>1 0 0 0 1 0 0 0 1 0 0.89512 -1.73184</i>
                <i>1 0 0 0 1 0 0 0 1 0 0.89512 -1.73184</i>
                <i>1 0 0 0 1 0 0 0 1 0 0.89512 -1.73184</i>
                <i>1 0 0 0 1 0 0 0 1 0 0.89512 -1.73184</i>
                <i>1 0 0 0 1 0 0 0 1 0 0.89512 -1.73184</i>
                <i>1 0 0 0 1 0 0 0 1 0 0.89512 -1.73184</i>
                <i>1 0 0 0 1 0 0 0 1 0 0.89512 -1.73184</i>
                <i>1 0 0 0 1 0 0 0 1 0 0.89512 -1.73184</i>
                <i>1 0 0 0 1 0 0 0 1 0 0.89512 -1.73184</i>
                <i>1 0 0 0 1 0 0 0 1 0 0.89512 -1.73184</i>
                <i>1 0 0 0 1 0 0 0 1 0 0.89512 -1.73184</i>
                <i>1 0 0 0 1 0 0 0 1 0 0.89512 -1.73184</i>
                <i>1 0 0 0 1 0 0 0 1 0 0.89512 -1.73184</i>
                <i>1 0 0 0 1 0 0 0 1 0 0.89512 -1.73184</i>
                <i>1 0 0 0 1 0 0 0 1 0 0.89512 -1.73184</i>
                <i>1 0 0 0 1 0 0 0 1 0 0.89512 -1.73184</i>
                <i>1 0 0 0 1 0 0 0 1 0 0.89512 -1.73184</i>
                <i>1 0 0 0 1 0 0 0 1 0 0.89512 -1.73184</i>
                <i>1 0 0 0 1 0 0 0 1 0 0.89512 -1.73184</i>
                <i>1 0 0 0 1 0 0 0 1 0 0.89512 -1.73184</i>
                <i>1 0 0 0 1 0 0 0 1 0 0.89512 -1.73184</i>
                <i>1 0 0 0 1 0 0 0 1 0 0.89512 -1.73184</i>
                <i>1 0 0 0 1 0 0 0 1 0 0.89512 -1.73184</i>
                <i>1 0 0 0 1 0 0 0 1 0 0.89512 -1.73184</i>
                <i>1 0 0 0 1 0 0 0 1 0 0.89512 -1.73184</i>
                <i>1 0 0 0 1 0 0 0 1 0 0.89512 -1.73184</i>
                <i>1 0 0 0 1 0 0 0 1 0 0.89512 -1.73184</i>
                <i>1 0 0 0 1 0 0 0 1 0 0.89512 -1.73184</i>
                <i>1 0 0 0 1 0 0 0 1 0 0.89512 -1.73184</i>
                <i>1 0 0 0 1 0 0 0 1 0 0.89512 -1.73184</i>
                <i>1 0 0 0 1 0 0 0 1 0 0.89512 -1.73184</i>
                <i>1 0 0 0 1 0 0 0 1 0 0.89512 -1.73184</i>
                <i>1 0 0 0 1 0 0 0 1 0 0.89512 -1.73184</i>
                <i>1 0 0 0 1 0 0 0 1 0 0.89512 -1.73184</i>
                <i>1 0 0 0 1 0 0 0 1 0 0.89512 -1.73184</i>
                <i>1 0 0 0 1 0 0 0 1 0 0.89512 -1.73184</i>
                <i>1 0 0 0 1 0 0 0 1 0 0.89512 -1.73184</i>
                <i>1 0 0 0 1 0 0 0 1 0 0.89512 -1.73184</i>
                <i>1 0 0 0 1 0 0 0 1 0 0.89512 -1.73184</i>
                <i>1 0 0 0 1 0 0 0 1 0 0.89512 -1.73184</i>
                <i>1 0 0 0 1 0 0 0 1 0 0.89512 -1.73184</i>
                <i>1 0 0 0 1 0 0 0 1 0 0.89512 -1.73184</i>
                <i>1 0 0 0 1 0 0 0 1 0 0.89512 -1.73184</i>
                <i>1 0 0 0 1 0 0 0 1 0 0.89512 -1.73184</i>
                <i>1 0 0 0 1 0 0 0 1 0 0.89512 -1.73184</i>
                <i>1 0 0 0 1 0 0 0 1 0 0.89512 -1.73184</i>
                <i>1 0 0 0 1 0 0 0 1 0 0.89512 -1.73184</i>
                <i>1 0 0 0 1 0 0 0 1 0 0.89512 -1.73184</i>
                <i>1 0 0 0 1 0 0 0 1 0 0.89512 -1.73184</i>
                <i>1 0 0 0 1 0 0 0 1 0 0.89512 -1.73184</i>
                <i>1 0 0 0 1 0 0 0 1 0 0.89512 -1.73184</i>
                <i>1 0 0 0 1 0 0 0 1 0 0.89512 -1.73184</i>
                <i>1 0 0 0 1 0 0 0 1 0 0.89512 -1.73184</i>
                <i>1 0 0 0 1 0 0 0 1 0 0.89512 -1.73184</i>
            </KeyFrames>
        </RefFrame>
        <Bones count="23">
            <i>
                <p>
                    <Name>
                        <![CDATA[pelvis]]>
</Name>
                    <Exclude>0</Exclude>
                    <Additive>0</Additive>
                    <IKPriority>0</IKPriority>
                    <IKRotLimits>-1e+010 -1e+010 -1e+010 1e+010 1e+010 1e+010</IKRotLimits>
                    <IKRotLimitOrder>2</IKRotLimitOrder>
                    <KeyFrames count="97">
                        <i>1 0 0 0 1 0 0 0 1 1.59732e-017 1.82233 -1.81219</i>
                        <i>1 0 0 0 1 0 0 0 1 -0.00716505 1.82434 -1.81219</i>
                        <i>1 0 0 0 1 0 0 0 1 -0.0148932 1.82664 -1.81219</i>
                        <i>1 0 0 0 1 0 0 0 1 -0.0231039 1.82913 -1.81219</i>
                        <i>1 0 0 0 1 0 0 0 1 -0.0317168 1.83171 -1.81219</i>
                        <i>1 0 0 0 1 0 0 0 1 -0.0406513 1.83429 -1.81219</i>
                        <i>1 0 0 0 1 0 0 0 1 -0.0498271 1.83677 -1.81219</i>
                        <i>1 0 0 0 1 0 0 0 1 -0.0591636 1.83905 -1.81219</i>
                        <i>1 0 0 0 1 0 0 0 1 -0.0685803 1.84103 -1.81219</i>
                        <i>1 0 0 0 1 0 0 0 1 -0.0779968 1.84261 -1.81219</i>
                        <i>1 0 0 0 1 0 0 0 1 -0.0873327 1.8437 -1.81219</i>
                        <i>1 0 0 0 1 0 0 0 1 -0.0965074 1.84421 -1.81219</i>
                        <i>1 0 0 0 1 0 0 0 1 -0.105441 1.84402 -1.81219</i>
                        <i>1 0 0 0 1 0 0 0 1 -0.114052 1.84332 -1.81219</i>
                        <i>1 0 0 0 1 0 0 0 1 -0.12226 1.84234 -1.81219</i>
                        <i>1 0 0 0 1 0 0 0 1 -0.129986 1.84113 -1.81219</i>
                        <i>1 0 0 0 1 0 0 0 1 -0.137149 1.83969 -1.81219</i>
                        <i>1 0 0 0 1 0 0 0 1 -0.143668 1.83805 -1.81219</i>
                        <i>1 0 0 0 1 0 0 0 1 -0.149463 1.83625 -1.81219</i>
                        <i>1 0 0 0 1 0 0 0 1 -0.154454 1.83431 -1.81219</i>
                        <i>1 0 0 0 1 0 0 0 1 -0.15856 1.83225 -1.81219</i>
                        <i>1 0 0 0 1 0 0 0 1 -0.1617 1.83009 -1.81219</i>
                        <i>1 0 0 0 1 0 0 0 1 -0.163796 1.82787 -1.81219</i>
                        <i>1 0 0 0 1 0 0 0 1 -0.164765 1.8256 -1.81219</i>
                        <i>1 0 0 0 1 0 0 0 1 -0.164529 1.82332 -1.81219</i>
                        <i>1 0 0 0 1 0 0 0 1 -0.163021 1.82105 -1.81219</i>
                        <i>1 0 0 0 1 0 0 0 1 -0.160287 1.81881 -1.81219</i>
                        <i>1 0 0 0 1 0 0 0 1 -0.156409 1.81662 -1.81219</i>
                        <i>1 0 0 0 1 0 0 0 1 -0.15147 1.81452 -1.81219</i>
                        <i>1 0 0 0 1 0 0 0 1 -0.145555 1.81252 -1.81219</i>
                        <i>1 0 0 0 1 0 0 0 1 -0.138747 1.81065 -1.81219</i>
                        <i>1 0 0 0 1 0 0 0 1 -0.131128 1.80893 -1.81219</i>
                        <i>1 0 0 0 1 0 0 0 1 -0.122783 1.80738 -1.81219</i>
                        <i>1 0 0 0 1 0 0 0 1 -0.113794 1.80603 -1.81219</i>
                        <i>1 0 0 0 1 0 0 0 1 -0.104245 1.8049 -1.81219</i>
                        <i>1 0 0 0 1 0 0 0 1 -0.094219 1.80401 -1.81219</i>
                        <i>1 0 0 0 1 0 0 0 1 -0.0837999 1.8034 -1.81219</i>
                        <i>1 0 0 0 1 0 0 0 1 -0.0730708 1.8033 -1.81219</i>
                        <i>1 0 0 0 1 0 0 0 1 -0.0621151 1.80388 -1.81219</i>
                        <i>1 0 0 0 1 0 0 0 1 -0.0510162 1.80506 -1.81219</i>
                        <i>1 0 0 0 1 0 0 0 1 -0.0398575 1.80671 -1.81219</i>
                        <i>1 0 0 0 1 0 0 0 1 -0.0287223 1.80876 -1.81219</i>
                        <i>1 0 0 0 1 0 0 0 1 -0.0176942 1.81109 -1.81219</i>
                        <i>1 0 0 0 1 0 0 0 1 -0.00685642 1.81361 -1.81219</i>
                        <i>1 0 0 0 1 0 0 0 1 0.00370751 1.81622 -1.81219</i>
                        <i>1 0 0 0 1 0 0 0 1 0.0139141 1.81882 -1.81219</i>
                        <i>1 0 0 0 1 0 0 0 1 0.0236801 1.82131 -1.81219</i>
                        <i>1 0 0 0 1 0 0 0 1 0.0329219 1.8236 -1.81219</i>
                        <i>1 0 0 0 1 0 0 0 1 0.0415562 1.82558 -1.81219</i>
                        <i>1 0 0 0 1 0 0 0 1 0.050194 1.82756 -1.81219</i>
                        <i>1 0 0 0 1 0 0 0 1 0.0594418 1.82984 -1.81219</i>
                        <i>1 0 0 0 1 0 0 0 1 0.0692091 1.83232 -1.81219</i>
                        <i>1 0 0 0 1 0 0 0 1 0.0794052 1.83489 -1.81219</i>
                        <i>1 0 0 0 1 0 0 0 1 0.0899398 1.83745 -1.81219</i>
                        <i>1 0 0 0 1 0 0 0 1 0.100722 1.83991 -1.81219</i>
                        <i>1 0 0 0 1 0 0 0 1 0.111662 1.84215 -1.81219</i>
                        <i>1 0 0 0 1 0 0 0 1 0.122668 1.84408 -1.81219</i>
                        <i>1 0 0 0 1 0 0 0 1 0.133651 1.8456 -1.81219</i>
                        <i>1 0 0 0 1 0 0 0 1 0.14452 1.8466 -1.81219</i>
                        <i>1 0 0 0 1 0 0 0 1 0.155183 1.84698 -1.81219</i>
                        <i>1 0 0 0 1 0 0 0 1 0.165552 1.84664 -1.81219</i>
                        <i>1 0 0 0 1 0 0 0 1 0.175534 1.84576 -1.81219</i>
                        <i>1 0 0 0 1 0 0 0 1 0.18504 1.84458 -1.81219</i>
                        <i>1 0 0 0 1 0 0 0 1 0.193979 1.84314 -1.81219</i>
                        <i>1 0 0 0 1 0 0 0 1 0.202261 1.84147 -1.81219</i>
                        <i>1 0 0 0 1 0 0 0 1 0.209795 1.83959 -1.81219</i>
                        <i>1 0 0 0 1 0 0 0 1 0.21649 1.83753 -1.81219</i>
                        <i>1 0 0 0 1 0 0 0 1 0.222256 1.83531 -1.81219</i>
                        <i>1 0 0 0 1 0 0 0 1 0.227002 1.83296 -1.81219</i>
                        <i>1 0 0 0 1 0 0 0 1 0.230639 1.83051 -1.81219</i>
                        <i>1 0 0 0 1 0 0 0 1 0.233075 1.82798 -1.81219</i>
                        <i>1 0 0 0 1 0 0 0 1 0.234219 1.8254 -1.81219</i>
                        <i>1 0 0 0 1 0 0 0 1 0.233982 1.8228 -1.81219</i>
                        <i>1 0 0 0 1 0 0 0 1 0.232316 1.82021 -1.81219</i>
                        <i>1 0 0 0 1 0 0 0 1 0.229294 1.81764 -1.81219</i>
                        <i>1 0 0 0 1 0 0 0 1 0.225005 1.81513 -1.81219</i>
                        <i>1 0 0 0 1 0 0 0 1 0.219537 1.8127 -1.81219</i>
                        <i>1 0 0 0 1 0 0 0 1 0.21298 1.81038 -1.81219</i>
                        <i>1 0 0 0 1 0 0 0 1 0.205424 1.80819 -1.81219</i>
                        <i>1 0 0 0 1 0 0 0 1 0.196956 1.80616 -1.81219</i>
                        <i>1 0 0 0 1 0 0 0 1 0.187667 1.80432 -1.81219</i>
                        <i>1 0 0 0 1 0 0 0 1 0.177645 1.8027 -1.81219</i>
                        <i>1 0 0 0 1 0 0 0 1 0.16698 1.80131 -1.81219</i>
                        <i>1 0 0 0 1 0 0 0 1 0.155761 1.80019 -1.81219</i>
                        <i>1 0 0 0 1 0 0 0 1 0.144076 1.79936 -1.81219</i>
                        <i>1 0 0 0 1 0 0 0 1 0.132015 1.79914 -1.81219</i>
                        <i>1 0 0 0 1 0 0 0 1 0.119666 1.79973 -1.81219</i>
                        <i>1 0 0 0 1 0 0 0 1 0.10712 1.80102 -1.81219</i>
                        <i>1 0 0 0 1 0 0 0 1 0.0944653 1.80286 -1.81219</i>
                        <i>1 0 0 0 1 0 0 0 1 0.0817906 1.80513 -1.81219</i>
                        <i>1 0 0 0 1 0 0 0 1 0.0691853 1.8077 -1.81219</i>
                        <i>1 0 0 0 1 0 0 0 1 0.0567384 1.81045 -1.81219</i>
                        <i>1 0 0 0 1 0 0 0 1 0.0445391 1.81324 -1.81219</i>
                        <i>1 0 0 0 1 0 0 0 1 0.0326766 1.81596 -1.81219</i>
                        <i>1 0 0 0 1 0 0 0 1 0.0212397 1.81846 -1.81219</i>
                        <i>1 0 0 0 1 0 0 0 1 0.0103179 1.82063 -1.81219</i>
                        <i>1 0 0 0 1 0 0 0 1 1.59732e-017 1.82233 -1.81219</i>
                    </KeyFrames>
                </p>
            </i>
            <i>
                <p>
                    <Name>
                        <![CDATA[spine0]]>
</Name>
                    <Exclude>0</Exclude>
                    <Additive>0</Additive>
                    <IKPriority>0</IKPriority>
                    <IKRotLimits>-1e+010 -1e+010 -1e+010 1e+010 1e+010 1e+010</IKRotLimits>
                    <IKRotLimitOrder>0</IKRotLimitOrder>
                    <KeyFrames count="97">
                        <i>-0.0803544 0.964836 0.250269 -0.984645 -0.0377968 -0.170428 -0.154976 -0.260121 0.953058 -0.0146627 1.93043 -1.90597</i>
                        <i>-0.084441 0.964656 0.249618 -0.984413 -0.0419767 -0.170788 -0.154273 -0.260149 0.953164 -0.0223973 1.93237 -1.90597</i>
                        <i>-0.0887659 0.964446 0.248926 -0.984148 -0.0463997 -0.17117 -0.153534 -0.260175 0.953277 -0.0307273 1.93459 -1.90596</i>
                        <i>-0.0932889 0.964207 0.248198 -0.983849 -0.0510243 -0.171574 -0.152768 -0.260195 0.953394 -0.0395633 1.937 -1.90594</i>
                        <i>-0.0979694 0.963938 0.247437 -0.983515 -0.0558087 -0.171997 -0.151985 -0.260208 0.953516 -0.0488163 1.9395 -1.90592</i>
                        <i>-0.102767 0.963641 0.246648 -0.983148 -0.0607111 -0.172438 -0.151194 -0.260212 0.95364 -0.0583969 1.942 -1.90589</i>
                        <i>-0.107642 0.963316 0.245836 -0.982747 -0.0656899 -0.172897 -0.150405 -0.260206 0.953767 -0.068216 1.9444 -1.90585</i>
                        <i>-0.112552 0.962967 0.245005 -0.982315 -0.0707034 -0.173372 -0.149629 -0.260186 0.953894 -0.0781845 1.9466 -1.90582</i>
                        <i>-0.117459 0.962595 0.244159 -0.981855 -0.0757098 -0.173863 -0.148874 -0.260151 0.954022 -0.0882132 1.94851 -1.90577</i>
                        <i>-0.122322 0.962206 0.243302 -0.981371 -0.0806675 -0.174368 -0.148151 -0.260099 0.954149 -0.0982129 1.95003 -1.90573</i>
                        <i>-0.127099 0.961805 0.242439 -0.980866 -0.0855347 -0.174887 -0.14747 -0.260028 0.954273 -0.108094 1.95106 -1.90568</i>
                        <i>-0.131751 0.961397 0.241573 -0.980347 -0.0902696 -0.17542 -0.146841 -0.259937 0.954395 -0.117769 1.95151 -1.90563</i>
                        <i>-0.136237 0.960988 0.240709 -0.979818 -0.0948307 -0.175966 -0.146275 -0.259824 0.954513 -0.127147 1.95128 -1.90558</i>
                        <i>-0.140517 0.960587 0.239851 -0.979287 -0.0991759 -0.176525 -0.145781 -0.259688 0.954626 -0.13614 1.95054 -1.90552</i>
                        <i>-0.14455 0.9602 0.239002 -0.978761 -0.103263 -0.177098 -0.145369 -0.259525 0.954733 -0.144659 1.94955 -1.90547</i>
                        <i>-0.148296 0.959836 0.238167 -0.978248 -0.107051 -0.177683 -0.145051 -0.259336 0.954832 -0.152614 1.94833 -1.90542</i>
                        <i>-0.151712 0.959504 0.237352 -0.977756 -0.110497 -0.178282 -0.144836 -0.25912 0.954924 -0.159916 1.94691 -1.90536</i>
                        <i>-0.15476 0.959213 0.236559 -0.977293 -0.113558 -0.178895 -0.144735 -0.258873 0.955006 -0.166477 1.94532 -1.90531</i>
                        <i>-0.157397 0.958972 0.235795 -0.976868 -0.116193 -0.179521 -0.144758 -0.258597 0.955077 -0.172207 1.94358 -1.90526</i>
                        <i>-0.159581 0.95879 0.235066 -0.97649 -0.118357 -0.180162 -0.144915 -0.25829 0.955137 -0.177017 1.94171 -1.90521</i>
                        <i>-0.161272 0.958676 0.234376 -0.976168 -0.120009 -0.180817 -0.145217 -0.257951 0.955182 -0.180817 1.93975 -1.90516</i>
                        <i>-0.162427 0.958638 0.233732 -0.975908 -0.121104 -0.181486 -0.145673 -0.257579 0.955213 -0.183518 1.93773 -1.90511</i>
                        <i>-0.163004 0.958684 0.233142 -0.975719 -0.121599 -0.18217 -0.146293 -0.257175 0.955227 -0.185031 1.93566 -1.90507</i>
                        <i>-0.16296 0.95882 0.232613 -0.975607 -0.121449 -0.182868 -0.147087 -0.256739 0.955223 -0.185265 1.93357 -1.90503</i>
                        <i>-0.162252 0.959051 0.232154 -0.975578 -0.12061 -0.18358 -0.148062 -0.25627 0.955198 -0.184131 1.93148 -1.905</i>
                        <i>-0.16082 0.959392 0.231743 -0.975624 -0.119003 -0.18438 -0.149315 -0.255746 0.955144 -0.181517 1.92946 -1.90494</i>
                        <i>-0.158663 0.959843 0.23136 -0.975731 -0.116616 -0.185337 -0.150915 -0.255151 0.955051 -0.177437 1.92754 -1.90481</i>
                        <i>-0.155831 0.96039 0.231016 -0.975888 -0.113498 -0.186442 -0.152837 -0.254499 0.954919 -0.171992 1.92575 -1.90464</i>
                        <i>-0.152371 0.961015 0.230725 -0.976084 -0.1097 -0.187684 -0.155056 -0.253804 0.954747 -0.165286 1.92407 -1.90441</i>
                        <i>-0.148333 0.961701 0.230497 -0.976308 -0.105274 -0.189052 -0.157546 -0.253079 0.954531 -0.157418 1.92252 -1.90414</i>
                        <i>-0.143768 0.96243 0.230345 -0.976546 -0.100275 -0.190535 -0.160279 -0.252335 0.954273 -0.148493 1.92112 -1.90383</i>
                        <i>-0.138731 0.963185 0.230279 -0.976787 -0.0947582 -0.192117 -0.163223 -0.251586 0.953972 -0.138612 1.91986 -1.90349</i>
                        <i>-0.133276 0.963948 0.230309 -0.977019 -0.0887847 -0.193779 -0.166345 -0.250842 0.953629 -0.127879 1.91875 -1.90311</i>
                        <i>-0.127461 0.964702 0.230442 -0.977235 -0.0824173 -0.195498 -0.169605 -0.250114 0.953246 -0.116399 1.91781 -1.90271</i>
                        <i>-0.121346 0.965433 0.230684 -0.977425 -0.0757225 -0.197248 -0.172962 -0.249412 0.952826 -0.104274 1.91705 -1.9023</i>
                        <i>-0.114994 0.966125 0.231038 -0.977584 -0.0687699 -0.198998 -0.176368 -0.248743 0.952377 -0.091612 1.91648 -1.90186</i>
                        <i>-0.108468 0.966768 0.231506 -0.97771 -0.0616323 -0.200713 -0.179774 -0.248117 0.951903 -0.078517 1.91612 -1.90143</i>
                        <i>-0.101833 0.96735 0.232086 -0.977801 -0.0543851 -0.202353 -0.183124 -0.247541 0.951414 -0.0650955 1.91621 -1.90099</i>
                        <i>-0.0951561 0.967864 0.232775 -0.977863 -0.0471059 -0.203877 -0.18636 -0.247022 0.950921 -0.0514539 1.91691 -1.90055</i>
                        <i>-0.0885025 0.968305 0.233565 -0.977899 -0.0398737 -0.205239 -0.18942 -0.246567 0.950434 -0.0376988 1.91813 -1.90013</i>
                        <i>-0.0819391 0.968669 0.234449 -0.977921 -0.032769 -0.206389 -0.19224 -0.246184 0.949967 -0.0239366 1.91977 -1.89972</i>
                        <i>-0.075532 0.968955 0.235416 -0.97794 -0.0258727 -0.207277 -0.194751 -0.245878 0.949535 -0.0102741 1.92172 -1.89934</i>
                        <i>-0.0693459 0.969165 0.236452 -0.977971 -0.0192659 -0.20785 -0.196885 -0.245657 0.949152 0.00318234 1.9239 -1.89899</i>
                        <i>-0.0634445 0.969303 0.237544 -0.978031 -0.0130291 -0.208052 -0.198571 -0.245525 0.948835 0.0163266 1.92622 -1.89867</i>
                        <i>-0.0578899 0.969372 0.238675 -0.978138 -0.00724233 -0.20783 -0.199736 -0.245488 0.9486 0.0290527 1.92857 -1.8984</i>
                        <i>-0.0527423 0.969381 0.239829 -0.978312 -0.0019844 -0.207126 -0.200308 -0.245552 0.948462 0.0412549 1.93087 -1.89817</i>
                        <i>-0.0480601 0.969337 0.240988 -0.978573 0.00266704 -0.205884 -0.200214 -0.245719 0.948439 0.0528281 1.93304 -1.898</i>
                        <i>-0.0439002 0.969249 0.242135 -0.978938 0.00663568 -0.204048 -0.19938 -0.245993 0.948544 0.063667 1.93498 -1.8979</i>
                        <i>-0.0403175 0.969125 0.24325 -0.979426 0.00984654 -0.201565 -0.197737 -0.246371 0.948789 0.073667 1.9366 -1.89786</i>
                        <i>-0.0372905 0.968977 0.244322 -0.97997 0.0124028 -0.198761 -0.195625 -0.24684 0.949105 0.0833437 1.93824 -1.89792</i>
                        <i>-0.0347189 0.968813 0.245349 -0.980494 0.0145026 -0.196015 -0.19346 -0.247368 0.949412 0.0932626 1.94019 -1.89808</i>
                        <i>-0.0325409 0.968639 0.246332 -0.980996 0.0162143 -0.19335 -0.19128 -0.247943 0.949703 0.103393 1.94237 -1.89831</i>
                        <i>-0.030698 0.968458 0.247279 -0.981472 0.0176053 -0.190793 -0.189129 -0.248554 0.949974 0.113705 1.94467 -1.89861</i>
                        <i>-0.0291346 0.968271 0.2482 -0.981919 0.0187407 -0.188372 -0.187046 -0.2492 0.950217 0.124168 1.94699 -1.89894</i>
                        <i>-0.0277969 0.968077 0.249106 -0.982332 0.0196832 -0.186108 -0.18507 -0.249878 0.950426 0.13475 1.94923 -1.8993</i>
                        <i>-0.0266325 0.967878 0.250008 -0.982709 0.0204929 -0.184021 -0.183233 -0.250586 0.950596 0.14542 1.95127 -1.89965</i>
                        <i>-0.0255899 0.967671 0.250916 -0.983047 0.0212274 -0.182122 -0.18156 -0.251322 0.950722 0.156149 1.95302 -1.89998</i>
                        <i>-0.0246183 0.967456 0.251838 -0.983345 0.0219416 -0.180417 -0.180072 -0.252085 0.950804 0.166905 1.95437 -1.90028</i>
                        <i>-0.0236679 0.967234 0.252781 -0.983604 0.0226883 -0.178909 -0.178782 -0.252871 0.950838 0.177656 1.95522 -1.90051</i>
                        <i>-0.0226898 0.967003 0.253752 -0.983823 0.0235185 -0.177595 -0.177703 -0.253676 0.950826 0.188373 1.95546 -1.90066</i>
                        <i>-0.0216364 0.966762 0.25476 -0.984 0.0244824 -0.176476 -0.176847 -0.254502 0.950765 0.199023 1.95499 -1.90072</i>
                        <i>-0.0206326 0.966518 0.255767 -0.984112 0.0254898 -0.175711 -0.176348 -0.255328 0.950636 0.209412 1.95398 -1.90071</i>
                        <i>-0.019842 0.966282 0.256721 -0.984142 0.0263934 -0.175407 -0.176269 -0.256131 0.950435 0.219292 1.9527 -1.9007</i>
                        <i>-0.0192763 0.966057 0.25761 -0.984108 0.0271581 -0.175483 -0.176522 -0.256899 0.95018 0.228549 1.95118 -1.90068</i>
                        <i>-0.0189465 0.965847 0.258421 -0.984025 0.0277487 -0.175856 -0.17702 -0.257625 0.949891 0.237071 1.94944 -1.90066</i>
                        <i>-0.0188637 0.965656 0.25914 -0.983909 0.0281298 -0.176444 -0.177674 -0.258299 0.949586 0.244744 1.94754 -1.90064</i>
                        <i>-0.0190389 0.965487 0.259755 -0.983775 0.0282653 -0.177166 -0.178394 -0.258913 0.949284 0.251458 1.94548 -1.90062</i>
                        <i>-0.0194836 0.965344 0.260252 -0.98364 0.0281185 -0.177939 -0.17909 -0.259461 0.949003 0.257098 1.94332 -1.9006</i>
                        <i>-0.0202099 0.96523 0.26062 -0.983519 0.0276514 -0.178677 -0.179671 -0.259936 0.948763 0.261552 1.94107 -1.90059</i>
                        <i>-0.0212311 0.965146 0.260849 -0.983429 0.0268247 -0.179295 -0.180043 -0.260333 0.948584 0.264706 1.93877 -1.9006</i>
                        <i>-0.0225621 0.965094 0.260929 -0.983387 0.0255971 -0.179707 -0.180114 -0.260649 0.948484 0.266447 1.93644 -1.90061</i>
                        <i>-0.0242198 0.965074 0.260854 -0.983408 0.0239255 -0.179824 -0.179785 -0.260881 0.948482 0.266662 1.93412 -1.90065</i>
                        <i>-0.0262231 0.965086 0.260618 -0.983507 0.0217647 -0.179556 -0.178959 -0.261028 0.948598 0.265235 1.93183 -1.9007</i>
                        <i>-0.0284039 0.965129 0.260229 -0.983658 0.0193165 -0.179007 -0.177791 -0.261061 0.948808 0.262134 1.92957 -1.90078</i>
                        <i>-0.0305871 0.965202 0.259711 -0.983823 0.016813 -0.178353 -0.176513 -0.260965 0.949073 0.257472 1.92733 -1.90091</i>
                        <i>-0.0327823 0.965296 0.259094 -0.983998 0.014254 -0.177608 -0.175137 -0.26077 0.949382 0.25136 1.92514 -1.90108</i>
                        <i>-0.0349971 0.965403 0.258404 -0.98418 0.0116422 -0.176788 -0.17368 -0.260503 0.949723 0.243909 1.923 -1.90128</i>
                        <i>-0.0372368 0.965515 0.25767 -0.984365 0.0089827 -0.175913 -0.172162 -0.260191 0.950085 0.235228 1.92093 -1.90151</i>
                        <i>-0.0395041 0.965626 0.256917 -0.984548 0.00628375 -0.175004 -0.170603 -0.25986 0.950456 0.22543 1.91897 -1.90177</i>
                        <i>-0.0417987 0.965728 0.256169 -0.984725 0.00355614 -0.174082 -0.169027 -0.259532 0.950827 0.214626 1.91711 -1.90205</i>
                        <i>-0.0441174 0.965816 0.255448 -0.984892 0.000813083 -0.173171 -0.167459 -0.259229 0.951188 0.202928 1.91539 -1.90235</i>
                        <i>-0.0464548 0.965884 0.254773 -0.985044 -0.00193066 -0.172292 -0.165922 -0.258966 0.951528 0.190448 1.91382 -1.90266</i>
                        <i>-0.0488035 0.965931 0.254157 -0.985179 -0.00465949 -0.171467 -0.164441 -0.258758 0.951842 0.177297 1.91244 -1.90297</i>
                        <i>-0.0511552 0.965953 0.253611 -0.985293 -0.00735794 -0.170716 -0.163037 -0.258614 0.952123 0.163589 1.91126 -1.90329</i>
                        <i>-0.053501 0.965949 0.25314 -0.985383 -0.0100117 -0.170056 -0.161731 -0.258539 0.952366 0.149436 1.91032 -1.9036</i>
                        <i>-0.0558327 0.96592 0.252747 -0.985449 -0.0126087 -0.169503 -0.160539 -0.258533 0.952569 0.13495 1.90993 -1.90391</i>
                        <i>-0.0581434 0.965868 0.252427 -0.985489 -0.01514 -0.169065 -0.159472 -0.258594 0.952732 0.120242 1.91031 -1.90422</i>
                        <i>-0.0604283 0.965794 0.252173 -0.985502 -0.0176004 -0.168749 -0.158538 -0.258714 0.952855 0.105425 1.91134 -1.9045</i>
                        <i>-0.0626851 0.965702 0.251973 -0.985489 -0.0199893 -0.168556 -0.157739 -0.258883 0.952942 0.0906088 1.9129 -1.90478</i>
                        <i>-0.0649145 0.965596 0.251815 -0.985452 -0.0223107 -0.168485 -0.15707 -0.259088 0.952996 0.0759053 1.91487 -1.90503</i>
                        <i>-0.0671203 0.96548 0.251679 -0.985391 -0.0245733 -0.168527 -0.156525 -0.259314 0.953025 0.0614243 1.91713 -1.90526</i>
                        <i>-0.0693091 0.96536 0.251548 -0.985308 -0.0267898 -0.168672 -0.15609 -0.259543 0.953034 0.0472755 1.91957 -1.90546</i>
                        <i>-0.0714899 0.965239 0.251402 -0.985206 -0.0289765 -0.168905 -0.155749 -0.259758 0.953031 0.0335685 1.92207 -1.90564</i>
                        <i>-0.0736735 0.965122 0.251219 -0.985087 -0.0311518 -0.169213 -0.155485 -0.259939 0.953025 0.0204123 1.92453 -1.90578</i>
                        <i>-0.0758714 0.965014 0.250981 -0.984953 -0.0333352 -0.169578 -0.155278 -0.260071 0.953022 0.00791574 1.92682 -1.90588</i>
                        <i>-0.0780951 0.964918 0.25067 -0.984805 -0.035545 -0.169986 -0.155113 -0.260136 0.953032 -0.00381221 1.92882 -1.90595</i>
                        <i>-0.0803544 0.964836 0.250269 -0.984645 -0.0377968 -0.170428 -0.154976 -0.260121 0.953058 -0.0146627 1.93043 -1.90597</i>
                    </KeyFrames>
                </p>
            </i>
            <i>
                <p>
                    <Name>
                        <![CDATA[spine1]]>
</Name>
                    <Exclude>0</Exclude>
                    <Additive>0</Additive>
                    <IKPriority>0</IKPriority>
                    <IKRotLimits>-1e+010 -1e+010 -1e+010 1e+010 1e+010 1e+010</IKRotLimits>
                    <IKRotLimitOrder>0</IKRotLimitOrder>
                    <KeyFrames count="97">
                        <i>0.079194 0.654539 0.751869 -0.98875 0.147587 -0.0243371 -0.126895 -0.741483 0.658864 -0.0296032 2.11002 -1.85948</i>
                        <i>0.0783168 0.655482 0.751139 -0.988821 0.14697 -0.0251548 -0.126883 -0.740772 0.659664 -0.0380922 2.11184 -1.85962</i>
                        <i>0.0773589 0.656488 0.750359 -0.98891 0.146226 -0.0259808 -0.126778 -0.740028 0.66052 -0.0472194 2.11395 -1.85976</i>
                        <i>0.0763145 0.65755 0.749536 -0.989017 0.145348 -0.026813 -0.126575 -0.739258 0.66142 -0.0568879 2.11622 -1.8599</i>
                        <i>0.0751779 0.658655 0.74868 -0.989143 0.144328 -0.0276495 -0.126267 -0.738474 0.662354 -0.067001 2.11858 -1.86004</i>
                        <i>0.0739435 0.659794 0.747799 -0.98929 0.143159 -0.0284885 -0.125851 -0.737684 0.663313 -0.0774618 2.12092 -1.86018</i>
                        <i>0.072606 0.660957 0.746903 -0.989456 0.141833 -0.0293282 -0.125321 -0.736898 0.664286 -0.0881735 2.12315 -1.86033</i>
                        <i>0.0711601 0.662133 0.746 -0.989643 0.140346 -0.0301668 -0.124672 -0.736127 0.665262 -0.0990395 2.12516 -1.86047</i>
                        <i>0.0696007 0.663311 0.7451 -0.989851 0.13869 -0.0310026 -0.123902 -0.73538 0.666231 -0.109963 2.12688 -1.86062</i>
                        <i>0.0679228 0.664479 0.744214 -0.990079 0.136859 -0.031834 -0.123006 -0.734668 0.667183 -0.120848 2.1282 -1.86076</i>
                        <i>0.0661215 0.665628 0.743349 -0.990328 0.134849 -0.0326595 -0.121979 -0.734 0.668106 -0.131597 2.12902 -1.86091</i>
                        <i>0.0641923 0.666744 0.742517 -0.990597 0.132654 -0.0334777 -0.120819 -0.733386 0.66899 -0.142114 2.12926 -1.86105</i>
                        <i>0.0621302 0.667818 0.741727 -0.990886 0.130268 -0.0342871 -0.119521 -0.732836 0.669825 -0.152302 2.12882 -1.86119</i>
                        <i>0.0599307 0.668837 0.740989 -0.991194 0.127687 -0.0350865 -0.118082 -0.732361 0.6706 -0.162066 2.12787 -1.86133</i>
                        <i>0.0575891 0.669792 0.740312 -0.99152 0.124903 -0.0358746 -0.116496 -0.731969 0.671305 -0.171308 2.12667 -1.86146</i>
                        <i>0.0551006 0.67067 0.739707 -0.991864 0.121912 -0.0366503 -0.114759 -0.731669 0.671931 -0.179932 2.12524 -1.8616</i>
                        <i>0.0524605 0.671461 0.739181 -0.992224 0.118707 -0.0374123 -0.112867 -0.73147 0.672467 -0.187843 2.12362 -1.86173</i>
                        <i>0.0496635 0.672155 0.738743 -0.9926 0.11528 -0.0381595 -0.110811 -0.731381 0.672906 -0.194942 2.12183 -1.86185</i>
                        <i>0.0467045 0.672742 0.738401 -0.992989 0.111624 -0.0388907 -0.108587 -0.731408 0.673239 -0.201135 2.11991 -1.86198</i>
                        <i>0.043578 0.673213 0.738163 -0.993391 0.107729 -0.0396044 -0.106184 -0.731559 0.673459 -0.206324 2.11788 -1.86209</i>
                        <i>0.040278 0.67356 0.738035 -0.993804 0.103585 -0.0402993 -0.103593 -0.731838 0.673558 -0.210413 2.11577 -1.8622</i>
                        <i>0.0367984 0.673774 0.73802 -0.994226 0.0991804 -0.0409735 -0.100804 -0.732251 0.673533 -0.213305 2.11361 -1.8623</i>
                        <i>0.0331327 0.67385 0.738125 -0.994654 0.0945019 -0.0416252 -0.0978033 -0.732799 0.673379 -0.214904 2.11143 -1.8624</i>
                        <i>0.0292741 0.673783 0.738349 -0.995087 0.0895346 -0.0422519 -0.0945764 -0.733485 0.673094 -0.215112 2.10926 -1.86248</i>
                        <i>0.0252154 0.673568 0.738695 -0.995522 0.0842618 -0.0428507 -0.0911066 -0.734307 0.672676 -0.213831 2.10711 -1.86256</i>
                        <i>0.0207824 0.673227 0.739143 -0.995971 0.0784441 -0.043445 -0.0872298 -0.735263 0.672146 -0.210936 2.10504 -1.86259</i>
                        <i>0.015826 0.672799 0.739656 -0.99644 0.0718781 -0.0440608 -0.0828092 -0.736326 0.671541 -0.206439 2.10307 -1.86257</i>
                        <i>0.0103772 0.672301 0.740205 -0.996909 0.0646023 -0.0446999 -0.0778707 -0.737453 0.670894 -0.20045 2.10121 -1.8625</i>
                        <i>0.00446844 0.671757 0.740758 -0.997362 0.0566585 -0.0453645 -0.0724441 -0.738602 0.670238 -0.193084 2.09948 -1.86237</i>
                        <i>-0.00186559 0.671186 0.741286 -0.997781 0.0480931 -0.0460563 -0.0665631 -0.739727 0.669607 -0.184451 2.09787 -1.86218</i>
                        <i>-0.00858714 0.670609 0.741761 -0.998145 0.0389572 -0.0467755 -0.060265 -0.740787 0.669031 -0.174665 2.09641 -1.86194</i>
                        <i>-0.0156548 0.670044 0.742156 -0.99844 0.029307 -0.0475201 -0.053591 -0.741743 0.66854 -0.163839 2.09509 -1.86165</i>
                        <i>-0.0230234 0.669508 0.742448 -0.998649 0.0192039 -0.0482854 -0.0465853 -0.742557 0.668161 -0.152089 2.09395 -1.86132</i>
                        <i>-0.0306437 0.669015 0.742617 -0.998758 0.00871351 -0.0490631 -0.0392948 -0.743198 0.667917 -0.139529 2.09297 -1.86093</i>
                        <i>-0.0384631 0.668578 0.742647 -0.998755 -0.0020945 -0.0498418 -0.0317676 -0.743639 0.667826 -0.126276 2.09219 -1.86051</i>
                        <i>-0.0464257 0.668204 0.742528 -0.998632 -0.0131479 -0.0506065 -0.0240527 -0.743862 0.6679 -0.112445 2.09161 -1.86004</i>
                        <i>-0.0544732 0.667899 0.742256 -0.998384 -0.024373 -0.0513387 -0.016198 -0.743853 0.668147 -0.0981554 2.09126 -1.85955</i>
                        <i>-0.0625454 0.667665 0.74183 -0.998008 -0.0356961 -0.052017 -0.00824947 -0.743606 0.668567 -0.0835235 2.09137 -1.85902</i>
                        <i>-0.0705811 0.6675 0.741257 -0.997506 -0.0470447 -0.052617 -0.000249688 -0.743122 0.669156 -0.0686676 2.09212 -1.85847</i>
                        <i>-0.0785193 0.667401 0.740548 -0.996882 -0.0583491 -0.0531124 0.00776308 -0.74241 0.669901 -0.053706 2.0934 -1.85791</i>
                        <i>-0.0862999 0.667357 0.739721 -0.996145 -0.069544 -0.0534749 0.0157562 -0.741483 0.670786 -0.0387565 2.09511 -1.85734</i>
                        <i>-0.093864 0.66736 0.738797 -0.995303 -0.0805684 -0.0536751 0.0237031 -0.740365 0.671787 -0.0239373 2.09716 -1.85677</i>
                        <i>-0.101155 0.667393 0.737804 -0.994369 -0.0913679 -0.0536831 0.0315839 -0.739079 0.672877 -0.0093658 2.09945 -1.85622</i>
                        <i>-0.108121 0.667441 0.736771 -0.993357 -0.101894 -0.0534687 0.0393854 -0.737658 0.674024 0.00484088 2.10189 -1.85568</i>
                        <i>-0.114709 0.667485 0.735735 -0.992282 -0.112105 -0.0530023 0.0471013 -0.736136 0.675193 0.0185661 2.10438 -1.85517</i>
                        <i>-0.120874 0.667504 0.734729 -0.991158 -0.121965 -0.0522549 0.0547312 -0.734549 0.676345 0.0316937 2.10685 -1.8547</i>
                        <i>-0.126572 0.667477 0.733794 -0.99 -0.131445 -0.0511984 0.0622802 -0.732937 0.67744 0.0441081 2.10918 -1.85428</i>
                        <i>-0.13176 0.667381 0.732968 -0.988824 -0.140521 -0.0498059 0.0697577 -0.731339 0.678437 0.0556941 2.11131 -1.85391</i>
                        <i>-0.136399 0.667194 0.732289 -0.987643 -0.149171 -0.0480518 0.0771763 -0.729795 0.679296 0.0663369 2.11313 -1.85362</i>
                        <i>-0.139853 0.666837 0.731962 -0.986626 -0.156358 -0.046064 0.0837307 -0.728615 0.679786 0.0765559 2.11497 -1.85342</i>
                        <i>-0.141713 0.666266 0.732125 -0.985916 -0.161348 -0.0440043 0.0888083 -0.728049 0.679748 0.0869348 2.11715 -1.85333</i>
                        <i>-0.142283 0.665509 0.732703 -0.985477 -0.164561 -0.0418998 0.0926895 -0.728023 0.679258 0.0974546 2.11956 -1.85332</i>
                        <i>-0.141858 0.664597 0.733612 -0.985257 -0.166394 -0.039778 0.0956325 -0.728439 0.678403 0.108095 2.1221 -1.85338</i>
                        <i>-0.140729 0.663567 0.734761 -0.985197 -0.167234 -0.0376655 0.0978835 -0.729186 0.677279 0.118836 2.12466 -1.85347</i>
                        <i>-0.139183 0.662453 0.73606 -0.985236 -0.167459 -0.0355873 0.099685 -0.730146 0.675981 0.129656 2.12713 -1.85359</i>
                        <i>-0.137503 0.661294 0.737417 -0.98531 -0.167447 -0.0335658 0.101281 -0.731199 0.674604 0.140533 2.12941 -1.85372</i>
                        <i>-0.135973 0.660126 0.738746 -0.985352 -0.167575 -0.0316215 0.102921 -0.732224 0.673242 0.151447 2.13137 -1.85382</i>
                        <i>-0.134871 0.658987 0.739964 -0.985299 -0.168224 -0.0297725 0.10486 -0.733101 0.671987 0.162376 2.13292 -1.85388</i>
                        <i>-0.134476 0.657912 0.740991 -0.985084 -0.169773 -0.0280354 0.107356 -0.733709 0.670929 0.173297 2.13395 -1.85388</i>
                        <i>-0.135065 0.656938 0.741748 -0.984637 -0.1726 -0.026427 0.110665 -0.733922 0.670158 0.18419 2.13435 -1.85381</i>
                        <i>-0.136911 0.6561 0.742151 -0.983881 -0.177071 -0.0249658 0.115033 -0.733606 0.669768 0.195032 2.134 -1.85363</i>
                        <i>-0.139481 0.655347 0.742338 -0.982949 -0.182342 -0.0237166 0.119816 -0.732989 0.669606 0.205604 2.1331 -1.8534</i>
                        <i>-0.141989 0.654602 0.74252 -0.982049 -0.187253 -0.0227113 0.124172 -0.732416 0.669439 0.215627 2.13192 -1.85317</i>
                        <i>-0.144333 0.653866 0.742717 -0.981211 -0.191689 -0.021922 0.128036 -0.731926 0.669247 0.224987 2.13049 -1.85295</i>
                        <i>-0.146412 0.653139 0.742948 -0.980465 -0.195534 -0.0213215 0.131346 -0.731557 0.669009 0.233567 2.12883 -1.85275</i>
                        <i>-0.148126 0.652425 0.743236 -0.979843 -0.198674 -0.0208826 0.134037 -0.731348 0.668703 0.241255 2.12698 -1.85257</i>
                        <i>-0.149374 0.651724 0.743601 -0.979377 -0.200993 -0.0205784 0.136047 -0.73134 0.668306 0.247935 2.12496 -1.85242</i>
                        <i>-0.150055 0.65104 0.744063 -0.979096 -0.202374 -0.0203814 0.13731 -0.731568 0.667798 0.253491 2.12281 -1.8523</i>
                        <i>-0.150065 0.650377 0.744641 -0.979032 -0.202698 -0.0202631 0.137759 -0.732068 0.667157 0.25781 2.12056 -1.85222</i>
                        <i>-0.1493 0.64974 0.74535 -0.97921 -0.201841 -0.0201936 0.137322 -0.732869 0.666367 0.260774 2.11823 -1.85218</i>
                        <i>-0.147649 0.649138 0.746203 -0.979655 -0.199674 -0.0201404 0.135924 -0.733996 0.665413 0.262269 2.11585 -1.8522</i>
                        <i>-0.145001 0.64858 0.747207 -0.980386 -0.196062 -0.0200682 0.133483 -0.735462 0.664288 0.262177 2.11346 -1.85226</i>
