<?xml version="1.0" encoding="ISO-8859-1" ?>
<Animl Version="1">
    <ModellingPackage><![CDATA[Maya.2010]]></ModellingPackage>
    <SrcFile><![CDATA[anims\turrets\machinegun\blue\~src\mgun_gatling\mgun_gatling_winddown_crewman_c.mb]]></SrcFile>
    <FramesPerSecond>30</FramesPerSecond>
    <TotalFrames>33</TotalFrames>
    <Skeleton>
        <RefFrame>
            <Name><![CDATA[soldier_ref_frame]]></Name>
            <Exclude>0</Exclude>
            <Additive>0</Additive>
            <IKPriority>0</IKPriority>
            <IKRotLimits>-1e+010 -1e+010 -1e+010 1e+010 1e+010 1e+010</IKRotLimits>
            <IKRotLimitOrder>0</IKRotLimitOrder>
            <KeyFrames count="33">
                <i>1 0 0 0 1 0 0 0 1 -1.71 0.89 -1.77</i>
                <i>1 0 0 0 1 0 0 0 1 -1.71 0.89 -1.77</i>
                <i>1 0 0 0 1 0 0 0 1 -1.71 0.89 -1.77</i>
                <i>1 0 0 0 1 0 0 0 1 -1.71 0.89 -1.77</i>
                <i>1 0 0 0 1 0 0 0 1 -1.71 0.89 -1.77</i>
                <i>1 0 0 0 1 0 0 0 1 -1.71 0.89 -1.77</i>
                <i>1 0 0 0 1 0 0 0 1 -1.71 0.89 -1.77</i>
                <i>1 0 0 0 1 0 0 0 1 -1.71 0.89 -1.77</i>
                <i>1 0 0 0 1 0 0 0 1 -1.71 0.89 -1.77</i>
                <i>1 0 0 0 1 0 0 0 1 -1.71 0.89 -1.77</i>
                <i>1 0 0 0 1 0 0 0 1 -1.71 0.89 -1.77</i>
                <i>1 0 0 0 1 0 0 0 1 -1.71 0.89 -1.77</i>
                <i>1 0 0 0 1 0 0 0 1 -1.71 0.89 -1.77</i>
                <i>1 0 0 0 1 0 0 0 1 -1.71 0.89 -1.77</i>
                <i>1 0 0 0 1 0 0 0 1 -1.71 0.89 -1.77</i>
                <i>1 0 0 0 1 0 0 0 1 -1.71 0.89 -1.77</i>
                <i>1 0 0 0 1 0 0 0 1 -1.71 0.89 -1.77</i>
                <i>1 0 0 0 1 0 0 0 1 -1.71 0.89 -1.77</i>
                <i>1 0 0 0 1 0 0 0 1 -1.71 0.89 -1.77</i>
                <i>1 0 0 0 1 0 0 0 1 -1.71 0.89 -1.77</i>
                <i>1 0 0 0 1 0 0 0 1 -1.71 0.89 -1.77</i>
                <i>1 0 0 0 1 0 0 0 1 -1.71 0.89 -1.77</i>
                <i>1 0 0 0 1 0 0 0 1 -1.71 0.89 -1.77</i>
                <i>1 0 0 0 1 0 0 0 1 -1.71 0.89 -1.77</i>
                <i>1 0 0 0 1 0 0 0 1 -1.71 0.89 -1.77</i>
                <i>1 0 0 0 1 0 0 0 1 -1.71 0.89 -1.77</i>
                <i>1 0 0 0 1 0 0 0 1 -1.71 0.89 -1.77</i>
                <i>1 0 0 0 1 0 0 0 1 -1.71 0.89 -1.77</i>
                <i>1 0 0 0 1 0 0 0 1 -1.71 0.89 -1.77</i>
                <i>1 0 0 0 1 0 0 0 1 -1.71 0.89 -1.77</i>
                <i>1 0 0 0 1 0 0 0 1 -1.71 0.89 -1.77</i>
                <i>1 0 0 0 1 0 0 0 1 -1.71 0.89 -1.77</i>
                <i>1 0 0 0 1 0 0 0 1 -1.71 0.89 -1.77</i>
            </KeyFrames>
        </RefFrame>
        <Bones count="23">
            <i>
                <p>
                    <Name><![CDATA[pelvis]]></Name>
                    <Exclude>0</Exclude>
                    <Additive>0</Additive>
                    <IKPriority>0</IKPriority>
                    <IKRotLimits>-1e+010 -1e+010 -1e+010 1e+010 1e+010 1e+010</IKRotLimits>
                    <IKRotLimitOrder>2</IKRotLimitOrder>
                    <KeyFrames count="33">
                        <i>1 0 0 0 1 0 0 0 1 -1.95945 1.86097 -1.37875</i>
                        <i>1 0 0 0 1 0 0 0 1 -1.96066 1.85939 -1.37385</i>
                        <i>1 0 0 0 1 0 0 0 1 -1.96172 1.85749 -1.36913</i>
                        <i>1 0 0 0 1 0 0 0 1 -1.96261 1.85534 -1.36459</i>
                        <i>1 0 0 0 1 0 0 0 1 -1.96334 1.85297 -1.36022</i>
                        <i>1 0 0 0 1 0 0 0 1 -1.96389 1.85043 -1.35602</i>
                        <i>1 0 0 0 1 0 0 0 1 -1.96427 1.84776 -1.35198</i>
                        <i>1 0 0 0 1 0 0 0 1 -1.96446 1.84502 -1.34812</i>
                        <i>1 0 0 0 1 0 0 0 1 -1.96447 1.84224 -1.34441</i>
                        <i>1 0 0 0 1 0 0 0 1 -1.96429 1.83947 -1.34087</i>
                        <i>1 0 0 0 1 0 0 0 1 -1.96391 1.83677 -1.33748</i>
                        <i>1 0 0 0 1 0 0 0 1 -1.96334 1.83416 -1.33424</i>
                        <i>1 0 0 0 1 0 0 0 1 -1.96256 1.83171 -1.33115</i>
                        <i>1 0 0 0 1 0 0 0 1 -1.96157 1.82945 -1.32821</i>
                        <i>1 0 0 0 1 0 0 0 1 -1.96038 1.82743 -1.3254</i>
                        <i>1 0 0 0 1 0 0 0 1 -1.95898 1.82569 -1.32274</i>
                        <i>1 0 0 0 1 0 0 0 1 -1.95736 1.82428 -1.3202</i>
                        <i>1 0 0 0 1 0 0 0 1 -1.95552 1.82324 -1.31779</i>
                        <i>1 0 0 0 1 0 0 0 1 -1.95346 1.82262 -1.31551</i>
                        <i>1 0 0 0 1 0 0 0 1 -1.95118 1.82264 -1.31334</i>
                        <i>1 0 0 0 1 0 0 0 1 -1.94868 1.8234 -1.31128</i>
                        <i>1 0 0 0 1 0 0 0 1 -1.94595 1.8248 -1.30933</i>
                        <i>1 0 0 0 1 0 0 0 1 -1.943 1.82671 -1.30749</i>
                        <i>1 0 0 0 1 0 0 0 1 -1.93982 1.82903 -1.30574</i>
                        <i>1 0 0 0 1 0 0 0 1 -1.93642 1.83163 -1.30408</i>
                        <i>1 0 0 0 1 0 0 0 1 -1.93278 1.83441 -1.30251</i>
                        <i>1 0 0 0 1 0 0 0 1 -1.92892 1.83725 -1.30102</i>
                        <i>1 0 0 0 1 0 0 0 1 -1.92483 1.84003 -1.2996</i>
                        <i>1 0 0 0 1 0 0 0 1 -1.92052 1.84264 -1.29825</i>
                        <i>1 0 0 0 1 0 0 0 1 -1.91598 1.84496 -1.29696</i>
                        <i>1 0 0 0 1 0 0 0 1 -1.91121 1.84689 -1.29573</i>
                        <i>1 0 0 0 1 0 0 0 1 -1.90623 1.8483 -1.29455</i>
                        <i>1 0 0 0 1 0 0 0 1 -1.90102 1.84908 -1.29341</i>
                    </KeyFrames>
                </p>
            </i>
            <i>
                <p>
                    <Name><![CDATA[spine0]]></Name>
                    <Exclude>0</Exclude>
                    <Additive>0</Additive>
                    <IKPriority>0</IKPriority>
                    <IKRotLimits>-1e+010 -1e+010 -1e+010 1e+010 1e+010 1e+010</IKRotLimits>
                    <IKRotLimitOrder>0</IKRotLimitOrder>
                    <KeyFrames count="33">
                        <i>-0.0367488 0.695904 0.717194 -0.963064 -0.216236 0.16047 0.266754 -0.684807 0.678146 -1.99081 1.99787 -1.3476</i>
                        <i>-0.0380359 0.697601 0.715476 -0.965528 -0.210161 0.153581 0.257504 -0.684971 0.681548 -1.99203 1.99669 -1.34454</i>
                        <i>-0.039102 0.699273 0.713785 -0.967936 -0.203894 0.146724 0.248137 -0.685161 0.684824 -1.99305 1.99519 -1.34167</i>
                        <i>-0.0399509 0.700916 0.712124 -0.970283 -0.197434 0.139893 0.238651 -0.685373 0.687975 -1.99386 1.99341 -1.339</i>
                        <i>-0.0405871 0.702531 0.710495 -0.972569 -0.190781 0.133085 0.229045 -0.685604 0.691003 -1.99446 1.99141 -1.33652</i>
                        <i>-0.0410149 0.704115 0.7089 -0.974791 -0.183935 0.126295 0.219317 -0.68585 0.693909 -1.99484 1.98922 -1.33423</i>
                        <i>-0.041239 0.705667 0.707342 -0.976946 -0.176895 0.119519 0.209466 -0.686106 0.696694 -1.99499 1.98689 -1.33211</i>
                        <i>-0.0412644 0.707187 0.705821 -0.979031 -0.169661 0.112753 0.199488 -0.686368 0.699359 -1.99491 1.98447 -1.33018</i>
                        <i>-0.041096 0.708674 0.704338 -0.981043 -0.162234 0.105992 0.189381 -0.68663 0.701907 -1.9946 1.982 -1.32843</i>
                        <i>-0.0407389 0.710127 0.702894 -0.982979 -0.154614 0.0992325 0.179145 -0.686887 0.704339 -1.99405 1.97952 -1.32684</i>
                        <i>-0.0401984 0.711545 0.701489 -0.984834 -0.146801 0.0924698 0.168776 -0.687134 0.706656 -1.99325 1.97709 -1.32542</i>
                        <i>-0.03948 0.712929 0.700124 -0.986606 -0.138795 0.0856993 0.158271 -0.687363 0.70886 -1.99222 1.97474 -1.32417</i>
                        <i>-0.038589 0.714278 0.698797 -0.98829 -0.130599 0.0789166 0.14763 -0.687568 0.710954 -1.99093 1.97251 -1.32307</i>
                        <i>-0.0375308 0.715593 0.697508 -0.989881 -0.122211 0.0721173 0.13685 -0.687743 0.712938 -1.98939 1.97047 -1.32212</i>
                        <i>-0.036311 0.716873 0.696257 -0.991375 -0.113634 0.065297 0.125928 -0.687881 0.714816 -1.98759 1.96863 -1.32132</i>
                        <i>-0.0349351 0.718119 0.695043 -0.992767 -0.104869 0.0584512 0.114863 -0.687973 0.716589 -1.98553 1.96706 -1.32067</i>
                        <i>-0.0334085 0.719332 0.693863 -0.994052 -0.095917 0.0515756 0.103653 -0.688013 0.718258 -1.98322 1.9658 -1.32015</i>
                        <i>-0.0317366 0.720512 0.692716 -0.995226 -0.0867798 0.0446659 0.092296 -0.687992 0.719826 -1.98064 1.96488 -1.31976</i>
                        <i>-0.0299247 0.721659 0.691602 -0.996282 -0.0774591 0.0377177 0.0807901 -0.687901 0.721294 -1.97779 1.96436 -1.3195</i>
                        <i>-0.0279781 0.722775 0.690517 -0.997215 -0.067957 0.0307269 0.0691341 -0.687734 0.722664 -1.97468 1.96444 -1.31935</i>
                        <i>-0.025902 0.723861 0.689459 -0.998019 -0.0582757 0.0236894 0.0573266 -0.68748 0.723937 -1.9713 1.96525 -1.31932</i>
                        <i>-0.0237012 0.724917 0.688428 -0.998689 -0.0484177 0.0166011 0.0453665 -0.687132 0.725115 -1.96766 1.96666 -1.3194</i>
                        <i>-0.0213809 0.725945 0.68742 -0.999218 -0.0383854 0.00945796 0.0332529 -0.68668 0.726199 -1.96374 1.96855 -1.31958</i>
                        <i>-0.0189455 0.726946 0.686433 -0.9996 -0.0281819 0.00225626 0.0209852 -0.686116 0.72719 -1.95956 1.97083 -1.31985</i>
                        <i>-0.0163997 0.727921 0.685465 -0.999829 -0.01781 -0.00500782 0.00856281 -0.685429 0.728089 -1.9551 1.97336 -1.32021</i>
                        <i>-0.0137479 0.728871 0.684513 -0.999897 -0.00727299 -0.0123379 -0.00401428 -0.684612 0.728896 -1.95038 1.97603 -1.32065</i>
                        <i>-0.0109942 0.729798 0.683575 -0.999799 0.00342569 -0.0197375 -0.0167461 -0.683655 0.729613 -1.94539 1.97873 -1.32117</i>
                        <i>-0.00814256 0.730701 0.682649 -0.999528 0.0142824 -0.02721 -0.0296322 -0.682548 0.73024 -1.94013 1.98135 -1.32176</i>
                        <i>-0.00519676 0.731584 0.681732 -0.999076 0.0252933 -0.0347587 -0.0426721 -0.681282 0.730776 -1.93461 1.98375 -1.3224</i>
                        <i>-0.00216035 0.732446 0.680822 -0.998436 0.0364543 -0.0423866 -0.0558648 -0.679849 0.731221 -1.92882 1.98584 -1.3231</i>
                        <i>0.000963334 0.733289 0.679917 -0.997602 0.0477611 -0.0500968 -0.069209 -0.678238 0.731576 -1.92277 1.9875 -1.32384</i>
                        <i>0.00417116 0.734113 0.679015 -0.996565 0.0592094 -0.0578921 -0.0827034 -0.676441 0.731838 -1.91647 1.9886 -1.32463</i>
                        <i>0.00746025 0.734919 0.678113 -0.99532 0.0707946 -0.0657751 -0.0963461 -0.674449 0.732008 -1.9099 1.98904 -1.32544</i>
                    </KeyFrames>
                </p>
            </i>
            <i>
                <p>
                    <Name><![CDATA[spine1]]></Name>
                    <Exclude>0</Exclude>
                    <Additive>0</Additive>
                    <IKPriority>0</IKPriority>
                    <IKRotLimits>-1e+010 -1e+010 -1e+010 1e+010 1e+010 1e+010</IKRotLimits>
                    <IKRotLimitOrder>0</IKRotLimitOrder>
                    <KeyFrames count="33">
                        <i>0.181066 0.343681 0.921465 -0.946489 -0.193624 0.2582 0.267157 -0.918909 0.290231 -1.99756 2.1255 -1.21617</i>
                        <i>0.176311 0.34622 0.921437 -0.948543 -0.190374 0.253029 0.263022 -0.918634 0.29484 -1.99901 2.12441 -1.21364</i>
                        <i>0.171681 0.348861 0.921315 -0.9506 -0.186845 0.247888 0.258621 -0.91836 0.29955 -2.00021 2.123 -1.21131</i>
                        <i>0.16718 0.351599 0.921102 -0.952658 -0.183037 0.242775 0.253955 -0.918083 0.304353 -2.00117 2.1213 -1.20916</i>
                        <i>0.162811 0.354426 0.920801 -0.954715 -0.178953 0.237688 0.249023 -0.917801 0.30924 -2.00186 2.11938 -1.20719</i>
                        <i>0.158579 0.357337 0.920415 -0.956767 -0.174593 0.232625 0.243824 -0.917512 0.314201 -2.00231 2.11726 -1.20541</i>
                        <i>0.154487 0.360325 0.919946 -0.958812 -0.169959 0.227583 0.238357 -0.917213 0.319227 -2.00248 2.115 -1.20379</i>
                        <i>0.150538 0.363383 0.919397 -0.960846 -0.165051 0.22256 0.232622 -0.916903 0.324309 -2.0024 2.11263 -1.20235</i>
                        <i>0.146737 0.366504 0.918773 -0.962867 -0.15987 0.217552 0.226618 -0.916578 0.329436 -2.00204 2.11022 -1.20107</i>
                        <i>0.143085 0.369681 0.918076 -0.96487 -0.154417 0.212557 0.220345 -0.916238 0.3346 -2.00141 2.1078 -1.19995</i>
                        <i>0.139586 0.372906 0.91731 -0.966853 -0.148693 0.207571 0.213802 -0.915878 0.33979 -2.00051 2.10541 -1.19899</i>
                        <i>0.136242 0.37617 0.916479 -0.968811 -0.142697 0.202592 0.206987 -0.915497 0.344996 -1.99933 2.10311 -1.19817</i>
                        <i>0.133057 0.379465 0.915588 -0.97074 -0.13643 0.197615 0.199901 -0.915092 0.350209 -1.99787 2.10093 -1.19751</i>
                        <i>0.130032 0.382784 0.914641 -0.972635 -0.129892 0.192638 0.192543 -0.914661 0.355419 -1.99613 2.09892 -1.19698</i>
                        <i>0.12717 0.386117 0.913642 -0.974492 -0.123083 0.187656 0.184911 -0.914201 0.360616 -1.9941 2.09713 -1.19659</i>
                        <i>0.124471 0.389455 0.912596 -0.976307 -0.116004 0.182666 0.177005 -0.913711 0.365789 -1.99179 2.09559 -1.19633</i>
                        <i>0.121938 0.39279 0.911508 -0.978074 -0.108654 0.177664 0.168824 -0.913187 0.370929 -1.98919 2.09436 -1.19619</i>
                        <i>0.119571 0.396112 0.910384 -0.979788 -0.101034 0.172647 0.160367 -0.912627 0.376025 -1.9863 2.09348 -1.19618</i>
                        <i>0.11737 0.399412 0.909227 -0.981444 -0.0931421 0.167609 0.151632 -0.912028 0.381068 -1.98313 2.09299 -1.19627</i>
                        <i>0.115336 0.402681 0.908045 -0.983035 -0.0849793 0.162546 0.142619 -0.911387 0.386048 -1.97966 2.09311 -1.19648</i>
                        <i>0.113469 0.40591 0.906842 -0.984555 -0.076545 0.157455 0.133327 -0.910702 0.390956 -1.97591 2.09395 -1.19678</i>
                        <i>0.111767 0.40909 0.905623 -0.985999 -0.0678388 0.15233 0.123753 -0.909969 0.39578 -1.97187 2.0954 -1.19719</i>
                        <i>0.110228 0.412212 0.904395 -0.987359 -0.0588602 0.147168 0.113897 -0.909185 0.400513 -1.96753 2.09734 -1.19768</i>
                        <i>0.108852 0.415266 0.903164 -0.988628 -0.0496088 0.141962 0.103757 -0.908346 0.405144 -1.96291 2.09965 -1.19825</i>
                        <i>0.107635 0.418245 0.901935 -0.9898 -0.0400838 0.136709 0.0933307 -0.90745 0.409664 -1.95801 2.10223 -1.19891</i>
                        <i>0.106575 0.421139 0.900713 -0.990866 -0.0302847 0.131402 0.0826165 -0.906491 0.414064 -1.95281 2.10495 -1.19963</i>
                        <i>0.105668 0.42394 0.899505 -0.99182 -0.0202106 0.126038 0.0716121 -0.905465 0.418336 -1.94733 2.1077 -1.20042</i>
                        <i>0.10491 0.426641 0.898316 -0.992651 -0.00986055 0.12061 0.0603152 -0.904367 0.422471 -1.94157 2.11036 -1.20127</i>
                        <i>0.104297 0.429234 0.897151 -0.993352 0.000766498 0.115113 0.0487229 -0.903193 0.42646 -1.93552 2.11283 -1.20216</i>
                        <i>0.103822 0.431711 0.896017 -0.993914 0.0116718 0.109542 0.0368322 -0.901936 0.430296 -1.9292 2.11498 -1.2031</i>
                        <i>0.103481 0.434067 0.894918 -0.994326 0.022857 0.103889 0.0246398 -0.900591 0.43397 -1.9226 2.1167 -1.20408</i>
                        <i>0.103267 0.436295 0.893858 -0.99458 0.0343238 0.0981497 0.0121416 -0.899149 0.437475 -1.91573 2.11788 -1.20509</i>
                        <i>0.103173 0.438389 0.892844 -0.994663 0.0460744 0.0923166 -0.000666695 -0.897604 0.440803 -1.90859 2.1184 -1.20612</i>
                    </KeyFrames>
                </p>
            </i>
            <i>
                <p>
                    <Name><![CDATA[spine2]]></Name>
                    <Exclude>0</Exclude>
                    <Additive>0</Additive>
                    <IKPriority>0</IKPriority>
                    <IKRotLimits>-1e+010 -1e+010 -1e+010 1e+010 1e+010 1e+010</IKRotLimits>
                    <IKRotLimitOrder>0</IKRotLimitOrder>
                    <KeyFrames count="33">
                        <i>0.271223 0.197845 0.941964 -0.917146 -0.243803 0.315284 0.292031 -0.94943 0.115328 -1.96693 2.18316 -1.06086</i>
                        <i>0.259736 0.215315 0.941369 -0.919051 -0.24414 0.30942 0.296449 -0.945534 0.134474 -1.96923 2.18241 -1.0586</i>
                        <i>0.248467 0.232865 0.940233 -0.920905 -0.244173 0.303833 0.300331 -0.941357 0.153777 -1.97126 2.18134 -1.05655</i>
                        <i>0.237435 0.250486 0.938553 -0.922713 -0.243899 0.29852 0.303687 -0.936894 0.173216 -1.97301 2.18001 -1.0547</i>
                        <i>0.226659 0.268168 0.936329 -0.924483 -0.243315 0.293478 0.306524 -0.932139 0.192768 -1.97449 2.17846 -1.05305</i>
                        <i>0.21616 0.285904 0.93356 -0.926221 -0.242418 0.288702 0.308852 -0.927088 0.212409 -1.97568 2.17674 -1.05158</i>
                        <i>0.205957 0.303682 0.930247 -0.927933 -0.241204 0.284186 0.310682 -0.921736 0.232119 -1.97659 2.17488 -1.05031</i>
                        <i>0.196069 0.321492 0.926391 -0.929623 -0.23967 0.279927 0.312023 -0.916079 0.251874 -1.9772 2.17293 -1.04921</i>
                        <i>0.186514 0.339322 0.921994 -0.931297 -0.237812 0.275918 0.312886 -0.910113 0.271654 -1.97752 2.17094 -1.04828</i>
                        <i>0.177312 0.357161 0.917059 -0.932959 -0.235625 0.272154 0.313285 -0.903835 0.291437 -1.97753 2.16896 -1.04752</i>
                        <i>0.168481 0.374996 0.911588 -0.934613 -0.233106 0.268628 0.313231 -0.89724 0.311202 -1.97725 2.16701 -1.04693</i>
                        <i>0.160039 0.392814 0.905586 -0.93626 -0.230249 0.265334 0.312737 -0.890327 0.330927 -1.97666 2.16516 -1.04649</i>
                        <i>0.152002 0.4106 0.899057 -0.937904 -0.227051 0.262265 0.311818 -0.883094 0.350592 -1.97576 2.16343 -1.04621</i>
                        <i>0.14439 0.428342 0.892006 -0.939548 -0.223507 0.259413 0.310487 -0.875539 0.370175 -1.97454 2.16188 -1.04606</i>
                        <i>0.137217 0.446023 0.884441 -0.94119 -0.219611 0.256772 0.308759 -0.86766 0.389658 -1.97302 2.16055 -1.04606</i>
                        <i>0.130501 0.463628 0.876367 -0.942834 -0.215359 0.254331 0.306649 -0.859459 0.409019 -1.97118 2.15948 -1.04618</i>
                        <i>0.124258 0.48114 0.867793 -0.944478 -0.210747 0.252085 0.304173 -0.850935 0.42824 -1.96903 2.15871 -1.04643</i>
                        <i>0.118501 0.498544 0.858726 -0.946123 -0.205768 0.250023 0.301346 -0.842089 0.4473 -1.96656 2.15829 -1.0468</i>
                        <i>0.113247 0.515822 0.849178 -0.947766 -0.200419 0.248137 0.298186 -0.832923 0.466181 -1.96377 2.15826 -1.04728</i>
                        <i>0.108509 0.532955 0.839157 -0.949406 -0.194694 0.246417 0.294709 -0.82344 0.484865 -1.96066 2.15884 -1.04787</i>
                        <i>0.104301 0.549927 0.828675 -0.951042 -0.188589 0.244855 0.290931 -0.813643 0.503333 -1.95723 2.16013 -1.04855</i>
                        <i>0.100635 0.566717 0.817743 -0.952669 -0.1821 0.243439 0.286872 -0.803537 0.521568 -1.95349 2.16203 -1.04932</i>
                        <i>0.0975223 0.583308 0.806375 -0.954283 -0.17522 0.242159 0.282547 -0.793127 0.539553 -1.94942 2.1644 -1.05017</i>
                        <i>0.0949755 0.599679 0.794585 -0.955882 -0.167947 0.241006 0.277975 -0.782419 0.557271 -1.94505 2.16715 -1.0511</i>
                        <i>0.0930044 0.615811 0.782385 -0.957458 -0.160276 0.239968 0.273173 -0.77142 0.574707 -1.94035 2.17014 -1.0521</i>
                        <i>0.0916186 0.631684 0.769793 -0.959008 -0.152204 0.239035 0.26816 -0.760138 0.591845 -1.93535 2.17327 -1.05316</i>
                        <i>0.0908266 0.647278 0.756823 -0.960524 -0.143726 0.238195 0.262954 -0.748581 0.608672 -1.93003 2.17642 -1.05427</i>
                        <i>0.0906364 0.662573 0.743493 -0.961999 -0.134839 0.237437 0.257571 -0.73676 0.625173 -1.9244 2.17947 -1.05542</i>
                        <i>0.0910547 0.677547 0.729821 -0.963426 -0.125541 0.236749 0.252032 -0.724685 0.641335 -1.91847 2.18231 -1.05662</i>
                        <i>0.0920874 0.692182 0.715824 -0.964796 -0.115829 0.23612 0.246352 -0.712368 0.657148 -1.91224 2.18482 -1.05784</i>
                        <i>0.0937393 0.706456 0.701522 -0.9661 -0.105702 0.235538 0.240549 -0.69982 0.672598 -1.9057 2.18688 -1.05909</i>
                        <i>0.0960143 0.720349 0.686934 -0.967329 -0.0951561 0.23499 0.234641 -0.687054 0.687678 -1.89887 2.18838 -1.06034</i>
                        <i>0.0989152 0.733841 0.672081 -0.968472 -0.0841919 0.234466 0.228644 -0.674084 0.702376 -1.89175 2.1892 -1.06161</i>
                    </KeyFrames>
                </p>
            </i>
            <i>
                <p>
                    <Name><![CDATA[head]]></Name>
                    <Exclude>0</Exclude>
                    <Additive>0</Additive>
                    <IKPriority>0</IKPriority>
                    <IKRotLimits>-1e+010 -1e+010 -1e+010 1e+010 1e+010 1e+010</IKRotLimits>
                    <IKRotLimitOrder>0</IKRotLimitOrder>
                    <KeyFrames count="33">
                        <i>-0.0435872 0.834685 0.549 0.0521035 0.550674 -0.833093 -0.99769 -0.00770729 -0.0674924 -1.84873 2.23901 -0.822891</i>
                        <i>-0.0559469 0.838893 0.541413 0.0530354 0.543994 -0.837412 -0.997024 -0.0181365 -0.0749258 -1.85609 2.24464 -0.820532</i>
                        <i>-0.0675947 0.843153 0.533407 0.0539126 0.536936 -0.841899 -0.996255 -0.0281506 -0.0817506 -1.86315 2.24992 -0.818688</i>
                        <i>-0.0785223 0.847467 0.525008 0.0547473 0.529505 -0.846538 -0.995408 -0.0377293 -0.0879745 -1.86988 2.25489 -0.817354</i>
                        <i>-0.0887221 0.851836 0.516241 0.0555509 0.52171 -0.851313 -0.994506 -0.0468527 -0.0936074 -1.87627 2.25959 -0.816519</i>
                        <i>-0.0981879 0.85626 0.507128 0.0563336 0.513555 -0.856205 -0.993572 -0.0555007 -0.0986611 -1.88231 2.26406 -0.816176</i>
                        <i>-0.106914 0.860739 0.497693 0.0571045 0.505051 -0.861198 -0.992627 -0.0636538 -0.103149 -1.88797 2.26833 -0.816314</i>
                        <i>-0.114897 0.865273 0.487957 0.057872 0.496206 -0.866274 -0.99169 -0.0712929 -0.107087 -1.89325 2.27245 -0.816923</i>
                        <i>-0.122131 0.86986 0.477942 0.0586432 0.48703 -0.871414 -0.99078 -0.078399 -0.110493 -1.89813 2.27645 -0.817993</i>
                        <i>-0.128615 0.874498 0.467667 0.0594245 0.477532 -0.876602 -0.989913 -0.0849538 -0.113385 -1.90261 2.28036 -0.81951</i>
                        <i>-0.134347 0.879184 0.457151 0.0602214 0.467725 -0.88182 -0.989103 -0.0909395 -0.115783 -1.90665 2.28423 -0.821462</i>
                        <i>-0.139324 0.883914 0.446413 0.0610387 0.457619 -0.887051 -0.988364 -0.096339 -0.11771 -1.91027 2.28809 -0.823836</i>
                        <i>-0.143546 0.888684 0.435471 0.0618801 0.447227 -0.892277 -0.987707 -0.101136 -0.11919 -1.91344 2.29197 -0.82662</i>
                        <i>-0.147012 0.893489 0.424341 0.062749 0.436563 -0.897483 -0.987142 -0.105314 -0.120246 -1.91616 2.29592 -0.829797</i>
                        <i>-0.149723 0.898321 0.413039 0.0636479 0.425639 -0.902652 -0.986677 -0.108859 -0.120904 -1.91841 2.29997 -0.833353</i>
                        <i>-0.15168 0.903175 0.401581 0.0645789 0.414469 -0.907769 -0.986318 -0.111757 -0.121193 -1.9202 2.30415 -0.837273</i>
                        <i>-0.152883 0.908042 0.389982 0.0655434 0.403069 -0.91282 -0.986068 -0.113994 -0.121138 -1.92151 2.30851 -0.841541</i>
                        <i>-0.153334 0.912914 0.378255 0.0665427 0.391451 -0.91779 -0.985931 -0.115558 -0.120771 -1.92233 2.31309 -0.84614</i>
                        <i>-0.153036 0.917781 0.366414 0.0675773 0.379632 -0.922666 -0.985907 -0.116439 -0.120118 -1.92267 2.31791 -0.851055</i>
                        <i>-0.15199 0.922631 0.354473 0.0686478 0.367627 -0.927436 -0.985995 -0.116627 -0.119212 -1.92252 2.32319 -0.856266</i>
                        <i>-0.150201 0.927455 0.342444 0.0697541 0.355451 -0.932088 -0.986192 -0.116113 -0.118083 -1.92187 2.32903 -0.861759</i>
                        <i>-0.147671 0.932239 0.330339 0.0708966 0.34312 -0.936612 -0.986492 -0.11489 -0.116761 -1.92073 2.33531 -0.867513</i>
                        <i>-0.144404 0.93697 0.318172 0.0720748 0.330648 -0.940998 -0.98689 -0.112952 -0.115279 -1.91909 2.34192 -0.873512</i>
                        <i>-0.140406 0.941636 0.305954 0.0732888 0.318052 -0.945236 -0.987378 -0.110294 -0.113668 -1.91695 2.34872 -0.879737</i>
                        <i>-0.13568 0.94622 0.293697 0.0745384 0.305347 -0.949319 -0.987945 -0.106912 -0.111959 -1.91431 2.3556 -0.886169</i>
                        <i>-0.130233 0.950708 0.281412 0.0758235 0.292548 -0.95324 -0.98858 -0.102805 -0.110185 -1.91117 2.36244 -0.892789</i>
                        <i>-0.12407 0.955084 0.269112 0.0771441 0.279671 -0.956992 -0.98927 -0.0979732 -0.108378 -1.90754 2.36912 -0.89958</i>
                        <i>-0.117197 0.95933 0.256807 0.0785004 0.266729 -0.960569 -0.990001 -0.0924167 -0.106568 -1.90342 2.37552 -0.906521</i>
                        <i>-0.109623 0.96343 0.244511 0.0798928 0.253738 -0.963968 -0.990757 -0.0861387 -0.104787 -1.89881 2.38152 -0.913594</i>
                        <i>-0.101355 0.967365 0.232233 0.0813218 0.24071 -0.967184 -0.991521 -0.0791433 -0.103065 -1.89371 2.38699 -0.92078</i>
                        <i>-0.0924008 0.971117 0.219987 0.0827883 0.22766 -0.970215 -0.992274 -0.0714363 -0.101433 -1.88815 2.39183 -0.928059</i>
                        <i>-0.0827702 0.974666 0.207785 0.0842935 0.2146 -0.973058 -0.992997 -0.0630253 -0.0999206 -1.88211 2.39591 -0.935412</i>
                        <i>-0.0724729 0.977995 0.195638 0.0858388 0.201543 -0.975711 -0.99367 -0.0539192 -0.0985562 -1.8756 2.39912 -0.94282</i>
                    </KeyFrames>
                </p>
            </i>
            <i>
                <p>
                    <Name><![CDATA[head_prop]]></Name>
                    <Exclude>0</Exclude>
                    <Additive>0</Additive>
                    <IKPriority>0</IKPriority>
                    <IKRotLimits>-1e+010 -1e+010 -1e+010 1e+010 1e+010 1e+010</IKRotLimits>
                    <IKRotLimitOrder>0</IKRotLimitOrder>
                    <KeyFrames count="33">
                        <i>0.99769 0.00770729 0.0674924 -0.0435872 0.834685 0.549 -0.0521035 -0.550674 0.833093 -1.86293 2.51104 -0.643966</i>
                        <i>0.997024 0.0181365 0.0749258 -0.0559469 0.838893 0.541413 -0.0530354 -0.543994 0.837412 -1.87432 2.51804 -0.64408</i>
                        <i>0.996255 0.0281506 0.0817506 -0.0675947 0.843153 0.533407 -0.0539126 -0.536936 0.841899 -1.88518 2.52471 -0.644846</i>
                        <i>0.995408 0.0377293 0.0879745 -0.0785223 0.847467 0.525008 -0.0547473 -0.529505 0.846538 -1.89547 2.53108 -0.646249</i>
                        <i>0.994506 0.0468527 0.0936074 -0.0887221 0.851836 0.516241 -0.0555509 -0.52171 0.851313 -1.90518 2.53721 -0.648272</i>
                        <i>0.993572 0.0555007 0.0986611 -0.0981879 0.85626 0.507128 -0.0563336 -0.513555 0.856205 -1.91431 2.54312 -0.650899</i>
                        <i>0.992627 0.0636538 0.103149 -0.106914 0.860739 0.497693 -0.0571045 -0.505051 0.861198 -1.92282 2.54886 -0.654112</i>
                        <i>0.99169 0.0712929 0.107087 -0.114897 0.865273 0.487957 -0.057872 -0.496206 0.866274 -1.9307 2.55445 -0.657894</i>
                        <i>0.99078 0.078399 0.110493 -0.122131 0.86986 0.477942 -0.0586432 -0.48703 0.871414 -1.93794 2.55994 -0.662227</i>
                        <i>0.989913 0.0849538 0.113385 -0.128615 0.874498 0.467667 -0.0594245 -0.477532 0.876602 -1.94452 2.56537 -0.667093</i>
                        <i>0.989103 0.0909395 0.115783 -0.134347 0.879184 0.457151 -0.0602214 -0.467725 0.88182 -1.95044 2.57076 -0.672472</i>
                        <i>0.988364 0.096339 0.11771 -0.139324 0.883914 0.446413 -0.0610387 -0.457619 0.887051 -1.95568 2.57616 -0.678346</i>
                        <i>0.987707 0.101136 0.11919 -0.143546 0.888684 0.435471 -0.0618801 -0.447227 0.892277 -1.96022 2.5816 -0.684695</i>
                        <i>0.987142 0.105314 0.120246 -0.147012 0.893489 0.424341 -0.062749 -0.436563 0.897483 -1.96407 2.58711 -0.6915</i>
                        <i>0.986677 0.108859 0.120904 -0.149723 0.898321 0.413039 -0.0636479 -0.425639 0.902652 -1.96721 2.59274 -0.69874</i>
                        <i>0.986318 0.111757 0.121193 -0.15168 0.903175 0.401581 -0.0645789 -0.414469 0.907769 -1.96963 2.59851 -0.706394</i>
                        <i>0.986068 0.113994 0.121138 -0.152883 0.908042 0.389982 -0.0655434 -0.403069 0.91282 -1.97133 2.60445 -0.714442</i>
                        <i>0.985931 0.115558 0.120771 -0.153334 0.912914 0.378255 -0.0665427 -0.391451 0.91779 -1.97231 2.61061 -0.722864</i>
                        <i>0.985907 0.116439 0.120118 -0.153036 0.917781 0.366414 -0.0675773 -0.379632 0.922666 -1.97255 2.61702 -0.731637</i>
                        <i>0.985995 0.116627 0.119212 -0.15199 0.922631 0.354473 -0.0686478 -0.367627 0.927436 -1.97206 2.62388 -0.740741</i>
                        <i>0.986192 0.116113 0.118083 -0.150201 0.927455 0.342444 -0.0697541 -0.355451 0.932088 -1.97083 2.63129 -0.750153</i>
                        <i>0.986492 0.11489 0.116761 -0.147671 0.932239 0.330339 -0.0708966 -0.34312 0.936612 -1.96886 2.63914 -0.759852</i>
                        <i>0.98689 0.112952 0.115279 -0.144404 0.93697 0.318172 -0.0720748 -0.330648 0.940998 -1.96615 2.64728 -0.769817</i>
                        <i>0.987378 0.110294 0.113668 -0.140406 0.941636 0.305954 -0.0732888 -0.318052 0.945236 -1.96271 2.65561 -0.780023</i>
                        <i>0.987945 0.106912 0.111959 -0.13568 0.94622 0.293697 -0.0745384 -0.305347 0.949319 -1.95853 2.66399 -0.79045</i>
                        <i>0.98858 0.102805 0.110185 -0.130233 0.950708 0.281412 -0.0758235 -0.292548 0.95324 -1.95361 2.67229 -0.801075</i>
                        <i>0.98927 0.0979732 0.108378 -0.12407 0.955084 0.269112 -0.0771441 -0.279671 0.956992 -1.94797 2.68039 -0.811874</i>
                        <i>0.990001 0.0924167 0.106568 -0.117197 0.95933 0.256807 -0.0785004 -0.266729 0.960569 -1.94161 2.68817 -0.822825</i>
                        <i>0.990757 0.0861387 0.104787 -0.109623 0.96343 0.244511 -0.0798928 -0.253738 0.963968 -1.93453 2.69551 -0.833906</i>
                        <i>0.991521 0.0791433 0.103065 -0.101355 0.967365 0.232233 -0.0813218 -0.24071 0.967184 -1.92675 2.70226 -0.845093</i>
                        <i>0.992274 0.0714363 0.101433 -0.0924008 0.971117 0.219987 -0.0827883 -0.22766 0.970215 -1.91826 2.70832 -0.856363</i>
                        <i>0.992997 0.0630253 0.0999206 -0.0827702 0.974666 0.207785 -0.0842935 -0.2146 0.973058 -1.90908 2.71356 -0.867693</i>
                        <i>0.99367 0.0539192 0.0985562 -0.0724729 0.977995 0.195638 -0.0858388 -0.201543 0.975711 -1.89922 2.71785 -0.879059</i>
                    </KeyFrames>
                </p>
            </i>
            <i>
                <p>
                    <Name><![CDATA[l_clav]]></Name>
                    <Exclude>0</Exclude>
                    <Additive>0</Additive>
                    <IKPriority>0</IKPriority>
                    <IKRotLimits>-1e+010 -1e+010 -1e+010 1e+010 1e+010 1e+010</IKRotLimits>
                    <IKRotLimitOrder>0</IKRotLimitOrder>
                    <KeyFrames count="33">
                        <i>0.887048 0.4317 -0.163649 -0.015194 0.381572 0.924214 0.461427 -0.817336 0.345032 -1.85911 2.18038 -1.01819</i>
                        <i>0.890634 0.431535 -0.143347 -0.0457045 0.398599 0.915986 0.452418 -0.809256 0.374729 -1.86158 2.18037 -1.01452</i>
                        <i>0.893613 0.431746 -0.122686 -0.0762712 0.415433 0.90642 0.442311 -0.800631 0.404166 -1.8638 2.18005 -1.01109</i>
                        <i>0.895947 0.432363 -0.101694 -0.106856 0.432053 0.895496 0.431117 -0.79145 0.433297 -1.86577 2.17945 -1.0079</i>
                        <i>0.8976 0.433415 -0.080406 -0.137417 0.448436 0.883189 0.418844 -0.781701 0.462074 -1.86747 2.17863 -1.00494</i>
                        <i>0.898539 0.43493 -0.0588604 -0.167909 0.464559 0.869477 0.405506 -0.771376 0.490453 -1.86891 2.17762 -1.00221</i>
                        <i>0.898728 0.436934 -0.0371024 -0.198285 0.480399 0.854342 0.391115 -0.760464 0.518386 -1.87006 2.17647 -0.999708</i>
                        <i>0.898137 0.439453 -0.0151827 -0.228493 0.49593 0.837762 0.375686 -0.748956 0.545825 -1.87094 2.17522 -0.997421</i>
                        <i>0.896738 0.44251 0.00684231 -0.258477 0.511124 0.81972 0.359237 -0.736843 0.572723 -1.87153 2.17392 -0.995347</i>
                        <i>0.894504 0.446125 0.0289104 -0.288177 0.525955 0.800203 0.341785 -0.724116 0.599032 -1.87183 2.17261 -0.993477</i>
                        <i>0.891414 0.450316 0.0509537 -0.31753 0.540392 0.779199 0.323351 -0.710768 0.624702 -1.87183 2.17133 -0.991807</i>
                        <i>0.887452 0.455098 0.0728992 -0.346466 0.554407 0.756699 0.303956 -0.696792 0.649686 -1.87153 2.17012 -0.99033</i>
                        <i>0.882607 0.460481 0.094669 -0.374915 0.567968 0.732702 0.283626 -0.68218 0.673933 -1.87092 2.16903 -0.989039</i>
                        <i>0.876873 0.466472 0.116181 -0.402799 0.581042 0.707208 0.262387 -0.666929 0.697394 -1.87 2.16809 -0.987926</i>
                        <i>0.870251 0.473074 0.137348 -0.430041 0.593598 0.680226 0.240267 -0.651032 0.72002 -1.86877 2.16736 -0.986985</i>
                        <i>0.86275 0.480284 0.158083 -0.456557 0.605601 0.65177 0.2173 -0.634488 0.741759 -1.86722 2.16687 -0.986207</i>
                        <i>0.854385 0.488096 0.178294 -0.482263 0.617018 0.621862 0.193518 -0.617293 0.762561 -1.86535 2.16667 -0.985585</i>
                        <i>0.84518 0.496499 0.197888 -0.507073 0.627814 0.590531 0.168961 -0.599449 0.782377 -1.86316 2.16679 -0.985111</i>
                        <i>0.835167 0.505474 0.216775 -0.5309 0.637956 0.557814 0.143667 -0.580954 0.801156 -1.86065 2.16728 -0.984776</i>
                        <i>0.824387 0.515 0.234864 -0.553658 0.64741 0.523759 0.117683 -0.561814 0.81885 -1.85781 2.16835 -0.984573</i>
                        <i>0.812886 0.525051 0.252067 -0.575262 0.656141 0.488419 0.0910536 -0.542033 0.83541 -1.85465 2.17012 -0.984492</i>
                        <i>0.800721 0.535595 0.268299 -0.595628 0.664117 0.451858 0.0638314 -0.521618 0.850788 -1.85116 2.17247 -0.984525</i>
                        <i>0.787954 0.546596 0.28348 -0.614676 0.671307 0.41415 0.0360707 -0.50058 0.864939 -1.84734 2.17527 -0.984663</i>
                        <i>0.774656 0.558014 0.297538 -0.632334 0.677678 0.375375 0.00782974 -0.47893 0.877818 -1.8432 2.17841 -0.984896</i>
                        <i>0.760902 0.569804 0.310404 -0.648532 0.683201 0.335622 -0.0208294 -0.456683 0.889386 -1.83873 2.18178 -0.985217</i>
                        <i>0.746773 0.581921 0.322021 -0.663208 0.687849 0.29499 -0.049841 -0.433858 0.899602 -1.83394 2.18526 -0.985614</i>
                        <i>0.732355 0.594313 0.332338 -0.676309 0.691594 0.253582 -0.079136 -0.410475 0.908431 -1.82883 2.18872 -0.986079</i>
                        <i>0.717734 0.606929 0.341314 -0.68779 0.694413 0.211509 -0.108642 -0.386559 0.915843 -1.82339 2.19206 -0.986602</i>
                        <i>0.703 0.619716 0.348917 -0.697616 0.696282 0.168887 -0.138283 -0.362137 0.921811 -1.81764 2.19516 -0.987173</i>
                        <i>0.688246 0.632618 0.355124 -0.705763 0.697183 0.125836 -0.16798 -0.337239 0.926311 -1.81158 2.1979 -0.987782</i>
                        <i>0.673559 0.64558 0.359923 -0.712215 0.697098 0.0824803 -0.197654 -0.311898 0.929329 -1.80521 2.20016 -0.98842</i>
                        <i>0.65903 0.658547 0.363312 -0.716972 0.696013 0.0389458 -0.227222 -0.286151 0.930853 -1.79853 2.20182 -0.989076</i>
                        <i>0.644744 0.671464 0.365296 -0.720042 0.693915 -0.00464068 -0.2566 -0.260037 0.93088 -1.79154 2.20278 -0.98974</i>
                    </KeyFrames>
                </p>
            </i>
            <i>
                <p>
                    <Name><![CDATA[l_shoulder]]></Name>
                    <Exclude>0</Exclude>
                    <Additive>0</Additive>
                    <IKPriority>0</IKPriority>
                    <IKRotLimits>-1e+010 -1e+010 -1e+010 1e+010 1e+010 1e+010</IKRotLimits>
                    <IKRotLimitOrder>0</IKRotLimitOrder>
                    <KeyFrames count="33">
                        <i>0.593395 -0.708888 0.381262 0.490954 0.694117 0.526466 -0.637845 -0.12522 0.759917 -1.68385 2.26568 -1.05053</i>
                        <i>0.620304 -0.687069 0.378363 0.449587 0.706725 0.54627 -0.642724 -0.168746 0.747282 -1.68796 2.2645 -1.04246</i>
                        <i>0.64387 -0.666234 0.37625 0.410342 0.715718 0.565127 -0.645795 -0.209477 0.734212 -1.69189 2.26311 -1.03469</i>
                        <i>0.664342 -0.646671 0.374787 0.373328 0.721501 0.583148 -0.647515 -0.247491 0.720745 -1.69561 2.26156 -1.02721</i>
                        <i>0.681965 -0.628608 0.373865 0.338585 0.724443 0.600451 -0.648292 -0.282902 0.706883 -1.69914 2.25991 -1.02002</i>
                        <i>0.696965 -0.612222 0.373395 0.306096 0.724866 0.61715 -0.648495 -0.315837 0.692605 -1.70244 2.25819 -1.01312</i>
                        <i>0.709543 -0.597654 0.373308 0.275807 0.723047 0.633351 -0.648444 -0.346429 0.67787 -1.70553 2.25646 -1.0065</i>
                        <i>0.71988 -0.585014 0.37354 0.247638 0.71922 0.649151 -0.64842 -0.374808 0.662624 -1.70838 2.25476 -1.00017</i>
                        <i>0.728127 -0.574393 0.374037 0.221495 0.713581 0.664637 -0.648668 -0.401093 0.646803 -1.711 2.25314 -0.994122</i>
                        <i>0.734417 -0.565863 0.374742 0.197276 0.70629 0.67988 -0.649395 -0.425388 0.630342 -1.71336 2.25164 -0.988356</i>
                        <i>0.738855 -0.55948 0.375599 0.174876 0.69748 0.694939 -0.650777 -0.447776 0.613177 -1.71547 2.25032 -0.98287</i>
                        <i>0.741533 -0.555289 0.376542 0.154192 0.687262 0.709856 -0.652958 -0.468321 0.595249 -1.71732 2.2492 -0.977663</i>
                        <i>0.742519 -0.553315 0.377501 0.135123 0.67573 0.72466 -0.656054 -0.487065 0.576508 -1.71889 2.24835 -0.972732</i>
                        <i>0.741873 -0.553571 0.378396 0.117574 0.662962 0.739363 -0.660152 -0.504024 0.556919 -1.72018 2.24779 -0.968076</i>
                        <i>0.739638 -0.556048 0.379138 0.101453 0.649035 0.753963 -0.665314 -0.519195 0.536464 -1.72118 2.24759 -0.963692</i>
                        <i>0.73585 -0.560718 0.379631 0.0866767 0.63402 0.768444 -0.671574 -0.532554 0.515145 -1.72189 2.24777 -0.959578</i>
                        <i>0.730536 -0.567528 0.379776 0.0731637 0.617991 0.782773 -0.678944 -0.544058 0.492987 -1.72229 2.24839 -0.955731</i>
                        <i>0.723715 -0.576401 0.379471 0.0608382 0.601028 0.796909 -0.687412 -0.553649 0.47004 -1.72238 2.24949 -0.952149</i>
                        <i>0.715402 -0.587237 0.37862 0.0496276 0.583219 0.810798 -0.696949 -0.561256 0.446379 -1.72215 2.2511 -0.948829</i>
                        <i>0.705536 -0.60011 0.376945 0.0394993 0.564374 0.824574 -0.707573 -0.566877 0.42189 -1.7216 2.25345 -0.945767</i>
                        <i>0.694093 -0.614927 0.374298 0.0304014 0.544516 0.838199 -0.719243 -0.570409 0.39664 -1.72071 2.25663 -0.94296</i>
