<?xml version="1.0" encoding="ISO-8859-1" ?>
<Animl Version="1">
    <ModellingPackage><![CDATA[Maya.2010]]></ModellingPackage>
    <SrcFile><![CDATA[anims\turrets\machinegun\blue\~src\mgun_gatling\mgun_gatling_fire_crewman_c.mb]]></SrcFile>
    <FramesPerSecond>30</FramesPerSecond>
    <TotalFrames>33</TotalFrames>
    <Skeleton>
        <RefFrame>
            <Name><![CDATA[soldier_ref_frame]]></Name>
            <Exclude>0</Exclude>
            <Additive>0</Additive>
            <IKPriority>0</IKPriority>
            <IKRotLimits>-1e+010 -1e+010 -1e+010 1e+010 1e+010 1e+010</IKRotLimits>
            <IKRotLimitOrder>0</IKRotLimitOrder>
            <KeyFrames count="33">
                <i>1 0 0 0 1 0 0 0 1 -1.71 0.89 -1.77</i>
                <i>1 0 0 0 1 0 0 0 1 -1.71 0.89 -1.77</i>
                <i>1 0 0 0 1 0 0 0 1 -1.71 0.89 -1.77</i>
                <i>1 0 0 0 1 0 0 0 1 -1.71 0.89 -1.77</i>
                <i>1 0 0 0 1 0 0 0 1 -1.71 0.89 -1.77</i>
                <i>1 0 0 0 1 0 0 0 1 -1.71 0.89 -1.77</i>
                <i>1 0 0 0 1 0 0 0 1 -1.71 0.89 -1.77</i>
                <i>1 0 0 0 1 0 0 0 1 -1.71 0.89 -1.77</i>
                <i>1 0 0 0 1 0 0 0 1 -1.71 0.89 -1.77</i>
                <i>1 0 0 0 1 0 0 0 1 -1.71 0.89 -1.77</i>
                <i>1 0 0 0 1 0 0 0 1 -1.71 0.89 -1.77</i>
                <i>1 0 0 0 1 0 0 0 1 -1.71 0.89 -1.77</i>
                <i>1 0 0 0 1 0 0 0 1 -1.71 0.89 -1.77</i>
                <i>1 0 0 0 1 0 0 0 1 -1.71 0.89 -1.77</i>
                <i>1 0 0 0 1 0 0 0 1 -1.71 0.89 -1.77</i>
                <i>1 0 0 0 1 0 0 0 1 -1.71 0.89 -1.77</i>
                <i>1 0 0 0 1 0 0 0 1 -1.71 0.89 -1.77</i>
                <i>1 0 0 0 1 0 0 0 1 -1.71 0.89 -1.77</i>
                <i>1 0 0 0 1 0 0 0 1 -1.71 0.89 -1.77</i>
                <i>1 0 0 0 1 0 0 0 1 -1.71 0.89 -1.77</i>
                <i>1 0 0 0 1 0 0 0 1 -1.71 0.89 -1.77</i>
                <i>1 0 0 0 1 0 0 0 1 -1.71 0.89 -1.77</i>
                <i>1 0 0 0 1 0 0 0 1 -1.71 0.89 -1.77</i>
                <i>1 0 0 0 1 0 0 0 1 -1.71 0.89 -1.77</i>
                <i>1 0 0 0 1 0 0 0 1 -1.71 0.89 -1.77</i>
                <i>1 0 0 0 1 0 0 0 1 -1.71 0.89 -1.77</i>
                <i>1 0 0 0 1 0 0 0 1 -1.71 0.89 -1.77</i>
                <i>1 0 0 0 1 0 0 0 1 -1.71 0.89 -1.77</i>
                <i>1 0 0 0 1 0 0 0 1 -1.71 0.89 -1.77</i>
                <i>1 0 0 0 1 0 0 0 1 -1.71 0.89 -1.77</i>
                <i>1 0 0 0 1 0 0 0 1 -1.71 0.89 -1.77</i>
                <i>1 0 0 0 1 0 0 0 1 -1.71 0.89 -1.77</i>
                <i>1 0 0 0 1 0 0 0 1 -1.71 0.89 -1.77</i>
            </KeyFrames>
        </RefFrame>
        <Bones count="23">
            <i>
                <p>
                    <Name><![CDATA[pelvis]]></Name>
                    <Exclude>0</Exclude>
                    <Additive>0</Additive>
                    <IKPriority>0</IKPriority>
                    <IKRotLimits>-1e+010 -1e+010 -1e+010 1e+010 1e+010 1e+010</IKRotLimits>
                    <IKRotLimitOrder>2</IKRotLimitOrder>
                    <KeyFrames count="33">
                        <i>1 0 0 0 1 0 0 0 1 -1.90102 1.84908 -1.29341</i>
                        <i>1 0 0 0 1 0 0 0 1 -1.908 1.8498 -1.29794</i>
                        <i>1 0 0 0 1 0 0 0 1 -1.91477 1.84949 -1.30277</i>
                        <i>1 0 0 0 1 0 0 0 1 -1.9213 1.84836 -1.30786</i>
                        <i>1 0 0 0 1 0 0 0 1 -1.92754 1.84665 -1.31318</i>
                        <i>1 0 0 0 1 0 0 0 1 -1.93345 1.84459 -1.3187</i>
                        <i>1 0 0 0 1 0 0 0 1 -1.939 1.84241 -1.32438</i>
                        <i>1 0 0 0 1 0 0 0 1 -1.94416 1.84036 -1.3302</i>
                        <i>1 0 0 0 1 0 0 0 1 -1.94891 1.83869 -1.33612</i>
                        <i>1 0 0 0 1 0 0 0 1 -1.95323 1.83765 -1.34211</i>
                        <i>1 0 0 0 1 0 0 0 1 -1.95712 1.8375 -1.34815</i>
                        <i>1 0 0 0 1 0 0 0 1 -1.96056 1.8385 -1.35419</i>
                        <i>1 0 0 0 1 0 0 0 1 -1.96356 1.8409 -1.3602</i>
                        <i>1 0 0 0 1 0 0 0 1 -1.96613 1.84706 -1.36613</i>
                        <i>1 0 0 0 1 0 0 0 1 -1.96826 1.85802 -1.37196</i>
                        <i>1 0 0 0 1 0 0 0 1 -1.96998 1.87207 -1.37761</i>
                        <i>1 0 0 0 1 0 0 0 1 -1.9713 1.88754 -1.38306</i>
                        <i>1 0 0 0 1 0 0 0 1 -1.97225 1.90272 -1.38824</i>
                        <i>1 0 0 0 1 0 0 0 1 -1.97284 1.91594 -1.39309</i>
                        <i>1 0 0 0 1 0 0 0 1 -1.9731 1.92549 -1.39755</i>
                        <i>1 0 0 0 1 0 0 0 1 -1.97305 1.92969 -1.40155</i>
                        <i>1 0 0 0 1 0 0 0 1 -1.97267 1.92955 -1.40444</i>
                        <i>1 0 0 0 1 0 0 0 1 -1.97195 1.92745 -1.40574</i>
                        <i>1 0 0 0 1 0 0 0 1 -1.97098 1.92367 -1.40564</i>
                        <i>1 0 0 0 1 0 0 0 1 -1.96985 1.91851 -1.40434</i>
                        <i>1 0 0 0 1 0 0 0 1 -1.9686 1.91226 -1.40206</i>
                        <i>1 0 0 0 1 0 0 0 1 -1.96729 1.9052 -1.39901</i>
                        <i>1 0 0 0 1 0 0 0 1 -1.96596 1.8976 -1.39543</i>
                        <i>1 0 0 0 1 0 0 0 1 -1.96463 1.88973 -1.39157</i>
                        <i>1 0 0 0 1 0 0 0 1 -1.96331 1.88187 -1.3877</i>
                        <i>1 0 0 0 1 0 0 0 1 -1.96201 1.87428 -1.38407</i>
                        <i>1 0 0 0 1 0 0 0 1 -1.96073 1.86723 -1.38099</i>
                        <i>1 0 0 0 1 0 0 0 1 -1.95945 1.86097 -1.37875</i>
                    </KeyFrames>
                </p>
            </i>
            <i>
                <p>
                    <Name><![CDATA[spine0]]></Name>
                    <Exclude>0</Exclude>
                    <Additive>0</Additive>
                    <IKPriority>0</IKPriority>
                    <IKRotLimits>-1e+010 -1e+010 -1e+010 1e+010 1e+010 1e+010</IKRotLimits>
                    <IKRotLimitOrder>0</IKRotLimitOrder>
                    <KeyFrames count="33">
                        <i>0.00746025 0.734919 0.678113 -0.99532 0.0707946 -0.0657751 -0.0963461 -0.674449 0.732008 -1.9099 1.98904 -1.32544</i>
                        <i>0.00463463 0.729615 0.683842 -0.997156 0.0548104 -0.0517211 -0.0752182 -0.681658 0.727795 -1.91908 1.99025 -1.32703</i>
                        <i>0.00222549 0.7239 0.689901 -0.998557 0.0386304 -0.037313 -0.053662 -0.688822 0.722941 -1.92804 1.99035 -1.3288</i>
                        <i>0.000268994 0.717843 0.696205 -0.999494 0.0223351 -0.0226431 -0.031804 -0.695846 0.717486 -1.9367 1.98956 -1.33074</i>
                        <i>-0.0012091 0.711516 0.702669 -0.999952 0.00600588 -0.00780214 -0.0097715 -0.702644 0.711474 -1.94502 1.98809 -1.33283</i>
                        <i>-0.00219418 0.704993 0.709211 -0.999922 -0.0102763 0.0071216 0.0123088 -0.70914 0.704961 -1.95293 1.98618 -1.33506</i>
                        <i>-0.00268342 0.69835 0.715752 -0.999408 -0.0264315 0.022042 0.0343114 -0.715268 0.698007 -1.96039 1.98407 -1.33741</i>
                        <i>-0.00268593 0.691663 0.722215 -0.998421 -0.0423813 0.0368752 0.0561137 -0.720976 0.690684 -1.96734 1.98201 -1.33988</i>
                        <i>-0.00222286 0.685009 0.728531 -0.996982 -0.0580498 0.05154 0.0775964 -0.726218 0.683071 -1.97377 1.98024 -1.34244</i>
                        <i>-0.00132718 0.678465 0.734632 -0.995122 -0.0733641 0.0659572 0.0986452 -0.730961 0.675252 -1.97963 1.97904 -1.3451</i>
                        <i>-4.30817e-005 0.672104 0.740457 -0.992876 -0.0882549 0.0800502 0.119151 -0.735178 0.66732 -1.98491 1.97865 -1.34783</i>
                        <i>0.00157455 0.666 0.74595 -0.99029 -0.102657 0.0937446 0.139011 -0.738854 0.659371 -1.98961 1.97935 -1.35063</i>
                        <i>0.00346111 0.660222 0.751063 -0.987412 -0.116509 0.106968 0.158129 -0.741979 0.651508 -1.99372 1.98141 -1.35346</i>
                        <i>0.0055433 0.654837 0.75575 -0.9843 -0.129756 0.11965 0.176415 -0.744548 0.643836 -1.99723 1.98718 -1.35632</i>
                        <i>0.00774028 0.649906 0.759975 -0.981013 -0.142346 0.131722 0.193786 -0.746565 0.636465 -2.00018 1.99771 -1.35918</i>
                        <i>0.00996496 0.64549 0.763704 -0.977614 -0.154233 0.143116 0.210168 -0.748034 0.629503 -2.00257 2.01132 -1.362</i>
                        <i>0.0121253 0.641642 0.766909 -0.97417 -0.165376 0.153766 0.225491 -0.748964 0.623063 -2.00443 2.02633 -1.36475</i>
                        <i>0.0141258 0.638413 0.769565 -0.970747 -0.175737 0.163606 0.239689 -0.749364 0.617255 -2.00578 2.04106 -1.36738</i>
                        <i>0.0158689 0.635849 0.77165 -0.967414 -0.185284 0.172571 0.252704 -0.749243 0.612189 -2.00667 2.05382 -1.36987</i>
                        <i>0.0172565 0.633995 0.773144 -0.964237 -0.193988 0.180596 0.264478 -0.748611 0.607974 -2.00712 2.06294 -1.37214</i>
                        <i>0.0181913 0.63289 0.774028 -0.961284 -0.201825 0.187616 0.274958 -0.747474 0.604716 -2.00718 2.06673 -1.37415</i>
                        <i>0.0179878 0.633218 0.773764 -0.958915 -0.208215 0.192687 0.283123 -0.74544 0.603457 -2.00679 2.06626 -1.37541</i>
                        <i>0.0161434 0.63542 0.771998 -0.957404 -0.212802 0.195175 0.2883 -0.742264 0.604918 -2.00596 2.06393 -1.37555</i>
                        <i>0.0128777 0.639181 0.768949 -0.956658 -0.215871 0.195462 0.29093 -0.738138 0.608697 -2.00482 2.06002 -1.37468</i>
                        <i>0.00844651 0.644197 0.764813 -0.956557 -0.217694 0.193926 0.291422 -0.733225 0.614373 -2.00347 2.05482 -1.37294</i>
                        <i>0.0031255 0.650179 0.759775 -0.956969 -0.218523 0.190938 0.290172 -0.727678 0.621518 -2.00197 2.04859 -1.37046</i>
                        <i>-0.00280408 0.656842 0.754023 -0.957754 -0.218604 0.186868 0.287576 -0.721645 0.629705 -2.00038 2.04159 -1.36742</i>
                        <i>-0.00906579 0.663908 0.747759 -0.958773 -0.218174 0.182084 0.284029 -0.71528 0.638515 -1.99875 2.03409 -1.36397</i>
                        <i>-0.0153958 0.671106 0.741201 -0.959894 -0.217461 0.176957 0.279939 -0.70875 0.647539 -1.99711 2.02635 -1.3603</i>
                        <i>-0.021548 0.678166 0.734592 -0.960994 -0.216692 0.171858 0.275729 -0.702236 0.656383 -1.99549 2.0186 -1.35662</i>
                        <i>-0.0272953 0.684825 0.728196 -0.961958 -0.216088 0.16716 0.27183 -0.695932 0.664671 -1.9939 2.01111 -1.35312</i>
                        <i>-0.032428 0.690822 0.722298 -0.962681 -0.215866 0.163238 0.268688 -0.690049 0.672041 -1.99234 2.00412 -1.35004</i>
                        <i>-0.0367488 0.695904 0.717194 -0.963064 -0.216236 0.16047 0.266754 -0.684807 0.678146 -1.99081 1.99787 -1.3476</i>
                    </KeyFrames>
                </p>
            </i>
            <i>
                <p>
                    <Name><![CDATA[spine1]]></Name>
                    <Exclude>0</Exclude>
                    <Additive>0</Additive>
                    <IKPriority>0</IKPriority>
                    <IKRotLimits>-1e+010 -1e+010 -1e+010 1e+010 1e+010 1e+010</IKRotLimits>
                    <IKRotLimitOrder>0</IKRotLimitOrder>
                    <KeyFrames count="33">
                        <i>0.103173 0.438389 0.892844 -0.994663 0.0460744 0.0923166 -0.000666695 -0.897604 0.440803 -1.90859 2.1184 -1.20612</i>
                        <i>0.106397 0.430861 0.896124 -0.994143 0.0289027 0.104138 0.0189685 -0.901955 0.431413 -1.91826 2.11874 -1.20664</i>
                        <i>0.110263 0.42279 0.899494 -0.99315 0.0116571 0.116264 0.0386697 -0.906152 0.42118 -1.92764 2.1179 -1.20728</i>
                        <i>0.114768 0.414274 0.902887 -0.99168 -0.00556782 0.128609 0.0583064 -0.910135 0.410188 -1.93665 2.11612 -1.20803</i>
                        <i>0.119897 0.405408 0.906239 -0.989737 -0.0226792 0.14109 0.0777517 -0.913855 0.398528 -1.94523 2.11362 -1.2089</i>
                        <i>0.125625 0.396291 0.90949 -0.987336 -0.0395857 0.153626 0.0968835 -0.917271 0.3863 -1.95332 2.11066 -1.20988</i>
                        <i>0.131913 0.387022 0.912586 -0.984499 -0.0561988 0.166141 0.115586 -0.920356 0.37361 -1.96086 2.10748 -1.21097</i>
                        <i>0.138711 0.377696 0.915481 -0.981259 -0.0724334 0.178561 0.133753 -0.923092 0.36057 -1.96782 2.10434 -1.21218</i>
                        <i>0.145958 0.368408 0.918135 -0.977655 -0.0882082 0.190814 0.151284 -0.92547 0.347301 -1.97416 2.10152 -1.21351</i>
                        <i>0.153582 0.359249 0.920518 -0.973734 -0.103447 0.202832 0.168092 -0.927491 0.333925 -1.97987 2.09927 -1.21496</i>
                        <i>0.1615 0.350307 0.922606 -0.969549 -0.118077 0.214551 0.184097 -0.929162 0.320571 -1.98493 2.09788 -1.21652</i>
                        <i>0.169622 0.341667 0.924388 -0.96516 -0.132032 0.225905 0.199233 -0.930501 0.307367 -1.98934 2.09763 -1.2182</i>
                        <i>0.177847 0.333407 0.925857 -0.960631 -0.145252 0.236833 0.213444 -0.931527 0.294448 -1.99311 2.0988 -1.21997</i>
                        <i>0.186069 0.325602 0.927018 -0.956029 -0.157681 0.247275 0.226686 -0.932266 0.281945 -1.99625 2.10376 -1.22183</i>
                        <i>0.194175 0.318321 0.927883 -0.951426 -0.169268 0.257171 0.238924 -0.932749 0.269991 -1.99881 2.11356 -1.22377</i>
                        <i>0.20205 0.311629 0.928474 -0.946894 -0.17997 0.266463 0.250135 -0.933005 0.258717 -2.0008 2.12654 -1.22574</i>
                        <i>0.209573 0.305586 0.928814 -0.942508 -0.189745 0.27509 0.260302 -0.933067 0.248252 -2.00227 2.14102 -1.22773</i>
                        <i>0.216622 0.300248 0.928938 -0.938343 -0.19856 0.282993 0.269418 -0.932966 0.238723 -2.00327 2.15533 -1.22971</i>
                        <i>0.223076 0.295665 0.928881 -0.934474 -0.206384 0.290112 0.277482 -0.932732 0.230252 -2.00384 2.1678 -1.23162</i>
                        <i>0.228812 0.291886 0.928681 -0.930972 -0.213188 0.296382 0.284493 -0.932391 0.222958 -2.00404 2.17676 -1.23342</i>
                        <i>0.233709 0.288958 0.928377 -0.927909 -0.218949 0.301739 0.290457 -0.931968 0.216956 -2.00392 2.18052 -1.23506</i>
                        <i>0.236746 0.287612 0.928025 -0.925779 -0.223008 0.305288 0.294762 -0.931422 0.213469 -2.00356 2.18029 -1.23616</i>
                        <i>0.237196 0.288327 0.927688 -0.924936 -0.224958 0.30641 0.297037 -0.930732 0.213325 -2.00307 2.17853 -1.2364</i>
                        <i>0.235402 0.290784 0.927378 -0.925214 -0.225131 0.305444 0.297599 -0.929925 0.216041 -2.00251 2.17549 -1.23586</i>
                        <i>0.231731 0.294684 0.927072 -0.926423 -0.223835 0.302719 0.296718 -0.92901 0.221133 -2.00195 2.17138 -1.23464</i>
                        <i>0.226566 0.299742 0.926727 -0.928363 -0.221363 0.298564 0.294635 -0.927983 0.228116 -2.00142 2.16643 -1.23285</i>
                        <i>0.220295 0.305675 0.926301 -0.930832 -0.217993 0.29331 0.291585 -0.926845 0.236509 -2.00091 2.16084 -1.23062</i>
                        <i>0.21331 0.312203 0.925758 -0.933632 -0.213996 0.287293 0.287802 -0.9256 0.245835 -2.00042 2.15482 -1.22808</i>
                        <i>0.206001 0.319043 0.925081 -0.936574 -0.209634 0.280859 0.283535 -0.924265 0.255623 -1.99993 2.14859 -1.22538</i>
                        <i>0.198749 0.325906 0.924275 -0.939485 -0.205166 0.274363 0.279046 -0.922872 0.265407 -1.99944 2.14234 -1.22267</i>
                        <i>0.191931 0.332498 0.923368 -0.942203 -0.200845 0.268169 0.274619 -0.92147 0.274732 -1.9989 2.13628 -1.22012</i>
                        <i>0.185915 0.338522 0.922409 -0.944583 -0.196918 0.262653 0.270553 -0.920123 0.283152 -1.99829 2.1306 -1.21789</i>
                        <i>0.181066 0.343681 0.921465 -0.946489 -0.193624 0.2582 0.267157 -0.918909 0.290231 -1.99756 2.1255 -1.21617</i>
                    </KeyFrames>
                </p>
            </i>
            <i>
                <p>
                    <Name><![CDATA[spine2]]></Name>
                    <Exclude>0</Exclude>
                    <Additive>0</Additive>
                    <IKPriority>0</IKPriority>
                    <IKRotLimits>-1e+010 -1e+010 -1e+010 1e+010 1e+010 1e+010</IKRotLimits>
                    <IKRotLimitOrder>0</IKRotLimitOrder>
                    <KeyFrames count="33">
                        <i>0.0989152 0.733841 0.672081 -0.968472 -0.0841919 0.234466 0.228644 -0.674084 0.702376 -1.89175 2.1892 -1.06161</i>
                        <i>0.0965868 0.71624 0.691138 -0.965479 -0.101348 0.239955 0.241911 -0.690455 0.681726 -1.9009 2.18836 -1.06153</i>
                        <i>0.0955148 0.697688 0.710006 -0.962068 -0.118405 0.245775 0.255543 -0.706549 0.659914 -1.90964 2.18625 -1.06155</i>
                        <i>0.0957529 0.678272 0.728545 -0.958265 -0.135252 0.251864 0.26937 -0.722256 0.637014 -1.91791 2.18313 -1.06166</i>
                        <i>0.0973326 0.658089 0.746622 -0.954103 -0.151784 0.258166 0.283221 -0.737482 0.613111 -1.92565 2.17924 -1.06189</i>
                        <i>0.100262 0.637246 0.76411 -0.949622 -0.167899 0.264627 0.296926 -0.752148 0.58831 -1.93279 2.17484 -1.06224</i>
                        <i>0.104525 0.615857 0.780894 -0.944869 -0.183506 0.271197 0.310318 -0.766189 0.562723 -1.93929 2.17021 -1.06271</i>
                        <i>0.110083 0.59404 0.796868 -0.939893 -0.19852 0.277832 0.323238 -0.779555 0.53648 -1.94513 2.16561 -1.06333</i>
                        <i>0.116875 0.571917 0.811943 -0.934749 -0.212863 0.284489 0.335537 -0.792212 0.509721 -1.95027 2.16133 -1.06409</i>
                        <i>0.124816 0.54961 0.826045 -0.929495 -0.226464 0.291125 0.347075 -0.804141 0.482593 -1.95471 2.15764 -1.065</i>
                        <i>0.133803 0.52724 0.839115 -0.92419 -0.23926 0.297703 0.357727 -0.815336 0.455257 -1.95845 2.15486 -1.06607</i>
                        <i>0.143715 0.504924 0.851115 -0.918899 -0.251195 0.304182 0.367385 -0.825804 0.427874 -1.9615 2.15326 -1.06729</i>
                        <i>0.154416 0.482775 0.862023 -0.913683 -0.262219 0.310525 0.375952 -0.835565 0.400613 -1.9639 2.15314 -1.06865</i>
                        <i>0.165753 0.4609 0.871836 -0.908606 -0.272289 0.316691 0.383354 -0.844648 0.373644 -1.96566 2.15688 -1.07015</i>
                        <i>0.177567 0.439398 0.880568 -0.903734 -0.281369 0.32264 0.389532 -0.853089 0.347137 -1.96685 2.16555 -1.07175</i>
                        <i>0.189688 0.41836 0.888253 -0.899129 -0.289427 0.328328 0.394444 -0.860934 0.321259 -1.96751 2.17749 -1.07343</i>
                        <i>0.20194 0.397872 0.89494 -0.894854 -0.296435 0.33371 0.398066 -0.86823 0.296175 -1.9677 2.19105 -1.07517</i>
                        <i>0.214146 0.378008 0.900695 -0.890972 -0.302371 0.338735 0.400388 -0.875032 0.272043 -1.96749 2.20455 -1.07691</i>
                        <i>0.226127 0.358838 0.905595 -0.887542 -0.307213 0.343351 0.401418 -0.881394 0.249014 -1.96695 2.21633 -1.07861</i>
                        <i>0.237705 0.340423 0.90973 -0.884623 -0.310944 0.3475 0.401172 -0.88737 0.227233 -1.96615 2.22473 -1.08022</i>
                        <i>0.248703 0.322817 0.913201 -0.882272 -0.313548 0.351119 0.399679 -0.893016 0.206833 -1.96517 2.22808 -1.08169</i>
                        <i>0.25807 0.306742 0.916138 -0.881059 -0.314349 0.353439 0.396402 -0.898384 0.189134 -1.96425 2.22769 -1.08261</i>
                        <i>0.265008 0.292665 0.918759 -0.881375 -0.312932 0.353908 0.391085 -0.90356 0.175018 -1.96361 2.22612 -1.08266</i>
                        <i>0.269769 0.280274 0.921233 -0.882991 -0.30964 0.352775 0.384124 -0.908608 0.163948 -1.9633 2.22355 -1.08193</i>
                        <i>0.272651 0.269278 0.923662 -0.885663 -0.30479 0.350291 0.375848 -0.91356 0.155388 -1.96329 2.22017 -1.0805</i>
                        <i>0.273982 0.259392 0.926094 -0.889147 -0.29868 0.34671 0.36654 -0.918426 0.148805 -1.96355 2.21613 -1.07852</i>
                        <i>0.274116 0.25034 0.928542 -0.893199 -0.291595 0.342298 0.356449 -0.923202 0.143673 -1.96402 2.21161 -1.0761</i>
                        <i>0.273423 0.241846 0.930994 -0.897583 -0.28381 0.337336 0.345809 -0.927881 0.139477 -1.96464 2.20676 -1.07339</i>
                        <i>0.272283 0.233632 0.933423 -0.902077 -0.275598 0.33212 0.334843 -0.93245 0.135713 -1.96532 2.20176 -1.07054</i>
                        <i>0.271088 0.225414 0.935788 -0.906468 -0.267226 0.326964 0.323769 -0.936899 0.131888 -1.96599 2.19674 -1.0677</i>
                        <i>0.270238 0.216905 0.938042 -0.910563 -0.258961 0.322202 0.312804 -0.941218 0.127524 -1.96654 2.19188 -1.06503</i>
                        <i>0.270143 0.207813 0.940126 -0.914179 -0.251067 0.318185 0.302158 -0.945399 0.122154 -1.96689 2.1873 -1.06269</i>
                        <i>0.271223 0.197845 0.941964 -0.917146 -0.243803 0.315284 0.292031 -0.94943 0.115328 -1.96693 2.18316 -1.06086</i>
                    </KeyFrames>
                </p>
            </i>
            <i>
                <p>
                    <Name><![CDATA[head]]></Name>
                    <Exclude>0</Exclude>
                    <Additive>0</Additive>
                    <IKPriority>0</IKPriority>
                    <IKRotLimits>-1e+010 -1e+010 -1e+010 1e+010 1e+010 1e+010</IKRotLimits>
                    <IKRotLimitOrder>0</IKRotLimitOrder>
                    <KeyFrames count="33">
                        <i>-0.0724729 0.977995 0.195638 0.0858388 0.201543 -0.975711 -0.99367 -0.0539192 -0.0985562 -1.8756 2.39912 -0.94282</i>
                        <i>-0.0861946 0.972862 0.214733 0.0776002 0.221436 -0.972083 -0.993252 -0.067125 -0.0945809 -1.88439 2.39513 -0.93532</i>
                        <i>-0.0990737 0.967064 0.234462 0.0686639 0.241704 -0.967918 -0.992708 -0.0797961 -0.0903488 -1.89246 2.38955 -0.927929</i>
                        <i>-0.110985 0.960633 0.254691 0.0591201 0.262202 -0.9632 -0.992062 -0.0918432 -0.0858931 -1.89971 2.38263 -0.920698</i>
                        <i>-0.121818 0.953615 0.275279 0.0490695 0.282792 -0.957925 -0.991339 -0.103184 -0.0812424 -1.90605 2.37463 -0.913685</i>
                        <i>-0.13148 0.946069 0.296085 0.038622 0.30334 -0.952099 -0.990566 -0.113746 -0.0764221 -1.91142 2.36583 -0.906945</i>
                        <i>-0.139896 0.938063 0.316966 0.027896 0.323721 -0.945741 -0.989773 -0.123463 -0.0714553 -1.91575 2.35652 -0.900533</i>
                        <i>-0.14701 0.929674 0.337779 0.0170164 0.343816 -0.938883 -0.988989 -0.132277 -0.066364 -1.91902 2.34701 -0.8945</i>
                        <i>-0.152787 0.920987 0.358384 0.00611329 0.363515 -0.931568 -0.98824 -0.140141 -0.0611707 -1.92121 2.33759 -0.888893</i>
                        <i>-0.15721 0.912093 0.378645 -0.00467998 0.38272 -0.923852 -0.987554 -0.147011 -0.055899 -1.92232 2.3286 -0.883751</i>
                        <i>-0.160284 0.903084 0.398432 -0.0152285 0.40134 -0.915803 -0.986953 -0.152856 -0.0505756 -1.92237 2.32034 -0.879106</i>
                        <i>-0.162029 0.894058 0.417619 -0.0253974 0.419293 -0.907496 -0.986459 -0.157647 -0.0452311 -1.92141 2.31314 -0.874977</i>
                        <i>-0.162489 0.885111 0.436092 -0.0350539 0.436509 -0.899017 -0.986088 -0.161367 -0.039901 -1.9195 2.30734 -0.871376</i>
                        <i>-0.161718 0.876336 0.453743 -0.0440684 0.452923 -0.89046 -0.985852 -0.163999 -0.0346273 -1.91669 2.30532 -0.8683</i>
                        <i>-0.159791 0.867826 0.470473 -0.0523156 0.468483 -0.881922 -0.985764 -0.165536 -0.0294584 -1.9131 2.3082 -0.865736</i>
                        <i>-0.156792 0.859668 0.486196 -0.0596758 0.483139 -0.873507 -0.985827 -0.165973 -0.0244509 -1.9088 2.31434 -0.863654</i>
                        <i>-0.152818 0.851946 0.500835 -0.0660354 0.496852 -0.865319 -0.986046 -0.165309 -0.0196692 -1.90392 2.32211 -0.862016</i>
                        <i>-0.147974 0.844735 0.514321 -0.071287 0.509583 -0.857463 -0.986419 -0.163547 -0.0151867 -1.89856 2.32987 -0.860767</i>
                        <i>-0.142373 0.838107 0.5266 -0.0753297 0.521302 -0.850041 -0.986942 -0.160692 -0.0110852 -1.89286 2.33596 -0.859841</i>
                        <i>-0.136131 0.832124 0.537623 -0.0780685 0.531976 -0.843153 -0.98761 -0.156751 -0.00745576 -1.88693 2.33875 -0.859162</i>
                        <i>-0.129364 0.826845 0.547351 -0.0794139 0.541577 -0.836892 -0.988412 -0.151731 -0.00439799 -1.88092 2.33659 -0.858642</i>
                        <i>-0.122464 0.822838 0.554924 -0.0781441 0.549402 -0.831896 -0.989392 -0.145242 -0.00298224 -1.87531 2.33095 -0.857839</i>
                        <i>-0.115785 0.820479 0.559828 -0.0734437 0.555004 -0.828599 -0.990555 -0.137055 -0.00400187 -1.87054 2.32451 -0.856352</i>
                        <i>-0.109325 0.819526 0.562517 -0.0658258 0.558698 -0.826755 -0.991824 -0.127413 -0.00713346 -1.86659 2.31738 -0.854192</i>
                        <i>-0.10302 0.819733 0.563405 -0.0557925 0.560765 -0.826093 -0.993113 -0.116538 -0.0120352 -1.86342 2.30966 -0.851413</i>
                        <i>-0.0967674 0.820855 0.562879 -0.0438395 0.561469 -0.826336 -0.994341 -0.104639 -0.0183459 -1.8609 2.30147 -0.848109</i>
                        <i>-0.0904389 0.822652 0.561306 -0.0304594 0.561067 -0.82721 -0.995436 -0.0919089 -0.0256848 -1.85892 2.2929 -0.844402</i>
                        <i>-0.0838992 0.824886 0.559039 -0.0161442 0.559818 -0.828458 -0.996343 -0.0785321 -0.0336511 -1.85731 2.28406 -0.840436</i>
                        <i>-0.0770139 0.827323 0.556422 -0.00138802 0.55799 -0.829846 -0.997029 -0.064682 -0.0418247 -1.85591 2.27504 -0.836374</i>
                        <i>-0.0696557 0.829737 0.553791 0.013313 0.555863 -0.831167 -0.997482 -0.0505229 -0.0497653 -1.85455 2.26594 -0.83239</i>
                        <i>-0.0617059 0.831909 0.551471 0.0274609 0.55373 -0.832243 -0.997717 -0.0362104 -0.0570133 -1.85303 2.25685 -0.828675</i>
                        <i>-0.053053 0.833626 0.549776 0.040557 0.551896 -0.832926 -0.997768 -0.021892 -0.0630891 -1.85116 2.24784 -0.825434</i>
                        <i>-0.0435872 0.834685 0.549 0.0521035 0.550674 -0.833093 -0.99769 -0.00770729 -0.0674924 -1.84873 2.23901 -0.822891</i>
                    </KeyFrames>
                </p>
            </i>
            <i>
                <p>
                    <Name><![CDATA[head_prop]]></Name>
                    <Exclude>0</Exclude>
                    <Additive>0</Additive>
                    <IKPriority>0</IKPriority>
                    <IKRotLimits>-1e+010 -1e+010 -1e+010 1e+010 1e+010 1e+010</IKRotLimits>
                    <IKRotLimitOrder>0</IKRotLimitOrder>
                    <KeyFrames count="33">
                        <i>0.99367 0.0539192 0.0985562 -0.0724729 0.977995 0.195638 -0.0858388 -0.201543 0.975711 -1.89922 2.71785 -0.879059</i>
                        <i>0.993252 0.067125 0.0945809 -0.0861946 0.972862 0.214733 -0.0776002 -0.221436 0.972083 -1.91248 2.7122 -0.865337</i>
                        <i>0.992708 0.0797961 0.0903488 -0.0990737 0.967064 0.234462 -0.0686639 -0.241704 0.967918 -1.92475 2.70473 -0.851515</i>
                        <i>0.992062 0.0918432 0.0858931 -0.110985 0.960633 0.254691 -0.0591201 -0.262202 0.9632 -1.93588 2.69571 -0.837692</i>
                        <i>0.991339 0.103184 0.0812424 -0.121818 0.953615 0.275279 -0.0490695 -0.282792 0.957925 -1.94575 2.68542 -0.823969</i>
                        <i>0.990566 0.113746 0.0764221 -0.13148 0.946069 0.296085 -0.038622 -0.30334 0.952099 -1.95427 2.67416 -0.810448</i>
                        <i>0.989773 0.123463 0.0714553 -0.139896 0.938063 0.316966 -0.027896 -0.323721 0.945741 -1.96134 2.66225 -0.797231</i>
                        <i>0.988989 0.132277 0.066364 -0.14701 0.929674 0.337779 -0.0170164 -0.343816 0.938883 -1.96693 2.65 -0.784415</i>
                        <i>0.98824 0.140141 0.0611707 -0.152787 0.920987 0.358384 -0.00611329 -0.363515 0.931568 -1.971 2.63775 -0.772093</i>
                        <i>0.987554 0.147011 0.055899 -0.15721 0.912093 0.378645 0.00467998 -0.38272 0.923852 -1.97355 2.62586 -0.760348</i>
                        <i>0.986953 0.152856 0.0505756 -0.160284 0.903084 0.398432 0.0152285 -0.40134 0.915803 -1.97461 2.61466 -0.749253</i>
                        <i>0.986459 0.157647 0.0452311 -0.162029 0.894058 0.417619 0.0253974 -0.419293 0.907496 -1.97422 2.60453 -0.738871</i>
                        <i>0.986088 0.161367 0.039901 -0.162489 0.885111 0.436092 0.0350539 -0.436509 0.899017 -1.97245 2.5958 -0.729249</i>
                        <i>0.985852 0.163999 0.0346273 -0.161718 0.876336 0.453743 0.0440684 -0.452923 0.89046 -1.9694 2.59093 -0.720421</i>
                        <i>0.985764 0.165536 0.0294584 -0.159791 0.867826 0.470473 0.0523156 -0.468483 0.881922 -1.96517 2.59104 -0.712404</i>
                        <i>0.985827 0.165973 0.0244509 -0.156792 0.859668 0.486196 0.0596758 -0.483139 0.873507 -1.9599 2.59452 -0.705199</i>
                        <i>0.986046 0.165309 0.0196692 -0.152818 0.851946 0.500835 0.0660354 -0.496852 0.865319 -1.95372 2.59977 -0.698789</i>
                        <i>0.986419 0.163547 0.0151867 -0.147974 0.844735 0.514321 0.071287 -0.509583 0.857463 -1.94679 2.60517 -0.693145</i>
                        <i>0.986942 0.160692 0.0110852 -0.142373 0.838107 0.5266 0.0753297 -0.521302 0.850041 -1.93926 2.60911 -0.688217</i>
                        <i>0.98761 0.156751 0.00745576 -0.136131 0.832124 0.537623 0.0780685 -0.531976 0.843153 -1.9313 2.60995 -0.683946</i>
                        <i>0.988412 0.151731 0.00439799 -0.129364 0.826845 0.547351 0.0794139 -0.541577 0.836892 -1.92308 2.60606 -0.680255</i>
                        <i>0.989392 0.145242 0.00298224 -0.122464 0.822838 0.554924 0.0781441 -0.549402 0.831896 -1.91522 2.59912 -0.676984</i>
                        <i>0.990555 0.137055 0.00400187 -0.115785 0.820479 0.559828 0.0734437 -0.555004 0.828599 -1.90827 2.59191 -0.673899</i>
                        <i>0.991824 0.127413 0.00713346 -0.109325 0.819526 0.562517 0.0658258 -0.558698 0.826755 -1.90222 2.58447 -0.670862</i>
                        <i>0.993113 0.116538 0.0120352 -0.10302 0.819733 0.563405 0.0557925 -0.560765 0.826093 -1.89699 2.57682 -0.667794</i>
                        <i>0.994341 0.104639 0.0183459 -0.0967674 0.820855 0.562879 0.0438395 -0.561469 0.826336 -1.89244 2.56899 -0.664662</i>
                        <i>0.995436 0.0919089 0.0256848 -0.0904389 0.822652 0.561306 0.0304594 -0.561067 0.82721 -1.88839 2.56101 -0.661468</i>
                        <i>0.996343 0.0785321 0.0336511 -0.0838992 0.824886 0.559039 0.0161442 -0.559818 0.828458 -1.88465 2.5529 -0.658241</i>
                        <i>0.997029 0.064682 0.0418247 -0.0770139 0.827323 0.556422 0.00138802 -0.55799 0.829846 -1.88101 2.54468 -0.65503</i>
                        <i>0.997482 0.0505229 0.0497653 -0.0696557 0.829737 0.553791 -0.013313 -0.555863 0.831167 -1.87725 2.53636 -0.651904</i>
                        <i>0.997717 0.0362104 0.0570133 -0.0617059 0.831909 0.551471 -0.0274609 -0.55373 0.832243 -1.87314 2.52797 -0.648946</i>
                        <i>0.997768 0.021892 0.0630891 -0.053053 0.833626 0.549776 -0.040557 -0.551896 0.832926 -1.86845 2.51953 -0.646257</i>
                        <i>0.99769 0.00770729 0.0674924 -0.0435872 0.834685 0.549 -0.0521035 -0.550674 0.833093 -1.86293 2.51104 -0.643966</i>
                    </KeyFrames>
                </p>
            </i>
            <i>
                <p>
                    <Name><![CDATA[l_clav]]></Name>
                    <Exclude>0</Exclude>
                    <Additive>0</Additive>
                    <IKPriority>0</IKPriority>
                    <IKRotLimits>-1e+010 -1e+010 -1e+010 1e+010 1e+010 1e+010</IKRotLimits>
                    <IKRotLimitOrder>0</IKRotLimitOrder>
                    <KeyFrames count="33">
                        <i>0.644744 0.671464 0.365296 -0.720042 0.693915 -0.00464068 -0.2566 -0.260037 0.93088 -1.79154 2.20278 -0.98974</i>
                        <i>0.657995 0.659282 0.363854 -0.720037 0.692293 0.0477238 -0.22043 -0.293391 0.930232 -1.8002 2.20181 -0.990756</i>
                        <i>0.671657 0.647191 0.360583 -0.717853 0.688869 0.100728 -0.183204 -0.3265 0.927272 -1.80842 2.19955 -0.99193</i>
                        <i>0.685648 0.635273 0.355408 -0.713319 0.6837 0.154046 -0.145131 -0.35914 0.92193 -1.81613 2.19624 -0.993264</i>
                        <i>0.699866 0.623609 0.348282 -0.706299 0.676869 0.207342 -0.106441 -0.391103 0.914171 -1.82327 2.19214 -0.994767</i>
                        <i>0.714193 0.612275 0.339186 -0.696698 0.668481 0.260277 -0.0673781 -0.422199 0.903996 -1.82979 2.18751 -0.996444</i>
                        <i>0.728501 0.601346 0.32813 -0.684464 0.658667 0.312517 -0.0281974 -0.452263 0.891439 -1.83565 2.18261 -0.998303</i>
                        <i>0.742654 0.590883 0.315154 -0.669587 0.647572 0.363736 0.0108406 -0.481153 0.87657 -1.84083 2.17772 -1.00035</i>
                        <i>0.756513 0.580941 0.300326 -0.652105 0.635356 0.41362 0.0494749 -0.508753 0.85949 -1.84532 2.17312 -1.00258</i>
                        <i>0.76994 0.571561 0.283744 -0.632096 0.622192 0.461879 0.0874491 -0.534972 0.840332 -1.8491 2.1691 -1.00501</i>
                        <i>0.782803 0.562772 0.265531 -0.609684 0.608254 0.508245 0.124516 -0.559745 0.819256 -1.85219 2.16596 -1.00762</i>
                        <i>0.794982 0.554588 0.245836 -0.585031 0.59372 0.55248 0.160441 -0.583034 0.796449 -1.8546 2.16398 -1.0104</i>
                        <i>0.80637 0.54701 0.224828 -0.558336 0.578767 0.594382 0.195009 -0.604821 0.772116 -1.85638 2.16346 -1.01333</i>
                        <i>0.816877 0.540024 0.202695 -0.529826 0.563566 0.63378 0.228024 -0.625114 0.746483 -1.85756 2.16678 -1.01639</i>
                        <i>0.826436 0.533604 0.179639 -0.49976 0.548279 0.670545 0.259313 -0.643939 0.719791 -1.85818 2.17501 -1.01956</i>
                        <i>0.835001 0.527711 0.155869 -0.468411 0.533058 0.704585 0.28873 -0.66134 0.692289 -1.85832 2.18649 -1.02278</i>
                        <i>0.842548 0.522295 0.131604 -0.436073 0.518043 0.735848 0.316153 -0.677376 0.664235 -1.85803 2.19955 -1.02602</i>
                        <i>0.849082 0.517298 0.107063 -0.403045 0.503362 0.764318 0.341489 -0.692119 0.63589 -1.85739 2.21254 -1.02922</i>
                        <i>0.854627 0.512652 0.0824631 -0.369633 0.489126 0.790017 0.364669 -0.705651 0.607514 -1.85647 2.22379 -1.03231</i>
                        <i>0.859234 0.508282 0.0580176 -0.336141 0.475436 0.813001 0.38565 -0.71806 0.579365 -1.85535 2.23164 -1.03524</i>
                        <i>0.862974 0.504108 0.0339313 -0.302865 0.462378 0.833354 0.404411 -0.72944 0.551697 -1.85411 2.2344 -1.03793</i>
                        <i>0.866129 0.499702 0.0109265 -0.270845 0.450856 0.850513 0.420076 -0.739613 0.525841 -1.85303 2.2334 -1.03984</i>
                        <i>0.868999 0.494705 -0.0104191 -0.240946 0.44145 0.864331 0.432188 -0.748592 0.502816 -1.85238 2.23117 -1.04057</i>
                        <i>0.871676 0.489154 -0.0301676 -0.213112 0.43376 0.875463 0.441321 -0.756691 0.482342 -1.85216 2.22791 -1.04023</i>
                        <i>0.874221 0.483107 -0.0484278 -0.187191 0.427399 0.884471 0.447993 -0.764158 0.464075 -1.85236 2.2238 -1.03897</i>
                        <i>0.876662 0.476649 -0.0653462 -0.162965 0.421995 0.891831 0.452666 -0.771185 0.447624 -1.8529 2.21901 -1.03696</i>
                        <i>0.878995 0.469883 -0.081099 -0.140166 0.417184 0.897948 0.455764 -0.777925 0.432564 -1.85373 2.2137 -1.03439</i>
                        <i>0.881188 0.46294 -0.0958871 -0.118492 0.412615 0.903166 0.457677 -0.784497 0.418446 -1.85474 2.20807 -1.03143</i>
                        <i>0.883177 0.455974 -0.109932 -0.0976221 0.407941 0.907774 0.458767 -0.790994 0.404798 -1.85586 2.20225 -1.0283</i>
                        <i>0.884878 0.449161 -0.123471 -0.0772163 0.402827 0.912013 0.459378 -0.797487 0.391135 -1.85697 2.19643 -1.0252</i>
                        <i>0.886181 0.442698 -0.136758 -0.0569225 0.39694 0.916078 0.45983 -0.804026 0.37696 -1.85796 2.19074 -1.02234</i>
                        <i>0.886954 0.4368 -0.150058 -0.0363756 0.389959 0.920114 0.460422 -0.81064 0.361765 -1.85871 2.18534 -1.01993</i>
                        <i>0.887048 0.4317 -0.163649 -0.015194 0.381572 0.924214 0.461427 -0.817336 0.345032 -1.85911 2.18038 -1.01819</i>
                    </KeyFrames>
                </p>
            </i>
            <i>
                <p>
                    <Name><![CDATA[l_shoulder]]></Name>
                    <Exclude>0</Exclude>
                    <Additive>0</Additive>
                    <IKPriority>0</IKPriority>
                    <IKRotLimits>-1e+010 -1e+010 -1e+010 1e+010 1e+010 1e+010</IKRotLimits>
                    <IKRotLimitOrder>0</IKRotLimitOrder>
                    <KeyFrames count="33">
                        <i>0.449119 -0.834262 0.319842 -0.0325331 0.342469 0.938966 -0.892879 -0.432113 0.126668 -1.68186 2.31702 -0.927592</i>
                        <i>0.480941 -0.813875 0.326042 -0.0295768 0.356602 0.933788 -0.876254 -0.45874 0.147433 -1.68905 2.31318 -0.92929</i>
                        <i>0.511417 -0.791903 0.33368 -0.0267305 0.373454 0.927263 -0.858917 -0.483138 0.169823 -1.69567 2.30819 -0.9314</i>
                        <i>0.540246 -0.768607 0.342603 -0.0239181 0.39294 0.919253 -0.841167 -0.504817 0.193901 -1.70167 2.30229 -0.933935</i>
                        <i>0.567126 -0.744318 0.352645 -0.0210534 0.414919 0.909615 -0.823362 -0.523291 0.219641 -1.70699 2.29574 -0.936905</i>
                        <i>0.591825 -0.719398 0.363606 -0.0180362 0.439155 0.89823 -0.805865 -0.538153 0.246928 -1.71161 2.28882 -0.940318</i>
                        <i>0.614147 -0.694274 0.375243 -0.0147495 0.465297 0.885032 -0.789053 -0.549075 0.275521 -1.71549 2.2818 -0.944178</i>
                        <i>0.633943 -0.669434 0.387266 -0.0110591 0.492847 0.870046 -0.773301 -0.555842 0.305033 -1.71862 2.27495 -0.948485</i>
                        <i>0.651102 -0.64544 0.399342 -0.0068143 0.521157 0.853434 -0.75896 -0.558393 0.334928 -1.721 2.26858 -0.953233</i>
                        <i>0.665551 -0.622924 0.411105 -0.00185151 0.549439 0.835531 -0.74635 -0.55685 0.364526 -1.72266 2.26297 -0.958412</i>
                        <i>0.67724 -0.602585 0.422181 0.00399924 0.576807 0.81687 -0.735751 -0.551529 0.393047 -1.7236 2.2584 -0.963999</i>
                        <i>0.686137 -0.58516 0.432207 0.0109068 0.60233 0.798172 -0.72739 -0.542942 0.419664 -1.72388 2.25518 -0.96997</i>
                        <i>0.69221 -0.57139 0.440861 0.0190301 0.625107 0.780307 -0.721445 -0.531747 0.443579 -1.72352 2.25359 -0.976286</i>
                        <i>0.694403 -0.564867 0.445792 0.0289947 0.640972 0.767016 -0.719002 -0.519693 0.461471 -1.72259 2.25601 -0.982904</i>
                        <i>0.692052 -0.567308 0.446348 0.0410176 0.648247 0.760325 -0.720682 -0.507876 0.47189 -1.72114 2.2635 -0.98977</i>
                        <i>0.685745 -0.576238 0.444639 0.0546317 0.649928 0.75803 -0.725789 -0.495523 0.477165 -1.71924 2.27439 -0.99682</i>
                        <i>0.676283 -0.589024 0.442372 0.06944 0.648825 0.757762 -0.733362 -0.481743 0.479691 -1.71696 2.28701 -1.00398</i>
                        <i>0.66479 -0.603135 0.440776 0.0851612 0.647378 0.757396 -0.74216 -0.465972 0.481734 -1.71436 2.29968 -1.01118</i>
                        <i>0.652726 -0.616242 0.440676 0.101636 0.647649 0.75513 -0.750746 -0.448104 0.485369 -1.71153 2.31074 -1.01833</i>
                        <i>0.641845 -0.626204 0.442609 0.118806 0.651425 0.749353 -0.757575 -0.428384 0.492511 -1.70854 2.31848 -1.02533</i>
                        <i>0.633983 -0.631056 0.447028 0.136684 0.660378 0.738389 -0.761172 -0.407025 0.504924 -1.70546 2.32124 -1.03208</i>
