<?xml version="1.0" encoding="ISO-8859-1" ?>
<Animl Version="1">
    <ModellingPackage>
        <![CDATA[Maya.2010]]>
</ModellingPackage>
    <SrcFile>
        <![CDATA[anims\turrets\machinegun\blue\~src\mgun_m60\mgun_m60_aim_high_crewman_b.mb]]>
</SrcFile>
    <FramesPerSecond>30</FramesPerSecond>
    <TotalFrames>30</TotalFrames>
    <Skeleton>
        <RefFrame>
            <Name>
                <![CDATA[soldier_ref_frame]]>
</Name>
            <Exclude>0</Exclude>
            <Additive>0</Additive>
            <IKPriority>0</IKPriority>
            <IKRotLimits>-1e+010 -1e+010 -1e+010 1e+010 1e+010 1e+010</IKRotLimits>
            <IKRotLimitOrder>0</IKRotLimitOrder>
            <KeyFrames count="30">
                <i>1 0 0 0 1 0 0 0 1 1.49 0.92 -0.85</i>
                <i>1 0 0 0 1 0 0 0 1 1.49 0.92 -0.85</i>
                <i>1 0 0 0 1 0 0 0 1 1.49 0.92 -0.85</i>
                <i>1 0 0 0 1 0 0 0 1 1.49 0.92 -0.85</i>
                <i>1 0 0 0 1 0 0 0 1 1.49 0.92 -0.85</i>
                <i>1 0 0 0 1 0 0 0 1 1.49 0.92 -0.85</i>
                <i>1 0 0 0 1 0 0 0 1 1.49 0.92 -0.85</i>
                <i>1 0 0 0 1 0 0 0 1 1.49 0.92 -0.85</i>
                <i>1 0 0 0 1 0 0 0 1 1.49 0.92 -0.85</i>
                <i>1 0 0 0 1 0 0 0 1 1.49 0.92 -0.85</i>
                <i>1 0 0 0 1 0 0 0 1 1.49 0.92 -0.85</i>
                <i>1 0 0 0 1 0 0 0 1 1.49 0.92 -0.85</i>
                <i>1 0 0 0 1 0 0 0 1 1.49 0.92 -0.85</i>
                <i>1 0 0 0 1 0 0 0 1 1.49 0.92 -0.85</i>
                <i>1 0 0 0 1 0 0 0 1 1.49 0.92 -0.85</i>
                <i>1 0 0 0 1 0 0 0 1 1.49 0.92 -0.85</i>
                <i>1 0 0 0 1 0 0 0 1 1.49 0.92 -0.85</i>
                <i>1 0 0 0 1 0 0 0 1 1.49 0.92 -0.85</i>
                <i>1 0 0 0 1 0 0 0 1 1.49 0.92 -0.85</i>
                <i>1 0 0 0 1 0 0 0 1 1.49 0.92 -0.85</i>
                <i>1 0 0 0 1 0 0 0 1 1.49 0.92 -0.85</i>
                <i>1 0 0 0 1 0 0 0 1 1.49 0.92 -0.85</i>
                <i>1 0 0 0 1 0 0 0 1 1.49 0.92 -0.85</i>
                <i>1 0 0 0 1 0 0 0 1 1.49 0.92 -0.85</i>
                <i>1 0 0 0 1 0 0 0 1 1.49 0.92 -0.85</i>
                <i>1 0 0 0 1 0 0 0 1 1.49 0.92 -0.85</i>
                <i>1 0 0 0 1 0 0 0 1 1.49 0.92 -0.85</i>
                <i>1 0 0 0 1 0 0 0 1 1.49 0.92 -0.85</i>
                <i>1 0 0 0 1 0 0 0 1 1.49 0.92 -0.85</i>
                <i>1 0 0 0 1 0 0 0 1 1.49 0.92 -0.85</i>
            </KeyFrames>
        </RefFrame>
        <Bones count="23">
            <i>
                <p>
                    <Name>
                        <![CDATA[pelvis]]>
</Name>
                    <Exclude>0</Exclude>
                    <Additive>0</Additive>
                    <IKPriority>0</IKPriority>
                    <IKRotLimits>-1e+010 -1e+010 -1e+010 1e+010 1e+010 1e+010</IKRotLimits>
                    <IKRotLimitOrder>2</IKRotLimitOrder>
                    <KeyFrames count="30">
                        <i>1 0 0 0 1 0 0 0 1 1.48926 1.53075 -0.850868</i>
                        <i>1 0 0 0 1 0 0 0 1 1.48926 1.53085 -0.850868</i>
                        <i>1 0 0 0 1 0 0 0 1 1.48926 1.53111 -0.850868</i>
                        <i>1 0 0 0 1 0 0 0 1 1.48926 1.53151 -0.850868</i>
                        <i>1 0 0 0 1 0 0 0 1 1.48926 1.53204 -0.850868</i>
                        <i>1 0 0 0 1 0 0 0 1 1.48926 1.53266 -0.850868</i>
                        <i>1 0 0 0 1 0 0 0 1 1.48926 1.53337 -0.850868</i>
                        <i>1 0 0 0 1 0 0 0 1 1.48926 1.53413 -0.850868</i>
                        <i>1 0 0 0 1 0 0 0 1 1.48926 1.53493 -0.850868</i>
                        <i>1 0 0 0 1 0 0 0 1 1.48926 1.53576 -0.850868</i>
                        <i>1 0 0 0 1 0 0 0 1 1.48926 1.53658 -0.850868</i>
                        <i>1 0 0 0 1 0 0 0 1 1.48926 1.53738 -0.850868</i>
                        <i>1 0 0 0 1 0 0 0 1 1.48926 1.53814 -0.850868</i>
                        <i>1 0 0 0 1 0 0 0 1 1.48926 1.53884 -0.850868</i>
                        <i>1 0 0 0 1 0 0 0 1 1.48926 1.53945 -0.850868</i>
                        <i>1 0 0 0 1 0 0 0 1 1.48926 1.53997 -0.850868</i>
                        <i>1 0 0 0 1 0 0 0 1 1.48926 1.54036 -0.850868</i>
                        <i>1 0 0 0 1 0 0 0 1 1.48926 1.54061 -0.850868</i>
                        <i>1 0 0 0 1 0 0 0 1 1.48926 1.5407 -0.850868</i>
                        <i>1 0 0 0 1 0 0 0 1 1.48926 1.54051 -0.850868</i>
                        <i>1 0 0 0 1 0 0 0 1 1.48926 1.53998 -0.850868</i>
                        <i>1 0 0 0 1 0 0 0 1 1.48926 1.53917 -0.850868</i>
                        <i>1 0 0 0 1 0 0 0 1 1.48926 1.53816 -0.850868</i>
                        <i>1 0 0 0 1 0 0 0 1 1.48926 1.53701 -0.850868</i>
                        <i>1 0 0 0 1 0 0 0 1 1.48926 1.53578 -0.850868</i>
                        <i>1 0 0 0 1 0 0 0 1 1.48926 1.53454 -0.850868</i>
                        <i>1 0 0 0 1 0 0 0 1 1.48926 1.53335 -0.850868</i>
                        <i>1 0 0 0 1 0 0 0 1 1.48926 1.53228 -0.850868</i>
                        <i>1 0 0 0 1 0 0 0 1 1.48926 1.53139 -0.850868</i>
                        <i>1 0 0 0 1 0 0 0 1 1.48926 1.53075 -0.850868</i>
                    </KeyFrames>
                </p>
            </i>
            <i>
                <p>
                    <Name>
                        <![CDATA[spine0]]>
</Name>
                    <Exclude>0</Exclude>
                    <Additive>0</Additive>
                    <IKPriority>0</IKPriority>
                    <IKRotLimits>-1e+010 -1e+010 -1e+010 1e+010 1e+010 1e+010</IKRotLimits>
                    <IKRotLimitOrder>0</IKRotLimitOrder>
                    <KeyFrames count="30">
                        <i>-0.0968668 0.990349 0.0991244 -0.955056 -0.0644553 -0.289333 -0.280152 -0.122696 0.952082 1.49238 1.66623 -0.899149</i>
                        <i>-0.0968707 0.990267 0.0999407 -0.95507 -0.064227 -0.289336 -0.280101 -0.123479 0.951996 1.49238 1.66633 -0.899149</i>
                        <i>-0.0967138 0.990201 0.100741 -0.955094 -0.063848 -0.289341 -0.280074 -0.1242 0.95191 1.49238 1.66659 -0.899149</i>
                        <i>-0.0964363 0.99015 0.101502 -0.955125 -0.0633634 -0.289347 -0.280066 -0.124851 0.951827 1.49238 1.667 -0.899149</i>
                        <i>-0.0960778 0.990113 0.102198 -0.955159 -0.062819 -0.289354 -0.280074 -0.125416 0.951751 1.49238 1.66752 -0.899149</i>
                        <i>-0.095678 0.99009 0.102799 -0.955193 -0.0622619 -0.289361 -0.280093 -0.125878 0.951684 1.49238 1.66814 -0.899149</i>
                        <i>-0.0952781 0.990079 0.10327 -0.955225 -0.0617413 -0.289368 -0.280121 -0.126217 0.951631 1.49238 1.66885 -0.899149</i>
                        <i>-0.0949203 0.990082 0.103577 -0.955251 -0.0613084 -0.289373 -0.280153 -0.126409 0.951596 1.49238 1.66961 -0.899149</i>
                        <i>-0.0946486 0.990097 0.10368 -0.955269 -0.0610165 -0.289377 -0.280185 -0.126431 0.951584 1.49238 1.67041 -0.899149</i>
                        <i>-0.0944616 0.990132 0.103519 -0.955277 -0.0608816 -0.289379 -0.28022 -0.126225 0.951601 1.49238 1.67124 -0.899149</i>
                        <i>-0.0943239 0.990191 0.103078 -0.955277 -0.0608739 -0.289379 -0.280265 -0.125764 0.951648 1.49238 1.67206 -0.899149</i>
                        <i>-0.0942296 0.990271 0.102391 -0.955271 -0.0609784 -0.289377 -0.280318 -0.125079 0.951723 1.49238 1.67286 -0.899149</i>
                        <i>-0.0941722 0.990369 0.101493 -0.955259 -0.0611785 -0.289375 -0.280379 -0.124203 0.95182 1.49238 1.67362 -0.899149</i>
                        <i>-0.0941448 0.990481 0.100424 -0.955242 -0.0614562 -0.289372 -0.280445 -0.123172 0.951934 1.49238 1.67432 -0.899149</i>
                        <i>-0.0941403 0.990602 0.0992277 -0.955222 -0.0617923 -0.289367 -0.280516 -0.122026 0.952061 1.49238 1.67493 -0.899149</i>
                        <i>-0.0941514 0.990728 0.09795 -0.955199 -0.0621667 -0.289363 -0.28059 -0.120806 0.952195 1.49238 1.67545 -0.899149</i>
                        <i>-0.0941711 0.990855 0.0966394 -0.955175 -0.0625586 -0.289358 -0.280666 -0.119557 0.95233 1.49238 1.67584 -0.899149</i>
                        <i>-0.0942022 0.990976 0.0953562 -0.95515 -0.0629538 -0.289353 -0.280739 -0.118337 0.952461 1.49238 1.67609 -0.899149</i>
                        <i>-0.094244 0.991085 0.0941751 -0.955127 -0.0633302 -0.289348 -0.280804 -0.117219 0.95258 1.49238 1.67618 -0.899149</i>
                        <i>-0.0942845 0.991176 0.0931648 -0.955106 -0.0636568 -0.289344 -0.28086 -0.116263 0.952681 1.49238 1.67599 -0.899149</i>
                        <i>-0.0943128 0.991246 0.0923895 -0.955091 -0.0639046 -0.28934 -0.280904 -0.115529 0.952757 1.49238 1.67546 -0.899149</i>
                        <i>-0.0943327 0.991295 0.0918404 -0.95508 -0.0640801 -0.289338 -0.280934 -0.115009 0.952811 1.49238 1.67466 -0.899149</i>
                        <i>-0.0943714 0.991323 0.0915037 -0.955071 -0.0642132 -0.289336 -0.28095 -0.114698 0.952844 1.49238 1.67365 -0.899149</i>
                        <i>-0.0944512 0.991322 0.09143 -0.955065 -0.0643112 -0.289335 -0.280944 -0.11465 0.952851 1.49238 1.67249 -0.899149</i>
                        <i>-0.0945931 0.991287 0.0916671 -0.955061 -0.0643807 -0.289334 -0.280912 -0.114917 0.952829 1.49238 1.67126 -0.899149</i>
                        <i>-0.0948161 0.99121 0.0922606 -0.955058 -0.0644271 -0.289334 -0.280846 -0.115548 0.952772 1.49238 1.67002 -0.899149</i>
                        <i>-0.095138 0.991086 0.0932556 -0.955056 -0.0644547 -0.289333 -0.280743 -0.116591 0.952675 1.49238 1.66883 -0.899149</i>
                        <i>-0.0955756 0.990907 0.0946978 -0.955055 -0.0644669 -0.289333 -0.280597 -0.118095 0.952533 1.49238 1.66776 -0.899149</i>
                        <i>-0.0961458 0.990665 0.096636 -0.955055 -0.0644663 -0.289333 -0.280402 -0.120111 0.952338 1.49238 1.66687 -0.899149</i>
                        <i>-0.0968668 0.990349 0.0991244 -0.955056 -0.0644553 -0.289333 -0.280152 -0.122696 0.952082 1.49238 1.66623 -0.899149</i>
                    </KeyFrames>
                </p>
            </i>
            <i>
                <p>
                    <Name>
                        <![CDATA[spine1]]>
</Name>
                    <Exclude>0</Exclude>
                    <Additive>0</Additive>
                    <IKPriority>0</IKPriority>
                    <IKRotLimits>-1e+010 -1e+010 -1e+010 1e+010 1e+010 1e+010</IKRotLimits>
                    <IKRotLimitOrder>0</IKRotLimitOrder>
                    <KeyFrames count="30">
                        <i>-0.1334 0.869786 0.475054 -0.986074 -0.0684537 -0.151566 -0.099311 -0.488657 0.866805 1.47517 1.84234 -0.881559</i>
                        <i>-0.133661 0.868102 0.478052 -0.986089 -0.0684048 -0.151488 -0.0988055 -0.49165 0.865169 1.47516 1.84256 -0.881402</i>
                        <i>-0.133367 0.866846 0.480407 -0.98615 -0.0678466 -0.151346 -0.0985995 -0.493937 0.863889 1.47516 1.84305 -0.881236</i>
                        <i>-0.132661 0.866003 0.482119 -0.986241 -0.0669266 -0.15116 -0.0986389 -0.495539 0.862967 1.47518 1.84378 -0.881068</i>
                        <i>-0.131684 0.865556 0.48319 -0.986349 -0.0657934 -0.150952 -0.0988662 -0.496472 0.862404 1.4752 1.84472 -0.880903</i>
                        <i>-0.130574 0.865486 0.483616 -0.986461 -0.0645961 -0.150738 -0.0992221 -0.496751 0.862203 1.47523 1.84582 -0.880748</i>
                        <i>-0.129473 0.865778 0.48339 -0.986564 -0.0634846 -0.15054 -0.0996461 -0.496385 0.862364 1.47525 1.84704 -0.880612</i>
                        <i>-0.128519 0.866415 0.482502 -0.986644 -0.0626092 -0.150376 -0.100079 -0.495384 0.86289 1.47526 1.84835 -0.880503</i>
                        <i>-0.127853 0.867381 0.480941 -0.986692 -0.0621205 -0.150266 -0.100462 -0.493752 0.86378 1.47526 1.84971 -0.88043</i>
                        <i>-0.127472 0.868716 0.478627 -0.986706 -0.0620239 -0.150213 -0.100806 -0.491412 0.865074 1.47524 1.85108 -0.880406</i>
                        <i>-0.127261 0.870404 0.475606 -0.986698 -0.0621922 -0.150199 -0.101155 -0.488393 0.866741 1.47522 1.85243 -0.880435</i>
                        <i>-0.127195 0.87235 0.472045 -0.98667 -0.0625759 -0.150221 -0.101507 -0.48486 0.868681 1.47519 1.85371 -0.880515</i>
                        <i>-0.127247 0.874458 0.468114 -0.986627 -0.0631253 -0.150273 -0.101857 -0.480976 0.870797 1.47517 1.8549 -0.880639</i>
                        <i>-0.127391 0.876637 0.463982 -0.986573 -0.0637905 -0.150349 -0.102203 -0.476905 0.872992 1.47514 1.85595 -0.880803</i>
                        <i>-0.1276 0.878795 0.459823 -0.986511 -0.0645219 -0.150443 -0.10254 -0.472817 0.875174 1.47512 1.85683 -0.881</i>
                        <i>-0.127848 0.880846 0.455812 -0.986446 -0.0652701 -0.150549 -0.102859 -0.468881 0.877252 1.4751 1.85751 -0.881222</i>
                        <i>-0.128109 0.882705 0.452128 -0.986381 -0.0659861 -0.15066 -0.103154 -0.465271 0.879137 1.4751 1.85794 -0.881461</i>
                        <i>-0.128377 0.884247 0.449029 -0.98632 -0.0666324 -0.150772 -0.1034 -0.462242 0.880704 1.47511 1.85807 -0.88171</i>
                        <i>-0.128632 0.885386 0.446705 -0.986268 -0.0671651 -0.15088 -0.103584 -0.459979 0.881867 1.47513 1.85788 -0.881953</i>
                        <i>-0.128828 0.8861 0.44523 -0.986229 -0.0675274 -0.150973 -0.103712 -0.458548 0.882597 1.47516 1.85727 -0.882176</i>
                        <i>-0.128917 0.886364 0.444679 -0.986209 -0.0676633 -0.151041 -0.103789 -0.458019 0.882863 1.4752 1.85623 -0.882364</i>
                        <i>-0.12891 0.886235 0.444938 -0.986206 -0.0675972 -0.151088 -0.103823 -0.458278 0.882724 1.47526 1.85483 -0.882516</i>
                        <i>-0.12889 0.885765 0.445879 -0.986212 -0.0674317 -0.151126 -0.103796 -0.45921 0.882243 1.47531 1.85319 -0.882633</i>
                        <i>-0.128919 0.884916 0.447552 -0.986221 -0.0672273 -0.15116 -0.103677 -0.460872 0.88139 1.47536 1.85137 -0.882703</i>
                        <i>-0.129058 0.883654 0.45 -0.986228 -0.0670432 -0.151195 -0.103435 -0.463316 0.880136 1.47539 1.8495 -0.882716</i>
                        <i>-0.129366 0.88194 0.453263 -0.986229 -0.0669379 -0.151236 -0.103041 -0.466585 0.878454 1.47541 1.84764 -0.882661</i>
                        <i>-0.1299 0.879737 0.457372 -0.986219 -0.0669691 -0.151288 -0.102464 -0.470721 0.876312 1.4754 1.84591 -0.882529</i>
                        <i>-0.130715 0.877006 0.462357 -0.986193 -0.0671939 -0.151357 -0.101674 -0.475757 0.87368 1.47536 1.84439 -0.882309</i>
                        <i>-0.131864 0.873705 0.468242 -0.986146 -0.0676695 -0.151448 -0.100635 -0.481726 0.870524 1.47529 1.84317 -0.88199</i>
                        <i>-0.1334 0.869786 0.475054 -0.986074 -0.0684537 -0.151566 -0.099311 -0.488657 0.866805 1.47517 1.84234 -0.881559</i>
                    </KeyFrames>
                </p>
            </i>
            <i>
                <p>
                    <Name>
                        <![CDATA[spine2]]>
</Name>
                    <Exclude>0</Exclude>
                    <Additive>0</Additive>
                    <IKPriority>0</IKPriority>
                    <IKRotLimits>-1e+010 -1e+010 -1e+010 1e+010 1e+010 1e+010</IKRotLimits>
                    <IKRotLimitOrder>0</IKRotLimitOrder>
                    <KeyFrames count="30">
                        <i>-0.128872 0.69291 0.709414 -0.988361 -0.148061 -0.0349287 0.0808339 -0.705659 0.703926 1.45349 1.98444 -0.803728</i>
                        <i>-0.129302 0.688837 0.713291 -0.988221 -0.148891 -0.0353529 0.0818504 -0.709461 0.699976 1.45342 1.98448 -0.803023</i>
                        <i>-0.129119 0.685447 0.716582 -0.988195 -0.149026 -0.0355095 0.0824496 -0.712708 0.696598 1.45344 1.98496 -0.802362</i>
                        <i>-0.128492 0.682746 0.719269 -0.988256 -0.148636 -0.0354558 0.0827022 -0.715378 0.693826 1.45353 1.98582 -0.801757</i>
                        <i>-0.127587 0.680737 0.721331 -0.988375 -0.147894 -0.03525 0.0826842 -0.717443 0.691693 1.45367 1.98702 -0.801223</i>
                        <i>-0.126566 0.679425 0.722746 -0.988524 -0.146968 -0.0349501 0.0824747 -0.718875 0.690229 1.45382 1.98849 -0.800778</i>
                        <i>-0.125594 0.678812 0.723492 -0.988674 -0.146031 -0.0346152 0.0821547 -0.719645 0.689465 1.45396 1.99018 -0.800438</i>
                        <i>-0.12483 0.6789 0.723542 -0.9888 -0.145251 -0.0343048 0.0818054 -0.71972 0.689428 1.45406 1.99203 -0.800223</i>
                        <i>-0.124437 0.679689 0.722868 -0.988874 -0.144798 -0.0340789 0.0815068 -0.719066 0.690146 1.4541 1.994 -0.800154</i>
                        <i>-0.124407 0.681272 0.721381 -0.9889 -0.144659 -0.033927 0.0812407 -0.717595 0.691707 1.45408 1.99602 -0.800266</i>
                        <i>-0.124595 0.683628 0.719117 -0.988901 -0.144682 -0.0337967 0.0809391 -0.715346 0.694067 1.45403 1.99807 -0.800566</i>
                        <i>-0.124956 0.686589 0.716228 -0.988883 -0.144833 -0.0336858 0.0806048 -0.712474 0.697053 1.45396 2.00006 -0.80103</i>
                        <i>-0.125445 0.689987 0.712868 -0.98885 -0.145075 -0.0335922 0.0802408 -0.709134 0.700493 1.45388 2.00193 -0.801631</i>
                        <i>-0.126017 0.693658 0.709195 -0.988809 -0.145373 -0.0335132 0.0798509 -0.705482 0.704215 1.45379 2.00362 -0.802341</i>
                        <i>-0.126626 0.697439 0.705368 -0.988764 -0.145692 -0.0334457 0.0794404 -0.701678 0.708052 1.4537 2.00507 -0.803131</i>
                        <i>-0.127227 0.70117 0.701551 -0.988721 -0.145999 -0.0333859 0.0790166 -0.697886 0.711837 1.45363 2.00621 -0.80397</i>
                        <i>-0.127775 0.704695 0.69791 -0.988685 -0.14626 -0.0333292 0.0785893 -0.694272 0.715409 1.45357 2.00697 -0.804825</i>
                        <i>-0.128231 0.707817 0.69466 -0.988658 -0.146451 -0.0332766 0.0781798 -0.691048 0.718568 1.45355 2.00725 -0.805656</i>
                        <i>-0.12855 0.710392 0.691966 -0.988647 -0.146541 -0.0332229 0.0778004 -0.688381 0.721165 1.45357 2.007 -0.806421</i>
                        <i>-0.128681 0.712346 0.689931 -0.988657 -0.146486 -0.0331525 0.0774488 -0.686371 0.723116 1.45362 2.00617 -0.807075</i>
                        <i>-0.128569 0.713601 0.688654 -0.988697 -0.146238 -0.0330502 0.0771226 -0.685119 0.724337 1.45371 2.00474 -0.80758</i>
                        <i>-0.12824 0.714249 0.688043 -0.988764 -0.145817 -0.0329193 0.0768158 -0.684533 0.724923 1.45384 2.00283 -0.807944</i>
                        <i>-0.127813 0.714374 0.687992 -0.988839 -0.145335 -0.0327949 0.0765616 -0.684505 0.724977 1.45397 2.00058 -0.808179</i>
                        <i>-0.127368 0.713888 0.688579 -0.988908 -0.144886 -0.0327096 0.0764145 -0.685107 0.724423 1.45409 1.99809 -0.808252</i>
                        <i>-0.126989 0.7127 0.689879 -0.988955 -0.144563 -0.0326961 0.0764286 -0.686411 0.723186 1.45418 1.99548 -0.808135</i>
                        <i>-0.126757 0.710719 0.691962 -0.988967 -0.14446 -0.032788 0.0766575 -0.688484 0.721189 1.45422 1.99285 -0.8078</i>
                        <i>-0.126751 0.70785 0.694898 -0.988929 -0.144667 -0.0330202 0.0771556 -0.69139 0.71835 1.45419 1.99033 -0.80722</i>
                        <i>-0.127052 0.703995 0.698748 -0.988826 -0.145277 -0.0334287 0.0779784 -0.695188 0.714586 1.45407 1.98801 -0.806367</i>
                        <i>-0.127735 0.699051 0.70357 -0.988642 -0.146379 -0.0340515 0.079184 -0.699929 0.709809 1.45384 1.98602 -0.805213</i>
                        <i>-0.128872 0.69291 0.709414 -0.988361 -0.148061 -0.0349287 0.0808339 -0.705659 0.703926 1.45349 1.98444 -0.803728</i>
                    </KeyFrames>
                </p>
            </i>
            <i>
                <p>
                    <Name>
                        <![CDATA[head]]>
</Name>
                    <Exclude>0</Exclude>
                    <Additive>0</Additive>
                    <IKPriority>0</IKPriority>
                    <IKRotLimits>-1e+010 -1e+010 -1e+010 1e+010 1e+010 1e+010</IKRotLimits>
                    <IKRotLimitOrder>0</IKRotLimitOrder>
                    <KeyFrames count="30">
                        <i>0.0495143 0.989558 -0.135365 0.226402 -0.143124 -0.963461 -0.972775 0.0170582 -0.231124 1.42015 2.17196 -0.625528</i>
                        <i>0.0484652 0.99031 -0.130141 0.226137 -0.13779 -0.964301 -0.972889 0.0173054 -0.230624 1.41993 2.17094 -0.623649</i>
                        <i>0.0485185 0.990666 -0.127386 0.225526 -0.135109 -0.964823 -0.973028 0.0180828 -0.229976 1.41995 2.17059 -0.621888</i>
                        <i>0.0494118 0.990708 -0.126711 0.224681 -0.13464 -0.965086 -0.973179 0.0192171 -0.229247 1.42014 2.17083 -0.620274</i>
                        <i>0.0508808 0.990504 -0.127719 0.223709 -0.135939 -0.96513 -0.973327 0.0205347 -0.228501 1.42045 2.1716 -0.618842</i>
                        <i>0.0526618 0.990112 -0.130016 0.222711 -0.138562 -0.964987 -0.973461 0.021862 -0.227806 1.42079 2.17286 -0.617628</i>
                        <i>0.0544935 0.989589 -0.133205 0.221794 -0.142066 -0.964689 -0.97357 0.0230253 -0.227227 1.42112 2.17453 -0.616668</i>
                        <i>0.0561178 0.988996 -0.136887 0.221069 -0.146009 -0.964267 -0.973642 0.0238509 -0.22683 1.42135 2.17655 -0.616005</i>
                        <i>0.0572795 0.988399 -0.140667 0.220654 -0.149947 -0.963757 -0.973669 0.0241647 -0.226683 1.42142 2.17888 -0.615678</i>
                        <i>0.0579023 0.987846 -0.144246 0.220588 -0.153576 -0.9632 -0.973647 0.0239527 -0.2268 1.42134 2.18148 -0.615763</i>
                        <i>0.0580278 0.98741 -0.147156 0.220825 -0.156448 -0.962684 -0.973586 0.0233668 -0.227123 1.42117 2.18428 -0.616268</i>
                        <i>0.0576253 0.987163 -0.148956 0.221343 -0.158124 -0.962291 -0.973492 0.0224819 -0.227614 1.42094 2.18719 -0.617141</i>
                        <i>0.0567834 0.987095 -0.149732 0.222089 -0.158705 -0.962023 -0.973372 0.0213731 -0.228234 1.42067 2.19008 -0.618325</i>
                        <i>0.0556018 0.987178 -0.149625 0.223 -0.15835 -0.961871 -0.973231 0.0201152 -0.228946 1.42039 2.19283 -0.619762</i>
                        <i>0.0541803 0.987386 -0.148776 0.224017 -0.157216 -0.961821 -0.973078 0.0187835 -0.229709 1.42011 2.19535 -0.621391</i>
                        <i>0.0526191 0.987688 -0.147323 0.225076 -0.155461 -0.961859 -0.972919 0.0174532 -0.230485 1.41986 2.1975 -0.623146</i>
                        <i>0.0510194 0.988056 -0.145407 0.22612 -0.153244 -0.96197 -0.972763 0.0161998 -0.231237 1.41966 2.19919 -0.624961</i>
                        <i>0.0494837 0.988461 -0.143167 0.227087 -0.150723 -0.96214 -0.972616 0.0150988 -0.231925 1.41954 2.20025 -0.626766</i>
                        <i>0.048116 0.988876 -0.140742 0.227923 -0.148058 -0.962357 -0.97249 0.0142263 -0.232511 1.41951 2.20058 -0.628475</i>
                        <i>0.0470214 0.989277 -0.138272 0.228571 -0.145408 -0.962607 -0.972391 0.0136583 -0.232957 1.41958 2.20011 -0.629996</i>
                        <i>0.0463064 0.989641 -0.135894 0.228978 -0.142933 -0.962881 -0.972329 0.013471 -0.233225 1.41978 2.19884 -0.631243</i>
                        <i>0.0460306 0.989911 -0.134005 0.229154 -0.141034 -0.963119 -0.972301 0.0136252 -0.233334 1.42007 2.19691 -0.632226</i>
                        <i>0.0461649 0.990039 -0.133011 0.229152 -0.140098 -0.963256 -0.972295 0.0139887 -0.233337 1.42041 2.19448 -0.632968</i>
                        <i>0.0466825 0.990007 -0.133065 0.228983 -0.140269 -0.963271 -0.97231 0.0144983 -0.233243 1.42074 2.19166 -0.633396</i>
                        <i>0.0476771 0.989721 -0.134828 0.22863 -0.142211 -0.96307 -0.972345 0.0150907 -0.23306 1.42102 2.18854 -0.633439</i>
                        <i>0.0489933 0.989231 -0.137923 0.228124 -0.145521 -0.962696 -0.972399 0.0157022 -0.232797 1.42121 2.18523 -0.633028</i>
                        <i>0.0502311 0.988744 -0.140935 0.227553 -0.148731 -0.96234 -0.972469 0.0162692 -0.232463 1.42125 2.18182 -0.632097</i>
                        <i>0.0509931 0.988487 -0.142454 0.227012 -0.150378 -0.962212 -0.972556 0.0167275 -0.232067 1.42112 2.17841 -0.630581</i>
                        <i>0.0508853 0.988691 -0.141069 0.226598 -0.148998 -0.962524 -0.972658 0.0170124 -0.231617 1.42077 2.1751 -0.628413</i>
                        <i>0.0495143 0.989558 -0.135365 0.226402 -0.143124 -0.963461 -0.972775 0.0170582 -0.231124 1.42015 2.17196 -0.625528</i>
                    </KeyFrames>
                </p>
            </i>
            <i>
                <p>
                    <Name>
                        <![CDATA[head_prop]]>
</Name>
                    <Exclude>0</Exclude>
                    <Additive>0</Additive>
                    <IKPriority>0</IKPriority>
                    <IKRotLimits>-1e+010 -1e+010 -1e+010 1e+010 1e+010 1e+010</IKRotLimits>
                    <IKRotLimitOrder>0</IKRotLimitOrder>
                    <KeyFrames count="30">
                        <i>0.971449 -0.0315429 0.235144 0.0641657 0.989117 -0.132404 -0.228408 0.143712 0.9629 1.43629 2.49446 -0.669644</i>
                        <i>0.971579 -0.0318125 0.234567 0.0631183 0.989868 -0.127188 -0.228145 0.138379 0.963743 1.43572 2.4937 -0.666063</i>
                        <i>0.971719 -0.0326009 0.23388 0.0631734 0.990213 -0.124444 -0.227534 0.1357 0.964269 1.43576 2.49346 -0.663404</i>
                        <i>0.971858 -0.0337367 0.233141 0.0640684 0.990239 -0.12378 -0.226689 0.135233 0.964533 1.43624 2.49371 -0.66157</i>
                        <i>0.971986 -0.0350483 0.23241 0.0655389 0.990015 -0.124799 -0.225716 0.136535 0.964578 1.43703 2.49442 -0.660467</i>
                        <i>0.972096 -0.0363641 0.231749 0.0673212 0.989602 -0.127106 -0.224717 0.139161 0.964436 1.43796 2.49554 -0.660001</i>
                        <i>0.972179 -0.0375121 0.231217 0.0691539 0.98906 -0.130303 -0.223799 0.142667 0.964137 1.43888 2.49704 -0.660081</i>
                        <i>0.972229 -0.0383204 0.230875 0.0707786 0.988452 -0.133991 -0.223074 0.146611 0.963713 1.43964 2.49888 -0.660617</i>
                        <i>0.972239 -0.0386171 0.230783 0.0719404 0.987848 -0.137772 -0.222659 0.150549 0.963202 1.44009 2.50101 -0.661523</i>
                        <i>0.972207 -0.0383892 0.230952 0.0725628 0.987297 -0.141348 -0.222592 0.154178 0.962643 1.44021 2.50343 -0.662773</i>
                        <i>0.972144 -0.0377907 0.231317 0.0726875 0.986868 -0.144253 -0.222828 0.157049 0.962124 1.44008 2.50609 -0.664228</i>
                        <i>0.972055 -0.0368988 0.231835 0.0722839 0.986634 -0.146045 -0.223347 0.158722 0.961729 1.43972 2.50891 -0.665687</i>
                        <i>0.971946 -0.0357878 0.232466 0.0714406 0.986581 -0.146812 -0.224093 0.159301 0.96146 1.43918 2.51178 -0.667124</i>
                        <i>0.971821 -0.0345321 0.233175 0.0702576 0.986684 -0.146694 -0.225005 0.158943 0.961306 1.43851 2.51456 -0.668526</i>
                        <i>0.971687 -0.033206 0.233926 0.0688345 0.986912 -0.145833 -0.226021 0.157807 0.961255 1.43777 2.51715 -0.669878</i>
                        <i>0.97155 -0.0318841 0.234681 0.0672717 0.987235 -0.144369 -0.227082 0.156049 0.961292 1.43701 2.5194 -0.67116</i>
                        <i>0.971415 -0.0306409 0.235404 0.0656704 0.987622 -0.142442 -0.228125 0.15383 0.961403 1.43629 2.52121 -0.672351</i>
                        <i>0.971289 -0.0295515 0.236059 0.0641331 0.988045 -0.140193 -0.229094 0.151307 0.961573 1.43567 2.52239 -0.673425</i>
                        <i>0.971181 -0.0286909 0.236609 0.0627641 0.988475 -0.137759 -0.22993 0.14864 0.961789 1.43519 2.52286 -0.674344</i>
                        <i>0.971098 -0.0281345 0.237018 0.0616685 0.988886 -0.135282 -0.230578 0.145989 0.96204 1.43491 2.52253 -0.67506</i>
                        <i>0.971046 -0.0279578 0.237251 0.0609529 0.989253 -0.132901 -0.230985 0.143514 0.962315 1.43487 2.52137 -0.675531</i>
                        <i>0.971021 -0.02812 0.237332 0.0606768 0.989522 -0.131011 -0.231162 0.141615 0.962554 1.43507 2.51953 -0.6759</i>
                        <i>0.971014 -0.0284874 0.237321 0.060811 0.989645 -0.130017 -0.23116 0.14068 0.962691 1.43545 2.51714 -0.676318</i>
                        <i>0.971021 -0.0289961 0.237227 0.0613286 0.989606 -0.130072 -0.23099 0.140852 0.962707 1.43595 2.51431 -0.676763</i>
                        <i>0.971042 -0.02958 0.23707 0.0623235 0.98931 -0.131838 -0.230636 0.142796 0.962505 1.43656 2.5111 -0.67738</i>
                        <i>0.971077 -0.0301772 0.236853 0.0636401 0.988809 -0.134936 -0.23013 0.146106 0.962129 1.43717 2.50763 -0.677978</i>
                        <i>0.97113 -0.0307301 0.236563 0.0648784 0.988312 -0.137952 -0.229559 0.149318 0.961773 1.43763 2.50406 -0.678029</i>
                        <i>0.971207 -0.0311811 0.23619 0.0656415 0.988047 -0.139477 -0.229017 0.150965 0.961645 1.43774 2.50057 -0.677008</i>
                        <i>0.971311 -0.0314719 0.23572 0.0655349 0.988248 -0.138099 -0.228604 0.149585 0.961959 1.43735 2.49732 -0.674389</i>
                        <i>0.971449 -0.0315429 0.235144 0.0641657 0.989117 -0.132404 -0.228408 0.143712 0.9629 1.43629 2.49446 -0.669644</i>
                    </KeyFrames>
                </p>
            </i>
            <i>
                <p>
                    <Name>
                        <![CDATA[l_clav]]>
</Name>
                    <Exclude>0</Exclude>
                    <Additive>0</Additive>
                    <IKPriority>0</IKPriority>
                    <IKRotLimits>-1e+010 -1e+010 -1e+010 1e+010 1e+010 1e+010</IKRotLimits>
                    <IKRotLimitOrder>0</IKRotLimitOrder>
                    <KeyFrames count="30">
                        <i>0.934727 0.311878 0.170348 -0.353002 0.75966 0.546174 0.040933 -0.570657 0.820168 1.53208 2.01757 -0.732531</i>
                        <i>0.93413 0.312545 0.172388 -0.35446 0.75552 0.550952 0.0419552 -0.575765 0.816538 1.53201 2.01739 -0.731681</i>
                        <i>0.933308 0.313646 0.17482 -0.356534 0.751614 0.554941 0.0426583 -0.58026 0.813313 1.53206 2.01772 -0.730866</i>
                        <i>0.932313 0.315089 0.177514 -0.359077 0.748016 0.558154 0.0430852 -0.584116 0.810526 1.53219 2.01852 -0.730099</i>
                        <i>0.931196 0.316789 0.18033 -0.36194 0.744796 0.560606 0.0432849 -0.587302 0.808209 1.53236 2.01973 -0.729398</i>
                        <i>0.93001 0.318668 0.18312 -0.364974 0.742023 0.562312 0.0433112 -0.58979 0.806394 1.53256 2.02131 -0.728783</i>
                        <i>0.928809 0.32065 0.185732 -0.368029 0.739767 0.563294 0.043222 -0.591547 0.805111 1.53273 2.0232 -0.728272</i>
                        <i>0.927652 0.322667 0.188009 -0.370953 0.738093 0.563571 0.0430777 -0.592541 0.804388 1.53285 2.02535 -0.727891</i>
                        <i>0.926597 0.324648 0.189795 -0.373597 0.737068 0.563166 0.0429394 -0.592734 0.804253 1.53287 2.02771 -0.727662</i>
                        <i>0.925775 0.326369 0.190849 -0.375643 0.736881 0.562049 0.0428018 -0.592022 0.804784 1.53281 2.03024 -0.727634</i>
                        <i>0.925378 0.327445 0.190935 -0.376641 0.73767 0.560343 0.0426348 -0.590443 0.805953 1.5327 2.03286 -0.727824</i>
                        <i>0.9253 0.32805 0.19027 -0.376854 0.739251 0.558112 0.0424311 -0.588125 0.807656 1.53256 2.03547 -0.728211</i>
                        <i>0.925342 0.32854 0.189219 -0.376781 0.741371 0.555343 0.0421713 -0.585176 0.809809 1.5324 2.03798 -0.728772</i>
                        <i>0.925502 0.328879 0.187843 -0.376422 0.743914 0.552176 0.0418598 -0.581748 0.812291 1.53222 2.04029 -0.729481</i>
                        <i>0.925779 0.32903 0.186206 -0.37578 0.746769 0.548749 0.0415024 -0.577993 0.814986 1.53206 2.04232 -0.730308</i>
                        <i>0.926172 0.328959 0.184369 -0.374855 0.749823 0.545206 0.0411064 -0.574066 0.817777 1.53192 2.04396 -0.731224</i>
                        <i>0.926678 0.328634 0.182394 -0.373648 0.752967 0.54169 0.040681 -0.570123 0.820551 1.53181 2.04512 -0.732195</i>
                        <i>0.927296 0.328023 0.180339 -0.372159 0.756095 0.538348 0.0402375 -0.566323 0.823201 1.53175 2.04566 -0.733184</i>
                        <i>0.928024 0.3271 0.17826 -0.370389 0.759101 0.535329 0.0397887 -0.562824 0.825618 1.53175 2.0455 -0.734141</i>
                        <i>0.928858 0.325839 0.176213 -0.368339 0.761882 0.532787 0.0393488 -0.55979 0.8277 1.53181 2.04458 -0.735011</i>
                        <i>0.929796 0.324216 0.17425 -0.366009 0.764337 0.530873 0.0389322 -0.557381 0.829343 1.53194 2.04291 -0.735739</i>
                        <i>0.930807 0.322305 0.172387 -0.363474 0.766481 0.529523 0.0385367 -0.555541 0.830595 1.53213 2.04064 -0.736328</i>
                        <i>0.931825 0.320272 0.170671 -0.360894 0.768302 0.528646 0.0381836 -0.5542 0.831507 1.53233 2.03792 -0.73678</i>
                        <i>0.932795 0.318225 0.169192 -0.358406 0.769656 0.52837 0.0379213 -0.5535 0.831985 1.53253 2.0349 -0.737051</i>
                        <i>0.933665 0.316278 0.168039 -0.356147 0.770396 0.528819 0.0377974 -0.553586 0.831933 1.53269 2.0317 -0.737098</i>
                        <i>0.934384 0.314542 0.167302 -0.354251 0.770378 0.530118 0.0378588 -0.5546 0.831255 1.53279 2.02845 -0.736878</i>
                        <i>0.9349 0.313129 0.167071 -0.352855 0.769452 0.532388 0.0381528 -0.556681 0.829849 1.5328 2.02529 -0.736352</i>
                        <i>0.935163 0.312145 0.167438 -0.352094 0.767466 0.535748 0.0387281 -0.559966 0.82761 1.53271 2.02234 -0.735481</i>
                        <i>0.935123 0.311695 0.168498 -0.3521 0.764259 0.540309 0.0396361 -0.564583 0.824424 1.53247 2.01973 -0.734222</i>
                        <i>0.934727 0.311878 0.170348 -0.353002 0.75966 0.546174 0.040933 -0.570657 0.820168 1.53208 2.01757 -0.732531</i>
                    </KeyFrames>
                </p>
            </i>
            <i>
                <p>
                    <Name>
                        <![CDATA[l_shoulder]]>
</Name>
                    <Exclude>0</Exclude>
                    <Additive>0</Additive>
                    <IKPriority>0</IKPriority>
                    <IKRotLimits>-1e+010 -1e+010 -1e+010 1e+010 1e+010 1e+010</IKRotLimits>
                    <IKRotLimitOrder>0</IKRotLimitOrder>
                    <KeyFrames count="30">
                        <i>0.437471 -0.529733 0.726638 0.148424 0.839518 0.522667 -0.886899 -0.120801 0.445889 1.71677 2.07919 -0.698874</i>
                        <i>0.441367 -0.529568 0.724398 0.147434 0.839111 0.523599 -0.885132 -0.124299 0.448432 1.71658 2.07914 -0.697621</i>
                        <i>0.444127 -0.530599 0.721953 0.147521 0.838092 0.525204 -0.883736 -0.126754 0.450494 1.71646 2.07969 -0.696325</i>
                        <i>0.445827 -0.532631 0.719405 0.148435 0.836561 0.527383 -0.882726 -0.128337 0.452022 1.71639 2.08077 -0.695026</i>
                        <i>0.446514 -0.535464 0.71687 0.14992 0.834618 0.530035 -0.882128 -0.129195 0.452945 1.71635 2.08232 -0.693769</i>
                        <i>0.446219 -0.538897 0.714478 0.151723 0.832364 0.533057 -0.881969 -0.129458 0.45318 1.71631 2.08427 -0.692602</i>
                        <i>0.444957 -0.542725 0.712364 0.153587 0.829907 0.536344 -0.882284 -0.129241 0.452628 1.71624 2.08655 -0.691576</i>
                        <i>0.44273 -0.546747 0.710674 0.155257 0.827356 0.539794 -0.883111 -0.128646 0.451182 1.71613 2.0891 -0.690744</i>
                        <i>0.439531 -0.550764 0.709557 0.156481 0.824824 0.543304 -0.884492 -0.127767 0.44872 1.71595 2.09186 -0.690163</i>
                        <i>0.435197 -0.554622 0.709224 0.157189 0.82244 0.546703 -0.886507 -0.126441 0.445104 1.71573 2.09473 -0.689926</i>
                        <i>0.429676 -0.558164 0.709811 0.157443 0.820341 0.549774 -0.889151 -0.12447 0.44036 1.71554 2.09756 -0.6901</i>
                        <i>0.423221 -0.561369 0.711161 0.157348 0.818535 0.552487 -0.892259 -0.121924 0.434752 1.71538 2.10029 -0.690618</i>
                        <i>0.416134 -0.56428 0.713036 0.157076 0.816977 0.554865 -0.895634 -0.118898 0.428607 1.71522 2.10289 -0.691387</i>
                        <i>0.408681 -0.566798 0.715346 0.156662 0.81572 0.556828 -0.899131 -0.115498 0.422165 1.71508 2.10527 -0.692367</i>
                        <i>0.401161 -0.568826 0.717988 0.156144 0.814816 0.558296 -0.902601 -0.111857 0.415691 1.71497 2.10733 -0.693518</i>
                        <i>0.39391 -0.57027 0.720852 0.155565 0.814309 0.559196 -0.905889 -0.108134 0.409478 1.71491 2.10895 -0.694797</i>
                        <i>0.387301 -0.571037 0.723819 0.154965 0.814244 0.559457 -0.908836 -0.104511 0.403849 1.7149 2.11005 -0.696158</i>
                        <i>0.381868 -0.570965 0.726757 0.154386 0.814708 0.558941 -0.911231 -0.101241 0.399261 1.71496 2.11047 -0.697553</i>
                        <i>0.378027 -0.570004 0.729515 0.153877 0.815712 0.557616 -0.912917 -0.0985381 0.396071 1.7151 2.11012 -0.698921</i>
                        <i>0.376181 -0.568114 0.731939 0.153487 0.81726 0.555453 -0.913745 -0.0966079 0.394636 1.71533 2.10896 -0.700195</i>
                        <i>0.376557 -0.565324 0.733903 0.153268 0.819316 0.552477 -0.913627 -0.0955548 0.395165 1.71565 2.10697 -0.701311</i>
                        <i>0.378768 -0.561839 0.73544 0.153219 0.82175 0.548864 -0.912721 -0.0952083 0.397337 1.71603 2.10432 -0.702268</i>
                        <i>0.382413 -0.557853 0.736587 0.153243 0.82443 0.544822 -0.911195 -0.0954705 0.40076 1.71644 2.1012 -0.703059</i>
                        <i>0.387356 -0.553537 0.73726 0.153259 0.827227 0.540563 -0.909102 -0.0963983 0.405266 1.71683 2.09777 -0.703623</i>
                        <i>0.393455 -0.549059 0.737379 0.153183 0.830012 0.536298 -0.906492 -0.0980549 0.410679 1.71716 2.09419 -0.703897</i>
                        <i>0.400582 -0.544582 0.736861 0.152932 0.832662 0.532246 -0.903408 -0.100518 0.416833 1.71741 2.0906 -0.703823</i>
                        <i>0.408623 -0.540265 0.735623 0.152417 0.835058 0.528628 -0.899887 -0.103888 0.423569 1.71752 2.08716 -0.703343</i>
                        <i>0.41749 -0.536258 0.733573 0.151552 0.837079 0.525672 -0.895954 -0.108288 0.430743 1.71748 2.08402 -0.702399</i>
                        <i>0.427118 -0.532704 0.730614 0.15025 0.838607 0.523607 -0.891625 -0.113867 0.438223 1.71724 2.08131 -0.70093</i>
                        <i>0.437471 -0.529733 0.726638 0.148424 0.839518 0.522667 -0.886899 -0.120801 0.445889 1.71677 2.07919 -0.698874</i>
                    </KeyFrames>
                </p>
            </i>
            <i>
                <p>
                    <Name>
                        <![CDATA[l_elbow]]>
</Name>
                    <Exclude>0</Exclude>
                    <Additive>0</Additive>
                    <IKPriority>0</IKPriority>
                    <IKRotLimits>-1e+010 -1e+010 -1e+010 1e+010 1e+010 1e+010</IKRotLimits>
                    <IKRotLimitOrder>0</IKRotLimitOrder>
                    <KeyFrames count="30">
                        <i>-0.392261 -0.436798 0.80953 0.1462 0.839272 0.523687 -0.908161 0.323775 -0.265354 1.85906 1.90688 -0.462516</i>
                        <i>-0.395572 -0.436799 0.807916 0.145214 0.838856 0.524627 -0.906882 0.324848 -0.268399 1.86014 1.90688 -0.461991</i>
                        <i>-0.397975 -0.43746 0.806377 0.145304 0.837831 0.526237 -0.905816 0.326599 -0.269871 1.86092 1.9071 -0.46149</i>
                        <i>-0.399467 -0.438759 0.804933 0.14622 0.836297 0.52842 -0.905011 0.328784 -0.269917 1.86141 1.90752 -0.46102</i>
                        <i>-0.400023 -0.440686 0.803603 0.147707 0.834351 0.531075 -0.904524 0.33114 -0.268667 1.86159 1.90815 -0.460588</i>
