<?xml version="1.0" encoding="ISO-8859-1" ?>
<Animl Version="1">
    <ModellingPackage><![CDATA[Maya.2010]]></ModellingPackage>
    <SrcFile><![CDATA[anims\turrets\machinegun\blue\~src\mgun_gatling\mgun_gatling_fire_secondary_crewman_a.mb]]></SrcFile>
    <FramesPerSecond>30</FramesPerSecond>
    <TotalFrames>22</TotalFrames>
    <Skeleton>
        <RefFrame>
            <Name><![CDATA[soldier_ref_frame]]></Name>
            <Exclude>0</Exclude>
            <Additive>0</Additive>
            <IKPriority>0</IKPriority>
            <IKRotLimits>-1e+010 -1e+010 -1e+010 1e+010 1e+010 1e+010</IKRotLimits>
            <IKRotLimitOrder>0</IKRotLimitOrder>
            <KeyFrames count="22">
                <i>1 0 0 0 1 0 0 0 1 0 0.92 -1.78</i>
                <i>1 0 0 0 1 0 0 0 1 0 0.92 -1.78</i>
                <i>1 0 0 0 1 0 0 0 1 0 0.92 -1.78</i>
                <i>1 0 0 0 1 0 0 0 1 0 0.92 -1.78</i>
                <i>1 0 0 0 1 0 0 0 1 0 0.92 -1.78</i>
                <i>1 0 0 0 1 0 0 0 1 0 0.92 -1.78</i>
                <i>1 0 0 0 1 0 0 0 1 0 0.92 -1.78</i>
                <i>1 0 0 0 1 0 0 0 1 0 0.92 -1.78</i>
                <i>1 0 0 0 1 0 0 0 1 0 0.92 -1.78</i>
                <i>1 0 0 0 1 0 0 0 1 0 0.92 -1.78</i>
                <i>1 0 0 0 1 0 0 0 1 0 0.92 -1.78</i>
                <i>1 0 0 0 1 0 0 0 1 0 0.92 -1.78</i>
                <i>1 0 0 0 1 0 0 0 1 0 0.92 -1.78</i>
                <i>1 0 0 0 1 0 0 0 1 0 0.92 -1.78</i>
                <i>1 0 0 0 1 0 0 0 1 0 0.92 -1.78</i>
                <i>1 0 0 0 1 0 0 0 1 0 0.92 -1.78</i>
                <i>1 0 0 0 1 0 0 0 1 0 0.92 -1.78</i>
                <i>1 0 0 0 1 0 0 0 1 0 0.92 -1.78</i>
                <i>1 0 0 0 1 0 0 0 1 0 0.92 -1.78</i>
                <i>1 0 0 0 1 0 0 0 1 0 0.92 -1.78</i>
                <i>1 0 0 0 1 0 0 0 1 0 0.92 -1.78</i>
                <i>1 0 0 0 1 0 0 0 1 0 0.92 -1.78</i>
            </KeyFrames>
        </RefFrame>
        <Bones count="23">
            <i>
                <p>
                    <Name><![CDATA[pelvis]]></Name>
                    <Exclude>0</Exclude>
                    <Additive>0</Additive>
                    <IKPriority>0</IKPriority>
                    <IKRotLimits>-1e+010 -1e+010 -1e+010 1e+010 1e+010 1e+010</IKRotLimits>
                    <IKRotLimitOrder>2</IKRotLimitOrder>
                    <KeyFrames count="22">
                        <i>1 0 0 0 1 0 0 0 1 -0.0451775 2.39513 -1.42793</i>
                        <i>1 0 0 0 1 0 0 0 1 0.0777973 2.25828 -1.56873</i>
                        <i>1 0 0 0 1 0 0 0 1 0.151437 2.32194 -1.67885</i>
                        <i>1 0 0 0 1 0 0 0 1 0.145219 2.37951 -1.72537</i>
                        <i>1 0 0 0 1 0 0 0 1 0.128232 2.43386 -1.74545</i>
                        <i>1 0 0 0 1 0 0 0 1 0.103187 2.44845 -1.75177</i>
                        <i>1 0 0 0 1 0 0 0 1 0.0727941 2.3909 -1.75807</i>
                        <i>1 0 0 0 1 0 0 0 1 0.0397624 2.29423 -1.76342</i>
                        <i>1 0 0 0 1 0 0 0 1 0.00678592 2.22042 -1.76684</i>
                        <i>1 0 0 0 1 0 0 0 1 -0.0234101 2.19375 -1.76718</i>
                        <i>1 0 0 0 1 0 0 0 1 -0.0480675 2.1891 -1.76324</i>
                        <i>1 0 0 0 1 0 0 0 1 -0.0636572 2.19397 -1.75395</i>
                        <i>1 0 0 0 1 0 0 0 1 -0.0574857 2.22793 -1.73848</i>
                        <i>1 0 0 0 1 0 0 0 1 -0.0160932 2.29794 -1.7098</i>
                        <i>1 0 0 0 1 0 0 0 1 0.0374886 2.37261 -1.6661</i>
                        <i>1 0 0 0 1 0 0 0 1 0.0650428 2.42019 -1.61455</i>
                        <i>1 0 0 0 1 0 0 0 1 0.0540077 2.43066 -1.56163</i>
                        <i>1 0 0 0 1 0 0 0 1 0.0246419 2.42227 -1.5134</i>
                        <i>1 0 0 0 1 0 0 0 1 -0.0120778 2.40655 -1.47053</i>
                        <i>1 0 0 0 1 0 0 0 1 -0.0451775 2.39513 -1.42793</i>
                        <i>1 0 0 0 1 0 0 0 1 0.0777973 2.25828 -1.56873</i>
                        <i>1 0 0 0 1 0 0 0 1 0.151437 2.32194 -1.67885</i>
                    </KeyFrames>
                </p>
            </i>
            <i>
                <p>
                    <Name><![CDATA[spine0]]></Name>
                    <Exclude>0</Exclude>
                    <Additive>0</Additive>
                    <IKPriority>0</IKPriority>
                    <IKRotLimits>-1e+010 -1e+010 -1e+010 1e+010 1e+010 1e+010</IKRotLimits>
                    <IKRotLimitOrder>0</IKRotLimitOrder>
                    <KeyFrames count="22">
                        <i>-0.177098 0.982275 0.0614098 -0.981092 -0.181145 0.0681544 0.0780705 -0.0481787 0.995783 -0.0743807 2.48713 -1.5346</i>
                        <i>-0.173698 0.983946 0.0409725 -0.981211 -0.176464 0.0780113 0.0839891 -0.0266522 0.99611 0.0503515 2.3493 -1.67669</i>
                        <i>-0.163803 0.986067 0.029005 -0.982007 -0.165788 0.0904242 0.093973 -0.0136713 0.995481 0.126647 2.4116 -1.78858</i>
                        <i>-0.143395 0.988547 0.0470439 -0.984611 -0.147299 0.0940388 0.0998912 -0.0328353 0.994456 0.122446 2.46743 -1.83694</i>
                        <i>-0.116394 0.989786 0.0823211 -0.987692 -0.12407 0.0952416 0.104482 -0.0702223 0.992045 0.107755 2.52031 -1.85859</i>
                        <i>-0.089226 0.987638 0.128877 -0.990075 -0.102054 0.0966213 0.108579 -0.118977 0.986942 0.0851395 2.53415 -1.8659</i>
                        <i>-0.0685889 0.98139 0.179357 -0.990918 -0.087859 0.101797 0.115661 -0.170745 0.978503 0.0571614 2.477 -1.87226</i>
                        <i>-0.0606237 0.972354 0.225505 -0.98955 -0.0881585 0.114104 0.13083 -0.216231 0.967537 0.0263808 2.38229 -1.87639</i>
                        <i>-0.0658256 0.962175 0.264359 -0.986033 -0.103343 0.130608 0.152988 -0.252069 0.95554 -0.00468002 2.31291 -1.87643</i>
                        <i>-0.0791213 0.953777 0.289913 -0.981794 -0.124936 0.143078 0.172685 -0.273314 0.946298 -0.0334149 2.29283 -1.871</i>
                        <i>-0.0979265 0.948298 0.301898 -0.977731 -0.148254 0.148537 0.185614 -0.280629 0.941698 -0.0571384 2.29557 -1.85956</i>
                        <i>-0.11933 0.945637 0.302541 -0.974474 -0.169914 0.146733 0.190162 -0.277308 0.941774 -0.0724013 2.30742 -1.84198</i>
                        <i>-0.140136 0.945724 0.293203 -0.972436 -0.187195 0.13902 0.18636 -0.26564 0.945889 -0.0666022 2.34706 -1.81861</i>
                        <i>-0.160386 0.948397 0.273532 -0.972493 -0.199256 0.120642 0.16892 -0.246659 0.954267 -0.027856 2.42071 -1.78387</i>
                        <i>-0.180209 0.953413 0.241924 -0.97389 -0.207467 0.0921686 0.138066 -0.218998 0.965908 0.0203682 2.49632 -1.7375</i>
                        <i>-0.19555 0.961745 0.191852 -0.97541 -0.211019 0.0636144 0.101665 -0.174695 0.97936 0.0414916 2.54124 -1.68863</i>
                        <i>-0.203169 0.967714 0.14917 -0.976474 -0.211492 0.0420661 0.0722562 -0.137114 0.987916 0.0245272 2.54559 -1.64299</i>
                        <i>-0.200344 0.971485 0.1268 -0.978119 -0.205741 0.0308701 0.0560778 -0.117841 0.991448 -0.0088208 2.52889 -1.604</i>
                        <i>-0.18715 0.976656 0.105445 -0.980316 -0.192559 0.0436008 0.0628874 -0.0952097 0.993469 -0.0445794 2.50525 -1.57002</i>
                        <i>-0.177098 0.982275 0.0614098 -0.981092 -0.181145 0.0681544 0.0780705 -0.0481787 0.995783 -0.0743807 2.48713 -1.5346</i>
                        <i>-0.173698 0.983946 0.0409725 -0.981211 -0.176464 0.0780113 0.0839891 -0.0266522 0.99611 0.0503515 2.3493 -1.67669</i>
                        <i>-0.163803 0.986067 0.029005 -0.982007 -0.165788 0.0904242 0.093973 -0.0136713 0.995481 0.126647 2.4116 -1.78858</i>
                    </KeyFrames>
                </p>
            </i>
            <i>
                <p>
                    <Name><![CDATA[spine1]]></Name>
                    <Exclude>0</Exclude>
                    <Additive>0</Additive>
                    <IKPriority>0</IKPriority>
                    <IKRotLimits>-1e+010 -1e+010 -1e+010 1e+010 1e+010 1e+010</IKRotLimits>
                    <IKRotLimitOrder>0</IKRotLimitOrder>
                    <KeyFrames count="22">
                        <i>-0.0604657 0.879201 0.472598 -0.997532 -0.0701486 0.00287393 0.0356789 -0.471258 0.881273 -0.110908 2.68965 -1.52215</i>
                        <i>-0.0716736 0.889477 0.451324 -0.996135 -0.0868666 0.0130045 0.0507722 -0.448648 0.892265 0.0148092 2.55055 -1.66851</i>
                        <i>-0.0728345 0.890748 0.448624 -0.995449 -0.0926456 0.022337 0.0614597 -0.444955 0.893442 0.0931132 2.61336 -1.78285</i>
                        <i>-0.0386537 0.867842 0.495334 -0.998598 -0.051493 0.0122914 0.0361733 -0.494165 0.868615 0.0925247 2.67356 -1.82736</i>
                        <i>0.00544667 0.82608 0.563527 -0.999916 0.0111282 -0.00664848 -0.0117632 -0.563443 0.826071 0.0828902 2.73155 -1.84128</i>
                        <i>0.0434218 0.769416 0.637271 -0.996476 0.07917 -0.0276897 -0.0717576 -0.633823 0.770142 0.0656522 2.74955 -1.83808</i>
                        <i>0.0639461 0.708206 0.703104 -0.99049 0.131044 -0.0419114 -0.121819 -0.693738 0.709851 0.0419221 2.69459 -1.8328</i>
                        <i>0.0607926 0.657181 0.751278 -0.989531 0.138379 -0.0409751 -0.130889 -0.740922 0.658713 0.0127699 2.6 -1.82623</i>
                        <i>0.0377979 0.626274 0.778686 -0.995681 0.0897254 -0.0238325 -0.0847936 -0.774422 0.626961 -0.0194864 2.5287 -1.81747</i>
                        <i>0.00367694 0.623746 0.781619 -0.999986 0.00523994 0.000522624 -0.00376966 -0.78161 0.623756 -0.0510512 2.50487 -1.80687</i>
                        <i>-0.0420048 0.646232 0.761984 -0.995421 -0.0926093 0.023668 0.0858618 -0.757501 0.647163 -0.0785379 2.50236 -1.79402</i>
                        <i>-0.0979322 0.685279 0.721666 -0.982066 -0.183936 0.0413921 0.161105 -0.70467 0.691003 -0.0977117 2.50769 -1.77816</i>
                        <i>-0.157632 0.732233 0.662561 -0.965155 -0.256158 0.0534719 0.208874 -0.631045 0.747097 -0.0952318 2.54008 -1.75898</i>
                        <i>-0.2027 0.78165 0.589861 -0.955011 -0.290965 0.0573887 0.216487 -0.551691 0.805463 -0.0593091 2.60658 -1.73041</i>
                        <i>-0.217016 0.830963 0.512255 -0.958244 -0.281441 0.0505847 0.186203 -0.479888 0.857343 -0.0136731 2.67636 -1.69192</i>
                        <i>-0.193961 0.878985 0.43562 -0.97194 -0.232424 0.036222 0.133087 -0.416371 0.899402 0.00543318 2.71856 -1.65334</i>
                        <i>-0.141555 0.899567 0.413209 -0.986796 -0.161418 0.0133613 0.078719 -0.405862 0.910538 -0.0133983 2.72621 -1.61525</i>
                        <i>-0.0849516 0.889581 0.448808 -0.995804 -0.0911768 -0.0077672 0.0340113 -0.447584 0.893595 -0.0478655 2.7182 -1.57943</i>
                        <i>-0.0579102 0.872292 0.485544 -0.998072 -0.0614607 -0.00862298 0.0223201 -0.485107 0.87417 -0.0825583 2.7034 -1.54882</i>
                        <i>-0.0604657 0.879201 0.472598 -0.997532 -0.0701486 0.00287393 0.0356789 -0.471258 0.881273 -0.110908 2.68965 -1.52215</i>
                        <i>-0.0716736 0.889477 0.451324 -0.996135 -0.0868666 0.0130045 0.0507722 -0.448648 0.892265 0.0148092 2.55055 -1.66851</i>
                        <i>-0.0728345 0.890748 0.448624 -0.995449 -0.0926456 0.022337 0.0614597 -0.444955 0.893442 0.0931132 2.61336 -1.78285</i>
                    </KeyFrames>
                </p>
            </i>
            <i>
                <p>
                    <Name><![CDATA[spine2]]></Name>
                    <Exclude>0</Exclude>
                    <Additive>0</Additive>
                    <IKPriority>0</IKPriority>
                    <IKRotLimits>-1e+010 -1e+010 -1e+010 1e+010 1e+010 1e+010</IKRotLimits>
                    <IKRotLimitOrder>0</IKRotLimitOrder>
                    <KeyFrames count="22">
                        <i>-0.0323103 0.900466 0.433725 -0.999357 -0.0358587 2.34056e-009 0.0155528 -0.433446 0.901045 -0.12242 2.85598 -1.43206</i>
                        <i>-0.0457813 0.912964 0.405465 -0.998744 -0.0501101 6.1493e-005 0.020374 -0.404952 0.914111 0.00129166 2.71752 -1.58315</i>
                        <i>-0.0418521 0.91258 0.406751 -0.998948 -0.0458465 7.51413e-005 0.0187167 -0.40632 0.913539 0.0793773 2.78063 -1.69795</i>
                        <i>0.00864638 0.877021 0.480375 -0.999941 0.0107571 -0.00164115 -0.00660678 -0.480332 0.877062 0.0850514 2.83954 -1.73187</i>
                        <i>0.0705312 0.811394 0.580228 -0.996162 0.0875248 -0.00130404 -0.0518425 -0.577909 0.814453 0.0838328 2.89312 -1.73016</i>
                        <i>0.121548 0.72185 0.681292 -0.98667 0.162693 0.00365177 -0.108206 -0.672654 0.732002 0.0741403 2.90318 -1.70975</i>
                        <i>0.148318 0.626802 0.764932 -0.976343 0.215871 0.0124194 -0.157342 -0.748678 0.643992 0.054647 2.83819 -1.68898</i>
                        <i>0.146478 0.552491 0.820548 -0.973411 0.228179 0.0201292 -0.17611 -0.801679 0.571224 0.0249357 2.73442 -1.67112</i>
                        <i>0.123859 0.51886 0.845839 -0.980129 0.197064 0.0226394 -0.154938 -0.831835 0.532958 -0.0119912 2.65693 -1.6565</i>
                        <i>0.0905037 0.538194 0.837948 -0.990266 0.137976 0.0183363 -0.105748 -0.831451 0.545442 -0.0504855 2.63149 -1.64672</i>
                        <i>0.0416944 0.599831 0.79904 -0.998214 0.0592616 0.00760034 -0.0427935 -0.797929 0.60123 -0.087022 2.63116 -1.64085</i>
                        <i>-0.0244053 0.684708 0.728409 -0.999552 -0.0293346 -0.00591518 0.0173175 -0.728227 0.685117 -0.116754 2.64052 -1.63725</i>
                        <i>-0.100705 0.773658 0.62555 -0.99312 -0.115934 -0.0164969 0.0597593 -0.622907 0.78001 -0.124746 2.67706 -1.63428</i>
                        <i>-0.16652 0.851466 0.497269 -0.983239 -0.181358 -0.0187211 0.0742432 -0.492052 0.867394 -0.095783 2.7472 -1.62378</i>
                        <i>-0.199863 0.910538 0.361906 -0.977846 -0.208813 -0.0146528 0.0622288 -0.356817 0.9321 -0.0513348 2.82055 -1.6027</i>
                        <i>-0.185897 0.952103 0.242779 -0.98185 -0.189454 -0.00883014 0.0375882 -0.240014 0.970041 -0.0274587 2.86755 -1.57926</i>
                        <i>-0.134375 0.962701 0.23484 -0.99066 -0.136051 -0.00912814 0.0231625 -0.233873 0.971991 -0.0377186 2.88055 -1.54407</i>
                        <i>-0.0744817 0.940727 0.330886 -0.997049 -0.0764308 -0.00713675 0.0185762 -0.330442 0.943644 -0.0631292 2.87742 -1.49866</i>
                        <i>-0.0381482 0.904964 0.423775 -0.999137 -0.0415254 -0.00126542 0.0164523 -0.423457 0.905767 -0.0934153 2.86583 -1.45779</i>
                        <i>-0.0323103 0.900466 0.433725 -0.999357 -0.0358587 2.34056e-009 0.0155528 -0.433446 0.901045 -0.12242 2.85598 -1.43206</i>
                        <i>-0.0457813 0.912964 0.405465 -0.998744 -0.0501101 6.1493e-005 0.020374 -0.404952 0.914111 0.00129166 2.71752 -1.58315</i>
                        <i>-0.0418521 0.91258 0.406751 -0.998948 -0.0458465 7.51413e-005 0.0187167 -0.40632 0.913539 0.0793773 2.78063 -1.69795</i>
                    </KeyFrames>
                </p>
            </i>
            <i>
                <p>
                    <Name><![CDATA[head]]></Name>
                    <Exclude>0</Exclude>
                    <Additive>0</Additive>
                    <IKPriority>0</IKPriority>
                    <IKRotLimits>-1e+010 -1e+010 -1e+010 1e+010 1e+010 1e+010</IKRotLimits>
                    <IKRotLimitOrder>0</IKRotLimitOrder>
                    <KeyFrames count="22">
                        <i>-0.0365534 0.979002 -0.200549 0.0092282 -0.200344 -0.979682 -0.999289 -0.0376615 -0.00171117 -0.163487 3.12392 -1.35198</i>
                        <i>-0.0494618 0.997757 -0.0451068 0.00390291 -0.0449686 -0.998981 -0.998768 -0.0495874 -0.00166993 -0.0433496 2.98642 -1.51261</i>
                        <i>-0.0377619 0.997057 0.0667179 -0.00062395 0.066742 -0.99777 -0.999287 -0.0377193 -0.0018982 0.0368784 3.04974 -1.62667</i>
                        <i>0.0286235 0.992522 0.118663 0.00545235 0.118555 -0.992932 -0.999575 0.0290682 -0.00201812 0.0589045 3.10512 -1.63469</i>
                        <i>0.116996 0.978359 0.170663 0.0162938 0.169929 -0.985322 -0.992999 0.11806 0.00393995 0.0786034 3.14696 -1.59702</i>
                        <i>0.203409 0.954173 0.219497 0.0264371 0.218749 -0.975423 -0.978737 0.204212 0.0192699 0.0872277 3.13604 -1.53936</i>
                        <i>0.265522 0.927794 0.262098 0.0313674 0.263399 -0.964177 -0.963594 0.264232 0.0408359 0.0783099 3.04555 -1.48745</i>
                        <i>0.283667 0.911834 0.296802 0.0290261 0.301209 -0.953116 -0.958484 0.278983 0.0589761 0.0492737 2.92049 -1.449</i>
                        <i>0.256275 0.909533 0.327221 0.021407 0.333103 -0.942647 -0.966367 0.248582 0.0658957 0.00550241 2.83331 -1.42561</i>
                        <i>0.200228 0.911605 0.359005 0.0145577 0.363617 -0.931435 -0.979641 0.191726 0.0595355 -0.0437861 2.81409 -1.42051</i>
                        <i>0.124004 0.912453 0.389938 0.00716888 0.392137 -0.919879 -0.992256 0.116864 0.0420852 -0.096232 2.83161 -1.43236</i>
                        <i>0.0377041 0.912787 0.406692 -0.00391953 0.407113 -0.913369 -0.999281 0.0328437 0.0189275 -0.146868 2.86276 -1.45917</i>
                        <i>-0.0468224 0.916976 0.396185 -0.0165932 0.395851 -0.918165 -0.998765 -0.0495647 -0.00331916 -0.177543 2.91781 -1.49736</i>
                        <i>-0.117533 0.931005 0.345566 -0.0236677 0.345253 -0.938211 -0.992787 -0.11845 -0.018544 -0.167072 2.99899 -1.53361</i>
                        <i>-0.162947 0.956744 0.241017 -0.0168686 0.241544 -0.970243 -0.986491 -0.162164 -0.0232201 -0.131947 3.07625 -1.55714</i>
                        <i>-0.168118 0.982922 0.074835 0.00423991 0.0766359 -0.99705 -0.985758 -0.167305 -0.0170514 -0.105644 3.12441 -1.56922</i>
                        <i>-0.138869 0.989614 -0.037142 0.0150176 -0.0353967 -0.99926 -0.990197 -0.139324 -0.0099461 -0.105536 3.14155 -1.53519</i>
                        <i>-0.0952379 0.993387 -0.0641283 0.0118128 -0.0632888 -0.997925 -0.995384 -0.0957978 -0.00570717 -0.117699 3.14387 -1.45809</i>
                        <i>-0.054915 0.994351 -0.0908268 0.00760489 -0.090545 -0.995863 -0.998462 -0.0553786 -0.00258966 -0.137627 3.13256 -1.38375</i>
                        <i>-0.0365534 0.979002 -0.200549 0.0092282 -0.200344 -0.979682 -0.999289 -0.0376615 -0.00171117 -0.163487 3.12392 -1.35198</i>
                        <i>-0.0494618 0.997757 -0.0451068 0.00390291 -0.0449686 -0.998981 -0.998768 -0.0495874 -0.00166993 -0.0433496 2.98642 -1.51261</i>
                        <i>-0.0377619 0.997057 0.0667179 -0.00062395 0.066742 -0.99777 -0.999287 -0.0377193 -0.0018982 0.0368784 3.04974 -1.62667</i>
                    </KeyFrames>
                </p>
            </i>
            <i>
                <p>
                    <Name><![CDATA[head_prop]]></Name>
                    <Exclude>0</Exclude>
                    <Additive>0</Additive>
                    <IKPriority>0</IKPriority>
                    <IKRotLimits>-1e+010 -1e+010 -1e+010 1e+010 1e+010 1e+010</IKRotLimits>
                    <IKRotLimitOrder>0</IKRotLimitOrder>
                    <KeyFrames count="22">
                        <i>0.999289 0.0376615 0.00171117 -0.0365534 0.979002 -0.200549 -0.0092282 0.200344 0.979682 -0.1754 3.44298 -1.41734</i>
                        <i>0.998768 0.0495874 0.00166993 -0.0494618 0.997757 -0.0451068 -0.00390291 0.0449686 0.998981 -0.0594696 3.31159 -1.52731</i>
                        <i>0.999287 0.0377193 0.0018982 -0.0377619 0.997057 0.0667179 0.00062395 -0.066742 0.99777 0.0245715 3.37469 -1.60492</i>
                        <i>0.999575 -0.0290682 0.00201812 0.0286235 0.992522 0.118663 -0.00545235 -0.118555 0.992932 0.0682331 3.42859 -1.59602</i>
                        <i>0.992999 -0.11806 -0.00393995 0.116996 0.978359 0.170663 -0.0162938 -0.169929 0.985322 0.116733 3.46582 -1.5414</i>
                        <i>0.978737 -0.204212 -0.0192699 0.203409 0.954173 0.219497 -0.0264371 -0.218749 0.975423 0.15352 3.44701 -1.46782</i>
                        <i>0.963594 -0.264232 -0.0408359 0.265522 0.927794 0.262098 -0.0313674 -0.263399 0.964177 0.164846 3.34793 -1.40203</i>
                        <i>0.958484 -0.278983 -0.0589761 0.283667 0.911834 0.296802 -0.0290261 -0.301209 0.953116 0.141723 3.21766 -1.35227</i>
                        <i>0.966367 -0.248582 -0.0658957 0.256275 0.909533 0.327221 -0.021407 -0.333103 0.942647 0.0890248 3.12973 -1.31896</i>
                        <i>0.979641 -0.191726 -0.0595355 0.200228 0.911605 0.359005 -0.0145577 -0.363617 0.931435 0.02147 3.11119 -1.30351</i>
                        <i>0.992256 -0.116864 -0.0420852 0.124004 0.912453 0.389938 -0.00716888 -0.392137 0.919879 -0.055818 3.12899 -1.30528</i>
                        <i>0.999281 -0.0328437 -0.0189275 0.0377041 0.912787 0.406692 0.00391953 -0.407113 0.913369 -0.13458 3.16025 -1.32662</i>
                        <i>0.998765 0.0495647 0.00331916 -0.0468224 0.916976 0.396185 0.0165932 -0.395851 0.918165 -0.192803 3.21666 -1.36824</i>
                        <i>0.992787 0.11845 0.018544 -0.117533 0.931005 0.345566 0.0236677 -0.345253 0.938211 -0.205377 3.30241 -1.42099</i>
                        <i>0.986491 0.162164 0.0232201 -0.162947 0.956744 0.241017 0.0168686 -0.241544 0.970243 -0.185053 3.38806 -1.47859</i>
                        <i>0.985758 0.167305 0.0170514 -0.168118 0.982922 0.074835 -0.00423991 -0.0766359 0.99705 -0.160435 3.44475 -1.54483</i>
                        <i>0.990197 0.139324 0.0099461 -0.138869 0.989614 -0.037142 -0.0150176 0.0353967 0.99926 -0.150795 3.46407 -1.5473</i>
                        <i>0.995384 0.0957978 0.00570717 -0.0952379 0.993387 -0.0641283 -0.0118128 0.0632888 0.997925 -0.148738 3.46762 -1.47899</i>
                        <i>0.998462 0.0553786 0.00258966 -0.054915 0.994351 -0.0908268 -0.00760489 0.090545 0.995863 -0.155524 3.45663 -1.41335</i>
                        <i>0.999289 0.0376615 0.00171117 -0.0365534 0.979002 -0.200549 -0.0092282 0.200344 0.979682 -0.1754 3.44298 -1.41734</i>
                        <i>0.998768 0.0495874 0.00166993 -0.0494618 0.997757 -0.0451068 -0.00390291 0.0449686 0.998981 -0.0594696 3.31159 -1.52731</i>
                        <i>0.999287 0.0377193 0.0018982 -0.0377619 0.997057 0.0667179 0.00062395 -0.066742 0.99777 0.0245715 3.37469 -1.60492</i>
                    </KeyFrames>
                </p>
            </i>
            <i>
                <p>
                    <Name><![CDATA[l_clav]]></Name>
                    <Exclude>0</Exclude>
                    <Additive>0</Additive>
                    <IKPriority>0</IKPriority>
                    <IKRotLimits>-1e+010 -1e+010 -1e+010 1e+010 1e+010 1e+010</IKRotLimits>
                    <IKRotLimitOrder>0</IKRotLimitOrder>
                    <KeyFrames count="22">
                        <i>0.999794 -0.0202166 -0.00203991 0.0202641 0.999434 0.0268663 0.0014956 -0.0269021 0.999637 -0.0379052 2.91813 -1.34915</i>
                        <i>0.947995 0.318246 0.0049941 -0.318225 0.948004 -0.00460568 -0.00620017 0.00277692 0.999977 0.084655 2.78238 -1.50211</i>
                        <i>0.999795 -0.0202492 6.19994e-006 0.020249 0.999782 -0.0051761 9.86174e-005 0.00517518 0.999987 0.162451 2.84416 -1.61706</i>
                        <i>0.998684 0.0401649 -0.0318924 -0.0372011 0.995369 0.0886359 0.0353047 -0.0873328 0.995553 0.170523 2.89178 -1.64717</i>
                        <i>0.989724 0.140331 -0.0274614 -0.13101 0.966863 0.219116 0.0573002 -0.213266 0.975312 0.171069 2.92883 -1.64166</i>
                        <i>0.966238 0.255478 0.033384 -0.251362 0.906256 0.339877 0.0565768 -0.336794 0.939877 0.161082 2.92097 -1.61947</i>
                        <i>0.923235 0.361176 0.131109 -0.382048 0.826512 0.413422 0.0409555 -0.431775 0.901051 0.139647 2.84087 -1.59911</i>
                        <i>0.864095 0.45328 0.218808 -0.50227 0.748353 0.433235 0.0326309 -0.484257 0.874317 0.108005 2.72839 -1.58232</i>
                        <i>0.810894 0.529804 0.248513 -0.582811 0.692875 0.424565 0.0527478 -0.489113 0.870624 0.0703954 2.64952 -1.56751</i>
                        <i>0.782211 0.593265 0.190216 -0.613943 0.682107 0.397246 0.105925 -0.427512 0.897782 0.0320513 2.62942 -1.55568</i>
                        <i>0.765414 0.640576 0.0616716 -0.6198 0.708 0.338502 0.173173 -0.297318 0.938943 -0.00497627 2.64017 -1.54703</i>
                        <i>0.760062 0.64174 -0.102354 -0.607654 0.757668 0.238109 0.230355 -0.118782 0.96583 -0.0371139 2.66468 -1.5419</i>
                        <i>0.772841 0.579843 -0.257876 -0.577054 0.811206 0.0946246 0.264058 0.0756783 0.961533 -0.049595 2.71806 -1.54045</i>
                        <i>0.806466 0.464768 -0.365518 -0.52299 0.849098 -0.0742522 0.275851 0.251044 0.927838 -0.0251858 2.80408 -1.53516</i>
                        <i>0.851977 0.327052 -0.408867 -0.444742 0.864142 -0.235507 0.276296 0.382487 0.881683 0.0171794 2.89012 -1.52189</i>
                        <i>0.895176 0.194818 -0.400882 -0.349147 0.865569 -0.359007 0.27705 0.461341 0.842857 0.0431305 2.94526 -1.5068</i>
                        <i>0.931326 0.127966 -0.340965 -0.252149 0.902113 -0.350162 0.26278 0.412089 0.872427 0.0384857 2.95862 -1.47258</i>
                        <i>0.966154 0.101876 -0.236998 -0.152133 0.966965 -0.204533 0.208332 0.233666 0.949736 0.019148 2.94887 -1.42102</i>
                        <i>0.992132 0.051048 -0.114317 -0.0554433 0.997827 -0.0356031 0.112251 0.0416611 0.992806 -0.00844188 2.92919 -1.37494</i>
                        <i>0.999794 -0.0202166 -0.00203991 0.0202641 0.999434 0.0268663 0.0014956 -0.0269021 0.999637 -0.0379052 2.91813 -1.34915</i>
                        <i>0.947995 0.318246 0.0049941 -0.318225 0.948004 -0.00460568 -0.00620017 0.00277692 0.999977 0.084655 2.78238 -1.50211</i>
                        <i>0.999795 -0.0202492 6.19994e-006 0.020249 0.999782 -0.0051761 9.86174e-005 0.00517518 0.999987 0.162451 2.84416 -1.61706</i>
                    </KeyFrames>
                </p>
            </i>
            <i>
                <p>
                    <Name><![CDATA[l_shoulder]]></Name>
                    <Exclude>0</Exclude>
                    <Additive>0</Additive>
                    <IKPriority>0</IKPriority>
                    <IKRotLimits>-1e+010 -1e+010 -1e+010 1e+010 1e+010 1e+010</IKRotLimits>
                    <IKRotLimitOrder>0</IKRotLimitOrder>
                    <KeyFrames count="22">
                        <i>0.676931 -0.497752 0.542225 0.659951 0.736653 -0.147671 -0.325928 0.457805 0.827155 0.196263 2.9134 -1.34963</i>
                        <i>0.553956 -0.552788 0.622542 0.71461 0.699365 -0.0148777 -0.42716 0.453117 0.782445 0.306691 2.85692 -1.50094</i>
                        <i>0.498907 -0.597613 0.627655 0.642039 0.741326 0.195503 -0.582132 0.305441 0.753544 0.396619 2.83942 -1.61706</i>
                        <i>0.476358 -0.763526 0.436017 0.695048 0.630716 0.345116 -0.538508 0.138654 0.831134 0.404431 2.90119 -1.65464</i>
                        <i>0.408746 -0.86244 0.298535 0.775053 0.500743 0.385421 -0.481892 0.0738418 0.873114 0.402879 2.9617 -1.6481</i>
                        <i>0.386803 -0.903669 0.183755 0.847271 0.426923 0.31602 -0.364027 0.0334531 0.930787 0.387391 2.98081 -1.61165</i>
                        <i>0.447849 -0.891703 0.0655498 0.873155 0.451955 0.182581 -0.192434 -0.0245337 0.981003 0.355884 2.92546 -1.5684</i>
                        <i>0.582059 -0.809343 0.0785649 0.811743 0.58401 0.00231411 -0.0477556 0.0624275 0.996906 0.31039 2.83456 -1.53108</i>
                        <i>0.748634 -0.640267 0.172064 0.662743 0.729708 -0.16822 -0.0178514 0.23997 0.970616 0.26032 2.77361 -1.50931</i>
                        <i>0.82448 -0.503735 0.257844 0.559922 0.792183 -0.242761 -0.0819727 0.344524 0.935192 0.215258 2.76837 -1.51113</i>
                        <i>0.830455 -0.429903 0.354298 0.528449 0.809203 -0.256773 -0.176312 0.400467 0.899189 0.174296 2.7902 -1.53259</i>
                        <i>0.803241 -0.385588 0.454011 0.528356 0.813156 -0.244165 -0.275035 0.436003 0.856888 0.140905 2.81499 -1.56587</i>
                        <i>0.736857 -0.366823 0.567876 0.547277 0.816811 -0.182503 -0.396901 0.445264 0.802627 0.131417 2.85387 -1.60085</i>
                        <i>0.620162 -0.375116 0.688975 0.56233 0.824944 -0.0570216 -0.546977 0.422794 0.722538 0.163702 2.91293 -1.62077</i>
                        <i>0.478358 -0.388307 0.787649 0.549142 0.832196 0.0767617 -0.685286 0.395812 0.611324 0.216726 2.96672 -1.61765</i>
                        <i>0.266683 -0.323071 0.908023 0.533884 0.833904 0.1399 -0.802401 0.44747 0.394871 0.252795 2.99089 -1.60069</i>
                        <i>0.389533 -0.387224 0.835656 0.552267 0.824314 0.124534 -0.737065 0.412995 0.534948 0.256617 2.9886 -1.55244</i>
                        <i>0.546093 -0.465027 0.696802 0.599455 0.797947 0.0627269 -0.58518 0.383447 0.714516 0.245437 2.97273 -1.47653</i>
                        <i>0.638504 -0.50075 0.584434 0.640358 0.766899 -0.0425149 -0.426912 0.401393 0.810327 0.223932 2.94115 -1.40171</i>
                        <i>0.676931 -0.497752 0.542225 0.659951 0.736653 -0.147671 -0.325928 0.457805 0.827155 0.196263 2.9134 -1.34963</i>
                        <i>0.553956 -0.552788 0.622542 0.71461 0.699365 -0.0148777 -0.42716 0.453117 0.782445 0.306691 2.85692 -1.50094</i>
                        <i>0.498907 -0.597613 0.627655 0.642039 0.741326 0.195503 -0.582132 0.305441 0.753544 0.396619 2.83942 -1.61706</i>
                    </KeyFrames>
                </p>
            </i>
            <i>
                <p>
                    <Name><![CDATA[l_elbow]]></Name>
                    <Exclude>0</Exclude>
                    <Additive>0</Additive>
                    <IKPriority>0</IKPriority>
                    <IKRotLimits>-1e+010 -1e+010 -1e+010 1e+010 1e+010 1e+010</IKRotLimits>
                    <IKRotLimitOrder>0</IKRotLimitOrder>
                    <KeyFrames count="22">
                        <i>0.0734654 0.129628 0.988837 0.659085 0.737823 -0.145689 -0.748472 0.662431 -0.0312317 0.416453 2.75149 -1.17325</i>
                        <i>-0.137491 0.1582 0.977788 0.713508 0.700526 -0.0130114 -0.687024 0.69587 -0.209193 0.48688 2.67711 -1.29844</i>
                        <i>-0.353347 0.0567415 0.93377 0.640563 0.742126 0.197299 -0.68178 0.667854 -0.298575 0.558902 2.64503 -1.41289</i>
                        <i>-0.35042 -0.125341 0.928168 0.693682 0.63112 0.34712 -0.629294 0.765491 -0.13421 0.559379 2.65283 -1.51281</i>
                        <i>-0.273766 -0.287187 0.917919 0.77383 0.501 0.387538 -0.571174 0.816408 0.085077 0.535834 2.68117 -1.55099</i>
                        <i>-0.206893 -0.287057 0.935304 0.84634 0.427082 0.31829 -0.490819 0.857438 0.154587 0.513209 2.68686 -1.55188</i>
                        <i>-0.18469 -0.0452306 0.981755 0.872648 0.451958 0.184987 -0.452079 0.890892 -0.044002 0.501559 2.63541 -1.54708</i>
                        <i>-0.196907 0.265857 0.943688 0.811588 0.58421 0.00475907 -0.550047 0.766823 -0.330802 0.49972 2.5713 -1.50552</i>
                        <i>-0.228672 0.408174 0.8838 0.662653 0.730333 -0.165844 -0.713162 0.547729 -0.437484 0.503833 2.56535 -1.45334</i>
                        <i>-0.183362 0.401492 0.89732 0.559664 0.793061 -0.240479 -0.808179 0.458103 -0.370118 0.483442 2.60451 -1.42726</i>
                        <i>-0.0760375 0.343664 0.936009 0.52795 0.810217 -0.25459 -0.845865 0.474808 -0.243044 0.444424 2.65037 -1.41734</i>
                        <i>0.0489589 0.255373 0.965602 0.527608 0.814259 -0.242099 -0.848076 0.521312 -0.0948717 0.402181 2.68957 -1.41819</i>
                        <i>0.146517 0.118969 0.982028 0.546227 0.817939 -0.180587 -0.824724 0.562869 0.0548581 0.371099 2.73455 -1.41613</i>
                        <i>0.169434 -0.0491317 0.984316 0.560916 0.826022 -0.0553219 -0.810349 0.561492 0.167515 0.365426 2.79092 -1.39666</i>
                        <i>0.15637 -0.193597 0.968539 0.547399 0.833213 0.0781695 -0.822133 0.517955 0.236264 0.372325 2.84041 -1.36145</i>
                        <i>0.266674 -0.32307 0.908026 0.531912 0.835 0.140873 -0.803713 0.445422 0.394517 0.339623 2.8857 -1.30505</i>
                        <i>0.143661 -0.241993 0.959584 0.550405 0.825374 0.125745 -0.822445 0.510096 0.251768 0.383323 2.86264 -1.28062</i>
                        <i>0.032826 -0.104698 0.993962 0.597957 0.798936 0.0644076 -0.800856 0.592232 0.0888309 0.423068 2.82147 -1.24988</i>
                        <i>0.0173474 0.0383563 0.999114 0.639245 0.767931 -0.0405803 -0.768807 0.639383 -0.0111975 0.431622 2.77826 -1.21161</i>
                        <i>0.0734654 0.129628 0.988837 0.659085 0.737823 -0.145689 -0.748472 0.662431 -0.0312317 0.416453 2.75149 -1.17325</i>
                        <i>-0.137491 0.1582 0.977788 0.713508 0.700526 -0.0130114 -0.687024 0.69587 -0.209193 0.48688 2.67711 -1.29844</i>
                        <i>-0.353347 0.0567415 0.93377 0.640563 0.742126 0.197299 -0.68178 0.667854 -0.298575 0.558902 2.64503 -1.41289</i>
                    </KeyFrames>
                </p>
            </i>
            <i>
                <p>
                    <Name><![CDATA[l_wrist]]></Name>
                    <Exclude>0</Exclude>
                    <Additive>0</Additive>
                    <IKPriority>0</IKPriority>
                    <IKRotLimits>-1e+010 -1e+010 -1e+010 1e+010 1e+010 1e+010</IKRotLimits>
                    <IKRotLimitOrder>0</IKRotLimitOrder>
                    <KeyFrames count="22">
                        <i>0.289335 -0.135381 0.947606 0.949239 0.16821 -0.265802 -0.123412 0.976411 0.177178 0.440349 2.79366 -0.851607</i>
                        <i>0.29411 -0.122691 0.947864 0.942376 0.202681 -0.266173 -0.159457 0.971528 0.175231 0.442157 2.72857 -0.980387</i>
                        <i>0.297518 -0.112641 0.948048 0.936118 0.229465 -0.266511 -0.187524 0.966777 0.173716 0.443967 2.66348 -1.10916</i>
                        <i>0.299944 -0.104832 0.948179 0.930769 0.249974 -0.266799 -0.209051 0.962561 0.172553 0.445396 2.61206 -1.2109</i>
                        <i>0.290995 -0.108658 0.950534 0.929919 0.265658 -0.254316 -0.224883 0.957925 0.178348 0.446784 2.58775 -1.25241</i>
                        <i>0.300877 -0.101658 0.948229 0.928475 0.258237 -0.266923 -0.217733 0.960718 0.172084 0.445912 2.59349 -1.24764</i>
                        <i>0.348989 -0.0582328 0.935316 0.91875 0.217949 -0.329238 -0.184679 0.974221 0.129563 0.441483 2.6207 -1.22774</i>
                        <i>0.401532 0.0144236 0.915731 0.90369 0.156121 -0.398711 -0.148716 0.987633 0.0496532 0.435671 2.65778 -1.19856</i>
                        <i>0.44025 0.109221 0.891208 0.889813 0.0796427 -0.449322 -0.120054 0.990822 -0.0621239 0.429452 2.69812 -1.16586</i>
                        <i>0.456035 0.206885 0.865581 0.88428 0.00438508 -0.466936 -0.100397 0.978355 -0.180944 0.423799 2.73511 -1.13538</i>
                        <i>0.454363 0.282259 0.844917 0.88654 -0.0504429 -0.459895 -0.0871892 0.958011 -0.273153 0.419691 2.76215 -1.11288</i>
                        <i>0.450578 0.311908 0.836476 0.888987 -0.07097 -0.4524 -0.0817428 0.947458 -0.30926 0.418106 2.77263 -1.1041</i>
                        <i>0.453624 0.295104 0.840916 0.887431 -0.0629628 -0.45662 -0.0818037 0.953388 -0.290446 0.418758 2.77325 -1.0967</i>
                        <i>0.459052 0.24945 0.85267 0.88467 -0.040385 -0.464465 -0.0814255 0.967545 -0.239219 0.420539 2.77493 -1.07648</i>
                        <i>0.459495 0.182974 0.869129 0.884548 -0.0058585 -0.466413 -0.0802498 0.9831 -0.164541 0.423189 2.77744 -1.0464</i>
                        <i>0.448238 0.105243 0.887697 0.890351 0.0360129 -0.453848 -0.079733 0.993794 -0.0775613 0.426448 2.78052 -1.00942</i>
                        <i>0.422105 0.0267141 0.906153 0.902759 0.0789011 -0.422849 -0.0827926 0.996524 0.00918809 0.430053 2.78393 -0.968485</i>
                        <i>0.382704 -0.0431235 0.922864 0.919307 0.116941 -0.375764 -0.0917164 0.992202 0.0843976 0.433746 2.78742 -0.926566</i>
                        <i>0.335804 -0.0978659 0.936834 0.935921 0.146846 -0.320136 -0.10624 0.984306 0.140906 0.437265 2.79074 -0.886621</i>
                        <i>0.289335 -0.135381 0.947606 0.949239 0.16821 -0.265802 -0.123412 0.976411 0.177178 0.440349 2.79366 -0.851607</i>
                        <i>0.29411 -0.122691 0.947864 0.942376 0.202681 -0.266173 -0.159457 0.971528 0.175231 0.442157 2.72857 -0.980387</i>
                        <i>0.297518 -0.112641 0.948048 0.936118 0.229465 -0.266511 -0.187524 0.966777 0.173716 0.443967 2.66348 -1.10916</i>
                    </KeyFrames>
                </p>
            </i>
            <i>
                <p>
                    <Name><![CDATA[r_clav]]></Name>
                    <Exclude>0</Exclude>
                    <Additive>0</Additive>
                    <IKPriority>0</IKPriority>
                    <IKRotLimits>-1e+010 -1e+010 -1e+010 1e+010 1e+010 1e+010</IKRotLimits>
                    <IKRotLimitOrder>0</IKRotLimitOrder>
                    <KeyFrames count="22">
                        <i>0.934185 -0.317588 0.162591 -0.313865 -0.948213 -0.0487905 0.169666 -0.00545233 -0.985487 -0.209796 2.91065 -1.34915</i>
                        <i>0.787726 -0.589941 0.17736 -0.59674 -0.802231 -0.0180494 0.152932 -0.0916199 -0.98398 -0.0871347 2.77285 -1.50206</i>
                        <i>0.93395 -0.312189 0.173999 -0.313818 -0.949297 -0.0187898 0.171043 -0.0370552 -0.984567 -0.00943951 2.83667 -1.61706</i>
                        <i>0.887381 -0.441916 0.131394 -0.429097 -0.895885 -0.115174 0.168611 0.0458221 -0.984617 -0.00148499 2.89576 -1.64729</i>
                        <i>0.787379 -0.615193 0.0396477 -0.590737 -0.771337 -0.236791 0.176254 0.163023 -0.970751 9.95348e-005 2.9481 -1.64092</i>
                        <i>0.644986 -0.757596 -0.100207 -0.738553 -0.58428 -0.336387 0.196296 0.290973 -0.936377 -0.00752567 2.95508 -1.61626</i>
                        <i>0.502354 -0.826252 -0.254849 -0.836351 -0.389517 -0.385738 0.219449 0.406921 -0.886712 -0.026419 2.88535 -1.59236</i>
                        <i>0.413186 -0.82975 -0.375223 -0.881503 -0.261026 -0.393469 0.228538 0.493336 -0.83928 -0.0571978 2.77546 -1.57256</i>
                        <i>0.408132 -0.808117 -0.424706 -0.887517 -0.242236 -0.391963 0.213873 0.536906 -0.816082 -0.096135 2.69137 -1.5566</i>
                        <i>0.483762 -0.786532 -0.383852 -0.855533 -0.332526 -0.39685 0.184494 0.520379 -0.833767 -0.136707 2.66145 -1.54583</i>
                        <i>0.613294 -0.742442 -0.269537 -0.774334 -0.497836 -0.390596 0.15581 0.448262 -0.880218 -0.175825 2.65927 -1.54008</i>
                        <i>0.756082 -0.644633 -0.113084 -0.638704 -0.689057 -0.342429 0.142819 0.331132 -0.932713 -0.209078 2.66929 -1.53877</i>
                        <i>0.870598 -0.490041 0.0438148 -0.467696 -0.851952 -0.235454 0.15271 0.184493 -0.970897 -0.221381 2.70849 -1.54096</i>
                        <i>0.935315 -0.314002 0.163062 -0.304149 -0.949012 -0.0828905 0.180776 0.0279334 -0.983128 -0.19588 2.78268 -1.53808</i>
                        <i>0.957474 -0.173042 0.230869 -0.195323 -0.977692 0.07725 0.212351 -0.119059 -0.969913 -0.152402 2.86127 -1.52545</i>
                        <i>0.959358 -0.108185 0.26063 -0.165314 -0.963978 0.208369 0.2287 -0.242987 -0.942684 -0.12633 2.9156 -1.50917</i>
                        <i>0.958262 -0.130249 0.254496 -0.187542 -0.958275 0.215723 0.21578 -0.254448 -0.942706 -0.13176 2.93377 -1.47372</i>
                        <i>0.952914 -0.210755 0.218032 -0.237025 -0.96613 0.102037 0.189142 -0.148912 -0.970593 -0.15202 2.93145 -1.42155</i>
