<?xml version="1.0" encoding="ISO-8859-1" ?>
<Animl Version="1">
    <ModellingPackage>
        <![CDATA[Maya.2010]]>
</ModellingPackage>
    <SrcFile>
        <![CDATA[anims\turrets\machinegun\blue\~src\mgun_gatling\mgun_gatling_reload_crewman_b.mb]]>
</SrcFile>
    <FramesPerSecond>30</FramesPerSecond>
    <TotalFrames>131</TotalFrames>
    <Skeleton>
        <RefFrame>
            <Name>
                <![CDATA[soldier_ref_frame]]>
</Name>
            <Exclude>0</Exclude>
            <Additive>0</Additive>
            <IKPriority>0</IKPriority>
            <IKRotLimits>-1e+010 -1e+010 -1e+010 1e+010 1e+010 1e+010</IKRotLimits>
            <IKRotLimitOrder>0</IKRotLimitOrder>
            <KeyFrames count="131">
                <i>1 0 0 0 1 0 0 0 1 2.23 0.9 -0.63</i>
                <i>1 0 0 0 1 0 0 0 1 2.23 0.9 -0.63</i>
                <i>1 0 0 0 1 0 0 0 1 2.23 0.9 -0.63</i>
                <i>1 0 0 0 1 0 0 0 1 2.23 0.9 -0.63</i>
                <i>1 0 0 0 1 0 0 0 1 2.23 0.9 -0.63</i>
                <i>1 0 0 0 1 0 0 0 1 2.23 0.9 -0.63</i>
                <i>1 0 0 0 1 0 0 0 1 2.23 0.9 -0.63</i>
                <i>1 0 0 0 1 0 0 0 1 2.23 0.9 -0.63</i>
                <i>1 0 0 0 1 0 0 0 1 2.23 0.9 -0.63</i>
                <i>1 0 0 0 1 0 0 0 1 2.23 0.9 -0.63</i>
                <i>1 0 0 0 1 0 0 0 1 2.23 0.9 -0.63</i>
                <i>1 0 0 0 1 0 0 0 1 2.23 0.9 -0.63</i>
                <i>1 0 0 0 1 0 0 0 1 2.23 0.9 -0.63</i>
                <i>1 0 0 0 1 0 0 0 1 2.23 0.9 -0.63</i>
                <i>1 0 0 0 1 0 0 0 1 2.23 0.9 -0.63</i>
                <i>1 0 0 0 1 0 0 0 1 2.23 0.9 -0.63</i>
                <i>1 0 0 0 1 0 0 0 1 2.23 0.9 -0.63</i>
                <i>1 0 0 0 1 0 0 0 1 2.23 0.9 -0.63</i>
                <i>1 0 0 0 1 0 0 0 1 2.23 0.9 -0.63</i>
                <i>1 0 0 0 1 0 0 0 1 2.23 0.9 -0.63</i>
                <i>1 0 0 0 1 0 0 0 1 2.23 0.9 -0.63</i>
                <i>1 0 0 0 1 0 0 0 1 2.23 0.9 -0.63</i>
                <i>1 0 0 0 1 0 0 0 1 2.23 0.9 -0.63</i>
                <i>1 0 0 0 1 0 0 0 1 2.23 0.9 -0.63</i>
                <i>1 0 0 0 1 0 0 0 1 2.23 0.9 -0.63</i>
                <i>1 0 0 0 1 0 0 0 1 2.23 0.9 -0.63</i>
                <i>1 0 0 0 1 0 0 0 1 2.23 0.9 -0.63</i>
                <i>1 0 0 0 1 0 0 0 1 2.23 0.9 -0.63</i>
                <i>1 0 0 0 1 0 0 0 1 2.23 0.9 -0.63</i>
                <i>1 0 0 0 1 0 0 0 1 2.23 0.9 -0.63</i>
                <i>1 0 0 0 1 0 0 0 1 2.23 0.9 -0.63</i>
                <i>1 0 0 0 1 0 0 0 1 2.23 0.9 -0.63</i>
                <i>1 0 0 0 1 0 0 0 1 2.23 0.9 -0.63</i>
                <i>1 0 0 0 1 0 0 0 1 2.23 0.9 -0.63</i>
                <i>1 0 0 0 1 0 0 0 1 2.23 0.9 -0.63</i>
                <i>1 0 0 0 1 0 0 0 1 2.23 0.9 -0.63</i>
                <i>1 0 0 0 1 0 0 0 1 2.23 0.9 -0.63</i>
                <i>1 0 0 0 1 0 0 0 1 2.23 0.9 -0.63</i>
                <i>1 0 0 0 1 0 0 0 1 2.23 0.9 -0.63</i>
                <i>1 0 0 0 1 0 0 0 1 2.23 0.9 -0.63</i>
                <i>1 0 0 0 1 0 0 0 1 2.23 0.9 -0.63</i>
                <i>1 0 0 0 1 0 0 0 1 2.23 0.9 -0.63</i>
                <i>1 0 0 0 1 0 0 0 1 2.23 0.9 -0.63</i>
                <i>1 0 0 0 1 0 0 0 1 2.23 0.9 -0.63</i>
                <i>1 0 0 0 1 0 0 0 1 2.23 0.9 -0.63</i>
                <i>1 0 0 0 1 0 0 0 1 2.23 0.9 -0.63</i>
                <i>1 0 0 0 1 0 0 0 1 2.23 0.9 -0.63</i>
                <i>1 0 0 0 1 0 0 0 1 2.23 0.9 -0.63</i>
                <i>1 0 0 0 1 0 0 0 1 2.23 0.9 -0.63</i>
                <i>1 0 0 0 1 0 0 0 1 2.23 0.9 -0.63</i>
                <i>1 0 0 0 1 0 0 0 1 2.23 0.9 -0.63</i>
                <i>1 0 0 0 1 0 0 0 1 2.23 0.9 -0.63</i>
                <i>1 0 0 0 1 0 0 0 1 2.23 0.9 -0.63</i>
                <i>1 0 0 0 1 0 0 0 1 2.23 0.9 -0.63</i>
                <i>1 0 0 0 1 0 0 0 1 2.23 0.9 -0.63</i>
                <i>1 0 0 0 1 0 0 0 1 2.23 0.9 -0.63</i>
                <i>1 0 0 0 1 0 0 0 1 2.23 0.9 -0.63</i>
                <i>1 0 0 0 1 0 0 0 1 2.23 0.9 -0.63</i>
                <i>1 0 0 0 1 0 0 0 1 2.23 0.9 -0.63</i>
                <i>1 0 0 0 1 0 0 0 1 2.23 0.9 -0.63</i>
                <i>1 0 0 0 1 0 0 0 1 2.23 0.9 -0.63</i>
                <i>1 0 0 0 1 0 0 0 1 2.23 0.9 -0.63</i>
                <i>1 0 0 0 1 0 0 0 1 2.23 0.9 -0.63</i>
                <i>1 0 0 0 1 0 0 0 1 2.23 0.9 -0.63</i>
                <i>1 0 0 0 1 0 0 0 1 2.23 0.9 -0.63</i>
                <i>1 0 0 0 1 0 0 0 1 2.23 0.9 -0.63</i>
                <i>1 0 0 0 1 0 0 0 1 2.23 0.9 -0.63</i>
                <i>1 0 0 0 1 0 0 0 1 2.23 0.9 -0.63</i>
                <i>1 0 0 0 1 0 0 0 1 2.23 0.9 -0.63</i>
                <i>1 0 0 0 1 0 0 0 1 2.23 0.9 -0.63</i>
                <i>1 0 0 0 1 0 0 0 1 2.23 0.9 -0.63</i>
                <i>1 0 0 0 1 0 0 0 1 2.23 0.9 -0.63</i>
                <i>1 0 0 0 1 0 0 0 1 2.23 0.9 -0.63</i>
                <i>1 0 0 0 1 0 0 0 1 2.23 0.9 -0.63</i>
                <i>1 0 0 0 1 0 0 0 1 2.23 0.9 -0.63</i>
                <i>1 0 0 0 1 0 0 0 1 2.23 0.9 -0.63</i>
                <i>1 0 0 0 1 0 0 0 1 2.23 0.9 -0.63</i>
                <i>1 0 0 0 1 0 0 0 1 2.23 0.9 -0.63</i>
                <i>1 0 0 0 1 0 0 0 1 2.23 0.9 -0.63</i>
                <i>1 0 0 0 1 0 0 0 1 2.23 0.9 -0.63</i>
                <i>1 0 0 0 1 0 0 0 1 2.23 0.9 -0.63</i>
                <i>1 0 0 0 1 0 0 0 1 2.23 0.9 -0.63</i>
                <i>1 0 0 0 1 0 0 0 1 2.23 0.9 -0.63</i>
                <i>1 0 0 0 1 0 0 0 1 2.23 0.9 -0.63</i>
                <i>1 0 0 0 1 0 0 0 1 2.23 0.9 -0.63</i>
                <i>1 0 0 0 1 0 0 0 1 2.23 0.9 -0.63</i>
                <i>1 0 0 0 1 0 0 0 1 2.23 0.9 -0.63</i>
                <i>1 0 0 0 1 0 0 0 1 2.23 0.9 -0.63</i>
                <i>1 0 0 0 1 0 0 0 1 2.23 0.9 -0.63</i>
                <i>1 0 0 0 1 0 0 0 1 2.23 0.9 -0.63</i>
                <i>1 0 0 0 1 0 0 0 1 2.23 0.9 -0.63</i>
                <i>1 0 0 0 1 0 0 0 1 2.23 0.9 -0.63</i>
                <i>1 0 0 0 1 0 0 0 1 2.23 0.9 -0.63</i>
                <i>1 0 0 0 1 0 0 0 1 2.23 0.9 -0.63</i>
                <i>1 0 0 0 1 0 0 0 1 2.23 0.9 -0.63</i>
                <i>1 0 0 0 1 0 0 0 1 2.23 0.9 -0.63</i>
                <i>1 0 0 0 1 0 0 0 1 2.23 0.9 -0.63</i>
                <i>1 0 0 0 1 0 0 0 1 2.23 0.9 -0.63</i>
                <i>1 0 0 0 1 0 0 0 1 2.23 0.9 -0.63</i>
                <i>1 0 0 0 1 0 0 0 1 2.23 0.9 -0.63</i>
                <i>1 0 0 0 1 0 0 0 1 2.23 0.9 -0.63</i>
                <i>1 0 0 0 1 0 0 0 1 2.23 0.9 -0.63</i>
                <i>1 0 0 0 1 0 0 0 1 2.23 0.9 -0.63</i>
                <i>1 0 0 0 1 0 0 0 1 2.23 0.9 -0.63</i>
                <i>1 0 0 0 1 0 0 0 1 2.23 0.9 -0.63</i>
                <i>1 0 0 0 1 0 0 0 1 2.23 0.9 -0.63</i>
                <i>1 0 0 0 1 0 0 0 1 2.23 0.9 -0.63</i>
                <i>1 0 0 0 1 0 0 0 1 2.23 0.9 -0.63</i>
                <i>1 0 0 0 1 0 0 0 1 2.23 0.9 -0.63</i>
                <i>1 0 0 0 1 0 0 0 1 2.23 0.9 -0.63</i>
                <i>1 0 0 0 1 0 0 0 1 2.23 0.9 -0.63</i>
                <i>1 0 0 0 1 0 0 0 1 2.23 0.9 -0.63</i>
                <i>1 0 0 0 1 0 0 0 1 2.23 0.9 -0.63</i>
                <i>1 0 0 0 1 0 0 0 1 2.23 0.9 -0.63</i>
                <i>1 0 0 0 1 0 0 0 1 2.23 0.9 -0.63</i>
                <i>1 0 0 0 1 0 0 0 1 2.23 0.9 -0.63</i>
                <i>1 0 0 0 1 0 0 0 1 2.23 0.9 -0.63</i>
                <i>1 0 0 0 1 0 0 0 1 2.23 0.9 -0.63</i>
                <i>1 0 0 0 1 0 0 0 1 2.23 0.9 -0.63</i>
                <i>1 0 0 0 1 0 0 0 1 2.23 0.9 -0.63</i>
                <i>1 0 0 0 1 0 0 0 1 2.23 0.9 -0.63</i>
                <i>1 0 0 0 1 0 0 0 1 2.23 0.9 -0.63</i>
                <i>1 0 0 0 1 0 0 0 1 2.23 0.9 -0.63</i>
                <i>1 0 0 0 1 0 0 0 1 2.23 0.9 -0.63</i>
                <i>1 0 0 0 1 0 0 0 1 2.23 0.9 -0.63</i>
                <i>1 0 0 0 1 0 0 0 1 2.23 0.9 -0.63</i>
                <i>1 0 0 0 1 0 0 0 1 2.23 0.9 -0.63</i>
                <i>1 0 0 0 1 0 0 0 1 2.23 0.9 -0.63</i>
                <i>1 0 0 0 1 0 0 0 1 2.23 0.9 -0.63</i>
                <i>1 0 0 0 1 0 0 0 1 2.23 0.9 -0.63</i>
                <i>1 0 0 0 1 0 0 0 1 2.23 0.9 -0.63</i>
            </KeyFrames>
        </RefFrame>
        <Bones count="23">
            <i>
                <p>
                    <Name>
                        <![CDATA[pelvis]]>
</Name>
                    <Exclude>0</Exclude>
                    <Additive>0</Additive>
                    <IKPriority>0</IKPriority>
                    <IKRotLimits>-1e+010 -1e+010 -1e+010 1e+010 1e+010 1e+010</IKRotLimits>
                    <IKRotLimitOrder>2</IKRotLimitOrder>
                    <KeyFrames count="131">
                        <i>1 0 0 0 1 0 0 0 1 1.85003 1.5562 -0.513636</i>
                        <i>1 0 0 0 1 0 0 0 1 1.88743 1.61117 -0.513802</i>
                        <i>1 0 0 0 1 0 0 0 1 1.92867 1.67062 -0.514167</i>
                        <i>1 0 0 0 1 0 0 0 1 1.96195 1.72123 -0.514533</i>
                        <i>1 0 0 0 1 0 0 0 1 1.97554 1.74964 -0.5147</i>
                        <i>1 0 0 0 1 0 0 0 1 1.97538 1.75407 -0.514553</i>
                        <i>1 0 0 0 1 0 0 0 1 1.97524 1.74523 -0.514186</i>
                        <i>1 0 0 0 1 0 0 0 1 1.97514 1.72852 -0.513708</i>
                        <i>1 0 0 0 1 0 0 0 1 1.97508 1.70932 -0.513231</i>
                        <i>1 0 0 0 1 0 0 0 1 1.97508 1.69305 -0.512864</i>
                        <i>1 0 0 0 1 0 0 0 1 1.97514 1.68509 -0.512717</i>
                        <i>1 0 0 0 1 0 0 0 1 1.97059 1.68709 -0.51381</i>
                        <i>1 0 0 0 1 0 0 0 1 1.9585 1.69571 -0.516655</i>
                        <i>1 0 0 0 1 0 0 0 1 1.94155 1.70889 -0.520607</i>
                        <i>1 0 0 0 1 0 0 0 1 1.92279 1.72486 -0.524938</i>
                        <i>1 0 0 0 1 0 0 0 1 1.90573 1.74246 -0.528786</i>
                        <i>1 0 0 0 1 0 0 0 1 1.89431 1.76127 -0.531169</i>
                        <i>1 0 0 0 1 0 0 0 1 1.90515 1.78963 -0.556079</i>
                        <i>1 0 0 0 1 0 0 0 1 1.94169 1.82946 -0.613685</i>
                        <i>1 0 0 0 1 0 0 0 1 1.98676 1.87146 -0.681908</i>
                        <i>1 0 0 0 1 0 0 0 1 2.02063 1.90534 -0.740983</i>
                        <i>1 0 0 0 1 0 0 0 1 2.02314 1.91901 -0.774561</i>
                        <i>1 0 0 0 1 0 0 0 1 1.9834 1.90092 -0.781046</i>
                        <i>1 0 0 0 1 0 0 0 1 1.9144 1.8558 -0.775651</i>
                        <i>1 0 0 0 1 0 0 0 1 1.83212 1.79809 -0.766702</i>
                        <i>1 0 0 0 1 0 0 0 1 1.75227 1.74566 -0.75691</i>
                        <i>1 0 0 0 1 0 0 0 1 1.69166 1.71725 -0.743627</i>
                        <i>1 0 0 0 1 0 0 0 1 1.64509 1.71428 -0.721032</i>
                        <i>1 0 0 0 1 0 0 0 1 1.59826 1.72356 -0.690011</i>
                        <i>1 0 0 0 1 0 0 0 1 1.55509 1.74098 -0.657422</i>
                        <i>1 0 0 0 1 0 0 0 1 1.51918 1.76202 -0.628938</i>
                        <i>1 0 0 0 1 0 0 0 1 1.4935 1.78262 -0.608091</i>
                        <i>1 0 0 0 1 0 0 0 1 1.48038 1.80004 -0.596459</i>
                        <i>1 0 0 0 1 0 0 0 1 1.4817 1.81296 -0.594519</i>
                        <i>1 0 0 0 1 0 0 0 1 1.49763 1.82523 -0.60261</i>
                        <i>1 0 0 0 1 0 0 0 1 1.52555 1.84049 -0.619015</i>
                        <i>1 0 0 0 1 0 0 0 1 1.56291 1.85692 -0.640853</i>
                        <i>1 0 0 0 1 0 0 0 1 1.60716 1.87245 -0.665321</i>
                        <i>1 0 0 0 1 0 0 0 1 1.65584 1.88512 -0.689746</i>
                        <i>1 0 0 0 1 0 0 0 1 1.70668 1.89331 -0.711566</i>
                        <i>1 0 0 0 1 0 0 0 1 1.75757 1.89582 -0.728267</i>
                        <i>1 0 0 0 1 0 0 0 1 1.80656 1.8918 -0.73732</i>
                        <i>1 0 0 0 1 0 0 0 1 1.85313 1.87373 -0.717416</i>
                        <i>1 0 0 0 1 0 0 0 1 1.89517 1.84236 -0.665415</i>
                        <i>1 0 0 0 1 0 0 0 1 1.92856 1.80941 -0.606051</i>
                        <i>1 0 0 0 1 0 0 0 1 1.94948 1.78654 -0.56413</i>
                        <i>1 0 0 0 1 0 0 0 1 1.95792 1.75864 -0.549029</i>
                        <i>1 0 0 0 1 0 0 0 1 1.96429 1.71512 -0.558755</i>
                        <i>1 0 0 0 1 0 0 0 1 1.97378 1.67589 -0.594903</i>
                        <i>1 0 0 0 1 0 0 0 1 1.98224 1.65409 -0.645262</i>
                        <i>1 0 0 0 1 0 0 0 1 1.98463 1.64845 -0.687468</i>
                        <i>1 0 0 0 1 0 0 0 1 1.98259 1.64917 -0.697877</i>
                        <i>1 0 0 0 1 0 0 0 1 1.98414 1.63012 -0.661907</i>
                        <i>1 0 0 0 1 0 0 0 1 1.99313 1.6054 -0.594746</i>
                        <i>1 0 0 0 1 0 0 0 1 2.005 1.6132 -0.529347</i>
                        <i>1 0 0 0 1 0 0 0 1 2.01245 1.65524 -0.494103</i>
                        <i>1 0 0 0 1 0 0 0 1 2.00942 1.7152 -0.483218</i>
                        <i>1 0 0 0 1 0 0 0 1 1.99508 1.78436 -0.480425</i>
                        <i>1 0 0 0 1 0 0 0 1 1.972 1.85872 -0.483469</i>
                        <i>1 0 0 0 1 0 0 0 1 1.94285 1.93467 -0.490487</i>
                        <i>1 0 0 0 1 0 0 0 1 1.91032 2.00874 -0.499905</i>
                        <i>1 0 0 0 1 0 0 0 1 1.87697 2.07754 -0.510329</i>
                        <i>1 0 0 0 1 0 0 0 1 1.84527 2.13772 -0.520476</i>
                        <i>1 0 0 0 1 0 0 0 1 1.81755 2.18605 -0.52916</i>
                        <i>1 0 0 0 1 0 0 0 1 1.79398 2.22088 -0.537342</i>
                        <i>1 0 0 0 1 0 0 0 1 1.77134 2.2429 -0.546976</i>
                        <i>1 0 0 0 1 0 0 0 1 1.74723 2.25239 -0.558773</i>
                        <i>1 0 0 0 1 0 0 0 1 1.72125 2.24923 -0.573594</i>
                        <i>1 0 0 0 1 0 0 0 1 1.69575 2.23274 -0.591742</i>
                        <i>1 0 0 0 1 0 0 0 1 1.67565 2.20205 -0.612159</i>
                        <i>1 0 0 0 1 0 0 0 1 1.66699 2.15754 -0.631994</i>
                        <i>1 0 0 0 1 0 0 0 1 1.70853 2.04249 -0.649893</i>
                        <i>1 0 0 0 1 0 0 0 1 1.76373 1.94153 -0.633548</i>
                        <i>1 0 0 0 1 0 0 0 1 1.76359 1.88682 -0.593643</i>
                        <i>1 0 0 0 1 0 0 0 1 1.75027 1.8471 -0.579857</i>
                        <i>1 0 0 0 1 0 0 0 1 1.74527 1.83555 -0.571797</i>
                        <i>1 0 0 0 1 0 0 0 1 1.74567 1.8426 -0.566921</i>
                        <i>1 0 0 0 1 0 0 0 1 1.74854 1.8587 -0.562685</i>
                        <i>1 0 0 0 1 0 0 0 1 1.75095 1.8743 -0.556551</i>
                        <i>1 0 0 0 1 0 0 0 1 1.7531 1.89444 -0.548896</i>
                        <i>1 0 0 0 1 0 0 0 1 1.75642 1.92509 -0.5413</i>
                        <i>1 0 0 0 1 0 0 0 1 1.7599 1.95807 -0.533011</i>
                        <i>1 0 0 0 1 0 0 0 1 1.76254 1.98517 -0.523256</i>
                        <i>1 0 0 0 1 0 0 0 1 1.77091 2.00868 -0.511705</i>
                        <i>1 0 0 0 1 0 0 0 1 1.78244 2.03327 -0.499088</i>
                        <i>1 0 0 0 1 0 0 0 1 1.78283 2.05387 -0.486543</i>
                        <i>1 0 0 0 1 0 0 0 1 1.75809 2.06422 -0.476122</i>
                        <i>1 0 0 0 1 0 0 0 1 1.70594 2.06599 -0.469166</i>
                        <i>1 0 0 0 1 0 0 0 1 1.63799 2.06637 -0.464405</i>
                        <i>1 0 0 0 1 0 0 0 1 1.56099 2.06637 -0.460641</i>
                        <i>1 0 0 0 1 0 0 0 1 1.48179 2.06687 -0.456665</i>
                        <i>1 0 0 0 1 0 0 0 1 1.40735 2.06864 -0.451232</i>
                        <i>1 0 0 0 1 0 0 0 1 1.34465 2.07248 -0.44299</i>
                        <i>1 0 0 0 1 0 0 0 1 1.32653 2.09015 -0.41823</i>
                        <i>1 0 0 0 1 0 0 0 1 1.31682 2.10782 -0.388042</i>
                        <i>1 0 0 0 1 0 0 0 1 1.28493 2.1119 -0.38067</i>
                        <i>1 0 0 0 1 0 0 0 1 1.26006 2.116 -0.38315</i>
                        <i>1 0 0 0 1 0 0 0 1 1.24749 2.1127 -0.381556</i>
                        <i>1 0 0 0 1 0 0 0 1 1.24776 2.10416 -0.368398</i>
                        <i>1 0 0 0 1 0 0 0 1 1.25969 2.09275 -0.346787</i>
                        <i>1 0 0 0 1 0 0 0 1 1.28209 2.08043 -0.320137</i>
                        <i>1 0 0 0 1 0 0 0 1 1.31312 2.06819 -0.292338</i>
                        <i>1 0 0 0 1 0 0 0 1 1.34975 2.05577 -0.26758</i>
                        <i>1 0 0 0 1 0 0 0 1 1.38774 2.0418 -0.250006</i>
                        <i>1 0 0 0 1 0 0 0 1 1.42184 2.02419 -0.243474</i>
                        <i>1 0 0 0 1 0 0 0 1 1.4528 1.99778 -0.251157</i>
                        <i>1 0 0 0 1 0 0 0 1 1.48497 1.96133 -0.271047</i>
                        <i>1 0 0 0 1 0 0 0 1 1.51818 1.91863 -0.299038</i>
                        <i>1 0 0 0 1 0 0 0 1 1.55246 1.87341 -0.331006</i>
                        <i>1 0 0 0 1 0 0 0 1 1.58808 1.82933 -0.362819</i>
                        <i>1 0 0 0 1 0 0 0 1 1.62555 1.78993 -0.390351</i>
                        <i>1 0 0 0 1 0 0 0 1 1.67124 1.75439 -0.416221</i>
                        <i>1 0 0 0 1 0 0 0 1 1.72346 1.71957 -0.442968</i>
                        <i>1 0 0 0 1 0 0 0 1 1.77093 1.68668 -0.466237</i>
                        <i>1 0 0 0 1 0 0 0 1 1.80279 1.65915 -0.481874</i>
                        <i>1 0 0 0 1 0 0 0 1 1.82057 1.63531 -0.491529</i>
                        <i>1 0 0 0 1 0 0 0 1 1.83331 1.61178 -0.499455</i>
                        <i>1 0 0 0 1 0 0 0 1 1.84182 1.59032 -0.505641</i>
                        <i>1 0 0 0 1 0 0 0 1 1.84691 1.57273 -0.510075</i>
                        <i>1 0 0 0 1 0 0 0 1 1.84938 1.56076 -0.512744</i>
                        <i>1 0 0 0 1 0 0 0 1 1.85003 1.5562 -0.513636</i>
                        <i>1 0 0 0 1 0 0 0 1 1.85003 1.5562 -0.513636</i>
                        <i>1 0 0 0 1 0 0 0 1 1.85003 1.5562 -0.513636</i>
                        <i>1 0 0 0 1 0 0 0 1 1.85003 1.5562 -0.513636</i>
                        <i>1 0 0 0 1 0 0 0 1 1.85003 1.5562 -0.513636</i>
                        <i>1 0 0 0 1 0 0 0 1 1.85003 1.5562 -0.513636</i>
                        <i>1 0 0 0 1 0 0 0 1 1.85003 1.5562 -0.513636</i>
                        <i>1 0 0 0 1 0 0 0 1 1.85003 1.5562 -0.513636</i>
                        <i>1 0 0 0 1 0 0 0 1 1.85003 1.5562 -0.513636</i>
                        <i>1 0 0 0 1 0 0 0 1 1.85003 1.5562 -0.513636</i>
                        <i>1 0 0 0 1 0 0 0 1 1.85003 1.5562 -0.513636</i>
                    </KeyFrames>
                </p>
            </i>
            <i>
                <p>
                    <Name>
                        <![CDATA[spine0]]>
</Name>
                    <Exclude>0</Exclude>
                    <Additive>0</Additive>
                    <IKPriority>0</IKPriority>
                    <IKRotLimits>-1e+010 -1e+010 -1e+010 1e+010 1e+010 1e+010</IKRotLimits>
                    <IKRotLimitOrder>0</IKRotLimitOrder>
                    <KeyFrames count="131">
                        <i>0.0435422 0.923259 0.381702 -0.988287 -0.0161294 0.151751 0.146262 -0.383839 0.911743 1.86243 1.69734 -0.538546</i>
                        <i>0.0978825 0.921316 0.376292 -0.986737 0.0406456 0.157157 0.129496 -0.386685 0.913075 1.90766 1.75126 -0.539568</i>
                        <i>0.156436 0.91803 0.364347 -0.980524 0.0999998 0.169034 0.118744 -0.383694 0.915794 1.9567 1.809 -0.541804</i>
                        <i>0.208754 0.912291 0.352346 -0.971614 0.152465 0.180889 0.111303 -0.380106 0.918222 1.99673 1.85767 -0.544026</i>
                        <i>0.244704 0.905427 0.346875 -0.964109 0.189203 0.18627 0.103024 -0.380006 0.919229 2.01516 1.88457 -0.54503</i>
                        <i>0.266742 0.897211 0.351938 -0.959771 0.214067 0.181703 0.0876875 -0.386247 0.918218 2.01844 1.88792 -0.545017</i>
                        <i>0.282744 0.887461 0.363962 -0.956958 0.235089 0.170187 0.0654703 -0.396416 0.915734 2.02123 1.87802 -0.544982</i>
                        <i>0.291395 0.878732 0.378046 -0.955696 0.25022 0.155033 0.0416376 -0.406473 0.912714 2.02336 1.86041 -0.544931</i>
                        <i>0.292806 0.873556 0.3888 -0.955927 0.258231 0.139718 0.0216513 -0.412574 0.910667 2.02468 1.84061 -0.544874</i>
                        <i>0.288646 0.874181 0.390501 -0.957376 0.258981 0.127903 0.0106778 -0.410775 0.911674 2.02501 1.82413 -0.544826</i>
                        <i>0.280883 0.88233 0.377622 -0.959649 0.252726 0.123303 0.013359 -0.397018 0.917714 2.02418 1.81647 -0.544806</i>
                        <i>0.265606 0.894444 0.359754 -0.963913 0.239393 0.11646 0.0180443 -0.377704 0.925751 2.01482 1.82024 -0.545606</i>
                        <i>0.241373 0.905097 0.350055 -0.970358 0.220651 0.0985787 0.0119831 -0.363474 0.931527 1.9928 1.83191 -0.547794</i>
                        <i>0.213467 0.912749 0.348312 -0.976949 0.199986 0.0746743 -0.00149865 -0.356224 0.934399 1.96296 1.84785 -0.551054</i>
                        <i>0.186122 0.916884 0.353103 -0.982378 0.179921 0.0506229 -0.0171154 -0.356303 0.934214 1.93067 1.86535 -0.554884</i>
                        <i>0.159954 0.917916 0.363105 -0.986731 0.159068 0.0325539 -0.0278766 -0.363494 0.931179 1.90193 1.88318 -0.558488</i>
                        <i>0.132004 0.916073 0.378663 -0.990903 0.132051 0.025973 -0.0262096 -0.378646 0.92517 1.88307 1.90159 -0.560841</i>
                        <i>0.0806739 0.925943 0.368947 -0.995701 0.0917644 -0.0125803 -0.0455048 -0.366346 0.929365 1.8934 1.92912 -0.58925</i>
                        <i>0.00723553 0.946745 0.321902 -0.993104 0.0444712 -0.108472 -0.11701 -0.318897 0.940539 1.93649 1.96773 -0.653075</i>
                        <i>-0.0588744 0.961448 0.26861 -0.973592 0.00415237 -0.228257 -0.220572 -0.274955 0.935814 1.99254 2.00883 -0.724261</i>
                        <i>-0.104663 0.965387 0.2389 -0.941182 -0.0185469 -0.33739 -0.321281 -0.260161 0.910546 2.03686 2.04276 -0.780314</i>
                        <i>-0.131469 0.957803 0.255597 -0.914768 -0.017862 -0.403585 -0.381989 -0.286871 0.878515 2.04389 2.05775 -0.80648</i>
                        <i>-0.136593 0.931744 0.336445 -0.918183 0.00841132 -0.396067 -0.371863 -0.363018 0.854363 2.0041 2.04012 -0.810883</i>
                        <i>-0.125086 0.877167 0.463607 -0.93851 0.0469461 -0.342045 -0.321795 -0.477885 0.817358 1.93381 1.99335 -0.813075</i>
                        <i>-0.106467 0.785545 0.609576 -0.949468 0.101725 -0.296921 -0.295254 -0.610386 0.73502 1.84866 1.93231 -0.815742</i>
                        <i>-0.0834729 0.684369 0.724342 -0.938061 0.191315 -0.288859 -0.336264 -0.703589 0.62601 1.7663 1.87591 -0.816371</i>
                        <i>-0.0632958 0.659303 0.749208 -0.920605 0.251282 -0.298904 -0.38533 -0.708644 0.591053 1.70446 1.84522 -0.808096</i>
                        <i>-0.0393964 0.736243 0.67557 -0.929344 0.221394 -0.295473 -0.367106 -0.639478 0.675501 1.65834 1.84269 -0.784532</i>
                        <i>0.0018859 0.846252 0.532779 -0.940466 0.182583 -0.286681 -0.339881 -0.50052 0.796216 1.61438 1.85356 -0.749485</i>
                        <i>0.0581703 0.934968 0.34993 -0.943502 0.166031 -0.286772 -0.326222 -0.313478 0.891802 1.57634 1.87273 -0.711149</i>
                        <i>0.120924 0.977424 0.173263 -0.938074 0.169604 -0.302078 -0.324644 -0.126005 0.937405 1.5471 1.89484 -0.676636</i>
                        <i>0.182056 0.983023 0.0228435 -0.92676 0.179307 -0.330098 -0.32859 0.0389259 0.94367 1.52848 1.9154 -0.651005</i>
                        <i>0.236484 0.966442 -0.100321 -0.913611 0.186028 -0.361535 -0.33074 0.177152 0.926946 1.52192 1.93156 -0.637363</i>
                        <i>0.28007 0.942451 -0.182614 -0.902942 0.194026 -0.383471 -0.32597 0.272288 0.905319 1.52896 1.94182 -0.637619</i>
                        <i>0.319309 0.91993 -0.227531 -0.894841 0.213663 -0.391928 -0.311931 0.32875 0.891416 1.5509 1.94896 -0.653119</i>
                        <i>0.358696 0.89821 -0.254079 -0.886846 0.242984 -0.393018 -0.291276 0.366303 0.883731 1.58541 1.95573 -0.680923</i>
                        <i>0.392126 0.881177 -0.264128 -0.879265 0.274613 -0.389205 -0.270426 0.384856 0.882471 1.62835 1.96056 -0.716174</i>
                        <i>0.415672 0.871999 -0.258523 -0.873038 0.302853 -0.38221 -0.254993 0.384574 0.887176 1.67591 1.96231 -0.754174</i>
                        <i>0.427917 0.871989 -0.237743 -0.868937 0.324543 -0.373659 -0.248669 0.366479 0.896581 1.72523 1.96066 -0.790617</i>
                        <i>0.429356 0.879835 -0.203822 -0.867015 0.338363 -0.36578 -0.25286 0.333767 0.908109 1.77466 1.95598 -0.82178</i>
                        <i>0.421329 0.892543 -0.160778 -0.866617 0.34398 -0.361459 -0.267313 0.291626 0.918421 1.8234 1.94916 -0.844529</i>
                        <i>0.404893 0.907307 -0.113381 -0.86679 0.341388 -0.363496 -0.291096 0.245454 0.924671 1.87094 1.94135 -0.85605</i>
                        <i>0.381116 0.922742 -0.0574334 -0.864845 0.333866 -0.374936 -0.326794 0.192565 0.92527 1.91546 1.93569 -0.831309</i>
                        <i>0.349103 0.936553 0.0315457 -0.867191 0.335639 -0.367867 -0.355115 0.101068 0.929343 1.94913 1.93196 -0.764192</i>
                        <i>0.303816 0.937841 0.167783 -0.885139 0.343 -0.314451 -0.352455 -0.052976 0.934328 1.96687 1.92525 -0.682271</i>
                        <i>0.237121 0.915619 0.324678 -0.915631 0.322323 -0.240268 -0.324645 -0.240312 0.914798 1.97281 1.91666 -0.620871</i>
                        <i>0.147581 0.853722 0.499378 -0.94565 0.269724 -0.181645 -0.289769 -0.44543 0.847128 1.97057 1.89478 -0.593792</i>
                        <i>0.0690113 0.729672 0.680306 -0.969453 0.209939 -0.126831 -0.235368 -0.650772 0.721871 1.96765 1.85469 -0.593461</i>
                        <i>0.0343181 0.572555 0.819148 -0.986217 0.152144 -0.065026 -0.16186 -0.805626 0.569885 1.9694 1.81713 -0.621914</i>
                        <i>0.0476576 0.43065 0.90126 -0.995178 0.0979109 0.00583892 -0.0857286 -0.897192 0.43324 1.97156 1.79589 -0.667021</i>
                        <i>0.089737 0.345707 0.934042 -0.995757 0.0503409 0.077034 -0.0203893 -0.936991 0.348758 1.9693 1.7903 -0.705888</i>
                        <i>0.135983 0.345893 0.928368 -0.990376 0.0230894 0.136463 0.0257661 -0.93799 0.345704 1.96509 1.79107 -0.713826</i>
                        <i>0.15224 0.531722 0.833123 -0.983457 -0.00222033 0.181128 0.0981595 -0.846916 0.522588 1.96725 1.77234 -0.675423</i>
                        <i>0.121435 0.801117 0.586059 -0.975578 -0.0125465 0.219296 0.183035 -0.598376 0.780028 1.97808 1.74788 -0.60776</i>
                        <i>0.0707171 0.954618 0.289314 -0.968883 -0.003235 0.247498 0.237203 -0.297814 0.924685 1.9909 1.75533 -0.54658</i>
                        <i>0.0250968 0.996887 0.0747485 -0.966742 0.00516483 0.255702 0.25452 -0.0786798 0.963862 1.99633 1.79525 -0.522954</i>
                        <i>-0.0100158 0.999619 -0.0257309 -0.967821 -0.00322026 0.251621 0.251442 0.0274231 0.967484 1.98901 1.85114 -0.52565</i>
                        <i>-0.0481184 0.994807 -0.0896886 -0.968248 -0.0244031 0.248796 0.245315 0.0988125 0.964394 1.97008 1.91631 -0.531993</i>
                        <i>-0.0864974 0.988345 -0.125271 -0.968029 -0.0536623 0.24503 0.235451 0.142461 0.961388 1.94252 1.98734 -0.540789</i>
                        <i>-0.122628 0.982435 -0.140655 -0.967405 -0.0866864 0.237935 0.221563 0.165248 0.961043 1.90939 2.06076 -0.551144</i>
                        <i>-0.154211 0.977565 -0.143474 -0.966972 -0.119498 0.225134 0.202938 0.173454 0.963706 1.8737 2.13306 -0.56235</i>
                        <i>-0.178988 0.973715 -0.140861 -0.967606 -0.148308 0.20431 0.178049 0.172867 0.968718 1.8384 2.20074 -0.573806</i>
                        <i>-0.194385 0.970929 -0.139681 -0.970222 -0.169326 0.173197 0.144511 0.169189 0.974932 1.80639 2.26028 -0.584983</i>
                        <i>-0.196932 0.969372 -0.146751 -0.97537 -0.178542 0.129524 0.0993553 0.168644 0.980657 1.78053 2.30826 -0.595417</i>
                        <i>-0.179889 0.969281 -0.167734 -0.983082 -0.171165 0.0652166 0.0345031 0.176628 0.983673 1.76212 2.34311 -0.606209</i>
                        <i>-0.141074 0.97047 -0.195668 -0.988753 -0.148029 -0.0213117 -0.0496469 0.190461 0.980439 1.74797 2.36565 -0.618277</i>
                        <i>-0.0853747 0.972156 -0.218231 -0.985974 -0.113961 -0.121939 -0.143413 0.204759 0.968249 1.73465 2.376 -0.631292</i>
                        <i>-0.0226748 0.974333 -0.223968 -0.970836 -0.074942 -0.227732 -0.238672 0.212273 0.947616 1.72027 2.37397 -0.645253</i>
                        <i>0.0321765 0.978465 -0.203888 -0.943357 -0.0376654 -0.329633 -0.330214 0.202946 0.921831 1.70545 2.35906 -0.659909</i>
                        <i>0.0609278 0.986479 -0.152139 -0.907731 -0.00862757 -0.419464 -0.415105 0.163659 0.894932 1.69316 2.33077 -0.673985</i>
                        <i>0.0441792 0.996899 -0.065114 -0.871253 0.00655434 -0.49079 -0.488841 0.0784135 0.868841 1.68746 2.28985 -0.684636</i>
                        <i>-0.134847 0.977014 0.165107 -0.850717 -0.0287223 -0.524838 -0.508032 -0.211233 0.835036 1.72168 2.17734 -0.69823</i>
                        <i>-0.410946 0.779103 0.473416 -0.828525 -0.102514 -0.550488 -0.380355 -0.618457 0.687634 1.76427 2.07576 -0.685311</i>
                        <i>-0.52296 0.59062 0.614558 -0.81084 -0.122437 -0.572318 -0.262778 -0.797608 0.542927 1.75851 2.0199 -0.64803</i>
                        <i>-0.511451 0.604919 0.61032 -0.812091 -0.108054 -0.573439 -0.280937 -0.788922 0.546513 1.74637 1.9805 -0.633584</i>
                        <i>-0.495952 0.62971 0.59791 -0.812529 -0.0936432 -0.57535 -0.306314 -0.771165 0.5581 1.7443 1.96965 -0.62389</i>
                        <i>-0.47674 0.660707 0.579815 -0.813051 -0.0806818 -0.576576 -0.334167 -0.746295 0.575652 1.74876 1.97755 -0.616668</i>
                        <i>-0.454473 0.69375 0.558718 -0.814726 -0.0701721 -0.575584 -0.360105 -0.716789 0.597108 1.75621 1.99447 -0.609646</i>
                        <i>-0.430398 0.725093 0.537585 -0.818722 -0.0628244 -0.570743 -0.380068 -0.68578 0.620689 1.76309 2.01072 -0.600556</i>
                        <i>-0.3922 0.767743 0.506705 -0.823185 -0.0470868 -0.565818 -0.410543 -0.639026 0.650461 1.77237 2.0313 -0.588818</i>
                        <i>-0.337822 0.817816 0.465889 -0.82687 -0.0214126 -0.561985 -0.449625 -0.575081 0.683461 1.78606 2.06142 -0.576378</i>
                        <i>-0.285367 0.855684 0.431707 -0.832898 0.00144507 -0.553425 -0.474181 -0.517497 0.712285 1.79893 2.09287 -0.564667</i>
                        <i>-0.251467 0.872106 0.419756 -0.845412 0.0132277 -0.533951 -0.471214 -0.489138 0.733962 1.80565 2.11876 -0.554735</i>
                        <i>-0.221681 0.870099 0.440211 -0.869277 0.0282158 -0.49352 -0.441832 -0.492069 0.750101 1.81401 2.14213 -0.54377</i>
                        <i>-0.175885 0.858821 0.481135 -0.897878 0.06042 -0.436079 -0.403584 -0.5087 0.760489 1.82612 2.16692 -0.529525</i>
                        <i>-0.123132 0.841959 0.525303 -0.920471 0.100941 -0.37755 -0.370906 -0.530015 0.76257 1.82823 2.18756 -0.514169</i>
                        <i>-0.0773852 0.827673 0.55585 -0.931706 0.13841 -0.335807 -0.354873 -0.543875 0.760437 1.80618 2.19742 -0.501438</i>
                        <i>-0.0320438 0.822605 0.56771 -0.934348 0.177044 -0.309272 -0.354918 -0.540349 0.762926 1.75427 2.19906 -0.494698</i>
                        <i>0.0233862 0.821413 0.569854 -0.931792 0.224445 -0.285286 -0.362239 -0.524313 0.770635 1.68219 2.20039 -0.492352</i>
                        <i>0.0791946 0.819068 0.568204 -0.924139 0.274034 -0.266217 -0.373757 -0.504016 0.778635 1.59832 2.20173 -0.491969</i>
                        <i>0.126675 0.812569 0.568933 -0.912406 0.320481 -0.254571 -0.389189 -0.48685 0.78199 1.51131 2.20337 -0.4912</i>
                        <i>0.156895 0.801302 0.577321 -0.898952 0.357944 -0.252511 -0.408986 -0.479366 0.776491 1.43005 2.20597 -0.487592</i>
                        <i>0.15916 0.786218 0.5971 -0.88778 0.378554 -0.26181 -0.431875 -0.488424 0.758239 1.3634 2.21065 -0.47841</i>
                        <i>-0.0175179 0.745531 0.666241 -0.898023 0.281237 -0.33832 -0.4396 -0.604226 0.664577 1.34519 2.23134 -0.438518</i>
                        <i>-0.212465 0.682035 0.699776 -0.897581 0.146866 -0.415666 -0.386272 -0.716421 0.580978 1.33639 2.25029 -0.392122</i>
                        <i>-0.255904 0.659656 0.70666 -0.905115 0.0932466 -0.414815 -0.339529 -0.745761 0.573202 1.30541 2.2543 -0.38087</i>
                        <i>-0.265479 0.647672 0.714172 -0.90935 0.0778964 -0.408676 -0.320319 -0.757927 0.56828 1.27834 2.25868 -0.3811</i>
                        <i>-0.237263 0.664528 0.708597 -0.912286 0.0982409 -0.397596 -0.333827 -0.740778 0.58293 1.26532 2.25544 -0.379875</i>
                        <i>-0.191138 0.698482 0.68963 -0.918646 0.120199 -0.376354 -0.345769 -0.705461 0.618683 1.26455 2.24704 -0.367548</i>
                        <i>-0.132893 0.7427 0.656305 -0.927502 0.140244 -0.346513 -0.349399 -0.654774 0.670218 1.27487 2.23581 -0.347064</i>
                        <i>-0.069406 0.790403 0.608642 -0.937999 0.156001 -0.309552 -0.339619 -0.59239 0.73057 1.29513 2.22369 -0.321646</i>
                        <i>-0.00791378 0.835538 0.549375 -0.949177 0.166591 -0.267039 -0.314642 -0.523568 0.791756 1.3236 2.21164 -0.294983</i>
                        <i>0.0452234 0.873565 0.484602 -0.959966 0.172241 -0.220905 -0.276443 -0.455211 0.846382 1.35754 2.19938 -0.271085</i>
                        <i>0.0855849 0.901932 0.423312 -0.969417 0.173469 -0.173606 -0.230013 -0.395508 0.889195 1.39306 2.18551 -0.253971</i>
                        <i>0.110947 0.91977 0.37645 -0.977065 0.170223 -0.127941 -0.181757 -0.353621 0.91756 1.42532 2.16796 -0.247446</i>
                        <i>0.117004 0.930314 0.347601 -0.984707 0.154166 -0.0811513 -0.129084 -0.33279 0.934124 1.45529 2.14158 -0.254439</i>
                        <i>0.105199 0.937621 0.331361 -0.992036 0.122154 -0.0307008 -0.0692628 -0.325493 0.943004 1.48728 2.10516 -0.27331</i>
                        <i>0.0836085 0.941832 0.325519 -0.996471 0.0814545 0.0202662 -0.00742763 -0.326064 0.945318 1.52094 2.06246 -0.300674</i>
                        <i>0.0594668 0.942982 0.327489 -0.996893 0.0391221 0.0683705 0.0516601 -0.330537 0.942378 1.55604 2.01722 -0.332763</i>
                        <i>0.0387445 0.941508 0.334757 -0.993913 0.00173627 0.110151 0.103127 -0.336987 0.935844 1.59257 1.9731 -0.365378</i>
                        <i>0.0263654 0.93829 0.344843 -0.98952 -0.0244953 0.142305 0.14197 -0.34498 0.927811 1.63074 1.93365 -0.393995</i>
                        <i>0.0119083 0.934028 0.357001 -0.987269 -0.0456497 0.152366 0.158611 -0.354271 0.921594 1.67622 1.89798 -0.42362</i>
                        <i>-0.00771492 0.928476 0.371313 -0.98691 -0.066888 0.146749 0.16109 -0.36532 0.916838 1.72743 1.86267 -0.457183</i>
                        <i>-0.0178371 0.923213 0.383874 -0.986679 -0.0783458 0.142574 0.161701 -0.376217 0.912312 1.77446 1.82899 -0.487002</i>
                        <i>-0.00718607 0.921106 0.389245 -0.987546 -0.0677162 0.142012 0.157166 -0.383377 0.910122 1.80821 1.80095 -0.505569</i>
                        <i>0.0121561 0.92129 0.388687 -0.988636 -0.0471737 0.142733 0.149835 -0.386005 0.910247 1.8289 1.77695 -0.515314</i>
                        <i>0.0237675 0.92165 0.387293 -0.988872 -0.0352362 0.144538 0.14686 -0.386418 0.910557 1.84328 1.75327 -0.523466</i>
                        <i>0.030178 0.922223 0.385478 -0.988727 -0.029041 0.146883 0.146654 -0.385565 0.910951 1.85258 1.73171 -0.529945</i>
                        <i>0.0339167 0.922851 0.383661 -0.988469 -0.0257107 0.149227 0.147579 -0.384298 0.911337 1.85805 1.71403 -0.534671</i>
                        <i>0.0375225 0.923292 0.382262 -0.988276 -0.0223662 0.15103 0.147995 -0.383448 0.911628 1.86092 1.70199 -0.537564</i>
                        <i>0.0435422 0.923259 0.381702 -0.988287 -0.0161294 0.151751 0.146262 -0.383839 0.911743 1.86243 1.69734 -0.538546</i>
                        <i>0.0435422 0.923259 0.381702 -0.988287 -0.0161294 0.151751 0.146262 -0.383839 0.911743 1.86243 1.69734 -0.538546</i>
                        <i>0.0435422 0.923259 0.381702 -0.988287 -0.0161294 0.151751 0.146262 -0.383839 0.911743 1.86243 1.69734 -0.538546</i>
                        <i>0.0435422 0.923259 0.381702 -0.988287 -0.0161294 0.151751 0.146262 -0.383839 0.911743 1.86243 1.69734 -0.538546</i>
                        <i>0.0435422 0.923259 0.381702 -0.988287 -0.0161294 0.151751 0.146262 -0.383839 0.911743 1.86243 1.69734 -0.538546</i>
                        <i>0.0435422 0.923259 0.381702 -0.988287 -0.0161294 0.151751 0.146262 -0.383839 0.911743 1.86243 1.69734 -0.538546</i>
                        <i>0.0435422 0.923259 0.381702 -0.988287 -0.0161294 0.151751 0.146262 -0.383839 0.911743 1.86243 1.69734 -0.538546</i>
                        <i>0.0435422 0.923259 0.381702 -0.988287 -0.0161294 0.151751 0.146262 -0.383839 0.911743 1.86243 1.69734 -0.538546</i>
                        <i>0.0435422 0.923259 0.381702 -0.988287 -0.0161294 0.151751 0.146262 -0.383839 0.911743 1.86243 1.69734 -0.538546</i>
                        <i>0.0435422 0.923259 0.381702 -0.988287 -0.0161294 0.151751 0.146262 -0.383839 0.911743 1.86243 1.69734 -0.538546</i>
                        <i>0.0435422 0.923259 0.381702 -0.988287 -0.0161294 0.151751 0.146262 -0.383839 0.911743 1.86243 1.69734 -0.538546</i>
                    </KeyFrames>
                </p>
            </i>
            <i>
                <p>
                    <Name>
                        <![CDATA[spine1]]>
</Name>
                    <Exclude>0</Exclude>
                    <Additive>0</Additive>
                    <IKPriority>0</IKPriority>
                    <IKRotLimits>-1e+010 -1e+010 -1e+010 1e+010 1e+010 1e+010</IKRotLimits>
                    <IKRotLimitOrder>0</IKRotLimitOrder>
                    <KeyFrames count="131">
                        <i>-0.0239313 0.69615 0.717498 -0.986323 -0.133516 0.0966458 0.163077 -0.705372 0.689824 1.87008 1.85962 -0.471482</i>
                        <i>0.0195792 0.700166 0.713711 -0.991731 -0.0769533 0.102699 0.126829 -0.709821 0.69287 1.92486 1.9132 -0.473454</i>
                        <i>0.0698189 0.705505 0.705258 -0.993091 -0.017688 0.116008 0.0943187 -0.708484 0.699395 1.98419 1.97036 -0.477791</i>
                        <i>0.115946 0.70799 0.696639 -0.990985 0.0350612 0.129304 0.0671206 -0.705351 0.705673 2.03341 2.01802 -0.482121</i>
                        <i>0.146596 0.7062 0.692669 -0.988152 0.0723765 0.135342 0.0454455 -0.704303 0.708443 2.05816 2.04372 -0.484088</i>
                        <i>0.162411 0.693491 0.701921 -0.986585 0.102241 0.127264 0.0164915 -0.713174 0.700793 2.06536 2.04575 -0.483134</i>
                        <i>0.169886 0.669361 0.723253 -0.985128 0.134507 0.106914 -0.0257183 -0.73066 0.682257 2.07107 2.03447 -0.480854</i>
                        <i>0.167812 0.643174 0.747105 -0.983293 0.163419 0.0801783 -0.0705225 -0.748078 0.659852 2.07486 2.01573 -0.478147</i>
                        <i>0.158739 0.624493 0.764729 -0.981453 0.184124 0.0533663 -0.107478 -0.759017 0.642138 2.07654 1.99536 -0.476035</i>
                        <i>0.148602 0.622389 0.768472 -0.980631 0.193009 0.0333085 -0.127592 -0.758538 0.639015 2.07618 1.97911 -0.475632</i>
                        <i>0.143567 0.645004 0.750572 -0.981974 0.187067 0.0270736 -0.122944 -0.740929 0.660234 2.07388 1.97262 -0.478015</i>
                        <i>0.157216 0.679127 0.716986 -0.980193 0.195845 0.0294263 -0.120434 -0.707411 0.696466 2.06165 1.97794 -0.482207</i>
                        <i>0.194031 0.706355 0.680746 -0.970192 0.240872 0.0265976 -0.145185 -0.665615 0.732037 2.0353 1.99126 -0.486193</i>
                        <i>0.242337 0.726462 0.64306 -0.952227 0.305061 0.0142208 -0.185842 -0.615785 0.765684 2.00076 2.00949 -0.489409</i>
