<?xml version="1.0" encoding="ISO-8859-1" ?>
<Animl Version="1">
    <ModellingPackage>
        <![CDATA[Maya.2010]]>
</ModellingPackage>
    <SrcFile>
        <![CDATA[anims\turrets\machinegun\blue\~src\mgun_m60\mgun_m60_idle_crewman_b.mb]]>
</SrcFile>
    <FramesPerSecond>30</FramesPerSecond>
    <TotalFrames>120</TotalFrames>
    <Skeleton>
        <RefFrame>
            <Name>
                <![CDATA[soldier_ref_frame]]>
</Name>
            <Exclude>0</Exclude>
            <Additive>0</Additive>
            <IKPriority>0</IKPriority>
            <IKRotLimits>-1e+010 -1e+010 -1e+010 1e+010 1e+010 1e+010</IKRotLimits>
            <IKRotLimitOrder>0</IKRotLimitOrder>
            <KeyFrames count="120">
                <i>1 0 0 0 1 0 0 0 1 1.49 0.92 -0.85</i>
                <i>1 0 0 0 1 0 0 0 1 1.49 0.92 -0.85</i>
                <i>1 0 0 0 1 0 0 0 1 1.49 0.92 -0.85</i>
                <i>1 0 0 0 1 0 0 0 1 1.49 0.92 -0.85</i>
                <i>1 0 0 0 1 0 0 0 1 1.49 0.92 -0.85</i>
                <i>1 0 0 0 1 0 0 0 1 1.49 0.92 -0.85</i>
                <i>1 0 0 0 1 0 0 0 1 1.49 0.92 -0.85</i>
                <i>1 0 0 0 1 0 0 0 1 1.49 0.92 -0.85</i>
                <i>1 0 0 0 1 0 0 0 1 1.49 0.92 -0.85</i>
                <i>1 0 0 0 1 0 0 0 1 1.49 0.92 -0.85</i>
                <i>1 0 0 0 1 0 0 0 1 1.49 0.92 -0.85</i>
                <i>1 0 0 0 1 0 0 0 1 1.49 0.92 -0.85</i>
                <i>1 0 0 0 1 0 0 0 1 1.49 0.92 -0.85</i>
                <i>1 0 0 0 1 0 0 0 1 1.49 0.92 -0.85</i>
                <i>1 0 0 0 1 0 0 0 1 1.49 0.92 -0.85</i>
                <i>1 0 0 0 1 0 0 0 1 1.49 0.92 -0.85</i>
                <i>1 0 0 0 1 0 0 0 1 1.49 0.92 -0.85</i>
                <i>1 0 0 0 1 0 0 0 1 1.49 0.92 -0.85</i>
                <i>1 0 0 0 1 0 0 0 1 1.49 0.92 -0.85</i>
                <i>1 0 0 0 1 0 0 0 1 1.49 0.92 -0.85</i>
                <i>1 0 0 0 1 0 0 0 1 1.49 0.92 -0.85</i>
                <i>1 0 0 0 1 0 0 0 1 1.49 0.92 -0.85</i>
                <i>1 0 0 0 1 0 0 0 1 1.49 0.92 -0.85</i>
                <i>1 0 0 0 1 0 0 0 1 1.49 0.92 -0.85</i>
                <i>1 0 0 0 1 0 0 0 1 1.49 0.92 -0.85</i>
                <i>1 0 0 0 1 0 0 0 1 1.49 0.92 -0.85</i>
                <i>1 0 0 0 1 0 0 0 1 1.49 0.92 -0.85</i>
                <i>1 0 0 0 1 0 0 0 1 1.49 0.92 -0.85</i>
                <i>1 0 0 0 1 0 0 0 1 1.49 0.92 -0.85</i>
                <i>1 0 0 0 1 0 0 0 1 1.49 0.92 -0.85</i>
                <i>1 0 0 0 1 0 0 0 1 1.49 0.92 -0.85</i>
                <i>1 0 0 0 1 0 0 0 1 1.49 0.92 -0.85</i>
                <i>1 0 0 0 1 0 0 0 1 1.49 0.92 -0.85</i>
                <i>1 0 0 0 1 0 0 0 1 1.49 0.92 -0.85</i>
                <i>1 0 0 0 1 0 0 0 1 1.49 0.92 -0.85</i>
                <i>1 0 0 0 1 0 0 0 1 1.49 0.92 -0.85</i>
                <i>1 0 0 0 1 0 0 0 1 1.49 0.92 -0.85</i>
                <i>1 0 0 0 1 0 0 0 1 1.49 0.92 -0.85</i>
                <i>1 0 0 0 1 0 0 0 1 1.49 0.92 -0.85</i>
                <i>1 0 0 0 1 0 0 0 1 1.49 0.92 -0.85</i>
                <i>1 0 0 0 1 0 0 0 1 1.49 0.92 -0.85</i>
                <i>1 0 0 0 1 0 0 0 1 1.49 0.92 -0.85</i>
                <i>1 0 0 0 1 0 0 0 1 1.49 0.92 -0.85</i>
                <i>1 0 0 0 1 0 0 0 1 1.49 0.92 -0.85</i>
                <i>1 0 0 0 1 0 0 0 1 1.49 0.92 -0.85</i>
                <i>1 0 0 0 1 0 0 0 1 1.49 0.92 -0.85</i>
                <i>1 0 0 0 1 0 0 0 1 1.49 0.92 -0.85</i>
                <i>1 0 0 0 1 0 0 0 1 1.49 0.92 -0.85</i>
                <i>1 0 0 0 1 0 0 0 1 1.49 0.92 -0.85</i>
                <i>1 0 0 0 1 0 0 0 1 1.49 0.92 -0.85</i>
                <i>1 0 0 0 1 0 0 0 1 1.49 0.92 -0.85</i>
                <i>1 0 0 0 1 0 0 0 1 1.49 0.92 -0.85</i>
                <i>1 0 0 0 1 0 0 0 1 1.49 0.92 -0.85</i>
                <i>1 0 0 0 1 0 0 0 1 1.49 0.92 -0.85</i>
                <i>1 0 0 0 1 0 0 0 1 1.49 0.92 -0.85</i>
                <i>1 0 0 0 1 0 0 0 1 1.49 0.92 -0.85</i>
                <i>1 0 0 0 1 0 0 0 1 1.49 0.92 -0.85</i>
                <i>1 0 0 0 1 0 0 0 1 1.49 0.92 -0.85</i>
                <i>1 0 0 0 1 0 0 0 1 1.49 0.92 -0.85</i>
                <i>1 0 0 0 1 0 0 0 1 1.49 0.92 -0.85</i>
                <i>1 0 0 0 1 0 0 0 1 1.49 0.92 -0.85</i>
                <i>1 0 0 0 1 0 0 0 1 1.49 0.92 -0.85</i>
                <i>1 0 0 0 1 0 0 0 1 1.49 0.92 -0.85</i>
                <i>1 0 0 0 1 0 0 0 1 1.49 0.92 -0.85</i>
                <i>1 0 0 0 1 0 0 0 1 1.49 0.92 -0.85</i>
                <i>1 0 0 0 1 0 0 0 1 1.49 0.92 -0.85</i>
                <i>1 0 0 0 1 0 0 0 1 1.49 0.92 -0.85</i>
                <i>1 0 0 0 1 0 0 0 1 1.49 0.92 -0.85</i>
                <i>1 0 0 0 1 0 0 0 1 1.49 0.92 -0.85</i>
                <i>1 0 0 0 1 0 0 0 1 1.49 0.92 -0.85</i>
                <i>1 0 0 0 1 0 0 0 1 1.49 0.92 -0.85</i>
                <i>1 0 0 0 1 0 0 0 1 1.49 0.92 -0.85</i>
                <i>1 0 0 0 1 0 0 0 1 1.49 0.92 -0.85</i>
                <i>1 0 0 0 1 0 0 0 1 1.49 0.92 -0.85</i>
                <i>1 0 0 0 1 0 0 0 1 1.49 0.92 -0.85</i>
                <i>1 0 0 0 1 0 0 0 1 1.49 0.92 -0.85</i>
                <i>1 0 0 0 1 0 0 0 1 1.49 0.92 -0.85</i>
                <i>1 0 0 0 1 0 0 0 1 1.49 0.92 -0.85</i>
                <i>1 0 0 0 1 0 0 0 1 1.49 0.92 -0.85</i>
                <i>1 0 0 0 1 0 0 0 1 1.49 0.92 -0.85</i>
                <i>1 0 0 0 1 0 0 0 1 1.49 0.92 -0.85</i>
                <i>1 0 0 0 1 0 0 0 1 1.49 0.92 -0.85</i>
                <i>1 0 0 0 1 0 0 0 1 1.49 0.92 -0.85</i>
                <i>1 0 0 0 1 0 0 0 1 1.49 0.92 -0.85</i>
                <i>1 0 0 0 1 0 0 0 1 1.49 0.92 -0.85</i>
                <i>1 0 0 0 1 0 0 0 1 1.49 0.92 -0.85</i>
                <i>1 0 0 0 1 0 0 0 1 1.49 0.92 -0.85</i>
                <i>1 0 0 0 1 0 0 0 1 1.49 0.92 -0.85</i>
                <i>1 0 0 0 1 0 0 0 1 1.49 0.92 -0.85</i>
                <i>1 0 0 0 1 0 0 0 1 1.49 0.92 -0.85</i>
                <i>1 0 0 0 1 0 0 0 1 1.49 0.92 -0.85</i>
                <i>1 0 0 0 1 0 0 0 1 1.49 0.92 -0.85</i>
                <i>1 0 0 0 1 0 0 0 1 1.49 0.92 -0.85</i>
                <i>1 0 0 0 1 0 0 0 1 1.49 0.92 -0.85</i>
                <i>1 0 0 0 1 0 0 0 1 1.49 0.92 -0.85</i>
                <i>1 0 0 0 1 0 0 0 1 1.49 0.92 -0.85</i>
                <i>1 0 0 0 1 0 0 0 1 1.49 0.92 -0.85</i>
                <i>1 0 0 0 1 0 0 0 1 1.49 0.92 -0.85</i>
                <i>1 0 0 0 1 0 0 0 1 1.49 0.92 -0.85</i>
                <i>1 0 0 0 1 0 0 0 1 1.49 0.92 -0.85</i>
                <i>1 0 0 0 1 0 0 0 1 1.49 0.92 -0.85</i>
                <i>1 0 0 0 1 0 0 0 1 1.49 0.92 -0.85</i>
                <i>1 0 0 0 1 0 0 0 1 1.49 0.92 -0.85</i>
                <i>1 0 0 0 1 0 0 0 1 1.49 0.92 -0.85</i>
                <i>1 0 0 0 1 0 0 0 1 1.49 0.92 -0.85</i>
                <i>1 0 0 0 1 0 0 0 1 1.49 0.92 -0.85</i>
                <i>1 0 0 0 1 0 0 0 1 1.49 0.92 -0.85</i>
                <i>1 0 0 0 1 0 0 0 1 1.49 0.92 -0.85</i>
                <i>1 0 0 0 1 0 0 0 1 1.49 0.92 -0.85</i>
                <i>1 0 0 0 1 0 0 0 1 1.49 0.92 -0.85</i>
                <i>1 0 0 0 1 0 0 0 1 1.49 0.92 -0.85</i>
                <i>1 0 0 0 1 0 0 0 1 1.49 0.92 -0.85</i>
                <i>1 0 0 0 1 0 0 0 1 1.49 0.92 -0.85</i>
                <i>1 0 0 0 1 0 0 0 1 1.49 0.92 -0.85</i>
                <i>1 0 0 0 1 0 0 0 1 1.49 0.92 -0.85</i>
                <i>1 0 0 0 1 0 0 0 1 1.49 0.92 -0.85</i>
                <i>1 0 0 0 1 0 0 0 1 1.49 0.92 -0.85</i>
                <i>1 0 0 0 1 0 0 0 1 1.49 0.92 -0.85</i>
                <i>1 0 0 0 1 0 0 0 1 1.49 0.92 -0.85</i>
                <i>1 0 0 0 1 0 0 0 1 1.49 0.92 -0.85</i>
            </KeyFrames>
        </RefFrame>
        <Bones count="23">
            <i>
                <p>
                    <Name>
                        <![CDATA[pelvis]]>
</Name>
                    <Exclude>0</Exclude>
                    <Additive>0</Additive>
                    <IKPriority>0</IKPriority>
                    <IKRotLimits>-1e+010 -1e+010 -1e+010 1e+010 1e+010 1e+010</IKRotLimits>
                    <IKRotLimitOrder>2</IKRotLimitOrder>
                    <KeyFrames count="120">
                        <i>1 0 0 0 1 0 0 0 1 1.48926 1.53075 -0.850868</i>
                        <i>1 0 0 0 1 0 0 0 1 1.48926 1.52529 -0.850868</i>
                        <i>1 0 0 0 1 0 0 0 1 1.48926 1.51926 -0.850868</i>
                        <i>1 0 0 0 1 0 0 0 1 1.48926 1.51438 -0.850868</i>
                        <i>1 0 0 0 1 0 0 0 1 1.48926 1.51237 -0.850868</i>
                        <i>1 0 0 0 1 0 0 0 1 1.48926 1.51428 -0.850868</i>
                        <i>1 0 0 0 1 0 0 0 1 1.48926 1.51883 -0.850868</i>
                        <i>1 0 0 0 1 0 0 0 1 1.48926 1.52427 -0.850868</i>
                        <i>1 0 0 0 1 0 0 0 1 1.48926 1.52883 -0.850868</i>
                        <i>1 0 0 0 1 0 0 0 1 1.48926 1.53075 -0.850868</i>
                        <i>1 0 0 0 1 0 0 0 1 1.48926 1.53024 -0.850868</i>
                        <i>1 0 0 0 1 0 0 0 1 1.48926 1.52885 -0.850868</i>
                        <i>1 0 0 0 1 0 0 0 1 1.48926 1.5268 -0.850868</i>
                        <i>1 0 0 0 1 0 0 0 1 1.48926 1.52431 -0.850868</i>
                        <i>1 0 0 0 1 0 0 0 1 1.48926 1.5216 -0.850868</i>
                        <i>1 0 0 0 1 0 0 0 1 1.48926 1.51889 -0.850868</i>
                        <i>1 0 0 0 1 0 0 0 1 1.48926 1.51639 -0.850868</i>
                        <i>1 0 0 0 1 0 0 0 1 1.48926 1.51434 -0.850868</i>
                        <i>1 0 0 0 1 0 0 0 1 1.48926 1.51295 -0.850868</i>
                        <i>1 0 0 0 1 0 0 0 1 1.48926 1.51244 -0.850868</i>
                        <i>1 0 0 0 1 0 0 0 1 1.48926 1.51244 -0.850868</i>
                        <i>1 0 0 0 1 0 0 0 1 1.48926 1.51244 -0.850868</i>
                        <i>1 0 0 0 1 0 0 0 1 1.48926 1.51244 -0.850868</i>
                        <i>1 0 0 0 1 0 0 0 1 1.48926 1.51244 -0.850868</i>
                        <i>1 0 0 0 1 0 0 0 1 1.48926 1.51244 -0.850868</i>
                        <i>1 0 0 0 1 0 0 0 1 1.48926 1.51244 -0.850868</i>
                        <i>1 0 0 0 1 0 0 0 1 1.48926 1.51244 -0.850868</i>
                        <i>1 0 0 0 1 0 0 0 1 1.48926 1.51244 -0.850868</i>
                        <i>1 0 0 0 1 0 0 0 1 1.48926 1.51244 -0.850868</i>
                        <i>1 0 0 0 1 0 0 0 1 1.48926 1.51244 -0.850868</i>
                        <i>1 0 0 0 1 0 0 0 1 1.48926 1.51244 -0.850868</i>
                        <i>1 0 0 0 1 0 0 0 1 1.48926 1.51244 -0.850868</i>
                        <i>1 0 0 0 1 0 0 0 1 1.48926 1.51244 -0.850868</i>
                        <i>1 0 0 0 1 0 0 0 1 1.48926 1.51244 -0.850868</i>
                        <i>1 0 0 0 1 0 0 0 1 1.48926 1.51244 -0.850868</i>
                        <i>1 0 0 0 1 0 0 0 1 1.48926 1.51244 -0.850868</i>
                        <i>1 0 0 0 1 0 0 0 1 1.48926 1.51244 -0.850868</i>
                        <i>1 0 0 0 1 0 0 0 1 1.48926 1.51244 -0.850868</i>
                        <i>1 0 0 0 1 0 0 0 1 1.48926 1.51244 -0.850868</i>
                        <i>1 0 0 0 1 0 0 0 1 1.48926 1.51244 -0.850868</i>
                        <i>1 0 0 0 1 0 0 0 1 1.48926 1.51409 -0.850868</i>
                        <i>1 0 0 0 1 0 0 0 1 1.48926 1.51845 -0.850868</i>
                        <i>1 0 0 0 1 0 0 0 1 1.48926 1.52462 -0.850868</i>
                        <i>1 0 0 0 1 0 0 0 1 1.48926 1.53169 -0.850868</i>
                        <i>1 0 0 0 1 0 0 0 1 1.48926 1.53876 -0.850868</i>
                        <i>1 0 0 0 1 0 0 0 1 1.48926 1.54494 -0.850868</i>
                        <i>1 0 0 0 1 0 0 0 1 1.48926 1.54932 -0.850868</i>
                        <i>1 0 0 0 1 0 0 0 1 1.48926 1.551 -0.850868</i>
                        <i>1 0 0 0 1 0 0 0 1 1.48926 1.55015 -0.850868</i>
                        <i>1 0 0 0 1 0 0 0 1 1.48926 1.54779 -0.850868</i>
                        <i>1 0 0 0 1 0 0 0 1 1.48926 1.54423 -0.850868</i>
                        <i>1 0 0 0 1 0 0 0 1 1.48926 1.53981 -0.850868</i>
                        <i>1 0 0 0 1 0 0 0 1 1.48926 1.53485 -0.850868</i>
                        <i>1 0 0 0 1 0 0 0 1 1.48926 1.5297 -0.850868</i>
                        <i>1 0 0 0 1 0 0 0 1 1.48926 1.52467 -0.850868</i>
                        <i>1 0 0 0 1 0 0 0 1 1.48926 1.5201 -0.850868</i>
                        <i>1 0 0 0 1 0 0 0 1 1.48926 1.51631 -0.850868</i>
                        <i>1 0 0 0 1 0 0 0 1 1.48926 1.51364 -0.850868</i>
                        <i>1 0 0 0 1 0 0 0 1 1.48926 1.51242 -0.850868</i>
                        <i>1 0 0 0 1 0 0 0 1 1.48926 1.51297 -0.850868</i>
                        <i>1 0 0 0 1 0 0 0 1 1.48926 1.52047 -0.850868</i>
                        <i>1 0 0 0 1 0 0 0 1 1.48926 1.53619 -0.850868</i>
                        <i>1 0 0 0 1 0 0 0 1 1.48926 1.55459 -0.850868</i>
                        <i>1 0 0 0 1 0 0 0 1 1.48926 1.57015 -0.850868</i>
                        <i>1 0 0 0 1 0 0 0 1 1.48926 1.57736 -0.850868</i>
                        <i>1 0 0 0 1 0 0 0 1 1.48926 1.57295 -0.850868</i>
                        <i>1 0 0 0 1 0 0 0 1 1.48926 1.5606 -0.850868</i>
                        <i>1 0 0 0 1 0 0 0 1 1.48926 1.5452 -0.850868</i>
                        <i>1 0 0 0 1 0 0 0 1 1.48926 1.53164 -0.850868</i>
                        <i>1 0 0 0 1 0 0 0 1 1.48926 1.52479 -0.850868</i>
                        <i>1 0 0 0 1 0 0 0 1 1.48926 1.52315 -0.850868</i>
                        <i>1 0 0 0 1 0 0 0 1 1.48926 1.52194 -0.850868</i>
                        <i>1 0 0 0 1 0 0 0 1 1.48926 1.52111 -0.850868</i>
                        <i>1 0 0 0 1 0 0 0 1 1.48926 1.52064 -0.850868</i>
                        <i>1 0 0 0 1 0 0 0 1 1.48926 1.52048 -0.850868</i>
                        <i>1 0 0 0 1 0 0 0 1 1.48926 1.52059 -0.850868</i>
                        <i>1 0 0 0 1 0 0 0 1 1.48926 1.52095 -0.850868</i>
                        <i>1 0 0 0 1 0 0 0 1 1.48926 1.52152 -0.850868</i>
                        <i>1 0 0 0 1 0 0 0 1 1.48926 1.52225 -0.850868</i>
                        <i>1 0 0 0 1 0 0 0 1 1.48926 1.52311 -0.850868</i>
                        <i>1 0 0 0 1 0 0 0 1 1.48926 1.52406 -0.850868</i>
                        <i>1 0 0 0 1 0 0 0 1 1.48926 1.52507 -0.850868</i>
                        <i>1 0 0 0 1 0 0 0 1 1.48926 1.5261 -0.850868</i>
                        <i>1 0 0 0 1 0 0 0 1 1.48926 1.52711 -0.850868</i>
                        <i>1 0 0 0 1 0 0 0 1 1.48926 1.52807 -0.850868</i>
                        <i>1 0 0 0 1 0 0 0 1 1.48926 1.52893 -0.850868</i>
                        <i>1 0 0 0 1 0 0 0 1 1.48926 1.52967 -0.850868</i>
                        <i>1 0 0 0 1 0 0 0 1 1.48926 1.53024 -0.850868</i>
                        <i>1 0 0 0 1 0 0 0 1 1.48926 1.53062 -0.850868</i>
                        <i>1 0 0 0 1 0 0 0 1 1.48926 1.53075 -0.850868</i>
                        <i>1 0 0 0 1 0 0 0 1 1.48926 1.53075 -0.850868</i>
                        <i>1 0 0 0 1 0 0 0 1 1.48926 1.53075 -0.850868</i>
                        <i>1 0 0 0 1 0 0 0 1 1.48926 1.53075 -0.850868</i>
                        <i>1 0 0 0 1 0 0 0 1 1.48926 1.53075 -0.850868</i>
                        <i>1 0 0 0 1 0 0 0 1 1.48926 1.53075 -0.850868</i>
                        <i>1 0 0 0 1 0 0 0 1 1.48926 1.53075 -0.850868</i>
                        <i>1 0 0 0 1 0 0 0 1 1.48926 1.53075 -0.850868</i>
                        <i>1 0 0 0 1 0 0 0 1 1.48926 1.53075 -0.850868</i>
                        <i>1 0 0 0 1 0 0 0 1 1.48926 1.53075 -0.850868</i>
                        <i>1 0 0 0 1 0 0 0 1 1.48926 1.53075 -0.850868</i>
                        <i>1 0 0 0 1 0 0 0 1 1.48926 1.53075 -0.850868</i>
                        <i>1 0 0 0 1 0 0 0 1 1.48926 1.53075 -0.850868</i>
                        <i>1 0 0 0 1 0 0 0 1 1.48926 1.53075 -0.850868</i>
                        <i>1 0 0 0 1 0 0 0 1 1.48926 1.53075 -0.850868</i>
                        <i>1 0 0 0 1 0 0 0 1 1.48926 1.53075 -0.850868</i>
                        <i>1 0 0 0 1 0 0 0 1 1.48926 1.53075 -0.850868</i>
                        <i>1 0 0 0 1 0 0 0 1 1.48926 1.53075 -0.850868</i>
                        <i>1 0 0 0 1 0 0 0 1 1.48926 1.53075 -0.850868</i>
                        <i>1 0 0 0 1 0 0 0 1 1.48926 1.53075 -0.850868</i>
                        <i>1 0 0 0 1 0 0 0 1 1.48926 1.53075 -0.850868</i>
                        <i>1 0 0 0 1 0 0 0 1 1.48926 1.53075 -0.850868</i>
                        <i>1 0 0 0 1 0 0 0 1 1.48926 1.53075 -0.850868</i>
                        <i>1 0 0 0 1 0 0 0 1 1.48926 1.53075 -0.850868</i>
                        <i>1 0 0 0 1 0 0 0 1 1.48926 1.53075 -0.850868</i>
                        <i>1 0 0 0 1 0 0 0 1 1.48926 1.53075 -0.850868</i>
                        <i>1 0 0 0 1 0 0 0 1 1.48926 1.53075 -0.850868</i>
                        <i>1 0 0 0 1 0 0 0 1 1.48926 1.53075 -0.850868</i>
                        <i>1 0 0 0 1 0 0 0 1 1.48926 1.53075 -0.850868</i>
                        <i>1 0 0 0 1 0 0 0 1 1.48926 1.53075 -0.850868</i>
                        <i>1 0 0 0 1 0 0 0 1 1.48926 1.53075 -0.850868</i>
                    </KeyFrames>
                </p>
            </i>
            <i>
                <p>
                    <Name>
                        <![CDATA[spine0]]>
</Name>
                    <Exclude>0</Exclude>
                    <Additive>0</Additive>
                    <IKPriority>0</IKPriority>
                    <IKRotLimits>-1e+010 -1e+010 -1e+010 1e+010 1e+010 1e+010</IKRotLimits>
                    <IKRotLimitOrder>0</IKRotLimitOrder>
                    <KeyFrames count="120">
                        <i>-0.0968668 0.990349 0.0991244 -0.955056 -0.0644553 -0.289333 -0.280152 -0.122696 0.952082 1.49238 1.66623 -0.899149</i>
                        <i>-0.0959702 0.990801 0.0954056 -0.955044 -0.0646466 -0.289331 -0.280502 -0.118884 0.952463 1.49238 1.66077 -0.899149</i>
                        <i>-0.0949544 0.991296 0.0911965 -0.95503 -0.0648632 -0.289328 -0.280894 -0.114568 0.952876 1.49238 1.65474 -0.899149</i>
                        <i>-0.0938804 0.991797 0.0867499 -0.955015 -0.0650923 -0.289325 -0.281305 -0.110009 0.953292 1.49238 1.64986 -0.899149</i>
                        <i>-0.0928084 0.992275 0.0823161 -0.955001 -0.0653208 -0.289322 -0.28171 -0.105463 0.953686 1.49238 1.64785 -0.899149</i>
                        <i>-0.0917984 0.992707 0.0781425 -0.954987 -0.0655362 -0.289319 -0.282088 -0.101184 0.954038 1.49238 1.64976 -0.899149</i>
                        <i>-0.09091 0.99307 0.0744739 -0.954974 -0.0657256 -0.289316 -0.282417 -0.0974224 0.954332 1.49238 1.65432 -0.899149</i>
                        <i>-0.0902021 0.99335 0.0715533 -0.954965 -0.0658766 -0.289314 -0.282676 -0.0944276 0.954556 1.49238 1.65976 -0.899149</i>
                        <i>-0.089734 0.993529 0.0696229 -0.954958 -0.0659764 -0.289313 -0.282847 -0.0924481 0.954699 1.49238 1.66431 -0.899149</i>
                        <i>-0.0895648 0.993593 0.0689252 -0.954956 -0.0660125 -0.289312 -0.282909 -0.0917327 0.95475 1.49238 1.66623 -0.899149</i>
                        <i>-0.089768 0.993516 0.0697629 -0.954959 -0.0659691 -0.289313 -0.282835 -0.0925918 0.954689 1.49238 1.66572 -0.899149</i>
                        <i>-0.0903199 0.993304 0.072039 -0.954966 -0.0658514 -0.289315 -0.282633 -0.0949257 0.95452 1.49238 1.66433 -0.899149</i>
                        <i>-0.0911341 0.99298 0.075399 -0.954978 -0.0656778 -0.289317 -0.282334 -0.098371 0.954259 1.49238 1.66228 -0.899149</i>
                        <i>-0.0921243 0.99257 0.0794887 -0.954991 -0.0654667 -0.28932 -0.281966 -0.102564 0.953926 1.49238 1.65979 -0.899149</i>
                        <i>-0.0932039 0.992101 0.0839514 -0.955006 -0.0652365 -0.289323 -0.281561 -0.10714 0.953543 1.49238 1.65708 -0.899149</i>
                        <i>-0.0942856 0.99161 0.0884269 -0.955021 -0.0650059 -0.289326 -0.28115 -0.111729 0.953138 1.49238 1.65437 -0.899149</i>
                        <i>-0.0952814 0.991139 0.0925511 -0.955034 -0.0647935 -0.289329 -0.280768 -0.115957 0.952745 1.49238 1.65188 -0.899149</i>
                        <i>-0.0961029 0.990735 0.0959559 -0.955046 -0.0646183 -0.289331 -0.28045 -0.119448 0.952407 1.49238 1.64982 -0.899149</i>
                        <i>-0.0966611 0.990454 0.0982706 -0.955053 -0.0644992 -0.289333 -0.280232 -0.121821 0.952171 1.49238 1.64843 -0.899149</i>
                        <i>-0.0968668 0.990349 0.0991244 -0.955056 -0.0644553 -0.289333 -0.280152 -0.122696 0.952082 1.49238 1.64792 -0.899149</i>
                        <i>-0.0968668 0.990349 0.0991244 -0.955056 -0.0644553 -0.289333 -0.280152 -0.122696 0.952082 1.49238 1.64792 -0.899149</i>
                        <i>-0.0968668 0.990349 0.0991244 -0.955056 -0.0644553 -0.289333 -0.280152 -0.122696 0.952082 1.49238 1.64792 -0.899149</i>
                        <i>-0.0968668 0.990349 0.0991244 -0.955056 -0.0644553 -0.289333 -0.280152 -0.122696 0.952082 1.49238 1.64792 -0.899149</i>
                        <i>-0.0968668 0.990349 0.0991244 -0.955056 -0.0644553 -0.289333 -0.280152 -0.122696 0.952082 1.49238 1.64792 -0.899149</i>
                        <i>-0.0968668 0.990349 0.0991244 -0.955056 -0.0644553 -0.289333 -0.280152 -0.122696 0.952082 1.49238 1.64792 -0.899149</i>
                        <i>-0.0968668 0.990349 0.0991244 -0.955056 -0.0644553 -0.289333 -0.280152 -0.122696 0.952082 1.49238 1.64792 -0.899149</i>
                        <i>-0.0968668 0.990349 0.0991244 -0.955056 -0.0644553 -0.289333 -0.280152 -0.122696 0.952082 1.49238 1.64792 -0.899149</i>
                        <i>-0.0968668 0.990349 0.0991244 -0.955056 -0.0644553 -0.289333 -0.280152 -0.122696 0.952082 1.49238 1.64792 -0.899149</i>
                        <i>-0.0968668 0.990349 0.0991244 -0.955056 -0.0644553 -0.289333 -0.280152 -0.122696 0.952082 1.49238 1.64792 -0.899149</i>
                        <i>-0.0968668 0.990349 0.0991244 -0.955056 -0.0644553 -0.289333 -0.280152 -0.122696 0.952082 1.49238 1.64792 -0.899149</i>
                        <i>-0.0974824 0.990288 0.0991254 -0.955018 -0.0650497 -0.289325 -0.280068 -0.122871 0.952085 1.49238 1.64792 -0.899149</i>
                        <i>-0.0991526 0.990122 0.0991295 -0.954913 -0.0666621 -0.289303 -0.279838 -0.123345 0.952091 1.49238 1.64792 -0.899149</i>
                        <i>-0.101612 0.989872 0.0991389 -0.954755 -0.069036 -0.28927 -0.279496 -0.124047 0.9521 1.49238 1.64792 -0.899149</i>
                        <i>-0.104595 0.989559 0.0991557 -0.954556 -0.0719145 -0.289227 -0.279076 -0.124901 0.952111 1.49238 1.64792 -0.899149</i>
                        <i>-0.107837 0.989209 0.0991807 -0.95433 -0.0750412 -0.289177 -0.278614 -0.125835 0.952124 1.49238 1.64792 -0.899149</i>
                        <i>-0.111073 0.988848 0.0992127 -0.954095 -0.0781611 -0.289125 -0.278146 -0.126772 0.952136 1.49238 1.64792 -0.899149</i>
                        <i>-0.114041 0.988506 0.0992482 -0.953872 -0.0810213 -0.289075 -0.277711 -0.127636 0.952148 1.49238 1.64792 -0.899149</i>
                        <i>-0.11648 0.988218 0.0992819 -0.953682 -0.0833714 -0.289031 -0.277349 -0.12835 0.952157 1.49238 1.64792 -0.899149</i>
                        <i>-0.118132 0.98802 0.099307 -0.953551 -0.0849633 -0.289001 -0.277102 -0.128835 0.952164 1.49238 1.64792 -0.899149</i>
                        <i>-0.118741 0.987946 0.0993167 -0.953502 -0.0855491 -0.28899 -0.27701 -0.129014 0.952166 1.49238 1.64792 -0.899149</i>
                        <i>-0.117385 0.988138 0.0990112 -0.953604 -0.0843232 -0.289014 -0.277236 -0.128343 0.952191 1.49238 1.64957 -0.899149</i>
                        <i>-0.113776 0.988643 0.0981863 -0.953868 -0.0810644 -0.289074 -0.277831 -0.126546 0.952258 1.49238 1.65393 -0.899149</i>
                        <i>-0.108582 0.989344 0.0970019 -0.95423 -0.0763777 -0.289155 -0.278665 -0.123959 0.952355 1.49238 1.6601 -0.899149</i>
                        <i>-0.102485 0.99013 0.095597 -0.954628 -0.070884 -0.289242 -0.279611 -0.120903 0.95247 1.49238 1.66717 -0.899149</i>
                        <i>-0.096206 0.990909 0.0940454 -0.955004 -0.065261 -0.289323 -0.280555 -0.117648 0.952601 1.49238 1.67425 -0.899149</i>
                        <i>-0.0905192 0.991605 0.0923327 -0.955314 -0.0602603 -0.289386 -0.281393 -0.114402 0.952749 1.49238 1.68042 -0.899149</i>
                        <i>-0.0862531 0.992167 0.0903589 -0.955519 -0.0567084 -0.289427 -0.282036 -0.111304 0.952926 1.49238 1.6848 -0.899149</i>
                        <i>-0.0842887 0.99255 0.0879751 -0.955586 -0.055495 -0.28944 -0.282401 -0.108464 0.953145 1.49238 1.68648 -0.899149</i>
                        <i>-0.0834547 0.99294 0.0842903 -0.955572 -0.0557438 -0.289437 -0.282695 -0.1047 0.953479 1.49238 1.68563 -0.899149</i>
                        <i>-0.0821458 0.993452 0.0794077 -0.955565 -0.0558781 -0.289436 -0.283103 -0.0996551 0.953898 1.49238 1.68327 -0.899149</i>
                        <i>-0.0806739 0.993945 0.0745955 -0.955567 -0.0558368 -0.289436 -0.283519 -0.0946309 0.954286 1.49238 1.67971 -0.899149</i>
                        <i>-0.0794414 0.99431 0.0709738 -0.955576 -0.0556866 -0.289438 -0.283838 -0.0908142 0.954562 1.49238 1.67529 -0.899149</i>
                        <i>-0.0789227 0.994452 0.0695465 -0.955581 -0.055596 -0.289439 -0.283966 -0.0893006 0.954667 1.49238 1.67034 -0.899149</i>
                        <i>-0.0792476 0.994358 0.0705076 -0.955579 -0.0556336 -0.289438 -0.283883 -0.0903128 0.954596 1.49238 1.66518 -0.899149</i>
                        <i>-0.0800711 0.994111 0.0730189 -0.955574 -0.0557076 -0.289438 -0.283665 -0.0929506 0.954408 1.49238 1.66015 -0.899149</i>
                        <i>-0.081163 0.993758 0.0765289 -0.955572 -0.0557548 -0.289437 -0.283364 -0.0966205 0.954133 1.49238 1.65558 -0.899149</i>
                        <i>-0.0823064 0.993354 0.0804523 -0.955573 -0.0557343 -0.289437 -0.28303 -0.100701 0.95381 1.49238 1.65179 -0.899149</i>
                        <i>-0.0833121 0.992965 0.084143 -0.955578 -0.0556485 -0.289438 -0.282719 -0.104519 0.953491 1.49238 1.64912 -0.899149</i>
                        <i>-0.0840204 0.992668 0.0868957 -0.955583 -0.0555447 -0.289439 -0.28249 -0.107355 0.953244 1.49238 1.6479 -0.899149</i>
                        <i>-0.0842887 0.99255 0.0879751 -0.955586 -0.055495 -0.28944 -0.282401 -0.108464 0.953145 1.49238 1.64845 -0.899149</i>
                        <i>-0.086665 0.992242 0.0891395 -0.960496 -0.0594687 -0.271867 -0.264456 -0.109179 0.958198 1.4915 1.65596 -0.899182</i>
                        <i>-0.0922434 0.991422 0.0925985 -0.970838 -0.068881 -0.229629 -0.22128 -0.11108 0.968863 1.48938 1.67169 -0.899194</i>
                        <i>-0.0986153 0.990291 0.0979705 -0.980647 -0.0799753 -0.178706 -0.169136 -0.113698 0.979013 1.48685 1.69011 -0.899088</i>
                        <i>-0.10359 0.989222 0.103487 -0.98673 -0.0891306 -0.135722 -0.125035 -0.116173 0.985327 1.48474 1.70569 -0.898897</i>
                        <i>-0.105551 0.988741 0.106067 -0.9887 -0.0929271 -0.117634 -0.106453 -0.117284 0.987376 1.48386 1.7129 -0.89879</i>
                        <i>-0.105551 0.988741 0.106067 -0.9887 -0.0929271 -0.117634 -0.106453 -0.117284 0.987376 1.48386 1.70848 -0.89879</i>
                        <i>-0.105551 0.988741 0.106067 -0.9887 -0.0929271 -0.117634 -0.106453 -0.117284 0.987376 1.48386 1.69614 -0.89879</i>
                        <i>-0.105551 0.988741 0.106067 -0.9887 -0.0929271 -0.117634 -0.106453 -0.117284 0.987376 1.48386 1.68074 -0.89879</i>
                        <i>-0.105551 0.988741 0.106067 -0.9887 -0.0929271 -0.117634 -0.106453 -0.117284 0.987376 1.48386 1.66718 -0.89879</i>
                        <i>-0.105551 0.988741 0.106067 -0.9887 -0.0929271 -0.117634 -0.106453 -0.117284 0.987376 1.48386 1.66033 -0.89879</i>
                        <i>-0.105551 0.988741 0.106067 -0.9887 -0.0929271 -0.117634 -0.106453 -0.117284 0.987376 1.48386 1.65869 -0.89879</i>
                        <i>-0.105551 0.988741 0.106067 -0.9887 -0.0929271 -0.117634 -0.106453 -0.117284 0.987376 1.48386 1.65747 -0.89879</i>
                        <i>-0.105551 0.988741 0.106067 -0.9887 -0.0929271 -0.117634 -0.106453 -0.117284 0.987376 1.48386 1.65665 -0.89879</i>
                        <i>-0.105551 0.988741 0.106067 -0.9887 -0.0929271 -0.117634 -0.106453 -0.117284 0.987376 1.48386 1.65617 -0.89879</i>
                        <i>-0.105551 0.988741 0.106067 -0.9887 -0.0929271 -0.117634 -0.106453 -0.117284 0.987376 1.48386 1.65601 -0.89879</i>
                        <i>-0.105551 0.988741 0.106067 -0.9887 -0.0929271 -0.117634 -0.106453 -0.117284 0.987376 1.48386 1.65613 -0.89879</i>
                        <i>-0.105551 0.988741 0.106067 -0.9887 -0.0929271 -0.117634 -0.106453 -0.117284 0.987376 1.48386 1.65649 -0.89879</i>
                        <i>-0.105551 0.988741 0.106067 -0.9887 -0.0929271 -0.117634 -0.106453 -0.117284 0.987376 1.48386 1.65705 -0.89879</i>
                        <i>-0.105551 0.988741 0.106067 -0.9887 -0.0929271 -0.117634 -0.106453 -0.117284 0.987376 1.48386 1.65778 -0.89879</i>
                        <i>-0.105551 0.988741 0.106067 -0.9887 -0.0929271 -0.117634 -0.106453 -0.117284 0.987376 1.48386 1.65864 -0.89879</i>
                        <i>-0.105551 0.988741 0.106067 -0.9887 -0.0929271 -0.117634 -0.106453 -0.117284 0.987376 1.48386 1.6596 -0.89879</i>
                        <i>-0.105551 0.988741 0.106067 -0.9887 -0.0929271 -0.117634 -0.106453 -0.117284 0.987376 1.48386 1.66061 -0.89879</i>
                        <i>-0.105551 0.988741 0.106067 -0.9887 -0.0929271 -0.117634 -0.106453 -0.117284 0.987376 1.48386 1.66164 -0.89879</i>
                        <i>-0.105551 0.988741 0.106067 -0.9887 -0.0929271 -0.117634 -0.106453 -0.117284 0.987376 1.48386 1.66265 -0.89879</i>
                        <i>-0.105551 0.988741 0.106067 -0.9887 -0.0929271 -0.117634 -0.106453 -0.117284 0.987376 1.48386 1.66361 -0.89879</i>
                        <i>-0.105551 0.988741 0.106067 -0.9887 -0.0929271 -0.117634 -0.106453 -0.117284 0.987376 1.48386 1.66447 -0.89879</i>
                        <i>-0.105551 0.988741 0.106067 -0.9887 -0.0929271 -0.117634 -0.106453 -0.117284 0.987376 1.48386 1.66521 -0.89879</i>
                        <i>-0.105551 0.988741 0.106067 -0.9887 -0.0929271 -0.117634 -0.106453 -0.117284 0.987376 1.48386 1.66578 -0.89879</i>
                        <i>-0.105551 0.988741 0.106067 -0.9887 -0.0929271 -0.117634 -0.106453 -0.117284 0.987376 1.48386 1.66615 -0.89879</i>
                        <i>-0.105551 0.988741 0.106067 -0.9887 -0.0929271 -0.117634 -0.106453 -0.117284 0.987376 1.48386 1.66628 -0.89879</i>
                        <i>-0.105446 0.988767 0.105933 -0.988466 -0.0925741 -0.119851 -0.108698 -0.117349 0.987124 1.48397 1.66628 -0.898804</i>
                        <i>-0.105152 0.988838 0.105563 -0.987783 -0.0915792 -0.126087 -0.115013 -0.117531 0.986387 1.48427 1.66628 -0.898842</i>
                        <i>-0.104691 0.988945 0.105008 -0.986648 -0.0900373 -0.135717 -0.124762 -0.117815 0.985167 1.48474 1.66628 -0.898897</i>
                        <i>-0.10409 0.989081 0.104327 -0.985044 -0.0880425 -0.148113 -0.13731 -0.118183 0.983452 1.48535 1.66628 -0.898961</i>
                        <i>-0.103374 0.989235 0.103573 -0.982957 -0.0856894 -0.162644 -0.152018 -0.118621 0.981234 1.48606 1.66627 -0.899027</i>
                        <i>-0.102572 0.989399 0.102798 -0.980394 -0.0830738 -0.17868 -0.168247 -0.119111 0.978522 1.48685 1.66627 -0.899088</i>
                        <i>-0.101715 0.989566 0.102047 -0.977392 -0.0802933 -0.195595 -0.18536 -0.119635 0.975361 1.48769 1.66626 -0.899137</i>
                        <i>-0.100835 0.989727 0.101354 -0.97403 -0.0774478 -0.212763 -0.202727 -0.120176 0.971833 1.48854 1.66625 -0.899173</i>
                        <i>-0.0999675 0.989877 0.100744 -0.970426 -0.0746392 -0.229568 -0.219725 -0.120714 0.968065 1.48938 1.66625 -0.899194</i>
                        <i>-0.0991461 0.990012 0.10023 -0.966746 -0.0719713 -0.245402 -0.235737 -0.121228 0.964226 1.49017 1.66624 -0.8992</i>
                        <i>-0.0984049 0.990128 0.0998198 -0.963191 -0.0695494 -0.259667 -0.250161 -0.121698 0.960525 1.49089 1.66624 -0.899195</i>
                        <i>-0.0977761 0.990221 0.0995101 -0.959993 -0.0674801 -0.271773 -0.262401 -0.122102 0.957203 1.4915 1.66623 -0.899182</i>
                        <i>-0.0972906 0.99029 0.099295 -0.957404 -0.0658702 -0.28114 -0.271869 -0.122418 0.954516 1.49197 1.66623 -0.899166</i>
                        <i>-0.0969777 0.990334 0.0991674 -0.955678 -0.0648266 -0.287187 -0.277982 -0.122623 0.952727 1.49228 1.66623 -0.899154</i>
                        <i>-0.0968668 0.990349 0.0991244 -0.955056 -0.0644553 -0.289333 -0.280152 -0.122696 0.952082 1.49238 1.66623 -0.899149</i>
                        <i>-0.0968668 0.990349 0.0991244 -0.955056 -0.0644553 -0.289333 -0.280152 -0.122696 0.952082 1.49238 1.66623 -0.899149</i>
                        <i>-0.0968668 0.990349 0.0991244 -0.955056 -0.0644553 -0.289333 -0.280152 -0.122696 0.952082 1.49238 1.66623 -0.899149</i>
                        <i>-0.0968668 0.990349 0.0991244 -0.955056 -0.0644553 -0.289333 -0.280152 -0.122696 0.952082 1.49238 1.66623 -0.899149</i>
                        <i>-0.0968668 0.990349 0.0991244 -0.955056 -0.0644553 -0.289333 -0.280152 -0.122696 0.952082 1.49238 1.66623 -0.899149</i>
                        <i>-0.0968668 0.990349 0.0991244 -0.955056 -0.0644553 -0.289333 -0.280152 -0.122696 0.952082 1.49238 1.66623 -0.899149</i>
                        <i>-0.0968668 0.990349 0.0991244 -0.955056 -0.0644553 -0.289333 -0.280152 -0.122696 0.952082 1.49238 1.66623 -0.899149</i>
                        <i>-0.0968668 0.990349 0.0991244 -0.955056 -0.0644553 -0.289333 -0.280152 -0.122696 0.952082 1.49238 1.66623 -0.899149</i>
                        <i>-0.0968668 0.990349 0.0991244 -0.955056 -0.0644553 -0.289333 -0.280152 -0.122696 0.952082 1.49238 1.66623 -0.899149</i>
                        <i>-0.0968668 0.990349 0.0991244 -0.955056 -0.0644553 -0.289333 -0.280152 -0.122696 0.952082 1.49238 1.66623 -0.899149</i>
                        <i>-0.0968668 0.990349 0.0991244 -0.955056 -0.0644553 -0.289333 -0.280152 -0.122696 0.952082 1.49238 1.66623 -0.899149</i>
                        <i>-0.0968668 0.990349 0.0991244 -0.955056 -0.0644553 -0.289333 -0.280152 -0.122696 0.952082 1.49238 1.66623 -0.899149</i>
                        <i>-0.0968668 0.990349 0.0991244 -0.955056 -0.0644553 -0.289333 -0.280152 -0.122696 0.952082 1.49238 1.66623 -0.899149</i>
                        <i>-0.0968668 0.990349 0.0991244 -0.955056 -0.0644553 -0.289333 -0.280152 -0.122696 0.952082 1.49238 1.66623 -0.899149</i>
                        <i>-0.0968668 0.990349 0.0991244 -0.955056 -0.0644553 -0.289333 -0.280152 -0.122696 0.952082 1.49238 1.66623 -0.899149</i>
                        <i>-0.0968668 0.990349 0.0991244 -0.955056 -0.0644553 -0.289333 -0.280152 -0.122696 0.952082 1.49238 1.66623 -0.899149</i>
                    </KeyFrames>
                </p>
            </i>
            <i>
                <p>
                    <Name>
                        <![CDATA[spine1]]>
</Name>
                    <Exclude>0</Exclude>
                    <Additive>0</Additive>
                    <IKPriority>0</IKPriority>
                    <IKRotLimits>-1e+010 -1e+010 -1e+010 1e+010 1e+010 1e+010</IKRotLimits>
                    <IKRotLimitOrder>0</IKRotLimitOrder>
                    <KeyFrames count="120">
                        <i>-0.1334 0.869786 0.475054 -0.986074 -0.0684537 -0.151566 -0.099311 -0.488657 0.866805 1.47517 1.84234 -0.881559</i>
                        <i>-0.131746 0.874125 0.467491 -0.986149 -0.0676371 -0.151443 -0.10076 -0.480968 0.870929 1.47534 1.83685 -0.88223</i>
                        <i>-0.129855 0.878966 0.458865 -0.986233 -0.066712 -0.151307 -0.102382 -0.472196 0.875528 1.47553 1.83078 -0.882989</i>
                        <i>-0.127834 0.883997 0.449675 -0.98632 -0.0657335 -0.151168 -0.104074 -0.462848 0.880307 1.47574 1.82585 -0.88379</i>
                        <i>-0.125795 0.888928 0.440434 -0.986405 -0.0647567 -0.151034 -0.105738 -0.453446 0.88499 1.47594 1.8238 -0.884587</i>
                        <i>-0.123855 0.89349 0.431665 -0.986484 -0.0638362 -0.150913 -0.107283 -0.444522 0.88932 1.47613 1.82566 -0.885336</i>
                        <i>-0.122133 0.897435 0.423903 -0.986552 -0.0630261 -0.150809 -0.108624 -0.436621 0.893064 1.4763 1.83017 -0.885994</i>
                        <i>-0.12075 0.900532 0.417687 -0.986605 -0.0623806 -0.150728 -0.10968 -0.430292 0.896001 1.47643 1.83557 -0.886517</i>
                        <i>-0.119831 0.902556 0.41356 -0.98664 -0.0619537 -0.150676 -0.110372 -0.426091 0.897922 1.47652 1.84011 -0.886862</i>
                        <i>-0.119498 0.903284 0.412066 -0.986652 -0.0617993 -0.150658 -0.110621 -0.424569 0.898612 1.47655 1.84201 -0.886987</i>
                        <i>-0.119898 0.90241 0.41386 -0.986637 -0.0619847 -0.15068 -0.110322 -0.426396 0.897783 1.47651 1.84151 -0.886837</i>
                        <i>-0.120981 0.900019 0.418723 -0.986596 -0.062488 -0.150742 -0.109505 -0.431347 0.895516 1.47641 1.84015 -0.88643</i>
                        <i>-0.122568 0.896446 0.425865 -0.986535 -0.0632305 -0.150835 -0.108288 -0.438619 0.892125 1.47625 1.83815 -0.885828</i>
                        <i>-0.124483 0.892027 0.434501 -0.986459 -0.0641332 -0.150951 -0.106787 -0.447408 0.887932 1.47607 1.8357 -0.885095</i>
                        <i>-0.12655 0.88712 0.443851 -0.986374 -0.0651171 -0.151083 -0.105127 -0.456923 0.883272 1.47586 1.83304 -0.884293</i>
                        <i>-0.128599 0.88211 0.45315 -0.986287 -0.0661027 -0.15122 -0.103438 -0.466383 0.878514 1.47566 1.83038 -0.883488</i>
                        <i>-0.130466 0.877416 0.461649 -0.986206 -0.0670098 -0.15135 -0.101862 -0.475027 0.874056 1.47547 1.82793 -0.882745</i>
                        <i>-0.131992 0.873487 0.468614 -0.986138 -0.067758 -0.151461 -0.100547 -0.48211 0.870322 1.47531 1.82591 -0.882131</i>
                        <i>-0.133022 0.870788 0.473323 -0.986091 -0.0682663 -0.151538 -0.099645 -0.486897 0.867757 1.47521 1.82454 -0.881713</i>
                        <i>-0.1334 0.869786 0.475054 -0.986074 -0.0684537 -0.151566 -0.099311 -0.488657 0.866805 1.47517 1.82403 -0.881559</i>
                        <i>-0.1334 0.869786 0.475054 -0.986074 -0.0684537 -0.151566 -0.099311 -0.488657 0.866805 1.47517 1.82403 -0.881559</i>
                        <i>-0.1334 0.869786 0.475054 -0.986074 -0.0684537 -0.151566 -0.099311 -0.488657 0.866805 1.47517 1.82403 -0.881559</i>
                        <i>-0.1334 0.869786 0.475054 -0.986074 -0.0684537 -0.151566 -0.099311 -0.488657 0.866805 1.47517 1.82403 -0.881559</i>
                        <i>-0.1334 0.869786 0.475054 -0.986074 -0.0684537 -0.151566 -0.099311 -0.488657 0.866805 1.47517 1.82403 -0.881559</i>
                        <i>-0.1334 0.869786 0.475054 -0.986074 -0.0684537 -0.151566 -0.099311 -0.488657 0.866805 1.47517 1.82403 -0.881559</i>
                        <i>-0.1334 0.869786 0.475054 -0.986074 -0.0684537 -0.151566 -0.099311 -0.488657 0.866805 1.47517 1.82403 -0.881559</i>
                        <i>-0.1334 0.869786 0.475054 -0.986074 -0.0684537 -0.151566 -0.099311 -0.488657 0.866805 1.47517 1.82403 -0.881559</i>
                        <i>-0.1334 0.869786 0.475054 -0.986074 -0.0684537 -0.151566 -0.099311 -0.488657 0.866805 1.47517 1.82403 -0.881559</i>
                        <i>-0.1334 0.869786 0.475054 -0.986074 -0.0684537 -0.151566 -0.099311 -0.488657 0.866805 1.47517 1.82403 -0.881559</i>
                        <i>-0.1334 0.869786 0.475054 -0.986074 -0.0684537 -0.151566 -0.099311 -0.488657 0.866805 1.47517 1.82403 -0.881559</i>
                        <i>-0.133633 0.869749 0.475057 -0.986081 -0.0688424 -0.151344 -0.0989271 -0.488669 0.866843 1.47506 1.82402 -0.881559</i>
