<?xml version="1.0" encoding="ISO-8859-1" ?>
<Animl Version="1">
    <ModellingPackage>
        <![CDATA[Maya.2010]]>
</ModellingPackage>
    <SrcFile>
        <![CDATA[anims\turrets\machinegun\blue\~src\mgun_m60\mgun_m60_aim_high_crewman_c.mb]]>
</SrcFile>
    <FramesPerSecond>30</FramesPerSecond>
    <TotalFrames>30</TotalFrames>
    <Skeleton>
        <RefFrame>
            <Name>
                <![CDATA[soldier_ref_frame]]>
</Name>
            <Exclude>0</Exclude>
            <Additive>0</Additive>
            <IKPriority>0</IKPriority>
            <IKRotLimits>-1e+010 -1e+010 -1e+010 1e+010 1e+010 1e+010</IKRotLimits>
            <IKRotLimitOrder>0</IKRotLimitOrder>
            <KeyFrames count="30">
                <i>1 0 0 0 1 0 0 0 1 -1.51 0.91 -0.74</i>
                <i>1 0 0 0 1 0 0 0 1 -1.51 0.91 -0.74</i>
                <i>1 0 0 0 1 0 0 0 1 -1.51 0.91 -0.74</i>
                <i>1 0 0 0 1 0 0 0 1 -1.51 0.91 -0.74</i>
                <i>1 0 0 0 1 0 0 0 1 -1.51 0.91 -0.74</i>
                <i>1 0 0 0 1 0 0 0 1 -1.51 0.91 -0.74</i>
                <i>1 0 0 0 1 0 0 0 1 -1.51 0.91 -0.74</i>
                <i>1 0 0 0 1 0 0 0 1 -1.51 0.91 -0.74</i>
                <i>1 0 0 0 1 0 0 0 1 -1.51 0.91 -0.74</i>
                <i>1 0 0 0 1 0 0 0 1 -1.51 0.91 -0.74</i>
                <i>1 0 0 0 1 0 0 0 1 -1.51 0.91 -0.74</i>
                <i>1 0 0 0 1 0 0 0 1 -1.51 0.91 -0.74</i>
                <i>1 0 0 0 1 0 0 0 1 -1.51 0.91 -0.74</i>
                <i>1 0 0 0 1 0 0 0 1 -1.51 0.91 -0.74</i>
                <i>1 0 0 0 1 0 0 0 1 -1.51 0.91 -0.74</i>
                <i>1 0 0 0 1 0 0 0 1 -1.51 0.91 -0.74</i>
                <i>1 0 0 0 1 0 0 0 1 -1.51 0.91 -0.74</i>
                <i>1 0 0 0 1 0 0 0 1 -1.51 0.91 -0.74</i>
                <i>1 0 0 0 1 0 0 0 1 -1.51 0.91 -0.74</i>
                <i>1 0 0 0 1 0 0 0 1 -1.51 0.91 -0.74</i>
                <i>1 0 0 0 1 0 0 0 1 -1.51 0.91 -0.74</i>
                <i>1 0 0 0 1 0 0 0 1 -1.51 0.91 -0.74</i>
                <i>1 0 0 0 1 0 0 0 1 -1.51 0.91 -0.74</i>
                <i>1 0 0 0 1 0 0 0 1 -1.51 0.91 -0.74</i>
                <i>1 0 0 0 1 0 0 0 1 -1.51 0.91 -0.74</i>
                <i>1 0 0 0 1 0 0 0 1 -1.51 0.91 -0.74</i>
                <i>1 0 0 0 1 0 0 0 1 -1.51 0.91 -0.74</i>
                <i>1 0 0 0 1 0 0 0 1 -1.51 0.91 -0.74</i>
                <i>1 0 0 0 1 0 0 0 1 -1.51 0.91 -0.74</i>
                <i>1 0 0 0 1 0 0 0 1 -1.51 0.91 -0.74</i>
            </KeyFrames>
        </RefFrame>
        <Bones count="23">
            <i>
                <p>
                    <Name>
                        <![CDATA[pelvis]]>
</Name>
                    <Exclude>0</Exclude>
                    <Additive>0</Additive>
                    <IKPriority>0</IKPriority>
                    <IKRotLimits>-1e+010 -1e+010 -1e+010 1e+010 1e+010 1e+010</IKRotLimits>
                    <IKRotLimitOrder>2</IKRotLimitOrder>
                    <KeyFrames count="30">
                        <i>1 0 0 0 1 0 0 0 1 -1.49595 1.72837 -0.838397</i>
                        <i>1 0 0 0 1 0 0 0 1 -1.49595 1.72816 -0.838397</i>
                        <i>1 0 0 0 1 0 0 0 1 -1.49595 1.72754 -0.838397</i>
                        <i>1 0 0 0 1 0 0 0 1 -1.49595 1.72657 -0.838397</i>
                        <i>1 0 0 0 1 0 0 0 1 -1.49595 1.72533 -0.838397</i>
                        <i>1 0 0 0 1 0 0 0 1 -1.49595 1.72388 -0.838397</i>
                        <i>1 0 0 0 1 0 0 0 1 -1.49595 1.7223 -0.838397</i>
                        <i>1 0 0 0 1 0 0 0 1 -1.49595 1.72064 -0.838397</i>
                        <i>1 0 0 0 1 0 0 0 1 -1.49595 1.71898 -0.838397</i>
                        <i>1 0 0 0 1 0 0 0 1 -1.49595 1.71739 -0.838397</i>
                        <i>1 0 0 0 1 0 0 0 1 -1.49595 1.71594 -0.838397</i>
                        <i>1 0 0 0 1 0 0 0 1 -1.49595 1.71469 -0.838397</i>
                        <i>1 0 0 0 1 0 0 0 1 -1.49595 1.71371 -0.838397</i>
                        <i>1 0 0 0 1 0 0 0 1 -1.49595 1.71308 -0.838397</i>
                        <i>1 0 0 0 1 0 0 0 1 -1.49595 1.71285 -0.838397</i>
                        <i>1 0 0 0 1 0 0 0 1 -1.49595 1.71304 -0.838397</i>
                        <i>1 0 0 0 1 0 0 0 1 -1.49595 1.71358 -0.838397</i>
                        <i>1 0 0 0 1 0 0 0 1 -1.49595 1.71442 -0.838397</i>
                        <i>1 0 0 0 1 0 0 0 1 -1.49595 1.7155 -0.838397</i>
                        <i>1 0 0 0 1 0 0 0 1 -1.49595 1.71677 -0.838397</i>
                        <i>1 0 0 0 1 0 0 0 1 -1.49595 1.71818 -0.838397</i>
                        <i>1 0 0 0 1 0 0 0 1 -1.49595 1.71967 -0.838397</i>
                        <i>1 0 0 0 1 0 0 0 1 -1.49595 1.7212 -0.838397</i>
                        <i>1 0 0 0 1 0 0 0 1 -1.49595 1.7227 -0.838397</i>
                        <i>1 0 0 0 1 0 0 0 1 -1.49595 1.72414 -0.838397</i>
                        <i>1 0 0 0 1 0 0 0 1 -1.49595 1.72545 -0.838397</i>
                        <i>1 0 0 0 1 0 0 0 1 -1.49595 1.72658 -0.838397</i>
                        <i>1 0 0 0 1 0 0 0 1 -1.49595 1.72748 -0.838397</i>
                        <i>1 0 0 0 1 0 0 0 1 -1.49595 1.72809 -0.838397</i>
                        <i>1 0 0 0 1 0 0 0 1 -1.49595 1.72837 -0.838397</i>
                    </KeyFrames>
                </p>
            </i>
            <i>
                <p>
                    <Name>
                        <![CDATA[spine0]]>
</Name>
                    <Exclude>0</Exclude>
                    <Additive>0</Additive>
                    <IKPriority>0</IKPriority>
                    <IKRotLimits>-1e+010 -1e+010 -1e+010 1e+010 1e+010 1e+010</IKRotLimits>
                    <IKRotLimitOrder>0</IKRotLimitOrder>
                    <KeyFrames count="30">
                        <i>0.0434342 0.981897 0.18437 -0.989588 0.0169363 0.142931 0.137221 -0.188659 0.972409 -1.5031 1.87108 -0.855153</i>
                        <i>0.0430411 0.982431 0.181597 -0.989588 0.0169349 0.14293 0.137344 -0.185858 0.97293 -1.5031 1.87087 -0.855153</i>
                        <i>0.0426539 0.98293 0.178964 -0.989589 0.0169197 0.142927 0.137459 -0.183198 0.973419 -1.5031 1.87024 -0.855153</i>
                        <i>0.0422826 0.983389 0.176518 -0.98959 0.0168949 0.142922 0.137565 -0.180723 0.973866 -1.5031 1.86927 -0.855153</i>
                        <i>0.0419379 0.983799 0.174301 -0.989591 0.0168644 0.142915 0.13766 -0.17848 0.974266 -1.5031 1.86803 -0.855153</i>
                        <i>0.0416303 0.984154 0.172359 -0.989593 0.0168323 0.142908 0.137742 -0.176514 0.974613 -1.5031 1.86659 -0.855153</i>
                        <i>0.0413704 0.984447 0.170739 -0.989594 0.0168024 0.142902 0.13781 -0.174874 0.974899 -1.5031 1.865 -0.855153</i>
                        <i>0.0411689 0.984672 0.169487 -0.989595 0.0167787 0.142897 0.137863 -0.173606 0.975118 -1.5031 1.86334 -0.855153</i>
                        <i>0.0410365 0.984821 0.16865 -0.989596 0.016765 0.142894 0.137897 -0.172759 0.975263 -1.5031 1.86169 -0.855153</i>
                        <i>0.0409836 0.984888 0.168275 -0.989596 0.0167651 0.142894 0.137913 -0.17238 0.975328 -1.5031 1.8601 -0.855153</i>
                        <i>0.0410136 0.98487 0.168374 -0.989595 0.0167806 0.142897 0.137909 -0.172483 0.975311 -1.5031 1.85864 -0.855153</i>
                        <i>0.0411324 0.984736 0.169123 -0.989595 0.0167931 0.1429 0.137878 -0.173242 0.97518 -1.5031 1.85739 -0.855153</i>
                        <i>0.0413404 0.984468 0.170627 -0.989595 0.0167887 0.142899 0.137815 -0.174759 0.974919 -1.5031 1.85642 -0.855153</i>
                        <i>0.0416179 0.984091 0.172722 -0.989596 0.0167707 0.142895 0.137725 -0.176872 0.97455 -1.5031 1.85578 -0.855153</i>
                        <i>0.0419453 0.983631 0.175246 -0.989597 0.0167424 0.142889 0.137616 -0.179416 0.9741 -1.5031 1.85555 -0.855153</i>
                        <i>0.0423031 0.983114 0.178036 -0.989599 0.0167072 0.142881 0.137494 -0.182229 0.973595 -1.5031 1.85574 -0.855153</i>
                        <i>0.042672 0.98257 0.180929 -0.989601 0.016669 0.142873 0.137367 -0.185144 0.973063 -1.5031 1.85628 -0.855153</i>
                        <i>0.0430326 0.98203 0.183755 -0.989602 0.0166319 0.142865 0.137241 -0.187992 0.972535 -1.5031 1.85712 -0.855153</i>
                        <i>0.0433657 0.981527 0.186344 -0.989604 0.0166007 0.142858 0.137126 -0.190602 0.972043 -1.5031 1.8582 -0.855153</i>
                        <i>0.0436522 0.981098 0.188525 -0.989605 0.0165802 0.142854 0.137028 -0.192802 0.971623 -1.5031 1.85947 -0.855153</i>
                        <i>0.0438731 0.980779 0.190125 -0.989605 0.0165757 0.142853 0.136956 -0.194416 0.971311 -1.5031 1.86088 -0.855153</i>
                        <i>0.0440318 0.980587 0.191075 -0.989604 0.0165997 0.142858 0.136913 -0.195379 0.971124 -1.5031 1.86237 -0.855153</i>
                        <i>0.0441528 0.980479 0.191605 -0.989602 0.0166445 0.142868 0.136889 -0.19592 0.971018 -1.5031 1.8639 -0.855153</i>
                        <i>0.0442428 0.980417 0.191901 -0.9896 0.0166912 0.142878 0.136877 -0.196226 0.970958 -1.5031 1.86541 -0.855153</i>
                        <i>0.0442895 0.980418 0.191885 -0.989597 0.0167386 0.142888 0.136878 -0.196217 0.97096 -1.5031 1.86684 -0.855153</i>
                        <i>0.0442804 0.980498 0.191477 -0.989595 0.0167853 0.142898 0.136897 -0.195813 0.971039 -1.5031 1.86815 -0.855153</i>
                        <i>0.0442031 0.980672 0.1906 -0.989593 0.0168301 0.142908 0.136938 -0.194934 0.97121 -1.5031 1.86928 -0.855153</i>
                        <i>0.0440449 0.980955 0.189176 -0.989591 0.0168714 0.142917 0.137003 -0.193502 0.971487 -1.5031 1.87018 -0.855153</i>
                        <i>0.043793 0.981359 0.187125 -0.989589 0.0169075 0.142924 0.137096 -0.191436 0.971883 -1.5031 1.8708 -0.855153</i>
                        <i>0.0434342 0.981897 0.18437 -0.989588 0.0169363 0.142931 0.137221 -0.188659 0.972409 -1.5031 1.87108 -0.855153</i>
                    </KeyFrames>
                </p>
            </i>
            <i>
                <p>
                    <Name>
                        <![CDATA[spine1]]>
</Name>
                    <Exclude>0</Exclude>
                    <Additive>0</Additive>
                    <IKPriority>0</IKPriority>
                    <IKRotLimits>-1e+010 -1e+010 -1e+010 1e+010 1e+010 1e+010</IKRotLimits>
                    <IKRotLimitOrder>0</IKRotLimitOrder>
                    <KeyFrames count="30">
                        <i>0.131458 0.887647 0.441363 -0.987456 0.0779695 0.1373 0.0874612 -0.453876 0.886762 -1.4955 2.04302 -0.822889</i>
                        <i>0.130464 0.890342 0.4362 -0.987505 0.0774694 0.137229 0.0883886 -0.448653 0.889325 -1.49556 2.04301 -0.823355</i>
                        <i>0.129467 0.892978 0.431077 -0.987556 0.0769744 0.137143 0.0892836 -0.443468 0.891832 -1.49563 2.04257 -0.8238</i>
                        <i>0.128498 0.895483 0.426144 -0.987606 0.0764987 0.137048 0.0901251 -0.438473 0.894214 -1.49569 2.04176 -0.824215</i>
                        <i>0.12759 0.897786 0.421546 -0.987653 0.0760566 0.136953 0.090893 -0.433815 0.896405 -1.49575 2.04066 -0.824593</i>
                        <i>0.126773 0.899821 0.417433 -0.987696 0.0756621 0.136863 0.0915679 -0.429648 0.898342 -1.4958 2.03933 -0.824925</i>
                        <i>0.12608 0.901524 0.413954 -0.987733 0.0753292 0.136784 0.0921311 -0.426121 0.899963 -1.49584 2.03783 -0.825202</i>
                        <i>0.125542 0.902833 0.411257 -0.987761 0.0750719 0.136723 0.0925643 -0.423388 0.901207 -1.49588 2.03625 -0.825416</i>
                        <i>0.125192 0.903684 0.409491 -0.987778 0.0749042 0.136687 0.0928494 -0.421598 0.902016 -1.4959 2.03464 -0.825559</i>
                        <i>0.12506 0.904012 0.408805 -0.987784 0.07484 0.136682 0.0929675 -0.420905 0.902328 -1.49591 2.03308 -0.825623</i>
                        <i>0.125158 0.903799 0.409246 -0.987777 0.0748838 0.136711 0.0929135 -0.421354 0.902124 -1.4959 2.03163 -0.825604</i>
                        <i>0.125473 0.903037 0.41083 -0.987761 0.0750343 0.136743 0.092658 -0.422959 0.901399 -1.49588 2.03034 -0.825476</i>
                        <i>0.125985 0.901737 0.413518 -0.98774 0.0752861 0.136758 0.0921875 -0.425678 0.900167 -1.49585 2.02925 -0.825222</i>
                        <i>0.126651 0.900008 0.417068 -0.987714 0.0756179 0.13676 0.0915471 -0.429265 0.898527 -1.4958 2.02846 -0.82487</i>
                        <i>0.127428 0.897954 0.421237 -0.987685 0.0760084 0.136755 0.0907824 -0.433475 0.896581 -1.49575 2.02803 -0.824447</i>
                        <i>0.128272 0.895687 0.425783 -0.987652 0.076436 0.136749 0.0899392 -0.438067 0.894432 -1.49569 2.028 -0.82398</i>
                        <i>0.129141 0.89332 0.430467 -0.987618 0.076879 0.136746 0.0890641 -0.442796 0.892188 -1.49564 2.02832 -0.823497</i>
                        <i>0.129993 0.890973 0.435051 -0.987584 0.0773154 0.13675 0.088204 -0.447426 0.889961 -1.49558 2.02893 -0.823026</i>
                        <i>0.130786 0.888768 0.439302 -0.98755 0.0777227 0.136763 0.087407 -0.451719 0.887868 -1.49552 2.0298 -0.822594</i>
                        <i>0.131479 0.886835 0.442986 -0.987518 0.0780785 0.136789 0.0867214 -0.455442 0.886032 -1.49548 2.0309 -0.822231</i>
                        <i>0.132032 0.885305 0.445872 -0.987491 0.0783601 0.136828 0.0861962 -0.458361 0.884577 -1.49544 2.03219 -0.821963</i>
                        <i>0.132471 0.88414 0.44805 -0.987464 0.0785768 0.1369 0.085832 -0.460568 0.883465 -1.49542 2.03363 -0.821801</i>
                        <i>0.132847 0.883189 0.44981 -0.987436 0.0787557 0.136995 0.0855673 -0.462358 0.882555 -1.49539 2.03515 -0.821708</i>
                        <i>0.133146 0.882452 0.451167 -0.987412 0.0788953 0.137086 0.0853771 -0.46374 0.881848 -1.49538 2.03666 -0.821653</i>
                        <i>0.133336 0.882021 0.451952 -0.987394 0.0789788 0.137169 0.0852914 -0.464544 0.881433 -1.49537 2.03812 -0.821651</i>
                        <i>0.133382 0.881991 0.451996 -0.987384 0.0789892 0.137238 0.0853402 -0.464598 0.8814 -1.49537 2.03948 -0.821714</i>
                        <i>0.133251 0.882454 0.451131 -0.987383 0.0789099 0.13729 0.0855532 -0.463733 0.881835 -1.49538 2.0407 -0.821856</i>
                        <i>0.13291 0.883497 0.449186 -0.987393 0.0787243 0.137319 0.0859594 -0.461774 0.882823 -1.4954 2.04173 -0.82209</i>
                        <i>0.132324 0.885203 0.445988 -0.987417 0.0784161 0.137324 0.0865867 -0.458547 0.884442 -1.49544 2.04252 -0.82243</i>
                        <i>0.131458 0.887647 0.441363 -0.987456 0.0779695 0.1373 0.0874612 -0.453876 0.886762 -1.4955 2.04302 -0.822889</i>
                    </KeyFrames>
                </p>
            </i>
            <i>
                <p>
                    <Name>
                        <![CDATA[spine2]]>
</Name>
                    <Exclude>0</Exclude>
                    <Additive>0</Additive>
                    <IKPriority>0</IKPriority>
                    <IKRotLimits>-1e+010 -1e+010 -1e+010 1e+010 1e+010 1e+010</IKRotLimits>
                    <IKRotLimitOrder>0</IKRotLimitOrder>
                    <KeyFrames count="30">
                        <i>0.139626 0.605907 0.783186 -0.990188 0.0808733 0.113963 0.00571212 -0.791414 0.611254 -1.47434 2.18595 -0.751716</i>
                        <i>0.13893 0.608041 0.781655 -0.990281 0.0801275 0.11368 0.00649005 -0.789852 0.613264 -1.47455 2.18647 -0.752968</i>
                        <i>0.138213 0.610602 0.779783 -0.990376 0.079386 0.113377 0.00732448 -0.787949 0.615698 -1.47476 2.18653 -0.754198</i>
                        <i>0.137503 0.613396 0.777714 -0.990468 0.07867 0.11307 0.00817407 -0.785848 0.618366 -1.47497 2.1862 -0.755376</i>
                        <i>0.136825 0.616231 0.775589 -0.990554 0.0780013 0.112774 0.00899787 -0.783693 0.621083 -1.47516 2.18553 -0.756467</i>
                        <i>0.136208 0.618918 0.773555 -0.990632 0.0774018 0.112503 0.00975551 -0.781632 0.623663 -1.47534 2.18457 -0.75744</i>
                        <i>0.13568 0.621271 0.77176 -0.990698 0.0768939 0.112271 0.010407 -0.779814 0.625925 -1.47549 2.18339 -0.758262</i>
                        <i>0.135269 0.623102 0.770355 -0.990749 0.0764998 0.112092 0.0109129 -0.778391 0.627685 -1.47561 2.18205 -0.758899</i>
                        <i>0.135005 0.624227 0.769489 -0.990781 0.076242 0.11198 0.0112338 -0.777514 0.628766 -1.47568 2.1806 -0.759318</i>
                        <i>0.134915 0.624462 0.769315 -0.990792 0.0761429 0.11195 0.0113304 -0.777335 0.628985 -1.47571 2.1791 -0.759487</i>
                        <i>0.13501 0.62374 0.769883 -0.990781 0.0762096 0.112005 0.0111893 -0.777908 0.628279 -1.47569 2.17762 -0.759394</i>
                        <i>0.135248 0.622725 0.770663 -0.990752 0.0764409 0.112105 0.0109005 -0.778698 0.627305 -1.47562 2.17619 -0.759018</i>
                        <i>0.135591 0.621928 0.771246 -0.990709 0.0768284 0.11222 0.010539 -0.779296 0.626567 -1.47551 2.17484 -0.758355</i>
                        <i>0.136018 0.621294 0.771682 -0.990655 0.0773383 0.112348 0.0101203 -0.779751 0.626008 -1.47537 2.17369 -0.757467</i>
                        <i>0.136507 0.620769 0.772018 -0.990592 0.0779365 0.112487 0.00966018 -0.78011 0.625568 -1.47521 2.17283 -0.756418</i>
                        <i>0.137037 0.620296 0.772304 -0.990523 0.0785889 0.112637 0.00917379 -0.78042 0.625188 -1.47503 2.17233 -0.755272</i>
                        <i>0.137585 0.61982 0.772589 -0.990452 0.0792617 0.112795 0.00867566 -0.780731 0.624807 -1.47485 2.17215 -0.75409</i>
                        <i>0.13813 0.619282 0.772923 -0.99038 0.0799212 0.112957 0.00817955 -0.78109 0.624364 -1.47467 2.17227 -0.752936</i>
                        <i>0.138647 0.618624 0.773357 -0.990312 0.0805339 0.113122 0.00769835 -0.781549 0.623797 -1.4745 2.17269 -0.75187</i>
                        <i>0.139113 0.617786 0.773943 -0.99025 0.0810662 0.113283 0.00724428 -0.782156 0.62304 -1.47436 2.1734 -0.750955</i>
                        <i>0.139504 0.616708 0.774732 -0.990198 0.081485 0.113438 0.00682908 -0.782964 0.62203 -1.47424 2.17439 -0.750251</i>
                        <i>0.139855 0.614937 0.776075 -0.990151 0.0818039 0.113615 0.00638 -0.784322 0.620322 -1.47415 2.17562 -0.74975</i>
                        <i>0.14019 0.612618 0.777847 -0.990107 0.0820642 0.113813 0.00589051 -0.786107 0.618062 -1.47406 2.17698 -0.749371</i>
                        <i>0.140471 0.610406 0.779534 -0.99007 0.0822658 0.113992 0.00545242 -0.787806 0.6159 -1.474 2.17839 -0.749093</i>
                        <i>0.140673 0.608415 0.781052 -0.990043 0.0823842 0.114139 0.00509771 -0.789331 0.613946 -1.47395 2.1798 -0.748952</i>
                        <i>0.140771 0.606764 0.782318 -0.99003 0.0823951 0.114242 0.00485866 -0.7906 0.612313 -1.47394 2.1812 -0.74899</i>
                        <i>0.14074 0.60557 0.783248 -0.990035 0.0822741 0.114287 0.00476769 -0.791528 0.611114 -1.47397 2.18254 -0.749245</i>
                        <i>0.140556 0.60495 0.78376 -0.990061 0.0819968 0.114263 0.00485763 -0.79203 0.610463 -1.47403 2.1838 -0.749757</i>
                        <i>0.140193 0.605024 0.783768 -0.990111 0.0815383 0.114158 0.00516139 -0.792021 0.610472 -1.47416 2.18495 -0.750567</i>
                        <i>0.139626 0.605907 0.783186 -0.990188 0.0808733 0.113963 0.00571212 -0.791414 0.611254 -1.47434 2.18595 -0.751716</i>
                    </KeyFrames>
                </p>
            </i>
            <i>
                <p>
                    <Name>
                        <![CDATA[head]]>
</Name>
                    <Exclude>0</Exclude>
                    <Additive>0</Additive>
                    <IKPriority>0</IKPriority>
                    <IKRotLimits>-1e+010 -1e+010 -1e+010 1e+010 1e+010 1e+010</IKRotLimits>
                    <IKRotLimitOrder>0</IKRotLimitOrder>
                    <KeyFrames count="30">
                        <i>0.0247821 0.999693 0.000317612 -0.0653192 0.00193635 -0.997863 -0.997557 0.0247083 0.0653472 -1.44209 2.34004 -0.546362</i>
                        <i>0.022921 0.999616 -0.0155728 -0.0653214 -0.0140461 -0.997765 -0.997601 0.023887 0.0649744 -1.44247 2.34088 -0.547749</i>
                        <i>0.0210133 0.999338 -0.0296984 -0.0651425 -0.0282732 -0.997475 -0.997655 0.0228949 0.0645052 -1.44286 2.3414 -0.549226</i>
                        <i>0.0191279 0.998944 -0.0417749 -0.0647982 -0.0404561 -0.997078 -0.997715 0.021779 0.0639559 -1.44324 2.3416 -0.550727</i>
                        <i>0.0173308 0.998522 -0.0515198 -0.064309 -0.0503076 -0.996661 -0.99778 0.0205862 0.0633421 -1.4436 2.34151 -0.552182</i>
                        <i>0.0156858 0.998155 -0.058652 -0.0636987 -0.0575425 -0.996309 -0.997846 0.0193639 0.0626786 -1.44393 2.34113 -0.553523</i>
                        <i>0.0142542 0.997919 -0.0628909 -0.0629925 -0.061876 -0.996094 -0.997912 0.0181601 0.0619794 -1.44421 2.34045 -0.554679</i>
                        <i>0.013096 0.997867 -0.063955 -0.0622153 -0.0630234 -0.996071 -0.997977 0.0170235 0.0612572 -1.44443 2.3395 -0.55558</i>
                        <i>0.0122698 0.998028 -0.0615616 -0.0613899 -0.0606983 -0.996266 -0.998038 0.0160033 0.0605241 -1.44457 2.33829 -0.556154</i>
                        <i>0.0118445 0.998402 -0.0552497 -0.0605329 -0.0544363 -0.996681 -0.998096 0.0151496 0.0597914 -1.44462 2.33682 -0.556332</i>
                        <i>0.011832 0.998912 -0.0451079 -0.0596589 -0.0443255 -0.997234 -0.998149 0.0144904 0.0590696 -1.44457 2.33514 -0.556089</i>
                        <i>0.0120619 0.999384 -0.0329596 -0.0588359 -0.0321955 -0.997748 -0.998195 0.013974 0.0584113 -1.44444 2.33349 -0.555572</i>
                        <i>0.0123993 0.999717 -0.020296 -0.0581188 -0.0195427 -0.998118 -0.998233 0.0135556 0.05786 -1.44425 2.33208 -0.554906</i>
                        <i>0.0128252 0.999891 -0.00738112 -0.0575016 -0.00663205 -0.998323 -0.998263 0.0132281 0.0574103 -1.44401 2.33097 -0.554121</i>
                        <i>0.0133221 0.999896 0.00552022 -0.0569779 0.00627083 -0.998356 -0.998287 0.0129857 0.0570555 -1.44373 2.33023 -0.553251</i>
                        <i>0.0138738 0.999739 0.0181433 -0.0565401 0.0189004 -0.998221 -0.998304 0.0128233 0.0567876 -1.44343 2.32989 -0.552327</i>
                        <i>0.0144652 0.999438 0.0302235 -0.0561803 0.0309912 -0.99794 -0.998316 0.0127374 0.056597 -1.44312 2.32987 -0.551379</i>
                        <i>0.0150813 0.999025 0.0414967 -0.0558892 0.0422788 -0.997541 -0.998323 0.012725 0.0564724 -1.44281 2.33014 -0.550438</i>
                        <i>0.0157076 0.998539 0.0516998 -0.0556576 0.0524991 -0.997069 -0.998326 0.012784 0.056401 -1.44252 2.33064 -0.549531</i>
                        <i>0.0163291 0.99803 0.0605705 -0.0554759 0.0613896 -0.996571 -0.998327 0.0129129 0.0563691 -1.44226 2.33134 -0.548688</i>
                        <i>0.0169306 0.997552 0.0678478 -0.0553351 0.0686883 -0.996102 -0.998324 0.0131102 0.0563626 -1.44205 2.33218 -0.547934</i>
                        <i>0.0175966 0.997122 0.0737405 -0.0552153 0.0746086 -0.995683 -0.998319 0.013449 0.0563693 -1.44187 2.333 -0.547154</i>
                        <i>0.0186833 0.996903 0.0763851 -0.055524 0.0773151 -0.995459 -0.998283 0.0143573 0.0567966 -1.44171 2.33376 -0.546328</i>
                        <i>0.0202724 0.997043 0.0741292 -0.0565461 0.0751691 -0.995566 -0.998194 0.0159907 0.0579027 -1.44157 2.33456 -0.545601</i>
                        <i>0.0220779 0.997459 0.0677335 -0.0580778 0.0689152 -0.995931 -0.998068 0.0180542 0.0594518 -1.44147 2.3354 -0.545026</i>
                        <i>0.0238124 0.998035 0.0579571 -0.0599099 0.0592941 -0.996441 -0.99792 0.0202555 0.0612041 -1.44143 2.33628 -0.544658</i>
                        <i>0.0251983 0.998644 0.0455614 -0.0618151 0.0470451 -0.996978 -0.997769 0.0223058 0.0629167 -1.44146 2.33719 -0.544552</i>
                        <i>0.0259758 0.999172 0.0313107 -0.0635415 0.0329082 -0.997436 -0.997641 0.0239197 0.0643438 -1.44157 2.33813 -0.544763</i>
                        <i>0.025908 0.999537 0.015973 -0.0648104 0.0176242 -0.997742 -0.997561 0.0248143 0.065237 -1.44178 2.33908 -0.545347</i>
                        <i>0.0247821 0.999693 0.000317612 -0.0653192 0.00193635 -0.997863 -0.997557 0.0247083 0.0653472 -1.44209 2.34004 -0.546362</i>
                    </KeyFrames>
                </p>
            </i>
            <i>
                <p>
                    <Name>
                        <![CDATA[head_prop]]>
</Name>
                    <Exclude>0</Exclude>
                    <Additive>0</Additive>
                    <IKPriority>0</IKPriority>
                    <IKRotLimits>-1e+010 -1e+010 -1e+010 1e+010 1e+010 1e+010</IKRotLimits>
                    <IKRotLimitOrder>0</IKRotLimitOrder>
                    <KeyFrames count="30">
                        <i>0.997557 -0.0247083 -0.0653472 0.0247821 0.999693 0.000317612 0.0653192 -0.00193635 0.997863 -1.43402 2.66585 -0.546259</i>
                        <i>0.997601 -0.023887 -0.0649744 0.022921 0.999616 -0.0155728 0.0653214 0.0140461 0.997765 -1.435 2.66666 -0.552824</i>
                        <i>0.997655 -0.0228949 -0.0645052 0.0210133 0.999338 -0.0296984 0.0651425 0.0282732 0.997475 -1.43601 2.66709 -0.558905</i>
                        <i>0.997715 -0.021779 -0.0639559 0.0191279 0.998944 -0.0417749 0.0647982 0.0404561 0.997078 -1.43701 2.66717 -0.564342</i>
                        <i>0.99778 -0.0205862 -0.0633421 0.0173308 0.998522 -0.0515198 0.064309 0.0503076 0.996661 -1.43795 2.66694 -0.568973</i>
                        <i>0.997846 -0.0193639 -0.0626786 0.0156858 0.998155 -0.058652 0.0636987 0.0575425 0.996309 -1.43882 2.66643 -0.572638</i>
                        <i>0.997912 -0.0181601 -0.0619794 0.0142542 0.997919 -0.0628909 0.0629925 0.061876 0.996094 -1.43956 2.66568 -0.575176</i>
                        <i>0.997977 -0.0170235 -0.0612572 0.013096 0.997867 -0.063955 0.0622153 0.0630234 0.996071 -1.44016 2.66472 -0.576423</i>
                        <i>0.998038 -0.0160033 -0.0605241 0.0122698 0.998028 -0.0615616 0.0613899 0.0606983 0.996266 -1.44057 2.66356 -0.576218</i>
                        <i>0.998096 -0.0151496 -0.0597914 0.0118445 0.998402 -0.0552497 0.0605329 0.0544363 0.996681 -1.44076 2.66221 -0.574338</i>
                        <i>0.998149 -0.0144904 -0.0590696 0.011832 0.998912 -0.0451079 0.0596589 0.0443255 0.997234 -1.44071 2.6607 -0.57079</i>
                        <i>0.998195 -0.013974 -0.0584113 0.0120619 0.999384 -0.0329596 0.0588359 0.0321955 0.997748 -1.44051 2.6592 -0.566314</i>
                        <i>0.998233 -0.0135556 -0.05786 0.0123993 0.999717 -0.020296 0.0581188 0.0195427 0.998118 -1.44021 2.65789 -0.561521</i>
                        <i>0.998263 -0.0132281 -0.0574103 0.0128252 0.999891 -0.00738112 0.0575016 0.00663205 0.998323 -1.43983 2.65684 -0.556527</i>
                        <i>0.998287 -0.0129857 -0.0570555 0.0133221 0.999896 0.00552022 0.0569779 -0.00627083 0.998356 -1.43939 2.65611 -0.551452</i>
                        <i>0.998304 -0.0128233 -0.0567876 0.0138738 0.999739 0.0181433 0.0565401 -0.0189004 0.998221 -1.43891 2.65571 -0.546414</i>
                        <i>0.998316 -0.0127374 -0.056597 0.0144652 0.999438 0.0302235 0.0561803 -0.0309912 0.99794 -1.4384 2.6556 -0.541529</i>
                        <i>0.998323 -0.012725 -0.0564724 0.0150813 0.999025 0.0414967 0.0558892 -0.0422788 0.997541 -1.43789 2.65573 -0.536914</i>
                        <i>0.998326 -0.012784 -0.056401 0.0157076 0.998539 0.0516998 0.0556576 -0.0524991 0.997069 -1.4374 2.65608 -0.532682</i>
                        <i>0.998327 -0.0129129 -0.0563691 0.0163291 0.99803 0.0605705 0.0554759 -0.0613896 0.996571 -1.43694 2.6566 -0.528947</i>
                        <i>0.998324 -0.0131102 -0.0563626 0.0169306 0.997552 0.0678478 0.0553351 -0.0686883 0.996102 -1.43654 2.65729 -0.525822</i>
                        <i>0.998319 -0.013449 -0.0563693 0.0175966 0.997122 0.0737405 0.0552153 -0.0746086 0.995683 -1.43614 2.65797 -0.523121</i>
                        <i>0.998283 -0.0143573 -0.0567966 0.0186833 0.996903 0.0763851 0.055524 -0.0773151 0.995459 -1.43562 2.65866 -0.521434</i>
                        <i>0.998194 -0.0159907 -0.0579027 0.0202724 0.997043 0.0741292 0.0565461 -0.0751691 0.995566 -1.43496 2.6595 -0.521442</i>
                        <i>0.998068 -0.0180542 -0.0594518 0.0220779 0.997459 0.0677335 0.0580778 -0.0689152 0.995931 -1.43428 2.66048 -0.522951</i>
                        <i>0.99792 -0.0202555 -0.0612041 0.0238124 0.998035 0.0579571 0.0599099 -0.0592941 0.996441 -1.43367 2.66155 -0.52577</i>
                        <i>0.997769 -0.0223058 -0.0629167 0.0251983 0.998644 0.0455614 0.0618151 -0.0470451 0.996978 -1.43325 2.66266 -0.529703</i>
                        <i>0.997641 -0.0239197 -0.0643438 0.0259758 0.999172 0.0313107 0.0635415 -0.0329082 0.997436 -1.43311 2.66377 -0.534559</i>
                        <i>0.997561 -0.0248143 -0.065237 0.025908 0.999537 0.015973 0.0648104 -0.0176242 0.997742 -1.43333 2.66484 -0.540141</i>
                        <i>0.997557 -0.0247083 -0.0653472 0.0247821 0.999693 0.000317612 0.0653192 -0.00193635 0.997863 -1.43402 2.66585 -0.546259</i>
                    </KeyFrames>
                </p>
            </i>
            <i>
                <p>
                    <Name>
                        <![CDATA[l_clav]]>
</Name>
                    <Exclude>0</Exclude>
                    <Additive>0</Additive>
                    <IKPriority>0</IKPriority>
                    <IKRotLimits>-1e+010 -1e+010 -1e+010 1e+010 1e+010 1e+010</IKRotLimits>
                    <IKRotLimitOrder>0</IKRotLimitOrder>
                    <KeyFrames count="30">
                        <i>0.966351 0.000301075 0.257228 -0.189134 0.678597 0.709743 -0.17434 -0.734511 0.655819 -1.37801 2.19637 -0.698232</i>
                        <i>0.964535 0.00681278 0.263865 -0.198528 0.677515 0.708209 -0.173948 -0.735477 0.65484 -1.37823 2.19728 -0.699628</i>
                        <i>0.962446 0.0144629 0.271087 -0.208787 0.677666 0.705108 -0.173508 -0.735228 0.655236 -1.37846 2.19776 -0.700998</i>
                        <i>0.960165 0.0227431 0.278507 -0.219377 0.678699 0.700887 -0.173082 -0.734065 0.656652 -1.37868 2.19784 -0.702308</i>
                        <i>0.957798 0.0311418 0.28575 -0.229766 0.680282 0.696006 -0.172716 -0.732288 0.658728 -1.37889 2.19756 -0.703523</i>
                        <i>0.955479 0.0391432 0.292452 -0.239427 0.682109 0.690943 -0.172438 -0.730202 0.661112 -1.37908 2.19696 -0.704606</i>
                        <i>0.953364 0.0462271 0.298263 -0.24784 0.683893 0.686196 -0.172259 -0.728116 0.663456 -1.37925 2.19609 -0.705521</i>
                        <i>0.951627 0.0518703 0.302845 -0.254485 0.685372 0.682277 -0.172171 -0.726343 0.665419 -1.37937 2.19498 -0.706232</i>
                        <i>0.950453 0.055548 0.305864 -0.258845 0.686294 0.679706 -0.172156 -0.7252 0.666668 -1.37945 2.19369 -0.7067</i>
                        <i>0.95002 0.0567353 0.306989 -0.260404 0.686401 0.679001 -0.172194 -0.725006 0.66687 -1.37948 2.19224 -0.706891</i>
                        <i>0.95026 0.055657 0.306445 -0.259442 0.68583 0.679946 -0.172326 -0.72563 0.666157 -1.37946 2.1907 -0.706792</i>
                        <i>0.950957 0.0534753 0.304666 -0.256777 0.685655 0.681134 -0.172472 -0.72596 0.66576 -1.37939 2.18913 -0.706371</i>
                        <i>0.952046 0.0507266 0.30172 -0.252671 0.686451 0.681867 -0.172527 -0.725404 0.66635 -1.37927 2.18759 -0.705621</i>
                        <i>0.953444 0.0474585 0.297813 -0.247355 0.687986 0.682269 -0.172512 -0.724171 0.667695 -1.37911 2.18621 -0.704614</i>
                        <i>0.955066 0.0437183 0.293151 -0.241063 0.690026 0.682461 -0.172446 -0.722463 0.669559 -1.37894 2.1851 -0.703424</i>
                        <i>0.956832 0.0395571 0.287937 -0.234026 0.692337 0.682569 -0.172349 -0.720489 0.671708 -1.37874 2.18432 -0.702122</i>
                        <i>0.958665 0.0350326 0.282372 -0.226481 0.694691 0.682724 -0.172244 -0.718455 0.67391 -1.37854 2.18385 -0.700782</i>
                        <i>0.960495 0.0302111 0.276654 -0.218663 0.696858 0.683063 -0.172152 -0.716572 0.675935 -1.37835 2.18369 -0.699475</i>
                        <i>0.962258 0.0251688 0.270973 -0.210813 0.698617 0.683734 -0.172097 -0.715053 0.677556 -1.37817 2.18385 -0.698271</i>
                        <i>0.963899 0.0199906 0.265516 -0.203173 0.699747 0.684891 -0.172103 -0.714111 0.678547 -1.37801 2.18431 -0.697241</i>
                        <i>0.96537 0.0147692 0.260465 -0.195985 0.70003 0.686693 -0.172191 -0.713961 0.678683 -1.37789 2.18508 -0.696454</i>
                        <i>0.96663 0.0093838 0.256005 -0.189429 0.698944 0.689633 -0.172462 -0.715115 0.677398 -1.37779 2.1861 -0.695905</i>
                        <i>0.967659 0.0041574 0.252228 -0.183713 0.69682 0.693319 -0.172875 -0.717234 0.675048 -1.3777 2.18725 -0.695502</i>
                        <i>0.968447 -0.000300242 0.249221 -0.179116 0.694477 0.696864 -0.173287 -0.719515 0.67251 -1.37763 2.18847 -0.695211</i>
                        <i>0.968968 -0.00378544 0.247158 -0.175893 0.691967 0.700174 -0.173676 -0.721919 0.669828 -1.37759 2.18974 -0.695074</i>
                        <i>0.969195 -0.00609756 0.246217 -0.174295 0.689343 0.703155 -0.174016 -0.724409 0.667046 -1.37758 2.19105 -0.695136</i>
                        <i>0.969098 -0.00703916 0.246577 -0.174573 0.686656 0.705711 -0.174281 -0.726949 0.664208 -1.37761 2.19238 -0.695438</i>
                        <i>0.968633 -0.0064152 0.248415 -0.176976 0.683949 0.707738 -0.174443 -0.729502 0.66136 -1.37768 2.19373 -0.696024</i>
                        <i>0.967743 -0.00403246 0.251908 -0.18175 0.681256 0.709124 -0.174473 -0.732034 0.658548 -1.37781 2.19506 -0.69694</i>
                        <i>0.966351 0.000301075 0.257228 -0.189134 0.678597 0.709743 -0.17434 -0.734511 0.655819 -1.37801 2.19637 -0.698232</i>
                    </KeyFrames>
                </p>
            </i>
            <i>
                <p>
                    <Name>
                        <![CDATA[l_shoulder]]>
</Name>
                    <Exclude>0</Exclude>
                    <Additive>0</Additive>
                    <IKPriority>0</IKPriority>
                    <IKRotLimits>-1e+010 -1e+010 -1e+010 1e+010 1e+010 1e+010</IKRotLimits>
                    <IKRotLimitOrder>0</IKRotLimitOrder>
                    <KeyFrames count="30">
                        <i>0.643049 -0.548927 0.53401 0.369939 0.833201 0.411 -0.670547 -0.0667416 0.738859 -1.22646 2.19641 -0.657893</i>
                        <i>0.637614 -0.550829 0.538549 0.370085 0.83216 0.412973 -0.675637 -0.0640086 0.734451 -1.22697 2.19835 -0.658248</i>
                        <i>0.632925 -0.552432 0.542425 0.370163 0.831273 0.414686 -0.679989 -0.0616797 0.730624 -1.22753 2.20002 -0.658486</i>
                        <i>0.629057 -0.553716 0.545606 0.370243 0.830562 0.416037 -0.683526 -0.0597045 0.72748 -1.22811 2.2014 -0.658632</i>
                        <i>0.626092 -0.554664 0.548048 0.370393 0.830047 0.41693 -0.686162 -0.0580429 0.72513 -1.22869 2.20244 -0.658711</i>
                        <i>0.624119 -0.555257 0.549695 0.370685 0.829746 0.417269 -0.687799 -0.0566621 0.723686 -1.22924 2.2031 -0.658743</i>
                        <i>0.623228 -0.55548 0.55048 0.371191 0.829673 0.416965 -0.688334 -0.0555313 0.723265 -1.22974 2.20334 -0.658747</i>
                        <i>0.623497 -0.555321 0.550336 0.371983 0.829841 0.415924 -0.687663 -0.0546119 0.723974 -1.23014 2.20312 -0.658739</i>
                        <i>0.624982 -0.554771 0.549206 0.373137 0.830259 0.414052 -0.685687 -0.0538463 0.725902 -1.2304 2.2024 -0.658734</i>
                        <i>0.627699 -0.553826 0.547057 0.374727 0.830935 0.411251 -0.68233 -0.053145 0.72911 -1.2305 2.20113 -0.658748</i>
                        <i>0.631482 -0.552628 0.543905 0.376819 0.831776 0.407623 -0.67767 -0.0524529 0.733493 -1.23044 2.19943 -0.658734</i>
                        <i>0.636103 -0.551194 0.539962 0.378526 0.832713 0.404112 -0.672377 -0.0526671 0.738333 -1.23026 2.19751 -0.658593</i>
                        <i>0.641309 -0.549459 0.535554 0.379117 0.833748 0.401416 -0.667078 -0.054394 0.742999 -1.22997 2.19555 -0.658305</i>
                        <i>0.646662 -0.547553 0.53105 0.378724 0.834809 0.399578 -0.662115 -0.0572705 0.74721 -1.22959 2.19365 -0.65791</i>
                        <i>0.651772 -0.545606 0.52679 0.377469 0.83582 0.39865 -0.657808 -0.0609819 0.750713 -1.22916 2.19195 -0.657451</i>
                        <i>0.656394 -0.543712 0.522996 0.375521 0.836733 0.398574 -0.654317 -0.0652251 0.753402 -1.22869 2.19052 -0.656967</i>
                        <i>0.660441 -0.54192 0.519751 0.373127 0.837538 0.399133 -0.651609 -0.0696699 0.755349 -1.2282 2.18934 -0.6565</i>
                        <i>0.663787 -0.540303 0.517165 0.37052 0.838211 0.400146 -0.649694 -0.0739916 0.756587 -1.22772 2.18843 -0.65609</i>
                        <i>0.666299 -0.53895 0.515343 0.36794 0.838731 0.401435 -0.648588 -0.0778599 0.757147 -1.22727 2.18779 -0.655777</i>
                        <i>0.667832 -0.537961 0.514392 0.365635 0.839075 0.40282 -0.648315 -0.0809359 0.757058 -1.22685 2.18744 -0.655602</i>
                        <i>0.668227 -0.537439 0.514424 0.363858 0.839221 0.404123 -0.648907 -0.0828691 0.756342 -1.22649 2.1874 -0.655607</i>
                        <i>0.667639 -0.537544 0.515078 0.363331 0.839131 0.404784 -0.649807 -0.083106 0.755542 -1.2262 2.18757 -0.655757</i>
                        <i>0.666499 -0.538137 0.515933 0.36383 0.838842 0.404935 -0.650697 -0.0821769 0.754878 -1.22595 2.1879 -0.655947</i>
                        <i>0.664987 -0.538965 0.51702 0.364474 0.838422 0.405225 -0.651883 -0.081029 0.753978 -1.22576 2.18842 -0.656127</i>
                        <i>0.663021 -0.540031 0.51843 0.365238 0.83787 0.405678 -0.653456 -0.0796228 0.752765 -1.22563 2.18914 -0.656315</i>
                        <i>0.660517 -0.541337 0.520261 0.366093 0.837188 0.406315 -0.655509 -0.0779144 0.751157 -1.22559 2.19009 -0.656523</i>
                        <i>0.657384 -0.542883 0.522613 0.367015 0.836376 0.407155 -0.658138 -0.075851 0.749067 -1.22563 2.19128 -0.656769</i>
                        <i>0.653517 -0.544668 0.525598 0.367978 0.835437 0.408213 -0.661444 -0.0733655 0.746398 -1.22578 2.19272 -0.657067</i>
                        <i>0.64879 -0.546686 0.529345 0.36896 0.834376 0.409495 -0.665538 -0.070369 0.74304 -1.22605 2.19443 -0.657435</i>
                        <i>0.643049 -0.548927 0.53401 0.369939 0.833201 0.411 -0.670547 -0.0667416 0.738859 -1.22646 2.19641 -0.657893</i>
                    </KeyFrames>
                </p>
            </i>
            <i>
                <p>
                    <Name>
                        <![CDATA[l_elbow]]>
</Name>
                    <Exclude>0</Exclude>
                    <Additive>0</Additive>
                    <IKPriority>0</IKPriority>
                    <IKRotLimits>-1e+010 -1e+010 -1e+010 1e+010 1e+010 1e+010</IKRotLimits>
                    <IKRotLimitOrder>0</IKRotLimitOrder>
                    <KeyFrames count="30">
                        <i>0.137124 -0.487754 0.862145 0.368219 0.833096 0.412755 -0.919572 0.260859 0.293838 -1.01729 2.01786 -0.484191</i>
                        <i>0.144127 -0.491798 0.858698 0.368352 0.832062 0.414717 -0.918446 0.256531 0.301078 -1.01957 2.01918 -0.48307</i>
                        <i>0.150524 -0.495349 0.855554 0.36842 0.831181 0.416419 -0.917393 0.252522 0.307609 -1.02165 2.02033 -0.482048</i>
                        <i>0.156176 -0.4983 0.852822 0.368491 0.830475 0.417762 -0.916419 0.249013 0.31332 -1.02349 2.02129 -0.481159</i>
