<?xml version="1.0" encoding="ISO-8859-1" ?>
<Animl Version="1">
    <ModellingPackage><![CDATA[Maya.2010]]></ModellingPackage>
    <SrcFile><![CDATA[anims\turrets\machinegun\blue\~src\mgun_m60\mgun_m60_idle_alt_crewman_b.mb]]></SrcFile>
    <FramesPerSecond>30</FramesPerSecond>
    <TotalFrames>120</TotalFrames>
    <Skeleton>
        <RefFrame>
            <Name><![CDATA[soldier_ref_frame]]></Name>
            <Exclude>0</Exclude>
            <Additive>0</Additive>
            <IKPriority>0</IKPriority>
            <IKRotLimits>-1e+010 -1e+010 -1e+010 1e+010 1e+010 1e+010</IKRotLimits>
            <IKRotLimitOrder>0</IKRotLimitOrder>
            <KeyFrames count="120">
                <i>1 0 0 0 1 0 0 0 1 1.49 0.92 -0.85</i>
                <i>1 0 0 0 1 0 0 0 1 1.49 0.92 -0.85</i>
                <i>1 0 0 0 1 0 0 0 1 1.49 0.92 -0.85</i>
                <i>1 0 0 0 1 0 0 0 1 1.49 0.92 -0.85</i>
                <i>1 0 0 0 1 0 0 0 1 1.49 0.92 -0.85</i>
                <i>1 0 0 0 1 0 0 0 1 1.49 0.92 -0.85</i>
                <i>1 0 0 0 1 0 0 0 1 1.49 0.92 -0.85</i>
                <i>1 0 0 0 1 0 0 0 1 1.49 0.92 -0.85</i>
                <i>1 0 0 0 1 0 0 0 1 1.49 0.92 -0.85</i>
                <i>1 0 0 0 1 0 0 0 1 1.49 0.92 -0.85</i>
                <i>1 0 0 0 1 0 0 0 1 1.49 0.92 -0.85</i>
                <i>1 0 0 0 1 0 0 0 1 1.49 0.92 -0.85</i>
                <i>1 0 0 0 1 0 0 0 1 1.49 0.92 -0.85</i>
                <i>1 0 0 0 1 0 0 0 1 1.49 0.92 -0.85</i>
                <i>1 0 0 0 1 0 0 0 1 1.49 0.92 -0.85</i>
                <i>1 0 0 0 1 0 0 0 1 1.49 0.92 -0.85</i>
                <i>1 0 0 0 1 0 0 0 1 1.49 0.92 -0.85</i>
                <i>1 0 0 0 1 0 0 0 1 1.49 0.92 -0.85</i>
                <i>1 0 0 0 1 0 0 0 1 1.49 0.92 -0.85</i>
                <i>1 0 0 0 1 0 0 0 1 1.49 0.92 -0.85</i>
                <i>1 0 0 0 1 0 0 0 1 1.49 0.92 -0.85</i>
                <i>1 0 0 0 1 0 0 0 1 1.49 0.92 -0.85</i>
                <i>1 0 0 0 1 0 0 0 1 1.49 0.92 -0.85</i>
                <i>1 0 0 0 1 0 0 0 1 1.49 0.92 -0.85</i>
                <i>1 0 0 0 1 0 0 0 1 1.49 0.92 -0.85</i>
                <i>1 0 0 0 1 0 0 0 1 1.49 0.92 -0.85</i>
                <i>1 0 0 0 1 0 0 0 1 1.49 0.92 -0.85</i>
                <i>1 0 0 0 1 0 0 0 1 1.49 0.92 -0.85</i>
                <i>1 0 0 0 1 0 0 0 1 1.49 0.92 -0.85</i>
                <i>1 0 0 0 1 0 0 0 1 1.49 0.92 -0.85</i>
                <i>1 0 0 0 1 0 0 0 1 1.49 0.92 -0.85</i>
                <i>1 0 0 0 1 0 0 0 1 1.49 0.92 -0.85</i>
                <i>1 0 0 0 1 0 0 0 1 1.49 0.92 -0.85</i>
                <i>1 0 0 0 1 0 0 0 1 1.49 0.92 -0.85</i>
                <i>1 0 0 0 1 0 0 0 1 1.49 0.92 -0.85</i>
                <i>1 0 0 0 1 0 0 0 1 1.49 0.92 -0.85</i>
                <i>1 0 0 0 1 0 0 0 1 1.49 0.92 -0.85</i>
                <i>1 0 0 0 1 0 0 0 1 1.49 0.92 -0.85</i>
                <i>1 0 0 0 1 0 0 0 1 1.49 0.92 -0.85</i>
                <i>1 0 0 0 1 0 0 0 1 1.49 0.92 -0.85</i>
                <i>1 0 0 0 1 0 0 0 1 1.49 0.92 -0.85</i>
                <i>1 0 0 0 1 0 0 0 1 1.49 0.92 -0.85</i>
                <i>1 0 0 0 1 0 0 0 1 1.49 0.92 -0.85</i>
                <i>1 0 0 0 1 0 0 0 1 1.49 0.92 -0.85</i>
                <i>1 0 0 0 1 0 0 0 1 1.49 0.92 -0.85</i>
                <i>1 0 0 0 1 0 0 0 1 1.49 0.92 -0.85</i>
                <i>1 0 0 0 1 0 0 0 1 1.49 0.92 -0.85</i>
                <i>1 0 0 0 1 0 0 0 1 1.49 0.92 -0.85</i>
                <i>1 0 0 0 1 0 0 0 1 1.49 0.92 -0.85</i>
                <i>1 0 0 0 1 0 0 0 1 1.49 0.92 -0.85</i>
                <i>1 0 0 0 1 0 0 0 1 1.49 0.92 -0.85</i>
                <i>1 0 0 0 1 0 0 0 1 1.49 0.92 -0.85</i>
                <i>1 0 0 0 1 0 0 0 1 1.49 0.92 -0.85</i>
                <i>1 0 0 0 1 0 0 0 1 1.49 0.92 -0.85</i>
                <i>1 0 0 0 1 0 0 0 1 1.49 0.92 -0.85</i>
                <i>1 0 0 0 1 0 0 0 1 1.49 0.92 -0.85</i>
                <i>1 0 0 0 1 0 0 0 1 1.49 0.92 -0.85</i>
                <i>1 0 0 0 1 0 0 0 1 1.49 0.92 -0.85</i>
                <i>1 0 0 0 1 0 0 0 1 1.49 0.92 -0.85</i>
                <i>1 0 0 0 1 0 0 0 1 1.49 0.92 -0.85</i>
                <i>1 0 0 0 1 0 0 0 1 1.49 0.92 -0.85</i>
                <i>1 0 0 0 1 0 0 0 1 1.49 0.92 -0.85</i>
                <i>1 0 0 0 1 0 0 0 1 1.49 0.92 -0.85</i>
                <i>1 0 0 0 1 0 0 0 1 1.49 0.92 -0.85</i>
                <i>1 0 0 0 1 0 0 0 1 1.49 0.92 -0.85</i>
                <i>1 0 0 0 1 0 0 0 1 1.49 0.92 -0.85</i>
                <i>1 0 0 0 1 0 0 0 1 1.49 0.92 -0.85</i>
                <i>1 0 0 0 1 0 0 0 1 1.49 0.92 -0.85</i>
                <i>1 0 0 0 1 0 0 0 1 1.49 0.92 -0.85</i>
                <i>1 0 0 0 1 0 0 0 1 1.49 0.92 -0.85</i>
                <i>1 0 0 0 1 0 0 0 1 1.49 0.92 -0.85</i>
                <i>1 0 0 0 1 0 0 0 1 1.49 0.92 -0.85</i>
                <i>1 0 0 0 1 0 0 0 1 1.49 0.92 -0.85</i>
                <i>1 0 0 0 1 0 0 0 1 1.49 0.92 -0.85</i>
                <i>1 0 0 0 1 0 0 0 1 1.49 0.92 -0.85</i>
                <i>1 0 0 0 1 0 0 0 1 1.49 0.92 -0.85</i>
                <i>1 0 0 0 1 0 0 0 1 1.49 0.92 -0.85</i>
                <i>1 0 0 0 1 0 0 0 1 1.49 0.92 -0.85</i>
                <i>1 0 0 0 1 0 0 0 1 1.49 0.92 -0.85</i>
                <i>1 0 0 0 1 0 0 0 1 1.49 0.92 -0.85</i>
                <i>1 0 0 0 1 0 0 0 1 1.49 0.92 -0.85</i>
                <i>1 0 0 0 1 0 0 0 1 1.49 0.92 -0.85</i>
                <i>1 0 0 0 1 0 0 0 1 1.49 0.92 -0.85</i>
                <i>1 0 0 0 1 0 0 0 1 1.49 0.92 -0.85</i>
                <i>1 0 0 0 1 0 0 0 1 1.49 0.92 -0.85</i>
                <i>1 0 0 0 1 0 0 0 1 1.49 0.92 -0.85</i>
                <i>1 0 0 0 1 0 0 0 1 1.49 0.92 -0.85</i>
                <i>1 0 0 0 1 0 0 0 1 1.49 0.92 -0.85</i>
                <i>1 0 0 0 1 0 0 0 1 1.49 0.92 -0.85</i>
                <i>1 0 0 0 1 0 0 0 1 1.49 0.92 -0.85</i>
                <i>1 0 0 0 1 0 0 0 1 1.49 0.92 -0.85</i>
                <i>1 0 0 0 1 0 0 0 1 1.49 0.92 -0.85</i>
                <i>1 0 0 0 1 0 0 0 1 1.49 0.92 -0.85</i>
                <i>1 0 0 0 1 0 0 0 1 1.49 0.92 -0.85</i>
                <i>1 0 0 0 1 0 0 0 1 1.49 0.92 -0.85</i>
                <i>1 0 0 0 1 0 0 0 1 1.49 0.92 -0.85</i>
                <i>1 0 0 0 1 0 0 0 1 1.49 0.92 -0.85</i>
                <i>1 0 0 0 1 0 0 0 1 1.49 0.92 -0.85</i>
                <i>1 0 0 0 1 0 0 0 1 1.49 0.92 -0.85</i>
                <i>1 0 0 0 1 0 0 0 1 1.49 0.92 -0.85</i>
                <i>1 0 0 0 1 0 0 0 1 1.49 0.92 -0.85</i>
                <i>1 0 0 0 1 0 0 0 1 1.49 0.92 -0.85</i>
                <i>1 0 0 0 1 0 0 0 1 1.49 0.92 -0.85</i>
                <i>1 0 0 0 1 0 0 0 1 1.49 0.92 -0.85</i>
                <i>1 0 0 0 1 0 0 0 1 1.49 0.92 -0.85</i>
                <i>1 0 0 0 1 0 0 0 1 1.49 0.92 -0.85</i>
                <i>1 0 0 0 1 0 0 0 1 1.49 0.92 -0.85</i>
                <i>1 0 0 0 1 0 0 0 1 1.49 0.92 -0.85</i>
                <i>1 0 0 0 1 0 0 0 1 1.49 0.92 -0.85</i>
                <i>1 0 0 0 1 0 0 0 1 1.49 0.92 -0.85</i>
                <i>1 0 0 0 1 0 0 0 1 1.49 0.92 -0.85</i>
                <i>1 0 0 0 1 0 0 0 1 1.49 0.92 -0.85</i>
                <i>1 0 0 0 1 0 0 0 1 1.49 0.92 -0.85</i>
                <i>1 0 0 0 1 0 0 0 1 1.49 0.92 -0.85</i>
                <i>1 0 0 0 1 0 0 0 1 1.49 0.92 -0.85</i>
                <i>1 0 0 0 1 0 0 0 1 1.49 0.92 -0.85</i>
                <i>1 0 0 0 1 0 0 0 1 1.49 0.92 -0.85</i>
                <i>1 0 0 0 1 0 0 0 1 1.49 0.92 -0.85</i>
                <i>1 0 0 0 1 0 0 0 1 1.49 0.92 -0.85</i>
                <i>1 0 0 0 1 0 0 0 1 1.49 0.92 -0.85</i>
            </KeyFrames>
        </RefFrame>
        <Bones count="23">
            <i>
                <p>
                    <Name><![CDATA[pelvis]]></Name>
                    <Exclude>0</Exclude>
                    <Additive>0</Additive>
                    <IKPriority>0</IKPriority>
                    <IKRotLimits>-1e+010 -1e+010 -1e+010 1e+010 1e+010 1e+010</IKRotLimits>
                    <IKRotLimitOrder>2</IKRotLimitOrder>
                    <KeyFrames count="120">
                        <i>1 0 0 0 1 0 0 0 1 1.48926 1.53075 -0.850868</i>
                        <i>1 0 0 0 1 0 0 0 1 1.48926 1.52529 -0.850868</i>
                        <i>1 0 0 0 1 0 0 0 1 1.48926 1.51926 -0.850868</i>
                        <i>1 0 0 0 1 0 0 0 1 1.48926 1.51438 -0.850868</i>
                        <i>1 0 0 0 1 0 0 0 1 1.48926 1.51237 -0.850868</i>
                        <i>1 0 0 0 1 0 0 0 1 1.48926 1.51428 -0.850868</i>
                        <i>1 0 0 0 1 0 0 0 1 1.48926 1.51883 -0.850868</i>
                        <i>1 0 0 0 1 0 0 0 1 1.48926 1.52427 -0.850868</i>
                        <i>1 0 0 0 1 0 0 0 1 1.48926 1.52883 -0.850868</i>
                        <i>1 0 0 0 1 0 0 0 1 1.48926 1.53075 -0.850868</i>
                        <i>1 0 0 0 1 0 0 0 1 1.48926 1.53024 -0.850868</i>
                        <i>1 0 0 0 1 0 0 0 1 1.48926 1.52885 -0.850868</i>
                        <i>1 0 0 0 1 0 0 0 1 1.48926 1.5268 -0.850868</i>
                        <i>1 0 0 0 1 0 0 0 1 1.48926 1.52431 -0.850868</i>
                        <i>1 0 0 0 1 0 0 0 1 1.48926 1.5216 -0.850868</i>
                        <i>1 0 0 0 1 0 0 0 1 1.48926 1.51889 -0.850868</i>
                        <i>1 0 0 0 1 0 0 0 1 1.48926 1.51639 -0.850868</i>
                        <i>1 0 0 0 1 0 0 0 1 1.48926 1.51434 -0.850868</i>
                        <i>1 0 0 0 1 0 0 0 1 1.48926 1.51295 -0.850868</i>
                        <i>1 0 0 0 1 0 0 0 1 1.48926 1.51244 -0.850868</i>
                        <i>1 0 0 0 1 0 0 0 1 1.48926 1.51244 -0.850868</i>
                        <i>1 0 0 0 1 0 0 0 1 1.48926 1.51244 -0.850868</i>
                        <i>1 0 0 0 1 0 0 0 1 1.48926 1.51244 -0.850868</i>
                        <i>1 0 0 0 1 0 0 0 1 1.48926 1.51244 -0.850868</i>
                        <i>1 0 0 0 1 0 0 0 1 1.48926 1.51244 -0.850868</i>
                        <i>1 0 0 0 1 0 0 0 1 1.48926 1.51244 -0.850868</i>
                        <i>1 0 0 0 1 0 0 0 1 1.48926 1.51244 -0.850868</i>
                        <i>1 0 0 0 1 0 0 0 1 1.48926 1.51244 -0.850868</i>
                        <i>1 0 0 0 1 0 0 0 1 1.48926 1.51244 -0.850868</i>
                        <i>1 0 0 0 1 0 0 0 1 1.48926 1.51244 -0.850868</i>
                        <i>1 0 0 0 1 0 0 0 1 1.48926 1.51244 -0.850868</i>
                        <i>1 0 0 0 1 0 0 0 1 1.48926 1.51244 -0.850868</i>
                        <i>1 0 0 0 1 0 0 0 1 1.48926 1.51244 -0.850868</i>
                        <i>1 0 0 0 1 0 0 0 1 1.48926 1.51244 -0.850868</i>
                        <i>1 0 0 0 1 0 0 0 1 1.48926 1.51244 -0.850868</i>
                        <i>1 0 0 0 1 0 0 0 1 1.48926 1.51244 -0.850868</i>
                        <i>1 0 0 0 1 0 0 0 1 1.48926 1.51244 -0.850868</i>
                        <i>1 0 0 0 1 0 0 0 1 1.48926 1.51244 -0.850868</i>
                        <i>1 0 0 0 1 0 0 0 1 1.48926 1.51244 -0.850868</i>
                        <i>1 0 0 0 1 0 0 0 1 1.48926 1.51244 -0.850868</i>
                        <i>1 0 0 0 1 0 0 0 1 1.48926 1.51409 -0.850868</i>
                        <i>1 0 0 0 1 0 0 0 1 1.48926 1.51845 -0.850868</i>
                        <i>1 0 0 0 1 0 0 0 1 1.48926 1.52462 -0.850868</i>
                        <i>1 0 0 0 1 0 0 0 1 1.48926 1.53169 -0.850868</i>
                        <i>1 0 0 0 1 0 0 0 1 1.48926 1.53876 -0.850868</i>
                        <i>1 0 0 0 1 0 0 0 1 1.48926 1.54494 -0.850868</i>
                        <i>1 0 0 0 1 0 0 0 1 1.48926 1.54932 -0.850868</i>
                        <i>1 0 0 0 1 0 0 0 1 1.48926 1.551 -0.850868</i>
                        <i>1 0 0 0 1 0 0 0 1 1.48926 1.55019 -0.850868</i>
                        <i>1 0 0 0 1 0 0 0 1 1.48926 1.54791 -0.850868</i>
                        <i>1 0 0 0 1 0 0 0 1 1.48926 1.54448 -0.850868</i>
                        <i>1 0 0 0 1 0 0 0 1 1.48926 1.54021 -0.850868</i>
                        <i>1 0 0 0 1 0 0 0 1 1.48926 1.5354 -0.850868</i>
                        <i>1 0 0 0 1 0 0 0 1 1.48926 1.53038 -0.850868</i>
                        <i>1 0 0 0 1 0 0 0 1 1.48926 1.52544 -0.850868</i>
                        <i>1 0 0 0 1 0 0 0 1 1.48926 1.5209 -0.850868</i>
                        <i>1 0 0 0 1 0 0 0 1 1.48926 1.51707 -0.850868</i>
                        <i>1 0 0 0 1 0 0 0 1 1.48926 1.51427 -0.850868</i>
                        <i>1 0 0 0 1 0 0 0 1 1.48926 1.5128 -0.850868</i>
                        <i>1 0 0 0 1 0 0 0 1 1.48926 1.51297 -0.850868</i>
                        <i>1 0 0 0 1 0 0 0 1 1.48926 1.51511 -0.850868</i>
                        <i>1 0 0 0 1 0 0 0 1 1.48926 1.51909 -0.850868</i>
                        <i>1 0 0 0 1 0 0 0 1 1.48926 1.52454 -0.850868</i>
                        <i>1 0 0 0 1 0 0 0 1 1.48926 1.53106 -0.850868</i>
                        <i>1 0 0 0 1 0 0 0 1 1.48926 1.5383 -0.850868</i>
                        <i>1 0 0 0 1 0 0 0 1 1.48926 1.54588 -0.850868</i>
                        <i>1 0 0 0 1 0 0 0 1 1.48926 1.55342 -0.850868</i>
                        <i>1 0 0 0 1 0 0 0 1 1.48926 1.56054 -0.850868</i>
                        <i>1 0 0 0 1 0 0 0 1 1.48926 1.56687 -0.850868</i>
                        <i>1 0 0 0 1 0 0 0 1 1.48926 1.57203 -0.850868</i>
                        <i>1 0 0 0 1 0 0 0 1 1.48926 1.57565 -0.850868</i>
                        <i>1 0 0 0 1 0 0 0 1 1.48926 1.57736 -0.850868</i>
                        <i>1 0 0 0 1 0 0 0 1 1.48926 1.57522 -0.850868</i>
                        <i>1 0 0 0 1 0 0 0 1 1.48926 1.56863 -0.850868</i>
                        <i>1 0 0 0 1 0 0 0 1 1.48926 1.55918 -0.850868</i>
                        <i>1 0 0 0 1 0 0 0 1 1.48926 1.54847 -0.850868</i>
                        <i>1 0 0 0 1 0 0 0 1 1.48926 1.53811 -0.850868</i>
                        <i>1 0 0 0 1 0 0 0 1 1.48926 1.52968 -0.850868</i>
                        <i>1 0 0 0 1 0 0 0 1 1.48926 1.52479 -0.850868</i>
                        <i>1 0 0 0 1 0 0 0 1 1.48926 1.52279 -0.850868</i>
                        <i>1 0 0 0 1 0 0 0 1 1.48926 1.52184 -0.850868</i>
                        <i>1 0 0 0 1 0 0 0 1 1.48926 1.52177 -0.850868</i>
                        <i>1 0 0 0 1 0 0 0 1 1.48926 1.52239 -0.850868</i>
                        <i>1 0 0 0 1 0 0 0 1 1.48926 1.52351 -0.850868</i>
                        <i>1 0 0 0 1 0 0 0 1 1.48926 1.52496 -0.850868</i>
                        <i>1 0 0 0 1 0 0 0 1 1.48926 1.52656 -0.850868</i>
                        <i>1 0 0 0 1 0 0 0 1 1.48926 1.52812 -0.850868</i>
                        <i>1 0 0 0 1 0 0 0 1 1.48926 1.52946 -0.850868</i>
                        <i>1 0 0 0 1 0 0 0 1 1.48926 1.53039 -0.850868</i>
                        <i>1 0 0 0 1 0 0 0 1 1.48926 1.53075 -0.850868</i>
                        <i>1 0 0 0 1 0 0 0 1 1.48926 1.53075 -0.850868</i>
                        <i>1 0 0 0 1 0 0 0 1 1.48926 1.53075 -0.850868</i>
                        <i>1 0 0 0 1 0 0 0 1 1.48926 1.53075 -0.850868</i>
                        <i>1 0 0 0 1 0 0 0 1 1.48926 1.53075 -0.850868</i>
                        <i>1 0 0 0 1 0 0 0 1 1.48926 1.53075 -0.850868</i>
                        <i>1 0 0 0 1 0 0 0 1 1.48926 1.53075 -0.850868</i>
                        <i>1 0 0 0 1 0 0 0 1 1.48926 1.53075 -0.850868</i>
                        <i>1 0 0 0 1 0 0 0 1 1.48926 1.53075 -0.850868</i>
                        <i>1 0 0 0 1 0 0 0 1 1.48926 1.53075 -0.850868</i>
                        <i>1 0 0 0 1 0 0 0 1 1.48926 1.53075 -0.850868</i>
                        <i>1 0 0 0 1 0 0 0 1 1.48926 1.53075 -0.850868</i>
                        <i>1 0 0 0 1 0 0 0 1 1.48926 1.53075 -0.850868</i>
                        <i>1 0 0 0 1 0 0 0 1 1.48926 1.53075 -0.850868</i>
                        <i>1 0 0 0 1 0 0 0 1 1.48926 1.53075 -0.850868</i>
                        <i>1 0 0 0 1 0 0 0 1 1.48926 1.53075 -0.850868</i>
                        <i>1 0 0 0 1 0 0 0 1 1.48926 1.53075 -0.850868</i>
                        <i>1 0 0 0 1 0 0 0 1 1.48926 1.53075 -0.850868</i>
                        <i>1 0 0 0 1 0 0 0 1 1.48926 1.53075 -0.850868</i>
                        <i>1 0 0 0 1 0 0 0 1 1.48926 1.53075 -0.850868</i>
                        <i>1 0 0 0 1 0 0 0 1 1.48926 1.53075 -0.850868</i>
                        <i>1 0 0 0 1 0 0 0 1 1.48926 1.53075 -0.850868</i>
                        <i>1 0 0 0 1 0 0 0 1 1.48926 1.53075 -0.850868</i>
                        <i>1 0 0 0 1 0 0 0 1 1.48926 1.53075 -0.850868</i>
                        <i>1 0 0 0 1 0 0 0 1 1.48926 1.53075 -0.850868</i>
                        <i>1 0 0 0 1 0 0 0 1 1.48926 1.53075 -0.850868</i>
                        <i>1 0 0 0 1 0 0 0 1 1.48926 1.53075 -0.850868</i>
                        <i>1 0 0 0 1 0 0 0 1 1.48926 1.53075 -0.850868</i>
                        <i>1 0 0 0 1 0 0 0 1 1.48926 1.53075 -0.850868</i>
                        <i>1 0 0 0 1 0 0 0 1 1.48926 1.53075 -0.850868</i>
                        <i>1 0 0 0 1 0 0 0 1 1.48926 1.53075 -0.850868</i>
                    </KeyFrames>
                </p>
            </i>
            <i>
                <p>
                    <Name><![CDATA[spine0]]></Name>
                    <Exclude>0</Exclude>
                    <Additive>0</Additive>
                    <IKPriority>0</IKPriority>
                    <IKRotLimits>-1e+010 -1e+010 -1e+010 1e+010 1e+010 1e+010</IKRotLimits>
                    <IKRotLimitOrder>0</IKRotLimitOrder>
                    <KeyFrames count="120">
                        <i>-0.0968668 0.990349 0.0991244 -0.955056 -0.0644553 -0.289333 -0.280152 -0.122696 0.952082 1.49238 1.66623 -0.899149</i>
                        <i>-0.0968327 0.990809 0.0944548 -0.952333 -0.0646514 -0.298131 -0.289284 -0.118821 0.94984 1.49283 1.66077 -0.899126</i>
                        <i>-0.0966532 0.99131 0.0892359 -0.949317 -0.0648737 -0.307551 -0.29909 -0.114439 0.947338 1.49331 1.65473 -0.899098</i>
                        <i>-0.0963435 0.991818 0.0837591 -0.946099 -0.0651094 -0.317265 -0.309215 -0.109811 0.944631 1.49381 1.64985 -0.899063</i>
                        <i>-0.0959349 0.992302 0.078311 -0.942782 -0.0653453 -0.326945 -0.319311 -0.105196 0.941793 1.49431 1.64784 -0.899023</i>
                        <i>-0.0954759 0.992739 0.073172 -0.939481 -0.0655685 -0.336269 -0.329029 -0.100849 0.938919 1.49478 1.64974 -0.898979</i>
                        <i>-0.0950306 0.993107 0.0686164 -0.936325 -0.0657658 -0.344919 -0.338029 -0.0970252 0.936121 1.49523 1.6543 -0.898934</i>
                        <i>-0.094676 0.993389 0.0649135 -0.933455 -0.0659241 -0.352584 -0.345974 -0.0939751 0.933526 1.49563 1.65973 -0.898891</i>
                        <i>-0.0944979 0.993572 0.0623289 -0.931017 -0.0660305 -0.358952 -0.352529 -0.0919496 0.931272 1.49596 1.66429 -0.898853</i>
                        <i>-0.0945847 0.993638 0.0611277 -0.929163 -0.0660717 -0.363717 -0.357364 -0.0911997 0.929502 1.4962 1.6662 -0.898822</i>
                        <i>-0.0950693 0.993564 0.0615829 -0.927857 -0.0660321 -0.367044 -0.360615 -0.0920347 0.928163 1.49638 1.66569 -0.8988</i>
                        <i>-0.0959629 0.993354 0.0635488 -0.926942 -0.065917 -0.36937 -0.362726 -0.0943519 0.927107 1.4965 1.6643 -0.898785</i>
                        <i>-0.0971599 0.993033 0.0666684 -0.926384 -0.065745 -0.370796 -0.36383 -0.0977871 0.926318 1.49657 1.66225 -0.898775</i>
                        <i>-0.0985466 0.992626 0.070587 -0.926149 -0.0655346 -0.37142 -0.364056 -0.101976 0.925778 1.4966 1.65976 -0.89877</i>
                        <i>-0.100004 0.99216 0.0749486 -0.926198 -0.0653043 -0.37134 -0.363534 -0.106553 0.925467 1.4966 1.65705 -0.898771</i>
                        <i>-0.101413 0.991671 0.079394 -0.926489 -0.0650729 -0.370652 -0.362398 -0.111147 0.925372 1.49656 1.65434 -0.898776</i>
                        <i>-0.102655 0.991201 0.0835591 -0.926983 -0.0648592 -0.369452 -0.360782 -0.115384 0.925485 1.4965 1.65185 -0.898784</i>
                        <i>-0.103614 0.990799 0.0870745 -0.927638 -0.0646821 -0.367837 -0.358821 -0.118887 0.925804 1.49642 1.6498 -0.898795</i>
                        <i>-0.104179 0.990517 0.0895663 -0.928411 -0.0645609 -0.365903 -0.356651 -0.121274 0.926333 1.49631 1.6484 -0.898808</i>
                        <i>-0.104247 0.990411 0.0906583 -0.929261 -0.0645146 -0.363747 -0.35441 -0.122165 0.927076 1.4962 1.64789 -0.898822</i>
                        <i>-0.103984 0.990409 0.090984 -0.930327 -0.0645116 -0.361012 -0.35168 -0.122184 0.928112 1.49606 1.64789 -0.89884</i>
                        <i>-0.103636 0.990406 0.0914126 -0.931721 -0.0645078 -0.357399 -0.348073 -0.12221 0.929467 1.49587 1.64789 -0.898862</i>
                        <i>-0.103219 0.990402 0.0919215 -0.933364 -0.0645034 -0.353088 -0.34377 -0.122241 0.931064 1.49565 1.64789 -0.898888</i>
                        <i>-0.10275 0.990398 0.0924882 -0.935177 -0.0644986 -0.348258 -0.338948 -0.122276 0.932825 1.4954 1.6479 -0.898916</i>
                        <i>-0.102245 0.990394 0.0930906 -0.937086 -0.0644937 -0.34309 -0.333791 -0.122313 0.934678 1.49513 1.6479 -0.898944</i>
                        <i>-0.101724 0.990389 0.093707 -0.939018 -0.0644889 -0.337767 -0.328478 -0.122351 0.936553 1.49486 1.6479 -0.898972</i>
                        <i>-0.101202 0.990385 0.0943158 -0.940906 -0.0644843 -0.332473 -0.323195 -0.122389 0.938385 1.49459 1.6479 -0.898998</i>
                        <i>-0.1007 0.990381 0.0948961 -0.942685 -0.0644802 -0.327393 -0.318125 -0.122426 0.940111 1.49433 1.6479 -0.899021</i>
                        <i>-0.100235 0.990377 0.0954272 -0.944298 -0.0644765 -0.322715 -0.313456 -0.122459 0.941674 1.49409 1.64791 -0.899041</i>
                        <i>-0.0998274 0.990374 0.0958888 -0.945686 -0.0644735 -0.318625 -0.309375 -0.122488 0.943018 1.49388 1.64791 -0.899057</i>
                        <i>-0.100058 0.99031 0.0963048 -0.946934 -0.065065 -0.314773 -0.305457 -0.12269 0.944269 1.49368 1.64791 -0.899072</i>
                        <i>-0.101329 0.99014 0.0967183 -0.948143 -0.0666747 -0.310772 -0.301259 -0.123193 0.945551 1.49348 1.64791 -0.899086</i>
                        <i>-0.103387 0.989887 0.0971353 -0.949283 -0.069046 -0.306748 -0.296939 -0.123923 0.946821 1.49327 1.64791 -0.8991</i>
                        <i>-0.10598 0.989571 0.0975568 -0.950326 -0.0719221 -0.302833 -0.292659 -0.124805 0.948037 1.49308 1.64791 -0.899112</i>
                        <i>-0.108855 0.989218 0.0979763 -0.951248 -0.0750467 -0.299158 -0.288579 -0.125764 0.94916 1.49289 1.64791 -0.899123</i>
                        <i>-0.11176 0.988853 0.0983794 -0.95203 -0.0781647 -0.295852 -0.284864 -0.126725 0.950154 1.49273 1.64791 -0.899132</i>
                        <i>-0.114447 0.98851 0.0987441 -0.952658 -0.0810234 -0.293049 -0.281682 -0.127608 0.950985 1.49259 1.64792 -0.899139</i>
                        <i>-0.11667 0.98822 0.0990426 -0.953119 -0.0833724 -0.290883 -0.279199 -0.128337 0.951618 1.49248 1.64792 -0.899145</i>
                        <i>-0.118182 0.98802 0.0992436 -0.953404 -0.0849635 -0.289485 -0.277585 -0.128831 0.952024 1.49241 1.64792 -0.899148</i>
                        <i>-0.118741 0.987946 0.0993167 -0.953502 -0.0855491 -0.28899 -0.27701 -0.129014 0.952166 1.49238 1.64792 -0.899149</i>
                        <i>-0.117385 0.988138 0.0990112 -0.953604 -0.0843232 -0.289014 -0.277236 -0.128343 0.952191 1.49238 1.64957 -0.899149</i>
                        <i>-0.113776 0.988643 0.0981863 -0.953868 -0.0810644 -0.289074 -0.277831 -0.126546 0.952258 1.49238 1.65393 -0.899149</i>
                        <i>-0.108582 0.989344 0.0970019 -0.95423 -0.0763777 -0.289155 -0.278665 -0.123959 0.952355 1.49238 1.6601 -0.899149</i>
                        <i>-0.102485 0.99013 0.095597 -0.954628 -0.070884 -0.289242 -0.279611 -0.120903 0.95247 1.49238 1.66717 -0.899149</i>
                        <i>-0.096206 0.990909 0.0940454 -0.955004 -0.065261 -0.289323 -0.280555 -0.117648 0.952601 1.49238 1.67425 -0.899149</i>
                        <i>-0.0905192 0.991605 0.0923327 -0.955314 -0.0602603 -0.289386 -0.281393 -0.114402 0.952749 1.49238 1.68042 -0.899149</i>
                        <i>-0.0862531 0.992167 0.0903589 -0.955519 -0.0567084 -0.289427 -0.282036 -0.111304 0.952926 1.49238 1.6848 -0.899149</i>
                        <i>-0.0842887 0.99255 0.0879751 -0.955586 -0.055495 -0.28944 -0.282401 -0.108464 0.953145 1.49238 1.68648 -0.899149</i>
                        <i>-0.0840345 0.992811 0.0852292 -0.955556 -0.0560342 -0.289434 -0.282578 -0.105764 0.953396 1.49238 1.68567 -0.899149</i>
                        <i>-0.0843671 0.99299 0.0827886 -0.9555 -0.0570518 -0.289423 -0.282671 -0.103522 0.953614 1.49238 1.68339 -0.899149</i>
                        <i>-0.0854142 0.993018 0.0813591 -0.955419 -0.0584687 -0.289407 -0.282629 -0.102451 0.953742 1.49238 1.67996 -0.899149</i>
                        <i>-0.0872824 0.992846 0.0814809 -0.955315 -0.0602337 -0.289386 -0.282408 -0.103098 0.953738 1.49238 1.67569 -0.899149</i>
                        <i>-0.0900059 0.99243 0.0835541 -0.955193 -0.062267 -0.289361 -0.281968 -0.105854 0.953566 1.49238 1.67089 -0.899149</i>
                        <i>-0.0932367 0.991822 0.0871516 -0.955062 -0.0643572 -0.289335 -0.28136 -0.110212 0.953252 1.49238 1.66586 -0.899149</i>
                        <i>-0.0963113 0.991201 0.0908022 -0.954938 -0.0662847 -0.289309 -0.280744 -0.114574 0.952919 1.49238 1.66092 -0.899149</i>
                        <i>-0.0986645 0.990796 0.0926726 -0.954823 -0.0680245 -0.289284 -0.280318 -0.117028 0.952747 1.49238 1.65638 -0.899149</i>
                        <i>-0.100151 0.990665 0.092484 -0.954722 -0.0695127 -0.289263 -0.280134 -0.117266 0.952772 1.49238 1.65256 -0.899149</i>
                        <i>-0.100945 0.990695 0.0912862 -0.954646 -0.0706195 -0.289246 -0.280108 -0.116344 0.952892 1.49238 1.64975 -0.899149</i>
                        <i>-0.10126 0.990783 0.0899772 -0.954599 -0.0712952 -0.289236 -0.280155 -0.11518 0.95302 1.49238 1.64828 -0.899149</i>
                        <i>-0.10132 0.990832 0.089361 -0.954583 -0.0715283 -0.289233 -0.280189 -0.114608 0.953079 1.49238 1.64845 -0.899149</i>
                        <i>-0.102323 0.990215 0.0948897 -0.955349 -0.0712403 -0.286762 -0.277196 -0.119995 0.953291 1.49226 1.6506 -0.899155</i>
                        <i>-0.104311 0.988932 0.105511 -0.957418 -0.0711338 -0.279804 -0.269202 -0.130205 0.954242 1.49191 1.65458 -0.899169</i>
                        <i>-0.105783 0.988057 0.112038 -0.960412 -0.0723166 -0.269033 -0.257718 -0.136061 0.956592 1.49136 1.66002 -0.899185</i>
                        <i>-0.106469 0.987898 0.11279 -0.964009 -0.0747651 -0.255139 -0.243619 -0.135895 0.960303 1.49066 1.66656 -0.899198</i>
                        <i>-0.107023 0.987867 0.112537 -0.967952 -0.0776587 -0.238826 -0.227189 -0.13449 0.964519 1.48984 1.6738 -0.899199</i>
                        <i>-0.107428 0.987937 0.111537 -0.971969 -0.0807633 -0.2208 -0.209128 -0.132131 0.96892 1.48894 1.68138 -0.899185</i>
                        <i>-0.107669 0.988075 0.110068 -0.975834 -0.0838573 -0.201781 -0.190144 -0.129133 0.973226 1.488 1.68893 -0.899152</i>
                        <i>-0.107729 0.988251 0.108416 -0.979373 -0.0867398 -0.182498 -0.17095 -0.12584 0.977211 1.48704 1.69605 -0.8991</i>
                        <i>-0.107585 0.988434 0.106883 -0.982467 -0.0892345 -0.163692 -0.152261 -0.12262 0.980704 1.48611 1.70239 -0.899032</i>
                        <i>-0.107206 0.988594 0.105776 -0.985056 -0.0911885 -0.146112 -0.1348 -0.11986 0.983597 1.48525 1.70756 -0.898952</i>
                        <i>-0.106548 0.988705 0.105404 -0.987126 -0.0924644 -0.130508 -0.119288 -0.117952 0.985828 1.48449 1.71119 -0.898868</i>
                        <i>-0.105551 0.988741 0.106067 -0.9887 -0.0929271 -0.117634 -0.106453 -0.117284 0.987376 1.48386 1.7129 -0.89879</i>
                        <i>-0.104435 0.988732 0.107251 -0.989891 -0.092935 -0.107142 -0.0959674 -0.117356 0.988442 1.48335 1.71076 -0.898721</i>
                        <i>-0.103474 0.988724 0.108249 -0.990817 -0.0929423 -0.0981989 -0.0870307 -0.117416 0.989262 1.48292 1.70417 -0.898657</i>
                        <i>-0.102677 0.988717 0.109065 -0.991519 -0.0929488 -0.0908303 -0.0796681 -0.117466 0.989876 1.48256 1.69473 -0.898602</i>
                        <i>-0.102049 0.988712 0.109699 -0.99203 -0.0929541 -0.0850604 -0.0739032 -0.117505 0.990319 1.48228 1.68402 -0.898557</i>
                        <i>-0.101596 0.988709 0.110153 -0.992377 -0.092958 -0.080912 -0.0697588 -0.117533 0.990616 1.48208 1.67366 -0.898523</i>
                        <i>-0.101321 0.988706 0.110425 -0.992578 -0.0929605 -0.0784074 -0.0672567 -0.11755 0.990787 1.48196 1.66523 -0.898503</i>
                        <i>-0.101229 0.988706 0.110517 -0.992644 -0.0929613 -0.0775679 -0.0664181 -0.117556 0.990843 1.48192 1.66034 -0.898496</i>
                        <i>-0.101239 0.988706 0.110506 -0.992636 -0.0929612 -0.077667 -0.0665171 -0.117555 0.990836 1.48192 1.65834 -0.898497</i>
                        <i>-0.101282 0.988706 0.110463 -0.992605 -0.0929608 -0.0780573 -0.066907 -0.117552 0.99081 1.48194 1.65739 -0.8985</i>
                        <i>-0.101373 0.988707 0.110374 -0.99254 -0.09296 -0.0788784 -0.0677273 -0.117547 0.990755 1.48198 1.65732 -0.898507</i>
                        <i>-0.101525 0.988708 0.110223 -0.992429 -0.0929586 -0.0802698 -0.0691172 -0.117537 0.99066 1.48205 1.65793 -0.898518</i>
                        <i>-0.101755 0.98871 0.109993 -0.992257 -0.0929566 -0.0823707 -0.0712161 -0.117523 0.990513 1.48215 1.65906 -0.898535</i>
                        <i>-0.102078 0.988713 0.109671 -0.992008 -0.0929538 -0.0853204 -0.074163 -0.117503 0.990299 1.48229 1.66051 -0.898559</i>
                        <i>-0.102506 0.988716 0.109238 -0.991662 -0.0929502 -0.0892575 -0.0780967 -0.117477 0.99 1.48248 1.66211 -0.89859</i>
                        <i>-0.103056 0.988721 0.108679 -0.991194 -0.0929457 -0.0943205 -0.0831554 -0.117443 0.989592 1.48273 1.66366 -0.898628</i>
                        <i>-0.103738 0.988726 0.107977 -0.990572 -0.0929403 -0.100647 -0.0894767 -0.1174 0.989046 1.48303 1.665 -0.898675</i>
                        <i>-0.104566 0.988733 0.107112 -0.989757 -0.092934 -0.108373 -0.0971976 -0.117347 0.988323 1.48341 1.66593 -0.898729</i>
                        <i>-0.105551 0.988741 0.106067 -0.9887 -0.0929271 -0.117634 -0.106453 -0.117284 0.987376 1.48386 1.66628 -0.89879</i>
                        <i>-0.106407 0.988756 0.10507 -0.987332 -0.0925599 -0.12887 -0.117695 -0.117452 0.98608 1.48441 1.66628 -0.898859</i>
                        <i>-0.106888 0.98878 0.104353 -0.985599 -0.0915386 -0.14218 -0.131032 -0.118048 0.984325 1.48506 1.66628 -0.898932</i>
                        <i>-0.107055 0.98881 0.103898 -0.983463 -0.0899599 -0.15719 -0.146084 -0.119007 0.982088 1.48579 1.66627 -0.899004</i>
                        <i>-0.106974 0.988841 0.103685 -0.980898 -0.0879198 -0.173522 -0.162469 -0.120267 0.979357 1.4866 1.66627 -0.89907</i>
                        <i>-0.106706 0.988869 0.103694 -0.977897 -0.0855144 -0.1908 -0.179809 -0.121761 0.976137 1.48745 1.66626 -0.899125</i>
                        <i>-0.106312 0.98889 0.103896 -0.974476 -0.0828411 -0.208649 -0.197724 -0.123426 0.972456 1.48834 1.66626 -0.899166</i>
                        <i>-0.105851 0.988901 0.104259 -0.970674 -0.0799993 -0.226697 -0.21584 -0.125197 0.968369 1.48924 1.66625 -0.899192</i>
                        <i>-0.105375 0.988901 0.104738 -0.966561 -0.0770907 -0.244575 -0.233786 -0.127008 0.963957 1.49013 1.66624 -0.8992</i>
                        <i>-0.104934 0.98889 0.105284 -0.962231 -0.0742191 -0.261921 -0.251197 -0.128792 0.959329 1.491 1.66624 -0.899193</i>
                        <i>-0.104571 0.98887 0.105839 -0.957807 -0.0714909 -0.278379 -0.267714 -0.130483 0.954622 1.49183 1.66623 -0.899171</i>
                        <i>-0.104322 0.988843 0.106336 -0.953434 -0.0690139 -0.2936 -0.282985 -0.132013 0.949996 1.4926 1.66623 -0.899139</i>
                        <i>-0.10422 0.988814 0.106705 -0.949277 -0.0668974 -0.307242 -0.296667 -0.133313 0.94563 1.4933 1.66622 -0.899099</i>
                        <i>-0.104292 0.988788 0.106873 -0.945516 -0.0652516 -0.31897 -0.308421 -0.134316 0.94172 1.4939 1.66622 -0.899056</i>
                        <i>-0.104562 0.988771 0.106764 -0.942337 -0.0641862 -0.328454 -0.317913 -0.134952 0.938466 1.49438 1.66622 -0.899016</i>
                        <i>-0.105056 0.988768 0.106307 -0.939925 -0.0638103 -0.335363 -0.324813 -0.135153 0.936072 1.49474 1.66621 -0.898984</i>
                        <i>-0.105516 0.988787 0.105675 -0.938341 -0.06382 -0.339769 -0.329215 -0.13501 0.934553 1.49496 1.66621 -0.898962</i>
                        <i>-0.105686 0.988831 0.105089 -0.937485 -0.0638389 -0.34212 -0.33159 -0.134677 0.933761 1.49508 1.66621 -0.89895</i>
                        <i>-0.105601 0.988898 0.104545 -0.93729 -0.0638658 -0.342649 -0.332168 -0.134173 0.933628 1.49511 1.66621 -0.898947</i>
                        <i>-0.105296 0.988984 0.104038 -0.937676 -0.0638997 -0.341586 -0.331175 -0.133521 0.934075 1.49506 1.66621 -0.898952</i>
                        <i>-0.104805 0.989086 0.103561 -0.938555 -0.0639395 -0.339155 -0.328832 -0.132743 0.935013 1.49493 1.66621 -0.898965</i>
                        <i>-0.104161 0.989201 0.103108 -0.939835 -0.0639845 -0.335582 -0.325361 -0.131859 0.936351 1.49475 1.66621 -0.898983</i>
                        <i>-0.1034 0.989327 0.102671 -0.941424 -0.0640335 -0.33109 -0.320982 -0.130892 0.937997 1.49452 1.66621 -0.899004</i>
                        <i>-0.102554 0.989459 0.102244 -0.943228 -0.0640857 -0.325904 -0.315916 -0.129862 0.939858 1.49425 1.66622 -0.899027</i>
                        <i>-0.101656 0.989595 0.101821 -0.94516 -0.0641401 -0.320249 -0.310386 -0.128792 0.941846 1.49396 1.66622 -0.899051</i>
                        <i>-0.100736 0.989733 0.101396 -0.947133 -0.0641958 -0.314353 -0.304616 -0.127702 0.943876 1.49366 1.66622 -0.899074</i>
                        <i>-0.099827 0.989869 0.100965 -0.94907 -0.0642516 -0.308444 -0.298832 -0.126614 0.945869 1.49336 1.66622 -0.899095</i>
                        <i>-0.0989572 0.990001 0.100525 -0.950897 -0.0643066 -0.302755 -0.293263 -0.125549 0.947752 1.49307 1.66622 -0.899113</i>
                        <i>-0.0981555 0.990127 0.100073 -0.952545 -0.0643596 -0.297517 -0.288139 -0.124527 0.949457 1.4928 1.66623 -0.899128</i>
                        <i>-0.0974497 0.990243 0.0996064 -0.953951 -0.0644096 -0.292965 -0.283691 -0.123569 0.950921 1.49257 1.66623 -0.89914</i>
                        <i>-0.0968668 0.990349 0.0991244 -0.955056 -0.0644553 -0.289333 -0.280152 -0.122696 0.952082 1.49238 1.66623 -0.899149</i>
                    </KeyFrames>
                </p>
            </i>
            <i>
                <p>
                    <Name><![CDATA[spine1]]></Name>
                    <Exclude>0</Exclude>
                    <Additive>0</Additive>
                    <IKPriority>0</IKPriority>
                    <IKRotLimits>-1e+010 -1e+010 -1e+010 1e+010 1e+010 1e+010</IKRotLimits>
                    <IKRotLimitOrder>0</IKRotLimitOrder>
                    <KeyFrames count="120">
                        <i>-0.1334 0.869786 0.475054 -0.986074 -0.0684537 -0.151566 -0.099311 -0.488657 0.866805 1.47517 1.84234 -0.881559</i>
                        <i>-0.136044 0.874156 0.466202 -0.98471 -0.067633 -0.160536 -0.108802 -0.480913 0.869991 1.47563 1.83685 -0.882377</i>
                        <i>-0.13859 0.879028 0.456183 -0.983157 -0.066704 -0.170153 -0.11914 -0.472081 0.873467 1.47616 1.83078 -0.883286</i>
                        <i>-0.140957 0.884091 0.44555 -0.981452 -0.0657223 -0.180088 -0.129932 -0.462671 0.876957 1.47672 1.82585 -0.884234</i>
                        <i>-0.143102 0.889052 0.434866 -0.979645 -0.0647429 -0.190011 -0.140776 -0.453206 0.88022 1.47731 1.82379 -0.88517</i>
                        <i>-0.145021 0.893641 0.424704 -0.977798 -0.0638205 -0.199594 -0.151261 -0.44422 0.883056 1.47788 1.82565 -0.886046</i>
                        <i>-0.146747 0.897611 0.415643 -0.975989 -0.0630093 -0.208508 -0.16097 -0.436261 0.885305 1.47841 1.83016 -0.886816</i>
                        <i>-0.148345 0.900729 0.408265 -0.974304 -0.0623633 -0.21643 -0.169484 -0.429881 0.886836 1.47888 1.83556 -0.887433</i>
                        <i>-0.149902 0.902772 0.403153 -0.972841 -0.0619363 -0.223033 -0.176379 -0.425637 0.887538 1.47925 1.84009 -0.887855</i>
                        <i>-0.151509 0.903514 0.400884 -0.9717 -0.0617821 -0.227998 -0.181232 -0.424083 0.887304 1.47948 1.84199 -0.888039</i>
                        <i>-0.153487 0.902651 0.402073 -0.97086 -0.0619677 -0.231498 -0.184046 -0.425888 0.885859 1.47957 1.8415 -0.887935</i>
                        <i>-0.155983 0.900271 0.406426 -0.97023 -0.0624713 -0.233988 -0.185262 -0.430825 0.883214 1.47952 1.84014 -0.887567</i>
                        <i>-0.158805 0.896706 0.413157 -0.969801 -0.063214 -0.235564 -0.185114 -0.438089 0.879665 1.47937 1.83813 -0.886999</i>
                        <i>-0.161741 0.892295 0.421485 -0.969557 -0.0641168 -0.236322 -0.183845 -0.446877 0.875501 1.47915 1.83569 -0.886293</i>
                        <i>-0.164577 0.887392 0.430638 -0.969483 -0.0651008 -0.236357 -0.181706 -0.456395 0.871026 1.47887 1.83303 -0.885511</i>
                        <i>-0.1671 0.882386 0.439856 -0.969562 -0.0660864 -0.23576 -0.178963 -0.465863 0.86657 1.47857 1.83036 -0.884717</i>
                        <i>-0.169114 0.877693 0.448392 -0.969775 -0.0669935 -0.234623 -0.175888 -0.474518 0.862494 1.47828 1.82791 -0.883976</i>
                        <i>-0.170435 0.873762 0.455513 -0.970106 -0.0677416 -0.233034 -0.172759 -0.481613 0.859187 1.47801 1.82589 -0.883355</i>
                        <i>-0.170896 0.871059 0.460491 -0.970538 -0.0682497 -0.231082 -0.169858 -0.486414 0.857059 1.47781 1.82452 -0.882919</i>
                        <i>-0.170342 0.870051 0.462596 -0.971052 -0.068437 -0.228854 -0.167456 -0.488189 0.856522 1.47768 1.82402 -0.882737</i>
                        <i>-0.168984 0.870041 0.463113 -0.971721 -0.0684368 -0.225997 -0.164933 -0.488206 0.857002 1.47758 1.82402 -0.882696</i>
                        <i>-0.16719 0.870028 0.463788 -0.972591 -0.0684368 -0.222225 -0.161602 -0.488229 0.857623 1.47746 1.82402 -0.882643</i>
                        <i>-0.165049 0.870013 0.464583 -0.973608 -0.0684368 -0.217726 -0.15763 -0.488257 0.858346 1.47731 1.82402 -0.882578</i>
                        <i>-0.16265 0.869995 0.46546 -0.97472 -0.068437 -0.21269 -0.153184 -0.488287 0.859133 1.47714 1.82402 -0.882505</i>
                        <i>-0.160084 0.869977 0.466383 -0.975879 -0.0684374 -0.207306 -0.148433 -0.48832 0.859948 1.47697 1.82402 -0.882426</i>
                        <i>-0.157441 0.869958 0.467317 -0.97704 -0.068438 -0.201765 -0.143545 -0.488354 0.860759 1.47678 1.82402 -0.882344</i>
                        <i>-0.154813 0.869939 0.46823 -0.978161 -0.0684389 -0.196259 -0.138688 -0.488387 0.861535 1.4766 1.82402 -0.882262</i>
                        <i>-0.152291 0.869921 0.469089 -0.979205 -0.0684399 -0.19098 -0.134033 -0.488419 0.862254 1.47643 1.82402 -0.882182</i>
                        <i>-0.149968 0.869904 0.469868 -0.98014 -0.068441 -0.186122 -0.12975 -0.488449 0.862892 1.47628 1.82403 -0.882108</i>
                        <i>-0.147938 0.86989 0.470538 -0.980936 -0.0684421 -0.181878 -0.12601 -0.488474 0.863432 1.47614 1.82403 -0.882042</i>
                        <i>-0.146264 0.869839 0.471155 -0.98168 -0.0688319 -0.177672 -0.122116 -0.48851 0.863971 1.4759 1.82401 -0.881983</i>
                        <i>-0.14492 0.869724 0.471781 -0.982449 -0.0698894 -0.172945 -0.117442 -0.488564 0.864588 1.47547 1.82398 -0.881925</i>
