<?xml version="1.0" encoding="ISO-8859-1" ?>
<Animl Version="1">
    <ModellingPackage><![CDATA[Maya.2010]]></ModellingPackage>
    <SrcFile><![CDATA[anims\turrets\machinegun\blue\~src\mgun_gatling\mgun_gatling_fire_crewman_a.mb]]></SrcFile>
    <FramesPerSecond>30</FramesPerSecond>
    <TotalFrames>33</TotalFrames>
    <Skeleton>
        <RefFrame>
            <Name><![CDATA[soldier_ref_frame]]></Name>
            <Exclude>0</Exclude>
            <Additive>0</Additive>
            <IKPriority>0</IKPriority>
            <IKRotLimits>-1e+010 -1e+010 -1e+010 1e+010 1e+010 1e+010</IKRotLimits>
            <IKRotLimitOrder>0</IKRotLimitOrder>
            <KeyFrames count="33">
                <i>1 0 0 0 1 0 0 0 1 0 0.92 -1.78</i>
                <i>1 0 0 0 1 0 0 0 1 0 0.92 -1.78</i>
                <i>1 0 0 0 1 0 0 0 1 0 0.92 -1.78</i>
                <i>1 0 0 0 1 0 0 0 1 0 0.92 -1.78</i>
                <i>1 0 0 0 1 0 0 0 1 0 0.92 -1.78</i>
                <i>1 0 0 0 1 0 0 0 1 0 0.92 -1.78</i>
                <i>1 0 0 0 1 0 0 0 1 0 0.92 -1.78</i>
                <i>1 0 0 0 1 0 0 0 1 0 0.92 -1.78</i>
                <i>1 0 0 0 1 0 0 0 1 0 0.92 -1.78</i>
                <i>1 0 0 0 1 0 0 0 1 0 0.92 -1.78</i>
                <i>1 0 0 0 1 0 0 0 1 0 0.92 -1.78</i>
                <i>1 0 0 0 1 0 0 0 1 0 0.92 -1.78</i>
                <i>1 0 0 0 1 0 0 0 1 0 0.92 -1.78</i>
                <i>1 0 0 0 1 0 0 0 1 0 0.92 -1.78</i>
                <i>1 0 0 0 1 0 0 0 1 0 0.92 -1.78</i>
                <i>1 0 0 0 1 0 0 0 1 0 0.92 -1.78</i>
                <i>1 0 0 0 1 0 0 0 1 0 0.92 -1.78</i>
                <i>1 0 0 0 1 0 0 0 1 0 0.92 -1.78</i>
                <i>1 0 0 0 1 0 0 0 1 0 0.92 -1.78</i>
                <i>1 0 0 0 1 0 0 0 1 0 0.92 -1.78</i>
                <i>1 0 0 0 1 0 0 0 1 0 0.92 -1.78</i>
                <i>1 0 0 0 1 0 0 0 1 0 0.92 -1.78</i>
                <i>1 0 0 0 1 0 0 0 1 0 0.92 -1.78</i>
                <i>1 0 0 0 1 0 0 0 1 0 0.92 -1.78</i>
                <i>1 0 0 0 1 0 0 0 1 0 0.92 -1.78</i>
                <i>1 0 0 0 1 0 0 0 1 0 0.92 -1.78</i>
                <i>1 0 0 0 1 0 0 0 1 0 0.92 -1.78</i>
                <i>1 0 0 0 1 0 0 0 1 0 0.92 -1.78</i>
                <i>1 0 0 0 1 0 0 0 1 0 0.92 -1.78</i>
                <i>1 0 0 0 1 0 0 0 1 0 0.92 -1.78</i>
                <i>1 0 0 0 1 0 0 0 1 0 0.92 -1.78</i>
                <i>1 0 0 0 1 0 0 0 1 0 0.92 -1.78</i>
                <i>1 0 0 0 1 0 0 0 1 0 0.92 -1.78</i>
            </KeyFrames>
        </RefFrame>
        <Bones count="23">
            <i>
                <p>
                    <Name><![CDATA[pelvis]]></Name>
                    <Exclude>0</Exclude>
                    <Additive>0</Additive>
                    <IKPriority>0</IKPriority>
                    <IKRotLimits>-1e+010 -1e+010 -1e+010 1e+010 1e+010 1e+010</IKRotLimits>
                    <IKRotLimitOrder>2</IKRotLimitOrder>
                    <KeyFrames count="33">
                        <i>1 0 0 0 1 0 0 0 1 -0.0451928 2.36644 -1.42794</i>
                        <i>1 0 0 0 1 0 0 0 1 -0.0488322 2.37697 -1.425</i>
                        <i>1 0 0 0 1 0 0 0 1 -0.0465277 2.38776 -1.42321</i>
                        <i>1 0 0 0 1 0 0 0 1 -0.0447347 2.3981 -1.41911</i>
                        <i>1 0 0 0 1 0 0 0 1 -0.0498885 2.4075 -1.40923</i>
                        <i>1 0 0 0 1 0 0 0 1 -0.066471 2.417 -1.38929</i>
                        <i>1 0 0 0 1 0 0 0 1 -0.0901194 2.42675 -1.36224</i>
                        <i>1 0 0 0 1 0 0 0 1 -0.113995 2.43481 -1.3355</i>
                        <i>1 0 0 0 1 0 0 0 1 -0.131269 2.43891 -1.31647</i>
                        <i>1 0 0 0 1 0 0 0 1 -0.13954 2.43995 -1.30558</i>
                        <i>1 0 0 0 1 0 0 0 1 -0.141563 2.44033 -1.2982</i>
                        <i>1 0 0 0 1 0 0 0 1 -0.138257 2.43997 -1.29418</i>
                        <i>1 0 0 0 1 0 0 0 1 -0.130541 2.43875 -1.29337</i>
                        <i>1 0 0 0 1 0 0 0 1 -0.119334 2.43659 -1.29564</i>
                        <i>1 0 0 0 1 0 0 0 1 -0.105555 2.43338 -1.30082</i>
                        <i>1 0 0 0 1 0 0 0 1 -0.0901235 2.42903 -1.30878</i>
                        <i>1 0 0 0 1 0 0 0 1 -0.073958 2.42344 -1.31937</i>
                        <i>1 0 0 0 1 0 0 0 1 -0.0573695 2.41703 -1.33284</i>
                        <i>1 0 0 0 1 0 0 0 1 -0.0408646 2.40975 -1.34855</i>
                        <i>1 0 0 0 1 0 0 0 1 -0.0256604 2.40073 -1.36506</i>
                        <i>1 0 0 0 1 0 0 0 1 -0.012976 2.38905 -1.3809</i>
                        <i>1 0 0 0 1 0 0 0 1 -0.0040263 2.37362 -1.39463</i>
                        <i>1 0 0 0 1 0 0 0 1 -1.89602e-005 2.35333 -1.4048</i>
                        <i>1 0 0 0 1 0 0 0 1 -0.00101313 2.32879 -1.41199</i>
                        <i>1 0 0 0 1 0 0 0 1 -0.00561632 2.30167 -1.4179</i>
                        <i>1 0 0 0 1 0 0 0 1 -0.0128595 2.27245 -1.42274</i>
                        <i>1 0 0 0 1 0 0 0 1 -0.0217734 2.24161 -1.42674</i>
                        <i>1 0 0 0 1 0 0 0 1 -0.0313869 2.20961 -1.43012</i>
                        <i>1 0 0 0 1 0 0 0 1 -0.0407264 2.17693 -1.43311</i>
                        <i>1 0 0 0 1 0 0 0 1 -0.0488157 2.14402 -1.43594</i>
                        <i>1 0 0 0 1 0 0 0 1 -0.0546765 2.11133 -1.43882</i>
                        <i>1 0 0 0 1 0 0 0 1 -0.0573296 2.07931 -1.44201</i>
                        <i>1 0 0 0 1 0 0 0 1 -0.055795 2.04837 -1.44572</i>
                    </KeyFrames>
                </p>
            </i>
            <i>
                <p>
                    <Name><![CDATA[spine0]]></Name>
                    <Exclude>0</Exclude>
                    <Additive>0</Additive>
                    <IKPriority>0</IKPriority>
                    <IKRotLimits>-1e+010 -1e+010 -1e+010 1e+010 1e+010 1e+010</IKRotLimits>
                    <IKRotLimitOrder>0</IKRotLimitOrder>
                    <KeyFrames count="33">
                        <i>-0.301411 0.939221 0.164365 -0.93346 -0.325811 0.149996 0.194431 -0.108218 0.974928 -0.0744167 2.45845 -1.53461</i>
                        <i>-0.271062 0.95026 0.153397 -0.950216 -0.289608 0.114964 0.153671 -0.114598 0.981454 -0.0753637 2.47823 -1.52368</i>
                        <i>-0.239769 0.960753 0.139518 -0.964368 -0.252254 0.0797631 0.111827 -0.115422 0.987002 -0.0705399 2.49757 -1.513</i>
                        <i>-0.212628 0.968375 0.130532 -0.973749 -0.221101 0.0541045 0.0812541 -0.115601 0.989967 -0.0665057 2.5152 -1.49979</i>
                        <i>-0.194465 0.972656 0.126981 -0.978583 -0.201282 0.0431361 0.0675155 -0.115873 0.990967 -0.0695173 2.53037 -1.48145</i>
                        <i>-0.165857 0.979662 0.112931 -0.98474 -0.170652 0.0341358 0.0527134 -0.105546 0.993016 -0.0821947 2.54487 -1.4533</i>
                        <i>-0.119339 0.988956 0.0878844 -0.992412 -0.121458 0.0191523 0.029615 -0.0849319 0.995947 -0.0999973 2.55887 -1.4183</i>
                        <i>-0.0739901 0.995135 0.0650491 -0.997201 -0.0745315 0.00593241 0.0107518 -0.0644281 0.997864 -0.118394 2.56964 -1.38548</i>
                        <i>-0.0480003 0.997428 0.0532365 -0.998843 -0.0480893 0.000391322 0.00295042 -0.0531561 0.998582 -0.132883 2.57469 -1.36399</i>
                        <i>-0.038324 0.998025 0.0497706 -0.999262 -0.0383968 0.000508561 0.00241859 -0.0497144 0.998761 -0.140592 2.57577 -1.353</i>
                        <i>-0.0301673 0.998449 0.046789 -0.999543 -0.0302308 0.000649234 0.00206269 -0.046748 0.998905 -0.142276 2.57619 -1.3455</i>
                        <i>-0.023576 0.998731 0.0445062 -0.99972 -0.0236348 0.000795255 0.00184614 -0.044475 0.999009 -0.138834 2.57587 -1.34136</i>
                        <i>-0.0185955 0.998896 0.043136 -0.999826 -0.0186529 0.000927797 0.00173138 -0.0431112 0.999069 -0.131164 2.5747 -1.34042</i>
                        <i>-0.0152718 0.998963 0.042892 -0.999882 -0.0153299 0.00102714 0.0016836 -0.0428713 0.999079 -0.120163 2.57259 -1.34254</i>
                        <i>-0.0136519 0.998939 0.0439898 -0.999905 -0.0137123 0.00107248 0.00167454 -0.043971 0.999031 -0.106729 2.56943 -1.34757</i>
                        <i>-0.013785 0.998816 0.0466476 -0.999904 -0.0138486 0.0010418 0.00168657 -0.0466288 0.998911 -0.0917586 2.56513 -1.35536</i>
                        <i>-0.0157236 0.99857 0.0510889 -0.999875 -0.0157908 0.000911638 0.00171707 -0.0510681 0.998694 -0.0761506 2.55959 -1.36577</i>
                        <i>-0.0249487 0.99751 0.0659669 -0.999681 -0.0251564 0.00232036 0.00397407 -0.065888 0.997819 -0.0610034 2.55319 -1.37912</i>
                        <i>-0.044018 0.994548 0.0945319 -0.998978 -0.0447911 0.00607123 0.0102723 -0.094168 0.995503 -0.0472358 2.5458 -1.39486</i>
                        <i>-0.0685505 0.989296 0.128821 -0.99745 -0.0705351 0.0109018 0.0198715 -0.127745 0.991608 -0.035476 2.53653 -1.41153</i>
                        <i>-0.094042 0.982564 0.160388 -0.995084 -0.0977907 0.0156237 0.0310358 -0.158131 0.98693 -0.0263504 2.52443 -1.42767</i>
                        <i>-0.115919 0.97678 0.180174 -0.99243 -0.121309 0.0191504 0.0405624 -0.176591 0.983448 -0.0204813 2.50853 -1.44181</i>
                        <i>-0.129642 0.975299 0.178845 -0.990576 -0.135427 0.0204728 0.0441875 -0.174505 0.983664 -0.0184924 2.48779 -1.4525</i>
                        <i>-0.136689 0.977799 0.158823 -0.989646 -0.141875 0.0217321 0.0437828 -0.154208 0.987068 -0.0206548 2.4622 -1.46211</i>
                        <i>-0.141874 0.981352 0.129692 -0.988913 -0.146317 0.0253518 0.0438552 -0.124657 0.99123 -0.0261819 2.43269 -1.47364</i>
                        <i>-0.145776 0.984899 0.0933951 -0.988327 -0.149203 0.0307926 0.0442624 -0.0878161 0.995153 -0.034133 2.3996 -1.48659</i>
                        <i>-0.149017 0.987454 0.0522426 -0.98781 -0.15106 0.0375916 0.0450117 -0.046004 0.997927 -0.0435752 2.36325 -1.5004</i>
                        <i>-0.152182 0.988314 0.00869132 -0.987272 -0.152421 0.0453984 0.0461926 -0.00167188 0.998931 -0.0535752 2.32403 -1.51445</i>
                        <i>-0.155752 0.987178 -0.0349316 -0.986634 -0.153756 0.0539661 0.0479032 0.04287 0.997932 -0.0631935 2.28253 -1.5282</i>
                        <i>-0.160056 0.984122 -0.0767239 -0.985832 -0.155415 0.0630944 0.0501685 0.0857355 0.995054 -0.0714813 2.23948 -1.54115</i>
                        <i>-0.165252 0.979474 -0.115424 -0.984834 -0.157609 0.0725378 0.0528571 0.12566 0.990664 -0.0774807 2.19586 -1.55298</i>
                        <i>-0.171329 0.973659 -0.150449 -0.983643 -0.160429 0.0819071 0.0556132 0.162021 0.985219 -0.0802284 2.15276 -1.56357</i>
                        <i>-0.178133 0.967077 -0.181745 -0.982306 -0.163911 0.0905984 0.0578254 0.194668 0.979163 -0.078763 2.11139 -1.57299</i>
                    </KeyFrames>
                </p>
            </i>
            <i>
                <p>
                    <Name><![CDATA[spine1]]></Name>
                    <Exclude>0</Exclude>
                    <Additive>0</Additive>
                    <IKPriority>0</IKPriority>
                    <IKRotLimits>-1e+010 -1e+010 -1e+010 1e+010 1e+010 1e+010</IKRotLimits>
                    <IKRotLimitOrder>0</IKRotLimitOrder>
                    <KeyFrames count="33">
                        <i>-0.239322 0.744337 0.623448 -0.947673 -0.318799 0.0168335 0.211284 -0.586796 0.781684 -0.141667 2.66785 -1.49827</i>
                        <i>-0.231161 0.742935 0.628182 -0.95314 -0.302448 0.00695775 0.195162 -0.597137 0.778035 -0.132688 2.67909 -1.4915</i>
                        <i>-0.228137 0.749432 0.621534 -0.95598 -0.293416 0.00289741 0.18454 -0.593514 0.783382 -0.118947 2.69147 -1.48503</i>
                        <i>-0.228968 0.7617 0.606124 -0.956912 -0.290358 0.00340421 0.178586 -0.579228 0.795363 -0.108092 2.70456 -1.47441</i>
                        <i>-0.234145 0.772092 0.590804 -0.956296 -0.292385 0.0031087 0.175143 -0.564256 0.806809 -0.106574 2.71569 -1.45737</i>
                        <i>-0.220836 0.806417 0.548565 -0.964556 -0.263879 -0.00038646 0.144443 -0.529207 0.836108 -0.112781 2.72552 -1.43256</i>
                        <i>-0.174264 0.869455 0.462255 -0.98078 -0.195098 -0.00278225 0.0877659 -0.453855 0.886743 -0.121272 2.73516 -1.40267</i>
                        <i>-0.113759 0.923283 0.366887 -0.992632 -0.121135 -0.00294231 0.0417262 -0.364519 0.930261 -0.131268 2.74278 -1.37418</i>
                        <i>-0.0717552 0.946804 0.313709 -0.997176 -0.0750843 -0.00147434 0.0221587 -0.312929 0.949518 -0.141159 2.74666 -1.35482</i>
                        <i>-0.0526061 0.95243 0.300183 -0.998473 -0.0552494 0.000317942 0.0168877 -0.299708 0.953882 -0.147195 2.74774 -1.34442</i>
                        <i>-0.0363424 0.956968 0.287909 -0.999257 -0.0384962 0.00182117 0.0128262 -0.287628 0.957656 -0.147472 2.74817 -1.33745</i>
                        <i>-0.0232492 0.960388 0.277697 -0.999682 -0.0250561 0.00295924 0.00980001 -0.277539 0.960664 -0.142895 2.74786 -1.3337</i>
                        <i>-0.0136067 0.962663 0.270361 -0.999878 -0.0151618 0.00366425 0.00762659 -0.270278 0.962752 -0.134366 2.74672 -1.33299</i>
                        <i>-0.0076874 0.963747 0.266708 -0.999952 -0.00904832 0.00387412 0.00614693 -0.266665 0.96377 -0.122793 2.74463 -1.33515</i>
                        <i>-0.00575568 0.963533 0.267529 -0.99997 -0.00695316 0.00352891 0.00526039 -0.2675 0.963543 -0.10908 2.74151 -1.33999</i>
                        <i>-0.00806811 0.961813 0.273588 -0.999955 -0.00911787 0.00256567 0.00496223 -0.273555 0.961844 -0.0941339 2.73724 -1.34733</i>
                        <i>-0.0148727 0.95823 0.285611 -0.999875 -0.0157908 0.000911638 0.00538358 -0.285561 0.958345 -0.078861 2.73173 -1.35697</i>
                        <i>-0.035007 0.945601 0.32344 -0.999338 -0.0363302 -0.00194761 0.00990899 -0.323294 0.946247 -0.0653155 2.7256 -1.36773</i>
                        <i>-0.0707492 0.91728 0.391909 -0.997222 -0.0742161 -0.00631717 0.0232914 -0.391267 0.919982 -0.0548945 2.71884 -1.37843</i>
                        <i>-0.112253 0.875894 0.469264 -0.9926 -0.12085 -0.0118712 0.0463124 -0.467124 0.882978 -0.0475201 2.71034 -1.38892</i>
                        <i>-0.150494 0.830429 0.536413 -0.985769 -0.167161 -0.0177797 0.0749026 -0.531455 0.843768 -0.0430496 2.6989 -1.39922</i>
                        <i>-0.178577 0.795627 0.578868 -0.978848 -0.20335 -0.0224744 0.0998314 -0.570637 0.815111 -0.0412306 2.68336 -1.40961</i>
                        <i>-0.191445 0.788081 0.585045 -0.975392 -0.219174 -0.0239414 0.109359 -0.575232 0.810647 -0.0417342 2.66263 -1.42049</i>
                        <i>-0.192423 0.79858 0.570302 -0.975394 -0.219379 -0.0219122 0.107613 -0.560485 0.821143 -0.0451191 2.6372 -1.43373</i>
                        <i>-0.188749 0.808043 0.558068 -0.976306 -0.215647 -0.0179637 0.10583 -0.548236 0.8296 -0.0515884 2.60842 -1.45046</i>
                        <i>-0.181363 0.816896 0.547529 -0.977972 -0.208322 -0.0131334 0.103334 -0.53785 0.836684 -0.0603147 2.57648 -1.46987</i>
                        <i>-0.171321 0.825643 0.537553 -0.980194 -0.197857 -0.00849831 0.0993421 -0.528362 0.843187 -0.0704863 2.54156 -1.49102</i>
                        <i>-0.159743 0.834809 0.526855 -0.982756 -0.184836 -0.00509722 0.0931266 -0.518584 0.84994 -0.0812823 2.50395 -1.51294</i>
                        <i>-0.147731 0.844844 0.514212 -0.985442 -0.169971 -0.00385214 0.0841468 -0.507295 0.857655 -0.0918531 2.46415 -1.5347</i>
                        <i>-0.136272 0.855985 0.498719 -0.98804 -0.154097 -0.00548841 0.0721532 -0.493502 0.866746 -0.101307 2.42283 -1.55553</i>
                        <i>-0.126167 0.86814 0.480015 -0.990356 -0.138151 -0.0104501 0.0572423 -0.476704 0.877198 -0.108705 2.38088 -1.57489</i>
                        <i>-0.118006 0.88087 0.458413 -0.992212 -0.12313 -0.0188156 0.0398704 -0.457063 0.88854 -0.113061 2.33929 -1.59251</i>
                        <i>-0.112176 0.893473 0.434883 -0.99347 -0.110014 -0.0302359 0.0208284 -0.435435 0.899979 -0.113354 2.29911 -1.60841</i>
                    </KeyFrames>
                </p>
            </i>
            <i>
                <p>
                    <Name><![CDATA[spine2]]></Name>
                    <Exclude>0</Exclude>
                    <Additive>0</Additive>
                    <IKPriority>0</IKPriority>
                    <IKRotLimits>-1e+010 -1e+010 -1e+010 1e+010 1e+010 1e+010</IKRotLimits>
                    <IKRotLimitOrder>0</IKRotLimitOrder>
                    <KeyFrames count="33">
                        <i>-0.193542 0.72243 0.663805 -0.9767 -0.205826 -0.0607664 0.0927291 -0.660099 0.745433 -0.190649 2.8198 -1.36985</i>
                        <i>-0.192621 0.703098 0.684507 -0.976604 -0.205325 -0.0639161 0.0956074 -0.680805 0.726198 -0.177548 2.82291 -1.36895</i>
                        <i>-0.20377 0.683088 0.701334 -0.971853 -0.227651 -0.0606401 0.118237 -0.69395 0.710249 -0.161212 2.83007 -1.36933</i>
                        <i>-0.218083 0.664347 0.7149 -0.964625 -0.257913 -0.0545873 0.148117 -0.701515 0.697093 -0.149182 2.84111 -1.36514</i>
                        <i>-0.226595 0.646914 0.728118 -0.959527 -0.276615 -0.0528451 0.167222 -0.710624 0.683411 -0.147518 2.85061 -1.35363</i>
                        <i>-0.206917 0.668542 0.714309 -0.966979 -0.250781 -0.045396 0.148786 -0.700114 0.698357 -0.150181 2.862 -1.33936</i>
                        <i>-0.15247 0.738096 0.657243 -0.983189 -0.180877 -0.024956 0.10046 -0.649999 0.753266 -0.149828 2.87755 -1.32677</i>
                        <i>-0.0829989 0.808463 0.582665 -0.995058 -0.0992102 -0.00408621 0.0545028 -0.580124 0.812702 -0.149473 2.89049 -1.31539</i>
                        <i>-0.0353285 0.844128 0.534976 -0.998902 -0.0463154 0.00711523 0.0307838 -0.534137 0.844838 -0.15254 2.89682 -1.30501</i>
                        <i>-0.0157524 0.854627 0.519003 -0.999634 -0.0248738 0.0106187 0.0219846 -0.518646 0.854706 -0.155533 2.89871 -1.2968</i>
                        <i>-0.00055306 0.863521 0.504312 -0.999883 -0.0081958 0.0129369 0.0153046 -0.504246 0.863425 -0.153229 2.89981 -1.29178</i>
                        <i>0.0100359 0.870582 0.491921 -0.999894 0.00356413 0.0140917 0.0105147 -0.492011 0.870526 -0.146576 2.90003 -1.28966</i>
                        <i>0.0157892 0.875551 0.482867 -0.999848 0.0102621 0.0140864 0.00737815 -0.483016 0.875581 -0.136519 2.89924 -1.29012</i>
                        <i>0.0164998 0.878109 0.478175 -0.999848 0.0117687 0.0128886 0.00569013 -0.478315 0.87817 -0.124009 2.89735 -1.29286</i>
                        <i>0.0119873 0.877824 0.478833 -0.999914 0.00797493 0.0104122 0.00532146 -0.478916 0.877844 -0.10999 2.89422 -1.29756</i>
                        <i>0.00210949 0.874098 0.485745 -0.999978 -0.00119916 0.00650059 0.00626463 -0.485748 0.874076 -0.0954114 2.88972 -1.30392</i>
                        <i>-0.0132225 0.866102 0.499693 -0.999875 -0.0157908 0.000911638 0.00868011 -0.499618 0.866202 -0.0812196 2.88369 -1.31163</i>
                        <i>-0.0456099 0.84255 0.536684 -0.998819 -0.0474573 -0.0103803 0.0167236 -0.536523 0.84372 -0.0708845 2.87593 -1.31625</i>
                        <i>-0.097025 0.79545 0.598202 -0.994668 -0.0986086 -0.0302061 0.0349604 -0.597943 0.800776 -0.0662232 2.86558 -1.31565</i>
                        <i>-0.153202 0.731756 0.664126 -0.986216 -0.155732 -0.055911 0.0625125 -0.663537 0.745527 -0.0656631 2.85176 -1.31302</i>
                        <i>-0.202134 0.664896 0.719066 -0.974821 -0.207186 -0.0824508 0.0941592 -0.717626 0.690033 -0.0676209 2.83434 -1.31154</i>
                        <i>-0.235619 0.613354 0.753844 -0.964299 -0.244026 -0.10285 0.120874 -0.751164 0.648954 -0.0706105 2.81411 -1.31423</i>
                        <i>-0.248221 0.597068 0.762821 -0.959653 -0.258954 -0.109583 0.132107 -0.759245 0.637256 -0.073278 2.79233 -1.32394</i>
                        <i>-0.245881 0.608416 0.754568 -0.960571 -0.257183 -0.105639 0.129789 -0.750791 0.647664 -0.0767735 2.76841 -1.33977</i>
                        <i>-0.238752 0.626285 0.742135 -0.963263 -0.249519 -0.0993233 0.122972 -0.738585 0.66285 -0.0826567 2.74125 -1.35846</i>
                        <i>-0.227728 0.649471 0.725484 -0.967246 -0.236688 -0.091728 0.112138 -0.72261 0.682099 -0.0902542 2.71113 -1.37933</i>
                        <i>-0.213765 0.676789 0.704458 -0.971973 -0.219581 -0.0839845 0.0978458 -0.702666 0.70476 -0.0989234 2.67837 -1.40163</i>
                        <i>-0.197869 0.706986 0.678984 -0.976895 -0.199307 -0.0771597 0.0807754 -0.678563 0.730087 -0.108016 2.64337 -1.42459</i>
                        <i>-0.181049 0.738712 0.64925 -0.981535 -0.177156 -0.0721434 0.0617251 -0.650323 0.757146 -0.116846 2.60671 -1.44752</i>
                        <i>-0.164262 0.770554 0.615844 -0.985541 -0.154499 -0.0695586 0.0415489 -0.618366 0.784791 -0.124664 2.56908 -1.46986</i>
                        <i>-0.148371 0.801096 0.579854 -0.988708 -0.132646 -0.0697294 0.0210556 -0.583652 0.811731 -0.130649 2.53125 -1.49123</i>
                        <i>-0.134132 0.829025 0.542887 -0.990963 -0.112714 -0.072718 0.000905709 -0.547735 0.836652 -0.133899 2.49402 -1.51143</i>
                        <i>-0.122224 0.853231 0.507009 -0.992331 -0.0955559 -0.0784118 -0.0184557 -0.512704 0.858367 -0.133453 2.45815 -1.53041</i>
                    </KeyFrames>
                </p>
            </i>
            <i>
                <p>
                    <Name><![CDATA[head]]></Name>
                    <Exclude>0</Exclude>
                    <Additive>0</Additive>
                    <IKPriority>0</IKPriority>
                    <IKRotLimits>-1e+010 -1e+010 -1e+010 1e+010 1e+010 1e+010</IKRotLimits>
                    <IKRotLimitOrder>0</IKRotLimitOrder>
                    <KeyFrames count="33">
                        <i>-0.182074 0.971518 0.151661 0.0232396 0.158448 -0.987094 -0.98301 -0.1762 -0.0514269 -0.293811 3.04485 -1.20597</i>
                        <i>-0.117848 0.969272 0.215924 0.0051853 0.218037 -0.975927 -0.993018 -0.113891 -0.0307212 -0.275575 3.03734 -1.20135</i>
                        <i>-0.0679104 0.957792 0.279327 -0.0196741 0.278633 -0.960196 -0.997497 -0.0707028 -7.83825e-005 -0.258123 3.03327 -1.19757</i>
                        <i>-0.0359682 0.941805 0.33423 -0.047494 0.332457 -0.941922 -0.998224 -0.0497531 0.0327723 -0.24683 3.03437 -1.1884</i>
                        <i>-0.0231685 0.925366 0.378366 -0.0681712 0.376124 -0.924058 -0.997405 -0.0472027 0.0543691 -0.245245 3.03533 -1.172</i>
                        <i>-0.0235908 0.925437 0.378165 -0.0660384 0.376002 -0.924263 -0.997538 -0.0467775 0.0522443 -0.240171 3.04994 -1.1617</i>
                        <i>-0.0257344 0.945864 0.323543 -0.0483189 0.322095 -0.945474 -0.9985 -0.0399644 0.0374142 -0.222626 3.08197 -1.1649</i>
                        <i>-0.0214928 0.967606 0.251549 -0.0346616 0.250734 -0.967435 -0.999168 -0.029512 0.0281498 -0.202199 3.11187 -1.17293</i>
                        <i>-0.00618856 0.978709 0.205162 -0.0300557 0.204891 -0.978323 -0.999529 -0.0122207 0.0281478 -0.19225 3.12721 -1.17466</i>
                        <i>0.0129481 0.982275 0.187 -0.0283402 0.187301 -0.981894 -0.999515 0.00741406 0.030263 -0.190251 3.13221 -1.17071</i>
                        <i>0.0265519 0.984991 0.170551 -0.0269679 0.171254 -0.984858 -0.999284 0.0215504 0.0311103 -0.184228 3.13587 -1.16962</i>
                        <i>0.0346475 0.987012 0.156866 -0.0256716 0.157787 -0.987139 -0.99907 0.0301749 0.0308051 -0.175173 3.13805 -1.17081</i>
                        <i>0.0372633 0.988435 0.146997 -0.024181 0.147948 -0.988699 -0.999013 0.0332877 0.0294144 -0.164072 3.13857 -1.17372</i>
                        <i>0.034427 0.98927 0.141987 -0.0222603 0.142795 -0.989502 -0.999159 0.0309049 0.0269374 -0.151906 3.13724 -1.17776</i>
                        <i>0.0261595 0.989397 0.142861 -0.0197495 0.143393 -0.989469 -0.999463 0.0230626 0.0232912 -0.139648 3.13382 -1.18238</i>
                        <i>0.0124708 0.988515 0.150609 -0.0166095 0.150804 -0.988424 -0.999784 0.00982491 0.0182994 -0.128259 3.12802 -1.18703</i>
                        <i>-0.0066407 0.986075 0.166171 -0.0129693 0.166076 -0.986028 -0.999894 -0.00870305 0.0116859 -0.118685 3.11947 -1.19121</i>
                        <i>-0.0252872 0.982195 0.186153 -0.0105792 0.185939 -0.982504 -0.999624 -0.0268141 0.00568898 -0.116638 3.10511 -1.18664</i>
                        <i>-0.038457 0.977777 0.206092 -0.0123916 0.205762 -0.978524 -0.999183 -0.0401849 0.00420325 -0.124008 3.08228 -1.17073</i>
                        <i>-0.047879 0.973215 0.224856 -0.0204765 0.224111 -0.974349 -0.998643 -0.0512551 0.00919788 -0.136013 3.052 -1.15129</i>
                        <i>-0.0551601 0.968986 0.240881 -0.034087 0.23928 -0.970352 -0.997895 -0.0617356 0.0198311 -0.148355 3.01748 -1.13527</i>
                        <i>-0.0606187 0.96562 0.252792 -0.0484915 0.25011 -0.967002 -0.996982 -0.0708767 0.031663 -0.15763 2.98402 -1.12831</i>
                        <i>-0.0629397 0.963601 0.25983 -0.0563459 0.2565 -0.9649 -0.996425 -0.0753708 0.0381509 -0.161164 2.95777 -1.13524</i>
                        <i>-0.0638968 0.962863 0.262321 -0.0551251 0.259052 -0.964289 -0.996433 -0.0760755 0.0365253 -0.161838 2.93662 -1.1533</i>
                        <i>-0.0664232 0.962967 0.261308 -0.0480917 0.258493 -0.964815 -0.996632 -0.0766529 0.0291409 -0.163922 2.91454 -1.17591</i>
                        <i>-0.0706622 0.963741 0.257313 -0.0366277 0.255277 -0.966174 -0.996828 -0.0776968 0.0172611 -0.166891 2.89129 -1.20226</i>
                        <i>-0.0767873 0.964995 0.250776 -0.0222801 0.249795 -0.968042 -0.996799 -0.0799206 0.00231909 -0.170248 2.86665 -1.23148</i>
                        <i>-0.0848431 0.966529 0.242122 -0.00657566 0.242449 -0.970142 -0.996373 -0.083902 -0.0142146 -0.173502 2.84049 -1.26268</i>
                        <i>-0.0946571 0.968143 0.231819 0.00914622 0.233701 -0.972266 -0.995468 -0.0899116 -0.0309763 -0.176142 2.81287 -1.29499</i>
                        <i>-0.105819 0.969648 0.22042 0.023872 0.224078 -0.974279 -0.994099 -0.0978354 -0.0468592 -0.177616 2.78397 -1.32756</i>
                        <i>-0.117717 0.970898 0.208567 0.0370113 0.214171 -0.976095 -0.992357 -0.107184 -0.0611458 -0.177311 2.75418 -1.35962</i>
                        <i>-0.129608 0.971803 0.19698 0.0484365 0.204623 -0.977642 -0.990382 -0.117169 -0.0735915 -0.174552 2.72396 -1.39046</i>
                        <i>-0.140694 0.972342 0.18643 0.0584587 0.196133 -0.978833 -0.988326 -0.126817 -0.0844366 -0.168601 2.6939 -1.41946</i>
                    </KeyFrames>
                </p>
            </i>
            <i>
                <p>
                    <Name><![CDATA[head_prop]]></Name>
                    <Exclude>0</Exclude>
                    <Additive>0</Additive>
                    <IKPriority>0</IKPriority>
                    <IKRotLimits>-1e+010 -1e+010 -1e+010 1e+010 1e+010 1e+010</IKRotLimits>
                    <IKRotLimitOrder>0</IKRotLimitOrder>
                    <KeyFrames count="33">
                        <i>0.98301 0.1762 0.0514269 -0.182074 0.971518 0.151661 -0.0232396 -0.158448 0.987094 -0.353151 3.36148 -1.15654</i>
                        <i>0.993018 0.113891 0.0307212 -0.117848 0.969272 0.215924 -0.0051853 -0.218037 0.975927 -0.313982 3.35324 -1.13098</i>
                        <i>0.997497 0.0707028 7.83825e-005 -0.0679104 0.957792 0.279327 0.0196741 -0.278633 0.960196 -0.280255 3.34542 -1.10654</i>
                        <i>0.998224 0.0497531 -0.0327723 -0.0359682 0.941805 0.33423 0.047494 -0.332457 0.941922 -0.258552 3.34131 -1.07947</i>
                        <i>0.997405 0.0472027 -0.0543691 -0.0231685 0.925366 0.378366 0.0681712 -0.376124 0.924058 -0.252796 3.33692 -1.04869</i>
                        <i>0.997538 0.0467775 -0.0522443 -0.0235908 0.925437 0.378165 0.0660384 -0.376002 0.924263 -0.247859 3.35154 -1.03845</i>
                        <i>0.9985 0.0399644 -0.0374142 -0.0257344 0.945864 0.323543 0.0483189 -0.322095 0.945474 -0.231013 3.39024 -1.05945</i>
                        <i>0.999168 0.029512 -0.0281498 -0.0214928 0.967606 0.251549 0.0346616 -0.250734 0.967435 -0.209204 3.42723 -1.09095</i>
                        <i>0.999529 0.0122207 -0.0281478 -0.00618856 0.978709 0.205162 0.0300557 -0.204891 0.978323 -0.194267 3.44618 -1.1078</i>
                        <i>0.999515 -0.00741406 -0.030263 0.0129481 0.982275 0.187 0.0283402 -0.187301 0.981894 -0.186031 3.45234 -1.10976</i>
                        <i>0.999284 -0.0215504 -0.0311103 0.0265519 0.984991 0.170551 0.0269679 -0.171254 0.984858 -0.175575 3.45689 -1.11403</i>
                        <i>0.99907 -0.0301749 -0.0308051 0.0346475 0.987012 0.156866 0.0256716 -0.157787 0.987139 -0.163881 3.45972 -1.11969</i>
                        <i>0.999013 -0.0332877 -0.0294144 0.0372633 0.988435 0.146997 0.024181 -0.147948 0.988699 -0.151927 3.46071 -1.12581</i>
                        <i>0.999159 -0.0309049 -0.0269374 0.034427 0.98927 0.141987 0.0222603 -0.142795 0.989502 -0.140686 3.45965 -1.13149</i>
                        <i>0.999463 -0.0230626 -0.0232912 0.0261595 0.989397 0.142861 0.0197495 -0.143393 0.989469 -0.131123 3.45627 -1.13582</i>
                        <i>0.999784 -0.00982491 -0.0182994 0.0124708 0.988515 0.150609 0.0166095 -0.150804 0.988424 -0.124195 3.45018 -1.13794</i>
                        <i>0.999894 0.00870305 -0.0116859 -0.0066407 0.986075 0.166171 0.0129693 -0.166076 0.986028 -0.120849 3.44084 -1.13705</i>
                        <i>0.999624 0.0268141 -0.00568898 -0.0252872 0.982195 0.186153 0.0105792 -0.185939 0.982504 -0.124879 3.42522 -1.12597</i>
                        <i>0.999183 0.0401849 -0.00420325 -0.038457 0.977777 0.206092 0.0123916 -0.205762 0.978524 -0.136541 3.40094 -1.10356</i>
                        <i>0.998643 0.0512551 -0.00919788 -0.047879 0.973215 0.224856 0.0204765 -0.224111 0.974349 -0.151617 3.36918 -1.07801</i>
                        <i>0.997895 0.0617356 -0.0198311 -0.0551601 0.968986 0.240881 0.034087 -0.23928 0.970352 -0.166332 3.33329 -1.05677</i>
                        <i>0.996982 0.0708767 -0.031663 -0.0606187 0.96562 0.252792 0.0484915 -0.25011 0.967002 -0.177386 3.29873 -1.04593</i>
                        <i>0.996425 0.0753708 -0.0381509 -0.0629397 0.963601 0.25983 0.0563459 -0.2565 0.9649 -0.181677 3.27182 -1.05055</i>
                        <i>0.996433 0.0760755 -0.0365253 -0.0638968 0.962863 0.262321 0.0551251 -0.259052 0.964289 -0.182663 3.25043 -1.0678</i>
                        <i>0.996632 0.0766529 -0.0291409 -0.0664232 0.962967 0.261308 0.0480917 -0.258493 0.964815 -0.18557 3.22838 -1.09075</i>
                        <i>0.996828 0.0776968 -0.0172611 -0.0706622 0.963741 0.257313 0.0366277 -0.255277 0.966174 -0.18992 3.20538 -1.1184</i>
                        <i>0.996799 0.0799206 -0.00231909 -0.0767873 0.964995 0.250776 0.0222801 -0.249795 0.968042 -0.195273 3.18115 -1.14975</i>
                        <i>0.996373 0.083902 0.0142146 -0.0848431 0.966529 0.242122 0.00657566 -0.242449 0.970142 -0.201153 3.15549 -1.18377</i>
                        <i>0.995468 0.0899116 0.0309763 -0.0946571 0.968143 0.231819 -0.00914622 -0.233701 0.972266 -0.206992 3.12839 -1.21943</i>
                        <i>0.994099 0.0978354 0.0468592 -0.105819 0.969648 0.22042 -0.023872 -0.224078 0.974279 -0.212103 3.09999 -1.25572</i>
                        <i>0.992357 0.107184 0.0611458 -0.117717 0.970898 0.208567 -0.0370113 -0.214171 0.976095 -0.215676 3.0706 -1.29164</i>
                        <i>0.990382 0.117169 0.0735915 -0.129608 0.971803 0.19698 -0.0484365 -0.204623 0.977642 -0.216792 3.04068 -1.32626</i>
                        <i>0.988326 0.126817 0.0844366 -0.140694 0.972342 0.18643 -0.0584587 -0.196133 0.978833 -0.214454 3.01079 -1.3587</i>
                    </KeyFrames>
                </p>
            </i>
            <i>
                <p>
                    <Name><![CDATA[l_clav]]></Name>
                    <Exclude>0</Exclude>
                    <Additive>0</Additive>
                    <IKPriority>0</IKPriority>
                    <IKRotLimits>-1e+010 -1e+010 -1e+010 1e+010 1e+010 1e+010</IKRotLimits>
                    <IKRotLimitOrder>0</IKRotLimitOrder>
                    <KeyFrames count="33">
                        <i>0.991895 0.123988 0.0277803 -0.125343 0.918967 0.373884 0.020828 -0.374336 0.927059 -0.122405 2.87432 -1.26944</i>
                        <i>0.990287 0.131651 0.0447123 -0.13824 0.897958 0.417804 0.0148544 -0.419927 0.907436 -0.107408 2.87088 -1.27296</i>
                        <i>0.984702 0.163906 0.0591285 -0.17256 0.870233 0.461431 0.0241758 -0.464575 0.885204 -0.089887 2.87552 -1.27792</i>
                        <i>0.977276 0.200849 0.0677609 -0.20731 0.838967 0.503147 0.0442072 -0.505761 0.86154 -0.0774132 2.88666 -1.27762</i>
                        <i>0.973404 0.218453 0.0690082 -0.220442 0.811142 0.541714 0.0623638 -0.542519 0.837725 -0.0756287 2.89493 -1.26961</i>
                        <i>0.981234 0.184283 0.0567498 -0.185323 0.820018 0.541503 0.0532536 -0.541858 0.838782 -0.0767699 2.90336 -1.26082</i>
                        <i>0.993718 0.105944 0.0360493 -0.10997 0.864754 0.490008 0.0207395 -0.490894 0.870972 -0.0731763 2.91651 -1.25599</i>
                        <i>0.999612 0.0203084 0.0190567 -0.0264541 0.906296 0.421816 -0.00870464 -0.422156 0.906481 -0.0691936 2.92734 -1.2521</i>
                        <i>0.999424 -0.0318846 0.0116412 0.0251334 0.925651 0.377543 -0.0228135 -0.377033 0.925919 -0.0698708 2.93228 -1.24565</i>
                        <i>0.99909 -0.041298 0.0106609 0.0347118 0.932535 0.359407 -0.0247845 -0.35871 0.93312 -0.0717733 2.9337 -1.23829</i>
                        <i>0.999512 -0.0293027 0.0107884 0.0238589 0.939566 0.341536 -0.0201443 -0.341112 0.939807 -0.0685468 2.93466 -1.23399</i>
                        <i>0.999937 -0.000418732 0.0112183 -0.00325681 0.945507 0.325586 -0.0107433 -0.325602 0.945446 -0.0611523 2.93503 -1.23239</i>
                        <i>0.999104 0.0406598 0.0117864 -0.0423053 0.948756 0.313164 0.00155083 -0.313382 0.949626 -0.0505588 2.93462 -1.23314</i>
                        <i>0.995944 0.0890398 0.0129321 -0.0887222 0.947997 0.305662 0.0149566 -0.30557 0.952052 -0.0377411 2.93327 -1.23587</i>
                        <i>0.990059 0.13979 0.0155503 -0.137866 0.942599 0.304137 0.0278577 -0.303257 0.952501 -0.0236775 2.9308 -1.24022</i>
                        <i>0.981917 0.188173 0.0207407 -0.185281 0.932736 0.309313 0.0388586 -0.307562 0.950734 -0.00934695 2.92698 -1.24583</i>
                        <i>0.9728 0.229763 0.029484 -0.226866 0.91925 0.321732 0.0468189 -0.31967 0.946371 0.00427342 2.92159 -1.25234</i>
                        <i>0.960068 0.275776 0.0470802 -0.274219 0.894272 0.353668 0.0554305 -0.352455 0.934186 0.0131327 2.91444 -1.25386</i>
                        <i>0.940135 0.331956 0.0771387 -0.33369 0.850633 0.406294 0.0692551 -0.407712 0.91048 0.015229 2.90445 -1.24783</i>
                        <i>0.915053 0.386401 0.115635 -0.393677 0.793298 0.464432 0.0877246 -0.470503 0.878027 0.0127566 2.89045 -1.239</i>
                        <i>0.889665 0.429268 0.155646 -0.443834 0.732892 0.515637 0.107275 -0.527824 0.842552 0.00794213 2.87246 -1.23194</i>
                        <i>0.871047 0.453607 0.188459 -0.476106 0.685292 0.551088 0.120828 -0.56975 0.812887 0.00286216 2.85176 -1.2309</i>
                        <i>0.866787 0.45431 0.205626 -0.484312 0.668661 0.564211 0.118833 -0.588638 0.799615 -0.000604871 2.83025 -1.23981</i>
                        <i>0.87376 0.437888 0.211655 -0.475801 0.679432 0.558556 0.10078 -0.58875 0.802008 -0.00389164 2.80715 -1.25651</i>
                        <i>0.883631 0.415016 0.216696 -0.462363 0.700798 0.543233 0.0735905 -0.58021 0.811135 -0.00924237 2.78079 -1.27577</i>
                        <i>0.89497 0.386666 0.222526 -0.444474 0.729924 0.519282 0.0383616 -0.563649 0.825123 -0.0160838 2.75154 -1.29696</i>
                        <i>0.906298 0.354069 0.230779 -0.422624 0.763844 0.487783 -0.00357083 -0.539609 0.841908 -0.0238795 2.71978 -1.31938</i>
                        <i>0.916229 0.318734 0.242762 -0.397435 0.799699 0.450029 -0.0506972 -0.508812 0.859384 -0.0320812 2.68601 -1.34239</i>
                        <i>0.923591 0.282377 0.259311 -0.369723 0.834953 0.407624 -0.101409 -0.472351 0.875557 -0.0400905 2.6508 -1.36539</i>
                        <i>0.92753 0.246764 0.280707 -0.340511 0.867556 0.362489 -0.15408 -0.431803 0.88871 -0.0472307 2.61483 -1.3879</i>
                        <i>0.92756 0.213507 0.306672 -0.310999 0.896053 0.316809 -0.207154 -0.389234 0.897543 -0.0527328 2.5788 -1.40959</i>
                        <i>0.923578 0.183866 0.336448 -0.282506 0.919616 0.272941 -0.259218 -0.347131 0.90128 -0.0557353 2.54341 -1.43022</i>
                        <i>0.915828 0.158575 0.368935 -0.256404 0.937987 0.23332 -0.309058 -0.308277 0.899693 -0.0552947 2.50933 -1.44967</i>
                    </KeyFrames>
                </p>
            </i>
            <i>
                <p>
                    <Name><![CDATA[l_shoulder]]></Name>
                    <Exclude>0</Exclude>
                    <Additive>0</Additive>
                    <IKPriority>0</IKPriority>
                    <IKRotLimits>-1e+010 -1e+010 -1e+010 1e+010 1e+010 1e+010</IKRotLimits>
                    <IKRotLimitOrder>0</IKRotLimitOrder>
                    <KeyFrames count="33">
                        <i>0.783949 -0.524157 0.33269 0.535775 0.841933 0.0639774 -0.313637 0.128092 0.940864 0.109913 2.90336 -1.26294</i>
                        <i>0.792626 -0.515607 0.325412 0.514957 0.851883 0.0954734 -0.326439 0.0918984 0.94074 0.122156 2.9014 -1.2626</i>
                        <i>0.795562 -0.503751 0.336625 0.475822 0.863431 0.167571 -0.375066 0.0268601 0.926609 0.135832 2.91309 -1.26437</i>
                        <i>0.794952 -0.498321 0.346017 0.436367 0.865906 0.244521 -0.421468 -0.0433923 0.905804 0.144606 2.93229 -1.26223</i>
                        <i>0.800946 -0.497614 0.332964 0.417503 0.862784 0.285123 -0.429157 -0.0893549 0.898799 0.144705 2.94438 -1.25399</i>
                        <i>0.799037 -0.515844 0.308941 0.448846 0.853601 0.264391 -0.400097 -0.0725916 0.913593 0.145336 2.94507 -1.24798</i>
                        <i>0.777387 -0.557248 0.291793 0.519997 0.830336 0.200361 -0.353937 -0.00402601 0.93526 0.151756 2.94049 -1.24783</i>
                        <i>0.750484 -0.600533 0.275924 0.592384 0.796362 0.122018 -0.293011 0.0718799 0.953403 0.157072 2.93194 -1.24779</i>
                        <i>0.736746 -0.626588 0.254151 0.632897 0.771333 0.0669836 -0.238006 0.111501 0.964842 0.156353 2.92506 -1.24301</i>
                        <i>0.73287 -0.640005 0.230857 0.648992 0.759453 0.0451656 -0.204231 0.116724 0.971939 0.154213 2.92436 -1.23588</i>
                        <i>0.722482 -0.656453 0.216999 0.665859 0.745147 0.0372474 -0.186148 0.117581 0.975461 0.157196 2.92805 -1.23156</i>
                        <i>0.708106 -0.673627 0.211689 0.681934 0.73018 0.0424562 -0.18317 0.114294 0.976415 0.164443 2.93493 -1.22986</i>
                        <i>0.691846 -0.689582 0.21407 0.695479 0.716111 0.0591071 -0.194057 0.107988 0.975028 0.174937 2.9438 -1.23048</i>
                        <i>0.675476 -0.702835 0.223059 0.704851 0.704284 0.0846671 -0.216604 0.100033 0.971121 0.187565 2.95342 -1.23294</i>
                        <i>0.660588 -0.712316 0.237127 0.708737 0.695875 0.115972 -0.247619 0.091451 0.964532 0.201175 2.96255 -1.23668</i>
                        <i>0.648833 -0.717203 0.254236 0.706269 0.691962 0.149573 -0.283196 0.0825118 0.955506 0.214637 2.96991 -1.2411</i>
