<?xml version="1.0" encoding="ISO-8859-1" ?>
<Animl Version="1">
    <ModellingPackage><![CDATA[Maya.2010]]></ModellingPackage>
    <SrcFile><![CDATA[anims\turrets\machinegun\blue\~src\mgun_gatling\mgun_gatling_startup_crewman_a.mb]]></SrcFile>
    <FramesPerSecond>30</FramesPerSecond>
    <TotalFrames>33</TotalFrames>
    <Skeleton>
        <RefFrame>
            <Name><![CDATA[soldier_ref_frame]]></Name>
            <Exclude>0</Exclude>
            <Additive>0</Additive>
            <IKPriority>0</IKPriority>
            <IKRotLimits>-1e+010 -1e+010 -1e+010 1e+010 1e+010 1e+010</IKRotLimits>
            <IKRotLimitOrder>0</IKRotLimitOrder>
            <KeyFrames count="33">
                <i>1 0 0 0 1 0 0 0 1 0 0.92 -1.78</i>
                <i>1 0 0 0 1 0 0 0 1 0 0.92 -1.78</i>
                <i>1 0 0 0 1 0 0 0 1 0 0.92 -1.78</i>
                <i>1 0 0 0 1 0 0 0 1 0 0.92 -1.78</i>
                <i>1 0 0 0 1 0 0 0 1 0 0.92 -1.78</i>
                <i>1 0 0 0 1 0 0 0 1 0 0.92 -1.78</i>
                <i>1 0 0 0 1 0 0 0 1 0 0.92 -1.78</i>
                <i>1 0 0 0 1 0 0 0 1 0 0.92 -1.78</i>
                <i>1 0 0 0 1 0 0 0 1 0 0.92 -1.78</i>
                <i>1 0 0 0 1 0 0 0 1 0 0.92 -1.78</i>
                <i>1 0 0 0 1 0 0 0 1 0 0.92 -1.78</i>
                <i>1 0 0 0 1 0 0 0 1 0 0.92 -1.78</i>
                <i>1 0 0 0 1 0 0 0 1 0 0.92 -1.78</i>
                <i>1 0 0 0 1 0 0 0 1 0 0.92 -1.78</i>
                <i>1 0 0 0 1 0 0 0 1 0 0.92 -1.78</i>
                <i>1 0 0 0 1 0 0 0 1 0 0.92 -1.78</i>
                <i>1 0 0 0 1 0 0 0 1 0 0.92 -1.78</i>
                <i>1 0 0 0 1 0 0 0 1 0 0.92 -1.78</i>
                <i>1 0 0 0 1 0 0 0 1 0 0.92 -1.78</i>
                <i>1 0 0 0 1 0 0 0 1 0 0.92 -1.78</i>
                <i>1 0 0 0 1 0 0 0 1 0 0.92 -1.78</i>
                <i>1 0 0 0 1 0 0 0 1 0 0.92 -1.78</i>
                <i>1 0 0 0 1 0 0 0 1 0 0.92 -1.78</i>
                <i>1 0 0 0 1 0 0 0 1 0 0.92 -1.78</i>
                <i>1 0 0 0 1 0 0 0 1 0 0.92 -1.78</i>
                <i>1 0 0 0 1 0 0 0 1 0 0.92 -1.78</i>
                <i>1 0 0 0 1 0 0 0 1 0 0.92 -1.78</i>
                <i>1 0 0 0 1 0 0 0 1 0 0.92 -1.78</i>
                <i>1 0 0 0 1 0 0 0 1 0 0.92 -1.78</i>
                <i>1 0 0 0 1 0 0 0 1 0 0.92 -1.78</i>
                <i>1 0 0 0 1 0 0 0 1 0 0.92 -1.78</i>
                <i>1 0 0 0 1 0 0 0 1 0 0.92 -1.78</i>
                <i>1 0 0 0 1 0 0 0 1 0 0.92 -1.78</i>
            </KeyFrames>
        </RefFrame>
        <Bones count="23">
            <i>
                <p>
                    <Name><![CDATA[pelvis]]></Name>
                    <Exclude>0</Exclude>
                    <Additive>0</Additive>
                    <IKPriority>0</IKPriority>
                    <IKRotLimits>-1e+010 -1e+010 -1e+010 1e+010 1e+010 1e+010</IKRotLimits>
                    <IKRotLimitOrder>2</IKRotLimitOrder>
                    <KeyFrames count="33">
                        <i>1 0 0 0 1 0 0 0 1 -0.055795 2.04837 -1.44572</i>
                        <i>1 0 0 0 1 0 0 0 1 -0.0589108 2.07238 -1.44279</i>
                        <i>1 0 0 0 1 0 0 0 1 -0.0596924 2.09754 -1.44071</i>
                        <i>1 0 0 0 1 0 0 0 1 -0.0585736 2.12359 -1.43909</i>
                        <i>1 0 0 0 1 0 0 0 1 -0.0559882 2.15028 -1.43758</i>
                        <i>1 0 0 0 1 0 0 0 1 -0.0523697 2.17731 -1.43579</i>
                        <i>1 0 0 0 1 0 0 0 1 -0.0481517 2.20442 -1.43335</i>
                        <i>1 0 0 0 1 0 0 0 1 -0.0437674 2.2313 -1.4299</i>
                        <i>1 0 0 0 1 0 0 0 1 -0.0396498 2.25766 -1.42507</i>
                        <i>1 0 0 0 1 0 0 0 1 -0.0362315 2.28319 -1.41848</i>
                        <i>1 0 0 0 1 0 0 0 1 -0.0343411 2.30776 -1.40861</i>
                        <i>1 0 0 0 1 0 0 0 1 -0.034621 2.33123 -1.39508</i>
                        <i>1 0 0 0 1 0 0 0 1 -0.0372244 2.35333 -1.37921</i>
                        <i>1 0 0 0 1 0 0 0 1 -0.0423051 2.37382 -1.36237</i>
                        <i>1 0 0 0 1 0 0 0 1 -0.0500176 2.39246 -1.34588</i>
                        <i>1 0 0 0 1 0 0 0 1 -0.0605168 2.40906 -1.3311</i>
                        <i>1 0 0 0 1 0 0 0 1 -0.073958 2.42344 -1.31937</i>
                        <i>1 0 0 0 1 0 0 0 1 -0.0855996 2.43425 -1.31329</i>
                        <i>1 0 0 0 1 0 0 0 1 -0.0912497 2.44073 -1.31379</i>
                        <i>1 0 0 0 1 0 0 0 1 -0.0918886 2.44351 -1.31978</i>
                        <i>1 0 0 0 1 0 0 0 1 -0.0884965 2.44323 -1.33013</i>
                        <i>1 0 0 0 1 0 0 0 1 -0.0820537 2.44052 -1.34374</i>
                        <i>1 0 0 0 1 0 0 0 1 -0.0735407 2.436 -1.35948</i>
                        <i>1 0 0 0 1 0 0 0 1 -0.0639383 2.4303 -1.37624</i>
                        <i>1 0 0 0 1 0 0 0 1 -0.0542276 2.42403 -1.3929</i>
                        <i>1 0 0 0 1 0 0 0 1 -0.0453897 2.41781 -1.40836</i>
                        <i>1 0 0 0 1 0 0 0 1 -0.0384061 2.41222 -1.42149</i>
                        <i>1 0 0 0 1 0 0 0 1 -0.0342591 2.40786 -1.43118</i>
                        <i>1 0 0 0 1 0 0 0 1 -0.0344161 2.4026 -1.4359</i>
                        <i>1 0 0 0 1 0 0 0 1 -0.0380516 2.39463 -1.43609</i>
                        <i>1 0 0 0 1 0 0 0 1 -0.0427058 2.38513 -1.43359</i>
                        <i>1 0 0 0 1 0 0 0 1 -0.0459115 2.37531 -1.43026</i>
                        <i>1 0 0 0 1 0 0 0 1 -0.0451928 2.36644 -1.42794</i>
                    </KeyFrames>
                </p>
            </i>
            <i>
                <p>
                    <Name><![CDATA[spine0]]></Name>
                    <Exclude>0</Exclude>
                    <Additive>0</Additive>
                    <IKPriority>0</IKPriority>
                    <IKRotLimits>-1e+010 -1e+010 -1e+010 1e+010 1e+010 1e+010</IKRotLimits>
                    <IKRotLimitOrder>0</IKRotLimitOrder>
                    <KeyFrames count="33">
                        <i>-0.178133 0.967077 -0.181745 -0.982306 -0.163911 0.0905984 0.0578254 0.194668 0.979163 -0.078763 2.11139 -1.57299</i>
                        <i>-0.162284 0.974943 -0.15215 -0.985109 -0.151205 0.0818366 0.0567803 0.163165 0.984964 -0.0811682 2.14655 -1.56404</i>
                        <i>-0.146056 0.982182 -0.118264 -0.987758 -0.138165 0.0724257 0.0547953 0.127394 0.990337 -0.0809006 2.18359 -1.55403</i>
                        <i>-0.130239 0.988242 -0.0800953 -0.990105 -0.125376 0.0630297 0.0522466 0.0875116 0.994792 -0.0783874 2.22128 -1.54283</i>
                        <i>-0.11544 0.992569 -0.0384822 -0.992091 -0.113289 0.0540383 0.0492772 0.044416 0.997797 -0.0741233 2.25853 -1.53058</i>
                        <i>-0.102038 0.994769 0.00473807 -0.993719 -0.102148 0.0456962 0.0459412 -4.55448e-005 0.998944 -0.0686476 2.29446 -1.51769</i>
                        <i>-0.0901548 0.994823 0.0468962 -0.995026 -0.0919767 0.0382584 0.0423737 -0.0432138 0.998167 -0.062515 2.3285 -1.50472</i>
                        <i>-0.0796707 0.993199 0.0849044 -0.996062 -0.0826453 0.0321102 0.0389088 -0.0820118 0.995872 -0.0562715 2.3603 -1.49234</i>
                        <i>-0.0703072 0.99079 0.115722 -0.996871 -0.0739869 0.0278106 0.0361164 -0.113404 0.992892 -0.0504436 2.38967 -1.48122</i>
                        <i>-0.0617729 0.988679 0.136743 -0.997484 -0.0659262 0.026051 0.034771 -0.13479 0.990264 -0.0455446 2.41643 -1.47193</i>
                        <i>-0.0520671 0.988393 0.142719 -0.998126 -0.0561065 0.0244243 0.0321483 -0.14118 0.989462 -0.0421488 2.44142 -1.46125</i>
                        <i>-0.0404795 0.990224 0.133482 -0.998834 -0.0436182 0.0206729 0.0262931 -0.13249 0.990836 -0.0407285 2.46541 -1.4466</i>
                        <i>-0.0288249 0.992976 0.114753 -0.999401 -0.0308299 0.0157351 0.0191624 -0.114231 0.993269 -0.0416513 2.48806 -1.42947</i>
                        <i>-0.0188973 0.995567 0.0921385 -0.999746 -0.0199472 0.010487 0.0122784 -0.0919169 0.995691 -0.0452868 2.50906 -1.41133</i>
                        <i>-0.01238 0.997411 0.0708436 -0.999901 -0.0128189 0.00574485 0.00663811 -0.0707655 0.997471 -0.0520045 2.52814 -1.39368</i>
                        <i>-0.010828 0.998392 0.0556413 -0.999937 -0.0109725 0.00229265 0.00289949 -0.055613 0.998448 -0.062171 2.54506 -1.37799</i>
                        <i>-0.0157236 0.99857 0.0510889 -0.999875 -0.0157908 0.000911638 0.00171707 -0.0510681 0.998694 -0.0761506 2.55959 -1.36577</i>
                        <i>-0.0273755 0.998115 0.0549358 -0.999621 -0.0274951 0.00142297 0.00293076 -0.054876 0.998489 -0.0890824 2.57027 -1.36</i>
                        <i>-0.0440461 0.997158 0.0611293 -0.999013 -0.0443192 0.00311885 0.00581919 -0.0609316 0.998125 -0.0964593 2.57622 -1.36187</i>
                        <i>-0.0641567 0.995576 0.0686422 -0.997885 -0.0647218 0.00603816 0.0104541 -0.0681096 0.997623 -0.0991734 2.57807 -1.37015</i>
                        <i>-0.0861328 0.993343 0.0764939 -0.996142 -0.0871614 0.0102049 0.0168043 -0.0753198 0.997018 -0.098116 2.57644 -1.3836</i>
                        <i>-0.108389 0.990583 0.0836521 -0.993804 -0.110055 0.0155558 0.0246157 -0.0814477 0.996374 -0.0941777 2.57195 -1.40096</i>
                        <i>-0.129318 0.987608 0.0889264 -0.991043 -0.131738 0.0218743 0.0333182 -0.0853011 0.995798 -0.0882479 2.56521 -1.421</i>
                        <i>-0.147294 0.984908 0.0908925 -0.988202 -0.150437 0.0287276 0.0419676 -0.0855887 0.995446 -0.0812174 2.55684 -1.44245</i>
                        <i>-0.165069 0.982003 0.0917748 -0.984957 -0.168954 0.0362594 0.0511126 -0.0844089 0.995119 -0.0739799 2.54748 -1.46408</i>
                        <i>-0.185646 0.978011 0.0950237 -0.980636 -0.19054 0.0452409 0.0623519 -0.0847849 0.994446 -0.0674353 2.53777 -1.48463</i>
                        <i>-0.207715 0.972981 0.100806 -0.975233 -0.21399 0.0559351 0.0759953 -0.0866909 0.993332 -0.0624927 2.52838 -1.50287</i>
                        <i>-0.229908 0.967083 0.109056 -0.968835 -0.238049 0.0684947 0.0922007 -0.0899096 0.991673 -0.0600735 2.51997 -1.51757</i>
                        <i>-0.24879 0.961174 0.119369 -0.962211 -0.259361 0.0829536 0.110692 -0.0942198 0.989379 -0.061376 2.51056 -1.52708</i>
                        <i>-0.263261 0.955789 0.130998 -0.955796 -0.276841 0.0990628 0.130949 -0.0991282 0.986421 -0.0655984 2.49848 -1.53176</i>
                        <i>-0.275416 0.950632 0.142983 -0.949183 -0.292478 0.116225 0.152306 -0.103707 0.982877 -0.0706327 2.48492 -1.53338</i>
                        <i>-0.287392 0.945292 0.154364 -0.941907 -0.308174 0.133569 0.173833 -0.10701 0.978944 -0.0743129 2.47114 -1.53372</i>
                        <i>-0.301411 0.939221 0.164365 -0.93346 -0.325811 0.149996 0.194431 -0.108218 0.974928 -0.0744167 2.45845 -1.53461</i>
                    </KeyFrames>
                </p>
            </i>
            <i>
                <p>
                    <Name><![CDATA[spine1]]></Name>
                    <Exclude>0</Exclude>
                    <Additive>0</Additive>
                    <IKPriority>0</IKPriority>
                    <IKRotLimits>-1e+010 -1e+010 -1e+010 1e+010 1e+010 1e+010</IKRotLimits>
                    <IKRotLimitOrder>0</IKRotLimitOrder>
                    <KeyFrames count="33">
                        <i>-0.112176 0.893473 0.434883 -0.99347 -0.110014 -0.0302359 0.0208284 -0.435435 0.899979 -0.113354 2.29911 -1.60841</i>
                        <i>-0.111278 0.882975 0.456039 -0.993058 -0.116393 -0.0169586 0.0381056 -0.454761 0.889798 -0.112221 2.33304 -1.59326</i>
                        <i>-0.112364 0.872997 0.474606 -0.99228 -0.123814 -0.00717991 0.0524947 -0.471748 0.880169 -0.108414 2.36856 -1.5764</i>
                        <i>-0.115399 0.864298 0.489563 -0.991306 -0.13157 -0.0013883 0.0632121 -0.485467 0.871967 -0.102555 2.40463 -1.55777</i>
                        <i>-0.11998 0.857165 0.500872 -0.990301 -0.138936 0.000548698 0.0700594 -0.495948 0.865521 -0.0952657 2.44028 -1.5377</i>
                        <i>-0.125366 0.85132 0.509448 -0.989392 -0.145266 -0.000722387 0.0733906 -0.504135 0.860501 -0.0871427 2.47474 -1.51689</i>
                        <i>-0.130585 0.846028 0.516899 -0.98867 -0.150048 -0.00418027 0.074023 -0.511589 0.856036 -0.0787389 2.5075 -1.49633</i>
                        <i>-0.134591 0.840319 0.525118 -0.988201 -0.152923 -0.00856714 0.0731033 -0.520076 0.850986 -0.0705508 2.53829 -1.47718</i>
                        <i>-0.136404 0.833195 0.535892 -0.988038 -0.153699 -0.0125233 0.0719319 -0.53119 0.844194 -0.06303 2.56703 -1.46055</i>
                        <i>-0.135194 0.82375 0.550599 -0.988217 -0.152347 -0.0147202 0.0717563 -0.546101 0.83464 -0.0566197 2.59367 -1.44746</i>
                        <i>-0.127001 0.824873 0.550868 -0.989671 -0.142612 -0.0146178 0.0665025 -0.547034 0.834464 -0.0514759 2.61845 -1.43573</i>
                        <i>-0.110215 0.8449 0.523447 -0.992504 -0.121536 -0.0128053 0.0527985 -0.520935 0.851962 -0.0479326 2.64162 -1.42289</i>
                        <i>-0.0876462 0.875152 0.475844 -0.995495 -0.0942853 -0.00995589 0.0361522 -0.474573 0.879473 -0.0467334 2.66311 -1.40927</i>
                        <i>-0.0626421 0.906983 0.416483 -0.997809 -0.0658178 -0.00674497 0.0212944 -0.415993 0.909118 -0.0485872 2.68292 -1.39526</i>
                        <i>-0.0392495 0.933581 0.356211 -0.999169 -0.0406075 -0.00366761 0.0110409 -0.356059 0.934398 -0.0541504 2.70102 -1.38141</i>
                        <i>-0.0218845 0.95113 0.308015 -0.999743 -0.0226675 -0.00103611 0.00599644 -0.307958 0.951381 -0.0640395 2.71734 -1.3684</i>
                        <i>-0.0148727 0.95823 0.285611 -0.999875 -0.0157908 0.000911638 0.00538358 -0.285561 0.958345 -0.078861 2.73173 -1.35697</i>
                        <i>-0.0200277 0.956555 0.290864 -0.999765 -0.0215768 0.00211923 0.00830308 -0.290753 0.956762 -0.0938116 2.7427 -1.35052</i>
                        <i>-0.0341419 0.949139 0.313002 -0.999316 -0.0368785 0.00282506 0.0142244 -0.312691 0.949748 -0.104105 2.74931 -1.35128</i>
                        <i>-0.053653 0.936658 0.346112 -0.998288 -0.0583985 0.00328877 0.0232929 -0.345343 0.938187 -0.110395 2.7522 -1.35817</i>
                        <i>-0.0750218 0.920203 0.384185 -0.996554 -0.0828517 0.00384468 0.0353683 -0.382573 0.923248 -0.113338 2.75199 -1.37011</i>
                        <i>-0.0949813 0.901851 0.421477 -0.994251 -0.106969 0.00482716 0.0494382 -0.418595 0.906826 -0.113579 2.74926 -1.38604</i>
                        <i>-0.110763 0.884676 0.452858 -0.991818 -0.127492 0.00647704 0.0634661 -0.448436 0.891559 -0.111733 2.74456 -1.40491</i>
                        <i>-0.120152 0.872288 0.474002 -0.989948 -0.141158 0.00883089 0.0746121 -0.468176 0.88048 -0.108373 2.73841 -1.42578</i>
                        <i>-0.129338 0.861359 0.491256 -0.988014 -0.154043 0.00997289 0.084265 -0.484078 0.870958 -0.10488 2.73129 -1.447</i>
                        <i>-0.144085 0.846764 0.512084 -0.984879 -0.173012 0.00897043 0.0961923 -0.503048 0.858888 -0.102759 2.72384 -1.46667</i>
                        <i>-0.162022 0.82953 0.534443 -0.980567 -0.196056 0.00703735 0.110619 -0.522917 0.845175 -0.102733 2.71683 -1.48348</i>
                        <i>-0.180986 0.810936 0.556441 -0.975205 -0.221242 0.00523795 0.127356 -0.541696 0.830871 -0.105521 2.71109 -1.49618</i>
                        <i>-0.197365 0.792887 0.576522 -0.969613 -0.244604 0.00446747 0.144562 -0.558121 0.817069 -0.11167 2.7048 -1.50315</i>
                        <i>-0.209858 0.776915 0.593602 -0.964364 -0.264525 0.00527915 0.161124 -0.571341 0.804742 -0.120127 2.69637 -1.50485</i>
                        <i>-0.219962 0.76356 0.607118 -0.959225 -0.282537 0.00780897 0.177496 -0.580645 0.794573 -0.129144 2.68678 -1.50326</i>
                        <i>-0.229234 0.752851 0.616982 -0.953825 -0.300131 0.0118406 0.19409 -0.585778 0.786888 -0.13693 2.67697 -1.50039</i>
                        <i>-0.239322 0.744337 0.623448 -0.947673 -0.318799 0.0168335 0.211284 -0.586796 0.781684 -0.141667 2.66785 -1.49827</i>
                    </KeyFrames>
                </p>
            </i>
            <i>
                <p>
                    <Name><![CDATA[spine2]]></Name>
                    <Exclude>0</Exclude>
                    <Additive>0</Additive>
                    <IKPriority>0</IKPriority>
                    <IKRotLimits>-1e+010 -1e+010 -1e+010 1e+010 1e+010 1e+010</IKRotLimits>
                    <IKRotLimitOrder>0</IKRotLimitOrder>
                    <KeyFrames count="33">
                        <i>-0.122224 0.853231 0.507009 -0.992331 -0.0955559 -0.0784118 -0.0184557 -0.512704 0.858367 -0.133453 2.45815 -1.53041</i>
                        <i>-0.128569 0.830287 0.542304 -0.991699 -0.10682 -0.0715666 -0.00149201 -0.547004 0.837129 -0.131845 2.48791 -1.51272</i>
                        <i>-0.137258 0.803923 0.578677 -0.990419 -0.120355 -0.067718 0.0152067 -0.582428 0.81274 -0.127904 2.51933 -1.49394</i>
                        <i>-0.147962 0.77557 0.613676 -0.988501 -0.135542 -0.0670365 0.0311873 -0.616539 0.786707 -0.12226 2.55169 -1.47403</i>
                        <i>-0.160088 0.746798 0.645496 -0.986037 -0.151367 -0.0694234 0.0458613 -0.647596 0.760602 -0.115477 2.58427 -1.45318</i>
                        <i>-0.17274 0.719151 0.67304 -0.983223 -0.166546 -0.0743935 0.0585921 -0.6746 0.735855 -0.10804 2.61631 -1.43184</i>
                        <i>-0.184769 0.694015 0.695847 -0.98037 -0.179736 -0.0810552 0.0688156 -0.697164 0.713601 -0.100348 2.64723 -1.41068</i>
                        <i>-0.194901 0.672574 0.713903 -0.977863 -0.189744 -0.0882053 0.0761343 -0.715291 0.694667 -0.0927327 2.67654 -1.39052</i>
                        <i>-0.201865 0.655856 0.727395 -0.976113 -0.19564 -0.0944902 0.0803356 -0.729094 0.679683 -0.0854838 2.70396 -1.37222</i>
                        <i>-0.204485 0.644898 0.736405 -0.975486 -0.196752 -0.0985703 0.0813214 -0.738509 0.669321 -0.0789053 2.72925 -1.35658</i>
                        <i>-0.196545 0.652156 0.732163 -0.97759 -0.187778 -0.0951696 0.0754187 -0.73446 0.674448 -0.0723935 2.7541 -1.34489</i>
                        <i>-0.174931 0.683023 0.70914 -0.982633 -0.166395 -0.0821299 0.0619005 -0.711191 0.700268 -0.0659724 2.7797 -1.33713</i>
                        <i>-0.143078 0.727508 0.671015 -0.988677 -0.136059 -0.0632988 0.0452471 -0.672473 0.738737 -0.0609515 2.80487 -1.33203</i>
                        <i>-0.105121 0.775635 0.622366 -0.994021 -0.10053 -0.0426085 0.0295177 -0.623124 0.781566 -0.0586577 2.82852 -1.32829</i>
                        <i>-0.0664425 0.818638 0.570453 -0.997635 -0.0645895 -0.0235076 0.0176011 -0.570666 0.820994 -0.0604148 2.84983 -1.32456</i>
                        <i>-0.033514 0.850111 0.525536 -0.999381 -0.0341429 -0.00850172 0.0107159 -0.525495 0.850729 -0.0675161 2.86831 -1.31946</i>
                        <i>-0.0132225 0.866102 0.499693 -0.999875 -0.0157908 0.000911638 0.00868011 -0.499618 0.866202 -0.0812196 2.88369 -1.31163</i>
                        <i>-0.00748577 0.86743 0.497503 -0.999912 -0.0119498 0.00578988 0.0109674 -0.497416 0.867443 -0.096994 2.89472 -1.30425</i>
                        <i>-0.0115933 0.859251 0.511423 -0.999794 -0.0184923 0.0084052 0.0166796 -0.51122 0.859288 -0.109557 2.90086 -1.30123</i>
                        <i>-0.0221469 0.844568 0.53499 -0.999439 -0.0321541 0.00938672 0.0251298 -0.534482 0.844806 -0.119028 2.90286 -1.3024</i>
                        <i>-0.0358258 0.826533 0.561747 -0.998727 -0.0495864 0.00926502 0.0355128 -0.560699 0.827257 -0.125534 2.90149 -1.30756</i>
                        <i>-0.0496925 0.808922 0.585812 -0.997683 -0.0674932 0.00856822 0.0464694 -0.584029 0.810402 -0.129214 2.89761 -1.31652</i>
                        <i>-0.0613473 0.796034 0.602135 -0.996542 -0.0827221 0.00782965 0.0560426 -0.599573 0.798356 -0.130227 2.89215 -1.32912</i>
                        <i>-0.0688312 0.792205 0.606361 -0.995705 -0.0922777 0.00753233 0.0619207 -0.603238 0.795154 -0.128735 2.8861 -1.34522</i>
                        <i>-0.0772212 0.79152 0.606245 -0.994925 -0.100517 0.00450624 0.0645046 -0.60282 0.795265 -0.127133 2.87932 -1.36221</i>
                        <i>-0.0913382 0.786286 0.611074 -0.993614 -0.112782 -0.00339788 0.0662462 -0.607482 0.791566 -0.127955 2.87169 -1.37682</i>
                        <i>-0.10907 0.777726 0.619069 -0.991706 -0.127731 -0.0142563 0.0679868 -0.615489 0.785207 -0.131577 2.86425 -1.38799</i>
                        <i>-0.128408 0.767043 0.628614 -0.989217 -0.144087 -0.0262515 0.0704391 -0.625207 0.777274 -0.138391 2.85807 -1.39472</i>
                        <i>-0.145822 0.755779 0.638384 -0.98664 -0.158485 -0.0377425 0.0726496 -0.635359 0.768792 -0.14832 2.85171 -1.39563</i>
                        <i>-0.159831 0.745217 0.647384 -0.984322 -0.169868 -0.0474788 0.0745877 -0.644823 0.760684 -0.160044 2.84378 -1.39141</i>
                        <i>-0.171593 0.735963 0.654915 -0.982089 -0.1803 -0.0547032 0.0778216 -0.652572 0.75372 -0.172044 2.83531 -1.38423</i>
                        <i>-0.182359 0.728339 0.660506 -0.979674 -0.191693 -0.0590997 0.0835694 -0.657858 0.748491 -0.182764 2.8271 -1.37631</i>
                        <i>-0.193542 0.72243 0.663805 -0.9767 -0.205826 -0.0607664 0.0927291 -0.660099 0.745433 -0.190649 2.8198 -1.36985</i>
                    </KeyFrames>
                </p>
            </i>
            <i>
                <p>
                    <Name><![CDATA[head]]></Name>
                    <Exclude>0</Exclude>
                    <Additive>0</Additive>
                    <IKPriority>0</IKPriority>
                    <IKRotLimits>-1e+010 -1e+010 -1e+010 1e+010 1e+010 1e+010</IKRotLimits>
                    <IKRotLimitOrder>0</IKRotLimitOrder>
                    <KeyFrames count="33">
                        <i>-0.140694 0.972342 0.18643 0.0584587 0.196133 -0.978833 -0.988326 -0.126817 -0.0844366 -0.168601 2.6939 -1.41946</i>
                        <i>-0.120066 0.973907 0.192585 0.0489247 0.199557 -0.978664 -0.99156 -0.108082 -0.0716083 -0.171218 2.71816 -1.39189</i>
                        <i>-0.0974774 0.975077 0.199308 0.0378755 0.203752 -0.97829 -0.994517 -0.0878123 -0.0567926 -0.172 2.74294 -1.36255</i>
                        <i>-0.074572 0.975723 0.20592 0.0249421 0.208256 -0.977756 -0.996904 -0.0677771 -0.0398666 -0.171425 2.7678 -1.33209</i>
                        <i>-0.0528809 0.975874 0.211836 0.0103805 0.212658 -0.977072 -0.998547 -0.0494694 -0.0213756 -0.169884 2.79237 -1.30128</i>
                        <i>-0.0336845 0.975681 0.216593 -0.00492006 0.216552 -0.976259 -0.99942 -0.0339505 -0.00249404 -0.16766 2.81643 -1.271</i>
                        <i>-0.0179128 0.975367 0.21986 -0.0195347 0.219512 -0.975414 -0.999649 -0.0217673 0.0151214 -0.16494 2.83989 -1.24223</i>
                        <i>-0.00613305 0.975167 0.221388 -0.0316865 0.221091 -0.974738 -0.999479 -0.0129931 0.0295437 -0.161827 2.86285 -1.21599</i>
                        <i>0.00133783 0.975287 0.220937 -0.0394865 0.220817 -0.974516 -0.999219 -0.0074203 0.0388061 -0.158385 2.88555 -1.19331</i>
                        <i>0.00418822 0.975902 0.21817 -0.0412103 0.218155 -0.975044 -0.999142 -0.00490717 0.0411309 -0.154689 2.90829 -1.17518</i>
                        <i>0.00289368 0.976715 0.214523 -0.0357967 0.214487 -0.976071 -0.999355 -0.00485477 0.0355838 -0.14843 2.93536 -1.16498</i>
                        <i>-0.00121249 0.977497 0.210946 -0.0259701 0.210844 -0.977175 -0.999662 -0.0066631 0.02513 -0.138656 2.96876 -1.16368</i>
                        <i>-0.00728001 0.978443 0.206388 -0.016071 0.206252 -0.978367 -0.999844 -0.0104394 0.014223 -0.127533 3.00497 -1.16874</i>
                        <i>-0.013639 0.979671 0.200146 -0.00937994 0.20003 -0.979745 -0.999863 -0.0152401 0.00646104 -0.117377 3.04058 -1.17745</i>
                        <i>-0.0176787 0.981281 0.191768 -0.00722003 0.191667 -0.981433 -0.999818 -0.018735 0.00369645 -0.110717 3.07275 -1.18661</i>
                        <i>-0.0163348 0.983397 0.180729 -0.00894194 0.180602 -0.983516 -0.999827 -0.0176816 0.00584338 -0.110241 3.09949 -1.19252</i>
                        <i>-0.0066407 0.986075 0.166171 -0.0129693 0.166076 -0.986028 -0.999894 -0.00870305 0.0116859 -0.118685 3.11947 -1.19121</i>
                        <i>0.00232735 0.987298 0.158859 -0.0176939 0.158875 -0.98714 -0.999841 -0.00051343 0.017839 -0.132384 3.13162 -1.18467</i>
                        <i>0.00156549 0.98607 0.166322 -0.0221866 0.166316 -0.985823 -0.999753 -0.00214683 0.0221379 -0.145436 3.1367 -1.17849</i>
                        <i>-0.00615214 0.983189 0.182486 -0.0266856 0.182263 -0.982888 -0.999625 -0.0109166 0.0251157 -0.157164 3.13627 -1.17402</i>
                        <i>-0.0181213 0.979375 0.201238 -0.0313357 0.200616 -0.979169 -0.999345 -0.0240497 0.027054 -0.166915 3.13187 -1.17265</i>
                        <i>-0.0317445 0.975764 0.216512 -0.0357888 0.215373 -0.975876 -0.998855 -0.0387274 0.0280845 -0.174128 3.12527 -1.1757</i>
                        <i>-0.0445574 0.973956 0.222314 -0.0391262 0.220663 -0.974565 -0.99824 -0.0521223 0.028275 -0.17835 3.11844 -1.18446</i>
                        <i>-0.0541652 0.975628 0.21264 -0.0400849 0.210657 -0.976738 -0.997727 -0.0614289 0.0276977 -0.179198 3.11339 -1.20022</i>
                        <i>-0.0638835 0.978566 0.195775 -0.0368227 0.193731 -0.980363 -0.997278 -0.0698381 0.0236573 -0.180537 3.10838 -1.21826</i>
                        <i>-0.0777571 0.979944 0.183477 -0.0293064 0.181708 -0.982916 -0.996541 -0.0818057 0.0145895 -0.186339 3.10128 -1.23249</i>
                        <i>-0.0945261 0.980052 0.17482 -0.0191804 0.173781 -0.984597 -0.995338 -0.0964233 0.00237089 -0.196402 3.09343 -1.24213</i>
                        <i>-0.112921 0.979145 0.168891 -0.00810865 0.169065 -0.985572 -0.993571 -0.112661 -0.0111515 -0.21054 3.08624 -1.24647</i>
                        <i>-0.129482 0.977786 0.164831 0.0027394 0.166583 -0.986024 -0.991578 -0.127221 -0.024248 -0.227608 3.07875 -1.2444</i>
                        <i>-0.142934 0.97641 0.161845 0.0122023 0.16525 -0.986176 -0.989657 -0.138983 -0.0355342 -0.245767 3.06995 -1.23687</i>
                        <i>-0.155073 0.974996 0.159172 0.0191258 0.164054 -0.986266 -0.987718 -0.149899 -0.044088 -0.26373 3.06089 -1.22629</i>
                        <i>-0.167577 0.97343 0.15605 0.022859 0.162083 -0.986512 -0.985594 -0.161749 -0.0494129 -0.280177 3.05236 -1.21514</i>
                        <i>-0.182074 0.971518 0.151661 0.0232396 0.158448 -0.987094 -0.98301 -0.1762 -0.0514269 -0.293811 3.04485 -1.20597</i>
                    </KeyFrames>
                </p>
            </i>
            <i>
                <p>
                    <Name><![CDATA[head_prop]]></Name>
                    <Exclude>0</Exclude>
                    <Additive>0</Additive>
                    <IKPriority>0</IKPriority>
                    <IKRotLimits>-1e+010 -1e+010 -1e+010 1e+010 1e+010 1e+010</IKRotLimits>
                    <IKRotLimitOrder>0</IKRotLimitOrder>
                    <KeyFrames count="33">
                        <i>0.988326 0.126817 0.0844366 -0.140694 0.972342 0.18643 -0.0584587 -0.196133 0.978833 -0.214454 3.01079 -1.3587</i>
                        <i>0.99156 0.108082 0.0716083 -0.120066 0.973907 0.192585 -0.0489247 -0.199557 0.978664 -0.210349 3.03557 -1.32912</i>
                        <i>0.994517 0.0878123 0.0567926 -0.0974774 0.975077 0.199308 -0.0378755 -0.203752 0.97829 -0.203768 3.06073 -1.29759</i>
                        <i>0.996904 0.0677771 0.0398666 -0.074572 0.975723 0.20592 -0.0249421 -0.208256 0.977756 -0.195729 3.0858 -1.26498</i>
                        <i>0.998547 0.0494694 0.0213756 -0.0528809 0.975874 0.211836 -0.0103805 -0.212658 0.977072 -0.187118 3.11042 -1.23224</i>
                        <i>0.99942 0.0339505 0.00249404 -0.0336845 0.975681 0.216593 0.00492006 -0.216552 0.976259 -0.178638 3.13441 -1.20041</i>
                        <i>0.999649 0.0217673 -0.0151214 -0.0179128 0.975367 0.21986 0.0195347 -0.219512 0.975414 -0.170778 3.15777 -1.17058</i>
                        <i>0.999479 0.0129931 -0.0295437 -0.00613305 0.975167 0.221388 0.0316865 -0.221091 0.974738 -0.163826 3.18067 -1.14384</i>
                        <i>0.999219 0.0074203 -0.0388061 0.00133783 0.975287 0.220937 0.0394865 -0.220817 0.974516 -0.157949 3.20341 -1.12131</i>
                        <i>0.999142 0.00490717 -0.0411309 0.00418822 0.975902 0.21817 0.0412103 -0.218155 0.975044 -0.153324 3.22635 -1.10407</i>
                        <i>0.999355 0.00485477 -0.0355838 0.00289368 0.976715 0.214523 0.0357967 -0.214487 0.976071 -0.147487 3.25368 -1.09506</i>
                        <i>0.999662 0.0066631 -0.02513 -0.00121249 0.977497 0.210946 0.0259701 -0.210844 0.977175 -0.139051 3.28733 -1.09493</i>
                        <i>0.999844 0.0104394 -0.014223 -0.00728001 0.978443 0.206388 0.016071 -0.206252 0.978367 -0.129906 3.32385 -1.10148</i>
                        <i>0.999863 0.0152401 -0.00646104 -0.013639 0.979671 0.200146 0.00937994 -0.20003 0.979745 -0.121822 3.35986 -1.11222</i>
                        <i>0.999818 0.018735 -0.00369645 -0.0176787 0.981281 0.191768 0.00722003 -0.191667 0.981433 -0.116479 3.39256 -1.12411</i>
                        <i>0.999827 0.0176816 -0.00584338 -0.0163348 0.983397 0.180729 0.00894194 -0.180602 0.983516 -0.115565 3.41999 -1.13362</i>
                        <i>0.999894 0.00870305 -0.0116859 -0.0066407 0.986075 0.166171 0.0129693 -0.166076 0.986028 -0.120849 3.44084 -1.13705</i>
                        <i>0.999841 0.00051343 -0.017839 0.00232735 0.987298 0.158859 0.0176939 -0.158875 0.98714 -0.131625 3.45339 -1.13289</i>
                        <i>0.999753 0.00214683 -0.0221379 0.00156549 0.98607 0.166322 0.0221866 -0.166316 0.985823 -0.144926 3.45807 -1.12428</i>
                        <i>0.999625 0.0109166 -0.0251157 -0.00615214 0.983189 0.182486 0.0266856 -0.182263 0.982888 -0.159169 3.4567 -1.11455</i>
                        <i>0.999345 0.0240497 -0.027054 -0.0181213 0.979375 0.201238 0.0313357 -0.200616 0.979169 -0.172821 3.45106 -1.10707</i>
                        <i>0.998855 0.0387274 -0.0280845 -0.0317445 0.975764 0.216512 0.0357888 -0.215373 0.975876 -0.184474 3.44328 -1.10514</i>
                        <i>0.99824 0.0521223 -0.028275 -0.0445574 0.973956 0.222314 0.0391262 -0.220663 0.974565 -0.192871 3.43586 -1.11201</i>
                        <i>0.997727 0.0614289 -0.0276977 -0.0541652 0.975628 0.21264 0.0400849 -0.210657 0.976738 -0.196851 3.43136 -1.13092</i>
                        <i>0.997278 0.0698381 -0.0236573 -0.0638835 0.978566 0.195775 0.0368227 -0.193731 0.980363 -0.201357 3.4273 -1.15446</i>
                        <i>0.996541 0.0818057 -0.0145895 -0.0777571 0.979944 0.183477 0.0293064 -0.181708 0.982916 -0.211681 3.42065 -1.17269</i>
                        <i>0.995338 0.0964233 -0.00237089 -0.0945261 0.980052 0.17482 0.0191804 -0.173781 0.984597 -0.227208 3.41284 -1.18515</i>
                        <i>0.993571 0.112661 0.0111515 -0.112921 0.979145 0.168891 0.00810865 -0.169065 0.985572 -0.247342 3.40535 -1.19142</i>
                        <i>0.991578 0.127221 0.024248 -0.129482 0.977786 0.164831 -0.0027394 -0.166583 0.986024 -0.269807 3.39742 -1.19068</i>
                        <i>0.989657 0.138983 0.0355342 -0.142934 0.97641 0.161845 -0.0122023 -0.16525 0.986176 -0.292351 3.38817 -1.18412</i>
                        <i>0.987718 0.149899 0.044088 -0.155073 0.974996 0.159172 -0.0191258 -0.164054 0.986266 -0.31427 3.37865 -1.17441</i>
                        <i>0.985594 0.161749 0.0494129 -0.167577 0.97343 0.15605 -0.022859 -0.162083 0.986512 -0.334791 3.36961 -1.16428</i>
                        <i>0.98301 0.1762 0.0514269 -0.182074 0.971518 0.151661 -0.0232396 -0.158448 0.987094 -0.353151 3.36148 -1.15654</i>
                    </KeyFrames>
                </p>
            </i>
            <i>
                <p>
                    <Name><![CDATA[l_clav]]></Name>
                    <Exclude>0</Exclude>
                    <Additive>0</Additive>
                    <IKPriority>0</IKPriority>
                    <IKRotLimits>-1e+010 -1e+010 -1e+010 1e+010 1e+010 1e+010</IKRotLimits>
                    <IKRotLimitOrder>0</IKRotLimitOrder>
                    <KeyFrames count="33">
                        <i>0.915828 0.158575 0.368935 -0.256404 0.937987 0.23332 -0.309058 -0.308277 0.899693 -0.0552947 2.50933 -1.44967</i>
                        <i>0.925826 0.181184 0.331692 -0.277858 0.921202 0.272364 -0.256207 -0.344325 0.903216 -0.0532752 2.53689 -1.43173</i>
                        <i>0.931893 0.20802 0.297159 -0.301597 0.899498 0.316137 -0.201531 -0.384228 0.900974 -0.0492105 2.56601 -1.41276</i>
                        <i>0.933746 0.238407 0.266984 -0.326401 0.873268 0.361752 -0.146904 -0.424928 0.893227 -0.0437356 2.59615 -1.3928</i>
                        <i>0.931598 0.270982 0.242268 -0.35106 0.843565 0.406394 -0.0942431 -0.463646 0.880994 -0.0373808 2.62669 -1.37203</i>
                        <i>0.926145 0.30392 0.223357 -0.374424 0.812155 0.447448 -0.0454121 -0.498032 0.865969 -0.0305604 2.65702 -1.35082</i>
                        <i>0.918486 0.335233 0.209768 -0.395448 0.781473 0.482619 -0.00213822 -0.526232 0.850339 -0.0235749 2.68654 -1.32973</i>
                        <i>0.910002 0.36303 0.200263 -0.413203 0.754445 0.509976 0.0340492 -0.546829 0.836552 -0.0166346 2.71474 -1.30942</i>
                        <i>0.9022 0.385701 0.193056 -0.42686 0.734249 0.527892 0.0618573 -0.558671 0.827079 -0.00990376 2.74122 -1.29065</i>
                        <i>0.896538 0.401975 0.186109 -0.435636 0.723987 0.534849 0.0802556 -0.560589 0.824196 -0.00356629 2.76566 -1.27414</i>
                        <i>0.897272 0.406188 0.172959 -0.432758 0.731752 0.526555 0.0873179 -0.547312 0.832361 0.00339215 2.7901 -1.26275</i>
                        <i>0.906147 0.395382 0.150235 -0.414361 0.758559 0.502886 0.0848702 -0.51794 0.851196 0.0110996 2.81595 -1.25757</i>
                        <i>0.920097 0.372298 0.12172 -0.383992 0.796041 0.467834 0.0772792 -0.477192 0.875395 0.0179579 2.84173 -1.25662</i>
                        <i>0.935943 0.339967 0.0918299 -0.345531 0.836246 0.425794 0.0679637 -0.430249 0.900148 0.0223339 2.86601 -1.25786</i>
                        <i>0.951041 0.302223 0.0646642 -0.303349 0.872749 0.382477 0.0591581 -0.383368 0.921699 0.022581 2.88775 -1.25909</i>
                        <i>0.963619 0.263747 0.0433138 -0.262178 0.901222 0.345052 0.051971 -0.343855 0.937584 0.0170814 2.90636 -1.25803</i>
                        <i>0.9728 0.229763 0.029484 -0.226866 0.91925 0.321732 0.0468189 -0.31967 0.946371 0.00427342 2.92159 -1.25234</i>
                        <i>0.980471 0.195333 0.0228414 -0.192402 0.928679 0.317075 0.0407229 -0.315278 0.948125 -0.0114023 2.93231 -1.24508</i>
                        <i>0.987761 0.154628 0.0204518 -0.152777 0.932748 0.326557 0.0314184 -0.325685 0.944956 -0.0244247 2.93804 -1.24093</i>
                        <i>0.993535 0.1119 0.0191619 -0.111619 0.931982 0.344893 0.020735 -0.344802 0.938446 -0.0346934 2.93968 -1.24008</i>
                        <i>0.997266 0.0719047 0.0170333 -0.07314 0.927643 0.366235 0.0105332 -0.36648 0.930366 -0.0421324 2.93814 -1.24271</i>
                        <i>0.999116 0.0396405 0.0139996 -0.0419758 0.92226 0.384284 0.00232195 -0.384532 0.923109 -0.0467119 2.93446 -1.24895</i>
                        <i>0.999735 0.0198814 0.0115942 -0.0228374 0.919432 0.392586 -0.00285489 -0.392746 0.919642 -0.0484542 2.92977 -1.2589</i>
                        <i>0.999785 0.0170681 0.0117527 -0.020276 0.922852 0.384622 -0.00428121 -0.384778 0.922999 -0.0474094 2.92525 -1.27264</i>
                        <i>0.999529 0.0260932 0.0161241 -0.0302092 0.928507 0.370084 -0.0053147 -0.370397 0.928858 -0.0464274 2.92028 -1.28715</i>
                        <i>0.998962 0.0383413 0.024585 -0.0446486 0.931004 0.362269 -0.00899887 -0.36299 0.931749 -0.0484565 2.91422 -1.29871</i>
                        <i>0.997965 0.0529705 0.0355022 -0.0622136 0.930947 0.359816 -0.0139911 -0.361292 0.932348 -0.0536993 2.90821 -1.30647</i>
                        <i>0.996494 0.0690389 0.047267 -0.0814932 0.928863 0.361347 -0.0189576 -0.363932 0.931233 -0.0623744 2.90348 -1.30961</i>
                        <i>0.995085 0.0826724 0.0545079 -0.0969177 0.92603 0.364795 -0.0203175 -0.368285 0.929491 -0.0741367 2.8985 -1.30695</i>
                        <i>0.99424 0.092579 0.0539949 -0.106011 0.923556 0.368519 -0.0157502 -0.37212 0.928051 -0.0875133 2.89198 -1.29932</i>
                        <i>0.993707 0.101324 0.0477475 -0.111831 0.921565 0.371769 -0.00633321 -0.374769 0.927096 -0.10101 2.88518 -1.289</i>
                        <i>0.993073 0.11114 0.0381299 -0.117321 0.92006 0.373798 0.00646232 -0.375683 0.926726 -0.113129 2.87907 -1.27828</i>
                        <i>0.991895 0.123988 0.0277803 -0.125343 0.918967 0.373884 0.020828 -0.374336 0.927059 -0.122405 2.87432 -1.26944</i>
                    </KeyFrames>
                </p>
            </i>
            <i>
                <p>
                    <Name><![CDATA[l_shoulder]]></Name>
                    <Exclude>0</Exclude>
                    <Additive>0</Additive>
                    <IKPriority>0</IKPriority>
                    <IKRotLimits>-1e+010 -1e+010 -1e+010 1e+010 1e+010 1e+010</IKRotLimits>
                    <IKRotLimitOrder>0</IKRotLimitOrder>
                    <KeyFrames count="33">
                        <i>0.731001 -0.164357 0.662287 0.298266 0.949894 -0.0934803 -0.613739 0.265872 0.743396 0.128841 2.54122 -1.3755</i>
                        <i>0.759276 -0.188218 0.622956 0.307984 0.947201 -0.0891947 -0.573277 0.259584 0.777155 0.134209 2.57358 -1.36456</i>
                        <i>0.786474 -0.21037 0.580692 0.31575 0.945001 -0.0852932 -0.530812 0.250434 0.809643 0.141276 2.60853 -1.35202</i>
                        <i>0.812022 -0.233246 0.534992 0.322512 0.943326 -0.0782447 -0.486422 0.236078 0.841226 0.149334 2.64544 -1.33759</i>
                        <i>0.835042 -0.258901 0.485464 0.329584 0.941914 -0.0645866 -0.440544 0.213934 0.871868 0.157827 2.68348 -1.32126</i>
                        <i>0.854148 -0.28905 0.432298 0.338679 0.940024 -0.0406384 -0.394624 0.181121 0.900815 0.166364 2.72164 -1.30333</i>
                        <i>0.86743 -0.32506 0.376699 0.351788 0.936077 -0.00231061 -0.351868 0.134522 0.926333 0.174719 2.75891 -1.28444</i>
                        <i>0.872492 -0.367865 0.321609 0.370744 0.927124 0.0546792 -0.318286 0.0715274 0.945293 0.182807 2.79431 -1.26553</i>
                        <i>0.869786 -0.411636 0.272082 0.393959 0.911342 0.119382 -0.297102 0.00335266 0.95484 0.190616 2.82695 -1.24775</i>
                        <i>0.862003 -0.450925 0.231554 0.418821 0.890894 0.175776 -0.285552 -0.0545401 0.95681 0.198123 2.85609 -1.23227</i>
                        <i>0.842735 -0.495312 0.210866 0.453748 0.86434 0.216861 -0.289674 -0.0870766 0.953156 0.20712 2.88232 -1.22348</i>
                        <i>0.808229 -0.548911 0.213218 0.501585 0.831415 0.239084 -0.308509 -0.0862881 0.9473 0.218119 2.90628 -1.22325</i>
                        <i>0.763957 -0.603036 0.229603 0.554221 0.795452 0.245143 -0.330468 -0.0600281 0.941906 0.228921 2.92709 -1.22871</i>
                        <i>0.717155 -0.649912 0.251603 0.604848 0.759775 0.238539 -0.346191 -0.0188882 0.937974 0.23725 2.94408 -1.23677</i>
                        <i>0.676198 -0.685037 0.271075 0.648178 0.728084 0.223067 -0.350174 0.0248676 0.936354 0.240931 2.95714 -1.24424</i>
                        <i>0.649091 -0.707222 0.28021 0.680111 0.704526 0.202714 -0.340779 0.0589939 0.938291 0.238028 2.96683 -1.2481</i>
