<?xml version="1.0" encoding="ISO-8859-1" ?>
<Animl Version="1">
    <ModellingPackage>
        <![CDATA[Maya.2010]]>
</ModellingPackage>
    <SrcFile>
        <![CDATA[anims\turrets\machinegun\blue\~src\mgun_m60\mgun_m60_aim_low_crewman_b.mb]]>
</SrcFile>
    <FramesPerSecond>30</FramesPerSecond>
    <TotalFrames>30</TotalFrames>
    <Skeleton>
        <RefFrame>
            <Name>
                <![CDATA[soldier_ref_frame]]>
</Name>
            <Exclude>0</Exclude>
            <Additive>0</Additive>
            <IKPriority>0</IKPriority>
            <IKRotLimits>-1e+010 -1e+010 -1e+010 1e+010 1e+010 1e+010</IKRotLimits>
            <IKRotLimitOrder>0</IKRotLimitOrder>
            <KeyFrames count="30">
                <i>1 0 0 0 1 0 0 0 1 1.49 0.92 -0.85</i>
                <i>1 0 0 0 1 0 0 0 1 1.49 0.92 -0.85</i>
                <i>1 0 0 0 1 0 0 0 1 1.49 0.92 -0.85</i>
                <i>1 0 0 0 1 0 0 0 1 1.49 0.92 -0.85</i>
                <i>1 0 0 0 1 0 0 0 1 1.49 0.92 -0.85</i>
                <i>1 0 0 0 1 0 0 0 1 1.49 0.92 -0.85</i>
                <i>1 0 0 0 1 0 0 0 1 1.49 0.92 -0.85</i>
                <i>1 0 0 0 1 0 0 0 1 1.49 0.92 -0.85</i>
                <i>1 0 0 0 1 0 0 0 1 1.49 0.92 -0.85</i>
                <i>1 0 0 0 1 0 0 0 1 1.49 0.92 -0.85</i>
                <i>1 0 0 0 1 0 0 0 1 1.49 0.92 -0.85</i>
                <i>1 0 0 0 1 0 0 0 1 1.49 0.92 -0.85</i>
                <i>1 0 0 0 1 0 0 0 1 1.49 0.92 -0.85</i>
                <i>1 0 0 0 1 0 0 0 1 1.49 0.92 -0.85</i>
                <i>1 0 0 0 1 0 0 0 1 1.49 0.92 -0.85</i>
                <i>1 0 0 0 1 0 0 0 1 1.49 0.92 -0.85</i>
                <i>1 0 0 0 1 0 0 0 1 1.49 0.92 -0.85</i>
                <i>1 0 0 0 1 0 0 0 1 1.49 0.92 -0.85</i>
                <i>1 0 0 0 1 0 0 0 1 1.49 0.92 -0.85</i>
                <i>1 0 0 0 1 0 0 0 1 1.49 0.92 -0.85</i>
                <i>1 0 0 0 1 0 0 0 1 1.49 0.92 -0.85</i>
                <i>1 0 0 0 1 0 0 0 1 1.49 0.92 -0.85</i>
                <i>1 0 0 0 1 0 0 0 1 1.49 0.92 -0.85</i>
                <i>1 0 0 0 1 0 0 0 1 1.49 0.92 -0.85</i>
                <i>1 0 0 0 1 0 0 0 1 1.49 0.92 -0.85</i>
                <i>1 0 0 0 1 0 0 0 1 1.49 0.92 -0.85</i>
                <i>1 0 0 0 1 0 0 0 1 1.49 0.92 -0.85</i>
                <i>1 0 0 0 1 0 0 0 1 1.49 0.92 -0.85</i>
                <i>1 0 0 0 1 0 0 0 1 1.49 0.92 -0.85</i>
                <i>1 0 0 0 1 0 0 0 1 1.49 0.92 -0.85</i>
            </KeyFrames>
        </RefFrame>
        <Bones count="23">
            <i>
                <p>
                    <Name>
                        <![CDATA[pelvis]]>
</Name>
                    <Exclude>0</Exclude>
                    <Additive>0</Additive>
                    <IKPriority>0</IKPriority>
                    <IKRotLimits>-1e+010 -1e+010 -1e+010 1e+010 1e+010 1e+010</IKRotLimits>
                    <IKRotLimitOrder>2</IKRotLimitOrder>
                    <KeyFrames count="30">
                        <i>1 0 0 0 1 0 0 0 1 1.48926 1.53075 -0.850868</i>
                        <i>1 0 0 0 1 0 0 0 1 1.48926 1.53095 -0.850868</i>
                        <i>1 0 0 0 1 0 0 0 1 1.48926 1.53118 -0.850868</i>
                        <i>1 0 0 0 1 0 0 0 1 1.48926 1.53143 -0.850868</i>
                        <i>1 0 0 0 1 0 0 0 1 1.48926 1.53169 -0.850868</i>
                        <i>1 0 0 0 1 0 0 0 1 1.48926 1.53194 -0.850868</i>
                        <i>1 0 0 0 1 0 0 0 1 1.48926 1.5322 -0.850868</i>
                        <i>1 0 0 0 1 0 0 0 1 1.48926 1.53244 -0.850868</i>
                        <i>1 0 0 0 1 0 0 0 1 1.48926 1.53266 -0.850868</i>
                        <i>1 0 0 0 1 0 0 0 1 1.48926 1.53286 -0.850868</i>
                        <i>1 0 0 0 1 0 0 0 1 1.48926 1.53303 -0.850868</i>
                        <i>1 0 0 0 1 0 0 0 1 1.48926 1.53315 -0.850868</i>
                        <i>1 0 0 0 1 0 0 0 1 1.48926 1.53324 -0.850868</i>
                        <i>1 0 0 0 1 0 0 0 1 1.48926 1.53326 -0.850868</i>
                        <i>1 0 0 0 1 0 0 0 1 1.48926 1.53325 -0.850868</i>
                        <i>1 0 0 0 1 0 0 0 1 1.48926 1.53319 -0.850868</i>
                        <i>1 0 0 0 1 0 0 0 1 1.48926 1.5331 -0.850868</i>
                        <i>1 0 0 0 1 0 0 0 1 1.48926 1.53299 -0.850868</i>
                        <i>1 0 0 0 1 0 0 0 1 1.48926 1.53285 -0.850868</i>
                        <i>1 0 0 0 1 0 0 0 1 1.48926 1.53269 -0.850868</i>
                        <i>1 0 0 0 1 0 0 0 1 1.48926 1.53251 -0.850868</i>
                        <i>1 0 0 0 1 0 0 0 1 1.48926 1.53232 -0.850868</i>
                        <i>1 0 0 0 1 0 0 0 1 1.48926 1.53212 -0.850868</i>
                        <i>1 0 0 0 1 0 0 0 1 1.48926 1.53191 -0.850868</i>
                        <i>1 0 0 0 1 0 0 0 1 1.48926 1.5317 -0.850868</i>
                        <i>1 0 0 0 1 0 0 0 1 1.48926 1.53149 -0.850868</i>
                        <i>1 0 0 0 1 0 0 0 1 1.48926 1.53129 -0.850868</i>
                        <i>1 0 0 0 1 0 0 0 1 1.48926 1.5311 -0.850868</i>
                        <i>1 0 0 0 1 0 0 0 1 1.48926 1.53091 -0.850868</i>
                        <i>1 0 0 0 1 0 0 0 1 1.48926 1.53075 -0.850868</i>
                    </KeyFrames>
                </p>
            </i>
            <i>
                <p>
                    <Name>
                        <![CDATA[spine0]]>
</Name>
                    <Exclude>0</Exclude>
                    <Additive>0</Additive>
                    <IKPriority>0</IKPriority>
                    <IKRotLimits>-1e+010 -1e+010 -1e+010 1e+010 1e+010 1e+010</IKRotLimits>
                    <IKRotLimitOrder>0</IKRotLimitOrder>
                    <KeyFrames count="30">
                        <i>-0.0968668 0.990349 0.0991244 -0.955056 -0.0644553 -0.289333 -0.280152 -0.122696 0.952082 1.49238 1.66623 -0.899149</i>
                        <i>-0.0965568 0.990398 0.0989384 -0.955072 -0.0642087 -0.289337 -0.280206 -0.122431 0.952101 1.49238 1.66644 -0.899149</i>
                        <i>-0.0962673 0.990423 0.0989646 -0.95509 -0.0639216 -0.28934 -0.280243 -0.122374 0.952097 1.49238 1.66667 -0.899149</i>
                        <i>-0.0959975 0.990431 0.0991463 -0.955109 -0.0636093 -0.289344 -0.280269 -0.122472 0.952077 1.49238 1.66691 -0.899149</i>
                        <i>-0.0957448 0.990428 0.0994217 -0.955129 -0.0632869 -0.289348 -0.280287 -0.122664 0.952047 1.49238 1.66717 -0.899149</i>
                        <i>-0.0955049 0.990421 0.099723 -0.955149 -0.0629695 -0.289353 -0.280301 -0.122885 0.952014 1.49238 1.66743 -0.899149</i>
                        <i>-0.0952717 0.990418 0.0999763 -0.955168 -0.0626722 -0.289356 -0.280318 -0.123062 0.951986 1.49238 1.66768 -0.899149</i>
                        <i>-0.0950371 0.990428 0.100102 -0.955184 -0.0624098 -0.28936 -0.280343 -0.123116 0.951972 1.49238 1.66792 -0.899149</i>
                        <i>-0.0947922 0.99046 0.100017 -0.955197 -0.0621973 -0.289362 -0.280381 -0.122965 0.95198 1.49238 1.66814 -0.899149</i>
                        <i>-0.0944992 0.990538 0.0995198 -0.955206 -0.0620559 -0.289364 -0.28045 -0.122406 0.952032 1.49238 1.66834 -0.899149</i>
                        <i>-0.0941539 0.990668 0.0985472 -0.955209 -0.0619991 -0.289365 -0.280555 -0.121378 0.952133 1.49238 1.66851 -0.899149</i>
                        <i>-0.0937987 0.990832 0.0972317 -0.955207 -0.0620305 -0.289364 -0.28068 -0.120018 0.952268 1.49238 1.66864 -0.899149</i>
                        <i>-0.0934294 0.991026 0.0956004 -0.9552 -0.0621382 -0.289363 -0.280826 -0.118353 0.952434 1.49238 1.66872 -0.899149</i>
                        <i>-0.093034 0.991245 0.0936922 -0.955191 -0.0622997 -0.289361 -0.280991 -0.116414 0.952624 1.49238 1.66875 -0.899149</i>
                        <i>-0.0926454 0.991471 0.0916639 -0.955178 -0.0625022 -0.289358 -0.281161 -0.114363 0.952822 1.49238 1.66873 -0.899149</i>
                        <i>-0.0922957 0.991686 0.0896676 -0.955164 -0.0627333 -0.289356 -0.281325 -0.112354 0.953013 1.49238 1.66867 -0.899149</i>
                        <i>-0.0920153 0.991875 0.0878494 -0.955149 -0.0629806 -0.289352 -0.281469 -0.110534 0.953183 1.49238 1.66859 -0.899149</i>
                        <i>-0.0918327 0.992024 0.0863478 -0.955133 -0.0632322 -0.289349 -0.281581 -0.109045 0.953321 1.49238 1.66847 -0.899149</i>
                        <i>-0.0917746 0.99212 0.0852931 -0.955118 -0.0634765 -0.289346 -0.281652 -0.10802 0.953417 1.49238 1.66833 -0.899149</i>
                        <i>-0.0918653 0.992153 0.0848084 -0.955103 -0.063702 -0.289343 -0.28167 -0.107581 0.953461 1.49238 1.66817 -0.899149</i>
                        <i>-0.0921093 0.99212 0.0849331 -0.955091 -0.0639017 -0.28934 -0.281633 -0.10777 0.953451 1.49238 1.66799 -0.899149</i>
                        <i>-0.0924765 0.992032 0.0855633 -0.95508 -0.0640763 -0.289338 -0.28155 -0.108477 0.953395 1.49238 1.6678 -0.899149</i>
                        <i>-0.0929395 0.991898 0.0866072 -0.95507 -0.0642255 -0.289336 -0.28143 -0.109607 0.953301 1.49238 1.6676 -0.899149</i>
                        <i>-0.0934728 0.991727 0.087981 -0.955063 -0.0643488 -0.289335 -0.281279 -0.111072 0.953176 1.49238 1.66739 -0.899149</i>
                        <i>-0.0940524 0.991526 0.0896081 -0.955057 -0.0644448 -0.289333 -0.281107 -0.112793 0.953025 1.49238 1.66718 -0.899149</i>
                        <i>-0.0946558 0.991304 0.0914178 -0.955052 -0.0645121 -0.289333 -0.280919 -0.114696 0.952853 1.49238 1.66698 -0.899149</i>
                        <i>-0.0952611 0.991066 0.0933431 -0.95505 -0.0645486 -0.289332 -0.280722 -0.116709 0.952667 1.49238 1.66677 -0.899149</i>
                        <i>-0.0958468 0.990822 0.0953176 -0.95505 -0.0645525 -0.289332 -0.280523 -0.118765 0.952471 1.49238 1.66658 -0.899149</i>
                        <i>-0.0963902 0.990579 0.0972711 -0.955052 -0.0645218 -0.289332 -0.280331 -0.120788 0.952274 1.49238 1.6664 -0.899149</i>
                        <i>-0.0968668 0.990349 0.0991244 -0.955056 -0.0644553 -0.289333 -0.280152 -0.122696 0.952082 1.49238 1.66623 -0.899149</i>
                    </KeyFrames>
                </p>
            </i>
            <i>
                <p>
                    <Name>
                        <![CDATA[spine1]]>
</Name>
                    <Exclude>0</Exclude>
                    <Additive>0</Additive>
                    <IKPriority>0</IKPriority>
                    <IKRotLimits>-1e+010 -1e+010 -1e+010 1e+010 1e+010 1e+010</IKRotLimits>
                    <IKRotLimitOrder>0</IKRotLimitOrder>
                    <KeyFrames count="30">
                        <i>-0.1334 0.869786 0.475054 -0.986074 -0.0684537 -0.151566 -0.099311 -0.488657 0.866805 1.47517 1.84234 -0.881559</i>
                        <i>-0.13278 0.871161 0.472704 -0.986114 -0.0681176 -0.151458 -0.0997446 -0.48625 0.868108 1.47516 1.84322 -0.88153</i>
                        <i>-0.132231 0.872311 0.470731 -0.986152 -0.0678176 -0.151342 -0.100094 -0.484225 0.8692 1.47514 1.8442 -0.881456</i>
                        <i>-0.131738 0.873293 0.469047 -0.986189 -0.0675469 -0.151222 -0.100378 -0.482491 0.87013 1.47511 1.84525 -0.881347</i>
                        <i>-0.131286 0.874161 0.467555 -0.986225 -0.0672978 -0.151101 -0.100622 -0.480952 0.870954 1.47508 1.84633 -0.88122</i>
                        <i>-0.130856 0.874975 0.46615 -0.986259 -0.0670611 -0.150983 -0.100846 -0.479501 0.871727 1.47505 1.8474 -0.881088</i>
                        <i>-0.130427 0.8758 0.464718 -0.986292 -0.0668265 -0.150871 -0.101077 -0.478025 0.872511 1.47502 1.84843 -0.880968</i>
                        <i>-0.129977 0.876704 0.463138 -0.986324 -0.0665827 -0.150768 -0.101342 -0.476401 0.873368 1.47499 1.84938 -0.880878</i>
                        <i>-0.129482 0.877754 0.461283 -0.986356 -0.0663176 -0.150677 -0.101666 -0.474499 0.874365 1.47498 1.8502 -0.880838</i>
                        <i>-0.128849 0.879191 0.458716 -0.98639 -0.065984 -0.1506 -0.102138 -0.471878 0.875728 1.47499 1.85086 -0.880887</i>
                        <i>-0.128064 0.881048 0.455361 -0.986427 -0.0655758 -0.15054 -0.102772 -0.468459 0.877487 1.47503 1.85131 -0.881041</i>
                        <i>-0.127224 0.883085 0.451636 -0.986461 -0.0651438 -0.150505 -0.103487 -0.464669 0.879416 1.47509 1.85153 -0.881278</i>
                        <i>-0.126348 0.885204 0.447717 -0.986493 -0.0646928 -0.150487 -0.104247 -0.460684 0.881421 1.47518 1.8515 -0.881593</i>
                        <i>-0.125437 0.88736 0.443687 -0.986526 -0.0642169 -0.150475 -0.105033 -0.456584 0.883459 1.47528 1.85124 -0.881974</i>
                        <i>-0.124557 0.889402 0.439828 -0.986557 -0.0637515 -0.150471 -0.10579 -0.452658 0.885387 1.47539 1.85079 -0.882388</i>
                        <i>-0.123773 0.891185 0.436427 -0.986583 -0.0633318 -0.150476 -0.106463 -0.449197 0.887067 1.47551 1.85019 -0.882804</i>
                        <i>-0.123154 0.892568 0.433768 -0.986602 -0.0629924 -0.150492 -0.107 -0.44649 0.888368 1.47562 1.84947 -0.883192</i>
                        <i>-0.122765 0.893415 0.432132 -0.986613 -0.0627675 -0.150518 -0.107351 -0.444825 0.88916 1.47572 1.84866 -0.883525</i>
                        <i>-0.122671 0.893591 0.431795 -0.986612 -0.0626908 -0.150555 -0.107465 -0.444483 0.889318 1.4758 1.84779 -0.883776</i>
                        <i>-0.122937 0.892958 0.433026 -0.986598 -0.0627955 -0.150605 -0.107292 -0.445738 0.88871 1.47585 1.84689 -0.883923</i>
                        <i>-0.123575 0.891487 0.435867 -0.986569 -0.0630903 -0.150667 -0.106819 -0.448632 0.88731 1.47587 1.846 -0.883957</i>
                        <i>-0.124503 0.889351 0.439947 -0.986529 -0.0635386 -0.150741 -0.106108 -0.452788 0.885282 1.47587 1.84513 -0.883897</i>
                        <i>-0.125646 0.886718 0.444909 -0.98648 -0.0641056 -0.150825 -0.105218 -0.457844 0.882784 1.47584 1.84432 -0.883758</i>
                        <i>-0.126926 0.88376 0.450398 -0.986423 -0.0647566 -0.150919 -0.10421 -0.463439 0.87998 1.47579 1.8436 -0.883554</i>
                        <i>-0.128269 0.880654 0.456065 -0.986361 -0.0654566 -0.151021 -0.103145 -0.469216 0.877039 1.47572 1.84297 -0.883296</i>
                        <i>-0.129602 0.87759 0.461561 -0.986297 -0.0661707 -0.151129 -0.102088 -0.474823 0.87414 1.47564 1.84248 -0.882997</i>
                        <i>-0.130852 0.874765 0.466545 -0.986233 -0.0668634 -0.151241 -0.101106 -0.479913 0.871471 1.47554 1.84215 -0.882664</i>
                        <i>-0.131949 0.872382 0.47068 -0.986172 -0.0674991 -0.151354 -0.100268 -0.484142 0.869225 1.47543 1.84199 -0.882306</i>
                        <i>-0.132822 0.870652 0.473628 -0.986118 -0.0680415 -0.151464 -0.0996458 -0.487171 0.867603 1.4753 1.84205 -0.881935</i>
                        <i>-0.1334 0.869786 0.475054 -0.986074 -0.0684537 -0.151566 -0.099311 -0.488657 0.866805 1.47517 1.84234 -0.881559</i>
                    </KeyFrames>
                </p>
            </i>
            <i>
                <p>
                    <Name>
                        <![CDATA[spine2]]>
</Name>
                    <Exclude>0</Exclude>
                    <Additive>0</Additive>
                    <IKPriority>0</IKPriority>
                    <IKRotLimits>-1e+010 -1e+010 -1e+010 1e+010 1e+010 1e+010</IKRotLimits>
                    <IKRotLimitOrder>0</IKRotLimitOrder>
                    <KeyFrames count="30">
                        <i>-0.128872 0.69291 0.709414 -0.988361 -0.148061 -0.0349287 0.0808339 -0.705659 0.703926 1.45349 1.98444 -0.803728</i>
                        <i>-0.128727 0.693935 0.708437 -0.988398 -0.147854 -0.0347703 0.0806167 -0.704694 0.704917 1.4535 1.98607 -0.803787</i>
                        <i>-0.128698 0.694408 0.707979 -0.988406 -0.147819 -0.0346886 0.0805648 -0.704235 0.705381 1.45348 1.98784 -0.8037</i>
                        <i>-0.128747 0.694503 0.707877 -0.988395 -0.147902 -0.034659 0.0806257 -0.704124 0.705485 1.45343 1.9897 -0.803509</i>
                        <i>-0.128838 0.694396 0.707966 -0.988373 -0.148047 -0.0346573 0.0807467 -0.704199 0.705396 1.45337 1.99159 -0.803258</i>
                        <i>-0.128933 0.694261 0.708081 -0.98835 -0.1482 -0.034659 0.0808749 -0.7043 0.705281 1.45331 1.99347 -0.802995</i>
                        <i>-0.128994 0.694276 0.708055 -0.988335 -0.148303 -0.0346396 0.0809571 -0.704264 0.705307 1.45326 1.99526 -0.802768</i>
                        <i>-0.128986 0.694617 0.707721 -0.988338 -0.148301 -0.0345743 0.0809399 -0.703927 0.705645 1.45322 1.99693 -0.802633</i>
                        <i>-0.128868 0.695463 0.706912 -0.988367 -0.148138 -0.0344387 0.0807694 -0.703126 0.706463 1.45322 1.99841 -0.802642</i>
                        <i>-0.128541 0.697309 0.705151 -0.988448 -0.147662 -0.0341629 0.0803019 -0.701396 0.708234 1.45329 1.99967 -0.802929</i>
                        <i>-0.127974 0.700265 0.702318 -0.988586 -0.146833 -0.033733 0.0795016 -0.698619 0.711063 1.45343 2.00066 -0.803535</i>
                        <i>-0.127241 0.703932 0.698777 -0.988762 -0.145761 -0.0332091 0.0784772 -0.69515 0.714569 1.45362 2.00128 -0.804378</i>
                        <i>-0.126385 0.708022 0.69479 -0.988964 -0.144518 -0.0326262 0.0773094 -0.691245 0.718473 1.45387 2.00149 -0.805421</i>
                        <i>-0.125442 0.712314 0.69056 -0.989181 -0.143167 -0.0320101 0.0760641 -0.687105 0.722566 1.45416 2.00133 -0.806622</i>
                        <i>-0.124477 0.716518 0.686373 -0.989397 -0.1418 -0.0314043 0.0748259 -0.683004 0.726572 1.45448 2.00085 -0.807886</i>
                        <i>-0.123558 0.72035 0.682517 -0.989598 -0.140512 -0.0308499 0.0736788 -0.679229 0.730219 1.4548 2.00008 -0.80912</i>
                        <i>-0.122755 0.723532 0.679288 -0.98977 -0.139397 -0.0303862 0.0727051 -0.676069 0.733242 1.45509 1.99904 -0.810234</i>
                        <i>-0.122137 0.72579 0.676987 -0.989899 -0.138551 -0.030051 0.0719866 -0.673819 0.735381 1.45534 1.99777 -0.81114</i>
                        <i>-0.121775 0.726852 0.675912 -0.989971 -0.138071 -0.029881 0.0716048 -0.672773 0.736376 1.45552 1.99631 -0.811758</i>
                        <i>-0.12174 0.726441 0.67636 -0.989973 -0.138052 -0.0299139 0.071642 -0.67322 0.735964 1.45562 1.9947 -0.812008</i>
                        <i>-0.122049 0.724495 0.678389 -0.9899 -0.138519 -0.0301599 0.072119 -0.675219 0.734084 1.45561 1.99297 -0.811868</i>
                        <i>-0.122629 0.721349 0.681629 -0.989769 -0.139368 -0.0305761 0.0729411 -0.678404 0.731059 1.45553 1.99122 -0.811412</i>
                        <i>-0.123409 0.717327 0.68572 -0.989592 -0.140499 -0.0311225 0.0740178 -0.682423 0.7272 1.45538 1.98949 -0.810707</i>
                        <i>-0.12432 0.712755 0.690308 -0.989384 -0.141811 -0.0317583 0.0752577 -0.686928 0.722818 1.45518 1.98787 -0.809816</i>
                        <i>-0.125292 0.707964 0.695046 -0.989161 -0.143207 -0.0324411 0.0765682 -0.691577 0.718233 1.45494 1.98643 -0.808799</i>
                        <i>-0.12626 0.703297 0.699594 -0.988937 -0.144588 -0.0331264 0.0778549 -0.696037 0.713772 1.45467 1.98524 -0.807712</i>
                        <i>-0.127162 0.699102 0.703624 -0.988729 -0.145858 -0.0337673 0.0790221 -0.699987 0.70977 1.45438 1.98437 -0.806609</i>
                        <i>-0.127937 0.695734 0.706814 -0.988553 -0.146922 -0.0343149 0.0799726 -0.703113 0.706566 1.45408 1.98389 -0.805542</i>
                        <i>-0.128527 0.693551 0.70885 -0.988424 -0.147687 -0.0347188 0.0806089 -0.705107 0.704504 1.45378 1.98389 -0.804563</i>
                        <i>-0.128872 0.69291 0.709414 -0.988361 -0.148061 -0.0349287 0.0808339 -0.705659 0.703926 1.45349 1.98444 -0.803728</i>
                    </KeyFrames>
                </p>
            </i>
            <i>
                <p>
                    <Name>
                        <![CDATA[head]]>
</Name>
                    <Exclude>0</Exclude>
                    <Additive>0</Additive>
                    <IKPriority>0</IKPriority>
                    <IKRotLimits>-1e+010 -1e+010 -1e+010 1e+010 1e+010 1e+010</IKRotLimits>
                    <IKRotLimitOrder>0</IKRotLimitOrder>
                    <KeyFrames count="30">
                        <i>-0.039344 0.965617 0.256976 0.153482 0.259963 -0.953343 -0.987368 0.00193276 -0.158432 1.42015 2.17196 -0.625528</i>
                        <i>-0.0416726 0.961781 0.270629 0.152665 0.273813 -0.949589 -0.987399 0.00174389 -0.158241 1.4201 2.17403 -0.625314</i>
                        <i>-0.0440651 0.957975 0.283448 0.151474 0.28685 -0.945924 -0.987479 0.00125266 -0.157748 1.41998 2.17613 -0.624747</i>
                        <i>-0.0463541 0.954396 0.294924 0.150078 0.298544 -0.942522 -0.987587 0.000571769 -0.157072 1.4198 2.17823 -0.623936</i>
                        <i>-0.0483833 0.951265 0.304556 0.148658 0.308376 -0.939577 -0.987704 -0.000185178 -0.156333 1.41959 2.18033 -0.622998</i>
                        <i>-0.0500044 0.948816 0.311847 0.1474 0.315829 -0.937297 -0.987812 -0.00090272 -0.155648 1.41939 2.18239 -0.622048</i>
                        <i>-0.0510732 0.947284 0.316299 0.146493 0.320392 -0.935889 -0.987892 -0.0014634 -0.155133 1.4192 2.18441 -0.621208</i>
                        <i>-0.0514446 0.946891 0.317412 0.146122 0.321549 -0.93555 -0.987928 -0.00174822 -0.154903 1.41907 2.18636 -0.620602</i>
                        <i>-0.0510491 0.947733 0.314955 0.146366 0.319061 -0.936364 -0.987912 -0.00170191 -0.155003 1.41901 2.18823 -0.620357</i>
                        <i>-0.0498221 0.949862 0.308675 0.147202 0.312667 -0.938387 -0.987851 -0.00131488 -0.155399 1.4191 2.1901 -0.620759</i>
                        <i>-0.0477832 0.953139 0.298736 0.148561 0.302532 -0.94149 -0.987748 -0.000606793 -0.156056 1.41935 2.19194 -0.62191</i>
                        <i>-0.0451068 0.957178 0.285966 0.150286 0.289501 -0.945306 -0.987613 0.000336894 -0.156909 1.41974 2.19354 -0.623651</i>
                        <i>-0.0419714 0.961607 0.271202 0.152221 0.274426 -0.949484 -0.987455 0.00143132 -0.157894 1.42023 2.19477 -0.625867</i>
                        <i>-0.0385625 0.966094 0.255293 0.154219 0.258176 -0.953709 -0.987284 0.00259361 -0.158946 1.42082 2.19563 -0.62843</i>
                        <i>-0.0350746 0.97036 0.239104 0.156148 0.241633 -0.957722 -0.987111 0.00374386 -0.159995 1.42145 2.19608 -0.631147</i>
                        <i>-0.0317114 0.974185 0.223514 0.157888 0.225701 -0.961317 -0.986948 0.00480545 -0.160969 1.42208 2.19609 -0.633826</i>
                        <i>-0.0286845 0.977406 0.209416 0.159332 0.211295 -0.964348 -0.986808 0.00570496 -0.161793 1.42267 2.19563 -0.636277</i>
                        <i>-0.0262113 0.97991 0.197709 0.160388 0.199337 -0.966716 -0.986706 0.00637136 -0.162391 1.42316 2.19468 -0.638315</i>
                        <i>-0.0245117 0.981614 0.189296 0.160968 0.190757 -0.96835 -0.986655 0.00673465 -0.162684 1.42353 2.19322 -0.639758</i>
                        <i>-0.0236056 0.982609 0.184179 0.161105 0.185561 -0.969336 -0.986655 0.00679033 -0.162683 1.42372 2.19122 -0.640429</i>
                        <i>-0.0233842 0.983038 0.181907 0.16091 0.183285 -0.969801 -0.986692 0.0065925 -0.162466 1.42372 2.18874 -0.640275</i>
                        <i>-0.0237699 0.982961 0.182273 0.160448 0.183712 -0.969797 -0.986758 0.00619341 -0.162081 1.42357 2.18595 -0.639454</i>
                        <i>-0.0246869 0.982411 0.18509 0.159776 0.186644 -0.969348 -0.986844 0.0056429 -0.161574 1.42329 2.183 -0.638115</i>
                        <i>-0.026057 0.981406 0.190165 0.158949 0.191877 -0.968462 -0.986943 0.00499127 -0.160993 1.42292 2.18006 -0.6364</i>
                        <i>-0.0278004 0.979948 0.197302 0.158014 0.199205 -0.967134 -0.987045 0.00428982 -0.160384 1.42248 2.17729 -0.634448</i>
                        <i>-0.0298368 0.978033 0.206306 0.157022 0.208421 -0.965352 -0.987144 0.00359144 -0.159791 1.422 2.17486 -0.632387</i>
                        <i>-0.0320861 0.97565 0.216975 0.15602 0.219315 -0.963098 -0.987233 0.00295045 -0.159258 1.4215 2.17294 -0.630343</i>
                        <i>-0.03447 0.97279 0.229112 0.15506 0.231678 -0.960355 -0.987304 0.00242266 -0.158827 1.42101 2.1717 -0.628437</i>
                        <i>-0.0369129 0.969446 0.242513 0.154194 0.245297 -0.957107 -0.987351 0.00206455 -0.158538 1.42055 2.17131 -0.626791</i>
                        <i>-0.039344 0.965617 0.256976 0.153482 0.259963 -0.953343 -0.987368 0.00193276 -0.158432 1.42015 2.17196 -0.625528</i>
                    </KeyFrames>
                </p>
            </i>
            <i>
                <p>
                    <Name>
                        <![CDATA[head_prop]]>
</Name>
                    <Exclude>0</Exclude>
                    <Additive>0</Additive>
                    <IKPriority>0</IKPriority>
                    <IKRotLimits>-1e+010 -1e+010 -1e+010 1e+010 1e+010 1e+010</IKRotLimits>
                    <IKRotLimitOrder>0</IKRotLimitOrder>
                    <KeyFrames count="30">
                        <i>0.987521 -0.0169079 0.156576 -0.024503 0.965617 0.258812 -0.155569 -0.259419 0.953153 1.40733 2.48666 -0.541777</i>
                        <i>0.987589 -0.0166909 0.156173 -0.0268313 0.961792 0.272463 -0.154754 -0.273272 0.949407 1.40652 2.48748 -0.537114</i>
                        <i>0.987707 -0.0161702 0.155481 -0.029223 0.958 0.285275 -0.153564 -0.286312 0.94575 1.40562 2.48834 -0.532368</i>
                        <i>0.987852 -0.0154604 0.154626 -0.0315108 0.954438 0.296742 -0.152169 -0.298009 0.942356 1.40469 2.48928 -0.527818</i>
                        <i>0.988003 -0.0146774 0.153737 -0.0335388 0.951324 0.306363 -0.150751 -0.307844 0.939418 1.40383 2.49035 -0.52374</i>
                        <i>0.988137 -0.013939 0.152939 -0.0351587 0.94889 0.313644 -0.149494 -0.3153 0.937143 1.40309 2.49162 -0.520414</i>
                        <i>0.988235 -0.0133651 0.152355 -0.0362267 0.947369 0.318088 -0.148587 -0.319865 0.935739 1.40256 2.49314 -0.518124</i>
                        <i>0.988277 -0.0130769 0.152107 -0.0365978 0.946981 0.319198 -0.148217 -0.321023 0.935401 1.4023 2.49496 -0.517155</i>
                        <i>0.988256 -0.0131305 0.152245 -0.0362024 0.94782 0.316742 -0.14846 -0.318534 0.936213 1.40238 2.4971 -0.51771</i>
                        <i>0.988174 -0.0135359 0.152739 -0.034976 0.94994 0.310468 -0.149296 -0.312139 0.938233 1.40286 2.49967 -0.520159</i>
                        <i>0.988038 -0.0142716 0.153551 -0.0329382 0.953201 0.300538 -0.150654 -0.302001 0.941328 1.40378 2.50258 -0.524549</i>
                        <i>0.987859 -0.0152482 0.154603 -0.0302632 0.957218 0.28778 -0.152377 -0.288965 0.945135 1.40503 2.50549 -0.530452</i>
                        <i>0.98765 -0.016377 0.155818 -0.0271295 0.961623 0.27303 -0.154309 -0.273886 0.949303 1.40655 2.50817 -0.53748</i>
                        <i>0.987424 -0.0175721 0.157116 -0.0237224 0.966084 0.257137 -0.156305 -0.25763 0.953517 1.40825 2.51049 -0.545228</i>
                        <i>0.987195 -0.0187512 0.158415 -0.0202365 0.970323 0.240963 -0.158232 -0.241083 0.957519 1.41002 2.51233 -0.553221</i>
                        <i>0.986978 -0.0198364 0.159629 -0.0168752 0.974123 0.225388 -0.159969 -0.225147 0.961103 1.41174 2.51358 -0.56098</i>
                        <i>0.98679 -0.0207537 0.160671 -0.0138499 0.977323 0.211302 -0.161412 -0.210736 0.964125 1.41332 2.51417 -0.568027</i>
                        <i>0.986648 -0.0214323 0.161448 -0.011378 0.979811 0.199604 -0.162466 -0.198776 0.966485 1.41462 2.51404 -0.57388</i>
                        <i>0.986571 -0.021803 0.16187 -0.00967907 0.981504 0.191195 -0.163045 -0.190194 0.968113 1.41554 2.51314 -0.578064</i>
                        <i>0.986557 -0.0218626 0.161948 -0.00877298 0.982496 0.186078 -0.163181 -0.184998 0.969096 1.41603 2.51147 -0.580404</i>
                        <i>0.986591 -0.0216665 0.161766 -0.00855115 0.982926 0.183803 -0.162986 -0.182721 0.969561 1.4161 2.50913 -0.58099</i>
                        <i>0.986664 -0.0212672 0.161375 -0.00893608 0.982855 0.184164 -0.162525 -0.18315 0.969558 1.41582 2.5063 -0.580049</i>
                        <i>0.986766 -0.0207147 0.160825 -0.00985202 0.982316 0.186973 -0.161854 -0.186083 0.969111 1.41525 2.50318 -0.577792</i>
                        <i>0.986886 -0.0200591 0.160167 -0.0112209 0.981323 0.192039 -0.161027 -0.191318 0.968229 1.41443 2.49991 -0.574424</i>
                        <i>0.987017 -0.0193513 0.159448 -0.0129631 0.97988 0.199167 -0.160094 -0.198648 0.966907 1.41342 2.49667 -0.570145</i>
                        <i>0.987148 -0.0186437 0.158717 -0.0149983 0.97798 0.208161 -0.159103 -0.207866 0.965131 1.41228 2.49361 -0.56515</i>
                        <i>0.987272 -0.0179901 0.15802 -0.0172466 0.975612 0.218823 -0.158103 -0.218763 0.962884 1.41105 2.49092 -0.559629</i>
                        <i>0.987381 -0.0174456 0.157402 -0.0196296 0.972767 0.230953 -0.157144 -0.231129 0.960149 1.40978 2.48874 -0.553768</i>
                        <i>0.987466 -0.0170661 0.156906 -0.022072 0.969436 0.24435 -0.15628 -0.244751 0.956908 1.40852 2.48726 -0.547754</i>
                        <i>0.987521 -0.0169079 0.156576 -0.024503 0.965617 0.258812 -0.155569 -0.259419 0.953153 1.40733 2.48666 -0.541777</i>
                    </KeyFrames>
                </p>
            </i>
            <i>
                <p>
                    <Name>
                        <![CDATA[l_clav]]>
</Name>
                    <Exclude>0</Exclude>
                    <Additive>0</Additive>
                    <IKPriority>0</IKPriority>
                    <IKRotLimits>-1e+010 -1e+010 -1e+010 1e+010 1e+010 1e+010</IKRotLimits>
                    <IKRotLimitOrder>0</IKRotLimitOrder>
                    <KeyFrames count="30">
                        <i>0.934727 0.311878 0.170348 -0.353002 0.75966 0.546174 0.040933 -0.570657 0.820168 1.53208 2.01757 -0.732531</i>
                        <i>0.939802 0.300669 0.16239 -0.339224 0.763545 0.549478 0.0412193 -0.571487 0.819575 1.53206 2.01973 -0.732416</i>
                        <i>0.945272 0.28794 0.153464 -0.32356 0.76658 0.554674 0.0420705 -0.573973 0.817793 1.53199 2.02204 -0.732106</i>
                        <i>0.950421 0.275286 0.144631 -0.307953 0.768617 0.560708 0.0431897 -0.577448 0.815284 1.53189 2.02446 -0.73166</i>
                        <i>0.954656 0.264319 0.136996 -0.294393 0.769612 0.566595 0.0443282 -0.581234 0.812528 1.53177 2.02691 -0.731138</i>
                        <i>0.957486 0.256654 0.131714 -0.284902 0.769622 0.571414 0.0452858 -0.584646 0.810024 1.53165 2.02934 -0.730603</i>
                        <i>0.95846 0.253893 0.12997 -0.28151 0.768744 0.574269 0.0458892 -0.587002 0.808284 1.53154 2.03166 -0.730125</i>
                        <i>0.958287 0.254287 0.130474 -0.282053 0.767657 0.575455 0.0461713 -0.588252 0.807358 1.53146 2.03384 -0.729774</i>
                        <i>0.958019 0.254988 0.131078 -0.282952 0.767137 0.575708 0.0462439 -0.588628 0.80708 1.53143 2.03579 -0.729626</i>
                        <i>0.957709 0.255884 0.131592 -0.284043 0.767689 0.574433 0.0459669 -0.587518 0.807905 1.53147 2.0375 -0.729844</i>
                        <i>0.957383 0.256925 0.131934 -0.285245 0.769473 0.571442 0.0452977 -0.584723 0.809967 1.53162 2.03891 -0.730489</i>
                        <i>0.957026 0.258132 0.13217 -0.286595 0.772187 0.56709 0.044324 -0.580599 0.812982 1.53184 2.03985 -0.731471</i>
                        <i>0.95662 0.259531 0.132367 -0.288127 0.775525 0.561733 0.0431334 -0.575503 0.816661 1.53214 2.04028 -0.732746</i>
                        <i>0.95615 0.261145 0.13259 -0.289876 0.77919 0.555729 0.0418126 -0.569795 0.820723 1.5325 2.04025 -0.734254</i>
                        <i>0.955599 0.262994 0.13291 -0.291882 0.78289 0.549443 0.0404465 -0.563841 0.824892 1.5329 2.03979 -0.735873</i>
                        <i>0.954948 0.265102 0.1334 -0.294184 0.786344 0.543248 0.0391179 -0.558018 0.828907 1.5333 2.03893 -0.737486</i>
                        <i>0.954179 0.267486 0.134137 -0.296824 0.789282 0.537521 0.0379075 -0.552706 0.832513 1.53369 2.0377 -0.738976</i>
                        <i>0.953274 0.270164 0.135205 -0.299846 0.791443 0.532645 0.036894 -0.548297 0.835469 1.53402 2.03613 -0.740232</i>
                        <i>0.952211 0.273147 0.136696 -0.303295 0.792569 0.529005 0.0361553 -0.545183 0.837537 1.53427 2.03425 -0.74115</i>
                        <i>0.950968 0.276443 0.138707 -0.307215 0.792405 0.526985 0.0357693 -0.543759 0.838479 1.53442 2.03211 -0.74163</i>
                        <i>0.949543 0.28002 0.141271 -0.311593 0.790879 0.526708 0.0357608 -0.544151 0.838225 1.53446 2.02976 -0.74164</i>
                        <i>0.94797 0.283789 0.144283 -0.316313 0.788262 0.527816 0.0360555 -0.545992 0.837014 1.5344 2.02732 -0.741266</i>
                        <i>0.946284 0.287663 0.147637 -0.321261 0.784812 0.529964 0.0365841 -0.548927 0.83507 1.53426 2.02489 -0.740583</i>
                        <i>0.944523 0.291563 0.151221 -0.326323 0.780784 0.532812 0.0372776 -0.5526 0.832612 1.53406 2.02258 -0.739663</i>
                        <i>0.942726 0.295414 0.154914 -0.331389 0.776442 0.536022 0.0380666 -0.556659 0.829869 1.53381 2.02052 -0.738571</i>
                        <i>0.940935 0.29915 0.158591 -0.336348 0.772052 0.539263 0.0388805 -0.560753 0.82707 1.53351 2.01879 -0.737367</i>
                        <i>0.939193 0.302713 0.162116 -0.341094 0.767893 0.542213 0.0396475 -0.564539 0.824454 1.53318 2.01752 -0.736108</i>
                        <i>0.937546 0.306052 0.165348 -0.34552 0.764249 0.544555 0.0402945 -0.567676 0.822265 1.53282 2.01681 -0.734845</i>
                        <i>0.936041 0.30912 0.168143 -0.349524 0.761407 0.545978 0.0407476 -0.569827 0.820754 1.53245 2.01679 -0.733634</i>
                        <i>0.934727 0.311878 0.170348 -0.353002 0.75966 0.546174 0.040933 -0.570657 0.820168 1.53208 2.01757 -0.732531</i>
                    </KeyFrames>
                </p>
            </i>
            <i>
                <p>
                    <Name>
                        <![CDATA[l_shoulder]]>
</Name>
                    <Exclude>0</Exclude>
                    <Additive>0</Additive>
                    <IKPriority>0</IKPriority>
                    <IKRotLimits>-1e+010 -1e+010 -1e+010 1e+010 1e+010 1e+010</IKRotLimits>
                    <IKRotLimitOrder>0</IKRotLimitOrder>
                    <KeyFrames count="30">
                        <i>0.437471 -0.529733 0.726638 0.148424 0.839518 0.522667 -0.886899 -0.120801 0.445889 1.71677 2.07919 -0.698874</i>
                        <i>0.432328 -0.52827 0.730769 0.144582 0.840545 0.522091 -0.89005 -0.120058 0.43977 1.71774 2.07913 -0.700331</i>
                        <i>0.427364 -0.526367 0.735049 0.139924 0.841749 0.521421 -0.893186 -0.119986 0.433385 1.71875 2.07893 -0.701785</i>
                        <i>0.422722 -0.524563 0.739013 0.135074 0.842814 0.52098 -0.896137 -0.120408 0.427131 1.71967 2.07885 -0.703084</i>
                        <i>0.418528 -0.523425 0.7422 0.130689 0.843422 0.521114 -0.898752 -0.121104 0.421401 1.72039 2.07914 -0.70407</i>
                        <i>0.414899 -0.523532 0.74416 0.127448 0.843253 0.522189 -0.900897 -0.121813 0.416588 1.72083 2.08004 -0.70458</i>
                        <i>0.411942 -0.525462 0.744442 0.126043 0.841987 0.524567 -0.902451 -0.122259 0.413081 1.72091 2.08183 -0.704446</i>
                        <i>0.409233 -0.528458 0.743815 0.125947 0.840115 0.527583 -0.903696 -0.122224 0.41036 1.7208 2.08408 -0.703996</i>
                        <i>0.406172 -0.531327 0.743448 0.126215 0.838404 0.530235 -0.905038 -0.121532 0.407598 1.72071 2.08617 -0.703727</i>
                        <i>0.40214 -0.534034 0.743702 0.127015 0.83696 0.53232 -0.906725 -0.119606 0.404405 1.7207 2.08806 -0.703844</i>
                        <i>0.39702 -0.536454 0.744709 0.128383 0.835881 0.533687 -0.908787 -0.116276 0.400733 1.72078 2.08967 -0.704422</i>
                        <i>0.391436 -0.538365 0.746285 0.130185 0.83524 0.534253 -0.91095 -0.111971 0.39703 1.72093 2.09085 -0.705357</i>
                        <i>0.385671 -0.53967 0.748341 0.132296 0.835055 0.534023 -0.913102 -0.106955 0.393453 1.72115 2.09156 -0.706594</i>
                        <i>0.379858 -0.540422 0.750767 0.134605 0.835255 0.533134 -0.915199 -0.101458 0.390021 1.72142 2.09185 -0.708057</i>
                        <i>0.374432 -0.540652 0.753324 0.137003 0.835764 0.531722 -0.917077 -0.0958861 0.387008 1.72171 2.09175 -0.709613</i>
                        <i>0.369826 -0.54041 0.755768 0.139383 0.836505 0.529935 -0.918587 -0.090642 0.384685 1.72198 2.09131 -0.711129</i>
                        <i>0.366488 -0.539751 0.757862 0.14164 0.837407 0.527909 -0.919578 -0.0861287 0.38335 1.72221 2.09055 -0.712473</i>
                        <i>0.364857 -0.538736 0.75937 0.143668 0.838402 0.525777 -0.919912 -0.0827362 0.383296 1.72236 2.08951 -0.713519</i>
                        <i>0.365338 -0.537427 0.760065 0.145361 0.839427 0.523672 -0.919455 -0.0808333 0.384796 1.72241 2.08822 -0.714142</i>
                        <i>0.368292 -0.535878 0.759733 0.146611 0.840424 0.521721 -0.918077 -0.0807604 0.388088 1.72231 2.08673 -0.714225</i>
                        <i>0.373687 -0.534155 0.758312 0.14738 0.841345 0.520016 -0.915771 -0.0825635 0.393124 1.72207 2.08508 -0.713728</i>
                        <i>0.380847 -0.532361 0.756008 0.147762 0.842159 0.518589 -0.912755 -0.0857936 0.399396 1.7217 2.08339 -0.712759</i>
                        <i>0.38915 -0.530596 0.753014 0.147848 0.842828 0.517476 -0.909232 -0.0900439 0.406434 1.72123 2.08172 -0.711413</i>
                        <i>0.398029 -0.52897 0.74951 0.147731 0.843313 0.516719 -0.9054 -0.0949428 0.413808 1.72068 2.08019 -0.709785</i>
                        <i>0.406972 -0.527599 0.745663 0.147508 0.843569 0.516365 -0.901452 -0.100155 0.421134 1.72007 2.07888 -0.707963</i>
                        <i>0.415519 -0.526619 0.741631 0.14728 0.843545 0.516469 -0.897582 -0.105375 0.428069 1.71941 2.07789 -0.706033</i>
                        <i>0.423246 -0.526178 0.737563 0.14715 0.843188 0.517089 -0.893985 -0.110323 0.434303 1.71874 2.07733 -0.704077</i>
                        <i>0.429753 -0.526437 0.733606 0.147226 0.842438 0.518288 -0.890863 -0.11473 0.439545 1.71806 2.07728 -0.702176</i>
                        <i>0.434636 -0.527565 0.729909 0.147616 0.841235 0.520128 -0.888426 -0.11832 0.443508 1.7174 2.07787 -0.700413</i>
                        <i>0.437471 -0.529733 0.726638 0.148424 0.839518 0.522667 -0.886899 -0.120801 0.445889 1.71677 2.07919 -0.698874</i>
                    </KeyFrames>
                </p>
            </i>
            <i>
                <p>
                    <Name>
                        <![CDATA[l_elbow]]>
</Name>
                    <Exclude>0</Exclude>
                    <Additive>0</Additive>
                    <IKPriority>0</IKPriority>
                    <IKRotLimits>-1e+010 -1e+010 -1e+010 1e+010 1e+010 1e+010</IKRotLimits>
                    <IKRotLimitOrder>0</IKRotLimitOrder>
                    <KeyFrames count="30">
                        <i>-0.392261 -0.436798 0.80953 0.1462 0.839272 0.523687 -0.908161 0.323775 -0.265354 1.85906 1.90688 -0.462516</i>
                        <i>-0.390121 -0.438069 0.809877 0.142351 0.840301 0.523096 -0.909693 0.319358 -0.26546 1.85837 1.9073 -0.462629</i>
                        <i>-0.388266 -0.439365 0.810067 0.137686 0.841505 0.52241 -0.911204 0.314368 -0.266233 1.85777 1.90772 -0.46269</i>
                        <i>-0.386441 -0.440915 0.810097 0.132828 0.842569 0.521952 -0.9127 0.309307 -0.267037 1.85717 1.90822 -0.4627</i>
                        <i>-0.384456 -0.442932 0.809941 0.128437 0.843175 0.522072 -0.914165 0.30474 -0.267275 1.85653 1.90888 -0.46265</i>
