<?xml version="1.0" encoding="ISO-8859-1" ?>
<Animl Version="1">
    <ModellingPackage>
        <![CDATA[Maya.2010]]>
</ModellingPackage>
    <SrcFile>
        <![CDATA[anims\turrets\machinegun\blue\~src\mgun_m2browning\mgun_m2browning_idle_crewman_c.mb]]>
</SrcFile>
    <FramesPerSecond>30</FramesPerSecond>
    <TotalFrames>97</TotalFrames>
    <Skeleton>
        <RefFrame>
            <Name>
                <![CDATA[soldier_ref_frame]]>
</Name>
            <Exclude>0</Exclude>
            <Additive>0</Additive>
            <IKPriority>0</IKPriority>
            <IKRotLimits>-1e+010 -1e+010 -1e+010 1e+010 1e+010 1e+010</IKRotLimits>
            <IKRotLimitOrder>0</IKRotLimitOrder>
            <KeyFrames count="97">
                <i>1 0 0 0 1 0 0 0 1 -1.51 0.91 0.63</i>
                <i>1 0 0 0 1 0 0 0 1 -1.51 0.91 0.63</i>
                <i>1 0 0 0 1 0 0 0 1 -1.51 0.91 0.63</i>
                <i>1 0 0 0 1 0 0 0 1 -1.51 0.91 0.63</i>
                <i>1 0 0 0 1 0 0 0 1 -1.51 0.91 0.63</i>
                <i>1 0 0 0 1 0 0 0 1 -1.51 0.91 0.63</i>
                <i>1 0 0 0 1 0 0 0 1 -1.51 0.91 0.63</i>
                <i>1 0 0 0 1 0 0 0 1 -1.51 0.91 0.63</i>
                <i>1 0 0 0 1 0 0 0 1 -1.51 0.91 0.63</i>
                <i>1 0 0 0 1 0 0 0 1 -1.51 0.91 0.63</i>
                <i>1 0 0 0 1 0 0 0 1 -1.51 0.91 0.63</i>
                <i>1 0 0 0 1 0 0 0 1 -1.51 0.91 0.63</i>
                <i>1 0 0 0 1 0 0 0 1 -1.51 0.91 0.63</i>
                <i>1 0 0 0 1 0 0 0 1 -1.51 0.91 0.63</i>
                <i>1 0 0 0 1 0 0 0 1 -1.51 0.91 0.63</i>
                <i>1 0 0 0 1 0 0 0 1 -1.51 0.91 0.63</i>
                <i>1 0 0 0 1 0 0 0 1 -1.51 0.91 0.63</i>
                <i>1 0 0 0 1 0 0 0 1 -1.51 0.91 0.63</i>
                <i>1 0 0 0 1 0 0 0 1 -1.51 0.91 0.63</i>
                <i>1 0 0 0 1 0 0 0 1 -1.51 0.91 0.63</i>
                <i>1 0 0 0 1 0 0 0 1 -1.51 0.91 0.63</i>
                <i>1 0 0 0 1 0 0 0 1 -1.51 0.91 0.63</i>
                <i>1 0 0 0 1 0 0 0 1 -1.51 0.91 0.63</i>
                <i>1 0 0 0 1 0 0 0 1 -1.51 0.91 0.63</i>
                <i>1 0 0 0 1 0 0 0 1 -1.51 0.91 0.63</i>
                <i>1 0 0 0 1 0 0 0 1 -1.51 0.91 0.63</i>
                <i>1 0 0 0 1 0 0 0 1 -1.51 0.91 0.63</i>
                <i>1 0 0 0 1 0 0 0 1 -1.51 0.91 0.63</i>
                <i>1 0 0 0 1 0 0 0 1 -1.51 0.91 0.63</i>
                <i>1 0 0 0 1 0 0 0 1 -1.51 0.91 0.63</i>
                <i>1 0 0 0 1 0 0 0 1 -1.51 0.91 0.63</i>
                <i>1 0 0 0 1 0 0 0 1 -1.51 0.91 0.63</i>
                <i>1 0 0 0 1 0 0 0 1 -1.51 0.91 0.63</i>
                <i>1 0 0 0 1 0 0 0 1 -1.51 0.91 0.63</i>
                <i>1 0 0 0 1 0 0 0 1 -1.51 0.91 0.63</i>
                <i>1 0 0 0 1 0 0 0 1 -1.51 0.91 0.63</i>
                <i>1 0 0 0 1 0 0 0 1 -1.51 0.91 0.63</i>
                <i>1 0 0 0 1 0 0 0 1 -1.51 0.91 0.63</i>
                <i>1 0 0 0 1 0 0 0 1 -1.51 0.91 0.63</i>
                <i>1 0 0 0 1 0 0 0 1 -1.51 0.91 0.63</i>
                <i>1 0 0 0 1 0 0 0 1 -1.51 0.91 0.63</i>
                <i>1 0 0 0 1 0 0 0 1 -1.51 0.91 0.63</i>
                <i>1 0 0 0 1 0 0 0 1 -1.51 0.91 0.63</i>
                <i>1 0 0 0 1 0 0 0 1 -1.51 0.91 0.63</i>
                <i>1 0 0 0 1 0 0 0 1 -1.51 0.91 0.63</i>
                <i>1 0 0 0 1 0 0 0 1 -1.51 0.91 0.63</i>
                <i>1 0 0 0 1 0 0 0 1 -1.51 0.91 0.63</i>
                <i>1 0 0 0 1 0 0 0 1 -1.51 0.91 0.63</i>
                <i>1 0 0 0 1 0 0 0 1 -1.51 0.91 0.63</i>
                <i>1 0 0 0 1 0 0 0 1 -1.51 0.91 0.63</i>
                <i>1 0 0 0 1 0 0 0 1 -1.51 0.91 0.63</i>
                <i>1 0 0 0 1 0 0 0 1 -1.51 0.91 0.63</i>
                <i>1 0 0 0 1 0 0 0 1 -1.51 0.91 0.63</i>
                <i>1 0 0 0 1 0 0 0 1 -1.51 0.91 0.63</i>
                <i>1 0 0 0 1 0 0 0 1 -1.51 0.91 0.63</i>
                <i>1 0 0 0 1 0 0 0 1 -1.51 0.91 0.63</i>
                <i>1 0 0 0 1 0 0 0 1 -1.51 0.91 0.63</i>
                <i>1 0 0 0 1 0 0 0 1 -1.51 0.91 0.63</i>
                <i>1 0 0 0 1 0 0 0 1 -1.51 0.91 0.63</i>
                <i>1 0 0 0 1 0 0 0 1 -1.51 0.91 0.63</i>
                <i>1 0 0 0 1 0 0 0 1 -1.51 0.91 0.63</i>
                <i>1 0 0 0 1 0 0 0 1 -1.51 0.91 0.63</i>
                <i>1 0 0 0 1 0 0 0 1 -1.51 0.91 0.63</i>
                <i>1 0 0 0 1 0 0 0 1 -1.51 0.91 0.63</i>
                <i>1 0 0 0 1 0 0 0 1 -1.51 0.91 0.63</i>
                <i>1 0 0 0 1 0 0 0 1 -1.51 0.91 0.63</i>
                <i>1 0 0 0 1 0 0 0 1 -1.51 0.91 0.63</i>
                <i>1 0 0 0 1 0 0 0 1 -1.51 0.91 0.63</i>
                <i>1 0 0 0 1 0 0 0 1 -1.51 0.91 0.63</i>
                <i>1 0 0 0 1 0 0 0 1 -1.51 0.91 0.63</i>
                <i>1 0 0 0 1 0 0 0 1 -1.51 0.91 0.63</i>
                <i>1 0 0 0 1 0 0 0 1 -1.51 0.91 0.63</i>
                <i>1 0 0 0 1 0 0 0 1 -1.51 0.91 0.63</i>
                <i>1 0 0 0 1 0 0 0 1 -1.51 0.91 0.63</i>
                <i>1 0 0 0 1 0 0 0 1 -1.51 0.91 0.63</i>
                <i>1 0 0 0 1 0 0 0 1 -1.51 0.91 0.63</i>
                <i>1 0 0 0 1 0 0 0 1 -1.51 0.91 0.63</i>
                <i>1 0 0 0 1 0 0 0 1 -1.51 0.91 0.63</i>
                <i>1 0 0 0 1 0 0 0 1 -1.51 0.91 0.63</i>
                <i>1 0 0 0 1 0 0 0 1 -1.51 0.91 0.63</i>
                <i>1 0 0 0 1 0 0 0 1 -1.51 0.91 0.63</i>
                <i>1 0 0 0 1 0 0 0 1 -1.51 0.91 0.63</i>
                <i>1 0 0 0 1 0 0 0 1 -1.51 0.91 0.63</i>
                <i>1 0 0 0 1 0 0 0 1 -1.51 0.91 0.63</i>
                <i>1 0 0 0 1 0 0 0 1 -1.51 0.91 0.63</i>
                <i>1 0 0 0 1 0 0 0 1 -1.51 0.91 0.63</i>
                <i>1 0 0 0 1 0 0 0 1 -1.51 0.91 0.63</i>
                <i>1 0 0 0 1 0 0 0 1 -1.51 0.91 0.63</i>
                <i>1 0 0 0 1 0 0 0 1 -1.51 0.91 0.63</i>
                <i>1 0 0 0 1 0 0 0 1 -1.51 0.91 0.63</i>
                <i>1 0 0 0 1 0 0 0 1 -1.51 0.91 0.63</i>
                <i>1 0 0 0 1 0 0 0 1 -1.51 0.91 0.63</i>
                <i>1 0 0 0 1 0 0 0 1 -1.51 0.91 0.63</i>
                <i>1 0 0 0 1 0 0 0 1 -1.51 0.91 0.63</i>
                <i>1 0 0 0 1 0 0 0 1 -1.51 0.91 0.63</i>
                <i>1 0 0 0 1 0 0 0 1 -1.51 0.91 0.63</i>
                <i>1 0 0 0 1 0 0 0 1 -1.51 0.91 0.63</i>
            </KeyFrames>
        </RefFrame>
        <Bones count="23">
            <i>
                <p>
                    <Name>
                        <![CDATA[pelvis]]>
</Name>
                    <Exclude>0</Exclude>
                    <Additive>0</Additive>
                    <IKPriority>0</IKPriority>
                    <IKRotLimits>-1e+010 -1e+010 -1e+010 1e+010 1e+010 1e+010</IKRotLimits>
                    <IKRotLimitOrder>2</IKRotLimitOrder>
                    <KeyFrames count="97">
                        <i>1 0 0 0 1 0 0 0 1 -1.51092 1.56374 0.731578</i>
                        <i>1 0 0 0 1 0 0 0 1 -1.51348 1.56599 0.73315</i>
                        <i>1 0 0 0 1 0 0 0 1 -1.51619 1.5681 0.734829</i>
                        <i>1 0 0 0 1 0 0 0 1 -1.51903 1.57009 0.7366</i>
                        <i>1 0 0 0 1 0 0 0 1 -1.52196 1.57199 0.738447</i>
                        <i>1 0 0 0 1 0 0 0 1 -1.52498 1.57381 0.740356</i>
                        <i>1 0 0 0 1 0 0 0 1 -1.52807 1.57558 0.742311</i>
                        <i>1 0 0 0 1 0 0 0 1 -1.5312 1.57732 0.744296</i>
                        <i>1 0 0 0 1 0 0 0 1 -1.53436 1.57905 0.746298</i>
                        <i>1 0 0 0 1 0 0 0 1 -1.53752 1.58079 0.748302</i>
                        <i>1 0 0 0 1 0 0 0 1 -1.54067 1.58257 0.750291</i>
                        <i>1 0 0 0 1 0 0 0 1 -1.54379 1.5844 0.752253</i>
                        <i>1 0 0 0 1 0 0 0 1 -1.54686 1.58631 0.754171</i>
                        <i>1 0 0 0 1 0 0 0 1 -1.54986 1.58831 0.756032</i>
                        <i>1 0 0 0 1 0 0 0 1 -1.55276 1.59042 0.757822</i>
                        <i>1 0 0 0 1 0 0 0 1 -1.55555 1.59265 0.759525</i>
                        <i>1 0 0 0 1 0 0 0 1 -1.55822 1.59504 0.761128</i>
                        <i>1 0 0 0 1 0 0 0 1 -1.56073 1.59759 0.762616</i>
                        <i>1 0 0 0 1 0 0 0 1 -1.56308 1.60032 0.763976</i>
                        <i>1 0 0 0 1 0 0 0 1 -1.56524 1.60324 0.765193</i>
                        <i>1 0 0 0 1 0 0 0 1 -1.56719 1.60638 0.766253</i>
                        <i>1 0 0 0 1 0 0 0 1 -1.56891 1.60974 0.767142</i>
                        <i>1 0 0 0 1 0 0 0 1 -1.57038 1.61335 0.767847</i>
                        <i>1 0 0 0 1 0 0 0 1 -1.57159 1.61721 0.768353</i>
                        <i>1 0 0 0 1 0 0 0 1 -1.57252 1.62135 0.768647</i>
                        <i>1 0 0 0 1 0 0 0 1 -1.57314 1.62577 0.768714</i>
                        <i>1 0 0 0 1 0 0 0 1 -1.57339 1.62986 0.76868</i>
                        <i>1 0 0 0 1 0 0 0 1 -1.57325 1.63302 0.768679</i>
                        <i>1 0 0 0 1 0 0 0 1 -1.57273 1.63533 0.768705</i>
                        <i>1 0 0 0 1 0 0 0 1 -1.57188 1.63684 0.768755</i>
                        <i>1 0 0 0 1 0 0 0 1 -1.57072 1.63764 0.768822</i>
                        <i>1 0 0 0 1 0 0 0 1 -1.56929 1.63777 0.7689</i>
                        <i>1 0 0 0 1 0 0 0 1 -1.56761 1.63731 0.768982</i>
                        <i>1 0 0 0 1 0 0 0 1 -1.56573 1.63633 0.769062</i>
                        <i>1 0 0 0 1 0 0 0 1 -1.56366 1.63489 0.769135</i>
                        <i>1 0 0 0 1 0 0 0 1 -1.56145 1.63306 0.769195</i>
                        <i>1 0 0 0 1 0 0 0 1 -1.55913 1.63092 0.769238</i>
                        <i>1 0 0 0 1 0 0 0 1 -1.55671 1.62854 0.769261</i>
                        <i>1 0 0 0 1 0 0 0 1 -1.55425 1.62597 0.769263</i>
                        <i>1 0 0 0 1 0 0 0 1 -1.55176 1.62331 0.769242</i>
                        <i>1 0 0 0 1 0 0 0 1 -1.54929 1.62062 0.769198</i>
                        <i>1 0 0 0 1 0 0 0 1 -1.54685 1.61797 0.769135</i>
                        <i>1 0 0 0 1 0 0 0 1 -1.54448 1.61545 0.769054</i>
                        <i>1 0 0 0 1 0 0 0 1 -1.54222 1.61312 0.768959</i>
                        <i>1 0 0 0 1 0 0 0 1 -1.54009 1.61106 0.768856</i>
                        <i>1 0 0 0 1 0 0 0 1 -1.53812 1.60935 0.768749</i>
                        <i>1 0 0 0 1 0 0 0 1 -1.53634 1.60807 0.768644</i>
                        <i>1 0 0 0 1 0 0 0 1 -1.53478 1.60729 0.768547</i>
                        <i>1 0 0 0 1 0 0 0 1 -1.53348 1.60708 0.768463</i>
                        <i>1 0 0 0 1 0 0 0 1 -1.53232 1.6073 0.768388</i>
                        <i>1 0 0 0 1 0 0 0 1 -1.53116 1.60774 0.768315</i>
                        <i>1 0 0 0 1 0 0 0 1 -1.53001 1.60837 0.768244</i>
                        <i>1 0 0 0 1 0 0 0 1 -1.52888 1.60919 0.768178</i>
                        <i>1 0 0 0 1 0 0 0 1 -1.52776 1.61017 0.768117</i>
                        <i>1 0 0 0 1 0 0 0 1 -1.52665 1.6113 0.768062</i>
                        <i>1 0 0 0 1 0 0 0 1 -1.52556 1.61256 0.768014</i>
                        <i>1 0 0 0 1 0 0 0 1 -1.52449 1.61393 0.767975</i>
                        <i>1 0 0 0 1 0 0 0 1 -1.52345 1.6154 0.767944</i>
                        <i>1 0 0 0 1 0 0 0 1 -1.52243 1.61695 0.767922</i>
                        <i>1 0 0 0 1 0 0 0 1 -1.52144 1.61855 0.767909</i>
                        <i>1 0 0 0 1 0 0 0 1 -1.52047 1.6202 0.767904</i>
                        <i>1 0 0 0 1 0 0 0 1 -1.51954 1.62187 0.767908</i>
                        <i>1 0 0 0 1 0 0 0 1 -1.51865 1.62355 0.767921</i>
                        <i>1 0 0 0 1 0 0 0 1 -1.51779 1.62522 0.767941</i>
                        <i>1 0 0 0 1 0 0 0 1 -1.51697 1.62686 0.767968</i>
                        <i>1 0 0 0 1 0 0 0 1 -1.5162 1.62845 0.768001</i>
                        <i>1 0 0 0 1 0 0 0 1 -1.51547 1.62997 0.768039</i>
                        <i>1 0 0 0 1 0 0 0 1 -1.51478 1.63141 0.768082</i>
                        <i>1 0 0 0 1 0 0 0 1 -1.51414 1.63274 0.768127</i>
                        <i>1 0 0 0 1 0 0 0 1 -1.51356 1.63395 0.768175</i>
                        <i>1 0 0 0 1 0 0 0 1 -1.51303 1.63502 0.768222</i>
                        <i>1 0 0 0 1 0 0 0 1 -1.51255 1.63592 0.768269</i>
                        <i>1 0 0 0 1 0 0 0 1 -1.51213 1.63665 0.768314</i>
                        <i>1 0 0 0 1 0 0 0 1 -1.51177 1.63718 0.768355</i>
                        <i>1 0 0 0 1 0 0 0 1 -1.51147 1.63749 0.768391</i>
                        <i>1 0 0 0 1 0 0 0 1 -1.51123 1.63756 0.768421</i>
                        <i>1 0 0 0 1 0 0 0 1 -1.51106 1.63738 0.768444</i>
                        <i>1 0 0 0 1 0 0 0 1 -1.51095 1.63693 0.768458</i>
                        <i>1 0 0 0 1 0 0 0 1 -1.51092 1.63618 0.768463</i>
                        <i>1 0 0 0 1 0 0 0 1 -1.51092 1.63494 0.768242</i>
                        <i>1 0 0 0 1 0 0 0 1 -1.51092 1.63306 0.767603</i>
                        <i>1 0 0 0 1 0 0 0 1 -1.51092 1.63061 0.766585</i>
                        <i>1 0 0 0 1 0 0 0 1 -1.51092 1.62763 0.765225</i>
                        <i>1 0 0 0 1 0 0 0 1 -1.51092 1.6242 0.763562</i>
                        <i>1 0 0 0 1 0 0 0 1 -1.51092 1.62035 0.761633</i>
                        <i>1 0 0 0 1 0 0 0 1 -1.51092 1.61617 0.759476</i>
                        <i>1 0 0 0 1 0 0 0 1 -1.51092 1.61169 0.75713</i>
                        <i>1 0 0 0 1 0 0 0 1 -1.51092 1.60698 0.754631</i>
                        <i>1 0 0 0 1 0 0 0 1 -1.51092 1.6021 0.752019</i>
                        <i>1 0 0 0 1 0 0 0 1 -1.51092 1.5971 0.749331</i>
                        <i>1 0 0 0 1 0 0 0 1 -1.51092 1.59205 0.746605</i>
                        <i>1 0 0 0 1 0 0 0 1 -1.51092 1.58699 0.743879</i>
                        <i>1 0 0 0 1 0 0 0 1 -1.51092 1.582 0.741191</i>
                        <i>1 0 0 0 1 0 0 0 1 -1.51092 1.57711 0.738579</i>
                        <i>1 0 0 0 1 0 0 0 1 -1.51092 1.57241 0.736081</i>
                        <i>1 0 0 0 1 0 0 0 1 -1.51092 1.56793 0.733735</i>
                        <i>1 0 0 0 1 0 0 0 1 -1.51092 1.56374 0.731578</i>
                    </KeyFrames>
                </p>
            </i>
            <i>
                <p>
                    <Name>
                        <![CDATA[spine0]]>
</Name>
                    <Exclude>0</Exclude>
                    <Additive>0</Additive>
                    <IKPriority>0</IKPriority>
                    <IKRotLimits>-1e+010 -1e+010 -1e+010 1e+010 1e+010 1e+010</IKRotLimits>
                    <IKRotLimitOrder>0</IKRotLimitOrder>
                    <KeyFrames count="97">
                        <i>-0.34864 0.799106 0.489775 -0.935297 -0.330406 -0.126695 0.0605814 -0.502256 0.862594 -1.56729 1.69603 0.727391</i>
                        <i>-0.349186 0.801812 0.48494 -0.935192 -0.330803 -0.126436 0.0590413 -0.497662 0.86536 -1.56979 1.69829 0.728475</i>
                        <i>-0.349472 0.8048 0.479756 -0.935198 -0.330891 -0.126158 0.057215 -0.492755 0.868285 -1.57239 1.70043 0.729654</i>
                        <i>-0.349494 0.808039 0.474264 -0.935315 -0.330674 -0.125856 0.0551301 -0.487573 0.87134 -1.57507 1.70247 0.730915</i>
                        <i>-0.349246 0.811497 0.468509 -0.935541 -0.330158 -0.12553 0.0528149 -0.48215 0.874495 -1.57781 1.70442 0.732243</i>
                        <i>-0.348724 0.815141 0.462534 -0.935875 -0.329346 -0.125176 0.0502976 -0.476525 0.877721 -1.58061 1.70631 0.733626</i>
                        <i>-0.347923 0.81894 0.456384 -0.936313 -0.328244 -0.124793 0.0476072 -0.470737 0.880988 -1.58343 1.70816 0.735049</i>
                        <i>-0.346841 0.822864 0.450107 -0.936855 -0.326854 -0.124379 0.0447725 -0.464825 0.88427 -1.58628 1.70999 0.736499</i>
                        <i>-0.345476 0.826881 0.44375 -0.937495 -0.325182 -0.123932 0.0418226 -0.458829 0.88754 -1.58912 1.71182 0.737964</i>
                        <i>-0.343827 0.830962 0.437362 -0.938232 -0.323235 -0.123452 0.0387865 -0.452793 0.890772 -1.59194 1.71367 0.739429</i>
                        <i>-0.341895 0.835076 0.430993 -0.93906 -0.321017 -0.122939 0.0356928 -0.446761 0.893941 -1.59473 1.71556 0.740881</i>
                        <i>-0.339684 0.839196 0.424695 -0.939976 -0.318537 -0.122392 0.0325702 -0.440777 0.897025 -1.59747 1.71751 0.742309</i>
                        <i>-0.337198 0.84329 0.41852 -0.940973 -0.315803 -0.121812 0.0294467 -0.434891 0.900002 -1.60013 1.71953 0.743698</i>
                        <i>-0.334444 0.847332 0.412522 -0.942047 -0.312822 -0.1212 0.0263496 -0.42915 0.902849 -1.60271 1.72165 0.745036</i>
                        <i>-0.331431 0.851294 0.406758 -0.943192 -0.309606 -0.120556 0.0233057 -0.423607 0.905546 -1.60519 1.72389 0.74631</i>
                        <i>-0.328168 0.855148 0.401283 -0.9444 -0.306164 -0.119883 0.020341 -0.418314 0.908075 -1.60755 1.72625 0.747507</i>
                        <i>-0.324667 0.858866 0.396157 -0.945667 -0.302507 -0.11918 0.0174801 -0.413326 0.910415 -1.60977 1.72876 0.748615</i>
                        <i>-0.32094 0.862423 0.391439 -0.946985 -0.298645 -0.118451 0.0147469 -0.408702 0.912549 -1.61184 1.73143 0.749622</i>
                        <i>-0.316998 0.865792 0.38719 -0.948348 -0.294591 -0.117694 0.0121639 -0.4045 0.914457 -1.61374 1.73429 0.750514</i>
                        <i>-0.312726 0.869023 0.383408 -0.949794 -0.290226 -0.116879 0.00970471 -0.400709 0.916154 -1.61546 1.73733 0.75128</i>
                        <i>-0.308075 0.87216 0.380035 -0.951334 -0.2855 -0.115989 0.00733898 -0.397274 0.917671 -1.61697 1.74059 0.751907</i>
                        <i>-0.30316 0.875169 0.377057 -0.952926 -0.280525 -0.115055 0.00508125 -0.394188 0.919016 -1.61826 1.74406 0.752382</i>
                        <i>-0.2981 0.878019 0.374459 -0.95453 -0.275414 -0.114104 0.00294549 -0.391447 0.920196 -1.61932 1.74778 0.752694</i>
                        <i>-0.293017 0.880677 0.372221 -0.956107 -0.270284 -0.113163 0.000945253 -0.389042 0.92122 -1.62012 1.75175 0.75283</i>
                        <i>-0.288035 0.883117 0.370324 -0.957619 -0.26526 -0.11226 -0.000906093 -0.386964 0.922094 -1.62065 1.75599 0.752778</i>
                        <i>-0.283288 0.885311 0.368743 -0.959031 -0.26047 -0.11142 -0.00259512 -0.3852 0.922829 -1.6209 1.76051 0.752525</i>
                        <i>-0.278642 0.887311 0.367475 -0.960387 -0.255908 -0.110304 -0.00383418 -0.383654 0.923469 -1.62077 1.76469 0.752206</i>
                        <i>-0.273939 0.889176 0.3665 -0.961737 -0.251531 -0.108601 -0.00437934 -0.382227 0.924058 -1.62022 1.76796 0.751958</i>
                        <i>-0.269277 0.890901 0.365767 -0.963053 -0.247409 -0.106384 -0.00428311 -0.3809 0.924606 -1.61929 1.77039 0.751777</i>
                        <i>-0.264753 0.892479 0.365223 -0.96431 -0.243615 -0.103725 -0.00359875 -0.379649 0.925123 -1.618 1.77204 0.751653</i>
                        <i>-0.260464 0.893907 0.364813 -0.965481 -0.240222 -0.1007 -0.00238014 -0.378448 0.925619 -1.61639 1.77296 0.751578</i>
                        <i>-0.256502 0.895187 0.364483 -0.966543 -0.237299 -0.0973803 -0.000682011 -0.377267 0.926104 -1.6145 1.77323 0.751545</i>
                        <i>-0.252749 0.896316 0.364329 -0.967531 -0.234707 -0.0937909 0.00144408 -0.376205 0.926535 -1.61237 1.77292 0.751543</i>
                        <i>-0.249035 0.897304 0.364454 -0.968486 -0.232258 -0.089946 0.00393859 -0.375369 0.926867 -1.61002 1.77208 0.751563</i>
                        <i>-0.245383 0.898163 0.364815 -0.969403 -0.229953 -0.0859046 0.00673394 -0.374732 0.927109 -1.60751 1.77078 0.751599</i>
                        <i>-0.24181 0.898907 0.365367 -0.970275 -0.22779 -0.0817262 0.00976266 -0.374269 0.927269 -1.60485 1.7691 0.751642</i>
                        <i>-0.238338 0.89955 0.366067 -0.971096 -0.225769 -0.0774705 0.0129578 -0.37395 0.927358 -1.60209 1.76709 0.751685</i>
                        <i>-0.23499 0.900103 0.366871 -0.971862 -0.22389 -0.0731977 0.0162533 -0.373748 0.927388 -1.59926 1.76484 0.751724</i>
                        <i>-0.23179 0.900579 0.367738 -0.972569 -0.222157 -0.0689683 0.0195841 -0.373637 0.927368 -1.5964 1.7624 0.751753</i>
                        <i>-0.228765 0.900988 0.36863 -0.973213 -0.220573 -0.0648435 0.0228867 -0.373589 0.927312 -1.59355 1.75986 0.751769</i>
                        <i>-0.225944 0.901339 0.369509 -0.973791 -0.219146 -0.0608845 0.0260988 -0.373581 0.92723 -1.59073 1.75728 0.751771</i>
                        <i>-0.223358 0.901641 0.370343 -0.9743 -0.217882 -0.0571533 0.0291596 -0.373591 0.927135 -1.58798 1.75473 0.751757</i>
                        <i>-0.221042 0.9019 0.371101 -0.974739 -0.216793 -0.0537118 0.0320094 -0.373599 0.927038 -1.58534 1.75229 0.751727</i>
                        <i>-0.21903 0.902122 0.371754 -0.975105 -0.215889 -0.0506224 0.03459 -0.373587 0.92695 -1.58285 1.75004 0.751683</i>
                        <i>-0.217359 0.902311 0.372277 -0.975396 -0.215182 -0.0479474 0.0368439 -0.373539 0.926883 -1.58053 1.74804 0.751627</i>
                        <i>-0.216065 0.90247 0.372645 -0.975611 -0.214686 -0.0457493 0.0387142 -0.373442 0.926845 -1.57843 1.74638 0.751562</i>
                        <i>-0.215186 0.9026 0.372837 -0.975748 -0.214413 -0.0440907 0.0401446 -0.373282 0.926849 -1.57657 1.74512 0.75149</i>
                        <i>-0.214759 0.902705 0.37283 -0.975803 -0.214375 -0.0430338 0.0410788 -0.373051 0.926901 -1.57499 1.74435 0.751414</i>
                        <i>-0.214817 0.902785 0.372603 -0.975774 -0.214586 -0.0426408 0.0414599 -0.372736 0.927011 -1.57372 1.74413 0.751338</i>
                        <i>-0.215213 0.902853 0.37221 -0.975691 -0.21493 -0.0428016 0.0413556 -0.372373 0.927161 -1.57257 1.74435 0.751269</i>
                        <i>-0.215769 0.902917 0.371732 -0.975588 -0.21529 -0.0433465 0.0408919 -0.37201 0.927328 -1.5713 1.74482 0.751213</i>
                        <i>-0.216475 0.902971 0.371189 -0.975464 -0.215665 -0.0442475 0.0400983 -0.37166 0.927503 -1.56993 1.74553 0.751172</i>
                        <i>-0.217319 0.903011 0.370598 -0.975321 -0.216058 -0.0454765 0.0390048 -0.371335 0.927679 -1.56846 1.74644 0.751147</i>
                        <i>-0.21829 0.903031 0.369979 -0.975158 -0.216467 -0.0470049 0.0376411 -0.371048 0.92785 -1.56692 1.74755 0.751141</i>
                        <i>-0.219375 0.903026 0.369349 -0.974975 -0.216892 -0.0488042 0.0360374 -0.370812 0.928008 -1.56531 1.74883 0.751154</i>
                        <i>-0.220564 0.902991 0.368727 -0.974772 -0.217334 -0.0508458 0.0342237 -0.370639 0.928146 -1.56365 1.75026 0.751187</i>
                        <i>-0.221845 0.902921 0.36813 -0.974549 -0.217794 -0.0531009 0.0322304 -0.370541 0.928257 -1.56194 1.75182 0.751244</i>
                        <i>-0.223208 0.90281 0.367575 -0.974306 -0.218271 -0.055541 0.0300881 -0.370528 0.928334 -1.5602 1.75349 0.751323</i>
                        <i>-0.224646 0.902656 0.367078 -0.974043 -0.218769 -0.0581376 0.0278272 -0.37061 0.928372 -1.55844 1.75525 0.751426</i>
                        <i>-0.226149 0.902453 0.366654 -0.973759 -0.219291 -0.0608622 0.0254785 -0.370797 0.928364 -1.55668 1.75707 0.751553</i>
                        <i>-0.227712 0.902197 0.366316 -0.973455 -0.219839 -0.0636867 0.0230727 -0.371095 0.928308 -1.55492 1.75894 0.751705</i>
                        <i>-0.22933 0.901884 0.366077 -0.97313 -0.22042 -0.066583 0.0206404 -0.37151 0.928199 -1.55318 1.76083 0.75188</i>
                        <i>-0.230997 0.901511 0.365948 -0.972784 -0.221038 -0.0695234 0.0182122 -0.372048 0.928035 -1.55146 1.76273 0.75208</i>
                        <i>-0.23271 0.901075 0.365938 -0.972417 -0.2217 -0.0724802 0.0158184 -0.372711 0.927812 -1.54979 1.76461 0.752302</i>
                        <i>-0.234467 0.900571 0.366055 -0.97203 -0.222413 -0.0754261 0.013489 -0.373502 0.927531 -1.54817 1.76645 0.752546</i>
                        <i>-0.236266 0.899999 0.366307 -0.971623 -0.223186 -0.0783342 0.0112538 -0.37442 0.927191 -1.54662 1.76823 0.75281</i>
                        <i>-0.238104 0.899355 0.366697 -0.971197 -0.224025 -0.0811774 0.00914197 -0.375463 0.926792 -1.54514 1.76994 0.753093</i>
                        <i>-0.23998 0.898639 0.36723 -0.970751 -0.22494 -0.0839294 0.00718242 -0.37663 0.926336 -1.54376 1.77155 0.753392</i>
                        <i>-0.241893 0.897848 0.367908 -0.970288 -0.225938 -0.0865637 0.00540336 -0.377916 0.925824 -1.54248 1.77304 0.753706</i>
                        <i>-0.243839 0.896983 0.368734 -0.969808 -0.227028 -0.0890544 0.00383248 -0.379316 0.925259 -1.54131 1.7744 0.754032</i>
                        <i>-0.245818 0.896042 0.369705 -0.969313 -0.228218 -0.0913756 0.00249691 -0.380822 0.924645 -1.54028 1.77559 0.754368</i>
                        <i>-0.247826 0.895026 0.370824 -0.968804 -0.229515 -0.0935017 0.00142315 -0.382428 0.923984 -1.53938 1.77661 0.754711</i>
                        <i>-0.249859 0.893936 0.372087 -0.968282 -0.230927 -0.0954073 0.000637174 -0.384124 0.923281 -1.53863 1.77743 0.755058</i>
                        <i>-0.251914 0.892772 0.373494 -0.96775 -0.232462 -0.0970672 0.00016443 -0.385901 0.92254 -1.53804 1.77803 0.755406</i>
                        <i>-0.253986 0.891535 0.375042 -0.967208 -0.234126 -0.0984564 2.98761e-005 -0.38775 0.921764 -1.53763 1.77839 0.755754</i>
                        <i>-0.256069 0.890227 0.37673 -0.966659 -0.235926 -0.0995501 0.000258107 -0.389661 0.920959 -1.5374 1.77849 0.756097</i>
                        <i>-0.258157 0.888848 0.378555 -0.966103 -0.237867 -0.100324 0.000873421 -0.391622 0.920126 -1.53737 1.77831 0.756434</i>
                        <i>-0.260243 0.887401 0.380518 -0.965541 -0.239956 -0.100752 0.00189995 -0.393625 0.919269 -1.53755 1.77782 0.756763</i>
                        <i>-0.262321 0.885885 0.382617 -0.964975 -0.242199 -0.100812 0.00336177 -0.395661 0.918391 -1.53794 1.77702 0.757081</i>
                        <i>-0.263916 0.884159 0.385501 -0.964532 -0.244062 -0.100559 0.00517619 -0.398367 0.917212 -1.53841 1.77571 0.757206</i>
                        <i>-0.264731 0.882103 0.389631 -0.964295 -0.245176 -0.100116 0.00721577 -0.402223 0.915513 -1.53885 1.77378 0.756975</i>
                        <i>-0.265017 0.879746 0.394732 -0.964198 -0.245787 -0.0995575 0.00943472 -0.406984 0.913387 -1.53928 1.77128 0.756414</i>
                        <i>-0.26503 0.877116 0.400533 -0.964168 -0.246143 -0.0989624 0.0117867 -0.412409 0.910923 -1.53978 1.76824 0.755549</i>
                        <i>-0.265032 0.874243 0.406765 -0.964135 -0.246493 -0.0984137 0.0142274 -0.41826 0.908216 -1.54038 1.76471 0.754408</i>
                        <i>-0.265295 0.871157 0.413163 -0.964022 -0.247097 -0.0980018 0.0167163 -0.424298 0.905368 -1.54113 1.76074 0.753015</i>
                        <i>-0.266105 0.867894 0.419462 -0.963752 -0.248217 -0.0978246 0.0192163 -0.430289 0.902486 -1.54208 1.75638 0.751395</i>
                        <i>-0.267756 0.86449 0.425398 -0.963242 -0.250125 -0.0979882 0.0216926 -0.435998 0.899686 -1.54328 1.75166 0.749574</i>
                        <i>-0.270548 0.860986 0.430706 -0.962405 -0.25309 -0.0986059 0.024109 -0.441191 0.897089 -1.54477 1.74662 0.747575</i>
                        <i>-0.275671 0.856528 0.436309 -0.960874 -0.258277 -0.100075 0.026972 -0.446826 0.894214 -1.54687 1.74124 0.74541</i>
                        <i>-0.283537 0.850473 0.44306 -0.95847 -0.266118 -0.102551 0.0306892 -0.453737 0.890607 -1.54966 1.73551 0.743103</i>
                        <i>-0.293284 0.843185 0.450581 -0.955382 -0.275782 -0.105782 0.0350685 -0.461501 0.886446 -1.55288 1.72953 0.740691</i>
                        <i>-0.304073 0.835063 0.458485 -0.951813 -0.286462 -0.109506 0.039894 -0.46969 0.88193 -1.55628 1.7234 0.73822</i>
                        <i>-0.31512 0.826554 0.466377 -0.947988 -0.297395 -0.113465 0.0449132 -0.477875 0.877279 -1.55959 1.71726 0.735747</i>
                        <i>-0.325713 0.818152 0.473855 -0.944155 -0.307876 -0.117406 0.0498326 -0.485633 0.872741 -1.56258 1.71128 0.733342</i>
                        <i>-0.335213 0.810395 0.480513 -0.940575 -0.317265 -0.121086 0.0543224 -0.492548 0.868588 -1.56501 1.70562 0.731088</i>
                        <i>-0.343041 0.803852 0.485948 -0.937526 -0.324966 -0.124264 0.0580267 -0.498217 0.865109 -1.56666 1.70047 0.729073</i>
                        <i>-0.34864 0.799106 0.489775 -0.935297 -0.330406 -0.126695 0.0605814 -0.502256 0.862594 -1.56729 1.69603 0.727391</i>
                    </KeyFrames>
                </p>
            </i>
            <i>
                <p>
                    <Name>
                        <![CDATA[spine1]]>
</Name>
                    <Exclude>0</Exclude>
                    <Additive>0</Additive>
                    <IKPriority>0</IKPriority>
                    <IKRotLimits>-1e+010 -1e+010 -1e+010 1e+010 1e+010 1e+010</IKRotLimits>
                    <IKRotLimitOrder>0</IKRotLimitOrder>
                    <KeyFrames count="97">
                        <i>-0.0419754 0.561995 0.826075 -0.993898 -0.107897 0.0229016 0.102002 -0.820073 0.563095 -1.63314 1.847 0.819795</i>
                        <i>-0.0466535 0.567178 0.822272 -0.993434 -0.112426 0.0211833 0.104459 -0.815885 0.5687 -1.63562 1.84949 0.819797</i>
                        <i>-0.0512674 0.572867 0.818044 -0.993014 -0.116407 0.0192857 0.106274 -0.81134 0.574833 -1.63813 1.85187 0.819813</i>
                        <i>-0.055785 0.578984 0.813428 -0.99264 -0.119865 0.0172427 0.107485 -0.80648 0.58141 -1.64067 1.85417 0.819841</i>
                        <i>-0.0601728 0.585457 0.808467 -0.992314 -0.122826 0.0150891 0.108135 -0.801345 0.588348 -1.64321 1.8564 0.819878</i>
                        <i>-0.0643969 0.592211 0.803206 -0.992033 -0.125316 0.0128604 0.10827 -0.795979 0.595563 -1.64573 1.85858 0.81992</i>
                        <i>-0.0684242 0.599174 0.79769 -0.9918 -0.127364 0.0105928 0.107944 -0.790424 0.602975 -1.64823 1.86072 0.819964</i>
                        <i>-0.072223 0.606273 0.79197 -0.99161 -0.129 0.00832374 0.10721 -0.784724 0.610503 -1.65069 1.86284 0.820008</i>
                        <i>-0.0757634 0.613439 0.786099 -0.991461 -0.130258 0.00609155 0.106132 -0.778926 0.61807 -1.65309 1.86495 0.820049</i>
                        <i>-0.0790183 0.620602 0.780134 -0.991352 -0.131171 0.00393575 0.104774 -0.773076 0.6256 -1.65541 1.86709 0.820087</i>
                        <i>-0.0819632 0.627692 0.774135 -0.991277 -0.131779 0.00189693 0.103206 -0.767227 0.633018 -1.65764 1.86925 0.820119</i>
                        <i>-0.0845772 0.634641 0.768165 -0.991234 -0.13212 1.71087e-005 0.101501 -0.761429 0.640252 -1.65978 1.87147 0.820143</i>
                        <i>-0.086842 0.64138 0.762292 -0.991217 -0.132236 -0.00166028 0.0997377 -0.755741 0.647231 -1.66179 1.87375 0.82016</i>
                        <i>-0.088743 0.647841 0.756589 -0.991222 -0.132171 -0.00309047 0.097997 -0.750222 0.653884 -1.66367 1.87612 0.820167</i>
                        <i>-0.090268 0.653954 0.75113 -0.991245 -0.13197 -0.0042271 0.0963626 -0.744935 0.660141 -1.66542 1.8786 0.820163</i>
                        <i>-0.0914072 0.659648 0.745996 -0.991279 -0.131682 -0.00502227 0.094921 -0.739949 0.665932 -1.667 1.88119 0.820149</i>
                        <i>-0.0921525 0.664851 0.74127 -0.991321 -0.131353 -0.00542644 0.0937603 -0.735336 0.671185 -1.66842 1.88392 0.820124</i>
                        <i>-0.0924963 0.669489 0.73704 -0.991363 -0.131034 -0.00538845 0.0929699 -0.731173 0.675827 -1.66966 1.88681 0.820086</i>
                        <i>-0.0924304 0.673484 0.7334 -0.9914 -0.130774 -0.00485559 0.0926398 -0.727542 0.67978 -1.6707 1.88987 0.820037</i>
                        <i>-0.0920872 0.676944 0.730251 -0.991403 -0.130786 -0.00378023 0.0929479 -0.724322 0.683168 -1.67151 1.89312 0.81996</i>
                        <i>-0.0916297 0.680021 0.727444 -0.991351 -0.131217 -0.00220869 0.0939512 -0.721355 0.686164 -1.67206 1.89657 0.819827</i>
                        <i>-0.0910939 0.682704 0.724995 -0.991247 -0.132018 -0.000230482 0.0955553 -0.71867 0.688754 -1.67236 1.90024 0.819624</i>
                        <i>-0.0905155 0.68498 0.722917 -0.991095 -0.133143 0.00206193 0.0976634 -0.716293 0.690932 -1.6724 1.90414 0.819335</i>
                        <i>-0.0899333 0.686851 0.721213 -0.990897 -0.134546 0.00457304 0.100177 -0.714236 0.692698 -1.67219 1.90828 0.818946</i>
                        <i>-0.0893903 0.688327 0.719872 -0.990657 -0.136188 0.00720479 0.102997 -0.712502 0.694069 -1.67175 1.91267 0.81844</i>
                        <i>-0.0889353 0.689435 0.718867 -0.990378 -0.138034 0.00985713 0.106024 -0.711074 0.695078 -1.67107 1.91732 0.817804</i>
                        <i>-0.088325 0.690299 0.718113 -0.990077 -0.139943 0.0127469 0.109294 -0.709862 0.69581 -1.67006 1.92165 0.817175</i>
                        <i>-0.0872635 0.691057 0.717513 -0.989779 -0.1417 0.016099 0.112797 -0.708774 0.696359 -1.66863 1.9251 0.816692</i>
                        <i>-0.0857286 0.691787 0.716995 -0.9895 -0.143168 0.0198238 0.116365 -0.707766 0.696797 -1.66684 1.92774 0.816343</i>
                        <i>-0.0837017 0.692578 0.71647 -0.98926 -0.144211 0.0238315 0.119828 -0.70678 0.697211 -1.66474 1.92963 0.816112</i>
                        <i>-0.0811658 0.693528 0.715843 -0.98908 -0.14469 0.0280327 0.123017 -0.70575 0.697699 -1.66239 1.93086 0.815985</i>
                        <i>-0.0781036 0.694739 0.715009 -0.988981 -0.144465 0.0323383 0.12576 -0.704605 0.698367 -1.65984 1.93149 0.815946</i>
                        <i>-0.0742864 0.696178 0.714016 -0.98894 -0.143598 0.0371211 0.128374 -0.703361 0.699145 -1.65711 1.93159 0.816002</i>
                        <i>-0.0695911 0.697732 0.71297 -0.988905 -0.142278 0.0427129 0.131242 -0.702087 0.699892 -1.65418 1.9312 0.816158</i>
                        <i>-0.0641573 0.699385 0.71186 -0.988862 -0.140549 0.0489631 0.134295 -0.70079 0.700612 -1.65111 1.9304 0.816394</i>
                        <i>-0.0581249 0.701117 0.710673 -0.9888 -0.138456 0.0557215 0.137464 -0.699474 0.701313 -1.64793 1.92924 0.816691</i>
                        <i>-0.0516342 0.702912 0.7094 -0.988708 -0.136046 0.0628376 0.14068 -0.698145 0.701999 -1.64466 1.92778 0.817029</i>
                        <i>-0.0448262 0.70475 0.708038 -0.98858 -0.133367 0.0701602 0.143874 -0.696808 0.70268 -1.64135 1.92607 0.817392</i>
                        <i>-0.0378419 0.70661 0.706591 -0.988416 -0.130469 0.0775375 0.146977 -0.695471 0.703362 -1.63804 1.92419 0.817764</i>
                        <i>-0.0308229 0.708471 0.705066 -0.988218 -0.127403 0.0848171 0.149918 -0.694145 0.704051 -1.63476 1.92219 0.81813</i>
                        <i>-0.02391 0.710311 0.703482 -0.987995 -0.12422 0.0918459 0.152626 -0.692841 0.704753 -1.63155 1.92014 0.818478</i>
                        <i>-0.0172437 0.712104 0.701863 -0.98776 -0.120973 0.0984701 0.155027 -0.691574 0.705473 -1.62845 1.9181 0.818798</i>
                        <i>-0.0109634 0.713826 0.700238 -0.98753 -0.117713 0.104536 0.157048 -0.69036 0.706215 -1.6255 1.91615 0.819081</i>
                        <i>-0.00520732 0.71545 0.698644 -0.987327 -0.114495 0.10989 0.158612 -0.689218 0.70698 -1.62274 1.91434 0.819319</i>
                        <i>-0.000112429 0.716952 0.697123 -0.987175 -0.111369 0.114377 0.159641 -0.688169 0.70777 -1.6202 1.91275 0.819509</i>
                        <i>0.00418528 0.718305 0.695716 -0.987099 -0.108388 0.117846 0.160056 -0.687234 0.708584 -1.61794 1.91145 0.819646</i>
                        <i>0.00755058 0.719483 0.694469 -0.987124 -0.105604 0.12014 0.159778 -0.686434 0.709422 -1.61599 1.9105 0.819726</i>
                        <i>0.00984831 0.720465 0.693422 -0.987274 -0.103067 0.121109 0.158724 -0.68579 0.710281 -1.61439 1.90999 0.819747</i>
                        <i>0.0109425 0.721227 0.692612 -0.987568 -0.100828 0.120596 0.156812 -0.685321 0.711158 -1.61318 1.90998 0.819706</i>
                        <i>0.0105867 0.721783 0.692038 -0.987972 -0.0992219 0.1186 0.154269 -0.68497 0.712051 -1.61213 1.91035 0.819622</i>
                        <i>0.00870224 0.722158 0.691673 -0.988436 -0.0985077 0.115285 0.151389 -0.684678 0.71295 -1.61099 1.91094 0.819521</i>
                        <i>0.00540221 0.722354 0.691502 -0.988943 -0.0986216 0.110748 0.148196 -0.684455 0.713835 -1.60977 1.91172 0.819409</i>
                        <i>0.000798027 0.722369 0.691507 -0.989473 -0.0995002 0.105083 0.144714 -0.684312 0.714686 -1.60847 1.91269 0.819293</i>
                        <i>-0.00500024 0.722199 0.691667 -0.990002 -0.10108 0.0983854 0.140968 -0.684259 0.715484 -1.60711 1.91382 0.819179</i>
                        <i>-0.0118831 0.72184 0.691958 -0.990502 -0.103299 0.09075 0.136986 -0.684307 0.716211 -1.6057 1.91509 0.819074</i>
                        <i>-0.0197413 0.721286 0.692356 -0.990947 -0.106094 0.0822714 0.132796 -0.684464 0.71685 -1.60425 1.91649 0.818984</i>
                        <i>-0.028465 0.720531 0.692838 -0.99131 -0.1094 0.0730453 0.128428 -0.684738 0.717384 -1.60277 1.918 0.818915</i>
                        <i>-0.0379438 0.719572 0.69338 -0.991567 -0.113155 0.0631683 0.123914 -0.685136 0.717798 -1.60127 1.9196 0.818872</i>
                        <i>-0.0480667 0.718405 0.693962 -0.991696 -0.117296 0.0527382 0.119286 -0.685664 0.718078 -1.59976 1.92127 0.818861</i>
                        <i>-0.0587215 0.71703 0.694565 -0.991677 -0.121757 0.0418543 0.114579 -0.686326 0.718211 -1.59825 1.92299 0.818885</i>
                        <i>-0.0697953 0.715445 0.695174 -0.991497 -0.126475 0.0306171 0.109827 -0.687126 0.718189 -1.59676 1.92475 0.818949</i>
                        <i>-0.0811741 0.713656 0.695778 -0.991147 -0.131386 0.0191285 0.105067 -0.688065 0.718003 -1.5953 1.92652 0.819055</i>
                        <i>-0.0927435 0.711667 0.696368 -0.990622 -0.136427 0.00749152 0.100335 -0.689143 0.717646 -1.59388 1.92829 0.819206</i>
                        <i>-0.104389 0.709489 0.696942 -0.989925 -0.141534 -0.00418986 0.0956682 -0.690357 0.717115 -1.59251 1.93003 0.819404</i>
                        <i>-0.115994 0.707135 0.6975 -0.989063 -0.146645 -0.015811 0.0911041 -0.691705 0.716411 -1.5912 1.93173 0.819649</i>
                        <i>-0.127446 0.704619 0.698047 -0.988051 -0.151698 -0.0272665 0.0866799 -0.693181 0.715533 -1.58996 1.93337 0.819942</i>
                        <i>-0.138628 0.701963 0.698591 -0.986908 -0.156634 -0.038451 0.0824322 -0.694776 0.714487 -1.58882 1.93492 0.820283</i>
                        <i>-0.149428 0.699189 0.699146 -0.98566 -0.161395 -0.0492591 0.0783973 -0.696481 0.71328 -1.58777 1.93638 0.820669</i>
                        <i>-0.159732 0.696324 0.699728 -0.984337 -0.165923 -0.0595855 0.0746102 -0.698285 0.71192 -1.58683 1.9377 0.8211</i>
                        <i>-0.169428 0.693396 0.700354 -0.982974 -0.170164 -0.0693253 0.0711052 -0.700176 0.710421 -1.58602 1.93889 0.821573</i>
                        <i>-0.178405 0.690439 0.701046 -0.98161 -0.174064 -0.0783739 0.0679149 -0.702137 0.708796 -1.58535 1.93991 0.822085</i>
                        <i>-0.186554 0.687486 0.701827 -0.980287 -0.177573 -0.0866271 0.0650708 -0.704153 0.707061 -1.58481 1.94074 0.822634</i>
                        <i>-0.193764 0.684575 0.702718 -0.979049 -0.180641 -0.093981 0.0626028 -0.706205 0.705234 -1.58444 1.94136 0.823216</i>
                        <i>-0.199928 0.681744 0.703743 -0.977939 -0.18322 -0.100332 0.0605394 -0.708276 0.703335 -1.58423 1.94176 0.823827</i>
                        <i>-0.204937 0.679034 0.704921 -0.977001 -0.185265 -0.105575 0.0589076 -0.710345 0.701384 -1.5842 1.94191 0.824465</i>
                        <i>-0.208682 0.676485 0.706272 -0.976278 -0.186729 -0.109608 0.0577331 -0.712391 0.699404 -1.58436 1.94179 0.825125</i>
                        <i>-0.211056 0.674139 0.707808 -0.975808 -0.187568 -0.112324 0.0570405 -0.714392 0.697417 -1.58472 1.94138 0.825806</i>
