<?xml version="1.0" encoding="ISO-8859-1" ?>
<Animl Version="1">
    <ModellingPackage>
        <![CDATA[Maya.2010]]>
</ModellingPackage>
    <SrcFile>
        <![CDATA[anims\turrets\machinegun\blue\~src\mgun_m60\mgun_m60_idle_crewman_c.mb]]>
</SrcFile>
    <FramesPerSecond>30</FramesPerSecond>
    <TotalFrames>120</TotalFrames>
    <Skeleton>
        <RefFrame>
            <Name>
                <![CDATA[soldier_ref_frame]]>
</Name>
            <Exclude>0</Exclude>
            <Additive>0</Additive>
            <IKPriority>0</IKPriority>
            <IKRotLimits>-1e+010 -1e+010 -1e+010 1e+010 1e+010 1e+010</IKRotLimits>
            <IKRotLimitOrder>0</IKRotLimitOrder>
            <KeyFrames count="120">
                <i>1 0 0 0 1 0 0 0 1 -1.51 0.91 -0.74</i>
                <i>1 0 0 0 1 0 0 0 1 -1.51 0.91 -0.74</i>
                <i>1 0 0 0 1 0 0 0 1 -1.51 0.91 -0.74</i>
                <i>1 0 0 0 1 0 0 0 1 -1.51 0.91 -0.74</i>
                <i>1 0 0 0 1 0 0 0 1 -1.51 0.91 -0.74</i>
                <i>1 0 0 0 1 0 0 0 1 -1.51 0.91 -0.74</i>
                <i>1 0 0 0 1 0 0 0 1 -1.51 0.91 -0.74</i>
                <i>1 0 0 0 1 0 0 0 1 -1.51 0.91 -0.74</i>
                <i>1 0 0 0 1 0 0 0 1 -1.51 0.91 -0.74</i>
                <i>1 0 0 0 1 0 0 0 1 -1.51 0.91 -0.74</i>
                <i>1 0 0 0 1 0 0 0 1 -1.51 0.91 -0.74</i>
                <i>1 0 0 0 1 0 0 0 1 -1.51 0.91 -0.74</i>
                <i>1 0 0 0 1 0 0 0 1 -1.51 0.91 -0.74</i>
                <i>1 0 0 0 1 0 0 0 1 -1.51 0.91 -0.74</i>
                <i>1 0 0 0 1 0 0 0 1 -1.51 0.91 -0.74</i>
                <i>1 0 0 0 1 0 0 0 1 -1.51 0.91 -0.74</i>
                <i>1 0 0 0 1 0 0 0 1 -1.51 0.91 -0.74</i>
                <i>1 0 0 0 1 0 0 0 1 -1.51 0.91 -0.74</i>
                <i>1 0 0 0 1 0 0 0 1 -1.51 0.91 -0.74</i>
                <i>1 0 0 0 1 0 0 0 1 -1.51 0.91 -0.74</i>
                <i>1 0 0 0 1 0 0 0 1 -1.51 0.91 -0.74</i>
                <i>1 0 0 0 1 0 0 0 1 -1.51 0.91 -0.74</i>
                <i>1 0 0 0 1 0 0 0 1 -1.51 0.91 -0.74</i>
                <i>1 0 0 0 1 0 0 0 1 -1.51 0.91 -0.74</i>
                <i>1 0 0 0 1 0 0 0 1 -1.51 0.91 -0.74</i>
                <i>1 0 0 0 1 0 0 0 1 -1.51 0.91 -0.74</i>
                <i>1 0 0 0 1 0 0 0 1 -1.51 0.91 -0.74</i>
                <i>1 0 0 0 1 0 0 0 1 -1.51 0.91 -0.74</i>
                <i>1 0 0 0 1 0 0 0 1 -1.51 0.91 -0.74</i>
                <i>1 0 0 0 1 0 0 0 1 -1.51 0.91 -0.74</i>
                <i>1 0 0 0 1 0 0 0 1 -1.51 0.91 -0.74</i>
                <i>1 0 0 0 1 0 0 0 1 -1.51 0.91 -0.74</i>
                <i>1 0 0 0 1 0 0 0 1 -1.51 0.91 -0.74</i>
                <i>1 0 0 0 1 0 0 0 1 -1.51 0.91 -0.74</i>
                <i>1 0 0 0 1 0 0 0 1 -1.51 0.91 -0.74</i>
                <i>1 0 0 0 1 0 0 0 1 -1.51 0.91 -0.74</i>
                <i>1 0 0 0 1 0 0 0 1 -1.51 0.91 -0.74</i>
                <i>1 0 0 0 1 0 0 0 1 -1.51 0.91 -0.74</i>
                <i>1 0 0 0 1 0 0 0 1 -1.51 0.91 -0.74</i>
                <i>1 0 0 0 1 0 0 0 1 -1.51 0.91 -0.74</i>
                <i>1 0 0 0 1 0 0 0 1 -1.51 0.91 -0.74</i>
                <i>1 0 0 0 1 0 0 0 1 -1.51 0.91 -0.74</i>
                <i>1 0 0 0 1 0 0 0 1 -1.51 0.91 -0.74</i>
                <i>1 0 0 0 1 0 0 0 1 -1.51 0.91 -0.74</i>
                <i>1 0 0 0 1 0 0 0 1 -1.51 0.91 -0.74</i>
                <i>1 0 0 0 1 0 0 0 1 -1.51 0.91 -0.74</i>
                <i>1 0 0 0 1 0 0 0 1 -1.51 0.91 -0.74</i>
                <i>1 0 0 0 1 0 0 0 1 -1.51 0.91 -0.74</i>
                <i>1 0 0 0 1 0 0 0 1 -1.51 0.91 -0.74</i>
                <i>1 0 0 0 1 0 0 0 1 -1.51 0.91 -0.74</i>
                <i>1 0 0 0 1 0 0 0 1 -1.51 0.91 -0.74</i>
                <i>1 0 0 0 1 0 0 0 1 -1.51 0.91 -0.74</i>
                <i>1 0 0 0 1 0 0 0 1 -1.51 0.91 -0.74</i>
                <i>1 0 0 0 1 0 0 0 1 -1.51 0.91 -0.74</i>
                <i>1 0 0 0 1 0 0 0 1 -1.51 0.91 -0.74</i>
                <i>1 0 0 0 1 0 0 0 1 -1.51 0.91 -0.74</i>
                <i>1 0 0 0 1 0 0 0 1 -1.51 0.91 -0.74</i>
                <i>1 0 0 0 1 0 0 0 1 -1.51 0.91 -0.74</i>
                <i>1 0 0 0 1 0 0 0 1 -1.51 0.91 -0.74</i>
                <i>1 0 0 0 1 0 0 0 1 -1.51 0.91 -0.74</i>
                <i>1 0 0 0 1 0 0 0 1 -1.51 0.91 -0.74</i>
                <i>1 0 0 0 1 0 0 0 1 -1.51 0.91 -0.74</i>
                <i>1 0 0 0 1 0 0 0 1 -1.51 0.91 -0.74</i>
                <i>1 0 0 0 1 0 0 0 1 -1.51 0.91 -0.74</i>
                <i>1 0 0 0 1 0 0 0 1 -1.51 0.91 -0.74</i>
                <i>1 0 0 0 1 0 0 0 1 -1.51 0.91 -0.74</i>
                <i>1 0 0 0 1 0 0 0 1 -1.51 0.91 -0.74</i>
                <i>1 0 0 0 1 0 0 0 1 -1.51 0.91 -0.74</i>
                <i>1 0 0 0 1 0 0 0 1 -1.51 0.91 -0.74</i>
                <i>1 0 0 0 1 0 0 0 1 -1.51 0.91 -0.74</i>
                <i>1 0 0 0 1 0 0 0 1 -1.51 0.91 -0.74</i>
                <i>1 0 0 0 1 0 0 0 1 -1.51 0.91 -0.74</i>
                <i>1 0 0 0 1 0 0 0 1 -1.51 0.91 -0.74</i>
                <i>1 0 0 0 1 0 0 0 1 -1.51 0.91 -0.74</i>
                <i>1 0 0 0 1 0 0 0 1 -1.51 0.91 -0.74</i>
                <i>1 0 0 0 1 0 0 0 1 -1.51 0.91 -0.74</i>
                <i>1 0 0 0 1 0 0 0 1 -1.51 0.91 -0.74</i>
                <i>1 0 0 0 1 0 0 0 1 -1.51 0.91 -0.74</i>
                <i>1 0 0 0 1 0 0 0 1 -1.51 0.91 -0.74</i>
                <i>1 0 0 0 1 0 0 0 1 -1.51 0.91 -0.74</i>
                <i>1 0 0 0 1 0 0 0 1 -1.51 0.91 -0.74</i>
                <i>1 0 0 0 1 0 0 0 1 -1.51 0.91 -0.74</i>
                <i>1 0 0 0 1 0 0 0 1 -1.51 0.91 -0.74</i>
                <i>1 0 0 0 1 0 0 0 1 -1.51 0.91 -0.74</i>
                <i>1 0 0 0 1 0 0 0 1 -1.51 0.91 -0.74</i>
                <i>1 0 0 0 1 0 0 0 1 -1.51 0.91 -0.74</i>
                <i>1 0 0 0 1 0 0 0 1 -1.51 0.91 -0.74</i>
                <i>1 0 0 0 1 0 0 0 1 -1.51 0.91 -0.74</i>
                <i>1 0 0 0 1 0 0 0 1 -1.51 0.91 -0.74</i>
                <i>1 0 0 0 1 0 0 0 1 -1.51 0.91 -0.74</i>
                <i>1 0 0 0 1 0 0 0 1 -1.51 0.91 -0.74</i>
                <i>1 0 0 0 1 0 0 0 1 -1.51 0.91 -0.74</i>
                <i>1 0 0 0 1 0 0 0 1 -1.51 0.91 -0.74</i>
                <i>1 0 0 0 1 0 0 0 1 -1.51 0.91 -0.74</i>
                <i>1 0 0 0 1 0 0 0 1 -1.51 0.91 -0.74</i>
                <i>1 0 0 0 1 0 0 0 1 -1.51 0.91 -0.74</i>
                <i>1 0 0 0 1 0 0 0 1 -1.51 0.91 -0.74</i>
                <i>1 0 0 0 1 0 0 0 1 -1.51 0.91 -0.74</i>
                <i>1 0 0 0 1 0 0 0 1 -1.51 0.91 -0.74</i>
                <i>1 0 0 0 1 0 0 0 1 -1.51 0.91 -0.74</i>
                <i>1 0 0 0 1 0 0 0 1 -1.51 0.91 -0.74</i>
                <i>1 0 0 0 1 0 0 0 1 -1.51 0.91 -0.74</i>
                <i>1 0 0 0 1 0 0 0 1 -1.51 0.91 -0.74</i>
                <i>1 0 0 0 1 0 0 0 1 -1.51 0.91 -0.74</i>
                <i>1 0 0 0 1 0 0 0 1 -1.51 0.91 -0.74</i>
                <i>1 0 0 0 1 0 0 0 1 -1.51 0.91 -0.74</i>
                <i>1 0 0 0 1 0 0 0 1 -1.51 0.91 -0.74</i>
                <i>1 0 0 0 1 0 0 0 1 -1.51 0.91 -0.74</i>
                <i>1 0 0 0 1 0 0 0 1 -1.51 0.91 -0.74</i>
                <i>1 0 0 0 1 0 0 0 1 -1.51 0.91 -0.74</i>
                <i>1 0 0 0 1 0 0 0 1 -1.51 0.91 -0.74</i>
                <i>1 0 0 0 1 0 0 0 1 -1.51 0.91 -0.74</i>
                <i>1 0 0 0 1 0 0 0 1 -1.51 0.91 -0.74</i>
                <i>1 0 0 0 1 0 0 0 1 -1.51 0.91 -0.74</i>
                <i>1 0 0 0 1 0 0 0 1 -1.51 0.91 -0.74</i>
                <i>1 0 0 0 1 0 0 0 1 -1.51 0.91 -0.74</i>
                <i>1 0 0 0 1 0 0 0 1 -1.51 0.91 -0.74</i>
                <i>1 0 0 0 1 0 0 0 1 -1.51 0.91 -0.74</i>
                <i>1 0 0 0 1 0 0 0 1 -1.51 0.91 -0.74</i>
                <i>1 0 0 0 1 0 0 0 1 -1.51 0.91 -0.74</i>
            </KeyFrames>
        </RefFrame>
        <Bones count="23">
            <i>
                <p>
                    <Name>
                        <![CDATA[pelvis]]>
</Name>
                    <Exclude>0</Exclude>
                    <Additive>0</Additive>
                    <IKPriority>0</IKPriority>
                    <IKRotLimits>-1e+010 -1e+010 -1e+010 1e+010 1e+010 1e+010</IKRotLimits>
                    <IKRotLimitOrder>2</IKRotLimitOrder>
                    <KeyFrames count="120">
                        <i>1 0 0 0 1 0 0 0 1 -1.49595 1.72837 -0.838397</i>
                        <i>1 0 0 0 1 0 0 0 1 -1.49595 1.70911 -0.838397</i>
                        <i>1 0 0 0 1 0 0 0 1 -1.49595 1.68754 -0.838397</i>
                        <i>1 0 0 0 1 0 0 0 1 -1.49595 1.67057 -0.838397</i>
                        <i>1 0 0 0 1 0 0 0 1 -1.49595 1.66511 -0.838397</i>
                        <i>1 0 0 0 1 0 0 0 1 -1.49595 1.67532 -0.838397</i>
                        <i>1 0 0 0 1 0 0 0 1 -1.49595 1.69611 -0.838397</i>
                        <i>1 0 0 0 1 0 0 0 1 -1.49595 1.72045 -0.838397</i>
                        <i>1 0 0 0 1 0 0 0 1 -1.49595 1.7413 -0.838397</i>
                        <i>1 0 0 0 1 0 0 0 1 -1.49595 1.75162 -0.838397</i>
                        <i>1 0 0 0 1 0 0 0 1 -1.49595 1.75254 -0.838397</i>
                        <i>1 0 0 0 1 0 0 0 1 -1.49595 1.75033 -0.838397</i>
                        <i>1 0 0 0 1 0 0 0 1 -1.49595 1.7457 -0.838397</i>
                        <i>1 0 0 0 1 0 0 0 1 -1.49595 1.73938 -0.838397</i>
                        <i>1 0 0 0 1 0 0 0 1 -1.49595 1.73208 -0.838397</i>
                        <i>1 0 0 0 1 0 0 0 1 -1.49595 1.72451 -0.838397</i>
                        <i>1 0 0 0 1 0 0 0 1 -1.49595 1.7174 -0.838397</i>
                        <i>1 0 0 0 1 0 0 0 1 -1.49595 1.71146 -0.838397</i>
                        <i>1 0 0 0 1 0 0 0 1 -1.49595 1.70741 -0.838397</i>
                        <i>1 0 0 0 1 0 0 0 1 -1.49595 1.70596 -0.838397</i>
                        <i>1 0 0 0 1 0 0 0 1 -1.49595 1.70738 -0.838397</i>
                        <i>1 0 0 0 1 0 0 0 1 -1.49595 1.71108 -0.838397</i>
                        <i>1 0 0 0 1 0 0 0 1 -1.49595 1.71648 -0.838397</i>
                        <i>1 0 0 0 1 0 0 0 1 -1.49595 1.72301 -0.838397</i>
                        <i>1 0 0 0 1 0 0 0 1 -1.49595 1.73008 -0.838397</i>
                        <i>1 0 0 0 1 0 0 0 1 -1.49595 1.73712 -0.838397</i>
                        <i>1 0 0 0 1 0 0 0 1 -1.49595 1.74357 -0.838397</i>
                        <i>1 0 0 0 1 0 0 0 1 -1.49595 1.74883 -0.838397</i>
                        <i>1 0 0 0 1 0 0 0 1 -1.49595 1.75235 -0.838397</i>
                        <i>1 0 0 0 1 0 0 0 1 -1.49595 1.75353 -0.838397</i>
                        <i>1 0 0 0 1 0 0 0 1 -1.49595 1.75022 -0.838397</i>
                        <i>1 0 0 0 1 0 0 0 1 -1.49595 1.7418 -0.838397</i>
                        <i>1 0 0 0 1 0 0 0 1 -1.49595 1.73002 -0.838397</i>
                        <i>1 0 0 0 1 0 0 0 1 -1.49595 1.71664 -0.838397</i>
                        <i>1 0 0 0 1 0 0 0 1 -1.49595 1.7034 -0.838397</i>
                        <i>1 0 0 0 1 0 0 0 1 -1.49595 1.68807 -0.838397</i>
                        <i>1 0 0 0 1 0 0 0 1 -1.49595 1.66948 -0.838397</i>
                        <i>1 0 0 0 1 0 0 0 1 -1.49595 1.65098 -0.838397</i>
                        <i>1 0 0 0 1 0 0 0 1 -1.49595 1.63594 -0.838397</i>
                        <i>1 0 0 0 1 0 0 0 1 -1.49595 1.6277 -0.838397</i>
                        <i>1 0 0 0 1 0 0 0 1 -1.49595 1.62472 -0.838397</i>
                        <i>1 0 0 0 1 0 0 0 1 -1.49595 1.62315 -0.838397</i>
                        <i>1 0 0 0 1 0 0 0 1 -1.49595 1.62288 -0.838397</i>
                        <i>1 0 0 0 1 0 0 0 1 -1.49595 1.62379 -0.838397</i>
                        <i>1 0 0 0 1 0 0 0 1 -1.49595 1.62577 -0.838397</i>
                        <i>1 0 0 0 1 0 0 0 1 -1.49595 1.62869 -0.838397</i>
                        <i>1 0 0 0 1 0 0 0 1 -1.49595 1.63244 -0.838397</i>
                        <i>1 0 0 0 1 0 0 0 1 -1.49595 1.63691 -0.838397</i>
                        <i>1 0 0 0 1 0 0 0 1 -1.49595 1.64198 -0.838397</i>
                        <i>1 0 0 0 1 0 0 0 1 -1.49595 1.64754 -0.838397</i>
                        <i>1 0 0 0 1 0 0 0 1 -1.49595 1.6577 -0.838397</i>
                        <i>1 0 0 0 1 0 0 0 1 -1.49595 1.67377 -0.838397</i>
                        <i>1 0 0 0 1 0 0 0 1 -1.49595 1.69141 -0.838397</i>
                        <i>1 0 0 0 1 0 0 0 1 -1.49595 1.70628 -0.838397</i>
                        <i>1 0 0 0 1 0 0 0 1 -1.49595 1.71405 -0.838397</i>
                        <i>1 0 0 0 1 0 0 0 1 -1.49595 1.71237 -0.838397</i>
                        <i>1 0 0 0 1 0 0 0 1 -1.49595 1.70415 -0.838397</i>
                        <i>1 0 0 0 1 0 0 0 1 -1.49595 1.69287 -0.838397</i>
                        <i>1 0 0 0 1 0 0 0 1 -1.49595 1.68206 -0.838397</i>
                        <i>1 0 0 0 1 0 0 0 1 -1.49595 1.67522 -0.838397</i>
                        <i>1 0 0 0 1 0 0 0 1 -1.49595 1.67176 -0.838397</i>
                        <i>1 0 0 0 1 0 0 0 1 -1.49595 1.66876 -0.838397</i>
                        <i>1 0 0 0 1 0 0 0 1 -1.49595 1.66619 -0.838397</i>
                        <i>1 0 0 0 1 0 0 0 1 -1.49595 1.66405 -0.838397</i>
                        <i>1 0 0 0 1 0 0 0 1 -1.49595 1.66229 -0.838397</i>
                        <i>1 0 0 0 1 0 0 0 1 -1.49595 1.6609 -0.838397</i>
                        <i>1 0 0 0 1 0 0 0 1 -1.49595 1.65986 -0.838397</i>
                        <i>1 0 0 0 1 0 0 0 1 -1.49595 1.65915 -0.838397</i>
                        <i>1 0 0 0 1 0 0 0 1 -1.49595 1.65874 -0.838397</i>
                        <i>1 0 0 0 1 0 0 0 1 -1.49595 1.65861 -0.838397</i>
                        <i>1 0 0 0 1 0 0 0 1 -1.49595 1.65906 -0.838397</i>
                        <i>1 0 0 0 1 0 0 0 1 -1.49595 1.66028 -0.838397</i>
                        <i>1 0 0 0 1 0 0 0 1 -1.49595 1.66209 -0.838397</i>
                        <i>1 0 0 0 1 0 0 0 1 -1.49595 1.66429 -0.838397</i>
                        <i>1 0 0 0 1 0 0 0 1 -1.49595 1.6667 -0.838397</i>
                        <i>1 0 0 0 1 0 0 0 1 -1.49595 1.66913 -0.838397</i>
                        <i>1 0 0 0 1 0 0 0 1 -1.49595 1.67138 -0.838397</i>
                        <i>1 0 0 0 1 0 0 0 1 -1.49595 1.67327 -0.838397</i>
                        <i>1 0 0 0 1 0 0 0 1 -1.49595 1.67461 -0.838397</i>
                        <i>1 0 0 0 1 0 0 0 1 -1.49595 1.67522 -0.838397</i>
                        <i>1 0 0 0 1 0 0 0 1 -1.49595 1.67498 -0.838397</i>
                        <i>1 0 0 0 1 0 0 0 1 -1.49595 1.67405 -0.838397</i>
                        <i>1 0 0 0 1 0 0 0 1 -1.49595 1.6726 -0.838397</i>
                        <i>1 0 0 0 1 0 0 0 1 -1.49595 1.67079 -0.838397</i>
                        <i>1 0 0 0 1 0 0 0 1 -1.49595 1.6688 -0.838397</i>
                        <i>1 0 0 0 1 0 0 0 1 -1.49595 1.66679 -0.838397</i>
                        <i>1 0 0 0 1 0 0 0 1 -1.49595 1.66493 -0.838397</i>
                        <i>1 0 0 0 1 0 0 0 1 -1.49595 1.6634 -0.838397</i>
                        <i>1 0 0 0 1 0 0 0 1 -1.49595 1.66235 -0.838397</i>
                        <i>1 0 0 0 1 0 0 0 1 -1.49595 1.66197 -0.838397</i>
                        <i>1 0 0 0 1 0 0 0 1 -1.49595 1.66184 -0.838397</i>
                        <i>1 0 0 0 1 0 0 0 1 -1.49595 1.66156 -0.838397</i>
                        <i>1 0 0 0 1 0 0 0 1 -1.49595 1.66132 -0.838397</i>
                        <i>1 0 0 0 1 0 0 0 1 -1.49595 1.66128 -0.838397</i>
                        <i>1 0 0 0 1 0 0 0 1 -1.49595 1.66162 -0.838397</i>
                        <i>1 0 0 0 1 0 0 0 1 -1.49595 1.66253 -0.838397</i>
                        <i>1 0 0 0 1 0 0 0 1 -1.49595 1.66416 -0.838397</i>
                        <i>1 0 0 0 1 0 0 0 1 -1.49595 1.6667 -0.838397</i>
                        <i>1 0 0 0 1 0 0 0 1 -1.49595 1.67033 -0.838397</i>
                        <i>1 0 0 0 1 0 0 0 1 -1.49595 1.67522 -0.838397</i>
                        <i>1 0 0 0 1 0 0 0 1 -1.49595 1.68525 -0.838397</i>
                        <i>1 0 0 0 1 0 0 0 1 -1.49595 1.70144 -0.838397</i>
                        <i>1 0 0 0 1 0 0 0 1 -1.49595 1.71965 -0.838397</i>
                        <i>1 0 0 0 1 0 0 0 1 -1.49595 1.73574 -0.838397</i>
                        <i>1 0 0 0 1 0 0 0 1 -1.49595 1.74557 -0.838397</i>
                        <i>1 0 0 0 1 0 0 0 1 -1.49595 1.74778 -0.838397</i>
                        <i>1 0 0 0 1 0 0 0 1 -1.49595 1.74513 -0.838397</i>
                        <i>1 0 0 0 1 0 0 0 1 -1.49595 1.73966 -0.838397</i>
                        <i>1 0 0 0 1 0 0 0 1 -1.49595 1.7334 -0.838397</i>
                        <i>1 0 0 0 1 0 0 0 1 -1.49595 1.72837 -0.838397</i>
                        <i>1 0 0 0 1 0 0 0 1 -1.49595 1.72391 -0.838397</i>
                        <i>1 0 0 0 1 0 0 0 1 -1.49595 1.71864 -0.838397</i>
                        <i>1 0 0 0 1 0 0 0 1 -1.49595 1.71361 -0.838397</i>
                        <i>1 0 0 0 1 0 0 0 1 -1.49595 1.70983 -0.838397</i>
                        <i>1 0 0 0 1 0 0 0 1 -1.49595 1.70834 -0.838397</i>
                        <i>1 0 0 0 1 0 0 0 1 -1.49595 1.70978 -0.838397</i>
                        <i>1 0 0 0 1 0 0 0 1 -1.49595 1.71347 -0.838397</i>
                        <i>1 0 0 0 1 0 0 0 1 -1.49595 1.71844 -0.838397</i>
                        <i>1 0 0 0 1 0 0 0 1 -1.49595 1.72373 -0.838397</i>
                        <i>1 0 0 0 1 0 0 0 1 -1.49595 1.72837 -0.838397</i>
                    </KeyFrames>
                </p>
            </i>
            <i>
                <p>
                    <Name>
                        <![CDATA[spine0]]>
</Name>
                    <Exclude>0</Exclude>
                    <Additive>0</Additive>
                    <IKPriority>0</IKPriority>
                    <IKRotLimits>-1e+010 -1e+010 -1e+010 1e+010 1e+010 1e+010</IKRotLimits>
                    <IKRotLimitOrder>0</IKRotLimitOrder>
                    <KeyFrames count="120">
                        <i>0.0434342 0.981897 0.18437 -0.989588 0.0169363 0.142931 0.137221 -0.188659 0.972409 -1.5031 1.87108 -0.855153</i>
                        <i>0.0423008 0.98296 0.178884 -0.989523 0.0164811 0.14343 0.138038 -0.183077 0.973359 -1.50285 1.85198 -0.853791</i>
                        <i>0.0409444 0.984064 0.173034 -0.989353 0.0157232 0.144687 0.139661 -0.177116 0.97423 -1.50259 1.83058 -0.85224</i>
                        <i>0.0403101 0.984469 0.170866 -0.989089 0.0150638 0.14655 0.1417 -0.174909 0.974335 -1.50233 1.81377 -0.850594</i>
                        <i>0.0413787 0.983431 0.1765 -0.988743 0.0148822 0.14888 0.143786 -0.180673 0.972976 -1.50208 1.80845 -0.848945</i>
                        <i>0.0447687 0.980288 0.192433 -0.988336 0.0153941 0.151512 0.145563 -0.196971 0.969543 -1.50185 1.81878 -0.847388</i>
                        <i>0.0496005 0.975478 0.214435 -0.987912 0.0163462 0.154152 0.146867 -0.219489 0.964497 -1.50164 1.83966 -0.846015</i>
                        <i>0.0546007 0.970064 0.236633 -0.987529 0.0174153 0.156469 0.147664 -0.242226 0.958917 -1.50148 1.86406 -0.84492</i>
                        <i>0.0584546 0.965596 0.253393 -0.987252 0.0182731 0.158114 0.148044 -0.259405 0.954354 -1.50137 1.88494 -0.844195</i>
                        <i>0.0598176 0.963959 0.259238 -0.987148 0.0185712 0.158723 0.148188 -0.2654 0.952682 -1.50133 1.89528 -0.843933</i>
                        <i>0.0586474 0.965319 0.2544 -0.987175 0.0181763 0.158605 0.148481 -0.260439 0.954005 -1.50133 1.8962 -0.843933</i>
                        <i>0.0561119 0.967933 0.244861 -0.98724 0.0171833 0.158309 0.149025 -0.250619 0.956547 -1.50133 1.89398 -0.843933</i>
                        <i>0.0527688 0.970894 0.233626 -0.987337 0.0156767 0.15786 0.149602 -0.238998 0.959426 -1.50133 1.88936 -0.843933</i>
                        <i>0.0494831 0.973484 0.223338 -0.987437 0.014085 0.157384 0.150065 -0.22832 0.961951 -1.50133 1.88303 -0.843933</i>
                        <i>0.0473701 0.97516 0.216378 -0.987497 0.0131119 0.157093 0.150354 -0.221114 0.963588 -1.50133 1.87573 -0.843933</i>
                        <i>0.0473873 0.975332 0.215597 -0.987489 0.0132437 0.157133 0.150401 -0.220346 0.963757 -1.50133 1.86816 -0.843933</i>
                        <i>0.0488144 0.974055 0.220983 -0.987455 0.0137997 0.157299 0.150168 -0.225889 0.962509 -1.50133 1.86105 -0.843933</i>
                        <i>0.0503719 0.971859 0.230113 -0.987447 0.0139262 0.157337 0.149705 -0.23515 0.960361 -1.50133 1.85511 -0.843933</i>
                        <i>0.0513155 0.969615 0.239193 -0.987474 0.0134804 0.157204 0.149202 -0.244263 0.958162 -1.50133 1.85106 -0.843933</i>
                        <i>0.0514994 0.968558 0.243401 -0.987501 0.0130346 0.15707 0.148959 -0.248448 0.957123 -1.50133 1.84961 -0.843933</i>
                        <i>0.0510853 0.968951 0.241919 -0.987512 0.0128609 0.157018 0.149032 -0.246919 0.957507 -1.50133 1.85104 -0.843933</i>
                        <i>0.0502607 0.970051 0.237646 -0.987521 0.0127101 0.156973 0.149251 -0.24257 0.958584 -1.50133 1.85474 -0.843933</i>
                        <i>0.0490292 0.971654 0.231265 -0.987535 0.012485 0.156906 0.149571 -0.236076 0.960155 -1.50133 1.86014 -0.843933</i>
                        <i>0.0474026 0.973557 0.223471 -0.987558 0.0120948 0.156789 0.14994 -0.228123 0.962018 -1.50133 1.86666 -0.843933</i>
                        <i>0.0454316 0.97557 0.214939 -0.987594 0.0114876 0.156608 0.150313 -0.219387 0.963989 -1.50133 1.87373 -0.843933</i>
                        <i>0.0432217 0.977534 0.2063 -0.987642 0.0106697 0.156363 0.150649 -0.210509 0.965915 -1.50133 1.88078 -0.843933</i>
                        <i>0.0409376 0.979321 0.198127 -0.987697 0.00971201 0.156076 0.150924 -0.202079 0.96767 -1.50133 1.88722 -0.843933</i>
                        <i>0.0387956 0.980838 0.190923 -0.987752 0.00874495 0.155786 0.151131 -0.194628 0.969164 -1.50133 1.89249 -0.843933</i>
                        <i>0.037048 0.982016 0.185128 -0.987797 0.00794288 0.155546 0.151278 -0.188631 0.970326 -1.50133 1.896 -0.843933</i>
                        <i>0.0359608 0.9828 0.181136 -0.987821 0.00750094 0.155413 0.151382 -0.184518 0.971101 -1.50133 1.89718 -0.843933</i>
                        <i>0.0359147 0.983194 0.178995 -0.98851 0.00863551 0.150908 0.146826 -0.182358 0.972208 -1.50123 1.89386 -0.84428</i>
                        <i>0.0369269 0.983352 0.177918 -0.990252 0.01208 0.138761 0.134302 -0.181308 0.974213 -1.50095 1.88541 -0.845223</i>
                        <i>0.0387068 0.983428 0.177119 -0.992522 0.0173017 0.120836 0.115769 -0.180472 0.976743 -1.50049 1.87358 -0.846619</i>
                        <i>0.0408843 0.983628 0.17551 -0.994807 0.0236875 0.0989817 0.0932038 -0.178645 0.979489 -1.49987 1.8601 -0.848322</i>
                        <i>0.0430014 0.984259 0.171419 -0.996714 0.0304754 0.0750468 0.0686414 -0.174083 0.982336 -1.49911 1.84674 -0.85018</i>
                        <i>0.0447261 0.985534 0.16347 -0.998023 0.0368477 0.0509145 0.0441545 -0.165424 0.985234 -1.49826 1.83126 -0.852041</i>
                        <i>0.0462313 0.987083 0.153397 -0.998694 0.0423319 0.0285917 0.0217288 -0.154518 0.987751 -1.4974 1.81251 -0.853751</i>
                        <i>0.0476048 0.988421 0.144079 -0.998861 0.0466308 0.0101317 0.00329585 -0.144397 0.989514 -1.49664 1.79386 -0.855157</i>
                        <i>0.0486947 0.989166 0.138487 -0.998771 0.0495052 -0.00241192 -0.00924159 -0.138199 0.990361 -1.4961 1.77871 -0.856109</i>
                        <i>0.0492666 0.989004 0.139441 -0.998688 0.0507354 -0.00699688 -0.0139946 -0.138914 0.990206 -1.49589 1.77042 -0.856459</i>
                        <i>0.0495583 0.988191 0.14499 -0.99867 0.0510988 -0.00691774 -0.0142449 -0.144454 0.989409 -1.49589 1.76744 -0.856459</i>
                        <i>0.0498874 0.98724 0.151224 -0.998649 0.0515099 -0.00682821 -0.0145306 -0.150679 0.988476 -1.49589 1.76587 -0.856459</i>
                        <i>0.0502385 0.986185 0.157846 -0.998627 0.0519499 -0.00673238 -0.0148395 -0.157292 0.987441 -1.49589 1.7656 -0.856459</i>
                        <i>0.050596 0.985068 0.164561 -0.998604 0.0523995 -0.00663444 -0.0151583 -0.163996 0.986345 -1.49589 1.76651 -0.856459</i>
                        <i>0.0509439 0.983941 0.17107 -0.998582 0.0528388 -0.00653876 -0.0154729 -0.170494 0.985237 -1.49589 1.76849 -0.856459</i>
                        <i>0.051266 0.982862 0.177073 -0.998561 0.0532469 -0.00644986 -0.0157679 -0.176487 0.984177 -1.49589 1.77141 -0.856459</i>
                        <i>0.0515458 0.981897 0.182269 -0.998542 0.0536025 -0.00637239 -0.0160271 -0.181675 0.983228 -1.49589 1.77517 -0.856459</i>
                        <i>0.0517664 0.981118 0.186355 -0.998527 0.0538837 -0.00631113 -0.0162335 -0.185754 0.982462 -1.49589 1.77964 -0.856459</i>
                        <i>0.051911 0.980598 0.189029 -0.998518 0.0540685 -0.00627088 -0.0163697 -0.188423 0.981951 -1.49589 1.78471 -0.856459</i>
                        <i>0.0519629 0.98041 0.189987 -0.998514 0.0541348 -0.00625642 -0.0164188 -0.18938 0.981767 -1.49589 1.79026 -0.856459</i>
                        <i>0.0518199 0.980099 0.191624 -0.998585 0.053145 -0.00177832 -0.0119268 -0.191261 0.981467 -1.49615 1.80042 -0.856425</i>
                        <i>0.0514461 0.979345 0.195544 -0.998676 0.0503925 0.0103626 0.000294633 -0.195818 0.98064 -1.49684 1.8165 -0.856333</i>
                        <i>0.0509237 0.978434 0.200185 -0.998534 0.0461958 0.0282215 0.0183651 -0.201329 0.979351 -1.49786 1.83415 -0.856192</i>
                        <i>0.0501815 0.977741 0.203729 -0.997922 0.0408331 0.0498366 0.0404084 -0.205806 0.977758 -1.4991 1.84903 -0.856013</i>
                        <i>0.0488767 0.977722 0.204133 -0.996717 0.0345369 0.0732302 0.0645487 -0.207042 0.9762 -1.50044 1.85678 -0.85581</i>
                        <i>0.0465751 0.978692 0.199983 -0.994954 0.0276408 0.0964493 0.0888664 -0.203466 0.975041 -1.50177 1.85508 -0.855599</i>
                        <i>0.0435258 0.980233 0.192997 -0.992835 0.0209211 0.117651 0.111288 -0.196735 0.97412 -1.50298 1.84683 -0.855396</i>
                        <i>0.0403788 0.981792 0.18562 -0.990725 0.0152171 0.13503 0.129747 -0.18935 0.9733 -1.50398 1.83552 -0.855224</i>
                        <i>0.0378706 0.982989 0.179716 -0.989105 0.011271 0.14678 0.142258 -0.183317 0.972706 -1.50465 1.82468 -0.855105</i>
                        <i>0.0367283 0.983575 0.176723 -0.988472 0.00976389 0.151092 0.146884 -0.180235 0.972595 -1.5049 1.81783 -0.85506</i>
                        <i>0.0368084 0.98349 0.177181 -0.988471 0.00977455 0.151094 0.146867 -0.180699 0.972511 -1.5049 1.81437 -0.85506</i>
                        <i>0.0373533 0.982967 0.179948 -0.988466 0.00989731 0.15112 0.146765 -0.183517 0.971999 -1.5049 1.81137 -0.85506</i>
                        <i>0.0381342 0.982215 0.183848 -0.988458 0.0100828 0.15116 0.146618 -0.187491 0.971262 -1.5049 1.80881 -0.85506</i>
                        <i>0.0389009 0.981475 0.187599 -0.98845 0.0102767 0.151202 0.146473 -0.191314 0.970538 -1.5049 1.80666 -0.85506</i>
                        <i>0.0393735 0.981038 0.189776 -0.988443 0.0104158 0.151232 0.146387 -0.193538 0.97011 -1.5049 1.8049 -0.85506</i>
                        <i>0.0395913 0.980867 0.190613 -0.98844 0.0105043 0.151251 0.146354 -0.194397 0.969943 -1.5049 1.80352 -0.85506</i>
                        <i>0.0397861 0.980722 0.191316 -0.988436 0.01059 0.151269 0.146327 -0.195122 0.969802 -1.5049 1.80248 -0.85506</i>
                        <i>0.0399597 0.9806 0.191901 -0.988432 0.0106724 0.151287 0.146304 -0.195727 0.969684 -1.5049 1.80176 -0.85506</i>
                        <i>0.0401143 0.9805 0.192384 -0.988429 0.0107515 0.151304 0.146285 -0.196227 0.969585 -1.5049 1.80135 -0.85506</i>
                        <i>0.040252 0.980416 0.192779 -0.988426 0.0108268 0.15132 0.146269 -0.196639 0.969504 -1.5049 1.80122 -0.85506</i>
                        <i>0.0403745 0.980348 0.193102 -0.988422 0.0108981 0.151335 0.146257 -0.196976 0.969438 -1.5049 1.80167 -0.85506</i>
                        <i>0.0404834 0.980291 0.193364 -0.988419 0.0109651 0.15135 0.146247 -0.197252 0.969383 -1.5049 1.80289 -0.85506</i>
                        <i>0.04058 0.980245 0.193577 -0.988417 0.0110273 0.151363 0.146238 -0.197477 0.969338 -1.5049 1.8047 -0.85506</i>
                        <i>0.0406647 0.980208 0.19375 -0.988414 0.011084 0.151375 0.146232 -0.197661 0.969302 -1.5049 1.8069 -0.85506</i>
                        <i>0.0407379 0.980177 0.193888 -0.988412 0.0111346 0.151386 0.146226 -0.197808 0.969273 -1.5049 1.80931 -0.85506</i>
                        <i>0.0407993 0.980154 0.193996 -0.98841 0.0111782 0.151395 0.146222 -0.197925 0.96925 -1.5049 1.81174 -0.85506</i>
                        <i>0.0408484 0.980135 0.194077 -0.988409 0.0112138 0.151403 0.146219 -0.198012 0.969232 -1.5049 1.81399 -0.85506</i>
                        <i>0.0408844 0.980123 0.194133 -0.988407 0.0112405 0.151409 0.146217 -0.198072 0.96922 -1.5049 1.81589 -0.85506</i>
                        <i>0.0409065 0.980116 0.194164 -0.988407 0.0112572 0.151412 0.146216 -0.198107 0.969213 -1.5049 1.81723 -0.85506</i>
                        <i>0.0409139 0.980114 0.194174 -0.988406 0.011263 0.151414 0.146216 -0.198118 0.969211 -1.5049 1.81783 -0.85506</i>
                        <i>0.0408986 0.980124 0.194124 -0.988407 0.0112554 0.151412 0.146218 -0.198066 0.969221 -1.5049 1.81759 -0.85506</i>
                        <i>0.0408547 0.980154 0.193982 -0.988408 0.0112337 0.151407 0.146223 -0.197919 0.969251 -1.5049 1.81667 -0.85506</i>
                        <i>0.0407854 0.980201 0.193758 -0.988409 0.0111995 0.1514 0.146233 -0.197687 0.969297 -1.5049 1.81521 -0.85506</i>
                        <i>0.0406942 0.980263 0.193462 -0.988411 0.0111544 0.15139 0.146244 -0.197381 0.969357 -1.5049 1.81341 -0.85506</i>
                        <i>0.0405841 0.980338 0.193107 -0.988414 0.0110999 0.151379 0.146259 -0.197013 0.96943 -1.5049 1.81141 -0.85506</i>
                        <i>0.0404586 0.980423 0.192702 -0.988416 0.0110376 0.151365 0.146275 -0.196594 0.969512 -1.5049 1.8094 -0.85506</i>
                        <i>0.0403209 0.980515 0.19226 -0.988419 0.0109691 0.151351 0.146293 -0.196136 0.969603 -1.5049 1.80755 -0.85506</i>
                        <i>0.0401742 0.980614 0.191789 -0.988423 0.010896 0.151335 0.146311 -0.195648 0.969698 -1.5049 1.80601 -0.85506</i>
                        <i>0.0400218 0.980715 0.191301 -0.988426 0.0108198 0.151318 0.14633 -0.195143 0.969797 -1.5049 1.80497 -0.85506</i>
                        <i>0.0398667 0.980818 0.190806 -0.988429 0.0107422 0.151302 0.14635 -0.194631 0.969897 -1.5049 1.80458 -0.85506</i>
                        <i>0.0397122 0.98092 0.190315 -0.988433 0.0106646 0.151285 0.146369 -0.194121 0.969996 -1.5049 1.80445 -0.85506</i>
                        <i>0.0395613 0.981018 0.189836 -0.988436 0.0105886 0.151269 0.146387 -0.193625 0.970093 -1.5049 1.80417 -0.85506</i>
                        <i>0.0394171 0.981113 0.189379 -0.988439 0.0105158 0.151253 0.146405 -0.193152 0.970185 -1.5049 1.80393 -0.85506</i>
                        <i>0.0392825 0.9812 0.188954 -0.988442 0.0104477 0.151239 0.146421 -0.192711 0.97027 -1.5049 1.80389 -0.85506</i>
                        <i>0.0391605 0.981279 0.18857 -0.988445 0.0103859 0.151225 0.146436 -0.192313 0.970346 -1.5049 1.80424 -0.85506</i>
                        <i>0.0390542 0.981347 0.188236 -0.988447 0.0103319 0.151214 0.146448 -0.191967 0.970413 -1.5049 1.80514 -0.85506</i>
                        <i>0.0389663 0.981403 0.18796 -0.988449 0.0102872 0.151204 0.146459 -0.191681 0.970468 -1.5049 1.80677 -0.85506</i>
                        <i>0.0388999 0.981446 0.187752 -0.988451 0.0102534 0.151197 0.146466 -0.191465 0.970509 -1.5049 1.80932 -0.85506</i>
                        <i>0.0388579 0.981473 0.187621 -0.988451 0.0102319 0.151192 0.146471 -0.191329 0.970536 -1.5049 1.81294 -0.85506</i>
                        <i>0.0388432 0.981482 0.187575 -0.988452 0.0102244 0.151191 0.146473 -0.191281 0.970545 -1.5049 1.81783 -0.85506</i>
                        <i>0.0389789 0.981499 0.187459 -0.988485 0.0104237 0.150962 0.146215 -0.191184 0.970603 -1.50485 1.82786 -0.855063</i>
                        <i>0.039345 0.981543 0.187151 -0.988573 0.0109613 0.150341 0.145514 -0.190928 0.970758 -1.50471 1.84407 -0.85507</i>
                        <i>0.0398792 0.981604 0.186718 -0.988704 0.0117447 0.149423 0.144481 -0.190568 0.970984 -1.50451 1.86229 -0.85508</i>
                        <i>0.040519 0.981671 0.186226 -0.98886 0.0126817 0.148306 0.143226 -0.19016 0.971249 -1.50427 1.87839 -0.855093</i>
                        <i>0.0412042 0.981736 0.18573 -0.989029 0.0136839 0.147085 0.141857 -0.189753 0.97153 -1.504 1.88823 -0.855107</i>
                        <i>0.041878 0.981793 0.185278 -0.989196 0.0146679 0.145861 0.140487 -0.189384 0.971801 -1.50373 1.89046 -0.85512</i>
                        <i>0.0424869 0.981839 0.184899 -0.989349 0.0155563 0.144731 0.139227 -0.189079 0.972042 -1.50349 1.88782 -0.855133</i>
                        <i>0.0429812 0.981871 0.184614 -0.989473 0.0162766 0.143799 0.138187 -0.188851 0.972234 -1.50329 1.88235 -0.855143</i>
                        <i>0.0433127 0.98189 0.184434 -0.989557 0.0167596 0.143165 0.137481 -0.188709 0.972362 -1.50315 1.8761 -0.85515</i>
                        <i>0.0434342 0.981897 0.18437 -0.989588 0.0169363 0.142931 0.137221 -0.188659 0.972409 -1.5031 1.87108 -0.855153</i>
                        <i>0.0434342 0.981897 0.18437 -0.989588 0.0169363 0.142931 0.137221 -0.188659 0.972409 -1.5031 1.86661 -0.855153</i>
                        <i>0.0434342 0.981897 0.18437 -0.989588 0.0169363 0.142931 0.137221 -0.188659 0.972409 -1.5031 1.86135 -0.855153</i>
                        <i>0.0434342 0.981897 0.18437 -0.989588 0.0169363 0.142931 0.137221 -0.188659 0.972409 -1.5031 1.85631 -0.855153</i>
                        <i>0.0434342 0.981897 0.18437 -0.989588 0.0169363 0.142931 0.137221 -0.188659 0.972409 -1.5031 1.85253 -0.855153</i>
                        <i>0.0434342 0.981897 0.18437 -0.989588 0.0169363 0.142931 0.137221 -0.188659 0.972409 -1.5031 1.85104 -0.855153</i>
                        <i>0.0434342 0.981897 0.18437 -0.989588 0.0169363 0.142931 0.137221 -0.188659 0.972409 -1.5031 1.85249 -0.855153</i>
                        <i>0.0434342 0.981897 0.18437 -0.989588 0.0169363 0.142931 0.137221 -0.188659 0.972409 -1.5031 1.85617 -0.855153</i>
                        <i>0.0434342 0.981897 0.18437 -0.989588 0.0169363 0.142931 0.137221 -0.188659 0.972409 -1.5031 1.86114 -0.855153</i>
                        <i>0.0434342 0.981897 0.18437 -0.989588 0.0169363 0.142931 0.137221 -0.188659 0.972409 -1.5031 1.86643 -0.855153</i>
                        <i>0.0434342 0.981897 0.18437 -0.989588 0.0169363 0.142931 0.137221 -0.188659 0.972409 -1.5031 1.87108 -0.855153</i>
                    </KeyFrames>
                </p>
            </i>
            <i>
                <p>
                    <Name>
                        <![CDATA[spine1]]>
</Name>
                    <Exclude>0</Exclude>
                    <Additive>0</Additive>
                    <IKPriority>0</IKPriority>
                    <IKRotLimits>-1e+010 -1e+010 -1e+010 1e+010 1e+010 1e+010</IKRotLimits>
                    <IKRotLimitOrder>0</IKRotLimitOrder>
                    <KeyFrames count="120">
                        <i>0.131458 0.887647 0.441363 -0.987456 0.0779695 0.1373 0.0874612 -0.453876 0.886762 -1.4955 2.04302 -0.822889</i>
                        <i>0.123015 0.905547 0.40602 -0.988034 0.0733982 0.135652 0.093038 -0.417849 0.90374 -1.49522 2.02934 -0.821569</i>
                        <i>0.114183 0.92208 0.36977 -0.988526 0.0684059 0.13467 0.0988823 -0.380905 0.919312 -1.49497 2.01403 -0.820074</i>
                        <i>0.107973 0.932467 0.344743 -0.988743 0.0645916 0.134965 0.103583 -0.355434 0.928944 -1.49464 2.00215 -0.818021</i>
                        <i>0.10702 0.933939 0.341033 -0.98855 0.0632522 0.136997 0.106376 -0.35179 0.930015 -1.4941 1.99863 -0.814946</i>
                        <i>0.112963 0.924267 0.36465 -0.987868 0.0651138 0.140984 0.106564 -0.376152 0.92041 -1.4933 2.00646 -0.810669</i>
                        <i>0.123682 0.905206 0.406576 -0.986832 0.0691617 0.146215 0.104235 -0.419307 0.901841 -1.49239 2.02194 -0.806039</i>
                        <i>0.136002 0.880607 0.453911 -0.985652 0.0740389 0.151685 0.0999682 -0.468028 0.878041 -1.49158 2.04009 -0.802041</i>
                        <i>0.146213 0.857945 0.492496 -0.984642 0.0781998 0.156095 0.0954075 -0.507755 0.856202 -1.49103 2.05585 -0.799379</i>
                        <i>0.150105 0.848897 0.506796 -0.984238 0.0798247 0.157808 0.093508 -0.522496 0.847499 -1.49086 2.06408 -0.798559</i>
                        <i>0.148362 0.853446 0.499619 -0.984028 0.0771451 0.16043 0.0983748 -0.51544 0.85126 -1.49106 2.06536 -0.799376</i>
                        <i>0.144915 0.861775 0.486151 -0.983389 0.071169 0.166977 0.109298 -0.502273 0.857774 -1.49148 2.06392 -0.80097</i>
                        <i>0.140391 0.871923 0.469085 -0.982508 0.064143 0.174825 0.122346 -0.485423 0.865676 -1.49205 2.06015 -0.802863</i>
                        <i>0.135648 0.88204 0.451227 -0.981711 0.0582555 0.181247 0.13358 -0.46756 0.87381 -1.49262 2.05444 -0.804637</i>
                        <i>0.131752 0.890503 0.435484 -0.98147 0.0555242 0.183395 0.139134 -0.451577 0.881317 -1.493 2.04722 -0.805908</i>
                        <i>0.129645 0.895909 0.424899 -0.982181 0.0572287 0.179014 0.136064 -0.440536 0.887364 -1.49304 2.03892 -0.80621</i>
                        <i>0.128862 0.898605 0.419408 -0.98352 0.0617246 0.169936 0.126818 -0.434394 0.89175 -1.49284 2.03045 -0.805516</i>
                        <i>0.128537 0.899634 0.417296 -0.984936 0.0667303 0.159522 0.115665 -0.431515 0.89466 -1.49263 2.02301 -0.804187</i>
                        <i>0.128276 0.899798 0.417024 -0.985983 0.0704718 0.151233 0.106691 -0.430578 0.896225 -1.49251 2.01774 -0.802818</i>
                        <i>0.12809 0.899711 0.417268 -0.986327 0.0715764 0.148443 0.10369 -0.430577 0.896578 -1.49249 2.01579 -0.802173</i>
                        <i>0.127632 0.900472 0.415765 -0.986099 0.0702417 0.150582 0.106391 -0.429204 0.89692 -1.49256 2.01733 -0.802415</i>
                        <i>0.126579 0.902575 0.411505 -0.985654 0.067753 0.154583 0.111642 -0.425168 0.898203 -1.4927 2.02137 -0.803111</i>
                        <i>0.12502 0.905688 0.405092 -0.985015 0.0644108 0.159991 0.118809 -0.419024 0.900169 -1.4929 2.02729 -0.804151</i>
                        <i>0.123042 0.909477 0.39713 -0.984208 0.0605142 0.16635 0.12726 -0.411327 0.90256 -1.49316 2.03446 -0.805421</i>
                        <i>0.12075 0.913616 0.388233 -0.983275 0.0563619 0.173189 0.136347 -0.402652 0.905141 -1.49348 2.04225 -0.806812</i>
                        <i>0.118283 0.917794 0.379029 -0.982275 0.0522515 0.180013 0.14541 -0.393604 0.907707 -1.49385 2.05005 -0.80822</i>
                        <i>0.115816 0.921719 0.370164 -0.981294 0.0484786 0.186313 0.153783 -0.384818 0.910091 -1.49423 2.05723 -0.809552</i>
                        <i>0.113566 0.925119 0.362295 -0.980433 0.0453368 0.191562 0.160792 -0.376961 0.912166 -1.49458 2.06317 -0.810724</i>
                        <i>0.111781 0.927743 0.356086 -0.979809 0.04312 0.195232 0.165771 -0.37072 0.913831 -1.49487 2.06727 -0.811664</i>
                        <i>0.110729 0.929349 0.352207 -0.979539 0.0421268 0.196797 0.168056 -0.366792 0.914998 -1.49505 2.0689 -0.812304</i>
                        <i>0.111532 0.927766 0.356106 -0.980448 0.0442713 0.191736 0.16212 -0.370528 0.914563 -1.495 2.06444 -0.813238</i>
                        <i>0.114147 0.921969 0.37006 -0.982853 0.0505055 0.177337 0.144809 -0.383957 0.911925 -1.49466 2.0528 -0.814931</i>
                        <i>0.116904 0.913429 0.389847 -0.985987 0.0597089 0.155769 0.119006 -0.402595 0.90761 -1.49405 2.03716 -0.817126</i>
