<?xml version="1.0" encoding="ISO-8859-1" ?>
<Animl Version="1">
    <ModellingPackage>
        <![CDATA[Maya.2010]]>
</ModellingPackage>
    <SrcFile>
        <![CDATA[anims\turrets\machinegun\blue\~src\mgun_m2browning\mgun_m2browning_fire_alt_crewman_c.mb]]>
</SrcFile>
    <FramesPerSecond>30</FramesPerSecond>
    <TotalFrames>33</TotalFrames>
    <Skeleton>
        <RefFrame>
            <Name>
                <![CDATA[soldier_ref_frame]]>
</Name>
            <Exclude>0</Exclude>
            <Additive>0</Additive>
            <IKPriority>0</IKPriority>
            <IKRotLimits>-1e+010 -1e+010 -1e+010 1e+010 1e+010 1e+010</IKRotLimits>
            <IKRotLimitOrder>0</IKRotLimitOrder>
            <KeyFrames count="33">
                <i>1 0 0 0 1 0 0 0 1 -1.51 0.91 0.63</i>
                <i>1 0 0 0 1 0 0 0 1 -1.51 0.91 0.63</i>
                <i>1 0 0 0 1 0 0 0 1 -1.51 0.91 0.63</i>
                <i>1 0 0 0 1 0 0 0 1 -1.51 0.91 0.63</i>
                <i>1 0 0 0 1 0 0 0 1 -1.51 0.91 0.63</i>
                <i>1 0 0 0 1 0 0 0 1 -1.51 0.91 0.63</i>
                <i>1 0 0 0 1 0 0 0 1 -1.51 0.91 0.63</i>
                <i>1 0 0 0 1 0 0 0 1 -1.51 0.91 0.63</i>
                <i>1 0 0 0 1 0 0 0 1 -1.51 0.91 0.63</i>
                <i>1 0 0 0 1 0 0 0 1 -1.51 0.91 0.63</i>
                <i>1 0 0 0 1 0 0 0 1 -1.51 0.91 0.63</i>
                <i>1 0 0 0 1 0 0 0 1 -1.51 0.91 0.63</i>
                <i>1 0 0 0 1 0 0 0 1 -1.51 0.91 0.63</i>
                <i>1 0 0 0 1 0 0 0 1 -1.51 0.91 0.63</i>
                <i>1 0 0 0 1 0 0 0 1 -1.51 0.91 0.63</i>
                <i>1 0 0 0 1 0 0 0 1 -1.51 0.91 0.63</i>
                <i>1 0 0 0 1 0 0 0 1 -1.51 0.91 0.63</i>
                <i>1 0 0 0 1 0 0 0 1 -1.51 0.91 0.63</i>
                <i>1 0 0 0 1 0 0 0 1 -1.51 0.91 0.63</i>
                <i>1 0 0 0 1 0 0 0 1 -1.51 0.91 0.63</i>
                <i>1 0 0 0 1 0 0 0 1 -1.51 0.91 0.63</i>
                <i>1 0 0 0 1 0 0 0 1 -1.51 0.91 0.63</i>
                <i>1 0 0 0 1 0 0 0 1 -1.51 0.91 0.63</i>
                <i>1 0 0 0 1 0 0 0 1 -1.51 0.91 0.63</i>
                <i>1 0 0 0 1 0 0 0 1 -1.51 0.91 0.63</i>
                <i>1 0 0 0 1 0 0 0 1 -1.51 0.91 0.63</i>
                <i>1 0 0 0 1 0 0 0 1 -1.51 0.91 0.63</i>
                <i>1 0 0 0 1 0 0 0 1 -1.51 0.91 0.63</i>
                <i>1 0 0 0 1 0 0 0 1 -1.51 0.91 0.63</i>
                <i>1 0 0 0 1 0 0 0 1 -1.51 0.91 0.63</i>
                <i>1 0 0 0 1 0 0 0 1 -1.51 0.91 0.63</i>
                <i>1 0 0 0 1 0 0 0 1 -1.51 0.91 0.63</i>
                <i>1 0 0 0 1 0 0 0 1 -1.51 0.91 0.63</i>
            </KeyFrames>
        </RefFrame>
        <Bones count="23">
            <i>
                <p>
                    <Name>
                        <![CDATA[pelvis]]>
</Name>
                    <Exclude>0</Exclude>
                    <Additive>0</Additive>
                    <IKPriority>0</IKPriority>
                    <IKRotLimits>-1e+010 -1e+010 -1e+010 1e+010 1e+010 1e+010</IKRotLimits>
                    <IKRotLimitOrder>2</IKRotLimitOrder>
                    <KeyFrames count="33">
                        <i>1 0 0 0 1 0 0 0 1 -1.51092 1.59257 0.768463</i>
                        <i>1 0 0 0 1 0 0 0 1 -1.51092 1.59153 0.768463</i>
                        <i>1 0 0 0 1 0 0 0 1 -1.51092 1.59039 0.768463</i>
                        <i>1 0 0 0 1 0 0 0 1 -1.51092 1.58918 0.768463</i>
                        <i>1 0 0 0 1 0 0 0 1 -1.51092 1.58792 0.768463</i>
                        <i>1 0 0 0 1 0 0 0 1 -1.51092 1.58662 0.768463</i>
                        <i>1 0 0 0 1 0 0 0 1 -1.51092 1.58531 0.768463</i>
                        <i>1 0 0 0 1 0 0 0 1 -1.51092 1.58402 0.768463</i>
                        <i>1 0 0 0 1 0 0 0 1 -1.51092 1.58277 0.768463</i>
                        <i>1 0 0 0 1 0 0 0 1 -1.51092 1.58158 0.768463</i>
                        <i>1 0 0 0 1 0 0 0 1 -1.51092 1.58048 0.768463</i>
                        <i>1 0 0 0 1 0 0 0 1 -1.51092 1.57948 0.768463</i>
                        <i>1 0 0 0 1 0 0 0 1 -1.51092 1.57861 0.768463</i>
                        <i>1 0 0 0 1 0 0 0 1 -1.51092 1.57789 0.768463</i>
                        <i>1 0 0 0 1 0 0 0 1 -1.51092 1.57735 0.768463</i>
                        <i>1 0 0 0 1 0 0 0 1 -1.51092 1.57701 0.768463</i>
                        <i>1 0 0 0 1 0 0 0 1 -1.51092 1.5769 0.768463</i>
                        <i>1 0 0 0 1 0 0 0 1 -1.51092 1.57701 0.768463</i>
                        <i>1 0 0 0 1 0 0 0 1 -1.51092 1.57735 0.768463</i>
                        <i>1 0 0 0 1 0 0 0 1 -1.51092 1.57789 0.768463</i>
                        <i>1 0 0 0 1 0 0 0 1 -1.51092 1.57861 0.768463</i>
                        <i>1 0 0 0 1 0 0 0 1 -1.51092 1.57948 0.768463</i>
                        <i>1 0 0 0 1 0 0 0 1 -1.51092 1.58048 0.768463</i>
                        <i>1 0 0 0 1 0 0 0 1 -1.51092 1.58158 0.768463</i>
                        <i>1 0 0 0 1 0 0 0 1 -1.51092 1.58277 0.768463</i>
                        <i>1 0 0 0 1 0 0 0 1 -1.51092 1.58402 0.768463</i>
                        <i>1 0 0 0 1 0 0 0 1 -1.51092 1.58531 0.768463</i>
                        <i>1 0 0 0 1 0 0 0 1 -1.51092 1.58662 0.768463</i>
                        <i>1 0 0 0 1 0 0 0 1 -1.51092 1.58792 0.768463</i>
                        <i>1 0 0 0 1 0 0 0 1 -1.51092 1.58918 0.768463</i>
                        <i>1 0 0 0 1 0 0 0 1 -1.51092 1.59039 0.768463</i>
                        <i>1 0 0 0 1 0 0 0 1 -1.51092 1.59153 0.768463</i>
                        <i>1 0 0 0 1 0 0 0 1 -1.51092 1.59257 0.768463</i>
                    </KeyFrames>
                </p>
            </i>
            <i>
                <p>
                    <Name>
                        <![CDATA[spine0]]>
</Name>
                    <Exclude>0</Exclude>
                    <Additive>0</Additive>
                    <IKPriority>0</IKPriority>
                    <IKRotLimits>-1e+010 -1e+010 -1e+010 1e+010 1e+010 1e+010</IKRotLimits>
                    <IKRotLimitOrder>0</IKRotLimitOrder>
                    <KeyFrames count="33">
                        <i>-0.308792 0.893052 0.327269 -0.940043 -0.338941 0.0379339 0.144802 -0.295933 0.944169 -1.57031 1.71846 0.732141</i>
                        <i>-0.308645 0.893739 0.325528 -0.940194 -0.338518 0.0379703 0.144132 -0.29434 0.94477 -1.57031 1.71743 0.732141</i>
                        <i>-0.308355 0.894551 0.323568 -0.940408 -0.337915 0.0380222 0.143351 -0.292562 0.945441 -1.57031 1.71629 0.732141</i>
                        <i>-0.307989 0.895396 0.321573 -0.940651 -0.337231 0.0380811 0.142542 -0.290759 0.946119 -1.57031 1.71508 0.732141</i>
                        <i>-0.307627 0.896187 0.319709 -0.940884 -0.336575 0.0381376 0.141784 -0.289077 0.946748 -1.57031 1.71381 0.732141</i>
                        <i>-0.307365 0.896838 0.318133 -0.941064 -0.336066 0.0381814 0.141156 -0.287648 0.947277 -1.57031 1.71251 0.732141</i>
                        <i>-0.307306 0.897263 0.316989 -0.941147 -0.335832 0.0382015 0.140732 -0.286593 0.94766 -1.57031 1.71121 0.732141</i>
                        <i>-0.307564 0.897377 0.316416 -0.941084 -0.336009 0.0381863 0.140586 -0.286029 0.947852 -1.57031 1.70992 0.732141</i>
                        <i>-0.30825 0.897092 0.316555 -0.940829 -0.336731 0.0381242 0.140795 -0.286073 0.947808 -1.57031 1.70867 0.732141</i>
                        <i>-0.309291 0.896505 0.317202 -0.940416 -0.337894 0.0380241 0.141269 -0.286541 0.947595 -1.57031 1.70748 0.732141</i>
                        <i>-0.31052 0.895785 0.318036 -0.939922 -0.339278 0.0379048 0.141857 -0.287159 0.947321 -1.57031 1.70637 0.732141</i>
                        <i>-0.311903 0.894948 0.319037 -0.93936 -0.340845 0.0377695 0.142544 -0.28791 0.946989 -1.57031 1.70537 0.732141</i>
                        <i>-0.313405 0.894013 0.320184 -0.938743 -0.342559 0.0376214 0.143316 -0.28878 0.946608 -1.57031 1.70451 0.732141</i>
                        <i>-0.314991 0.892998 0.321458 -0.938083 -0.34438 0.0374638 0.144159 -0.289753 0.946182 -1.57031 1.70379 0.732141</i>
                        <i>-0.316626 0.891922 0.322836 -0.937393 -0.346269 0.0373 0.145057 -0.290814 0.94572 -1.57031 1.70325 0.732141</i>
                        <i>-0.318275 0.890805 0.324296 -0.936689 -0.348187 0.0371334 0.145994 -0.291946 0.945227 -1.57031 1.70291 0.732141</i>
                        <i>-0.319902 0.889668 0.325813 -0.935984 -0.350095 0.0369674 0.146954 -0.29313 0.944711 -1.57031 1.70279 0.732141</i>
                        <i>-0.321475 0.888532 0.327361 -0.935294 -0.351953 0.0368055 0.147919 -0.294347 0.944182 -1.57031 1.70291 0.732141</i>
                        <i>-0.322958 0.88742 0.328912 -0.934632 -0.353723 0.036651 0.148869 -0.295575 0.943649 -1.57031 1.70325 0.732141</i>
                        <i>-0.32432 0.886357 0.330437 -0.934014 -0.355367 0.0365073 0.149785 -0.296792 0.943122 -1.57031 1.70379 0.732141</i>
                        <i>-0.325529 0.885365 0.331902 -0.933454 -0.356847 0.0363777 0.150646 -0.297974 0.942612 -1.57031 1.70451 0.732141</i>
                        <i>-0.326555 0.884471 0.333276 -0.932969 -0.358126 0.0362656 0.151431 -0.299094 0.942131 -1.57031 1.70537 0.732141</i>
                        <i>-0.327369 0.883699 0.334524 -0.932571 -0.359168 0.0361742 0.152117 -0.300125 0.941693 -1.57031 1.70637 0.732141</i>
                        <i>-0.327943 0.883074 0.335609 -0.932277 -0.359938 0.0361066 0.152683 -0.30104 0.941309 -1.57031 1.70748 0.732141</i>
                        <i>-0.32825 0.882622 0.336497 -0.9321 -0.360401 0.036066 0.153106 -0.30181 0.940994 -1.57031 1.70867 0.732141</i>
                        <i>-0.327786 0.882678 0.336803 -0.932263 -0.359976 0.0361033 0.153109 -0.302155 0.940883 -1.57031 1.70992 0.732141</i>
                        <i>-0.326243 0.883443 0.336295 -0.9329 -0.358306 0.0362499 0.152521 -0.301903 0.941059 -1.57031 1.71121 0.732141</i>
                        <i>-0.323883 0.884736 0.335175 -0.933889 -0.355697 0.0364784 0.151495 -0.301202 0.941449 -1.57031 1.71251 0.732141</i>
                        <i>-0.32097 0.886373 0.333648 -0.935107 -0.352455 0.0367617 0.15018 -0.300197 0.941981 -1.57031 1.71381 0.732141</i>
                        <i>-0.317759 0.888179 0.331913 -0.936435 -0.348878 0.0370734 0.148725 -0.299035 0.942581 -1.57031 1.71508 0.732141</i>
                        <i>-0.314501 0.889992 0.330158 -0.937765 -0.345253 0.0373882 0.147263 -0.297852 0.943185 -1.57031 1.71629 0.732141</i>
                        <i>-0.311435 0.891661 0.328556 -0.938998 -0.341853 0.0376824 0.145918 -0.296777 0.943733 -1.57031 1.71743 0.732141</i>
                        <i>-0.308792 0.893052 0.327269 -0.940043 -0.338941 0.0379339 0.144802 -0.295933 0.944169 -1.57031 1.71846 0.732141</i>
                    </KeyFrames>
                </p>
            </i>
            <i>
                <p>
                    <Name>
                        <![CDATA[spine1]]>
</Name>
                    <Exclude>0</Exclude>
                    <Additive>0</Additive>
                    <IKPriority>0</IKPriority>
                    <IKRotLimits>-1e+010 -1e+010 -1e+010 1e+010 1e+010 1e+010</IKRotLimits>
                    <IKRotLimitOrder>0</IKRotLimitOrder>
                    <KeyFrames count="33">
                        <i>-0.085444 0.579854 0.810227 -0.994756 -0.00376997 -0.102206 -0.05621 -0.814711 0.577136 -1.62161 1.86683 0.786547</i>
                        <i>-0.0855023 0.57875 0.81101 -0.994581 -0.00125568 -0.103959 -0.0591481 -0.815504 0.575721 -1.62156 1.86585 0.786236</i>
                        <i>-0.0855379 0.577615 0.811816 -0.994363 0.00174107 -0.106011 -0.0626469 -0.816308 0.57421 -1.6215 1.86479 0.785891</i>
                        <i>-0.0855592 0.576402 0.812675 -0.994119 0.00495681 -0.108177 -0.066382 -0.817151 0.572588 -1.62141 1.86366 0.785539</i>
                        <i>-0.0855778 0.575064 0.81362 -0.993868 0.00812173 -0.110277 -0.0700242 -0.818068 0.570842 -1.62133 1.86246 0.785205</i>
                        <i>-0.0856084 0.573552 0.814684 -0.993633 0.0109596 -0.112128 -0.0732401 -0.819096 0.568962 -1.62126 1.86118 0.784913</i>
                        <i>-0.0856685 0.571815 0.815897 -0.993444 0.0131884 -0.113554 -0.0756921 -0.820276 0.566937 -1.62121 1.85983 0.784683</i>
                        <i>-0.0857769 0.569805 0.817291 -0.993331 0.0145201 -0.114376 -0.0770392 -0.821652 0.564759 -1.6212 1.85841 0.784536</i>
                        <i>-0.0859519 0.56747 0.818896 -0.993324 0.0146621 -0.11442 -0.0769369 -0.823264 0.562421 -1.62125 1.85692 0.784494</i>
                        <i>-0.0861862 0.564908 0.820641 -0.9934 0.0138442 -0.11386 -0.0756814 -0.825038 0.559986 -1.62134 1.85541 0.784525</i>
                        <i>-0.086456 0.562268 0.822423 -0.993515 0.0125347 -0.113011 -0.0738515 -0.82686 0.557538 -1.62147 1.85396 0.784583</i>
                        <i>-0.0867529 0.55958 0.824224 -0.993659 0.0107954 -0.111916 -0.0715236 -0.828706 0.555095 -1.62161 1.85259 0.784667</i>
                        <i>-0.0870684 0.556873 0.826021 -0.993825 0.00868883 -0.110614 -0.068775 -0.830552 0.552678 -1.62178 1.85134 0.784773</i>
                        <i>-0.0873942 0.554179 0.827797 -0.994006 0.00627924 -0.109145 -0.065684 -0.832374 0.550308 -1.62196 1.85022 0.7849</i>
                        <i>-0.0877223 0.551528 0.829531 -0.994193 0.00363239 -0.10755 -0.0623302 -0.834148 0.548007 -1.62214 1.84927 0.785043</i>
                        <i>-0.0880449 0.548952 0.831204 -0.99438 0.000815643 -0.105868 -0.0587944 -0.835853 0.545795 -1.62233 1.84852 0.785201</i>
                        <i>-0.0883552 0.546484 0.832796 -0.994561 -0.0021019 -0.104138 -0.0551594 -0.837467 0.543697 -1.62252 1.848 0.785371</i>
                        <i>-0.0886464 0.544154 0.834289 -0.99473 -0.00504941 -0.1024 -0.051509 -0.83897 0.541734 -1.6227 1.84772 0.785549</i>
                        <i>-0.0889125 0.541996 0.835664 -0.994886 -0.00795428 -0.100694 -0.0479288 -0.840343 0.539932 -1.62287 1.84769 0.785732</i>
                        <i>-0.0891482 0.540043 0.836903 -0.995023 -0.0107426 -0.0990594 -0.0445058 -0.841569 0.538313 -1.62303 1.84788 0.785915</i>
                        <i>-0.0893484 0.538326 0.837987 -0.995143 -0.0133391 -0.0975357 -0.041328 -0.842631 0.536903 -1.62317 1.84828 0.786096</i>
                        <i>-0.0895086 0.536879 0.838898 -0.995242 -0.0156677 -0.0961632 -0.0384843 -0.843514 0.535727 -1.62328 1.84887 0.786269</i>
                        <i>-0.0896243 0.535733 0.839618 -0.995322 -0.0176518 -0.0949819 -0.0360641 -0.844203 0.534809 -1.62337 1.84963 0.78643</i>
                        <i>-0.0896916 0.534919 0.840129 -0.995384 -0.0192148 -0.0940322 -0.0341567 -0.844685 0.534173 -1.62344 1.85055 0.786575</i>
                        <i>-0.0897064 0.53447 0.840414 -0.995426 -0.0202807 -0.0933548 -0.0328511 -0.844944 0.533844 -1.62347 1.85161 0.786699</i>
                        <i>-0.0895804 0.53567 0.839662 -0.995439 -0.0203824 -0.0931965 -0.0328082 -0.844181 0.535053 -1.62342 1.85295 0.786777</i>
                        <i>-0.0892562 0.539377 0.837321 -0.995415 -0.01929 -0.0936826 -0.0343783 -0.841843 0.538626 -1.62327 1.85464 0.786798</i>
                        <i>-0.0887726 0.54496 0.833749 -0.995358 -0.0172954 -0.0946749 -0.037174 -0.838283 0.543966 -1.62305 1.85658 0.786776</i>
                        <i>-0.0881678 0.55179 0.829309 -0.995269 -0.014694 -0.096035 -0.0408053 -0.833853 0.550476 -1.62277 1.85869 0.786728</i>
                        <i>-0.0874834 0.559257 0.824366 -0.995154 -0.011774 -0.0976203 -0.0448887 -0.828911 0.557576 -1.62246 1.86086 0.786669</i>
                        <i>-0.0867661 0.566779 0.819288 -0.99502 -0.00881003 -0.0992822 -0.0490531 -0.823823 0.564721 -1.62215 1.86301 0.786611</i>
                        <i>-0.0860675 0.573815 0.81445 -0.994882 -0.00606066 -0.100865 -0.0529416 -0.818963 0.5714 -1.62186 1.86503 0.786567</i>
                        <i>-0.085444 0.579854 0.810227 -0.994756 -0.00376997 -0.102206 -0.05621 -0.814711 0.577136 -1.62161 1.86683 0.786547</i>
                    </KeyFrames>
                </p>
            </i>
            <i>
                <p>
                    <Name>
                        <![CDATA[spine2]]>
</Name>
                    <Exclude>0</Exclude>
                    <Additive>0</Additive>
                    <IKPriority>0</IKPriority>
                    <IKRotLimits>-1e+010 -1e+010 -1e+010 1e+010 1e+010 1e+010</IKRotLimits>
                    <IKRotLimitOrder>0</IKRotLimitOrder>
                    <KeyFrames count="33">
                        <i>-0.112998 0.400121 0.909469 -0.973031 0.140702 -0.182797 -0.201105 -0.905597 0.373431 -1.63489 1.95513 0.910169</i>
                        <i>-0.113479 0.394649 0.911798 -0.972071 0.145652 -0.184022 -0.205429 -0.907214 0.367098 -1.63486 1.95395 0.909927</i>
                        <i>-0.114193 0.388502 0.914345 -0.9709 0.151378 -0.185576 -0.210508 -0.908928 0.35991 -1.63479 1.95268 0.909657</i>
                        <i>-0.115058 0.382058 0.916948 -0.969617 0.157413 -0.187255 -0.215882 -0.910633 0.352338 -1.63471 1.95133 0.909384</i>
                        <i>-0.115969 0.37569 0.919461 -0.968333 0.163294 -0.188855 -0.221093 -0.912246 0.344856 -1.63463 1.94987 0.909133</i>
                        <i>-0.116801 0.369769 0.921753 -0.967172 0.168559 -0.190175 -0.22569 -0.913706 0.337942 -1.63455 1.94831 0.908925</i>
                        <i>-0.117405 0.364663 0.923708 -0.966267 0.17275 -0.191013 -0.229226 -0.914975 0.332079 -1.6345 1.94663 0.90878</i>
                        <i>-0.117625 0.360739 0.92522 -0.965756 0.175411 -0.19117 -0.231257 -0.916023 0.327753 -1.6345 1.94481 0.908718</i>
                        <i>-0.117302 0.358369 0.926181 -0.965776 0.176083 -0.190449 -0.231336 -0.916824 0.325449 -1.63456 1.94286 0.908756</i>
                        <i>-0.116503 0.357152 0.926752 -0.966221 0.175214 -0.188989 -0.229878 -0.917465 0.324675 -1.63467 1.94084 0.908865</i>
                        <i>-0.115421 0.356411 0.927173 -0.966875 0.173623 -0.187105 -0.227665 -0.918056 0.324565 -1.63481 1.93885 0.908999</i>
                        <i>-0.114103 0.356109 0.927452 -0.967702 0.1714 -0.184866 -0.224797 -0.918591 0.32505 -1.63498 1.93694 0.909155</i>
                        <i>-0.112599 0.356208 0.927598 -0.968666 0.168634 -0.182341 -0.221376 -0.919064 0.326058 -1.63517 1.93514 0.90933</i>
                        <i>-0.110958 0.35667 0.927618 -0.969733 0.165417 -0.179599 -0.217502 -0.919469 0.327521 -1.63537 1.93349 0.909521</i>
                        <i>-0.109231 0.357457 0.92752 -0.970867 0.161841 -0.176708 -0.213276 -0.9198 0.329365 -1.63559 1.93201 0.909725</i>
                        <i>-0.107466 0.358528 0.927313 -0.972036 0.157997 -0.173735 -0.208802 -0.920051 0.331523 -1.6358 1.93075 0.909938</i>
                        <i>-0.105709 0.35984 0.927006 -0.973208 0.15398 -0.170749 -0.204183 -0.92022 0.333922 -1.63601 1.92973 0.910156</i>
                        <i>-0.104008 0.36135 0.926611 -0.974357 0.149886 -0.167818 -0.199528 -0.920304 0.336495 -1.63622 1.92899 0.910377</i>
                        <i>-0.102404 0.363013 0.92614 -0.975454 0.145812 -0.16501 -0.194943 -0.920304 0.339171 -1.63641 1.92853 0.910597</i>
                        <i>-0.10094 0.364781 0.925606 -0.976476 0.141856 -0.162393 -0.190541 -0.920224 0.341881 -1.63658 1.92833 0.910811</i>
                        <i>-0.0996536 0.366607 0.925024 -0.977401 0.138118 -0.160035 -0.186433 -0.920067 0.344557 -1.63673 1.92838 0.911015</i>
                        <i>-0.0985819 0.36844 0.92441 -0.978208 0.1347 -0.158006 -0.182733 -0.919841 0.347132 -1.63686 1.92868 0.911204</i>
                        <i>-0.0977594 0.37023 0.923782 -0.978878 0.131702 -0.156373 -0.179558 -0.919557 0.349535 -1.63696 1.92921 0.911375</i>
                        <i>-0.0972191 0.371927 0.923157 -0.979393 0.129227 -0.155205 -0.177022 -0.919223 0.3517 -1.63702 1.92997 0.911523</i>
                        <i>-0.0969931 0.37348 0.922553 -0.979736 0.127378 -0.154572 -0.175243 -0.918851 0.353557 -1.63704 1.93094 0.911642</i>
                        <i>-0.0974334 0.375382 0.921735 -0.979745 0.126621 -0.155133 -0.174945 -0.91818 0.355442 -1.63699 1.93249 0.911677</i>
                        <i>-0.0987301 0.37804 0.92051 -0.979336 0.127158 -0.157262 -0.176501 -0.917015 0.357674 -1.63682 1.93489 0.911592</i>
                        <i>-0.100673 0.381278 0.918962 -0.978595 0.128688 -0.160599 -0.179493 -0.915459 0.360162 -1.63656 1.93791 0.911418</i>
                        <i>-0.103055 0.384927 0.917176 -0.977604 0.130909 -0.164785 -0.183496 -0.913616 0.362815 -1.63624 1.94135 0.911181</i>
                        <i>-0.105673 0.388812 0.915237 -0.976451 0.133516 -0.169461 -0.188087 -0.911591 0.365547 -1.63589 1.945 0.91091</i>
                        <i>-0.10833 0.39276 0.913238 -0.975232 0.136212 -0.174265 -0.192839 -0.909497 0.368277 -1.63553 1.94865 0.910634</i>
                        <i>-0.110833 0.396591 0.91128 -0.974053 0.138704 -0.178832 -0.197321 -0.907456 0.370928 -1.63519 1.95209 0.910378</i>
                        <i>-0.112998 0.400121 0.909469 -0.973031 0.140702 -0.182797 -0.201105 -0.905597 0.373431 -1.63489 1.95513 0.910169</i>
                    </KeyFrames>
                </p>
            </i>
            <i>
                <p>
                    <Name>
                        <![CDATA[head]]>
</Name>
                    <Exclude>0</Exclude>
                    <Additive>0</Additive>
                    <IKPriority>0</IKPriority>
                    <IKRotLimits>-1e+010 -1e+010 -1e+010 1e+010 1e+010 1e+010</IKRotLimits>
                    <IKRotLimitOrder>0</IKRotLimitOrder>
                    <KeyFrames count="33">
                        <i>-0.293519 0.644623 0.705909 0.0675687 0.750578 -0.657318 -0.953562 -0.145238 -0.263865 -1.69396 1.99816 1.17804</i>
                        <i>-0.292995 0.639323 0.710929 0.0718092 0.756175 -0.650417 -0.953414 -0.139518 -0.267465 -1.69437 1.99505 1.17786</i>
                        <i>-0.292604 0.633291 0.716467 0.0768525 0.76241 -0.642514 -0.95314 -0.13294 -0.271754 -1.69489 1.99162 1.17762</i>
                        <i>-0.292343 0.626941 0.722136 0.082236 0.768809 -0.634169 -0.952771 -0.12601 -0.276313 -1.69546 1.98801 1.17735</i>
                        <i>-0.292177 0.620695 0.727578 0.0874907 0.774933 -0.625959 -0.952354 -0.119235 -0.280723 -1.69603 1.98435 1.17707</i>
                        <i>-0.292038 0.614984 0.732467 0.0921436 0.780382 -0.618476 -0.951957 -0.113127 -0.284568 -1.69654 1.98077 1.1768</i>
                        <i>-0.291831 0.610245 0.736502 0.0957188 0.784789 -0.612327 -0.951668 -0.108199 -0.287438 -1.69692 1.97738 1.17658</i>
                        <i>-0.291444 0.606917 0.7394 0.0977389 0.787803 -0.608122 -0.951581 -0.104966 -0.28892 -1.6971 1.97431 1.17646</i>
                        <i>-0.290769 0.605439 0.740876 0.0977243 0.789075 -0.606474 -0.95179 -0.103942 -0.288605 -1.69701 1.97168 1.17645</i>
                        <i>-0.289798 0.605324 0.74135 0.0960848 0.789077 -0.606733 -0.952252 -0.104598 -0.286835 -1.69671 1.96942 1.17654</i>
                        <i>-0.288616 0.605751 0.741462 0.0936254 0.788562 -0.607786 -0.952856 -0.105997 -0.284306 -1.6963 1.96737 1.17668</i>
                        <i>-0.287268 0.606664 0.741239 0.0904584 0.787581 -0.609535 -0.953569 -0.108049 -0.281125 -1.69578 1.96555 1.17686</i>
                        <i>-0.2858 0.608005 0.740707 0.0866965 0.786183 -0.611882 -0.954359 -0.110659 -0.277403 -1.69518 1.96399 1.17708</i>
                        <i>-0.28426 0.609716 0.739893 0.082453 0.784417 -0.614729 -0.955195 -0.113736 -0.273251 -1.69452 1.96269 1.17731</i>
                        <i>-0.282693 0.611738 0.738824 0.0778421 0.782332 -0.617978 -0.956047 -0.117187 -0.268779 -1.69381 1.96169 1.17757</i>
                        <i>-0.281144 0.614012 0.737528 0.0729794 0.77998 -0.621535 -0.956887 -0.120917 -0.264097 -1.69308 1.96099 1.17783</i>
                        <i>-0.279655 0.616478 0.736035 0.067982 0.777414 -0.625305 -0.957691 -0.124833 -0.259317 -1.69234 1.96062 1.17809</i>
                        <i>-0.278266 0.619074 0.734381 0.0629678 0.774691 -0.629196 -0.958438 -0.128842 -0.254552 -1.69161 1.96058 1.17834</i>
                        <i>-0.277011 0.621741 0.7326 0.0580565 0.771874 -0.63312 -0.959111 -0.132849 -0.249913 -1.69091 1.96086 1.17859</i>
                        <i>-0.275922 0.624418 0.730732 0.0533683 0.769025 -0.636988 -0.959697 -0.136761 -0.245515 -1.69025 1.96143 1.17881</i>
                        <i>-0.275028 0.627042 0.728819 0.0490245 0.766213 -0.640714 -0.960186 -0.140484 -0.24147 -1.68966 1.96226 1.17901</i>
                        <i>-0.274353 0.629554 0.726906 0.0451468 0.76351 -0.644216 -0.960569 -0.143925 -0.237893 -1.68914 1.96331 1.17919</i>
                        <i>-0.273918 0.631892 0.725039 0.041857 0.760991 -0.647411 -0.960842 -0.14699 -0.234898 -1.68872 1.96456 1.17934</i>
                        <i>-0.273744 0.633995 0.723267 0.0392769 0.758732 -0.650217 -0.961 -0.149585 -0.232599 -1.68841 1.96597 1.17945</i>
                        <i>-0.273847 0.635804 0.721637 0.0375278 0.756812 -0.652554 -0.961041 -0.151619 -0.231111 -1.68822 1.96753 1.17952</i>
                        <i>-0.274628 0.637322 0.72 0.0374152 0.755307 -0.654303 -0.960822 -0.152751 -0.231274 -1.6883 1.96969 1.17952</i>
                        <i>-0.276322 0.638621 0.718199 0.039352 0.754186 -0.655481 -0.960259 -0.152861 -0.233529 -1.68873 1.97278 1.17942</i>
                        <i>-0.278706 0.639752 0.716268 0.042867 0.753364 -0.656205 -0.959419 -0.152184 -0.237391 -1.68941 1.97659 1.17926</i>
                        <i>-0.281565 0.640765 0.714242 0.0474869 0.75275 -0.656591 -0.958366 -0.150956 -0.242376 -1.69027 1.98087 1.17904</i>
                        <i>-0.284685 0.641709 0.712155 0.0527384 0.752254 -0.656759 -0.957169 -0.149412 -0.247998 -1.69123 1.9854 1.17879</i>
                        <i>-0.287856 0.642635 0.710042 0.058149 0.751784 -0.65684 -0.955907 -0.147787 -0.253774 -1.69222 1.98995 1.17852</i>
                        <i>-0.290869 0.64359 0.707946 0.0632485 0.751254 -0.656975 -0.95467 -0.146317 -0.259223 -1.69315 1.99428 1.17826</i>
                        <i>-0.293519 0.644623 0.705909 0.0675687 0.750578 -0.657318 -0.953562 -0.145238 -0.263865 -1.69396 1.99816 1.17804</i>
                    </KeyFrames>
                </p>
            </i>
            <i>
                <p>
                    <Name>
                        <![CDATA[head_prop]]>
</Name>
                    <Exclude>0</Exclude>
                    <Additive>0</Additive>
                    <IKPriority>0</IKPriority>
                    <IKRotLimits>-1e+010 -1e+010 -1e+010 1e+010 1e+010 1e+010</IKRotLimits>
                    <IKRotLimitOrder>0</IKRotLimitOrder>
                    <KeyFrames count="33">
                        <i>0.953562 0.145238 0.263865 -0.293519 0.644623 0.705909 -0.0675687 -0.750578 0.657318 -1.78962 2.20825 1.4081</i>
                        <i>0.953414 0.139518 0.267465 -0.292995 0.639323 0.710929 -0.0718092 -0.756175 0.650417 -1.78986 2.20341 1.40955</i>
                        <i>0.95314 0.13294 0.271754 -0.292604 0.633291 0.716467 -0.0768525 -0.76241 0.642514 -1.79025 2.19802 1.41112</i>
                        <i>0.952771 0.12601 0.276313 -0.292343 0.626941 0.722136 -0.082236 -0.768809 0.634169 -1.79074 2.19234 1.4127</i>
                        <i>0.952354 0.119235 0.280723 -0.292177 0.620695 0.727578 -0.0874907 -0.774933 0.625959 -1.79126 2.18664 1.41419</i>
                        <i>0.951957 0.113127 0.284568 -0.292038 0.614984 0.732467 -0.0921436 -0.780382 0.618476 -1.79172 2.1812 1.41552</i>
                        <i>0.951668 0.108199 0.287438 -0.291831 0.610245 0.736502 -0.0957188 -0.784789 0.612327 -1.79203 2.17626 1.41662</i>
                        <i>0.951581 0.104966 0.28892 -0.291444 0.606917 0.7394 -0.0977389 -0.787803 0.608122 -1.79208 2.17211 1.41743</i>
                        <i>0.95179 0.103942 0.288605 -0.290769 0.605439 0.740876 -0.0977243 -0.789075 0.606474 -1.79178 2.169 1.41791</i>
                        <i>0.952252 0.104598 0.286835 -0.289798 0.605324 0.74135 -0.0960848 -0.789077 0.606733 -1.79116 2.1667 1.41815</i>
                        <i>0.952856 0.105997 0.284306 -0.288616 0.605751 0.741462 -0.0936254 -0.788562 0.607786 -1.79036 2.16479 1.41833</i>
                        <i>0.953569 0.108049 0.281125 -0.287268 0.606664 0.741239 -0.0904584 -0.787581 0.609535 -1.7894 2.16327 1.41844</i>
                        <i>0.954359 0.110659 0.277403 -0.2858 0.608005 0.740707 -0.0866965 -0.786183 0.611882 -1.78833 2.16214 1.41848</i>
                        <i>0.955195 0.113736 0.273251 -0.28426 0.609716 0.739893 -0.082453 -0.784417 0.614729 -1.78716 2.1614 1.41845</i>
                        <i>0.956047 0.117187 0.268779 -0.282693 0.611738 0.738824 -0.0778421 -0.782332 0.617978 -1.78595 2.16106 1.41836</i>
                        <i>0.956887 0.120917 0.264097 -0.281144 0.614012 0.737528 -0.0729794 -0.77998 0.621535 -1.78471 2.1611 1.41819</i>
                        <i>0.957691 0.124833 0.259317 -0.279655 0.616478 0.736035 -0.067982 -0.777414 0.625305 -1.78349 2.16153 1.41797</i>
                        <i>0.958438 0.128842 0.254552 -0.278266 0.619074 0.734381 -0.0629678 -0.774691 0.629196 -1.7823 2.16234 1.41768</i>
                        <i>0.959111 0.132849 0.249913 -0.277011 0.621741 0.7326 -0.0580565 -0.771874 0.63312 -1.78119 2.1635 1.41735</i>
                        <i>0.959697 0.136761 0.245515 -0.275922 0.624418 0.730732 -0.0533683 -0.769025 0.636988 -1.78018 2.16494 1.41696</i>
                        <i>0.960186 0.140484 0.24147 -0.275028 0.627042 0.728819 -0.0490245 -0.766213 0.640714 -1.77929 2.16662 1.41654</i>
                        <i>0.960569 0.143925 0.237893 -0.274353 0.629554 0.726906 -0.0451468 -0.76351 0.644216 -1.77856 2.16849 1.4161</i>
                        <i>0.960842 0.14699 0.234898 -0.273918 0.631892 0.725039 -0.041857 -0.760991 0.647411 -1.77799 2.1705 1.41563</i>
                        <i>0.961 0.149585 0.232599 -0.273744 0.633995 0.723267 -0.0392769 -0.758732 0.650217 -1.77762 2.1726 1.41516</i>
                        <i>0.961041 0.151619 0.231111 -0.273847 0.635804 0.721637 -0.0375278 -0.756812 0.652554 -1.77747 2.17474 1.41471</i>
                        <i>0.960822 0.152751 0.231274 -0.274628 0.637322 0.72 -0.0374152 -0.755307 0.654303 -1.77781 2.17739 1.41417</i>
                        <i>0.960259 0.152861 0.233529 -0.276322 0.638621 0.718199 -0.039352 -0.754186 0.655481 -1.77878 2.18092 1.41349</i>
                        <i>0.959419 0.152184 0.237391 -0.278706 0.639752 0.716268 -0.042867 -0.753364 0.656205 -1.78024 2.18509 1.4127</i>
                        <i>0.958366 0.150956 0.242376 -0.281565 0.640765 0.714242 -0.0474869 -0.75275 0.656591 -1.78203 2.1897 1.41182</i>
                        <i>0.957169 0.149412 0.247998 -0.284685 0.641709 0.712155 -0.0527384 -0.752254 0.656759 -1.78401 2.19454 1.41088</i>
                        <i>0.955907 0.147787 0.253774 -0.287856 0.642635 0.710042 -0.058149 -0.751784 0.65684 -1.78603 2.19939 1.40993</i>
                        <i>0.95467 0.146317 0.259223 -0.290869 0.64359 0.707946 -0.0632485 -0.751254 0.656975 -1.78795 2.20403 1.40899</i>
                        <i>0.953562 0.145238 0.263865 -0.293519 0.644623 0.705909 -0.0675687 -0.750578 0.657318 -1.78962 2.20825 1.4081</i>
                    </KeyFrames>
                </p>
            </i>
            <i>
                <p>
                    <Name>
                        <![CDATA[l_clav]]>
</Name>
                    <Exclude>0</Exclude>
                    <Additive>0</Additive>
                    <IKPriority>0</IKPriority>
                    <IKRotLimits>-1e+010 -1e+010 -1e+010 1e+010 1e+010 1e+010</IKRotLimits>
                    <IKRotLimitOrder>0</IKRotLimitOrder>
                    <KeyFrames count="33">
                        <i>0.547432 0.482856 0.683498 -0.822601 0.460565 0.333478 -0.153774 -0.744802 0.649325 -1.55865 1.93548 0.996713</i>
                        <i>0.547437 0.474802 0.689112 -0.821801 0.460462 0.335585 -0.157974 -0.750025 0.642267 -1.55884 1.93351 0.996305</i>
                        <i>0.547222 0.465591 0.695538 -0.820969 0.460378 0.33773 -0.162966 -0.755828 0.634165 -1.55905 1.93137 0.995867</i>
                        <i>0.546833 0.455899 0.702232 -0.820153 0.460281 0.339838 -0.168292 -0.761773 0.625604 -1.55927 1.9291 0.995423</i>
                        <i>0.546354 0.446406 0.708674 -0.819389 0.460148 0.341855 -0.173489 -0.767454 0.617184 -1.55948 1.92675 0.994993</i>
                        <i>0.545904 0.4378 0.714367 -0.818702 0.459961 0.343748 -0.178088 -0.772507 0.609523 -1.55966 1.92436 0.994595</i>
                        <i>0.545633 0.430774 0.718831 -0.818106 0.459708 0.3455 -0.18162 -0.776597 0.603251 -1.55981 1.92196 0.994246</i>
                        <i>0.54571 0.426019 0.721601 -0.817609 0.459382 0.347107 -0.183617 -0.779408 0.599006 -1.55992 1.91959 0.993963</i>
                        <i>0.546299 0.424229 0.72221 -0.817219 0.458973 0.348564 -0.183604 -0.780624 0.597425 -1.55996 1.91731 0.993761</i>
                        <i>0.547353 0.424662 0.721156 -0.816875 0.458471 0.350027 -0.181986 -0.780683 0.597842 -1.55996 1.91511 0.993606</i>
                        <i>0.548691 0.42604 0.719325 -0.816515 0.457885 0.351631 -0.179559 -0.780277 0.599105 -1.55995 1.91303 0.993456</i>
                        <i>0.550253 0.428252 0.716814 -0.816146 0.45723 0.353337 -0.176432 -0.779449 0.601108 -1.55992 1.91109 0.993312</i>
                        <i>0.55198 0.431187 0.71372 -0.815774 0.456525 0.355102 -0.172716 -0.778243 0.603744 -1.55987 1.90932 0.993177</i>
                        <i>0.553813 0.434735 0.710139 -0.815409 0.455787 0.356884 -0.168522 -0.776701 0.606907 -1.55982 1.90775 0.993052</i>
                        <i>0.555692 0.438784 0.706169 -0.81506 0.455032 0.358642 -0.163963 -0.774864 0.610493 -1.55975 1.9064 0.992941</i>
                        <i>0.557564 0.443222 0.701909 -0.814735 0.454276 0.360334 -0.159152 -0.772779 0.614397 -1.55968 1.90531 0.992845</i>
                        <i>0.559377 0.447937 0.69746 -0.814443 0.453536 0.361921 -0.154206 -0.770492 0.618517 -1.5596 1.9045 0.992765</i>
                        <i>0.561084 0.452813 0.692925 -0.814194 0.452829 0.363364 -0.149241 -0.768054 0.622753 -1.55951 1.90399 0.992705</i>
                        <i>0.562643 0.457737 0.68841 -0.813995 0.45217 0.364628 -0.144375 -0.765518 0.627007 -1.55942 1.90378 0.992666</i>
                        <i>0.564019 0.462596 0.684023 -0.813854 0.451576 0.365678 -0.139728 -0.762944 0.631183 -1.55933 1.90384 0.992648</i>
                        <i>0.565179 0.467274 0.679873 -0.813778 0.451064 0.36648 -0.13542 -0.760392 0.635189 -1.55923 1.90416 0.992655</i>
                        <i>0.566096 0.471656 0.676074 -0.813771 0.450649 0.367003 -0.131573 -0.757928 0.638931 -1.55915 1.90472 0.992686</i>
                        <i>0.566746 0.475629 0.672738 -0.81384 0.45035 0.367217 -0.128308 -0.75562 0.642321 -1.55906 1.90549 0.992744</i>
                        <i>0.567108 0.479079 0.66998 -0.813988 0.450184 0.367094 -0.125747 -0.753537 0.645267 -1.55899 1.90648 0.99283</i>
                        <i>0.56716 0.481891 0.667915 -0.814218 0.450167 0.366604 -0.12401 -0.751752 0.647681 -1.55892 1.90764 0.992943</i>
                        <i>0.566503 0.483801 0.667091 -0.814693 0.450522 0.365111 -0.123898 -0.750311 0.649371 -1.55886 1.90944 0.993152</i>
                        <i>0.564899 0.484765 0.667752 -0.815511 0.451379 0.362214 -0.12582 -0.749173 0.650314 -1.55881 1.91219 0.993501</i>
                        <i>0.562565 0.484999 0.669549 -0.816578 0.452621 0.358237 -0.129308 -0.748271 0.650669 -1.55877 1.91564 0.993957</i>
                        <i>0.559712 0.484722 0.672137 -0.8178 0.454135 0.353505 -0.133889 -0.747534 0.65059 -1.55874 1.91958 0.994488</i>
                        <i>0.55655 0.484151 0.675166 -0.819088 0.455802 0.348338 -0.139094 -0.746888 0.650239 -1.55871 1.92376 0.995061</i>
                        <i>0.553298 0.483505 0.678295 -0.820363 0.457508 0.343062 -0.144453 -0.746263 0.649788 -1.55869 1.92796 0.995645</i>
                        <i>0.550181 0.483001 0.681184 -0.821554 0.459135 0.338 -0.1495 -0.74559 0.649419 -1.55867 1.93194 0.996206</i>
                        <i>0.547432 0.482856 0.683498 -0.822601 0.460565 0.333478 -0.153774 -0.744802 0.649325 -1.55865 1.93548 0.996713</i>
                    </KeyFrames>
                </p>
            </i>
            <i>
                <p>
                    <Name>
                        <![CDATA[l_shoulder]]>
</Name>
                    <Exclude>0</Exclude>
                    <Additive>0</Additive>
                    <IKPriority>0</IKPriority>
                    <IKRotLimits>-1e+010 -1e+010 -1e+010 1e+010 1e+010 1e+010</IKRotLimits>
                    <IKRotLimitOrder>0</IKRotLimitOrder>
                    <KeyFrames count="33">
                        <i>0.649374 -0.576769 0.495632 0.632523 0.77146 0.0690228 -0.42217 0.268677 0.865786 -1.47281 2.0112 1.1039</i>
                        <i>0.646133 -0.583455 0.49203 0.635047 0.768581 0.0774496 -0.423353 0.262419 0.867127 -1.47299 2.00797 1.10437</i>
                        <i>0.642263 -0.591012 0.488061 0.637894 0.765177 0.0871468 -0.424958 0.25536 0.868448 -1.47324 2.00439 1.10494</i>
                        <i>0.638113 -0.598853 0.483929 0.640821 0.761494 0.0973432 -0.426803 0.247995 0.869677 -1.47352 2.0006 1.10555</i>
                        <i>0.634044 -0.606417 0.479841 0.643603 0.757805 0.107271 -0.428677 0.240813 0.870773 -1.4738 1.99676 1.10613</i>
                        <i>0.630424 -0.613168 0.476015 0.646045 0.754408 0.116166 -0.430339 0.234293 0.871731 -1.47405 1.99301 1.10662</i>
                        <i>0.627632 -0.618594 0.472673 0.647968 0.751626 0.123269 -0.431527 0.22891 0.872573 -1.47425 1.98951 1.10697</i>
                        <i>0.626048 -0.622195 0.47004 0.649208 0.749793 0.127824 -0.431964 0.22513 0.87334 -1.47434 1.9864 1.10713</i>
                        <i>0.626053 -0.623472 0.468338 0.649596 0.749243 0.129075 -0.431373 0.223422 0.874071 -1.47429 1.98383 1.10702</i>
                        <i>0.627327 -0.623012 0.467243 0.64934 0.749683 0.127799 -0.429905 0.223228 0.874843 -1.47413 1.98171 1.1067</i>
                        <i>0.629236 -0.621803 0.466287 0.648791 0.750567 0.125377 -0.427939 0.223631 0.875704 -1.4739 1.97985 1.10626</i>
                        <i>0.631688 -0.619929 0.465466 0.647974 0.751835 0.121955 -0.425557 0.224572 0.876624 -1.47363 1.97825 1.10572</i>
                        <i>0.634592 -0.617475 0.464777 0.646915 0.753427 0.117682 -0.422841 0.225991 0.877573 -1.47331 1.97694 1.1051</i>
                        <i>0.637855 -0.614526 0.464218 0.645637 0.755282 0.112702 -0.419874 0.227829 0.878521 -1.47297 1.97593 1.10442</i>
                        <i>0.641385 -0.611167 0.463789 0.644168 0.75734 0.107164 -0.416741 0.230025 0.879441 -1.47261 1.97521 1.10368</i>
                        <i>0.645091 -0.607484 0.463487 0.64254 0.759539 0.101213 -0.413522 0.232517 0.880304 -1.47224 1.97482 1.10292</i>
                        <i>0.648883 -0.603565 0.463315 0.640785 0.76182 0.0949967 -0.410299 0.235244 0.881087 -1.47187 1.97475 1.10214</i>
                        <i>0.65267 -0.5995 0.463274 0.638944 0.764127 0.0886621 -0.407153 0.238139 0.881769 -1.47152 1.975 1.10137</i>
                        <i>0.656362 -0.595382 0.463366 0.637059 0.766403 0.0823571 -0.404159 0.241135 0.882332 -1.47118 1.97556 1.10062</i>
                        <i>0.659873 -0.591308 0.463598 0.635179 0.768595 0.0762288 -0.401393 0.244166 0.882761 -1.47088 1.97638 1.09992</i>
