<?xml version="1.0" encoding="ISO-8859-1" ?>
<Animl Version="1">
    <ModellingPackage>
        <![CDATA[Maya.2010]]>
</ModellingPackage>
    <SrcFile>
        <![CDATA[anims\turrets\machinegun\blue\~src\mgun_m2browning\mgun_m2browning_reload_crewman_b.mb]]>
</SrcFile>
    <FramesPerSecond>30</FramesPerSecond>
    <TotalFrames>117</TotalFrames>
    <Skeleton>
        <RefFrame>
            <Name>
                <![CDATA[soldier_ref_frame]]>
</Name>
            <Exclude>0</Exclude>
            <Additive>0</Additive>
            <IKPriority>0</IKPriority>
            <IKRotLimits>-1e+010 -1e+010 -1e+010 1e+010 1e+010 1e+010</IKRotLimits>
            <IKRotLimitOrder>0</IKRotLimitOrder>
            <KeyFrames count="117">
                <i>1 0 0 0 1 0 0 0 1 1.36 0.92 -0.71</i>
                <i>1 0 0 0 1 0 0 0 1 1.36 0.92 -0.71</i>
                <i>1 0 0 0 1 0 0 0 1 1.36 0.92 -0.71</i>
                <i>1 0 0 0 1 0 0 0 1 1.36 0.92 -0.71</i>
                <i>1 0 0 0 1 0 0 0 1 1.36 0.92 -0.71</i>
                <i>1 0 0 0 1 0 0 0 1 1.36 0.92 -0.71</i>
                <i>1 0 0 0 1 0 0 0 1 1.36 0.92 -0.71</i>
                <i>1 0 0 0 1 0 0 0 1 1.36 0.92 -0.71</i>
                <i>1 0 0 0 1 0 0 0 1 1.36 0.92 -0.71</i>
                <i>1 0 0 0 1 0 0 0 1 1.36 0.92 -0.71</i>
                <i>1 0 0 0 1 0 0 0 1 1.36 0.92 -0.71</i>
                <i>1 0 0 0 1 0 0 0 1 1.36 0.92 -0.71</i>
                <i>1 0 0 0 1 0 0 0 1 1.36 0.92 -0.71</i>
                <i>1 0 0 0 1 0 0 0 1 1.36 0.92 -0.71</i>
                <i>1 0 0 0 1 0 0 0 1 1.36 0.92 -0.71</i>
                <i>1 0 0 0 1 0 0 0 1 1.36 0.92 -0.71</i>
                <i>1 0 0 0 1 0 0 0 1 1.36 0.92 -0.71</i>
                <i>1 0 0 0 1 0 0 0 1 1.36 0.92 -0.71</i>
                <i>1 0 0 0 1 0 0 0 1 1.36 0.92 -0.71</i>
                <i>1 0 0 0 1 0 0 0 1 1.36 0.92 -0.71</i>
                <i>1 0 0 0 1 0 0 0 1 1.36 0.92 -0.71</i>
                <i>1 0 0 0 1 0 0 0 1 1.36 0.92 -0.71</i>
                <i>1 0 0 0 1 0 0 0 1 1.36 0.92 -0.71</i>
                <i>1 0 0 0 1 0 0 0 1 1.36 0.92 -0.71</i>
                <i>1 0 0 0 1 0 0 0 1 1.36 0.92 -0.71</i>
                <i>1 0 0 0 1 0 0 0 1 1.36 0.92 -0.71</i>
                <i>1 0 0 0 1 0 0 0 1 1.36 0.92 -0.71</i>
                <i>1 0 0 0 1 0 0 0 1 1.36 0.92 -0.71</i>
                <i>1 0 0 0 1 0 0 0 1 1.36 0.92 -0.71</i>
                <i>1 0 0 0 1 0 0 0 1 1.36 0.92 -0.71</i>
                <i>1 0 0 0 1 0 0 0 1 1.36 0.92 -0.71</i>
                <i>1 0 0 0 1 0 0 0 1 1.36 0.92 -0.71</i>
                <i>1 0 0 0 1 0 0 0 1 1.36 0.92 -0.71</i>
                <i>1 0 0 0 1 0 0 0 1 1.36 0.92 -0.71</i>
                <i>1 0 0 0 1 0 0 0 1 1.36 0.92 -0.71</i>
                <i>1 0 0 0 1 0 0 0 1 1.36 0.92 -0.71</i>
                <i>1 0 0 0 1 0 0 0 1 1.36 0.92 -0.71</i>
                <i>1 0 0 0 1 0 0 0 1 1.36 0.92 -0.71</i>
                <i>1 0 0 0 1 0 0 0 1 1.36 0.92 -0.71</i>
                <i>1 0 0 0 1 0 0 0 1 1.36 0.92 -0.71</i>
                <i>1 0 0 0 1 0 0 0 1 1.36 0.92 -0.71</i>
                <i>1 0 0 0 1 0 0 0 1 1.36 0.92 -0.71</i>
                <i>1 0 0 0 1 0 0 0 1 1.36 0.92 -0.71</i>
                <i>1 0 0 0 1 0 0 0 1 1.36 0.92 -0.71</i>
                <i>1 0 0 0 1 0 0 0 1 1.36 0.92 -0.71</i>
                <i>1 0 0 0 1 0 0 0 1 1.36 0.92 -0.71</i>
                <i>1 0 0 0 1 0 0 0 1 1.36 0.92 -0.71</i>
                <i>1 0 0 0 1 0 0 0 1 1.36 0.92 -0.71</i>
                <i>1 0 0 0 1 0 0 0 1 1.36 0.92 -0.71</i>
                <i>1 0 0 0 1 0 0 0 1 1.36 0.92 -0.71</i>
                <i>1 0 0 0 1 0 0 0 1 1.36 0.92 -0.71</i>
                <i>1 0 0 0 1 0 0 0 1 1.36 0.92 -0.71</i>
                <i>1 0 0 0 1 0 0 0 1 1.36 0.92 -0.71</i>
                <i>1 0 0 0 1 0 0 0 1 1.36 0.92 -0.71</i>
                <i>1 0 0 0 1 0 0 0 1 1.36 0.92 -0.71</i>
                <i>1 0 0 0 1 0 0 0 1 1.36 0.92 -0.71</i>
                <i>1 0 0 0 1 0 0 0 1 1.36 0.92 -0.71</i>
                <i>1 0 0 0 1 0 0 0 1 1.36 0.92 -0.71</i>
                <i>1 0 0 0 1 0 0 0 1 1.36 0.92 -0.71</i>
                <i>1 0 0 0 1 0 0 0 1 1.36 0.92 -0.71</i>
                <i>1 0 0 0 1 0 0 0 1 1.36 0.92 -0.71</i>
                <i>1 0 0 0 1 0 0 0 1 1.36 0.92 -0.71</i>
                <i>1 0 0 0 1 0 0 0 1 1.36 0.92 -0.71</i>
                <i>1 0 0 0 1 0 0 0 1 1.36 0.92 -0.71</i>
                <i>1 0 0 0 1 0 0 0 1 1.36 0.92 -0.71</i>
                <i>1 0 0 0 1 0 0 0 1 1.36 0.92 -0.71</i>
                <i>1 0 0 0 1 0 0 0 1 1.36 0.92 -0.71</i>
                <i>1 0 0 0 1 0 0 0 1 1.36 0.92 -0.71</i>
                <i>1 0 0 0 1 0 0 0 1 1.36 0.92 -0.71</i>
                <i>1 0 0 0 1 0 0 0 1 1.36 0.92 -0.71</i>
                <i>1 0 0 0 1 0 0 0 1 1.36 0.92 -0.71</i>
                <i>1 0 0 0 1 0 0 0 1 1.36 0.92 -0.71</i>
                <i>1 0 0 0 1 0 0 0 1 1.36 0.92 -0.71</i>
                <i>1 0 0 0 1 0 0 0 1 1.36 0.92 -0.71</i>
                <i>1 0 0 0 1 0 0 0 1 1.36 0.92 -0.71</i>
                <i>1 0 0 0 1 0 0 0 1 1.36 0.92 -0.71</i>
                <i>1 0 0 0 1 0 0 0 1 1.36 0.92 -0.71</i>
                <i>1 0 0 0 1 0 0 0 1 1.36 0.92 -0.71</i>
                <i>1 0 0 0 1 0 0 0 1 1.36 0.92 -0.71</i>
                <i>1 0 0 0 1 0 0 0 1 1.36 0.92 -0.71</i>
                <i>1 0 0 0 1 0 0 0 1 1.36 0.92 -0.71</i>
                <i>1 0 0 0 1 0 0 0 1 1.36 0.92 -0.71</i>
                <i>1 0 0 0 1 0 0 0 1 1.36 0.92 -0.71</i>
                <i>1 0 0 0 1 0 0 0 1 1.36 0.92 -0.71</i>
                <i>1 0 0 0 1 0 0 0 1 1.36 0.92 -0.71</i>
                <i>1 0 0 0 1 0 0 0 1 1.36 0.92 -0.71</i>
                <i>1 0 0 0 1 0 0 0 1 1.36 0.92 -0.71</i>
                <i>1 0 0 0 1 0 0 0 1 1.36 0.92 -0.71</i>
                <i>1 0 0 0 1 0 0 0 1 1.36 0.92 -0.71</i>
                <i>1 0 0 0 1 0 0 0 1 1.36 0.92 -0.71</i>
                <i>1 0 0 0 1 0 0 0 1 1.36 0.92 -0.71</i>
                <i>1 0 0 0 1 0 0 0 1 1.36 0.92 -0.71</i>
                <i>1 0 0 0 1 0 0 0 1 1.36 0.92 -0.71</i>
                <i>1 0 0 0 1 0 0 0 1 1.36 0.92 -0.71</i>
                <i>1 0 0 0 1 0 0 0 1 1.36 0.92 -0.71</i>
                <i>1 0 0 0 1 0 0 0 1 1.36 0.92 -0.71</i>
                <i>1 0 0 0 1 0 0 0 1 1.36 0.92 -0.71</i>
                <i>1 0 0 0 1 0 0 0 1 1.36 0.92 -0.71</i>
                <i>1 0 0 0 1 0 0 0 1 1.36 0.92 -0.71</i>
                <i>1 0 0 0 1 0 0 0 1 1.36 0.92 -0.71</i>
                <i>1 0 0 0 1 0 0 0 1 1.36 0.92 -0.71</i>
                <i>1 0 0 0 1 0 0 0 1 1.36 0.92 -0.71</i>
                <i>1 0 0 0 1 0 0 0 1 1.36 0.92 -0.71</i>
                <i>1 0 0 0 1 0 0 0 1 1.36 0.92 -0.71</i>
                <i>1 0 0 0 1 0 0 0 1 1.36 0.92 -0.71</i>
                <i>1 0 0 0 1 0 0 0 1 1.36 0.92 -0.71</i>
                <i>1 0 0 0 1 0 0 0 1 1.36 0.92 -0.71</i>
                <i>1 0 0 0 1 0 0 0 1 1.36 0.92 -0.71</i>
                <i>1 0 0 0 1 0 0 0 1 1.36 0.92 -0.71</i>
                <i>1 0 0 0 1 0 0 0 1 1.36 0.92 -0.71</i>
                <i>1 0 0 0 1 0 0 0 1 1.36 0.92 -0.71</i>
                <i>1 0 0 0 1 0 0 0 1 1.36 0.92 -0.71</i>
                <i>1 0 0 0 1 0 0 0 1 1.36 0.92 -0.71</i>
                <i>1 0 0 0 1 0 0 0 1 1.36 0.92 -0.71</i>
                <i>1 0 0 0 1 0 0 0 1 1.36 0.92 -0.71</i>
                <i>1 0 0 0 1 0 0 0 1 1.36 0.92 -0.71</i>
                <i>1 0 0 0 1 0 0 0 1 1.36 0.92 -0.71</i>
            </KeyFrames>
        </RefFrame>
        <Bones count="23">
            <i>
                <p>
                    <Name>
                        <![CDATA[pelvis]]>
</Name>
                    <Exclude>0</Exclude>
                    <Additive>0</Additive>
                    <IKPriority>0</IKPriority>
                    <IKRotLimits>-1e+010 -1e+010 -1e+010 1e+010 1e+010 1e+010</IKRotLimits>
                    <IKRotLimitOrder>2</IKRotLimitOrder>
                    <KeyFrames count="117">
                        <i>1 0 0 0 1 0 0 0 1 1.35589 1.51888 -0.710634</i>
                        <i>1 0 0 0 1 0 0 0 1 1.3505 1.51888 -0.710793</i>
                        <i>1 0 0 0 1 0 0 0 1 1.34453 1.51888 -0.711142</i>
                        <i>1 0 0 0 1 0 0 0 1 1.33856 1.51888 -0.711492</i>
                        <i>1 0 0 0 1 0 0 0 1 1.33317 1.51888 -0.71165</i>
                        <i>1 0 0 0 1 0 0 0 1 1.32893 1.51888 -0.711428</i>
                        <i>1 0 0 0 1 0 0 0 1 1.3264 1.51888 -0.710634</i>
                        <i>1 0 0 0 1 0 0 0 1 1.32026 1.52403 -0.709681</i>
                        <i>1 0 0 0 1 0 0 0 1 1.30728 1.53781 -0.708814</i>
                        <i>1 0 0 0 1 0 0 0 1 1.2912 1.55766 -0.707528</i>
                        <i>1 0 0 0 1 0 0 0 1 1.27581 1.58109 -0.705323</i>
                        <i>1 0 0 0 1 0 0 0 1 1.2649 1.60564 -0.701821</i>
                        <i>1 0 0 0 1 0 0 0 1 1.26231 1.62888 -0.696913</i>
                        <i>1 0 0 0 1 0 0 0 1 1.26524 1.65797 -0.688343</i>
                        <i>1 0 0 0 1 0 0 0 1 1.26843 1.69723 -0.675624</i>
                        <i>1 0 0 0 1 0 0 0 1 1.27191 1.73997 -0.661631</i>
                        <i>1 0 0 0 1 0 0 0 1 1.27542 1.77964 -0.649209</i>
                        <i>1 0 0 0 1 0 0 0 1 1.2784 1.80982 -0.641098</i>
                        <i>1 0 0 0 1 0 0 0 1 1.28022 1.82413 -0.639925</i>
                        <i>1 0 0 0 1 0 0 0 1 1.28486 1.83257 -0.641025</i>
                        <i>1 0 0 0 1 0 0 0 1 1.2946 1.84732 -0.637824</i>
                        <i>1 0 0 0 1 0 0 0 1 1.30683 1.86482 -0.631105</i>
                        <i>1 0 0 0 1 0 0 0 1 1.31974 1.88148 -0.623641</i>
                        <i>1 0 0 0 1 0 0 0 1 1.33221 1.89392 -0.619926</i>
                        <i>1 0 0 0 1 0 0 0 1 1.34324 1.8985 -0.62472</i>
                        <i>1 0 0 0 1 0 0 0 1 1.36121 1.89658 -0.6423</i>
                        <i>1 0 0 0 1 0 0 0 1 1.39051 1.89176 -0.664928</i>
                        <i>1 0 0 0 1 0 0 0 1 1.42199 1.88651 -0.680333</i>
                        <i>1 0 0 0 1 0 0 0 1 1.44651 1.88755 -0.684448</i>
                        <i>1 0 0 0 1 0 0 0 1 1.45975 1.90026 -0.681811</i>
                        <i>1 0 0 0 1 0 0 0 1 1.46333 1.92416 -0.679674</i>
                        <i>1 0 0 0 1 0 0 0 1 1.46333 1.95643 -0.679674</i>
                        <i>1 0 0 0 1 0 0 0 1 1.46333 1.99423 -0.679674</i>
                        <i>1 0 0 0 1 0 0 0 1 1.46333 2.03308 -0.679674</i>
                        <i>1 0 0 0 1 0 0 0 1 1.46333 2.06854 -0.679674</i>
                        <i>1 0 0 0 1 0 0 0 1 1.46333 2.09614 -0.679674</i>
                        <i>1 0 0 0 1 0 0 0 1 1.46333 2.11142 -0.679674</i>
                        <i>1 0 0 0 1 0 0 0 1 1.45804 2.11017 -0.678171</i>
                        <i>1 0 0 0 1 0 0 0 1 1.44333 2.09495 -0.674018</i>
                        <i>1 0 0 0 1 0 0 0 1 1.42093 2.0715 -0.66775</i>
                        <i>1 0 0 0 1 0 0 0 1 1.3926 2.04553 -0.659901</i>
                        <i>1 0 0 0 1 0 0 0 1 1.36006 2.02278 -0.651005</i>
                        <i>1 0 0 0 1 0 0 0 1 1.32506 2.00899 -0.641597</i>
                        <i>1 0 0 0 1 0 0 0 1 1.28933 2.00987 -0.632212</i>
                        <i>1 0 0 0 1 0 0 0 1 1.25463 2.03116 -0.623384</i>
                        <i>1 0 0 0 1 0 0 0 1 1.20313 2.19096 -0.610325</i>
                        <i>1 0 0 0 1 0 0 0 1 1.12719 2.44552 -0.595956</i>
                        <i>1 0 0 0 1 0 0 0 1 1.00527 2.70763 -0.584936</i>
                        <i>1 0 0 0 1 0 0 0 1 0.924607 2.92298 -0.579413</i>
                        <i>1 0 0 0 1 0 0 0 1 0.924607 3.02145 -0.579413</i>
                        <i>1 0 0 0 1 0 0 0 1 0.924607 3.07134 -0.579413</i>
                        <i>1 0 0 0 1 0 0 0 1 0.924607 3.09257 -0.579413</i>
                        <i>1 0 0 0 1 0 0 0 1 0.924607 3.09271 -0.579413</i>
                        <i>1 0 0 0 1 0 0 0 1 0.924607 3.06419 -0.579413</i>
                        <i>1 0 0 0 1 0 0 0 1 0.924607 3.00427 -0.579413</i>
                        <i>1 0 0 0 1 0 0 0 1 0.920666 2.87902 -0.594343</i>
                        <i>1 0 0 0 1 0 0 0 1 0.938791 2.70994 -0.617627</i>
                        <i>1 0 0 0 1 0 0 0 1 0.993411 2.53615 -0.634863</i>
                        <i>1 0 0 0 1 0 0 0 1 1.0612 2.35315 -0.65205</i>
                        <i>1 0 0 0 1 0 0 0 1 1.13043 2.1758 -0.667538</i>
                        <i>1 0 0 0 1 0 0 0 1 1.1894 2.01901 -0.679674</i>
                        <i>1 0 0 0 1 0 0 0 1 1.23727 1.8808 -0.687297</i>
                        <i>1 0 0 0 1 0 0 0 1 1.27952 1.75523 -0.691529</i>
                        <i>1 0 0 0 1 0 0 0 1 1.31392 1.65115 -0.694143</i>
                        <i>1 0 0 0 1 0 0 0 1 1.33822 1.57744 -0.696913</i>
                        <i>1 0 0 0 1 0 0 0 1 1.3519 1.53579 -0.700541</i>
                        <i>1 0 0 0 1 0 0 0 1 1.35776 1.51682 -0.70422</i>
                        <i>1 0 0 0 1 0 0 0 1 1.35855 1.51282 -0.707455</i>
                        <i>1 0 0 0 1 0 0 0 1 1.35701 1.51608 -0.709757</i>
                        <i>1 0 0 0 1 0 0 0 1 1.35589 1.51888 -0.710634</i>
                        <i>1 0 0 0 1 0 0 0 1 1.35589 1.51888 -0.710634</i>
                        <i>1 0 0 0 1 0 0 0 1 1.35589 1.51888 -0.710634</i>
                        <i>1 0 0 0 1 0 0 0 1 1.35589 1.51888 -0.710634</i>
                        <i>1 0 0 0 1 0 0 0 1 1.35586 1.51878 -0.710668</i>
                        <i>1 0 0 0 1 0 0 0 1 1.35578 1.51852 -0.71076</i>
                        <i>1 0 0 0 1 0 0 0 1 1.35567 1.51811 -0.7109</i>
                        <i>1 0 0 0 1 0 0 0 1 1.35552 1.51761 -0.711076</i>
                        <i>1 0 0 0 1 0 0 0 1 1.35535 1.51704 -0.711276</i>
                        <i>1 0 0 0 1 0 0 0 1 1.35518 1.51643 -0.711487</i>
                        <i>1 0 0 0 1 0 0 0 1 1.355 1.51583 -0.711698</i>
                        <i>1 0 0 0 1 0 0 0 1 1.35484 1.51525 -0.711898</i>
                        <i>1 0 0 0 1 0 0 0 1 1.35469 1.51475 -0.712073</i>
                        <i>1 0 0 0 1 0 0 0 1 1.35457 1.51435 -0.712214</i>
                        <i>1 0 0 0 1 0 0 0 1 1.3545 1.51408 -0.712306</i>
                        <i>1 0 0 0 1 0 0 0 1 1.35447 1.51399 -0.71234</i>
                        <i>1 0 0 0 1 0 0 0 1 1.35451 1.51412 -0.712292</i>
                        <i>1 0 0 0 1 0 0 0 1 1.35462 1.51449 -0.712163</i>
                        <i>1 0 0 0 1 0 0 0 1 1.35477 1.51504 -0.711971</i>
                        <i>1 0 0 0 1 0 0 0 1 1.35497 1.51571 -0.711739</i>
                        <i>1 0 0 0 1 0 0 0 1 1.35518 1.51643 -0.711487</i>
                        <i>1 0 0 0 1 0 0 0 1 1.35539 1.51716 -0.711235</i>
                        <i>1 0 0 0 1 0 0 0 1 1.35558 1.51782 -0.711002</i>
                        <i>1 0 0 0 1 0 0 0 1 1.35574 1.51837 -0.710811</i>
                        <i>1 0 0 0 1 0 0 0 1 1.35585 1.51874 -0.710682</i>
                        <i>1 0 0 0 1 0 0 0 1 1.35589 1.51888 -0.710634</i>
                        <i>1 0 0 0 1 0 0 0 1 1.35589 1.51888 -0.710634</i>
                        <i>1 0 0 0 1 0 0 0 1 1.35589 1.51888 -0.710634</i>
                        <i>1 0 0 0 1 0 0 0 1 1.35589 1.51888 -0.710634</i>
                        <i>1 0 0 0 1 0 0 0 1 1.35589 1.51888 -0.710634</i>
                        <i>1 0 0 0 1 0 0 0 1 1.35589 1.51888 -0.710634</i>
                        <i>1 0 0 0 1 0 0 0 1 1.35589 1.51888 -0.710634</i>
                        <i>1 0 0 0 1 0 0 0 1 1.35589 1.51888 -0.710634</i>
                        <i>1 0 0 0 1 0 0 0 1 1.35589 1.51888 -0.710634</i>
                        <i>1 0 0 0 1 0 0 0 1 1.35589 1.51888 -0.710634</i>
                        <i>1 0 0 0 1 0 0 0 1 1.35589 1.51888 -0.710634</i>
                        <i>1 0 0 0 1 0 0 0 1 1.35589 1.51888 -0.710634</i>
                        <i>1 0 0 0 1 0 0 0 1 1.35589 1.51888 -0.710634</i>
                        <i>1 0 0 0 1 0 0 0 1 1.35589 1.51888 -0.710634</i>
                        <i>1 0 0 0 1 0 0 0 1 1.35589 1.51888 -0.710634</i>
                        <i>1 0 0 0 1 0 0 0 1 1.35589 1.51888 -0.710634</i>
                        <i>1 0 0 0 1 0 0 0 1 1.35589 1.51888 -0.710634</i>
                        <i>1 0 0 0 1 0 0 0 1 1.35589 1.51888 -0.710634</i>
                        <i>1 0 0 0 1 0 0 0 1 1.35589 1.51888 -0.710634</i>
                        <i>1 0 0 0 1 0 0 0 1 1.35589 1.51888 -0.710634</i>
                        <i>1 0 0 0 1 0 0 0 1 1.35589 1.51888 -0.710634</i>
                        <i>1 0 0 0 1 0 0 0 1 1.35589 1.51888 -0.710634</i>
                        <i>1 0 0 0 1 0 0 0 1 1.35589 1.51888 -0.710634</i>
                    </KeyFrames>
                </p>
            </i>
            <i>
                <p>
                    <Name>
                        <![CDATA[spine0]]>
</Name>
                    <Exclude>0</Exclude>
                    <Additive>0</Additive>
                    <IKPriority>0</IKPriority>
                    <IKRotLimits>-1e+010 -1e+010 -1e+010 1e+010 1e+010 1e+010</IKRotLimits>
                    <IKRotLimitOrder>0</IKRotLimitOrder>
                    <KeyFrames count="117">
                        <i>-0.106526 0.943277 0.314454 -0.875885 0.0606626 -0.478691 -0.470613 -0.326418 0.81974 1.38414 1.65892 -0.727581</i>
                        <i>-0.111986 0.939154 0.324728 -0.86975 0.065418 -0.489138 -0.480619 -0.337209 0.809503 1.37906 1.6589 -0.727325</i>
                        <i>-0.116767 0.933561 0.338864 -0.860866 0.0750038 -0.503273 -0.495253 -0.350482 0.794913 1.37367 1.65886 -0.727071</i>
                        <i>-0.121711 0.926858 0.355136 -0.850692 0.0869314 -0.518426 -0.51138 -0.365209 0.77789 1.36839 1.65879 -0.726734</i>
                        <i>-0.127136 0.919887 0.371005 -0.840929 0.0983918 -0.532126 -0.525999 -0.379641 0.76105 1.36365 1.65872 -0.726242</i>
                        <i>-0.132649 0.914108 0.38316 -0.833545 0.106284 -0.542132 -0.53629 -0.391294 0.747851 1.35989 1.65866 -0.725532</i>
                        <i>-0.137474 0.911309 0.388093 -0.830653 0.10736 -0.546341 -0.539552 -0.397479 0.742223 1.35756 1.65863 -0.724546</i>
                        <i>-0.135204 0.911714 0.38794 -0.834154 0.106556 -0.541141 -0.534703 -0.396766 0.746103 1.34941 1.66411 -0.724704</i>
                        <i>-0.124027 0.913364 0.387792 -0.843334 0.10891 -0.526237 -0.522881 -0.392306 0.756764 1.3314 1.67851 -0.726658</i>
                        <i>-0.109063 0.914878 0.388721 -0.856163 0.112237 -0.504369 -0.505065 -0.387817 0.771043 1.30874 1.69881 -0.729103</i>
                        <i>-0.0932012 0.916036 0.390117 -0.870517 0.115197 -0.478465 -0.483232 -0.384197 0.786689 1.28668 1.72229 -0.730657</i>
                        <i>-0.0786997 0.917869 0.389002 -0.884569 0.115651 -0.451844 -0.459722 -0.379659 0.802817 1.2705 1.7466 -0.730029</i>
                        <i>-0.0685213 0.921873 0.381386 -0.897014 0.110391 -0.427995 -0.436659 -0.371435 0.819369 1.26549 1.76968 -0.72626</i>
                        <i>-0.0615133 0.923827 0.377836 -0.911092 0.102614 -0.399226 -0.407587 -0.368801 0.835379 1.2683 1.79934 -0.714832</i>
                        <i>-0.0560775 0.918637 0.391103 -0.92809 0.0964614 -0.359644 -0.368108 -0.383147 0.847168 1.27221 1.83975 -0.694816</i>
                        <i>-0.0533504 0.906163 0.419549 -0.944673 0.090373 -0.315318 -0.323645 -0.413159 0.851207 1.27727 1.88342 -0.671088</i>
                        <i>-0.0536752 0.886863 0.458905 -0.958426 0.0832227 -0.272934 -0.280247 -0.454476 0.845525 1.28278 1.92331 -0.648348</i>
                        <i>-0.0580298 0.862135 0.503344 -0.967892 0.0749358 -0.239938 -0.244577 -0.501106 0.830105 1.28713 1.95305 -0.630824</i>
                        <i>-0.0693492 0.834289 0.546948 -0.972276 0.0662071 -0.224267 -0.223315 -0.547338 0.806568 1.28816 1.96668 -0.622263</i>
                        <i>-0.0986312 0.792627 0.601677 -0.973675 0.0479884 -0.22283 -0.205495 -0.607816 0.767028 1.28969 1.97408 -0.615614</i>
                        <i>-0.148243 0.725884 0.671652 -0.973041 0.0142747 -0.23019 -0.176679 -0.687669 0.704199 1.29561 1.98684 -0.602772</i>
                        <i>-0.210277 0.638253 0.740552 -0.967875 -0.0291048 -0.24974 -0.137844 -0.769277 0.623869 1.30423 2.00168 -0.586838</i>
                        <i>-0.273947 0.543051 0.793756 -0.957264 -0.074388 -0.279486 -0.0927292 -0.836398 0.540221 1.31457 2.01594 -0.57277</i>
                        <i>-0.325305 0.469159 0.821016 -0.944135 -0.112689 -0.309693 -0.0527761 -0.875894 0.479608 1.32628 2.0276 -0.567101</i>
                        <i>-0.348344 0.45938 0.817084 -0.936493 -0.132927 -0.324517 -0.0404643 -0.878237 0.47651 1.33917 2.03404 -0.576687</i>
                        <i>-0.345113 0.549092 0.76118 -0.93331 -0.115103 -0.340124 -0.0991453 -0.827798 0.552197 1.36016 2.03615 -0.607431</i>
                        <i>-0.315826 0.700009 0.640501 -0.920128 -0.0612176 -0.386803 -0.231556 -0.711505 0.663432 1.39337 2.03481 -0.649881</i>
                        <i>-0.249082 0.844031 0.474941 -0.885313 0.000391208 -0.464996 -0.392657 -0.536294 0.747134 1.43195 2.0298 -0.688489</i>
                        <i>-0.157013 0.940102 0.302579 -0.829014 0.0410466 -0.557719 -0.536733 -0.338412 0.772914 1.46739 2.02655 -0.71508</i>
                        <i>-0.0629353 0.985276 0.158965 -0.767393 0.0540617 -0.638894 -0.638081 -0.162198 0.752692 1.49377 2.03135 -0.730335</i>
                        <i>0.00740103 0.997412 0.0715208 -0.720744 0.054899 -0.691024 -0.693162 -0.0464339 0.719285 1.50978 2.0466 -0.739226</i>
                        <i>0.057091 0.998118 0.0224009 -0.692144 0.0557399 -0.719604 -0.719498 0.0255782 0.694024 1.51892 2.07235 -0.744234</i>
                        <i>0.106393 0.994081 -0.0219794 -0.673042 0.0557267 -0.737502 -0.731912 0.0932577 0.674988 1.52478 2.10615 -0.74596</i>
                        <i>0.151377 0.986625 -0.0604636 -0.661842 0.0557323 -0.747569 -0.734201 0.153182 0.661426 1.52819 2.14309 -0.745917</i>
                        <i>0.188925 0.977656 -0.0921736 -0.656292 0.0558841 -0.752434 -0.730471 0.202646 0.652186 1.53001 2.17789 -0.745186</i>
                        <i>0.217245 0.96914 -0.116499 -0.654135 0.0559586 -0.754305 -0.724508 0.240075 0.646105 1.53108 2.20515 -0.744659</i>
                        <i>0.235485 0.962775 -0.132708 -0.65324 0.0556939 -0.7551 -0.7196 0.264505 0.642038 1.53225 2.21939 -0.74518</i>
                        <i>0.25155 0.956672 -0.146634 -0.652356 0.0556773 -0.755865 -0.714951 0.285795 0.638096 1.52808 2.21679 -0.744682</i>
                        <i>0.271443 0.948574 -0.162869 -0.651648 0.0566007 -0.756407 -0.708289 0.311455 0.6335 1.51384 2.201 -0.740945</i>
                        <i>0.291915 0.939599 -0.178717 -0.651136 0.0583638 -0.756714 -0.700576 0.337265 0.628844 1.49129 2.17772 -0.734544</i>
                        <i>0.309854 0.931271 -0.191637 -0.650873 0.0608362 -0.756745 -0.693077 0.359212 0.624989 1.46222 2.15264 -0.72604</i>
                        <i>0.322195 0.925475 -0.199215 -0.650954 0.0637953 -0.756432 -0.68735 0.373398 0.622996 1.42838 2.13143 -0.715988</i>
                        <i>0.325738 0.924273 -0.199032 -0.651517 0.0668843 -0.75568 -0.685143 0.375826 0.623967 1.39153 2.11974 -0.704931</i>
                        <i>0.316987 0.929511 -0.188489 -0.652711 0.0696118 -0.754402 -0.688104 0.362165 0.628769 1.35342 2.1232 -0.693409</i>
                        <i>0.292154 0.942079 -0.164722 -0.654645 0.071432 -0.752554 -0.697199 0.327696 0.637596 1.31579 2.14746 -0.681961</i>
                        <i>0.0918271 0.995767 0.00386173 -0.624858 0.0606414 -0.77838 -0.77532 0.0690634 0.627781 1.24853 2.32091 -0.652127</i>
                        <i>-0.238033 0.945909 0.220447 -0.569701 0.0478478 -0.820458 -0.786626 -0.320885 0.527496 1.13868 2.58823 -0.610003</i>
                        <i>-0.641353 0.658363 0.393986 -0.505238 0.0240508 -0.862645 -0.577409 -0.752316 0.317205 0.966175 2.84543 -0.571502</i>
                        <i>-0.845476 0.291906 0.447171 -0.467874 -0.00126554 -0.883794 -0.257419 -0.956446 0.137645 0.84717 3.04108 -0.551996</i>
                        <i>-0.865854 0.18974 0.462921 -0.473121 -0.00973329 -0.880944 -0.162644 -0.981786 0.0981975 0.836861 3.13048 -0.546114</i>
                        <i>-0.871718 0.163562 0.461904 -0.470978 -0.0195268 -0.881929 -0.13523 -0.98634 0.0940557 0.830081 3.17303 -0.541737</i>
                        <i>-0.872151 0.18963 0.450992 -0.463996 -0.0283388 -0.885384 -0.155115 -0.981447 0.112703 0.826199 3.18927 -0.538658</i>
                        <i>-0.867142 0.245065 0.4336 -0.454926 -0.0353219 -0.889828 -0.20275 -0.968863 0.142115 0.824756 3.18706 -0.53672</i>
                        <i>-0.8559 0.310679 0.413418 -0.446413 -0.0403087 -0.893919 -0.261058 -0.94966 0.173192 0.825487 3.15891 -0.535836</i>
                        <i>-0.840486 0.369918 0.39591 -0.441158 -0.0429632 -0.896401 -0.314585 -0.928071 0.199302 0.828321 3.10194 -0.535989</i>
                        <i>-0.779372 0.500528 0.376897 -0.448675 -0.0259646 -0.893318 -0.437345 -0.865331 0.244811 0.847125 2.99785 -0.560151</i>
                        <i>-0.683855 0.639599 0.351079 -0.453912 0.00377635 -0.891039 -0.571233 -0.7687 0.287739 0.900403 2.8472 -0.598095</i>
                        <i>-0.615866 0.717182 0.326128 -0.445891 0.0239804 -0.894766 -0.64953 -0.696474 0.305016 0.978829 2.67885 -0.623886</i>
                        <i>-0.546144 0.781158 0.302522 -0.431445 0.0472518 -0.900901 -0.718041 -0.622543 0.31122 1.07015 2.49667 -0.647793</i>
                        <i>-0.477115 0.832858 0.280551 -0.417708 0.0659606 -0.906184 -0.773228 -0.549542 0.316421 1.15886 2.31683 -0.667923</i>
                        <i>-0.413927 0.873962 0.254666 -0.411144 0.0701114 -0.90887 -0.812173 -0.48091 0.330303 1.22993 2.157 -0.682891</i>
                        <i>-0.344187 0.900939 0.26428 -0.498847 0.0629863 -0.864398 -0.795416 -0.42935 0.427752 1.279 2.01828 -0.694668</i>
                        <i>-0.267247 0.912833 0.308731 -0.674296 0.0517313 -0.736647 -0.688407 -0.405043 0.601695 1.31417 1.89433 -0.70363</i>
                        <i>-0.200468 0.915483 0.348859 -0.818018 0.0395425 -0.573832 -0.539129 -0.400408 0.740954 1.34075 1.79185 -0.707567</i>
                        <i>-0.16332 0.918993 0.358857 -0.87165 0.0359679 -0.488807 -0.462118 -0.392629 0.795166 1.36256 1.71857 -0.710576</i>
                        <i>-0.150703 0.926246 0.345481 -0.872982 0.039299 -0.486167 -0.463887 -0.374866 0.802673 1.37758 1.67656 -0.715324</i>
                        <i>-0.138962 0.932274 0.333997 -0.874107 0.0430424 -0.483822 -0.465431 -0.359182 0.808927 1.38453 1.65729 -0.719914</i>
                        <i>-0.127312 0.937094 0.325032 -0.875009 0.048201 -0.481701 -0.467066 -0.345733 0.813829 1.38613 1.65306 -0.72383</i>
                        <i>-0.116081 0.940674 0.318838 -0.875623 0.0546062 -0.479898 -0.468838 -0.334889 0.817337 1.38509 1.65617 -0.726558</i>
                        <i>-0.106526 0.943277 0.314454 -0.875885 0.0606626 -0.478691 -0.470613 -0.326418 0.81974 1.38414 1.65892 -0.727581</i>
                        <i>-0.0989271 0.946022 0.308636 -0.868552 0.0692737 -0.490732 -0.485624 -0.316613 0.814816 1.38463 1.65881 -0.727641</i>
                        <i>-0.0933503 0.948678 0.302151 -0.854252 0.0795639 -0.513734 -0.511409 -0.30607 0.802983 1.38557 1.65861 -0.727716</i>
                        <i>-0.0903729 0.950167 0.298355 -0.84623 0.0846921 -0.526044 -0.525098 -0.300017 0.796406 1.38608 1.65849 -0.727737</i>
                        <i>-0.0885221 0.950797 0.296899 -0.846226 0.0854423 -0.525929 -0.525419 -0.2978 0.797026 1.38605 1.6584 -0.72777</i>
                        <i>-0.0863225 0.951448 0.295458 -0.84622 0.0864939 -0.525767 -0.525795 -0.295408 0.797667 1.38598 1.65813 -0.727863</i>
                        <i>-0.0838642 0.952102 0.294054 -0.84621 0.0877835 -0.525568 -0.526208 -0.292908 0.798317 1.38586 1.65773 -0.728003</i>
                        <i>-0.0812378 0.952744 0.292712 -0.846198 0.0892478 -0.525341 -0.526639 -0.29037 0.79896 1.38571 1.65722 -0.728179</i>
                        <i>-0.0785347 0.953355 0.291455 -0.846183 0.0908236 -0.525096 -0.527074 -0.287863 0.79958 1.38555 1.65665 -0.728379</i>
                        <i>-0.0758478 0.953922 0.290311 -0.846165 0.0924471 -0.524841 -0.527496 -0.285459 0.800163 1.38537 1.65605 -0.72859</i>
                        <i>-0.0732717 0.954428 0.289306 -0.846145 0.0940543 -0.524588 -0.527892 -0.283233 0.800693 1.3852 1.65544 -0.728801</i>
                        <i>-0.070903 0.95486 0.28847 -0.846124 0.0955799 -0.524346 -0.528249 -0.281259 0.801153 1.38503 1.65487 -0.729001</i>
                        <i>-0.06884 0.955203 0.287832 -0.846103 0.0969581 -0.524126 -0.528555 -0.279617 0.801526 1.38488 1.65436 -0.729176</i>
                        <i>-0.067183 0.955445 0.287423 -0.846085 0.0981218 -0.52394 -0.528798 -0.278384 0.801795 1.38477 1.65396 -0.729316</i>
                        <i>-0.0660337 0.95557 0.287274 -0.84607 0.0990032 -0.523798 -0.528967 -0.277642 0.801941 1.38469 1.6537 -0.729409</i>
                        <i>-0.0654946 0.955564 0.287416 -0.84606 0.0995339 -0.523713 -0.529049 -0.277472 0.801946 1.38466 1.6536 -0.729443</i>
                        <i>-0.0656056 0.955347 0.288113 -0.846055 0.0998264 -0.523666 -0.529043 -0.278115 0.801726 1.3847 1.65374 -0.729395</i>
                        <i>-0.0662669 0.954876 0.289517 -0.846051 0.100049 -0.52363 -0.528968 -0.279646 0.801244 1.38481 1.65411 -0.729265</i>
                        <i>-0.0673723 0.954197 0.291494 -0.846048 0.100217 -0.523603 -0.528833 -0.281894 0.800544 1.38497 1.65466 -0.729074</i>
                        <i>-0.0688144 0.953354 0.293906 -0.846045 0.100345 -0.523582 -0.528651 -0.284688 0.799675 1.38516 1.65532 -0.728842</i>
                        <i>-0.070484 0.952393 0.296615 -0.846043 0.100447 -0.523566 -0.528434 -0.287852 0.798686 1.38537 1.65605 -0.72859</i>
                        <i>-0.07227 0.951362 0.299477 -0.846042 0.100538 -0.523551 -0.528195 -0.291207 0.797626 1.38558 1.65677 -0.728337</i>
                        <i>-0.0740593 0.950315 0.302351 -0.84604 0.100634 -0.523535 -0.52795 -0.294573 0.796552 1.38578 1.65744 -0.728105</i>
                        <i>-0.0757366 0.949308 0.305088 -0.846038 0.10075 -0.523517 -0.527716 -0.297766 0.79552 1.38594 1.65798 -0.727914</i>
                        <i>-0.0771855 0.948399 0.307543 -0.846035 0.100901 -0.523492 -0.527511 -0.300598 0.79459 1.38604 1.65836 -0.727785</i>
                        <i>-0.0782885 0.94765 0.309566 -0.846031 0.101103 -0.523459 -0.527354 -0.302883 0.793826 1.38608 1.65849 -0.727737</i>
                        <i>-0.0804638 0.946935 0.31119 -0.847678 0.0992343 -0.521148 -0.524374 -0.305722 0.794711 1.38596 1.65853 -0.727688</i>
                        <i>-0.0846852 0.946122 0.312541 -0.851959 0.0939073 -0.515119 -0.516715 -0.309895 0.798104 1.38563 1.65861 -0.727575</i>
                        <i>-0.0901864 0.945254 0.313626 -0.85785 0.0862418 -0.506612 -0.505924 -0.314734 0.803108 1.3852 1.65872 -0.72745</i>
                        <i>-0.0961952 0.944401 0.314411 -0.864372 0.0773732 -0.496865 -0.493567 -0.319564 0.80887 1.38476 1.65882 -0.727367</i>
                        <i>-0.101915 0.943682 0.314766 -0.87064 0.068457 -0.487134 -0.481247 -0.323694 0.814631 1.38438 1.65889 -0.727388</i>
                        <i>-0.106526 0.943277 0.314454 -0.875885 0.0606626 -0.478691 -0.470613 -0.326418 0.81974 1.38414 1.65892 -0.727581</i>
                        <i>-0.106526 0.943277 0.314454 -0.875885 0.0606626 -0.478691 -0.470613 -0.326418 0.81974 1.38414 1.65892 -0.727581</i>
                        <i>-0.106526 0.943277 0.314454 -0.875885 0.0606626 -0.478691 -0.470613 -0.326418 0.81974 1.38414 1.65892 -0.727581</i>
                        <i>-0.106526 0.943277 0.314454 -0.875885 0.0606626 -0.478691 -0.470613 -0.326418 0.81974 1.38414 1.65892 -0.727581</i>
                        <i>-0.106526 0.943277 0.314454 -0.875885 0.0606626 -0.478691 -0.470613 -0.326418 0.81974 1.38414 1.65892 -0.727581</i>
                        <i>-0.106526 0.943277 0.314454 -0.875885 0.0606626 -0.478691 -0.470613 -0.326418 0.81974 1.38414 1.65892 -0.727581</i>
                        <i>-0.106526 0.943277 0.314454 -0.875885 0.0606626 -0.478691 -0.470613 -0.326418 0.81974 1.38414 1.65892 -0.727581</i>
                        <i>-0.106526 0.943277 0.314454 -0.875885 0.0606626 -0.478691 -0.470613 -0.326418 0.81974 1.38414 1.65892 -0.727581</i>
                        <i>-0.106526 0.943277 0.314454 -0.875885 0.0606626 -0.478691 -0.470613 -0.326418 0.81974 1.38414 1.65892 -0.727581</i>
                        <i>-0.106526 0.943277 0.314454 -0.875885 0.0606626 -0.478691 -0.470613 -0.326418 0.81974 1.38414 1.65892 -0.727581</i>
                        <i>-0.106526 0.943277 0.314454 -0.875885 0.0606626 -0.478691 -0.470613 -0.326418 0.81974 1.38414 1.65892 -0.727581</i>
                        <i>-0.106526 0.943277 0.314454 -0.875885 0.0606626 -0.478691 -0.470613 -0.326418 0.81974 1.38414 1.65892 -0.727581</i>
                        <i>-0.106526 0.943277 0.314454 -0.875885 0.0606626 -0.478691 -0.470613 -0.326418 0.81974 1.38414 1.65892 -0.727581</i>
                        <i>-0.106526 0.943277 0.314454 -0.875885 0.0606626 -0.478691 -0.470613 -0.326418 0.81974 1.38414 1.65892 -0.727581</i>
                        <i>-0.106526 0.943277 0.314454 -0.875885 0.0606626 -0.478691 -0.470613 -0.326418 0.81974 1.38414 1.65892 -0.727581</i>
                        <i>-0.106526 0.943277 0.314454 -0.875885 0.0606626 -0.478691 -0.470613 -0.326418 0.81974 1.38414 1.65892 -0.727581</i>
                        <i>-0.106526 0.943277 0.314454 -0.875885 0.0606626 -0.478691 -0.470613 -0.326418 0.81974 1.38414 1.65892 -0.727581</i>
                    </KeyFrames>
                </p>
            </i>
            <i>
                <p>
                    <Name>
                        <![CDATA[spine1]]>
</Name>
                    <Exclude>0</Exclude>
                    <Additive>0</Additive>
                    <IKPriority>0</IKPriority>
                    <IKRotLimits>-1e+010 -1e+010 -1e+010 1e+010 1e+010 1e+010</IKRotLimits>
                    <IKRotLimitOrder>0</IKRotLimitOrder>
                    <KeyFrames count="117">
                        <i>-0.354057 0.724855 0.590955 -0.889123 -0.0649447 -0.453038 -0.290007 -0.685833 0.667479 1.36383 1.83926 -0.667575</i>
                        <i>-0.37743 0.702148 0.603768 -0.879911 -0.0687135 -0.470144 -0.288623 -0.708708 0.643762 1.3581 1.83514 -0.666479</i>
                        <i>-0.405613 0.672988 0.618519 -0.865549 -0.0653124 -0.496547 -0.293773 -0.736765 0.608995 1.3523 1.83005 -0.664998</i>
                        <i>-0.434902 0.640803 0.632639 -0.849099 -0.0579063 -0.525051 -0.29982 -0.765518 0.569288 1.3466 1.82493 -0.663118</i>
                        <i>-0.46053 0.610904 0.643978 -0.834324 -0.0502551 -0.548978 -0.30301 -0.790108 0.532836 1.34128 1.8207 -0.660937</i>
                        <i>-0.477022 0.590279 0.651169 -0.825606 -0.046899 -0.562295 -0.301372 -0.805836 0.509709 1.33675 1.81826 -0.658649</i>
                        <i>-0.47902 0.586194 0.653388 -0.82736 -0.0528105 -0.559184 -0.293285 -0.808447 0.510291 1.33346 1.81852 -0.656477</i>
                        <i>-0.446089 0.597391 0.66643 -0.850355 -0.0506932 -0.523762 -0.279107 -0.800346 0.530608 1.32545 1.82585 -0.655915</i>
                        <i>-0.372325 0.614564 0.695475 -0.891193 -0.0275141 -0.45279 -0.259133 -0.788387 0.557939 1.30915 1.84251 -0.657071</i>
                        <i>-0.276284 0.632166 0.723901 -0.932806 0.00495822 -0.360345 -0.231387 -0.774817 0.588318 1.28881 1.8663 -0.658003</i>
                        <i>-0.179544 0.648465 0.739768 -0.963875 0.034435 -0.264121 -0.196747 -0.760465 0.618856 1.26918 1.89487 -0.657256</i>
                        <i>-0.102409 0.666461 0.738473 -0.981825 0.0515264 -0.182658 -0.159786 -0.743757 0.649072 1.25522 1.92562 -0.654299</i>
                        <i>-0.0601923 0.691118 0.720231 -0.989854 0.0517071 -0.132343 -0.128705 -0.72089 0.680993 1.25175 1.95581 -0.649439</i>
                        <i>-0.047437 0.71914 0.693244 -0.993123 0.0404135 -0.10988 -0.107036 -0.693689 0.712277 1.25556 1.99214 -0.636204</i>
                        <i>-0.0495203 0.739665 0.671151 -0.994633 0.024599 -0.100498 -0.0908446 -0.672526 0.734477 1.26022 2.03797 -0.6107</i>
                        <i>-0.062846 0.747128 0.661703 -0.994815 0.00622587 -0.101513 -0.0799631 -0.664651 0.742862 1.26549 2.08535 -0.577919</i>
                        <i>-0.0818359 0.738742 0.669002 -0.993992 -0.0115439 -0.108843 -0.0726841 -0.673889 0.735248 1.27059 2.12653 -0.543571</i>
                        <i>-0.101038 0.714234 0.692576 -0.992743 -0.0267486 -0.117243 -0.0652139 -0.699396 0.711753 1.27369 2.1543 -0.513753</i>
                        <i>-0.117091 0.674047 0.72935 -0.991749 -0.040769 -0.121539 -0.0521883 -0.737563 0.673259 1.27201 2.16212 -0.494576</i>
                        <i>-0.144402 0.595216 0.790485 -0.989442 -0.0768657 -0.122868 -0.0123717 -0.799881 0.600031 1.26717 2.15586 -0.478064</i>
                        <i>-0.189752 0.45811 0.868406 -0.979856 -0.144439 -0.137909 0.0622541 -0.877082 0.476289 1.26314 2.14629 -0.455628</i>
                        <i>-0.240004 0.273686 0.931394 -0.957957 -0.222148 -0.181571 0.157214 -0.935813 0.315496 1.26036 2.1351 -0.432375</i>
                        <i>-0.282395 0.0764334 0.956249 -0.92488 -0.286309 -0.250246 0.254656 -0.955084 0.151544 1.25978 2.12475 -0.414049</i>
                        <i>-0.31137 -0.0742958 0.94738 -0.890121 -0.326298 -0.31814 0.332765 -0.942343 0.0354672 1.26307 2.1189 -0.407605</i>
                        <i>-0.331853 -0.116226 0.936144 -0.868909 -0.348681 -0.35131 0.367247 -0.930007 0.0147209 1.27273 2.12177 -0.420888</i>
                        <i>-0.364883 -0.00215392 0.931051 -0.872392 -0.34855 -0.342701 0.325256 -0.937288 0.125301 1.29586 2.13855 -0.465637</i>
                        <i>-0.401078 0.242352 0.883404 -0.898139 -0.293776 -0.327173 0.180232 -0.924641 0.335493 1.33634 2.16127 -0.53424</i>
                        <i>-0.387839 0.53949 0.747349 -0.919349 -0.168218 -0.355668 -0.0661614 -0.825017 0.561221 1.38806 2.17855 -0.604814</i>
                        <i>-0.29605 0.786976 0.541317 -0.890692 -0.0227599 -0.454037 -0.344996 -0.616564 0.707691 1.43993 2.19103 -0.662159</i>
                        <i>-0.162813 0.925011 0.343288 -0.813428 0.0710757 -0.577307 -0.558415 -0.373233 0.740857 1.4827 2.205 -0.702339</i>
                        <i>-0.0664793 0.972424 0.223544 -0.744711 0.100751 -0.659738 -0.664067 -0.210335 0.717477 1.51112 2.22376 -0.72655</i>
                        <i>-0.00179505 0.989179 0.146701 -0.707567 0.10241 -0.699186 -0.706644 -0.105056 0.699727 1.5291 2.24988 -0.740277</i>
                        <i>0.0810611 0.995059 0.0573247 -0.681842 0.0973119 -0.724998 -0.726994 0.0196827 0.686362 1.54373 2.28296 -0.749896</i>
                        <i>0.168769 0.985064 -0.0341588 -0.66704 0.0886311 -0.739731 -0.725655 0.147629 0.672035 1.55514 2.3186 -0.7567</i>
                        <i>0.247846 0.961673 -0.11729 -0.66066 0.0792221 -0.746493 -0.708591 0.262505 0.654974 1.56368 2.35198 -0.761625</i>
                        <i>0.306747 0.934484 -0.180684 -0.659201 0.071652 -0.748546 -0.686557 0.348721 0.637991 1.56985 2.37793 -0.765458</i>
                        <i>0.336429 0.917512 -0.212104 -0.658816 0.0683789 -0.74919 -0.672888 0.391786 0.627476 1.57429 2.39114 -0.768883</i>
                        <i>0.358707 0.904393 -0.231091 -0.65706 0.0687902 -0.750693 -0.663025 0.421119 0.618916 1.5729 2.38711 -0.770815</i>
