<?xml version="1.0" encoding="ISO-8859-1" ?>
<Animl Version="1">
    <ModellingPackage>
        <![CDATA[Maya.2010]]>
</ModellingPackage>
    <SrcFile>
        <![CDATA[anims\turrets\machinegun\blue\~src\mgun_m60\mgun_m60_fire_crewman_a.mb]]>
</SrcFile>
    <FramesPerSecond>30</FramesPerSecond>
    <TotalFrames>41</TotalFrames>
    <Skeleton>
        <RefFrame>
            <Name>
                <![CDATA[soldier_ref_frame]]>
</Name>
            <Exclude>0</Exclude>
            <Additive>0</Additive>
            <IKPriority>0</IKPriority>
            <IKRotLimits>-1e+010 -1e+010 -1e+010 1e+010 1e+010 1e+010</IKRotLimits>
            <IKRotLimitOrder>0</IKRotLimitOrder>
            <KeyFrames count="41">
                <i>1 0 0 0 1 0 0 0 1 0 0.9 -1.98</i>
                <i>1 0 0 0 1 0 0 0 1 0 0.9 -1.98</i>
                <i>1 0 0 0 1 0 0 0 1 0 0.9 -1.98</i>
                <i>1 0 0 0 1 0 0 0 1 0 0.9 -1.98</i>
                <i>1 0 0 0 1 0 0 0 1 0 0.9 -1.98</i>
                <i>1 0 0 0 1 0 0 0 1 0 0.9 -1.98</i>
                <i>1 0 0 0 1 0 0 0 1 0 0.9 -1.98</i>
                <i>1 0 0 0 1 0 0 0 1 0 0.9 -1.98</i>
                <i>1 0 0 0 1 0 0 0 1 0 0.9 -1.98</i>
                <i>1 0 0 0 1 0 0 0 1 0 0.9 -1.98</i>
                <i>1 0 0 0 1 0 0 0 1 0 0.9 -1.98</i>
                <i>1 0 0 0 1 0 0 0 1 0 0.9 -1.98</i>
                <i>1 0 0 0 1 0 0 0 1 0 0.9 -1.98</i>
                <i>1 0 0 0 1 0 0 0 1 0 0.9 -1.98</i>
                <i>1 0 0 0 1 0 0 0 1 0 0.9 -1.98</i>
                <i>1 0 0 0 1 0 0 0 1 0 0.9 -1.98</i>
                <i>1 0 0 0 1 0 0 0 1 0 0.9 -1.98</i>
                <i>1 0 0 0 1 0 0 0 1 0 0.9 -1.98</i>
                <i>1 0 0 0 1 0 0 0 1 0 0.9 -1.98</i>
                <i>1 0 0 0 1 0 0 0 1 0 0.9 -1.98</i>
                <i>1 0 0 0 1 0 0 0 1 0 0.9 -1.98</i>
                <i>1 0 0 0 1 0 0 0 1 0 0.9 -1.98</i>
                <i>1 0 0 0 1 0 0 0 1 0 0.9 -1.98</i>
                <i>1 0 0 0 1 0 0 0 1 0 0.9 -1.98</i>
                <i>1 0 0 0 1 0 0 0 1 0 0.9 -1.98</i>
                <i>1 0 0 0 1 0 0 0 1 0 0.9 -1.98</i>
                <i>1 0 0 0 1 0 0 0 1 0 0.9 -1.98</i>
                <i>1 0 0 0 1 0 0 0 1 0 0.9 -1.98</i>
                <i>1 0 0 0 1 0 0 0 1 0 0.9 -1.98</i>
                <i>1 0 0 0 1 0 0 0 1 0 0.9 -1.98</i>
                <i>1 0 0 0 1 0 0 0 1 0 0.9 -1.98</i>
                <i>1 0 0 0 1 0 0 0 1 0 0.9 -1.98</i>
                <i>1 0 0 0 1 0 0 0 1 0 0.9 -1.98</i>
                <i>1 0 0 0 1 0 0 0 1 0 0.9 -1.98</i>
                <i>1 0 0 0 1 0 0 0 1 0 0.9 -1.98</i>
                <i>1 0 0 0 1 0 0 0 1 0 0.9 -1.98</i>
                <i>1 0 0 0 1 0 0 0 1 0 0.9 -1.98</i>
                <i>1 0 0 0 1 0 0 0 1 0 0.9 -1.98</i>
                <i>1 0 0 0 1 0 0 0 1 0 0.9 -1.98</i>
                <i>1 0 0 0 1 0 0 0 1 0 0.9 -1.98</i>
                <i>1 0 0 0 1 0 0 0 1 0 0.9 -1.98</i>
            </KeyFrames>
        </RefFrame>
        <Bones count="23">
            <i>
                <p>
                    <Name>
                        <![CDATA[pelvis]]>
</Name>
                    <Exclude>0</Exclude>
                    <Additive>0</Additive>
                    <IKPriority>0</IKPriority>
                    <IKRotLimits>-1e+010 -1e+010 -1e+010 1e+010 1e+010 1e+010</IKRotLimits>
                    <IKRotLimitOrder>2</IKRotLimitOrder>
                    <KeyFrames count="41">
                        <i>1 0 0 0 1 0 0 0 1 -0.0388516 1.83898 -2.24175</i>
                        <i>1 0 0 0 1 0 0 0 1 -0.0378041 1.85947 -2.23939</i>
                        <i>1 0 0 0 1 0 0 0 1 -0.035406 1.89428 -2.23337</i>
                        <i>1 0 0 0 1 0 0 0 1 -0.032127 1.87259 -2.22549</i>
                        <i>1 0 0 0 1 0 0 0 1 -0.0283514 1.81839 -2.21763</i>
                        <i>1 0 0 0 1 0 0 0 1 -0.0243293 1.78598 -2.24514</i>
                        <i>1 0 0 0 1 0 0 0 1 -0.0202073 1.81726 -2.24516</i>
                        <i>1 0 0 0 1 0 0 0 1 -0.0145558 1.82139 -2.24091</i>
                        <i>1 0 0 0 1 0 0 0 1 -0.00901154 1.82091 -2.24211</i>
                        <i>1 0 0 0 1 0 0 0 1 -0.00667149 1.85928 -2.23976</i>
                        <i>1 0 0 0 1 0 0 0 1 -0.00659404 1.89405 -2.23375</i>
                        <i>1 0 0 0 1 0 0 0 1 -0.00860177 1.87252 -2.22587</i>
                        <i>1 0 0 0 1 0 0 0 1 -0.0119861 1.81839 -2.21797</i>
                        <i>1 0 0 0 1 0 0 0 1 -0.0160245 1.78598 -2.24537</i>
                        <i>1 0 0 0 1 0 0 0 1 -0.0202239 1.81726 -2.24522</i>
                        <i>1 0 0 0 1 0 0 0 1 -0.0231325 1.82137 -2.24084</i>
                        <i>1 0 0 0 1 0 0 0 1 -0.0265222 1.83899 -2.242</i>
                        <i>1 0 0 0 1 0 0 0 1 -0.0310333 1.8594 -2.23957</i>
                        <i>1 0 0 0 1 0 0 0 1 -0.0350132 1.89425 -2.23344</i>
                        <i>1 0 0 0 1 0 0 0 1 -0.0378061 1.8726 -2.22542</i>
                        <i>1 0 0 0 1 0 0 0 1 -0.0389103 1.81839 -2.21741</i>
                        <i>1 0 0 0 1 0 0 0 1 -0.0380977 1.78597 -2.24482</i>
                        <i>1 0 0 0 1 0 0 0 1 -0.0359011 1.81727 -2.24478</i>
                        <i>1 0 0 0 1 0 0 0 1 -0.0322129 1.82133 -2.24061</i>
                        <i>1 0 0 0 1 0 0 0 1 -0.0271342 1.8209 -2.24194</i>
                        <i>1 0 0 0 1 0 0 0 1 -0.0222438 1.85938 -2.23963</i>
                        <i>1 0 0 0 1 0 0 0 1 -0.0179184 1.89414 -2.23364</i>
                        <i>1 0 0 0 1 0 0 0 1 -0.0144695 1.87254 -2.22579</i>
                        <i>1 0 0 0 1 0 0 0 1 -0.0120179 1.81839 -2.21796</i>
                        <i>1 0 0 0 1 0 0 0 1 -0.0105407 1.78598 -2.24545</i>
                        <i>1 0 0 0 1 0 0 0 1 -0.0100377 1.81726 -2.2454</i>
                        <i>1 0 0 0 1 0 0 0 1 -0.0086883 1.8214 -2.24099</i>
                        <i>1 0 0 0 1 0 0 0 1 -0.00887482 1.839 -2.24211</i>
                        <i>1 0 0 0 1 0 0 0 1 -0.0126265 1.85931 -2.23974</i>
                        <i>1 0 0 0 1 0 0 0 1 -0.0176195 1.89411 -2.23368</i>
                        <i>1 0 0 0 1 0 0 0 1 -0.0230463 1.87256 -2.22571</i>
                        <i>1 0 0 0 1 0 0 0 1 -0.0282141 1.81839 -2.21772</i>
                        <i>1 0 0 0 1 0 0 0 1 -0.0325991 1.78598 -2.24505</i>
                        <i>1 0 0 0 1 0 0 0 1 -0.035931 1.81727 -2.24487</i>
                        <i>1 0 0 0 1 0 0 0 1 -0.0378918 1.82132 -2.24054</i>
                        <i>1 0 0 0 1 0 0 0 1 -0.0388516 1.82089 -2.24175</i>
                    </KeyFrames>
                </p>
            </i>
            <i>
                <p>
                    <Name>
                        <![CDATA[spine0]]>
</Name>
                    <Exclude>0</Exclude>
                    <Additive>1</Additive>
                    <IKPriority>0</IKPriority>
                    <IKRotLimits>-1e+010 -1e+010 -1e+010 1e+010 1e+010 1e+010</IKRotLimits>
                    <IKRotLimitOrder>0</IKRotLimitOrder>
                    <KeyFrames count="41">
                        <i>-0.0464832 0.988126 0.146444 -0.988032 -0.0238944 -0.152387 -0.147078 -0.151775 0.977411 -0.0496189 1.96852 -2.3034</i>
                        <i>-0.00719099 0.991508 0.129845 -0.991648 0.00965013 -0.128608 -0.128769 -0.129685 0.983158 -0.0425444 1.99244 -2.29409</i>
                        <i>0.0178432 0.993834 0.109429 -0.995375 0.0279892 -0.091896 -0.0943922 -0.107283 0.989738 -0.0354701 2.03006 -2.28092</i>
                        <i>0.00113515 0.994914 0.100719 -0.997975 0.00753323 -0.0631662 -0.0636037 -0.100444 0.992908 -0.0351867 2.00725 -2.27602</i>
                        <i>-0.0284158 0.994429 0.101504 -0.998639 -0.0237991 -0.0464083 -0.043734 -0.102684 0.993752 -0.0359597 1.95057 -2.2739</i>
                        <i>-0.0957005 0.987706 0.123606 -0.994693 -0.0901772 -0.0495449 -0.0377894 -0.127691 0.991094 -0.0356326 1.91736 -2.30264</i>
                        <i>-0.152261 0.987796 0.0327884 -0.983388 -0.148097 -0.104958 -0.0988213 -0.0482247 0.993936 -0.0324958 1.94371 -2.31266</i>
                        <i>-0.118056 0.990063 0.0764074 -0.972782 -0.0998578 -0.209104 -0.199396 -0.0990137 0.974904 -0.0232546 1.94936 -2.30606</i>
                        <i>-0.0639414 0.988024 0.140425 -0.96226 -0.0237443 -0.271094 -0.264513 -0.15246 0.952255 -0.0122288 1.95049 -2.30452</i>
                        <i>-0.0232851 0.992325 0.121448 -0.967137 0.00840673 -0.254118 -0.253188 -0.123374 0.959518 -0.00433924 1.99189 -2.29548</i>
                        <i>0.00510886 0.994917 0.10057 -0.97696 0.026424 -0.211779 -0.21336 -0.0971707 0.972129 -0.000827883 2.02933 -2.28235</i>
                        <i>-0.00905092 0.99538 0.0955849 -0.986076 0.00698895 -0.166151 -0.166052 -0.0957577 0.981457 -0.00638155 2.00694 -2.27709</i>
                        <i>-0.0362649 0.9944 0.099268 -0.991968 -0.023774 -0.124238 -0.121182 -0.102976 0.987274 -0.0151802 1.95059 -2.27462</i>
                        <i>-0.101452 0.987469 0.120885 -0.991258 -0.0900355 -0.0964384 -0.0843459 -0.129612 0.987971 -0.0246174 1.91747 -2.30308</i>
                        <i>-0.15268 0.987767 0.0316923 -0.98194 -0.147997 -0.11786 -0.111728 -0.0491147 0.992524 -0.031635 1.94377 -2.31277</i>
                        <i>-0.116392 0.990138 0.0779655 -0.97706 -0.100052 -0.187996 -0.178341 -0.0980583 0.97907 -0.0332343 1.94928 -2.3059</i>
                        <i>-0.0562387 0.988069 0.143374 -0.975548 -0.0238217 -0.218491 -0.212469 -0.152156 0.965249 -0.0331212 1.96855 -2.30419</i>
                        <i>-0.0130239 0.991804 0.127102 -0.98479 0.00930224 -0.173497 -0.173258 -0.127428 0.976598 -0.0332792 1.99225 -2.29474</i>
                        <i>0.0159596 0.993995 0.108259 -0.993636 0.0278414 -0.109147 -0.111506 -0.105828 0.988113 -0.0342528 2.02996 -2.28118</i>
                        <i>0.00260035 0.994847 0.101352 -0.998786 0.00757032 -0.0486829 -0.0491993 -0.101103 0.993659 -0.0415976 2.0073 -2.27582</i>
                        <i>-0.023542 0.994448 0.102566 -0.999716 -0.0238031 0.00132313 0.00375717 -0.102506 0.994725 -0.0491963 1.95056 -2.27326</i>
                        <i>-0.0876846 0.988037 0.126865 -0.995817 -0.0902236 0.0143969 0.0256709 -0.125072 0.991816 -0.0530659 1.91721 -2.30183</i>
                        <i>-0.149621 0.987978 0.0388896 -0.988417 -0.148444 -0.0315761 -0.0254236 -0.0431635 0.998744 -0.0531458 1.94337 -2.31184</i>
                        <i>-0.111963 0.990339 0.0818052 -0.985969 -0.100456 -0.133319 -0.123813 -0.0955841 0.987691 -0.0459133 1.94908 -2.30534</i>
                        <i>-0.053428 0.988086 0.144333 -0.97963 -0.0238455 -0.199388 -0.193571 -0.152046 0.969233 -0.0349469 1.95045 -2.304</i>
                        <i>-0.0153723 0.991923 0.125904 -0.9814 0.00913026 -0.191756 -0.191357 -0.12651 0.973333 -0.023464 1.99217 -2.29496</i>
                        <i>0.0099828 0.994503 0.104235 -0.985926 0.0271861 -0.164958 -0.166884 -0.101121 0.980777 -0.0144575 2.02962 -2.28191</i>
                        <i>-0.00647959 0.995263 0.0970079 -0.99016 0.00717577 -0.139758 -0.139792 -0.0969589 0.985422 -0.0136152 2.00702 -2.27688</i>
                        <i>-0.0358336 0.994401 0.0994082 -0.992498 -0.023776 -0.119929 -0.116894 -0.10296 0.987793 -0.015458 1.95059 -2.27459</i>
                        <i>-0.103492 0.987384 0.119839 -0.989482 -0.0899622 -0.113284 -0.101074 -0.130302 0.986309 -0.0181552 1.91752 -2.30321</i>
                        <i>-0.153727 0.987695 0.0287434 -0.977261 -0.147675 -0.152161 -0.146044 -0.051481 0.987938 -0.0191072 1.94393 -2.313</i>
                        <i>-0.12007 0.989972 0.0744276 -0.966851 -0.0995887 -0.235122 -0.225352 -0.100191 0.969112 -0.0156468 1.94945 -2.30619</i>
                        <i>-0.0645505 0.988021 0.140171 -0.961074 -0.0237374 -0.275269 -0.268645 -0.152484 0.951093 -0.0118211 1.96859 -2.30453</i>
                        <i>-0.0212176 0.99222 0.122677 -0.971302 0.00861801 -0.237694 -0.236902 -0.1242 0.963562 -0.0112374 1.99197 -2.29538</i>
                        <i>0.00863631 0.994617 0.103258 -0.983702 0.026997 -0.177769 -0.1796 -0.10004 0.97864 -0.0135315 2.02954 -2.28205</i>
                        <i>-0.00437717 0.995166 0.0981059 -0.992941 0.007303 -0.118382 -0.118526 -0.0979316 0.98811 -0.0232918 2.00709 -2.27668</i>
                        <i>-0.0303941 0.994422 0.101002 -0.997542 -0.023795 -0.0659112 -0.0631402 -0.102757 0.9927 -0.0347218 1.95058 -2.27411</i>
                        <i>-0.0933957 0.987801 0.124604 -0.99544 -0.0902081 -0.0309954 -0.019377 -0.126931 0.991722 -0.0449694 1.91731 -2.30243</i>
                        <i>-0.150282 0.987933 0.0374718 -0.98772 -0.148396 -0.0488734 -0.042723 -0.0443564 0.998102 -0.0520126 1.94345 -2.31206</i>
                        <i>-0.110769 0.990394 0.0827686 -0.987798 -0.100539 -0.118941 -0.109477 -0.0949337 0.989446 -0.05253 1.94902 -2.30515</i>
                        <i>-0.0464832 0.988126 0.146444 -0.988032 -0.0238944 -0.152387 -0.147078 -0.151775 0.977411 -0.0496189 1.95042 -2.3034</i>
                    </KeyFrames>
                </p>
            </i>
            <i>
                <p>
                    <Name>
                        <![CDATA[spine1]]>
</Name>
                    <Exclude>0</Exclude>
                    <Additive>1</Additive>
                    <IKPriority>0</IKPriority>
                    <IKRotLimits>-1e+010 -1e+010 -1e+010 1e+010 1e+010 1e+010</IKRotLimits>
                    <IKRotLimitOrder>0</IKRotLimitOrder>
                    <KeyFrames count="41">
                        <i>0.0472344 0.792657 0.607836 -0.992798 0.104325 -0.0588964 -0.110097 -0.600676 0.791875 -0.0583434 2.15431 -2.27596</i>
                        <i>0.0542806 0.832242 0.551749 -0.994456 0.0948967 -0.0453056 -0.0900645 -0.546231 0.832779 -0.0438268 2.1701 -2.27087</i>
                        <i>0.0342334 0.879024 0.475546 -0.997931 0.0559715 -0.0316221 -0.0544136 -0.47348 0.879122 -0.0324349 2.19916 -2.26229</i>
                        <i>0.0233112 0.870431 0.491739 -0.998573 0.0439172 -0.0304002 -0.0480571 -0.490328 0.870212 -0.034987 2.18117 -2.25844</i>
                        <i>0.0089137 0.843733 0.536689 -0.99849 0.0366003 -0.040956 -0.0541989 -0.535514 0.842785 -0.0411194 2.13124 -2.25552</i>
                        <i>-0.0479294 0.855674 0.515291 -0.997109 -0.0105356 -0.0752504 -0.0589609 -0.517408 0.853705 -0.053382 2.10059 -2.2798</i>
                        <i>-0.0967204 0.874581 0.475135 -0.990317 -0.0367977 -0.133859 -0.0995871 -0.483481 0.869672 -0.0600126 2.12226 -2.30679</i>
                        <i>-0.0694462 0.815224 0.574966 -0.984724 0.0362336 -0.170312 -0.159676 -0.578011 0.800255 -0.0447269 2.12955 -2.29221</i>
                        <i>-0.0268581 0.792225 0.609638 -0.978333 0.104409 -0.178781 -0.205286 -0.601231 0.772256 -0.0242238 2.13626 -2.27821</i>
                        <i>-0.0162024 0.835817 0.548769 -0.980512 0.0941894 -0.172407 -0.195789 -0.540868 0.818003 -0.00849942 2.1697 -2.27377</i>
                        <i>-0.0229313 0.883883 0.467145 -0.986764 0.0550223 -0.152546 -0.160536 -0.46446 0.870922 3.95929e-005 2.19861 -2.26523</i>
                        <i>-0.0274946 0.872755 0.487384 -0.990053 0.0435275 -0.133796 -0.137986 -0.486215 0.862876 -0.00796037 2.18094 -2.2604</i>
                        <i>-0.0330227 0.843575 0.535995 -0.992246 0.0366238 -0.118773 -0.119824 -0.535761 0.835824 -0.0217611 2.13126 -2.25664</i>
                        <i>-0.072146 0.854675 0.514127 -0.992467 -0.010344 -0.122074 -0.0990158 -0.519061 0.848983 -0.0434297 2.10066 -2.28074</i>
                        <i>-0.102891 0.874156 0.474621 -0.988494 -0.036672 -0.146749 -0.110876 -0.484259 0.867871 -0.0592269 2.12232 -2.30709</i>
                        <i>-0.057049 0.815787 0.575532 -0.988165 0.0360775 -0.149089 -0.142388 -0.577226 0.804074 -0.0544053 2.12948 -2.29178</i>
                        <i>0.00624331 0.792418 0.609947 -0.986592 0.104361 -0.125483 -0.163089 -0.600985 0.782444 -0.0436732 2.15434 -2.27733</i>
                        <i>0.0292305 0.833512 0.551727 -0.99137 0.0947402 -0.0906043 -0.127791 -0.544317 0.829089 -0.0356046 2.16996 -2.27202</i>
                        <i>0.0260105 0.879723 0.474774 -0.997234 0.0559123 -0.048968 -0.069624 -0.472187 0.878744 -0.0315383 2.19908 -2.26276</i>
                        <i>0.0304437 0.870104 0.491926 -0.998908 0.0439326 -0.0158875 -0.0354354 -0.490905 0.870492 -0.041142 2.1812 -2.25812</i>
                        <i>0.034521 0.843829 0.5355 -0.999307 0.0365972 0.00675125 -0.0139009 -0.535362 0.844508 -0.0534735 2.13124 -2.25469</i>
                        <i>-0.014955 0.857035 0.515042 -0.999879 -0.0106499 -0.0113115 -0.00420923 -0.515149 0.857091 -0.0693337 2.1005 -2.27838</i>
                        <i>-0.0616675 0.876998 0.47652 -0.997474 -0.0372913 -0.0604537 -0.0352478 -0.479044 0.877083 -0.0801896 2.12196 -2.30487</i>
                        <i>-0.0251296 0.817235 0.575756 -0.994911 0.0357714 -0.0941986 -0.097578 -0.575193 0.812177 -0.0662816 2.12932 -2.29051</i>
                        <i>0.0181574 0.792487 0.609618 -0.988855 0.104348 -0.106196 -0.147771 -0.600896 0.78555 -0.0449724 2.13623 -2.27696</i>
                        <i>0.0189915 0.834032 0.551389 -0.989517 0.0946462 -0.10908 -0.143163 -0.543537 0.827086 -0.0262094 2.1699 -2.27245</i>
                        <i>-0.000598773 0.881985 0.471277 -0.992898 0.0555437 -0.10521 -0.11897 -0.467993 0.875688 -0.0127604 2.19883 -2.26417</i>
                        <i>-0.0144587 0.872158 0.48901 -0.993271 0.0436747 -0.107263 -0.114908 -0.48727 0.865658 -0.0147451 2.181 -2.25994</i>
                        <i>-0.0306953 0.843584 0.53612 -0.992752 0.0366219 -0.114464 -0.116194 -0.535747 0.836345 -0.0219608 2.13126 -2.25659</i>
                        <i>-0.0808522 0.854315 0.513428 -0.990256 -0.0102528 -0.138881 -0.113384 -0.519654 0.84682 -0.0373445 2.10069 -2.28107</i>
                        <i>-0.119309 0.873023 0.472859 -0.982815 -0.0362804 -0.180994 -0.140856 -0.486327 0.862349 -0.0468865 2.12246 -2.30786</i>
                        <i>-0.084785 0.814528 0.573895 -0.979826 0.0364559 -0.196498 -0.180975 -0.578977 0.795006 -0.037484 2.12963 -2.29271</i>
                        <i>-0.0295047 0.792209 0.609536 -0.977548 0.104413 -0.183024 -0.208637 -0.60125 0.771342 -0.0239302 2.15436 -2.27827</i>
                        <i>-0.00689945 0.835345 0.549682 -0.983291 0.0943304 -0.155695 -0.18191 -0.541572 0.820736 -0.0150279 2.16975 -2.27344</i>
                        <i>-0.00670871 0.882504 0.470256 -0.991448 0.0554205 -0.118149 -0.130329 -0.467027 0.874586 -0.0120635 2.19877 -2.26447</i>
                        <i>-0.00390876 0.871676 0.490067 -0.995351 0.0437699 -0.0857918 -0.0962328 -0.488125 0.867452 -0.0240546 2.18105 -2.25955</i>
                        <i>-0.00157372 0.843693 0.536823 -0.9975 0.036604 -0.0604526 -0.0706534 -0.535576 0.841526 -0.0402397 2.13125 -2.25582</i>
                        <i>-0.0383581 0.856069 0.515436 -0.998334 -0.0105861 -0.0567127 -0.0430935 -0.516753 0.855049 -0.0622928 2.10056 -2.2794</i>
                        <i>-0.0699233 0.876429 0.476427 -0.996277 -0.0372087 -0.0777708 -0.0504333 -0.480092 0.875767 -0.079175 2.12203 -2.30535</i>
                        <i>-0.0167817 0.817614 0.575522 -0.996172 0.0357142 -0.0797847 -0.0857874 -0.574658 0.813885 -0.0726821 2.12927 -2.29015</i>
                        <i>0.0472344 0.792657 0.607836 -0.992798 0.104325 -0.0588964 -0.110097 -0.600676 0.791875 -0.0583434 2.13622 -2.27596</i>
                    </KeyFrames>
                </p>
            </i>
            <i>
                <p>
                    <Name>
                        <![CDATA[spine2]]>
</Name>
                    <Exclude>0</Exclude>
                    <Additive>1</Additive>
                    <IKPriority>0</IKPriority>
                    <IKRotLimits>-1e+010 -1e+010 -1e+010 1e+010 1e+010 1e+010</IKRotLimits>
                    <IKRotLimitOrder>0</IKRotLimitOrder>
                    <KeyFrames count="41">
                        <i>0.0264803 0.615701 0.787535 -0.999555 0.0271343 0.0123955 -0.0137373 -0.787513 0.616145 -0.0501471 2.29102 -2.17067</i>
                        <i>0.0133671 0.670706 0.741603 -0.999884 0.014392 0.0050064 -0.00731534 -0.741584 0.67082 -0.0348339 2.30701 -2.17985</i>
                        <i>-0.025907 0.729968 0.68299 -0.999596 -0.0269314 -0.00913255 0.0117274 -0.68295 0.730371 -0.0270243 2.3366 -2.18786</i>
                        <i>-0.023944 0.694921 0.718687 -0.999652 -0.00866367 -0.0249276 -0.0110962 -0.719034 0.694887 -0.0312178 2.32095 -2.17931</i>
                        <i>-0.0196962 0.640143 0.768003 -0.998896 0.0201634 -0.0424243 -0.0426432 -0.767991 0.639039 -0.0396457 2.27196 -2.16571</i>
                        <i>-0.0161174 0.719204 0.694612 -0.996753 0.0432559 -0.0679156 -0.0788912 -0.693451 0.716172 -0.0616083 2.24634 -2.19169</i>
                        <i>-0.0239319 0.723917 0.689472 -0.993801 0.0576722 -0.0950488 -0.108571 -0.687473 0.718049 -0.0761362 2.26742 -2.22766</i>
                        <i>-0.060042 0.607714 0.791883 -0.994222 0.0343128 -0.101716 -0.0889862 -0.793415 0.602142 -0.0563546 2.26567 -2.19586</i>
                        <i>-0.0692428 0.615143 0.785369 -0.993683 0.0271685 -0.108889 -0.0883195 -0.787947 0.609376 -0.0288625 2.2729 -2.1726</i>
                        <i>-0.0810674 0.675496 0.732894 -0.992348 0.0140097 -0.122679 -0.0931367 -0.73723 0.669191 -0.0111352 2.30719 -2.18322</i>
                        <i>-0.10779 0.736928 0.667321 -0.991185 -0.0276464 -0.129572 -0.0770363 -0.675405 0.733412 -0.00349699 2.33682 -2.19211</i>
                        <i>-0.0980281 0.69831 0.709051 -0.991705 -0.00902714 -0.128215 -0.0831334 -0.715739 0.693403 -0.012366 2.32109 -2.18198</i>
                        <i>-0.0796018 0.639918 0.76431 -0.992536 0.0201874 -0.120273 -0.0923942 -0.768178 0.633534 -0.0273049 2.27195 -2.16695</i>
                        <i>-0.0487951 0.717856 0.69448 -0.992459 0.0434331 -0.114627 -0.112449 -0.694836 0.710323 -0.0557965 2.24624 -2.19284</i>
                        <i>-0.0328932 0.723299 0.689751 -0.992482 0.0577632 -0.107903 -0.117888 -0.688115 0.715961 -0.076378 2.2674 -2.22806</i>
                        <i>-0.0429706 0.608488 0.792399 -0.996183 0.0342239 -0.0803022 -0.0759819 -0.792825 0.604695 -0.0639554 2.2657 -2.19533</i>
                        <i>-0.0265453 0.615392 0.787774 -0.998126 0.0271427 -0.0548367 -0.0551283 -0.787754 0.613518 -0.0425777 2.291 -2.17167</i>
                        <i>-0.0202645 0.672412 0.7399 -0.99908 0.0143513 -0.0404053 -0.0377875 -0.740038 0.671503 -0.0307445 2.30708 -2.18099</i>
                        <i>-0.0377124 0.730972 0.681365 -0.999288 -0.0269576 -0.0263887 -0.000921486 -0.681875 0.731468 -0.0274146 2.33664 -2.18845</i>
                        <i>-0.0135165 0.694444 0.719419 -0.999908 -0.00865193 -0.0104347 -0.00102197 -0.719494 0.694498 -0.0362252 2.32093 -2.17897</i>
                        <i>0.0169873 0.640281 0.767953 -0.999783 0.0201601 0.00530694 -0.0120841 -0.767876 0.640485 -0.0477147 2.27197 -2.16508</i>
                        <i>0.0282695 0.721036 0.692321 -0.99906 0.0431607 -0.0041564 -0.032878 -0.691552 0.721578 -0.0719219 2.24648 -2.19032</i>
                        <i>0.0267201 0.727409 0.685683 -0.998111 0.057375 -0.0219716 -0.0553235 -0.683801 0.727568 -0.0904756 2.26752 -2.22551</i>
                        <i>0.000957526 0.610482 0.79203 -0.999104 0.0340913 -0.0250691 -0.0423055 -0.791296 0.609967 -0.0704824 2.26578 -2.19402</i>
                        <i>-0.0111506 0.615482 0.788072 -0.999007 0.0271375 -0.0353294 -0.0431309 -0.787684 0.614568 -0.0418131 2.27291 -2.17136</i>
                        <i>-0.0339894 0.673108 0.738763 -0.998158 0.0143045 -0.0589571 -0.0502521 -0.739406 0.671382 -0.0230386 2.3071 -2.18148</i>
                        <i>-0.0758531 0.734214 0.674668 -0.996229 -0.0272176 -0.0823865 -0.0421265 -0.678372 0.73351 -0.0128015 2.33674 -2.19041</i>
                        <i>-0.079052 0.697442 0.712268 -0.994775 -0.00888673 -0.101705 -0.0646034 -0.716586 0.6945 -0.0170532 2.32106 -2.18126</i>
                        <i>-0.0762826 0.63993 0.764637 -0.993048 0.0201855 -0.115963 -0.0896427 -0.768168 0.633942 -0.0271152 2.27195 -2.16688</i>
                        <i>-0.0605598 0.71737 0.694055 -0.990374 0.0435191 -0.131396 -0.124464 -0.695331 0.70783 -0.0511998 2.24621 -2.19328</i>
                        <i>-0.0567991 0.72165 0.689924 -0.98815 0.0580619 -0.142083 -0.142593 -0.689819 0.709801 -0.0667715 2.26736 -2.22911</i>
                        <i>-0.0811721 0.606755 0.790734 -0.991152 0.0344521 -0.128182 -0.105018 -0.794142 0.59859 -0.0516822 2.26563 -2.19653</i>
                        <i>-0.072652 0.615123 0.785077 -0.9932 0.0271714 -0.113201 -0.0909644 -0.787963 0.608967 -0.0290273 2.29099 -2.17268</i>
                        <i>-0.0686378 0.674866 0.734742 -0.994283 0.0141079 -0.105842 -0.0817946 -0.737806 0.670039 -0.0161288 2.30717 -2.18275</i>
                        <i>-0.0845974 0.734957 0.672816 -0.995076 -0.0273156 -0.0952787 -0.0516474 -0.677563 0.733649 -0.0130609 2.33676 -2.19087</i>
                        <i>-0.0636781 0.696739 0.714493 -0.996736 -0.00879705 -0.0802541 -0.0496307 -0.717271 0.695025 -0.0246651 2.32103 -2.1807</i>
                        <i>-0.0346972 0.640087 0.767519 -0.997877 0.0201673 -0.0619298 -0.0551192 -0.768038 0.638028 -0.040521 2.27196 -2.16599</i>
                        <i>-0.00322057 0.719737 0.69424 -0.997843 0.0432109 -0.0494269 -0.0655731 -0.692901 0.718045 -0.0688825 2.24638 -2.19127</i>
                        <i>0.0148288 0.726589 0.686912 -0.997581 0.0574116 -0.0391925 -0.0679135 -0.684669 0.725683 -0.090836 2.26749 -2.22601</i>
                        <i>0.0124399 0.611002 0.791531 -0.999363 0.0340796 -0.0106006 -0.033452 -0.790895 0.611037 -0.0754838 2.2658 -2.1937</i>
                        <i>0.0264803 0.615701 0.787535 -0.999555 0.0271343 0.0123955 -0.0137373 -0.787513 0.616145 -0.0501471 2.27293 -2.17067</i>
                    </KeyFrames>
                </p>
            </i>
            <i>
                <p>
                    <Name>
                        <![CDATA[head]]>
</Name>
                    <Exclude>0</Exclude>
                    <Additive>1</Additive>
                    <IKPriority>0</IKPriority>
                    <IKRotLimits>-1e+010 -1e+010 -1e+010 1e+010 1e+010 1e+010</IKRotLimits>
                    <IKRotLimitOrder>0</IKRotLimitOrder>
                    <KeyFrames count="41">
                        <i>-0.00987754 0.899882 0.436021 0.0313365 0.436106 -0.899349 -0.99946 0.00478002 -0.0325069 -0.0482297 2.46549 -1.9693</i>
                        <i>-0.0278093 0.92929 0.368302 0.0318762 0.369081 -0.92885 -0.999105 -0.0140906 -0.0398861 -0.0370001 2.49204 -1.99594</i>
                        <i>-0.0708125 0.914487 0.398371 0.023474 0.40079 -0.915869 -0.997213 -0.0555036 -0.0498477 -0.0390631 2.5312 -2.0234</i>
                        <i>-0.0352917 0.91383 0.40456 0.0785783 0.406096 -0.910446 -0.996283 -0.000341509 -0.086139 -0.0419564 2.50803 -2.00146</i>
                        <i>0.0158532 0.908794 0.416943 0.135669 0.411184 -0.9014 -0.990627 0.0708563 -0.116776 -0.0482153 2.44738 -1.97008</i>
                        <i>0.0492901 0.951047 0.305089 0.128488 0.296885 -0.94623 -0.990486 0.0858399 -0.107564 -0.0638475 2.44741 -2.0176</i>
                        <i>0.0484907 0.921528 0.385272 0.127384 0.37687 -0.917465 -0.990667 0.0935662 -0.0991137 -0.0769161 2.46588 -2.05648</i>
                        <i>-0.0185986 0.900484 0.434491 0.129834 0.433061 -0.891965 -0.991361 0.0398223 -0.124968 -0.0721068 2.43366 -1.99501</i>
                        <i>-0.0627178 0.899575 0.432241 0.140147 0.43674 -0.888604 -0.988142 0.00484596 -0.153464 -0.0513862 2.44723 -1.97236</i>
                        <i>-0.0741797 0.931642 0.355724 0.150258 0.363076 -0.919564 -0.98586 -0.0147625 -0.16692 -0.0366674 2.49341 -2.0023</i>
                        <i>-0.11786 0.918486 0.377482 0.134218 0.391377 -0.91039 -0.983918 -0.0566337 -0.169405 -0.035199 2.53308 -2.03232</i>
                        <i>-0.0767492 0.915727 0.394404 0.172486 0.401801 -0.899336 -0.982017 -0.000994032 -0.188788 -0.041409 2.50901 -2.00707</i>
                        <i>-0.0167566 0.908671 0.417176 0.205623 0.411448 -0.887936 -0.978488 0.070902 -0.193738 -0.0511233 2.44731 -1.97254</i>
                        <i>0.034846 0.950451 0.308914 0.172826 0.298714 -0.938563 -0.984336 0.0860937 -0.153854 -0.0662286 2.44697 -2.01866</i>
                        <i>0.043475 0.921182 0.386695 0.139293 0.377692 -0.915394 -0.989296 0.0936607 -0.111894 -0.0793834 2.46571 -2.05672</i>
                        <i>-0.00924109 0.900909 0.43391 0.110579 0.432188 -0.894978 -0.993824 0.0397106 -0.103615 -0.0753777 2.43388 -1.99435</i>
                        <i>-0.0391871 0.899712 0.434722 0.0917363 0.436458 -0.895036 -0.995012 0.00480594 -0.0996398 -0.0542081 2.4654 -1.97056</i>
                        <i>-0.0444451 0.930134 0.36452 0.0740126 0.366944 -0.927294 -0.996266 -0.0142346 -0.0851505 -0.0412443 2.49253 -1.9978</i>
                        <i>-0.0776837 0.915071 0.39574 0.039324 0.399443 -0.915914 -0.996202 -0.0555895 -0.0670145 -0.0422951 2.53147 -2.02451</i>
                        <i>-0.029417 0.913562 0.405635 0.0653696 0.4067 -0.91122 -0.997427 -0.000289163 -0.0716831 -0.0443827 2.50789 -2.00085</i>
                        <i>0.0357358 0.908869 0.415548 0.0924803 0.411022 -0.906923 -0.995073 0.0708395 -0.0693643 -0.0469361 2.44743 -1.9693</i>
                        <i>0.0686169 0.951845 0.298803 0.067696 0.294376 -0.953289 -0.995344 0.0856394 -0.044237 -0.063042 2.44801 -2.01697</i>
                        <i>0.0765304 0.923462 0.375981 0.0594738 0.372188 -0.92625 -0.995292 0.0932473 -0.0264381 -0.0786971 2.46685 -2.05574</i>
                        <i>0.014752 0.901998 0.431489 0.0607905 0.429929 -0.900814 -0.998042 0.0395192 -0.0484906 -0.0707635 2.43447 -1.99315</i>
                        <i>-0.0306877 0.899761 0.435302 0.0742325 0.436356 -0.896707 -0.996769 0.00479571 -0.0801823 -0.0495124 2.44733 -1.97008</i>
                        <i>-0.0511957 0.930477 0.362757 0.0912158 0.366071 -0.926106 -0.994514 -0.0143235 -0.103615 -0.0369354 2.49273 -1.99868</i>
                        <i>-0.0996819 0.916941 0.386372 0.0907977 0.395068 -0.914154 -0.990868 -0.0560429 -0.122637 -0.0368473 2.53235 -2.02849</i>
                        <i>-0.0661773 0.915243 0.39743 0.148421 0.402902 -0.903129 -0.986708 -0.000779502 -0.162505 -0.0414133 2.50876 -2.00542</i>
                        <i>-0.0149452 0.908678 0.417229 0.201765 0.411433 -0.888827 -0.97932 0.0708989 -0.189489 -0.0500892 2.44732 -1.97236</i>
                        <i>0.029601 0.950235 0.310125 0.188703 0.299369 -0.935291 -0.981588 0.0862071 -0.170451 -0.0645829 2.44681 -2.01916</i>
                        <i>0.0300141 0.920254 0.390169 0.170907 0.379872 -0.909114 -0.98483 0.0939687 -0.145876 -0.0757191 2.46526 -2.05751</i>
                        <i>-0.0302065 0.899958 0.43493 0.153594 0.434139 -0.887655 -0.987672 0.0399897 -0.151342 -0.0727936 2.43338 -1.99598</i>
                        <i>-0.0645939 0.899564 0.431987 0.144004 0.436763 -0.887976 -0.987467 0.0048499 -0.157753 -0.0524202 2.46532 -1.97254</i>
                        <i>-0.0681374 0.931336 0.35773 0.134665 0.363867 -0.921665 -0.988546 -0.0146262 -0.150211 -0.0385915 2.49323 -2.00126</i>
                        <i>-0.104681 0.917366 0.384034 0.102657 0.39406 -0.913334 -0.989193 -0.0561853 -0.135425 -0.0392047 2.53255 -2.02949</i>
                        <i>-0.0575883 0.91485 0.399666 0.12893 0.403793 -0.90572 -0.98998 -0.000629811 -0.141206 -0.0452285 2.50856 -2.00418</i>
                        <i>0.00770384 0.908764 0.41724 0.153253 0.41125 -0.898547 -0.988157 0.0708656 -0.136102 -0.052911 2.44737 -1.97056</i>
                        <i>0.0549405 0.95128 0.303392 0.110891 0.296158 -0.94868 -0.992313 0.0857645 -0.0892178 -0.0678899 2.44758 -2.01733</i>
                        <i>0.0699954 0.923011 0.378354 0.0755086 0.373293 -0.924635 -0.994685 0.0932891 -0.0435665 -0.0820026 2.46662 -2.05582</i>
                        <i>0.0210033 0.902281 0.430636 0.0477191 0.429335 -0.901884 -0.99864 0.0394921 -0.0340386 -0.0728528 2.43462 -1.99295</i>
                        <i>-0.00987754 0.899882 0.436021 0.0313365 0.436106 -0.899349 -0.99946 0.00478002 -0.0325069 -0.0482297 2.4474 -1.9693</i>
                    </KeyFrames>
                </p>
            </i>
            <i>
                <p>
                    <Name>
                        <![CDATA[head_prop]]>
</Name>
                    <Exclude>0</Exclude>
                    <Additive>0</Additive>
                    <IKPriority>0</IKPriority>
                    <IKRotLimits>-1e+010 -1e+010 -1e+010 1e+010 1e+010 1e+010</IKRotLimits>
                    <IKRotLimitOrder>0</IKRotLimitOrder>
                    <KeyFrames count="41">
                        <i>0.997012 0.00215235 -0.0772154 0.0181044 0.965258 0.260672 0.0750938 -0.261291 0.962335 -0.0512472 2.76285 -1.85916</i>
                        <i>0.997459 0.0128747 -0.0700631 0.000586826 0.982014 0.188808 0.0712338 -0.18837 0.979511 -0.0456608 2.79662 -1.90808</i>
                        <i>0.996514 0.0578752 -0.0600928 -0.04326 0.974317 0.220986 0.0713391 -0.217616 0.973424 -0.0615524 2.83204 -1.92566</i>
                        <i>0.999712 0.00361319 -0.0237271 0.00191383 0.973454 0.228876 0.0239242 -0.228855 0.973166 -0.0515505 2.80887 -1.90163</i>
                        <i>0.997766 -0.0664276 0.00712948 0.0626998 0.967897 0.243403 -0.0230693 -0.242412 0.969899 -0.0399179 2.74685 -1.8661</i>
                        <i>0.995505 -0.0946932 -0.00193205 0.0941915 0.98768 0.124962 -0.00992475 -0.124582 0.99216 -0.0452151 2.75674 -1.95029</i>
                        <i>0.995607 -0.0930168 -0.0107422 0.0932041 0.973484 0.208905 -0.00897426 -0.208988 0.977877 -0.0585699 2.76834 -1.96297</i>
                        <i>0.999335 -0.0330125 0.0155005 0.0277893 0.96451 0.262581 -0.0236188 -0.261975 0.964785 -0.0748626 2.73115 -1.88521</i>
                        <i>0.999018 0.00216404 0.0442597 -0.0136813 0.965072 0.261626 -0.0421476 -0.261974 0.964154 -0.0677503 2.74451 -1.86319</i>
                        <i>0.998253 0.0128344 0.0576693 -0.0230965 0.983215 0.180982 -0.0543785 -0.181998 0.981794 -0.0563387 2.79855 -1.91824</i>
                        <i>0.996509 0.0578756 0.0601673 -0.0690385 0.976508 0.204121 -0.0469402 -0.207562 0.977095 -0.0691458 2.8349 -1.94111</i>
                        <i>0.9968 0.0037464 0.0798527 -0.0215457 0.974527 0.223234 -0.0769823 -0.22424 0.971489 -0.0612094 2.81032 -1.9102</i>
                        <i>0.994165 -0.0664412 0.0849841 0.0434948 0.967824 0.247839 -0.0987164 -0.242697 0.965067 -0.0509727 2.74675 -1.86814</i>
                        <i>0.994499 -0.0947347 0.0446979 0.0881662 0.987432 0.131169 -0.0565623 -0.126506 0.990352 -0.0507963 2.75617 -1.94994</i>
                        <i>0.995663 -0.093013 0.0021123 0.090476 0.973296 0.210971 -0.0216789 -0.209865 0.97749 -0.0622556 2.76809 -1.96271</i>
                        <i>0.999437 -0.0330079 -0.00600511 0.0334309 0.964766 0.260978 -0.00282079 -0.261032 0.965326 -0.07577 2.73148 -1.88481</i>
                        <i>0.999948 0.00216946 -0.00999598 0.000521899 0.965155 0.261677 0.0102154 -0.261669 0.965104 -0.0646289 2.76272 -1.86075</i>
                        <i>0.999612 0.0127655 -0.024757 -0.00793032 0.982446 0.186379 0.0267017 -0.186111 0.982166 -0.053867 2.79731 -1.91112</i>
                        <i>0.997405 0.0577995 -0.042925 -0.0470651 0.97464 0.218771 0.0544813 -0.216183 0.974832 -0.0664684 2.83246 -1.92762</i>
                        <i>0.999263 0.00363374 -0.038219 0.00523725 0.973302 0.22947 0.0380325 -0.229501 0.972565 -0.0525268 2.80867 -1.9007</i>
                        <i>0.996969 -0.0664306 -0.0404992 0.074244 0.96794 0.239958 0.0232603 -0.242237 0.969938 -0.0336854 2.74692 -1.86588</i>
                        <i>0.993352 -0.0947821 -0.0653325 0.101906 0.987999 0.116076 0.0535465 -0.121963 0.991089 -0.0401696 2.75751 -1.9518</i>
                        <i>0.992136 -0.0932562 -0.0834849 0.108138 0.974514 0.196541 0.0630286 -0.204023 0.976935 -0.0535778 2.76978 -1.96537</i>
                        <i>0.997571 -0.0330926 -0.0612887 0.0477723 0.965417 0.256298 0.0506876 -0.258604 0.964653 -0.0651063 2.73234 -1.8845</i>
                        <i>0.999562 0.0021672 -0.0295298 0.00563298 0.965185 0.261507 0.0290685 -0.261559 0.96475 -0.0577864 2.74466 -1.86013</i>
                        <i>0.999899 0.0127509 -0.00620965 -0.01138 0.982621 0.185275 0.00846417 -0.185186 0.982667 -0.0511621 2.79759 -1.91255</i>
                        <i>0.998249 0.0577278 0.0129299 -0.0591565 0.975668 0.211121 -0.000427774 -0.211516 0.977375 -0.066388 2.83379 -1.93455</i>
                        <i>0.998576 0.00366514 0.0532168 -0.0155624 0.974253 0.224919 -0.0510223 -0.225427 0.972923 -0.0586155 2.80995 -1.90768</i>
                        <i>0.994524 -0.0664398 0.080668 0.0445704 0.967829 0.247632 -0.0945255 -0.242681 0.96549 -0.0494853 2.74676 -1.86797</i>
                        <i>0.993599 -0.0947719 0.0614763 0.0859251 0.987339 0.133334 -0.0733343 -0.127199 0.989163 -0.0503191 2.75596 -1.94998</i>
                        <i>0.994996 -0.093059 0.0363826 0.0830725 0.972786 0.216303 -0.0555214 -0.212198 0.975648 -0.0618711 2.76741 -1.96224</i>
                        <i>0.998565 -0.0330475 0.0421351 0.0207534 0.964191 0.264397 -0.0493639 -0.263144 0.963493 -0.0784848 2.73073 -1.88593</i>
                        <i>0.998816 0.00216286 0.0485967 -0.0148172 0.965066 0.261588 -0.0463332 -0.261999 0.963955 -0.0692582 2.7626 -1.86343</i>
                        <i>0.999087 0.0127922 0.0407646 -0.0200207 0.983059 0.182192 -0.0377434 -0.182842 0.982418 -0.0568341 2.7983 -1.91661</i>
                        <i>0.997997 0.0577491 0.0258206 -0.0618845 0.9759 0.209259 -0.0131138 -0.210438 0.977519 -0.0699599 2.8341 -1.93628</i>
                        <i>0.999491 0.00362329 0.0316905 -0.0107018 0.974031 0.226163 -0.0300481 -0.226387 0.973574 -0.0603175 2.80965 -1.90581</i>
                        <i>0.997436 -0.0664289 0.0266162 0.0579319 0.967879 0.244652 -0.0420133 -0.242483 0.969245 -0.0466469 2.74683 -1.86641</i>
                        <i>0.995298 -0.0947018 -0.0203461 0.0964888 0.987775 0.122434 0.00850264 -0.123821 0.992268 -0.0480128 2.75696 -1.9506</i>
                        <i>0.993434 -0.0931666 -0.0663946 0.104707 0.974277 0.199549 0.0460954 -0.205191 0.977636 -0.0584559 2.76944 -1.96466</i>
                        <i>0.996578 -0.0331376 -0.0757266 0.0514793 0.965585 0.254943 0.0646722 -0.257969 0.963986 -0.0656221 2.73256 -1.88459</i>
                        <i>0.997012 0.00215235 -0.0772154 0.0181044 0.965258 0.260672 0.0750938 -0.261291 0.962335 -0.0512472 2.74476 -1.85916</i>
                    </KeyFrames>
                </p>
            </i>
            <i>
                <p>
                    <Name>
                        <![CDATA[l_clav]]>
</Name>
                    <Exclude>0</Exclude>
                    <Additive>1</Additive>
                    <IKPriority>0</IKPriority>
                    <IKRotLimits>-1e+010 -1e+010 -1e+010 1e+010 1e+010 1e+010</IKRotLimits>
                    <IKRotLimitOrder>0</IKRotLimitOrder>
                    <KeyFrames count="41">
                        <i>0.765756 0.451671 0.457833 -0.628594 0.676138 0.384326 -0.135969 -0.582091 0.801675 0.0404065 2.30782 -2.09216</i>
                        <i>0.754685 0.497904 0.42725 -0.642371 0.693218 0.326816 -0.133455 -0.521096 0.843 0.0551358 2.32688 -2.10571</i>
