<?xml version="1.0" encoding="ISO-8859-1" ?>
<Animl Version="1">
    <ModellingPackage>
        <![CDATA[Maya.2010]]>
</ModellingPackage>
    <SrcFile>
        <![CDATA[anims\turrets\machinegun\blue\~src\mgun_m2browning\mgun_m2browning_fire_crewman_b.mb]]>
</SrcFile>
    <FramesPerSecond>30</FramesPerSecond>
    <TotalFrames>61</TotalFrames>
    <Skeleton>
        <RefFrame>
            <Name>
                <![CDATA[soldier_ref_frame]]>
</Name>
            <Exclude>0</Exclude>
            <Additive>0</Additive>
            <IKPriority>0</IKPriority>
            <IKRotLimits>-1e+010 -1e+010 -1e+010 1e+010 1e+010 1e+010</IKRotLimits>
            <IKRotLimitOrder>0</IKRotLimitOrder>
            <KeyFrames count="61">
                <i>1 0 0 0 1 0 0 0 1 1.36 0.92 -0.71</i>
                <i>1 0 0 0 1 0 0 0 1 1.36 0.92 -0.71</i>
                <i>1 0 0 0 1 0 0 0 1 1.36 0.92 -0.71</i>
                <i>1 0 0 0 1 0 0 0 1 1.36 0.92 -0.71</i>
                <i>1 0 0 0 1 0 0 0 1 1.36 0.92 -0.71</i>
                <i>1 0 0 0 1 0 0 0 1 1.36 0.92 -0.71</i>
                <i>1 0 0 0 1 0 0 0 1 1.36 0.92 -0.71</i>
                <i>1 0 0 0 1 0 0 0 1 1.36 0.92 -0.71</i>
                <i>1 0 0 0 1 0 0 0 1 1.36 0.92 -0.71</i>
                <i>1 0 0 0 1 0 0 0 1 1.36 0.92 -0.71</i>
                <i>1 0 0 0 1 0 0 0 1 1.36 0.92 -0.71</i>
                <i>1 0 0 0 1 0 0 0 1 1.36 0.92 -0.71</i>
                <i>1 0 0 0 1 0 0 0 1 1.36 0.92 -0.71</i>
                <i>1 0 0 0 1 0 0 0 1 1.36 0.92 -0.71</i>
                <i>1 0 0 0 1 0 0 0 1 1.36 0.92 -0.71</i>
                <i>1 0 0 0 1 0 0 0 1 1.36 0.92 -0.71</i>
                <i>1 0 0 0 1 0 0 0 1 1.36 0.92 -0.71</i>
                <i>1 0 0 0 1 0 0 0 1 1.36 0.92 -0.71</i>
                <i>1 0 0 0 1 0 0 0 1 1.36 0.92 -0.71</i>
                <i>1 0 0 0 1 0 0 0 1 1.36 0.92 -0.71</i>
                <i>1 0 0 0 1 0 0 0 1 1.36 0.92 -0.71</i>
                <i>1 0 0 0 1 0 0 0 1 1.36 0.92 -0.71</i>
                <i>1 0 0 0 1 0 0 0 1 1.36 0.92 -0.71</i>
                <i>1 0 0 0 1 0 0 0 1 1.36 0.92 -0.71</i>
                <i>1 0 0 0 1 0 0 0 1 1.36 0.92 -0.71</i>
                <i>1 0 0 0 1 0 0 0 1 1.36 0.92 -0.71</i>
                <i>1 0 0 0 1 0 0 0 1 1.36 0.92 -0.71</i>
                <i>1 0 0 0 1 0 0 0 1 1.36 0.92 -0.71</i>
                <i>1 0 0 0 1 0 0 0 1 1.36 0.92 -0.71</i>
                <i>1 0 0 0 1 0 0 0 1 1.36 0.92 -0.71</i>
                <i>1 0 0 0 1 0 0 0 1 1.36 0.92 -0.71</i>
                <i>1 0 0 0 1 0 0 0 1 1.36 0.92 -0.71</i>
                <i>1 0 0 0 1 0 0 0 1 1.36 0.92 -0.71</i>
                <i>1 0 0 0 1 0 0 0 1 1.36 0.92 -0.71</i>
                <i>1 0 0 0 1 0 0 0 1 1.36 0.92 -0.71</i>
                <i>1 0 0 0 1 0 0 0 1 1.36 0.92 -0.71</i>
                <i>1 0 0 0 1 0 0 0 1 1.36 0.92 -0.71</i>
                <i>1 0 0 0 1 0 0 0 1 1.36 0.92 -0.71</i>
                <i>1 0 0 0 1 0 0 0 1 1.36 0.92 -0.71</i>
                <i>1 0 0 0 1 0 0 0 1 1.36 0.92 -0.71</i>
                <i>1 0 0 0 1 0 0 0 1 1.36 0.92 -0.71</i>
                <i>1 0 0 0 1 0 0 0 1 1.36 0.92 -0.71</i>
                <i>1 0 0 0 1 0 0 0 1 1.36 0.92 -0.71</i>
                <i>1 0 0 0 1 0 0 0 1 1.36 0.92 -0.71</i>
                <i>1 0 0 0 1 0 0 0 1 1.36 0.92 -0.71</i>
                <i>1 0 0 0 1 0 0 0 1 1.36 0.92 -0.71</i>
                <i>1 0 0 0 1 0 0 0 1 1.36 0.92 -0.71</i>
                <i>1 0 0 0 1 0 0 0 1 1.36 0.92 -0.71</i>
                <i>1 0 0 0 1 0 0 0 1 1.36 0.92 -0.71</i>
                <i>1 0 0 0 1 0 0 0 1 1.36 0.92 -0.71</i>
                <i>1 0 0 0 1 0 0 0 1 1.36 0.92 -0.71</i>
                <i>1 0 0 0 1 0 0 0 1 1.36 0.92 -0.71</i>
                <i>1 0 0 0 1 0 0 0 1 1.36 0.92 -0.71</i>
                <i>1 0 0 0 1 0 0 0 1 1.36 0.92 -0.71</i>
                <i>1 0 0 0 1 0 0 0 1 1.36 0.92 -0.71</i>
                <i>1 0 0 0 1 0 0 0 1 1.36 0.92 -0.71</i>
                <i>1 0 0 0 1 0 0 0 1 1.36 0.92 -0.71</i>
                <i>1 0 0 0 1 0 0 0 1 1.36 0.92 -0.71</i>
                <i>1 0 0 0 1 0 0 0 1 1.36 0.92 -0.71</i>
                <i>1 0 0 0 1 0 0 0 1 1.36 0.92 -0.71</i>
                <i>1 0 0 0 1 0 0 0 1 1.36 0.92 -0.71</i>
            </KeyFrames>
        </RefFrame>
        <Bones count="23">
            <i>
                <p>
                    <Name>
                        <![CDATA[pelvis]]>
</Name>
                    <Exclude>0</Exclude>
                    <Additive>0</Additive>
                    <IKPriority>0</IKPriority>
                    <IKRotLimits>-1e+010 -1e+010 -1e+010 1e+010 1e+010 1e+010</IKRotLimits>
                    <IKRotLimitOrder>2</IKRotLimitOrder>
                    <KeyFrames count="61">
                        <i>1 0 0 0 1 0 0 0 1 1.44966 1.39351 -0.706101</i>
                        <i>1 0 0 0 1 0 0 0 1 1.45157 1.38445 -0.71772</i>
                        <i>1 0 0 0 1 0 0 0 1 1.44333 1.3838 -0.711175</i>
                        <i>1 0 0 0 1 0 0 0 1 1.46993 1.47302 -0.784631</i>
                        <i>1 0 0 0 1 0 0 0 1 1.45785 1.45177 -0.766353</i>
                        <i>1 0 0 0 1 0 0 0 1 1.44038 1.4108 -0.731284</i>
                        <i>1 0 0 0 1 0 0 0 1 1.42781 1.3785 -0.701325</i>
                        <i>1 0 0 0 1 0 0 0 1 1.43259 1.37801 -0.695482</i>
                        <i>1 0 0 0 1 0 0 0 1 1.47645 1.4681 -0.765301</i>
                        <i>1 0 0 0 1 0 0 0 1 1.49501 1.46151 -0.774236</i>
                        <i>1 0 0 0 1 0 0 0 1 1.50103 1.43473 -0.768877</i>
                        <i>1 0 0 0 1 0 0 0 1 1.48996 1.40455 -0.743065</i>
                        <i>1 0 0 0 1 0 0 0 1 1.47848 1.39676 -0.724824</i>
                        <i>1 0 0 0 1 0 0 0 1 1.49873 1.47867 -0.784095</i>
                        <i>1 0 0 0 1 0 0 0 1 1.48258 1.44728 -0.759685</i>
                        <i>1 0 0 0 1 0 0 0 1 1.46126 1.401 -0.722585</i>
                        <i>1 0 0 0 1 0 0 0 1 1.44966 1.39351 -0.706101</i>
                        <i>1 0 0 0 1 0 0 0 1 1.45157 1.38445 -0.71772</i>
                        <i>1 0 0 0 1 0 0 0 1 1.44333 1.3838 -0.711175</i>
                        <i>1 0 0 0 1 0 0 0 1 1.46993 1.47302 -0.784631</i>
                        <i>1 0 0 0 1 0 0 0 1 1.45785 1.45177 -0.766353</i>
                        <i>1 0 0 0 1 0 0 0 1 1.44038 1.4108 -0.731284</i>
                        <i>1 0 0 0 1 0 0 0 1 1.42781 1.3785 -0.701325</i>
                        <i>1 0 0 0 1 0 0 0 1 1.43259 1.37801 -0.695482</i>
                        <i>1 0 0 0 1 0 0 0 1 1.47645 1.4681 -0.765301</i>
                        <i>1 0 0 0 1 0 0 0 1 1.49501 1.46151 -0.774236</i>
                        <i>1 0 0 0 1 0 0 0 1 1.50103 1.43473 -0.768877</i>
                        <i>1 0 0 0 1 0 0 0 1 1.48996 1.40455 -0.743065</i>
                        <i>1 0 0 0 1 0 0 0 1 1.47848 1.39676 -0.724824</i>
                        <i>1 0 0 0 1 0 0 0 1 1.49873 1.47867 -0.784095</i>
                        <i>1 0 0 0 1 0 0 0 1 1.48258 1.44728 -0.759685</i>
                        <i>1 0 0 0 1 0 0 0 1 1.46126 1.401 -0.722585</i>
                        <i>1 0 0 0 1 0 0 0 1 1.44966 1.39351 -0.706101</i>
                        <i>1 0 0 0 1 0 0 0 1 1.45157 1.38445 -0.71772</i>
                        <i>1 0 0 0 1 0 0 0 1 1.44333 1.3838 -0.711175</i>
                        <i>1 0 0 0 1 0 0 0 1 1.46993 1.47302 -0.784631</i>
                        <i>1 0 0 0 1 0 0 0 1 1.45785 1.45177 -0.766353</i>
                        <i>1 0 0 0 1 0 0 0 1 1.44038 1.4108 -0.731284</i>
                        <i>1 0 0 0 1 0 0 0 1 1.42781 1.3785 -0.701325</i>
                        <i>1 0 0 0 1 0 0 0 1 1.43259 1.37801 -0.695482</i>
                        <i>1 0 0 0 1 0 0 0 1 1.47645 1.4681 -0.765301</i>
                        <i>1 0 0 0 1 0 0 0 1 1.49501 1.46151 -0.774236</i>
                        <i>1 0 0 0 1 0 0 0 1 1.50103 1.43473 -0.768877</i>
                        <i>1 0 0 0 1 0 0 0 1 1.48996 1.40455 -0.743065</i>
                        <i>1 0 0 0 1 0 0 0 1 1.47848 1.39676 -0.724824</i>
                        <i>1 0 0 0 1 0 0 0 1 1.49873 1.47867 -0.784095</i>
                        <i>1 0 0 0 1 0 0 0 1 1.48258 1.44728 -0.759685</i>
                        <i>1 0 0 0 1 0 0 0 1 1.46126 1.401 -0.722585</i>
                        <i>1 0 0 0 1 0 0 0 1 1.44966 1.39351 -0.706101</i>
                        <i>1 0 0 0 1 0 0 0 1 1.45157 1.38445 -0.71772</i>
                        <i>1 0 0 0 1 0 0 0 1 1.44333 1.3838 -0.711175</i>
                        <i>1 0 0 0 1 0 0 0 1 1.46993 1.47302 -0.784631</i>
                        <i>1 0 0 0 1 0 0 0 1 1.45785 1.45177 -0.766353</i>
                        <i>1 0 0 0 1 0 0 0 1 1.44038 1.4108 -0.731284</i>
                        <i>1 0 0 0 1 0 0 0 1 1.42781 1.3785 -0.701325</i>
                        <i>1 0 0 0 1 0 0 0 1 1.43259 1.37801 -0.695482</i>
                        <i>1 0 0 0 1 0 0 0 1 1.47645 1.4681 -0.765301</i>
                        <i>1 0 0 0 1 0 0 0 1 1.49501 1.46151 -0.774236</i>
                        <i>1 0 0 0 1 0 0 0 1 1.50103 1.43473 -0.768877</i>
                        <i>1 0 0 0 1 0 0 0 1 1.48996 1.40455 -0.743065</i>
                        <i>1 0 0 0 1 0 0 0 1 1.47848 1.39676 -0.724824</i>
                    </KeyFrames>
                </p>
            </i>
            <i>
                <p>
                    <Name>
                        <![CDATA[spine0]]>
</Name>
                    <Exclude>0</Exclude>
                    <Additive>0</Additive>
                    <IKPriority>0</IKPriority>
                    <IKRotLimits>-1e+010 -1e+010 -1e+010 1e+010 1e+010 1e+010</IKRotLimits>
                    <IKRotLimitOrder>0</IKRotLimitOrder>
                    <KeyFrames count="61">
                        <i>-0.00273979 0.96139 0.275177 -0.96892 -0.0706203 0.23708 0.24736 -0.265974 0.931703 1.43946 1.51989 -0.774081</i>
                        <i>-0.0323619 0.958106 0.28458 -0.982742 -0.0823879 0.165623 0.18213 -0.274309 0.944237 1.46137 1.50833 -0.790202</i>
                        <i>-0.031282 0.969859 0.241652 -0.992552 -0.058622 0.10679 0.117737 -0.236511 0.964469 1.46699 1.50358 -0.787248</i>
                        <i>-0.110734 0.924644 0.364379 -0.974637 -0.172773 0.142238 0.194474 -0.339386 0.920324 1.47603 1.59634 -0.858449</i>
                        <i>-0.121578 0.911096 0.393855 -0.971351 -0.19084 0.141622 0.204195 -0.365354 0.908197 1.44656 1.57577 -0.838414</i>
                        <i>-0.107961 0.918417 0.380598 -0.97448 -0.17355 0.142372 0.196809 -0.355514 0.913715 1.41967 1.53428 -0.802145</i>
                        <i>-0.0335888 0.961726 0.271945 -0.989863 -0.0695816 0.123812 0.137996 -0.26503 0.954315 1.43306 1.50192 -0.775064</i>
                        <i>-0.0107333 0.97957 0.200815 -0.992476 -0.0349313 0.117347 0.121964 -0.198045 0.972575 1.44518 1.50051 -0.76986</i>
                        <i>-0.0759358 0.943698 0.321976 -0.98312 -0.124766 0.133822 0.166459 -0.306379 0.937242 1.48191 1.59149 -0.839059</i>
                        <i>-0.101295 0.921172 0.375741 -0.974077 -0.168623 0.150798 0.20227 -0.350726 0.914373 1.50204 1.58506 -0.847604</i>
                        <i>-0.102516 0.912787 0.395361 -0.971943 -0.176503 0.155478 0.2117 -0.368329 0.905271 1.51097 1.55783 -0.842663</i>
                        <i>-0.0519544 0.947747 0.314763 -0.982764 -0.104516 0.152484 0.177414 -0.301415 0.936842 1.50583 1.52653 -0.817656</i>
                        <i>-0.040498 0.966547 0.253272 -0.977569 -0.090761 0.190054 0.206683 -0.239894 0.948543 1.49533 1.52044 -0.796346</i>
                        <i>-0.110983 0.920628 0.374336 -0.955017 -0.203021 0.216158 0.274999 -0.333508 0.901747 1.50824 1.60377 -0.854482</i>
                        <i>-0.0844118 0.936294 0.340923 -0.95741 -0.171021 0.232632 0.276116 -0.306766 0.910854 1.48368 1.57359 -0.828551</i>
                        <i>-0.0376018 0.957061 0.287438 -0.963911 -0.110601 0.242164 0.263557 -0.267959 0.92668 1.45504 1.52776 -0.790343</i>
                        <i>-0.00274684 0.961373 0.275237 -0.968917 -0.0706444 0.237084 0.24737 -0.26603 0.931684 1.43946 1.51989 -0.774081</i>
                        <i>-0.032353 0.958151 0.284429 -0.982746 -0.082347 0.165616 0.182107 -0.274163 0.944284 1.46137 1.50833 -0.790202</i>
                        <i>-0.0312987 0.96989 0.241525 -0.992552 -0.0586233 0.10679 0.117734 -0.236384 0.964501 1.46699 1.50358 -0.787248</i>
                        <i>-0.110793 0.924674 0.364285 -0.974628 -0.172818 0.142245 0.194485 -0.339283 0.92036 1.47603 1.59634 -0.858449</i>
                        <i>-0.121586 0.911111 0.39382 -0.971351 -0.19084 0.141622 0.20419 -0.365319 0.908212 1.44656 1.57577 -0.838414</i>
                        <i>-0.107953 0.918424 0.380584 -0.974482 -0.173538 0.142369 0.196801 -0.355503 0.913722 1.41967 1.53428 -0.802145</i>
                        <i>-0.0335861 0.96173 0.271934 -0.989864 -0.0695769 0.123811 0.137993 -0.265019 0.954318 1.43306 1.50192 -0.775064</i>
                        <i>-0.0107118 0.979548 0.200926 -0.992477 -0.0349233 0.117346 0.121963 -0.198158 0.972553 1.44518 1.50051 -0.76986</i>
                        <i>-0.0758875 0.943667 0.322076 -0.983125 -0.124732 0.133816 0.166451 -0.306486 0.937209 1.48191 1.59149 -0.839059</i>
                        <i>-0.101288 0.921163 0.375764 -0.974078 -0.168621 0.150798 0.202271 -0.350749 0.914364 1.50204 1.58506 -0.847604</i>
                        <i>-0.102518 0.912798 0.395335 -0.971944 -0.176498 0.155477 0.211695 -0.368305 0.905283 1.51097 1.55783 -0.842663</i>
                        <i>-0.0519572 0.94776 0.314724 -0.982765 -0.104512 0.152483 0.17741 -0.301377 0.936855 1.50583 1.52653 -0.817656</i>
                        <i>-0.0404976 0.966547 0.253273 -0.977569 -0.090761 0.190054 0.206683 -0.239895 0.948542 1.49533 1.52044 -0.796346</i>
                        <i>-0.111039 0.92067 0.374215 -0.955013 -0.203041 0.21616 0.274993 -0.333378 0.901797 1.50824 1.60377 -0.854482</i>
                        <i>-0.0844271 0.936311 0.340871 -0.95741 -0.171021 0.232632 0.276112 -0.306713 0.910873 1.48368 1.57359 -0.828551</i>
                        <i>-0.0376029 0.957069 0.287412 -0.963912 -0.110595 0.242163 0.263553 -0.267934 0.926688 1.45504 1.52776 -0.790343</i>
                        <i>-0.00274472 0.961378 0.275219 -0.968918 -0.0706371 0.237083 0.247367 -0.266014 0.93169 1.43946 1.51989 -0.774081</i>
                        <i>-0.0323536 0.958148 0.284439 -0.982746 -0.0823497 0.165617 0.182109 -0.274173 0.94428 1.46137 1.50833 -0.790202</i>
                        <i>-0.0312989 0.96989 0.241524 -0.992552 -0.0586233 0.10679 0.117734 -0.236383 0.964501 1.46699 1.50358 -0.787248</i>
                        <i>-0.110808 0.924681 0.364262 -0.974626 -0.172829 0.142247 0.194488 -0.339257 0.920369 1.47603 1.59634 -0.858449</i>
                        <i>-0.121592 0.911122 0.393792 -0.971351 -0.190839 0.141622 0.204186 -0.365291 0.908224 1.44656 1.57577 -0.838414</i>
                        <i>-0.107947 0.918429 0.380573 -0.974484 -0.173529 0.142368 0.196795 -0.355494 0.913726 1.41967 1.53428 -0.802145</i>
                        <i>-0.0335861 0.96173 0.271934 -0.989864 -0.0695769 0.123811 0.137993 -0.265019 0.954318 1.43306 1.50192 -0.775064</i>
                        <i>-0.0107316 0.979568 0.200824 -0.992476 -0.0349306 0.117347 0.121964 -0.198054 0.972574 1.44518 1.50051 -0.76986</i>
                        <i>-0.0759366 0.943698 0.321974 -0.98312 -0.124767 0.133822 0.166459 -0.306377 0.937243 1.48191 1.59149 -0.839059</i>
                        <i>-0.101304 0.921184 0.37571 -0.974077 -0.168625 0.150799 0.202268 -0.350694 0.914386 1.50204 1.58506 -0.847604</i>
                        <i>-0.102519 0.912806 0.395316 -0.971945 -0.176495 0.155476 0.211691 -0.368286 0.905291 1.51097 1.55783 -0.842663</i>
                        <i>-0.0519561 0.947755 0.314739 -0.982764 -0.104513 0.152484 0.177411 -0.301391 0.93685 1.50583 1.52653 -0.817656</i>
                        <i>-0.040498 0.966547 0.253272 -0.977569 -0.090761 0.190054 0.206683 -0.239894 0.948543 1.49533 1.52044 -0.796346</i>
                        <i>-0.111053 0.920681 0.374184 -0.955011 -0.203046 0.216161 0.274992 -0.333345 0.90181 1.50824 1.60377 -0.854482</i>
                        <i>-0.0844395 0.936325 0.340829 -0.95741 -0.171021 0.232631 0.276108 -0.30667 0.910889 1.48368 1.57359 -0.828551</i>
                        <i>-0.0376038 0.957074 0.287393 -0.963912 -0.11059 0.242163 0.26355 -0.267915 0.926694 1.45504 1.52776 -0.790343</i>
                        <i>-0.00274472 0.961378 0.275219 -0.968918 -0.0706371 0.237083 0.247367 -0.266014 0.93169 1.43946 1.51989 -0.774081</i>
                        <i>-0.0323536 0.958148 0.284439 -0.982746 -0.0823497 0.165617 0.182109 -0.274173 0.94428 1.46137 1.50833 -0.790202</i>
                        <i>-0.0312989 0.96989 0.241524 -0.992552 -0.0586233 0.10679 0.117734 -0.236383 0.964501 1.46699 1.50358 -0.787248</i>
                        <i>-0.110808 0.924681 0.364262 -0.974626 -0.172829 0.142247 0.194488 -0.339257 0.920369 1.47603 1.59634 -0.858449</i>
                        <i>-0.121592 0.911122 0.393792 -0.971351 -0.190839 0.141622 0.204186 -0.365291 0.908224 1.44656 1.57577 -0.838414</i>
                        <i>-0.107947 0.918429 0.380573 -0.974484 -0.173529 0.142368 0.196795 -0.355494 0.913726 1.41967 1.53428 -0.802145</i>
                        <i>-0.0335861 0.96173 0.271934 -0.989864 -0.0695769 0.123811 0.137993 -0.265019 0.954318 1.43306 1.50192 -0.775064</i>
                        <i>-0.0107316 0.979568 0.200824 -0.992476 -0.0349306 0.117347 0.121964 -0.198054 0.972574 1.44518 1.50051 -0.76986</i>
                        <i>-0.0759366 0.943698 0.321974 -0.98312 -0.124767 0.133822 0.166459 -0.306377 0.937243 1.48191 1.59149 -0.839059</i>
                        <i>-0.101304 0.921184 0.37571 -0.974077 -0.168625 0.150799 0.202268 -0.350694 0.914386 1.50204 1.58506 -0.847604</i>
                        <i>-0.102519 0.912806 0.395316 -0.971945 -0.176495 0.155476 0.211691 -0.368286 0.905291 1.51097 1.55783 -0.842663</i>
                        <i>-0.0519561 0.947755 0.314739 -0.982764 -0.104513 0.152484 0.177411 -0.301391 0.93685 1.50583 1.52653 -0.817656</i>
                        <i>-0.040498 0.966547 0.253272 -0.977569 -0.090761 0.190054 0.206683 -0.239894 0.948543 1.49533 1.52044 -0.796346</i>
                    </KeyFrames>
                </p>
            </i>
            <i>
                <p>
                    <Name>
                        <![CDATA[spine1]]>
</Name>
                    <Exclude>0</Exclude>
                    <Additive>0</Additive>
                    <IKPriority>0</IKPriority>
                    <IKRotLimits>-1e+010 -1e+010 -1e+010 1e+010 1e+010 1e+010</IKRotLimits>
                    <IKRotLimitOrder>0</IKRotLimitOrder>
                    <KeyFrames count="61">
                        <i>-0.100517 0.590603 0.800678 -0.96629 -0.249666 0.0628524 0.237023 -0.767369 0.595789 1.43889 1.70552 -0.721081</i>
                        <i>-0.194645 0.622719 0.757848 -0.953893 -0.300141 0.00162735 0.228475 -0.72259 0.652429 1.45448 1.71097 -0.730264</i>
                        <i>-0.229382 0.661346 0.714147 -0.949955 -0.311965 -0.0162243 0.212059 -0.682129 0.699808 1.46027 1.71101 -0.73583</i>
                        <i>-0.216918 0.532082 0.818434 -0.93425 -0.35626 -0.0160019 0.283061 -0.768093 0.574377 1.45298 1.78858 -0.782926</i>
                        <i>-0.140264 0.512994 0.846855 -0.960331 -0.27869 0.0097619 0.241018 -0.811892 0.531734 1.42142 1.76388 -0.757322</i>
                        <i>-0.0795594 0.537932 0.839225 -0.978231 -0.204004 0.0380269 0.191662 -0.817931 0.542453 1.39735 1.72383 -0.723816</i>
                        <i>-0.137367 0.638474 0.757285 -0.971442 -0.236169 0.022903 0.19347 -0.732512 0.652683 1.42602 1.70283 -0.718489</i>
                        <i>-0.156885 0.707982 0.688585 -0.972951 -0.230501 0.0153202 0.169566 -0.667556 0.724994 1.44288 1.70757 -0.727658</i>
                        <i>-0.197656 0.563821 0.801896 -0.952921 -0.302401 -0.0222605 0.229943 -0.768544 0.597048 1.46624 1.78584 -0.772969</i>
                        <i>-0.23287 0.515865 0.824412 -0.935609 -0.350133 -0.0451889 0.265343 -0.78185 0.564184 1.48073 1.77852 -0.768942</i>
                        <i>-0.245308 0.507809 0.825805 -0.930022 -0.363721 -0.0526041 0.273649 -0.780921 0.561497 1.48891 1.75385 -0.758039</i>
                        <i>-0.225081 0.589414 0.775841 -0.943924 -0.329313 -0.0236617 0.241549 -0.737661 0.630484 1.49471 1.72861 -0.750806</i>
                        <i>-0.224285 0.661652 0.715481 -0.942815 -0.333083 0.0124755 0.246569 -0.671768 0.698521 1.48667 1.72598 -0.742741</i>
                        <i>-0.252387 0.52442 0.813194 -0.905819 -0.423589 -0.00796673 0.340282 -0.738618 0.581938 1.48518 1.79462 -0.777106</i>
                        <i>-0.20561 0.564068 0.79972 -0.930217 -0.366501 0.019344 0.304009 -0.739935 0.600062 1.46617 1.76723 -0.758261</i>
                        <i>-0.144852 0.622974 0.768714 -0.956847 -0.285998 0.0514731 0.251917 -0.728085 0.637518 1.44725 1.72485 -0.731361</i>
                        <i>-0.100579 0.590542 0.800714 -0.966314 -0.249609 0.0627106 0.236898 -0.767434 0.595755 1.43889 1.70552 -0.721069</i>
                        <i>-0.194506 0.622878 0.757753 -0.953825 -0.300356 0.00205896 0.228878 -0.722364 0.652538 1.45449 1.71097 -0.730298</i>
                        <i>-0.229292 0.661482 0.714049 -0.949888 -0.31219 -0.0158162 0.212457 -0.681893 0.699917 1.46026 1.71101 -0.735859</i>
                        <i>-0.216914 0.532168 0.81838 -0.934161 -0.356502 -0.0157801 0.283357 -0.767922 0.574461 1.45296 1.78858 -0.782948</i>
                        <i>-0.140236 0.513033 0.846836 -0.960301 -0.27879 0.00987173 0.241154 -0.811833 0.531763 1.42142 1.76388 -0.75733</i>
                        <i>-0.0795306 0.537952 0.839215 -0.978221 -0.204042 0.0380907 0.191726 -0.817909 0.542464 1.39736 1.72383 -0.723819</i>
                        <i>-0.137351 0.638489 0.757276 -0.971436 -0.236189 0.0229464 0.193511 -0.732494 0.652692 1.42602 1.70283 -0.718491</i>
                        <i>-0.156963 0.707862 0.68869 -0.973001 -0.230314 0.0149637 0.169207 -0.667747 0.724902 1.44289 1.70757 -0.727634</i>
                        <i>-0.197662 0.563734 0.801956 -0.952977 -0.302209 -0.0224479 0.229703 -0.768683 0.596961 1.46625 1.78584 -0.772946</i>
                        <i>-0.232876 0.515845 0.824423 -0.935622 -0.350093 -0.0452317 0.265292 -0.781882 0.564164 1.48073 1.77852 -0.768936</i>
                        <i>-0.245295 0.507833 0.825794 -0.930009 -0.36376 -0.0525529 0.273702 -0.780887 0.561518 1.48891 1.75385 -0.758045</i>
                        <i>-0.225065 0.58945 0.775819 -0.94391 -0.329361 -0.0235865 0.241621 -0.737611 0.630515 1.49471 1.72861 -0.750815</i>
                        <i>-0.224285 0.66165 0.715482 -0.942816 -0.333081 0.0124717 0.246565 -0.671771 0.698519 1.48667 1.72598 -0.74274</i>
                        <i>-0.252386 0.524527 0.813125 -0.905725 -0.423796 -0.00774747 0.340535 -0.738423 0.582038 1.48517 1.79463 -0.777135</i>
                        <i>-0.205594 0.564118 0.799689 -0.930182 -0.366583 0.0194528 0.304126 -0.739857 0.6001 1.46617 1.76723 -0.758273</i>
                        <i>-0.144833 0.623 0.768697 -0.956834 -0.28603 0.0515361 0.251977 -0.728051 0.637534 1.44725 1.72485 -0.731367</i>
                        <i>-0.100561 0.590561 0.800703 -0.966307 -0.249626 0.0627534 0.236936 -0.767415 0.595765 1.43889 1.70552 -0.721073</i>
                        <i>-0.194516 0.622867 0.75776 -0.953829 -0.300342 0.00203002 0.228851 -0.722379 0.65253 1.45449 1.71097 -0.730296</i>
                        <i>-0.229291 0.661484 0.714048 -0.949887 -0.312192 -0.0158123 0.212461 -0.681891 0.699918 1.46026 1.71101 -0.735859</i>
                        <i>-0.216913 0.532189 0.818366 -0.934139 -0.356563 -0.0157247 0.28343 -0.767879 0.574482 1.45296 1.78858 -0.782953</i>
                        <i>-0.140214 0.513065 0.84682 -0.960277 -0.278871 0.00996029 0.241264 -0.811785 0.531786 1.42142 1.76388 -0.757336</i>
                        <i>-0.0795088 0.537967 0.839208 -0.978213 -0.20407 0.0381391 0.191775 -0.817891 0.542472 1.39736 1.72384 -0.723822</i>
                        <i>-0.137351 0.638489 0.757276 -0.971436 -0.236189 0.0229464 0.193511 -0.732494 0.652692 1.42602 1.70283 -0.718491</i>
                        <i>-0.156891 0.707972 0.688593 -0.972955 -0.230486 0.015291 0.169537 -0.667571 0.724987 1.44288 1.70757 -0.727656</i>
                        <i>-0.197656 0.563823 0.801895 -0.95292 -0.302404 -0.0222571 0.229947 -0.768541 0.59705 1.46624 1.78584 -0.772969</i>
                        <i>-0.232863 0.515892 0.824397 -0.935592 -0.350187 -0.0451318 0.26541 -0.781809 0.56421 1.48073 1.77852 -0.768949</i>
                        <i>-0.245286 0.507851 0.825786 -0.93 -0.363789 -0.052514 0.273743 -0.780861 0.561534 1.48891 1.75385 -0.75805</i>
                        <i>-0.225071 0.589437 0.775827 -0.943915 -0.329343 -0.0236145 0.241594 -0.73763 0.630503 1.49471 1.72861 -0.750811</i>
                        <i>-0.224285 0.661652 0.715481 -0.942815 -0.333083 0.0124755 0.246569 -0.671768 0.698521 1.48667 1.72598 -0.742741</i>
                        <i>-0.252386 0.524554 0.813108 -0.905701 -0.423847 -0.00769265 0.340598 -0.738374 0.582062 1.48517 1.79463 -0.777142</i>
                        <i>-0.205582 0.564158 0.799664 -0.930154 -0.36665 0.0195405 0.304221 -0.739793 0.60013 1.46617 1.76723 -0.758282</i>
                        <i>-0.144818 0.623019 0.768684 -0.956824 -0.286054 0.0515839 0.252023 -0.728025 0.637546 1.44725 1.72485 -0.731371</i>
                        <i>-0.100561 0.590561 0.800703 -0.966307 -0.249626 0.0627534 0.236936 -0.767415 0.595765 1.43889 1.70552 -0.721073</i>
                        <i>-0.194516 0.622867 0.75776 -0.953829 -0.300342 0.00203002 0.228851 -0.722379 0.65253 1.45449 1.71097 -0.730296</i>
                        <i>-0.229291 0.661484 0.714048 -0.949887 -0.312192 -0.0158123 0.212461 -0.681891 0.699918 1.46026 1.71101 -0.735859</i>
                        <i>-0.216913 0.532189 0.818366 -0.934139 -0.356563 -0.0157247 0.28343 -0.767879 0.574482 1.45296 1.78858 -0.782953</i>
                        <i>-0.140214 0.513065 0.84682 -0.960277 -0.278871 0.00996029 0.241264 -0.811785 0.531786 1.42142 1.76388 -0.757336</i>
                        <i>-0.0795088 0.537967 0.839208 -0.978213 -0.20407 0.0381391 0.191775 -0.817891 0.542472 1.39736 1.72384 -0.723822</i>
                        <i>-0.137351 0.638489 0.757276 -0.971436 -0.236189 0.0229464 0.193511 -0.732494 0.652692 1.42602 1.70283 -0.718491</i>
                        <i>-0.156891 0.707972 0.688593 -0.972955 -0.230486 0.015291 0.169537 -0.667571 0.724987 1.44288 1.70757 -0.727656</i>
                        <i>-0.197656 0.563823 0.801895 -0.95292 -0.302404 -0.0222571 0.229947 -0.768541 0.59705 1.46624 1.78584 -0.772969</i>
                        <i>-0.232863 0.515892 0.824397 -0.935592 -0.350187 -0.0451318 0.26541 -0.781809 0.56421 1.48073 1.77852 -0.768949</i>
                        <i>-0.245286 0.507851 0.825786 -0.93 -0.363789 -0.052514 0.273743 -0.780861 0.561534 1.48891 1.75385 -0.75805</i>
                        <i>-0.225071 0.589437 0.775827 -0.943915 -0.329343 -0.0236145 0.241594 -0.73763 0.630503 1.49471 1.72861 -0.750811</i>
                        <i>-0.224285 0.661652 0.715481 -0.942815 -0.333083 0.0124755 0.246569 -0.671768 0.698521 1.48667 1.72598 -0.742741</i>
                    </KeyFrames>
                </p>
            </i>
            <i>
                <p>
                    <Name>
                        <![CDATA[spine2]]>
</Name>
                    <Exclude>0</Exclude>
                    <Additive>0</Additive>
                    <IKPriority>0</IKPriority>
                    <IKRotLimits>-1e+010 -1e+010 -1e+010 1e+010 1e+010 1e+010</IKRotLimits>
                    <IKRotLimitOrder>0</IKRotLimitOrder>
                    <KeyFrames count="61">
                        <i>-0.189533 0.401719 0.895935 -0.97763 -0.161958 -0.134197 0.091194 -0.901328 0.423429 1.42108 1.80981 -0.578825</i>
                        <i>-0.210795 0.436088 0.874867 -0.973474 -0.175099 -0.147274 0.0889638 -0.882705 0.46143 1.41674 1.83139 -0.582564</i>
                        <i>-0.201347 0.47539 0.856425 -0.974345 -0.18696 -0.125291 0.100555 -0.859681 0.500837 1.41531 1.84041 -0.594999</i>
                        <i>-0.163417 0.421311 0.892072 -0.979172 -0.179699 -0.0945041 0.120489 -0.888935 0.441901 1.41168 1.88963 -0.626268</i>
                        <i>-0.118271 0.411326 0.903783 -0.986897 -0.149297 -0.0612005 0.109759 -0.899178 0.423593 1.39491 1.86056 -0.59641</i>
                        <i>-0.0853782 0.422018 0.902558 -0.99148 -0.125433 -0.03514 0.0983806 -0.897868 0.429131 1.38232 1.8252 -0.564399</i>
                        <i>-0.133877 0.464821 0.875225 -0.986151 -0.149732 -0.0713236 0.0978967 -0.872652 0.47843 1.39974 1.82481 -0.572735</i>
                        <i>-0.161201 0.494435 0.854136 -0.983561 -0.151847 -0.097728 0.0813778 -0.855849 0.510784 1.41248 1.84456 -0.593424</i>
                        <i>-0.183134 0.415486 0.890973 -0.979532 -0.154138 -0.129457 0.0835454 -0.896444 0.43521 1.42893 1.89193 -0.620916</i>
                        <i>-0.209989 0.38949 0.896773 -0.974406 -0.158642 -0.159266 0.0802338 -0.907265 0.412834 1.4359 1.87742 -0.60954</i>
                        <i>-0.22183 0.384618 0.896025 -0.971984 -0.160452 -0.171761 0.0777068 -0.909024 0.409436 1.44062 1.85337 -0.594733</i>
                        <i>-0.207346 0.428654 0.879354 -0.974988 -0.1641 -0.149903 0.0800453 -0.888441 0.451957 1.45072 1.84347 -0.598389</i>
                        <i>-0.191873 0.476749 0.857843 -0.97658 -0.179444 -0.118704 0.0973428 -0.860529 0.500014 1.44292 1.85474 -0.602445</i>
                        <i>-0.18319 0.418868 0.889377 -0.974938 -0.193584 -0.109642 0.126244 -0.887172 0.443833 1.43724 1.89396 -0.621874</i>
                        <i>-0.179837 0.42425 0.887508 -0.977346 -0.179408 -0.11228 0.111591 -0.887595 0.446903 1.42718 1.87386 -0.605938</i>
                        <i>-0.188247 0.432557 0.881735 -0.977789 -0.166781 -0.126936 0.0921492 -0.886047 0.454345 1.41988 1.84219 -0.585531</i>
                        <i>-0.189664 0.401676 0.895926 -0.977627 -0.161787 -0.134425 0.0909543 -0.901378 0.423374 1.42106 1.8098 -0.578805</i>
                        <i>-0.210437 0.436233 0.874881 -0.973482 -0.175633 -0.146579 0.0897155 -0.882527 0.461625 1.41677 1.83143 -0.582621</i>
                        <i>-0.201039 0.475542 0.856413 -0.974334 -0.18746 -0.124629 0.101277 -0.859488 0.501023 1.41532 1.84044 -0.595051</i>
                        <i>-0.163243 0.421407 0.892058 -0.979143 -0.180055 -0.0941216 0.120956 -0.888817 0.442011 1.41167 1.88964 -0.626305</i>
                        <i>-0.118177 0.411369 0.903775 -0.986884 -0.149457 -0.0610165 0.109975 -0.899132 0.423636 1.39491 1.86057 -0.596424</i>
                        <i>-0.0853214 0.42204 0.902553 -0.991473 -0.125512 -0.0350369 0.0984945 -0.897847 0.42915 1.38233 1.82521 -0.564404</i>
                        <i>-0.133842 0.464837 0.875222 -0.986148 -0.149783 -0.0712539 0.0979718 -0.872635 0.478445 1.39975 1.82481 -0.57274</i>
                        <i>-0.161474 0.494301 0.854162 -0.983568 -0.151421 -0.0983104 0.0807434 -0.856001 0.51063 1.41247 1.84454 -0.593377</i>
                        <i>-0.183285 0.415407 0.890979 -0.979536 -0.153846 -0.129773 0.0831645 -0.896531 0.435104 1.42893 1.89192 -0.620878</i>
                        <i>-0.210025 0.389472 0.896773 -0.974405 -0.158576 -0.159336 0.0801495 -0.907284 0.412809 1.4359 1.87741 -0.609531</i>
                        <i>-0.221787 0.384638 0.896027 -0.971986 -0.160527 -0.171679 0.0778022 -0.909002 0.409466 1.44063 1.85337 -0.594743</i>
                        <i>-0.207286 0.428685 0.879353 -0.974989 -0.1642 -0.149782 0.0801807 -0.888407 0.452 1.45073 1.84347 -0.598404</i>
                        <i>-0.191876 0.476747 0.857844 -0.97658 -0.179439 -0.11871 0.0973359 -0.860531 0.500012 1.44292 1.85474 -0.602444</i>
                        <i>-0.183019 0.418976 0.889361 -0.97491 -0.19394 -0.109259 0.126706 -0.887044 0.443958 1.43723 1.89397 -0.621922</i>
                        <i>-0.179748 0.424296 0.887504 -0.977338 -0.179568 -0.112095 0.111806 -0.887541 0.446958 1.42719 1.87387 -0.605958</i>
                        <i>-0.188194 0.432579 0.881736 -0.977789 -0.166861 -0.126833 0.0922621 -0.886021 0.454373 1.41988 1.84219 -0.58554</i>
                        <i>-0.189624 0.401689 0.895929 -0.977628 -0.161839 -0.134356 0.0910266 -0.901363 0.423391 1.42107 1.8098 -0.578811</i>
                        <i>-0.210461 0.436224 0.87488 -0.973482 -0.175597 -0.146626 0.0896652 -0.882539 0.461612 1.41677 1.83142 -0.582617</i>
                        <i>-0.201036 0.475543 0.856413 -0.974334 -0.187465 -0.124623 0.101284 -0.859486 0.501025 1.41532 1.84044 -0.595052</i>
                        <i>-0.1632 0.421431 0.892055 -0.979136 -0.180144 -0.094026 0.121073 -0.888788 0.442038 1.41166 1.88964 -0.626315</i>
                        <i>-0.118101 0.411403 0.903769 -0.986873 -0.149586 -0.0608681 0.11015 -0.899095 0.423669 1.39492 1.86057 -0.596435</i>
                        <i>-0.0852784 0.422057 0.902549 -0.991468 -0.125572 -0.0349588 0.0985807 -0.89783 0.429165 1.38233 1.82521 -0.564408</i>
                        <i>-0.133842 0.464837 0.875222 -0.986148 -0.149783 -0.0712539 0.0979718 -0.872635 0.478445 1.39975 1.82481 -0.57274</i>
                        <i>-0.161224 0.494424 0.854138 -0.983561 -0.151812 -0.0977757 0.0813259 -0.855861 0.510772 1.41248 1.84456 -0.59342</i>
                        <i>-0.183131 0.415488 0.890973 -0.979532 -0.154144 -0.129451 0.0835523 -0.896443 0.435212 1.42893 1.89193 -0.620917</i>
                        <i>-0.209941 0.389513 0.896774 -0.974407 -0.158731 -0.159171 0.0803466 -0.90724 0.412868 1.4359 1.87742 -0.609551</i>
                        <i>-0.221754 0.384653 0.896029 -0.971988 -0.160584 -0.171616 0.0778748 -0.908986 0.409488 1.44063 1.85338 -0.59475</i>
                        <i>-0.207308 0.428673 0.879353 -0.974988 -0.164163 -0.149827 0.0801304 -0.88842 0.451984 1.45072 1.84347 -0.598398</i>
                        <i>-0.191873 0.476749 0.857843 -0.97658 -0.179444 -0.118704 0.0973428 -0.860529 0.500014 1.44292 1.85474 -0.602445</i>
                        <i>-0.182976 0.419002 0.889358 -0.974903 -0.194029 -0.109163 0.126822 -0.887012 0.443989 1.43723 1.89398 -0.621934</i>
                        <i>-0.179677 0.424333 0.887501 -0.977331 -0.179697 -0.111946 0.111979 -0.887496 0.447002 1.42719 1.87388 -0.605974</i>
                        <i>-0.188153 0.432595 0.881737 -0.977788 -0.166922 -0.126755 0.0923476 -0.886002 0.454393 1.41988 1.84219 -0.585547</i>
                        <i>-0.189624 0.401689 0.895929 -0.977628 -0.161839 -0.134356 0.0910266 -0.901363 0.423391 1.42107 1.8098 -0.578811</i>
                        <i>-0.210461 0.436224 0.87488 -0.973482 -0.175597 -0.146626 0.0896652 -0.882539 0.461612 1.41677 1.83142 -0.582617</i>
                        <i>-0.201036 0.475543 0.856413 -0.974334 -0.187465 -0.124623 0.101284 -0.859486 0.501025 1.41532 1.84044 -0.595052</i>
                        <i>-0.1632 0.421431 0.892055 -0.979136 -0.180144 -0.094026 0.121073 -0.888788 0.442038 1.41166 1.88964 -0.626315</i>
                        <i>-0.118101 0.411403 0.903769 -0.986873 -0.149586 -0.0608681 0.11015 -0.899095 0.423669 1.39492 1.86057 -0.596435</i>
                        <i>-0.0852784 0.422057 0.902549 -0.991468 -0.125572 -0.0349588 0.0985807 -0.89783 0.429165 1.38233 1.82521 -0.564408</i>
                        <i>-0.133842 0.464837 0.875222 -0.986148 -0.149783 -0.0712539 0.0979718 -0.872635 0.478445 1.39975 1.82481 -0.57274</i>
                        <i>-0.161224 0.494424 0.854138 -0.983561 -0.151812 -0.0977757 0.0813259 -0.855861 0.510772 1.41248 1.84456 -0.59342</i>
                        <i>-0.183131 0.415488 0.890973 -0.979532 -0.154144 -0.129451 0.0835523 -0.896443 0.435212 1.42893 1.89193 -0.620917</i>
                        <i>-0.209941 0.389513 0.896774 -0.974407 -0.158731 -0.159171 0.0803466 -0.90724 0.412868 1.4359 1.87742 -0.609551</i>
                        <i>-0.221754 0.384653 0.896029 -0.971988 -0.160584 -0.171616 0.0778748 -0.908986 0.409488 1.44063 1.85338 -0.59475</i>
                        <i>-0.207308 0.428673 0.879353 -0.974988 -0.164163 -0.149827 0.0801304 -0.88842 0.451984 1.45072 1.84347 -0.598398</i>
                        <i>-0.191873 0.476749 0.857843 -0.97658 -0.179444 -0.118704 0.0973428 -0.860529 0.500014 1.44292 1.85474 -0.602445</i>
                    </KeyFrames>
                </p>
            </i>
            <i>
                <p>
                    <Name>
                        <![CDATA[head]]>
</Name>
                    <Exclude>0</Exclude>
                    <Additive>0</Additive>
                    <IKPriority>0</IKPriority>
                    <IKRotLimits>-1e+010 -1e+010 -1e+010 1e+010 1e+010 1e+010</IKRotLimits>
                    <IKRotLimitOrder>0</IKRotLimitOrder>
                    <KeyFrames count="61">
                        <i>-0.128818 0.989371 0.0674632 0.0429613 0.0735339 -0.996367 -0.990737 -0.125452 -0.0519772 1.36226 1.93059 -0.349456</i>
                        <i>-0.0910821 0.993948 0.0614034 0.00493587 0.0621095 -0.998057 -0.995831 -0.0906021 -0.0105631 1.35826 1.96523 -0.344638</i>
                        <i>-0.0620627 0.997372 0.0373863 -0.0504147 0.034278 -0.99814 -0.996798 -0.0638321 0.0481548 1.36523 1.98456 -0.35953</i>
                        <i>-0.0516986 0.998389 0.0234002 -0.0790065 0.0192691 -0.996688 -0.995533 -0.0533761 0.077883 1.37222 2.02355 -0.391549</i>
                        <i>-0.0517931 0.998385 0.0233533 -0.079203 0.0192044 -0.996674 -0.995512 -0.0534705 0.0780803 1.36262 1.99258 -0.360545</i>
                        <i>-0.0518876 0.998381 0.0233064 -0.0793994 0.0191397 -0.996659 -0.995492 -0.0535647 0.0782777 1.35505 1.95931 -0.328014</i>
                        <i>-0.0521515 0.99824 0.0282244 -0.0705031 0.0245119 -0.99721 -0.996147 -0.0539959 0.0691007 1.36356 1.967 -0.337034</i>
                        <i>-0.0531214 0.997782 0.0401205 -0.0490938 0.0375191 -0.998089 -0.99738 -0.0549896 0.0469919 1.36941 1.99168 -0.357987</i>
                        <i>-0.0549759 0.996995 0.0545752 -0.0233249 0.0533606 -0.998303 -0.998215 -0.0561555 0.0203213 1.38105 2.02165 -0.385146</i>
                        <i>-0.0571775 0.996124 0.0668442 -0.00170457 0.0668563 -0.997761 -0.998363 -0.0571634 -0.0021247 1.38137 2.00225 -0.371209</i>
                        <i>-0.0582792 0.995699 0.0720253 0.00736022 0.0725745 -0.997336 -0.998273 -0.0575938 -0.0115582 1.38267 1.97801 -0.353837</i>
                        <i>-0.0557143 0.996731 0.0585063 -0.0152656 0.0577401 -0.998215 -0.99833 -0.056508 0.0119988 1.39719 1.97716 -0.359825</i>
                        <i>-0.0527605 0.998016 0.0343475 -0.057242 0.0313164 -0.997869 -0.996965 -0.0546142 0.0554761 1.39581 1.99955 -0.366955</i>
                        <i>-0.0516986 0.998389 0.0234001 -0.0790065 0.0192691 -0.996688 -0.995533 -0.0533761 0.077883 1.39484 2.02724 -0.388111</i>
                        <i>-0.0700011 0.99689 0.0362043 -0.0463865 0.0330012 -0.998378 -0.996468 -0.0715669 0.0439321 1.38078 2.00715 -0.370535</i>
                        <i>-0.107143 0.992617 0.0568559 0.012537 0.0585293 -0.998207 -0.994165 -0.106238 -0.0187155 1.36376 1.97402 -0.349626</i>
                        <i>-0.128705 0.989383 0.0675047 0.0432289 0.0736036 -0.99635 -0.99074 -0.125317 -0.0522431 1.36222 1.93057 -0.349441</i>
