<?xml version="1.0" encoding="ISO-8859-1" ?>
<Animl Version="1">
    <ModellingPackage>
        <![CDATA[Maya.2010]]>
</ModellingPackage>
    <SrcFile>
        <![CDATA[anims\turrets\machinegun\blue\~src\mgun_m60\mgun_m60_fire_crewman_b.mb]]>
</SrcFile>
    <FramesPerSecond>30</FramesPerSecond>
    <TotalFrames>41</TotalFrames>
    <Skeleton>
        <RefFrame>
            <Name>
                <![CDATA[soldier_ref_frame]]>
</Name>
            <Exclude>0</Exclude>
            <Additive>0</Additive>
            <IKPriority>0</IKPriority>
            <IKRotLimits>-1e+010 -1e+010 -1e+010 1e+010 1e+010 1e+010</IKRotLimits>
            <IKRotLimitOrder>0</IKRotLimitOrder>
            <KeyFrames count="41">
                <i>1 0 0 0 1 0 0 0 1 1.49 0.92 -0.85</i>
                <i>1 0 0 0 1 0 0 0 1 1.49 0.92 -0.85</i>
                <i>1 0 0 0 1 0 0 0 1 1.49 0.92 -0.85</i>
                <i>1 0 0 0 1 0 0 0 1 1.49 0.92 -0.85</i>
                <i>1 0 0 0 1 0 0 0 1 1.49 0.92 -0.85</i>
                <i>1 0 0 0 1 0 0 0 1 1.49 0.92 -0.85</i>
                <i>1 0 0 0 1 0 0 0 1 1.49 0.92 -0.85</i>
                <i>1 0 0 0 1 0 0 0 1 1.49 0.92 -0.85</i>
                <i>1 0 0 0 1 0 0 0 1 1.49 0.92 -0.85</i>
                <i>1 0 0 0 1 0 0 0 1 1.49 0.92 -0.85</i>
                <i>1 0 0 0 1 0 0 0 1 1.49 0.92 -0.85</i>
                <i>1 0 0 0 1 0 0 0 1 1.49 0.92 -0.85</i>
                <i>1 0 0 0 1 0 0 0 1 1.49 0.92 -0.85</i>
                <i>1 0 0 0 1 0 0 0 1 1.49 0.92 -0.85</i>
                <i>1 0 0 0 1 0 0 0 1 1.49 0.92 -0.85</i>
                <i>1 0 0 0 1 0 0 0 1 1.49 0.92 -0.85</i>
                <i>1 0 0 0 1 0 0 0 1 1.49 0.92 -0.85</i>
                <i>1 0 0 0 1 0 0 0 1 1.49 0.92 -0.85</i>
                <i>1 0 0 0 1 0 0 0 1 1.49 0.92 -0.85</i>
                <i>1 0 0 0 1 0 0 0 1 1.49 0.92 -0.85</i>
                <i>1 0 0 0 1 0 0 0 1 1.49 0.92 -0.85</i>
                <i>1 0 0 0 1 0 0 0 1 1.49 0.92 -0.85</i>
                <i>1 0 0 0 1 0 0 0 1 1.49 0.92 -0.85</i>
                <i>1 0 0 0 1 0 0 0 1 1.49 0.92 -0.85</i>
                <i>1 0 0 0 1 0 0 0 1 1.49 0.92 -0.85</i>
                <i>1 0 0 0 1 0 0 0 1 1.49 0.92 -0.85</i>
                <i>1 0 0 0 1 0 0 0 1 1.49 0.92 -0.85</i>
                <i>1 0 0 0 1 0 0 0 1 1.49 0.92 -0.85</i>
                <i>1 0 0 0 1 0 0 0 1 1.49 0.92 -0.85</i>
                <i>1 0 0 0 1 0 0 0 1 1.49 0.92 -0.85</i>
                <i>1 0 0 0 1 0 0 0 1 1.49 0.92 -0.85</i>
                <i>1 0 0 0 1 0 0 0 1 1.49 0.92 -0.85</i>
                <i>1 0 0 0 1 0 0 0 1 1.49 0.92 -0.85</i>
                <i>1 0 0 0 1 0 0 0 1 1.49 0.92 -0.85</i>
                <i>1 0 0 0 1 0 0 0 1 1.49 0.92 -0.85</i>
                <i>1 0 0 0 1 0 0 0 1 1.49 0.92 -0.85</i>
                <i>1 0 0 0 1 0 0 0 1 1.49 0.92 -0.85</i>
                <i>1 0 0 0 1 0 0 0 1 1.49 0.92 -0.85</i>
                <i>1 0 0 0 1 0 0 0 1 1.49 0.92 -0.85</i>
                <i>1 0 0 0 1 0 0 0 1 1.49 0.92 -0.85</i>
                <i>1 0 0 0 1 0 0 0 1 1.49 0.92 -0.85</i>
            </KeyFrames>
        </RefFrame>
        <Bones count="23">
            <i>
                <p>
                    <Name>
                        <![CDATA[pelvis]]>
</Name>
                    <Exclude>0</Exclude>
                    <Additive>0</Additive>
                    <IKPriority>0</IKPriority>
                    <IKRotLimits>-1e+010 -1e+010 -1e+010 1e+010 1e+010 1e+010</IKRotLimits>
                    <IKRotLimitOrder>2</IKRotLimitOrder>
                    <KeyFrames count="41">
                        <i>1 0 0 0 1 0 0 0 1 1.48953 1.56672 -0.850806</i>
                        <i>1 0 0 0 1 0 0 0 1 1.48951 1.56855 -0.850811</i>
                        <i>1 0 0 0 1 0 0 0 1 1.4895 1.56634 -0.850812</i>
                        <i>1 0 0 0 1 0 0 0 1 1.48951 1.5675 -0.850811</i>
                        <i>1 0 0 0 1 0 0 0 1 1.48953 1.59023 -0.850806</i>
                        <i>1 0 0 0 1 0 0 0 1 1.48954 1.6089 -0.850802</i>
                        <i>1 0 0 0 1 0 0 0 1 1.48955 1.58831 -0.850801</i>
                        <i>1 0 0 0 1 0 0 0 1 1.48953 1.56443 -0.850805</i>
                        <i>1 0 0 0 1 0 0 0 1 1.48953 1.56672 -0.850806</i>
                        <i>1 0 0 0 1 0 0 0 1 1.48951 1.56855 -0.850811</i>
                        <i>1 0 0 0 1 0 0 0 1 1.4895 1.56634 -0.850812</i>
                        <i>1 0 0 0 1 0 0 0 1 1.48951 1.5675 -0.850811</i>
                        <i>1 0 0 0 1 0 0 0 1 1.48953 1.59023 -0.850806</i>
                        <i>1 0 0 0 1 0 0 0 1 1.48954 1.6089 -0.850802</i>
                        <i>1 0 0 0 1 0 0 0 1 1.48955 1.58831 -0.850801</i>
                        <i>1 0 0 0 1 0 0 0 1 1.48953 1.56443 -0.850805</i>
                        <i>1 0 0 0 1 0 0 0 1 1.48953 1.56672 -0.850806</i>
                        <i>1 0 0 0 1 0 0 0 1 1.48951 1.56855 -0.850811</i>
                        <i>1 0 0 0 1 0 0 0 1 1.4895 1.56634 -0.850812</i>
                        <i>1 0 0 0 1 0 0 0 1 1.48951 1.5675 -0.850811</i>
                        <i>1 0 0 0 1 0 0 0 1 1.48953 1.59023 -0.850806</i>
                        <i>1 0 0 0 1 0 0 0 1 1.48954 1.6089 -0.850802</i>
                        <i>1 0 0 0 1 0 0 0 1 1.48955 1.58831 -0.850801</i>
                        <i>1 0 0 0 1 0 0 0 1 1.48953 1.56443 -0.850805</i>
                        <i>1 0 0 0 1 0 0 0 1 1.48953 1.56672 -0.850806</i>
                        <i>1 0 0 0 1 0 0 0 1 1.48951 1.56855 -0.850811</i>
                        <i>1 0 0 0 1 0 0 0 1 1.4895 1.56634 -0.850812</i>
                        <i>1 0 0 0 1 0 0 0 1 1.48951 1.5675 -0.850811</i>
                        <i>1 0 0 0 1 0 0 0 1 1.48953 1.59023 -0.850806</i>
                        <i>1 0 0 0 1 0 0 0 1 1.48954 1.6089 -0.850802</i>
                        <i>1 0 0 0 1 0 0 0 1 1.48955 1.58831 -0.850801</i>
                        <i>1 0 0 0 1 0 0 0 1 1.48953 1.56443 -0.850805</i>
                        <i>1 0 0 0 1 0 0 0 1 1.48953 1.56672 -0.850806</i>
                        <i>1 0 0 0 1 0 0 0 1 1.48951 1.56855 -0.850811</i>
                        <i>1 0 0 0 1 0 0 0 1 1.4895 1.56634 -0.850812</i>
                        <i>1 0 0 0 1 0 0 0 1 1.48951 1.5675 -0.850811</i>
                        <i>1 0 0 0 1 0 0 0 1 1.48953 1.59023 -0.850806</i>
                        <i>1 0 0 0 1 0 0 0 1 1.48954 1.6089 -0.850802</i>
                        <i>1 0 0 0 1 0 0 0 1 1.48955 1.58831 -0.850801</i>
                        <i>1 0 0 0 1 0 0 0 1 1.48953 1.56443 -0.850805</i>
                        <i>1 0 0 0 1 0 0 0 1 1.48953 1.56672 -0.850806</i>
                    </KeyFrames>
                </p>
            </i>
            <i>
                <p>
                    <Name>
                        <![CDATA[spine0]]>
</Name>
                    <Exclude>0</Exclude>
                    <Additive>0</Additive>
                    <IKPriority>0</IKPriority>
                    <IKRotLimits>-1e+010 -1e+010 -1e+010 1e+010 1e+010 1e+010</IKRotLimits>
                    <IKRotLimitOrder>0</IKRotLimitOrder>
                    <KeyFrames count="41">
                        <i>-0.176614 0.965825 0.189707 -0.950369 -0.117176 -0.288217 -0.256139 -0.231195 0.938585 1.49041 1.70199 -0.899756</i>
                        <i>-0.14869 0.970218 0.19123 -0.953195 -0.0891355 -0.288919 -0.263269 -0.225239 0.93806 1.49264 1.70403 -0.899092</i>
                        <i>-0.157705 0.970895 0.180256 -0.952096 -0.101068 -0.288614 -0.261996 -0.217137 0.940324 1.48835 1.70138 -0.900399</i>
                        <i>-0.172107 0.970555 0.168528 -0.950217 -0.118458 -0.288194 -0.259745 -0.209738 0.942625 1.48388 1.70193 -0.901747</i>
                        <i>-0.17657 0.96895 0.173087 -0.949855 -0.121632 -0.288064 -0.258067 -0.215271 0.941839 1.48729 1.72515 -0.900679</i>
                        <i>-0.181207 0.966449 0.182045 -0.94959 -0.123793 -0.288019 -0.255819 -0.225059 0.940162 1.49094 1.74424 -0.899559</i>
                        <i>-0.191218 0.963372 0.188015 -0.948548 -0.132116 -0.287755 -0.252375 -0.233365 0.939067 1.48956 1.72351 -0.899989</i>
                        <i>-0.195311 0.962352 0.189029 -0.948048 -0.13591 -0.287636 -0.251116 -0.235387 0.9389 1.48817 1.69946 -0.900423</i>
                        <i>-0.176614 0.965825 0.189707 -0.950369 -0.117176 -0.288217 -0.256139 -0.231195 0.938585 1.49041 1.70199 -0.899756</i>
                        <i>-0.14869 0.970218 0.19123 -0.953195 -0.0891355 -0.288919 -0.263269 -0.225239 0.93806 1.49264 1.70403 -0.899092</i>
                        <i>-0.157705 0.970895 0.180256 -0.952096 -0.101068 -0.288614 -0.261996 -0.217137 0.940324 1.48835 1.70138 -0.900399</i>
                        <i>-0.172107 0.970555 0.168528 -0.950217 -0.118458 -0.288194 -0.259745 -0.209738 0.942625 1.48388 1.70193 -0.901747</i>
                        <i>-0.17657 0.96895 0.173087 -0.949855 -0.121632 -0.288064 -0.258067 -0.215271 0.941839 1.48729 1.72515 -0.900679</i>
                        <i>-0.181207 0.966449 0.182045 -0.94959 -0.123793 -0.288019 -0.255819 -0.225059 0.940162 1.49094 1.74424 -0.899559</i>
                        <i>-0.191218 0.963372 0.188015 -0.948548 -0.132116 -0.287755 -0.252375 -0.233365 0.939067 1.48956 1.72351 -0.899989</i>
                        <i>-0.195311 0.962352 0.189029 -0.948048 -0.13591 -0.287636 -0.251116 -0.235387 0.9389 1.48817 1.69946 -0.900423</i>
                        <i>-0.176614 0.965825 0.189707 -0.950369 -0.117176 -0.288217 -0.256139 -0.231195 0.938585 1.49041 1.70199 -0.899756</i>
                        <i>-0.14869 0.970218 0.19123 -0.953195 -0.0891355 -0.288919 -0.263269 -0.225239 0.93806 1.49264 1.70403 -0.899092</i>
                        <i>-0.157705 0.970895 0.180256 -0.952096 -0.101068 -0.288614 -0.261996 -0.217137 0.940324 1.48835 1.70138 -0.900399</i>
                        <i>-0.172107 0.970555 0.168528 -0.950217 -0.118458 -0.288194 -0.259745 -0.209738 0.942625 1.48388 1.70193 -0.901747</i>
                        <i>-0.17657 0.96895 0.173087 -0.949855 -0.121632 -0.288064 -0.258067 -0.215271 0.941839 1.48729 1.72515 -0.900679</i>
                        <i>-0.181207 0.966449 0.182045 -0.94959 -0.123793 -0.288019 -0.255819 -0.225059 0.940162 1.49094 1.74424 -0.899559</i>
                        <i>-0.191218 0.963372 0.188015 -0.948548 -0.132116 -0.287755 -0.252375 -0.233365 0.939067 1.48956 1.72351 -0.899989</i>
                        <i>-0.195311 0.962352 0.189029 -0.948048 -0.13591 -0.287636 -0.251116 -0.235387 0.9389 1.48817 1.69946 -0.900423</i>
                        <i>-0.176614 0.965825 0.189707 -0.950369 -0.117176 -0.288217 -0.256139 -0.231195 0.938585 1.49041 1.70199 -0.899756</i>
                        <i>-0.14869 0.970218 0.19123 -0.953195 -0.0891355 -0.288919 -0.263269 -0.225239 0.93806 1.49264 1.70403 -0.899092</i>
                        <i>-0.157705 0.970895 0.180256 -0.952096 -0.101068 -0.288614 -0.261996 -0.217137 0.940324 1.48835 1.70138 -0.900399</i>
                        <i>-0.172107 0.970555 0.168528 -0.950217 -0.118458 -0.288194 -0.259745 -0.209738 0.942625 1.48388 1.70193 -0.901747</i>
                        <i>-0.17657 0.96895 0.173087 -0.949855 -0.121632 -0.288064 -0.258067 -0.215271 0.941839 1.48729 1.72515 -0.900679</i>
                        <i>-0.181207 0.966449 0.182045 -0.94959 -0.123793 -0.288019 -0.255819 -0.225059 0.940162 1.49094 1.74424 -0.899559</i>
                        <i>-0.191218 0.963372 0.188015 -0.948548 -0.132116 -0.287755 -0.252375 -0.233365 0.939067 1.48956 1.72351 -0.899989</i>
                        <i>-0.195311 0.962352 0.189029 -0.948048 -0.13591 -0.287636 -0.251116 -0.235387 0.9389 1.48817 1.69946 -0.900423</i>
                        <i>-0.176614 0.965825 0.189707 -0.950369 -0.117176 -0.288217 -0.256139 -0.231195 0.938585 1.49041 1.70199 -0.899756</i>
                        <i>-0.14869 0.970218 0.19123 -0.953195 -0.0891355 -0.288919 -0.263269 -0.225239 0.93806 1.49264 1.70403 -0.899092</i>
                        <i>-0.157705 0.970895 0.180256 -0.952096 -0.101068 -0.288614 -0.261996 -0.217137 0.940324 1.48835 1.70138 -0.900399</i>
                        <i>-0.172107 0.970555 0.168528 -0.950217 -0.118458 -0.288194 -0.259745 -0.209738 0.942625 1.48388 1.70193 -0.901747</i>
                        <i>-0.17657 0.96895 0.173087 -0.949855 -0.121632 -0.288064 -0.258067 -0.215271 0.941839 1.48729 1.72515 -0.900679</i>
                        <i>-0.181207 0.966449 0.182045 -0.94959 -0.123793 -0.288019 -0.255819 -0.225059 0.940162 1.49094 1.74424 -0.899559</i>
                        <i>-0.191218 0.963372 0.188015 -0.948548 -0.132116 -0.287755 -0.252375 -0.233365 0.939067 1.48956 1.72351 -0.899989</i>
                        <i>-0.195311 0.962352 0.189029 -0.948048 -0.13591 -0.287636 -0.251116 -0.235387 0.9389 1.48817 1.69946 -0.900423</i>
                        <i>-0.176614 0.965825 0.189707 -0.950369 -0.117176 -0.288217 -0.256139 -0.231195 0.938585 1.49041 1.70199 -0.899756</i>
                    </KeyFrames>
                </p>
            </i>
            <i>
                <p>
                    <Name>
                        <![CDATA[spine1]]>
</Name>
                    <Exclude>0</Exclude>
                    <Additive>0</Additive>
                    <IKPriority>0</IKPriority>
                    <IKRotLimits>-1e+010 -1e+010 -1e+010 1e+010 1e+010 1e+010</IKRotLimits>
                    <IKRotLimitOrder>0</IKRotLimitOrder>
                    <KeyFrames count="41">
                        <i>-0.277253 0.676644 0.682117 -0.960797 -0.195118 -0.196972 -0.000186506 -0.709987 0.704214 1.46104 1.86254 -0.86819</i>
                        <i>-0.242823 0.700601 0.670965 -0.969189 -0.14573 -0.198584 -0.0413479 -0.698513 0.714402 1.46749 1.86807 -0.866746</i>
                        <i>-0.223291 0.706199 0.671881 -0.973507 -0.126739 -0.19032 -0.0492501 -0.696578 0.715789 1.46232 1.86158 -0.870618</i>
                        <i>-0.209978 0.708627 0.673614 -0.976373 -0.11602 -0.182303 -0.0510324 -0.695979 0.716247 1.45625 1.85765 -0.874642</i>
                        <i>-0.250542 0.693871 0.675109 -0.967879 -0.164437 -0.190185 -0.0209508 -0.701073 0.712781 1.45899 1.88035 -0.872889</i>
                        <i>-0.291668 0.672643 0.68006 -0.956446 -0.213923 -0.198617 0.011882 -0.70837 0.705741 1.46172 1.89997 -0.870161</i>
                        <i>-0.296846 0.658572 0.691495 -0.954587 -0.223912 -0.196536 0.0254007 -0.718433 0.695132 1.45844 1.88022 -0.869352</i>
                        <i>-0.292224 0.658373 0.69365 -0.956001 -0.220684 -0.193288 0.0258216 -0.719614 0.693894 1.45611 1.85736 -0.869363</i>
                        <i>-0.277253 0.676644 0.682117 -0.960797 -0.195118 -0.196972 -0.000186506 -0.709987 0.704214 1.46104 1.86254 -0.86819</i>
                        <i>-0.242823 0.700601 0.670965 -0.969189 -0.14573 -0.198584 -0.0413479 -0.698513 0.714402 1.46749 1.86807 -0.866746</i>
                        <i>-0.223291 0.706199 0.671881 -0.973507 -0.126739 -0.19032 -0.0492501 -0.696578 0.715789 1.46232 1.86158 -0.870618</i>
                        <i>-0.209978 0.708627 0.673614 -0.976373 -0.11602 -0.182303 -0.0510324 -0.695979 0.716247 1.45625 1.85765 -0.874642</i>
                        <i>-0.250542 0.693871 0.675109 -0.967879 -0.164437 -0.190185 -0.0209508 -0.701073 0.712781 1.45899 1.88035 -0.872889</i>
                        <i>-0.291668 0.672643 0.68006 -0.956446 -0.213923 -0.198617 0.011882 -0.70837 0.705741 1.46172 1.89997 -0.870161</i>
                        <i>-0.296846 0.658572 0.691495 -0.954587 -0.223912 -0.196536 0.0254007 -0.718433 0.695132 1.45844 1.88022 -0.869352</i>
                        <i>-0.292224 0.658373 0.69365 -0.956001 -0.220684 -0.193288 0.0258216 -0.719614 0.693894 1.45611 1.85736 -0.869363</i>
                        <i>-0.277253 0.676644 0.682117 -0.960797 -0.195118 -0.196972 -0.000186506 -0.709987 0.704214 1.46104 1.86254 -0.86819</i>
                        <i>-0.242823 0.700601 0.670965 -0.969189 -0.14573 -0.198584 -0.0413479 -0.698513 0.714402 1.46749 1.86807 -0.866746</i>
                        <i>-0.223291 0.706199 0.671881 -0.973507 -0.126739 -0.19032 -0.0492501 -0.696578 0.715789 1.46232 1.86158 -0.870618</i>
                        <i>-0.209978 0.708627 0.673614 -0.976373 -0.11602 -0.182303 -0.0510324 -0.695979 0.716247 1.45625 1.85765 -0.874642</i>
                        <i>-0.250542 0.693871 0.675109 -0.967879 -0.164437 -0.190185 -0.0209508 -0.701073 0.712781 1.45899 1.88035 -0.872889</i>
                        <i>-0.291668 0.672643 0.68006 -0.956446 -0.213923 -0.198617 0.011882 -0.70837 0.705741 1.46172 1.89997 -0.870161</i>
                        <i>-0.296846 0.658572 0.691495 -0.954587 -0.223912 -0.196536 0.0254007 -0.718433 0.695132 1.45844 1.88022 -0.869352</i>
                        <i>-0.292224 0.658373 0.69365 -0.956001 -0.220684 -0.193288 0.0258216 -0.719614 0.693894 1.45611 1.85736 -0.869363</i>
                        <i>-0.277253 0.676644 0.682117 -0.960797 -0.195118 -0.196972 -0.000186506 -0.709987 0.704214 1.46104 1.86254 -0.86819</i>
                        <i>-0.242823 0.700601 0.670965 -0.969189 -0.14573 -0.198584 -0.0413479 -0.698513 0.714402 1.46749 1.86807 -0.866746</i>
                        <i>-0.223291 0.706199 0.671881 -0.973507 -0.126739 -0.19032 -0.0492501 -0.696578 0.715789 1.46232 1.86158 -0.870618</i>
                        <i>-0.209978 0.708627 0.673614 -0.976373 -0.11602 -0.182303 -0.0510324 -0.695979 0.716247 1.45625 1.85765 -0.874642</i>
                        <i>-0.250542 0.693871 0.675109 -0.967879 -0.164437 -0.190185 -0.0209508 -0.701073 0.712781 1.45899 1.88035 -0.872889</i>
                        <i>-0.291668 0.672643 0.68006 -0.956446 -0.213923 -0.198617 0.011882 -0.70837 0.705741 1.46172 1.89997 -0.870161</i>
                        <i>-0.296846 0.658572 0.691495 -0.954587 -0.223912 -0.196536 0.0254007 -0.718433 0.695132 1.45844 1.88022 -0.869352</i>
                        <i>-0.292224 0.658373 0.69365 -0.956001 -0.220684 -0.193288 0.0258216 -0.719614 0.693894 1.45611 1.85736 -0.869363</i>
                        <i>-0.277253 0.676644 0.682117 -0.960797 -0.195118 -0.196972 -0.000186506 -0.709987 0.704214 1.46104 1.86254 -0.86819</i>
                        <i>-0.242823 0.700601 0.670965 -0.969189 -0.14573 -0.198584 -0.0413479 -0.698513 0.714402 1.46749 1.86807 -0.866746</i>
                        <i>-0.223291 0.706199 0.671881 -0.973507 -0.126739 -0.19032 -0.0492501 -0.696578 0.715789 1.46232 1.86158 -0.870618</i>
                        <i>-0.209978 0.708627 0.673614 -0.976373 -0.11602 -0.182303 -0.0510324 -0.695979 0.716247 1.45625 1.85765 -0.874642</i>
                        <i>-0.250542 0.693871 0.675109 -0.967879 -0.164437 -0.190185 -0.0209508 -0.701073 0.712781 1.45899 1.88035 -0.872889</i>
                        <i>-0.291668 0.672643 0.68006 -0.956446 -0.213923 -0.198617 0.011882 -0.70837 0.705741 1.46172 1.89997 -0.870161</i>
                        <i>-0.296846 0.658572 0.691495 -0.954587 -0.223912 -0.196536 0.0254007 -0.718433 0.695132 1.45844 1.88022 -0.869352</i>
                        <i>-0.292224 0.658373 0.69365 -0.956001 -0.220684 -0.193288 0.0258216 -0.719614 0.693894 1.45611 1.85736 -0.869363</i>
                        <i>-0.277253 0.676644 0.682117 -0.960797 -0.195118 -0.196972 -0.000186506 -0.709987 0.704214 1.46104 1.86254 -0.86819</i>
                    </KeyFrames>
                </p>
            </i>
            <i>
                <p>
                    <Name>
                        <![CDATA[spine2]]>
</Name>
                    <Exclude>0</Exclude>
                    <Additive>0</Additive>
                    <IKPriority>0</IKPriority>
                    <IKRotLimits>-1e+010 -1e+010 -1e+010 1e+010 1e+010 1e+010</IKRotLimits>
                    <IKRotLimitOrder>0</IKRotLimitOrder>
                    <KeyFrames count="41">
                        <i>-0.243937 0.519579 0.81886 -0.959509 -0.251936 -0.125979 0.140844 -0.816435 0.559997 1.41884 1.96574 -0.763999</i>
                        <i>-0.221956 0.532676 0.816696 -0.970014 -0.205702 -0.129458 0.0990365 -0.820941 0.56236 1.42989 1.97676 -0.762468</i>
                        <i>-0.208276 0.553262 0.80655 -0.973599 -0.196032 -0.116944 0.0934092 -0.809613 0.579484 1.42859 1.96853 -0.768756</i>
                        <i>-0.199191 0.572782 0.795137 -0.975381 -0.194239 -0.104423 0.0946349 -0.796362 0.597371 1.42542 1.96203 -0.775387</i>
                        <i>-0.223347 0.559831 0.797938 -0.967632 -0.226019 -0.112271 0.117496 -0.797186 0.592191 1.42226 1.98238 -0.77359</i>
                        <i>-0.248357 0.536669 0.806415 -0.957948 -0.259587 -0.122271 0.143716 -0.80287 0.578571 1.41868 1.99947 -0.769516</i>
                        <i>-0.253349 0.51627 0.818095 -0.953773 -0.274623 -0.122062 0.161651 -0.811201 0.56198 1.41423 1.97853 -0.76603</i>
                        <i>-0.252151 0.509649 0.822604 -0.953048 -0.278098 -0.119838 0.167689 -0.814198 0.555843 1.41221 1.95648 -0.764807</i>
                        <i>-0.243937 0.519579 0.81886 -0.959509 -0.251936 -0.125979 0.140844 -0.816435 0.559997 1.41884 1.96574 -0.763999</i>
                        <i>-0.221956 0.532676 0.816696 -0.970014 -0.205702 -0.129458 0.0990365 -0.820941 0.56236 1.42989 1.97676 -0.762468</i>
                        <i>-0.208276 0.553262 0.80655 -0.973599 -0.196032 -0.116944 0.0934092 -0.809613 0.579484 1.42859 1.96853 -0.768756</i>
                        <i>-0.199191 0.572782 0.795137 -0.975381 -0.194239 -0.104423 0.0946349 -0.796362 0.597371 1.42542 1.96203 -0.775387</i>
                        <i>-0.223347 0.559831 0.797938 -0.967632 -0.226019 -0.112271 0.117496 -0.797186 0.592191 1.42226 1.98238 -0.77359</i>
                        <i>-0.248357 0.536669 0.806415 -0.957948 -0.259587 -0.122271 0.143716 -0.80287 0.578571 1.41868 1.99947 -0.769516</i>
                        <i>-0.253349 0.51627 0.818095 -0.953773 -0.274623 -0.122062 0.161651 -0.811201 0.56198 1.41423 1.97853 -0.76603</i>
                        <i>-0.252151 0.509649 0.822604 -0.953048 -0.278098 -0.119838 0.167689 -0.814198 0.555843 1.41221 1.95648 -0.764807</i>
                        <i>-0.243937 0.519579 0.81886 -0.959509 -0.251936 -0.125979 0.140844 -0.816435 0.559997 1.41884 1.96574 -0.763999</i>
                        <i>-0.221956 0.532676 0.816696 -0.970014 -0.205702 -0.129458 0.0990365 -0.820941 0.56236 1.42989 1.97676 -0.762468</i>
                        <i>-0.208276 0.553262 0.80655 -0.973599 -0.196032 -0.116944 0.0934092 -0.809613 0.579484 1.42859 1.96853 -0.768756</i>
                        <i>-0.199191 0.572782 0.795137 -0.975381 -0.194239 -0.104423 0.0946349 -0.796362 0.597371 1.42542 1.96203 -0.775387</i>
                        <i>-0.223347 0.559831 0.797938 -0.967632 -0.226019 -0.112271 0.117496 -0.797186 0.592191 1.42226 1.98238 -0.77359</i>
                        <i>-0.248357 0.536669 0.806415 -0.957948 -0.259587 -0.122271 0.143716 -0.80287 0.578571 1.41868 1.99947 -0.769516</i>
                        <i>-0.253349 0.51627 0.818095 -0.953773 -0.274623 -0.122062 0.161651 -0.811201 0.56198 1.41423 1.97853 -0.76603</i>
                        <i>-0.252151 0.509649 0.822604 -0.953048 -0.278098 -0.119838 0.167689 -0.814198 0.555843 1.41221 1.95648 -0.764807</i>
                        <i>-0.243937 0.519579 0.81886 -0.959509 -0.251936 -0.125979 0.140844 -0.816435 0.559997 1.41884 1.96574 -0.763999</i>
                        <i>-0.221956 0.532676 0.816696 -0.970014 -0.205702 -0.129458 0.0990365 -0.820941 0.56236 1.42989 1.97676 -0.762468</i>
                        <i>-0.208276 0.553262 0.80655 -0.973599 -0.196032 -0.116944 0.0934092 -0.809613 0.579484 1.42859 1.96853 -0.768756</i>
                        <i>-0.199191 0.572782 0.795137 -0.975381 -0.194239 -0.104423 0.0946349 -0.796362 0.597371 1.42542 1.96203 -0.775387</i>
                        <i>-0.223347 0.559831 0.797938 -0.967632 -0.226019 -0.112271 0.117496 -0.797186 0.592191 1.42226 1.98238 -0.77359</i>
                        <i>-0.248357 0.536669 0.806415 -0.957948 -0.259587 -0.122271 0.143716 -0.80287 0.578571 1.41868 1.99947 -0.769516</i>
                        <i>-0.253349 0.51627 0.818095 -0.953773 -0.274623 -0.122062 0.161651 -0.811201 0.56198 1.41423 1.97853 -0.76603</i>
                        <i>-0.252151 0.509649 0.822604 -0.953048 -0.278098 -0.119838 0.167689 -0.814198 0.555843 1.41221 1.95648 -0.764807</i>
                        <i>-0.243937 0.519579 0.81886 -0.959509 -0.251936 -0.125979 0.140844 -0.816435 0.559997 1.41884 1.96574 -0.763999</i>
                        <i>-0.221956 0.532676 0.816696 -0.970014 -0.205702 -0.129458 0.0990365 -0.820941 0.56236 1.42989 1.97676 -0.762468</i>
                        <i>-0.208276 0.553262 0.80655 -0.973599 -0.196032 -0.116944 0.0934092 -0.809613 0.579484 1.42859 1.96853 -0.768756</i>
                        <i>-0.199191 0.572782 0.795137 -0.975381 -0.194239 -0.104423 0.0946349 -0.796362 0.597371 1.42542 1.96203 -0.775387</i>
                        <i>-0.223347 0.559831 0.797938 -0.967632 -0.226019 -0.112271 0.117496 -0.797186 0.592191 1.42226 1.98238 -0.77359</i>
                        <i>-0.248357 0.536669 0.806415 -0.957948 -0.259587 -0.122271 0.143716 -0.80287 0.578571 1.41868 1.99947 -0.769516</i>
                        <i>-0.253349 0.51627 0.818095 -0.953773 -0.274623 -0.122062 0.161651 -0.811201 0.56198 1.41423 1.97853 -0.76603</i>
                        <i>-0.252151 0.509649 0.822604 -0.953048 -0.278098 -0.119838 0.167689 -0.814198 0.555843 1.41221 1.95648 -0.764807</i>
                        <i>-0.243937 0.519579 0.81886 -0.959509 -0.251936 -0.125979 0.140844 -0.816435 0.559997 1.41884 1.96574 -0.763999</i>
                    </KeyFrames>
                </p>
            </i>
            <i>
                <p>
                    <Name>
                        <![CDATA[head]]>
</Name>
                    <Exclude>0</Exclude>
                    <Additive>0</Additive>
                    <IKPriority>0</IKPriority>
                    <IKRotLimits>-1e+010 -1e+010 -1e+010 1e+010 1e+010 1e+010</IKRotLimits>
                    <IKRotLimitOrder>0</IKRotLimitOrder>
                    <KeyFrames count="41">
                        <i>-0.135355 0.924222 0.357061 0.221276 0.379473 -0.898352 -0.965772 -0.042587 -0.255872 1.35977 2.11159 -0.569909</i>
                        <i>-0.110411 0.927066 0.358271 0.268124 0.374894 -0.887448 -0.957036 -0.00192275 -0.289961 1.3757 2.12605 -0.566462</i>
                        <i>-0.105397 0.924099 0.367332 0.258445 0.382151 -0.887224 -0.960259 0.00142446 -0.279106 1.37718 2.12208 -0.57929</i>
                        <i>-0.105879 0.920569 0.375956 0.245411 0.390577 -0.887256 -0.96362 -0.00167794 -0.267271 1.37574 2.11922 -0.593104</i>
                        <i>-0.11851 0.920308 0.372811 0.230381 0.390696 -0.891224 -0.965857 -0.0197304 -0.258323 1.36844 2.13665 -0.590407</i>
                        <i>-0.130804 0.9209 0.367196 0.20842 0.387644 -0.897938 -0.969253 -0.040923 -0.242639 1.36025 2.14868 -0.582904</i>
                        <i>-0.140787 0.921606 0.361692 0.188623 0.383608 -0.904028 -0.971905 -0.0590519 -0.227843 1.35381 2.12321 -0.575209</i>
                        <i>-0.145021 0.921927 0.359192 0.180032 0.381557 -0.906644 -0.972912 -0.0668166 -0.22131 1.35123 2.09971 -0.5717</i>
                        <i>-0.135355 0.924222 0.357061 0.221276 0.379473 -0.898352 -0.965772 -0.042587 -0.255872 1.35977 2.11159 -0.569909</i>
                        <i>-0.110411 0.927066 0.358271 0.268124 0.374894 -0.887448 -0.957036 -0.00192275 -0.289961 1.3757 2.12605 -0.566462</i>
                        <i>-0.105397 0.924099 0.367332 0.258445 0.382151 -0.887224 -0.960259 0.00142446 -0.279106 1.37718 2.12208 -0.57929</i>
                        <i>-0.105879 0.920569 0.375956 0.245411 0.390577 -0.887256 -0.96362 -0.00167794 -0.267271 1.37574 2.11922 -0.593104</i>
                        <i>-0.11851 0.920308 0.372811 0.230381 0.390696 -0.891224 -0.965857 -0.0197304 -0.258323 1.36844 2.13665 -0.590407</i>
                        <i>-0.130804 0.9209 0.367196 0.20842 0.387644 -0.897938 -0.969253 -0.040923 -0.242639 1.36025 2.14868 -0.582904</i>
                        <i>-0.140787 0.921606 0.361692 0.188623 0.383608 -0.904028 -0.971905 -0.0590519 -0.227843 1.35381 2.12321 -0.575209</i>
                        <i>-0.145021 0.921927 0.359192 0.180032 0.381557 -0.906644 -0.972912 -0.0668166 -0.22131 1.35123 2.09971 -0.5717</i>
                        <i>-0.135355 0.924222 0.357061 0.221276 0.379473 -0.898352 -0.965772 -0.042587 -0.255872 1.35977 2.11159 -0.569909</i>
                        <i>-0.110411 0.927066 0.358271 0.268124 0.374894 -0.887448 -0.957036 -0.00192275 -0.289961 1.3757 2.12605 -0.566462</i>
                        <i>-0.105397 0.924099 0.367332 0.258445 0.382151 -0.887224 -0.960259 0.00142446 -0.279106 1.37718 2.12208 -0.57929</i>
                        <i>-0.105879 0.920569 0.375956 0.245411 0.390577 -0.887256 -0.96362 -0.00167794 -0.267271 1.37574 2.11922 -0.593104</i>
                        <i>-0.11851 0.920308 0.372811 0.230381 0.390696 -0.891224 -0.965857 -0.0197304 -0.258323 1.36844 2.13665 -0.590407</i>
                        <i>-0.130804 0.9209 0.367196 0.20842 0.387644 -0.897938 -0.969253 -0.040923 -0.242639 1.36025 2.14868 -0.582904</i>
                        <i>-0.140787 0.921606 0.361692 0.188623 0.383608 -0.904028 -0.971905 -0.0590519 -0.227843 1.35381 2.12321 -0.575209</i>
                        <i>-0.145021 0.921927 0.359192 0.180032 0.381557 -0.906644 -0.972912 -0.0668166 -0.22131 1.35123 2.09971 -0.5717</i>
                        <i>-0.135355 0.924222 0.357061 0.221276 0.379473 -0.898352 -0.965772 -0.042587 -0.255872 1.35977 2.11159 -0.569909</i>
                        <i>-0.110411 0.927066 0.358271 0.268124 0.374894 -0.887448 -0.957036 -0.00192275 -0.289961 1.3757 2.12605 -0.566462</i>
                        <i>-0.105397 0.924099 0.367332 0.258445 0.382151 -0.887224 -0.960259 0.00142446 -0.279106 1.37718 2.12208 -0.57929</i>
                        <i>-0.105879 0.920569 0.375956 0.245411 0.390577 -0.887256 -0.96362 -0.00167794 -0.267271 1.37574 2.11922 -0.593104</i>
                        <i>-0.11851 0.920308 0.372811 0.230381 0.390696 -0.891224 -0.965857 -0.0197304 -0.258323 1.36844 2.13665 -0.590407</i>
                        <i>-0.130804 0.9209 0.367196 0.20842 0.387644 -0.897938 -0.969253 -0.040923 -0.242639 1.36025 2.14868 -0.582904</i>
                        <i>-0.140787 0.921606 0.361692 0.188623 0.383608 -0.904028 -0.971905 -0.0590519 -0.227843 1.35381 2.12321 -0.575209</i>
                        <i>-0.145021 0.921927 0.359192 0.180032 0.381557 -0.906644 -0.972912 -0.0668166 -0.22131 1.35123 2.09971 -0.5717</i>
                        <i>-0.135355 0.924222 0.357061 0.221276 0.379473 -0.898352 -0.965772 -0.042587 -0.255872 1.35977 2.11159 -0.569909</i>
                        <i>-0.110411 0.927066 0.358271 0.268124 0.374894 -0.887448 -0.957036 -0.00192275 -0.289961 1.3757 2.12605 -0.566462</i>
                        <i>-0.105397 0.924099 0.367332 0.258445 0.382151 -0.887224 -0.960259 0.00142446 -0.279106 1.37718 2.12208 -0.57929</i>
                        <i>-0.105879 0.920569 0.375956 0.245411 0.390577 -0.887256 -0.96362 -0.00167794 -0.267271 1.37574 2.11922 -0.593104</i>
                        <i>-0.11851 0.920308 0.372811 0.230381 0.390696 -0.891224 -0.965857 -0.0197304 -0.258323 1.36844 2.13665 -0.590407</i>
                        <i>-0.130804 0.9209 0.367196 0.20842 0.387644 -0.897938 -0.969253 -0.040923 -0.242639 1.36025 2.14868 -0.582904</i>
                        <i>-0.140787 0.921606 0.361692 0.188623 0.383608 -0.904028 -0.971905 -0.0590519 -0.227843 1.35381 2.12321 -0.575209</i>
                        <i>-0.145021 0.921927 0.359192 0.180032 0.381557 -0.906644 -0.972912 -0.0668166 -0.22131 1.35123 2.09971 -0.5717</i>
                        <i>-0.135355 0.924222 0.357061 0.221276 0.379473 -0.898352 -0.965772 -0.042587 -0.255872 1.35977 2.11159 -0.569909</i>
                    </KeyFrames>
                </p>
            </i>
            <i>
                <p>
                    <Name>
                        <![CDATA[head_prop]]>
</Name>
                    <Exclude>0</Exclude>
                    <Additive>0</Additive>
                    <IKPriority>0</IKPriority>
                    <IKRotLimits>-1e+010 -1e+010 -1e+010 1e+010 1e+010 1e+010</IKRotLimits>
                    <IKRotLimitOrder>0</IKRotLimitOrder>
                    <KeyFrames count="41">
                        <i>0.965772 0.042587 0.255872 -0.135355 0.924222 0.357061 -0.221276 -0.379473 0.898352 1.31015 2.42197 -0.45596</i>
                        <i>0.957036 0.00192275 0.289961 -0.110411 0.927066 0.358271 -0.268124 -0.374894 0.887448 1.33468 2.43758 -0.452249</i>
                        <i>0.960259 -0.00142446 0.279106 -0.105397 0.924099 0.367332 -0.258445 -0.382151 0.887224 1.33777 2.43267 -0.461988</i>
                        <i>0.96362 0.00167794 0.267271 -0.105879 0.920569 0.375956 -0.245411 -0.390577 0.887256 1.33609 2.42865 -0.472854</i>
                        <i>0.965857 0.0197304 0.258323 -0.11851 0.920308 0.372811 -0.230381 -0.390696 0.891224 1.3245 2.44589 -0.471176</i>
                        <i>0.969253 0.040923 0.242639 -0.130804 0.9209 0.367196 -0.20842 -0.387644 0.897938 1.31208 2.45799 -0.465492</i>
                        <i>0.971905 0.0590519 0.227843 -0.140787 0.921606 0.361692 -0.188623 -0.383608 0.904028 1.3022 2.43264 -0.459583</i>
                        <i>0.972912 0.0668166 0.22131 -0.145021 0.921927 0.359192 -0.180032 -0.381557 0.906644 1.29816 2.4092 -0.456884</i>
                        <i>0.965772 0.042587 0.255872 -0.135355 0.924222 0.357061 -0.221276 -0.379473 0.898352 1.31015 2.42197 -0.45596</i>
                        <i>0.957036 0.00192275 0.289961 -0.110411 0.927066 0.358271 -0.268124 -0.374894 0.887448 1.33468 2.43758 -0.452249</i>
                        <i>0.960259 -0.00142446 0.279106 -0.105397 0.924099 0.367332 -0.258445 -0.382151 0.887224 1.33777 2.43267 -0.461988</i>
                        <i>0.96362 0.00167794 0.267271 -0.105879 0.920569 0.375956 -0.245411 -0.390577 0.887256 1.33609 2.42865 -0.472854</i>
                        <i>0.965857 0.0197304 0.258323 -0.11851 0.920308 0.372811 -0.230381 -0.390696 0.891224 1.3245 2.44589 -0.471176</i>
                        <i>0.969253 0.040923 0.242639 -0.130804 0.9209 0.367196 -0.20842 -0.387644 0.897938 1.31208 2.45799 -0.465492</i>
                        <i>0.971905 0.0590519 0.227843 -0.140787 0.921606 0.361692 -0.188623 -0.383608 0.904028 1.3022 2.43264 -0.459583</i>
                        <i>0.972912 0.0668166 0.22131 -0.145021 0.921927 0.359192 -0.180032 -0.381557 0.906644 1.29816 2.4092 -0.456884</i>
                        <i>0.965772 0.042587 0.255872 -0.135355 0.924222 0.357061 -0.221276 -0.379473 0.898352 1.31015 2.42197 -0.45596</i>
                        <i>0.957036 0.00192275 0.289961 -0.110411 0.927066 0.358271 -0.268124 -0.374894 0.887448 1.33468 2.43758 -0.452249</i>
                        <i>0.960259 -0.00142446 0.279106 -0.105397 0.924099 0.367332 -0.258445 -0.382151 0.887224 1.33777 2.43267 -0.461988</i>
                        <i>0.96362 0.00167794 0.267271 -0.105879 0.920569 0.375956 -0.245411 -0.390577 0.887256 1.33609 2.42865 -0.472854</i>
                        <i>0.965857 0.0197304 0.258323 -0.11851 0.920308 0.372811 -0.230381 -0.390696 0.891224 1.3245 2.44589 -0.471176</i>
                        <i>0.969253 0.040923 0.242639 -0.130804 0.9209 0.367196 -0.20842 -0.387644 0.897938 1.31208 2.45799 -0.465492</i>
                        <i>0.971905 0.0590519 0.227843 -0.140787 0.921606 0.361692 -0.188623 -0.383608 0.904028 1.3022 2.43264 -0.459583</i>
                        <i>0.972912 0.0668166 0.22131 -0.145021 0.921927 0.359192 -0.180032 -0.381557 0.906644 1.29816 2.4092 -0.456884</i>
                        <i>0.965772 0.042587 0.255872 -0.135355 0.924222 0.357061 -0.221276 -0.379473 0.898352 1.31015 2.42197 -0.45596</i>
                        <i>0.957036 0.00192275 0.289961 -0.110411 0.927066 0.358271 -0.268124 -0.374894 0.887448 1.33468 2.43758 -0.452249</i>
                        <i>0.960259 -0.00142446 0.279106 -0.105397 0.924099 0.367332 -0.258445 -0.382151 0.887224 1.33777 2.43267 -0.461988</i>
                        <i>0.96362 0.00167794 0.267271 -0.105879 0.920569 0.375956 -0.245411 -0.390577 0.887256 1.33609 2.42865 -0.472854</i>
                        <i>0.965857 0.0197304 0.258323 -0.11851 0.920308 0.372811 -0.230381 -0.390696 0.891224 1.3245 2.44589 -0.471176</i>
                        <i>0.969253 0.040923 0.242639 -0.130804 0.9209 0.367196 -0.20842 -0.387644 0.897938 1.31208 2.45799 -0.465492</i>
                        <i>0.971905 0.0590519 0.227843 -0.140787 0.921606 0.361692 -0.188623 -0.383608 0.904028 1.3022 2.43264 -0.459583</i>
                        <i>0.972912 0.0668166 0.22131 -0.145021 0.921927 0.359192 -0.180032 -0.381557 0.906644 1.29816 2.4092 -0.456884</i>
                        <i>0.965772 0.042587 0.255872 -0.135355 0.924222 0.357061 -0.221276 -0.379473 0.898352 1.31015 2.42197 -0.45596</i>
                        <i>0.957036 0.00192275 0.289961 -0.110411 0.927066 0.358271 -0.268124 -0.374894 0.887448 1.33468 2.43758 -0.452249</i>
                        <i>0.960259 -0.00142446 0.279106 -0.105397 0.924099 0.367332 -0.258445 -0.382151 0.887224 1.33777 2.43267 -0.461988</i>
                        <i>0.96362 0.00167794 0.267271 -0.105879 0.920569 0.375956 -0.245411 -0.390577 0.887256 1.33609 2.42865 -0.472854</i>
                        <i>0.965857 0.0197304 0.258323 -0.11851 0.920308 0.372811 -0.230381 -0.390696 0.891224 1.3245 2.44589 -0.471176</i>
                        <i>0.969253 0.040923 0.242639 -0.130804 0.9209 0.367196 -0.20842 -0.387644 0.897938 1.31208 2.45799 -0.465492</i>
                        <i>0.971905 0.0590519 0.227843 -0.140787 0.921606 0.361692 -0.188623 -0.383608 0.904028 1.3022 2.43264 -0.459583</i>
                        <i>0.972912 0.0668166 0.22131 -0.145021 0.921927 0.359192 -0.180032 -0.381557 0.906644 1.29816 2.4092 -0.456884</i>
                        <i>0.965772 0.042587 0.255872 -0.135355 0.924222 0.357061 -0.221276 -0.379473 0.898352 1.31015 2.42197 -0.45596</i>
                    </KeyFrames>
                </p>
            </i>
            <i>
                <p>
                    <Name>
                        <![CDATA[l_clav]]>
</Name>
                    <Exclude>0</Exclude>
                    <Additive>0</Additive>
                    <IKPriority>0</IKPriority>
                    <IKRotLimits>-1e+010 -1e+010 -1e+010 1e+010 1e+010 1e+010</IKRotLimits>
                    <IKRotLimitOrder>0</IKRotLimitOrder>
                    <KeyFrames count="41">
                        <i>0.772112 0.558596 0.303009 -0.621223 0.563002 0.545079 0.133884 -0.609098 0.781713 1.4909 1.98218 -0.68768</i>
                        <i>0.791987 0.524605 0.312326 -0.601772 0.584365 0.544415 0.103091 -0.619119 0.778502 1.50232 1.99215 -0.684164</i>
                        <i>0.825677 0.475469 0.303621 -0.560448 0.62984 0.537773 0.0644618 -0.614191 0.78652 1.50308 1.98337 -0.692078</i>
                        <i>0.843884 0.450101 0.292008 -0.534813 0.662236 0.524803 0.0428363 -0.599043 0.79957 1.50176 1.97658 -0.700741</i>
                        <i>0.816128 0.503864 0.282942 -0.571812 0.63343 0.521342 0.083462 -0.587272 0.805075 1.49667 1.99727 -0.699697</i>
                        <i>0.782064 0.555902 0.281688 -0.610137 0.590938 0.527755 0.12692 -0.584607 0.801328 1.49099 2.0147 -0.695914</i>
                        <i>0.791747 0.532522 0.299261 -0.598874 0.580159 0.552057 0.120363 -0.616309 0.778252 1.48648 1.99438 -0.691894</i>
