<?xml version="1.0" encoding="ISO-8859-1" ?>
<Animl Version="1">
    <ModellingPackage>
        <![CDATA[Maya.2010]]>
</ModellingPackage>
    <SrcFile>
        <![CDATA[anims\turrets\machinegun\blue\~src\mgun_m60\mgun_m60_aim_low_crewman_a.mb]]>
</SrcFile>
    <FramesPerSecond>30</FramesPerSecond>
    <TotalFrames>30</TotalFrames>
    <Skeleton>
        <RefFrame>
            <Name>
                <![CDATA[soldier_ref_frame]]>
</Name>
            <Exclude>0</Exclude>
            <Additive>0</Additive>
            <IKPriority>0</IKPriority>
            <IKRotLimits>-1e+010 -1e+010 -1e+010 1e+010 1e+010 1e+010</IKRotLimits>
            <IKRotLimitOrder>0</IKRotLimitOrder>
            <KeyFrames count="30">
                <i>1 0 0 0 1 0 0 0 1 0 0.9 -1.98</i>
                <i>1 0 0 0 1 0 0 0 1 0 0.9 -1.98</i>
                <i>1 0 0 0 1 0 0 0 1 0 0.9 -1.98</i>
                <i>1 0 0 0 1 0 0 0 1 0 0.9 -1.98</i>
                <i>1 0 0 0 1 0 0 0 1 0 0.9 -1.98</i>
                <i>1 0 0 0 1 0 0 0 1 0 0.9 -1.98</i>
                <i>1 0 0 0 1 0 0 0 1 0 0.9 -1.98</i>
                <i>1 0 0 0 1 0 0 0 1 0 0.9 -1.98</i>
                <i>1 0 0 0 1 0 0 0 1 0 0.9 -1.98</i>
                <i>1 0 0 0 1 0 0 0 1 0 0.9 -1.98</i>
                <i>1 0 0 0 1 0 0 0 1 0 0.9 -1.98</i>
                <i>1 0 0 0 1 0 0 0 1 0 0.9 -1.98</i>
                <i>1 0 0 0 1 0 0 0 1 0 0.9 -1.98</i>
                <i>1 0 0 0 1 0 0 0 1 0 0.9 -1.98</i>
                <i>1 0 0 0 1 0 0 0 1 0 0.9 -1.98</i>
                <i>1 0 0 0 1 0 0 0 1 0 0.9 -1.98</i>
                <i>1 0 0 0 1 0 0 0 1 0 0.9 -1.98</i>
                <i>1 0 0 0 1 0 0 0 1 0 0.9 -1.98</i>
                <i>1 0 0 0 1 0 0 0 1 0 0.9 -1.98</i>
                <i>1 0 0 0 1 0 0 0 1 0 0.9 -1.98</i>
                <i>1 0 0 0 1 0 0 0 1 0 0.9 -1.98</i>
                <i>1 0 0 0 1 0 0 0 1 0 0.9 -1.98</i>
                <i>1 0 0 0 1 0 0 0 1 0 0.9 -1.98</i>
                <i>1 0 0 0 1 0 0 0 1 0 0.9 -1.98</i>
                <i>1 0 0 0 1 0 0 0 1 0 0.9 -1.98</i>
                <i>1 0 0 0 1 0 0 0 1 0 0.9 -1.98</i>
                <i>1 0 0 0 1 0 0 0 1 0 0.9 -1.98</i>
                <i>1 0 0 0 1 0 0 0 1 0 0.9 -1.98</i>
                <i>1 0 0 0 1 0 0 0 1 0 0.9 -1.98</i>
                <i>1 0 0 0 1 0 0 0 1 0 0.9 -1.98</i>
            </KeyFrames>
        </RefFrame>
        <Bones count="23">
            <i>
                <p>
                    <Name>
                        <![CDATA[pelvis]]>
</Name>
                    <Exclude>0</Exclude>
                    <Additive>0</Additive>
                    <IKPriority>0</IKPriority>
                    <IKRotLimits>-1e+010 -1e+010 -1e+010 1e+010 1e+010 1e+010</IKRotLimits>
                    <IKRotLimitOrder>2</IKRotLimitOrder>
                    <KeyFrames count="30">
                        <i>1 0 0 0 1 0 0 0 1 -0.0160775 1.89854 -2.12255</i>
                        <i>1 0 0 0 1 0 0 0 1 -0.0160775 1.89801 -2.12255</i>
                        <i>1 0 0 0 1 0 0 0 1 -0.0160775 1.89742 -2.12255</i>
                        <i>1 0 0 0 1 0 0 0 1 -0.0160775 1.8968 -2.12255</i>
                        <i>1 0 0 0 1 0 0 0 1 -0.0160775 1.89615 -2.12255</i>
                        <i>1 0 0 0 1 0 0 0 1 -0.0160775 1.89549 -2.12255</i>
                        <i>1 0 0 0 1 0 0 0 1 -0.0160775 1.89483 -2.12255</i>
                        <i>1 0 0 0 1 0 0 0 1 -0.0160775 1.89419 -2.12255</i>
                        <i>1 0 0 0 1 0 0 0 1 -0.0160775 1.89359 -2.12255</i>
                        <i>1 0 0 0 1 0 0 0 1 -0.0160775 1.89304 -2.12255</i>
                        <i>1 0 0 0 1 0 0 0 1 -0.0160775 1.89256 -2.12255</i>
                        <i>1 0 0 0 1 0 0 0 1 -0.0160775 1.89216 -2.12255</i>
                        <i>1 0 0 0 1 0 0 0 1 -0.0160775 1.89185 -2.12255</i>
                        <i>1 0 0 0 1 0 0 0 1 -0.0160775 1.89166 -2.12255</i>
                        <i>1 0 0 0 1 0 0 0 1 -0.0160775 1.89159 -2.12255</i>
                        <i>1 0 0 0 1 0 0 0 1 -0.0160775 1.89171 -2.12255</i>
                        <i>1 0 0 0 1 0 0 0 1 -0.0160775 1.89204 -2.12255</i>
                        <i>1 0 0 0 1 0 0 0 1 -0.0160775 1.89255 -2.12255</i>
                        <i>1 0 0 0 1 0 0 0 1 -0.0160775 1.8932 -2.12255</i>
                        <i>1 0 0 0 1 0 0 0 1 -0.0160775 1.89394 -2.12255</i>
                        <i>1 0 0 0 1 0 0 0 1 -0.0160775 1.89475 -2.12255</i>
                        <i>1 0 0 0 1 0 0 0 1 -0.0160775 1.89558 -2.12255</i>
                        <i>1 0 0 0 1 0 0 0 1 -0.0160775 1.8964 -2.12255</i>
                        <i>1 0 0 0 1 0 0 0 1 -0.0160775 1.89716 -2.12255</i>
                        <i>1 0 0 0 1 0 0 0 1 -0.0160775 1.89784 -2.12255</i>
                        <i>1 0 0 0 1 0 0 0 1 -0.0160775 1.89839 -2.12255</i>
                        <i>1 0 0 0 1 0 0 0 1 -0.0160775 1.89877 -2.12255</i>
                        <i>1 0 0 0 1 0 0 0 1 -0.0160775 1.89895 -2.12255</i>
                        <i>1 0 0 0 1 0 0 0 1 -0.0160775 1.89888 -2.12255</i>
                        <i>1 0 0 0 1 0 0 0 1 -0.0160775 1.89854 -2.12255</i>
                    </KeyFrames>
                </p>
            </i>
            <i>
                <p>
                    <Name>
                        <![CDATA[spine0]]>
</Name>
                    <Exclude>0</Exclude>
                    <Additive>0</Additive>
                    <IKPriority>0</IKPriority>
                    <IKRotLimits>-1e+010 -1e+010 -1e+010 1e+010 1e+010 1e+010</IKRotLimits>
                    <IKRotLimitOrder>0</IKRotLimitOrder>
                    <KeyFrames count="30">
                        <i>-0.0199169 0.999688 0.0151005 -0.991389 -0.0177918 -0.129738 -0.129429 -0.0175544 0.991433 -0.0144761 2.03044 -2.17995</i>
                        <i>-0.019985 0.999661 0.0166604 -0.99139 -0.0176573 -0.129748 -0.129409 -0.01911 0.991407 -0.0144761 2.02992 -2.17995</i>
                        <i>-0.020034 0.999641 0.0177684 -0.991391 -0.0175623 -0.129754 -0.129396 -0.0202149 0.991387 -0.0144761 2.02933 -2.17995</i>
                        <i>-0.0200661 0.999628 0.0184754 -0.991391 -0.0175025 -0.129759 -0.129387 -0.0209201 0.991373 -0.0144761 2.0287 -2.17995</i>
                        <i>-0.0200833 0.999621 0.0188329 -0.991391 -0.0174732 -0.129761 -0.129382 -0.0212768 0.991367 -0.0144761 2.02805 -2.17995</i>
                        <i>-0.0200878 0.99962 0.0188924 -0.991391 -0.01747 -0.129761 -0.129381 -0.0213364 0.991365 -0.0144761 2.02739 -2.17995</i>
                        <i>-0.0200818 0.999623 0.0187058 -0.991391 -0.0174883 -0.12976 -0.129384 -0.0211505 0.991369 -0.0144761 2.02674 -2.17995</i>
                        <i>-0.0200676 0.999631 0.018325 -0.991391 -0.0175235 -0.129757 -0.129388 -0.0207712 0.991376 -0.0144761 2.0261 -2.17995</i>
                        <i>-0.0200472 0.999641 0.0178024 -0.991391 -0.017571 -0.129754 -0.129394 -0.0202503 0.991386 -0.0144761 2.0255 -2.17995</i>
                        <i>-0.0200228 0.999652 0.0171901 -0.99139 -0.0176261 -0.12975 -0.129402 -0.01964 0.991398 -0.0144761 2.02495 -2.17995</i>
                        <i>-0.0199967 0.999663 0.0165406 -0.99139 -0.0176844 -0.129746 -0.129409 -0.0189927 0.991409 -0.0144761 2.02447 -2.17995</i>
                        <i>-0.0199607 0.999678 0.0156689 -0.991389 -0.0177616 -0.12974 -0.12942 -0.0181237 0.991424 -0.0144761 2.02406 -2.17995</i>
                        <i>-0.0199092 0.999697 0.0144479 -0.991388 -0.0178688 -0.129733 -0.129435 -0.0169064 0.991444 -0.0144761 2.02376 -2.17995</i>
                        <i>-0.0198482 0.999718 0.0130181 -0.991387 -0.0179936 -0.129724 -0.129453 -0.0154807 0.991465 -0.0144761 2.02356 -2.17995</i>
                        <i>-0.0197837 0.999738 0.0115203 -0.991386 -0.0181237 -0.129715 -0.129472 -0.0139873 0.991484 -0.0144761 2.02349 -2.17995</i>
                        <i>-0.0197206 0.999755 0.0100708 -0.991385 -0.018249 -0.129706 -0.12949 -0.0125419 0.991501 -0.0144761 2.02361 -2.17995</i>
                        <i>-0.0196624 0.999768 0.00874599 -0.991384 -0.0183628 -0.129698 -0.129507 -0.0112208 0.991515 -0.0144761 2.02395 -2.17995</i>
                        <i>-0.0196124 0.999779 0.0076256 -0.991383 -0.0184585 -0.129691 -0.129521 -0.0101034 0.991525 -0.0144761 2.02446 -2.17995</i>
                        <i>-0.0195743 0.999785 0.00678805 -0.991382 -0.0185293 -0.129686 -0.129532 -0.00926806 0.991532 -0.0144761 2.0251 -2.17995</i>
                        <i>-0.0195515 0.999789 0.00631017 -0.991382 -0.0185686 -0.129683 -0.129539 -0.00879129 0.991535 -0.0144761 2.02585 -2.17995</i>
                        <i>-0.0195474 0.999789 0.00626774 -0.991382 -0.0185701 -0.129683 -0.129539 -0.00874869 0.991536 -0.0144761 2.02666 -2.17995</i>
                        <i>-0.0195655 0.999786 0.00673593 -0.991382 -0.0185273 -0.129686 -0.129533 -0.00921525 0.991532 -0.0144761 2.02749 -2.17995</i>
                        <i>-0.0195952 0.99978 0.00747218 -0.991383 -0.0184613 -0.129691 -0.129524 -0.0099491 0.991526 -0.0144761 2.02831 -2.17995</i>
                        <i>-0.019625 0.999774 0.00821201 -0.991383 -0.018395 -0.129695 -0.129515 -0.0106865 0.99152 -0.0144761 2.02907 -2.17995</i>
                        <i>-0.0196571 0.999766 0.00899763 -0.991384 -0.018325 -0.1297 -0.129505 -0.0114696 0.991512 -0.0144761 2.02975 -2.17995</i>
                        <i>-0.0196932 0.999757 0.00987113 -0.991385 -0.0182476 -0.129706 -0.129494 -0.0123404 0.991503 -0.0144761 2.03029 -2.17995</i>
                        <i>-0.0197352 0.999746 0.0108748 -0.991385 -0.0181592 -0.129712 -0.129482 -0.013341 0.991492 -0.0144761 2.03068 -2.17995</i>
                        <i>-0.0197852 0.999732 0.0120514 -0.991386 -0.0180563 -0.129719 -0.129467 -0.0145141 0.991477 -0.0144761 2.03085 -2.17995</i>
                        <i>-0.0198451 0.999713 0.0134448 -0.991387 -0.0179352 -0.129728 -0.12945 -0.0159034 0.991458 -0.0144761 2.03079 -2.17995</i>
                        <i>-0.0199169 0.999688 0.0151005 -0.991389 -0.0177918 -0.129738 -0.129429 -0.0175544 0.991433 -0.0144761 2.03044 -2.17995</i>
                    </KeyFrames>
                </p>
            </i>
            <i>
                <p>
                    <Name>
                        <![CDATA[spine1]]>
</Name>
                    <Exclude>0</Exclude>
                    <Additive>0</Additive>
                    <IKPriority>0</IKPriority>
                    <IKRotLimits>-1e+010 -1e+010 -1e+010 1e+010 1e+010 1e+010</IKRotLimits>
                    <IKRotLimitOrder>0</IKRotLimitOrder>
                    <KeyFrames count="30">
                        <i>-0.00865413 0.958981 0.28334 -0.996283 0.0160166 -0.0846389 -0.0857052 -0.283019 0.955277 -0.0179909 2.20707 -2.17731</i>
                        <i>-0.00866224 0.958875 0.283695 -0.99628 0.0160506 -0.0846702 -0.0857416 -0.283373 0.955169 -0.0180017 2.20647 -2.17704</i>
                        <i>-0.00864002 0.959001 0.283272 -0.996277 0.0160449 -0.0847061 -0.0857783 -0.28295 0.955291 -0.0180093 2.20582 -2.17684</i>
                        <i>-0.00859219 0.959319 0.282192 -0.996274 0.0160054 -0.0847453 -0.0858144 -0.281869 0.955608 -0.0180139 2.20514 -2.17672</i>
                        <i>-0.00852346 0.959795 0.280574 -0.996272 0.015938 -0.0847865 -0.0858494 -0.28025 0.95608 -0.018016 2.20444 -2.17666</i>
                        <i>-0.00843851 0.960389 0.278536 -0.99627 0.0158485 -0.0848284 -0.0858827 -0.278213 0.956672 -0.0180159 2.20374 -2.17665</i>
                        <i>-0.00834207 0.961064 0.276199 -0.996268 0.015743 -0.0848699 -0.0859136 -0.275876 0.957346 -0.0180141 2.20304 -2.17668</i>
                        <i>-0.00823881 0.961785 0.273681 -0.996266 0.0156273 -0.0849097 -0.0859418 -0.273359 0.958065 -0.0180109 2.20237 -2.17675</i>
                        <i>-0.00813349 0.962516 0.271101 -0.996265 0.0155074 -0.0849469 -0.0859669 -0.27078 0.958795 -0.0180067 2.20174 -2.17684</i>
                        <i>-0.00803085 0.963224 0.26858 -0.996264 0.0153891 -0.0849803 -0.0859883 -0.268259 0.959502 -0.0180019 2.20117 -2.17695</i>
                        <i>-0.00793567 0.963876 0.266235 -0.996263 0.0152783 -0.0850091 -0.0860058 -0.265915 0.960152 -0.0179969 2.20067 -2.17706</i>
                        <i>-0.00784947 0.964467 0.264087 -0.996263 0.0151738 -0.0850278 -0.0860136 -0.263768 0.960744 -0.0179904 2.20026 -2.17722</i>
                        <i>-0.00777458 0.964988 0.26218 -0.996264 0.015076 -0.0850321 -0.0860076 -0.261862 0.961265 -0.0179816 2.19996 -2.17743</i>
                        <i>-0.00771699 0.965398 0.260668 -0.996266 0.0149935 -0.0850232 -0.0859895 -0.260351 0.961677 -0.0179713 2.1998 -2.17768</i>
                        <i>-0.0076827 0.965657 0.259707 -0.996269 0.0149345 -0.0850022 -0.0859615 -0.259391 0.961939 -0.0179607 2.19978 -2.17795</i>
                        <i>-0.00767436 0.965748 0.259369 -0.996272 0.0149036 -0.084971 -0.0859261 -0.259054 0.962033 -0.0179506 2.19995 -2.1782</i>
                        <i>-0.00768911 0.965688 0.259593 -0.996275 0.0148987 -0.084933 -0.0858864 -0.259279 0.961976 -0.0179415 2.20035 -2.17844</i>
                        <i>-0.00772477 0.965488 0.260332 -0.996279 0.0149188 -0.0848913 -0.0858454 -0.260019 0.96178 -0.0179339 2.20093 -2.17863</i>
                        <i>-0.00777913 0.96516 0.261544 -0.996282 0.0149627 -0.0848484 -0.0858057 -0.261231 0.961455 -0.0179284 2.20164 -2.17878</i>
                        <i>-0.00784996 0.964714 0.263184 -0.996284 0.0150293 -0.0848068 -0.0857698 -0.262871 0.961011 -0.0179255 2.20244 -2.17887</i>
                        <i>-0.00793504 0.964159 0.265208 -0.996286 0.0151176 -0.0847687 -0.0857398 -0.264896 0.960458 -0.0179257 2.2033 -2.17887</i>
                        <i>-0.00803211 0.963504 0.267574 -0.996287 0.0152266 -0.0847363 -0.085718 -0.267261 0.959804 -0.0179295 2.20416 -2.17879</i>
                        <i>-0.00813448 0.962799 0.270096 -0.996288 0.0153456 -0.0847071 -0.0857007 -0.269782 0.9591 -0.0179352 2.205 -2.17866</i>
                        <i>-0.00823513 0.962098 0.272579 -0.996288 0.0154631 -0.0846785 -0.085684 -0.272265 0.9584 -0.0179409 2.20579 -2.17853</i>
                        <i>-0.0083314 0.961418 0.274964 -0.996289 0.0155769 -0.0846526 -0.0856697 -0.274649 0.957721 -0.0179468 2.20648 -2.17839</i>
                        <i>-0.00842064 0.960778 0.277192 -0.996289 0.015685 -0.0846315 -0.0856598 -0.276876 0.95708 -0.0179534 2.20704 -2.17824</i>
                        <i>-0.00850018 0.960195 0.279203 -0.996288 0.0157851 -0.0846172 -0.0856562 -0.278886 0.956497 -0.0179608 2.20741 -2.17806</i>
                        <i>-0.00856736 0.959688 0.280938 -0.996288 0.0158751 -0.0846121 -0.0856611 -0.28062 0.955989 -0.0179693 2.20757 -2.17785</i>
                        <i>-0.00861956 0.959277 0.282337 -0.996286 0.015953 -0.0846184 -0.0856766 -0.282018 0.955576 -0.0179793 2.20747 -2.1776</i>
                        <i>-0.00865413 0.958981 0.28334 -0.996283 0.0160166 -0.0846389 -0.0857052 -0.283019 0.955277 -0.0179909 2.20707 -2.17731</i>
                    </KeyFrames>
                </p>
            </i>
            <i>
                <p>
                    <Name>
                        <![CDATA[spine2]]>
</Name>
                    <Exclude>0</Exclude>
                    <Additive>0</Additive>
                    <IKPriority>0</IKPriority>
                    <IKRotLimits>-1e+010 -1e+010 -1e+010 1e+010 1e+010 1e+010</IKRotLimits>
                    <IKRotLimitOrder>0</IKRotLimitOrder>
                    <KeyFrames count="30">
                        <i>-0.017649 0.882879 0.469269 -0.999221 0.000996282 -0.0394546 -0.0353012 -0.469599 0.882174 -0.0193601 2.3629 -2.13115</i>
                        <i>-0.0175241 0.884617 0.465989 -0.999219 0.00101239 -0.0394987 -0.035413 -0.466318 0.883908 -0.0193717 2.36223 -2.13084</i>
                        <i>-0.0173821 0.886536 0.462332 -0.999217 0.00103016 -0.0395426 -0.0355322 -0.462658 0.885825 -0.0193752 2.36155 -2.13073</i>
                        <i>-0.0172273 0.888581 0.458397 -0.999216 0.00104906 -0.0395858 -0.035656 -0.458719 0.887865 -0.0193716 2.36088 -2.13079</i>
                        <i>-0.0170639 0.890693 0.454284 -0.999214 0.00106858 -0.0396277 -0.0357816 -0.454603 0.889975 -0.0193621 2.36021 -2.13101</i>
                        <i>-0.0168961 0.892821 0.450094 -0.999212 0.00108821 -0.039668 -0.0359062 -0.45041 0.892099 -0.0193479 2.35957 -2.13134</i>
                        <i>-0.0167282 0.894911 0.445931 -0.999211 0.00110748 -0.0397059 -0.0360271 -0.446243 0.894186 -0.0193301 2.35895 -2.13176</i>
                        <i>-0.0165646 0.896914 0.441896 -0.999209 0.00112596 -0.0397411 -0.0361419 -0.442205 0.896186 -0.0193098 2.35837 -2.13225</i>
                        <i>-0.0164098 0.898779 0.438094 -0.999208 0.00114319 -0.0397729 -0.0362479 -0.4384 0.898049 -0.0192882 2.35783 -2.13277</i>
                        <i>-0.0162681 0.900462 0.43463 -0.999207 0.00115875 -0.0398007 -0.0363426 -0.434933 0.899729 -0.0192666 2.35735 -2.13329</i>
                        <i>-0.016144 0.901916 0.431611 -0.999206 0.00117221 -0.039824 -0.0364238 -0.431911 0.901181 -0.0192459 2.35694 -2.13379</i>
                        <i>-0.0160576 0.902902 0.429546 -0.999205 0.00118145 -0.0398364 -0.0364758 -0.429845 0.902166 -0.0192254 2.35662 -2.13429</i>
                        <i>-0.016025 0.903233 0.428851 -0.999206 0.00118475 -0.0398329 -0.0364865 -0.429149 0.902496 -0.0192044 2.35642 -2.13482</i>
                        <i>-0.0160451 0.902932 0.429484 -0.999206 0.00118232 -0.0398151 -0.0364581 -0.429782 0.902196 -0.019185 2.35635 -2.13531</i>
                        <i>-0.0161166 0.902017 0.431399 -0.999208 0.00117425 -0.0397845 -0.0363929 -0.431699 0.901284 -0.0191691 2.35641 -2.13572</i>
                        <i>-0.0162336 0.900552 0.434446 -0.999209 0.00116107 -0.0397435 -0.0362955 -0.434747 0.899821 -0.0191581 2.35664 -2.13601</i>
                        <i>-0.0163837 0.898677 0.438305 -0.999211 0.00114403 -0.0396959 -0.0361752 -0.438609 0.89795 -0.0191518 2.35708 -2.13619</i>
                        <i>-0.016555 0.896528 0.442678 -0.999213 0.00112434 -0.039645 -0.0360405 -0.442986 0.895804 -0.0191505 2.35768 -2.13625</i>
                        <i>-0.016736 0.894242 0.447271 -0.999215 0.00110324 -0.0395943 -0.0359004 -0.447583 0.893522 -0.0191543 2.3584 -2.13619</i>
                        <i>-0.0169152 0.891963 0.451791 -0.999217 0.00108208 -0.0395474 -0.0357637 -0.452107 0.891247 -0.0191633 2.35918 -2.13599</i>
                        <i>-0.0170816 0.889841 0.45595 -0.999219 0.00106225 -0.0395075 -0.0356397 -0.456269 0.889128 -0.0191777 2.35998 -2.13566</i>
                        <i>-0.0172239 0.888031 0.459461 -0.99922 0.00104522 -0.0394781 -0.035538 -0.459783 0.88732 -0.0191976 2.36077 -2.13518</i>
                        <i>-0.0173517 0.886405 0.462585 -0.999221 0.0010299 -0.0394545 -0.0354491 -0.462909 0.885697 -0.0192202 2.36151 -2.13464</i>
                        <i>-0.0174758 0.884813 0.465619 -0.999222 0.00101488 -0.0394319 -0.0353624 -0.465946 0.884106 -0.0192424 2.3622 -2.1341</i>
                        <i>-0.0175875 0.883376 0.468336 -0.999223 0.00100134 -0.0394126 -0.0352851 -0.468665 0.882671 -0.0192642 2.36279 -2.13357</i>
                        <i>-0.0176777 0.882218 0.47051 -0.999223 0.000990413 -0.0393993 -0.0352247 -0.470841 0.881515 -0.0192854 2.36325 -2.13305</i>
                        <i>-0.0177378 0.881465 0.471916 -0.999223 0.00098329 -0.0393943 -0.0351887 -0.472248 0.880763 -0.0193058 2.36353 -2.13254</i>
                        <i>-0.017759 0.881243 0.472329 -0.999223 0.000981146 -0.0394002 -0.0351846 -0.472662 0.880541 -0.0193251 2.36359 -2.13206</i>
                        <i>-0.0177324 0.881675 0.471524 -0.999222 0.000985122 -0.0394194 -0.0352197 -0.471856 0.880972 -0.0193433 2.36339 -2.13159</i>
                        <i>-0.017649 0.882879 0.469269 -0.999221 0.000996282 -0.0394546 -0.0353012 -0.469599 0.882174 -0.0193601 2.3629 -2.13115</i>
                    </KeyFrames>
                </p>
            </i>
            <i>
                <p>
                    <Name>
                        <![CDATA[head]]>
</Name>
                    <Exclude>0</Exclude>
                    <Additive>0</Additive>
                    <IKPriority>0</IKPriority>
                    <IKRotLimits>-1e+010 -1e+010 -1e+010 1e+010 1e+010 1e+010</IKRotLimits>
                    <IKRotLimitOrder>0</IKRotLimitOrder>
                    <KeyFrames count="30">
                        <i>0.0255817 0.949355 0.313162 0.125551 0.307733 -0.943153 -0.991757 0.0634452 -0.11132 -0.0245619 2.59898 -2.02033</i>
                        <i>0.0230633 0.944393 0.328009 0.126195 0.322722 -0.938043 -0.991737 0.0630274 -0.111735 -0.024529 2.5988 -2.02117</i>
                        <i>0.0210046 0.940468 0.339234 0.126711 0.334068 -0.933993 -0.991717 0.0626029 -0.112151 -0.024485 2.59863 -2.02227</i>
                        <i>0.0194751 0.937857 0.346476 0.127112 0.341407 -0.931281 -0.991697 0.0621779 -0.112564 -0.0244322 2.59848 -2.02359</i>
                        <i>0.0185437 0.936804 0.349364 0.127403 0.344362 -0.930152 -0.991678 0.0617585 -0.112966 -0.0243727 2.59835 -2.02507</i>
                        <i>0.018278 0.937499 0.347509 0.127588 0.342539 -0.9308 -0.991659 0.0613512 -0.113353 -0.0243087 2.59823 -2.02665</i>
                        <i>0.0187445 0.940059 0.340496 0.127659 0.335518 -0.933344 -0.991641 0.0609623 -0.113718 -0.0242422 2.59812 -2.02829</i>
                        <i>0.0198178 0.944028 0.329268 0.127625 0.32425 -0.937323 -0.991624 0.0605987 -0.114056 -0.0241756 2.59801 -2.02992</i>
                        <i>0.021275 0.948695 0.315476 0.127507 0.310396 -0.942017 -0.991609 0.0602668 -0.114362 -0.0241109 2.59792 -2.03151</i>
                        <i>0.0230341 0.953743 0.299739 0.127304 0.29458 -0.94711 -0.991596 0.0599736 -0.11463 -0.0240505 2.59783 -2.03298</i>
                        <i>0.0250123 0.958885 0.282692 0.127016 0.27744 -0.95231 -0.991585 0.0597259 -0.114854 -0.0239965 2.59775 -2.0343</i>
                        <i>0.027098 0.963671 0.265714 0.126636 0.260361 -0.957171 -0.991579 0.0595865 -0.114981 -0.0239548 2.59764 -2.03531</i>
                        <i>0.0291859 0.967797 0.250035 0.126166 0.244575 -0.961387 -0.99158 0.059605 -0.114965 -0.0239302 2.59749 -2.0359</i>
                        <i>0.031204 0.971233 0.236078 0.125627 0.230509 -0.964927 -0.991587 0.0597673 -0.11482 -0.0239237 2.59731 -2.03603</i>
                        <i>0.0330818 0.973967 0.224264 0.125044 0.218591 -0.967772 -0.9916 0.0600585 -0.114557 -0.0239363 2.5971 -2.0357</i>
                        <i>0.0347553 0.976016 0.214905 0.124449 0.209134 -0.969936 -0.991617 0.0604551 -0.114196 -0.0239668 2.59694 -2.03492</i>
                        <i>0.0361704 0.977433 0.208124 0.123878 0.202269 -0.971464 -0.991638 0.0609202 -0.113766 -0.0240112 2.59688 -2.03381</i>
                        <i>0.0372733 0.978247 0.204065 0.123368 0.19814 -0.972379 -0.991661 0.0614189 -0.113299 -0.0240659 2.59692 -2.03244</i>
                        <i>0.0380118 0.978468 0.202866 0.122957 0.19689 -0.972685 -0.991684 0.0619173 -0.112826 -0.0241272 2.59704 -2.03092</i>
                        <i>0.0383337 0.978082 0.20466 0.122682 0.198655 -0.972361 -0.991705 0.0623823 -0.112377 -0.0241915 2.59725 -2.02933</i>
                        <i>0.038308 0.977248 0.208612 0.122537 0.202596 -0.971566 -0.991724 0.0627814 -0.111988 -0.0242552 2.59752 -2.02775</i>
                        <i>0.0380459 0.976194 0.213536 0.122501 0.207523 -0.97053 -0.991739 0.0630831 -0.111689 -0.0243147 2.59787 -2.02629</i>
                        <i>0.0375171 0.974766 0.220054 0.122567 0.214057 -0.969101 -0.991751 0.0633293 -0.111444 -0.0243714 2.59823 -2.0249</i>
                        <i>0.0366876 0.972769 0.228856 0.122725 0.222891 -0.967088 -0.991762 0.0635664 -0.111205 -0.0244268 2.59855 -2.02355</i>
                        <i>0.0355622 0.970208 0.239649 0.122975 0.23373 -0.964493 -0.991772 0.0637703 -0.110999 -0.0244777 2.59881 -2.0223</i>
                        <i>0.0341443 0.967089 0.252139 0.123317 0.246281 -0.961321 -0.99178 0.0639167 -0.11085 -0.0245213 2.599 -2.02124</i>
                        <i>0.0324365 0.963419 0.266029 0.123751 0.26025 -0.957578 -0.991783 0.0639818 -0.110783 -0.0245545 2.59913 -2.02043</i>
                        <i>0.0304401 0.959218 0.281025 0.124272 0.275342 -0.95328 -0.991781 0.0639415 -0.110822 -0.0245744 2.59917 -2.01996</i>
                        <i>0.0281555 0.954514 0.296833 0.124874 0.291266 -0.948457 -0.991773 0.0637711 -0.110994 -0.0245779 2.59913 -2.0199</i>
                        <i>0.0255817 0.949355 0.313162 0.125551 0.307733 -0.943153 -0.991757 0.0634452 -0.11132 -0.0245619 2.59898 -2.02033</i>
                    </KeyFrames>
                </p>
            </i>
            <i>
                <p>
                    <Name>
                        <![CDATA[head_prop]]>
</Name>
                    <Exclude>0</Exclude>
                    <Additive>0</Additive>
                    <IKPriority>0</IKPriority>
                    <IKRotLimits>-1e+010 -1e+010 -1e+010 1e+010 1e+010 1e+010</IKRotLimits>
                    <IKRotLimitOrder>0</IKRotLimitOrder>
                    <KeyFrames count="30">
                        <i>0.991757 -0.0634452 0.11132 0.0255817 0.949355 0.313162 -0.125551 -0.307733 0.943153 -0.0162246 2.90839 -1.91826</i>
                        <i>0.991737 -0.0630274 0.111735 0.0230633 0.944393 0.328009 -0.126195 -0.322722 0.938043 -0.0170124 2.90658 -1.91427</i>
                        <i>0.991717 -0.0626029 0.112151 0.0210046 0.940468 0.339234 -0.126711 -0.334068 0.933993 -0.0176395 2.90514 -1.91172</i>
                        <i>0.991697 -0.0621779 0.112564 0.0194751 0.937857 0.346476 -0.127112 -0.341407 0.931281 -0.0180851 2.90414 -1.91067</i>
                        <i>0.991678 -0.0617585 0.112966 0.0185437 0.936804 0.349364 -0.127403 -0.344362 0.930152 -0.0183292 2.90366 -1.91121</i>
                        <i>0.991659 -0.0613512 0.113353 0.018278 0.937499 0.347509 -0.127588 -0.342539 0.9308 -0.0183517 2.90377 -1.91339</i>
                        <i>0.991641 -0.0609623 0.113718 0.0187445 0.940059 0.340496 -0.127659 -0.335518 0.933344 -0.0181332 2.90449 -1.91731</i>
                        <i>0.991624 -0.0605987 0.114056 0.0198178 0.944028 0.329268 -0.127625 -0.32425 0.937323 -0.0177168 2.90568 -1.92261</i>
                        <i>0.991609 -0.0602668 0.114362 0.021275 0.948695 0.315476 -0.127507 -0.310396 0.942017 -0.0171772 2.9071 -1.92869</i>
                        <i>0.991596 -0.0599736 0.11463 0.0230341 0.953743 0.299739 -0.127304 -0.29458 0.94711 -0.0165435 2.90866 -1.93529</i>
                        <i>0.991585 -0.0597259 0.114854 0.0250123 0.958885 0.282692 -0.127016 -0.27744 0.95231 -0.0158448 2.91026 -1.94217</i>
                        <i>0.991579 -0.0595865 0.114981 0.027098 0.963671 0.265714 -0.126636 -0.260361 0.957171 -0.0151233 2.91171 -1.94871</i>
                        <i>0.99158 -0.059605 0.114965 0.0291859 0.967797 0.250035 -0.126166 -0.244575 0.961387 -0.0144182 2.91291 -1.95441</i>
                        <i>0.991587 -0.0597673 0.11482 0.031204 0.971233 0.236078 -0.125627 -0.230509 0.964927 -0.0137541 2.91384 -1.95909</i>
                        <i>0.9916 -0.0600585 0.114557 0.0330818 0.973967 0.224264 -0.125044 -0.218591 0.967772 -0.0131546 2.91452 -1.96261</i>
                        <i>0.991617 -0.0604551 0.114196 0.0347553 0.976016 0.214905 -0.124449 -0.209134 0.969936 -0.0126397 2.91503 -1.96488</i>
                        <i>0.991638 -0.0609202 0.113766 0.0361704 0.977433 0.208124 -0.123878 -0.202269 0.971464 -0.012223 2.91544 -1.96598</i>
                        <i>0.991661 -0.0614189 0.113299 0.0372733 0.978247 0.204065 -0.123368 -0.19814 0.972379 -0.0119182 2.91574 -1.96594</i>
                        <i>0.991684 -0.0619173 0.112826 0.0380118 0.978468 0.202866 -0.122957 -0.19689 0.972685 -0.0117388 2.91594 -1.9648</i>
                        <i>0.991705 -0.0623823 0.112377 0.0383337 0.978082 0.20466 -0.122682 -0.198655 0.972361 -0.0116982 2.91601 -1.96262</i>
                        <i>0.991724 -0.0627814 0.111988 0.038308 0.977248 0.208612 -0.122537 -0.202596 0.971566 -0.0117702 2.91602 -1.95976</i>
                        <i>0.991739 -0.0630831 0.111689 0.0380459 0.976194 0.213536 -0.122501 -0.207523 0.97053 -0.0119152 2.91602 -1.9567</i>
                        <i>0.991751 -0.0633293 0.111444 0.0375171 0.974766 0.220054 -0.122567 -0.214057 0.969101 -0.0121443 2.91592 -1.95319</i>
                        <i>0.991762 -0.0635664 0.111205 0.0366876 0.972769 0.228856 -0.122725 -0.222891 0.967088 -0.0124699 2.91558 -1.94896</i>
                        <i>0.991772 -0.0637703 0.110999 0.0355622 0.970208 0.239649 -0.122975 -0.23373 0.964493 -0.0128877 2.91501 -1.9442</i>
                        <i>0.99178 -0.0639167 0.11085 0.0341443 0.967089 0.252139 -0.123317 -0.246281 0.961321 -0.0133934 2.91419 -1.93906</i>
                        <i>0.991783 -0.0639818 0.110783 0.0324365 0.963419 0.266029 -0.123751 -0.26025 0.957578 -0.0139832 2.91312 -1.93373</i>
                        <i>0.991781 -0.0639415 0.110822 0.0304401 0.959218 0.281025 -0.124272 -0.275342 0.95328 -0.0146537 2.91179 -1.92838</i>
                        <i>0.991773 -0.0637711 0.110994 0.0281555 0.954514 0.296833 -0.124874 -0.291266 0.948457 -0.0154017 2.91021 -1.92316</i>
                        <i>0.991757 -0.0634452 0.11132 0.0255817 0.949355 0.313162 -0.125551 -0.307733 0.943153 -0.0162246 2.90839 -1.91826</i>
                    </KeyFrames>
                </p>
            </i>
            <i>
                <p>
                    <Name>
                        <![CDATA[l_clav]]>
</Name>
                    <Exclude>0</Exclude>
                    <Additive>0</Additive>
                    <IKPriority>0</IKPriority>
                    <IKRotLimits>-1e+010 -1e+010 -1e+010 1e+010 1e+010 1e+010</IKRotLimits>
                    <IKRotLimitOrder>0</IKRotLimitOrder>
                    <KeyFrames count="30">
                        <i>0.850631 0.504193 0.149049 -0.525655 0.821301 0.221702 -0.0106336 -0.266935 0.963656 0.0647358 2.40473 -2.06623</i>
                        <i>0.850334 0.505024 0.147926 -0.526092 0.822554 0.215944 -0.0126199 -0.261447 0.965135 0.0647225 2.40426 -2.06591</i>
                        <i>0.849345 0.506146 0.149766 -0.527542 0.823489 0.208725 -0.0176853 -0.256287 0.966439 0.0647192 2.4038 -2.06585</i>
                        <i>0.84786 0.507484 0.153601 -0.52964 0.824163 0.200591 -0.0247958 -0.251426 0.967559 0.0647245 2.40337 -2.06599</i>
                        <i>0.846086 0.508946 0.158468 -0.532029 0.82465 0.192087 -0.0329189 -0.246832 0.968499 0.0647371 2.40297 -2.06631</i>
                        <i>0.844253 0.510425 0.163409 -0.534372 0.825034 0.183753 -0.0410257 -0.242455 0.969295 0.0647555 2.4026 -2.06677</i>
                        <i>0.842619 0.511806 0.167471 -0.536358 0.82541 0.17612 -0.0480935 -0.238227 0.970018 0.0647782 2.40225 -2.06734</i>
                        <i>0.841464 0.512967 0.169713 -0.537697 0.825881 0.169714 -0.0531052 -0.234063 0.97077 0.0648039 2.40193 -2.06798</i>
                        <i>0.841077 0.513774 0.169195 -0.538108 0.826557 0.165058 -0.0550466 -0.229872 0.971663 0.0648311 2.40164 -2.06866</i>
                        <i>0.841861 0.513389 0.166439 -0.536933 0.827888 0.162185 -0.0545286 -0.225903 0.972622 0.0648585 2.40139 -2.06933</i>
                        <i>0.843858 0.511274 0.162798 -0.533945 0.830106 0.160705 -0.0529751 -0.222537 0.973484 0.0648844 2.40117 -2.06998</i>
                        <i>0.846786 0.507631 0.158949 -0.529524 0.832848 0.161146 -0.0505778 -0.220623 0.974047 0.06491 2.40099 -2.07061</i>
                        <i>0.850364 0.502709 0.155453 -0.524044 0.835772 0.163896 -0.0475316 -0.220836 0.974152 0.0649356 2.40085 -2.07123</i>
                        <i>0.854334 0.496869 0.152426 -0.517854 0.838682 0.16864 -0.0440449 -0.22301 0.973821 0.0649588 2.40075 -2.0718</i>
                        <i>0.85845 0.490479 0.149981 -0.51131 0.841377 0.175063 -0.0403258 -0.226969 0.973067 0.0649773 2.4007 -2.07224</i>
                        <i>0.862477 0.483917 0.148181 -0.504772 0.843687 0.182747 -0.0365842 -0.232413 0.971929 0.0649896 2.40076 -2.07253</i>
                        <i>0.866199 0.477582 0.147019 -0.498606 0.845499 0.191112 -0.0330325 -0.238846 0.970496 0.0649959 2.40097 -2.07268</i>
                        <i>0.869411 0.471865 0.14652 -0.493186 0.846719 0.199588 -0.0298827 -0.245785 0.968864 0.0649961 2.40131 -2.07267</i>
                        <i>0.871917 0.467151 0.146734 -0.48889 0.847284 0.207597 -0.0273461 -0.252744 0.967147 0.0649901 2.40174 -2.07251</i>
                        <i>0.873525 0.46382 0.14773 -0.486103 0.847153 0.214557 -0.0256341 -0.259233 0.965474 0.0649778 2.40225 -2.0722</i>
                        <i>0.874043 0.462246 0.149591 -0.485207 0.846301 0.219884 -0.0249584 -0.26477 0.963988 0.0649593 2.40279 -2.07174</i>
                        <i>0.8732 0.46325 0.151394 -0.486751 0.844506 0.223346 -0.0243876 -0.268717 0.96291 0.0649344 2.40335 -2.07112</i>
                        <i>0.87108 0.466843 0.152568 -0.490602 0.841624 0.225784 -0.0229991 -0.271526 0.962156 0.0649063 2.40388 -2.07043</i>
                        <i>0.86801 0.472221 0.15351 -0.496101 0.837839 0.227836 -0.0210277 -0.273921 0.961522 0.0648787 2.40437 -2.06974</i>
                        <i>0.864342 0.478699 0.154144 -0.502556 0.833581 0.229303 -0.0187247 -0.275663 0.961072 0.0648517 2.40478 -2.06908</i>
                        <i>0.860443 0.485599 0.154375 -0.509285 0.829295 0.229997 -0.0163366 -0.27652 0.960869 0.0648257 2.40509 -2.06843</i>
                        <i>0.856704 0.492252 0.154094 -0.515615 0.825444 0.229746 -0.0141033 -0.276277 0.960974 0.0648008 2.40526 -2.06782</i>
                        <i>0.853538 0.498004 0.153185 -0.520887 0.822506 0.228388 -0.0122575 -0.27473 0.961443 0.0647773 2.40528 -2.06724</i>
                        <i>0.85137 0.502201 0.151535 -0.52445 0.820965 0.225764 -0.011026 -0.271681 0.962324 0.0647556 2.40511 -2.06671</i>
                        <i>0.850631 0.504193 0.149049 -0.525655 0.821301 0.221702 -0.0106336 -0.266935 0.963656 0.0647358 2.40473 -2.06623</i>
                    </KeyFrames>
                </p>
            </i>
            <i>
                <p>
                    <Name>
                        <![CDATA[l_shoulder]]>
</Name>
                    <Exclude>0</Exclude>
                    <Additive>0</Additive>
                    <IKPriority>0</IKPriority>
                    <IKRotLimits>-1e+010 -1e+010 -1e+010 1e+010 1e+010 1e+010</IKRotLimits>
                    <IKRotLimitOrder>0</IKRotLimitOrder>
                    <KeyFrames count="30">
                        <i>0.368809 -0.12225 0.921431 0.372434 0.927695 -0.0259884 -0.851629 0.352757 0.387672 0.232802 2.50435 -2.03678</i>
                        <i>0.369265 -0.121182 0.921389 0.371631 0.927991 -0.0268883 -0.851783 0.352345 0.38771 0.23273 2.50404 -2.03669</i>
                        <i>0.370569 -0.120467 0.92096 0.370782 0.928305 -0.0277646 -0.851587 0.351764 0.388668 0.232531 2.50381 -2.03625</i>
                        <i>0.372378 -0.119991 0.920292 0.369909 0.928628 -0.0285985 -0.851177 0.351074 0.390186 0.232243 2.50364 -2.03564</i>
                        <i>0.37435 -0.119633 0.919538 0.369033 0.928952 -0.029378 -0.850692 0.350338 0.391902 0.231905 2.50353 -2.035</i>
                        <i>0.376135 -0.119269 0.918856 0.368173 0.92927 -0.0300919 -0.850277 0.349617 0.393443 0.231562 2.50344 -2.03448</i>
                        <i>0.377376 -0.118774 0.918412 0.367351 0.929575 -0.0307268 -0.850083 0.348975 0.394431 0.231262 2.50337 -2.03425</i>
                        <i>0.377705 -0.118025 0.918373 0.366589 0.929858 -0.031268 -0.850266 0.348475 0.394478 0.231059 2.50328 -2.03445</i>
                        <i>0.376749 -0.116891 0.918911 0.365906 0.930112 -0.0317036 -0.850984 0.348179 0.393189 0.23101 2.50315 -2.03523</i>
                        <i>0.374529 -0.115044 0.92005 0.365194 0.93037 -0.0323264 -0.852268 0.348104 0.390464 0.231192 2.50282 -2.03645</i>
                        <i>0.371496 -0.112396 0.921606 0.364365 0.930658 -0.0333738 -0.853949 0.348199 0.386689 0.231613 2.50219 -2.03781</i>
                        <i>0.367905 -0.109219 0.923427 0.363603 0.930905 -0.0347606 -0.855826 0.348549 0.382197 0.232217 2.50129 -2.0392</i>
                        <i>0.364013 -0.105776 0.925368 0.363062 0.931054 -0.0363925 -0.857718 0.349214 0.377319 0.232949 2.50018 -2.04052</i>
                        <i>0.360088 -0.10228 0.927295 0.362751 0.931104 -0.038164 -0.859505 0.350119 0.372382 0.233757 2.49892 -2.04168</i>
                        <i>0.356396 -0.0989439 0.929081 0.362675 0.931058 -0.0399681 -0.861074 0.351199 0.36771 0.234588 2.49761 -2.04261</i>
                        <i>0.35317 -0.096051 0.930615 0.3628 0.930938 -0.0415989 -0.86235 0.352319 0.363627 0.235396 2.49637 -2.04326</i>
                        <i>0.350548 -0.0938044 0.931835 0.363068 0.930775 -0.0428852 -0.863306 0.353353 0.360339 0.236138 2.49533 -2.04363</i>
                        <i>0.348658 -0.092302 0.932694 0.363454 0.930583 -0.0437726 -0.863909 0.354253 0.358003 0.236773 2.49454 -2.04372</i>
                        <i>0.347628 -0.0916422 0.933143 0.363935 0.930375 -0.0442082 -0.864121 0.354972 0.356776 0.237262 2.49404 -2.04352</i>
                        <i>0.347586 -0.0919227 0.933131 0.364492 0.93016 -0.0441413 -0.863904 0.355462 0.356816 0.237568 2.49389 -2.04301</i>
                        <i>0.34866 -0.0932397 0.9326 0.365105 0.929948 -0.0435228 -0.863212 0.355672 0.358278 0.237651 2.49412 -2.04218</i>
                        <i>0.350682 -0.0958066 0.931581 0.365844 0.929723 -0.0421018 -0.862079 0.355578 0.361087 0.23746 2.49488 -2.04121</i>
                        <i>0.353248 -0.0995375 0.930219 0.366843 0.929429 -0.0398548 -0.860605 0.355324 0.364834 0.237013 2.49612 -2.04028</i>
                        <i>0.35614 -0.104043 0.928622 0.368104 0.929045 -0.037083 -0.858873 0.355037 0.369169 0.236379 2.49767 -2.03941</i>
                        <i>0.359162 -0.108868 0.926904 0.369464 0.928619 -0.0340923 -0.857029 0.354703 0.373748 0.235627 2.49936 -2.03862</i>
                        <i>0.362109 -0.113563 0.925192 0.370766 0.928203 -0.0311814 -0.855225 0.354321 0.378216 0.234831 2.50103 -2.03793</i>
                        <i>0.364769 -0.117681 0.923631 0.371859 0.927847 -0.0286398 -0.853618 0.353908 0.38221 0.234067 2.50252 -2.03737</i>
                        <i>0.366921 -0.120788 0.922377 0.372597 0.927608 -0.0267462 -0.852374 0.353489 0.385364 0.233418 2.50367 -2.03698</i>
                        <i>0.368342 -0.122453 0.921591 0.372836 0.927539 -0.0257724 -0.851656 0.353096 0.387306 0.232968 2.50433 -2.03677</i>
                        <i>0.368809 -0.12225 0.921431 0.372434 0.927695 -0.0259884 -0.851629 0.352757 0.387672 0.232802 2.50435 -2.03678</i>
                    </KeyFrames>
                </p>
            </i>
            <i>
                <p>
                    <Name>
                        <![CDATA[l_elbow]]>
</Name>
                    <Exclude>0</Exclude>
                    <Additive>0</Additive>
                    <IKPriority>0</IKPriority>
                    <IKRotLimits>-1e+010 -1e+010 -1e+010 1e+010 1e+010 1e+010</IKRotLimits>
                    <IKRotLimitOrder>0</IKRotLimitOrder>
                    <KeyFrames count="30">
                        <i>-0.752191 0.315614 0.578443 0.370311 0.928569 -0.0251099 -0.545049 0.195316 -0.815336 0.352767 2.46459 -1.73706</i>
