<?xml version="1.0" encoding="ISO-8859-1" ?>
<Animl Version="1">
    <ModellingPackage><![CDATA[Maya.2010]]></ModellingPackage>
    <SrcFile><![CDATA[anims\turrets\machinegun\blue\~src\mgun_m2browning\mgun_m2browning_aim_high_crewman_b.mb]]></SrcFile>
    <FramesPerSecond>30</FramesPerSecond>
    <TotalFrames>97</TotalFrames>
    <Skeleton>
        <RefFrame>
            <Name><![CDATA[soldier_ref_frame]]></Name>
            <Exclude>0</Exclude>
            <Additive>0</Additive>
            <IKPriority>0</IKPriority>
            <IKRotLimits>-1e+010 -1e+010 -1e+010 1e+010 1e+010 1e+010</IKRotLimits>
            <IKRotLimitOrder>0</IKRotLimitOrder>
            <KeyFrames count="97">
                <i>1 0 0 0 1 0 0 0 1 1.36 0.92 -0.71</i>
                <i>1 0 0 0 1 0 0 0 1 1.36 0.92 -0.71</i>
                <i>1 0 0 0 1 0 0 0 1 1.36 0.92 -0.71</i>
                <i>1 0 0 0 1 0 0 0 1 1.36 0.92 -0.71</i>
                <i>1 0 0 0 1 0 0 0 1 1.36 0.92 -0.71</i>
                <i>1 0 0 0 1 0 0 0 1 1.36 0.92 -0.71</i>
                <i>1 0 0 0 1 0 0 0 1 1.36 0.92 -0.71</i>
                <i>1 0 0 0 1 0 0 0 1 1.36 0.92 -0.71</i>
                <i>1 0 0 0 1 0 0 0 1 1.36 0.92 -0.71</i>
                <i>1 0 0 0 1 0 0 0 1 1.36 0.92 -0.71</i>
                <i>1 0 0 0 1 0 0 0 1 1.36 0.92 -0.71</i>
                <i>1 0 0 0 1 0 0 0 1 1.36 0.92 -0.71</i>
                <i>1 0 0 0 1 0 0 0 1 1.36 0.92 -0.71</i>
                <i>1 0 0 0 1 0 0 0 1 1.36 0.92 -0.71</i>
                <i>1 0 0 0 1 0 0 0 1 1.36 0.92 -0.71</i>
                <i>1 0 0 0 1 0 0 0 1 1.36 0.92 -0.71</i>
                <i>1 0 0 0 1 0 0 0 1 1.36 0.92 -0.71</i>
                <i>1 0 0 0 1 0 0 0 1 1.36 0.92 -0.71</i>
                <i>1 0 0 0 1 0 0 0 1 1.36 0.92 -0.71</i>
                <i>1 0 0 0 1 0 0 0 1 1.36 0.92 -0.71</i>
                <i>1 0 0 0 1 0 0 0 1 1.36 0.92 -0.71</i>
                <i>1 0 0 0 1 0 0 0 1 1.36 0.92 -0.71</i>
                <i>1 0 0 0 1 0 0 0 1 1.36 0.92 -0.71</i>
                <i>1 0 0 0 1 0 0 0 1 1.36 0.92 -0.71</i>
                <i>1 0 0 0 1 0 0 0 1 1.36 0.92 -0.71</i>
                <i>1 0 0 0 1 0 0 0 1 1.36 0.92 -0.71</i>
                <i>1 0 0 0 1 0 0 0 1 1.36 0.92 -0.71</i>
                <i>1 0 0 0 1 0 0 0 1 1.36 0.92 -0.71</i>
                <i>1 0 0 0 1 0 0 0 1 1.36 0.92 -0.71</i>
                <i>1 0 0 0 1 0 0 0 1 1.36 0.92 -0.71</i>
                <i>1 0 0 0 1 0 0 0 1 1.36 0.92 -0.71</i>
                <i>1 0 0 0 1 0 0 0 1 1.36 0.92 -0.71</i>
                <i>1 0 0 0 1 0 0 0 1 1.36 0.92 -0.71</i>
                <i>1 0 0 0 1 0 0 0 1 1.36 0.92 -0.71</i>
                <i>1 0 0 0 1 0 0 0 1 1.36 0.92 -0.71</i>
                <i>1 0 0 0 1 0 0 0 1 1.36 0.92 -0.71</i>
                <i>1 0 0 0 1 0 0 0 1 1.36 0.92 -0.71</i>
                <i>1 0 0 0 1 0 0 0 1 1.36 0.92 -0.71</i>
                <i>1 0 0 0 1 0 0 0 1 1.36 0.92 -0.71</i>
                <i>1 0 0 0 1 0 0 0 1 1.36 0.92 -0.71</i>
                <i>1 0 0 0 1 0 0 0 1 1.36 0.92 -0.71</i>
                <i>1 0 0 0 1 0 0 0 1 1.36 0.92 -0.71</i>
                <i>1 0 0 0 1 0 0 0 1 1.36 0.92 -0.71</i>
                <i>1 0 0 0 1 0 0 0 1 1.36 0.92 -0.71</i>
                <i>1 0 0 0 1 0 0 0 1 1.36 0.92 -0.71</i>
                <i>1 0 0 0 1 0 0 0 1 1.36 0.92 -0.71</i>
                <i>1 0 0 0 1 0 0 0 1 1.36 0.92 -0.71</i>
                <i>1 0 0 0 1 0 0 0 1 1.36 0.92 -0.71</i>
                <i>1 0 0 0 1 0 0 0 1 1.36 0.92 -0.71</i>
                <i>1 0 0 0 1 0 0 0 1 1.36 0.92 -0.71</i>
                <i>1 0 0 0 1 0 0 0 1 1.36 0.92 -0.71</i>
                <i>1 0 0 0 1 0 0 0 1 1.36 0.92 -0.71</i>
                <i>1 0 0 0 1 0 0 0 1 1.36 0.92 -0.71</i>
                <i>1 0 0 0 1 0 0 0 1 1.36 0.92 -0.71</i>
                <i>1 0 0 0 1 0 0 0 1 1.36 0.92 -0.71</i>
                <i>1 0 0 0 1 0 0 0 1 1.36 0.92 -0.71</i>
                <i>1 0 0 0 1 0 0 0 1 1.36 0.92 -0.71</i>
                <i>1 0 0 0 1 0 0 0 1 1.36 0.92 -0.71</i>
                <i>1 0 0 0 1 0 0 0 1 1.36 0.92 -0.71</i>
                <i>1 0 0 0 1 0 0 0 1 1.36 0.92 -0.71</i>
                <i>1 0 0 0 1 0 0 0 1 1.36 0.92 -0.71</i>
                <i>1 0 0 0 1 0 0 0 1 1.36 0.92 -0.71</i>
                <i>1 0 0 0 1 0 0 0 1 1.36 0.92 -0.71</i>
                <i>1 0 0 0 1 0 0 0 1 1.36 0.92 -0.71</i>
                <i>1 0 0 0 1 0 0 0 1 1.36 0.92 -0.71</i>
                <i>1 0 0 0 1 0 0 0 1 1.36 0.92 -0.71</i>
                <i>1 0 0 0 1 0 0 0 1 1.36 0.92 -0.71</i>
                <i>1 0 0 0 1 0 0 0 1 1.36 0.92 -0.71</i>
                <i>1 0 0 0 1 0 0 0 1 1.36 0.92 -0.71</i>
                <i>1 0 0 0 1 0 0 0 1 1.36 0.92 -0.71</i>
                <i>1 0 0 0 1 0 0 0 1 1.36 0.92 -0.71</i>
                <i>1 0 0 0 1 0 0 0 1 1.36 0.92 -0.71</i>
                <i>1 0 0 0 1 0 0 0 1 1.36 0.92 -0.71</i>
                <i>1 0 0 0 1 0 0 0 1 1.36 0.92 -0.71</i>
                <i>1 0 0 0 1 0 0 0 1 1.36 0.92 -0.71</i>
                <i>1 0 0 0 1 0 0 0 1 1.36 0.92 -0.71</i>
                <i>1 0 0 0 1 0 0 0 1 1.36 0.92 -0.71</i>
                <i>1 0 0 0 1 0 0 0 1 1.36 0.92 -0.71</i>
                <i>1 0 0 0 1 0 0 0 1 1.36 0.92 -0.71</i>
                <i>1 0 0 0 1 0 0 0 1 1.36 0.92 -0.71</i>
                <i>1 0 0 0 1 0 0 0 1 1.36 0.92 -0.71</i>
                <i>1 0 0 0 1 0 0 0 1 1.36 0.92 -0.71</i>
                <i>1 0 0 0 1 0 0 0 1 1.36 0.92 -0.71</i>
                <i>1 0 0 0 1 0 0 0 1 1.36 0.92 -0.71</i>
                <i>1 0 0 0 1 0 0 0 1 1.36 0.92 -0.71</i>
                <i>1 0 0 0 1 0 0 0 1 1.36 0.92 -0.71</i>
                <i>1 0 0 0 1 0 0 0 1 1.36 0.92 -0.71</i>
                <i>1 0 0 0 1 0 0 0 1 1.36 0.92 -0.71</i>
                <i>1 0 0 0 1 0 0 0 1 1.36 0.92 -0.71</i>
                <i>1 0 0 0 1 0 0 0 1 1.36 0.92 -0.71</i>
                <i>1 0 0 0 1 0 0 0 1 1.36 0.92 -0.71</i>
                <i>1 0 0 0 1 0 0 0 1 1.36 0.92 -0.71</i>
                <i>1 0 0 0 1 0 0 0 1 1.36 0.92 -0.71</i>
                <i>1 0 0 0 1 0 0 0 1 1.36 0.92 -0.71</i>
                <i>1 0 0 0 1 0 0 0 1 1.36 0.92 -0.71</i>
                <i>1 0 0 0 1 0 0 0 1 1.36 0.92 -0.71</i>
                <i>1 0 0 0 1 0 0 0 1 1.36 0.92 -0.71</i>
            </KeyFrames>
        </RefFrame>
        <Bones count="23">
            <i>
                <p>
                    <Name><![CDATA[pelvis]]></Name>
                    <Exclude>0</Exclude>
                    <Additive>0</Additive>
                    <IKPriority>0</IKPriority>
                    <IKRotLimits>-1e+010 -1e+010 -1e+010 1e+010 1e+010 1e+010</IKRotLimits>
                    <IKRotLimitOrder>2</IKRotLimitOrder>
                    <KeyFrames count="97">
                        <i>1 0 0 0 1 0 0 0 1 1.35589 1.51888 -0.710634</i>
                        <i>1 0 0 0 1 0 0 0 1 1.35589 1.51887 -0.710634</i>
                        <i>1 0 0 0 1 0 0 0 1 1.35589 1.51883 -0.710634</i>
                        <i>1 0 0 0 1 0 0 0 1 1.35589 1.51878 -0.710634</i>
                        <i>1 0 0 0 1 0 0 0 1 1.35589 1.5187 -0.710634</i>
                        <i>1 0 0 0 1 0 0 0 1 1.35589 1.5186 -0.710634</i>
                        <i>1 0 0 0 1 0 0 0 1 1.35589 1.51849 -0.710634</i>
                        <i>1 0 0 0 1 0 0 0 1 1.35589 1.51836 -0.710634</i>
                        <i>1 0 0 0 1 0 0 0 1 1.35589 1.51821 -0.710634</i>
                        <i>1 0 0 0 1 0 0 0 1 1.35589 1.51804 -0.710634</i>
                        <i>1 0 0 0 1 0 0 0 1 1.35589 1.51786 -0.710634</i>
                        <i>1 0 0 0 1 0 0 0 1 1.35589 1.51767 -0.710634</i>
                        <i>1 0 0 0 1 0 0 0 1 1.35589 1.51746 -0.710634</i>
                        <i>1 0 0 0 1 0 0 0 1 1.35589 1.51725 -0.710634</i>
                        <i>1 0 0 0 1 0 0 0 1 1.35589 1.51702 -0.710634</i>
                        <i>1 0 0 0 1 0 0 0 1 1.35589 1.51678 -0.710634</i>
                        <i>1 0 0 0 1 0 0 0 1 1.35589 1.51653 -0.710634</i>
                        <i>1 0 0 0 1 0 0 0 1 1.35589 1.51628 -0.710634</i>
                        <i>1 0 0 0 1 0 0 0 1 1.35589 1.51601 -0.710634</i>
                        <i>1 0 0 0 1 0 0 0 1 1.35589 1.51575 -0.710634</i>
                        <i>1 0 0 0 1 0 0 0 1 1.35589 1.51547 -0.710634</i>
                        <i>1 0 0 0 1 0 0 0 1 1.35589 1.5152 -0.710634</i>
                        <i>1 0 0 0 1 0 0 0 1 1.35589 1.51492 -0.710634</i>
                        <i>1 0 0 0 1 0 0 0 1 1.35589 1.51464 -0.710634</i>
                        <i>1 0 0 0 1 0 0 0 1 1.35589 1.51435 -0.710634</i>
                        <i>1 0 0 0 1 0 0 0 1 1.35589 1.51407 -0.710634</i>
                        <i>1 0 0 0 1 0 0 0 1 1.35589 1.51379 -0.710634</i>
                        <i>1 0 0 0 1 0 0 0 1 1.35589 1.51351 -0.710634</i>
                        <i>1 0 0 0 1 0 0 0 1 1.35589 1.51323 -0.710634</i>
                        <i>1 0 0 0 1 0 0 0 1 1.35589 1.51296 -0.710634</i>
                        <i>1 0 0 0 1 0 0 0 1 1.35589 1.51269 -0.710634</i>
                        <i>1 0 0 0 1 0 0 0 1 1.35589 1.51243 -0.710634</i>
                        <i>1 0 0 0 1 0 0 0 1 1.35589 1.51217 -0.710634</i>
                        <i>1 0 0 0 1 0 0 0 1 1.35589 1.51193 -0.710634</i>
                        <i>1 0 0 0 1 0 0 0 1 1.35589 1.51169 -0.710634</i>
                        <i>1 0 0 0 1 0 0 0 1 1.35589 1.51146 -0.710634</i>
                        <i>1 0 0 0 1 0 0 0 1 1.35589 1.51124 -0.710634</i>
                        <i>1 0 0 0 1 0 0 0 1 1.35589 1.51103 -0.710634</i>
                        <i>1 0 0 0 1 0 0 0 1 1.35589 1.51084 -0.710634</i>
                        <i>1 0 0 0 1 0 0 0 1 1.35589 1.51066 -0.710634</i>
                        <i>1 0 0 0 1 0 0 0 1 1.35589 1.5105 -0.710634</i>
                        <i>1 0 0 0 1 0 0 0 1 1.35589 1.51035 -0.710634</i>
                        <i>1 0 0 0 1 0 0 0 1 1.35589 1.51021 -0.710634</i>
                        <i>1 0 0 0 1 0 0 0 1 1.35589 1.5101 -0.710634</i>
                        <i>1 0 0 0 1 0 0 0 1 1.35589 1.51 -0.710634</i>
                        <i>1 0 0 0 1 0 0 0 1 1.35589 1.50993 -0.710634</i>
                        <i>1 0 0 0 1 0 0 0 1 1.35589 1.50987 -0.710634</i>
                        <i>1 0 0 0 1 0 0 0 1 1.35589 1.50984 -0.710634</i>
                        <i>1 0 0 0 1 0 0 0 1 1.35589 1.50983 -0.710634</i>
                        <i>1 0 0 0 1 0 0 0 1 1.35589 1.50984 -0.710634</i>
                        <i>1 0 0 0 1 0 0 0 1 1.35589 1.50987 -0.710634</i>
                        <i>1 0 0 0 1 0 0 0 1 1.35589 1.50993 -0.710634</i>
                        <i>1 0 0 0 1 0 0 0 1 1.35589 1.51 -0.710634</i>
                        <i>1 0 0 0 1 0 0 0 1 1.35589 1.5101 -0.710634</i>
                        <i>1 0 0 0 1 0 0 0 1 1.35589 1.51021 -0.710634</i>
                        <i>1 0 0 0 1 0 0 0 1 1.35589 1.51035 -0.710634</i>
                        <i>1 0 0 0 1 0 0 0 1 1.35589 1.5105 -0.710634</i>
                        <i>1 0 0 0 1 0 0 0 1 1.35589 1.51066 -0.710634</i>
                        <i>1 0 0 0 1 0 0 0 1 1.35589 1.51084 -0.710634</i>
                        <i>1 0 0 0 1 0 0 0 1 1.35589 1.51103 -0.710634</i>
                        <i>1 0 0 0 1 0 0 0 1 1.35589 1.51124 -0.710634</i>
                        <i>1 0 0 0 1 0 0 0 1 1.35589 1.51146 -0.710634</i>
                        <i>1 0 0 0 1 0 0 0 1 1.35589 1.51169 -0.710634</i>
                        <i>1 0 0 0 1 0 0 0 1 1.35589 1.51193 -0.710634</i>
                        <i>1 0 0 0 1 0 0 0 1 1.35589 1.51217 -0.710634</i>
                        <i>1 0 0 0 1 0 0 0 1 1.35589 1.51243 -0.710634</i>
                        <i>1 0 0 0 1 0 0 0 1 1.35589 1.51269 -0.710634</i>
                        <i>1 0 0 0 1 0 0 0 1 1.35589 1.51296 -0.710634</i>
                        <i>1 0 0 0 1 0 0 0 1 1.35589 1.51323 -0.710634</i>
                        <i>1 0 0 0 1 0 0 0 1 1.35589 1.51351 -0.710634</i>
                        <i>1 0 0 0 1 0 0 0 1 1.35589 1.51379 -0.710634</i>
                        <i>1 0 0 0 1 0 0 0 1 1.35589 1.51407 -0.710634</i>
                        <i>1 0 0 0 1 0 0 0 1 1.35589 1.51435 -0.710634</i>
                        <i>1 0 0 0 1 0 0 0 1 1.35589 1.51464 -0.710634</i>
                        <i>1 0 0 0 1 0 0 0 1 1.35589 1.51492 -0.710634</i>
                        <i>1 0 0 0 1 0 0 0 1 1.35589 1.5152 -0.710634</i>
                        <i>1 0 0 0 1 0 0 0 1 1.35589 1.51547 -0.710634</i>
                        <i>1 0 0 0 1 0 0 0 1 1.35589 1.51575 -0.710634</i>
                        <i>1 0 0 0 1 0 0 0 1 1.35589 1.51601 -0.710634</i>
                        <i>1 0 0 0 1 0 0 0 1 1.35589 1.51628 -0.710634</i>
                        <i>1 0 0 0 1 0 0 0 1 1.35589 1.51653 -0.710634</i>
                        <i>1 0 0 0 1 0 0 0 1 1.35589 1.51678 -0.710634</i>
                        <i>1 0 0 0 1 0 0 0 1 1.35589 1.51702 -0.710634</i>
                        <i>1 0 0 0 1 0 0 0 1 1.35589 1.51725 -0.710634</i>
                        <i>1 0 0 0 1 0 0 0 1 1.35589 1.51746 -0.710634</i>
                        <i>1 0 0 0 1 0 0 0 1 1.35589 1.51767 -0.710634</i>
                        <i>1 0 0 0 1 0 0 0 1 1.35589 1.51786 -0.710634</i>
                        <i>1 0 0 0 1 0 0 0 1 1.35589 1.51804 -0.710634</i>
                        <i>1 0 0 0 1 0 0 0 1 1.35589 1.51821 -0.710634</i>
                        <i>1 0 0 0 1 0 0 0 1 1.35589 1.51836 -0.710634</i>
                        <i>1 0 0 0 1 0 0 0 1 1.35589 1.51849 -0.710634</i>
                        <i>1 0 0 0 1 0 0 0 1 1.35589 1.5186 -0.710634</i>
                        <i>1 0 0 0 1 0 0 0 1 1.35589 1.5187 -0.710634</i>
                        <i>1 0 0 0 1 0 0 0 1 1.35589 1.51878 -0.710634</i>
                        <i>1 0 0 0 1 0 0 0 1 1.35589 1.51883 -0.710634</i>
                        <i>1 0 0 0 1 0 0 0 1 1.35589 1.51887 -0.710634</i>
                        <i>1 0 0 0 1 0 0 0 1 1.35589 1.51888 -0.710634</i>
                    </KeyFrames>
                </p>
            </i>
            <i>
                <p>
                    <Name><![CDATA[spine0]]></Name>
                    <Exclude>0</Exclude>
                    <Additive>0</Additive>
                    <IKPriority>0</IKPriority>
                    <IKRotLimits>-1e+010 -1e+010 -1e+010 1e+010 1e+010 1e+010</IKRotLimits>
                    <IKRotLimitOrder>0</IKRotLimitOrder>
                    <KeyFrames count="97">
                        <i>-0.0999505 0.949644 0.296961 -0.897341 0.0429106 -0.439247 -0.429872 -0.310378 0.847865 1.37806 1.65962 -0.73055</i>
                        <i>-0.0996552 0.949802 0.296555 -0.897343 0.0429907 -0.439235 -0.429936 -0.309884 0.848014 1.37806 1.65961 -0.73055</i>
                        <i>-0.0993566 0.949973 0.296109 -0.897344 0.0430553 -0.439226 -0.430001 -0.309351 0.848175 1.37806 1.65957 -0.73055</i>
                        <i>-0.0990569 0.950154 0.295627 -0.897346 0.0431052 -0.439218 -0.430068 -0.308788 0.848347 1.37806 1.65952 -0.73055</i>
                        <i>-0.0987583 0.950343 0.295118 -0.897347 0.0431413 -0.439213 -0.430134 -0.308199 0.848527 1.37806 1.65944 -0.73055</i>
                        <i>-0.0984627 0.950539 0.294586 -0.897347 0.0431644 -0.439209 -0.430201 -0.307591 0.848714 1.37806 1.65935 -0.73055</i>
                        <i>-0.0981724 0.950739 0.294037 -0.897348 0.0431755 -0.439207 -0.430267 -0.306972 0.848904 1.37806 1.65923 -0.73055</i>
                        <i>-0.0978894 0.950941 0.293479 -0.897348 0.0431753 -0.439207 -0.430331 -0.306346 0.849098 1.37806 1.6591 -0.73055</i>
                        <i>-0.0976158 0.951142 0.292915 -0.897347 0.0431648 -0.439209 -0.430394 -0.305721 0.849291 1.37806 1.65895 -0.73055</i>
                        <i>-0.0973535 0.951342 0.292354 -0.897347 0.0431448 -0.439212 -0.430454 -0.305102 0.849483 1.37806 1.65878 -0.73055</i>
                        <i>-0.0971046 0.951538 0.291799 -0.897346 0.0431162 -0.439216 -0.430512 -0.304495 0.849672 1.37806 1.6586 -0.73055</i>
                        <i>-0.096871 0.951727 0.291258 -0.897345 0.0430799 -0.439222 -0.430567 -0.303907 0.849855 1.37806 1.65841 -0.73055</i>
                        <i>-0.0966548 0.951909 0.290736 -0.897344 0.0430367 -0.439228 -0.430618 -0.303344 0.85003 1.37806 1.65821 -0.73055</i>
                        <i>-0.0964579 0.95208 0.290239 -0.897343 0.0429876 -0.439236 -0.430665 -0.302812 0.850196 1.37806 1.65799 -0.73055</i>
                        <i>-0.0962822 0.95224 0.289773 -0.897341 0.0429334 -0.439244 -0.430707 -0.302316 0.850351 1.37806 1.65776 -0.73055</i>
                        <i>-0.0961296 0.952387 0.289342 -0.89734 0.042875 -0.439253 -0.430744 -0.301864 0.850493 1.37806 1.65752 -0.73055</i>
                        <i>-0.096002 0.952517 0.288954 -0.897338 0.0428132 -0.439262 -0.430776 -0.301459 0.85062 1.37806 1.65727 -0.73055</i>
                        <i>-0.0959013 0.952631 0.288613 -0.897336 0.042749 -0.439272 -0.430802 -0.30111 0.850731 1.37806 1.65702 -0.73055</i>
                        <i>-0.0958294 0.952725 0.288326 -0.897335 0.0426831 -0.439282 -0.430821 -0.300821 0.850823 1.37806 1.65676 -0.73055</i>
                        <i>-0.0957882 0.952798 0.288097 -0.897333 0.0426165 -0.439292 -0.430834 -0.300598 0.850895 1.37806 1.65649 -0.73055</i>
                        <i>-0.0957795 0.952849 0.287933 -0.897331 0.04255 -0.439302 -0.43084 -0.300448 0.850945 1.37806 1.65621 -0.73055</i>
                        <i>-0.0958051 0.952875 0.287839 -0.897329 0.0424846 -0.439312 -0.430838 -0.300375 0.850972 1.37806 1.65594 -0.73055</i>
                        <i>-0.0958669 0.952874 0.287821 -0.897328 0.0424209 -0.439322 -0.430828 -0.300386 0.850973 1.37806 1.65566 -0.73055</i>
                        <i>-0.0959669 0.952845 0.287883 -0.897326 0.0423599 -0.439331 -0.430809 -0.300487 0.850947 1.37806 1.65538 -0.73055</i>
                        <i>-0.0961068 0.952786 0.288033 -0.897325 0.0423025 -0.439339 -0.430781 -0.300682 0.850892 1.37806 1.65509 -0.73055</i>
                        <i>-0.0962869 0.952695 0.288271 -0.897323 0.0422492 -0.439347 -0.430744 -0.300976 0.850808 1.37806 1.65481 -0.73055</i>
                        <i>-0.0965044 0.952576 0.288592 -0.897322 0.0422002 -0.439355 -0.430698 -0.30136 0.850695 1.37806 1.65453 -0.73055</i>
                        <i>-0.0967561 0.95243 0.28899 -0.897321 0.0421553 -0.439362 -0.430644 -0.301828 0.850556 1.37806 1.65425 -0.73055</i>
                        <i>-0.0970391 0.952259 0.289459 -0.897319 0.0421147 -0.439368 -0.430582 -0.302373 0.850394 1.37806 1.65397 -0.73055</i>
                        <i>-0.0973502 0.952064 0.289994 -0.897319 0.0420783 -0.439373 -0.430514 -0.30299 0.850209 1.37806 1.6537 -0.73055</i>
                        <i>-0.0976866 0.951849 0.290587 -0.897318 0.0420461 -0.439378 -0.43044 -0.30367 0.850004 1.37806 1.65343 -0.73055</i>
                        <i>-0.0980451 0.951615 0.291233 -0.897317 0.0420182 -0.439382 -0.43036 -0.304408 0.84978 1.37806 1.65317 -0.73055</i>
                        <i>-0.0984229 0.951363 0.291927 -0.897316 0.0419945 -0.439386 -0.430275 -0.305196 0.84954 1.37806 1.65291 -0.73055</i>
                        <i>-0.098817 0.951096 0.292662 -0.897316 0.0419751 -0.439389 -0.430186 -0.306029 0.849286 1.37806 1.65267 -0.73055</i>
                        <i>-0.0992243 0.950816 0.293433 -0.897315 0.0419599 -0.439391 -0.430093 -0.3069 0.849019 1.37806 1.65243 -0.73055</i>
                        <i>-0.099642 0.950525 0.294233 -0.897315 0.0419489 -0.439393 -0.429997 -0.307801 0.848741 1.37806 1.6522 -0.73055</i>
                        <i>-0.100067 0.950225 0.295057 -0.897315 0.0419421 -0.439394 -0.429898 -0.308728 0.848454 1.37806 1.65198 -0.73055</i>
                        <i>-0.100497 0.949918 0.295899 -0.897315 0.0419396 -0.439394 -0.429798 -0.309672 0.848161 1.37806 1.65178 -0.73055</i>
                        <i>-0.100928 0.949606 0.296753 -0.897315 0.0419412 -0.439394 -0.429697 -0.310628 0.847862 1.37806 1.65158 -0.73055</i>
                        <i>-0.101357 0.949291 0.297613 -0.897315 0.041947 -0.439393 -0.429596 -0.311588 0.847561 1.37806 1.6514 -0.73055</i>
                        <i>-0.101782 0.948975 0.298474 -0.897315 0.041957 -0.439392 -0.429495 -0.312547 0.847259 1.37806 1.65124 -0.73055</i>
                        <i>-0.1022 0.948661 0.299329 -0.897316 0.0419711 -0.439389 -0.429395 -0.313498 0.846959 1.37806 1.65109 -0.73055</i>
                        <i>-0.102607 0.94835 0.300172 -0.897316 0.0419894 -0.439387 -0.429297 -0.314434 0.846662 1.37806 1.65096 -0.73055</i>
                        <i>-0.103001 0.948046 0.300998 -0.897317 0.0420117 -0.439383 -0.429201 -0.315348 0.84637 1.37806 1.65084 -0.73055</i>
                        <i>-0.103379 0.947749 0.301801 -0.897317 0.0420381 -0.439379 -0.429109 -0.316234 0.846086 1.37806 1.65074 -0.73055</i>
                        <i>-0.103737 0.947464 0.302575 -0.897318 0.0420686 -0.439375 -0.42902 -0.317085 0.845812 1.37806 1.65067 -0.73055</i>
                        <i>-0.104073 0.947191 0.303313 -0.897319 0.0421031 -0.439369 -0.428937 -0.317895 0.84555 1.37806 1.65061 -0.73055</i>
                        <i>-0.104384 0.946933 0.30401 -0.89732 0.0421416 -0.439364 -0.428859 -0.318657 0.845303 1.37806 1.65058 -0.73055</i>
                        <i>-0.104667 0.946693 0.304661 -0.897321 0.042184 -0.439357 -0.428788 -0.319365 0.845072 1.37806 1.65057 -0.73055</i>
                        <i>-0.104952 0.946449 0.305317 -0.897323 0.0422267 -0.439351 -0.428716 -0.320079 0.844839 1.37806 1.65058 -0.73055</i>
                        <i>-0.105272 0.946183 0.306033 -0.897324 0.0422659 -0.439345 -0.428635 -0.320861 0.844583 1.37806 1.65061 -0.73055</i>
                        <i>-0.105621 0.945896 0.306799 -0.897325 0.0423016 -0.43934 -0.428547 -0.321702 0.844307 1.37806 1.65067 -0.73055</i>
                        <i>-0.105995 0.945591 0.307608 -0.897325 0.0423339 -0.439335 -0.428453 -0.322592 0.844015 1.37806 1.65074 -0.73055</i>
                        <i>-0.106392 0.945271 0.308452 -0.897326 0.0423628 -0.43933 -0.428353 -0.323523 0.84371 1.37806 1.65084 -0.73055</i>
                        <i>-0.106805 0.94494 0.309323 -0.897327 0.0423884 -0.439326 -0.428249 -0.324486 0.843393 1.37806 1.65096 -0.73055</i>
                        <i>-0.107233 0.9446 0.310213 -0.897327 0.0424106 -0.439323 -0.428141 -0.325472 0.843068 1.37806 1.65109 -0.73055</i>
                        <i>-0.107669 0.944254 0.311114 -0.897328 0.0424295 -0.43932 -0.42803 -0.326472 0.842737 1.37806 1.65124 -0.73055</i>
                        <i>-0.108111 0.943905 0.312018 -0.897328 0.0424451 -0.439318 -0.427918 -0.327477 0.842404 1.37806 1.6514 -0.73055</i>
                        <i>-0.108553 0.943557 0.312916 -0.897329 0.0424575 -0.439316 -0.427805 -0.328478 0.842072 1.37806 1.65158 -0.73055</i>
                        <i>-0.108993 0.943212 0.313801 -0.897329 0.0424666 -0.439315 -0.427693 -0.329465 0.841743 1.37806 1.65178 -0.73055</i>
                        <i>-0.109425 0.942874 0.314665 -0.897329 0.0424724 -0.439314 -0.427582 -0.33043 0.841421 1.37806 1.65198 -0.73055</i>
                        <i>-0.109847 0.942546 0.3155 -0.897329 0.042475 -0.439313 -0.427474 -0.331364 0.841109 1.37806 1.6522 -0.73055</i>
                        <i>-0.110252 0.942232 0.316297 -0.897329 0.0424745 -0.439313 -0.42737 -0.332258 0.840809 1.37806 1.65243 -0.73055</i>
                        <i>-0.110638 0.941934 0.317048 -0.897329 0.0424707 -0.439314 -0.42727 -0.333101 0.840526 1.37806 1.65267 -0.73055</i>
                        <i>-0.111001 0.941656 0.317745 -0.897329 0.0424637 -0.439315 -0.427176 -0.333886 0.840262 1.37806 1.65291 -0.73055</i>
                        <i>-0.111335 0.941402 0.318381 -0.897329 0.0424536 -0.439317 -0.42709 -0.334603 0.840021 1.37806 1.65317 -0.73055</i>
                        <i>-0.111637 0.941175 0.318946 -0.897328 0.0424402 -0.439319 -0.427012 -0.335243 0.839805 1.37806 1.65343 -0.73055</i>
                        <i>-0.111903 0.940979 0.319433 -0.897328 0.0424237 -0.439321 -0.426943 -0.335797 0.839619 1.37806 1.6537 -0.73055</i>
                        <i>-0.112128 0.940816 0.319833 -0.897327 0.042404 -0.439324 -0.426885 -0.336255 0.839465 1.37806 1.65397 -0.73055</i>
                        <i>-0.112309 0.94069 0.320138 -0.897327 0.0423811 -0.439328 -0.426839 -0.336609 0.839347 1.37806 1.65425 -0.73055</i>
                        <i>-0.112441 0.940606 0.32034 -0.897326 0.042355 -0.439331 -0.426806 -0.336849 0.839267 1.37806 1.65453 -0.73055</i>
                        <i>-0.11252 0.940565 0.320431 -0.897325 0.0423257 -0.439336 -0.426787 -0.336965 0.83923 1.37806 1.65481 -0.73055</i>
                        <i>-0.112541 0.940572 0.320403 -0.897324 0.0422932 -0.439341 -0.426783 -0.336949 0.839239 1.37806 1.65509 -0.73055</i>
                        <i>-0.112503 0.940629 0.320251 -0.897323 0.0422579 -0.439346 -0.426795 -0.336797 0.839294 1.37806 1.65538 -0.73055</i>
                        <i>-0.112408 0.940732 0.319981 -0.897322 0.0422205 -0.439352 -0.426822 -0.336513 0.839394 1.37806 1.65566 -0.73055</i>
                        <i>-0.112256 0.94088 0.319599 -0.897321 0.0421822 -0.439358 -0.426864 -0.336104 0.839536 1.37806 1.65594 -0.73055</i>
                        <i>-0.112051 0.94107 0.319112 -0.89732 0.0421439 -0.439363 -0.42692 -0.335577 0.839719 1.37806 1.65621 -0.73055</i>
                        <i>-0.111795 0.941298 0.318526 -0.897319 0.0421067 -0.439369 -0.426989 -0.334939 0.839938 1.37806 1.65649 -0.73055</i>
                        <i>-0.111489 0.941564 0.317848 -0.897318 0.0420716 -0.439374 -0.427071 -0.334196 0.840192 1.37806 1.65676 -0.73055</i>
                        <i>-0.111136 0.941864 0.317083 -0.897317 0.0420394 -0.439379 -0.427165 -0.333355 0.840479 1.37806 1.65702 -0.73055</i>
                        <i>-0.110738 0.942195 0.316238 -0.897317 0.0420114 -0.439383 -0.42727 -0.332422 0.840795 1.37806 1.65727 -0.73055</i>
                        <i>-0.110297 0.942554 0.31532 -0.897316 0.0419883 -0.439387 -0.427386 -0.331404 0.841138 1.37806 1.65752 -0.73055</i>
                        <i>-0.109815 0.94294 0.314334 -0.897316 0.0419712 -0.439389 -0.427511 -0.330308 0.841505 1.37806 1.65776 -0.73055</i>
                        <i>-0.109294 0.943348 0.313287 -0.897315 0.0419611 -0.439391 -0.427645 -0.32914 0.841895 1.37806 1.65799 -0.73055</i>
                        <i>-0.108737 0.943778 0.312185 -0.897315 0.041959 -0.439391 -0.427787 -0.327906 0.842304 1.37806 1.65821 -0.73055</i>
                        <i>-0.108145 0.944226 0.311034 -0.897316 0.0419658 -0.43939 -0.427936 -0.326613 0.84273 1.37806 1.65841 -0.73055</i>
                        <i>-0.107521 0.944689 0.309841 -0.897316 0.0419825 -0.439388 -0.428093 -0.325269 0.843171 1.37806 1.6586 -0.73055</i>
                        <i>-0.106866 0.945166 0.308612 -0.897317 0.0420101 -0.439384 -0.428255 -0.323878 0.843624 1.37806 1.65878 -0.73055</i>
                        <i>-0.106183 0.945653 0.307353 -0.897318 0.0420496 -0.439378 -0.428423 -0.322448 0.844086 1.37806 1.65895 -0.73055</i>
                        <i>-0.105474 0.946148 0.306071 -0.897319 0.0421018 -0.43937 -0.428595 -0.320985 0.844556 1.37806 1.6591 -0.73055</i>
                        <i>-0.10474 0.946649 0.304771 -0.897321 0.0421679 -0.43936 -0.428771 -0.319496 0.845031 1.37806 1.65923 -0.73055</i>
                        <i>-0.103985 0.947153 0.30346 -0.897323 0.0422488 -0.439348 -0.42895 -0.317987 0.845509 1.37806 1.65935 -0.73055</i>
                        <i>-0.10321 0.947659 0.302144 -0.897326 0.0423455 -0.439333 -0.429132 -0.316465 0.845988 1.37806 1.65944 -0.73055</i>
                        <i>-0.102416 0.948163 0.30083 -0.897329 0.042459 -0.439316 -0.429316 -0.314936 0.846465 1.37806 1.65952 -0.73055</i>
                        <i>-0.101607 0.948663 0.299524 -0.897332 0.0425904 -0.439296 -0.429501 -0.313408 0.846938 1.37806 1.65957 -0.73055</i>
                        <i>-0.100785 0.949158 0.298232 -0.897336 0.0427406 -0.439273 -0.429686 -0.311886 0.847406 1.37806 1.65961 -0.73055</i>
                        <i>-0.0999505 0.949644 0.296961 -0.897341 0.0429106 -0.439247 -0.429872 -0.310378 0.847865 1.37806 1.65962 -0.73055</i>
                    </KeyFrames>
                </p>
            </i>
            <i>
                <p>
                    <Name><![CDATA[spine1]]></Name>
                    <Exclude>0</Exclude>
                    <Additive>0</Additive>
                    <IKPriority>0</IKPriority>
                    <IKRotLimits>-1e+010 -1e+010 -1e+010 1e+010 1e+010 1e+010</IKRotLimits>
                    <IKRotLimitOrder>0</IKRotLimitOrder>
                    <KeyFrames count="97">
                        <i>-0.313708 0.753546 0.577716 -0.905313 -0.0538841 -0.421314 -0.286349 -0.655184 0.699098 1.35916 1.83966 -0.674354</i>
                        <i>-0.313347 0.754525 0.576633 -0.905035 -0.0533645 -0.421976 -0.287619 -0.654098 0.699593 1.35922 1.8396 -0.674454</i>
                        <i>-0.312955 0.755579 0.575464 -0.904771 -0.0528872 -0.422602 -0.288875 -0.652919 0.700178 1.35929 1.83952 -0.674564</i>
                        <i>-0.312537 0.756697 0.574222 -0.90452 -0.0524503 -0.423193 -0.290111 -0.651659 0.70084 1.35935 1.83941 -0.674681</i>
                        <i>-0.312098 0.757864 0.572919 -0.904281 -0.0520521 -0.423752 -0.291325 -0.650332 0.701568 1.35942 1.83928 -0.674805</i>
                        <i>-0.311642 0.759071 0.571569 -0.904055 -0.0516908 -0.424278 -0.292513 -0.648952 0.702351 1.35949 1.83913 -0.674933</i>
                        <i>-0.311174 0.760305 0.570182 -0.903841 -0.0513645 -0.424774 -0.293671 -0.647533 0.703178 1.35955 1.83896 -0.675066</i>
                        <i>-0.310699 0.761553 0.568773 -0.903638 -0.0510713 -0.425241 -0.294796 -0.646087 0.704036 1.35961 1.83877 -0.6752</i>
                        <i>-0.310221 0.762805 0.567355 -0.903447 -0.0508091 -0.425679 -0.295883 -0.644629 0.704916 1.35967 1.83856 -0.675336</i>
                        <i>-0.309747 0.764049 0.565939 -0.903266 -0.050576 -0.42609 -0.296931 -0.643173 0.705805 1.35973 1.83834 -0.675472</i>
                        <i>-0.30928 0.765272 0.564539 -0.903095 -0.0503699 -0.426476 -0.297934 -0.641733 0.706692 1.35979 1.8381 -0.675605</i>
                        <i>-0.308825 0.766465 0.563168 -0.902935 -0.0501887 -0.426837 -0.298891 -0.640322 0.707568 1.35984 1.83784 -0.675736</i>
                        <i>-0.308388 0.767615 0.56184 -0.902784 -0.0500304 -0.427174 -0.299796 -0.638956 0.70842 1.35989 1.83758 -0.675863</i>
                        <i>-0.307973 0.768711 0.560567 -0.902643 -0.0498928 -0.427489 -0.300647 -0.637647 0.709237 1.35994 1.8373 -0.675984</i>
                        <i>-0.307585 0.769743 0.559364 -0.90251 -0.0497737 -0.427782 -0.301441 -0.636411 0.71001 1.35998 1.83701 -0.676099</i>
                        <i>-0.30723 0.770698 0.558242 -0.902386 -0.0496712 -0.428056 -0.302173 -0.635262 0.710728 1.36002 1.83671 -0.676206</i>
                        <i>-0.306913 0.771567 0.557216 -0.90227 -0.0495829 -0.428311 -0.302842 -0.634213 0.711379 1.36005 1.83641 -0.676303</i>
                        <i>-0.306637 0.772337 0.556299 -0.902162 -0.0495067 -0.428548 -0.303443 -0.633281 0.711954 1.36008 1.83609 -0.676391</i>
                        <i>-0.30641 0.772999 0.555505 -0.902061 -0.0494406 -0.428768 -0.303973 -0.632478 0.712441 1.3601 1.83578 -0.676466</i>
                        <i>-0.306235 0.773541 0.554846 -0.901966 -0.0493822 -0.428973 -0.304429 -0.631819 0.71283 1.36011 1.83546 -0.676529</i>
                        <i>-0.306118 0.773952 0.554337 -0.901878 -0.0493296 -0.429165 -0.304808 -0.63132 0.713111 1.36012 1.83513 -0.676577</i>
                        <i>-0.306063 0.774222 0.553991 -0.901796 -0.0492806 -0.429343 -0.305105 -0.630993 0.713273 1.36012 1.83481 -0.676611</i>
                        <i>-0.306075 0.774338 0.553821 -0.90172 -0.049233 -0.429509 -0.305319 -0.630854 0.713305 1.36011 1.83448 -0.676628</i>
                        <i>-0.306161 0.774291 0.55384 -0.901648 -0.0491848 -0.429665 -0.305445 -0.630916 0.713196 1.3601 1.83416 -0.676627</i>
                        <i>-0.306323 0.774068 0.554062 -0.901581 -0.0491339 -0.429812 -0.30548 -0.631193 0.712936 1.36007 1.83384 -0.676607</i>
                        <i>-0.306565 0.773666 0.55449 -0.901518 -0.0490788 -0.42995 -0.305424 -0.63169 0.712519 1.36004 1.83352 -0.676568</i>
                        <i>-0.30688 0.773095 0.555112 -0.901459 -0.0490195 -0.43008 -0.305282 -0.632393 0.711957 1.36 1.8332 -0.676511</i>
                        <i>-0.307262 0.772368 0.555912 -0.901404 -0.0489562 -0.430203 -0.30506 -0.633286 0.711258 1.35996 1.83289 -0.676437</i>
                        <i>-0.307707 0.771494 0.556878 -0.901352 -0.0488889 -0.430319 -0.304763 -0.634355 0.710432 1.3599 1.83259 -0.676348</i>
                        <i>-0.308208 0.770487 0.557995 -0.901304 -0.0488177 -0.430427 -0.304398 -0.635584 0.709489 1.35984 1.83229 -0.676244</i>
                        <i>-0.308761 0.769355 0.559249 -0.901259 -0.0487428 -0.430529 -0.30397 -0.636959 0.708438 1.35978 1.832 -0.676127</i>
                        <i>-0.309359 0.768111 0.560627 -0.901218 -0.0486644 -0.430625 -0.303486 -0.638464 0.70729 1.35971 1.83172 -0.675999</i>
                        <i>-0.309996 0.766767 0.562113 -0.901179 -0.0485826 -0.430715 -0.302949 -0.640085 0.706055 1.35963 1.83145 -0.675859</i>
                        <i>-0.310668 0.765332 0.563695 -0.901143 -0.0484976 -0.4308 -0.302367 -0.641806 0.70474 1.35956 1.83119 -0.67571</i>
                        <i>-0.311369 0.763818 0.565359 -0.90111 -0.0484097 -0.43088 -0.301745 -0.643613 0.703358 1.35948 1.83094 -0.675554</i>
                        <i>-0.312093 0.762238 0.56709 -0.901079 -0.048319 -0.430955 -0.301089 -0.645491 0.701917 1.35939 1.8307 -0.67539</i>
                        <i>-0.312835 0.760602 0.568875 -0.90105 -0.0482258 -0.431025 -0.300404 -0.647425 0.700427 1.35931 1.83047 -0.67522</i>
                        <i>-0.31359 0.758921 0.570701 -0.901023 -0.0481302 -0.431092 -0.299697 -0.649401 0.698899 1.35922 1.83026 -0.675046</i>
                        <i>-0.314351 0.757209 0.572554 -0.900998 -0.0480324 -0.431155 -0.298973 -0.651404 0.697343 1.35914 1.83006 -0.674869</i>
                        <i>-0.315115 0.755476 0.57442 -0.900975 -0.0479327 -0.431215 -0.298239 -0.653421 0.695769 1.35905 1.82988 -0.67469</i>
                        <i>-0.315875 0.753735 0.576287 -0.900953 -0.0478313 -0.431272 -0.2975 -0.655436 0.694189 1.35896 1.82972 -0.67451</i>
                        <i>-0.316626 0.751997 0.578142 -0.900933 -0.0477283 -0.431326 -0.296762 -0.657436 0.692611 1.35888 1.82957 -0.674331</i>
                        <i>-0.317364 0.750276 0.57997 -0.900913 -0.0476239 -0.431378 -0.296032 -0.659407 0.691048 1.3588 1.82944 -0.674153</i>
                        <i>-0.318083 0.748584 0.581761 -0.900895 -0.0475182 -0.431428 -0.295316 -0.661335 0.68951 1.35871 1.82933 -0.673978</i>
                        <i>-0.318778 0.746932 0.5835 -0.900877 -0.0474115 -0.431477 -0.29462 -0.663208 0.688008 1.35864 1.82924 -0.673808</i>
                        <i>-0.319445 0.745335 0.585176 -0.90086 -0.0473039 -0.431525 -0.293949 -0.66501 0.686553 1.35856 1.82917 -0.673643</i>
                        <i>-0.320078 0.743804 0.586776 -0.900843 -0.0471956 -0.431572 -0.293311 -0.66673 0.685157 1.35849 1.82912 -0.673484</i>
                        <i>-0.320672 0.742352 0.588287 -0.900827 -0.0470866 -0.431618 -0.292712 -0.668353 0.68383 1.35843 1.8291 -0.673334</i>
                        <i>-0.321223 0.740994 0.589698 -0.90081 -0.0469771 -0.431664 -0.292158 -0.669867 0.682585 1.35837 1.8291 -0.673193</i>
                        <i>-0.321779 0.739615 0.591124 -0.900797 -0.0468721 -0.431703 -0.291587 -0.671396 0.681326 1.35831 1.82913 -0.67305</i>
                        <i>-0.322385 0.738107 0.592678 -0.900791 -0.0467772 -0.431727 -0.290936 -0.673061 0.67996 1.35824 1.82917 -0.672895</i>
                        <i>-0.323034 0.736485 0.59434 -0.900791 -0.0466927 -0.431735 -0.290215 -0.674841 0.678502 1.35817 1.82924 -0.672729</i>
                        <i>-0.323719 0.734765 0.596092 -0.900798 -0.0466193 -0.43173 -0.28943 -0.676718 0.676966 1.35809 1.82933 -0.672554</i>
                        <i>-0.324432 0.732965 0.597918 -0.90081 -0.0465573 -0.431709 -0.28859 -0.678671 0.675367 1.35801 1.82944 -0.672371</i>
                        <i>-0.325167 0.731101 0.599799 -0.90083 -0.0465075 -0.431675 -0.287703 -0.680683 0.67372 1.35792 1.82957 -0.672182</i>
                        <i>-0.325915 0.729189 0.601717 -0.900855 -0.0464702 -0.431626 -0.286775 -0.682733 0.672039 1.35783 1.82971 -0.67199</i>
                        <i>-0.326671 0.727247 0.603654 -0.900886 -0.0464459 -0.431564 -0.285816 -0.684803 0.670339 1.35774 1.82988 -0.671794</i>
                        <i>-0.327426 0.725291 0.605595 -0.900923 -0.0464352 -0.431488 -0.284833 -0.686875 0.668635 1.35765 1.83005 -0.671598</i>
                        <i>-0.328175 0.723339 0.607521 -0.900966 -0.0464385 -0.431398 -0.283835 -0.68893 0.666943 1.35756 1.83024 -0.671403</i>
                        <i>-0.32891 0.721409 0.609416 -0.901014 -0.0464562 -0.431295 -0.282829 -0.690949 0.665279 1.35746 1.83045 -0.671211</i>
                        <i>-0.329624 0.719518 0.611263 -0.901068 -0.0464888 -0.431179 -0.281824 -0.692916 0.663658 1.35737 1.83066 -0.671022</i>
                        <i>-0.330311 0.717684 0.613045 -0.901127 -0.0465366 -0.43105 -0.280829 -0.694812 0.662096 1.35729 1.83089 -0.67084</i>
                        <i>-0.330964 0.715925 0.614747 -0.901192 -0.0466 -0.430908 -0.279851 -0.69662 0.660609 1.3572 1.83113 -0.670666</i>
                        <i>-0.331576 0.71426 0.616352 -0.901262 -0.0466793 -0.430754 -0.278899 -0.698322 0.659213 1.35712 1.83138 -0.670502</i>
                        <i>-0.332142 0.712706 0.617844 -0.901337 -0.0467749 -0.430586 -0.277982 -0.699901 0.657924 1.35704 1.83164 -0.670348</i>
                        <i>-0.332655 0.711283 0.619207 -0.901417 -0.0468869 -0.430406 -0.277108 -0.701341 0.656759 1.35697 1.83191 -0.670208</i>
                        <i>-0.333108 0.710008 0.620426 -0.901502 -0.0470157 -0.430214 -0.276285 -0.702623 0.655735 1.35691 1.83218 -0.670083</i>
                        <i>-0.333495 0.7089 0.621484 -0.901592 -0.0471615 -0.430009 -0.275523 -0.703731 0.654866 1.35685 1.83246 -0.669974</i>
                        <i>-0.33381 0.707977 0.622366 -0.901687 -0.0473243 -0.429791 -0.274829 -0.704648 0.654171 1.35681 1.83274 -0.669884</i>
                        <i>-0.334046 0.707259 0.623056 -0.901787 -0.0475045 -0.429561 -0.274213 -0.705357 0.653666 1.35677 1.83303 -0.669813</i>
                        <i>-0.334198 0.706763 0.623537 -0.901892 -0.047702 -0.429319 -0.273683 -0.705841 0.653366 1.35674 1.83333 -0.669765</i>
                        <i>-0.334258 0.706507 0.623794 -0.902002 -0.047917 -0.429064 -0.273247 -0.706082 0.653288 1.35672 1.83362 -0.66974</i>
                        <i>-0.334221 0.70651 0.623811 -0.902117 -0.0481496 -0.428797 -0.272913 -0.706063 0.653447 1.35671 1.83392 -0.669741</i>
                        <i>-0.334083 0.70678 0.623578 -0.902236 -0.048399 -0.428518 -0.272687 -0.705775 0.653852 1.35672 1.83422 -0.669768</i>
                        <i>-0.333849 0.707305 0.623109 -0.90236 -0.0486632 -0.428227 -0.272564 -0.705232 0.65449 1.35674 1.83452 -0.66982</i>
                        <i>-0.333523 0.708069 0.622415 -0.902488 -0.0489399 -0.427926 -0.27254 -0.704446 0.655346 1.35677 1.83482 -0.669895</i>
                        <i>-0.333111 0.709058 0.621509 -0.902619 -0.0492269 -0.427616 -0.27261 -0.70343 0.656407 1.35681 1.83512 -0.669993</i>
                        <i>-0.332616 0.710258 0.620403 -0.902754 -0.0495219 -0.427298 -0.272768 -0.702197 0.65766 1.35686 1.83541 -0.670111</i>
