<?xml version="1.0" encoding="ISO-8859-1" ?>
<Animl Version="1">
    <ModellingPackage>
        <![CDATA[Maya.2010]]>
</ModellingPackage>
    <SrcFile>
        <![CDATA[anims\turrets\machinegun\blue\~src\mgun_m2browning\mgun_m2browning_fire_alt_crewman_c.mb]]>
</SrcFile>
    <FramesPerSecond>30</FramesPerSecond>
    <TotalFrames>163</TotalFrames>
    <Skeleton>
        <RefFrame>
            <Name>
                <![CDATA[soldier_ref_frame]]>
</Name>
            <Exclude>0</Exclude>
            <Additive>0</Additive>
            <IKPriority>0</IKPriority>
            <IKRotLimits>-1e+010 -1e+010 -1e+010 1e+010 1e+010 1e+010</IKRotLimits>
            <IKRotLimitOrder>0</IKRotLimitOrder>
            <KeyFrames count="163">
                <i>1 0 0 0 1 0 0 0 1 -1.51 0.91 0.63</i>
                <i>1 0 0 0 1 0 0 0 1 -1.51 0.91 0.63</i>
                <i>1 0 0 0 1 0 0 0 1 -1.51 0.91 0.63</i>
                <i>1 0 0 0 1 0 0 0 1 -1.51 0.91 0.63</i>
                <i>1 0 0 0 1 0 0 0 1 -1.51 0.91 0.63</i>
                <i>1 0 0 0 1 0 0 0 1 -1.51 0.91 0.63</i>
                <i>1 0 0 0 1 0 0 0 1 -1.51 0.91 0.63</i>
                <i>1 0 0 0 1 0 0 0 1 -1.51 0.91 0.63</i>
                <i>1 0 0 0 1 0 0 0 1 -1.51 0.91 0.63</i>
                <i>1 0 0 0 1 0 0 0 1 -1.51 0.91 0.63</i>
                <i>1 0 0 0 1 0 0 0 1 -1.51 0.91 0.63</i>
                <i>1 0 0 0 1 0 0 0 1 -1.51 0.91 0.63</i>
                <i>1 0 0 0 1 0 0 0 1 -1.51 0.91 0.63</i>
                <i>1 0 0 0 1 0 0 0 1 -1.51 0.91 0.63</i>
                <i>1 0 0 0 1 0 0 0 1 -1.51 0.91 0.63</i>
                <i>1 0 0 0 1 0 0 0 1 -1.51 0.91 0.63</i>
                <i>1 0 0 0 1 0 0 0 1 -1.51 0.91 0.63</i>
                <i>1 0 0 0 1 0 0 0 1 -1.51 0.91 0.63</i>
                <i>1 0 0 0 1 0 0 0 1 -1.51 0.91 0.63</i>
                <i>1 0 0 0 1 0 0 0 1 -1.51 0.91 0.63</i>
                <i>1 0 0 0 1 0 0 0 1 -1.51 0.91 0.63</i>
                <i>1 0 0 0 1 0 0 0 1 -1.51 0.91 0.63</i>
                <i>1 0 0 0 1 0 0 0 1 -1.51 0.91 0.63</i>
                <i>1 0 0 0 1 0 0 0 1 -1.51 0.91 0.63</i>
                <i>1 0 0 0 1 0 0 0 1 -1.51 0.91 0.63</i>
                <i>1 0 0 0 1 0 0 0 1 -1.51 0.91 0.63</i>
                <i>1 0 0 0 1 0 0 0 1 -1.51 0.91 0.63</i>
                <i>1 0 0 0 1 0 0 0 1 -1.51 0.91 0.63</i>
                <i>1 0 0 0 1 0 0 0 1 -1.51 0.91 0.63</i>
                <i>1 0 0 0 1 0 0 0 1 -1.51 0.91 0.63</i>
                <i>1 0 0 0 1 0 0 0 1 -1.51 0.91 0.63</i>
                <i>1 0 0 0 1 0 0 0 1 -1.51 0.91 0.63</i>
                <i>1 0 0 0 1 0 0 0 1 -1.51 0.91 0.63</i>
                <i>1 0 0 0 1 0 0 0 1 -1.51 0.91 0.63</i>
                <i>1 0 0 0 1 0 0 0 1 -1.51 0.91 0.63</i>
                <i>1 0 0 0 1 0 0 0 1 -1.51 0.91 0.63</i>
                <i>1 0 0 0 1 0 0 0 1 -1.51 0.91 0.63</i>
                <i>1 0 0 0 1 0 0 0 1 -1.51 0.91 0.63</i>
                <i>1 0 0 0 1 0 0 0 1 -1.51 0.91 0.63</i>
                <i>1 0 0 0 1 0 0 0 1 -1.51 0.91 0.63</i>
                <i>1 0 0 0 1 0 0 0 1 -1.51 0.91 0.63</i>
                <i>1 0 0 0 1 0 0 0 1 -1.51 0.91 0.63</i>
                <i>1 0 0 0 1 0 0 0 1 -1.51 0.91 0.63</i>
                <i>1 0 0 0 1 0 0 0 1 -1.51 0.91 0.63</i>
                <i>1 0 0 0 1 0 0 0 1 -1.51 0.91 0.63</i>
                <i>1 0 0 0 1 0 0 0 1 -1.51 0.91 0.63</i>
                <i>1 0 0 0 1 0 0 0 1 -1.51 0.91 0.63</i>
                <i>1 0 0 0 1 0 0 0 1 -1.51 0.91 0.63</i>
                <i>1 0 0 0 1 0 0 0 1 -1.51 0.91 0.63</i>
                <i>1 0 0 0 1 0 0 0 1 -1.51 0.91 0.63</i>
                <i>1 0 0 0 1 0 0 0 1 -1.51 0.91 0.63</i>
                <i>1 0 0 0 1 0 0 0 1 -1.51 0.91 0.63</i>
                <i>1 0 0 0 1 0 0 0 1 -1.51 0.91 0.63</i>
                <i>1 0 0 0 1 0 0 0 1 -1.51 0.91 0.63</i>
                <i>1 0 0 0 1 0 0 0 1 -1.51 0.91 0.63</i>
                <i>1 0 0 0 1 0 0 0 1 -1.51 0.91 0.63</i>
                <i>1 0 0 0 1 0 0 0 1 -1.51 0.91 0.63</i>
                <i>1 0 0 0 1 0 0 0 1 -1.51 0.91 0.63</i>
                <i>1 0 0 0 1 0 0 0 1 -1.51 0.91 0.63</i>
                <i>1 0 0 0 1 0 0 0 1 -1.51 0.91 0.63</i>
                <i>1 0 0 0 1 0 0 0 1 -1.51 0.91 0.63</i>
                <i>1 0 0 0 1 0 0 0 1 -1.51 0.91 0.63</i>
                <i>1 0 0 0 1 0 0 0 1 -1.51 0.91 0.63</i>
                <i>1 0 0 0 1 0 0 0 1 -1.51 0.91 0.63</i>
                <i>1 0 0 0 1 0 0 0 1 -1.51 0.91 0.63</i>
                <i>1 0 0 0 1 0 0 0 1 -1.51 0.91 0.63</i>
                <i>1 0 0 0 1 0 0 0 1 -1.51 0.91 0.63</i>
                <i>1 0 0 0 1 0 0 0 1 -1.51 0.91 0.63</i>
                <i>1 0 0 0 1 0 0 0 1 -1.51 0.91 0.63</i>
                <i>1 0 0 0 1 0 0 0 1 -1.51 0.91 0.63</i>
                <i>1 0 0 0 1 0 0 0 1 -1.51 0.91 0.63</i>
                <i>1 0 0 0 1 0 0 0 1 -1.51 0.91 0.63</i>
                <i>1 0 0 0 1 0 0 0 1 -1.51 0.91 0.63</i>
                <i>1 0 0 0 1 0 0 0 1 -1.51 0.91 0.63</i>
                <i>1 0 0 0 1 0 0 0 1 -1.51 0.91 0.63</i>
                <i>1 0 0 0 1 0 0 0 1 -1.51 0.91 0.63</i>
                <i>1 0 0 0 1 0 0 0 1 -1.51 0.91 0.63</i>
                <i>1 0 0 0 1 0 0 0 1 -1.51 0.91 0.63</i>
                <i>1 0 0 0 1 0 0 0 1 -1.51 0.91 0.63</i>
                <i>1 0 0 0 1 0 0 0 1 -1.51 0.91 0.63</i>
                <i>1 0 0 0 1 0 0 0 1 -1.51 0.91 0.63</i>
                <i>1 0 0 0 1 0 0 0 1 -1.51 0.91 0.63</i>
                <i>1 0 0 0 1 0 0 0 1 -1.51 0.91 0.63</i>
                <i>1 0 0 0 1 0 0 0 1 -1.51 0.91 0.63</i>
                <i>1 0 0 0 1 0 0 0 1 -1.51 0.91 0.63</i>
                <i>1 0 0 0 1 0 0 0 1 -1.51 0.91 0.63</i>
                <i>1 0 0 0 1 0 0 0 1 -1.51 0.91 0.63</i>
                <i>1 0 0 0 1 0 0 0 1 -1.51 0.91 0.63</i>
                <i>1 0 0 0 1 0 0 0 1 -1.51 0.91 0.63</i>
                <i>1 0 0 0 1 0 0 0 1 -1.51 0.91 0.63</i>
                <i>1 0 0 0 1 0 0 0 1 -1.51 0.91 0.63</i>
                <i>1 0 0 0 1 0 0 0 1 -1.51 0.91 0.63</i>
                <i>1 0 0 0 1 0 0 0 1 -1.51 0.91 0.63</i>
                <i>1 0 0 0 1 0 0 0 1 -1.51 0.91 0.63</i>
                <i>1 0 0 0 1 0 0 0 1 -1.51 0.91 0.63</i>
                <i>1 0 0 0 1 0 0 0 1 -1.51 0.91 0.63</i>
                <i>1 0 0 0 1 0 0 0 1 -1.51 0.91 0.63</i>
                <i>1 0 0 0 1 0 0 0 1 -1.51 0.91 0.63</i>
                <i>1 0 0 0 1 0 0 0 1 -1.51 0.91 0.63</i>
                <i>1 0 0 0 1 0 0 0 1 -1.51 0.91 0.63</i>
                <i>1 0 0 0 1 0 0 0 1 -1.51 0.91 0.63</i>
                <i>1 0 0 0 1 0 0 0 1 -1.51 0.91 0.63</i>
                <i>1 0 0 0 1 0 0 0 1 -1.51 0.91 0.63</i>
                <i>1 0 0 0 1 0 0 0 1 -1.51 0.91 0.63</i>
                <i>1 0 0 0 1 0 0 0 1 -1.51 0.91 0.63</i>
                <i>1 0 0 0 1 0 0 0 1 -1.51 0.91 0.63</i>
                <i>1 0 0 0 1 0 0 0 1 -1.51 0.91 0.63</i>
                <i>1 0 0 0 1 0 0 0 1 -1.51 0.91 0.63</i>
                <i>1 0 0 0 1 0 0 0 1 -1.51 0.91 0.63</i>
                <i>1 0 0 0 1 0 0 0 1 -1.51 0.91 0.63</i>
                <i>1 0 0 0 1 0 0 0 1 -1.51 0.91 0.63</i>
                <i>1 0 0 0 1 0 0 0 1 -1.51 0.91 0.63</i>
                <i>1 0 0 0 1 0 0 0 1 -1.51 0.91 0.63</i>
                <i>1 0 0 0 1 0 0 0 1 -1.51 0.91 0.63</i>
                <i>1 0 0 0 1 0 0 0 1 -1.51 0.91 0.63</i>
                <i>1 0 0 0 1 0 0 0 1 -1.51 0.91 0.63</i>
                <i>1 0 0 0 1 0 0 0 1 -1.51 0.91 0.63</i>
                <i>1 0 0 0 1 0 0 0 1 -1.51 0.91 0.63</i>
                <i>1 0 0 0 1 0 0 0 1 -1.51 0.91 0.63</i>
                <i>1 0 0 0 1 0 0 0 1 -1.51 0.91 0.63</i>
                <i>1 0 0 0 1 0 0 0 1 -1.51 0.91 0.63</i>
                <i>1 0 0 0 1 0 0 0 1 -1.51 0.91 0.63</i>
                <i>1 0 0 0 1 0 0 0 1 -1.51 0.91 0.63</i>
                <i>1 0 0 0 1 0 0 0 1 -1.51 0.91 0.63</i>
                <i>1 0 0 0 1 0 0 0 1 -1.51 0.91 0.63</i>
                <i>1 0 0 0 1 0 0 0 1 -1.51 0.91 0.63</i>
                <i>1 0 0 0 1 0 0 0 1 -1.51 0.91 0.63</i>
                <i>1 0 0 0 1 0 0 0 1 -1.51 0.91 0.63</i>
                <i>1 0 0 0 1 0 0 0 1 -1.51 0.91 0.63</i>
                <i>1 0 0 0 1 0 0 0 1 -1.51 0.91 0.63</i>
                <i>1 0 0 0 1 0 0 0 1 -1.51 0.91 0.63</i>
                <i>1 0 0 0 1 0 0 0 1 -1.51 0.91 0.63</i>
                <i>1 0 0 0 1 0 0 0 1 -1.51 0.91 0.63</i>
                <i>1 0 0 0 1 0 0 0 1 -1.51 0.91 0.63</i>
                <i>1 0 0 0 1 0 0 0 1 -1.51 0.91 0.63</i>
                <i>1 0 0 0 1 0 0 0 1 -1.51 0.91 0.63</i>
                <i>1 0 0 0 1 0 0 0 1 -1.51 0.91 0.63</i>
                <i>1 0 0 0 1 0 0 0 1 -1.51 0.91 0.63</i>
                <i>1 0 0 0 1 0 0 0 1 -1.51 0.91 0.63</i>
                <i>1 0 0 0 1 0 0 0 1 -1.51 0.91 0.63</i>
                <i>1 0 0 0 1 0 0 0 1 -1.51 0.91 0.63</i>
                <i>1 0 0 0 1 0 0 0 1 -1.51 0.91 0.63</i>
                <i>1 0 0 0 1 0 0 0 1 -1.51 0.91 0.63</i>
                <i>1 0 0 0 1 0 0 0 1 -1.51 0.91 0.63</i>
                <i>1 0 0 0 1 0 0 0 1 -1.51 0.91 0.63</i>
                <i>1 0 0 0 1 0 0 0 1 -1.51 0.91 0.63</i>
                <i>1 0 0 0 1 0 0 0 1 -1.51 0.91 0.63</i>
                <i>1 0 0 0 1 0 0 0 1 -1.51 0.91 0.63</i>
                <i>1 0 0 0 1 0 0 0 1 -1.51 0.91 0.63</i>
                <i>1 0 0 0 1 0 0 0 1 -1.51 0.91 0.63</i>
                <i>1 0 0 0 1 0 0 0 1 -1.51 0.91 0.63</i>
                <i>1 0 0 0 1 0 0 0 1 -1.51 0.91 0.63</i>
                <i>1 0 0 0 1 0 0 0 1 -1.51 0.91 0.63</i>
                <i>1 0 0 0 1 0 0 0 1 -1.51 0.91 0.63</i>
                <i>1 0 0 0 1 0 0 0 1 -1.51 0.91 0.63</i>
                <i>1 0 0 0 1 0 0 0 1 -1.51 0.91 0.63</i>
                <i>1 0 0 0 1 0 0 0 1 -1.51 0.91 0.63</i>
                <i>1 0 0 0 1 0 0 0 1 -1.51 0.91 0.63</i>
                <i>1 0 0 0 1 0 0 0 1 -1.51 0.91 0.63</i>
                <i>1 0 0 0 1 0 0 0 1 -1.51 0.91 0.63</i>
                <i>1 0 0 0 1 0 0 0 1 -1.51 0.91 0.63</i>
                <i>1 0 0 0 1 0 0 0 1 -1.51 0.91 0.63</i>
                <i>1 0 0 0 1 0 0 0 1 -1.51 0.91 0.63</i>
            </KeyFrames>
        </RefFrame>
        <Bones count="23">
            <i>
                <p>
                    <Name>
                        <![CDATA[pelvis]]>
</Name>
                    <Exclude>0</Exclude>
                    <Additive>0</Additive>
                    <IKPriority>0</IKPriority>
                    <IKRotLimits>-1e+010 -1e+010 -1e+010 1e+010 1e+010 1e+010</IKRotLimits>
                    <IKRotLimitOrder>2</IKRotLimitOrder>
                    <KeyFrames count="163">
                        <i>1 0 0 0 1 0 0 0 1 -1.51092 1.59257 0.768463</i>
                        <i>1 0 0 0 1 0 0 0 1 -1.51092 1.59153 0.768463</i>
                        <i>1 0 0 0 1 0 0 0 1 -1.51092 1.59039 0.768463</i>
                        <i>1 0 0 0 1 0 0 0 1 -1.51092 1.58918 0.768463</i>
                        <i>1 0 0 0 1 0 0 0 1 -1.51092 1.58792 0.768463</i>
                        <i>1 0 0 0 1 0 0 0 1 -1.51092 1.58662 0.768463</i>
                        <i>1 0 0 0 1 0 0 0 1 -1.51092 1.58531 0.768463</i>
                        <i>1 0 0 0 1 0 0 0 1 -1.51092 1.58402 0.768463</i>
                        <i>1 0 0 0 1 0 0 0 1 -1.51092 1.58277 0.768463</i>
                        <i>1 0 0 0 1 0 0 0 1 -1.51092 1.58158 0.768463</i>
                        <i>1 0 0 0 1 0 0 0 1 -1.51092 1.58048 0.768463</i>
                        <i>1 0 0 0 1 0 0 0 1 -1.51092 1.57948 0.768463</i>
                        <i>1 0 0 0 1 0 0 0 1 -1.51092 1.57861 0.768463</i>
                        <i>1 0 0 0 1 0 0 0 1 -1.51092 1.57789 0.768463</i>
                        <i>1 0 0 0 1 0 0 0 1 -1.51092 1.57735 0.768463</i>
                        <i>1 0 0 0 1 0 0 0 1 -1.51092 1.57701 0.768463</i>
                        <i>1 0 0 0 1 0 0 0 1 -1.51092 1.5769 0.768463</i>
                        <i>1 0 0 0 1 0 0 0 1 -1.51092 1.57707 0.768463</i>
                        <i>1 0 0 0 1 0 0 0 1 -1.51092 1.57757 0.768463</i>
                        <i>1 0 0 0 1 0 0 0 1 -1.51092 1.57834 0.768463</i>
                        <i>1 0 0 0 1 0 0 0 1 -1.51092 1.57934 0.768463</i>
                        <i>1 0 0 0 1 0 0 0 1 -1.51092 1.58053 0.768463</i>
                        <i>1 0 0 0 1 0 0 0 1 -1.51092 1.58185 0.768463</i>
                        <i>1 0 0 0 1 0 0 0 1 -1.51092 1.58327 0.768463</i>
                        <i>1 0 0 0 1 0 0 0 1 -1.51092 1.58473 0.768463</i>
                        <i>1 0 0 0 1 0 0 0 1 -1.51092 1.58619 0.768463</i>
                        <i>1 0 0 0 1 0 0 0 1 -1.51092 1.58761 0.768463</i>
                        <i>1 0 0 0 1 0 0 0 1 -1.51092 1.58893 0.768463</i>
                        <i>1 0 0 0 1 0 0 0 1 -1.51092 1.59012 0.768463</i>
                        <i>1 0 0 0 1 0 0 0 1 -1.51092 1.59112 0.768463</i>
                        <i>1 0 0 0 1 0 0 0 1 -1.51092 1.59189 0.768463</i>
                        <i>1 0 0 0 1 0 0 0 1 -1.51092 1.59239 0.768463</i>
                        <i>1 0 0 0 1 0 0 0 1 -1.51092 1.59257 0.768463</i>
                        <i>1 0 0 0 1 0 0 0 1 -1.51092 1.59239 0.768463</i>
                        <i>1 0 0 0 1 0 0 0 1 -1.51092 1.59189 0.768463</i>
                        <i>1 0 0 0 1 0 0 0 1 -1.51092 1.59112 0.768463</i>
                        <i>1 0 0 0 1 0 0 0 1 -1.51092 1.59012 0.768463</i>
                        <i>1 0 0 0 1 0 0 0 1 -1.51092 1.58893 0.768463</i>
                        <i>1 0 0 0 1 0 0 0 1 -1.51092 1.58761 0.768463</i>
                        <i>1 0 0 0 1 0 0 0 1 -1.51092 1.58619 0.768463</i>
                        <i>1 0 0 0 1 0 0 0 1 -1.51092 1.58473 0.768463</i>
                        <i>1 0 0 0 1 0 0 0 1 -1.51092 1.58327 0.768463</i>
                        <i>1 0 0 0 1 0 0 0 1 -1.51092 1.58185 0.768463</i>
                        <i>1 0 0 0 1 0 0 0 1 -1.51092 1.58053 0.768463</i>
                        <i>1 0 0 0 1 0 0 0 1 -1.51092 1.57934 0.768463</i>
                        <i>1 0 0 0 1 0 0 0 1 -1.51092 1.57834 0.768463</i>
                        <i>1 0 0 0 1 0 0 0 1 -1.51092 1.57757 0.768463</i>
                        <i>1 0 0 0 1 0 0 0 1 -1.51092 1.57707 0.768463</i>
                        <i>1 0 0 0 1 0 0 0 1 -1.51092 1.5769 0.768463</i>
                        <i>1 0 0 0 1 0 0 0 1 -1.51092 1.57701 0.768463</i>
                        <i>1 0 0 0 1 0 0 0 1 -1.51092 1.57735 0.768463</i>
                        <i>1 0 0 0 1 0 0 0 1 -1.51092 1.57789 0.768463</i>
                        <i>1 0 0 0 1 0 0 0 1 -1.51092 1.57861 0.768463</i>
                        <i>1 0 0 0 1 0 0 0 1 -1.51092 1.57948 0.768463</i>
                        <i>1 0 0 0 1 0 0 0 1 -1.51092 1.58048 0.768463</i>
                        <i>1 0 0 0 1 0 0 0 1 -1.51092 1.58158 0.768463</i>
                        <i>1 0 0 0 1 0 0 0 1 -1.51092 1.58277 0.768463</i>
                        <i>1 0 0 0 1 0 0 0 1 -1.51092 1.58402 0.768463</i>
                        <i>1 0 0 0 1 0 0 0 1 -1.51092 1.58531 0.768463</i>
                        <i>1 0 0 0 1 0 0 0 1 -1.51092 1.58662 0.768463</i>
                        <i>1 0 0 0 1 0 0 0 1 -1.51092 1.58792 0.768463</i>
                        <i>1 0 0 0 1 0 0 0 1 -1.51092 1.58918 0.768463</i>
                        <i>1 0 0 0 1 0 0 0 1 -1.51092 1.59039 0.768463</i>
                        <i>1 0 0 0 1 0 0 0 1 -1.51092 1.59153 0.768463</i>
                        <i>1 0 0 0 1 0 0 0 1 -1.51092 1.59257 0.768463</i>
                        <i>1 0 0 0 1 0 0 0 1 -1.51092 1.59241 0.768463</i>
                        <i>1 0 0 0 1 0 0 0 1 -1.51092 1.59197 0.768463</i>
                        <i>1 0 0 0 1 0 0 0 1 -1.51092 1.59128 0.768463</i>
                        <i>1 0 0 0 1 0 0 0 1 -1.51092 1.59037 0.768463</i>
                        <i>1 0 0 0 1 0 0 0 1 -1.51092 1.5893 0.768463</i>
                        <i>1 0 0 0 1 0 0 0 1 -1.51092 1.58809 0.768463</i>
                        <i>1 0 0 0 1 0 0 0 1 -1.51092 1.58678 0.768463</i>
                        <i>1 0 0 0 1 0 0 0 1 -1.51092 1.58542 0.768463</i>
                        <i>1 0 0 0 1 0 0 0 1 -1.51092 1.58404 0.768463</i>
                        <i>1 0 0 0 1 0 0 0 1 -1.51092 1.58268 0.768463</i>
                        <i>1 0 0 0 1 0 0 0 1 -1.51092 1.58137 0.768463</i>
                        <i>1 0 0 0 1 0 0 0 1 -1.51092 1.58017 0.768463</i>
                        <i>1 0 0 0 1 0 0 0 1 -1.51092 1.57909 0.768463</i>
                        <i>1 0 0 0 1 0 0 0 1 -1.51092 1.57819 0.768463</i>
                        <i>1 0 0 0 1 0 0 0 1 -1.51092 1.5775 0.768463</i>
                        <i>1 0 0 0 1 0 0 0 1 -1.51092 1.57705 0.768463</i>
                        <i>1 0 0 0 1 0 0 0 1 -1.51092 1.5769 0.768463</i>
                        <i>1 0 0 0 1 0 0 0 1 -1.51092 1.57707 0.768463</i>
                        <i>1 0 0 0 1 0 0 0 1 -1.51092 1.57757 0.768463</i>
                        <i>1 0 0 0 1 0 0 0 1 -1.51092 1.57834 0.768463</i>
                        <i>1 0 0 0 1 0 0 0 1 -1.51092 1.57934 0.768463</i>
                        <i>1 0 0 0 1 0 0 0 1 -1.51092 1.58053 0.768463</i>
                        <i>1 0 0 0 1 0 0 0 1 -1.51092 1.58185 0.768463</i>
                        <i>1 0 0 0 1 0 0 0 1 -1.51092 1.58327 0.768463</i>
                        <i>1 0 0 0 1 0 0 0 1 -1.51092 1.58473 0.768463</i>
                        <i>1 0 0 0 1 0 0 0 1 -1.51092 1.58619 0.768463</i>
                        <i>1 0 0 0 1 0 0 0 1 -1.51092 1.58761 0.768463</i>
                        <i>1 0 0 0 1 0 0 0 1 -1.51092 1.58893 0.768463</i>
                        <i>1 0 0 0 1 0 0 0 1 -1.51092 1.59012 0.768463</i>
                        <i>1 0 0 0 1 0 0 0 1 -1.51092 1.59112 0.768463</i>
                        <i>1 0 0 0 1 0 0 0 1 -1.51092 1.59189 0.768463</i>
                        <i>1 0 0 0 1 0 0 0 1 -1.51092 1.59239 0.768463</i>
                        <i>1 0 0 0 1 0 0 0 1 -1.51092 1.59257 0.768463</i>
                        <i>1 0 0 0 1 0 0 0 1 -1.51092 1.59239 0.768463</i>
                        <i>1 0 0 0 1 0 0 0 1 -1.51092 1.59189 0.768463</i>
                        <i>1 0 0 0 1 0 0 0 1 -1.51092 1.59112 0.768463</i>
                        <i>1 0 0 0 1 0 0 0 1 -1.51092 1.59012 0.768463</i>
                        <i>1 0 0 0 1 0 0 0 1 -1.51092 1.58893 0.768463</i>
                        <i>1 0 0 0 1 0 0 0 1 -1.51092 1.58761 0.768463</i>
                        <i>1 0 0 0 1 0 0 0 1 -1.51092 1.58619 0.768463</i>
                        <i>1 0 0 0 1 0 0 0 1 -1.51092 1.58473 0.768463</i>
                        <i>1 0 0 0 1 0 0 0 1 -1.51092 1.58327 0.768463</i>
                        <i>1 0 0 0 1 0 0 0 1 -1.51092 1.58185 0.768463</i>
                        <i>1 0 0 0 1 0 0 0 1 -1.51092 1.58053 0.768463</i>
                        <i>1 0 0 0 1 0 0 0 1 -1.51092 1.57934 0.768463</i>
                        <i>1 0 0 0 1 0 0 0 1 -1.51092 1.57834 0.768463</i>
                        <i>1 0 0 0 1 0 0 0 1 -1.51092 1.57757 0.768463</i>
                        <i>1 0 0 0 1 0 0 0 1 -1.51092 1.57707 0.768463</i>
                        <i>1 0 0 0 1 0 0 0 1 -1.51092 1.5769 0.768463</i>
                        <i>1 0 0 0 1 0 0 0 1 -1.51092 1.57701 0.768463</i>
                        <i>1 0 0 0 1 0 0 0 1 -1.51092 1.57735 0.768463</i>
                        <i>1 0 0 0 1 0 0 0 1 -1.51092 1.57789 0.768463</i>
                        <i>1 0 0 0 1 0 0 0 1 -1.51092 1.57861 0.768463</i>
                        <i>1 0 0 0 1 0 0 0 1 -1.51092 1.57948 0.768463</i>
                        <i>1 0 0 0 1 0 0 0 1 -1.51092 1.58048 0.768463</i>
                        <i>1 0 0 0 1 0 0 0 1 -1.51092 1.58158 0.768463</i>
                        <i>1 0 0 0 1 0 0 0 1 -1.51092 1.58277 0.768463</i>
                        <i>1 0 0 0 1 0 0 0 1 -1.51092 1.58402 0.768463</i>
                        <i>1 0 0 0 1 0 0 0 1 -1.51092 1.58531 0.768463</i>
                        <i>1 0 0 0 1 0 0 0 1 -1.51092 1.58662 0.768463</i>
                        <i>1 0 0 0 1 0 0 0 1 -1.51092 1.58792 0.768463</i>
                        <i>1 0 0 0 1 0 0 0 1 -1.51092 1.58918 0.768463</i>
                        <i>1 0 0 0 1 0 0 0 1 -1.51092 1.59039 0.768463</i>
                        <i>1 0 0 0 1 0 0 0 1 -1.51092 1.59153 0.768463</i>
                        <i>1 0 0 0 1 0 0 0 1 -1.51092 1.59257 0.768463</i>
                        <i>1 0 0 0 1 0 0 0 1 -1.51092 1.59239 0.768463</i>
                        <i>1 0 0 0 1 0 0 0 1 -1.51092 1.59189 0.768463</i>
                        <i>1 0 0 0 1 0 0 0 1 -1.51092 1.59112 0.768463</i>
                        <i>1 0 0 0 1 0 0 0 1 -1.51092 1.59012 0.768463</i>
                        <i>1 0 0 0 1 0 0 0 1 -1.51092 1.58893 0.768463</i>
                        <i>1 0 0 0 1 0 0 0 1 -1.51092 1.58761 0.768463</i>
                        <i>1 0 0 0 1 0 0 0 1 -1.51092 1.58619 0.768463</i>
                        <i>1 0 0 0 1 0 0 0 1 -1.51092 1.58473 0.768463</i>
                        <i>1 0 0 0 1 0 0 0 1 -1.51092 1.58327 0.768463</i>
                        <i>1 0 0 0 1 0 0 0 1 -1.51092 1.58185 0.768463</i>
                        <i>1 0 0 0 1 0 0 0 1 -1.51092 1.58053 0.768463</i>
                        <i>1 0 0 0 1 0 0 0 1 -1.51092 1.57934 0.768463</i>
                        <i>1 0 0 0 1 0 0 0 1 -1.51092 1.57834 0.768463</i>
                        <i>1 0 0 0 1 0 0 0 1 -1.51092 1.57757 0.768463</i>
                        <i>1 0 0 0 1 0 0 0 1 -1.51092 1.57707 0.768463</i>
                        <i>1 0 0 0 1 0 0 0 1 -1.51092 1.5769 0.768463</i>
                        <i>1 0 0 0 1 0 0 0 1 -1.51092 1.57705 0.768463</i>
                        <i>1 0 0 0 1 0 0 0 1 -1.51092 1.5775 0.768463</i>
                        <i>1 0 0 0 1 0 0 0 1 -1.51092 1.57819 0.768463</i>
                        <i>1 0 0 0 1 0 0 0 1 -1.51092 1.57909 0.768463</i>
                        <i>1 0 0 0 1 0 0 0 1 -1.51092 1.58017 0.768463</i>
                        <i>1 0 0 0 1 0 0 0 1 -1.51092 1.58137 0.768463</i>
                        <i>1 0 0 0 1 0 0 0 1 -1.51092 1.58268 0.768463</i>
                        <i>1 0 0 0 1 0 0 0 1 -1.51092 1.58404 0.768463</i>
                        <i>1 0 0 0 1 0 0 0 1 -1.51092 1.58542 0.768463</i>
                        <i>1 0 0 0 1 0 0 0 1 -1.51092 1.58678 0.768463</i>
                        <i>1 0 0 0 1 0 0 0 1 -1.51092 1.58809 0.768463</i>
                        <i>1 0 0 0 1 0 0 0 1 -1.51092 1.5893 0.768463</i>
                        <i>1 0 0 0 1 0 0 0 1 -1.51092 1.59037 0.768463</i>
                        <i>1 0 0 0 1 0 0 0 1 -1.51092 1.59128 0.768463</i>
                        <i>1 0 0 0 1 0 0 0 1 -1.51092 1.59197 0.768463</i>
                        <i>1 0 0 0 1 0 0 0 1 -1.51092 1.59241 0.768463</i>
                        <i>1 0 0 0 1 0 0 0 1 -1.51092 1.59257 0.768463</i>
                    </KeyFrames>
                </p>
            </i>
            <i>
                <p>
                    <Name>
                        <![CDATA[spine0]]>
</Name>
                    <Exclude>0</Exclude>
                    <Additive>0</Additive>
                    <IKPriority>0</IKPriority>
                    <IKRotLimits>-1e+010 -1e+010 -1e+010 1e+010 1e+010 1e+010</IKRotLimits>
                    <IKRotLimitOrder>0</IKRotLimitOrder>
                    <KeyFrames count="163">
                        <i>-0.308792 0.893052 0.327269 -0.940043 -0.338941 0.0379339 0.144802 -0.295933 0.944169 -1.57031 1.71846 0.732141</i>
                        <i>-0.308645 0.893739 0.325528 -0.940194 -0.338518 0.0379703 0.144132 -0.29434 0.94477 -1.57031 1.71743 0.732141</i>
                        <i>-0.308355 0.894551 0.323568 -0.940408 -0.337915 0.0380222 0.143351 -0.292562 0.945441 -1.57031 1.71629 0.732141</i>
                        <i>-0.307989 0.895396 0.321573 -0.940651 -0.337231 0.0380811 0.142542 -0.290759 0.946119 -1.57031 1.71508 0.732141</i>
                        <i>-0.307627 0.896187 0.319709 -0.940884 -0.336575 0.0381376 0.141784 -0.289077 0.946748 -1.57031 1.71381 0.732141</i>
                        <i>-0.307365 0.896838 0.318133 -0.941064 -0.336066 0.0381814 0.141156 -0.287648 0.947277 -1.57031 1.71251 0.732141</i>
                        <i>-0.307306 0.897263 0.316989 -0.941147 -0.335832 0.0382015 0.140732 -0.286593 0.94766 -1.57031 1.71121 0.732141</i>
                        <i>-0.307564 0.897377 0.316416 -0.941084 -0.336009 0.0381863 0.140586 -0.286029 0.947852 -1.57031 1.70992 0.732141</i>
                        <i>-0.30825 0.897092 0.316555 -0.940829 -0.336731 0.0381242 0.140795 -0.286073 0.947808 -1.57031 1.70867 0.732141</i>
                        <i>-0.309291 0.896505 0.317202 -0.940416 -0.337894 0.0380241 0.141269 -0.286541 0.947595 -1.57031 1.70748 0.732141</i>
                        <i>-0.31052 0.895785 0.318036 -0.939922 -0.339278 0.0379048 0.141857 -0.287159 0.947321 -1.57031 1.70637 0.732141</i>
                        <i>-0.311903 0.894948 0.319037 -0.93936 -0.340845 0.0377695 0.142544 -0.28791 0.946989 -1.57031 1.70537 0.732141</i>
                        <i>-0.313405 0.894013 0.320184 -0.938743 -0.342559 0.0376214 0.143316 -0.28878 0.946608 -1.57031 1.70451 0.732141</i>
                        <i>-0.314991 0.892998 0.321458 -0.938083 -0.34438 0.0374638 0.144159 -0.289753 0.946182 -1.57031 1.70379 0.732141</i>
                        <i>-0.316626 0.891922 0.322836 -0.937393 -0.346269 0.0373 0.145057 -0.290814 0.94572 -1.57031 1.70325 0.732141</i>
                        <i>-0.318275 0.890805 0.324296 -0.936689 -0.348187 0.0371334 0.145994 -0.291946 0.945227 -1.57031 1.70291 0.732141</i>
                        <i>-0.319902 0.889668 0.325813 -0.935984 -0.350095 0.0369674 0.146954 -0.29313 0.944711 -1.57031 1.70279 0.732141</i>
                        <i>-0.321475 0.888532 0.327361 -0.935294 -0.351953 0.0368055 0.147919 -0.294347 0.944182 -1.57031 1.70297 0.732141</i>
                        <i>-0.322958 0.88742 0.328912 -0.934632 -0.353723 0.036651 0.148869 -0.295575 0.943649 -1.57031 1.70347 0.732141</i>
                        <i>-0.32432 0.886357 0.330437 -0.934014 -0.355367 0.0365073 0.149785 -0.296792 0.943122 -1.57031 1.70424 0.732141</i>
                        <i>-0.325529 0.885365 0.331902 -0.933454 -0.356847 0.0363777 0.150646 -0.297974 0.942612 -1.57031 1.70524 0.732141</i>
                        <i>-0.326555 0.884471 0.333276 -0.932969 -0.358126 0.0362656 0.151431 -0.299094 0.942131 -1.57031 1.70643 0.732141</i>
                        <i>-0.327369 0.883699 0.334524 -0.932571 -0.359168 0.0361742 0.152117 -0.300125 0.941693 -1.57031 1.70775 0.732141</i>
                        <i>-0.327943 0.883074 0.335609 -0.932277 -0.359938 0.0361066 0.152683 -0.30104 0.941309 -1.57031 1.70917 0.732141</i>
                        <i>-0.32825 0.882622 0.336497 -0.9321 -0.360401 0.036066 0.153106 -0.30181 0.940994 -1.57031 1.71063 0.732141</i>
                        <i>-0.3276 0.882767 0.33675 -0.932339 -0.359776 0.0361209 0.153041 -0.302132 0.940901 -1.57031 1.71209 0.732141</i>
                        <i>-0.325607 0.883744 0.336119 -0.93316 -0.357624 0.0363097 0.152293 -0.30183 0.941119 -1.57031 1.7135 0.732141</i>
                        <i>-0.322703 0.885287 0.334857 -0.934366 -0.354432 0.0365891 0.151076 -0.301071 0.941558 -1.57031 1.71483 0.732141</i>
                        <i>-0.319311 0.887135 0.333215 -0.935767 -0.350681 0.0369164 0.149602 -0.300023 0.942128 -1.57031 1.71601 0.732141</i>
                        <i>-0.315842 0.889044 0.331427 -0.937187 -0.346832 0.0372511 0.148067 -0.298844 0.942745 -1.57031 1.71702 0.732141</i>
                        <i>-0.312685 0.890797 0.32971 -0.938468 -0.343319 0.0375557 0.14665 -0.297679 0.943335 -1.57031 1.71779 0.732141</i>
                        <i>-0.310215 0.892195 0.328261 -0.939464 -0.340556 0.0377945 0.145511 -0.296665 0.943831 -1.57031 1.71829 0.732141</i>
                        <i>-0.308792 0.893052 0.327269 -0.940043 -0.338941 0.0379339 0.144802 -0.295933 0.944169 -1.57031 1.71846 0.732141</i>
                        <i>-0.308016 0.893861 0.325789 -0.940398 -0.337937 0.0380957 0.144148 -0.294637 0.944675 -1.5703 1.71828 0.732097</i>
                        <i>-0.307258 0.895136 0.322992 -0.940795 -0.336791 0.0384125 0.143165 -0.292067 0.945622 -1.57029 1.71775 0.731971</i>
                        <i>-0.306544 0.896726 0.319238 -0.941207 -0.335586 0.0388659 0.141984 -0.288555 0.946877 -1.57026 1.71693 0.731767</i>
                        <i>-0.305913 0.898483 0.314874 -0.941601 -0.334414 0.0394372 0.140732 -0.284421 0.948314 -1.57022 1.71586 0.731491</i>
                        <i>-0.305422 0.900265 0.310225 -0.941939 -0.333381 0.0401075 0.139531 -0.279964 0.949817 -1.57018 1.7146 0.731149</i>
                        <i>-0.305149 0.901938 0.305602 -0.94218 -0.332608 0.0408587 0.138498 -0.275464 0.951282 -1.57013 1.71318 0.730745</i>
                        <i>-0.305186 0.903371 0.301302 -0.942277 -0.33223 0.0416742 0.137749 -0.271192 0.952618 -1.57007 1.71165 0.730285</i>
                        <i>-0.305628 0.904439 0.297626 -0.942185 -0.332382 0.0425401 0.137401 -0.267417 0.953734 -1.57 1.71006 0.729774</i>
                        <i>-0.306415 0.90525 0.294335 -0.941938 -0.332964 0.0434607 0.137346 -0.263928 0.954714 -1.56993 1.70846 0.729219</i>
                        <i>-0.307399 0.905997 0.29099 -0.941611 -0.333757 0.0444463 0.137388 -0.260337 0.955693 -1.56986 1.7069 0.728625</i>
                        <i>-0.308546 0.906688 0.287604 -0.941216 -0.334727 0.0454938 0.137517 -0.256661 0.956668 -1.56977 1.70541 0.727996</i>
                        <i>-0.309821 0.90733 0.28419 -0.940767 -0.335835 0.0465994 0.137722 -0.252919 0.957635 -1.56969 1.70405 0.727339</i>
                        <i>-0.311188 0.90793 0.280759 -0.940277 -0.337043 0.0477588 0.13799 -0.24913 0.958589 -1.5696 1.70286 0.726659</i>
                        <i>-0.312609 0.908497 0.277324 -0.939759 -0.338314 0.0489666 0.138308 -0.24531 0.959528 -1.56951 1.7019 0.72596</i>
                        <i>-0.314049 0.909042 0.273892 -0.939226 -0.339607 0.0502164 0.138664 -0.241476 0.960449 -1.56941 1.7012 0.72525</i>
                        <i>-0.315469 0.909574 0.270472 -0.938694 -0.340883 0.0515007 0.139043 -0.237643 0.961349 -1.56932 1.70081 0.724532</i>
                        <i>-0.316835 0.910105 0.267067 -0.938177 -0.342104 0.0528107 0.139428 -0.233824 0.96223 -1.56922 1.70072 0.723813</i>
                        <i>-0.318109 0.910648 0.263679 -0.93769 -0.34323 0.0541363 0.139802 -0.230028 0.96309 -1.56912 1.70085 0.723097</i>
                        <i>-0.319257 0.911216 0.260307 -0.937248 -0.344223 0.0554663 0.140146 -0.226265 0.963931 -1.56903 1.70117 0.722389</i>
                        <i>-0.320245 0.911823 0.256948 -0.936867 -0.345044 0.0567885 0.14044 -0.22254 0.964755 -1.56893 1.70167 0.721696</i>
                        <i>-0.321039 0.912482 0.253596 -0.936562 -0.345655 0.0580895 0.140662 -0.21886 0.965564 -1.56884 1.70232 0.721022</i>
                        <i>-0.321606 0.913207 0.250243 -0.936348 -0.34602 0.0593551 0.140793 -0.215226 0.966362 -1.56875 1.70311 0.720371</i>
                        <i>-0.321916 0.914013 0.246881 -0.936239 -0.346104 0.0605702 0.140808 -0.211641 0.967151 -1.56867 1.70401 0.71975</i>
                        <i>-0.321936 0.914913 0.2435 -0.93625 -0.345871 0.0617194 0.140687 -0.208107 0.967935 -1.56859 1.705 0.719164</i>
                        <i>-0.321176 0.916169 0.239749 -0.936589 -0.344762 0.0627762 0.14017 -0.204384 0.968803 -1.56851 1.70607 0.718616</i>
                        <i>-0.319341 0.917926 0.235444 -0.937374 -0.342449 0.0637112 0.13911 -0.200353 0.969797 -1.56844 1.70718 0.718113</i>
                        <i>-0.316701 0.920008 0.230836 -0.938483 -0.339247 0.06451 0.13766 -0.196205 0.970852 -1.56838 1.70833 0.71766</i>
                        <i>-0.313526 0.922249 0.226183 -0.939794 -0.335472 0.0651657 0.135977 -0.192134 0.971903 -1.56832 1.70949 0.71726</i>
                        <i>-0.310079 0.92449 0.22174 -0.94119 -0.331433 0.0656776 0.13421 -0.188334 0.972892 -1.56827 1.71063 0.71692</i>
                        <i>-0.306619 0.926591 0.217748 -0.942565 -0.327427 0.0660501 0.132498 -0.184989 0.973768 -1.56823 1.71174 0.716644</i>
                        <i>-0.303393 0.928423 0.214437 -0.943822 -0.323736 0.0662908 0.130967 -0.182278 0.974486 -1.56821 1.71281 0.716437</i>
                        <i>-0.300639 0.929872 0.212023 -0.944873 -0.320631 0.0664089 0.129733 -0.18037 0.975006 -1.56819 1.71379 0.716304</i>
                        <i>-0.29986 0.930531 0.210228 -0.945206 -0.319621 0.0665388 0.12911 -0.178756 0.975385 -1.56817 1.7136 0.716209</i>
                        <i>-0.299136 0.931303 0.207829 -0.945546 -0.318588 0.0666686 0.128301 -0.176569 0.97589 -1.56816 1.71312 0.716113</i>
                        <i>-0.298484 0.932125 0.205061 -0.945875 -0.317582 0.0667997 0.127389 -0.174024 0.976467 -1.56815 1.7124 0.716016</i>
                        <i>-0.297928 0.932939 0.202148 -0.946175 -0.316658 0.0669342 0.126457 -0.171326 0.977065 -1.56813 1.71146 0.715918</i>
                        <i>-0.297504 0.933686 0.199304 -0.946425 -0.315881 0.0670748 0.125583 -0.168671 0.977639 -1.56812 1.71035 0.71582</i>
                        <i>-0.297261 0.934309 0.19673 -0.946599 -0.315326 0.0672246 0.124843 -0.166241 0.97815 -1.5681 1.7091 0.715722</i>
                        <i>-0.297255 0.934753 0.194617 -0.946671 -0.315075 0.0673876 0.12431 -0.164207 0.978562 -1.56809 1.70776 0.715623</i>
                        <i>-0.297551 0.934963 0.193151 -0.946611 -0.315217 0.0675684 0.124058 -0.162734 0.97884 -1.56808 1.70636 0.715526</i>
                        <i>-0.298216 0.934881 0.19252 -0.946388 -0.315843 0.0677716 0.124165 -0.161989 0.97895 -1.56806 1.70495 0.715428</i>
                        <i>-0.29922 0.934566 0.192493 -0.946021 -0.316893 0.0679949 0.124545 -0.161757 0.97894 -1.56805 1.70355 0.715332</i>
                        <i>-0.300441 0.934129 0.192712 -0.945567 -0.318195 0.0682304 0.125056 -0.161723 0.97888 -1.56804 1.70221 0.715237</i>
                        <i>-0.301841 0.933587 0.193151 -0.945038 -0.319711 0.068476 0.125681 -0.161866 0.978777 -1.56802 1.70096 0.715143</i>
                        <i>-0.303384 0.932955 0.193788 -0.944447 -0.321397 0.0687296 0.126404 -0.162171 0.978633 -1.56801 1.69985 0.715051</i>
                        <i>-0.305031 0.932249 0.194597 -0.943808 -0.323213 0.0689887 0.127211 -0.162619 0.978454 -1.568 1.69892 0.714961</i>
                        <i>-0.306742 0.931487 0.195553 -0.943135 -0.325116 0.0692507 0.128084 -0.163191 0.978245 -1.56798 1.69819 0.714873</i>
                        <i>-0.30848 0.930686 0.196629 -0.942443 -0.327062 0.069513 0.129005 -0.163869 0.978011 -1.56797 1.69772 0.714787</i>
                        <i>-0.310204 0.929866 0.197796 -0.941746 -0.329009 0.0697728 0.129956 -0.164629 0.977757 -1.56796 1.69753 0.714705</i>
                        <i>-0.311878 0.929044 0.19902 -0.94106 -0.330913 0.070027 0.130916 -0.16545 0.97749 -1.56795 1.69767 0.714625</i>
                        <i>-0.313463 0.928242 0.20027 -0.9404 -0.33273 0.0702725 0.131866 -0.166306 0.977217 -1.56794 1.69814 0.714548</i>
                        <i>-0.314922 0.92748 0.201507 -0.939784 -0.334418 0.0705064 0.132781 -0.167169 0.976946 -1.56793 1.69889 0.714475</i>
                        <i>-0.316219 0.92678 0.202695 -0.939226 -0.335934 0.0707253 0.133639 -0.168012 0.976685 -1.56792 1.69986 0.714406</i>
                        <i>-0.31732 0.926163 0.203791 -0.938744 -0.337237 0.0709259 0.134415 -0.168802 0.976442 -1.56791 1.70103 0.714341</i>
                        <i>-0.318189 0.925652 0.204755 -0.938354 -0.338284 0.0711052 0.135084 -0.169507 0.976227 -1.5679 1.70233 0.71428</i>
                        <i>-0.318795 0.925269 0.205542 -0.938071 -0.339035 0.0712596 0.13562 -0.170096 0.97605 -1.56789 1.70372 0.714224</i>
                        <i>-0.319104 0.925036 0.206111 -0.937911 -0.339451 0.0713861 0.135999 -0.170534 0.975921 -1.56788 1.70516 0.714172</i>
                        <i>-0.318428 0.925294 0.205999 -0.938157 -0.338759 0.0714395 0.135887 -0.170511 0.975941 -1.56788 1.70661 0.714126</i>
                        <i>-0.316388 0.926224 0.204957 -0.93896 -0.336536 0.0713936 0.135102 -0.169858 0.976164 -1.56787 1.70801 0.714084</i>
                        <i>-0.313422 0.927604 0.203267 -0.940132 -0.333273 0.0712746 0.133858 -0.168759 0.976526 -1.56787 1.70932 0.714049</i>
                        <i>-0.309963 0.929214 0.20121 -0.94149 -0.329455 0.0711092 0.132365 -0.167396 0.976964 -1.56786 1.71049 0.714019</i>
                        <i>-0.306427 0.930851 0.199048 -0.942862 -0.325547 0.0709243 0.130819 -0.165942 0.97742 -1.56786 1.71148 0.713996</i>
                        <i>-0.303211 0.932334 0.197021 -0.944097 -0.321986 0.0707457 0.129397 -0.164556 0.977843 -1.56786 1.71225 0.713979</i>
                        <i>-0.300693 0.9335 0.195349 -0.945058 -0.31919 0.0705988 0.128257 -0.163387 0.97819 -1.56786 1.71274 0.713968</i>
                        <i>-0.299242 0.934197 0.194242 -0.945614 -0.317559 0.070508 0.127552 -0.162579 0.978417 -1.56785 1.71292 0.713965</i>
                        <i>-0.298461 0.9347 0.193021 -0.945941 -0.316597 0.0704435 0.126954 -0.161562 0.978663 -1.56786 1.71274 0.713969</i>
                        <i>-0.297728 0.935329 0.191097 -0.946283 -0.31559 0.0703626 0.126121 -0.159883 0.979046 -1.56786 1.71225 0.71398</i>
                        <i>-0.297071 0.936002 0.188808 -0.946615 -0.314614 0.0702705 0.125175 -0.157853 0.979497 -1.56786 1.71149 0.713999</i>
                        <i>-0.296535 0.93664 0.186476 -0.946907 -0.313756 0.0701732 0.124235 -0.155766 0.97995 -1.56786 1.71049 0.714024</i>
                        <i>-0.296182 0.937162 0.184402 -0.947125 -0.313119 0.0700775 0.123414 -0.153896 0.980349 -1.56787 1.70932 0.714057</i>
                        <i>-0.296091 0.937491 0.18287 -0.94723 -0.31282 0.0699907 0.122821 -0.152496 0.980643 -1.56787 1.70801 0.714095</i>
                        <i>-0.296357 0.937547 0.182148 -0.94718 -0.312986 0.0699207 0.122564 -0.151806 0.980782 -1.56788 1.70661 0.71414</i>
                        <i>-0.297077 0.93725 0.182506 -0.94693 -0.313752 0.0698752 0.122752 -0.152062 0.980719 -1.56789 1.70517 0.714191</i>
                        <i>-0.29818 0.936676 0.18365 -0.946516 -0.315007 0.0698475 0.123276 -0.153001 0.980507 -1.5679 1.70373 0.714246</i>
                        <i>-0.299509 0.93597 0.18508 -0.946009 -0.316529 0.0698247 0.123937 -0.154174 0.98024 -1.5679 1.70234 0.714307</i>
                        <i>-0.301026 0.935148 0.186765 -0.945425 -0.318276 0.0698043 0.12472 -0.155559 0.979922 -1.56791 1.70104 0.714373</i>
                        <i>-0.302693 0.934226 0.188676 -0.944775 -0.320204 0.0697838 0.125609 -0.157133 0.979557 -1.56792 1.69988 0.714443</i>
                        <i>-0.304468 0.933221 0.190781 -0.944074 -0.32227 0.0697608 0.126585 -0.158872 0.979151 -1.56793 1.6989 0.714517</i>
                        <i>-0.306311 0.932151 0.19305 -0.943336 -0.324429 0.0697331 0.127633 -0.160751 0.978708 -1.56794 1.69816 0.714596</i>
                        <i>-0.308184 0.931033 0.195449 -0.942577 -0.326636 0.0696983 0.128732 -0.162746 0.978234 -1.56796 1.69769 0.714677</i>
                        <i>-0.310044 0.929888 0.197942 -0.941811 -0.328847 0.0696545 0.129863 -0.164828 0.977736 -1.56797 1.69755 0.714762</i>
                        <i>-0.311854 0.928736 0.200492 -0.941055 -0.331015 0.0695997 0.131006 -0.166969 0.97722 -1.56798 1.6977 0.71485</i>
                        <i>-0.313572 0.927599 0.203058 -0.940326 -0.333095 0.0695321 0.132136 -0.169138 0.976695 -1.56799 1.69808 0.71494</i>
                        <i>-0.315161 0.9265 0.205599 -0.93964 -0.335043 0.0694503 0.13323 -0.171301 0.976169 -1.56801 1.69865 0.715033</i>
                        <i>-0.316584 0.925463 0.20807 -0.939014 -0.336812 0.0693528 0.134264 -0.173424 0.975652 -1.56802 1.6994 0.715128</i>
