<?xml version="1.0" encoding="ISO-8859-1" ?>
<Animl Version="1">
    <ModellingPackage><![CDATA[Maya.2010]]></ModellingPackage>
    <SrcFile><![CDATA[anims\turrets\machinegun\blue\~src\mgun_m60\mgun_m60_idle_alt_crewman_c.mb]]></SrcFile>
    <FramesPerSecond>30</FramesPerSecond>
    <TotalFrames>120</TotalFrames>
    <Skeleton>
        <RefFrame>
            <Name><![CDATA[soldier_ref_frame]]></Name>
            <Exclude>0</Exclude>
            <Additive>0</Additive>
            <IKPriority>0</IKPriority>
            <IKRotLimits>-1e+010 -1e+010 -1e+010 1e+010 1e+010 1e+010</IKRotLimits>
            <IKRotLimitOrder>0</IKRotLimitOrder>
            <KeyFrames count="120">
                <i>1 0 0 0 1 0 0 0 1 -1.51 0.91 -0.74</i>
                <i>1 0 0 0 1 0 0 0 1 -1.51 0.91 -0.74</i>
                <i>1 0 0 0 1 0 0 0 1 -1.51 0.91 -0.74</i>
                <i>1 0 0 0 1 0 0 0 1 -1.51 0.91 -0.74</i>
                <i>1 0 0 0 1 0 0 0 1 -1.51 0.91 -0.74</i>
                <i>1 0 0 0 1 0 0 0 1 -1.51 0.91 -0.74</i>
                <i>1 0 0 0 1 0 0 0 1 -1.51 0.91 -0.74</i>
                <i>1 0 0 0 1 0 0 0 1 -1.51 0.91 -0.74</i>
                <i>1 0 0 0 1 0 0 0 1 -1.51 0.91 -0.74</i>
                <i>1 0 0 0 1 0 0 0 1 -1.51 0.91 -0.74</i>
                <i>1 0 0 0 1 0 0 0 1 -1.51 0.91 -0.74</i>
                <i>1 0 0 0 1 0 0 0 1 -1.51 0.91 -0.74</i>
                <i>1 0 0 0 1 0 0 0 1 -1.51 0.91 -0.74</i>
                <i>1 0 0 0 1 0 0 0 1 -1.51 0.91 -0.74</i>
                <i>1 0 0 0 1 0 0 0 1 -1.51 0.91 -0.74</i>
                <i>1 0 0 0 1 0 0 0 1 -1.51 0.91 -0.74</i>
                <i>1 0 0 0 1 0 0 0 1 -1.51 0.91 -0.74</i>
                <i>1 0 0 0 1 0 0 0 1 -1.51 0.91 -0.74</i>
                <i>1 0 0 0 1 0 0 0 1 -1.51 0.91 -0.74</i>
                <i>1 0 0 0 1 0 0 0 1 -1.51 0.91 -0.74</i>
                <i>1 0 0 0 1 0 0 0 1 -1.51 0.91 -0.74</i>
                <i>1 0 0 0 1 0 0 0 1 -1.51 0.91 -0.74</i>
                <i>1 0 0 0 1 0 0 0 1 -1.51 0.91 -0.74</i>
                <i>1 0 0 0 1 0 0 0 1 -1.51 0.91 -0.74</i>
                <i>1 0 0 0 1 0 0 0 1 -1.51 0.91 -0.74</i>
                <i>1 0 0 0 1 0 0 0 1 -1.51 0.91 -0.74</i>
                <i>1 0 0 0 1 0 0 0 1 -1.51 0.91 -0.74</i>
                <i>1 0 0 0 1 0 0 0 1 -1.51 0.91 -0.74</i>
                <i>1 0 0 0 1 0 0 0 1 -1.51 0.91 -0.74</i>
                <i>1 0 0 0 1 0 0 0 1 -1.51 0.91 -0.74</i>
                <i>1 0 0 0 1 0 0 0 1 -1.51 0.91 -0.74</i>
                <i>1 0 0 0 1 0 0 0 1 -1.51 0.91 -0.74</i>
                <i>1 0 0 0 1 0 0 0 1 -1.51 0.91 -0.74</i>
                <i>1 0 0 0 1 0 0 0 1 -1.51 0.91 -0.74</i>
                <i>1 0 0 0 1 0 0 0 1 -1.51 0.91 -0.74</i>
                <i>1 0 0 0 1 0 0 0 1 -1.51 0.91 -0.74</i>
                <i>1 0 0 0 1 0 0 0 1 -1.51 0.91 -0.74</i>
                <i>1 0 0 0 1 0 0 0 1 -1.51 0.91 -0.74</i>
                <i>1 0 0 0 1 0 0 0 1 -1.51 0.91 -0.74</i>
                <i>1 0 0 0 1 0 0 0 1 -1.51 0.91 -0.74</i>
                <i>1 0 0 0 1 0 0 0 1 -1.51 0.91 -0.74</i>
                <i>1 0 0 0 1 0 0 0 1 -1.51 0.91 -0.74</i>
                <i>1 0 0 0 1 0 0 0 1 -1.51 0.91 -0.74</i>
                <i>1 0 0 0 1 0 0 0 1 -1.51 0.91 -0.74</i>
                <i>1 0 0 0 1 0 0 0 1 -1.51 0.91 -0.74</i>
                <i>1 0 0 0 1 0 0 0 1 -1.51 0.91 -0.74</i>
                <i>1 0 0 0 1 0 0 0 1 -1.51 0.91 -0.74</i>
                <i>1 0 0 0 1 0 0 0 1 -1.51 0.91 -0.74</i>
                <i>1 0 0 0 1 0 0 0 1 -1.51 0.91 -0.74</i>
                <i>1 0 0 0 1 0 0 0 1 -1.51 0.91 -0.74</i>
                <i>1 0 0 0 1 0 0 0 1 -1.51 0.91 -0.74</i>
                <i>1 0 0 0 1 0 0 0 1 -1.51 0.91 -0.74</i>
                <i>1 0 0 0 1 0 0 0 1 -1.51 0.91 -0.74</i>
                <i>1 0 0 0 1 0 0 0 1 -1.51 0.91 -0.74</i>
                <i>1 0 0 0 1 0 0 0 1 -1.51 0.91 -0.74</i>
                <i>1 0 0 0 1 0 0 0 1 -1.51 0.91 -0.74</i>
                <i>1 0 0 0 1 0 0 0 1 -1.51 0.91 -0.74</i>
                <i>1 0 0 0 1 0 0 0 1 -1.51 0.91 -0.74</i>
                <i>1 0 0 0 1 0 0 0 1 -1.51 0.91 -0.74</i>
                <i>1 0 0 0 1 0 0 0 1 -1.51 0.91 -0.74</i>
                <i>1 0 0 0 1 0 0 0 1 -1.51 0.91 -0.74</i>
                <i>1 0 0 0 1 0 0 0 1 -1.51 0.91 -0.74</i>
                <i>1 0 0 0 1 0 0 0 1 -1.51 0.91 -0.74</i>
                <i>1 0 0 0 1 0 0 0 1 -1.51 0.91 -0.74</i>
                <i>1 0 0 0 1 0 0 0 1 -1.51 0.91 -0.74</i>
                <i>1 0 0 0 1 0 0 0 1 -1.51 0.91 -0.74</i>
                <i>1 0 0 0 1 0 0 0 1 -1.51 0.91 -0.74</i>
                <i>1 0 0 0 1 0 0 0 1 -1.51 0.91 -0.74</i>
                <i>1 0 0 0 1 0 0 0 1 -1.51 0.91 -0.74</i>
                <i>1 0 0 0 1 0 0 0 1 -1.51 0.91 -0.74</i>
                <i>1 0 0 0 1 0 0 0 1 -1.51 0.91 -0.74</i>
                <i>1 0 0 0 1 0 0 0 1 -1.51 0.91 -0.74</i>
                <i>1 0 0 0 1 0 0 0 1 -1.51 0.91 -0.74</i>
                <i>1 0 0 0 1 0 0 0 1 -1.51 0.91 -0.74</i>
                <i>1 0 0 0 1 0 0 0 1 -1.51 0.91 -0.74</i>
                <i>1 0 0 0 1 0 0 0 1 -1.51 0.91 -0.74</i>
                <i>1 0 0 0 1 0 0 0 1 -1.51 0.91 -0.74</i>
                <i>1 0 0 0 1 0 0 0 1 -1.51 0.91 -0.74</i>
                <i>1 0 0 0 1 0 0 0 1 -1.51 0.91 -0.74</i>
                <i>1 0 0 0 1 0 0 0 1 -1.51 0.91 -0.74</i>
                <i>1 0 0 0 1 0 0 0 1 -1.51 0.91 -0.74</i>
                <i>1 0 0 0 1 0 0 0 1 -1.51 0.91 -0.74</i>
                <i>1 0 0 0 1 0 0 0 1 -1.51 0.91 -0.74</i>
                <i>1 0 0 0 1 0 0 0 1 -1.51 0.91 -0.74</i>
                <i>1 0 0 0 1 0 0 0 1 -1.51 0.91 -0.74</i>
                <i>1 0 0 0 1 0 0 0 1 -1.51 0.91 -0.74</i>
                <i>1 0 0 0 1 0 0 0 1 -1.51 0.91 -0.74</i>
                <i>1 0 0 0 1 0 0 0 1 -1.51 0.91 -0.74</i>
                <i>1 0 0 0 1 0 0 0 1 -1.51 0.91 -0.74</i>
                <i>1 0 0 0 1 0 0 0 1 -1.51 0.91 -0.74</i>
                <i>1 0 0 0 1 0 0 0 1 -1.51 0.91 -0.74</i>
                <i>1 0 0 0 1 0 0 0 1 -1.51 0.91 -0.74</i>
                <i>1 0 0 0 1 0 0 0 1 -1.51 0.91 -0.74</i>
                <i>1 0 0 0 1 0 0 0 1 -1.51 0.91 -0.74</i>
                <i>1 0 0 0 1 0 0 0 1 -1.51 0.91 -0.74</i>
                <i>1 0 0 0 1 0 0 0 1 -1.51 0.91 -0.74</i>
                <i>1 0 0 0 1 0 0 0 1 -1.51 0.91 -0.74</i>
                <i>1 0 0 0 1 0 0 0 1 -1.51 0.91 -0.74</i>
                <i>1 0 0 0 1 0 0 0 1 -1.51 0.91 -0.74</i>
                <i>1 0 0 0 1 0 0 0 1 -1.51 0.91 -0.74</i>
                <i>1 0 0 0 1 0 0 0 1 -1.51 0.91 -0.74</i>
                <i>1 0 0 0 1 0 0 0 1 -1.51 0.91 -0.74</i>
                <i>1 0 0 0 1 0 0 0 1 -1.51 0.91 -0.74</i>
                <i>1 0 0 0 1 0 0 0 1 -1.51 0.91 -0.74</i>
                <i>1 0 0 0 1 0 0 0 1 -1.51 0.91 -0.74</i>
                <i>1 0 0 0 1 0 0 0 1 -1.51 0.91 -0.74</i>
                <i>1 0 0 0 1 0 0 0 1 -1.51 0.91 -0.74</i>
                <i>1 0 0 0 1 0 0 0 1 -1.51 0.91 -0.74</i>
                <i>1 0 0 0 1 0 0 0 1 -1.51 0.91 -0.74</i>
                <i>1 0 0 0 1 0 0 0 1 -1.51 0.91 -0.74</i>
                <i>1 0 0 0 1 0 0 0 1 -1.51 0.91 -0.74</i>
                <i>1 0 0 0 1 0 0 0 1 -1.51 0.91 -0.74</i>
                <i>1 0 0 0 1 0 0 0 1 -1.51 0.91 -0.74</i>
                <i>1 0 0 0 1 0 0 0 1 -1.51 0.91 -0.74</i>
                <i>1 0 0 0 1 0 0 0 1 -1.51 0.91 -0.74</i>
                <i>1 0 0 0 1 0 0 0 1 -1.51 0.91 -0.74</i>
                <i>1 0 0 0 1 0 0 0 1 -1.51 0.91 -0.74</i>
                <i>1 0 0 0 1 0 0 0 1 -1.51 0.91 -0.74</i>
                <i>1 0 0 0 1 0 0 0 1 -1.51 0.91 -0.74</i>
                <i>1 0 0 0 1 0 0 0 1 -1.51 0.91 -0.74</i>
            </KeyFrames>
        </RefFrame>
        <Bones count="23">
            <i>
                <p>
                    <Name><![CDATA[pelvis]]></Name>
                    <Exclude>0</Exclude>
                    <Additive>0</Additive>
                    <IKPriority>0</IKPriority>
                    <IKRotLimits>-1e+010 -1e+010 -1e+010 1e+010 1e+010 1e+010</IKRotLimits>
                    <IKRotLimitOrder>2</IKRotLimitOrder>
                    <KeyFrames count="120">
                        <i>1 0 0 0 1 0 0 0 1 -1.49595 1.72837 -0.838397</i>
                        <i>1 0 0 0 1 0 0 0 1 -1.49595 1.70911 -0.838397</i>
                        <i>1 0 0 0 1 0 0 0 1 -1.49595 1.68754 -0.838397</i>
                        <i>1 0 0 0 1 0 0 0 1 -1.49595 1.67057 -0.838397</i>
                        <i>1 0 0 0 1 0 0 0 1 -1.49595 1.66511 -0.838397</i>
                        <i>1 0 0 0 1 0 0 0 1 -1.49595 1.67532 -0.838397</i>
                        <i>1 0 0 0 1 0 0 0 1 -1.49595 1.69611 -0.838397</i>
                        <i>1 0 0 0 1 0 0 0 1 -1.49595 1.72045 -0.838397</i>
                        <i>1 0 0 0 1 0 0 0 1 -1.49595 1.7413 -0.838397</i>
                        <i>1 0 0 0 1 0 0 0 1 -1.49595 1.75162 -0.838397</i>
                        <i>1 0 0 0 1 0 0 0 1 -1.49595 1.75254 -0.838397</i>
                        <i>1 0 0 0 1 0 0 0 1 -1.49595 1.75033 -0.838397</i>
                        <i>1 0 0 0 1 0 0 0 1 -1.49595 1.7457 -0.838397</i>
                        <i>1 0 0 0 1 0 0 0 1 -1.49595 1.73938 -0.838397</i>
                        <i>1 0 0 0 1 0 0 0 1 -1.49595 1.73208 -0.838397</i>
                        <i>1 0 0 0 1 0 0 0 1 -1.49595 1.72451 -0.838397</i>
                        <i>1 0 0 0 1 0 0 0 1 -1.49595 1.7174 -0.838397</i>
                        <i>1 0 0 0 1 0 0 0 1 -1.49595 1.71146 -0.838397</i>
                        <i>1 0 0 0 1 0 0 0 1 -1.49595 1.70741 -0.838397</i>
                        <i>1 0 0 0 1 0 0 0 1 -1.49595 1.70596 -0.838397</i>
                        <i>1 0 0 0 1 0 0 0 1 -1.49595 1.70738 -0.838397</i>
                        <i>1 0 0 0 1 0 0 0 1 -1.49595 1.71108 -0.838397</i>
                        <i>1 0 0 0 1 0 0 0 1 -1.49595 1.71648 -0.838397</i>
                        <i>1 0 0 0 1 0 0 0 1 -1.49595 1.72301 -0.838397</i>
                        <i>1 0 0 0 1 0 0 0 1 -1.49595 1.73008 -0.838397</i>
                        <i>1 0 0 0 1 0 0 0 1 -1.49595 1.73712 -0.838397</i>
                        <i>1 0 0 0 1 0 0 0 1 -1.49595 1.74357 -0.838397</i>
                        <i>1 0 0 0 1 0 0 0 1 -1.49595 1.74883 -0.838397</i>
                        <i>1 0 0 0 1 0 0 0 1 -1.49595 1.75235 -0.838397</i>
                        <i>1 0 0 0 1 0 0 0 1 -1.49595 1.75353 -0.838397</i>
                        <i>1 0 0 0 1 0 0 0 1 -1.49595 1.75022 -0.838397</i>
                        <i>1 0 0 0 1 0 0 0 1 -1.49595 1.7418 -0.838397</i>
                        <i>1 0 0 0 1 0 0 0 1 -1.49595 1.73002 -0.838397</i>
                        <i>1 0 0 0 1 0 0 0 1 -1.49595 1.71664 -0.838397</i>
                        <i>1 0 0 0 1 0 0 0 1 -1.49595 1.7034 -0.838397</i>
                        <i>1 0 0 0 1 0 0 0 1 -1.49595 1.68807 -0.838397</i>
                        <i>1 0 0 0 1 0 0 0 1 -1.49595 1.66948 -0.838397</i>
                        <i>1 0 0 0 1 0 0 0 1 -1.49595 1.65098 -0.838397</i>
                        <i>1 0 0 0 1 0 0 0 1 -1.49595 1.63594 -0.838397</i>
                        <i>1 0 0 0 1 0 0 0 1 -1.49595 1.6277 -0.838397</i>
                        <i>1 0 0 0 1 0 0 0 1 -1.49595 1.62472 -0.838397</i>
                        <i>1 0 0 0 1 0 0 0 1 -1.49595 1.62315 -0.838397</i>
                        <i>1 0 0 0 1 0 0 0 1 -1.49595 1.62288 -0.838397</i>
                        <i>1 0 0 0 1 0 0 0 1 -1.49595 1.62379 -0.838397</i>
                        <i>1 0 0 0 1 0 0 0 1 -1.49595 1.62577 -0.838397</i>
                        <i>1 0 0 0 1 0 0 0 1 -1.49595 1.62869 -0.838397</i>
                        <i>1 0 0 0 1 0 0 0 1 -1.49595 1.63244 -0.838397</i>
                        <i>1 0 0 0 1 0 0 0 1 -1.49595 1.63691 -0.838397</i>
                        <i>1 0 0 0 1 0 0 0 1 -1.49595 1.64198 -0.838397</i>
                        <i>1 0 0 0 1 0 0 0 1 -1.49595 1.64754 -0.838397</i>
                        <i>1 0 0 0 1 0 0 0 1 -1.49595 1.6577 -0.838397</i>
                        <i>1 0 0 0 1 0 0 0 1 -1.49595 1.67377 -0.838397</i>
                        <i>1 0 0 0 1 0 0 0 1 -1.49595 1.69141 -0.838397</i>
                        <i>1 0 0 0 1 0 0 0 1 -1.49595 1.70628 -0.838397</i>
                        <i>1 0 0 0 1 0 0 0 1 -1.49595 1.71405 -0.838397</i>
                        <i>1 0 0 0 1 0 0 0 1 -1.49595 1.71237 -0.838397</i>
                        <i>1 0 0 0 1 0 0 0 1 -1.49595 1.70415 -0.838397</i>
                        <i>1 0 0 0 1 0 0 0 1 -1.49595 1.69287 -0.838397</i>
                        <i>1 0 0 0 1 0 0 0 1 -1.49595 1.68206 -0.838397</i>
                        <i>1 0 0 0 1 0 0 0 1 -1.49595 1.67522 -0.838397</i>
                        <i>1 0 0 0 1 0 0 0 1 -1.49595 1.67176 -0.838397</i>
                        <i>1 0 0 0 1 0 0 0 1 -1.49595 1.66876 -0.838397</i>
                        <i>1 0 0 0 1 0 0 0 1 -1.49595 1.66619 -0.838397</i>
                        <i>1 0 0 0 1 0 0 0 1 -1.49595 1.66405 -0.838397</i>
                        <i>1 0 0 0 1 0 0 0 1 -1.49595 1.66229 -0.838397</i>
                        <i>1 0 0 0 1 0 0 0 1 -1.49595 1.6609 -0.838397</i>
                        <i>1 0 0 0 1 0 0 0 1 -1.49595 1.65986 -0.838397</i>
                        <i>1 0 0 0 1 0 0 0 1 -1.49595 1.65915 -0.838397</i>
                        <i>1 0 0 0 1 0 0 0 1 -1.49595 1.65874 -0.838397</i>
                        <i>1 0 0 0 1 0 0 0 1 -1.49595 1.65861 -0.838397</i>
                        <i>1 0 0 0 1 0 0 0 1 -1.49595 1.65906 -0.838397</i>
                        <i>1 0 0 0 1 0 0 0 1 -1.49595 1.66028 -0.838397</i>
                        <i>1 0 0 0 1 0 0 0 1 -1.49595 1.66209 -0.838397</i>
                        <i>1 0 0 0 1 0 0 0 1 -1.49595 1.66429 -0.838397</i>
                        <i>1 0 0 0 1 0 0 0 1 -1.49595 1.6667 -0.838397</i>
                        <i>1 0 0 0 1 0 0 0 1 -1.49595 1.66913 -0.838397</i>
                        <i>1 0 0 0 1 0 0 0 1 -1.49595 1.67138 -0.838397</i>
                        <i>1 0 0 0 1 0 0 0 1 -1.49595 1.67327 -0.838397</i>
                        <i>1 0 0 0 1 0 0 0 1 -1.49595 1.67461 -0.838397</i>
                        <i>1 0 0 0 1 0 0 0 1 -1.49595 1.67522 -0.838397</i>
                        <i>1 0 0 0 1 0 0 0 1 -1.49595 1.67498 -0.838397</i>
                        <i>1 0 0 0 1 0 0 0 1 -1.49595 1.67405 -0.838397</i>
                        <i>1 0 0 0 1 0 0 0 1 -1.49595 1.6726 -0.838397</i>
                        <i>1 0 0 0 1 0 0 0 1 -1.49595 1.67079 -0.838397</i>
                        <i>1 0 0 0 1 0 0 0 1 -1.49595 1.6688 -0.838397</i>
                        <i>1 0 0 0 1 0 0 0 1 -1.49595 1.66679 -0.838397</i>
                        <i>1 0 0 0 1 0 0 0 1 -1.49595 1.66493 -0.838397</i>
                        <i>1 0 0 0 1 0 0 0 1 -1.49595 1.6634 -0.838397</i>
                        <i>1 0 0 0 1 0 0 0 1 -1.49595 1.66235 -0.838397</i>
                        <i>1 0 0 0 1 0 0 0 1 -1.49595 1.66197 -0.838397</i>
                        <i>1 0 0 0 1 0 0 0 1 -1.49595 1.66184 -0.838397</i>
                        <i>1 0 0 0 1 0 0 0 1 -1.49595 1.66156 -0.838397</i>
                        <i>1 0 0 0 1 0 0 0 1 -1.49595 1.66132 -0.838397</i>
                        <i>1 0 0 0 1 0 0 0 1 -1.49595 1.66128 -0.838397</i>
                        <i>1 0 0 0 1 0 0 0 1 -1.49595 1.66162 -0.838397</i>
                        <i>1 0 0 0 1 0 0 0 1 -1.49595 1.66253 -0.838397</i>
                        <i>1 0 0 0 1 0 0 0 1 -1.49595 1.66416 -0.838397</i>
                        <i>1 0 0 0 1 0 0 0 1 -1.49595 1.6667 -0.838397</i>
                        <i>1 0 0 0 1 0 0 0 1 -1.49595 1.67033 -0.838397</i>
                        <i>1 0 0 0 1 0 0 0 1 -1.49595 1.67522 -0.838397</i>
                        <i>1 0 0 0 1 0 0 0 1 -1.49595 1.68525 -0.838397</i>
                        <i>1 0 0 0 1 0 0 0 1 -1.49595 1.70144 -0.838397</i>
                        <i>1 0 0 0 1 0 0 0 1 -1.49595 1.71965 -0.838397</i>
                        <i>1 0 0 0 1 0 0 0 1 -1.49595 1.73574 -0.838397</i>
                        <i>1 0 0 0 1 0 0 0 1 -1.49595 1.74557 -0.838397</i>
                        <i>1 0 0 0 1 0 0 0 1 -1.49595 1.74778 -0.838397</i>
                        <i>1 0 0 0 1 0 0 0 1 -1.49595 1.74513 -0.838397</i>
                        <i>1 0 0 0 1 0 0 0 1 -1.49595 1.73966 -0.838397</i>
                        <i>1 0 0 0 1 0 0 0 1 -1.49595 1.7334 -0.838397</i>
                        <i>1 0 0 0 1 0 0 0 1 -1.49595 1.72837 -0.838397</i>
                        <i>1 0 0 0 1 0 0 0 1 -1.49595 1.72391 -0.838397</i>
                        <i>1 0 0 0 1 0 0 0 1 -1.49595 1.71864 -0.838397</i>
                        <i>1 0 0 0 1 0 0 0 1 -1.49595 1.71361 -0.838397</i>
                        <i>1 0 0 0 1 0 0 0 1 -1.49595 1.70983 -0.838397</i>
                        <i>1 0 0 0 1 0 0 0 1 -1.49595 1.70834 -0.838397</i>
                        <i>1 0 0 0 1 0 0 0 1 -1.49595 1.70978 -0.838397</i>
                        <i>1 0 0 0 1 0 0 0 1 -1.49595 1.71347 -0.838397</i>
                        <i>1 0 0 0 1 0 0 0 1 -1.49595 1.71844 -0.838397</i>
                        <i>1 0 0 0 1 0 0 0 1 -1.49595 1.72373 -0.838397</i>
                        <i>1 0 0 0 1 0 0 0 1 -1.49595 1.72837 -0.838397</i>
                    </KeyFrames>
                </p>
            </i>
            <i>
                <p>
                    <Name><![CDATA[spine0]]></Name>
                    <Exclude>0</Exclude>
                    <Additive>0</Additive>
                    <IKPriority>0</IKPriority>
                    <IKRotLimits>-1e+010 -1e+010 -1e+010 1e+010 1e+010 1e+010</IKRotLimits>
                    <IKRotLimitOrder>0</IKRotLimitOrder>
                    <KeyFrames count="120">
                        <i>0.0434342 0.981897 0.18437 -0.989588 0.0169363 0.142931 0.137221 -0.188659 0.972409 -1.5031 1.87108 -0.855153</i>
                        <i>0.0218055 0.98257 0.184612 -0.990015 -0.00450079 0.140891 0.139266 -0.185841 0.97266 -1.50608 1.85186 -0.853085</i>
                        <i>0.00214206 0.982319 0.187204 -0.9903 -0.0239242 0.136869 0.138927 -0.185682 0.972739 -1.50937 1.83022 -0.850938</i>
                        <i>-0.0121685 0.981138 0.192926 -0.990317 -0.0385085 0.133375 0.138289 -0.189435 0.972106 -1.51201 1.81314 -0.84896</i>
                        <i>-0.0181836 0.979584 0.200211 -0.990127 -0.0454792 0.132593 0.138992 -0.195824 0.970739 -1.51301 1.80767 -0.847408</i>
                        <i>-0.0150921 0.978436 0.205999 -0.989873 -0.0437039 0.13506 0.141151 -0.201875 0.969187 -1.51182 1.81809 -0.846281</i>
                        <i>-0.00524578 0.977691 0.209981 -0.989611 -0.0352449 0.139381 0.143672 -0.207068 0.967719 -1.50917 1.83919 -0.845392</i>
                        <i>0.00839032 0.976788 0.214043 -0.989237 -0.0231624 0.144479 0.146083 -0.212952 0.96608 -1.50594 1.86382 -0.84472</i>
                        <i>0.0217506 0.975518 0.21884 -0.988757 -0.0114006 0.149093 0.147938 -0.219623 0.964303 -1.50303 1.88486 -0.844241</i>
                        <i>0.0304277 0.974179 0.223717 -0.988381 -0.00402262 0.151946 0.148923 -0.225741 0.962737 -1.50133 1.89528 -0.843933</i>
                        <i>0.0347715 0.973425 0.226349 -0.988169 -0.000363843 0.153366 0.149373 -0.229004 0.961896 -1.50069 1.89623 -0.843746</i>
                        <i>0.038004 0.973449 0.225727 -0.987991 0.00274795 0.15449 0.149768 -0.228888 0.961863 -1.50032 1.89403 -0.843638</i>
                        <i>0.0403014 0.974027 0.222818 -0.987845 0.00533556 0.155349 0.150125 -0.226371 0.962403 -1.50017 1.88941 -0.843594</i>
                        <i>0.0418205 0.97492 0.218592 -0.987735 0.0074006 0.155965 0.150435 -0.222433 0.963272 -1.50019 1.88309 -0.843601</i>
                        <i>0.0427391 0.975905 0.213967 -0.987658 0.00897058 0.156366 0.150679 -0.21801 0.964245 -1.50034 1.87578 -0.843645</i>
                        <i>0.0440826 0.975982 0.213344 -0.987597 0.0103602 0.15667 0.150697 -0.217604 0.964333 -1.50057 1.8682 -0.843712</i>
                        <i>0.0463995 0.974569 0.219233 -0.987538 0.0117124 0.156942 0.150383 -0.223783 0.962968 -1.50083 1.86108 -0.843788</i>
                        <i>0.0489231 0.972177 0.22908 -0.987501 0.0126757 0.1571 0.149826 -0.233903 0.960647 -1.50108 1.85512 -0.843859</i>
                        <i>0.0508535 0.96972 0.238867 -0.987492 0.013082 0.157123 0.149241 -0.24387 0.958256 -1.50126 1.85106 -0.843912</i>
                        <i>0.0514994 0.968558 0.243401 -0.987501 0.0130346 0.15707 0.148959 -0.248448 0.957123 -1.50133 1.84961 -0.843933</i>
                        <i>0.0511885 0.968868 0.242229 -0.987396 0.0127259 0.157758 0.149764 -0.247251 0.957307 -1.50135 1.85104 -0.843877</i>
                        <i>0.0506184 0.96976 0.238752 -0.987106 0.0122301 0.159603 0.151857 -0.243752 0.957875 -1.50139 1.85474 -0.843735</i>
                        <i>0.0497054 0.971098 0.23345 -0.98671 0.0115405 0.162081 0.154703 -0.238403 0.958765 -1.50144 1.86015 -0.843544</i>
                        <i>0.0483797 0.972736 0.226815 -0.986291 0.0106568 0.164673 0.157766 -0.231672 0.959916 -1.50149 1.86668 -0.84334</i>
                        <i>0.0466251 0.974539 0.219317 -0.985932 0.00961705 0.166868 0.16051 -0.224012 0.961278 -1.50154 1.87375 -0.843161</i>
                        <i>0.0445002 0.976391 0.211378 -0.98572 0.0085169 0.168177 0.162406 -0.215843 0.962827 -1.50157 1.8808 -0.843044</i>
                        <i>0.0421427 0.978199 0.203348 -0.985736 0.00751613 0.168132 0.162938 -0.207533 0.964563 -1.50157 1.88724 -0.843025</i>
                        <i>0.0397593 0.979897 0.195504 -0.986055 0.00683367 0.16628 0.161602 -0.199389 0.966503 -1.50154 1.89251 -0.843142</i>
                        <i>0.0376059 0.98144 0.188049 -0.986737 0.00673315 0.162186 0.15791 -0.191654 0.968676 -1.50147 1.89601 -0.843432</i>
                        <i>0.0359608 0.9828 0.181136 -0.987821 0.00750094 0.155413 0.151382 -0.184518 0.971101 -1.50133 1.89718 -0.843933</i>
                        <i>0.0361759 0.983385 0.177894 -0.989362 0.0101433 0.145122 0.140907 -0.181251 0.97329 -1.5011 1.89385 -0.844726</i>
                        <i>0.0386312 0.982987 0.179568 -0.991233 0.014974 0.131277 0.126355 -0.183065 0.974947 -1.50076 1.88539 -0.845821</i>
                        <i>0.0421363 0.98211 0.183533 -0.993182 0.0211893 0.114632 0.108692 -0.187112 0.976307 -1.50031 1.87355 -0.847144</i>
                        <i>0.0456544 0.981321 0.186882 -0.994989 0.0280128 0.0959755 0.0889476 -0.190328 0.977683 -1.49975 1.86009 -0.848623</i>
                        <i>0.0485078 0.981306 0.186238 -0.996487 0.0348027 0.0761675 0.0682621 -0.189278 0.979548 -1.49911 1.84674 -0.85018</i>
                        <i>0.0506472 0.982531 0.179074 -0.997571 0.0411852 0.0561692 0.0478128 -0.181484 0.982231 -1.4984 1.83129 -0.85174</i>
                        <i>0.0526759 0.984444 0.167618 -0.998203 0.047106 0.0370365 0.0285645 -0.169268 0.985156 -1.49767 1.81256 -0.853223</i>
                        <i>0.054823 0.986319 0.155463 -0.998431 0.0523764 0.0197933 0.0113799 -0.156305 0.987643 -1.49697 1.79393 -0.854555</i>
                        <i>0.0567747 0.987629 0.14617 -0.998383 0.0565914 0.00541541 -0.00292357 -0.146242 0.989245 -1.49636 1.77876 -0.855658</i>
                        <i>0.0578942 0.988004 0.143163 -0.998231 0.0592389 -0.00514425 -0.0135633 -0.142612 0.989686 -1.49589 1.77042 -0.856459</i>
                        <i>0.0582894 0.987648 0.145447 -0.998077 0.0607298 -0.012392 -0.0210718 -0.144445 0.989289 -1.49554 1.76737 -0.856971</i>
                        <i>0.0585005 0.987031 0.149493 -0.997933 0.0618099 -0.0175839 -0.026596 -0.148156 0.988606 -1.49523 1.76577 -0.857281</i>
                        <i>0.0585193 0.986203 0.15485 -0.997827 0.0624892 -0.020891 -0.0302792 -0.153291 0.987717 -1.49498 1.76548 -0.857422</i>
                        <i>0.0583467 0.985218 0.161062 -0.997775 0.0627667 -0.0224882 -0.0322651 -0.159391 0.986688 -1.49481 1.76638 -0.857427</i>
                        <i>0.0579801 0.984137 0.167671 -0.997782 0.0626265 -0.0225531 -0.032696 -0.165991 0.985585 -1.49471 1.76837 -0.857329</i>
                        <i>0.0574035 0.983034 0.174207 -0.997847 0.0620372 -0.0212661 -0.0317127 -0.172611 0.984479 -1.49472 1.77132 -0.857162</i>
                        <i>0.0565819 0.982002 0.180195 -0.997963 0.060953 -0.0188092 -0.0294541 -0.178764 0.983451 -1.49483 1.7751 -0.856959</i>
                        <i>0.0554575 0.981145 0.185148 -0.998121 0.0593167 -0.0153659 -0.0260585 -0.183948 0.98259 -1.49505 1.7796 -0.856752</i>
                        <i>0.0539504 0.980576 0.188576 -0.998309 0.0570647 -0.0111204 -0.0216654 -0.187657 0.981996 -1.4954 1.78469 -0.856574</i>
                        <i>0.0519629 0.98041 0.189987 -0.998514 0.0541348 -0.00625642 -0.0164188 -0.18938 0.981767 -1.49589 1.79026 -0.856459</i>
                        <i>0.0467307 0.979629 0.195306 -0.998884 0.0471753 0.00237727 -0.00688476 -0.195199 0.98074 -1.49707 1.80044 -0.856297</i>
                        <i>0.0380359 0.977463 0.207651 -0.999237 0.0353553 0.0166063 0.00889049 -0.208124 0.978062 -1.49908 1.81651 -0.856016</i>
                        <i>0.0294792 0.97454 0.222268 -0.999162 0.0224111 0.0342559 0.0284024 -0.223092 0.974384 -1.50134 1.83412 -0.8557</i>
                        <i>0.0239835 0.971866 0.234311 -0.998519 0.0118411 0.0530918 0.0488236 -0.235237 0.970711 -1.50325 1.84894 -0.855437</i>
                        <i>0.0234935 0.970731 0.239019 -0.997469 0.00671061 0.0707886 0.0671127 -0.240077 0.968431 -1.50426 1.85667 -0.855314</i>
                        <i>0.0295772 0.971809 0.233908 -0.995983 0.00886703 0.0891006 0.0845146 -0.235604 0.968167 -1.50397 1.85502 -0.855241</i>
                        <i>0.0401182 0.974143 0.222344 -0.99386 0.0159386 0.109494 0.103119 -0.225371 0.9688 -1.5028 1.84686 -0.855155</i>
                        <i>0.0514174 0.976746 0.208144 -0.991307 0.0246433 0.129238 0.121104 -0.21298 0.969522 -1.50129 1.83565 -0.855192</i>
                        <i>0.06029 0.979114 0.194165 -0.988812 0.0319954 0.145692 0.136437 -0.200777 0.97009 -1.50004 1.82485 -0.855491</i>
                        <i>0.0638122 0.981136 0.182481 -0.987092 0.0351383 0.156252 0.146892 -0.190097 0.970714 -1.49961 1.81792 -0.85619</i>
                        <i>0.0644193 0.982192 0.176489 -0.986088 0.0354957 0.162387 0.153231 -0.184494 0.970815 -1.49985 1.81435 -0.85703</i>
                        <i>0.065916 0.982083 0.176545 -0.985247 0.0360538 0.167298 0.157935 -0.184968 0.969971 -1.50018 1.81126 -0.857666</i>
                        <i>0.0674224 0.981347 0.180032 -0.984608 0.0362808 0.170973 0.161252 -0.188788 0.968688 -1.50059 1.80862 -0.858118</i>
                        <i>0.0679446 0.980541 0.18418 -0.984205 0.0356255 0.173412 0.163476 -0.193054 0.967474 -1.50107 1.80642 -0.858403</i>
                        <i>0.0664243 0.980308 0.185969 -0.984063 0.0335514 0.174626 0.164948 -0.194604 0.966913 -1.5016 1.80462 -0.858539</i>
                        <i>0.0631858 0.98056 0.185769 -0.984142 0.0303056 0.174772 0.165745 -0.193867 0.966925 -1.50218 1.80321 -0.858544</i>
                        <i>0.0593255 0.980753 0.186022 -0.984375 0.026527 0.174076 0.165791 -0.193443 0.967002 -1.50279 1.80216 -0.858434</i>
                        <i>0.0549654 0.980885 0.186662 -0.984728 0.0223231 0.172663 0.165195 -0.193302 0.967132 -1.50343 1.80144 -0.858225</i>
                        <i>0.050226 0.980956 0.187625 -0.98517 0.0178012 0.170654 0.164064 -0.193413 0.967303 -1.50408 1.80103 -0.857934</i>
                        <i>0.0452265 0.980965 0.188846 -0.985671 0.013068 0.168175 0.162506 -0.193746 0.967499 -1.50475 1.80091 -0.857577</i>
                        <i>0.0400842 0.980915 0.190262 -0.986201 0.00822878 0.165347 0.160626 -0.194265 0.967709 -1.50541 1.80137 -0.857171</i>
                        <i>0.0349148 0.98081 0.191813 -0.986737 0.00338701 0.162292 0.158528 -0.194935 0.96792 -1.50606 1.80261 -0.856732</i>
                        <i>0.0298318 0.980659 0.193435 -0.987257 -0.00135596 0.15913 0.156315 -0.195717 0.968122 -1.50669 1.80443 -0.856277</i>
                        <i>0.0249468 0.980473 0.195068 -0.987742 -0.00590123 0.155982 0.154087 -0.196568 0.968307 -1.5073 1.80664 -0.855823</i>
                        <i>0.0203695 0.980262 0.196649 -0.988179 -0.0101522 0.152965 0.151942 -0.197441 0.968468 -1.50786 1.80906 -0.855387</i>
                        <i>0.016208 0.980044 0.19812 -0.988557 -0.0140145 0.150199 0.149978 -0.198287 0.968602 -1.50837 1.81149 -0.854986</i>
                        <i>0.0125694 0.979834 0.199417 -0.988864 -0.0173951 0.147799 0.148288 -0.199054 0.968704 -1.50882 1.81374 -0.854638</i>
                        <i>0.00956 0.979651 0.200481 -0.989095 -0.0202024 0.145884 0.146966 -0.19969 0.968775 -1.50919 1.81563 -0.854359</i>
                        <i>0.00728615 0.979513 0.20125 -0.989242 -0.0223447 0.14457 0.146105 -0.200139 0.968813 -1.50947 1.81697 -0.854168</i>
                        <i>0.00585516 0.979437 0.201664 -0.989297 -0.0237295 0.143973 0.145798 -0.200348 0.968816 -1.50966 1.81756 -0.854081</i>
                        <i>0.00517645 0.979421 0.201759 -0.989298 -0.0244046 0.143852 0.145816 -0.200345 0.968814 -1.50975 1.81732 -0.854062</i>
                        <i>0.00505271 0.979449 0.20163 -0.989292 -0.0245151 0.143877 0.145863 -0.200198 0.968837 -1.50976 1.81639 -0.854059</i>
                        <i>0.0054323 0.979515 0.2013 -0.989279 -0.0241134 0.144032 0.145935 -0.199924 0.968883 -1.50971 1.81494 -0.854072</i>
                        <i>0.0062636 0.979614 0.200792 -0.989261 -0.023252 0.1443 0.146027 -0.199539 0.968948 -1.50958 1.81314 -0.854099</i>
                        <i>0.00749494 0.979741 0.200131 -0.989236 -0.0219834 0.144667 0.146136 -0.199061 0.96903 -1.50941 1.81116 -0.854138</i>
                        <i>0.00907472 0.979888 0.19934 -0.989205 -0.0203602 0.145116 0.146256 -0.198505 0.969126 -1.50918 1.80917 -0.854188</i>
                        <i>0.0109513 0.980051 0.198443 -0.989167 -0.0184347 0.145632 0.146385 -0.197888 0.969233 -1.50891 1.80733 -0.854246</i>
                        <i>0.013073 0.980223 0.197464 -0.989122 -0.0162597 0.146198 0.146518 -0.197227 0.969347 -1.50861 1.80582 -0.854311</i>
                        <i>0.0153881 0.980398 0.196426 -0.989069 -0.0138875 0.1468 0.14665 -0.196538 0.969467 -1.50827 1.80479 -0.854382</i>
                        <i>0.017845 0.980571 0.195352 -0.989009 -0.0113708 0.14742 0.146777 -0.195835 0.96959 -1.50792 1.80443 -0.854457</i>
                        <i>0.0203921 0.980737 0.194265 -0.988942 -0.00876186 0.148044 0.146894 -0.195136 0.969714 -1.50756 1.80432 -0.854534</i>
                        <i>0.0229776 0.980893 0.193188 -0.98887 -0.00611324 0.148655 0.146995 -0.194453 0.969835 -1.50719 1.80406 -0.854612</i>
                        <i>0.0255498 0.981034 0.192143 -0.988795 -0.00347732 0.149237 0.147075 -0.193803 0.969953 -1.50682 1.80384 -0.854689</i>
                        <i>0.0280571 0.981159 0.191152 -0.98872 -0.000906445 0.149776 0.147127 -0.193198 0.970066 -1.50646 1.80382 -0.854763</i>
                        <i>0.0304478 0.981266 0.190238 -0.988646 0.00154702 0.150254 0.147145 -0.192653 0.970172 -1.50612 1.80418 -0.854832</i>
                        <i>0.0326702 0.981352 0.189422 -0.988579 0.00383081 0.150657 0.147122 -0.19218 0.970269 -1.5058 1.8051 -0.854896</i>
                        <i>0.0346726 0.981418 0.188726 -0.988521 0.00589267 0.150967 0.14705 -0.191794 0.970356 -1.50551 1.80675 -0.854953</i>
                        <i>0.0364034 0.981461 0.188171 -0.988478 0.00768039 0.151171 0.146923 -0.191506 0.970432 -1.50526 1.8093 -0.855</i>
                        <i>0.0378109 0.981483 0.18778 -0.988453 0.00914171 0.15125 0.146733 -0.191331 0.970496 -1.50505 1.81294 -0.855036</i>
                        <i>0.0388432 0.981482 0.187575 -0.988452 0.0102244 0.151191 0.146473 -0.191281 0.970545 -1.5049 1.81783 -0.85506</i>
                        <i>0.0392425 0.981491 0.187444 -0.988502 0.010718 0.150827 0.146026 -0.191208 0.970626 -1.5048 1.82787 -0.855067</i>
                        <i>0.0388676 0.981536 0.187288 -0.988621 0.0105156 0.150057 0.145317 -0.190989 0.970776 -1.50477 1.84406 -0.855054</i>
                        <i>0.0378407 0.981603 0.187145 -0.988796 0.00971873 0.148958 0.144399 -0.190685 0.970973 -1.50479 1.86228 -0.855025</i>
                        <i>0.0362841 0.981679 0.187057 -0.98901 0.00842905 0.147606 0.143325 -0.190357 0.971196 -1.50485 1.87837 -0.854982</i>
                        <i>0.0343222 0.98175 0.187054 -0.98925 0.0067519 0.146078 0.142149 -0.190057 0.971428 -1.50496 1.8882 -0.854929</i>
                        <i>0.0320831 0.981806 0.187157 -0.9895 0.00479811 0.144454 0.140927 -0.189826 0.971651 -1.5051 1.8904 -0.854867</i>
                        <i>0.0296991 0.98184 0.18737 -0.989746 0.00268453 0.142813 0.139716 -0.18969 0.971852 -1.50526 1.88775 -0.854801</i>
                        <i>0.0273058 0.981849 0.187687 -0.989976 0.000533323 0.141237 0.138574 -0.189662 0.972021 -1.50545 1.88227 -0.854732</i>
                        <i>0.0250416 0.981831 0.188096 -0.990177 -0.00152996 0.139811 0.137558 -0.189749 0.972149 -1.50566 1.876 -0.854664</i>
                        <i>0.023045 0.981787 0.18858 -0.990341 -0.00337933 0.138616 0.136728 -0.189953 0.972226 -1.50587 1.87098 -0.8546</i>
                        <i>0.0197874 0.98171 0.18935 -0.99049 -0.00654307 0.137431 0.136157 -0.190269 0.972244 -1.5063 1.86649 -0.854504</i>
                        <i>0.0147721 0.981594 0.190407 -0.990621 -0.011503 0.136155 0.135839 -0.190632 0.972218 -1.50697 1.86119 -0.854367</i>
                        <i>0.00968507 0.981458 0.191434 -0.990701 -0.0165646 0.135046 0.135713 -0.190962 0.97217 -1.50766 1.85611 -0.854233</i>
                        <i>0.00621269 0.981353 0.192115 -0.99073 -0.0200316 0.134363 0.135706 -0.191169 0.972131 -1.50813 1.85231 -0.854143</i>
                        <i>0.00604112 0.981351 0.192132 -0.990726 -0.0202076 0.134365 0.135742 -0.191162 0.972127 -1.50816 1.85082 -0.85414</i>
                        <i>0.0112382 0.981515 0.191055 -0.990659 -0.015039 0.135533 0.135901 -0.190794 0.972177 -1.50745 1.8523 -0.854281</i>
                        <i>0.0206785 0.981741 0.189097 -0.990459 -0.00565919 0.137692 0.136248 -0.19014 0.972257 -1.50618 1.85606 -0.854537</i>
                        <i>0.0312575 0.981881 0.1869 -0.990122 0.00484743 0.140124 0.136679 -0.189434 0.972334 -1.50475 1.86109 -0.854824</i>
                        <i>0.0398744 0.981908 0.18511 -0.98976 0.0134028 0.142109 0.137057 -0.188881 0.972388 -1.50358 1.86642 -0.855057</i>
                        <i>0.0434342 0.981897 0.18437 -0.989588 0.0169363 0.142931 0.137221 -0.188659 0.972409 -1.5031 1.87108 -0.855153</i>
                    </KeyFrames>
                </p>
            </i>
            <i>
                <p>
                    <Name><![CDATA[spine1]]></Name>
                    <Exclude>0</Exclude>
                    <Additive>0</Additive>
                    <IKPriority>0</IKPriority>
                    <IKRotLimits>-1e+010 -1e+010 -1e+010 1e+010 1e+010 1e+010</IKRotLimits>
                    <IKRotLimitOrder>0</IKRotLimitOrder>
                    <KeyFrames count="120">
                        <i>0.131458 0.887647 0.441363 -0.987456 0.0779695 0.1373 0.0874612 -0.453876 0.886762 -1.4955 2.04302 -0.822889</i>
                        <i>0.125673 0.893682 0.430742 -0.98584 0.063908 0.155036 0.111025 -0.444127 0.889058 -1.50222 2.02599 -0.820403</i>
                        <i>0.136255 0.896606 0.421345 -0.981192 0.0634353 0.182312 0.136734 -0.438262 0.888386 -1.50899 2.00696 -0.817309</i>
                        <i>0.147173 0.896699 0.417457 -0.976742 0.0652171 0.20426 0.155935 -0.437809 0.885442 -1.51424 1.99209 -0.813841</i>
                        <i>0.144211 0.894892 0.42234 -0.976501 0.0596222 0.207101 0.160152 -0.442281 0.882462 -1.51635 1.98745 -0.810737</i>
                        <i>0.117477 0.894486 0.431387 -0.982578 0.0417003 0.181114 0.144015 -0.445147 0.883801 -1.5146 1.99748 -0.808584</i>
                        <i>0.075937 0.896073 0.437364 -0.990696 0.0181207 0.134883 0.11294 -0.443538 0.889111 -1.51014 2.01791 -0.807078</i>
                        <i>0.0327954 0.897178 0.44045 -0.996577 -0.00410772 0.0825712 0.0758903 -0.44165 0.893972 -1.50442 2.04177 -0.805792</i>
                        <i>-0.000457991 0.896484 0.443075 -0.999028 -0.0199443 0.0393211 0.0440876 -0.442627 0.895622 -1.49909 2.06206 -0.804553</i>
                        <i>-0.0135876 0.893318 0.44922 -0.99945 -0.0257213 0.020919 0.0302419 -0.448689 0.893176 -1.49583 2.07179 -0.803458</i>
                        <i>-0.00966651 0.890413 0.45505 -0.999413 -0.0235659 0.024882 0.0328789 -0.454543 0.890118 -1.49442 2.07209 -0.80291</i>
                        <i>0.000380595 0.890536 0.454913 -0.999156 -0.0183524 0.0367625 0.041087 -0.454543 0.889777 -1.49349 2.06923 -0.803065</i>
                        <i>0.0152079 0.892853 0.450091 -0.998455 -0.0104962 0.0545577 0.0534363 -0.450226 0.891314 -1.49296 2.06392 -0.80372</i>
                        <i>0.0333382 0.89649 0.441808 -0.99709 -0.000488381 0.0762299 0.0685551 -0.443064 0.893865 -1.49274 2.0569 -0.80467</i>
                        <i>0.0532223 0.900629 0.431318 -0.994955 0.0110454 0.0997082 0.0850359 -0.434449 0.896673 -1.49277 2.04889 -0.805726</i>
                        <i>0.0738595 0.90313 0.422967 -0.992535 0.0252954 0.119307 0.0970508 -0.428622 0.898256 -1.49281 2.04013 -0.806158</i>
                        <i>0.0940517 0.903146 0.418904 -0.990308 0.0416749 0.132492 0.102202 -0.427305 0.898312 -1.49274 2.03121 -0.805533</i>
                        <i>0.111477 0.901871 0.417375 -0.988359 0.0568622 0.141112 0.103532 -0.428248 0.897711 -1.49261 2.02338 -0.804221</i>
                        <i>0.123622 0.900407 0.417115 -0.98693 0.0677724 0.146203 0.103374 -0.429738 0.897017 -1.49251 2.01784 -0.802833</i>
                        <i>0.12809 0.899711 0.417268 -0.986327 0.0715764 0.148443 0.10369 -0.430577 0.896578 -1.49249 2.01579 -0.802173</i>
                        <i>0.12787 0.900333 0.415993 -0.985992 0.070109 0.151341 0.107093 -0.429518 0.896686 -1.49256 2.01732 -0.802306</i>
                        <i>0.127416 0.902084 0.412321 -0.98526 0.0672764 0.157278 0.114138 -0.426284 0.89736 -1.49269 2.02133 -0.802724</i>
                        <i>0.126638 0.904737 0.406711 -0.984202 0.0634598 0.165284 0.123728 -0.421217 0.89848 -1.49289 2.02721 -0.803386</i>
                        <i>0.125449 0.908056 0.399621 -0.982904 0.0590421 0.174392 0.134764 -0.414666 0.899939 -1.49315 2.03433 -0.804252</i>
                        <i>0.123798 0.911807 0.391512 -0.981489 0.0544131 0.183627 0.146129 -0.406997 0.901665 -1.49349 2.04209 -0.805284</i>
                        <i>0.121687 0.915759 0.382855 -0.980122 0.0499695 0.192001 0.156695 -0.398608 0.903636 -1.49387 2.04987 -0.806452</i>
                        <i>0.11918 0.919689 0.374122 -0.979012 0.0461136 0.198515 0.16532 -0.389929 0.905883 -1.49426 2.05705 -0.807738</i>
                        <i>0.116401 0.92339 0.365789 -0.978396 0.0432511 0.202163 0.170854 -0.381418 0.908476 -1.49463 2.06303 -0.809136</i>
                        <i>0.113521 0.926669 0.358326 -0.978508 0.0417877 0.201932 0.17215 -0.373549 0.911497 -1.49491 2.06718 -0.810654</i>
                        <i>0.110729 0.929349 0.352207 -0.979539 0.0421268 0.196797 0.168056 -0.366792 0.914998 -1.49505 2.0689 -0.812304</i>
                        <i>0.109864 0.928302 0.355225 -0.981793 0.0456355 0.18439 0.154958 -0.369016 0.916414 -1.49479 2.0654 -0.813711</i>
                        <i>0.111022 0.9221 0.370682 -0.985031 0.0526107 0.16415 0.131861 -0.383358 0.914139 -1.49406 2.0559 -0.814684</i>
