<?xml version="1.0" encoding="ISO-8859-1" ?>
<Animl Version="1">
    <ModellingPackage><![CDATA[Maya.2010]]></ModellingPackage>
    <SrcFile><![CDATA[anims\turrets\machinegun\blue\~src\mgun_gatling\mgun_gatling_fire_crewman_b.mb]]></SrcFile>
    <FramesPerSecond>30</FramesPerSecond>
    <TotalFrames>33</TotalFrames>
    <Skeleton>
        <RefFrame>
            <Name><![CDATA[soldier_ref_frame]]></Name>
            <Exclude>0</Exclude>
            <Additive>0</Additive>
            <IKPriority>0</IKPriority>
            <IKRotLimits>-1e+010 -1e+010 -1e+010 1e+010 1e+010 1e+010</IKRotLimits>
            <IKRotLimitOrder>0</IKRotLimitOrder>
            <KeyFrames count="33">
                <i>1 0 0 0 1 0 0 0 1 2.23 0.9 -0.63</i>
                <i>1 0 0 0 1 0 0 0 1 2.23 0.9 -0.63</i>
                <i>1 0 0 0 1 0 0 0 1 2.23 0.9 -0.63</i>
                <i>1 0 0 0 1 0 0 0 1 2.23 0.9 -0.63</i>
                <i>1 0 0 0 1 0 0 0 1 2.23 0.9 -0.63</i>
                <i>1 0 0 0 1 0 0 0 1 2.23 0.9 -0.63</i>
                <i>1 0 0 0 1 0 0 0 1 2.23 0.9 -0.63</i>
                <i>1 0 0 0 1 0 0 0 1 2.23 0.9 -0.63</i>
                <i>1 0 0 0 1 0 0 0 1 2.23 0.9 -0.63</i>
                <i>1 0 0 0 1 0 0 0 1 2.23 0.9 -0.63</i>
                <i>1 0 0 0 1 0 0 0 1 2.23 0.9 -0.63</i>
                <i>1 0 0 0 1 0 0 0 1 2.23 0.9 -0.63</i>
                <i>1 0 0 0 1 0 0 0 1 2.23 0.9 -0.63</i>
                <i>1 0 0 0 1 0 0 0 1 2.23 0.9 -0.63</i>
                <i>1 0 0 0 1 0 0 0 1 2.23 0.9 -0.63</i>
                <i>1 0 0 0 1 0 0 0 1 2.23 0.9 -0.63</i>
                <i>1 0 0 0 1 0 0 0 1 2.23 0.9 -0.63</i>
                <i>1 0 0 0 1 0 0 0 1 2.23 0.9 -0.63</i>
                <i>1 0 0 0 1 0 0 0 1 2.23 0.9 -0.63</i>
                <i>1 0 0 0 1 0 0 0 1 2.23 0.9 -0.63</i>
                <i>1 0 0 0 1 0 0 0 1 2.23 0.9 -0.63</i>
                <i>1 0 0 0 1 0 0 0 1 2.23 0.9 -0.63</i>
                <i>1 0 0 0 1 0 0 0 1 2.23 0.9 -0.63</i>
                <i>1 0 0 0 1 0 0 0 1 2.23 0.9 -0.63</i>
                <i>1 0 0 0 1 0 0 0 1 2.23 0.9 -0.63</i>
                <i>1 0 0 0 1 0 0 0 1 2.23 0.9 -0.63</i>
                <i>1 0 0 0 1 0 0 0 1 2.23 0.9 -0.63</i>
                <i>1 0 0 0 1 0 0 0 1 2.23 0.9 -0.63</i>
                <i>1 0 0 0 1 0 0 0 1 2.23 0.9 -0.63</i>
                <i>1 0 0 0 1 0 0 0 1 2.23 0.9 -0.63</i>
                <i>1 0 0 0 1 0 0 0 1 2.23 0.9 -0.63</i>
                <i>1 0 0 0 1 0 0 0 1 2.23 0.9 -0.63</i>
                <i>1 0 0 0 1 0 0 0 1 2.23 0.9 -0.63</i>
            </KeyFrames>
        </RefFrame>
        <Bones count="23">
            <i>
                <p>
                    <Name><![CDATA[pelvis]]></Name>
                    <Exclude>0</Exclude>
                    <Additive>0</Additive>
                    <IKPriority>0</IKPriority>
                    <IKRotLimits>-1e+010 -1e+010 -1e+010 1e+010 1e+010 1e+010</IKRotLimits>
                    <IKRotLimitOrder>2</IKRotLimitOrder>
                    <KeyFrames count="33">
                        <i>1 0 0 0 1 0 0 0 1 1.85002 1.57946 -0.513518</i>
                        <i>1 0 0 0 1 0 0 0 1 1.85186 1.59377 -0.513323</i>
                        <i>1 0 0 0 1 0 0 0 1 1.85688 1.5887 -0.51349</i>
                        <i>1 0 0 0 1 0 0 0 1 1.8639 1.56871 -0.513596</i>
                        <i>1 0 0 0 1 0 0 0 1 1.87197 1.58454 -0.513466</i>
                        <i>1 0 0 0 1 0 0 0 1 1.87999 1.60374 -0.513251</i>
                        <i>1 0 0 0 1 0 0 0 1 1.88706 1.59863 -0.513402</i>
                        <i>1 0 0 0 1 0 0 0 1 1.89201 1.58133 -0.513496</i>
                        <i>1 0 0 0 1 0 0 0 1 1.89392 1.60256 -0.513359</i>
                        <i>1 0 0 0 1 0 0 0 1 1.892 1.62175 -0.51314</i>
                        <i>1 0 0 0 1 0 0 0 1 1.88706 1.61663 -0.513292</i>
                        <i>1 0 0 0 1 0 0 0 1 1.87999 1.57789 -0.51339</i>
                        <i>1 0 0 0 1 0 0 0 1 1.87197 1.59125 -0.51326</i>
                        <i>1 0 0 0 1 0 0 0 1 1.86389 1.61045 -0.513052</i>
                        <i>1 0 0 0 1 0 0 0 1 1.85688 1.60536 -0.513217</i>
                        <i>1 0 0 0 1 0 0 0 1 1.85187 1.56813 -0.51333</i>
                        <i>1 0 0 0 1 0 0 0 1 1.85002 1.57882 -0.513219</i>
                        <i>1 0 0 0 1 0 0 0 1 1.85189 1.59314 -0.51303</i>
                        <i>1 0 0 0 1 0 0 0 1 1.85688 1.58811 -0.513217</i>
                        <i>1 0 0 0 1 0 0 0 1 1.86387 1.56819 -0.513352</i>
                        <i>1 0 0 0 1 0 0 0 1 1.87197 1.5841 -0.51326</i>
                        <i>1 0 0 0 1 0 0 0 1 1.88 1.60339 -0.51309</i>
                        <i>1 0 0 0 1 0 0 0 1 1.88706 1.59839 -0.513292</i>
                        <i>1 0 0 0 1 0 0 0 1 1.892 1.58121 -0.51344</i>
                        <i>1 0 0 0 1 0 0 0 1 1.89392 1.60256 -0.513359</i>
                        <i>1 0 0 0 1 0 0 0 1 1.892 1.62187 -0.513196</i>
                        <i>1 0 0 0 1 0 0 0 1 1.88706 1.61687 -0.513402</i>
                        <i>1 0 0 0 1 0 0 0 1 1.88001 1.57824 -0.51355</i>
                        <i>1 0 0 0 1 0 0 0 1 1.87197 1.59169 -0.513466</i>
                        <i>1 0 0 0 1 0 0 0 1 1.86387 1.61097 -0.513296</i>
                        <i>1 0 0 0 1 0 0 0 1 1.85688 1.60595 -0.51349</i>
                        <i>1 0 0 0 1 0 0 0 1 1.8519 1.56876 -0.513622</i>
                        <i>1 0 0 0 1 0 0 0 1 1.85002 1.57946 -0.513518</i>
                    </KeyFrames>
                </p>
            </i>
            <i>
                <p>
                    <Name><![CDATA[spine0]]></Name>
                    <Exclude>0</Exclude>
                    <Additive>0</Additive>
                    <IKPriority>0</IKPriority>
                    <IKRotLimits>-1e+010 -1e+010 -1e+010 1e+010 1e+010 1e+010</IKRotLimits>
                    <IKRotLimitOrder>0</IKRotLimitOrder>
                    <KeyFrames count="33">
                        <i>0.089705 0.926214 0.366171 -0.986518 0.0321043 0.160472 0.136876 -0.375629 0.916607 1.85963 1.72091 -0.537934</i>
                        <i>0.00423466 0.92516 0.379553 -0.987921 -0.0549225 0.144896 0.154898 -0.375583 0.913753 1.84722 1.73575 -0.536048</i>
                        <i>0.0897137 0.933721 0.346578 -0.986943 0.0366057 0.156856 0.133773 -0.356125 0.924813 1.86743 1.73026 -0.536816</i>
                        <i>0.0949363 0.928245 0.35965 -0.987049 0.0408445 0.155131 0.12931 -0.36972 0.920101 1.88676 1.70872 -0.5375</i>
                        <i>0.092069 0.9191 0.383116 -0.986632 0.0322477 0.159741 0.134463 -0.392702 0.909783 1.88205 1.72638 -0.535287</i>
                        <i>0.00774618 0.915022 0.403329 -0.98829 -0.0544612 0.142535 0.152389 -0.39971 0.903886 1.87597 1.74627 -0.532304</i>
                        <i>0.093654 0.921708 0.376409 -0.987213 0.0369866 0.155059 0.128997 -0.386117 0.913386 1.89844 1.74081 -0.532175</i>
                        <i>0.0990673 0.913884 0.393702 -0.987497 0.0415379 0.152064 0.122615 -0.403845 0.906573 1.91586 1.72196 -0.532173</i>
                        <i>0.0971099 0.902345 0.419932 -0.986878 0.0326114 0.158142 0.129004 -0.429778 0.893671 1.90503 1.74509 -0.529444</i>
                        <i>0.0133498 0.897078 0.441671 -0.988885 -0.0535715 0.138699 0.148084 -0.438613 0.886391 1.88899 1.76499 -0.526155</i>
                        <i>0.0986977 0.90406 0.415854 -0.987563 0.0375901 0.152665 0.122387 -0.425749 0.896526 1.89954 1.7594 -0.525922</i>
                        <i>0.103503 0.89583 0.432175 -0.987989 0.0424756 0.14857 0.114737 -0.442362 0.889467 1.90496 1.719 -0.526031</i>
                        <i>0.101924 0.884093 0.45606 -0.987116 0.0330405 0.156558 0.123343 -0.466141 0.87607 1.8841 1.73422 -0.523584</i>
                        <i>0.0180727 0.880122 0.474403 -0.989392 -0.0526624 0.135392 0.144145 -0.471817 0.869834 1.86176 1.75409 -0.52079</i>
                        <i>0.102264 0.889807 0.44473 -0.987814 0.0381074 0.1509 0.117325 -0.454742 0.882861 1.87016 1.74838 -0.521255</i>
                        <i>0.106045 0.883999 0.455302 -0.988277 0.0431219 0.146456 0.109833 -0.465495 0.878209 1.8775 1.70941 -0.522274</i>
                        <i>0.104035 0.87531 0.472238 -0.987222 0.0332571 0.155844 0.120706 -0.482417 0.867585 1.86261 1.72192 -0.520918</i>
                        <i>0.019266 0.875553 0.482738 -0.989521 -0.0524079 0.134545 0.143101 -0.480271 0.865368 1.84998 1.73685 -0.519406</i>
                        <i>0.102264 0.889807 0.44473 -0.987814 0.0381074 0.1509 0.117325 -0.454742 0.882861 1.87016 1.73113 -0.521255</i>
                        <i>0.105126 0.888414 0.446843 -0.988172 0.0428781 0.147231 0.111642 -0.457035 0.882414 1.88927 1.70941 -0.523654</i>
                        <i>0.101924 0.884093 0.45606 -0.987116 0.0330405 0.156558 0.123343 -0.466141 0.87607 1.8841 1.72708 -0.523584</i>
                        <i>0.0159934 0.887804 0.459943 -0.989168 -0.0530815 0.136856 0.145916 -0.457149 0.877339 1.87748 1.74688 -0.523174</i>
                        <i>0.0986977 0.90406 0.415854 -0.987563 0.0375901 0.152665 0.122387 -0.425749 0.896526 1.89954 1.74116 -0.525922</i>
                        <i>0.101399 0.90477 0.413654 -0.987754 0.0420032 0.150256 0.118572 -0.423825 0.897949 1.91644 1.72212 -0.529005</i>
                        <i>0.0971099 0.902345 0.419932 -0.986878 0.0326114 0.158142 0.129004 -0.429778 0.893671 1.90503 1.74509 -0.529444</i>
                        <i>0.0104801 0.906548 0.421972 -0.988579 -0.0540515 0.140675 0.150337 -0.418627 0.895628 1.88847 1.76478 -0.529332</i>
                        <i>0.093654 0.921708 0.376409 -0.987213 0.0369866 0.155059 0.128997 -0.386117 0.913386 1.89844 1.75905 -0.532175</i>
                        <i>0.0968016 0.922024 0.374835 -0.987251 0.0411383 0.153766 0.126356 -0.384941 0.914251 1.90331 1.71855 -0.535137</i>
                        <i>0.092069 0.9191 0.383116 -0.986632 0.0322477 0.159741 0.134463 -0.392702 0.909783 1.88205 1.73353 -0.535287</i>
                        <i>0.0055319 0.92151 0.388315 -0.988057 -0.0547604 0.144028 0.153987 -0.384474 0.910202 1.85945 1.75317 -0.534674</i>
                        <i>0.0897137 0.933721 0.346578 -0.986943 0.0366057 0.156856 0.133773 -0.356125 0.924813 1.86743 1.74752 -0.536816</i>
                        <i>0.0938313 0.93174 0.350793 -0.986931 0.0406844 0.155926 0.131011 -0.360839 0.92338 1.8745 1.70858 -0.53887</i>
                        <i>0.089705 0.926214 0.366171 -0.986518 0.0321043 0.160472 0.136876 -0.375629 0.916607 1.85963 1.72091 -0.537934</i>
                    </KeyFrames>
                </p>
            </i>
            <i>
                <p>
                    <Name><![CDATA[spine1]]></Name>
                    <Exclude>0</Exclude>
                    <Additive>0</Additive>
                    <IKPriority>0</IKPriority>
                    <IKRotLimits>-1e+010 -1e+010 -1e+010 1e+010 1e+010 1e+010</IKRotLimits>
                    <IKRotLimitOrder>0</IKRotLimitOrder>
                    <KeyFrames count="33">
                        <i>0.116601 0.711651 0.692789 -0.986786 0.00399727 0.161977 0.112502 -0.702522 0.702714 1.87523 1.88194 -0.474289</i>
                        <i>0.123396 0.707159 0.696204 -0.985431 0.00457424 0.170013 0.117041 -0.70704 0.697421 1.84795 1.8967 -0.470034</i>
                        <i>0.119849 0.746316 0.654712 -0.987117 0.019171 0.158845 0.105997 -0.665315 0.738999 1.88339 1.89641 -0.475187</i>
                        <i>0.00799163 0.738606 0.67409 -0.99133 -0.0825643 0.102219 0.131155 -0.669062 0.731542 1.90393 1.87671 -0.472474</i>
                        <i>0.117856 0.698536 0.705803 -0.986989 0.00411895 0.160733 0.10937 -0.715563 0.689933 1.89806 1.88617 -0.468696</i>
                        <i>0.125668 0.688412 0.71435 -0.985575 0.00435592 0.169183 0.113356 -0.725307 0.679029 1.87731 1.90546 -0.462155</i>
                        <i>0.121829 0.724425 0.678503 -0.987487 0.0194986 0.156491 0.100136 -0.689078 0.717735 1.9151 1.90482 -0.465238</i>
                        <i>0.00944049 0.713474 0.700619 -0.992303 -0.0798298 0.0946653 0.123471 -0.69612 0.707228 1.93378 1.88736 -0.460984</i>
                        <i>0.120411 0.668849 0.733582 -0.987428 0.00446859 0.158004 0.102402 -0.743385 0.660978 1.92191 1.90197 -0.456452</i>
                        <i>0.129175 0.656708 0.742999 -0.98581 0.0040463 0.167814 0.107198 -0.754134 0.647913 1.89131 1.92105 -0.449335</i>
                        <i>0.124187 0.693841 0.709339 -0.987969 0.0200594 0.153347 0.0921698 -0.719849 0.687985 1.91709 1.92027 -0.451966</i>
                        <i>0.0107545 0.683413 0.729953 -0.993356 -0.0763423 0.0861102 0.114575 -0.72603 0.678051 1.92369 1.88113 -0.44788</i>
                        <i>0.12268 0.638054 0.760155 -0.987857 0.00493038 0.155289 0.0953352 -0.769976 0.630911 1.90181 1.88793 -0.444311</i>
                        <i>0.132011 0.628133 0.766826 -0.986015 0.0038255 0.166611 0.101721 -0.778096 0.619854 1.8649 1.9072 -0.438276</i>
                        <i>0.125717 0.670214 0.731443 -0.988316 0.0205663 0.151022 0.086174 -0.741883 0.664969 1.88835 1.90672 -0.442161</i>
                        <i>0.0113716 0.664452 0.747245 -0.993964 -0.0740332 0.0809567 0.109113 -0.743655 0.659599 1.89669 1.8694 -0.439937</i>
                        <i>0.123615 0.623705 0.771824 -0.988048 0.00517716 0.154062 0.0920932 -0.781643 0.61689 1.88069 1.8741 -0.438832</i>
                        <i>0.132709 0.620625 0.772796 -0.986068 0.00377597 0.1663 0.100292 -0.784099 0.612479 1.85333 1.88917 -0.435442</i>
                        <i>0.125717 0.670214 0.731443 -0.988316 0.0205663 0.151022 0.086174 -0.741883 0.664969 1.88835 1.88947 -0.442161</i>
                        <i>0.0111614 0.671467 0.74095 -0.993744 -0.0748968 0.0828427 0.111121 -0.73724 0.66643 1.90828 1.8702 -0.442848</i>
                        <i>0.12268 0.638054 0.760155 -0.987857 0.00493038 0.155289 0.0953352 -0.769976 0.630911 1.90181 1.88078 -0.444311</i>
                        <i>0.130777 0.640934 0.756374 -0.985924 0.00391794 0.167146 0.104166 -0.767586 0.632425 1.88026 1.90133 -0.443175</i>
                        <i>0.124187 0.693841 0.709339 -0.987969 0.0200594 0.153347 0.0921698 -0.719849 0.687985 1.91709 1.90203 -0.451966</i>
                        <i>0.0101658 0.69811 0.715918 -0.992856 -0.0780752 0.0902314 0.118887 -0.711721 0.692329 1.93478 1.88587 -0.454205</i>
                        <i>0.120411 0.668849 0.733582 -0.987428 0.00446859 0.158004 0.102402 -0.743385 0.660978 1.92191 1.90197 -0.456452</i>
                        <i>0.127398 0.673229 0.728377 -0.985689 0.00419869 0.168522 0.110396 -0.739422 0.664129 1.89029 1.92249 -0.455939</i>
                        <i>0.121829 0.724425 0.678503 -0.987487 0.0194986 0.156491 0.100136 -0.689078 0.717735 1.9151 1.92306 -0.465238</i>
                        <i>0.00867001 0.727565 0.685984 -0.991768 -0.0813847 0.0988527 0.12775 -0.681194 0.720871 1.92082 1.88541 -0.467363</i>
                        <i>0.117856 0.698536 0.705803 -0.986989 0.00411895 0.160733 0.10937 -0.715563 0.689933 1.89806 1.89332 -0.468696</i>
                        <i>0.124241 0.70033 0.702924 -0.985484 0.00449151 0.169709 0.115695 -0.713806 0.690722 1.86041 1.91348 -0.467137</i>
                        <i>0.119849 0.746316 0.654712 -0.987117 0.019171 0.158845 0.105997 -0.665315 0.738999 1.88339 1.91366 -0.475187</i>
                        <i>0.00757237 0.744924 0.667106 -0.99107 -0.0832234 0.104181 0.133126 -0.661938 0.737642 1.89147 1.8772 -0.475447</i>
                        <i>0.116601 0.711651 0.692789 -0.986786 0.00399727 0.161977 0.112502 -0.702522 0.702714 1.87523 1.88194 -0.474289</i>
                    </KeyFrames>
                </p>
            </i>
            <i>
                <p>
                    <Name><![CDATA[spine2]]></Name>
                    <Exclude>0</Exclude>
                    <Additive>0</Additive>
                    <IKPriority>0</IKPriority>
                    <IKRotLimits>-1e+010 -1e+010 -1e+010 1e+010 1e+010 1e+010</IKRotLimits>
                    <IKRotLimitOrder>0</IKRotLimitOrder>
                    <KeyFrames count="33">
                        <i>0.204807 0.606774 0.768036 -0.975633 0.063462 0.210028 0.0786987 -0.792337 0.604986 1.89389 1.99558 -0.363507</i>
                        <i>0.267084 0.597742 0.75589 -0.960957 0.106352 0.255442 0.0722981 -0.794603 0.60281 1.8677 2.00968 -0.358635</i>
                        <i>0.21705 0.61754 0.755998 -0.97393 0.084674 0.210453 0.0659501 -0.781968 0.61982 1.90302 2.01839 -0.367972</i>
                        <i>0.104992 0.61389 0.782378 -0.991347 0.00227498 0.13125 0.0787932 -0.789389 0.608816 1.90528 1.99946 -0.360175</i>
                        <i>0.205634 0.59203 0.77924 -0.975718 0.0626627 0.209875 0.0754231 -0.803476 0.59054 1.91692 1.99771 -0.355835</i>
                        <i>0.268833 0.576883 0.77132 -0.960759 0.103788 0.257235 0.0683404 -0.810206 0.582147 1.89742 2.01545 -0.347856</i>
                        <i>0.218024 0.59196 0.775918 -0.974108 0.0832521 0.210198 0.0598321 -0.801656 0.594783 1.93505 2.02321 -0.354135</i>
                        <i>0.10514 0.584269 0.804721 -0.991924 0.00389317 0.126772 0.070936 -0.811551 0.579959 1.93537 2.00592 -0.344276</i>
                        <i>0.20724 0.558882 0.802934 -0.975912 0.060916 0.209486 0.0681665 -0.827007 0.558044 1.94118 2.00876 -0.339156</i>
                        <i>0.271472 0.541879 0.795406 -0.960462 0.0994925 0.260026 0.0617656 -0.834547 0.547463 1.91198 2.02596 -0.330459</i>
                        <i>0.219018 0.556628 0.801371 -0.974357 0.0813585 0.209784 0.0515734 -0.826768 0.560174 1.93743 2.03365 -0.335823</i>
                        <i>0.104948 0.549253 0.82904 -0.992549 0.00595722 0.1217 0.0619054 -0.835635 0.545785 1.92549 1.99469 -0.326297</i>
                        <i>0.208549 0.5248 0.825283 -0.976117 0.0591877 0.209027 0.0608507 -0.849165 0.52461 1.92144 1.9898 -0.322772</i>
                        <i>0.27354 0.510596 0.815149 -0.960232 0.0956594 0.262306 0.0559556 -0.854483 0.516457 1.88602 2.00754 -0.315594</i>
                        <i>0.219524 0.529624 0.819334 -0.97455 0.079962 0.209423 0.0453997 -0.844455 0.533699 1.90894 2.01624 -0.322406</i>
                        <i>0.104642 0.527376 0.843164 -0.99291 0.00732411 0.118645 0.056395 -0.849601 0.524403 1.8986 1.9798 -0.315482</i>
                        <i>0.209044 0.509016 0.834987 -0.976214 0.058409 0.208795 0.0575091 -0.858773 0.509118 1.90047 1.97368 -0.31543</i>
                        <i>0.274038 0.502414 0.820051 -0.960176 0.0946577 0.262871 0.0544457 -0.85943 0.508346 1.87456 1.98831 -0.311806</i>
                        <i>0.219524 0.529624 0.819334 -0.97455 0.079962 0.209423 0.0453997 -0.844455 0.533699 1.90894 1.99898 -0.322406</i>
                        <i>0.104771 0.535452 0.838042 -0.992779 0.00681284 0.119763 0.0584179 -0.844538 0.532299 1.91016 1.98177 -0.319439</i>
                        <i>0.208549 0.5248 0.825283 -0.976117 0.0591877 0.209027 0.0608507 -0.849165 0.52461 1.92144 1.98265 -0.322772</i>
                        <i>0.272648 0.52458 0.806523 -0.960331 0.0973722 0.261311 0.0585453 -0.845775 0.530318 1.90119 2.00372 -0.322162</i>
                        <i>0.219018 0.556628 0.801371 -0.974357 0.0813585 0.209784 0.0515734 -0.826768 0.560174 1.93743 2.01541 -0.335823</i>
                        <i>0.105089 0.56632 0.817458 -0.992252 0.00493156 0.124143 0.0662736 -0.824171 0.56245 1.93649 2.00187 -0.334955</i>
                        <i>0.20724 0.558882 0.802934 -0.975912 0.060916 0.209486 0.0681665 -0.827007 0.558044 1.94118 2.00876 -0.339156</i>
                        <i>0.270145 0.560078 0.783157 -0.960611 0.101725 0.258608 0.0651738 -0.822171 0.565498 1.91067 2.03004 -0.339399</i>
                        <i>0.218024 0.59196 0.775918 -0.974108 0.0832521 0.210198 0.0598321 -0.801656 0.594783 1.93505 2.04145 -0.354135</i>
                        <i>0.105094 0.600836 0.792434 -0.991607 0.00297299 0.129254 0.0753048 -0.799367 0.596105 1.92229 2.00632 -0.353087</i>
                        <i>0.205634 0.59203 0.77924 -0.975718 0.0626627 0.209875 0.0754231 -0.803476 0.59054 1.91692 2.00486 -0.355835</i>
                        <i>0.267739 0.590129 0.761619 -0.960883 0.105416 0.256108 0.07085 -0.800397 0.595269 1.88029 2.02538 -0.354663</i>
                        <i>0.21705 0.61754 0.755998 -0.97393 0.084674 0.210453 0.0659501 -0.781968 0.61982 1.90302 2.03564 -0.367972</i>
                        <i>0.104907 0.621391 0.776446 -0.991193 0.00188504 0.132413 0.0808168 -0.783498 0.616116 1.89275 2.001 -0.364309</i>
                        <i>0.204807 0.606774 0.768036 -0.975633 0.063462 0.210028 0.0786987 -0.792337 0.604986 1.89389 1.99558 -0.363507</i>
                    </KeyFrames>
                </p>
            </i>
            <i>
                <p>
                    <Name><![CDATA[head]]></Name>
                    <Exclude>0</Exclude>
                    <Additive>0</Additive>
                    <IKPriority>0</IKPriority>
                    <IKRotLimits>-1e+010 -1e+010 -1e+010 1e+010 1e+010 1e+010</IKRotLimits>
                    <IKRotLimitOrder>0</IKRotLimitOrder>
                    <KeyFrames count="33">
                        <i>0.252109 0.591749 0.765686 -0.368923 0.79026 -0.489269 -0.894615 -0.15913 0.417541 1.95188 2.16721 -0.181609</i>
                        <i>0.292155 0.612511 0.73449 -0.194282 0.789994 -0.581519 -0.936429 0.0271954 0.349801 1.9426 2.17882 -0.180837</i>
                        <i>0.21977 0.733144 0.643585 -0.21964 0.679961 -0.69958 -0.950505 0.0123899 0.310462 1.96602 2.19216 -0.184583</i>
                        <i>0.244981 0.648078 0.721096 -0.194109 0.761486 -0.618434 -0.949898 0.0115337 0.312347 1.94397 2.17326 -0.167969</i>
                        <i>0.252893 0.576903 0.776678 -0.36581 0.800194 -0.47526 -0.895672 -0.163927 0.4134 1.97519 2.16582 -0.170762</i>
                        <i>0.293988 0.592093 0.750331 -0.190365 0.805566 -0.561093 -0.93666 0.0221181 0.34954 1.97285 2.17962 -0.16568</i>
                        <i>0.221712 0.711068 0.667253 -0.21382 0.703082 -0.678202 -0.951381 0.00769327 0.307922 1.99842 2.1907 -0.165119</i>
                        <i>0.24563 0.619763 0.745358 -0.186378 0.784764 -0.591108 -0.951278 0.00627573 0.308272 1.97424 2.17234 -0.145685</i>
                        <i>0.254403 0.543545 0.799899 -0.358922 0.821106 -0.443802 -0.898028 -0.174197 0.403982 2.00002 2.16891 -0.147326</i>
                        <i>0.296767 0.557788 0.775114 -0.183855 0.829869 -0.526797 -0.937084 0.0138279 0.34883 1.98822 2.18176 -0.141398</i>
                        <i>0.224017 0.680242 0.697916 -0.205914 0.732986 -0.648329 -0.952584 0.00152594 0.304273 2.0012 2.19244 -0.139571</i>
                        <i>0.246014 0.586157 0.771944 -0.177475 0.810197 -0.558644 -0.95288 0.000433357 0.303348 1.96447 2.15235 -0.120705</i>
                        <i>0.255615 0.509273 0.821768 -0.35199 0.840691 -0.411512 -0.900424 -0.184065 0.394152 1.98078 2.14172 -0.124508</i>
                        <i>0.298959 0.527087 0.795489 -0.178101 0.849785 -0.49613 -0.937498 0.00664562 0.347926 1.96292 2.15581 -0.120831</i>
                        <i>0.225507 0.65644 0.719884 -0.199969 0.754372 -0.625248 -0.953498 -0.00295655 0.301384 1.97296 2.16835 -0.12101</i>
                        <i>0.246057 0.565091 0.787482 -0.172033 0.825023 -0.538277 -0.953866 -0.00302597 0.300217 1.93759 2.13197 -0.105796</i>
                        <i>0.256068 0.493408 0.831251 -0.348827 0.849146 -0.396573 -0.901526 -0.188413 0.389553 1.96 2.12177 -0.114351</i>
                        <i>0.29949 0.519052 0.800557 -0.176605 0.854729 -0.488107 -0.937612 0.00480049 0.34765 1.95162 2.13461 -0.115619</i>
                        <i>0.225507 0.65644 0.719884 -0.199969 0.754372 -0.625248 -0.953498 -0.00295655 0.301384 1.97296 2.15109 -0.12101</i>
                        <i>0.246058 0.572874 0.781838 -0.174031 0.819642 -0.545803 -0.953503 -0.00176534 0.301377 1.94915 2.13597 -0.11124</i>
                        <i>0.255615 0.509273 0.821768 -0.35199 0.840691 -0.411512 -0.900424 -0.184065 0.394152 1.98078 2.13457 -0.124508</i>
                        <i>0.298012 0.540815 0.78658 -0.180666 0.841084 -0.509841 -0.937309 0.00983082 0.34836 1.9778 2.15536 -0.129897</i>
                        <i>0.224017 0.680242 0.697916 -0.205914 0.732986 -0.648329 -0.952584 0.00152594 0.304273 2.0012 2.1742 -0.139571</i>
                        <i>0.245876 0.602554 0.759258 -0.181784 0.798071 -0.574489 -0.952103 0.00323255 0.305762 1.97543 2.16381 -0.132704</i>
                        <i>0.254403 0.543545 0.799899 -0.358922 0.821106 -0.443802 -0.898028 -0.174197 0.403982 2.00002 2.16891 -0.147326</i>
                        <i>0.295367 0.57563 0.762501 -0.187229 0.81751 -0.544631 -0.936858 0.0181033 0.34924 1.9865 2.1902 -0.153848</i>
                        <i>0.221712 0.711067 0.667253 -0.21382 0.703082 -0.678202 -0.951381 0.00769327 0.307922 1.99842 2.20894 -0.165119</i>
                        <i>0.245305 0.635613 0.731998 -0.190678 0.771953 -0.606408 -0.950509 0.00917918 0.310562 1.96106 2.17687 -0.158012</i>
                        <i>0.252893 0.576903 0.776678 -0.36581 0.800194 -0.47526 -0.895672 -0.163927 0.4134 1.97519 2.17297 -0.170762</i>
                        <i>0.29284 0.605061 0.740369 -0.192849 0.795776 -0.574064 -0.936512 0.0253298 0.349721 1.95539 2.1927 -0.175243</i>
                        <i>0.21977 0.733144 0.643585 -0.21964 0.679961 -0.69958 -0.950505 0.0123899 0.310462 1.96602 2.20941 -0.184583</i>
                        <i>0.244766 0.655231 0.714676 -0.196097 0.755318 -0.625332 -0.949545 0.0129142 0.313366 1.93138 2.17666 -0.173791</i>
                        <i>0.252109 0.591749 0.765686 -0.368923 0.79026 -0.489269 -0.894615 -0.15913 0.417541 1.95188 2.16721 -0.181609</i>
                    </KeyFrames>
                </p>
            </i>
            <i>
                <p>
                    <Name><![CDATA[head_prop]]></Name>
                    <Exclude>0</Exclude>
                    <Additive>0</Additive>
                    <IKPriority>0</IKPriority>
                    <IKRotLimits>-1e+010 -1e+010 -1e+010 1e+010 1e+010 1e+010</IKRotLimits>
                    <IKRotLimitOrder>0</IKRotLimitOrder>
                    <KeyFrames count="33">
                        <i>0.894615 0.15913 -0.417541 0.252109 0.591749 0.765686 0.368923 -0.79026 0.489269 2.03405 2.36007 0.0679352</i>
                        <i>0.936429 -0.0271954 -0.349801 0.292155 0.612511 0.73449 0.194282 -0.789994 0.581519 2.03781 2.37845 0.0585398</i>
                        <i>0.950505 -0.0123899 -0.310462 0.21977 0.733144 0.643585 0.21964 -0.679961 0.69958 2.03764 2.43109 0.0251671</i>
                        <i>0.949898 -0.0115337 -0.312347 0.244981 0.648078 0.721096 0.194109 -0.761486 0.618434 2.02381 2.38447 0.0670424</i>
                        <i>0.895672 0.163927 -0.4134 0.252893 0.576903 0.776678 0.36581 -0.800194 0.47526 2.05761 2.35384 0.0823643</i>
                        <i>0.93666 -0.0221181 -0.34954 0.293988 0.592093 0.750331 0.190365 -0.805566 0.561093 2.06866 2.37259 0.0788592</i>
                        <i>0.951381 -0.00769327 -0.307922 0.221712 0.711068 0.667253 0.21382 -0.703082 0.678202 2.07067 2.42245 0.0523444</i>
                        <i>0.951278 -0.00627573 -0.308272 0.24563 0.619763 0.745358 0.186378 -0.784764 0.591108 2.05429 2.37433 0.0972344</i>
                        <i>0.898028 0.174197 -0.403982 0.254403 0.543545 0.799899 0.358922 -0.821106 0.443802 2.08293 2.34606 0.113369</i>
                        <i>0.937084 -0.0138279 -0.34883 0.296767 0.557788 0.775114 0.183855 -0.829869 0.526797 2.08494 2.36355 0.111219</i>
                        <i>0.952584 -0.00152594 -0.304273 0.224017 0.680242 0.697916 0.205914 -0.732986 0.648329 2.07421 2.41414 0.0878862</i>
                        <i>0.95288 -0.000433357 -0.303348 0.246014 0.586157 0.771944 0.177475 -0.810197 0.558644 2.04465 2.34339 0.130878</i>
                        <i>0.900424 0.184065 -0.394152 0.255615 0.509273 0.821768 0.35199 -0.840691 0.411512 2.06409 2.3077 0.143313</i>
                        <i>0.937498 -0.00664562 -0.347926 0.298959 0.527087 0.795489 0.178101 -0.849785 0.49613 2.06035 2.3276 0.138426</i>
                        <i>0.953498 0.00295655 -0.301384 0.225507 0.65644 0.719884 0.199969 -0.754372 0.625248 2.04645 2.38229 0.113607</i>
                        <i>0.953866 0.00302597 -0.300217 0.246057 0.565091 0.787482 0.172033 -0.825023 0.538277 2.01779 2.31614 0.150851</i>
                        <i>0.901526 0.188413 -0.389553 0.256068 0.493408 0.831251 0.348827 -0.849146 0.396573 2.04346 2.28258 0.156561</i>
                        <i>0.937612 -0.00480049 -0.34765 0.29949 0.519052 0.800557 0.176605 -0.854729 0.488107 2.04923 2.30377 0.14529</i>
                        <i>0.953498 0.00295655 -0.301384 0.225507 0.65644 0.719884 0.199969 -0.754372 0.625248 2.04645 2.36503 0.113607</i>
                        <i>0.953503 0.00176534 -0.301377 0.246058 0.572874 0.781838 0.174031 -0.819642 0.545803 2.02934 2.32267 0.143568</i>
                        <i>0.900424 0.184065 -0.394152 0.255615 0.509273 0.821768 0.35199 -0.840691 0.411512 2.06409 2.30055 0.143313</i>
                        <i>0.937309 -0.00983082 -0.34836 0.298012 0.540815 0.78658 0.180666 -0.841084 0.509841 2.07492 2.33161 0.126456</i>
                        <i>0.952584 -0.00152594 -0.304273 0.224017 0.680242 0.697916 0.205914 -0.732986 0.648329 2.07421 2.3959 0.0878862</i>
                        <i>0.952103 -0.00323255 -0.305762 0.245876 0.602554 0.759258 0.181784 -0.798071 0.574489 2.05556 2.36019 0.114745</i>
                        <i>0.898028 0.174197 -0.403982 0.254403 0.543545 0.799899 0.358922 -0.821106 0.443802 2.08293 2.34606 0.113369</i>
                        <i>0.936858 -0.0181033 -0.34924 0.295367 0.57563 0.762501 0.187229 -0.81751 0.544631 2.08276 2.3778 0.0946577</i>
                        <i>0.951381 -0.00769327 -0.307922 0.221712 0.711067 0.667253 0.21382 -0.703082 0.678202 2.07067 2.44069 0.0523444</i>
                        <i>0.950509 -0.00917918 -0.310562 0.245305 0.635613 0.731998 0.190678 -0.771953 0.606408 2.04101 2.38402 0.0805526</i>
                        <i>0.895672 0.163927 -0.4134 0.252893 0.576903 0.776678 0.36581 -0.800194 0.47526 2.05761 2.36099 0.0823643</i>
                        <i>0.936512 -0.0253298 -0.349721 0.29284 0.605061 0.740369 0.192849 -0.795776 0.574064 2.05083 2.3899 0.0660498</i>
                        <i>0.950505 -0.0123899 -0.310462 0.21977 0.733144 0.643585 0.21964 -0.679961 0.69958 2.03764 2.44835 0.0251671</i>
                        <i>0.949545 -0.0129142 -0.313366 0.244766 0.655231 0.714676 0.196097 -0.755318 0.625332 2.01115 2.39021 0.0591278</i>
                        <i>0.894615 0.15913 -0.417541 0.252109 0.591749 0.765686 0.368923 -0.79026 0.489269 2.03405 2.36007 0.0679352</i>
                    </KeyFrames>
                </p>
            </i>
            <i>
                <p>
                    <Name><![CDATA[l_clav]]></Name>
                    <Exclude>0</Exclude>
                    <Additive>0</Additive>
                    <IKPriority>0</IKPriority>
                    <IKRotLimits>-1e+010 -1e+010 -1e+010 1e+010 1e+010 1e+010</IKRotLimits>
                    <IKRotLimitOrder>0</IKRotLimitOrder>
                    <KeyFrames count="33">
                        <i>0.892118 0.450004 0.0402695 -0.3837 0.707571 0.593395 0.238536 -0.54483 0.803904 1.98865 1.99399 -0.309883</i>
                        <i>0.914423 0.404644 -0.00962608 -0.316233 0.729071 0.607002 0.252638 -0.552013 0.794642 1.96392 2.0033 -0.309488</i>
                        <i>0.904237 0.424988 0.0417095 -0.36295 0.713412 0.599424 0.224992 -0.557161 0.799344 1.99782 2.01894 -0.314192</i>
                        <i>0.878265 0.466318 0.105822 -0.432323 0.679797 0.59243 0.204323 -0.566059 0.798642 1.99185 2.00511 -0.2993</i>
                        <i>0.89345 0.446412 0.0496347 -0.382319 0.697828 0.605696 0.235754 -0.560135 0.794146 2.01161 1.99485 -0.302126</i>
                        <i>0.916129 0.400881 0.00165667 -0.313775 0.714483 0.625347 0.249506 -0.573418 0.780345 1.99356 2.00739 -0.298803</i>
                        <i>0.906373 0.418496 0.0578685 -0.360967 0.695937 0.620785 0.219523 -0.583552 0.781842 2.02968 2.02153 -0.300087</i>
                        <i>0.88067 0.456467 0.126726 -0.430843 0.660527 0.614881 0.196967 -0.596106 0.778371 2.02169 2.00879 -0.282845</i>
                        <i>0.896294 0.4379 0.0700039 -0.379447 0.6756 0.632127 0.229514 -0.593135 0.771696 2.03568 2.0031 -0.285339</i>
                        <i>0.918861 0.394078 0.0199102 -0.309924 0.689571 0.654553 0.244216 -0.607614 0.755754 2.00798 2.01517 -0.281654</i>
                        <i>0.909108 0.408956 0.079236 -0.358555 0.671402 0.648582 0.212042 -0.618041 0.75701 2.03182 2.02897 -0.28153</i>
                        <i>0.883233 0.444196 0.150297 -0.429423 0.63738 0.639799 0.1884 -0.629633 0.753703 2.01149 1.99434 -0.264355</i>
                        <i>0.899018 0.428558 0.0900231 -0.376807 0.65231 0.657654 0.22312 -0.625164 0.747922 2.01574 1.98133 -0.268962</i>
                        <i>0.921175 0.38752 0.0355526 -0.306753 0.66688 0.679097 0.239454 -0.636474 0.733187 1.98188 1.99438 -0.267099</i>
                        <i>0.911041 0.401251 0.0948792 -0.356949 0.652359 0.668591 0.206377 -0.642981 0.737552 2.00313 2.00931 -0.268014</i>
                        <i>0.884693 0.436209 0.16444 -0.428706 0.62273 0.654537 0.183114 -0.649561 0.73793 1.98439 1.97747 -0.253295</i>
                        <i>0.900215 0.424042 0.098998 -0.375685 0.641383 0.668946 0.220165 -0.639387 0.736689 1.99466 1.96393 -0.26166</i>
                        <i>0.921762 0.385734 0.0395452 -0.305963 0.660883 0.685288 0.238204 -0.643772 0.727198 1.97038 1.97454 -0.263405</i>
                        <i>0.911041 0.401251 0.0948792 -0.356949 0.652359 0.668591 0.206377 -0.642981 0.737552 2.00313 1.99206 -0.268014</i>
                        <i>0.884166 0.439185 0.159269 -0.428956 0.628154 0.649168 0.185059 -0.642292 0.743784 1.99603 1.98017 -0.257335</i>
                        <i>0.899018 0.428558 0.0900231 -0.376807 0.65231 0.657654 0.22312 -0.625164 0.747922 2.01574 1.97418 -0.268962</i>
                        <i>0.920155 0.390505 0.0286353 -0.30814 0.677071 0.6683 0.241587 -0.623763 0.743341 1.99711 1.99161 -0.273519</i>
                        <i>0.909108 0.408956 0.0792361 -0.358555 0.671402 0.648582 0.212042 -0.618041 0.75701 2.03182 2.01073 -0.28153</i>
                        <i>0.88202 0.450258 0.138956 -0.430072 0.64871 0.627864 0.192559 -0.61355 0.765818 2.02265 2.00308 -0.273243</i>
                        <i>0.896294 0.4379 0.0700039 -0.379447 0.6756 0.632128 0.229514 -0.593135 0.771696 2.03568 2.0031 -0.285339</i>
                        <i>0.91746 0.397689 0.0105228 -0.311885 0.702588 0.639607 0.246971 -0.590096 0.76863 2.00674 2.02066 -0.290452</i>
                        <i>0.906373 0.418496 0.0578685 -0.360967 0.695937 0.620785 0.219523 -0.583552 0.781842 2.02968 2.03977 -0.300087</i>
                        <i>0.879352 0.462039 0.115148 -0.431637 0.671342 0.602486 0.201068 -0.5795 0.789779 2.00875 2.01074 -0.291952</i>
                        <i>0.89345 0.446412 0.0496347 -0.382319 0.697828 0.605696 0.235754 -0.560136 0.794146 2.01161 2.002 -0.302126</i>
                        <i>0.915053 0.403297 -0.00547133 -0.315321 0.72377 0.613783 0.251497 -0.559919 0.789456 1.97648 2.01838 -0.305546</i>
                        <i>0.904237 0.424988 0.0417095 -0.36295 0.713412 0.599424 0.224992 -0.557161 0.799344 1.99782 2.03619 -0.314192</i>
                        <i>0.877619 0.468731 0.100378 -0.432741 0.684629 0.586531 0.206203 -0.558188 0.803683 1.97939 2.00737 -0.303593</i>
                        <i>0.892118 0.450004 0.0402695 -0.3837 0.707571 0.593395 0.238536 -0.54483 0.803904 1.98865 1.99399 -0.309883</i>
                    </KeyFrames>
                </p>
            </i>
            <i>
                <p>
                    <Name><![CDATA[l_shoulder]]></Name>
                    <Exclude>0</Exclude>
                    <Additive>0</Additive>
                    <IKPriority>0</IKPriority>
                    <IKRotLimits>-1e+010 -1e+010 -1e+010 1e+010 1e+010 1e+010</IKRotLimits>
                    <IKRotLimitOrder>0</IKRotLimitOrder>
                    <KeyFrames count="33">
                        <i>0.450288 -0.866857 0.214006 0.63894 0.480251 0.600927 -0.623695 -0.133853 0.770122 2.16492 2.0829 -0.301927</i>
                        <i>0.438458 -0.871156 0.221001 0.692935 0.484268 0.534159 -0.57236 -0.0810673 0.815986 2.14455 2.08323 -0.311389</i>
                        <i>0.38479 -0.887603 0.253174 0.652892 0.455631 0.605089 -0.652433 -0.0675371 0.754831 2.17639 2.10287 -0.305955</i>
                        <i>0.466552 -0.863928 0.189625 0.592391 0.464409 0.658329 -0.656812 -0.194812 0.728454 2.16526 2.09718 -0.278406</i>
                        <i>0.433541 -0.880227 0.192985 0.639101 0.45132 0.622784 -0.63529 -0.146666 0.758219 2.18813 2.08305 -0.292319</i>
                        <i>0.413815 -0.889987 0.191521 0.694311 0.444613 0.565908 -0.588803 -0.101206 0.801915 2.17453 2.08657 -0.298476</i>
                        <i>0.363861 -0.906843 0.2127 0.652064 0.411056 0.637059 -0.665145 -0.0931065 0.740887 2.20868 2.10418 -0.288659</i>
                        <i>0.449749 -0.880931 0.147261 0.590895 0.417111 0.690551 -0.669753 -0.223559 0.708134 2.19557 2.09891 -0.257824</i>
                        <i>0.411281 -0.898404 0.154009 0.639302 0.404747 0.653815 -0.649724 -0.170444 0.740816 2.21277 2.08962 -0.271508</i>
                        <i>0.405485 -0.902324 0.146262 0.696176 0.408529 0.59029 -0.592386 -0.13753 0.793829 2.18948 2.09301 -0.277721</i>
                        <i>0.375129 -0.912833 0.16129 0.652716 0.383661 0.653273 -0.65821 -0.139785 0.739743 2.21136 2.10973 -0.265882</i>
                        <i>0.514026 -0.855001 0.0689258 0.592085 0.411804 0.692714 -0.620655 -0.315263 0.717912 2.18588 2.08204 -0.234681</i>
                        <i>0.494099 -0.866638 0.069321 0.642171 0.417544 0.642863 -0.586074 -0.273122 0.762838 2.19337 2.066 -0.251175</i>
                        <i>0.487184 -0.870967 0.0637885 0.698358 0.432407 0.570368 -0.524354 -0.233327 0.818909 2.16384 2.07093 -0.260076</i>
                        <i>0.466909 -0.880479 0.082176 0.655681 0.407052 0.635918 -0.593362 -0.243035 0.767369 2.18305 2.08855 -0.249277</i>
                        <i>0.584356 -0.811456 0.00819026 0.593657 0.434348 0.677431 -0.553264 -0.390999 0.73554 2.15906 2.0636 -0.220827</i>
                        <i>0.552053 -0.833545 0.0209915 0.64319 0.441732 0.625444 -0.530608 -0.331776 0.779987 2.17253 2.04772 -0.2421</i>
                        <i>0.530769 -0.847139 0.025289 0.698051 0.453891 0.553811 -0.480633 -0.276293 0.832258 2.15246 2.05073 -0.255594</i>
                        <i>0.49417 -0.867235 0.060823 0.656048 0.417907 0.628455 -0.570436 -0.270661 0.775464 2.18305 2.0713 -0.249277</i>
                        <i>0.562973 -0.826035 0.0269774 0.593229 0.426603 0.682707 -0.575448 -0.368341 0.730194 2.1706 2.06688 -0.225889</i>
                        <i>0.504497 -0.861192 0.0618906 0.6423 0.422238 0.639661 -0.577003 -0.282955 0.766162 2.19337 2.05886 -0.251175</i>
                        <i>0.466438 -0.880473 0.0848642 0.697659 0.425169 0.576631 -0.54379 -0.209756 0.812585 2.17887 2.06875 -0.267863</i>
                        <i>0.409736 -0.902048 0.13574 0.653458 0.394074 0.646296 -0.636482 -0.176111 0.750917 2.21136 2.09149 -0.265882</i>
