<?xml version="1.0" encoding="ISO-8859-1" ?>
<Animl Version="1">
    <ModellingPackage>
        <![CDATA[Maya.2010]]>
</ModellingPackage>
    <SrcFile>
        <![CDATA[anims\turrets\machinegun\blue\~src\mgun_m60\mgun_m60_aim_low_crewman_c.mb]]>
</SrcFile>
    <FramesPerSecond>30</FramesPerSecond>
    <TotalFrames>30</TotalFrames>
    <Skeleton>
        <RefFrame>
            <Name>
                <![CDATA[soldier_ref_frame]]>
</Name>
            <Exclude>0</Exclude>
            <Additive>0</Additive>
            <IKPriority>0</IKPriority>
            <IKRotLimits>-1e+010 -1e+010 -1e+010 1e+010 1e+010 1e+010</IKRotLimits>
            <IKRotLimitOrder>0</IKRotLimitOrder>
            <KeyFrames count="30">
                <i>1 0 0 0 1 0 0 0 1 -1.51 0.91 -0.74</i>
                <i>1 0 0 0 1 0 0 0 1 -1.51 0.91 -0.74</i>
                <i>1 0 0 0 1 0 0 0 1 -1.51 0.91 -0.74</i>
                <i>1 0 0 0 1 0 0 0 1 -1.51 0.91 -0.74</i>
                <i>1 0 0 0 1 0 0 0 1 -1.51 0.91 -0.74</i>
                <i>1 0 0 0 1 0 0 0 1 -1.51 0.91 -0.74</i>
                <i>1 0 0 0 1 0 0 0 1 -1.51 0.91 -0.74</i>
                <i>1 0 0 0 1 0 0 0 1 -1.51 0.91 -0.74</i>
                <i>1 0 0 0 1 0 0 0 1 -1.51 0.91 -0.74</i>
                <i>1 0 0 0 1 0 0 0 1 -1.51 0.91 -0.74</i>
                <i>1 0 0 0 1 0 0 0 1 -1.51 0.91 -0.74</i>
                <i>1 0 0 0 1 0 0 0 1 -1.51 0.91 -0.74</i>
                <i>1 0 0 0 1 0 0 0 1 -1.51 0.91 -0.74</i>
                <i>1 0 0 0 1 0 0 0 1 -1.51 0.91 -0.74</i>
                <i>1 0 0 0 1 0 0 0 1 -1.51 0.91 -0.74</i>
                <i>1 0 0 0 1 0 0 0 1 -1.51 0.91 -0.74</i>
                <i>1 0 0 0 1 0 0 0 1 -1.51 0.91 -0.74</i>
                <i>1 0 0 0 1 0 0 0 1 -1.51 0.91 -0.74</i>
                <i>1 0 0 0 1 0 0 0 1 -1.51 0.91 -0.74</i>
                <i>1 0 0 0 1 0 0 0 1 -1.51 0.91 -0.74</i>
                <i>1 0 0 0 1 0 0 0 1 -1.51 0.91 -0.74</i>
                <i>1 0 0 0 1 0 0 0 1 -1.51 0.91 -0.74</i>
                <i>1 0 0 0 1 0 0 0 1 -1.51 0.91 -0.74</i>
                <i>1 0 0 0 1 0 0 0 1 -1.51 0.91 -0.74</i>
                <i>1 0 0 0 1 0 0 0 1 -1.51 0.91 -0.74</i>
                <i>1 0 0 0 1 0 0 0 1 -1.51 0.91 -0.74</i>
                <i>1 0 0 0 1 0 0 0 1 -1.51 0.91 -0.74</i>
                <i>1 0 0 0 1 0 0 0 1 -1.51 0.91 -0.74</i>
                <i>1 0 0 0 1 0 0 0 1 -1.51 0.91 -0.74</i>
                <i>1 0 0 0 1 0 0 0 1 -1.51 0.91 -0.74</i>
            </KeyFrames>
        </RefFrame>
        <Bones count="23">
            <i>
                <p>
                    <Name>
                        <![CDATA[pelvis]]>
</Name>
                    <Exclude>0</Exclude>
                    <Additive>0</Additive>
                    <IKPriority>0</IKPriority>
                    <IKRotLimits>-1e+010 -1e+010 -1e+010 1e+010 1e+010 1e+010</IKRotLimits>
                    <IKRotLimitOrder>2</IKRotLimitOrder>
                    <KeyFrames count="30">
                        <i>1 0 0 0 1 0 0 0 1 -1.49595 1.72837 -0.838397</i>
                        <i>1 0 0 0 1 0 0 0 1 -1.49595 1.72808 -0.838397</i>
                        <i>1 0 0 0 1 0 0 0 1 -1.49595 1.72728 -0.838397</i>
                        <i>1 0 0 0 1 0 0 0 1 -1.49595 1.72608 -0.838397</i>
                        <i>1 0 0 0 1 0 0 0 1 -1.49595 1.72457 -0.838397</i>
                        <i>1 0 0 0 1 0 0 0 1 -1.49595 1.72286 -0.838397</i>
                        <i>1 0 0 0 1 0 0 0 1 -1.49595 1.72105 -0.838397</i>
                        <i>1 0 0 0 1 0 0 0 1 -1.49595 1.71923 -0.838397</i>
                        <i>1 0 0 0 1 0 0 0 1 -1.49595 1.71752 -0.838397</i>
                        <i>1 0 0 0 1 0 0 0 1 -1.49595 1.71601 -0.838397</i>
                        <i>1 0 0 0 1 0 0 0 1 -1.49595 1.71481 -0.838397</i>
                        <i>1 0 0 0 1 0 0 0 1 -1.49595 1.71402 -0.838397</i>
                        <i>1 0 0 0 1 0 0 0 1 -1.49595 1.71373 -0.838397</i>
                        <i>1 0 0 0 1 0 0 0 1 -1.49595 1.71386 -0.838397</i>
                        <i>1 0 0 0 1 0 0 0 1 -1.49595 1.71425 -0.838397</i>
                        <i>1 0 0 0 1 0 0 0 1 -1.49595 1.71486 -0.838397</i>
                        <i>1 0 0 0 1 0 0 0 1 -1.49595 1.71565 -0.838397</i>
                        <i>1 0 0 0 1 0 0 0 1 -1.49595 1.7166 -0.838397</i>
                        <i>1 0 0 0 1 0 0 0 1 -1.49595 1.71767 -0.838397</i>
                        <i>1 0 0 0 1 0 0 0 1 -1.49595 1.71883 -0.838397</i>
                        <i>1 0 0 0 1 0 0 0 1 -1.49595 1.72005 -0.838397</i>
                        <i>1 0 0 0 1 0 0 0 1 -1.49595 1.7213 -0.838397</i>
                        <i>1 0 0 0 1 0 0 0 1 -1.49595 1.72254 -0.838397</i>
                        <i>1 0 0 0 1 0 0 0 1 -1.49595 1.72374 -0.838397</i>
                        <i>1 0 0 0 1 0 0 0 1 -1.49595 1.72487 -0.838397</i>
                        <i>1 0 0 0 1 0 0 0 1 -1.49595 1.72591 -0.838397</i>
                        <i>1 0 0 0 1 0 0 0 1 -1.49595 1.7268 -0.838397</i>
                        <i>1 0 0 0 1 0 0 0 1 -1.49595 1.72754 -0.838397</i>
                        <i>1 0 0 0 1 0 0 0 1 -1.49595 1.72807 -0.838397</i>
                        <i>1 0 0 0 1 0 0 0 1 -1.49595 1.72837 -0.838397</i>
                    </KeyFrames>
                </p>
            </i>
            <i>
                <p>
                    <Name>
                        <![CDATA[spine0]]>
</Name>
                    <Exclude>0</Exclude>
                    <Additive>0</Additive>
                    <IKPriority>0</IKPriority>
                    <IKRotLimits>-1e+010 -1e+010 -1e+010 1e+010 1e+010 1e+010</IKRotLimits>
                    <IKRotLimitOrder>0</IKRotLimitOrder>
                    <KeyFrames count="30">
                        <i>0.0434342 0.981897 0.18437 -0.989588 0.0169363 0.142931 0.137221 -0.188659 0.972409 -1.5031 1.87108 -0.855153</i>
                        <i>0.0434433 0.981757 0.18511 -0.989592 0.0168443 0.142911 0.137186 -0.189392 0.972271 -1.5031 1.87079 -0.855153</i>
                        <i>0.0433513 0.981702 0.185422 -0.989599 0.0167127 0.142882 0.137169 -0.189687 0.972216 -1.5031 1.86999 -0.855153</i>
                        <i>0.0431911 0.981708 0.185429 -0.989606 0.0165568 0.142849 0.137166 -0.189671 0.972219 -1.5031 1.86878 -0.855153</i>
                        <i>0.0429949 0.981751 0.185248 -0.989614 0.0163917 0.142813 0.13717 -0.189464 0.972259 -1.5031 1.86727 -0.855153</i>
                        <i>0.0427943 0.981808 0.184993 -0.989622 0.0162325 0.142779 0.137178 -0.189183 0.972313 -1.5031 1.86556 -0.855153</i>
                        <i>0.0426204 0.981857 0.184773 -0.989628 0.0160942 0.142749 0.137185 -0.188941 0.972359 -1.5031 1.86375 -0.855153</i>
                        <i>0.0425036 0.981876 0.184696 -0.989633 0.0159918 0.142727 0.137186 -0.188847 0.972377 -1.5031 1.86194 -0.855153</i>
                        <i>0.0424742 0.981845 0.184866 -0.989635 0.0159401 0.142716 0.137178 -0.189012 0.972346 -1.5031 1.86023 -0.855153</i>
                        <i>0.0425222 0.98178 0.185202 -0.989635 0.0159408 0.142716 0.137163 -0.189351 0.972282 -1.5031 1.85872 -0.855153</i>
                        <i>0.0426064 0.981724 0.18548 -0.989633 0.0159842 0.142725 0.137152 -0.189639 0.972228 -1.5031 1.85752 -0.855153</i>
                        <i>0.0427157 0.981683 0.18567 -0.98963 0.0160639 0.142742 0.137145 -0.189842 0.972189 -1.5031 1.85672 -0.855153</i>
                        <i>0.0428409 0.981659 0.185767 -0.989624 0.0161719 0.142766 0.137143 -0.189956 0.972167 -1.5031 1.85643 -0.855153</i>
                        <i>0.0429731 0.981654 0.185767 -0.989618 0.0162998 0.142793 0.137146 -0.189974 0.972163 -1.5031 1.85657 -0.855153</i>
                        <i>0.0431032 0.981667 0.185664 -0.989612 0.0164396 0.142823 0.137153 -0.189892 0.972178 -1.5031 1.85696 -0.855153</i>
                        <i>0.0432216 0.981702 0.185453 -0.989605 0.016583 0.142854 0.137165 -0.1897 0.972214 -1.5031 1.85756 -0.855153</i>
                        <i>0.0433185 0.98176 0.185124 -0.989598 0.0167217 0.142884 0.137182 -0.189388 0.972272 -1.5031 1.85835 -0.855153</i>
                        <i>0.0433836 0.981844 0.184663 -0.989592 0.0168476 0.142911 0.137206 -0.188941 0.972356 -1.5031 1.8593 -0.855153</i>
                        <i>0.0434063 0.981957 0.184055 -0.989587 0.0169524 0.142934 0.137235 -0.188343 0.972468 -1.5031 1.86037 -0.855153</i>
                        <i>0.0433754 0.982103 0.183283 -0.989583 0.017028 0.14295 0.137271 -0.187574 0.972611 -1.5031 1.86153 -0.855153</i>
                        <i>0.0433203 0.982248 0.182516 -0.989581 0.0170794 0.142961 0.137306 -0.186807 0.972754 -1.5031 1.86275 -0.855153</i>
                        <i>0.0432775 0.982358 0.181934 -0.989579 0.0171174 0.14297 0.137333 -0.186225 0.972862 -1.5031 1.864 -0.855153</i>
                        <i>0.0432462 0.982435 0.181524 -0.989578 0.0171431 0.142975 0.137352 -0.185815 0.972937 -1.5031 1.86524 -0.855153</i>
                        <i>0.0432274 0.982478 0.181296 -0.989577 0.0171561 0.142978 0.137362 -0.185587 0.972979 -1.5031 1.86644 -0.855153</i>
                        <i>0.043222 0.982485 0.18126 -0.989577 0.0171559 0.142978 0.137364 -0.18555 0.972986 -1.5031 1.86758 -0.855153</i>
                        <i>0.0432311 0.982454 0.181426 -0.989578 0.0171419 0.142975 0.137356 -0.185716 0.972956 -1.5031 1.86861 -0.855153</i>
                        <i>0.0432556 0.982382 0.181807 -0.989579 0.0171136 0.142969 0.137339 -0.186097 0.972885 -1.5031 1.86951 -0.855153</i>
                        <i>0.0432968 0.982268 0.182415 -0.989581 0.0170704 0.14296 0.137311 -0.186704 0.972773 -1.5031 1.87024 -0.855153</i>
                        <i>0.0433558 0.982107 0.183265 -0.989584 0.0170115 0.142947 0.137271 -0.187553 0.972615 -1.5031 1.87077 -0.855153</i>
                        <i>0.0434342 0.981897 0.18437 -0.989588 0.0169363 0.142931 0.137221 -0.188659 0.972409 -1.5031 1.87108 -0.855153</i>
                    </KeyFrames>
                </p>
            </i>
            <i>
                <p>
                    <Name>
                        <![CDATA[spine1]]>
</Name>
                    <Exclude>0</Exclude>
                    <Additive>0</Additive>
                    <IKPriority>0</IKPriority>
                    <IKRotLimits>-1e+010 -1e+010 -1e+010 1e+010 1e+010 1e+010</IKRotLimits>
                    <IKRotLimitOrder>0</IKRotLimitOrder>
                    <KeyFrames count="30">
                        <i>0.131458 0.887647 0.441363 -0.987456 0.0779695 0.1373 0.0874612 -0.453876 0.886762 -1.4955 2.04302 -0.822889</i>
                        <i>0.131348 0.887753 0.441183 -0.987478 0.0779395 0.137158 0.0873769 -0.453674 0.886874 -1.4955 2.04262 -0.822775</i>
                        <i>0.13092 0.88864 0.439522 -0.987523 0.0777599 0.136935 0.0875089 -0.451966 0.887733 -1.49552 2.04172 -0.822737</i>
                        <i>0.130277 0.890052 0.436848 -0.987583 0.0774783 0.136661 0.0877892 -0.449227 0.889094 -1.49555 2.04043 -0.822753</i>
                        <i>0.129523 0.891733 0.433631 -0.987651 0.0771428 0.136365 0.08815 -0.445938 0.890712 -1.49559 2.03883 -0.822801</i>
                        <i>0.128759 0.893434 0.430345 -0.987717 0.0768014 0.136078 0.0885252 -0.44258 0.892349 -1.49563 2.03705 -0.82286</i>
                        <i>0.128091 0.894911 0.427466 -0.987774 0.0765026 0.135827 0.0888511 -0.439638 0.893769 -1.49566 2.03517 -0.822912</i>
                        <i>0.127622 0.895927 0.425474 -0.987816 0.0762947 0.135644 0.0890657 -0.437601 0.894747 -1.49569 2.03331 -0.822935</i>
                        <i>0.12746 0.896246 0.424849 -0.987833 0.0762263 0.135557 0.0891078 -0.436957 0.895057 -1.49569 2.03156 -0.822912</i>
                        <i>0.127582 0.89593 0.425479 -0.987827 0.076287 0.135567 0.0890001 -0.437595 0.894757 -1.49569 2.03003 -0.822855</i>
                        <i>0.127869 0.89527 0.426781 -0.987805 0.0764192 0.135651 0.0888303 -0.438922 0.894123 -1.49567 2.02883 -0.822804</i>
                        <i>0.12828 0.894354 0.428574 -0.987771 0.0766045 0.135798 0.0886205 -0.440753 0.893243 -1.49565 2.02806 -0.822764</i>
                        <i>0.128776 0.893265 0.430691 -0.987727 0.0768256 0.135991 0.088388 -0.442918 0.892195 -1.49563 2.02783 -0.822737</i>
                        <i>0.12932 0.892084 0.432968 -0.987677 0.077065 0.136217 0.0881505 -0.445249 0.891057 -1.4956 2.02804 -0.822723</i>
                        <i>0.129872 0.890897 0.435241 -0.987625 0.0773057 0.136461 0.0879261 -0.447578 0.889912 -1.49557 2.02851 -0.822726</i>
                        <i>0.130395 0.889789 0.437347 -0.987573 0.0775305 0.136708 0.0877334 -0.449738 0.888841 -1.49555 2.02922 -0.822746</i>
                        <i>0.130851 0.888847 0.439123 -0.987525 0.0777225 0.136943 0.0875916 -0.451564 0.887929 -1.49553 2.03012 -0.822786</i>
                        <i>0.131201 0.888158 0.44041 -0.987485 0.0778648 0.137152 0.0875202 -0.452893 0.887259 -1.49551 2.03117 -0.82285</i>
                        <i>0.13141 0.887811 0.441047 -0.987455 0.0779411 0.13732 0.0875387 -0.45356 0.886916 -1.4955 2.03235 -0.82294</i>
                        <i>0.131439 0.887892 0.440876 -0.98744 0.0779347 0.137433 0.0876662 -0.453403 0.886984 -1.49551 2.03361 -0.823061</i>
                        <i>0.131372 0.888185 0.440305 -0.987434 0.0778863 0.137504 0.0878355 -0.452837 0.887256 -1.49551 2.03492 -0.823185</i>
                        <i>0.131317 0.888417 0.439853 -0.98743 0.0778477 0.137557 0.0879664 -0.452388 0.887472 -1.49552 2.03624 -0.823278</i>
                        <i>0.131273 0.888591 0.439516 -0.987427 0.0778185 0.137592 0.0880607 -0.452052 0.887634 -1.49552 2.03752 -0.823344</i>
                        <i>0.131244 0.888699 0.439305 -0.987426 0.0777999 0.13761 0.0881156 -0.451842 0.887736 -1.49553 2.03875 -0.823381</i>
                        <i>0.13123 0.888736 0.439234 -0.987427 0.077793 0.137608 0.0881283 -0.45177 0.887771 -1.49553 2.03989 -0.823387</i>
                        <i>0.131233 0.888697 0.439313 -0.987429 0.0777988 0.137588 0.0880958 -0.451847 0.887735 -1.49553 2.0409 -0.823361</i>
                        <i>0.131256 0.888574 0.439555 -0.987434 0.0778183 0.137547 0.0880154 -0.452085 0.887622 -1.49552 2.04175 -0.8233</i>
                        <i>0.1313 0.888362 0.43997 -0.987439 0.0778527 0.137486 0.0878846 -0.452496 0.887425 -1.49552 2.04241 -0.823203</i>
                        <i>0.131367 0.888055 0.440569 -0.987447 0.0779027 0.137404 0.0877007 -0.453089 0.887141 -1.49551 2.04285 -0.823066</i>
                        <i>0.131458 0.887647 0.441363 -0.987456 0.0779695 0.1373 0.0874612 -0.453876 0.886762 -1.4955 2.04302 -0.822889</i>
                    </KeyFrames>
                </p>
            </i>
            <i>
                <p>
                    <Name>
                        <![CDATA[spine2]]>
</Name>
                    <Exclude>0</Exclude>
                    <Additive>0</Additive>
                    <IKPriority>0</IKPriority>
                    <IKRotLimits>-1e+010 -1e+010 -1e+010 1e+010 1e+010 1e+010</IKRotLimits>
                    <IKRotLimitOrder>0</IKRotLimitOrder>
                    <KeyFrames count="30">
                        <i>0.139626 0.605907 0.783186 -0.990188 0.0808733 0.113963 0.00571212 -0.791414 0.611254 -1.47434 2.18595 -0.751716</i>
                        <i>0.139413 0.60926 0.780619 -0.990215 0.0808367 0.113753 0.00620252 -0.788839 0.614568 -1.47437 2.1855 -0.751667</i>
                        <i>0.138913 0.614601 0.776511 -0.990279 0.0805801 0.113376 0.00710976 -0.784712 0.61982 -1.47447 2.18467 -0.751935</i>
                        <i>0.138215 0.621179 0.771384 -0.990368 0.0801715 0.112892 0.008283 -0.779557 0.626276 -1.47461 2.18353 -0.752419</i>
                        <i>0.137412 0.628252 0.765779 -0.990468 0.0796798 0.11236 0.00957335 -0.773919 0.633212 -1.47478 2.18214 -0.753021</i>
                        <i>0.1366 0.635098 0.760257 -0.990567 0.0791756 0.11184 0.0108354 -0.768363 0.639922 -1.47495 2.18056 -0.753643</i>
                        <i>0.135881 0.641014 0.755406 -0.990653 0.0787313 0.111388 0.0119273 -0.763481 0.64572 -1.4751 2.17887 -0.754185</i>
                        <i>0.135363 0.645313 0.75183 -0.990715 0.0784212 0.111063 0.0127107 -0.759882 0.649936 -1.47521 2.17712 -0.754551</i>
                        <i>0.135154 0.647318 0.750142 -0.990739 0.07832 0.110918 0.0130483 -0.758186 0.651908 -1.47525 2.17539 -0.754642</i>
                        <i>0.135246 0.647034 0.750371 -0.990727 0.0784125 0.110953 0.0129519 -0.758419 0.651639 -1.47522 2.1738 -0.75449</i>
                        <i>0.135531 0.645028 0.752044 -0.990694 0.0786114 0.111115 0.0125532 -0.760105 0.649679 -1.47516 2.17251 -0.754223</i>
                        <i>0.135969 0.641582 0.754907 -0.990642 0.0788881 0.111382 0.0119076 -0.762987 0.646304 -1.47507 2.17163 -0.75388</i>
                        <i>0.136512 0.637027 0.758657 -0.990576 0.0792162 0.111728 0.0110757 -0.76676 0.641838 -1.47495 2.17126 -0.753489</i>
                        <i>0.137117 0.631695 0.762994 -0.990503 0.0795692 0.112126 0.0101187 -0.771123 0.636606 -1.47483 2.17134 -0.75308</i>
                        <i>0.13774 0.625923 0.767625 -0.990427 0.0799214 0.112551 0.00909864 -0.775779 0.630939 -1.47471 2.17169 -0.752683</i>
                        <i>0.13834 0.620057 0.772264 -0.990352 0.0802477 0.112976 0.00807905 -0.780442 0.625176 -1.47459 2.17229 -0.752326</i>
                        <i>0.138877 0.61445 0.776637 -0.990284 0.0805236 0.113374 0.00712485 -0.784836 0.619663 -1.47448 2.17311 -0.752041</i>
                        <i>0.139314 0.609463 0.780479 -0.990228 0.0807253 0.113718 0.00630222 -0.788694 0.614753 -1.4744 2.17413 -0.751858</i>
                        <i>0.139616 0.605462 0.783533 -0.990189 0.0808296 0.113981 0.00567829 -0.791759 0.610807 -1.47434 2.17533 -0.751808</i>
                        <i>0.139748 0.602816 0.785546 -0.990173 0.0808134 0.114136 0.00532049 -0.793777 0.608186 -1.47433 2.17667 -0.751924</i>
                        <i>0.139777 0.601189 0.786787 -0.99017 0.0807368 0.114218 0.00514374 -0.795017 0.606565 -1.47434 2.17807 -0.752113</i>
                        <i>0.139795 0.599991 0.787698 -0.990168 0.0806759 0.114276 0.00501668 -0.795928 0.60537 -1.47435 2.17946 -0.752259</i>
                        <i>0.139802 0.59919 0.788306 -0.990167 0.0806301 0.114315 0.00493502 -0.796536 0.604571 -1.47436 2.18081 -0.752366</i>
                        <i>0.139801 0.5988 0.788602 -0.990167 0.0806013 0.114332 0.00489967 -0.796832 0.604181 -1.47436 2.18207 -0.752429</i>
                        <i>0.139791 0.598837 0.788576 -0.990169 0.080591 0.114328 0.00491152 -0.796805 0.604216 -1.47437 2.18321 -0.752446</i>
                        <i>0.139773 0.599315 0.788216 -0.990171 0.0806009 0.114301 0.00497149 -0.796445 0.60469 -1.47437 2.1842 -0.752414</i>
                        <i>0.139747 0.600248 0.787511 -0.990174 0.0806325 0.114252 0.00508053 -0.795739 0.605618 -1.47436 2.18501 -0.752328</i>
                        <i>0.139714 0.601649 0.786447 -0.990178 0.0806875 0.11418 0.00523962 -0.794675 0.607012 -1.47436 2.18559 -0.752186</i>
                        <i>0.139674 0.603531 0.785011 -0.990183 0.0807673 0.114084 0.0054498 -0.793238 0.608887 -1.47435 2.18592 -0.751983</i>
                        <i>0.139626 0.605907 0.783186 -0.990188 0.0808733 0.113963 0.00571212 -0.791414 0.611254 -1.47434 2.18595 -0.751716</i>
                    </KeyFrames>
                </p>
            </i>
            <i>
                <p>
                    <Name>
                        <![CDATA[head]]>
</Name>
                    <Exclude>0</Exclude>
                    <Additive>0</Additive>
                    <IKPriority>0</IKPriority>
                    <IKRotLimits>-1e+010 -1e+010 -1e+010 1e+010 1e+010 1e+010</IKRotLimits>
                    <IKRotLimitOrder>0</IKRotLimitOrder>
                    <KeyFrames count="30">
                        <i>0.0462886 0.934352 0.353332 -0.052327 0.355493 -0.933213 -0.997557 0.0247083 0.0653472 -1.44209 2.34004 -0.546362</i>
                        <i>0.0444204 0.93737 0.345491 -0.0514822 0.347521 -0.936258 -0.997685 0.0238023 0.0636949 -1.44218 2.34063 -0.547125</i>
                        <i>0.0409468 0.939456 0.340215 -0.0488391 0.341975 -0.938439 -0.997967 0.0218103 0.0598849 -1.44241 2.34137 -0.548597</i>
                        <i>0.0372209 0.941512 0.334917 -0.0462731 0.336413 -0.940577 -0.998235 0.0195115 0.0560883 -1.44274 2.34212 -0.550543</i>
                        <i>0.0346498 0.944392 0.32699 -0.0456052 0.32834 -0.943458 -0.998358 0.0177781 0.0544461 -1.44312 2.34273 -0.552722</i>
                        <i>0.0335871 0.949233 0.312776 -0.047381 0.314113 -0.948202 -0.998312 0.0170277 0.0555258 -1.4435 2.34309 -0.554889</i>
                        <i>0.0333196 0.955592 0.292805 -0.0505142 0.294203 -0.954407 -0.998167 0.0170097 0.0580737 -1.44383 2.34306 -0.556791</i>
                        <i>0.0336892 0.962048 0.270794 -0.0543684 0.272311 -0.960672 -0.997953 0.0176416 0.0614789 -1.44407 2.34254 -0.558168</i>
                        <i>0.0345906 0.967484 0.250558 -0.058317 0.252234 -0.965907 -0.997699 0.0187995 0.0651457 -1.44417 2.3414 -0.558759</i>
                        <i>0.0358184 0.971299 0.235151 -0.0617673 0.237003 -0.969543 -0.997448 0.0202029 0.0684836 -1.44412 2.33976 -0.558578</i>
                        <i>0.0370881 0.973203 0.226935 -0.0641259 0.228941 -0.971326 -0.997252 0.0214722 0.0708986 -1.44398 2.33792 -0.557865</i>
                        <i>0.0382273 0.972804 0.228455 -0.0647521 0.230553 -0.970903 -0.997169 0.022322 0.0718045 -1.44378 2.33607 -0.556727</i>
                        <i>0.0392955 0.970411 0.23824 -0.0639116 0.240377 -0.968573 -0.997182 0.0228343 0.0714662 -1.44352 2.33442 -0.555277</i>
                        <i>0.0404291 0.966774 0.252415 -0.0623908 0.254571 -0.965039 -0.997233 0.0232673 0.0706099 -1.44324 2.33297 -0.553632</i>
                        <i>0.041541 0.962027 0.269773 -0.06033 0.271929 -0.960424 -0.997314 0.0236216 0.0693352 -1.44296 2.33166 -0.551903</i>
                        <i>0.042546 0.956349 0.289113 -0.0578776 0.291248 -0.954895 -0.997417 0.0238938 0.0677426 -1.44268 2.33056 -0.550201</i>
                        <i>0.0433672 0.949992 0.309249 -0.0551912 0.311346 -0.948693 -0.997534 0.0240744 0.0659334 -1.44243 2.32974 -0.548634</i>
                        <i>0.0439404 0.9433 0.329021 -0.0524366 0.331063 -0.942151 -0.997657 0.0241457 0.0640105 -1.44224 2.32928 -0.547307</i>
                        <i>0.0442161 0.936711 0.3473 -0.0497854 0.349274 -0.935697 -0.997781 0.0240824 0.0620781 -1.4421 2.32925 -0.546322</i>
                        <i>0.0441601 0.930747 0.362988 -0.0474124 0.364886 -0.929844 -0.997899 0.0238518 0.0602423 -1.44206 2.32975 -0.545781</i>
                        <i>0.0439141 0.925663 0.375791 -0.0454153 0.377615 -0.924848 -0.998003 0.0235472 0.0586219 -1.44205 2.3306 -0.545533</i>
                        <i>0.0436739 0.921568 0.385753 -0.0438472 0.387518 -0.920819 -0.998083 0.0233016 0.0573326 -1.44206 2.33158 -0.545358</i>
                        <i>0.0434993 0.918787 0.392351 -0.0428095 0.394076 -0.91808 -0.998136 0.0231395 0.0564748 -1.44206 2.33265 -0.545247</i>
                        <i>0.0434414 0.91767 0.394962 -0.0424122 0.396673 -0.91698 -0.998155 0.0230837 0.0561524 -1.44207 2.33377 -0.545201</i>
                        <i>0.0437746 0.918133 0.393848 -0.0429969 0.395592 -0.917419 -0.998116 0.0232254 0.0567937 -1.44207 2.33492 -0.545222</i>
                        <i>0.0445491 0.919766 0.389931 -0.0445586 0.391759 -0.918988 -0.998013 0.0235653 0.058436 -1.44208 2.33607 -0.545309</i>
                        <i>0.0454715 0.922393 0.383568 -0.0466891 0.385508 -0.921523 -0.997874 0.0239946 0.0605953 -1.44208 2.33718 -0.545466</i>
                        <i>0.0462522 0.925825 0.375111 -0.0489762 0.377163 -0.924851 -0.997728 0.0244048 0.062788 -1.44209 2.33824 -0.545692</i>
                        <i>0.0466124 0.929873 0.364914 -0.0509992 0.36705 -0.928802 -0.99761 0.0246834 0.0645319 -1.44209 2.3392 -0.54599</i>
                        <i>0.0462886 0.934352 0.353332 -0.052327 0.355493 -0.933213 -0.997557 0.0247083 0.0653472 -1.44209 2.34004 -0.546362</i>
                    </KeyFrames>
                </p>
            </i>
            <i>
                <p>
                    <Name>
                        <![CDATA[head_prop]]>
</Name>
                    <Exclude>0</Exclude>
                    <Additive>0</Additive>
                    <IKPriority>0</IKPriority>
                    <IKRotLimits>-1e+010 -1e+010 -1e+010 1e+010 1e+010 1e+010</IKRotLimits>
                    <IKRotLimitOrder>0</IKRotLimitOrder>
                    <KeyFrames count="30">
                        <i>0.997557 -0.0247083 -0.0653472 0.0462886 0.934352 0.353332 0.052327 -0.355493 0.933213 -1.42701 2.64456 -0.431208</i>
                        <i>0.997685 -0.0238023 -0.0636949 0.0444204 0.93737 0.345491 0.0514822 -0.347521 0.936258 -1.42771 2.64613 -0.434526</i>
                        <i>0.997967 -0.0218103 -0.0598849 0.0409468 0.939456 0.340215 0.0488391 -0.341975 0.938439 -1.42907 2.64755 -0.437718</i>
                        <i>0.998235 -0.0195115 -0.0560883 0.0372209 0.941512 0.334917 0.0462731 -0.336413 0.940577 -1.43061 2.64897 -0.44139</i>
                        <i>0.998358 -0.0177781 -0.0544461 0.0346498 0.944392 0.32699 0.0456052 -0.32834 0.943458 -1.43182 2.65052 -0.446153</i>
                        <i>0.998312 -0.0170277 -0.0555258 0.0335871 0.949233 0.312776 0.047381 -0.314113 0.948202 -1.43255 2.65245 -0.452953</i>
                        <i>0.998167 -0.0170097 -0.0580737 0.0333196 0.955592 0.292805 0.0505142 -0.294203 0.954407 -1.43298 2.6545 -0.461363</i>
                        <i>0.997953 -0.0176416 -0.0614789 0.0336892 0.962048 0.270794 0.0543684 -0.272311 0.960672 -1.43309 2.65608 -0.469913</i>
                        <i>0.997699 -0.0187995 -0.0651457 0.0345906 0.967484 0.250558 0.058317 -0.252234 0.965907 -1.43289 2.65671 -0.4771</i>
                        <i>0.997448 -0.0202029 -0.0684836 0.0358184 0.971299 0.235151 0.0617673 -0.237003 0.969543 -1.43244 2.65631 -0.48194</i>
                        <i>0.997252 -0.0214722 -0.0708986 0.0370881 0.973203 0.226935 0.0641259 -0.228941 0.971326 -1.43189 2.6551 -0.483905</i>
                        <i>0.997169 -0.022322 -0.0718045 0.0382273 0.972804 0.228455 0.0647521 -0.230553 0.970903 -1.43132 2.65312 -0.482271</i>
                        <i>0.997182 -0.0228343 -0.0714662 0.0392955 0.970411 0.23824 0.0639116 -0.240377 0.968573 -1.43072 2.65068 -0.477632</i>
                        <i>0.997233 -0.0232673 -0.0706099 0.0404291 0.966774 0.252415 0.0623908 -0.254571 0.965039 -1.43007 2.64805 -0.471367</i>
                        <i>0.997314 -0.0236216 -0.0693352 0.041541 0.962027 0.269773 0.06033 -0.271929 0.960424 -1.42942 2.6452 -0.463981</i>
                        <i>0.997417 -0.0238938 -0.0677426 0.042546 0.956349 0.289113 0.0578776 -0.291248 0.954895 -1.42881 2.64224 -0.455977</i>
                        <i>0.997534 -0.0240744 -0.0659334 0.0433672 0.949992 0.309249 0.0551912 -0.311346 0.948693 -1.4283 2.63935 -0.447847</i>
                        <i>0.997657 -0.0241457 -0.0640105 0.0439404 0.9433 0.329021 0.0524366 -0.331063 0.942151 -1.42792 2.63671 -0.440076</i>
                        <i>0.997781 -0.0240824 -0.0620781 0.0442161 0.936711 0.3473 0.0497854 -0.349274 0.935697 -1.42769 2.63454 -0.433134</i>
                        <i>0.997899 -0.0238518 -0.0602423 0.0441601 0.930747 0.362988 0.0474124 -0.364886 0.929844 -1.42766 2.63309 -0.42748</i>
                        <i>0.998003 -0.0235472 -0.0586219 0.0439141 0.925663 0.375791 0.0454153 -0.377615 0.924848 -1.42774 2.63228 -0.42306</i>
                        <i>0.998083 -0.0233016 -0.0573326 0.0436739 0.921568 0.385753 0.0438472 -0.387518 0.920819 -1.42782 2.63193 -0.419637</i>
                        <i>0.998136 -0.0231395 -0.0564748 0.0434993 0.918787 0.392351 0.0428095 -0.394076 0.91808 -1.42788 2.63209 -0.417376</i>
                        <i>0.998155 -0.0230837 -0.0561524 0.0434414 0.91767 0.394962 0.0424122 -0.396673 0.91698 -1.42791 2.63285 -0.416479</i>
                        <i>0.998116 -0.0232254 -0.0567937 0.0437746 0.918133 0.393848 0.0429969 -0.395592 0.917419 -1.4278 2.63415 -0.416863</i>
                        <i>0.998013 -0.0235653 -0.058436 0.0445491 0.919766 0.389931 0.0445586 -0.391759 0.918988 -1.42756 2.63583 -0.418227</i>
                        <i>0.997874 -0.0239946 -0.0605953 0.0454715 0.922393 0.383568 0.0466891 -0.385508 0.921523 -1.42726 2.6378 -0.420457</i>
                        <i>0.997728 -0.0244048 -0.062788 0.0462522 0.925825 0.375111 0.0489762 -0.377163 0.924851 -1.42701 2.63997 -0.42344</i>
                        <i>0.99761 -0.0246834 -0.0645319 0.0466124 0.929873 0.364914 0.0509992 -0.36705 0.928802 -1.4269 2.64226 -0.427061</i>
                        <i>0.997557 -0.0247083 -0.0653472 0.0462886 0.934352 0.353332 0.052327 -0.355493 0.933213 -1.42701 2.64456 -0.431208</i>
                    </KeyFrames>
                </p>
            </i>
            <i>
                <p>
                    <Name>
                        <![CDATA[l_clav]]>
</Name>
                    <Exclude>0</Exclude>
                    <Additive>0</Additive>
                    <IKPriority>0</IKPriority>
                    <IKRotLimits>-1e+010 -1e+010 -1e+010 1e+010 1e+010 1e+010</IKRotLimits>
                    <IKRotLimitOrder>0</IKRotLimitOrder>
                    <KeyFrames count="30">
                        <i>0.966351 0.000301075 0.257228 -0.189134 0.678597 0.709743 -0.17434 -0.734511 0.655819 -1.37801 2.19637 -0.698232</i>
                        <i>0.966425 0.00255924 0.256938 -0.189422 0.682746 0.705675 -0.173617 -0.730651 0.660308 -1.37804 2.19609 -0.69814</i>
                        <i>0.966504 0.0059568 0.256584 -0.190037 0.688546 0.69985 -0.172501 -0.725168 0.666614 -1.37814 2.19561 -0.698387</i>
                        <i>0.966579 0.0100666 0.256169 -0.190878 0.695313 0.692897 -0.171143 -0.718637 0.673996 -1.37829 2.19495 -0.698869</i>
                        <i>0.966645 0.0144623 0.25571 -0.191837 0.702381 0.685463 -0.169693 -0.711654 0.681728 -1.37846 2.19409 -0.699483</i>
                        <i>0.966698 0.0187197 0.255236 -0.192802 0.709113 0.678222 -0.168295 -0.704846 0.689108 -1.37864 2.19304 -0.700126</i>
                        <i>0.966736 0.0224164 0.254791 -0.193655 0.714901 0.671874 -0.167089 -0.698867 0.695462 -1.37879 2.19181 -0.70069</i>
                        <i>0.966764 0.0251317 0.254434 -0.194273 0.719156 0.667138 -0.166211 -0.694394 0.700136 -1.3789 2.1904 -0.70107</i>
                        <i>0.966783 0.0264463 0.254227 -0.194533 0.721303 0.66474 -0.165795 -0.692115 0.702488 -1.37894 2.18881 -0.701157</i>
                        <i>0.966794 0.0263395 0.254198 -0.19444 0.721293 0.664778 -0.165841 -0.692129 0.702463 -1.37891 2.18717 -0.700985</i>
                        <i>0.966791 0.0251244 0.25433 -0.194111 0.719514 0.666799 -0.166241 -0.694023 0.700497 -1.37885 2.1857 -0.700698</i>
                        <i>0.966774 0.022978 0.254597 -0.193594 0.716215 0.67049 -0.16694 -0.697501 0.696867 -1.37875 2.18454 -0.700337</i>
                        <i>0.966743 0.0201145 0.254958 -0.192945 0.711712 0.675454 -0.16787 -0.702183 0.691924 -1.37864 2.18383 -0.699933</i>
                        <i>0.966697 0.0167483 0.255374 -0.192216 0.70632 0.681296 -0.168965 -0.707694 0.686017 -1.37851 2.1835 -0.699517</i>
                        <i>0.966638 0.0130948 0.25581 -0.191461 0.700365 0.687627 -0.170156 -0.713665 0.679507 -1.37838 2.18344 -0.699121</i>
                        <i>0.966568 0.00937033 0.256239 -0.190729 0.694184 0.694069 -0.171373 -0.719737 0.672763 -1.37826 2.18362 -0.698774</i>
                        <i>0.96649 0.00579216 0.256638 -0.190067 0.688126 0.700255 -0.172544 -0.725568 0.666168 -1.37815 2.18407 -0.698509</i>
                        <i>0.96641 0.00257873 0.256994 -0.189521 0.682556 0.705832 -0.173593 -0.730829 0.660117 -1.37807 2.18477 -0.698354</i>
                        <i>0.966332 -5.09923e-005 0.257298 -0.189133 0.677847 0.710459 -0.174445 -0.735203 0.655016 -1.37802 2.18574 -0.698341</i>
                        <i>0.966265 -0.00187737 0.257544 -0.188943 0.67438 0.713801 -0.175023 -0.738382 0.651275 -1.37801 2.18696 -0.698502</i>
                        <i>0.966211 -0.00307148 0.257735 -0.188879 0.67197 0.716087 -0.175389 -0.740572 0.648685 -1.37802 2.18832 -0.698733</i>
                        <i>0.96617 -0.0039553 0.257875 -0.188835 0.670174 0.71778 -0.17566 -0.742194 0.646755 -1.37803 2.18968 -0.698912</i>
                        <i>0.966142 -0.00455168 0.257971 -0.18881 0.66895 0.718928 -0.175842 -0.743294 0.645441 -1.37804 2.19101 -0.699041</i>
                        <i>0.966127 -0.00484879 0.258021 -0.188803 0.668327 0.719508 -0.175931 -0.743852 0.644773 -1.37805 2.19226 -0.699117</i>
                        <i>0.966126 -0.00483487 0.258025 -0.188813 0.668332 0.719501 -0.175925 -0.743847 0.64478 -1.37805 2.19341 -0.699136</i>
                        <i>0.96614 -0.00449835 0.257979 -0.188841 0.66899 0.718882 -0.175819 -0.743257 0.645489 -1.37805 2.19442 -0.699094</i>
                        <i>0.966169 -0.00382768 0.257882 -0.188887 0.670326 0.717625 -0.175611 -0.742057 0.646925 -1.37805 2.19525 -0.698987</i>
                        <i>0.966214 -0.0028116 0.257728 -0.18895 0.672359 0.715703 -0.175298 -0.74022 0.649111 -1.37804 2.19588 -0.69881</i>
                        <i>0.966274 -0.001439 0.257512 -0.189032 0.675111 0.713087 -0.174875 -0.737715 0.65207 -1.37803 2.19626 -0.69856</i>
                        <i>0.966351 0.000301075 0.257228 -0.189134 0.678597 0.709743 -0.17434 -0.734511 0.655819 -1.37801 2.19637 -0.698232</i>
                    </KeyFrames>
                </p>
            </i>
            <i>
                <p>
                    <Name>
                        <![CDATA[l_shoulder]]>
</Name>
                    <Exclude>0</Exclude>
                    <Additive>0</Additive>
                    <IKPriority>0</IKPriority>
                    <IKRotLimits>-1e+010 -1e+010 -1e+010 1e+010 1e+010 1e+010</IKRotLimits>
                    <IKRotLimitOrder>0</IKRotLimitOrder>
                    <KeyFrames count="30">
                        <i>0.643049 -0.548927 0.53401 0.369939 0.833201 0.411 -0.670547 -0.0667416 0.738859 -1.22646 2.19641 -0.657893</i>
                        <i>0.643613 -0.547655 0.534637 0.365464 0.83368 0.414022 -0.672457 -0.0710792 0.736715 -1.22648 2.19649 -0.657846</i>
                        <i>0.643419 -0.545718 0.536847 0.359019 0.834497 0.417996 -0.676105 -0.076208 0.732854 -1.22657 2.19655 -0.658149</i>
                        <i>0.642782 -0.543314 0.540038 0.351359 0.835539 0.422401 -0.680719 -0.0817646 0.727967 -1.22671 2.19653 -0.658696</i>
                        <i>0.642039 -0.540636 0.543598 0.343272 0.836708 0.426714 -0.685529 -0.087365 0.722784 -1.22687 2.19636 -0.659382</i>
                        <i>0.641566 -0.537864 0.546897 0.335586 0.83793 0.430413 -0.689764 -0.0926072 0.718087 -1.22704 2.19598 -0.660099</i>
                        <i>0.641776 -0.535167 0.54929 0.329166 0.83915 0.432986 -0.692657 -0.0970722 0.714705 -1.22719 2.19533 -0.660733</i>
                        <i>0.643099 -0.532713 0.550128 0.324896 0.840329 0.433925 -0.693445 -0.100322 0.713491 -1.22729 2.19434 -0.661169</i>
                        <i>0.645933 -0.530683 0.548768 0.323664 0.841424 0.432721 -0.691384 -0.101893 0.715266 -1.22733 2.19296 -0.661288</i>
                        <i>0.649851 -0.529237 0.545529 0.325441 0.84237 0.429536 -0.686863 -0.101597 0.71965 -1.2273 2.1913 -0.661121</i>
                        <i>0.653834 -0.528494 0.541474 0.329415 0.843077 0.425096 -0.681165 -0.0995721 0.725327 -1.22723 2.18964 -0.660814</i>
                        <i>0.657433 -0.52852 0.537073 0.335046 0.843463 0.419899 -0.674927 -0.0961117 0.731599 -1.22714 2.18815 -0.660411</i>
                        <i>0.660273 -0.529328 0.532777 0.341704 0.843453 0.414518 -0.668788 -0.0916434 0.737783 -1.22703 2.18698 -0.65995</i>
                        <i>0.662362 -0.530756 0.528748 0.348962 0.8431 0.409156 -0.662949 -0.0864967 0.743651 -1.22691 2.18613 -0.659469</i>
                        <i>0.663874 -0.532566 0.525019 0.356496 0.84251 0.40384 -0.657406 -0.0809317 0.749178 -1.22679 2.18549 -0.659004</i>
                        <i>0.664728 -0.534632 0.52183 0.363858 0.841726 0.398879 -0.652491 -0.0752742 0.754049 -1.22668 2.18509 -0.65859</i>
                        <i>0.664855 -0.536823 0.519412 0.370624 0.8408 0.394581 -0.648541 -0.0698327 0.75797 -1.22658 2.18498 -0.658262</i>
                        <i>0.664191 -0.539011 0.517993 0.376391 0.839795 0.391247 -0.645894 -0.0648943 0.760664 -1.22651 2.18518 -0.658052</i>
                        <i>0.662662 -0.541073 0.517803 0.380777 0.838781 0.389173 -0.644894 -0.0607231 0.761856 -1.22648 2.18573 -0.657991</i>
                        <i>0.660173 -0.542895 0.519072 0.383406 0.837826 0.388649 -0.645888 -0.0575605 0.761259 -1.22648 2.18667 -0.658113</i>
                        <i>0.657192 -0.544484 0.521187 0.384688 0.836944 0.389282 -0.648162 -0.0553388 0.759489 -1.2265 2.18784 -0.658315</i>
                        <i>0.654302 -0.545907 0.523329 0.385318 0.836115 0.390437 -0.650706 -0.0538161 0.75742 -1.22652 2.18906 -0.658471</i>
                        <i>0.651552 -0.547163 0.525446 0.385375 0.835352 0.392013 -0.653427 -0.0529231 0.755138 -1.22653 2.19029 -0.658586</i>
                        <i>0.649017 -0.548225 0.527472 0.384866 0.83467 0.39396 -0.656244 -0.052681 0.752708 -1.22654 2.1915 -0.658654</i>
                        <i>0.646777 -0.54907 0.529341 0.383794 0.834087 0.396233 -0.659076 -0.0531169 0.750198 -1.22654 2.19265 -0.658672</i>
                        <i>0.644918 -0.549668 0.530986 0.382161 0.833619 0.398789 -0.661841 -0.0542635 0.747677 -1.22654 2.19371 -0.658637</i>
                        <i>0.643526 -0.54999 0.53234 0.379965 0.833281 0.401583 -0.664456 -0.0561584 0.745215 -1.22653 2.19465 -0.658545</i>
                        <i>0.642691 -0.55 0.533338 0.377201 0.833089 0.404576 -0.666835 -0.058842 0.742879 -1.22652 2.19544 -0.658393</i>
                        <i>0.642503 -0.54966 0.533914 0.373862 0.833058 0.407728 -0.668893 -0.0623562 0.740739 -1.22649 2.19604 -0.658176</i>
                        <i>0.643049 -0.548927 0.53401 0.369939 0.833201 0.411 -0.670547 -0.0667416 0.738859 -1.22646 2.19641 -0.657893</i>
                    </KeyFrames>
                </p>
            </i>
            <i>
                <p>
                    <Name>
                        <![CDATA[l_elbow]]>
</Name>
                    <Exclude>0</Exclude>
                    <Additive>0</Additive>
                    <IKPriority>0</IKPriority>
                    <IKRotLimits>-1e+010 -1e+010 -1e+010 1e+010 1e+010 1e+010</IKRotLimits>
                    <IKRotLimitOrder>0</IKRotLimitOrder>
                    <KeyFrames count="30">
                        <i>0.137124 -0.487754 0.862145 0.368219 0.833096 0.412755 -0.919572 0.260859 0.293838 -1.01729 2.01786 -0.484191</i>
                        <i>0.13661 -0.489256 0.861375 0.363739 0.833564 0.415772 -0.921429 0.256517 0.291834 -1.01713 2.01835 -0.483941</i>
                        <i>0.137075 -0.491374 0.860094 0.357285 0.834368 0.419736 -0.923882 0.249763 0.289931 -1.01728 2.01904 -0.483524</i>
                        <i>0.138135 -0.493711 0.858585 0.349613 0.835396 0.424128 -0.926655 0.241585 0.288006 -1.01762 2.0198 -0.483034</i>
                        <i>0.139386 -0.495873 0.857136 0.341514 0.836551 0.428427 -0.929484 0.233007 0.285951 -1.01803 2.0205 -0.482562</i>
