<?xml version="1.0" encoding="ISO-8859-1" ?>
<Animl Version="1">
    <ModellingPackage>
        <![CDATA[Maya.2010]]>
</ModellingPackage>
    <SrcFile>
        <![CDATA[anims\turrets\machinegun\blue\~src\mgun_gatling\mgun_gatling_aim_low_crewman_a.mb]]>
</SrcFile>
    <FramesPerSecond>30</FramesPerSecond>
    <TotalFrames>65</TotalFrames>
    <Skeleton>
        <RefFrame>
            <Name>
                <![CDATA[soldier_ref_frame]]>
</Name>
            <Exclude>0</Exclude>
            <Additive>0</Additive>
            <IKPriority>0</IKPriority>
            <IKRotLimits>-1e+010 -1e+010 -1e+010 1e+010 1e+010 1e+010</IKRotLimits>
            <IKRotLimitOrder>0</IKRotLimitOrder>
            <KeyFrames count="65">
                <i>1 0 0 0 1 0 0 0 1 0 0.92 -1.78</i>
                <i>1 0 0 0 1 0 0 0 1 0 0.92 -1.78</i>
                <i>1 0 0 0 1 0 0 0 1 0 0.92 -1.78</i>
                <i>1 0 0 0 1 0 0 0 1 0 0.92 -1.78</i>
                <i>1 0 0 0 1 0 0 0 1 0 0.92 -1.78</i>
                <i>1 0 0 0 1 0 0 0 1 0 0.92 -1.78</i>
                <i>1 0 0 0 1 0 0 0 1 0 0.92 -1.78</i>
                <i>1 0 0 0 1 0 0 0 1 0 0.92 -1.78</i>
                <i>1 0 0 0 1 0 0 0 1 0 0.92 -1.78</i>
                <i>1 0 0 0 1 0 0 0 1 0 0.92 -1.78</i>
                <i>1 0 0 0 1 0 0 0 1 0 0.92 -1.78</i>
                <i>1 0 0 0 1 0 0 0 1 0 0.92 -1.78</i>
                <i>1 0 0 0 1 0 0 0 1 0 0.92 -1.78</i>
                <i>1 0 0 0 1 0 0 0 1 0 0.92 -1.78</i>
                <i>1 0 0 0 1 0 0 0 1 0 0.92 -1.78</i>
                <i>1 0 0 0 1 0 0 0 1 0 0.92 -1.78</i>
                <i>1 0 0 0 1 0 0 0 1 0 0.92 -1.78</i>
                <i>1 0 0 0 1 0 0 0 1 0 0.92 -1.78</i>
                <i>1 0 0 0 1 0 0 0 1 0 0.92 -1.78</i>
                <i>1 0 0 0 1 0 0 0 1 0 0.92 -1.78</i>
                <i>1 0 0 0 1 0 0 0 1 0 0.92 -1.78</i>
                <i>1 0 0 0 1 0 0 0 1 0 0.92 -1.78</i>
                <i>1 0 0 0 1 0 0 0 1 0 0.92 -1.78</i>
                <i>1 0 0 0 1 0 0 0 1 0 0.92 -1.78</i>
                <i>1 0 0 0 1 0 0 0 1 0 0.92 -1.78</i>
                <i>1 0 0 0 1 0 0 0 1 0 0.92 -1.78</i>
                <i>1 0 0 0 1 0 0 0 1 0 0.92 -1.78</i>
                <i>1 0 0 0 1 0 0 0 1 0 0.92 -1.78</i>
                <i>1 0 0 0 1 0 0 0 1 0 0.92 -1.78</i>
                <i>1 0 0 0 1 0 0 0 1 0 0.92 -1.78</i>
                <i>1 0 0 0 1 0 0 0 1 0 0.92 -1.78</i>
                <i>1 0 0 0 1 0 0 0 1 0 0.92 -1.78</i>
                <i>1 0 0 0 1 0 0 0 1 0 0.92 -1.78</i>
                <i>1 0 0 0 1 0 0 0 1 0 0.92 -1.78</i>
                <i>1 0 0 0 1 0 0 0 1 0 0.92 -1.78</i>
                <i>1 0 0 0 1 0 0 0 1 0 0.92 -1.78</i>
                <i>1 0 0 0 1 0 0 0 1 0 0.92 -1.78</i>
                <i>1 0 0 0 1 0 0 0 1 0 0.92 -1.78</i>
                <i>1 0 0 0 1 0 0 0 1 0 0.92 -1.78</i>
                <i>1 0 0 0 1 0 0 0 1 0 0.92 -1.78</i>
                <i>1 0 0 0 1 0 0 0 1 0 0.92 -1.78</i>
                <i>1 0 0 0 1 0 0 0 1 0 0.92 -1.78</i>
                <i>1 0 0 0 1 0 0 0 1 0 0.92 -1.78</i>
                <i>1 0 0 0 1 0 0 0 1 0 0.92 -1.78</i>
                <i>1 0 0 0 1 0 0 0 1 0 0.92 -1.78</i>
                <i>1 0 0 0 1 0 0 0 1 0 0.92 -1.78</i>
                <i>1 0 0 0 1 0 0 0 1 0 0.92 -1.78</i>
                <i>1 0 0 0 1 0 0 0 1 0 0.92 -1.78</i>
                <i>1 0 0 0 1 0 0 0 1 0 0.92 -1.78</i>
                <i>1 0 0 0 1 0 0 0 1 0 0.92 -1.78</i>
                <i>1 0 0 0 1 0 0 0 1 0 0.92 -1.78</i>
                <i>1 0 0 0 1 0 0 0 1 0 0.92 -1.78</i>
                <i>1 0 0 0 1 0 0 0 1 0 0.92 -1.78</i>
                <i>1 0 0 0 1 0 0 0 1 0 0.92 -1.78</i>
                <i>1 0 0 0 1 0 0 0 1 0 0.92 -1.78</i>
                <i>1 0 0 0 1 0 0 0 1 0 0.92 -1.78</i>
                <i>1 0 0 0 1 0 0 0 1 0 0.92 -1.78</i>
                <i>1 0 0 0 1 0 0 0 1 0 0.92 -1.78</i>
                <i>1 0 0 0 1 0 0 0 1 0 0.92 -1.78</i>
                <i>1 0 0 0 1 0 0 0 1 0 0.92 -1.78</i>
                <i>1 0 0 0 1 0 0 0 1 0 0.92 -1.78</i>
                <i>1 0 0 0 1 0 0 0 1 0 0.92 -1.78</i>
                <i>1 0 0 0 1 0 0 0 1 0 0.92 -1.78</i>
                <i>1 0 0 0 1 0 0 0 1 0 0.92 -1.78</i>
                <i>1 0 0 0 1 0 0 0 1 0 0.92 -1.78</i>
            </KeyFrames>
        </RefFrame>
        <Bones count="23">
            <i>
                <p>
                    <Name>
                        <![CDATA[pelvis]]>
</Name>
                    <Exclude>0</Exclude>
                    <Additive>0</Additive>
                    <IKPriority>0</IKPriority>
                    <IKRotLimits>-1e+010 -1e+010 -1e+010 1e+010 1e+010 1e+010</IKRotLimits>
                    <IKRotLimitOrder>2</IKRotLimitOrder>
                    <KeyFrames count="65">
                        <i>1 0 0 0 1 0 0 0 1 -0.0451775 2.39513 -1.42793</i>
                        <i>1 0 0 0 1 0 0 0 1 -0.0451203 2.39475 -1.42793</i>
                        <i>1 0 0 0 1 0 0 0 1 -0.0449535 2.39372 -1.42793</i>
                        <i>1 0 0 0 1 0 0 0 1 -0.0446845 2.39219 -1.42793</i>
                        <i>1 0 0 0 1 0 0 0 1 -0.0443207 2.39031 -1.42793</i>
                        <i>1 0 0 0 1 0 0 0 1 -0.0438691 2.38822 -1.42793</i>
                        <i>1 0 0 0 1 0 0 0 1 -0.0433373 2.38609 -1.42793</i>
                        <i>1 0 0 0 1 0 0 0 1 -0.0427324 2.38406 -1.42793</i>
                        <i>1 0 0 0 1 0 0 0 1 -0.0420618 2.38228 -1.42793</i>
                        <i>1 0 0 0 1 0 0 0 1 -0.0413328 2.38049 -1.42793</i>
                        <i>1 0 0 0 1 0 0 0 1 -0.0405527 2.37844 -1.42793</i>
                        <i>1 0 0 0 1 0 0 0 1 -0.0397287 2.37628 -1.42793</i>
                        <i>1 0 0 0 1 0 0 0 1 -0.0388683 2.37418 -1.42793</i>
                        <i>1 0 0 0 1 0 0 0 1 -0.0379786 2.37228 -1.42793</i>
                        <i>1 0 0 0 1 0 0 0 1 -0.037067 2.37076 -1.42793</i>
                        <i>1 0 0 0 1 0 0 0 1 -0.0361409 2.36975 -1.42793</i>
                        <i>1 0 0 0 1 0 0 0 1 -0.0352074 2.36943 -1.42793</i>
                        <i>1 0 0 0 1 0 0 0 1 -0.0342739 2.3699 -1.42793</i>
                        <i>1 0 0 0 1 0 0 0 1 -0.0333477 2.37107 -1.42793</i>
                        <i>1 0 0 0 1 0 0 0 1 -0.0324362 2.37278 -1.42793</i>
                        <i>1 0 0 0 1 0 0 0 1 -0.0315465 2.37485 -1.42793</i>
                        <i>1 0 0 0 1 0 0 0 1 -0.030686 2.37711 -1.42793</i>
                        <i>1 0 0 0 1 0 0 0 1 -0.0298621 2.37939 -1.42793</i>
                        <i>1 0 0 0 1 0 0 0 1 -0.029082 2.38153 -1.42793</i>
                        <i>1 0 0 0 1 0 0 0 1 -0.0283529 2.38335 -1.42793</i>
                        <i>1 0 0 0 1 0 0 0 1 -0.0276824 2.38508 -1.42793</i>
                        <i>1 0 0 0 1 0 0 0 1 -0.0270775 2.38699 -1.42793</i>
                        <i>1 0 0 0 1 0 0 0 1 -0.0265456 2.38896 -1.42793</i>
                        <i>1 0 0 0 1 0 0 0 1 -0.0260941 2.39084 -1.42793</i>
                        <i>1 0 0 0 1 0 0 0 1 -0.0257302 2.39253 -1.42793</i>
                        <i>1 0 0 0 1 0 0 0 1 -0.0254612 2.39389 -1.42793</i>
                        <i>1 0 0 0 1 0 0 0 1 -0.0252945 2.3948 -1.42793</i>
                        <i>1 0 0 0 1 0 0 0 1 -0.0252373 2.39513 -1.42793</i>
                        <i>1 0 0 0 1 0 0 0 1 -0.0252945 2.39475 -1.42793</i>
                        <i>1 0 0 0 1 0 0 0 1 -0.0254612 2.39372 -1.42793</i>
                        <i>1 0 0 0 1 0 0 0 1 -0.0257302 2.39219 -1.42793</i>
                        <i>1 0 0 0 1 0 0 0 1 -0.0260941 2.39031 -1.42793</i>
                        <i>1 0 0 0 1 0 0 0 1 -0.0265456 2.38822 -1.42793</i>
                        <i>1 0 0 0 1 0 0 0 1 -0.0270775 2.38609 -1.42793</i>
                        <i>1 0 0 0 1 0 0 0 1 -0.0276823 2.38406 -1.42793</i>
                        <i>1 0 0 0 1 0 0 0 1 -0.0283529 2.38228 -1.42793</i>
                        <i>1 0 0 0 1 0 0 0 1 -0.029082 2.38049 -1.42793</i>
                        <i>1 0 0 0 1 0 0 0 1 -0.0298621 2.37844 -1.42793</i>
                        <i>1 0 0 0 1 0 0 0 1 -0.030686 2.37628 -1.42793</i>
                        <i>1 0 0 0 1 0 0 0 1 -0.0315465 2.37418 -1.42793</i>
                        <i>1 0 0 0 1 0 0 0 1 -0.0324361 2.37228 -1.42793</i>
                        <i>1 0 0 0 1 0 0 0 1 -0.0333477 2.37076 -1.42793</i>
                        <i>1 0 0 0 1 0 0 0 1 -0.0342739 2.36975 -1.42793</i>
                        <i>1 0 0 0 1 0 0 0 1 -0.0352074 2.36943 -1.42793</i>
                        <i>1 0 0 0 1 0 0 0 1 -0.0361408 2.3699 -1.42793</i>
                        <i>1 0 0 0 1 0 0 0 1 -0.037067 2.37107 -1.42793</i>
                        <i>1 0 0 0 1 0 0 0 1 -0.0379786 2.37278 -1.42793</i>
                        <i>1 0 0 0 1 0 0 0 1 -0.0388683 2.37485 -1.42793</i>
                        <i>1 0 0 0 1 0 0 0 1 -0.0397287 2.37711 -1.42793</i>
                        <i>1 0 0 0 1 0 0 0 1 -0.0405527 2.37939 -1.42793</i>
                        <i>1 0 0 0 1 0 0 0 1 -0.0413328 2.38153 -1.42793</i>
                        <i>1 0 0 0 1 0 0 0 1 -0.0420618 2.38335 -1.42793</i>
                        <i>1 0 0 0 1 0 0 0 1 -0.0427324 2.38508 -1.42793</i>
                        <i>1 0 0 0 1 0 0 0 1 -0.0433373 2.38699 -1.42793</i>
                        <i>1 0 0 0 1 0 0 0 1 -0.0438691 2.38896 -1.42793</i>
                        <i>1 0 0 0 1 0 0 0 1 -0.0443207 2.39084 -1.42793</i>
                        <i>1 0 0 0 1 0 0 0 1 -0.0446845 2.39253 -1.42793</i>
                        <i>1 0 0 0 1 0 0 0 1 -0.0449535 2.39389 -1.42793</i>
                        <i>1 0 0 0 1 0 0 0 1 -0.0451203 2.3948 -1.42793</i>
                        <i>1 0 0 0 1 0 0 0 1 -0.0451775 2.39513 -1.42793</i>
                    </KeyFrames>
                </p>
            </i>
            <i>
                <p>
                    <Name>
                        <![CDATA[spine0]]>
</Name>
                    <Exclude>0</Exclude>
                    <Additive>0</Additive>
                    <IKPriority>0</IKPriority>
                    <IKRotLimits>-1e+010 -1e+010 -1e+010 1e+010 1e+010 1e+010</IKRotLimits>
                    <IKRotLimitOrder>0</IKRotLimitOrder>
                    <KeyFrames count="65">
                        <i>-0.301443 0.93922 0.164314 -0.93349 -0.325813 0.149812 0.194242 -0.108226 0.974965 -0.0743807 2.48713 -1.5346</i>
                        <i>-0.300428 0.939764 0.163053 -0.934172 -0.32442 0.148578 0.192526 -0.107682 0.975366 -0.0740427 2.48679 -1.53465</i>
                        <i>-0.29928 0.940375 0.161636 -0.934937 -0.322847 0.147181 0.190589 -0.107071 0.975813 -0.0735554 2.4858 -1.5347</i>
                        <i>-0.298084 0.941005 0.160174 -0.935726 -0.321217 0.145728 0.188581 -0.106439 0.976272 -0.0729499 2.48431 -1.53476</i>
                        <i>-0.296927 0.941609 0.158769 -0.936482 -0.319645 0.14432 0.186643 -0.105832 0.976711 -0.0722571 2.48247 -1.53481</i>
                        <i>-0.29589 0.942145 0.157519 -0.937154 -0.318241 0.143059 0.184912 -0.10529 0.977099 -0.0715083 2.48042 -1.53486</i>
                        <i>-0.295053 0.942574 0.156516 -0.937691 -0.317111 0.142041 0.183517 -0.104854 0.977408 -0.0707345 2.47831 -1.5349</i>
                        <i>-0.294495 0.942859 0.155849 -0.938048 -0.316359 0.141361 0.182587 -0.104564 0.977614 -0.069967 2.47629 -1.53492</i>
                        <i>-0.294295 0.942962 0.155606 -0.938177 -0.316088 0.141115 0.182251 -0.104456 0.977688 -0.0692369 2.47452 -1.53493</i>
                        <i>-0.294424 0.942887 0.155818 -0.938088 -0.316274 0.141286 0.182498 -0.104573 0.977629 -0.0685624 2.47272 -1.53493</i>
                        <i>-0.294767 0.942683 0.156403 -0.937849 -0.316774 0.141752 0.183172 -0.104898 0.977468 -0.0679314 2.47065 -1.53491</i>
                        <i>-0.295278 0.942377 0.157279 -0.937491 -0.317521 0.142447 0.184179 -0.105386 0.977227 -0.0673292 2.46846 -1.53488</i>
                        <i>-0.295908 0.941997 0.158369 -0.937046 -0.318446 0.143306 0.185426 -0.105994 0.976925 -0.0667412 2.46631 -1.53485</i>
                        <i>-0.296609 0.94157 0.159591 -0.936548 -0.319478 0.144263 0.186819 -0.106675 0.976585 -0.0661529 2.46437 -1.53481</i>
                        <i>-0.29733 0.941126 0.16086 -0.93603 -0.320546 0.145249 0.188261 -0.107383 0.976231 -0.0655498 2.46279 -1.53478</i>
                        <i>-0.298021 0.940697 0.162085 -0.93553 -0.321574 0.146197 0.189649 -0.108066 0.975887 -0.0649174 2.46173 -1.53474</i>
                        <i>-0.298631 0.940316 0.163173 -0.935086 -0.322484 0.147032 0.190878 -0.108673 0.97558 -0.0642413 2.46136 -1.53471</i>
                        <i>-0.299243 0.939929 0.164274 -0.934636 -0.323402 0.147874 0.192118 -0.109286 0.975268 -0.0635651 2.46179 -1.53468</i>
                        <i>-0.299946 0.939482 0.165546 -0.934116 -0.32446 0.148841 0.193546 -0.109995 0.974906 -0.0629323 2.46291 -1.53464</i>
                        <i>-0.300688 0.939005 0.166899 -0.933562 -0.325581 0.149863 0.195061 -0.110749 0.974518 -0.0623284 2.46456 -1.5346</i>
                        <i>-0.301416 0.938533 0.16824 -0.933013 -0.326688 0.150868 0.196557 -0.111496 0.974132 -0.0617389 2.46657 -1.53457</i>
                        <i>-0.302078 0.938099 0.169467 -0.932511 -0.327698 0.151783 0.197922 -0.11218 0.973777 -0.0611496 2.46878 -1.53453</i>
                        <i>-0.302617 0.937742 0.170478 -0.932097 -0.328525 0.152532 0.199042 -0.112743 0.973484 -0.060546 2.47103 -1.53451</i>
                        <i>-0.302979 0.9375 0.171163 -0.931818 -0.329083 0.153036 0.199798 -0.113126 0.973285 -0.059914 2.47313 -1.53449</i>
                        <i>-0.303109 0.937412 0.171415 -0.931716 -0.329285 0.153219 0.200074 -0.113268 0.973212 -0.0592391 2.47494 -1.53448</i>
                        <i>-0.303155 0.937422 0.171282 -0.931714 -0.329301 0.153198 0.200015 -0.113143 0.973238 -0.0585216 2.47669 -1.53448</i>
                        <i>-0.303259 0.937459 0.170895 -0.931721 -0.329316 0.153121 0.199823 -0.112791 0.973318 -0.0577878 2.47864 -1.53449</i>
                        <i>-0.303355 0.937542 0.17027 -0.931767 -0.329265 0.152957 0.199467 -0.112252 0.973454 -0.0570626 2.48065 -1.5345</i>
                        <i>-0.303376 0.937687 0.169427 -0.931877 -0.329082 0.152675 0.198917 -0.111567 0.973645 -0.0563711 2.4826 -1.53451</i>
                        <i>-0.303258 0.937913 0.168387 -0.93208 -0.328705 0.152247 0.198144 -0.11078 0.973893 -0.055738 2.48436 -1.53453</i>
                        <i>-0.302936 0.938234 0.167172 -0.932401 -0.328073 0.151644 0.197122 -0.109933 0.974196 -0.0551885 2.48578 -1.53455</i>
                        <i>-0.302351 0.938665 0.165807 -0.932864 -0.327127 0.150841 0.195829 -0.109068 0.974554 -0.0547477 2.48675 -1.53458</i>
                        <i>-0.301443 0.93922 0.164314 -0.93349 -0.325813 0.149812 0.194242 -0.108226 0.974965 -0.0544405 2.48713 -1.5346</i>
                        <i>-0.300298 0.939858 0.16275 -0.934242 -0.324228 0.148554 0.192388 -0.107437 0.97542 -0.0542331 2.4868 -1.53464</i>
                        <i>-0.299091 0.94051 0.161198 -0.935037 -0.322571 0.147149 0.190393 -0.106715 0.975891 -0.0540869 2.48581 -1.53469</i>
                        <i>-0.297891 0.941142 0.159725 -0.935827 -0.320935 0.145697 0.188383 -0.106074 0.976351 -0.0540203 2.48432 -1.53474</i>
                        <i>-0.296764 0.941723 0.158393 -0.936566 -0.319409 0.144296 0.186479 -0.105523 0.976775 -0.0540518 2.48247 -1.5348</i>
                        <i>-0.295777 0.942224 0.157259 -0.937211 -0.318077 0.143044 0.184799 -0.105076 0.977143 -0.0541997 2.48042 -1.53485</i>
                        <i>-0.294993 0.942616 0.156379 -0.937722 -0.317025 0.142033 0.183459 -0.104741 0.977431 -0.0544827 2.47831 -1.53489</i>
                        <i>-0.294478 0.942871 0.155809 -0.938057 -0.316334 0.141359 0.182571 -0.104531 0.97762 -0.0549193 2.4763 -1.53492</i>
                        <i>-0.294295 0.942962 0.155606 -0.938177 -0.316088 0.141115 0.182251 -0.104456 0.977688 -0.055528 2.47452 -1.53493</i>
                        <i>-0.294424 0.942887 0.155818 -0.938088 -0.316274 0.141286 0.182498 -0.104573 0.977629 -0.0563116 2.47272 -1.53493</i>
                        <i>-0.294767 0.942683 0.156403 -0.937849 -0.316774 0.141752 0.183172 -0.104898 0.977468 -0.0572408 2.47065 -1.53491</i>
                        <i>-0.295278 0.942377 0.157279 -0.937491 -0.317521 0.142447 0.184179 -0.105386 0.977227 -0.0582865 2.46846 -1.53488</i>
                        <i>-0.295908 0.941997 0.158369 -0.937046 -0.318446 0.143306 0.185426 -0.105994 0.976925 -0.0594194 2.46631 -1.53485</i>
                        <i>-0.296609 0.94157 0.159591 -0.936548 -0.319478 0.144263 0.186819 -0.106675 0.976585 -0.0606105 2.46437 -1.53481</i>
                        <i>-0.29733 0.941126 0.16086 -0.93603 -0.320546 0.145249 0.188261 -0.107383 0.976231 -0.0618305 2.46279 -1.53478</i>
                        <i>-0.298021 0.940697 0.162085 -0.93553 -0.321574 0.146197 0.189649 -0.108066 0.975887 -0.0630505 2.46173 -1.53474</i>
                        <i>-0.298631 0.940316 0.163173 -0.935086 -0.322484 0.147032 0.190878 -0.108673 0.97558 -0.0642413 2.46136 -1.53471</i>
                        <i>-0.299243 0.939929 0.164274 -0.934636 -0.323402 0.147874 0.192118 -0.109286 0.975268 -0.0654321 2.46179 -1.53468</i>
                        <i>-0.299946 0.939482 0.165546 -0.934116 -0.32446 0.148841 0.193546 -0.109995 0.974906 -0.0666516 2.46291 -1.53464</i>
                        <i>-0.300688 0.939005 0.166899 -0.933562 -0.325581 0.149863 0.195061 -0.110749 0.974518 -0.0678708 2.46456 -1.5346</i>
                        <i>-0.301416 0.938533 0.16824 -0.933013 -0.326688 0.150868 0.196557 -0.111496 0.974132 -0.0690607 2.46657 -1.53457</i>
                        <i>-0.302078 0.938099 0.169467 -0.932511 -0.327698 0.151783 0.197922 -0.11218 0.973777 -0.0701922 2.46878 -1.53453</i>
                        <i>-0.302617 0.937742 0.170478 -0.932097 -0.328525 0.152532 0.199042 -0.112743 0.973484 -0.0712366 2.47103 -1.53451</i>
                        <i>-0.302979 0.9375 0.171163 -0.931818 -0.329083 0.153036 0.199798 -0.113126 0.973285 -0.0721648 2.47313 -1.53449</i>
                        <i>-0.303109 0.937412 0.171415 -0.931716 -0.329285 0.153219 0.200074 -0.113268 0.973212 -0.072948 2.47494 -1.53448</i>
                        <i>-0.303133 0.937428 0.171285 -0.931727 -0.329277 0.153173 0.199989 -0.113159 0.973242 -0.0735694 2.47669 -1.53448</i>
                        <i>-0.303186 0.937481 0.170905 -0.931764 -0.329235 0.153033 0.199734 -0.112845 0.973331 -0.0740397 2.47864 -1.53449</i>
                        <i>-0.303218 0.937582 0.170289 -0.931847 -0.329114 0.152792 0.1993 -0.112354 0.973476 -0.0743713 2.48065 -1.53451</i>
                        <i>-0.303182 0.937745 0.169454 -0.931991 -0.328868 0.152442 0.19868 -0.111712 0.973677 -0.0745765 2.4826 -1.53453</i>
                        <i>-0.303031 0.93798 0.168418 -0.932213 -0.328455 0.151975 0.197867 -0.110949 0.97393 -0.0746676 2.48435 -1.53455</i>
                        <i>-0.30272 0.938298 0.167202 -0.932528 -0.327834 0.151384 0.196858 -0.110094 0.974231 -0.074657 2.48577 -1.53457</i>
                        <i>-0.302204 0.938709 0.165827 -0.932949 -0.326966 0.150664 0.19565 -0.109177 0.974578 -0.0745572 2.48675 -1.53459</i>
                        <i>-0.301443 0.93922 0.164314 -0.93349 -0.325813 0.149812 0.194242 -0.108226 0.974965 -0.0743807 2.48713 -1.5346</i>
                    </KeyFrames>
                </p>
            </i>
            <i>
                <p>
                    <Name>
                        <![CDATA[spine1]]>
</Name>
                    <Exclude>0</Exclude>
                    <Additive>0</Additive>
                    <IKPriority>0</IKPriority>
                    <IKRotLimits>-1e+010 -1e+010 -1e+010 1e+010 1e+010 1e+010</IKRotLimits>
                    <IKRotLimitOrder>0</IKRotLimitOrder>
                    <KeyFrames count="65">
                        <i>-0.239443 0.744332 0.623407 -0.947676 -0.318799 0.0166466 0.211132 -0.586802 0.78172 -0.141638 2.69653 -1.49828</i>
                        <i>-0.239534 0.746546 0.62072 -0.948026 -0.317771 0.0163464 0.20945 -0.584543 0.783862 -0.141323 2.69709 -1.49848</i>
                        <i>-0.239632 0.74904 0.617669 -0.948419 -0.316616 0.0160056 0.207552 -0.581973 0.786275 -0.140862 2.69713 -1.4987</i>
                        <i>-0.239731 0.751623 0.614485 -0.948822 -0.315423 0.0156498 0.205585 -0.579285 0.788773 -0.140284 2.69671 -1.49893</i>
                        <i>-0.239824 0.75411 0.611394 -0.949208 -0.314277 0.0153043 0.203688 -0.57667 0.791178 -0.139619 2.69592 -1.49915</i>
                        <i>-0.239905 0.756328 0.608616 -0.949549 -0.313259 0.0149936 0.201995 -0.574313 0.793324 -0.138896 2.69482 -1.49935</i>
                        <i>-0.23997 0.758113 0.606366 -0.949822 -0.312444 0.0147421 0.200631 -0.572402 0.795049 -0.138144 2.69349 -1.49951</i>
                        <i>-0.240014 0.759301 0.604859 -0.950002 -0.311903 0.0145737 0.199723 -0.57112 0.796199 -0.137392 2.69199 -1.49962</i>
                        <i>-0.240033 0.759734 0.604309 -0.950066 -0.311711 0.0145126 0.199395 -0.57065 0.796618 -0.136668 2.69041 -1.49966</i>
                        <i>-0.24001 0.759367 0.604778 -0.950016 -0.311861 0.0145575 0.199661 -0.571055 0.796261 -0.135979 2.68845 -1.49962</i>
                        <i>-0.239938 0.758365 0.606063 -0.949882 -0.312263 0.0146794 0.200383 -0.572167 0.795281 -0.135306 2.68595 -1.49953</i>
                        <i>-0.239826 0.756863 0.607982 -0.949682 -0.312862 0.0148609 0.201462 -0.573826 0.793812 -0.134642 2.68312 -1.4994</i>
                        <i>-0.239686 0.755 0.610349 -0.949433 -0.313607 0.0150846 0.202798 -0.57587 0.791989 -0.133977 2.68018 -1.49923</i>
                        <i>-0.239528 0.752915 0.612981 -0.949153 -0.314442 0.0153328 0.204291 -0.57814 0.789949 -0.133304 2.67737 -1.49904</i>
                        <i>-0.239364 0.750755 0.615688 -0.948861 -0.31531 0.0155879 0.205835 -0.580471 0.787836 -0.132614 2.6749 -1.49885</i>
                        <i>-0.239205 0.748674 0.618278 -0.948577 -0.31615 0.0158319 0.207322 -0.582698 0.7858 -0.131899 2.673 -1.49866</i>
                        <i>-0.239064 0.74683 0.620558 -0.948324 -0.316897 0.0160466 0.208637 -0.584654 0.783996 -0.131151 2.67189 -1.4985</i>
                        <i>-0.238922 0.744969 0.622847 -0.948067 -0.317655 0.0162619 0.209965 -0.586615 0.782175 -0.130403 2.67157 -1.49833</i>
                        <i>-0.238758 0.742822 0.625467 -0.947768 -0.318532 0.0165085 0.211494 -0.588857 0.780076 -0.129689 2.67185 -1.49813</i>
                        <i>-0.238583 0.740544 0.628229 -0.947449 -0.319468 0.0167683 0.213116 -0.591214 0.777848 -0.129 2.67261 -1.49793</i>
                        <i>-0.23841 0.738295 0.630937 -0.947131 -0.320395 0.017023 0.214717 -0.593522 0.775647 -0.128327 2.67376 -1.49773</i>
                        <i>-0.238251 0.73624 0.633394 -0.946838 -0.321246 0.017254 0.216178 -0.595611 0.773637 -0.127663 2.67519 -1.49754</i>
                        <i>-0.23812 0.734553 0.635399 -0.946597 -0.321946 0.0174424 0.217376 -0.597313 0.771987 -0.126998 2.6768 -1.49739</i>
                        <i>-0.238028 0.733411 0.63675 -0.946434 -0.322418 0.0175692 0.218185 -0.59846 0.77087 -0.126325 2.67848 -1.49728</i>
                        <i>-0.237991 0.732993 0.637245 -0.946376 -0.322588 0.0176153 0.218479 -0.598881 0.77046 -0.125634 2.68014 -1.49725</i>
                        <i>-0.238065 0.733172 0.637012 -0.946376 -0.322587 0.0176022 0.218397 -0.598663 0.770653 -0.124947 2.68195 -1.49727</i>
                        <i>-0.238266 0.733707 0.636321 -0.946385 -0.322563 0.0175623 0.218139 -0.59802 0.771225 -0.124297 2.68409 -1.49732</i>
                        <i>-0.238546 0.7346 0.635185 -0.946423 -0.322457 0.0174934 0.21767 -0.59698 0.772162 -0.123693 2.68643 -1.49742</i>
                        <i>-0.238857 0.735849 0.633619 -0.946507 -0.322213 0.0173931 0.216959 -0.595571 0.77345 -0.123145 2.68884 -1.49754</i>
                        <i>-0.239151 0.737453 0.63164 -0.946658 -0.321778 0.0172595 0.215976 -0.59382 0.77507 -0.122662 2.69119 -1.49769</i>
                        <i>-0.239379 0.739407 0.629266 -0.946892 -0.321097 0.0170912 0.214693 -0.591755 0.777002 -0.122253 2.69334 -1.49787</i>
                        <i>-0.239493 0.741702 0.626515 -0.947226 -0.320121 0.0168871 0.213085 -0.589407 0.779227 -0.121928 2.69516 -1.49807</i>
                        <i>-0.239443 0.744332 0.623407 -0.947676 -0.318799 0.0166466 0.211132 -0.586802 0.78172 -0.121698 2.69653 -1.49828</i>
                        <i>-0.239356 0.747141 0.620072 -0.948173 -0.317334 0.016356 0.20899 -0.584021 0.784374 -0.121538 2.69729 -1.49851</i>
                        <i>-0.239372 0.749903 0.616723 -0.94863 -0.315982 0.0160201 0.206886 -0.581207 0.787018 -0.12143 2.69741 -1.49874</i>
                        <i>-0.23946 0.752509 0.613505 -0.949038 -0.314771 0.0156652 0.204902 -0.578489 0.789536 -0.121393 2.69701 -1.49897</i>
                        <i>-0.239593 0.754857 0.610562 -0.949389 -0.313728 0.0153176 0.203113 -0.575991 0.79182 -0.121447 2.69618 -1.49919</i>
                        <i>-0.239743 0.756848 0.608033 -0.949675 -0.312877 0.0150031 0.201595 -0.573837 0.79377 -0.121611 2.695 -1.49938</i>
                        <i>-0.239883 0.758387 0.606057 -0.949888 -0.312241 0.0147472 0.20042 -0.572149 0.795285 -0.121905 2.69359 -1.49952</i>
                        <i>-0.239988 0.759381 0.604769 -0.950021 -0.311844 0.0145752 0.199662 -0.571046 0.796267 -0.122348 2.69202 -1.49962</i>
                        <i>-0.240033 0.759734 0.604309 -0.950066 -0.311711 0.0145126 0.199395 -0.57065 0.796618 -0.122959 2.69041 -1.49966</i>
                        <i>-0.24001 0.759367 0.604778 -0.950016 -0.311861 0.0145575 0.199661 -0.571055 0.796261 -0.123728 2.68845 -1.49962</i>
                        <i>-0.239938 0.758365 0.606063 -0.949882 -0.312263 0.0146794 0.200383 -0.572167 0.795281 -0.124616 2.68595 -1.49953</i>
                        <i>-0.239826 0.756863 0.607982 -0.949682 -0.312862 0.0148609 0.201462 -0.573825 0.793812 -0.125599 2.68312 -1.4994</i>
                        <i>-0.239686 0.755 0.610349 -0.949433 -0.313607 0.0150846 0.202798 -0.57587 0.791989 -0.126655 2.68018 -1.49923</i>
                        <i>-0.239528 0.752915 0.612981 -0.949153 -0.314442 0.0153328 0.204291 -0.57814 0.789949 -0.127761 2.67737 -1.49904</i>
                        <i>-0.239364 0.750755 0.615688 -0.948861 -0.31531 0.0155879 0.205835 -0.580471 0.787836 -0.128895 2.6749 -1.49885</i>
                        <i>-0.239205 0.748674 0.618278 -0.948577 -0.31615 0.0158319 0.207322 -0.582698 0.7858 -0.130032 2.673 -1.49866</i>
                        <i>-0.239064 0.74683 0.620558 -0.948324 -0.316897 0.0160466 0.208637 -0.584654 0.783996 -0.131151 2.67189 -1.4985</i>
                        <i>-0.238922 0.744969 0.622847 -0.948067 -0.317655 0.0162619 0.209965 -0.586615 0.782175 -0.13227 2.67157 -1.49833</i>
                        <i>-0.238758 0.742822 0.625467 -0.947768 -0.318532 0.0165085 0.211494 -0.588857 0.780076 -0.133408 2.67185 -1.49813</i>
                        <i>-0.238583 0.740544 0.628229 -0.947449 -0.319468 0.0167683 0.213116 -0.591214 0.777848 -0.134542 2.67261 -1.49793</i>
                        <i>-0.23841 0.738295 0.630937 -0.947131 -0.320395 0.017023 0.214717 -0.593522 0.775647 -0.135649 2.67376 -1.49773</i>
                        <i>-0.238251 0.73624 0.633394 -0.946838 -0.321246 0.017254 0.216178 -0.595611 0.773637 -0.136706 2.67519 -1.49754</i>
                        <i>-0.23812 0.734553 0.635399 -0.946597 -0.321946 0.0174424 0.217376 -0.597313 0.771987 -0.137689 2.6768 -1.49739</i>
                        <i>-0.238028 0.733411 0.63675 -0.946434 -0.322418 0.0175692 0.218185 -0.59846 0.77087 -0.138576 2.67848 -1.49728</i>
                        <i>-0.237991 0.732993 0.637245 -0.946376 -0.322588 0.0176153 0.218479 -0.598881 0.77046 -0.139343 2.68014 -1.49725</i>
                        <i>-0.23807 0.733168 0.637014 -0.946376 -0.322589 0.017596 0.218395 -0.598665 0.770651 -0.139991 2.68195 -1.49727</i>
                        <i>-0.238282 0.733696 0.636327 -0.946383 -0.322569 0.0175411 0.218129 -0.59803 0.77122 -0.140534 2.6841 -1.49733</i>
                        <i>-0.238575 0.73458 0.635197 -0.946419 -0.322468 0.0174536 0.217652 -0.596998 0.772153 -0.140974 2.68644 -1.49742</i>
                        <i>-0.238898 0.735821 0.633636 -0.946503 -0.322229 0.0173368 0.216933 -0.595597 0.773437 -0.14131 2.68886 -1.49755</i>
                        <i>-0.239199 0.73742 0.631661 -0.946653 -0.321796 0.0171938 0.215945 -0.593851 0.775054 -0.141544 2.6912 -1.4977</i>
                        <i>-0.239424 0.739375 0.629286 -0.946887 -0.321114 0.0170284 0.214663 -0.591786 0.776987 -0.141676 2.69335 -1.49788</i>
                        <i>-0.239523 0.741681 0.626529 -0.947223 -0.320132 0.0168445 0.213065 -0.589428 0.779216 -0.141707 2.69517 -1.49807</i>
                        <i>-0.239443 0.744332 0.623407 -0.947676 -0.318799 0.0166466 0.211132 -0.586802 0.78172 -0.141638 2.69653 -1.49828</i>
                    </KeyFrames>
                </p>
            </i>
            <i>
                <p>
                    <Name>
                        <![CDATA[spine2]]>
</Name>
                    <Exclude>0</Exclude>
                    <Additive>0</Additive>
                    <IKPriority>0</IKPriority>
                    <IKRotLimits>-1e+010 -1e+010 -1e+010 1e+010 1e+010 1e+010</IKRotLimits>
                    <IKRotLimitOrder>0</IKRotLimitOrder>
                    <KeyFrames count="65">
                        <i>-0.193671 0.722424 0.663774 -0.976688 -0.205826 -0.060958 0.0925841 -0.660106 0.745445 -0.190645 2.84848 -1.36987</i>
                        <i>-0.1929 0.723549 0.662771 -0.9769 -0.20492 -0.0606157 0.091957 -0.659154 0.746364 -0.190529 2.85006 -1.37013</i>
                        <i>-0.192029 0.72483 0.661624 -0.977138 -0.203896 -0.0602286 0.0912471 -0.658064 0.747413 -0.190295 2.85125 -1.37043</i>
                        <i>-0.191123 0.726171 0.660415 -0.977384 -0.202831 -0.0598267 0.0905085 -0.656914 0.748514 -0.189956 2.85206 -1.37074</i>
                        <i>-0.190247 0.727476 0.65923 -0.977621 -0.201801 -0.0594384 0.0897937 -0.655786 0.749588 -0.189524 2.85245 -1.37105</i>
                        <i>-0.189462 0.728653 0.658156 -0.977832 -0.200879 -0.0590911 0.0891532 -0.654762 0.750559 -0.189011 2.85243 -1.37132</i>
                        <i>-0.18883 0.729607 0.65728 -0.978002 -0.200136 -0.0588113 0.0886361 -0.653926 0.751349 -0.18843 2.85197 -1.37154</i>
                        <i>-0.188408 0.730247 0.65669 -0.978114 -0.19964 -0.0586247 0.0882908 -0.653363 0.751879 -0.187792 2.85106 -1.37168</i>
                        <i>-0.188256 0.730481 0.656473 -0.978155 -0.199461 -0.0585574 0.0881655 -0.653156 0.752073 -0.187112 2.84969 -1.37174</i>
                        <i>-0.188493 0.730263 0.656648 -0.978096 -0.199721 -0.0586546 0.0883128 -0.65332 0.751913 -0.186385 2.84755 -1.37169</i>
                        <i>-0.189137 0.729667 0.657125 -0.977935 -0.200429 -0.0589192 0.0887151 -0.653769 0.751476 -0.185608 2.84455 -1.37156</i>
                        <i>-0.190098 0.728779 0.657833 -0.977694 -0.201485 -0.0593147 0.0893165 -0.654435 0.750824 -0.184787 2.84099 -1.37137</i>
                        <i>-0.191286 0.727682 0.658703 -0.977394 -0.202792 -0.0598044 0.0900612 -0.655252 0.750023 -0.18393 2.83715 -1.37114</i>
                        <i>-0.19261 0.726462 0.659662 -0.977057 -0.204249 -0.0603511 0.0908925 -0.656151 0.749135 -0.183044 2.83333 -1.37088</i>
                        <i>-0.193975 0.725208 0.660641 -0.976706 -0.205752 -0.0609162 0.0917516 -0.657069 0.748226 -0.182136 2.82984 -1.37061</i>
                        <i>-0.195287 0.724007 0.661571 -0.976367 -0.207196 -0.0614597 0.0925779 -0.657939 0.747359 -0.181214 2.82696 -1.37035</i>
                        <i>-0.196444 0.72295 0.662384 -0.976065 -0.208471 -0.0619403 0.0933082 -0.658698 0.746599 -0.180284 2.82499 -1.37012</i>
                        <i>-0.197609 0.721889 0.663194 -0.975759 -0.209755 -0.0624247 0.0940443 -0.659454 0.74584 -0.179354 2.82381 -1.36989</i>
                        <i>-0.198948 0.720674 0.664115 -0.975405 -0.211229 -0.062982 0.0948912 -0.660312 0.744972 -0.178433 2.82311 -1.36963</i>
                        <i>-0.200363 0.719392 0.665078 -0.975028 -0.212789 -0.0635723 0.095788 -0.661207 0.744063 -0.177527 2.82284 -1.36935</i>
                        <i>-0.201755 0.718136 0.666015 -0.974653 -0.214324 -0.0641541 0.0966719 -0.662077 0.743175 -0.176643 2.82299 -1.36908</i>
                        <i>-0.203022 0.716996 0.666857 -0.97431 -0.215722 -0.0646843 0.0974773 -0.662858 0.742373 -0.175787 2.82351 -1.36883</i>
                        <i>-0.204059 0.716065 0.66754 -0.974027 -0.216865 -0.0651186 0.098137 -0.663491 0.74172 -0.174967 2.82437 -1.36862</i>
                        <i>-0.204758 0.715439 0.667998 -0.973836 -0.217636 -0.0654118 0.0985826 -0.663914 0.741282 -0.174188 2.82556 -1.36849</i>
                        <i>-0.205013 0.715209 0.668166 -0.973765 -0.217918 -0.0655188 0.0987455 -0.664069 0.741122 -0.173458 2.82703 -1.36844</i>
                        <i>-0.204647 0.715368 0.668108 -0.97386 -0.217538 -0.065375 0.0985719 -0.664023 0.741186 -0.172801 2.82893 -1.36846</i>
                        <i>-0.203661 0.715816 0.66793 -0.974115 -0.216512 -0.0649865 0.0980965 -0.663875 0.741381 -0.172235 2.83131 -1.36854</i>
                        <i>-0.202215 0.716513 0.667621 -0.974487 -0.215001 -0.0644148 0.097385 -0.663614 0.741709 -0.171759 2.83405 -1.36867</i>
                        <i>-0.200468 0.717421 0.667173 -0.974936 -0.213166 -0.063722 0.0965034 -0.663225 0.742172 -0.171373 2.83702 -1.36883</i>
                        <i>-0.198583 0.7185 0.666575 -0.975419 -0.211172 -0.0629697 0.095518 -0.662694 0.742774 -0.171076 2.84008 -1.36904</i>
                        <i>-0.196717 0.719716 0.665816 -0.975896 -0.209178 -0.0622189 0.0944941 -0.662007 0.743517 -0.170866 2.8431 -1.36929</i>
                        <i>-0.195028 0.721034 0.664886 -0.976331 -0.207344 -0.061529 0.0934956 -0.661149 0.744406 -0.170743 2.84595 -1.36956</i>
                        <i>-0.193671 0.722424 0.663774 -0.976688 -0.205826 -0.060958 0.0925841 -0.660106 0.745445 -0.170705 2.84848 -1.36987</i>
                        <i>-0.192562 0.723855 0.662536 -0.976987 -0.204547 -0.0604766 0.0917435 -0.658934 0.746585 -0.170747 2.8505 -1.37019</i>
                        <i>-0.191534 0.725278 0.661276 -0.977264 -0.203351 -0.0600256 0.0909358 -0.657739 0.747737 -0.170868 2.8519 -1.37052</i>
                        <i>-0.19061 0.726636 0.660051 -0.977514 -0.202267 -0.0596167 0.0901868 -0.656573 0.748851 -0.171069 2.85273 -1.37083</i>
                        <i>-0.189812 0.727872 0.658919 -0.977731 -0.201322 -0.0592604 0.0895212 -0.655493 0.749876 -0.171355 2.85303 -1.37112</i>
                        <i>-0.189158 0.72893 0.657936 -0.977908 -0.200544 -0.0589667 0.0889628 -0.654555 0.750762 -0.171728 2.85283 -1.37137</i>
                        <i>-0.188668 0.729755 0.657162 -0.978042 -0.199958 -0.0587452 0.0885351 -0.653816 0.751456 -0.172192 2.85218 -1.37157</i>
                        <i>-0.188361 0.73029 0.656655 -0.978126 -0.199588 -0.0586055 0.0882614 -0.65333 0.75191 -0.172749 2.85112 -1.37169</i>
                        <i>-0.188256 0.730481 0.656473 -0.978155 -0.199461 -0.0585574 0.0881655 -0.653156 0.752073 -0.173403 2.84969 -1.37174</i>
                        <i>-0.188493 0.730263 0.656648 -0.978096 -0.199721 -0.0586546 0.0883129 -0.65332 0.751913 -0.174134 2.84755 -1.37169</i>
                        <i>-0.189137 0.729667 0.657125 -0.977935 -0.200429 -0.0589192 0.0887151 -0.653769 0.751476 -0.174917 2.84455 -1.37156</i>
                        <i>-0.190098 0.728779 0.657833 -0.977694 -0.201485 -0.0593147 0.0893165 -0.654435 0.750824 -0.175744 2.84099 -1.37137</i>
                        <i>-0.191286 0.727682 0.658703 -0.977394 -0.202792 -0.0598044 0.0900612 -0.655252 0.750023 -0.176608 2.83715 -1.37114</i>
                        <i>-0.19261 0.726462 0.659662 -0.977057 -0.204249 -0.0603511 0.0908925 -0.656151 0.749135 -0.177501 2.83333 -1.37088</i>
                        <i>-0.193975 0.725208 0.660641 -0.976706 -0.205752 -0.0609162 0.0917516 -0.657069 0.748226 -0.178417 2.82984 -1.37061</i>
                        <i>-0.195287 0.724007 0.661571 -0.976367 -0.207196 -0.0614598 0.0925779 -0.657939 0.747359 -0.179347 2.82696 -1.37035</i>
                        <i>-0.196444 0.72295 0.662384 -0.976065 -0.208471 -0.0619403 0.0933082 -0.658698 0.746599 -0.180284 2.82499 -1.37012</i>
                        <i>-0.197609 0.721889 0.663194 -0.975759 -0.209755 -0.0624247 0.0940443 -0.659454 0.74584 -0.181221 2.82381 -1.36989</i>
                        <i>-0.198948 0.720674 0.664115 -0.975405 -0.211229 -0.062982 0.0948912 -0.660312 0.744972 -0.182152 2.82311 -1.36963</i>
                        <i>-0.200363 0.719392 0.665078 -0.975028 -0.212789 -0.0635723 0.095788 -0.661207 0.744063 -0.183069 2.82284 -1.36935</i>
                        <i>-0.201755 0.718136 0.666015 -0.974653 -0.214324 -0.0641541 0.0966719 -0.662077 0.743175 -0.183964 2.82299 -1.36908</i>
                        <i>-0.203022 0.716996 0.666857 -0.97431 -0.215722 -0.0646843 0.0974773 -0.662858 0.742373 -0.18483 2.82351 -1.36883</i>
                        <i>-0.204059 0.716065 0.66754 -0.974027 -0.216865 -0.0651186 0.098137 -0.663491 0.74172 -0.185657 2.82437 -1.36862</i>
                        <i>-0.204758 0.715439 0.667998 -0.973836 -0.217636 -0.0654118 0.0985826 -0.663914 0.741282 -0.186439 2.82556 -1.36849</i>
                        <i>-0.205013 0.715209 0.668166 -0.973765 -0.217918 -0.0655188 0.0987455 -0.664069 0.741122 -0.187167 2.82703 -1.36844</i>
                        <i>-0.204689 0.715358 0.668106 -0.973849 -0.21758 -0.0653909 0.0985889 -0.664019 0.741187 -0.187845 2.82893 -1.36846</i>
                        <i>-0.203804 0.715783 0.667921 -0.974079 -0.216657 -0.0650408 0.0981546 -0.663863 0.741385 -0.188476 2.83132 -1.36854</i>
                        <i>-0.202483 0.716453 0.667604 -0.974421 -0.215272 -0.0645165 0.0974936 -0.663591 0.741716 -0.189047 2.83406 -1.36866</i>
                        <i>-0.20085 0.717337 0.667149 -0.974842 -0.213552 -0.0638661 0.0966573 -0.663192 0.742182 -0.189548 2.83703 -1.36883</i>
                        <i>-0.199029 0.718403 0.666546 -0.97531 -0.211622 -0.0631381 0.0956976 -0.662656 0.742785 -0.18997 2.8401 -1.36904</i>
                        <i>-0.197144 0.719624 0.665789 -0.975793 -0.209609 -0.0623798 0.0946657 -0.66197 0.743528 -0.1903 2.84311 -1.36928</i>
                        <i>-0.195318 0.720973 0.664868 -0.976262 -0.207637 -0.061638 0.0936116 -0.661124 0.744414 -0.190529 2.84595 -1.36956</i>
                        <i>-0.193671 0.722424 0.663774 -0.976688 -0.205826 -0.060958 0.0925841 -0.660106 0.745445 -0.190645 2.84848 -1.36987</i>
                    </KeyFrames>
                </p>
            </i>
            <i>
                <p>
                    <Name>
                        <![CDATA[head]]>
</Name>
                    <Exclude>0</Exclude>
                    <Additive>0</Additive>
                    <IKPriority>0</IKPriority>
                    <IKRotLimits>-1e+010 -1e+010 -1e+010 1e+010 1e+010 1e+010</IKRotLimits>
                    <IKRotLimitOrder>0</IKRotLimitOrder>
                    <KeyFrames count="65">
                        <i>-0.182104 0.971517 0.151634 0.0234315 0.158456 -0.987088 -0.983 -0.1762 -0.0516196 -0.293839 3.07353 -1.206</i>
