<?xml version="1.0" encoding="ISO-8859-1" ?>
<Animl Version="1">
    <ModellingPackage>
        <![CDATA[Maya.2010]]>
</ModellingPackage>
    <SrcFile>
        <![CDATA[anims\turrets\machinegun\blue\~src\mgun_m60\mgun_m60_fire_crewman_c.mb]]>
</SrcFile>
    <FramesPerSecond>30</FramesPerSecond>
    <TotalFrames>41</TotalFrames>
    <Skeleton>
        <RefFrame>
            <Name>
                <![CDATA[soldier_ref_frame]]>
</Name>
            <Exclude>0</Exclude>
            <Additive>0</Additive>
            <IKPriority>0</IKPriority>
            <IKRotLimits>-1e+010 -1e+010 -1e+010 1e+010 1e+010 1e+010</IKRotLimits>
            <IKRotLimitOrder>0</IKRotLimitOrder>
            <KeyFrames count="41">
                <i>1 0 0 0 1 0 0 0 1 -1.51 0.91 -0.74</i>
                <i>1 0 0 0 1 0 0 0 1 -1.51 0.91 -0.74</i>
                <i>1 0 0 0 1 0 0 0 1 -1.51 0.91 -0.74</i>
                <i>1 0 0 0 1 0 0 0 1 -1.51 0.91 -0.74</i>
                <i>1 0 0 0 1 0 0 0 1 -1.51 0.91 -0.74</i>
                <i>1 0 0 0 1 0 0 0 1 -1.51 0.91 -0.74</i>
                <i>1 0 0 0 1 0 0 0 1 -1.51 0.91 -0.74</i>
                <i>1 0 0 0 1 0 0 0 1 -1.51 0.91 -0.74</i>
                <i>1 0 0 0 1 0 0 0 1 -1.51 0.91 -0.74</i>
                <i>1 0 0 0 1 0 0 0 1 -1.51 0.91 -0.74</i>
                <i>1 0 0 0 1 0 0 0 1 -1.51 0.91 -0.74</i>
                <i>1 0 0 0 1 0 0 0 1 -1.51 0.91 -0.74</i>
                <i>1 0 0 0 1 0 0 0 1 -1.51 0.91 -0.74</i>
                <i>1 0 0 0 1 0 0 0 1 -1.51 0.91 -0.74</i>
                <i>1 0 0 0 1 0 0 0 1 -1.51 0.91 -0.74</i>
                <i>1 0 0 0 1 0 0 0 1 -1.51 0.91 -0.74</i>
                <i>1 0 0 0 1 0 0 0 1 -1.51 0.91 -0.74</i>
                <i>1 0 0 0 1 0 0 0 1 -1.51 0.91 -0.74</i>
                <i>1 0 0 0 1 0 0 0 1 -1.51 0.91 -0.74</i>
                <i>1 0 0 0 1 0 0 0 1 -1.51 0.91 -0.74</i>
                <i>1 0 0 0 1 0 0 0 1 -1.51 0.91 -0.74</i>
                <i>1 0 0 0 1 0 0 0 1 -1.51 0.91 -0.74</i>
                <i>1 0 0 0 1 0 0 0 1 -1.51 0.91 -0.74</i>
                <i>1 0 0 0 1 0 0 0 1 -1.51 0.91 -0.74</i>
                <i>1 0 0 0 1 0 0 0 1 -1.51 0.91 -0.74</i>
                <i>1 0 0 0 1 0 0 0 1 -1.51 0.91 -0.74</i>
                <i>1 0 0 0 1 0 0 0 1 -1.51 0.91 -0.74</i>
                <i>1 0 0 0 1 0 0 0 1 -1.51 0.91 -0.74</i>
                <i>1 0 0 0 1 0 0 0 1 -1.51 0.91 -0.74</i>
                <i>1 0 0 0 1 0 0 0 1 -1.51 0.91 -0.74</i>
                <i>1 0 0 0 1 0 0 0 1 -1.51 0.91 -0.74</i>
                <i>1 0 0 0 1 0 0 0 1 -1.51 0.91 -0.74</i>
                <i>1 0 0 0 1 0 0 0 1 -1.51 0.91 -0.74</i>
                <i>1 0 0 0 1 0 0 0 1 -1.51 0.91 -0.74</i>
                <i>1 0 0 0 1 0 0 0 1 -1.51 0.91 -0.74</i>
                <i>1 0 0 0 1 0 0 0 1 -1.51 0.91 -0.74</i>
                <i>1 0 0 0 1 0 0 0 1 -1.51 0.91 -0.74</i>
                <i>1 0 0 0 1 0 0 0 1 -1.51 0.91 -0.74</i>
                <i>1 0 0 0 1 0 0 0 1 -1.51 0.91 -0.74</i>
                <i>1 0 0 0 1 0 0 0 1 -1.51 0.91 -0.74</i>
                <i>1 0 0 0 1 0 0 0 1 -1.51 0.91 -0.74</i>
            </KeyFrames>
        </RefFrame>
        <Bones count="23">
            <i>
                <p>
                    <Name>
                        <![CDATA[pelvis]]>
</Name>
                    <Exclude>0</Exclude>
                    <Additive>0</Additive>
                    <IKPriority>0</IKPriority>
                    <IKRotLimits>-1e+010 -1e+010 -1e+010 1e+010 1e+010 1e+010</IKRotLimits>
                    <IKRotLimitOrder>2</IKRotLimitOrder>
                    <KeyFrames count="41">
                        <i>1 0 0 0 1 0 0 0 1 -1.50406 1.69972 -0.950792</i>
                        <i>1 0 0 0 1 0 0 0 1 -1.50243 1.66628 -0.951133</i>
                        <i>1 0 0 0 1 0 0 0 1 -1.50137 1.63824 -0.951473</i>
                        <i>1 0 0 0 1 0 0 0 1 -1.50236 1.69213 -0.951129</i>
                        <i>1 0 0 0 1 0 0 0 1 -1.50389 1.74189 -0.950784</i>
                        <i>1 0 0 0 1 0 0 0 1 -1.50501 1.69773 -0.950992</i>
                        <i>1 0 0 0 1 0 0 0 1 -1.50561 1.64718 -0.9512</i>
                        <i>1 0 0 0 1 0 0 0 1 -1.50505 1.67085 -0.950997</i>
                        <i>1 0 0 0 1 0 0 0 1 -1.50406 1.69972 -0.950792</i>
                        <i>1 0 0 0 1 0 0 0 1 -1.50243 1.66094 -0.951133</i>
                        <i>1 0 0 0 1 0 0 0 1 -1.50137 1.62035 -0.951473</i>
                        <i>1 0 0 0 1 0 0 0 1 -1.50236 1.65195 -0.951129</i>
                        <i>1 0 0 0 1 0 0 0 1 -1.50389 1.68413 -0.950784</i>
                        <i>1 0 0 0 1 0 0 0 1 -1.50501 1.64324 -0.950992</i>
                        <i>1 0 0 0 1 0 0 0 1 -1.50561 1.60904 -0.9512</i>
                        <i>1 0 0 0 1 0 0 0 1 -1.50505 1.66796 -0.950997</i>
                        <i>1 0 0 0 1 0 0 0 1 -1.50406 1.72638 -0.950792</i>
                        <i>1 0 0 0 1 0 0 0 1 -1.50243 1.69084 -0.951133</i>
                        <i>1 0 0 0 1 0 0 0 1 -1.50137 1.64723 -0.951473</i>
                        <i>1 0 0 0 1 0 0 0 1 -1.50236 1.67173 -0.951129</i>
                        <i>1 0 0 0 1 0 0 0 1 -1.50389 1.69969 -0.950784</i>
                        <i>1 0 0 0 1 0 0 0 1 -1.50501 1.66669 -0.950992</i>
                        <i>1 0 0 0 1 0 0 0 1 -1.50561 1.63888 -0.9512</i>
                        <i>1 0 0 0 1 0 0 0 1 -1.50505 1.69256 -0.950997</i>
                        <i>1 0 0 0 1 0 0 0 1 -1.50406 1.74192 -0.950792</i>
                        <i>1 0 0 0 1 0 0 0 1 -1.50243 1.69732 -0.951133</i>
                        <i>1 0 0 0 1 0 0 0 1 -1.50137 1.64654 -0.951473</i>
                        <i>1 0 0 0 1 0 0 0 1 -1.50236 1.67042 -0.951129</i>
                        <i>1 0 0 0 1 0 0 0 1 -1.50389 1.69969 -0.950784</i>
                        <i>1 0 0 0 1 0 0 0 1 -1.50501 1.66135 -0.950992</i>
                        <i>1 0 0 0 1 0 0 0 1 -1.50561 1.62099 -0.9512</i>
                        <i>1 0 0 0 1 0 0 0 1 -1.50505 1.65238 -0.950997</i>
                        <i>1 0 0 0 1 0 0 0 1 -1.50406 1.68416 -0.950792</i>
                        <i>1 0 0 0 1 0 0 0 1 -1.50243 1.64283 -0.951133</i>
                        <i>1 0 0 0 1 0 0 0 1 -1.50137 1.6084 -0.951473</i>
                        <i>1 0 0 0 1 0 0 0 1 -1.50236 1.66753 -0.951129</i>
                        <i>1 0 0 0 1 0 0 0 1 -1.50389 1.72635 -0.950784</i>
                        <i>1 0 0 0 1 0 0 0 1 -1.50501 1.69125 -0.950992</i>
                        <i>1 0 0 0 1 0 0 0 1 -1.50561 1.64787 -0.9512</i>
                        <i>1 0 0 0 1 0 0 0 1 -1.50505 1.67217 -0.950997</i>
                        <i>1 0 0 0 1 0 0 0 1 -1.50406 1.69972 -0.950792</i>
                    </KeyFrames>
                </p>
            </i>
            <i>
                <p>
                    <Name>
                        <![CDATA[spine0]]>
</Name>
                    <Exclude>0</Exclude>
                    <Additive>0</Additive>
                    <IKPriority>0</IKPriority>
                    <IKRotLimits>-1e+010 -1e+010 -1e+010 1e+010 1e+010 1e+010</IKRotLimits>
                    <IKRotLimitOrder>0</IKRotLimitOrder>
                    <KeyFrames count="41">
                        <i>0.0663139 0.924132 0.376274 -0.990279 0.0147453 0.138311 0.122269 -0.381788 0.916127 -1.53937 1.83546 -0.982805</i>
                        <i>0.0263232 0.924783 0.379584 -0.991296 -0.024849 0.129284 0.128992 -0.379684 0.916079 -1.53193 1.80322 -0.983894</i>
                        <i>-0.00560628 0.922979 0.384809 -0.992695 -0.0515172 0.109103 0.120524 -0.381386 0.916525 -1.52615 1.77601 -0.984664</i>
                        <i>0.00926506 0.923866 0.382605 -0.991702 -0.0405734 0.121986 0.128222 -0.38056 0.915824 -1.53271 1.82889 -0.983845</i>
                        <i>0.0406315 0.924044 0.380121 -0.990799 -0.0118941 0.134821 0.129102 -0.382101 0.915058 -1.53826 1.87782 -0.98299</i>
                        <i>0.0638183 0.921978 0.381947 -0.991772 0.0160351 0.127005 0.110971 -0.38691 0.915416 -1.53235 1.83521 -0.983369</i>
                        <i>0.0815894 0.920104 0.383082 -0.99208 0.0381455 0.119675 0.0955008 -0.389812 0.915929 -1.52745 1.7856 -0.983724</i>
                        <i>0.0795589 0.921857 0.379276 -0.990812 0.0313844 0.131556 0.109373 -0.386257 0.915884 -1.53233 1.80835 -0.983335</i>
                        <i>0.0663139 0.924132 0.376274 -0.990279 0.0147453 0.138311 0.122269 -0.381788 0.916127 -1.53937 1.83546 -0.982805</i>
                        <i>0.0263232 0.924783 0.379584 -0.991296 -0.024849 0.129284 0.128992 -0.379684 0.916079 -1.53193 1.79788 -0.983894</i>
                        <i>-0.00560628 0.922979 0.384809 -0.992695 -0.0515172 0.109103 0.120524 -0.381386 0.916525 -1.52615 1.75812 -0.984664</i>
                        <i>0.00926506 0.923866 0.382605 -0.991702 -0.0405734 0.121986 0.128222 -0.38056 0.915824 -1.53271 1.78872 -0.983845</i>
                        <i>0.0406315 0.924044 0.380121 -0.990799 -0.0118941 0.134821 0.129102 -0.382101 0.915058 -1.53826 1.82006 -0.98299</i>
                        <i>0.0638183 0.921978 0.381947 -0.991772 0.0160351 0.127005 0.110971 -0.38691 0.915416 -1.53235 1.78072 -0.983369</i>
                        <i>0.0815894 0.920104 0.383082 -0.99208 0.0381455 0.119675 0.0955008 -0.389812 0.915929 -1.52745 1.74747 -0.983724</i>
                        <i>0.0795589 0.921857 0.379276 -0.990812 0.0313844 0.131556 0.109373 -0.386257 0.915884 -1.53233 1.80546 -0.983335</i>
                        <i>0.0663139 0.924132 0.376274 -0.990279 0.0147453 0.138311 0.122269 -0.381788 0.916127 -1.53937 1.86212 -0.982805</i>
                        <i>0.0263232 0.924783 0.379584 -0.991296 -0.024849 0.129284 0.128992 -0.379684 0.916079 -1.53193 1.82778 -0.983894</i>
                        <i>-0.00560628 0.922979 0.384809 -0.992695 -0.0515172 0.109103 0.120524 -0.381386 0.916525 -1.52615 1.785 -0.984664</i>
                        <i>0.00926506 0.923866 0.382605 -0.991702 -0.0405734 0.121986 0.128222 -0.38056 0.915824 -1.53271 1.8085 -0.983845</i>
                        <i>0.0406315 0.924044 0.380121 -0.990799 -0.0118941 0.134821 0.129102 -0.382101 0.915058 -1.53826 1.83562 -0.98299</i>
                        <i>0.0638183 0.921978 0.381947 -0.991772 0.0160351 0.127005 0.110971 -0.38691 0.915416 -1.53235 1.80417 -0.983369</i>
                        <i>0.0815894 0.920104 0.383082 -0.99208 0.0381455 0.119675 0.0955008 -0.389812 0.915929 -1.52745 1.7773 -0.983724</i>
                        <i>0.0795589 0.921857 0.379276 -0.990812 0.0313844 0.131556 0.109373 -0.386257 0.915884 -1.53233 1.83006 -0.983335</i>
                        <i>0.0663139 0.924132 0.376274 -0.990279 0.0147453 0.138311 0.122269 -0.381788 0.916127 -1.53937 1.87766 -0.982805</i>
                        <i>0.0263232 0.924783 0.379584 -0.991296 -0.024849 0.129284 0.128992 -0.379684 0.916079 -1.53193 1.83426 -0.983894</i>
                        <i>-0.00560628 0.922979 0.384809 -0.992695 -0.0515172 0.109103 0.120524 -0.381386 0.916525 -1.52615 1.78431 -0.984664</i>
                        <i>0.00926506 0.923866 0.382605 -0.991702 -0.0405734 0.121986 0.128222 -0.38056 0.915824 -1.53271 1.80718 -0.983845</i>
                        <i>0.0406315 0.924044 0.380121 -0.990799 -0.0118941 0.134821 0.129102 -0.382101 0.915058 -1.53826 1.83562 -0.98299</i>
                        <i>0.0638183 0.921978 0.381947 -0.991772 0.0160351 0.127005 0.110971 -0.38691 0.915416 -1.53235 1.79883 -0.983369</i>
                        <i>0.0815894 0.920104 0.383082 -0.99208 0.0381455 0.119675 0.0955008 -0.389812 0.915929 -1.52745 1.75941 -0.983724</i>
                        <i>0.0795589 0.921857 0.379276 -0.990812 0.0313844 0.131556 0.109373 -0.386257 0.915884 -1.53233 1.78988 -0.983335</i>
                        <i>0.0663139 0.924132 0.376274 -0.990279 0.0147453 0.138311 0.122269 -0.381788 0.916127 -1.53937 1.8199 -0.982805</i>
                        <i>0.0263232 0.924783 0.379584 -0.991296 -0.024849 0.129284 0.128992 -0.379684 0.916079 -1.53193 1.77977 -0.983894</i>
                        <i>-0.00560628 0.922979 0.384809 -0.992695 -0.0515172 0.109103 0.120524 -0.381386 0.916525 -1.52615 1.74617 -0.984664</i>
                        <i>0.00926506 0.923866 0.382605 -0.991702 -0.0405734 0.121986 0.128222 -0.38056 0.915824 -1.53271 1.8043 -0.983845</i>
                        <i>0.0406315 0.924044 0.380121 -0.990799 -0.0118941 0.134821 0.129102 -0.382101 0.915058 -1.53826 1.86228 -0.98299</i>
                        <i>0.0638183 0.921978 0.381947 -0.991772 0.0160351 0.127005 0.110971 -0.38691 0.915416 -1.53235 1.82873 -0.983369</i>
                        <i>0.0815894 0.920104 0.383082 -0.99208 0.0381455 0.119675 0.0955008 -0.389812 0.915929 -1.52745 1.78629 -0.983724</i>
                        <i>0.0795589 0.921857 0.379276 -0.990812 0.0313844 0.131556 0.109373 -0.386257 0.915884 -1.53233 1.80966 -0.983335</i>
                        <i>0.0663139 0.924132 0.376274 -0.990279 0.0147453 0.138311 0.122269 -0.381788 0.916127 -1.53937 1.83546 -0.982805</i>
                    </KeyFrames>
                </p>
            </i>
            <i>
                <p>
                    <Name>
                        <![CDATA[spine1]]>
</Name>
                    <Exclude>0</Exclude>
                    <Additive>0</Additive>
                    <IKPriority>0</IKPriority>
                    <IKRotLimits>-1e+010 -1e+010 -1e+010 1e+010 1e+010 1e+010</IKRotLimits>
                    <IKRotLimitOrder>0</IKRotLimitOrder>
                    <KeyFrames count="41">
                        <i>0.297754 0.620632 0.725367 -0.954325 0.213117 0.209393 -0.0246325 -0.754584 0.655742 -1.52538 2.03088 -0.903496</i>
                        <i>0.206792 0.627965 0.750265 -0.978205 0.118011 0.170844 0.0187445 -0.769242 0.638682 -1.52644 1.99739 -0.904446</i>
                        <i>0.129753 0.626163 0.76882 -0.990396 0.0445047 0.130902 0.0477497 -0.778421 0.625924 -1.52735 1.96916 -0.904384</i>
                        <i>0.164672 0.628717 0.759999 -0.985303 0.0693936 0.156082 0.0453926 -0.774532 0.630904 -1.5308 2.02249 -0.903919</i>
                        <i>0.218827 0.627818 0.746966 -0.975419 0.120384 0.184571 0.0259542 -0.768994 0.638729 -1.52975 2.07204 -0.903347</i>
                        <i>0.224975 0.619031 0.752454 -0.974362 0.144604 0.172359 -0.00211164 -0.771939 0.635693 -1.51898 2.02882 -0.903416</i>
                        <i>0.235596 0.612113 0.754859 -0.971413 0.171632 0.164008 -0.0291661 -0.77192 0.63505 -1.51035 1.97879 -0.903543</i>
                        <i>0.269289 0.61493 0.741178 -0.962592 0.195839 0.187254 -0.0300038 -0.763877 0.644664 -1.51562 2.00246 -0.903725</i>
                        <i>0.297754 0.620632 0.725367 -0.954325 0.213117 0.209393 -0.0246325 -0.754584 0.655742 -1.52538 2.03088 -0.903496</i>
                        <i>0.206792 0.627965 0.750265 -0.978205 0.118011 0.170844 0.0187445 -0.769242 0.638682 -1.52644 1.99205 -0.904446</i>
                        <i>0.129753 0.626163 0.76882 -0.990396 0.0445047 0.130902 0.0477497 -0.778421 0.625924 -1.52735 1.95127 -0.904384</i>
                        <i>0.164672 0.628717 0.759999 -0.985303 0.0693936 0.156082 0.0453926 -0.774532 0.630904 -1.5308 1.98232 -0.903919</i>
                        <i>0.218827 0.627818 0.746966 -0.975419 0.120384 0.184571 0.0259542 -0.768994 0.638729 -1.52975 2.01428 -0.903347</i>
                        <i>0.224975 0.619031 0.752454 -0.974362 0.144604 0.172359 -0.00211164 -0.771939 0.635693 -1.51898 1.97433 -0.903416</i>
                        <i>0.235596 0.612113 0.754859 -0.971413 0.171632 0.164008 -0.0291661 -0.77192 0.63505 -1.51035 1.94066 -0.903543</i>
                        <i>0.269289 0.61493 0.741178 -0.962592 0.195839 0.187254 -0.0300038 -0.763877 0.644664 -1.51562 1.99958 -0.903725</i>
                        <i>0.297754 0.620632 0.725367 -0.954325 0.213117 0.209393 -0.0246325 -0.754584 0.655742 -1.52538 2.05754 -0.903496</i>
                        <i>0.206792 0.627965 0.750265 -0.978205 0.118011 0.170844 0.0187445 -0.769242 0.638682 -1.52644 2.02195 -0.904446</i>
                        <i>0.129753 0.626163 0.76882 -0.990396 0.0445047 0.130902 0.0477497 -0.778421 0.625924 -1.52735 1.97815 -0.904384</i>
                        <i>0.164672 0.628717 0.759999 -0.985303 0.0693936 0.156082 0.0453926 -0.774532 0.630904 -1.5308 2.0021 -0.903919</i>
                        <i>0.218827 0.627818 0.746966 -0.975419 0.120384 0.184571 0.0259542 -0.768994 0.638729 -1.52975 2.02984 -0.903347</i>
                        <i>0.224975 0.619031 0.752454 -0.974362 0.144604 0.172359 -0.00211164 -0.771939 0.635693 -1.51898 1.99777 -0.903416</i>
                        <i>0.235596 0.612113 0.754859 -0.971413 0.171632 0.164008 -0.0291661 -0.77192 0.63505 -1.51035 1.97049 -0.903543</i>
                        <i>0.269289 0.61493 0.741178 -0.962592 0.195839 0.187254 -0.0300038 -0.763877 0.644664 -1.51562 2.02417 -0.903725</i>
                        <i>0.297754 0.620632 0.725367 -0.954325 0.213117 0.209393 -0.0246325 -0.754584 0.655742 -1.52538 2.07308 -0.903496</i>
                        <i>0.206792 0.627965 0.750265 -0.978205 0.118011 0.170844 0.0187445 -0.769242 0.638682 -1.52644 2.02843 -0.904446</i>
                        <i>0.129753 0.626163 0.76882 -0.990396 0.0445047 0.130902 0.0477497 -0.778421 0.625924 -1.52735 1.97746 -0.904384</i>
                        <i>0.164672 0.628717 0.759999 -0.985303 0.0693936 0.156082 0.0453926 -0.774532 0.630904 -1.5308 2.00078 -0.903919</i>
                        <i>0.218827 0.627818 0.746966 -0.975419 0.120384 0.184571 0.0259542 -0.768994 0.638729 -1.52975 2.02984 -0.903347</i>
                        <i>0.224975 0.619031 0.752454 -0.974362 0.144604 0.172359 -0.00211164 -0.771939 0.635693 -1.51898 1.99244 -0.903416</i>
                        <i>0.235596 0.612113 0.754859 -0.971413 0.171632 0.164008 -0.0291661 -0.77192 0.63505 -1.51035 1.9526 -0.903543</i>
                        <i>0.269289 0.61493 0.741178 -0.962592 0.195839 0.187254 -0.0300038 -0.763877 0.644664 -1.51562 1.984 -0.903725</i>
                        <i>0.297754 0.620632 0.725367 -0.954325 0.213117 0.209393 -0.0246325 -0.754584 0.655742 -1.52538 2.01532 -0.903496</i>
                        <i>0.206792 0.627965 0.750265 -0.978205 0.118011 0.170844 0.0187445 -0.769242 0.638682 -1.52644 1.97394 -0.904446</i>
                        <i>0.129753 0.626163 0.76882 -0.990396 0.0445047 0.130902 0.0477497 -0.778421 0.625924 -1.52735 1.93932 -0.904384</i>
                        <i>0.164672 0.628717 0.759999 -0.985303 0.0693936 0.156082 0.0453926 -0.774532 0.630904 -1.5308 1.99789 -0.903919</i>
                        <i>0.218827 0.627818 0.746966 -0.975419 0.120384 0.184571 0.0259542 -0.768994 0.638729 -1.52975 2.0565 -0.903347</i>
                        <i>0.224975 0.619031 0.752454 -0.974362 0.144604 0.172359 -0.00211164 -0.771939 0.635693 -1.51898 2.02233 -0.903416</i>
                        <i>0.235596 0.612113 0.754859 -0.971413 0.171632 0.164008 -0.0291661 -0.77192 0.63505 -1.51035 1.97948 -0.903543</i>
                        <i>0.269289 0.61493 0.741178 -0.962592 0.195839 0.187254 -0.0300038 -0.763877 0.644664 -1.51562 2.00378 -0.903725</i>
                        <i>0.297754 0.620632 0.725367 -0.954325 0.213117 0.209393 -0.0246325 -0.754584 0.655742 -1.52538 2.03088 -0.903496</i>
                    </KeyFrames>
                </p>
            </i>
            <i>
                <p>
                    <Name>
                        <![CDATA[spine2]]>
</Name>
                    <Exclude>0</Exclude>
                    <Additive>0</Additive>
                    <IKPriority>0</IKPriority>
                    <IKRotLimits>-1e+010 -1e+010 -1e+010 1e+010 1e+010 1e+010</IKRotLimits>
                    <IKRotLimitOrder>0</IKRotLimitOrder>
                    <KeyFrames count="41">
                        <i>0.246306 0.362015 0.899043 -0.967681 0.143644 0.207269 -0.0541073 -0.921038 0.385695 -1.46756 2.15093 -0.762129</i>
                        <i>0.181603 0.359606 0.915261 -0.983291 0.078331 0.164325 -0.0126009 -0.92981 0.367823 -1.48655 2.11799 -0.759307</i>
                        <i>0.122075 0.352276 0.9279 -0.992299 0.0235525 0.121606 0.0209845 -0.9356 0.352439 -1.50239 2.089 -0.756177</i>
                        <i>0.119783 0.355893 0.926818 -0.992483 0.0193308 0.120847 0.0250923 -0.934327 0.355533 -1.49908 2.14299 -0.757202</i>
                        <i>0.136133 0.359531 0.92315 -0.990652 0.0412261 0.130032 0.00869266 -0.932222 0.361783 -1.48749 2.19274 -0.758693</i>
                        <i>0.150926 0.352 0.923752 -0.988169 0.0794886 0.131161 -0.0272592 -0.932619 0.359832 -1.47559 2.14771 -0.75784</i>
                        <i>0.175594 0.345984 0.921663 -0.982532 0.120193 0.142071 -0.0616231 -0.93051 0.361045 -1.46494 2.09633 -0.757525</i>
                        <i>0.214512 0.352451 0.910913 -0.974621 0.138372 0.175976 -0.064022 -0.925544 0.373189 -1.46355 2.1209 -0.759915</i>
                        <i>0.246306 0.362015 0.899043 -0.967681 0.143644 0.207269 -0.0541073 -0.921038 0.385695 -1.46756 2.15093 -0.762129</i>
                        <i>0.181603 0.359606 0.915261 -0.983291 0.078331 0.164325 -0.0126009 -0.92981 0.367823 -1.48655 2.11266 -0.759307</i>
                        <i>0.122075 0.352276 0.9279 -0.992299 0.0235525 0.121606 0.0209845 -0.9356 0.352439 -1.50239 2.07111 -0.756177</i>
                        <i>0.119783 0.355893 0.926818 -0.992483 0.0193308 0.120847 0.0250923 -0.934327 0.355533 -1.49908 2.10282 -0.757202</i>
                        <i>0.136133 0.359531 0.92315 -0.990652 0.0412261 0.130032 0.00869266 -0.932222 0.361783 -1.48749 2.13498 -0.758693</i>
                        <i>0.150926 0.352 0.923752 -0.988169 0.0794886 0.131161 -0.0272592 -0.932619 0.359832 -1.47559 2.09322 -0.75784</i>
                        <i>0.175594 0.345984 0.921663 -0.982532 0.120193 0.142071 -0.0616231 -0.93051 0.361045 -1.46494 2.0582 -0.757525</i>
                        <i>0.214512 0.352451 0.910913 -0.974621 0.138372 0.175976 -0.064022 -0.925544 0.373189 -1.46355 2.11801 -0.759915</i>
                        <i>0.246306 0.362015 0.899043 -0.967681 0.143644 0.207269 -0.0541073 -0.921038 0.385695 -1.46756 2.17759 -0.762129</i>
                        <i>0.181603 0.359606 0.915261 -0.983291 0.078331 0.164325 -0.0126009 -0.92981 0.367823 -1.48655 2.14255 -0.759307</i>
                        <i>0.122075 0.352276 0.9279 -0.992299 0.0235525 0.121606 0.0209845 -0.9356 0.352439 -1.50239 2.098 -0.756177</i>
                        <i>0.119783 0.355893 0.926818 -0.992483 0.0193308 0.120847 0.0250923 -0.934327 0.355533 -1.49908 2.1226 -0.757202</i>
                        <i>0.136133 0.359531 0.92315 -0.990652 0.0412261 0.130032 0.00869266 -0.932222 0.361783 -1.48749 2.15054 -0.758693</i>
                        <i>0.150926 0.352 0.923752 -0.988169 0.0794886 0.131161 -0.0272592 -0.932619 0.359832 -1.47559 2.11666 -0.75784</i>
                        <i>0.175594 0.345984 0.921663 -0.982532 0.120193 0.142071 -0.0616231 -0.93051 0.361045 -1.46494 2.08803 -0.757525</i>
                        <i>0.214512 0.352451 0.910913 -0.974621 0.138372 0.175976 -0.064022 -0.925544 0.373189 -1.46355 2.14261 -0.759915</i>
                        <i>0.246306 0.362015 0.899043 -0.967681 0.143644 0.207269 -0.0541073 -0.921038 0.385695 -1.46756 2.19314 -0.762129</i>
                        <i>0.181603 0.359606 0.915261 -0.983291 0.078331 0.164325 -0.0126009 -0.92981 0.367823 -1.48655 2.14904 -0.759307</i>
                        <i>0.122075 0.352276 0.9279 -0.992299 0.0235525 0.121606 0.0209845 -0.9356 0.352439 -1.50239 2.0973 -0.756177</i>
                        <i>0.119783 0.355893 0.926818 -0.992483 0.0193308 0.120847 0.0250923 -0.934327 0.355533 -1.49908 2.12128 -0.757202</i>
                        <i>0.136133 0.359531 0.92315 -0.990652 0.0412261 0.130032 0.00869266 -0.932222 0.361783 -1.48749 2.15054 -0.758693</i>
                        <i>0.150926 0.352 0.923752 -0.988169 0.0794886 0.131161 -0.0272592 -0.932619 0.359832 -1.47559 2.11133 -0.75784</i>
                        <i>0.175594 0.345984 0.921663 -0.982532 0.120193 0.142071 -0.0616231 -0.93051 0.361045 -1.46494 2.07014 -0.757525</i>
                        <i>0.214512 0.352451 0.910913 -0.974621 0.138372 0.175976 -0.064022 -0.925544 0.373189 -1.46355 2.10243 -0.759915</i>
                        <i>0.246306 0.362015 0.899043 -0.967681 0.143644 0.207269 -0.0541073 -0.921038 0.385695 -1.46756 2.13537 -0.762129</i>
                        <i>0.181603 0.359606 0.915261 -0.983291 0.078331 0.164325 -0.0126009 -0.92981 0.367823 -1.48655 2.09454 -0.759307</i>
                        <i>0.122075 0.352276 0.9279 -0.992299 0.0235525 0.121606 0.0209845 -0.9356 0.352439 -1.50239 2.05917 -0.756177</i>
                        <i>0.119783 0.355893 0.926818 -0.992483 0.0193308 0.120847 0.0250923 -0.934327 0.355533 -1.49908 2.1184 -0.757202</i>
                        <i>0.136133 0.359531 0.92315 -0.990652 0.0412261 0.130032 0.00869266 -0.932222 0.361783 -1.48749 2.1772 -0.758693</i>
                        <i>0.150926 0.352 0.923752 -0.988169 0.0794886 0.131161 -0.0272592 -0.932619 0.359832 -1.47559 2.14122 -0.75784</i>
                        <i>0.175594 0.345984 0.921663 -0.982532 0.120193 0.142071 -0.0616231 -0.93051 0.361045 -1.46494 2.09702 -0.757525</i>
                        <i>0.214512 0.352451 0.910913 -0.974621 0.138372 0.175976 -0.064022 -0.925544 0.373189 -1.46355 2.12222 -0.759915</i>
                        <i>0.246306 0.362015 0.899043 -0.967681 0.143644 0.207269 -0.0541073 -0.921038 0.385695 -1.46756 2.15093 -0.762129</i>
                    </KeyFrames>
                </p>
            </i>
            <i>
                <p>
                    <Name>
                        <![CDATA[head]]>
</Name>
                    <Exclude>0</Exclude>
                    <Additive>0</Additive>
                    <IKPriority>0</IKPriority>
                    <IKRotLimits>-1e+010 -1e+010 -1e+010 1e+010 1e+010 1e+010</IKRotLimits>
                    <IKRotLimitOrder>0</IKRotLimitOrder>
                    <KeyFrames count="41">
                        <i>0.0754153 0.966502 0.245327 -0.0625407 0.250128 -0.966191 -0.995189 0.0575226 0.0793092 -1.41147 2.25803 -0.507719</i>
                        <i>0.118166 0.961064 0.249785 -0.0597362 0.257971 -0.964304 -0.991195 0.0990265 0.0878936 -1.44491 2.2241 -0.501822</i>
                        <i>0.128405 0.957357 0.258803 -0.0491709 0.266788 -0.9625 -0.990502 0.110864 0.081331 -1.47466 2.19296 -0.496001</i>
                        <i>0.0844641 0.960665 0.264553 -0.0205163 0.267122 -0.963444 -0.996215 0.0759488 0.0422716 -1.47709 2.24747 -0.497052</i>
                        <i>0.0688184 0.961759 0.265111 0.00448509 0.26544 -0.964117 -0.997619 0.0675381 0.0139536 -1.46568 2.29797 -0.499258</i>
                        <i>0.0491669 0.962467 0.266908 -3.92377e-005 0.267233 -0.963632 -0.998791 0.0473683 0.0131768 -1.44706 2.25159 -0.498228</i>
                        <i>0.0352805 0.963691 0.26468 -0.0146 0.265314 -0.964051 -0.999271 0.0301479 0.0234304 -1.42671 2.19907 -0.498377</i>
                        <i>0.0642246 0.964832 0.2549 -0.039883 0.257705 -0.9654 -0.997138 0.0518362 0.0550314 -1.41505 2.22549 -0.503075</i>
                        <i>0.0754153 0.966502 0.245327 -0.0625407 0.250128 -0.966191 -0.995189 0.0575226 0.0793092 -1.41147 2.25803 -0.507719</i>
                        <i>0.118166 0.961064 0.249785 -0.0597362 0.257971 -0.964304 -0.991195 0.0990265 0.0878936 -1.44491 2.21876 -0.501822</i>
                        <i>0.128405 0.957357 0.258803 -0.0491709 0.266788 -0.9625 -0.990502 0.110864 0.081331 -1.47466 2.17507 -0.496001</i>
                        <i>0.0844641 0.960665 0.264553 -0.0205163 0.267122 -0.963444 -0.996215 0.0759488 0.0422716 -1.47709 2.20729 -0.497052</i>
                        <i>0.0688184 0.961759 0.265111 0.00448509 0.26544 -0.964117 -0.997619 0.0675381 0.0139536 -1.46568 2.2402 -0.499258</i>
                        <i>0.0491669 0.962467 0.266908 -3.92377e-005 0.267233 -0.963632 -0.998791 0.0473683 0.0131768 -1.44706 2.1971 -0.498228</i>
                        <i>0.0352805 0.963691 0.26468 -0.0146 0.265314 -0.964051 -0.999271 0.0301479 0.0234304 -1.42671 2.16094 -0.498377</i>
                        <i>0.0642246 0.964832 0.2549 -0.039883 0.257705 -0.9654 -0.997138 0.0518362 0.0550314 -1.41505 2.2226 -0.503075</i>
                        <i>0.0754153 0.966502 0.245327 -0.0625407 0.250128 -0.966191 -0.995189 0.0575226 0.0793092 -1.41147 2.28469 -0.507719</i>
                        <i>0.118166 0.961064 0.249785 -0.0597362 0.257971 -0.964304 -0.991195 0.0990265 0.0878936 -1.44491 2.24865 -0.501822</i>
                        <i>0.128405 0.957357 0.258803 -0.0491709 0.266788 -0.9625 -0.990502 0.110864 0.081331 -1.47466 2.20195 -0.496001</i>
                        <i>0.0844641 0.960665 0.264553 -0.0205163 0.267122 -0.963444 -0.996215 0.0759488 0.0422716 -1.47709 2.22708 -0.497052</i>
                        <i>0.0688184 0.961759 0.265111 0.00448509 0.26544 -0.964117 -0.997619 0.0675381 0.0139536 -1.46568 2.25576 -0.499258</i>
                        <i>0.0491669 0.962467 0.266908 -3.92377e-005 0.267233 -0.963632 -0.998791 0.0473683 0.0131768 -1.44706 2.22055 -0.498228</i>
                        <i>0.0352805 0.963691 0.26468 -0.0146 0.265314 -0.964051 -0.999271 0.0301479 0.0234304 -1.42671 2.19077 -0.498377</i>
                        <i>0.0642246 0.964832 0.2549 -0.039883 0.257705 -0.9654 -0.997138 0.0518362 0.0550314 -1.41505 2.2472 -0.503075</i>
                        <i>0.0754153 0.966502 0.245327 -0.0625407 0.250128 -0.966191 -0.995189 0.0575226 0.0793092 -1.41147 2.30023 -0.507719</i>
                        <i>0.118166 0.961064 0.249785 -0.0597362 0.257971 -0.964304 -0.991195 0.0990265 0.0878936 -1.44491 2.25514 -0.501822</i>
                        <i>0.128405 0.957357 0.258803 -0.0491709 0.266788 -0.9625 -0.990502 0.110864 0.081331 -1.47466 2.20126 -0.496001</i>
                        <i>0.0844641 0.960665 0.264553 -0.0205163 0.267122 -0.963444 -0.996215 0.0759488 0.0422716 -1.47709 2.22576 -0.497052</i>
                        <i>0.0688184 0.961759 0.265111 0.00448509 0.26544 -0.964117 -0.997619 0.0675381 0.0139536 -1.46568 2.25576 -0.499258</i>
                        <i>0.0491669 0.962467 0.266908 -3.92377e-005 0.267233 -0.963632 -0.998791 0.0473683 0.0131768 -1.44706 2.21521 -0.498228</i>
                        <i>0.0352805 0.963691 0.26468 -0.0146 0.265314 -0.964051 -0.999271 0.0301479 0.0234304 -1.42671 2.17288 -0.498377</i>
                        <i>0.0642246 0.964832 0.2549 -0.039883 0.257705 -0.9654 -0.997138 0.0518362 0.0550314 -1.41505 2.20702 -0.503075</i>
                        <i>0.0754153 0.966502 0.245327 -0.0625407 0.250128 -0.966191 -0.995189 0.0575226 0.0793092 -1.41147 2.24247 -0.507719</i>
                        <i>0.118166 0.961064 0.249785 -0.0597362 0.257971 -0.964304 -0.991195 0.0990265 0.0878936 -1.44491 2.20065 -0.501822</i>
                        <i>0.128405 0.957357 0.258803 -0.0491709 0.266788 -0.9625 -0.990502 0.110864 0.081331 -1.47466 2.16312 -0.496001</i>
                        <i>0.0844641 0.960665 0.264553 -0.0205163 0.267122 -0.963444 -0.996215 0.0759488 0.0422716 -1.47709 2.22287 -0.497052</i>
                        <i>0.0688184 0.961759 0.265111 0.00448509 0.26544 -0.964117 -0.997619 0.0675381 0.0139536 -1.46568 2.28242 -0.499258</i>
                        <i>0.0491669 0.962467 0.266908 -3.92377e-005 0.267233 -0.963632 -0.998791 0.0473683 0.0131768 -1.44706 2.24511 -0.498228</i>
                        <i>0.0352805 0.963691 0.26468 -0.0146 0.265314 -0.964051 -0.999271 0.0301479 0.0234304 -1.42671 2.19977 -0.498377</i>
                        <i>0.0642246 0.964832 0.2549 -0.039883 0.257705 -0.9654 -0.997138 0.0518362 0.0550314 -1.41505 2.22681 -0.503075</i>
                        <i>0.0754153 0.966502 0.245327 -0.0625407 0.250128 -0.966191 -0.995189 0.0575226 0.0793092 -1.41147 2.25803 -0.507719</i>
                    </KeyFrames>
                </p>
            </i>
            <i>
                <p>
                    <Name>
                        <![CDATA[head_prop]]>
</Name>
                    <Exclude>0</Exclude>
                    <Additive>0</Additive>
                    <IKPriority>0</IKPriority>
                    <IKRotLimits>-1e+010 -1e+010 -1e+010 1e+010 1e+010 1e+010</IKRotLimits>
                    <IKRotLimitOrder>0</IKRotLimitOrder>
                    <KeyFrames count="41">
                        <i>0.995189 -0.0575226 -0.0793092 0.0754153 0.966502 0.245327 0.0625407 -0.250128 0.966191 -1.38689 2.57302 -0.427764</i>
                        <i>0.991195 -0.0990265 -0.0878936 0.118166 0.961064 0.249785 0.0597362 -0.257971 0.964304 -1.40639 2.53731 -0.420415</i>
                        <i>0.990502 -0.110864 -0.081331 0.128405 0.957357 0.258803 0.0491709 -0.266788 0.9625 -1.43281 2.50497 -0.411655</i>
                        <i>0.996215 -0.0759488 -0.0422716 0.0844641 0.960665 0.264553 0.0205163 -0.267122 0.963444 -1.44956 2.56056 -0.410832</i>
                        <i>0.997619 -0.0675381 -0.0139536 0.0688184 0.961759 0.265111 -0.00448509 -0.26544 0.964117 -1.44324 2.61141 -0.412855</i>
                        <i>0.998791 -0.0473683 -0.0131768 0.0491669 0.962467 0.266908 3.92377e-005 -0.267233 0.963632 -1.43104 2.56527 -0.41124</i>
                        <i>0.999271 -0.0301479 -0.0234304 0.0352805 0.963691 0.26468 0.0146 -0.265314 0.964051 -1.41521 2.51315 -0.412115</i>
                        <i>0.997138 -0.0518362 -0.0550314 0.0642246 0.964832 0.2549 0.039883 -0.257705 0.9654 -1.39411 2.53994 -0.42</i>
                        <i>0.995189 -0.0575226 -0.0793092 0.0754153 0.966502 0.245327 0.0625407 -0.250128 0.966191 -1.38689 2.57302 -0.427764</i>
                        <i>0.991195 -0.0990265 -0.0878936 0.118166 0.961064 0.249785 0.0597362 -0.257971 0.964304 -1.40639 2.53198 -0.420415</i>
                        <i>0.990502 -0.110864 -0.081331 0.128405 0.957357 0.258803 0.0491709 -0.266788 0.9625 -1.43281 2.48708 -0.411655</i>
                        <i>0.996215 -0.0759488 -0.0422716 0.0844641 0.960665 0.264553 0.0205163 -0.267122 0.963444 -1.44956 2.52038 -0.410832</i>
                        <i>0.997619 -0.0675381 -0.0139536 0.0688184 0.961759 0.265111 -0.00448509 -0.26544 0.964117 -1.44324 2.55365 -0.412855</i>
                        <i>0.998791 -0.0473683 -0.0131768 0.0491669 0.962467 0.266908 3.92377e-005 -0.267233 0.963632 -1.43104 2.51078 -0.41124</i>
                        <i>0.999271 -0.0301479 -0.0234304 0.0352805 0.963691 0.26468 0.0146 -0.265314 0.964051 -1.41521 2.47502 -0.412115</i>
                        <i>0.997138 -0.0518362 -0.0550314 0.0642246 0.964832 0.2549 0.039883 -0.257705 0.9654 -1.39411 2.53705 -0.42</i>
                        <i>0.995189 -0.0575226 -0.0793092 0.0754153 0.966502 0.245327 0.0625407 -0.250128 0.966191 -1.38689 2.59969 -0.427764</i>
                        <i>0.991195 -0.0990265 -0.0878936 0.118166 0.961064 0.249785 0.0597362 -0.257971 0.964304 -1.40639 2.56187 -0.420415</i>
                        <i>0.990502 -0.110864 -0.081331 0.128405 0.957357 0.258803 0.0491709 -0.266788 0.9625 -1.43281 2.51396 -0.411655</i>
                        <i>0.996215 -0.0759488 -0.0422716 0.0844641 0.960665 0.264553 0.0205163 -0.267122 0.963444 -1.44956 2.54017 -0.410832</i>
                        <i>0.997619 -0.0675381 -0.0139536 0.0688184 0.961759 0.265111 -0.00448509 -0.26544 0.964117 -1.44324 2.56921 -0.412855</i>
                        <i>0.998791 -0.0473683 -0.0131768 0.0491669 0.962467 0.266908 3.92377e-005 -0.267233 0.963632 -1.43104 2.53423 -0.41124</i>
                        <i>0.999271 -0.0301479 -0.0234304 0.0352805 0.963691 0.26468 0.0146 -0.265314 0.964051 -1.41521 2.50485 -0.412115</i>
                        <i>0.997138 -0.0518362 -0.0550314 0.0642246 0.964832 0.2549 0.039883 -0.257705 0.9654 -1.39411 2.56165 -0.42</i>
                        <i>0.995189 -0.0575226 -0.0793092 0.0754153 0.966502 0.245327 0.0625407 -0.250128 0.966191 -1.38689 2.61523 -0.427764</i>
                        <i>0.991195 -0.0990265 -0.0878936 0.118166 0.961064 0.249785 0.0597362 -0.257971 0.964304 -1.40639 2.56836 -0.420415</i>
                        <i>0.990502 -0.110864 -0.081331 0.128405 0.957357 0.258803 0.0491709 -0.266788 0.9625 -1.43281 2.51327 -0.411655</i>
                        <i>0.996215 -0.0759488 -0.0422716 0.0844641 0.960665 0.264553 0.0205163 -0.267122 0.963444 -1.44956 2.53885 -0.410832</i>
                        <i>0.997619 -0.0675381 -0.0139536 0.0688184 0.961759 0.265111 -0.00448509 -0.26544 0.964117 -1.44324 2.56921 -0.412855</i>
                        <i>0.998791 -0.0473683 -0.0131768 0.0491669 0.962467 0.266908 3.92377e-005 -0.267233 0.963632 -1.43104 2.52889 -0.41124</i>
                        <i>0.999271 -0.0301479 -0.0234304 0.0352805 0.963691 0.26468 0.0146 -0.265314 0.964051 -1.41521 2.48696 -0.412115</i>
                        <i>0.997138 -0.0518362 -0.0550314 0.0642246 0.964832 0.2549 0.039883 -0.257705 0.9654 -1.39411 2.52147 -0.42</i>
                        <i>0.995189 -0.0575226 -0.0793092 0.0754153 0.966502 0.245327 0.0625407 -0.250128 0.966191 -1.38689 2.55746 -0.427764</i>
                        <i>0.991195 -0.0990265 -0.0878936 0.118166 0.961064 0.249785 0.0597362 -0.257971 0.964304 -1.40639 2.51387 -0.420415</i>
                        <i>0.990502 -0.110864 -0.081331 0.128405 0.957357 0.258803 0.0491709 -0.266788 0.9625 -1.43281 2.47513 -0.411655</i>
                        <i>0.996215 -0.0759488 -0.0422716 0.0844641 0.960665 0.264553 0.0205163 -0.267122 0.963444 -1.44956 2.53596 -0.410832</i>
                        <i>0.997619 -0.0675381 -0.0139536 0.0688184 0.961759 0.265111 -0.00448509 -0.26544 0.964117 -1.44324 2.59587 -0.412855</i>
                        <i>0.998791 -0.0473683 -0.0131768 0.0491669 0.962467 0.266908 3.92377e-005 -0.267233 0.963632 -1.43104 2.55878 -0.41124</i>
                        <i>0.999271 -0.0301479 -0.0234304 0.0352805 0.963691 0.26468 0.0146 -0.265314 0.964051 -1.41521 2.51384 -0.412115</i>
                        <i>0.997138 -0.0518362 -0.0550314 0.0642246 0.964832 0.2549 0.039883 -0.257705 0.9654 -1.39411 2.54125 -0.42</i>
                        <i>0.995189 -0.0575226 -0.0793092 0.0754153 0.966502 0.245327 0.0625407 -0.250128 0.966191 -1.38689 2.57302 -0.427764</i>
                    </KeyFrames>
                </p>
            </i>
            <i>
                <p>
                    <Name>
                        <![CDATA[l_clav]]>
</Name>
                    <Exclude>0</Exclude>
                    <Additive>0</Additive>
                    <IKPriority>0</IKPriority>
                    <IKRotLimits>-1e+010 -1e+010 -1e+010 1e+010 1e+010 1e+010</IKRotLimits>
                    <IKRotLimitOrder>0</IKRotLimitOrder>
                    <KeyFrames count="41">
                        <i>0.935811 0.245107 0.253338 -0.345151 0.49113 0.799789 0.0716121 -0.835891 0.544204 -1.35441 2.14695 -0.687214</i>
                        <i>0.86111 0.444029 0.247645 -0.445567 0.424489 0.788213 0.244867 -0.78908 0.563376 -1.37999 2.11769 -0.681485</i>
                        <i>0.788771 0.559138 0.255352 -0.509722 0.362796 0.780104 0.343545 -0.745482 0.571168 -1.40159 2.09149 -0.675384</i>
                        <i>0.797079 0.526409 0.295905 -0.528503 0.371041 0.763553 0.292148 -0.764998 0.573957 -1.39492 2.14823 -0.673732</i>
                        <i>0.832907 0.442594 0.332229 -0.515687 0.402858 0.756156 0.200829 -0.801134 0.563783 -1.37914 2.19837 -0.673635</i>
                        <i>0.8467 0.429046 0.314672 -0.494802 0.417484 0.762153 0.195628 -0.801016 0.565777 -1.36865 2.14806 -0.674141</i>
