<?xml version="1.0" encoding="ISO-8859-1" ?>
<Animl Version="1">
    <ModellingPackage>
        <![CDATA[Maya.2010]]>
</ModellingPackage>
    <SrcFile>
        <![CDATA[anims\turrets\machinegun\blue\~src\mgun_m2browning\mgun_m2browning_reload_low_crewman_a.mb]]>
</SrcFile>
    <FramesPerSecond>30</FramesPerSecond>
    <TotalFrames>117</TotalFrames>
    <Skeleton>
        <RefFrame>
            <Name>
                <![CDATA[soldier_ref_frame]]>
</Name>
            <Exclude>0</Exclude>
            <Additive>0</Additive>
            <IKPriority>0</IKPriority>
            <IKRotLimits>-1e+010 -1e+010 -1e+010 1e+010 1e+010 1e+010</IKRotLimits>
            <IKRotLimitOrder>0</IKRotLimitOrder>
            <KeyFrames count="117">
                <i>1 0 0 0 1 0 0 0 1 0 0.9 -1.73</i>
                <i>1 0 0 0 1 0 0 0 1 0 0.9 -1.73</i>
                <i>1 0 0 0 1 0 0 0 1 0 0.9 -1.73</i>
                <i>1 0 0 0 1 0 0 0 1 0 0.9 -1.73</i>
                <i>1 0 0 0 1 0 0 0 1 0 0.9 -1.73</i>
                <i>1 0 0 0 1 0 0 0 1 0 0.9 -1.73</i>
                <i>1 0 0 0 1 0 0 0 1 0 0.9 -1.73</i>
                <i>1 0 0 0 1 0 0 0 1 0 0.9 -1.73</i>
                <i>1 0 0 0 1 0 0 0 1 0 0.9 -1.73</i>
                <i>1 0 0 0 1 0 0 0 1 0 0.9 -1.73</i>
                <i>1 0 0 0 1 0 0 0 1 0 0.9 -1.73</i>
                <i>1 0 0 0 1 0 0 0 1 0 0.9 -1.73</i>
                <i>1 0 0 0 1 0 0 0 1 0 0.9 -1.73</i>
                <i>1 0 0 0 1 0 0 0 1 0 0.9 -1.73</i>
                <i>1 0 0 0 1 0 0 0 1 0 0.9 -1.73</i>
                <i>1 0 0 0 1 0 0 0 1 0 0.9 -1.73</i>
                <i>1 0 0 0 1 0 0 0 1 0 0.9 -1.73</i>
                <i>1 0 0 0 1 0 0 0 1 0 0.9 -1.73</i>
                <i>1 0 0 0 1 0 0 0 1 0 0.9 -1.73</i>
                <i>1 0 0 0 1 0 0 0 1 0 0.9 -1.73</i>
                <i>1 0 0 0 1 0 0 0 1 0 0.9 -1.73</i>
                <i>1 0 0 0 1 0 0 0 1 0 0.9 -1.73</i>
                <i>1 0 0 0 1 0 0 0 1 0 0.9 -1.73</i>
                <i>1 0 0 0 1 0 0 0 1 0 0.9 -1.73</i>
                <i>1 0 0 0 1 0 0 0 1 0 0.9 -1.73</i>
                <i>1 0 0 0 1 0 0 0 1 0 0.9 -1.73</i>
                <i>1 0 0 0 1 0 0 0 1 0 0.9 -1.73</i>
                <i>1 0 0 0 1 0 0 0 1 0 0.9 -1.73</i>
                <i>1 0 0 0 1 0 0 0 1 0 0.9 -1.73</i>
                <i>1 0 0 0 1 0 0 0 1 0 0.9 -1.73</i>
                <i>1 0 0 0 1 0 0 0 1 0 0.9 -1.73</i>
                <i>1 0 0 0 1 0 0 0 1 0 0.9 -1.73</i>
                <i>1 0 0 0 1 0 0 0 1 0 0.9 -1.73</i>
                <i>1 0 0 0 1 0 0 0 1 0 0.9 -1.73</i>
                <i>1 0 0 0 1 0 0 0 1 0 0.9 -1.73</i>
                <i>1 0 0 0 1 0 0 0 1 0 0.9 -1.73</i>
                <i>1 0 0 0 1 0 0 0 1 0 0.9 -1.73</i>
                <i>1 0 0 0 1 0 0 0 1 0 0.9 -1.73</i>
                <i>1 0 0 0 1 0 0 0 1 0 0.9 -1.73</i>
                <i>1 0 0 0 1 0 0 0 1 0 0.9 -1.73</i>
                <i>1 0 0 0 1 0 0 0 1 0 0.9 -1.73</i>
                <i>1 0 0 0 1 0 0 0 1 0 0.9 -1.73</i>
                <i>1 0 0 0 1 0 0 0 1 0 0.9 -1.73</i>
                <i>1 0 0 0 1 0 0 0 1 0 0.9 -1.73</i>
                <i>1 0 0 0 1 0 0 0 1 0 0.9 -1.73</i>
                <i>1 0 0 0 1 0 0 0 1 0 0.9 -1.73</i>
                <i>1 0 0 0 1 0 0 0 1 0 0.9 -1.73</i>
                <i>1 0 0 0 1 0 0 0 1 0 0.9 -1.73</i>
                <i>1 0 0 0 1 0 0 0 1 0 0.9 -1.73</i>
                <i>1 0 0 0 1 0 0 0 1 0 0.9 -1.73</i>
                <i>1 0 0 0 1 0 0 0 1 0 0.9 -1.73</i>
                <i>1 0 0 0 1 0 0 0 1 0 0.9 -1.73</i>
                <i>1 0 0 0 1 0 0 0 1 0 0.9 -1.73</i>
                <i>1 0 0 0 1 0 0 0 1 0 0.9 -1.73</i>
                <i>1 0 0 0 1 0 0 0 1 0 0.9 -1.73</i>
                <i>1 0 0 0 1 0 0 0 1 0 0.9 -1.73</i>
                <i>1 0 0 0 1 0 0 0 1 0 0.9 -1.73</i>
                <i>1 0 0 0 1 0 0 0 1 0 0.9 -1.73</i>
                <i>1 0 0 0 1 0 0 0 1 0 0.9 -1.73</i>
                <i>1 0 0 0 1 0 0 0 1 0 0.9 -1.73</i>
                <i>1 0 0 0 1 0 0 0 1 0 0.9 -1.73</i>
                <i>1 0 0 0 1 0 0 0 1 0 0.9 -1.73</i>
                <i>1 0 0 0 1 0 0 0 1 0 0.9 -1.73</i>
                <i>1 0 0 0 1 0 0 0 1 0 0.9 -1.73</i>
                <i>1 0 0 0 1 0 0 0 1 0 0.9 -1.73</i>
                <i>1 0 0 0 1 0 0 0 1 0 0.9 -1.73</i>
                <i>1 0 0 0 1 0 0 0 1 0 0.9 -1.73</i>
                <i>1 0 0 0 1 0 0 0 1 0 0.9 -1.73</i>
                <i>1 0 0 0 1 0 0 0 1 0 0.9 -1.73</i>
                <i>1 0 0 0 1 0 0 0 1 0 0.9 -1.73</i>
                <i>1 0 0 0 1 0 0 0 1 0 0.9 -1.73</i>
                <i>1 0 0 0 1 0 0 0 1 0 0.9 -1.73</i>
                <i>1 0 0 0 1 0 0 0 1 0 0.9 -1.73</i>
                <i>1 0 0 0 1 0 0 0 1 0 0.9 -1.73</i>
                <i>1 0 0 0 1 0 0 0 1 0 0.9 -1.73</i>
                <i>1 0 0 0 1 0 0 0 1 0 0.9 -1.73</i>
                <i>1 0 0 0 1 0 0 0 1 0 0.9 -1.73</i>
                <i>1 0 0 0 1 0 0 0 1 0 0.9 -1.73</i>
                <i>1 0 0 0 1 0 0 0 1 0 0.9 -1.73</i>
                <i>1 0 0 0 1 0 0 0 1 0 0.9 -1.73</i>
                <i>1 0 0 0 1 0 0 0 1 0 0.9 -1.73</i>
                <i>1 0 0 0 1 0 0 0 1 0 0.9 -1.73</i>
                <i>1 0 0 0 1 0 0 0 1 0 0.9 -1.73</i>
                <i>1 0 0 0 1 0 0 0 1 0 0.9 -1.73</i>
                <i>1 0 0 0 1 0 0 0 1 0 0.9 -1.73</i>
                <i>1 0 0 0 1 0 0 0 1 0 0.9 -1.73</i>
                <i>1 0 0 0 1 0 0 0 1 0 0.9 -1.73</i>
                <i>1 0 0 0 1 0 0 0 1 0 0.9 -1.73</i>
                <i>1 0 0 0 1 0 0 0 1 0 0.9 -1.73</i>
                <i>1 0 0 0 1 0 0 0 1 0 0.9 -1.73</i>
                <i>1 0 0 0 1 0 0 0 1 0 0.9 -1.73</i>
                <i>1 0 0 0 1 0 0 0 1 0 0.9 -1.73</i>
                <i>1 0 0 0 1 0 0 0 1 0 0.9 -1.73</i>
                <i>1 0 0 0 1 0 0 0 1 0 0.9 -1.73</i>
                <i>1 0 0 0 1 0 0 0 1 0 0.9 -1.73</i>
                <i>1 0 0 0 1 0 0 0 1 0 0.9 -1.73</i>
                <i>1 0 0 0 1 0 0 0 1 0 0.9 -1.73</i>
                <i>1 0 0 0 1 0 0 0 1 0 0.9 -1.73</i>
                <i>1 0 0 0 1 0 0 0 1 0 0.9 -1.73</i>
                <i>1 0 0 0 1 0 0 0 1 0 0.9 -1.73</i>
                <i>1 0 0 0 1 0 0 0 1 0 0.9 -1.73</i>
                <i>1 0 0 0 1 0 0 0 1 0 0.9 -1.73</i>
                <i>1 0 0 0 1 0 0 0 1 0 0.9 -1.73</i>
                <i>1 0 0 0 1 0 0 0 1 0 0.9 -1.73</i>
                <i>1 0 0 0 1 0 0 0 1 0 0.9 -1.73</i>
                <i>1 0 0 0 1 0 0 0 1 0 0.9 -1.73</i>
                <i>1 0 0 0 1 0 0 0 1 0 0.9 -1.73</i>
                <i>1 0 0 0 1 0 0 0 1 0 0.9 -1.73</i>
                <i>1 0 0 0 1 0 0 0 1 0 0.9 -1.73</i>
                <i>1 0 0 0 1 0 0 0 1 0 0.9 -1.73</i>
                <i>1 0 0 0 1 0 0 0 1 0 0.9 -1.73</i>
                <i>1 0 0 0 1 0 0 0 1 0 0.9 -1.73</i>
                <i>1 0 0 0 1 0 0 0 1 0 0.9 -1.73</i>
                <i>1 0 0 0 1 0 0 0 1 0 0.9 -1.73</i>
                <i>1 0 0 0 1 0 0 0 1 0 0.9 -1.73</i>
                <i>1 0 0 0 1 0 0 0 1 0 0.9 -1.73</i>
                <i>1 0 0 0 1 0 0 0 1 0 0.9 -1.73</i>
            </KeyFrames>
        </RefFrame>
        <Bones count="23">
            <i>
                <p>
                    <Name>
                        <![CDATA[pelvis]]>
</Name>
                    <Exclude>0</Exclude>
                    <Additive>0</Additive>
                    <IKPriority>0</IKPriority>
                    <IKRotLimits>-1e+010 -1e+010 -1e+010 1e+010 1e+010 1e+010</IKRotLimits>
                    <IKRotLimitOrder>2</IKRotLimitOrder>
                    <KeyFrames count="117">
                        <i>1 0 0 0 1 0 0 0 1 0 1.8908 -1.81757</i>
                        <i>1 0 0 0 1 0 0 0 1 -0.0286579 1.78743 -1.69327</i>
                        <i>1 0 0 0 1 0 0 0 1 -0.0573158 1.85644 -1.75691</i>
                        <i>1 0 0 0 1 0 0 0 1 -0.0668698 1.90554 -1.81219</i>
                        <i>1 0 0 0 1 0 0 0 1 -0.0386128 1.92203 -1.86569</i>
                        <i>1 0 0 0 1 0 0 0 1 0.00874793 1.9186 -1.91082</i>
                        <i>1 0 0 0 1 0 0 0 1 0.0381952 1.91335 -1.91949</i>
                        <i>1 0 0 0 1 0 0 0 1 0.0281079 1.9188 -1.86023</i>
                        <i>1 0 0 0 1 0 0 0 1 0.000107112 1.93009 -1.7645</i>
                        <i>1 0 0 0 1 0 0 0 1 -0.0179609 1.93918 -1.69855</i>
                        <i>1 0 0 0 1 0 0 0 1 -0.0197721 1.9465 -1.67899</i>
                        <i>1 0 0 0 1 0 0 0 1 -0.0182976 1.95526 -1.67411</i>
                        <i>1 0 0 0 1 0 0 0 1 -0.0146333 1.96161 -1.67765</i>
                        <i>1 0 0 0 1 0 0 0 1 -0.00987534 1.96173 -1.68334</i>
                        <i>1 0 0 0 1 0 0 0 1 -0.00511975 1.95178 -1.6849</i>
                        <i>1 0 0 0 1 0 0 0 1 -0.0130988 1.93341 -1.68328</i>
                        <i>1 0 0 0 1 0 0 0 1 -0.0407391 1.9154 -1.68302</i>
                        <i>1 0 0 0 1 0 0 0 1 -0.0791081 1.89769 -1.68302</i>
                        <i>1 0 0 0 1 0 0 0 1 -0.118502 1.87803 -1.68306</i>
                        <i>1 0 0 0 1 0 0 0 1 -0.150813 1.85995 -1.68312</i>
                        <i>1 0 0 0 1 0 0 0 1 -0.167986 1.84695 -1.68318</i>
                        <i>1 0 0 0 1 0 0 0 1 -0.174585 1.83846 -1.68322</i>
                        <i>1 0 0 0 1 0 0 0 1 -0.18055 1.83149 -1.68326</i>
                        <i>1 0 0 0 1 0 0 0 1 -0.185911 1.82593 -1.68329</i>
                        <i>1 0 0 0 1 0 0 0 1 -0.190698 1.82165 -1.68331</i>
                        <i>1 0 0 0 1 0 0 0 1 -0.194943 1.81853 -1.68333</i>
                        <i>1 0 0 0 1 0 0 0 1 -0.198678 1.81646 -1.68334</i>
                        <i>1 0 0 0 1 0 0 0 1 -0.201938 1.81532 -1.68335</i>
                        <i>1 0 0 0 1 0 0 0 1 -0.204754 1.81497 -1.68335</i>
                        <i>1 0 0 0 1 0 0 0 1 -0.207159 1.81531 -1.68335</i>
                        <i>1 0 0 0 1 0 0 0 1 -0.209188 1.81622 -1.68334</i>
                        <i>1 0 0 0 1 0 0 0 1 -0.210871 1.81757 -1.68333</i>
                        <i>1 0 0 0 1 0 0 0 1 -0.212242 1.81925 -1.68331</i>
                        <i>1 0 0 0 1 0 0 0 1 -0.213332 1.82113 -1.68329</i>
                        <i>1 0 0 0 1 0 0 0 1 -0.214172 1.82309 -1.68327</i>
                        <i>1 0 0 0 1 0 0 0 1 -0.214794 1.82502 -1.68324</i>
                        <i>1 0 0 0 1 0 0 0 1 -0.215227 1.8268 -1.68322</i>
                        <i>1 0 0 0 1 0 0 0 1 -0.215501 1.8283 -1.68319</i>
                        <i>1 0 0 0 1 0 0 0 1 -0.215646 1.82941 -1.68316</i>
                        <i>1 0 0 0 1 0 0 0 1 -0.215691 1.83001 -1.68314</i>
                        <i>1 0 0 0 1 0 0 0 1 -0.215664 1.82997 -1.68311</i>
                        <i>1 0 0 0 1 0 0 0 1 -0.215593 1.82919 -1.68309</i>
                        <i>1 0 0 0 1 0 0 0 1 -0.215507 1.82753 -1.68308</i>
                        <i>1 0 0 0 1 0 0 0 1 -0.215434 1.82488 -1.68307</i>
                        <i>1 0 0 0 1 0 0 0 1 -0.215403 1.82112 -1.68306</i>
                        <i>1 0 0 0 1 0 0 0 1 -0.215403 1.80523 -1.68306</i>
                        <i>1 0 0 0 1 0 0 0 1 -0.215403 1.77566 -1.68306</i>
                        <i>1 0 0 0 1 0 0 0 1 -0.215403 1.74646 -1.68306</i>
                        <i>1 0 0 0 1 0 0 0 1 -0.215403 1.73174 -1.68306</i>
                        <i>1 0 0 0 1 0 0 0 1 -0.215403 1.73841 -1.68306</i>
                        <i>1 0 0 0 1 0 0 0 1 -0.215403 1.75792 -1.68306</i>
                        <i>1 0 0 0 1 0 0 0 1 -0.215403 1.78108 -1.68306</i>
                        <i>1 0 0 0 1 0 0 0 1 -0.215403 1.7987 -1.68306</i>
                        <i>1 0 0 0 1 0 0 0 1 -0.215403 1.80917 -1.68306</i>
                        <i>1 0 0 0 1 0 0 0 1 -0.215403 1.8171 -1.68306</i>
                        <i>1 0 0 0 1 0 0 0 1 -0.215403 1.82268 -1.68306</i>
                        <i>1 0 0 0 1 0 0 0 1 -0.215403 1.82607 -1.68306</i>
                        <i>1 0 0 0 1 0 0 0 1 -0.215403 1.82713 -1.68306</i>
                        <i>1 0 0 0 1 0 0 0 1 -0.215403 1.82616 -1.68306</i>
                        <i>1 0 0 0 1 0 0 0 1 -0.215403 1.82405 -1.68306</i>
                        <i>1 0 0 0 1 0 0 0 1 -0.215403 1.82169 -1.68306</i>
                        <i>1 0 0 0 1 0 0 0 1 -0.215403 1.81998 -1.68306</i>
                        <i>1 0 0 0 1 0 0 0 1 -0.208215 1.81966 -1.68456</i>
                        <i>1 0 0 0 1 0 0 0 1 -0.188055 1.8207 -1.68871</i>
                        <i>1 0 0 0 1 0 0 0 1 -0.156972 1.82278 -1.69501</i>
                        <i>1 0 0 0 1 0 0 0 1 -0.117028 1.82559 -1.70295</i>
                        <i>1 0 0 0 1 0 0 0 1 -0.0703725 1.82877 -1.71208</i>
                        <i>1 0 0 0 1 0 0 0 1 -0.0192764 1.832 -1.72202</i>
                        <i>1 0 0 0 1 0 0 0 1 0.0338753 1.835 -1.73248</i>
                        <i>1 0 0 0 1 0 0 0 1 0.0866205 1.8375 -1.74324</i>
                        <i>1 0 0 0 1 0 0 0 1 0.136465 1.83931 -1.75415</i>
                        <i>1 0 0 0 1 0 0 0 1 0.180921 1.84017 -1.76504</i>
                        <i>1 0 0 0 1 0 0 0 1 0.217532 1.83977 -1.77571</i>
                        <i>1 0 0 0 1 0 0 0 1 0.242794 1.83386 -1.7907</i>
                        <i>1 0 0 0 1 0 0 0 1 0.258047 1.82141 -1.81026</i>
                        <i>1 0 0 0 1 0 0 0 1 0.266756 1.80771 -1.82766</i>
                        <i>1 0 0 0 1 0 0 0 1 0.270731 1.79939 -1.83675</i>
                        <i>1 0 0 0 1 0 0 0 1 0.270236 1.79738 -1.83799</i>
                        <i>1 0 0 0 1 0 0 0 1 0.265652 1.79738 -1.83628</i>
                        <i>1 0 0 0 1 0 0 0 1 0.25849 1.79871 -1.8325</i>
                        <i>1 0 0 0 1 0 0 0 1 0.25027 1.80072 -1.82753</i>
                        <i>1 0 0 0 1 0 0 0 1 0.242458 1.80272 -1.82227</i>
                        <i>1 0 0 0 1 0 0 0 1 0.236439 1.8041 -1.81756</i>
                        <i>1 0 0 0 1 0 0 0 1 0.233523 1.80423 -1.81426</i>
                        <i>1 0 0 0 1 0 0 0 1 0.235 1.80248 -1.81322</i>
                        <i>1 0 0 0 1 0 0 0 1 0.250182 1.79496 -1.81809</i>
                        <i>1 0 0 0 1 0 0 0 1 0.278489 1.78173 -1.82817</i>
                        <i>1 0 0 0 1 0 0 0 1 0.306138 1.76825 -1.83758</i>
                        <i>1 0 0 0 1 0 0 0 1 0.318777 1.76005 -1.84035</i>
                        <i>1 0 0 0 1 0 0 0 1 0.315801 1.75788 -1.83611</i>
                        <i>1 0 0 0 1 0 0 0 1 0.307558 1.75826 -1.82903</i>
                        <i>1 0 0 0 1 0 0 0 1 0.295832 1.76049 -1.81999</i>
                        <i>1 0 0 0 1 0 0 0 1 0.282345 1.76393 -1.80993</i>
                        <i>1 0 0 0 1 0 0 0 1 0.268765 1.76811 -1.7999</i>
                        <i>1 0 0 0 1 0 0 0 1 0.256738 1.77265 -1.79106</i>
                        <i>1 0 0 0 1 0 0 0 1 0.247946 1.77727 -1.78465</i>
                        <i>1 0 0 0 1 0 0 0 1 0.244156 1.78163 -1.7819</i>
                        <i>1 0 0 0 1 0 0 0 1 0.238596 1.7871 -1.78227</i>
                        <i>1 0 0 0 1 0 0 0 1 0.224401 1.79499 -1.78419</i>
                        <i>1 0 0 0 1 0 0 0 1 0.203287 1.80478 -1.78731</i>
                        <i>1 0 0 0 1 0 0 0 1 0.176959 1.81598 -1.79127</i>
                        <i>1 0 0 0 1 0 0 0 1 0.147101 1.82814 -1.79574</i>
                        <i>1 0 0 0 1 0 0 0 1 0.115352 1.84088 -1.80045</i>
                        <i>1 0 0 0 1 0 0 0 1 0.0832944 1.85384 -1.80517</i>
                        <i>1 0 0 0 1 0 0 0 1 0.0524394 1.8667 -1.80971</i>
                        <i>1 0 0 0 1 0 0 0 1 0.0242204 1.87914 -1.81389</i>
                        <i>1 0 0 0 1 0 0 0 1 0 1.8908 -1.81757</i>
                        <i>1 0 0 0 1 0 0 0 1 0 1.8908 -1.81757</i>
                        <i>1 0 0 0 1 0 0 0 1 0 1.8908 -1.81757</i>
                        <i>1 0 0 0 1 0 0 0 1 0 1.8908 -1.81757</i>
                        <i>1 0 0 0 1 0 0 0 1 0 1.8908 -1.81757</i>
                        <i>1 0 0 0 1 0 0 0 1 0 1.8908 -1.81757</i>
                        <i>1 0 0 0 1 0 0 0 1 0 1.8908 -1.81757</i>
                        <i>1 0 0 0 1 0 0 0 1 0 1.8908 -1.81757</i>
                        <i>1 0 0 0 1 0 0 0 1 0 1.8908 -1.81757</i>
                        <i>1 0 0 0 1 0 0 0 1 0 1.8908 -1.81757</i>
                        <i>1 0 0 0 1 0 0 0 1 0 1.8908 -1.81757</i>
                    </KeyFrames>
                </p>
            </i>
            <i>
                <p>
                    <Name>
                        <![CDATA[spine0]]>
</Name>
                    <Exclude>0</Exclude>
                    <Additive>0</Additive>
                    <IKPriority>0</IKPriority>
                    <IKRotLimits>-1e+010 -1e+010 -1e+010 1e+010 1e+010 1e+010</IKRotLimits>
                    <IKRotLimitOrder>0</IKRotLimitOrder>
                    <KeyFrames count="117">
                        <i>-0.0240996 0.986446 0.162308 -0.999666 -0.0252943 0.00529788 0.00933154 -0.162126 0.986726 0 2.01375 -1.89226</i>
                        <i>0.0276306 0.999606 0.00483923 -0.998014 0.0278601 -0.056505 -0.0566176 -0.00326835 0.998391 -0.0327332 1.89927 -1.78366</i>
                        <i>0.0647757 0.994378 0.083763 -0.983543 0.0778056 -0.163061 -0.168662 -0.0718222 0.983054 -0.0684456 1.96592 -1.84958</i>
                        <i>0.0714392 0.98459 0.159622 -0.969742 0.106014 -0.219912 -0.233445 -0.139082 0.962372 -0.0815324 2.01364 -1.90597</i>
                        <i>0.0136699 0.95917 0.2825 -0.974802 0.0756953 -0.209838 -0.222654 -0.272513 0.936035 -0.0532755 2.03013 -1.95947</i>
                        <i>-0.0880574 0.903053 0.420406 -0.983681 -0.0123583 -0.179494 -0.156897 -0.429351 0.889405 -0.00591474 2.0267 -2.00461</i>
                        <i>-0.156675 0.879276 0.449808 -0.983978 -0.0997246 -0.147794 -0.0850947 -0.465757 0.880812 0.0235326 2.02145 -2.01327</i>
                        <i>-0.136329 0.9647 0.225319 -0.983555 -0.104605 -0.147234 -0.118467 -0.241686 0.963096 0.0137501 2.02604 -1.95505</i>
                        <i>-0.0625446 0.986024 -0.154416 -0.983814 -0.0869426 -0.156689 -0.167924 0.142117 0.975502 -0.0136812 2.03569 -1.86122</i>
                        <i>-0.0221295 0.943403 -0.330909 -0.983711 -0.0796069 -0.161169 -0.17839 0.321952 0.929798 -0.0314406 2.04388 -1.79627</i>
                        <i>-0.0257703 0.931627 -0.362502 -0.983594 -0.0883962 -0.157254 -0.178546 0.352502 0.918621 -0.0333179 2.0514 -1.7765</i>
                        <i>-0.0367474 0.927089 -0.373036 -0.983344 -0.100037 -0.151748 -0.178001 0.361247 0.915323 -0.0320134 2.06065 -1.77107</i>
                        <i>-0.0526661 0.928004 -0.368829 -0.982841 -0.113551 -0.145362 -0.176777 0.354845 0.91806 -0.0285809 2.06767 -1.77384</i>
                        <i>-0.0714684 0.932244 -0.354701 -0.98202 -0.128057 -0.1387 -0.174725 0.33841 0.924635 -0.0240747 2.06852 -1.77869</i>
                        <i>-0.0913869 0.937894 -0.334668 -0.980884 -0.142761 -0.132236 -0.171801 0.316185 0.933012 -0.0195494 2.05922 -1.77947</i>
                        <i>-0.121693 0.943045 -0.309608 -0.980084 -0.163483 -0.11273 -0.156925 0.289724 0.944158 -0.0297517 2.04134 -1.77693</i>
                        <i>-0.165206 0.945468 -0.280709 -0.97846 -0.192844 -0.0736706 -0.123786 0.262492 0.956961 -0.0625599 2.02344 -1.77548</i>
                        <i>-0.212713 0.944734 -0.249461 -0.97383 -0.22589 -0.0250924 -0.0800565 0.237595 0.96806 -0.107493 2.00541 -1.77405</i>
                        <i>-0.256209 0.941942 -0.217031 -0.96601 -0.257492 0.0228473 -0.0343629 0.215508 0.975897 -0.153356 1.98521 -1.77247</i>
                        <i>-0.288112 0.938719 -0.189204 -0.957593 -0.281884 0.0596431 0.00265464 0.198364 0.980125 -0.190568 1.96655 -1.77116</i>
                        <i>-0.302352 0.937408 -0.17277 -0.952995 -0.293559 0.0749882 0.0195763 0.187322 0.982103 -0.209682 1.95329 -1.77064</i>
                        <i>-0.305804 0.937704 -0.164911 -0.951831 -0.297026 0.0761084 0.0223842 0.180242 0.983368 -0.216302 1.94479 -1.77069</i>
                        <i>-0.309119 0.937764 -0.158252 -0.950702 -0.300383 0.0770425 0.0247114 0.174266 0.984388 -0.222328 1.93781 -1.77071</i>
                        <i>-0.312288 0.937622 -0.152776 -0.949616 -0.303607 0.077796 0.0265593 0.169374 0.985194 -0.227785 1.93222 -1.77072</i>
                        <i>-0.315302 0.937309 -0.148446 -0.94858 -0.306681 0.0783765 0.0279376 0.165525 0.98581 -0.232701 1.92791 -1.77072</i>
                        <i>-0.318157 0.936852 -0.145205 -0.947599 -0.309594 0.0787935 0.0288634 0.162665 0.986259 -0.237105 1.92476 -1.77071</i>
                        <i>-0.320849 0.936275 -0.142984 -0.946675 -0.312339 0.0790584 0.0293609 0.160725 0.986562 -0.241024 1.92264 -1.77068</i>
                        <i>-0.323377 0.9356 -0.141702 -0.945811 -0.314914 0.0791838 0.0294605 0.159629 0.986737 -0.244488 1.92145 -1.77065</i>
                        <i>-0.325743 0.934845 -0.141267 -0.945007 -0.317318 0.0791835 0.0291979 0.159291 0.9868 -0.247527 1.92105 -1.77061</i>
                        <i>-0.327947 0.934027 -0.141581 -0.944263 -0.319555 0.0790721 0.0286126 0.159621 0.986764 -0.25017 1.92133 -1.77056</i>
                        <i>-0.329992 0.93316 -0.142543 -0.943576 -0.321629 0.0788647 0.0277474 0.160525 0.986642 -0.252446 1.92218 -1.77051</i>
                        <i>-0.33188 0.932258 -0.144051 -0.942945 -0.323543 0.0785767 0.0266471 0.16191 0.986446 -0.254385 1.92346 -1.77045</i>
                        <i>-0.333616 0.931335 -0.146 -0.942368 -0.325305 0.0782234 0.0253575 0.163683 0.986187 -0.256014 1.92507 -1.77038</i>
                        <i>-0.3352 0.930403 -0.148291 -0.941843 -0.326919 0.0778201 0.023925 0.165752 0.985877 -0.257363 1.92689 -1.77031</i>
                        <i>-0.336638 0.929477 -0.150824 -0.941368 -0.328388 0.0773818 0.0223957 0.168031 0.985527 -0.258458 1.92879 -1.77024</i>
                        <i>-0.337932 0.928568 -0.153505 -0.94094 -0.329718 0.0769229 0.0208148 0.170434 0.985149 -0.259328 1.93065 -1.77016</i>
                        <i>-0.339084 0.927691 -0.156243 -0.94056 -0.33091 0.0764578 0.0192268 0.172881 0.984755 -0.259998 1.93237 -1.77009</i>
                        <i>-0.340096 0.92686 -0.158951 -0.940225 -0.331966 0.076 0.017675 0.175297 0.984357 -0.260495 1.93381 -1.77002</i>
                        <i>-0.34097 0.92609 -0.161546 -0.939934 -0.332887 0.0755628 0.0162013 0.177608 0.983968 -0.260844 1.93487 -1.76995</i>
                        <i>-0.341708 0.925395 -0.163949 -0.939689 -0.333671 0.0751589 0.0148467 0.179744 0.983601 -0.261072 1.93541 -1.76989</i>
                        <i>-0.342311 0.924792 -0.166083 -0.939488 -0.334317 0.0748011 0.0136511 0.181638 0.983271 -0.261202 1.93534 -1.76984</i>
                        <i>-0.342778 0.924295 -0.167873 -0.939331 -0.334823 0.0745014 0.0126535 0.183226 0.982989 -0.26126 1.93451 -1.76979</i>
                        <i>-0.343112 0.923921 -0.169245 -0.939219 -0.335188 0.0742721 0.0118928 0.184442 0.982772 -0.26127 1.93283 -1.76976</i>
                        <i>-0.343311 0.923685 -0.170124 -0.939152 -0.335408 0.0741254 0.0114075 0.185221 0.982631 -0.261258 1.93016 -1.76974</i>
                        <i>-0.343378 0.923604 -0.170435 -0.93913 -0.335481 0.0740737 0.011237 0.185496 0.982581 -0.261248 1.9264 -1.76973</i>
                        <i>-0.332565 0.929395 -0.160078 -0.94293 -0.324655 0.074045 0.0168469 0.175567 0.984323 -0.260239 1.91078 -1.76993</i>
                        <i>-0.308332 0.941472 -0.136244 -0.950847 -0.300699 0.0739618 0.0286646 0.152352 0.987911 -0.258016 1.88177 -1.77036</i>
                        <i>-0.283372 0.952664 -0.110142 -0.958181 -0.276478 0.0738203 0.039874 0.126455 0.991171 -0.255789 1.8531 -1.77078</i>
                        <i>-0.271186 0.957925 -0.0940083 -0.961447 -0.264961 0.0735891 0.0455843 0.11034 0.992848 -0.254776 1.83859 -1.77098</i>
                        <i>-0.281658 0.954231 -0.100559 -0.95858 -0.275209 0.0733801 0.0423469 0.117062 0.992221 -0.255789 1.84504 -1.77078</i>
                        <i>-0.306039 0.94396 -0.12361 -0.951472 -0.298872 0.0733318 0.0322787 0.140054 0.989618 -0.258016 1.86404 -1.77036</i>
                        <i>-0.330367 0.932198 -0.147868 -0.943626 -0.322774 0.0734 0.0206953 0.163781 0.98628 -0.260239 1.88663 -1.76993</i>
                        <i>-0.341334 0.926404 -0.158956 -0.939822 -0.333674 0.0734554 0.0150099 0.174463 0.984549 -0.261248 1.90398 -1.76973</i>
                        <i>-0.339217 0.929315 -0.145962 -0.940511 -0.331864 0.0728363 0.0192483 0.161986 0.986605 -0.261248 1.91445 -1.76973</i>
                        <i>-0.334658 0.934955 -0.117747 -0.941916 -0.328137 0.0715619 0.0282702 0.134856 0.990462 -0.261248 1.92238 -1.76973</i>
                        <i>-0.330316 0.939514 -0.0905809 -0.943155 -0.324807 0.0704239 0.0367429 0.108694 0.993396 -0.261248 1.92795 -1.76973</i>
                        <i>-0.32893 0.940812 -0.0817183 -0.943529 -0.323793 0.0700774 0.0394699 0.100154 0.994189 -0.261248 1.93135 -1.76973</i>
                        <i>-0.331123 0.938782 -0.0951142 -0.942925 -0.325428 0.070636 0.035359 0.113075 0.992957 -0.261248 1.93241 -1.76973</i>
                        <i>-0.334849 0.934862 -0.11794 -0.941849 -0.328315 0.0716229 0.028236 0.135064 0.990434 -0.261248 1.93143 -1.76973</i>
                        <i>-0.338878 0.929944 -0.14271 -0.940611 -0.331602 0.0727466 0.0203275 0.158886 0.987088 -0.261248 1.92933 -1.76973</i>
                        <i>-0.342077 0.92553 -0.162412 -0.939569 -0.334336 0.0736818 0.0138945 0.177802 0.983968 -0.261248 1.92697 -1.76973</i>
                        <i>-0.343378 0.923604 -0.170435 -0.93913 -0.335481 0.0740737 0.011237 0.185496 0.982581 -0.261248 1.92525 -1.76973</i>
                        <i>-0.331821 0.929477 -0.161144 -0.94316 -0.323526 0.0760227 0.0185272 0.17721 0.983999 -0.252721 1.92593 -1.77071</i>
                        <i>-0.299761 0.944401 -0.135096 -0.953289 -0.290993 0.0810179 0.0372014 0.153071 0.987515 -0.228801 1.92958 -1.77345</i>
                        <i>-0.251306 0.963272 -0.0946129 -0.965945 -0.243374 0.0878631 0.0616098 0.113471 0.991629 -0.19191 1.93529 -1.77759</i>
                        <i>-0.19119 0.980651 -0.0420667 -0.977813 -0.186549 0.095297 0.0856056 0.0593532 0.99456 -0.144528 1.94207 -1.78278</i>
                        <i>-0.124935 0.991972 0.0195445 -0.98675 -0.126284 0.101864 0.103515 -0.00655913 0.994606 -0.089314 1.94901 -1.78876</i>
                        <i>-0.0585122 0.994547 0.0863284 -0.992076 -0.0675613 0.105926 0.111181 -0.0794464 0.99062 -0.0291414 1.95533 -1.79543</i>
                        <i>0.00243669 0.988128 0.153614 -0.99429 -0.0139946 0.105793 0.106687 -0.152995 0.982451 0.0329538 1.96047 -1.80284</i>
                        <i>0.0535348 0.974838 0.216391 -0.994469 0.0324376 0.0998993 0.0903664 -0.220542 0.971182 0.0938771 1.96409 -1.81121</i>
                        <i>0.0923038 0.958464 0.269865 -0.993671 0.0712405 0.0868515 0.0640188 -0.276173 0.958973 0.150591 1.96601 -1.82081</i>
                        <i>0.118176 0.94341 0.309859 -0.992551 0.102916 0.0652032 0.029624 -0.315256 0.948544 0.200202 1.96606 -1.83193</i>
                        <i>0.131846 0.933715 0.332854 -0.991198 0.128243 0.0328772 -0.0119883 -0.334259 0.942405 0.240009 1.96396 -1.84476</i>
                        <i>0.169758 0.929657 0.326987 -0.974983 0.206748 -0.0816342 -0.143496 -0.304948 0.941496 0.271084 1.95188 -1.86795</i>
                        <i>0.242866 0.922163 0.30105 -0.891572 0.334485 -0.305319 -0.382251 -0.194256 0.90341 0.29895 1.9274 -1.89852</i>
                        <i>0.312699 0.909639 0.273454 -0.74695 0.413332 -0.520791 -0.586759 -0.0414057 0.808703 0.322734 1.90111 -1.92168</i>
                        <i>0.349715 0.902105 0.252798 -0.657416 0.428545 -0.619801 -0.667461 0.0505603 0.742927 0.33594 1.88671 -1.93065</i>
                        <i>0.358709 0.903701 0.233778 -0.648962 0.421454 -0.633424 -0.670952 0.0755019 0.737647 0.337534 1.88436 -1.93073</i>
                        <i>0.360755 0.908981 0.20883 -0.66025 0.407046 -0.631176 -0.658731 0.0898197 0.746998 0.332718 1.88447 -1.92908</i>
                        <i>0.355994 0.91701 0.179891 -0.685609 0.387104 -0.616515 -0.634987 0.0961409 0.766517 0.323623 1.88624 -1.92627</i>
                        <i>0.345032 0.926601 0.149544 -0.718947 0.36334 -0.592536 -0.60338 0.0969295 0.791541 0.312352 1.88884 -1.9228</i>
                        <i>0.329839 0.936294 0.120666 -0.754106 0.338211 -0.562972 -0.567918 0.0946953 0.81762 0.300971 1.8915 -1.91917</i>
                        <i>0.314061 0.944551 0.0958561 -0.785402 0.315206 -0.532719 -0.533394 0.0920205 0.840846 0.291502 1.89345 -1.91595</i>
                        <i>0.302657 0.94998 0.0770458 -0.808072 0.298628 -0.507781 -0.50539 0.0914248 0.858034 0.285932 1.89398 -1.91373</i>
                        <i>0.300974 0.951368 0.0656712 -0.818191 0.29299 -0.494692 -0.489875 0.0951579 0.866584 0.286255 1.89239 -1.91314</i>
                        <i>0.32218 0.943745 0.0744702 -0.80837 0.315198 -0.49718 -0.492684 0.0999821 0.864446 0.302393 1.88463 -1.91774</i>
                        <i>0.355709 0.928586 0.105829 -0.784033 0.358117 -0.506996 -0.508688 0.0973694 0.855427 0.333026 1.87088 -1.92703</i>
                        <i>0.378401 0.914917 0.140494 -0.761324 0.393954 -0.514962 -0.526496 0.0879012 0.845621 0.363055 1.85685 -1.93559</i>
                        <i>0.384882 0.909691 0.155973 -0.752348 0.407111 -0.517912 -0.534638 0.0819895 0.841094 0.376843 1.84839 -1.93792</i>
                        <i>0.386069 0.909718 0.152853 -0.748753 0.405819 -0.524099 -0.538813 0.0878892 0.837828 0.37487 1.84587 -1.93339</i>
                        <i>0.390108 0.909154 0.14579 -0.739135 0.403624 -0.539227 -0.549085 0.102598 0.829445 0.368999 1.84538 -1.92563</i>
                        <i>0.394383 0.908902 0.135499 -0.727111 0.398808 -0.558804 -0.561936 0.12186 0.818156 0.360395 1.84639 -1.91564</i>
                        <i>0.396508 0.909747 0.123053 -0.716121 0.390378 -0.578598 -0.574415 0.141298 0.806277 0.350179 1.84848 -1.90451</i>
                        <i>0.394765 0.912164 0.110076 -0.709089 0.378659 -0.594819 -0.584254 0.15676 0.796287 0.33945 1.85146 -1.89345</i>
                        <i>0.388279 0.916249 0.0986267 -0.708327 0.365192 -0.604076 -0.589502 0.16469 0.7908 0.329326 1.85529 -1.88378</i>
                        <i>0.376893 0.921789 0.0908656 -0.7157 0.352086 -0.603166 -0.587984 0.162297 0.792423 0.320976 1.86003 -1.87692</i>
                        <i>0.360817 0.92841 0.0886919 -0.73287 0.341063 -0.588709 -0.576813 0.147417 0.803465 0.315625 1.86565 -1.87425</i>
                        <i>0.338874 0.93645 0.0907002 -0.760578 0.329419 -0.559468 -0.553792 0.120604 0.823875 0.306423 1.87386 -1.87484</i>
                        <i>0.310428 0.945907 0.0943117 -0.796245 0.312934 -0.51775 -0.519257 0.0856288 0.850318 0.286972 1.88583 -1.87655</i>
                        <i>0.276436 0.955883 0.0993506 -0.836273 0.290199 -0.465223 -0.47353 0.04552 0.879601 0.259247 1.90055 -1.87892</i>
                        <i>0.237864 0.96553 0.105698 -0.877009 0.260269 -0.403875 -0.417463 0.00336929 0.908688 0.225261 1.91703 -1.88155</i>
                        <i>0.19575 0.974092 0.113255 -0.915064 0.222962 -0.336073 -0.352618 -0.0378491 0.935002 0.187045 1.9344 -1.88411</i>
                        <i>0.151236 0.980952 0.121902 -0.947636 0.178968 -0.264492 -0.28127 -0.0755179 0.956653 0.146618 1.95193 -1.88639</i>
                        <i>0.105589 0.985682 0.131462 -0.972781 0.129808 -0.191954 -0.20627 -0.107616 0.972559 0.10593 1.96904 -1.88832</i>
                        <i>0.0601829 0.988083 0.141666 -0.989584 0.0776539 -0.121218 -0.130774 -0.132895 0.982465 0.066822 1.98527 -1.8899</i>
                        <i>0.0164656 0.988224 0.152123 -0.998184 0.0250634 -0.054775 -0.0579427 -0.150945 0.986843 0.0309937 2.00028 -1.89119</i>
                        <i>-0.0240996 0.986446 0.162308 -0.999666 -0.0252943 0.00529788 0.00933154 -0.162126 0.986726 0 2.01375 -1.89226</i>
                        <i>-0.0240996 0.986446 0.162308 -0.999666 -0.0252943 0.00529788 0.00933154 -0.162126 0.986726 0 2.01375 -1.89226</i>
                        <i>-0.0240996 0.986446 0.162308 -0.999666 -0.0252943 0.00529788 0.00933154 -0.162126 0.986726 0 2.01375 -1.89226</i>
                        <i>-0.0240996 0.986446 0.162308 -0.999666 -0.0252943 0.00529788 0.00933154 -0.162126 0.986726 0 2.01375 -1.89226</i>
                        <i>-0.0240996 0.986446 0.162308 -0.999666 -0.0252943 0.00529788 0.00933154 -0.162126 0.986726 0 2.01375 -1.89226</i>
                        <i>-0.0240996 0.986446 0.162308 -0.999666 -0.0252943 0.00529788 0.00933154 -0.162126 0.986726 0 2.01375 -1.89226</i>
                        <i>-0.0240996 0.986446 0.162308 -0.999666 -0.0252943 0.00529788 0.00933154 -0.162126 0.986726 0 2.01375 -1.89226</i>
                        <i>-0.0240996 0.986446 0.162308 -0.999666 -0.0252943 0.00529788 0.00933154 -0.162126 0.986726 0 2.01375 -1.89226</i>
                        <i>-0.0240996 0.986446 0.162308 -0.999666 -0.0252943 0.00529788 0.00933154 -0.162126 0.986726 0 2.01375 -1.89226</i>
                        <i>-0.0240996 0.986446 0.162308 -0.999666 -0.0252943 0.00529788 0.00933154 -0.162126 0.986726 0 2.01375 -1.89226</i>
                        <i>-0.0240996 0.986446 0.162308 -0.999666 -0.0252943 0.00529788 0.00933154 -0.162126 0.986726 0 2.01375 -1.89226</i>
                    </KeyFrames>
                </p>
            </i>
            <i>
                <p>
                    <Name>
                        <![CDATA[spine1]]>
</Name>
                    <Exclude>0</Exclude>
                    <Additive>0</Additive>
                    <IKPriority>0</IKPriority>
                    <IKRotLimits>-1e+010 -1e+010 -1e+010 1e+010 1e+010 1e+010</IKRotLimits>
                    <IKRotLimitOrder>0</IKRotLimitOrder>
                    <KeyFrames count="117">
                        <i>-0.0124813 0.806235 0.591463 -0.995612 -0.0648817 0.0674318 0.092741 -0.588026 0.803508 -0.00459836 2.20195 -1.86141</i>
                        <i>0.102903 0.915544 0.388832 -0.994689 0.093877 0.0421973 0.00213109 -0.391109 0.920342 -0.0270938 2.10289 -1.78287</i>
                        <i>0.202662 0.860361 0.467661 -0.973005 0.230767 -0.0028906 -0.110408 -0.454451 0.883903 -0.0537117 2.19125 -1.83094</i>
                        <i>0.2231 0.810303 0.541881 -0.960726 0.276881 -0.0184906 -0.16502 -0.516474 0.840252 -0.0641831 2.25144 -1.86784</i>
                        <i>0.136577 0.728415 0.671386 -0.979182 0.202001 -0.0199688 -0.150166 -0.654681 0.740839 -0.049835 2.26471 -1.89083</i>
                        <i>0.00476696 0.613334 0.789809 -0.997945 0.0533876 -0.0354355 -0.0638998 -0.788017 0.612328 -0.0275472 2.24948 -1.90139</i>
                        <i>-0.0744356 0.568514 0.8193 -0.996997 -0.0600196 -0.0489321 0.0213554 -0.820482 0.571274 -0.0142004 2.23361 -1.90521</i>
                        <i>-0.0459573 0.718404 0.694106 -0.998811 -0.021752 -0.0436185 -0.0162375 -0.695286 0.71855 -0.015172 2.23097 -1.90744</i>
                        <i>0.065732 0.955884 0.286296 -0.996113 0.0797184 -0.0374613 -0.0586317 -0.28272 0.957409 -0.0257913 2.22695 -1.89131</i>
                        <i>0.129685 0.990716 -0.0407846 -0.99105 0.128196 -0.0372316 -0.0316575 0.045248 0.998474 -0.0358345 2.23247 -1.8626</i>
                        <i>0.119623 0.986918 -0.108087 -0.992546 0.116325 -0.0363444 -0.0232958 0.111629 0.993477 -0.0385274 2.24092 -1.85045</i>
                        <i>0.0975142 0.985694 -0.13747 -0.995013 0.0936436 -0.0343632 -0.0209984 0.140135 0.98991 -0.0395826 2.2525 -1.8485</i>
                        <i>0.0680783 0.98809 -0.137995 -0.997415 0.0642186 -0.0322367 -0.0229909 0.139833 0.989908 -0.0395855 2.26222 -1.85141</i>
                        <i>0.034843 0.99251 -0.117093 -0.999033 0.0314471 -0.0307257 -0.0268132 0.118051 0.992646 -0.0391241 2.26529 -1.85381</i>
                        <i>0.000622216 0.996756 -0.0804767 -0.999541 -0.0018173 -0.0302366 -0.0302848 0.0804586 0.996298 -0.0387869 2.257 -1.85029</i>
                        <i>-0.0394303 0.998751 -0.0306735 -0.99906 -0.0399583 -0.0167961 -0.0180008 0.0299824 0.999388 -0.0551109 2.23807 -1.84176</i>
                        <i>-0.0836718 0.99599 0.0316706 -0.996306 -0.0842294 0.0166993 0.0192999 -0.0301563 0.999359 -0.0961988 2.21604 -1.83286</i>
                        <i>-0.123954 0.987104 0.101295 -0.989632 -0.13044 0.0601108 0.0725485 -0.0927936 0.993039 -0.149578 2.19235 -1.82358</i>
                        <i>-0.155694 0.973334 0.168466 -0.979227 -0.174509 0.103256 0.129902 -0.14889 0.980284 -0.202903 2.16736 -1.81458</i>
                        <i>-0.175935 0.958786 0.223105 -0.968306 -0.209373 0.136189 0.177288 -0.192074 0.965234 -0.245414 2.14523 -1.80729</i>
                        <i>-0.18548 0.948953 0.255119 -0.962066 -0.228227 0.14947 0.200065 -0.217718 0.955287 -0.266778 2.13028 -1.80337</i>
                        <i>-0.1902 0.943528 0.271253 -0.960001 -0.236576 0.149764 0.205478 -0.231918 0.950785 -0.273853 2.12124 -1.80182</i>
                        <i>-0.19486 0.938652 0.284539 -0.95803 -0.244333 0.149933 0.210257 -0.243381 0.946867 -0.280363 2.11384 -1.80052</i>
                        <i>-0.199448 0.934407 0.295134 -0.956172 -0.251469 0.149992 0.214371 -0.252284 0.943609 -0.286327 2.10797 -1.79946</i>
                        <i>-0.203953 0.93084 0.303215 -0.954445 -0.257971 0.149954 0.217804 -0.258819 0.94105 -0.291766 2.10347 -1.79862</i>
                        <i>-0.208362 0.927967 0.308971 -0.952858 -0.263839 0.149833 0.220558 -0.263186 0.939195 -0.296704 2.10023 -1.798</i>
                        <i>-0.212665 0.925772 0.312602 -0.95142 -0.269085 0.14964 0.222649 -0.265593 0.938023 -0.301164 2.09812 -1.79758</i>
                        <i>-0.216848 0.924222 0.31431 -0.950134 -0.273732 0.149389 0.224105 -0.266242 0.937493 -0.305171 2.09699 -1.79734</i>
                        <i>-0.220898 0.923265 0.314301 -0.948997 -0.277808 0.149089 0.224964 -0.265337 0.937543 -0.308752 2.09673 -1.79726</i>
                        <i>-0.224802 0.922839 0.312782 -0.948006 -0.281349 0.148751 0.225274 -0.263079 0.938105 -0.311931 2.09721 -1.79733</i>
                        <i>-0.228544 0.922873 0.309958 -0.947155 -0.284394 0.148385 0.22509 -0.259665 0.9391 -0.314737 2.0983 -1.79752</i>
                        <i>-0.232112 0.923291 0.306034 -0.946433 -0.286985 0.147998 0.224473 -0.255289 0.940447 -0.317194 2.09987 -1.79781</i>
                        <i>-0.23549 0.924021 0.301214 -0.945832 -0.289164 0.1476 0.223485 -0.250139 0.942064 -0.319329 2.1018 -1.7982</i>
                        <i>-0.238665 0.924987 0.295698 -0.94534 -0.290972 0.147197 0.222195 -0.244405 0.943873 -0.321165 2.10396 -1.79865</i>
                        <i>-0.241622 0.926122 0.289685 -0.944946 -0.292451 0.146797 0.22067 -0.238268 0.945798 -0.322729 2.10621 -1.79915</i>
                        <i>-0.244349 0.927359 0.283371 -0.944638 -0.293639 0.146406 0.21898 -0.231909 0.947769 -0.324043 2.10845 -1.79968</i>
                        <i>-0.246834 0.92864 0.276948 -0.944405 -0.294575 0.146031 0.217193 -0.225505 0.949724 -0.32513 2.11053 -1.80023</i>
                        <i>-0.249064 0.929914 0.270604 -0.944235 -0.295292 0.145679 0.215376 -0.219231 0.951604 -0.326013 2.11234 -1.80077</i>
                        <i>-0.251029 0.931134 0.264526 -0.944119 -0.295824 0.145354 0.213597 -0.213256 0.953362 -0.326712 2.11374 -1.80129</i>
                        <i>-0.252719 0.932259 0.258895 -0.944046 -0.296199 0.145063 0.211921 -0.207749 0.95495 -0.327248 2.1146 -1.80178</i>
                        <i>-0.254123 0.933253 0.253891 -0.944007 -0.296448 0.144811 0.210411 -0.202875 0.956331 -0.327643 2.1148 -1.80221</i>
                        <i>-0.255233 0.934083 0.249691 -0.943992 -0.296595 0.144605 0.20913 -0.198799 0.957467 -0.327914 2.11422 -1.80257</i>
