<?xml version="1.0" encoding="ISO-8859-1" ?>
<Animl Version="1">
    <ModellingPackage>
        <![CDATA[Maya.2010]]>
</ModellingPackage>
    <SrcFile>
        <![CDATA[anims\turrets\machinegun\blue\~src\mgun_m60\mgun_m60_aim_high_crewman_a.mb]]>
</SrcFile>
    <FramesPerSecond>30</FramesPerSecond>
    <TotalFrames>30</TotalFrames>
    <Skeleton>
        <RefFrame>
            <Name>
                <![CDATA[soldier_ref_frame]]>
</Name>
            <Exclude>0</Exclude>
            <Additive>0</Additive>
            <IKPriority>0</IKPriority>
            <IKRotLimits>-1e+010 -1e+010 -1e+010 1e+010 1e+010 1e+010</IKRotLimits>
            <IKRotLimitOrder>0</IKRotLimitOrder>
            <KeyFrames count="30">
                <i>1 0 0 0 1 0 0 0 1 0 0.9 -1.98</i>
                <i>1 0 0 0 1 0 0 0 1 0 0.9 -1.98</i>
                <i>1 0 0 0 1 0 0 0 1 0 0.9 -1.98</i>
                <i>1 0 0 0 1 0 0 0 1 0 0.9 -1.98</i>
                <i>1 0 0 0 1 0 0 0 1 0 0.9 -1.98</i>
                <i>1 0 0 0 1 0 0 0 1 0 0.9 -1.98</i>
                <i>1 0 0 0 1 0 0 0 1 0 0.9 -1.98</i>
                <i>1 0 0 0 1 0 0 0 1 0 0.9 -1.98</i>
                <i>1 0 0 0 1 0 0 0 1 0 0.9 -1.98</i>
                <i>1 0 0 0 1 0 0 0 1 0 0.9 -1.98</i>
                <i>1 0 0 0 1 0 0 0 1 0 0.9 -1.98</i>
                <i>1 0 0 0 1 0 0 0 1 0 0.9 -1.98</i>
                <i>1 0 0 0 1 0 0 0 1 0 0.9 -1.98</i>
                <i>1 0 0 0 1 0 0 0 1 0 0.9 -1.98</i>
                <i>1 0 0 0 1 0 0 0 1 0 0.9 -1.98</i>
                <i>1 0 0 0 1 0 0 0 1 0 0.9 -1.98</i>
                <i>1 0 0 0 1 0 0 0 1 0 0.9 -1.98</i>
                <i>1 0 0 0 1 0 0 0 1 0 0.9 -1.98</i>
                <i>1 0 0 0 1 0 0 0 1 0 0.9 -1.98</i>
                <i>1 0 0 0 1 0 0 0 1 0 0.9 -1.98</i>
                <i>1 0 0 0 1 0 0 0 1 0 0.9 -1.98</i>
                <i>1 0 0 0 1 0 0 0 1 0 0.9 -1.98</i>
                <i>1 0 0 0 1 0 0 0 1 0 0.9 -1.98</i>
                <i>1 0 0 0 1 0 0 0 1 0 0.9 -1.98</i>
                <i>1 0 0 0 1 0 0 0 1 0 0.9 -1.98</i>
                <i>1 0 0 0 1 0 0 0 1 0 0.9 -1.98</i>
                <i>1 0 0 0 1 0 0 0 1 0 0.9 -1.98</i>
                <i>1 0 0 0 1 0 0 0 1 0 0.9 -1.98</i>
                <i>1 0 0 0 1 0 0 0 1 0 0.9 -1.98</i>
                <i>1 0 0 0 1 0 0 0 1 0 0.9 -1.98</i>
            </KeyFrames>
        </RefFrame>
        <Bones count="23">
            <i>
                <p>
                    <Name>
                        <![CDATA[pelvis]]>
</Name>
                    <Exclude>0</Exclude>
                    <Additive>0</Additive>
                    <IKPriority>0</IKPriority>
                    <IKRotLimits>-1e+010 -1e+010 -1e+010 1e+010 1e+010 1e+010</IKRotLimits>
                    <IKRotLimitOrder>2</IKRotLimitOrder>
                    <KeyFrames count="30">
                        <i>1 0 0 0 1 0 0 0 1 -0.0160775 1.73867 -2.12255</i>
                        <i>1 0 0 0 1 0 0 0 1 -0.0160775 1.74047 -2.12255</i>
                        <i>1 0 0 0 1 0 0 0 1 -0.0160775 1.74226 -2.12255</i>
                        <i>1 0 0 0 1 0 0 0 1 -0.0160775 1.74399 -2.12255</i>
                        <i>1 0 0 0 1 0 0 0 1 -0.0160775 1.74559 -2.12255</i>
                        <i>1 0 0 0 1 0 0 0 1 -0.0160775 1.747 -2.12255</i>
                        <i>1 0 0 0 1 0 0 0 1 -0.0160775 1.74817 -2.12255</i>
                        <i>1 0 0 0 1 0 0 0 1 -0.0160775 1.74904 -2.12255</i>
                        <i>1 0 0 0 1 0 0 0 1 -0.0160775 1.74955 -2.12255</i>
                        <i>1 0 0 0 1 0 0 0 1 -0.0160775 1.74964 -2.12255</i>
                        <i>1 0 0 0 1 0 0 0 1 -0.0160775 1.74933 -2.12255</i>
                        <i>1 0 0 0 1 0 0 0 1 -0.0160775 1.74845 -2.12255</i>
                        <i>1 0 0 0 1 0 0 0 1 -0.0160775 1.7471 -2.12255</i>
                        <i>1 0 0 0 1 0 0 0 1 -0.0160775 1.74539 -2.12255</i>
                        <i>1 0 0 0 1 0 0 0 1 -0.0160775 1.74342 -2.12255</i>
                        <i>1 0 0 0 1 0 0 0 1 -0.0160775 1.7413 -2.12255</i>
                        <i>1 0 0 0 1 0 0 0 1 -0.0160775 1.73912 -2.12255</i>
                        <i>1 0 0 0 1 0 0 0 1 -0.0160775 1.737 -2.12255</i>
                        <i>1 0 0 0 1 0 0 0 1 -0.0160775 1.73502 -2.12255</i>
                        <i>1 0 0 0 1 0 0 0 1 -0.0160775 1.73331 -2.12255</i>
                        <i>1 0 0 0 1 0 0 0 1 -0.0160775 1.73196 -2.12255</i>
                        <i>1 0 0 0 1 0 0 0 1 -0.0160775 1.73107 -2.12255</i>
                        <i>1 0 0 0 1 0 0 0 1 -0.0160775 1.73075 -2.12255</i>
                        <i>1 0 0 0 1 0 0 0 1 -0.0160775 1.73097 -2.12255</i>
                        <i>1 0 0 0 1 0 0 0 1 -0.0160775 1.73159 -2.12255</i>
                        <i>1 0 0 0 1 0 0 0 1 -0.0160775 1.73256 -2.12255</i>
                        <i>1 0 0 0 1 0 0 0 1 -0.0160775 1.73381 -2.12255</i>
                        <i>1 0 0 0 1 0 0 0 1 -0.0160775 1.73528 -2.12255</i>
                        <i>1 0 0 0 1 0 0 0 1 -0.0160775 1.73692 -2.12255</i>
                        <i>1 0 0 0 1 0 0 0 1 -0.0160775 1.73867 -2.12255</i>
                    </KeyFrames>
                </p>
            </i>
            <i>
                <p>
                    <Name>
                        <![CDATA[spine0]]>
</Name>
                    <Exclude>0</Exclude>
                    <Additive>0</Additive>
                    <IKPriority>0</IKPriority>
                    <IKRotLimits>-1e+010 -1e+010 -1e+010 1e+010 1e+010 1e+010</IKRotLimits>
                    <IKRotLimitOrder>0</IKRotLimitOrder>
                    <KeyFrames count="30">
                        <i>-0.0289271 0.999524 0.0106865 -0.991292 -0.0273116 -0.128816 -0.128463 -0.0143197 0.991611 -0.0146004 1.85652 -2.20505</i>
                        <i>-0.0286873 0.999535 0.0103528 -0.991294 -0.0271163 -0.128844 -0.128503 -0.0139588 0.991611 -0.0145706 1.85832 -2.20505</i>
                        <i>-0.0280507 0.999555 0.0101138 -0.991298 -0.0265144 -0.128939 -0.128613 -0.0136426 0.991601 -0.0144882 1.86012 -2.20504</i>
                        <i>-0.0270979 0.999583 0.00998121 -0.991303 -0.0255844 -0.129087 -0.128778 -0.0133924 0.991583 -0.0143638 1.86184 -2.20504</i>
                        <i>-0.0259093 0.999615 0.00996694 -0.991308 -0.024405 -0.129278 -0.128984 -0.0132298 0.991558 -0.0142078 1.86344 -2.20503</i>
                        <i>-0.0245658 0.999647 0.0100827 -0.991312 -0.0230548 -0.129496 -0.129218 -0.0131763 0.991529 -0.0140307 1.86486 -2.20502</i>
                        <i>-0.0231479 0.999679 0.0103404 -0.991314 -0.0216123 -0.129732 -0.129467 -0.0132536 0.991495 -0.0138432 1.86603 -2.20502</i>
                        <i>-0.0217364 0.999706 0.0107519 -0.991313 -0.0201561 -0.129971 -0.129716 -0.0134836 0.991459 -0.0136556 1.8669 -2.20501</i>
                        <i>-0.0204121 0.999727 0.0113288 -0.99131 -0.0187648 -0.130201 -0.129953 -0.013888 0.991423 -0.0134785 1.86741 -2.205</i>
                        <i>-0.0192555 0.999742 0.012083 -0.991305 -0.0175169 -0.13041 -0.130165 -0.014489 0.991386 -0.0133225 1.8675 -2.205</i>
                        <i>-0.0171463 0.999764 0.0133157 -0.991302 -0.0152601 -0.13072 -0.130486 -0.0154413 0.99133 -0.0130447 1.86719 -2.20499</i>
                        <i>-0.0147156 0.999789 0.0143488 -0.991292 -0.0127095 -0.131066 -0.130856 -0.0161526 0.99127 -0.0127264 1.86631 -2.20497</i>
                        <i>-0.0121988 0.99981 0.0151865 -0.991276 -0.0100985 -0.131417 -0.131239 -0.0166571 0.991211 -0.0123981 1.86497 -2.20496</i>
                        <i>-0.00983153 0.999826 0.0158332 -0.991254 -0.00766097 -0.131743 -0.131599 -0.0169899 0.991157 -0.0120899 1.86326 -2.20494</i>
                        <i>-0.00784914 0.999836 0.0162933 -0.991232 -0.0056303 -0.132014 -0.131901 -0.0171866 0.991114 -0.0118322 1.86129 -2.20493</i>
                        <i>-0.00648707 0.999842 0.0165713 -0.991214 -0.00424004 -0.132199 -0.132107 -0.0172833 0.991085 -0.0116554 1.85916 -2.20492</i>
                        <i>-0.00598079 0.999843 0.016672 -0.991207 -0.00372362 -0.132267 -0.132185 -0.0173164 0.991074 -0.0115897 1.85698 -2.20492</i>
                        <i>-0.00636816 0.999842 0.0166093 -0.991213 -0.00411693 -0.13221 -0.132121 -0.0173053 0.991083 -0.0116404 1.85486 -2.20492</i>
                        <i>-0.00744619 0.999838 0.016408 -0.991229 -0.00521505 -0.132051 -0.131944 -0.0172473 0.991107 -0.0117816 1.85289 -2.20493</i>
                        <i>-0.00908921 0.999829 0.0160874 -0.991251 -0.00689044 -0.131807 -0.131673 -0.0171447 0.991145 -0.0119968 1.85117 -2.20494</i>
                        <i>-0.0111715 0.999815 0.0156676 -0.991276 -0.00901549 -0.131497 -0.131332 -0.0169999 0.991193 -0.0122695 1.84982 -2.20495</i>
                        <i>-0.0135675 0.999793 0.0151683 -0.991297 -0.0114626 -0.131141 -0.13094 -0.0168155 0.991248 -0.0125833 1.84894 -2.20496</i>
                        <i>-0.0161513 0.999763 0.0146093 -0.991314 -0.0141042 -0.130755 -0.130518 -0.0165943 0.991307 -0.0129218 1.84862 -2.20498</i>
                        <i>-0.0187973 0.999725 0.0140103 -0.991324 -0.0168125 -0.13036 -0.130089 -0.0163392 0.991368 -0.0132686 1.84884 -2.20499</i>
                        <i>-0.0213796 0.999682 0.0133912 -0.991326 -0.0194598 -0.129974 -0.129672 -0.0160539 0.991427 -0.013607 1.84946 -2.20501</i>
                        <i>-0.0237722 0.999636 0.0127718 -0.991322 -0.0219185 -0.129614 -0.129287 -0.0157422 0.991482 -0.0139208 1.85042 -2.20502</i>
                        <i>-0.0258493 0.999592 0.0121719 -0.991314 -0.0240608 -0.1293 -0.128954 -0.0154084 0.991531 -0.0141935 1.85166 -2.20503</i>
                        <i>-0.0274848 0.999555 0.0116112 -0.991304 -0.0257589 -0.12905 -0.128693 -0.0150571 0.99157 -0.0144086 1.85313 -2.20504</i>
                        <i>-0.0285528 0.999531 0.0111094 -0.991295 -0.026885 -0.128882 -0.128523 -0.0146927 0.991598 -0.0145497 1.85477 -2.20504</i>
                        <i>-0.0289271 0.999524 0.0106865 -0.991292 -0.0273116 -0.128816 -0.128463 -0.0143197 0.991611 -0.0146004 1.85652 -2.20505</i>
                    </KeyFrames>
                </p>
            </i>
            <i>
                <p>
                    <Name>
                        <![CDATA[spine1]]>
</Name>
                    <Exclude>0</Exclude>
                    <Additive>0</Additive>
                    <IKPriority>0</IKPriority>
                    <IKRotLimits>-1e+010 -1e+010 -1e+010 1e+010 1e+010 1e+010</IKRotLimits>
                    <IKRotLimitOrder>0</IKRotLimitOrder>
                    <KeyFrames count="30">
                        <i>-0.0258825 0.843928 0.535831 -0.996259 0.022436 -0.0834593 -0.0824555 -0.535987 0.84019 -0.0198879 2.03954 -2.20316</i>
                        <i>-0.025685 0.844463 0.534998 -0.99625 0.0226058 -0.0835115 -0.0826164 -0.535137 0.840716 -0.0198139 2.04133 -2.20322</i>
                        <i>-0.0251895 0.844862 0.534391 -0.996228 0.0231911 -0.0836237 -0.0830436 -0.534482 0.84109 -0.0196147 2.04312 -2.20326</i>
                        <i>-0.0244578 0.845101 0.534047 -0.996192 0.0241144 -0.0837825 -0.0836829 -0.534063 0.841293 -0.0193156 2.04484 -2.20328</i>
                        <i>-0.0235523 0.845156 0.534001 -0.996147 0.0252981 -0.0839742 -0.0844805 -0.533921 0.841303 -0.0189418 2.04644 -2.20328</i>
                        <i>-0.0225358 0.845001 0.534289 -0.996093 0.0266646 -0.0841854 -0.0853834 -0.534099 0.841099 -0.0185185 2.04785 -2.20325</i>
                        <i>-0.0214716 0.844613 0.534947 -0.996034 0.0281364 -0.0844025 -0.0863389 -0.534638 0.840659 -0.0180713 2.04902 -2.20319</i>
                        <i>-0.0204231 0.843965 0.536009 -0.995973 0.029636 -0.0846118 -0.0872946 -0.535579 0.839961 -0.0176252 2.04989 -2.20311</i>
                        <i>-0.0194538 0.843033 0.53751 -0.995913 0.031086 -0.0847999 -0.0881981 -0.536963 0.838983 -0.0172056 2.0504 -2.203</i>
                        <i>-0.0186264 0.841789 0.539485 -0.995858 0.032409 -0.0849529 -0.0889966 -0.538833 0.837698 -0.0168378 2.05049 -2.20286</i>
                        <i>-0.0170727 0.839947 0.5424 -0.995759 0.0347633 -0.0851764 -0.0903993 -0.541554 0.835792 -0.0161743 2.05021 -2.20262</i>
                        <i>-0.0152653 0.838442 0.544778 -0.99564 0.037394 -0.0854504 -0.0920166 -0.543707 0.834215 -0.0154113 2.04936 -2.20241</i>
                        <i>-0.0133851 0.837254 0.546651 -0.995511 0.040068 -0.0857442 -0.0936929 -0.545345 0.832959 -0.0146224 2.04803 -2.20225</i>
                        <i>-0.0116113 0.836365 0.548051 -0.995384 0.0425524 -0.0860268 -0.0952706 -0.54652 0.832009 -0.0138809 2.04634 -2.20211</i>
                        <i>-0.0101225 0.835756 0.549007 -0.995273 0.0446143 -0.0862671 -0.0965919 -0.547285 0.831354 -0.0132603 2.04439 -2.20202</i>
                        <i>-0.00909722 0.835411 0.549551 -0.995194 0.0460212 -0.0864343 -0.0974991 -0.547696 0.830977 -0.012834 2.04227 -2.20196</i>
                        <i>-0.00871503 0.835309 0.549712 -0.995164 0.0465405 -0.0864972 -0.0978357 -0.547808 0.830864 -0.0126757 2.0401 -2.20194</i>
                        <i>-0.00900271 0.835427 0.549528 -0.995188 0.0461376 -0.0864452 -0.0975726 -0.547661 0.830991 -0.0127974 2.03798 -2.20195</i>
                        <i>-0.00980473 0.835736 0.549043 -0.995251 0.0450192 -0.0862998 -0.0968414 -0.547282 0.831326 -0.013136 2.03601 -2.20199</i>
                        <i>-0.0110284 0.836209 0.548301 -0.995346 0.0433142 -0.0860782 -0.0957285 -0.546698 0.83184 -0.0136522 2.0343 -2.20206</i>
                        <i>-0.0125812 0.836815 0.547341 -0.995462 0.0411518 -0.0857977 -0.0943208 -0.545937 0.8325 -0.0143063 2.03295 -2.20215</i>
                        <i>-0.0143708 0.837527 0.546206 -0.99559 0.0386611 -0.0854753 -0.0927049 -0.545026 0.833278 -0.015059 2.03206 -2.20226</i>
                        <i>-0.0163039 0.838318 0.544938 -0.99572 0.0359714 -0.0851283 -0.0909668 -0.543993 0.834144 -0.0158707 2.03173 -2.20237</i>
                        <i>-0.0182871 0.83916 0.543577 -0.995847 0.0332119 -0.084774 -0.0891922 -0.542869 0.835068 -0.016702 2.03194 -2.2025</i>
                        <i>-0.0202256 0.840028 0.542166 -0.995962 0.0305119 -0.0844296 -0.0874657 -0.541684 0.836019 -0.0175134 2.03254 -2.20262</i>
                        <i>-0.0220242 0.840897 0.540746 -0.996063 0.0280009 -0.0841122 -0.0858711 -0.54047 0.83697 -0.0182652 2.03349 -2.20275</i>
                        <i>-0.0235865 0.841744 0.539361 -0.996145 0.0258084 -0.0838392 -0.0844912 -0.539259 0.837891 -0.0189181 2.03472 -2.20287</i>
                        <i>-0.0248154 0.842547 0.538051 -0.996206 0.0240637 -0.0836279 -0.0834079 -0.538086 0.838753 -0.0194325 2.03617 -2.20298</i>
                        <i>-0.0256134 0.843282 0.536861 -0.996245 0.0228964 -0.0834954 -0.0827024 -0.536983 0.839529 -0.0197689 2.0378 -2.20308</i>
                        <i>-0.0258825 0.843928 0.535831 -0.996259 0.022436 -0.0834593 -0.0824555 -0.535987 0.84019 -0.0198879 2.03954 -2.20316</i>
                    </KeyFrames>
                </p>
            </i>
            <i>
                <p>
                    <Name>
                        <![CDATA[spine2]]>
</Name>
                    <Exclude>0</Exclude>
                    <Additive>0</Additive>
                    <IKPriority>0</IKPriority>
                    <IKRotLimits>-1e+010 -1e+010 -1e+010 1e+010 1e+010 1e+010</IKRotLimits>
                    <IKRotLimitOrder>0</IKRotLimitOrder>
                    <KeyFrames count="30">
                        <i>-0.0335297 0.70469 0.708722 -0.999271 -0.0106856 -0.0366507 -0.0182543 -0.709435 0.704535 -0.0242201 2.18129 -2.11277</i>
                        <i>-0.0333716 0.705551 0.707873 -0.999272 -0.0104506 -0.0366929 -0.018491 -0.708582 0.705386 -0.0241127 2.18317 -2.11298</i>
                        <i>-0.0329819 0.706193 0.707251 -0.999274 -0.00981627 -0.0367985 -0.0190443 -0.707952 0.706004 -0.0238301 2.18502 -2.11313</i>
                        <i>-0.0324088 0.706578 0.706893 -0.999278 -0.00886332 -0.0369543 -0.0198457 -0.70758 0.706354 -0.0234079 2.18677 -2.11321</i>
                        <i>-0.0317016 0.706666 0.706837 -0.99928 -0.00767231 -0.0371472 -0.0208276 -0.707506 0.7064 -0.0228818 2.18837 -2.11322</i>
                        <i>-0.0309102 0.706418 0.70712 -0.999282 -0.00632381 -0.0373639 -0.0219229 -0.707767 0.706106 -0.0222878 2.18975 -2.11314</i>
                        <i>-0.0300851 0.705795 0.707777 -0.999281 -0.00489839 -0.0375912 -0.0230647 -0.708399 0.705435 -0.0216618 2.19085 -2.11298</i>
                        <i>-0.029277 0.704756 0.708846 -0.999279 -0.00347666 -0.0378159 -0.0241866 -0.709442 0.704349 -0.0210396 2.19161 -2.11273</i>
                        <i>-0.0285364 0.70326 0.71036 -0.999274 -0.0021392 -0.0380248 -0.0252218 -0.710929 0.702811 -0.0204572 2.19195 -2.11236</i>
                        <i>-0.0279135 0.701267 0.712352 -0.999269 -0.000966586 -0.0382048 -0.0261032 -0.712898 0.700781 -0.0199506 2.19183 -2.11189</i>
                        <i>-0.02672 0.698323 0.715284 -0.999259 0.00116885 -0.0384693 -0.0277 -0.715782 0.697774 -0.0190268 2.19125 -2.11115</i>
                        <i>-0.0253273 0.695929 0.717664 -0.999241 0.0036236 -0.0387783 -0.0295875 -0.718102 0.695309 -0.0179609 2.19016 -2.11054</i>
                        <i>-0.0238766 0.694051 0.71953 -0.999216 0.0061615 -0.0391009 -0.0315714 -0.7199 0.693359 -0.0168566 2.18865 -2.11004</i>
                        <i>-0.0225071 0.692654 0.720919 -0.999187 0.0085464 -0.0394059 -0.0334559 -0.721219 0.691898 -0.0158176 2.18682 -2.10967</i>
                        <i>-0.0213567 0.691706 0.721864 -0.999157 0.0105422 -0.0396623 -0.0350447 -0.722103 0.690898 -0.0149472 2.18477 -2.10941</i>
                        <i>-0.0205636 0.691171 0.722399 -0.999135 0.0119128 -0.039839 -0.0361413 -0.722593 0.690328 -0.0143489 2.18261 -2.10925</i>
                        <i>-0.0202673 0.691015 0.722557 -0.999126 0.0124222 -0.0399048 -0.0365506 -0.722734 0.690159 -0.0141265 2.18043 -2.1092</i>
                        <i>-0.0204874 0.691198 0.722375 -0.999133 0.0120325 -0.0398497 -0.0362361 -0.722565 0.690352 -0.0142965 2.17833 -2.10924</i>
                        <i>-0.0211021 0.691678 0.721898 -0.999152 0.0109478 -0.0396961 -0.0353601 -0.722123 0.690861 -0.0147699 2.17642 -2.10936</i>
                        <i>-0.0220412 0.692413 0.721165 -0.999178 0.00929437 -0.039462 -0.0340267 -0.721442 0.691639 -0.0154915 2.17479 -2.10955</i>
                        <i>-0.0232346 0.69336 0.720217 -0.999207 0.00719879 -0.0391653 -0.0323403 -0.720556 0.692642 -0.0164064 2.17354 -2.1098</i>
                        <i>-0.0246122 0.694476 0.719094 -0.999235 0.00478748 -0.0388241 -0.0304051 -0.719499 0.693827 -0.0174595 2.17277 -2.1101</i>
                        <i>-0.0261033 0.695722 0.717837 -0.999258 0.00218695 -0.0384564 -0.0283248 -0.718308 0.695148 -0.0185958 2.17257 -2.11043</i>
                        <i>-0.0276359 0.697054 0.716486 -0.999274 -0.000476282 -0.0380801 -0.0262027 -0.717018 0.696562 -0.01976 2.17292 -2.11078</i>
                        <i>-0.0291371 0.698434 0.715081 -0.999284 -0.00307567 -0.0377133 -0.0241409 -0.715668 0.698023 -0.0208967 2.17367 -2.11115</i>
                        <i>-0.0305326 0.699821 0.713665 -0.999286 -0.00548467 -0.0373739 -0.0222409 -0.714297 0.699489 -0.0219504 2.17475 -2.11152</i>
                        <i>-0.0317467 0.701178 0.712279 -0.999284 -0.00757672 -0.03708 -0.020603 -0.712946 0.700916 -0.0228654 2.17612 -2.11188</i>
                        <i>-0.0327028 0.702467 0.710965 -0.999278 -0.00922526 -0.0368495 -0.0193267 -0.711657 0.702261 -0.023586 2.17771 -2.11221</i>
                        <i>-0.0333232 0.70365 0.709765 -0.999273 -0.0103037 -0.0367004 -0.018511 -0.710472 0.703482 -0.0240562 2.17945 -2.11252</i>
                        <i>-0.0335297 0.70469 0.708722 -0.999271 -0.0106856 -0.0366507 -0.0182543 -0.709435 0.704535 -0.0242201 2.18129 -2.11277</i>
                    </KeyFrames>
                </p>
            </i>
            <i>
                <p>
                    <Name>
                        <![CDATA[head]]>
</Name>
                    <Exclude>0</Exclude>
                    <Additive>0</Additive>
                    <IKPriority>0</IKPriority>
                    <IKRotLimits>-1e+010 -1e+010 -1e+010 1e+010 1e+010 1e+010</IKRotLimits>
                    <IKRotLimitOrder>0</IKRotLimitOrder>
                    <KeyFrames count="30">
                        <i>0.017629 0.975209 0.220584 0.0411603 0.219723 -0.974693 -0.998997 0.0262621 -0.0362664 -0.0336197 2.37761 -1.9392</i>
                        <i>0.0180417 0.975274 0.220263 0.0396937 0.219427 -0.974821 -0.999049 0.0263305 -0.0347533 -0.033467 2.37971 -1.93965</i>
                        <i>0.0175728 0.975251 0.220399 0.0385253 0.219609 -0.974827 -0.999103 0.0256214 -0.0337127 -0.0330731 2.38172 -1.93998</i>
                        <i>0.0164045 0.975148 0.220945 0.0377092 0.220214 -0.974723 -0.999154 0.0243215 -0.0331596 -0.0324873 2.38357 -1.94017</i>
                        <i>0.0147329 0.974969 0.221853 0.0372972 0.221187 -0.974518 -0.999196 0.0226319 -0.0331048 -0.0317595 2.38519 -1.9402</i>
                        <i>0.012753 0.974717 0.223078 0.0373434 0.222476 -0.974223 -0.999221 0.0207547 -0.033562 -0.0309397 2.38651 -1.94005</i>
                        <i>0.0106599 0.974399 0.224573 0.0379047 0.22403 -0.973845 -0.999225 0.0188935 -0.0345462 -0.0300782 2.38744 -1.93971</i>
                        <i>0.00864963 0.97402 0.226295 0.0390398 0.225802 -0.973391 -0.9992 0.017254 -0.0360725 -0.0292253 2.38792 -1.93916</i>
                        <i>0.00687063 0.973573 0.228273 0.0406551 0.227818 -0.972855 -0.99915 0.0159646 -0.0380154 -0.0284313 2.38788 -1.93837</i>
                        <i>0.00542383 0.973024 0.230642 0.042507 0.230213 -0.972211 -0.999081 0.015077 -0.0401117 -0.0277463 2.38723 -1.93734</i>
                        <i>0.0038507 0.972196 0.234136 0.0453393 0.233727 -0.971245 -0.998964 0.0143555 -0.0431787 -0.0264835 2.3859 -1.93576</i>
                        <i>0.00215455 0.971612 0.23657 0.0487579 0.236187 -0.970484 -0.998808 0.0136256 -0.0468649 -0.0250218 2.3842 -1.93447</i>
                        <i>0.000502601 0.971251 0.238059 0.0524818 0.237705 -0.969919 -0.998622 0.0129812 -0.0508535 -0.023505 2.3822 -1.93344</i>
                        <i>-0.000938692 0.971087 0.238723 0.056226 0.238396 -0.969539 -0.998418 0.0125123 -0.0548242 -0.0220765 2.38002 -1.93266</i>
                        <i>-0.00200478 0.971095 0.238684 0.0597035 0.238375 -0.969336 -0.998214 0.0123069 -0.0584556 -0.0208789 2.37773 -1.93212</i>
                        <i>-0.00253382 0.971246 0.238067 0.0626261 0.237754 -0.969304 -0.998034 0.0124531 -0.0614278 -0.0200551 2.37543 -1.93181</i>
                        <i>-0.00236681 0.971508 0.236995 0.0647067 0.236647 -0.969439 -0.997901 0.0130407 -0.0634231 -0.0197485 2.37321 -1.93171</i>
                        <i>-0.00156357 0.971853 0.235581 0.0658514 0.23517 -0.969721 -0.997828 0.0139971 -0.0643656 -0.0199814 2.37116 -1.9318</i>
                        <i>-0.000354344 0.972254 0.233927 0.0661813 0.233437 -0.970117 -0.997808 0.0151378 -0.0644277 -0.0206302 2.36938 -1.93205</i>
                        <i>0.00116255 0.972682 0.232137 0.0657339 0.231561 -0.970597 -0.997836 0.0163876 -0.063669 -0.0216198 2.36794 -1.93245</i>
                        <i>0.00288974 0.973111 0.230317 0.064548 0.229657 -0.971129 -0.99791 0.0176728 -0.0621488 -0.0228751 2.36694 -1.93297</i>
                        <i>0.00473152 0.973515 0.228573 0.0626635 0.227838 -0.971681 -0.998024 0.0189207 -0.0599258 -0.024321 2.36645 -1.93358</i>
                        <i>0.00660905 0.97387 0.227012 0.0601668 0.226218 -0.972217 -0.998166 0.020084 -0.0570995 -0.0258822 2.36658 -1.93426</i>
                        <i>0.00848298 0.974171 0.225652 0.0572446 0.224817 -0.972718 -0.998324 0.0211689 -0.0538589 -0.027483 2.36727 -1.935</i>
                        <i>0.0103183 0.974426 0.224472 0.0540852 0.223611 -0.973177 -0.998483 0.0221821 -0.0503947 -0.0290472 2.36838 -1.93577</i>
                        <i>0.0120794 0.97464 0.223451 0.0508744 0.222578 -0.973586 -0.998632 0.0231283 -0.0468956 -0.030498 2.36982 -1.93654</i>
                        <i>0.0137297 0.97482 0.222569 0.047796 0.221696 -0.973944 -0.998763 0.0240099 -0.0435486 -0.0317584 2.37154 -1.93729</i>
                        <i>0.0152313 0.974971 0.221809 0.0450312 0.220941 -0.974247 -0.998869 0.0248274 -0.0405389 -0.0327508 2.37346 -1.938</i>
                        <i>0.0165446 0.975099 0.221154 0.0427599 0.220292 -0.974496 -0.998948 0.0255791 -0.0380505 -0.0333972 2.3755 -1.93865</i>
                        <i>0.017629 0.975209 0.220584 0.0411603 0.219723 -0.974693 -0.998997 0.0262621 -0.0362664 -0.0336197 2.37761 -1.9392</i>
                    </KeyFrames>
                </p>
            </i>
            <i>
                <p>
                    <Name>
                        <![CDATA[head_prop]]>
</Name>
                    <Exclude>0</Exclude>
                    <Additive>0</Additive>
                    <IKPriority>0</IKPriority>
                    <IKRotLimits>-1e+010 -1e+010 -1e+010 1e+010 1e+010 1e+010</IKRotLimits>
                    <IKRotLimitOrder>0</IKRotLimitOrder>
                    <KeyFrames count="30">
                        <i>0.998997 -0.0262621 0.0362664 0.017629 0.975209 0.220584 -0.0411603 -0.219723 0.974693 -0.0278742 2.69544 -1.86731</i>
                        <i>0.999049 -0.0263305 0.0347533 0.0180417 0.975274 0.220263 -0.0396937 -0.219427 0.974821 -0.0275871 2.69756 -1.86787</i>
                        <i>0.999103 -0.0256214 0.0337127 0.0175728 0.975251 0.220399 -0.0385253 -0.219609 0.974827 -0.027346 2.69956 -1.86815</i>
                        <i>0.999154 -0.0243215 0.0331596 0.0164045 0.975148 0.220945 -0.0377092 -0.220214 0.974723 -0.027141 2.70138 -1.86816</i>
                        <i>0.999196 -0.0226319 0.0331048 0.0147329 0.974969 0.221853 -0.0372972 -0.221187 0.974518 -0.026958 2.70294 -1.8679</i>
                        <i>0.999221 -0.0207547 0.033562 0.012753 0.974717 0.223078 -0.0373434 -0.222476 0.974223 -0.0267834 2.70418 -1.86735</i>
                        <i>0.999225 -0.0188935 0.0345462 0.0106599 0.974399 0.224573 -0.0379047 -0.22403 0.973845 -0.026604 2.70501 -1.86652</i>
                        <i>0.9992 -0.017254 0.0360725 0.00864963 0.97402 0.226295 -0.0390398 -0.225802 0.973391 -0.0264063 2.70536 -1.86541</i>
                        <i>0.99915 -0.0159646 0.0380154 0.00687063 0.973573 0.228273 -0.0406551 -0.227818 0.972855 -0.0261921 2.70517 -1.86398</i>
                        <i>0.999081 -0.015077 0.0401117 0.00542383 0.973024 0.230642 -0.042507 -0.230213 0.972211 -0.0259786 2.70435 -1.86217</i>
                        <i>0.998964 -0.0143555 0.0431787 0.0038507 0.972196 0.234136 -0.0453393 -0.233727 0.971245 -0.0252285 2.70275 -1.85945</i>
                        <i>0.998808 -0.0136256 0.0468649 0.00215455 0.971612 0.23657 -0.0487579 -0.236187 0.970484 -0.0243196 2.70085 -1.85737</i>
                        <i>0.998622 -0.0129812 0.0508535 0.000502601 0.971251 0.238059 -0.0524818 -0.237705 0.969919 -0.0233412 2.69874 -1.85585</i>
                        <i>0.998418 -0.0125123 0.0548242 -0.000938692 0.971087 0.238723 -0.056226 -0.238396 0.969539 -0.0223824 2.6965 -1.85486</i>
                        <i>0.998214 -0.0123069 0.0584556 -0.00200478 0.971095 0.238684 -0.0597035 -0.238375 0.969336 -0.0215323 2.69422 -1.85434</i>
                        <i>0.998034 -0.0124531 0.0614278 -0.00253382 0.971246 0.238067 -0.0626261 -0.237754 0.969304 -0.0208809 2.69196 -1.85422</i>
                        <i>0.997901 -0.0130407 0.0634231 -0.00236681 0.971508 0.236995 -0.0647067 -0.236647 0.969439 -0.0205198 2.68983 -1.85447</i>
                        <i>0.997828 -0.0139971 0.0643656 -0.00156357 0.971853 0.235581 -0.0658514 -0.23517 0.969721 -0.020491 2.6879 -1.85502</i>
                        <i>0.997808 -0.0151378 0.0644277 -0.000354344 0.972254 0.233927 -0.0661813 -0.233437 0.970117 -0.0207457 2.68624 -1.85581</i>
                        <i>0.997836 -0.0163876 0.063669 0.00116255 0.972682 0.232137 -0.0657339 -0.231561 0.970597 -0.0212409 2.68495 -1.85679</i>
                        <i>0.99791 -0.0176728 0.0621488 0.00288974 0.973111 0.230317 -0.064548 -0.229657 0.971129 -0.0219333 2.68408 -1.8579</i>
                        <i>0.998024 -0.0189207 0.0599258 0.00473152 0.973515 0.228573 -0.0626635 -0.227838 0.971681 -0.0227789 2.68373 -1.85908</i>
                        <i>0.998166 -0.020084 0.0570995 0.00660905 0.97387 0.227012 -0.0601668 -0.226218 0.972217 -0.0237283 2.68397 -1.86028</i>
                        <i>0.998324 -0.0211689 0.0538589 0.00848298 0.974171 0.225652 -0.0572446 -0.224817 0.972718 -0.0247183 2.68476 -1.86146</i>
                        <i>0.998483 -0.0221821 0.0503947 0.0103183 0.974426 0.224472 -0.0540852 -0.223611 0.973177 -0.0256844 2.68595 -1.86261</i>
                        <i>0.998632 -0.0231283 0.0468956 0.0120794 0.97464 0.223451 -0.0508744 -0.222578 0.973586 -0.0265613 2.68747 -1.86371</i>
                        <i>0.998763 -0.0240099 0.0435486 0.0137297 0.97482 0.222569 -0.047796 -0.221696 0.973944 -0.0272838 2.68924 -1.86475</i>
                        <i>0.998869 -0.0248274 0.0405389 0.0152313 0.974971 0.221809 -0.0450312 -0.220941 0.974247 -0.0277868 2.69121 -1.86571</i>
                        <i>0.998948 -0.0255791 0.0380505 0.0165446 0.975099 0.221154 -0.0427599 -0.220292 0.974496 -0.0280052 2.6933 -1.86657</i>
                        <i>0.998997 -0.0262621 0.0362664 0.017629 0.975209 0.220584 -0.0411603 -0.219723 0.974693 -0.0278742 2.69544 -1.86731</i>
                    </KeyFrames>
                </p>
            </i>
            <i>
                <p>
                    <Name>
                        <![CDATA[l_clav]]>
</Name>
                    <Exclude>0</Exclude>
                    <Additive>0</Additive>
                    <IKPriority>0</IKPriority>
                    <IKRotLimits>-1e+010 -1e+010 -1e+010 1e+010 1e+010 1e+010</IKRotLimits>
                    <IKRotLimitOrder>0</IKRotLimitOrder>
                    <KeyFrames count="30">
                        <i>0.841364 0.464683 0.276002 -0.540467 0.721813 0.432299 0.00166034 -0.51289 0.858453 0.0592361 2.20442 -2.03509</i>
                        <i>0.841479 0.464805 0.275445 -0.540288 0.722526 0.431329 0.00146738 -0.511774 0.859119 0.0593454 2.20636 -2.03531</i>
                        <i>0.841757 0.464505 0.2751 -0.539855 0.723298 0.430577 0.0010258 -0.510956 0.859606 0.0596345 2.20822 -2.03547</i>
                        <i>0.842164 0.463836 0.274982 -0.539221 0.724059 0.430093 0.000389947 -0.510485 0.859887 0.0600668 2.20993 -2.03554</i>
                        <i>0.842665 0.462854 0.275104 -0.538438 0.724741 0.429925 -0.000386711 -0.510409 0.859932 0.0606056 2.21143 -2.03554</i>
                        <i>0.843223 0.461612 0.275481 -0.537563 0.725275 0.430119 -0.00125152 -0.510775 0.859714 0.0612139 2.21266 -2.03545</i>
                        <i>0.843802 0.460164 0.276128 -0.53665 0.725592 0.430724 -0.00215229 -0.51163 0.859203 0.0618549 2.21357 -2.03526</i>
                        <i>0.844369 0.458564 0.277057 -0.535754 0.725622 0.431787 -0.00303712 -0.513022 0.85837 0.0624915 2.21408 -2.03497</i>
                        <i>0.844886 0.456864 0.278284 -0.534932 0.725295 0.433353 -0.00385393 -0.514997 0.857183 0.0630869 2.21414 -2.03457</i>
                        <i>0.845322 0.455117 0.279819 -0.534238 0.724539 0.435469 -0.00455007 -0.517602 0.855609 0.0636044 2.21369 -2.03405</i>
                        <i>0.846142 0.452179 0.282096 -0.532926 0.72361 0.43861 -0.00579667 -0.521463 0.853254 0.0645511 2.21262 -2.03323</i>
                        <i>0.847098 0.44917 0.284028 -0.531388 0.723218 0.441116 -0.00727809 -0.524598 0.851319 0.0656421 2.21107 -2.03255</i>
                        <i>0.84809 0.446281 0.285615 -0.529778 0.723221 0.443043 -0.00884078 -0.527053 0.849786 0.066771 2.20914 -2.03199</i>
                        <i>0.849024 0.443704 0.286853 -0.528253 0.723475 0.444446 -0.0103288 -0.528876 0.848636 0.0678323 2.20696 -2.03156</i>
                        <i>0.849806 0.441629 0.287739 -0.526968 0.723839 0.445378 -0.011585 -0.530114 0.847847 0.0687208 2.20464 -2.03126</i>
                        <i>0.850343 0.440247 0.288269 -0.526082 0.724168 0.445892 -0.0124528 -0.530814 0.847397 0.0693311 2.20231 -2.03108</i>
                        <i>0.850543 0.439749 0.28844 -0.52575 0.724317 0.44604 -0.0127766 -0.531023 0.847261 0.069558 2.20007 -2.03101</i>
                        <i>0.850393 0.440151 0.288268 -0.525999 0.724241 0.44587 -0.0125258 -0.530793 0.847409 0.0693849 2.19803 -2.03106</i>
                        <i>0.849974 0.441263 0.287805 -0.526692 0.724015 0.445419 -0.0118279 -0.530179 0.847803 0.0689031 2.19626 -2.0312</i>
                        <i>0.849332 0.442959 0.287093 -0.527749 0.723673 0.444723 -0.0107667 -0.529231 0.84841 0.0681681 2.19486 -2.03142</i>
                        <i>0.848514 0.445115 0.286176 -0.529089 0.723249 0.443819 -0.00942636 -0.528 0.849192 0.0672356 2.19389 -2.03171</i>
                        <i>0.847567 0.447604 0.2851 -0.53063 0.72278 0.442743 -0.00789081 -0.526536 0.850116 0.0661612 2.19345 -2.03205</i>
                        <i>0.846537 0.450302 0.283906 -0.532293 0.722299 0.44153 -0.00624347 -0.524893 0.851146 0.0650008 2.19361 -2.03243</i>
                        <i>0.845475 0.453085 0.28264 -0.533995 0.721844 0.440216 -0.00456668 -0.52312 0.852247 0.0638106 2.19434 -2.03284</i>
                        <i>0.844431 0.455829 0.281346 -0.535656 0.721452 0.438839 -0.00294159 -0.521274 0.853384 0.0626471 2.19546 -2.03326</i>
                        <i>0.843458 0.458411 0.280067 -0.537193 0.721161 0.437436 -0.00144794 -0.519409 0.854525 0.0615674 2.19691 -2.03369</i>
                        <i>0.842609 0.46071 0.278849 -0.538526 0.721011 0.436042 -0.000164181 -0.517581 0.855634 0.0606287 2.1986 -2.03409</i>
                        <i>0.84194 0.462602 0.277735 -0.539571 0.721042 0.434697 0.000832518 -0.515846 0.856681 0.0598887 2.20047 -2.03447</i>
                        <i>0.841506 0.463967 0.276771 -0.540246 0.721296 0.433436 0.00146591 -0.514264 0.857631 0.0594052 2.20243 -2.03481</i>
                        <i>0.841364 0.464683 0.276002 -0.540467 0.721813 0.432299 0.00166034 -0.51289 0.858453 0.0592361 2.20442 -2.03509</i>
                    </KeyFrames>
                </p>
            </i>
            <i>
                <p>
                    <Name>
                        <![CDATA[l_shoulder]]>
</Name>
                    <Exclude>0</Exclude>
                    <Additive>0</Additive>
                    <IKPriority>0</IKPriority>
                    <IKRotLimits>-1e+010 -1e+010 -1e+010 1e+010 1e+010 1e+010</IKRotLimits>
                    <IKRotLimitOrder>0</IKRotLimitOrder>
                    <KeyFrames count="30">
                        <i>0.122062 -0.736666 0.66515 0.180781 0.675452 0.7149 -0.975919 0.0329849 0.215622 0.225471 2.29623 -1.98056</i>
                        <i>0.11457 -0.737436 0.66563 0.179785 0.674369 0.716173 -0.977011 0.0376187 0.209842 0.225603 2.2982 -1.98089</i>
                        <i>0.107218 -0.738249 0.665952 0.179139 0.673196 0.717438 -0.977964 0.0423757 0.204428 0.225948 2.3 -1.98111</i>
                        <i>0.100367 -0.739082 0.666097 0.178836 0.671974 0.718657 -0.978746 0.0469924 0.199618 0.22646 2.30157 -1.98121</i>
                        <i>0.0943956 -0.739918 0.666041 0.178868 0.670747 0.719795 -0.979334 0.051188 0.195663 0.227098 2.30288 -1.98119</i>
                        <i>0.0896939 -0.740749 0.665767 0.179229 0.669553 0.720816 -0.97971 0.054672 0.192819 0.227817 2.30387 -1.98102</i>
                        <i>0.0866468 -0.741572 0.665255 0.179913 0.668435 0.721683 -0.979859 0.0571562 0.191336 0.228572 2.30448 -1.9807</i>
                        <i>0.0856139 -0.742381 0.664485 0.180913 0.66743 0.722362 -0.979766 0.0583697 0.191448 0.229321 2.30468 -1.98023</i>
                        <i>0.0869068 -0.743166 0.663439 0.182224 0.666582 0.722816 -0.979409 0.0580768 0.193353 0.230018 2.3044 -1.97958</i>
                        <i>0.0907695 -0.743902 0.662095 0.18384 0.66593 0.723007 -0.978756 0.0560927 0.197205 0.230622 2.30361 -1.97876</i>
                        <i>0.0974376 -0.744866 0.660061 0.186645 0.665126 0.723029 -0.977583 0.052747 0.203834 0.23173 2.30196 -1.97749</i>
                        <i>0.104291 -0.74538 0.658431 0.189616 0.6648 0.722556 -0.976304 0.0494931 0.210668 0.23301 2.29981 -1.97643</i>
                        <i>0.111126 -0.745489 0.657188 0.192587 0.664903 0.721675 -0.974967 0.0463689 0.217459 0.234335 2.29731 -1.97556</i>
                        <i>0.1178 -0.745237 0.656312 0.195392 0.665388 0.720472 -0.973625 0.0433666 0.223996 0.235581 2.29462 -1.97489</i>
                        <i>0.124224 -0.744665 0.655777 0.197865 0.666213 0.719034 -0.972326 0.0404343 0.230103 0.236624 2.2919 -1.97441</i>
                        <i>0.130354 -0.743814 0.655552 0.199837 0.667335 0.717446 -0.971119 0.0374816 0.235632 0.237341 2.28929 -1.97412</i>
                        <i>0.136181 -0.742723 0.655604 0.201135 0.668715 0.715797 -0.970051 0.0343871 0.240454 0.237607 2.28695 -1.97402</i>
                        <i>0.141606 -0.741453 0.655893 0.20171 0.67028 0.714169 -0.969155 0.0311697 0.244474 0.237404 2.28499 -1.9741</i>
                        <i>0.1464 -0.740095 0.656374 0.201662 0.671918 0.712642 -0.968452 0.0280349 0.247618 0.23684 2.28345 -1.97433</i>
                        <i>0.150364 -0.738736 0.657008 0.20104 0.673526 0.711299 -0.967974 0.0251308 0.249789 0.235978 2.28238 -1.9747</i>
                        <i>0.153278 -0.737471 0.657755 0.199891 0.675 0.710225 -0.967755 0.0226178 0.250876 0.234884 2.28184 -1.97516</i>
                        <i>0.154898 -0.736396 0.65858 0.198268 0.676235 0.709504 -0.967831 0.0206746 0.250751 0.233622 2.28189 -1.97572</i>
                        <i>0.154947 -0.735608 0.659448 0.196222 0.677127 0.709223 -0.96824 0.0195058 0.249261 0.232258 2.28258 -1.97634</i>
                        <i>0.153454 -0.735121 0.66034 0.193864 0.677665 0.709357 -0.968952 0.0191627 0.246504 0.230858 2.28385 -1.977</i>
                        <i>0.150707 -0.734878 0.661243 0.191352 0.677917 0.709797 -0.969882 0.0195584 0.242787 0.229489 2.28552 -1.97768</i>
                        <i>0.146801 -0.734863 0.662137 0.188809 0.677899 0.710496 -0.970979 0.0207158 0.238265 0.228216 2.28748 -1.97835</i>
                        <i>0.141841 -0.735059 0.663 0.186358 0.677625 0.711404 -0.972189 0.0226495 0.233099 0.22711 2.28963 -1.979</i>
                        <i>0.135953 -0.735442 0.663808 0.184122 0.677113 0.712473 -0.973455 0.0253591 0.227467 0.226238 2.29187 -1.9796</i>
                        <i>0.129296 -0.735987 0.664535 0.182223 0.676382 0.713654 -0.974719 0.0288212 0.221567 0.225669 2.2941 -1.98013</i>
                        <i>0.122062 -0.736666 0.66515 0.180781 0.675452 0.7149 -0.975919 0.0329849 0.215622 0.225471 2.29623 -1.98056</i>
                    </KeyFrames>
                </p>
            </i>
            <i>
                <p>
                    <Name>
                        <![CDATA[l_elbow]]>
</Name>
                    <Exclude>0</Exclude>
                    <Additive>0</Additive>
                    <IKPriority>0</IKPriority>
                    <IKRotLimits>-1e+010 -1e+010 -1e+010 1e+010 1e+010 1e+010</IKRotLimits>
                    <IKRotLimitOrder>0</IKRotLimitOrder>
                    <KeyFrames count="30">
                        <i>-0.482906 -0.573329 0.661887 0.178369 0.675613 0.715354 -0.857313 0.46351 -0.223993 0.265175 2.05661 -1.7642</i>
