<?xml version="1.0" encoding="ISO-8859-1" ?>
<Animl Version="1">
    <ModellingPackage>
        <![CDATA[Maya.2010]]>
</ModellingPackage>
    <SrcFile>
        <![CDATA[anims\turrets\machinegun\blue\~src\mgun_m2browning\mgun_m2browning_aim_high_crewman_a.mb]]>
</SrcFile>
    <FramesPerSecond>30</FramesPerSecond>
    <TotalFrames>33</TotalFrames>
    <Skeleton>
        <RefFrame>
            <Name>
                <![CDATA[soldier_ref_frame]]>
</Name>
            <Exclude>0</Exclude>
            <Additive>0</Additive>
            <IKPriority>0</IKPriority>
            <IKRotLimits>-1e+010 -1e+010 -1e+010 1e+010 1e+010 1e+010</IKRotLimits>
            <IKRotLimitOrder>0</IKRotLimitOrder>
            <KeyFrames count="33">
                <i>1 0 0 0 1 0 0 0 1 0 0.9 -1.73</i>
                <i>1 0 0 0 1 0 0 0 1 0 0.9 -1.73</i>
                <i>1 0 0 0 1 0 0 0 1 0 0.9 -1.73</i>
                <i>1 0 0 0 1 0 0 0 1 0 0.9 -1.73</i>
                <i>1 0 0 0 1 0 0 0 1 0 0.9 -1.73</i>
                <i>1 0 0 0 1 0 0 0 1 0 0.9 -1.73</i>
                <i>1 0 0 0 1 0 0 0 1 0 0.9 -1.73</i>
                <i>1 0 0 0 1 0 0 0 1 0 0.9 -1.73</i>
                <i>1 0 0 0 1 0 0 0 1 0 0.9 -1.73</i>
                <i>1 0 0 0 1 0 0 0 1 0 0.9 -1.73</i>
                <i>1 0 0 0 1 0 0 0 1 0 0.9 -1.73</i>
                <i>1 0 0 0 1 0 0 0 1 0 0.9 -1.73</i>
                <i>1 0 0 0 1 0 0 0 1 0 0.9 -1.73</i>
                <i>1 0 0 0 1 0 0 0 1 0 0.9 -1.73</i>
                <i>1 0 0 0 1 0 0 0 1 0 0.9 -1.73</i>
                <i>1 0 0 0 1 0 0 0 1 0 0.9 -1.73</i>
                <i>1 0 0 0 1 0 0 0 1 0 0.9 -1.73</i>
                <i>1 0 0 0 1 0 0 0 1 0 0.9 -1.73</i>
                <i>1 0 0 0 1 0 0 0 1 0 0.9 -1.73</i>
                <i>1 0 0 0 1 0 0 0 1 0 0.9 -1.73</i>
                <i>1 0 0 0 1 0 0 0 1 0 0.9 -1.73</i>
                <i>1 0 0 0 1 0 0 0 1 0 0.9 -1.73</i>
                <i>1 0 0 0 1 0 0 0 1 0 0.9 -1.73</i>
                <i>1 0 0 0 1 0 0 0 1 0 0.9 -1.73</i>
                <i>1 0 0 0 1 0 0 0 1 0 0.9 -1.73</i>
                <i>1 0 0 0 1 0 0 0 1 0 0.9 -1.73</i>
                <i>1 0 0 0 1 0 0 0 1 0 0.9 -1.73</i>
                <i>1 0 0 0 1 0 0 0 1 0 0.9 -1.73</i>
                <i>1 0 0 0 1 0 0 0 1 0 0.9 -1.73</i>
                <i>1 0 0 0 1 0 0 0 1 0 0.9 -1.73</i>
                <i>1 0 0 0 1 0 0 0 1 0 0.9 -1.73</i>
                <i>1 0 0 0 1 0 0 0 1 0 0.9 -1.73</i>
                <i>1 0 0 0 1 0 0 0 1 0 0.9 -1.73</i>
            </KeyFrames>
        </RefFrame>
        <Bones count="23">
            <i>
                <p>
                    <Name>
                        <![CDATA[pelvis]]>
</Name>
                    <Exclude>0</Exclude>
                    <Additive>0</Additive>
                    <IKPriority>0</IKPriority>
                    <IKRotLimits>-1e+010 -1e+010 -1e+010 1e+010 1e+010 1e+010</IKRotLimits>
                    <IKRotLimitOrder>2</IKRotLimitOrder>
                    <KeyFrames count="33">
                        <i>1 0 0 0 1 0 0 0 1 0 1.76548 -1.81757</i>
                        <i>1 0 0 0 1 0 0 0 1 0.000820611 1.76603 -1.8175</i>
                        <i>1 0 0 0 1 0 0 0 1 0.00175325 1.76709 -1.81744</i>
                        <i>1 0 0 0 1 0 0 0 1 0.0027307 1.76852 -1.81737</i>
                        <i>1 0 0 0 1 0 0 0 1 0.00368574 1.77019 -1.8173</i>
                        <i>1 0 0 0 1 0 0 0 1 0.00455116 1.77199 -1.81724</i>
                        <i>1 0 0 0 1 0 0 0 1 0.00525975 1.77377 -1.81718</i>
                        <i>1 0 0 0 1 0 0 0 1 0.00574427 1.77543 -1.81712</i>
                        <i>1 0 0 0 1 0 0 0 1 0.00593753 1.77681 -1.81707</i>
                        <i>1 0 0 0 1 0 0 0 1 0.00579147 1.7781 -1.81702</i>
                        <i>1 0 0 0 1 0 0 0 1 0.0053495 1.77947 -1.81696</i>
                        <i>1 0 0 0 1 0 0 0 1 0.00468163 1.78085 -1.81691</i>
                        <i>1 0 0 0 1 0 0 0 1 0.00385784 1.78215 -1.81687</i>
                        <i>1 0 0 0 1 0 0 0 1 0.00294814 1.78328 -1.81683</i>
                        <i>1 0 0 0 1 0 0 0 1 0.00202251 1.78418 -1.81679</i>
                        <i>1 0 0 0 1 0 0 0 1 0.00115096 1.78475 -1.81677</i>
                        <i>1 0 0 0 1 0 0 0 1 0.000403465 1.78492 -1.81677</i>
                        <i>1 0 0 0 1 0 0 0 1 -0.000318141 1.78463 -1.81677</i>
                        <i>1 0 0 0 1 0 0 0 1 -0.0011226 1.78396 -1.81677</i>
                        <i>1 0 0 0 1 0 0 0 1 -0.00195575 1.78299 -1.81678</i>
                        <i>1 0 0 0 1 0 0 0 1 -0.00276344 1.78182 -1.81679</i>
                        <i>1 0 0 0 1 0 0 0 1 -0.00349152 1.78053 -1.81679</i>
                        <i>1 0 0 0 1 0 0 0 1 -0.00408583 1.77922 -1.8168</i>
                        <i>1 0 0 0 1 0 0 0 1 -0.00449222 1.77796 -1.81681</i>
                        <i>1 0 0 0 1 0 0 0 1 -0.00465653 1.77685 -1.81681</i>
                        <i>1 0 0 0 1 0 0 0 1 -0.00453941 1.77568 -1.81682</i>
                        <i>1 0 0 0 1 0 0 0 1 -0.00417559 1.77426 -1.81685</i>
                        <i>1 0 0 0 1 0 0 0 1 -0.00362199 1.77266 -1.81691</i>
                        <i>1 0 0 0 1 0 0 0 1 -0.00293555 1.771 -1.81699</i>
                        <i>1 0 0 0 1 0 0 0 1 -0.0021732 1.76935 -1.81709</i>
                        <i>1 0 0 0 1 0 0 0 1 -0.00139186 1.76782 -1.81722</i>
                        <i>1 0 0 0 1 0 0 0 1 -0.000648489 1.7665 -1.81738</i>
                        <i>1 0 0 0 1 0 0 0 1 0 1.76548 -1.81757</i>
                    </KeyFrames>
                </p>
            </i>
            <i>
                <p>
                    <Name>
                        <![CDATA[spine0]]>
</Name>
                    <Exclude>0</Exclude>
                    <Additive>0</Additive>
                    <IKPriority>0</IKPriority>
                    <IKRotLimits>-1e+010 -1e+010 -1e+010 1e+010 1e+010 1e+010</IKRotLimits>
                    <IKRotLimitOrder>0</IKRotLimitOrder>
                    <KeyFrames count="33">
                        <i>-0.0244529 0.941726 0.33549 -0.999636 -0.0268494 0.00250613 0.0113678 -0.335307 0.94204 0 1.89609 -1.87787</i>
                        <i>-0.0256423 0.941631 0.335668 -0.9996 -0.0281578 0.00262826 0.0119265 -0.335466 0.941977 0.000820611 1.89665 -1.8778</i>
                        <i>-0.0270009 0.94153 0.335846 -0.999556 -0.0296522 0.00276775 0.0125645 -0.335622 0.941913 0.00175325 1.8977 -1.87774</i>
                        <i>-0.0284291 0.941424 0.336023 -0.999508 -0.0312233 0.0029144 0.0132355 -0.335775 0.941849 0.0027307 1.89913 -1.87767</i>
                        <i>-0.0298268 0.941317 0.336202 -0.999459 -0.0327613 0.00305795 0.0138929 -0.335929 0.941785 0.00368574 1.90081 -1.8776</i>
                        <i>-0.0310936 0.941213 0.336381 -0.999411 -0.0341556 0.00318809 0.01449 -0.336084 0.941721 0.00455116 1.9026 -1.87754</i>
                        <i>-0.0321281 0.941114 0.33656 -0.999372 -0.0352951 0.00329446 0.0149794 -0.336243 0.941656 0.00525975 1.90439 -1.87748</i>
                        <i>-0.0328291 0.941025 0.33674 -0.999344 -0.0360684 0.00336663 0.0153138 -0.336409 0.941592 0.00574427 1.90604 -1.87742</i>
                        <i>-0.0330946 0.940951 0.336921 -0.999333 -0.0363633 0.00339417 0.0154453 -0.336583 0.941527 0.00593753 1.90743 -1.87736</i>
                        <i>-0.0328601 0.940899 0.33709 -0.999342 -0.0361087 0.0033704 0.0153431 -0.336758 0.941466 0.00579147 1.90871 -1.87731</i>
                        <i>-0.0321922 0.940869 0.337238 -0.999369 -0.0353774 0.00330214 0.0150375 -0.336919 0.941413 0.0053495 1.91009 -1.87726</i>
                        <i>-0.0311864 0.940857 0.337364 -0.999407 -0.0342742 0.00319917 0.0145729 -0.337065 0.941369 0.00468163 1.91146 -1.87721</i>
                        <i>-0.0299383 0.940861 0.337467 -0.999454 -0.0329043 0.0030713 0.0139938 -0.337191 0.941332 0.00385784 1.91276 -1.87716</i>
                        <i>-0.0285443 0.940876 0.337547 -0.999503 -0.0313735 0.00292842 0.0133453 -0.337296 0.941304 0.00294814 1.9139 -1.87712</i>
                        <i>-0.0271012 0.940898 0.337604 -0.999552 -0.0297883 0.00278045 0.0126728 -0.337377 0.941284 0.00202251 1.91479 -1.87709</i>
                        <i>-0.0257064 0.940926 0.337635 -0.999597 -0.0282557 0.00263739 0.0120217 -0.337432 0.941273 0.00115096 1.91537 -1.87707</i>
                        <i>-0.0244572 0.940957 0.337642 -0.999635 -0.0268828 0.00250925 0.0114379 -0.337458 0.941271 0.000403465 1.91553 -1.87706</i>
                        <i>-0.023168 0.940993 0.337632 -0.999673 -0.0254656 0.00237696 0.0108347 -0.337466 0.941275 -0.000318141 1.91524 -1.87707</i>
                        <i>-0.0216667 0.941035 0.337614 -0.999714 -0.0238152 0.00222292 0.0101322 -0.337469 0.941282 -0.0011226 1.91457 -1.87707</i>
                        <i>-0.020072 0.941079 0.337592 -0.999754 -0.0220622 0.00205929 0.00938596 -0.337467 0.94129 -0.00195575 1.91361 -1.87708</i>
                        <i>-0.0185023 0.941119 0.337568 -0.999791 -0.0203366 0.00189823 0.00865144 -0.337462 0.941299 -0.00276344 1.91244 -1.87708</i>
                        <i>-0.0170758 0.941155 0.337545 -0.999822 -0.0187685 0.00175186 0.00798399 -0.337455 0.941308 -0.00349152 1.91115 -1.87709</i>
                        <i>-0.0159107 0.941182 0.337526 -0.999846 -0.0174878 0.00163232 0.0074389 -0.337447 0.941315 -0.00408583 1.90983 -1.8771</i>
                        <i>-0.0151252 0.9412 0.337512 -0.999861 -0.0166243 0.00155172 0.00707137 -0.337442 0.94132 -0.00449222 1.90857 -1.8771</i>
                        <i>-0.0148371 0.941206 0.337507 -0.999866 -0.0163076 0.00152216 0.00693659 -0.337439 0.941322 -0.00465653 1.90747 -1.87711</i>
                        <i>-0.0151205 0.941211 0.33748 -0.999861 -0.0166189 0.00155121 0.00706855 -0.33741 0.941331 -0.00453941 1.9063 -1.87712</i>
                        <i>-0.015895 0.941228 0.337397 -0.999846 -0.0174695 0.0016306 0.00742891 -0.337319 0.941361 -0.00417559 1.90487 -1.87715</i>
                        <i>-0.0170467 0.94126 0.337253 -0.999823 -0.0187339 0.00174863 0.00796397 -0.337164 0.941412 -0.00362199 1.90328 -1.8772</i>
                        <i>-0.0184609 0.941308 0.337045 -0.999792 -0.0202859 0.0018935 0.00861963 -0.33694 0.941487 -0.00293555 1.90161 -1.87729</i>
                        <i>-0.0200229 0.941374 0.336769 -0.999756 -0.0219992 0.00205342 0.00934169 -0.336646 0.941585 -0.0021732 1.89996 -1.87739</i>
                        <i>-0.021618 0.941464 0.33642 -0.999716 -0.0237476 0.00221661 0.0100761 -0.336277 0.941709 -0.00139186 1.89843 -1.87752</i>
                        <i>-0.0231323 0.941579 0.335996 -0.999674 -0.0254057 0.00237138 0.0107691 -0.335831 0.94186 -0.000648489 1.89711 -1.87768</i>
                        <i>-0.0244529 0.941726 0.33549 -0.999636 -0.0268494 0.00250613 0.0113678 -0.335307 0.94204 0 1.89609 -1.87787</i>
                    </KeyFrames>
                </p>
            </i>
            <i>
                <p>
                    <Name>
                        <![CDATA[spine1]]>
</Name>
                    <Exclude>0</Exclude>
                    <Additive>0</Additive>
                    <IKPriority>0</IKPriority>
                    <IKRotLimits>-1e+010 -1e+010 -1e+010 1e+010 1e+010 1e+010</IKRotLimits>
                    <IKRotLimitOrder>0</IKRotLimitOrder>
                    <KeyFrames count="33">
                        <i>-0.0115038 0.653205 0.757094 -0.995104 -0.0818023 0.0554571 0.0981569 -0.752749 0.650948 -0.00473512 2.07844 -1.81305</i>
                        <i>-0.0137267 0.653012 0.757223 -0.994901 -0.0845945 0.0549172 0.0999185 -0.752608 0.650844 -0.00414506 2.07898 -1.81295</i>
                        <i>-0.0162644 0.652807 0.757349 -0.994659 -0.0877787 0.0543014 0.101928 -0.752421 0.650748 -0.00347576 2.08003 -1.81284</i>
                        <i>-0.0189298 0.652592 0.757473 -0.994393 -0.091122 0.0536545 0.104037 -0.75221 0.650658 -0.00277515 2.08144 -1.81274</i>
                        <i>-0.0215354 0.65237 0.757594 -0.994122 -0.0943906 0.0530215 0.106099 -0.751999 0.650569 -0.00209108 2.08311 -1.81264</i>
                        <i>-0.0238933 0.652148 0.757715 -0.993867 -0.0973508 0.0524477 0.107968 -0.751815 0.650475 -0.00147128 2.08489 -1.81253</i>
                        <i>-0.025815 0.651934 0.757836 -0.993652 -0.099768 0.0519783 0.109494 -0.751684 0.650371 -0.000963382 2.08667 -1.81243</i>
                        <i>-0.0271117 0.651736 0.757961 -0.993503 -0.101407 0.0516589 0.110531 -0.751636 0.650251 -0.000614922 2.08831 -1.81234</i>
                        <i>-0.0275943 0.651565 0.758091 -0.993445 -0.102034 0.0515351 0.110929 -0.7517 0.65011 -0.000473381 2.08969 -1.81225</i>
                        <i>-0.0271454 0.651437 0.758217 -0.993495 -0.101498 0.0516357 0.110595 -0.751883 0.649955 -0.000574289 2.09097 -1.81216</i>
                        <i>-0.025892 0.65136 0.758327 -0.993636 -0.0999567 0.0519308 0.109625 -0.752156 0.649803 -0.000887135 2.09235 -1.81208</i>
                        <i>-0.0240121 0.651323 0.75842 -0.993843 -0.0976302 0.052378 0.10816 -0.752493 0.649658 -0.00136038 2.09373 -1.812</i>
                        <i>-0.0216839 0.651317 0.758496 -0.994094 -0.0947412 0.0529346 0.106338 -0.752868 0.649524 -0.00194257 2.09503 -1.81193</i>
                        <i>-0.0190865 0.651332 0.758553 -0.994363 -0.0915131 0.053558 0.104302 -0.753254 0.649407 -0.00258237 2.09618 -1.81187</i>
                        <i>-0.0163993 0.651362 0.75859 -0.99463 -0.0881701 0.0542051 0.102192 -0.753627 0.649309 -0.00322854 2.09709 -1.81183</i>
                        <i>-0.0138025 0.6514 0.758609 -0.994876 -0.0849376 0.0548326 0.100152 -0.753965 0.649235 -0.00382992 2.09767 -1.8118</i>
                        <i>-0.0114769 0.651444 0.75861 -0.995088 -0.0820416 0.0553974 0.0983259 -0.754248 0.649186 -0.00433542 2.09784 -1.81179</i>
                        <i>-0.00907582 0.651496 0.758598 -0.995297 -0.0790527 0.055984 0.0964426 -0.754523 0.649149 -0.00480723 2.09756 -1.81179</i>
                        <i>-0.00627946 0.651551 0.758579 -0.995529 -0.075573 0.0566695 0.0942512 -0.754831 0.649112 -0.00532081 2.0969 -1.8118</i>
                        <i>-0.00330847 0.651602 0.758554 -0.995761 -0.0718765 0.0573993 0.0919237 -0.755148 0.649077 -0.00584498 2.09594 -1.81181</i>
                        <i>-0.000383484 0.651644 0.758525 -0.995975 -0.0682373 0.0581187 0.0896324 -0.755449 0.649047 -0.00634852 2.09478 -1.81182</i>
                        <i>0.002275 0.651675 0.758495 -0.996158 -0.0649295 0.0587731 0.0875497 -0.755714 0.649023 -0.00680021 2.0935 -1.81184</i>
                        <i>0.00444659 0.651695 0.758468 -0.996298 -0.0622273 0.0593081 0.0858482 -0.755925 0.649005 -0.00716879 2.09219 -1.81185</i>
                        <i>0.00591104 0.651705 0.758449 -0.996389 -0.060405 0.059669 0.0847008 -0.756063 0.648995 -0.00742296 2.09093 -1.81185</i>
                        <i>0.00644814 0.651709 0.758442 -0.996421 -0.0597367 0.0598015 0.0842799 -0.756113 0.648991 -0.00753144 2.08982 -1.81186</i>
                        <i>0.00592082 0.651731 0.758427 -0.99639 -0.0603898 0.0596726 0.0846917 -0.756043 0.64902 -0.00746921 2.08866 -1.81187</i>
                        <i>0.00447943 0.651797 0.75838 -0.996301 -0.0621738 0.0593206 0.0858164 -0.755841 0.649108 -0.00725538 2.08723 -1.81192</i>
                        <i>0.00233544 0.651909 0.758294 -0.996163 -0.0648243 0.0587978 0.0874867 -0.755522 0.649256 -0.00692477 2.08563 -1.81201</i>
                        <i>-0.000299092 0.652065 0.758163 -0.995984 -0.0680762 0.0581566 0.0895348 -0.755101 0.649466 -0.00651208 2.08396 -1.81214</i>
                        <i>-0.00321189 0.652267 0.757982 -0.995773 -0.0716641 0.0574497 0.0917926 -0.754594 0.64974 -0.00605199 2.08231 -1.8123</i>
                        <i>-0.00619094 0.65252 0.757746 -0.995544 -0.075323 0.0567293 0.0940928 -0.754018 0.650079 -0.0055792 2.08078 -1.81251</i>
                        <i>-0.00902494 0.65283 0.757451 -0.995314 -0.0787896 0.0560479 0.096269 -0.753396 0.650482 -0.00512856 2.07946 -1.81275</i>
                        <i>-0.0115038 0.653205 0.757094 -0.995104 -0.0818023 0.0554571 0.0981569 -0.752749 0.650948 -0.00473512 2.07844 -1.81305</i>
                    </KeyFrames>
                </p>
            </i>
            <i>
                <p>
                    <Name>
                        <![CDATA[spine2]]>
</Name>
                    <Exclude>0</Exclude>
                    <Additive>0</Additive>
                    <IKPriority>0</IKPriority>
                    <IKRotLimits>-1e+010 -1e+010 -1e+010 1e+010 1e+010 1e+010</IKRotLimits>
                    <IKRotLimitOrder>0</IKRotLimitOrder>
                    <KeyFrames count="33">
                        <i>0.0360806 0.588818 0.80746 -0.990205 -0.0879899 0.108411 0.134883 -0.803462 0.579876 -0.00666546 2.19428 -1.6781</i>
                        <i>0.0339486 0.588811 0.807558 -0.990127 -0.09014 0.107347 0.136 -0.803229 0.579938 -0.00647018 2.19479 -1.67797</i>
                        <i>0.0315155 0.588806 0.80766 -0.990031 -0.0925919 0.106134 0.137275 -0.802954 0.580018 -0.0062516 2.19581 -1.67784</i>
                        <i>0.028961 0.588797 0.807762 -0.989923 -0.0951654 0.10486 0.138612 -0.802659 0.580107 -0.00602446 2.19719 -1.67771</i>
                        <i>0.0264651 0.588779 0.807861 -0.989809 -0.0976797 0.103616 0.139918 -0.80237 0.580194 -0.00580328 2.19882 -1.67758</i>
                        <i>0.024208 0.588751 0.807952 -0.989699 -0.0999539 0.10249 0.141099 -0.802111 0.580267 -0.00560241 2.20057 -1.67745</i>
                        <i>0.0223703 0.588712 0.808034 -0.989605 -0.101807 0.101571 0.14206 -0.801906 0.580315 -0.005436 2.20231 -1.67732</i>
                        <i>0.0211326 0.588661 0.808104 -0.989539 -0.103058 0.10095 0.142707 -0.801784 0.580325 -0.00531804 2.20393 -1.6772</i>
                        <i>0.0206757 0.5886 0.80816 -0.989514 -0.103526 0.100716 0.142947 -0.801768 0.580287 -0.00526241 2.20528 -1.67708</i>
                        <i>0.0211099 0.588535 0.808196 -0.989538 -0.103098 0.100924 0.142721 -0.801871 0.580201 -0.00528376 2.20655 -1.67696</i>
                        <i>0.0223113 0.588474 0.808208 -0.989602 -0.101897 0.101512 0.142092 -0.802069 0.580081 -0.00537413 2.20791 -1.67685</i>
                        <i>0.0241097 0.588414 0.8082 -0.989695 -0.100095 0.102399 0.14115 -0.80234 0.579937 -0.00551357 2.20929 -1.67675</i>
                        <i>0.0263345 0.588354 0.808174 -0.989803 -0.0978635 0.103498 0.139984 -0.802659 0.579778 -0.00568228 2.2106 -1.67666</i>
                        <i>0.0288151 0.588293 0.808135 -0.989917 -0.095375 0.104726 0.138686 -0.803004 0.579613 -0.0058607 2.21175 -1.67659</i>
                        <i>0.0313804 0.58823 0.808085 -0.990026 -0.0928022 0.105999 0.137344 -0.803351 0.579451 -0.00602951 2.21266 -1.67654</i>
                        <i>0.0338591 0.588169 0.808029 -0.990123 -0.090318 0.107232 0.13605 -0.803679 0.579301 -0.00616957 2.21325 -1.6765</i>
                        <i>0.0360799 0.588112 0.807974 -0.990203 -0.0880957 0.108341 0.134896 -0.803967 0.579172 -0.00626188 2.21343 -1.67649</i>
                        <i>0.0383739 0.58805 0.807913 -0.990277 -0.085806 0.109491 0.13371 -0.80426 0.57904 -0.00630709 2.21317 -1.6765</i>
                        <i>0.0410461 0.58797 0.807841 -0.990355 -0.0831435 0.110834 0.132334 -0.804598 0.578886 -0.00632381 2.21251 -1.67651</i>
                        <i>0.0438851 0.587876 0.80776 -0.990427 -0.0803172 0.112263 0.130874 -0.804954 0.578723 -0.0063201 2.21157 -1.67652</i>
                        <i>0.0466802 0.587773 0.807678 -0.990488 -0.0775362 0.113671 0.129437 -0.805302 0.578563 -0.00630393 2.21041 -1.67654</i>
                        <i>0.0492206 0.587673 0.8076 -0.990535 -0.0750096 0.114953 0.128132 -0.805614 0.578418 -0.00628326 2.20914 -1.67656</i>
                        <i>0.0512956 0.587585 0.807535 -0.990567 -0.0729463 0.116 0.127066 -0.805868 0.5783 -0.00626598 2.20783 -1.67657</i>
                        <i>0.0526949 0.587523 0.80749 -0.990585 -0.0715551 0.116706 0.126348 -0.806037 0.578221 -0.00625995 2.20657 -1.67658</i>
                        <i>0.0532081 0.5875 0.807473 -0.990592 -0.0710449 0.116965 0.126084 -0.8061 0.578192 -0.006273 2.20547 -1.67659</i>
                        <i>0.0527058 0.587532 0.807483 -0.990585 -0.0715439 0.116713 0.126343 -0.806032 0.578229 -0.00630448 2.2043 -1.67661</i>
                        <i>0.0513327 0.58762 0.807507 -0.990567 -0.0729071 0.116024 0.127051 -0.805846 0.578335 -0.00634679 2.20288 -1.67667</i>
                        <i>0.0492899 0.587755 0.807536 -0.990535 -0.0749339 0.114999 0.128103 -0.805561 0.578499 -0.00639715 2.2013 -1.67678</i>
                        <i>0.0467788 0.587926 0.807561 -0.990489 -0.0774234 0.113742 0.129396 -0.805201 0.578713 -0.00645256 2.19965 -1.67694</i>
                        <i>0.044001 0.588124 0.807573 -0.990429 -0.0801746 0.112352 0.130824 -0.804787 0.578967 -0.00650993 2.19803 -1.67715</i>
                        <i>0.0411578 0.588341 0.807565 -0.990357 -0.0829863 0.110933 0.132283 -0.804343 0.579253 -0.00656627 2.19653 -1.67741</i>
                        <i>0.0384507 0.588574 0.807529 -0.99028 -0.0856581 0.109585 0.13367 -0.803893 0.579559 -0.00661887 2.19525 -1.67773</i>
                        <i>0.0360806 0.588818 0.80746 -0.990205 -0.0879899 0.108411 0.134883 -0.803462 0.579876 -0.00666546 2.19428 -1.6781</i>
                    </KeyFrames>
                </p>
            </i>
            <i>
                <p>
                    <Name>
                        <![CDATA[head]]>
</Name>
                    <Exclude>0</Exclude>
                    <Additive>0</Additive>
                    <IKPriority>0</IKPriority>
                    <IKRotLimits>-1e+010 -1e+010 -1e+010 1e+010 1e+010 1e+010</IKRotLimits>
                    <IKRotLimitOrder>0</IKRotLimitOrder>
                    <KeyFrames count="33">
                        <i>-0.0361348 0.922701 0.38382 -0.1212 0.37719 -0.918171 -0.99197 -0.0796971 0.0982019 0.00497654 2.3724 -1.47958</i>
                        <i>-0.0389996 0.922556 0.383887 -0.121116 0.376983 -0.918267 -0.991872 -0.0823068 0.0970338 0.00461771 2.37293 -1.47943</i>
                        <i>-0.0435345 0.922273 0.384081 -0.121043 0.376744 -0.918375 -0.991692 -0.0864712 0.0952331 0.00420399 2.37395 -1.47927</i>
                        <i>-0.0492406 0.921868 0.384363 -0.120996 0.37649 -0.918485 -0.991431 -0.0917331 0.0930035 0.00376738 2.37534 -1.47911</i>
                        <i>-0.0556191 0.921365 0.384698 -0.120989 0.376236 -0.918591 -0.991095 -0.0976352 0.0905487 0.00334017 2.37698 -1.47896</i>
                        <i>-0.0621714 0.920798 0.385052 -0.121035 0.375995 -0.918683 -0.990699 -0.103721 0.0880728 0.00295485 2.37873 -1.47881</i>
                        <i>-0.0683994 0.920211 0.385401 -0.12115 0.375786 -0.918753 -0.990275 -0.109534 0.0857802 0.00264417 2.38048 -1.47866</i>
                        <i>-0.0738057 0.919657 0.385724 -0.121348 0.375623 -0.918794 -0.989862 -0.114619 0.0838757 0.00244105 2.38209 -1.47852</i>
                        <i>-0.0778934 0.919202 0.386006 -0.121644 0.375526 -0.918794 -0.989513 -0.118523 0.0825647 0.00237856 2.38344 -1.47839</i>
                        <i>-0.0810566 0.918809 0.386291 -0.122123 0.37549 -0.918745 -0.9892 -0.121645 0.0817719 0.00247053 2.38469 -1.47827</i>
                        <i>-0.0839378 0.918413 0.386617 -0.122807 0.375494 -0.918653 -0.988875 -0.124589 0.0812694 0.0026926 2.38605 -1.47816</i>
                        <i>-0.0864137 0.918038 0.386961 -0.123617 0.375531 -0.918529 -0.98856 -0.127208 0.0810338 0.00302047 2.38742 -1.47806</i>
                        <i>-0.0883607 0.91771 0.3873 -0.124473 0.375601 -0.918385 -0.988281 -0.129358 0.081042 0.00342964 2.38871 -1.47798</i>
                        <i>-0.0896555 0.917451 0.387615 -0.125299 0.3757 -0.918232 -0.98806 -0.130892 0.0812717 0.00389532 2.38985 -1.47792</i>
                        <i>-0.0901746 0.917287 0.387882 -0.126014 0.37583 -0.918081 -0.987922 -0.131666 0.0817009 0.00439249 2.39075 -1.47788</i>
                        <i>-0.089794 0.917241 0.388081 -0.126542 0.37599 -0.917943 -0.987889 -0.131534 0.0823078 0.00489585 2.39132 -1.47786</i>
                        <i>-0.0883901 0.917332 0.388187 -0.126804 0.376179 -0.917829 -0.987982 -0.130351 0.0830711 0.00538 2.39149 -1.47787</i>
                        <i>-0.0854515 0.917607 0.388195 -0.126771 0.37644 -0.917727 -0.988244 -0.127633 0.0841589 0.00593027 2.3912 -1.47789</i>
                        <i>-0.0808762 0.918054 0.388118 -0.126504 0.37679 -0.91762 -0.988664 -0.123312 0.0856644 0.00660709 2.39052 -1.47792</i>
                        <i>-0.0751539 0.918605 0.387964 -0.126061 0.37719 -0.917516 -0.989172 -0.117862 0.0874533 0.00734769 2.38955 -1.47795</i>
                        <i>-0.0687748 0.9192 0.38774 -0.125501 0.377601 -0.917424 -0.989707 -0.111757 0.0893908 0.00808932 2.38836 -1.47799</i>
                        <i>-0.0622301 0.919784 0.387459 -0.124882 0.377985 -0.91735 -0.990218 -0.105473 0.0913423 0.00876935 2.38706 -1.47802</i>
                        <i>-0.0560116 0.920318 0.387141 -0.124265 0.378309 -0.917301 -0.990667 -0.0994874 0.0931732 0.00932522 2.38572 -1.47806</i>
                        <i>-0.0506117 0.92077 0.386808 -0.123709 0.378542 -0.91728 -0.991027 -0.0942769 0.0947491 0.00969446 2.38445 -1.47808</i>
                        <i>-0.046523 0.921119 0.38649 -0.123277 0.378657 -0.91729 -0.991281 -0.0903203 0.0959361 0.00981462 2.38334 -1.47808</i>
                        <i>-0.0433481 0.921418 0.386147 -0.122932 0.378654 -0.917338 -0.991468 -0.0872345 0.0968575 0.00965283 2.38218 -1.4781</i>
                        <i>-0.0404484 0.921721 0.385739 -0.122602 0.378559 -0.917421 -0.991631 -0.0844006 0.097693 0.00925432 2.38078 -1.47816</i>
                        <i>-0.0379543 0.922011 0.385299 -0.122293 0.378393 -0.917531 -0.991768 -0.0819434 0.0983935 0.00867401 2.37923 -1.47826</i>
                        <i>-0.0359965 0.922272 0.384861 -0.122007 0.378174 -0.917659 -0.991876 -0.0799883 0.0989108 0.00796708 2.37761 -1.47841</i>
                        <i>-0.0347054 0.922489 0.38446 -0.12175 0.377924 -0.917796 -0.991954 -0.0786605 0.0991972 0.00718882 2.37603 -1.47861</i>
                        <i>-0.0342112 0.922645 0.384131 -0.121527 0.377663 -0.917934 -0.991998 -0.0780857 0.0992056 0.00639445 2.37457 -1.47887</i>
                        <i>-0.0346443 0.922722 0.383906 -0.121342 0.377411 -0.918061 -0.992006 -0.0783894 0.0988894 0.00563889 2.37333 -1.47919</i>
                        <i>-0.0361348 0.922701 0.38382 -0.1212 0.37719 -0.918171 -0.99197 -0.0796971 0.0982019 0.00497654 2.3724 -1.47958</i>
                    </KeyFrames>
                </p>
            </i>
            <i>
                <p>
                    <Name>
                        <![CDATA[head_prop]]>
</Name>
                    <Exclude>0</Exclude>
                    <Additive>0</Additive>
                    <IKPriority>0</IKPriority>
                    <IKRotLimits>-1e+010 -1e+010 -1e+010 1e+010 1e+010 1e+010</IKRotLimits>
                    <IKRotLimitOrder>0</IKRotLimitOrder>
                    <KeyFrames count="33">
                        <i>0.99197 0.0796971 -0.0982019 -0.0361348 0.922701 0.38382 0.1212 -0.37719 0.918171 -0.00680011 2.67312 -1.35449</i>
                        <i>0.991872 0.0823068 -0.0970338 -0.0389996 0.922556 0.383887 0.121116 -0.376983 0.918267 -0.00809259 2.67359 -1.35432</i>
                        <i>0.991692 0.0864712 -0.0952331 -0.0435345 0.922273 0.384081 0.121043 -0.376744 0.918375 -0.00998429 2.67453 -1.3541</i>
                        <i>0.991431 0.0917331 -0.0930035 -0.0492406 0.921868 0.384363 0.120996 -0.37649 0.918485 -0.0122806 2.67579 -1.35385</i>
                        <i>0.991095 0.0976352 -0.0905487 -0.0556191 0.921365 0.384698 0.120989 -0.376236 0.918591 -0.0147866 2.67726 -1.35358</i>
                        <i>0.990699 0.103721 -0.0880728 -0.0621714 0.920798 0.385052 0.121035 -0.375995 0.918683 -0.0173074 2.67883 -1.35331</i>
                        <i>0.990275 0.109534 -0.0857802 -0.0683994 0.920211 0.385401 0.12115 -0.375786 0.918753 -0.0196478 2.68038 -1.35305</i>
                        <i>0.989862 0.114619 -0.0838757 -0.0738057 0.919657 0.385724 0.121348 -0.375623 0.918794 -0.0216129 2.68181 -1.35281</i>
                        <i>0.989513 0.118523 -0.0825647 -0.0778934 0.919202 0.386006 0.121644 -0.375526 0.918794 -0.0230076 2.68301 -1.35259</i>
                        <i>0.9892 0.121645 -0.0817719 -0.0810566 0.918809 0.386291 0.122123 -0.37549 0.918745 -0.0239465 2.68414 -1.35237</i>
                        <i>0.988875 0.124589 -0.0812694 -0.0839378 0.918413 0.386617 0.122807 -0.375494 0.918653 -0.0246635 2.68537 -1.35216</i>
                        <i>0.98856 0.127208 -0.0810338 -0.0864137 0.918038 0.386961 0.123617 -0.375531 0.918529 -0.0251425 2.68661 -1.35195</i>
                        <i>0.988281 0.129358 -0.081042 -0.0883607 0.91771 0.3873 0.124473 -0.375601 0.918385 -0.0253679 2.6878 -1.35176</i>
                        <i>0.98806 0.130892 -0.0812717 -0.0896555 0.917451 0.387615 0.125299 -0.3757 0.918232 -0.0253242 2.68886 -1.3516</i>
                        <i>0.987922 0.131666 -0.0817009 -0.0901746 0.917287 0.387882 0.126014 -0.37583 0.918081 -0.0249962 2.6897 -1.35147</i>
                        <i>0.987889 0.131534 -0.0823078 -0.089794 0.917241 0.388081 0.126542 -0.37599 0.917943 -0.0243688 2.69026 -1.35139</i>
                        <i>0.987982 0.130351 -0.0830711 -0.0883901 0.917332 0.388187 0.126804 -0.376179 0.917829 -0.0234271 2.69045 -1.35135</i>
                        <i>0.988244 0.127633 -0.0841589 -0.0854515 0.917607 0.388195 0.126771 -0.37644 0.917727 -0.0219191 2.69025 -1.35137</i>
                        <i>0.988664 0.123312 -0.0856644 -0.0808762 0.918054 0.388118 0.126504 -0.37679 0.91762 -0.0197512 2.68972 -1.35143</i>
                        <i>0.989172 0.117862 -0.0874533 -0.0751539 0.918605 0.387964 0.126061 -0.37719 0.917516 -0.0171456 2.68893 -1.35151</i>
                        <i>0.989707 0.111757 -0.0893908 -0.0687748 0.9192 0.38774 0.125501 -0.377601 0.917424 -0.014325 2.68794 -1.35162</i>
                        <i>0.990218 0.105473 -0.0913423 -0.0622301 0.919784 0.387459 0.124882 -0.377985 0.91735 -0.011512 2.68682 -1.35175</i>
                        <i>0.990667 0.0994874 -0.0931732 -0.0560116 0.920318 0.387141 0.124265 -0.378309 0.917301 -0.00892946 2.68566 -1.35188</i>
                        <i>0.991027 0.0942769 -0.0947491 -0.0506117 0.92077 0.386808 0.123709 -0.378542 0.91728 -0.00680035 2.68454 -1.35201</i>
                        <i>0.991281 0.0903203 -0.0959361 -0.046523 0.921119 0.38649 0.123277 -0.378657 0.91729 -0.00534766 2.68354 -1.35212</i>
                        <i>0.991468 0.0872345 -0.0968575 -0.0433481 0.921418 0.386147 0.122932 -0.378654 0.917338 -0.00447472 2.68248 -1.35225</i>
                        <i>0.991631 0.0844006 -0.097693 -0.0404484 0.921721 0.385739 0.122602 -0.378559 0.917421 -0.00392816 2.68118 -1.35244</i>
                        <i>0.991768 0.0819434 -0.0983935 -0.0379543 0.922011 0.385299 0.122293 -0.378393 0.917531 -0.00369563 2.67972 -1.35269</i>
                        <i>0.991876 0.0799883 -0.0989108 -0.0359965 0.922272 0.384861 0.122007 -0.378174 0.917659 -0.0037645 2.67819 -1.35298</i>
                        <i>0.991954 0.0786605 -0.0991972 -0.0347054 0.922489 0.38446 0.12175 -0.377924 0.917796 -0.00412197 2.67668 -1.35331</i>
                        <i>0.991998 0.0780857 -0.0992056 -0.0342112 0.922645 0.384131 0.121527 -0.377663 0.917934 -0.0047553 2.67527 -1.35368</i>
                        <i>0.992006 0.0783894 -0.0988894 -0.0346443 0.922722 0.383906 0.121342 -0.377411 0.918061 -0.00565201 2.67405 -1.35407</i>
                        <i>0.99197 0.0796971 -0.0982019 -0.0361348 0.922701 0.38382 0.1212 -0.37719 0.918171 -0.00680011 2.67312 -1.35449</i>
                    </KeyFrames>
                </p>
            </i>
            <i>
                <p>
                    <Name>
                        <![CDATA[l_clav]]>
</Name>
                    <Exclude>0</Exclude>
                    <Additive>0</Additive>
                    <IKPriority>0</IKPriority>
                    <IKRotLimits>-1e+010 -1e+010 -1e+010 1e+010 1e+010 1e+010</IKRotLimits>
                    <IKRotLimitOrder>0</IKRotLimitOrder>
                    <KeyFrames count="33">
                        <i>0.941929 0.323837 -0.088878 -0.210956 0.776542 0.5937 0.26128 -0.540474 0.799763 0.0831316 2.20931 -1.60249</i>
                        <i>0.94097 0.326871 -0.087922 -0.214007 0.775747 0.593648 0.262252 -0.539789 0.799907 0.0831861 2.20998 -1.60227</i>
                        <i>0.939916 0.330177 -0.086835 -0.217362 0.774871 0.593573 0.26327 -0.539034 0.800082 0.0832436 2.21118 -1.60204</i>
                        <i>0.938817 0.333587 -0.0856934 -0.220835 0.773956 0.593485 0.264301 -0.538249 0.80027 0.083301 2.21276 -1.60181</i>
                        <i>0.937724 0.336929 -0.0845733 -0.22424 0.773043 0.593398 0.265312 -0.537479 0.800454 0.0833557 2.21457 -1.60158</i>
                        <i>0.936693 0.340038 -0.0835504 -0.227393 0.772178 0.593324 0.266269 -0.536764 0.800616 0.0834054 2.21649 -1.60136</i>
                        <i>0.935781 0.342745 -0.0827005 -0.230109 0.771408 0.593279 0.267139 -0.536149 0.800738 0.0834483 2.21836 -1.60115</i>
                        <i>0.935048 0.344885 -0.082099 -0.232205 0.770781 0.593276 0.267892 -0.535678 0.800802 0.0834827 2.22006 -1.60097</i>
                        <i>0.934552 0.346291 -0.0818211 -0.2335 0.770348 0.593331 0.268496 -0.535394 0.800789 0.083507 2.22145 -1.60083</i>
                        <i>0.934308 0.346931 -0.0818947 -0.233945 0.770117 0.593455 0.268957 -0.535311 0.80069 0.0835144 2.22267 -1.60072</i>
                        <i>0.93427 0.346948 -0.0822574 -0.233697 0.77005 0.593641 0.269305 -0.535398 0.800515 0.0835044 2.22394 -1.60065</i>
                        <i>0.934407 0.346439 -0.0828497 -0.232873 0.770122 0.593871 0.269544 -0.535624 0.800283 0.0834854 2.22517 -1.6006</i>
                        <i>0.934686 0.345501 -0.0836122 -0.231592 0.770309 0.594129 0.269679 -0.53596 0.800013 0.0834656 2.22631 -1.60059</i>
                        <i>0.935076 0.344231 -0.0844854 -0.229973 0.770587 0.594397 0.269713 -0.536377 0.799721 0.0834529 2.22726 -1.6006</i>
                        <i>0.935545 0.342727 -0.0854099 -0.228134 0.770932 0.594658 0.269651 -0.536845 0.799429 0.0834552 2.22798 -1.60064</i>
                        <i>0.93606 0.341086 -0.0863265 -0.226194 0.77132 0.594896 0.269496 -0.537332 0.799154 0.08348 2.22837 -1.60069</i>
                        <i>0.936592 0.339406 -0.087176 -0.224273 0.77173 0.595092 0.269254 -0.537807 0.798915 0.083535 2.22838 -1.60076</i>
                        <i>0.937198 0.337493 -0.0880784 -0.222132 0.772202 0.595283 0.268918 -0.538333 0.798674 0.0836418 2.22794 -1.60085</i>
                        <i>0.937915 0.335216 -0.0891369 -0.219593 0.772757 0.595504 0.268504 -0.538958 0.798392 0.0838015 2.22708 -1.60097</i>
                        <i>0.93868 0.332765 -0.0902665 -0.216866 0.773348 0.595737 0.268048 -0.53963 0.798091 0.0839922 2.22591 -1.60109</i>
                        <i>0.939432 0.330329 -0.0913821 -0.214161 0.773926 0.595964 0.267587 -0.540297 0.797795 0.0841918 2.22454 -1.60121</i>
                        <i>0.940113 0.328101 -0.0923984 -0.21169 0.774449 0.596169 0.267161 -0.540906 0.797525 0.0843787 2.22306 -1.60133</i>
                        <i>0.940667 0.326272 -0.0932302 -0.209662 0.774872 0.596334 0.266809 -0.541405 0.797304 0.0845314 2.22159 -1.60142</i>
                        <i>0.94104 0.325033 -0.0937919 -0.208291 0.775157 0.596446 0.266568 -0.541743 0.797155 0.0846285 2.22023 -1.60149</i>
                        <i>0.941177 0.324578 -0.0939981 -0.207787 0.775261 0.596486 0.266479 -0.541867 0.7971 0.0846488 2.21908 -1.60151</i>
                        <i>0.941124 0.324782 -0.0938237 -0.208073 0.775231 0.596425 0.266443 -0.541788 0.797166 0.0845846 2.21796 -1.60151</i>
                        <i>0.941001 0.325271 -0.0933544 -0.208796 0.77517 0.596251 0.266309 -0.541581 0.797351 0.0844527 2.21665 -1.60153</i>
                        <i>0.940865 0.325861 -0.0926713 -0.209755 0.77512 0.59598 0.266038 -0.541298 0.797634 0.0842689 2.21523 -1.60157</i>
                        <i>0.94077 0.326366 -0.0918553 -0.210745 0.775124 0.595625 0.265591 -0.540988 0.797993 0.084049 2.21379 -1.60164</i>
                        <i>0.940772 0.326603 -0.0909873 -0.211565 0.775224 0.595204 0.264931 -0.540701 0.798407 0.0838093 2.21239 -1.60176</i>
                        <i>0.940928 0.326385 -0.0901479 -0.21201 0.775465 0.594731 0.264018 -0.540487 0.798854 0.0835658 2.21113 -1.60194</i>
                        <i>0.941296 0.325525 -0.0894178 -0.211876 0.77589 0.594225 0.262813 -0.540396 0.799313 0.0833347 2.21007 -1.60218</i>
                        <i>0.941929 0.323837 -0.088878 -0.210956 0.776542 0.5937 0.26128 -0.540474 0.799763 0.0831316 2.20931 -1.60249</i>
                    </KeyFrames>
                </p>
            </i>
            <i>
                <p>
                    <Name>
                        <![CDATA[l_shoulder]]>
</Name>
                    <Exclude>0</Exclude>
                    <Additive>0</Additive>
                    <IKPriority>0</IKPriority>
                    <IKRotLimits>-1e+010 -1e+010 -1e+010 1e+010 1e+010 1e+010</IKRotLimits>
                    <IKRotLimitOrder>0</IKRotLimitOrder>
                    <KeyFrames count="33">
                        <i>0.260189 -0.698516 0.666616 0.507784 0.686203 0.520845 -0.821253 0.202979 0.533238 0.271649 2.27412 -1.62028</i>
                        <i>0.258869 -0.698836 0.666795 0.505456 0.686272 0.523016 -0.823105 0.201643 0.530885 0.271548 2.27542 -1.61987</i>
                        <i>0.256218 -0.699228 0.667407 0.502613 0.686148 0.525909 -0.825671 0.200701 0.527245 0.271457 2.2773 -1.61943</i>
                        <i>0.252499 -0.699664 0.668368 0.499487 0.68585 0.529266 -0.828708 0.200201 0.522649 0.271373 2.27958 -1.61898</i>
                        <i>0.247991 -0.700111 0.669586 0.496306 0.685399 0.532831 -0.831974 0.200182 0.517442 0.271297 2.2821 -1.61853</i>
                        <i>0.243005 -0.700542 0.670962 0.493303 0.684821 0.536351 -0.835225 0.200651 0.511995 0.271227 2.28467 -1.61811</i>
                        <i>0.237899 -0.700934 0.67238 0.490713 0.684146 0.539578 -0.838215 0.201581 0.506715 0.271166 2.28712 -1.61774</i>
                        <i>0.233085 -0.701275 0.673709 0.488771 0.683408 0.54227 -0.840699 0.202895 0.502055 0.271114 2.28927 -1.61745</i>
                        <i>0.229028 -0.701563 0.674801 0.487712 0.682642 0.544185 -0.842427 0.204475 0.498505 0.271073 2.29095 -1.61725</i>
                        <i>0.225248 -0.701816 0.675809 0.487582 0.681725 0.545449 -0.843521 0.206651 0.49575 0.27106 2.29231 -1.61716</i>
                        <i>0.221095 -0.702035 0.676951 0.488177 0.680575 0.546352 -0.844275 0.209676 0.493189 0.271085 2.2936 -1.61716</i>
                        <i>0.216831 -0.702203 0.678156 0.489362 0.679281 0.546902 -0.844695 0.213278 0.490921 0.271147 2.29475 -1.61724</i>
                        <i>0.212731 -0.702314 0.679339 0.491002 0.677933 0.547106 -0.844786 0.21717 0.489055 0.271239 2.29571 -1.61739</i>
                        <i>0.209088 -0.702371 0.680409 0.49296 0.676618 0.546972 -0.844555 0.221049 0.487714 0.271359 2.29644 -1.61758</i>
                        <i>0.206202 -0.702391 0.681269 0.495101 0.675426 0.546512 -0.844012 0.224605 0.487028 0.271502 2.29687 -1.61781</i>
