<?xml version="1.0" encoding="ISO-8859-1" ?>
<Animl Version="1">
    <ModellingPackage><![CDATA[Maya.2010]]></ModellingPackage>
    <SrcFile><![CDATA[anims\turrets\machinegun\blue\~src\mgun_gatling\mgun_gatling_idle_crewman_c.mb]]></SrcFile>
    <FramesPerSecond>30</FramesPerSecond>
    <TotalFrames>97</TotalFrames>
    <Skeleton>
        <RefFrame>
            <Name><![CDATA[soldier_ref_frame]]></Name>
            <Exclude>0</Exclude>
            <Additive>0</Additive>
            <IKPriority>0</IKPriority>
            <IKRotLimits>-1e+010 -1e+010 -1e+010 1e+010 1e+010 1e+010</IKRotLimits>
            <IKRotLimitOrder>0</IKRotLimitOrder>
            <KeyFrames count="97">
                <i>1 0 0 0 1 0 0 0 1 -1.71 0.89 -1.77</i>
                <i>1 0 0 0 1 0 0 0 1 -1.71 0.89 -1.77</i>
                <i>1 0 0 0 1 0 0 0 1 -1.71 0.89 -1.77</i>
                <i>1 0 0 0 1 0 0 0 1 -1.71 0.89 -1.77</i>
                <i>1 0 0 0 1 0 0 0 1 -1.71 0.89 -1.77</i>
                <i>1 0 0 0 1 0 0 0 1 -1.71 0.89 -1.77</i>
                <i>1 0 0 0 1 0 0 0 1 -1.71 0.89 -1.77</i>
                <i>1 0 0 0 1 0 0 0 1 -1.71 0.89 -1.77</i>
                <i>1 0 0 0 1 0 0 0 1 -1.71 0.89 -1.77</i>
                <i>1 0 0 0 1 0 0 0 1 -1.71 0.89 -1.77</i>
                <i>1 0 0 0 1 0 0 0 1 -1.71 0.89 -1.77</i>
                <i>1 0 0 0 1 0 0 0 1 -1.71 0.89 -1.77</i>
                <i>1 0 0 0 1 0 0 0 1 -1.71 0.89 -1.77</i>
                <i>1 0 0 0 1 0 0 0 1 -1.71 0.89 -1.77</i>
                <i>1 0 0 0 1 0 0 0 1 -1.71 0.89 -1.77</i>
                <i>1 0 0 0 1 0 0 0 1 -1.71 0.89 -1.77</i>
                <i>1 0 0 0 1 0 0 0 1 -1.71 0.89 -1.77</i>
                <i>1 0 0 0 1 0 0 0 1 -1.71 0.89 -1.77</i>
                <i>1 0 0 0 1 0 0 0 1 -1.71 0.89 -1.77</i>
                <i>1 0 0 0 1 0 0 0 1 -1.71 0.89 -1.77</i>
                <i>1 0 0 0 1 0 0 0 1 -1.71 0.89 -1.77</i>
                <i>1 0 0 0 1 0 0 0 1 -1.71 0.89 -1.77</i>
                <i>1 0 0 0 1 0 0 0 1 -1.71 0.89 -1.77</i>
                <i>1 0 0 0 1 0 0 0 1 -1.71 0.89 -1.77</i>
                <i>1 0 0 0 1 0 0 0 1 -1.71 0.89 -1.77</i>
                <i>1 0 0 0 1 0 0 0 1 -1.71 0.89 -1.77</i>
                <i>1 0 0 0 1 0 0 0 1 -1.71 0.89 -1.77</i>
                <i>1 0 0 0 1 0 0 0 1 -1.71 0.89 -1.77</i>
                <i>1 0 0 0 1 0 0 0 1 -1.71 0.89 -1.77</i>
                <i>1 0 0 0 1 0 0 0 1 -1.71 0.89 -1.77</i>
                <i>1 0 0 0 1 0 0 0 1 -1.71 0.89 -1.77</i>
                <i>1 0 0 0 1 0 0 0 1 -1.71 0.89 -1.77</i>
                <i>1 0 0 0 1 0 0 0 1 -1.71 0.89 -1.77</i>
                <i>1 0 0 0 1 0 0 0 1 -1.71 0.89 -1.77</i>
                <i>1 0 0 0 1 0 0 0 1 -1.71 0.89 -1.77</i>
                <i>1 0 0 0 1 0 0 0 1 -1.71 0.89 -1.77</i>
                <i>1 0 0 0 1 0 0 0 1 -1.71 0.89 -1.77</i>
                <i>1 0 0 0 1 0 0 0 1 -1.71 0.89 -1.77</i>
                <i>1 0 0 0 1 0 0 0 1 -1.71 0.89 -1.77</i>
                <i>1 0 0 0 1 0 0 0 1 -1.71 0.89 -1.77</i>
                <i>1 0 0 0 1 0 0 0 1 -1.71 0.89 -1.77</i>
                <i>1 0 0 0 1 0 0 0 1 -1.71 0.89 -1.77</i>
                <i>1 0 0 0 1 0 0 0 1 -1.71 0.89 -1.77</i>
                <i>1 0 0 0 1 0 0 0 1 -1.71 0.89 -1.77</i>
                <i>1 0 0 0 1 0 0 0 1 -1.71 0.89 -1.77</i>
                <i>1 0 0 0 1 0 0 0 1 -1.71 0.89 -1.77</i>
                <i>1 0 0 0 1 0 0 0 1 -1.71 0.89 -1.77</i>
                <i>1 0 0 0 1 0 0 0 1 -1.71 0.89 -1.77</i>
                <i>1 0 0 0 1 0 0 0 1 -1.71 0.89 -1.77</i>
                <i>1 0 0 0 1 0 0 0 1 -1.71 0.89 -1.77</i>
                <i>1 0 0 0 1 0 0 0 1 -1.71 0.89 -1.77</i>
                <i>1 0 0 0 1 0 0 0 1 -1.71 0.89 -1.77</i>
                <i>1 0 0 0 1 0 0 0 1 -1.71 0.89 -1.77</i>
                <i>1 0 0 0 1 0 0 0 1 -1.71 0.89 -1.77</i>
                <i>1 0 0 0 1 0 0 0 1 -1.71 0.89 -1.77</i>
                <i>1 0 0 0 1 0 0 0 1 -1.71 0.89 -1.77</i>
                <i>1 0 0 0 1 0 0 0 1 -1.71 0.89 -1.77</i>
                <i>1 0 0 0 1 0 0 0 1 -1.71 0.89 -1.77</i>
                <i>1 0 0 0 1 0 0 0 1 -1.71 0.89 -1.77</i>
                <i>1 0 0 0 1 0 0 0 1 -1.71 0.89 -1.77</i>
                <i>1 0 0 0 1 0 0 0 1 -1.71 0.89 -1.77</i>
                <i>1 0 0 0 1 0 0 0 1 -1.71 0.89 -1.77</i>
                <i>1 0 0 0 1 0 0 0 1 -1.71 0.89 -1.77</i>
                <i>1 0 0 0 1 0 0 0 1 -1.71 0.89 -1.77</i>
                <i>1 0 0 0 1 0 0 0 1 -1.71 0.89 -1.77</i>
                <i>1 0 0 0 1 0 0 0 1 -1.71 0.89 -1.77</i>
                <i>1 0 0 0 1 0 0 0 1 -1.71 0.89 -1.77</i>
                <i>1 0 0 0 1 0 0 0 1 -1.71 0.89 -1.77</i>
                <i>1 0 0 0 1 0 0 0 1 -1.71 0.89 -1.77</i>
                <i>1 0 0 0 1 0 0 0 1 -1.71 0.89 -1.77</i>
                <i>1 0 0 0 1 0 0 0 1 -1.71 0.89 -1.77</i>
                <i>1 0 0 0 1 0 0 0 1 -1.71 0.89 -1.77</i>
                <i>1 0 0 0 1 0 0 0 1 -1.71 0.89 -1.77</i>
                <i>1 0 0 0 1 0 0 0 1 -1.71 0.89 -1.77</i>
                <i>1 0 0 0 1 0 0 0 1 -1.71 0.89 -1.77</i>
                <i>1 0 0 0 1 0 0 0 1 -1.71 0.89 -1.77</i>
                <i>1 0 0 0 1 0 0 0 1 -1.71 0.89 -1.77</i>
                <i>1 0 0 0 1 0 0 0 1 -1.71 0.89 -1.77</i>
                <i>1 0 0 0 1 0 0 0 1 -1.71 0.89 -1.77</i>
                <i>1 0 0 0 1 0 0 0 1 -1.71 0.89 -1.77</i>
                <i>1 0 0 0 1 0 0 0 1 -1.71 0.89 -1.77</i>
                <i>1 0 0 0 1 0 0 0 1 -1.71 0.89 -1.77</i>
                <i>1 0 0 0 1 0 0 0 1 -1.71 0.89 -1.77</i>
                <i>1 0 0 0 1 0 0 0 1 -1.71 0.89 -1.77</i>
                <i>1 0 0 0 1 0 0 0 1 -1.71 0.89 -1.77</i>
                <i>1 0 0 0 1 0 0 0 1 -1.71 0.89 -1.77</i>
                <i>1 0 0 0 1 0 0 0 1 -1.71 0.89 -1.77</i>
                <i>1 0 0 0 1 0 0 0 1 -1.71 0.89 -1.77</i>
                <i>1 0 0 0 1 0 0 0 1 -1.71 0.89 -1.77</i>
                <i>1 0 0 0 1 0 0 0 1 -1.71 0.89 -1.77</i>
                <i>1 0 0 0 1 0 0 0 1 -1.71 0.89 -1.77</i>
                <i>1 0 0 0 1 0 0 0 1 -1.71 0.89 -1.77</i>
                <i>1 0 0 0 1 0 0 0 1 -1.71 0.89 -1.77</i>
                <i>1 0 0 0 1 0 0 0 1 -1.71 0.89 -1.77</i>
                <i>1 0 0 0 1 0 0 0 1 -1.71 0.89 -1.77</i>
                <i>1 0 0 0 1 0 0 0 1 -1.71 0.89 -1.77</i>
                <i>1 0 0 0 1 0 0 0 1 -1.71 0.89 -1.77</i>
            </KeyFrames>
        </RefFrame>
        <Bones count="23">
            <i>
                <p>
                    <Name><![CDATA[pelvis]]></Name>
                    <Exclude>0</Exclude>
                    <Additive>0</Additive>
                    <IKPriority>0</IKPriority>
                    <IKRotLimits>-1e+010 -1e+010 -1e+010 1e+010 1e+010 1e+010</IKRotLimits>
                    <IKRotLimitOrder>2</IKRotLimitOrder>
                    <KeyFrames count="97">
                        <i>1 0 0 0 1 0 0 0 1 -1.90102 1.84908 -1.29341</i>
                        <i>1 0 0 0 1 0 0 0 1 -1.90105 1.84892 -1.29341</i>
                        <i>1 0 0 0 1 0 0 0 1 -1.90115 1.84875 -1.29343</i>
                        <i>1 0 0 0 1 0 0 0 1 -1.9013 1.84858 -1.29346</i>
                        <i>1 0 0 0 1 0 0 0 1 -1.90149 1.8484 -1.29349</i>
                        <i>1 0 0 0 1 0 0 0 1 -1.90171 1.84822 -1.29353</i>
                        <i>1 0 0 0 1 0 0 0 1 -1.90193 1.84803 -1.29357</i>
                        <i>1 0 0 0 1 0 0 0 1 -1.90216 1.84784 -1.29362</i>
                        <i>1 0 0 0 1 0 0 0 1 -1.90238 1.84765 -1.29365</i>
                        <i>1 0 0 0 1 0 0 0 1 -1.90256 1.84745 -1.29369</i>
                        <i>1 0 0 0 1 0 0 0 1 -1.90272 1.84725 -1.29372</i>
                        <i>1 0 0 0 1 0 0 0 1 -1.90282 1.84705 -1.29373</i>
                        <i>1 0 0 0 1 0 0 0 1 -1.90285 1.84684 -1.29374</i>
                        <i>1 0 0 0 1 0 0 0 1 -1.90281 1.84663 -1.29373</i>
                        <i>1 0 0 0 1 0 0 0 1 -1.90268 1.84642 -1.29371</i>
                        <i>1 0 0 0 1 0 0 0 1 -1.90245 1.84621 -1.29367</i>
                        <i>1 0 0 0 1 0 0 0 1 -1.9021 1.846 -1.29361</i>
                        <i>1 0 0 0 1 0 0 0 1 -1.90163 1.84578 -1.29352</i>
                        <i>1 0 0 0 1 0 0 0 1 -1.90102 1.84557 -1.29341</i>
                        <i>1 0 0 0 1 0 0 0 1 -1.90015 1.84539 -1.29338</i>
                        <i>1 0 0 0 1 0 0 0 1 -1.89894 1.84529 -1.29354</i>
                        <i>1 0 0 0 1 0 0 0 1 -1.89744 1.84525 -1.29385</i>
                        <i>1 0 0 0 1 0 0 0 1 -1.89571 1.84526 -1.2943</i>
                        <i>1 0 0 0 1 0 0 0 1 -1.89379 1.84532 -1.29486</i>
                        <i>1 0 0 0 1 0 0 0 1 -1.89174 1.84542 -1.29551</i>
                        <i>1 0 0 0 1 0 0 0 1 -1.8896 1.84554 -1.29622</i>
                        <i>1 0 0 0 1 0 0 0 1 -1.88743 1.84568 -1.29698</i>
                        <i>1 0 0 0 1 0 0 0 1 -1.88527 1.84583 -1.29776</i>
                        <i>1 0 0 0 1 0 0 0 1 -1.88318 1.84597 -1.29853</i>
                        <i>1 0 0 0 1 0 0 0 1 -1.8812 1.84611 -1.29927</i>
                        <i>1 0 0 0 1 0 0 0 1 -1.87939 1.84624 -1.29997</i>
                        <i>1 0 0 0 1 0 0 0 1 -1.8778 1.84633 -1.30059</i>
                        <i>1 0 0 0 1 0 0 0 1 -1.87647 1.84639 -1.30111</i>
                        <i>1 0 0 0 1 0 0 0 1 -1.87546 1.84641 -1.30151</i>
                        <i>1 0 0 0 1 0 0 0 1 -1.87482 1.84637 -1.30177</i>
                        <i>1 0 0 0 1 0 0 0 1 -1.87459 1.84627 -1.30186</i>
                        <i>1 0 0 0 1 0 0 0 1 -1.87481 1.84607 -1.30179</i>
                        <i>1 0 0 0 1 0 0 0 1 -1.87545 1.84578 -1.30158</i>
                        <i>1 0 0 0 1 0 0 0 1 -1.87644 1.84541 -1.30126</i>
                        <i>1 0 0 0 1 0 0 0 1 -1.87774 1.84498 -1.30083</i>
                        <i>1 0 0 0 1 0 0 0 1 -1.87931 1.8445 -1.30032</i>
                        <i>1 0 0 0 1 0 0 0 1 -1.8811 1.84399 -1.29974</i>
                        <i>1 0 0 0 1 0 0 0 1 -1.88305 1.84347 -1.29911</i>
                        <i>1 0 0 0 1 0 0 0 1 -1.88512 1.84296 -1.29844</i>
                        <i>1 0 0 0 1 0 0 0 1 -1.88726 1.84248 -1.29775</i>
                        <i>1 0 0 0 1 0 0 0 1 -1.88942 1.84204 -1.29705</i>
                        <i>1 0 0 0 1 0 0 0 1 -1.89155 1.84165 -1.29637</i>
                        <i>1 0 0 0 1 0 0 0 1 -1.89361 1.84135 -1.29571</i>
                        <i>1 0 0 0 1 0 0 0 1 -1.89554 1.84114 -1.2951</i>
                        <i>1 0 0 0 1 0 0 0 1 -1.89729 1.84105 -1.29455</i>
                        <i>1 0 0 0 1 0 0 0 1 -1.89882 1.8411 -1.29407</i>
                        <i>1 0 0 0 1 0 0 0 1 -1.90008 1.84131 -1.29368</i>
                        <i>1 0 0 0 1 0 0 0 1 -1.90102 1.84169 -1.29341</i>
                        <i>1 0 0 0 1 0 0 0 1 -1.90172 1.84227 -1.29321</i>
                        <i>1 0 0 0 1 0 0 0 1 -1.9023 1.84305 -1.29307</i>
                        <i>1 0 0 0 1 0 0 0 1 -1.90278 1.84399 -1.29296</i>
                        <i>1 0 0 0 1 0 0 0 1 -1.90315 1.84507 -1.29289</i>
                        <i>1 0 0 0 1 0 0 0 1 -1.90344 1.84628 -1.29286</i>
                        <i>1 0 0 0 1 0 0 0 1 -1.90364 1.8476 -1.29285</i>
                        <i>1 0 0 0 1 0 0 0 1 -1.90377 1.84899 -1.29287</i>
                        <i>1 0 0 0 1 0 0 0 1 -1.90384 1.85044 -1.29292</i>
                        <i>1 0 0 0 1 0 0 0 1 -1.90385 1.85192 -1.29298</i>
                        <i>1 0 0 0 1 0 0 0 1 -1.90381 1.85342 -1.29306</i>
                        <i>1 0 0 0 1 0 0 0 1 -1.90373 1.85491 -1.29315</i>
                        <i>1 0 0 0 1 0 0 0 1 -1.90363 1.85636 -1.29324</i>
                        <i>1 0 0 0 1 0 0 0 1 -1.9035 1.85776 -1.29334</i>
                        <i>1 0 0 0 1 0 0 0 1 -1.90337 1.85909 -1.29344</i>
                        <i>1 0 0 0 1 0 0 0 1 -1.90323 1.86031 -1.29353</i>
                        <i>1 0 0 0 1 0 0 0 1 -1.90309 1.86141 -1.29362</i>
                        <i>1 0 0 0 1 0 0 0 1 -1.90297 1.86237 -1.29369</i>
                        <i>1 0 0 0 1 0 0 0 1 -1.90288 1.86316 -1.29375</i>
                        <i>1 0 0 0 1 0 0 0 1 -1.90281 1.86376 -1.29379</i>
                        <i>1 0 0 0 1 0 0 0 1 -1.90279 1.86415 -1.2938</i>
                        <i>1 0 0 0 1 0 0 0 1 -1.90278 1.86434 -1.2938</i>
                        <i>1 0 0 0 1 0 0 0 1 -1.90275 1.86436 -1.2938</i>
                        <i>1 0 0 0 1 0 0 0 1 -1.90271 1.86424 -1.2938</i>
                        <i>1 0 0 0 1 0 0 0 1 -1.90266 1.86397 -1.29379</i>
                        <i>1 0 0 0 1 0 0 0 1 -1.90259 1.86358 -1.29379</i>
                        <i>1 0 0 0 1 0 0 0 1 -1.90251 1.86307 -1.29379</i>
                        <i>1 0 0 0 1 0 0 0 1 -1.90242 1.86247 -1.29378</i>
                        <i>1 0 0 0 1 0 0 0 1 -1.90233 1.86177 -1.29378</i>
                        <i>1 0 0 0 1 0 0 0 1 -1.90222 1.861 -1.29377</i>
                        <i>1 0 0 0 1 0 0 0 1 -1.90212 1.86017 -1.29376</i>
                        <i>1 0 0 0 1 0 0 0 1 -1.90201 1.85929 -1.29375</i>
                        <i>1 0 0 0 1 0 0 0 1 -1.9019 1.85837 -1.29374</i>
                        <i>1 0 0 0 1 0 0 0 1 -1.90178 1.85742 -1.29372</i>
                        <i>1 0 0 0 1 0 0 0 1 -1.90168 1.85647 -1.29371</i>
                        <i>1 0 0 0 1 0 0 0 1 -1.90157 1.85551 -1.29369</i>
                        <i>1 0 0 0 1 0 0 0 1 -1.90147 1.85457 -1.29367</i>
                        <i>1 0 0 0 1 0 0 0 1 -1.90137 1.85366 -1.29365</i>
                        <i>1 0 0 0 1 0 0 0 1 -1.90129 1.85279 -1.29362</i>
                        <i>1 0 0 0 1 0 0 0 1 -1.90121 1.85196 -1.29359</i>
                        <i>1 0 0 0 1 0 0 0 1 -1.90114 1.8512 -1.29356</i>
                        <i>1 0 0 0 1 0 0 0 1 -1.90109 1.85052 -1.29353</i>
                        <i>1 0 0 0 1 0 0 0 1 -1.90105 1.84993 -1.29349</i>
                        <i>1 0 0 0 1 0 0 0 1 -1.90102 1.84945 -1.29345</i>
                        <i>1 0 0 0 1 0 0 0 1 -1.90102 1.84908 -1.29341</i>
                    </KeyFrames>
                </p>
            </i>
            <i>
                <p>
                    <Name><![CDATA[spine0]]></Name>
                    <Exclude>0</Exclude>
                    <Additive>0</Additive>
                    <IKPriority>0</IKPriority>
                    <IKRotLimits>-1e+010 -1e+010 -1e+010 1e+010 1e+010 1e+010</IKRotLimits>
                    <IKRotLimitOrder>0</IKRotLimitOrder>
                    <KeyFrames count="97">
                        <i>0.00746025 0.734919 0.678113 -0.99532 0.0707946 -0.0657751 -0.0963461 -0.674449 0.732008 -1.9099 1.98904 -1.32544</i>
                        <i>0.00767659 0.734686 0.678364 -0.995301 0.071097 -0.0657367 -0.0965255 -0.674672 0.731779 -1.90994 1.98888 -1.32545</i>
                        <i>0.00862586 0.734414 0.678647 -0.995225 0.072294 -0.065585 -0.0972286 -0.674841 0.73153 -1.91003 1.98872 -1.32547</i>
                        <i>0.0102215 0.734109 0.678954 -0.995095 0.0742799 -0.065333 -0.0983942 -0.674956 0.731268 -1.91018 1.98855 -1.32549</i>
                        <i>0.0123768 0.733776 0.679279 -0.994914 0.0769485 -0.0649941 -0.0999606 -0.67502 0.730997 -1.91036 1.98837 -1.32553</i>
                        <i>0.0150051 0.733418 0.679612 -0.994685 0.0801937 -0.0645812 -0.101866 -0.675031 0.730724 -1.91056 1.98819 -1.32556</i>
                        <i>0.0180195 0.73304 0.679947 -0.994409 0.0839088 -0.0641076 -0.104047 -0.67499 0.730454 -1.91078 1.988 -1.3256</i>
                        <i>0.0213332 0.732646 0.680276 -0.99409 0.0879872 -0.0635865 -0.106442 -0.674899 0.730193 -1.911 1.98781 -1.32564</i>
                        <i>0.0248594 0.732241 0.680592 -0.993732 0.0923224 -0.0630313 -0.108988 -0.674759 0.729946 -1.9112 1.98762 -1.32568</i>
                        <i>0.0285113 0.731831 0.680889 -0.993342 0.0968076 -0.0624556 -0.111622 -0.674575 0.729718 -1.91138 1.98742 -1.32571</i>
                        <i>0.0322022 0.731423 0.681163 -0.992926 0.101337 -0.0618728 -0.114282 -0.674352 0.729513 -1.91153 1.98722 -1.32574</i>
                        <i>0.0358456 0.731026 0.681407 -0.992496 0.105803 -0.0612969 -0.116905 -0.674097 0.729333 -1.91162 1.98702 -1.32576</i>
                        <i>0.0393551 0.730648 0.681619 -0.992063 0.110101 -0.0607416 -0.119428 -0.673818 0.729182 -1.91166 1.98682 -1.32576</i>
                        <i>0.0426442 0.730299 0.681796 -0.991639 0.114126 -0.0602209 -0.12179 -0.673527 0.72906 -1.91162 1.98661 -1.32576</i>
                        <i>0.0456271 0.729989 0.681934 -0.991242 0.117772 -0.0597488 -0.123929 -0.673235 0.728969 -1.9115 1.9864 -1.32573</i>
                        <i>0.0482177 0.72973 0.682033 -0.990885 0.120935 -0.0593394 -0.125783 -0.672955 0.72891 -1.91127 1.98618 -1.32569</i>
                        <i>0.0503302 0.729534 0.68209 -0.990588 0.123509 -0.0590067 -0.127292 -0.6727 0.728884 -1.91094 1.98597 -1.32563</i>
                        <i>0.0518785 0.729412 0.682105 -0.990365 0.125392 -0.0587649 -0.128394 -0.672484 0.72889 -1.91049 1.98575 -1.32555</i>
                        <i>0.0527767 0.729376 0.682074 -0.990235 0.126478 -0.058628 -0.129029 -0.67232 0.728929 -1.9099 1.98554 -1.32544</i>
                        <i>0.0527016 0.729275 0.682188 -0.990243 0.126415 -0.058641 -0.129004 -0.672441 0.728822 -1.90906 1.98536 -1.32542</i>
                        <i>0.0514229 0.728976 0.682605 -0.990416 0.124957 -0.0588347 -0.128186 -0.673038 0.728415 -1.9079 1.98525 -1.32558</i>
                        <i>0.0489938 0.728511 0.68328 -0.990744 0.122156 -0.0592022 -0.126596 -0.674054 0.727753 -1.90647 1.9852 -1.3259</i>
                        <i>0.045468 0.727911 0.684162 -0.991208 0.11806 -0.0597361 -0.124255 -0.675431 0.726879 -1.9048 1.98521 -1.32636</i>
                        <i>0.0410486 0.727153 0.685247 -0.991767 0.11291 -0.0604044 -0.121294 -0.677126 0.725802 -1.90296 1.98526 -1.32693</i>
                        <i>0.0359942 0.726218 0.686522 -0.992375 0.107009 -0.0611667 -0.117885 -0.679085 0.724532 -1.90098 1.98535 -1.32758</i>
                        <i>0.0304411 0.725137 0.687932 -0.993002 0.100508 -0.062003 -0.114103 -0.681231 0.723122 -1.89893 1.98547 -1.32831</i>
                        <i>0.0245261 0.723944 0.689423 -0.993626 0.0935565 -0.0628931 -0.110031 -0.683485 0.721624 -1.89684 1.9856 -1.32907</i>
                        <i>0.0183854 0.722677 0.690942 -0.994222 0.0863085 -0.0638171 -0.105753 -0.685777 0.720088 -1.89476 1.98574 -1.32985</i>
                        <i>0.0121556 0.721373 0.69244 -0.994776 0.0789201 -0.0647547 -0.10136 -0.688035 0.718564 -1.89275 1.98588 -1.33063</i>
                        <i>0.00597247 0.720075 0.69387 -0.995272 0.0715503 -0.0656857 -0.0969452 -0.690197 0.717098 -1.89085 1.98602 -1.33138</i>
                        <i>-2.84959e-005 0.718828 0.695188 -0.995703 0.0643606 -0.06659 -0.0926095 -0.692202 0.715737 -1.8891 1.98613 -1.33208</i>
                        <i>-0.00571239 0.717678 0.696352 -0.996064 0.0575151 -0.0674475 -0.0884563 -0.693996 0.714524 -1.88757 1.98622 -1.3327</i>
                        <i>-0.010945 0.716674 0.697323 -0.996355 0.0511793 -0.068238 -0.0845929 -0.695528 0.713502 -1.88629 1.98628 -1.33323</i>
                        <i>-0.0155925 0.715868 0.698062 -0.996582 0.0455201 -0.0689417 -0.081129 -0.696751 0.712711 -1.88532 1.98629 -1.33363</i>
                        <i>-0.0195217 0.715312 0.698533 -0.996748 0.0407051 -0.0695388 -0.0781758 -0.697619 0.712191 -1.8847 1.98625 -1.33389</i>
                        <i>-0.0225995 0.715059 0.698699 -0.996864 0.0369017 -0.0700094 -0.075844 -0.69809 0.711982 -1.88449 1.98615 -1.33398</i>
                        <i>-0.0247359 0.715152 0.698531 -0.996936 0.0342233 -0.0703404 -0.0742101 -0.698131 0.712114 -1.8847 1.98595 -1.33391</i>
                        <i>-0.0259849 0.715581 0.698046 -0.996976 0.0326083 -0.07054 -0.0732392 -0.697768 0.71257 -1.8853 1.98567 -1.3337</i>
                        <i>-0.0264285 0.716318 0.697274 -0.996991 0.0319591 -0.0706206 -0.072871 -0.697042 0.713318 -1.88626 1.9853 -1.33338</i>
                        <i>-0.0261489 0.717331 0.696241 -0.996986 0.0321758 -0.0705945 -0.0730417 -0.695989 0.714328 -1.88751 1.98487 -1.33295</i>
                        <i>-0.0252279 0.71859 0.694976 -0.996962 0.0331573 -0.0704741 -0.0736856 -0.694643 0.715571 -1.88901 1.9844 -1.33243</i>
                        <i>-0.0237476 0.720062 0.693503 -0.996921 0.0348016 -0.0702719 -0.0747351 -0.693036 0.717018 -1.89073 1.9839 -1.33185</i>
                        <i>-0.02179 0.721713 0.691849 -0.99686 0.0370063 -0.0700001 -0.0761228 -0.691202 0.718641 -1.8926 1.98338 -1.33121</i>
                        <i>-0.0194374 0.72351 0.69004 -0.996781 0.0396693 -0.0696712 -0.0777812 -0.689173 0.72041 -1.89459 1.98288 -1.33053</i>
                        <i>-0.016772 0.72542 0.688102 -0.996682 0.0426888 -0.0692974 -0.079644 -0.686981 0.722297 -1.89664 1.9824 -1.32983</i>
                        <i>-0.0138764 0.72741 0.686063 -0.996565 0.0459642 -0.068891 -0.0816463 -0.684662 0.724273 -1.89872 1.98197 -1.32913</i>
                        <i>-0.0108331 0.729448 0.683951 -0.99643 0.0493958 -0.0684641 -0.0837253 -0.682251 0.726309 -1.90077 1.98159 -1.32844</i>
                        <i>-0.00772485 0.731502 0.681795 -0.996281 0.0528852 -0.0680289 -0.0858202 -0.679785 0.728373 -1.90274 1.98129 -1.32778</i>
                        <i>-0.00463428 0.733543 0.679627 -0.996121 0.0563357 -0.0675973 -0.0878728 -0.677304 0.730437 -1.9046 1.98109 -1.32716</i>
                        <i>-0.00171339 0.735652 0.677357 -0.995961 0.0595497 -0.0671941 -0.0897679 -0.674736 0.732579 -1.90629 1.98101 -1.3266</i>
                        <i>0.000862384 0.737882 0.674929 -0.995816 0.0623077 -0.066847 -0.0913785 -0.672047 0.734848 -1.90777 1.98106 -1.32612</i>
                        <i>0.00297567 0.74016 0.672424 -0.995696 0.0644828 -0.0665722 -0.0926338 -0.669331 0.737167 -1.90899 1.98128 -1.32573</i>
                        <i>0.00450983 0.742418 0.669922 -0.995612 0.065951 -0.0663856 -0.0934678 -0.666683 0.739457 -1.9099 1.98166 -1.32544</i>
                        <i>0.00564264 0.744622 0.667463 -0.995555 0.0669375 -0.0662593 -0.0940164 -0.664122 0.74169 -1.91059 1.98224 -1.32525</i>
                        <i>0.00663538 0.746782 0.665035 -0.995506 0.0677578 -0.066154 -0.094464 -0.661608 0.743876 -1.91116 1.98302 -1.3251</i>
                        <i>0.00749716 0.748892 0.662649 -0.995466 0.0684252 -0.0660681 -0.0948199 -0.659149 0.74601 -1.91162 1.98396 -1.32499</i>
                        <i>0.00823703 0.750945 0.660313 -0.995434 0.0689532 -0.066 -0.0950931 -0.656755 0.748085 -1.91198 1.98505 -1.32492</i>
                        <i>0.00886393 0.752933 0.658037 -0.99541 0.0693547 -0.0659479 -0.0952924 -0.654432 0.750092 -1.91226 1.98626 -1.32488</i>
                        <i>0.00938676 0.75485 0.65583 -0.995392 0.0696424 -0.0659104 -0.0954261 -0.65219 0.752025 -1.91245 1.98757 -1.32487</i>
                        <i>0.00981437 0.756687 0.653703 -0.995381 0.0698291 -0.0658858 -0.0955024 -0.650037 0.753878 -1.91257 1.98897 -1.32489</i>
                        <i>0.0101555 0.758439 0.651665 -0.995375 0.0699271 -0.0658725 -0.0955293 -0.647982 0.755641 -1.91263 1.99042 -1.32494</i>
                        <i>0.010419 0.760096 0.649728 -0.995374 0.0699488 -0.065869 -0.0955144 -0.646035 0.757308 -1.91264 1.9919 -1.325</i>
                        <i>0.0106136 0.761651 0.647901 -0.995376 0.0699063 -0.0658738 -0.0954651 -0.644206 0.758871 -1.91259 1.9934 -1.32507</i>
                        <i>0.010748 0.763097 0.646195 -0.995382 0.0698117 -0.0658852 -0.0953887 -0.642503 0.760323 -1.91252 1.99489 -1.32516</i>
                        <i>0.0108309 0.764425 0.644621 -0.99539 0.0696769 -0.0659019 -0.0952923 -0.640936 0.761656 -1.91241 1.99634 -1.32526</i>
                        <i>0.0108711 0.765628 0.643191 -0.9954 0.0695137 -0.0659222 -0.0951825 -0.639516 0.762863 -1.91228 1.99774 -1.32536</i>
                        <i>0.0108771 0.766698 0.641916 -0.995412 0.0693339 -0.0659448 -0.0950663 -0.638253 0.763934 -1.91214 1.99906 -1.32545</i>
                        <i>0.0108578 0.767626 0.640806 -0.995423 0.0691493 -0.0659681 -0.0949501 -0.637157 0.764863 -1.912 2.00029 -1.32555</i>
                        <i>0.0108217 0.768404 0.639873 -0.995434 0.0689715 -0.0659906 -0.0948405 -0.636237 0.765642 -1.91187 2.00139 -1.32563</i>
                        <i>0.0107777 0.769024 0.639129 -0.995443 0.068812 -0.0660109 -0.0947437 -0.635505 0.766262 -1.91175 2.00234 -1.32571</i>
                        <i>0.0107344 0.769477 0.638584 -0.995451 0.0686826 -0.0660275 -0.0946662 -0.634971 0.766714 -1.91166 2.00313 -1.32576</i>
                        <i>0.0107004 0.769755 0.63825 -0.995457 0.0685947 -0.0660389 -0.0946143 -0.634643 0.766992 -1.9116 2.00374 -1.3258</i>
                        <i>0.0106846 0.769849 0.638136 -0.995459 0.06856 -0.0660437 -0.0945943 -0.634532 0.767086 -1.91158 2.00412 -1.32582</i>
                        <i>0.0106689 0.769739 0.63827 -0.995458 0.0685614 -0.066044 -0.0945973 -0.634666 0.766975 -1.91157 2.00431 -1.32582</i>
                        <i>0.0106311 0.769417 0.638659 -0.995458 0.0685736 -0.066043 -0.0946097 -0.635055 0.766651 -1.91155 2.00434 -1.32582</i>
                        <i>0.0105726 0.768897 0.639286 -0.995456 0.0685963 -0.0660407 -0.0946311 -0.635683 0.766128 -1.91151 2.00421 -1.32582</i>
                        <i>0.0104953 0.768192 0.640134 -0.995454 0.068629 -0.0660372 -0.094661 -0.636531 0.76542 -1.91146 2.00395 -1.32581</i>
                        <i>0.0104006 0.767315 0.641186 -0.995452 0.0686712 -0.0660325 -0.0946988 -0.637583 0.764539 -1.9114 2.00355 -1.32581</i>
                        <i>0.0102902 0.766279 0.642425 -0.995448 0.0687225 -0.0660268 -0.094744 -0.638822 0.763499 -1.91132 2.00305 -1.32581</i>
                        <i>0.0101657 0.765098 0.643833 -0.995445 0.0687823 -0.0660199 -0.0947961 -0.64023 0.762312 -1.91124 2.00244 -1.32581</i>
                        <i>0.0100288 0.763784 0.645394 -0.995441 0.0688504 -0.0660121 -0.0948546 -0.641789 0.760992 -1.91115 2.00175 -1.3258</i>
                        <i>0.00988096 0.762351 0.647089 -0.995436 0.0689261 -0.0660033 -0.0949189 -0.643483 0.759552 -1.91105 2.00097 -1.3258</i>
                        <i>0.00972389 0.76081 0.648902 -0.995431 0.0690091 -0.0659935 -0.0949887 -0.645296 0.758005 -1.91095 2.00014 -1.32579</i>
                        <i>0.00955918 0.759174 0.650817 -0.995425 0.0690991 -0.0659829 -0.0950634 -0.647209 0.756362 -1.91085 1.99926 -1.32578</i>
                        <i>0.0093884 0.757457 0.652817 -0.995419 0.0691956 -0.0659715 -0.0951427 -0.649208 0.754637 -1.91074 1.99834 -1.32577</i>
                        <i>0.00921319 0.75567 0.654887 -0.995413 0.0692984 -0.0659592 -0.0952261 -0.651276 0.752843 -1.91063 1.99739 -1.32575</i>
                        <i>0.00903513 0.753827 0.657011 -0.995406 0.0694072 -0.0659462 -0.0953133 -0.653397 0.750991 -1.91053 1.99644 -1.32574</i>
                        <i>0.00885586 0.751938 0.659174 -0.995399 0.0695217 -0.0659324 -0.095404 -0.655558 0.749094 -1.91043 1.99548 -1.32572</i>
                        <i>0.008677 0.750017 0.661362 -0.995392 0.0696418 -0.0659179 -0.095498 -0.657742 0.747165 -1.91033 1.99454 -1.3257</i>
                        <i>0.00850018 0.748075 0.663559 -0.995384 0.0697673 -0.0659026 -0.0955949 -0.659936 0.745215 -1.91024 1.99363 -1.32568</i>
                        <i>0.00832704 0.746125 0.665753 -0.995376 0.0698981 -0.0658866 -0.0956946 -0.662126 0.743257 -1.91016 1.99275 -1.32566</i>
                        <i>0.00815925 0.744179 0.667931 -0.995367 0.0700342 -0.0658699 -0.095797 -0.664299 0.741303 -1.91008 1.99193 -1.32563</i>
                        <i>0.00799849 0.742248 0.670078 -0.995359 0.0701755 -0.0658525 -0.0959019 -0.666441 0.739364 -1.91002 1.99117 -1.3256</i>
                        <i>0.00784646 0.740344 0.672182 -0.99535 0.0703221 -0.0658343 -0.0960093 -0.668539 0.737453 -1.90997 1.99049 -1.32556</i>
                        <i>0.00770489 0.73848 0.674231 -0.99534 0.0704741 -0.0658153 -0.0961191 -0.670582 0.735582 -1.90993 1.9899 -1.32553</i>
                        <i>0.00757555 0.736668 0.676212 -0.99533 0.0706315 -0.0657956 -0.0962314 -0.672556 0.733763 -1.90991 1.98942 -1.32549</i>
                        <i>0.00746025 0.734919 0.678113 -0.99532 0.0707946 -0.0657751 -0.0963461 -0.674449 0.732008 -1.9099 1.98904 -1.32544</i>
                    </KeyFrames>
                </p>
            </i>
            <i>
                <p>
                    <Name><![CDATA[spine1]]></Name>
                    <Exclude>0</Exclude>
                    <Additive>0</Additive>
                    <IKPriority>0</IKPriority>
                    <IKRotLimits>-1e+010 -1e+010 -1e+010 1e+010 1e+010 1e+010</IKRotLimits>
                    <IKRotLimitOrder>0</IKRotLimitOrder>
                    <KeyFrames count="97">
                        <i>0.103173 0.438389 0.892844 -0.994663 0.0460744 0.0923166 -0.000666695 -0.897604 0.440803 -1.90859 2.1184 -1.20612</i>
                        <i>0.103515 0.438042 0.892975 -0.994627 0.0466994 0.0923911 -0.0012302 -0.897741 0.440522 -1.90858 2.1182 -1.20608</i>
                        <i>0.10494 0.437647 0.893002 -0.994473 0.0493011 0.0927024 -0.00345506 -0.897794 0.440402 -1.90851 2.11801 -1.20603</i>
                        <i>0.107322 0.437211 0.892932 -0.994199 0.0536545 0.0932223 -0.00715194 -0.897757 0.440433 -1.90837 2.11781 -1.20598</i>
                        <i>0.110537 0.43674 0.892771 -0.993798 0.059532 0.0939222 -0.0121288 -0.897616 0.440612 -1.90817 2.11761 -1.20592</i>
                        <i>0.114457 0.43624 0.892521 -0.993262 0.0667044 0.0947727 -0.0181915 -0.897355 0.440935 -1.90792 2.11741 -1.20586</i>
                        <i>0.118958 0.435714 0.89219 -0.992581 0.0749411 0.0957445 -0.0251444 -0.89696 0.441396 -1.9076 2.11721 -1.2058</i>
                        <i>0.123913 0.43517 0.89178 -0.991751 0.0840107 0.0968086 -0.0327909 -0.89642 0.44199 -1.90723 2.11701 -1.20572</i>
                        <i>0.129198 0.434614 0.891302 -0.990773 0.0936818 0.0979363 -0.0409342 -0.895731 0.442708 -1.90682 2.11681 -1.20565</i>
                        <i>0.134689 0.434053 0.890762 -0.989657 0.103724 0.0990995 -0.0493786 -0.894896 0.443534 -1.90635 2.1166 -1.20557</i>
                        <i>0.140262 0.433497 0.890172 -0.988418 0.113908 0.100271 -0.0579302 -0.893927 0.444453 -1.90584 2.1164 -1.20548</i>
                        <i>0.145795 0.432955 0.889547 -0.987084 0.124007 0.101425 -0.0663979 -0.892845 0.445442 -1.90529 2.1162 -1.20539</i>
                        <i>0.151168 0.432438 0.888902 -0.985689 0.1338 0.102536 -0.0745947 -0.891681 0.446475 -1.9047 2.11599 -1.2053</i>
                        <i>0.156262 0.431957 0.888254 -0.984278 0.143067 0.103581 -0.0823376 -0.890474 0.447522 -1.90407 2.11579 -1.2052</i>
                        <i>0.160958 0.431528 0.887624 -0.9829 0.151594 0.104536 -0.0894483 -0.889271 0.448549 -1.90342 2.11558 -1.2051</i>
                        <i>0.165139 0.431162 0.887034 -0.981611 0.159169 0.105379 -0.095753 -0.888124 0.449518 -1.90274 2.11537 -1.20499</i>
                        <i>0.16869 0.430875 0.886505 -0.980473 0.165586 0.10609 -0.101081 -0.88709 0.450393 -1.90203 2.11516 -1.20489</i>
                        <i>0.171494 0.43068 0.886061 -0.979545 0.170638 0.106647 -0.105265 -0.886226 0.451134 -1.9013 2.11495 -1.20478</i>
                        <i>0.173435 0.430594 0.885725 -0.97889 0.174122 0.107029 -0.108138 -0.885591 0.451703 -1.90055 2.11473 -1.20467</i>
                        <i>0.174088 0.430449 0.885667 -0.978662 0.175318 0.10716 -0.109147 -0.885425 0.451785 -1.89973 2.11454 -1.20463</i>
                        <i>0.173137 0.430099 0.886024 -0.978971 0.173697 0.106983 -0.107886 -0.885914 0.451128 -1.89879 2.11439 -1.20471</i>
                        <i>0.170627 0.429583 0.886761 -0.97979 0.169318 0.106503 -0.104393 -0.887012 0.449791 -1.89778 2.11427 -1.20489</i>
                        <i>0.166602 0.428935 0.887839 -0.981073 0.162228 0.105721 -0.0986853 -0.888649 0.447844 -1.89674 2.1142 -1.20517</i>
                        <i>0.161329 0.428118 0.889207 -0.982684 0.152883 0.104681 -0.0911291 -0.890698 0.445369 -1.89568 2.11414 -1.20553</i>
                        <i>0.155158 0.427095 0.890795 -0.984463 0.14189 0.103443 -0.0822144 -0.893005 0.442474 -1.8946 2.11408 -1.20594</i>
                        <i>0.148261 0.425905 0.892538 -0.986314 0.129516 0.102036 -0.0721401 -0.89545 0.439278 -1.89353 2.11403 -1.20638</i>
                        <i>0.140811 0.424588 0.89437 -0.988148 0.11604 0.100488 -0.0611168 -0.89792 0.435896 -1.89248 2.11399 -1.20685</i>
                        <i>0.13298 0.423186 0.896231 -0.989888 0.101753 0.09883 -0.0493706 -0.900311 0.432438 -1.8915 2.11394 -1.20733</i>
                        <i>0.12494 0.421742 0.898067 -0.991469 0.0869584 0.0970972 -0.0371444 -0.902536 0.429009 -1.89059 2.11389 -1.20781</i>
                        <i>0.116865 0.420305 0.899826 -0.992841 0.0719748 0.0953258 -0.0246989 -0.904524 0.425707 -1.88978 2.11382 -1.20827</i>
                        <i>0.108928 0.418922 0.901465 -0.993973 0.0571329 0.0935556 -0.0123109 -0.906223 0.422621 -1.88911 2.11375 -1.2087</i>
                        <i>0.101302 0.417646 0.902945 -0.994856 0.0427747 0.0918286 -0.00027134 -0.907603 0.41983 -1.88858 2.11367 -1.20909</i>
                        <i>0.0941598 0.416531 0.904232 -0.995495 0.02925 0.0901893 0.0111178 -0.908651 0.417408 -1.88823 2.11356 -1.20943</i>
                        <i>0.0876731 0.415632 0.905297 -0.995916 0.0169143 0.0886835 0.0215472 -0.909375 0.415418 -1.88809 2.11344 -1.20969</i>
                        <i>0.0820137 0.415008 0.906114 -0.996158 0.00612505 0.0873585 0.0307045 -0.909797 0.413916 -1.88817 2.1133 -1.20988</i>
                        <i>0.0773531 0.414718 0.906656 -0.996269 -0.00276135 0.0862617 0.0382779 -0.909946 0.412957 -1.8885 2.11312 -1.20996</i>
                        <i>0.0737982 0.414833 0.9069 -0.996299 -0.00951426 0.085425 0.0440656 -0.909848 0.412596 -1.88909 2.11291 -1.20996</i>
                        <i>0.0712854 0.415365 0.906857 -0.996293 -0.0142401 0.0848381 0.0481525 -0.909543 0.412811 -1.88991 2.11265 -1.20988</i>
                        <i>0.0697308 0.41628 0.906559 -0.996278 -0.0170974 0.0844828 0.0506683 -0.909076 0.413538 -1.89094 2.11236 -1.20975</i>
                        <i>0.0690505 0.41754 0.906031 -0.99627 -0.0182524 0.0843393 0.0517522 -0.908475 0.414722 -1.89214 2.11204 -1.20956</i>
                        <i>0.0691606 0.419107 0.905299 -0.996273 -0.0178765 0.0843865 0.0515506 -0.907761 0.416309 -1.89348 2.11173 -1.20933</i>
                        <i>0.0699773 0.420944 0.904383 -0.996284 -0.0161449 0.0846028 0.0502142 -0.906943 0.41825 -1.89493 2.11142 -1.20908</i>
                        <i>0.0714164 0.42301 0.903306 -0.996296 -0.0132348 0.084966 0.0478966 -0.906028 0.420498 -1.89645 2.11113 -1.2088</i>
                        <i>0.0733933 0.425265 0.902088 -0.996298 -0.00932429 0.0854539 0.0447519 -0.905021 0.423006 -1.89802 2.11087 -1.20851</i>
                        <i>0.0758233 0.427668 0.90075 -0.996281 -0.0045911 0.0860447 0.040934 -0.903924 0.42573 -1.8996 2.11066 -1.20822</i>
                        <i>0.078621 0.43018 0.899313 -0.996233 0.000788206 0.086717 0.036595 -0.902743 0.428621 -1.90117 2.11051 -1.20794</i>
                        <i>0.0817004 0.432758 0.8978 -0.996147 0.00663924 0.0874498 0.0318839 -0.901486 0.431633 -1.90268 2.11043 -1.20768</i>
                        <i>0.0849754 0.435363 0.896235 -0.996019 0.0127905 0.088223 0.0269457 -0.900164 0.434717 -1.9041 2.11044 -1.20745</i>
                        <i>0.0883591 0.437955 0.894644 -0.995847 0.0190742 0.089017 0.0219208 -0.898794 0.437822 -1.90541 2.11055 -1.20725</i>
                        <i>0.0916639 0.440658 0.892983 -0.995643 0.0251461 0.089793 0.0171129 -0.897323 0.441043 -1.90659 2.1108 -1.20713</i>
                        <i>0.0946626 0.443552 0.891235 -0.995426 0.0305919 0.0905042 0.0128788 -0.895726 0.444419 -1.90761 2.11123 -1.20709</i>
                        <i>0.0972094 0.446535 0.88947 -0.995219 0.0351521 0.0911195 0.00942137 -0.894075 0.447818 -1.90846 2.11185 -1.20714</i>
                        <i>0.0991589 0.449507 0.887756 -0.995048 0.0385811 0.0916077 0.00692769 -0.892443 0.451106 -1.9091 2.11264 -1.2073</i>
                        <i>0.100701 0.452381 0.886121 -0.994904 0.0412371 0.0920114 0.00508324 -0.890871 0.454229 -1.90959 2.11362 -1.20752</i>
                        <i>0.102127 0.455141 0.884543 -0.994765 0.0436456 0.0923946 0.0034461 -0.889349 0.457216 -1.90998 2.11478 -1.20779</i>
                        <i>0.103439 0.457782 0.883026 -0.994634 0.0458215 0.0927577 0.00200119 -0.887883 0.460065 -1.91029 2.1161 -1.2081</i>
                        <i>0.104643 0.460302 0.881573 -0.99451 0.0477792 0.0931009 0.000733683 -0.886476 0.462775 -1.91053 2.11755 -1.20845</i>
                        <i>0.105742 0.462697 0.880187 -0.994393 0.0495326 0.0934242 -0.000370831 -0.885131 0.465341 -1.91069 2.1191 -1.20882</i>
                        <i>0.106742 0.464964 0.878871 -0.994286 0.0510954 0.0937275 -0.00132631 -0.883854 0.467762 -1.91079 2.12075 -1.20921</i>
                        <i>0.107646 0.4671 0.877627 -0.994187 0.0524808 0.0940106 -0.00214621 -0.882646 0.470034 -1.91084 2.12245 -1.20961</i>
                        <i>0.108458 0.469101 0.876459 -0.994097 0.0537014 0.0942733 -0.00284338 -0.88151 0.472156 -1.91084 2.1242 -1.21003</i>
                        <i>0.109183 0.470963 0.87537 -0.994016 0.0547692 0.0945153 -0.00343011 -0.880451 0.474125 -1.9108 2.12596 -1.21045</i>
                        <i>0.109826 0.472684 0.874362 -0.993943 0.0556959 0.0947364 -0.00391807 -0.87947 0.475937 -1.91072 2.12771 -1.21086</i>
                        <i>0.110389 0.474258 0.873438 -0.993879 0.0564925 0.0949364 -0.00431834 -0.878572 0.477591 -1.91062 2.12943 -1.21127</i>
                        <i>0.110877 0.475683 0.872601 -0.993823 0.0571695 0.0951153 -0.0046414 -0.877757 0.479084 -1.9105 2.1311 -1.21166</i>
                        <i>0.111295 0.476955 0.871853 -0.993775 0.0577369 0.095273 -0.00489716 -0.877029 0.480412 -1.91036 2.1327 -1.21202</i>
                        <i>0.111646 0.47807 0.871197 -0.993735 0.0582042 0.0954095 -0.00509501 -0.876391 0.481573 -1.91022 2.13419 -1.21236</i>
                        <i>0.111934 0.479024 0.870636 -0.993702 0.0585807 0.0955249 -0.00524384 -0.875845 0.482564 -1.91009 2.13556 -1.21266</i>
                        <i>0.112164 0.479813 0.870172 -0.993675 0.0588751 0.0956194 -0.00535208 -0.875393 0.483381 -1.90996 2.13678 -1.21292</i>
                        <i>0.112339 0.480433 0.869807 -0.993655 0.0590958 0.0956932 -0.0054278 -0.875038 0.484023 -1.90985 2.13783 -1.21314</i>
                        <i>0.112464 0.480881 0.869543 -0.993641 0.0592512 0.0957466 -0.00547875 -0.874782 0.484486 -1.90976 2.13869 -1.2133</i>
                        <i>0.112542 0.481152 0.869383 -0.993632 0.0593491 0.0957799 -0.00551244 -0.874626 0.484767 -1.90971 2.13934 -1.2134</i>
                        <i>0.112578 0.481242 0.869328 -0.993627 0.0593976 0.0957934 -0.00553619 -0.874573 0.484863 -1.90969 2.13974 -1.21344</i>
                        <i>0.11255 0.481141 0.869388 -0.993631 0.0593658 0.0957795 -0.00552843 -0.874631 0.484758 -1.90969 2.13992 -1.21341</i>
                        <i>0.112438 0.480844 0.869567 -0.993644 0.0592236 0.0957327 -0.00546638 -0.874803 0.484447 -1.90967 2.13989 -1.21333</i>
                        <i>0.11225 0.480359 0.869859 -0.993666 0.0589802 0.0956559 -0.00535532 -0.875087 0.483937 -1.90964 2.13969 -1.21321</i>
