<?xml version="1.0" encoding="ISO-8859-1" ?>
<Animl Version="1">
    <ModellingPackage><![CDATA[Maya.2010]]></ModellingPackage>
    <SrcFile><![CDATA[anims\turrets\machinegun\blue\~src\mgun_m60\mgun_m60_idle_crewman_a.mb]]></SrcFile>
    <FramesPerSecond>30</FramesPerSecond>
    <TotalFrames>120</TotalFrames>
    <Skeleton>
        <RefFrame>
            <Name><![CDATA[soldier_ref_frame]]></Name>
            <Exclude>0</Exclude>
            <Additive>0</Additive>
            <IKPriority>0</IKPriority>
            <IKRotLimits>-1e+010 -1e+010 -1e+010 1e+010 1e+010 1e+010</IKRotLimits>
            <IKRotLimitOrder>0</IKRotLimitOrder>
            <KeyFrames count="120">
                <i>1 0 0 0 1 0 0 0 1 0 0.9 -1.98</i>
                <i>1 0 0 0 1 0 0 0 1 0 0.9 -1.98</i>
                <i>1 0 0 0 1 0 0 0 1 0 0.9 -1.98</i>
                <i>1 0 0 0 1 0 0 0 1 0 0.9 -1.98</i>
                <i>1 0 0 0 1 0 0 0 1 0 0.9 -1.98</i>
                <i>1 0 0 0 1 0 0 0 1 0 0.9 -1.98</i>
                <i>1 0 0 0 1 0 0 0 1 0 0.9 -1.98</i>
                <i>1 0 0 0 1 0 0 0 1 0 0.9 -1.98</i>
                <i>1 0 0 0 1 0 0 0 1 0 0.9 -1.98</i>
                <i>1 0 0 0 1 0 0 0 1 0 0.9 -1.98</i>
                <i>1 0 0 0 1 0 0 0 1 0 0.9 -1.98</i>
                <i>1 0 0 0 1 0 0 0 1 0 0.9 -1.98</i>
                <i>1 0 0 0 1 0 0 0 1 0 0.9 -1.98</i>
                <i>1 0 0 0 1 0 0 0 1 0 0.9 -1.98</i>
                <i>1 0 0 0 1 0 0 0 1 0 0.9 -1.98</i>
                <i>1 0 0 0 1 0 0 0 1 0 0.9 -1.98</i>
                <i>1 0 0 0 1 0 0 0 1 0 0.9 -1.98</i>
                <i>1 0 0 0 1 0 0 0 1 0 0.9 -1.98</i>
                <i>1 0 0 0 1 0 0 0 1 0 0.9 -1.98</i>
                <i>1 0 0 0 1 0 0 0 1 0 0.9 -1.98</i>
                <i>1 0 0 0 1 0 0 0 1 0 0.9 -1.98</i>
                <i>1 0 0 0 1 0 0 0 1 0 0.9 -1.98</i>
                <i>1 0 0 0 1 0 0 0 1 0 0.9 -1.98</i>
                <i>1 0 0 0 1 0 0 0 1 0 0.9 -1.98</i>
                <i>1 0 0 0 1 0 0 0 1 0 0.9 -1.98</i>
                <i>1 0 0 0 1 0 0 0 1 0 0.9 -1.98</i>
                <i>1 0 0 0 1 0 0 0 1 0 0.9 -1.98</i>
                <i>1 0 0 0 1 0 0 0 1 0 0.9 -1.98</i>
                <i>1 0 0 0 1 0 0 0 1 0 0.9 -1.98</i>
                <i>1 0 0 0 1 0 0 0 1 0 0.9 -1.98</i>
                <i>1 0 0 0 1 0 0 0 1 0 0.9 -1.98</i>
                <i>1 0 0 0 1 0 0 0 1 0 0.9 -1.98</i>
                <i>1 0 0 0 1 0 0 0 1 0 0.9 -1.98</i>
                <i>1 0 0 0 1 0 0 0 1 0 0.9 -1.98</i>
                <i>1 0 0 0 1 0 0 0 1 0 0.9 -1.98</i>
                <i>1 0 0 0 1 0 0 0 1 0 0.9 -1.98</i>
                <i>1 0 0 0 1 0 0 0 1 0 0.9 -1.98</i>
                <i>1 0 0 0 1 0 0 0 1 0 0.9 -1.98</i>
                <i>1 0 0 0 1 0 0 0 1 0 0.9 -1.98</i>
                <i>1 0 0 0 1 0 0 0 1 0 0.9 -1.98</i>
                <i>1 0 0 0 1 0 0 0 1 0 0.9 -1.98</i>
                <i>1 0 0 0 1 0 0 0 1 0 0.9 -1.98</i>
                <i>1 0 0 0 1 0 0 0 1 0 0.9 -1.98</i>
                <i>1 0 0 0 1 0 0 0 1 0 0.9 -1.98</i>
                <i>1 0 0 0 1 0 0 0 1 0 0.9 -1.98</i>
                <i>1 0 0 0 1 0 0 0 1 0 0.9 -1.98</i>
                <i>1 0 0 0 1 0 0 0 1 0 0.9 -1.98</i>
                <i>1 0 0 0 1 0 0 0 1 0 0.9 -1.98</i>
                <i>1 0 0 0 1 0 0 0 1 0 0.9 -1.98</i>
                <i>1 0 0 0 1 0 0 0 1 0 0.9 -1.98</i>
                <i>1 0 0 0 1 0 0 0 1 0 0.9 -1.98</i>
                <i>1 0 0 0 1 0 0 0 1 0 0.9 -1.98</i>
                <i>1 0 0 0 1 0 0 0 1 0 0.9 -1.98</i>
                <i>1 0 0 0 1 0 0 0 1 0 0.9 -1.98</i>
                <i>1 0 0 0 1 0 0 0 1 0 0.9 -1.98</i>
                <i>1 0 0 0 1 0 0 0 1 0 0.9 -1.98</i>
                <i>1 0 0 0 1 0 0 0 1 0 0.9 -1.98</i>
                <i>1 0 0 0 1 0 0 0 1 0 0.9 -1.98</i>
                <i>1 0 0 0 1 0 0 0 1 0 0.9 -1.98</i>
                <i>1 0 0 0 1 0 0 0 1 0 0.9 -1.98</i>
                <i>1 0 0 0 1 0 0 0 1 0 0.9 -1.98</i>
                <i>1 0 0 0 1 0 0 0 1 0 0.9 -1.98</i>
                <i>1 0 0 0 1 0 0 0 1 0 0.9 -1.98</i>
                <i>1 0 0 0 1 0 0 0 1 0 0.9 -1.98</i>
                <i>1 0 0 0 1 0 0 0 1 0 0.9 -1.98</i>
                <i>1 0 0 0 1 0 0 0 1 0 0.9 -1.98</i>
                <i>1 0 0 0 1 0 0 0 1 0 0.9 -1.98</i>
                <i>1 0 0 0 1 0 0 0 1 0 0.9 -1.98</i>
                <i>1 0 0 0 1 0 0 0 1 0 0.9 -1.98</i>
                <i>1 0 0 0 1 0 0 0 1 0 0.9 -1.98</i>
                <i>1 0 0 0 1 0 0 0 1 0 0.9 -1.98</i>
                <i>1 0 0 0 1 0 0 0 1 0 0.9 -1.98</i>
                <i>1 0 0 0 1 0 0 0 1 0 0.9 -1.98</i>
                <i>1 0 0 0 1 0 0 0 1 0 0.9 -1.98</i>
                <i>1 0 0 0 1 0 0 0 1 0 0.9 -1.98</i>
                <i>1 0 0 0 1 0 0 0 1 0 0.9 -1.98</i>
                <i>1 0 0 0 1 0 0 0 1 0 0.9 -1.98</i>
                <i>1 0 0 0 1 0 0 0 1 0 0.9 -1.98</i>
                <i>1 0 0 0 1 0 0 0 1 0 0.9 -1.98</i>
                <i>1 0 0 0 1 0 0 0 1 0 0.9 -1.98</i>
                <i>1 0 0 0 1 0 0 0 1 0 0.9 -1.98</i>
                <i>1 0 0 0 1 0 0 0 1 0 0.9 -1.98</i>
                <i>1 0 0 0 1 0 0 0 1 0 0.9 -1.98</i>
                <i>1 0 0 0 1 0 0 0 1 0 0.9 -1.98</i>
                <i>1 0 0 0 1 0 0 0 1 0 0.9 -1.98</i>
                <i>1 0 0 0 1 0 0 0 1 0 0.9 -1.98</i>
                <i>1 0 0 0 1 0 0 0 1 0 0.9 -1.98</i>
                <i>1 0 0 0 1 0 0 0 1 0 0.9 -1.98</i>
                <i>1 0 0 0 1 0 0 0 1 0 0.9 -1.98</i>
                <i>1 0 0 0 1 0 0 0 1 0 0.9 -1.98</i>
                <i>1 0 0 0 1 0 0 0 1 0 0.9 -1.98</i>
                <i>1 0 0 0 1 0 0 0 1 0 0.9 -1.98</i>
                <i>1 0 0 0 1 0 0 0 1 0 0.9 -1.98</i>
                <i>1 0 0 0 1 0 0 0 1 0 0.9 -1.98</i>
                <i>1 0 0 0 1 0 0 0 1 0 0.9 -1.98</i>
                <i>1 0 0 0 1 0 0 0 1 0 0.9 -1.98</i>
                <i>1 0 0 0 1 0 0 0 1 0 0.9 -1.98</i>
                <i>1 0 0 0 1 0 0 0 1 0 0.9 -1.98</i>
                <i>1 0 0 0 1 0 0 0 1 0 0.9 -1.98</i>
                <i>1 0 0 0 1 0 0 0 1 0 0.9 -1.98</i>
                <i>1 0 0 0 1 0 0 0 1 0 0.9 -1.98</i>
                <i>1 0 0 0 1 0 0 0 1 0 0.9 -1.98</i>
                <i>1 0 0 0 1 0 0 0 1 0 0.9 -1.98</i>
                <i>1 0 0 0 1 0 0 0 1 0 0.9 -1.98</i>
                <i>1 0 0 0 1 0 0 0 1 0 0.9 -1.98</i>
                <i>1 0 0 0 1 0 0 0 1 0 0.9 -1.98</i>
                <i>1 0 0 0 1 0 0 0 1 0 0.9 -1.98</i>
                <i>1 0 0 0 1 0 0 0 1 0 0.9 -1.98</i>
                <i>1 0 0 0 1 0 0 0 1 0 0.9 -1.98</i>
                <i>1 0 0 0 1 0 0 0 1 0 0.9 -1.98</i>
                <i>1 0 0 0 1 0 0 0 1 0 0.9 -1.98</i>
                <i>1 0 0 0 1 0 0 0 1 0 0.9 -1.98</i>
                <i>1 0 0 0 1 0 0 0 1 0 0.9 -1.98</i>
                <i>1 0 0 0 1 0 0 0 1 0 0.9 -1.98</i>
                <i>1 0 0 0 1 0 0 0 1 0 0.9 -1.98</i>
                <i>1 0 0 0 1 0 0 0 1 0 0.9 -1.98</i>
                <i>1 0 0 0 1 0 0 0 1 0 0.9 -1.98</i>
                <i>1 0 0 0 1 0 0 0 1 0 0.9 -1.98</i>
                <i>1 0 0 0 1 0 0 0 1 0 0.9 -1.98</i>
                <i>1 0 0 0 1 0 0 0 1 0 0.9 -1.98</i>
            </KeyFrames>
        </RefFrame>
        <Bones count="23">
            <i>
                <p>
                    <Name><![CDATA[pelvis]]></Name>
                    <Exclude>0</Exclude>
                    <Additive>0</Additive>
                    <IKPriority>0</IKPriority>
                    <IKRotLimits>-1e+010 -1e+010 -1e+010 1e+010 1e+010 1e+010</IKRotLimits>
                    <IKRotLimitOrder>2</IKRotLimitOrder>
                    <KeyFrames count="120">
                        <i>1 0 0 0 1 0 0 0 1 -0.0364532 1.81936 -2.18678</i>
                        <i>1 0 0 0 1 0 0 0 1 -0.0430353 1.80983 -2.18678</i>
                        <i>1 0 0 0 1 0 0 0 1 -0.0518626 1.80084 -2.18678</i>
                        <i>1 0 0 0 1 0 0 0 1 -0.0625388 1.79226 -2.18678</i>
                        <i>1 0 0 0 1 0 0 0 1 -0.0746678 1.78395 -2.18678</i>
                        <i>1 0 0 0 1 0 0 0 1 -0.0878534 1.77578 -2.18678</i>
                        <i>1 0 0 0 1 0 0 0 1 -0.101699 1.76761 -2.18678</i>
                        <i>1 0 0 0 1 0 0 0 1 -0.115809 1.75931 -2.18678</i>
                        <i>1 0 0 0 1 0 0 0 1 -0.129787 1.75073 -2.18678</i>
                        <i>1 0 0 0 1 0 0 0 1 -0.143237 1.74174 -2.18678</i>
                        <i>1 0 0 0 1 0 0 0 1 -0.155785 1.74281 -2.18624</i>
                        <i>1 0 0 0 1 0 0 0 1 -0.167057 1.75787 -2.18466</i>
                        <i>1 0 0 0 1 0 0 0 1 -0.176643 1.77698 -2.18236</i>
                        <i>1 0 0 0 1 0 0 0 1 -0.184117 1.79021 -2.18002</i>
                        <i>1 0 0 0 1 0 0 0 1 -0.189042 1.78766 -2.17861</i>
                        <i>1 0 0 0 1 0 0 0 1 -0.191025 1.76929 -2.17855</i>
                        <i>1 0 0 0 1 0 0 0 1 -0.189692 1.72366 -2.17939</i>
                        <i>1 0 0 0 1 0 0 0 1 -0.184632 1.64975 -2.18094</i>
                        <i>1 0 0 0 1 0 0 0 1 -0.175434 1.57369 -2.18292</i>
                        <i>1 0 0 0 1 0 0 0 1 -0.161692 1.52159 -2.18499</i>
                        <i>1 0 0 0 1 0 0 0 1 -0.143001 1.51956 -2.18678</i>
                        <i>1 0 0 0 1 0 0 0 1 -0.109222 1.56981 -2.17358</i>
                        <i>1 0 0 0 1 0 0 0 1 -0.0543857 1.70452 -2.13531</i>
                        <i>1 0 0 0 1 0 0 0 1 0.0165583 1.91365 -2.0866</i>
                        <i>1 0 0 0 1 0 0 0 1 0.0992708 2.10201 -2.04547</i>
                        <i>1 0 0 0 1 0 0 0 1 0.189535 2.21305 -2.02728</i>
                        <i>1 0 0 0 1 0 0 0 1 0.283026 2.21038 -2.02828</i>
                        <i>1 0 0 0 1 0 0 0 1 0.375101 2.12296 -2.03401</i>
                        <i>1 0 0 0 1 0 0 0 1 0.460849 2.00647 -2.04345</i>
                        <i>1 0 0 0 1 0 0 0 1 0.535418 1.90259 -2.05573</i>
                        <i>1 0 0 0 1 0 0 0 1 0.593222 1.8319 -2.06777</i>
                        <i>1 0 0 0 1 0 0 0 1 0.635574 1.78734 -2.07788</i>
                        <i>1 0 0 0 1 0 0 0 1 0.668655 1.74806 -2.08732</i>
                        <i>1 0 0 0 1 0 0 0 1 0.694029 1.71404 -2.0972</i>
                        <i>1 0 0 0 1 0 0 0 1 0.713205 1.68536 -2.10839</i>
                        <i>1 0 0 0 1 0 0 0 1 0.727565 1.66224 -2.12117</i>
                        <i>1 0 0 0 1 0 0 0 1 0.738324 1.64494 -2.13506</i>
                        <i>1 0 0 0 1 0 0 0 1 0.746536 1.63368 -2.14891</i>
                        <i>1 0 0 0 1 0 0 0 1 0.753137 1.62857 -2.16104</i>
                        <i>1 0 0 0 1 0 0 0 1 0.759037 1.62964 -2.16968</i>
                        <i>1 0 0 0 1 0 0 0 1 0.762485 1.6372 -2.17507</i>
                        <i>1 0 0 0 1 0 0 0 1 0.761656 1.6503 -2.17865</i>
                        <i>1 0 0 0 1 0 0 0 1 0.757406 1.66705 -2.1807</i>
                        <i>1 0 0 0 1 0 0 0 1 0.750586 1.68558 -2.18154</i>
                        <i>1 0 0 0 1 0 0 0 1 0.742053 1.704 -2.18145</i>
                        <i>1 0 0 0 1 0 0 0 1 0.732659 1.72042 -2.18073</i>
                        <i>1 0 0 0 1 0 0 0 1 0.723258 1.73296 -2.17967</i>
                        <i>1 0 0 0 1 0 0 0 1 0.714705 1.73973 -2.17858</i>
                        <i>1 0 0 0 1 0 0 0 1 0.707854 1.73886 -2.17774</i>
                        <i>1 0 0 0 1 0 0 0 1 0.703558 1.72846 -2.17746</i>
                        <i>1 0 0 0 1 0 0 0 1 0.714604 1.6826 -2.17985</i>
                        <i>1 0 0 0 1 0 0 0 1 0.740647 1.60076 -2.18456</i>
                        <i>1 0 0 0 1 0 0 0 1 0.762895 1.51912 -2.1884</i>
                        <i>1 0 0 0 1 0 0 0 1 0.762817 1.4737 -2.18939</i>
                        <i>1 0 0 0 1 0 0 0 1 0.722168 1.50032 -2.18678</i>
                        <i>1 0 0 0 1 0 0 0 1 0.629741 1.61479 -2.1796</i>
                        <i>1 0 0 0 1 0 0 0 1 0.497999 1.83415 -2.16804</i>
                        <i>1 0 0 0 1 0 0 0 1 0.343802 2.12748 -2.15429</i>
                        <i>1 0 0 0 1 0 0 0 1 0.183498 2.38192 -2.14061</i>
                        <i>1 0 0 0 1 0 0 0 1 0.0334875 2.51217 -2.129</i>
                        <i>1 0 0 0 1 0 0 0 1 -0.116275 2.46429 -2.11568</i>
                        <i>1 0 0 0 1 0 0 0 1 -0.276743 2.28307 -2.09938</i>
                        <i>1 0 0 0 1 0 0 0 1 -0.432695 2.02709 -2.08555</i>
                        <i>1 0 0 0 1 0 0 0 1 -0.569037 1.77164 -2.07975</i>
                        <i>1 0 0 0 1 0 0 0 1 -0.671121 1.6045 -2.08811</i>
                        <i>1 0 0 0 1 0 0 0 1 -0.733887 1.54904 -2.12213</i>
                        <i>1 0 0 0 1 0 0 0 1 -0.767102 1.55385 -2.17784</i>
                        <i>1 0 0 0 1 0 0 0 1 -0.778594 1.59459 -2.23841</i>
                        <i>1 0 0 0 1 0 0 0 1 -0.77619 1.64693 -2.28704</i>
                        <i>1 0 0 0 1 0 0 0 1 -0.767689 1.67634 -2.30696</i>
                        <i>1 0 0 0 1 0 0 0 1 -0.754967 1.67678 -2.30153</i>
                        <i>1 0 0 0 1 0 0 0 1 -0.735765 1.67234 -2.28669</i>
                        <i>1 0 0 0 1 0 0 0 1 -0.711648 1.66412 -2.26459</i>
                        <i>1 0 0 0 1 0 0 0 1 -0.684181 1.65322 -2.23739</i>
                        <i>1 0 0 0 1 0 0 0 1 -0.654931 1.64075 -2.20725</i>
                        <i>1 0 0 0 1 0 0 0 1 -0.625464 1.62779 -2.17633</i>
                        <i>1 0 0 0 1 0 0 0 1 -0.597346 1.61546 -2.1468</i>
                        <i>1 0 0 0 1 0 0 0 1 -0.572142 1.60484 -2.12081</i>
                        <i>1 0 0 0 1 0 0 0 1 -0.551418 1.59704 -2.10053</i>
                        <i>1 0 0 0 1 0 0 0 1 -0.536741 1.59317 -2.08811</i>
                        <i>1 0 0 0 1 0 0 0 1 -0.527957 1.5963 -2.08359</i>
                        <i>1 0 0 0 1 0 0 0 1 -0.523356 1.6074 -2.08476</i>
                        <i>1 0 0 0 1 0 0 0 1 -0.522172 1.62438 -2.09038</i>
                        <i>1 0 0 0 1 0 0 0 1 -0.523636 1.64515 -2.09925</i>
                        <i>1 0 0 0 1 0 0 0 1 -0.52698 1.6676 -2.11011</i>
                        <i>1 0 0 0 1 0 0 0 1 -0.531438 1.68966 -2.12175</i>
                        <i>1 0 0 0 1 0 0 0 1 -0.536242 1.70921 -2.13295</i>
                        <i>1 0 0 0 1 0 0 0 1 -0.540623 1.72418 -2.14246</i>
                        <i>1 0 0 0 1 0 0 0 1 -0.543815 1.73246 -2.14907</i>
                        <i>1 0 0 0 1 0 0 0 1 -0.545049 1.73197 -2.15154</i>
                        <i>1 0 0 0 1 0 0 0 1 -0.54711 1.71618 -2.15075</i>
                        <i>1 0 0 0 1 0 0 0 1 -0.552338 1.68364 -2.14845</i>
                        <i>1 0 0 0 1 0 0 0 1 -0.559306 1.63987 -2.14474</i>
                        <i>1 0 0 0 1 0 0 0 1 -0.566584 1.59036 -2.13973</i>
                        <i>1 0 0 0 1 0 0 0 1 -0.572743 1.54064 -2.13352</i>
                        <i>1 0 0 0 1 0 0 0 1 -0.576355 1.49621 -2.12621</i>
                        <i>1 0 0 0 1 0 0 0 1 -0.575989 1.46257 -2.11792</i>
                        <i>1 0 0 0 1 0 0 0 1 -0.570218 1.44524 -2.10873</i>
                        <i>1 0 0 0 1 0 0 0 1 -0.557611 1.44973 -2.09876</i>
                        <i>1 0 0 0 1 0 0 0 1 -0.536741 1.48154 -2.08811</i>
                        <i>1 0 0 0 1 0 0 0 1 -0.50432 1.60777 -2.06886</i>
                        <i>1 0 0 0 1 0 0 0 1 -0.460002 1.84188 -2.03948</i>
                        <i>1 0 0 0 1 0 0 0 1 -0.406774 2.10887 -2.00963</i>
                        <i>1 0 0 0 1 0 0 0 1 -0.347622 2.33377 -1.98898</i>
                        <i>1 0 0 0 1 0 0 0 1 -0.28553 2.4416 -1.98718</i>
                        <i>1 0 0 0 1 0 0 0 1 -0.223485 2.38921 -2.01378</i>
                        <i>1 0 0 0 1 0 0 0 1 -0.164472 2.2266 -2.06233</i>
                        <i>1 0 0 0 1 0 0 0 1 -0.111476 2.01847 -2.11853</i>
                        <i>1 0 0 0 1 0 0 0 1 -0.0674834 1.82954 -2.16806</i>
                        <i>1 0 0 0 1 0 0 0 1 -0.0354796 1.72453 -2.19662</i>
                        <i>1 0 0 0 1 0 0 0 1 -0.0147055 1.69449 -2.20672</i>
                        <i>1 0 0 0 1 0 0 0 1 -0.00164369 1.6845 -2.21119</i>
                        <i>1 0 0 0 1 0 0 0 1 0.00485877 1.69034 -2.21122</i>
                        <i>1 0 0 0 1 0 0 0 1 0.00595462 1.70779 -2.20799</i>
                        <i>1 0 0 0 1 0 0 0 1 0.00279666 1.73261 -2.2027</i>
                        <i>1 0 0 0 1 0 0 0 1 -0.00346236 1.76058 -2.19652</i>
                        <i>1 0 0 0 1 0 0 0 1 -0.0116697 1.78747 -2.19066</i>
                        <i>1 0 0 0 1 0 0 0 1 -0.0206724 1.80905 -2.18629</i>
                        <i>1 0 0 0 1 0 0 0 1 -0.0293179 1.82109 -2.1846</i>
                        <i>1 0 0 0 1 0 0 0 1 -0.0364532 1.81936 -2.18678</i>
                    </KeyFrames>
                </p>
            </i>
            <i>
                <p>
                    <Name><![CDATA[spine0]]></Name>
                    <Exclude>0</Exclude>
                    <Additive>0</Additive>
                    <IKPriority>0</IKPriority>
                    <IKRotLimits>-1e+010 -1e+010 -1e+010 1e+010 1e+010 1e+010</IKRotLimits>
                    <IKRotLimitOrder>0</IKRotLimitOrder>
                    <KeyFrames count="120">
                        <i>-0.0244261 0.997076 0.0724015 -0.991696 -0.0150198 -0.127724 -0.126263 -0.0749201 0.989164 -0.0374014 1.95918 -2.22062</i>
                        <i>-0.0247107 0.996559 0.0791223 -0.991697 -0.0144446 -0.127784 -0.126201 -0.081623 0.988641 -0.0440251 1.94987 -2.21968</i>
                        <i>-0.025029 0.995925 0.086648 -0.991698 -0.0137997 -0.127847 -0.12613 -0.0891285 0.988002 -0.0528991 1.94113 -2.21862</i>
                        <i>-0.0253748 0.99517 0.0948338 -0.991699 -0.0130972 -0.12791 -0.12605 -0.0972923 0.987241 -0.0636262 1.9328 -2.21747</i>
                        <i>-0.025742 0.994293 0.103535 -0.991701 -0.0123493 -0.127971 -0.125962 -0.10597 0.986359 -0.0758094 1.92476 -2.21624</i>
                        <i>-0.0261244 0.993296 0.112609 -0.991703 -0.0115682 -0.128027 -0.125866 -0.115019 0.985357 -0.0890516 1.91685 -2.21495</i>
                        <i>-0.0265159 0.992187 0.121909 -0.991706 -0.0107662 -0.128078 -0.125765 -0.124294 0.984243 -0.102956 1.90894 -2.21363</i>
                        <i>-0.0269104 0.990978 0.131293 -0.991709 -0.0099556 -0.128121 -0.125658 -0.133653 0.983029 -0.117124 1.90089 -2.21229</i>
                        <i>-0.0273018 0.989687 0.140619 -0.991712 -0.00914868 -0.128157 -0.125549 -0.142952 0.981734 -0.131161 1.89254 -2.21095</i>
                        <i>-0.0276844 0.988337 0.149743 -0.991715 -0.00835784 -0.128184 -0.125438 -0.152051 0.980381 -0.144668 1.88377 -2.20965</i>
                        <i>-0.0296112 0.98656 0.160694 -0.991678 -0.00884375 -0.128442 -0.125295 -0.16316 0.978611 -0.157271 1.88504 -2.20784</i>
                        <i>-0.0343857 0.983968 0.175001 -0.991553 -0.0116769 -0.129175 -0.12506 -0.177964 0.976058 -0.168596 1.90027 -2.20506</i>
                        <i>-0.0415956 0.9806 0.191557 -0.991326 -0.0165826 -0.130373 -0.124668 -0.195318 0.972784 -0.17823 1.91954 -2.20165</i>
                        <i>-0.0502351 0.976862 0.207886 -0.990995 -0.022887 -0.131925 -0.124115 -0.212641 0.969216 -0.185747 1.9329 -2.19831</i>
                        <i>-0.0584848 0.973707 0.220168 -0.990608 -0.0293018 -0.133553 -0.123591 -0.225911 0.966276 -0.19071 1.93046 -2.19603</i>
                        <i>-0.0653149 0.971681 0.227091 -0.990221 -0.0349992 -0.135048 -0.123276 -0.23369 0.964465 -0.192725 1.91217 -2.19524</i>
                        <i>-0.0695303 0.970701 0.230013 -0.989944 -0.0386653 -0.136074 -0.123194 -0.237161 0.963628 -0.191416 1.8666 -2.19553</i>
                        <i>-0.0705244 0.970888 0.228917 -0.989849 -0.0397282 -0.136455 -0.123388 -0.236216 0.963835 -0.186371 1.79274 -2.19671</i>
                        <i>-0.0697137 0.972111 0.223919 -0.989854 -0.0395504 -0.136473 -0.123811 -0.231161 0.965005 -0.17718 1.71669 -2.19854</i>
                        <i>-0.0687836 0.973945 0.216103 -0.989853 -0.0396288 -0.13646 -0.124341 -0.223296 0.966788 -0.163435 1.66458 -2.20069</i>
                        <i>-0.0697033 0.975894 0.206813 -0.98972 -0.0416996 -0.136801 -0.12488 -0.214223 0.968769 -0.14473 1.66251 -2.20282</i>
                        <i>-0.0736935 0.981362 0.177477 -0.987997 -0.0476162 -0.14695 -0.13576 -0.186176 0.973092 -0.112897 1.71209 -2.19454</i>
                        <i>-0.0838268 0.987399 0.134227 -0.982753 -0.0596367 -0.175045 -0.164834 -0.146586 0.975368 -0.0619784 1.84445 -2.16782</i>
                        <i>-0.0992004 0.991004 0.089836 -0.973153 -0.0777766 -0.21662 -0.207684 -0.108913 0.972114 0.00597595 2.04919 -2.13363</i>
                        <i>-0.110098 0.992882 0.0454284 -0.960733 -0.0945985 -0.26085 -0.254696 -0.0723637 0.96431 0.0885628 2.23194 -2.1063</i>
                        <i>-0.111165 0.993766 0.00850827 -0.950332 -0.103794 -0.29342 -0.290708 -0.0407036 0.955946 0.182144 2.3382 -2.09784</i>
                        <i>-0.083928 0.996461 -0.00467096 -0.948595 -0.0813302 -0.305865 -0.305162 -0.0212398 0.952064 0.292402 2.33745 -2.09508</i>
                        <i>-0.0572451 0.998358 0.00194765 -0.94344 -0.0534578 -0.327205 -0.326564 -0.0205684 0.944951 0.40089 2.25238 -2.09129</i>
                        <i>-0.0640505 0.997934 0.00499358 -0.937328 -0.0584417 -0.343513 -0.342511 -0.0266828 0.939135 0.482454 2.13844 -2.09649</i>
                        <i>-0.0832874 0.996478 0.00970455 -0.935474 -0.0748249 -0.345383 -0.343441 -0.0378444 0.938412 0.545739 2.03711 -2.10565</i>
                        <i>-0.0926952 0.99563 0.0113448 -0.936082 -0.0832566 -0.341787 -0.339349 -0.0423017 0.939709 0.597381 1.96691 -2.11728</i>
                        <i>-0.0892772 0.995909 0.0139609 -0.935989 -0.079097 -0.343029 -0.340522 -0.043692 0.939221 0.640445 1.92185 -2.12866</i>
                        <i>-0.089221 0.995732 0.023599 -0.93526 -0.0756072 -0.345791 -0.342531 -0.0529231 0.938015 0.674479 1.88214 -2.13912</i>
                        <i>-0.0915932 0.995076 0.0378713 -0.934115 -0.0726805 -0.349496 -0.345023 -0.0673876 0.936172 0.700967 1.84775 -2.14981</i>
                        <i>-0.0952984 0.993958 0.0544493 -0.932764 -0.0700602 -0.353614 -0.347663 -0.0844873 0.933805 0.721339 1.81877 -2.16161</i>
                        <i>-0.0992039 0.992501 0.0714134 -0.931404 -0.0673595 -0.357699 -0.350207 -0.102 0.931102 0.736887 1.7954 -2.17481</i>
                        <i>-0.102412 0.990911 0.0872145 -0.930193 -0.0643288 -0.36139 -0.352495 -0.118137 0.928327 0.748737 1.7779 -2.18899</i>
                        <i>-0.1045 0.989441 0.100434 -0.92924 -0.0611545 -0.364381 -0.354392 -0.131405 0.925818 0.757845 1.7665 -2.203</i>
                        <i>-0.105534 0.988363 0.109546 -0.928618 -0.0585459 -0.36639 -0.355713 -0.140393 0.92399 0.765054 1.76131 -2.2152</i>
                        <i>-0.105799 0.987965 0.112831 -0.928393 -0.057492 -0.367127 -0.356221 -0.143593 0.923302 0.771178 1.76235 -2.22387</i>
                        <i>-0.105605 0.988066 0.112128 -0.92839 -0.0575646 -0.367122 -0.356286 -0.142868 0.92339 0.774626 1.76991 -2.22925</i>
                        <i>-0.105187 0.988282 0.110612 -0.928385 -0.0577237 -0.36711 -0.356424 -0.141306 0.923577 0.773797 1.78301 -2.23283</i>
                        <i>-0.104605 0.98858 0.108478 -0.928377 -0.0579527 -0.367095 -0.356616 -0.139108 0.923837 0.769546 1.79977 -2.23488</i>
                        <i>-0.103916 0.988929 0.105925 -0.928367 -0.0582345 -0.367075 -0.356843 -0.136482 0.924141 0.762727 1.81829 -2.23572</i>
                        <i>-0.10318 0.989298 0.103162 -0.928356 -0.0585487 -0.367053 -0.357085 -0.133644 0.924462 0.754193 1.83671 -2.23563</i>
                        <i>-0.102456 0.989657 0.100407 -0.928344 -0.0588712 -0.36703 -0.357323 -0.130817 0.924774 0.744799 1.85313 -2.23491</i>
                        <i>-0.101802 0.989977 0.0978882 -0.928333 -0.0591738 -0.367009 -0.357538 -0.128235 0.925052 0.735399 1.86567 -2.23385</i>
                        <i>-0.101276 0.990231 0.0958381 -0.928324 -0.0594255 -0.366992 -0.357711 -0.126136 0.925274 0.726846 1.87245 -2.23276</i>
                        <i>-0.100933 0.990396 0.0944928 -0.928318 -0.0595932 -0.36698 -0.357824 -0.12476 0.925417 0.719994 1.87158 -2.23192</i>
                        <i>-0.10083 0.990445 0.0940866 -0.928316 -0.0596442 -0.366976 -0.357858 -0.124344 0.92546 0.715699 1.86118 -2.23164</i>
                        <i>-0.100525 0.988695 0.111253 -0.928436 -0.0530239 -0.367689 -0.357633 -0.140253 0.92327 0.724992 1.81725 -2.22942</i>
                        <i>-0.100302 0.982555 0.156605 -0.929227 -0.036248 -0.367728 -0.355636 -0.182405 0.916652 0.746807 1.73927 -2.22291</i>
                        <i>-0.100838 0.970234 0.220175 -0.931207 -0.0141304 -0.364216 -0.350264 -0.241756 0.904914 0.763956 1.66085 -2.21308</i>
                        <i>-0.100952 0.953071 0.28542 -0.933981 0.00805152 -0.357232 -0.342765 -0.30264 0.889337 0.759633 1.61692 -2.20254</i>
                        <i>-0.0981035 0.939218 0.329007 -0.936001 0.0252201 -0.351093 -0.338051 -0.342394 0.876634 0.717338 1.64384 -2.1954</i>
                        <i>-0.0815981 0.945976 0.3138 -0.940233 0.0313787 -0.339084 -0.330612 -0.322714 0.886877 0.629911 1.75808 -2.19241</i>
                        <i>-0.0605316 0.958242 0.279479 -0.952032 0.0287135 -0.304648 -0.299951 -0.284514 0.910539 0.508731 1.97579 -2.19081</i>
                        <i>-0.0445097 0.963791 0.262919 -0.969496 0.0218255 -0.244133 -0.241032 -0.265765 0.93342 0.364622 2.26525 -2.19009</i>
                        <i>-0.0300052 0.96584 0.257397 -0.98546 0.0145011 -0.16929 -0.167239 -0.258734 0.951361 0.209407 2.51501 -2.18867</i>
                        <i>-0.00940581 0.964083 0.265435 -0.994053 0.0197857 -0.107088 -0.108493 -0.264864 0.958163 0.0574872 2.64297 -2.18387</i>
                        <i>0.00452869 0.965509 0.260331 -0.996091 0.0273201 -0.0839963 -0.0882115 -0.258933 0.961859 -0.11761 2.59511 -2.17553</i>
                        <i>0.0357466 0.97225 0.231196 -0.995273 0.0555382 -0.0796705 -0.0902999 -0.227255 0.96964 -0.303921 2.40936 -2.16271</i>
                        <i>0.0808571 0.980914 0.176834 -0.995776 0.0872426 -0.0286254 -0.0435065 -0.173772 0.983824 -0.460403 2.15894 -2.13599</i>
                        <i>0.116963 0.981932 0.14876 -0.993095 0.114275 0.0265252 0.0090465 -0.150835 0.988518 -0.587591 1.91182 -2.10625</i>
                        <i>0.132119 0.982048 0.134637 -0.990895 0.127299 0.0438381 0.0259119 -0.139203 0.989925 -0.68318 1.74721 -2.10173</i>
                        <i>0.120245 0.984042 0.131156 -0.992426 0.115806 0.0409897 0.0251469 -0.135092 0.990514 -0.745946 1.69174 -2.13575</i>
                        <i>0.0972089 0.985427 0.139587 -0.995024 0.0931457 0.0353685 0.0218511 -0.14233 0.989578 -0.779161 1.69655 -2.19146</i>
                        <i>0.0702853 0.985785 0.152601 -0.997361 0.0666541 0.0287883 0.0182076 -0.154222 0.987868 -0.790653 1.7373 -2.25203</i>
                        <i>0.0458195 0.984918 0.166845 -0.998832 0.0426033 0.0228065 0.0153544 -0.167695 0.985719 -0.788248 1.78964 -2.30066</i>
                        <i>0.0296714 0.983713 0.177281 -0.999464 0.0267478 0.0188589 0.0138098 -0.177746 0.98398 -0.779747 1.81904 -2.32059</i>
                        <i>0.0208335 0.982928 0.182808 -0.999697 0.018083 0.0167002 0.0131093 -0.1831 0.983007 -0.767026 1.81948 -2.31516</i>
                        <i>0.0138463 0.982081 0.18795 -0.999825 0.0112274 0.0149915 0.0126127 -0.188124 0.982064 -0.747824 1.81504 -2.30031</i>
                        <i>0.0084394 0.981187 0.192876 -0.999889 0.00591373 0.0136667 0.012269 -0.19297 0.981128 -0.723706 1.80683 -2.27821</i>
                        <i>0.00440532 0.980247 0.197729 -0.999918 0.001937 0.012675 0.0120417 -0.197768 0.980175 -0.69624 1.79593 -2.25101</i>
                        <i>0.00156943 0.979273 0.202539 -0.999928 -0.000873984 0.0119739 0.0119028 -0.202543 0.979201 -0.66699 1.78345 -2.22087</i>
                        <i>-0.000238677 0.9783 0.207192 -0.99993 -0.00268425 0.0115224 0.0118285 -0.207175 0.978232 -0.637523 1.7705 -2.18996</i>
                        <i>-0.00120905 0.977392 0.211432 -0.99993 -0.00367596 0.011275 0.0117973 -0.211404 0.977328 -0.609405 1.75816 -2.16042</i>
                        <i>-0.00156607 0.976633 0.214909 -0.999929 -0.00406324 0.0111784 0.0117904 -0.214877 0.97657 -0.584201 1.74755 -2.13444</i>
                        <i>-0.0015704 0.976116 0.217243 -0.999929 -0.0040948 0.0111705 0.0117933 -0.217211 0.976054 -0.563477 1.73975 -2.11415</i>
                        <i>-0.00150728 0.975928 0.218087 -0.999929 -0.00404344 0.0111833 0.0117959 -0.218055 0.975865 -0.5488 1.73587 -2.10173</i>
                        <i>-0.0014758 0.975879 0.218309 -0.999929 -0.00401549 0.0111903 0.011797 -0.218277 0.975816 -0.540016 1.739 -2.09721</i>
                        <i>-0.00139037 0.975744 0.21891 -0.999929 -0.00393963 0.0112092 0.0117997 -0.218879 0.975681 -0.535415 1.75011 -2.09838</i>
                        <i>-0.00126449 0.975545 0.219796 -0.99993 -0.00382787 0.0112371 0.0118036 -0.219766 0.975481 -0.534231 1.76709 -2.10401</i>
                        <i>-0.00111168 0.975302 0.220871 -0.99993 -0.00369221 0.0112709 0.0118081 -0.220843 0.975238 -0.535694 1.78785 -2.11287</i>
                        <i>-0.000945429 0.975037 0.222042 -0.99993 -0.00354464 0.0113077 0.0118125 -0.222016 0.974971 -0.539039 1.81031 -2.12373</i>
                        <i>-0.000779241 0.974769 0.223213 -0.99993 -0.00339714 0.0113445 0.0118166 -0.223188 0.974704 -0.543497 1.83236 -2.13538</i>
                        <i>-0.000626573 0.974523 0.224289 -0.99993 -0.00326166 0.0113783 0.01182 -0.224266 0.974456 -0.5483 1.85192 -2.14657</i>
                        <i>-0.00050088 0.974318 0.225175 -0.99993 -0.00315012 0.0114061 0.0118225 -0.225153 0.974252 -0.552682 1.86689 -2.15608</i>
                        <i>-0.000415611 0.974179 0.225776 -0.99993 -0.00307446 0.011425 0.0118242 -0.225755 0.974112 -0.555874 1.87517 -2.16269</i>
                        <i>-0.000384195 0.974128 0.225997 -0.99993 -0.00304659 0.011432 0.0118247 -0.225977 0.974061 -0.557108 1.87468 -2.16517</i>
                        <i>-0.000415611 0.974179 0.225776 -0.99993 -0.00307446 0.011425 0.0118242 -0.225755 0.974112 -0.559169 1.85888 -2.16438</i>
                        <i>-0.00050088 0.974318 0.225175 -0.99993 -0.00315012 0.0114061 0.0118225 -0.225153 0.974252 -0.564397 1.82635 -2.16207</i>
                        <i>-0.000626573 0.974523 0.224289 -0.99993 -0.00326166 0.0113783 0.01182 -0.224266 0.974456 -0.571365 1.78257 -2.15837</i>
                        <i>-0.000779241 0.974769 0.223213 -0.99993 -0.00339714 0.0113445 0.0118166 -0.223188 0.974704 -0.578643 1.73307 -2.15335</i>
                        <i>-0.000945429 0.975037 0.222042 -0.99993 -0.00354464 0.0113077 0.0118125 -0.222016 0.974971 -0.584802 1.68335 -2.14714</i>
                        <i>-0.00111168 0.975302 0.220871 -0.99993 -0.00369221 0.0112709 0.0118081 -0.220843 0.975238 -0.588413 1.63891 -2.13984</i>
                        <i>-0.00126449 0.975545 0.219796 -0.99993 -0.00382787 0.0112371 0.0118036 -0.219766 0.975481 -0.588048 1.60528 -2.13154</i>
                        <i>-0.00139037 0.975744 0.21891 -0.999929 -0.00393963 0.0112092 0.0117997 -0.218879 0.975681 -0.582276 1.58795 -2.12235</i>
                        <i>-0.0014758 0.975879 0.218309 -0.999929 -0.00401549 0.0111903 0.011797 -0.218277 0.975816 -0.56967 1.59244 -2.11238</i>
                        <i>-0.00150728 0.975928 0.218087 -0.999929 -0.00404344 0.0111833 0.0117959 -0.218055 0.975865 -0.5488 1.62425 -2.10173</i>
                        <i>-0.00566654 0.975612 0.219428 -0.998653 -0.0168405 0.0490865 0.0515847 -0.218854 0.974393 -0.523354 1.74881 -2.08989</i>
                        <i>-0.0133356 0.973511 0.228249 -0.992251 -0.0410859 0.117264 0.123535 -0.224917 0.966515 -0.493816 1.97664 -2.07679</i>
                        <i>-0.0174966 0.968941 0.246673 -0.984132 -0.0602579 0.16689 0.176571 -0.239839 0.95462 -0.452212 2.2345 -2.063</i>
                        <i>-0.0191966 0.965981 0.257898 -0.974997 -0.0752029 0.209106 0.221387 -0.247436 0.943273 -0.399362 2.44896 -2.0579</i>
                        <i>-0.0260763 0.968778 0.246553 -0.97371 -0.0804467 0.213115 0.226296 -0.234514 0.945406 -0.338298 2.55088 -2.06444</i>
                        <i>-0.0207294 0.978821 0.203666 -0.981991 -0.0581954 0.179739 0.187785 -0.196272 0.9624 -0.25504 2.51012 -2.08505</i>
                        <i>0.0145859 0.987219 0.158701 -0.994678 -0.00186369 0.103012 0.101991 -0.159359 0.981938 -0.156503 2.35838 -2.11949</i>
                        <i>0.041706 0.991447 0.12367 -0.999004 0.043346 -0.0105993 -0.0158692 -0.123104 0.992267 -0.0764576 2.15126 -2.16139</i>
                        <i>0.0137841 0.996007 0.0882044 -0.995037 0.0223571 -0.0969571 -0.0985419 -0.0864302 0.991372 -0.0475636 1.96757 -2.20339</i>
                        <i>-0.0244261 0.997076 0.0724015 -0.991696 -0.0150198 -0.127724 -0.126263 -0.0749201 0.989164 -0.0364277 1.86435 -2.23047</i>
                        <i>-0.0244261 0.997076 0.0724015 -0.991696 -0.0150198 -0.127724 -0.126263 -0.0749201 0.989164 -0.0156537 1.83431 -2.24056</i>
                        <i>-0.0244261 0.997076 0.0724015 -0.991696 -0.0150198 -0.127724 -0.126263 -0.0749201 0.989164 -0.00259185 1.82432 -2.24503</i>
                        <i>-0.0244261 0.997076 0.0724015 -0.991696 -0.0150198 -0.127724 -0.126263 -0.0749201 0.989164 0.00391061 1.83017 -2.24506</i>
                        <i>-0.0244261 0.997076 0.0724015 -0.991696 -0.0150198 -0.127724 -0.126263 -0.0749201 0.989164 0.00500647 1.84761 -2.24183</i>
                        <i>-0.0244261 0.997076 0.0724015 -0.991696 -0.0150198 -0.127724 -0.126263 -0.0749201 0.989164 0.0018485 1.87243 -2.23654</i>
                        <i>-0.0244261 0.997076 0.0724015 -0.991696 -0.0150198 -0.127724 -0.126263 -0.0749201 0.989164 -0.00441051 1.9004 -2.23036</i>
                        <i>-0.0244261 0.997076 0.0724015 -0.991696 -0.0150198 -0.127724 -0.126263 -0.0749201 0.989164 -0.0126178 1.92729 -2.2245</i>
                        <i>-0.0244261 0.997076 0.0724015 -0.991696 -0.0150198 -0.127724 -0.126263 -0.0749201 0.989164 -0.0216206 1.94887 -2.22013</i>
                        <i>-0.0244261 0.997076 0.0724015 -0.991696 -0.0150198 -0.127724 -0.126263 -0.0749201 0.989164 -0.030266 1.96091 -2.21844</i>
                        <i>-0.0244261 0.997076 0.0724015 -0.991696 -0.0150198 -0.127724 -0.126263 -0.0749201 0.989164 -0.0374014 1.95918 -2.22062</i>
                    </KeyFrames>
                </p>
            </i>
            <i>
                <p>
                    <Name><![CDATA[spine1]]></Name>
                    <Exclude>0</Exclude>
                    <Additive>0</Additive>
                    <IKPriority>0</IKPriority>
                    <IKRotLimits>-1e+010 -1e+010 -1e+010 1e+010 1e+010 1e+010</IKRotLimits>
                    <IKRotLimitOrder>0</IKRotLimitOrder>
                    <KeyFrames count="120">
                        <i>-0.00625592 0.922013 0.387108 -0.996757 0.0253104 -0.0763923 -0.0802326 -0.386331 0.918864 -0.041758 2.13725 -2.20774</i>
                        <i>-0.00650616 0.919381 0.393315 -0.996767 0.0255371 -0.0761818 -0.0800842 -0.392539 0.916242 -0.0484325 2.12784 -2.20559</i>
                        <i>-0.00678533 0.916382 0.400248 -0.996778 0.0257895 -0.0759441 -0.079916 -0.399474 0.913254 -0.0573634 2.11898 -2.20319</i>
                        <i>-0.00708773 0.913058 0.407769 -0.996791 0.0260622 -0.0756832 -0.0797304 -0.406997 0.909943 -0.0681523 2.11053 -2.20057</i>
                        <i>-0.00740777 0.909454 0.415739 -0.996805 0.0263499 -0.0754032 -0.0795304 -0.41497 0.906353 -0.080401 2.10233 -2.19779</i>
                        <i>-0.00773989 0.905618 0.424024 -0.996819 0.0266475 -0.0751083 -0.0793186 -0.423257 0.902531 -0.0937115 2.09424 -2.19488</i>
                        <i>-0.00807867 0.901603 0.432489 -0.996834 0.0269501 -0.0748028 -0.0790981 -0.431724 0.898531 -0.107685 2.08613 -2.1919</i>
                        <i>-0.00841878 0.897467 0.441001 -0.996849 0.0272529 -0.0744914 -0.0788721 -0.440239 0.89441 -0.121925 2.07786 -2.18888</i>
                        <i>-0.00875503 0.893272 0.449431 -0.996864 0.0275511 -0.0741788 -0.0786441 -0.448671 0.89023 -0.136031 2.06929 -2.18589</i>
                        <i>-0.00908236 0.889085 0.457652 -0.996879 0.0278405 -0.0738697 -0.0784177 -0.456895 0.886058 -0.149606 2.06027 -2.18295</i>
                        <i>-0.00987718 0.883175 0.46894 -0.996883 0.0280135 -0.0737561 -0.0782761 -0.468207 0.880145 -0.162483 2.05879 -2.17957</i>
                        <i>-0.0114185 0.876246 0.481729 -0.996895 0.0275606 -0.0737613 -0.0779098 -0.481075 0.87321 -0.17445 2.06777 -2.17526</i>
                        <i>-0.0134035 0.872623 0.488211 -0.996974 0.0257272 -0.0733557 -0.0765721 -0.487717 0.869637 -0.185025 2.07957 -2.17033</i>
                        <i>-0.0156232 0.875635 0.48272 -0.997152 0.0219832 -0.0721493 -0.0737882 -0.482473 0.872797 -0.193674 2.08682 -2.16547</i>
                        <i>-0.0179765 0.885276 0.464718 -0.997394 0.0166028 -0.0702097 -0.0698706 -0.464769 0.882671 -0.199846 2.08235 -2.16159</i>
                        <i>-0.0205954 0.891703 0.452153 -0.997603 0.0115531 -0.0682247 -0.06606 -0.452474 0.889327 -0.20304 2.06546 -2.15933</i>
                        <i>-0.0208847 0.884012 0.466998 -0.997703 0.0116796 -0.0667276 -0.0644423 -0.467319 0.881737 -0.202501 2.02121 -2.15881</i>
                        <i>-0.0183836 0.866126 0.499488 -0.997658 0.0170263 -0.0662428 -0.065879 -0.499536 0.863784 -0.197702 1.94859 -2.1599</i>
                        <i>-0.0167576 0.846053 0.532835 -0.997442 0.0228908 -0.0677162 -0.0694885 -0.532607 0.843505 -0.188496 1.87438 -2.16216</i>
                        <i>-0.0197877 0.832689 0.553387 -0.997087 0.0243471 -0.0722885 -0.0736672 -0.553206 0.829781 -0.17478 1.82515 -2.16502</i>
                        <i>-0.0309376 0.833129 0.552212 -0.996562 0.0167699 -0.0811333 -0.0768551 -0.552824 0.829746 -0.156511 1.82743 -2.16785</i>
                        <i>-0.0377278 0.865842 0.498893 -0.995402 0.0114238 -0.0951015 -0.0880421 -0.500187 0.86143 -0.126547 1.89402 -2.16173</i>
                        <i>-0.0385241 0.877616 0.477813 -0.993348 0.0182931 -0.113689 -0.108516 -0.479015 0.871074 -0.0786068 2.04067 -2.14131</i>
                        <i>-0.0472527 0.850373 0.524055 -0.990032 0.0298159 -0.13765 -0.132679 -0.525335 0.840487 -0.0134752 2.24384 -2.11614</i>
                        <i>-0.0686452 0.814665 0.575855 -0.98542 0.0347032 -0.166563 -0.155677 -0.578893 0.800405 0.0674385 2.42274 -2.09769</i>
                        <i>-0.10591 0.78232 0.613806 -0.980532 0.0204805 -0.19529 -0.16535 -0.622539 0.764921 0.161446 2.52347 -2.09634</i>
                        <i>-0.220355 0.787821 0.575137 -0.96476 -0.089098 -0.247587 -0.143811 -0.609426 0.779691 0.277474 2.51483 -2.09595</i>
                        <i>-0.32923 0.826524 0.45658 -0.933294 -0.211397 -0.290298 -0.143419 -0.521698 0.840989 0.391009 2.42475 -2.09096</i>
                        <i>-0.324241 0.879072 0.349427 -0.928825 -0.225832 -0.293741 -0.179308 -0.4198 0.889728 0.471863 2.30324 -2.09563</i>
                        <i>-0.276298 0.926675 0.254818 -0.935353 -0.198353 -0.292867 -0.220849 -0.319263 0.921573 0.532773 2.19182 -2.10405</i>
                        <i>-0.239047 0.948838 0.206307 -0.94055 -0.173465 -0.292019 -0.241292 -0.263848 0.933896 0.583274 2.11798 -2.11545</i>
                        <i>-0.233914 0.946793 0.221058 -0.942146 -0.164586 -0.292013 -0.240093 -0.276575 0.930517 0.626659 2.07523 -2.12641</i>
                        <i>-0.231966 0.93403 0.271625 -0.94431 -0.149234 -0.29327 -0.233387 -0.324527 0.916631 0.660458 2.03827 -2.13534</i>
