<?xml version="1.0" encoding="ISO-8859-1" ?>
<Animl Version="1">
    <ModellingPackage>
        <![CDATA[Maya.2010]]>
</ModellingPackage>
    <SrcFile>
        <![CDATA[anims\turrets\machinegun\blue\~src\mgun_gatling\mgun_gatling_aim_high_crewman_a.mb]]>
</SrcFile>
    <FramesPerSecond>30</FramesPerSecond>
    <TotalFrames>65</TotalFrames>
    <Skeleton>
        <RefFrame>
            <Name>
                <![CDATA[soldier_ref_frame]]>
</Name>
            <Exclude>0</Exclude>
            <Additive>0</Additive>
            <IKPriority>0</IKPriority>
            <IKRotLimits>-1e+010 -1e+010 -1e+010 1e+010 1e+010 1e+010</IKRotLimits>
            <IKRotLimitOrder>0</IKRotLimitOrder>
            <KeyFrames count="65">
                <i>1 0 0 0 1 0 0 0 1 0 0.92 -1.78</i>
                <i>1 0 0 0 1 0 0 0 1 0 0.92 -1.78</i>
                <i>1 0 0 0 1 0 0 0 1 0 0.92 -1.78</i>
                <i>1 0 0 0 1 0 0 0 1 0 0.92 -1.78</i>
                <i>1 0 0 0 1 0 0 0 1 0 0.92 -1.78</i>
                <i>1 0 0 0 1 0 0 0 1 0 0.92 -1.78</i>
                <i>1 0 0 0 1 0 0 0 1 0 0.92 -1.78</i>
                <i>1 0 0 0 1 0 0 0 1 0 0.92 -1.78</i>
                <i>1 0 0 0 1 0 0 0 1 0 0.92 -1.78</i>
                <i>1 0 0 0 1 0 0 0 1 0 0.92 -1.78</i>
                <i>1 0 0 0 1 0 0 0 1 0 0.92 -1.78</i>
                <i>1 0 0 0 1 0 0 0 1 0 0.92 -1.78</i>
                <i>1 0 0 0 1 0 0 0 1 0 0.92 -1.78</i>
                <i>1 0 0 0 1 0 0 0 1 0 0.92 -1.78</i>
                <i>1 0 0 0 1 0 0 0 1 0 0.92 -1.78</i>
                <i>1 0 0 0 1 0 0 0 1 0 0.92 -1.78</i>
                <i>1 0 0 0 1 0 0 0 1 0 0.92 -1.78</i>
                <i>1 0 0 0 1 0 0 0 1 0 0.92 -1.78</i>
                <i>1 0 0 0 1 0 0 0 1 0 0.92 -1.78</i>
                <i>1 0 0 0 1 0 0 0 1 0 0.92 -1.78</i>
                <i>1 0 0 0 1 0 0 0 1 0 0.92 -1.78</i>
                <i>1 0 0 0 1 0 0 0 1 0 0.92 -1.78</i>
                <i>1 0 0 0 1 0 0 0 1 0 0.92 -1.78</i>
                <i>1 0 0 0 1 0 0 0 1 0 0.92 -1.78</i>
                <i>1 0 0 0 1 0 0 0 1 0 0.92 -1.78</i>
                <i>1 0 0 0 1 0 0 0 1 0 0.92 -1.78</i>
                <i>1 0 0 0 1 0 0 0 1 0 0.92 -1.78</i>
                <i>1 0 0 0 1 0 0 0 1 0 0.92 -1.78</i>
                <i>1 0 0 0 1 0 0 0 1 0 0.92 -1.78</i>
                <i>1 0 0 0 1 0 0 0 1 0 0.92 -1.78</i>
                <i>1 0 0 0 1 0 0 0 1 0 0.92 -1.78</i>
                <i>1 0 0 0 1 0 0 0 1 0 0.92 -1.78</i>
                <i>1 0 0 0 1 0 0 0 1 0 0.92 -1.78</i>
                <i>1 0 0 0 1 0 0 0 1 0 0.92 -1.78</i>
                <i>1 0 0 0 1 0 0 0 1 0 0.92 -1.78</i>
                <i>1 0 0 0 1 0 0 0 1 0 0.92 -1.78</i>
                <i>1 0 0 0 1 0 0 0 1 0 0.92 -1.78</i>
                <i>1 0 0 0 1 0 0 0 1 0 0.92 -1.78</i>
                <i>1 0 0 0 1 0 0 0 1 0 0.92 -1.78</i>
                <i>1 0 0 0 1 0 0 0 1 0 0.92 -1.78</i>
                <i>1 0 0 0 1 0 0 0 1 0 0.92 -1.78</i>
                <i>1 0 0 0 1 0 0 0 1 0 0.92 -1.78</i>
                <i>1 0 0 0 1 0 0 0 1 0 0.92 -1.78</i>
                <i>1 0 0 0 1 0 0 0 1 0 0.92 -1.78</i>
                <i>1 0 0 0 1 0 0 0 1 0 0.92 -1.78</i>
                <i>1 0 0 0 1 0 0 0 1 0 0.92 -1.78</i>
                <i>1 0 0 0 1 0 0 0 1 0 0.92 -1.78</i>
                <i>1 0 0 0 1 0 0 0 1 0 0.92 -1.78</i>
                <i>1 0 0 0 1 0 0 0 1 0 0.92 -1.78</i>
                <i>1 0 0 0 1 0 0 0 1 0 0.92 -1.78</i>
                <i>1 0 0 0 1 0 0 0 1 0 0.92 -1.78</i>
                <i>1 0 0 0 1 0 0 0 1 0 0.92 -1.78</i>
                <i>1 0 0 0 1 0 0 0 1 0 0.92 -1.78</i>
                <i>1 0 0 0 1 0 0 0 1 0 0.92 -1.78</i>
                <i>1 0 0 0 1 0 0 0 1 0 0.92 -1.78</i>
                <i>1 0 0 0 1 0 0 0 1 0 0.92 -1.78</i>
                <i>1 0 0 0 1 0 0 0 1 0 0.92 -1.78</i>
                <i>1 0 0 0 1 0 0 0 1 0 0.92 -1.78</i>
                <i>1 0 0 0 1 0 0 0 1 0 0.92 -1.78</i>
                <i>1 0 0 0 1 0 0 0 1 0 0.92 -1.78</i>
                <i>1 0 0 0 1 0 0 0 1 0 0.92 -1.78</i>
                <i>1 0 0 0 1 0 0 0 1 0 0.92 -1.78</i>
                <i>1 0 0 0 1 0 0 0 1 0 0.92 -1.78</i>
                <i>1 0 0 0 1 0 0 0 1 0 0.92 -1.78</i>
                <i>1 0 0 0 1 0 0 0 1 0 0.92 -1.78</i>
            </KeyFrames>
        </RefFrame>
        <Bones count="23">
            <i>
                <p>
                    <Name>
                        <![CDATA[pelvis]]>
</Name>
                    <Exclude>0</Exclude>
                    <Additive>0</Additive>
                    <IKPriority>0</IKPriority>
                    <IKRotLimits>-1e+010 -1e+010 -1e+010 1e+010 1e+010 1e+010</IKRotLimits>
                    <IKRotLimitOrder>2</IKRotLimitOrder>
                    <KeyFrames count="65">
                        <i>1 0 0 0 1 0 0 0 1 -0.0463203 2.38995 -1.56669</i>
                        <i>1 0 0 0 1 0 0 0 1 -0.0464167 2.39027 -1.56669</i>
                        <i>1 0 0 0 1 0 0 0 1 -0.0466975 2.3912 -1.56669</i>
                        <i>1 0 0 0 1 0 0 0 1 -0.0471506 2.39263 -1.56669</i>
                        <i>1 0 0 0 1 0 0 0 1 -0.0477637 2.39449 -1.56669</i>
                        <i>1 0 0 0 1 0 0 0 1 -0.0485243 2.39669 -1.56669</i>
                        <i>1 0 0 0 1 0 0 0 1 -0.0494203 2.39915 -1.56669</i>
                        <i>1 0 0 0 1 0 0 0 1 -0.0504392 2.40178 -1.56669</i>
                        <i>1 0 0 0 1 0 0 0 1 -0.0515689 2.40449 -1.56669</i>
                        <i>1 0 0 0 1 0 0 0 1 -0.052797 2.40721 -1.56669</i>
                        <i>1 0 0 0 1 0 0 0 1 -0.0541112 2.40984 -1.56669</i>
                        <i>1 0 0 0 1 0 0 0 1 -0.0554992 2.41229 -1.56669</i>
                        <i>1 0 0 0 1 0 0 0 1 -0.0569488 2.4145 -1.56669</i>
                        <i>1 0 0 0 1 0 0 0 1 -0.0584475 2.41636 -1.56669</i>
                        <i>1 0 0 0 1 0 0 0 1 -0.0599831 2.41779 -1.56669</i>
                        <i>1 0 0 0 1 0 0 0 1 -0.0615434 2.41872 -1.56669</i>
                        <i>1 0 0 0 1 0 0 0 1 -0.0631159 2.41904 -1.56669</i>
                        <i>1 0 0 0 1 0 0 0 1 -0.0646884 2.41872 -1.56669</i>
                        <i>1 0 0 0 1 0 0 0 1 -0.0662487 2.41779 -1.56669</i>
                        <i>1 0 0 0 1 0 0 0 1 -0.0677843 2.41636 -1.56669</i>
                        <i>1 0 0 0 1 0 0 0 1 -0.069283 2.4145 -1.56669</i>
                        <i>1 0 0 0 1 0 0 0 1 -0.0707326 2.41229 -1.56669</i>
                        <i>1 0 0 0 1 0 0 0 1 -0.0721206 2.40984 -1.56669</i>
                        <i>1 0 0 0 1 0 0 0 1 -0.0734348 2.40721 -1.56669</i>
                        <i>1 0 0 0 1 0 0 0 1 -0.0746629 2.40449 -1.56669</i>
                        <i>1 0 0 0 1 0 0 0 1 -0.0757926 2.40178 -1.56669</i>
                        <i>1 0 0 0 1 0 0 0 1 -0.0768115 2.39915 -1.56669</i>
                        <i>1 0 0 0 1 0 0 0 1 -0.0777075 2.39669 -1.56669</i>
                        <i>1 0 0 0 1 0 0 0 1 -0.0784681 2.39449 -1.56669</i>
                        <i>1 0 0 0 1 0 0 0 1 -0.0790812 2.39263 -1.56669</i>
                        <i>1 0 0 0 1 0 0 0 1 -0.0795343 2.3912 -1.56669</i>
                        <i>1 0 0 0 1 0 0 0 1 -0.0798151 2.39027 -1.56669</i>
                        <i>1 0 0 0 1 0 0 0 1 -0.0799115 2.38995 -1.56669</i>
                        <i>1 0 0 0 1 0 0 0 1 -0.0798151 2.39027 -1.56669</i>
                        <i>1 0 0 0 1 0 0 0 1 -0.0795343 2.3912 -1.56669</i>
                        <i>1 0 0 0 1 0 0 0 1 -0.0790812 2.39263 -1.56669</i>
                        <i>1 0 0 0 1 0 0 0 1 -0.0784681 2.39449 -1.56669</i>
                        <i>1 0 0 0 1 0 0 0 1 -0.0777075 2.39669 -1.56669</i>
                        <i>1 0 0 0 1 0 0 0 1 -0.0768115 2.39915 -1.56669</i>
                        <i>1 0 0 0 1 0 0 0 1 -0.0757926 2.40178 -1.56669</i>
                        <i>1 0 0 0 1 0 0 0 1 -0.0746629 2.40449 -1.56669</i>
                        <i>1 0 0 0 1 0 0 0 1 -0.0734348 2.40721 -1.56669</i>
                        <i>1 0 0 0 1 0 0 0 1 -0.0721206 2.40984 -1.56669</i>
                        <i>1 0 0 0 1 0 0 0 1 -0.0707326 2.41229 -1.56669</i>
                        <i>1 0 0 0 1 0 0 0 1 -0.069283 2.4145 -1.56669</i>
                        <i>1 0 0 0 1 0 0 0 1 -0.0677843 2.41636 -1.56669</i>
                        <i>1 0 0 0 1 0 0 0 1 -0.0662487 2.41779 -1.56669</i>
                        <i>1 0 0 0 1 0 0 0 1 -0.0646884 2.41872 -1.56669</i>
                        <i>1 0 0 0 1 0 0 0 1 -0.0631159 2.41904 -1.56669</i>
                        <i>1 0 0 0 1 0 0 0 1 -0.0615434 2.41872 -1.56669</i>
                        <i>1 0 0 0 1 0 0 0 1 -0.0599831 2.41779 -1.56669</i>
                        <i>1 0 0 0 1 0 0 0 1 -0.0584475 2.41636 -1.56669</i>
                        <i>1 0 0 0 1 0 0 0 1 -0.0569488 2.4145 -1.56669</i>
                        <i>1 0 0 0 1 0 0 0 1 -0.0554992 2.41229 -1.56669</i>
                        <i>1 0 0 0 1 0 0 0 1 -0.0541112 2.40984 -1.56669</i>
                        <i>1 0 0 0 1 0 0 0 1 -0.052797 2.40721 -1.56669</i>
                        <i>1 0 0 0 1 0 0 0 1 -0.0515689 2.40449 -1.56669</i>
                        <i>1 0 0 0 1 0 0 0 1 -0.0504392 2.40178 -1.56669</i>
                        <i>1 0 0 0 1 0 0 0 1 -0.0494203 2.39915 -1.56669</i>
                        <i>1 0 0 0 1 0 0 0 1 -0.0485243 2.39669 -1.56669</i>
                        <i>1 0 0 0 1 0 0 0 1 -0.0477637 2.39449 -1.56669</i>
                        <i>1 0 0 0 1 0 0 0 1 -0.0471506 2.39263 -1.56669</i>
                        <i>1 0 0 0 1 0 0 0 1 -0.0466975 2.3912 -1.56669</i>
                        <i>1 0 0 0 1 0 0 0 1 -0.0464167 2.39027 -1.56669</i>
                        <i>1 0 0 0 1 0 0 0 1 -0.0463203 2.38995 -1.56669</i>
                    </KeyFrames>
                </p>
            </i>
            <i>
                <p>
                    <Name>
                        <![CDATA[spine0]]>
</Name>
                    <Exclude>0</Exclude>
                    <Additive>0</Additive>
                    <IKPriority>0</IKPriority>
                    <IKRotLimits>-1e+010 -1e+010 -1e+010 1e+010 1e+010 1e+010</IKRotLimits>
                    <IKRotLimitOrder>0</IKRotLimitOrder>
                    <KeyFrames count="65">
                        <i>-0.285111 0.848281 0.446242 -0.939824 -0.338855 0.043677 0.188262 -0.406936 0.893846 -0.0768291 2.51193 -1.63658</i>
                        <i>-0.284607 0.847127 0.448748 -0.93997 -0.338546 0.0429398 0.188297 -0.409588 0.892626 -0.0763704 2.51237 -1.63662</i>
                        <i>-0.284055 0.845776 0.451637 -0.940122 -0.338228 0.0421099 0.188372 -0.412632 0.891208 -0.0760172 2.51342 -1.63666</i>
                        <i>-0.283485 0.844321 0.454707 -0.940272 -0.337915 0.0412484 0.188479 -0.415855 0.889685 -0.0758041 2.51499 -1.63671</i>
                        <i>-0.282925 0.842866 0.457744 -0.940416 -0.337617 0.0404141 0.188606 -0.419036 0.888165 -0.0757659 2.51698 -1.63676</i>
                        <i>-0.282404 0.841525 0.460525 -0.940547 -0.33734 0.0396637 0.188731 -0.421944 0.88676 -0.0759373 2.51929 -1.6368</i>
                        <i>-0.28195 0.840421 0.462814 -0.940664 -0.337085 0.0390518 0.188828 -0.424342 0.885595 -0.0763537 2.52183 -1.63683</i>
                        <i>-0.28159 0.839681 0.464373 -0.940764 -0.336854 0.0386314 0.188864 -0.425987 0.884797 -0.07705 2.52452 -1.63686</i>
                        <i>-0.281354 0.839435 0.46496 -0.940846 -0.336645 0.0384557 0.188807 -0.426636 0.884496 -0.0780616 2.52725 -1.63686</i>
                        <i>-0.281164 0.839811 0.464397 -0.940957 -0.336327 0.0385182 0.188537 -0.426147 0.884789 -0.0793732 2.52996 -1.63685</i>
                        <i>-0.280958 0.840744 0.46283 -0.941118 -0.335846 0.0387748 0.188039 -0.424684 0.885599 -0.0809227 2.53256 -1.63681</i>
                        <i>-0.28079 0.842068 0.46052 -0.941285 -0.335326 0.0392242 0.187454 -0.422467 0.886782 -0.0826757 2.53497 -1.63675</i>
                        <i>-0.280711 0.843616 0.457727 -0.941416 -0.334883 0.0398644 0.186916 -0.419721 0.888199 -0.0845971 2.5371 -1.63669</i>
                        <i>-0.280772 0.845229 0.454704 -0.94147 -0.334632 0.0406909 0.186551 -0.416665 0.889713 -0.0866524 2.53887 -1.63663</i>
                        <i>-0.28102 0.84676 0.451692 -0.941411 -0.334674 0.0416956 0.186476 -0.413511 0.891199 -0.0888066 2.54019 -1.63658</i>
                        <i>-0.281501 0.848071 0.448924 -0.941204 -0.335107 0.0428676 0.186793 -0.410462 0.892541 -0.0910251 2.54097 -1.63655</i>
                        <i>-0.282261 0.849034 0.44662 -0.940817 -0.336022 0.0441932 0.187596 -0.407714 0.893632 -0.0932733 2.54113 -1.63656</i>
                        <i>-0.283152 0.849855 0.444491 -0.940347 -0.337147 0.0455923 0.188606 -0.405066 0.894622 -0.0955166 2.54061 -1.6366</i>
                        <i>-0.283984 0.850771 0.442202 -0.93992 -0.33815 0.0469609 0.189483 -0.402298 0.895685 -0.0977223 2.53948 -1.63667</i>
                        <i>-0.284743 0.851711 0.439897 -0.939539 -0.339026 0.0482494 0.190231 -0.399562 0.896751 -0.099858 2.53784 -1.63676</i>
                        <i>-0.285416 0.852609 0.437716 -0.939209 -0.339772 0.0494098 0.190851 -0.397004 0.897755 -0.101892 2.53578 -1.63686</i>
                        <i>-0.285989 0.853404 0.43579 -0.938934 -0.340386 0.0503957 0.191345 -0.394766 0.898636 -0.103791 2.5334 -1.63695</i>
                        <i>-0.286448 0.854034 0.434251 -0.938719 -0.340866 0.0511619 0.191715 -0.392984 0.899338 -0.105525 2.5308 -1.63704</i>
                        <i>-0.28678 0.854443 0.433226 -0.938566 -0.34121 0.051664 0.191965 -0.391795 0.899804 -0.107061 2.52807 -1.63709</i>
                        <i>-0.286973 0.854572 0.432844 -0.938481 -0.341416 0.0518578 0.192096 -0.391334 0.899976 -0.108368 2.52532 -1.63712</i>
                        <i>-0.28699 0.854391 0.43319 -0.938496 -0.34141 0.0516133 0.191993 -0.391735 0.899824 -0.10941 2.52265 -1.6371</i>
                        <i>-0.286835 0.853943 0.434175 -0.938625 -0.341163 0.0509083 0.191597 -0.392925 0.899389 -0.110187 2.52012 -1.63704</i>
                        <i>-0.28655 0.853276 0.435671 -0.938834 -0.34074 0.0498596 0.190995 -0.394736 0.898724 -0.110719 2.51781 -1.63696</i>
                        <i>-0.286179 0.852437 0.437553 -0.939094 -0.340209 0.048584 0.190274 -0.397 0.897879 -0.111027 2.51578 -1.63687</i>
                        <i>-0.285763 0.851476 0.439692 -0.939372 -0.339635 0.0471995 0.189524 -0.399546 0.896908 -0.11113 2.51411 -1.63677</i>
                        <i>-0.285348 0.850443 0.441955 -0.939637 -0.339089 0.0458252 0.188834 -0.402201 0.895866 -0.11105 2.51287 -1.63668</i>
                        <i>-0.284976 0.849394 0.444205 -0.939858 -0.338642 0.0445817 0.188294 -0.404785 0.894815 -0.110807 2.51212 -1.63662</i>
                        <i>-0.284693 0.84839 0.4463 -0.940004 -0.338367 0.0435909 0.187995 -0.407114 0.893821 -0.11042 2.51193 -1.63658</i>
                        <i>-0.284447 0.84727 0.44858 -0.940088 -0.338241 0.042749 0.187948 -0.409545 0.89272 -0.109807 2.51239 -1.63658</i>
                        <i>-0.284174 0.845896 0.451337 -0.940144 -0.338192 0.0419 0.188082 -0.412415 0.891369 -0.10891 2.51344 -1.63661</i>
                        <i>-0.283899 0.844374 0.45435 -0.940171 -0.338217 0.0410873 0.188362 -0.415502 0.889875 -0.107793 2.51501 -1.63665</i>
                        <i>-0.283648 0.842819 0.457384 -0.94017 -0.338309 0.0403518 0.188746 -0.418573 0.888353 -0.10652 2.51699 -1.63671</i>
                        <i>-0.283442 0.841357 0.460195 -0.940144 -0.338454 0.0397305 0.189182 -0.421388 0.886928 -0.105155 2.5193 -1.63676</i>
                        <i>-0.283305 0.840124 0.462525 -0.9401 -0.338631 0.0392568 0.189606 -0.423698 0.885737 -0.103764 2.52184 -1.63681</i>
                        <i>-0.283256 0.839266 0.46411 -0.940046 -0.338815 0.0389611 0.189946 -0.425249 0.88492 -0.102409 2.52452 -1.63685</i>
                        <i>-0.283317 0.838928 0.464685 -0.939991 -0.338979 0.0388731 0.19013 -0.425786 0.884622 -0.101156 2.52725 -1.63686</i>
                        <i>-0.283425 0.839226 0.46408 -0.939972 -0.339015 0.0389986 0.190059 -0.425169 0.884934 -0.100011 2.52996 -1.63685</i>
                        <i>-0.283533 0.840078 0.462471 -0.939999 -0.338903 0.0393197 0.189764 -0.423574 0.885762 -0.0989321 2.53256 -1.63681</i>
                        <i>-0.283675 0.84132 0.460119 -0.940035 -0.338744 0.0398318 0.189374 -0.421229 0.886963 -0.097909 2.53497 -1.63675</i>
                        <i>-0.283888 0.842791 0.457287 -0.940043 -0.338638 0.0405296 0.189013 -0.418364 0.888395 -0.0969314 2.5371 -1.63669</i>
                        <i>-0.284209 0.844335 0.454229 -0.939989 -0.338682 0.0414061 0.1888 -0.415203 0.889922 -0.0959892 2.53887 -1.63663</i>
                        <i>-0.28467 0.845808 0.451189 -0.939841 -0.338963 0.0424511 0.188842 -0.411962 0.891418 -0.0950722 2.54019 -1.63658</i>
                        <i>-0.285304 0.847077 0.4484 -0.939569 -0.339564 0.0436516 0.189237 -0.408849 0.892766 -0.0941702 2.54097 -1.63655</i>
                        <i>-0.286145 0.848016 0.446083 -0.939145 -0.340562 0.0449921 0.190073 -0.406062 0.89386 -0.0932733 2.54113 -1.63656</i>
                        <i>-0.286992 0.848845 0.443958 -0.93869 -0.341627 0.0463822 0.191039 -0.403427 0.894846 -0.0923715 2.54061 -1.6366</i>
                        <i>-0.2877 0.84979 0.441685 -0.938313 -0.342477 0.0477267 0.191824 -0.400708 0.8959 -0.0914567 2.53948 -1.63667</i>
                        <i>-0.288275 0.850777 0.439405 -0.93801 -0.343129 0.0489791 0.192443 -0.398047 0.896953 -0.0905212 2.53784 -1.63676</i>
                        <i>-0.288719 0.851734 0.437254 -0.937778 -0.343603 0.0500946 0.192909 -0.395584 0.897942 -0.0895575 2.53578 -1.63686</i>
                        <i>-0.289036 0.852594 0.435364 -0.937613 -0.343916 0.0510298 0.193236 -0.393454 0.898807 -0.0885581 2.5334 -1.63695</i>
                        <i>-0.28923 0.853294 0.433862 -0.937512 -0.344085 0.0517427 0.193437 -0.391785 0.899492 -0.0875159 2.5308 -1.63704</i>
                        <i>-0.289304 0.853771 0.432873 -0.937471 -0.344128 0.0521922 0.193524 -0.390706 0.899943 -0.0864235 2.52807 -1.63709</i>
                        <i>-0.289261 0.853962 0.432524 -0.937487 -0.344062 0.0523371 0.193509 -0.390347 0.900102 -0.0852738 2.52532 -1.63712</i>
                        <i>-0.289061 0.853826 0.432926 -0.937591 -0.34382 0.0520683 0.193306 -0.390856 0.899925 -0.0840508 2.52265 -1.6371</i>
                        <i>-0.28869 0.853405 0.434002 -0.937797 -0.343363 0.05137 0.19286 -0.392176 0.899446 -0.0827768 2.52011 -1.63706</i>
                        <i>-0.288187 0.852757 0.435607 -0.938082 -0.342737 0.0503403 0.192227 -0.394127 0.898728 -0.0815011 2.5178 -1.63699</i>
                        <i>-0.287593 0.851942 0.437591 -0.93842 -0.341994 0.0490773 0.191464 -0.39653 0.897834 -0.080273 2.51577 -1.63692</i>
                        <i>-0.286947 0.851019 0.439805 -0.938787 -0.341182 0.0476796 0.19063 -0.399202 0.896827 -0.079142 2.51409 -1.63683</i>
                        <i>-0.28629 0.850054 0.442094 -0.93916 -0.340352 0.0462468 0.18978 -0.401957 0.895776 -0.0781578 2.51285 -1.63674</i>
                        <i>-0.285664 0.849116 0.444295 -0.939514 -0.339559 0.0448789 0.188972 -0.404601 0.894756 -0.0773702 2.5121 -1.63666</i>
                        <i>-0.285111 0.848281 0.446242 -0.939824 -0.338855 0.043677 0.188262 -0.406936 0.893846 -0.0768291 2.51193 -1.63658</i>
                    </KeyFrames>
                </p>
            </i>
            <i>
                <p>
                    <Name>
                        <![CDATA[spine1]]>
</Name>
                    <Exclude>0</Exclude>
                    <Additive>0</Additive>
                    <IKPriority>0</IKPriority>
                    <IKRotLimits>-1e+010 -1e+010 -1e+010 1e+010 1e+010 1e+010</IKRotLimits>
                    <IKRotLimitOrder>0</IKRotLimitOrder>
                    <KeyFrames count="65">
                        <i>-0.226625 0.549927 0.803879 -0.954445 -0.289872 -0.0707736 0.194102 -0.783298 0.590567 -0.143971 2.71164 -1.53196</i>
                        <i>-0.228486 0.545615 0.806287 -0.95353 -0.292502 -0.072275 0.196406 -0.785332 0.587093 -0.143221 2.7113 -1.53167</i>
                        <i>-0.230645 0.540654 0.809009 -0.952447 -0.295579 -0.0740055 0.199115 -0.787608 0.583119 -0.142544 2.71145 -1.53134</i>
                        <i>-0.232932 0.535404 0.811841 -0.951275 -0.298871 -0.075835 0.202034 -0.789948 0.578933 -0.141997 2.71208 -1.53099</i>
                        <i>-0.235174 0.530236 0.814582 -0.950099 -0.302134 -0.0776306 0.20495 -0.79219 0.57483 -0.141633 2.71315 -1.53063</i>
                        <i>-0.237192 0.525533 0.817041 -0.949015 -0.305105 -0.0792563 0.207632 -0.794183 0.571107 -0.141509 2.71463 -1.53031</i>
                        <i>-0.238806 0.521688 0.819032 -0.948126 -0.307513 -0.0805735 0.209828 -0.795787 0.568062 -0.14168 2.7165 -1.53004</i>
                        <i>-0.239834 0.519101 0.820374 -0.947545 -0.309073 -0.0814422 0.211279 -0.796874 0.565998 -0.142198 2.71873 -1.52985</i>
                        <i>-0.240094 0.51817 0.820886 -0.94738 -0.309504 -0.0817223 0.211722 -0.797312 0.565214 -0.143119 2.72131 -1.52979</i>
                        <i>-0.239568 0.519171 0.820408 -0.947664 -0.308728 -0.0813593 0.211043 -0.796962 0.565961 -0.144419 2.72419 -1.52985</i>
                        <i>-0.238432 0.521842 0.819043 -0.948301 -0.307006 -0.0804556 0.209466 -0.795882 0.568063 -0.146013 2.72728 -1.53002</i>
                        <i>-0.236797 0.525768 0.817004 -0.949198 -0.304573 -0.0791087 0.207245 -0.794231 0.57118 -0.147866 2.73042 -1.53027</i>
                        <i>-0.234776 0.530533 0.814503 -0.950265 -0.301666 -0.0774162 0.204636 -0.792169 0.574971 -0.14994 2.73342 -1.53059</i>
                        <i>-0.232483 0.535727 0.811756 -0.951417 -0.298513 -0.0754748 0.201886 -0.789865 0.579099 -0.1522 2.73614 -1.53093</i>
                        <i>-0.230029 0.540953 0.808985 -0.952575 -0.295325 -0.0733796 0.199219 -0.787498 0.583232 -0.154607 2.7384 -1.53127</i>
                        <i>-0.227524 0.545825 0.806416 -0.953669 -0.292305 -0.0712236 0.196844 -0.78526 0.587043 -0.157123 2.74004 -1.5316</i>
                        <i>-0.225075 0.549972 0.804283 -0.954639 -0.289636 -0.0690976 0.194948 -0.783353 0.590215 -0.15971 2.74091 -1.5319</i>
                        <i>-0.222714 0.55381 0.802305 -0.95553 -0.287179 -0.0670156 0.193291 -0.781551 0.593141 -0.16232 2.74105 -1.53219</i>
                        <i>-0.220454 0.557843 0.800132 -0.956397 -0.284749 -0.064985 0.191585 -0.77957 0.596293 -0.164901 2.74067 -1.53253</i>
                        <i>-0.21837 0.561839 0.797905 -0.957205 -0.282451 -0.0630822 0.189927 -0.777534 0.599474 -0.167404 2.73981 -1.53288</i>
                        <i>-0.216536 0.565576 0.795762 -0.957923 -0.280387 -0.0613804 0.188406 -0.775569 0.602491 -0.169781 2.73851 -1.53322</i>
                        <i>-0.215019 0.568839 0.793844 -0.958519 -0.278654 -0.0599494 0.187107 -0.773805 0.605159 -0.171983 2.73681 -1.53353</i>
                        <i>-0.213891 0.57142 0.792295 -0.958965 -0.277347 -0.058857 0.186109 -0.772372 0.607293 -0.173962 2.73477 -1.53377</i>
                        <i>-0.213218 0.573112 0.791253 -0.959235 -0.276558 -0.0581698 0.18549 -0.7714 0.608716 -0.17567 2.73241 -1.53394</i>
                        <i>-0.213069 0.573709 0.79086 -0.959299 -0.276382 -0.0579547 0.18533 -0.771019 0.609247 -0.177057 2.7298 -1.534</i>
                        <i>-0.213533 0.573062 0.791204 -0.959149 -0.276817 -0.0583621 0.185574 -0.771344 0.608762 -0.178072 2.72699 -1.53394</i>
                        <i>-0.21457 0.57131 0.79219 -0.958817 -0.277744 -0.0593988 0.186091 -0.77231 0.607377 -0.178724 2.72409 -1.53378</i>
                        <i>-0.216062 0.568672 0.793681 -0.958332 -0.279087 -0.0609192 0.186863 -0.773772 0.605276 -0.179057 2.72123 -1.53354</i>
                        <i>-0.217891 0.565365 0.795541 -0.95772 -0.280768 -0.0627777 0.18787 -0.775584 0.602639 -0.179114 2.71852 -1.53324</i>
                        <i>-0.219938 0.561613 0.797633 -0.957012 -0.282712 -0.0648273 0.189093 -0.777602 0.599649 -0.178939 2.71609 -1.53291</i>
                        <i>-0.22208 0.557643 0.799822 -0.956237 -0.284838 -0.0669191 0.190503 -0.77968 0.596496 -0.178576 2.71406 -1.53257</i>
                        <i>-0.224193 0.55369 0.801975 -0.95543 -0.287063 -0.068901 0.192068 -0.781679 0.59337 -0.178068 2.71253 -1.53224</i>
                        <i>-0.226149 0.549998 0.803964 -0.95463 -0.289299 -0.0706184 0.193746 -0.783459 0.59047 -0.177458 2.71164 -1.53195</i>
                        <i>-0.228225 0.545976 0.806117 -0.953705 -0.291927 -0.0722903 0.195858 -0.785296 0.587324 -0.176625 2.71136 -1.53166</i>
                        <i>-0.230664 0.541126 0.808688 -0.95255 -0.295212 -0.0741595 0.198604 -0.787422 0.583544 -0.175476 2.71154 -1.53134</i>
                        <i>-0.23328 0.535848 0.811448 -0.951252 -0.298879 -0.0761032 0.201745 -0.789644 0.579449 -0.174098 2.71216 -1.53099</i>
                        <i>-0.235883 0.530554 0.81417 -0.949909 -0.302638 -0.0779955 0.205018 -0.791785 0.575365 -0.172574 2.71321 -1.53064</i>
                        <i>-0.238281 0.525666 0.816638 -0.948631 -0.30618 -0.0797074 0.208139 -0.79368 0.57162 -0.170989 2.71467 -1.53032</i>
                        <i>-0.240277 0.521623 0.818643 -0.947539 -0.309177 -0.0811073 0.210799 -0.795185 0.568546 -0.169426 2.71651 -1.53005</i>
                        <i>-0.241673 0.518864 0.819984 -0.946765 -0.311291 -0.0820623 0.212675 -0.796164 0.566473 -0.167967 2.71871 -1.52987</i>
                        <i>-0.242272 0.517833 0.820459 -0.946439 -0.312181 -0.0824395 0.213442 -0.796487 0.56573 -0.166695 2.72127 -1.5298</i>
                        <i>-0.242081 0.518782 0.819916 -0.946582 -0.311813 -0.0821865 0.213024 -0.796013 0.566554 -0.165612 2.72415 -1.52987</i>
                        <i>-0.241298 0.521399 0.818485 -0.947076 -0.310518 -0.0813989 0.211713 -0.794809 0.568732 -0.164656 2.72724 -1.53004</i>
                        <i>-0.240019 0.525271 0.816383 -0.947837 -0.30851 -0.0801681 0.209752 -0.79304 0.57192 -0.16381 2.73036 -1.5303</i>
                        <i>-0.23834 0.529985 0.813825 -0.948781 -0.306003 -0.078586 0.207383 -0.790872 0.575772 -0.163059 2.73336 -1.53062</i>
                        <i>-0.236355 0.535133 0.811029 -0.94983 -0.303205 -0.0767437 0.20484 -0.788479 0.57995 -0.162387 2.73607 -1.53096</i>
                        <i>-0.23416 0.540323 0.808221 -0.950909 -0.300312 -0.0747306 0.20234 -0.786043 0.584118 -0.161778 2.73833 -1.53131</i>
                        <i>-0.231847 0.545169 0.805629 -0.951953 -0.297506 -0.0726343 0.200081 -0.783761 0.587951 -0.161215 2.73997 -1.53164</i>
                        <i>-0.229507 0.549304 0.803487 -0.952904 -0.294955 -0.0705403 0.198244 -0.781836 0.591128 -0.160679 2.74083 -1.53194</i>
                        <i>-0.227111 0.553152 0.801525 -0.95383 -0.292445 -0.068443 0.196543 -0.780063 0.594031 -0.160135 2.74097 -1.53224</i>
                        <i>-0.224724 0.557208 0.799386 -0.954768 -0.289851 -0.0663663 0.194723 -0.778142 0.597141 -0.159567 2.7406 -1.53258</i>
                        <i>-0.222441 0.561238 0.797203 -0.955673 -0.287303 -0.064394 0.192899 -0.776189 0.600267 -0.158954 2.73973 -1.53293</i>
                        <i>-0.220352 0.565015 0.795112 -0.956502 -0.284928 -0.062606 0.191176 -0.774321 0.603223 -0.158278 2.73844 -1.53326</i>
                        <i>-0.218549 0.568323 0.79325 -0.957218 -0.282847 -0.0610791 0.189655 -0.772662 0.605825 -0.157519 2.73674 -1.53357</i>
                        <i>-0.217119 0.570949 0.791755 -0.957786 -0.281176 -0.0598875 0.18843 -0.771334 0.607896 -0.156657 2.7347 -1.53381</i>
                        <i>-0.21615 0.572686 0.790766 -0.958169 -0.280033 -0.059104 0.187592 -0.770463 0.609259 -0.155671 2.73236 -1.53397</i>
                        <i>-0.215729 0.573323 0.790419 -0.958334 -0.279532 -0.0588014 0.187235 -0.770171 0.609738 -0.154543 2.72975 -1.53403</i>
                        <i>-0.21595 0.572667 0.790834 -0.958261 -0.279716 -0.0591177 0.187354 -0.770592 0.609169 -0.153237 2.72693 -1.53397</i>
                        <i>-0.21676 0.570839 0.791933 -0.957985 -0.280461 -0.0600486 0.187828 -0.771676 0.607648 -0.15178 2.72402 -1.53381</i>
                        <i>-0.218029 0.568098 0.793554 -0.957547 -0.281649 -0.0614565 0.18859 -0.773265 0.605389 -0.150245 2.72114 -1.53357</i>
                        <i>-0.219627 0.564702 0.795535 -0.956989 -0.283157 -0.0632039 0.18957 -0.775199 0.602602 -0.148707 2.71842 -1.53327</i>
                        <i>-0.221421 0.560913 0.797715 -0.956351 -0.284864 -0.0651519 0.190696 -0.777322 0.599505 -0.147237 2.71598 -1.53293</i>
                        <i>-0.223278 0.557 0.799936 -0.955681 -0.286642 -0.0671592 0.191887 -0.779479 0.596315 -0.14591 2.71395 -1.53259</i>
                        <i>-0.22506 0.553243 0.802042 -0.955028 -0.288357 -0.069082 0.193055 -0.781519 0.59326 -0.144797 2.71246 -1.53225</i>
                        <i>-0.226625 0.549927 0.803879 -0.954445 -0.289872 -0.0707736 0.194102 -0.783298 0.590567 -0.143971 2.71164 -1.53196</i>
                    </KeyFrames>
                </p>
            </i>
            <i>
                <p>
                    <Name>
                        <![CDATA[spine2]]>
</Name>
                    <Exclude>0</Exclude>
                    <Additive>0</Additive>
                    <IKPriority>0</IKPriority>
                    <IKRotLimits>-1e+010 -1e+010 -1e+010 1e+010 1e+010 1e+010</IKRotLimits>
                    <IKRotLimitOrder>0</IKRotLimitOrder>
                    <KeyFrames count="65">
                        <i>-0.182791 0.486871 0.854134 -0.978482 -0.174667 -0.109839 0.095711 -0.855832 0.508322 -0.192906 2.82972 -1.35751</i>
                        <i>-0.185635 0.484574 0.854826 -0.977875 -0.176479 -0.112316 0.0964334 -0.856763 0.506613 -0.19243 2.82815 -1.35716</i>
                        <i>-0.1889 0.481951 0.855593 -0.977166 -0.178563 -0.115157 0.0972773 -0.85781 0.504677 -0.192072 2.8269 -1.35676</i>
                        <i>-0.192339 0.4792 0.856372 -0.976405 -0.180761 -0.118149 0.0981816 -0.858891 0.50266 -0.191862 2.82605 -1.35634</i>
                        <i>-0.195702 0.476514 0.857109 -0.975645 -0.182912 -0.121077 0.0990804 -0.859929 0.500705 -0.191828 2.82568 -1.35592</i>
                        <i>-0.198738 0.47409 0.857754 -0.974947 -0.184853 -0.123722 0.099903 -0.860853 0.49895 -0.191999 2.82586 -1.35554</i>
                        <i>-0.201195 0.472122 0.858267 -0.974374 -0.186421 -0.125865 0.100575 -0.861596 0.497531 -0.192403 2.82668 -1.35523</i>
                        <i>-0.202817 0.470805 0.858608 -0.973992 -0.187452 -0.127287 0.101021 -0.862093 0.496579 -0.193065 2.8282 -1.35502</i>
                        <i>-0.203353 0.470332 0.858741 -0.973865 -0.187781 -0.127767 0.101163 -0.86228 0.496226 -0.194013 2.83052 -1.35494</i>
                        <i>-0.202777 0.470793 0.858624 -0.974001 -0.187423 -0.127259 0.101013 -0.862106 0.496558 -0.195227 2.83367 -1.35501</i>
                        <i>-0.201325 0.47204 0.858281 -0.974338 -0.186558 -0.125945 0.100668 -0.861611 0.497486 -0.196652 2.83749 -1.35522</i>
                        <i>-0.199137 0.473913 0.857759 -0.974838 -0.185274 -0.123954 0.100177 -0.86086 0.498883 -0.198266 2.84169 -1.35553</i>
                        <i>-0.196349 0.476247 0.857109 -0.975463 -0.18366 -0.121412 0.0995941 -0.859918 0.500622 -0.200042 2.846 -1.35591</i>
                        <i>-0.193099 0.478877 0.856382 -0.976175 -0.181803 -0.118448 0.0989709 -0.85885 0.502574 -0.201958 2.85016 -1.35632</i>
                        <i>-0.189524 0.481637 0.855632 -0.976937 -0.179792 -0.115188 0.0983572 -0.85773 0.504604 -0.203987 2.85388 -1.35674</i>
                        <i>-0.18576 0.484358 0.854922 -0.977716 -0.177713 -0.111757 0.0977998 -0.85663 0.506576 -0.206104 2.8569 -1.35712</i>
                        <i>-0.181939 0.486869 0.854316 -0.97848 -0.175649 -0.10828 0.0973416 -0.855632 0.508349 -0.208282 2.85894 -1.35745</i>
                        <i>-0.178165 0.489296 0.853725 -0.979214 -0.173631 -0.10484 0.0969359 -0.854659 0.510061 -0.210496 2.86019 -1.35776</i>
                        <i>-0.174531 0.491791 0.853042 -0.979909 -0.171679 -0.101512 0.0965265 -0.85362 0.511874 -0.212716 2.861 -1.3581</i>
                        <i>-0.171155 0.494232 0.852315 -0.980543 -0.169859 -0.0984086 0.0961369 -0.852574 0.513688 -0.2149 2.86134 -1.35844</i>
                        <i>-0.168154 0.496498 0.851595 -0.981096 -0.168239 -0.0956383 0.0957871 -0.851578 0.515402 -0.217006 2.86119 -1.35877</i>
                        <i>-0.165641 0.498466 0.850938 -0.981552 -0.166882 -0.0933092 0.0954945 -0.850695 0.516912 -0.218993 2.8605 -1.35906</i>
                        <i>-0.163728 0.500017 0.850398 -0.981894 -0.165851 -0.091528 0.0952741 -0.849986 0.518118 -0.220818 2.85927 -1.35929</i>
                        <i>-0.162527 0.501032 0.85003 -0.982107 -0.16521 -0.0904007 0.0951401 -0.849513 0.518918 -0.222441 2.85745 -1.35945</i>
                        <i>-0.16215 0.501391 0.849891 -0.982172 -0.165021 -0.0900338 0.095108 -0.849338 0.519211 -0.22382 2.85503 -1.35951</i>
                        <i>-0.162789 0.500979 0.850011 -0.982067 -0.165309 -0.0906504 0.0951002 -0.849525 0.518906 -0.224915 2.85202 -1.35946</i>
                        <i>-0.164416 0.499862 0.850356 -0.981801 -0.166003 -0.0922496 0.0950494 -0.850047 0.518059 -0.225735 2.84858 -1.35931</i>
                        <i>-0.16681 0.498192 0.85087 -0.981403 -0.167029 -0.0946032 0.0949892 -0.850827 0.516789 -0.226304 2.84491 -1.35908</i>
                        <i>-0.169751 0.49612 0.851498 -0.980902 -0.168311 -0.0974831 0.0949534 -0.851784 0.515216 -0.226648 2.84119 -1.35879</i>
                        <i>-0.17302 0.493798 0.85219 -0.980329 -0.169774 -0.100661 0.0949735 -0.852842 0.513459 -0.226794 2.83762 -1.35847</i>
                        <i>-0.176392 0.491383 0.852894 -0.979717 -0.17134 -0.103906 0.0950773 -0.853923 0.51164 -0.226765 2.83439 -1.35813</i>
                        <i>-0.179642 0.489032 0.853567 -0.979106 -0.172931 -0.106987 0.0952879 -0.854952 0.50988 -0.226588 2.8317 -1.3578</i>
                        <i>-0.182544 0.486905 0.854167 -0.978537 -0.174467 -0.109671 0.0956243 -0.855854 0.508302 -0.226286 2.82973 -1.3575</i>
                        <i>-0.185505 0.484683 0.854792 -0.977925 -0.176203 -0.112316 0.096179 -0.856758 0.506671 -0.225781 2.82829 -1.35718</i>
                        <i>-0.188916 0.482082 0.855516 -0.977193 -0.178326 -0.115299 0.0969768 -0.857786 0.504776 -0.225017 2.8271 -1.35679</i>
                        <i>-0.192524 0.479309 0.856269 -0.976394 -0.180649 -0.118411 0.0979289 -0.858853 0.502774 -0.22405 2.82626 -1.35638</i>
                        <i>-0.19607 0.476575 0.85699 -0.975586 -0.182987 -0.121444 0.0989413 -0.859879 0.500818 -0.222935 2.82584 -1.35596</i>
                        <i>-0.199297 0.474087 0.857626 -0.974832 -0.18515 -0.124184 0.0999152 -0.860791 0.499056 -0.221727 2.82596 -1.35558</i>
                        <i>-0.201944 0.472053 0.858128 -0.974202 -0.186947 -0.12642 0.100748 -0.86152 0.497628 -0.220479 2.82671 -1.35526</i>
                        <i>-0.20375 0.470679 0.858456 -0.973764 -0.188188 -0.127937 0.101334 -0.862002 0.496674 -0.219242 2.82817 -1.35505</i>
                        <i>-0.204456 0.470168 0.858568 -0.973592 -0.188681 -0.128521 0.101569 -0.862172 0.496329 -0.218071 2.83046 -1.35497</i>
                        <i>-0.20405 0.470604 0.858426 -0.973686 -0.188462 -0.12813 0.101482 -0.861983 0.496676 -0.216977 2.8336 -1.35505</i>
                        <i>-0.202781 0.471826 0.858056 -0.973981 -0.187744 -0.12694 0.101201 -0.861471 0.49762 -0.215931 2.83741 -1.35527</i>
                        <i>-0.200777 0.473673 0.857509 -0.97444 -0.18661 -0.125076 0.100775 -0.860704 0.499033 -0.214927 2.8416 -1.35558</i>
                        <i>-0.198169 0.475983 0.856837 -0.975028 -0.18514 -0.122656 0.100252 -0.859746 0.500786 -0.213955 2.8459 -1.35597</i>
                        <i>-0.195083 0.478594 0.85609 -0.975708 -0.183415 -0.119804 0.0996823 -0.858666 0.502749 -0.21301 2.85005 -1.35638</i>
                        <i>-0.191649 0.481338 0.855327 -0.976446 -0.181516 -0.116639 0.0991126 -0.857535 0.504788 -0.212083 2.85376 -1.3568</i>
                        <i>-0.187991 0.484048 0.854609 -0.97721 -0.179521 -0.11328 0.0985871 -0.856429 0.506765 -0.211165 2.85677 -1.35719</i>
                        <i>-0.184234 0.486555 0.854004 -0.97797 -0.177507 -0.109845 0.0981464 -0.855427 0.508539 -0.210246 2.85881 -1.35752</i>
                        <i>-0.180448 0.488988 0.853422 -0.978717 -0.17548 -0.106395 0.0977322 -0.854458 0.510246 -0.209301 2.86007 -1.35783</i>
                        <i>-0.176754 0.491495 0.852754 -0.979434 -0.173478 -0.103026 0.0972973 -0.853427 0.51205 -0.208345 2.86088 -1.35817</i>
                        <i>-0.17328 0.493954 0.852047 -0.980097 -0.171578 -0.0998539 0.096869 -0.852391 0.513854 -0.20737 2.86123 -1.35851</i>
                        <i>-0.170152 0.496239 0.851349 -0.980684 -0.169854 -0.0969963 0.0964713 -0.851409 0.515554 -0.206368 2.86107 -1.35883</i>
                        <i>-0.167493 0.498228 0.850714 -0.981176 -0.168378 -0.0945673 0.0961252 -0.850539 0.517052 -0.205329 2.8604 -1.35912</i>
                        <i>-0.165425 0.499801 0.850196 -0.981554 -0.167222 -0.0926802 0.0958494 -0.849844 0.518245 -0.204246 2.85917 -1.35935</i>
                        <i>-0.164071 0.500837 0.849849 -0.981799 -0.166456 -0.0914481 0.0956617 -0.849385 0.519032 -0.20311 2.85737 -1.3595</i>
                        <i>-0.16355 0.501215 0.849726 -0.981894 -0.166151 -0.0909841 0.0955807 -0.849222 0.519314 -0.20191 2.85495 -1.35955</i>
                        <i>-0.164061 0.500805 0.84987 -0.981811 -0.166359 -0.0915003 0.0955595 -0.849423 0.518988 -0.200629 2.85193 -1.35949</i>
                        <i>-0.165565 0.499669 0.850247 -0.98156 -0.167013 -0.0929852 0.0955405 -0.849963 0.518107 -0.199285 2.84845 -1.35933</i>
                        <i>-0.167837 0.497972 0.850797 -0.981175 -0.168014 -0.0952183 0.09553 -0.850762 0.516797 -0.197933 2.84472 -1.35909</i>
                        <i>-0.170653 0.495878 0.851459 -0.980689 -0.169262 -0.0979786 0.0955339 -0.851737 0.515187 -0.196626 2.84096 -1.35879</i>
                        <i>-0.173787 0.493552 0.852176 -0.980136 -0.170654 -0.101045 0.0955562 -0.852809 0.513406 -0.195417 2.83736 -1.35846</i>
                        <i>-0.177008 0.491162 0.852894 -0.979556 -0.172088 -0.104194 0.095597 -0.8539 0.511582 -0.19436 2.83415 -1.35812</i>
                        <i>-0.180087 0.488878 0.853561 -0.978989 -0.173461 -0.107201 0.0956515 -0.854932 0.509844 -0.193505 2.83153 -1.3578</i>
                        <i>-0.182791 0.486871 0.854134 -0.978482 -0.174667 -0.109839 0.095711 -0.855832 0.508322 -0.192906 2.82972 -1.35751</i>
                    </KeyFrames>
                </p>
            </i>
            <i>
                <p>
                    <Name>
                        <![CDATA[head]]>
</Name>
                    <Exclude>0</Exclude>
                    <Additive>0</Additive>
                    <IKPriority>0</IKPriority>
                    <IKRotLimits>-1e+010 -1e+010 -1e+010 1e+010 1e+010 1e+010</IKRotLimits>
                    <IKRotLimitOrder>0</IKRotLimitOrder>
                    <KeyFrames count="65">
                        <i>-0.068158 0.972501 0.222703 0.0371651 0.225542 -0.973524 -0.996982 -0.0580767 -0.0515156 -0.295239 2.99753 -1.12048</i>
