<?xml version="1.0" encoding="ISO-8859-1" ?>
<Animl Version="1">
    <ModellingPackage><![CDATA[Maya.2010]]></ModellingPackage>
    <SrcFile><![CDATA[anims\turrets\machinegun\blue\~src\mgun_m2browning\mgun_m2browning_aim_low_crewman_b.mb]]></SrcFile>
    <FramesPerSecond>30</FramesPerSecond>
    <TotalFrames>97</TotalFrames>
    <Skeleton>
        <RefFrame>
            <Name><![CDATA[soldier_ref_frame]]></Name>
            <Exclude>0</Exclude>
            <Additive>0</Additive>
            <IKPriority>0</IKPriority>
            <IKRotLimits>-1e+010 -1e+010 -1e+010 1e+010 1e+010 1e+010</IKRotLimits>
            <IKRotLimitOrder>0</IKRotLimitOrder>
            <KeyFrames count="97">
                <i>1 0 0 0 1 0 0 0 1 1.36 0.92 -0.71</i>
                <i>1 0 0 0 1 0 0 0 1 1.36 0.92 -0.71</i>
                <i>1 0 0 0 1 0 0 0 1 1.36 0.92 -0.71</i>
                <i>1 0 0 0 1 0 0 0 1 1.36 0.92 -0.71</i>
                <i>1 0 0 0 1 0 0 0 1 1.36 0.92 -0.71</i>
                <i>1 0 0 0 1 0 0 0 1 1.36 0.92 -0.71</i>
                <i>1 0 0 0 1 0 0 0 1 1.36 0.92 -0.71</i>
                <i>1 0 0 0 1 0 0 0 1 1.36 0.92 -0.71</i>
                <i>1 0 0 0 1 0 0 0 1 1.36 0.92 -0.71</i>
                <i>1 0 0 0 1 0 0 0 1 1.36 0.92 -0.71</i>
                <i>1 0 0 0 1 0 0 0 1 1.36 0.92 -0.71</i>
                <i>1 0 0 0 1 0 0 0 1 1.36 0.92 -0.71</i>
                <i>1 0 0 0 1 0 0 0 1 1.36 0.92 -0.71</i>
                <i>1 0 0 0 1 0 0 0 1 1.36 0.92 -0.71</i>
                <i>1 0 0 0 1 0 0 0 1 1.36 0.92 -0.71</i>
                <i>1 0 0 0 1 0 0 0 1 1.36 0.92 -0.71</i>
                <i>1 0 0 0 1 0 0 0 1 1.36 0.92 -0.71</i>
                <i>1 0 0 0 1 0 0 0 1 1.36 0.92 -0.71</i>
                <i>1 0 0 0 1 0 0 0 1 1.36 0.92 -0.71</i>
                <i>1 0 0 0 1 0 0 0 1 1.36 0.92 -0.71</i>
                <i>1 0 0 0 1 0 0 0 1 1.36 0.92 -0.71</i>
                <i>1 0 0 0 1 0 0 0 1 1.36 0.92 -0.71</i>
                <i>1 0 0 0 1 0 0 0 1 1.36 0.92 -0.71</i>
                <i>1 0 0 0 1 0 0 0 1 1.36 0.92 -0.71</i>
                <i>1 0 0 0 1 0 0 0 1 1.36 0.92 -0.71</i>
                <i>1 0 0 0 1 0 0 0 1 1.36 0.92 -0.71</i>
                <i>1 0 0 0 1 0 0 0 1 1.36 0.92 -0.71</i>
                <i>1 0 0 0 1 0 0 0 1 1.36 0.92 -0.71</i>
                <i>1 0 0 0 1 0 0 0 1 1.36 0.92 -0.71</i>
                <i>1 0 0 0 1 0 0 0 1 1.36 0.92 -0.71</i>
                <i>1 0 0 0 1 0 0 0 1 1.36 0.92 -0.71</i>
                <i>1 0 0 0 1 0 0 0 1 1.36 0.92 -0.71</i>
                <i>1 0 0 0 1 0 0 0 1 1.36 0.92 -0.71</i>
                <i>1 0 0 0 1 0 0 0 1 1.36 0.92 -0.71</i>
                <i>1 0 0 0 1 0 0 0 1 1.36 0.92 -0.71</i>
                <i>1 0 0 0 1 0 0 0 1 1.36 0.92 -0.71</i>
                <i>1 0 0 0 1 0 0 0 1 1.36 0.92 -0.71</i>
                <i>1 0 0 0 1 0 0 0 1 1.36 0.92 -0.71</i>
                <i>1 0 0 0 1 0 0 0 1 1.36 0.92 -0.71</i>
                <i>1 0 0 0 1 0 0 0 1 1.36 0.92 -0.71</i>
                <i>1 0 0 0 1 0 0 0 1 1.36 0.92 -0.71</i>
                <i>1 0 0 0 1 0 0 0 1 1.36 0.92 -0.71</i>
                <i>1 0 0 0 1 0 0 0 1 1.36 0.92 -0.71</i>
                <i>1 0 0 0 1 0 0 0 1 1.36 0.92 -0.71</i>
                <i>1 0 0 0 1 0 0 0 1 1.36 0.92 -0.71</i>
                <i>1 0 0 0 1 0 0 0 1 1.36 0.92 -0.71</i>
                <i>1 0 0 0 1 0 0 0 1 1.36 0.92 -0.71</i>
                <i>1 0 0 0 1 0 0 0 1 1.36 0.92 -0.71</i>
                <i>1 0 0 0 1 0 0 0 1 1.36 0.92 -0.71</i>
                <i>1 0 0 0 1 0 0 0 1 1.36 0.92 -0.71</i>
                <i>1 0 0 0 1 0 0 0 1 1.36 0.92 -0.71</i>
                <i>1 0 0 0 1 0 0 0 1 1.36 0.92 -0.71</i>
                <i>1 0 0 0 1 0 0 0 1 1.36 0.92 -0.71</i>
                <i>1 0 0 0 1 0 0 0 1 1.36 0.92 -0.71</i>
                <i>1 0 0 0 1 0 0 0 1 1.36 0.92 -0.71</i>
                <i>1 0 0 0 1 0 0 0 1 1.36 0.92 -0.71</i>
                <i>1 0 0 0 1 0 0 0 1 1.36 0.92 -0.71</i>
                <i>1 0 0 0 1 0 0 0 1 1.36 0.92 -0.71</i>
                <i>1 0 0 0 1 0 0 0 1 1.36 0.92 -0.71</i>
                <i>1 0 0 0 1 0 0 0 1 1.36 0.92 -0.71</i>
                <i>1 0 0 0 1 0 0 0 1 1.36 0.92 -0.71</i>
                <i>1 0 0 0 1 0 0 0 1 1.36 0.92 -0.71</i>
                <i>1 0 0 0 1 0 0 0 1 1.36 0.92 -0.71</i>
                <i>1 0 0 0 1 0 0 0 1 1.36 0.92 -0.71</i>
                <i>1 0 0 0 1 0 0 0 1 1.36 0.92 -0.71</i>
                <i>1 0 0 0 1 0 0 0 1 1.36 0.92 -0.71</i>
                <i>1 0 0 0 1 0 0 0 1 1.36 0.92 -0.71</i>
                <i>1 0 0 0 1 0 0 0 1 1.36 0.92 -0.71</i>
                <i>1 0 0 0 1 0 0 0 1 1.36 0.92 -0.71</i>
                <i>1 0 0 0 1 0 0 0 1 1.36 0.92 -0.71</i>
                <i>1 0 0 0 1 0 0 0 1 1.36 0.92 -0.71</i>
                <i>1 0 0 0 1 0 0 0 1 1.36 0.92 -0.71</i>
                <i>1 0 0 0 1 0 0 0 1 1.36 0.92 -0.71</i>
                <i>1 0 0 0 1 0 0 0 1 1.36 0.92 -0.71</i>
                <i>1 0 0 0 1 0 0 0 1 1.36 0.92 -0.71</i>
                <i>1 0 0 0 1 0 0 0 1 1.36 0.92 -0.71</i>
                <i>1 0 0 0 1 0 0 0 1 1.36 0.92 -0.71</i>
                <i>1 0 0 0 1 0 0 0 1 1.36 0.92 -0.71</i>
                <i>1 0 0 0 1 0 0 0 1 1.36 0.92 -0.71</i>
                <i>1 0 0 0 1 0 0 0 1 1.36 0.92 -0.71</i>
                <i>1 0 0 0 1 0 0 0 1 1.36 0.92 -0.71</i>
                <i>1 0 0 0 1 0 0 0 1 1.36 0.92 -0.71</i>
                <i>1 0 0 0 1 0 0 0 1 1.36 0.92 -0.71</i>
                <i>1 0 0 0 1 0 0 0 1 1.36 0.92 -0.71</i>
                <i>1 0 0 0 1 0 0 0 1 1.36 0.92 -0.71</i>
                <i>1 0 0 0 1 0 0 0 1 1.36 0.92 -0.71</i>
                <i>1 0 0 0 1 0 0 0 1 1.36 0.92 -0.71</i>
                <i>1 0 0 0 1 0 0 0 1 1.36 0.92 -0.71</i>
                <i>1 0 0 0 1 0 0 0 1 1.36 0.92 -0.71</i>
                <i>1 0 0 0 1 0 0 0 1 1.36 0.92 -0.71</i>
                <i>1 0 0 0 1 0 0 0 1 1.36 0.92 -0.71</i>
                <i>1 0 0 0 1 0 0 0 1 1.36 0.92 -0.71</i>
                <i>1 0 0 0 1 0 0 0 1 1.36 0.92 -0.71</i>
                <i>1 0 0 0 1 0 0 0 1 1.36 0.92 -0.71</i>
                <i>1 0 0 0 1 0 0 0 1 1.36 0.92 -0.71</i>
                <i>1 0 0 0 1 0 0 0 1 1.36 0.92 -0.71</i>
                <i>1 0 0 0 1 0 0 0 1 1.36 0.92 -0.71</i>
            </KeyFrames>
        </RefFrame>
        <Bones count="23">
            <i>
                <p>
                    <Name><![CDATA[pelvis]]></Name>
                    <Exclude>0</Exclude>
                    <Additive>0</Additive>
                    <IKPriority>0</IKPriority>
                    <IKRotLimits>-1e+010 -1e+010 -1e+010 1e+010 1e+010 1e+010</IKRotLimits>
                    <IKRotLimitOrder>2</IKRotLimitOrder>
                    <KeyFrames count="97">
                        <i>1 0 0 0 1 0 0 0 1 1.35589 1.51888 -0.710634</i>
                        <i>1 0 0 0 1 0 0 0 1 1.35589 1.51886 -0.710634</i>
                        <i>1 0 0 0 1 0 0 0 1 1.35589 1.51881 -0.710634</i>
                        <i>1 0 0 0 1 0 0 0 1 1.35589 1.51873 -0.710634</i>
                        <i>1 0 0 0 1 0 0 0 1 1.35589 1.51862 -0.710634</i>
                        <i>1 0 0 0 1 0 0 0 1 1.35589 1.51849 -0.710634</i>
                        <i>1 0 0 0 1 0 0 0 1 1.35589 1.51832 -0.710634</i>
                        <i>1 0 0 0 1 0 0 0 1 1.35589 1.51813 -0.710634</i>
                        <i>1 0 0 0 1 0 0 0 1 1.35589 1.51792 -0.710634</i>
                        <i>1 0 0 0 1 0 0 0 1 1.35589 1.51768 -0.710634</i>
                        <i>1 0 0 0 1 0 0 0 1 1.35589 1.51742 -0.710634</i>
                        <i>1 0 0 0 1 0 0 0 1 1.35589 1.51714 -0.710634</i>
                        <i>1 0 0 0 1 0 0 0 1 1.35589 1.51685 -0.710634</i>
                        <i>1 0 0 0 1 0 0 0 1 1.35589 1.51653 -0.710634</i>
                        <i>1 0 0 0 1 0 0 0 1 1.35589 1.5162 -0.710634</i>
                        <i>1 0 0 0 1 0 0 0 1 1.35589 1.51586 -0.710634</i>
                        <i>1 0 0 0 1 0 0 0 1 1.35589 1.51551 -0.710634</i>
                        <i>1 0 0 0 1 0 0 0 1 1.35589 1.51514 -0.710634</i>
                        <i>1 0 0 0 1 0 0 0 1 1.35589 1.51476 -0.710634</i>
                        <i>1 0 0 0 1 0 0 0 1 1.35589 1.51438 -0.710634</i>
                        <i>1 0 0 0 1 0 0 0 1 1.35589 1.51399 -0.710634</i>
                        <i>1 0 0 0 1 0 0 0 1 1.35589 1.51359 -0.710634</i>
                        <i>1 0 0 0 1 0 0 0 1 1.35589 1.51319 -0.710634</i>
                        <i>1 0 0 0 1 0 0 0 1 1.35589 1.51278 -0.710634</i>
                        <i>1 0 0 0 1 0 0 0 1 1.35589 1.51237 -0.710634</i>
                        <i>1 0 0 0 1 0 0 0 1 1.35589 1.51197 -0.710634</i>
                        <i>1 0 0 0 1 0 0 0 1 1.35589 1.51156 -0.710634</i>
                        <i>1 0 0 0 1 0 0 0 1 1.35589 1.51116 -0.710634</i>
                        <i>1 0 0 0 1 0 0 0 1 1.35589 1.51076 -0.710634</i>
                        <i>1 0 0 0 1 0 0 0 1 1.35589 1.51037 -0.710634</i>
                        <i>1 0 0 0 1 0 0 0 1 1.35589 1.50999 -0.710634</i>
                        <i>1 0 0 0 1 0 0 0 1 1.35589 1.50961 -0.710634</i>
                        <i>1 0 0 0 1 0 0 0 1 1.35589 1.50924 -0.710634</i>
                        <i>1 0 0 0 1 0 0 0 1 1.35589 1.50889 -0.710634</i>
                        <i>1 0 0 0 1 0 0 0 1 1.35589 1.50854 -0.710634</i>
                        <i>1 0 0 0 1 0 0 0 1 1.35589 1.50822 -0.710634</i>
                        <i>1 0 0 0 1 0 0 0 1 1.35589 1.5079 -0.710634</i>
                        <i>1 0 0 0 1 0 0 0 1 1.35589 1.50761 -0.710634</i>
                        <i>1 0 0 0 1 0 0 0 1 1.35589 1.50733 -0.710634</i>
                        <i>1 0 0 0 1 0 0 0 1 1.35589 1.50707 -0.710634</i>
                        <i>1 0 0 0 1 0 0 0 1 1.35589 1.50683 -0.710634</i>
                        <i>1 0 0 0 1 0 0 0 1 1.35589 1.50662 -0.710634</i>
                        <i>1 0 0 0 1 0 0 0 1 1.35589 1.50643 -0.710634</i>
                        <i>1 0 0 0 1 0 0 0 1 1.35589 1.50626 -0.710634</i>
                        <i>1 0 0 0 1 0 0 0 1 1.35589 1.50613 -0.710634</i>
                        <i>1 0 0 0 1 0 0 0 1 1.35589 1.50602 -0.710634</i>
                        <i>1 0 0 0 1 0 0 0 1 1.35589 1.50594 -0.710634</i>
                        <i>1 0 0 0 1 0 0 0 1 1.35589 1.50589 -0.710634</i>
                        <i>1 0 0 0 1 0 0 0 1 1.35589 1.50587 -0.710634</i>
                        <i>1 0 0 0 1 0 0 0 1 1.35589 1.50589 -0.710634</i>
                        <i>1 0 0 0 1 0 0 0 1 1.35589 1.50594 -0.710634</i>
                        <i>1 0 0 0 1 0 0 0 1 1.35589 1.50602 -0.710634</i>
                        <i>1 0 0 0 1 0 0 0 1 1.35589 1.50613 -0.710634</i>
                        <i>1 0 0 0 1 0 0 0 1 1.35589 1.50626 -0.710634</i>
                        <i>1 0 0 0 1 0 0 0 1 1.35589 1.50643 -0.710634</i>
                        <i>1 0 0 0 1 0 0 0 1 1.35589 1.50662 -0.710634</i>
                        <i>1 0 0 0 1 0 0 0 1 1.35589 1.50683 -0.710634</i>
                        <i>1 0 0 0 1 0 0 0 1 1.35589 1.50707 -0.710634</i>
                        <i>1 0 0 0 1 0 0 0 1 1.35589 1.50733 -0.710634</i>
                        <i>1 0 0 0 1 0 0 0 1 1.35589 1.50761 -0.710634</i>
                        <i>1 0 0 0 1 0 0 0 1 1.35589 1.5079 -0.710634</i>
                        <i>1 0 0 0 1 0 0 0 1 1.35589 1.50822 -0.710634</i>
                        <i>1 0 0 0 1 0 0 0 1 1.35589 1.50854 -0.710634</i>
                        <i>1 0 0 0 1 0 0 0 1 1.35589 1.50889 -0.710634</i>
                        <i>1 0 0 0 1 0 0 0 1 1.35589 1.50924 -0.710634</i>
                        <i>1 0 0 0 1 0 0 0 1 1.35589 1.50961 -0.710634</i>
                        <i>1 0 0 0 1 0 0 0 1 1.35589 1.50999 -0.710634</i>
                        <i>1 0 0 0 1 0 0 0 1 1.35589 1.51037 -0.710634</i>
                        <i>1 0 0 0 1 0 0 0 1 1.35589 1.51076 -0.710634</i>
                        <i>1 0 0 0 1 0 0 0 1 1.35589 1.51116 -0.710634</i>
                        <i>1 0 0 0 1 0 0 0 1 1.35589 1.51156 -0.710634</i>
                        <i>1 0 0 0 1 0 0 0 1 1.35589 1.51197 -0.710634</i>
                        <i>1 0 0 0 1 0 0 0 1 1.35589 1.51237 -0.710634</i>
                        <i>1 0 0 0 1 0 0 0 1 1.35589 1.51278 -0.710634</i>
                        <i>1 0 0 0 1 0 0 0 1 1.35589 1.51319 -0.710634</i>
                        <i>1 0 0 0 1 0 0 0 1 1.35589 1.51359 -0.710634</i>
                        <i>1 0 0 0 1 0 0 0 1 1.35589 1.51399 -0.710634</i>
                        <i>1 0 0 0 1 0 0 0 1 1.35589 1.51438 -0.710634</i>
                        <i>1 0 0 0 1 0 0 0 1 1.35589 1.51476 -0.710634</i>
                        <i>1 0 0 0 1 0 0 0 1 1.35589 1.51514 -0.710634</i>
                        <i>1 0 0 0 1 0 0 0 1 1.35589 1.51551 -0.710634</i>
                        <i>1 0 0 0 1 0 0 0 1 1.35589 1.51586 -0.710634</i>
                        <i>1 0 0 0 1 0 0 0 1 1.35589 1.5162 -0.710634</i>
                        <i>1 0 0 0 1 0 0 0 1 1.35589 1.51653 -0.710634</i>
                        <i>1 0 0 0 1 0 0 0 1 1.35589 1.51685 -0.710634</i>
                        <i>1 0 0 0 1 0 0 0 1 1.35589 1.51714 -0.710634</i>
                        <i>1 0 0 0 1 0 0 0 1 1.35589 1.51742 -0.710634</i>
                        <i>1 0 0 0 1 0 0 0 1 1.35589 1.51768 -0.710634</i>
                        <i>1 0 0 0 1 0 0 0 1 1.35589 1.51792 -0.710634</i>
                        <i>1 0 0 0 1 0 0 0 1 1.35589 1.51813 -0.710634</i>
                        <i>1 0 0 0 1 0 0 0 1 1.35589 1.51832 -0.710634</i>
                        <i>1 0 0 0 1 0 0 0 1 1.35589 1.51849 -0.710634</i>
                        <i>1 0 0 0 1 0 0 0 1 1.35589 1.51862 -0.710634</i>
                        <i>1 0 0 0 1 0 0 0 1 1.35589 1.51873 -0.710634</i>
                        <i>1 0 0 0 1 0 0 0 1 1.35589 1.51881 -0.710634</i>
                        <i>1 0 0 0 1 0 0 0 1 1.35589 1.51886 -0.710634</i>
                        <i>1 0 0 0 1 0 0 0 1 1.35589 1.51888 -0.710634</i>
                    </KeyFrames>
                </p>
            </i>
            <i>
                <p>
                    <Name><![CDATA[spine0]]></Name>
                    <Exclude>0</Exclude>
                    <Additive>0</Additive>
                    <IKPriority>0</IKPriority>
                    <IKRotLimits>-1e+010 -1e+010 -1e+010 1e+010 1e+010 1e+010</IKRotLimits>
                    <IKRotLimitOrder>0</IKRotLimitOrder>
                    <KeyFrames count="97">
                        <i>-0.0999505 0.949644 0.296961 -0.897341 0.0429106 -0.439247 -0.429872 -0.310378 0.847865 1.37806 1.65962 -0.73055</i>
                        <i>-0.0996419 0.949813 0.296524 -0.897343 0.0429886 -0.439236 -0.429939 -0.30985 0.848024 1.37806 1.6596 -0.73055</i>
                        <i>-0.0993292 0.949995 0.296045 -0.897344 0.0430509 -0.439226 -0.430008 -0.309282 0.848197 1.37806 1.65955 -0.73055</i>
                        <i>-0.0990146 0.950189 0.295529 -0.897346 0.0430983 -0.439219 -0.430078 -0.308681 0.84838 1.37806 1.65947 -0.73055</i>
                        <i>-0.0987004 0.950391 0.294983 -0.897346 0.0431319 -0.439214 -0.430148 -0.308052 0.848573 1.37806 1.65936 -0.73055</i>
                        <i>-0.0983889 0.9506 0.294414 -0.897347 0.0431524 -0.439211 -0.430219 -0.307405 0.848772 1.37806 1.65923 -0.73055</i>
                        <i>-0.0980823 0.950813 0.293827 -0.897347 0.0431607 -0.43921 -0.430288 -0.306744 0.848976 1.37806 1.65906 -0.73055</i>
                        <i>-0.0977828 0.951028 0.29323 -0.897347 0.0431578 -0.43921 -0.430356 -0.306076 0.849182 1.37806 1.65887 -0.73055</i>
                        <i>-0.0974925 0.951244 0.292628 -0.897347 0.0431445 -0.439212 -0.430423 -0.305408 0.849389 1.37806 1.65866 -0.73055</i>
                        <i>-0.0972137 0.951457 0.292027 -0.897346 0.0431218 -0.439216 -0.430487 -0.304747 0.849594 1.37806 1.65842 -0.73055</i>
                        <i>-0.0969484 0.951665 0.291434 -0.897345 0.0430905 -0.43922 -0.430549 -0.304099 0.849795 1.37806 1.65816 -0.73055</i>
                        <i>-0.0966988 0.951868 0.290856 -0.897344 0.0430515 -0.439226 -0.430607 -0.30347 0.84999 1.37806 1.65788 -0.73055</i>
                        <i>-0.096467 0.952062 0.290297 -0.897343 0.0430057 -0.439233 -0.430661 -0.302868 0.850178 1.37806 1.65759 -0.73055</i>
                        <i>-0.0962551 0.952245 0.289765 -0.897342 0.0429541 -0.439241 -0.430712 -0.302297 0.850355 1.37806 1.65727 -0.73055</i>
                        <i>-0.096065 0.952417 0.289264 -0.89734 0.0428975 -0.439249 -0.430757 -0.301765 0.850521 1.37806 1.65695 -0.73055</i>
                        <i>-0.0958989 0.952574 0.288802 -0.897339 0.0428368 -0.439259 -0.430798 -0.301278 0.850673 1.37806 1.6566 -0.73055</i>
                        <i>-0.0957587 0.952714 0.288384 -0.897337 0.0427729 -0.439268 -0.430832 -0.300842 0.85081 1.37806 1.65625 -0.73055</i>
                        <i>-0.0956465 0.952837 0.288017 -0.897335 0.0427067 -0.439278 -0.430861 -0.300463 0.850929 1.37806 1.65588 -0.73055</i>
                        <i>-0.0955643 0.952939 0.287705 -0.897334 0.0426391 -0.439289 -0.430883 -0.300148 0.85103 1.37806 1.6555 -0.73055</i>
                        <i>-0.095514 0.95302 0.287455 -0.897332 0.0425709 -0.439299 -0.430898 -0.299902 0.851109 1.37806 1.65512 -0.73055</i>
                        <i>-0.0954976 0.953076 0.287273 -0.89733 0.0425032 -0.439309 -0.430905 -0.299732 0.851165 1.37806 1.65473 -0.73055</i>
                        <i>-0.0955171 0.953107 0.287164 -0.897328 0.0424366 -0.439319 -0.430904 -0.299643 0.851196 1.37806 1.65433 -0.73055</i>
                        <i>-0.0955745 0.95311 0.287135 -0.897326 0.0423722 -0.439329 -0.430895 -0.299643 0.851201 1.37806 1.65393 -0.73055</i>
                        <i>-0.0956717 0.953083 0.287192 -0.897325 0.0423107 -0.439338 -0.430877 -0.299736 0.851177 1.37806 1.65352 -0.73055</i>
                        <i>-0.0958108 0.953025 0.287339 -0.897323 0.0422532 -0.439347 -0.430849 -0.29993 0.851123 1.37806 1.65312 -0.73055</i>
                        <i>-0.0959912 0.952935 0.287578 -0.897322 0.0421999 -0.439355 -0.430812 -0.300224 0.851038 1.37806 1.65271 -0.73055</i>
                        <i>-0.0962091 0.952816 0.2879 -0.897321 0.0421508 -0.439362 -0.430766 -0.300609 0.850926 1.37806 1.6523 -0.73055</i>
                        <i>-0.0964616 0.952669 0.2883 -0.897319 0.042106 -0.439369 -0.430712 -0.301079 0.850787 1.37806 1.6519 -0.73055</i>
                        <i>-0.0967458 0.952497 0.288771 -0.897318 0.0420654 -0.439375 -0.430651 -0.301627 0.850624 1.37806 1.6515 -0.73055</i>
                        <i>-0.0970587 0.952302 0.289309 -0.897317 0.0420292 -0.439381 -0.430583 -0.302248 0.850438 1.37806 1.65111 -0.73055</i>
                        <i>-0.0973974 0.952086 0.289908 -0.897316 0.0419973 -0.439385 -0.430508 -0.302934 0.850232 1.37806 1.65073 -0.73055</i>
                        <i>-0.0977591 0.951849 0.290561 -0.897316 0.0419697 -0.43939 -0.430428 -0.30368 0.850006 1.37806 1.65035 -0.73055</i>
                        <i>-0.098141 0.951595 0.291264 -0.897315 0.0419466 -0.439393 -0.430342 -0.304478 0.849764 1.37806 1.64998 -0.73055</i>
                        <i>-0.0985401 0.951325 0.292011 -0.897314 0.0419278 -0.439396 -0.430252 -0.305324 0.849506 1.37806 1.64963 -0.73055</i>
                        <i>-0.0989536 0.951041 0.292796 -0.897314 0.0419135 -0.439398 -0.430158 -0.30621 0.849235 1.37806 1.64929 -0.73055</i>
                        <i>-0.0993787 0.950745 0.293613 -0.897314 0.0419037 -0.4394 -0.43006 -0.30713 0.848952 1.37806 1.64896 -0.73055</i>
                        <i>-0.0998126 0.950438 0.294458 -0.897314 0.0418983 -0.4394 -0.42996 -0.308079 0.848659 1.37806 1.64864 -0.73055</i>
                        <i>-0.100252 0.950123 0.295324 -0.897314 0.0418973 -0.439401 -0.429858 -0.309049 0.848358 1.37806 1.64835 -0.73055</i>
                        <i>-0.100695 0.949802 0.296205 -0.897314 0.0419009 -0.4394 -0.429754 -0.310035 0.848051 1.37806 1.64807 -0.73055</i>
                        <i>-0.101138 0.949476 0.297097 -0.897314 0.0419089 -0.439399 -0.42965 -0.31103 0.847739 1.37806 1.64781 -0.73055</i>
                        <i>-0.101579 0.949148 0.297994 -0.897314 0.0419215 -0.439397 -0.429545 -0.312028 0.847426 1.37806 1.64757 -0.73055</i>
                        <i>-0.102014 0.948819 0.29889 -0.897315 0.0419385 -0.439394 -0.429441 -0.313022 0.847111 1.37806 1.64736 -0.73055</i>
                        <i>-0.10244 0.948493 0.299779 -0.897315 0.0419601 -0.439391 -0.429338 -0.314007 0.846799 1.37806 1.64717 -0.73055</i>
                        <i>-0.102856 0.94817 0.300656 -0.897316 0.0419861 -0.439387 -0.429237 -0.314977 0.84649 1.37806 1.647 -0.73055</i>
                        <i>-0.103258 0.947854 0.301515 -0.897317 0.0420167 -0.439383 -0.429139 -0.315924 0.846187 1.37806 1.64687 -0.73055</i>
                        <i>-0.103642 0.947545 0.302351 -0.897318 0.0420518 -0.439377 -0.429044 -0.316843 0.845891 1.37806 1.64676 -0.73055</i>
                        <i>-0.104007 0.947248 0.303157 -0.897319 0.0420914 -0.439371 -0.428954 -0.317727 0.845605 1.37806 1.64668 -0.73055</i>
                        <i>-0.10435 0.946963 0.303929 -0.89732 0.0421354 -0.439365 -0.428868 -0.318569 0.845332 1.37806 1.64663 -0.73055</i>
                        <i>-0.104667 0.946693 0.304661 -0.897321 0.042184 -0.439357 -0.428788 -0.319365 0.845072 1.37806 1.64661 -0.73055</i>
                        <i>-0.104992 0.946414 0.305412 -0.897323 0.0422339 -0.43935 -0.428706 -0.320182 0.844805 1.37806 1.64663 -0.73055</i>
                        <i>-0.10536 0.946105 0.306242 -0.897324 0.0422817 -0.439343 -0.428613 -0.321087 0.844508 1.37806 1.64668 -0.73055</i>
                        <i>-0.105764 0.945769 0.307139 -0.897325 0.0423274 -0.439336 -0.428511 -0.32207 0.844186 1.37806 1.64676 -0.73055</i>
                        <i>-0.106201 0.94541 0.308094 -0.897326 0.0423709 -0.439329 -0.4284 -0.323118 0.843841 1.37806 1.64687 -0.73055</i>
                        <i>-0.106664 0.94503 0.309097 -0.897327 0.0424119 -0.439323 -0.428283 -0.324222 0.843478 1.37806 1.647 -0.73055</i>
                        <i>-0.10715 0.944634 0.310138 -0.897328 0.0424505 -0.439317 -0.428159 -0.325369 0.843098 1.37806 1.64717 -0.73055</i>
                        <i>-0.107653 0.944225 0.311207 -0.89733 0.0424864 -0.439312 -0.428031 -0.326549 0.842707 1.37806 1.64736 -0.73055</i>
                        <i>-0.108168 0.943807 0.312294 -0.89733 0.0425195 -0.439307 -0.427899 -0.32775 0.842308 1.37806 1.64757 -0.73055</i>
                        <i>-0.108691 0.943384 0.313389 -0.897331 0.0425497 -0.439302 -0.427765 -0.328962 0.841903 1.37806 1.64781 -0.73055</i>
                        <i>-0.109216 0.94296 0.314482 -0.897332 0.0425769 -0.439298 -0.42763 -0.330173 0.841498 1.37806 1.64807 -0.73055</i>
                        <i>-0.109738 0.942538 0.315562 -0.897333 0.0426009 -0.439294 -0.427495 -0.331371 0.841095 1.37806 1.64835 -0.73055</i>
                        <i>-0.110253 0.942123 0.31662 -0.897333 0.0426215 -0.439291 -0.427361 -0.332546 0.840699 1.37806 1.64864 -0.73055</i>
                        <i>-0.110755 0.941719 0.317644 -0.897334 0.0426387 -0.439289 -0.427231 -0.333686 0.840314 1.37806 1.64896 -0.73055</i>
                        <i>-0.111239 0.94133 0.318626 -0.897334 0.0426523 -0.439287 -0.427104 -0.33478 0.839943 1.37806 1.64929 -0.73055</i>
                        <i>-0.1117 0.940961 0.319555 -0.897334 0.042662 -0.439285 -0.426983 -0.335816 0.839591 1.37806 1.64963 -0.73055</i>
                        <i>-0.112134 0.940615 0.320421 -0.897334 0.0426678 -0.439284 -0.426869 -0.336783 0.839262 1.37806 1.64998 -0.73055</i>
                        <i>-0.112535 0.940297 0.321212 -0.897334 0.0426696 -0.439284 -0.426763 -0.337669 0.838959 1.37806 1.65035 -0.73055</i>
                        <i>-0.112897 0.940012 0.32192 -0.897334 0.042667 -0.439284 -0.426668 -0.338464 0.838688 1.37806 1.65073 -0.73055</i>
                        <i>-0.113217 0.939763 0.322533 -0.897334 0.0426601 -0.439285 -0.426583 -0.339154 0.838452 1.37806 1.65111 -0.73055</i>
                        <i>-0.113489 0.939556 0.323041 -0.897334 0.0426485 -0.439287 -0.426512 -0.33973 0.838255 1.37806 1.6515 -0.73055</i>
                        <i>-0.113707 0.939394 0.323434 -0.897333 0.0426323 -0.43929 -0.426455 -0.340179 0.838102 1.37806 1.6519 -0.73055</i>
                        <i>-0.113867 0.939282 0.323702 -0.897333 0.0426111 -0.439293 -0.426413 -0.34049 0.837997 1.37806 1.6523 -0.73055</i>
                        <i>-0.113963 0.939225 0.323835 -0.897332 0.0425848 -0.439297 -0.426389 -0.340651 0.837944 1.37806 1.65271 -0.73055</i>
                        <i>-0.113991 0.939226 0.323821 -0.897331 0.0425534 -0.439302 -0.426383 -0.340651 0.837947 1.37806 1.65312 -0.73055</i>
                        <i>-0.113948 0.939288 0.323657 -0.89733 0.042517 -0.439307 -0.426397 -0.340486 0.838007 1.37806 1.65352 -0.73055</i>
                        <i>-0.113838 0.939406 0.323354 -0.897329 0.042477 -0.439313 -0.426428 -0.340165 0.838121 1.37806 1.65393 -0.73055</i>
                        <i>-0.113664 0.939577 0.322917 -0.897328 0.0424344 -0.439319 -0.426477 -0.339698 0.838286 1.37806 1.65433 -0.73055</i>
                        <i>-0.113427 0.939798 0.322356 -0.897327 0.0423903 -0.439326 -0.426543 -0.339091 0.838498 1.37806 1.65473 -0.73055</i>
                        <i>-0.113132 0.940066 0.321678 -0.897326 0.042346 -0.439333 -0.426624 -0.338353 0.838755 1.37806 1.65512 -0.73055</i>
                        <i>-0.11278 0.940377 0.320891 -0.897325 0.0423025 -0.439339 -0.426719 -0.337492 0.839053 1.37806 1.6555 -0.73055</i>
                        <i>-0.112374 0.940728 0.320003 -0.897323 0.0422609 -0.439346 -0.426829 -0.336518 0.839389 1.37806 1.65588 -0.73055</i>
                        <i>-0.111918 0.941116 0.319022 -0.897322 0.0422223 -0.439351 -0.426951 -0.335437 0.839759 1.37806 1.65625 -0.73055</i>
                        <i>-0.111414 0.941537 0.317955 -0.897322 0.0421879 -0.439357 -0.427084 -0.334258 0.840161 1.37806 1.6566 -0.73055</i>
                        <i>-0.110864 0.941988 0.31681 -0.897321 0.0421587 -0.439361 -0.427229 -0.33299 0.840591 1.37806 1.65695 -0.73055</i>
                        <i>-0.110273 0.942465 0.315595 -0.89732 0.0421359 -0.439365 -0.427383 -0.33164 0.841046 1.37806 1.65727 -0.73055</i>
                        <i>-0.109641 0.942965 0.314318 -0.89732 0.0421204 -0.439367 -0.427547 -0.330216 0.841523 1.37806 1.65759 -0.73055</i>
                        <i>-0.108972 0.943485 0.312987 -0.897319 0.0421135 -0.439368 -0.427718 -0.328728 0.842018 1.37806 1.65788 -0.73055</i>
                        <i>-0.108269 0.944022 0.311609 -0.89732 0.0421161 -0.439368 -0.427896 -0.327183 0.84253 1.37806 1.65816 -0.73055</i>
                        <i>-0.107535 0.944573 0.310192 -0.89732 0.0421295 -0.439366 -0.428081 -0.325588 0.843053 1.37806 1.65842 -0.73055</i>
                        <i>-0.106772 0.945134 0.308743 -0.897321 0.0421546 -0.439362 -0.42827 -0.323953 0.843587 1.37806 1.65866 -0.73055</i>
                        <i>-0.105982 0.945702 0.307272 -0.897322 0.0421925 -0.439356 -0.428464 -0.322285 0.844127 1.37806 1.65887 -0.73055</i>
                        <i>-0.105169 0.946275 0.305784 -0.897323 0.0422444 -0.439348 -0.428662 -0.320593 0.844671 1.37806 1.65906 -0.73055</i>
                        <i>-0.104336 0.946849 0.304288 -0.897325 0.0423114 -0.439338 -0.428862 -0.318884 0.845216 1.37806 1.65923 -0.73055</i>
                        <i>-0.103484 0.947422 0.302792 -0.897327 0.0423944 -0.439326 -0.429063 -0.317167 0.84576 1.37806 1.65936 -0.73055</i>
                        <i>-0.102617 0.94799 0.301304 -0.89733 0.0424948 -0.43931 -0.429266 -0.315449 0.846299 1.37806 1.65947 -0.73055</i>
                        <i>-0.101737 0.948552 0.29983 -0.897333 0.0426135 -0.439292 -0.429469 -0.31374 0.846832 1.37806 1.65955 -0.73055</i>
                        <i>-0.100847 0.949104 0.29838 -0.897337 0.0427517 -0.439272 -0.429671 -0.312047 0.847355 1.37806 1.6596 -0.73055</i>
                        <i>-0.0999505 0.949644 0.296961 -0.897341 0.0429106 -0.439247 -0.429872 -0.310378 0.847865 1.37806 1.65962 -0.73055</i>
                    </KeyFrames>
                </p>
            </i>
            <i>
                <p>
                    <Name><![CDATA[spine1]]></Name>
                    <Exclude>0</Exclude>
                    <Additive>0</Additive>
                    <IKPriority>0</IKPriority>
                    <IKRotLimits>-1e+010 -1e+010 -1e+010 1e+010 1e+010 1e+010</IKRotLimits>
                    <IKRotLimitOrder>0</IKRotLimitOrder>
                    <KeyFrames count="97">
                        <i>-0.313708 0.753546 0.577716 -0.905313 -0.0538841 -0.421314 -0.286349 -0.655184 0.699098 1.35916 1.83966 -0.674354</i>
                        <i>-0.313321 0.754587 0.576566 -0.905036 -0.053369 -0.421973 -0.287645 -0.654026 0.69965 1.35923 1.8396 -0.674461</i>
                        <i>-0.312902 0.755707 0.575326 -0.904773 -0.0528965 -0.422596 -0.288926 -0.65277 0.700295 1.3593 1.8395 -0.674578</i>
                        <i>-0.312454 0.756893 0.574008 -0.904523 -0.0524649 -0.423185 -0.290191 -0.651429 0.70102 1.35936 1.83936 -0.674703</i>
                        <i>-0.311984 0.758133 0.572625 -0.904285 -0.0520724 -0.423741 -0.291434 -0.650017 0.701815 1.35943 1.8392 -0.674834</i>
                        <i>-0.311496 0.759414 0.571192 -0.90406 -0.0517171 -0.424264 -0.292652 -0.648549 0.702666 1.3595 1.83901 -0.674971</i>
                        <i>-0.310995 0.760723 0.569721 -0.903847 -0.051397 -0.424757 -0.293841 -0.647038 0.703562 1.35957 1.83878 -0.675111</i>
                        <i>-0.310487 0.762048 0.568225 -0.903645 -0.0511102 -0.425221 -0.294997 -0.6455 0.704491 1.35964 1.83853 -0.675254</i>
                        <i>-0.309975 0.763377 0.566719 -0.903455 -0.0508546 -0.425656 -0.296116 -0.643948 0.70544 1.3597 1.83826 -0.675399</i>
                        <i>-0.309467 0.764697 0.565216 -0.903275 -0.0506281 -0.426064 -0.297195 -0.642398 0.7064 1.35976 1.83796 -0.675542</i>
                        <i>-0.308966 0.765996 0.563728 -0.903106 -0.0504288 -0.426447 -0.298229 -0.640864 0.707356 1.35982 1.83764 -0.675684</i>
                        <i>-0.308477 0.767263 0.562272 -0.902946 -0.0502543 -0.426805 -0.299215 -0.639361 0.7083 1.35988 1.8373 -0.675823</i>
                        <i>-0.308007 0.768485 0.560859 -0.902797 -0.0501026 -0.427139 -0.30015 -0.637903 0.709217 1.35993 1.83695 -0.675958</i>
                        <i>-0.307561 0.76965 0.559504 -0.902656 -0.0499714 -0.427452 -0.301029 -0.636507 0.710099 1.35998 1.83657 -0.676087</i>
                        <i>-0.307143 0.770748 0.558221 -0.902524 -0.0498587 -0.427743 -0.30185 -0.635186 0.710933 1.36003 1.83618 -0.676209</i>
                        <i>-0.306758 0.771766 0.557025 -0.902401 -0.0497621 -0.428014 -0.302608 -0.633957 0.711707 1.36007 1.83578 -0.676322</i>
                        <i>-0.306414 0.772692 0.555929 -0.902286 -0.0496795 -0.428266 -0.3033 -0.632834 0.712412 1.3601 1.83536 -0.676426</i>
                        <i>-0.306114 0.773516 0.554948 -0.902178 -0.0496086 -0.428501 -0.303923 -0.631832 0.713035 1.36013 1.83494 -0.676519</i>
                        <i>-0.305864 0.774226 0.554095 -0.902078 -0.0495473 -0.42872 -0.304472 -0.630967 0.713567 1.36015 1.83451 -0.6766</i>
                        <i>-0.305669 0.77481 0.553386 -0.901984 -0.0494933 -0.428924 -0.304946 -0.630254 0.713995 1.36017 1.83407 -0.676667</i>
                        <i>-0.305535 0.775257 0.552834 -0.901896 -0.0494444 -0.429113 -0.305339 -0.629708 0.714309 1.36018 1.83363 -0.67672</i>
                        <i>-0.305466 0.775556 0.552453 -0.901815 -0.0493984 -0.42929 -0.305648 -0.629344 0.714497 1.36018 1.83318 -0.676756</i>
                        <i>-0.305469 0.775694 0.552257 -0.901738 -0.0493532 -0.429456 -0.305871 -0.629177 0.714549 1.36017 1.83273 -0.676775</i>
                        <i>-0.305548 0.77566 0.552261 -0.901667 -0.0493066 -0.429612 -0.306002 -0.629222 0.714452 1.36016 1.83228 -0.676776</i>
                        <i>-0.305709 0.775442 0.552477 -0.9016 -0.0492564 -0.429758 -0.306039 -0.629494 0.714197 1.36014 1.83184 -0.676757</i>
                        <i>-0.305951 0.77504 0.552907 -0.901537 -0.0492015 -0.429896 -0.305983 -0.629993 0.71378 1.3601 1.8314 -0.676718</i>
                        <i>-0.306267 0.774469 0.553533 -0.901478 -0.0491424 -0.430027 -0.30584 -0.630701 0.713217 1.36006 1.83096 -0.67666</i>
                        <i>-0.306652 0.773739 0.55434 -0.901423 -0.049079 -0.43015 -0.305617 -0.631601 0.712516 1.36002 1.83053 -0.676586</i>
                        <i>-0.307101 0.772861 0.555316 -0.901371 -0.0490114 -0.430265 -0.305318 -0.63268 0.711685 1.35996 1.8301 -0.676496</i>
                        <i>-0.307608 0.771845 0.556446 -0.901323 -0.0489396 -0.430374 -0.30495 -0.633924 0.710736 1.3599 1.82969 -0.676391</i>
                        <i>-0.308167 0.770703 0.557718 -0.901278 -0.0488639 -0.430477 -0.304517 -0.635318 0.709676 1.35984 1.82928 -0.676273</i>
                        <i>-0.308774 0.769445 0.559118 -0.901236 -0.0487842 -0.430573 -0.304026 -0.636847 0.708515 1.35977 1.82888 -0.676143</i>
                        <i>-0.309422 0.768081 0.560633 -0.901197 -0.0487007 -0.430664 -0.303482 -0.638498 0.707262 1.35969 1.8285 -0.676002</i>
                        <i>-0.310107 0.766623 0.562248 -0.901161 -0.0486137 -0.430749 -0.30289 -0.640254 0.705927 1.35961 1.82813 -0.67585</i>
                        <i>-0.310823 0.765081 0.56395 -0.901128 -0.0485231 -0.43083 -0.302255 -0.642103 0.704518 1.35953 1.82778 -0.67569</i>
                        <i>-0.311564 0.763466 0.565727 -0.901096 -0.0484293 -0.430906 -0.301585 -0.644029 0.703045 1.35945 1.82744 -0.675523</i>
                        <i>-0.312327 0.761789 0.567565 -0.901067 -0.0483323 -0.430979 -0.300883 -0.64602 0.701518 1.35936 1.82712 -0.675349</i>
                        <i>-0.313104 0.760061 0.56945 -0.90104 -0.0482323 -0.431047 -0.300156 -0.648059 0.699947 1.35927 1.82682 -0.67517</i>
                        <i>-0.313892 0.758293 0.57137 -0.901014 -0.0481295 -0.431112 -0.29941 -0.650134 0.69834 1.35918 1.82654 -0.674987</i>
                        <i>-0.314684 0.756497 0.573311 -0.90099 -0.048024 -0.431174 -0.298649 -0.652231 0.696709 1.3591 1.82628 -0.674801</i>
                        <i>-0.315477 0.754684 0.575262 -0.900967 -0.0479161 -0.431234 -0.297881 -0.654336 0.695062 1.35901 1.82604 -0.674613</i>
                        <i>-0.316264 0.752866 0.577209 -0.900945 -0.0478057 -0.431292 -0.297111 -0.656435 0.69341 1.35892 1.82583 -0.674425</i>
                        <i>-0.317041 0.751054 0.579139 -0.900925 -0.0476931 -0.431347 -0.296344 -0.658516 0.691764 1.35883 1.82565 -0.674237</i>
                        <i>-0.317804 0.749261 0.581042 -0.900905 -0.0475785 -0.431401 -0.295587 -0.660564 0.690133 1.35874 1.82549 -0.674052</i>
                        <i>-0.318546 0.747497 0.582903 -0.900885 -0.0474618 -0.431455 -0.294846 -0.662567 0.688528 1.35866 1.82536 -0.673869</i>
                        <i>-0.319264 0.745777 0.584711 -0.900866 -0.0473432 -0.431507 -0.294126 -0.664511 0.68696 1.35858 1.82525 -0.673691</i>
                        <i>-0.319953 0.744111 0.586454 -0.900848 -0.0472229 -0.431559 -0.293434 -0.666385 0.68544 1.35851 1.82519 -0.673518</i>
                        <i>-0.320608 0.742513 0.588121 -0.900829 -0.0471008 -0.431612 -0.292776 -0.668174 0.683978 1.35844 1.82515 -0.673352</i>
                        <i>-0.321223 0.740994 0.589698 -0.90081 -0.0469771 -0.431664 -0.292158 -0.669867 0.682585 1.35837 1.82515 -0.673193</i>
                        <i>-0.321854 0.739428 0.591317 -0.900794 -0.0468556 -0.43171 -0.291512 -0.671603 0.681154 1.3583 1.82518 -0.67303</i>
                        <i>-0.322549 0.737696 0.5931 -0.900785 -0.0467409 -0.431743 -0.290773 -0.673513 0.679581 1.35822 1.82524 -0.67285</i>
                        <i>-0.3233 0.735816 0.595023 -0.900781 -0.0466338 -0.431762 -0.289949 -0.675574 0.677885 1.35814 1.82534 -0.672656</i>
                        <i>-0.324097 0.733808 0.597066 -0.900784 -0.0465353 -0.431768 -0.28905 -0.677762 0.676084 1.35805 1.82546 -0.672449</i>
                        <i>-0.324933 0.731692 0.599204 -0.900792 -0.0464462 -0.43176 -0.288085 -0.680051 0.674194 1.35795 1.82561 -0.672232</i>
                        <i>-0.325797 0.729489 0.601416 -0.900806 -0.0463674 -0.431739 -0.287063 -0.682419 0.672235 1.35785 1.82579 -0.672007</i>
                        <i>-0.32668 0.72722 0.603681 -0.900826 -0.0462999 -0.431705 -0.285994 -0.684841 0.670224 1.35774 1.826 -0.671775</i>
                        <i>-0.327575 0.724905 0.605976 -0.900852 -0.0462446 -0.431657 -0.284887 -0.687295 0.66818 1.35763 1.82622 -0.67154</i>
                        <i>-0.328473 0.722565 0.608281 -0.900883 -0.0462022 -0.431596 -0.283752 -0.689757 0.666123 1.35753 1.82647 -0.671302</i>
                        <i>-0.329364 0.720222 0.610573 -0.90092 -0.0461737 -0.431522 -0.282599 -0.692205 0.66407 1.35742 1.82674 -0.671065</i>
                        <i>-0.330241 0.717897 0.612833 -0.900963 -0.0461598 -0.431434 -0.281437 -0.694617 0.662042 1.35731 1.82703 -0.67083</i>
                        <i>-0.331096 0.715613 0.61504 -0.901011 -0.0461613 -0.431334 -0.280277 -0.69697 0.660059 1.3572 1.82734 -0.6706</i>
                        <i>-0.33192 0.713391 0.617173 -0.901064 -0.0461789 -0.43122 -0.279128 -0.699243 0.658139 1.35709 1.82767 -0.670377</i>
                        <i>-0.332705 0.711254 0.619213 -0.901123 -0.0462135 -0.431093 -0.278001 -0.701414 0.656303 1.35699 1.82801 -0.670162</i>
                        <i>-0.333443 0.709225 0.62114 -0.901188 -0.0462655 -0.430953 -0.276905 -0.703462 0.654572 1.35689 1.82836 -0.669959</i>
                        <i>-0.334127 0.707327 0.622935 -0.901257 -0.0463357 -0.430799 -0.275852 -0.705367 0.652965 1.3568 1.82873 -0.669769</i>
                        <i>-0.334749 0.705581 0.624578 -0.901333 -0.0464247 -0.430632 -0.27485 -0.707107 0.651504 1.35672 1.8291 -0.669595</i>
                        <i>-0.3353 0.704013 0.626051 -0.901413 -0.0465329 -0.430452 -0.273912 -0.708661 0.650209 1.35664 1.82949 -0.669439</i>
                        <i>-0.335775 0.702644 0.627333 -0.901499 -0.046661 -0.430258 -0.273046 -0.71001 0.649101 1.35657 1.82989 -0.669302</i>
                        <i>-0.336164 0.701498 0.628406 -0.901591 -0.0468093 -0.43005 -0.272264 -0.711132 0.6482 1.35652 1.83029 -0.669188</i>
                        <i>-0.336461 0.700598 0.629251 -0.901688 -0.0469783 -0.429828 -0.271576 -0.712008 0.647527 1.35647 1.8307 -0.669099</i>
                        <i>-0.336657 0.699967 0.629848 -0.90179 -0.0471683 -0.429592 -0.270992 -0.712616 0.647103 1.35644 1.83112 -0.669036</i>
                        <i>-0.336745 0.699628 0.630177 -0.901898 -0.0473798 -0.429342 -0.270522 -0.712935 0.646948 1.35641 1.83154 -0.669002</i>
                        <i>-0.336717 0.699603 0.63022 -0.902012 -0.0476131 -0.429077 -0.270177 -0.712944 0.647082 1.35641 1.83196 -0.669</i>
                        <i>-0.336572 0.699899 0.629969 -0.902131 -0.0478672 -0.428798 -0.26996 -0.712636 0.647511 1.35641 1.83238 -0.669029</i>
                        <i>-0.336314 0.700496 0.629442 -0.902256 -0.0481395 -0.428506 -0.269866 -0.71203 0.648217 1.35644 1.8328 -0.669088</i>
                        <i>-0.335951 0.701378 0.628654 -0.902384 -0.0484274 -0.428202 -0.269887 -0.711143 0.649182 1.35647 1.83323 -0.669176</i>
                        <i>-0.335488 0.702525 0.62762 -0.902518 -0.0487285 -0.427887 -0.270019 -0.709989 0.650389 1.35652 1.83365 -0.669289</i>
                        <i>-0.33493 0.70392 0.626353 -0.902654 -0.0490402 -0.427563 -0.270254 -0.708584 0.651822 1.35658 1.83406 -0.669428</i>
