<?xml version="1.0" encoding="ISO-8859-1" ?>
<Animl Version="1">
    <ModellingPackage><![CDATA[Maya.2010]]></ModellingPackage>
    <SrcFile><![CDATA[anims\turrets\machinegun\blue\~src\mgun_gatling\mgun_gatling_startup_crewman_b.mb]]></SrcFile>
    <FramesPerSecond>30</FramesPerSecond>
    <TotalFrames>33</TotalFrames>
    <Skeleton>
        <RefFrame>
            <Name><![CDATA[soldier_ref_frame]]></Name>
            <Exclude>0</Exclude>
            <Additive>0</Additive>
            <IKPriority>0</IKPriority>
            <IKRotLimits>-1e+010 -1e+010 -1e+010 1e+010 1e+010 1e+010</IKRotLimits>
            <IKRotLimitOrder>0</IKRotLimitOrder>
            <KeyFrames count="33">
                <i>1 0 0 0 1 0 0 0 1 2.23 0.9 -0.63</i>
                <i>1 0 0 0 1 0 0 0 1 2.23 0.9 -0.63</i>
                <i>1 0 0 0 1 0 0 0 1 2.23 0.9 -0.63</i>
                <i>1 0 0 0 1 0 0 0 1 2.23 0.9 -0.63</i>
                <i>1 0 0 0 1 0 0 0 1 2.23 0.9 -0.63</i>
                <i>1 0 0 0 1 0 0 0 1 2.23 0.9 -0.63</i>
                <i>1 0 0 0 1 0 0 0 1 2.23 0.9 -0.63</i>
                <i>1 0 0 0 1 0 0 0 1 2.23 0.9 -0.63</i>
                <i>1 0 0 0 1 0 0 0 1 2.23 0.9 -0.63</i>
                <i>1 0 0 0 1 0 0 0 1 2.23 0.9 -0.63</i>
                <i>1 0 0 0 1 0 0 0 1 2.23 0.9 -0.63</i>
                <i>1 0 0 0 1 0 0 0 1 2.23 0.9 -0.63</i>
                <i>1 0 0 0 1 0 0 0 1 2.23 0.9 -0.63</i>
                <i>1 0 0 0 1 0 0 0 1 2.23 0.9 -0.63</i>
                <i>1 0 0 0 1 0 0 0 1 2.23 0.9 -0.63</i>
                <i>1 0 0 0 1 0 0 0 1 2.23 0.9 -0.63</i>
                <i>1 0 0 0 1 0 0 0 1 2.23 0.9 -0.63</i>
                <i>1 0 0 0 1 0 0 0 1 2.23 0.9 -0.63</i>
                <i>1 0 0 0 1 0 0 0 1 2.23 0.9 -0.63</i>
                <i>1 0 0 0 1 0 0 0 1 2.23 0.9 -0.63</i>
                <i>1 0 0 0 1 0 0 0 1 2.23 0.9 -0.63</i>
                <i>1 0 0 0 1 0 0 0 1 2.23 0.9 -0.63</i>
                <i>1 0 0 0 1 0 0 0 1 2.23 0.9 -0.63</i>
                <i>1 0 0 0 1 0 0 0 1 2.23 0.9 -0.63</i>
                <i>1 0 0 0 1 0 0 0 1 2.23 0.9 -0.63</i>
                <i>1 0 0 0 1 0 0 0 1 2.23 0.9 -0.63</i>
                <i>1 0 0 0 1 0 0 0 1 2.23 0.9 -0.63</i>
                <i>1 0 0 0 1 0 0 0 1 2.23 0.9 -0.63</i>
                <i>1 0 0 0 1 0 0 0 1 2.23 0.9 -0.63</i>
                <i>1 0 0 0 1 0 0 0 1 2.23 0.9 -0.63</i>
                <i>1 0 0 0 1 0 0 0 1 2.23 0.9 -0.63</i>
                <i>1 0 0 0 1 0 0 0 1 2.23 0.9 -0.63</i>
                <i>1 0 0 0 1 0 0 0 1 2.23 0.9 -0.63</i>
            </KeyFrames>
        </RefFrame>
        <Bones count="23">
            <i>
                <p>
                    <Name><![CDATA[pelvis]]></Name>
                    <Exclude>0</Exclude>
                    <Additive>0</Additive>
                    <IKPriority>0</IKPriority>
                    <IKRotLimits>-1e+010 -1e+010 -1e+010 1e+010 1e+010 1e+010</IKRotLimits>
                    <IKRotLimitOrder>2</IKRotLimitOrder>
                    <KeyFrames count="33">
                        <i>1 0 0 0 1 0 0 0 1 1.85003 1.5562 -0.513636</i>
                        <i>1 0 0 0 1 0 0 0 1 1.85003 1.55503 -0.516069</i>
                        <i>1 0 0 0 1 0 0 0 1 1.85002 1.55356 -0.518336</i>
                        <i>1 0 0 0 1 0 0 0 1 1.85001 1.55216 -0.52052</i>
                        <i>1 0 0 0 1 0 0 0 1 1.84999 1.55118 -0.522702</i>
                        <i>1 0 0 0 1 0 0 0 1 1.84998 1.551 -0.524963</i>
                        <i>1 0 0 0 1 0 0 0 1 1.84997 1.55199 -0.527386</i>
                        <i>1 0 0 0 1 0 0 0 1 1.84997 1.55404 -0.529919</i>
                        <i>1 0 0 0 1 0 0 0 1 1.84997 1.55673 -0.532461</i>
                        <i>1 0 0 0 1 0 0 0 1 1.84998 1.5599 -0.53501</i>
                        <i>1 0 0 0 1 0 0 0 1 1.84998 1.56343 -0.537567</i>
                        <i>1 0 0 0 1 0 0 0 1 1.84998 1.56716 -0.54013</i>
                        <i>1 0 0 0 1 0 0 0 1 1.84999 1.57098 -0.542699</i>
                        <i>1 0 0 0 1 0 0 0 1 1.84999 1.57473 -0.545274</i>
                        <i>1 0 0 0 1 0 0 0 1 1.84999 1.57828 -0.547854</i>
                        <i>1 0 0 0 1 0 0 0 1 1.85 1.58149 -0.550439</i>
                        <i>1 0 0 0 1 0 0 0 1 1.85 1.58423 -0.553028</i>
                        <i>1 0 0 0 1 0 0 0 1 1.85 1.58634 -0.555621</i>
                        <i>1 0 0 0 1 0 0 0 1 1.85 1.58771 -0.558217</i>
                        <i>1 0 0 0 1 0 0 0 1 1.85 1.58837 -0.560816</i>
                        <i>1 0 0 0 1 0 0 0 1 1.85001 1.58852 -0.563417</i>
                        <i>1 0 0 0 1 0 0 0 1 1.85001 1.58823 -0.56602</i>
                        <i>1 0 0 0 1 0 0 0 1 1.85 1.58757 -0.568624</i>
                        <i>1 0 0 0 1 0 0 0 1 1.85 1.58661 -0.571229</i>
                        <i>1 0 0 0 1 0 0 0 1 1.85 1.58543 -0.573834</i>
                        <i>1 0 0 0 1 0 0 0 1 1.85 1.58411 -0.576439</i>
                        <i>1 0 0 0 1 0 0 0 1 1.84999 1.58271 -0.579044</i>
                        <i>1 0 0 0 1 0 0 0 1 1.84999 1.5813 -0.581647</i>
                        <i>1 0 0 0 1 0 0 0 1 1.84998 1.57997 -0.584249</i>
                        <i>1 0 0 0 1 0 0 0 1 1.84998 1.57877 -0.586848</i>
                        <i>1 0 0 0 1 0 0 0 1 1.84997 1.5778 -0.589445</i>
                        <i>1 0 0 0 1 0 0 0 1 1.84996 1.57711 -0.592039</i>
                        <i>1 0 0 0 1 0 0 0 1 1.84996 1.57678 -0.594629</i>
                    </KeyFrames>
                </p>
            </i>
            <i>
                <p>
                    <Name><![CDATA[spine0]]></Name>
                    <Exclude>0</Exclude>
                    <Additive>0</Additive>
                    <IKPriority>0</IKPriority>
                    <IKRotLimits>-1e+010 -1e+010 -1e+010 1e+010 1e+010 1e+010</IKRotLimits>
                    <IKRotLimitOrder>0</IKRotLimitOrder>
                    <KeyFrames count="33">
                        <i>0.0435422 0.923259 0.381702 -0.988287 -0.0161294 0.151751 0.146262 -0.383839 0.911743 1.86243 1.69734 -0.538546</i>
                        <i>0.0471311 0.924073 0.379299 -0.988671 -0.0110189 0.149696 0.142509 -0.382057 0.913085 1.86211 1.6962 -0.541</i>
                        <i>0.0442111 0.925783 0.375461 -0.989774 -0.0104289 0.142262 0.13562 -0.377911 0.915855 1.8613 1.69479 -0.543294</i>
                        <i>0.0380282 0.927905 0.370872 -0.991168 -0.0121592 0.132053 0.127042 -0.372619 0.919247 1.86028 1.69347 -0.545454</i>
                        <i>0.031791 0.930002 0.366176 -0.992468 -0.0139915 0.1217 0.118305 -0.367287 0.922553 1.8593 1.69258 -0.547508</i>
                        <i>0.0286529 0.931738 0.361999 -0.993402 -0.0136882 0.113861 0.111044 -0.362874 0.925198 1.85862 1.69249 -0.549487</i>
                        <i>0.0317114 0.932821 0.358943 -0.993756 -0.00901091 0.111213 0.106976 -0.360228 0.92671 1.85851 1.69357 -0.551422</i>
                        <i>0.0388949 0.933435 0.356633 -0.993687 -0.00145489 0.112181 0.105233 -0.358744 0.927485 1.85879 1.69571 -0.553343</i>
                        <i>0.0460555 0.933934 0.354467 -0.993533 0.00595919 0.113388 0.103784 -0.357397 0.928168 1.85911 1.69848 -0.555257</i>
                        <i>0.0531331 0.934239 0.352666 -0.993301 0.0131554 0.114802 0.102613 -0.356404 0.92868 1.85946 1.70173 -0.557164</i>
                        <i>0.0600536 0.934278 0.351452 -0.993001 0.020045 0.11639 0.101696 -0.355982 0.928943 1.85984 1.70533 -0.559064</i>
                        <i>0.0667334 0.933977 0.351047 -0.992646 0.0265305 0.118114 0.101003 -0.356347 0.928878 1.86025 1.70914 -0.560958</i>
                        <i>0.0730842 0.933265 0.351674 -0.99225 0.0325098 0.119933 0.100497 -0.357713 0.928408 1.86068 1.71302 -0.562846</i>
                        <i>0.0790197 0.93207 0.353556 -0.991831 0.037883 0.121804 0.100136 -0.360293 0.927449 1.86113 1.71683 -0.56473</i>
                        <i>0.0844629 0.930309 0.356918 -0.991409 0.0425582 0.123684 0.0998741 -0.364299 0.925911 1.86161 1.72044 -0.566608</i>
                        <i>0.0894788 0.928038 0.361577 -0.990989 0.0466258 0.125567 0.0996718 -0.369555 0.923848 1.86211 1.7237 -0.568483</i>
                        <i>0.0942032 0.925388 0.367128 -0.990568 0.0502673 0.12747 0.0995049 -0.375673 0.921395 1.86263 1.72648 -0.570354</i>
                        <i>0.0986803 0.922384 0.373458 -0.990147 0.0535432 0.129387 0.0993487 -0.382546 0.91858 1.86317 1.72864 -0.572222</i>
                        <i>0.102958 0.91905 0.380455 -0.989729 0.0565167 0.131313 0.099181 -0.390067 0.915429 1.86372 1.73003 -0.574088</i>
                        <i>0.107084 0.915414 0.388007 -0.989311 0.0592518 0.133243 0.0989821 -0.398128 0.911974 1.86429 1.73072 -0.575951</i>
                        <i>0.111106 0.911503 0.396001 -0.988892 0.0618122 0.135175 0.098735 -0.406621 0.908246 1.86487 1.73088 -0.577812</i>
                        <i>0.115068 0.907349 0.404323 -0.988469 0.0642588 0.13711 0.0984249 -0.415438 0.904281 1.86546 1.7306 -0.579672</i>
                        <i>0.119013 0.902986 0.412859 -0.988041 0.0666492 0.139045 0.0980393 -0.424469 0.900119 1.86605 1.72994 -0.581532</i>
                        <i>0.122974 0.898455 0.421493 -0.987602 0.0690362 0.140983 0.0975686 -0.433604 0.895806 1.86665 1.72899 -0.583391</i>
                        <i>0.126981 0.893801 0.430111 -0.98715 0.0714667 0.142923 0.097006 -0.442733 0.891391 1.86726 1.7278 -0.58525</i>
                        <i>0.131058 0.889075 0.4386 -0.986682 0.0739813 0.144865 0.0963477 -0.451744 0.88693 1.86786 1.72646 -0.58711</i>
                        <i>0.13522 0.884333 0.446846 -0.986193 0.0766136 0.146809 0.0955935 -0.460528 0.882483 1.86847 1.72503 -0.588971</i>
                        <i>0.139475 0.879636 0.454739 -0.985682 0.0793899 0.148753 0.0947469 -0.468976 0.878114 1.86907 1.7236 -0.590834</i>
                        <i>0.143826 0.87505 0.462171 -0.985146 0.0823294 0.150695 0.0938153 -0.476979 0.873893 1.86966 1.72223 -0.592699</i>
                        <i>0.148267 0.870645 0.469036 -0.984583 0.0854446 0.15263 0.0928102 -0.484434 0.869891 1.87025 1.72099 -0.594566</i>
                        <i>0.152789 0.866493 0.475232 -0.983991 0.0887417 0.154554 0.0917472 -0.491238 0.86618 1.87083 1.71997 -0.596436</i>
                        <i>0.157379 0.862668 0.480662 -0.983369 0.092222 0.15646 0.0906455 -0.497292 0.862835 1.87139 1.71923 -0.598309</i>
                        <i>0.162019 0.859244 0.485231 -0.982718 0.095883 0.158341 0.0895281 -0.5025 0.85993 1.87194 1.71885 -0.600185</i>
                    </KeyFrames>
                </p>
            </i>
            <i>
                <p>
                    <Name><![CDATA[spine1]]></Name>
                    <Exclude>0</Exclude>
                    <Additive>0</Additive>
                    <IKPriority>0</IKPriority>
                    <IKRotLimits>-1e+010 -1e+010 -1e+010 1e+010 1e+010 1e+010</IKRotLimits>
                    <IKRotLimitOrder>0</IKRotLimitOrder>
                    <KeyFrames count="33">
                        <i>-0.0239313 0.69615 0.717498 -0.986323 -0.133516 0.0966458 0.163077 -0.705372 0.689824 1.87008 1.85962 -0.471482</i>
                        <i>-0.0201466 0.698665 0.715165 -0.988014 -0.123408 0.0927276 0.153042 -0.704726 0.692777 1.87038 1.85852 -0.474402</i>
                        <i>-0.023415 0.703738 0.710073 -0.989649 -0.116908 0.0832306 0.141586 -0.700775 0.699191 1.86906 1.85727 -0.477428</i>
                        <i>-0.0300509 0.71052 0.703035 -0.991194 -0.111929 0.0707524 0.128961 -0.694718 0.707627 1.86695 1.85613 -0.480463</i>
                        <i>-0.036396 0.718226 0.694858 -0.992637 -0.106367 0.0579502 0.115531 -0.687632 0.716808 1.86486 1.85541 -0.48342</i>
                        <i>-0.0388435 0.726196 0.68639 -0.99404 -0.0981033 0.047539 0.10186 -0.680452 0.725679 1.86362 1.8554 -0.486216</i>
                        <i>-0.0338563 0.733833 0.678485 -0.995482 -0.0850201 0.0422813 0.0887123 -0.673988 0.733396 1.86404 1.85642 -0.488777</i>
                        <i>-0.0237085 0.741105 0.67097 -0.996796 -0.0688133 0.0407848 0.0763975 -0.667853 0.740362 1.86557 1.85842 -0.491195</i>
                        <i>-0.0130718 0.748149 0.663402 -0.997813 -0.052755 0.039833 0.0647988 -0.661431 0.747202 1.86713 1.86103 -0.493579</i>
                        <i>-0.00210351 0.754574 0.656212 -0.998531 -0.0371119 0.0394739 0.0541392 -0.655165 0.753543 1.86869 1.86409 -0.495888</i>
                        <i>0.00899301 0.760007 0.649852 -0.998964 -0.0221675 0.0397493 0.0446153 -0.649536 0.759021 1.87026 1.86748 -0.498081</i>
                        <i>0.0199794 0.764097 0.644792 -0.999138 -0.00821662 0.040696 0.0363937 -0.645049 0.763274 1.87181 1.87104 -0.500119</i>
                        <i>0.0305979 0.766504 0.64151 -0.999093 0.00444097 0.0423472 0.0296103 -0.642224 0.765945 1.87333 1.87463 -0.50196</i>
                        <i>0.0405896 0.766899 0.640483 -0.998879 0.0155082 0.0447331 0.024373 -0.641581 0.766668 1.87481 1.87811 -0.503564</i>
                        <i>0.0497153 0.764947 0.642172 -0.998548 0.0246995 0.0478833 0.0207668 -0.643619 0.765064 1.87622 1.88133 -0.504891</i>
                        <i>0.0580537 0.760923 0.64624 -0.998142 0.0322504 0.0516925 0.0184925 -0.64804 0.761382 1.87758 1.88416 -0.505974</i>
                        <i>0.065855 0.755434 0.651906 -0.997683 0.0386456 0.0560021 0.0171127 -0.654084 0.756229 1.87892 1.88647 -0.50689</i>
                        <i>0.0731799 0.74863 0.658937 -0.997182 0.0439925 0.0607639 0.0165014 -0.661527 0.74974 1.88023 1.88813 -0.507657</i>
                        <i>0.0801012 0.740657 0.667091 -0.996649 0.0484033 0.0659318 0.0165434 -0.670138 0.742052 1.88153 1.88898 -0.508298</i>
                        <i>0.0866965 0.731664 0.67613 -0.996087 0.0519914 0.0714612 0.0171326 -0.67968 0.733308 1.88281 1.88909 -0.508832</i>
                        <i>0.0930438 0.721803 0.685816 -0.995496 0.0548695 0.0773091 0.0181716 -0.68992 0.723657 1.8841 1.88865 -0.509282</i>
                        <i>0.0992163 0.711235 0.695917 -0.994873 0.0571472 0.0834332 0.0195709 -0.700627 0.713259 1.88538 1.88773 -0.509667</i>
                        <i>0.105279 0.700129 0.706212 -0.994216 0.0589299 0.0897912 0.0212485 -0.71158 0.702284 1.88667 1.8864 -0.51001</i>
                        <i>0.111287 0.688663 0.71649 -0.993519 0.0603168 0.0963409 0.02313 -0.722568 0.690912 1.88797 1.88474 -0.510333</i>
                        <i>0.11728 0.677024 0.726556 -0.99278 0.0614006 0.103039 0.0251488 -0.733395 0.679337 1.88928 1.88284 -0.510656</i>
                        <i>0.123287 0.665408 0.736228 -0.991997 0.0622666 0.10984 0.0272462 -0.743878 0.66776 1.8906 1.88076 -0.511003</i>
                        <i>0.129321 0.654019 0.745342 -0.991168 0.0629927 0.116699 0.0293721 -0.75385 0.656389 1.89194 1.87859 -0.511394</i>
                        <i>0.135382 0.643067 0.753748 -0.990293 0.0636494 0.123565 0.0314848 -0.76316 0.645442 1.89329 1.87641 -0.511851</i>
                        <i>0.141455 0.632765 0.761314 -0.989376 0.0643004 0.130387 0.0335515 -0.77167 0.635138 1.89465 1.8743 -0.512395</i>
                        <i>0.147518 0.623328 0.767919 -0.98842 0.0650038 0.137112 0.0355478 -0.779254 0.6257 1.89602 1.87234 -0.513047</i>
                        <i>0.153535 0.614973 0.773457 -0.987433 0.065813 0.143683 0.0374575 -0.785797 0.617349 1.89739 1.87062 -0.513826</i>
                        <i>0.159468 0.607912 0.777826 -0.986422 0.0667783 0.150043 0.0392712 -0.791191 0.610307 1.89875 1.86922 -0.514751</i>
                        <i>0.165274 0.602356 0.78093 -0.985396 0.0679491 0.156135 0.0409855 -0.79533 0.604789 1.9001 1.86823 -0.515841</i>
                    </KeyFrames>
                </p>
            </i>
            <i>
                <p>
                    <Name><![CDATA[spine2]]></Name>
                    <Exclude>0</Exclude>
                    <Additive>0</Additive>
                    <IKPriority>0</IKPriority>
                    <IKRotLimits>-1e+010 -1e+010 -1e+010 1e+010 1e+010 1e+010</IKRotLimits>
                    <IKRotLimitOrder>0</IKRotLimitOrder>
                    <KeyFrames count="33">
                        <i>0.0640208 0.600517 0.797045 -0.991791 -0.0502968 0.117558 0.110685 -0.798029 0.592367 1.86623 1.97199 -0.355469</i>
                        <i>0.0576679 0.602407 0.796103 -0.993344 -0.0450229 0.106024 0.0997127 -0.796918 0.595801 1.86714 1.97122 -0.358843</i>
                        <i>0.0451283 0.607432 0.793089 -0.995134 -0.0422714 0.089001 0.087587 -0.793247 0.602568 1.86529 1.97069 -0.362793</i>
                        <i>0.0300387 0.614436 0.788394 -0.996792 -0.0401249 0.0692502 0.0741841 -0.787945 0.61126 1.8621 1.97053 -0.367086</i>
                        <i>0.0160361 0.622418 0.782521 -0.9981 -0.0366068 0.0495711 0.0594996 -0.781828 0.620648 1.85899 1.97091 -0.371499</i>
                        <i>0.00674256 0.630569 0.776104 -0.999021 -0.0296926 0.0328038 0.0437296 -0.775565 0.629751 1.85736 1.97203 -0.375811</i>
                        <i>0.00573948 0.638185 0.769862 -0.999612 -0.0173349 0.0218223 0.0272722 -0.769688 0.637837 1.85858 1.97412 -0.379802</i>
                        <i>0.0107854 0.645387 0.76378 -0.999883 -0.00133247 0.0152453 0.0108568 -0.763855 0.645297 1.86174 1.97711 -0.383589</i>
                        <i>0.0172064 0.652485 0.757606 -0.99984 0.0149278 0.00985134 -0.00488158 -0.757654 0.652638 1.86499 1.98067 -0.387347</i>
                        <i>0.0248504 0.659024 0.751711 -0.999499 0.0311054 0.00577181 -0.0195785 -0.751479 0.659467 1.86831 1.9846 -0.39096</i>
                        <i>0.0335139 0.664556 0.746487 -0.998897 0.0468502 0.00313793 -0.0328877 -0.745768 0.665393 1.87164 1.98869 -0.394312</i>
                        <i>0.0429532 0.668651 0.742335 -0.998086 0.0618033 0.00208285 -0.044486 -0.741004 0.670026 1.87494 1.99277 -0.397282</i>
                        <i>0.0528983 0.670893 0.739665 -0.997135 0.0755976 0.00274282 -0.0540768 -0.737691 0.67297 1.87814 1.99662 -0.399751</i>
                        <i>0.0630724 0.670883 0.738876 -0.996119 0.0878586 0.00525765 -0.0613894 -0.73634 0.673821 1.8812 2.00008 -0.401598</i>
                        <i>0.0732132 0.668227 0.740346 -0.995118 0.0982042 0.00976988 -0.0661766 -0.737447 0.672155 1.88406 2.00293 -0.402707</i>
                        <i>0.0832809 0.663223 0.743774 -0.994145 0.106859 0.016029 -0.068848 -0.740754 0.668239 1.88675 2.00509 -0.403169</i>
                        <i>0.093369 0.656547 0.748484 -0.993162 0.114331 0.0236033 -0.0700786 -0.74557 0.662733 1.88933 2.00652 -0.40319</i>
                        <i>0.103456 0.648377 0.754257 -0.992166 0.120663 0.0323632 -0.0700274 -0.751696 0.655781 1.89181 2.0071 -0.402831</i>
                        <i>0.113533 0.638897 0.760868 -0.991146 0.125898 0.0421778 -0.0688449 -0.75892 0.647534 1.89421 2.00671 -0.402153</i>
                        <i>0.123599 0.628292 0.768096 -0.99009 0.130085 0.0529131 -0.0666728 -0.767025 0.638144 1.89655 2.00543 -0.401215</i>
                        <i>0.133652 0.616755 0.775726 -0.988983 0.133274 0.0644329 -0.0636449 -0.775791 0.627772 1.89885 2.00346 -0.400079</i>
                        <i>0.143691 0.604481 0.783553 -0.987809 0.135522 0.0765978 -0.0598868 -0.785007 0.616585 1.90113 2.0009 -0.398805</i>
                        <i>0.153705 0.591675 0.791388 -0.986556 0.13689 0.0892658 -0.0555165 -0.794469 0.604762 1.9034 1.99786 -0.39745</i>
                        <i>0.163676 0.578546 0.799059 -0.985213 0.137444 0.102293 -0.0506446 -0.803987 0.592487 1.90567 1.99443 -0.396074</i>
                        <i>0.173575 0.565304 0.806414 -0.983775 0.137256 0.115533 -0.0453737 -0.813383 0.579956 1.90795 1.99073 -0.394731</i>
                        <i>0.183361 0.552168 0.81332 -0.98224 0.136403 0.128838 -0.039799 -0.822499 0.567372 1.91025 1.98685 -0.393474</i>
                        <i>0.192982 0.539354 0.819668 -0.980613 0.134969 0.142062 -0.0340083 -0.831192 0.554944 1.91257 1.98291 -0.392354</i>
                        <i>0.202373 0.52708 0.825367 -0.978906 0.133043 0.155058 -0.0280817 -0.839336 0.542886 1.9149 1.97902 -0.391419</i>
                        <i>0.211461 0.515565 0.830347 -0.977137 0.130718 0.16768 -0.0220918 -0.846821 0.53142 1.91724 1.97529 -0.390713</i>
                        <i>0.220162 0.505023 0.834554 -0.97533 0.128093 0.179786 -0.0161043 -0.853548 0.520766 1.91959 1.97185 -0.390278</i>
                        <i>0.228386 0.495666 0.837947 -0.973518 0.125268 0.191237 -0.0101785 -0.859432 0.511149 1.92193 1.96881 -0.390154</i>
                        <i>0.236037 0.487702 0.840496 -0.971734 0.12235 0.201899 -0.00436787 -0.864394 0.502796 1.92425 1.96629 -0.390378</i>
                        <i>0.24302 0.481334 0.842175 -0.970021 0.119444 0.211644 0.00127888 -0.868361 0.495931 1.92653 1.9644 -0.390984</i>
                    </KeyFrames>
                </p>
            </i>
            <i>
                <p>
                    <Name><![CDATA[head]]></Name>
                    <Exclude>0</Exclude>
                    <Additive>0</Additive>
                    <IKPriority>0</IKPriority>
                    <IKRotLimits>-1e+010 -1e+010 -1e+010 1e+010 1e+010 1e+010</IKRotLimits>
                    <IKRotLimitOrder>0</IKRotLimitOrder>
                    <KeyFrames count="33">
                        <i>0.0248644 0.956823 0.289608 -0.0823032 0.290673 -0.953276 -0.996297 -0.000132956 0.0859769 1.89103 2.14347 -0.164888</i>
                        <i>0.0209767 0.960692 0.276821 -0.094677 0.277547 -0.956036 -0.995287 -0.00615414 0.0967775 1.88962 2.14317 -0.168372</i>
                        <i>0.013704 0.965917 0.258489 -0.106694 0.25845 -0.960114 -0.994197 -0.0144219 0.1066 1.88394 2.14384 -0.172993</i>
                        <i>0.00539187 0.971218 0.238133 -0.116147 0.237133 -0.964509 -0.993217 -0.022458 0.114083 1.87636 2.14533 -0.178425</i>
                        <i>-0.00150241 0.975693 0.219136 -0.12109 0.217347 -0.968554 -0.99264 -0.0279904 0.11782 1.86922 2.14754 -0.184313</i>
                        <i>-0.0045703 0.97881 0.20472 -0.119843 0.202711 -0.971878 -0.992782 -0.0289761 0.116378 1.86484 2.15047 -0.190267</i>
                        <i>-0.00164759 0.980204 0.197984 -0.110829 0.196586 -0.974203 -0.993838 -0.0235475 0.108311 1.86551 2.15419 -0.195879</i>
                        <i>0.00524452 0.980597 0.195966 -0.0943957 0.195579 -0.976134 -0.995521 -0.013379 0.0935899 1.86972 2.15867 -0.201257</i>
                        <i>0.0126233 0.980879 0.194209 -0.0730652 0.19461 -0.978156 -0.997247 -0.00184238 0.0741247 1.87443 2.16369 -0.206629</i>
                        <i>0.0201236 0.980881 0.193565 -0.048403 0.194333 -0.979741 -0.998625 0.0103468 0.0513882 1.87955 2.16893 -0.211781</i>
                        <i>0.0273558 0.980445 0.194882 -0.0219551 0.195497 -0.980458 -0.999385 0.0225426 0.0268737 1.88499 2.17411 -0.21649</i>
                        <i>0.0339189 0.979416 0.198983 0.00475107 0.198937 -0.980001 -0.999413 0.0341859 0.00209444 1.89062 2.17893 -0.220532</i>
                        <i>0.0394266 0.97762 0.206649 0.0302054 0.205549 -0.97818 -0.998766 0.0448082 -0.0214253 1.89633 2.18312 -0.223682</i>
                        <i>0.0435434 0.974839 0.218617 0.05291 0.216267 -0.974899 -0.997649 0.0540175 -0.0421617 1.90199 2.18641 -0.225717</i>
                        <i>0.0460302 0.970766 0.235573 0.0713688 0.232024 -0.970088 -0.996387 0.0614659 -0.0586022 1.90749 2.18852 -0.226427</i>
                        <i>0.0471856 0.965168 0.257341 0.0845493 0.252844 -0.963806 -0.995301 0.0672357 -0.0696737 1.91284 2.18941 -0.225982</i>
                        <i>0.0476303 0.957857 0.283268 0.0916144 0.278206 -0.956142 -0.994655 0.0714928 -0.0745025 1.91811 2.18921 -0.224764</i>
                        <i>0.0478581 0.948455 0.313278 0.0913508 0.308167 -0.946936 -0.994668 0.0739367 -0.0718938 1.92331 2.18781 -0.222891</i>
                        <i>0.0485962 0.936502 0.347279 0.0825571 0.342734 -0.935798 -0.995401 0.0741466 -0.0606592 1.92846 2.18515 -0.22048</i>
                        <i>0.0503437 0.921519 0.385057 0.0663185 0.38161 -0.921941 -0.996528 0.0719503 -0.0419021 1.93356 2.18134 -0.21765</i>
                        <i>0.0534002 0.903179 0.42593 0.0450039 0.423928 -0.904577 -0.997559 0.0674731 -0.0180087 1.93863 2.17664 -0.214516</i>
                        <i>0.0583776 0.881243 0.469044 0.019403 0.468755 -0.883115 -0.998106 0.060655 0.010266 1.94369 2.17117 -0.211191</i>
                        <i>0.0658204 0.855574 0.513478 -0.00963269 0.515115 -0.857067 -0.997785 0.0514663 0.0421466 1.94873 2.16509 -0.207782</i>
                        <i>0.0761651 0.826165 0.558256 -0.0411923 0.562012 -0.826103 -0.996244 0.0399244 0.0768373 1.95376 2.15855 -0.204392</i>
                        <i>0.0897041 0.793155 0.602377 -0.0743206 0.60846 -0.790097 -0.993192 0.0261059 0.113529 1.95878 2.1517 -0.201114</i>
                        <i>0.106558 0.756842 0.644853 -0.108044 0.653519 -0.749159 -0.988419 0.0101562 0.15141 1.96377 2.1447 -0.198038</i>
                        <i>0.126659 0.717678 0.68476 -0.141407 0.696333 -0.703651 -0.981815 -0.00770647 0.189681 1.96872 2.1377 -0.195241</i>
                        <i>0.149743 0.676258 0.721285 -0.17351 0.736163 -0.654186 -0.973382 -0.0271903 0.227572 1.9736 2.13088 -0.192796</i>
                        <i>0.17536 0.633298 0.753779 -0.203552 0.772422 -0.601607 -0.963232 -0.0479352 0.264361 1.9784 2.12439 -0.190764</i>
                        <i>0.202891 0.589602 0.781796 -0.23087 0.804697 -0.546957 -0.951596 -0.0695209 0.299387 1.98306 2.11841 -0.189203</i>
                        <i>0.231578 0.546027 0.805125 -0.254971 0.832758 -0.49143 -0.938809 -0.0914794 0.332069 1.98756 2.1131 -0.188161</i>
                        <i>0.260558 0.503448 0.823802 -0.275546 0.856564 -0.436318 -0.925302 -0.113309 0.361908 1.99186 2.10863 -0.187682</i>
                        <i>0.288907 0.462719 0.838107 -0.292481 0.876243 -0.382952 -0.911585 -0.134492 0.38849 1.99591 2.10516 -0.187807</i>
                    </KeyFrames>
                </p>
            </i>
            <i>
                <p>
                    <Name><![CDATA[head_prop]]></Name>
                    <Exclude>0</Exclude>
                    <Additive>0</Additive>
                    <IKPriority>0</IKPriority>
                    <IKRotLimits>-1e+010 -1e+010 -1e+010 1e+010 1e+010 1e+010</IKRotLimits>
                    <IKRotLimitOrder>0</IKRotLimitOrder>
                    <KeyFrames count="33">
                        <i>0.996297 0.000132956 -0.0859769 0.0248644 0.956823 0.289608 0.0823032 -0.290673 0.953276 1.89914 2.45531 -0.0705027</i>
                        <i>0.995287 0.00615414 -0.0967775 0.0209767 0.960692 0.276821 0.094677 -0.277547 0.956036 1.89645 2.45627 -0.0781533</i>
                        <i>0.994197 0.0144219 -0.1066 0.013704 0.965917 0.258489 0.106694 -0.25845 0.960114 1.88841 2.45864 -0.0887489</i>
                        <i>0.993217 0.022458 -0.114083 0.00539187 0.971218 0.238133 0.116147 -0.237133 0.964509 1.87812 2.46186 -0.100815</i>
                        <i>0.99264 0.0279904 -0.11782 -0.00150241 0.975693 0.219136 0.12109 -0.217347 0.968554 1.86873 2.46552 -0.112895</i>
                        <i>0.992782 0.0289761 -0.116378 -0.0045703 0.97881 0.20472 0.119843 -0.202711 0.971878 1.86335 2.46947 -0.123547</i>
                        <i>0.993838 0.0235475 -0.108311 -0.00164759 0.980204 0.197984 0.110829 -0.196586 0.974203 1.86497 2.47364 -0.131354</i>
                        <i>0.995521 0.013379 -0.0935899 0.00524452 0.980597 0.195966 0.0943957 -0.195579 0.976134 1.87143 2.47826 -0.13739</i>
                        <i>0.997247 0.00184238 -0.0741247 0.0126233 0.980879 0.194209 0.0730652 -0.19461 0.978156 1.87854 2.48337 -0.143335</i>
                        <i>0.998625 -0.0103468 -0.0513882 0.0201236 0.980881 0.193565 0.048403 -0.194333 0.979741 1.88611 2.48861 -0.148697</i>
                        <i>0.999385 -0.0225426 -0.0268737 0.0273558 0.980445 0.194882 0.0219551 -0.195497 0.980458 1.8939 2.49364 -0.152976</i>
                        <i>0.999413 -0.0341859 -0.00209444 0.0339189 0.979416 0.198983 -0.00475107 -0.198937 0.980001 1.90168 2.49813 -0.155682</i>
                        <i>0.998766 -0.0448082 0.0214253 0.0394266 0.97762 0.206649 -0.0302054 -0.205549 0.97818 1.90918 2.50174 -0.156333</i>
                        <i>0.997649 -0.0540175 0.0421617 0.0435434 0.974839 0.218617 -0.05291 -0.216267 0.974899 1.91619 2.50412 -0.154468</i>
                        <i>0.996387 -0.0614659 0.0586022 0.0460302 0.970766 0.235573 -0.0713688 -0.232024 0.970088 1.92249 2.5049 -0.149652</i>
                        <i>0.995301 -0.0672357 0.0696737 0.0471856 0.965168 0.257341 -0.0845493 -0.252844 0.963806 1.92821 2.50397 -0.142112</i>
                        <i>0.994655 -0.0714928 0.0745025 0.0476303 0.957857 0.283268 -0.0916144 -0.278206 0.956142 1.93363 2.50138 -0.132444</i>
                        <i>0.994668 -0.0739367 0.0718938 0.0478581 0.948455 0.313278 -0.0913508 -0.308167 0.946936 1.93891 2.49692 -0.120791</i>
                        <i>0.995401 -0.0741466 0.0606592 0.0485962 0.936502 0.347279 -0.0825571 -0.342734 0.935798 1.94429 2.49037 -0.107299</i>
                        <i>0.996528 -0.0719503 0.0419021 0.0503437 0.921519 0.385057 -0.0663185 -0.38161 0.921941 1.94997 2.48167 -0.0921566</i>
                        <i>0.997559 -0.0674731 0.0180087 0.0534002 0.903179 0.42593 -0.0450039 -0.423928 0.904577 1.95604 2.47099 -0.0757017</i>
                        <i>0.998106 -0.060655 -0.010266 0.0583776 0.881243 0.469044 -0.019403 -0.468755 0.883115 1.96271 2.45838 -0.0583249</i>
                        <i>0.997785 -0.0514663 -0.0421466 0.0658204 0.855574 0.513478 0.00963269 -0.515115 0.857067 1.97018 2.44393 -0.0404348</i>
                        <i>0.996244 -0.0399244 -0.0768373 0.0761651 0.826165 0.558256 0.0411923 -0.562012 0.826103 1.97858 2.42781 -0.0224508</i>
                        <i>0.993192 -0.0261059 -0.113529 0.0897041 0.793155 0.602377 0.0743206 -0.60846 0.790097 1.98801 2.4102 -0.00479444</i>
                        <i>0.988419 -0.0101562 -0.15141 0.106558 0.756842 0.644853 0.108044 -0.653519 0.749159 1.9985 2.39136 0.0121255</i>
                        <i>0.981815 0.00770647 -0.189681 0.126659 0.717678 0.68476 0.141407 -0.696333 0.703651 2.01 2.3716 0.027928</i>
                        <i>0.973382 0.0271903 -0.227572 0.149743 0.676258 0.721285 0.17351 -0.736163 0.654186 2.02241 2.35128 0.0422774</i>
                        <i>0.963232 0.0479352 -0.264361 0.17536 0.633298 0.753779 0.203552 -0.772422 0.601607 2.03555 2.33079 0.0548989</i>
                        <i>0.951596 0.0695209 -0.299387 0.202891 0.589602 0.781796 0.23087 -0.804697 0.546957 2.04919 2.31057 0.0655914</i>
                        <i>0.938809 0.0914794 -0.332069 0.231578 0.546027 0.805125 0.254971 -0.832758 0.49143 2.06304 2.29105 0.0742369</i>
                        <i>0.925302 0.113309 -0.361908 0.260558 0.503448 0.823802 0.275546 -0.856564 0.436318 2.07678 2.27271 0.0808028</i>
                        <i>0.911585 0.134492 -0.38849 0.288907 0.462719 0.838107 0.292481 -0.876243 0.382952 2.09007 2.25596 0.0853393</i>
                    </KeyFrames>
                </p>
            </i>
            <i>
                <p>
                    <Name><![CDATA[l_clav]]></Name>
                    <Exclude>0</Exclude>
                    <Additive>0</Additive>
                    <IKPriority>0</IKPriority>
                    <IKRotLimits>-1e+010 -1e+010 -1e+010 1e+010 1e+010 1e+010</IKRotLimits>
                    <IKRotLimitOrder>0</IKRotLimitOrder>
                    <KeyFrames count="33">
                        <i>0.84222 0.525506 0.120455 -0.490564 0.654294 0.57554 0.223637 -0.543822 0.808854 1.95305 1.97779 -0.293398</i>
                        <i>0.839504 0.526869 0.132822 -0.50064 0.655041 0.565933 0.211169 -0.5416 0.813682 1.95392 1.97726 -0.295459</i>
                        <i>0.834501 0.530827 0.147754 -0.515133 0.656422 0.551134 0.195567 -0.536035 0.821231 1.95158 1.97744 -0.297682</i>
                        <i>0.828596 0.535473 0.163395 -0.530832 0.658707 0.533219 0.177894 -0.528558 0.830048 1.94764 1.9782 -0.300088</i>
                        <i>0.823362 0.538902 0.177931 -0.544684 0.662358 0.514394 0.159354 -0.520449 0.838892 1.94371 1.97946 -0.302702</i>
                        <i>0.820542 0.539235 0.189568 -0.553833 0.668041 0.496982 0.141351 -0.512783 0.846802 1.94142 1.98116 -0.305536</i>
                        <i>0.821943 0.534599 0.196504 -0.55558 0.676532 0.483358 0.125461 -0.506467 0.853083 1.94238 1.98331 -0.308597</i>
                        <i>0.826379 0.526473 0.199811 -0.551944 0.686955 0.472706 0.111606 -0.500918 0.858269 1.9456 1.98599 -0.311874</i>
                        <i>0.831404 0.517698 0.201885 -0.546814 0.697641 0.462917 0.0988082 -0.495264 0.863105 1.94896 1.98917 -0.315268</i>
                        <i>0.836877 0.508405 0.202882 -0.540376 0.708164 0.454419 0.0873551 -0.489926 0.867376 1.95244 1.99264 -0.318661</i>
                        <i>0.84265 0.498745 0.202963 -0.532854 0.718114 0.447637 0.0775065 -0.485351 0.870877 1.95598 1.99619 -0.321931</i>
                        <i>0.84857 0.488886 0.202284 -0.524499 0.727088 0.442994 0.0694952 -0.482009 0.873406 1.95954 1.9996 -0.324951</i>
                        <i>0.854486 0.479014 0.200997 -0.515576 0.734699 0.440907 0.063529 -0.480378 0.874758 1.96306 2.00267 -0.327592</i>
                        <i>0.860252 0.469331 0.199238 -0.506351 0.740561 0.441788 0.0597967 -0.480934 0.874715 1.96646 2.00519 -0.329726</i>
                        <i>0.865733 0.460049 0.197131 -0.497078 0.744289 0.446035 0.0584751 -0.484137 0.873036 1.96971 2.00698 -0.331234</i>
                        <i>0.870964 0.451121 0.194709 -0.48777 0.746114 0.453204 0.0591749 -0.489697 0.869882 1.97281 2.00793 -0.332192</i>
                        <i>0.876051 0.442381 0.191921 -0.478309 0.746584 0.46242 0.0612811 -0.496901 0.865641 1.97581 2.00806 -0.332796</i>
                        <i>0.880979 0.433877 0.188751 -0.46872 0.745776 0.473413 0.0646374 -0.505538 0.86038 1.97873 2.00727 -0.333102</i>
                        <i>0.885736 0.425653 0.185181 -0.459018 0.74377 0.485911 0.0690969 -0.51539 0.854166 1.98157 2.00545 -0.333172</i>
                        <i>0.890309 0.417753 0.181199 -0.449219 0.74065 0.49964 0.0745209 -0.526232 0.847069 1.98436 2.0027 -0.333063</i>
                        <i>0.894684 0.410222 0.176799 -0.439335 0.73651 0.514333 0.080777 -0.537839 0.839169 1.98711 1.99925 -0.332834</i>
                        <i>0.898849 0.403104 0.171981 -0.429386 0.731451 0.529724 0.0877379 -0.549988 0.830551 1.98984 1.99522 -0.332542</i>
                        <i>0.902788 0.396441 0.166761 -0.4194 0.725586 0.545554 0.0952806 -0.562459 0.821317 1.99256 1.99073 -0.33224</i>
                        <i>0.906484 0.390274 0.161162 -0.409413 0.719038 0.561574 0.103286 -0.57504 0.811579 1.99528 1.98589 -0.331977</i>
                        <i>0.909921 0.384641 0.155223 -0.399474 0.711941 0.577546 0.111638 -0.587529 0.801465 1.99801 1.98083 -0.3318</i>
                        <i>0.913083 0.379579 0.148993 -0.389647 0.704442 0.593243 0.120225 -0.599735 0.791116 2.00075 1.97568 -0.331751</i>
                        <i>0.915953 0.375119 0.142535 -0.380007 0.696693 0.608451 0.128938 -0.611477 0.780686 2.0035 1.97056 -0.331866</i>
                        <i>0.918515 0.371288 0.135921 -0.370642 0.68886 0.622974 0.137672 -0.622589 0.770343 2.00627 1.96559 -0.332178</i>
                        <i>0.920757 0.36811 0.129234 -0.361656 0.68111 0.636627 0.146326 -0.632917 0.760267 2.00903 1.96091 -0.332716</i>
                        <i>0.922666 0.365603 0.122562 -0.353161 0.67362 0.649241 0.154804 -0.642317 0.750643 2.0118 1.95665 -0.333503</i>
                        <i>0.924234 0.363779 0.115999 -0.345279 0.666566 0.660661 0.163014 -0.650657 0.741668 2.01454 1.95293 -0.334561</i>
                        <i>0.925454 0.362649 0.109639 -0.338141 0.660126 0.670742 0.170868 -0.657814 0.733542 2.01726 1.94989 -0.335908</i>
                        <i>0.926321 0.362217 0.103576 -0.33188 0.654477 0.67935 0.178284 -0.663671 0.726468 2.01994 1.94764 -0.33756</i>
                    </KeyFrames>
                </p>
            </i>
            <i>
                <p>
                    <Name><![CDATA[l_shoulder]]></Name>
                    <Exclude>0</Exclude>
                    <Additive>0</Additive>
                    <IKPriority>0</IKPriority>
                    <IKRotLimits>-1e+010 -1e+010 -1e+010 1e+010 1e+010 1e+010</IKRotLimits>
                    <IKRotLimitOrder>0</IKRotLimitOrder>
                    <KeyFrames count="33">
                        <i>0.657938 0.0235678 0.752703 0.528974 0.696949 -0.484199 -0.536007 0.716733 0.446083 2.11946 2.08161 -0.269598</i>
                        <i>0.684957 -0.214274 0.696362 0.5891 0.725276 -0.356281 -0.428713 0.654264 0.623011 2.11979 2.08135 -0.269216</i>
                        <i>0.692797 -0.470176 0.546779 0.651921 0.732475 -0.196161 -0.308272 0.492356 0.813974 2.11646 2.08232 -0.268488</i>
                        <i>0.681076 -0.661035 0.31491 0.70243 0.711273 -0.0261392 -0.206708 0.239005 0.948762 2.11135 2.084 -0.267804</i>
                        <i>0.65967 -0.745016 0.0989286 0.734207 0.666955 0.126929 -0.160545 -0.0110975 0.986966 2.10639 2.08593 -0.267546</i>
                        <i>0.635312 -0.771959 -0.0214023 0.751569 0.611685 0.246954 -0.177547 -0.172978 0.968791 2.10354 2.08771 -0.268081</i>
                        <i>0.601602 -0.797205 -0.0503912 0.763231 0.555058 0.33074 -0.235697 -0.237434 0.942376 2.10478 2.08893 -0.269772</i>
                        <i>0.554075 -0.832118 -0.0240966 0.774665 0.504789 0.380898 -0.304789 -0.229713 0.924303 2.10887 2.09001 -0.272396</i>
                        <i>0.498194 -0.866563 0.0295197 0.786679 0.46606 0.404876 -0.364609 -0.178484 0.913895 2.11323 2.09146 -0.27538</i>
                        <i>0.444866 -0.891348 0.087137 0.798956 0.438942 0.411096 -0.404678 -0.113264 0.907418 2.11779 2.09309 -0.278576</i>
                        <i>0.412389 -0.90319 0.119093 0.809936 0.423337 0.405944 -0.417061 -0.070949 0.906105 2.12247 2.09473 -0.28183</i>
                        <i>0.397716 -0.908521 0.128107 0.818203 0.414375 0.398544 -0.41517 -0.0536903 0.908158 2.1272 2.09619 -0.284984</i>
                        <i>0.385251 -0.912641 0.13663 0.823905 0.406856 0.394523 -0.415646 -0.0394202 0.908672 2.13188 2.09731 -0.287879</i>
                        <i>0.375277 -0.91571 0.143676 0.827416 0.400811 0.393362 -0.417793 -0.0287395 0.908088 2.13643 2.09792 -0.290361</i>
                        <i>0.36811 -0.917875 0.148327 0.829031 0.396244 0.394586 -0.420954 -0.0222831 0.906808 2.14076 2.09787 -0.292285</i>
                        <i>0.363633 -0.919301 0.150521 0.829067 0.393055 0.397688 -0.424758 -0.0198204 0.90509 2.1449 2.09706 -0.293722</i>
                        <i>0.361487 -0.920103 0.150788 0.827784 0.391135 0.402229 -0.429071 -0.0205802 0.903037 2.1489 2.09547 -0.294876</i>
                        <i>0.361633 -0.920301 0.149224 0.825332 0.390453 0.407889 -0.433645 -0.0243467 0.900755 2.15279 2.09299 -0.295809</i>
                        <i>0.364026 -0.919875 0.146 0.821828 0.390997 0.414392 -0.438275 -0.0308623 0.898311 2.15658 2.08955 -0.296584</i>
                        <i>0.368388 -0.918807 0.141716 0.817289 0.392723 0.421672 -0.44309 -0.0395163 0.895606 2.16027 2.08524 -0.297262</i>
                        <i>0.374284 -0.917109 0.137197 0.811682 0.395552 0.429781 -0.448424 -0.0495001 0.892449 2.16388 2.0803 -0.297903</i>
