<?xml version="1.0" encoding="ISO-8859-1" ?>
<Animl Version="1">
    <ModellingPackage><![CDATA[Maya.2010]]></ModellingPackage>
    <SrcFile><![CDATA[anims\turrets\machinegun\blue\~src\mgun_gatling\mgun_gatling_fire_crewman_c.mb]]></SrcFile>
    <FramesPerSecond>30</FramesPerSecond>
    <TotalFrames>33</TotalFrames>
    <Skeleton>
        <RefFrame>
            <Name><![CDATA[soldier_ref_frame]]></Name>
            <Exclude>0</Exclude>
            <Additive>0</Additive>
            <IKPriority>0</IKPriority>
            <IKRotLimits>-1e+010 -1e+010 -1e+010 1e+010 1e+010 1e+010</IKRotLimits>
            <IKRotLimitOrder>0</IKRotLimitOrder>
            <KeyFrames count="33">
                <i>1 0 0 0 1 0 0 0 1 -1.71 0.89 -1.77</i>
                <i>1 0 0 0 1 0 0 0 1 -1.71 0.89 -1.77</i>
                <i>1 0 0 0 1 0 0 0 1 -1.71 0.89 -1.77</i>
                <i>1 0 0 0 1 0 0 0 1 -1.71 0.89 -1.77</i>
                <i>1 0 0 0 1 0 0 0 1 -1.71 0.89 -1.77</i>
                <i>1 0 0 0 1 0 0 0 1 -1.71 0.89 -1.77</i>
                <i>1 0 0 0 1 0 0 0 1 -1.71 0.89 -1.77</i>
                <i>1 0 0 0 1 0 0 0 1 -1.71 0.89 -1.77</i>
                <i>1 0 0 0 1 0 0 0 1 -1.71 0.89 -1.77</i>
                <i>1 0 0 0 1 0 0 0 1 -1.71 0.89 -1.77</i>
                <i>1 0 0 0 1 0 0 0 1 -1.71 0.89 -1.77</i>
                <i>1 0 0 0 1 0 0 0 1 -1.71 0.89 -1.77</i>
                <i>1 0 0 0 1 0 0 0 1 -1.71 0.89 -1.77</i>
                <i>1 0 0 0 1 0 0 0 1 -1.71 0.89 -1.77</i>
                <i>1 0 0 0 1 0 0 0 1 -1.71 0.89 -1.77</i>
                <i>1 0 0 0 1 0 0 0 1 -1.71 0.89 -1.77</i>
                <i>1 0 0 0 1 0 0 0 1 -1.71 0.89 -1.77</i>
                <i>1 0 0 0 1 0 0 0 1 -1.71 0.89 -1.77</i>
                <i>1 0 0 0 1 0 0 0 1 -1.71 0.89 -1.77</i>
                <i>1 0 0 0 1 0 0 0 1 -1.71 0.89 -1.77</i>
                <i>1 0 0 0 1 0 0 0 1 -1.71 0.89 -1.77</i>
                <i>1 0 0 0 1 0 0 0 1 -1.71 0.89 -1.77</i>
                <i>1 0 0 0 1 0 0 0 1 -1.71 0.89 -1.77</i>
                <i>1 0 0 0 1 0 0 0 1 -1.71 0.89 -1.77</i>
                <i>1 0 0 0 1 0 0 0 1 -1.71 0.89 -1.77</i>
                <i>1 0 0 0 1 0 0 0 1 -1.71 0.89 -1.77</i>
                <i>1 0 0 0 1 0 0 0 1 -1.71 0.89 -1.77</i>
                <i>1 0 0 0 1 0 0 0 1 -1.71 0.89 -1.77</i>
                <i>1 0 0 0 1 0 0 0 1 -1.71 0.89 -1.77</i>
                <i>1 0 0 0 1 0 0 0 1 -1.71 0.89 -1.77</i>
                <i>1 0 0 0 1 0 0 0 1 -1.71 0.89 -1.77</i>
                <i>1 0 0 0 1 0 0 0 1 -1.71 0.89 -1.77</i>
                <i>1 0 0 0 1 0 0 0 1 -1.71 0.89 -1.77</i>
            </KeyFrames>
        </RefFrame>
        <Bones count="23">
            <i>
                <p>
                    <Name><![CDATA[pelvis]]></Name>
                    <Exclude>0</Exclude>
                    <Additive>0</Additive>
                    <IKPriority>0</IKPriority>
                    <IKRotLimits>-1e+010 -1e+010 -1e+010 1e+010 1e+010 1e+010</IKRotLimits>
                    <IKRotLimitOrder>2</IKRotLimitOrder>
                    <KeyFrames count="33">
                        <i>1 0 0 0 1 0 0 0 1 -1.95945 1.83977 -1.37875</i>
                        <i>1 0 0 0 1 0 0 0 1 -1.96226 1.87516 -1.37875</i>
                        <i>1 0 0 0 1 0 0 0 1 -1.96534 1.86683 -1.37875</i>
                        <i>1 0 0 0 1 0 0 0 1 -1.96863 1.85077 -1.37875</i>
                        <i>1 0 0 0 1 0 0 0 1 -1.97206 1.83977 -1.37875</i>
                        <i>1 0 0 0 1 0 0 0 1 -1.97558 1.87516 -1.37875</i>
                        <i>1 0 0 0 1 0 0 0 1 -1.97911 1.86683 -1.37875</i>
                        <i>1 0 0 0 1 0 0 0 1 -1.98261 1.85077 -1.37875</i>
                        <i>1 0 0 0 1 0 0 0 1 -1.986 1.83977 -1.37875</i>
                        <i>1 0 0 0 1 0 0 0 1 -1.98922 1.87516 -1.37875</i>
                        <i>1 0 0 0 1 0 0 0 1 -1.99222 1.86683 -1.37875</i>
                        <i>1 0 0 0 1 0 0 0 1 -1.99493 1.85077 -1.37875</i>
                        <i>1 0 0 0 1 0 0 0 1 -1.99728 1.83977 -1.37875</i>
                        <i>1 0 0 0 1 0 0 0 1 -1.99922 1.87516 -1.37875</i>
                        <i>1 0 0 0 1 0 0 0 1 -2.00068 1.86683 -1.37875</i>
                        <i>1 0 0 0 1 0 0 0 1 -2.00161 1.85077 -1.37875</i>
                        <i>1 0 0 0 1 0 0 0 1 -2.00193 1.83977 -1.37875</i>
                        <i>1 0 0 0 1 0 0 0 1 -2.00161 1.87516 -1.37875</i>
                        <i>1 0 0 0 1 0 0 0 1 -2.00068 1.86683 -1.37875</i>
                        <i>1 0 0 0 1 0 0 0 1 -1.99922 1.85077 -1.37875</i>
                        <i>1 0 0 0 1 0 0 0 1 -1.99728 1.83977 -1.37875</i>
                        <i>1 0 0 0 1 0 0 0 1 -1.99493 1.87516 -1.37875</i>
                        <i>1 0 0 0 1 0 0 0 1 -1.99222 1.86683 -1.37875</i>
                        <i>1 0 0 0 1 0 0 0 1 -1.98922 1.85077 -1.37875</i>
                        <i>1 0 0 0 1 0 0 0 1 -1.986 1.83977 -1.37875</i>
                        <i>1 0 0 0 1 0 0 0 1 -1.98261 1.87516 -1.37875</i>
                        <i>1 0 0 0 1 0 0 0 1 -1.97911 1.86683 -1.37875</i>
                        <i>1 0 0 0 1 0 0 0 1 -1.97558 1.85077 -1.37875</i>
                        <i>1 0 0 0 1 0 0 0 1 -1.97206 1.83977 -1.37875</i>
                        <i>1 0 0 0 1 0 0 0 1 -1.96863 1.87516 -1.37875</i>
                        <i>1 0 0 0 1 0 0 0 1 -1.96534 1.86683 -1.37875</i>
                        <i>1 0 0 0 1 0 0 0 1 -1.96226 1.85077 -1.37875</i>
                        <i>1 0 0 0 1 0 0 0 1 -1.95945 1.83977 -1.37875</i>
                    </KeyFrames>
                </p>
            </i>
            <i>
                <p>
                    <Name><![CDATA[spine0]]></Name>
                    <Exclude>0</Exclude>
                    <Additive>0</Additive>
                    <IKPriority>0</IKPriority>
                    <IKRotLimits>-1e+010 -1e+010 -1e+010 1e+010 1e+010 1e+010</IKRotLimits>
                    <IKRotLimitOrder>0</IKRotLimitOrder>
                    <KeyFrames count="33">
                        <i>-0.0341722 0.689532 0.723449 -0.962968 -0.216423 0.16079 0.267441 -0.691163 0.671393 -1.99055 1.97643 -1.34631</i>
                        <i>-0.0347574 0.696006 0.717194 -0.963678 -0.213479 0.16047 0.264794 -0.685567 0.678146 -1.99322 2.01215 -1.3476</i>
                        <i>-0.034919 0.709894 0.703443 -0.965462 -0.205807 0.159769 0.258192 -0.673568 0.692562 -1.9958 2.00454 -1.35041</i>
                        <i>-0.0365815 0.733727 0.678458 -0.967944 -0.19483 0.158511 0.248487 -0.650911 0.717334 -1.99851 1.98954 -1.35539</i>
                        <i>-0.0111994 0.690287 0.723449 -0.969639 -0.184246 0.16079 0.244284 -0.699683 0.671393 -1.9986 1.97739 -1.34631</i>
                        <i>-0.00504348 0.696855 0.717194 -0.971906 -0.172187 0.16047 0.235316 -0.696236 0.678146 -2.00067 2.01335 -1.3476</i>
                        <i>-0.00239409 0.710748 0.703443 -0.973869 -0.161407 0.159769 0.227096 -0.684679 0.692562 -2.00324 2.00579 -1.35041</i>
                        <i>-0.00525726 0.73462 0.678458 -0.975372 -0.153373 0.158511 0.220502 -0.660916 0.717334 -2.00655 1.99069 -1.35539</i>
                        <i>0.0117859 0.690278 0.723449 -0.975235 -0.151866 0.16079 0.220857 -0.707428 0.671393 -2.00794 1.9782 -1.34631</i>
                        <i>0.00764524 0.696831 0.717194 -0.97488 -0.154463 0.16047 0.2226 -0.700405 0.678146 -2.0118 2.01378 -1.3476</i>
                        <i>-0.00239409 0.710748 0.703443 -0.973869 -0.161407 0.159769 0.227096 -0.684679 0.692562 -2.01635 2.00579 -1.35041</i>
                        <i>-0.0186319 0.734402 0.678458 -0.972418 -0.171106 0.158511 0.232499 -0.656792 0.717334 -2.02141 1.99023 -1.35539</i>
                        <i>-0.0111994 0.690287 0.723449 -0.969639 -0.184246 0.16079 0.244284 -0.699683 0.671393 -2.02382 1.97739 -1.34631</i>
                        <i>-0.0220792 0.696524 0.717194 -0.967406 -0.195898 0.16047 0.252268 -0.690275 0.678146 -2.02769 2.01269 -1.3476</i>
                        <i>-0.034919 0.709894 0.703443 -0.965462 -0.205807 0.159769 0.258192 -0.673568 0.692562 -2.03114 2.00454 -1.35041</i>
                        <i>-0.0499347 0.73294 0.678458 -0.964236 -0.212421 0.158511 0.260298 -0.646279 0.717334 -2.03401 1.98897 -1.35539</i>
                        <i>-0.0341722 0.689532 0.723449 -0.962968 -0.216423 0.16079 0.267441 -0.691163 0.671393 -2.03303 1.97643 -1.34631</i>
                        <i>-0.0347574 0.696006 0.717194 -0.963678 -0.213479 0.16047 0.264794 -0.685567 0.678146 -2.03257 2.01215 -1.3476</i>
                        <i>-0.034919 0.709894 0.703443 -0.965462 -0.205807 0.159769 0.258192 -0.673568 0.692562 -2.03114 2.00454 -1.35041</i>
                        <i>-0.0365815 0.733727 0.678458 -0.967944 -0.19483 0.158511 0.248487 -0.650911 0.717334 -2.0291 1.98954 -1.35539</i>
                        <i>-0.0111994 0.690287 0.723449 -0.969639 -0.184246 0.16079 0.244284 -0.699683 0.671393 -2.02382 1.97739 -1.34631</i>
                        <i>-0.00504348 0.696855 0.717194 -0.971906 -0.172187 0.16047 0.235316 -0.696236 0.678146 -2.02002 2.01335 -1.3476</i>
                        <i>-0.00239409 0.710748 0.703443 -0.973869 -0.161407 0.159769 0.227096 -0.684679 0.692562 -2.01635 2.00579 -1.35041</i>
                        <i>-0.00525726 0.73462 0.678458 -0.975372 -0.153373 0.158511 0.220502 -0.660916 0.717334 -2.01316 1.99069 -1.35539</i>
                        <i>0.0117859 0.690278 0.723449 -0.975235 -0.151866 0.16079 0.220857 -0.707428 0.671393 -2.00794 1.9782 -1.34631</i>
                        <i>0.00764524 0.696831 0.717194 -0.97488 -0.154463 0.16047 0.2226 -0.700405 0.678146 -2.00518 2.01378 -1.3476</i>
                        <i>-0.00239409 0.710748 0.703443 -0.973869 -0.161407 0.159769 0.227096 -0.684679 0.692562 -2.00324 2.00579 -1.35041</i>
                        <i>-0.0186319 0.734402 0.678458 -0.972418 -0.171106 0.158511 0.232499 -0.656792 0.717334 -2.00206 1.99023 -1.35539</i>
                        <i>-0.0111994 0.690287 0.723449 -0.969639 -0.184246 0.16079 0.244284 -0.699683 0.671393 -1.9986 1.97739 -1.34631</i>
                        <i>-0.0220792 0.696524 0.717194 -0.967406 -0.195898 0.16047 0.252268 -0.690275 0.678146 -1.99709 2.01269 -1.3476</i>
                        <i>-0.034919 0.709894 0.703443 -0.965462 -0.205807 0.159769 0.258192 -0.673568 0.692562 -1.9958 2.00454 -1.35041</i>
                        <i>-0.0499347 0.73294 0.678458 -0.964236 -0.212421 0.158511 0.260298 -0.646279 0.717334 -1.99467 1.98897 -1.35539</i>
                        <i>-0.0341722 0.689532 0.723449 -0.962968 -0.216423 0.16079 0.267441 -0.691163 0.671393 -1.99055 1.97643 -1.34631</i>
                    </KeyFrames>
                </p>
            </i>
            <i>
                <p>
                    <Name><![CDATA[spine1]]></Name>
                    <Exclude>0</Exclude>
                    <Additive>0</Additive>
                    <IKPriority>0</IKPriority>
                    <IKRotLimits>-1e+010 -1e+010 -1e+010 1e+010 1e+010 1e+010</IKRotLimits>
                    <IKRotLimitOrder>0</IKRotLimitOrder>
                    <KeyFrames count="33">
                        <i>0.183659 0.335224 0.924064 -0.946137 -0.194704 0.258679 0.266635 -0.9218 0.281408 -1.99684 2.10289 -1.21373</i>
                        <i>0.182049 0.343161 0.921465 -0.94704 -0.190915 0.2582 0.264526 -0.919669 0.290231 -1.99962 2.1398 -1.21617</i>
                        <i>0.179194 0.360048 0.915563 -0.949192 -0.181437 0.257127 0.258695 -0.915121 0.309243 -2.00222 2.13474 -1.22149</i>
                        <i>0.17371 0.390154 0.904215 -0.952339 -0.167234 0.255114 0.250749 -0.905435 0.342509 -2.00524 2.1241 -1.23106</i>
                        <i>0.194717 0.328924 0.924064 -0.952094 -0.1631 0.258679 0.235801 -0.930165 0.281408 -2.00067 2.10399 -1.21373</i>
                        <i>0.196518 0.335085 0.921465 -0.95432 -0.150354 0.2582 0.225065 -0.930114 0.290231 -2.00161 2.14115 -1.21617</i>
                        <i>0.195484 0.35147 0.915563 -0.956501 -0.137807 0.257127 0.216543 -0.926001 0.309243 -2.00369 2.13614 -1.22149</i>
                        <i>0.190191 0.382391 0.904215 -0.958605 -0.126468 0.255114 0.211908 -0.915305 0.342509 -2.00753 2.12541 -1.23106</i>
                        <i>0.205558 0.32226 0.924064 -0.956996 -0.131316 0.258679 0.204706 -0.937499 0.281408 -2.0058 2.1048 -1.21373</i>
                        <i>0.202587 0.331452 0.921465 -0.956899 -0.132953 0.2582 0.208093 -0.934057 0.290231 -2.01041 2.14158 -1.21617</i>
                        <i>0.195484 0.35147 0.915563 -0.956501 -0.137807 0.257127 0.216543 -0.926001 0.309243 -2.0168 2.13614 -1.22149</i>
                        <i>0.183197 0.38579 0.904215 -0.956143 -0.143901 0.255114 0.228538 -0.911295 0.342509 -2.02484 2.12492 -1.23106</i>
                        <i>0.194717 0.328924 0.924064 -0.952094 -0.1631 0.258679 0.235801 -0.930165 0.281408 -2.02589 2.10399 -1.21373</i>
                        <i>0.188267 0.33979 0.921465 -0.950359 -0.173641 0.2582 0.247738 -0.924333 0.290231 -2.03175 2.14043 -1.21617</i>
                        <i>0.179194 0.360048 0.915563 -0.949192 -0.181437 0.257127 0.258695 -0.915121 0.309243 -2.03756 2.13474 -1.22149</i>
                        <i>0.166578 0.393252 0.904215 -0.949136 -0.184546 0.255114 0.267193 -0.900719 0.342509 -2.04319 2.12339 -1.23106</i>
                        <i>0.183659 0.335224 0.924064 -0.946137 -0.194704 0.258679 0.266635 -0.9218 0.281408 -2.03932 2.10289 -1.21373</i>
                        <i>0.182049 0.343161 0.921465 -0.94704 -0.190915 0.2582 0.264526 -0.919669 0.290231 -2.03896 2.1398 -1.21617</i>
                        <i>0.179194 0.360048 0.915563 -0.949192 -0.181437 0.257127 0.258695 -0.915121 0.309243 -2.03756 2.13474 -1.22149</i>
                        <i>0.17371 0.390154 0.904215 -0.952339 -0.167234 0.255114 0.250749 -0.905435 0.342509 -2.03583 2.1241 -1.23106</i>
                        <i>0.194717 0.328924 0.924064 -0.952094 -0.1631 0.258679 0.235801 -0.930165 0.281408 -2.02589 2.10399 -1.21373</i>
                        <i>0.196518 0.335085 0.921465 -0.95432 -0.150354 0.2582 0.225065 -0.930114 0.290231 -2.02096 2.14115 -1.21617</i>
                        <i>0.195484 0.35147 0.915563 -0.956501 -0.137807 0.257127 0.216543 -0.926001 0.309243 -2.0168 2.13614 -1.22149</i>
                        <i>0.190191 0.382391 0.904215 -0.958605 -0.126468 0.255114 0.211908 -0.915305 0.342509 -2.01414 2.12541 -1.23106</i>
                        <i>0.205558 0.32226 0.924064 -0.956996 -0.131316 0.258679 0.204706 -0.937499 0.281408 -2.0058 2.1048 -1.21373</i>
                        <i>0.202587 0.331452 0.921465 -0.956899 -0.132953 0.2582 0.208093 -0.934057 0.290231 -2.0038 2.14158 -1.21617</i>
                        <i>0.195484 0.35147 0.915563 -0.956501 -0.137807 0.257127 0.216543 -0.926001 0.309243 -2.00369 2.13614 -1.22149</i>
                        <i>0.183197 0.38579 0.904215 -0.956143 -0.143901 0.255114 0.228538 -0.911295 0.342509 -2.00549 2.12492 -1.23106</i>
                        <i>0.194717 0.328924 0.924064 -0.952094 -0.1631 0.258679 0.235801 -0.930165 0.281408 -2.00067 2.10399 -1.21373</i>
                        <i>0.188267 0.33979 0.921465 -0.950359 -0.173641 0.2582 0.247738 -0.924333 0.290231 -2.00116 2.14043 -1.21617</i>
                        <i>0.179194 0.360048 0.915563 -0.949192 -0.181437 0.257127 0.258695 -0.915121 0.309243 -2.00222 2.13474 -1.22149</i>
                        <i>0.166578 0.393252 0.904215 -0.949136 -0.184546 0.255114 0.267193 -0.900719 0.342509 -2.00384 2.12339 -1.23106</i>
                        <i>0.183659 0.335224 0.924064 -0.946137 -0.194704 0.258679 0.266635 -0.9218 0.281408 -1.99684 2.10289 -1.21373</i>
                    </KeyFrames>
                </p>
            </i>
            <i>
                <p>
                    <Name><![CDATA[spine2]]></Name>
                    <Exclude>0</Exclude>
                    <Additive>0</Additive>
                    <IKPriority>0</IKPriority>
                    <IKRotLimits>-1e+010 -1e+010 -1e+010 1e+010 1e+010 1e+010</IKRotLimits>
                    <IKRotLimitOrder>0</IKRotLimitOrder>
                    <KeyFrames count="33">
                        <i>0.273673 0.189096 0.943051 -0.916726 -0.245428 0.315245 0.291062 -0.950793 0.106182 -1.96577 2.15913 -1.05798</i>
                        <i>0.271787 0.197068 0.941964 -0.917839 -0.241178 0.315284 0.289313 -0.950262 0.115328 -1.96882 2.19737 -1.06086</i>
                        <i>0.26813 0.213959 0.939323 -0.920512 -0.230724 0.315315 0.284188 -0.949204 0.135088 -1.9719 2.19515 -1.06717</i>
                        <i>0.261587 0.244469 0.933706 -0.924432 -0.214661 0.315193 0.277485 -0.945598 0.169842 -1.97585 2.18959 -1.07864</i>
                        <i>0.279816 0.179881 0.943051 -0.924388 -0.214775 0.315245 0.25925 -0.959956 0.106182 -1.96774 2.15916 -1.05798</i>
                        <i>0.279945 0.185298 0.941964 -0.92729 -0.201816 0.315284 0.248525 -0.961735 0.115328 -1.96839 2.19736 -1.06086</i>
                        <i>0.277641 0.201463 0.939323 -0.930107 -0.188355 0.315315 0.24045 -0.961215 0.135088 -1.97064 2.19511 -1.06717</i>
                        <i>0.271775 0.233091 0.933706 -0.932745 -0.175041 0.315193 0.236906 -0.956572 0.169842 -1.97537 2.18959 -1.07864</i>
                        <i>0.285649 0.170466 0.943051 -0.931025 -0.183884 0.315245 0.22715 -0.968054 0.106182 -1.97105 2.15884 -1.05798</i>
                        <i>0.283272 0.18017 0.941964 -0.930811 -0.184899 0.315284 0.230973 -0.966101 0.115328 -1.97617 2.19717 -1.06086</i>
                        <i>0.277641 0.201463 0.939323 -0.930107 -0.188355 0.315315 0.24045 -0.961215 0.135088 -1.98375 2.19511 -1.06717</i>
                        <i>0.267486 0.238 0.933706 -0.929404 -0.191995 0.315193 0.254283 -0.9521 0.169842 -1.99386 2.18967 -1.07864</i>
                        <i>0.279816 0.179881 0.943051 -0.924388 -0.214775 0.315245 0.25925 -0.959956 0.106182 -1.99297 2.15916 -1.05798</i>
                        <i>0.275331 0.192087 0.941964 -0.922078 -0.224427 0.315284 0.271964 -0.955372 0.115328 -1.99991 2.19744 -1.06086</i>
                        <i>0.26813 0.213959 0.939323 -0.920512 -0.230724 0.315315 0.284188 -0.949204 0.135088 -2.00725 2.19515 -1.06717</i>
                        <i>0.257093 0.249191 0.933706 -0.92037 -0.231456 0.315193 0.294656 -0.940389 0.169842 -2.01499 2.18941 -1.07864</i>
                        <i>0.273673 0.189096 0.943051 -0.916726 -0.245428 0.315245 0.291062 -0.950793 0.106182 -2.00825 2.15913 -1.05798</i>
                        <i>0.271787 0.197068 0.941964 -0.917839 -0.241178 0.315284 0.289313 -0.950262 0.115328 -2.00816 2.19737 -1.06086</i>
                        <i>0.26813 0.213959 0.939323 -0.920512 -0.230724 0.315315 0.284188 -0.949204 0.135088 -2.00725 2.19515 -1.06717</i>
                        <i>0.261587 0.244469 0.933706 -0.924432 -0.214661 0.315193 0.277485 -0.945598 0.169842 -2.00644 2.18959 -1.07864</i>
                        <i>0.279816 0.179881 0.943051 -0.924388 -0.214775 0.315245 0.25925 -0.959956 0.106182 -1.99297 2.15916 -1.05798</i>
                        <i>0.279945 0.185298 0.941964 -0.92729 -0.201816 0.315284 0.248525 -0.961735 0.115328 -1.98774 2.19736 -1.06086</i>
                        <i>0.277641 0.201463 0.939323 -0.930107 -0.188355 0.315315 0.24045 -0.961215 0.135088 -1.98375 2.19511 -1.06717</i>
                        <i>0.271775 0.233091 0.933706 -0.932745 -0.175041 0.315193 0.236906 -0.956572 0.169842 -1.98199 2.18959 -1.07864</i>
                        <i>0.285649 0.170466 0.943051 -0.931025 -0.183884 0.315245 0.22715 -0.968054 0.106182 -1.97105 2.15884 -1.05798</i>
                        <i>0.283272 0.18017 0.941964 -0.930811 -0.184899 0.315284 0.230973 -0.966101 0.115328 -1.96955 2.19717 -1.06086</i>
                        <i>0.277641 0.201463 0.939323 -0.930107 -0.188355 0.315315 0.24045 -0.961215 0.135088 -1.97064 2.19511 -1.06717</i>
                        <i>0.267486 0.238 0.933706 -0.929404 -0.191995 0.315193 0.254283 -0.9521 0.169842 -1.97451 2.18967 -1.07864</i>
                        <i>0.279816 0.179881 0.943051 -0.924388 -0.214775 0.315245 0.25925 -0.959956 0.106182 -1.96774 2.15916 -1.05798</i>
                        <i>0.275331 0.192087 0.941964 -0.922078 -0.224427 0.315284 0.271964 -0.955372 0.115328 -1.96932 2.19744 -1.06086</i>
                        <i>0.26813 0.213959 0.939323 -0.920512 -0.230724 0.315315 0.284188 -0.949204 0.135088 -1.9719 2.19515 -1.06717</i>
                        <i>0.257093 0.249191 0.933706 -0.92037 -0.231456 0.315193 0.294656 -0.940389 0.169842 -1.97565 2.18941 -1.07864</i>
                        <i>0.273673 0.189096 0.943051 -0.916726 -0.245428 0.315245 0.291062 -0.950793 0.106182 -1.96577 2.15913 -1.05798</i>
                    </KeyFrames>
                </p>
            </i>
            <i>
                <p>
                    <Name><![CDATA[head]]></Name>
                    <Exclude>0</Exclude>
                    <Additive>0</Additive>
                    <IKPriority>0</IKPriority>
                    <IKRotLimits>-1e+010 -1e+010 -1e+010 1e+010 1e+010 1e+010</IKRotLimits>
                    <IKRotLimitOrder>0</IKRotLimitOrder>
                    <KeyFrames count="33">
                        <i>-0.0321768 0.911124 0.410874 0.0570323 0.412091 -0.909356 -0.997854 -0.0058271 -0.0652233 -1.84694 2.2127 -0.819806</i>
                        <i>-0.0411987 0.834806 0.549 0.0536789 0.550523 -0.833093 -0.997708 -0.00485257 -0.0674924 -1.85046 2.25288 -0.822891</i>
                        <i>-0.0394292 0.849348 0.526358 0.060673 0.527831 -0.84718 -0.997379 -0.00146788 -0.0723445 -1.85444 2.25469 -0.829737</i>
                        <i>-0.0450207 0.818696 0.572459 0.067007 0.574225 -0.815951 -0.996736 0.00162419 -0.0807104 -1.86001 2.25657 -0.842387</i>
                        <i>-0.00182852 0.91169 0.410874 0.0707189 0.409964 -0.909356 -0.997495 0.0273938 -0.0652233 -1.8472 2.20875 -0.819806</i>
                        <i>-0.00555957 0.835804 0.549 0.077108 0.547732 -0.833093 -0.997007 0.0377007 -0.0674924 -1.84776 2.24777 -0.822891</i>
                        <i>-0.00051749 0.850263 0.526358 0.0847656 0.524501 -0.84718 -0.996401 0.0441787 -0.0723445 -1.85058 2.24921 -0.829737</i>
                        <i>-0.0100651 0.819871 0.572459 0.0914348 0.570845 -0.815951 -0.99576 0.0441301 -0.0807104 -1.85678 2.25156 -0.842387</i>
                        <i>0.0285219 0.911246 0.410874 0.084327 0.407383 -0.909356 -0.99603 0.0605844 -0.0652233 -1.84892 2.20439 -0.819806</i>
                        <i>0.00965912 0.835766 0.549 0.087068 0.546238 -0.833093 -0.996156 0.0558473 -0.0674924 -1.85465 2.24538 -0.822891</i>
                        <i>-0.00051747 0.850263 0.526358 0.0847656 0.524501 -0.84718 -0.996401 0.0441787 -0.0723445 -1.86369 2.24921 -0.829737</i>
                        <i>-0.0249911 0.819552 0.572459 0.0810261 0.572415 -0.815951 -0.996399 0.0259927 -0.0807104 -1.87642 2.25379 -0.842387</i>
                        <i>-0.00182852 0.91169 0.410874 0.0707189 0.409964 -0.909356 -0.997495 0.0273938 -0.0652233 -1.87242 2.20875 -0.819806</i>
                        <i>-0.0259923 0.835418 0.549 0.0636936 0.549454 -0.833093 -0.997631 0.0133139 -0.0674924 -1.88056 2.25078 -0.822891</i>
                        <i>-0.0394292 0.849348 0.526358 0.060673 0.527831 -0.84718 -0.997379 -0.00146788 -0.0723445 -1.88978 2.25469 -0.829737</i>
                        <i>-0.0599195 0.817741 0.572459 0.0565408 0.575349 -0.815951 -0.996601 -0.016524 -0.0807104 -1.90039 2.25848 -0.842387</i>
                        <i>-0.0321768 0.911124 0.410874 0.0570323 0.412091 -0.909356 -0.997854 -0.0058271 -0.0652233 -1.88942 2.2127 -0.819806</i>
                        <i>-0.0411987 0.834806 0.549 0.0536789 0.550523 -0.833093 -0.997708 -0.00485257 -0.0674924 -1.8898 2.25288 -0.822891</i>
                        <i>-0.0394292 0.849348 0.526358 0.060673 0.527831 -0.84718 -0.997379 -0.00146788 -0.0723445 -1.88978 2.25469 -0.829737</i>
                        <i>-0.0450207 0.818696 0.572459 0.067007 0.574225 -0.815951 -0.996736 0.00162419 -0.0807104 -1.8906 2.25657 -0.842387</i>
                        <i>-0.00182852 0.91169 0.410874 0.0707189 0.409964 -0.909356 -0.997495 0.0273938 -0.0652233 -1.87242 2.20875 -0.819806</i>
                        <i>-0.00555957 0.835804 0.549 0.077108 0.547732 -0.833093 -0.997007 0.0377007 -0.0674924 -1.86712 2.24777 -0.822891</i>
                        <i>-0.00051749 0.850263 0.526358 0.0847656 0.524501 -0.84718 -0.996401 0.0441787 -0.0723445 -1.86369 2.24921 -0.829737</i>
                        <i>-0.0100651 0.819871 0.572459 0.0914348 0.570845 -0.815951 -0.99576 0.0441301 -0.0807104 -1.8634 2.25156 -0.842387</i>
                        <i>0.0285219 0.911246 0.410874 0.084327 0.407383 -0.909356 -0.99603 0.0605844 -0.0652233 -1.84892 2.20439 -0.819806</i>
                        <i>0.00965912 0.835766 0.549 0.087068 0.546238 -0.833093 -0.996156 0.0558473 -0.0674924 -1.84803 2.24538 -0.822891</i>
                        <i>-0.00051747 0.850263 0.526358 0.0847656 0.524501 -0.84718 -0.996401 0.0441787 -0.0723445 -1.85058 2.24921 -0.829737</i>
                        <i>-0.0249911 0.819552 0.572459 0.0810261 0.572415 -0.815951 -0.996399 0.0259927 -0.0807104 -1.85707 2.25379 -0.842387</i>
                        <i>-0.00182852 0.91169 0.410874 0.0707189 0.409964 -0.909356 -0.997495 0.0273938 -0.0652233 -1.8472 2.20875 -0.819806</i>
                        <i>-0.0259923 0.835418 0.549 0.0636936 0.549454 -0.833093 -0.997631 0.0133139 -0.0674924 -1.84996 2.25078 -0.822891</i>
                        <i>-0.0394292 0.849348 0.526358 0.060673 0.527831 -0.84718 -0.997379 -0.00146788 -0.0723445 -1.85444 2.25469 -0.829737</i>
                        <i>-0.0599195 0.817741 0.572459 0.0565408 0.575349 -0.815951 -0.996601 -0.016524 -0.0807104 -1.86105 2.25848 -0.842387</i>
                        <i>-0.0321768 0.911124 0.410874 0.0570323 0.412091 -0.909356 -0.997854 -0.0058271 -0.0652233 -1.84694 2.2127 -0.819806</i>
                    </KeyFrames>
                </p>
            </i>
            <i>
                <p>
                    <Name><![CDATA[head_prop]]></Name>
                    <Exclude>0</Exclude>
                    <Additive>0</Additive>
                    <IKPriority>0</IKPriority>
                    <IKRotLimits>-1e+010 -1e+010 -1e+010 1e+010 1e+010 1e+010</IKRotLimits>
                    <IKRotLimitOrder>0</IKRotLimitOrder>
                    <KeyFrames count="33">
                        <i>0.997854 0.0058271 0.0652233 -0.0321768 0.911124 0.410874 -0.0570323 -0.412091 0.909356 -1.85743 2.50964 -0.685898</i>
                        <i>0.997708 0.00485257 0.0674924 -0.0411987 0.834806 0.549 -0.0536789 -0.550523 0.833093 -1.86501 2.54788 -0.628886</i>
                        <i>0.997379 0.00146788 0.0723445 -0.0394292 0.849348 0.526358 -0.060673 -0.527831 0.84718 -1.86817 2.55051 -0.646412</i>
                        <i>0.996736 -0.00162419 0.0807104 -0.0450207 0.818696 0.572459 -0.067007 -0.574225 0.815951 -1.87518 2.53255 -0.649411</i>
                        <i>0.997495 -0.0273938 0.0652233 -0.00182852 0.91169 0.410874 -0.0707189 -0.409964 0.909356 -1.84779 2.50587 -0.685898</i>
                        <i>0.997007 -0.0377007 0.0674924 -0.00555957 0.835804 0.549 -0.077108 -0.547732 0.833093 -1.84973 2.54312 -0.628886</i>
                        <i>0.996401 -0.0441787 0.0723445 -0.00051749 0.850263 0.526358 -0.0847656 -0.524501 0.84718 -1.85076 2.54535 -0.646412</i>
                        <i>0.99576 -0.0441301 0.0807104 -0.0100651 0.819871 0.572459 -0.0914348 -0.570845 0.815951 -1.86017 2.52794 -0.649411</i>
                        <i>0.99603 -0.0605844 0.0652233 0.0285219 0.911246 0.410874 -0.084327 -0.407383 0.909356 -1.83963 2.50137 -0.685898</i>
                        <i>0.996156 -0.0558473 0.0674924 0.00965912 0.835766 0.549 -0.087068 -0.546238 0.833093 -1.85124 2.54072 -0.628886</i>
                        <i>0.996401 -0.0441787 0.0723445 -0.00051747 0.850263 0.526358 -0.0847656 -0.524501 0.84718 -1.86387 2.54535 -0.646412</i>
                        <i>0.996399 -0.0259927 0.0807104 -0.0249911 0.819552 0.572459 -0.0810261 -0.572415 0.815951 -1.88484 2.53006 -0.649411</i>
                        <i>0.997495 -0.0273938 0.0652233 -0.00182852 0.91169 0.410874 -0.0707189 -0.409964 0.909356 -1.87302 2.50587 -0.685898</i>
                        <i>0.997631 -0.0133139 0.0674924 -0.0259923 0.835418 0.549 -0.0636936 -0.549454 0.833093 -1.88974 2.546 -0.628886</i>
                        <i>0.997379 0.00146788 0.0723445 -0.0394292 0.849348 0.526358 -0.060673 -0.527831 0.84718 -1.90352 2.55051 -0.646412</i>
                        <i>0.996601 0.016524 0.0807104 -0.0599195 0.817741 0.572459 -0.0565408 -0.575349 0.815951 -1.92059 2.53414 -0.649411</i>
                        <i>0.997854 0.0058271 0.0652233 -0.0321768 0.911124 0.410874 -0.0570323 -0.412091 0.909356 -1.89991 2.50964 -0.685898</i>
                        <i>0.997708 0.00485257 0.0674924 -0.0411987 0.834806 0.549 -0.0536789 -0.550523 0.833093 -1.90436 2.54788 -0.628886</i>
                        <i>0.997379 0.00146788 0.0723445 -0.0394292 0.849348 0.526358 -0.060673 -0.527831 0.84718 -1.90352 2.55051 -0.646412</i>
                        <i>0.996736 -0.00162419 0.0807104 -0.0450207 0.818696 0.572459 -0.067007 -0.574225 0.815951 -1.90578 2.53255 -0.649411</i>
                        <i>0.997495 -0.0273938 0.0652233 -0.00182852 0.91169 0.410874 -0.0707189 -0.409964 0.909356 -1.87302 2.50587 -0.685898</i>
                        <i>0.997007 -0.0377007 0.0674924 -0.00555957 0.835804 0.549 -0.077108 -0.547732 0.833093 -1.86908 2.54312 -0.628886</i>
                        <i>0.996401 -0.0441787 0.0723445 -0.00051749 0.850263 0.526358 -0.0847656 -0.524501 0.84718 -1.86387 2.54535 -0.646412</i>
                        <i>0.99576 -0.0441301 0.0807104 -0.0100651 0.819871 0.572459 -0.0914348 -0.570845 0.815951 -1.86679 2.52794 -0.649411</i>
                        <i>0.99603 -0.0605844 0.0652233 0.0285219 0.911246 0.410874 -0.084327 -0.407383 0.909356 -1.83963 2.50137 -0.685898</i>
                        <i>0.996156 -0.0558473 0.0674924 0.00965912 0.835766 0.549 -0.087068 -0.546238 0.833093 -1.84462 2.54072 -0.628886</i>
                        <i>0.996401 -0.0441787 0.0723445 -0.00051747 0.850263 0.526358 -0.0847656 -0.524501 0.84718 -1.85076 2.54535 -0.646412</i>
                        <i>0.996399 -0.0259927 0.0807104 -0.0249911 0.819552 0.572459 -0.0810261 -0.572415 0.815951 -1.86549 2.53006 -0.649411</i>
                        <i>0.997495 -0.0273938 0.0652233 -0.00182852 0.91169 0.410874 -0.0707189 -0.409964 0.909356 -1.84779 2.50587 -0.685898</i>
                        <i>0.997631 -0.0133139 0.0674924 -0.0259923 0.835418 0.549 -0.0636936 -0.549454 0.833093 -1.85915 2.546 -0.628886</i>
                        <i>0.997379 0.00146788 0.0723445 -0.0394292 0.849348 0.526358 -0.060673 -0.527831 0.84718 -1.86817 2.55051 -0.646412</i>
                        <i>0.996601 0.016524 0.0807104 -0.0599195 0.817741 0.572459 -0.0565408 -0.575349 0.815951 -1.88124 2.53414 -0.649411</i>
                        <i>0.997854 0.0058271 0.0652233 -0.0321768 0.911124 0.410874 -0.0570323 -0.412091 0.909356 -1.85743 2.50964 -0.685898</i>
                    </KeyFrames>
                </p>
            </i>
            <i>
                <p>
                    <Name><![CDATA[l_clav]]></Name>
                    <Exclude>0</Exclude>
                    <Additive>0</Additive>
                    <IKPriority>0</IKPriority>
                    <IKRotLimits>-1e+010 -1e+010 -1e+010 1e+010 1e+010 1e+010</IKRotLimits>
                    <IKRotLimitOrder>0</IKRotLimitOrder>
                    <KeyFrames count="33">
                        <i>0.887226 0.432004 -0.161873 -0.0125448 0.37334 0.92761 0.461165 -0.820969 0.336657 -1.85785 2.15583 -1.0156</i>
                        <i>0.888279 0.42916 -0.163649 -0.0141021 0.381614 0.924214 0.459087 -0.818653 0.345032 -1.86101 2.19428 -1.01819</i>
                        <i>0.891115 0.421738 -0.167486 -0.0167814 0.399468 0.916594 0.453468 -0.813979 0.363049 -1.86432 2.19238 -1.02392</i>
                        <i>0.894931 0.410782 -0.174231 -0.0220328 0.430679 0.902236 0.44566 -0.803601 0.394479 -1.86864 2.18771 -1.03441</i>
                        <i>0.901115 0.40223 -0.161873 -0.000109629 0.373551 0.92761 0.43358 -0.835865 0.336657 -1.86 2.15227 -1.0156</i>
                        <i>0.905774 0.390888 -0.163649 0.00218529 0.381868 0.924214 0.423756 -0.837487 0.345032 -1.8608 2.18967 -1.01819</i>
                        <i>0.909482 0.380515 -0.167486 0.00151782 0.399817 0.916594 0.415741 -0.833879 0.363049 -1.8633 2.18742 -1.02392</i>
                        <i>0.911635 0.372242 -0.174231 -0.00364574 0.431227 0.902236 0.410984 -0.821875 0.394479 -1.86834 2.18314 -1.03441</i>
                        <i>0.914005 0.37201 -0.161873 0.0123256 0.373348 0.92761 0.405514 -0.849836 0.336657 -1.8636 2.14837 -1.0156</i>
                        <i>0.91274 0.374331 -0.163649 0.00913771 0.381765 0.924214 0.408438 -0.845063 0.345032 -1.86874 2.18753 -1.01819</i>
                        <i>0.909482 0.380515 -0.167486 0.00151785 0.399817 0.916594 0.415741 -0.833879 0.363049 -1.87641 2.18742 -1.02392</i>
                        <i>0.904707 0.388779 -0.174231 -0.0114967 0.431089 0.902236 0.42588 -0.814256 0.394479 -1.88673 2.18516 -1.03441</i>
                        <i>0.901115 0.40223 -0.161873 -0.000109629 0.373551 0.92761 0.43358 -0.835865 0.336657 -1.88522 2.15227 -1.0156</i>
                        <i>0.895946 0.412916 -0.163649 -0.00715159 0.381807 0.924214 0.444105 -0.826876 0.345032 -1.89217 2.19239 -1.01819</i>
                        <i>0.891115 0.421738 -0.167486 -0.0167814 0.399468 0.916594 0.453468 -0.813979 0.363049 -1.89966 2.19238 -1.02392</i>
                        <i>0.887304 0.427008 -0.174231 -0.0298707 0.430206 0.902236 0.460217 -0.795353 0.394479 -1.90777 2.18947 -1.03441</i>
                        <i>0.887226 0.432004 -0.161873 -0.0125448 0.37334 0.92761 0.461165 -0.820969 0.336657 -1.90033 2.15583 -1.0156</i>
                        <i>0.888279 0.42916 -0.163649 -0.0141021 0.381614 0.924214 0.459087 -0.818653 0.345032 -1.90035 2.19428 -1.01819</i>
                        <i>0.891115 0.421738 -0.167486 -0.0167814 0.399468 0.916594 0.453468 -0.813979 0.363049 -1.89966 2.19238 -1.02392</i>
                        <i>0.894931 0.410782 -0.174231 -0.0220328 0.430679 0.902236 0.44566 -0.803601 0.394479 -1.89923 2.18771 -1.03441</i>
                        <i>0.901115 0.40223 -0.161873 -0.000109629 0.373551 0.92761 0.43358 -0.835865 0.336657 -1.88522 2.15227 -1.0156</i>
                        <i>0.905774 0.390888 -0.163649 0.00218529 0.381868 0.924214 0.423756 -0.837487 0.345032 -1.88016 2.18967 -1.01819</i>
                        <i>0.909482 0.380515 -0.167486 0.00151782 0.399817 0.916594 0.415741 -0.833879 0.363049 -1.87641 2.18742 -1.02392</i>
                        <i>0.911635 0.372242 -0.174231 -0.00364574 0.431227 0.902236 0.410984 -0.821875 0.394479 -1.87496 2.18314 -1.03441</i>
                        <i>0.914005 0.37201 -0.161873 0.0123256 0.373348 0.92761 0.405514 -0.849836 0.336657 -1.8636 2.14837 -1.0156</i>
                        <i>0.91274 0.374331 -0.163649 0.00913771 0.381765 0.924214 0.408438 -0.845063 0.345032 -1.86213 2.18753 -1.01819</i>
                        <i>0.909482 0.380515 -0.167486 0.00151785 0.399817 0.916594 0.415741 -0.833879 0.363049 -1.8633 2.18742 -1.02392</i>
                        <i>0.904707 0.388779 -0.174231 -0.0114967 0.431089 0.902236 0.42588 -0.814256 0.394479 -1.86738 2.18516 -1.03441</i>
                        <i>0.901115 0.40223 -0.161873 -0.000109629 0.373551 0.92761 0.43358 -0.835865 0.336657 -1.86 2.15227 -1.0156</i>
                        <i>0.895946 0.412916 -0.163649 -0.00715159 0.381807 0.924214 0.444105 -0.826876 0.345032 -1.86158 2.19239 -1.01819</i>
                        <i>0.891115 0.421738 -0.167486 -0.0167814 0.399468 0.916594 0.453468 -0.813979 0.363049 -1.86432 2.19238 -1.02392</i>
                        <i>0.887304 0.427008 -0.174231 -0.0298707 0.430206 0.902236 0.460217 -0.795353 0.394479 -1.86842 2.18947 -1.03441</i>
                        <i>0.887226 0.432004 -0.161873 -0.0125448 0.37334 0.92761 0.461165 -0.820969 0.336657 -1.85785 2.15583 -1.0156</i>
                    </KeyFrames>
                </p>
            </i>
            <i>
                <p>
                    <Name><![CDATA[l_shoulder]]></Name>
                    <Exclude>0</Exclude>
                    <Additive>0</Additive>
                    <IKPriority>0</IKPriority>
                    <IKRotLimits>-1e+010 -1e+010 -1e+010 1e+010 1e+010 1e+010</IKRotLimits>
                    <IKRotLimitOrder>0</IKRotLimitOrder>
                    <KeyFrames count="33">
                        <i>0.620184 -0.671784 0.405065 0.401771 0.715512 0.571508 -0.673759 -0.191697 0.713653 -1.68256 2.24118 -1.04758</i>
                        <i>0.590485 -0.719379 0.365815 0.491415 0.680049 0.5441 -0.640186 -0.141516 0.755073 -1.6855 2.27908 -1.05053</i>
                        <i>0.580616 -0.719443 0.381166 0.53951 0.690596 0.48167 -0.609766 -0.0740224 0.789118 -1.68825 2.27571 -1.05701</i>
                        <i>0.594961 -0.694809 0.404058 0.489931 0.712026 0.502977 -0.637173 -0.101291 0.764036 -1.69182 2.26887 -1.06883</i>
                        <i>0.624396 -0.661769 0.41496 0.399893 0.72717 0.557951 -0.670981 -0.182442 0.718679 -1.68196 2.23174 -1.04758</i>
                        <i>0.588506 -0.712088 0.382872 0.491089 0.691034 0.530381 -0.642256 -0.124108 0.756376 -1.68184 2.26691 -1.05053</i>
                        <i>0.575578 -0.711444 0.403184 0.539424 0.700881 0.466678 -0.614599 -0.0511223 0.787181 -1.6836 2.2626 -1.05701</i>
                        <i>0.593545 -0.685944 0.420934 0.489118 0.722805 0.488177 -0.639115 -0.0838688 0.764525 -1.68822 2.25668 -1.06883</i>
                        <i>0.632243 -0.648865 0.423372 0.397489 0.740706 0.541624 -0.665035 -0.174152 0.726222 -1.68301 2.22187 -1.04758</i>
                        <i>0.605072 -0.700217 0.378925 0.490513 0.702734 0.515327 -0.627124 -0.125942 0.76867 -1.68841 2.26149 -1.05053</i>
                        <i>0.603412 -0.699357 0.383137 0.539038 0.711793 0.450321 -0.58765 -0.0652038 0.806484 -1.69671 2.2626 -1.05701</i>
                        <i>0.630752 -0.672531 0.387111 0.488206 0.731689 0.475695 -0.603164 -0.111056 0.789848 -1.70798 2.26197 -1.06883</i>
                        <i>0.676575 -0.632349 0.377335 0.396632 0.74468 0.536781 -0.620427 -0.213509 0.754641 -1.70718 2.23174 -1.04758</i>
                        <i>0.652312 -0.683628 0.327325 0.489962 0.70982 0.506056 -0.578296 -0.16973 0.797976 -1.71515 2.27397 -1.05053</i>
                        <i>0.650073 -0.685912 0.327002 0.538545 0.719478 0.438544 -0.536074 -0.10898 0.837107 -1.7236 2.27571 -1.05701</i>
                        <i>0.669021 -0.660206 0.341377 0.487595 0.736519 0.468818 -0.560947 -0.147196 0.814661 -1.73246 2.27384 -1.06883</i>
                        <i>0.704258 -0.621808 0.342601 0.39653 0.744806 0.536682 -0.588885 -0.242111 0.771101 -1.72504 2.24118 -1.04758</i>
                        <i>0.66731 -0.677788 0.308708 0.489796 0.711628 0.503672 -0.561068 -0.184901 0.806854 -1.72485 2.27908 -1.05053</i>
                        <i>0.650073 -0.685912 0.327002 0.538545 0.719478 0.438544 -0.536074 -0.10898 0.837107 -1.7236 2.27571 -1.05701</i>
                        <i>0.654075 -0.665296 0.359954 0.487835 0.73468 0.471447 -0.578103 -0.132763 0.805091 -1.72242 2.26887 -1.06883</i>
