<?xml version="1.0" encoding="ISO-8859-1" ?>
<Animl Version="1">
    <ModellingPackage>
        <![CDATA[Maya.2010]]>
</ModellingPackage>
    <SrcFile>
        <![CDATA[anims\turrets\machinegun\blue\~src\mgun_m60\mgun_m60_reload_low_crewman_a.mb]]>
</SrcFile>
    <FramesPerSecond>30</FramesPerSecond>
    <TotalFrames>130</TotalFrames>
    <Skeleton>
        <RefFrame>
            <Name>
                <![CDATA[soldier_ref_frame]]>
</Name>
            <Exclude>0</Exclude>
            <Additive>0</Additive>
            <IKPriority>0</IKPriority>
            <IKRotLimits>-1e+010 -1e+010 -1e+010 1e+010 1e+010 1e+010</IKRotLimits>
            <IKRotLimitOrder>0</IKRotLimitOrder>
            <KeyFrames count="130">
                <i>1 0 0 0 1 0 0 0 1 0 0.9 -1.98</i>
                <i>1 0 0 0 1 0 0 0 1 0 0.9 -1.98</i>
                <i>1 0 0 0 1 0 0 0 1 0 0.9 -1.98</i>
                <i>1 0 0 0 1 0 0 0 1 0 0.9 -1.98</i>
                <i>1 0 0 0 1 0 0 0 1 0 0.9 -1.98</i>
                <i>1 0 0 0 1 0 0 0 1 0 0.9 -1.98</i>
                <i>1 0 0 0 1 0 0 0 1 0 0.9 -1.98</i>
                <i>1 0 0 0 1 0 0 0 1 0 0.9 -1.98</i>
                <i>1 0 0 0 1 0 0 0 1 0 0.9 -1.98</i>
                <i>1 0 0 0 1 0 0 0 1 0 0.9 -1.98</i>
                <i>1 0 0 0 1 0 0 0 1 0 0.9 -1.98</i>
                <i>1 0 0 0 1 0 0 0 1 0 0.9 -1.98</i>
                <i>1 0 0 0 1 0 0 0 1 0 0.9 -1.98</i>
                <i>1 0 0 0 1 0 0 0 1 0 0.9 -1.98</i>
                <i>1 0 0 0 1 0 0 0 1 0 0.9 -1.98</i>
                <i>1 0 0 0 1 0 0 0 1 0 0.9 -1.98</i>
                <i>1 0 0 0 1 0 0 0 1 0 0.9 -1.98</i>
                <i>1 0 0 0 1 0 0 0 1 0 0.9 -1.98</i>
                <i>1 0 0 0 1 0 0 0 1 0 0.9 -1.98</i>
                <i>1 0 0 0 1 0 0 0 1 0 0.9 -1.98</i>
                <i>1 0 0 0 1 0 0 0 1 0 0.9 -1.98</i>
                <i>1 0 0 0 1 0 0 0 1 0 0.9 -1.98</i>
                <i>1 0 0 0 1 0 0 0 1 0 0.9 -1.98</i>
                <i>1 0 0 0 1 0 0 0 1 0 0.9 -1.98</i>
                <i>1 0 0 0 1 0 0 0 1 0 0.9 -1.98</i>
                <i>1 0 0 0 1 0 0 0 1 0 0.9 -1.98</i>
                <i>1 0 0 0 1 0 0 0 1 0 0.9 -1.98</i>
                <i>1 0 0 0 1 0 0 0 1 0 0.9 -1.98</i>
                <i>1 0 0 0 1 0 0 0 1 0 0.9 -1.98</i>
                <i>1 0 0 0 1 0 0 0 1 0 0.9 -1.98</i>
                <i>1 0 0 0 1 0 0 0 1 0 0.9 -1.98</i>
                <i>1 0 0 0 1 0 0 0 1 0 0.9 -1.98</i>
                <i>1 0 0 0 1 0 0 0 1 0 0.9 -1.98</i>
                <i>1 0 0 0 1 0 0 0 1 0 0.9 -1.98</i>
                <i>1 0 0 0 1 0 0 0 1 0 0.9 -1.98</i>
                <i>1 0 0 0 1 0 0 0 1 0 0.9 -1.98</i>
                <i>1 0 0 0 1 0 0 0 1 0 0.9 -1.98</i>
                <i>1 0 0 0 1 0 0 0 1 0 0.9 -1.98</i>
                <i>1 0 0 0 1 0 0 0 1 0 0.9 -1.98</i>
                <i>1 0 0 0 1 0 0 0 1 0 0.9 -1.98</i>
                <i>1 0 0 0 1 0 0 0 1 0 0.9 -1.98</i>
                <i>1 0 0 0 1 0 0 0 1 0 0.9 -1.98</i>
                <i>1 0 0 0 1 0 0 0 1 0 0.9 -1.98</i>
                <i>1 0 0 0 1 0 0 0 1 0 0.9 -1.98</i>
                <i>1 0 0 0 1 0 0 0 1 0 0.9 -1.98</i>
                <i>1 0 0 0 1 0 0 0 1 0 0.9 -1.98</i>
                <i>1 0 0 0 1 0 0 0 1 0 0.9 -1.98</i>
                <i>1 0 0 0 1 0 0 0 1 0 0.9 -1.98</i>
                <i>1 0 0 0 1 0 0 0 1 0 0.9 -1.98</i>
                <i>1 0 0 0 1 0 0 0 1 0 0.9 -1.98</i>
                <i>1 0 0 0 1 0 0 0 1 0 0.9 -1.98</i>
                <i>1 0 0 0 1 0 0 0 1 0 0.9 -1.98</i>
                <i>1 0 0 0 1 0 0 0 1 0 0.9 -1.98</i>
                <i>1 0 0 0 1 0 0 0 1 0 0.9 -1.98</i>
                <i>1 0 0 0 1 0 0 0 1 0 0.9 -1.98</i>
                <i>1 0 0 0 1 0 0 0 1 0 0.9 -1.98</i>
                <i>1 0 0 0 1 0 0 0 1 0 0.9 -1.98</i>
                <i>1 0 0 0 1 0 0 0 1 0 0.9 -1.98</i>
                <i>1 0 0 0 1 0 0 0 1 0 0.9 -1.98</i>
                <i>1 0 0 0 1 0 0 0 1 0 0.9 -1.98</i>
                <i>1 0 0 0 1 0 0 0 1 0 0.9 -1.98</i>
                <i>1 0 0 0 1 0 0 0 1 0 0.9 -1.98</i>
                <i>1 0 0 0 1 0 0 0 1 0 0.9 -1.98</i>
                <i>1 0 0 0 1 0 0 0 1 0 0.9 -1.98</i>
                <i>1 0 0 0 1 0 0 0 1 0 0.9 -1.98</i>
                <i>1 0 0 0 1 0 0 0 1 0 0.9 -1.98</i>
                <i>1 0 0 0 1 0 0 0 1 0 0.9 -1.98</i>
                <i>1 0 0 0 1 0 0 0 1 0 0.9 -1.98</i>
                <i>1 0 0 0 1 0 0 0 1 0 0.9 -1.98</i>
                <i>1 0 0 0 1 0 0 0 1 0 0.9 -1.98</i>
                <i>1 0 0 0 1 0 0 0 1 0 0.9 -1.98</i>
                <i>1 0 0 0 1 0 0 0 1 0 0.9 -1.98</i>
                <i>1 0 0 0 1 0 0 0 1 0 0.9 -1.98</i>
                <i>1 0 0 0 1 0 0 0 1 0 0.9 -1.98</i>
                <i>1 0 0 0 1 0 0 0 1 0 0.9 -1.98</i>
                <i>1 0 0 0 1 0 0 0 1 0 0.9 -1.98</i>
                <i>1 0 0 0 1 0 0 0 1 0 0.9 -1.98</i>
                <i>1 0 0 0 1 0 0 0 1 0 0.9 -1.98</i>
                <i>1 0 0 0 1 0 0 0 1 0 0.9 -1.98</i>
                <i>1 0 0 0 1 0 0 0 1 0 0.9 -1.98</i>
                <i>1 0 0 0 1 0 0 0 1 0 0.9 -1.98</i>
                <i>1 0 0 0 1 0 0 0 1 0 0.9 -1.98</i>
                <i>1 0 0 0 1 0 0 0 1 0 0.9 -1.98</i>
                <i>1 0 0 0 1 0 0 0 1 0 0.9 -1.98</i>
                <i>1 0 0 0 1 0 0 0 1 0 0.9 -1.98</i>
                <i>1 0 0 0 1 0 0 0 1 0 0.9 -1.98</i>
                <i>1 0 0 0 1 0 0 0 1 0 0.9 -1.98</i>
                <i>1 0 0 0 1 0 0 0 1 0 0.9 -1.98</i>
                <i>1 0 0 0 1 0 0 0 1 0 0.9 -1.98</i>
                <i>1 0 0 0 1 0 0 0 1 0 0.9 -1.98</i>
                <i>1 0 0 0 1 0 0 0 1 0 0.9 -1.98</i>
                <i>1 0 0 0 1 0 0 0 1 0 0.9 -1.98</i>
                <i>1 0 0 0 1 0 0 0 1 0 0.9 -1.98</i>
                <i>1 0 0 0 1 0 0 0 1 0 0.9 -1.98</i>
                <i>1 0 0 0 1 0 0 0 1 0 0.9 -1.98</i>
                <i>1 0 0 0 1 0 0 0 1 0 0.9 -1.98</i>
                <i>1 0 0 0 1 0 0 0 1 0 0.9 -1.98</i>
                <i>1 0 0 0 1 0 0 0 1 0 0.9 -1.98</i>
                <i>1 0 0 0 1 0 0 0 1 0 0.9 -1.98</i>
                <i>1 0 0 0 1 0 0 0 1 0 0.9 -1.98</i>
                <i>1 0 0 0 1 0 0 0 1 0 0.9 -1.98</i>
                <i>1 0 0 0 1 0 0 0 1 0 0.9 -1.98</i>
                <i>1 0 0 0 1 0 0 0 1 0 0.9 -1.98</i>
                <i>1 0 0 0 1 0 0 0 1 0 0.9 -1.98</i>
                <i>1 0 0 0 1 0 0 0 1 0 0.9 -1.98</i>
                <i>1 0 0 0 1 0 0 0 1 0 0.9 -1.98</i>
                <i>1 0 0 0 1 0 0 0 1 0 0.9 -1.98</i>
                <i>1 0 0 0 1 0 0 0 1 0 0.9 -1.98</i>
                <i>1 0 0 0 1 0 0 0 1 0 0.9 -1.98</i>
                <i>1 0 0 0 1 0 0 0 1 0 0.9 -1.98</i>
                <i>1 0 0 0 1 0 0 0 1 0 0.9 -1.98</i>
                <i>1 0 0 0 1 0 0 0 1 0 0.9 -1.98</i>
                <i>1 0 0 0 1 0 0 0 1 0 0.9 -1.98</i>
                <i>1 0 0 0 1 0 0 0 1 0 0.9 -1.98</i>
                <i>1 0 0 0 1 0 0 0 1 0 0.9 -1.98</i>
                <i>1 0 0 0 1 0 0 0 1 0 0.9 -1.98</i>
                <i>1 0 0 0 1 0 0 0 1 0 0.9 -1.98</i>
                <i>1 0 0 0 1 0 0 0 1 0 0.9 -1.98</i>
                <i>1 0 0 0 1 0 0 0 1 0 0.9 -1.98</i>
                <i>1 0 0 0 1 0 0 0 1 0 0.9 -1.98</i>
                <i>1 0 0 0 1 0 0 0 1 0 0.9 -1.98</i>
                <i>1 0 0 0 1 0 0 0 1 0 0.9 -1.98</i>
                <i>1 0 0 0 1 0 0 0 1 0 0.9 -1.98</i>
                <i>1 0 0 0 1 0 0 0 1 0 0.9 -1.98</i>
                <i>1 0 0 0 1 0 0 0 1 0 0.9 -1.98</i>
                <i>1 0 0 0 1 0 0 0 1 0 0.9 -1.98</i>
                <i>1 0 0 0 1 0 0 0 1 0 0.9 -1.98</i>
                <i>1 0 0 0 1 0 0 0 1 0 0.9 -1.98</i>
                <i>1 0 0 0 1 0 0 0 1 0 0.9 -1.98</i>
                <i>1 0 0 0 1 0 0 0 1 0 0.9 -1.98</i>
            </KeyFrames>
        </RefFrame>
        <Bones count="23">
            <i>
                <p>
                    <Name>
                        <![CDATA[pelvis]]>
</Name>
                    <Exclude>0</Exclude>
                    <Additive>0</Additive>
                    <IKPriority>0</IKPriority>
                    <IKRotLimits>-1e+010 -1e+010 -1e+010 1e+010 1e+010 1e+010</IKRotLimits>
                    <IKRotLimitOrder>2</IKRotLimitOrder>
                    <KeyFrames count="130">
                        <i>1 0 0 0 1 0 0 0 1 -0.0160775 1.89854 -2.12255</i>
                        <i>1 0 0 0 1 0 0 0 1 -0.0160775 1.64246 -2.18417</i>
                        <i>1 0 0 0 1 0 0 0 1 -0.0160775 1.68292 -2.13686</i>
                        <i>1 0 0 0 1 0 0 0 1 -0.0160775 1.77003 -2.06947</i>
                        <i>1 0 0 0 1 0 0 0 1 -0.0160775 1.86094 -2.00847</i>
                        <i>1 0 0 0 1 0 0 0 1 -0.0160775 1.91279 -1.98036</i>
                        <i>1 0 0 0 1 0 0 0 1 -0.0160775 1.92052 -1.98887</i>
                        <i>1 0 0 0 1 0 0 0 1 -0.0160775 1.91146 -2.01528</i>
                        <i>1 0 0 0 1 0 0 0 1 -0.0160775 1.89139 -2.05239</i>
                        <i>1 0 0 0 1 0 0 0 1 -0.0160775 1.86609 -2.09297</i>
                        <i>1 0 0 0 1 0 0 0 1 -0.0160775 1.84133 -2.12983</i>
                        <i>1 0 0 0 1 0 0 0 1 -0.0160775 1.82289 -2.15575</i>
                        <i>1 0 0 0 1 0 0 0 1 -0.0160775 1.80822 -2.15543</i>
                        <i>1 0 0 0 1 0 0 0 1 -0.0160775 1.79572 -2.1402</i>
                        <i>1 0 0 0 1 0 0 0 1 -0.0160775 1.79258 -2.14276</i>
                        <i>1 0 0 0 1 0 0 0 1 -0.0228296 1.79829 -2.17701</i>
                        <i>1 0 0 0 1 0 0 0 1 -0.0389307 1.80748 -2.22637</i>
                        <i>1 0 0 0 1 0 0 0 1 -0.0581482 1.81998 -2.27778</i>
                        <i>1 0 0 0 1 0 0 0 1 -0.0742493 1.83562 -2.31819</i>
                        <i>1 0 0 0 1 0 0 0 1 -0.0810014 1.85425 -2.33456</i>
                        <i>1 0 0 0 1 0 0 0 1 -0.0810014 1.87786 -2.33456</i>
                        <i>1 0 0 0 1 0 0 0 1 -0.0810014 1.9066 -2.33456</i>
                        <i>1 0 0 0 1 0 0 0 1 -0.0810014 1.93748 -2.33456</i>
                        <i>1 0 0 0 1 0 0 0 1 -0.0810014 1.96753 -2.33456</i>
                        <i>1 0 0 0 1 0 0 0 1 -0.0810014 1.99377 -2.33456</i>
                        <i>1 0 0 0 1 0 0 0 1 -0.0810014 2.01321 -2.33456</i>
                        <i>1 0 0 0 1 0 0 0 1 -0.0810014 2.0138 -2.33456</i>
                        <i>1 0 0 0 1 0 0 0 1 -0.0810014 1.99913 -2.33456</i>
                        <i>1 0 0 0 1 0 0 0 1 -0.0810014 1.98968 -2.33456</i>
                        <i>1 0 0 0 1 0 0 0 1 -0.0810014 1.99099 -2.33456</i>
                        <i>1 0 0 0 1 0 0 0 1 -0.0810014 1.99435 -2.33456</i>
                        <i>1 0 0 0 1 0 0 0 1 -0.0810014 1.99894 -2.33456</i>
                        <i>1 0 0 0 1 0 0 0 1 -0.0810014 2.00395 -2.33456</i>
                        <i>1 0 0 0 1 0 0 0 1 -0.0810014 2.00854 -2.33456</i>
                        <i>1 0 0 0 1 0 0 0 1 -0.0810014 2.0119 -2.33456</i>
                        <i>1 0 0 0 1 0 0 0 1 -0.0810014 2.01321 -2.33456</i>
                        <i>1 0 0 0 1 0 0 0 1 -0.0810014 2.00711 -2.33456</i>
                        <i>1 0 0 0 1 0 0 0 1 -0.0810014 1.99578 -2.33456</i>
                        <i>1 0 0 0 1 0 0 0 1 -0.0810014 1.98968 -2.33456</i>
                        <i>1 0 0 0 1 0 0 0 1 -0.0810014 1.99539 -2.33456</i>
                        <i>1 0 0 0 1 0 0 0 1 -0.0810014 2.00903 -2.33456</i>
                        <i>1 0 0 0 1 0 0 0 1 -0.0810014 2.02537 -2.33456</i>
                        <i>1 0 0 0 1 0 0 0 1 -0.0810014 2.03918 -2.33456</i>
                        <i>1 0 0 0 1 0 0 0 1 -0.0810014 2.04524 -2.33456</i>
                        <i>1 0 0 0 1 0 0 0 1 -0.0810014 2.03833 -2.33456</i>
                        <i>1 0 0 0 1 0 0 0 1 -0.0810014 2.01321 -2.33456</i>
                        <i>1 0 0 0 1 0 0 0 1 -0.0540371 1.94443 -2.33456</i>
                        <i>1 0 0 0 1 0 0 0 1 0.00715329 1.83324 -2.33456</i>
                        <i>1 0 0 0 1 0 0 0 1 0.0730162 1.71449 -2.33456</i>
                        <i>1 0 0 0 1 0 0 0 1 0.113998 1.623 -2.33456</i>
                        <i>1 0 0 0 1 0 0 0 1 0.117485 1.56889 -2.37975</i>
                        <i>1 0 0 0 1 0 0 0 1 0.10082 1.53328 -2.47922</i>
                        <i>1 0 0 0 1 0 0 0 1 0.0792902 1.50784 -2.57878</i>
                        <i>1 0 0 0 1 0 0 0 1 0.0685224 1.48328 -2.62409</i>
                        <i>1 0 0 0 1 0 0 0 1 0.0685224 1.45025 -2.62409</i>
                        <i>1 0 0 0 1 0 0 0 1 0.0685224 1.41369 -2.62409</i>
                        <i>1 0 0 0 1 0 0 0 1 0.0685224 1.38407 -2.62409</i>
                        <i>1 0 0 0 1 0 0 0 1 0.0685224 1.37187 -2.62409</i>
                        <i>1 0 0 0 1 0 0 0 1 0.0685224 1.37187 -2.62409</i>
                        <i>1 0 0 0 1 0 0 0 1 0.0685224 1.37187 -2.62409</i>
                        <i>1 0 0 0 1 0 0 0 1 0.0685224 1.37187 -2.62409</i>
                        <i>1 0 0 0 1 0 0 0 1 0.0685224 1.37187 -2.62409</i>
                        <i>1 0 0 0 1 0 0 0 1 0.0685224 1.37187 -2.62409</i>
                        <i>1 0 0 0 1 0 0 0 1 0.0685224 1.37187 -2.62409</i>
                        <i>1 0 0 0 1 0 0 0 1 0.0685224 1.37187 -2.62409</i>
                        <i>1 0 0 0 1 0 0 0 1 0.0685224 1.37187 -2.62409</i>
                        <i>1 0 0 0 1 0 0 0 1 0.0685224 1.37187 -2.62409</i>
                        <i>1 0 0 0 1 0 0 0 1 0.0685224 1.37187 -2.62409</i>
                        <i>1 0 0 0 1 0 0 0 1 0.0685224 1.37187 -2.62409</i>
                        <i>1 0 0 0 1 0 0 0 1 0.0685224 1.37187 -2.62409</i>
                        <i>1 0 0 0 1 0 0 0 1 0.0685224 1.37187 -2.62409</i>
                        <i>1 0 0 0 1 0 0 0 1 0.0685224 1.37187 -2.62409</i>
                        <i>1 0 0 0 1 0 0 0 1 0.0685224 1.37187 -2.62409</i>
                        <i>1 0 0 0 1 0 0 0 1 0.0685224 1.37187 -2.62409</i>
                        <i>1 0 0 0 1 0 0 0 1 0.0685224 1.37187 -2.62409</i>
                        <i>1 0 0 0 1 0 0 0 1 0.0685224 1.37187 -2.62409</i>
                        <i>1 0 0 0 1 0 0 0 1 0.0685224 1.37187 -2.62409</i>
                        <i>1 0 0 0 1 0 0 0 1 0.0685224 1.37187 -2.62409</i>
                        <i>1 0 0 0 1 0 0 0 1 0.0685224 1.37398 -2.62409</i>
                        <i>1 0 0 0 1 0 0 0 1 0.0685224 1.38111 -2.62409</i>
                        <i>1 0 0 0 1 0 0 0 1 0.0685224 1.39443 -2.62409</i>
                        <i>1 0 0 0 1 0 0 0 1 0.0685224 1.41511 -2.62409</i>
                        <i>1 0 0 0 1 0 0 0 1 0.0685224 1.44434 -2.62409</i>
                        <i>1 0 0 0 1 0 0 0 1 0.0685224 1.48328 -2.62409</i>
                        <i>1 0 0 0 1 0 0 0 1 0.0574466 1.54071 -2.60686</i>
                        <i>1 0 0 0 1 0 0 0 1 0.029757 1.61743 -2.56252</i>
                        <i>1 0 0 0 1 0 0 0 1 -0.00623966 1.7027 -2.50209</i>
                        <i>1 0 0 0 1 0 0 0 1 -0.0422361 1.78575 -2.4366</i>
                        <i>1 0 0 0 1 0 0 0 1 -0.0699256 1.85584 -2.37708</i>
                        <i>1 0 0 0 1 0 0 0 1 -0.0810014 1.9022 -2.33456</i>
                        <i>1 0 0 0 1 0 0 0 1 -0.0810014 1.92141 -2.31143</i>
                        <i>1 0 0 0 1 0 0 0 1 -0.0810014 1.9214 -2.29935</i>
                        <i>1 0 0 0 1 0 0 0 1 -0.0810014 1.90842 -2.29324</i>
                        <i>1 0 0 0 1 0 0 0 1 -0.0810014 1.88872 -2.28802</i>
                        <i>1 0 0 0 1 0 0 0 1 -0.0810014 1.86858 -2.27861</i>
                        <i>1 0 0 0 1 0 0 0 1 -0.0810014 1.85425 -2.25994</i>
                        <i>1 0 0 0 1 0 0 0 1 -0.0761923 1.84293 -2.22589</i>
                        <i>1 0 0 0 1 0 0 0 1 -0.0641693 1.82908 -2.1793</i>
                        <i>1 0 0 0 1 0 0 0 1 -0.0485395 1.81478 -2.12852</i>
                        <i>1 0 0 0 1 0 0 0 1 -0.0329097 1.80211 -2.08191</i>
                        <i>1 0 0 0 1 0 0 0 1 -0.0208867 1.79317 -2.04782</i>
                        <i>1 0 0 0 1 0 0 0 1 -0.0160775 1.79005 -2.0346</i>
                        <i>1 0 0 0 1 0 0 0 1 -0.0160775 1.79282 -2.0346</i>
                        <i>1 0 0 0 1 0 0 0 1 -0.0160775 1.79944 -2.0346</i>
                        <i>1 0 0 0 1 0 0 0 1 -0.0160775 1.80886 -2.0346</i>
                        <i>1 0 0 0 1 0 0 0 1 -0.0160775 1.82003 -2.0346</i>
                        <i>1 0 0 0 1 0 0 0 1 -0.0160775 1.83189 -2.0346</i>
                        <i>1 0 0 0 1 0 0 0 1 -0.0160775 1.84338 -2.0346</i>
                        <i>1 0 0 0 1 0 0 0 1 -0.0160775 1.85347 -2.0346</i>
                        <i>1 0 0 0 1 0 0 0 1 -0.0160775 1.86108 -2.0346</i>
                        <i>1 0 0 0 1 0 0 0 1 -0.0160775 1.86667 -2.03627</i>
                        <i>1 0 0 0 1 0 0 0 1 -0.0160775 1.87149 -2.04093</i>
                        <i>1 0 0 0 1 0 0 0 1 -0.0160775 1.87567 -2.04806</i>
                        <i>1 0 0 0 1 0 0 0 1 -0.0160775 1.87935 -2.05712</i>
                        <i>1 0 0 0 1 0 0 0 1 -0.0160775 1.88266 -2.06758</i>
                        <i>1 0 0 0 1 0 0 0 1 -0.0160775 1.88574 -2.07893</i>
                        <i>1 0 0 0 1 0 0 0 1 -0.0160775 1.88874 -2.09063</i>
                        <i>1 0 0 0 1 0 0 0 1 -0.0160775 1.89178 -2.10215</i>
                        <i>1 0 0 0 1 0 0 0 1 -0.0160775 1.895 -2.11297</i>
                        <i>1 0 0 0 1 0 0 0 1 -0.0160775 1.89854 -2.12255</i>
                        <i>1 0 0 0 1 0 0 0 1 -0.0160775 1.89854 -2.12255</i>
                        <i>1 0 0 0 1 0 0 0 1 -0.0160775 1.89854 -2.12255</i>
                        <i>1 0 0 0 1 0 0 0 1 -0.0160775 1.89854 -2.12255</i>
                        <i>1 0 0 0 1 0 0 0 1 -0.0160775 1.89854 -2.12255</i>
                        <i>1 0 0 0 1 0 0 0 1 -0.0160775 1.89854 -2.12255</i>
                        <i>1 0 0 0 1 0 0 0 1 -0.0160775 1.89854 -2.12255</i>
                        <i>1 0 0 0 1 0 0 0 1 -0.0160775 1.89854 -2.12255</i>
                        <i>1 0 0 0 1 0 0 0 1 -0.0160775 1.89854 -2.12255</i>
                        <i>1 0 0 0 1 0 0 0 1 -0.0160775 1.89854 -2.12255</i>
                        <i>1 0 0 0 1 0 0 0 1 -0.0160775 1.89854 -2.12255</i>
                    </KeyFrames>
                </p>
            </i>
            <i>
                <p>
                    <Name>
                        <![CDATA[spine0]]>
</Name>
                    <Exclude>0</Exclude>
                    <Additive>0</Additive>
                    <IKPriority>0</IKPriority>
                    <IKRotLimits>-1e+010 -1e+010 -1e+010 1e+010 1e+010 1e+010</IKRotLimits>
                    <IKRotLimitOrder>0</IKRotLimitOrder>
                    <KeyFrames count="130">
                        <i>-0.0199169 0.999688 0.0151005 -0.991389 -0.0177918 -0.129738 -0.129429 -0.0175544 0.991433 -0.0144761 2.03044 -2.17995</i>
                        <i>-0.0447687 0.940068 0.338035 -0.99155 -0.000573878 -0.129723 -0.121754 -0.340986 0.93215 -0.0240418 1.78044 -2.22411</i>
                        <i>-0.041706 0.963899 0.262982 -0.991504 -0.00747024 -0.129861 -0.123209 -0.266163 0.956021 -0.0235584 1.81733 -2.18761</i>
                        <i>-0.0361367 0.992617 0.115785 -0.991471 -0.0210931 -0.12861 -0.125218 -0.119445 0.984913 -0.0228451 1.89744 -2.13593</i>
                        <i>-0.0308957 0.999276 -0.0221964 -0.991502 -0.0334479 -0.125719 -0.126371 0.0181236 0.991818 -0.0222535 1.98083 -2.08774</i>
                        <i>-0.0291918 0.997232 -0.0683765 -0.99152 -0.037555 -0.124412 -0.126635 0.0641649 0.989872 -0.0220879 2.03028 -2.06317</i>
                        <i>-0.0316587 0.999426 -0.0120587 -0.991473 -0.0329281 -0.126087 -0.126411 0.00796413 0.991946 -0.0224171 2.04266 -2.06462</i>
                        <i>-0.0360959 0.995321 0.08963 -0.991414 -0.0243859 -0.128464 -0.125677 -0.0934975 0.987656 -0.0230431 2.04102 -2.07741</i>
                        <i>-0.0413768 0.976317 0.212352 -0.991394 -0.0136982 -0.130194 -0.124202 -0.215911 0.968481 -0.0238388 2.02798 -2.09688</i>
                        <i>-0.0464021 0.942421 0.331195 -0.99143 -0.00291543 -0.130608 -0.122122 -0.334417 0.934479 -0.0246492 2.00729 -2.11915</i>
                        <i>-0.0502384 0.904459 0.423591 -0.9915 0.00579977 -0.129977 -0.120016 -0.42652 0.89648 -0.0253061 1.98447 -2.14092</i>
                        <i>-0.0521667 0.88062 0.470942 -0.991554 0.0103988 -0.12928 -0.118744 -0.473709 0.87264 -0.0256484 1.9664 -2.15888</i>
                        <i>-0.0451681 0.906402 0.419995 -0.99372 0.00231859 -0.111873 -0.102376 -0.42241 0.900605 -0.0238539 1.95137 -2.16739</i>
                        <i>-0.0304437 0.956294 0.290818 -0.996773 -0.00742416 -0.0799322 -0.0742796 -0.292313 0.953434 -0.0199611 1.93581 -2.17272</i>
                        <i>-0.020951 0.981993 0.187752 -0.99795 -0.00918145 -0.0633385 -0.0604741 -0.188695 0.980172 -0.0175158 1.92858 -2.18963</i>
                        <i>-0.0150745 0.989553 0.143381 -0.9992 -0.00959674 -0.0388195 -0.037038 -0.143851 0.988906 -0.0252694 1.93318 -2.22695</i>
                        <i>-0.00634971 0.993508 0.113589 -0.999716 -0.00891568 0.0220962 0.0229655 -0.113416 0.993282 -0.0441743 1.94272 -2.27514</i>
                        <i>0.00228284 0.995174 0.0981023 -0.994899 -0.00763326 0.100585 0.100848 -0.0978315 0.99008 -0.0665808 1.95638 -2.32271</i>
                        <i>0.0107957 0.995394 0.095263 -0.984081 -0.00632467 0.177607 0.177392 -0.0956639 0.97948 -0.0851668 1.97331 -2.35842</i>
                        <i>0.0190754 0.994536 0.102634 -0.972042 -0.00558088 0.234742 0.234032 -0.104242 0.966624 -0.0934201 1.9928 -2.37125</i>
                        <i>0.0246362 0.993399 0.112037 -0.961331 -0.00720766 0.2753 0.27429 -0.114487 0.954808 -0.0947732 2.01679 -2.36925</i>
                        <i>0.0269739 0.992569 0.118656 -0.949725 -0.0115922 0.31287 0.311921 -0.12113 0.942355 -0.0964165 2.04576 -2.36761</i>
                        <i>0.0279513 0.991716 0.125374 -0.938303 -0.0172181 0.345385 0.344682 -0.127292 0.930049 -0.0979851 2.07684 -2.36597</i>
                        <i>0.0297561 0.990399 0.134999 -0.928398 -0.0226623 0.370895 0.370393 -0.136369 0.91881 -0.0990747 2.10718 -2.36402</i>
                        <i>0.0346939 0.988031 0.1503 -0.921474 -0.0265945 0.387529 0.386888 -0.151943 0.909522 -0.0992665 2.13391 -2.36144</i>
                        <i>0.0448495 0.983707 0.174096 -0.918938 -0.0277317 0.393425 0.391843 -0.177628 0.902722 -0.0981627 2.15412 -2.35788</i>
                        <i>0.0688826 0.969785 0.234033 -0.916413 -0.031201 0.399017 0.394263 -0.241956 0.886574 -0.0950682 2.15624 -2.349</i>
                        <i>0.100857 0.944483 0.312699 -0.911461 -0.0382797 0.409602 0.398832 -0.326324 0.856998 -0.0910183 2.14262 -2.33688</i>
                        <i>0.11731 0.929051 0.350858 -0.908688 -0.0421173 0.415346 0.400655 -0.367545 0.839277 -0.0889058 2.13328 -2.33083</i>
                        <i>0.113116 0.93305 0.341501 -0.909285 -0.0413334 0.414116 0.400506 -0.357365 0.843733 -0.0894607 2.13458 -2.33232</i>
                        <i>0.102388 0.942847 0.317105 -0.910809 -0.0393053 0.410952 0.399929 -0.330899 0.85473 -0.0908696 2.13786 -2.33617</i>
                        <i>0.0879366 0.955031 0.283165 -0.912856 -0.0365164 0.406645 0.398699 -0.294248 0.868595 -0.0927437 2.14216 -2.34145</i>
                        <i>0.0724963 0.966687 0.24548 -0.915037 -0.0334558 0.40198 0.396801 -0.253766 0.882129 -0.0947151 2.14659 -2.34722</i>
                        <i>0.0586227 0.975876 0.210307 -0.916995 -0.0306257 0.397722 0.394568 -0.216166 0.893078 -0.0964586 2.15044 -2.35252</i>
                        <i>0.0486658 0.981672 0.184262 -0.9184 -0.0285426 0.394623 0.39265 -0.188431 0.900178 -0.0976932 2.15312 -2.35639</i>
                        <i>0.0448495 0.983707 0.174096 -0.918938 -0.0277317 0.393425 0.391843 -0.177628 0.902722 -0.0981627 2.15412 -2.35788</i>
                        <i>0.0621926 0.973563 0.21979 -0.916385 -0.0315499 0.399053 0.395438 -0.226231 0.890196 -0.0960253 2.14923 -2.35109</i>
                        <i>0.0963684 0.947925 0.303566 -0.911449 -0.038513 0.409606 0.399967 -0.316158 0.860274 -0.0916787 2.1392 -2.33828</i>
                        <i>0.11731 0.929051 0.350858 -0.908688 -0.0421173 0.415346 0.400655 -0.367545 0.839277 -0.0889058 2.13328 -2.33083</i>
                        <i>0.117727 0.92875 0.351516 -0.913257 -0.0377606 0.405629 0.390002 -0.368778 0.843742 -0.0882997 2.13902 -2.331</i>
                        <i>0.113937 0.932726 0.342112 -0.924459 -0.0265822 0.380355 0.363861 -0.359605 0.859238 -0.0874565 2.15274 -2.33314</i>
                        <i>0.108756 0.939379 0.325176 -0.938413 -0.0108998 0.345343 0.327953 -0.342708 0.88034 -0.0862909 2.16912 -2.33662</i>
                        <i>0.104542 0.946983 0.3038 -0.951796 0.00669415 0.30666 0.288368 -0.321215 0.902034 -0.0848003 2.18286 -2.34073</i>
                        <i>0.102395 0.953901 0.282113 -0.962378 0.0232406 0.270719 0.251682 -0.299219 0.920393 -0.0831788 2.18873 -2.3447</i>
                        <i>0.101979 0.9588 0.265146 -0.969073 0.0355403 0.2442 0.224715 -0.281849 0.932772 -0.0818284 2.18159 -2.34769</i>
                        <i>0.102088 0.960651 0.258317 -0.971431 0.040347 0.233869 0.214244 -0.274813 0.937325 -0.081267 2.15635 -2.34887</i>
                        <i>0.0700222 0.964548 0.254448 -0.971308 0.00780884 0.237696 0.227282 -0.263791 0.93742 -0.0609557 2.08692 -2.35308</i>
                        <i>-0.00325567 0.969499 0.245075 -0.967776 -0.0647628 0.243341 0.25179 -0.236385 0.938469 -0.0144526 1.97255 -2.36325</i>
                        <i>-0.0790199 0.968825 0.234807 -0.959681 -0.13767 0.245071 0.269757 -0.205974 0.940641 0.0369099 1.84759 -2.3755</i>
                        <i>-0.114064 0.967153 0.227168 -0.955079 -0.169705 0.24295 0.273521 -0.189252 0.943064 0.0709432 1.75039 -2.38568</i>
                        <i>-0.0644485 0.962244 0.264448 -0.960364 -0.131822 0.245611 0.271198 -0.238137 0.9326 0.0777764 1.69647 -2.43306</i>
                        <i>0.0514331 0.933587 0.35464 -0.962406 -0.0484986 0.267249 0.2667 -0.355053 0.895996 0.0703003 1.6656 -2.52673</i>
                        <i>0.177 0.875163 0.450289 -0.950957 0.0341494 0.307432 0.253676 -0.482621 0.838287 0.0593168 1.64513 -2.61685</i>
                        <i>0.251631 0.809373 0.530658 -0.939329 0.0721703 0.335341 0.233118 -0.582844 0.778427 0.0556398 1.62378 -2.65222</i>
                        <i>0.283706 0.740071 0.609759 -0.936621 0.0775611 0.34165 0.205551 -0.668042 0.715171 0.0592294 1.5926 -2.64272</i>
                        <i>0.31503 0.656874 0.685035 -0.933548 0.0844153 0.34837 0.171008 -0.74926 0.639817 0.062479 1.55707 -2.63415</i>
                        <i>0.337534 0.583722 0.738471 -0.930855 0.0903675 0.354037 0.139925 -0.806909 0.573863 0.0648315 1.52783 -2.62795</i>
                        <i>0.346061 0.552163 0.758523 -0.929672 0.0929784 0.356461 0.126298 -0.828535 0.545507 0.0657359 1.5157 -2.62557</i>
                        <i>0.357417 0.50236 0.78733 -0.930433 0.118492 0.346776 0.0809144 -0.856501 0.509763 0.0599341 1.51428 -2.64258</i>
                        <i>0.367713 0.444181 0.817001 -0.929819 0.161474 0.330701 0.0149667 -0.881266 0.472384 0.0540001 1.51039 -2.6601</i>
                        <i>0.367455 0.445785 0.816243 -0.929884 0.159928 0.331269 0.0171346 -0.880737 0.473295 0.0541567 1.51053 -2.65963</i>
                        <i>0.365498 0.458166 0.810244 -0.93023 0.14902 0.335358 0.0329067 -0.876286 0.480667 0.0553772 1.51152 -2.65602</i>
                        <i>0.362429 0.476185 0.801182 -0.930459 0.135277 0.340507 0.0537627 -0.868877 0.492099 0.0571916 1.5128 -2.65066</i>
                        <i>0.358988 0.494698 0.791456 -0.930464 0.123143 0.345068 0.0732421 -0.860296 0.504506 0.0591161 1.51389 -2.64499</i>
                        <i>0.35614 0.508913 0.783692 -0.930356 0.114857 0.348204 0.0871925 -0.853121 0.514375 0.0606472 1.51458 -2.64048</i>
                        <i>0.354956 0.514563 0.780532 -0.930291 0.111764 0.349381 0.0925429 -0.850137 0.518365 0.0612714 1.51481 -2.63865</i>
                        <i>0.358549 0.497 0.790211 -0.930449 0.121763 0.345597 0.0755432 -0.859165 0.506091 0.0593607 1.51401 -2.64427</i>
                        <i>0.364725 0.462975 0.807855 -0.930312 0.145167 0.336817 0.0386641 -0.874403 0.483657 0.0558568 1.51189 -2.6546</i>
                        <i>0.367713 0.444181 0.817001 -0.929819 0.161474 0.330701 0.0149667 -0.881266 0.472384 0.0540001 1.51039 -2.6601</i>
                        <i>0.366886 0.449571 0.81442 -0.930004 0.156478 0.332577 0.0220782 -0.879432 0.475512 0.0545282 1.51084 -2.65853</i>
                        <i>0.364725 0.462975 0.807855 -0.930312 0.145167 0.336817 0.038664 -0.874403 0.483657 0.0558568 1.51189 -2.6546</i>
                        <i>0.361729 0.480172 0.799116 -0.930472 0.132542 0.341547 0.0580853 -0.867103 0.494731 0.0576006 1.51305 -2.64946</i>
                        <i>0.358549 0.497 0.790211 -0.930449 0.121763 0.345597 0.0755433 -0.859165 0.506091 0.0593607 1.51401 -2.64427</i>
                        <i>0.355998 0.509613 0.783301 -0.930348 0.114473 0.348352 0.0878581 -0.852755 0.514869 0.060724 1.51461 -2.64026</i>
                        <i>0.354956 0.514563 0.780532 -0.930291 0.111764 0.349381 0.0925429 -0.850137 0.518365 0.0612714 1.51481 -2.63865</i>
                        <i>0.357566 0.50208 0.78744 -0.930408 0.118797 0.34674 0.0805453 -0.856623 0.509617 0.0599051 1.51427 -2.64267</i>
                        <i>0.362957 0.473588 0.802481 -0.93042 0.137246 0.339827 0.0508 -0.869987 0.49045 0.0569278 1.51263 -2.65144</i>
                        <i>0.367713 0.444181 0.817001 -0.929819 0.161474 0.330701 0.0149667 -0.881266 0.472384 0.0540001 1.51039 -2.6601</i>
                        <i>0.362686 0.472093 0.803484 -0.931208 0.150097 0.332148 0.0362039 -0.868676 0.494055 0.0543981 1.51288 -2.6588</i>
                        <i>0.349553 0.534822 0.769271 -0.93374 0.131304 0.333 0.0770877 -0.8347 0.545282 0.054677 1.52032 -2.65763</i>
                        <i>0.328879 0.614415 0.71717 -0.936105 0.111832 0.333469 0.124686 -0.781018 0.611935 0.0548882 1.53393 -2.6565</i>
                        <i>0.302766 0.694105 0.653109 -0.93783 0.0949366 0.33386 0.16973 -0.713586 0.679696 0.0550836 1.5549 -2.6553</i>
                        <i>0.275292 0.761373 0.586963 -0.938879 0.0816566 0.334424 0.206692 -0.643151 0.737316 0.0553161 1.58445 -2.65391</i>
                        <i>0.251631 0.809373 0.530658 -0.939329 0.0721703 0.335341 0.233118 -0.582844 0.778427 0.0556398 1.62378 -2.65222</i>
                        <i>0.225213 0.846562 0.482299 -0.9421 0.0629854 0.329365 0.24845 -0.528551 0.811731 0.0461474 1.68193 -2.63187</i>
                        <i>0.192375 0.880427 0.433405 -0.948603 0.0537476 0.311872 0.251286 -0.471125 0.845515 0.0216218 1.75962 -2.58279</i>
                        <i>0.160733 0.908428 0.385907 -0.956615 0.0471178 0.28752 0.243008 -0.415379 0.876589 -0.0107988 1.84567 -2.5174</i>
                        <i>0.134466 0.93047 0.340801 -0.964088 0.0433553 0.262019 0.229025 -0.363795 0.902885 -0.0437914 1.92913 -2.44823</i>
                        <i>0.114907 0.947582 0.298136 -0.969418 0.0414491 0.241891 0.216854 -0.316813 0.923365 -0.0698168 1.99929 -2.38785</i>
                        <i>0.102088 0.960651 0.258317 -0.971431 0.040347 0.233869 0.214244 -0.274813 0.937325 -0.081267 2.04534 -2.34887</i>
                        <i>0.0910667 0.969659 0.226865 -0.971543 0.0364875 0.234036 0.218658 -0.241722 0.945388 -0.0833406 2.06381 -2.33173</i>
                        <i>0.0782023 0.975213 0.206989 -0.971763 0.0282025 0.234267 0.222623 -0.219464 0.949881 -0.0859367 2.06286 -2.32502</i>
                        <i>0.0652812 0.978356 0.19636 -0.971953 0.017788 0.234503 0.225935 -0.206162 0.952077 -0.0886382 2.04887 -2.32343</i>
                        <i>0.0540497 0.979826 0.192405 -0.972038 0.0075321 0.234703 0.228519 -0.199711 0.952835 -0.0910423 2.02823 -2.32168</i>
                        <i>0.0461633 0.980255 0.192274 -0.972034 -0.00028671 0.234839 0.230257 -0.197738 0.952828 -0.0927623 2.0074 -2.31451</i>
                        <i>0.0431911 0.980265 0.192913 -0.972016 -0.00339763 0.234889 0.230908 -0.197659 0.952687 -0.0934201 1.9928 -2.29662</i>
                        <i>0.0393985 0.979939 0.195365 -0.976663 -0.00354635 0.214749 0.211133 -0.199266 0.95693 -0.0877091 1.98143 -2.26306</i>
                        <i>0.0295342 0.979094 0.201252 -0.986457 -0.00394852 0.163974 0.161341 -0.203369 0.965717 -0.0733599 1.96745 -2.21757</i>
                        <i>0.0159098 0.97793 0.208327 -0.995251 -0.00452359 0.0972414 0.0960376 -0.208884 0.973213 -0.0545665 1.95299 -2.16798</i>
                        <i>0.0014139 0.976689 0.214653 -0.999538 -0.00513854 0.0299647 0.0303692 -0.214596 0.976231 -0.0356371 1.94017 -2.12226</i>
                        <i>-0.0103008 0.975682 0.21895 -0.999743 -0.00562557 -0.0219658 -0.0201999 -0.21912 0.975489 -0.0209989 1.93112 -2.08865</i>
                        <i>-0.0151179 0.975266 0.220519 -0.999069 -0.00582138 -0.0427466 -0.0404056 -0.22096 0.974446 -0.0151278 1.92795 -2.07558</i>
                        <i>-0.0151179 0.975266 0.220519 -0.999069 -0.00582138 -0.0427466 -0.0404056 -0.22096 0.974446 -0.0151278 1.93072 -2.07558</i>
                        <i>-0.0151179 0.975266 0.220519 -0.999069 -0.00582138 -0.0427466 -0.0404056 -0.22096 0.974446 -0.0151278 1.93734 -2.07558</i>
                        <i>-0.0151179 0.975266 0.220519 -0.999069 -0.00582138 -0.0427466 -0.0404056 -0.22096 0.974446 -0.0151278 1.94676 -2.07558</i>
                        <i>-0.0151179 0.975266 0.220519 -0.999069 -0.00582138 -0.0427466 -0.0404056 -0.22096 0.974446 -0.0151278 1.95793 -2.07558</i>
                        <i>-0.0151179 0.975266 0.220519 -0.999069 -0.00582138 -0.0427466 -0.0404056 -0.22096 0.974446 -0.0151278 1.96979 -2.07558</i>
                        <i>-0.0151179 0.975266 0.220519 -0.999069 -0.00582138 -0.0427466 -0.0404056 -0.22096 0.974446 -0.0151278 1.98128 -2.07558</i>
                        <i>-0.0151179 0.975266 0.220519 -0.999069 -0.00582138 -0.0427466 -0.0404056 -0.22096 0.974446 -0.0151278 1.99136 -2.07558</i>
                        <i>-0.0151179 0.975266 0.220519 -0.999069 -0.00582138 -0.0427466 -0.0404056 -0.22096 0.974446 -0.0151278 1.99898 -2.07558</i>
                        <i>-0.0153184 0.976183 0.216406 -0.998999 -0.00584601 -0.0443441 -0.0420228 -0.216869 0.975296 -0.0151934 2.00447 -2.07759</i>
                        <i>-0.0158549 0.978638 0.204979 -0.99879 -0.00595496 -0.0488243 -0.0465607 -0.205505 0.977548 -0.0153585 2.00901 -2.08318</i>
                        <i>-0.0166232 0.982104 0.187604 -0.998426 -0.00625281 -0.0557354 -0.0535649 -0.188235 0.980662 -0.0155705 2.01274 -2.09173</i>
                        <i>-0.0175147 0.98603 0.165646 -0.997886 -0.00686941 -0.064621 -0.0625803 -0.166428 0.984066 -0.0157744 2.01584 -2.10257</i>
                        <i>-0.0184208 0.989912 0.140479 -0.997152 -0.00791267 -0.0749964 -0.0731283 -0.141461 0.987239 -0.0159182 2.01846 -2.11506</i>
                        <i>-0.0192381 0.993353 0.113486 -0.996221 -0.00943 -0.0863371 -0.0846931 -0.114718 0.989781 -0.0159564 2.02077 -2.12857</i>
                        <i>-0.0198723 0.996092 0.0860564 -0.995113 -0.0113793 -0.0980795 -0.096717 -0.087585 0.991451 -0.0158525 2.02294 -2.14244</i>
                        <i>-0.0202412 0.998018 0.0595871 -0.993879 -0.0136117 -0.109631 -0.108602 -0.0614414 0.992185 -0.0155804 2.02516 -2.15605</i>
                        <i>-0.0202751 0.999165 0.0354725 -0.992601 -0.015868 -0.120384 -0.119721 -0.0376508 0.992093 -0.015124 2.02759 -2.16876</i>
                        <i>-0.0199169 0.999688 0.0151005 -0.991389 -0.0177918 -0.129738 -0.129429 -0.0175544 0.991433 -0.0144761 2.03044 -2.17995</i>
                        <i>-0.0199169 0.999688 0.0151005 -0.991389 -0.0177918 -0.129738 -0.129429 -0.0175544 0.991433 -0.0144761 2.03044 -2.17995</i>
                        <i>-0.0199169 0.999688 0.0151005 -0.991389 -0.0177918 -0.129738 -0.129429 -0.0175544 0.991433 -0.0144761 2.03044 -2.17995</i>
                        <i>-0.0199169 0.999688 0.0151005 -0.991389 -0.0177918 -0.129738 -0.129429 -0.0175544 0.991433 -0.0144761 2.03044 -2.17995</i>
                        <i>-0.0199169 0.999688 0.0151005 -0.991389 -0.0177918 -0.129738 -0.129429 -0.0175544 0.991433 -0.0144761 2.03044 -2.17995</i>
                        <i>-0.0199169 0.999688 0.0151005 -0.991389 -0.0177918 -0.129738 -0.129429 -0.0175544 0.991433 -0.0144761 2.03044 -2.17995</i>
                        <i>-0.0199169 0.999688 0.0151005 -0.991389 -0.0177918 -0.129738 -0.129429 -0.0175544 0.991433 -0.0144761 2.03044 -2.17995</i>
                        <i>-0.0199169 0.999688 0.0151005 -0.991389 -0.0177918 -0.129738 -0.129429 -0.0175544 0.991433 -0.0144761 2.03044 -2.17995</i>
                        <i>-0.0199169 0.999688 0.0151005 -0.991389 -0.0177918 -0.129738 -0.129429 -0.0175544 0.991433 -0.0144761 2.03044 -2.17995</i>
                        <i>-0.0199169 0.999688 0.0151005 -0.991389 -0.0177918 -0.129738 -0.129429 -0.0175544 0.991433 -0.0144761 2.03044 -2.17995</i>
                        <i>-0.0199169 0.999688 0.0151005 -0.991389 -0.0177918 -0.129738 -0.129429 -0.0175544 0.991433 -0.0144761 2.03044 -2.17995</i>
                    </KeyFrames>
                </p>
            </i>
            <i>
                <p>
                    <Name>
                        <![CDATA[spine1]]>
</Name>
                    <Exclude>0</Exclude>
                    <Additive>0</Additive>
                    <IKPriority>0</IKPriority>
                    <IKRotLimits>-1e+010 -1e+010 -1e+010 1e+010 1e+010 1e+010</IKRotLimits>
                    <IKRotLimitOrder>0</IKRotLimitOrder>
                    <KeyFrames count="130">
                        <i>-0.00865413 0.958981 0.28334 -0.996283 0.0160166 -0.0846389 -0.0857052 -0.283019 0.955277 -0.0179909 2.20707 -2.17731</i>
                        <i>0.0157751 0.61912 0.785138 -0.99507 0.0866123 -0.048305 -0.0979092 -0.780505 0.617434 -0.032238 1.95276 -2.16222</i>
                        <i>0.0177821 0.683978 0.729286 -0.994721 0.085831 -0.0562445 -0.101065 -0.724436 0.681894 -0.0311886 1.9939 -2.13951</i>
                        <i>0.0237696 0.817635 0.575246 -0.994275 0.0792958 -0.0716241 -0.104177 -0.57025 0.814839 -0.029411 2.07802 -2.11493</i>
                        <i>0.0308921 0.916042 0.399891 -0.993932 0.0704086 -0.0845045 -0.105565 -0.394854 0.912659 -0.027823 2.1612 -2.0918</i>
                        <i>0.0338793 0.943967 0.328298 -0.993848 0.066477 -0.0885817 -0.105442 -0.323277 0.940412 -0.0273308 2.2096 -2.07551</i>
                        <i>0.0319497 0.926003 0.376161 -0.994048 0.0686564 -0.0845819 -0.104149 -0.37122 0.922686 -0.0281002 2.22226 -2.06683</i>
                        <i>0.0287478 0.889098 0.456814 -0.994421 0.0718371 -0.0772368 -0.101487 -0.452045 0.886203 -0.0295139 2.21962 -2.06138</i>
                        <i>0.0251442 0.835183 0.549398 -0.994882 0.0747046 -0.0680317 -0.0978614 -0.544876 0.832787 -0.0312427 2.20283 -2.05889</i>
                        <i>0.021886 0.772079 0.63515 -0.995341 0.0764978 -0.0586921 -0.0939025 -0.630906 0.770156 -0.0329372 2.17574 -2.06</i>
                        <i>0.0194959 0.714207 0.699663 -0.995707 0.0771996 -0.0510592 -0.0904805 -0.695664 0.712646 -0.0342665 2.14589 -2.06536</i>
                        <i>0.018284 0.68004 0.732947 -0.995899 0.0773491 -0.0469221 -0.0886017 -0.729084 0.678665 -0.0349475 2.12348 -2.07493</i>
                        <i>0.0102052 0.699439 0.71462 -0.996952 0.062392 -0.0468295 -0.0773409 -0.711964 0.697944 -0.0318925 2.11279 -2.09265</i>
                        <i>-0.00572322 0.755672 0.654925 -0.998352 0.0330836 -0.0468972 -0.0571061 -0.654114 0.754238 -0.0253566 2.10538 -2.12119</i>
