<?xml version="1.0" encoding="ISO-8859-1" ?>
<Animl Version="1">
    <ModellingPackage><![CDATA[Maya.2010]]></ModellingPackage>
    <SrcFile><![CDATA[anims\turrets\machinegun\blue\~src\mgun_gatling\mgun_gatling_idle_alt_b_crewman_b.mb]]></SrcFile>
    <FramesPerSecond>30</FramesPerSecond>
    <TotalFrames>149</TotalFrames>
    <Skeleton>
        <RefFrame>
            <Name><![CDATA[soldier_ref_frame]]></Name>
            <Exclude>0</Exclude>
            <Additive>0</Additive>
            <IKPriority>0</IKPriority>
            <IKRotLimits>-1e+010 -1e+010 -1e+010 1e+010 1e+010 1e+010</IKRotLimits>
            <IKRotLimitOrder>0</IKRotLimitOrder>
            <KeyFrames count="149">
                <i>1 0 0 0 1 0 0 0 1 2.23 0.9 -0.63</i>
                <i>1 0 0 0 1 0 0 0 1 2.23 0.9 -0.63</i>
                <i>1 0 0 0 1 0 0 0 1 2.23 0.9 -0.63</i>
                <i>1 0 0 0 1 0 0 0 1 2.23 0.9 -0.63</i>
                <i>1 0 0 0 1 0 0 0 1 2.23 0.9 -0.63</i>
                <i>1 0 0 0 1 0 0 0 1 2.23 0.9 -0.63</i>
                <i>1 0 0 0 1 0 0 0 1 2.23 0.9 -0.63</i>
                <i>1 0 0 0 1 0 0 0 1 2.23 0.9 -0.63</i>
                <i>1 0 0 0 1 0 0 0 1 2.23 0.9 -0.63</i>
                <i>1 0 0 0 1 0 0 0 1 2.23 0.9 -0.63</i>
                <i>1 0 0 0 1 0 0 0 1 2.23 0.9 -0.63</i>
                <i>1 0 0 0 1 0 0 0 1 2.23 0.9 -0.63</i>
                <i>1 0 0 0 1 0 0 0 1 2.23 0.9 -0.63</i>
                <i>1 0 0 0 1 0 0 0 1 2.23 0.9 -0.63</i>
                <i>1 0 0 0 1 0 0 0 1 2.23 0.9 -0.63</i>
                <i>1 0 0 0 1 0 0 0 1 2.23 0.9 -0.63</i>
                <i>1 0 0 0 1 0 0 0 1 2.23 0.9 -0.63</i>
                <i>1 0 0 0 1 0 0 0 1 2.23 0.9 -0.63</i>
                <i>1 0 0 0 1 0 0 0 1 2.23 0.9 -0.63</i>
                <i>1 0 0 0 1 0 0 0 1 2.23 0.9 -0.63</i>
                <i>1 0 0 0 1 0 0 0 1 2.23 0.9 -0.63</i>
                <i>1 0 0 0 1 0 0 0 1 2.23 0.9 -0.63</i>
                <i>1 0 0 0 1 0 0 0 1 2.23 0.9 -0.63</i>
                <i>1 0 0 0 1 0 0 0 1 2.23 0.9 -0.63</i>
                <i>1 0 0 0 1 0 0 0 1 2.23 0.9 -0.63</i>
                <i>1 0 0 0 1 0 0 0 1 2.23 0.9 -0.63</i>
                <i>1 0 0 0 1 0 0 0 1 2.23 0.9 -0.63</i>
                <i>1 0 0 0 1 0 0 0 1 2.23 0.9 -0.63</i>
                <i>1 0 0 0 1 0 0 0 1 2.23 0.9 -0.63</i>
                <i>1 0 0 0 1 0 0 0 1 2.23 0.9 -0.63</i>
                <i>1 0 0 0 1 0 0 0 1 2.23 0.9 -0.63</i>
                <i>1 0 0 0 1 0 0 0 1 2.23 0.9 -0.63</i>
                <i>1 0 0 0 1 0 0 0 1 2.23 0.9 -0.63</i>
                <i>1 0 0 0 1 0 0 0 1 2.23 0.9 -0.63</i>
                <i>1 0 0 0 1 0 0 0 1 2.23 0.9 -0.63</i>
                <i>1 0 0 0 1 0 0 0 1 2.23 0.9 -0.63</i>
                <i>1 0 0 0 1 0 0 0 1 2.23 0.9 -0.63</i>
                <i>1 0 0 0 1 0 0 0 1 2.23 0.9 -0.63</i>
                <i>1 0 0 0 1 0 0 0 1 2.23 0.9 -0.63</i>
                <i>1 0 0 0 1 0 0 0 1 2.23 0.9 -0.63</i>
                <i>1 0 0 0 1 0 0 0 1 2.23 0.9 -0.63</i>
                <i>1 0 0 0 1 0 0 0 1 2.23 0.9 -0.63</i>
                <i>1 0 0 0 1 0 0 0 1 2.23 0.9 -0.63</i>
                <i>1 0 0 0 1 0 0 0 1 2.23 0.9 -0.63</i>
                <i>1 0 0 0 1 0 0 0 1 2.23 0.9 -0.63</i>
                <i>1 0 0 0 1 0 0 0 1 2.23 0.9 -0.63</i>
                <i>1 0 0 0 1 0 0 0 1 2.23 0.9 -0.63</i>
                <i>1 0 0 0 1 0 0 0 1 2.23 0.9 -0.63</i>
                <i>1 0 0 0 1 0 0 0 1 2.23 0.9 -0.63</i>
                <i>1 0 0 0 1 0 0 0 1 2.23 0.9 -0.63</i>
                <i>1 0 0 0 1 0 0 0 1 2.23 0.9 -0.63</i>
                <i>1 0 0 0 1 0 0 0 1 2.23 0.9 -0.63</i>
                <i>1 0 0 0 1 0 0 0 1 2.23 0.9 -0.63</i>
                <i>1 0 0 0 1 0 0 0 1 2.23 0.9 -0.63</i>
                <i>1 0 0 0 1 0 0 0 1 2.23 0.9 -0.63</i>
                <i>1 0 0 0 1 0 0 0 1 2.23 0.9 -0.63</i>
                <i>1 0 0 0 1 0 0 0 1 2.23 0.9 -0.63</i>
                <i>1 0 0 0 1 0 0 0 1 2.23 0.9 -0.63</i>
                <i>1 0 0 0 1 0 0 0 1 2.23 0.9 -0.63</i>
                <i>1 0 0 0 1 0 0 0 1 2.23 0.9 -0.63</i>
                <i>1 0 0 0 1 0 0 0 1 2.23 0.9 -0.63</i>
                <i>1 0 0 0 1 0 0 0 1 2.23 0.9 -0.63</i>
                <i>1 0 0 0 1 0 0 0 1 2.23 0.9 -0.63</i>
                <i>1 0 0 0 1 0 0 0 1 2.23 0.9 -0.63</i>
                <i>1 0 0 0 1 0 0 0 1 2.23 0.9 -0.63</i>
                <i>1 0 0 0 1 0 0 0 1 2.23 0.9 -0.63</i>
                <i>1 0 0 0 1 0 0 0 1 2.23 0.9 -0.63</i>
                <i>1 0 0 0 1 0 0 0 1 2.23 0.9 -0.63</i>
                <i>1 0 0 0 1 0 0 0 1 2.23 0.9 -0.63</i>
                <i>1 0 0 0 1 0 0 0 1 2.23 0.9 -0.63</i>
                <i>1 0 0 0 1 0 0 0 1 2.23 0.9 -0.63</i>
                <i>1 0 0 0 1 0 0 0 1 2.23 0.9 -0.63</i>
                <i>1 0 0 0 1 0 0 0 1 2.23 0.9 -0.63</i>
                <i>1 0 0 0 1 0 0 0 1 2.23 0.9 -0.63</i>
                <i>1 0 0 0 1 0 0 0 1 2.23 0.9 -0.63</i>
                <i>1 0 0 0 1 0 0 0 1 2.23 0.9 -0.63</i>
                <i>1 0 0 0 1 0 0 0 1 2.23 0.9 -0.63</i>
                <i>1 0 0 0 1 0 0 0 1 2.23 0.9 -0.63</i>
                <i>1 0 0 0 1 0 0 0 1 2.23 0.9 -0.63</i>
                <i>1 0 0 0 1 0 0 0 1 2.23 0.9 -0.63</i>
                <i>1 0 0 0 1 0 0 0 1 2.23 0.9 -0.63</i>
                <i>1 0 0 0 1 0 0 0 1 2.23 0.9 -0.63</i>
                <i>1 0 0 0 1 0 0 0 1 2.23 0.9 -0.63</i>
                <i>1 0 0 0 1 0 0 0 1 2.23 0.9 -0.63</i>
                <i>1 0 0 0 1 0 0 0 1 2.23 0.9 -0.63</i>
                <i>1 0 0 0 1 0 0 0 1 2.23 0.9 -0.63</i>
                <i>1 0 0 0 1 0 0 0 1 2.23 0.9 -0.63</i>
                <i>1 0 0 0 1 0 0 0 1 2.23 0.9 -0.63</i>
                <i>1 0 0 0 1 0 0 0 1 2.23 0.9 -0.63</i>
                <i>1 0 0 0 1 0 0 0 1 2.23 0.9 -0.63</i>
                <i>1 0 0 0 1 0 0 0 1 2.23 0.9 -0.63</i>
                <i>1 0 0 0 1 0 0 0 1 2.23 0.9 -0.63</i>
                <i>1 0 0 0 1 0 0 0 1 2.23 0.9 -0.63</i>
                <i>1 0 0 0 1 0 0 0 1 2.23 0.9 -0.63</i>
                <i>1 0 0 0 1 0 0 0 1 2.23 0.9 -0.63</i>
                <i>1 0 0 0 1 0 0 0 1 2.23 0.9 -0.63</i>
                <i>1 0 0 0 1 0 0 0 1 2.23 0.9 -0.63</i>
                <i>1 0 0 0 1 0 0 0 1 2.23 0.9 -0.63</i>
                <i>1 0 0 0 1 0 0 0 1 2.23 0.9 -0.63</i>
                <i>1 0 0 0 1 0 0 0 1 2.23 0.9 -0.63</i>
                <i>1 0 0 0 1 0 0 0 1 2.23 0.9 -0.63</i>
                <i>1 0 0 0 1 0 0 0 1 2.23 0.9 -0.63</i>
                <i>1 0 0 0 1 0 0 0 1 2.23 0.9 -0.63</i>
                <i>1 0 0 0 1 0 0 0 1 2.23 0.9 -0.63</i>
                <i>1 0 0 0 1 0 0 0 1 2.23 0.9 -0.63</i>
                <i>1 0 0 0 1 0 0 0 1 2.23 0.9 -0.63</i>
                <i>1 0 0 0 1 0 0 0 1 2.23 0.9 -0.63</i>
                <i>1 0 0 0 1 0 0 0 1 2.23 0.9 -0.63</i>
                <i>1 0 0 0 1 0 0 0 1 2.23 0.9 -0.63</i>
                <i>1 0 0 0 1 0 0 0 1 2.23 0.9 -0.63</i>
                <i>1 0 0 0 1 0 0 0 1 2.23 0.9 -0.63</i>
                <i>1 0 0 0 1 0 0 0 1 2.23 0.9 -0.63</i>
                <i>1 0 0 0 1 0 0 0 1 2.23 0.9 -0.63</i>
                <i>1 0 0 0 1 0 0 0 1 2.23 0.9 -0.63</i>
                <i>1 0 0 0 1 0 0 0 1 2.23 0.9 -0.63</i>
                <i>1 0 0 0 1 0 0 0 1 2.23 0.9 -0.63</i>
                <i>1 0 0 0 1 0 0 0 1 2.23 0.9 -0.63</i>
                <i>1 0 0 0 1 0 0 0 1 2.23 0.9 -0.63</i>
                <i>1 0 0 0 1 0 0 0 1 2.23 0.9 -0.63</i>
                <i>1 0 0 0 1 0 0 0 1 2.23 0.9 -0.63</i>
                <i>1 0 0 0 1 0 0 0 1 2.23 0.9 -0.63</i>
                <i>1 0 0 0 1 0 0 0 1 2.23 0.9 -0.63</i>
                <i>1 0 0 0 1 0 0 0 1 2.23 0.9 -0.63</i>
                <i>1 0 0 0 1 0 0 0 1 2.23 0.9 -0.63</i>
                <i>1 0 0 0 1 0 0 0 1 2.23 0.9 -0.63</i>
                <i>1 0 0 0 1 0 0 0 1 2.23 0.9 -0.63</i>
                <i>1 0 0 0 1 0 0 0 1 2.23 0.9 -0.63</i>
                <i>1 0 0 0 1 0 0 0 1 2.23 0.9 -0.63</i>
                <i>1 0 0 0 1 0 0 0 1 2.23 0.9 -0.63</i>
                <i>1 0 0 0 1 0 0 0 1 2.23 0.9 -0.63</i>
                <i>1 0 0 0 1 0 0 0 1 2.23 0.9 -0.63</i>
                <i>1 0 0 0 1 0 0 0 1 2.23 0.9 -0.63</i>
                <i>1 0 0 0 1 0 0 0 1 2.23 0.9 -0.63</i>
                <i>1 0 0 0 1 0 0 0 1 2.23 0.9 -0.63</i>
                <i>1 0 0 0 1 0 0 0 1 2.23 0.9 -0.63</i>
                <i>1 0 0 0 1 0 0 0 1 2.23 0.9 -0.63</i>
                <i>1 0 0 0 1 0 0 0 1 2.23 0.9 -0.63</i>
                <i>1 0 0 0 1 0 0 0 1 2.23 0.9 -0.63</i>
                <i>1 0 0 0 1 0 0 0 1 2.23 0.9 -0.63</i>
                <i>1 0 0 0 1 0 0 0 1 2.23 0.9 -0.63</i>
                <i>1 0 0 0 1 0 0 0 1 2.23 0.9 -0.63</i>
                <i>1 0 0 0 1 0 0 0 1 2.23 0.9 -0.63</i>
                <i>1 0 0 0 1 0 0 0 1 2.23 0.9 -0.63</i>
                <i>1 0 0 0 1 0 0 0 1 2.23 0.9 -0.63</i>
                <i>1 0 0 0 1 0 0 0 1 2.23 0.9 -0.63</i>
                <i>1 0 0 0 1 0 0 0 1 2.23 0.9 -0.63</i>
                <i>1 0 0 0 1 0 0 0 1 2.23 0.9 -0.63</i>
                <i>1 0 0 0 1 0 0 0 1 2.23 0.9 -0.63</i>
                <i>1 0 0 0 1 0 0 0 1 2.23 0.9 -0.63</i>
            </KeyFrames>
        </RefFrame>
        <Bones count="23">
            <i>
                <p>
                    <Name><![CDATA[pelvis]]></Name>
                    <Exclude>0</Exclude>
                    <Additive>0</Additive>
                    <IKPriority>0</IKPriority>
                    <IKRotLimits>-1e+010 -1e+010 -1e+010 1e+010 1e+010 1e+010</IKRotLimits>
                    <IKRotLimitOrder>2</IKRotLimitOrder>
                    <KeyFrames count="149">
                        <i>1 0 0 0 1 0 0 0 1 1.85013 1.55731 -0.513442</i>
                        <i>1 0 0 0 1 0 0 0 1 1.85021 1.55652 -0.513558</i>
                        <i>1 0 0 0 1 0 0 0 1 1.85063 1.55631 -0.513531</i>
                        <i>1 0 0 0 1 0 0 0 1 1.85137 1.55591 -0.513537</i>
                        <i>1 0 0 0 1 0 0 0 1 1.85239 1.55465 -0.513731</i>
                        <i>1 0 0 0 1 0 0 0 1 1.85369 1.55274 -0.514076</i>
                        <i>1 0 0 0 1 0 0 0 1 1.85522 1.55037 -0.514536</i>
                        <i>1 0 0 0 1 0 0 0 1 1.85699 1.54777 -0.515074</i>
                        <i>1 0 0 0 1 0 0 0 1 1.85896 1.54514 -0.515654</i>
                        <i>1 0 0 0 1 0 0 0 1 1.8611 1.54268 -0.516237</i>
                        <i>1 0 0 0 1 0 0 0 1 1.86341 1.54062 -0.516782</i>
                        <i>1 0 0 0 1 0 0 0 1 1.86585 1.53916 -0.517248</i>
                        <i>1 0 0 0 1 0 0 0 1 1.86839 1.53853 -0.517589</i>
                        <i>1 0 0 0 1 0 0 0 1 1.87115 1.539 -0.517766</i>
                        <i>1 0 0 0 1 0 0 0 1 1.87415 1.54049 -0.517794</i>
                        <i>1 0 0 0 1 0 0 0 1 1.87726 1.54272 -0.517712</i>
                        <i>1 0 0 0 1 0 0 0 1 1.88036 1.54541 -0.517555</i>
                        <i>1 0 0 0 1 0 0 0 1 1.88332 1.54825 -0.517356</i>
                        <i>1 0 0 0 1 0 0 0 1 1.88601 1.55098 -0.51715</i>
                        <i>1 0 0 0 1 0 0 0 1 1.88831 1.5533 -0.516968</i>
                        <i>1 0 0 0 1 0 0 0 1 1.89016 1.55494 -0.516839</i>
                        <i>1 0 0 0 1 0 0 0 1 1.89152 1.5556 -0.516793</i>
                        <i>1 0 0 0 1 0 0 0 1 1.89251 1.55569 -0.516815</i>
                        <i>1 0 0 0 1 0 0 0 1 1.89331 1.55579 -0.516866</i>
                        <i>1 0 0 0 1 0 0 0 1 1.89394 1.55589 -0.516941</i>
                        <i>1 0 0 0 1 0 0 0 1 1.89441 1.55598 -0.517036</i>
                        <i>1 0 0 0 1 0 0 0 1 1.89476 1.55607 -0.517147</i>
                        <i>1 0 0 0 1 0 0 0 1 1.895 1.55614 -0.517271</i>
                        <i>1 0 0 0 1 0 0 0 1 1.89515 1.55619 -0.517404</i>
                        <i>1 0 0 0 1 0 0 0 1 1.89523 1.55621 -0.517543</i>
                        <i>1 0 0 0 1 0 0 0 1 1.89526 1.55619 -0.517684</i>
                        <i>1 0 0 0 1 0 0 0 1 1.89526 1.55612 -0.517825</i>
                        <i>1 0 0 0 1 0 0 0 1 1.89525 1.55601 -0.517961</i>
                        <i>1 0 0 0 1 0 0 0 1 1.89525 1.55583 -0.518091</i>
                        <i>1 0 0 0 1 0 0 0 1 1.89529 1.55559 -0.51821</i>
                        <i>1 0 0 0 1 0 0 0 1 1.89537 1.55528 -0.518317</i>
                        <i>1 0 0 0 1 0 0 0 1 1.89553 1.55489 -0.518408</i>
                        <i>1 0 0 0 1 0 0 0 1 1.89578 1.55441 -0.51848</i>
                        <i>1 0 0 0 1 0 0 0 1 1.89609 1.55382 -0.518541</i>
                        <i>1 0 0 0 1 0 0 0 1 1.89642 1.55313 -0.518598</i>
                        <i>1 0 0 0 1 0 0 0 1 1.89677 1.55235 -0.518652</i>
                        <i>1 0 0 0 1 0 0 0 1 1.89714 1.55149 -0.518703</i>
                        <i>1 0 0 0 1 0 0 0 1 1.89751 1.55055 -0.518752</i>
                        <i>1 0 0 0 1 0 0 0 1 1.89789 1.54956 -0.518797</i>
                        <i>1 0 0 0 1 0 0 0 1 1.89828 1.54852 -0.518841</i>
                        <i>1 0 0 0 1 0 0 0 1 1.89867 1.54744 -0.518882</i>
                        <i>1 0 0 0 1 0 0 0 1 1.89905 1.54634 -0.518922</i>
                        <i>1 0 0 0 1 0 0 0 1 1.89944 1.54523 -0.518959</i>
                        <i>1 0 0 0 1 0 0 0 1 1.89981 1.54412 -0.518994</i>
                        <i>1 0 0 0 1 0 0 0 1 1.90017 1.54301 -0.519028</i>
                        <i>1 0 0 0 1 0 0 0 1 1.90052 1.54193 -0.519061</i>
                        <i>1 0 0 0 1 0 0 0 1 1.90085 1.54088 -0.519092</i>
                        <i>1 0 0 0 1 0 0 0 1 1.90117 1.53988 -0.519122</i>
                        <i>1 0 0 0 1 0 0 0 1 1.90146 1.53894 -0.51915</i>
                        <i>1 0 0 0 1 0 0 0 1 1.90172 1.53806 -0.519177</i>
                        <i>1 0 0 0 1 0 0 0 1 1.90195 1.53726 -0.519204</i>
                        <i>1 0 0 0 1 0 0 0 1 1.90215 1.53656 -0.519229</i>
                        <i>1 0 0 0 1 0 0 0 1 1.90232 1.53596 -0.519254</i>
                        <i>1 0 0 0 1 0 0 0 1 1.90245 1.53547 -0.519278</i>
                        <i>1 0 0 0 1 0 0 0 1 1.90253 1.53511 -0.519302</i>
                        <i>1 0 0 0 1 0 0 0 1 1.90258 1.53489 -0.519325</i>
                        <i>1 0 0 0 1 0 0 0 1 1.9026 1.53469 -0.519367</i>
                        <i>1 0 0 0 1 0 0 0 1 1.90263 1.53441 -0.519443</i>
                        <i>1 0 0 0 1 0 0 0 1 1.90266 1.53405 -0.519551</i>
                        <i>1 0 0 0 1 0 0 0 1 1.9027 1.53362 -0.519687</i>
                        <i>1 0 0 0 1 0 0 0 1 1.90275 1.53314 -0.519847</i>
                        <i>1 0 0 0 1 0 0 0 1 1.9028 1.5326 -0.520028</i>
                        <i>1 0 0 0 1 0 0 0 1 1.90285 1.53203 -0.520226</i>
                        <i>1 0 0 0 1 0 0 0 1 1.9029 1.53142 -0.520437</i>
                        <i>1 0 0 0 1 0 0 0 1 1.90296 1.53079 -0.520658</i>
                        <i>1 0 0 0 1 0 0 0 1 1.90301 1.53015 -0.520886</i>
                        <i>1 0 0 0 1 0 0 0 1 1.90307 1.5295 -0.521116</i>
                        <i>1 0 0 0 1 0 0 0 1 1.90313 1.52886 -0.521346</i>
                        <i>1 0 0 0 1 0 0 0 1 1.90318 1.52823 -0.521572</i>
                        <i>1 0 0 0 1 0 0 0 1 1.90323 1.52763 -0.521789</i>
                        <i>1 0 0 0 1 0 0 0 1 1.90328 1.52706 -0.521995</i>
                        <i>1 0 0 0 1 0 0 0 1 1.90332 1.52653 -0.522187</i>
                        <i>1 0 0 0 1 0 0 0 1 1.90336 1.52605 -0.522359</i>
                        <i>1 0 0 0 1 0 0 0 1 1.9034 1.52564 -0.522509</i>
                        <i>1 0 0 0 1 0 0 0 1 1.90343 1.52529 -0.522634</i>
                        <i>1 0 0 0 1 0 0 0 1 1.90345 1.52502 -0.522729</i>
                        <i>1 0 0 0 1 0 0 0 1 1.90346 1.52484 -0.522792</i>
                        <i>1 0 0 0 1 0 0 0 1 1.90346 1.52476 -0.522818</i>
                        <i>1 0 0 0 1 0 0 0 1 1.90346 1.52478 -0.522805</i>
                        <i>1 0 0 0 1 0 0 0 1 1.90345 1.5249 -0.522756</i>
                        <i>1 0 0 0 1 0 0 0 1 1.90343 1.52511 -0.522674</i>
                        <i>1 0 0 0 1 0 0 0 1 1.9034 1.5254 -0.522562</i>
                        <i>1 0 0 0 1 0 0 0 1 1.90337 1.52576 -0.522425</i>
                        <i>1 0 0 0 1 0 0 0 1 1.90333 1.52618 -0.522265</i>
                        <i>1 0 0 0 1 0 0 0 1 1.90329 1.52665 -0.522087</i>
                        <i>1 0 0 0 1 0 0 0 1 1.90325 1.52717 -0.521894</i>
                        <i>1 0 0 0 1 0 0 0 1 1.9032 1.52772 -0.521689</i>
                        <i>1 0 0 0 1 0 0 0 1 1.90315 1.52829 -0.521477</i>
                        <i>1 0 0 0 1 0 0 0 1 1.90309 1.52887 -0.52126</i>
                        <i>1 0 0 0 1 0 0 0 1 1.90304 1.52947 -0.521042</i>
                        <i>1 0 0 0 1 0 0 0 1 1.90299 1.53005 -0.520827</i>
                        <i>1 0 0 0 1 0 0 0 1 1.90293 1.53063 -0.520618</i>
                        <i>1 0 0 0 1 0 0 0 1 1.90288 1.53118 -0.520419</i>
                        <i>1 0 0 0 1 0 0 0 1 1.90282 1.5317 -0.520233</i>
                        <i>1 0 0 0 1 0 0 0 1 1.90277 1.53218 -0.520064</i>
                        <i>1 0 0 0 1 0 0 0 1 1.90272 1.5326 -0.519916</i>
                        <i>1 0 0 0 1 0 0 0 1 1.90268 1.53297 -0.519792</i>
                        <i>1 0 0 0 1 0 0 0 1 1.90264 1.53327 -0.519695</i>
                        <i>1 0 0 0 1 0 0 0 1 1.9026 1.53349 -0.51963</i>
                        <i>1 0 0 0 1 0 0 0 1 1.90257 1.53362 -0.519599</i>
                        <i>1 0 0 0 1 0 0 0 1 1.90238 1.53347 -0.519621</i>
                        <i>1 0 0 0 1 0 0 0 1 1.90189 1.5329 -0.519698</i>
                        <i>1 0 0 0 1 0 0 0 1 1.90113 1.532 -0.519816</i>
                        <i>1 0 0 0 1 0 0 0 1 1.90014 1.53085 -0.519961</i>
                        <i>1 0 0 0 1 0 0 0 1 1.89895 1.52955 -0.520116</i>
                        <i>1 0 0 0 1 0 0 0 1 1.89759 1.52818 -0.520268</i>
                        <i>1 0 0 0 1 0 0 0 1 1.89608 1.52683 -0.520403</i>
                        <i>1 0 0 0 1 0 0 0 1 1.89447 1.52559 -0.520505</i>
                        <i>1 0 0 0 1 0 0 0 1 1.89278 1.52454 -0.520562</i>
                        <i>1 0 0 0 1 0 0 0 1 1.89104 1.52377 -0.520557</i>
                        <i>1 0 0 0 1 0 0 0 1 1.88929 1.52336 -0.520477</i>
                        <i>1 0 0 0 1 0 0 0 1 1.88756 1.52341 -0.520306</i>
                        <i>1 0 0 0 1 0 0 0 1 1.88588 1.52401 -0.520031</i>
                        <i>1 0 0 0 1 0 0 0 1 1.88428 1.52523 -0.519635</i>
                        <i>1 0 0 0 1 0 0 0 1 1.88273 1.52717 -0.519113</i>
                        <i>1 0 0 0 1 0 0 0 1 1.88116 1.5298 -0.518482</i>
                        <i>1 0 0 0 1 0 0 0 1 1.87958 1.533 -0.517765</i>
                        <i>1 0 0 0 1 0 0 0 1 1.878 1.53666 -0.516981</i>
                        <i>1 0 0 0 1 0 0 0 1 1.87642 1.54067 -0.516152</i>
                        <i>1 0 0 0 1 0 0 0 1 1.87485 1.54491 -0.515296</i>
                        <i>1 0 0 0 1 0 0 0 1 1.8733 1.54928 -0.514433</i>
                        <i>1 0 0 0 1 0 0 0 1 1.87177 1.55366 -0.513583</i>
                        <i>1 0 0 0 1 0 0 0 1 1.87026 1.55794 -0.512764</i>
                        <i>1 0 0 0 1 0 0 0 1 1.8688 1.56202 -0.511995</i>
                        <i>1 0 0 0 1 0 0 0 1 1.86738 1.56578 -0.511295</i>
                        <i>1 0 0 0 1 0 0 0 1 1.86601 1.56912 -0.510681</i>
                        <i>1 0 0 0 1 0 0 0 1 1.8647 1.57193 -0.510172</i>
                        <i>1 0 0 0 1 0 0 0 1 1.86332 1.57406 -0.509804</i>
                        <i>1 0 0 0 1 0 0 0 1 1.86179 1.57541 -0.509612</i>
                        <i>1 0 0 0 1 0 0 0 1 1.86017 1.57594 -0.509596</i>
                        <i>1 0 0 0 1 0 0 0 1 1.85849 1.57577 -0.509728</i>
                        <i>1 0 0 0 1 0 0 0 1 1.85682 1.575 -0.509979</i>
                        <i>1 0 0 0 1 0 0 0 1 1.85522 1.57375 -0.51032</i>
                        <i>1 0 0 0 1 0 0 0 1 1.85376 1.57212 -0.510722</i>
                        <i>1 0 0 0 1 0 0 0 1 1.85248 1.57021 -0.511155</i>
                        <i>1 0 0 0 1 0 0 0 1 1.85146 1.56814 -0.511593</i>
                        <i>1 0 0 0 1 0 0 0 1 1.85072 1.56601 -0.51201</i>
                        <i>1 0 0 0 1 0 0 0 1 1.85024 1.56389 -0.512396</i>
                        <i>1 0 0 0 1 0 0 0 1 1.84997 1.56188 -0.512743</i>
                        <i>1 0 0 0 1 0 0 0 1 1.84986 1.56005 -0.513044</i>
                        <i>1 0 0 0 1 0 0 0 1 1.84986 1.55849 -0.513292</i>
                        <i>1 0 0 0 1 0 0 0 1 1.84992 1.55727 -0.513478</i>
                        <i>1 0 0 0 1 0 0 0 1 1.84999 1.55648 -0.513595</i>
                        <i>1 0 0 0 1 0 0 0 1 1.85003 1.5562 -0.513636</i>
                    </KeyFrames>
                </p>
            </i>
            <i>
                <p>
                    <Name><![CDATA[spine0]]></Name>
                    <Exclude>0</Exclude>
                    <Additive>0</Additive>
                    <IKPriority>0</IKPriority>
                    <IKRotLimits>-1e+010 -1e+010 -1e+010 1e+010 1e+010 1e+010</IKRotLimits>
                    <IKRotLimitOrder>0</IKRotLimitOrder>
                    <KeyFrames count="149">
                        <i>0.0231668 0.960175 0.278438 -0.988388 -0.0198385 0.150648 0.150172 -0.278695 0.948566 1.86249 1.69846 -0.538374</i>
                        <i>0.0220945 0.959966 0.279245 -0.988309 -0.0211744 0.150989 0.150857 -0.279316 0.948275 1.86237 1.69767 -0.538534</i>
                        <i>0.0198353 0.95995 0.279469 -0.98818 -0.0236747 0.151456 0.152007 -0.27917 0.948134 1.86214 1.69749 -0.538674</i>
                        <i>0.0179203 0.959913 0.279725 -0.987875 -0.0261527 0.153033 0.154214 -0.279076 0.947805 1.86195 1.69712 -0.538899</i>
                        <i>0.0177663 0.959662 0.280596 -0.987278 -0.0275131 0.156608 0.158011 -0.279808 0.946964 1.86192 1.6959 -0.539299</i>
                        <i>0.0193803 0.959223 0.281984 -0.986413 -0.0276757 0.161939 0.16314 -0.281291 0.945654 1.86205 1.69403 -0.539826</i>
                        <i>0.0227533 0.958615 0.283795 -0.985296 -0.0265795 0.168778 0.169336 -0.283462 0.943914 1.86235 1.6917 -0.540434</i>
                        <i>0.0274158 0.957924 0.28571 -0.983939 -0.0245741 0.176807 0.176389 -0.285968 0.941865 1.86281 1.68914 -0.541076</i>
                        <i>0.0329292 0.957233 0.287437 -0.982356 -0.021976 0.185725 0.184099 -0.288481 0.93962 1.86345 1.68655 -0.541706</i>
                        <i>0.0391538 0.95653 0.288992 -0.980565 -0.0188626 0.195284 0.192246 -0.291022 0.937202 1.86425 1.68413 -0.542279</i>
                        <i>0.0459526 0.955805 0.290387 -0.97859 -0.0153092 0.205248 0.200623 -0.293601 0.934638 1.86523 1.68211 -0.542749</i>
                        <i>0.0531896 0.955052 0.291626 -0.976459 -0.0113911 0.215401 0.209041 -0.296218 0.931964 1.86637 1.68069 -0.543074</i>
                        <i>0.0607288 0.95427 0.292713 -0.974207 -0.00718464 0.22554 0.217329 -0.29886 0.92922 1.86768 1.68009 -0.54321</i>
                        <i>0.0684325 0.953462 0.293644 -0.971875 -0.00276913 0.235483 0.225337 -0.3015 0.926456 1.86929 1.6806 -0.543121</i>
                        <i>0.0761607 0.95264 0.29441 -0.969505 0.00177289 0.245064 0.232935 -0.304097 0.923724 1.87123 1.68213 -0.542831</i>
                        <i>0.0837698 0.951818 0.295001 -0.967149 0.00635484 0.254133 0.240013 -0.306598 0.921082 1.87342 1.6844 -0.542388</i>
                        <i>0.091113 0.951019 0.2954 -0.964856 0.0108859 0.262553 0.246478 -0.30894 0.918588 1.87574 1.68713 -0.54184</i>
                        <i>0.0980393 0.950271 0.29559 -0.962683 0.0152713 0.270201 0.25225 -0.31105 0.916306 1.87808 1.69002 -0.541235</i>
                        <i>0.104394 0.949605 0.295554 -0.960686 0.0194124 0.276959 0.257264 -0.312847 0.914299 1.88033 1.6928 -0.540621</i>
                        <i>0.110021 0.949058 0.29527 -0.958925 0.023208 0.28271 0.261455 -0.314246 0.912628 1.8824 1.69518 -0.540047</i>
                        <i>0.114523 0.948687 0.294749 -0.957477 0.0263213 0.287305 0.264804 -0.315119 0.911361 1.88415 1.69687 -0.539539</i>
                        <i>0.117376 0.948575 0.293987 -0.956438 0.0282969 0.290562 0.267301 -0.315285 0.910574 1.88545 1.69759 -0.539142</i>
                        <i>0.119323 0.948541 0.293312 -0.955644 0.0296039 0.293032 0.26927 -0.315267 0.91 1.88646 1.69773 -0.538809</i>
                        <i>0.121316 0.948348 0.29312 -0.954881 0.0308544 0.295381 0.271079 -0.315729 0.909302 1.88742 1.6979 -0.538458</i>
                        <i>0.123492 0.947989 0.293371 -0.954137 0.0321848 0.297635 0.272712 -0.316672 0.908486 1.88832 1.69807 -0.5381</i>
                        <i>0.126012 0.947459 0.294012 -0.953396 0.0337606 0.299826 0.274147 -0.318092 0.907558 1.88917 1.69825 -0.537746</i>
                        <i>0.128711 0.946846 0.294817 -0.952666 0.0354874 0.301941 0.27543 -0.319725 0.906595 1.88997 1.69842 -0.537406</i>
                        <i>0.131419 0.946253 0.295523 -0.951953 0.0372784 0.303967 0.276613 -0.321271 0.905688 1.89071 1.69857 -0.537092</i>
                        <i>0.13412 0.945688 0.29612 -0.951258 0.0391233 0.305904 0.277704 -0.322714 0.90484 1.89139 1.69869 -0.536814</i>
                        <i>0.136799 0.945156 0.296593 -0.950582 0.0410108 0.307752 0.27871 -0.324036 0.904058 1.89202 1.69877 -0.536583</i>
                        <i>0.13944 0.944663 0.29693 -0.949925 0.0429289 0.309515 0.279641 -0.32522 0.903345 1.89258 1.6988 -0.53641</i>
                        <i>0.142027 0.944218 0.29712 -0.949286 0.0448646 0.311196 0.280507 -0.32625 0.902705 1.89308 1.69878 -0.536305</i>
                        <i>0.144544 0.943827 0.297149 -0.948665 0.0468048 0.312799 0.28132 -0.327108 0.902141 1.89351 1.69869 -0.536278</i>
                        <i>0.146973 0.943497 0.297005 -0.948062 0.0487359 0.314329 0.282093 -0.327777 0.901657 1.89387 1.69853 -0.53634</i>
                        <i>0.149298 0.943236 0.296676 -0.947477 0.0506447 0.315788 0.282837 -0.328241 0.901255 1.89417 1.69828 -0.536501</i>
                        <i>0.151504 0.943049 0.296151 -0.946911 0.052519 0.317178 0.283561 -0.328483 0.90094 1.89439 1.69795 -0.53677</i>
                        <i>0.153575 0.942943 0.295421 -0.946365 0.0543482 0.318496 0.284268 -0.328489 0.900715 1.89454 1.69752 -0.537159</i>
                        <i>0.155496 0.942924 0.294476 -0.945844 0.0561243 0.319734 0.284958 -0.328245 0.900585 1.89461 1.69698 -0.537677</i>
                        <i>0.157481 0.942992 0.2932 -0.945323 0.0580868 0.320922 0.285596 -0.327708 0.900579 1.89458 1.6963 -0.538353</i>
                        <i>0.159731 0.943139 0.291505 -0.94478 0.0604604 0.32208 0.286141 -0.326854 0.900716 1.89446 1.6955 -0.539196</i>
                        <i>0.162226 0.94335 0.289437 -0.944225 0.0632203 0.323176 0.28657 -0.325721 0.90099 1.89424 1.69457 -0.540187</i>
                        <i>0.164948 0.943608 0.287047 -0.943666 0.0663424 0.32418 0.286856 -0.324349 0.901394 1.89395 1.69352 -0.541307</i>
                        <i>0.167879 0.943898 0.284383 -0.943113 0.0698029 0.325062 0.286974 -0.322776 0.901921 1.89358 1.69238 -0.542538</i>
                        <i>0.171 0.944204 0.281493 -0.942574 0.0735772 0.325793 0.286903 -0.321039 0.902563 1.89316 1.69114 -0.543861</i>
                        <i>0.174296 0.94451 0.278427 -0.942055 0.0776395 0.32635 0.286624 -0.319175 0.903313 1.89268 1.68982 -0.545258</i>
                        <i>0.177746 0.944804 0.275232 -0.941563 0.0819617 0.326713 0.286121 -0.31722 0.90416 1.89217 1.68844 -0.546708</i>
                        <i>0.181334 0.945071 0.271952 -0.941101 0.0865127 0.32687 0.285389 -0.315207 0.905095 1.89163 1.687 -0.548195</i>
                        <i>0.185038 0.945303 0.268632 -0.940672 0.091258 0.326815 0.284425 -0.313168 0.906106 1.89108 1.68552 -0.549699</i>
                        <i>0.188833 0.94549 0.265314 -0.940276 0.0961589 0.32655 0.283237 -0.311132 0.907179 1.89052 1.68402 -0.551203</i>
                        <i>0.192695 0.945625 0.262035 -0.939912 0.101172 0.326083 0.281842 -0.309125 0.908299 1.88996 1.68251 -0.552687</i>
                        <i>0.196593 0.945704 0.258834 -0.939576 0.106249 0.325435 0.280264 -0.307172 0.909449 1.88941 1.68101 -0.554134</i>
                        <i>0.200493 0.945726 0.255743 -0.939265 0.111336 0.324632 0.278539 -0.305297 0.91061 1.88889 1.67954 -0.555527</i>
                        <i>0.204359 0.945692 0.252793 -0.938972 0.116376 0.323709 0.27671 -0.303519 0.911761 1.8884 1.67812 -0.556846</i>
                        <i>0.208149 0.945604 0.250015 -0.938692 0.121304 0.322712 0.27483 -0.301859 0.91288 1.88795 1.67677 -0.558075</i>
                        <i>0.211821 0.945467 0.247434 -0.938416 0.126052 0.321693 0.27296 -0.300337 0.913942 1.88755 1.67551 -0.559197</i>
                        <i>0.215327 0.94529 0.245075 -0.938138 0.130551 0.320708 0.271167 -0.298972 0.914923 1.8872 1.67437 -0.560193</i>
                        <i>0.218619 0.945079 0.242965 -0.93785 0.134726 0.319822 0.269523 -0.297784 0.915796 1.88692 1.67336 -0.561047</i>
                        <i>0.221648 0.944844 0.241125 -0.937546 0.138502 0.319099 0.268102 -0.296794 0.916534 1.88672 1.67251 -0.561742</i>
                        <i>0.224365 0.944596 0.239582 -0.937221 0.141804 0.318604 0.266978 -0.296025 0.917111 1.88659 1.67184 -0.56226</i>
                        <i>0.226721 0.944342 0.238361 -0.936869 0.14456 0.318401 0.266222 -0.295501 0.917499 1.88656 1.67137 -0.562585</i>
                        <i>0.228672 0.944091 0.237489 -0.936487 0.146699 0.318545 0.265896 -0.295247 0.917675 1.88662 1.67112 -0.562699</i>
                        <i>0.230384 0.943845 0.236811 -0.936094 0.148486 0.318874 0.265804 -0.29514 0.917736 1.88674 1.67095 -0.56272</i>
                        <i>0.232051 0.943602 0.236152 -0.935707 0.150227 0.319192 0.265714 -0.295038 0.917796 1.88686 1.67068 -0.562776</i>
                        <i>0.233674 0.943361 0.235515 -0.935329 0.15192 0.3195 0.265624 -0.294942 0.917852 1.88699 1.67034 -0.562864</i>
                        <i>0.235252 0.943122 0.2349 -0.934959 0.153566 0.319797 0.265535 -0.294854 0.917906 1.88712 1.66993 -0.56298</i>
                        <i>0.236786 0.942885 0.234308 -0.934597 0.155163 0.320083 0.265446 -0.294775 0.917958 1.88725 1.66946 -0.563121</i>
                        <i>0.238273 0.942651 0.233743 -0.934244 0.156711 0.320359 0.265356 -0.294706 0.918006 1.88739 1.66894 -0.563282</i>
                        <i>0.239716 0.942418 0.233204 -0.9339 0.15821 0.320624 0.265266 -0.294648 0.91805 1.88752 1.66838 -0.563462</i>
                        <i>0.241113 0.942188 0.232694 -0.933567 0.159659 0.320877 0.265175 -0.294603 0.918091 1.88765 1.66778 -0.563656</i>
                        <i>0.242463 0.94196 0.232213 -0.933243 0.161057 0.32112 0.265083 -0.294571 0.918128 1.88778 1.66717 -0.563861</i>
                        <i>0.243768 0.941734 0.231764 -0.93293 0.162403 0.321352 0.264989 -0.294555 0.91816 1.88791 1.66654 -0.564073</i>
                        <i>0.245026 0.941512 0.23134 -0.932627 0.1637 0.321572 0.264894 -0.294548 0.91819 1.88803 1.6659 -0.564289</i>
                        <i>0.246237 0.941295 0.230935 -0.932335 0.164948 0.321781 0.264799 -0.294543 0.918219 1.88815 1.66527 -0.564505</i>
                        <i>0.247401 0.941085 0.230547 -0.932054 0.166148 0.321978 0.264704 -0.29454 0.918247 1.88827 1.66466 -0.564718</i>
                        <i>0.248516 0.940882 0.230176 -0.931784 0.167299 0.322164 0.26461 -0.294537 0.918275 1.88838 1.66406 -0.564925</i>
                        <i>0.249582 0.940686 0.229821 -0.931525 0.1684 0.322338 0.264517 -0.294534 0.918303 1.88848 1.6635 -0.565122</i>
                        <i>0.250599 0.940499 0.229482 -0.931279 0.169453 0.3225 0.264424 -0.29453 0.918331 1.88858 1.66298 -0.565305</i>
                        <i>0.251567 0.94032 0.229157 -0.931044 0.170455 0.322649 0.264333 -0.294523 0.91836 1.88866 1.66251 -0.565472</i>
                        <i>0.252485 0.940149 0.228846 -0.930821 0.171408 0.322787 0.264242 -0.294513 0.918389 1.88874 1.6621 -0.565617</i>
                        <i>0.253351 0.939989 0.228548 -0.930611 0.172311 0.322912 0.264152 -0.2945 0.918419 1.88881 1.66176 -0.565739</i>
                        <i>0.254167 0.939838 0.228263 -0.930413 0.173164 0.323025 0.264064 -0.294481 0.91845 1.88887 1.6615 -0.565834</i>
                        <i>0.254931 0.939697 0.227989 -0.930229 0.173966 0.323125 0.263978 -0.294456 0.918483 1.88891 1.66132 -0.565898</i>
                        <i>0.255643 0.939568 0.227726 -0.930058 0.174717 0.323213 0.263893 -0.294425 0.918518 1.88894 1.66124 -0.565927</i>
                        <i>0.256302 0.93945 0.227473 -0.9299 0.175417 0.323287 0.263809 -0.294386 0.918554 1.88896 1.66126 -0.56592</i>
                        <i>0.256907 0.939343 0.227229 -0.929756 0.176066 0.323349 0.263728 -0.294338 0.918593 1.88897 1.66138 -0.565879</i>
                        <i>0.257459 0.939249 0.226994 -0.929626 0.176664 0.323398 0.263649 -0.294281 0.918634 1.88897 1.66159 -0.565808</i>
                        <i>0.257956 0.939167 0.226766 -0.92951 0.177209 0.323433 0.263573 -0.294213 0.918677 1.88895 1.66188 -0.565709</i>
                        <i>0.258399 0.939099 0.226546 -0.929408 0.177703 0.323455 0.263498 -0.294134 0.918724 1.88893 1.66223 -0.565588</i>
                        <i>0.258786 0.939044 0.226332 -0.92932 0.178144 0.323464 0.263427 -0.294043 0.918774 1.88889 1.66265 -0.565447</i>
                        <i>0.259117 0.939003 0.226123 -0.929247 0.178532 0.323459 0.263358 -0.293938 0.918827 1.88885 1.66311 -0.56529</i>
                        <i>0.259391 0.938976 0.225919 -0.929189 0.178868 0.32344 0.263293 -0.293819 0.918884 1.8888 1.66362 -0.565121</i>
                        <i>0.259609 0.938965 0.225719 -0.929146 0.17915 0.323408 0.263231 -0.293685 0.918944 1.88874 1.66416 -0.564944</i>
                        <i>0.259768 0.938968 0.225522 -0.929118 0.179378 0.323361 0.263172 -0.293535 0.919009 1.88867 1.66472 -0.564761</i>
                        <i>0.259869 0.938987 0.225327 -0.929106 0.179553 0.3233 0.263117 -0.293368 0.919078 1.8886 1.66529 -0.564578</i>
                        <i>0.259912 0.939021 0.225134 -0.929109 0.179673 0.323226 0.263065 -0.293184 0.919152 1.88852 1.66587 -0.564397</i>
                        <i>0.259895 0.939072 0.224941 -0.929127 0.179739 0.323137 0.263018 -0.29298 0.91923 1.88843 1.66644 -0.564223</i>
                        <i>0.259818 0.939139 0.224748 -0.92916 0.179751 0.323033 0.262975 -0.292757 0.919314 1.88834 1.667 -0.564058</i>
                        <i>0.25968 0.939224 0.224555 -0.92921 0.179707 0.322915 0.262936 -0.292513 0.919402 1.88824 1.66753 -0.563906</i>
                        <i>0.259481 0.939325 0.224359 -0.929275 0.179608 0.322783 0.262901 -0.292248 0.919497 1.88814 1.66803 -0.563772</i>
                        <i>0.259221 0.939445 0.224162 -0.929356 0.179453 0.322635 0.262871 -0.29196 0.919597 1.88804 1.66848 -0.563659</i>
                        <i>0.258898 0.939582 0.22396 -0.929453 0.179242 0.322473 0.262847 -0.291648 0.919703 1.88794 1.66888 -0.56357</i>
                        <i>0.258512 0.939737 0.223755 -0.929566 0.178975 0.322296 0.262827 -0.291312 0.919815 1.88783 1.66922 -0.563509</i>
                        <i>0.258063 0.93991 0.223544 -0.929695 0.178651 0.322103 0.262812 -0.290951 0.919933 1.88772 1.66949 -0.56348</i>
                        <i>0.25755 0.940102 0.223328 -0.92984 0.17827 0.321896 0.262803 -0.290564 0.920058 1.88761 1.66968 -0.563486</i>
                        <i>0.256972 0.940314 0.223105 -0.930001 0.177832 0.321673 0.262799 -0.290149 0.92019 1.8875 1.66978 -0.563531</i>
                        <i>0.255763 0.940681 0.222946 -0.93036 0.176834 0.321185 0.262708 -0.289567 0.9204 1.88726 1.6696 -0.563622</i>
                        <i>0.253404 0.941325 0.222919 -0.931081 0.174819 0.320198 0.26244 -0.288695 0.92075 1.88679 1.66901 -0.563749</i>
                        <i>0.249971 0.942221 0.223013 -0.932134 0.171853 0.318737 0.261995 -0.287553 0.921234 1.88612 1.66811 -0.563899</i>
                        <i>0.245537 0.943337 0.22322 -0.933487 0.168004 0.316821 0.261367 -0.286165 0.921844 1.88527 1.66698 -0.564053</i>
                        <i>0.240179 0.944642 0.223531 -0.93511 0.163343 0.314464 0.260544 -0.284554 0.922576 1.88428 1.6657 -0.564198</i>
                        <i>0.233971 0.946103 0.223935 -0.936969 0.157941 0.311678 0.259511 -0.282744 0.923423 1.88317 1.66437 -0.564317</i>
                        <i>0.226991 0.947686 0.224423 -0.939032 0.151868 0.308473 0.258252 -0.280761 0.92438 1.88198 1.66308 -0.564393</i>
                        <i>0.219315 0.949358 0.224987 -0.941265 0.145198 0.304857 0.256751 -0.278632 0.925442 1.88073 1.6619 -0.56441</i>
                        <i>0.21102 0.951087 0.225619 -0.943637 0.138001 0.30084 0.25499 -0.276385 0.926602 1.87945 1.66092 -0.564352</i>
                        <i>0.202182 0.952841 0.22631 -0.946117 0.130349 0.296433 0.252954 -0.274049 0.927853 1.87816 1.66024 -0.564202</i>
                        <i>0.192878 0.954591 0.227055 -0.948674 0.122312 0.291646 0.250631 -0.271653 0.929187 1.87691 1.65994 -0.563945</i>
                        <i>0.183183 0.95631 0.227848 -0.95128 0.11396 0.286495 0.248012 -0.269229 0.930594 1.87572 1.66011 -0.563564</i>
                        <i>0.173174 0.957974 0.228686 -0.953908 0.10536 0.280995 0.245092 -0.266806 0.932065 1.87462 1.66082 -0.563042</i>
                        <i>0.162925 0.95956 0.229564 -0.956532 0.0965796 0.275169 0.24187 -0.264417 0.933586 1.87363 1.66218 -0.562364</i>
                        <i>0.15251 0.961051 0.230479 -0.959129 0.0876837 0.26904 0.238352 -0.262091 0.935145 1.87271 1.66427 -0.561521</i>
                        <i>0.142003 0.962432 0.231431 -0.961677 0.0787364 0.262638 0.234549 -0.259857 0.936729 1.87181 1.66706 -0.560534</i>
                        <i>0.131476 0.963689 0.232418 -0.964155 0.0698002 0.255995 0.230477 -0.257744 0.938322 1.87091 1.67043 -0.559422</i>
                        <i>0.121001 0.964813 0.233439 -0.966546 0.0609362 0.24915 0.226159 -0.255777 0.93991 1.87004 1.67426 -0.558206</i>
                        <i>0.110649 0.9658 0.234493 -0.968834 0.0522041 0.242146 0.221623 -0.253978 0.941477 1.86918 1.67844 -0.55691</i>
                        <i>0.100488 0.966645 0.235582 -0.971007 0.0436628 0.235029 0.216904 -0.252369 0.943007 1.86834 1.68287 -0.555553</i>
                        <i>0.09059 0.967349 0.236704 -0.973053 0.0353698 0.227854 0.212042 -0.250967 0.944486 1.86753 1.68742 -0.554157</i>
                        <i>0.0810221 0.967914 0.23786 -0.974963 0.0273819 0.220677 0.207083 -0.249784 0.945899 1.86675 1.69199 -0.552746</i>
                        <i>0.0718531 0.968345 0.239049 -0.97673 0.019755 0.21356 0.202078 -0.248831 0.947231 1.86599 1.69647 -0.551342</i>
                        <i>0.0631515 0.968649 0.240271 -0.978351 0.0125445 0.206571 0.197081 -0.248115 0.948471 1.86528 1.70073 -0.549966</i>
                        <i>0.0549857 0.968835 0.241526 -0.979824 0.00580525 0.199779 0.192151 -0.247638 0.949607 1.86461 1.70468 -0.548643</i>
                        <i>0.0474241 0.968913 0.242813 -0.981148 -0.000408534 0.19326 0.187351 -0.2474 0.950628 1.86398 1.7082 -0.547394</i>
                        <i>0.0405357 0.968895 0.244129 -0.982324 -0.00604289 0.187091 0.182746 -0.247397 0.951524 1.8634 1.71119 -0.546244</i>
                        <i>0.034771 0.968666 0.245919 -0.983376 -0.0107195 0.181265 0.178222 -0.248134 0.95219 1.86296 1.71354 -0.545072</i>
                        <i>0.0304463 0.968144 0.248534 -0.984339 -0.0141528 0.175716 0.173636 -0.249992 0.952552 1.86274 1.71515 -0.543795</i>
                        <i>0.0275137 0.967371 0.251865 -0.985215 -0.0163798 0.170537 0.169098 -0.252833 0.952618 1.86269 1.71597 -0.542478</i>
