<?xml version="1.0" encoding="ISO-8859-1" ?>
<Animl Version="1">
    <ModellingPackage>
        <![CDATA[Maya.2010]]>
</ModellingPackage>
    <SrcFile>
        <![CDATA[anims\turrets\machinegun\blue\~src\mgun_m60\mgun_m60_reload_high_crewman_c.mb]]>
</SrcFile>
    <FramesPerSecond>30</FramesPerSecond>
    <TotalFrames>130</TotalFrames>
    <Skeleton>
        <RefFrame>
            <Name>
                <![CDATA[soldier_ref_frame]]>
</Name>
            <Exclude>0</Exclude>
            <Additive>0</Additive>
            <IKPriority>0</IKPriority>
            <IKRotLimits>-1e+010 -1e+010 -1e+010 1e+010 1e+010 1e+010</IKRotLimits>
            <IKRotLimitOrder>0</IKRotLimitOrder>
            <KeyFrames count="130">
                <i>1 0 0 0 1 0 0 0 1 -1.51 0.91 -0.74</i>
                <i>1 0 0 0 1 0 0 0 1 -1.51 0.91 -0.74</i>
                <i>1 0 0 0 1 0 0 0 1 -1.51 0.91 -0.74</i>
                <i>1 0 0 0 1 0 0 0 1 -1.51 0.91 -0.74</i>
                <i>1 0 0 0 1 0 0 0 1 -1.51 0.91 -0.74</i>
                <i>1 0 0 0 1 0 0 0 1 -1.51 0.91 -0.74</i>
                <i>1 0 0 0 1 0 0 0 1 -1.51 0.91 -0.74</i>
                <i>1 0 0 0 1 0 0 0 1 -1.51 0.91 -0.74</i>
                <i>1 0 0 0 1 0 0 0 1 -1.51 0.91 -0.74</i>
                <i>1 0 0 0 1 0 0 0 1 -1.51 0.91 -0.74</i>
                <i>1 0 0 0 1 0 0 0 1 -1.51 0.91 -0.74</i>
                <i>1 0 0 0 1 0 0 0 1 -1.51 0.91 -0.74</i>
                <i>1 0 0 0 1 0 0 0 1 -1.51 0.91 -0.74</i>
                <i>1 0 0 0 1 0 0 0 1 -1.51 0.91 -0.74</i>
                <i>1 0 0 0 1 0 0 0 1 -1.51 0.91 -0.74</i>
                <i>1 0 0 0 1 0 0 0 1 -1.51 0.91 -0.74</i>
                <i>1 0 0 0 1 0 0 0 1 -1.51 0.91 -0.74</i>
                <i>1 0 0 0 1 0 0 0 1 -1.51 0.91 -0.74</i>
                <i>1 0 0 0 1 0 0 0 1 -1.51 0.91 -0.74</i>
                <i>1 0 0 0 1 0 0 0 1 -1.51 0.91 -0.74</i>
                <i>1 0 0 0 1 0 0 0 1 -1.51 0.91 -0.74</i>
                <i>1 0 0 0 1 0 0 0 1 -1.51 0.91 -0.74</i>
                <i>1 0 0 0 1 0 0 0 1 -1.51 0.91 -0.74</i>
                <i>1 0 0 0 1 0 0 0 1 -1.51 0.91 -0.74</i>
                <i>1 0 0 0 1 0 0 0 1 -1.51 0.91 -0.74</i>
                <i>1 0 0 0 1 0 0 0 1 -1.51 0.91 -0.74</i>
                <i>1 0 0 0 1 0 0 0 1 -1.51 0.91 -0.74</i>
                <i>1 0 0 0 1 0 0 0 1 -1.51 0.91 -0.74</i>
                <i>1 0 0 0 1 0 0 0 1 -1.51 0.91 -0.74</i>
                <i>1 0 0 0 1 0 0 0 1 -1.51 0.91 -0.74</i>
                <i>1 0 0 0 1 0 0 0 1 -1.51 0.91 -0.74</i>
                <i>1 0 0 0 1 0 0 0 1 -1.51 0.91 -0.74</i>
                <i>1 0 0 0 1 0 0 0 1 -1.51 0.91 -0.74</i>
                <i>1 0 0 0 1 0 0 0 1 -1.51 0.91 -0.74</i>
                <i>1 0 0 0 1 0 0 0 1 -1.51 0.91 -0.74</i>
                <i>1 0 0 0 1 0 0 0 1 -1.51 0.91 -0.74</i>
                <i>1 0 0 0 1 0 0 0 1 -1.51 0.91 -0.74</i>
                <i>1 0 0 0 1 0 0 0 1 -1.51 0.91 -0.74</i>
                <i>1 0 0 0 1 0 0 0 1 -1.51 0.91 -0.74</i>
                <i>1 0 0 0 1 0 0 0 1 -1.51 0.91 -0.74</i>
                <i>1 0 0 0 1 0 0 0 1 -1.51 0.91 -0.74</i>
                <i>1 0 0 0 1 0 0 0 1 -1.51 0.91 -0.74</i>
                <i>1 0 0 0 1 0 0 0 1 -1.51 0.91 -0.74</i>
                <i>1 0 0 0 1 0 0 0 1 -1.51 0.91 -0.74</i>
                <i>1 0 0 0 1 0 0 0 1 -1.51 0.91 -0.74</i>
                <i>1 0 0 0 1 0 0 0 1 -1.51 0.91 -0.74</i>
                <i>1 0 0 0 1 0 0 0 1 -1.51 0.91 -0.74</i>
                <i>1 0 0 0 1 0 0 0 1 -1.51 0.91 -0.74</i>
                <i>1 0 0 0 1 0 0 0 1 -1.51 0.91 -0.74</i>
                <i>1 0 0 0 1 0 0 0 1 -1.51 0.91 -0.74</i>
                <i>1 0 0 0 1 0 0 0 1 -1.51 0.91 -0.74</i>
                <i>1 0 0 0 1 0 0 0 1 -1.51 0.91 -0.74</i>
                <i>1 0 0 0 1 0 0 0 1 -1.51 0.91 -0.74</i>
                <i>1 0 0 0 1 0 0 0 1 -1.51 0.91 -0.74</i>
                <i>1 0 0 0 1 0 0 0 1 -1.51 0.91 -0.74</i>
                <i>1 0 0 0 1 0 0 0 1 -1.51 0.91 -0.74</i>
                <i>1 0 0 0 1 0 0 0 1 -1.51 0.91 -0.74</i>
                <i>1 0 0 0 1 0 0 0 1 -1.51 0.91 -0.74</i>
                <i>1 0 0 0 1 0 0 0 1 -1.51 0.91 -0.74</i>
                <i>1 0 0 0 1 0 0 0 1 -1.51 0.91 -0.74</i>
                <i>1 0 0 0 1 0 0 0 1 -1.51 0.91 -0.74</i>
                <i>1 0 0 0 1 0 0 0 1 -1.51 0.91 -0.74</i>
                <i>1 0 0 0 1 0 0 0 1 -1.51 0.91 -0.74</i>
                <i>1 0 0 0 1 0 0 0 1 -1.51 0.91 -0.74</i>
                <i>1 0 0 0 1 0 0 0 1 -1.51 0.91 -0.74</i>
                <i>1 0 0 0 1 0 0 0 1 -1.51 0.91 -0.74</i>
                <i>1 0 0 0 1 0 0 0 1 -1.51 0.91 -0.74</i>
                <i>1 0 0 0 1 0 0 0 1 -1.51 0.91 -0.74</i>
                <i>1 0 0 0 1 0 0 0 1 -1.51 0.91 -0.74</i>
                <i>1 0 0 0 1 0 0 0 1 -1.51 0.91 -0.74</i>
                <i>1 0 0 0 1 0 0 0 1 -1.51 0.91 -0.74</i>
                <i>1 0 0 0 1 0 0 0 1 -1.51 0.91 -0.74</i>
                <i>1 0 0 0 1 0 0 0 1 -1.51 0.91 -0.74</i>
                <i>1 0 0 0 1 0 0 0 1 -1.51 0.91 -0.74</i>
                <i>1 0 0 0 1 0 0 0 1 -1.51 0.91 -0.74</i>
                <i>1 0 0 0 1 0 0 0 1 -1.51 0.91 -0.74</i>
                <i>1 0 0 0 1 0 0 0 1 -1.51 0.91 -0.74</i>
                <i>1 0 0 0 1 0 0 0 1 -1.51 0.91 -0.74</i>
                <i>1 0 0 0 1 0 0 0 1 -1.51 0.91 -0.74</i>
                <i>1 0 0 0 1 0 0 0 1 -1.51 0.91 -0.74</i>
                <i>1 0 0 0 1 0 0 0 1 -1.51 0.91 -0.74</i>
                <i>1 0 0 0 1 0 0 0 1 -1.51 0.91 -0.74</i>
                <i>1 0 0 0 1 0 0 0 1 -1.51 0.91 -0.74</i>
                <i>1 0 0 0 1 0 0 0 1 -1.51 0.91 -0.74</i>
                <i>1 0 0 0 1 0 0 0 1 -1.51 0.91 -0.74</i>
                <i>1 0 0 0 1 0 0 0 1 -1.51 0.91 -0.74</i>
                <i>1 0 0 0 1 0 0 0 1 -1.51 0.91 -0.74</i>
                <i>1 0 0 0 1 0 0 0 1 -1.51 0.91 -0.74</i>
                <i>1 0 0 0 1 0 0 0 1 -1.51 0.91 -0.74</i>
                <i>1 0 0 0 1 0 0 0 1 -1.51 0.91 -0.74</i>
                <i>1 0 0 0 1 0 0 0 1 -1.51 0.91 -0.74</i>
                <i>1 0 0 0 1 0 0 0 1 -1.51 0.91 -0.74</i>
                <i>1 0 0 0 1 0 0 0 1 -1.51 0.91 -0.74</i>
                <i>1 0 0 0 1 0 0 0 1 -1.51 0.91 -0.74</i>
                <i>1 0 0 0 1 0 0 0 1 -1.51 0.91 -0.74</i>
                <i>1 0 0 0 1 0 0 0 1 -1.51 0.91 -0.74</i>
                <i>1 0 0 0 1 0 0 0 1 -1.51 0.91 -0.74</i>
                <i>1 0 0 0 1 0 0 0 1 -1.51 0.91 -0.74</i>
                <i>1 0 0 0 1 0 0 0 1 -1.51 0.91 -0.74</i>
                <i>1 0 0 0 1 0 0 0 1 -1.51 0.91 -0.74</i>
                <i>1 0 0 0 1 0 0 0 1 -1.51 0.91 -0.74</i>
                <i>1 0 0 0 1 0 0 0 1 -1.51 0.91 -0.74</i>
                <i>1 0 0 0 1 0 0 0 1 -1.51 0.91 -0.74</i>
                <i>1 0 0 0 1 0 0 0 1 -1.51 0.91 -0.74</i>
                <i>1 0 0 0 1 0 0 0 1 -1.51 0.91 -0.74</i>
                <i>1 0 0 0 1 0 0 0 1 -1.51 0.91 -0.74</i>
                <i>1 0 0 0 1 0 0 0 1 -1.51 0.91 -0.74</i>
                <i>1 0 0 0 1 0 0 0 1 -1.51 0.91 -0.74</i>
                <i>1 0 0 0 1 0 0 0 1 -1.51 0.91 -0.74</i>
                <i>1 0 0 0 1 0 0 0 1 -1.51 0.91 -0.74</i>
                <i>1 0 0 0 1 0 0 0 1 -1.51 0.91 -0.74</i>
                <i>1 0 0 0 1 0 0 0 1 -1.51 0.91 -0.74</i>
                <i>1 0 0 0 1 0 0 0 1 -1.51 0.91 -0.74</i>
                <i>1 0 0 0 1 0 0 0 1 -1.51 0.91 -0.74</i>
                <i>1 0 0 0 1 0 0 0 1 -1.51 0.91 -0.74</i>
                <i>1 0 0 0 1 0 0 0 1 -1.51 0.91 -0.74</i>
                <i>1 0 0 0 1 0 0 0 1 -1.51 0.91 -0.74</i>
                <i>1 0 0 0 1 0 0 0 1 -1.51 0.91 -0.74</i>
                <i>1 0 0 0 1 0 0 0 1 -1.51 0.91 -0.74</i>
                <i>1 0 0 0 1 0 0 0 1 -1.51 0.91 -0.74</i>
                <i>1 0 0 0 1 0 0 0 1 -1.51 0.91 -0.74</i>
                <i>1 0 0 0 1 0 0 0 1 -1.51 0.91 -0.74</i>
                <i>1 0 0 0 1 0 0 0 1 -1.51 0.91 -0.74</i>
                <i>1 0 0 0 1 0 0 0 1 -1.51 0.91 -0.74</i>
                <i>1 0 0 0 1 0 0 0 1 -1.51 0.91 -0.74</i>
                <i>1 0 0 0 1 0 0 0 1 -1.51 0.91 -0.74</i>
                <i>1 0 0 0 1 0 0 0 1 -1.51 0.91 -0.74</i>
                <i>1 0 0 0 1 0 0 0 1 -1.51 0.91 -0.74</i>
                <i>1 0 0 0 1 0 0 0 1 -1.51 0.91 -0.74</i>
                <i>1 0 0 0 1 0 0 0 1 -1.51 0.91 -0.74</i>
            </KeyFrames>
        </RefFrame>
        <Bones count="23">
            <i>
                <p>
                    <Name>
                        <![CDATA[pelvis]]>
</Name>
                    <Exclude>0</Exclude>
                    <Additive>0</Additive>
                    <IKPriority>0</IKPriority>
                    <IKRotLimits>-1e+010 -1e+010 -1e+010 1e+010 1e+010 1e+010</IKRotLimits>
                    <IKRotLimitOrder>2</IKRotLimitOrder>
                    <KeyFrames count="130">
                        <i>1 0 0 0 1 0 0 0 1 -1.49595 1.775 -0.855943</i>
                        <i>1 0 0 0 1 0 0 0 1 -1.49595 1.77722 -0.855943</i>
                        <i>1 0 0 0 1 0 0 0 1 -1.49595 1.78249 -0.855943</i>
                        <i>1 0 0 0 1 0 0 0 1 -1.49595 1.78875 -0.855943</i>
                        <i>1 0 0 0 1 0 0 0 1 -1.49595 1.79392 -0.855943</i>
                        <i>1 0 0 0 1 0 0 0 1 -1.49595 1.79594 -0.855943</i>
                        <i>1 0 0 0 1 0 0 0 1 -1.4981 1.79262 -0.855943</i>
                        <i>1 0 0 0 1 0 0 0 1 -1.50347 1.78511 -0.855943</i>
                        <i>1 0 0 0 1 0 0 0 1 -1.51045 1.77637 -0.855943</i>
                        <i>1 0 0 0 1 0 0 0 1 -1.51743 1.76935 -0.855943</i>
                        <i>1 0 0 0 1 0 0 0 1 -1.52281 1.76701 -0.855943</i>
                        <i>1 0 0 0 1 0 0 0 1 -1.52495 1.77229 -0.855943</i>
                        <i>1 0 0 0 1 0 0 0 1 -1.52495 1.78521 -0.854282</i>
                        <i>1 0 0 0 1 0 0 0 1 -1.52495 1.80292 -0.849675</i>
                        <i>1 0 0 0 1 0 0 0 1 -1.52495 1.82408 -0.842688</i>
                        <i>1 0 0 0 1 0 0 0 1 -1.52495 1.84736 -0.833887</i>
                        <i>1 0 0 0 1 0 0 0 1 -1.52495 1.87145 -0.823837</i>
                        <i>1 0 0 0 1 0 0 0 1 -1.52495 1.895 -0.813103</i>
                        <i>1 0 0 0 1 0 0 0 1 -1.52495 1.91668 -0.802253</i>
                        <i>1 0 0 0 1 0 0 0 1 -1.52495 1.93517 -0.791851</i>
                        <i>1 0 0 0 1 0 0 0 1 -1.52495 1.94913 -0.782462</i>
                        <i>1 0 0 0 1 0 0 0 1 -1.52495 1.95724 -0.774652</i>
                        <i>1 0 0 0 1 0 0 0 1 -1.52495 1.94137 -0.768569</i>
                        <i>1 0 0 0 1 0 0 0 1 -1.52495 1.9003 -0.764065</i>
                        <i>1 0 0 0 1 0 0 0 1 -1.52495 1.85805 -0.761268</i>
                        <i>1 0 0 0 1 0 0 0 1 -1.52495 1.83861 -0.760308</i>
                        <i>1 0 0 0 1 0 0 0 1 -1.52141 1.84585 -0.760308</i>
                        <i>1 0 0 0 1 0 0 0 1 -1.51179 1.86451 -0.760308</i>
                        <i>1 0 0 0 1 0 0 0 1 -1.49757 1.88996 -0.760308</i>
                        <i>1 0 0 0 1 0 0 0 1 -1.48026 1.91757 -0.760308</i>
                        <i>1 0 0 0 1 0 0 0 1 -1.46133 1.94271 -0.760308</i>
                        <i>1 0 0 0 1 0 0 0 1 -1.4423 1.96076 -0.760308</i>
                        <i>1 0 0 0 1 0 0 0 1 -1.42464 1.96709 -0.760308</i>
                        <i>1 0 0 0 1 0 0 0 1 -1.40985 1.95706 -0.760308</i>
                        <i>1 0 0 0 1 0 0 0 1 -1.39698 1.93171 -0.761804</i>
                        <i>1 0 0 0 1 0 0 0 1 -1.38416 1.8964 -0.765864</i>
                        <i>1 0 0 0 1 0 0 0 1 -1.37146 1.85302 -0.771847</i>
                        <i>1 0 0 0 1 0 0 0 1 -1.35899 1.80349 -0.779112</i>
                        <i>1 0 0 0 1 0 0 0 1 -1.34681 1.7497 -0.787018</i>
                        <i>1 0 0 0 1 0 0 0 1 -1.33503 1.69354 -0.794925</i>
                        <i>1 0 0 0 1 0 0 0 1 -1.32372 1.63692 -0.80219</i>
                        <i>1 0 0 0 1 0 0 0 1 -1.31298 1.58173 -0.808173</i>
                        <i>1 0 0 0 1 0 0 0 1 -1.30289 1.52988 -0.812233</i>
                        <i>1 0 0 0 1 0 0 0 1 -1.29354 1.48327 -0.813729</i>
                        <i>1 0 0 0 1 0 0 0 1 -1.2869 1.44813 -0.825848</i>
                        <i>1 0 0 0 1 0 0 0 1 -1.28537 1.42272 -0.857564</i>
                        <i>1 0 0 0 1 0 0 0 1 -1.28872 1.39669 -0.90115</i>
                        <i>1 0 0 0 1 0 0 0 1 -1.29232 1.36229 -0.946873</i>
                        <i>1 0 0 0 1 0 0 0 1 -1.28767 1.31696 -0.983412</i>
                        <i>1 0 0 0 1 0 0 0 1 -1.26664 1.2632 -0.998499</i>
                        <i>1 0 0 0 1 0 0 0 1 -1.22531 1.20508 -0.981179</i>
                        <i>1 0 0 0 1 0 0 0 1 -1.18873 1.14074 -0.932194</i>
                        <i>1 0 0 0 1 0 0 0 1 -1.17912 1.09148 -0.87204</i>
                        <i>1 0 0 0 1 0 0 0 1 -1.17844 1.07397 -0.8307</i>
                        <i>1 0 0 0 1 0 0 0 1 -1.16495 1.07014 -0.815753</i>
                        <i>1 0 0 0 1 0 0 0 1 -1.1334 1.05792 -0.813729</i>
                        <i>1 0 0 0 1 0 0 0 1 -1.08371 1.04015 -0.800601</i>
                        <i>1 0 0 0 1 0 0 0 1 -1.02162 1.02774 -0.767507</i>
                        <i>1 0 0 0 1 0 0 0 1 -0.953091 1.01982 -0.723884</i>
                        <i>1 0 0 0 1 0 0 0 1 -0.884112 1.01553 -0.679168</i>
                        <i>1 0 0 0 1 0 0 0 1 -0.820657 1.01399 -0.642797</i>
                        <i>1 0 0 0 1 0 0 0 1 -0.768702 1.01434 -0.624206</i>
                        <i>1 0 0 0 1 0 0 0 1 -0.725715 1.01915 -0.61757</i>
                        <i>1 0 0 0 1 0 0 0 1 -0.686408 1.02964 -0.611086</i>
                        <i>1 0 0 0 1 0 0 0 1 -0.652624 1.04289 -0.605225</i>
                        <i>1 0 0 0 1 0 0 0 1 -0.626209 1.05597 -0.600457</i>
                        <i>1 0 0 0 1 0 0 0 1 -0.609008 1.06597 -0.597251</i>
                        <i>1 0 0 0 1 0 0 0 1 -0.602864 1.06995 -0.596078</i>
                        <i>1 0 0 0 1 0 0 0 1 -0.602767 1.07017 -0.595944</i>
                        <i>1 0 0 0 1 0 0 0 1 -0.602653 1.07073 -0.595605</i>
                        <i>1 0 0 0 1 0 0 0 1 -0.602785 1.07144 -0.595157</i>
                        <i>1 0 0 0 1 0 0 0 1 -0.603426 1.07216 -0.594695</i>
                        <i>1 0 0 0 1 0 0 0 1 -0.60484 1.07269 -0.594313</i>
                        <i>1 0 0 0 1 0 0 0 1 -0.607291 1.07288 -0.594108</i>
                        <i>1 0 0 0 1 0 0 0 1 -0.611042 1.07255 -0.594173</i>
                        <i>1 0 0 0 1 0 0 0 1 -0.616356 1.07153 -0.594604</i>
                        <i>1 0 0 0 1 0 0 0 1 -0.623497 1.06965 -0.595496</i>
                        <i>1 0 0 0 1 0 0 0 1 -0.632729 1.06675 -0.596944</i>
                        <i>1 0 0 0 1 0 0 0 1 -0.643541 1.06045 -0.597582</i>
                        <i>1 0 0 0 1 0 0 0 1 -0.65653 1.05007 -0.597247</i>
                        <i>1 0 0 0 1 0 0 0 1 -0.673618 1.03793 -0.597841</i>
                        <i>1 0 0 0 1 0 0 0 1 -0.696727 1.02638 -0.601265</i>
                        <i>1 0 0 0 1 0 0 0 1 -0.727781 1.01774 -0.609419</i>
                        <i>1 0 0 0 1 0 0 0 1 -0.768702 1.01434 -0.624206</i>
                        <i>1 0 0 0 1 0 0 0 1 -0.832248 1.01434 -0.651852</i>
                        <i>1 0 0 0 1 0 0 0 1 -0.919431 1.01434 -0.692082</i>
                        <i>1 0 0 0 1 0 0 0 1 -1.01456 1.01434 -0.737043</i>
                        <i>1 0 0 0 1 0 0 0 1 -1.10194 1.01434 -0.778881</i>
                        <i>1 0 0 0 1 0 0 0 1 -1.16587 1.01434 -0.809743</i>
                        <i>1 0 0 0 1 0 0 0 1 -1.19067 1.01434 -0.821776</i>
                        <i>1 0 0 0 1 0 0 0 1 -1.19067 1.01434 -0.821776</i>
                        <i>1 0 0 0 1 0 0 0 1 -1.19067 1.01434 -0.821776</i>
                        <i>1 0 0 0 1 0 0 0 1 -1.19067 1.01434 -0.821776</i>
                        <i>1 0 0 0 1 0 0 0 1 -1.19067 1.01434 -0.821776</i>
                        <i>1 0 0 0 1 0 0 0 1 -1.19067 1.01434 -0.821776</i>
                        <i>1 0 0 0 1 0 0 0 1 -1.19067 1.01434 -0.821776</i>
                        <i>1 0 0 0 1 0 0 0 1 -1.19943 1.03541 -0.821776</i>
                        <i>1 0 0 0 1 0 0 0 1 -1.22248 1.09105 -0.821776</i>
                        <i>1 0 0 0 1 0 0 0 1 -1.25502 1.16992 -0.821776</i>
                        <i>1 0 0 0 1 0 0 0 1 -1.29224 1.26066 -0.821776</i>
                        <i>1 0 0 0 1 0 0 0 1 -1.32933 1.35191 -0.821776</i>
                        <i>1 0 0 0 1 0 0 0 1 -1.36148 1.43233 -0.821776</i>
                        <i>1 0 0 0 1 0 0 0 1 -1.3929 1.507 -0.821776</i>
                        <i>1 0 0 0 1 0 0 0 1 -1.42827 1.58604 -0.821776</i>
                        <i>1 0 0 0 1 0 0 0 1 -1.46352 1.66559 -0.821776</i>
                        <i>1 0 0 0 1 0 0 0 1 -1.49455 1.74182 -0.821776</i>
                        <i>1 0 0 0 1 0 0 0 1 -1.51728 1.81088 -0.821776</i>
                        <i>1 0 0 0 1 0 0 0 1 -1.52762 1.86893 -0.821776</i>
                        <i>1 0 0 0 1 0 0 0 1 -1.5201 1.91885 -0.821776</i>
                        <i>1 0 0 0 1 0 0 0 1 -1.49688 1.96427 -0.821776</i>
                        <i>1 0 0 0 1 0 0 0 1 -1.46535 2.00253 -0.821776</i>
                        <i>1 0 0 0 1 0 0 0 1 -1.43293 2.03095 -0.821776</i>
                        <i>1 0 0 0 1 0 0 0 1 -1.40699 2.04683 -0.821776</i>
                        <i>1 0 0 0 1 0 0 0 1 -1.39494 2.0475 -0.821776</i>
                        <i>1 0 0 0 1 0 0 0 1 -1.39826 2.02819 -0.823516</i>
                        <i>1 0 0 0 1 0 0 0 1 -1.4113 1.99008 -0.828103</i>
                        <i>1 0 0 0 1 0 0 0 1 -1.43084 1.93944 -0.834588</i>
                        <i>1 0 0 0 1 0 0 0 1 -1.45363 1.88254 -0.842023</i>
                        <i>1 0 0 0 1 0 0 0 1 -1.47641 1.82564 -0.849458</i>
                        <i>1 0 0 0 1 0 0 0 1 -1.49595 1.775 -0.855943</i>
                        <i>1 0 0 0 1 0 0 0 1 -1.49595 1.775 -0.855943</i>
                        <i>1 0 0 0 1 0 0 0 1 -1.49595 1.775 -0.855943</i>
                        <i>1 0 0 0 1 0 0 0 1 -1.49595 1.775 -0.855943</i>
                        <i>1 0 0 0 1 0 0 0 1 -1.49595 1.775 -0.855943</i>
                        <i>1 0 0 0 1 0 0 0 1 -1.49595 1.775 -0.855943</i>
                        <i>1 0 0 0 1 0 0 0 1 -1.49595 1.775 -0.855943</i>
                        <i>1 0 0 0 1 0 0 0 1 -1.49595 1.775 -0.855943</i>
                        <i>1 0 0 0 1 0 0 0 1 -1.49595 1.775 -0.855943</i>
                        <i>1 0 0 0 1 0 0 0 1 -1.49595 1.775 -0.855943</i>
                        <i>1 0 0 0 1 0 0 0 1 -1.49595 1.775 -0.855943</i>
                    </KeyFrames>
                </p>
            </i>
            <i>
                <p>
                    <Name>
                        <![CDATA[spine0]]>
</Name>
                    <Exclude>0</Exclude>
                    <Additive>0</Additive>
                    <IKPriority>0</IKPriority>
                    <IKRotLimits>-1e+010 -1e+010 -1e+010 1e+010 1e+010 1e+010</IKRotLimits>
                    <IKRotLimitOrder>0</IKRotLimitOrder>
                    <KeyFrames count="130">
                        <i>-0.00963064 0.964099 0.26537 -0.999946 -0.00826261 -0.00627104 -0.00385325 -0.265416 0.964126 -1.51246 1.90327 -0.918964</i>
                        <i>-0.00148519 0.963601 0.26734 -0.99992 -0.00478238 0.0116826 0.0125359 -0.267302 0.963531 -1.51329 1.90544 -0.918835</i>
                        <i>0.0184341 0.962262 0.2715 -0.9985 0.00371803 0.0546178 0.0515472 -0.2721 0.960887 -1.51527 1.91062 -0.918439</i>
                        <i>0.0430962 0.960368 0.275383 -0.994257 0.0142002 0.106075 0.0979607 -0.278373 0.955464 -1.51764 1.91681 -0.917799</i>
                        <i>0.0645762 0.958522 0.277608 -0.988454 0.0232286 0.149728 0.137069 -0.284071 0.948955 -1.51967 1.92196 -0.917108</i>
                        <i>0.0742191 0.95768 0.278101 -0.985129 0.0270767 0.169667 0.154956 -0.286558 0.945448 -1.52062 1.92397 -0.916741</i>
                        <i>0.0752221 0.953342 0.292371 -0.986486 0.028347 0.161374 0.145557 -0.300559 0.942591 -1.52186 1.92134 -0.915637</i>
                        <i>0.0749925 0.941665 0.32809 -0.990172 0.0313708 0.136288 0.118045 -0.335086 0.934764 -1.52479 1.9155 -0.912875</i>
                        <i>0.0711512 0.924844 0.373633 -0.994102 0.0350113 0.102645 0.0818492 -0.378733 0.92188 -1.52877 1.9088 -0.90909</i>
                        <i>0.0637599 0.906562 0.417229 -0.996898 0.0385272 0.0686311 0.0461437 -0.420311 0.906206 -1.53301 1.90366 -0.90508</i>
                        <i>0.0563331 0.892445 0.447625 -0.998229 0.0417618 0.042364 0.019114 -0.449218 0.893218 -1.53647 1.90266 -0.901852</i>
                        <i>0.0545246 0.889134 0.454388 -0.998481 0.0449357 0.0318844 0.00793124 -0.455437 0.890233 -1.53791 1.90846 -0.900528</i>
                        <i>0.0585639 0.895236 0.441726 -0.998261 0.0495255 0.0319769 0.00675019 -0.442831 0.89658 -1.53791 1.92137 -0.898867</i>
                        <i>0.0646356 0.904206 0.422177 -0.997895 0.056339 0.032113 0.00525172 -0.423364 0.905944 -1.53791 1.93908 -0.89426</i>
                        <i>0.0719896 0.914579 0.397949 -0.997398 0.0644658 0.0322735 0.00386252 -0.399237 0.91684 -1.53791 1.96024 -0.887273</i>
                        <i>0.0798001 0.92513 0.371168 -0.996807 0.072968 0.0324391 0.00292704 -0.372572 0.927999 -1.53791 1.98353 -0.878471</i>
                        <i>0.0872157 0.934974 0.343827 -0.996186 0.0809401 0.0325924 0.00264371 -0.345358 0.938467 -1.53791 2.00761 -0.868421</i>
                        <i>0.0934093 0.943557 0.317767 -0.995623 0.0875451 0.0327179 0.00305229 -0.319432 0.947604 -1.53791 2.03116 -0.857688</i>
                        <i>0.0976174 0.950591 0.2947 -0.995216 0.0920307 0.0328024 0.00406021 -0.296492 0.955027 -1.53791 2.05284 -0.846838</i>
                        <i>0.0991613 0.955958 0.276245 -0.995056 0.0937288 0.0328342 0.00549599 -0.278135 0.960526 -1.53791 2.07133 -0.836435</i>
                        <i>0.097447 0.959593 0.263979 -0.995215 0.0920406 0.0328025 0.00718033 -0.265912 0.963971 -1.53791 2.0853 -0.827047</i>
                        <i>0.0919442 0.961359 0.259492 -0.995723 0.0864054 0.0326964 0.00901145 -0.261388 0.965192 -1.53791 2.09341 -0.819237</i>
                        <i>0.0826235 0.93569 0.343012 -0.996512 0.0735169 0.0394919 0.011735 -0.345078 0.938501 -1.53553 2.08086 -0.802139</i>
                        <i>0.0712587 0.851962 0.518732 -0.997404 0.055453 0.0459386 0.0103727 -0.520659 0.853702 -1.53003 2.04382 -0.772615</i>
                        <i>0.058519 0.733083 0.677617 -0.998284 0.0413678 0.0414578 0.00236056 -0.678879 0.734246 -1.52429 2.0009 -0.744257</i>
                        <i>0.0485099 0.664927 0.745331 -0.998819 0.0343176 0.0343927 -0.00270935 -0.746119 0.665807 -1.52153 1.97946 -0.731188</i>
                        <i>0.0421626 0.676834 0.734927 -0.999109 0.0273318 0.0321473 0.00167149 -0.735628 0.677383 -1.51834 1.987 -0.732681</i>
                        <i>0.0349028 0.717883 0.695289 -0.999321 0.0168426 0.0327751 0.0118182 -0.69596 0.717983 -1.51007 2.00669 -0.738465</i>
                        <i>0.0265324 0.77473 0.631735 -0.999306 0.0040177 0.0370429 0.0261601 -0.63228 0.774298 -1.49799 2.03323 -0.747321</i>
                        <i>0.0168921 0.834462 0.550806 -0.998918 -0.00978671 0.0454616 0.0433265 -0.550978 0.833394 -1.48336 2.06137 -0.757971</i>
                        <i>0.00645431 0.887024 0.461678 -0.998034 -0.0230699 0.058277 0.062344 -0.461146 0.885131 -1.46745 2.08617 -0.76906</i>
                        <i>-0.00334336 0.926665 0.375873 -0.99656 -0.0342123 0.0754815 0.0828056 -0.374327 0.923592 -1.4515 2.10308 -0.779219</i>
                        <i>-0.0099349 0.951975 0.306015 -0.994431 -0.0415169 0.0968695 0.104922 -0.303348 0.947086 -1.43668 2.10791 -0.78714</i>
                        <i>-0.00951107 0.964325 0.26455 -0.991561 -0.0433022 0.122195 0.129291 -0.261155 0.956599 -1.42407 2.09675 -0.791624</i>
                        <i>0.0109311 0.96809 0.250364 -0.987565 -0.028818 0.154549 0.156832 -0.24894 0.955737 -1.41131 2.07112 -0.7943</i>
                        <i>0.058221 0.966164 0.251273 -0.98071 0.00830725 0.195293 0.186597 -0.257796 0.94801 -1.39565 2.03627 -0.797493</i>
                        <i>0.127497 0.956505 0.262378 -0.968303 0.0627503 0.241767 0.214788 -0.284886 0.934188 -1.37747 1.99374 -0.801137</i>
                        <i>0.212893 0.936414 0.278936 -0.94794 0.128754 0.29126 0.236826 -0.326422 0.915075 -1.35718 1.94496 -0.805169</i>
                        <i>0.307384 0.904153 0.296686 -0.91848 0.200379 0.340944 0.248815 -0.377301 0.89204 -1.33538 1.89133 -0.809516</i>
                        <i>0.403235 0.860224 0.312117 -0.880621 0.272037 0.387947 0.248814 -0.43129 0.867225 -1.31285 1.83438 -0.814072</i>
                        <i>0.492939 0.808048 0.322598 -0.836982 0.339128 0.42948 0.237638 -0.481717 0.843491 -1.29056 1.77593 -0.818672</i>
                        <i>0.570269 0.753877 0.326286 -0.791736 0.398538 0.462949 0.218969 -0.522338 0.824145 -1.26951 1.71805 -0.823092</i>
                        <i>0.630937 0.705976 0.32174 -0.749952 0.448751 0.485998 0.198722 -0.547924 0.812581 -1.2507 1.66312 -0.827065</i>
                        <i>0.672485 0.67331 0.307274 -0.716909 0.489468 0.496451 0.183865 -0.554143 0.811862 -1.23499 1.61362 -0.830329</i>
                        <i>0.691383 0.661325 0.290927 -0.700258 0.514263 0.495148 0.177841 -0.546061 0.818651 -1.22661 1.57676 -0.848504</i>
                        <i>0.691718 0.664743 0.282211 -0.700973 0.524047 0.483748 0.173676 -0.53244 0.828459 -1.22791 1.55029 -0.891033</i>
                        <i>0.68255 0.675796 0.278253 -0.712191 0.529583 0.460788 0.164041 -0.51268 0.842763 -1.23565 1.52197 -0.947896</i>
                        <i>0.673921 0.686754 0.272395 -0.725208 0.54451 0.421406 0.14108 -0.481538 0.864996 -1.24165 1.48258 -1.00737</i>
                        <i>0.678005 0.688049 0.258645 -0.72922 0.58535 0.354406 0.0924516 -0.428898 0.898609 -1.2337 1.42871 -1.05619</i>
                        <i>0.707236 0.666165 0.236729 -0.706969 0.664737 0.241495 0.00351298 -0.338153 0.941084 -1.20066 1.36208 -1.07953</i>
                        <i>0.798003 0.545384 0.256412 -0.575732 0.815657 0.0568973 -0.178113 -0.193029 0.964892 -1.12869 1.27963 -1.05735</i>
                        <i>0.88042 0.329488 0.341026 -0.284579 0.942393 -0.175814 -0.379309 0.0577414 0.923467 -1.05883 1.17379 -0.984439</i>
                        <i>0.889696 0.148073 0.431874 0.0417279 0.915613 -0.399891 -0.454642 0.373802 0.808438 -1.03676 1.08443 -0.89147</i>
                        <i>0.884963 0.0698833 0.460388 0.244463 0.771754 -0.587055 -0.396332 0.63207 0.66589 -1.03714 1.04716 -0.827429</i>
                        <i>0.917205 0.06103 0.393713 0.275255 0.617373 -0.736943 -0.288043 0.784299 0.549459 -1.0245 1.0394 -0.810798</i>
                        <i>0.966724 0.0839488 0.241655 0.170273 0.493836 -0.852721 -0.190923 0.865493 0.463109 -0.993308 1.02704 -0.824486</i>
                        <i>0.998109 0.0610202 0.00746408 -0.0138956 0.342214 -0.939519 -0.059884 0.937639 0.342415 -0.950464 0.999375 -0.836348</i>
                        <i>0.987466 -0.0788057 -0.136748 -0.129169 0.0943709 -0.987122 0.0906958 0.992413 0.0830088 -0.900605 0.961145 -0.80772</i>
                        <i>0.97131 -0.235279 -0.0346596 -0.0696652 -0.142146 -0.987391 0.227386 0.961477 -0.154458 -0.841115 0.930451 -0.736924</i>
                        <i>0.939909 -0.30239 0.158527 0.0901164 -0.228127 -0.969452 0.329317 0.925483 -0.187169 -0.779343 0.91799 -0.664817</i>
                        <i>0.931244 -0.256603 0.258725 0.219765 -0.17086 -0.960474 0.290666 0.951295 -0.10272 -0.712452 0.921923 -0.620172</i>
                        <i>0.960435 -0.0160559 0.278041 0.276797 -0.0553384 -0.959334 0.0307893 0.998339 -0.0487048 -0.640491 0.952905 -0.602202</i>
                        <i>0.917879 0.276624 0.284566 0.281977 0.049985 -0.958118 -0.279263 0.959677 -0.0321215 -0.584945 0.999007 -0.595799</i>
                        <i>0.854466 0.428564 0.293634 0.267156 0.122265 -0.955866 -0.445551 0.895201 -0.0100226 -0.544146 1.03191 -0.589814</i>
                        <i>0.820164 0.486756 0.300664 0.250168 0.167507 -0.953602 -0.514535 0.857327 0.0156121 -0.510493 1.05262 -0.585217</i>
                        <i>0.816635 0.490971 0.303405 0.237822 0.192734 -0.951995 -0.525878 0.849589 0.0406303 -0.483707 1.06397 -0.58242</i>
                        <i>0.827826 0.472242 0.302806 0.231527 0.20405 -0.951188 -0.510979 0.857526 0.0595812 -0.466074 1.06877 -0.58118</i>
                        <i>0.835309 0.459435 0.301958 0.230044 0.20676 -0.950963 -0.499339 0.863811 0.0670178 -0.459806 1.06975 -0.580889</i>
                        <i>0.836851 0.456126 0.302703 0.233449 0.202804 -0.950985 -0.495159 0.866498 0.0632349 -0.459753 1.06938 -0.580378</i>
                        <i>0.841064 0.447136 0.304434 0.242427 0.191535 -0.951075 -0.48357 0.873718 0.0526954 -0.45977 1.0683 -0.579034</i>
                        <i>0.847397 0.433902 0.306019 0.254623 0.173668 -0.951318 -0.465925 0.884063 0.0366839 -0.46013 1.06661 -0.577199</i>
                        <i>0.855383 0.417806 0.306198 0.267424 0.150062 -0.951822 -0.443626 0.896058 0.0166295 -0.461097 1.06441 -0.575242</i>
                        <i>0.864601 0.400096 0.303955 0.278445 0.122033 -0.952668 -0.418251 0.908312 -0.00589504 -0.462912 1.06175 -0.57351</i>
                        <i>0.874578 0.381896 0.298778 0.285962 0.0913867 -0.953873 -0.391584 0.919676 -0.029283 -0.465802 1.05871 -0.572283</i>
                        <i>0.884725 0.364304 0.290764 0.289191 0.0602092 -0.955376 -0.365554 0.929332 -0.052085 -0.469989 1.0553 -0.571751</i>
                        <i>0.894317 0.348533 0.280572 0.288358 0.0305119 -0.957036 -0.34212 0.9368 -0.073215 -0.475694 1.05154 -0.571999</i>
                        <i>0.902547 0.336012 0.269267 0.284553 0.00390115 -0.958652 -0.323169 0.94185 -0.0920921 -0.483144 1.04747 -0.573024</i>
                        <i>0.908584 0.328407 0.258118 0.279442 -0.0185981 -0.959982 -0.310464 0.944353 -0.108669 -0.49257 1.0431 -0.574755</i>
                        <i>0.913646 0.3224 0.247609 0.273339 -0.0363688 -0.96123 -0.300895 0.945905 -0.121352 -0.503376 1.03644 -0.575819</i>
                        <i>0.919104 0.314829 0.23692 0.265554 -0.0507425 -0.96276 -0.291083 0.947791 -0.130242 -0.516142 1.02676 -0.57617</i>
                        <i>0.924566 0.307628 0.224817 0.255803 -0.063857 -0.964618 -0.282387 0.949362 -0.137732 -0.532862 1.016 -0.577769</i>
                        <i>0.929874 0.302389 0.209511 0.243033 -0.0774112 -0.966924 -0.276169 0.950036 -0.145473 -0.555522 1.00609 -0.582679</i>
                        <i>0.934993 0.300255 0.188774 0.225464 -0.0923281 -0.969867 -0.273778 0.94938 -0.154023 -0.586097 0.998918 -0.593063</i>
                        <i>0.939794 0.301919 0.1601 0.200618 -0.10815 -0.973682 -0.276659 0.947179 -0.162209 -0.626562 0.99637 -0.611184</i>
                        <i>0.953541 0.276179 0.120356 0.160293 -0.126841 -0.978886 -0.255081 0.9527 -0.165218 -0.690296 0.992363 -0.643923</i>
                        <i>0.974437 0.21246 0.0730316 0.103577 -0.136386 -0.985226 -0.19936 0.967605 -0.154906 -0.779023 0.983023 -0.691032</i>
                        <i>0.98897 0.145441 0.0280244 0.0460617 -0.122174 -0.991439 -0.140772 0.981794 -0.127526 -0.876706 0.973718 -0.743566</i>
                        <i>0.993602 0.112825 -0.00507844 0.00474992 -0.0866723 -0.996226 -0.112839 0.989827 -0.0866536 -0.965849 0.969631 -0.792189</i>
                        <i>0.988265 0.151187 -0.0217899 -0.0152306 -0.0444084 -0.998897 -0.151988 0.987507 -0.0415846 -1.02855 0.975515 -0.82791</i>
                        <i>0.955837 0.292856 -0.02472 -0.0228421 -0.00983096 -0.999691 -0.293009 0.956106 -0.00270734 -1.04946 0.996416 -0.842611</i>
                        <i>0.883533 0.467481 -0.0288286 -0.0370238 0.00835095 -0.999279 -0.466904 0.883964 0.0246863 -1.04864 1.02082 -0.843676</i>
                        <i>0.800374 0.59788 -0.0440634 -0.0619334 0.00935476 -0.998036 -0.596294 0.801531 0.044516 -1.05012 1.03548 -0.844014</i>
                        <i>0.713294 0.697469 -0.0689118 -0.0934322 -0.00281804 -0.995622 -0.69461 0.716609 0.063156 -1.05169 1.04402 -0.844104</i>
                        <i>0.62241 0.776385 -0.0991616 -0.128898 -0.0232873 -0.991384 -0.772005 0.629829 0.0855802 -1.05314 1.05013 -0.844118</i>
                        <i>0.526746 0.840568 -0.126425 -0.162002 -0.046731 -0.985683 -0.834442 0.539686 0.111558 -1.05522 1.05735 -0.844079</i>
                        <i>0.426682 0.893695 -0.138748 -0.181122 -0.0658675 -0.981252 -0.88608 0.443813 0.133763 -1.05946 1.06902 -0.843882</i>
                        <i>0.30984 0.940844 -0.137154 -0.187283 -0.0810341 -0.978958 -0.932161 0.329007 0.151096 -1.07597 1.10605 -0.843314</i>
                        <i>0.173705 0.975957 -0.131664 -0.189015 -0.0981707 -0.977055 -0.966489 0.194605 0.167417 -1.10975 1.17804 -0.842308</i>
                        <i>0.0361861 0.991644 -0.123823 -0.186284 -0.11504 -0.975738 -0.981829 0.0583745 0.180565 -1.15481 1.27134 -0.840955</i>
                        <i>-0.0833245 0.98978 -0.115722 -0.180666 -0.129206 -0.975021 -0.980009 -0.0603361 0.189586 -1.20423 1.37307 -0.839518</i>
                        <i>-0.166702 0.979908 -0.109499 -0.175009 -0.138695 -0.974749 -0.970352 -0.14333 0.194613 -1.25057 1.47115 -0.838371</i>
                        <i>-0.197913 0.974357 -0.107044 -0.172519 -0.142124 -0.974699 -0.964919 -0.174438 0.196223 -1.28634 1.55394 -0.837911</i>
                        <i>-0.188841 0.976528 -0.103594 -0.171406 -0.136651 -0.975677 -0.966933 -0.166491 0.193188 -1.31776 1.62862 -0.837911</i>
                        <i>-0.165981 0.981425 -0.096206 -0.168902 -0.124411 -0.977749 -0.971557 -0.146039 0.186415 -1.35314 1.70765 -0.837911</i>
                        <i>-0.136063 0.986675 -0.08922 -0.16624 -0.111519 -0.979759 -0.976653 -0.118477 0.179198 -1.38838 1.78721 -0.837911</i>
                        <i>-0.106105 0.990702 -0.0851493 -0.16424 -0.101918 -0.981141 -0.980697 -0.0901191 0.173527 -1.41941 1.86343 -0.837911</i>
                        <i>-0.082978 0.993006 -0.083988 -0.163143 -0.0966775 -0.981854 -0.983107 -0.0677702 0.170024 -1.44214 1.93249 -0.837911</i>
                        <i>-0.0730733 0.993776 -0.0840856 -0.162805 -0.0950662 -0.982068 -0.983949 -0.0580733 0.168738 -1.45248 1.99054 -0.837911</i>
                        <i>-0.0768999 0.993715 -0.0813414 -0.173227 -0.0936584 -0.980419 -0.981875 -0.0613035 0.179341 -1.44674 2.04145 -0.838632</i>
                        <i>-0.0899294 0.993293 -0.0726818 -0.204945 -0.0898719 -0.974639 -0.974633 -0.0727529 0.211652 -1.42821 2.08928 -0.840586</i>
                        <i>-0.11008 0.992336 -0.0561337 -0.258351 -0.0831031 -0.96247 -0.959759 -0.0914464 0.265519 -1.40326 2.13053 -0.843148</i>
                        <i>-0.134203 0.990508 -0.0297376 -0.332674 -0.0733007 -0.940189 -0.933444 -0.116283 0.339354 -1.37822 2.16182 -0.845737</i>
                        <i>-0.158696 0.987312 0.00543978 -0.425482 -0.0634162 -0.902742 -0.890944 -0.145576 0.430148 -1.35934 2.17992 -0.848449</i>
                        <i>-0.181457 0.982463 0.0428844 -0.53257 -0.0615168 -0.844147 -0.826706 -0.176016 0.534394 -1.35326 2.18169 -0.852645</i>
                        <i>-0.193956 0.977603 0.0816859 -0.647996 -0.0651547 -0.758852 -0.736534 -0.200116 0.64612 -1.36219 2.16229 -0.861074</i>
                        <i>-0.186815 0.974293 0.125908 -0.761524 -0.0626513 -0.645102 -0.62063 -0.216397 0.753651 -1.38208 2.12344 -0.873479</i>
                        <i>-0.161027 0.972115 0.170481 -0.861287 -0.0540653 -0.505235 -0.481929 -0.228189 0.845975 -1.41052 2.0716 -0.88767</i>
                        <i>-0.11963 0.970273 0.210379 -0.93749 -0.0406465 -0.345631 -0.326805 -0.238576 0.914484 -1.44442 2.0133 -0.90131</i>
                        <i>-0.0673473 0.967872 0.242257 -0.984136 -0.0244977 -0.175715 -0.164135 -0.250248 0.954168 -1.47991 1.95503 -0.912253</i>
                        <i>-0.00963064 0.964099 0.26537 -0.999946 -0.00826261 -0.00627104 -0.00385325 -0.265416 0.964126 -1.51246 1.90327 -0.918964</i>
                        <i>-0.00963064 0.964099 0.26537 -0.999946 -0.00826261 -0.00627104 -0.00385325 -0.265416 0.964126 -1.51246 1.90327 -0.918964</i>
                        <i>-0.00963064 0.964099 0.26537 -0.999946 -0.00826261 -0.00627104 -0.00385325 -0.265416 0.964126 -1.51246 1.90327 -0.918964</i>
                        <i>-0.00963064 0.964099 0.26537 -0.999946 -0.00826261 -0.00627104 -0.00385325 -0.265416 0.964126 -1.51246 1.90327 -0.918964</i>
                        <i>-0.00963064 0.964099 0.26537 -0.999946 -0.00826261 -0.00627104 -0.00385325 -0.265416 0.964126 -1.51246 1.90327 -0.918964</i>
                        <i>-0.00963064 0.964099 0.26537 -0.999946 -0.00826261 -0.00627104 -0.00385325 -0.265416 0.964126 -1.51246 1.90327 -0.918964</i>
                        <i>-0.00963064 0.964099 0.26537 -0.999946 -0.00826261 -0.00627104 -0.00385325 -0.265416 0.964126 -1.51246 1.90327 -0.918964</i>
                        <i>-0.00963064 0.964099 0.26537 -0.999946 -0.00826261 -0.00627104 -0.00385325 -0.265416 0.964126 -1.51246 1.90327 -0.918964</i>
                        <i>-0.00963064 0.964099 0.26537 -0.999946 -0.00826261 -0.00627104 -0.00385325 -0.265416 0.964126 -1.51246 1.90327 -0.918964</i>
                        <i>-0.00963064 0.964099 0.26537 -0.999946 -0.00826261 -0.00627104 -0.00385325 -0.265416 0.964126 -1.51246 1.90327 -0.918964</i>
                        <i>-0.00963064 0.964099 0.26537 -0.999946 -0.00826261 -0.00627104 -0.00385325 -0.265416 0.964126 -1.51246 1.90327 -0.918964</i>
                    </KeyFrames>
                </p>
            </i>
            <i>
                <p>
                    <Name>
                        <![CDATA[spine1]]>
</Name>
                    <Exclude>0</Exclude>
                    <Additive>0</Additive>
                    <IKPriority>0</IKPriority>
                    <IKRotLimits>-1e+010 -1e+010 -1e+010 1e+010 1e+010 1e+010</IKRotLimits>
                    <IKRotLimitOrder>0</IKRotLimitOrder>
                    <KeyFrames count="130">
                        <i>0.155946 0.61267 0.774801 -0.987766 0.0968216 0.122249 -0.000119439 -0.784386 0.620273 -1.51421 2.07837 -0.870832</i>
                        <i>0.173553 0.608718 0.774171 -0.984768 0.0988173 0.143066 0.0105855 -0.787208 0.616596 -1.51356 2.08054 -0.870319</i>
                        <i>0.215924 0.598995 0.771091 -0.975768 0.103729 0.19266 0.0354183 -0.794006 0.606877 -1.51192 2.08571 -0.869105</i>
                        <i>0.2671 0.586831 0.764387 -0.961558 0.109823 0.251685 0.0637497 -0.802227 0.593606 -1.5098 2.09182 -0.867682</i>
                        <i>0.310657 0.576174 0.755986 -0.94657 0.115073 0.301271 0.086591 -0.809186 0.581137 -1.5079 2.09685 -0.866524</i>
                        <i>0.330216 0.571594 0.751157 -0.93893 0.117309 0.323496 0.0967911 -0.812107 0.575424 -1.50708 2.0988 -0.86604</i>
                        <i>0.324943 0.55556 0.765353 -0.942081 0.119089 0.313531 0.0830402 -0.822904 0.56208 -1.50812 2.09553 -0.862285</i>
                        <i>0.306561 0.515057 0.800461 -0.950677 0.123918 0.284355 0.0472679 -0.848151 0.527641 -1.51106 2.08793 -0.852871</i>
                        <i>0.278082 0.461881 0.842221 -0.960553 0.13108 0.245267 0.00288604 -0.877202 0.480112 -1.51571 2.07859 -0.840571</i>
                        <i>0.245763 0.409268 0.878692 -0.968553 0.139973 0.205701 -0.0388064 -0.901614 0.430798 -1.52128 2.0705 -0.828382</i>
