<?xml version="1.0" encoding="ISO-8859-1" ?>
<Animl Version="1">
    <ModellingPackage>
        <![CDATA[Maya.2010]]>
</ModellingPackage>
    <SrcFile>
        <![CDATA[anims\turrets\machinegun\blue\~src\mgun_gatling\mgun_gatling_reload_high_crewman_a.mb]]>
</SrcFile>
    <FramesPerSecond>30</FramesPerSecond>
    <TotalFrames>131</TotalFrames>
    <Skeleton>
        <RefFrame>
            <Name>
                <![CDATA[soldier_ref_frame]]>
</Name>
            <Exclude>0</Exclude>
            <Additive>0</Additive>
            <IKPriority>0</IKPriority>
            <IKRotLimits>-1e+010 -1e+010 -1e+010 1e+010 1e+010 1e+010</IKRotLimits>
            <IKRotLimitOrder>0</IKRotLimitOrder>
            <KeyFrames count="131">
                <i>1 0 0 0 1 0 0 0 1 0 0.92 -1.78</i>
                <i>1 0 0 0 1 0 0 0 1 0 0.92 -1.78</i>
                <i>1 0 0 0 1 0 0 0 1 0 0.92 -1.78</i>
                <i>1 0 0 0 1 0 0 0 1 0 0.92 -1.78</i>
                <i>1 0 0 0 1 0 0 0 1 0 0.92 -1.78</i>
                <i>1 0 0 0 1 0 0 0 1 0 0.92 -1.78</i>
                <i>1 0 0 0 1 0 0 0 1 0 0.92 -1.78</i>
                <i>1 0 0 0 1 0 0 0 1 0 0.92 -1.78</i>
                <i>1 0 0 0 1 0 0 0 1 0 0.92 -1.78</i>
                <i>1 0 0 0 1 0 0 0 1 0 0.92 -1.78</i>
                <i>1 0 0 0 1 0 0 0 1 0 0.92 -1.78</i>
                <i>1 0 0 0 1 0 0 0 1 0 0.92 -1.78</i>
                <i>1 0 0 0 1 0 0 0 1 0 0.92 -1.78</i>
                <i>1 0 0 0 1 0 0 0 1 0 0.92 -1.78</i>
                <i>1 0 0 0 1 0 0 0 1 0 0.92 -1.78</i>
                <i>1 0 0 0 1 0 0 0 1 0 0.92 -1.78</i>
                <i>1 0 0 0 1 0 0 0 1 0 0.92 -1.78</i>
                <i>1 0 0 0 1 0 0 0 1 0 0.92 -1.78</i>
                <i>1 0 0 0 1 0 0 0 1 0 0.92 -1.78</i>
                <i>1 0 0 0 1 0 0 0 1 0 0.92 -1.78</i>
                <i>1 0 0 0 1 0 0 0 1 0 0.92 -1.78</i>
                <i>1 0 0 0 1 0 0 0 1 0 0.92 -1.78</i>
                <i>1 0 0 0 1 0 0 0 1 0 0.92 -1.78</i>
                <i>1 0 0 0 1 0 0 0 1 0 0.92 -1.78</i>
                <i>1 0 0 0 1 0 0 0 1 0 0.92 -1.78</i>
                <i>1 0 0 0 1 0 0 0 1 0 0.92 -1.78</i>
                <i>1 0 0 0 1 0 0 0 1 0 0.92 -1.78</i>
                <i>1 0 0 0 1 0 0 0 1 0 0.92 -1.78</i>
                <i>1 0 0 0 1 0 0 0 1 0 0.92 -1.78</i>
                <i>1 0 0 0 1 0 0 0 1 0 0.92 -1.78</i>
                <i>1 0 0 0 1 0 0 0 1 0 0.92 -1.78</i>
                <i>1 0 0 0 1 0 0 0 1 0 0.92 -1.78</i>
                <i>1 0 0 0 1 0 0 0 1 0 0.92 -1.78</i>
                <i>1 0 0 0 1 0 0 0 1 0 0.92 -1.78</i>
                <i>1 0 0 0 1 0 0 0 1 0 0.92 -1.78</i>
                <i>1 0 0 0 1 0 0 0 1 0 0.92 -1.78</i>
                <i>1 0 0 0 1 0 0 0 1 0 0.92 -1.78</i>
                <i>1 0 0 0 1 0 0 0 1 0 0.92 -1.78</i>
                <i>1 0 0 0 1 0 0 0 1 0 0.92 -1.78</i>
                <i>1 0 0 0 1 0 0 0 1 0 0.92 -1.78</i>
                <i>1 0 0 0 1 0 0 0 1 0 0.92 -1.78</i>
                <i>1 0 0 0 1 0 0 0 1 0 0.92 -1.78</i>
                <i>1 0 0 0 1 0 0 0 1 0 0.92 -1.78</i>
                <i>1 0 0 0 1 0 0 0 1 0 0.92 -1.78</i>
                <i>1 0 0 0 1 0 0 0 1 0 0.92 -1.78</i>
                <i>1 0 0 0 1 0 0 0 1 0 0.92 -1.78</i>
                <i>1 0 0 0 1 0 0 0 1 0 0.92 -1.78</i>
                <i>1 0 0 0 1 0 0 0 1 0 0.92 -1.78</i>
                <i>1 0 0 0 1 0 0 0 1 0 0.92 -1.78</i>
                <i>1 0 0 0 1 0 0 0 1 0 0.92 -1.78</i>
                <i>1 0 0 0 1 0 0 0 1 0 0.92 -1.78</i>
                <i>1 0 0 0 1 0 0 0 1 0 0.92 -1.78</i>
                <i>1 0 0 0 1 0 0 0 1 0 0.92 -1.78</i>
                <i>1 0 0 0 1 0 0 0 1 0 0.92 -1.78</i>
                <i>1 0 0 0 1 0 0 0 1 0 0.92 -1.78</i>
                <i>1 0 0 0 1 0 0 0 1 0 0.92 -1.78</i>
                <i>1 0 0 0 1 0 0 0 1 0 0.92 -1.78</i>
                <i>1 0 0 0 1 0 0 0 1 0 0.92 -1.78</i>
                <i>1 0 0 0 1 0 0 0 1 0 0.92 -1.78</i>
                <i>1 0 0 0 1 0 0 0 1 0 0.92 -1.78</i>
                <i>1 0 0 0 1 0 0 0 1 0 0.92 -1.78</i>
                <i>1 0 0 0 1 0 0 0 1 0 0.92 -1.78</i>
                <i>1 0 0 0 1 0 0 0 1 0 0.92 -1.78</i>
                <i>1 0 0 0 1 0 0 0 1 0 0.92 -1.78</i>
                <i>1 0 0 0 1 0 0 0 1 0 0.92 -1.78</i>
                <i>1 0 0 0 1 0 0 0 1 0 0.92 -1.78</i>
                <i>1 0 0 0 1 0 0 0 1 0 0.92 -1.78</i>
                <i>1 0 0 0 1 0 0 0 1 0 0.92 -1.78</i>
                <i>1 0 0 0 1 0 0 0 1 0 0.92 -1.78</i>
                <i>1 0 0 0 1 0 0 0 1 0 0.92 -1.78</i>
                <i>1 0 0 0 1 0 0 0 1 0 0.92 -1.78</i>
                <i>1 0 0 0 1 0 0 0 1 0 0.92 -1.78</i>
                <i>1 0 0 0 1 0 0 0 1 0 0.92 -1.78</i>
                <i>1 0 0 0 1 0 0 0 1 0 0.92 -1.78</i>
                <i>1 0 0 0 1 0 0 0 1 0 0.92 -1.78</i>
                <i>1 0 0 0 1 0 0 0 1 0 0.92 -1.78</i>
                <i>1 0 0 0 1 0 0 0 1 0 0.92 -1.78</i>
                <i>1 0 0 0 1 0 0 0 1 0 0.92 -1.78</i>
                <i>1 0 0 0 1 0 0 0 1 0 0.92 -1.78</i>
                <i>1 0 0 0 1 0 0 0 1 0 0.92 -1.78</i>
                <i>1 0 0 0 1 0 0 0 1 0 0.92 -1.78</i>
                <i>1 0 0 0 1 0 0 0 1 0 0.92 -1.78</i>
                <i>1 0 0 0 1 0 0 0 1 0 0.92 -1.78</i>
                <i>1 0 0 0 1 0 0 0 1 0 0.92 -1.78</i>
                <i>1 0 0 0 1 0 0 0 1 0 0.92 -1.78</i>
                <i>1 0 0 0 1 0 0 0 1 0 0.92 -1.78</i>
                <i>1 0 0 0 1 0 0 0 1 0 0.92 -1.78</i>
                <i>1 0 0 0 1 0 0 0 1 0 0.92 -1.78</i>
                <i>1 0 0 0 1 0 0 0 1 0 0.92 -1.78</i>
                <i>1 0 0 0 1 0 0 0 1 0 0.92 -1.78</i>
                <i>1 0 0 0 1 0 0 0 1 0 0.92 -1.78</i>
                <i>1 0 0 0 1 0 0 0 1 0 0.92 -1.78</i>
                <i>1 0 0 0 1 0 0 0 1 0 0.92 -1.78</i>
                <i>1 0 0 0 1 0 0 0 1 0 0.92 -1.78</i>
                <i>1 0 0 0 1 0 0 0 1 0 0.92 -1.78</i>
                <i>1 0 0 0 1 0 0 0 1 0 0.92 -1.78</i>
                <i>1 0 0 0 1 0 0 0 1 0 0.92 -1.78</i>
                <i>1 0 0 0 1 0 0 0 1 0 0.92 -1.78</i>
                <i>1 0 0 0 1 0 0 0 1 0 0.92 -1.78</i>
                <i>1 0 0 0 1 0 0 0 1 0 0.92 -1.78</i>
                <i>1 0 0 0 1 0 0 0 1 0 0.92 -1.78</i>
                <i>1 0 0 0 1 0 0 0 1 0 0.92 -1.78</i>
                <i>1 0 0 0 1 0 0 0 1 0 0.92 -1.78</i>
                <i>1 0 0 0 1 0 0 0 1 0 0.92 -1.78</i>
                <i>1 0 0 0 1 0 0 0 1 0 0.92 -1.78</i>
                <i>1 0 0 0 1 0 0 0 1 0 0.92 -1.78</i>
                <i>1 0 0 0 1 0 0 0 1 0 0.92 -1.78</i>
                <i>1 0 0 0 1 0 0 0 1 0 0.92 -1.78</i>
                <i>1 0 0 0 1 0 0 0 1 0 0.92 -1.78</i>
                <i>1 0 0 0 1 0 0 0 1 0 0.92 -1.78</i>
                <i>1 0 0 0 1 0 0 0 1 0 0.92 -1.78</i>
                <i>1 0 0 0 1 0 0 0 1 0 0.92 -1.78</i>
                <i>1 0 0 0 1 0 0 0 1 0 0.92 -1.78</i>
                <i>1 0 0 0 1 0 0 0 1 0 0.92 -1.78</i>
                <i>1 0 0 0 1 0 0 0 1 0 0.92 -1.78</i>
                <i>1 0 0 0 1 0 0 0 1 0 0.92 -1.78</i>
                <i>1 0 0 0 1 0 0 0 1 0 0.92 -1.78</i>
                <i>1 0 0 0 1 0 0 0 1 0 0.92 -1.78</i>
                <i>1 0 0 0 1 0 0 0 1 0 0.92 -1.78</i>
                <i>1 0 0 0 1 0 0 0 1 0 0.92 -1.78</i>
                <i>1 0 0 0 1 0 0 0 1 0 0.92 -1.78</i>
                <i>1 0 0 0 1 0 0 0 1 0 0.92 -1.78</i>
                <i>1 0 0 0 1 0 0 0 1 0 0.92 -1.78</i>
                <i>1 0 0 0 1 0 0 0 1 0 0.92 -1.78</i>
                <i>1 0 0 0 1 0 0 0 1 0 0.92 -1.78</i>
                <i>1 0 0 0 1 0 0 0 1 0 0.92 -1.78</i>
                <i>1 0 0 0 1 0 0 0 1 0 0.92 -1.78</i>
                <i>1 0 0 0 1 0 0 0 1 0 0.92 -1.78</i>
                <i>1 0 0 0 1 0 0 0 1 0 0.92 -1.78</i>
                <i>1 0 0 0 1 0 0 0 1 0 0.92 -1.78</i>
                <i>1 0 0 0 1 0 0 0 1 0 0.92 -1.78</i>
            </KeyFrames>
        </RefFrame>
        <Bones count="23">
            <i>
                <p>
                    <Name>
                        <![CDATA[pelvis]]>
</Name>
                    <Exclude>0</Exclude>
                    <Additive>0</Additive>
                    <IKPriority>0</IKPriority>
                    <IKRotLimits>-1e+010 -1e+010 -1e+010 1e+010 1e+010 1e+010</IKRotLimits>
                    <IKRotLimitOrder>2</IKRotLimitOrder>
                    <KeyFrames count="131">
                        <i>1 0 0 0 1 0 0 0 1 -0.0463203 2.38173 -1.56669</i>
                        <i>1 0 0 0 1 0 0 0 1 -0.0465195 2.37095 -1.52835</i>
                        <i>1 0 0 0 1 0 0 0 1 -0.045934 2.35481 -1.48445</i>
                        <i>1 0 0 0 1 0 0 0 1 -0.0464075 2.34557 -1.44521</i>
                        <i>1 0 0 0 1 0 0 0 1 -0.0497952 2.35573 -1.42793</i>
                        <i>1 0 0 0 1 0 0 0 1 -0.0570825 2.3928 -1.42793</i>
                        <i>1 0 0 0 1 0 0 0 1 -0.0668901 2.4469 -1.42793</i>
                        <i>1 0 0 0 1 0 0 0 1 -0.0775019 2.50391 -1.42793</i>
                        <i>1 0 0 0 1 0 0 0 1 -0.087202 2.54971 -1.42793</i>
                        <i>1 0 0 0 1 0 0 0 1 -0.0942744 2.5702 -1.42793</i>
                        <i>1 0 0 0 1 0 0 0 1 -0.0983725 2.54581 -1.42793</i>
                        <i>1 0 0 0 1 0 0 0 1 -0.100199 2.48652 -1.42793</i>
                        <i>1 0 0 0 1 0 0 0 1 -0.0996137 2.42247 -1.42793</i>
                        <i>1 0 0 0 1 0 0 0 1 -0.0964743 2.38381 -1.42793</i>
                        <i>1 0 0 0 1 0 0 0 1 -0.0908101 2.37183 -1.42792</i>
                        <i>1 0 0 0 1 0 0 0 1 -0.0832174 2.36675 -1.42783</i>
                        <i>1 0 0 0 1 0 0 0 1 -0.0744074 2.36716 -1.42761</i>
                        <i>1 0 0 0 1 0 0 0 1 -0.065092 2.37164 -1.42721</i>
                        <i>1 0 0 0 1 0 0 0 1 -0.0559844 2.37877 -1.42662</i>
                        <i>1 0 0 0 1 0 0 0 1 -0.0477976 2.38713 -1.42586</i>
                        <i>1 0 0 0 1 0 0 0 1 -0.041243 2.3953 -1.42498</i>
                        <i>1 0 0 0 1 0 0 0 1 -0.0374138 2.40919 -1.42387</i>
                        <i>1 0 0 0 1 0 0 0 1 -0.0358981 2.43051 -1.42253</i>
                        <i>1 0 0 0 1 0 0 0 1 -0.0353129 2.4516 -1.42126</i>
                        <i>1 0 0 0 1 0 0 0 1 -0.0347994 2.46478 -1.42036</i>
                        <i>1 0 0 0 1 0 0 0 1 -0.0344903 2.47085 -1.41975</i>
                        <i>1 0 0 0 1 0 0 0 1 -0.0348356 2.47585 -1.41918</i>
                        <i>1 0 0 0 1 0 0 0 1 -0.0357344 2.47989 -1.41866</i>
                        <i>1 0 0 0 1 0 0 0 1 -0.0370782 2.48307 -1.41819</i>
                        <i>1 0 0 0 1 0 0 0 1 -0.0387523 2.48551 -1.41778</i>
                        <i>1 0 0 0 1 0 0 0 1 -0.0406378 2.48731 -1.41743</i>
                        <i>1 0 0 0 1 0 0 0 1 -0.0426134 2.48857 -1.41713</i>
                        <i>1 0 0 0 1 0 0 0 1 -0.0445565 2.48941 -1.4169</i>
                        <i>1 0 0 0 1 0 0 0 1 -0.046345 2.48992 -1.41674</i>
                        <i>1 0 0 0 1 0 0 0 1 -0.0478589 2.49022 -1.41665</i>
                        <i>1 0 0 0 1 0 0 0 1 -0.0519421 2.48814 -1.41677</i>
                        <i>1 0 0 0 1 0 0 0 1 -0.0597599 2.48286 -1.41722</i>
                        <i>1 0 0 0 1 0 0 0 1 -0.0687091 2.47652 -1.4179</i>
                        <i>1 0 0 0 1 0 0 0 1 -0.0762127 2.47129 -1.4187</i>
                        <i>1 0 0 0 1 0 0 0 1 -0.0796991 2.46934 -1.4196</i>
                        <i>1 0 0 0 1 0 0 0 1 -0.0800765 2.47085 -1.4207</i>
                        <i>1 0 0 0 1 0 0 0 1 -0.079908 2.47413 -1.42203</i>
                        <i>1 0 0 0 1 0 0 0 1 -0.0790923 2.47854 -1.4236</i>
                        <i>1 0 0 0 1 0 0 0 1 -0.0775275 2.48343 -1.42542</i>
                        <i>1 0 0 0 1 0 0 0 1 -0.0751202 2.48817 -1.42747</i>
                        <i>1 0 0 0 1 0 0 0 1 -0.07179 2.4921 -1.42966</i>
                        <i>1 0 0 0 1 0 0 0 1 -0.0674696 2.49461 -1.43189</i>
                        <i>1 0 0 0 1 0 0 0 1 -0.0621017 2.4951 -1.43401</i>
                        <i>1 0 0 0 1 0 0 0 1 -0.0556347 2.49297 -1.43583</i>
                        <i>1 0 0 0 1 0 0 0 1 -0.0462193 2.48523 -1.437</i>
                        <i>1 0 0 0 1 0 0 0 1 -0.0331424 2.47162 -1.43744</i>
                        <i>1 0 0 0 1 0 0 0 1 -0.0180122 2.4556 -1.43747</i>
                        <i>1 0 0 0 1 0 0 0 1 -0.00228783 2.44042 -1.43736</i>
                        <i>1 0 0 0 1 0 0 0 1 0.0127403 2.42918 -1.4373</i>
                        <i>1 0 0 0 1 0 0 0 1 0.0258798 2.42496 -1.43736</i>
                        <i>1 0 0 0 1 0 0 0 1 0.0356101 2.43426 -1.43743</i>
                        <i>1 0 0 0 1 0 0 0 1 0.0415302 2.45622 -1.4374</i>
                        <i>1 0 0 0 1 0 0 0 1 0.0440585 2.48258 -1.43733</i>
                        <i>1 0 0 0 1 0 0 0 1 0.0440535 2.50397 -1.43735</i>
                        <i>1 0 0 0 1 0 0 0 1 0.0386903 2.51557 -1.43784</i>
                        <i>1 0 0 0 1 0 0 0 1 0.0262547 2.51937 -1.43856</i>
                        <i>1 0 0 0 1 0 0 0 1 0.00971072 2.51507 -1.43871</i>
                        <i>1 0 0 0 1 0 0 0 1 -0.0122975 2.50285 -1.43855</i>
                        <i>1 0 0 0 1 0 0 0 1 -0.0389361 2.48543 -1.43848</i>
                        <i>1 0 0 0 1 0 0 0 1 -0.0641365 2.46636 -1.43796</i>
                        <i>1 0 0 0 1 0 0 0 1 -0.0819035 2.44928 -1.43648</i>
                        <i>1 0 0 0 1 0 0 0 1 -0.0863566 2.43786 -1.43349</i>
                        <i>1 0 0 0 1 0 0 0 1 -0.0766935 2.43081 -1.42905</i>
                        <i>1 0 0 0 1 0 0 0 1 -0.0582972 2.42404 -1.42371</i>
                        <i>1 0 0 0 1 0 0 0 1 -0.0347361 2.41721 -1.41764</i>
                        <i>1 0 0 0 1 0 0 0 1 -0.00947406 2.41032 -1.41113</i>
                        <i>1 0 0 0 1 0 0 0 1 0.0143301 2.40367 -1.4045</i>
                        <i>1 0 0 0 1 0 0 0 1 0.0338877 2.39775 -1.39817</i>
                        <i>1 0 0 0 1 0 0 0 1 0.0466579 2.39303 -1.39256</i>
                        <i>1 0 0 0 1 0 0 0 1 0.0171649 2.37712 -1.40203</i>
                        <i>1 0 0 0 1 0 0 0 1 -0.0256399 2.36475 -1.41186</i>
                        <i>1 0 0 0 1 0 0 0 1 -0.0469702 2.36961 -1.40298</i>
                        <i>1 0 0 0 1 0 0 0 1 -0.0700533 2.37641 -1.39055</i>
                        <i>1 0 0 0 1 0 0 0 1 -0.0916689 2.38442 -1.37651</i>
                        <i>1 0 0 0 1 0 0 0 1 -0.108986 2.39386 -1.36316</i>
                        <i>1 0 0 0 1 0 0 0 1 -0.119837 2.40558 -1.35311</i>
                        <i>1 0 0 0 1 0 0 0 1 -0.122523 2.4207 -1.34915</i>
                        <i>1 0 0 0 1 0 0 0 1 -0.117268 2.4419 -1.34915</i>
                        <i>1 0 0 0 1 0 0 0 1 -0.107401 2.46771 -1.34915</i>
                        <i>1 0 0 0 1 0 0 0 1 -0.0958816 2.49303 -1.34915</i>
                        <i>1 0 0 0 1 0 0 0 1 -0.0856725 2.51276 -1.34915</i>
                        <i>1 0 0 0 1 0 0 0 1 -0.0797345 2.52181 -1.34915</i>
                        <i>1 0 0 0 1 0 0 0 1 -0.0751105 2.52125 -1.35057</i>
                        <i>1 0 0 0 1 0 0 0 1 -0.0674323 2.51605 -1.35454</i>
                        <i>1 0 0 0 1 0 0 0 1 -0.0575695 2.50702 -1.36062</i>
                        <i>1 0 0 0 1 0 0 0 1 -0.0463984 2.49507 -1.36839</i>
                        <i>1 0 0 0 1 0 0 0 1 -0.0347684 2.48124 -1.37737</i>
                        <i>1 0 0 0 1 0 0 0 1 -0.0234721 2.46673 -1.38703</i>
                        <i>1 0 0 0 1 0 0 0 1 -0.0132245 2.45285 -1.39677</i>
                        <i>1 0 0 0 1 0 0 0 1 -0.00465504 2.44101 -1.40588</i>
                        <i>1 0 0 0 1 0 0 0 1 0.00168522 2.43265 -1.41357</i>
                        <i>1 0 0 0 1 0 0 0 1 0.00146296 2.43304 -1.41775</i>
                        <i>1 0 0 0 1 0 0 0 1 -0.00506783 2.44101 -1.41863</i>
                        <i>1 0 0 0 1 0 0 0 1 -0.011685 2.44832 -1.41924</i>
                        <i>1 0 0 0 1 0 0 0 1 -0.0169504 2.45426 -1.42102</i>
                        <i>1 0 0 0 1 0 0 0 1 -0.0230216 2.4624 -1.42286</i>
                        <i>1 0 0 0 1 0 0 0 1 -0.0293452 2.47106 -1.42456</i>
                        <i>1 0 0 0 1 0 0 0 1 -0.0353375 2.47859 -1.42598</i>
                        <i>1 0 0 0 1 0 0 0 1 -0.0403894 2.48339 -1.42704</i>
                        <i>1 0 0 0 1 0 0 0 1 -0.0438775 2.4839 -1.4277</i>
                        <i>1 0 0 0 1 0 0 0 1 -0.0451775 2.47857 -1.42793</i>
                        <i>1 0 0 0 1 0 0 0 1 -0.0452098 2.4682 -1.43194</i>
                        <i>1 0 0 0 1 0 0 0 1 -0.0452976 2.45511 -1.44278</i>
                        <i>1 0 0 0 1 0 0 0 1 -0.045427 2.44 -1.45866</i>
                        <i>1 0 0 0 1 0 0 0 1 -0.0455841 2.42356 -1.47779</i>
                        <i>1 0 0 0 1 0 0 0 1 -0.0457544 2.40647 -1.49842</i>
                        <i>1 0 0 0 1 0 0 0 1 -0.0459238 2.38941 -1.51885</i>
                        <i>1 0 0 0 1 0 0 0 1 -0.0460782 2.37308 -1.53746</i>
                        <i>1 0 0 0 1 0 0 0 1 -0.0462043 2.35818 -1.55267</i>
                        <i>1 0 0 0 1 0 0 0 1 -0.0462892 2.34543 -1.56292</i>
                        <i>1 0 0 0 1 0 0 0 1 -0.0463203 2.33555 -1.56669</i>
                        <i>1 0 0 0 1 0 0 0 1 -0.0463203 2.33362 -1.56669</i>
                        <i>1 0 0 0 1 0 0 0 1 -0.0463203 2.34146 -1.56669</i>
                        <i>1 0 0 0 1 0 0 0 1 -0.0463203 2.35489 -1.56669</i>
                        <i>1 0 0 0 1 0 0 0 1 -0.0463203 2.3697 -1.56669</i>
                        <i>1 0 0 0 1 0 0 0 1 -0.0463203 2.38173 -1.56669</i>
                        <i>1 0 0 0 1 0 0 0 1 -0.0463203 2.38173 -1.56669</i>
                        <i>1 0 0 0 1 0 0 0 1 -0.0463203 2.38173 -1.56669</i>
                        <i>1 0 0 0 1 0 0 0 1 -0.0463203 2.38173 -1.56669</i>
                        <i>1 0 0 0 1 0 0 0 1 -0.0463203 2.38173 -1.56669</i>
                        <i>1 0 0 0 1 0 0 0 1 -0.0463203 2.38173 -1.56669</i>
                        <i>1 0 0 0 1 0 0 0 1 -0.0463203 2.38173 -1.56669</i>
                        <i>1 0 0 0 1 0 0 0 1 -0.0463203 2.38173 -1.56669</i>
                        <i>1 0 0 0 1 0 0 0 1 -0.0463203 2.38173 -1.56669</i>
                        <i>1 0 0 0 1 0 0 0 1 -0.0463203 2.38173 -1.56669</i>
                        <i>1 0 0 0 1 0 0 0 1 -0.0463203 2.38173 -1.56669</i>
                    </KeyFrames>
                </p>
            </i>
            <i>
                <p>
                    <Name>
                        <![CDATA[spine0]]>
</Name>
                    <Exclude>0</Exclude>
                    <Additive>0</Additive>
                    <IKPriority>0</IKPriority>
                    <IKRotLimits>-1e+010 -1e+010 -1e+010 1e+010 1e+010 1e+010</IKRotLimits>
                    <IKRotLimitOrder>0</IKRotLimitOrder>
                    <KeyFrames count="131">
                        <i>-0.284912 0.805503 0.519605 -0.931573 -0.360387 0.0478759 0.225823 -0.47041 0.853064 -0.0767924 2.50352 -1.63693</i>
                        <i>-0.294419 0.855838 0.425275 -0.929379 -0.360079 0.0812239 0.222647 -0.371328 0.901412 -0.0766632 2.48514 -1.61049</i>
                        <i>-0.30096 0.902152 0.309103 -0.929571 -0.349885 0.116097 0.212888 -0.252392 0.943916 -0.075664 2.45933 -1.57873</i>
                        <i>-0.30305 0.929572 0.209898 -0.931283 -0.335606 0.141705 0.202168 -0.152531 0.9674 -0.0757647 2.44133 -1.54847</i>
                        <i>-0.300194 0.938422 0.171023 -0.933424 -0.325926 0.14997 0.196476 -0.114617 0.973787 -0.0789897 2.44767 -1.53466</i>
                        <i>-0.291068 0.939999 0.177994 -0.937033 -0.317639 0.145175 0.193002 -0.124531 0.973264 -0.0847725 2.48509 -1.53477</i>
                        <i>-0.27623 0.942772 0.186758 -0.942959 -0.30342 0.136981 0.185808 -0.138267 0.972809 -0.0909738 2.53991 -1.53501</i>
                        <i>-0.258363 0.945973 0.195919 -0.949868 -0.285719 0.126947 0.176066 -0.153299 0.972368 -0.0972514 2.59763 -1.53527</i>
                        <i>-0.240587 0.949075 0.203406 -0.956465 -0.26748 0.116742 0.165204 -0.166465 0.97211 -0.1033 2.6439 -1.53547</i>
                        <i>-0.226458 0.951845 0.206658 -0.961586 -0.252271 0.108221 0.155143 -0.174212 0.97241 -0.108836 2.66455 -1.53555</i>
                        <i>-0.216285 0.955335 0.201387 -0.965498 -0.239926 0.101235 0.145032 -0.172543 0.974266 -0.11354 2.6401 -1.53553</i>
                        <i>-0.208833 0.959265 0.190262 -0.968541 -0.229796 0.0955092 0.13534 -0.164331 0.977076 -0.116699 2.58065 -1.53547</i>
                        <i>-0.204754 0.96211 0.180056 -0.970291 -0.22373 0.092092 0.128886 -0.15585 0.979336 -0.117444 2.51642 -1.53541</i>
                        <i>-0.204004 0.963142 0.17533 -0.970718 -0.22222 0.0912461 0.126845 -0.151581 0.980272 -0.114908 2.47768 -1.53538</i>
                        <i>-0.208009 0.962219 0.17569 -0.969652 -0.226446 0.0921789 0.128481 -0.151184 0.98012 -0.109689 2.46562 -1.53535</i>
                        <i>-0.216874 0.959878 0.177763 -0.967287 -0.235852 0.0934362 0.131613 -0.151684 0.979627 -0.103207 2.46035 -1.53522</i>
                        <i>-0.228576 0.956582 0.180844 -0.964118 -0.24819 0.0942211 0.135014 -0.152818 0.978988 -0.0958333 2.46047 -1.53498</i>
                        <i>-0.240992 0.952881 0.184229 -0.96076 -0.261091 0.0936515 0.137339 -0.154431 0.978411 -0.0879436 2.4646 -1.53461</i>
                        <i>-0.251801 0.949501 0.187199 -0.958035 -0.271938 0.0906549 0.136983 -0.156516 0.97813 -0.0799168 2.47136 -1.53409</i>
                        <i>-0.258475 0.947342 0.189034 -0.956951 -0.277846 0.0839402 0.132042 -0.1592 0.978376 -0.0721365 2.47945 -1.53347</i>
                        <i>-0.258372 0.947366 0.189053 -0.958511 -0.275794 0.0720729 0.120419 -0.162588 0.979318 -0.0649883 2.48754 -1.53279</i>
                        <i>-0.235259 0.954215 0.184737 -0.968327 -0.246471 0.0399414 0.083645 -0.16949 0.981976 -0.0600509 2.50841 -1.52556</i>
                        <i>-0.190276 0.9646 0.182599 -0.98111 -0.193448 -0.000450006 0.0348894 -0.179236 0.983187 -0.0573542 2.54345 -1.50902</i>
                        <i>-0.146496 0.970792 0.190005 -0.989211 -0.143867 -0.027632 0.000510534 -0.192003 0.981394 -0.0554808 2.5759 -1.49082</i>
                        <i>-0.123041 0.972788 0.196329 -0.992239 -0.117011 -0.0420676 -0.0179502 -0.199981 0.979635 -0.0540714 2.5934 -1.48185</i>
                        <i>-0.117813 0.97356 0.195705 -0.99261 -0.109683 -0.0519112 -0.0290732 -0.200375 0.979288 -0.0533957 2.59943 -1.48144</i>
                        <i>-0.117205 0.973813 0.194809 -0.992361 -0.107239 -0.0609789 -0.038491 -0.200468 0.978944 -0.0537396 2.60432 -1.48111</i>
                        <i>-0.12024 0.973665 0.193697 -0.991661 -0.108686 -0.069251 -0.0463752 -0.200408 0.978614 -0.0549393 2.60819 -1.48085</i>
                        <i>-0.125954 0.973191 0.192445 -0.990625 -0.113042 -0.0767049 -0.0528941 -0.200302 0.978305 -0.0568232 2.61116 -1.48065</i>
                        <i>-0.133397 0.972456 0.191142 -0.989352 -0.119339 -0.083317 -0.0582115 -0.200221 0.97802 -0.0592146 2.61335 -1.48051</i>
                        <i>-0.141629 0.971536 0.189892 -0.987946 -0.126612 -0.089065 -0.0624872 -0.200217 0.977757 -0.0619333 2.61488 -1.48042</i>
                        <i>-0.149711 0.970535 0.188808 -0.986533 -0.133906 -0.0939288 -0.0658787 -0.200328 0.977512 -0.0647975 2.61587 -1.48037</i>
                        <i>-0.15671 0.969584 0.188014 -0.985263 -0.140262 -0.0978908 -0.0685423 -0.200583 0.977276 -0.0676253 2.61644 -1.48037</i>
                        <i>-0.161689 0.96884 0.187633 -0.984311 -0.144723 -0.100935 -0.0706352 -0.201009 0.977039 -0.070236 2.61671 -1.48039</i>
                        <i>-0.163707 0.968471 0.18779 -0.983855 -0.146326 -0.103046 -0.0723184 -0.201627 0.976789 -0.0724513 2.6168 -1.48043</i>
                        <i>-0.15364 0.96985 0.189169 -0.985188 -0.135597 -0.104965 -0.0761498 -0.202493 0.976318 -0.0756824 2.61492 -1.48048</i>
                        <i>-0.128556 0.972966 0.191862 -0.988328 -0.109752 -0.105651 -0.0817378 -0.203205 0.975719 -0.0806523 2.61031 -1.48058</i>
                        <i>-0.0970875 0.976 0.194932 -0.991664 -0.0781905 -0.102416 -0.0847165 -0.20325 0.975455 -0.0861859 2.6047 -1.48082</i>
                        <i>-0.0686455 0.977899 0.197486 -0.994383 -0.0510823 -0.0926979 -0.0805611 -0.20274 0.975913 -0.0911563 2.59997 -1.48125</i>
                        <i>-0.0533344 0.978508 0.199191 -0.996482 -0.0392408 -0.0740463 -0.0646385 -0.202439 0.977159 -0.0944671 2.59814 -1.48196</i>
                        <i>-0.0510244 0.978471 0.199977 -0.997958 -0.0422498 -0.0479058 -0.0384254 -0.202013 0.978629 -0.0965792 2.59895 -1.48405</i>
                        <i>-0.0536783 0.978208 0.200569 -0.998532 -0.0511346 -0.0178455 -0.00720063 -0.201233 0.979517 -0.0986228 2.60054 -1.48811</i>
                        <i>-0.0596272 0.977439 0.202628 -0.997824 -0.0640868 0.0155139 0.0281496 -0.201262 0.979133 -0.100467 2.60246 -1.49348</i>
                        <i>-0.0669242 0.975972 0.207366 -0.995529 -0.0792001 0.0514645 0.0666513 -0.202995 0.976909 -0.101914 2.60431 -1.49953</i>
                        <i>-0.0734069 0.973822 0.215133 -0.991544 -0.0944123 0.0890363 0.107017 -0.206778 0.972517 -0.102704 2.60573 -1.50566</i>
                        <i>-0.0769185 0.971254 0.225277 -0.986066 -0.107531 0.126926 0.147502 -0.212375 0.965992 -0.102523 2.60648 -1.51132</i>
                        <i>-0.0755551 0.968737 0.236304 -0.979658 -0.116298 0.163537 0.185906 -0.219141 0.957818 -0.101021 2.60635 -1.51605</i>
                        <i>-0.0677905 0.966842 0.246211 -0.973202 -0.118431 0.197108 0.219731 -0.226251 0.948962 -0.0978123 2.60521 -1.51942</i>
                        <i>-0.0524075 0.966089 0.252836 -0.967736 -0.111616 0.225895 0.246455 -0.23284 0.940768 -0.0924653 2.60289 -1.52102</i>
                        <i>-0.0238088 0.964496 0.263021 -0.964194 -0.0916639 0.248852 0.264126 -0.247678 0.932144 -0.082469 2.59694 -1.52008</i>
                        <i>0.0167749 0.959367 0.281663 -0.961825 -0.0614749 0.266672 0.273151 -0.275384 0.921712 -0.0670866 2.58669 -1.51684</i>
                        <i>0.0598127 0.950792 0.304001 -0.959467 -0.0292627 0.280299 0.275402 -0.308444 0.910503 -0.0486133 2.57453 -1.5124</i>
                        <i>0.0957263 0.940714 0.325413 -0.956931 -0.00304397 0.290299 0.274079 -0.339187 0.899907 -0.0294646 2.56279 -1.50795</i>
                        <i>0.115311 0.932858 0.341291 -0.954878 0.00942887 0.296849 0.2737 -0.360121 0.891853 -0.0121112 2.55389 -1.50458</i>
                        <i>0.109645 0.93145 0.346957 -0.953922 0.000522406 0.300055 0.279305 -0.363869 0.888588 0.000998974 2.55036 -1.50332</i>
                        <i>0.0556791 0.937688 0.342988 -0.951721 -0.0540177 0.302175 0.301874 -0.343254 0.889409 0.00684173 2.55855 -1.50392</i>
                        <i>-0.045801 0.94155 0.333746 -0.939747 -0.153918 0.305262 0.338789 -0.299656 0.891868 0.00597076 2.5779 -1.5054</i>
                        <i>-0.16619 0.932773 0.319867 -0.912131 -0.268669 0.30957 0.374697 -0.240313 0.895462 0.00129971 2.60055 -1.50769</i>
                        <i>-0.274926 0.91322 0.300739 -0.874994 -0.367289 0.315412 0.398498 -0.17643 0.90004 -0.0040146 2.61795 -1.51079</i>
                        <i>-0.333862 0.910102 0.24546 -0.859287 -0.400896 0.317661 0.387507 -0.104866 0.915883 -0.0125028 2.62441 -1.51676</i>
                        <i>-0.351176 0.921719 0.164647 -0.868736 -0.386346 0.309894 0.349246 -0.0342077 0.936407 -0.0267594 2.6223 -1.52394</i>
                        <i>-0.36697 0.922046 0.123138 -0.870967 -0.38706 0.302655 0.326724 0.003816 0.945112 -0.0443119 2.61481 -1.5272</i>
                        <i>-0.389796 0.910799 0.136029 -0.858832 -0.412847 0.303258 0.332366 0.0013822 0.943149 -0.0673577 2.60319 -1.52571</i>
                        <i>-0.401797 0.900514 0.166237 -0.848987 -0.434357 0.300923 0.343191 -0.020223 0.939048 -0.0948805 2.58804 -1.52237</i>
                        <i>-0.407139 0.890715 0.202152 -0.843314 -0.451595 0.291348 0.350799 -0.0518585 0.935014 -0.120299 2.57193 -1.51794</i>
                        <i>-0.411216 0.881455 0.232246 -0.842993 -0.464675 0.270998 0.346791 -0.0843432 0.934142 -0.137253 2.5576 -1.51329</i>
                        <i>-0.420131 0.873743 0.245077 -0.848 -0.474166 0.236773 0.323086 -0.108349 0.940147 -0.139616 2.54792 -1.50929</i>
                        <i>-0.422512 0.874028 0.239915 -0.862235 -0.469189 0.190818 0.279345 -0.126241 0.951856 -0.125253 2.54224 -1.50601</i>
                        <i>-0.406693 0.885245 0.225705 -0.886036 -0.442403 0.138635 0.222579 -0.143601 0.964281 -0.0990421 2.53713 -1.50275</i>
                        <i>-0.377518 0.902912 0.205498 -0.912682 -0.400315 0.0822176 0.156499 -0.156516 0.975198 -0.0655579 2.53162 -1.49923</i>
                        <i>-0.340513 0.922318 0.182702 -0.936322 -0.35035 0.0235615 0.0857407 -0.163045 0.982886 -0.0294061 2.52528 -1.49529</i>
                        <i>-0.302584 0.939419 0.161044 -0.953 -0.300904 -0.0353165 0.0152819 -0.164161 0.986315 0.00500395 2.51836 -1.49086</i>
                        <i>-0.27211 0.95136 0.144465 -0.960955 -0.260826 -0.0923816 -0.0502078 -0.163963 0.985188 0.033594 2.5117 -1.486</i>
                        <i>-0.258525 0.956243 0.136983 -0.960117 -0.23872 -0.145564 -0.106494 -0.169152 0.97982 0.0525379 2.50645 -1.48086</i>
                        <i>-0.185666 0.960743 0.206158 -0.963062 -0.136277 -0.232251 -0.195039 -0.241664 0.950557 0.02297 2.49434 -1.48522</i>
                        <i>-0.0829473 0.957628 0.275805 -0.954346 0.00336101 -0.298686 -0.286957 -0.287988 0.913629 -0.0222039 2.487 -1.48762</i>
                        <i>-0.0623408 0.971233 0.229828 -0.948991 0.0136285 -0.315007 -0.309077 -0.237742 0.920842 -0.0444356 2.49482 -1.47378</i>
                        <i>-0.0720973 0.983706 0.164697 -0.948688 -0.0166622 -0.315774 -0.307885 -0.179013 0.934431 -0.07034 2.50446 -1.45612</i>
                        <i>-0.105111 0.98934 0.100786 -0.947852 -0.0690057 -0.31115 -0.300879 -0.128236 0.945001 -0.0957939 2.51488 -1.437</i>
                        <i>-0.151452 0.987104 0.0518412 -0.942785 -0.128495 -0.307645 -0.297016 -0.0954684 0.950088 -0.117139 2.52609 -1.41924</i>
                        <i>-0.198769 0.979794 0.0222519 -0.93337 -0.18233 -0.309155 -0.298851 -0.0822197 0.950751 -0.131457 2.53885 -1.40603</i>
                        <i>-0.233997 0.972166 0.0117697 -0.922567 -0.218206 -0.318208 -0.306783 -0.0853182 0.947948 -0.136336 2.55429 -1.40071</i>
                        <i>-0.244059 0.969686 0.0119854 -0.914635 -0.22606 -0.335172 -0.322302 -0.0927641 0.942081 -0.13081 2.57585 -1.39984</i>
                        <i>-0.232316 0.972518 0.0154357 -0.910309 -0.211811 -0.355632 -0.342589 -0.0966702 0.934499 -0.118295 2.60254 -1.39813</i>
                        <i>-0.210525 0.977315 0.0231411 -0.908041 -0.186724 -0.374961 -0.362134 -0.0999517 0.926752 -0.102865 2.6288 -1.39619</i>
                        <i>-0.187269 0.981719 0.0340355 -0.907406 -0.159615 -0.388764 -0.376224 -0.103687 0.920708 -0.0885678 2.64922 -1.39461</i>
                        <i>-0.168477 0.984609 0.0464718 -0.909364 -0.137064 -0.392772 -0.380357 -0.108433 0.918461 -0.0794448 2.6585 -1.39399</i>
                        <i>-0.1543 0.986361 0.057305 -0.913947 -0.120457 -0.387546 -0.375357 -0.112172 0.920068 -0.0719931 2.65728 -1.39727</i>
                        <i>-0.141752 0.987744 0.0653302 -0.91991 -0.107067 -0.377229 -0.365611 -0.113571 0.923813 -0.0608751 2.6502 -1.4061</i>
                        <i>-0.131592 0.988641 0.0726157 -0.926828 -0.0967161 -0.362816 -0.351671 -0.115046 0.929027 -0.0474425 2.63807 -1.4191</i>
                        <i>-0.124456 0.988901 0.0811487 -0.934281 -0.0892567 -0.345185 -0.33411 -0.118776 0.93502 -0.0330228 2.62193 -1.4349</i>
                        <i>-0.120617 0.988407 0.0922082 -0.941876 -0.0846068 -0.325133 -0.313562 -0.126065 0.941162 -0.0188254 2.60313 -1.4521</i>
                        <i>-0.119912 0.987114 0.105956 -0.949256 -0.0827433 -0.303423 -0.290746 -0.136964 0.946946 -0.00587057 2.5834 -1.46933</i>
                        <i>-0.121897 0.985077 0.121512 -0.956093 -0.0836647 -0.280869 -0.266511 -0.150414 0.952023 0.00503921 2.56479 -1.48527</i>
                        <i>-0.126104 0.982451 0.137433 -0.962064 -0.0873302 -0.258469 -0.241931 -0.164814 0.956193 0.0133009 2.54954 -1.4986</i>
                        <i>-0.132234 0.979452 0.152279 -0.966846 -0.0935925 -0.23759 -0.218456 -0.178648 0.959355 0.0184507 2.53988 -1.50799</i>
                        <i>-0.130491 0.978614 0.159018 -0.972203 -0.0948517 -0.214067 -0.194406 -0.182532 0.963789 0.0154487 2.53941 -1.51359</i>
                        <i>-0.121931 0.980199 0.156024 -0.97848 -0.0923451 -0.184527 -0.166465 -0.175166 0.970364 0.00481981 2.5457 -1.51681</i>
                        <i>-0.120893 0.981073 0.15126 -0.983626 -0.0978759 -0.151327 -0.133658 -0.167078 0.976842 -0.00549603 2.55208 -1.5187</i>
                        <i>-0.132825 0.980039 0.147925 -0.986869 -0.116932 -0.111425 -0.0919041 -0.160782 0.982702 -0.0147941 2.55753 -1.52115</i>
                        <i>-0.153071 0.977634 0.144222 -0.98736 -0.145231 -0.063469 -0.041104 -0.152114 0.987508 -0.0267035 2.56426 -1.52439</i>
                        <i>-0.178546 0.973763 0.141094 -0.983842 -0.178622 -0.0122325 0.013291 -0.140998 0.989921 -0.0398283 2.57081 -1.5277</i>
                        <i>-0.206071 0.968603 0.139076 -0.976322 -0.213076 0.0373486 0.0658097 -0.128086 0.989577 -0.0526848 2.57582 -1.53059</i>
                        <i>-0.232467 0.962732 0.138224 -0.966224 -0.24485 0.0803768 0.111225 -0.11487 0.987134 -0.0637427 2.57812 -1.53277</i>
                        <i>-0.254661 0.957108 0.138176 -0.956143 -0.270591 0.112119 0.144699 -0.103564 0.984041 -0.0714744 2.57668 -1.53413</i>
                        <i>-0.269731 0.952949 0.138325 -0.949268 -0.287262 0.12795 0.161665 -0.0967951 0.982087 -0.0743807 2.57057 -1.5346</i>
                        <i>-0.278905 0.948534 0.149983 -0.945267 -0.298708 0.131314 0.169357 -0.10515 0.979929 -0.0744555 2.5612 -1.53773</i>
                        <i>-0.285575 0.941007 0.181532 -0.941673 -0.310713 0.129263 0.178041 -0.134029 0.974853 -0.074657 2.55076 -1.54615</i>
                        <i>-0.290074 0.929475 0.227889 -0.938442 -0.322938 0.122628 0.187574 -0.17829 0.965934 -0.0749489 2.53945 -1.55833</i>
                        <i>-0.292686 0.913093 0.283895 -0.935549 -0.334833 0.112406 0.197694 -0.232698 0.952244 -0.075295 2.52743 -1.57279</i>
                        <i>-0.293709 0.891713 0.344358 -0.932978 -0.34583 0.0997696 0.208055 -0.291975 0.933522 -0.0756604 2.5149 -1.58811</i>
                        <i>-0.293495 0.866298 0.404214 -0.930715 -0.355475 0.0860604 0.218242 -0.35095 0.910607 -0.0760131 2.50214 -1.60301</i>
                        <i>-0.292475 0.839061 0.458731 -0.928744 -0.363513 0.0727546 0.2278 -0.404765 0.885592 -0.0763254 2.48951 -1.61636</i>
                        <i>-0.291167 0.813354 0.503663 -0.927041 -0.369896 0.0614153 0.236255 -0.449034 0.861714 -0.0765735 2.47748 -1.62711</i>
                        <i>-0.290157 0.793298 0.535245 -0.925579 -0.374733 0.0536417 0.243128 -0.479848 0.842992 -0.076737 2.46658 -1.63428</i>
                        <i>-0.290067 0.783207 0.549953 -0.92433 -0.378166 0.05103 0.247941 -0.493536 0.833635 -0.0767962 2.45736 -1.6369</i>
                        <i>-0.29007 0.78249 0.55097 -0.924159 -0.378573 0.0511081 0.248574 -0.494359 0.832959 -0.0767958 2.45543 -1.6369</i>
                        <i>-0.289182 0.786496 0.545709 -0.9255 -0.375359 0.0505414 0.244588 -0.490438 0.836449 -0.0767948 2.46327 -1.63691</i>
                        <i>-0.287772 0.793031 0.536926 -0.92762 -0.370213 0.0496285 0.238134 -0.483782 0.842168 -0.0767937 2.47668 -1.63692</i>
                        <i>-0.286217 0.799991 0.527347 -0.929835 -0.364746 0.0486556 0.231272 -0.47642 0.848256 -0.0767928 2.4915 -1.63693</i>
                        <i>-0.284912 0.805503 0.519605 -0.931573 -0.360387 0.0478759 0.225823 -0.47041 0.853064 -0.0767924 2.50352 -1.63693</i>
                        <i>-0.284912 0.805503 0.519605 -0.931573 -0.360387 0.0478759 0.225823 -0.47041 0.853064 -0.0767924 2.50352 -1.63693</i>
                        <i>-0.284912 0.805503 0.519605 -0.931573 -0.360387 0.0478759 0.225823 -0.47041 0.853064 -0.0767924 2.50352 -1.63693</i>
                        <i>-0.284912 0.805503 0.519605 -0.931573 -0.360387 0.0478759 0.225823 -0.47041 0.853064 -0.0767924 2.50352 -1.63693</i>
                        <i>-0.284912 0.805503 0.519605 -0.931573 -0.360387 0.0478759 0.225823 -0.47041 0.853064 -0.0767924 2.50352 -1.63693</i>
                        <i>-0.284912 0.805503 0.519605 -0.931573 -0.360387 0.0478759 0.225823 -0.47041 0.853064 -0.0767924 2.50352 -1.63693</i>
                        <i>-0.284912 0.805503 0.519605 -0.931573 -0.360387 0.0478759 0.225823 -0.47041 0.853064 -0.0767924 2.50352 -1.63693</i>
                        <i>-0.284912 0.805503 0.519605 -0.931573 -0.360387 0.0478759 0.225823 -0.47041 0.853064 -0.0767924 2.50352 -1.63693</i>
                        <i>-0.284912 0.805503 0.519605 -0.931573 -0.360387 0.0478759 0.225823 -0.47041 0.853064 -0.0767924 2.50352 -1.63693</i>
                        <i>-0.284912 0.805503 0.519605 -0.931573 -0.360387 0.0478759 0.225823 -0.47041 0.853064 -0.0767924 2.50352 -1.63693</i>
                        <i>-0.284912 0.805503 0.519605 -0.931573 -0.360387 0.0478759 0.225823 -0.47041 0.853064 -0.0767924 2.50352 -1.63693</i>
                    </KeyFrames>
                </p>
            </i>
            <i>
                <p>
                    <Name>
                        <![CDATA[spine1]]>
</Name>
                    <Exclude>0</Exclude>
                    <Additive>0</Additive>
                    <IKPriority>0</IKPriority>
                    <IKRotLimits>-1e+010 -1e+010 -1e+010 1e+010 1e+010 1e+010</IKRotLimits>
                    <IKRotLimitOrder>0</IKRotLimitOrder>
                    <KeyFrames count="131">
                        <i>-0.217021 0.484848 0.847245 -0.951595 -0.29859 -0.0728776 0.217644 -0.82205 0.526179 -0.144952 2.69615 -1.51315</i>
                        <i>-0.225771 0.55874 0.798021 -0.948202 -0.313953 -0.0484427 0.223474 -0.767622 0.600679 -0.144836 2.68321 -1.51247</i>
                        <i>-0.2341 0.64538 0.727105 -0.946392 -0.322492 -0.0184575 0.222573 -0.692447 0.686278 -0.143738 2.66325 -1.5092</i>
                        <i>-0.23818 0.711474 0.661116 -0.946389 -0.322963 0.00660836 0.218217 -0.624099 0.750254 -0.143129 2.64782 -1.50215</i>
                        <i>-0.234474 0.73329 0.638206 -0.948096 -0.317554 0.0165383 0.214792 -0.601203 0.769688 -0.144719 2.653 -1.49753</i>
                        <i>-0.228341 0.723014 0.652006 -0.949143 -0.314425 0.0162653 0.216767 -0.615133 0.75804 -0.147418 2.68727 -1.49675</i>
                        <i>-0.225881 0.70933 0.667704 -0.948147 -0.317405 0.0164398 0.223594 -0.629368 0.744245 -0.149311 2.7389 -1.49583</i>
                        <i>-0.224549 0.695679 0.682355 -0.946591 -0.321999 0.0167834 0.231394 -0.642142 0.730829 -0.150873 2.79386 -1.49485</i>
                        <i>-0.221527 0.6858 0.693256 -0.94633 -0.32276 0.0168931 0.235341 -0.652307 0.720493 -0.152591 2.83825 -1.49402</i>
                        <i>-0.213798 0.683359 0.698077 -0.949411 -0.313617 0.016231 0.23002 -0.659291 0.715839 -0.154971 2.85837 -1.49367</i>
                        <i>-0.201999 0.694391 0.690665 -0.9561 -0.292677 0.0146243 0.212297 -0.65739 0.723027 -0.158012 2.83644 -1.49435</i>
                        <i>-0.190807 0.714647 0.672958 -0.963 -0.269197 0.0128293 0.190327 -0.645611 0.739569 -0.160594 2.78217 -1.49574</i>
