<?xml version="1.0" encoding="ISO-8859-1" ?>
<Animl Version="1">
    <ModellingPackage>
        <![CDATA[Maya.2010]]>
</ModellingPackage>
    <SrcFile>
        <![CDATA[anims\turrets\machinegun\blue\~src\mgun_m2browning\mgun_m2browning_fire_random_crewman_c.mb]]>
</SrcFile>
    <FramesPerSecond>30</FramesPerSecond>
    <TotalFrames>41</TotalFrames>
    <Skeleton>
        <RefFrame>
            <Name>
                <![CDATA[soldier_ref_frame]]>
</Name>
            <Exclude>0</Exclude>
            <Additive>0</Additive>
            <IKPriority>0</IKPriority>
            <IKRotLimits>-1e+010 -1e+010 -1e+010 1e+010 1e+010 1e+010</IKRotLimits>
            <IKRotLimitOrder>0</IKRotLimitOrder>
            <KeyFrames count="41">
                <i>1 0 0 0 1 0 0 0 1 -1.51 0.91 0.63</i>
                <i>1 0 0 0 1 0 0 0 1 -1.51 0.91 0.63</i>
                <i>1 0 0 0 1 0 0 0 1 -1.51 0.91 0.63</i>
                <i>1 0 0 0 1 0 0 0 1 -1.51 0.91 0.63</i>
                <i>1 0 0 0 1 0 0 0 1 -1.51 0.91 0.63</i>
                <i>1 0 0 0 1 0 0 0 1 -1.51 0.91 0.63</i>
                <i>1 0 0 0 1 0 0 0 1 -1.51 0.91 0.63</i>
                <i>1 0 0 0 1 0 0 0 1 -1.51 0.91 0.63</i>
                <i>1 0 0 0 1 0 0 0 1 -1.51 0.91 0.63</i>
                <i>1 0 0 0 1 0 0 0 1 -1.51 0.91 0.63</i>
                <i>1 0 0 0 1 0 0 0 1 -1.51 0.91 0.63</i>
                <i>1 0 0 0 1 0 0 0 1 -1.51 0.91 0.63</i>
                <i>1 0 0 0 1 0 0 0 1 -1.51 0.91 0.63</i>
                <i>1 0 0 0 1 0 0 0 1 -1.51 0.91 0.63</i>
                <i>1 0 0 0 1 0 0 0 1 -1.51 0.91 0.63</i>
                <i>1 0 0 0 1 0 0 0 1 -1.51 0.91 0.63</i>
                <i>1 0 0 0 1 0 0 0 1 -1.51 0.91 0.63</i>
                <i>1 0 0 0 1 0 0 0 1 -1.51 0.91 0.63</i>
                <i>1 0 0 0 1 0 0 0 1 -1.51 0.91 0.63</i>
                <i>1 0 0 0 1 0 0 0 1 -1.51 0.91 0.63</i>
                <i>1 0 0 0 1 0 0 0 1 -1.51 0.91 0.63</i>
                <i>1 0 0 0 1 0 0 0 1 -1.51 0.91 0.63</i>
                <i>1 0 0 0 1 0 0 0 1 -1.51 0.91 0.63</i>
                <i>1 0 0 0 1 0 0 0 1 -1.51 0.91 0.63</i>
                <i>1 0 0 0 1 0 0 0 1 -1.51 0.91 0.63</i>
                <i>1 0 0 0 1 0 0 0 1 -1.51 0.91 0.63</i>
                <i>1 0 0 0 1 0 0 0 1 -1.51 0.91 0.63</i>
                <i>1 0 0 0 1 0 0 0 1 -1.51 0.91 0.63</i>
                <i>1 0 0 0 1 0 0 0 1 -1.51 0.91 0.63</i>
                <i>1 0 0 0 1 0 0 0 1 -1.51 0.91 0.63</i>
                <i>1 0 0 0 1 0 0 0 1 -1.51 0.91 0.63</i>
                <i>1 0 0 0 1 0 0 0 1 -1.51 0.91 0.63</i>
                <i>1 0 0 0 1 0 0 0 1 -1.51 0.91 0.63</i>
                <i>1 0 0 0 1 0 0 0 1 -1.51 0.91 0.63</i>
                <i>1 0 0 0 1 0 0 0 1 -1.51 0.91 0.63</i>
                <i>1 0 0 0 1 0 0 0 1 -1.51 0.91 0.63</i>
                <i>1 0 0 0 1 0 0 0 1 -1.51 0.91 0.63</i>
                <i>1 0 0 0 1 0 0 0 1 -1.51 0.91 0.63</i>
                <i>1 0 0 0 1 0 0 0 1 -1.51 0.91 0.63</i>
                <i>1 0 0 0 1 0 0 0 1 -1.51 0.91 0.63</i>
                <i>1 0 0 0 1 0 0 0 1 -1.51 0.91 0.63</i>
            </KeyFrames>
        </RefFrame>
        <Bones count="23">
            <i>
                <p>
                    <Name>
                        <![CDATA[pelvis]]>
</Name>
                    <Exclude>0</Exclude>
                    <Additive>0</Additive>
                    <IKPriority>0</IKPriority>
                    <IKRotLimits>-1e+010 -1e+010 -1e+010 1e+010 1e+010 1e+010</IKRotLimits>
                    <IKRotLimitOrder>2</IKRotLimitOrder>
                    <KeyFrames count="41">
                        <i>1 0 0 0 1 0 0 0 1 -1.51092 1.59257 0.768463</i>
                        <i>1 0 0 0 1 0 0 0 1 -1.51092 1.61063 0.760856</i>
                        <i>1 0 0 0 1 0 0 0 1 -1.51092 1.62801 0.752813</i>
                        <i>1 0 0 0 1 0 0 0 1 -1.51092 1.64675 0.74564</i>
                        <i>1 0 0 0 1 0 0 0 1 -1.51092 1.66888 0.740641</i>
                        <i>1 0 0 0 1 0 0 0 1 -1.51092 1.70138 0.738684</i>
                        <i>1 0 0 0 1 0 0 0 1 -1.51092 1.74102 0.738902</i>
                        <i>1 0 0 0 1 0 0 0 1 -1.51092 1.77452 0.739989</i>
                        <i>1 0 0 0 1 0 0 0 1 -1.51092 1.78864 0.740641</i>
                        <i>1 0 0 0 1 0 0 0 1 -1.51092 1.78339 0.740641</i>
                        <i>1 0 0 0 1 0 0 0 1 -1.51092 1.76956 0.740641</i>
                        <i>1 0 0 0 1 0 0 0 1 -1.51092 1.75006 0.740641</i>
                        <i>1 0 0 0 1 0 0 0 1 -1.51092 1.72778 0.740641</i>
                        <i>1 0 0 0 1 0 0 0 1 -1.51092 1.70563 0.740641</i>
                        <i>1 0 0 0 1 0 0 0 1 -1.51092 1.68649 0.740641</i>
                        <i>1 0 0 0 1 0 0 0 1 -1.51092 1.67328 0.740641</i>
                        <i>1 0 0 0 1 0 0 0 1 -1.51092 1.66888 0.740641</i>
                        <i>1 0 0 0 1 0 0 0 1 -1.51092 1.69157 0.740061</i>
                        <i>1 0 0 0 1 0 0 0 1 -1.51092 1.73936 0.739095</i>
                        <i>1 0 0 0 1 0 0 0 1 -1.51092 1.78478 0.738902</i>
                        <i>1 0 0 0 1 0 0 0 1 -1.51092 1.80037 0.740641</i>
                        <i>1 0 0 0 1 0 0 0 1 -1.5104 1.77567 0.746346</i>
                        <i>1 0 0 0 1 0 0 0 1 -1.50936 1.72813 0.755161</i>
                        <i>1 0 0 0 1 0 0 0 1 -1.50858 1.67216 0.763905</i>
                        <i>1 0 0 0 1 0 0 0 1 -1.50884 1.62217 0.769399</i>
                        <i>1 0 0 0 1 0 0 0 1 -1.51092 1.59257 0.768463</i>
                        <i>1 0 0 0 1 0 0 0 1 -1.51473 1.58184 0.764627</i>
                        <i>1 0 0 0 1 0 0 0 1 -1.5195 1.57767 0.76312</i>
                        <i>1 0 0 0 1 0 0 0 1 -1.52497 1.57827 0.763311</i>
                        <i>1 0 0 0 1 0 0 0 1 -1.53087 1.58186 0.764571</i>
                        <i>1 0 0 0 1 0 0 0 1 -1.53695 1.58663 0.76627</i>
                        <i>1 0 0 0 1 0 0 0 1 -1.54294 1.5908 0.767777</i>
                        <i>1 0 0 0 1 0 0 0 1 -1.54858 1.59257 0.768463</i>
                        <i>1 0 0 0 1 0 0 0 1 -1.54858 1.59257 0.768463</i>
                        <i>1 0 0 0 1 0 0 0 1 -1.54858 1.59257 0.768463</i>
                        <i>1 0 0 0 1 0 0 0 1 -1.54858 1.59257 0.768463</i>
                        <i>1 0 0 0 1 0 0 0 1 -1.54858 1.59257 0.768463</i>
                        <i>1 0 0 0 1 0 0 0 1 -1.54858 1.59257 0.768463</i>
                        <i>1 0 0 0 1 0 0 0 1 -1.54858 1.59257 0.768463</i>
                        <i>1 0 0 0 1 0 0 0 1 -1.54858 1.59257 0.768463</i>
                        <i>1 0 0 0 1 0 0 0 1 -1.54858 1.59257 0.768463</i>
                    </KeyFrames>
                </p>
            </i>
            <i>
                <p>
                    <Name>
                        <![CDATA[spine0]]>
</Name>
                    <Exclude>0</Exclude>
                    <Additive>0</Additive>
                    <IKPriority>0</IKPriority>
                    <IKRotLimits>-1e+010 -1e+010 -1e+010 1e+010 1e+010 1e+010</IKRotLimits>
                    <IKRotLimitOrder>0</IKRotLimitOrder>
                    <KeyFrames count="41">
                        <i>-0.365762 0.845806 0.388368 -0.883565 -0.446682 0.14067 0.292456 -0.291697 0.910704 -1.57139 1.71481 0.72267</i>
                        <i>-0.399323 0.816145 0.417669 -0.866902 -0.484387 0.117692 0.298367 -0.315081 0.900944 -1.57008 1.73343 0.714855</i>
                        <i>-0.441015 0.778974 0.445764 -0.84282 -0.530165 0.0926256 0.308481 -0.334849 0.890346 -1.56933 1.75113 0.70671</i>
                        <i>-0.471181 0.740072 0.479877 -0.821048 -0.566799 0.0679539 0.322285 -0.361983 0.8747 -1.56861 1.77019 0.699486</i>
                        <i>-0.468827 0.70593 0.530908 -0.815778 -0.576518 0.0461897 0.338685 -0.411448 0.84617 -1.56735 1.79288 0.694424</i>
                        <i>-0.387886 0.671917 0.63093 -0.850742 -0.524388 0.0354306 0.354659 -0.523015 0.775031 -1.5614 1.82787 0.692328</i>
                        <i>-0.224372 0.613637 0.757039 -0.922264 -0.384644 0.0384408 0.314779 -0.689565 0.652238 -1.55025 1.87125 0.692113</i>
                        <i>-0.0622969 0.546685 0.835018 -0.981936 -0.18334 0.0467749 0.178663 -0.81702 0.548231 -1.53929 1.90731 0.692463</i>
                        <i>0.00662151 0.516254 0.85641 -0.996147 -0.0714949 0.0507999 0.0874546 -0.853446 0.513791 -1.53435 1.92223 0.692677</i>
                        <i>-0.014752 0.528439 0.848843 -0.992674 -0.109554 0.0509504 0.119919 -0.841873 0.526184 -1.53577 1.91677 0.692811</i>
                        <i>-0.0722655 0.560054 0.825298 -0.978212 -0.201265 0.050925 0.194624 -0.803637 0.562396 -1.53951 1.90231 0.693143</i>
                        <i>-0.155138 0.602324 0.783032 -0.949453 -0.309861 0.0502418 0.272893 -0.735658 0.619949 -1.54478 1.88171 0.693552</i>
                        <i>-0.249152 0.644651 0.722736 -0.911874 -0.407519 0.0491352 0.326204 -0.646802 0.689375 -1.55079 1.85788 0.693936</i>
                        <i>-0.33784 0.677486 0.653358 -0.874559 -0.482525 0.0481251 0.347865 -0.555141 0.755518 -1.55677 1.83384 0.694224</i>
                        <i>-0.407854 0.696817 0.590001 -0.844033 -0.534189 0.0474415 0.34823 -0.478631 0.806008 -1.56198 1.81279 0.694392</i>
                        <i>-0.452482 0.704882 0.546261 -0.823684 -0.565104 0.0469176 0.341766 -0.428718 0.8363 -1.56573 1.79801 0.69445</i>
                        <i>-0.468827 0.70593 0.530908 -0.815778 -0.576518 0.0461897 0.338685 -0.411448 0.84617 -1.56735 1.79288 0.694424</i>
                        <i>-0.412115 0.686463 0.599108 -0.835333 -0.54724 0.0524221 0.363842 -0.47885 0.79895 -1.56402 1.81684 0.693325</i>
                        <i>-0.25345 0.614943 0.746731 -0.890478 -0.44988 0.0682421 0.377904 -0.647652 0.661616 -1.5561 1.86725 0.691163</i>
                        <i>-0.0716617 0.517528 0.85266 -0.958893 -0.271069 0.0839374 0.27457 -0.811595 0.515679 -1.54794 1.91476 0.689603</i>
                        <i>0.0125107 0.488127 0.872683 -0.98682 -0.13479 0.0895406 0.161336 -0.862301 0.480007 -1.54401 1.93116 0.690674</i>
                        <i>-0.0295919 0.564495 0.824906 -0.978335 -0.185529 0.0918644 0.204901 -0.804316 0.557756 -1.54563 1.90608 0.696862</i>
                        <i>-0.140244 0.690001 0.710092 -0.951675 -0.291839 0.0956253 0.273214 -0.662366 0.697586 -1.5503 1.85727 0.706741</i>
                        <i>-0.261678 0.791135 0.552838 -0.921315 -0.375427 0.101161 0.287582 -0.482866 0.827126 -1.55677 1.79921 0.716655</i>
                        <i>-0.341011 0.835284 0.431292 -0.898764 -0.42418 0.110881 0.275562 -0.349818 0.895373 -1.56382 1.74677 0.723055</i>
                        <i>-0.36389 0.846645 0.388299 -0.889097 -0.439992 0.12615 0.277653 -0.299331 0.912858 -1.57038 1.71524 0.722512</i>
                        <i>-0.357214 0.849179 0.388965 -0.886133 -0.439749 0.146252 0.295241 -0.292431 0.90957 -1.5765 1.70338 0.718718</i>
                        <i>-0.350772 0.851261 0.390275 -0.88142 -0.44089 0.169457 0.31632 -0.284555 0.90497 -1.58285 1.69841 0.717241</i>
                        <i>-0.34436 0.853089 0.391989 -0.875192 -0.442808 0.194836 0.339788 -0.275972 0.899102 -1.58939 1.69847 0.717513</i>
                        <i>-0.337824 0.854757 0.394037 -0.867702 -0.445029 0.221454 0.364647 -0.267094 0.892016 -1.59606 1.70172 0.718956</i>
                        <i>-0.331066 0.856313 0.396389 -0.859268 -0.44718 0.24837 0.38994 -0.258377 0.883848 -1.60278 1.70626 0.720984</i>
                        <i>-0.324057 0.857781 0.398996 -0.850277 -0.448984 0.274668 0.414748 -0.250249 0.874848 -1.60948 1.71023 0.723002</i>
                        <i>-0.316847 0.859179 0.40177 -0.841175 -0.450256 0.29949 0.438215 -0.243066 0.865382 -1.61606 1.71174 0.724412</i>
                        <i>-0.316847 0.859179 0.40177 -0.841175 -0.450256 0.29949 0.438215 -0.243066 0.865382 -1.61606 1.71174 0.724412</i>
                        <i>-0.316847 0.859179 0.40177 -0.841175 -0.450256 0.29949 0.438215 -0.243066 0.865382 -1.61606 1.71174 0.724412</i>
                        <i>-0.316847 0.859179 0.40177 -0.841175 -0.450256 0.29949 0.438215 -0.243066 0.865382 -1.61606 1.71174 0.724412</i>
                        <i>-0.316847 0.859179 0.40177 -0.841175 -0.450256 0.29949 0.438215 -0.243066 0.865382 -1.61606 1.71174 0.724412</i>
                        <i>-0.316847 0.859179 0.40177 -0.841175 -0.450256 0.29949 0.438215 -0.243066 0.865382 -1.61606 1.71174 0.724412</i>
                        <i>-0.316847 0.859179 0.40177 -0.841175 -0.450256 0.29949 0.438215 -0.243066 0.865382 -1.61606 1.71174 0.724412</i>
                        <i>-0.316847 0.859179 0.40177 -0.841175 -0.450256 0.29949 0.438215 -0.243066 0.865382 -1.61606 1.71174 0.724412</i>
                        <i>-0.316847 0.859179 0.40177 -0.841175 -0.450256 0.29949 0.438215 -0.243066 0.865382 -1.61606 1.71174 0.724412</i>
                    </KeyFrames>
                </p>
            </i>
            <i>
                <p>
                    <Name>
                        <![CDATA[spine1]]>
</Name>
                    <Exclude>0</Exclude>
                    <Additive>0</Additive>
                    <IKPriority>0</IKPriority>
                    <IKRotLimits>-1e+010 -1e+010 -1e+010 1e+010 1e+010 1e+010</IKRotLimits>
                    <IKRotLimitOrder>0</IKRotLimitOrder>
                    <KeyFrames count="41">
                        <i>-0.0817542 0.591203 0.802369 -0.956642 -0.272365 0.103211 0.279556 -0.759142 0.587837 -1.6437 1.88196 0.799257</i>
                        <i>-0.10916 0.529581 0.841206 -0.937077 -0.337147 0.0906498 0.331617 -0.77838 0.533062 -1.64729 1.89119 0.795451</i>
                        <i>-0.140961 0.463483 0.874822 -0.907448 -0.413775 0.0730006 0.395814 -0.783565 0.478913 -1.65302 1.89893 0.791167</i>
                        <i>-0.157813 0.393241 0.905791 -0.880182 -0.471835 0.0514913 0.447632 -0.789134 0.420586 -1.65668 1.90851 0.78907</i>
                        <i>-0.140223 0.32088 0.936682 -0.876565 -0.480133 0.0332563 0.460403 -0.8164 0.348598 -1.65389 1.92317 0.792321</i>
                        <i>-0.0822848 0.23002 0.969701 -0.913526 -0.406342 0.0188689 0.39837 -0.884295 0.243565 -1.6322 1.95051 0.807409</i>
                        <i>-0.0263892 0.136247 0.990323 -0.970449 -0.241195 0.00732371 0.239859 -0.960865 0.138586 -1.59135 1.98365 0.830682</i>
                        <i>0.00704088 0.0716423 0.997406 -0.99964 -0.0253082 0.00887452 0.0258783 -0.997109 0.0714382 -1.55095 2.00958 0.848495</i>
                        <i>0.0198893 0.0476786 0.998665 -0.995973 0.0882765 0.0156212 -0.0874138 -0.994954 0.0492424 -1.5331 2.02014 0.854886</i>
                        <i>0.0152975 0.0571656 0.998248 -0.998709 0.0492376 0.012485 -0.0484376 -0.99715 0.057845 -1.53856 2.01652 0.852851</i>
                        <i>0.00304304 0.0828857 0.996554 -0.998845 -0.0475426 0.00700425 0.0479594 -0.995424 0.0826453 -1.55301 2.00688 0.847075</i>
                        <i>-0.0154156 0.121323 0.992493 -0.985919 -0.167144 0.00511832 0.16651 -0.978439 0.122192 -1.57341 1.99285 0.837903</i>
                        <i>-0.0400975 0.169107 0.984782 -0.960075 -0.2796 0.00892151 0.276854 -0.945107 0.173567 -1.5964 1.97588 0.826127</i>
                        <i>-0.0708814 0.221615 0.972555 -0.929222 -0.369158 0.0163966 0.36266 -0.902557 0.232096 -1.61851 1.95763 0.813515</i>
                        <i>-0.103908 0.271247 0.956885 -0.901697 -0.431676 0.0244514 0.419696 -0.86028 0.289438 -1.63676 1.94053 0.802469</i>
                        <i>-0.130469 0.307768 0.942474 -0.883062 -0.468254 0.0306657 0.450755 -0.828261 0.332871 -1.64909 1.92786 0.794988</i>
                        <i>-0.140223 0.32088 0.936682 -0.876565 -0.480133 0.0332563 0.460403 -0.8164 0.348598 -1.65389 1.92317 0.792321</i>
                        <i>-0.0954857 0.260233 0.960813 -0.89979 -0.435391 0.0285027 0.425746 -0.861809 0.275729 -1.63941 1.94241 0.802837</i>
                        <i>-0.0220228 0.145142 0.989166 -0.956645 -0.290476 0.0213234 0.290424 -0.94581 0.145247 -1.60241 1.97958 0.827469</i>
                        <i>0.0281805 0.0550098 0.998088 -0.998453 -0.0463234 0.030744 0.047926 -0.997411 0.0536193 -1.56135 2.01145 0.848738</i>
                        <i>0.0513608 0.032473 0.998152 -0.991441 0.121782 0.0470535 -0.120029 -0.992026 0.0384499 -1.54166 2.02388 0.856219</i>
                        <i>0.0455277 0.0935949 0.994569 -0.99615 0.0789212 0.0381731 -0.0749197 -0.992477 0.0968276 -1.55119 2.01182 0.851217</i>
                        <i>0.0200815 0.215349 0.976331 -0.998751 -0.0403604 0.0294449 0.0457461 -0.975703 0.21427 -1.5761 1.98418 0.837239</i>
                        <i>-0.0249568 0.375057 0.926666 -0.987302 -0.154717 0.0360298 0.156884 -0.914 0.374155 -1.60518 1.94555 0.818819</i>
                        <i>-0.0724654 0.519342 0.851489 -0.971827 -0.228746 0.0568107 0.224279 -0.823383 0.521287 -1.62894 1.90624 0.805266</i>
                        <i>-0.0838452 0.58995 0.803074 -0.962519 -0.256549 0.0879726 0.257927 -0.765599 0.589349 -1.64228 1.88246 0.799039</i>
                        <i>-0.0672062 0.606417 0.792302 -0.957182 -0.263295 0.12033 0.281579 -0.75029 0.598146 -1.64848 1.87441 0.796871</i>
                        <i>-0.0518828 0.612995 0.788381 -0.950986 -0.271313 0.148372 0.304849 -0.742042 0.597027 -1.6541 1.87121 0.796268</i>
                        <i>-0.0370338 0.613004 0.789211 -0.944158 -0.280211 0.173343 0.327406 -0.738721 0.58915 -1.65929 1.87153 0.796834</i>
                        <i>-0.0221184 0.60898 0.792877 -0.936736 -0.28974 0.196408 0.349337 -0.738372 0.576863 -1.66421 1.87403 0.798206</i>
                        <i>-0.00688363 0.603285 0.797496 -0.928643 -0.299671 0.218678 0.370911 -0.739084 0.562299 -1.669 1.8774 0.800032</i>
                        <i>0.0086248 0.598415 0.80114 -0.919713 -0.309721 0.241249 0.392497 -0.738899 0.547699 -1.67378 1.8803 0.801949</i>
                        <i>0.0240525 0.597068 0.80183 -0.909698 -0.319538 0.265226 0.414573 -0.735803 0.535466 -1.67868 1.88139 0.803589</i>
                        <i>0.0240525 0.597068 0.80183 -0.909698 -0.319538 0.265226 0.414573 -0.735803 0.535466 -1.67868 1.88139 0.803589</i>
                        <i>0.0240525 0.597068 0.80183 -0.909698 -0.319538 0.265226 0.414573 -0.735803 0.535466 -1.67868 1.88139 0.803589</i>
                        <i>0.0240525 0.597068 0.80183 -0.909698 -0.319538 0.265226 0.414573 -0.735803 0.535466 -1.67868 1.88139 0.803589</i>
                        <i>0.0240525 0.597068 0.80183 -0.909698 -0.319538 0.265226 0.414573 -0.735803 0.535466 -1.67868 1.88139 0.803589</i>
                        <i>0.0240525 0.597068 0.80183 -0.909698 -0.319538 0.265226 0.414573 -0.735803 0.535466 -1.67868 1.88139 0.803589</i>
                        <i>0.0240525 0.597068 0.80183 -0.909698 -0.319538 0.265226 0.414573 -0.735803 0.535466 -1.67868 1.88139 0.803589</i>
                        <i>0.0240525 0.597068 0.80183 -0.909698 -0.319538 0.265226 0.414573 -0.735803 0.535466 -1.67868 1.88139 0.803589</i>
                        <i>0.0240525 0.597068 0.80183 -0.909698 -0.319538 0.265226 0.414573 -0.735803 0.535466 -1.67868 1.88139 0.803589</i>
                    </KeyFrames>
                </p>
            </i>
            <i>
                <p>
                    <Name>
                        <![CDATA[spine2]]>
</Name>
                    <Exclude>0</Exclude>
                    <Additive>0</Additive>
                    <IKPriority>0</IKPriority>
                    <IKRotLimits>-1e+010 -1e+010 -1e+010 1e+010 1e+010 1e+010</IKRotLimits>
                    <IKRotLimitOrder>0</IKRotLimitOrder>
                    <KeyFrames count="41">
                        <i>0.143706 0.472975 0.869277 -0.969308 -0.109784 0.219977 0.199476 -0.874209 0.442682 -1.6585 1.98882 0.94521</i>
                        <i>0.143845 0.447411 0.882685 -0.957049 -0.163994 0.239087 0.251725 -0.879164 0.404604 -1.66659 1.98476 0.945023</i>
                        <i>0.148518 0.422661 0.894036 -0.938532 -0.22463 0.262104 0.311608 -0.878009 0.36332 -1.67747 1.97926 0.943766</i>
                        <i>0.15016 0.398328 0.904868 -0.923398 -0.270516 0.272317 0.353253 -0.876445 0.327195 -1.68362 1.97559 0.944642</i>
                        <i>0.139832 0.373779 0.916917 -0.924818 -0.281554 0.255812 0.353778 -0.883752 0.306307 -1.67752 1.97715 0.951128</i>
                        <i>0.0889215 0.348511 0.933077 -0.954706 -0.237239 0.179593 0.283953 -0.906784 0.31163 -1.64593 1.98867 0.969945</i>
                        <i>-0.00531356 0.32961 0.944102 -0.987066 -0.153001 0.0478612 0.160224 -0.931637 0.32616 -1.59585 2.0062 0.997255</i>
                        <i>-0.0972952 0.31507 0.944068 -0.994543 -0.0666608 -0.0802499 0.037648 -0.946724 0.319836 -1.5499 2.02151 1.01981</i>
                        <i>-0.136556 0.307894 0.94157 -0.990467 -0.025049 -0.135456 -0.0181208 -0.951091 0.30838 -1.52984 2.02806 1.02877</i>
                        <i>-0.124085 0.311075 0.94225 -0.992271 -0.0374795 -0.118299 -0.00148469 -0.949646 0.313321 -1.53609 2.02605 1.02586</i>
                        <i>-0.0907607 0.318831 0.943456 -0.994973 -0.0692828 -0.0723033 0.0423127 -0.945276 0.323516 -1.55263 2.02072 1.01792</i>
                        <i>-0.0432261 0.32849 0.943518 -0.993651 -0.112323 -0.00641701 0.103871 -0.937805 0.33126 -1.57611 2.01303 1.00606</i>
                        <i>0.0103492 0.338563 0.940887 -0.984779 -0.159816 0.0683389 0.173505 -0.927272 0.331755 -1.60317 2.00392 0.99165</i>
                        <i>0.0612451 0.349164 0.935058 -0.968442 -0.205972 0.140344 0.241599 -0.914145 0.32553 -1.63036 1.99442 0.976699</i>
                        <i>0.10257 0.360306 0.927178 -0.948649 -0.244968 0.200141 0.299241 -0.900095 0.316677 -1.65416 1.9858 0.96358</i>
                        <i>0.129933 0.369815 0.919975 -0.931828 -0.271535 0.240759 0.338841 -0.888542 0.309322 -1.67103 1.97952 0.954461</i>
                        <i>0.139832 0.373779 0.916917 -0.924818 -0.281554 0.255812 0.353778 -0.883752 0.306307 -1.67752 1.97715 0.951128</i>
                        <i>0.103362 0.359019 0.927589 -0.947159 -0.24918 0.201986 0.303654 -0.899452 0.314293 -1.65537 1.98573 0.964251</i>
                        <i>0.0109351 0.336534 0.941608 -0.982612 -0.170927 0.0725013 0.185346 -0.926028 0.328813 -1.60616 2.00354 0.993385</i>
                        <i>-0.0923499 0.316086 0.944225 -0.99411 -0.0832843 -0.0693489 0.0567189 -0.945068 0.321916 -1.55673 2.02051 1.01996</i>
                        <i>-0.137774 0.308177 0.9413 -0.990309 -0.0260885 -0.136406 -0.0174802 -0.950971 0.308785 -1.533 2.02916 1.03029</i>
                        <i>-0.107988 0.32731 0.938726 -0.993878 -0.0133821 -0.109666 -0.0233328 -0.944822 0.326752 -1.54364 2.02755 1.0223</i>
                        <i>-0.039506 0.359015 0.932495 -0.999208 -0.0185688 -0.0351833 0.00468405 -0.933147 0.359465 -1.57293 2.02016 1.00217</i>
                        <i>0.036968 0.398761 0.916309 -0.997612 -0.038811 0.057138 0.0583473 -0.916233 0.396374 -1.60954 2.00883 0.976316</i>
                        <i>0.0983399 0.443178 0.891023 -0.987556 -0.0669643 0.142301 0.122731 -0.893929 0.431078 -1.64168 1.99685 0.954765</i>
                        <i>0.135967 0.471814 0.871151 -0.974729 -0.0936071 0.202831 0.177244 -0.876715 0.447163 -1.65746 1.98903 0.945031</i>
                        <i>0.15758 0.481376 0.862233 -0.963961 -0.114547 0.240122 0.214356 -0.868997 0.445978 -1.66085 1.98612 0.943793</i>
                        <i>0.176372 0.484864 0.856621 -0.954205 -0.129411 0.269713 0.24163 -0.864962 0.439836 -1.66368 1.98502 0.94363</i>
                        <i>0.19342 0.48403 0.853407 -0.945584 -0.140004 0.293719 0.261649 -0.863779 0.430612 -1.66608 1.98526 0.944241</i>
                        <i>0.209507 0.48061 0.851541 -0.937731 -0.14801 0.31425 0.277068 -0.864354 0.419673 -1.66818 1.98631 0.945362</i>
                        <i>0.225212 0.47636 0.849918 -0.929966 -0.155076 0.33334 0.290592 -0.865467 0.408073 -1.67014 1.98767 0.946745</i>
                        <i>0.240964 0.473091 0.84742 -0.921378 -0.162848 0.352908 0.304958 -0.865832 0.396655 -1.67208 1.9888 0.948139</i>
                        <i>0.257049 0.472663 0.842921 -0.910845 -0.172971 0.374755 0.322934 -0.864101 0.386061 -1.67418 1.98921 0.949293</i>
                        <i>0.257049 0.472663 0.842921 -0.910845 -0.172971 0.374755 0.322934 -0.864101 0.386061 -1.67418 1.98921 0.949293</i>
                        <i>0.257049 0.472663 0.842921 -0.910845 -0.172971 0.374755 0.322934 -0.864101 0.386061 -1.67418 1.98921 0.949293</i>
                        <i>0.257049 0.472663 0.842921 -0.910845 -0.172971 0.374755 0.322934 -0.864101 0.386061 -1.67418 1.98921 0.949293</i>
                        <i>0.257049 0.472663 0.842921 -0.910845 -0.172971 0.374755 0.322934 -0.864101 0.386061 -1.67418 1.98921 0.949293</i>
                        <i>0.257049 0.472663 0.842921 -0.910845 -0.172971 0.374755 0.322934 -0.864101 0.386061 -1.67418 1.98921 0.949293</i>
                        <i>0.257049 0.472663 0.842921 -0.910845 -0.172971 0.374755 0.322934 -0.864101 0.386061 -1.67418 1.98921 0.949293</i>
                        <i>0.257049 0.472663 0.842921 -0.910845 -0.172971 0.374755 0.322934 -0.864101 0.386061 -1.67418 1.98921 0.949293</i>
                        <i>0.257049 0.472663 0.842921 -0.910845 -0.172971 0.374755 0.322934 -0.864101 0.386061 -1.67418 1.98921 0.949293</i>
                    </KeyFrames>
                </p>
            </i>
            <i>
                <p>
                    <Name>
                        <![CDATA[head]]>
</Name>
                    <Exclude>0</Exclude>
                    <Additive>0</Additive>
                    <IKPriority>0</IKPriority>
                    <IKRotLimits>-1e+010 -1e+010 -1e+010 1e+010 1e+010 1e+010</IKRotLimits>
                    <IKRotLimitOrder>0</IKRotLimitOrder>
                    <KeyFrames count="41">
                        <i>-0.260275 0.819241 0.51098 -0.858311 0.0460719 -0.511058 -0.442221 -0.571595 0.691172 -1.59555 2.06761 1.22765</i>
                        <i>-0.270155 0.815279 0.512187 -0.805903 0.0995963 -0.58361 -0.526817 -0.570439 0.63013 -1.59836 2.05818 1.22414</i>
                        <i>-0.276477 0.799304 0.533548 -0.747923 0.169664 -0.641736 -0.603466 -0.576478 0.55091 -1.60174 2.04766 1.21865</i>
                        <i>-0.28486 0.779895 0.557332 -0.680945 0.244577 -0.690287 -0.674662 -0.576148 0.461395 -1.60412 2.03944 1.21634</i>
                        <i>-0.302552 0.772263 0.558634 -0.59791 0.302662 -0.742226 -0.742271 -0.558575 0.370172 -1.60378 2.0364 1.22283</i>
                        <i>-0.335653 0.797835 0.500796 -0.473531 0.316672 -0.82188 -0.814313 -0.513008 0.271508 -1.59919 2.04276 1.24508</i>
                        <i>-0.355302 0.842823 0.404241 -0.31043 0.301522 -0.901508 -0.881699 -0.445796 0.154506 -1.59256 2.05535 1.27305</i>
                        <i>-0.344764 0.879946 0.326853 -0.156985 0.289248 -0.944294 -0.925469 -0.37687 0.038416 -1.58616 2.06704 1.29249</i>
                        <i>-0.330543 0.895718 0.297374 -0.0665996 0.292162 -0.954047 -0.941438 -0.335159 -0.0369176 -1.58296 2.07218 1.2992</i>
                        <i>-0.329413 0.894547 0.302113 -0.0362213 0.307764 -0.950773 -0.943491 -0.32414 -0.0689799 -1.58393 2.07088 1.29711</i>
                        <i>-0.332262 0.886813 0.321194 -0.0279297 0.33114 -0.943168 -0.942774 -0.32235 -0.085257 -1.58634 2.06738 1.29112</i>
                        <i>-0.335701 0.872473 0.355101 -0.0369954 0.364475 -0.930478 -0.941242 -0.325499 -0.090077 -1.58949 2.06217 1.28138</i>
                        <i>-0.335583 0.851954 0.401943 -0.0577878 0.407264 -0.91148 -0.940236 -0.329105 -0.0874385 -1.59293 2.0558 1.26836</i>
                        <i>-0.32929 0.827 0.455675 -0.0836865 0.455129 -0.886484 -0.940513 -0.330044 -0.0806605 -1.59642 2.04899 1.25333</i>
                        <i>-0.317874 0.801335 0.506773 -0.10802 0.500407 -0.859025 -0.94196 -0.327803 -0.072506 -1.59975 2.04271 1.23859</i>
                        <i>-0.30652 0.780781 0.544451 -0.125391 0.533878 -0.836212 -0.943569 -0.324585 -0.0657411 -1.60245 2.0381 1.22727</i>
                        <i>-0.302552 0.772263 0.558634 -0.131876 0.546548 -0.826979 -0.943965 -0.323875 -0.063516 -1.60378 2.0364 1.22283</i>
                        <i>-0.325858 0.798913 0.505524 -0.104657 0.500941 -0.859131 -0.939608 -0.332861 -0.0796239 -1.60133 2.04245 1.23867</i>
                        <i>-0.353054 0.846406 0.398686 -0.04721 0.409468 -0.911102 -0.934411 -0.34049 -0.104605 -1.59634 2.05434 1.26837</i>
                        <i>-0.355122 0.880197 0.314868 -0.012144 0.33245 -0.943043 -0.934741 -0.338719 -0.107371 -1.5911 2.06506 1.29092</i>
                        <i>-0.34965 0.890694 0.290534 -0.0568075 0.289381 -0.955527 -0.935157 -0.350604 -0.050584 -1.58785 2.07179 1.29854</i>
                        <i>-0.413354 0.860835 0.296818 -0.16388 0.250316 -0.954193 -0.895702 -0.443062 0.0376042 -1.58994 2.07518 1.29258</i>
                        <i>-0.455494 0.824656 0.335361 -0.317915 0.20119 -0.926527 -0.831538 -0.528644 0.17053 -1.59506 2.07619 1.27797</i>
                        <i>-0.390071 0.828471 0.401846 -0.524589 0.158713 -0.836431 -0.756737 -0.537071 0.372698 -1.59997 2.07399 1.25807</i>
                        <i>-0.310461 0.833236 0.457528 -0.704977 0.12105 -0.698823 -0.637669 -0.539504 0.549831 -1.60214 2.06987 1.23858</i>
                        <i>-0.26356 0.826288 0.49778 -0.809524 0.091174 -0.579964 -0.524602 -0.55582 0.64487 -1.59874 2.06756 1.22849</i>
                        <i>-0.244945 0.813713 0.527137 -0.859849 0.0688849 -0.50588 -0.447953 -0.577171 0.682797 -1.59225 2.06758 1.22671</i>
                        <i>-0.222409 0.802778 0.553247 -0.895383 0.0563514 -0.441717 -0.385777 -0.59361 0.70626 -1.58717 2.06746 1.22513</i>
                        <i>-0.197286 0.793159 0.576174 -0.921269 0.0509424 -0.385575 -0.335174 -0.60688 0.720663 -1.58313 2.06722 1.22375</i>
                        <i>-0.170555 0.784457 0.596271 -0.941069 0.049686 -0.334546 -0.292063 -0.61819 0.729754 -1.57973 2.06695 1.2225</i>
                        <i>-0.142833 0.776349 0.613906 -0.957198 0.0494078 -0.285185 -0.251735 -0.628363 0.736063 -1.57662 2.06672 1.22127</i>
                        <i>-0.114424 0.768686 0.629308 -0.971169 0.0468044 -0.233754 -0.209138 -0.637911 0.741168 -1.57343 2.06664 1.21994</i>
                        <i>-0.085389 0.761508 0.642506 -0.983577 0.0384907 -0.176337 -0.159013 -0.647012 0.745715 -1.56985 2.06684 1.21833</i>
                        <i>-0.085389 0.761508 0.642506 -0.983577 0.0384907 -0.176337 -0.159013 -0.647012 0.745715 -1.56985 2.06684 1.21833</i>
                        <i>-0.085389 0.761508 0.642506 -0.983577 0.0384907 -0.176337 -0.159013 -0.647012 0.745715 -1.56985 2.06684 1.21833</i>
                        <i>-0.085389 0.761508 0.642506 -0.983577 0.0384907 -0.176337 -0.159013 -0.647012 0.745715 -1.56985 2.06684 1.21833</i>
                        <i>-0.085389 0.761508 0.642506 -0.983577 0.0384907 -0.176337 -0.159013 -0.647012 0.745715 -1.56985 2.06684 1.21833</i>
                        <i>-0.085389 0.761508 0.642506 -0.983577 0.0384907 -0.176337 -0.159013 -0.647012 0.745715 -1.56985 2.06684 1.21833</i>
                        <i>-0.085389 0.761508 0.642506 -0.983577 0.0384907 -0.176337 -0.159013 -0.647012 0.745715 -1.56985 2.06684 1.21833</i>
                        <i>-0.085389 0.761508 0.642506 -0.983577 0.0384907 -0.176337 -0.159013 -0.647012 0.745715 -1.56985 2.06684 1.21833</i>
                        <i>-0.085389 0.761508 0.642506 -0.983577 0.0384907 -0.176337 -0.159013 -0.647012 0.745715 -1.56985 2.06684 1.21833</i>
                    </KeyFrames>
                </p>
            </i>
            <i>
                <p>
                    <Name>
                        <![CDATA[head_prop]]>
</Name>
                    <Exclude>0</Exclude>
                    <Additive>0</Additive>
                    <IKPriority>0</IKPriority>
                    <IKRotLimits>-1e+010 -1e+010 -1e+010 1e+010 1e+010 1e+010</IKRotLimits>
                    <IKRotLimitOrder>0</IKRotLimitOrder>
                    <KeyFrames count="41">
                        <i>0.442221 0.571595 -0.691172 -0.260275 0.819241 0.51098 0.858311 -0.0460719 0.511058 -1.68038 2.33461 1.39418</i>
                        <i>0.526817 0.570439 -0.63013 -0.270155 0.815279 0.512187 0.805903 -0.0995963 0.58361 -1.68641 2.32388 1.39106</i>
                        <i>0.603466 0.576478 -0.55091 -0.276477 0.799304 0.533548 0.747923 -0.169664 0.641736 -1.69185 2.30816 1.39254</i>
                        <i>0.674662 0.576148 -0.461395 -0.28486 0.779895 0.557332 0.680945 -0.244577 0.690287 -1.69696 2.29362 1.39798</i>
                        <i>0.742271 0.558575 -0.370172 -0.302552 0.772263 0.558634 0.59791 -0.302662 0.742226 -1.70239 2.28808 1.40489</i>
                        <i>0.814313 0.513008 -0.271508 -0.335653 0.797835 0.500796 0.473531 -0.316672 0.82188 -1.70858 2.30278 1.40829</i>
                        <i>0.881699 0.445796 -0.154506 -0.355302 0.842823 0.404241 0.31043 -0.301522 0.901508 -1.70836 2.33003 1.4048</i>
                        <i>0.925469 0.37687 -0.038416 -0.344764 0.879946 0.326853 0.156985 -0.289248 0.944294 -1.69852 2.35382 1.39901</i>
                        <i>0.941438 0.335159 0.0369176 -0.330543 0.895718 0.297374 0.0665996 -0.292162 0.954047 -1.69069 2.3641 1.39612</i>
                        <i>0.943491 0.32414 0.0689799 -0.329413 0.894547 0.302113 0.0362213 -0.307764 0.950773 -1.69129 2.36243 1.39557</i>
                        <i>0.942774 0.32235 0.085257 -0.332262 0.886813 0.321194 0.0279297 -0.33114 0.943168 -1.69462 2.3564 1.3958</i>
                        <i>0.941242 0.325499 0.090077 -0.335701 0.872473 0.355101 0.0369954 -0.364475 0.930478 -1.6989 2.34652 1.39711</i>
                        <i>0.940236 0.329105 0.0874385 -0.335583 0.851954 0.401943 0.0577878 -0.407264 0.91148 -1.7023 2.33346 1.39936</i>
                        <i>0.940513 0.330044 0.0806605 -0.32929 0.827 0.455675 0.0836865 -0.455129 0.886484 -1.70374 2.31852 1.40184</i>
                        <i>0.94196 0.327803 0.072506 -0.317874 0.801335 0.506773 0.10802 -0.500407 0.859025 -1.70335 2.30387 1.40375</i>
                        <i>0.943569 0.324585 0.0657411 -0.30652 0.780781 0.544451 0.125391 -0.533878 0.836212 -1.70234 2.29256 1.40471</i>
                        <i>0.943965 0.323875 0.063516 -0.302552 0.772263 0.558634 0.131876 -0.546548 0.826979 -1.70239 2.28808 1.40489</i>
                        <i>0.939608 0.332861 0.0796239 -0.325858 0.798913 0.505524 0.104657 -0.500941 0.859131 -1.70753 2.30282 1.40343</i>
                        <i>0.934411 0.34049 0.104605 -0.353054 0.846406 0.398686 0.04721 -0.409468 0.911102 -1.7114 2.33019 1.3983</i>
                        <i>0.934741 0.338719 0.107371 -0.355122 0.880197 0.314868 0.012144 -0.33245 0.943043 -1.70683 2.35193 1.39354</i>
                        <i>0.935157 0.350604 0.050584 -0.34965 0.890694 0.290534 0.0568075 -0.289381 0.955527 -1.70181 2.36208 1.39323</i>
                        <i>0.895702 0.443062 -0.0376042 -0.413354 0.860835 0.296818 0.16388 -0.250316 0.954193 -1.72465 2.35573 1.38931</i>
                        <i>0.831538 0.528644 -0.17053 -0.455494 0.824656 0.335361 0.317915 -0.20119 0.926527 -1.74351 2.34496 1.38727</i>
                        <i>0.756737 0.537071 -0.372698 -0.390071 0.828471 0.401846 0.524589 -0.158713 0.836431 -1.72709 2.34399 1.38903</i>
                        <i>0.637669 0.539504 -0.549831 -0.310461 0.833236 0.457528 0.704977 -0.12105 0.698823 -1.70332 2.34143 1.38769</i>
                        <i>0.524602 0.55582 -0.64487 -0.26356 0.826288 0.49778 0.809524 -0.091174 0.579964 -1.68464 2.33686 1.39072</i>
                        <i>0.447953 0.577171 -0.682797 -0.244945 0.813713 0.527137 0.859849 -0.0688849 0.50588 -1.67208 2.33278 1.39851</i>
                        <i>0.385777 0.59361 -0.70626 -0.222409 0.802778 0.553247 0.895383 -0.0563514 0.441717 -1.65966 2.32909 1.40544</i>
                        <i>0.335174 0.60688 -0.720663 -0.197286 0.793159 0.576174 0.921269 -0.0509424 0.385575 -1.64742 2.32572 1.41153</i>
                        <i>0.292063 0.61819 -0.729754 -0.170555 0.784457 0.596271 0.941069 -0.049686 0.334546 -1.63531 2.32261 1.41683</i>
                        <i>0.251735 0.628363 -0.736063 -0.142833 0.776349 0.613906 0.957198 -0.0494078 0.285185 -1.62317 2.31974 1.42135</i>
                        <i>0.209138 0.637911 -0.741168 -0.114424 0.768686 0.629308 0.971169 -0.0468044 0.233754 -1.61073 2.31716 1.42504</i>
                        <i>0.159013 0.647012 -0.745715 -0.085389 0.761508 0.642506 0.983577 -0.0384907 0.176337 -1.59768 2.31502 1.42773</i>
                        <i>0.159013 0.647012 -0.745715 -0.085389 0.761508 0.642506 0.983577 -0.0384907 0.176337 -1.59768 2.31502 1.42773</i>
                        <i>0.159013 0.647012 -0.745715 -0.085389 0.761508 0.642506 0.983577 -0.0384907 0.176337 -1.59768 2.31502 1.42773</i>
                        <i>0.159013 0.647012 -0.745715 -0.085389 0.761508 0.642506 0.983577 -0.0384907 0.176337 -1.59768 2.31502 1.42773</i>
                        <i>0.159013 0.647012 -0.745715 -0.085389 0.761508 0.642506 0.983577 -0.0384907 0.176337 -1.59768 2.31502 1.42773</i>
                        <i>0.159013 0.647012 -0.745715 -0.085389 0.761508 0.642506 0.983577 -0.0384907 0.176337 -1.59768 2.31502 1.42773</i>
                        <i>0.159013 0.647012 -0.745715 -0.085389 0.761508 0.642506 0.983577 -0.0384907 0.176337 -1.59768 2.31502 1.42773</i>
                        <i>0.159013 0.647012 -0.745715 -0.085389 0.761508 0.642506 0.983577 -0.0384907 0.176337 -1.59768 2.31502 1.42773</i>
                        <i>0.159013 0.647012 -0.745715 -0.085389 0.761508 0.642506 0.983577 -0.0384907 0.176337 -1.59768 2.31502 1.42773</i>
                    </KeyFrames>
                </p>
            </i>
            <i>
                <p>
                    <Name>
                        <![CDATA[l_clav]]>
</Name>
                    <Exclude>0</Exclude>
                    <Additive>0</Additive>
                    <IKPriority>0</IKPriority>
                    <IKRotLimits>-1e+010 -1e+010 -1e+010 1e+010 1e+010 1e+010</IKRotLimits>
                    <IKRotLimitOrder>0</IKRotLimitOrder>
                    <KeyFrames count="41">
                        <i>0.743139 0.616113 0.261054 -0.59087 0.421121 0.688135 0.314034 -0.665629 0.676995 -1.5654 1.99489 1.00647</i>
                        <i>0.633522 0.749871 0.190641 -0.616364 0.340175 0.710195 0.467703 -0.567428 0.677701 -1.57485 1.98794 1.00136</i>
                        <i>0.524033 0.841298 0.132691 -0.609026 0.261237 0.748894 0.595379 -0.473258 0.649269 -1.58745 1.98024 0.994228</i>
                        <i>0.449374 0.886879 0.107275 -0.598086 0.209475 0.773572 0.663593 -0.411783 0.624563 -1.59469 1.97407 0.991057</i>
                        <i>0.430931 0.894269 0.120758 -0.620392 0.196422 0.759297 0.655296 -0.402122 0.639441 -1.58771 1.97192 0.997659</i>
                        <i>0.480286 0.853455 0.202339 -0.706741 0.239934 0.665544 0.519464 -0.462652 0.718408 -1.55377 1.97669 1.02443</i>
                        <i>0.531833 0.7664 0.360257 -0.800266 0.315684 0.509822 0.277 -0.559442 0.781215 -1.50402 1.98638 1.06685</i>
                        <i>0.529342 0.665632 0.526052 -0.847127 0.380607 0.370829 0.0466166 -0.641928 0.765346 -1.46205 1.99574 1.1064</i>
                        <i>0.51201 0.610281 0.604486 -0.857228 0.407945 0.314231 -0.0548278 -0.679071 0.732022 -1.44482 1.99984 1.1237</i>
