<?xml version="1.0" encoding="ISO-8859-1" ?>
<Animl Version="1">
    <ModellingPackage><![CDATA[Maya.2010]]></ModellingPackage>
    <SrcFile><![CDATA[anims\turrets\mortar\blue\~src\mortar_m29\mortar_m29_fire_crewman_b.mb]]></SrcFile>
    <FramesPerSecond>30</FramesPerSecond>
    <TotalFrames>40</TotalFrames>
    <Skeleton>
        <RefFrame>
            <Name><![CDATA[soldier_ref_frame]]></Name>
            <Exclude>0</Exclude>
            <Additive>0</Additive>
            <IKPriority>0</IKPriority>
            <IKRotLimits>-1e+010 -1e+010 -1e+010 1e+010 1e+010 1e+010</IKRotLimits>
            <IKRotLimitOrder>0</IKRotLimitOrder>
            <KeyFrames count="40">
                <i>1 0 0 0 1 0 0 0 1 -1.5 0.93 -1.56</i>
                <i>1 0 0 0 1 0 0 0 1 -1.5 0.93 -1.56</i>
                <i>1 0 0 0 1 0 0 0 1 -1.5 0.93 -1.56</i>
                <i>1 0 0 0 1 0 0 0 1 -1.5 0.93 -1.56</i>
                <i>1 0 0 0 1 0 0 0 1 -1.5 0.93 -1.56</i>
                <i>1 0 0 0 1 0 0 0 1 -1.5 0.93 -1.56</i>
                <i>1 0 0 0 1 0 0 0 1 -1.5 0.93 -1.56</i>
                <i>1 0 0 0 1 0 0 0 1 -1.5 0.93 -1.56</i>
                <i>1 0 0 0 1 0 0 0 1 -1.5 0.93 -1.56</i>
                <i>1 0 0 0 1 0 0 0 1 -1.5 0.93 -1.56</i>
                <i>1 0 0 0 1 0 0 0 1 -1.5 0.93 -1.56</i>
                <i>1 0 0 0 1 0 0 0 1 -1.5 0.93 -1.56</i>
                <i>1 0 0 0 1 0 0 0 1 -1.5 0.93 -1.56</i>
                <i>1 0 0 0 1 0 0 0 1 -1.5 0.93 -1.56</i>
                <i>1 0 0 0 1 0 0 0 1 -1.5 0.93 -1.56</i>
                <i>1 0 0 0 1 0 0 0 1 -1.5 0.93 -1.56</i>
                <i>1 0 0 0 1 0 0 0 1 -1.5 0.93 -1.56</i>
                <i>1 0 0 0 1 0 0 0 1 -1.5 0.93 -1.56</i>
                <i>1 0 0 0 1 0 0 0 1 -1.5 0.93 -1.56</i>
                <i>1 0 0 0 1 0 0 0 1 -1.5 0.93 -1.56</i>
                <i>1 0 0 0 1 0 0 0 1 -1.5 0.93 -1.56</i>
                <i>1 0 0 0 1 0 0 0 1 -1.5 0.93 -1.56</i>
                <i>1 0 0 0 1 0 0 0 1 -1.5 0.93 -1.56</i>
                <i>1 0 0 0 1 0 0 0 1 -1.5 0.93 -1.56</i>
                <i>1 0 0 0 1 0 0 0 1 -1.5 0.93 -1.56</i>
                <i>1 0 0 0 1 0 0 0 1 -1.5 0.93 -1.56</i>
                <i>1 0 0 0 1 0 0 0 1 -1.5 0.93 -1.56</i>
                <i>1 0 0 0 1 0 0 0 1 -1.5 0.93 -1.56</i>
                <i>1 0 0 0 1 0 0 0 1 -1.5 0.93 -1.56</i>
                <i>1 0 0 0 1 0 0 0 1 -1.5 0.93 -1.56</i>
                <i>1 0 0 0 1 0 0 0 1 -1.5 0.93 -1.56</i>
                <i>1 0 0 0 1 0 0 0 1 -1.5 0.93 -1.56</i>
                <i>1 0 0 0 1 0 0 0 1 -1.5 0.93 -1.56</i>
                <i>1 0 0 0 1 0 0 0 1 -1.5 0.93 -1.56</i>
                <i>1 0 0 0 1 0 0 0 1 -1.5 0.93 -1.56</i>
                <i>1 0 0 0 1 0 0 0 1 -1.5 0.93 -1.56</i>
                <i>1 0 0 0 1 0 0 0 1 -1.5 0.93 -1.56</i>
                <i>1 0 0 0 1 0 0 0 1 -1.5 0.93 -1.56</i>
                <i>1 0 0 0 1 0 0 0 1 -1.5 0.93 -1.56</i>
                <i>1 0 0 0 1 0 0 0 1 -1.5 0.93 -1.56</i>
            </KeyFrames>
        </RefFrame>
        <Bones count="23">
            <i>
                <p>
                    <Name><![CDATA[pelvis]]></Name>
                    <Exclude>0</Exclude>
                    <Additive>0</Additive>
                    <IKPriority>0</IKPriority>
                    <IKRotLimits>-1e+010 -1e+010 -1e+010 1e+010 1e+010 1e+010</IKRotLimits>
                    <IKRotLimitOrder>2</IKRotLimitOrder>
                    <KeyFrames count="40">
                        <i>1 0 0 0 1 0 0 0 1 -1.45387 1.81532 -1.61112</i>
                        <i>1 0 0 0 1 0 0 0 1 -1.43913 1.83614 -1.61593</i>
                        <i>1 0 0 0 1 0 0 0 1 -1.42238 1.83392 -1.6235</i>
                        <i>1 0 0 0 1 0 0 0 1 -1.40695 1.76914 -1.63021</i>
                        <i>1 0 0 0 1 0 0 0 1 -1.3975 1.68388 -1.6346</i>
                        <i>1 0 0 0 1 0 0 0 1 -1.40214 1.63134 -1.64082</i>
                        <i>1 0 0 0 1 0 0 0 1 -1.4232 1.62003 -1.64758</i>
                        <i>1 0 0 0 1 0 0 0 1 -1.45462 1.62058 -1.65185</i>
                        <i>1 0 0 0 1 0 0 0 1 -1.49187 1.6293 -1.65516</i>
                        <i>1 0 0 0 1 0 0 0 1 -1.53043 1.64254 -1.65902</i>
                        <i>1 0 0 0 1 0 0 0 1 -1.56577 1.65661 -1.66495</i>
                        <i>1 0 0 0 1 0 0 0 1 -1.59336 1.66784 -1.67448</i>
                        <i>1 0 0 0 1 0 0 0 1 -1.61186 1.67686 -1.69107</i>
                        <i>1 0 0 0 1 0 0 0 1 -1.62434 1.68691 -1.71391</i>
                        <i>1 0 0 0 1 0 0 0 1 -1.63287 1.69825 -1.73811</i>
                        <i>1 0 0 0 1 0 0 0 1 -1.63953 1.71114 -1.75875</i>
                        <i>1 0 0 0 1 0 0 0 1 -1.6464 1.72584 -1.77093</i>
                        <i>1 0 0 0 1 0 0 0 1 -1.65613 1.74508 -1.77348</i>
                        <i>1 0 0 0 1 0 0 0 1 -1.66733 1.76867 -1.76966</i>
                        <i>1 0 0 0 1 0 0 0 1 -1.67603 1.79254 -1.76125</i>
                        <i>1 0 0 0 1 0 0 0 1 -1.67825 1.81261 -1.74999</i>
                        <i>1 0 0 0 1 0 0 0 1 -1.67 1.82479 -1.73765</i>
                        <i>1 0 0 0 1 0 0 0 1 -1.64937 1.82965 -1.7228</i>
                        <i>1 0 0 0 1 0 0 0 1 -1.61957 1.83105 -1.70405</i>
                        <i>1 0 0 0 1 0 0 0 1 -1.58426 1.82986 -1.68321</i>
                        <i>1 0 0 0 1 0 0 0 1 -1.54713 1.82694 -1.66209</i>
                        <i>1 0 0 0 1 0 0 0 1 -1.51184 1.82315 -1.64251</i>
                        <i>1 0 0 0 1 0 0 0 1 -1.48209 1.81938 -1.62628</i>
                        <i>1 0 0 0 1 0 0 0 1 -1.46154 1.81648 -1.61522</i>
                        <i>1 0 0 0 1 0 0 0 1 -1.45387 1.81532 -1.61112</i>
                        <i>1 0 0 0 1 0 0 0 1 -1.45387 1.81532 -1.61112</i>
                        <i>1 0 0 0 1 0 0 0 1 -1.45387 1.81532 -1.61112</i>
                        <i>1 0 0 0 1 0 0 0 1 -1.45387 1.81532 -1.61112</i>
                        <i>1 0 0 0 1 0 0 0 1 -1.45387 1.81532 -1.61112</i>
                        <i>1 0 0 0 1 0 0 0 1 -1.45387 1.81532 -1.61112</i>
                        <i>1 0 0 0 1 0 0 0 1 -1.45387 1.81532 -1.61112</i>
                        <i>1 0 0 0 1 0 0 0 1 -1.45387 1.81532 -1.61112</i>
                        <i>1 0 0 0 1 0 0 0 1 -1.45387 1.81532 -1.61112</i>
                        <i>1 0 0 0 1 0 0 0 1 -1.45387 1.81532 -1.61112</i>
                        <i>1 0 0 0 1 0 0 0 1 -1.45387 1.81532 -1.61112</i>
                    </KeyFrames>
                </p>
            </i>
            <i>
                <p>
                    <Name><![CDATA[spine0]]></Name>
                    <Exclude>0</Exclude>
                    <Additive>0</Additive>
                    <IKPriority>0</IKPriority>
                    <IKRotLimits>-1e+010 -1e+010 -1e+010 1e+010 1e+010 1e+010</IKRotLimits>
                    <IKRotLimitOrder>0</IKRotLimitOrder>
                    <KeyFrames count="40">
                        <i>0.154731 0.966401 0.205249 -0.819677 0.00959605 0.572746 0.551533 -0.256859 0.793621 -1.46209 1.95894 -1.6108</i>
                        <i>0.175726 0.964788 0.195716 -0.818159 0.0325638 0.57407 0.547482 -0.261005 0.795072 -1.4483 1.97959 -1.62178</i>
                        <i>0.203696 0.961477 0.18458 -0.816913 0.063008 0.573309 0.539594 -0.267566 0.798277 -1.43234 1.97686 -1.63633</i>
                        <i>0.229594 0.957981 0.171927 -0.816223 0.0932943 0.570155 0.530158 -0.271235 0.803346 -1.41764 1.9112 -1.65028</i>
                        <i>0.245947 0.955659 0.161946 -0.816254 0.114103 0.566313 0.522723 -0.271473 0.808123 -1.40826 1.825 -1.66043</i>
                        <i>0.228988 0.964095 0.13448 -0.819076 0.116179 0.561798 0.526003 -0.238794 0.816271 -1.41374 1.77117 -1.67255</i>
                        <i>0.185268 0.978591 0.0896351 -0.82356 0.104857 0.557454 0.53612 -0.177098 0.825355 -1.43727 1.75795 -1.68602</i>
                        <i>0.142235 0.988549 0.0504062 -0.827119 0.0907261 0.554656 0.543731 -0.120583 0.830552 -1.47237 1.75619 -1.69645</i>
                        <i>0.113051 0.992655 0.0430716 -0.829901 0.0705018 0.553438 0.546337 -0.0983121 0.831776 -1.5143 1.76282 -1.7038</i>
                        <i>0.0889471 0.993613 0.0694403 -0.831659 0.0357224 0.554137 0.548117 -0.107039 0.829524 -1.55809 1.77455 -1.70906</i>
                        <i>0.0647798 0.991424 0.113498 -0.830829 -0.0094155 0.556449 0.552745 -0.130344 0.823094 -1.5984 1.78788 -1.71394</i>
                        <i>0.0466411 0.985987 0.160169 -0.827993 -0.0515364 0.558365 0.558795 -0.158661 0.813987 -1.62986 1.7993 -1.72011</i>
                        <i>0.0335459 0.981334 0.189362 -0.825366 -0.0796429 0.558952 0.5636 -0.175043 0.807288 -1.65102 1.80896 -1.73245</i>
                        <i>0.0256008 0.980063 0.197028 -0.824053 -0.0908889 0.559175 0.565935 -0.176677 0.805297 -1.6651 1.81949 -1.75209</i>
                        <i>0.0246663 0.980768 0.193611 -0.824161 -0.089665 0.559212 0.565818 -0.17336 0.8061 -1.67416 1.83133 -1.77389</i>
                        <i>0.026238 0.983281 0.180197 -0.825047 -0.0804827 0.559304 0.564455 -0.163346 0.809141 -1.6806 1.84491 -1.79215</i>
                        <i>0.0300422 0.986635 0.16015 -0.826071 -0.0657005 0.559723 0.562764 -0.14911 0.813057 -1.6866 1.86042 -1.80205</i>
                        <i>0.0357961 0.989973 0.136646 -0.826724 -0.0474864 0.560601 0.561468 -0.133036 0.816734 -1.69489 1.88055 -1.80248</i>
                        <i>0.0419526 0.992925 0.111086 -0.826695 -0.0279409 0.561956 0.561083 -0.11541 0.819674 -1.70418 1.90505 -1.79682</i>
                        <i>0.0468747 0.995268 0.0851083 -0.825916 -0.00930648 0.563717 0.561842 -0.0967163 0.821572 -1.71057 1.92981 -1.78691</i>
                        <i>0.0575204 0.99663 0.0584863 -0.824613 0.0144058 0.565514 0.562765 -0.0807572 0.822663 -1.70543 1.95133 -1.7767</i>
                        <i>0.0634235 0.997243 0.0385289 -0.824091 0.0305578 0.565632 0.562895 -0.0676257 0.823757 -1.69103 1.96423 -1.76613</i>
                        <i>0.0589585 0.997843 0.0288745 -0.823736 0.0322913 0.566054 0.5639 -0.0571586 0.823862 -1.66986 1.96942 -1.75006</i>
                        <i>0.0600771 0.997766 0.0292029 -0.823023 0.0329589 0.567051 0.564822 -0.0581014 0.823165 -1.63861 1.97161 -1.7281</i>
                        <i>0.0706563 0.996358 0.0477273 -0.822156 0.0310748 0.568413 0.56486 -0.0794013 0.821358 -1.60126 1.97138 -1.70268</i>
                        <i>0.0900605 0.992421 0.0836072 -0.821345 0.0265314 0.569814 0.563277 -0.119988 0.81751 -1.56177 1.96934 -1.67629</i>
                        <i>0.112385 0.985723 0.125378 -0.820639 0.0209275 0.571064 0.560287 -0.167069 0.811274 -1.52413 1.96621 -1.65139</i>
                        <i>0.13331 0.977284 0.164759 -0.820106 0.0154361 0.572003 0.556466 -0.211373 0.803534 -1.49232 1.96281 -1.63051</i>
                        <i>0.148728 0.969685 0.193884 -0.819784 0.0112555 0.572563 0.553023 -0.244099 0.796606 -1.47031 1.96007 -1.61615</i>
                        <i>0.154731 0.966401 0.205249 -0.819677 0.00959605 0.572746 0.551533 -0.256859 0.793621 -1.46209 1.95894 -1.6108</i>
                        <i>0.154731 0.966401 0.205249 -0.819677 0.00959605 0.572746 0.551533 -0.256859 0.793621 -1.46209 1.95894 -1.6108</i>
                        <i>0.154731 0.966401 0.205249 -0.819677 0.00959605 0.572746 0.551533 -0.256859 0.793621 -1.46209 1.95894 -1.6108</i>
                        <i>0.154731 0.966401 0.205249 -0.819677 0.00959605 0.572746 0.551533 -0.256859 0.793621 -1.46209 1.95894 -1.6108</i>
                        <i>0.154731 0.966401 0.205249 -0.819677 0.00959605 0.572746 0.551533 -0.256859 0.793621 -1.46209 1.95894 -1.6108</i>
                        <i>0.154731 0.966401 0.205249 -0.819677 0.00959605 0.572746 0.551533 -0.256859 0.793621 -1.46209 1.95894 -1.6108</i>
                        <i>0.154731 0.966401 0.205249 -0.819677 0.00959605 0.572746 0.551533 -0.256859 0.793621 -1.46209 1.95894 -1.6108</i>
                        <i>0.154731 0.966401 0.205249 -0.819677 0.00959605 0.572746 0.551533 -0.256859 0.793621 -1.46209 1.95894 -1.6108</i>
                        <i>0.154731 0.966401 0.205249 -0.819677 0.00959605 0.572746 0.551533 -0.256859 0.793621 -1.46209 1.95894 -1.6108</i>
                        <i>0.154731 0.966401 0.205249 -0.819677 0.00959605 0.572746 0.551533 -0.256859 0.793621 -1.46209 1.95894 -1.6108</i>
                        <i>0.154731 0.966401 0.205249 -0.819677 0.00959605 0.572746 0.551533 -0.256859 0.793621 -1.46209 1.95894 -1.6108</i>
                    </KeyFrames>
                </p>
            </i>
            <i>
                <p>
                    <Name><![CDATA[spine1]]></Name>
                    <Exclude>0</Exclude>
                    <Additive>0</Additive>
                    <IKPriority>0</IKPriority>
                    <IKRotLimits>-1e+010 -1e+010 -1e+010 1e+010 1e+010 1e+010</IKRotLimits>
                    <IKRotLimitOrder>0</IKRotLimitOrder>
                    <KeyFrames count="40">
                        <i>0.301122 0.853159 0.425965 -0.862735 0.0534527 0.502823 0.406219 -0.518906 0.752146 -1.43424 2.13307 -1.57387</i>
                        <i>0.331434 0.825489 0.456859 -0.859627 0.0646471 0.506816 0.388837 -0.560704 0.731038 -1.41662 2.1537 -1.58651</i>
                        <i>0.365252 0.792556 0.488309 -0.858764 0.0843948 0.505372 0.359325 -0.603931 0.711444 -1.39558 2.15053 -1.60304</i>
                        <i>0.393075 0.767114 0.506979 -0.859111 0.109863 0.499857 0.327749 -0.632033 0.702221 -1.37589 2.08557 -1.61904</i>
                        <i>0.410116 0.759474 0.50498 -0.857921 0.133371 0.496169 0.309477 -0.63672 0.706266 -1.36273 2.00209 -1.63049</i>
                        <i>0.40727 0.778726 0.477198 -0.857888 0.146945 0.492377 0.313305 -0.609913 0.727906 -1.3704 1.95391 -1.64716</i>
                        <i>0.387858 0.811746 0.436617 -0.86583 0.158429 0.474592 0.316075 -0.562111 0.764282 -1.40143 1.94768 -1.66875</i>
                        <i>0.364885 0.83615 0.409527 -0.881723 0.169058 0.440435 0.299036 -0.521798 0.798939 -1.44422 1.95249 -1.68658</i>
                        <i>0.348242 0.83512 0.425795 -0.895807 0.162667 0.413606 0.276148 -0.525465 0.804754 -1.49145 1.96443 -1.69521</i>
                        <i>0.336434 0.80815 0.483431 -0.898867 0.122509 0.420749 0.280804 -0.576095 0.767636 -1.53993 1.97864 -1.69497</i>
                        <i>0.327256 0.763189 0.557177 -0.89048 0.0518018 0.452065 0.316148 -0.644096 0.696557 -1.58524 1.991 -1.69086</i>
                        <i>0.322562 0.711725 0.62402 -0.872608 -0.0318466 0.487382 0.366755 -0.701736 0.610784 -1.62055 1.99832 -1.68793</i>
                        <i>0.314723 0.684523 0.657554 -0.853479 -0.0990641 0.511625 0.415359 -0.722229 0.553048 -1.64446 2.00329 -1.69509</i>
                        <i>0.306203 0.687545 0.658423 -0.842705 -0.125958 0.523434 0.442818 -0.715134 0.540829 -1.66018 2.01113 -1.71369</i>
                        <i>0.305073 0.702363 0.64313 -0.840624 -0.118749 0.528441 0.447529 -0.701844 0.554196 -1.66944 2.02199 -1.73637</i>
                        <i>0.304094 0.731393 0.610402 -0.841732 -0.0937671 0.531691 0.446111 -0.675479 0.587123 -1.6756 2.03506 -1.75741</i>
                        <i>0.302915 0.768108 0.564139 -0.844276 -0.0583091 0.532727 0.442086 -0.63766 0.630833 -1.68089 2.05035 -1.77132</i>
                        <i>0.301214 0.806242 0.509159 -0.846975 -0.0190885 0.53129 0.438067 -0.591277 0.677118 -1.6881 2.07032 -1.77639</i>
                        <i>0.296628 0.843046 0.448649 -0.849284 0.0180311 0.527629 0.436726 -0.537539 0.721334 -1.69624 2.09455 -1.77572</i>
                        <i>0.286619 0.876493 0.386794 -0.851335 0.0478427 0.522436 0.439406 -0.479032 0.759902 -1.70174 2.11877 -1.77085</i>
                        <i>0.249394 0.905837 0.342434 -0.86139 0.045925 0.505864 0.442504 -0.421129 0.791732 -1.69465 2.13902 -1.76577</i>
                        <i>0.211261 0.925623 0.313991 -0.870503 0.032083 0.491117 0.444515 -0.377084 0.812536 -1.6792 2.151 -1.75899</i>
                        <i>0.195103 0.940421 0.278467 -0.870539 0.0352646 0.490834 0.451771 -0.33818 0.825553 -1.65893 2.15528 -1.74476</i>
                        <i>0.182504 0.952105 0.245333 -0.870258 0.0403111 0.490945 0.457541 -0.303102 0.835934 -1.62757 2.1558 -1.72277</i>
                        <i>0.186308 0.952242 0.241919 -0.869437 0.045118 0.49198 0.457569 -0.301993 0.83632 -1.58836 2.15387 -1.694</i>
                        <i>0.208988 0.938522 0.274774 -0.868032 0.0486258 0.494122 0.450383 -0.341778 0.824829 -1.5454 2.15023 -1.6611</i>
                        <i>0.239178 0.915758 0.32277 -0.866306 0.0511276 0.49689 0.438529 -0.398463 0.805556 -1.50376 2.14518 -1.62868</i>
                        <i>0.269248 0.888202 0.372294 -0.864584 0.0526275 0.499724 0.424263 -0.456429 0.782095 -1.46823 2.13962 -1.60075</i>
                        <i>0.292082 0.86376 0.410618 -0.86326 0.0532991 0.501938 0.411669 -0.501077 0.761217 -1.44351 2.13499 -1.58122</i>
                        <i>0.301122 0.853159 0.425965 -0.862735 0.0534527 0.502823 0.406219 -0.518906 0.752146 -1.43424 2.13307 -1.57387</i>
                        <i>0.301122 0.853159 0.425965 -0.862735 0.0534527 0.502823 0.406219 -0.518906 0.752146 -1.43424 2.13307 -1.57387</i>
                        <i>0.301122 0.853159 0.425965 -0.862735 0.0534527 0.502823 0.406219 -0.518906 0.752146 -1.43424 2.13307 -1.57387</i>
                        <i>0.301122 0.853159 0.425965 -0.862735 0.0534527 0.502823 0.406219 -0.518906 0.752146 -1.43424 2.13307 -1.57387</i>
                        <i>0.301122 0.853159 0.425965 -0.862735 0.0534527 0.502823 0.406219 -0.518906 0.752146 -1.43424 2.13307 -1.57387</i>
                        <i>0.301122 0.853159 0.425965 -0.862735 0.0534527 0.502823 0.406219 -0.518906 0.752146 -1.43424 2.13307 -1.57387</i>
                        <i>0.301122 0.853159 0.425965 -0.862735 0.0534527 0.502823 0.406219 -0.518906 0.752146 -1.43424 2.13307 -1.57387</i>
                        <i>0.301122 0.853159 0.425965 -0.862735 0.0534527 0.502823 0.406219 -0.518906 0.752146 -1.43424 2.13307 -1.57387</i>
                        <i>0.301122 0.853159 0.425965 -0.862735 0.0534527 0.502823 0.406219 -0.518906 0.752146 -1.43424 2.13307 -1.57387</i>
                        <i>0.301122 0.853159 0.425965 -0.862735 0.0534527 0.502823 0.406219 -0.518906 0.752146 -1.43424 2.13307 -1.57387</i>
                        <i>0.301122 0.853159 0.425965 -0.862735 0.0534527 0.502823 0.406219 -0.518906 0.752146 -1.43424 2.13307 -1.57387</i>
                    </KeyFrames>
                </p>
            </i>
            <i>
                <p>
                    <Name><![CDATA[spine2]]></Name>
                    <Exclude>0</Exclude>
                    <Additive>0</Additive>
                    <IKPriority>0</IKPriority>
                    <IKRotLimits>-1e+010 -1e+010 -1e+010 1e+010 1e+010 1e+010</IKRotLimits>
                    <IKRotLimitOrder>0</IKRotLimitOrder>
                    <KeyFrames count="40">
                        <i>0.40452 0.426458 0.80901 -0.910047 0.10023 0.402205 0.0904363 -0.898937 0.428642 -1.38435 2.27437 -1.5031</i>
                        <i>0.390857 0.419059 0.819524 -0.916217 0.0918235 0.39002 0.0881897 -0.903304 0.419839 -1.36163 2.29058 -1.51052</i>
                        <i>0.371392 0.417892 0.829116 -0.925245 0.0921398 0.368011 0.0773944 -0.903812 0.420873 -1.33494 2.28201 -1.52177</i>
                        <i>0.359469 0.435904 0.825087 -0.930713 0.103534 0.350789 0.0674861 -0.894018 0.442919 -1.31013 2.21376 -1.53401</i>
                        <i>0.369972 0.470107 0.801324 -0.926499 0.122912 0.355657 0.0687044 -0.874009 0.481028 -1.29287 2.13126 -1.54424</i>
                        <i>0.411714 0.489127 0.768925 -0.908998 0.160313 0.384737 0.064917 -0.857353 0.510619 -1.29942 2.08935 -1.56373</i>
                        <i>0.462669 0.477395 0.747015 -0.886154 0.224472 0.405392 0.0258489 -0.849533 0.526902 -1.33228 2.09209 -1.59058</i>
                        <i>0.495047 0.43201 0.753854 -0.867551 0.293484 0.401524 -0.0477815 -0.85278 0.520079 -1.37761 2.10484 -1.61138</i>
                        <i>0.497536 0.362622 0.788012 -0.860743 0.319078 0.396625 -0.107612 -0.875611 0.470877 -1.42644 2.12002 -1.6152</i>
                        <i>0.487349 0.291572 0.82309 -0.867307 0.271025 0.417521 -0.101341 -0.91735 0.384966 -1.47641 2.13081 -1.60318</i>
                        <i>0.479528 0.221348 0.849151 -0.876416 0.169472 0.450748 -0.0441349 -0.960356 0.27526 -1.52357 2.13421 -1.58549</i>
                        <i>0.469265 0.170133 0.866514 -0.882226 0.0477371 0.468401 0.0383255 -0.984264 0.172497 -1.56061 2.1298 -1.57184</i>
                        <i>0.451086 0.168689 0.876393 -0.883596 -0.053798 0.465149 0.125614 -0.9842 0.124785 -1.58705 2.12733 -1.57518</i>
                        <i>0.43373 0.195352 0.879611 -0.882751 -0.103579 0.458282 0.180635 -0.975248 0.127522 -1.605 2.13419 -1.59516</i>
                        <i>0.42702 0.214309 0.878479 -0.883786 -0.106564 0.455596 0.191252 -0.970936 0.143898 -1.61478 2.147 -1.62127</i>
                        <i>0.422747 0.244852 0.872543 -0.886422 -0.0885672 0.454325 0.188521 -0.965507 0.179601 -1.62141 2.16463 -1.6487</i>
                        <i>0.420358 0.283848 0.861818 -0.889892 -0.0564993 0.452659 0.177179 -0.957203 0.228844 -1.62716 2.18588 -1.67127</i>
                        <i>0.419031 0.327779 0.846743 -0.893465 -0.0171843 0.448805 0.16166 -0.944598 0.285659 -1.6349 2.21207 -1.68642</i>
                        <i>0.416878 0.376305 0.82741 -0.896887 0.0224081 0.441691 0.14767 -0.926225 0.346844 -1.64409 2.2422 -1.69674</i>
                        <i>0.411786 0.428483 0.80426 -0.900435 0.0555586 0.431428 0.140176 -0.90184 0.408699 -1.65161 2.27156 -1.70305</i>
                        <i>0.386035 0.478949 0.788406 -0.9117 0.0677841 0.405227 0.140642 -0.875222 0.462825 -1.65139 2.29575 -1.70619</i>
                        <i>0.357926 0.522791 0.773679 -0.921344 0.0631159 0.383591 0.151707 -0.850121 0.504261 -1.64277 2.31032 -1.70464</i>
                        <i>0.344804 0.573672 0.742974 -0.92229 0.0598073 0.381843 0.174618 -0.816899 0.549714 -1.62546 2.31632 -1.69679</i>
                        <i>0.331646 0.623887 0.707655 -0.922767 0.0584913 0.380892 0.196242 -0.779322 0.595101 -1.59655 2.31744 -1.68087</i>
                        <i>0.330721 0.638764 0.694698 -0.922122 0.0621074 0.381882 0.200787 -0.766892 0.609558 -1.55695 2.31429 -1.65302</i>
                        <i>0.345629 0.609486 0.713489 -0.920104 0.0708252 0.385217 0.184251 -0.789627 0.58527 -1.51035 2.30756 -1.61482</i>
                        <i>0.366135 0.557848 0.744816 -0.917197 0.0811695 0.390079 0.157148 -0.825965 0.541375 -1.46382 2.29807 -1.57458</i>
                        <i>0.385625 0.498086 0.776662 -0.913935 0.0907508 0.395583 0.126552 -0.862366 0.490214 -1.42343 2.28736 -1.53861</i>
                        <i>0.39938 0.447693 0.800042 -0.911195 0.0976164 0.400242 0.101089 -0.888843 0.446922 -1.39506 2.27823 -1.51291</i>
                        <i>0.40452 0.426458 0.80901 -0.910047 0.10023 0.402205 0.0904363 -0.898937 0.428642 -1.38435 2.27437 -1.5031</i>
                        <i>0.40452 0.426458 0.80901 -0.910047 0.10023 0.402205 0.0904363 -0.898937 0.428642 -1.38435 2.27437 -1.5031</i>
                        <i>0.40452 0.426458 0.80901 -0.910047 0.10023 0.402205 0.0904363 -0.898937 0.428642 -1.38435 2.27437 -1.5031</i>
                        <i>0.40452 0.426458 0.80901 -0.910047 0.10023 0.402205 0.0904363 -0.898937 0.428642 -1.38435 2.27437 -1.5031</i>
                        <i>0.40452 0.426458 0.80901 -0.910047 0.10023 0.402205 0.0904363 -0.898937 0.428642 -1.38435 2.27437 -1.5031</i>
                        <i>0.40452 0.426458 0.80901 -0.910047 0.10023 0.402205 0.0904363 -0.898937 0.428642 -1.38435 2.27437 -1.5031</i>
                        <i>0.40452 0.426458 0.80901 -0.910047 0.10023 0.402205 0.0904363 -0.898937 0.428642 -1.38435 2.27437 -1.5031</i>
                        <i>0.40452 0.426458 0.80901 -0.910047 0.10023 0.402205 0.0904363 -0.898937 0.428642 -1.38435 2.27437 -1.5031</i>
                        <i>0.40452 0.426458 0.80901 -0.910047 0.10023 0.402205 0.0904363 -0.898937 0.428642 -1.38435 2.27437 -1.5031</i>
                        <i>0.40452 0.426458 0.80901 -0.910047 0.10023 0.402205 0.0904363 -0.898937 0.428642 -1.38435 2.27437 -1.5031</i>
                        <i>0.40452 0.426458 0.80901 -0.910047 0.10023 0.402205 0.0904363 -0.898937 0.428642 -1.38435 2.27437 -1.5031</i>
                    </KeyFrames>
                </p>
            </i>
            <i>
                <p>
                    <Name><![CDATA[head]]></Name>
                    <Exclude>0</Exclude>
                    <Additive>0</Additive>
                    <IKPriority>0</IKPriority>
                    <IKRotLimits>-1e+010 -1e+010 -1e+010 1e+010 1e+010 1e+010</IKRotLimits>
                    <IKRotLimitOrder>0</IKRotLimitOrder>
                    <KeyFrames count="40">
                        <i>0.0788212 0.985793 0.148321 -0.158825 0.159302 -0.97437 -0.984155 0.053244 0.169125 -1.282 2.3736 -1.28481</i>
                        <i>0.0495648 0.989824 0.133385 -0.135837 0.138988 -0.980934 -0.989491 0.0305013 0.141343 -1.26505 2.39189 -1.28995</i>
                        <i>0.0215895 0.994309 0.104321 -0.100227 0.105973 -0.989305 -0.99473 0.0109028 0.101945 -1.24627 2.38749 -1.29957</i>
                        <i>0.00264694 0.998567 0.0534445 -0.0749454 0.0534926 -0.995752 -0.997184 -0.00136971 0.0749797 -1.22648 2.32833 -1.31316</i>
                        <i>-0.00141761 0.999963 -0.00850158 -0.0857156 -0.00859184 -0.996283 -0.996319 -0.000683642 0.0857246 -1.20596 2.25846 -1.32855</i>
                        <i>0.0434304 0.998313 -0.0385407 -0.142688 -0.0319833 -0.989251 -0.988814 0.0484629 0.141058 -1.19679 2.22198 -1.35416</i>
                        <i>0.14892 0.988392 -0.0300826 -0.20025 0.000351975 -0.979745 -0.968361 0.151927 0.197978 -1.20908 2.21782 -1.38412</i>
                        <i>0.277822 0.9604 0.0211353 -0.212219 0.0828184 -0.973706 -0.936898 0.266032 0.226824 -1.24023 2.2119 -1.40054</i>
                        <i>0.358729 0.926197 0.116076 -0.185719 0.192685 -0.963525 -0.91478 0.324087 0.241135 -1.28618 2.20276 -1.39351</i>
                        <i>0.352301 0.909869 0.21914 -0.175327 0.294171 -0.939534 -0.919317 0.292577 0.263161 -1.3387 2.19247 -1.37246</i>
                        <i>0.291329 0.901578 0.319819 -0.193714 0.382994 -0.903211 -0.936804 0.201178 0.286225 -1.38885 2.17755 -1.34992</i>
                        <i>0.195498 0.896399 0.397805 -0.221819 0.435538 -0.872413 -0.955289 0.0823142 0.283985 -1.43091 2.16204 -1.33411</i>
                        <i>0.085363 0.902882 0.421328 -0.243857 0.428943 -0.869794 -0.966047 -0.0284957 0.25679 -1.46515 2.16257 -1.33623</i>
                        <i>0.0109838 0.913232 0.407292 -0.249443 0.396942 -0.883298 -0.968327 -0.0918941 0.232159 -1.49002 2.1785 -1.35569</i>
                        <i>-0.00867969 0.919628 0.392696 -0.241639 0.379143 -0.893231 -0.970327 -0.102644 0.218927 -1.50296 2.19641 -1.38197</i>
                        <i>-0.0121361 0.930883 0.365116 -0.228351 0.352914 -0.907363 -0.973503 -0.0943864 0.208285 -1.51189 2.22153 -1.41054</i>
                        <i>-0.00427982 0.944545 0.328354 -0.211996 0.320037 -0.923382 -0.977261 -0.0735616 0.19887 -1.51928 2.25202 -1.43525</i>
                        <i>0.0100233 0.958143 0.286113 -0.194685 0.282522 -0.939297 -0.980815 -0.046287 0.189368 -1.52822 2.28847 -1.45348</i>
                        <i>0.024388 0.970638 0.239307 -0.178716 0.239755 -0.954242 -0.983599 -0.0194959 0.179315 -1.53863 2.32995 -1.46791</i>
                        <i>0.0329915 0.981403 0.189103 -0.166286 0.191959 -0.967213 -0.985526 0.000464703 0.169526 -1.54783 2.37169 -1.47937</i>
                        <i>0.0323133 0.989666 0.139705 -0.159055 0.143089 -0.976846 -0.986741 0.00934429 0.162035 -1.55237 2.40804 -1.4871</i>
                        <i>0.0191577 0.995257 0.0953762 -0.158314 0.0972099 -0.982592 -0.987203 0.00372482 0.159425 -1.54876 2.43382 -1.48994</i>
                        <i>-0.00815203 0.999219 0.0386647 -0.16162 0.036841 -0.986165 -0.986819 -0.0142883 0.161194 -1.53474 2.45376 -1.48976</i>
                        <i>-0.0355461 0.999113 -0.022571 -0.163813 -0.0281049 -0.986091 -0.985851 -0.0313543 0.164667 -1.50939 2.4686 -1.4831</i>
                        <i>-0.0423204 0.998042 -0.0460537 -0.165132 -0.0524483 -0.984876 -0.985363 -0.0340754 0.167029 -1.47047 2.46951 -1.45918</i>
                        <i>-0.0229787 0.99954 -0.019798 -0.166445 -0.0233518 -0.985774 -0.985783 -0.0193565 0.166905 -1.42068 2.45493 -1.41711</i>
                        <i>0.00803047 0.999538 0.0293122 -0.166381 0.0302402 -0.985598 -0.986029 0.00303784 0.166547 -1.36966 2.43172 -1.37</i>
                        <i>0.0414366 0.995545 0.0846908 -0.164085 0.0903932 -0.982296 -0.985575 0.0268065 0.167099 -1.32505 2.40527 -1.32713</i>
                        <i>0.0680108 0.989211 0.129754 -0.160647 0.139216 -0.977145 -0.984666 0.0456118 0.168382 -1.29377 2.38298 -1.29648</i>
                        <i>0.0788212 0.985793 0.148321 -0.158825 0.159302 -0.97437 -0.984155 0.053244 0.169125 -1.282 2.3736 -1.28481</i>
                        <i>0.0788212 0.985793 0.148321 -0.158825 0.159302 -0.97437 -0.984155 0.053244 0.169125 -1.282 2.3736 -1.28481</i>
                        <i>0.0788212 0.985793 0.148321 -0.158825 0.159302 -0.97437 -0.984155 0.053244 0.169125 -1.282 2.3736 -1.28481</i>
                        <i>0.0788212 0.985793 0.148321 -0.158825 0.159302 -0.97437 -0.984155 0.053244 0.169125 -1.282 2.3736 -1.28481</i>
                        <i>0.0788212 0.985793 0.148321 -0.158825 0.159302 -0.97437 -0.984155 0.053244 0.169125 -1.282 2.3736 -1.28481</i>
                        <i>0.0788212 0.985793 0.148321 -0.158825 0.159302 -0.97437 -0.984155 0.053244 0.169125 -1.282 2.3736 -1.28481</i>
                        <i>0.0788212 0.985793 0.148321 -0.158825 0.159302 -0.97437 -0.984155 0.053244 0.169125 -1.282 2.3736 -1.28481</i>
                        <i>0.0788212 0.985793 0.148321 -0.158825 0.159302 -0.97437 -0.984155 0.053244 0.169125 -1.282 2.3736 -1.28481</i>
                        <i>0.0788212 0.985793 0.148321 -0.158825 0.159302 -0.97437 -0.984155 0.053244 0.169125 -1.282 2.3736 -1.28481</i>
                        <i>0.0788212 0.985793 0.148321 -0.158825 0.159302 -0.97437 -0.984155 0.053244 0.169125 -1.282 2.3736 -1.28481</i>
                        <i>0.0788212 0.985793 0.148321 -0.158825 0.159302 -0.97437 -0.984155 0.053244 0.169125 -1.282 2.3736 -1.28481</i>
                    </KeyFrames>
                </p>
            </i>
            <i>
                <p>
                    <Name><![CDATA[head_prop]]></Name>
                    <Exclude>0</Exclude>
                    <Additive>0</Additive>
                    <IKPriority>0</IKPriority>
                    <IKRotLimits>-1e+010 -1e+010 -1e+010 1e+010 1e+010 1e+010</IKRotLimits>
                    <IKRotLimitOrder>0</IKRotLimitOrder>
                    <KeyFrames count="40">
                        <i>0.984155 -0.053244 -0.169125 0.0788212 0.985793 0.148321 0.158825 -0.159302 0.97437 -1.25631 2.69487 -1.23648</i>
                        <i>0.989491 -0.0305013 -0.141343 0.0495648 0.989824 0.133385 0.135837 -0.138988 0.980934 -1.2489 2.71448 -1.24648</i>
                        <i>0.99473 -0.0109028 -0.101945 0.0215895 0.994309 0.104321 0.100227 -0.105973 0.989305 -1.23924 2.71155 -1.26557</i>
                        <i>0.997184 0.00136971 -0.0749797 0.00264694 0.998567 0.0534445 0.0749454 -0.0534926 0.995752 -1.22561 2.65377 -1.29574</i>
                        <i>0.996319 0.000683642 -0.0857246 -0.00141761 0.999963 -0.00850158 0.0857156 0.00859184 0.996283 -1.20642 2.58436 -1.33132</i>
                        <i>0.988814 -0.0484629 -0.141058 0.0434304 0.998313 -0.0385407 0.142688 0.0319833 0.989251 -1.18264 2.54734 -1.36672</i>
                        <i>0.968361 -0.151927 -0.197978 0.14892 0.988392 -0.0300826 0.20025 -0.000351975 0.979745 -1.16054 2.53994 -1.39392</i>
                        <i>0.936898 -0.266032 -0.226824 0.277822 0.9604 0.0211353 0.212219 -0.0828184 0.973706 -1.14969 2.5249 -1.39365</i>
                        <i>0.91478 -0.324087 -0.241135 0.358729 0.926197 0.116076 0.185719 -0.192685 0.963525 -1.16926 2.50461 -1.35568</i>
                        <i>0.919317 -0.292577 -0.263161 0.352301 0.909869 0.21914 0.175327 -0.294171 0.939534 -1.22388 2.489 -1.30104</i>
                        <i>0.936804 -0.201178 -0.286225 0.291329 0.901578 0.319819 0.193714 -0.382994 0.903211 -1.2939 2.47139 -1.24569</i>
                        <i>0.955289 -0.0823142 -0.283985 0.195498 0.896399 0.397805 0.221819 -0.435538 0.872413 -1.36719 2.45418 -1.20446</i>
                        <i>0.966047 0.0284957 -0.25679 0.085363 0.902882 0.421328 0.243857 -0.428943 0.869794 -1.43733 2.45683 -1.19891</i>
                        <i>0.968327 0.0918941 -0.232159 0.0109838 0.913232 0.407292 0.249443 -0.396942 0.883298 -1.48644 2.47613 -1.22295</i>
                        <i>0.970327 0.102644 -0.218927 -0.00867969 0.919628 0.392696 0.241639 -0.379143 0.893231 -1.50579 2.49612 -1.25398</i>
                        <i>0.973503 0.0943864 -0.208285 -0.0121361 0.930883 0.365116 0.228351 -0.352914 0.907363 -1.51585 2.52492 -1.29155</i>
                        <i>0.977261 0.0735616 -0.19887 -0.00427982 0.944545 0.328354 0.211996 -0.320037 0.923382 -1.52067 2.55986 -1.32824</i>
                        <i>0.980815 0.046287 -0.189368 0.0100233 0.958143 0.286113 0.194685 -0.282522 0.939297 -1.52495 2.60073 -1.36024</i>
                        <i>0.983599 0.0194959 -0.179315 0.024388 0.970638 0.239307 0.178716 -0.239755 0.954242 -1.53068 2.64629 -1.38992</i>
                        <i>0.985526 -0.000464703 -0.169526 0.0329915 0.981403 0.189103 0.166286 -0.191959 0.967213 -1.53708 2.69154 -1.41774</i>
                        <i>0.986741 -0.00934429 -0.162035 0.0323133 0.989666 0.139705 0.159055 -0.143089 0.976846 -1.54184 2.73058 -1.44157</i>
                        <i>0.987203 -0.00372482 -0.159425 0.0191577 0.995257 0.0953762 0.158314 -0.0972099 0.982592 -1.54252 2.75818 -1.45886</i>
                        <i>0.986819 0.0142883 -0.161194 -0.00815203 0.999219 0.0386647 0.16162 -0.036841 0.986165 -1.5374 2.77941 -1.47716</i>
                        <i>0.985851 0.0313543 -0.164667 -0.0355461 0.999113 -0.022571 0.163813 0.0281049 0.986091 -1.52097 2.79422 -1.49046</i>
                        <i>0.985363 0.0340754 -0.167029 -0.0423204 0.998042 -0.0460537 0.165132 0.0524483 0.984876 -1.48426 2.79478 -1.47419</i>
                        <i>0.985783 0.0193565 -0.166905 -0.0229787 0.99954 -0.019798 0.166445 0.0233518 0.985774 -1.42817 2.78069 -1.42356</i>
                        <i>0.986029 -0.00303784 -0.166547 0.00803047 0.999538 0.0293122 0.166381 -0.0302402 0.985598 -1.36704 2.75748 -1.36045</i>
                        <i>0.985575 -0.0268065 -0.167099 0.0414366 0.995545 0.0846908 0.164085 -0.0903932 0.982296 -1.31154 2.72972 -1.29953</i>
                        <i>0.984666 -0.0456118 -0.168382 0.0680108 0.989211 0.129754 0.160647 -0.139216 0.977145 -1.2716 2.70537 -1.25419</i>
                        <i>0.984155 -0.053244 -0.169125 0.0788212 0.985793 0.148321 0.158825 -0.159302 0.97437 -1.25631 2.69487 -1.23648</i>
                        <i>0.984155 -0.053244 -0.169125 0.0788212 0.985793 0.148321 0.158825 -0.159302 0.97437 -1.25631 2.69487 -1.23648</i>
                        <i>0.984155 -0.053244 -0.169125 0.0788212 0.985793 0.148321 0.158825 -0.159302 0.97437 -1.25631 2.69487 -1.23648</i>
                        <i>0.984155 -0.053244 -0.169125 0.0788212 0.985793 0.148321 0.158825 -0.159302 0.97437 -1.25631 2.69487 -1.23648</i>
                        <i>0.984155 -0.053244 -0.169125 0.0788212 0.985793 0.148321 0.158825 -0.159302 0.97437 -1.25631 2.69487 -1.23648</i>
                        <i>0.984155 -0.053244 -0.169125 0.0788212 0.985793 0.148321 0.158825 -0.159302 0.97437 -1.25631 2.69487 -1.23648</i>
                        <i>0.984155 -0.053244 -0.169125 0.0788212 0.985793 0.148321 0.158825 -0.159302 0.97437 -1.25631 2.69487 -1.23648</i>
                        <i>0.984155 -0.053244 -0.169125 0.0788212 0.985793 0.148321 0.158825 -0.159302 0.97437 -1.25631 2.69487 -1.23648</i>
                        <i>0.984155 -0.053244 -0.169125 0.0788212 0.985793 0.148321 0.158825 -0.159302 0.97437 -1.25631 2.69487 -1.23648</i>
                        <i>0.984155 -0.053244 -0.169125 0.0788212 0.985793 0.148321 0.158825 -0.159302 0.97437 -1.25631 2.69487 -1.23648</i>
                        <i>0.984155 -0.053244 -0.169125 0.0788212 0.985793 0.148321 0.158825 -0.159302 0.97437 -1.25631 2.69487 -1.23648</i>
                    </KeyFrames>
                </p>
            </i>
            <i>
                <p>
                    <Name><![CDATA[l_clav]]></Name>
                    <Exclude>0</Exclude>
                    <Additive>0</Additive>
                    <IKPriority>0</IKPriority>
                    <IKRotLimits>-1e+010 -1e+010 -1e+010 1e+010 1e+010 1e+010</IKRotLimits>
                    <IKRotLimitOrder>0</IKRotLimitOrder>
                    <KeyFrames count="40">
                        <i>0.894296 0.447465 0.00316263 -0.196063 0.385475 0.901648 0.402236 -0.80696 0.43246 -1.27614 2.27553 -1.48017</i>
                        <i>0.84918 0.525009 0.0570927 -0.284162 0.363125 0.887351 0.445136 -0.769744 0.457546 -1.25131 2.29079 -1.48335</i>
                        <i>0.786652 0.607526 0.109957 -0.384422 0.342617 0.857224 0.483113 -0.716607 0.503067 -1.22261 2.28096 -1.48905</i>
                        <i>0.722837 0.679544 0.125407 -0.462028 0.340325 0.818968 0.513846 -0.649922 0.559968 -1.19594 2.21268 -1.4962</i>
                        <i>0.683585 0.724313 0.0899076 -0.487703 0.36165 0.794579 0.543008 -0.58701 0.600468 -1.17682 2.13182 -1.5044</i>
                        <i>0.711886 0.701452 0.0344019 -0.434879 0.401825 0.805864 0.551451 -0.588644 0.591101 -1.1835 2.08932 -1.52747</i>
                        <i>0.80014 0.599804 -0.00330763 -0.331799 0.447202 0.830614 0.499684 -0.66351 0.556839 -1.2199 2.08746 -1.55934</i>
                        <i>0.893206 0.449647 0.00106861 -0.232429 0.459675 0.857132 0.384916 -0.765844 0.515095 -1.27065 2.09435 -1.58239</i>
                        <i>0.948558 0.314983 0.0320061 -0.169209 0.418915 0.892121 0.267595 -0.851643 0.450662 -1.3231 2.10603 -1.58611</i>
                        <i>0.965959 0.255121 0.0428528 -0.132742 0.346626 0.928564 0.222042 -0.902643 0.368692 -1.37281 2.11681 -1.57476</i>
                        <i>0.966334 0.255355 0.0314897 -0.100997 0.263909 0.959245 0.236637 -0.930132 0.280814 -1.41775 2.1224 -1.55953</i>
                        <i>0.954487 0.29778 0.0167703 -0.0814403 0.206127 0.97513 0.286917 -0.932115 0.220997 -1.45188 2.12189 -1.54803</i>
                        <i>0.933621 0.358258 -0.00194581 -0.0783337 0.209432 0.974681 0.349595 -0.909829 0.223594 -1.4757 2.12534 -1.55144</i>
                        <i>0.919938 0.390788 -0.0316043 -0.0733602 0.250758 0.965266 0.38514 -0.885666 0.25935 -1.49212 2.13721 -1.57041</i>
                        <i>0.920814 0.384979 -0.0624026 -0.0548643 0.286282 0.956573 0.386125 -0.877402 0.284734 -1.50115 2.15169 -1.596</i>
                        <i>0.919809 0.380988 -0.093806 -0.0366945 0.321556 0.946179 0.390647 -0.866862 0.309751 -1.50721 2.17049 -1.62311</i>
                        <i>0.915136 0.381979 -0.128915 -0.015448 0.352762 0.935585 0.40285 -0.854196 0.328726 -1.51257 2.19264 -1.64559</i>
